{
"metadata": {
    "version": {
        "essentia": "2.1-beta5",
        "essentia_git_sha": "Undefined",
        "extractor": "music 2.0"
    },
    "audio_properties": {
        "analysis": {
            "equal_loudness": 0,
            "length": 48.7502937317,
            "sample_rate": 44100,
            "start_time": 29.0017242432,
            "downmix": "mix"
        },
        "bit_rate": 192000,
        "length": 286.952209473,
        "lossless": 0,
        "number_channels": 1,
        "replay_gain": -6.95293235779,
        "sample_rate": 48000,
        "codec": "mp3",
        "md5_encoded": "0760747dd8e288b2b33af5f4abe48b14"
    },
    "tags": {
        "file_name": "Turkey_Sufi_MFÖ.mp3",
        "encoding": ["Lavf58.29.100"]
    }
},
"lowlevel": {
    "average_loudness": 0.591266036034,
    "barkbands_crest": {
        "max": 25.8145694733,
        "mean": 11.5559635162,
        "min": 3.08571624756,
        "stdev": 4.54250144958
    },
    "barkbands_flatness_db": {
        "max": 0.446070671082,
        "mean": 0.234188631177,
        "min": 0.0664678961039,
        "stdev": 0.0707009062171
    },
    "barkbands_kurtosis": {
        "max": 210.363601685,
        "mean": 6.16107416153,
        "min": -1.86920058727,
        "stdev": 10.451830864
    },
    "barkbands_skewness": {
        "max": 11.9012975693,
        "mean": 1.53306257725,
        "min": -5.22745418549,
        "stdev": 1.47206914425
    },
    "barkbands_spread": {
        "max": 81.5212860107,
        "mean": 10.7146024704,
        "min": 0.652557194233,
        "stdev": 8.75734519958
    },
    "dissonance": {
        "max": 0.499999970198,
        "mean": 0.429875969887,
        "min": 0.157624661922,
        "stdev": 0.0597400814295
    },
    "dynamic_complexity": 7.68676805496,
    "erbbands_crest": {
        "max": 32.4600944519,
        "mean": 12.3774747849,
        "min": 3.1304705143,
        "stdev": 5.37543916702
    },
    "erbbands_flatness_db": {
        "max": 0.449937939644,
        "mean": 0.281354904175,
        "min": 0.120945326984,
        "stdev": 0.0697606801987
    },
    "erbbands_kurtosis": {
        "max": 37.5594139099,
        "mean": 2.13012218475,
        "min": -1.89620649815,
        "stdev": 4.09534454346
    },
    "erbbands_skewness": {
        "max": 4.93781518936,
        "mean": 0.703617572784,
        "min": -4.63694047928,
        "stdev": 1.14653718472
    },
    "erbbands_spread": {
        "max": 105.889839172,
        "mean": 20.5038852692,
        "min": 1.02759087086,
        "stdev": 13.1966238022
    },
    "hfc": {
        "max": 104.589073181,
        "mean": 7.62042236328,
        "min": 0.00811810605228,
        "stdev": 12.621556282
    },
    "loudness_ebu128": {
        "integrated": -22.7025489807,
        "loudness_range": 5.09959793091,
        "momentary": {
            "max": -15.6602334976,
            "mean": -26.5492630005,
            "min": -50.5249862671,
            "stdev": 7.48262214661
        },
        "short_term": {
            "max": -19.2169513702,
            "mean": -24.5069141388,
            "min": -47.8748703003,
            "stdev": 4.8831038475
        }
    },
    "melbands_crest": {
        "max": 32.5831336975,
        "mean": 13.9321889877,
        "min": 3.20867562294,
        "stdev": 5.4063243866
    },
    "melbands_flatness_db": {
        "max": 0.529295682907,
        "mean": 0.272772997618,
        "min": 0.0270692687482,
        "stdev": 0.0818114578724
    },
    "melbands_kurtosis": {
        "max": 301.459411621,
        "mean": 10.4502258301,
        "min": -1.8591889143,
        "stdev": 17.7851047516
    },
    "melbands_skewness": {
        "max": 14.0731487274,
        "mean": 1.98926985264,
        "min": -3.14585614204,
        "stdev": 1.6009606123
    },
    "melbands_spread": {
        "max": 251.958312988,
        "mean": 16.384147644,
        "min": 0.706832408905,
        "stdev": 21.4290561676
    },
    "pitch_salience": {
        "max": 0.92095720768,
        "mean": 0.628341495991,
        "min": 0.0817615911365,
        "stdev": 0.134786009789
    },
    "silence_rate_20dB": {
        "max": 1,
        "mean": 1,
        "min": 1,
        "stdev": 0
    },
    "silence_rate_30dB": {
        "max": 1,
        "mean": 0.992384552956,
        "min": 0,
        "stdev": 0.0869343131781
    },
    "silence_rate_60dB": {
        "max": 1,
        "mean": 0.500238001347,
        "min": 0,
        "stdev": 0.500000357628
    },
    "spectral_centroid": {
        "max": 5562.99462891,
        "mean": 939.118103027,
        "min": 213.560317993,
        "stdev": 628.327636719
    },
    "spectral_complexity": {
        "max": 33,
        "mean": 6.98905277252,
        "min": 0,
        "stdev": 5.89769458771
    },
    "spectral_decrease": {
        "max": -2.99845586728e-12,
        "mean": -3.26083138269e-09,
        "min": -4.02456308279e-08,
        "stdev": 5.32114485807e-09
    },
    "spectral_energy": {
        "max": 0.160960167646,
        "mean": 0.012998313643,
        "min": 1.22101400848e-05,
        "stdev": 0.0211896207184
    },
    "spectral_energyband_high": {
        "max": 0.00335520436056,
        "mean": 1.95450884348e-05,
        "min": 4.0151451941e-08,
        "stdev": 0.000141560391057
    },
    "spectral_energyband_low": {
        "max": 0.00654385751113,
        "mean": 0.000229109558859,
        "min": 1.81265704668e-07,
        "stdev": 0.000551679986529
    },
    "spectral_energyband_middle_high": {
        "max": 0.0675222575665,
        "mean": 0.0016965091927,
        "min": 1.7197754687e-06,
        "stdev": 0.00376019766554
    },
    "spectral_energyband_middle_low": {
        "max": 0.143611162901,
        "mean": 0.0111960703507,
        "min": 4.83571284349e-06,
        "stdev": 0.01910321787
    },
    "spectral_entropy": {
        "max": 8.68743610382,
        "mean": 6.88163518906,
        "min": 5.30960130692,
        "stdev": 0.534710049629
    },
    "spectral_flux": {
        "max": 0.334809660912,
        "mean": 0.0614568665624,
        "min": 0.0022379627917,
        "stdev": 0.0564989894629
    },
    "spectral_kurtosis": {
        "max": 129.714309692,
        "mean": 16.4312763214,
        "min": -1.19793248177,
        "stdev": 16.9997787476
    },
    "spectral_rms": {
        "max": 0.012531333603,
        "mean": 0.00261759152636,
        "min": 0.000109143627924,
        "stdev": 0.00241443817504
    },
    "spectral_rolloff": {
        "max": 9582.27539062,
        "mean": 1098.24353027,
        "min": 86.1328125,
        "stdev": 989.535827637
    },
    "spectral_skewness": {
        "max": 8.22410106659,
        "mean": 2.44754242897,
        "min": -0.533794760704,
        "stdev": 1.24109876156
    },
    "spectral_spread": {
        "max": 8806244,
        "mean": 2366462.75,
        "min": 559659.125,
        "stdev": 994796.5
    },
    "spectral_strongpeak": {
        "max": 6.50215816498,
        "mean": 0.889044165611,
        "min": 0,
        "stdev": 1.06937849522
    },
    "zerocrossingrate": {
        "max": 0.34521484375,
        "mean": 0.0415557324886,
        "min": 0.00830078125,
        "stdev": 0.0293524153531
    },
    "barkbands": {
        "max": [6.13744196016e-05, 0.00551513629034, 0.00214161770418, 0.00253648124635, 0.0195402987301, 0.0752408355474, 0.108235143125, 0.0847599804401, 0.0577362962067, 0.0297538824379, 0.0115435253829, 0.00992466509342, 0.023407632485, 0.0069754710421, 0.0056339954026, 0.00332078640349, 0.00194989365991, 0.0017812269507, 0.000655857904349, 0.00114100554492, 0.00193430529907, 0.000991716631688, 0.00126715900842, 0.000617393932771, 8.53071978781e-05, 1.20266809844e-08, 1.26367663e-08],
        "mean": [3.7448569401e-06, 0.00014547345927, 4.95807689731e-05, 7.94677398517e-05, 0.000743095180951, 0.00223535276018, 0.00399393355474, 0.00245383754373, 0.00145672168583, 0.000582684355322, 0.000241414643824, 0.000211693302845, 0.000258684944129, 0.00018234012532, 0.000116321483802, 0.000102500271169, 6.7375251092e-05, 3.30816801579e-05, 1.89887323359e-05, 5.85989027968e-06, 4.58218028143e-06, 4.02247042075e-06, 4.076800451e-06, 3.25199198414e-06, 2.45923757802e-07, 4.32073599121e-10, 4.68554639532e-10],
        "min": [3.0863112066e-09, 3.36225589592e-08, 5.46615286368e-09, 6.24829477047e-09, 2.58460886471e-07, 6.76254643395e-08, 4.50016159448e-07, 1.58441224585e-07, 1.14855907896e-07, 1.49530038129e-07, 1.01851753698e-07, 1.14995572176e-07, 9.58450243616e-08, 1.03995098755e-07, 7.45654773482e-08, 9.35411037517e-08, 9.51949772343e-08, 8.90735094572e-08, 2.09218331548e-08, 8.47414316496e-09, 6.37635455547e-09, 2.90756951848e-09, 4.81860729096e-09, 4.51615678188e-09, 2.09465431111e-10, 4.2823640467e-11, 5.8817305193e-11],
        "stdev": [7.01608223608e-06, 0.000475904264022, 0.000133621753776, 0.000183612777619, 0.001463480643, 0.00594974681735, 0.0104653779417, 0.00679516512901, 0.00447137700394, 0.00204442348331, 0.000654242641758, 0.000723085424397, 0.00097935507074, 0.000520481029525, 0.000346740183886, 0.000269523909083, 0.000150939260493, 9.36076394282e-05, 4.77273206343e-05, 3.00145566143e-05, 4.70988925372e-05, 3.81111822207e-05, 4.43962890131e-05, 3.24773354805e-05, 3.05497178488e-06, 8.57815318778e-10, 9.12172892775e-10]
    },
    "erbbands": {
        "max": [0.113879077137, 1.42024481297, 2.09854483604, 4.76372623444, 17.0984172821, 82.5155563354, 391.364776611, 942.663146973, 1601.83984375, 1478.83874512, 1921.4329834, 1178.7611084, 1074.03857422, 695.055725098, 580.348510742, 406.019012451, 1293.56872559, 497.126708984, 253.69203186, 224.924743652, 184.484329224, 98.7217559814, 105.355178833, 79.6086502075, 8.4522485733, 58.4563560486, 37.8908996582, 91.5454788208, 37.2069816589, 50.0152397156, 30.0528755188, 20.2569637299, 7.64967155457, 1.64860522747, 0.190033316612, 0.00494696991518, 0.000288578390609, 4.42993514298e-05, 8.10168203316e-05, 0.000184267046279],
        "mean": [0.00331081217155, 0.0352278761566, 0.065099850297, 0.169737935066, 0.804546117783, 2.88735890388, 8.55565071106, 22.2795391083, 54.6666793823, 53.105884552, 51.3051986694, 33.1290054321, 22.8161811829, 13.5603084564, 9.78250408173, 8.94685173035, 12.7851457596, 10.3055286407, 6.85541725159, 6.42605113983, 4.97705936432, 3.61087989807, 2.01716184616, 1.45940506458, 0.507199048996, 0.292541563511, 0.201248303056, 0.17309987545, 0.143015176058, 0.149562194943, 0.107305295765, 0.0927126035094, 0.0345771200955, 0.00619059056044, 0.000455879810033, 2.37240328715e-05, 6.54093992125e-06, 1.59457204063e-06, 6.54068162476e-06, 1.48548288053e-05],
        "min": [3.61764875834e-07, 1.15881593956e-05, 1.25110836962e-05, 3.7192923628e-05, 0.00015264817921, 0.000551186269149, 0.000612482719589, 0.000710937310942, 0.00584133574739, 0.00772473821416, 0.00418039318174, 0.0024484442547, 0.0069205891341, 0.00653474638239, 0.0056597632356, 0.00578342378139, 0.00576324062422, 0.00657680630684, 0.00452621560544, 0.00514564244077, 0.00597230903804, 0.00599698862061, 0.00637698313221, 0.00414593843743, 0.00188819726463, 0.00056353432592, 0.000422565033659, 0.000239477551077, 0.000135782611324, 0.00011518473184, 0.00012515510025, 0.00012300797971, 5.59437503398e-05, 1.16323408292e-05, 9.01148609955e-07, 2.31023477681e-07, 1.14285064967e-07, 4.0614065e-08, 1.88306223947e-08, 1.55365746934e-08],
        "stdev": [0.0095601985231, 0.120613992214, 0.167873814702, 0.357701957226, 1.32646489143, 6.4949889183, 22.4838809967, 63.0169792175, 149.12953186, 134.120117188, 139.298980713, 99.2819442749, 78.8586120605, 39.1543388367, 26.7378959656, 28.2902164459, 50.6348686218, 29.4263210297, 19.212978363, 16.8279819489, 12.7045726776, 7.82929372787, 5.16382932663, 4.29768037796, 0.903371334076, 1.50321650505, 1.14550220966, 2.19475793839, 1.32102775574, 1.82039391994, 1.06993281841, 0.997940659523, 0.31598725915, 0.068032220006, 0.00656271772459, 0.00018125702627, 1.57401573233e-05, 3.20313552038e-06, 1.04220171124e-05, 2.41020479734e-05]
    },
    "gfcc": {
        "mean": [-188.128860474, 164.885604858, -165.942306519, 12.3541135788, -68.8022537231, -10.9390668869, -36.1399917603, -12.6189470291, 3.95630288124, -22.0517635345, 11.4456348419, -15.5032243729, 2.22797703743],
        "cov": [[6846.17529297, 579.271240234, -301.644744873, -1152.32446289, -380.429779053, -803.207702637, -194.012405396, -277.064727783, 344.655822754, 4.57311344147, 38.8943481445, -102.034057617, 15.9191980362], [579.271240234, 893.561706543, 44.9329147339, -733.518432617, 163.051376343, -447.823272705, -25.6846103668, -38.4552116394, 86.6863250732, 7.99357414246, 45.1410102844, 57.3659820557, -28.5977573395], [-301.644744873, 44.9329147339, 660.745300293, 430.022674561, -133.115325928, 139.958221436, -13.384636879, -40.7563667297, -49.7121276855, -22.2272949219, -5.03568935394, -7.30689144135, 63.8192176819], [-1152.32446289, -733.518432617, 430.022674561, 1521.14953613, -12.9917421341, 642.826660156, 6.69412231445, 4.83449649811, -120.60848999, -69.6801376343, -45.2493858337, -115.373458862, 84.4788665771], [-380.429779053, 163.051376343, -133.115325928, -12.9917421341, 426.296936035, -29.0644779205, -32.2259674072, 59.547504425, 29.1097698212, 13.6894330978, 3.74178481102, 18.6162128448, -49.6704978943], [-803.207702637, -447.823272705, 139.958221436, 642.826660156, -29.0644779205, 660.132263184, 169.875823975, 21.0488643646, -95.3722839355, -21.3739433289, -36.6301460266, -111.838516235, 9.32685375214], [-194.012405396, -25.6846103668, -13.384636879, 6.69412231445, -32.2259674072, 169.875823975, 255.011489868, 67.1857070923, -52.1134338379, -6.57176113129, -4.42574214935, -27.3478126526, -22.753780365], [-277.064727783, -38.4552116394, -40.7563667297, 4.83449649811, 59.547504425, 21.0488643646, 67.1857070923, 187.259338379, 55.2988700867, -0.778324663639, 9.77248001099, 38.7345809937, -4.14020299911], [344.655822754, 86.6863250732, -49.7121276855, -120.60848999, 29.1097698212, -95.3722839355, -52.1134338379, 55.2988700867, 185.421234131, 72.9450683594, 4.52982330322, 23.8528556824, 15.254732132], [4.57311344147, 7.99357414246, -22.2272949219, -69.6801376343, 13.6894330978, -21.3739433289, -6.57176113129, -0.778324663639, 72.9450683594, 134.067337036, 43.2098693848, 3.74898767471, -8.97639369965], [38.8943481445, 45.1410102844, -5.03568935394, -45.2493858337, 3.74178481102, -36.6301460266, -4.42574214935, 9.77248001099, 4.52982330322, 43.2098693848, 120.518569946, 53.2940788269, -1.96891760826], [-102.034057617, 57.3659820557, -7.30689144135, -115.373458862, 18.6162128448, -111.838516235, -27.3478126526, 38.7345809937, 23.8528556824, 3.74898767471, 53.2940788269, 133.913787842, 47.8875961304], [15.9191980362, -28.5977573395, 63.8192176819, 84.4788665771, -49.6704978943, 9.32685375214, -22.753780365, -4.14020299911, 15.254732132, -8.97639369965, -1.96891760826, 47.8875961304, 115.175926208]],
        "icov": [[0.000311184267048, 0.000402104284149, -0.000170788407559, 0.000313831755193, -7.38375092624e-05, 0.000466765486635, -0.000424383324571, 0.000790330290329, -0.00121320143808, 0.00105898804031, -0.000911287206691, 0.00111746496987, -0.000440771749709], [0.000402104284149, 0.00630540028214, -0.00358631485142, 0.00329780089669, -0.00397559581324, 0.00300355092622, -0.00347224366851, 0.00381425931118, -0.0048905974254, 0.00536892889068, -0.0048182150349, 0.0050472188741, -0.00254293926992], [-0.000170788407559, -0.00358631485142, 0.00412642536685, -0.00253542186692, 0.00287158996798, -0.00144976447336, 0.00186801550444, -0.00173196964897, 0.00274945329875, -0.00306268059649, 0.00271215499379, -0.00316787138581, 0.00112956832163], [0.000313831755193, 0.00329780089669, -0.00253542186692, 0.00345458765514, -0.0023085414432, 0.000142351127579, -0.00063668738585, 0.00139653403312, -0.00226789293811, 0.00335461040959, -0.00312158861198, 0.00405761646107, -0.0026148147881], [-7.38375092624e-05, -0.00397559581324, 0.00287158996798, -0.0023085414432, 0.00555398175493, -0.00176693289541, 0.00276770512573, -0.00289330724627, 0.00259520043619, -0.00335124391131, 0.00323254615068, -0.00380894378759, 0.00314026651904], [0.000466765486635, 0.00300355092622, -0.00144976447336, 0.000142351127579, -0.00176693289541, 0.00558595219627, -0.00419671786949, 0.0023606675677, -0.0027178558521, 0.00264914822765, -0.00286266137846, 0.00476249307394, -0.00204105698504], [-0.000424383324571, -0.00347224366851, 0.00186801550444, -0.00063668738585, 0.00276770512573, -0.00419671786949, 0.00922922790051, -0.00614161929116, 0.00622863369063, -0.00459125451744, 0.00323236943223, -0.00235633132979, 0.00161657750141], [0.000790330290329, 0.00381425931118, -0.00173196964897, 0.00139653403312, -0.00289330724627, 0.0023606675677, -0.00614161929116, 0.0126205338165, -0.00939149409533, 0.00705628283322, -0.00414250558242, 0.000661765341647, 2.24715513468e-05], [-0.00121320143808, -0.0048905974254, 0.00274945329875, -0.00226789293811, 0.00259520043619, -0.0027178558521, 0.00622863369063, -0.00939149409533, 0.017358450219, -0.0126124126837, 0.00775643344969, -0.00522574409842, 0.000348840054357], [0.00105898804031, 0.00536892889068, -0.00306268059649, 0.00335461040959, -0.00335124391131, 0.00264914822765, -0.00459125451744, 0.00705628283322, -0.0126124126837, 0.0189034976065, -0.0108000645414, 0.00770896254107, -0.00213602604344], [-0.000911287206691, -0.0048182150349, 0.00271215499379, -0.00312158861198, 0.00323254615068, -0.00286266137846, 0.00323236943223, -0.00414250558242, 0.00775643344969, -0.0108000645414, 0.0179250184447, -0.0122900800779, 0.00537928706035], [0.00111746496987, 0.0050472188741, -0.00316787138581, 0.00405761646107, -0.00380894378759, 0.00476249307394, -0.00235633132979, 0.000661765341647, -0.00522574409842, 0.00770896254107, -0.0122900800779, 0.0228585787117, -0.0110133532435], [-0.000440771749709, -0.00254293926992, 0.00112956832163, -0.0026148147881, 0.00314026651904, -0.00204105698504, 0.00161657750141, 2.24715513468e-05, 0.000348840054357, -0.00213602604344, 0.00537928706035, -0.0110133532435, 0.015702009201]]
    },
    "melbands": {
        "max": [0.00134727428667, 0.00118469144218, 0.00107064214535, 0.00282475817949, 0.010722912848, 0.0183539856225, 0.0218317881227, 0.0156368799508, 0.0127477487549, 0.00883364956826, 0.00504152383655, 0.00309182028286, 0.00158686970826, 0.00103216536809, 0.00170736515429, 0.00275322957896, 0.000792658713181, 0.000486953125801, 0.000517283158842, 0.000220486879698, 0.000182797273737, 0.000122945682961, 0.000150557272718, 7.74492073106e-05, 7.2024675319e-05, 1.31604729177e-05, 7.9144283518e-06, 5.22291084053e-05, 1.49118932313e-05, 5.10181125719e-05, 5.0022819778e-05, 1.96144937945e-05, 3.36507946486e-05, 3.13186683343e-05, 1.94549720618e-05, 1.36459748319e-05, 1.48609206008e-05, 6.34612661088e-06, 2.62165303866e-06, 1.29327941067e-06],
        "mean": [3.6296169128e-05, 3.9251648559e-05, 4.45522018708e-05, 0.000125598235172, 0.000267663446721, 0.000512468803208, 0.000828978430945, 0.00057187670609, 0.000399983720854, 0.000194243562873, 0.000110303255497, 5.56563827558e-05, 3.4091539419e-05, 2.30851219385e-05, 2.53779235209e-05, 2.67089963017e-05, 1.80603819899e-05, 1.12926309157e-05, 8.68114693731e-06, 7.96220138e-06, 5.41862118553e-06, 4.03439980801e-06, 2.36135861087e-06, 1.48949516188e-06, 1.1848566146e-06, 5.55417045689e-07, 1.71020289486e-07, 1.95591042029e-07, 1.32698986022e-07, 1.11424000693e-07, 9.11744777454e-08, 6.87693031409e-08, 9.47519041006e-08, 8.23080057444e-08, 6.39249293499e-08, 5.38766400382e-08, 5.92577613645e-08, 2.71927014239e-08, 1.11465299213e-08, 3.11679149156e-09],
        "min": [6.63765398201e-09, 1.36635200931e-08, 8.57062776305e-09, 3.5138253196e-08, 2.93087989434e-08, 1.56453214828e-08, 1.11753372778e-07, 7.28406561734e-08, 2.89019475019e-08, 1.32806503572e-08, 2.45524027775e-08, 2.10190869154e-08, 1.89673148299e-08, 1.89998825562e-08, 7.45132755497e-09, 8.91441676032e-09, 1.14591269806e-08, 5.34102273519e-09, 6.43518127674e-09, 5.75075542741e-09, 4.32710267617e-09, 5.01390884367e-09, 5.29772803404e-09, 3.16627035701e-09, 3.07856939941e-09, 8.001185825e-10, 1.11697949501e-10, 2.34727765003e-10, 1.80587461651e-10, 1.48222448204e-10, 1.01975407285e-10, 5.67444216615e-11, 6.5968744356e-11, 4.94067599333e-11, 4.91992939444e-11, 6.34854946391e-11, 5.37700335645e-11, 4.40917441447e-11, 1.31578029722e-11, 1.69590253299e-12],
        "stdev": [0.000114847454824, 0.000104524173366, 7.92625869508e-05, 0.000241289104451, 0.000649784517009, 0.00135586713441, 0.00219293916598, 0.00145454751328, 0.00109015055932, 0.000608410569839, 0.000385293067666, 0.00016720352869, 8.77513302839e-05, 7.08630323061e-05, 9.11217284738e-05, 0.000110788947495, 5.20773064636e-05, 3.3245596569e-05, 2.71363678621e-05, 2.14510782826e-05, 1.40450501931e-05, 9.16109729587e-06, 6.22379411652e-06, 4.41767269876e-06, 3.73928719455e-06, 1.16664216421e-06, 4.2363106445e-07, 1.2858398577e-06, 6.86588464305e-07, 1.2429555909e-06, 1.18453340292e-06, 5.73651448121e-07, 1.08595088477e-06, 1.06195955141e-06, 6.64402648454e-07, 5.43807630038e-07, 6.59438910589e-07, 2.52835803849e-07, 1.08260415743e-07, 4.57888873484e-08]
    },
    "melbands128": {
        "max": [5.61719207326e-05, 0.000539990724064, 0.00229600165039, 0.00253301113844, 0.00115555804223, 0.000977724790573, 0.000939724093769, 0.00147359352559, 0.0018709579017, 0.00260477000847, 0.00618955679238, 0.00936662126333, 0.0137809542939, 0.0224399156868, 0.0264835879207, 0.0294357370585, 0.0349623151124, 0.0390889495611, 0.0447738803923, 0.0215736888349, 0.0223329830915, 0.0339108780026, 0.021707393229, 0.0139624541625, 0.0110701918602, 0.0181142929941, 0.00994486082345, 0.00954310409725, 0.00890456885099, 0.00622056797147, 0.00386666459963, 0.00166953040753, 0.00145334517583, 0.00396587746218, 0.0026620188728, 0.0011830868898, 0.00205829972401, 0.00383907416835, 0.00152612372767, 0.00687696086243, 0.00227242638357, 0.00266699446365, 0.00137127994094, 0.0015286373673, 0.000662172329612, 0.000539233151358, 0.000394899630919, 0.00100516097154, 0.000686447601765, 0.000328934693243, 0.000416418362875, 0.000550869270228, 0.000276125560049, 0.00026401982177, 0.000185775599675, 0.000169613354956, 9.41116959439e-05, 0.000148454782902, 0.000229871366173, 8.79161379999e-05, 0.000102183737908, 0.000102795987914, 0.000146327147377, 6.60525329295e-05, 3.8704391045e-05, 1.29675563585e-05, 7.60952752898e-06, 5.45988405065e-06, 8.62518390932e-06, 1.96038399736e-05, 3.75323688786e-05, 0.000108073130832, 2.44577640842e-05, 1.89690017578e-05, 1.36638091135e-05, 5.67805982428e-05, 4.88839104946e-05, 9.05650595087e-05, 5.49375108676e-05, 8.08382537798e-06, 1.03188085632e-05, 2.80311687675e-05, 3.68381479348e-05, 5.26485928276e-05, 2.39501441683e-05, 4.71169951197e-05, 3.90342465835e-05, 3.37677156494e-05, 1.86464421859e-05, 8.30199587654e-06, 1.41546070154e-05, 1.53190412675e-05, 1.64686825883e-05, 2.58511208813e-05, 1.49521092681e-05, 8.6362924776e-06, 6.97325049259e-06, 4.79140180687e-06, 3.26303734255e-06, 2.3797126687e-06, 7.71071370309e-07, 1.9241440441e-06, 1.25893780023e-06, 8.13380296449e-08, 6.06780137247e-09, 5.42649125634e-09, 2.70939048974e-09, 2.52327908568e-10, 8.51625575615e-11, 7.85691373073e-11, 7.596556717e-11, 7.13368045191e-11, 7.1047279171e-11, 6.84217335567e-11, 6.61454155337e-11, 6.50091092069e-11, 6.02106697833e-11, 5.95557492211e-11, 5.79228436048e-11, 5.70950127454e-11, 5.45006158259e-11, 5.34864756652e-11, 5.25953482156e-11, 5.13393008661e-11, 5.01210774273e-11, 4.99968053069e-11, 5.02815879211e-11, 4.98354794931e-11],
        "mean": [2.8781232686e-06, 1.98752313736e-05, 5.43925452803e-05, 6.05015957262e-05, 3.79302728106e-05, 2.31562225963e-05, 2.84498946712e-05, 4.46803060186e-05, 7.46862860979e-05, 0.000117865369248, 0.000162495911354, 0.000198200097657, 0.000273778539849, 0.000380515586585, 0.000454286753666, 0.000550291908439, 0.000872057571542, 0.000955490220804, 0.000698197050951, 0.000547663948964, 0.000563441077247, 0.000474535539979, 0.000402767997002, 0.000296736106975, 0.000204798518098, 0.000157801958267, 0.000139779411256, 0.000112399939098, 7.87841054262e-05, 6.79200675222e-05, 4.46769008704e-05, 3.43185165548e-05, 4.04355341743e-05, 2.72569322988e-05, 2.30268797168e-05, 2.10895723285e-05, 2.44576876867e-05, 2.3204000172e-05, 2.48761662078e-05, 3.76866773877e-05, 2.12611721508e-05, 2.22704002226e-05, 1.85001972568e-05, 1.80068836926e-05, 1.1639508557e-05, 1.09318289105e-05, 9.15301643545e-06, 7.96690619609e-06, 8.3157865447e-06, 1.01035739135e-05, 7.97264146968e-06, 5.96726295043e-06, 5.57625480724e-06, 5.20956064065e-06, 5.06912829223e-06, 4.01158604291e-06, 3.03940441881e-06, 2.89680042442e-06, 1.98917223315e-06, 1.53935116032e-06, 1.57041097282e-06, 1.35337654683e-06, 1.19898504636e-06, 1.21412188037e-06, 1.04696721337e-06, 5.73446470753e-07, 2.41366734599e-07, 1.47431407527e-07, 1.47788242089e-07, 2.03604216154e-07, 2.03720517788e-07, 2.02111493763e-07, 1.60005043881e-07, 1.18375020008e-07, 9.66728066487e-08, 1.10073997917e-07, 1.1623896512e-07, 1.23214434211e-07, 9.06497135134e-08, 5.60392585669e-08, 5.37672590895e-08, 7.12100174383e-08, 1.10453122204e-07, 1.02921958955e-07, 7.77741391289e-08, 7.436424454e-08, 9.48283798152e-08, 7.69598713646e-08, 6.30250696076e-08, 4.9735252361e-08, 5.68247351396e-08, 5.10244504426e-08, 5.70008822365e-08, 6.76472424743e-08, 6.08333436958e-08, 2.93632673731e-08, 2.22995453214e-08, 1.70056946303e-08, 1.28626478357e-08, 8.08378963768e-09, 2.37896657929e-09, 3.17100612435e-09, 2.37829600458e-09, 1.43019762699e-10, 8.16337102083e-12, 6.60409530881e-12, 5.0601163884e-12, 3.15889935737e-12, 2.89740323747e-12, 2.79792573658e-12, 2.72039183714e-12, 2.64343690166e-12, 2.55855623146e-12, 2.47257444554e-12, 2.39189809452e-12, 2.33767974596e-12, 2.27435279811e-12, 2.21770453564e-12, 2.16619734303e-12, 2.11101470506e-12, 2.0490332521e-12, 2.01304901568e-12, 1.98878630578e-12, 1.94166145835e-12, 1.82675576055e-12, 1.6471583212e-12, 1.54563840025e-12, 1.52477683257e-12],
        "min": [5.79862269312e-10, 1.58907598191e-09, 4.72069539015e-09, 1.28115926756e-08, 3.18345771966e-09, 2.07438666244e-09, 6.56684817635e-10, 1.8388908174e-09, 2.01651961795e-09, 1.39140476918e-08, 3.87769061305e-09, 2.02152445894e-08, 3.23711368821e-09, 1.44946596947e-08, 7.81785658432e-09, 1.72630194584e-08, 3.21953166349e-08, 3.23703659433e-08, 1.73086434074e-08, 1.24678436464e-08, 2.93142168317e-08, 1.00689563354e-08, 1.33660220669e-08, 6.84057077649e-09, 1.22580265938e-08, 5.05791764027e-09, 8.91298590489e-09, 7.68418573216e-09, 9.72660174625e-09, 1.54461634594e-08, 4.33707425529e-09, 5.18281018103e-09, 5.56898083204e-09, 4.88538232091e-09, 6.31034824394e-09, 2.36000130549e-09, 4.23247525916e-09, 3.44017747622e-09, 5.10925124431e-09, 2.30257835021e-09, 3.71967945334e-09, 2.53435983311e-09, 1.26547261559e-09, 3.06498737501e-09, 3.33270699926e-09, 2.34917285624e-09, 2.27259300267e-09, 1.08177111713e-09, 2.18498974469e-09, 3.93023613654e-09, 1.48582779413e-09, 1.56659907269e-09, 1.5815212473e-09, 2.92773294497e-09, 1.62455349173e-09, 3.24772475579e-09, 1.78789727467e-09, 1.95509919365e-09, 9.6685193185e-10, 2.65097432894e-09, 1.26743704421e-09, 1.26643617815e-09, 6.07705552547e-10, 9.77209424491e-10, 1.92750912453e-10, 7.93417331835e-10, 1.23467319701e-10, 1.81125236337e-11, 1.91859080706e-11, 3.06860335753e-11, 6.52509574151e-11, 4.48064085834e-11, 1.02357462783e-10, 6.76558947754e-11, 8.41260602846e-11, 5.80554215812e-11, 7.92403850869e-11, 3.41123483627e-11, 3.06629999169e-11, 2.12128890842e-11, 2.4519381317e-11, 2.05036630035e-11, 4.59605478675e-11, 4.57946840171e-11, 2.79461800923e-11, 7.86807598241e-12, 2.33230795788e-11, 4.23143811656e-11, 2.15718415353e-11, 2.67445440794e-11, 1.24803006471e-11, 3.84476096793e-11, 1.95652834212e-11, 2.39815459158e-11, 1.65313995132e-11, 3.11752082482e-11, 7.86253007146e-12, 8.78973629992e-12, 1.83443516454e-12, 6.63424436914e-12, 5.77550756786e-13, 1.78951119331e-13, 1.59361659611e-13, 1.27317400329e-13, 1.37972898623e-13, 1.33831585137e-13, 1.16012085463e-13, 1.28185168643e-13, 1.30193192381e-13, 1.43913445614e-13, 1.25527152149e-13, 1.61205494483e-13, 1.72507800687e-13, 1.79209132343e-13, 1.40696238297e-13, 1.57748027965e-13, 1.5317056705e-13, 1.74145799777e-13, 1.87104997294e-13, 1.82525313765e-13, 1.74569492434e-13, 1.67313144134e-13, 1.65947374657e-13, 1.72564368936e-13, 1.02617973797e-13, 4.2448680069e-14, 6.6447134321e-15, 2.15705277999e-16],
        "stdev": [6.04172782914e-06, 5.23730923305e-05, 0.00019188351871, 0.000213324121432, 0.000111130189907, 6.11630748608e-05, 7.11412722012e-05, 0.000103875419882, 0.000138898598379, 0.000252502417425, 0.000454224325949, 0.000558756000828, 0.000876217032783, 0.00132613047026, 0.00175041239709, 0.00190125382505, 0.00277919718064, 0.00326026510447, 0.00257622613572, 0.00174607068766, 0.00196888134815, 0.00169094023295, 0.00141585594974, 0.00105971063022, 0.000766871729866, 0.000733764958568, 0.000555904931389, 0.000544438429642, 0.000362269376637, 0.000246526295086, 0.000172454223502, 0.000109190907096, 0.000109892629553, 0.000127316729049, 0.000106065257569, 7.52448249841e-05, 0.000100375124021, 0.000147532555275, 8.26733594295e-05, 0.000225339012104, 9.181760106e-05, 8.85233384906e-05, 6.27518747933e-05, 7.23197372281e-05, 3.92477777496e-05, 3.79758930649e-05, 3.18198362947e-05, 3.51037670043e-05, 3.2517411455e-05, 2.80777512671e-05, 2.7433188734e-05, 2.16894823097e-05, 1.70088023879e-05, 1.57413105626e-05, 1.33197563628e-05, 1.05571989479e-05, 7.71529084886e-06, 8.25013194117e-06, 6.92413368597e-06, 4.8618371693e-06, 5.04096578879e-06, 5.18870956512e-06, 4.96363873026e-06, 4.21284312324e-06, 2.84266570816e-06, 1.26501015529e-06, 5.13476493325e-07, 3.90166889019e-07, 4.64285449198e-07, 7.51139452859e-07, 1.18752234357e-06, 2.43356475949e-06, 1.01474881831e-06, 6.15803969595e-07, 4.44087930873e-07, 1.28355202378e-06, 1.47795583416e-06, 2.08562369153e-06, 1.26660438582e-06, 3.23688141179e-07, 3.0202741641e-07, 7.51718857828e-07, 1.21770631267e-06, 1.42919361679e-06, 8.91578565643e-07, 1.1619936231e-06, 1.24156474612e-06, 1.02023761883e-06, 6.75405260608e-07, 4.06889455462e-07, 5.48112097931e-07, 5.75168485284e-07, 7.09426615231e-07, 8.65025072017e-07, 6.50373692679e-07, 2.84531921579e-07, 2.19768082843e-07, 1.80305519848e-07, 1.27330082478e-07, 8.50769197314e-08, 3.0194627243e-08, 5.78802357154e-08, 4.1894200109e-08, 2.78660938768e-09, 1.52744483728e-10, 1.21667745323e-10, 6.35338448518e-11, 8.26106977964e-12, 5.90338802148e-12, 5.64471126091e-12, 5.42474095158e-12, 5.21082656191e-12, 5.03539744623e-12, 4.85896175725e-12, 4.69173007736e-12, 4.55139745337e-12, 4.39127857341e-12, 4.26639236092e-12, 4.1487317054e-12, 4.04375751634e-12, 3.9416230696e-12, 3.85618967313e-12, 3.78524468714e-12, 3.71754189932e-12, 3.65871439048e-12, 3.61927870486e-12, 3.59357335555e-12, 3.57317105591e-12]
    },
    "mfcc": {
        "mean": [-809.200927734, 178.536071777, -29.4117965698, 7.4839220047, -7.57782697678, -10.6693668365, -21.4961547852, 0.298969358206, -13.6636915207, 0.239959821105, -4.15038537979, 4.43737745285, -6.39390230179],
        "cov": [[6553.70898438, 844.051574707, -469.922790527, -320.191589355, -613.758728027, -300.04510498, -733.266967773, -231.641479492, -243.393341064, 144.825164795, -140.428726196, 82.3100204468, -39.1156692505], [844.051574707, 2021.82336426, -669.166564941, -518.26739502, -185.336273193, -595.595275879, -362.657623291, -172.798110962, -127.694091797, -129.741897583, 107.884422302, 4.94771718979, 32.4095191956], [-469.922790527, -669.166564941, 1027.25085449, 353.535552979, 3.83800983429, 298.926422119, 178.384399414, 31.4667224884, 46.9485282898, 12.7767248154, -136.341171265, 10.6032142639, 3.12803053856], [-320.191589355, -518.26739502, 353.535552979, 526.01184082, 233.724456787, 163.813186646, 67.9297180176, 37.405582428, 27.4916286469, 11.9785718918, -55.035774231, -28.0604038239, -17.0399608612], [-613.758728027, -185.336273193, 3.83800983429, 233.724456787, 450.96875, 99.0624313354, 11.6756048203, 44.9359397888, 33.3444213867, -13.5304546356, 53.0323905945, -35.3863525391, -21.2700538635], [-300.04510498, -595.595275879, 298.926422119, 163.813186646, 99.0624313354, 429.617553711, 227.723556519, 36.0477333069, 53.1024742126, 89.5498657227, -30.6268291473, -0.859190165997, -34.9066123962], [-733.266967773, -362.657623291, 178.384399414, 67.9297180176, 11.6756048203, 227.723556519, 382.091827393, 129.097579956, 32.5988731384, 29.9143257141, 8.06311225891, 8.03605079651, -19.3523674011], [-231.641479492, -172.798110962, 31.4667224884, 37.405582428, 44.9359397888, 36.0477333069, 129.097579956, 191.953781128, 69.6092834473, -3.94012093544, 13.0710744858, 3.98574113846, -5.38558626175], [-243.393341064, -127.694091797, 46.9485282898, 27.4916286469, 33.3444213867, 53.1024742126, 32.5988731384, 69.6092834473, 160.425552368, 56.4820327759, -1.18048799038, -11.3123750687, 6.09244251251], [144.825164795, -129.741897583, 12.7767248154, 11.9785718918, -13.5304546356, 89.5498657227, 29.9143257141, -3.94012093544, 56.4820327759, 151.427124023, 36.4834480286, 3.84031796455, -20.2945575714], [-140.428726196, 107.884422302, -136.341171265, -55.035774231, 53.0323905945, -30.6268291473, 8.06311225891, 13.0710744858, -1.18048799038, 36.4834480286, 170.331237793, 44.2174911499, -22.5853633881], [82.3100204468, 4.94771718979, 10.6032142639, -28.0604038239, -35.3863525391, -0.859190165997, 8.03605079651, 3.98574113846, -11.3123750687, 3.84031796455, 44.2174911499, 119.209388733, 38.4132804871], [-39.1156692505, 32.4095191956, 3.12803053856, -17.0399608612, -21.2700538635, -34.9066123962, -19.3523674011, -5.38558626175, 6.09244251251, -20.2945575714, -22.5853633881, 38.4132804871, 105.116920471]],
        "icov": [[0.000344303465681, -0.00013451972336, 0.000146903883433, -0.000154512163135, 0.000484067422803, -0.000453795015346, 0.000986774917692, -0.000702135381289, 0.000766849087086, -0.00070449890336, 0.000503402028698, -0.000370972411474, 0.000296393787721], [-0.00013451972336, 0.00115708040539, 5.32204139745e-05, 0.000715443282388, -0.000337339966791, 0.00130562635604, -0.000439493654994, 0.00102231418714, -0.000336039287504, 0.000604311237112, -0.000485433993163, 0.000246412004344, -1.38416444315e-05], [0.000146903883433, 5.32204139745e-05, 0.00183261034545, -0.00115289771929, 0.00087926175911, -0.000946667802054, 0.000212927770917, 4.804683158e-06, -0.000159402363352, 0.000336057099048, 0.000870757736266, -0.000719460775144, 0.000223956536502], [-0.000154512163135, 0.000715443282388, -0.00115289771929, 0.00419850647449, -0.00245584268123, 0.00103781046346, -0.000491326733027, 0.000396680872655, 0.000211610429687, -0.000463537755422, 0.00091783789685, 6.90052111167e-05, 0.000284622976324], [0.000484067422803, -0.000337339966791, 0.00087926175911, -0.00245584268123, 0.00501674693078, -0.00259341439232, 0.00250946567394, -0.00178337655962, 0.000417736213421, 0.00107719877269, -0.00209298636764, 0.00127803045325, -0.000348558533005], [-0.000453795015346, 0.00130562635604, -0.000946667802054, 0.00103781046346, -0.00259341439232, 0.00760204391554, -0.0046437010169, 0.00338278687559, -0.00155901093967, -0.00169806624763, 0.00127675605472, -0.000918171484955, 0.00131543155294], [0.000986774917692, -0.000439493654994, 0.000212927770917, -0.000491326733027, 0.00250946567394, -0.0046437010169, 0.00860640406609, -0.0059323082678, 0.00349855911918, -0.00143954309169, -6.88253639964e-05, -0.000133899840876, 0.000216418688069], [-0.000702135381289, 0.00102231418714, 4.804683158e-06, 0.000396680872655, -0.00178337655962, 0.00338278687559, -0.0059323082678, 0.0113532720134, -0.00607382133603, 0.00345629313961, -0.00109460647218, -0.000453242682852, 0.000689450534992], [0.000766849087086, -0.000336039287504, -0.000159402363352, 0.000211610429687, 0.000417736213421, -0.00155901093967, 0.00349855911918, -0.00607382133603, 0.0116824004799, -0.00587338162586, 0.00162375625223, 0.000781561015174, -0.00142004073132], [-0.00070449890336, 0.000604311237112, 0.000336057099048, -0.000463537755422, 0.00107719877269, -0.00169806624763, -0.00143954309169, 0.00345629313961, -0.00587338162586, 0.0126163717359, -0.00471836095676, 0.00129391241353, 0.000322110834531], [0.000503402028698, -0.000485433993163, 0.000870757736266, 0.00091783789685, -0.00209298636764, 0.00127675605472, -6.88253639964e-05, -0.00109460647218, 0.00162375625223, -0.00471836095676, 0.0117205781862, -0.00613754149526, 0.00414765719324], [-0.000370972411474, 0.000246412004344, -0.000719460775144, 6.90052111167e-05, 0.00127803045325, -0.000918171484955, -0.000133899840876, -0.000453242682852, 0.000781561015174, 0.00129391241353, -0.00613754149526, 0.0134526863694, -0.00630585383624], [0.000296393787721, -1.38416444315e-05, 0.000223956536502, 0.000284622976324, -0.000348558533005, 0.00131543155294, 0.000216418688069, 0.000689450534992, -0.00142004073132, 0.000322110834531, 0.00414765719324, -0.00630585383624, 0.0134487375617]]
    },
    "spectral_contrast_coeffs": {
        "max": [-0.369757831097, -0.389293074608, -0.526513576508, -0.60216319561, -0.457254976034, -0.546350240707],
        "mean": [-0.68736743927, -0.753336131573, -0.784843027592, -0.805338203907, -0.773381769657, -0.765468478203],
        "min": [-0.901224970818, -0.937963485718, -0.923349499702, -0.941771149635, -0.903210222721, -0.887977719307],
        "stdev": [0.106669686735, 0.101436197758, 0.0715348571539, 0.0572949685156, 0.0718756914139, 0.0353529602289]
    },
    "spectral_contrast_valleys": {
        "max": [-6.0192027092, -4.41320705414, -5.55586433411, -5.97199058533, -7.14354753494, -9.30004692078],
        "mean": [-8.42616176605, -7.24528455734, -8.25707817078, -8.65518379211, -9.53841781616, -13.1198225021],
        "min": [-11.4379549026, -10.0371198654, -10.6821451187, -10.7300329208, -11.9456987381, -15.1486330032],
        "stdev": [0.838835060596, 1.14236366749, 0.999968528748, 0.955399513245, 0.799509882927, 0.861607432365]
    }
},
"rhythm": {
    "beats_count": 87,
    "beats_loudness": {
        "max": 0.163291886449,
        "mean": 0.0248428843915,
        "min": 2.48953201663e-05,
        "stdev": 0.0295077171177
    },
    "bpm": 117.307373047,
    "bpm_histogram_first_peak_bpm": 117,
    "bpm_histogram_first_peak_weight": 0.620689630508,
    "bpm_histogram_second_peak_bpm": 112,
    "bpm_histogram_second_peak_spread": 0.444444477558,
    "bpm_histogram_second_peak_weight": 0.11627907306,
    "danceability": 1.22822892666,
    "onset_rate": 4.51171875,
    "beats_loudness_band_ratio": {
        "max": [0.523354291916, 0.946407854557, 0.915929794312, 0.660542786121, 0.565563797951, 0.673460006714],
        "mean": [0.0810046494007, 0.29513245821, 0.502410113811, 0.119276583195, 0.0464885160327, 0.0147839961573],
        "min": [0.000313047552481, 0.00997762475163, 0.0183800570667, 0.00401434348896, 0.00163433759008, 0.000161257892614],
        "stdev": [0.130866497755, 0.251830667257, 0.290832668543, 0.13665227592, 0.0728978440166, 0.0729461610317]
    },
