{
"metadata": {
    "version": {
        "essentia": "2.1-beta5",
        "essentia_git_sha": "Undefined",
        "extractor": "music 2.0"
    },
    "audio_properties": {
        "analysis": {
            "equal_loudness": 0,
            "length": 48.7502937317,
            "sample_rate": 44100,
            "start_time": 93.9943771362,
            "downmix": "mix"
        },
        "bit_rate": 192000,
        "length": 175.171340942,
        "lossless": 0,
        "number_channels": 2,
        "replay_gain": -19.8069534302,
        "sample_rate": 44100,
        "codec": "mp3",
        "md5_encoded": "57a9ca19c2b537c7f618e3515cff924d"
    },
    "tags": {
        "file_name": "Belgium_Laissez Briller Le Soleil_Reynaert.mp3",
        "encoding": ["Lavf58.29.100"]
    }
},
"lowlevel": {
    "average_loudness": 0.937162220478,
    "barkbands_crest": {
        "max": 26.1577396393,
        "mean": 10.6047792435,
        "min": 3.46902227402,
        "stdev": 4.24948883057
    },
    "barkbands_flatness_db": {
        "max": 0.304204314947,
        "mean": 0.187345847487,
        "min": 0.0808663442731,
        "stdev": 0.031987093389
    },
    "barkbands_kurtosis": {
        "max": 69.7085952759,
        "mean": 4.59526109695,
        "min": -1.81951165199,
        "stdev": 8.30706119537
    },
    "barkbands_skewness": {
        "max": 7.59305429459,
        "mean": 1.42381381989,
        "min": -1.60251963139,
        "stdev": 1.31854581833
    },
    "barkbands_spread": {
        "max": 47.0452880859,
        "mean": 12.9186925888,
        "min": 1.2941865921,
        "stdev": 6.93087005615
    },
    "dissonance": {
        "max": 0.499943166971,
        "mean": 0.454380691051,
        "min": 0.308220267296,
        "stdev": 0.0311672706157
    },
    "dynamic_complexity": 2.58023190498,
    "erbbands_crest": {
        "max": 30.0745582581,
        "mean": 11.2389268875,
        "min": 3.25177431107,
        "stdev": 5.09146404266
    },
    "erbbands_flatness_db": {
        "max": 0.365100026131,
        "mean": 0.236636251211,
        "min": 0.137942641973,
        "stdev": 0.0365598686039
    },
    "erbbands_kurtosis": {
        "max": 30.5583381653,
        "mean": 1.04114484787,
        "min": -1.75238347054,
        "stdev": 3.06299042702
    },
    "erbbands_skewness": {
        "max": 4.92285680771,
        "mean": 0.621498644352,
        "min": -2.28882932663,
        "stdev": 0.960502445698
    },
    "erbbands_spread": {
        "max": 102.648376465,
        "mean": 25.8350296021,
        "min": 2.87909698486,
        "stdev": 12.567322731
    },
    "hfc": {
        "max": 78.9267959595,
        "mean": 17.9655170441,
        "min": 0.215270400047,
        "stdev": 15.3277492523
    },
    "loudness_ebu128": {
        "integrated": -4.89255952835,
        "loudness_range": 4.4766459465,
        "momentary": {
            "max": -1.5146497488,
            "mean": -5.53851747513,
            "min": -12.8115978241,
            "stdev": 2.49469304085
        },
        "short_term": {
            "max": -2.63111448288,
            "mean": -5.20909166336,
            "min": -8.80992698669,
            "stdev": 1.43728899956
        }
    },
    "melbands_crest": {
        "max": 31.6043300629,
        "mean": 13.5377254486,
        "min": 3.66625189781,
        "stdev": 4.8309378624
    },
    "melbands_flatness_db": {
        "max": 0.367335617542,
        "mean": 0.218144193292,
        "min": 0.100083857775,
        "stdev": 0.0430727787316
    },
    "melbands_kurtosis": {
        "max": 186.430206299,
        "mean": 10.0156879425,
        "min": -1.69568061829,
        "stdev": 16.6928806305
    },
    "melbands_skewness": {
        "max": 11.164727211,
        "mean": 1.98421835899,
        "min": -1.39054846764,
        "stdev": 1.56283867359
    },
    "melbands_spread": {
        "max": 74.1895751953,
        "mean": 18.5158424377,
        "min": 1.44688403606,
        "stdev": 12.3216238022
    },
    "pitch_salience": {
        "max": 0.905599057674,
        "mean": 0.548438608646,
        "min": 0.11326507479,
        "stdev": 0.118164584041
    },
    "silence_rate_20dB": {
        "max": 1,
        "mean": 1,
        "min": 1,
        "stdev": 0
    },
    "silence_rate_30dB": {
        "max": 1,
        "mean": 1,
        "min": 1,
        "stdev": 0
    },
    "silence_rate_60dB": {
        "max": 1,
        "mean": 0.00618752976879,
        "min": 0,
        "stdev": 0.0784169659019
    },
    "spectral_centroid": {
        "max": 2995.265625,
        "mean": 1178.72192383,
        "min": 296.985595703,
        "stdev": 561.576660156
    },
    "spectral_complexity": {
        "max": 41,
        "mean": 17.051404953,
        "min": 0,
        "stdev": 6.46870279312
    },
    "spectral_decrease": {
        "max": -6.12616901652e-11,
        "mean": -5.1641464438e-09,
        "min": -1.84241368828e-08,
        "stdev": 3.41670314263e-09
    },
    "spectral_energy": {
        "max": 0.0710888952017,
        "mean": 0.0211201701313,
        "min": 0.000250742130447,
        "stdev": 0.0138288550079
    },
    "spectral_energyband_high": {
        "max": 0.00238037155941,
        "mean": 0.000211565173231,
        "min": 5.13461191076e-06,
        "stdev": 0.000280594365904
    },
    "spectral_energyband_low": {
        "max": 0.019005920738,
        "mean": 0.00104313180782,
        "min": 5.62840750717e-06,
        "stdev": 0.00205190270208
    },
    "spectral_energyband_middle_high": {
        "max": 0.0643835738301,
        "mean": 0.00736251147464,
        "min": 6.11311697867e-05,
        "stdev": 0.00942739378661
    },
    "spectral_energyband_middle_low": {
        "max": 0.0693626403809,
        "mean": 0.0135352117941,
        "min": 0.000157189933816,
        "stdev": 0.0118493121117
    },
    "spectral_entropy": {
        "max": 8.07622241974,
        "mean": 7.21627044678,
        "min": 6.28140640259,
        "stdev": 0.257616281509
    },
    "spectral_flux": {
        "max": 0.253444820642,
        "mean": 0.0735978707671,
        "min": 0.0197280403227,
        "stdev": 0.0314006954432
    },
    "spectral_kurtosis": {
        "max": 24.0549697876,
        "mean": 6.10295820236,
        "min": -0.464648723602,
        "stdev": 3.20721650124
    },
    "spectral_rms": {
        "max": 0.00832796562463,
        "mean": 0.0042944541201,
        "min": 0.000494597305078,
        "stdev": 0.00147060549352
    },
    "spectral_rolloff": {
        "max": 5383.30078125,
        "mean": 1284.30102539,
        "min": 193.798828125,
        "stdev": 779.286865234
    },
    "spectral_skewness": {
        "max": 3.48451638222,
        "mean": 1.53803956509,
        "min": 0.152774035931,
        "stdev": 0.447690218687
    },
    "spectral_spread": {
        "max": 8762587,
        "mean": 2869683.25,
        "min": 1429250.25,
        "stdev": 566541.25
    },
    "spectral_strongpeak": {
        "max": 11.9848766327,
        "mean": 1.79213273525,
        "min": 0.00518404599279,
        "stdev": 1.81958711147
    },
    "zerocrossingrate": {
        "max": 0.12646484375,
        "mean": 0.0473621189594,
        "min": 0.01171875,
        "stdev": 0.018829934299
    },
    "barkbands": {
        "max": [0.000267579365755, 0.00998914055526, 0.00711268745363, 0.0326827801764, 0.0373714715242, 0.0475608333945, 0.0267825014889, 0.0230822917074, 0.042248763144, 0.0631807893515, 0.0558365434408, 0.0197860710323, 0.0265315379947, 0.0327392667532, 0.0133551321924, 0.0154081424698, 0.0120944883674, 0.00724767893553, 0.00674664461985, 0.00365926977247, 0.000974150258116, 0.000596734287683, 0.000367201399058, 0.000133621317218, 2.31471021834e-05, 7.78466255724e-06, 1.59681761147e-07],
        "mean": [6.33195622868e-06, 0.000207046163268, 0.000252397119766, 0.00183080998249, 0.00225878832862, 0.00373880797997, 0.00149057887029, 0.00130304251797, 0.00208136229776, 0.00177288521081, 0.00140315061435, 0.00057031417964, 0.00041474273894, 0.00140275538433, 0.00046419588034, 0.000317660887958, 0.000412725377828, 0.000500608701259, 0.000332415336743, 0.00025938192266, 5.64047550142e-05, 2.51820492849e-05, 1.23438740047e-05, 4.32850220022e-06, 1.5443756638e-06, 3.88583458744e-07, 4.21872936585e-09],
        "min": [8.30072011127e-10, 2.71490193882e-07, 3.09494566864e-07, 6.57515670355e-07, 2.47344723903e-05, 8.35144874145e-06, 7.7011736721e-06, 2.8445690532e-06, 7.10591302777e-06, 6.24139647698e-06, 5.09633218826e-06, 6.13546080785e-06, 1.44934574564e-06, 8.05406216386e-06, 5.12983888257e-06, 1.51028109485e-06, 9.28122915411e-07, 2.98356781059e-06, 2.19619528252e-06, 2.64196910393e-06, 1.18704940633e-06, 4.71583518902e-07, 2.68375941914e-07, 3.34649058686e-07, 4.14938128301e-08, 2.90107404766e-08, 2.10001677506e-12],
        "stdev": [2.02979372261e-05, 0.000752161198761, 0.000624019652605, 0.00426399661228, 0.00362131372094, 0.00654226308689, 0.00300860102288, 0.00195404468104, 0.00458285305649, 0.00479242345318, 0.00489330850542, 0.00144823757, 0.00129827263299, 0.00371782900766, 0.000967338972259, 0.000831157609355, 0.000848022929858, 0.000909510359634, 0.00067391700577, 0.000410172709962, 8.03383809398e-05, 4.04640668421e-05, 2.42361184064e-05, 7.98996825324e-06, 1.89256900285e-06, 7.08885977474e-07, 1.23287531295e-08]
    },
    "erbbands": {
        "max": [0.0823979377747, 2.83002400398, 8.14983844757, 55.9071578979, 223.613510132, 72.1851577759, 151.265274048, 562.103271484, 669.762207031, 333.039093018, 861.714355469, 1166.51660156, 1792.66320801, 1684.20019531, 909.58984375, 1017.01885986, 1422.13391113, 1926.64526367, 787.02154541, 716.670898438, 474.667816162, 685.016601562, 392.047698975, 418.304626465, 422.190551758, 191.402313232, 66.2839889526, 22.3270244598, 24.6807441711, 19.4449691772, 10.1599998474, 1.88340747356, 2.84324836731, 0.36215159297, 0.0937699899077, 0.0546475835145, 0.00914168078452, 0.000939848367125, 4.82399955217e-05, 7.84972726251e-05],
        "mean": [0.00304883276112, 0.0585953183472, 0.297059416771, 2.96555042267, 8.11811923981, 5.86724901199, 14.552236557, 33.0867424011, 32.102355957, 22.5409851074, 30.6573181152, 49.2965049744, 56.7551383972, 58.6904602051, 31.974609375, 28.172077179, 22.8005752563, 69.9027023315, 34.7388496399, 24.2554931641, 15.8150157928, 23.5131092072, 26.4329490662, 21.3344154358, 15.9463500977, 12.5260324478, 4.97723293304, 1.41477370262, 0.948697388172, 0.648263812065, 0.302923798561, 0.12178517133, 0.0605217441916, 0.0213750358671, 0.00923542864621, 0.00301334750839, 0.000427299790317, 3.43025385519e-05, 1.25763535834e-05, 2.52347981586e-05],
        "min": [1.76178928086e-05, 0.000334116368322, 0.00203617732041, 0.00395316677168, 0.0349648334086, 0.0582034476101, 0.129859402776, 0.222567111254, 0.133926272392, 0.231685400009, 0.258745998144, 0.324083805084, 0.318454831839, 0.231741070747, 0.527291476727, 0.280721783638, 0.0988853350282, 0.591299235821, 0.716469764709, 0.087245605886, 0.10145623982, 0.045845810324, 0.132900640368, 0.195458486676, 0.0627083703876, 0.110169433057, 0.064668469131, 0.0321724116802, 0.0185640063137, 0.00825691316277, 0.00745819229633, 0.00665203575045, 0.00189693272114, 0.000483465904836, 0.000342208979419, 0.000132018467411, 1.91855324374e-05, 9.92823629531e-07, 9.7241468211e-07, 6.76394336097e-07],
        "stdev": [0.00865661073476, 0.212156176567, 0.733683049679, 6.46960401535, 21.0406188965, 7.58655357361, 17.9089393616, 62.1181640625, 80.3981628418, 37.6905860901, 53.629524231, 109.598678589, 134.494522095, 169.133651733, 80.4735183716, 71.8378829956, 64.3050231934, 193.440872192, 67.6558990479, 45.0498313904, 31.2583751678, 47.6251449585, 43.7573051453, 43.7008514404, 32.2504196167, 21.0489139557, 7.48818922043, 1.90594470501, 1.55161547661, 1.09569084644, 0.58864235878, 0.196823641658, 0.137649387121, 0.0283623021096, 0.0104067930952, 0.00459619937465, 0.00100336701144, 8.39837011881e-05, 8.89034890861e-06, 1.6422560293e-05]
    },
    "gfcc": {
        "mean": [-47.0416564941, 129.975494385, -170.655044556, 20.2882881165, -72.543762207, -13.4517307281, -40.5055961609, -5.53923225403, -26.3695163727, -10.1915750504, -10.3328075409, -14.0525226593, -1.66956233978],
        "cov": [[1338.30041504, -538.173461914, -372.252349854, 83.0572814941, 89.8747024536, -53.0867042542, 110.168830872, 24.1227397919, -59.7058105469, -52.4929695129, -32.6755714417, 28.6658935547, -97.1674194336], [-538.173461914, 522.248901367, 334.552825928, -2.14365625381, -41.9499549866, 35.4808425903, -19.9766788483, -41.21276474, 50.9515914917, -29.4958305359, 5.29315900803, -51.1735992432, 1.13822615147], [-372.252349854, 334.552825928, 546.758422852, 202.193069458, -134.744567871, 66.4411849976, -39.6732711792, -86.4979324341, 70.3931808472, -20.9173622131, 6.13165664673, 7.11318016052, 11.6346139908], [83.0572814941, -2.14365625381, 202.193069458, 378.437988281, -4.84347438812, 18.4302463531, -37.7123031616, -51.1302757263, 64.8057327271, -46.9957199097, -18.9243202209, 35.2915649414, 14.7736988068], [89.8747024536, -41.9499549866, -134.744567871, -4.84347438812, 214.087554932, 33.3754501343, -1.64517104626, 59.5093040466, -31.7565727234, -0.469308137894, -25.8873729706, -5.70571708679, 0.232625678182], [-53.0867042542, 35.4808425903, 66.4411849976, 18.4302463531, 33.3754501343, 181.591537476, 71.4403533936, 0.622842431068, -14.4306659698, -13.2682933807, -16.7619380951, -13.6937665939, -4.33180618286], [110.168830872, -19.9766788483, -39.6732711792, -37.7123031616, -1.64517104626, 71.4403533936, 137.878295898, 36.7921485901, -24.4737854004, -18.6353130341, -5.18326807022, -12.0426940918, -13.3646278381], [24.1227397919, -41.21276474, -86.4979324341, -51.1302757263, 59.5093040466, 0.622842431068, 36.7921485901, 109.110145569, 18.6121959686, 17.0715293884, -6.01628017426, 3.06001091003, 7.87779378891], [-59.7058105469, 50.9515914917, 70.3931808472, 64.8057327271, -31.7565727234, -14.4306659698, -24.4737854004, 18.6121959686, 111.94467926, 35.0192527771, 13.375374794, 17.8662643433, 17.16522789], [-52.4929695129, -29.4958305359, -20.9173622131, -46.9957199097, -0.469308137894, -13.2682933807, -18.6353130341, 17.0715293884, 35.0192527771, 138.883972168, 76.0795440674, 11.24214077, 14.2687692642], [-32.6755714417, 5.29315900803, 6.13165664673, -18.9243202209, -25.8873729706, -16.7619380951, -5.18326807022, -6.01628017426, 13.375374794, 76.0795440674, 104.505195618, 41.2133293152, 20.7680091858], [28.6658935547, -51.1735992432, 7.11318016052, 35.2915649414, -5.70571708679, -13.6937665939, -12.0426940918, 3.06001091003, 17.8662643433, 11.24214077, 41.2133293152, 99.154548645, 55.9382133484], [-97.1674194336, 1.13822615147, 11.6346139908, 14.7736988068, 0.232625678182, -4.33180618286, -13.3646278381, 7.87779378891, 17.16522789, 14.2687692642, 20.7680091858, 55.9382133484, 88.1790390015]],
        "icov": [[0.00217376300134, 0.00231670215726, -0.000202380077098, -0.000122304118122, -0.00169672677293, 0.00158584432211, -0.00276165432297, 0.00187548913527, -0.00150382809807, 0.001300255768, -0.00062583287945, -0.000731172680389, 0.00260246521793], [0.00231670215726, 0.00921020191163, -0.00578396581113, 0.00380726717412, -0.00602733297274, 0.00310215214267, -0.0039763553068, 0.00433792453259, -0.00678715156391, 0.00712129613385, -0.00618512462825, 0.0057581057772, -0.000289851479465], [-0.000202380077098, -0.00578396581113, 0.0081045543775, -0.004606412258, 0.00583236385137, -0.0035360113252, 0.00273240264505, -0.00169013091363, 0.00344335078262, -0.00416856026277, 0.00380008621141, -0.00439564883709, 0.0018278255593], [-0.000122304118122, 0.00380726717412, -0.004606412258, 0.0068681333214, -0.00440329220146, 0.00111972494051, -0.000968049047515, 0.00392541103065, -0.00616783741862, 0.00492566497996, -0.0027748409193, 0.00204273476265, -0.00139633764047], [-0.00169672677293, -0.00602733297274, 0.00583236385137, -0.00440329220146, 0.0129452841356, -0.00564545299858, 0.00703026959673, -0.00890390202403, 0.00837740767747, -0.00563822034746, 0.00513691315427, -0.00333319534548, -8.79684521351e-05], [0.00158584432211, 0.00310215214267, -0.0035360113252, 0.00111972494051, -0.00564545299858, 0.0109749026597, -0.00873643346131, 0.0047532748431, -0.00235017645173, 0.00068879785249, 0.000285583955701, 0.000939888588618, 0.000474209489767], [-0.00276165432297, -0.0039763553068, 0.00273240264505, -0.000968049047515, 0.00703026959673, -0.00873643346131, 0.0176080483943, -0.00992960575968, 0.0056767934002, 0.000403957121307, -0.00143815437332, 0.00090691348305, -0.0014891079627], [0.00187548913527, 0.00433792453259, -0.00169013091363, 0.00392541103065, -0.00890390202403, 0.0047532748431, -0.00992960575968, 0.0206039138138, -0.010265737772, 0.0015302702086, 0.000561650376767, 0.000165154517163, 1.00480497167e-06], [-0.00150382809807, -0.00678715156391, 0.00344335078262, -0.00616783741862, 0.00837740767747, -0.00235017645173, 0.0056767934002, -0.010265737772, 0.0209390241653, -0.0104423062876, 0.00702315848321, -0.00553039833903, 0.000117392337415], [0.001300255768, 0.00712129613385, -0.00416856026277, 0.00492566497996, -0.00563822034746, 0.00068879785249, 0.000403957121307, 0.0015302702086, -0.0104423062876, 0.022283596918, -0.0183318126947, 0.0100574269891, -0.00259686540812], [-0.00062583287945, -0.00618512462825, 0.00380008621141, -0.0027748409193, 0.00513691315427, 0.000285583955701, -0.00143815437332, 0.000561650376767, 0.00702315848321, -0.0183318126947, 0.0278696548194, -0.0149624804035, 0.0036131516099], [-0.000731172680389, 0.0057581057772, -0.00439564883709, 0.00204273476265, -0.00333319534548, 0.000939888588618, 0.00090691348305, 0.000165154517163, -0.00553039833903, 0.0100574269891, -0.0149624804035, 0.0273467972875, -0.0148395542055], [0.00260246521793, -0.000289851479465, 0.0018278255593, -0.00139633764047, -8.79684521351e-05, 0.000474209489767, -0.0014891079627, 1.00480497167e-06, 0.000117392337415, -0.00259686540812, 0.0036131516099, -0.0148395542055, 0.0229627396911]]
    },
    "melbands": {
        "max": [0.0017583030276, 0.00372672290541, 0.0139175783843, 0.00949026830494, 0.00482443254441, 0.0108560565859, 0.00879453960806, 0.00402386114001, 0.00818725302815, 0.00638467399403, 0.00898153334856, 0.00779487751424, 0.00500642554834, 0.0019397115102, 0.00200576940551, 0.00209935661405, 0.00420100707561, 0.00134381616954, 0.00072558526881, 0.0014806118561, 0.000285641406663, 0.00059635337675, 0.000583348912187, 0.000359098397894, 0.000363968778402, 0.000449166458566, 0.000112806541438, 0.000121072727779, 6.95487979101e-05, 1.96679284272e-05, 1.31303731905e-05, 1.46031206896e-05, 1.01708246802e-05, 1.00582519735e-05, 7.69093549025e-06, 1.72851537172e-06, 9.81824769042e-07, 3.15791021421e-06, 4.69306087325e-07, 2.61653042344e-07],
        "mean": [4.25514554081e-05, 0.000146583799506, 0.000726373342331, 0.000469090853585, 0.0004705034371, 0.000774406653363, 0.000441280717496, 0.000251773948548, 0.000285161484499, 0.000296313373838, 0.00027922866866, 0.000234147490119, 0.000148336854181, 6.27865156275e-05, 5.77826504014e-05, 4.5860913815e-05, 0.000148026345414, 5.91039643041e-05, 3.30494258378e-05, 2.98561935779e-05, 1.60313356901e-05, 2.28496428463e-05, 2.73206842394e-05, 2.12258928514e-05, 1.68774749909e-05, 1.2574620996e-05, 9.73486021394e-06, 7.71652685216e-06, 3.96884661313e-06, 1.25125029626e-06, 6.23398477728e-07, 5.48099023945e-07, 4.4600790261e-07, 3.25421325442e-07, 1.90239035192e-07, 1.0252765037e-07, 6.23673201972e-08, 4.91049156892e-08, 2.33680399475e-08, 1.58161412855e-08],
        "min": [1.22039324424e-07, 7.01442161244e-07, 1.45512137806e-06, 3.71888882e-06, 3.93667596654e-06, 5.07625600221e-06, 1.99780151888e-06, 2.80167296296e-06, 1.1695815374e-06, 1.47111495608e-06, 1.47746197854e-06, 8.27418887184e-07, 1.27421253637e-06, 1.17158253943e-06, 3.28828065221e-07, 1.35989751016e-07, 7.41891881262e-07, 1.04931734768e-06, 1.88122271538e-07, 7.99259893824e-08, 1.28858957282e-07, 5.05756254654e-08, 4.52272672646e-08, 1.78986780952e-07, 1.65019770293e-07, 3.30997131925e-08, 4.12221474733e-08, 5.1828095593e-08, 3.8655006307e-08, 2.53319107912e-08, 1.16700942243e-08, 1.10238911333e-08, 3.60868557259e-09, 4.6941304177e-09, 3.28423199747e-09, 3.51176776547e-09, 3.4309346475e-09, 1.26598120875e-09, 2.68370631273e-10, 4.18924867018e-10],
        "stdev": [0.000140325180837, 0.000348220666638, 0.00165833160281, 0.000929404166527, 0.00055379816331, 0.001469402574, 0.00108134269249, 0.000426103273639, 0.000580726889893, 0.000654704170302, 0.00069484784035, 0.000699956784956, 0.000462304858956, 0.000153062079335, 0.00013636793301, 0.00012241609511, 0.000431306631071, 0.000127507635625, 5.86222740822e-05, 7.65943404986e-05, 2.93078792311e-05, 4.63617179776e-05, 5.08063531015e-05, 4.02807381761e-05, 3.56763885065e-05, 3.20882390952e-05, 1.44473715409e-05, 1.35375130412e-05, 6.93169067745e-06, 1.6703777419e-06, 9.98918494588e-07, 9.54766505856e-07, 6.93908077665e-07, 6.14913005847e-07, 4.08964581311e-07, 1.73920298607e-07, 1.01425833066e-07, 1.39209220151e-07, 3.42852821689e-08, 2.0125767719e-08]
    },
    "melbands128": {
        "max": [0.000111257482786, 0.000452198117273, 0.00181535806041, 0.00609053205699, 0.00524853309616, 0.00324889738113, 0.0126182381064, 0.023689744994, 0.0292353220284, 0.00789312645793, 0.00407571159303, 0.00767272245139, 0.00703629897907, 0.0114925447851, 0.0184680055827, 0.0240954551846, 0.0223940014839, 0.00316261290573, 0.0072903749533, 0.00555074121803, 0.00653048232198, 0.0049328263849, 0.0137499468401, 0.0173113532364, 0.0137208634987, 0.00908718630672, 0.0118635520339, 0.0180093236268, 0.0159060414881, 0.018443968147, 0.00912469439209, 0.0180511362851, 0.00529324170202, 0.00700438488275, 0.00217813346535, 0.00283547770232, 0.00547422142699, 0.00197863392532, 0.0050456081517, 0.0051880152896, 0.0035263672471, 0.00290835951455, 0.00841281656176, 0.00841836165637, 0.00313933193684, 0.002424857812, 0.00224787835032, 0.00127424125094, 0.00164447014686, 0.00156643171795, 0.00297921476886, 0.00152075418737, 0.00035950038, 0.000603621709161, 0.000769863952883, 0.000875208177604, 0.00219099712558, 0.00120306550525, 0.00106354313903, 0.000708045321517, 0.000587493879721, 0.000968313717749, 0.00106249225792, 0.000399521057261, 0.000299889157759, 0.0007328063366, 0.000551998557057, 0.000176662550075, 0.000155637681019, 0.000378429016564, 0.000233755970839, 0.000133850859129, 0.000228842414799, 0.000100598059362, 5.54402977286e-05, 3.82639045711e-05, 2.6477904612e-05, 1.78135724127e-05, 1.55439356604e-05, 2.21406389755e-05, 1.66316858667e-05, 3.49065485352e-05, 1.21326766021e-05, 1.09890352178e-05, 1.37817987707e-05, 1.47800137711e-05, 1.5197934772e-05, 1.39538242365e-05, 1.12608231575e-05, 4.89498415845e-06, 2.76973537439e-06, 1.73069372522e-06, 2.49775416705e-06, 1.05637366232e-06, 1.09022505512e-06, 4.67393920189e-06, 3.99109785576e-06, 6.81551057369e-07, 6.18555134224e-07, 5.52159406197e-07, 3.07478160266e-07, 2.0223031072e-07, 2.61767837628e-07, 1.23667476259e-07, 1.42790284485e-07, 1.04662106537e-07, 1.39200110993e-07, 1.20822448935e-07, 1.25469412637e-07, 1.04256436373e-07, 6.95564921216e-08, 5.19894349793e-08, 3.99808222085e-08, 2.42994406818e-08, 1.72965748391e-08, 1.06070254802e-08, 4.92622342918e-09, 3.65963731541e-10, 3.50724144171e-10, 3.36450423077e-10, 3.23312682182e-10, 3.13202852542e-10, 3.03192054796e-10, 2.96315832982e-10, 2.9050900574e-10, 2.84229084713e-10, 2.81760281773e-10, 2.79486933596e-10],
        "mean": [2.95911786452e-06, 1.40249212564e-05, 5.14021921845e-05, 0.000110605193186, 0.000119316369819, 0.000130834712763, 0.000463997770566, 0.0011088734027, 0.000904438376892, 0.000303891312797, 0.000266037677648, 0.000428287923569, 0.000471067003673, 0.000588221591897, 0.000674035167322, 0.000999707262963, 0.000883924774826, 0.000170681421878, 0.000133763503982, 0.000271716882708, 0.000313425785862, 0.000179986600415, 0.000253020552918, 0.000427649763878, 0.000373479299014, 0.0002028769959, 0.000217080436414, 0.000375864532543, 0.000226929128985, 0.000198298599571, 0.000223932263907, 0.000344639876857, 0.00011643369362, 5.59004147362e-05, 2.66227416432e-05, 7.68885074649e-05, 0.000107951098471, 3.65766209143e-05, 4.9517966545e-05, 4.68275648018e-05, 3.95121496695e-05, 4.3768199248e-05, 0.000191422936041, 0.000192505482119, 6.09637863818e-05, 4.46759986517e-05, 3.90020759369e-05, 2.86612357741e-05, 3.3473224903e-05, 3.37838537234e-05, 3.2868290873e-05, 2.40235185629e-05, 9.8522486951e-06, 1.54883164214e-05, 2.20098736463e-05, 1.81408067874e-05, 3.1631647289e-05, 2.52816626016e-05, 2.79197265627e-05, 2.80122167169e-05, 1.33673802338e-05, 2.33080918406e-05, 2.65558683168e-05, 1.06095258161e-05, 8.76703779795e-06, 1.52797383635e-05, 1.40803149407e-05, 7.40370569474e-06, 8.21851244837e-06, 1.39118274092e-05, 6.77369416735e-06, 5.22112623003e-06, 7.07770186636e-06, 2.97243127534e-06, 1.6064244619e-06, 1.59651983722e-06, 8.9656811042e-07, 6.98566566371e-07, 5.98461213031e-07, 5.23176424849e-07, 5.66081666875e-07, 5.63449077617e-07, 4.91518846957e-07, 4.29646405564e-07, 4.32807041761e-07, 3.28063123334e-07, 3.17341289247e-07, 2.54301824043e-07, 1.81487152418e-07, 1.46708899251e-07, 1.20506598478e-07, 8.86604993866e-08, 7.39249372828e-08, 6.07656005513e-08, 5.5231041074e-08, 5.84317909613e-08, 5.09682145378e-08, 3.04563840814e-08, 2.30823751224e-08, 2.01437462266e-08, 1.7053487511e-08, 1.57189532501e-08, 1.28333352833e-08, 1.26137384981e-08, 1.01125836593e-08, 8.96623042479e-09, 7.50288009499e-09, 6.16236794926e-09, 5.12625497606e-09, 4.05146227678e-09, 2.59913846001e-09, 1.76594472379e-09, 6.56905640994e-10, 4.57960891431e-10, 3.86000703623e-10, 3.00184183066e-10, 1.34181568634e-10, 4.84521841052e-12, 4.60943696406e-12, 4.46641985549e-12, 4.3713119062e-12, 4.30168314164e-12, 4.19790547809e-12, 4.12627093951e-12, 4.1182873084e-12, 4.09881243529e-12, 4.05705070233e-12, 4.0075876645e-12],
        "min": [8.10330622047e-11, 1.68341980356e-08, 3.86377934092e-08, 5.89517341609e-08, 1.92920168729e-07, 1.61688063827e-07, 1.45052865719e-07, 2.75714882036e-07, 8.80135019088e-07, 4.27788478419e-07, 7.42268639442e-07, 7.12906739864e-07, 2.05473270398e-06, 7.24099834315e-07, 4.47228785561e-07, 8.58571183926e-07, 6.97043049058e-07, 9.24722272089e-08, 3.1964194136e-07, 3.12991346618e-07, 2.90054913421e-07, 4.05157436489e-07, 5.24120309819e-07, 5.07432787344e-07, 3.55826983878e-07, 3.43073935483e-07, 1.84153151395e-07, 3.18094947716e-07, 4.55537616517e-07, 3.8949951886e-07, 3.72529484594e-07, 3.06264723804e-07, 4.95359131492e-07, 2.77915972902e-07, 4.05897282008e-07, 1.63890916838e-07, 9.32885768634e-08, 9.93466073851e-08, 9.97951019599e-08, 1.26309998905e-07, 6.382749973e-08, 1.56178600719e-07, 2.32113166021e-07, 1.84338446729e-07, 1.81747950023e-07, 2.45737226123e-07, 1.82382279945e-07, 1.04675379475e-07, 5.11472180165e-08, 2.87156485257e-08, 8.24629253771e-08, 1.3781091468e-07, 5.47109770821e-08, 1.54598936319e-07, 9.19463616356e-08, 2.07142107911e-08, 1.92444016278e-08, 2.28070131669e-08, 3.95259291963e-08, 8.75653825005e-08, 9.18895821655e-08, 7.78612374575e-08, 4.85673581352e-08, 9.79807737167e-08, 3.96841350891e-08, 1.29292905271e-08, 3.79786584404e-08, 4.9471616137e-08, 2.81187890749e-08, 2.27836061129e-08, 2.98768156881e-08, 2.77294240902e-08, 2.08918127242e-08, 9.74807878862e-09, 1.79021046876e-08, 1.93825684391e-08, 7.77533326612e-09, 1.03821440334e-08, 7.48839301679e-09, 7.88760523562e-09, 8.6498319618e-09, 3.9089145254e-09, 4.17657997076e-09, 3.26281290874e-09, 2.05399985909e-09, 3.41801542625e-09, 2.92953683534e-09, 1.38916500525e-09, 2.31346852786e-09, 2.21208940054e-09, 1.69747726986e-09, 2.63803245915e-09, 1.93350691013e-09, 1.61128765885e-09, 1.92851667968e-09, 1.75455661111e-09, 1.30589150604e-09, 2.50821030612e-10, 2.99662211711e-10, 2.36345443216e-10, 2.7666097191e-10, 6.45022424361e-10, 3.04932967765e-10, 2.1958906915e-10, 5.32435318057e-10, 4.49788012391e-10, 2.429330348e-10, 1.94087926286e-10, 2.39170211414e-10, 2.02365679769e-10, 1.98538993405e-12, 1.02325035923e-14, 7.6664850412e-15, 7.3492542618e-15, 8.64913558661e-15, 9.48438037634e-15, 8.49187629666e-15, 6.49561361052e-15, 7.30392359956e-15, 6.41298300542e-15, 8.88282096533e-15, 9.00334358933e-15, 7.31268784946e-15, 7.47148619828e-15, 6.84277260505e-15, 6.0162166793e-15, 6.10311378936e-15, 7.44684346875e-15],
        "stdev": [8.12142934592e-06, 4.2223950004e-05, 0.000162771277246, 0.000444114557467, 0.000437924085418, 0.000301292428048, 0.00111276842654, 0.00273995590396, 0.00257904967293, 0.000680379511323, 0.000410526146879, 0.000616425066255, 0.000690398330335, 0.00122150534298, 0.00151389581151, 0.00284092058428, 0.00265280390158, 0.000298418104649, 0.000334753538482, 0.000584868132137, 0.00061488308711, 0.000343403953593, 0.000707909232005, 0.00133346102666, 0.00108905381057, 0.000701415061485, 0.000737870053854, 0.00113974232227, 0.000884658482391, 0.00105143652763, 0.000771854480263, 0.00152463954873, 0.000368096341845, 0.000257504085312, 8.63761888468e-05, 0.000230910285609, 0.000368191482266, 0.000100184428447, 0.000235882267589, 0.000216881162487, 0.000142709046486, 0.000137214039569, 0.000663010578137, 0.000679477350786, 0.000159375849762, 0.000148953360622, 0.000139132069307, 6.31542570773e-05, 8.69705836521e-05, 9.88308311207e-05, 0.000125389313325, 8.83983957465e-05, 2.439668242e-05, 3.49975052814e-05, 5.15958163305e-05, 4.72570973216e-05, 0.00011244253983, 7.70211554482e-05, 6.84973711031e-05, 6.02039472142e-05, 3.71346759493e-05, 8.00300986157e-05, 7.51411498641e-05, 2.63420970441e-05, 1.94876502064e-05, 5.59164072911e-05, 3.88206499338e-05, 1.50914456754e-05, 1.42310809679e-05, 3.31846276822e-05, 1.68536826095e-05, 1.11197887236e-05, 1.72076524905e-05, 6.45152749712e-06, 2.57032866102e-06, 2.55172426478e-06, 1.63909032835e-06, 1.14938995921e-06, 1.10618054805e-06, 1.08910478502e-06, 9.87459657154e-07, 1.33438061312e-06, 7.59618330903e-07, 7.31883062599e-07, 7.48664433559e-07, 6.3114907789e-07, 7.60712111969e-07, 6.88388809067e-07, 4.20648575528e-07, 3.20605380466e-07, 2.25499874773e-07, 1.51931516257e-07, 1.34721588552e-07, 9.73450227093e-08, 9.71027915853e-08, 1.94661481601e-07, 1.75795761947e-07, 4.90222582528e-08, 3.49108830733e-08, 3.09706784662e-08, 2.54650327491e-08, 1.92424227663e-08, 1.66678191249e-08, 1.38268276828e-08, 1.23481234127e-08, 1.03038138022e-08, 1.0092754188e-08, 8.83397888174e-09, 8.50340775571e-09, 7.70010988305e-09, 6.75133060568e-09, 4.92689222753e-09, 2.42278108686e-09, 1.52930546005e-09, 1.14015996644e-09, 9.25491905335e-10, 4.37942931919e-10, 1.32954662904e-11, 1.31483175042e-11, 1.25317759642e-11, 1.21404327563e-11, 1.19384693104e-11, 1.15645487977e-11, 1.15123830607e-11, 1.15305777079e-11, 1.15773206993e-11, 1.15100637355e-11, 1.12298946184e-11]
    },
    "mfcc": {
        "mean": [-670.714599609, 150.543487549, -41.0930976868, 22.9607696533, -17.9211578369, -10.8150682449, -11.3057832718, -7.95138645172, -12.0801830292, -2.56770539284, -8.58201503754, -10.9099340439, -6.39527177811],
        "cov": [[1523.8293457, -610.559143066, -432.192077637, 118.744697571, -63.2945022583, -27.608537674, 52.6543731689, 114.42250061, -66.8672409058, 80.4174346924, -44.9045143127, -6.68570232391, -100.047073364], [-610.559143066, 537.255615234, 168.053833008, -111.017402649, 14.1130418777, -11.0712547302, 10.682759285, -41.7465858459, 22.5666561127, -35.7764015198, 62.9296112061, 0.476804435253, 34.1492042542], [-432.192077637, 168.053833008, 698.471374512, 118.102973938, -30.3834285736, 164.213638306, -106.270736694, 8.63820266724, 0.484722018242, -61.6323852539, -28.6156826019, 27.5250110626, 89.8458480835], [118.744697571, -111.017402649, 118.102973938, 241.658630371, 70.7972564697, 24.1776409149, -70.2666397095, 27.1208610535, 0.66022413969, -24.3680419922, -41.0155601501, 0.175812900066, 46.8576507568], [-63.2945022583, 14.1130418777, -30.3834285736, 70.7972564697, 177.540252686, 20.5475883484, -10.5387210846, 5.97279119492, 26.8550186157, -9.43540477753, 0.459844172001, -2.92230963707, -15.6077232361], [-27.608537674, -11.0712547302, 164.213638306, 24.1776409149, 20.5475883484, 158.949249268, 25.6268501282, 30.7585525513, 9.68117141724, -6.31385564804, -6.75415086746, 2.60958909988, -17.9443721771], [52.6543731689, 10.682759285, -106.270736694, -70.2666397095, -10.5387210846, 25.6268501282, 165.820373535, 34.583190918, 3.63725709915, 27.5094413757, 15.3472318649, -5.63644742966, -49.4085960388], [114.42250061, -41.7465858459, 8.63820266724, 27.1208610535, 5.97279119492, 30.7585525513, 34.583190918, 131.512512207, 48.2684288025, -13.0582389832, -16.9561634064, -13.6387281418, -22.7536830902], [-66.8672409058, 22.5666561127, 0.484722018242, 0.66022413969, 26.8550186157, 9.68117141724, 3.63725709915, 48.2684288025, 98.2661743164, 17.0040473938, -7.50893545151, -2.39148950577, -21.8278884888], [80.4174346924, -35.7764015198, -61.6323852539, -24.3680419922, -9.43540477753, -6.31385564804, 27.5094413757, -13.0582389832, 17.0040473938, 90.6936187744, 41.5473136902, 12.7203903198, -20.2324943542], [-44.9045143127, 62.9296112061, -28.6156826019, -41.0155601501, 0.459844172001, -6.75415086746, 15.3472318649, -16.9561634064, -7.50893545151, 41.5473136902, 93.3208084106, 22.2498817444, -10.7792778015], [-6.68570232391, 0.476804435253, 27.5250110626, 0.175812900066, -2.92230963707, 2.60958909988, -5.63644742966, -13.6387281418, -2.39148950577, 12.7203903198, 22.2498817444, 60.4657058716, 26.6082210541], [-100.047073364, 34.1492042542, 89.8458480835, 46.8576507568, -15.6077232361, -17.9443721771, -49.4085960388, -22.7536830902, -21.8278884888, -20.2324943542, -10.7792778015, 26.6082210541, 130.841781616]],
        "icov": [[0.00202947389334, 0.000920059974305, 0.00136324274354, -0.00128465914167, 0.00117332162336, -0.00064896652475, 0.000784466334153, -0.00235643121414, 0.0027124506887, -0.0019173292676, 0.00111183011904, -0.00123119354248, 0.00127105275169], [0.000920059974305, 0.00457604555413, -0.00138772674836, 0.00174491654616, -0.000965072540566, 0.00177037587855, -0.00153824512381, 0.000802064139862, -0.00157672550995, 0.002589792246, -0.00358260911889, 0.00175394827966, -0.000990915461443], [0.00136324274354, -0.00138772674836, 0.00487226946279, -0.00284580537118, 0.00296373479068, -0.0049628787674, 0.00294622709043, -0.00197466206737, 0.00217977515422, -0.00134264223743, 0.00199270318262, -0.00236752885394, 0.000321784376865], [-0.00128465914167, 0.00174491654616, -0.00284580537118, 0.0093288924545, -0.00504526356235, 0.00168447312899, 0.000906951376237, -0.000495132233482, -0.00071025401121, 0.000700262608007, 9.92689019768e-05, 0.00203302991576, -0.00335438572802], [0.00117332162336, -0.000965072540566, 0.00296373479068, -0.00504526356235, 0.00945280771703, -0.00322913937271, 0.00105065666139, 0.000230954974541, -0.00106807949487, 0.000773793144617, -0.000304150395095, -0.00154416123405, 0.00227284408174], [-0.00064896652475, 0.00177037587855, -0.0049628787674, 0.00168447312899, -0.00322913937271, 0.0124417245388, -0.00412939488888, 6.26872861176e-05, -0.00102635344956, 0.00113164447248, -0.00127183133736, 0.00068761582952, 0.00137819023803], [0.000784466334153, -0.00153824512381, 0.00294622709043, 0.000906951376237, 0.00105065666139, -0.00412939488888, 0.0108967619017, -0.0051005887799, 0.00453830184415, -0.00468916445971, 0.00285837240517, -0.00196375139058, 0.00210709590465], [-0.00235643121414, 0.000802064139862, -0.00197466206737, -0.000495132233482, 0.000230954974541, 6.26872861176e-05, -0.0051005887799, 0.0160867534578, -0.011507329531, 0.00812945701182, -0.00435037678108, 0.00383380334824, -0.00137100357097], [0.0027124506887, -0.00157672550995, 0.00217977515422, -0.00071025401121, -0.00106807949487, -0.00102635344956, 0.00453830184415, -0.011507329531, 0.0216116532683, -0.011150456965, 0.00805869139731, -0.0044427360408, 0.00413612974808], [-0.0019173292676, 0.002589792246, -0.00134264223743, 0.000700262608007, 0.000773793144617, 0.00113164447248, -0.00468916445971, 0.00812945701182, -0.011150456965, 0.0229077301919, -0.0120241139084, 0.00144685443956, -0.00118303485215], [0.00111183011904, -0.00358260911889, 0.00199270318262, 9.92689019768e-05, -0.000304150395095, -0.00127183133736, 0.00285837240517, -0.00435037678108, 0.00805869139731, -0.0120241139084, 0.0212294943631, -0.00785788800567, 0.0033254835289], [-0.00123119354248, 0.00175394827966, -0.00236752885394, 0.00203302991576, -0.00154416123405, 0.00068761582952, -0.00196375139058, 0.00383380334824, -0.0044427360408, 0.00144685443956, -0.00785788800567, 0.0233437977731, -0.0065783271566], [0.00127105275169, -0.000990915461443, 0.000321784376865, -0.00335438572802, 0.00227284408174, 0.00137819023803, 0.00210709590465, -0.00137100357097, 0.00413612974808, -0.00118303485215, 0.0033254835289, -0.0065783271566, 0.0129898935556]]
    },
    "spectral_contrast_coeffs": {
        "max": [-0.352774620056, -0.453329652548, -0.467538803816, -0.589522123337, -0.614583015442, -0.577805876732],
        "mean": [-0.62627774477, -0.716322183609, -0.726916074753, -0.771394789219, -0.775054037571, -0.748258948326],
        "min": [-0.868219971657, -0.952557623386, -0.928553044796, -0.889616787434, -0.877356827259, -0.846682965755],
        "stdev": [0.0746020302176, 0.0767518207431, 0.0742442980409, 0.0565946996212, 0.0486174896359, 0.0342561975121]
    },
    "spectral_contrast_valleys": {
        "max": [-5.51835012436, -5.18150806427, -6.00249767303, -5.89994192123, -6.18383979797, -9.83796215057],
        "mean": [-7.53082132339, -6.59233617783, -7.36611270905, -7.62305641174, -7.63509225845, -11.3252162933],
        "min": [-9.76890087128, -8.15429782867, -8.48752784729, -9.06238269806, -9.02781295776, -12.2885732651],
        "stdev": [0.526969373226, 0.417291134596, 0.403988093138, 0.432894676924, 0.544043242931, 0.435837447643]
    }
},
"rhythm": {
    "beats_count": 112,
    "beats_loudness": {
        "max": 0.0632354840636,
        "mean": 0.0252743065357,
        "min": 0.00351198925637,
        "stdev": 0.0134789170697
    },
    "bpm": 139.357666016,
    "bpm_histogram_first_peak_bpm": 140,
    "bpm_histogram_first_peak_weight": 0.485436916351,
    "bpm_histogram_second_peak_bpm": 129,
    "bpm_histogram_second_peak_spread": 0.285714268684,
    "bpm_histogram_second_peak_weight": 0.0450450442731,
    "danceability": 1.08322572708,
    "onset_rate": 2.296875,
    "beats_loudness_band_ratio": {
        "max": [0.903155207634, 0.868682682514, 0.838293850422, 0.863406419754, 0.570425212383, 0.277457267046],
        "mean": [0.261415928602, 0.288152307272, 0.249830499291, 0.162718385458, 0.104829885066, 0.0311952698976],
        "min": [0.00225762487389, 0.0139789376408, 0.0190609060228, 0.00445570750162, 0.00230975961313, 0.00467740930617],
        "stdev": [0.265990108252, 0.21090722084, 0.202785894275, 0.182932913303, 0.118806250393, 0.0416334606707]
    },
