{
"metadata": {
    "version": {
        "essentia": "2.1-beta5",
        "essentia_git_sha": "Undefined",
        "extractor": "music 2.0"
    },
    "audio_properties": {
        "analysis": {
            "equal_loudness": 0,
            "length": 45.0002708435,
            "sample_rate": 44100,
            "start_time": 175.240997314,
            "downmix": "mix"
        },
        "bit_rate": 192000,
        "length": 220.26449585,
        "lossless": 0,
        "number_channels": 2,
        "replay_gain": -2.8980884552,
        "sample_rate": 48000,
        "codec": "mp3",
        "md5_encoded": "674df001fbb458cae143022e84fa2160"
    },
    "tags": {
        "file_name": "Austria_Lisa Mona Lisa_Wilfried.mp3",
        "encoding": ["Lavf58.29.100"]
    }
},
"lowlevel": {
    "average_loudness": 0.310885578394,
    "barkbands_crest": {
        "max": 23.9195518494,
        "mean": 7.27984476089,
        "min": 2.58342790604,
        "stdev": 3.37753367424
    },
    "barkbands_flatness_db": {
        "max": 0.32052975893,
        "mean": 0.128497436643,
        "min": 0.0148778446019,
        "stdev": 0.050124194473
    },
    "barkbands_kurtosis": {
        "max": 23.5017967224,
        "mean": 1.56195414066,
        "min": -1.85951852798,
        "stdev": 2.57337784767
    },
    "barkbands_skewness": {
        "max": 4.43762779236,
        "mean": 0.0902401059866,
        "min": -3.87774348259,
        "stdev": 1.28890812397
    },
    "barkbands_spread": {
        "max": 94.3048095703,
        "mean": 18.5110588074,
        "min": 1.73819243908,
        "stdev": 9.65326595306
    },
    "dissonance": {
        "max": 0.500000059605,
        "mean": 0.478310793638,
        "min": 0.300364762545,
        "stdev": 0.0254930332303
    },
    "dynamic_complexity": 5.71422100067,
    "erbbands_crest": {
        "max": 29.2664775848,
        "mean": 7.08237409592,
        "min": 2.54195165634,
        "stdev": 3.75557494164
    },
    "erbbands_flatness_db": {
        "max": 0.386596977711,
        "mean": 0.192357167602,
        "min": 0.0516147948802,
        "stdev": 0.0680882260203
    },
    "erbbands_kurtosis": {
        "max": 16.9693336487,
        "mean": 0.312246978283,
        "min": -1.67282319069,
        "stdev": 1.30767416954
    },
    "erbbands_skewness": {
        "max": 3.74030780792,
        "mean": 0.131994351745,
        "min": -3.48348927498,
        "stdev": 0.705374956131
    },
    "erbbands_spread": {
        "max": 82.3317337036,
        "mean": 26.363866806,
        "min": 3.56383943558,
        "stdev": 12.0054597855
    },
    "hfc": {
        "max": 148.118896484,
        "mean": 15.4212532043,
        "min": 1.01147605598e-16,
        "stdev": 19.825428009
    },
    "loudness_ebu128": {
        "integrated": -20.9385662079,
        "loudness_range": 9.23734664917,
        "momentary": {
            "max": -15.4648981094,
            "mean": -86.5730209351,
            "min": -300.691009521,
            "stdev": 116.346626282
        },
        "short_term": {
            "max": -18.0312747955,
            "mean": -73.5994644165,
            "min": -300.691009521,
            "stdev": 106.657417297
        }
    },
    "melbands_crest": {
        "max": 30.5773258209,
        "mean": 7.77127408981,
        "min": 1.41917359829,
        "stdev": 5.3149805069
    },
    "melbands_flatness_db": {
        "max": 0.349626719952,
        "mean": 0.113332487643,
        "min": 0.00241373921745,
        "stdev": 0.0754517242312
    },
    "melbands_kurtosis": {
        "max": 50.6601409912,
        "mean": 2.19482851028,
        "min": -1.76553952694,
        "stdev": 4.88330364227
    },
    "melbands_skewness": {
        "max": 6.39616775513,
        "mean": 0.900777280331,
        "min": -1.05640470982,
        "stdev": 0.978103458881
    },
    "melbands_spread": {
        "max": 202.626556396,
        "mean": 51.3695755005,
        "min": 2.54150629044,
        "stdev": 47.7714080811
    },
    "pitch_salience": {
        "max": 0.908902108669,
        "mean": 0.715969622135,
        "min": 0.168655946851,
        "stdev": 0.10551726073
    },
    "silence_rate_20dB": {
        "max": 1,
        "mean": 1,
        "min": 1,
        "stdev": 0
    },
    "silence_rate_30dB": {
        "max": 1,
        "mean": 0.982465207577,
        "min": 0,
        "stdev": 0.131255656481
    },
    "silence_rate_60dB": {
        "max": 1,
        "mean": 0.384218662977,
        "min": 0,
        "stdev": 0.486408442259
    },
    "spectral_centroid": {
        "max": 11798.2978516,
        "mean": 3928.45898438,
        "min": 392.736999512,
        "stdev": 3947.45263672
    },
    "spectral_complexity": {
        "max": 50,
        "mean": 16.3620414734,
        "min": 0,
        "stdev": 13.1430654526
    },
    "spectral_decrease": {
        "max": 2.61141776355e-28,
        "mean": -3.45266304436e-09,
        "min": -5.44660103685e-08,
        "stdev": 5.98079630265e-09
    },
    "spectral_energy": {
        "max": 0.219002127647,
        "mean": 0.0144299156964,
        "min": 9.56470477103e-21,
        "stdev": 0.02415984869
    },
    "spectral_energyband_high": {
        "max": 0.0134157771245,
        "mean": 0.000393456051825,
        "min": 6.86231217217e-21,
        "stdev": 0.000877475482412
    },
    "spectral_energyband_low": {
        "max": 0.0117202838883,
        "mean": 0.00049767899327,
        "min": 8.26364614833e-24,
        "stdev": 0.00137012393679
    },
    "spectral_energyband_middle_high": {
        "max": 0.0744506940246,
        "mean": 0.00591585692018,
        "min": 9.25596122298e-22,
        "stdev": 0.00758986873552
    },
    "spectral_energyband_middle_low": {
        "max": 0.186344623566,
        "mean": 0.0078503144905,
        "min": 1.37398529191e-22,
        "stdev": 0.0196830704808
    },
    "spectral_entropy": {
        "max": 9.8297328949,
        "mean": 8.18440818787,
        "min": 6.39653491974,
        "stdev": 0.936211764812
    },
    "spectral_flux": {
        "max": 0.402210026979,
        "mean": 0.0561353266239,
        "min": 6.29570978683e-11,
        "stdev": 0.0562291629612
    },
    "spectral_kurtosis": {
        "max": 42.7232055664,
        "mean": 3.89168930054,
        "min": -1.27283358574,
        "stdev": 4.07349538803
    },
    "spectral_rms": {
        "max": 0.0146171338856,
        "mean": 0.00275682331994,
        "min": 3.05473723573e-12,
        "stdev": 0.00254519237205
    },
    "spectral_rolloff": {
        "max": 19595.2148438,
        "mean": 6079.87890625,
        "min": 150.732421875,
        "stdev": 7101.17041016
    },
    "spectral_skewness": {
        "max": 4.54518127441,
        "mean": 1.21513986588,
        "min": -0.0911307483912,
        "stdev": 0.771629214287
    },
    "spectral_spread": {
        "max": 43156344,
        "mean": 12063141,
        "min": 1379690.125,
        "stdev": 15746564
    },
    "spectral_strongpeak": {
        "max": 13.1918115616,
        "mean": 0.960455656052,
        "min": 0,
        "stdev": 1.24412310123
    },
    "zerocrossingrate": {
        "max": 0.72607421875,
        "mean": 0.177974864841,
        "min": 0.0166015625,
        "stdev": 0.182027831674
    },
    "barkbands": {
        "max": [0.0006013798411, 0.0101727135479, 0.00360768428072, 0.00625606067479, 0.0520434603095, 0.131697043777, 0.165001377463, 0.110676594079, 0.0698168501258, 0.0595216825604, 0.0207988154143, 0.0180572178215, 0.0208463761955, 0.0243551861495, 0.0104528749362, 0.0084665985778, 0.00581862172112, 0.0063223936595, 0.00332660647109, 0.00225101737306, 0.00195563747548, 0.00392668601125, 0.00853515509516, 0.00451190536842, 0.000800357316621, 0.000313402619213, 5.46137471247e-07],
        "mean": [1.12322250061e-05, 0.000288921117317, 9.86386075965e-05, 0.000201404400286, 0.000584042165428, 0.00126840197481, 0.00207900209352, 0.00182656780817, 0.00159733672626, 0.00142713671084, 0.000675014045555, 0.000587625487242, 0.000803518982138, 0.00065170560265, 0.000536478823051, 0.000454377033748, 0.000352164555807, 0.000319659739034, 0.000206406126381, 0.000133947964059, 0.000129497930175, 8.61457010615e-05, 5.94398989051e-05, 3.19845603372e-05, 1.39997882798e-05, 5.25348468727e-06, 4.23590940102e-09],
        "min": [5.74216228623e-26, 8.12910710423e-25, 3.34510328535e-25, 1.69214152414e-25, 6.24100994278e-24, 3.77845007066e-24, 5.32113659615e-24, 4.01986044032e-24, 1.04334049127e-23, 1.17722975064e-23, 6.1455558011e-24, 1.46960353244e-23, 1.82144701354e-23, 2.24208026998e-23, 2.16338192835e-23, 3.7165335615e-23, 6.06948444517e-23, 7.26111374723e-23, 7.56552317987e-23, 1.29192697081e-22, 1.73242904599e-22, 2.22801380719e-22, 3.24311370914e-22, 5.35352867642e-22, 7.42382129453e-22, 1.09021909961e-21, 1.84315005379e-21],
        "stdev": [4.7514855396e-05, 0.00100512849167, 0.000319524580846, 0.000553228775971, 0.00175938603934, 0.00534435315058, 0.00856782961637, 0.00780337722972, 0.0051202555187, 0.00385247520171, 0.00148849270772, 0.00108603818808, 0.00166007399093, 0.00135102076456, 0.000902263622265, 0.000740599352866, 0.000557433697395, 0.000517642940395, 0.000332124269335, 0.000223962240852, 0.000229718905757, 0.000236458829022, 0.000314150325721, 0.000176510176971, 4.22802659159e-05, 1.80069182534e-05, 2.54602916527e-08]
    },
    "erbbands": {
        "max": [0.458359658718, 2.19681334496, 4.07872009277, 15.3246240616, 35.8960952759, 126.193969727, 494.488739014, 1367.08813477, 2673.68505859, 2477.5534668, 2469.56005859, 1985.73913574, 1814.15551758, 1043.44238281, 960.241760254, 868.063720703, 1163.28356934, 1069.02209473, 785.759643555, 570.727111816, 313.670074463, 375.430664062, 319.183990479, 255.923690796, 184.412445068, 85.9824295044, 54.6108627319, 109.1537323, 136.072097778, 130.911209106, 333.851501465, 106.362518311, 59.6972846985, 13.2653551102, 4.17057323456, 2.18786406517, 0.430435568094, 0.0271345544606, 0.000553383491933, 0.000252350670053],
        "mean": [0.00920527148992, 0.0603575631976, 0.116336651146, 0.435178458691, 0.990117311478, 1.9506251812, 6.01597118378, 11.7991809845, 27.9157867432, 32.0391349792, 41.9393806458, 37.8984298706, 36.0288200378, 39.2005577087, 30.1038208008, 26.6473751068, 38.0778121948, 33.679233551, 31.5430316925, 26.8283176422, 23.9455337524, 19.6450805664, 15.7078399658, 14.7081747055, 9.02156639099, 6.38598775864, 4.54464197159, 5.57226800919, 3.28003978729, 2.07841515541, 1.78675127029, 0.915833950043, 0.429845750332, 0.160833835602, 0.0998875275254, 0.040034674108, 0.00561708724126, 0.000214792249608, 1.57846970978e-05, 1.85531571333e-05],
        "min": [4.18729892846e-23, 2.32350788101e-22, 1.03677618404e-21, 4.05566896673e-21, 6.66557687621e-21, 1.58057833005e-20, 3.43100688661e-20, 6.12665731725e-20, 7.91253121246e-20, 9.47618368235e-20, 2.22277001525e-19, 3.14844534978e-19, 4.40681350217e-19, 4.85990375065e-19, 6.60359427805e-19, 8.4372313913e-19, 7.82150709463e-19, 1.2824525499e-18, 2.1064650607e-18, 2.35629821432e-18, 3.14940953219e-18, 3.83792489557e-18, 4.17744365954e-18, 4.55512729619e-18, 5.2682599682e-18, 6.79219921254e-18, 7.76972155578e-18, 9.12836405754e-18, 8.54752444885e-18, 1.0498940294e-17, 1.00582953914e-17, 8.70579387853e-18, 9.48018878748e-18, 6.89502768884e-18, 6.14800501355e-18, 3.98465226058e-18, 2.19800334883e-18, 8.08816065581e-19, 2.3530093442e-19, 2.42078396764e-20],
        "stdev": [0.03715756163, 0.205565452576, 0.347562044859, 1.22892892361, 2.51063203812, 5.30870437622, 20.3306789398, 55.3521232605, 116.599868774, 143.318054199, 169.605361938, 120.929504395, 99.2584457397, 89.2009735107, 62.1171836853, 47.7233276367, 77.9297485352, 63.4303131104, 50.3432655334, 46.3683357239, 36.1201171875, 30.8331241608, 23.684513092, 24.2777385712, 15.3478250504, 10.7102956772, 6.8271651268, 11.4808826447, 8.31612586975, 6.96889400482, 11.1213722229, 5.2205657959, 2.30057263374, 0.551123917103, 0.285016328096, 0.1233420223, 0.0237071234733, 0.00118148338515, 3.25501896441e-05, 2.86768918158e-05]
    },
    "gfcc": {
        "mean": [-339.479797363, 52.2572135925, -146.107910156, 5.49913406372, -62.0481681824, 6.61286020279, -33.8086204529, 4.69181871414, -17.8560161591, 0.522280037403, -10.1784076691, -1.64049994946, -3.1945233345],
        "cov": [[268747.21875, 15381.4111328, -41360.7695312, 1453.05200195, -17749.4960938, 1737.03344727, -9588.49707031, 1235.32421875, -4950.55566406, 274.745330811, -2953.41894531, -429.51651001, -968.094543457], [15381.4111328, 1975.37866211, -1865.44116211, 201.028747559, -943.446105957, -119.070159912, -487.375244141, -31.3063240051, -244.357925415, -18.92694664, -89.2334213257, -86.432144165, -4.1771235466], [-41360.7695312, -1865.44116211, 7647.53759766, 218.752563477, 2860.84106445, -255.080383301, 1565.98449707, -174.540267944, 705.4375, 49.2347564697, 405.887878418, 119.381622314, 78.8836593628], [1453.05200195, 201.028747559, 218.752563477, 437.626068115, 26.6326255798, 139.52520752, 64.1181945801, 65.4061508179, -93.2211303711, 22.0646495819, -60.6233558655, 33.4429321289, -34.4706230164], [-17749.4960938, -943.446105957, 2860.84106445, 26.6326255798, 1326.86621094, -43.6728477478, 694.053161621, -47.7543182373, 327.862884521, 2.13277316093, 182.319000244, 42.8111915588, 55.1563529968], [1737.03344727, -119.070159912, -255.080383301, 139.52520752, -43.6728477478, 238.589614868, 45.6840934753, 83.7891540527, -60.9743919373, 25.0610027313, -61.7893447876, 17.2618923187, -43.4123268127], [-9588.49707031, -487.375244141, 1565.98449707, 64.1181945801, 694.053161621, 45.6840934753, 570.409484863, 23.4118175507, 175.894088745, -15.6141996384, 92.6823501587, 16.494430542, 6.87004899979], [1235.32421875, -31.3063240051, -174.540267944, 65.4061508179, -47.7543182373, 83.7891540527, 23.4118175507, 100.213760376, -21.0040855408, 15.6138801575, -31.556520462, 11.274312973, -25.1839694977], [-4950.55566406, -244.357925415, 705.4375, -93.2211303711, 327.862884521, -60.9743919373, 175.894088745, -21.0040855408, 174.546173096, 5.63614797592, 76.5607757568, -0.640394449234, 28.0605278015], [274.745330811, -18.92694664, 49.2347564697, 22.0646495819, 2.13277316093, 25.0610027313, -15.6141996384, 15.6138801575, 5.63614797592, 64.3900146484, -0.897377073765, 12.5009183884, -11.6881732941], [-2953.41894531, -89.2334213257, 405.887878418, -60.6233558655, 182.319000244, -61.7893447876, 92.6823501587, -31.556520462, 76.5607757568, -0.897377073765, 91.0910949707, 11.3837118149, 27.5357685089], [-429.51651001, -86.432144165, 119.381622314, 33.4429321289, 42.8111915588, 17.2618923187, 16.494430542, 11.274312973, -0.640394449234, 12.5009183884, 11.3837118149, 54.0665168762, 6.20936441422], [-968.094543457, -4.1771235466, 78.8836593628, -34.4706230164, 55.1563529968, -43.4123268127, 6.87004899979, -25.1839694977, 28.0605278015, -11.6881732941, 27.5357685089, 6.20936441422, 63.7493629456]],
        "icov": [[0.000242738242378, -0.000728053390048, 0.000598192738835, -0.000310796342092, 0.000977782648988, -0.000404749938753, 0.000465158227598, -0.000395367620513, 0.000150750027387, -0.000890748633537, 0.00122863461729, -0.00120676180813, 0.000759493967053], [-0.000728053390048, 0.00346462358721, -0.00161679240409, -0.000528220902197, -0.00204027397558, 0.00253570382483, -0.00173735199496, 0.00171279651113, -0.000450447434559, 0.00222949776798, -0.00466316426173, 0.00539714237675, -0.002662722487], [0.000598192738835, -0.00161679240409, 0.00260664871894, -0.00165722949896, 0.000714228022844, 0.000746459932998, 9.76936280495e-05, 0.000304319633869, 0.0002161442535, -0.00352801289409, 0.00353317963891, -0.00372471217997, 0.00295137311332], [-0.000310796342092, -0.000528220902197, -0.00165722949896, 0.00620356574655, -0.00178910268005, -0.00250299391337, -0.000309778435621, -0.00154746999033, 0.00294049386866, 0.00138176977634, 0.000656949297991, -0.00113233597949, -0.00129822781309], [0.000977782648988, -0.00204027397558, 0.000714228022844, -0.00178910268005, 0.0107650533319, -0.00319161266088, 0.000326151086483, -0.00121147942264, -0.00202109664679, -0.00249616568908, 0.00284798070788, -0.00340817379765, 0.000396284391172], [-0.000404749938753, 0.00253570382483, 0.000746459932998, -0.00250299391337, -0.00319161266088, 0.0124076474458, -0.00434580957517, -0.000727868988179, 0.00159671134315, -0.00295442133211, 0.00149704213254, 0.00103726168163, 0.0011419885559], [0.000465158227598, -0.00173735199496, 9.76936280495e-05, -0.000309778435621, 0.000326151086483, -0.00434580957517, 0.00853621214628, -0.00442372402176, -0.00124607270118, 0.00294115883298, -0.000592176395003, -0.000474797183415, 0.00214229035191], [-0.000395367620513, 0.00171279651113, 0.000304319633869, -0.00154746999033, -0.00121147942264, -0.000727868988179, -0.00442372402176, 0.0188008304685, -0.00309626013041, -0.0018748184666, 0.00166086212266, -0.00165804754943, 0.00181457598228], [0.000150750027387, -0.000450447434559, 0.0002161442535, 0.00294049386866, -0.00202109664679, 0.00159671134315, -0.00124607270118, -0.00309626013041, 0.0173374582082, -0.00443270569667, -0.00362150394358, 0.00249651726335, -0.00179362623021], [-0.000890748633537, 0.00222949776798, -0.00352801289409, 0.00138176977634, -0.00249616568908, -0.00295442133211, 0.00294115883298, -0.0018748184666, -0.00443270569667, 0.0246303342283, -0.00697699654847, 0.00154071790166, 0.000152701511979], [0.00122863461729, -0.00466316426173, 0.00353317963891, 0.000656949297991, 0.00284798070788, 0.00149704213254, -0.000592176395003, 0.00166086212266, -0.00362150394358, -0.00697699654847, 0.0316801741719, -0.0140859913081, 0.00161401589867], [-0.00120676180813, 0.00539714237675, -0.00372471217997, -0.00113233597949, -0.00340817379765, 0.00103726168163, -0.000474797183415, -0.00165804754943, 0.00249651726335, 0.00154071790166, -0.0140859913081, 0.0329774804413, -0.00886842329055], [0.000759493967053, -0.002662722487, 0.00295137311332, -0.00129822781309, 0.000396284391172, 0.0011419885559, 0.00214229035191, 0.00181457598228, -0.00179362623021, 0.000152701511979, 0.00161401589867, -0.00886842329055, 0.0245965123177]]
    },
    "melbands": {
        "max": [0.00336636812426, 0.00222348910756, 0.00220054015517, 0.00334815285169, 0.0166544578969, 0.0280567184091, 0.0389599129558, 0.0263391118497, 0.0172529704869, 0.0133541217074, 0.00953221414238, 0.00556360324845, 0.00323655712418, 0.00217070267536, 0.00179583055433, 0.00211948412471, 0.0024062867742, 0.00158159248531, 0.000721153686754, 0.000817396270577, 0.000407300860388, 0.000378672033548, 0.000229321041843, 0.000402331817895, 0.00023291411344, 0.000179139271495, 0.000154295470566, 5.94546145294e-05, 3.91380308429e-05, 3.92154397559e-05, 7.03922924004e-05, 7.88413090049e-05, 8.43676025397e-05, 7.21876785974e-05, 0.000197106681298, 0.000135880894959, 7.88635297795e-05, 5.42100788152e-05, 2.60594060819e-05, 5.7854890656e-06],
        "mean": [8.09804696473e-05, 6.99314332451e-05, 8.88934373506e-05, 0.000104835795355, 0.000183119496796, 0.000268756703008, 0.000427842227509, 0.000356816715794, 0.000337321864208, 0.000228579199756, 0.000183565978659, 0.000169217484654, 9.84268190223e-05, 7.25673744455e-05, 7.15172718628e-05, 8.22570509627e-05, 5.95280434936e-05, 5.14032399224e-05, 3.8842070353e-05, 3.26966837747e-05, 2.73927180388e-05, 2.09614900086e-05, 1.52205948325e-05, 1.52038046508e-05, 1.15802549772e-05, 7.9545106928e-06, 4.92704111821e-06, 4.00371618525e-06, 2.72543206847e-06, 2.87227635454e-06, 3.31546107191e-06, 1.82323958597e-06, 1.58025068231e-06, 9.6042936093e-07, 1.09017446448e-06, 7.58481064622e-07, 4.88322598358e-07, 3.25531459566e-07, 1.89557567865e-07, 1.18061137755e-07],
        "min": [4.77291711842e-25, 1.03136246673e-24, 8.66959219522e-25, 7.34860911068e-25, 1.92329712112e-24, 1.46047282245e-24, 1.2066658981e-24, 1.12889496107e-24, 1.86325317053e-24, 1.69501990502e-24, 2.03190117966e-24, 1.3468340564e-24, 1.18543538316e-24, 1.46151687986e-24, 2.15883777399e-24, 1.67961384597e-24, 2.18135995005e-24, 1.98837321542e-24, 2.02907764926e-24, 2.18072629753e-24, 2.99857212178e-24, 3.22728400023e-24, 2.5610848521e-24, 3.10796937996e-24, 3.15176969843e-24, 3.3992690882e-24, 3.13944433843e-24, 4.11424843649e-24, 4.23722987946e-24, 3.8953967277e-24, 4.60257858037e-24, 4.1754131612e-24, 3.95660207876e-24, 5.45649290014e-24, 5.01816825461e-24, 5.64982653636e-24, 4.77804964468e-24, 5.77145311073e-24, 5.69828586734e-24, 5.54332518656e-24],
        "stdev": [0.000297679565847, 0.000196502587642, 0.00022513262229, 0.000236698324443, 0.000633031479083, 0.0011907024309, 0.00175629835576, 0.00157243025023, 0.00129151553847, 0.000759230984841, 0.000515210500453, 0.000416289403802, 0.000220766683924, 0.00012967044313, 0.000135293172207, 0.000161917414516, 0.000126775994431, 9.01094244909e-05, 6.8664077844e-05, 6.24865715508e-05, 4.20153010054e-05, 3.4656986827e-05, 2.3701124519e-05, 2.7467351174e-05, 1.97684494196e-05, 1.43483321153e-05, 9.09307618713e-06, 7.10825224814e-06, 4.17165711042e-06, 4.88586329084e-06, 7.31215277483e-06, 4.63487731395e-06, 5.11960479344e-06, 3.21952279592e-06, 6.70278177495e-06, 4.92405479235e-06, 2.96069561045e-06, 1.94574454326e-06, 8.24466098948e-07, 3.54434803285e-07]
    },
    "melbands128": {
        "max": [0.000597873819061, 0.00407686876133, 0.00460381945595, 0.00395630253479, 0.00247897114605, 0.00167525373399, 0.00381292053498, 0.00223103491589, 0.00481704808772, 0.00283768493682, 0.00436056498438, 0.024693749845, 0.0228940919042, 0.0390231385827, 0.0497739948332, 0.047768458724, 0.0285447891802, 0.0707085505128, 0.0291964970529, 0.0455296039581, 0.0315658971667, 0.0419963486493, 0.0204633139074, 0.0222382936627, 0.0120786204934, 0.0249826405197, 0.0132930669934, 0.013565717265, 0.0204072669148, 0.00882888957858, 0.00418808218092, 0.00389912026003, 0.00431378465146, 0.00406382326037, 0.00336622423492, 0.0043284855783, 0.00296383094974, 0.00248605338857, 0.00360192032531, 0.00634305085987, 0.00257064821199, 0.00187260715757, 0.00281621864997, 0.0036411031615, 0.0021351526957, 0.00168288860004, 0.00172315654345, 0.00108574039768, 0.00160463072825, 0.00140862260014, 0.00170994177461, 0.000668980763294, 0.000889346003532, 0.00069117709063, 0.000523971451912, 0.000533154583536, 0.000957263517193, 0.000340671133017, 0.000285746762529, 0.000313264172291, 0.000618053192738, 0.000472764309961, 0.000292642711429, 0.000326222798321, 0.000234572624322, 0.000395455630496, 0.000321445724694, 0.000403650745284, 0.000112314199214, 8.03756120149e-05, 0.000121571909403, 8.85144472704e-05, 6.84122787789e-05, 3.78194672521e-05, 3.49057081621e-05, 8.81746527739e-05, 6.0179594584e-05, 0.000149228057126, 0.000108231884951, 0.000109995467938, 7.64419601182e-05, 8.91220552148e-05, 9.58103337325e-05, 0.000100219833257, 0.00015651906142, 0.000112841014925, 5.85774687352e-05, 7.53510030336e-05, 0.000203916017199, 0.000381163554266, 0.000142230142956, 0.000128127081553, 7.71184350015e-05, 7.39454844734e-05, 0.000104345228465, 8.64477915457e-05, 3.69890476577e-05, 4.07595580327e-05, 2.2235833967e-05, 2.9292103136e-05, 4.0229683691e-06, 6.24602489552e-06, 7.22424874766e-06, 9.18197565625e-06, 6.51733762425e-06, 4.71198336527e-06, 4.38556435256e-06, 4.54796963822e-06, 6.52251628708e-06, 2.83629037767e-06, 3.40931092069e-06, 3.38241125064e-06, 9.38553057495e-07, 9.01308510493e-07, 8.23593893529e-07, 1.40615640021e-07, 1.6017997595e-08, 2.43852049664e-09, 2.41617947871e-09, 5.81030512592e-09, 2.37577446605e-09, 2.36074937376e-09, 2.32847208181e-09, 2.28504215549e-09, 2.26956919924e-09, 2.2381909659e-09, 2.23596319238e-09, 2.22945040207e-09],
        "mean": [1.04872651718e-05, 7.19902236597e-05, 0.000112680478196, 9.56909279921e-05, 5.94215380261e-05, 4.97919427289e-05, 8.66851623869e-05, 0.000101320641988, 9.02148676687e-05, 0.000116195747978, 9.39993187785e-05, 0.000134354413603, 0.000220909103518, 0.000223681243369, 0.00023805622186, 0.000294718367513, 0.00039784895489, 0.000526893942151, 0.00035732073593, 0.000352733244654, 0.000349444104359, 0.000370815017959, 0.000362995633623, 0.000268609815976, 0.000258800253505, 0.000203219839022, 0.000164608223713, 0.000144921461469, 0.00023584975861, 0.000256073952187, 0.000111253524665, 7.13635818101e-05, 0.000122020115668, 9.97026363621e-05, 6.10649076407e-05, 7.68691170379e-05, 6.81755118421e-05, 5.82354077778e-05, 7.83033028711e-05, 0.000105464896478, 7.50835097278e-05, 6.38600249658e-05, 6.52330636512e-05, 5.22702175658e-05, 5.3693933296e-05, 5.15863539476e-05, 5.04324634676e-05, 3.57491226168e-05, 3.59515324817e-05, 3.7365109165e-05, 3.35617114615e-05, 2.62653666141e-05, 2.93715638691e-05, 2.69313350145e-05, 2.39581931964e-05, 2.08097717405e-05, 1.83061347343e-05, 1.72186591954e-05, 1.41914260894e-05, 1.07130881588e-05, 1.41457094287e-05, 2.10951257031e-05, 1.32209825097e-05, 7.83273662819e-06, 9.84145390248e-06, 9.59266253631e-06, 5.58180181542e-06, 4.97768814967e-06, 4.92863136969e-06, 4.47940374215e-06, 4.59099783257e-06, 3.41279292115e-06, 2.89533772957e-06, 2.50038624472e-06, 2.60246497419e-06, 2.79769892586e-06, 2.57768328993e-06, 4.23156734541e-06, 3.63467688658e-06, 2.24939230975e-06, 1.94442031898e-06, 1.5247059082e-06, 1.71235672042e-06, 1.86707586636e-06, 1.17420267998e-06, 1.00474892406e-06, 8.52405719343e-07, 9.09712866815e-07, 1.18628838663e-06, 1.22290248328e-06, 8.17352542981e-07, 6.53191477795e-07, 5.61275783184e-07, 5.24881443198e-07, 4.14570564544e-07, 3.62221101113e-07, 3.19649785752e-07, 2.56208920746e-07, 1.96437227373e-07, 1.75797623569e-07, 7.2675732099e-08, 1.19926127695e-07, 1.45284346331e-07, 1.35841048632e-07, 1.15537012846e-07, 9.55330605734e-08, 9.47079854541e-08, 8.08226587878e-08, 6.9008009973e-08, 6.06932104574e-08, 4.52486936808e-08, 2.42911593062e-08, 7.11001968412e-09, 3.91068111227e-09, 2.43229902885e-09, 8.71066274666e-10, 1.55529117363e-10, 5.33813835149e-12, 7.26661179146e-12, 8.6160852758e-12, 4.16339835871e-12, 3.59921922995e-12, 3.44366982846e-12, 3.35700260992e-12, 3.22833253186e-12, 3.02814175644e-12, 2.92529477204e-12, 2.89977633919e-12],
        "min": [1.14367182035e-26, 1.22341208391e-25, 1.43430455594e-25, 1.57168024524e-25, 6.50168003097e-26, 2.08765900243e-25, 2.22994806257e-25, 1.0773523919e-25, 2.04516207939e-25, 2.19545585905e-25, 1.51498444221e-25, 3.40643820681e-25, 1.05472404009e-25, 2.51013617193e-25, 2.81070967967e-25, 3.9040721269e-25, 3.23198235718e-25, 8.91819949083e-26, 3.20578058873e-25, 3.44433114039e-25, 1.95453280822e-25, 4.313559469e-25, 3.39272114826e-25, 6.31446669813e-25, 5.08056991322e-25, 6.02973228477e-25, 6.05387882404e-25, 4.01396981872e-25, 6.73775861303e-25, 5.38406195979e-25, 3.72933992943e-25, 7.79536372106e-25, 2.70471586325e-25, 5.73828121384e-25, 5.31575794528e-25, 5.49064150543e-25, 4.37781712011e-25, 9.73274299541e-25, 6.10740895291e-25, 5.54938896312e-25, 5.71328763517e-25, 1.17404137207e-24, 9.87733528288e-25, 1.26571864496e-24, 1.00637934047e-24, 1.2276706016e-24, 1.39668651573e-24, 9.28230243245e-25, 1.03308612781e-24, 1.3196239758e-24, 1.08384528414e-24, 9.58108448638e-25, 1.50172107729e-24, 1.43138466126e-24, 1.19755208945e-24, 1.58466388502e-24, 1.26087730697e-24, 1.62327547088e-24, 1.1660191497e-24, 1.63308495624e-24, 1.68330019298e-24, 1.08423636194e-24, 1.39573179682e-24, 1.41698065277e-24, 2.21119151405e-24, 1.3495191417e-24, 2.36560866966e-24, 1.89782677464e-24, 1.05027392782e-24, 2.64122838691e-24, 1.87109622287e-24, 2.83098907487e-24, 2.26882194469e-24, 2.22812500502e-24, 2.59485440973e-24, 1.61190305486e-24, 3.04550441526e-24, 2.33463818774e-24, 2.21745822508e-24, 2.70161430869e-24, 2.53251980429e-24, 2.18119527534e-24, 1.63523548967e-24, 2.17814928617e-24, 2.27307824371e-24, 3.87917893078e-24, 1.71185991598e-24, 2.36394259543e-24, 2.64520680967e-24, 3.1013098162e-24, 2.32664446297e-24, 3.39643983857e-24, 3.50947532325e-24, 2.07086676686e-24, 3.09329203117e-24, 3.59773308132e-24, 3.78068885791e-24, 2.7929551324e-24, 3.64140797091e-24, 3.01007706644e-24, 3.68458390597e-24, 3.9511005628e-24, 3.32834142092e-24, 3.75973631783e-24, 4.50041714884e-24, 4.47289103084e-24, 3.7007875034e-24, 3.33799471182e-24, 4.28061722925e-24, 3.56382547303e-24, 4.41828134582e-24, 4.63057170402e-24, 3.90407064779e-24, 4.72243100656e-24, 3.39416791916e-24, 4.39435795557e-24, 4.55234707337e-24, 4.53603106326e-24, 4.56407664617e-24, 5.17816068467e-24, 4.8030166979e-24, 5.00505068105e-24, 4.20017432173e-24, 5.45646292342e-24, 4.38871957225e-24, 5.3146482152e-24, 4.9738027173e-24, 5.33810814966e-24],
        "stdev": [4.61109593743e-05, 0.000319472252158, 0.000433293083915, 0.000327564252075, 0.000193895946722, 0.000160086347023, 0.000277144514257, 0.000269069336355, 0.000286644033622, 0.00027660356136, 0.000276315811789, 0.000719985459, 0.000816307379864, 0.00108843133785, 0.00149863550905, 0.0017579968553, 0.00178570311982, 0.00268872734159, 0.0018277663039, 0.00216851453297, 0.00194402679335, 0.00217571435496, 0.00154381722677, 0.00118398305494, 0.000840820022859, 0.00114449870307, 0.000600670289714, 0.000601533101872, 0.000918301870115, 0.0007774765254, 0.000264898349997, 0.0001942980889, 0.000351481401594, 0.00025510895648, 0.000137408191222, 0.000193288171431, 0.000162357391673, 0.000132778761326, 0.000200381386094, 0.000298564991681, 0.000182291681995, 0.000138797404361, 0.000160728857736, 0.000171115680132, 0.000124997022795, 0.000100951758213, 9.44707353483e-05, 7.98755645519e-05, 9.38521552598e-05, 7.84536678111e-05, 9.88838146441e-05, 5.63592438994e-05, 5.31151999894e-05, 5.06692085764e-05, 4.60410738015e-05, 4.27804770879e-05, 4.06626822951e-05, 3.06987021759e-05, 2.58170402958e-05, 2.13799030462e-05, 3.44952786691e-05, 4.90193378937e-05, 2.89109066216e-05, 1.6733096345e-05, 2.0313747882e-05, 2.23087099585e-05, 1.4142146938e-05, 1.42380704347e-05, 1.00418355942e-05, 9.08194760996e-06, 1.01157156678e-05, 6.42419945507e-06, 5.92047035752e-06, 4.37904009232e-06, 4.39203449787e-06, 5.65662139707e-06, 5.07983668285e-06, 1.18003399621e-05, 9.91584602161e-06, 5.47070476387e-06, 4.84244765175e-06, 4.81620054416e-06, 5.53741529075e-06, 6.01594001637e-06, 5.35312847205e-06, 3.89826209357e-06, 2.55012992056e-06, 3.63097478839e-06, 7.39344386602e-06, 1.11489507617e-05, 5.03478986502e-06, 4.67843256047e-06, 3.25304040416e-06, 3.09823826683e-06, 3.07765708385e-06, 2.81183315565e-06, 1.63221670846e-06, 1.19925107356e-06, 8.15562430034e-07, 8.66047969339e-07, 2.22324587185e-07, 3.60778955155e-07, 4.52742654034e-07, 4.44536567556e-07, 3.62143168786e-07, 2.75441152553e-07, 2.57388506952e-07, 2.49447822398e-07, 2.63073758333e-07, 2.0184059224e-07, 1.73657440428e-07, 1.34175124344e-07, 4.54480222345e-08, 3.73859734282e-08, 2.87077028815e-08, 5.86612358688e-09, 9.11728692543e-10, 5.76695427523e-11, 7.51976605984e-11, 1.46438375315e-10, 5.47227228809e-11, 5.37654712418e-11, 5.30186831937e-11, 5.20302169404e-11, 5.16755319091e-11, 5.09634764945e-11, 5.09114070346e-11, 5.07617871348e-11]
    },
    "mfcc": {
        "mean": [-812.051452637, 74.643371582, -42.4865570068, -6.11068916321, -16.8736515045, -4.97591686249, -10.4312210083, -1.88857245445, -5.07387685776, -1.88932156563, -2.40473604202, -1.42110860348, -4.32653903961],
        "cov": [[69907.0546875, 10766.3642578, -6208.7890625, -952.974121094, -2652.16894531, -709.370483398, -1725.82336426, -358.409729004, -721.547119141, -274.564422607, -235.053405762, -196.85194397, -630.53302002], [10766.3642578, 2681.90258789, -672.615478516, 89.377822876, -394.18447876, -180.934585571, -300.987579346, -141.580566406, -173.28717041, -67.6411972046, -48.1335067749, -40.3693122864, -100.144515991], [-6208.7890625, -672.615478516, 1464.18200684, 519.905517578, 354.845001221, 181.4581604, 264.599334717, 52.3774986267, 77.4010009766, 52.1453056335, 24.3403263092, 28.6879043579, 85.9154968262], [-952.974121094, 89.377822876, 519.905517578, 414.627227783, 123.12512207, 104.465675354, 144.497558594, 63.4254379272, 37.2725143433, 18.3037281036, -1.82916224003, 4.93372154236, 20.1084957123], [-2652.16894531, -394.18447876, 354.845001221, 123.12512207, 261.133605957, 71.4166793823, 71.7884750366, 1.84852588177, 38.9529953003, 12.003651619, 5.31301641464, 7.64411592484, 44.7056770325], [-709.370483398, -180.934585571, 181.4581604, 104.465675354, 71.4166793823, 161.988922119, 129.63293457, 74.5741577148, 53.6547012329, 35.3222160339, 22.4588222504, 6.05206298828, 13.9064416885], [-1725.82336426, -300.987579346, 264.599334717, 144.497558594, 71.7884750366, 129.63293457, 228.6612854, 119.00668335, 72.1459121704, 46.7119102478, 31.4551410675, 7.75562858582, 12.6319856644], [-358.409729004, -141.580566406, 52.3774986267, 63.4254379272, 1.84852588177, 74.5741577148, 119.00668335, 145.756896973, 57.805355072, 31.5851821899, 34.0977592468, 5.44224023819, -1.22962164879], [-721.547119141, -173.28717041, 77.4010009766, 37.2725143433, 38.9529953003, 53.6547012329, 72.1459121704, 57.805355072, 84.4663696289, 41.1278610229, 19.0719661713, 6.9405207634, 8.14236831665], [-274.564422607, -67.6411972046, 52.1453056335, 18.3037281036, 12.003651619, 35.3222160339, 46.7119102478, 31.5851821899, 41.1278610229, 61.1746520996, 25.4982852936, 8.30715942383, 3.81574249268], [-235.053405762, -48.1335067749, 24.3403263092, -1.82916224003, 5.31301641464, 22.4588222504, 31.4551410675, 34.0977592468, 19.0719661713, 25.4982852936, 66.3270721436, 18.0709819794, 8.58655261993], [-196.85194397, -40.3693122864, 28.6879043579, 4.93372154236, 7.64411592484, 6.05206298828, 7.75562858582, 5.44224023819, 6.9405207634, 8.30715942383, 18.0709819794, 39.0707893372, 15.1824140549], [-630.53302002, -100.144515991, 85.9154968262, 20.1084957123, 44.7056770325, 13.9064416885, 12.6319856644, -1.22962164879, 8.14236831665, 3.81574249268, 8.58655261993, 15.1824140549, 43.9859962463]],
        "icov": [[7.56845256547e-05, -0.000212023966014, 0.00018256957992, -8.15670064185e-05, 0.000233534403378, -0.00037239244557, 0.000345324951923, -0.000165233257576, 5.80054766033e-05, -0.000115736773296, 0.000108600579551, -5.26258518221e-05, 5.5745440477e-05], [-0.000212023966014, 0.00145421549678, -2.22889102588e-05, -0.0013026711531, 0.000330405135173, 0.00090342015028, -5.58324900339e-05, 0.00102368788794, 0.000576681282837, -0.000127716397401, -0.0008393592434, 0.000503298884723, 0.000228270044317], [0.00018256957992, -2.22889102588e-05, 0.00249381572939, -0.00268400507048, -9.39387900871e-05, -0.000738308823202, 0.00017798889894, 0.000921060447581, 0.000801901449449, -0.00101795012597, -0.000378007331165, -9.45891224546e-05, -0.000727829232346], [-8.15670064185e-05, -0.0013026711531, -0.00268400507048, 0.00779571104795, -0.00204345886596, -0.00021715053299, -0.00264016748406, -0.00215592514724, -0.000705416547135, 0.00136210396886, 0.0024587654043, -0.000904319866095, 0.000231639380218], [0.000233534403378, 0.000330405135173, -9.39387900871e-05, -0.00204345886596, 0.00883531663567, -0.00291742663831, 0.00195846660063, 0.00215854030102, -0.00181573058944, 0.000880860898178, -0.000514452112839, 0.00162936747074, -0.00354428682476], [-0.00037239244557, 0.00090342015028, -0.000738308823202, -0.00021715053299, -0.00291742663831, 0.0143298385665, -0.00676624383777, -0.000494409934618, -0.00151060847566, -0.000929557776544, -0.00079872563947, 0.000645954103675, -0.00108272524085], [0.000345324951923, -5.58324900339e-05, 0.00017798889894, -0.00264016748406, 0.00195846660063, -0.00676624383777, 0.0157090257853, -0.00679215230048, -0.000367608619854, -0.00277859903872, 9.6197349194e-05, 0.00050510285655, 0.00124580645934], [-0.000165233257576, 0.00102368788794, 0.000921060447581, -0.00215592514724, 0.00215854030102, -0.000494409934618, -0.00679215230048, 0.0168085750192, -0.00580653175712, 0.00256849685684, -0.00540909636766, 0.00105118216015, 0.00107666070107], [5.80054766033e-05, 0.000576681282837, 0.000801901449449, -0.000705416547135, -0.00181573058944, -0.00151060847566, -0.000367608619854, -0.00580653175712, 0.0249408427626, -0.0125600164756, 0.00202426919714, -0.000627426372375, -0.000538989785127], [-0.000115736773296, -0.000127716397401, -0.00101795012597, 0.00136210396886, 0.000880860898178, -0.000929557776544, -0.00277859903872, 0.00256849685684, -0.0125600164756, 0.0288107059896, -0.00719734467566, -0.0010340209119, 0.00127177045215], [0.000108600579551, -0.0008393592434, -0.000378007331165, 0.0024587654043, -0.000514452112839, -0.00079872563947, 9.6197349194e-05, -0.00540909636766, 0.00202426919714, -0.00719734467566, 0.0227034557611, -0.00813452992588, -0.00151793879922], [-5.26258518221e-05, 0.000503298884723, -9.45891224546e-05, -0.000904319866095, 0.00162936747074, 0.000645954103675, 0.00050510285655, 0.00105118216015, -0.000627426372375, -0.0010340209119, -0.00813452992588, 0.0336624868214, -0.0108115607873], [5.5745440477e-05, 0.000228270044317, -0.000727829232346, 0.000231639380218, -0.00354428682476, -0.00108272524085, 0.00124580645934, 0.00107666070107, -0.000538989785127, 0.00127177045215, -0.00151793879922, -0.0108115607873, 0.0330035053194]]
    },
    "spectral_contrast_coeffs": {
        "max": [-0.242283254862, -0.452322930098, -0.496871799231, -0.588463127613, -0.586922645569, -0.542252779007],
        "mean": [-0.752466380596, -0.822212219238, -0.824934124947, -0.840667247772, -0.829207897186, -0.794967710972],
        "min": [-0.983788609505, -0.984293043613, -0.979447066784, -0.972555816174, -0.971053481102, -0.964639365673],
        "stdev": [0.148655131459, 0.10506734252, 0.0996856093407, 0.0817403718829, 0.0826958268881, 0.0997864454985]
    },
    "spectral_contrast_valleys": {
        "max": [-5.68324518204, -4.22738313675, -5.25862598419, -5.53216981888, -5.95991516113, -7.84419059753],
        "mean": [-13.0297527313, -11.5985994339, -11.7315368652, -11.8386621475, -12.1336193085, -14.5422945023],
        "min": [-28.0456447601, -28.1663799286, -27.9878902435, -27.6974811554, -27.5026855469, -27.4429473877],
        "stdev": [7.90787363052, 8.67188835144, 8.60025405884, 8.53343582153, 8.36904811859, 7.04948234558]
    }
},
"rhythm": {
    "beats_count": 112,
    "beats_loudness": {
        "max": 0.159934520721,
        "mean": 0.0176799986511,
        "min": 0,
        "stdev": 0.0263811778277
    },
    "bpm": 165.041549683,
    "bpm_histogram_first_peak_bpm": 167,
    "bpm_histogram_first_peak_weight": 0,
    "bpm_histogram_second_peak_bpm": 178,
    "bpm_histogram_second_peak_spread": 0,
    "bpm_histogram_second_peak_weight": 0.135135129094,
    "danceability": 1.04416954517,
    "onset_rate": 1.88839018345,
    "beats_loudness_band_ratio": {
        "max": [0.332474499941, 0.802443683147, 0.784257411957, 0.826583266258, 0.57314234972, 0.843597352505],
        "mean": [0.0360760502517, 0.0920033529401, 0.218471169472, 0.242205351591, 0.158305123448, 0.0617993175983],
        "min": [0, 0, 0, 0, 0, 0],
        "stdev": [0.0664946958423, 0.141678765416, 0.218754008412, 0.208552420139, 0.159952566028, 0.110331811011]
    },
