{
"metadata": {
    "version": {
        "essentia": "2.1-beta5",
        "essentia_git_sha": "Undefined",
        "extractor": "music 2.0"
    },
    "audio_properties": {
        "analysis": {
            "equal_loudness": 0,
            "length": 12.7477550507,
            "sample_rate": 44100,
            "start_time": 0,
            "downmix": "mix"
        },
        "bit_rate": 192000,
        "length": 219.811706543,
        "lossless": 0,
        "number_channels": 2,
        "replay_gain": 5.45831489563,
        "sample_rate": 48000,
        "codec": "mp3",
        "md5_encoded": "3ebc63e4c17723d7033e9f075016e8ad"
    },
    "tags": {
        "file_name": "Norway_For Vår Jord_Karoline Krüger.mp3",
        "encoding": ["Lavf58.29.100"]
    }
},
"lowlevel": {
    "average_loudness": 0.000584752473515,
    "barkbands_crest": {
        "max": 21.9242134094,
        "mean": 6.79981279373,
        "min": 2.56043791771,
        "stdev": 1.96701431274
    },
    "barkbands_flatness_db": {
        "max": 0.297667205334,
        "mean": 0.0889995768666,
        "min": 0.0469407550991,
        "stdev": 0.0429251901805
    },
    "barkbands_kurtosis": {
        "max": 15.3118782043,
        "mean": 3.2612798214,
        "min": -1.35468828678,
        "stdev": 1.80409681797
    },
    "barkbands_skewness": {
        "max": 3.48896217346,
        "mean": -1.3236964941,
        "min": -2.22032260895,
        "stdev": 1.14152359962
    },
    "barkbands_spread": {
        "max": 64.9802856445,
        "mean": 24.2837333679,
        "min": 2.61153650284,
        "stdev": 6.98696947098
    },
    "dissonance": {
        "max": 0.49999794364,
        "mean": 0.485780417919,
        "min": 0.188219889998,
        "stdev": 0.0266948454082
    },
    "dynamic_complexity": 15.9455633163,
    "erbbands_crest": {
        "max": 31.1213283539,
        "mean": 4.93424510956,
        "min": 2.58291053772,
        "stdev": 3.9324491024
    },
    "erbbands_flatness_db": {
        "max": 0.328235596418,
        "mean": 0.118621088564,
        "min": 0.0784785822034,
        "stdev": 0.0448680482805
    },
    "erbbands_kurtosis": {
        "max": 41.7673530579,
        "mean": 0.6838311553,
        "min": -1.62314069271,
        "stdev": 3.14343142509
    },
    "erbbands_skewness": {
        "max": 4.01596069336,
        "mean": -0.34847420454,
        "min": -1.0274553299,
        "stdev": 0.690426528454
    },
    "erbbands_spread": {
        "max": 94.7575683594,
        "mean": 33.5017623901,
        "min": 2.45267057419,
        "stdev": 9.21746253967
    },
    "hfc": {
        "max": 274.709686279,
        "mean": 5.95478868484,
        "min": 1.06827173268e-16,
        "stdev": 24.7709102631
    },
    "loudness_ebu128": {
        "integrated": -24.7639923096,
        "loudness_range": 10.0364456177,
        "momentary": {
            "max": -22.4540977478,
            "mean": -242.492645264,
            "min": -300.691009521,
            "stdev": 108.7110672
        },
        "short_term": {
            "max": -27.0461425781,
            "mean": -229.238815308,
            "min": -300.691009521,
            "stdev": 114.287406921
        }
    },
    "melbands_crest": {
        "max": 26.0586967468,
        "mean": 3.68617391586,
        "min": 1.32736539841,
        "stdev": 3.45809173584
    },
    "melbands_flatness_db": {
        "max": 0.351688355207,
        "mean": 0.043223567307,
        "min": 0.000664892606437,
        "stdev": 0.0859679952264
    },
    "melbands_kurtosis": {
        "max": 21.7239608765,
        "mean": 0.0676324591041,
        "min": -1.44439160824,
        "stdev": 3.69123506546
    },
    "melbands_skewness": {
        "max": 4.09224462509,
        "mean": 0.205217495561,
        "min": -1.17400670052,
        "stdev": 0.7108720541
    },
    "melbands_spread": {
        "max": 159.424621582,
        "mean": 110.099998474,
        "min": 5.86369466782,
        "stdev": 44.7768707275
    },
    "pitch_salience": {
        "max": 0.982543826103,
        "mean": 0.764438271523,
        "min": 0.247990056872,
        "stdev": 0.0835419669747
    },
    "silence_rate_20dB": {
        "max": 1,
        "mean": 1,
        "min": 1,
        "stdev": 0
    },
    "silence_rate_30dB": {
        "max": 1,
        "mean": 0.976363658905,
        "min": 0,
        "stdev": 0.151913434267
    },
    "silence_rate_60dB": {
        "max": 1,
        "mean": 0.8836363554,
        "min": 0,
        "stdev": 0.320660531521
    },
    "spectral_centroid": {
        "max": 11991.6113281,
        "mean": 8980.30175781,
        "min": 362.372467041,
        "stdev": 3929.72314453
    },
    "spectral_complexity": {
        "max": 28,
        "mean": 1.70181822777,
        "min": 0,
        "stdev": 4.87910270691
    },
    "spectral_decrease": {
        "max": 2.3710436509e-28,
        "mean": -2.26868679398e-09,
        "min": -8.79452670688e-08,
        "stdev": 7.95151766653e-09
    },
    "spectral_energy": {
        "max": 0.349541187286,
        "mean": 0.00910266488791,
        "min": 9.86989402738e-21,
        "stdev": 0.0318244025111
    },
    "spectral_energyband_high": {
        "max": 0.0288178045303,
        "mean": 0.00023838999914,
        "min": 6.89426687009e-21,
        "stdev": 0.00181230599992
    },
    "spectral_energyband_low": {
        "max": 0.0993505492806,
        "mean": 0.00214255135506,
        "min": 6.39474986131e-24,
        "stdev": 0.0080294534564
    },
    "spectral_energyband_middle_high": {
        "max": 0.0164663121104,
        "mean": 0.000544393784367,
        "min": 1.03303912905e-21,
        "stdev": 0.00192440126557
    },
    "spectral_energyband_middle_low": {
        "max": 0.322048872709,
        "mean": 0.00672148680314,
        "min": 1.57246509381e-22,
        "stdev": 0.0263032354414
    },
    "spectral_entropy": {
        "max": 9.8299665451,
        "mean": 9.30109214783,
        "min": 5.88195037842,
        "stdev": 1.01399075985
    },
    "spectral_flux": {
        "max": 0.227158606052,
        "mean": 0.0106402328238,
        "min": 6.24413437622e-11,
        "stdev": 0.032201949507
    },
    "spectral_kurtosis": {
        "max": 36.8347434998,
        "mean": 0.515863537788,
        "min": -1.26956045628,
        "stdev": 4.59780931473
    },
    "spectral_rms": {
        "max": 0.0184666123241,
        "mean": 0.000987166073173,
        "min": 3.10308961686e-12,
        "stdev": 0.00281178741716
    },
    "spectral_rolloff": {
        "max": 19702.8808594,
        "mean": 15207.4179688,
        "min": 279.931640625,
        "stdev": 6889.18457031
    },
    "spectral_skewness": {
        "max": 4.40242195129,
        "mean": 0.419057995081,
        "min": -0.107944481075,
        "stdev": 0.876553714275
    },
    "spectral_spread": {
        "max": 42995996,
        "mean": 32849756,
        "min": 1382346,
        "stdev": 14789362
    },
    "spectral_strongpeak": {
        "max": 12.8640422821,
        "mean": 0.329269051552,
        "min": 0,
        "stdev": 1.30413651466
    },
    "zerocrossingrate": {
        "max": 0.70849609375,
        "mean": 0.412305563688,
        "min": 0.0126953125,
        "stdev": 0.173647403717
    },
    "barkbands": {
        "max": [0.00102120602969, 0.0941890701652, 0.0175144858658, 0.0142480926588, 0.0196038931608, 0.0264696702361, 0.0195713024586, 0.283830434084, 0.0708285719156, 0.00261292839423, 0.000484502495965, 0.0068855760619, 0.0126508884132, 0.00624206941575, 0.000755566230509, 0.00126957672182, 0.000629134243354, 0.000591203686781, 0.000245397037361, 0.000874938326888, 0.00107343529817, 0.00487345224246, 0.00131971132942, 0.0184344891459, 0.00241726101376, 0.00295163877308, 7.16204112905e-06],
        "mean": [1.4296727386e-05, 0.00124611146748, 0.000340383528965, 0.000655976240523, 0.00110738596413, 0.000671177054755, 0.000820914574433, 0.00211472110823, 0.0013417119626, 9.42108454183e-05, 7.00339069226e-06, 7.8334378486e-05, 0.000197135843337, 8.75306577655e-05, 1.77873644134e-05, 2.63716046902e-05, 1.40250813274e-05, 1.18846000987e-05, 6.7200412559e-06, 1.68405640579e-05, 1.09489837996e-05, 6.13194642938e-05, 1.53018117999e-05, 9.6969823062e-05, 2.28711014643e-05, 2.46896379394e-05, 4.19774330851e-08],
        "min": [4.52695041143e-26, 9.30242726022e-25, 3.49875736595e-25, 6.24715221101e-25, 3.92813800514e-24, 2.71708525155e-24, 5.9062599731e-24, 5.63880062749e-24, 1.12669058788e-23, 1.24369341183e-23, 8.41652344745e-24, 1.50172610628e-23, 2.01979330861e-23, 2.09457732243e-23, 3.44231288907e-23, 5.3730357551e-23, 4.85832547146e-23, 6.74863436223e-23, 9.23368379102e-23, 1.64932538952e-22, 2.14855494054e-22, 2.6255618381e-22, 3.81285278383e-22, 5.24674190096e-22, 7.66715900915e-22, 1.24581457991e-21, 1.79674473675e-21],
        "stdev": [8.51355071063e-05, 0.00608142651618, 0.00126487377565, 0.00217987876385, 0.00343906646594, 0.00245428457856, 0.00284548569471, 0.0184045322239, 0.00681896926835, 0.000341543054674, 3.07446316583e-05, 0.000555103761144, 0.00112360739149, 0.000513933715411, 7.92411665316e-05, 0.000117630544992, 6.03154767305e-05, 5.21902620676e-05, 2.72689740086e-05, 7.42230040487e-05, 5.9352722019e-05, 0.000424802710768, 9.9462144135e-05, 0.00102475425228, 0.000161443414981, 0.000197527522687, 4.12051861076e-07]
    },
    "erbbands": {
        "max": [2.24311447144, 22.6430168152, 20.9927463531, 40.8318023682, 38.5446205139, 80.0138626099, 136.706756592, 291.125274658, 298.319122314, 503.067718506, 7799.64501953, 1967.58508301, 163.429046631, 92.3743591309, 27.888502121, 356.114929199, 649.779785156, 377.687591553, 20.8268680573, 80.5616073608, 66.8804016113, 27.2557563782, 34.2528266907, 16.906463623, 22.6075115204, 38.3453483582, 53.1721229553, 101.710090637, 160.618469238, 98.6210632324, 28.3135910034, 228.426208496, 315.552368164, 40.785949707, 14.2469940186, 17.1015758514, 4.0133266449, 0.206496506929, 0.00473635224625, 0.000490489182994],
        "mean": [0.0272047054023, 0.304693937302, 0.393748044968, 1.87745940685, 2.03340768814, 4.22198820114, 5.28984880447, 5.227891922, 13.6502752304, 7.68574762344, 62.527557373, 39.6244621277, 7.03359746933, 3.37332892418, 0.714272975922, 4.88236427307, 10.4627990723, 5.54366016388, 0.660675883293, 1.61045348644, 1.17224824429, 0.779658317566, 0.78851377964, 0.326439768076, 0.620956838131, 0.640715360641, 0.516253590584, 1.0210852623, 2.07956504822, 0.95661765337, 0.377841204405, 1.18171691895, 1.74872303009, 0.334020614624, 0.150949031115, 0.144154667854, 0.0329947210848, 0.00149136700202, 4.27785562351e-05, 1.35162154038e-05],
        "min": [2.35728851425e-23, 1.66443087679e-22, 1.394019052e-21, 4.3522293722e-21, 7.71968649266e-21, 9.27833629699e-21, 2.17568243576e-20, 2.94340104073e-20, 1.03383831154e-19, 1.79751904728e-19, 2.08505413678e-19, 2.44762588158e-19, 3.03594542606e-19, 4.61815091085e-19, 4.4091032415e-19, 8.22280704797e-19, 1.30010148224e-18, 1.68021341098e-18, 1.85003059221e-18, 2.38667538834e-18, 2.96834259123e-18, 3.58002776496e-18, 4.00383209744e-18, 5.17578986111e-18, 5.4262725583e-18, 7.25692168838e-18, 7.31911491709e-18, 8.94421462803e-18, 9.84673485077e-18, 9.52150894061e-18, 1.06668604399e-17, 8.89799922003e-18, 8.40665641771e-18, 7.38286241818e-18, 5.80412783494e-18, 4.11767158847e-18, 2.19197030703e-18, 8.51106398181e-19, 2.4077966181e-19, 2.4877956139e-20],
        "stdev": [0.149297595024, 1.46361589432, 1.49951303005, 6.1641793251, 6.31194496155, 13.3006887436, 19.709148407, 21.4722232819, 45.0695457458, 36.7775650024, 507.834777832, 199.112518311, 23.6372432709, 12.4713668823, 2.82328248024, 29.3848800659, 58.2035140991, 30.0454463959, 2.35319185257, 8.31018638611, 5.20354747772, 3.07562828064, 3.28339290619, 1.25022804737, 2.54418468475, 2.92188668251, 2.91690373421, 6.51500415802, 14.1584911346, 7.11876583099, 2.23356890678, 12.2735929489, 18.0883865356, 2.55791568756, 1.04252529144, 1.16117811203, 0.263415515423, 0.0134756695479, 0.000315319921356, 4.96465509059e-05]
    },
    "gfcc": {
        "mean": [-1024.90637207, 17.3975696564, -27.4556655884, 4.39418125153, -14.1227521896, 4.38452005386, -8.10039234161, 2.98758125305, -4.02573919296, 1.85962069035, -3.37181758881, -0.853602647781, -1.70347166061],
        "cov": [[222729.65625, 17628.0410156, -22738.4765625, 3949.87841797, -13066.4580078, 3659.57177734, -7303.08935547, 2584.47167969, -3631.2824707, 1701.12585449, -3116.38232422, -1044.88537598, -1756.35803223], [17628.0410156, 2023.59216309, -1412.27185059, 257.337432861, -979.942626953, 151.852828979, -489.656646729, 142.401748657, -245.512329102, 101.745895386, -192.241027832, -166.435974121, -149.238372803], [-22738.4765625, -1412.27185059, 3278.47875977, -436.728240967, 1317.34460449, -506.952423096, 820.632995605, -319.303619385, 382.071655273, -176.737442017, 316.068969727, 24.3315429688, 106.640113831], [3949.87841797, 257.337432861, -436.728240967, 143.739440918, -237.052352905, 90.5653839111, -128.189102173, 49.181427002, -68.4686279297, 37.9785232544, -61.2625923157, -18.511674881, -25.2580757141], [-13066.4580078, -979.942626953, 1317.34460449, -237.052352905, 798.639892578, -221.561813354, 430.593780518, -156.067398071, 215.632415771, -100.062698364, 188.74458313, 52.1590042114, 106.028305054], [3659.57177734, 151.852828979, -506.952423096, 90.5653839111, -221.561813354, 115.439979553, -138.921661377, 62.5404853821, -67.6557235718, 38.9268798828, -57.7903175354, 3.17868518829, -23.2479820251], [-7303.08935547, -489.656646729, 820.632995605, -128.189102173, 430.593780518, -138.921661377, 266.330230713, -91.5663375854, 125.629699707, -57.5230026245, 110.547569275, 19.5408325195, 51.5914878845], [2584.47167969, 142.401748657, -319.303619385, 49.181427002, -156.067398071, 62.5404853821, -91.5663375854, 49.9006690979, -47.0731277466, 25.1084365845, -41.4140434265, -2.49576497078, -19.082736969], [-3631.2824707, -245.512329102, 382.071655273, -68.4686279297, 215.632415771, -67.6557235718, 125.629699707, -47.0731277466, 78.6460876465, -27.9910125732, 58.7433166504, 14.3131284714, 30.7436504364], [1701.12585449, 101.745895386, -176.737442017, 37.9785232544, -100.062698364, 38.9268798828, -57.5230026245, 25.1084365845, -27.9910125732, 26.896522522, -23.9277534485, -3.78799843788, -15.0178985596], [-3116.38232422, -192.241027832, 316.068969727, -61.2625923157, 188.74458313, -57.7903175354, 110.547569275, -41.4140434265, 58.7433166504, -23.9277534485, 60.2320899963, 10.7030220032, 27.3272399902], [-1044.88537598, -166.435974121, 24.3315429688, -18.511674881, 52.1590042114, 3.17868518829, 19.5408325195, -2.49576497078, 14.3131284714, -3.78799843788, 10.7030220032, 31.2285289764, 16.0343284607], [-1756.35803223, -149.238372803, 106.640113831, -25.2580757141, 106.028305054, -23.2479820251, 51.5914878845, -19.082736969, 30.7436504364, -15.0178985596, 27.3272399902, 16.0343284607, 29.1403865814]],
        "icov": [[0.00104758946691, -0.00288636819459, 0.00107686512638, -0.000922927982174, 0.00552352517843, -0.000494231586345, 0.00643478101119, -0.000625034503173, 0.00116627290845, -0.00473910802975, 0.00336224585772, 0.000639980426058, 0.00414614100009], [-0.00288636819459, 0.011425415054, -0.0025152140297, 0.00252684066072, -0.0103795425966, 0.00716655654833, -0.0155257778242, 0.00134396064095, -0.00335934059694, 0.0124400146306, -0.0162301566452, 0.00895664095879, -0.0119610354304], [0.00107686512638, -0.0025152140297, 0.00359692261554, -0.00116139114834, 0.00486352108419, 0.004058199469, 0.00191447988618, 0.00257572927512, 0.000377301679691, -0.00708079151809, 0.00590023770928, 0.000464771932457, 0.0118567738682], [-0.000922927982174, 0.00252684066072, -0.00116139114834, 0.0263172239065, 0.00323444535024, -0.0196749866009, -0.0195272695273, 0.014774074778, 0.00208670296706, -0.00984232313931, 0.0142720872536, 0.0168130733073, -0.0287525337189], [0.00552352517843, -0.0103795425966, 0.00486352108419, 0.00323444535024, 0.0536582171917, -0.00416868599132, 0.0186634026468, 0.00475896010175, 0.00496534630656, -0.0264523979276, 0.00950074009597, 0.0195477828383, -0.00226240698248], [-0.000494231586345, 0.00716655654833, 0.004058199469, -0.0196749866009, -0.00416868599132, 0.0707841292024, 0.0150708882138, -0.0310137514025, 0.000689945591148, -0.0075252908282, -0.0246703866869, -0.0103543307632, 0.0238830503076], [0.00643478101119, -0.0155257778242, 0.00191447988618, -0.0195272695273, 0.0186634026468, 0.0150708882138, 0.106147028506, -0.0233718995005, -0.00529750110582, -0.0117150116712, -0.0205397475511, 0.00544128287584, 0.0410965308547], [-0.000625034503173, 0.00134396064095, 0.00257572927512, 0.014774074778, 0.00475896010175, -0.0310137514025, -0.0233718995005, 0.0993153303862, 0.00752480141819, -0.0214612428099, 0.0276758372784, -0.000915459124371, -0.00750112021342], [0.00116627290845, -0.00335934059694, 0.000377301679691, 0.00208670296706, 0.00496534630656, 0.000689945591148, -0.00529750110582, 0.00752480141819, 0.0696354582906, -0.0118623999879, -0.017222257331, -0.00432207947597, -0.0107433358207], [-0.00473910802975, 0.0124400146306, -0.00708079151809, -0.00984232313931, -0.0264523979276, -0.0075252908282, -0.0117150116712, -0.0214612428099, -0.0118623999879, 0.122982479632, -0.0386291071773, -0.0149705866352, 0.0127440905198], [0.00336224585772, -0.0162301566452, 0.00590023770928, 0.0142720872536, 0.00950074009597, -0.0246703866869, -0.0205397475511, 0.0276758372784, -0.017222257331, -0.0386291071773, 0.134801641107, -0.00332397036254, -0.0157774314284], [0.000639980426058, 0.00895664095879, 0.000464771932457, 0.0168130733073, 0.0195477828383, -0.0103543307632, 0.00544128287584, -0.000915459124371, -0.00432207947597, -0.0149705866352, -0.00332397036254, 0.101848267019, -0.0483830571175], [0.00414614100009, -0.0119610354304, 0.0118567738682, -0.0287525337189, -0.00226240698248, 0.0238830503076, 0.0410965308547, -0.00750112021342, -0.0107433358207, 0.0127440905198, -0.0157774314284, -0.0483830571175, 0.163579925895]]
    },
    "melbands": {
        "max": [0.0252857469022, 0.0136880418286, 0.00560054648668, 0.00533552095294, 0.00399692449719, 0.00584911508486, 0.00463509606197, 0.0114613436162, 0.0583920925856, 0.0106323985383, 0.000817700347397, 0.000409063388361, 5.6926975958e-05, 0.000727903854568, 0.00109619856812, 0.000886897440068, 0.000637387100141, 1.81569212145e-05, 7.75988810346e-05, 8.78911305335e-05, 8.88218492037e-05, 1.6011939806e-05, 6.53489623801e-05, 1.25443038996e-05, 1.37040497066e-05, 1.08301637738e-05, 2.73020868917e-05, 2.30710193136e-05, 3.6223565985e-05, 2.18777095142e-05, 8.66409900482e-05, 0.000113832298666, 0.000101831217762, 3.77623146051e-05, 1.05230355985e-05, 1.60400704772e-05, 0.000244635739364, 0.000351725728251, 6.40365615254e-05, 2.45684768743e-05],
        "mean": [0.000314522592817, 0.000306628207909, 0.000280467793345, 0.000261592969764, 0.000163211399922, 0.000113557580335, 0.000207106539165, 0.000112300884211, 0.000516237982083, 0.000200948517886, 2.71169228654e-05, 1.39227295222e-05, 1.1815243397e-06, 8.37908282847e-06, 1.98976358661e-05, 1.86661400221e-05, 8.69887207955e-06, 5.60553189644e-07, 1.57634849529e-06, 1.80344875389e-06, 1.35172558657e-06, 5.12814665399e-07, 1.40157851547e-06, 3.37569815656e-07, 2.3382517611e-07, 2.67082896244e-07, 7.16484066743e-07, 3.45838486737e-07, 3.48563787611e-07, 2.36696934053e-07, 8.18276703285e-07, 1.38740313105e-06, 9.35126820423e-07, 3.36002386803e-07, 1.68432094938e-07, 1.97223997134e-07, 1.1847020005e-06, 1.83279905741e-06, 3.57645802751e-07, 2.49902939231e-07],
        "min": [2.5933787468e-25, 4.99033803073e-25, 1.22897153184e-24, 7.11299312159e-25, 7.48109977883e-25, 5.42442994447e-25, 1.76345575792e-24, 1.88410276426e-24, 1.44279780223e-24, 1.42505691211e-24, 1.19917073342e-24, 1.63007397277e-24, 1.37963163879e-24, 1.62632836259e-24, 1.27827859247e-24, 2.38121864925e-24, 2.22771696672e-24, 2.37765635062e-24, 2.9271626577e-24, 2.85560035182e-24, 2.0876172421e-24, 2.51480869368e-24, 2.82876468433e-24, 3.001494457e-24, 3.668893857e-24, 2.52066499982e-24, 2.53392555442e-24, 4.54786239912e-24, 3.24760170449e-24, 4.5521597189e-24, 4.49191322828e-24, 4.24785544142e-24, 4.53527809553e-24, 3.90589054989e-24, 5.50531589599e-24, 5.28092204492e-24, 4.75120549694e-24, 4.64310157621e-24, 4.80587829083e-24, 4.76648809925e-24],
        "stdev": [0.00159677537158, 0.00118114729412, 0.000897606892977, 0.00083580071805, 0.000580434221774, 0.000453041488072, 0.000684976519551, 0.000727935577743, 0.00386285292916, 0.00104296114296, 9.61179175647e-05, 5.33165402885e-05, 4.53731854577e-06, 5.93262629991e-05, 0.000102702178992, 8.75102341524e-05, 5.04677191202e-05, 2.11787209992e-06, 7.57261295803e-06, 9.01619023352e-06, 6.41839187665e-06, 1.84322493624e-06, 6.70483905196e-06, 1.21037885492e-06, 9.70360247265e-07, 1.08207018457e-06, 3.10614063892e-06, 1.70503221852e-06, 2.03345962291e-06, 1.21767982364e-06, 5.62966124562e-06, 9.44674138736e-06, 7.11612665327e-06, 2.52092763731e-06, 9.40312531839e-07, 1.24027576476e-06, 1.30813314172e-05, 1.96595883608e-05, 3.28397163685e-06, 1.77724700734e-06]
    },
    "melbands128": {
        "max": [0.00100584700704, 0.0134558826685, 0.0466239601374, 0.0340679511428, 0.01237744838, 0.00748061109334, 0.0104736583307, 0.00472609186545, 0.00235144980252, 0.00964862946421, 0.00405923603103, 0.0032968709711, 0.00683848746121, 0.00203374237753, 0.00698369648308, 0.0092578176409, 0.0047355866991, 0.00765821663663, 0.00371363107115, 0.00106046081055, 0.00386047339998, 0.0754182487726, 0.093440964818, 0.0169143304229, 0.0238308422267, 0.00165100337472, 0.00273717427626, 0.000253415200859, 0.000159618444741, 0.000877265469171, 0.000295864127111, 0.000104448525235, 5.97345060669e-05, 2.40814460994e-05, 0.000135415481054, 0.00120429624803, 0.00168948515784, 0.00026080023963, 0.00318507361226, 0.00181818159763, 0.000123949183035, 0.00216394965537, 0.000650866189972, 5.98039914621e-05, 9.41678990785e-06, 2.01354832825e-05, 4.78083093185e-05, 0.000114002803457, 5.31478726771e-05, 0.000300191633869, 2.57256742771e-05, 1.60809286172e-05, 0.000167968071764, 7.18596493243e-05, 1.69976447069e-05, 1.96141118067e-05, 1.60333165695e-05, 0.000133020163048, 7.87028257037e-05, 7.68884365243e-06, 1.43607276186e-05, 1.36745748023e-05, 2.17134565901e-05, 8.90728824743e-06, 1.50624864546e-05, 1.39001595016e-05, 1.47155251398e-05, 4.57042369817e-05, 4.89764788654e-05, 3.25681903632e-05, 1.79148610187e-05, 2.09328827623e-05, 3.76692223654e-05, 4.44926590717e-05, 3.62251921615e-05, 1.07618534457e-05, 1.42209637488e-05, 4.40870680904e-05, 2.35849838646e-05, 0.000264105794486, 0.000145602447446, 0.000108176202048, 6.03517873969e-05, 0.000173522974364, 4.92791659781e-05, 7.93784784037e-05, 1.7141815988e-05, 6.46818489258e-06, 1.01769674075e-05, 1.11707686301e-05, 3.68073997379e-05, 1.00441075119e-05, 3.31003002429e-06, 3.69148292521e-05, 0.000416100083385, 0.000997942872345, 2.63440779236e-05, 0.00011694823479, 7.55411965656e-05, 4.29768333561e-05, 1.24960424728e-05, 3.1130581192e-05, 2.53656126006e-05, 1.529560177e-05, 1.2911943486e-05, 1.58394868777e-05, 1.48733370224e-05, 5.28234086232e-05, 4.19871612394e-05, 1.47603523146e-05, 1.96254713956e-05, 3.07425798383e-05, 4.20769447373e-06, 5.76788988838e-06, 6.09652670391e-06, 4.29291077353e-07, 1.60470889909e-07, 3.35641807681e-08, 3.25799653922e-08, 3.15891206526e-08, 3.06294758445e-08, 2.98841769109e-08, 2.93428588094e-08, 2.89607591242e-08, 2.84739627432e-08, 2.80693033261e-08, 2.78047931346e-08, 2.76401497246e-08],
        "mean": [1.1724475371e-05, 0.000137758426717, 0.0005230102106, 0.000506727781612, 0.000188644742593, 0.000210454178159, 0.000471558305435, 0.000202923853067, 0.000113643378427, 0.000443437776994, 0.000204829178983, 0.000110818640678, 0.000248568219831, 8.57487684698e-05, 9.17794095585e-05, 0.00015410418564, 0.000118092830235, 0.00035119583481, 0.000128970714286, 1.36340668178e-05, 3.30683287757e-05, 0.000536813458893, 0.000716300390195, 0.000277675222605, 0.00037607041304, 5.77733808313e-05, 7.71328632254e-05, 7.58361647968e-06, 5.19635705132e-06, 2.75092716038e-05, 1.0721210856e-05, 1.19834476209e-06, 9.19281319511e-07, 6.44212718726e-07, 2.00542490347e-06, 1.31285642055e-05, 1.69820850715e-05, 2.48558285421e-06, 4.40657713625e-05, 2.52302143053e-05, 1.96689461518e-06, 2.65606104222e-05, 9.89401087281e-06, 5.23047958723e-07, 2.34363298546e-07, 5.66437677207e-07, 9.76598812485e-07, 8.94651236649e-07, 1.11772851596e-06, 5.0237895266e-06, 5.9101273564e-07, 4.21539766648e-07, 2.66362985712e-06, 8.57081374761e-07, 3.48041140796e-07, 4.70418598297e-07, 3.56146102831e-07, 2.38898815041e-06, 1.36867731726e-06, 2.21978652348e-07, 4.02180546644e-07, 2.72459061534e-07, 3.26901584913e-07, 1.55534550572e-07, 2.17714557493e-07, 2.19577756866e-07, 3.11010779797e-07, 6.48951413496e-07, 1.03473598756e-06, 3.8390771806e-07, 3.07344691919e-07, 3.01270461023e-07, 4.24280813149e-07, 3.51753925543e-07, 3.1558110436e-07, 1.28224542095e-07, 2.58210206994e-07, 3.52738936726e-07, 1.95400545522e-07, 2.2538081339e-06, 1.74838078237e-06, 1.09768802758e-06, 5.51644916413e-07, 1.45897615766e-06, 4.66087271889e-07, 5.82969335028e-07, 1.80569514896e-07, 1.01212620507e-07, 1.48159003288e-07, 1.93430139461e-07, 3.56542017244e-07, 1.31221440824e-07, 6.69204425208e-08, 1.7921635731e-07, 1.94719837054e-06, 4.9068808039e-06, 2.70460191132e-07, 6.21758829311e-07, 3.74675011017e-07, 2.89592151148e-07, 1.14319504974e-07, 3.39268666494e-07, 2.54437821923e-07, 1.92112295849e-07, 1.20393764291e-07, 1.22845719375e-07, 1.18468676646e-07, 3.91680941902e-07, 3.06180112375e-07, 1.67040184351e-07, 2.38777829509e-07, 2.30077560559e-07, 2.63317723181e-08, 3.05351974816e-08, 3.72304320706e-08, 2.91683677212e-09, 1.00972730177e-09, 6.42727676636e-11, 6.16866627223e-11, 5.97818253234e-11, 5.79477577034e-11, 5.65734820102e-11, 5.55424282955e-11, 5.47964243425e-11, 5.36931124562e-11, 5.26504222165e-11, 5.19967402468e-11, 5.16659388883e-11],
        "min": [1.83392719242e-26, 1.76449559985e-25, 7.58853807352e-26, 1.27719711347e-25, 3.42419521927e-25, 1.21559397931e-25, 1.49790326168e-25, 2.65644102712e-25, 2.29858611038e-25, 3.1133904321e-25, 2.12385613158e-25, 2.81256621451e-25, 1.50694188202e-25, 3.14664190533e-25, 1.85008368006e-25, 2.77374760196e-25, 4.43035032602e-25, 5.55689596071e-25, 5.44595549338e-25, 1.83286876296e-25, 6.32664720354e-25, 2.46528819687e-25, 2.83042750451e-25, 2.21374461306e-25, 5.36287266284e-25, 4.56497930026e-25, 4.55382184883e-25, 1.90709416464e-25, 7.37492945479e-25, 4.05827495887e-25, 5.30651200243e-25, 6.16989413218e-25, 6.92643836434e-25, 9.23892099912e-25, 4.5928596168e-25, 1.20653859567e-24, 3.21621993021e-25, 3.31082234864e-25, 9.13550626483e-25, 4.01433589949e-25, 3.26164278765e-25, 4.8464093725e-25, 9.9403780882e-25, 7.40661898342e-25, 6.84098204855e-25, 8.73391985773e-25, 1.03295991006e-24, 6.96253417417e-25, 1.03435885627e-24, 1.48802231045e-24, 1.26186624273e-24, 1.42674043989e-24, 7.70978365272e-25, 1.05407456105e-24, 1.09900166872e-24, 1.09942696335e-24, 1.6475884598e-24, 1.43225359154e-24, 9.82303601462e-25, 9.17749437259e-25, 1.52887938889e-24, 6.34805836762e-25, 1.73384073624e-24, 1.51096149811e-24, 1.48063679744e-24, 1.0653243092e-24, 1.72851691121e-24, 1.33726418754e-24, 1.32650639277e-24, 1.72701255346e-24, 2.55796116013e-24, 1.85284217873e-24, 1.34051814017e-24, 1.71532163485e-24, 2.08466966333e-24, 2.43365975565e-24, 1.93811764816e-24, 1.92262225061e-24, 2.75166556098e-24, 2.31310899034e-24, 1.95174955903e-24, 2.04518737224e-24, 2.03355206832e-24, 2.64812382008e-24, 3.02514490137e-24, 3.09555369539e-24, 2.24892273114e-24, 3.72596044931e-24, 2.91548791073e-24, 2.83048203452e-24, 2.18273493461e-24, 2.85915436742e-24, 3.4664524272e-24, 3.48960746692e-24, 1.97642473372e-24, 2.99396162422e-24, 3.69704869714e-24, 3.39781758414e-24, 4.35985870161e-24, 3.42527901554e-24, 3.96941554644e-24, 3.14641491061e-24, 3.95838450997e-24, 4.13930108111e-24, 3.72804106995e-24, 3.67277741924e-24, 3.87079294493e-24, 4.54539444778e-24, 3.86777634083e-24, 3.96501330816e-24, 4.13044966733e-24, 5.02361888903e-24, 4.33208290913e-24, 4.09604389338e-24, 3.17306854844e-24, 4.95298112814e-24, 4.52153258869e-24, 4.96971326237e-24, 5.29475432646e-24, 3.64936994403e-24, 5.09041884163e-24, 4.80905779471e-24, 5.25646617357e-24, 5.49889969582e-24, 4.90556191026e-24, 5.28608671727e-24, 6.3542635475e-24, 5.26787744099e-24],
        "stdev": [8.00049529062e-05, 0.000910672999453, 0.00276809977368, 0.00237024226226, 0.000873384764418, 0.000726809666958, 0.00155891454779, 0.000678061391227, 0.000362531136489, 0.00145118660294, 0.000661463302094, 0.000415824266383, 0.000964850303717, 0.000323339918396, 0.000446741527412, 0.000717220711522, 0.000404693535529, 0.00121834792662, 0.000458708615042, 6.77657517372e-05, 0.000223637354793, 0.00466396659613, 0.00631519174203, 0.0015209603589, 0.002300666878, 0.000213969062315, 0.000296031823382, 2.67850664386e-05, 1.96666096599e-05, 0.000108266933239, 4.109305155e-05, 6.00235443926e-06, 4.46135254606e-06, 2.39472637986e-06, 8.55857160786e-06, 0.000100416582427, 0.000131732886075, 1.48427297972e-05, 0.000277849001577, 0.000156493813847, 9.38425455388e-06, 0.000162660580827, 5.64790207136e-05, 3.13353416459e-06, 8.34593095078e-07, 2.24569384955e-06, 4.24389600084e-06, 6.47703245704e-06, 5.63492540095e-06, 2.87561906589e-05, 2.48396440838e-06, 1.55235420607e-06, 1.30916760099e-05, 4.38289453086e-06, 1.53398696057e-06, 1.95790153157e-06, 1.49536197114e-06, 1.22978308355e-05, 7.3332203101e-06, 8.77071840932e-07, 1.58136776918e-06, 1.03047784705e-06, 1.48711342263e-06, 7.4757559787e-07, 1.11188444407e-06, 1.06107893316e-06, 1.56040118782e-06, 3.04363265968e-06, 4.79129903397e-06, 2.30792284128e-06, 1.46223169395e-06, 1.47849470977e-06, 2.50328662332e-06, 2.36816754295e-06, 1.93330379261e-06, 6.51129823837e-07, 1.17957915791e-06, 2.28250814871e-06, 1.23666120544e-06, 1.73549960891e-05, 1.15250732051e-05, 8.05962281447e-06, 4.01510078518e-06, 1.17823619803e-05, 3.32845706907e-06, 4.95326003147e-06, 1.20561026051e-06, 5.88868488194e-07, 8.48412298637e-07, 1.09093321043e-06, 2.5303484108e-06, 8.16389672309e-07, 3.39166888352e-07, 1.70198552496e-06, 2.29606521316e-05, 5.50494696654e-05, 1.9867818537e-06, 6.04874458077e-06, 3.76789125767e-06, 2.42675560003e-06, 8.84446023974e-07, 2.48677679338e-06, 1.75998968643e-06, 1.23206200442e-06, 8.32386092497e-07, 9.23926279484e-07, 1.03481465885e-06, 3.44587010659e-06, 2.64983918896e-06, 1.23825907394e-06, 1.72462409864e-06, 1.9332926513e-06, 2.40723124989e-07, 3.31912957563e-07, 3.97123216089e-07, 2.57713814733e-08, 9.01554120247e-09, 1.42979117435e-09, 1.38787337178e-09, 1.34566568999e-09, 1.30478627902e-09, 1.27303612096e-09, 1.24997701079e-09, 1.23370036409e-09, 1.21296983568e-09, 1.1957419499e-09, 1.18447995856e-09, 1.1774671238e-09]
    },
    "mfcc": {
        "mean": [-1160.11877441, 24.261592865, -1.19226908684, 1.38758945465, -0.815852582455, 0.63818192482, -0.888738870621, -0.116269111633, 0.889414727688, 1.03693449497, 1.29795205593, 1.01800525188, -0.781696200371],
        "cov": [[47658.1054688, 11024.8603516, 1099.48803711, 877.440612793, -456.805541992, 107.061859131, -431.609619141, -252.938659668, 309.01651001, 417.014953613, 739.273010254, 500.166320801, -506.195922852], [11024.8603516, 2960.98828125, 243.032333374, 246.043655396, -123.98639679, -4.65420866013, -89.9792938232, -73.7310028076, 50.0015945435, 105.169517517, 189.782775879, 131.581314087, -127.948600769], [1099.48803711, 243.032333374, 519.624023438, 94.9277038574, -37.8890228271, -41.4225997925, -3.95752167702, -54.9337806702, -16.6973991394, -1.09279537201, 57.86876297, 15.4527406693, -54.6065826416], [877.440612793, 246.043655396, 94.9277038574, 75.5842590332, -17.335849762, 2.67391824722, 1.18137562275, -14.5927371979, 0.209198445082, 16.0469989777, 21.4801044464, 7.45473051071, -23.9657268524], [-456.805541992, -123.98639679, -37.8890228271, -17.335849762, 23.8873100281, 4.98437452316, 4.73055791855, 3.01679730415, 0.165689945221, -2.36728906631, -13.3198728561, -4.86531686783, 8.04423427582], [107.061859131, -4.65420866013, -41.4225997925, 2.67391824722, 4.98437452316, 21.3136901855, 3.24145746231, 5.58447504044, 4.84247636795, 3.03865456581, -1.14526772499, 1.32009720802, 4.63279151917], [-431.609619141, -89.9792938232, -3.95752167702, 1.18137562275, 4.73055791855, 3.24145746231, 21.7739715576, 4.12472820282, -4.74929046631, 2.09329485893, -5.2584810257, -3.41871595383, 2.88138437271], [-252.938659668, -73.7310028076, -54.9337806702, -14.5927371979, 3.01679730415, 5.58447504044, 4.12472820282, 16.997177124, 2.98204636574, -2.85641360283, -6.84295082092, -2.96058392525, 9.43490982056], [309.01651001, 50.0015945435, -16.6973991394, 0.209198445082, 0.165689945221, 4.84247636795, -4.74929046631, 2.98204636574, 12.6933450699, 2.86621260643, 2.81186890602, 3.4164686203, 1.96499454975], [417.014953613, 105.169517517, -1.09279537201, 16.0469989777, -2.36728906631, 3.03865456581, 2.09329485893, -2.85641360283, 2.86621260643, 19.4354171753, 7.27656078339, 3.28619909286, -7.20734453201], [739.273010254, 189.782775879, 57.86876297, 21.4801044464, -13.3198728561, -1.14526772499, -5.2584810257, -6.84295082092, 2.81186890602, 7.27656078339, 24.9118480682, 14.3893108368, -8.68081378937], [500.166320801, 131.581314087, 15.4527406693, 7.45473051071, -4.86531686783, 1.32009720802, -3.41871595383, -2.96058392525, 3.4164686203, 3.28619909286, 14.3893108368, 19.178571701, -0.284295022488], [-506.195922852, -127.948600769, -54.6065826416, -23.9657268524, 8.04423427582, 4.63279151917, 2.88138437271, 9.43490982056, 1.96499454975, -7.20734453201, -8.68081378937, -0.284295022488, 20.8651924133]],
        "icov": [[0.000317105121212, -0.00106942479033, -0.000688298430759, 0.00121110596228, 0.000504183932208, -0.00297468318604, 0.00170479854569, -0.000971039000433, -0.00252554286271, -0.00116823450662, 0.000925103202462, -0.000382450729376, 0.00160865252838], [-0.00106942479033, 0.00501178391278, 0.00370025332086, -0.00570826558396, -0.000530426041223, 0.011419759132, -0.00369449495338, 0.00513907568529, 0.00631326949224, 0.00317090027966, -0.00902149174362, -0.00293578137644, 0.000478665315313], [-0.000688298430759, 0.00370025332086, 0.00872957892716, -0.00733063463122, -0.0021849044133, 0.0149452388287, -0.00731258187443, 0.0138010224327, 0.00275392923504, 0.011817695573, -0.0223096106201, 0.00195410428569, 0.007279407233], [0.00121110596228, -0.00570826558396, -0.00733063463122, 0.038263130933, 0.0133163426071, -0.0291186384857, -0.00291808671318, 0.00288285221905, -0.0100320577621, -0.0152707556263, 0.00827161129564, 0.00239462032914, 0.0187163874507], [0.000504183932208, -0.000530426041223, -0.0021849044133, 0.0133163426071, 0.0769953206182, -0.0224020965397, -0.00412997184321, 0.01843078807, -0.0132496338338, -0.0141371786594, 0.0420852266252, -0.0165388714522, -0.000269665004453], [-0.00297468318604, 0.011419759132, 0.0149452388287, -0.0291186384857, -0.0224020965397, 0.103894874454, -0.0244923308492, 0.00339105073363, 0.0039087687619, 0.0157269202173, -0.0322123318911, 0.00234849727713, -0.0173591598868], [0.00170479854569, -0.00369449495338, -0.00731258187443, -0.00291808671318, -0.00412997184321, -0.0244923308492, 0.0830216407776, -0.0323274508119, 0.0181248169392, -0.031648863107, 0.0166249219328, -0.0119111696258, 0.000512778700795], [-0.000971039000433, 0.00513907568529, 0.0138010224327, 0.00288285221905, 0.01843078807, 0.00339105073363, -0.0323274508119, 0.124682575464, -0.0224450714886, 0.0198250953108, -0.0228062812239, 0.0132757741958, -0.0127334967256], [-0.00252554286271, 0.00631326949224, 0.00275392923504, -0.0100320577621, -0.0132496338338, 0.0039087687619, 0.0181248169392, -0.0224450714886, 0.138302117586, -0.0101304389536, -0.00478533282876, 0.000559212930966, -0.0334925837815], [-0.00116823450662, 0.00317090027966, 0.011817695573, -0.0152707556263, -0.0141371786594, 0.0157269202173, -0.031648863107, 0.0198250953108, -0.0101304389536, 0.0961659178138, -0.0394641980529, 0.0131049575284, 0.0197872687131], [0.000925103202462, -0.00902149174362, -0.0223096106201, 0.00827161129564, 0.0420852266252, -0.0322123318911, 0.0166249219328, -0.0228062812239, -0.00478533282876, -0.0394641980529, 0.19193045795, -0.0717752501369, -0.0171280391514], [-0.000382450729376, -0.00293578137644, 0.00195410428569, 0.00239462032914, -0.0165388714522, 0.00234849727713, -0.0119111696258, 0.0132757741958, 0.000559212930966, 0.0131049575284, -0.0717752501369, 0.126211106777, -0.0415876470506], [0.00160865252838, 0.000478665315313, 0.007279407233, 0.0187163874507, -0.000269665004453, -0.0173591598868, 0.000512778700795, -0.0127334967256, -0.0334925837815, 0.0197872687131, -0.0171280391514, -0.0415876470506, 0.142378926277]]
    },
    "spectral_contrast_coeffs": {
        "max": [-0.569021582603, -0.448331296444, -0.567306101322, -0.61230969429, -0.721632003784, -0.680816590786],
        "mean": [-0.919327974319, -0.921709179878, -0.921889424324, -0.927451789379, -0.932112574577, -0.923486232758],
        "min": [-0.982267558575, -0.990232169628, -0.976702213287, -0.975628495216, -0.973249197006, -0.965976893902],
        "stdev": [0.0966078490019, 0.100011698902, 0.089740857482, 0.0752306431532, 0.0573631674051, 0.0734113454819]
    },
    "spectral_contrast_valleys": {
        "max": [-4.95660209656, -4.82433986664, -6.38325595856, -6.89542245865, -6.86466407776, -8.06378364563],
        "mean": [-23.1554889679, -23.0455188751, -23.2413234711, -23.2587566376, -23.3099422455, -23.8388462067],
        "min": [-28.245388031, -28.1986732483, -27.8804206848, -27.662946701, -27.5842590332, -27.4385261536],
        "stdev": [7.8753824234, 8.03759860992, 7.70524597168, 7.63086605072, 7.56553936005, 6.57405614853]
    }
},
"rhythm": {
    "beats_count": 25,
    "beats_loudness": {
        "max": 0.133611813188,
        "mean": 0.0111687704921,
        "min": 0,
        "stdev": 0.0325600318611
    },
    "bpm": 144.375,
    "bpm_histogram_first_peak_bpm": 144,
    "bpm_histogram_first_peak_weight": 0.199999988079,
    "bpm_histogram_second_peak_bpm": 108,
    "bpm_histogram_second_peak_spread": 0.571428596973,
    "bpm_histogram_second_peak_weight": 0.125,
    "danceability": 1.04647409916,
    "onset_rate": 0.54861664772,
    "beats_loudness_band_ratio": {
        "max": [0.791506826878, 0.388430178165, 0.345040857792, 0.410015761852, 0.408417016268, 0.346596926451],
        "mean": [0.0487780943513, 0.0281367301941, 0.0401989072561, 0.0500606968999, 0.0462358631194, 0.0317360721529],
        "min": [0, 0, 0, 0, 0, 0],
        "stdev": [0.160649180412, 0.0814739689231, 0.0918094813824, 0.117772363126, 0.122984074056, 0.0788152441382]
    },
    "beats_position": [0.522448956966, 1.06811785698, 1.60217678547, 2.13623571396, 2.67029476166, 3.22757363319, 3.78485250473, 4.34213161469, 4.86458063126, 5.38702917099, 5.90947818756, 6.40870714188, 6.90793657303, 7.40716552734, 7.85995435715, 8.31274318695, 8.76553249359, 9.2067117691, 9.64789104462, 10.0890703201, 10.4954195023, 10.9133787155, 11.3313379288, 11.749297142, 12.1672563553],
    "bpm_histogram": [0, 0, 0, 0, 0, 0, 0, 0, 0, 0, 0, 0, 0, 0, 0, 0, 0, 0, 0, 0, 0, 0, 0, 0, 0, 0, 0, 0, 0, 0, 0, 0, 0, 0, 0, 0, 0, 0, 0, 0, 0, 0, 0, 0, 0, 0, 0, 0, 0, 0, 0, 0, 0, 0, 0, 0, 0, 0, 0, 0, 0, 0, 0, 0, 0, 0, 0, 0, 0, 0, 0, 0, 0, 0, 0, 0, 0, 0, 0, 0, 0, 0, 0, 0, 0, 0, 0, 0, 0, 0, 0, 0, 0, 0, 0, 0, 0, 0, 0, 0, 0, 0, 0, 0, 0, 0, 0, 0, 0.125, 0, 0.0416666679084, 0, 0.125, 0, 0, 0.125, 0, 0, 0, 0, 0.125, 0, 0, 0, 0, 0, 0, 0, 0, 0, 0, 0, 0, 0.125, 0, 0, 0.125, 0, 0, 0, 0, 0, 0, 0, 0.166666671634, 0, 0, 0, 0.0416666679084, 0, 0, 0, 0, 0, 0, 0, 0, 0, 0, 0, 0, 0, 0, 0, 0, 0, 0, 0, 0, 0, 0, 0, 0, 0, 0, 0, 0, 0, 0, 0, 0, 0, 0, 0, 0, 0, 0, 0, 0, 0, 0, 0, 0, 0, 0, 0, 0, 0, 0, 0, 0, 0, 0, 0, 0, 0, 0, 0, 0, 0, 0, 0, 0, 0, 0, 0, 0, 0, 0, 0, 0, 0, 0, 0, 0, 0, 0, 0, 0, 0, 0, 0, 0, 0, 0, 0, 0, 0, 0, 0, 0, 0, 0, 0, 0, 0, 0, 0, 0, 0]
},
"tonal": {
