{
"metadata": {
    "version": {
        "essentia": "2.1-beta5",
        "essentia_git_sha": "Undefined",
        "extractor": "music 2.0"
    },
    "audio_properties": {
        "analysis": {
            "equal_loudness": 0,
            "length": 32.4963264465,
            "sample_rate": 44100,
            "start_time": 12.7477550507,
            "downmix": "mix"
        },
        "bit_rate": 192000,
        "length": 229.69178772,
        "lossless": 0,
        "number_channels": 2,
        "replay_gain": -2.57356452942,
        "sample_rate": 48000,
        "codec": "mp3",
        "md5_encoded": "2127ae5861d321dd34c3cd6bf9c49644"
    },
    "tags": {
        "file_name": "France_Chanteur De Charme_Gérard Lenorman.mp3",
        "encoding": ["Lavf58.29.100"]
    }
},
"lowlevel": {
    "average_loudness": 0.927284896374,
    "barkbands_crest": {
        "max": 24.2962360382,
        "mean": 10.2632312775,
        "min": 3.45969700813,
        "stdev": 3.5790951252
    },
    "barkbands_flatness_db": {
        "max": 0.322912275791,
        "mean": 0.164942532778,
        "min": 0.0649518221617,
        "stdev": 0.0430229976773
    },
    "barkbands_kurtosis": {
        "max": 108.511932373,
        "mean": 5.44359970093,
        "min": -1.59274625778,
        "stdev": 6.89605045319
    },
    "barkbands_skewness": {
        "max": 9.01911735535,
        "mean": 1.87091183662,
        "min": -0.365027368069,
        "stdev": 0.884554326534
    },
    "barkbands_spread": {
        "max": 70.2881164551,
        "mean": 15.9058055878,
        "min": 1.64758181572,
        "stdev": 9.10303115845
    },
    "dissonance": {
        "max": 0.499971777201,
        "mean": 0.457601130009,
        "min": 0.273805588484,
        "stdev": 0.0282041653991
    },
    "dynamic_complexity": 2.86091709137,
    "erbbands_crest": {
        "max": 24.2621364594,
        "mean": 8.67823314667,
        "min": 2.87635397911,
        "stdev": 3.59534955025
    },
    "erbbands_flatness_db": {
        "max": 0.292695224285,
        "mean": 0.165150523186,
        "min": 0.0782432407141,
        "stdev": 0.0345512442291
    },
    "erbbands_kurtosis": {
        "max": 12.8980264664,
        "mean": 0.502199590206,
        "min": -1.68010413647,
        "stdev": 1.61371600628
    },
    "erbbands_skewness": {
        "max": 2.95947384834,
        "mean": 0.677227973938,
        "min": -2.13849759102,
        "stdev": 0.623759746552
    },
    "erbbands_spread": {
        "max": 111.560508728,
        "mean": 37.0220947266,
        "min": 9.31423950195,
        "stdev": 15.6270208359
    },
    "hfc": {
        "max": 82.4350891113,
        "mean": 13.4241514206,
        "min": 0.208089932799,
        "stdev": 10.4812068939
    },
    "loudness_ebu128": {
        "integrated": -21.0433864594,
        "loudness_range": 5.66705131531,
        "momentary": {
            "max": -17.1736087799,
            "mean": -21.68242836,
            "min": -27.7989635468,
            "stdev": 2.46219062805
        },
        "short_term": {
            "max": -18.7935504913,
            "mean": -21.4306087494,
            "min": -25.5044345856,
            "stdev": 2.03288149834
        }
    },
    "melbands_crest": {
        "max": 32.7710533142,
        "mean": 13.6046934128,
        "min": 4.03133010864,
        "stdev": 4.47967195511
    },
    "melbands_flatness_db": {
        "max": 0.415477693081,
        "mean": 0.2268345505,
        "min": 0.0695674791932,
        "stdev": 0.0551294907928
    },
    "melbands_kurtosis": {
        "max": 175.456985474,
        "mean": 13.0899744034,
        "min": -0.56303691864,
        "stdev": 14.0064945221
    },
    "melbands_skewness": {
        "max": 10.6554250717,
        "mean": 2.66198515892,
        "min": -0.0857482627034,
        "stdev": 1.20644843578
    },
    "melbands_spread": {
        "max": 60.602558136,
        "mean": 15.0900306702,
        "min": 1.21065044403,
        "stdev": 8.20304584503
    },
    "pitch_salience": {
        "max": 0.835575163364,
        "mean": 0.559932053089,
        "min": 0.172011986375,
        "stdev": 0.105938397348
    },
    "silence_rate_20dB": {
        "max": 1,
        "mean": 1,
        "min": 1,
        "stdev": 0
    },
    "silence_rate_30dB": {
        "max": 1,
        "mean": 0.995717346668,
        "min": 0,
        "stdev": 0.0653016716242
    },
    "silence_rate_60dB": {
        "max": 1,
        "mean": 0.0128479655832,
        "min": 0,
        "stdev": 0.112620308995
    },
    "spectral_centroid": {
        "max": 3270.23828125,
        "mean": 1027.22668457,
        "min": 250.37890625,
        "stdev": 510.049255371
    },
    "spectral_complexity": {
        "max": 39,
        "mean": 16.1727333069,
        "min": 1,
        "stdev": 6.23900938034
    },
    "spectral_decrease": {
        "max": -8.40626040999e-11,
        "mean": -7.36814875779e-09,
        "min": -3.83250196023e-08,
        "stdev": 5.63409896515e-09
    },
    "spectral_energy": {
        "max": 0.147581219673,
        "mean": 0.0290267113596,
        "min": 0.00033614601125,
        "stdev": 0.0219952575862
    },
    "spectral_energyband_high": {
        "max": 0.00390328862704,
        "mean": 0.000307999405777,
        "min": 5.93641561863e-06,
        "stdev": 0.000470504252007
    },
    "spectral_energyband_low": {
        "max": 0.103554755449,
        "mean": 0.0104875089601,
        "min": 4.62182867977e-07,
        "stdev": 0.0110494131222
    },
    "spectral_energyband_middle_high": {
        "max": 0.0301667973399,
        "mean": 0.00296625308692,
        "min": 3.60664671462e-05,
        "stdev": 0.00312792882323
    },
    "spectral_energyband_middle_low": {
        "max": 0.0855619460344,
        "mean": 0.0162807907909,
        "min": 8.29469863675e-05,
        "stdev": 0.0152143873274
    },
    "spectral_entropy": {
        "max": 8.580701828,
        "mean": 7.40673923492,
        "min": 6.07267904282,
        "stdev": 0.366329133511
    },
    "spectral_flux": {
        "max": 0.238632500172,
        "mean": 0.0774325579405,
        "min": 0.0178733859211,
        "stdev": 0.0390438847244
    },
    "spectral_kurtosis": {
        "max": 21.6243457794,
        "mean": 4.87209415436,
        "min": -0.0688669681549,
        "stdev": 2.66863632202
    },
    "spectral_rms": {
        "max": 0.0119992364198,
        "mean": 0.00496534630656,
        "min": 0.000572666875087,
        "stdev": 0.00191417627502
    },
    "spectral_rolloff": {
        "max": 5297.16796875,
        "mean": 833.169372559,
        "min": 86.1328125,
        "stdev": 680.939941406
    },
    "spectral_skewness": {
        "max": 3.47854375839,
        "mean": 1.64015901089,
        "min": 0.136858895421,
        "stdev": 0.46124881506
    },
    "spectral_spread": {
        "max": 24054318,
        "mean": 4076797,
        "min": 2246130,
        "stdev": 1096617
    },
    "spectral_strongpeak": {
        "max": 5.1029548645,
        "mean": 0.640203118324,
        "min": 0,
        "stdev": 0.651167154312
    },
    "zerocrossingrate": {
        "max": 0.1181640625,
        "mean": 0.0406092479825,
        "min": 0.00439453125,
        "stdev": 0.0181689448655
    },
    "barkbands": {
        "max": [0.00236836937256, 0.0903665944934, 0.0369265861809, 0.0583977103233, 0.0630767047405, 0.0419331043959, 0.0439357385039, 0.0290970560163, 0.0404815301299, 0.0121079618111, 0.0261712428182, 0.0117398677394, 0.00925988797098, 0.00257745967247, 0.00472336774692, 0.00353163573891, 0.00338275148533, 0.0118506764993, 0.00894421152771, 0.00314112892374, 0.00116924440954, 0.00177608348895, 0.00119198183529, 0.000950410030782, 0.000365392275853, 0.000131984183099, 4.24340328209e-07],
        "mean": [0.000161855117767, 0.00733163906261, 0.00212544784881, 0.00241211801767, 0.00574714923277, 0.00279631977901, 0.00225992198102, 0.0016491364222, 0.00115269271191, 0.000667823420372, 0.000353132199962, 0.00041310681263, 0.000244913448114, 0.000197063331143, 0.000195969027118, 0.000177369671292, 0.000230092802667, 0.000188414094737, 0.000271665194305, 0.000199509406229, 7.34418208594e-05, 6.93373585818e-05, 5.02877883264e-05, 3.18483616866e-05, 2.01801103685e-05, 6.2866947701e-06, 3.29868243831e-09],
        "min": [5.75278891191e-09, 5.59778712272e-08, 2.17801144231e-07, 1.88015590652e-07, 3.21116522173e-06, 4.37279322796e-06, 3.98189149564e-06, 6.089217095e-06, 8.96178698895e-06, 2.61855302597e-06, 1.64889536336e-06, 2.23403867494e-06, 2.96558937407e-06, 2.06931281355e-06, 9.5405562206e-07, 1.41156783684e-06, 2.23436518354e-06, 1.09547340799e-06, 1.10506005058e-06, 1.31527860958e-06, 1.20068500564e-06, 7.43662440073e-07, 4.54938515304e-07, 3.34703372573e-07, 1.62197153486e-07, 4.29767466059e-09, 8.2651878397e-11],
        "stdev": [0.000238801527303, 0.00927367899567, 0.00355651346035, 0.00461232895032, 0.00738926231861, 0.0045978911221, 0.00378212030046, 0.00249691074714, 0.00256955064833, 0.00132656970527, 0.00102433981374, 0.000806622498203, 0.000555907434318, 0.000254472834058, 0.000304795103148, 0.000308146671159, 0.000388033600757, 0.000469867343782, 0.00054769491544, 0.000350032059941, 0.000125628212118, 0.000139204450534, 9.94335277937e-05, 6.46110929665e-05, 3.39086327585e-05, 1.21299017337e-05, 1.81045489711e-08]
    },
    "erbbands": {
        "max": [3.51604747772, 17.4544963837, 37.9964675903, 99.7827072144, 231.393951416, 212.550109863, 121.978866577, 478.456726074, 637.810852051, 830.663024902, 942.883239746, 1200.20983887, 427.980010986, 393.867095947, 910.096252441, 517.65234375, 404.202423096, 157.724761963, 122.991699219, 239.690124512, 126.129875183, 220.356536865, 605.780700684, 299.394714355, 454.256866455, 131.433517456, 42.6518974304, 53.9242286682, 56.4825439453, 75.1459960938, 21.1099319458, 22.5775909424, 13.9156847, 6.75112342834, 4.09613466263, 1.10770106316, 0.149071857333, 0.00994579773396, 0.00020236641285, 0.000162473559612],
        "mean": [0.204881563783, 1.64143705368, 2.83070755005, 5.08550691605, 17.3608379364, 18.4172859192, 11.6954126358, 26.0343284607, 35.2437705994, 29.7460079193, 40.6650848389, 28.2641525269, 23.7279376984, 18.2197723389, 15.638376236, 16.8187103271, 12.1814451218, 11.43633461, 9.58996677399, 9.62862300873, 10.6698036194, 12.914773941, 11.0445384979, 9.61395168304, 16.4663772583, 8.936378479, 3.58764314651, 2.61733555794, 2.31626534462, 2.4317407608, 1.21618831158, 0.824381530285, 0.45310690999, 0.209973439574, 0.148672357202, 0.0541743002832, 0.00536172650754, 0.000154894791194, 2.15496675082e-05, 3.39278230967e-05],
        "min": [1.53717758167e-06, 1.34497022373e-05, 0.00017903544358, 0.000572647200897, 0.00365668791346, 0.00724398158491, 0.0189647544175, 0.0298391040415, 0.0486060380936, 0.12413816154, 0.295174568892, 0.316568434238, 0.101396031678, 0.174203902483, 0.133281901479, 0.109172023833, 0.143152594566, 0.116497784853, 0.0648743733764, 0.0594998933375, 0.148473620415, 0.158968776464, 0.0698522999883, 0.110951028764, 0.0881035625935, 0.0638418644667, 0.051875025034, 0.0385574027896, 0.0308445636183, 0.0155898723751, 0.012046912685, 0.00736906845123, 0.00514743290842, 0.00180103140883, 0.00101077300496, 0.000125514852698, 4.66478422823e-06, 5.499767326e-07, 1.20944162063e-06, 1.6750341274e-06],
        "stdev": [0.30155429244, 2.0637691021, 3.84095168114, 8.03075027466, 25.6378631592, 26.5273132324, 15.3527669907, 46.6562309265, 55.0600776672, 57.3609924316, 63.0791931152, 63.6814117432, 47.224029541, 33.0967559814, 37.7562255859, 32.5480728149, 24.7470684052, 14.7505750656, 11.285200119, 18.2139225006, 15.6961097717, 21.8700561523, 25.3917922974, 17.6699771881, 32.0785522461, 14.9574985504, 5.45512866974, 4.87180042267, 4.5050163269, 5.18401479721, 2.28950643539, 1.70035290718, 0.857993066311, 0.374457091093, 0.276045769453, 0.09937928617, 0.0122363017872, 0.000437596958363, 1.7854728867e-05, 2.48332107731e-05]
    },
    "gfcc": {
        "mean": [-13.5591306686, 125.697273254, -119.057449341, 42.8161659241, -66.9276275635, 13.4768009186, -37.6427192688, 13.1781549454, -19.5276908875, 0.713908612728, -8.14817237854, -6.5113992691, -5.65959310532],
        "cov": [[2015.30749512, -286.812194824, 195.379867554, 169.867004395, -69.9626541138, -75.8829040527, -63.8949394226, 127.288009644, -187.036270142, -5.41975498199, -67.4348678589, 65.2761459351, -204.054641724], [-286.812194824, 878.448730469, 202.655776978, -17.9371471405, 132.95942688, -112.406570435, 105.065879822, -75.7336044312, 165.265853882, -116.013244629, 167.067306519, -91.1472854614, 65.4233016968], [195.379867554, 202.655776978, 583.35333252, 133.429626465, 51.434967041, 73.0553741455, 6.8155169487, 27.9222049713, -0.934887707233, 44.2573699951, -5.01725769043, 29.9037361145, -6.0054731369], [169.867004395, -17.9371471405, 133.429626465, 308.211273193, 20.6985168457, -35.9903831482, 0.971586108208, -23.3681926727, 28.2647914886, -19.9069194794, 27.6273441315, 0.373427867889, -2.5766992569], [-69.9626541138, 132.95942688, 51.434967041, 20.6985168457, 188.125579834, 32.532699585, 19.9328517914, 36.2312660217, 55.1017036438, 27.0351734161, 15.6606292725, 6.50864934921, 22.4723472595], [-75.8829040527, -112.406570435, 73.0553741455, -35.9903831482, 32.532699585, 210.594284058, 54.835735321, 45.1488876343, 7.78039836884, 74.2104492188, -35.8368034363, 38.0434646606, 18.6119594574], [-63.8949394226, 105.065879822, 6.8155169487, 0.971586108208, 19.9328517914, 54.835735321, 157.557327271, 38.1492118835, 15.1834812164, -12.7677946091, 31.4201374054, -0.777191877365, 3.88401150703], [127.288009644, -75.7336044312, 27.9222049713, -23.3681926727, 36.2312660217, 45.1488876343, 38.1492118835, 148.467529297, -0.189109131694, 52.166267395, -13.7688922882, 24.7692375183, 1.74082636833], [-187.036270142, 165.265853882, -0.934887707233, 28.2647914886, 55.1017036438, 7.78039836884, 15.1834812164, -0.189109131694, 153.840072632, 19.331615448, 49.3181343079, -13.8716564178, 33.5024452209], [-5.41975498199, -116.013244629, 44.2573699951, -19.9069194794, 27.0351734161, 74.2104492188, -12.7677946091, 52.166267395, 19.331615448, 133.961166382, -23.2072353363, 39.2304458618, 9.92280292511], [-67.4348678589, 167.067306519, -5.01725769043, 27.6273441315, 15.6606292725, -35.8368034363, 31.4201374054, -13.7688922882, 49.3181343079, -23.2072353363, 103.461250305, -12.4692964554, 17.8109855652], [65.2761459351, -91.1472854614, 29.9037361145, 0.373427867889, 6.50864934921, 38.0434646606, -0.777191877365, 24.7692375183, -13.8716564178, 39.2304458618, -12.4692964554, 68.5682830811, 5.76938247681], [-204.054641724, 65.4233016968, -6.0054731369, -2.5766992569, 22.4723472595, 18.6119594574, 3.88401150703, 1.74082636833, 33.5024452209, 9.92280292511, 17.8109855652, 5.76938247681, 88.8850479126]],
        "icov": [[0.000968765234575, -0.000704229460098, 0.000288427167106, -0.000998303294182, 0.000535034923814, -0.000300949905068, 0.00103031750768, -0.00150127778761, 0.00115876505151, -4.52267522633e-06, 0.000267389550572, -0.00121086637955, 0.00223378674127], [-0.000704229460098, 0.00860618147999, -0.00527440570295, 0.00583715178072, -0.00470403861254, 0.00587962567806, -0.00640002870932, 0.00518411584198, -0.00627377722412, 0.00382369523868, -0.00533730210736, 0.00564172212034, -0.00536096654832], [0.000288427167106, -0.00527440570295, 0.00538662122563, -0.0045312284492, 0.00245589087717, -0.00448761275038, 0.00413973769173, -0.00319039751776, 0.00415025185794, -0.00267974450253, 0.00298947514966, -0.00351890968159, 0.00334150367416], [-0.000998303294182, 0.00583715178072, -0.0045312284492, 0.00825111288577, -0.00350446091034, 0.00484976358712, -0.00490936776623, 0.00472897943109, -0.00541115365922, 0.00289287115447, -0.00376375438645, 0.00345614273101, -0.00441629160196], [0.000535034923814, -0.00470403861254, 0.00245589087717, -0.00350446091034, 0.00911045726389, -0.00361672742292, 0.00349544198252, -0.00436803372577, 0.0015073538525, -0.00217457930557, 0.00270256353542, -0.00322342594154, 0.00248407782055], [-0.000300949905068, 0.00587962567806, -0.00448761275038, 0.00484976358712, -0.00361672742292, 0.0125304656103, -0.00821569189429, 0.0040721129626, -0.00477811228484, -0.000779377587605, -0.000141098746099, 0.00171796907671, -0.00480659259483], [0.00103031750768, -0.00640002870932, 0.00413973769173, -0.00490936776623, 0.00349544198252, -0.00821569189429, 0.0144688291475, -0.00734150363132, 0.00510481325909, 0.000468034850201, -4.07012703363e-05, -0.00395924504846, 0.00585030997172], [-0.00150127778761, 0.00518411584198, -0.00319039751776, 0.00472897943109, -0.00436803372577, 0.0040721129626, -0.00734150363132, 0.0136150335893, -0.00403835112229, -0.00139217602555, -0.00179521506652, 0.00292948447168, -0.00518775871024], [0.00115876505151, -0.00627377722412, 0.00415025185794, -0.00541115365922, 0.0015073538525, -0.00477811228484, 0.00510481325909, -0.00403835112229, 0.0148153556511, -0.00511908484623, -0.000364842067938, -0.00159492425155, 0.00304087204859], [-4.52267522633e-06, 0.00382369523868, -0.00267974450253, 0.00289287115447, -0.00217457930557, -0.000779377587605, 0.000468034850201, -0.00139217602555, -0.00511908484623, 0.0147817330435, -0.00161689054221, -0.00227764970623, -0.00145105062984], [0.000267389550572, -0.00533730210736, 0.00298947514966, -0.00376375438645, 0.00270256353542, -0.000141098746099, -4.07012703363e-05, -0.00179521506652, -0.000364842067938, -0.00161689054221, 0.0180708989501, -0.0041079800576, 0.0009819958359], [-0.00121086637955, 0.00564172212034, -0.00351890968159, 0.00345614273101, -0.00322342594154, 0.00171796907671, -0.00395924504846, 0.00292948447168, -0.00159492425155, -0.00227764970623, -0.0041079800576, 0.0237705949694, -0.0063633765094], [0.00223378674127, -0.00536096654832, 0.00334150367416, -0.00441629160196, 0.00248407782055, -0.00480659259483, 0.00585030997172, -0.00518775871024, 0.00304087204859, -0.00145105062984, 0.0009819958359, -0.0063633765094, 0.0198787562549]]
    },
    "melbands": {
        "max": [0.0281451977789, 0.0140606537461, 0.0196771509945, 0.0140504352748, 0.00425516674295, 0.00976392254233, 0.0100096045062, 0.00768070993945, 0.00861784163862, 0.00670135626569, 0.00215036049485, 0.0016707717441, 0.0040300800465, 0.00164978369139, 0.00105508149136, 0.000558327534236, 0.000279539061012, 0.000196294655325, 0.000417647592258, 0.00033027146128, 0.000186344230315, 0.000246526906267, 0.000434522924479, 0.000699880183674, 0.000158533919603, 0.000408708292525, 0.000194059204659, 7.86955788499e-05, 3.39831312886e-05, 3.05384419335e-05, 3.39137732226e-05, 2.65698963631e-05, 4.75901979371e-05, 3.70571688109e-05, 1.32420536829e-05, 1.33503763209e-05, 1.49060469994e-05, 1.2508456166e-05, 4.51305595561e-06, 8.74289889907e-06],
        "mean": [0.00196318468079, 0.00170359422918, 0.00126595061738, 0.00139932974707, 0.000450640509371, 0.000588161870837, 0.000531044206582, 0.000313639553497, 0.00031797614065, 0.000164672892424, 0.000115061120596, 7.3088958743e-05, 5.45890361536e-05, 4.77306166431e-05, 3.23256026604e-05, 2.52901099884e-05, 1.98826201085e-05, 1.4276213733e-05, 1.37027009259e-05, 1.17062390927e-05, 1.28395186039e-05, 1.31083688757e-05, 1.25257492982e-05, 8.43824273034e-06, 7.20781645214e-06, 1.12994384835e-05, 1.16913597594e-05, 4.49395383839e-06, 2.22874359679e-06, 1.82463077181e-06, 1.38476059419e-06, 1.24261248402e-06, 1.45708941091e-06, 1.27193732169e-06, 6.80664243191e-07, 5.74524563035e-07, 4.8688610832e-07, 3.47042600879e-07, 2.28463633789e-07, 1.55924482215e-07],
        "min": [2.01448742132e-08, 6.89983039592e-08, 2.02447168363e-07, 6.81320727836e-07, 5.82491793466e-07, 7.49482694573e-07, 7.41336066312e-07, 1.85612702808e-06, 2.14363922169e-06, 1.84050782082e-06, 4.31573226933e-07, 5.57301063964e-07, 2.86811626893e-07, 2.48927818802e-07, 1.55622103648e-07, 3.56577913863e-07, 2.02237217195e-07, 1.16795320082e-07, 7.72631167933e-08, 6.99799969084e-08, 2.01983851866e-07, 1.10865165937e-07, 8.23121624194e-08, 6.06532282177e-08, 6.72941453672e-08, 3.82956528711e-08, 3.44801023289e-08, 2.69987321388e-08, 1.92865989845e-08, 2.93985777944e-08, 1.3906277907e-08, 1.17692611212e-08, 8.80238548717e-09, 6.04655570058e-09, 4.86387108367e-09, 3.95358989991e-09, 3.58260132671e-09, 2.60853161294e-09, 1.55144586067e-09, 9.46725586815e-10],
        "stdev": [0.00265168771148, 0.00186558032874, 0.00179417885374, 0.00184484000783, 0.000571237003896, 0.00100843119435, 0.0008155706455, 0.000558750820346, 0.000510728044901, 0.000392067915527, 0.000240615641815, 0.000138768227771, 0.000154894587467, 9.69039974734e-05, 7.35974608688e-05, 4.91293940286e-05, 2.6565267035e-05, 1.70538023667e-05, 2.45921728492e-05, 2.3980248443e-05, 1.95454304048e-05, 2.37582480622e-05, 2.37326257775e-05, 2.44359071075e-05, 1.29026248032e-05, 2.44397924689e-05, 2.23672650463e-05, 7.954132343e-06, 3.52043662133e-06, 3.22777282236e-06, 2.73314662991e-06, 2.37757444665e-06, 3.28891928802e-06, 2.74296621683e-06, 1.30055150294e-06, 1.22280573578e-06, 1.05222147795e-06, 7.59398062655e-07, 3.83103980539e-07, 3.44416719145e-07]
    },
    "melbands128": {
        "max": [0.00233575259335, 0.0283231157809, 0.0428514294326, 0.0317648425698, 0.0198750123382, 0.0155277187005, 0.018656887114, 0.0322891324759, 0.0317999683321, 0.0235953889787, 0.016626060009, 0.00794521253556, 0.00526758655906, 0.0111498860642, 0.0107203572989, 0.0184683371335, 0.00904568936676, 0.0193070359528, 0.0114752426744, 0.0163802318275, 0.00437353411689, 0.00878382194787, 0.0168247036636, 0.00798594392836, 0.014903748408, 0.0101190004498, 0.00496238423511, 0.00439144205302, 0.00408480316401, 0.00337286363356, 0.00288798753172, 0.00343881733716, 0.00767167145386, 0.00166729046032, 0.00197870098054, 0.00371444248594, 0.00219455175102, 0.00133493333124, 0.00265011703596, 0.001039834111, 0.00119875953533, 0.000630959868431, 0.000449794024462, 0.000490560720209, 0.000270378484856, 0.000354526273441, 0.000395990500692, 0.000551635690499, 0.000975806789938, 0.000613025506027, 0.000671379792038, 0.00049690855667, 0.000327992776874, 0.000395235780161, 0.000487517449073, 0.000409747241065, 0.00050320889568, 0.000417125411332, 0.000430296058767, 0.000536150007974, 0.00135551358107, 0.000179235968972, 0.000230916586588, 0.00022209114104, 0.000205803778954, 0.000661949859932, 0.000336224562488, 0.000523024937138, 0.000293691264233, 0.000205943695619, 8.7981694378e-05, 6.57643395243e-05, 6.67654239805e-05, 3.5921100789e-05, 3.46704036929e-05, 4.66250166937e-05, 4.30203981523e-05, 4.69727165182e-05, 3.82886682928e-05, 6.53765673633e-05, 2.18593631871e-05, 4.01651341235e-05, 5.48598036403e-05, 6.63648970658e-05, 5.42135712749e-05, 7.01209282852e-05, 3.0830513424e-05, 2.18585701077e-05, 2.11793121707e-05, 3.44970758306e-05, 2.17411743506e-05, 1.97423196369e-05, 1.94389940589e-05, 1.876881106e-05, 2.0344472432e-05, 3.4057211451e-05, 1.12447396532e-05, 6.53672896078e-06, 4.04024922318e-06, 1.20483382489e-05, 3.334778512e-06, 1.90279442904e-05, 2.4939611194e-06, 4.60324508822e-06, 7.43880264054e-06, 9.6371586551e-06, 4.16136526837e-06, 3.47873151441e-06, 2.64184041043e-06, 2.14005353882e-06, 1.20961681205e-06, 8.90842045465e-07, 3.87017792036e-07, 9.55090172283e-07, 2.34325426618e-07, 3.03510212518e-08, 5.48495071584e-09, 1.99817162816e-09, 1.93878735288e-09, 1.87833304466e-09, 1.82669090965e-09, 1.78468961831e-09, 1.75663872337e-09, 1.72581071656e-09, 1.69333913558e-09, 1.67468627854e-09, 1.65961677734e-09, 1.65041402767e-09],
        "mean": [0.000156156922458, 0.00144180771895, 0.002902968321, 0.00265674549155, 0.0016959401546, 0.000929977453779, 0.000838981708512, 0.00139786349609, 0.0018784966087, 0.00168069463689, 0.00095008185599, 0.000452648528153, 0.000356991833542, 0.000359230296453, 0.000490929116495, 0.00085546268383, 0.000657560944092, 0.000474745436804, 0.000337959412718, 0.000375578267267, 0.000207291173865, 0.000389954744605, 0.00037801155122, 0.00018372455088, 0.000203384275665, 0.00012225296814, 0.000154896988533, 0.00012451238581, 6.79749573465e-05, 9.14963966352e-05, 6.39357749606e-05, 5.4199303122e-05, 7.48141974327e-05, 2.81106440525e-05, 5.12726583111e-05, 5.19198511029e-05, 5.02057118865e-05, 2.38143347815e-05, 3.13408345392e-05, 2.48390151683e-05, 2.03852177947e-05, 3.1593204767e-05, 2.22986254812e-05, 1.30751323013e-05, 1.15508701128e-05, 1.40128977364e-05, 1.97389381356e-05, 1.13421565402e-05, 1.21143857541e-05, 1.51640670083e-05, 1.06085399239e-05, 8.86057841853e-06, 1.45217054524e-05, 1.27973453345e-05, 1.34660613185e-05, 1.25326996567e-05, 1.33452340378e-05, 1.52511938722e-05, 1.14814893095e-05, 8.344487469e-06, 9.65756953519e-06, 6.91790683049e-06, 6.8693175308e-06, 6.50780702927e-06, 9.01088333194e-06, 1.06349734779e-05, 1.35742666316e-05, 1.38715158755e-05, 1.20047361634e-05, 7.84934945841e-06, 4.10673601436e-06, 3.00469150716e-06, 2.51157007369e-06, 2.09800737139e-06, 1.90814466805e-06, 1.88432238701e-06, 1.83190491043e-06, 1.47973730691e-06, 1.3404622905e-06, 1.26514567e-06, 1.17847071124e-06, 1.28820420287e-06, 1.25972712794e-06, 1.46053469052e-06, 1.62022661243e-06, 1.58074055889e-06, 1.09001382498e-06, 8.0512927525e-07, 5.57395594569e-07, 7.34920376999e-07, 5.63514333862e-07, 5.80299115427e-07, 4.69017720661e-07, 5.23882022208e-07, 4.3510229375e-07, 4.71113992262e-07, 3.020994086e-07, 2.32082612683e-07, 2.18833335452e-07, 2.95342999834e-07, 8.50693453458e-08, 1.68178601712e-07, 1.50344476424e-07, 1.89813789575e-07, 1.87511602689e-07, 1.79064841177e-07, 1.10250013563e-07, 1.13530418844e-07, 9.88333752616e-08, 7.77663942131e-08, 4.76829029594e-08, 1.71554201955e-08, 4.07021882864e-09, 1.63295310607e-09, 6.45772879615e-10, 3.24543780739e-10, 7.65663157876e-11, 8.71283340614e-12, 9.10123192088e-12, 8.34274836714e-12, 7.35317969708e-12, 7.20392322184e-12, 7.08128304258e-12, 6.93996769774e-12, 6.70659274643e-12, 6.40608096084e-12, 6.2294744016e-12, 6.17797176264e-12],
        "min": [1.48318246573e-10, 3.56838425475e-09, 1.2343699396e-08, 1.11596225594e-08, 3.70711461528e-08, 1.31815028226e-07, 4.8506684891e-08, 9.5287248314e-08, 1.62785539715e-07, 4.35890115114e-07, 2.0008650381e-07, 1.78264059514e-07, 4.27257077718e-07, 4.04762090511e-07, 2.43957686052e-07, 4.65744676603e-07, 5.58972658382e-07, 1.86582951756e-07, 6.21334436346e-07, 1.54106047034e-07, 4.26092583439e-07, 3.60894432561e-07, 1.11561416816e-06, 7.71447162151e-07, 4.32427896158e-07, 3.10565980044e-07, 2.56746147898e-07, 2.80973750932e-07, 1.79750657026e-07, 2.56206135418e-07, 2.24101469826e-07, 1.27845353859e-07, 1.47825574004e-07, 6.08257693102e-08, 1.12121796292e-07, 1.02469329022e-07, 1.2144005801e-08, 3.16885859775e-08, 1.00773242195e-07, 1.71730761167e-07, 1.45149343211e-07, 1.10731853908e-07, 1.260084872e-07, 2.83664540746e-08, 7.24883406633e-08, 6.1480363911e-08, 5.89524340455e-08, 5.95952798221e-08, 3.59139775696e-08, 4.78504986745e-08, 4.57890365624e-08, 3.15366861514e-08, 1.22568195593e-07, 6.72346800457e-08, 7.253458989e-08, 4.23208845746e-08, 2.80996630408e-08, 5.68569724635e-08, 2.4125066389e-08, 2.44420252926e-08, 5.26664436507e-08, 3.73500022022e-08, 2.7706509087e-08, 3.23521902601e-08, 2.84142380735e-08, 1.10765032701e-08, 3.37928369731e-08, 2.32474111073e-08, 2.88344494948e-08, 1.18688561201e-08, 9.47309253263e-09, 1.8048595507e-08, 7.86268472552e-09, 9.06930175404e-09, 7.1016081904e-09, 1.25422854325e-08, 1.78937025197e-08, 3.64837782207e-09, 1.11152402837e-08, 7.37296312892e-09, 7.61100782398e-09, 9.66018998128e-09, 1.11749685061e-08, 4.57274218491e-09, 7.20126491771e-09, 4.00981914339e-09, 2.82759438086e-09, 3.662948167e-09, 1.26145249801e-09, 3.28090510315e-09, 4.47462866759e-09, 2.47520759444e-09, 2.76412448486e-09, 3.18675597022e-09, 2.58719690116e-09, 1.87531123963e-09, 2.24962626305e-09, 1.49814582961e-09, 9.92846249659e-10, 8.01145538798e-10, 4.69940253378e-10, 4.46047920821e-10, 8.35070179672e-10, 1.26912269582e-09, 5.78430858766e-10, 6.51240950056e-10, 3.71369934804e-10, 1.5074917703e-10, 1.95591286223e-11, 4.68932271486e-12, 4.22022443033e-13, 2.49293044974e-13, 2.5784726459e-13, 2.9556847421e-13, 2.73269661023e-13, 2.69749175254e-13, 2.34168966769e-13, 2.24743821101e-13, 2.62030523147e-13, 2.0024952562e-13, 2.36867735712e-13, 2.38137607507e-13, 2.6047743064e-13, 2.21869587589e-13, 2.160245046e-13, 7.03292879121e-14, 1.1889733718e-14, 3.07878979803e-16],
        "stdev": [0.000235730578424, 0.00231776293367, 0.00439775642008, 0.00329478434287, 0.00220840680413, 0.00154677405953, 0.00157494971063, 0.00272524356842, 0.00323237967677, 0.00272645382211, 0.00168751052115, 0.000821723719127, 0.00056229904294, 0.000914061209187, 0.00112740672193, 0.00169568660203, 0.00115757843014, 0.00125299405772, 0.000802342488896, 0.00103983585723, 0.000424545025453, 0.000739716750104, 0.000834916951135, 0.000522328773513, 0.000669888453558, 0.000509423669428, 0.000397480354877, 0.000368968612747, 0.00024576522992, 0.000204963580472, 0.00017333314463, 0.00015376090596, 0.000287299975753, 9.98792966129e-05, 0.000138040457387, 0.000147621743963, 0.000135586393299, 9.04188127606e-05, 0.000111815686978, 6.31753136986e-05, 7.83351642895e-05, 5.04050622112e-05, 4.06683138863e-05, 2.94094952551e-05, 2.02316550713e-05, 2.0965882868e-05, 3.18187194353e-05, 2.85283058474e-05, 4.17128867412e-05, 3.67394168279e-05, 3.5096618376e-05, 2.5109244234e-05, 2.7367093935e-05, 2.62617177214e-05, 3.42387684213e-05, 3.08431626763e-05, 3.4152311855e-05, 3.22255618812e-05, 2.58818436123e-05, 2.45954179263e-05, 4.25312755397e-05, 1.39168460009e-05, 1.44862815432e-05, 1.39920221045e-05, 1.90649825527e-05, 3.22872328979e-05, 3.08589260385e-05, 3.412742808e-05, 2.91694159387e-05, 1.80595852726e-05, 8.52649282024e-06, 6.11272480455e-06, 4.65813991468e-06, 3.48608523382e-06, 3.76277307623e-06, 3.34153173753e-06, 4.00997305405e-06, 3.24261759488e-06, 2.86500744551e-06, 2.94427059089e-06, 2.19121102418e-06, 2.77603180621e-06, 2.99930616166e-06, 3.76462412532e-06, 4.05861692343e-06, 4.20574406235e-06, 2.41991961047e-06, 1.90029743408e-06, 1.16132582662e-06, 1.71398983184e-06, 1.38612188039e-06, 1.43445652157e-06, 1.18862385534e-06, 1.18555374229e-06, 1.20413494642e-06, 1.51117717451e-06, 6.49040998724e-07, 4.18172675154e-07, 3.69777666265e-07, 7.62800937082e-07, 1.69107806869e-07, 6.15280782768e-07, 2.50533020107e-07, 3.47098847442e-07, 3.90881240264e-07, 5.38875667644e-07, 2.31680900242e-07, 2.37871105924e-07, 1.92763295104e-07, 1.85129110264e-07, 1.0288288621e-07, 6.54902194697e-08, 2.2266110733e-08, 2.63081467722e-08, 7.1508483579e-09, 1.68169778103e-09, 3.30640792523e-10, 7.64888291593e-11, 7.86746570669e-11, 7.4108025272e-11, 6.94755711295e-11, 6.7849122154e-11, 6.67878877203e-11, 6.55978882325e-11, 6.43560690849e-11, 6.36436736645e-11, 6.30780844224e-11, 6.27273719078e-11]
    },
    "mfcc": {
        "mean": [-650.458496094, 142.692901611, 6.83394098282, 28.8651180267, 0.0706283599138, 1.11536598206, -2.07064056396, 5.04450941086, -3.66996240616, 5.7432050705, 1.39912080765, 1.17800807953, 1.27807855606],
        "cov": [[1966.77209473, -388.127593994, 50.5661773682, 172.980194092, -44.2033081055, -143.427200317, 27.8018665314, 71.3044433594, -136.691497803, -31.9717140198, -8.93401432037, -49.0593566895, 61.4535980225], [-388.127593994, 852.795166016, 100.016586304, 19.6365699768, 77.9585876465, -24.0576705933, 16.1258335114, 41.1159133911, -20.7298736572, 30.558763504, 60.8915023804, 11.4814090729, 19.6421070099], [50.5661773682, 100.016586304, 489.928741455, 123.907791138, 50.8758544922, 70.2405853271, 30.3213863373, 17.1270961761, -3.102455616, 1.57061326504, 19.1588077545, 5.39009904861, -16.7261734009], [172.980194092, 19.6365699768, 123.907791138, 303.621795654, 61.1575241089, -15.2607383728, -20.7308235168, 20.8063678741, -53.4585647583, 8.26308345795, -4.95216321945, -5.41747379303, 25.1334438324], [-44.2033081055, 77.9585876465, 50.8758544922, 61.1575241089, 182.304321289, 24.2470054626, -26.0490703583, -10.8209943771, 30.7883071899, 26.0648612976, 5.64563083649, 17.61860466, 14.9621210098], [-143.427200317, -24.0576705933, 70.2405853271, -15.2607383728, 24.2470054626, 167.039047241, 8.79439735413, -0.881000697613, 37.1540336609, 1.95443201065, 21.3209152222, 24.2390289307, -17.5945415497], [27.8018665314, 16.1258335114, 30.3213863373, -20.7308235168, -26.0490703583, 8.79439735413, 144.573822021, 48.6351242065, 21.1692771912, 11.0430955887, 11.5329399109, -11.1661777496, 14.4065446854], [71.3044433594, 41.1159133911, 17.1270961761, 20.8063678741, -10.8209943771, -0.881000697613, 48.6351242065, 107.97844696, 0.954935193062, 12.6723031998, 22.3477916718, -6.25057983398, 12.4713602066], [-136.691497803, -20.7298736572, -3.102455616, -53.4585647583, 30.7883071899, 37.1540336609, 21.1692771912, 0.954935193062, 135.78717041, 29.4526386261, 6.5484995842, 23.6079826355, 12.3723630905], [-31.9717140198, 30.558763504, 1.57061326504, 8.26308345795, 26.0648612976, 1.95443201065, 11.0430955887, 12.6723031998, 29.4526386261, 74.4153366089, 27.021320343, 11.4926328659, 10.7580451965], [-8.93401432037, 60.8915023804, 19.1588077545, -4.95216321945, 5.64563083649, 21.3209152222, 11.5329399109, 22.3477916718, 6.5484995842, 27.021320343, 82.6635665894, 30.2669620514, 0.957127511501], [-49.0593566895, 11.4814090729, 5.39009904861, -5.41747379303, 17.61860466, 24.2390289307, -11.1661777496, -6.25057983398, 23.6079826355, 11.4926328659, 30.2669620514, 76.4530715942, 14.7742776871], [61.4535980225, 19.6421070099, -16.7261734009, 25.1334438324, 14.9621210098, -17.5945415497, 14.4065446854, 12.4713602066, 12.3723630905, 10.7580451965, 0.957127511501, 14.7742776871, 73.7815475464]],
        "icov": [[0.000751166488044, 0.000472500920296, -0.000197555578779, -0.000137191716931, -0.0001342031901, 0.000607476686127, -7.19901363482e-05, -0.000432275206549, 0.000629325339105, 0.000241577683482, -0.000480526214233, 0.0002996706462, -0.000684822385665], [0.000472500920296, 0.00168080173898, -0.000433922774391, 0.0002344782406, -0.000797697692178, 0.000810221943539, -6.60490695736e-05, -0.000621687446255, 0.000849631614983, 4.13730449509e-05, -0.00124346278608, 0.000332172814524, -0.000745192111935], [-0.000197555578779, -0.000433922774391, 0.00274674221873, -0.00124850054272, -0.00023608453921, -0.00117857917212, -0.000837295840029, 0.000268919335213, -0.000353369337972, 0.000387616484659, -0.000101034798718, -0.000166735757375, 0.0012503383914], [-0.000137191716931, 0.0002344782406, -0.00124850054272, 0.00492175249383, -0.00153221562505, 0.000262421963271, 0.000942233658861, -0.00116521841846, 0.00226879655384, -0.00101603078656, 0.000742819858715, 0.000129649662995, -0.00178939534817], [-0.0001342031901, -0.000797697692178, -0.00023608453921, -0.00153221562505, 0.00745590263978, -0.00107502518222, 0.0014476707438, 0.000948191271164, -0.00199423078448, -0.00183051102795, 0.000762160401791, -0.000413572473917, -0.00074447132647], [0.000607476686127, 0.000810221943539, -0.00117857917212, 0.000262421963271, -0.00107502518222, 0.00820698030293, -0.000529002049007, -0.000394450558815, -0.00120703689754, 0.00141563231591, -0.00195380905643, -0.00146618229337, 0.00158175930846], [-7.19901363482e-05, -6.60490695736e-05, -0.000837295840029, 0.000942233658861, 0.0014476707438, -0.000529002049007, 0.0093898056075, -0.00350032397546, -0.00135284964927, -0.000693097652402, -0.000457339774584, 0.00213473755866, -0.00218836171553], [-0.000432275206549, -0.000621687446255, 0.000268919335213, -0.00116521841846, 0.000948191271164, -0.000394450558815, -0.00350032397546, 0.0125232143328, -0.000589414383285, -0.000572022341657, -0.00297733186744, 0.00174752995372, -0.000865304726176], [0.000629325339105, 0.000849631614983, -0.000353369337972, 0.00226879655384, -0.00199423078448, -0.00120703689754, -0.00135284964927, -0.000589414383285, 0.0112907979637, -0.00370412645862, 0.00156029860955, -0.00208732392639, -0.00207848846912], [0.000241577683482, 4.13730449509e-05, 0.000387616484659, -0.00101603078656, -0.00183051102795, 0.00141563231591, -0.000693097652402, -0.000572022341657, -0.00370412645862, 0.0181102007627, -0.00608500745147, 0.000889695133083, -0.000956147559918], [-0.000480526214233, -0.00124346278608, -0.000101034798718, 0.000742819858715, 0.000762160401791, -0.00195380905643, -0.000457339774584, -0.00297733186744, 0.00156029860955, -0.00608500745147, 0.018906859681, -0.00742374360561, 0.00229430384934], [0.0002996706462, 0.000332172814524, -0.000166735757375, 0.000129649662995, -0.000413572473917, -0.00146618229337, 0.00213473755866, 0.00174752995372, -0.00208732392639, 0.000889695133083, -0.00742374360561, 0.0186380669475, -0.00481353048235], [-0.000684822385665, -0.000745192111935, 0.0012503383914, -0.00178939534817, -0.00074447132647, 0.00158175930846, -0.00218836171553, -0.000865304726176, -0.00207848846912, -0.000956147559918, 0.00229430384934, -0.00481353048235, 0.017739109695]]
    },
    "spectral_contrast_coeffs": {
        "max": [-0.416487216949, -0.505033969879, -0.539186298847, -0.632458090782, -0.573819041252, -0.599022507668],
        "mean": [-0.717242896557, -0.735634565353, -0.763797104359, -0.797783076763, -0.787930846214, -0.768457949162],
        "min": [-0.912482082844, -0.931923151016, -0.900559425354, -0.898569703102, -0.894145786762, -0.877021551132],
        "stdev": [0.0774357765913, 0.0680558234453, 0.0546969138086, 0.0424608848989, 0.0492380857468, 0.0341324806213]
    },
    "spectral_contrast_valleys": {
        "max": [-4.90306282043, -4.97657823563, -5.51955318451, -6.24282312393, -6.05865383148, -8.50911808014],
        "mean": [-6.36399650574, -6.4157075882, -7.39667272568, -7.79325723648, -7.73334741592, -10.5440273285],
        "min": [-10.2149085999, -8.14984512329, -9.11634635925, -9.24655532837, -9.39598655701, -12.2920818329],
        "stdev": [0.70654976368, 0.518659651279, 0.51061296463, 0.527178168297, 0.625468254089, 0.637113749981]
    }
},
"rhythm": {
    "beats_count": 64,
    "beats_loudness": {
        "max": 0.10087903589,
        "mean": 0.0338263623416,
        "min": 0.00347127206624,
        "stdev": 0.0220713112503
    },
    "bpm": 119.532661438,
    "bpm_histogram_first_peak_bpm": 120,
    "bpm_histogram_first_peak_weight": 0.526315808296,
    "bpm_histogram_second_peak_bpm": 115,
    "bpm_histogram_second_peak_spread": 0.33333337307,
    "bpm_histogram_second_peak_weight": 0.0634920671582,
    "danceability": 1.16158747673,
    "onset_rate": 3.16845679283,
    "beats_loudness_band_ratio": {
        "max": [0.941704690456, 0.623316347599, 0.624807357788, 0.546977221966, 0.268649697304, 0.122324712574],
        "mean": [0.495223104954, 0.234572783113, 0.217665836215, 0.060741469264, 0.0357289686799, 0.028118873015],
        "min": [0.0011369100539, 0.00546676618978, 0.0144638065249, 0.00538005726412, 0.00133075925987, 0.00198190519586],
        "stdev": [0.179383188486, 0.151770964265, 0.134721413255, 0.0710344463587, 0.0385276898742, 0.0249728206545]
    },
    "beats_position": [0.49922901392, 1.01006805897, 1.50929701328, 2.02013611794, 2.53097510338, 3.03020405769, 3.54104304314, 4.05188179016, 4.57433080673, 5.0967798233, 5.61922883987, 6.15328788757, 6.68734693527, 7.19818592072, 7.70902490616, 8.2198638916, 8.73070240021, 9.22993183136, 9.72916126251, 10.2399997711, 10.7508392334, 11.261677742, 11.7725172043, 12.2601356506, 12.7477550507, 13.235373497, 13.7346029282, 14.2338323593, 14.7446708679, 15.2439002991, 15.7431287766, 16.242357254, 16.7415866852, 17.2408161163, 17.7400455475, 18.2508831024, 18.7385025024, 19.2377319336, 19.7369613647, 20.247800827, 20.7470283508, 21.246257782, 21.7570972443, 22.2563266754, 22.7555541992, 23.2431735992, 23.7540130615, 24.2648525238, 24.764081955, 25.2633094788, 25.7625389099, 26.2849884033, 26.7958278656, 27.2834453583, 27.7826747894, 28.2819042206, 28.7927436829, 29.2803630829, 29.7795906067, 30.2788200378, 30.7896595001, 31.2772789001, 31.776506424, 32.2757377625],
