{
"metadata": {
    "version": {
        "essentia": "2.1-beta5",
        "essentia_git_sha": "Undefined",
        "extractor": "music 2.0"
    },
    "audio_properties": {
        "analysis": {
            "equal_loudness": 0,
            "length": 39.6016311646,
            "sample_rate": 44100,
            "start_time": 142.744674683,
            "downmix": "mix"
        },
        "bit_rate": 192000,
        "length": 182.369537354,
        "lossless": 0,
        "number_channels": 2,
        "replay_gain": -1.82684135437,
        "sample_rate": 48000,
        "codec": "mp3",
        "md5_encoded": "2a0f7997b4b62db30e697c35c20d670d"
    },
    "tags": {
        "file_name": "Sweden_Stad I Ljus_Tommy Körberg.mp3",
        "encoding": ["Lavf58.29.100"]
    }
},
"lowlevel": {
    "average_loudness": 0.949974000454,
    "barkbands_crest": {
        "max": 26.8005867004,
        "mean": 9.1601524353,
        "min": 2.93603491783,
        "stdev": 4.4115395546
    },
    "barkbands_flatness_db": {
        "max": 0.443358778954,
        "mean": 0.207545414567,
        "min": 0.0471574142575,
        "stdev": 0.0335932709277
    },
    "barkbands_kurtosis": {
        "max": 327.049743652,
        "mean": 1.03176999092,
        "min": -1.77152311802,
        "stdev": 8.76250076294
    },
    "barkbands_skewness": {
        "max": 17.9691104889,
        "mean": 0.611866056919,
        "min": -2.53860354424,
        "stdev": 1.02170443535
    },
    "barkbands_spread": {
        "max": 92.0054931641,
        "mean": 19.6325855255,
        "min": 1.34429013729,
        "stdev": 9.01344108582
    },
    "dissonance": {
        "max": 0.499904334545,
        "mean": 0.460589259863,
        "min": 0.294953197241,
        "stdev": 0.0307375974953
    },
    "dynamic_complexity": 1.49624574184,
    "erbbands_crest": {
        "max": 30.6018867493,
        "mean": 11.5834684372,
        "min": 2.74563574791,
        "stdev": 5.82108592987
    },
    "erbbands_flatness_db": {
        "max": 0.385982781649,
        "mean": 0.268354058266,
        "min": 0.0768697112799,
        "stdev": 0.0338630229235
    },
    "erbbands_kurtosis": {
        "max": 26.8022289276,
        "mean": 0.885652780533,
        "min": -1.76415979862,
        "stdev": 3.03400993347
    },
    "erbbands_skewness": {
        "max": 4.35175800323,
        "mean": -0.180494233966,
        "min": -4.11646938324,
        "stdev": 1.03428971767
    },
    "erbbands_spread": {
        "max": 61.0981445312,
        "mean": 24.4818344116,
        "min": 3.25118327141,
        "stdev": 11.305056572
    },
    "hfc": {
        "max": 74.9059143066,
        "mean": 25.7413539886,
        "min": 1.17596826615e-16,
        "stdev": 11.5331869125
    },
    "loudness_ebu128": {
        "integrated": -21.3362598419,
        "loudness_range": 2.33008956909,
        "momentary": {
            "max": -18.7393436432,
            "mean": -21.53855896,
            "min": -26.9114379883,
            "stdev": 1.36842083931
        },
        "short_term": {
            "max": -19.9919986725,
            "mean": -21.3549213409,
            "min": -23.5151882172,
            "stdev": 0.812999010086
        }
    },
    "melbands_crest": {
        "max": 39.8805809021,
        "mean": 11.7714595795,
        "min": 2.13784074783,
        "stdev": 5.48296546936
    },
    "melbands_flatness_db": {
        "max": 0.411249518394,
        "mean": 0.224163815379,
        "min": 0.0059259342961,
        "stdev": 0.0456008948386
    },
    "melbands_kurtosis": {
        "max": 551.827880859,
        "mean": 3.47206234932,
        "min": -1.78994250298,
        "stdev": 14.8150882721
    },
    "melbands_skewness": {
        "max": 22.7459907532,
        "mean": 1.30204916,
        "min": -1.48627662659,
        "stdev": 1.17081785202
    },
    "melbands_spread": {
        "max": 160.765960693,
        "mean": 30.810005188,
        "min": 1.663408041,
        "stdev": 18.0195999146
    },
    "pitch_salience": {
        "max": 0.893434941769,
        "mean": 0.533733546734,
        "min": 0.00880909152329,
        "stdev": 0.124290853739
    },
    "silence_rate_20dB": {
        "max": 1,
        "mean": 1,
        "min": 1,
        "stdev": 0
    },
    "silence_rate_30dB": {
        "max": 1,
        "mean": 1,
        "min": 1,
        "stdev": 0
    },
    "silence_rate_60dB": {
        "max": 1,
        "mean": 0.00527240755036,
        "min": 0,
        "stdev": 0.0724196732044
    },
    "spectral_centroid": {
        "max": 10709.8203125,
        "mean": 1481.13195801,
        "min": 376.792480469,
        "stdev": 629.750610352
    },
    "spectral_complexity": {
        "max": 39,
        "mean": 21.1400108337,
        "min": 0,
        "stdev": 5.42745447159
    },
    "spectral_decrease": {
        "max": 1.44039084797e-28,
        "mean": -6.80603395864e-09,
        "min": -2.34243415775e-08,
        "stdev": 3.48997564181e-09
    },
    "spectral_energy": {
        "max": 0.095203012228,
        "mean": 0.0280223563313,
        "min": 1.0627397598e-20,
        "stdev": 0.013742021285
    },
    "spectral_energyband_high": {
        "max": 0.00166831398383,
        "mean": 0.000201858521905,
        "min": 7.70372368399e-21,
        "stdev": 0.000199479763978
    },
    "spectral_energyband_low": {
        "max": 0.0366289056838,
        "mean": 0.00284461327828,
        "min": 4.74296434595e-23,
        "stdev": 0.00286677805707
    },
    "spectral_energyband_middle_high": {
        "max": 0.0432199314237,
        "mean": 0.0101738013327,
        "min": 1.21363410369e-21,
        "stdev": 0.00603049295023
    },
    "spectral_energyband_middle_low": {
        "max": 0.0907644256949,
        "mean": 0.016065582633,
        "min": 3.34714060739e-22,
        "stdev": 0.013991933316
    },
    "spectral_entropy": {
        "max": 9.79474258423,
        "mean": 7.10927534103,
        "min": 5.89517450333,
        "stdev": 0.303548902273
    },
    "spectral_flux": {
        "max": 0.255342125893,
        "mean": 0.0898378789425,
        "min": 7.03132135849e-11,
        "stdev": 0.0307392701507
    },
    "spectral_kurtosis": {
        "max": 32.6418266296,
        "mean": 6.41806697845,
        "min": -1.19391345978,
        "stdev": 4.62141799927
    },
    "spectral_rms": {
        "max": 0.00963747873902,
        "mean": 0.0050791092217,
        "min": 3.2199679121e-12,
        "stdev": 0.001241586986
    },
    "spectral_rolloff": {
        "max": 19099.9511719,
        "mean": 1749.81555176,
        "min": 21.533203125,
        "stdev": 1073.41162109
    },
    "spectral_skewness": {
        "max": 4.09547567368,
        "mean": 1.33852648735,
        "min": 0.0120630422607,
        "stdev": 0.519623339176
    },
    "spectral_spread": {
        "max": 40659620,
        "mean": 2349893.75,
        "min": 1420391.125,
        "stdev": 1413449.875
    },
    "spectral_strongpeak": {
        "max": 11.9948530197,
        "mean": 2.14600133896,
        "min": 0,
        "stdev": 1.99909162521
    },
    "zerocrossingrate": {
        "max": 0.5751953125,
        "mean": 0.0594979412854,
        "min": 0,
        "stdev": 0.0303503349423
    },
    "barkbands": {
        "max": [0.000100892022601, 0.0117763029411, 0.0272921398282, 0.0367815122008, 0.0547712706029, 0.0283393189311, 0.072988294065, 0.0527970045805, 0.0646518990397, 0.0564311631024, 0.0146942362189, 0.0203743036836, 0.00894494634122, 0.0102280387655, 0.0208000540733, 0.0210019666702, 0.0110657233745, 0.00927154999226, 0.00398470694199, 0.00175434432458, 0.000705506885424, 0.000338785961503, 7.99214758445e-05, 1.52158536366e-05, 3.83287357408e-07, 3.73319579694e-07, 4.08045309541e-07],
        "mean": [2.81001985059e-06, 0.000905912893359, 0.00121880124789, 0.00186942773871, 0.00448381248862, 0.00162911927328, 0.00273930211551, 0.00211220164783, 0.00202833395451, 0.00205216906033, 0.000789387559053, 0.00105455412995, 0.000521456589922, 0.00114836136345, 0.0014076755615, 0.00127076625358, 0.00128008215688, 0.00073402270209, 0.000486610428197, 0.000149688319652, 9.758984379e-05, 3.30476359522e-05, 5.98331280344e-06, 1.23069912661e-06, 2.97480404754e-08, 1.12501341576e-09, 1.22034404804e-09],
        "min": [1.96363619404e-23, 1.18956027767e-23, 7.53074388028e-24, 1.82360991237e-23, 6.51120490024e-23, 1.44920658711e-23, 2.4127028374e-23, 4.31284298608e-23, 5.86666451991e-23, 2.10653582266e-23, 2.96130053449e-23, 4.75377647351e-23, 1.55928253388e-22, 1.06988395679e-22, 7.01459408326e-23, 1.09155276679e-22, 1.01253156017e-22, 1.41787183288e-22, 1.15323727196e-22, 3.13137313964e-22, 2.79599795035e-22, 4.10479240815e-22, 5.84472623503e-22, 8.49112005947e-22, 1.2372872081e-21, 1.59993694133e-21, 2.27995917446e-21],
        "stdev": [3.88481294067e-06, 0.00117358984426, 0.00180689815897, 0.00357224862091, 0.00746590457857, 0.00240743416362, 0.00589098455384, 0.00494229607284, 0.00640157051384, 0.0040776738897, 0.00131758232601, 0.00173863803502, 0.0011142923031, 0.00131186773069, 0.00243228813633, 0.00228265975602, 0.00164424581453, 0.000902955012862, 0.000511761405505, 0.000216841071961, 9.33426563279e-05, 3.67483917216e-05, 7.65903587308e-06, 1.15930777156e-06, 2.40554367537e-08, 9.0938820918e-09, 9.9349319882e-09]
    },
    "erbbands": {
        "max": [0.099163196981, 3.4554400444, 24.3905296326, 49.07188797, 203.071487427, 258.821960449, 293.248016357, 215.292800903, 1137.53344727, 1323.83813477, 1432.69970703, 1118.10058594, 2692.6262207, 587.645019531, 523.763427734, 887.905944824, 495.301574707, 515.955810547, 407.674743652, 1859.92541504, 409.343383789, 476.352294922, 444.946258545, 255.420425415, 276.486206055, 120.515197754, 38.3413467407, 21.0943508148, 11.080616951, 6.90653610229, 1.72444581985, 0.413506597281, 0.274492561817, 0.0100251156837, 0.00265491078608, 0.00149122776929, 0.000699771917425, 0.0002513572108, 6.66697014822e-05, 0.000110819943075],
        "mean": [0.0112059991807, 0.26261472702, 1.19871997833, 3.97369003296, 10.2645587921, 15.6094484329, 16.5182723999, 12.4685783386, 28.6907978058, 52.6082305908, 43.8374938965, 38.9722709656, 84.9626693726, 39.9773330688, 34.4434547424, 48.3693809509, 29.8784217834, 57.18983078, 40.9830322266, 121.189193726, 58.8130340576, 59.100227356, 35.8408660889, 38.8247070312, 16.0725097656, 8.69303321838, 4.56342172623, 2.80014419556, 1.20885002613, 0.515660703182, 0.152198076248, 0.0394335016608, 0.0158404484391, 0.00141820521094, 8.29727796372e-05, 3.10192044708e-05, 1.61968455359e-05, 5.81399217481e-06, 1.58540478878e-05, 3.36801349476e-05],
        "min": [3.89139606695e-22, 3.44506144454e-21, 7.91247612094e-21, 3.45236074799e-20, 1.05972059903e-19, 2.77158470614e-19, 2.16180240971e-19, 1.19507759104e-19, 2.81002094577e-19, 7.09961778526e-19, 1.10882372041e-18, 1.07035454865e-18, 1.68375012509e-18, 6.53211294843e-19, 1.87485531637e-18, 2.49804884717e-18, 7.89901319425e-18, 5.14047421204e-18, 4.32715549219e-18, 3.93678538648e-18, 6.72669684778e-18, 6.81511914654e-18, 7.14504964643e-18, 8.48341464265e-18, 7.24270989827e-18, 1.27098476604e-17, 1.20721865339e-17, 1.11178235934e-17, 1.23111267528e-17, 1.59575415522e-17, 1.9726891107e-17, 1.96267857093e-17, 1.50964647325e-17, 1.05508442231e-17, 8.31413213029e-18, 6.24029479526e-18, 3.00927686461e-18, 1.04083102502e-18, 3.06964347174e-19, 3.40446440559e-20],
        "stdev": [0.0110421003774, 0.337201684713, 1.58754563332, 5.33141469955, 21.892616272, 29.0084838867, 31.3066329956, 16.8042316437, 67.3410186768, 113.619056702, 124.685905457, 100.891990662, 225.031036377, 60.769115448, 49.1822738647, 80.6110229492, 54.4870414734, 64.2431945801, 42.9065437317, 216.343429565, 57.53490448, 69.9372940063, 39.2244186401, 38.3130264282, 21.2959403992, 12.2556123734, 4.65355491638, 2.71877169609, 1.26211345196, 0.578746497631, 0.179243206978, 0.0380974560976, 0.0175582803786, 0.000905401364435, 7.45593206375e-05, 3.72818794858e-05, 1.76786143129e-05, 6.46905209578e-06, 6.90693877914e-06, 1.55480411195e-05]
    },
    "gfcc": {
        "mean": [-44.4373168945, 169.035766602, -193.859909058, 40.8354988098, -48.245059967, -19.2121067047, -16.3403491974, -21.1863288879, 2.98752951622, -26.0048599243, -1.94848489761, -17.2368221283, -2.70062756538],
        "cov": [[5408.38378906, 938.83782959, -820.566650391, 300.38369751, -151.480545044, -230.196884155, -19.5655498505, -172.302459717, 26.0938835144, -225.076919556, -81.9430007935, -96.4623184204, -20.359085083], [938.83782959, 596.433044434, 186.528717041, -11.5558986664, 8.80313491821, -20.7554321289, -23.4805011749, -39.1947669983, -6.60938167572, -27.1856765747, 57.6984176636, -38.4449043274, -22.645980835], [-820.566650391, 186.528717041, 572.958618164, 68.2144699097, 38.6735229492, 16.9106559753, -51.8234672546, 6.91284513474, -7.57803440094, 40.0428695679, 54.4963951111, -0.199571073055, -6.68288755417], [300.38369751, -11.5558986664, 68.2144699097, 372.501403809, 68.7174453735, -78.3063659668, -71.7777709961, -50.6657028198, 8.53011798859, -17.0846481323, -52.3028106689, -0.567573070526, 27.0887050629], [-151.480545044, 8.80313491821, 38.6735229492, 68.7174453735, 214.748321533, 7.97499799728, -59.2231330872, 27.6495075226, 33.6147918701, 12.3497686386, -26.8452644348, -1.32182347775, 6.27260255814], [-230.196884155, -20.7554321289, 16.9106559753, -78.3063659668, 7.97499799728, 142.574005127, 85.5461578369, 36.8165168762, -5.50851011276, 16.2002849579, 33.3932609558, -8.69061470032, -16.7561817169], [-19.5655498505, -23.4805011749, -51.8234672546, -71.7777709961, -59.2231330872, 85.5461578369, 200.160568237, 74.313583374, -27.4803009033, -13.4765844345, 6.36920928955, 13.8357276917, -13.1083993912], [-172.302459717, -39.1947669983, 6.91284513474, -50.6657028198, 27.6495075226, 36.8165168762, 74.313583374, 121.620986938, 45.5835380554, 6.81902837753, 3.90192961693, 10.2996883392, -8.70230484009], [26.0938835144, -6.60938167572, -7.57803440094, 8.53011798859, 33.6147918701, -5.50851011276, -27.4803009033, 45.5835380554, 104.158355713, 53.1050796509, 1.28679466248, -11.1911678314, -12.9737062454], [-225.076919556, -27.1856765747, 40.0428695679, -17.0846481323, 12.3497686386, 16.2002849579, -13.4765844345, 6.81902837753, 53.1050796509, 103.344009399, 46.8104515076, -7.77192354202, -12.0235586166], [-81.9430007935, 57.6984176636, 54.4963951111, -52.3028106689, -26.8452644348, 33.3932609558, 6.36920928955, 3.90192961693, 1.28679466248, 46.8104515076, 89.6371994019, 23.4669551849, -15.8152446747], [-96.4623184204, -38.4449043274, -0.199571073055, -0.567573070526, -1.32182347775, -8.69061470032, 13.8357276917, 10.2996883392, -11.1911678314, -7.77192354202, 23.4669551849, 73.0528411865, 25.8984966278], [-20.359085083, -22.645980835, -6.68288755417, 27.0887050629, 6.27260255814, -16.7561817169, -13.1083993912, -8.70230484009, -12.9737062454, -12.0235586166, -15.8152446747, 25.8984966278, 74.4001464844]],
        "icov": [[0.00148373842239, -0.00359824486077, 0.00339705706574, -0.00214422331192, 0.00174595834687, -0.000366115564248, 0.00078263215255, -0.000702406570781, -0.000439168739831, 0.000383322651032, 0.00106733874418, -0.000600634259172, 0.000644021085463], [-0.00359824486077, 0.0133611122146, -0.0101483538747, 0.00643603736535, -0.00793768744916, 0.0059667211026, -0.00796841457486, 0.00861400458962, -0.00650745211169, 0.00904464907944, -0.0142269069329, 0.00928950868547, -0.00448696687818], [0.00339705706574, -0.0101483538747, 0.0107846902683, -0.00621533906087, 0.00568821281195, -0.00357696833089, 0.00585212325677, -0.006390477065, 0.00414155703038, -0.00431319745257, 0.00616012699902, -0.00422696210444, 0.00287675485015], [-0.00214422331192, 0.00643603736535, -0.00621533906087, 0.00737333856523, -0.0051004095003, 0.00383475841954, -0.00429023010656, 0.00593846198171, -0.00354867288843, 0.00311783864163, -0.00368386181071, 0.00279637449421, -0.00250968080945], [0.00174595834687, -0.00793768744916, 0.00568821281195, -0.0051004095003, 0.013174386695, -0.00892995204777, 0.0120186721906, -0.0121266162023, 0.00868940260261, -0.0112723810598, 0.0164605248719, -0.0101157603785, 0.00472072837874], [-0.000366115564248, 0.0059667211026, -0.00357696833089, 0.00383475841954, -0.00892995204777, 0.0199505873024, -0.0153522780165, 0.0108540263027, -0.0106639815494, 0.0134508507326, -0.0209391135722, 0.014722449705, -0.00545246899128], [0.00078263215255, -0.00796841457486, 0.00585212325677, -0.00429023010656, 0.0120186721906, -0.0153522780165, 0.0249404162169, -0.0223746467382, 0.0205422490835, -0.0191195290536, 0.0235371608287, -0.0156889017671, 0.00813950318843], [-0.000702406570781, 0.00861400458962, -0.006390477065, 0.00593846198171, -0.0121266162023, 0.0108540263027, -0.0223746467382, 0.0343517400324, -0.0279165748507, 0.023452905938, -0.0226107910275, 0.0120023116469, -0.00682592671365], [-0.000439168739831, -0.00650745211169, 0.00414155703038, -0.00354867288843, 0.00868940260261, -0.0106639815494, 0.0205422490835, -0.0279165748507, 0.0401741936803, -0.0328606814146, 0.0276149492711, -0.0146483015269, 0.00944695062935], [0.000383322651032, 0.00904464907944, -0.00431319745257, 0.00311783864163, -0.0112723810598, 0.0134508507326, -0.0191195290536, 0.023452905938, -0.0328606814146, 0.0461960360408, -0.0407853797078, 0.0236908048391, -0.0104914428666], [0.00106733874418, -0.0142269069329, 0.00616012699902, -0.00368386181071, 0.0164605248719, -0.0209391135722, 0.0235371608287, -0.0226107910275, 0.0276149492711, -0.0407853797078, 0.0603782758117, -0.0348918661475, 0.0164595339447], [-0.000600634259172, 0.00928950868547, -0.00422696210444, 0.00279637449421, -0.0101157603785, 0.014722449705, -0.0156889017671, 0.0120023116469, -0.0146483015269, 0.0236908048391, -0.0348918661475, 0.0374864786863, -0.0151180224493], [0.000644021085463, -0.00448696687818, 0.00287675485015, -0.00250968080945, 0.00472072837874, -0.00545246899128, 0.00813950318843, -0.00682592671365, 0.00944695062935, -0.0104914428666, 0.0164595339447, -0.0151180224493, 0.0211463663727]]
    },
    "melbands": {
        "max": [0.00192585308105, 0.00941508542746, 0.0140610495582, 0.0126204416156, 0.0102428244427, 0.00494274962693, 0.0171453393996, 0.0125304292887, 0.012484068051, 0.00811229553074, 0.0130355581641, 0.00224618171342, 0.00232492876239, 0.0014062942937, 0.00220243399963, 0.000824210757855, 0.00118351576384, 0.000586498645134, 0.00171779072843, 0.00213605514728, 0.000616355682723, 0.000694118207321, 0.000599250895903, 0.000646156549919, 0.000221306734602, 0.000174654240254, 0.000116620300105, 8.28533302411e-05, 3.60983249266e-05, 3.19418759318e-05, 1.2591196537e-05, 8.73219505593e-06, 7.61930505178e-06, 3.36684774993e-06, 1.22949109027e-06, 4.76943569083e-07, 2.00708697662e-07, 2.8444065947e-07, 2.98801232645e-08, 3.45628947684e-09],
        "mean": [0.000180264789378, 0.000561113643926, 0.00089630036382, 0.000919102865737, 0.000639054342173, 0.000292141834507, 0.000471540377475, 0.000541305402294, 0.000324716820614, 0.000276813196251, 0.000420883588959, 0.000153749424499, 0.000117397874419, 0.000112837486085, 9.76886658464e-05, 5.3810323152e-05, 0.000116554627311, 5.81415733905e-05, 0.000126122846268, 0.000130815969897, 7.030240522e-05, 7.41891490179e-05, 3.72610338673e-05, 3.15190300171e-05, 3.32900417561e-05, 1.07584792204e-05, 8.09418634162e-06, 4.9886261877e-06, 2.42909254666e-06, 2.97775818581e-06, 1.17975139347e-06, 7.46954867736e-07, 4.85997134092e-07, 1.92130826804e-07, 9.49830649688e-08, 3.61916789871e-08, 1.84431527828e-08, 1.33489006515e-08, 3.92956156503e-09, 8.88328577364e-11],
        "min": [4.98031989167e-24, 4.63948819883e-24, 7.68088540979e-24, 1.57563274899e-23, 8.07545233533e-24, 3.13522906019e-24, 4.01401024784e-24, 8.59536373669e-24, 8.50211485567e-24, 7.8039839986e-24, 8.19229525717e-24, 1.97050906579e-24, 5.09249985669e-24, 6.86783092946e-24, 8.70286102339e-24, 1.77857258112e-23, 8.34394903303e-24, 7.11411645952e-24, 6.58199980223e-24, 3.9450077956e-24, 9.09615393857e-24, 6.70029186155e-24, 6.02713279087e-24, 6.96457998632e-24, 6.77425151572e-24, 3.63445495089e-24, 8.48799109002e-24, 8.65380255255e-24, 7.27637962569e-24, 7.28137074864e-24, 5.54067461392e-24, 5.47698435101e-24, 8.34608763495e-24, 8.71374809274e-24, 9.92181520502e-24, 1.55497516401e-23, 1.03872668049e-23, 1.03975945719e-23, 9.1405352531e-24, 9.38826597633e-24],
        "stdev": [0.000209700359846, 0.000661205791403, 0.00150474137627, 0.00145945861004, 0.00128178007435, 0.000387979496736, 0.00105703470763, 0.00110028695781, 0.000973753572907, 0.000839533400722, 0.00111187854782, 0.000257784122368, 0.000188109872397, 0.000166078039911, 0.000171124571352, 9.41663820413e-05, 0.000139206997119, 6.90357774147e-05, 0.000218120330828, 0.00024036988907, 8.28658448881e-05, 0.000103800746729, 5.94470184296e-05, 4.49416074844e-05, 3.51413182216e-05, 1.51133663167e-05, 1.10242654046e-05, 8.46890543471e-06, 3.44186219081e-06, 3.46713477484e-06, 1.45224259995e-06, 9.22709489259e-07, 6.50616811981e-07, 2.57698758332e-07, 1.20740480725e-07, 4.22669153011e-08, 1.69666609651e-08, 1.75033960659e-08, 2.4914890151e-09, 1.2801297522e-10]
    },
    "melbands128": {
        "max": [5.60324479011e-05, 0.000375848583644, 0.00230802549049, 0.00756830628961, 0.010987370275, 0.0138171128929, 0.00599879864603, 0.0252343639731, 0.0250414311886, 0.0155452294275, 0.0173894949257, 0.0224666371942, 0.0144468313083, 0.0119999228045, 0.00656044622883, 0.00802094582468, 0.00886387843639, 0.0328559502959, 0.0152722857893, 0.0258601494133, 0.00862283911556, 0.0201484467834, 0.0242381729186, 0.00783351343125, 0.012120670639, 0.0192978456616, 0.031947337091, 0.0214437693357, 0.00566642964259, 0.0040491274558, 0.00481062522158, 0.00262350449339, 0.00465552182868, 0.00244708871469, 0.00186185631901, 0.002276760526, 0.00510242721066, 0.00310746836476, 0.00223527988419, 0.00218526017852, 0.00103353243321, 0.00216023134999, 0.00177588511724, 0.00260730623268, 0.000913796189707, 0.000972162699327, 0.00201332662255, 0.00142582145054, 0.00460409978405, 0.00676542986184, 0.00218644249253, 0.00166988093406, 0.00107253727037, 0.00116772262845, 0.00237283529714, 0.001250502537, 0.000933767762035, 0.0014474253403, 0.00088175071869, 0.00060871639289, 0.00121658644639, 0.000939128629398, 0.000579488521907, 0.000449544022558, 0.000164733079146, 0.000149482657434, 0.000561784894671, 0.000192067585886, 0.000158189650392, 0.00015057924611, 0.000167785881786, 0.000152015476488, 6.4628693508e-05, 6.26167311566e-05, 3.78471340809e-05, 6.759360258e-05, 3.14917015203e-05, 2.8725953598e-05, 1.96108831005e-05, 3.2972322515e-05, 2.09850077226e-05, 9.14405154617e-06, 9.03287036635e-06, 1.36786620715e-05, 4.56339967059e-06, 9.42049155128e-06, 3.53021209776e-06, 2.70774103228e-06, 1.19519938835e-06, 2.05044534596e-06, 6.33979766462e-07, 5.83453413583e-07, 5.44008457837e-07, 1.83790433539e-07, 2.14819309008e-07, 4.46583214853e-07, 3.88644451732e-07, 1.28862808424e-07, 3.51657192255e-08, 7.77943309771e-09, 3.64499475047e-09, 3.40924133369e-09, 3.25575122417e-09, 3.10435899209e-09, 2.95388757898e-09, 2.83365397813e-09, 2.74501887887e-09, 2.63694843738e-09, 2.55556331652e-09, 2.47118503438e-09, 2.36578245882e-09, 2.26161778194e-09, 2.19243867505e-09, 2.13722883835e-09, 2.06653250068e-09, 1.99023819647e-09, 1.93167060125e-09, 1.88769155862e-09, 1.85686765963e-09, 1.80668957572e-09, 1.75248515699e-09, 1.72232494933e-09, 1.69848879406e-09, 1.68304581383e-09, 1.64622415699e-09, 1.64000835134e-09, 1.62242397295e-09, 1.61286350941e-09],
        "mean": [2.20780498239e-06, 3.26043555106e-05, 0.000234167222516, 0.000497353437822, 0.000545996590517, 0.000640999118332, 0.000709386076778, 0.00106017105281, 0.00107444811147, 0.000837512023281, 0.000870002550073, 0.000914149743039, 0.000595657445956, 0.000301496213069, 0.000203787727514, 0.000341833365383, 0.00039432689664, 0.000487344572321, 0.000518631248269, 0.000776874483563, 0.00037480739411, 0.000363270606613, 0.000410151202232, 0.000159490227816, 0.000155314468429, 0.000295363512123, 0.000614385528024, 0.00052479468286, 0.000158867711434, 0.000188115052879, 0.000137408249429, 0.00010277092224, 0.000158667375217, 8.69660580065e-05, 7.09809391992e-05, 0.000121120661788, 0.000193302490516, 6.9565467129e-05, 7.11942557245e-05, 6.59573779558e-05, 2.77209219348e-05, 7.06239443389e-05, 0.000119192205602, 0.000176591682248, 4.65173106932e-05, 3.51711860276e-05, 6.49087160127e-05, 4.98909867019e-05, 0.000182997115189, 0.000280823122011, 9.20715392567e-05, 3.18283236993e-05, 3.46058477589e-05, 7.65217628214e-05, 0.000172132626176, 5.37805899512e-05, 2.09840727621e-05, 4.48826467618e-05, 4.42122291133e-05, 2.01343937078e-05, 2.28796106967e-05, 4.89248559461e-05, 4.47225065727e-05, 3.16168043355e-05, 6.43415160084e-06, 5.81767972108e-06, 2.05290616577e-05, 7.69059352024e-06, 4.07742527386e-06, 7.89555724623e-06, 7.35430512577e-06, 2.16629837269e-06, 1.77823301328e-06, 2.95082304547e-06, 2.141181767e-06, 4.48514219897e-06, 2.2208239443e-06, 1.309971708e-06, 1.04533148715e-06, 1.24552298075e-06, 8.5854929921e-07, 4.87717613851e-07, 4.6318697855e-07, 6.68006180149e-07, 2.99390848113e-07, 2.46397803494e-07, 1.46248623878e-07, 1.08844353974e-07, 9.98379690031e-08, 8.19058101342e-08, 3.99922051031e-08, 2.46580675878e-08, 2.35880897037e-08, 1.79797456923e-08, 1.57473891704e-08, 1.62845203988e-08, 1.38359803614e-08, 7.33119165375e-09, 5.10536102283e-09, 1.22577359374e-09, 1.80286462842e-11, 1.21630587546e-11, 1.13117067796e-11, 1.02378496306e-11, 9.40683208411e-12, 8.71111516254e-12, 8.29563761434e-12, 7.95679667986e-12, 7.65347420856e-12, 7.37931243888e-12, 7.12424997468e-12, 6.87604617342e-12, 6.63277505836e-12, 6.40366796048e-12, 6.20180859792e-12, 6.02479654707e-12, 5.86512479209e-12, 5.71458462148e-12, 5.60317590936e-12, 5.46558935263e-12, 5.31586233365e-12, 5.21711536819e-12, 5.13899209645e-12, 5.04843649524e-12, 4.82604841506e-12, 4.50822018605e-12, 4.32607942524e-12, 4.282202197e-12],
        "min": [9.8611620566e-24, 4.35679910458e-24, 1.43955706302e-24, 5.89216421201e-24, 3.58342984982e-24, 4.08157697324e-24, 5.97509045366e-24, 1.06370114901e-23, 5.19897596295e-24, 2.43226453681e-23, 1.56427536077e-23, 7.49427010746e-24, 6.73777458746e-24, 5.35145370402e-24, 1.41290924303e-24, 2.70355155386e-25, 4.78763864341e-24, 3.92892962706e-24, 2.95008754725e-24, 4.57683647131e-24, 1.57033081485e-23, 8.58291472275e-24, 3.46974039945e-24, 6.07993519556e-24, 3.8980622887e-24, 9.25564662525e-24, 1.52950205652e-23, 7.38654247339e-24, 7.51271485872e-25, 3.52003664235e-25, 1.26635170583e-24, 3.6156185302e-24, 3.69166077716e-24, 6.19266696879e-24, 3.46039082e-24, 5.04800455177e-24, 3.55892191365e-24, 3.84441501398e-24, 9.37664921064e-24, 1.54280414465e-23, 1.20377428901e-23, 7.06571668754e-24, 9.12267544221e-24, 4.58963140076e-24, 1.05971882138e-23, 5.81934130641e-24, 4.387408091e-24, 9.64799527393e-24, 6.08954983227e-24, 3.67313950639e-24, 3.61941058457e-24, 3.82957377934e-24, 8.41141162879e-24, 1.19282134977e-23, 6.8618008767e-24, 3.43762311099e-24, 4.42222722806e-24, 4.12823139046e-24, 8.25633340774e-24, 3.09742724004e-24, 8.13216354581e-24, 6.18032997309e-24, 3.18277015707e-24, 3.75589377636e-24, 2.97409593726e-24, 3.2590969856e-24, 2.10016999126e-24, 6.67423184155e-24, 7.86598373259e-24, 7.98007116328e-24, 4.10904550439e-24, 1.1962341987e-23, 8.80803117041e-24, 3.88971259045e-24, 8.61404711837e-24, 8.40998536827e-24, 5.24255540036e-24, 6.21447857839e-24, 4.61225869254e-24, 5.54189932047e-24, 3.70076975403e-24, 7.1404936016e-24, 5.43961206563e-24, 7.41254648427e-24, 1.05969799546e-23, 9.84266642382e-24, 5.2493467039e-24, 1.25285555792e-23, 6.55187912072e-24, 1.21088161022e-23, 1.44863103419e-23, 1.27498949609e-23, 1.08138307177e-23, 8.24175289162e-24, 1.12882587658e-23, 1.13559643307e-23, 9.06074118368e-24, 1.08350274102e-23, 8.40394821576e-24, 4.71998672104e-24, 5.06835874084e-24, 1.00395171964e-23, 1.27093979974e-23, 1.19206940755e-23, 9.10249164709e-24, 7.0785506656e-24, 5.49946057592e-24, 9.47200987231e-24, 1.17238811683e-23, 1.11726638219e-23, 1.03399848489e-23, 7.94204964537e-24, 9.5750982154e-24, 8.20821762568e-24, 5.47828636594e-24, 4.98566994633e-24, 8.7249720057e-24, 7.8004065144e-24, 9.4493924413e-24, 8.2331211756e-24, 8.55288673239e-24, 1.04601622857e-23, 8.29994637174e-24, 1.26128019796e-23, 7.99663724229e-24, 1.01334437089e-23, 1.07453086817e-23, 1.07935333266e-23],
        "stdev": [2.98179679703e-06, 3.41980558005e-05, 0.000260344473645, 0.000723733275663, 0.000815552950371, 0.00100118131377, 0.000877412152477, 0.00245975144207, 0.00265364092775, 0.00148585892748, 0.00183610897511, 0.00263034878299, 0.00123638776131, 0.000767175748479, 0.000436058850028, 0.000507536635268, 0.000730670697521, 0.00184362893924, 0.00134434830397, 0.0020698804874, 0.000797804968897, 0.00137930130586, 0.00157651503105, 0.0004740767763, 0.000491461367346, 0.00145308021456, 0.00243544578552, 0.00148615706712, 0.000366109830793, 0.000424543628469, 0.000309702940285, 0.000210068596061, 0.000322296487866, 0.000206076481845, 0.000160301249707, 0.000228266886552, 0.000441110576503, 0.000200355934794, 0.000203578310902, 0.000202023307793, 6.80766461301e-05, 0.000140088479384, 0.000179040333023, 0.000284439971438, 9.44000421441e-05, 7.4114977906e-05, 0.000149584811879, 0.000117533578305, 0.000468747399282, 0.000643551233225, 0.000226522606681, 9.44693601923e-05, 7.56616209401e-05, 0.000135444352054, 0.000290858617518, 0.000119719108625, 6.32613810012e-05, 0.000106260500615, 8.55809339555e-05, 4.47832499049e-05, 5.00279020343e-05, 0.000103288810351, 6.244139513e-05, 5.07976656081e-05, 1.36630897032e-05, 1.06442348624e-05, 4.17553819716e-05, 1.50793039211e-05, 1.35670798045e-05, 1.63090353453e-05, 1.53393011715e-05, 6.67668064125e-06, 4.37868811787e-06, 5.78283334107e-06, 3.23272502101e-06, 6.92622506904e-06, 3.10780251311e-06, 2.70647728939e-06, 1.76418916453e-06, 2.57561669059e-06, 1.6179449176e-06, 8.44375051656e-07, 7.08768652657e-07, 1.16700960007e-06, 4.55402613397e-07, 4.40181480599e-07, 2.77567835383e-07, 1.91636729596e-07, 1.33709903594e-07, 1.25260811501e-07, 5.76457601653e-08, 3.37621450797e-08, 2.88476833532e-08, 1.75760881405e-08, 1.67010423269e-08, 2.31201209289e-08, 2.36172592594e-08, 7.35953564757e-09, 3.15475401358e-09, 8.77860173443e-10, 1.24658408596e-10, 1.07650367787e-10, 9.69423985531e-11, 8.17385534257e-11, 7.37294947317e-11, 6.91837837019e-11, 6.6893990347e-11, 6.42527420158e-11, 6.22582818632e-11, 6.0194800533e-11, 5.76298939126e-11, 5.50968402846e-11, 5.34047701894e-11, 5.20523034397e-11, 5.03279709574e-11, 4.84728472638e-11, 4.70443857481e-11, 4.5967452067e-11, 4.52083474822e-11, 4.39873762414e-11, 4.26717862434e-11, 4.19343032521e-11, 4.13496910323e-11, 4.0969203724e-11, 4.00802828426e-11, 3.99305137566e-11, 3.95069463255e-11, 3.92748611411e-11]
    },
    "mfcc": {
        "mean": [-657.411071777, 175.845581055, -66.4987030029, 45.5912437439, -15.8704633713, 9.65858078003, -19.7251224518, 9.75327587128, -7.80828619003, 3.23075938225, -8.3564453125, 1.76505565643, -11.22128582],
        "cov": [[2510.11352539, 293.745544434, -414.74319458, 285.082000732, -159.946212769, 61.2145957947, -121.62298584, 96.1225280762, -24.0029125214, 7.27774906158, -91.2800521851, -44.0282440186, -60.1447906494], [293.745544434, 566.752685547, 164.710159302, -43.750667572, 67.7844619751, -19.0452537537, 45.5914459229, -15.0264806747, -28.648481369, -31.9479084015, 72.8000564575, 49.7811584473, -20.4889297485], [-414.74319458, 164.710159302, 472.117858887, 76.3652496338, 42.059627533, 11.4654760361, 34.6961364746, -40.0949668884, -49.2337379456, -19.7615127563, 23.9279289246, 38.4810447693, 8.57156085968], [285.082000732, -43.750667572, 76.3652496338, 355.139587402, 120.265174866, 24.4788837433, -85.7035217285, -12.5543260574, 15.5202827454, -7.71199417114, -56.2728881836, -67.6821670532, -8.82071781158], [-159.946212769, 67.7844619751, 42.059627533, 120.265174866, 290.531341553, 8.11073589325, -77.1722869873, -50.6852684021, 20.5191898346, 5.13649272919, 0.655883014202, -31.3351135254, 7.08609724045], [61.2145957947, -19.0452537537, 11.4654760361, 24.4788837433, 8.11073589325, 90.9985275269, 24.1170253754, -15.3446598053, -11.5750904083, 6.80444097519, -5.78598165512, 2.44043397903, -6.96411323547], [-121.62298584, 45.5914459229, 34.6961364746, -85.7035217285, -77.1722869873, 24.1170253754, 161.193435669, 57.5416297913, 1.23567581177, -8.43669891357, 28.6416110992, 37.5011863708, -24.1088733673], [96.1225280762, -15.0264806747, -40.0949668884, -12.5543260574, -50.6852684021, -15.3446598053, 57.5416297913, 138.043762207, 38.7403068542, -6.72101926804, 7.04208612442, 1.73456394672, -10.6133422852], [-24.0029125214, -28.648481369, -49.2337379456, 15.5202827454, 20.5191898346, -11.5750904083, 1.23567581177, 38.7403068542, 93.064781189, 38.8485221863, -2.2894320488, -17.2185993195, -5.11929798126], [7.27774906158, -31.9479084015, -19.7615127563, -7.71199417114, 5.13649272919, 6.80444097519, -8.43669891357, -6.72101926804, 38.8485221863, 90.8393096924, 29.0844535828, 8.3577337265, 6.78195047379], [-91.2800521851, 72.8000564575, 23.9279289246, -56.2728881836, 0.655883014202, -5.78598165512, 28.6416110992, 7.04208612442, -2.2894320488, 29.0844535828, 103.425567627, 66.5447463989, 3.89061045647], [-44.0282440186, 49.7811584473, 38.4810447693, -67.6821670532, -31.3351135254, 2.44043397903, 37.5011863708, 1.73456394672, -17.2185993195, 8.3577337265, 66.5447463989, 124.252609253, 35.6355857849], [-60.1447906494, -20.4889297485, 8.57156085968, -8.82071781158, 7.08609724045, -6.96411323547, -24.1088733673, -10.6133422852, -5.11929798126, 6.78195047379, 3.89061045647, 35.6355857849, 96.0724029541]],
        "icov": [[0.00241961632855, -0.00349054345861, 0.00339650572278, -0.00336054293439, 0.00291775795631, -0.00236429600045, 0.00300695421174, -0.00297400006093, 0.00329799694009, -0.00337653281167, 0.00371590140276, -0.00240454124287, 0.00135373452213], [-0.00349054345861, 0.00746576115489, -0.00557619007304, 0.00518533913419, -0.00494531262666, 0.00400704611093, -0.00479281321168, 0.00457662018016, -0.00481624668464, 0.00605645263568, -0.00688019674271, 0.00336769642308, -0.00131606077775], [0.00339650572278, -0.00557619007304, 0.00768103590235, -0.00592288840562, 0.00392979988828, -0.00276610185392, 0.00270324153826, -0.00327754509635, 0.00590026238933, -0.00502398330718, 0.00526456302032, -0.00397621979937, 0.00146468228195], [-0.00336054293439, 0.00518533913419, -0.00592288840562, 0.00928113330156, -0.00528948614374, 0.00146315956954, -0.00164774688892, 0.0026953201741, -0.00520509574562, 0.00503089791164, -0.00394742097706, 0.00412893434986, -0.00124109361786], [0.00291775795631, -0.00494531262666, 0.00392979988828, -0.00528948614374, 0.0087622590363, -0.00393349817023, 0.00531498994678, -0.0019285294693, 0.00147158908658, -0.00273949466646, 0.00239977263846, -0.00151774112601, 0.000862584449351], [-0.00236429600045, 0.00400704611093, -0.00276610185392, 0.00146315956954, -0.00393349817023, 0.0164425559342, -0.00775779364631, 0.00511154346168, -0.000169399398146, 0.000249062548392, -0.00145569990855, 0.00104873615783, -0.000501177390106], [0.00300695421174, -0.00479281321168, 0.00270324153826, -0.00164774688892, 0.00531498994678, -0.00775779364631, 0.015952816233, -0.00817967671901, 0.00259011029266, -0.0025694090873, 0.00388101255521, -0.0048114513047, 0.00456004310399], [-0.00297400006093, 0.00457662018016, -0.00327754509635, 0.0026953201741, -0.0019285294693, 0.00511154346168, -0.00817967671901, 0.0155706573278, -0.00963556952775, 0.00760026276112, -0.00676154764369, 0.00369874341413, -0.00231374963187], [0.00329799694009, -0.00481624668464, 0.00590026238933, -0.00520509574562, 0.00147158908658, -0.000169399398146, 0.00259011029266, -0.00963556952775, 0.0235308166593, -0.0142852142453, 0.00821626652032, -0.00271381973289, 0.00243407138623], [-0.00337653281167, 0.00605645263568, -0.00502398330718, 0.00503089791164, -0.00273949466646, 0.000249062548392, -0.0025694090873, 0.00760026276112, -0.0142852142453, 0.0232882965356, -0.0131136896089, 0.00505514070392, -0.00324628758244], [0.00371590140276, -0.00688019674271, 0.00526456302032, -0.00394742097706, 0.00239977263846, -0.00145569990855, 0.00388101255521, -0.00676154764369, 0.00821626652032, -0.0131136896089, 0.0261928923428, -0.013693086803, 0.00535319093615], [-0.00240454124287, 0.00336769642308, -0.00397621979937, 0.00412893434986, -0.00151774112601, 0.00104873615783, -0.0048114513047, 0.00369874341413, -0.00271381973289, 0.00505514070392, -0.013693086803, 0.0191548578441, -0.00771604012698], [0.00135373452213, -0.00131606077775, 0.00146468228195, -0.00124109361786, 0.000862584449351, -0.000501177390106, 0.00456004310399, -0.00231374963187, 0.00243407138623, -0.00324628758244, 0.00535319093615, -0.00771604012698, 0.0145239112899]]
    },
    "spectral_contrast_coeffs": {
        "max": [-0.404941171408, -0.412214338779, -0.425166010857, -0.51164150238, -0.588862538338, -0.42559748888],
        "mean": [-0.681201517582, -0.741023242474, -0.731717348099, -0.723319292068, -0.714657008648, -0.6397742033],
        "min": [-0.975030362606, -0.962240457535, -0.960664212704, -0.955263733864, -0.957639276981, -0.962299525738],
        "stdev": [0.0763543695211, 0.0731852129102, 0.0738268792629, 0.0640991255641, 0.0552009940147, 0.050900131464]
    },
    "spectral_contrast_valleys": {
        "max": [-5.46437454224, -5.07488203049, -5.38341856003, -5.51746606827, -6.29680538177, -11.5491094589],
        "mean": [-6.87347745895, -6.46560907364, -7.11592531204, -7.49061775208, -7.78429079056, -12.5661382675],
        "min": [-26.9864215851, -27.384765625, -27.3897285461, -27.3105297089, -27.4936466217, -27.2525730133],
        "stdev": [1.10053741932, 1.04185032845, 1.0561978817, 0.995178282261, 0.933329761028, 0.674605309963]
    }
},
"rhythm": {
    "beats_count": 95,
    "beats_loudness": {
        "max": 0.0868002846837,
        "mean": 0.035276144743,
        "min": 0.0113220438361,
        "stdev": 0.0156571920961
    },
    "bpm": 147.718673706,
    "bpm_histogram_first_peak_bpm": 148,
    "bpm_histogram_first_peak_weight": 0.517647027969,
    "bpm_histogram_second_peak_bpm": 120,
    "bpm_histogram_second_peak_spread": 0.5,
    "bpm_histogram_second_peak_weight": 0.0425531901419,
    "danceability": 1.06781423092,
    "onset_rate": 1.33793640137,
    "beats_loudness_band_ratio": {
        "max": [0.744080722332, 0.816959440708, 0.8829818964, 0.683605790138, 0.760613381863, 0.0704675391316],
        "mean": [0.263004541397, 0.222655966878, 0.245612055063, 0.158195048571, 0.168143630028, 0.0206632018089],
        "min": [0.00130760134198, 0.00959434639663, 0.0223749857396, 0.0090469866991, 0.00449324771762, 0.00106421089731],
        "stdev": [0.209959387779, 0.182669967413, 0.210723116994, 0.156717464328, 0.147457003593, 0.0176390428096]
    },
