{
"metadata": {
    "version": {
        "essentia": "2.1-beta5",
        "essentia_git_sha": "Undefined",
        "extractor": "music 2.0"
    },
    "audio_properties": {
        "analysis": {
            "equal_loudness": 0,
            "length": 32.4963264465,
            "sample_rate": 44100,
            "start_time": 77.7520217896,
            "downmix": "mix"
        },
        "bit_rate": 192000,
        "length": 259.959014893,
        "lossless": 0,
        "number_channels": 2,
        "replay_gain": 3.34705543518,
        "sample_rate": 48000,
        "codec": "mp3",
        "md5_encoded": "1daa07b73593b8528eaedfdf6ef25776"
    },
    "tags": {
        "file_name": "Luxembourg_Croire_Lara Fabian.mp3",
        "encoding": ["Lavf58.29.100"]
    }
},
"lowlevel": {
    "average_loudness": 0.311573565006,
    "barkbands_crest": {
        "max": 25.1825942993,
        "mean": 10.8472919464,
        "min": 2.93099474907,
        "stdev": 4.83315610886
    },
    "barkbands_flatness_db": {
        "max": 0.39190146327,
        "mean": 0.221031636,
        "min": 0.0501418784261,
        "stdev": 0.0738063529134
    },
    "barkbands_kurtosis": {
        "max": 124.754585266,
        "mean": 6.83423376083,
        "min": -1.71459245682,
        "stdev": 10.9520263672
    },
    "barkbands_skewness": {
        "max": 9.9839515686,
        "mean": 1.47756886482,
        "min": -1.52859973907,
        "stdev": 1.35003316402
    },
    "barkbands_spread": {
        "max": 59.8512115479,
        "mean": 8.30471515656,
        "min": 0.735723853111,
        "stdev": 7.14170503616
    },
    "dissonance": {
        "max": 0.5,
        "mean": 0.416105598211,
        "min": 0.189710780978,
        "stdev": 0.0671059936285
    },
    "dynamic_complexity": 5.89779567719,
    "erbbands_crest": {
        "max": 31.8885421753,
        "mean": 10.6028022766,
        "min": 3.46566200256,
        "stdev": 4.48516988754
    },
    "erbbands_flatness_db": {
        "max": 0.363984644413,
        "mean": 0.248195320368,
        "min": 0.0976422354579,
        "stdev": 0.043147623539
    },
    "erbbands_kurtosis": {
        "max": 108.152336121,
        "mean": 2.84400510788,
        "min": -1.58591592312,
        "stdev": 6.58522987366
    },
    "erbbands_skewness": {
        "max": 8.5656042099,
        "mean": 0.853999018669,
        "min": -3.59761452675,
        "stdev": 1.03517150879
    },
    "erbbands_spread": {
        "max": 106.84172821,
        "mean": 17.3010292053,
        "min": 2.04967045784,
        "stdev": 11.1623735428
    },
    "hfc": {
        "max": 338.097625732,
        "mean": 12.5065202713,
        "min": 0.0148939331993,
        "stdev": 23.8219718933
    },
    "loudness_ebu128": {
        "integrated": -26.2655143738,
        "loudness_range": 14.9594898224,
        "momentary": {
            "max": -18.2950763702,
            "mean": -31.2041568756,
            "min": -53.6869125366,
            "stdev": 7.03442621231
        },
        "short_term": {
            "max": -24.1583213806,
            "mean": -30.719499588,
            "min": -42.4120254517,
            "stdev": 6.02479982376
        }
    },
    "melbands_crest": {
        "max": 29.217256546,
        "mean": 12.5956792831,
        "min": 2.95939803123,
        "stdev": 5.55926799774
    },
    "melbands_flatness_db": {
        "max": 0.498791694641,
        "mean": 0.270360946655,
        "min": 0.0441175661981,
        "stdev": 0.114539571106
    },
    "melbands_kurtosis": {
        "max": 163.863143921,
        "mean": 8.67559623718,
        "min": -1.68812382221,
        "stdev": 13.4898338318
    },
    "melbands_skewness": {
        "max": 9.40859413147,
        "mean": 1.71946191788,
        "min": -0.790012657642,
        "stdev": 1.33475315571
    },
    "melbands_spread": {
        "max": 121.987159729,
        "mean": 13.4264478683,
        "min": 0.948173880577,
        "stdev": 12.7700948715
    },
    "pitch_salience": {
        "max": 0.921269118786,
        "mean": 0.600880026817,
        "min": 0.207184001803,
        "stdev": 0.147054389119
    },
    "silence_rate_20dB": {
        "max": 1,
        "mean": 0.995717346668,
        "min": 0,
        "stdev": 0.065300039947
    },
    "silence_rate_30dB": {
        "max": 1,
        "mean": 0.985010683537,
        "min": 0,
        "stdev": 0.121511295438
    },
    "silence_rate_60dB": {
        "max": 1,
        "mean": 0.296930760145,
        "min": 0,
        "stdev": 0.456904739141
    },
    "spectral_centroid": {
        "max": 3630.8984375,
        "mean": 934.875427246,
        "min": 216.681182861,
        "stdev": 778.411987305
    },
    "spectral_complexity": {
        "max": 55,
        "mean": 13.0185585022,
        "min": 0,
        "stdev": 11.2943181992
    },
    "spectral_decrease": {
        "max": -2.47959118516e-12,
        "mean": -5.30235855223e-09,
        "min": -1.3127922216e-07,
        "stdev": 9.92594806348e-09
    },
    "spectral_energy": {
        "max": 0.526144444942,
        "mean": 0.0211466681212,
        "min": 1.07094838313e-05,
        "stdev": 0.0393452271819
    },
    "spectral_energyband_high": {
        "max": 0.00922562088817,
        "mean": 0.000190296254004,
        "min": 5.9475883063e-07,
        "stdev": 0.00046947717783
    },
    "spectral_energyband_low": {
        "max": 0.0460248887539,
        "mean": 0.00313696265221,
        "min": 3.34578771799e-07,
        "stdev": 0.00657005421817
    },
    "spectral_energyband_middle_high": {
        "max": 0.0555410757661,
        "mean": 0.00344521622173,
        "min": 4.83358235215e-06,
        "stdev": 0.00579122081399
    },
    "spectral_energyband_middle_low": {
        "max": 0.501445353031,
        "mean": 0.0148315839469,
        "min": 4.15894373873e-06,
        "stdev": 0.0357691086829
    },
    "spectral_entropy": {
        "max": 8.65463256836,
        "mean": 6.72987413406,
        "min": 5.00371217728,
        "stdev": 0.839600801468
    },
    "spectral_flux": {
        "max": 0.535551667213,
        "mean": 0.0512474551797,
        "min": 0.00234391284175,
        "stdev": 0.0516070462763
    },
    "spectral_kurtosis": {
        "max": 93.5756607056,
        "mean": 15.6107673645,
        "min": -0.329405546188,
        "stdev": 14.5536832809
    },
    "spectral_rms": {
        "max": 0.0226563829929,
        "mean": 0.00363923725672,
        "min": 0.000102216814412,
        "stdev": 0.00271787820384
    },
    "spectral_rolloff": {
        "max": 8505.61523438,
        "mean": 1137.15698242,
        "min": 129.19921875,
        "stdev": 968.70489502
    },
    "spectral_skewness": {
        "max": 8.0210981369,
        "mean": 2.86075878143,
        "min": 0.17770242691,
        "stdev": 1.34073996544
    },
    "spectral_spread": {
        "max": 28440764,
        "mean": 3032734,
        "min": 901166.1875,
        "stdev": 1354444
    },
    "spectral_strongpeak": {
        "max": 14.7617588043,
        "mean": 0.861869037151,
        "min": 0,
        "stdev": 1.02764284611
    },
    "zerocrossingrate": {
        "max": 0.1748046875,
        "mean": 0.0439355522394,
        "min": 0.00537109375,
        "stdev": 0.0338532999158
    },
    "barkbands": {
        "max": [0.00092043884797, 0.0191067866981, 0.0277070309967, 0.0303956754506, 0.0646463781595, 0.0900264829397, 0.237657010555, 0.279427647591, 0.185599327087, 0.0420478358865, 0.013007321395, 0.013134307228, 0.0205962266773, 0.0093058841303, 0.00878401659429, 0.0097152069211, 0.0115339877084, 0.00760567793623, 0.0050504449755, 0.00394130079076, 0.00382312759757, 0.00251211598516, 0.00139463855885, 0.000353007257218, 0.000513752049301, 4.9604474043e-05, 1.53464898176e-05],
        "mean": [1.04685068436e-05, 0.0010796810966, 0.00164330133703, 0.00121667224448, 0.00437611481175, 0.00378241832368, 0.00184759800322, 0.00175307772588, 0.00164457201026, 0.000488963967655, 0.000599670631345, 0.000454847002402, 0.000373866059817, 0.000358731456799, 0.000425199075835, 0.000346429878846, 0.000242565191002, 0.000161446980201, 0.000105895269371, 9.30952955969e-05, 5.49542746739e-05, 3.83847145713e-05, 2.40591452894e-05, 1.53030996444e-05, 7.83550058259e-06, 1.51975280005e-06, 2.60580392819e-08],
        "min": [5.60182478182e-09, 3.46243425042e-08, 1.19234009333e-08, 2.88266956971e-08, 6.18468220637e-07, 8.75708678905e-07, 2.45732564963e-07, 2.60194411794e-07, 1.19943109667e-07, 9.91427526742e-08, 1.56844564003e-07, 6.88045318498e-08, 9.2976293331e-08, 1.03680491748e-07, 1.80339227995e-07, 4.71705128291e-08, 5.43864970837e-08, 2.8210434877e-08, 5.48031877656e-08, 1.15591866745e-07, 5.61281687794e-08, 6.02400120897e-08, 4.08751859027e-08, 6.54596306049e-08, 8.05461439768e-08, 2.05147565602e-09, 3.36073530116e-10],
        "stdev": [3.72235954273e-05, 0.00285725481808, 0.00382379558869, 0.00342760561034, 0.00805777590722, 0.00781392119825, 0.0114904129878, 0.0137289324775, 0.00810695532709, 0.00185616058297, 0.00116621528286, 0.000903834705241, 0.00103710091207, 0.000812786340248, 0.000958160788286, 0.00082936428953, 0.000639189674985, 0.000423711113399, 0.000319872662658, 0.000237591928453, 0.000159783681738, 0.000129988606204, 6.92092071404e-05, 3.2316402212e-05, 2.68479016086e-05, 3.95760935135e-06, 4.74593832678e-07]
    },
    "erbbands": {
        "max": [0.559590220451, 4.28260135651, 31.9885082245, 78.1680603027, 194.725143433, 227.287460327, 859.735656738, 890.59967041, 4286.67871094, 1979.04760742, 7825.72802734, 3103.5703125, 2265.82055664, 698.409973145, 641.474243164, 781.284423828, 698.691162109, 424.993713379, 370.738525391, 598.296325684, 368.897216797, 755.476989746, 340.806671143, 480.333679199, 231.898132324, 161.936523438, 150.815856934, 150.981903076, 82.9932022095, 61.1206207275, 33.4654350281, 11.9795465469, 7.35968637466, 3.55196499825, 5.69966840744, 0.699814319611, 0.0382652655244, 0.00955459009856, 0.00230121286586, 0.000603608728852],
        "mean": [0.0209931209683, 0.297902405262, 1.60578131676, 3.02908182144, 9.7318944931, 15.5224723816, 27.6249389648, 25.966758728, 26.9615955353, 25.5421009064, 51.6524848938, 30.0700702667, 23.7572460175, 21.0653858185, 19.0533409119, 17.9376773834, 17.7123432159, 18.0785903931, 19.3342266083, 23.0782108307, 18.1904659271, 13.9027824402, 9.76846599579, 6.3659286499, 4.9414935112, 4.37443351746, 2.82029485703, 1.92021667957, 1.42815625668, 0.99403834343, 0.623756289482, 0.386785984039, 0.218903258443, 0.0884934067726, 0.057367105037, 0.0145687153563, 0.00110241700895, 5.03746559843e-05, 1.63484382938e-05, 2.49488093687e-05],
        "min": [2.92155414172e-06, 1.38841005537e-05, 2.36661744566e-05, 0.00014951020421, 0.000875126454048, 0.00262550543994, 0.00767378229648, 0.00614301441237, 0.00492418790236, 0.00634351652116, 0.00494036404416, 0.00269438955002, 0.0062870932743, 0.00764594087377, 0.00429630745202, 0.0045379078947, 0.00394546659663, 0.00406991038471, 0.0108149452135, 0.00664153881371, 0.00262972083874, 0.00350970309228, 0.00187282462139, 0.00235336530022, 0.00323262508027, 0.00513910129666, 0.00436050910503, 0.00236589834094, 0.00272604869679, 0.00149086012971, 0.00110112503171, 0.00136350281537, 0.00106471311301, 0.000778232002631, 0.000567212642636, 5.35039907845e-05, 7.71815393819e-06, 9.59290673563e-07, 1.20418363281e-07, 2.56376306851e-08],
        "stdev": [0.0736147388816, 0.732490301132, 3.76293540001, 7.60045433044, 22.561504364, 29.1992893219, 58.1343994141, 58.3452148438, 183.73614502, 109.306938171, 415.683227539, 146.34815979, 117.010414124, 45.6324386597, 37.3467102051, 38.3704986572, 44.0915870667, 40.5283584595, 43.1397209167, 55.0367088318, 41.9284172058, 37.1776428223, 24.4639835358, 20.2425708771, 13.6865310669, 10.9507951736, 7.19970178604, 6.05199861526, 4.66513252258, 3.31040000916, 1.70087623596, 0.828956663609, 0.507462918758, 0.234477043152, 0.251667767763, 0.0396403297782, 0.00311403861269, 0.000304086017422, 7.30686952011e-05, 4.61404961243e-05]
    },
    "gfcc": {
        "mean": [-115.842559814, 123.704956055, -133.021011353, 0.567457377911, -81.6446456909, 3.93770241737, -46.6113700867, -5.98922920227, -26.354932785, -8.45468330383, -8.89754104614, -7.12819194794, 2.84379935265],
        "cov": [[8250.91113281, -1059.15881348, -1691.0703125, 716.186523438, 547.79095459, 203.090316772, 224.240921021, 543.130432129, 313.766479492, 123.167633057, 9.80607223511, -256.482940674, -286.824859619], [-1059.15881348, 3258.95532227, 2456.59008789, -357.761932373, 163.378173828, -460.794250488, 278.051605225, -427.839782715, -29.5355358124, -326.926605225, 219.704605103, -398.679199219, 66.1639251709], [-1691.0703125, 2456.59008789, 2714.73168945, 58.9906463623, -20.9162082672, -310.069152832, 163.654922485, -326.369720459, -107.031990051, -239.893966675, 140.516220093, -233.479110718, 4.84551763535], [716.186523438, -357.761932373, 58.9906463623, 723.221679688, 142.793457031, 16.9029102325, 8.13572692871, 177.009124756, 29.2652702332, -0.595326542854, -37.0250968933, -28.4757499695, -60.8638000488], [547.79095459, 163.378173828, -20.9162082672, 142.793457031, 306.684631348, 22.6385097504, 48.0036277771, 56.0671539307, 62.4629249573, 3.69816994667, -25.4167194366, -79.3662567139, -17.2140808105], [203.090316772, -460.794250488, -310.069152832, 16.9029102325, 22.6385097504, 249.362258911, 19.539850235, 59.9979476929, 7.49427747726, 87.594619751, -51.0426216125, 42.9534454346, -49.1518630981], [224.240921021, 278.051605225, 163.654922485, 8.13572692871, 48.0036277771, 19.539850235, 163.398880005, 29.436674118, 3.39401483536, -4.0122089386, 44.6069488525, -57.6062507629, -15.6937580109], [543.130432129, -427.839782715, -326.369720459, 177.009124756, 56.0671539307, 59.9979476929, 29.436674118, 190.58001709, 57.2364044189, 57.2413291931, -17.6970443726, 26.2029857635, -18.7992458344], [313.766479492, -29.5355358124, -107.031990051, 29.2652702332, 62.4629249573, 7.49427747726, 3.39401483536, 57.2364044189, 111.661987305, 44.9684295654, -5.92731666565, 3.43808245659, 2.86118483543], [123.167633057, -326.926605225, -239.893966675, -0.595326542854, 3.69816994667, 87.594619751, -4.0122089386, 57.2413291931, 44.9684295654, 143.123641968, 8.55497550964, 49.7142066956, -7.81453275681], [9.80607223511, 219.704605103, 140.516220093, -37.0250968933, -25.4167194366, -51.0426216125, 44.6069488525, -17.6970443726, -5.92731666565, 8.55497550964, 122.109947205, 9.08192634583, 15.4817819595], [-256.482940674, -398.679199219, -233.479110718, -28.4757499695, -79.3662567139, 42.9534454346, -57.6062507629, 26.2029857635, 3.43808245659, 49.7142066956, 9.08192634583, 169.105743408, 45.4409446716], [-286.824859619, 66.1639251709, 4.84551763535, -60.8638000488, -17.2140808105, -49.1518630981, -15.6937580109, -18.7992458344, 2.86118483543, -7.81453275681, 15.4817819595, 45.4409446716, 94.0173416138]],
        "icov": [[0.00023694227275, -0.000125471284264, 0.000276476639556, -0.000205115604331, -5.64505353395e-05, -5.0368355005e-05, -8.99065926205e-05, -0.000199363581487, -0.00034095151932, 0.000156520341989, -0.000315156154102, 0.000231075740885, 0.000536178296898], [-0.000125471284264, 0.00955461896956, -0.00594023568556, 0.00458552595228, -0.00508648948744, 0.00361357699148, -0.00606993632391, 0.00685817888007, -0.00792026147246, 0.00674202572554, -0.00616792961955, 0.00823863875121, -0.00468098698184], [0.000276476639556, -0.00594023568556, 0.00458130333573, -0.00343577493913, 0.0032476419583, -0.00183810002636, 0.00273861596361, -0.00282629998401, 0.00432758312672, -0.00368740991689, 0.00323582696728, -0.00454503763467, 0.0033149162773], [-0.000205115604331, 0.00458552595228, -0.00343577493913, 0.00472911307588, -0.00332035007887, 0.00195134058595, -0.00168055470567, 0.000146717866301, -0.00261634308845, 0.00339803425595, -0.00253840326332, 0.003454455873, -0.00134277727921], [-5.64505353395e-05, -0.00508648948744, 0.0032476419583, -0.00332035007887, 0.00779653340578, -0.00285149971023, 0.00253972457722, -0.00325935170986, 0.0018010546919, -0.00332890474238, 0.00380831514485, -0.0018602978671, 0.000739973736927], [-5.0368355005e-05, 0.00361357699148, -0.00183810002636, 0.00195134058595, -0.00285149971023, 0.00992642715573, -0.00573585601524, 0.0032350786496, -0.000967380939983, -0.00176579039544, 0.00208682869561, -0.000392610061681, 0.00274689029902], [-8.99065926205e-05, -0.00606993632391, 0.00273861596361, -0.00168055470567, 0.00253972457722, -0.00573585601524, 0.0153001891449, -0.00914769340307, 0.00606837822124, -0.0030323700048, -0.00108276843093, -0.0011863989057, 0.00127446849365], [-0.000199363581487, 0.00685817888007, -0.00282629998401, 0.000146717866301, -0.00325935170986, 0.0032350786496, -0.00914769340307, 0.0183676872402, -0.00942599028349, 0.00327118812129, -0.00297083915211, 0.00380177330226, -0.00274323183112], [-0.00034095151932, -0.00792026147246, 0.00432758312672, -0.00261634308845, 0.0018010546919, -0.000967380939983, 0.00606837822124, -0.00942599028349, 0.021060526371, -0.0103638134897, 0.00687350099906, -0.0074712135829, 0.00254591181874], [0.000156520341989, 0.00674202572554, -0.00368740991689, 0.00339803425595, -0.00332890474238, -0.00176579039544, -0.0030323700048, 0.00327118812129, -0.0103638134897, 0.0177143905312, -0.00852062832564, 0.00510195922107, -0.00253709033132], [-0.000315156154102, -0.00616792961955, 0.00323582696728, -0.00253840326332, 0.00380831514485, 0.00208682869561, -0.00108276843093, -0.00297083915211, 0.00687350099906, -0.00852062832564, 0.0176556110382, -0.00905578490347, 0.00313475797884], [0.000231075740885, 0.00823863875121, -0.00454503763467, 0.003454455873, -0.0018602978671, -0.000392610061681, -0.0011863989057, 0.00380177330226, -0.0074712135829, 0.00510195922107, -0.00905578490347, 0.0201004818082, -0.0101785128936], [0.000536178296898, -0.00468098698184, 0.0033149162773, -0.00134277727921, 0.000739973736927, 0.00274689029902, 0.00127446849365, -0.00274323183112, 0.00254591181874, -0.00253709033132, 0.00313475797884, -0.0101785128936, 0.0198769196868]]
    },
    "melbands": {
        "max": [0.00546583766118, 0.0115688415244, 0.01287530642, 0.0136738661677, 0.0222235023975, 0.0220306403935, 0.0548945479095, 0.0206348411739, 0.0731466934085, 0.0164468474686, 0.0106518678367, 0.00239786761813, 0.00191574997734, 0.00166575738695, 0.00267236866057, 0.000970924214926, 0.000874567660503, 0.000573063502088, 0.000815718143713, 0.000943400373217, 0.000389287859434, 0.00088020414114, 0.000313428958179, 0.000492385588586, 0.000402508361731, 0.000230210876907, 0.000166838362929, 8.78138307598e-05, 7.81942217145e-05, 0.000110127708467, 8.7093510956e-05, 5.01614485984e-05, 3.57078824891e-05, 3.29984468408e-05, 2.11605893128e-05, 1.32784898597e-05, 4.74604303236e-06, 5.90459694649e-06, 3.31257274411e-06, 3.33294792654e-06],
        "mean": [0.000245411676588, 0.000681781268213, 0.000747428450268, 0.000866109330673, 0.000924118154217, 0.000627660716418, 0.000405256432714, 0.000265824259259, 0.000450536113931, 0.000176727189682, 0.000113233647426, 7.93739891378e-05, 7.22599506844e-05, 4.96529573866e-05, 4.63042633783e-05, 3.54525109287e-05, 3.31342744175e-05, 2.99104485748e-05, 3.32882409566e-05, 2.62063767877e-05, 2.01253005798e-05, 1.47849978021e-05, 1.06761008283e-05, 7.4353583841e-06, 4.88700788992e-06, 3.80559686164e-06, 3.28746591549e-06, 2.8171282338e-06, 1.90161290448e-06, 1.31866499942e-06, 1.04075138552e-06, 8.54971574427e-07, 6.30810006896e-07, 5.2103445114e-07, 3.71384231812e-07, 2.8630114457e-07, 2.16214928628e-07, 1.62221411415e-07, 1.08318232606e-07, 6.35597317e-08],
        "min": [3.48343434098e-08, 1.58464104061e-08, 5.31799315695e-08, 1.36885901725e-07, 2.68428919981e-07, 1.5953168031e-07, 6.73739890544e-08, 6.61053576323e-08, 3.28655680448e-08, 1.44140539504e-08, 1.08322160131e-08, 1.95682439141e-08, 1.4444477614e-08, 6.04920646907e-09, 1.63908850936e-08, 5.00875696474e-09, 6.87733514582e-09, 8.25687518358e-09, 1.10900471029e-08, 4.4903751828e-09, 2.31873609202e-09, 3.3942904043e-09, 1.99519067934e-09, 1.24581400751e-09, 1.52345369653e-09, 1.61862090398e-09, 2.12891171358e-09, 3.17087223145e-09, 3.10868220055e-09, 1.18974186059e-09, 1.13958387171e-09, 1.15889475794e-09, 8.17983458745e-10, 7.00724700486e-10, 3.80455528193e-10, 4.92852092471e-10, 7.87172049765e-10, 4.91298834948e-10, 6.99430013906e-10, 3.73591269032e-10],
        "stdev": [0.000726024620235, 0.00148613285273, 0.00164916412905, 0.00167231878731, 0.00174182315823, 0.00143481499981, 0.00254217232578, 0.00117382907774, 0.00363449659199, 0.000780833768658, 0.000553098274395, 0.000170633618836, 0.000133218112751, 0.000113340545795, 0.000118656513223, 9.19031663216e-05, 7.55442524678e-05, 6.9205329055e-05, 7.68805111875e-05, 6.53881361359e-05, 4.65961529699e-05, 4.14859678131e-05, 2.73405476037e-05, 2.14082774619e-05, 1.69727591128e-05, 1.14529648272e-05, 9.5433288152e-06, 7.05637830833e-06, 4.65002767669e-06, 4.22351195084e-06, 3.45992884832e-06, 2.87056514026e-06, 2.09980453292e-06, 1.75445120476e-06, 1.07311973352e-06, 6.90600018061e-07, 4.52021140518e-07, 3.86587771573e-07, 2.54417471979e-07, 1.83737981274e-07]
    },
    "melbands128": {
        "max": [0.000479738344438, 0.00340155069716, 0.00969011895359, 0.0085849352181, 0.018465263769, 0.0153166856617, 0.020610190928, 0.0161785669625, 0.0254904665053, 0.0177519600838, 0.016002709046, 0.0200427044183, 0.0391028039157, 0.0330680571496, 0.0214266870171, 0.0426661223173, 0.1125119403, 0.075405754149, 0.0489841923118, 0.0306910462677, 0.0237582679838, 0.0586364343762, 0.138617441058, 0.0595956817269, 0.00821523647755, 0.00714692799374, 0.027794610709, 0.0125545440242, 0.00383304571733, 0.00156691344455, 0.00471239769831, 0.00318546500057, 0.00201733643189, 0.00341962091625, 0.00213863933459, 0.00301688909531, 0.00138651963789, 0.00353118102066, 0.00340457889251, 0.00155528879259, 0.00129510322586, 0.00121716351714, 0.00128832343034, 0.00098039850127, 0.000828744028695, 0.000600018887781, 0.000769786594901, 0.000927109504119, 0.00166298204567, 0.00114247261081, 0.0011873783078, 0.000946791493334, 0.000520584522747, 0.00038362867781, 0.000555437989533, 0.00149876077194, 0.000917188765015, 0.000475187174743, 0.000467501347885, 0.000333720672643, 0.000753555330448, 0.000507578195538, 0.000293086224701, 0.000647650449537, 0.00032611770439, 0.00035448971903, 0.000159005780006, 0.000211825215956, 0.000148484905367, 0.000205353135243, 0.000197429690161, 5.44453832845e-05, 8.43427769723e-05, 5.79034494876e-05, 0.00010481703066, 0.00015125493519, 9.47740336414e-05, 5.64049369132e-05, 0.000107551801193, 9.56694057095e-05, 6.4809624746e-05, 4.68112048111e-05, 4.04625061492e-05, 4.07088300562e-05, 4.8261743359e-05, 4.35770598415e-05, 3.10022987833e-05, 3.77581709472e-05, 1.85408080142e-05, 1.47353348439e-05, 1.11895133159e-05, 1.84562741197e-05, 7.50188928578e-06, 5.69067788092e-06, 5.76973388888e-06, 6.43880866846e-06, 5.22612481291e-06, 7.45512261346e-06, 3.0264166071e-06, 3.55979773303e-06, 1.73490707311e-06, 2.16671378439e-06, 6.28659245194e-06, 1.83384509e-05, 1.38506447911e-05, 2.0064508135e-06, 2.68907638201e-06, 1.55953091507e-06, 7.51218863115e-07, 9.97304823613e-07, 4.25213670496e-07, 2.27294862043e-07, 8.48239665174e-08, 8.559663911e-08, 8.04960933465e-08, 7.83485063494e-08, 7.33287137678e-08, 6.97601194588e-08, 6.93982755706e-08, 6.78778135921e-08, 6.64483295054e-08, 6.52723244343e-08, 6.39236787947e-08, 6.29207974612e-08, 6.20988700462e-08, 6.14986959135e-08, 6.09470021118e-08, 6.06441190598e-08],
        "mean": [7.11451457391e-06, 0.000118186151667, 0.000335227843607, 0.000506846117787, 0.000765382195823, 0.00080684828572, 0.000506627373397, 0.000724802841432, 0.00116186228115, 0.000663649756461, 0.000923490268178, 0.000840783643071, 0.000959288910963, 0.00107711425517, 0.00046955421567, 0.000529678247403, 0.000459664297523, 0.000392820511479, 0.000309258553898, 0.000301428488456, 0.000185229233466, 0.000315527257044, 0.000633998541161, 0.000424655299867, 0.000116964227345, 8.95366538316e-05, 0.000218877059524, 9.80548429652e-05, 5.93071054027e-05, 5.03261835547e-05, 0.000104787155578, 0.000104866849142, 7.08937077434e-05, 4.35241781815e-05, 5.72407261643e-05, 5.00566129631e-05, 3.79022931156e-05, 5.89698865952e-05, 3.86920874007e-05, 3.71764035663e-05, 3.47597888322e-05, 3.27060879499e-05, 3.51211856469e-05, 3.15445868182e-05, 3.13047748932e-05, 2.94469991786e-05, 2.81927204924e-05, 3.31675910274e-05, 3.64311563317e-05, 3.27957495756e-05, 2.21262434934e-05, 2.30403493333e-05, 2.29737397603e-05, 1.81381128641e-05, 1.53602250066e-05, 1.54621302499e-05, 1.31577317006e-05, 1.18804600788e-05, 9.86747727438e-06, 8.15778821561e-06, 8.18016360427e-06, 6.07521906204e-06, 4.92181015943e-06, 4.80005883219e-06, 4.25198504672e-06, 4.03606327382e-06, 3.14683393299e-06, 3.59511682291e-06, 3.18589127346e-06, 3.05651064991e-06, 3.21198854181e-06, 2.32705542658e-06, 2.43098452302e-06, 1.72573811597e-06, 1.46459728967e-06, 1.41681323385e-06, 1.23487859582e-06, 1.06686320578e-06, 1.02645185507e-06, 1.0082587778e-06, 8.8769326112e-07, 8.29378791423e-07, 6.70194538088e-07, 6.18109822881e-07, 5.87161537169e-07, 5.49122034954e-07, 5.05710488596e-07, 4.48964328825e-07, 3.55164957e-07, 3.26844400433e-07, 3.10089433242e-07, 2.74564257552e-07, 2.45318148018e-07, 2.21771102815e-07, 1.95553539584e-07, 1.73835303485e-07, 1.54252049356e-07, 1.48985392912e-07, 1.17046297987e-07, 9.47625409253e-08, 4.14784366853e-08, 6.0575338523e-08, 7.85190650276e-08, 9.41412849897e-08, 7.76166473315e-08, 4.45258443449e-08, 3.83255986947e-08, 3.04671878837e-08, 2.51485996472e-08, 1.68866503003e-08, 1.1327016658e-08, 1.89913573756e-09, 2.35125835468e-10, 2.14443809932e-10, 2.15318790575e-10, 2.08737194196e-10, 1.77829834191e-10, 1.38010949891e-10, 1.46756204411e-10, 1.24854446226e-10, 1.02315822481e-10, 9.69776689508e-11, 9.1577939676e-11, 8.65622712398e-11, 8.48277420529e-11, 8.30684479536e-11, 8.18530798696e-11, 8.13713818548e-11],
        "min": [9.83826575762e-10, 1.9052444955e-08, 6.29884810976e-09, 5.97154281579e-09, 8.23279333595e-10, 8.35394420307e-09, 2.85070878014e-09, 1.26385817367e-08, 4.16639522882e-08, 5.22907015466e-08, 5.04060011508e-08, 4.38679421677e-08, 7.59731122457e-08, 3.48163752051e-07, 7.55346576398e-08, 2.79471130682e-08, 1.64113203027e-08, 5.24989829387e-09, 1.02506358957e-08, 3.00674614095e-08, 6.8835217526e-09, 1.58207260625e-08, 2.15981383889e-08, 1.27842989528e-08, 7.01058189279e-09, 5.32384936136e-09, 8.62996429873e-09, 7.8795805436e-09, 3.36048744387e-09, 1.13690079573e-09, 5.08622388651e-09, 2.60943551211e-08, 4.78838790841e-09, 8.40493097343e-09, 1.45762490966e-09, 1.53852608431e-09, 4.6854875535e-09, 3.12083869858e-09, 5.84713433227e-09, 6.27874030545e-10, 6.70148547766e-10, 2.34193264781e-09, 5.92076832007e-09, 1.05517916626e-09, 4.22111345877e-10, 3.40752204231e-09, 5.78686432107e-09, 7.36954330893e-10, 4.00850330706e-09, 9.63536028742e-10, 1.15989329252e-09, 5.786316426e-10, 8.52622805692e-10, 1.06986286497e-09, 1.04630371034e-09, 1.43775458206e-09, 1.56199386758e-09, 8.05414790417e-10, 3.81179643405e-10, 5.34240873762e-10, 5.60659518811e-10, 7.5777706332e-10, 4.27442414797e-10, 7.58452078919e-10, 1.13114984046e-09, 7.75395136987e-10, 8.68690508415e-10, 7.2030853504e-10, 1.44691580939e-09, 1.5491800065e-09, 1.26062893457e-09, 1.13835396665e-09, 3.08334158206e-09, 1.51524837122e-09, 1.07137432259e-09, 8.17518330809e-10, 5.85755943749e-10, 2.68470856657e-10, 3.50472095789e-10, 6.70405841952e-10, 6.84010015295e-10, 6.40604291835e-10, 4.85893991709e-10, 3.68295755004e-10, 1.99306682269e-10, 4.26721824542e-10, 3.04570313414e-10, 2.86197870958e-10, 2.08067049701e-10, 1.42819006621e-10, 1.1036205283e-10, 1.18802453986e-10, 3.01907832068e-10, 3.02463609714e-10, 3.75701025845e-10, 2.89504031858e-10, 1.26667579203e-10, 2.93572277599e-10, 3.86548210107e-10, 1.61505780971e-10, 4.09453027039e-11, 1.08261788423e-10, 1.77478781671e-10, 3.73147179822e-10, 2.57167204198e-10, 1.2589516929e-10, 5.38160176144e-11, 8.29306068262e-12, 1.38021603695e-12, 8.15857960617e-13, 1.73482745097e-12, 1.48178734907e-12, 9.91015971542e-13, 9.23801616801e-13, 8.71782138666e-13, 1.15694693409e-12, 8.92300935831e-13, 1.04819809516e-12, 8.16894078423e-13, 1.02223871729e-12, 9.79696575601e-13, 1.01650827512e-12, 8.81866465702e-13, 1.0213158444e-12, 6.91650946585e-13, 2.89547221919e-13, 3.50754479986e-14, 8.2435141663e-16],
        "stdev": [2.36812466028e-05, 0.000468430691399, 0.00123517040629, 0.00134581804741, 0.00203436473384, 0.00190284417477, 0.00161371589638, 0.00197409838438, 0.00289563904516, 0.00162215146702, 0.00194537313655, 0.0018567336956, 0.00241468823515, 0.00272721424699, 0.00127327593509, 0.00175638962537, 0.00395868998021, 0.00325579708442, 0.00190135813318, 0.00128753564786, 0.00106363068335, 0.00254712253809, 0.00669953040779, 0.00245300261304, 0.000406879000366, 0.000352067872882, 0.00134454166982, 0.000557232880965, 0.00019711976347, 0.000126497427118, 0.0002996850817, 0.000227621843806, 0.000158704904607, 0.000146317863255, 0.000158641545568, 0.000140789124998, 9.66597217484e-05, 0.000165924182511, 0.000134859787067, 0.000116099021398, 0.000102359408629, 8.2026112068e-05, 9.05321358005e-05, 8.14022059785e-05, 8.38022970129e-05, 7.24408018868e-05, 7.63900898164e-05, 8.50810974953e-05, 0.000102258622064, 9.54008282861e-05, 6.53007882647e-05, 6.58882927382e-05, 5.5726384744e-05, 4.5155731641e-05, 4.31429070886e-05, 5.45841321582e-05, 4.15871691075e-05, 3.46349843312e-05, 2.94331184705e-05, 2.24696832447e-05, 2.95160061796e-05, 1.97583631234e-05, 1.58322836796e-05, 2.28732424148e-05, 1.48610306496e-05, 1.4725692381e-05, 9.45514238992e-06, 1.2237908777e-05, 9.7973852462e-06, 9.51853417064e-06, 1.02374860944e-05, 5.85720226809e-06, 6.99868769516e-06, 4.36747359345e-06, 4.58802787762e-06, 5.26970598003e-06, 4.07465222452e-06, 3.1898632642e-06, 3.84381974072e-06, 3.86231477023e-06, 3.28387750415e-06, 2.81309053207e-06, 2.17764500121e-06, 2.13380053538e-06, 2.17114006773e-06, 2.01660463972e-06, 1.65545691289e-06, 1.68089854924e-06, 1.04303603621e-06, 8.82798985913e-07, 7.55241615025e-07, 7.7940836718e-07, 5.48953323687e-07, 4.77134619814e-07, 4.44032878022e-07, 4.25628030598e-07, 4.00355787633e-07, 4.14482741462e-07, 2.70097132216e-07, 2.36988256574e-07, 1.09705744933e-07, 1.58116534976e-07, 2.83364840925e-07, 6.31745820101e-07, 4.58854174212e-07, 1.23388147699e-07, 1.11440940032e-07, 8.3559037023e-08, 6.79580693941e-08, 5.42061435738e-08, 3.67848933536e-08, 9.13529873969e-09, 2.67498245776e-09, 2.6247384266e-09, 2.4851345426e-09, 2.41193087724e-09, 2.27250929186e-09, 2.17284545911e-09, 2.15440909557e-09, 2.10592765448e-09, 2.0548551749e-09, 2.01697747393e-09, 1.97463512208e-09, 1.9435115739e-09, 1.9173684862e-09, 1.89798443628e-09, 1.88087878605e-09, 1.87143744945e-09]
    },
    "mfcc": {
        "mean": [-754.065551758, 154.987670898, -2.9808678627, -3.79124808311, -14.9404878616, -6.84273433685, -11.1795101166, -7.84974098206, -10.9868631363, -6.50242424011, -12.0321369171, -6.91416025162, -5.61486816406],
        "cov": [[9960.55371094, -2366.03491211, -2473.48120117, 145.665420532, 254.784484863, 62.4722213745, 91.2978286743, 407.97164917, 254.943710327, 586.436584473, 289.078796387, 259.225524902, 177.833251953], [-2366.03491211, 3621.31396484, 2042.83422852, 266.61340332, 41.6684188843, -64.560836792, 210.857162476, -213.009353638, -211.611587524, 10.7073745728, -92.7297058105, -210.141738892, -81.7080688477], [-2473.48120117, 2042.83422852, 2213.65258789, 517.397094727, 43.275188446, -12.5342702866, 151.219055176, -84.9649505615, -203.637161255, -57.7388801575, -79.7740707397, -105.182846069, -71.075668335], [145.665420532, 266.61340332, 517.397094727, 644.823791504, 215.266586304, -49.32264328, 91.1170120239, 67.3328857422, 12.9496955872, 67.1569061279, -12.9183521271, 4.62196874619, 20.9261417389], [254.784484863, 41.6684188843, 43.275188446, 215.266586304, 234.710952759, 41.100528717, 15.3633480072, 34.6907997131, 49.2135925293, 52.7815284729, 7.53054141998, 1.44424450397, 3.47891044617], [62.4722213745, -64.560836792, -12.5342702866, -49.32264328, 41.100528717, 165.126022339, 30.9714317322, 7.6438164711, 33.7807312012, 16.0751152039, 30.8975028992, 18.852268219, 0.647175133228], [91.2978286743, 210.857162476, 151.219055176, 91.1170120239, 15.3633480072, 30.9714317322, 176.30921936, 30.7822818756, -15.1056289673, 62.947265625, 12.1884403229, -3.35273265839, 17.1464958191], [407.97164917, -213.009353638, -84.9649505615, 67.3328857422, 34.6907997131, 7.6438164711, 30.7822818756, 119.763381958, 40.1102600098, 20.3811283112, 16.1592178345, 18.0443058014, 15.4762306213], [254.943710327, -211.611587524, -203.637161255, 12.9496955872, 49.2135925293, 33.7807312012, -15.1056289673, 40.1102600098, 132.084289551, 50.1240463257, 9.11457824707, 21.9596157074, 24.5910873413], [586.436584473, 10.7073745728, -57.7388801575, 67.1569061279, 52.7815284729, 16.0751152039, 62.947265625, 20.3811283112, 50.1240463257, 152.032180786, 46.859085083, 10.6433286667, 17.9818172455], [289.078796387, -92.7297058105, -79.7740707397, -12.9183521271, 7.53054141998, 30.8975028992, 12.1884403229, 16.1592178345, 9.11457824707, 46.859085083, 102.923538208, 44.5855255127, 1.85134482384], [259.225524902, -210.141738892, -105.182846069, 4.62196874619, 1.44424450397, 18.852268219, -3.35273265839, 18.0443058014, 21.9596157074, 10.6433286667, 44.5855255127, 95.7603378296, 44.2919540405], [177.833251953, -81.7080688477, -71.075668335, 20.9261417389, 3.47891044617, 0.647175133228, 17.1464958191, 15.4762306213, 24.5910873413, 17.9818172455, 1.85134482384, 44.2919540405, 83.9055252075]],
        "icov": [[0.000257851381321, -7.51152620069e-05, 0.000403474783525, -0.000292172684567, 0.000139024370583, -0.000298693339573, 0.0003462730092, -0.000723751960322, 0.000760236987844, -0.00106926308945, 0.000222424467211, -0.000387215346564, 6.01084648224e-05], [-7.51152620069e-05, 0.00086642493261, -0.000949114677496, 0.00071595312329, -0.00074400100857, 0.000858853571117, -0.000881419167854, 0.0012133999262, -0.000573133176658, 0.00024221597414, -0.000504704250488, 0.00117812992539, -0.000493783096317], [0.000403474783525, -0.000949114677496, 0.00228732079268, -0.00204284465872, 0.00142111699097, -0.0018478888087, 0.000993366003968, -0.00148800865281, 0.00241222581826, -0.00134954077657, 0.000988811254501, -0.00117476854939, 0.00087501067901], [-0.000292172684567, 0.00071595312329, -0.00204284465872, 0.00487865367904, -0.0042061470449, 0.00342564471066, -0.00207238411531, 0.000156970621902, -0.00163068796974, 0.000745092111174, -0.000112248300866, -0.00017461956304, -0.000675352581311], [0.000139024370583, -0.00074400100857, 0.00142111699097, -0.0042061470449, 0.00900129508227, -0.0041427789256, 0.00254455232061, -0.00135529169347, 7.00929667801e-05, -0.00205254158936, 0.000850734475534, 0.000161481788382, 0.000937717792112], [-0.000298693339573, 0.000858853571117, -0.0018478888087, 0.00342564471066, -0.0041427789256, 0.0102941077203, -0.00420243199915, 0.00229162303731, -0.0044842348434, 0.00301114935428, -0.00294979684986, -0.000161659219884, 0.000397548981709], [0.0003462730092, -0.000881419167854, 0.000993366003968, -0.00207238411531, 0.00254455232061, -0.00420243199915, 0.010832592845, -0.0047550406307, 0.00506226252764, -0.00625769561157, 0.00174347416032, -6.53468596283e-05, -0.0017901735846], [-0.000723751960322, 0.0012133999262, -0.00148800865281, 0.000156970621902, -0.00135529169347, 0.00229162303731, -0.0047550406307, 0.0146085247397, -0.00601456174627, 0.00517597142607, -0.0030915371608, 0.00220117159188, -0.000708588340785], [0.000760236987844, -0.000573133176658, 0.00241222581826, -0.00163068796974, 7.00929667801e-05, -0.0044842348434, 0.00506226252764, -0.00601456174627, 0.0161430947483, -0.00837982539088, 0.00419622426853, -0.00251104333438, -0.00131518079434], [-0.00106926308945, 0.00024221597414, -0.00134954077657, 0.000745092111174, -0.00205254158936, 0.00301114935428, -0.00625769561157, 0.00517597142607, -0.00837982539088, 0.0171321276575, -0.00755860842764, 0.00456742709503, -0.00190082134213], [0.000222424467211, -0.000504704250488, 0.000988811254501, -0.000112248300866, 0.000850734475534, -0.00294979684986, 0.00174347416032, -0.0030915371608, 0.00419622426853, -0.00755860842764, 0.0180240496993, -0.0105384057388, 0.0056594889611], [-0.000387215346564, 0.00117812992539, -0.00117476854939, -0.00017461956304, 0.000161481788382, -0.000161659219884, -6.53468596283e-05, 0.00220117159188, -0.00251104333438, 0.00456742709503, -0.0105384057388, 0.022624252364, -0.0113349733874], [6.01084648224e-05, -0.000493783096317, 0.00087501067901, -0.000675352581311, 0.000937717792112, 0.000397548981709, -0.0017901735846, -0.000708588340785, -0.00131518079434, -0.00190082134213, 0.0056594889611, -0.0113349733874, 0.0193255860358]]
    },
    "spectral_contrast_coeffs": {
        "max": [-0.33686965704, -0.407826244831, -0.483301609755, -0.597264289856, -0.576945662498, -0.596341609955],
        "mean": [-0.615097165108, -0.744401037693, -0.740468561649, -0.790528416634, -0.822740137577, -0.792514562607],
        "min": [-0.937083959579, -0.935710310936, -0.92233979702, -0.918796062469, -0.909511446953, -0.9485937953],
        "stdev": [0.103660076857, 0.0850985869765, 0.0780505686998, 0.0559880658984, 0.048648789525, 0.0398449711502]
    },
    "spectral_contrast_valleys": {
        "max": [-4.99776554108, -4.12174749374, -5.2682595253, -5.18108654022, -5.82939863205, -8.88613700867],
        "mean": [-8.16475772858, -7.18589115143, -8.05459499359, -8.69261455536, -8.93794155121, -11.6178750992],
        "min": [-11.3335075378, -10.1476955414, -10.797498703, -11.142950058, -11.0047159195, -13.6377658844],
        "stdev": [1.49424159527, 0.989215552807, 1.26370477676, 1.51587378979, 1.35733473301, 1.12314605713]
    }
},
"rhythm": {
    "beats_count": 47,
    "beats_loudness": {
        "max": 0.0855271369219,
        "mean": 0.0211642161012,
        "min": 1.82379808393e-05,
        "stdev": 0.022665116936
    },
    "bpm": 89.0026626587,
    "bpm_histogram_first_peak_bpm": 89,
    "bpm_histogram_first_peak_weight": 0.0285714268684,
    "bpm_histogram_second_peak_bpm": 82,
    "bpm_histogram_second_peak_spread": 0,
    "bpm_histogram_second_peak_weight": 0.108695648611,
    "danceability": 0.959430396557,
    "onset_rate": 2.61474585533,
    "beats_loudness_band_ratio": {
        "max": [0.697652459145, 0.854715287685, 0.654320776463, 0.499473363161, 0.597814261913, 0.158354192972],
        "mean": [0.16681471467, 0.438922643661, 0.16654625535, 0.140879333019, 0.11557392031, 0.0292658340186],
        "min": [0.00121905840933, 0.00381801882759, 0.0178188048303, 0.000954998307861, 0.000252867204836, 0.00022397020075],
        "stdev": [0.194356545806, 0.281722098589, 0.137715563178, 0.150674760342, 0.183434903622, 0.0425992682576]
    },
    "beats_position": [0.719818592072, 1.45124709606, 2.18267560005, 2.91410422325, 3.64553284645, 4.37696123123, 4.99229001999, 5.60761880875, 6.2229475975, 6.83827638626, 7.47682523727, 8.11537361145, 8.76553249359, 9.43891143799, 10.1122903824, 10.7972784042, 11.4706573486, 12.1556463242, 12.840634346, 13.5140132904, 14.1873922348, 14.8607711792, 15.545759201, 16.2307472229, 16.904127121, 17.5775051117, 18.2508831024, 18.9242630005, 19.5976409912, 20.2710208893, 20.9560089111, 21.6293869019, 22.3027667999, 22.9761447906, 23.6611328125, 24.3345127106, 25.0078907013, 25.681268692, 26.3546485901, 27.0280265808, 27.7130146027, 28.3980045319, 29.0713825226, 29.7447605133, 30.4181404114, 31.1031284332, 31.7881164551],
