{
"metadata": {
    "version": {
        "essentia": "2.1-beta5",
        "essentia_git_sha": "Undefined",
        "extractor": "music 2.0"
    },
    "audio_properties": {
        "analysis": {
            "equal_loudness": 0,
            "length": 34.2610435486,
            "sample_rate": 44100,
            "start_time": 146.239273071,
            "downmix": "mix"
        },
        "bit_rate": 192000,
        "length": 180.523544312,
        "lossless": 0,
        "number_channels": 2,
        "replay_gain": -2.32878494263,
        "sample_rate": 48000,
        "codec": "mp3",
        "md5_encoded": "7b4c22ca30e75aeb22c36d876a3cb8ae"
    },
    "tags": {
        "file_name": "United KingdomUK_Go_Scott Fitzgerald.mp3",
        "encoding": ["Lavf58.29.100"]
    }
},
"lowlevel": {
    "average_loudness": 0.862645328045,
    "barkbands_crest": {
        "max": 26.7036533356,
        "mean": 11.1801891327,
        "min": 2.91704440117,
        "stdev": 5.0405125618
    },
    "barkbands_flatness_db": {
        "max": 0.489662379026,
        "mean": 0.249472692609,
        "min": 0.0536312237382,
        "stdev": 0.0489868670702
    },
    "barkbands_kurtosis": {
        "max": 395.325378418,
        "mean": 7.5951128006,
        "min": -1.69811487198,
        "stdev": 20.55859375
    },
    "barkbands_skewness": {
        "max": 19.080242157,
        "mean": 1.5478849411,
        "min": -1.9914034605,
        "stdev": 1.4992442131
    },
    "barkbands_spread": {
        "max": 130.956756592,
        "mean": 8.28807544708,
        "min": 0.281163334846,
        "stdev": 6.25012254715
    },
    "dissonance": {
        "max": 0.499963581562,
        "mean": 0.42258772254,
        "min": 0.20981374383,
        "stdev": 0.0504171028733
    },
    "dynamic_complexity": 3.01798868179,
    "erbbands_crest": {
        "max": 31.8902893066,
        "mean": 11.7169895172,
        "min": 2.93636345863,
        "stdev": 5.18901968002
    },
    "erbbands_flatness_db": {
        "max": 0.445912539959,
        "mean": 0.285036921501,
        "min": 0.0550520047545,
        "stdev": 0.0395355783403
    },
    "erbbands_kurtosis": {
        "max": 68.2378768921,
        "mean": 2.24524092674,
        "min": -1.71916639805,
        "stdev": 5.74281978607
    },
    "erbbands_skewness": {
        "max": 7.51091194153,
        "mean": 0.978124260902,
        "min": -1.69213974476,
        "stdev": 1.04057443142
    },
    "erbbands_spread": {
        "max": 57.837387085,
        "mean": 17.4824485779,
        "min": 2.38506102562,
        "stdev": 7.9285030365
    },
    "hfc": {
        "max": 44.2194824219,
        "mean": 15.7219266891,
        "min": 1.08728550476e-16,
        "stdev": 9.6527929306
    },
    "loudness_ebu128": {
        "integrated": -21.3682403564,
        "loudness_range": 8.01313781738,
        "momentary": {
            "max": -18.1453151703,
            "mean": -22.8035144806,
            "min": -39.7192077637,
            "stdev": 4.19043445587
        },
        "short_term": {
            "max": -18.9281539917,
            "mean": -22.2838630676,
            "min": -31.2436504364,
            "stdev": 2.90868639946
        }
    },
    "melbands_crest": {
        "max": 32.8315925598,
        "mean": 13.233912468,
        "min": 1.82212996483,
        "stdev": 5.51962995529
    },
    "melbands_flatness_db": {
        "max": 0.54023039341,
        "mean": 0.29306268692,
        "min": 0.00659145135432,
        "stdev": 0.0638101249933
    },
    "melbands_kurtosis": {
        "max": 342.264587402,
        "mean": 10.529419899,
        "min": -1.53434622288,
        "stdev": 26.6677150726
    },
    "melbands_skewness": {
        "max": 13.9771251678,
        "mean": 1.7918419838,
        "min": -0.80145740509,
        "stdev": 1.47461342812
    },
    "melbands_spread": {
        "max": 136.590911865,
        "mean": 12.1642751694,
        "min": 0.435536175966,
        "stdev": 10.3223552704
    },
    "pitch_salience": {
        "max": 0.871705651283,
        "mean": 0.555250644684,
        "min": 0.0440294519067,
        "stdev": 0.130052283406
    },
    "silence_rate_20dB": {
        "max": 1,
        "mean": 1,
        "min": 1,
        "stdev": 0
    },
    "silence_rate_30dB": {
        "max": 1,
        "mean": 1,
        "min": 1,
        "stdev": 0
    },
    "silence_rate_60dB": {
        "max": 1,
        "mean": 0.08259986341,
        "min": 0,
        "stdev": 0.275274902582
    },
    "spectral_centroid": {
        "max": 11311.7451172,
        "mean": 754.019226074,
        "min": 227.033401489,
        "stdev": 612.927185059
    },
    "spectral_complexity": {
        "max": 39,
        "mean": 15.4624242783,
        "min": 0,
        "stdev": 7.9061589241
    },
    "spectral_decrease": {
        "max": 3.45731177388e-29,
        "mean": -6.87617829342e-09,
        "min": -2.9937741175e-08,
        "stdev": 4.4595114268e-09
    },
    "spectral_energy": {
        "max": 0.116255246103,
        "mean": 0.0273783504963,
        "min": 1.03214021637e-20,
        "stdev": 0.0174987204373
    },
    "spectral_energyband_high": {
        "max": 0.000592439668253,
        "mean": 3.91912726627e-05,
        "min": 7.35170017221e-21,
        "stdev": 5.33522870683e-05
    },
    "spectral_energyband_low": {
        "max": 0.0276548452675,
        "mean": 0.0018373610219,
        "min": 1.91624111531e-23,
        "stdev": 0.00236735632643
    },
    "spectral_energyband_middle_high": {
        "max": 0.0342186912894,
        "mean": 0.00554927345365,
        "min": 1.5211737364e-21,
        "stdev": 0.00528009142727
    },
    "spectral_energyband_middle_low": {
        "max": 0.110741525888,
        "mean": 0.0205734055489,
        "min": 1.95905073492e-22,
        "stdev": 0.0165246259421
    },
    "spectral_entropy": {
        "max": 9.8119020462,
        "mean": 6.72818374634,
        "min": 4.48091459274,
        "stdev": 0.56378030777
    },
    "spectral_flux": {
        "max": 0.198985606432,
        "mean": 0.0718894079328,
        "min": 6.71898925386e-11,
        "stdev": 0.0347026437521
    },
    "spectral_kurtosis": {
        "max": 57.3062858582,
        "mean": 13.6182918549,
        "min": -1.26697683334,
        "stdev": 9.48787212372
    },
    "spectral_rms": {
        "max": 0.0106498710811,
        "mean": 0.00483200699091,
        "min": 3.17327284241e-12,
        "stdev": 0.00183366180863
    },
    "spectral_rolloff": {
        "max": 18863.0859375,
        "mean": 955.420166016,
        "min": 215.33203125,
        "stdev": 1170.82824707
    },
    "spectral_skewness": {
        "max": 5.85830926895,
        "mean": 2.36272072792,
        "min": -0.0388388596475,
        "stdev": 0.894358336926
    },
    "spectral_spread": {
        "max": 46681948,
        "mean": 2240669.75,
        "min": 1043556.3125,
        "stdev": 2312909
    },
    "spectral_strongpeak": {
        "max": 7.10190629959,
        "mean": 1.40575647354,
        "min": 0,
        "stdev": 0.98648750782
    },
    "zerocrossingrate": {
        "max": 0.6650390625,
        "mean": 0.0348557420075,
        "min": 0.00927734375,
        "stdev": 0.0352681912482
    },
    "barkbands": {
        "max": [4.54458458989e-05, 0.0130201419815, 0.0140563827008, 0.0187902729958, 0.0326382443309, 0.0971684977412, 0.0709748491645, 0.0456341356039, 0.0401112250984, 0.0134514970705, 0.0160583220422, 0.0205841995776, 0.0156166795641, 0.00648689875379, 0.00366439437494, 0.00575956096873, 0.00460504973307, 0.0014206932392, 0.000612817122601, 0.00034691055771, 0.00026236125268, 0.000158141265274, 4.43232966063e-05, 2.9540055948e-06, 6.46610942567e-07, 4.66606167038e-07, 4.93409174851e-07],
        "mean": [3.61984621122e-06, 0.000574171193875, 0.000835060258396, 0.000944318831898, 0.00335929705761, 0.00752540351823, 0.00450259167701, 0.00213329354301, 0.00173239421565, 0.00104190618731, 0.00151051708963, 0.000938807148486, 0.000766340002883, 0.000369803688955, 0.000337131612469, 0.000333251577104, 0.000239787288592, 0.000104736995127, 6.10809147474e-05, 4.10182510677e-05, 1.71911960933e-05, 4.55182589576e-06, 1.47411640228e-06, 5.74717375912e-07, 2.52989682537e-08, 1.53847790063e-09, 1.54611456971e-09],
        "min": [1.09774777431e-24, 5.59069431176e-24, 7.68264456961e-24, 4.96432573681e-24, 6.58636378076e-24, 2.58785603021e-24, 1.52085598323e-23, 2.81960028998e-23, 6.93282517944e-23, 3.96427532878e-23, 2.93953239113e-23, 1.14138504706e-22, 3.36438321351e-23, 5.8902110713e-23, 9.00863881415e-23, 1.31181232407e-22, 1.04133508063e-22, 1.6896754355e-22, 1.89421469888e-22, 2.23844545136e-22, 3.81366385906e-22, 3.88288217519e-22, 5.70848528664e-22, 5.62491045933e-22, 9.54853698473e-22, 1.45196258943e-21, 1.98171270187e-21],
        "stdev": [4.03195144827e-06, 0.000959147117101, 0.00123926240485, 0.00174811726902, 0.00426265923306, 0.0126916691661, 0.00668330164626, 0.00399649003521, 0.00340012344532, 0.00162916572299, 0.00214265077375, 0.00160271115601, 0.00137840479147, 0.00072371767601, 0.000465716962935, 0.000618001446128, 0.000361740414519, 0.000145475685713, 8.13406368252e-05, 4.90537568112e-05, 2.67541636276e-05, 8.40677148517e-06, 2.78381480712e-06, 3.06396685801e-07, 2.50845566541e-08, 1.70647584952e-08, 1.55930077739e-08]
    },
    "erbbands": {
        "max": [0.0762932449579, 3.96507525444, 16.9364242554, 33.2987327576, 101.316268921, 184.528549194, 780.288208008, 578.082641602, 832.568115234, 1291.3046875, 1307.96716309, 1143.97814941, 495.402679443, 519.283081055, 825.812438965, 913.971374512, 585.363525391, 366.751159668, 223.43258667, 199.998184204, 250.531448364, 240.227584839, 62.0814628601, 41.2618255615, 23.4405136108, 15.9319648743, 13.9056949615, 9.15726566315, 7.23366117477, 3.17771792412, 0.996894717216, 0.143603116274, 0.0581833571196, 0.00803570728749, 0.00385221885517, 0.00187106058002, 0.000935410964303, 0.000309076509438, 7.5978176028e-05, 0.000128432977363],
        "mean": [0.00842336192727, 0.165325298905, 0.859649002552, 2.231757164, 6.8705124855, 11.5681915283, 52.3871917725, 45.1031341553, 52.2844810486, 63.242061615, 52.7201423645, 36.8688316345, 34.0757255554, 50.5825309753, 46.5622138977, 39.1589202881, 32.0394210815, 23.1301288605, 16.0562458038, 18.7805500031, 18.2255725861, 13.1403446198, 6.46209335327, 4.24988746643, 2.61919021606, 1.64239096642, 1.03060996532, 0.435928076506, 0.189172118902, 0.0845947936177, 0.0374346971512, 0.0156355965883, 0.0078684873879, 0.000915921700653, 5.44104987057e-05, 2.28960634558e-05, 1.24143298308e-05, 3.35564823217e-06, 1.3789555851e-05, 3.12679512717e-05],
        "min": [2.30329537135e-22, 1.25961492521e-21, 4.88063985998e-21, 1.49896759222e-20, 3.28574298505e-20, 2.95243992763e-20, 4.49123141958e-20, 3.0269592073e-20, 2.42434152282e-19, 4.69975693117e-19, 7.25664096396e-19, 1.61545985148e-18, 1.62514985876e-18, 2.14846577669e-18, 1.53008550648e-18, 4.77655899668e-18, 2.40043801937e-18, 2.54336097394e-18, 4.08176615963e-18, 5.73750050455e-18, 7.89834152359e-18, 6.43525961128e-18, 6.96934821252e-18, 1.04511408351e-17, 1.17079524404e-17, 1.09589561121e-17, 1.35055590137e-17, 1.64233616967e-17, 1.48235497243e-17, 1.56456531022e-17, 1.78133212564e-17, 1.02169792386e-17, 1.05523174317e-17, 8.04349600466e-18, 6.73976506069e-18, 5.48156792789e-18, 2.72532106317e-18, 1.13216406896e-18, 2.42442579184e-19, 3.1044808941e-20],
        "stdev": [0.0093149645254, 0.276706039906, 1.23655235767, 3.57211351395, 10.3167457581, 15.4032897949, 100.125740051, 72.7954177856, 77.8913040161, 93.3146820068, 102.850090027, 83.0878143311, 55.3283996582, 68.7430725098, 77.5170211792, 61.9242095947, 50.5585594177, 39.3668556213, 24.9155502319, 26.8857784271, 30.0640449524, 19.2125492096, 8.36935806274, 5.76595878601, 3.14715623856, 2.07801055908, 1.57260727882, 0.674791634083, 0.349338084459, 0.18222565949, 0.0606973282993, 0.0125025715679, 0.00371461897157, 0.000400330609409, 0.000134059300763, 6.69252840453e-05, 3.33909592882e-05, 1.12063598863e-05, 8.67192557052e-06, 1.96058645088e-05]
    },
    "gfcc": {
        "mean": [-94.5444335938, 188.818832397, -165.603393555, 15.3970327377, -58.6744880676, -19.0450878143, -24.3493118286, -20.1802539825, 1.38563621044, -22.5240249634, 7.65556383133, -15.9989147186, 4.48432779312],
        "cov": [[8643.40332031, 1371.04052734, -1948.50683594, -367.246154785, 81.3436813354, -454.303649902, 490.046142578, -148.226394653, -79.8630981445, -49.059551239, 22.3645839691, -6.05229520798, -209.485473633], [1371.04052734, 676.779296875, 208.638000488, 3.36109876633, 30.9216995239, -122.49030304, -22.1031799316, -25.3401622772, -30.5895080566, -33.759803772, 43.2744026184, -34.2391166687, -26.2958316803], [-1948.50683594, 208.638000488, 1287.80822754, 281.00479126, -59.0562858582, 2.68922877312, -336.532592773, -16.6109523773, -3.34168338776, -29.0763950348, 39.2306480408, -27.7761955261, 94.2633514404], [-367.246154785, 3.36109876633, 281.00479126, 392.128570557, 28.7376861572, 56.1143188477, -99.0503234863, -15.8143310547, 29.8510227203, -9.78952980042, -24.0366249084, -58.4425163269, 2.7390730381], [81.3436813354, 30.9216995239, -59.0562858582, 28.7376861572, 165.414581299, -3.776055336, 31.5373878479, 0.319838523865, -25.1291103363, 17.5885791779, -4.25024747849, -1.76166021824, -34.3866271973], [-454.303649902, -122.49030304, 2.68922877312, 56.1143188477, -3.776055336, 191.370864868, 59.4453849792, 45.8662605286, 25.1837997437, 1.20862102509, -7.807492733, -19.0459461212, -15.8940200806], [490.046142578, -22.1031799316, -336.532592773, -99.0503234863, 31.5373878479, 59.4453849792, 255.986343384, 62.2730941772, -0.977932631969, 19.4700679779, -18.0376033783, -5.37549495697, -85.1954956055], [-148.226394653, -25.3401622772, -16.6109523773, -15.8143310547, 0.319838523865, 45.8662605286, 62.2730941772, 91.5896606445, 42.498714447, 14.1133861542, -6.42234802246, -13.05834198, -17.8073387146], [-79.8630981445, -30.5895080566, -3.34168338776, 29.8510227203, -25.1291103363, 25.1837997437, -0.977932631969, 42.498714447, 80.7849273682, 36.7934799194, 7.37551403046, 0.894486069679, 11.7002058029], [-49.059551239, -33.759803772, -29.0763950348, -9.78952980042, 17.5885791779, 1.20862102509, 19.4700679779, 14.1133861542, 36.7934799194, 73.5211486816, 35.3225593567, 18.1452007294, -3.55899977684], [22.3645839691, 43.2744026184, 39.2306480408, -24.0366249084, -4.25024747849, -7.807492733, -18.0376033783, -6.42234802246, 7.37551403046, 35.3225593567, 67.8453140259, 38.7653007507, 17.5381813049], [-6.05229520798, -34.2391166687, -27.7761955261, -58.4425163269, -1.76166021824, -19.0459461212, -5.37549495697, -13.05834198, 0.894486069679, 18.1452007294, 38.7653007507, 78.6124572754, 42.5474319458], [-209.485473633, -26.2958316803, 94.2633514404, 2.7390730381, -34.3866271973, -15.8940200806, -85.1954956055, -17.8073387146, 11.7002058029, -3.55899977684, 17.5381813049, 42.5474319458, 90.8794174194]],
        "icov": [[0.00123695749789, -0.00337279355153, 0.0026329534594, -0.00105418916792, 0.00140917673707, 0.000723957200535, 0.000184199525393, 0.000768342637457, 0.000405301398132, -0.000743030221201, 0.00128425378352, -0.00168014212977, 0.000616695673671], [-0.00337279355153, 0.0121859870851, -0.00803663767874, 0.00328141427599, -0.00553443329409, 0.00064461940201, -0.00305196153931, -0.000198183377506, -0.00432368693873, 0.00731562077999, -0.00975921005011, 0.00886534806341, -0.00231692008674], [0.0026329534594, -0.00803663767874, 0.00743459258229, -0.00324724428356, 0.00415707146749, 0.000576025166083, 0.0034088883549, -0.00118486222345, 0.00397422211245, -0.00360658322461, 0.00364230386913, -0.00469619734213, 0.00161029526498], [-0.00105418916792, 0.00328141427599, -0.00324724428356, 0.00550359440967, -0.00339061161503, -0.00166697229724, -0.000202919021831, 0.00294292578474, -0.00504749640822, 0.00258827023208, -0.00149437435903, 0.00486563006416, -0.000704671838321], [0.00140917673707, -0.00553443329409, 0.00415707146749, -0.00339061161503, 0.011375640519, -0.000427287304774, 0.0032559952233, -0.00372368609533, 0.00951993279159, -0.00970996916294, 0.0079695219174, -0.00783945899457, 0.00451585138217], [0.000723957200535, 0.00064461940201, 0.000576025166083, -0.00166697229724, -0.000427287304774, 0.00971953198314, -0.00478681875393, 0.000133179346449, -0.00348815089092, 0.00559889758006, -0.00614121137187, 0.00400137389079, -0.00163492572028], [0.000184199525393, -0.00305196153931, 0.0034088883549, -0.000202919021831, 0.0032559952233, -0.00478681875393, 0.0153162293136, -0.0093961507082, 0.00856977049261, -0.00868921354413, 0.00943353958428, -0.0102713005617, 0.0104684578255], [0.000768342637457, -0.000198183377506, -0.00118486222345, 0.00294292578474, -0.00372368609533, 0.000133179346449, -0.0093961507082, 0.0266088955104, -0.0190761666745, 0.00852216407657, -0.00441161449999, 0.00679596001282, -0.00166687299497], [0.000405301398132, -0.00432368693873, 0.00397422211245, -0.00504749640822, 0.00951993279159, -0.00348815089092, 0.00856977049261, -0.0190761666745, 0.0379715003073, -0.0250886455178, 0.0128335915506, -0.00735393725336, -0.00190375419334], [-0.000743030221201, 0.00731562077999, -0.00360658322461, 0.00258827023208, -0.00970996916294, 0.00559889758006, -0.00868921354413, 0.00852216407657, -0.0250886455178, 0.0417042337358, -0.0275483354926, 0.00969193596393, 0.000538240827154], [0.00128425378352, -0.00975921005011, 0.00364230386913, -0.00149437435903, 0.0079695219174, -0.00614121137187, 0.00943353958428, -0.00441161449999, 0.0128335915506, -0.0275483354926, 0.0453748367727, -0.0251009911299, 0.00658814003691], [-0.00168014212977, 0.00886534806341, -0.00469619734213, 0.00486563006416, -0.00783945899457, 0.00400137389079, -0.0102713005617, 0.00679596001282, -0.00735393725336, 0.00969193596393, -0.0251009911299, 0.040695540607, -0.0200292412192], [0.000616695673671, -0.00231692008674, 0.00161029526498, -0.000704671838321, 0.00451585138217, -0.00163492572028, 0.0104684578255, -0.00166687299497, -0.00190375419334, 0.000538240827154, 0.00658814003691, -0.0200292412192, 0.0293875411153]]
    },
    "melbands": {
        "max": [0.00198754901066, 0.00746234646067, 0.00682928645983, 0.00711105158553, 0.0204727016389, 0.014070302248, 0.0126441856846, 0.0127672888339, 0.0106046544388, 0.00763629144058, 0.00243611959741, 0.00190826284233, 0.00218238285743, 0.0027270289138, 0.00155375199392, 0.0021001456771, 0.000709256972186, 0.000399154087063, 0.000265492883045, 0.000607093505096, 0.000355854193913, 0.000351912225597, 0.000109876404167, 4.23031997343e-05, 3.6092587834e-05, 2.14800784306e-05, 1.77402362169e-05, 1.02913854789e-05, 1.16371520562e-05, 4.92127992402e-06, 5.2845502978e-06, 4.13937868871e-06, 2.72565011983e-06, 1.51742904109e-06, 7.18916851383e-07, 2.12212015072e-07, 4.92073155556e-08, 5.83020707268e-08, 1.63185429614e-08, 6.06436545425e-09],
        "mean": [0.000117769042845, 0.000378693861421, 0.000513180799317, 0.000655139039736, 0.00149162148591, 0.00115016463678, 0.000851496646646, 0.000632459530607, 0.000430061714724, 0.000218646586291, 0.000165957841091, 0.000194976862986, 0.000169399325387, 0.000106161176518, 0.000103457401565, 6.42215964035e-05, 3.97078983951e-05, 2.46110485023e-05, 2.80193162325e-05, 2.40789122472e-05, 2.07128105103e-05, 1.54284261953e-05, 7.03898967913e-06, 4.48048012913e-06, 3.40091855833e-06, 1.84277621429e-06, 1.8428728481e-06, 9.06468017092e-07, 7.38659139188e-07, 3.85165378702e-07, 2.0082987362e-07, 1.15301510561e-07, 6.27161611533e-08, 3.89448189253e-08, 2.30491270514e-08, 1.29166464191e-08, 8.17514589357e-09, 6.36031805001e-09, 2.67650679397e-09, 8.42843780879e-11],
        "min": [2.69317408865e-24, 2.31970051485e-24, 5.37452630778e-24, 1.92538424986e-24, 1.7803931932e-24, 7.58987137171e-25, 3.37171614894e-24, 6.59904787525e-24, 6.24083087136e-24, 1.07447762006e-23, 7.63220401446e-24, 7.81660103992e-24, 3.90081383554e-24, 9.88753052122e-24, 1.02296105864e-23, 3.6574569516e-24, 4.50204101901e-24, 5.85566953438e-24, 7.6604689007e-24, 9.93133833387e-24, 8.89531626299e-24, 6.29528554522e-24, 5.54291142901e-24, 7.29407062035e-24, 8.22821288305e-24, 6.28936632741e-24, 1.04291056208e-23, 5.39738158036e-24, 7.92474361483e-24, 8.77577070369e-24, 7.31418578458e-24, 8.11969954351e-24, 7.04083601459e-24, 8.41826130803e-24, 1.00371569246e-23, 8.4189357841e-24, 5.81779711119e-24, 6.74671001494e-24, 5.52596314689e-24, 7.32162237633e-24],
        "stdev": [0.000175579640199, 0.000521260255482, 0.000731053936761, 0.000871762516908, 0.00268695689738, 0.00180779863149, 0.00123520370107, 0.000922667386476, 0.000851224758662, 0.000525589566678, 0.000280056759948, 0.000265141978161, 0.000248669995926, 0.000203837058507, 0.000184840522707, 0.000148778708535, 7.39710376365e-05, 4.38989081886e-05, 3.79470002372e-05, 4.82701070723e-05, 3.57047356374e-05, 2.49244712904e-05, 1.04204973468e-05, 5.8373657339e-06, 4.86706767333e-06, 2.4689793463e-06, 2.27365626415e-06, 1.27113673898e-06, 1.16101216463e-06, 6.15396402281e-07, 3.36202219842e-07, 2.11803111938e-07, 1.35988031502e-07, 8.93100988719e-08, 3.9065888302e-08, 1.51701424755e-08, 5.14221731862e-09, 3.47343642737e-09, 1.0305893916e-09, 2.0493265418e-10]
    },
    "melbands128": {
        "max": [4.09874446632e-05, 0.000429453706602, 0.00191327207722, 0.00873058382422, 0.0111177265644, 0.00662058684975, 0.00746213179082, 0.0106031373143, 0.0125214513391, 0.010588706471, 0.0140635659918, 0.0139724370092, 0.0381275340915, 0.0450855381787, 0.0171212460846, 0.0159824714065, 0.0200704801828, 0.0186021700501, 0.0260229315609, 0.0221370849758, 0.00838312320411, 0.0145531138405, 0.0188992563635, 0.0122584905475, 0.0101885143667, 0.0123093370348, 0.00391515763476, 0.00457323342562, 0.00398106733337, 0.00255910283886, 0.00389612233266, 0.00421129865572, 0.00275512365624, 0.00621308153495, 0.00362907070667, 0.00536273838952, 0.00303981290199, 0.00330895907246, 0.00152516295202, 0.00117532094009, 0.00454590283334, 0.00092797819525, 0.000835502636619, 0.00164601765573, 0.000496312859468, 0.000764652271755, 0.00030342527316, 0.000391133886296, 0.000398755510105, 0.000398860080168, 0.00138273579068, 0.000803405127954, 0.000546905794181, 0.000644214218482, 0.000705989543349, 0.000500483380165, 0.00035420441418, 0.000206638185773, 0.000195484244614, 0.000124673446408, 6.6886874265e-05, 5.07980912516e-05, 8.1860795035e-05, 4.27576924267e-05, 2.96335820167e-05, 4.31713269791e-05, 2.18867553485e-05, 3.65979722119e-05, 2.3495134883e-05, 2.94908422802e-05, 1.4452337382e-05, 1.47219489008e-05, 1.73558273673e-05, 2.13958646782e-05, 1.93342857528e-05, 9.11677489057e-06, 6.58609860693e-06, 5.8798259488e-06, 6.69628934702e-06, 3.64133916264e-06, 2.43278100243e-06, 6.22825018581e-06, 4.02018849854e-06, 2.32245110965e-06, 1.74757838067e-06, 2.65255880549e-06, 1.88274771062e-06, 7.5401800359e-07, 1.04941864265e-06, 5.14381099492e-07, 2.97170771546e-07, 1.48570023839e-07, 9.93889415213e-08, 6.17037869688e-08, 5.04899837495e-08, 7.43747037291e-08, 7.59901013225e-08, 2.04291925598e-08, 3.58334979467e-08, 8.89555806793e-09, 6.62978338895e-09, 5.76837866362e-09, 5.21509857521e-09, 4.72937689011e-09, 4.35510294494e-09, 4.02504518604e-09, 3.51768436602e-09, 3.36135363987e-09, 3.18840021052e-09, 3.07362046925e-09, 3.13295855925e-09, 2.83319612215e-09, 3.21599924469e-09, 3.30046057151e-09, 2.56045007418e-09, 2.47664955211e-09, 2.40230546567e-09, 2.47198994607e-09, 3.11187919877e-09, 3.09330561166e-09, 2.13121431614e-09, 2.09050177169e-09, 2.03743422134e-09, 2.00541894202e-09, 1.9714920807e-09, 1.95194527208e-09, 1.93368965284e-09, 1.92083926542e-09],
        "mean": [3.22838991451e-06, 3.78903278033e-05, 0.000146033460624, 0.000304963206872, 0.000417693139752, 0.000406355247833, 0.000415812886786, 0.000499479065184, 0.000727936334442, 0.000730275118258, 0.000549879623577, 0.000596492842305, 0.00196405919269, 0.00250616692938, 0.000829844269902, 0.000614781165496, 0.000790535181295, 0.00076963606989, 0.00120007002261, 0.000661556376144, 0.000392289046431, 0.000364108069334, 0.000530186283868, 0.000396514195018, 0.000176937901415, 0.000198322959477, 0.000149937506649, 0.000182057119673, 0.000161234740517, 0.000115510360047, 0.000266971328529, 0.000248442636803, 0.000114255242806, 0.000174852611963, 0.000110356755613, 8.41764413053e-05, 9.21043902053e-05, 0.000152496315422, 6.83929174556e-05, 3.90768473153e-05, 9.93622306851e-05, 3.99882010242e-05, 3.46210217685e-05, 4.59151706309e-05, 2.50079010584e-05, 2.10515809158e-05, 2.03805884667e-05, 3.40643928212e-05, 2.89686413453e-05, 1.84162963706e-05, 2.82606779365e-05, 2.40519802901e-05, 1.85855533346e-05, 2.16794105654e-05, 1.97016433958e-05, 1.66134304891e-05, 1.0260815543e-05, 6.04237493462e-06, 7.14334373697e-06, 6.14210966887e-06, 4.01741772293e-06, 3.08410403704e-06, 4.80783501189e-06, 3.09334564008e-06, 2.05113383345e-06, 1.7910169845e-06, 1.6436659962e-06, 2.0568020318e-06, 2.20513834392e-06, 9.44925034219e-07, 8.23536709049e-07, 9.68835479398e-07, 8.21491823899e-07, 7.48265108541e-07, 5.50123104404e-07, 4.27373066714e-07, 2.82685761022e-07, 2.77069744925e-07, 1.87548309327e-07, 1.35052971473e-07, 1.2362158941e-07, 1.13464643903e-07, 7.23240418665e-08, 5.79822305724e-08, 5.50513945541e-08, 4.46599308646e-08, 3.35846763733e-08, 2.6178602397e-08, 2.48511078382e-08, 1.81643340369e-08, 1.57766812947e-08, 1.09465920772e-08, 9.03058339219e-09, 8.21875634216e-09, 7.44435135758e-09, 7.60968088542e-09, 6.22088647262e-09, 4.43334302602e-09, 3.71876440752e-09, 1.04996111805e-09, 2.1487442034e-11, 1.5353553498e-11, 1.44336270366e-11, 1.35656945746e-11, 1.27885904991e-11, 1.21383779764e-11, 1.13716978542e-11, 1.05976104628e-11, 1.03067962151e-11, 9.95668651693e-12, 9.88197544627e-12, 9.4061590114e-12, 9.40523700588e-12, 9.19305603864e-12, 8.34378052761e-12, 8.00974911397e-12, 7.59786070864e-12, 7.84739460913e-12, 8.13877611139e-12, 7.97895170074e-12, 7.12195623656e-12, 6.78822059327e-12, 6.07520544288e-12, 5.43252378846e-12, 5.20813947524e-12, 4.91775717371e-12, 4.74828466476e-12, 4.70322652352e-12],
        "min": [6.17582883138e-25, 1.90539017578e-24, 3.08013363406e-24, 1.45837790371e-24, 8.18374854091e-25, 5.05397228451e-24, 1.72694451421e-24, 3.73193449295e-24, 1.63383023258e-24, 1.76870286623e-24, 1.68910108165e-24, 1.14738497322e-24, 1.30897415637e-24, 6.94768238852e-25, 3.21660918377e-25, 3.77720061359e-25, 3.48891050831e-24, 9.61366641392e-25, 1.47233936123e-24, 3.66909343881e-24, 5.34680336899e-24, 5.06875869332e-24, 5.1917168649e-24, 6.57688246154e-24, 7.67468969624e-24, 1.19945551221e-23, 2.18067620486e-24, 4.10765750362e-24, 3.68222008427e-24, 3.63627958617e-24, 8.83760714347e-24, 4.80855923462e-24, 2.01891199321e-24, 5.94056003969e-24, 3.24993121074e-24, 7.45800380507e-24, 1.01560406296e-23, 1.10332815663e-23, 3.08582546271e-24, 2.34763999596e-24, 1.24914309962e-24, 6.04598341106e-24, 3.4891992314e-24, 2.90591725302e-24, 6.09143244882e-24, 3.86326997291e-24, 3.67141150658e-24, 5.40761113415e-24, 4.06368008588e-24, 5.6781730697e-24, 6.33845477496e-24, 1.29932490838e-23, 6.20454603073e-24, 4.6801669947e-24, 4.60979389664e-24, 6.92874124654e-24, 4.45673713165e-24, 4.67010744044e-24, 4.23085036132e-24, 4.83864402296e-24, 2.8386132183e-24, 5.71915754917e-24, 4.69615444424e-24, 7.03145566956e-24, 4.40265519457e-24, 3.81902118701e-24, 8.02797079745e-24, 7.41828623621e-24, 8.43517764128e-24, 9.74915958528e-24, 5.75465747319e-24, 1.42935511936e-24, 3.41467199181e-24, 7.69282324187e-24, 6.83763648945e-24, 8.63164423859e-24, 4.61512225762e-24, 7.98619351277e-24, 7.70343578762e-24, 2.58087796386e-24, 8.24933147834e-24, 8.00647354892e-24, 6.29626136615e-24, 7.9881419992e-24, 5.17697660445e-24, 4.47820085359e-24, 7.65684408484e-24, 6.47898166776e-24, 9.58422928038e-24, 7.66281733961e-24, 8.33540961374e-24, 5.26033080314e-24, 3.77205438087e-24, 5.6706919073e-24, 4.49706291227e-24, 5.0976704455e-24, 7.44797501638e-24, 6.92854876448e-24, 5.29894238901e-24, 4.09455846829e-24, 5.55590554584e-24, 7.70049885847e-24, 9.85848150725e-24, 6.16399660805e-24, 6.39780393631e-24, 6.20315645225e-24, 5.41021634728e-24, 8.24535483052e-24, 7.68827624761e-24, 7.96894112477e-24, 7.56073321645e-24, 6.36604518512e-24, 9.00119638483e-24, 7.69218032023e-24, 9.16261073667e-24, 8.41021729338e-24, 9.21002758796e-24, 8.25394473691e-24, 7.11403757343e-24, 5.93613216343e-24, 6.24890446829e-24, 8.70761627692e-24, 5.76053567023e-24, 7.45289829729e-24, 8.46546832232e-24, 9.38345629139e-24, 8.55376946774e-24, 8.40244780232e-24],
        "stdev": [3.84145596399e-06, 3.37553501595e-05, 0.000228372417041, 0.000578670820687, 0.000676011608448, 0.000629548041616, 0.000765521079302, 0.000934758863878, 0.00125477893744, 0.00118824536912, 0.00100983970333, 0.00121699320152, 0.00421020807698, 0.00539240101352, 0.00177790760063, 0.00140983005986, 0.00164021959063, 0.00154658115935, 0.0022531375289, 0.00122687022667, 0.00079746049596, 0.00108412781265, 0.0013121473603, 0.000843915971927, 0.000687344116159, 0.000743733369745, 0.000341156846844, 0.000410347478464, 0.00034085632069, 0.000222013390157, 0.000479057314806, 0.000418661249569, 0.000270947406534, 0.000462071358925, 0.000300847867038, 0.000237202490098, 0.000223589333473, 0.000339375546901, 0.00015192918363, 8.36109975353e-05, 0.00031003577169, 8.6574596935e-05, 7.77613240643e-05, 0.000121659235447, 5.6501434301e-05, 4.9861628213e-05, 3.79928060283e-05, 4.95631247759e-05, 4.72011524835e-05, 3.97001531383e-05, 8.70376243256e-05, 5.86509268032e-05, 4.37881899416e-05, 5.4001378885e-05, 4.41875381512e-05, 3.45222651958e-05, 1.78129939741e-05, 1.3323661733e-05, 1.40144729812e-05, 9.81703942671e-06, 6.19690672465e-06, 5.59571208214e-06, 8.52172888699e-06, 4.76004743177e-06, 3.2495411233e-06, 3.18420893564e-06, 2.62140633822e-06, 2.81232928501e-06, 2.95593667943e-06, 1.80282256679e-06, 1.41630619055e-06, 1.5920865053e-06, 1.41822545174e-06, 1.53012808823e-06, 1.14909107651e-06, 7.67349320085e-07, 5.69608687329e-07, 4.72555058195e-07, 3.54814574166e-07, 2.58503405348e-07, 2.23169877245e-07, 2.48301716965e-07, 1.75289088133e-07, 1.33669999514e-07, 1.15005086343e-07, 1.20404990867e-07, 8.69087486421e-08, 4.87419313799e-08, 4.56887256917e-08, 3.15716306432e-08, 2.09622115221e-08, 1.19062413262e-08, 8.05369015922e-09, 5.9635167915e-09, 4.5761789913e-09, 4.99739494231e-09, 4.41976899523e-09, 2.04981187579e-09, 1.7965895438e-09, 6.21580509286e-10, 2.14155568279e-10, 1.88729337713e-10, 1.74456393776e-10, 1.6151789628e-10, 1.5112633367e-10, 1.41579234447e-10, 1.27789903659e-10, 1.13930608003e-10, 1.11829698279e-10, 1.08693172518e-10, 1.12024743648e-10, 1.04221971331e-10, 1.09938821935e-10, 1.09737816056e-10, 9.05191130385e-11, 8.5070443745e-11, 7.85808987325e-11, 8.80821665605e-11, 9.96814644716e-11, 9.85714634916e-11, 7.70855740351e-11, 7.04659386397e-11, 5.71057576226e-11, 5.238083578e-11, 5.14971815191e-11, 5.0991270234e-11, 5.05179405252e-11, 5.01832291e-11]
    },
    "mfcc": {
        "mean": [-716.192443848, 203.568206787, -39.8422470093, 24.561214447, -15.2802829742, -2.0404920578, -18.2262458801, 0.186426863074, -11.8641386032, 1.68139910698, -13.8321037292, 6.22123193741, -5.00322628021],
        "cov": [[5436.74169922, 946.200683594, -1868.68347168, 106.667800903, -717.77142334, 33.2805557251, 168.220153809, 175.383804321, -43.9257888794, 19.3601455688, 103.974441528, 182.494033813, 105.479026794], [946.200683594, 783.576477051, 85.4783706665, 67.2391052246, -1.27109265327, -113.685203552, 24.8348388672, -30.1320610046, -66.4970779419, -44.7476539612, -3.79283905029, 22.1183776855, 35.9918632507], [-1868.68347168, 85.4783706665, 1212.41308594, 174.136535645, 372.03704834, -40.6444168091, -103.85735321, -108.708183289, -30.6701011658, -32.0627403259, -75.2388381958, -66.6818161011, -39.0589103699], [106.667800903, 67.2391052246, 174.136535645, 277.374816895, 125.433624268, 22.2518825531, -16.9000091553, -39.1626930237, -11.03191185, -6.28727531433, -33.0613670349, 12.4711608887, 5.28393697739], [-717.77142334, -1.27109265327, 372.03704834, 125.433624268, 289.902526855, 8.36909294128, -44.2389640808, -65.1209640503, -13.0028553009, -15.2662363052, -49.7464523315, -29.7103691101, -7.45106124878], [33.2805557251, -113.685203552, -40.6444168091, 22.2518825531, 8.36909294128, 119.842658997, 44.0958976746, 27.5928268433, 15.762503624, 16.0924110413, 18.901594162, 17.7479400635, -3.14885663986], [168.220153809, 24.8348388672, -103.85735321, -16.9000091553, -44.2389640808, 44.0958976746, 115.969192505, 56.4039840698, 16.4418716431, 10.9865255356, 39.847026825, 29.1280174255, -6.4432964325], [175.383804321, -30.1320610046, -108.708183289, -39.1626930237, -65.1209640503, 27.5928268433, 56.4039840698, 95.9641647339, 45.0339508057, 21.6123027802, 30.8773498535, 15.5830793381, -5.88292837143], [-43.9257888794, -66.4970779419, -30.6701011658, -11.03191185, -13.0028553009, 15.762503624, 16.4418716431, 45.0339508057, 80.705947876, 43.2407913208, 16.5191574097, 4.94902563095, -4.34347820282], [19.3601455688, -44.7476539612, -32.0627403259, -6.28727531433, -15.2662363052, 16.0924110413, 10.9865255356, 21.6123027802, 43.2407913208, 74.117729187, 50.825088501, 6.99489545822, -7.90250587463], [103.974441528, -3.79283905029, -75.2388381958, -33.0613670349, -49.7464523315, 18.901594162, 39.847026825, 30.8773498535, 16.5191574097, 50.825088501, 103.931739807, 40.6963615417, -6.20518350601], [182.494033813, 22.1183776855, -66.6818161011, 12.4711608887, -29.7103691101, 17.7479400635, 29.1280174255, 15.5830793381, 4.94902563095, 6.99489545822, 40.6963615417, 73.5563964844, 28.0721988678], [105.479026794, 35.9918632507, -39.0589103699, 5.28393697739, -7.45106124878, -3.14885663986, -6.4432964325, -5.88292837143, -4.34347820282, -7.90250587463, -6.20518350601, 28.0721988678, 76.2049255371]],
        "icov": [[0.00492094783112, -0.00742087792605, 0.00718991784379, -0.00665014097467, 0.00619722856209, -0.00648290012032, 0.006676630117, -0.00535049056634, 0.00420927302912, -0.00450974842533, 0.00377750303596, -0.00262646353804, 0.00237680389546], [-0.00742087792605, 0.0130772721022, -0.0110102109611, 0.00933977868408, -0.00915569346398, 0.0120480163023, -0.0116002997383, 0.00798761192709, -0.00509305438027, 0.00699878111482, -0.0060073225759, 0.00391022767872, -0.00445142760873], [0.00718991784379, -0.0110102109611, 0.0119830016047, -0.00986706279218, 0.00732189416885, -0.00922872126102, 0.0103813176975, -0.00775359757245, 0.00591673376039, -0.00614172359928, 0.00511795980856, -0.00348132732324, 0.00408759620041], [-0.00665014097467, 0.00933977868408, -0.00986706279218, 0.0143779916689, -0.0101304482669, 0.00715300254524, -0.00867189653218, 0.00800598692149, -0.00518552260473, 0.00378656503744, -0.00200147810392, 0.000162709169672, -0.00219667563215], [0.00619722856209, -0.00915569346398, 0.00732189416885, -0.0101304482669, 0.0150935975835, -0.00945816934109, 0.00788092426956, -0.00364227546379, 0.00396038265899, -0.00540122389793, 0.00549000315368, -0.00198855320923, 0.00251699797809], [-0.00648290012032, 0.0120480163023, -0.00922872126102, 0.00715300254524, -0.00945816934109, 0.0219426415861, -0.0138706332073, 0.00525234267116, -0.00362254795618, 0.00414228485897, -0.00467325607315, 0.00196002516896, -0.00360808218829], [0.006676630117, -0.0116002997383, 0.0103813176975, -0.00867189653218, 0.00788092426956, -0.0138706332073, 0.0254461653531, -0.0145279746503, 0.0058904606849, -0.00351458275691, 0.00198973552324, -0.00601634103805, 0.00573665183038], [-0.00535049056634, 0.00798761192709, -0.00775359757245, 0.00800598692149, -0.00364227546379, 0.00525234267116, -0.0145279746503, 0.0289890524, -0.0169616732746, 0.00926331058145, -0.0067539839074, 0.00416402658448, -0.00211553974077], [0.00420927302912, -0.00509305438027, 0.00591673376039, -0.00518552260473, 0.00396038265899, -0.00362254795618, 0.0058904606849, -0.0169616732746, 0.0316161476076, -0.0222904067487, 0.0121405832469, -0.00652974192053, 0.00228206044994], [-0.00450974842533, 0.00699878111482, -0.00614172359928, 0.00378656503744, -0.00540122389793, 0.00414228485897, -0.00351458275691, 0.00926331058145, -0.0222904067487, 0.0405122004449, -0.0242585856467, 0.0116176838055, -0.00373724801466], [0.00377750303596, -0.0060073225759, 0.00511795980856, -0.00200147810392, 0.00549000315368, -0.00467325607315, 0.00198973552324, -0.0067539839074, 0.0121405832469, -0.0242585856467, 0.0302534010261, -0.0165565088391, 0.00710003217682], [-0.00262646353804, 0.00391022767872, -0.00348132732324, 0.000162709169672, -0.00198855320923, 0.00196002516896, -0.00601634103805, 0.00416402658448, -0.00652974192053, 0.0116176838055, -0.0165565088391, 0.0288395229727, -0.0114471279085], [0.00237680389546, -0.00445142760873, 0.00408759620041, -0.00219667563215, 0.00251699797809, -0.00360808218829, 0.00573665183038, -0.00211553974077, 0.00228206044994, -0.00373724801466, 0.00710003217682, -0.0114471279085, 0.0191387664527]]
    },
    "spectral_contrast_coeffs": {
        "max": [-0.27038320899, -0.44212013483, -0.549099981785, -0.606821119785, -0.659275531769, -0.410481452942],
        "mean": [-0.648276150227, -0.692990124226, -0.723176419735, -0.775366306305, -0.78585088253, -0.726114809513],
        "min": [-0.967286586761, -0.971327781677, -0.963959038258, -0.962354123592, -0.961523413658, -0.961850821972],
        "stdev": [0.097358815372, 0.0745011419058, 0.0638509988785, 0.0502217300236, 0.04060132429, 0.0523449257016]
    },
    "spectral_contrast_valleys": {
        "max": [-5.49309492111, -5.03599023819, -5.23035860062, -5.74493169785, -6.65038585663, -11.4113407135],
        "mean": [-7.12714672089, -6.63136720657, -7.57177305222, -7.95118665695, -8.49753475189, -12.7247657776],
        "min": [-27.8213539124, -27.3543586731, -27.3537330627, -27.3430271149, -27.2597961426, -27.4792251587],
        "stdev": [1.35045218468, 1.40532207489, 1.51199126244, 1.42259395123, 1.34201896191, 0.817971408367]
    }
},
"rhythm": {
    "beats_count": 89,
    "beats_loudness": {
        "max": 0.0772819668055,
        "mean": 0.0301924347878,
        "min": 0.000313753611408,
        "stdev": 0.0164583921432
    },
    "bpm": 165.94631958,
    "bpm_histogram_first_peak_bpm": 167,
    "bpm_histogram_first_peak_weight": 0,
    "bpm_histogram_second_peak_bpm": 172,
    "bpm_histogram_second_peak_spread": 0,
    "bpm_histogram_second_peak_weight": 0.113636367023,
    "danceability": 0.791834533215,
    "onset_rate": 1.25464463234,
    "beats_loudness_band_ratio": {
        "max": [0.764954864979, 0.952287971973, 0.843371033669, 0.782772660255, 0.291893005371, 0.0220730528235],
        "mean": [0.155968546867, 0.367049485445, 0.33963701129, 0.157356083393, 0.0498358309269, 0.00451466161758],
        "min": [0.00152230390813, 0.00264626392163, 0.0208215676248, 0.00301589351147, 0.00117444887292, 0.000180505172466],
        "stdev": [0.154283866286, 0.256027311087, 0.194647267461, 0.159986957908, 0.0639143362641, 0.00503389211372]
    },
