{
"metadata": {
    "version": {
        "essentia": "2.1-beta5",
        "essentia_git_sha": "Undefined",
        "extractor": "music 2.0"
    },
    "audio_properties": {
        "analysis": {
            "equal_loudness": 0,
            "length": 32.4963264465,
            "sample_rate": 44100,
            "start_time": 29.0017242432,
            "downmix": "mix"
        },
        "bit_rate": 192000,
        "length": 183.809158325,
        "lossless": 0,
        "number_channels": 2,
        "replay_gain": -16.9522476196,
        "sample_rate": 44100,
        "codec": "mp3",
        "md5_encoded": "1de6885a87b594f7a01261563e0e746f"
    },
    "tags": {
        "file_name": "Yugoslavia_Mangup_Srebrna Krila.mp3",
        "encoding": ["Lavf58.29.100"]
    }
},
"lowlevel": {
    "average_loudness": 0.925412595272,
    "barkbands_crest": {
        "max": 24.5493450165,
        "mean": 8.97970867157,
        "min": 3.18937683105,
        "stdev": 4.04201459885
    },
    "barkbands_flatness_db": {
        "max": 0.318963885307,
        "mean": 0.168129608035,
        "min": 0.0500244647264,
        "stdev": 0.0394737459719
    },
    "barkbands_kurtosis": {
        "max": 32.5963783264,
        "mean": 2.46131396294,
        "min": -1.77941191196,
        "stdev": 3.50407600403
    },
    "barkbands_skewness": {
        "max": 4.47839546204,
        "mean": 0.892500400543,
        "min": -2.50746250153,
        "stdev": 1.05416727066
    },
    "barkbands_spread": {
        "max": 48.3586196899,
        "mean": 16.4547748566,
        "min": 1.42585909367,
        "stdev": 8.15196990967
    },
    "dissonance": {
        "max": 0.5,
        "mean": 0.456953436136,
        "min": 0.102481536567,
        "stdev": 0.0329121463001
    },
    "dynamic_complexity": 4.82483720779,
    "erbbands_crest": {
        "max": 32.6604232788,
        "mean": 10.9011917114,
        "min": 2.56321001053,
        "stdev": 6.30233097076
    },
    "erbbands_flatness_db": {
        "max": 0.404708057642,
        "mean": 0.219124376774,
        "min": 0.0831748023629,
        "stdev": 0.0529318787158
    },
    "erbbands_kurtosis": {
        "max": 25.3295097351,
        "mean": 1.16618394852,
        "min": -1.75574922562,
        "stdev": 2.87940454483
    },
    "erbbands_skewness": {
        "max": 3.95695400238,
        "mean": 0.484847992659,
        "min": -2.20309686661,
        "stdev": 0.876621603966
    },
    "erbbands_spread": {
        "max": 80.3011169434,
        "mean": 26.9531784058,
        "min": 2.64728832245,
        "stdev": 12.9139966965
    },
    "hfc": {
        "max": 91.2058792114,
        "mean": 19.01212883,
        "min": 1.09867386274e-16,
        "stdev": 16.1445217133
    },
    "loudness_ebu128": {
        "integrated": -7.59125900269,
        "loudness_range": 3.22587490082,
        "momentary": {
            "max": -3.58572340012,
            "mean": -13.648475647,
            "min": -300.691009521,
            "stdev": 37.3148078918
        },
        "short_term": {
            "max": -5.45197677612,
            "mean": -7.72440624237,
            "min": -10.859960556,
            "stdev": 1.1343780756
        }
    },
    "melbands_crest": {
        "max": 33.7293052673,
        "mean": 11.4388847351,
        "min": 1.63012361526,
        "stdev": 5.38623762131
    },
    "melbands_flatness_db": {
        "max": 0.350307881832,
        "mean": 0.193385750055,
        "min": 0.0034374310635,
        "stdev": 0.0571180470288
    },
    "melbands_kurtosis": {
        "max": 52.0885162354,
        "mean": 5.03047704697,
        "min": -1.63213968277,
        "stdev": 5.8864440918
    },
    "melbands_skewness": {
        "max": 5.9860906601,
        "mean": 1.42440545559,
        "min": -1.7889881134,
        "stdev": 1.09919822216
    },
    "melbands_spread": {
        "max": 163.038497925,
        "mean": 27.1113624573,
        "min": 2.11923480034,
        "stdev": 25.8873710632
    },
    "pitch_salience": {
        "max": 0.989084124565,
        "mean": 0.588713645935,
        "min": 0.14988604188,
        "stdev": 0.120962463319
    },
    "silence_rate_20dB": {
        "max": 1,
        "mean": 1,
        "min": 1,
        "stdev": 0
    },
    "silence_rate_30dB": {
        "max": 1,
        "mean": 1,
        "min": 1,
        "stdev": 0
    },
    "silence_rate_60dB": {
        "max": 1,
        "mean": 0.0749464631081,
        "min": 0,
        "stdev": 0.263302564621
    },
    "spectral_centroid": {
        "max": 11920.3759766,
        "mean": 1634.0958252,
        "min": 332.564025879,
        "stdev": 1954.8013916
    },
    "spectral_complexity": {
        "max": 39,
        "mean": 16.8436832428,
        "min": 0,
        "stdev": 6.92645597458
    },
    "spectral_decrease": {
        "max": 2.14262364559e-20,
        "mean": -5.22176479834e-09,
        "min": -2.34480204142e-08,
        "stdev": 3.72582009689e-09
    },
    "spectral_energy": {
        "max": 0.0967707931995,
        "mean": 0.0214326214045,
        "min": 1.00038512424e-20,
        "stdev": 0.0152835836634
    },
    "spectral_energyband_high": {
        "max": 0.003816655837,
        "mean": 0.0003522845509,
        "min": 7.21722435374e-21,
        "stdev": 0.000428266008385
    },
    "spectral_energyband_low": {
        "max": 0.0185398831964,
        "mean": 0.00210530823097,
        "min": 2.20021699946e-23,
        "stdev": 0.00237777130678
    },
    "spectral_energyband_middle_high": {
        "max": 0.0941000953317,
        "mean": 0.00884455163032,
        "min": 1.17335519404e-21,
        "stdev": 0.0120353950188
    },
    "spectral_energyband_middle_low": {
        "max": 0.0826056823134,
        "mean": 0.0111233182251,
        "min": 1.37142723688e-22,
        "stdev": 0.010017153807
    },
    "spectral_entropy": {
        "max": 9.82434368134,
        "mean": 7.39932775497,
        "min": 6.1579875946,
        "stdev": 0.580853819847
    },
    "spectral_flux": {
        "max": 0.225011736155,
        "mean": 0.0744585320354,
        "min": 6.44220163326e-11,
        "stdev": 0.0381198450923
    },
    "spectral_kurtosis": {
        "max": 22.5558719635,
        "mean": 4.977871418,
        "min": -1.26746451855,
        "stdev": 3.77740502357
    },
    "spectral_rms": {
        "max": 0.00971650797874,
        "mean": 0.00421951757744,
        "min": 3.12407673515e-12,
        "stdev": 0.00176225113682
    },
    "spectral_rolloff": {
        "max": 20628.8085938,
        "mean": 2059.21313477,
        "min": 236.865234375,
        "stdev": 3551.63476562
    },
    "spectral_skewness": {
        "max": 3.71307826042,
        "mean": 1.41687524319,
        "min": -0.0854021012783,
        "stdev": 0.585027515888
    },
    "spectral_spread": {
        "max": 48081296,
        "mean": 4696559,
        "min": 1665984.5,
        "stdev": 7367857
    },
    "spectral_strongpeak": {
        "max": 10.7823762894,
        "mean": 1.82797706127,
        "min": 0,
        "stdev": 2.15575098991
    },
    "zerocrossingrate": {
        "max": 0.52783203125,
        "mean": 0.0698130652308,
        "min": 0.013671875,
        "stdev": 0.0916645079851
    },
    "barkbands": {
        "max": [0.000245754956268, 0.00932381674647, 0.0114906579256, 0.0215537771583, 0.0292541328818, 0.0320816673338, 0.04764790833, 0.0531251877546, 0.0500286892056, 0.0767637640238, 0.0678763315082, 0.00863731652498, 0.010569547303, 0.0277783814818, 0.0139162233099, 0.0163095481694, 0.0131833972409, 0.0081240516156, 0.00639409804717, 0.00296585843898, 0.00187061342876, 0.000785295269452, 0.00121174030937, 0.000336433731718, 0.00016248744214, 1.61930415743e-06, 1.61031402968e-06],
        "mean": [1.87436162378e-05, 0.000790025398601, 0.000795983767603, 0.00138611986768, 0.00238460791297, 0.00195376924239, 0.00167147314642, 0.00139171991032, 0.00146762561053, 0.00278677651659, 0.00242734397762, 0.000536107167136, 0.000372004025849, 0.000758436042815, 0.000297551159747, 0.000659040582832, 0.000551605713554, 0.000419880700065, 0.000339237303706, 0.000193083906197, 0.000139896874316, 4.44262150268e-05, 2.84071047645e-05, 1.40221864058e-05, 4.66996925752e-06, 6.15418542793e-08, 3.47637985065e-09],
        "min": [8.8525635518e-25, 4.40661054315e-24, 1.53320638956e-24, 7.28546868383e-25, 1.05871460145e-23, 1.42768157067e-23, 8.32553938609e-24, 9.66711174025e-24, 2.21728968494e-23, 7.19058074706e-24, 1.69916205586e-23, 2.96050662487e-23, 3.64498135304e-23, 3.96433118013e-23, 6.48675210545e-23, 7.95220828057e-23, 5.74828174158e-23, 1.07901858742e-22, 1.34299441794e-22, 1.80627917471e-22, 2.66956538291e-22, 3.33875520529e-22, 4.12731116844e-22, 5.19987119386e-22, 8.95101309301e-22, 1.49051403254e-21, 1.99146458775e-21],
        "stdev": [2.84735742753e-05, 0.00106006069109, 0.00121796282474, 0.00223197438754, 0.00285506341606, 0.00253869546577, 0.00297032110393, 0.0032041433733, 0.00401499960572, 0.00762865692377, 0.00716990558431, 0.000979748787358, 0.000864652858581, 0.00192417379003, 0.000700606324244, 0.00159923220053, 0.00140789872967, 0.000865163630806, 0.000569931755308, 0.000284536246909, 0.00020759551262, 7.34827990527e-05, 6.39592544758e-05, 2.39653436438e-05, 9.60665147431e-06, 1.10713521906e-07, 6.08148198467e-08]
    },
    "erbbands": {
        "max": [0.181558296084, 2.54395341873, 11.5722970963, 29.2152557373, 135.189865112, 69.9886703491, 180.972991943, 260.078704834, 396.457092285, 569.800415039, 1705.85144043, 586.908203125, 1951.0526123, 3808.04003906, 2564.26977539, 411.465789795, 362.231384277, 1560.03503418, 450.990570068, 865.451782227, 713.763549805, 760.982727051, 366.354492188, 524.70135498, 189.896377563, 204.549102783, 75.8104248047, 95.6856307983, 27.3863201141, 40.6695823669, 29.0230331421, 8.95793056488, 4.95259904861, 2.40810036659, 0.245609909296, 0.0130634857342, 0.00291207293049, 0.00101547339, 0.000249796081334, 0.0001148104202],
        "mean": [0.0169500932097, 0.202046796679, 0.796620905399, 2.81134200096, 7.53746891022, 7.24952030182, 11.1246156693, 15.1595067978, 21.6735172272, 30.3950920105, 29.7003593445, 26.2617015839, 70.8789291382, 106.975410461, 83.6218414307, 24.9357795715, 19.6472740173, 42.4653663635, 17.8004989624, 28.3528366089, 27.7385005951, 32.2810516357, 21.0735530853, 24.1714267731, 12.9194898605, 10.5920639038, 7.23369884491, 4.04338121414, 1.76506793499, 1.10860681534, 0.682004034519, 0.382593244314, 0.206702724099, 0.083595149219, 0.0148860653862, 0.0011251171818, 7.42104966776e-05, 1.17587196655e-05, 1.29780564748e-05, 2.58628097072e-05],
        "min": [1.33054291119e-22, 5.49491880392e-22, 2.93927200392e-21, 8.60935963114e-21, 9.59611097712e-21, 2.91317211299e-20, 4.72071458596e-20, 1.28825819457e-19, 1.24410109628e-19, 2.3427484272e-19, 2.63281714507e-19, 5.3570604953e-19, 5.37944968954e-19, 3.9387600734e-19, 1.02881240091e-18, 1.36558957813e-18, 1.73496211758e-18, 2.27628193174e-18, 3.2029248091e-18, 3.38428539917e-18, 4.21020373411e-18, 3.98997309987e-18, 4.62761396045e-18, 6.5802370757e-18, 8.75955317372e-18, 7.80229344676e-18, 8.58649210033e-18, 1.10434443399e-17, 1.1709489342e-17, 1.19622972439e-17, 1.0567707127e-17, 9.36652755387e-18, 9.78655332531e-18, 7.05774073278e-18, 6.84247773171e-18, 4.52254258391e-18, 2.57733969235e-18, 8.57445445106e-19, 2.48806984366e-19, 2.77607435816e-20],
        "stdev": [0.0213402882218, 0.281489491463, 1.09729170799, 3.65710711479, 12.7984247208, 8.20318222046, 16.8775348663, 19.8490142822, 35.0096893311, 54.1473655701, 86.300743103, 52.0771484375, 176.561691284, 332.200286865, 246.896713257, 38.846157074, 37.1286430359, 111.040031433, 35.4956626892, 66.5901641846, 62.1394386292, 80.9723052979, 41.7670631409, 45.8135528564, 18.8183479309, 16.8907737732, 10.1957731247, 6.46803617477, 2.63538265228, 2.49460196495, 1.48671615124, 0.682544767857, 0.369070023298, 0.162215337157, 0.0267079602927, 0.00157311500516, 0.000159012139193, 4.04571073886e-05, 1.22457850011e-05, 1.8286100385e-05]
    },
    "gfcc": {
        "mean": [-86.9994735718, 134.309417725, -157.870544434, 34.8837280273, -69.5912399292, 0.707348406315, -29.0354690552, -2.70660805702, -17.7496528625, -13.637506485, -2.9535651207, -15.8596506119, 5.50783109665],
        "cov": [[62623.4726562, 6574.42431641, -8258.10351562, 2044.83251953, -3525.25024414, 120.221878052, -1478.64709473, -191.166473389, -950.095458984, -817.877685547, -111.272163391, -843.596984863, 256.998168945], [6574.42431641, 1279.16772461, -713.361755371, 143.846160889, -267.579772949, 12.2184705734, -78.0762634277, -17.1548919678, -52.0623207092, -47.7237625122, 12.4682741165, -113.820426941, 42.2513694763], [-8258.10351562, -713.361755371, 1664.64819336, -184.350296021, 311.352325439, 269.710266113, 105.634010315, 32.7797088623, 158.590423584, 116.560577393, 45.018283844, 61.4013290405, -88.6093521118], [2044.83251953, 143.846160889, -184.350296021, 346.215240479, -72.8189468384, -16.9889354706, -85.7582626343, -2.59888386726, -5.85449361801, -35.4749832153, -9.98595809937, -17.7091598511, -3.23344445229], [-3525.25024414, -267.579772949, 311.352325439, -72.8189468384, 544.848083496, -102.799263, 219.468078613, 60.7568130493, 33.8852729797, 52.2188262939, -6.06176900864, 95.7823791504, 34.8616600037], [120.221878052, 12.2184705734, 269.710266113, -16.9889354706, -102.799263, 357.410369873, -31.2734127045, -12.0007143021, 12.9673929214, -3.6028072834, 30.031129837, -57.229133606, -38.4101409912], [-1478.64709473, -78.0762634277, 105.634010315, -85.7582626343, 219.468078613, -31.2734127045, 230.866760254, 39.8405456543, 9.40671634674, 25.3870677948, 1.43023991585, 42.5178146362, 19.3990783691], [-191.166473389, -17.1548919678, 32.7797088623, -2.59888386726, 60.7568130493, -12.0007143021, 39.8405456543, 131.190368652, 27.0123519897, 1.19312226772, -4.22851371765, 23.2301521301, 28.3258171082], [-950.095458984, -52.0623207092, 158.590423584, -5.85449361801, 33.8852729797, 12.9673929214, 9.40671634674, 27.0123519897, 105.67351532, 31.8688869476, 9.24500751495, 5.01766729355, -15.4088773727], [-817.877685547, -47.7237625122, 116.560577393, -35.4749832153, 52.2188262939, -3.6028072834, 25.3870677948, 1.19312226772, 31.8688869476, 118.78527832, 36.7386054993, 4.59912967682, -13.8492288589], [-111.272163391, 12.4682741165, 45.018283844, -9.98595809937, -6.06176900864, 30.031129837, 1.43023991585, -4.22851371765, 9.24500751495, 36.7386054993, 71.2757415771, 5.47698926926, -5.71901798248], [-843.596984863, -113.820426941, 61.4013290405, -17.7091598511, 95.7823791504, -57.229133606, 42.5178146362, 23.2301521301, 5.01766729355, 4.59912967682, 5.47698926926, 98.0043640137, 28.2555866241], [256.998168945, 42.2513694763, -88.6093521118, -3.23344445229, 34.8616600037, -38.4101409912, 19.3990783691, 28.3258171082, -15.4088773727, -13.8492288589, -5.71901798248, 28.2555866241, 87.869468689]],
        "icov": [[0.00040801326395, -0.000985047430731, 0.00138500775211, -0.00102745112963, 0.000968814420048, -0.000991328270175, 0.000339665741194, -0.000765670556575, 0.00108817941509, -7.61661867728e-05, 0.000184365271707, -0.00032233633101, 0.000287766044494], [-0.000985047430731, 0.0035943526309, -0.00288488576189, 0.00222314032726, -0.002106949687, 0.00219349539839, -0.00109293067362, 0.00182524637785, -0.00285885808989, 0.000208228128031, -0.000995724927634, 0.00187099748291, -0.00136195903178], [0.00138500775211, -0.00288488576189, 0.00601252913475, -0.00318972812966, 0.0026440792717, -0.00448467815295, 0.00139757653233, -0.00255913822912, 0.00252865883522, -0.000661376223434, 0.000627199595328, -0.00159286602866, 0.00168136728462], [-0.00102745112963, 0.00222314032726, -0.00318972812966, 0.00607098080218, -0.00287284469232, 0.00249549048021, 0.00059985043481, 0.00162988516968, -0.00315563916229, 0.000903534586541, -0.000454171822639, 0.000633253890555, -0.0001284780883], [0.000968814420048, -0.002106949687, 0.0026440792717, -0.00287284469232, 0.00636364612728, -0.00135269307066, -0.00230161380023, -0.00207653664984, 0.00265992758796, -0.000965704675764, 0.00112514593638, -0.00189778220374, -0.000200601527467], [-0.000991328270175, 0.00219349539839, -0.00448467815295, 0.00249549048021, -0.00135269307066, 0.00683205807582, -0.00125861098059, 0.00156811100896, -0.00209457008168, 0.00135135173332, -0.0023359307088, 0.00310710864142, -0.000595894642174], [0.000339665741194, -0.00109293067362, 0.00139757653233, 0.00059985043481, -0.00230161380023, -0.00125861098059, 0.00814283825457, -0.00171789689921, 0.00127053773031, -0.000313386553898, 0.000106674262497, -0.000943309976719, 0.000566242728382], [-0.000765670556575, 0.00182524637785, -0.00255913822912, 0.00162988516968, -0.00207653664984, 0.00156811100896, -0.00171789689921, 0.0108368275687, -0.00486389966682, 0.000503814779222, 0.000284753477899, -0.000250544107985, -0.00343819288537], [0.00108817941509, -0.00285885808989, 0.00252865883522, -0.00315563916229, 0.00265992758796, -0.00209457008168, 0.00127053773031, -0.00486389966682, 0.0155299305916, -0.00253260578029, 0.000508761033416, -0.000767834135331, 0.00254654535092], [-7.61661867728e-05, 0.000208228128031, -0.000661376223434, 0.000903534586541, -0.000965704675764, 0.00135135173332, -0.000313386553898, 0.000503814779222, -0.00253260578029, 0.0120554203168, -0.00615698378533, 0.00155467167497, 0.000924869382288], [0.000184365271707, -0.000995724927634, 0.000627199595328, -0.000454171822639, 0.00112514593638, -0.0023359307088, 0.000106674262497, 0.000284753477899, 0.000508761033416, -0.00615698378533, 0.0185393579304, -0.00351894879714, 0.000429502135376], [-0.00032233633101, 0.00187099748291, -0.00159286602866, 0.000633253890555, -0.00189778220374, 0.00310710864142, -0.000943309976719, -0.000250544107985, -0.000767834135331, 0.00155467167497, -0.00351894879714, 0.0163137596101, -0.00450426433235], [0.000287766044494, -0.00136195903178, 0.00168136728462, -0.0001284780883, -0.000200601527467, -0.000595894642174, 0.000566242728382, -0.00343819288537, 0.00254654535092, 0.000924869382288, 0.000429502135376, -0.00450426433235, 0.0157556850463]]
    },
    "melbands": {
        "max": [0.00200211699121, 0.00457166880369, 0.00911256670952, 0.00759279821068, 0.00495114456862, 0.00560829183087, 0.00802724249661, 0.00570386275649, 0.0153349656612, 0.00571534410119, 0.00990646611899, 0.0156941581517, 0.0110962884501, 0.00183203478809, 0.00119371176697, 0.00161278317682, 0.00279287435114, 0.000636238488369, 0.00152856088243, 0.00149742886424, 0.00115747342352, 0.000901192310266, 0.000849386036862, 0.000334079988534, 0.000488325254992, 0.000182099378435, 7.06050268491e-05, 0.000168477912666, 6.11826399108e-05, 6.28290581517e-05, 5.71609380131e-05, 1.44557961903e-05, 2.10509824683e-05, 2.46355521085e-05, 2.08952878893e-05, 7.55512110118e-06, 4.28047314927e-06, 3.29005024469e-06, 3.36955690727e-06, 1.37606127737e-06],
        "mean": [0.00018782299594, 0.000381366669899, 0.000654569710605, 0.000532336009201, 0.000364275096217, 0.0003613618901, 0.000339951977367, 0.000315705372486, 0.000233129103435, 0.000183620271855, 0.000347747380147, 0.000415650662035, 0.000335092365276, 7.36104848329e-05, 4.63601245428e-05, 5.13623454026e-05, 7.95963933342e-05, 2.62719458988e-05, 2.63478650595e-05, 4.86404678668e-05, 2.83652370854e-05, 3.20929866575e-05, 2.84037832898e-05, 1.70791736309e-05, 2.05627402465e-05, 1.00967017715e-05, 6.34987691228e-06, 7.28470149625e-06, 4.49078834208e-06, 3.41138866133e-06, 1.96311179934e-06, 1.08287588318e-06, 6.12431961144e-07, 6.08171319527e-07, 3.96863725882e-07, 3.12307150807e-07, 2.04825340688e-07, 1.60797711146e-07, 9.90363275832e-08, 6.04051635378e-08],
        "min": [1.92100252196e-24, 1.79796191442e-24, 1.38077647317e-24, 2.12453041044e-24, 2.46743818797e-24, 3.38095252685e-24, 1.92611572113e-24, 2.30910946555e-24, 1.66791109444e-24, 2.75076468182e-24, 2.51826291837e-24, 9.61441977608e-25, 3.6167363461e-24, 2.60842498667e-24, 3.64536253063e-24, 3.6021183591e-24, 3.51362867591e-24, 4.64472939069e-24, 3.39014354525e-24, 4.76504014506e-24, 3.63959082981e-24, 2.78358740915e-24, 3.15485631394e-24, 4.65163941778e-24, 4.85127999694e-24, 4.43924847982e-24, 4.61418785188e-24, 4.52563624312e-24, 3.89697444951e-24, 5.93136547141e-24, 5.63975554361e-24, 5.88087009043e-24, 5.5495623153e-24, 5.42006330353e-24, 4.17016210859e-24, 6.27345973612e-24, 5.29816930532e-24, 6.31523662637e-24, 6.1069710365e-24, 5.23590056977e-24],
        "stdev": [0.000241236324655, 0.000481448078062, 0.000934047449846, 0.000698841176927, 0.000483093521325, 0.00047700208961, 0.000562522152904, 0.00054750428535, 0.000732820306439, 0.000447237718618, 0.000889783084858, 0.00137577450369, 0.00103901384864, 0.000127225881442, 9.50047615333e-05, 0.000128154410049, 0.000205396368983, 5.9596131905e-05, 6.28061097814e-05, 0.000137340015499, 8.18014377728e-05, 9.1183326731e-05, 7.65922377468e-05, 3.66746498912e-05, 4.21210934292e-05, 1.67559755937e-05, 8.84742803464e-06, 1.31556571432e-05, 6.49455478197e-06, 5.48926800548e-06, 3.34260357704e-06, 1.64248831425e-06, 1.36449955335e-06, 1.4569071709e-06, 9.60736656452e-07, 6.15902763457e-07, 3.62448844271e-07, 3.13332293445e-07, 2.1310182774e-07, 1.20570945228e-07]
    },
    "melbands128": {
        "max": [0.000197832123376, 0.00114020949695, 0.00293063023128, 0.00496783154085, 0.00591138284653, 0.00558142131194, 0.00548138469458, 0.0155969643965, 0.0158862620592, 0.00660310452804, 0.00412637228146, 0.00516734551638, 0.00823292694986, 0.0051686912775, 0.00648353155702, 0.00758717488497, 0.0122087774798, 0.0094742635265, 0.0194657910615, 0.0111391888931, 0.00680073536932, 0.0119985286146, 0.029122941196, 0.00917781610042, 0.00423105899245, 0.00796928070486, 0.0190294981003, 0.0198700986803, 0.00887813046575, 0.0252174194902, 0.0267846379429, 0.0139423627406, 0.0232688076794, 0.0136262308806, 0.00262369960546, 0.0020016101189, 0.00215800153092, 0.00215552560985, 0.00175860349555, 0.000941460835747, 0.00134388345759, 0.00554444035515, 0.00532547011971, 0.00257218722254, 0.00155624607578, 0.00127072015312, 0.00178498367313, 0.00265618483536, 0.00155932700727, 0.00274527980946, 0.00255730561912, 0.00181506504305, 0.000884971930645, 0.00298029533587, 0.00180583458859, 0.00170092657208, 0.00141698098741, 0.00182894186582, 0.0010855634464, 0.000445249461336, 0.000474394037155, 0.00111791584641, 0.00133132282645, 0.000693256442901, 0.000300600106129, 0.000298866914818, 0.000355624855729, 8.97860736586e-05, 0.000170849103597, 0.000127414561575, 0.000408503576182, 0.000196302862605, 0.0001010872802, 0.000111620116513, 0.0001250160567, 0.00014059926616, 0.00014493407798, 0.000150970081449, 4.59082075395e-05, 5.11618854944e-05, 3.37165838573e-05, 1.74668130057e-05, 1.99152109417e-05, 2.81361644738e-05, 2.45437149715e-05, 2.58064319496e-05, 3.20036160701e-05, 2.17565739149e-05, 2.9878487112e-05, 8.80258994584e-06, 9.60893976298e-06, 1.75068362296e-05, 5.37996083949e-06, 5.31499745193e-06, 3.93458731196e-06, 7.73402098275e-06, 3.11980170409e-06, 4.58875456388e-06, 2.97603742183e-06, 9.10333073989e-06, 1.94335370907e-06, 2.33075707001e-06, 7.43898851852e-07, 4.12192321164e-07, 3.207894963e-07, 1.29057184495e-07, 4.95606293782e-08, 2.46477114274e-08, 2.18146265496e-08, 1.19989174152e-08, 1.00459738306e-08, 1.01042223477e-08, 9.15786912969e-09, 8.62393179091e-09, 8.4993212468e-09, 8.08739031299e-09, 7.81045184084e-09, 7.55814877351e-09, 7.33334504233e-09, 7.13448145007e-09, 6.95553348251e-09, 6.79662370828e-09, 6.65945165679e-09, 6.54053833316e-09, 6.44487041512e-09, 6.36538199927e-09, 6.30972074589e-09, 6.27620444504e-09],
        "mean": [1.58420461958e-05, 0.000105398539745, 0.000256153056398, 0.000352706789272, 0.000363931496395, 0.000413912639488, 0.000485867145471, 0.000802666705567, 0.000835182901938, 0.00049499591114, 0.00037298319512, 0.000322823849274, 0.00041757003055, 0.000353349343641, 0.000257975392742, 0.000465458637336, 0.000400982302381, 0.000267920346232, 0.000316059653414, 0.000418771815021, 0.000249829114182, 0.00019603112014, 0.000320155842928, 0.000139922267408, 0.000108180749521, 0.000150605221279, 0.000456685695099, 0.000407784216804, 0.000186842516996, 0.000447134167189, 0.000529222132172, 0.000278181454632, 0.000503071118146, 0.00019532944134, 5.70869051444e-05, 5.29848402948e-05, 7.53577332944e-05, 3.84450686397e-05, 3.89697233913e-05, 3.58610705007e-05, 3.11088588205e-05, 0.000106728984974, 0.000108360341983, 5.60665830562e-05, 2.42211390287e-05, 1.93637752091e-05, 2.97333226627e-05, 2.3189746571e-05, 1.57955237228e-05, 5.51869561605e-05, 6.18161138846e-05, 3.48946814483e-05, 2.66162824119e-05, 2.87581915472e-05, 2.30160458159e-05, 3.29347931256e-05, 3.99830678361e-05, 3.61838028766e-05, 2.45962473855e-05, 9.28561348701e-06, 1.14821214083e-05, 2.97539809253e-05, 2.47785301326e-05, 2.06435342989e-05, 6.93474839863e-06, 9.81798075372e-06, 1.29932968775e-05, 6.09715971223e-06, 4.42325790573e-06, 5.97905500399e-06, 1.0635126273e-05, 5.58019246455e-06, 3.76149023396e-06, 4.88688556288e-06, 4.85744385514e-06, 3.25737210005e-06, 2.96945290756e-06, 2.55441614172e-06, 1.7584681018e-06, 1.52432505729e-06, 1.23538200114e-06, 9.01479211279e-07, 6.72532621593e-07, 5.37026892289e-07, 5.73265538151e-07, 7.68781831084e-07, 5.37340895335e-07, 4.56225819789e-07, 3.92385118175e-07, 3.83276557159e-07, 2.91158812615e-07, 3.65823296988e-07, 2.0296886305e-07, 2.07801718943e-07, 1.62508442259e-07, 2.36296060052e-07, 1.34529415163e-07, 1.16510527448e-07, 9.15055977657e-08, 1.1022635249e-07, 6.37771933043e-08, 6.32631937947e-08, 3.32053957663e-08, 2.14659490183e-08, 1.32446187351e-08, 7.75457831281e-09, 3.65584340578e-09, 1.95010230186e-09, 6.00058502886e-10, 2.98899904827e-10, 1.32137481512e-10, 1.0108908155e-10, 8.29140298086e-11, 7.18165665825e-11, 6.40614852832e-11, 5.26531630796e-11, 3.02851632661e-11, 1.48628834934e-11, 1.41589743402e-11, 1.37551489296e-11, 1.33917599232e-11, 1.30950328706e-11, 1.2844347981e-11, 1.26007346918e-11, 1.24064005597e-11, 1.22572906686e-11, 1.21658213018e-11, 1.21069048883e-11],
        "min": [8.80137929804e-25, 7.71200971959e-25, 4.70137778811e-25, 5.46498577664e-25, 1.10594068645e-24, 7.72795259848e-25, 4.94427940071e-25, 5.0752643306e-25, 2.05102713696e-25, 4.86226153239e-25, 1.48634114926e-24, 7.32729211687e-25, 1.22614977638e-24, 5.12664777174e-25, 5.75557649615e-25, 5.72874536461e-25, 3.29987961529e-25, 9.66930082926e-25, 1.05607392901e-24, 1.12212170273e-24, 4.22407503222e-25, 9.13525087111e-25, 6.01401571034e-25, 1.50573943613e-24, 1.57648763756e-24, 1.1780310361e-24, 1.3190359786e-24, 5.77409352678e-25, 1.41932524599e-24, 9.25024312527e-25, 1.7465230065e-25, 1.4824819431e-24, 1.98663851029e-24, 2.33580609631e-24, 1.02512405608e-24, 3.54105732028e-25, 2.45332309979e-24, 1.77103552793e-24, 1.3374398077e-24, 1.86284631552e-24, 1.14970718251e-24, 3.0240844751e-24, 3.17660205365e-24, 7.6903900004e-25, 1.00577172035e-24, 1.9037816884e-24, 1.60183600642e-24, 1.30318776302e-24, 1.82389551946e-24, 1.99743032468e-24, 2.75501506438e-24, 3.4436914235e-24, 2.31908244233e-24, 2.12330136515e-24, 2.01175741923e-24, 5.37626111152e-25, 2.37742186172e-24, 2.57198000728e-24, 2.82075833779e-24, 1.56334797589e-24, 2.66127551187e-24, 2.54605409363e-24, 2.36703374689e-24, 3.47017742839e-24, 2.1505651869e-24, 2.46080248725e-24, 3.18094650787e-24, 1.98895874742e-24, 2.9854322629e-24, 3.35910265749e-24, 2.86445413219e-24, 2.71409152442e-24, 2.71264140086e-24, 2.44395695426e-24, 3.7363221373e-24, 4.22147474946e-24, 3.76854947187e-24, 2.88106083754e-24, 2.51095155828e-24, 3.74806748732e-24, 2.1375249217e-24, 4.40533258849e-24, 3.49791890542e-24, 2.28192176888e-24, 3.88303961605e-24, 3.2539096335e-24, 2.65163523718e-24, 4.50385816011e-24, 3.34826923068e-24, 2.97076339436e-24, 2.62196499525e-24, 4.20910896034e-24, 4.33435916727e-24, 4.60382971376e-24, 4.22316093964e-24, 3.46910733857e-24, 4.10799040293e-24, 5.11517250797e-24, 3.42054348353e-24, 3.92991333661e-24, 3.80470454487e-24, 3.55276958745e-24, 5.47364313065e-24, 4.24953689844e-24, 4.29299603457e-24, 6.69509405705e-24, 5.97649423164e-24, 4.84342333676e-24, 5.1067798168e-24, 4.51612494718e-24, 5.75759913551e-24, 6.77569276459e-24, 6.59514616922e-24, 4.46815155452e-24, 5.55721150507e-24, 5.1295045329e-24, 4.75295282384e-24, 5.80999764342e-24, 5.53741859053e-24, 4.32715371177e-24, 5.07586001919e-24, 4.1916798675e-24, 5.02067131026e-24, 6.1159029141e-24, 5.46792073364e-24, 6.75257598463e-24, 5.71097232841e-24, 5.48811083965e-24],
        "stdev": [2.4735196348e-05, 0.00014649789955, 0.000369529967429, 0.000538024585694, 0.000537663581781, 0.000656959542539, 0.000673360598739, 0.00146913831122, 0.00157512759324, 0.000727295177057, 0.000486347038532, 0.000435772933997, 0.000788205943536, 0.000566340691876, 0.00038724031765, 0.000839411048219, 0.000828580872621, 0.000603053078521, 0.000947813561652, 0.00086248095613, 0.00056628609309, 0.000574373581912, 0.00129142007791, 0.000464153505163, 0.000230061908951, 0.000511091086082, 0.00171854184009, 0.00134027306922, 0.000599047925789, 0.00193671241868, 0.00209984718822, 0.00107838003896, 0.00195840140805, 0.000685340317432, 0.000174937129486, 0.000109702807094, 0.000172389714862, 0.00012655921455, 0.000114965769171, 9.37841323321e-05, 0.000104249389551, 0.000411735760281, 0.000344768486684, 0.000177525551408, 9.20912134461e-05, 6.83821199345e-05, 0.000100642144389, 9.82369019766e-05, 5.44964605069e-05, 0.000183600990567, 0.000231313795666, 0.000147764425492, 8.01655187388e-05, 0.00016448207316, 9.16014760151e-05, 0.000145140584209, 0.000148132137838, 0.000134303409141, 8.7603511929e-05, 3.09374772769e-05, 3.43456340488e-05, 9.45936553762e-05, 7.40470859455e-05, 6.11195573583e-05, 1.83301108336e-05, 2.45446244662e-05, 2.88841929432e-05, 1.15832708616e-05, 1.09892980618e-05, 1.20617542052e-05, 2.64347381744e-05, 1.27915263874e-05, 7.92282298789e-06, 9.99381427391e-06, 1.12747220555e-05, 7.53501035433e-06, 7.26051757738e-06, 6.87759438733e-06, 3.42304633705e-06, 3.61947763849e-06, 2.30588125305e-06, 1.67048335697e-06, 1.38963571317e-06, 1.52287327637e-06, 1.62638843904e-06, 1.94201788872e-06, 1.48443302805e-06, 1.20402580706e-06, 1.16343846912e-06, 7.88916963756e-07, 6.43881321594e-07, 9.47962121245e-07, 4.15579279434e-07, 4.89639205625e-07, 3.0099974424e-07, 6.43173109438e-07, 2.78499101114e-07, 2.53813851714e-07, 2.01086507445e-07, 3.76359196252e-07, 1.23905891769e-07, 1.60313959441e-07, 6.8632502348e-08, 4.39376819372e-08, 2.58442458545e-08, 1.46637093579e-08, 5.75264635927e-09, 2.63148058899e-09, 1.31269417558e-09, 9.87094184168e-10, 5.95946680892e-10, 5.58700974373e-10, 4.50350451375e-10, 3.95850102697e-10, 3.70565356178e-10, 3.41191241926e-10, 3.01309144302e-10, 2.85389711863e-10, 2.76883099781e-10, 2.69336247749e-10, 2.62601912437e-10, 2.56609317129e-10, 2.51434845167e-10, 2.46936249226e-10, 2.43317699322e-10, 2.40343578373e-10, 2.38220221327e-10, 2.36967001577e-10]
    },
    "mfcc": {
        "mean": [-681.800964355, 141.556777954, -25.5237464905, 24.4724197388, -14.3656358719, -3.07105517387, -2.28783845901, -1.5088391304, -3.26842284203, -2.39338994026, -7.29768657684, -1.46637570858, -5.39273309708],
        "cov": [[17618.8535156, 3022.05639648, -807.696594238, 740.047485352, -342.484161377, -28.292722702, -27.6129779816, -2.55814790726, -159.972518921, -89.1551895142, -255.651290894, -57.2823600769, -164.106277466], [3022.05639648, 1511.32983398, -200.334381104, 165.969772339, -71.1181869507, 7.91113901138, 59.1654624939, -1.29820466042, 34.565158844, 34.8239059448, -9.09733009338, 2.80915141106, -9.63156890869], [-807.696594238, -200.334381104, 867.409729004, -302.568634033, 86.3263473511, 164.113845825, -70.8177261353, 33.8359336853, -91.6658248901, 94.1775360107, 86.8288116455, -4.51705741882, 1.48997843266], [740.047485352, 165.969772339, -302.568634033, 425.981781006, 12.680685997, -81.0552749634, 13.9803009033, -11.6349201202, 68.4678192139, -73.6031723022, -49.9823226929, 51.1466445923, 26.4284439087], [-342.484161377, -71.1181869507, 86.3263473511, 12.680685997, 176.725830078, 29.4998188019, 9.59261131287, 30.6784896851, 21.1897087097, 11.334980011, -2.71584606171, 18.9659309387, 11.5954494476], [-28.292722702, 7.91113901138, 164.113845825, -81.0552749634, 29.4998188019, 184.655776978, 25.9103012085, 9.72880268097, -37.0052871704, 37.0313682556, 40.7938842773, -24.1907749176, 2.49245262146], [-27.6129779816, 59.1654624939, -70.8177261353, 13.9803009033, 9.59261131287, 25.9103012085, 160.464859009, 27.9583435059, 34.5815429688, 18.7117404938, -4.53718280792, -5.20614957809, 9.89747047424], [-2.55814790726, -1.29820466042, 33.8359336853, -11.6349201202, 30.6784896851, 9.72880268097, 27.9583435059, 126.744598389, 37.804599762, -1.68376028538, -9.62962913513, -8.09996318817, 4.06468057632], [-159.972518921, 34.565158844, -91.6658248901, 68.4678192139, 21.1897087097, -37.0052871704, 34.5815429688, 37.804599762, 122.989265442, -1.35838985443, -16.8726081848, 11.2687063217, 14.4799776077], [-89.1551895142, 34.8239059448, 94.1775360107, -73.6031723022, 11.334980011, 37.0313682556, 18.7117404938, -1.68376028538, -1.35838985443, 96.0269546509, 39.9692153931, -1.82751774788, -9.88895797729], [-255.651290894, -9.09733009338, 86.8288116455, -49.9823226929, -2.71584606171, 40.7938842773, -4.53718280792, -9.62962913513, -16.8726081848, 39.9692153931, 112.650543213, 25.0849266052, -7.13573789597], [-57.2823600769, 2.80915141106, -4.51705741882, 51.1466445923, 18.9659309387, -24.1907749176, -5.20614957809, -8.09996318817, 11.2687063217, -1.82751774788, 25.0849266052, 76.2847976685, 21.6619091034], [-164.106277466, -9.63156890869, 1.48997843266, 26.4284439087, 11.5954494476, 2.49245262146, 9.89747047424, 4.06468057632, 14.4799776077, -9.88895797729, -7.13573789597, 21.6619091034, 83.3292541504]],
        "icov": [[0.00010803436453, -0.000194957538042, 3.12967713398e-05, -0.00014760826889, 0.000128848507302, -9.27626679186e-05, 8.64943503984e-05, -0.000142493576277, 0.000287516479148, -5.56744089408e-05, 0.000258386688074, -6.74281691317e-05, 0.000201089875191], [-0.000194957538042, 0.00110824184958, 4.66173660243e-05, -0.000107024345198, 0.000157166097779, -7.84784351708e-05, -0.000250324577792, 0.000143941913848, -0.000521604379173, -0.000547995383386, -0.000312772375764, 5.50671247765e-05, -0.000235042665736], [3.12967713398e-05, 4.66173660243e-05, 0.00216973619536, 0.000976940966211, -0.000717578048352, -0.00117852666881, 0.00116315740161, -0.000797445944045, 0.000863781839143, -0.00104824476875, -0.000137506489409, -0.000714517896995, -0.000346298125805], [-0.00014760826889, -0.000107024345198, 0.000976940966211, 0.0043706856668, -0.000900335027836, -1.75486093212e-05, 5.03977535118e-05, 0.000744280987419, -0.00161044823471, 0.0021291708108, 0.000403218058636, -0.00239963480271, -0.000432361732237], [0.000128848507302, 0.000157166097779, -0.000717578048352, -0.000900335027836, 0.00730029167607, -0.00154931819998, 8.53281471791e-06, -0.00133826711681, -0.000807516044006, -0.00101164472289, 0.00189931539353, -0.00246391119435, 0.000488466932438], [-9.27626679186e-05, -7.84784351708e-05, -0.00117852666881, -1.75486093212e-05, -0.00154931819998, 0.00870487466455, -0.00201837881468, -2.7047981348e-05, 0.00187607749831, -0.000444306555437, -0.00317441020161, 0.004115995951, -0.00168938376009], [8.64943503984e-05, -0.000250324577792, 0.00116315740161, 5.03977535118e-05, 8.53281471791e-06, -0.00201837881468, 0.00800852198154, -0.00151506671682, -0.00120154966135, -0.00215695728548, 0.000789216312114, -9.08328293008e-05, -0.000669491593726], [-0.000142493576277, 0.000143941913848, -0.000797445944045, 0.000744280987419, -0.00133826711681, -2.7047981348e-05, -0.00151506671682, 0.0100587354973, -0.00377834262326, 0.0018077546265, -8.86687630555e-05, 0.00128344923723, -7.95910091256e-05], [0.000287516479148, -0.000521604379173, 0.000863781839143, -0.00161044823471, -0.000807516044006, 0.00187607749831, -0.00120154966135, -0.00377834262326, 0.0126273231581, -0.00238290475681, 0.000896901357919, -0.000270341348369, -0.000945407373365], [-5.56744089408e-05, -0.000547995383386, -0.00104824476875, 0.0021291708108, -0.00101164472289, -0.000444306555437, -0.00215695728548, 0.0018077546265, -0.00238290475681, 0.0158137008548, -0.00418024789542, 0.000372313486878, 0.00132854003459], [0.000258386688074, -0.000312772375764, -0.000137506489409, 0.000403218058636, 0.00189931539353, -0.00317441020161, 0.000789216312114, -8.86687630555e-05, 0.000896901357919, -0.00418024789542, 0.014315363951, -0.0071643027477, 0.00252485647798], [-6.74281691317e-05, 5.50671247765e-05, -0.000714517896995, -0.00239963480271, -0.00246391119435, 0.004115995951, -9.08328293008e-05, 0.00128344923723, -0.000270341348369, 0.000372313486878, -0.0071643027477, 0.020505759865, -0.00503758853301], [0.000201089875191, -0.000235042665736, -0.000346298125805, -0.000432361732237, 0.000488466932438, -0.00168938376009, -0.000669491593726, -7.95910091256e-05, -0.000945407373365, 0.00132854003459, 0.00252485647798, -0.00503758853301, 0.0144264250994]]
    },
    "spectral_contrast_coeffs": {
        "max": [-0.410514324903, -0.458038032055, -0.454630821943, -0.579199314117, -0.602118134499, -0.525633752346],
        "mean": [-0.699903547764, -0.752364814281, -0.726126611233, -0.785284698009, -0.784917235374, -0.739423811436],
        "min": [-0.978256165981, -0.979165911674, -0.982663810253, -0.97716575861, -0.96793627739, -0.964158415794],
        "stdev": [0.0909491479397, 0.0753531381488, 0.0958087220788, 0.0670565664768, 0.0659788548946, 0.0643273368478]
    },
    "spectral_contrast_valleys": {
        "max": [-5.36417675018, -5.05513572693, -5.8628320694, -6.16358613968, -6.34095478058, -8.92681884766],
        "mean": [-7.762114048, -7.3442530632, -8.02478790283, -8.40769958496, -8.466132164, -11.7845878601],
        "min": [-27.8295574188, -27.5885696411, -27.8609848022, -27.5868434906, -27.504447937, -27.3833217621],
        "stdev": [4.04586172104, 4.09722900391, 3.98333859444, 3.8929245472, 3.88934826851, 3.25343966484]
    }
},
"rhythm": {
    "beats_count": 62,
    "beats_loudness": {
        "max": 0.0799364522099,
        "mean": 0.0289829354733,
        "min": 0,
        "stdev": 0.015535518527
    },
    "bpm": 117.713447571,
    "bpm_histogram_first_peak_bpm": 117,
    "bpm_histogram_first_peak_weight": 0.203703701496,
    "bpm_histogram_second_peak_bpm": 108,
    "bpm_histogram_second_peak_spread": 0.571428537369,
    "bpm_histogram_second_peak_weight": 0.049180328846,
    "danceability": 1.00906097889,
    "onset_rate": 3.10693335533,
    "beats_loudness_band_ratio": {
        "max": [0.661717951298, 0.543163478374, 0.661287784576, 0.760349273682, 0.484712809324, 0.21731312573],
        "mean": [0.271946549416, 0.200368002057, 0.220345959067, 0.223958820105, 0.102425836027, 0.0377764441073],
        "min": [0, 0, 0, 0, 0, 0],
        "stdev": [0.181527629495, 0.128979310393, 0.176465749741, 0.211632981896, 0.114293292165, 0.0391784049571]
    },
    "beats_position": [0.53405892849, 1.09133780003, 1.63700675964, 2.15945577621, 2.67029476166, 3.1811337471, 3.69197273254, 4.19120168686, 4.7020406723, 5.21287965775, 5.72371864319, 6.23455762863, 6.7570066452, 7.2910656929, 7.84834432602, 8.40562343597, 8.93968200684, 9.47374153137, 9.98458003998, 10.4954195023, 11.0062580109, 11.5170974731, 12.0279359818, 12.538775444, 13.0380039215, 13.5604534149, 14.0712919235, 14.5821313858, 15.0929698944, 15.6038093567, 16.1030387878, 16.602268219, 17.1131057739, 17.6239452362, 18.1347846985, 18.6456241608, 19.1564617157, 19.667301178, 20.1781406403, 20.6889801025, 21.1882076263, 21.6874370575, 22.1982765198, 22.7091159821, 23.219953537, 23.7307929993, 24.2416324615, 24.7524719238, 25.2633094788, 25.774148941, 26.2733783722, 26.7842178345, 27.2950553894, 27.8058948517, 28.3051242828, 28.8159637451, 29.3268013, 29.8376407623, 30.3484802246, 30.8593196869, 31.3701572418, 31.8809967041],
