{
"metadata": {
    "version": {
        "essentia": "2.1-beta5",
        "essentia_git_sha": "Undefined",
        "extractor": "music 2.0"
    },
    "audio_properties": {
        "analysis": {
            "equal_loudness": 0,
            "length": 48.7502937317,
            "sample_rate": 44100,
            "start_time": 93.9943771362,
            "downmix": "mix"
        },
        "bit_rate": 192000,
        "length": 210.535339355,
        "lossless": 0,
        "number_channels": 2,
        "replay_gain": -4.10822486877,
        "sample_rate": 48000,
        "codec": "mp3",
        "md5_encoded": "a145402cb21c5b25de70a3a2bbe858bb"
    },
    "tags": {
        "file_name": "Greece_Kloun_Aphroditi Fryda.mp3",
        "encoding": ["Lavf58.29.100"]
    }
},
"lowlevel": {
    "average_loudness": 0.957916140556,
    "barkbands_crest": {
        "max": 23.4235973358,
        "mean": 8.56903648376,
        "min": 2.37411212921,
        "stdev": 3.61573982239
    },
    "barkbands_flatness_db": {
        "max": 0.255605489016,
        "mean": 0.127087339759,
        "min": 0.039830300957,
        "stdev": 0.0360276810825
    },
    "barkbands_kurtosis": {
        "max": 67.4984359741,
        "mean": 1.85013222694,
        "min": -1.84950423241,
        "stdev": 4.02393865585
    },
    "barkbands_skewness": {
        "max": 7.4034819603,
        "mean": 1.05618572235,
        "min": -1.75173890591,
        "stdev": 0.950430750847
    },
    "barkbands_spread": {
        "max": 79.4294662476,
        "mean": 24.3192539215,
        "min": 3.35977578163,
        "stdev": 12.219792366
    },
    "dissonance": {
        "max": 0.499689936638,
        "mean": 0.46606451273,
        "min": 0.31715375185,
        "stdev": 0.0241648331285
    },
    "dynamic_complexity": 2.6072704792,
    "erbbands_crest": {
        "max": 27.458814621,
        "mean": 9.06886768341,
        "min": 2.71885108948,
        "stdev": 4.39663076401
    },
    "erbbands_flatness_db": {
        "max": 0.294524550438,
        "mean": 0.164487808943,
        "min": 0.0730751901865,
        "stdev": 0.0407537631691
    },
    "erbbands_kurtosis": {
        "max": 23.4284572601,
        "mean": 0.360775619745,
        "min": -1.64942955971,
        "stdev": 1.95282196999
    },
    "erbbands_skewness": {
        "max": 2.88391566277,
        "mean": 0.288163781166,
        "min": -2.65077257156,
        "stdev": 0.621482133865
    },
    "erbbands_spread": {
        "max": 103.987129211,
        "mean": 36.3989639282,
        "min": 3.17533922195,
        "stdev": 16.7573986053
    },
    "hfc": {
        "max": 123.842826843,
        "mean": 20.4783172607,
        "min": 0.490568131208,
        "stdev": 18.3733520508
    },
    "loudness_ebu128": {
        "integrated": -19.9354248047,
        "loudness_range": 3.80516242981,
        "momentary": {
            "max": -15.9320650101,
            "mean": -20.4048671722,
            "min": -26.592748642,
            "stdev": 2.05847716331
        },
        "short_term": {
            "max": -17.9624729156,
            "mean": -20.1097354889,
            "min": -22.9987163544,
            "stdev": 1.34265255928
        }
    },
    "melbands_crest": {
        "max": 31.4980106354,
        "mean": 11.8092756271,
        "min": 3.81434392929,
        "stdev": 4.50731945038
    },
    "melbands_flatness_db": {
        "max": 0.349213540554,
        "mean": 0.167952597141,
        "min": 0.0425546094775,
        "stdev": 0.0487619563937
    },
    "melbands_kurtosis": {
        "max": 184.577651978,
        "mean": 7.48521375656,
        "min": -1.74388539791,
        "stdev": 11.4417390823
    },
    "melbands_skewness": {
        "max": 10.6884050369,
        "mean": 1.97601008415,
        "min": -1.91726005077,
        "stdev": 1.34112763405
    },
    "melbands_spread": {
        "max": 98.7021255493,
        "mean": 28.6457004547,
        "min": 1.75072216988,
        "stdev": 16.5239372253
    },
    "pitch_salience": {
        "max": 0.903266966343,
        "mean": 0.563728570938,
        "min": 0.19396738708,
        "stdev": 0.0980588793755
    },
    "silence_rate_20dB": {
        "max": 1,
        "mean": 1,
        "min": 1,
        "stdev": 0
    },
    "silence_rate_30dB": {
        "max": 1,
        "mean": 1,
        "min": 1,
        "stdev": 0
    },
    "silence_rate_60dB": {
        "max": 1,
        "mean": 0.00999524071813,
        "min": 0,
        "stdev": 0.0994753092527
    },
    "spectral_centroid": {
        "max": 3432.12915039,
        "mean": 1488.30126953,
        "min": 380.303222656,
        "stdev": 581.666015625
    },
    "spectral_complexity": {
        "max": 51,
        "mean": 19.5611610413,
        "min": 1,
        "stdev": 7.86322402954
    },
    "spectral_decrease": {
        "max": -1.07684319794e-10,
        "mean": -5.21889464977e-09,
        "min": -2.18970370724e-08,
        "stdev": 3.61034890872e-09
    },
    "spectral_energy": {
        "max": 0.0867170467973,
        "mean": 0.0215547718108,
        "min": 0.000454897613963,
        "stdev": 0.0148397916928
    },
    "spectral_energyband_high": {
        "max": 0.0114586530253,
        "mean": 0.000868287694175,
        "min": 1.31788665385e-05,
        "stdev": 0.001291195862
    },
    "spectral_energyband_low": {
        "max": 0.0322325117886,
        "mean": 0.00393498828635,
        "min": 1.56965088536e-05,
        "stdev": 0.0038874882739
    },
    "spectral_energyband_middle_high": {
        "max": 0.0580760538578,
        "mean": 0.00672908779234,
        "min": 5.19381719641e-05,
        "stdev": 0.00836779922247
    },
    "spectral_energyband_middle_low": {
        "max": 0.077623590827,
        "mean": 0.0107734072953,
        "min": 0.000339695834555,
        "stdev": 0.0103867426515
    },
    "spectral_entropy": {
        "max": 8.47032260895,
        "mean": 7.65579319,
        "min": 6.60107278824,
        "stdev": 0.294288367033
    },
    "spectral_flux": {
        "max": 0.225636184216,
        "mean": 0.0816025808454,
        "min": 0.0116302035749,
        "stdev": 0.0355160273612
    },
    "spectral_kurtosis": {
        "max": 14.2308826447,
        "mean": 3.53116869926,
        "min": -0.472893714905,
        "stdev": 1.9719119072
    },
    "spectral_rms": {
        "max": 0.00919793453068,
        "mean": 0.0043337950483,
        "min": 0.00066618504934,
        "stdev": 0.00149908778258
    },
    "spectral_rolloff": {
        "max": 6826.02539062,
        "mean": 1671.31835938,
        "min": 64.599609375,
        "stdev": 1216.53735352
    },
    "spectral_skewness": {
        "max": 2.81611895561,
        "mean": 1.34543585777,
        "min": 0.0294398795813,
        "stdev": 0.336150228977
    },
    "spectral_spread": {
        "max": 8254150,
        "mean": 4266062.5,
        "min": 2072935.125,
        "stdev": 1091221
    },
    "spectral_strongpeak": {
        "max": 14.1650800705,
        "mean": 1.10927975178,
        "min": 0.0140743795782,
        "stdev": 1.48616826534
    },
    "zerocrossingrate": {
        "max": 0.17822265625,
        "mean": 0.0647052824497,
        "min": 0.01123046875,
        "stdev": 0.0293115545064
    },
    "barkbands": {
        "max": [0.000751394138206, 0.0219648871571, 0.0180197134614, 0.0278349146247, 0.0501557216048, 0.0332979410887, 0.0174096580595, 0.018193796277, 0.0466539487243, 0.0395160466433, 0.0245367642492, 0.047427278012, 0.035655990243, 0.0430483780801, 0.0131178554147, 0.00993331708014, 0.0168804768473, 0.0115495808423, 0.0148829976097, 0.00244799046777, 0.00350623880513, 0.00242178351618, 0.00258514843881, 0.0026568598114, 0.00103909720201, 0.00177848397288, 1.81159271051e-06],
        "mean": [7.1093934821e-05, 0.0025116270408, 0.000991560285911, 0.00131359067746, 0.00350094167516, 0.00179747480433, 0.00103887508158, 0.000816856627353, 0.00160152011085, 0.00127142865676, 0.000973064510617, 0.00100370578002, 0.00097942550201, 0.000727458798792, 0.000426549144322, 0.000295133708278, 0.000474019849207, 0.00046875726548, 0.000317040830851, 0.00027372254408, 0.00020891110762, 0.00016436255828, 0.00013881236373, 0.0001207389505, 4.34935136582e-05, 2.45991923293e-05, 1.09006030868e-08],
        "min": [6.02831988772e-08, 3.18041520586e-06, 1.67343762314e-06, 2.89506692752e-06, 1.29235713757e-05, 1.29545214804e-05, 1.13052683446e-05, 4.05204900744e-06, 7.74580348661e-06, 2.74735066341e-06, 3.6789447222e-06, 2.79236132883e-06, 3.54413919013e-06, 2.98860163639e-06, 2.42668534156e-06, 1.573673444e-06, 2.37735525843e-06, 4.64744789497e-06, 3.39513576364e-06, 2.9136365356e-06, 2.93859261546e-06, 1.23694360354e-06, 6.70780138989e-07, 3.86762593507e-07, 1.37179057447e-07, 8.92195262114e-10, 5.89195636724e-11],
        "stdev": [9.13317708182e-05, 0.00296242092736, 0.00138417026028, 0.00285860779695, 0.00542011111975, 0.00269142910838, 0.00154562515672, 0.00140188424848, 0.00388534134254, 0.00303302286193, 0.00191566592548, 0.00313493423164, 0.00270947185345, 0.00195918371901, 0.000911433715373, 0.000581287313253, 0.00120166572742, 0.00100548448972, 0.000651780457702, 0.000303025444737, 0.000282522465568, 0.00030451171915, 0.000261694076471, 0.000247973366641, 8.89075963642e-05, 9.85729711829e-05, 7.13107013439e-08]
    },
    "erbbands": {
        "max": [0.66658115387, 5.96660470963, 16.8014984131, 37.2587661743, 230.816482544, 189.030014038, 211.150054932, 317.526794434, 390.765838623, 507.298980713, 513.717773438, 1462.3729248, 1556.546875, 587.800537109, 1228.62878418, 1851.88391113, 1614.0715332, 2053.33105469, 923.069519043, 583.390991211, 629.087585449, 982.762634277, 581.182067871, 1258.32775879, 216.976028442, 128.122558594, 128.217575073, 213.3203125, 92.3156051636, 84.3673629761, 77.2796325684, 43.6551589966, 55.0690078735, 11.5665435791, 7.79580211639, 6.27857923508, 3.90539431572, 0.505016446114, 0.0081926882267, 0.000407620740589],
        "mean": [0.075862236321, 0.54594039917, 1.20758545399, 2.51531362534, 9.70686626434, 11.4624567032, 10.1230621338, 15.6018676758, 17.9039497375, 15.5484285355, 20.5597267151, 41.3910980225, 42.2092323303, 28.3432102203, 46.4599380493, 44.9564399719, 49.1816940308, 38.6772766113, 30.1323719025, 17.6012363434, 17.4243659973, 24.598493576, 25.4523506165, 21.3674449921, 13.9584102631, 13.7559738159, 11.6064109802, 6.2529425621, 5.85055828094, 5.35252141953, 3.73164868355, 2.39511060715, 2.10832691193, 0.52481842041, 0.305507451296, 0.147953897715, 0.0379648916423, 0.00245046615601, 6.51922673569e-05, 3.01113486785e-05],
        "min": [0.000189564161701, 0.00137028598692, 0.00392383011058, 0.0087614422664, 0.0298270508647, 0.0657803267241, 0.0988469570875, 0.11204329133, 0.133151590824, 0.123299829662, 0.176113143563, 0.260467648506, 0.158748492599, 0.200428575277, 0.23176881671, 0.134562537074, 0.140230953693, 0.16826172173, 0.170990392566, 0.133591488004, 0.0684729740024, 0.155439913273, 0.200133681297, 0.16221755743, 0.143667176366, 0.152780517936, 0.161053076386, 0.0656801536679, 0.0392472408712, 0.0352860204875, 0.0156973041594, 0.00862072780728, 0.0052950847894, 0.00172862841282, 0.000837864645291, 0.000114287235192, 4.84925749333e-06, 5.82821371609e-07, 9.24971232052e-07, 8.18731223262e-07],
        "stdev": [0.0884257629514, 0.720865428448, 1.75859868526, 4.02048540115, 20.0500450134, 18.4533081055, 16.4576320648, 24.2610874176, 27.4702301025, 28.1414737701, 36.1359710693, 106.60395813, 116.111557007, 48.4453239441, 88.6445007324, 130.387176514, 123.754875183, 100.718925476, 68.5797576904, 28.7133598328, 40.1280822754, 63.46301651, 49.8906745911, 54.2459754944, 18.4730796814, 14.9536352158, 14.0204896927, 10.329366684, 10.7629575729, 10.7627868652, 6.97279453278, 4.28394794464, 4.86009645462, 1.0654655695, 0.636098861694, 0.417197287083, 0.198801681399, 0.0218291021883, 0.000366327731172, 2.71833723673e-05]
    },
    "gfcc": {
        "mean": [2.61543250084, 103.170585632, -136.82043457, 42.6905059814, -68.3382263184, 19.2932338715, -36.9549636841, 9.35584449768, -26.2748908997, 0.805949568748, -9.32009887695, -4.32177114487, -5.22366380692],
        "cov": [[2258.97998047, -1004.2522583, 132.485244751, -98.0330581665, -146.205123901, 93.23878479, -200.655563354, 104.22203064, -201.26322937, 49.714138031, -201.258560181, 134.063934326, -168.545974731], [-1004.2522583, 1016.42895508, -206.676269531, -66.4522018433, 170.04598999, -99.1936569214, 192.491897583, -80.5559158325, 138.653793335, -63.937702179, 192.212463379, -126.410255432, 161.08366394], [132.485244751, -206.676269531, 511.178222656, 108.251182556, -71.1742401123, 40.1358451843, -91.630531311, 42.4067993164, -51.9211540222, 31.9474964142, -112.301185608, 60.8254089355, -68.1650695801], [-98.0330581665, -66.4522018433, 108.251182556, 255.826873779, 10.7080888748, -20.5499458313, -31.1955604553, -4.38036346436, 41.8813743591, -7.87234020233, -21.8254108429, -0.343144834042, 2.33257508278], [-146.205123901, 170.04598999, -71.1742401123, 10.7080888748, 190.210418701, 53.8049430847, 79.8646850586, 11.2224025726, 28.2265129089, 8.70920562744, 22.2087173462, -15.2579879761, 22.7599029541], [93.23878479, -99.1936569214, 40.1358451843, -20.5499458313, 53.8049430847, 235.389831543, 92.1631317139, -6.79831218719, -33.3350334167, 35.406337738, -5.28471899033, -0.391775071621, -24.3830184937], [-200.655563354, 192.491897583, -91.630531311, -31.1955604553, 79.8646850586, 92.1631317139, 169.916656494, 4.67449951172, 28.5451698303, 12.3448228836, 62.4663925171, -31.6906661987, 35.2250900269], [104.22203064, -80.5559158325, 42.4067993164, -4.38036346436, 11.2224025726, -6.79831218719, 4.67449951172, 122.759216309, 29.3577461243, 15.8398694992, -23.2972431183, 23.3468418121, -1.54379844666], [-201.26322937, 138.653793335, -51.9211540222, 41.8813743591, 28.2265129089, -33.3350334167, 28.5451698303, 29.3577461243, 119.482933044, 11.6234006882, 23.5104160309, -18.1613960266, 39.9924240112], [49.714138031, -63.937702179, 31.9474964142, -7.87234020233, 8.70920562744, 35.406337738, 12.3448228836, 15.8398694992, 11.6234006882, 90.0036010742, 11.751282692, 17.0654525757, -22.7331428528], [-201.258560181, 192.212463379, -112.301185608, -21.8254108429, 22.2087173462, -5.28471899033, 62.4663925171, -23.2972431183, 23.5104160309, 11.751282692, 140.995773315, 6.39329481125, 50.862159729], [134.063934326, -126.410255432, 60.8254089355, -0.343144834042, -15.2579879761, -0.391775071621, -31.6906661987, 23.3468418121, -18.1613960266, 17.0654525757, 6.39329481125, 98.5178756714, 5.7574505806], [-168.545974731, 161.08366394, -68.1650695801, 2.33257508278, 22.7599029541, -24.3830184937, 35.2250900269, -1.54379844666, 39.9924240112, -22.7331428528, 50.862159729, 5.7574505806, 94.7007827759]],
        "icov": [[0.000895978882909, 0.000795541738626, 0.000128947678604, 0.00045775520266, -0.000184729986358, -8.08708875866e-07, 0.000258065760136, -0.000348135945387, 0.000515355262905, 2.8591373848e-05, 0.000146943188156, -5.78739818593e-05, -2.0667896024e-05], [0.000795541738626, 0.0071014072746, -0.00366638833657, 0.00432151230052, -0.00515190791339, 0.00485214637592, -0.00409990316257, 0.0046121799387, -0.00465090340003, 0.00385098694824, -0.00569860031828, 0.00618202611804, -0.00374793377705], [0.000128947678604, -0.00366638833657, 0.00568004650995, -0.00384307629429, 0.00390196987428, -0.00361021561548, 0.00303604686633, -0.00388901680708, 0.0043082293123, -0.00340566108935, 0.00529641332105, -0.00501250289381, 0.00241226004437], [0.00045775520266, 0.00432151230052, -0.00384307629429, 0.00791092962027, -0.00415202789009, 0.00300109758973, -0.00153845327441, 0.00413925666362, -0.00588673306629, 0.00359183247201, -0.00372322159819, 0.0038650680799, -0.00197394588031], [-0.000184729986358, -0.00515190791339, 0.00390196987428, -0.00415202789009, 0.0110309440643, -0.00466813612729, 0.000700652482919, -0.00441419519484, 0.003608020721, -0.00351958232932, 0.00539971748367, -0.0050253639929, 0.00219661742449], [-8.08708875866e-07, 0.00485214637592, -0.00361021561548, 0.00300109758973, -0.00466813612729, 0.0112717673182, -0.00882746186107, 0.0050448467955, -0.0016830379609, 0.000834866601508, -0.00254156580195, 0.00354952993803, -0.00147712719627], [0.000258065760136, -0.00409990316257, 0.00303604686633, -0.00153845327441, 0.000700652482919, -0.00882746186107, 0.017061829567, -0.00568501185626, 0.00235031009652, -0.00256504071876, -0.000854184210766, 0.000373500341084, -0.000396136892959], [-0.000348135945387, 0.0046121799387, -0.00388901680708, 0.00413925666362, -0.00441419519484, 0.0050448467955, -0.00568501185626, 0.014949365519, -0.00806526374072, 0.00236913049594, -0.00158989941701, 0.00108839920722, -0.00188549992163], [0.000515355262905, -0.00465090340003, 0.0043082293123, -0.00588673306629, 0.003608020721, -0.0016830379609, 0.00235031009652, -0.00806526374072, 0.0191709976643, -0.0078356154263, 0.00515397777781, -0.00140402757097, -0.00289153633639], [2.8591373848e-05, 0.00385098694824, -0.00340566108935, 0.00359183247201, -0.00351958232932, 0.000834866601508, -0.00256504071876, 0.00236913049594, -0.0078356154263, 0.0182435773313, -0.00711374077946, 0.000684311904479, 0.004481643904], [0.000146943188156, -0.00569860031828, 0.00529641332105, -0.00372322159819, 0.00539971748367, -0.00254156580195, -0.000854184210766, -0.00158989941701, 0.00515397777781, -0.00711374077946, 0.0183857530355, -0.00881766714156, -0.00102438696194], [-5.78739818593e-05, 0.00618202611804, -0.00501250289381, 0.0038650680799, -0.0050253639929, 0.00354952993803, 0.000373500341084, 0.00108839920722, -0.00140402757097, 0.000684311904479, -0.00881766714156, 0.021036349237, -0.00810706522316], [-2.0667896024e-05, -0.00374793377705, 0.00241226004437, -0.00197394588031, 0.00219661742449, -0.00147712719627, -0.000396136892959, -0.00188549992163, -0.00289153633639, 0.004481643904, -0.00102438696194, -0.00810706522316, 0.0212312415242]]
    },
    "melbands": {
        "max": [0.00514444569126, 0.00767613528296, 0.0131535492837, 0.011687557213, 0.00582578359172, 0.00676835980266, 0.00512019079179, 0.00478338962421, 0.00426665926352, 0.00939036533237, 0.007682912983, 0.00246237451211, 0.00402977690101, 0.00695244967937, 0.00338356732391, 0.00422535091639, 0.00470885355026, 0.00180281267967, 0.000823743350338, 0.00052472477546, 0.000944594794419, 0.00114443316124, 0.000784028612543, 0.000737366441172, 0.00124358769972, 0.000182538438821, 6.59417855786e-05, 0.000116103736218, 0.000107863117591, 7.03689147485e-05, 0.000122182216728, 6.33179370197e-05, 5.37420382898e-05, 5.00366440974e-05, 4.53994762211e-05, 2.94942601613e-05, 3.05844987452e-05, 5.23830494785e-05, 1.71069386852e-05, 9.91423621599e-06],
        "mean": [0.000686434737872, 0.000650015950669, 0.000682465324644, 0.00078605132876, 0.000393820926547, 0.000362582941307, 0.000257655541645, 0.000167549631442, 0.000191687635379, 0.000250552548096, 0.00020258128643, 0.000107360392576, 0.00014603920863, 0.000125330654555, 0.000109694919956, 9.09179507289e-05, 7.18142982805e-05, 5.20608446095e-05, 2.56414095929e-05, 2.13690109376e-05, 2.0779471015e-05, 2.3969250833e-05, 2.8572492738e-05, 2.1467658371e-05, 1.70581279235e-05, 1.07461046355e-05, 7.70291353547e-06, 9.42649057833e-06, 8.68207189342e-06, 4.48007176601e-06, 3.23662038682e-06, 3.45512125932e-06, 2.93248331218e-06, 2.97761630463e-06, 2.26481483878e-06, 1.55335533236e-06, 1.39209089411e-06, 1.91621438717e-06, 5.9548972331e-07, 3.79613538826e-07],
        "min": [1.47996411215e-06, 2.33975174524e-06, 1.86649219813e-06, 2.72239981314e-06, 1.30146952415e-06, 2.8747797387e-06, 1.88370813703e-06, 1.20380980206e-06, 1.55864540829e-06, 8.49945649861e-07, 5.68408893287e-07, 8.07653634638e-07, 6.33102558822e-07, 2.57572622786e-07, 3.0820163488e-07, 3.17075688372e-07, 2.52547721402e-07, 3.04752120428e-07, 1.5716723567e-07, 1.54409889319e-07, 4.555182187e-08, 1.43082587556e-07, 1.67108467508e-07, 2.11871778788e-07, 1.0948114948e-07, 6.83539198576e-08, 8.36308160501e-08, 9.9717475166e-08, 9.18856102317e-08, 5.87964521515e-08, 2.79620007149e-08, 1.87969195764e-08, 1.8715068606e-08, 1.30289148359e-08, 9.54073975379e-09, 5.5846260949e-09, 4.48631798378e-09, 3.61409258076e-09, 1.96610905334e-09, 8.30081448022e-10],
        "stdev": [0.000767760619055, 0.000869686773513, 0.00128736672923, 0.00130101537798, 0.000596052792389, 0.000552954443265, 0.000378980912501, 0.000299252220429, 0.000362305756425, 0.000663295388222, 0.000576856720727, 0.000197216388187, 0.000293822871754, 0.000367321597878, 0.000289248855552, 0.000264073372819, 0.000206896162126, 0.000129863605252, 4.86946883029e-05, 3.30660586769e-05, 5.90971867496e-05, 6.93174661137e-05, 5.72687895328e-05, 5.36213738087e-05, 5.03970913996e-05, 1.51811227624e-05, 8.28231168271e-06, 1.09253296614e-05, 1.10306582428e-05, 6.72857458994e-06, 5.85548195886e-06, 6.72794385537e-06, 5.76709817324e-06, 6.17151272309e-06, 4.30754744229e-06, 2.82032374344e-06, 2.55129680227e-06, 4.79625941807e-06, 1.14935312467e-06, 8.15110070107e-07]
    },
    "melbands128": {
        "max": [0.000717213668395, 0.00578085193411, 0.008280929178, 0.0121886823326, 0.0102508151904, 0.00855724513531, 0.00673823710531, 0.0206619072706, 0.0304093118757, 0.0208014436066, 0.0143936639652, 0.0121815763414, 0.0106115229428, 0.011660750024, 0.0112570617348, 0.0086162853986, 0.0128075443208, 0.00637863110751, 0.00352551019751, 0.00996688008308, 0.00505382986739, 0.00416654255241, 0.00831715203822, 0.0126621387899, 0.0140767730772, 0.0118125053123, 0.00748343439773, 0.0151608595625, 0.00459260120988, 0.00363435642794, 0.00230112206191, 0.00353570538573, 0.00656233401969, 0.00553927663714, 0.00607292214409, 0.014241267927, 0.00771481869742, 0.00566340005025, 0.00812434218824, 0.00736800022423, 0.00845483969897, 0.00355752557516, 0.00517403986305, 0.0113734491169, 0.00365149555728, 0.00412764772773, 0.00316353724338, 0.0013990822481, 0.000885287532583, 0.0017185594188, 0.0007615305949, 0.000476045563119, 0.00118441623636, 0.00242370693013, 0.00140576018021, 0.00148937222548, 0.00162708375137, 0.00188359443564, 0.000693466456141, 0.000995016540401, 0.00154051801655, 0.00181570078712, 0.00212258263491, 0.00163375039119, 0.000143010533066, 0.00019695746596, 0.000406555540394, 0.000141539683682, 0.000115247588838, 0.000194978594664, 0.000130453947349, 0.000259302905761, 0.000159380404511, 0.000150623600348, 0.000164741941262, 0.000117884890642, 8.16530227894e-05, 0.000347671884811, 8.21495923446e-05, 7.55207220209e-05, 9.5085852081e-05, 9.72550333245e-05, 5.72735771129e-05, 8.10601413832e-05, 0.000103353246232, 6.83007674525e-05, 8.95548873814e-05, 8.03714647191e-05, 5.0512549933e-05, 9.90720145637e-05, 3.33949647029e-05, 3.81816462323e-05, 3.92738038499e-05, 2.52604531852e-05, 4.92794024467e-05, 7.03106998117e-05, 8.76455233083e-05, 1.65724813996e-05, 2.71099233942e-05, 1.04823329821e-05, 8.62618435349e-06, 1.01014547909e-05, 2.74822141364e-05, 6.52716744298e-06, 9.9356921055e-06, 1.07150235635e-05, 1.26819259094e-05, 7.32949092708e-06, 2.17470987991e-05, 9.60183569987e-06, 2.05053602258e-05, 1.34115243782e-05, 5.31250452696e-06, 2.9751123293e-05, 1.77480415005e-05, 6.48282480142e-07, 5.78006016383e-08, 5.34003674613e-10, 5.2738885481e-10, 5.20746501476e-10, 5.09808084637e-10, 5.0070741997e-10, 4.92652640904e-10, 4.87324569587e-10, 4.78277695226e-10, 4.76638672975e-10, 4.71592764839e-10, 4.69314864748e-10],
        "mean": [6.77411007928e-05, 0.000574607867748, 0.000967766565736, 0.000871464551892, 0.000679289107211, 0.000441360403784, 0.000363936531357, 0.000826020142995, 0.00108497322071, 0.000793626706582, 0.000623728265055, 0.000475901353639, 0.000296494690701, 0.000339662568877, 0.000318888487527, 0.000424067722633, 0.000399269309128, 0.000187197336345, 0.00013657422096, 0.00018691875448, 0.000180451082997, 0.00011812998855, 0.000171691644937, 0.000277989456663, 0.000342655868735, 0.000189972648514, 0.000155034198542, 0.000308132439386, 0.000117559633509, 0.000120265154692, 9.08329020604e-05, 9.79534161161e-05, 0.000166037832969, 0.000184824253665, 9.96050148387e-05, 0.000126046841615, 0.000134072848596, 7.13262415957e-05, 0.000132957007736, 0.000129450418171, 6.97171271895e-05, 5.42983871128e-05, 7.11032844265e-05, 9.18577425182e-05, 5.00545211253e-05, 5.14182574989e-05, 4.56670386484e-05, 1.84665605047e-05, 1.95708198589e-05, 2.81947304757e-05, 1.98479756364e-05, 1.78952959686e-05, 1.76203066076e-05, 2.29559773288e-05, 2.66791121248e-05, 1.94463991647e-05, 2.31203775911e-05, 4.08769810747e-05, 2.47591979132e-05, 1.76262674358e-05, 2.08755609492e-05, 2.55155209743e-05, 2.19369285333e-05, 1.42047229019e-05, 8.51290587889e-06, 1.02987369246e-05, 1.42514909385e-05, 6.81269648339e-06, 4.88673913424e-06, 1.02868925751e-05, 8.69773703016e-06, 1.03504817162e-05, 1.00826700873e-05, 9.41846883507e-06, 4.87864099341e-06, 5.20095636602e-06, 3.89185652239e-06, 3.17456601806e-06, 3.29351314576e-06, 3.14193584927e-06, 3.37840629072e-06, 4.00102135245e-06, 2.52618042396e-06, 2.6289667403e-06, 3.68917380911e-06, 2.59925877799e-06, 3.3247272313e-06, 2.51225037573e-06, 1.97777444555e-06, 2.43937279265e-06, 1.60062484156e-06, 1.26839540826e-06, 1.41920679653e-06, 1.33239598199e-06, 1.29883892441e-06, 2.16994590119e-06, 2.47908451456e-06, 8.05381489499e-07, 6.12287919921e-07, 4.89042633944e-07, 2.2806229083e-07, 3.90284185414e-07, 5.29418684891e-07, 3.2158291674e-07, 3.34698370352e-07, 3.32988577156e-07, 3.14295448334e-07, 2.47994080382e-07, 2.79053836039e-07, 2.14987323943e-07, 2.49750939929e-07, 1.58165718744e-07, 6.29628331694e-08, 1.03122751227e-07, 6.64626327307e-08, 3.58230711761e-09, 4.09503098098e-10, 4.02095978042e-12, 3.7265555225e-12, 3.49404381296e-12, 3.3903990726e-12, 3.31909326412e-12, 3.26107977427e-12, 3.19020374354e-12, 3.0518272371e-12, 2.85460067043e-12, 2.74281639068e-12, 2.714713003e-12],
        "min": [2.45599807158e-08, 1.25600081446e-07, 5.4954227835e-07, 2.12442330394e-07, 4.54575911135e-07, 1.16285968943e-06, 5.20706635143e-07, 1.01019134036e-06, 1.94500262296e-06, 1.71198325916e-06, 1.07598657451e-06, 1.79879350526e-06, 8.06244827345e-07, 7.44623832816e-07, 9.70936412159e-07, 2.99761779843e-07, 7.89698106018e-07, 8.54903646541e-07, 4.11362435671e-07, 3.33075035996e-07, 2.9164820603e-07, 1.69125172533e-07, 2.42636275516e-07, 6.04990475495e-07, 6.77726461618e-08, 1.54566478727e-07, 3.5621957295e-07, 2.44315714326e-07, 1.13488752618e-07, 1.02380624867e-07, 5.6465129461e-08, 2.01005136091e-07, 6.24915855951e-07, 2.08146744285e-07, 7.94998555875e-08, 9.72725402448e-08, 5.60156756535e-08, 1.66582296401e-07, 1.37214641427e-07, 1.27074173406e-07, 1.08695104473e-07, 1.09613189636e-07, 9.64135011827e-08, 7.8385909319e-08, 7.33142115905e-08, 3.58023015679e-08, 1.35795900746e-07, 8.69071854481e-08, 1.32823842591e-07, 1.51633059886e-07, 1.38180610065e-07, 3.30907248269e-08, 3.39536256888e-08, 7.22281967569e-08, 2.07971115884e-08, 7.64418501831e-08, 5.46755742903e-08, 1.60399252991e-07, 1.00183505936e-07, 1.01387051643e-07, 1.01764698002e-07, 1.4951508831e-07, 1.0405396722e-07, 4.79693120781e-08, 3.01867260077e-08, 5.50321672677e-08, 7.25776629906e-08, 7.08874381417e-08, 6.38186108404e-08, 3.86783298723e-08, 9.46127300949e-08, 6.2524421196e-08, 7.73187878167e-08, 3.04097653725e-08, 4.86985172188e-08, 2.54110705811e-08, 2.41891449093e-08, 1.29773720658e-08, 2.72873705853e-08, 1.37772540043e-08, 1.71330185594e-08, 6.4152838597e-09, 9.85621451122e-09, 1.75043339823e-08, 3.54561913163e-09, 6.18635942473e-09, 1.18888339173e-08, 8.0398168123e-09, 5.84819659366e-09, 3.36595840089e-09, 4.34968683294e-09, 5.92404436617e-09, 1.80500570046e-09, 3.75088360371e-09, 3.18352966211e-09, 3.60608343186e-09, 3.15597659117e-09, 2.61958632564e-09, 5.76091896409e-10, 3.02685987386e-10, 2.81258020346e-11, 9.81245779075e-11, 7.46717854216e-10, 5.62322022279e-10, 1.28571084335e-10, 7.49266759748e-10, 4.88811435773e-10, 4.84343572194e-11, 2.51167847371e-13, 2.42033118807e-13, 2.32914463541e-13, 1.96678258532e-13, 2.31907402353e-13, 1.95946557591e-13, 1.89956692953e-13, 2.07918941396e-13, 2.096178862e-13, 1.36277477475e-13, 1.88050340274e-13, 1.45914937034e-13, 1.69462181917e-13, 1.53880204477e-13, 1.96662144577e-13, 1.62003738332e-13, 1.44439879978e-13, 5.84917585287e-14, 6.53946154159e-15, 2.21405386217e-16],
        "stdev": [8.91449308256e-05, 0.00073370343307, 0.00116194086149, 0.00138974725269, 0.00114680617116, 0.000598168000579, 0.000525501614902, 0.00202089478262, 0.00248806271702, 0.00157331081573, 0.00112716527656, 0.000961403246038, 0.000660518358927, 0.000693385489285, 0.000655234791338, 0.00082060607383, 0.000810889934655, 0.000340218219208, 0.000256045022979, 0.000479969690787, 0.000380683050025, 0.000263337948127, 0.00044790856191, 0.000819580804091, 0.00102807302028, 0.000787219032645, 0.000506270036567, 0.00108716869727, 0.000314657372655, 0.000282567489194, 0.000220457965042, 0.000275452068308, 0.000461482646642, 0.000405481463531, 0.000421378237661, 0.000606173591223, 0.000502158130985, 0.000337638339261, 0.00041012375732, 0.000418055831688, 0.000364654784789, 0.000220632253331, 0.000274192949291, 0.000344742380548, 0.000191279104911, 0.00020459353982, 0.000124585887534, 5.80616688239e-05, 5.69449657633e-05, 7.3848728789e-05, 3.91169560316e-05, 3.72576796508e-05, 5.29687386006e-05, 0.00011998595437, 7.83745272201e-05, 7.90371486801e-05, 9.43290942814e-05, 0.000107958723675, 5.40237488167e-05, 5.11451689817e-05, 7.65132499509e-05, 9.30133683141e-05, 7.69154139562e-05, 6.20923456154e-05, 1.36630887937e-05, 1.64383254742e-05, 2.7068232157e-05, 9.29606358113e-06, 7.37889604352e-06, 1.50062287503e-05, 1.22189094327e-05, 1.71199662873e-05, 1.53011496877e-05, 1.4691018805e-05, 8.03183411335e-06, 9.91701654129e-06, 6.86077737555e-06, 9.58448890742e-06, 6.31238935966e-06, 6.38519668428e-06, 7.16012573321e-06, 9.34791751206e-06, 4.64144659418e-06, 5.78551862418e-06, 9.37970435189e-06, 5.70460497329e-06, 7.76176057116e-06, 5.50062304683e-06, 3.81503059543e-06, 5.76428055865e-06, 2.94760206998e-06, 2.52141808232e-06, 2.7691842206e-06, 2.48240462497e-06, 2.82992482425e-06, 5.78738854529e-06, 6.78293190504e-06, 1.50132359522e-06, 1.33131038638e-06, 1.02318767858e-06, 5.54677967557e-07, 8.81457879132e-07, 1.40277597893e-06, 5.98388169237e-07, 7.45673105484e-07, 8.17718273538e-07, 8.17382101559e-07, 5.7780420093e-07, 1.10797384423e-06, 6.2538020984e-07, 1.01617183645e-06, 7.4662506222e-07, 3.28834204311e-07, 1.19503476981e-06, 7.76889692133e-07, 2.76153162559e-08, 2.42133202377e-09, 1.36437597331e-11, 1.36606394599e-11, 1.22085397347e-11, 1.19248421901e-11, 1.16906024791e-11, 1.14882391794e-11, 1.13503026422e-11, 1.1143284212e-11, 1.10926762567e-11, 1.09784490526e-11, 1.09241704224e-11]
    },
    "mfcc": {
        "mean": [-628.115905762, 119.13873291, -7.17684841156, 23.0430297852, -3.82825303078, 6.04082107544, 2.11208868027, 3.75046396255, -5.67175340652, 3.34449839592, -4.18307209015, 3.05580472946, -3.70085716248],
        "cov": [[2143.12084961, -787.348571777, 24.941488266, -190.191360474, -9.76613712311, -76.6379852295, -33.5133209229, 2.42266082764, -60.155040741, -30.0878276825, -19.4250888824, -95.9197845459, -120.871902466], [-787.348571777, 873.856384277, -239.892654419, 4.12958288193, -27.4679832458, -1.69638192654, 82.5562210083, -2.4996945858, 11.0792770386, 40.536277771, 6.31388378143, 57.7515411377, 37.4381370544], [24.941488266, -239.892654419, 492.642150879, 60.6165504456, 35.2392730713, 0.839075624943, -55.1238021851, -6.52357435226, 18.2194538116, -40.7193603516, -5.25899887085, -48.720161438, 0.620952606201], [-190.191360474, 4.12958288193, 60.6165504456, 243.561859131, 60.2795333862, -45.1715774536, -79.0576324463, -5.29071569443, 23.3693351746, -12.0610570908, -10.2567853928, 12.1118211746, 25.5548610687], [-9.76613712311, -27.4679832458, 35.2392730713, 60.2795333862, 114.158935547, 11.1108169556, -13.931397438, 16.7489204407, 32.933555603, 0.00525387376547, -7.64453649521, 1.44977903366, 6.80999660492], [-76.6379852295, -1.69638192654, 0.839075624943, -45.1715774536, 11.1108169556, 216.866241455, 93.3509750366, 4.58707952499, 11.9380922318, 10.913184166, 15.0105762482, 26.1298847198, 30.7098331451], [-33.5133209229, 82.5562210083, -55.1238021851, -79.0576324463, -13.931397438, 93.3509750366, 174.385879517, 29.6944923401, -6.16540670395, 21.9604721069, 11.3184328079, 22.1702899933, 16.116645813], [2.42266082764, -2.4996945858, -6.52357435226, -5.29071569443, 16.7489204407, 4.58707952499, 29.6944923401, 84.6775741577, 33.2876434326, 6.15342855453, -1.87560331821, 3.29079961777, 0.571268975735], [-60.155040741, 11.0792770386, 18.2194538116, 23.3693351746, 32.933555603, 11.9380922318, -6.16540670395, 33.2876434326, 104.026863098, 41.4136199951, 8.49105739594, -3.36297249794, -0.384108245373], [-30.0878276825, 40.536277771, -40.7193603516, -12.0610570908, 0.00525387376547, 10.913184166, 21.9604721069, 6.15342855453, 41.4136199951, 88.2698364258, 35.26404953, 6.48179912567, -17.1013145447], [-19.4250888824, 6.31388378143, -5.25899887085, -10.2567853928, -7.64453649521, 15.0105762482, 11.3184328079, -1.87560331821, 8.49105739594, 35.26404953, 74.7234115601, 15.9822206497, -10.0746431351], [-95.9197845459, 57.7515411377, -48.720161438, 12.1118211746, 1.44977903366, 26.1298847198, 22.1702899933, 3.29079961777, -3.36297249794, 6.48179912567, 15.9822206497, 84.6734695435, 49.0711288452], [-120.871902466, 37.4381370544, 0.620952606201, 25.5548610687, 6.80999660492, 30.7098331451, 16.116645813, 0.571268975735, -0.384108245373, -17.1013145447, -10.0746431351, 49.0711288452, 104.521789551]],
        "icov": [[0.0008816185873, 0.00085054495139, 0.000302308850223, 0.00063056871295, -0.00030171032995, 0.000440291740233, -0.000188759004232, 7.26095822756e-05, 0.000216562024434, 2.83581393887e-05, 0.00016599848459, 0.000142806820804, 0.000432303640991], [0.00085054495139, 0.00227748206817, 0.000902118510567, 0.000254669168498, 1.52239817908e-05, 0.00081701745512, -0.00104715232737, 0.000590341107454, -0.000299807812553, -0.000120350268844, 0.000301979394862, -0.000251339166425, 0.000143719444168], [0.000302308850223, 0.000902118510567, 0.00283552892506, -0.000325376720866, -0.000334239564836, -4.90071397508e-05, -1.63141794474e-05, 0.000421158241807, -0.000811706937384, 0.00143218855374, -0.000889649498276, 0.0017624158645, -0.00055626075482], [0.00063056871295, 0.000254669168498, -0.000325376720866, 0.00648561073467, -0.00291208270937, 0.00102219684049, 0.00217578653246, 0.000293519726256, -0.000312063464662, 8.2628117525e-05, 0.000266244693194, -0.000967754749581, -0.000901085790247], [-0.00030171032995, 1.52239817908e-05, -0.000334239564836, -0.00291208270937, 0.0116053679958, -0.00127251818776, 0.000123750854982, -0.00133018114138, -0.0028991792351, 0.000591861491557, 0.00110188079998, -0.000514644896612, 0.000399554730393], [0.000440291740233, 0.00081701745512, -4.90071397508e-05, 0.00102219684049, -0.00127251818776, 0.00707036117092, -0.00397990271449, 0.00192510720808, -0.00161041750107, 0.000854490615893, -0.000899386010133, -0.000806699623354, -0.000998473144136], [-0.000188759004232, -0.00104715232737, -1.63141794474e-05, 0.00217578653246, 0.000123750854982, -0.00397990271449, 0.0106680141762, -0.00442457059398, 0.00311675271951, -0.00295824347995, 0.000367840664694, -0.000271547527518, -0.00114417565055], [7.26095822756e-05, 0.000590341107454, 0.000421158241807, 0.000293519726256, -0.00133018114138, 0.00192510720808, -0.00442457059398, 0.0160166211426, -0.00660456204787, 0.00298947934061, 0.00034555993625, -0.00130588025786, 0.00102524680551], [0.000216562024434, -0.000299807812553, -0.000811706937384, -0.000312063464662, -0.0028991792351, -0.00161041750107, 0.00311675271951, -0.00660456204787, 0.0170390717685, -0.00924753025174, 0.00110039208084, 0.00218457472511, -0.00171345949639], [2.83581393887e-05, -0.000120350268844, 0.00143218855374, 8.2628117525e-05, 0.000591861491557, 0.000854490615893, -0.00295824347995, 0.00298947934061, -0.00924753025174, 0.0205140281469, -0.0073822462, -0.00118239724543, 0.00336334388703], [0.00016599848459, 0.000301979394862, -0.000889649498276, 0.000266244693194, 0.00110188079998, -0.000899386010133, 0.000367840664694, 0.00034555993625, 0.00110039208084, -0.0073822462, 0.0184987913817, -0.00512280175462, 0.00314216734841], [0.000142806820804, -0.000251339166425, 0.0017624158645, -0.000967754749581, -0.000514644896612, -0.000806699623354, -0.000271547527518, -0.00130588025786, 0.00218457472511, -0.00118239724543, -0.00512280175462, 0.0202619899064, -0.00939098279923], [0.000432303640991, 0.000143719444168, -0.00055626075482, -0.000901085790247, 0.000399554730393, -0.000998473144136, -0.00114417565055, 0.00102524680551, -0.00171345949639, 0.00336334388703, 0.00314216734841, -0.00939098279923, 0.0159333627671]]
    },
    "spectral_contrast_coeffs": {
        "max": [-0.446327716112, -0.523806929588, -0.509510755539, -0.524661123753, -0.645541489124, -0.613581478596],
        "mean": [-0.716436505318, -0.750296771526, -0.740735352039, -0.77519518137, -0.787127137184, -0.756179511547],
        "min": [-0.883642435074, -0.947676837444, -0.897779285908, -0.913394749165, -0.918664634228, -0.851608633995],
        "stdev": [0.0758601129055, 0.066843599081, 0.0654806122184, 0.0528009794652, 0.0390872322023, 0.0307885929942]
    },
    "spectral_contrast_valleys": {
        "max": [-5.50823926926, -5.15464162827, -5.284471035, -6.02047157288, -5.65205430984, -8.20422267914],
        "mean": [-6.6310505867, -6.57501220703, -7.28030633926, -7.5293803215, -7.32734632492, -10.2101163864],
        "min": [-8.51606369019, -8.06336307526, -8.89116287231, -9.24121952057, -8.92989063263, -12.2288713455],
        "stdev": [0.478124111891, 0.481477618217, 0.535760521889, 0.469295293093, 0.51304847002, 0.820376574993]
    }
},
"rhythm": {
    "beats_count": 113,
    "beats_loudness": {
        "max": 0.068713016808,
        "mean": 0.0290937293321,
        "min": 0.00218784133904,
        "stdev": 0.0158170554787
    },
    "bpm": 139.871109009,
    "bpm_histogram_first_peak_bpm": 140,
    "bpm_histogram_first_peak_weight": 0.485436916351,
    "bpm_histogram_second_peak_bpm": 148,
    "bpm_histogram_second_peak_spread": 0.428571403027,
    "bpm_histogram_second_peak_weight": 0.0357142873108,
    "danceability": 1.2634665966,
    "onset_rate": 3.3427734375,
    "beats_loudness_band_ratio": {
        "max": [0.9224999547, 0.725373029709, 0.659366846085, 0.808748483658, 0.379215955734, 0.322204291821],
        "mean": [0.381492704153, 0.229540482163, 0.178914532065, 0.160984516144, 0.0806914493442, 0.059459451586],
        "min": [0.033338278532, 0.0109608648345, 0.0135586457327, 0.00511588901281, 0.00629366887733, 0.00443714018911],
        "stdev": [0.196265742183, 0.157433077693, 0.137079566717, 0.147590041161, 0.0717258527875, 0.0567515231669]
    },
