{
"metadata": {
    "version": {
        "essentia": "2.1-beta5",
        "essentia_git_sha": "Undefined",
        "extractor": "music 2.0"
    },
    "audio_properties": {
        "analysis": {
            "equal_loudness": 0,
            "length": 29.0017242432,
            "sample_rate": 44100,
            "start_time": 0,
            "downmix": "mix"
        },
        "bit_rate": 192000,
        "length": 275.063568115,
        "lossless": 0,
        "number_channels": 1,
        "replay_gain": -6.11489486694,
        "sample_rate": 48000,
        "codec": "mp3",
        "md5_encoded": "e93cc2f337f18d946470f517b42b8330"
    },
    "tags": {
        "file_name": "Spain_La Chica Que Yo Quiero (made In Spain)_La Década.mp3",
        "encoding": ["Lavf58.29.100"]
    }
},
"lowlevel": {
    "average_loudness": 0.918412566185,
    "barkbands_crest": {
        "max": 24.3379917145,
        "mean": 10.122051239,
        "min": 2.78752112389,
        "stdev": 4.30325174332
    },
    "barkbands_flatness_db": {
        "max": 0.351650446653,
        "mean": 0.164940401912,
        "min": 0.0301786698401,
        "stdev": 0.0697524622083
    },
    "barkbands_kurtosis": {
        "max": 67.0565643311,
        "mean": 3.85701751709,
        "min": -1.85961127281,
        "stdev": 6.15171861649
    },
    "barkbands_skewness": {
        "max": 7.16434621811,
        "mean": 1.23174262047,
        "min": -4.52205276489,
        "stdev": 1.33996856213
    },
    "barkbands_spread": {
        "max": 76.0582046509,
        "mean": 17.2517166138,
        "min": 1.43947684765,
        "stdev": 11.5830259323
    },
    "dissonance": {
        "max": 0.5,
        "mean": 0.452766209841,
        "min": 0.273003071547,
        "stdev": 0.041856456548
    },
    "dynamic_complexity": 6.43892288208,
    "erbbands_crest": {
        "max": 29.6278934479,
        "mean": 10.283700943,
        "min": 2.47097301483,
        "stdev": 4.44982290268
    },
    "erbbands_flatness_db": {
        "max": 0.390212208033,
        "mean": 0.215354710817,
        "min": 0.0635629072785,
        "stdev": 0.0685106962919
    },
    "erbbands_kurtosis": {
        "max": 29.3731880188,
        "mean": 1.11245787144,
        "min": -1.9146887064,
        "stdev": 3.50892114639
    },
    "erbbands_skewness": {
        "max": 4.85070228577,
        "mean": 0.420288026333,
        "min": -4.04933738708,
        "stdev": 1.1170245409
    },
    "erbbands_spread": {
        "max": 86.8945770264,
        "mean": 29.4336032867,
        "min": 3.19906401634,
        "stdev": 13.8518304825
    },
    "hfc": {
        "max": 117.058822632,
        "mean": 11.5863380432,
        "min": 1.10424998651e-16,
        "stdev": 16.1582317352
    },
    "loudness_ebu128": {
        "integrated": -23.2877063751,
        "loudness_range": 3.67359542847,
        "momentary": {
            "max": -18.9413928986,
            "mean": -25.0247154236,
            "min": -45.6236114502,
            "stdev": 4.6706237793
        },
        "short_term": {
            "max": -21.2127590179,
            "mean": -23.750951767,
            "min": -27.470451355,
            "stdev": 1.281660676
        }
    },
    "melbands_crest": {
        "max": 30.1902236938,
        "mean": 12.6490535736,
        "min": 1.34853875637,
        "stdev": 5.62272882462
    },
    "melbands_flatness_db": {
        "max": 0.389951586723,
        "mean": 0.196718856692,
        "min": 0.00131045596208,
        "stdev": 0.0800250843167
    },
    "melbands_kurtosis": {
        "max": 151.04776001,
        "mean": 7.6115937233,
        "min": -1.81205129623,
        "stdev": 9.75621509552
    },
    "melbands_skewness": {
        "max": 9.61844825745,
        "mean": 1.88794767857,
        "min": -1.95345509052,
        "stdev": 1.22033381462
    },
    "melbands_spread": {
        "max": 169.022735596,
        "mean": 28.111946106,
        "min": 1.77234590054,
        "stdev": 31.2349281311
    },
    "pitch_salience": {
        "max": 0.965282797813,
        "mean": 0.683245241642,
        "min": 0.218610733747,
        "stdev": 0.104514174163
    },
    "silence_rate_20dB": {
        "max": 1,
        "mean": 1,
        "min": 1,
        "stdev": 0
    },
    "silence_rate_30dB": {
        "max": 1,
        "mean": 0.997600018978,
        "min": 0,
        "stdev": 0.0489309430122
    },
    "silence_rate_60dB": {
        "max": 1,
        "mean": 0.439200013876,
        "min": 0,
        "stdev": 0.496290385723
    },
    "spectral_centroid": {
        "max": 11463.5,
        "mean": 1468.71813965,
        "min": 299.082244873,
        "stdev": 1201.83764648
    },
    "spectral_complexity": {
        "max": 35,
        "mean": 8.88319969177,
        "min": 0,
        "stdev": 7.97270393372
    },
    "spectral_decrease": {
        "max": 2.19925744061e-28,
        "mean": -3.28195781663e-09,
        "min": -4.68273704257e-08,
        "stdev": 4.75243977505e-09
    },
    "spectral_energy": {
        "max": 0.187354907393,
        "mean": 0.0134377805516,
        "min": 1.02517251218e-20,
        "stdev": 0.0192666333169
    },
    "spectral_energyband_high": {
        "max": 0.0181385204196,
        "mean": 0.000207970690099,
        "min": 7.35939279035e-21,
        "stdev": 0.000896663754247
    },
    "spectral_energyband_low": {
        "max": 0.0127147734165,
        "mean": 0.000318787060678,
        "min": 2.02467257108e-23,
        "stdev": 0.000810452154838
    },
    "spectral_energyband_middle_high": {
        "max": 0.0387379452586,
        "mean": 0.00313587766141,
        "min": 1.24303324569e-21,
        "stdev": 0.00533981388435
    },
    "spectral_energyband_middle_low": {
        "max": 0.166920468211,
        "mean": 0.00997070129961,
        "min": 1.54849318862e-22,
        "stdev": 0.0154281463474
    },
    "spectral_entropy": {
        "max": 9.81101703644,
        "mean": 7.42078447342,
        "min": 6.00309038162,
        "stdev": 0.551148891449
    },
    "spectral_flux": {
        "max": 0.39968290925,
        "mean": 0.0720155239105,
        "min": 6.68427604933e-11,
        "stdev": 0.0614038966596
    },
    "spectral_kurtosis": {
        "max": 40.9230079651,
        "mean": 7.0514421463,
        "min": -1.21536099911,
        "stdev": 5.0689330101
    },
    "spectral_rms": {
        "max": 0.0135198105127,
        "mean": 0.0027796397917,
        "min": 3.16254379455e-12,
        "stdev": 0.00232026493177
    },
    "spectral_rolloff": {
        "max": 19186.0839844,
        "mean": 1964.53356934,
        "min": 193.798828125,
        "stdev": 2108.36132812
    },
    "spectral_skewness": {
        "max": 4.76444292068,
        "mean": 1.7489066124,
        "min": -0.261437386274,
        "stdev": 0.764228105545
    },
    "spectral_spread": {
        "max": 41442344,
        "mean": 3924632.25,
        "min": 1490146.75,
        "stdev": 3117462.5
    },
    "spectral_strongpeak": {
        "max": 6.62886333466,
        "mean": 0.916951179504,
        "min": 0,
        "stdev": 1.09532558918
    },
    "zerocrossingrate": {
        "max": 0.80908203125,
        "mean": 0.0730171874166,
        "min": 0.0126953125,
        "stdev": 0.0648347586393
    },
    "barkbands": {
        "max": [0.000111482477223, 0.00339677697048, 0.00756214559078, 0.0151154119521, 0.0313931442797, 0.0667147412896, 0.0708242505789, 0.0815599411726, 0.0638920888305, 0.0197317395359, 0.0120801040903, 0.0145962852985, 0.0221849810332, 0.0134288826957, 0.0128223197535, 0.00897345691919, 0.00955615378916, 0.00803969334811, 0.00981703773141, 0.00322217238136, 0.0100374491885, 0.00626736599952, 0.00145874184091, 0.000429774314398, 7.05167913111e-05, 2.73233376902e-06, 2.33016180573e-06],
        "mean": [2.67184077529e-06, 4.66480414616e-05, 0.00013926695101, 0.000280183827272, 0.000835912826005, 0.00166559102945, 0.0022634039633, 0.0027758651413, 0.00201525050215, 0.000330147217028, 0.000198337220354, 0.000372542825062, 0.000450005492894, 0.000367476022802, 0.000430835876614, 0.000373684131773, 0.000333038449753, 0.000129245891003, 0.000175530556589, 7.94484221842e-05, 8.15511812107e-05, 5.34831997356e-05, 2.41423858824e-05, 9.49241075432e-06, 3.58382158083e-06, 4.0998725126e-07, 2.76710991898e-08],
        "min": [5.96790235309e-25, 1.01390477768e-23, 3.27753128445e-24, 8.58009296729e-24, 1.42581354805e-23, 2.93512297421e-23, 1.90308433536e-23, 1.6142627942e-23, 3.48203045792e-23, 2.63015944567e-23, 1.88006916067e-23, 4.21120330716e-23, 6.00950577283e-23, 7.13083115992e-23, 5.37062310291e-23, 1.20207722832e-22, 7.74323019153e-23, 1.48977454802e-22, 1.95992277332e-22, 1.3236235282e-22, 3.0236823927e-22, 3.47899725619e-22, 5.18196745919e-22, 7.61924776296e-22, 1.06216866995e-21, 1.63995513561e-21, 1.98476111284e-21],
        "stdev": [5.82658276471e-06, 0.000184799821, 0.000416493217926, 0.000726387661416, 0.00188854453154, 0.00476375361905, 0.00570997502655, 0.00736938044429, 0.00602722447366, 0.00135379238054, 0.00080007489305, 0.00134610128589, 0.00173944409471, 0.00108517054468, 0.00130247487687, 0.00104228709824, 0.000801128917374, 0.000413605361246, 0.000498516950756, 0.000210142548895, 0.000435151858255, 0.000285482092295, 9.6508563729e-05, 3.52740571543e-05, 4.36480513599e-06, 2.94490575925e-07, 9.52842285074e-08]
    },
    "erbbands": {
        "max": [0.0396960303187, 0.956776738167, 6.47171783447, 31.8224143982, 46.8722915649, 165.241119385, 160.494644165, 675.786010742, 1171.1427002, 1260.92822266, 2137.56420898, 2020.44042969, 792.896911621, 476.015472412, 454.599700928, 752.751464844, 858.699951172, 749.0234375, 517.097351074, 566.168701172, 578.551330566, 536.073730469, 457.769622803, 519.899963379, 240.592453003, 163.758148193, 422.531829834, 338.818267822, 223.679794312, 77.5780105591, 43.1402549744, 13.6834192276, 5.29069042206, 1.28529667854, 0.178157165647, 0.0270574521273, 0.00439423089847, 0.0014983745059, 0.000334944284987, 0.00021430340712],
        "mean": [0.00078848231351, 0.0143787721172, 0.128657594323, 0.608265459538, 1.63642704487, 3.17904996872, 5.72856712341, 16.8744659424, 28.9083938599, 42.4987297058, 66.9741973877, 47.6740226746, 16.0332279205, 8.15435504913, 9.27267169952, 16.4790649414, 20.386051178, 19.9980392456, 20.9608249664, 21.550693512, 21.140165329, 18.2406578064, 8.60955047607, 8.00347900391, 7.65409469604, 3.81105160713, 3.01107406616, 3.30140280724, 2.05437421799, 1.18981409073, 0.61301612854, 0.286555290222, 0.118123501539, 0.048337675631, 0.0220147669315, 0.0044828504324, 0.000194673441001, 5.0851238484e-05, 9.42167389439e-06, 1.62255055329e-05],
        "min": [2.35575020393e-22, 2.43331535002e-21, 4.61584028197e-21, 1.53052324012e-20, 1.74712355313e-20, 2.2756585219e-20, 1.18139770392e-19, 1.92270326871e-19, 3.3891011413e-19, 3.48681624555e-19, 5.06615710048e-19, 7.13437488063e-19, 7.94975782969e-19, 1.86305434416e-18, 7.9401790782e-19, 1.98021930805e-18, 2.96449227227e-18, 3.0796674532e-18, 2.58367837738e-18, 4.07357376284e-18, 4.91356078563e-18, 5.13070520901e-18, 7.06490246252e-18, 8.11301888078e-18, 1.09452778535e-17, 7.16561418364e-18, 8.9334000687e-18, 1.05884106306e-17, 1.13451336529e-17, 1.62840049245e-17, 1.38213782259e-17, 1.2542419687e-17, 1.27704485664e-17, 1.11163280509e-17, 7.37971499595e-18, 5.62817617889e-18, 2.85155109939e-18, 1.15424110591e-18, 2.48248921795e-19, 2.54073307284e-20],
        "stdev": [0.00230971281417, 0.0549198277295, 0.379912376404, 1.48861527443, 3.17516541481, 8.29379940033, 13.2157516479, 51.3878135681, 76.8829650879, 106.054077148, 187.760253906, 149.124328613, 53.8908004761, 33.2780838013, 31.0774688721, 60.5568199158, 75.7143630981, 59.4857749939, 56.965927124, 61.7934684753, 55.2105484009, 43.2430801392, 25.6823558807, 23.6072292328, 20.4060440063, 10.223944664, 16.0275363922, 17.0680294037, 10.8907012939, 4.98587274551, 2.60573863983, 1.17848479748, 0.387664824724, 0.0906536281109, 0.0130654983222, 0.0025687252637, 0.000202172348509, 0.000118801173812, 1.35297996167e-05, 2.2515299861e-05]
    },
    "gfcc": {
        "mean": [-120.030227661, 98.7857666016, -146.459457397, 16.9491901398, -75.8170700073, -5.00703144073, -57.6053199768, 11.2877426147, -21.5642566681, 1.65995883942, -11.3119363785, -15.8920545578, -5.61426305771],
        "cov": [[12458.9619141, 2163.34863281, -2276.15039062, -167.871429443, -376.010070801, -991.406311035, -491.907562256, -158.387161255, 115.667198181, -382.235626221, 216.594848633, -740.065673828, -21.9122619629], [2163.34863281, 1530.25268555, -303.167907715, -577.787353516, 319.469238281, -478.071716309, -304.519927979, 15.4673109055, -25.1889705658, -237.03012085, 140.53326416, -306.111450195, -46.308052063], [-2276.15039062, -303.167907715, 1048.13830566, 184.067260742, -4.4207444191, 335.910064697, -38.2859344482, -32.0728569031, -120.836509705, 95.5911254883, -109.80847168, 279.1043396, -6.27309036255], [-167.871429443, -577.787353516, 184.067260742, 872.502380371, -138.91986084, 81.3017807007, -12.6589212418, -132.981750488, 90.1144943237, 68.510848999, -75.0112533569, 122.557807922, 120.230895996], [-376.010070801, 319.469238281, -4.4207444191, -138.91986084, 387.5, -151.014297485, -138.33732605, 74.1039123535, 26.4698791504, -35.760597229, 20.8660850525, -60.1743278503, -10.6672954559], [-991.406311035, -478.071716309, 335.910064697, 81.3017807007, -151.014297485, 616.581420898, 232.152099609, -8.07703399658, -95.3254165649, 124.322547913, -96.861114502, 176.519180298, -21.1400718689], [-491.907562256, -304.519927979, -38.2859344482, -12.6589212418, -138.33732605, 232.152099609, 360.84262085, 14.8065843582, -31.9474525452, 12.2014970779, 13.1667423248, 38.532585144, -16.550611496], [-158.387161255, 15.4673109055, -32.0728569031, -132.981750488, 74.1039123535, -8.07703399658, 14.8065843582, 207.464889526, 1.00860238075, 6.86306858063, -16.3834247589, 21.9538803101, -18.3538303375], [115.667198181, -25.1889705658, -120.836509705, 90.1144943237, 26.4698791504, -95.3254165649, -31.9474525452, 1.00860238075, 182.629394531, 12.4613180161, -5.87623500824, -60.1483230591, 38.8130226135], [-382.235626221, -237.03012085, 95.5911254883, 68.510848999, -35.760597229, 124.322547913, 12.2014970779, 6.86306858063, 12.4613180161, 165.614074707, -20.6412620544, 58.7732925415, -6.11653709412], [216.594848633, 140.53326416, -109.80847168, -75.0112533569, 20.8660850525, -96.861114502, 13.1667423248, -16.3834247589, -5.87623500824, -20.6412620544, 127.676177979, -32.0962600708, -16.6073474884], [-740.065673828, -306.111450195, 279.1043396, 122.557807922, -60.1743278503, 176.519180298, 38.532585144, 21.9538803101, -60.1483230591, 58.7732925415, -32.0962600708, 203.808364868, 26.5042190552], [-21.9122619629, -46.308052063, -6.27309036255, 120.230895996, -10.6672954559, -21.1400718689, -16.550611496, -18.3538303375, 38.8130226135, -6.11653709412, -16.6073474884, 26.5042190552, 88.2911453247]],
        "icov": [[0.000377958698664, -0.000815014645923, 0.000943980994634, -0.00050760054728, 0.000867342809215, -0.000140994045069, 0.000418905256083, -1.68052320078e-05, 8.91653544386e-05, -0.00010952908633, 0.000432080792962, -0.000511067977641, 0.000758602342103], [-0.000815014645923, 0.00392291182652, -0.00241011567414, 0.00200929562561, -0.00226037506945, 0.000131951164803, 0.000615936878603, -0.000161998526892, 0.0006523958873, 0.00184468505904, -0.00254973652773, 0.00379188056104, -0.00298874871805], [0.000943980994634, -0.00241011567414, 0.00440007727593, -0.00149627146311, 0.00165726547129, -0.000771444116253, 0.00133689329959, 0.000865484122187, 0.000251270656008, -0.000436567264842, 0.00235469080508, -0.00437550013885, 0.0033821077086], [-0.00050760054728, 0.00200929562561, -0.00149627146311, 0.00299040158279, -0.00103596341796, 0.000348919711541, 1.14547328849e-05, 0.00114755879622, -0.00073364621494, 0.00044767811778, -0.00048486457672, 0.000658098142594, -0.00298677175306], [0.000867342809215, -0.00226037506945, 0.00165726547129, -0.00103596341796, 0.00580973364413, -0.000278038380202, 0.00195579184219, -0.00160189799499, -0.000295483507216, -0.000140715070302, 0.000344658241374, -0.00032170501072, 0.00150871486403], [-0.000140994045069, 0.000131951164803, -0.000771444116253, 0.000348919711541, -0.000278038380202, 0.00441028084606, -0.00287658744492, 0.00100788101554, 0.000738196366001, -0.00208258023486, 0.00280619459227, -0.00177599373274, 0.000789122481365], [0.000418905256083, 0.000615936878603, 0.00133689329959, 1.14547328849e-05, 0.00195579184219, -0.00287658744492, 0.00654378160834, -0.0012485756306, 0.000324037886458, 0.00229891436175, -0.00278368522413, 0.00156316568609, 4.50194020232e-05], [-1.68052320078e-05, -0.000161998526892, 0.000865484122187, 0.00114755879622, -0.00160189799499, 0.00100788101554, -0.0012485756306, 0.00722899893299, -0.0010994222248, -0.000628022011369, 0.00279268948361, -0.00401849253103, 0.00189756054897], [8.91653544386e-05, 0.0006523958873, 0.000251270656008, -0.00073364621494, -0.000295483507216, 0.000738196366001, 0.000324037886458, -0.0010994222248, 0.00893304869533, -0.00166186748538, 7.36511719879e-05, 0.00437705079094, -0.00398776726797], [-0.00010952908633, 0.00184468505904, -0.000436567264842, 0.00044767811778, -0.000140715070302, -0.00208258023486, 0.00229891436175, -0.000628022011369, -0.00166186748538, 0.00964906346053, -0.00213063927367, 0.000361533195246, 0.000974160968326], [0.000432080792962, -0.00254973652773, 0.00235469080508, -0.00048486457672, 0.000344658241374, 0.00280619459227, -0.00278368522413, 0.00279268948361, 7.36511719879e-05, -0.00213063927367, 0.0132860662416, -0.00511789089069, 0.00422519491985], [-0.000511067977641, 0.00379188056104, -0.00437550013885, 0.000658098142594, -0.00032170501072, -0.00177599373274, 0.00156316568609, -0.00401849253103, 0.00437705079094, 0.000361533195246, -0.00511789089069, 0.0174015648663, -0.00843708775938], [0.000758602342103, -0.00298874871805, 0.0033821077086, -0.00298677175306, 0.00150871486403, 0.000789122481365, 4.50194020232e-05, 0.00189756054897, -0.00398776726797, 0.000974160968326, 0.00422519491985, -0.00843708775938, 0.0201765447855]]
    },
    "melbands": {
        "max": [0.000678868906107, 0.00259325373918, 0.00539137236774, 0.00546578224748, 0.00559844914824, 0.0148923341185, 0.0163160525262, 0.0120167583227, 0.0186334159225, 0.0119039881974, 0.00382929714397, 0.00221583805978, 0.0013644968858, 0.00160592130851, 0.00281828921288, 0.00181321345735, 0.00156022014562, 0.0010410756804, 0.000921045721043, 0.000721027899999, 0.000627533067018, 0.000604433764238, 0.000445474404842, 0.000367936765542, 0.000506974465679, 0.00025077178725, 0.000106505976873, 0.000129737134557, 0.00024004484294, 0.000268081668764, 0.000206294236705, 0.000168039405253, 6.02440304647e-05, 3.52639726771e-05, 3.078383088e-05, 1.44198547787e-05, 7.05721959093e-06, 4.11731434724e-06, 2.18751551984e-06, 7.29006956135e-07],
        "mean": [9.90922490018e-06, 5.47595736862e-05, 0.000131639826577, 0.000176295216079, 0.000189674276044, 0.000370238325559, 0.000451099913334, 0.000484822376166, 0.000555797538254, 0.000268323550699, 7.1764952736e-05, 3.24825268763e-05, 2.92115637421e-05, 3.7388112105e-05, 4.63273536297e-05, 4.43542012363e-05, 3.60040612577e-05, 3.23200874845e-05, 3.2630370697e-05, 2.60582783085e-05, 2.44062739512e-05, 2.03595445782e-05, 1.15144621304e-05, 5.34580658496e-06, 6.58181397739e-06, 6.68476377541e-06, 3.80019582735e-06, 2.20849710786e-06, 1.77940535195e-06, 1.97643771571e-06, 1.86422857951e-06, 1.23390248064e-06, 8.34878164824e-07, 5.82632310397e-07, 3.68575143739e-07, 2.53662420846e-07, 1.44492673826e-07, 8.44667695787e-08, 5.93549636108e-08, 3.49235236285e-08],
        "min": [3.09907142338e-24, 2.8984682367e-24, 4.86966597806e-24, 3.26355089427e-24, 3.246375223e-24, 4.60387862314e-24, 5.28856807924e-24, 3.55048583513e-24, 4.63215139798e-24, 4.34726138181e-24, 3.59146755358e-24, 7.17344353275e-24, 2.55045396533e-24, 3.82740401742e-24, 5.09647847667e-24, 7.00714455419e-24, 5.21138829486e-24, 3.95582702292e-24, 3.7037212771e-24, 7.34060394743e-24, 4.56877155184e-24, 4.51955097009e-24, 5.48711963592e-24, 6.94730235478e-24, 5.6805226919e-24, 7.98269097035e-24, 5.75565774882e-24, 4.21641026245e-24, 4.54330633296e-24, 7.92599159279e-24, 5.55298991594e-24, 6.17822726435e-24, 6.70213858493e-24, 8.30353332228e-24, 6.9163868959e-24, 7.65737735481e-24, 7.72566509907e-24, 9.20994791301e-24, 8.26108550583e-24, 8.65733586055e-24],
        "stdev": [3.63314684364e-05, 0.000154616966029, 0.000271291210083, 0.000377362041036, 0.000433235079981, 0.00108579208609, 0.00114829128142, 0.00118896935601, 0.00157150824089, 0.000867381982971, 0.000259086315054, 0.000142421442433, 0.000109009444714, 0.000138571063871, 0.000190143531654, 0.000161082178238, 0.00011335209274, 9.09781374503e-05, 0.000101515674032, 7.65868608141e-05, 6.52577364235e-05, 4.88493278681e-05, 3.18097736454e-05, 1.81867380888e-05, 2.07500288525e-05, 1.84498076123e-05, 9.94405854726e-06, 6.64480057821e-06, 9.2444679467e-06, 1.10112168841e-05, 9.8179680208e-06, 7.18971978131e-06, 3.81456152354e-06, 2.3275622425e-06, 1.61527498221e-06, 1.12475686365e-06, 5.84662302572e-07, 2.87111646458e-07, 1.7197439206e-07, 4.93469585194e-08]
    },
    "melbands128": {
        "max": [6.70407680445e-05, 0.000132721950649, 0.000933669565711, 0.00186056981329, 0.00300771929324, 0.00376506149769, 0.00690499646589, 0.00719837890938, 0.00490830093622, 0.0064162206836, 0.0119375130162, 0.0112774111331, 0.00689333351329, 0.0139068849385, 0.0170742385089, 0.032638348639, 0.0197036862373, 0.0242930166423, 0.0210641734302, 0.0229773651809, 0.024841779843, 0.0309496764094, 0.0284983366728, 0.0174608677626, 0.0248825978488, 0.00955538731068, 0.00891638081521, 0.00610953662544, 0.00503824092448, 0.00525647960603, 0.00327414041385, 0.0031474083662, 0.00275373226032, 0.00260724266991, 0.00210700277239, 0.00313196377829, 0.0044163884595, 0.00478655146435, 0.00599084421992, 0.00340293301269, 0.00295902462676, 0.00212882156484, 0.00254056067206, 0.00154755613767, 0.00133820646442, 0.00158108700998, 0.00186864566058, 0.00191435799934, 0.00155365816317, 0.00116683426313, 0.000936065975111, 0.00112610450014, 0.00137042312417, 0.00144475453999, 0.000837314408273, 0.000767133606132, 0.000539962667972, 0.000399921962526, 0.000469384511234, 0.000632703304291, 0.000523967901245, 0.000502119015437, 0.000414270412875, 0.000667000829708, 0.000461095944047, 0.000261667650193, 0.000317075144267, 0.000165074248798, 0.000197437781026, 9.8738259112e-05, 0.000135956055601, 0.000235263200011, 0.000118767282402, 0.000327823247062, 0.000337566423696, 0.000307145470288, 0.00024940961157, 0.000267655064818, 0.000242683760007, 0.000263767549768, 0.000222955393838, 0.000134580972372, 7.29746607249e-05, 6.04084525548e-05, 5.76995844312e-05, 3.09522074531e-05, 3.21035658999e-05, 3.34475698764e-05, 4.28996572737e-05, 1.97085264517e-05, 2.3003663955e-05, 1.43805264088e-05, 1.38902005347e-05, 9.08826223167e-06, 7.73945885157e-06, 6.08252321399e-06, 3.68702330888e-06, 4.08158894061e-06, 3.05515663968e-06, 2.24044720198e-06, 1.36905362069e-06, 7.27688643565e-07, 4.91493210575e-07, 2.72819335123e-07, 2.20350230506e-07, 1.39651987752e-07, 1.61293357337e-07, 8.18591416873e-08, 5.15025888603e-08, 2.97158528895e-08, 1.53293200356e-08, 1.45195286905e-08, 1.37695828073e-08, 1.31395516689e-08, 1.2551761408e-08, 1.20332623865e-08, 1.9537150564e-08, 1.11103073408e-08, 1.07564099849e-08, 1.03913535554e-08, 1.00580814788e-08, 9.76399228136e-09, 9.52646495023e-09, 9.36671717966e-09, 9.1818304071e-09, 9.04398955726e-09, 8.95878304874e-09, 8.90294948874e-09],
        "mean": [1.75819150172e-06, 4.42389909949e-06, 1.10107775981e-05, 2.44805160037e-05, 4.98408990097e-05, 7.4094888987e-05, 0.000117777417472, 0.000145281708683, 0.000156059628353, 0.000194895677851, 0.000179804424988, 0.000146844729898, 0.000162266136613, 0.000271502532996, 0.000390930916183, 0.000412677152781, 0.00042045317241, 0.000487094890559, 0.000440171774244, 0.000473885622341, 0.000498548499309, 0.000537207699381, 0.000644519634079, 0.000480480288388, 0.000318251404678, 0.000195179454749, 8.79872823134e-05, 6.55980911688e-05, 4.94581545354e-05, 3.41584818671e-05, 2.48238393397e-05, 3.01365762425e-05, 3.18599850289e-05, 2.54949918599e-05, 3.13063719659e-05, 4.0027389332e-05, 4.93162733619e-05, 4.81344322907e-05, 4.33391287515e-05, 4.40923286078e-05, 4.9931659305e-05, 3.63752515113e-05, 3.79888551834e-05, 3.37718120136e-05, 3.00228293781e-05, 3.22225168929e-05, 3.45258122252e-05, 3.54235417035e-05, 3.06546171487e-05, 2.75324200629e-05, 2.40793087869e-05, 2.65533180936e-05, 2.51836772804e-05, 2.30038567679e-05, 2.38018728851e-05, 2.05028300115e-05, 1.76433713932e-05, 1.4158025806e-05, 8.99454244063e-06, 6.76343051964e-06, 4.5956089707e-06, 4.81352935822e-06, 5.51914899916e-06, 7.509790521e-06, 7.53431822886e-06, 7.00571854395e-06, 6.24411131867e-06, 4.5424549171e-06, 3.22126925312e-06, 2.70841337624e-06, 2.26813335757e-06, 1.95304210138e-06, 1.71120598225e-06, 1.77043602889e-06, 1.75671243596e-06, 1.9601184249e-06, 2.04113121072e-06, 2.23703318625e-06, 1.86035879324e-06, 1.48203218941e-06, 1.34906179028e-06, 1.16055696253e-06, 8.84212170149e-07, 8.46894806728e-07, 7.33488604965e-07, 6.49149058063e-07, 5.20484320532e-07, 4.6447635782e-07, 3.56760409659e-07, 2.91714769673e-07, 3.20647188801e-07, 2.28141644243e-07, 1.82016123063e-07, 1.40612812061e-07, 1.3100822116e-07, 9.03109196315e-08, 7.20652053587e-08, 7.80281084189e-08, 6.61783943201e-08, 4.76207482336e-08, 3.44842483457e-08, 3.54123805835e-08, 2.88169506035e-08, 3.12104546651e-08, 2.47398332931e-08, 2.26682086435e-08, 1.72679825994e-08, 1.18679661654e-08, 5.58712276444e-09, 2.56430832124e-09, 6.76646794151e-10, 1.61849533775e-10, 4.5059702497e-11, 2.79290184729e-11, 2.06701530892e-11, 4.03185818065e-10, 8.83980555422e-10, 1.27107283032e-11, 1.06393791346e-11, 1.02920666781e-11, 9.96572789569e-12, 9.697927357e-12, 9.50209268907e-12, 9.32037346607e-12, 9.03804548563e-12, 8.7105834698e-12, 8.52355425823e-12, 8.45646729725e-12],
        "min": [5.40911568911e-25, 2.03239934532e-24, 2.37427549e-24, 5.01309430127e-24, 2.86507299357e-24, 1.67901115624e-24, 1.89934197922e-24, 2.07929456234e-24, 1.12949912992e-24, 1.33605013061e-24, 9.02021720176e-25, 3.37560385269e-25, 3.32780065677e-24, 6.99496927497e-24, 2.9867301363e-24, 2.07829172291e-24, 2.56259966225e-24, 3.32391117808e-24, 3.8138427096e-24, 2.00835782316e-24, 1.74482384941e-24, 2.23463705179e-24, 4.60424504903e-24, 3.64002470331e-24, 2.94015144972e-24, 3.71822882358e-24, 2.70769721513e-24, 1.47759741498e-24, 3.88499480781e-24, 3.22037338149e-24, 3.46192870434e-24, 2.71258598338e-24, 1.89715703173e-24, 8.77242415852e-25, 2.25408267032e-24, 3.09152123566e-24, 4.91926245203e-24, 2.97742769129e-24, 1.22327161737e-24, 5.79584153447e-24, 3.26450364103e-24, 2.30848113784e-24, 5.30832431175e-24, 1.76352182502e-24, 6.26863427396e-24, 6.73126579474e-25, 2.70413905802e-24, 2.81574729611e-24, 2.21137946016e-24, 4.88837184228e-24, 6.3915246035e-24, 3.4112459689e-24, 3.92348135922e-24, 3.73564253363e-24, 2.08554924324e-24, 3.36566361364e-24, 3.30394786958e-24, 5.21990247061e-24, 3.33955192325e-24, 4.60048691568e-24, 5.52727699473e-24, 6.4943293511e-24, 4.92685011065e-24, 4.69595367914e-24, 2.64665772209e-24, 5.37618173239e-24, 2.0863621644e-24, 4.915871139e-24, 3.36245807735e-24, 3.12841744349e-24, 3.00065392571e-24, 3.99812613909e-24, 3.63064633044e-24, 4.15185461913e-24, 2.72900375654e-24, 4.26582095968e-24, 5.96606825149e-24, 3.21365859746e-24, 5.39101192298e-24, 5.22313403931e-24, 5.86545614277e-24, 4.84980640477e-24, 5.02189128365e-24, 6.08017500927e-24, 5.74040117891e-24, 5.42940893868e-24, 5.85468503597e-24, 7.22251778081e-24, 6.10338093052e-24, 4.30580910782e-24, 6.40552294026e-24, 6.04286386061e-24, 4.44777527734e-24, 4.59966373932e-24, 8.84542396618e-24, 7.9052603282e-24, 6.84202334495e-24, 8.23264154817e-24, 6.01390438235e-24, 4.64604599954e-24, 8.99106662194e-24, 8.11996538963e-24, 6.32700130348e-24, 7.46515167373e-24, 6.01598658071e-24, 8.46290136893e-24, 5.81806690161e-24, 8.09608420345e-24, 8.6907417533e-24, 7.08119650508e-24, 7.54547270224e-24, 6.58907982886e-24, 5.29570727044e-24, 9.9026624511e-24, 8.22355229282e-24, 6.67687846988e-24, 8.23703708113e-24, 8.14391599558e-24, 6.33611383023e-24, 9.13891572166e-24, 6.02316600381e-24, 4.81255875941e-24, 5.63924791162e-24, 6.05051936126e-24, 7.54322208208e-24, 5.78068081116e-24, 5.57743908197e-24, 9.94547235471e-24],
        "stdev": [4.09203812524e-06, 1.05255376184e-05, 4.83678522869e-05, 0.000104657476186, 0.000172235348145, 0.000215330685023, 0.000325103959767, 0.000366507534636, 0.00034912864794, 0.000473533640616, 0.000557404244319, 0.000564774149098, 0.000462557654828, 0.000844194495585, 0.00138636224438, 0.00173946132418, 0.00142941065133, 0.00158629752696, 0.00141473906115, 0.00159681774676, 0.00161940499675, 0.00188505486585, 0.00239810883068, 0.00166944786906, 0.00143745483365, 0.000830486533232, 0.000419421732659, 0.000326479959767, 0.000267571653239, 0.000227593336604, 0.000156690060976, 0.000156216570758, 0.000155056171934, 0.000117847630463, 0.000139017065521, 0.000198655994609, 0.000244273076532, 0.000251660618233, 0.00025885150535, 0.000222369024414, 0.000226681630011, 0.000144143297803, 0.000153123182827, 0.000122986151837, 0.000102331978269, 0.000118968455354, 0.000131429274916, 0.000139751660754, 0.000116730996524, 0.000106682797195, 8.39036292746e-05, 9.17019642657e-05, 8.73811586644e-05, 7.84201693023e-05, 6.81628007442e-05, 5.66505768802e-05, 4.80142662127e-05, 4.08828454965e-05, 3.13805467158e-05, 2.97753613268e-05, 2.02892169909e-05, 1.88799040188e-05, 1.6976842744e-05, 2.73454879789e-05, 2.2293861548e-05, 2.01599887077e-05, 2.19874491449e-05, 1.34437705128e-05, 1.02149679151e-05, 7.84273652243e-06, 7.03814248482e-06, 8.27645726531e-06, 6.88352474754e-06, 1.12329553303e-05, 1.17201225294e-05, 1.31337101266e-05, 1.03700322143e-05, 1.20353151942e-05, 9.97991810436e-06, 9.84856251307e-06, 8.68074494065e-06, 6.94491154718e-06, 4.26989390689e-06, 4.07623201681e-06, 3.51294761458e-06, 2.72565057458e-06, 2.04912612389e-06, 1.99662963496e-06, 1.82021983619e-06, 1.32060904434e-06, 1.58153557095e-06, 1.01452292256e-06, 8.00521945621e-07, 6.34253979115e-07, 5.28410396328e-07, 3.60370847829e-07, 2.29486374792e-07, 2.63102890585e-07, 2.23900954666e-07, 1.29094857471e-07, 6.99658926351e-08, 4.49379200518e-08, 2.90932273828e-08, 1.86908426514e-08, 1.62664886005e-08, 1.30162334244e-08, 1.10588684876e-08, 8.36946068006e-09, 5.87714144018e-09, 3.66108898753e-09, 1.66369484855e-09, 7.17690129548e-10, 4.55261606191e-10, 3.85811216308e-10, 3.57846724475e-10, 1.11115483481e-09, 2.41012387825e-09, 3.14130832457e-10, 3.04083508373e-10, 2.93763374737e-10, 2.84342133172e-10, 2.7602786723e-10, 2.69312183665e-10, 2.64796601313e-10, 2.59572918715e-10, 2.55681642525e-10, 2.5327578923e-10, 2.51697718223e-10]
    },
    "mfcc": {
        "mean": [-747.045227051, 127.001602173, -19.4597110748, 10.3667325974, -2.24594426155, -20.8098964691, -15.6298780441, -13.6265735626, -6.43060874939, 2.26203942299, -1.03606021404, -2.64379835129, -2.40865325928],
        "cov": [[6174.30224609, 1431.55065918, -1409.70849609, 390.747741699, -151.096237183, -616.285705566, -386.980834961, -271.835174561, -293.331298828, 215.526672363, -27.0844955444, -34.3962860107, -12.408823967], [1431.55065918, 2138.42285156, -598.490356445, -316.707885742, 375.876312256, -637.308349609, -14.2017288208, -127.546012878, -228.312454224, -17.4708175659, 48.4020729065, -76.4901428223, 9.15329647064], [-1409.70849609, -598.490356445, 1009.6204834, 33.7950248718, -67.4724502563, 433.314544678, 58.0229301453, 77.1916732788, 75.282371521, -143.44303894, -72.5349884033, 18.5153694153, 13.3002281189], [390.747741699, -316.707885742, 33.7950248718, 584.32434082, 143.89956665, -40.2198143005, -191.827880859, -75.5182571411, 3.30201768875, -6.97056293488, -124.220100403, -8.72448539734, 70.6817855835], [-151.096237183, 375.876312256, -67.4724502563, 143.89956665, 459.022918701, -139.710723877, -135.668441772, -70.4086532593, -9.48006534576, -2.89274382591, -44.6614341736, -43.787979126, 33.2859306335], [-616.285705566, -637.308349609, 433.314544678, -40.2198143005, -139.710723877, 513.517272949, 101.561225891, 41.5559883118, 90.7941589355, -28.7212810516, 6.43686580658, 24.5935497284, -54.7247238159], [-386.980834961, -14.2017288208, 58.0229301453, -191.827880859, -135.668441772, 101.561225891, 275.547698975, 110.043083191, -16.2583751678, -27.6208305359, 62.8964729309, 16.4241294861, -34.4969139099], [-271.835174561, -127.546012878, 77.1916732788, -75.5182571411, -70.4086532593, 41.5559883118, 110.043083191, 182.957458496, 51.8910102844, -24.6790676117, 8.43640899658, 12.325009346, -8.33509349823], [-293.331298828, -228.312454224, 75.282371521, 3.30201768875, -9.48006534576, 90.7941589355, -16.2583751678, 51.8910102844, 180.689224243, 35.9059448242, -13.6676368713, 16.311214447, -19.1782207489], [215.526672363, -17.4708175659, -143.44303894, -6.97056293488, -2.89274382591, -28.7212810516, -27.6208305359, -24.6790676117, 35.9059448242, 137.744476318, 39.0030822754, -3.77441358566, -7.46143007278], [-27.0844955444, 48.4020729065, -72.5349884033, -124.220100403, -44.6614341736, 6.43686580658, 62.8964729309, 8.43640899658, -13.6676368713, 39.0030822754, 122.560287476, 26.8313159943, -34.4016914368], [-34.3962860107, -76.4901428223, 18.5153694153, -8.72448539734, -43.787979126, 24.5935497284, 16.4241294861, 12.325009346, 16.311214447, -3.77441358566, 26.8313159943, 78.3312301636, 16.3502292633], [-12.408823967, 9.15329647064, 13.3002281189, 70.6817855835, 33.2859306335, -54.7247238159, -34.4969139099, -8.33509349823, -19.1782207489, -7.46143007278, -34.4016914368, 16.3502292633, 97.701789856]],
        "icov": [[0.000654140661936, -0.000875531055499, 0.00079874205403, -0.00101764022838, 0.00130165205337, -0.00100804958493, 0.00126410427038, -0.000718370312825, 0.000799583096523, -0.000720996235032, 0.00040601551882, -0.000419199292082, 0.00048454492935], [-0.000875531055499, 0.00250084535219, -0.00096315384144, 0.00238306447864, -0.00271641369909, 0.00271116546355, -0.00221406668425, 0.00177713099401, -0.000490191916469, 0.00136420526542, -0.000164457029314, 0.000648802204523, -0.000283023546217], [0.00079874205403, -0.00096315384144, 0.00302613549866, -0.00112431286834, 0.00142933160532, -0.00288404361345, 0.00183619558811, -0.00126360775903, 0.00074524077354, 0.000857323175296, 0.000745908590034, -0.000184612566954, -0.00046343554277], [-0.00101764022838, 0.00238306447864, -0.00112431286834, 0.00508956890553, -0.00316066108644, 0.00228081038222, -0.00110007531475, 0.00175159575883, -0.000336751603754, 0.000979813048616, 0.0018721234519, -0.000113743786642, -0.00107917760033], [0.00130165205337, -0.00271641369909, 0.00142933160532, -0.00316066108644, 0.00622750353068, -0.00234153796919, 0.00361023028381, -0.00143624807242, 0.00051255337894, -0.00101478211582, -0.000129423453473, 0.00078725325875, 7.65912700444e-05], [-0.00100804958493, 0.00271116546355, -0.00288404361345, 0.00228081038222, -0.00234153796919, 0.00719592580572, -0.00393622601405, 0.00318880332634, -0.00210892781615, 0.000974084599875, -0.000234099396039, 0.000122216661111, 0.001628623344], [0.00126410427038, -0.00221406668425, 0.00183619558811, -0.00110007531475, 0.00361023028381, -0.00393622601405, 0.0101888570935, -0.00564758619294, 0.00340483011678, -0.000629542162642, -0.00121320423204, -0.000668819411658, 0.00089986162493], [-0.000718370312825, 0.00177713099401, -0.00126360775903, 0.00175159575883, -0.00143624807242, 0.00318880332634, -0.00564758619294, 0.0105109326541, -0.00437741493806, 0.00267408345826, -0.000198924259166, 0.00097019522218, -0.00106227956712], [0.000799583096523, -0.000490191916469, 0.00074524077354, -0.000336751603754, 0.00051255337894, -0.00210892781615, 0.00340483011678, -0.00437741493806, 0.0105335814878, -0.00484340637922, 0.00386462686583, -0.00389315607026, 0.00347258802503], [-0.000720996235032, 0.00136420526542, 0.000857323175296, 0.000979813048616, -0.00101478211582, 0.000974084599875, -0.000629542162642, 0.00267408345826, -0.00484340637922, 0.0128925833851, -0.00577726308256, 0.00395542895421, -0.00281003932469], [0.00040601551882, -0.000164457029314, 0.000745908590034, 0.0018721234519, -0.000129423453473, -0.000234099396039, -0.00121320423204, -0.000198924259166, 0.00386462686583, -0.00577726308256, 0.0167658198625, -0.00765410996974, 0.00558038754389], [-0.000419199292082, 0.000648802204523, -0.000184612566954, -0.000113743786642, 0.00078725325875, 0.000122216661111, -0.000668819411658, 0.00097019522218, -0.00389315607026, 0.00395542895421, -0.00765410996974, 0.0186444986612, -0.00663707358763], [0.00048454492935, -0.000283023546217, -0.00046343554277, -0.00107917760033, 7.65912700444e-05, 0.001628623344, 0.00089986162493, -0.00106227956712, 0.00347258802503, -0.00281003932469, 0.00558038754389, -0.00663707358763, 0.0158229824156]]
    },
    "spectral_contrast_coeffs": {
        "max": [-0.354867041111, -0.459042787552, -0.504988133907, -0.583137750626, -0.552832245827, -0.511715054512],
        "mean": [-0.6824914217, -0.755483031273, -0.806603252888, -0.805220782757, -0.792792141438, -0.808041632175],
        "min": [-0.977950632572, -0.968244314194, -0.965001285076, -0.970413208008, -0.964581251144, -0.963710606098],
        "stdev": [0.0998193621635, 0.110552586615, 0.0672809481621, 0.0717389136553, 0.0661122128367, 0.0599069073796]
    },
    "spectral_contrast_valleys": {
        "max": [-5.57765960693, -4.54781007767, -5.1407456398, -6.04545783997, -5.87613916397, -9.13638305664],
        "mean": [-8.46594333649, -7.14214038849, -8.24784755707, -8.23703384399, -8.49979305267, -11.2947540283],
        "min": [-27.6224594116, -27.5080356598, -27.6082878113, -27.5212669373, -27.4078330994, -27.2864933014],
        "stdev": [1.63451659679, 1.76262021065, 1.66322028637, 1.6709280014, 1.63422203064, 1.309060812]
    }
},
"rhythm": {
    "beats_count": 40,
    "beats_loudness": {
        "max": 0.108310833573,
        "mean": 0.0289708524942,
        "min": 0.000183608091902,
        "stdev": 0.0270022135228
    },
    "bpm": 80.7090530396,
    "bpm_histogram_first_peak_bpm": 81,
    "bpm_histogram_first_peak_weight": 0.142857134342,
    "bpm_histogram_second_peak_bpm": 98,
    "bpm_histogram_second_peak_spread": 0.111111104488,
    "bpm_histogram_second_peak_weight": 0.205128207803,
    "danceability": 1.39832115173,
    "onset_rate": 4.27389669418,
    "beats_loudness_band_ratio": {
        "max": [0.31172940135, 0.81986707449, 0.865869939327, 0.671598315239, 0.557447075844, 0.933257937431],
        "mean": [0.0508652441204, 0.153970569372, 0.482670724392, 0.154121950269, 0.133141726255, 0.0653882175684],
        "min": [0.00090563390404, 0.0060743005015, 0.0219299364835, 0.00502733653411, 0.00478706788272, 0.000914265750907],
        "stdev": [0.0668465197086, 0.183131441474, 0.236641466618, 0.156900599599, 0.130375906825, 0.171611994505]
    },
    "beats_position": [0.708208620548, 1.45124709606, 2.20589566231, 2.94893407822, 3.68036270142, 4.42340135574, 5.16644001007, 5.90947818756, 6.66412687302, 7.40716552734, 8.15020370483, 8.893242836, 9.62467098236, 10.3560991287, 10.9714279175, 11.5983667374, 12.2136955261, 12.8174142838, 13.4327430725, 14.0480718613, 14.6517915726, 15.2671203613, 15.8824491501, 16.602268219, 17.3336963654, 18.0999546051, 18.8662128448, 19.6208610535, 20.363899231, 21.0953292847, 21.8499774933, 22.6510658264, 23.4521541595, 24.1487522125, 24.8221302032, 25.5071201324, 26.1921081543, 26.8887062073, 27.5853061676, 28.2819042206],
