{
"metadata": {
    "version": {
        "essentia": "2.1-beta5",
        "essentia_git_sha": "Undefined",
        "extractor": "music 2.0"
    },
    "audio_properties": {
        "analysis": {
            "equal_loudness": 0,
            "length": 28.2935142517,
            "sample_rate": 44100,
            "start_time": 191.4949646,
            "downmix": "mix"
        },
        "bit_rate": 192000,
        "length": 219.811706543,
        "lossless": 0,
        "number_channels": 2,
        "replay_gain": -3.12453460693,
        "sample_rate": 48000,
        "codec": "mp3",
        "md5_encoded": "3ebc63e4c17723d7033e9f075016e8ad"
    },
    "tags": {
        "file_name": "Norway_For Vår Jord_Karoline Krüger.mp3",
        "encoding": ["Lavf58.29.100"]
    }
},
"lowlevel": {
    "average_loudness": 0.0389012917876,
    "barkbands_crest": {
        "max": 23.0303974152,
        "mean": 7.29398870468,
        "min": 2.63566851616,
        "stdev": 3.48604536057
    },
    "barkbands_flatness_db": {
        "max": 0.331364959478,
        "mean": 0.135030463338,
        "min": 0.0273146945983,
        "stdev": 0.0646262988448
    },
    "barkbands_kurtosis": {
        "max": 76.5067443848,
        "mean": 2.33474063873,
        "min": -1.63970804214,
        "stdev": 4.324177742
    },
    "barkbands_skewness": {
        "max": 7.39068984985,
        "mean": -0.121691092849,
        "min": -4.00135040283,
        "stdev": 1.47046399117
    },
    "barkbands_spread": {
        "max": 77.6910705566,
        "mean": 17.7347278595,
        "min": 1.61772871017,
        "stdev": 10.0965061188
    },
    "dissonance": {
        "max": 0.499999970198,
        "mean": 0.475576788187,
        "min": 0.283144533634,
        "stdev": 0.0380310639739
    },
    "dynamic_complexity": 8.48371601105,
    "erbbands_crest": {
        "max": 26.6260414124,
        "mean": 6.70794725418,
        "min": 2.59139943123,
        "stdev": 3.92787671089
    },
    "erbbands_flatness_db": {
        "max": 0.392985790968,
        "mean": 0.196444109082,
        "min": 0.0716121569276,
        "stdev": 0.0792402178049
    },
    "erbbands_kurtosis": {
        "max": 16.0451221466,
        "mean": 0.54375487566,
        "min": -1.66946828365,
        "stdev": 1.64046728611
    },
    "erbbands_skewness": {
        "max": 3.64253306389,
        "mean": 0.0479647107422,
        "min": -2.3486802578,
        "stdev": 0.773425340652
    },
    "erbbands_spread": {
        "max": 80.8749542236,
        "mean": 24.9979228973,
        "min": 5.27455091476,
        "stdev": 11.5600614548
    },
    "hfc": {
        "max": 124.891044617,
        "mean": 6.67542123795,
        "min": 1.06038565742e-16,
        "stdev": 13.9231147766
    },
    "loudness_ebu128": {
        "integrated": -23.0469665527,
        "loudness_range": 11.6273803711,
        "momentary": {
            "max": -16.3959636688,
            "mean": -112.183456421,
            "min": -300.691009521,
            "stdev": 125.717445374
        },
        "short_term": {
            "max": -19.2454586029,
            "mean": -93.836151123,
            "min": -300.691009521,
            "stdev": 115.499641418
        }
    },
    "melbands_crest": {
        "max": 27.7537879944,
        "mean": 7.08982944489,
        "min": 1.40978741646,
        "stdev": 5.48832416534
    },
    "melbands_flatness_db": {
        "max": 0.359685689211,
        "mean": 0.110923215747,
        "min": 0.00286567932926,
        "stdev": 0.0960660427809
    },
    "melbands_kurtosis": {
        "max": 100.33380127,
        "mean": 2.05557155609,
        "min": -1.6858227253,
        "stdev": 6.22115850449
    },
    "melbands_skewness": {
        "max": 8.03746986389,
        "mean": 0.755729317665,
        "min": -1.89197134972,
        "stdev": 1.01457870007
    },
    "melbands_spread": {
        "max": 175.809310913,
        "mean": 59.4762496948,
        "min": 2.00545191765,
        "stdev": 53.2717971802
    },
    "pitch_salience": {
        "max": 0.878239989281,
        "mean": 0.764868438244,
        "min": 0.269869148731,
        "stdev": 0.0716954022646
    },
    "silence_rate_20dB": {
        "max": 1,
        "mean": 1,
        "min": 1,
        "stdev": 0
    },
    "silence_rate_30dB": {
        "max": 1,
        "mean": 0.98442620039,
        "min": 0,
        "stdev": 0.123818151653
    },
    "silence_rate_60dB": {
        "max": 1,
        "mean": 0.674590170383,
        "min": 0,
        "stdev": 0.468530148268
    },
    "spectral_centroid": {
        "max": 11830.7265625,
        "mean": 4666.16308594,
        "min": 293.847015381,
        "stdev": 4372.94726562
    },
    "spectral_complexity": {
        "max": 35,
        "mean": 9.11557388306,
        "min": 0,
        "stdev": 8.8723526001
    },
    "spectral_decrease": {
        "max": 2.2495986012e-28,
        "mean": -2.03529171294e-09,
        "min": -4.24286383804e-08,
        "stdev": 5.51152057326e-09
    },
    "spectral_energy": {
        "max": 0.168503418565,
        "mean": 0.00828713551164,
        "min": 9.96692215168e-21,
        "stdev": 0.0220132153481
    },
    "spectral_energyband_high": {
        "max": 0.00628284690902,
        "mean": 7.44092976674e-05,
        "min": 7.01735441485e-21,
        "stdev": 0.000296167941997
    },
    "spectral_energyband_low": {
        "max": 0.00309652043507,
        "mean": 4.97351320519e-05,
        "min": 1.15770071007e-23,
        "stdev": 0.000237260159338
    },
    "spectral_energyband_middle_high": {
        "max": 0.0439308620989,
        "mean": 0.00200374634005,
        "min": 1.08684494588e-21,
        "stdev": 0.00343099655584
    },
    "spectral_energyband_middle_low": {
        "max": 0.152037918568,
        "mean": 0.00623845588416,
        "min": 1.2819538757e-22,
        "stdev": 0.0195181146264
    },
    "spectral_entropy": {
        "max": 9.82530021667,
        "mean": 8.32012462616,
        "min": 6.28627347946,
        "stdev": 1.08584082127
    },
    "spectral_flux": {
        "max": 0.310146361589,
        "mean": 0.0378993861377,
        "min": 6.27500482131e-11,
        "stdev": 0.051783349365
    },
    "spectral_kurtosis": {
        "max": 41.5012664795,
        "mean": 4.68378925323,
        "min": -1.26864659786,
        "stdev": 6.0817527771
    },
    "spectral_rms": {
        "max": 0.0128216063604,
        "mean": 0.00169306597672,
        "min": 3.11830509331e-12,
        "stdev": 0.0022844246123
    },
    "spectral_rolloff": {
        "max": 19961.2792969,
        "mean": 7520.12109375,
        "min": 215.33203125,
        "stdev": 7788.92626953
    },
    "spectral_skewness": {
        "max": 4.40313196182,
        "mean": 1.24860465527,
        "min": -0.0974768400192,
        "stdev": 0.97767406702
    },
    "spectral_spread": {
        "max": 47424040,
        "mean": 15011820,
        "min": 1390948.875,
        "stdev": 17471752
    },
    "spectral_strongpeak": {
        "max": 6.61034440994,
        "mean": 0.559859156609,
        "min": 0,
        "stdev": 0.96441411972
    },
    "zerocrossingrate": {
        "max": 0.7626953125,
        "mean": 0.215096697211,
        "min": 0.0126953125,
        "stdev": 0.201584011316
    },
    "barkbands": {
        "max": [8.74777742865e-06, 8.83577449713e-05, 0.00209460873157, 0.0067173843272, 0.0441086143255, 0.0344719551504, 0.125208511949, 0.0788304358721, 0.0801984667778, 0.0349427610636, 0.0139283109456, 0.0123649798334, 0.0160262864083, 0.0117286667228, 0.00762717239559, 0.0108840726316, 0.00439010607079, 0.00223395996727, 0.00278057623655, 0.000340975500876, 0.00181313906796, 0.00119151745457, 0.00152583513409, 0.000906812259927, 0.000860329833813, 0.000205696196645, 3.65260734725e-06],
        "mean": [2.48327609143e-07, 1.45801891449e-06, 2.51706314884e-05, 4.27910708822e-05, 0.000423699530074, 0.000921049155295, 0.00250651501119, 0.00147803092841, 0.000722645607311, 0.000313703116262, 0.000199428002816, 0.000249031727435, 0.00030773531762, 0.000265288719675, 0.000251649966231, 0.000221613459871, 0.000143295081216, 7.34751010896e-05, 5.49649921595e-05, 2.21578375204e-05, 2.11137194128e-05, 1.5716685084e-05, 1.17615763884e-05, 8.18857733975e-06, 5.43119085705e-06, 9.79093215392e-07, 3.60397311994e-09],
        "min": [5.9145585926e-26, 4.00097259575e-25, 1.20839675753e-24, 1.65348894216e-25, 5.50881725512e-24, 4.18762985561e-24, 3.49014192018e-24, 3.95146698869e-24, 1.40318775511e-23, 9.29812757386e-24, 1.26200831658e-23, 1.19273086742e-23, 1.10601888229e-23, 2.48660664021e-23, 3.4099755873e-23, 4.70494724566e-23, 4.78888741023e-23, 6.41978980528e-23, 1.12110337008e-22, 1.37469615025e-22, 2.09188279446e-22, 2.73877360163e-22, 3.55178501015e-22, 4.50936571873e-22, 7.54935746354e-22, 1.28015206691e-21, 1.80809726559e-21],
        "stdev": [6.32176693216e-07, 5.15805777468e-06, 0.000130936765345, 0.000334251846652, 0.00210141623393, 0.00316376402043, 0.0107629066333, 0.00655867066234, 0.0041481484659, 0.00163902027998, 0.000678310054354, 0.000711297558155, 0.000948253436945, 0.000604013854172, 0.000607460504398, 0.000549579097424, 0.000324591150275, 0.000157045345986, 0.000160197843798, 3.63172584912e-05, 7.41912299418e-05, 6.18716076133e-05, 6.27084373264e-05, 4.82696850668e-05, 4.26479018643e-05, 7.5196267062e-06, 1.04564428227e-07]
    },
    "erbbands": {
        "max": [0.000901126302779, 0.0414829812944, 1.52111589909, 10.3917675018, 15.7873830795, 158.789749146, 326.01373291, 374.152648926, 1432.85461426, 2225.32104492, 2209.34082031, 1427.80615234, 2410.62133789, 470.011932373, 463.010742188, 507.721618652, 693.41809082, 506.467010498, 428.757324219, 395.651824951, 466.583587646, 239.081573486, 146.712524414, 232.793899536, 28.9020652771, 16.8319702148, 25.5757102966, 94.483757019, 53.5432510376, 41.3370399475, 38.0732345581, 19.5959739685, 14.7852458954, 9.68111038208, 6.19679641724, 1.90172493458, 0.126603350043, 0.00365490699187, 0.000519660185091, 0.000191275612451],
        "mean": [3.42701787304e-05, 0.000734944012947, 0.0190416239202, 0.103582769632, 0.228834033012, 1.79284322262, 3.7108745575, 9.58611965179, 29.1176509857, 37.8317642212, 29.3886070251, 16.1740550995, 13.4825496674, 8.58197212219, 8.73211669922, 10.3970727921, 13.886636734, 14.2243967056, 14.013633728, 12.1354198456, 11.9681463242, 7.64174413681, 4.09700489044, 4.08911991119, 1.67010116577, 1.05902266502, 0.82709479332, 0.838383793831, 0.598609924316, 0.443823903799, 0.314773708582, 0.182174220681, 0.128446236253, 0.0675869956613, 0.0352806076407, 0.00922269467264, 0.000726924452465, 2.43901267822e-05, 6.09765493209e-06, 9.99882104225e-06],
        "min": [1.30452350175e-23, 2.10767945009e-22, 1.90968901964e-21, 2.27150036412e-21, 7.17931217826e-21, 1.90496883949e-20, 1.71732889521e-20, 4.29781203545e-20, 6.19702389175e-20, 1.29738936381e-19, 1.50540525458e-19, 3.34004467808e-19, 3.84377569914e-19, 4.9263320407e-19, 6.08932937039e-19, 7.50475792459e-19, 1.3896712873e-18, 1.35582378042e-18, 2.54210593416e-18, 2.6904746323e-18, 2.33296262206e-18, 3.55992107222e-18, 3.82736924378e-18, 4.92126845458e-18, 5.27486500539e-18, 7.41609936237e-18, 7.40594075727e-18, 8.75202334861e-18, 9.62071353866e-18, 9.86837720432e-18, 9.67443561072e-18, 1.00393024974e-17, 9.67639520159e-18, 6.22119519492e-18, 6.06353911966e-18, 3.50448963142e-18, 2.44419297864e-18, 9.12049860389e-19, 2.33721691534e-19, 2.57941830676e-20],
        "stdev": [8.47824994707e-05, 0.00292995921336, 0.0948366448283, 0.606817901134, 0.856574058533, 7.6406211853, 17.7494087219, 33.0532684326, 121.448524475, 171.019241333, 140.65788269, 81.3726272583, 92.5265884399, 31.1535415649, 26.2525157928, 27.9785766602, 40.7015266418, 33.858291626, 33.7051048279, 26.4982700348, 27.6448364258, 16.1159572601, 7.83474493027, 13.2628087997, 2.77602696419, 1.72423923016, 1.60075521469, 3.77223134041, 2.50381183624, 1.95303308964, 1.71471965313, 0.967909038067, 0.817523479462, 0.520520627499, 0.284203857183, 0.0703017115593, 0.00537149421871, 0.00017609274073, 2.05360411201e-05, 2.52403860941e-05]
    },
    "gfcc": {
        "mean": [-496.260498047, 45.0219154358, -136.017440796, -2.7198240757, -55.9395217896, 1.95486414433, -36.7811775208, 0.0477137193084, -13.5810823441, -0.636178076267, -8.01772785187, -3.63113474846, -2.73034954071],
        "cov": [[286436.09375, 17069.2089844, -50197.3945312, -1617.36791992, -20546.703125, 449.632324219, -13740.8388672, -104.416015625, -4924.78222656, -434.918670654, -2804.14379883, -1331.60974121, -859.376220703], [17069.2089844, 2378.80200195, -2569.31738281, -273.495544434, -1203.65734863, -516.060424805, -911.568725586, -193.280883789, -199.871032715, -148.310745239, -29.07513237, -234.748275757, -95.433921814], [-50197.3945312, -2569.31738281, 9380.68847656, 396.965148926, 3589.37158203, -255.89263916, 2327.10253906, -95.5298309326, 845.628662109, 47.8063468933, 493.050872803, 201.561737061, 101.046760559], [-1617.36791992, -273.495544434, 396.965148926, 412.721405029, 178.393157959, 163.577148438, 99.2329711914, 23.1817436218, -44.2292556763, 27.5152187347, -45.3989105225, 25.164056778, -28.9530067444], [-20546.703125, -1203.65734863, 3589.37158203, 178.393157959, 1600.04992676, 8.81672000885, 1011.87255859, 28.2776927948, 349.266326904, 24.5851306915, 196.726852417, 84.383102417, 48.5188140869], [449.632324219, -516.060424805, -255.89263916, 163.577148438, 8.81672000885, 380.387908936, 89.6986541748, 108.426055908, -58.6789970398, 56.7883071899, -96.7820968628, 43.8490600586, -0.149315774441], [-13740.8388672, -911.568725586, 2327.10253906, 99.2329711914, 1011.87255859, 89.6986541748, 778.772399902, 79.731262207, 240.27784729, 29.5997066498, 118.960083008, 56.1422576904, 24.158864975], [-104.416015625, -193.280883789, -95.5298309326, 23.1817436218, 28.2776927948, 108.426055908, 79.731262207, 96.0269622803, 8.84498405457, 20.4674797058, -17.4908466339, 6.973072052, -12.0928611755], [-4924.78222656, -199.871032715, 845.628662109, -44.2292556763, 349.266326904, -58.6789970398, 240.27784729, 8.84498405457, 151.25201416, 16.0289783478, 74.4954147339, 5.45142745972, 21.1148719788], [-434.918670654, -148.310745239, 47.8063468933, 27.5152187347, 24.5851306915, 56.7883071899, 29.5997066498, 20.4674797058, 16.0289783478, 55.7200889587, -5.08063793182, 14.5151138306, -0.90232872963], [-2804.14379883, -29.07513237, 493.050872803, -45.3989105225, 196.726852417, -96.7820968628, 118.960083008, -17.4908466339, 74.4954147339, -5.08063793182, 95.8837814331, 19.9249839783, 16.4820842743], [-1331.60974121, -234.748275757, 201.561737061, 25.164056778, 84.383102417, 43.8490600586, 56.1422576904, 6.973072052, 5.45142745972, 14.5151138306, 19.9249839783, 75.3360366821, 34.1066818237], [-859.376220703, -95.433921814, 101.046760559, -28.9530067444, 48.5188140869, -0.149315774441, 24.158864975, -12.0928611755, 21.1148719788, -0.90232872963, 16.4820842743, 34.1066818237, 58.7118492126]],
        "icov": [[0.000319998536725, -0.000692209461704, 0.000755473680329, -0.000199267233256, 0.000929792062379, -0.000542191846762, 0.00134854298085, -0.000817339867353, 0.000426466926001, -7.44561330066e-05, 0.000559752050322, -0.000591862306464, 0.000699403928593], [-0.000692209461704, 0.00372032471932, -0.00111780769657, -0.000267129042186, -0.00123959453776, 0.00295399641618, -0.00304437475279, 0.00402230257168, -0.00181402859744, 0.0023271876853, -0.00281753321178, 0.0045994897373, -0.000372388458345], [0.000755473680329, -0.00111780769657, 0.00375690544024, -0.00140464969445, 0.000573033816181, 0.00110896711703, -0.00027268906706, 0.00297831650823, -0.000975586881395, -0.000361626967788, 0.00342261395417, -0.00354998372495, 0.00378413754515], [-0.000199267233256, -0.000267129042186, -0.00140464969445, 0.0047174943611, -0.00166004418861, -0.00223174132407, 0.00129813153762, -0.00121645641048, 0.00339682609774, -0.0015304669505, 4.84795091324e-05, -0.000212111830479, 0.000838866981212], [0.000929792062379, -0.00123959453776, 0.000573033816181, -0.00166004418861, 0.0101683717221, -0.00244900910184, 0.000997150200419, -0.00231598969549, -0.000477747584227, 0.00240250490606, -0.00170118827373, 0.00079812144395, 0.000715845962986], [-0.000542191846762, 0.00295399641618, 0.00110896711703, -0.00223174132407, -0.00244900910184, 0.0138545865193, -0.00909092091024, 0.0018343947595, 0.00146162474994, -0.0042757159099, 0.00825111288577, -0.00200754939578, -0.00170752871782], [0.00134854298085, -0.00304437475279, -0.00027268906706, 0.00129813153762, 0.000997150200419, -0.00909092091024, 0.0236353799701, -0.0164303667843, 0.000904108048417, 0.00300752976909, -0.00433062110096, 0.00261090951972, 0.00136306649074], [-0.000817339867353, 0.00402230257168, 0.00297831650823, -0.00121645641048, -0.00231598969549, 0.0018343947595, -0.0164303667843, 0.0358873382211, -0.0110646281391, 0.00171518896241, 0.00267641316168, -0.00402291445062, 0.0105111012235], [0.000426466926001, -0.00181402859744, -0.000975586881395, 0.00339682609774, -0.000477747584227, 0.00146162474994, 0.000904108048417, -0.0110646281391, 0.0318682901561, -0.0129134459421, -0.00787702295929, 0.0107852127403, -0.01131813135], [-7.44561330066e-05, 0.0023271876853, -0.000361626967788, -0.0015304669505, 0.00240250490606, -0.0042757159099, 0.00300752976909, 0.00171518896241, -0.0129134459421, 0.0300196167082, -0.00201437366195, -0.00261523621157, 0.00687026139349], [0.000559752050322, -0.00281753321178, 0.00342261395417, 4.84795091324e-05, -0.00170118827373, 0.00825111288577, -0.00433062110096, 0.00267641316168, -0.00787702295929, -0.00201437366195, 0.0350296422839, -0.0186995752156, 0.00533780781552], [-0.000591862306464, 0.0045994897373, -0.00354998372495, -0.000212111830479, 0.00079812144395, -0.00200754939578, 0.00261090951972, -0.00402291445062, 0.0107852127403, -0.00261523621157, -0.0186995752156, 0.0386188998818, -0.0188531558961], [0.000699403928593, -0.000372388458345, 0.00378413754515, 0.000838866981212, 0.000715845962986, -0.00170752871782, 0.00136306649074, 0.0105111012235, -0.01131813135, 0.00687026139349, 0.00533780781552, -0.0188531558961, 0.0352030843496]]
    },
    "melbands": {
        "max": [1.39020266943e-05, 0.000558468338568, 0.00219093170017, 0.00459737842903, 0.011672263965, 0.00873992685229, 0.0211748592556, 0.0222223717719, 0.0175954122096, 0.00828584935516, 0.0116428723559, 0.00175456865691, 0.00154971925076, 0.00128389371093, 0.0013557462953, 0.00194481632207, 0.00106554816011, 0.000726501806639, 0.000576852704398, 0.000971803674474, 0.000427408813266, 0.00031496383599, 0.000178011570824, 8.52889133967e-05, 0.000225404291996, 4.91892424179e-05, 1.47255068441e-05, 9.96898870653e-06, 9.31480735744e-06, 4.00522549171e-05, 6.04526139796e-05, 2.92130098387e-05, 2.21906066145e-05, 2.5602781534e-05, 2.15757536353e-05, 1.99668920686e-05, 1.22758292491e-05, 9.47885200731e-06, 1.60929466801e-05, 7.4757153925e-06],
        "mean": [3.22061453062e-07, 7.89701425674e-06, 1.90574828594e-05, 6.4346313593e-05, 0.000128319967189, 0.000218285596929, 0.000473267282359, 0.000399801676394, 0.000221581751248, 9.57739612204e-05, 6.48514032946e-05, 3.34495816787e-05, 2.78536754195e-05, 2.7414474971e-05, 2.8588121495e-05, 3.08371272695e-05, 2.56417533819e-05, 2.24445557251e-05, 1.82690109796e-05, 1.54589724843e-05, 1.37215865834e-05, 8.81213964021e-06, 4.25274720328e-06, 3.37403434969e-06, 3.45367084265e-06, 1.54929989549e-06, 8.04016679012e-07, 6.65479603867e-07, 5.22531252045e-07, 4.79844118217e-07, 4.89320427732e-07, 3.43432901673e-07, 2.79895999711e-07, 2.36739026604e-07, 1.92347215489e-07, 1.34640174565e-07, 1.04912629695e-07, 8.93702036819e-08, 8.17000795905e-08, 5.10094544381e-08],
        "min": [1.0451290263e-25, 1.23449631919e-24, 6.86247259176e-25, 1.22216691628e-24, 5.69155895457e-25, 9.49338188917e-25, 7.44040293777e-25, 1.28537114226e-24, 1.59402086004e-24, 1.75583812259e-24, 1.8159096833e-24, 1.68627183201e-24, 1.74467633242e-24, 2.0115899835e-24, 1.64425088792e-24, 2.41837518118e-24, 2.21075665447e-24, 2.93080857559e-24, 2.55552259386e-24, 3.18933584639e-24, 2.28849199415e-24, 2.66394462275e-24, 3.18914139217e-24, 2.76493065153e-24, 3.56904063248e-24, 3.48626861314e-24, 3.6000176225e-24, 4.17275864426e-24, 3.76966965435e-24, 3.76802803481e-24, 4.10514892594e-24, 4.10890508714e-24, 5.04794420391e-24, 4.66612605945e-24, 4.57406796396e-24, 4.60412435331e-24, 5.59412743442e-24, 6.00960785143e-24, 6.0116707227e-24, 4.72973546411e-24],
        "stdev": [9.04603950858e-07, 3.74560950149e-05, 0.00011195775005, 0.000243118964136, 0.000602782645728, 0.000778726302087, 0.00195969245397, 0.00172893621493, 0.00113399780821, 0.00051027990412, 0.000448318809504, 0.000118963966088, 8.68531351443e-05, 7.36513757147e-05, 8.06277166703e-05, 9.63826096267e-05, 6.18664416834e-05, 5.44873801118e-05, 4.30085383414e-05, 4.354401608e-05, 3.08662529278e-05, 2.06182357942e-05, 7.80546270107e-06, 7.64373817219e-06, 1.23327881738e-05, 3.08080120703e-06, 1.38843779496e-06, 1.11685221782e-06, 9.18959642604e-07, 1.55411669311e-06, 2.49747404268e-06, 1.4014901808e-06, 1.19413732591e-06, 1.10331211545e-06, 1.06947959466e-06, 7.49043181258e-07, 5.91853677179e-07, 5.28222130924e-07, 6.79400272929e-07, 3.87366412724e-07]
    },
    "melbands128": {
        "max": [4.62881280328e-06, 7.21891410649e-06, 8.06244406704e-06, 5.83862201893e-05, 0.000481632479932, 0.00119944359176, 0.00181538134348, 0.00396784720942, 0.00134826428257, 0.00188653753139, 0.00882239080966, 0.0206839703023, 0.0142953405157, 0.00942837819457, 0.014130057767, 0.0178683251143, 0.0370262116194, 0.0285938810557, 0.0488337874413, 0.0440376996994, 0.0220552999526, 0.0176664944738, 0.0317393057048, 0.0189644936472, 0.0151600670069, 0.0127483112738, 0.0294692646712, 0.0120223090053, 0.0021340448875, 0.00272137741558, 0.00365371420048, 0.00264404225163, 0.00172174163163, 0.00238187354989, 0.00206804089248, 0.000996316317469, 0.00295044411905, 0.00184582499787, 0.00347668118775, 0.00225832127035, 0.00296626379713, 0.00220198906027, 0.00109814933967, 0.00169881258626, 0.000840174034238, 0.000968971289694, 0.00178438005969, 0.00071102444781, 0.000478332774946, 0.00080042303307, 0.00137670419645, 0.00118890800513, 0.000626759952866, 0.000400651275413, 0.000425839651143, 0.000465541816084, 0.000156959504238, 0.000174969769432, 0.000220782952965, 0.000157199770911, 0.000108589352749, 0.000124379774206, 0.000214997417061, 0.000355293042958, 0.000178766800673, 3.87774816772e-05, 1.49114630403e-05, 2.03773724934e-05, 1.58384882525e-05, 3.11811818392e-05, 1.18117704915e-05, 1.94969179574e-05, 1.17565450637e-05, 9.81279754342e-06, 1.11152312456e-05, 1.94668737095e-05, 9.41220787354e-05, 3.87491818401e-05, 8.23556547402e-05, 3.94125054299e-05, 2.79987707472e-05, 2.30863715842e-05, 4.62904718006e-05, 2.63330985035e-05, 1.81956493179e-05, 2.67677223746e-05, 3.13064047077e-05, 2.57962128671e-05, 2.63900728896e-05, 1.9330993382e-05, 2.957396282e-05, 1.65697201737e-05, 1.02993644759e-05, 1.10810560727e-05, 2.24990544666e-05, 1.03682586996e-05, 7.18627461538e-06, 1.17144063552e-05, 2.65478829533e-05, 1.53429191414e-05, 4.63314199806e-06, 8.18349872134e-06, 8.69856103236e-06, 7.89073328633e-06, 8.39355652715e-06, 5.4194151744e-06, 5.42936641068e-06, 5.98253654971e-06, 2.85403916678e-06, 1.47363948599e-06, 6.85785039423e-07, 3.76188467044e-07, 1.54569860911e-07, 4.6591612346e-08, 1.87582411826e-08, 1.81675563482e-08, 1.75774932387e-08, 1.70490253026e-08, 1.66262719148e-08, 1.61775357554e-08, 1.57939332723e-08, 1.54672594732e-08, 1.51488421807e-08, 1.48582754989e-08, 1.46274219404e-08, 1.44940184299e-08, 1.43773721817e-08, 1.42999470043e-08],
        "mean": [1.33386663492e-07, 2.03624210826e-07, 2.79649469803e-07, 7.64459684888e-07, 4.94127243655e-06, 1.50253172251e-05, 2.17983160837e-05, 2.04835887416e-05, 1.23478275782e-05, 4.44304059783e-05, 0.000111205779831, 0.000140976815601, 0.000117019721074, 0.000129510925035, 0.000189608646906, 0.000254442391451, 0.000398077536374, 0.000520590750966, 0.00058807322057, 0.000403391575674, 0.000340868165949, 0.000273630546872, 0.000232972553931, 0.000131053151563, 9.51640904532e-05, 7.44386707083e-05, 0.000101066521893, 6.58910939819e-05, 3.51276503352e-05, 3.34988289978e-05, 3.53462637577e-05, 2.83184199361e-05, 2.46314248216e-05, 3.03370197798e-05, 2.8592403396e-05, 2.45413157245e-05, 2.9133989301e-05, 2.67042178166e-05, 2.9719010854e-05, 3.31687988364e-05, 3.00239589706e-05, 2.97377500829e-05, 2.56719285971e-05, 2.44720067712e-05, 2.16514090425e-05, 2.24326158786e-05, 2.33089940593e-05, 1.87368295883e-05, 1.58358343469e-05, 1.53298078658e-05, 1.56508431246e-05, 1.55619745783e-05, 1.41692389661e-05, 1.30963526317e-05, 1.23045510918e-05, 8.63343848323e-06, 5.75069952902e-06, 4.72818510389e-06, 3.71074224859e-06, 3.23199969898e-06, 3.23718904838e-06, 3.57948488272e-06, 3.70600309907e-06, 3.74046544493e-06, 2.48395713243e-06, 1.5303693317e-06, 8.91866193342e-07, 8.5803986849e-07, 7.6912675695e-07, 7.66165442201e-07, 6.68847064844e-07, 6.32836815839e-07, 5.63142066312e-07, 5.13358656917e-07, 4.567025087e-07, 4.47237795242e-07, 5.27985889676e-07, 4.84580596094e-07, 5.55947735847e-07, 4.02013540679e-07, 3.39259145221e-07, 3.21080563026e-07, 3.23735065422e-07, 2.80263861896e-07, 2.39205490971e-07, 2.43921050469e-07, 2.31525163485e-07, 2.30054780559e-07, 1.90456134419e-07, 1.71161076423e-07, 1.51976919938e-07, 1.25009435692e-07, 1.00917283419e-07, 9.5450253923e-08, 1.23556660014e-07, 9.24811303094e-08, 7.53372404461e-08, 8.80706920725e-08, 1.06380106502e-07, 7.03074789499e-08, 2.77630984868e-08, 5.84711230545e-08, 5.96808860109e-08, 5.4208733502e-08, 4.14162251161e-08, 2.74806772893e-08, 2.59091894605e-08, 2.26421068561e-08, 1.47467078548e-08, 9.60712487341e-09, 5.6713354013e-09, 2.17101980837e-09, 5.42878020315e-10, 1.60878171895e-10, 5.85776774309e-11, 6.23036691683e-11, 2.97275919159e-11, 1.60501438529e-11, 1.55854738837e-11, 1.49776285124e-11, 1.45026343365e-11, 1.42087184032e-11, 1.39252966797e-11, 1.3617261832e-11, 1.33347135417e-11, 1.30770802173e-11, 1.29016094683e-11, 1.28218408113e-11],
        "min": [3.15123338395e-26, 1.71996529538e-26, 1.78846144067e-25, 1.67350739697e-25, 1.42381800606e-25, 4.56630507962e-25, 2.36163162741e-25, 4.78841373623e-26, 3.6176456069e-25, 4.90182685109e-25, 2.08535330991e-25, 1.28603260213e-25, 2.45141829652e-25, 1.90997535584e-25, 3.378573914e-25, 7.96019879566e-26, 6.03874304846e-25, 3.42059308316e-25, 4.46207633948e-25, 4.62753251877e-25, 5.10150184431e-25, 6.75029706408e-25, 2.39241495208e-25, 7.69353311807e-25, 5.41292539424e-25, 4.02285263903e-25, 3.8411784656e-25, 3.53947639373e-25, 4.06983201765e-25, 4.93527258132e-25, 3.05872360397e-25, 1.12617753247e-24, 7.07778675243e-25, 2.71604612452e-25, 7.79711647138e-25, 6.94413744483e-25, 8.67317658195e-25, 8.89970094912e-25, 9.08177497642e-25, 3.74056689923e-25, 8.16829426274e-25, 8.27622078837e-25, 9.16061077706e-25, 1.00096558529e-24, 9.27002874284e-25, 9.06795117513e-25, 5.3938280578e-25, 1.10496999311e-24, 1.42078956905e-24, 1.49496783629e-24, 1.52554793068e-24, 6.8692794753e-25, 8.3708012666e-25, 1.44819735791e-24, 1.00786417391e-24, 1.09626008125e-24, 1.08432737676e-24, 1.00415021676e-24, 9.57414349649e-25, 1.50060947367e-24, 1.73622585719e-24, 2.04279475712e-24, 1.32603682332e-24, 1.7698772829e-24, 1.21777000281e-24, 1.74055650635e-24, 1.25776278551e-24, 1.43296386218e-24, 1.90951039629e-24, 1.66348755692e-24, 2.15338891451e-24, 1.2384469346e-24, 2.99023820075e-24, 1.62970695524e-24, 2.64588661055e-24, 2.56420775521e-24, 2.62793746116e-24, 2.8433187736e-24, 2.38615494637e-24, 2.59625246847e-24, 2.25590947497e-24, 2.53770459259e-24, 3.0283173055e-24, 3.16699767213e-24, 2.21792424466e-24, 3.00357152777e-24, 2.61442664043e-24, 1.44547351981e-24, 2.35609638765e-24, 3.37238668071e-24, 2.52447184534e-24, 2.71198112428e-24, 2.17937990918e-24, 3.41713126568e-24, 3.62847420194e-24, 3.63130345158e-24, 3.84843702131e-24, 2.85847831362e-24, 4.02203414654e-24, 3.16370950266e-24, 3.80424739998e-24, 3.59341643445e-24, 2.58192064076e-24, 2.31574516627e-24, 3.76867213974e-24, 4.05156633782e-24, 3.99757038658e-24, 3.90453725901e-24, 4.83286364468e-24, 3.71200037231e-24, 4.91456478534e-24, 4.43640976385e-24, 4.71214307706e-24, 4.07448314155e-24, 3.95479243184e-24, 4.20995777467e-24, 4.54904924035e-24, 5.15920356826e-24, 4.83446937105e-24, 4.63691335684e-24, 5.15064837174e-24, 4.39706808721e-24, 5.17061168024e-24, 4.56460478854e-24, 4.74366871985e-24, 5.8642014595e-24, 5.72400509943e-24, 5.65059212587e-24],
        "stdev": [3.17508551007e-07, 5.07913512138e-07, 7.52777395974e-07, 3.31333785653e-06, 2.82804867311e-05, 7.7437631262e-05, 0.000125011923956, 0.000184690390597, 6.24838503427e-05, 0.000166954210727, 0.000463180505903, 0.000947876018472, 0.00076000019908, 0.000569236581214, 0.000824722112156, 0.00120728148613, 0.00225862558, 0.00256997765973, 0.00347408419475, 0.00244102277793, 0.00174042757135, 0.00142700446304, 0.0018185795052, 0.00085363019025, 0.000633456744254, 0.000470999802928, 0.00100964517333, 0.000518667453434, 0.000129031308461, 0.000143003722769, 0.000170742874616, 0.000113080044684, 8.21312933112e-05, 0.000115104776341, 0.000101118857856, 6.36344702798e-05, 0.000117302704894, 8.53717865539e-05, 0.000127120089019, 0.000118093354104, 0.000114931084681, 0.00010499633936, 7.08347506588e-05, 6.92425164743e-05, 5.1750055718e-05, 6.04805973126e-05, 8.52699595271e-05, 5.02693474118e-05, 3.57406352123e-05, 4.16632319684e-05, 5.55032384e-05, 5.10497884534e-05, 3.48971298081e-05, 3.05861940433e-05, 3.53770192305e-05, 2.30508339882e-05, 1.04310265669e-05, 9.20747243072e-06, 8.25088318379e-06, 7.19431864127e-06, 7.57975431043e-06, 1.05064755189e-05, 1.3173026673e-05, 1.77782803803e-05, 7.57047064326e-06, 2.97847350339e-06, 1.54711858613e-06, 1.67044709087e-06, 1.38966436225e-06, 1.6971897594e-06, 1.16615035495e-06, 1.24458813389e-06, 1.04175842353e-06, 9.65220237958e-07, 9.24175026285e-07, 1.12228974558e-06, 2.90370985567e-06, 2.03723402592e-06, 3.65750179299e-06, 1.71421925188e-06, 1.40671511417e-06, 1.19847516089e-06, 1.72299075984e-06, 1.32141326503e-06, 9.97966481009e-07, 1.09788163627e-06, 1.17032493563e-06, 1.36880123591e-06, 1.12841507871e-06, 9.66420429904e-07, 9.98226482807e-07, 6.61767273868e-07, 4.5309789698e-07, 4.8334851499e-07, 9.65732738223e-07, 5.15585156791e-07, 3.88746769886e-07, 5.9984785139e-07, 1.01612636172e-06, 6.00203122758e-07, 2.02572621788e-07, 4.5926580583e-07, 4.70351182003e-07, 4.46605724846e-07, 3.69920257981e-07, 2.13785327219e-07, 2.13470187305e-07, 2.17301050043e-07, 9.86749242315e-08, 5.78469716572e-08, 3.25403952672e-08, 2.12281197065e-08, 7.04974523202e-09, 1.87763959936e-09, 7.25340787433e-10, 6.72300104476e-10, 5.19743692529e-10, 4.87893336842e-10, 4.75794292853e-10, 4.62949512059e-10, 4.51975484816e-10, 4.42630682107e-10, 4.33513669407e-10, 4.25201041043e-10, 4.18595325069e-10, 4.14784095959e-10, 4.11448985993e-10, 4.09227096654e-10]
    },
    "mfcc": {
        "mean": [-913.59375, 66.9286880493, -43.4839668274, -12.3088817596, -12.8719005585, -7.39851903915, -15.6665611267, -6.6025891304, -6.86394786835, -3.42228889465, -3.67400932312, -1.234182477, -2.71933460236],
        "cov": [[67136.265625, 11707.4541016, -8378.15429688, -2620.98510742, -2436.39257812, -1592.91931152, -3057.54174805, -1230.69946289, -1427.52563477, -807.772521973, -789.973083496, -261.315826416, -563.485961914], [11707.4541016, 3558.14282227, -1217.93664551, -262.260253906, -463.137878418, -579.64251709, -764.565673828, -415.540252686, -445.664367676, -196.358657837, -115.035339355, -52.96849823, -108.768768311], [-8378.15429688, -1217.93664551, 1490.88012695, 525.810546875, 339.809326172, 195.166564941, 321.979248047, 78.9854736328, 107.942741394, 56.4235877991, 65.0567932129, 2.7236623764, 80.2391967773], [-2620.98510742, -262.260253906, 525.810546875, 380.546112061, 181.122802734, 71.1167831421, 113.023895264, 22.3495960236, 0.419086664915, 12.0731334686, 18.8249053955, -12.9655122757, 32.7842559814], [-2436.39257812, -463.137878418, 339.809326172, 181.122802734, 195.745315552, 108.952461243, 125.626976013, 46.2458953857, 46.9619865417, 27.6318225861, 20.5355625153, -5.70529985428, 18.7936840057], [-1592.91931152, -579.64251709, 195.166564941, 71.1167831421, 108.952461243, 215.225616455, 176.782684326, 89.7808837891, 106.309669495, 49.7375488281, 12.4954805374, 6.92922210693, 19.8702907562], [-3057.54174805, -764.565673828, 321.979248047, 113.023895264, 125.626976013, 176.782684326, 278.805877686, 147.038818359, 130.226348877, 74.356086731, 52.3005104065, 25.2080726624, 28.6530036926], [-1230.69946289, -415.540252686, 78.9854736328, 22.3495960236, 46.2458953857, 89.7808837891, 147.038818359, 129.689147949, 82.6252975464, 40.4999046326, 32.0992088318, 18.3093681335, 13.8535280228], [-1427.52563477, -445.664367676, 107.942741394, 0.419086664915, 46.9619865417, 106.309669495, 130.226348877, 82.6252975464, 129.811965942, 65.080039978, 30.745218277, 19.5028591156, 11.601102829], [-807.772521973, -196.358657837, 56.4235877991, 12.0731334686, 27.6318225861, 49.7375488281, 74.356086731, 40.4999046326, 65.080039978, 76.0055923462, 44.4011917114, 16.5728054047, 5.53816986084], [-789.973083496, -115.035339355, 65.0567932129, 18.8249053955, 20.5355625153, 12.4954805374, 52.3005104065, 32.0992088318, 30.745218277, 44.4011917114, 67.4653625488, 27.4194202423, 5.99581336975], [-261.315826416, -52.96849823, 2.7236623764, -12.9655122757, -5.70529985428, 6.92922210693, 25.2080726624, 18.3093681335, 19.5028591156, 16.5728054047, 27.4194202423, 38.7552108765, 11.7031288147], [-563.485961914, -108.768768311, 80.2391967773, 32.7842559814, 18.7936840057, 19.8702907562, 28.6530036926, 13.8535280228, 11.601102829, 5.53816986084, 5.99581336975, 11.7031288147, 34.8764953613]],
        "icov": [[0.000161301359185, -0.000222248578211, 0.000562172557693, -0.000195388071006, 0.000607364985626, -0.000895389704965, 0.000804579001851, -0.000351875671186, 0.000380074605346, -4.62388707092e-05, 0.000351435504854, 7.24181300029e-05, 0.000261064211372], [-0.000222248578211, 0.00137922982685, -0.000220178408199, -0.000873406766914, 0.000359617144568, 0.00162152014673, 0.000112675501441, 0.00116763846017, 0.000584888039157, -0.000476685527246, -0.000616600329522, -0.000570248521399, 0.000542669848073], [0.000562172557693, -0.000220178408199, 0.00413635792211, -0.00295832217671, 0.00192085350864, -0.00224946951494, 0.00138163054362, 0.00133423623629, 0.000222977905651, 0.00117646588478, -2.92755066766e-05, 0.000862176937517, -0.000303206266835], [-0.000195388071006, -0.000873406766914, -0.00295832217671, 0.00877105537802, -0.00606293044984, 0.000948070024606, -0.00288305478171, -0.000902210129425, 0.00276297936216, -0.00118671136443, -3.86552201235e-05, 0.00199950695969, -0.00326046836562], [0.000607364985626, 0.000359617144568, 0.00192085350864, -0.00606293044984, 0.0169829186052, -0.00695129390806, 0.00329982908443, 6.34621173958e-05, 0.00202256510966, 0.000328755209921, -0.00154405273497, 0.00308040552773, 0.00279396981932], [-0.000895389704965, 0.00162152014673, -0.00224946951494, 0.000948070024606, -0.00695129390806, 0.0183708928525, -0.0105752246454, 0.00377413444221, -0.00684295175597, -0.000763495860156, 0.00328014232218, -0.000285172602162, -0.00272785918787], [0.000804579001851, 0.000112675501441, 0.00138163054362, -0.00288305478171, 0.00329982908443, -0.0105752246454, 0.0257814247161, -0.0150347221643, 0.00147190364078, -0.00417092815042, 0.000119057433039, -0.00271462695673, 0.00298330956139], [-0.000351875671186, 0.00116763846017, 0.00133423623629, -0.000902210129425, 6.34621173958e-05, 0.00377413444221, -0.0150347221643, 0.0261124819517, -0.00742361880839, 0.0063531845808, -0.00584239559248, 0.00151667045429, -0.00251409364864], [0.000380074605346, 0.000584888039157, 0.000222977905651, 0.00276297936216, 0.00202256510966, -0.00684295175597, 0.00147190364078, -0.00742361880839, 0.0291971080005, -0.017162244767, 0.00728307897225, -0.00502560054883, 0.00285049714148], [-4.62388707092e-05, -0.000476685527246, 0.00117646588478, -0.00118671136443, 0.000328755209921, -0.000763495860156, -0.00417092815042, 0.0063531845808, -0.017162244767, 0.0377269014716, -0.0214583016932, 0.00658123753965, -0.00146536633838], [0.000351435504854, -0.000616600329522, -2.92755066766e-05, -3.86552201235e-05, -0.00154405273497, 0.00328014232218, 0.000119057433039, -0.00584239559248, 0.00728307897225, -0.0214583016932, 0.0391240306199, -0.0206683650613, 0.00623910315335], [7.24181300029e-05, -0.000570248521399, 0.000862176937517, 0.00199950695969, 0.00308040552773, -0.000285172602162, -0.00271462695673, 0.00151667045429, -0.00502560054883, 0.00658123753965, -0.0206683650613, 0.0468028187752, -0.015866484493], [0.000261064211372, 0.000542669848073, -0.000303206266835, -0.00326046836562, 0.00279396981932, -0.00272785918787, 0.00298330956139, -0.00251409364864, 0.00285049714148, -0.00146536633838, 0.00623910315335, -0.015866484493, 0.0404777154326]]
    },
    "spectral_contrast_coeffs": {
        "max": [-0.286684274673, -0.426027417183, -0.527331352234, -0.669614851475, -0.56564694643, -0.645657539368],
        "mean": [-0.763013124466, -0.842686891556, -0.872745931149, -0.876668035984, -0.856596589088, -0.83412450552],
        "min": [-0.985261082649, -0.986925184727, -0.977474629879, -0.97384005785, -0.969196498394, -0.965311050415],
        "stdev": [0.172612592578, 0.120557457209, 0.0746812522411, 0.0664827376604, 0.0813216567039, 0.0889044702053]
    },
    "spectral_contrast_valleys": {
        "max": [-6.63222074509, -4.64666414261, -5.64359807968, -5.69042873383, -6.85566949844, -8.2113199234],
        "mean": [-15.374663353, -13.7355518341, -13.7810897827, -13.7566099167, -14.2761545181, -16.3904590607],
        "min": [-27.9574584961, -28.079656601, -28.1676464081, -27.6846866608, -27.5664234161, -27.439743042],
        "stdev": [8.12934970856, 9.25366783142, 9.2621088028, 9.26298427582, 8.91049480438, 7.47144985199]
    }
},
"rhythm": {
    "beats_count": 69,
    "beats_loudness": {
        "max": 0.13324059546,
        "mean": 0.0119690829888,
        "min": 0,
        "stdev": 0.0289661604911
    },
    "bpm": 162.858032227,
    "bpm_histogram_first_peak_bpm": 161,
    "bpm_histogram_first_peak_weight": 0.346153855324,
    "bpm_histogram_second_peak_bpm": 152,
    "bpm_histogram_second_peak_spread": 0.235294103622,
    "bpm_histogram_second_peak_weight": 0.191176474094,
    "danceability": 1.04019594193,
    "onset_rate": 1.73113524914,
    "beats_loudness_band_ratio": {
        "max": [0.171764016151, 0.813425660133, 0.897746682167, 0.568096637726, 0.562177360058, 0.732558488846],
        "mean": [0.0139724602923, 0.089279346168, 0.203473240137, 0.177666977048, 0.160155728459, 0.0605545602739],
        "min": [0, 0, 0, 0, 0, 0],
        "stdev": [0.0314820967615, 0.172653391957, 0.257595539093, 0.186088487506, 0.179284349084, 0.133894324303]
    },
    "beats_position": [0.441179126501, 0.893968224525, 1.34675729275, 1.78793644905, 2.22911548615, 2.67029476166, 3.11147379875, 3.55265307426, 3.99383211136, 4.42340135574, 4.85297060013, 5.2941493988, 5.73532867432, 6.13006782532, 6.52480697632, 6.91954612732, 7.31428575516, 7.6858048439, 8.05732440948, 8.42884349823, 8.80036258698, 9.19510173798, 9.57823085785, 9.96135997772, 10.3560991287, 10.7276191711, 11.0991382599, 11.4706573486, 11.8537864685, 12.2369155884, 12.6200447083, 12.9915647507, 13.3746938705, 13.7462129593, 14.117732048, 14.4892511368, 14.8491611481, 15.2090702057, 15.5805892944, 15.9521083832, 16.4165077209, 16.8809070587, 17.3453063965, 17.8213157654, 18.3089332581, 18.7965526581, 19.272562027, 19.667301178, 20.062040329, 20.45677948, 20.8631286621, 21.2694778442, 21.6758270264, 22.0821762085, 22.4769153595, 22.8716545105, 23.2663936615, 23.6611328125, 24.0210418701, 24.3809528351, 24.7408618927, 25.1007709503, 25.4839000702, 25.8670291901, 26.2501583099, 26.6216773987, 26.9931964874, 27.3647155762, 27.7362346649],
