{
"metadata": {
    "version": {
        "essentia": "2.1-beta5",
        "essentia_git_sha": "Undefined",
        "extractor": "music 2.0"
    },
    "audio_properties": {
        "analysis": {
            "equal_loudness": 0,
            "length": 12.7477550507,
            "sample_rate": 44100,
            "start_time": 0,
            "downmix": "mix"
        },
        "bit_rate": 192000,
        "length": 220.26449585,
        "lossless": 0,
        "number_channels": 2,
        "replay_gain": 1.91077613831,
        "sample_rate": 48000,
        "codec": "mp3",
        "md5_encoded": "674df001fbb458cae143022e84fa2160"
    },
    "tags": {
        "file_name": "Austria_Lisa Mona Lisa_Wilfried.mp3",
        "encoding": ["Lavf58.29.100"]
    }
},
"lowlevel": {
    "average_loudness": 0.00223329104483,
    "barkbands_crest": {
        "max": 18.8531494141,
        "mean": 7.42302179337,
        "min": 2.96435332298,
        "stdev": 2.43356633186
    },
    "barkbands_flatness_db": {
        "max": 0.27264675498,
        "mean": 0.100268013775,
        "min": 0.0403182059526,
        "stdev": 0.0464851632714
    },
    "barkbands_kurtosis": {
        "max": 49.3644332886,
        "mean": 5.12577581406,
        "min": -1.34245228767,
        "stdev": 6.80141496658
    },
    "barkbands_skewness": {
        "max": 6.02858877182,
        "mean": -0.557406902313,
        "min": -3.79380846024,
        "stdev": 2.05954504013
    },
    "barkbands_spread": {
        "max": 50.6310844421,
        "mean": 22.2325592041,
        "min": 2.37088751793,
        "stdev": 8.23232269287
    },
    "dissonance": {
        "max": 0.499973267317,
        "mean": 0.486201107502,
        "min": 0.390489727259,
        "stdev": 0.0156891997904
    },
    "dynamic_complexity": 12.6174764633,
    "erbbands_crest": {
        "max": 21.1434860229,
        "mean": 4.89037466049,
        "min": 2.63748908043,
        "stdev": 2.75554680824
    },
    "erbbands_flatness_db": {
        "max": 0.279548048973,
        "mean": 0.123048178852,
        "min": 0.0778510794044,
        "stdev": 0.0392404310405
    },
    "erbbands_kurtosis": {
        "max": 7.81682395935,
        "mean": 0.230974808335,
        "min": -1.40389931202,
        "stdev": 0.996495723724
    },
    "erbbands_skewness": {
        "max": 2.80240464211,
        "mean": -0.199463069439,
        "min": -2.18025493622,
        "stdev": 0.747130453587
    },
    "erbbands_spread": {
        "max": 82.0278396606,
        "mean": 36.6297302246,
        "min": 7.72131347656,
        "stdev": 10.1058797836
    },
    "hfc": {
        "max": 93.915512085,
        "mean": 3.97632813454,
        "min": 1.04913097183e-16,
        "stdev": 13.7115449905
    },
    "loudness_ebu128": {
        "integrated": -24.8038730621,
        "loudness_range": 19.3463573456,
        "momentary": {
            "max": -19.3231296539,
            "mean": -209.552139282,
            "min": -300.691009521,
            "stdev": 126.188087463
        },
        "short_term": {
            "max": -24.6994476318,
            "mean": -188.191619873,
            "min": -300.691009521,
            "stdev": 128.862503052
        }
    },
    "melbands_crest": {
        "max": 25.5415649414,
        "mean": 5.50344753265,
        "min": 1.48703479767,
        "stdev": 5.50746440887
    },
    "melbands_flatness_db": {
        "max": 0.347145885229,
        "mean": 0.0681770220399,
        "min": 0.00263290014118,
        "stdev": 0.0992458611727
    },
    "melbands_kurtosis": {
        "max": 91.700843811,
        "mean": 6.00485897064,
        "min": -1.39279687405,
        "stdev": 16.4196910858
    },
    "melbands_skewness": {
        "max": 8.12924480438,
        "mean": 0.969211101532,
        "min": -0.963931143284,
        "stdev": 1.82097160816
    },
    "melbands_spread": {
        "max": 165.716720581,
        "mean": 93.456703186,
        "min": 2.10776472092,
        "stdev": 54.2994003296
    },
    "pitch_salience": {
        "max": 0.971369922161,
        "mean": 0.74493932724,
        "min": 0.359505683184,
        "stdev": 0.0955581814051
    },
    "silence_rate_20dB": {
        "max": 1,
        "mean": 1,
        "min": 1,
        "stdev": 0
    },
    "silence_rate_30dB": {
        "max": 1,
        "mean": 0.989090919495,
        "min": 0,
        "stdev": 0.103875383735
    },
    "silence_rate_60dB": {
        "max": 1,
        "mean": 0.821818172932,
        "min": 0,
        "stdev": 0.382665634155
    },
    "spectral_centroid": {
        "max": 11791.4160156,
        "mean": 7775.88818359,
        "min": 288.0831604,
        "stdev": 4661.06640625
    },
    "spectral_complexity": {
        "max": 42,
        "mean": 2.92363643646,
        "min": 0,
        "stdev": 7.47344064713
    },
    "spectral_decrease": {
        "max": 2.11588874814e-28,
        "mean": -1.66651847877e-09,
        "min": -3.89761467545e-08,
        "stdev": 5.32488364513e-09
    },
    "spectral_energy": {
        "max": 0.152922689915,
        "mean": 0.0066504930146,
        "min": 9.57474402948e-21,
        "stdev": 0.0212606526911
    },
    "spectral_energyband_high": {
        "max": 0.00615269504488,
        "mean": 0.000152358785272,
        "min": 6.52310349753e-21,
        "stdev": 0.000715204456355
    },
    "spectral_energyband_low": {
        "max": 0.079591833055,
        "mean": 0.00172824424226,
        "min": 1.36873551725e-23,
        "stdev": 0.00695085618645
    },
    "spectral_energyband_middle_high": {
        "max": 0.0217775031924,
        "mean": 0.00097240525065,
        "min": 1.13302549436e-21,
        "stdev": 0.00331995612942
    },
    "spectral_energyband_middle_low": {
        "max": 0.138264358044,
        "mean": 0.00412611896172,
        "min": 1.55508137624e-22,
        "stdev": 0.0134504642338
    },
    "spectral_entropy": {
        "max": 9.82179546356,
        "mean": 9.06455516815,
        "min": 6.63897180557,
        "stdev": 1.07690167427
    },
    "spectral_flux": {
        "max": 0.210136786103,
        "mean": 0.0172965433449,
        "min": 6.35854702224e-11,
        "stdev": 0.0365303754807
    },
    "spectral_kurtosis": {
        "max": 14.4130210876,
        "mean": 0.570982277393,
        "min": -1.280164361,
        "stdev": 2.80045700073
    },
    "spectral_rms": {
        "max": 0.0122144529596,
        "mean": 0.00103278178722,
        "min": 3.05633990338e-12,
        "stdev": 0.00232844264247
    },
    "spectral_rolloff": {
        "max": 19767.4804688,
        "mean": 13029.1181641,
        "min": 172.265625,
        "stdev": 8215.14746094
    },
    "spectral_skewness": {
        "max": 2.84794998169,
        "mean": 0.51583391428,
        "min": -0.0930708572268,
        "stdev": 0.760069906712
    },
    "spectral_spread": {
        "max": 43034340,
        "mean": 28576404,
        "min": 2334374,
        "stdev": 17110146
    },
    "spectral_strongpeak": {
        "max": 3.85952663422,
        "mean": 0.132478833199,
        "min": 0,
        "stdev": 0.371398061514
    },
    "zerocrossingrate": {
        "max": 0.73583984375,
        "mean": 0.355619668961,
        "min": 0.0146484375,
        "stdev": 0.210526049137
    },
    "barkbands": {
        "max": [0.00204309821129, 0.0681232362986, 0.0373370870948, 0.0269396193326, 0.106780573726, 0.0230953786522, 0.0170253235847, 0.0129699753597, 0.00906489603221, 0.0100499764085, 0.00126591557637, 0.00748634198681, 0.00360964937136, 0.00596659537405, 0.00338160106912, 0.00253012194298, 0.000788429577369, 0.000779925205279, 0.0014356886968, 0.00114238145761, 0.00171429221518, 0.00225726515055, 0.00125447614118, 0.00129409169313, 0.0011892633047, 0.000288380193524, 1.39267622217e-05],
        "mean": [2.04261614272e-05, 0.000776144908741, 0.000617482524831, 0.000538220047019, 0.00194268708583, 0.000556020007934, 0.000560149957892, 0.00031493633287, 0.000171366045834, 0.000258241896518, 2.92520362564e-05, 0.000211861086427, 8.95940174814e-05, 0.000146766295074, 9.34156560106e-05, 7.07639483153e-05, 1.86355227925e-05, 3.72657013941e-05, 3.1639545341e-05, 3.05088615278e-05, 3.25600631186e-05, 2.82238070213e-05, 2.29161305469e-05, 2.54174537986e-05, 1.92938350665e-05, 6.66536470817e-06, 3.22542774711e-08],
        "min": [2.7077381866e-25, 1.131253951e-24, 1.02617023355e-25, 4.07093420424e-25, 4.31887619429e-24, 4.69073260323e-24, 6.13427864003e-24, 5.96769212166e-24, 1.0149867793e-23, 1.42958130551e-23, 1.19804069018e-23, 1.51574984436e-23, 1.98649959188e-23, 3.04087104073e-23, 3.50284218633e-23, 4.29043460321e-23, 4.03740715232e-23, 7.7167983025e-23, 1.16061204857e-22, 1.51348922144e-22, 1.98204520989e-22, 2.74171043612e-22, 3.49645771414e-22, 4.88872274338e-22, 8.76019609662e-22, 1.19878433357e-21, 1.93353205651e-21],
        "stdev": [0.000139284384204, 0.00504602864385, 0.0026278346777, 0.0018307371065, 0.00774474535137, 0.00218015024439, 0.00209758314304, 0.00138024438638, 0.000797088781837, 0.00109510705806, 0.000111607041617, 0.000829600903671, 0.000360779173207, 0.000625577289611, 0.000370324938558, 0.000268565316219, 7.27442311472e-05, 0.00012638005137, 0.000130487416754, 0.000117349831271, 0.000154921319336, 0.000147880389704, 0.000114622096589, 0.000135829424835, 0.000105833227281, 3.26412373397e-05, 5.96909103479e-07]
    },
    "erbbands": {
        "max": [2.57125496864, 12.9608469009, 38.2615661621, 56.182762146, 83.0131988525, 306.455291748, 844.581604004, 114.150016785, 120.371131897, 314.191894531, 213.307998657, 273.122192383, 207.753158569, 246.899353027, 138.036529541, 197.354721069, 169.076690674, 107.324020386, 324.413848877, 213.52255249, 168.203842163, 60.421421051, 47.3588142395, 70.7426605225, 57.3347053528, 69.9242935181, 80.2215194702, 89.0422058105, 74.7263870239, 48.5156669617, 21.3875541687, 21.4499664307, 26.7828330994, 13.2177190781, 9.51439094543, 2.42662668228, 0.48774266243, 0.012495720759, 0.00198085000739, 0.000220338522922],
        "mean": [0.0233234167099, 0.17804735899, 0.610724925995, 1.46013307571, 2.34086704254, 6.29147624969, 11.3961620331, 3.24321126938, 4.4912519455, 11.4370470047, 6.05476140976, 5.11854839325, 4.41579580307, 7.32611513138, 4.45626735687, 6.22432327271, 4.55592870712, 3.93465423584, 8.24098777771, 4.46905040741, 4.69453382492, 1.58261668682, 2.32291913033, 1.40640437603, 1.51134884357, 1.52247262001, 1.57568109035, 1.13104629517, 1.05038261414, 0.834283053875, 0.55550545454, 0.414793729782, 0.493133753538, 0.219144061208, 0.136844143271, 0.0486395657063, 0.00937232561409, 0.000317075755447, 1.67406960827e-05, 9.01510520634e-06],
        "min": [4.40693042625e-23, 2.78807728199e-22, 6.94890784449e-22, 3.91877824939e-21, 3.76797773072e-21, 1.06097981996e-20, 3.0441600404e-20, 5.92086124319e-20, 9.50285508722e-20, 1.01875738725e-19, 1.42390986967e-19, 2.35878409885e-19, 4.99406314022e-19, 5.68981302525e-19, 7.73382956862e-19, 9.29536355141e-19, 1.24414230021e-18, 1.57646252489e-18, 2.36791038255e-18, 2.52140780728e-18, 3.68612567264e-18, 3.24691944395e-18, 4.64253588511e-18, 5.9121931917e-18, 6.82615208155e-18, 7.24029535806e-18, 8.09654806043e-18, 8.29552635678e-18, 1.00446626277e-17, 9.65773648851e-18, 1.03583195899e-17, 8.19258042082e-18, 8.01215082253e-18, 7.75040192539e-18, 6.07754907769e-18, 3.98103375899e-18, 2.04545283911e-18, 9.17396962664e-19, 2.44553363162e-19, 2.41630652946e-20],
        "stdev": [0.164487615228, 1.10858547688, 2.62257218361, 4.79168367386, 7.08691358566, 22.8874282837, 60.3500595093, 11.9504814148, 14.3682384491, 47.8672370911, 25.7460727692, 23.9349861145, 19.8020973206, 30.4314556122, 16.5088672638, 23.1965808868, 18.0287246704, 13.8961038589, 33.7118797302, 19.5771789551, 18.2784786224, 5.80508852005, 7.92744207382, 5.58213949203, 5.80792427063, 6.31302595139, 7.42951726913, 5.99432516098, 5.34704732895, 4.24600839615, 2.61484289169, 2.03540253639, 2.76274228096, 1.21780002117, 0.761847615242, 0.241817310452, 0.0475014001131, 0.00159882521257, 0.000101656776678, 2.98054274026e-05]
    },
    "gfcc": {
        "mean": [-889.05090332, 31.9124851227, -44.9149093628, 12.669380188, -22.6408405304, 3.12837982178, -17.1625499725, -1.7123632431, -9.48547363281, -1.19643270969, -4.65495347977, -2.69706344604, -1.82266747952],
        "cov": [[296895.5625, 25795.09375, -33506.7773438, 9922.09863281, -17415.2832031, 2417.35107422, -13300.8642578, -1256.68847656, -7452.13818359, -857.053222656, -3698.53930664, -2058.14355469, -1460.37121582], [25795.09375, 2774.59960938, -2605.87329102, 1002.83197021, -1451.99511719, 81.0509185791, -1148.07092285, -207.843780518, -623.613769531, -166.265350342, -279.058532715, -254.640396118, -125.831581116], [-33506.7773438, -2605.87329102, 4615.69775391, -992.282653809, 2099.4699707, -335.761901855, 1558.19055176, 119.51209259, 847.74420166, 78.0481643677, 422.199157715, 221.406005859, 141.451141357], [9922.09863281, 1002.83197021, -992.282653809, 483.112701416, -568.784973145, 43.3552436829, -465.921356201, -94.7574996948, -258.367797852, -70.8098144531, -111.679298401, -99.2829971313, -50.0950393677], [-17415.2832031, -1451.99511719, 2099.4699707, -568.784973145, 1079.43322754, -142.96395874, 801.512512207, 78.5341186523, 443.696807861, 58.6832008362, 218.979858398, 126.801597595, 85.476890564], [2417.35107422, 81.0509185791, -335.761901855, 43.3552436829, -142.96395874, 80.0965194702, -93.1390151978, 29.2852058411, -58.3729133606, 25.323343277, -37.1579704285, 5.31539726257, -12.5400524139], [-13300.8642578, -1148.07092285, 1558.19055176, -465.921356201, 801.512512207, -93.1390151978, 633.697998047, 82.4836578369, 347.962249756, 55.6263923645, 168.56640625, 101.078948975, 64.4080963135], [-1256.68847656, -207.843780518, 119.51209259, -94.7574996948, 78.5341186523, 29.2852058411, 82.4836578369, 62.6330337524, 44.3251228333, 43.0744628906, 11.82010746, 34.2082748413, 3.68895816803], [-7452.13818359, -623.613769531, 847.74420166, -258.367797852, 443.696807861, -58.3729133606, 347.962249756, 44.3251228333, 210.756286621, 31.8864021301, 100.620315552, 52.132194519, 37.9764137268], [-857.053222656, -166.265350342, 78.0481643677, -70.8098144531, 58.6832008362, 25.323343277, 55.6263923645, 43.0744628906, 31.8864021301, 48.4218940735, 8.90254306793, 30.4790248871, 4.86150836945], [-3698.53930664, -279.058532715, 422.199157715, -111.679298401, 218.979858398, -37.1579704285, 168.56640625, 11.82010746, 100.620315552, 8.90254306793, 63.6969566345, 23.5038948059, 22.0545139313], [-2058.14355469, -254.640396118, 221.406005859, -99.2829971313, 126.801597595, 5.31539726257, 101.078948975, 34.2082748413, 52.132194519, 30.4790248871, 23.5038948059, 41.6305961609, 14.3586454391], [-1460.37121582, -125.831581116, 141.451141357, -50.0950393677, 85.476890564, -12.5400524139, 64.4080963135, 3.68895816803, 37.9764137268, 4.86150836945, 22.0545139313, 14.3586454391, 22.8422393799]],
        "icov": [[0.000712027773261, -0.00298765744083, 0.000173444699612, -0.000447643367806, 0.00335379061289, -0.00297267036512, 0.00253677461296, -0.00154818175361, 0.00270417961292, -0.00319115887396, 0.00382814952172, -0.00312682893127, 0.00037587058614], [-0.00298765744083, 0.0152639867738, -0.00107004062738, -8.23740047053e-05, -0.0126923983917, 0.0151888597757, -0.00827717222273, 0.0036197018344, -0.0101205091923, 0.0130389137194, -0.0179447047412, 0.0191319324076, -0.00254005775787], [0.000173444699612, -0.00107004062738, 0.00301047228277, -0.0023594731465, -0.0034426858183, 0.00274838297628, -0.00415429845452, -0.000102938720374, 0.00167316093575, -0.000871281255968, 0.0032181951683, -0.00407996866852, 0.00436049280688], [-0.000447643367806, -8.23740047053e-05, -0.0023594731465, 0.0138296103105, -0.00239996961318, -0.00532690109685, 0.00830721016973, 0.0044306088239, 0.00158372963779, 0.00358330411837, -0.00972784124315, 0.00849904213101, -0.00156096089631], [0.00335379061289, -0.0126923983917, -0.0034426858183, -0.00239996961318, 0.0453393533826, -0.0132427671924, -0.00805065315217, 0.00742325745523, 0.00476213125512, -0.0183773096651, 0.0187638886273, -0.0248255543411, -0.00139405042864], [-0.00297267036512, 0.0151888597757, 0.00274838297628, -0.00532690109685, -0.0132427671924, 0.0554566644132, -0.0187571961433, -0.0131866466254, -2.92052918667e-05, 0.00200303108431, -0.00819195713848, 0.0113292997703, 0.000347201217664], [0.00253677461296, -0.00827717222273, -0.00415429845452, 0.00830721016973, -0.00805065315217, -0.0187571961433, 0.0738392099738, -0.029546732083, -0.0107773747295, 0.00181897368748, -0.00303181516938, 0.00431830203161, -0.00532920286059], [-0.00154818175361, 0.0036197018344, -0.000102938720374, 0.0044306088239, 0.00742325745523, -0.0131866466254, -0.029546732083, 0.0821468606591, -0.0222381893545, -0.0214438643306, 0.00522897625342, -0.0259885359555, 0.0191668234766], [0.00270417961292, -0.0101205091923, 0.00167316093575, 0.00158372963779, 0.00476213125512, -2.92052918667e-05, -0.0107773747295, -0.0222381893545, 0.0872123539448, -0.0266592856497, -0.0179346092045, 0.0198199544102, -0.00807260163128], [-0.00319115887396, 0.0130389137194, -0.000871281255968, 0.00358330411837, -0.0183773096651, 0.00200303108431, 0.00181897368748, -0.0214438643306, -0.0266592856497, 0.0833982378244, -0.017440887168, -0.0143121527508, 0.00167314405553], [0.00382814952172, -0.0179447047412, 0.0032181951683, -0.00972784124315, 0.0187638886273, -0.00819195713848, -0.00303181516938, 0.00522897625342, -0.0179346092045, -0.017440887168, 0.10546734184, -0.0352369435132, -0.00852993037552], [-0.00312682893127, 0.0191319324076, -0.00407996866852, 0.00849904213101, -0.0248255543411, 0.0113292997703, 0.00431830203161, -0.0259885359555, 0.0198199544102, -0.0143121527508, -0.0352369435132, 0.132306024432, -0.038522887975], [0.00037587058614, -0.00254005775787, 0.00436049280688, -0.00156096089631, -0.00139405042864, 0.000347201217664, -0.00532920286059, 0.0191668234766, -0.00807260163128, 0.00167314405553, -0.00852993037552, -0.038522887975, 0.0862456411123]]
    },
    "melbands": {
        "max": [0.0209480430931, 0.0134009253234, 0.0101575450972, 0.00943327881396, 0.0299104042351, 0.00258253584616, 0.00230563268997, 0.00359351956286, 0.0014518732205, 0.00149253779091, 0.00105147948489, 0.00109153543599, 0.000215017382288, 0.00108816649299, 0.000198957801331, 0.000399864045903, 0.000219116860535, 0.000689239997882, 0.000222401344217, 0.000184032134712, 0.000242776295636, 5.4733001889e-05, 4.73215295642e-05, 3.72505164705e-05, 5.86834539718e-05, 7.25553763914e-05, 3.26121298713e-05, 5.62097047805e-05, 5.89368428336e-05, 4.52865861007e-05, 6.10145834798e-05, 5.93686927459e-05, 1.66671979969e-05, 3.64423212886e-05, 1.32284721985e-05, 9.7926476883e-06, 1.36904800456e-05, 2.05099277082e-05, 1.56569931278e-05, 1.25036840473e-05],
        "mean": [0.000215834443225, 0.000291727512376, 0.000261608074652, 0.000320965715218, 0.000396772986278, 7.54602151574e-05, 7.77563764132e-05, 0.000117952862638, 4.2316987674e-05, 2.76090086118e-05, 2.19390622078e-05, 3.22668856825e-05, 8.82773747435e-06, 2.94638321066e-05, 6.56597603665e-06, 9.22969138628e-06, 7.30399233362e-06, 1.5562369299e-05, 6.01476358497e-06, 4.07528705182e-06, 5.93835147811e-06, 1.17454385418e-06, 1.95080451704e-06, 1.62528044712e-06, 1.08495521545e-06, 1.29377428948e-06, 9.58107875704e-07, 1.0044929013e-06, 1.05695721686e-06, 6.51465143164e-07, 6.79435231632e-07, 7.06315347543e-07, 3.89990844951e-07, 5.0181796496e-07, 3.22166698652e-07, 2.58977564727e-07, 2.41144363144e-07, 3.67003650581e-07, 2.55881957401e-07, 1.73032873363e-07],
        "min": [6.66921646113e-25, 9.45985825892e-25, 1.08017116448e-24, 1.30590834706e-24, 9.33514428019e-25, 9.88697220491e-25, 1.32836090615e-24, 9.66754265552e-25, 9.07991030646e-25, 1.39039820963e-24, 2.07487102481e-24, 1.59457878191e-24, 2.35748438841e-24, 1.46270372109e-24, 2.07062024782e-24, 2.50174752367e-24, 2.07910129142e-24, 3.13966857215e-24, 2.70106821973e-24, 2.26208881965e-24, 3.04511747898e-24, 1.87273764519e-24, 2.69682355642e-24, 3.19459774584e-24, 4.10411946246e-24, 4.04359687052e-24, 3.76767423069e-24, 4.24174058611e-24, 3.87013385164e-24, 3.98497740552e-24, 4.6879396412e-24, 4.7676725739e-24, 5.13895705869e-24, 4.87595674935e-24, 5.43103793645e-24, 3.85183937839e-24, 4.55822684812e-24, 4.49528797523e-24, 5.70642138985e-24, 6.17327873989e-24],
        "stdev": [0.0014434462646, 0.00121116347145, 0.000808392418548, 0.00103372614831, 0.00205898075365, 0.000273331330391, 0.000263602880295, 0.000491547165439, 0.000176582077984, 0.000130839966005, 9.97698225547e-05, 0.000135448586661, 3.08401940856e-05, 0.00011808121053, 2.49689346674e-05, 3.71241076209e-05, 2.69487463811e-05, 6.74587208778e-05, 2.39387209149e-05, 1.6435949874e-05, 2.41449833993e-05, 4.78221681988e-06, 6.57822329231e-06, 5.61711158298e-06, 4.49106391898e-06, 5.51838047613e-06, 3.24517873196e-06, 4.55468898508e-06, 5.02929970025e-06, 3.28282521878e-06, 3.7763520595e-06, 3.92020501749e-06, 1.74043327661e-06, 2.76158607448e-06, 1.53362316269e-06, 1.20016909477e-06, 1.21671803299e-06, 2.03733543458e-06, 1.46456841321e-06, 9.88066062746e-07]
    },
    "melbands128": {
        "max": [0.00191733555403, 0.0203700140119, 0.0321466773748, 0.0231268890202, 0.0196869596839, 0.0161078460515, 0.0121805248782, 0.0123654957861, 0.00713721755892, 0.00994055811316, 0.013689480722, 0.0466674715281, 0.036988042295, 0.00542203290388, 0.00348293106072, 0.00050234189257, 0.00138994539157, 0.00244346563704, 0.00409309845418, 0.00544205261394, 0.00329190399498, 0.00377594539896, 0.000545407936443, 0.00164750299882, 0.0033544357866, 0.000380481244065, 0.000474062922876, 0.00118823139928, 0.00196203123778, 0.00162663497031, 0.00114014779683, 0.000244278722676, 0.000187864279724, 9.3872557045e-05, 0.00204559485428, 0.00111383595504, 0.000211916863918, 0.000125374281197, 0.000333865405992, 0.000496642605867, 0.000526843010448, 6.92745306878e-05, 0.000268775504082, 0.000123843579786, 0.00106195849366, 0.00093065778492, 0.000371442787582, 0.000133706722409, 0.000356046948582, 0.000549168442376, 4.2206942453e-05, 3.85457497032e-05, 0.000414349109633, 0.000255396327702, 6.67541098665e-05, 5.21587389812e-05, 0.000114609480079, 3.10037576128e-05, 8.36919134599e-05, 9.92945206235e-05, 5.89396477153e-05, 4.44885663455e-05, 7.85812153481e-05, 8.66084228619e-05, 0.000127304665511, 0.000113852256618, 5.63559151487e-05, 4.55393565062e-05, 1.89441834664e-05, 2.68598632829e-05, 0.000112503090349, 4.63606702397e-05, 2.86953127215e-05, 0.00010100795771, 5.47446907149e-05, 4.33234126831e-05, 8.13348451629e-05, 3.86071078537e-05, 3.99112650484e-05, 0.000142082877574, 8.12881626189e-05, 2.32793991017e-05, 1.67848211277e-05, 2.1757592549e-05, 1.84688105946e-05, 3.94431190216e-05, 5.34590435564e-05, 1.91690887732e-05, 1.49497382154e-05, 1.87614550669e-05, 9.57795145951e-06, 1.11069948616e-05, 1.84098007594e-05, 1.47036844282e-05, 1.69665290741e-05, 1.98753550649e-05, 3.51886883436e-05, 3.39740290656e-05, 1.72876971192e-05, 1.08959420686e-05, 7.24204210201e-06, 1.69256563822e-05, 1.49030374814e-05, 7.09381174602e-06, 1.00590368675e-05, 1.89654692804e-05, 8.0594800238e-06, 3.94997050535e-06, 3.61995330422e-06, 2.5102087875e-06, 3.01158138427e-06, 2.8257293252e-06, 1.48348294715e-06, 1.81702048963e-07, 1.81250698006e-07, 1.31858129748e-07, 6.65489849894e-08, 6.48396820679e-08, 6.32494234765e-08, 6.15984632191e-08, 6.01768945785e-08, 5.89318247535e-08, 5.78588625899e-08, 5.70075933126e-08, 5.60445627684e-08, 5.54647670015e-08, 5.50135190736e-08, 5.4750696421e-08],
        "mean": [1.82951898751e-05, 0.000164972923812, 0.000329834787408, 0.000260120345047, 0.000281450571492, 0.000308593414957, 0.000314231176162, 0.000241817397182, 0.000160424911883, 0.000402508623665, 0.000294339988614, 0.000516349682584, 0.000482281437144, 0.000158460927196, 7.03007171978e-05, 1.88345657079e-05, 5.07438126078e-05, 7.91620477685e-05, 0.000106410916487, 0.000181829498615, 7.37858063076e-05, 8.63198802108e-05, 1.41679902299e-05, 3.09127208311e-05, 5.73061624891e-05, 7.10469930709e-06, 1.11235367513e-05, 1.96335167857e-05, 3.46604538208e-05, 4.71342318633e-05, 2.9899085348e-05, 4.61927720607e-06, 4.05056789532e-06, 3.97586245526e-06, 5.23376911588e-05, 3.0713443266e-05, 4.30276486441e-06, 3.12327165375e-06, 9.86519717117e-06, 1.3283674889e-05, 9.15514829103e-06, 2.6825846362e-06, 7.17203829481e-06, 3.17305921271e-06, 2.51803085121e-05, 1.55795933097e-05, 9.90478656604e-06, 2.68087342192e-06, 6.84739870849e-06, 8.33569265524e-06, 1.05199194422e-06, 1.66011966485e-06, 1.19580545288e-05, 3.83310498364e-06, 9.99464077722e-07, 1.08876895411e-06, 1.59166074809e-06, 9.24141772884e-07, 2.41924362854e-06, 3.34857395501e-06, 1.43123986618e-06, 5.48604873529e-07, 7.16619922514e-07, 9.85159886113e-07, 2.26760425903e-06, 1.11059910068e-06, 9.50300488967e-07, 1.08467452264e-06, 7.70511007886e-07, 1.05556159724e-06, 1.15042428206e-06, 9.58622877079e-07, 7.01448357177e-07, 1.46207037233e-06, 9.61658201959e-07, 4.94672974582e-07, 6.31979276022e-07, 6.02762554536e-07, 5.46231035514e-07, 9.00266854842e-07, 9.93475396172e-07, 4.81087226945e-07, 3.43603801412e-07, 4.33929415067e-07, 3.37249730364e-07, 5.39459335869e-07, 6.2420156155e-07, 3.21596814956e-07, 3.02242852968e-07, 3.26150740193e-07, 2.43218352125e-07, 2.46573733875e-07, 2.57747444721e-07, 2.22289784801e-07, 2.35644534996e-07, 3.05175205995e-07, 4.34266269167e-07, 4.21476983092e-07, 2.54509188835e-07, 1.97791436563e-07, 1.01274437725e-07, 1.94007242271e-07, 2.17948056047e-07, 1.33286803816e-07, 1.53864831987e-07, 1.80101167757e-07, 1.21333030734e-07, 8.86515820753e-08, 8.10669575912e-08, 6.07822840948e-08, 6.6721128178e-08, 5.03665376073e-08, 2.16892832583e-08, 4.05101330259e-09, 1.26186849858e-09, 1.4753628319e-09, 4.24295182322e-10, 1.2233374036e-10, 1.19314808034e-10, 1.1342437406e-10, 1.10641169837e-10, 1.08370312724e-10, 1.06389633214e-10, 1.04802479195e-10, 1.02936180413e-10, 1.01669568597e-10, 1.00731138708e-10, 1.00233925326e-10],
        "min": [1.00603918118e-25, 9.41010418533e-26, 2.47511863635e-25, 3.36869984066e-25, 2.73382532369e-25, 5.8110199825e-26, 1.89990283467e-25, 2.58122585152e-25, 1.51200452014e-25, 1.66919343715e-25, 3.45235706054e-25, 3.03584343297e-25, 6.3554615807e-26, 5.62884549868e-25, 7.48097602627e-25, 1.27317047159e-25, 3.53899025819e-25, 1.63463935735e-25, 6.03208309026e-25, 5.2092503832e-25, 4.88969269125e-25, 6.4213977799e-25, 1.50807623935e-25, 6.60278944253e-25, 3.44351590195e-25, 7.06266379583e-25, 4.71213144136e-25, 8.06484846705e-25, 1.07784096797e-24, 8.72471385097e-25, 3.61343456878e-25, 3.72820840707e-25, 8.14931772062e-25, 1.22061976283e-24, 8.77668992386e-25, 7.71090334217e-25, 7.13523505481e-25, 9.77247200275e-25, 1.19565162492e-24, 3.74115016326e-25, 8.10616604303e-25, 1.3732528109e-24, 9.17408452132e-25, 9.81935499242e-25, 3.70485861731e-25, 8.06042246433e-25, 1.21214157886e-24, 1.37068526587e-24, 1.52256150051e-24, 1.19152972809e-24, 4.81231332506e-25, 1.62319530289e-24, 1.52714468376e-24, 1.32642878858e-24, 8.56720791048e-25, 1.21452255828e-24, 3.78884518663e-25, 1.65522088628e-24, 2.04950362468e-24, 1.78260003158e-24, 9.1582294032e-25, 1.0940782892e-24, 1.35734996669e-24, 2.12109906272e-24, 2.09450380059e-24, 2.26348845611e-24, 1.76285050439e-24, 2.60300452617e-24, 1.66503273822e-24, 1.81570970706e-24, 1.79200522572e-24, 2.11205674459e-24, 1.67316037212e-24, 2.17840290495e-24, 2.76254888324e-24, 2.39872662818e-24, 1.8714385885e-24, 2.64679853376e-24, 2.04428964853e-24, 2.56916101283e-24, 2.28533970597e-24, 3.06227540089e-24, 2.18743674282e-24, 3.37124756556e-24, 2.27858074574e-24, 2.98679817555e-24, 2.55490669071e-24, 2.70431615729e-24, 3.7971200417e-24, 3.20537259973e-24, 2.56363267561e-24, 2.93926082576e-24, 2.78825490191e-24, 2.91012326215e-24, 3.62051814528e-24, 3.56910374135e-24, 3.03466960794e-24, 3.64759816243e-24, 3.91601439632e-24, 3.61138865802e-24, 3.88217029134e-24, 3.9675680342e-24, 3.98112184784e-24, 3.53204621147e-24, 3.58745540702e-24, 3.62726408931e-24, 3.6440474995e-24, 4.08938945721e-24, 4.46185565564e-24, 4.27395253789e-24, 4.45520476935e-24, 4.2743982443e-24, 4.86432144543e-24, 4.45891912092e-24, 3.53032176153e-24, 4.19621266226e-24, 4.04468076541e-24, 4.56689800719e-24, 5.16039474822e-24, 5.10757735518e-24, 4.89446697606e-24, 5.637799563e-24, 5.01328481117e-24, 4.61607362387e-24, 5.36770857741e-24, 5.69793679639e-24, 5.09910459462e-24, 5.41981007918e-24],
        "stdev": [0.000130481756059, 0.00126501056366, 0.00230160704814, 0.00171060522553, 0.00136546720751, 0.00126306235325, 0.00108024664223, 0.000820835470222, 0.000511363614351, 0.00139274145477, 0.0010443541687, 0.00299418228678, 0.00273018027656, 0.000605064386036, 0.000303215871099, 6.1710117734e-05, 0.000145043668454, 0.000277820159681, 0.000449546438176, 0.000799177680165, 0.000329001806676, 0.000410386506701, 5.6707260228e-05, 0.000142247750773, 0.000284704292426, 3.15629731631e-05, 4.83807452838e-05, 9.71415647655e-05, 0.00018163943605, 0.000199590736884, 0.000130546672153, 1.864796468e-05, 1.58849452419e-05, 1.31553015308e-05, 0.000220287096454, 0.000125297592604, 1.76417597686e-05, 1.25613732962e-05, 4.25457292295e-05, 5.6607692386e-05, 4.14801725128e-05, 8.94385811989e-06, 2.91910364467e-05, 1.15382099466e-05, 0.000116642855573, 7.49732935219e-05, 4.13676352764e-05, 1.01743708001e-05, 3.36190023518e-05, 4.40153344243e-05, 3.31814521815e-06, 5.34497939952e-06, 5.06154356117e-05, 1.73046664713e-05, 4.54132214145e-06, 4.40691974291e-06, 8.06571279099e-06, 3.07541586153e-06, 8.73126464285e-06, 1.23342351799e-05, 5.65895970794e-06, 2.59783632828e-06, 4.02829073209e-06, 4.82456789541e-06, 1.00152446976e-05, 6.35954756945e-06, 4.73010140922e-06, 4.03560125051e-06, 2.47692696576e-06, 3.80020378543e-06, 6.81007350067e-06, 4.662633728e-06, 2.99728458231e-06, 7.79331367085e-06, 4.98304552821e-06, 2.77521871794e-06, 4.79165964862e-06, 3.02663238472e-06, 2.74829289992e-06, 6.93884931025e-06, 5.91526577409e-06, 2.25911549023e-06, 1.5637949673e-06, 2.05665810427e-06, 1.62573883244e-06, 3.0997198337e-06, 3.68378232452e-06, 1.67018174579e-06, 1.46754325669e-06, 1.6667501086e-06, 1.07667938209e-06, 1.22033020489e-06, 1.39759083595e-06, 1.15691477731e-06, 1.24565826809e-06, 1.60256979598e-06, 2.52614336205e-06, 2.76840705737e-06, 1.4777084516e-06, 1.08973313218e-06, 5.84247459301e-07, 1.19584171898e-06, 1.26439954329e-06, 6.78219123529e-07, 9.01764281025e-07, 1.15583304705e-06, 6.52728260775e-07, 4.46573807267e-07, 4.1676568685e-07, 2.85229134533e-07, 3.16536812761e-07, 2.74362065511e-07, 1.26683247004e-07, 2.19657660949e-08, 1.05049133836e-08, 1.06811697265e-08, 3.89828302971e-09, 2.76221379103e-09, 2.69450706192e-09, 2.62412203078e-09, 2.56356869066e-09, 2.51052711953e-09, 2.46481879351e-09, 2.42855513477e-09, 2.38753350423e-09, 2.36284236621e-09, 2.34362351748e-09, 2.33242758441e-09]
    },
    "mfcc": {
        "mean": [-1095.50146484, 38.2862586975, -2.89981365204, 7.1650967598, 0.480832010508, 1.96521019936, -2.88196730614, -2.57559990883, -3.48802232742, -1.64764475822, -2.83157587051, -1.98733913898, -1.43831825256],
        "cov": [[65163.4453125, 14038.5693359, -198.448379517, 2674.39624023, 272.225860596, 710.612365723, -929.00189209, -926.253112793, -1186.80603027, -564.882507324, -971.834350586, -730.198303223, -509.978240967], [14038.5693359, 3453.7980957, 28.2195625305, 743.983154297, 91.0906982422, 156.510025024, -232.155105591, -217.729812622, -304.506744385, -148.388336182, -227.960357666, -169.238067627, -115.853042603], [-198.448379517, 28.2195625305, 413.521728516, 161.034759521, 74.7913589478, 6.29456758499, 27.3524665833, 8.3481502533, -6.74689340591, -12.9294557571, 16.057762146, -12.707865715, 0.97756588459], [2674.39624023, 743.983154297, 161.034759521, 298.6065979, 70.1516189575, 51.2783126831, -47.6373405457, -50.2106513977, -84.6107940674, -55.5325584412, -53.5497169495, -48.4436454773, -24.3392105103], [272.225860596, 91.0906982422, 74.7913589478, 70.1516189575, 41.8407211304, 16.6092262268, -0.0190382283181, -5.57550525665, -12.5100183487, -11.9850587845, -5.08465051651, -8.32151508331, -1.2229706049], [710.612365723, 156.510025024, 6.29456758499, 51.2783126831, 16.6092262268, 31.3747253418, -5.61688423157, -10.503036499, -15.5395145416, -9.1355009079, -12.8264579773, -10.3887958527, -6.1596531868], [-929.00189209, -232.155105591, 27.3524665833, -47.6373405457, -0.0190382283181, -5.61688423157, 38.5571899414, 23.0814304352, 30.0724086761, 14.8315162659, 24.5371894836, 15.6491260529, 13.3967151642], [-926.253112793, -217.729812622, 8.3481502533, -50.2106513977, -5.57550525665, -10.503036499, 23.0814304352, 30.3415050507, 26.1625137329, 13.918721199, 21.4539279938, 15.7646484375, 9.18199062347], [-1186.80603027, -304.506744385, -6.74689340591, -84.6107940674, -12.5100183487, -15.5395145416, 30.0724086761, 26.1625137329, 52.4551467896, 25.1557846069, 32.9225463867, 24.7638759613, 18.1187267303], [-564.882507324, -148.388336182, -12.9294557571, -55.5325584412, -11.9850587845, -9.1355009079, 14.8315162659, 13.918721199, 25.1557846069, 24.7150611877, 21.7024517059, 14.5283746719, 8.76651382446], [-971.834350586, -227.960357666, 16.057762146, -53.5497169495, -5.08465051651, -12.8264579773, 24.5371894836, 21.4539279938, 32.9225463867, 21.7024517059, 37.2989082336, 24.9643001556, 16.5029716492], [-730.198303223, -169.238067627, -12.707865715, -48.4436454773, -8.32151508331, -10.3887958527, 15.6491260529, 15.7646484375, 24.7638759613, 14.5283746719, 24.9643001556, 27.4341125488, 15.3351888657], [-509.978240967, -115.853042603, 0.97756588459, -24.3392105103, -1.2229706049, -6.1596531868, 13.3967151642, 9.18199062347, 18.1187267303, 8.76651382446, 16.5029716492, 15.3351888657, 19.0452270508]],
        "icov": [[0.000166357058333, -0.000747984158807, -0.000155380941578, 0.000714862835594, 0.000168470331118, -0.000991250621155, -5.08510311192e-05, 0.000523054681253, -0.000363803410437, 0.000286137947114, 7.65154982219e-05, 0.00048174415133, 6.01204883424e-05], [-0.000747984158807, 0.00456500519067, 0.00121495290659, -0.00619133096188, 0.000848115189001, 0.00359587976709, 0.00110659224447, -0.000250246754149, 0.00285027571954, -0.00451321108267, 0.00155284965876, -0.00301337335259, 0.000771832419559], [-0.000155380941578, 0.00121495290659, 0.00649436144158, -0.00695847952738, -0.00552836060524, 0.00800278875977, -0.00633363891393, -0.000559910666198, -0.00054022076074, -0.00257169175893, -0.00527011463419, 0.00358964456245, 0.00433623231947], [0.000714862835594, -0.00619133096188, -0.00695847952738, 0.0269592255354, -0.010324976407, -0.0145368510857, 0.00863781943917, 0.000550224271137, 0.00558372959495, 0.0197946224362, -0.00736769055948, 0.00808848440647, -0.0099678831175], [0.000168470331118, 0.000848115189001, -0.00552836060524, -0.010324976407, 0.0598559342325, -0.0217001345009, -0.00172135652974, 0.00084513874026, -0.000735283363611, 0.011587803252, -0.0076566375792, 0.00522169377655, -0.00781654752791], [-0.000991250621155, 0.00359587976709, 0.00800278875977, -0.0145368510857, -0.0217001345009, 0.0681697204709, -0.0215898007154, 0.00293582933955, 0.000525333220139, -0.0154060963541, 0.0125470235944, -0.00665928795934, 0.0118494331837], [-5.08510311192e-05, 0.00110659224447, -0.00633363891393, 0.00863781943917, -0.00172135652974, -0.0215898007154, 0.0786511898041, -0.0269346814603, -0.0124452356249, 0.00722789764404, -0.0166190229356, 0.0140128303319, -0.0210679452866], [0.000523054681253, -0.000250246754149, -0.000559910666198, 0.000550224271137, 0.00084513874026, 0.00293582933955, -0.0269346814603, 0.0852443128824, -0.00995787978172, -0.00184630393051, -0.00602834718302, -0.0144869256765, 0.0192799046636], [-0.000363803410437, 0.00285027571954, -0.00054022076074, 0.00558372959495, -0.000735283363611, 0.000525333220139, -0.0124452356249, -0.00995787978172, 0.0754868164659, -0.0235266219825, -0.011399817653, -0.00423444435, -0.0192596074194], [0.000286137947114, -0.00451321108267, -0.00257169175893, 0.0197946224362, 0.011587803252, -0.0154060963541, 0.00722789764404, -0.00184630393051, -0.0235266219825, 0.130172878504, -0.0680328160524, 0.0217429883778, 0.00111173640471], [7.65154982219e-05, 0.00155284965876, -0.00527011463419, -0.00736769055948, -0.0076566375792, 0.0125470235944, -0.0166190229356, -0.00602834718302, -0.011399817653, -0.0680328160524, 0.15115699172, -0.0754860490561, -0.00752525869757], [0.00048174415133, -0.00301337335259, 0.00358964456245, 0.00808848440647, 0.00522169377655, -0.00665928795934, 0.0140128303319, -0.0144869256765, -0.00423444435, 0.0217429883778, -0.0754860490561, 0.134174630046, -0.048576362431], [6.01204883424e-05, 0.000771832419559, 0.00433623231947, -0.0099678831175, -0.00781654752791, 0.0118494331837, -0.0210679452866, 0.0192799046636, -0.0192596074194, 0.00111173640471, -0.00752525869757, -0.048576362431, 0.118150472641]]
    },
    "spectral_contrast_coeffs": {
        "max": [-0.420709550381, -0.624728143215, -0.62596642971, -0.671867668629, -0.732965648174, -0.67355710268],
        "mean": [-0.875830233097, -0.911728143692, -0.918297410011, -0.920112967491, -0.919537246227, -0.902231693268],
        "min": [-0.988093733788, -0.985201239586, -0.979190349579, -0.975748598576, -0.970296382904, -0.96825581789],
        "stdev": [0.134130805731, 0.0847210586071, 0.0727014318109, 0.0688479617238, 0.0609725862741, 0.0838251635432]
    },
    "spectral_contrast_valleys": {
        "max": [-4.94324684143, -4.89210700989, -5.91030740738, -6.53011608124, -6.25330400467, -8.23395633698],
        "mean": [-20.8175239563, -20.7201557159, -20.9485969543, -20.944065094, -21.0198535919, -21.9479560852],
        "min": [-28.2712135315, -28.0866699219, -27.9475536346, -27.7589836121, -27.5846920013, -27.4213943481],
        "stdev": [9.20604801178, 9.26488780975, 9.00091171265, 8.96937465668, 8.89966201782, 7.58080005646]
    }
},
"rhythm": {
    "beats_count": 17,
    "beats_loudness": {
        "max": 0.110639192164,
        "mean": 0.00846856087446,
        "min": 0,
        "stdev": 0.0259194523096
    },
    "bpm": 80.9006958008,
    "bpm_histogram_first_peak_bpm": 92,
    "bpm_histogram_first_peak_weight": 0.142857134342,
    "bpm_histogram_second_peak_bpm": 81,
    "bpm_histogram_second_peak_spread": 0,
    "bpm_histogram_second_peak_weight": 0.5625,
    "danceability": 0.956064343452,
    "onset_rate": 1.01885950565,
    "beats_loudness_band_ratio": {
        "max": [0.7218272686, 0.71462059021, 0.200316175818, 0.352499395609, 0.486025393009, 0.121699646115],
        "mean": [0.117266446352, 0.109426341951, 0.0339463204145, 0.0448769591749, 0.0479850396514, 0.0161077901721],
        "min": [0, 0, 0, 0, 0, 0],
        "stdev": [0.224962756038, 0.200508639216, 0.0559690855443, 0.106503292918, 0.125145033002, 0.0327711105347]
    },
    "beats_position": [0.743038535118, 1.49768710136, 2.2523355484, 2.99537420273, 3.73841261864, 4.48145103455, 5.22448968887, 5.95591831207, 6.68734693527, 7.41877555847, 8.06893444061, 8.71909236908, 9.36925125122, 10.0194101334, 10.6579589844, 11.3081178665, 11.9582767487],
    "bpm_histogram": [0, 0, 0, 0, 0, 0, 0, 0, 0, 0, 0, 0, 0, 0, 0, 0, 0, 0, 0, 0, 0, 0, 0, 0, 0, 0, 0, 0, 0, 0, 0, 0, 0, 0, 0, 0, 0, 0, 0, 0, 0, 0, 0, 0, 0, 0, 0, 0, 0, 0, 0, 0, 0, 0, 0, 0, 0, 0, 0, 0, 0, 0, 0, 0, 0, 0, 0, 0, 0, 0, 0, 0, 0, 0, 0, 0, 0, 0, 0, 0, 0.125, 0.25, 0.1875, 0, 0, 0, 0, 0, 0, 0, 0, 0, 0.375, 0, 0.0625, 0, 0, 0, 0, 0, 0, 0, 0, 0, 0, 0, 0, 0, 0, 0, 0, 0, 0, 0, 0, 0, 0, 0, 0, 0, 0, 0, 0, 0, 0, 0, 0, 0, 0, 0, 0, 0, 0, 0, 0, 0, 0, 0, 0, 0, 0, 0, 0, 0, 0, 0, 0, 0, 0, 0, 0, 0, 0, 0, 0, 0, 0, 0, 0, 0, 0, 0, 0, 0, 0, 0, 0, 0, 0, 0, 0, 0, 0, 0, 0, 0, 0, 0, 0, 0, 0, 0, 0, 0, 0, 0, 0, 0, 0, 0, 0, 0, 0, 0, 0, 0, 0, 0, 0, 0, 0, 0, 0, 0, 0, 0, 0, 0, 0, 0, 0, 0, 0, 0, 0, 0, 0, 0, 0, 0, 0, 0, 0, 0, 0, 0, 0, 0, 0, 0, 0, 0, 0, 0, 0, 0, 0, 0, 0, 0, 0, 0, 0, 0, 0, 0, 0, 0, 0, 0]
},
"tonal": {
    "chords_changes_rate": 0.0652173906565,
    "chords_number_rate": 0.0217391308397,
    "chords_strength": {
