{
"metadata": {
    "version": {
        "essentia": "2.1-beta5",
        "essentia_git_sha": "Undefined",
        "extractor": "music 2.0"
    },
    "audio_properties": {
        "analysis": {
            "equal_loudness": 0,
            "length": 12.7477550507,
            "sample_rate": 44100,
            "start_time": 0,
            "downmix": "mix"
        },
        "bit_rate": 192000,
        "length": 192.864974976,
        "lossless": 0,
        "number_channels": 2,
        "replay_gain": -14.9393291473,
        "sample_rate": 48000,
        "codec": "mp3",
        "md5_encoded": "fbdc2b442948cc8d458788e01eb11edb"
    },
    "tags": {
        "file_name": "Germany_Lied Für Einen Freund_Maxi and Chris Garden.mp3",
        "encoding": ["Lavf58.29.100"]
    }
},
"lowlevel": {
    "average_loudness": 0.281056940556,
    "barkbands_crest": {
        "max": 20.4983005524,
        "mean": 8.59234809875,
        "min": 3.11708283424,
        "stdev": 3.47723865509
    },
    "barkbands_flatness_db": {
        "max": 0.284718513489,
        "mean": 0.119681157172,
        "min": 0.0542777255177,
        "stdev": 0.0431639142334
    },
    "barkbands_kurtosis": {
        "max": 24.7377624512,
        "mean": 2.58546304703,
        "min": -1.86713862419,
        "stdev": 2.7978322506
    },
    "barkbands_skewness": {
        "max": 4.62430238724,
        "mean": 0.472884476185,
        "min": -2.95439648628,
        "stdev": 1.64319491386
    },
    "barkbands_spread": {
        "max": 93.4903259277,
        "mean": 27.650188446,
        "min": 2.58675456047,
        "stdev": 16.7792930603
    },
    "dissonance": {
        "max": 0.499993592501,
        "mean": 0.47527050972,
        "min": 0.382585883141,
        "stdev": 0.0226377211511
    },
    "dynamic_complexity": 11.8526086807,
    "erbbands_crest": {
        "max": 24.3720836639,
        "mean": 5.91525411606,
        "min": 2.28318166733,
        "stdev": 3.33815479279
    },
    "erbbands_flatness_db": {
        "max": 0.316921710968,
        "mean": 0.13964009285,
        "min": 0.0773400440812,
        "stdev": 0.0477649606764
    },
    "erbbands_kurtosis": {
        "max": 13.3828296661,
        "mean": 0.120944932103,
        "min": -1.57498967648,
        "stdev": 1.44144022465
    },
    "erbbands_skewness": {
        "max": 2.63893651962,
        "mean": -0.143499180675,
        "min": -2.87728452682,
        "stdev": 0.725905001163
    },
    "erbbands_spread": {
        "max": 108.960845947,
        "mean": 40.6056480408,
        "min": 11.066321373,
        "stdev": 15.1864738464
    },
    "hfc": {
        "max": 65.9413604736,
        "mean": 9.94566440582,
        "min": 1.09200579438e-16,
        "stdev": 13.5220527649
    },
    "loudness_ebu128": {
        "integrated": -7.74214172363,
        "loudness_range": 5.09876918793,
        "momentary": {
            "max": -3.00711655617,
            "mean": -96.0373001099,
            "min": -300.691009521,
            "stdev": 126.022636414
        },
        "short_term": {
            "max": -7.23688936234,
            "mean": -44.2553062439,
            "min": -300.691009521,
            "stdev": 78.2840042114
        }
    },
    "melbands_crest": {
        "max": 29.2736186981,
        "mean": 12.0087499619,
        "min": 1.58210933208,
        "stdev": 8.34348583221
    },
    "melbands_flatness_db": {
        "max": 0.325934350491,
        "mean": 0.129437282681,
        "min": 0.00251155090518,
        "stdev": 0.0870264470577
    },
    "melbands_kurtosis": {
        "max": 71.6029586792,
        "mean": 7.75863742828,
        "min": -1.43501865864,
        "stdev": 10.3581600189
    },
    "melbands_skewness": {
        "max": 7.31877422333,
        "mean": 1.95332252979,
        "min": -0.607402324677,
        "stdev": 1.65621137619
    },
    "melbands_spread": {
        "max": 185.981811523,
        "mean": 57.0671463013,
        "min": 2.68405222893,
        "stdev": 52.8534622192
    },
    "pitch_salience": {
        "max": 0.928306400776,
        "mean": 0.6209166646,
        "min": 0.233470022678,
        "stdev": 0.132893964648
    },
    "silence_rate_20dB": {
        "max": 1,
        "mean": 1,
        "min": 1,
        "stdev": 0
    },
    "silence_rate_30dB": {
        "max": 1,
        "mean": 0.969090938568,
        "min": 0,
        "stdev": 0.173071697354
    },
    "silence_rate_60dB": {
        "max": 1,
        "mean": 0.523636341095,
        "min": 0,
        "stdev": 0.499440163374
    },
    "spectral_centroid": {
        "max": 12015.1103516,
        "mean": 4341.0234375,
        "min": 433.39263916,
        "stdev": 4405.56982422
    },
    "spectral_complexity": {
        "max": 44,
        "mean": 9.87090873718,
        "min": 0,
        "stdev": 11.2972974777
    },
    "spectral_decrease": {
        "max": 1.00464518517e-20,
        "mean": -4.79691131261e-09,
        "min": -4.6287439659e-08,
        "stdev": 7.68544961005e-09
    },
    "spectral_energy": {
        "max": 0.178868860006,
        "mean": 0.0190067682415,
        "min": 1.00304607703e-20,
        "stdev": 0.0301174093038
    },
    "spectral_energyband_high": {
        "max": 0.00356578733772,
        "mean": 0.000230558493058,
        "min": 7.09609409279e-21,
        "stdev": 0.000424456608016
    },
    "spectral_energyband_low": {
        "max": 0.15076315403,
        "mean": 0.00727643771097,
        "min": 1.17137332616e-23,
        "stdev": 0.0169732104987
    },
    "spectral_energyband_middle_high": {
        "max": 0.022871715948,
        "mean": 0.00290006911382,
        "min": 1.0838787279e-21,
        "stdev": 0.00413365848362
    },
    "spectral_energyband_middle_low": {
        "max": 0.120547942817,
        "mean": 0.0103413462639,
        "min": 1.27356140541e-22,
        "stdev": 0.0155708342791
    },
    "spectral_entropy": {
        "max": 9.82961368561,
        "mean": 8.3288564682,
        "min": 6.64543533325,
        "stdev": 1.03623795509
    },
    "spectral_flux": {
        "max": 0.322392731905,
        "mean": 0.0378544442356,
        "min": 6.18825060639e-11,
        "stdev": 0.0461083091795
    },
    "spectral_kurtosis": {
        "max": 14.3769855499,
        "mean": 1.87051093578,
        "min": -1.26901042461,
        "stdev": 2.87964487076
    },
    "spectral_rms": {
        "max": 0.0132100796327,
        "mean": 0.00280532008037,
        "min": 3.12822879579e-12,
        "stdev": 0.00326700811274
    },
    "spectral_rolloff": {
        "max": 19702.8808594,
        "mean": 6721.53515625,
        "min": 172.265625,
        "stdev": 7958.46777344
    },
    "spectral_skewness": {
        "max": 3.49780011177,
        "mean": 0.944562971592,
        "min": -0.0877052918077,
        "stdev": 0.728508412838
    },
    "spectral_spread": {
        "max": 43132660,
        "mean": 15279782,
        "min": 2500918,
        "stdev": 16386523
    },
    "spectral_strongpeak": {
        "max": 4.61105203629,
        "mean": 0.422676295042,
        "min": 0,
        "stdev": 0.683776378632
    },
    "zerocrossingrate": {
        "max": 0.6064453125,
        "mean": 0.195054158568,
        "min": 0.0166015625,
        "stdev": 0.202096834779
    },
    "barkbands": {
        "max": [0.001388508128, 0.0607110261917, 0.0818404257298, 0.07357673347, 0.0414253473282, 0.0157271362841, 0.0140768773854, 0.0138085680082, 0.0228063389659, 0.0226244386286, 0.00223421561532, 0.00365348951891, 0.00838471204042, 0.00631639547646, 0.00249382457696, 0.00242368155159, 0.00412944424897, 0.00112677610014, 0.00112824025564, 0.00087806279771, 0.000766315264627, 0.000769790029153, 0.00137465214357, 0.000634134106804, 0.000164311524713, 2.68356620836e-06, 4.08624089232e-07],
        "mean": [1.27734683701e-05, 0.0030267694965, 0.00290250591934, 0.00290156016126, 0.00227388739586, 0.00150870648213, 0.001234885538, 0.000609542010352, 0.00110795546789, 0.000983911915682, 0.000276627833955, 0.000227103126235, 0.000506174343172, 0.000276347826002, 0.000197243512957, 0.000175868306542, 0.000302244035993, 0.000109464759589, 0.000105629085738, 7.04586636857e-05, 4.89515914524e-05, 4.91121973027e-05, 5.64536894672e-05, 3.31363880832e-05, 9.34590752877e-06, 1.10471141568e-07, 5.33759392241e-09],
        "min": [6.39380330218e-26, 2.54180706373e-24, 4.33649510678e-25, 4.68485115215e-25, 6.93019038402e-24, 4.1235029582e-24, 6.65455133968e-24, 5.15880479907e-24, 7.16595014302e-24, 1.03457877097e-23, 1.33676172259e-23, 1.79224511832e-23, 2.30217001394e-23, 3.14664908397e-23, 2.12127979075e-23, 3.51959632977e-23, 5.5753444985e-23, 8.84107150502e-23, 1.35698944148e-22, 1.46660955287e-22, 1.66261157421e-22, 2.76245280787e-22, 3.51807452243e-22, 5.94365216933e-22, 8.80802858295e-22, 1.23454737427e-21, 1.91554431131e-21],
        "stdev": [6.61102312733e-05, 0.00816502422094, 0.00706293620169, 0.00736959045753, 0.00407126266509, 0.00247594923712, 0.00243474333547, 0.00147128757089, 0.00225244578905, 0.00229506171308, 0.000420315715019, 0.000448535982287, 0.000926591339521, 0.000638894736767, 0.000332191120833, 0.000333241798216, 0.000674359966069, 0.000176217567059, 0.000182724310434, 0.000121224642498, 9.03165491764e-05, 9.58986711339e-05, 0.000138098708703, 7.39621245884e-05, 2.17008218897e-05, 2.7999641361e-07, 3.36783969601e-08]
    },
    "erbbands": {
        "max": [0.528416633606, 18.9164600372, 99.6159133911, 110.455795288, 308.966125488, 78.7491836548, 106.649833679, 150.017654419, 283.084259033, 222.105285645, 187.300765991, 662.706298828, 849.559326172, 220.526275635, 96.6023712158, 185.484451294, 359.609558105, 130.449951172, 354.452331543, 139.040939331, 125.601119995, 163.25062561, 76.4923477173, 59.6329574585, 37.7859802246, 39.5690841675, 23.6345901489, 36.1644897461, 25.7136363983, 45.1512718201, 36.5348587036, 18.8062000275, 9.20551490784, 2.80383038521, 0.669944822788, 0.0367763973773, 0.00619116751477, 0.000903313164599, 0.000155472065671, 0.000202514493139],
        "mean": [0.0246570464224, 0.881688892841, 3.33671760559, 6.75997257233, 9.1088848114, 7.04626178741, 7.60175323486, 14.122045517, 19.2002658844, 15.366979599, 14.9080305099, 27.8231735229, 38.4174461365, 13.0215768814, 8.49231815338, 11.2717142105, 21.8621368408, 15.8047962189, 13.3558578491, 10.5055551529, 13.479092598, 12.6676540375, 7.12138795853, 6.35071992874, 3.77414155006, 3.06216621399, 1.88836288452, 2.13131570816, 1.7562609911, 1.73095834255, 1.41607892513, 1.00419771671, 0.490037620068, 0.178056105971, 0.0318402759731, 0.00232185423374, 0.000138110815897, 1.98423622351e-05, 1.16173687275e-05, 2.21446589421e-05],
        "min": [1.11389015218e-22, 4.22040054179e-22, 1.43214054699e-21, 5.52723014271e-21, 6.73265039946e-21, 2.18202749267e-20, 4.43405999144e-20, 4.62944586824e-20, 6.65678121596e-20, 1.75284341013e-19, 2.53002160089e-19, 2.29124971322e-19, 3.13993572923e-19, 5.40961076262e-19, 7.54186938278e-19, 8.16013208994e-19, 1.14378295803e-18, 1.66556611029e-18, 2.82226849211e-18, 2.6383026967e-18, 3.90780800885e-18, 4.0972762097e-18, 5.45484337666e-18, 5.45924563188e-18, 7.24702033644e-18, 8.4435329566e-18, 8.06177173311e-18, 8.27992821196e-18, 1.07024366508e-17, 1.1526427655e-17, 9.98042460856e-18, 1.14578692714e-17, 9.20808855216e-18, 8.28977331562e-18, 6.29076976983e-18, 4.21235068139e-18, 2.12984800905e-18, 9.57722017526e-19, 2.59811278247e-19, 2.82390510773e-20],
        "stdev": [0.0675991252065, 2.33863258362, 7.90460109711, 16.5102653503, 20.5038108826, 13.1848497391, 15.9128084183, 22.8697528839, 37.4474143982, 31.5091724396, 28.6595573425, 58.1724815369, 83.9523086548, 21.565530777, 14.6470165253, 21.9017429352, 39.2126922607, 24.1521778107, 31.4899902344, 17.9138469696, 22.4029922485, 25.2017230988, 11.5735855103, 11.1089372635, 6.14709615707, 5.36907625198, 3.15716123581, 4.21148777008, 3.1682498455, 4.58245182037, 3.40937161446, 2.13654875755, 1.15466845036, 0.399756163359, 0.0745239183307, 0.00476268865168, 0.000421098346123, 7.1796712291e-05, 1.94658914552e-05, 3.45533626387e-05]
    },
    "gfcc": {
        "mean": [-447.851013184, 77.4015426636, -93.8410263062, 36.6985588074, -53.0831985474, 16.8885669708, -28.8869075775, 4.56361675262, -8.93560600281, -4.19335365295, -3.56712627411, -9.22461223602, 0.513120889664],
        "cov": [[302879.5625, 30927.7089844, -34492.3046875, 11457.4833984, -18253.2128906, 5043.34912109, -10148.9814453, 474.352355957, -2845.10644531, -2979.07397461, -1245.26220703, -4320.79589844, -21.5765342712], [30927.7089844, 3701.93164062, -3596.77392578, 804.889648438, -1633.36071777, 279.397491455, -951.721313477, -100.050949097, -219.688461304, -483.438751221, -101.214637756, -552.676635742, 5.09010505676], [-34492.3046875, -3596.77392578, 4203.00390625, -1154.27282715, 2154.31323242, -462.636291504, 1169.50488281, -43.7620544434, 284.740783691, 318.093780518, 120.272941589, 472.345855713, -52.8120994568], [11457.4833984, 804.889648438, -1154.27282715, 875.03729248, -811.112731934, 429.183868408, -424.502471924, 154.364028931, -171.72517395, 24.6847839355, -66.9971542358, -71.2935028076, -16.4845314026], [-18253.2128906, -1633.36071777, 2154.31323242, -811.112731934, 1305.15063477, -371.829559326, 662.731201172, -100.772331238, 192.650238037, 81.2364654541, 87.2181472778, 197.20791626, -18.9872398376], [5043.34912109, 279.397491455, -462.636291504, 429.183868408, -371.829559326, 288.818634033, -192.733444214, 96.1261444092, -95.9415435791, 34.1500282288, -40.3238639832, -25.13422966, -16.8377532959], [-10148.9814453, -951.721313477, 1169.50488281, -424.502471924, 662.731201172, -192.733444214, 399.067199707, -37.1612586975, 121.573532104, 58.5283927917, 41.1674041748, 121.715591431, -4.04108762741], [474.352355957, -100.050949097, -43.7620544434, 154.364028931, -100.772331238, 96.1261444092, -37.1612586975, 118.492622375, -25.4857902527, 87.7320404053, -11.2093782425, 57.2423973083, 8.55724143982], [-2845.10644531, -219.688461304, 284.740783691, -171.72517395, 192.650238037, -95.9415435791, 121.573532104, -25.4857902527, 83.3030548096, 1.29699838161, 21.3333759308, 32.3380241394, 6.83113479614], [-2979.07397461, -483.438751221, 318.093780518, 24.6847839355, 81.2364654541, 34.1500282288, 58.5283927917, 87.7320404053, 1.29699838161, 174.484451294, 20.7067909241, 121.020309448, 20.42121315], [-1245.26220703, -101.214637756, 120.272941589, -66.9971542358, 87.2181472778, -40.3238639832, 41.1674041748, -11.2093782425, 21.3333759308, 20.7067909241, 42.7110824585, 21.6276912689, 8.23262786865], [-4320.79589844, -552.676635742, 472.345855713, -71.2935028076, 197.20791626, -25.13422966, 121.715591431, 57.2423973083, 32.3380241394, 121.020309448, 21.6276912689, 136.69569397, 22.1923656464], [-21.5765342712, 5.09010505676, -52.8120994568, -16.4845314026, -18.9872398376, -16.8377532959, -4.04108762741, 8.55724143982, 6.83113479614, 20.42121315, 8.23262786865, 22.1923656464, 35.9803314209]],
        "icov": [[0.000383239850635, -0.00139088963624, 0.000812570971902, -0.000859413703438, 0.000849781150464, -0.000838470470626, 0.00116439303383, -1.52676766447e-05, 9.47135049501e-06, 0.000364599429304, 4.81091774418e-05, 0.000329868722474, 0.000992806861177], [-0.00139088963624, 0.0094850519672, 0.00171529268846, 0.00223891832866, -0.00687051797286, 0.00343541102484, -0.00359548488632, -0.000851946999319, 0.000566460425034, 0.00200807140209, -0.000728182552848, 0.00249400129542, -0.00347054703161], [0.000812570971902, 0.00171529268846, 0.0108141005039, -0.00279576168396, -0.00652584526688, -0.0025840671733, -0.00142732996028, 0.000848858733661, 0.0031157862395, 0.0021015079692, 0.00153582275379, -0.000488486082759, 0.00798707362264], [-0.000859413703438, 0.00223891832866, -0.00279576168396, 0.00907596293837, 0.000947449880186, -0.00466175656766, -0.00154703308363, -0.00136271887459, 0.000940185447689, -0.000138808711199, -0.00131391582545, -0.00393837224692, 0.00032127846498], [0.000849781150464, -0.00687051797286, -0.00652584526688, 0.000947449880186, 0.0166424121708, -0.000946267857216, -0.00223332666792, 0.000415432383306, 0.000451214291388, 0.00127023272216, -0.00487603340298, -0.000895563745871, 0.00118835247122], [-0.000838470470626, 0.00343541102484, -0.0025840671733, -0.00466175656766, -0.000946267857216, 0.0176660884172, -0.00260686757974, -0.00368347251788, 0.003173034871, -0.002258423483, 0.00167301204056, 0.00340580474585, -0.00037049659295], [0.00116439303383, -0.00359548488632, -0.00142732996028, -0.00154703308363, -0.00223332666792, -0.00260686757974, 0.0304562300444, -0.00283233565278, -0.0130746038631, 0.00314025953412, 0.0026744005736, 0.00340373720974, -0.00191244843882], [-1.52676766447e-05, -0.000851946999319, 0.000848858733661, -0.00136271887459, 0.000415432383306, -0.00368347251788, -0.00283233565278, 0.02406029962, 7.48539605411e-05, -0.00849794317037, 0.00651227496564, -0.0104000708088, 0.0029216054827], [9.47135049501e-06, 0.000566460425034, 0.0031157862395, 0.000940185447689, 0.000451214291388, 0.003173034871, -0.0130746038631, 7.48539605411e-05, 0.0304504670203, 0.00406161649153, -0.00532749574631, -0.00647205673158, 0.00229080254212], [0.000364599429304, 0.00200807140209, 0.0021015079692, -0.000138808711199, 0.00127023272216, -0.002258423483, 0.00314025953412, -0.00849794317037, 0.00406161649153, 0.0259010344744, -0.00928928051144, -0.0113724553958, -0.00138899020385], [4.81091774418e-05, -0.000728182552848, 0.00153582275379, -0.00131391582545, -0.00487603340298, 0.00167301204056, 0.0026744005736, 0.00651227496564, -0.00532749574631, -0.00928928051144, 0.0354809351265, -0.000899852951989, -0.00253408565186], [0.000329868722474, 0.00249400129542, -0.000488486082759, -0.00393837224692, -0.000895563745871, 0.00340580474585, 0.00340373720974, -0.0104000708088, -0.00647205673158, -0.0113724553958, -0.000899852951989, 0.0455092564225, -0.0188798736781], [0.000992806861177, -0.00347054703161, 0.00798707362264, 0.00032127846498, 0.00118835247122, -0.00037049659295, -0.00191244843882, 0.0029216054827, 0.00229080254212, -0.00138899020385, -0.00253408565186, -0.0188798736781, 0.0528722293675]]
    },
    "melbands": {
        "max": [0.00989586301148, 0.041323043406, 0.0284588485956, 0.0123898386955, 0.00379781308584, 0.00309821241535, 0.00373783963732, 0.00287323142402, 0.00208000512794, 0.00446926802397, 0.00425370782614, 0.00122529012151, 0.000255341117736, 0.000393579568481, 0.000561594148166, 0.00104737328365, 0.00028585412656, 0.000732647371478, 0.000180664967047, 0.000216856482439, 0.000214476138353, 0.000216316591832, 5.90839044889e-05, 7.37158115953e-05, 5.77060964133e-05, 4.79553164041e-05, 4.29384708696e-05, 2.61077202595e-05, 1.6475594748e-05, 1.48326553244e-05, 2.57093906839e-05, 1.55565776367e-05, 2.07257762668e-05, 2.52964509855e-05, 2.2762997105e-05, 1.97381468752e-05, 8.38577579998e-06, 9.45939518715e-06, 3.18619891004e-06, 2.34750723394e-06],
        "mean": [0.000521523528732, 0.00162069662474, 0.0012851015199, 0.000543287198525, 0.000289200659608, 0.000321422936395, 0.000288965384243, 0.000155650341185, 0.000128281841171, 0.000180330185685, 0.000189334677998, 5.04137460666e-05, 3.00083993352e-05, 2.27826185437e-05, 3.23576496157e-05, 5.79225015827e-05, 2.57316623902e-05, 2.32343627431e-05, 1.38467385113e-05, 1.62204469234e-05, 1.73806529347e-05, 1.69923823705e-05, 5.80835558139e-06, 5.08040966452e-06, 5.43896203453e-06, 3.0608216548e-06, 2.43436033998e-06, 1.94244535123e-06, 1.15682973956e-06, 1.35803259127e-06, 1.08581036784e-06, 1.025701863e-06, 9.08879371764e-07, 9.24906942146e-07, 6.73876741075e-07, 1.05929450456e-06, 4.75640632658e-07, 4.13780497865e-07, 1.71008338157e-07, 1.39520963671e-07],
        "min": [1.25840196006e-24, 8.25806219641e-25, 1.2516258421e-24, 9.9389818044e-25, 1.68050821702e-24, 8.87399887475e-25, 8.79184394185e-25, 2.02986670739e-24, 1.88571184329e-24, 1.0411605136e-24, 1.37112850709e-24, 1.5624790456e-24, 2.54340588757e-24, 2.51126966644e-24, 1.53216055722e-24, 2.29552488633e-24, 2.19060520265e-24, 3.53882962639e-24, 2.13810236789e-24, 3.06230833583e-24, 3.71454484315e-24, 2.96482642719e-24, 3.43423061466e-24, 4.73841924495e-24, 3.27293538082e-24, 4.67740203723e-24, 3.36987336986e-24, 4.98596261372e-24, 3.99385406285e-24, 3.82869577715e-24, 3.9360810456e-24, 5.08712968608e-24, 5.44962231608e-24, 4.94269359307e-24, 5.21525686874e-24, 5.26998054416e-24, 6.42076925498e-24, 5.93686462078e-24, 6.06432718812e-24, 6.36660290978e-24],
        "stdev": [0.00141570018604, 0.00385626172647, 0.00300185172819, 0.000997524126433, 0.000604986038525, 0.000527784868609, 0.000563657551538, 0.000344658066751, 0.000268401316134, 0.000391723529901, 0.00041996728396, 9.70750043052e-05, 4.76640670968e-05, 4.23788405897e-05, 7.11144748493e-05, 0.000111097258923, 4.48305363534e-05, 6.29305650364e-05, 2.39691144088e-05, 3.04009663523e-05, 3.49911060766e-05, 3.6613913835e-05, 9.62192461884e-06, 8.40615030029e-06, 1.01412379081e-05, 5.98681162955e-06, 4.98094368595e-06, 3.49162974089e-06, 2.03031436286e-06, 2.31836588682e-06, 2.45684577749e-06, 1.79965047664e-06, 2.09547215491e-06, 2.66386746262e-06, 1.78644893367e-06, 2.6046993753e-06, 1.04517619093e-06, 1.03182787825e-06, 3.88265220863e-07, 3.31031998257e-07]
    },
    "melbands128": {
        "max": [0.000679583929013, 0.00272218650207, 0.0096911676228, 0.0391208492219, 0.0595620013773, 0.0316560864449, 0.0217933151871, 0.0471314676106, 0.0348858498037, 0.00661137746647, 0.00550926523283, 0.00652917195112, 0.0043235430494, 0.00370548851788, 0.00487841665745, 0.00589622044936, 0.00800165534019, 0.00474150199443, 0.00472274934873, 0.0025533977896, 0.00531388493255, 0.000935034244321, 0.00275611435063, 0.00412217527628, 0.00492311781272, 0.00746643310413, 0.00203749188222, 0.00859558675438, 0.00509133841842, 0.00138332240749, 0.000485946104163, 0.000544733775314, 0.000322444917401, 0.000698471907526, 0.000137605296914, 0.000629189773463, 0.000828318938147, 0.00114555365872, 0.000829421041999, 0.000800373614766, 0.00222896412015, 0.000288520706818, 0.000263033871306, 0.000633871066384, 0.00116479618009, 0.00102240778506, 0.00021536393615, 0.000275971193332, 0.000195577784325, 0.000287436880171, 0.000314641190926, 0.000488102377858, 5.5744763813e-05, 0.000272404664429, 0.000776069122367, 0.00024523830507, 0.000317535974318, 9.04694825294e-05, 8.60219734022e-05, 0.000173359119799, 0.000113832073112, 7.77606546762e-05, 0.000104860766442, 7.70718033891e-05, 0.000182384814252, 5.71494019823e-05, 3.32703639288e-05, 4.53067514172e-05, 6.47999477223e-05, 5.0362177717e-05, 4.77430294268e-05, 5.43182904948e-05, 1.96954424609e-05, 2.29985635087e-05, 1.33760659082e-05, 2.40931385633e-05, 1.88382673514e-05, 4.28741841461e-05, 2.7405028959e-05, 3.19595965266e-05, 1.48199997057e-05, 1.40598031066e-05, 1.81474551937e-05, 1.73115986399e-05, 3.77331271011e-05, 4.94617124787e-05, 3.05291905534e-05, 2.13618877751e-05, 2.38088578044e-05, 2.39706987486e-05, 3.34302858391e-05, 1.91116741917e-05, 1.3091056644e-05, 8.60249474499e-06, 1.06769211925e-05, 2.20587407966e-05, 1.22714445752e-05, 4.15542444898e-06, 2.58631234828e-06, 3.49537367583e-06, 3.93631535189e-06, 3.16081172969e-06, 1.74421506927e-06, 1.53733196839e-06, 5.64163428862e-07, 3.26785425386e-07, 2.94835786008e-07, 4.5183163877e-08, 3.91937362565e-08, 2.36095534234e-08, 1.55016319781e-08, 1.99992236105e-08, 2.3424149731e-08, 1.46874921114e-08, 1.16294147645e-08, 8.73229577536e-09, 6.43466568917e-09, 9.22477916276e-09, 2.2114718945e-09, 4.28357882498e-09, 3.21915916146e-09, 1.72713499058e-09, 1.68812264167e-09, 1.66057123607e-09, 1.63417135379e-09, 1.614753109e-09, 1.60075352973e-09, 1.59153989987e-09],
        "mean": [8.6848212959e-06, 4.52912136097e-05, 0.000482259056298, 0.00187661044765, 0.00184532103594, 0.00138145801611, 0.00132353382651, 0.00151569885202, 0.00089155259775, 0.000403005484259, 0.000369317713194, 0.000380038312869, 0.000232958656852, 0.00022181001259, 0.000307050795527, 0.000388388085412, 0.000386168307159, 0.000225311086979, 0.000259551539784, 0.000143812620081, 0.000142409218824, 6.39077479718e-05, 0.000159644754604, 0.000147729893797, 0.000145866215462, 0.000256804167293, 9.87165331026e-05, 0.000305454421323, 0.000117631199828, 3.2055828342e-05, 4.57951464341e-05, 4.15571848862e-05, 2.22649105126e-05, 3.41048253176e-05, 9.21759874473e-06, 2.25780968321e-05, 3.75900017389e-05, 3.37409583153e-05, 2.55299364653e-05, 4.88056030008e-05, 9.60041725193e-05, 1.83092251973e-05, 1.67551243067e-05, 3.54701151082e-05, 2.71670942311e-05, 2.14735337067e-05, 1.70256735146e-05, 1.40627089422e-05, 1.25318001665e-05, 1.10489754661e-05, 1.89438178495e-05, 2.211789797e-05, 3.39601092492e-06, 1.74432825588e-05, 4.31637490692e-05, 8.94269760465e-06, 7.78846515459e-06, 2.50882612818e-06, 5.67005417906e-06, 1.10318669613e-05, 3.21838160744e-06, 2.10822486224e-06, 6.93107904226e-06, 5.42349107491e-06, 5.14287739861e-06, 2.66995334641e-06, 2.41843804361e-06, 2.15979616769e-06, 2.71410067398e-06, 2.01640318664e-06, 1.76579442268e-06, 2.34564231505e-06, 1.59900650942e-06, 7.0535844543e-07, 7.85010854543e-07, 1.45515616623e-06, 1.47341040702e-06, 1.62526168879e-06, 9.67478285929e-07, 6.09520384387e-07, 1.15649288546e-06, 1.09403583792e-06, 8.80386664903e-07, 6.68247139402e-07, 1.23020470255e-06, 1.15813998036e-06, 7.4546852602e-07, 6.35510957636e-07, 6.02879936196e-07, 5.20059870723e-07, 1.65696826571e-06, 9.97580855255e-07, 4.71293617466e-07, 3.8915484879e-07, 5.80575090225e-07, 5.21832873801e-07, 4.01167000064e-07, 2.35069208543e-07, 1.34435410359e-07, 1.36617913427e-07, 2.07767456573e-07, 1.41080448657e-07, 6.61103882749e-08, 4.50388881745e-08, 2.72905023024e-08, 1.82937824889e-08, 8.41952196851e-09, 3.14366688237e-09, 1.213558809e-09, 7.15343839719e-10, 2.83380569011e-10, 1.80040898856e-10, 1.62603208675e-10, 1.30319824376e-10, 1.19523155262e-10, 1.10868952907e-10, 9.65538551889e-11, 4.06323377722e-11, 2.38291834181e-11, 2.37652588581e-11, 1.80644336295e-11, 8.69626506222e-12, 7.27638088671e-12, 6.8303843484e-12, 6.58973093107e-12, 5.46217411579e-12, 4.89685852631e-12, 4.80473126563e-12],
        "min": [5.87542307984e-26, 5.10653033954e-25, 2.70846517122e-25, 2.83599390428e-25, 9.6337875439e-26, 1.94637056304e-25, 3.6977852467e-25, 1.37523033728e-25, 2.68982512759e-25, 7.04493414699e-25, 4.78249487588e-25, 6.3496498945e-25, 4.00536729055e-25, 4.8839709845e-25, 3.81757697991e-25, 5.93676009671e-25, 6.92537044389e-25, 3.905044891e-25, 3.67271598669e-25, 3.5134873712e-25, 5.6252113151e-25, 7.30253470344e-25, 8.02527131543e-25, 7.79363808783e-25, 5.60553515197e-25, 8.15760125317e-25, 7.31637033764e-25, 5.10369142636e-25, 7.86989135508e-25, 6.35909058738e-25, 1.15122721887e-24, 5.88816922317e-25, 6.43119346019e-25, 6.28881343453e-25, 1.3653908259e-24, 1.02060595385e-24, 9.44898775565e-25, 9.62343941446e-25, 6.77459644515e-25, 1.17589322305e-24, 1.35665774125e-24, 1.61592802041e-24, 9.06707652561e-25, 1.6797268503e-24, 7.27652152205e-25, 1.17104636304e-24, 1.47202519737e-24, 1.03220280081e-24, 9.69150726374e-25, 1.49741162877e-24, 1.02900209629e-24, 1.38434804092e-24, 1.77361648359e-24, 1.73550266896e-24, 1.12745598018e-24, 1.42477676788e-24, 2.46078966826e-24, 2.01913957958e-24, 8.00474909898e-25, 2.38793796923e-24, 2.4556222349e-24, 1.81702710478e-24, 2.3904011874e-24, 2.00132828363e-24, 1.64158848237e-24, 2.72949423081e-24, 2.32531957108e-24, 2.00551575453e-24, 2.52059617171e-24, 2.8762653521e-24, 1.23787658817e-24, 2.13461875813e-24, 1.84448045035e-24, 2.43043370898e-24, 3.27252635644e-24, 3.0444597662e-24, 2.39013100254e-24, 2.10730642144e-24, 2.34447094449e-24, 2.94900069414e-24, 2.28870439495e-24, 2.2660735533e-24, 2.83108038552e-24, 3.67442613853e-24, 3.62708186244e-24, 3.14001152943e-24, 3.91500741538e-24, 4.07480263021e-24, 3.67028146333e-24, 3.64843987702e-24, 2.83671640226e-24, 3.22966971282e-24, 4.63893441848e-24, 4.08540492078e-24, 3.98316736417e-24, 3.4512905206e-24, 4.36977192217e-24, 3.77805761236e-24, 3.45206952074e-24, 4.35627451208e-24, 3.24365325844e-24, 4.67550837662e-24, 4.35721798972e-24, 3.84366244068e-24, 3.7463134551e-24, 4.58694493495e-24, 4.58633987863e-24, 4.89387611924e-24, 3.48510228229e-24, 4.80544362848e-24, 3.55794964258e-24, 5.06068351866e-24, 5.23573254239e-24, 4.5218268338e-24, 5.59139915898e-24, 5.34809118442e-24, 5.06362478655e-24, 5.21213534614e-24, 5.25362824646e-24, 5.74759559037e-24, 5.07489050914e-24, 4.70065252912e-24, 5.15298261116e-24, 4.41244140853e-24, 6.15108611048e-24, 6.51258280358e-24, 5.82900130262e-24, 5.09738606114e-24],
        "stdev": [3.73802868125e-05, 0.000187437108252, 0.0014398181811, 0.00507019506767, 0.00453921314329, 0.00349923060276, 0.00342024536803, 0.00391672877595, 0.00212297728285, 0.000870966643561, 0.00079372577602, 0.000957543612458, 0.000562846485991, 0.000457179005025, 0.000617535319179, 0.000842694425955, 0.000953642185777, 0.000451100873761, 0.000654516683426, 0.000333822536049, 0.000530072895344, 0.000125512524392, 0.000359728233889, 0.000421467819251, 0.000370618305169, 0.000687384279445, 0.000219436260522, 0.000808549346402, 0.000355030031642, 0.000106474464701, 7.7144431998e-05, 7.00461605447e-05, 4.36499176431e-05, 8.2443752035e-05, 1.80982915481e-05, 5.65893387829e-05, 8.51069198688e-05, 0.000102449863334, 7.71679842728e-05, 9.69706234173e-05, 0.000210404032259, 3.58138386218e-05, 3.65917512681e-05, 7.67159581301e-05, 0.000100967852632, 7.79094116297e-05, 3.29707072524e-05, 2.92290787911e-05, 2.57699266513e-05, 2.64584778051e-05, 3.96547548007e-05, 4.82840332552e-05, 6.70480858389e-06, 4.40686308139e-05, 0.000120875309221, 2.44055991061e-05, 2.50176981353e-05, 6.487211067e-06, 1.04101827674e-05, 2.237710396e-05, 8.49513162393e-06, 5.37643609277e-06, 1.61661391758e-05, 1.08236699816e-05, 1.69132799783e-05, 5.58848341825e-06, 4.54496966995e-06, 5.15839292348e-06, 6.940307685e-06, 5.08364382767e-06, 4.76908144265e-06, 4.65207040179e-06, 2.93526500172e-06, 1.80191136678e-06, 1.55706868554e-06, 3.21912125401e-06, 2.61963532466e-06, 4.43683120466e-06, 2.41291058956e-06, 1.85776480066e-06, 2.06032359529e-06, 1.98440443455e-06, 1.96630048777e-06, 1.65429571553e-06, 3.24962252307e-06, 3.88515672967e-06, 2.29131251217e-06, 1.96518817575e-06, 1.70611690464e-06, 1.78363711711e-06, 4.37280505139e-06, 2.51737128565e-06, 1.17107447295e-06, 9.17475915685e-07, 1.46636978116e-06, 1.68978647253e-06, 1.26415829982e-06, 5.82251516335e-07, 3.4018572137e-07, 3.63626895705e-07, 4.90512434226e-07, 3.68800442629e-07, 1.89566449649e-07, 1.28216044004e-07, 6.53532694628e-08, 3.99854265254e-08, 2.08275316993e-08, 6.21372642229e-09, 3.74650310775e-09, 2.82823497955e-09, 1.34094102489e-09, 1.13367104593e-09, 1.17280984924e-09, 8.30665647378e-10, 7.00268565357e-10, 6.03847527536e-10, 5.68084024266e-10, 4.18002715774e-10, 1.85918308526e-10, 2.31375238413e-10, 1.66849423167e-10, 7.79338329981e-11, 7.35667846086e-11, 7.19665715909e-11, 7.08959557727e-11, 6.908122685e-11, 6.83304454685e-11, 6.79361428224e-11]
    },
    "mfcc": {
        "mean": [-886.743896484, 81.0300369263, 4.91718769073, 14.611246109, 1.42307317257, 5.17320156097, -3.80392765999, 2.53550338745, 0.137696310878, 3.16311693192, -0.259100049734, 1.41920316219, -2.70292568207],
        "cov": [[80686.734375, 16858.7695312, -841.023925781, 1679.59265137, 65.4227752686, 503.671722412, -1117.23596191, 394.473907471, -406.919647217, 411.180267334, -454.597961426, -254.662078857, -1057.06762695], [16858.7695312, 3960.73413086, -353.015289307, 338.847290039, 5.8036441803, 33.0296058655, -239.974731445, 42.2172966003, -70.973197937, 77.1522598267, -99.1268539429, -65.8689804077, -199.59576416], [-841.023925781, -353.015289307, 391.444488525, 155.532913208, 90.7096328735, 132.685852051, 93.7272567749, 63.1432723999, 32.4174041748, 37.9694252014, 43.6457290649, 51.3451576233, 23.7280292511], [1679.59265137, 338.847290039, 155.532913208, 208.499740601, 53.5070457458, 81.6284561157, 19.1552600861, 42.107875824, 20.9759464264, 24.057390213, 18.124912262, 43.2529716492, 1.74370384216], [65.4227752686, 5.8036441803, 90.7096328735, 53.5070457458, 99.909614563, 52.9918556213, 52.8794593811, 23.5741462708, -3.22865867615, 17.1021060944, 0.225810319185, 16.4668121338, -0.203136458993], [503.671722412, 33.0296058655, 132.685852051, 81.6284561157, 52.9918556213, 98.1813201904, 35.0115699768, 33.3842582703, 10.6808986664, 22.1040859222, 9.33579063416, 15.547290802, -4.23451852798], [-1117.23596191, -239.974731445, 93.7272567749, 19.1552600861, 52.8794593811, 35.0115699768, 89.5163269043, 13.1587972641, 10.709941864, 10.019651413, 12.7487535477, 15.8938627243, 8.88191986084], [394.473907471, 42.2172966003, 63.1432723999, 42.107875824, 23.5741462708, 33.3842582703, 13.1587972641, 60.8265304565, 18.3580532074, 12.9287462234, 2.49324584007, 10.1508550644, -5.00313282013], [-406.919647217, -70.973197937, 32.4174041748, 20.9759464264, -3.22865867615, 10.6808986664, 10.709941864, 18.3580532074, 47.7891807556, 5.6679315567, 11.9675073624, 11.0226602554, 17.7647151947], [411.180267334, 77.1522598267, 37.9694252014, 24.057390213, 17.1021060944, 22.1040859222, 10.019651413, 12.9287462234, 5.6679315567, 34.5191497803, 3.37177276611, 8.30471134186, 1.91873788834], [-454.597961426, -99.1268539429, 43.6457290649, 18.124912262, 0.225810319185, 9.33579063416, 12.7487535477, 2.49324584007, 11.9675073624, 3.37177276611, 38.9868240356, 14.5609426498, 11.5123033524], [-254.662078857, -65.8689804077, 51.3451576233, 43.2529716492, 16.4668121338, 15.547290802, 15.8938627243, 10.1508550644, 11.0226602554, 8.30471134186, 14.5609426498, 51.7896308899, 26.8754138947], [-1057.06762695, -199.59576416, 23.7280292511, 1.74370384216, -0.203136458993, -4.23451852798, 8.88191986084, -5.00313282013, 17.7647151947, 1.91873788834, 11.5123033524, 26.8754138947, 67.6898956299]],
        "icov": [[0.000214109153603, -0.000840863853227, -0.000387782754842, 0.000124732687254, 0.000385736726457, -0.000689724751282, 0.000792940438259, -0.000490558741149, 0.000723906094208, -0.000228284145123, 0.000405307597248, -0.000405905477237, 0.000723302073311], [-0.000840863853227, 0.00410500867292, 0.00297038955614, -0.00279334373772, -0.00194983533584, 0.00255308300257, -0.00178341194987, 0.00168123620097, -0.00233033043332, -0.00125342200045, -0.00111422874033, 0.00238269171678, -0.00159340712707], [-0.000387782754842, 0.00297038955614, 0.010232639499, -0.00635978300124, -0.0010513199959, -0.00446808245033, -0.00295105809346, -0.00183045491576, 0.000527824973688, -0.00409025372937, -0.0035915793851, 0.0020347381942, -0.000970492255874], [0.000124732687254, -0.00279334373772, -0.00635978300124, 0.01641972363, -0.00102461362258, -0.00399511773139, 0.000938651151955, 4.29331412306e-05, -0.00354843470268, 0.00593170663342, -0.00158101739362, -0.00867305882275, -0.000379875564249], [0.000385736726457, -0.00194983533584, -0.0010513199959, -0.00102461362258, 0.0220190025866, -0.00662524625659, -0.00989371351898, -0.00400072475895, 0.00804594904184, -0.00186489778571, 0.00489613553509, -0.00233400426805, -0.000641362101305], [-0.000689724751282, 0.00255308300257, -0.00446808245033, -0.00399511773139, -0.00662524625659, 0.0276436973363, -0.00285508204252, -0.00076666631503, -0.003360894043, -0.00342831551097, -0.000390087079722, 0.00384519132785, -2.73040259344e-05], [0.000792940438259, -0.00178341194987, -0.00295105809346, 0.000938651151955, -0.00989371351898, -0.00285508204252, 0.0265786144882, 0.000297759455862, -0.00155413709581, -0.00337899057195, -0.000445525976829, -0.00259106676094, 0.00606877077371], [-0.000490558741149, 0.00168123620097, -0.00183045491576, 4.29331412306e-05, -0.00400072475895, -0.00076666631503, 0.000297759455862, 0.0267308056355, -0.0121641894802, -0.00152373022866, 0.00258608162403, -0.0019793426618, 0.00339558697306], [0.000723906094208, -0.00233033043332, 0.000527824973688, -0.00354843470268, 0.00804594904184, -0.003360894043, -0.00155413709581, -0.0121641894802, 0.0341151021421, -0.00365816196427, -0.00348930968903, 0.0014412025921, -0.00536985415965], [-0.000228284145123, -0.00125342200045, -0.00409025372937, 0.00593170663342, -0.00186489778571, -0.00342831551097, -0.00337899057195, -0.00152373022866, -0.00365816196427, 0.0414543151855, -0.00177069474012, -0.00381335918792, -0.00426902621984], [0.000405307597248, -0.00111422874033, -0.0035915793851, -0.00158101739362, 0.00489613553509, -0.000390087079722, -0.000445525976829, 0.00258608162403, -0.00348930968903, -0.00177069474012, 0.0353234373033, -0.00632248260081, 0.00205212039873], [-0.000405905477237, 0.00238269171678, 0.0020347381942, -0.00867305882275, -0.00233400426805, 0.00384519132785, -0.00259106676094, -0.0019793426618, 0.0014412025921, -0.00381335918792, -0.00632248260081, 0.0348642766476, -0.0124128358439], [0.000723302073311, -0.00159340712707, -0.000970492255874, -0.000379875564249, -0.000641362101305, -2.73040259344e-05, 0.00606877077371, 0.00339558697306, -0.00536985415965, -0.00426902621984, 0.00205212039873, -0.0124128358439, 0.0272807776928]]
    },
    "spectral_contrast_coeffs": {
        "max": [-0.434598475695, -0.550373792648, -0.581428945065, -0.656455755234, -0.675537467003, -0.678190469742],
        "mean": [-0.812038958073, -0.835098087788, -0.834842324257, -0.85495954752, -0.851618647575, -0.831336975098],
        "min": [-0.984988093376, -0.986173391342, -0.977145135403, -0.972756326199, -0.970508754253, -0.963781833649],
        "stdev": [0.133013263345, 0.110722318292, 0.110410533845, 0.0884941518307, 0.0869382619858, 0.0928736105561]
    },
    "spectral_contrast_valleys": {
        "max": [-4.59766674042, -5.02517175674, -5.89996480942, -6.12185382843, -6.4309463501, -8.6369600296],
        "mean": [-13.3056840897, -13.2297945023, -13.8401441574, -13.9738521576, -14.0272779465, -15.7432975769],
        "min": [-28.2454566956, -27.8713092804, -27.8183021545, -27.7378349304, -27.4819507599, -27.4249973297],
        "stdev": [9.1711063385, 9.20164108276, 8.83711051941, 8.73298740387, 8.64750671387, 7.52965259552]
    }
},
"rhythm": {
    "beats_count": 26,
    "beats_loudness": {
        "max": 0.115514211357,
        "mean": 0.0210873298347,
        "min": 0,
        "stdev": 0.0297203063965
    },
    "bpm": 126.564208984,
    "bpm_histogram_first_peak_bpm": 126,
    "bpm_histogram_first_peak_weight": 0.319999992847,
    "bpm_histogram_second_peak_bpm": 0,
    "bpm_histogram_second_peak_spread": 0,
    "bpm_histogram_second_peak_weight": 0,
    "danceability": 0.685030937195,
    "onset_rate": 1.80259752274,
    "beats_loudness_band_ratio": {
        "max": [0.749405682087, 0.529429733753, 0.464472383261, 0.361538231373, 0.13293851912, 0.675471663475],
        "mean": [0.304945588112, 0.129163295031, 0.10073081404, 0.0740858465433, 0.0439021028578, 0.111985325813],
        "min": [0, 0, 0, 0, 0, 0],
        "stdev": [0.258864670992, 0.141302809119, 0.126863181591, 0.0875715389848, 0.037003017962, 0.199875548482]
    },
    "beats_position": [0.46439909935, 0.940408170223, 1.4164172411, 1.89242625237, 2.38004541397, 2.86766433716, 3.34367346764, 3.8196823597, 4.29569149017, 4.76009082794, 5.22448968887, 5.70049858093, 6.17650794983, 6.65251684189, 7.12852573395, 7.60453510284, 8.06893444061, 8.53333282471, 9.0093421936, 9.47374153137, 9.94974994659, 10.4257593155, 10.8901586533, 11.3661680222, 11.8421764374, 12.3181858063],
