{
"metadata": {
    "version": {
        "essentia": "2.1-beta5",
        "essentia_git_sha": "Undefined",
        "extractor": "music 2.0"
    },
    "audio_properties": {
        "analysis": {
            "equal_loudness": 0,
            "length": 48.7502937317,
            "sample_rate": 44100,
            "start_time": 77.7520217896,
            "downmix": "mix"
        },
        "bit_rate": 192000,
        "length": 155.829116821,
        "lossless": 0,
        "number_channels": 2,
        "replay_gain": -16.4458351135,
        "sample_rate": 44100,
        "codec": "mp3",
        "md5_encoded": "454d9e42d7b2bf9e1002fa079025ce3b"
    },
    "tags": {
        "file_name": "Portugal_Voltarei_Dora.mp3",
        "encoding": ["Lavf58.29.100"]
    }
},
"lowlevel": {
    "average_loudness": 0.960174620152,
    "barkbands_crest": {
        "max": 23.9140911102,
        "mean": 8.93400859833,
        "min": 2.9994904995,
        "stdev": 3.95501637459
    },
    "barkbands_flatness_db": {
        "max": 0.297377169132,
        "mean": 0.170524671674,
        "min": 0.0773439407349,
        "stdev": 0.0438191182911
    },
    "barkbands_kurtosis": {
        "max": 37.8912658691,
        "mean": 1.80788910389,
        "min": -1.75688922405,
        "stdev": 2.99902176857
    },
    "barkbands_skewness": {
        "max": 5.48316478729,
        "mean": 0.936315476894,
        "min": -2.51064372063,
        "stdev": 0.768475711346
    },
    "barkbands_spread": {
        "max": 44.5757789612,
        "mean": 15.7526683807,
        "min": 2.11304712296,
        "stdev": 7.06179046631
    },
    "dissonance": {
        "max": 0.499981224537,
        "mean": 0.45248106122,
        "min": 0.292412787676,
        "stdev": 0.0330223366618
    },
    "dynamic_complexity": 2.64073228836,
    "erbbands_crest": {
        "max": 33.4185714722,
        "mean": 11.0164813995,
        "min": 2.9624080658,
        "stdev": 5.49255132675
    },
    "erbbands_flatness_db": {
        "max": 0.365992069244,
        "mean": 0.222586408257,
        "min": 0.132928594947,
        "stdev": 0.0390598401427
    },
    "erbbands_kurtosis": {
        "max": 51.8575820923,
        "mean": 0.882261693478,
        "min": -1.7665156126,
        "stdev": 2.97361946106
    },
    "erbbands_skewness": {
        "max": 3.57756185532,
        "mean": 0.529589176178,
        "min": -2.10908913612,
        "stdev": 0.645887553692
    },
    "erbbands_spread": {
        "max": 86.2339553833,
        "mean": 25.3720684052,
        "min": 1.40973758698,
        "stdev": 11.3197803497
    },
    "hfc": {
        "max": 93.8250198364,
        "mean": 23.0049610138,
        "min": 0.545482039452,
        "stdev": 16.0227050781
    },
    "loudness_ebu128": {
        "integrated": -7.31031322479,
        "loudness_range": 4.96929454803,
        "momentary": {
            "max": -3.68362379074,
            "mean": -8.09788703918,
            "min": -17.4441280365,
            "stdev": 3.03777313232
        },
        "short_term": {
            "max": -5.71539878845,
            "mean": -7.64186525345,
            "min": -13.1805238724,
            "stdev": 1.9053362608
        }
    },
    "melbands_crest": {
        "max": 30.6342658997,
        "mean": 11.1014165878,
        "min": 3.27730178833,
        "stdev": 4.47040987015
    },
    "melbands_flatness_db": {
        "max": 0.384604156017,
        "mean": 0.199124157429,
        "min": 0.078235834837,
        "stdev": 0.0625961869955
    },
    "melbands_kurtosis": {
        "max": 70.994934082,
        "mean": 4.3305478096,
        "min": -1.59922635555,
        "stdev": 5.21232700348
    },
    "melbands_skewness": {
        "max": 6.39071369171,
        "mean": 1.40150129795,
        "min": -1.88067615032,
        "stdev": 0.91154229641
    },
    "melbands_spread": {
        "max": 71.7994689941,
        "mean": 21.6513938904,
        "min": 2.85978746414,
        "stdev": 10.3371295929
    },
    "pitch_salience": {
        "max": 0.895907044411,
        "mean": 0.584452033043,
        "min": 0.20296920836,
        "stdev": 0.0943010821939
    },
    "silence_rate_20dB": {
        "max": 1,
        "mean": 1,
        "min": 1,
        "stdev": 0
    },
    "silence_rate_30dB": {
        "max": 1,
        "mean": 1,
        "min": 1,
        "stdev": 0
    },
    "silence_rate_60dB": {
        "max": 1,
        "mean": 0.0257020462304,
        "min": 0,
        "stdev": 0.158243268728
    },
    "spectral_centroid": {
        "max": 2947.98046875,
        "mean": 1187.80090332,
        "min": 332.363769531,
        "stdev": 466.410888672
    },
    "spectral_complexity": {
        "max": 45,
        "mean": 20.62018013,
        "min": 2,
        "stdev": 9.08275699615
    },
    "spectral_decrease": {
        "max": -1.96211366599e-10,
        "mean": -6.50984555151e-09,
        "min": -2.38616753023e-08,
        "stdev": 3.89343446372e-09
    },
    "spectral_energy": {
        "max": 0.0968508347869,
        "mean": 0.0266562681645,
        "min": 0.000819382956252,
        "stdev": 0.0159548036754
    },
    "spectral_energyband_high": {
        "max": 0.00386484898627,
        "mean": 0.000421013712185,
        "min": 1.05559001895e-06,
        "stdev": 0.000484712218167
    },
    "spectral_energyband_low": {
        "max": 0.0307758525014,
        "mean": 0.00257073808461,
        "min": 8.17744148662e-06,
        "stdev": 0.00277647306211
    },
    "spectral_energyband_middle_high": {
        "max": 0.0765324532986,
        "mean": 0.00990719441324,
        "min": 4.30668296758e-05,
        "stdev": 0.0101773291826
    },
    "spectral_energyband_middle_low": {
        "max": 0.0865526050329,
        "mean": 0.0149044282734,
        "min": 0.000522539718077,
        "stdev": 0.011307197623
    },
    "spectral_entropy": {
        "max": 8.24526977539,
        "mean": 7.29724645615,
        "min": 6.11000299454,
        "stdev": 0.4015211761
    },
    "spectral_flux": {
        "max": 0.233953043818,
        "mean": 0.0835155174136,
        "min": 0.0104323262349,
        "stdev": 0.0379536859691
    },
    "spectral_kurtosis": {
        "max": 39.5433692932,
        "mean": 5.96275091171,
        "min": -0.129950046539,
        "stdev": 4.84697628021
    },
    "spectral_rms": {
        "max": 0.00972052570432,
        "mean": 0.00483105052263,
        "min": 0.000894090568181,
        "stdev": 0.00163311546203
    },
    "spectral_rolloff": {
        "max": 4306.640625,
        "mean": 1359.54162598,
        "min": 215.33203125,
        "stdev": 669.334472656
    },
    "spectral_skewness": {
        "max": 4.70784425735,
        "mean": 1.62893021107,
        "min": 0.40281611681,
        "stdev": 0.628380715847
    },
    "spectral_spread": {
        "max": 12003365,
        "mean": 3126683.5,
        "min": 1663217.5,
        "stdev": 734472.1875
    },
    "spectral_strongpeak": {
        "max": 12.1399517059,
        "mean": 1.73773276806,
        "min": 0.0371266789734,
        "stdev": 1.65973222256
    },
    "zerocrossingrate": {
        "max": 0.11669921875,
        "mean": 0.050276234746,
        "min": 0.0107421875,
        "stdev": 0.0177754480392
    },
    "barkbands": {
        "max": [0.000359253055649, 0.020023394376, 0.0169890262187, 0.0304353851825, 0.0374989360571, 0.0469358488917, 0.0351837985218, 0.022181013599, 0.0778458192945, 0.0669346600771, 0.0344745963812, 0.0720726326108, 0.0168447345495, 0.0158189274371, 0.0174618586898, 0.0182831790298, 0.0157917346805, 0.00761068379506, 0.00328650209121, 0.00310280267149, 0.000909327645786, 0.000970334105659, 0.000644413812552, 0.000489829457365, 7.56868175813e-05, 1.87929526874e-06, 1.10446535473e-06],
        "mean": [2.552638216e-05, 0.00131672166754, 0.000830776931252, 0.000967974076048, 0.00274352752604, 0.00349430902861, 0.00250836391933, 0.00176888366695, 0.00215724203736, 0.00313961948268, 0.00156701041851, 0.00159542320762, 0.000502776820213, 0.000730524887331, 0.000904823071323, 0.000572750053834, 0.00057403621031, 0.00038054867764, 0.000357087410521, 0.000232777209021, 0.000111307941552, 9.76486699074e-05, 4.61207710032e-05, 2.56071834883e-05, 4.83198618895e-06, 8.46344363481e-08, 3.15337755907e-09],
        "min": [1.64904943034e-08, 1.09962104489e-06, 6.44145075057e-07, 1.23057816381e-06, 1.92839361262e-05, 8.89544025995e-06, 1.9311644337e-06, 4.55897998108e-06, 8.48544004839e-06, 3.22623532156e-06, 1.27027908547e-06, 3.15177157972e-06, 1.86446254702e-06, 1.2940047327e-06, 1.5401303699e-06, 2.82156236153e-07, 3.86061799418e-07, 3.05467381168e-07, 2.84187251509e-07, 1.95876580733e-07, 2.0852091609e-07, 8.64652420773e-08, 1.02438590943e-07, 1.11373303469e-07, 1.33754113563e-07, 6.27650665816e-12, 3.25558547135e-12],
        "stdev": [3.61592319678e-05, 0.00160588300787, 0.00130655127577, 0.00183789350558, 0.00334774749354, 0.00383201683871, 0.00325310532935, 0.00238681933843, 0.00606556050479, 0.00610866770148, 0.00351156061515, 0.00480886083096, 0.000978925381787, 0.00145963660907, 0.00145535147749, 0.000943842693232, 0.00102831621189, 0.000537402869668, 0.000434803077951, 0.000292981654638, 0.000128753075842, 0.000137482653372, 6.75654882798e-05, 4.62041898572e-05, 8.09454377304e-06, 1.56273188168e-07, 2.63695607572e-08]
    },
    "erbbands": {
        "max": [0.290170520544, 5.31537914276, 17.7131481171, 38.3268547058, 134.549346924, 149.875350952, 148.411087036, 541.532958984, 543.665405273, 532.58770752, 493.954406738, 1689.22937012, 2434.09106445, 1869.6027832, 1738.46594238, 3544.67797852, 617.075317383, 706.479431152, 1080.64929199, 731.835571289, 1200.19689941, 1083.82324219, 475.797546387, 201.898300171, 157.506912231, 217.005233765, 68.752822876, 29.9422645569, 38.4260025024, 32.2575416565, 19.1217479706, 7.79280471802, 11.3450040817, 1.49136221409, 0.161712452769, 0.0147717008367, 0.00390053121373, 0.00068461993942, 0.000157514732564, 0.000112958376121],
        "mean": [0.0264560487121, 0.335993081331, 0.956503033638, 2.15553617477, 5.82545804977, 9.56480312347, 16.7202205658, 30.2836399078, 41.2892417908, 32.5149345398, 40.5627632141, 46.524394989, 96.4061126709, 77.0278930664, 71.0765991211, 73.3976593018, 29.5783176422, 35.4402351379, 47.6531562805, 41.3917427063, 28.9882984161, 28.5887813568, 21.5291557312, 18.3147373199, 17.4510574341, 12.0153512955, 6.45408535004, 3.72855162621, 3.49437403679, 2.44191527367, 1.16019082069, 0.596133887768, 0.400586754084, 0.0995935872197, 0.0147771220654, 0.00117839977611, 0.000122947094496, 1.97705685423e-05, 1.59603423526e-05, 3.20794242725e-05],
        "min": [6.87878637109e-05, 0.000317582773278, 0.00193024531472, 0.00383648532443, 0.0137432795018, 0.0690219849348, 0.0765520259738, 0.117045119405, 0.112221032381, 0.190410748124, 0.24427562952, 0.366658717394, 0.157058387995, 0.218038186431, 0.177863374352, 0.247505217791, 0.154240578413, 0.0880277380347, 0.145067751408, 0.0740865394473, 0.0277429651469, 0.0209212452173, 0.0145536996424, 0.0147197628394, 0.0238195750862, 0.0104609346017, 0.00676872720942, 0.00702774012461, 0.00309481611475, 0.00237827468663, 0.0027711421717, 0.00242119003087, 0.00192153058015, 0.0014019056689, 0.000466259312816, 4.43695425929e-05, 1.96758401216e-06, 2.75116377679e-07, 5.42491989108e-07, 1.18922412184e-06],
        "stdev": [0.0278407093138, 0.43328294158, 1.44531798363, 2.99944114685, 11.1759023666, 12.1501703262, 18.0633678436, 38.339630127, 51.3239479065, 44.9462966919, 54.1347732544, 127.770889282, 205.090957642, 160.966430664, 148.339736938, 230.679229736, 48.1468276978, 59.9108924866, 79.2856674194, 65.0559310913, 47.4019584656, 51.2339668274, 31.113702774, 22.5316371918, 22.1654758453, 14.599981308, 7.71022605896, 4.5538110733, 4.99891042709, 3.50568151474, 1.67881655693, 0.865855574608, 0.897314667702, 0.17731744051, 0.0209711212665, 0.00143650756218, 0.00024544770713, 4.18267627538e-05, 1.0307249795e-05, 1.91789167729e-05]
    },
    "gfcc": {
        "mean": [-23.0126628876, 143.469024658, -162.610519409, 32.977191925, -73.415687561, 5.35013437271, -33.6792373657, -2.68789720535, -11.4374094009, -11.6636104584, 2.97630023956, -14.0589933395, 6.57616281509],
        "cov": [[3697.0637207, -874.109802246, -811.211975098, 519.710632324, -222.167434692, 148.434494019, 78.2774200439, -72.8789978027, 11.1496496201, -184.812988281, -97.4172134399, 39.4453620911, -62.0487785339], [-874.109802246, 594.733825684, 332.452362061, -156.873397827, 238.321289062, -94.8059158325, 49.63048172, 25.942029953, 19.7056865692, 55.3213195801, 46.3198280334, -31.8799743652, 20.4826850891], [-811.211975098, 332.452362061, 558.751953125, -27.4744949341, 61.4511489868, 41.5219688416, -39.6296958923, 39.9740104675, -3.64811229706, 60.1314468384, 10.6387338638, -22.4435539246, -6.14176750183], [519.710632324, -156.873397827, -27.4744949341, 319.07131958, -51.1631736755, 10.2796535492, -24.3408679962, 7.95873689651, 42.7965316772, -34.8455734253, -9.04452323914, 12.3045959473, -12.9751243591], [-222.167434692, 238.321289062, 61.4511489868, -51.1631736755, 251.648361206, -23.3203010559, 51.7441215515, 35.7485618591, 4.67662191391, 13.8805885315, 5.35177183151, 3.80381321907, 18.4598693848], [148.434494019, -94.8059158325, 41.5219688416, 10.2796535492, -23.3203010559, 238.328384399, 48.1732673645, -22.1105136871, -21.693397522, -14.3062839508, -30.0746688843, -11.9595575333, -8.75967979431], [78.2774200439, 49.63048172, -39.6296958923, -24.3408679962, 51.7441215515, 48.1732673645, 140.907592773, 18.6126480103, -5.41960954666, 0.562505483627, -0.764877617359, -6.11248683929, -5.64768695831], [-72.8789978027, 25.942029953, 39.9740104675, 7.95873689651, 35.7485618591, -22.1105136871, 18.6126480103, 110.430290222, 35.3851203918, 7.87836694717, 8.83792495728, 7.64278841019, 12.9721136093], [11.1496496201, 19.7056865692, -3.64811229706, 42.7965316772, 4.67662191391, -21.693397522, -5.41960954666, 35.3851203918, 102.181610107, 22.6098976135, 1.15518116951, 16.6131420135, 7.79794120789], [-184.812988281, 55.3213195801, 60.1314468384, -34.8455734253, 13.8805885315, -14.3062839508, 0.562505483627, 7.87836694717, 22.6098976135, 76.5747146606, 27.3989086151, -5.07919836044, -6.22095298767], [-97.4172134399, 46.3198280334, 10.6387338638, -9.04452323914, 5.35177183151, -30.0746688843, -0.764877617359, 8.83792495728, 1.15518116951, 27.3989086151, 88.8747711182, 16.7586021423, 3.59589385986], [39.4453620911, -31.8799743652, -22.4435539246, 12.3045959473, 3.80381321907, -11.9595575333, -6.11248683929, 7.64278841019, 16.6131420135, -5.07919836044, 16.7586021423, 77.075843811, 20.8485851288], [-62.0487785339, 20.4826850891, -6.14176750183, -12.9751243591, 18.4598693848, -8.75967979431, -5.64768695831, 12.9721136093, 7.79794120789, -6.22095298767, 3.59589385986, 20.8485851288, 66.4930496216]],
        "icov": [[0.000652324757539, 0.000300915329717, 0.000684637750965, -0.00082852790365, -7.05854399712e-05, -0.00024542878964, -0.000308576214593, 0.000101078054286, 4.65124576294e-05, 0.000345365522662, 0.000193067695363, -8.48112831591e-05, 0.00040193615132], [0.000300915329717, 0.0123246060684, -0.00759829860181, 0.00395488971844, -0.00783791393042, 0.0061808694154, -0.00628230441362, 0.00689670955762, -0.00745996367186, 0.00597376096994, -0.00577005092055, 0.00620531709865, -0.00253449357115], [0.000684637750965, -0.00759829860181, 0.00822544563562, -0.0037701705005, 0.00426530418918, -0.00523592811078, 0.00511738471687, -0.00556492106989, 0.00573774660006, -0.00546974688768, 0.00412415899336, -0.00370564474724, 0.00240417243913], [-0.00082852790365, 0.00395488971844, -0.0037701705005, 0.00649966299534, -0.00217353925109, 0.0022550211288, -0.00127733673435, 0.00220214575529, -0.00502018257976, 0.00427666958421, -0.00283321551979, 0.00210301531479, -0.000226284726523], [-7.05854399712e-05, -0.00783791393042, 0.00426530418918, -0.00217353925109, 0.0100026503205, -0.00303961662576, 0.00171645835508, -0.00507418857887, 0.00478038284928, -0.00382549036294, 0.00406107679009, -0.00423438986763, 0.000466246157885], [-0.00024542878964, 0.0061808694154, -0.00523592811078, 0.0022550211288, -0.00303961662576, 0.00871357973665, -0.00570245971903, 0.0047623612918, -0.0033767153509, 0.00343035697006, -0.00156073237304, 0.0031511306297, -0.00178492954001], [-0.000308576214593, -0.00628230441362, 0.00511738471687, -0.00127733673435, 0.00171645835508, -0.00570245971903, 0.0129849277437, -0.00584131013602, 0.0043970211409, -0.00375601579435, 0.00232293223962, -0.00253431638703, 0.00268734386191], [0.000101078054286, 0.00689670955762, -0.00556492106989, 0.00220214575529, -0.00507418857887, 0.0047623612918, -0.00584131013602, 0.0157235953957, -0.00835770647973, 0.00484407227486, -0.00424330169335, 0.00368724134751, -0.0031353184022], [4.65124576294e-05, -0.00745996367186, 0.00573774660006, -0.00502018257976, 0.00478038284928, -0.0033767153509, 0.0043970211409, -0.00835770647973, 0.0189038664103, -0.0101599283516, 0.0062659480609, -0.00650374079123, 0.000656623509713], [0.000345365522662, 0.00597376096994, -0.00546974688768, 0.00427666958421, -0.00382549036294, 0.00343035697006, -0.00375601579435, 0.00484407227486, -0.0101599283516, 0.0233061816543, -0.00886617600918, 0.0052744820714, 0.00125897373073], [0.000193067695363, -0.00577005092055, 0.00412415899336, -0.00283321551979, 0.00406107679009, -0.00156073237304, 0.00232293223962, -0.00424330169335, 0.0062659480609, -0.00886617600918, 0.0172180775553, -0.00663589779288, 0.00106291589327], [-8.48112831591e-05, 0.00620531709865, -0.00370564474724, 0.00210301531479, -0.00423438986763, 0.0031511306297, -0.00253431638703, 0.00368724134751, -0.00650374079123, 0.0052744820714, -0.00663589779288, 0.0190111622214, -0.0056122741662], [0.00040193615132, -0.00253449357115, 0.00240417243913, -0.000226284726523, 0.000466246157885, -0.00178492954001, 0.00268734386191, -0.0031353184022, 0.000656623509713, 0.00125897373073, 0.00106291589327, -0.0056122741662, 0.018591221422]]
    },
    "melbands": {
        "max": [0.00390147417784, 0.00775663089007, 0.0114318495616, 0.00996001530439, 0.00423687091097, 0.0109335994348, 0.00754749681801, 0.00496867438778, 0.00382200838067, 0.0106041459367, 0.012437608093, 0.00846483092755, 0.00489179976285, 0.00988247897476, 0.00465943198651, 0.00214478489943, 0.00148804136552, 0.00179673009552, 0.00146253162529, 0.000724133045878, 0.00182589050382, 0.00113025843166, 0.000550353492144, 0.000356869422831, 0.000194105610717, 0.000182547199074, 0.000134656322189, 0.000165831690538, 7.89180849097e-05, 3.26278968714e-05, 1.70850198629e-05, 2.57878800767e-05, 1.92495153897e-05, 1.6173995391e-05, 1.0784207916e-05, 8.55727466842e-06, 4.40810299551e-06, 1.19837341117e-05, 1.96848577616e-06, 1.15087595987e-06],
        "mean": [0.000308947841404, 0.000490992795676, 0.000481042574393, 0.000570000498556, 0.000537250598427, 0.000692982575856, 0.000615871802438, 0.000339457474183, 0.000322845415212, 0.000307602225803, 0.000482561590616, 0.000311466603307, 0.000231234240346, 0.000196824999875, 0.000115869006549, 5.02672919538e-05, 6.75220799167e-05, 7.52067862777e-05, 5.94029188505e-05, 4.77589419461e-05, 3.33423340635e-05, 3.00219635392e-05, 2.65393191512e-05, 1.74761062226e-05, 1.42108656291e-05, 1.33103330882e-05, 9.14406155061e-06, 8.02062913863e-06, 4.39726227341e-06, 2.70446912509e-06, 2.022114586e-06, 2.07243260775e-06, 1.68550127455e-06, 1.20688139305e-06, 6.97309531006e-07, 4.4104092467e-07, 3.27669141598e-07, 3.4606765098e-07, 1.32245588702e-07, 6.30557863701e-08],
        "min": [4.38860354279e-07, 1.47859839217e-06, 1.24953930936e-06, 3.2743846532e-06, 2.71786802841e-06, 2.50560606219e-06, 1.48349829487e-06, 1.75727882379e-06, 1.83663871667e-06, 1.47567936892e-06, 6.5947733674e-07, 9.25336451019e-07, 2.88068179088e-07, 3.61235237278e-07, 2.36358289385e-07, 1.90896017216e-07, 1.46519553823e-07, 1.91317269582e-07, 1.11024291982e-07, 5.69333451494e-08, 2.84158527819e-08, 1.46722163308e-08, 1.92295139811e-08, 1.46094381037e-08, 1.03738981849e-08, 1.2054018228e-08, 1.05986899257e-08, 5.51943424298e-09, 3.88580190247e-09, 4.8009698439e-09, 2.73181743893e-09, 1.79607140272e-09, 1.14457598954e-09, 9.28650323306e-10, 1.50354229067e-09, 1.39510680786e-09, 1.26609012163e-09, 1.17646781206e-09, 1.1568959124e-09, 9.61064783311e-10],
        "stdev": [0.000343748310115, 0.000645464519039, 0.000783849158324, 0.000815936597064, 0.000534344930202, 0.000828175572678, 0.000748645805288, 0.000479278271087, 0.000454274675576, 0.000900753191672, 0.00104633904994, 0.000694184796885, 0.000501427799463, 0.000553101359401, 0.000305280060275, 9.25238928176e-05, 0.000132363507873, 0.000137289796839, 9.64475329965e-05, 7.96895619715e-05, 6.74393450026e-05, 5.86414789723e-05, 5.13349259563e-05, 2.57076135313e-05, 1.97969602596e-05, 1.7883727196e-05, 1.27227558551e-05, 1.06044608401e-05, 6.11755285718e-06, 3.36418656843e-06, 2.71085446002e-06, 3.05244702759e-06, 2.44929174187e-06, 1.82754433808e-06, 1.03058403056e-06, 6.49409230391e-07, 4.88146383759e-07, 8.8794348585e-07, 2.15024044792e-07, 1.1787966514e-07]
    },
    "melbands128": {
        "max": [0.000344874861185, 0.00208611274138, 0.00460297102109, 0.0114391241223, 0.0106923654675, 0.00835574045777, 0.00590380933136, 0.0214119143784, 0.0169351473451, 0.0166415590793, 0.00860430579633, 0.00442663347349, 0.00723722064868, 0.00662524066865, 0.0122421029955, 0.019197890535, 0.0121804159135, 0.0111895976588, 0.0118888169527, 0.0101606957614, 0.00791145954281, 0.00721294432878, 0.00694919889793, 0.00963999330997, 0.0213344283402, 0.0210826545954, 0.0294354837388, 0.0246641952544, 0.0185115672648, 0.0187841840088, 0.0148463137448, 0.00580707238987, 0.00794152449816, 0.011714679189, 0.00972522050142, 0.0225314311683, 0.0189707092941, 0.00477665103972, 0.00376774626784, 0.00198612199165, 0.00468165474012, 0.00180412491318, 0.00267874565907, 0.00379188335501, 0.00348610524088, 0.00427994737402, 0.0029169714544, 0.00353788747452, 0.00154485343955, 0.00213612592779, 0.00105677102692, 0.00155975180678, 0.00295565603301, 0.0019497750327, 0.00172110972926, 0.00135127909016, 0.00253972690552, 0.00156846700702, 0.0010119562503, 0.000618259829935, 0.000705783662852, 0.000709264131729, 0.000362493883586, 0.00041166858864, 0.000271667726338, 0.000370877271052, 0.000268471689196, 0.000370163703337, 0.00021725356055, 0.000232377336943, 0.000398686446715, 0.000146730337292, 0.000259564374574, 6.79577424307e-05, 4.08137202612e-05, 5.84062399867e-05, 3.131837002e-05, 4.26788537879e-05, 2.9234935937e-05, 5.74917867198e-05, 3.60697158612e-05, 3.21328807331e-05, 4.23835081165e-05, 2.84165271296e-05, 4.34947178292e-05, 2.31389803957e-05, 2.62115681835e-05, 2.01620423468e-05, 1.24218231576e-05, 2.01816674235e-05, 8.55900907482e-06, 9.36370906857e-06, 1.15503289635e-05, 3.96925588575e-06, 5.72526141696e-06, 1.49805237015e-05, 1.73829757841e-05, 2.63455649474e-06, 2.22586936616e-06, 1.86688691883e-06, 2.84914040094e-06, 9.19213675843e-07, 7.20613400063e-07, 2.43871170369e-07, 1.48933068544e-07, 1.02098233867e-07, 3.47602338024e-08, 2.828260115e-08, 2.51531950823e-08, 2.24009522043e-08, 2.94121189626e-08, 2.04834122997e-08, 7.03141234126e-09, 7.32747196253e-09, 6.87070178529e-09, 8.59466986469e-09, 5.3184519011e-09, 5.16233678027e-09, 5.02053731921e-09, 4.89343499055e-09, 4.77542450028e-09, 4.66470062577e-09, 4.57838345014e-09, 4.49973880379e-09, 4.43298953101e-09, 4.37842118117e-09, 4.34205293942e-09, 4.31960334168e-09],
        "mean": [2.06622808037e-05, 0.000151143380208, 0.000436638860265, 0.000598564452957, 0.000518010638189, 0.000393188733142, 0.000391750974813, 0.00053104799008, 0.000570878444705, 0.000644845247734, 0.0005049110041, 0.000473983905977, 0.000641931779683, 0.000485372002004, 0.000551921548322, 0.000980670214631, 0.000753752538003, 0.000583607237786, 0.000379801815143, 0.000381235789973, 0.000275842059636, 0.000307200825773, 0.000414507172536, 0.000197119647055, 0.00027195608709, 0.000298034050502, 0.000517439853866, 0.000605623470619, 0.000322534207953, 0.000409321044572, 0.000278443709249, 0.000153860324644, 0.000293620920274, 0.000249186734436, 0.000110542641778, 0.000222411516006, 0.000278627616353, 5.98166589043e-05, 7.4912852142e-05, 5.91555799474e-05, 2.83709268842e-05, 6.40545476926e-05, 6.20703576715e-05, 8.591558435e-05, 5.18034794368e-05, 7.42235570215e-05, 0.000106593426608, 4.26268998126e-05, 4.20098695031e-05, 7.91909915279e-05, 4.27725462941e-05, 2.82364035229e-05, 2.77055605693e-05, 3.63313010894e-05, 4.34371395386e-05, 2.3307164156e-05, 2.27915970754e-05, 4.08545893151e-05, 2.25314670388e-05, 1.02799967863e-05, 1.98223242478e-05, 1.99373989744e-05, 1.67688831425e-05, 1.25109490909e-05, 9.36205105972e-06, 1.25769975057e-05, 1.8018305127e-05, 1.11290564746e-05, 5.78867866352e-06, 7.65878667153e-06, 9.32271541387e-06, 7.91833645053e-06, 5.21267838849e-06, 3.83288033845e-06, 3.07562436319e-06, 3.45461990037e-06, 2.07417065212e-06, 1.69172767528e-06, 2.03664967557e-06, 2.42450573751e-06, 1.98194197765e-06, 2.08209553421e-06, 1.83054908121e-06, 1.59490275564e-06, 1.69286352047e-06, 1.30725686631e-06, 1.11711904083e-06, 8.23948425932e-07, 6.41108840682e-07, 6.57890325328e-07, 4.84979409521e-07, 3.71061673832e-07, 3.74620213961e-07, 3.10049699692e-07, 2.98814114785e-07, 3.91264222799e-07, 4.16183354446e-07, 1.82509864999e-07, 1.27970594122e-07, 1.02725991269e-07, 9.5045500359e-08, 4.96936252148e-08, 3.76333879615e-08, 2.2407252942e-08, 1.06286552892e-08, 7.06502190084e-09, 2.71984501587e-09, 1.73599690179e-09, 9.84791026504e-10, 6.86808998562e-10, 3.72350761335e-10, 2.54103849073e-10, 1.86274967673e-10, 1.73203756892e-10, 1.62286059591e-10, 1.41511483087e-10, 6.88619092304e-11, 8.0808632355e-12, 7.49946979517e-12, 7.30575322461e-12, 7.12821121573e-12, 6.97094682325e-12, 6.83544453678e-12, 6.71653184459e-12, 6.61924594997e-12, 6.53961650457e-12, 6.48430701494e-12, 6.45020885662e-12],
        "min": [2.58671140063e-10, 7.83924463121e-08, 1.93280342842e-07, 1.81604733029e-07, 6.50025526738e-07, 3.78441399107e-07, 1.75869317331e-07, 4.16381453761e-07, 5.64605613818e-07, 5.17915623277e-07, 2.865716624e-07, 5.91856178289e-07, 1.98569409804e-07, 7.20087825812e-07, 7.55823521104e-07, 7.5581033343e-07, 1.37241363518e-06, 2.14319527458e-07, 2.32961497204e-07, 1.37991918336e-07, 3.41399527315e-07, 8.97891609952e-08, 1.92821175915e-07, 3.10570015927e-07, 1.60277338068e-07, 1.80927898441e-07, 1.90944234646e-07, 1.5587818325e-07, 2.16404899334e-07, 5.60984631193e-07, 2.70176144568e-07, 1.13429521775e-07, 4.0129204848e-08, 9.17329288086e-08, 7.8010103266e-08, 4.02557702728e-07, 6.00314820076e-08, 4.85357602997e-08, 5.85400385944e-08, 6.9975683914e-08, 4.75364068109e-08, 3.66499399718e-08, 1.29138271632e-07, 3.99927344574e-08, 9.13081077414e-09, 9.85186616731e-08, 5.30692467748e-08, 2.18808882124e-08, 1.88189268613e-08, 3.55235698635e-08, 8.49865955388e-09, 9.18832299135e-09, 2.25512852836e-08, 2.22526885807e-08, 1.20002487947e-08, 7.45267580982e-09, 1.39346596484e-08, 1.87747613012e-08, 6.92967594418e-09, 3.10698311523e-09, 1.27267085759e-08, 7.00691860089e-09, 4.9485953113e-09, 2.38377251272e-09, 6.24472296096e-09, 6.30363405918e-09, 9.25169629795e-09, 8.77248140796e-09, 4.9815866987e-09, 2.5365620715e-09, 3.42651551577e-09, 4.94950658236e-09, 3.40394290532e-09, 2.49360976312e-09, 3.17617798729e-09, 1.15471765483e-09, 1.83632276052e-09, 2.07762718141e-09, 1.65403279961e-09, 1.75912595601e-09, 8.25364443457e-10, 6.36449393188e-10, 3.70272396077e-10, 7.90216447832e-10, 8.9707624662e-10, 6.37766173206e-10, 6.37644825829e-10, 8.33738855732e-10, 9.89030635168e-10, 6.31529106787e-10, 9.72994462778e-10, 7.7862788439e-10, 8.64655957944e-10, 1.00867525443e-09, 6.82978118505e-10, 2.31395291816e-10, 1.01142416664e-09, 8.41081426728e-10, 6.38479213944e-10, 7.69744268325e-10, 3.31770416695e-10, 3.10799774805e-10, 1.52216961258e-10, 2.89440249546e-10, 2.50454768036e-10, 2.12830968127e-11, 4.29589089995e-12, 8.68662238494e-14, 5.10234046582e-14, 2.73682647183e-14, 1.20157400333e-14, 1.26442782907e-14, 1.40768752788e-14, 7.75178125899e-15, 1.28282741756e-14, 8.32457373705e-15, 1.38928141723e-14, 1.00149042163e-14, 1.01502660105e-14, 1.077628858e-14, 1.17292218215e-14, 1.15059134434e-14, 1.10035204147e-14, 1.12210020531e-14, 1.22647677198e-14, 1.21254646813e-14, 1.18612818813e-14, 1.27406528524e-14],
        "stdev": [3.05520661641e-05, 0.000190084247151, 0.00050615897635, 0.000860351603478, 0.000840330845676, 0.000596801342908, 0.000525341369212, 0.00122053909581, 0.0013356966665, 0.00111186737195, 0.000733897846658, 0.000515261548571, 0.000867804745212, 0.000627693720162, 0.000852230237797, 0.00152110203635, 0.00111973599996, 0.00107520062011, 0.000697889772709, 0.000709063082468, 0.000628899491858, 0.000491034123115, 0.000728142273147, 0.000559801294003, 0.00114103592932, 0.00142776744906, 0.0017219290603, 0.00166417460423, 0.00102498428896, 0.00115475861821, 0.000884123553988, 0.00047616174561, 0.000763595104218, 0.000817922118586, 0.000371727132006, 0.000946899934206, 0.00107291550376, 0.00024301171652, 0.00019539661298, 0.000134063884616, 0.000141174939927, 0.000132654095069, 0.000145428639371, 0.000281821092358, 0.00018523412291, 0.000216350497794, 0.000235169776715, 0.00014041562099, 0.000113521920866, 0.00017929392925, 9.20527381822e-05, 7.86611635704e-05, 8.54035533848e-05, 0.000100365883554, 0.000105328035716, 7.02269098838e-05, 7.58825481171e-05, 0.000103238693555, 5.95327619521e-05, 2.76399860013e-05, 4.24972713517e-05, 3.64322768291e-05, 2.93185967166e-05, 2.71369826805e-05, 1.69952418219e-05, 2.56536532106e-05, 2.88347218884e-05, 2.41436191573e-05, 1.2715308003e-05, 1.44197865666e-05, 1.68372534972e-05, 1.48418812387e-05, 1.22305809782e-05, 6.6004627115e-06, 4.59769353256e-06, 5.35025719728e-06, 3.02475905301e-06, 2.58305112766e-06, 3.26465851685e-06, 4.44781153419e-06, 3.34775313604e-06, 3.91743924411e-06, 3.3697881463e-06, 2.67724112746e-06, 3.24874804392e-06, 2.18808372665e-06, 2.08478104469e-06, 1.3625807469e-06, 9.27359394609e-07, 1.23943232211e-06, 7.5451163184e-07, 6.38921164864e-07, 6.39041161321e-07, 4.44321898385e-07, 5.17429498359e-07, 1.08281494704e-06, 1.25127883166e-06, 3.00774047446e-07, 2.12986435599e-07, 1.76466926405e-07, 2.21734921979e-07, 9.15412030622e-08, 6.94763997444e-08, 3.31079306193e-08, 1.5323458058e-08, 1.01711554734e-08, 3.10093595246e-09, 2.16993600866e-09, 1.93469951171e-09, 1.74154035637e-09, 1.2041737607e-09, 8.96504759318e-10, 5.98199156876e-10, 5.82089820789e-10, 5.31584665175e-10, 5.03177777222e-10, 2.78434580947e-10, 1.1982334569e-10, 1.16486376101e-10, 1.13519860179e-10, 1.10768401396e-10, 1.08229453177e-10, 1.06212261208e-10, 1.04381392418e-10, 1.02829467163e-10, 1.01575282907e-10, 1.00730028485e-10, 1.00207307729e-10]
    },
    "mfcc": {
        "mean": [-643.089599609, 150.5493927, -22.9806137085, 18.3141918182, -10.968047142, -1.10573256016, -7.66760063171, -0.185033008456, -7.57157945633, 3.16839265823, -5.49766349792, -2.89868450165, -0.804759979248],
        "cov": [[4750.984375, -1542.61462402, -537.296447754, 132.034576416, -249.351257324, 170.635101318, -98.6111679077, 218.564254761, 30.9902572632, -77.899269104, -100.975547791, -51.7469978333, 47.0801048279], [-1542.61462402, 965.774597168, 82.6150512695, 10.6340694427, 148.41569519, -62.668674469, 92.1301651001, -67.7566223145, 3.05249357224, 65.4457702637, 40.252658844, 9.60862445831, 1.22672462463], [-537.296447754, 82.6150512695, 458.059204102, -13.7206487656, 56.9914207458, 36.6230964661, 9.69909286499, -32.0125770569, 4.71423339844, -8.76835632324, 40.4603614807, 44.17710495, -33.7501716614], [132.034576416, 10.6340694427, -13.7206487656, 249.08013916, 53.5421409607, -49.5614051819, -36.760471344, 13.6373023987, 7.20184087753, -2.1705300808, -0.21082919836, 47.3382034302, 35.1921386719], [-249.351257324, 148.41569519, 56.9914207458, 53.5421409607, 170.727157593, -10.7426548004, 7.35565376282, 3.59604454041, 26.133808136, -3.23209381104, -7.38230323792, 24.8984279633, 12.8574409485], [170.635101318, -62.668674469, 36.6230964661, -49.5614051819, -10.7426548004, 174.330062866, 37.2732963562, 21.065158844, 21.4532432556, -1.56604778767, 4.96741533279, -11.3569383621, -16.8458042145], [-98.6111679077, 92.1301651001, 9.69909286499, -36.760471344, 7.35565376282, 37.2732963562, 148.211105347, 19.4560260773, -7.32536792755, 32.1520652771, 8.90124702454, -37.237071991, -8.75799179077], [218.564254761, -67.7566223145, -32.0125770569, 13.6373023987, 3.59604454041, 21.065158844, 19.4560260773, 104.815933228, 40.3925170898, -3.56448698044, -3.30376291275, -2.0460562706, 8.25175285339], [30.9902572632, 3.05249357224, 4.71423339844, 7.20184087753, 26.133808136, 21.4532432556, -7.32536792755, 40.3925170898, 101.937690735, 14.4174051285, -4.48004484177, 7.28779268265, -5.81440877914], [-77.899269104, 65.4457702637, -8.76835632324, -2.1705300808, -3.23209381104, -1.56604778767, 32.1520652771, -3.56448698044, 14.4174051285, 97.0735778809, 27.2622451782, -25.4386310577, -10.6900262833], [-100.975547791, 40.252658844, 40.4603614807, -0.21082919836, -7.38230323792, 4.96741533279, 8.90124702454, -3.30376291275, -4.48004484177, 27.2622451782, 82.8450317383, 25.3451976776, -5.11374855042], [-51.7469978333, 9.60862445831, 44.17710495, 47.3382034302, 24.8984279633, -11.3569383621, -37.237071991, -2.0460562706, 7.28779268265, -25.4386310577, 25.3451976776, 109.502243042, 25.3064174652], [47.0801048279, 1.22672462463, -33.7501716614, 35.1921386719, 12.8574409485, -16.8458042145, -8.75799179077, 8.25175285339, -5.81440877914, -10.6900262833, -5.11374855042, 25.3064174652, 70.9426574707]],
        "icov": [[0.000593804114033, 0.000854070240166, 0.000513531733304, -0.000421617121901, 6.52371454635e-05, -0.000440598465502, -9.59875469562e-05, -0.000372431124561, 2.24320592679e-05, -6.87330466462e-05, 8.68930073921e-05, 5.76566235395e-05, -6.31806760794e-05], [0.000854070240166, 0.00273903785273, 0.000727518228814, -0.00045623339247, -0.00115232937969, 2.72467923423e-06, -0.00120980199426, 0.00064400822157, -0.000333353644237, -0.000585255038459, -0.000416874128859, -4.43347053078e-05, -0.000186238816241], [0.000513531733304, 0.000727518228814, 0.00318662589416, -0.000207517368835, -0.000913774827495, -0.000887195405085, -0.000398302683607, 0.000577440077905, -0.000111310153443, 0.000517677864991, -0.0010286119068, -0.000996290706098, 0.00145429978147], [-0.000421617121901, -0.00045623339247, -0.000207517368835, 0.00550089543685, -0.00154883193318, 0.0013461089693, 0.000938910874538, -0.000716487527825, 0.000435498164734, -0.00101768760942, 0.000277825893136, -0.00170107209124, -0.00123106734827], [6.52371454635e-05, -0.00115232937969, -0.000913774827495, -0.00154883193318, 0.00834197923541, -1.44276955325e-05, -0.000539149506949, -0.000283453875454, -0.00189360673539, 0.000620552629698, 0.00177467078902, -0.000857035745867, -0.00086670438759], [-0.000440598465502, 2.72467923423e-06, -0.000887195405085, 0.0013461089693, -1.44276955325e-05, 0.00746977003291, -0.00197422830388, -3.75126146537e-05, -0.00173222238664, 0.000890493625775, -0.00068337272387, -4.2454234972e-06, 0.000683990132529], [-9.59875469562e-05, -0.00120980199426, -0.000398302683607, 0.000938910874538, -0.000539149506949, -0.00197422830388, 0.00993387866765, -0.00332919997163, 0.00274698575959, -0.00247238459997, -0.000268439529464, 0.00243855454028, -0.000364748877473], [-0.000372431124561, 0.00064400822157, 0.000577440077905, -0.000716487527825, -0.000283453875454, -3.75126146537e-05, -0.00332919997163, 0.0142087982967, -0.00621297070757, 0.0022873817943, -0.00156855420209, 0.000738087110221, -0.00169597030617], [2.24320592679e-05, -0.000333353644237, -0.000111310153443, 0.000435498164734, -0.00189360673539, -0.00173222238664, 0.00274698575959, -0.00621297070757, 0.0142540596426, -0.0040972023271, 0.00250651803799, -0.00201580650173, 0.00216615060344], [-6.87330466462e-05, -0.000585255038459, 0.000517677864991, -0.00101768760942, 0.000620552629698, 0.000890493625775, -0.00247238459997, 0.0022873817943, -0.0040972023271, 0.0152259133756, -0.00633559422567, 0.0046373847872, 0.000182160292752], [8.68930073921e-05, -0.000416874128859, -0.0010286119068, 0.000277825893136, 0.00177467078902, -0.00068337272387, -0.000268439529464, -0.00156855420209, 0.00250651803799, -0.00633559422567, 0.0172892324626, -0.00625984370708, 0.00171777105425], [5.76566235395e-05, -4.43347053078e-05, -0.000996290706098, -0.00170107209124, -0.000857035745867, -4.2454234972e-06, 0.00243855454028, 0.000738087110221, -0.00201580650173, 0.0046373847872, -0.00625984370708, 0.0150587111712, -0.0045874635689], [-6.31806760794e-05, -0.000186238816241, 0.00145429978147, -0.00123106734827, -0.00086670438759, 0.000683990132529, -0.000364748877473, -0.00169597030617, 0.00216615060344, 0.000182160292752, 0.00171777105425, -0.0045874635689, 0.0178805645555]]
    },
    "spectral_contrast_coeffs": {
        "max": [-0.463789761066, -0.450325071812, -0.471407026052, -0.577849566936, -0.58831346035, -0.589083909988],
        "mean": [-0.702844321728, -0.72003030777, -0.707589387894, -0.764414787292, -0.775353252888, -0.747672617435],
        "min": [-0.894685089588, -0.953011095524, -0.875582635403, -0.882868230343, -0.88381922245, -0.869594454765],
        "stdev": [0.0647117644548, 0.0703513473272, 0.0692341923714, 0.045322265476, 0.0447715036571, 0.0481263548136]
    },
    "spectral_contrast_valleys": {
        "max": [-5.18424272537, -4.76293897629, -5.62085151672, -6.1295747757, -6.08857393265, -9.14493560791],
        "mean": [-6.74403190613, -6.36178302765, -7.1123456955, -7.5093255043, -7.64806127548, -10.8910999298],
        "min": [-9.07635116577, -8.15528869629, -9.15855121613, -9.69877529144, -10.1915740967, -12.5243406296],
        "stdev": [0.634769082069, 0.618273854256, 0.651072740555, 0.714953541756, 0.841303110123, 0.796544671059]
    }
},
"rhythm": {
    "beats_count": 76,
    "beats_loudness": {
        "max": 0.0755944103003,
        "mean": 0.0333635397255,
        "min": 0.00251076975837,
        "stdev": 0.0184907037765
    },
    "bpm": 90.846496582,
    "bpm_histogram_first_peak_bpm": 91,
    "bpm_histogram_first_peak_weight": 0.107692301273,
    "bpm_histogram_second_peak_bpm": 112,
    "bpm_histogram_second_peak_spread": 0,
    "bpm_histogram_second_peak_weight": 0.0666666701436,
    "danceability": 1.09399938583,
    "onset_rate": 2.7275390625,
    "beats_loudness_band_ratio": {
        "max": [0.73329269886, 0.708362102509, 0.651953041553, 0.892911970615, 0.349092960358, 0.0938596427441],
        "mean": [0.244015172124, 0.260802298784, 0.264126896858, 0.214801609516, 0.0737126767635, 0.0297543257475],
        "min": [0.00658408040181, 0.0117055187002, 0.0316608436406, 0.0120525863022, 0.0030072517693, 0.000663628743496],
        "stdev": [0.170582681894, 0.163081094623, 0.160100251436, 0.202670425177, 0.0599851980805, 0.023763988167]
    },
