{
"metadata": {
    "version": {
        "essentia": "2.1-beta5",
        "essentia_git_sha": "Undefined",
        "extractor": "music 2.0"
    },
    "audio_properties": {
        "analysis": {
            "equal_loudness": 0,
            "length": 29.0017242432,
            "sample_rate": 44100,
            "start_time": 0,
            "downmix": "mix"
        },
        "bit_rate": 192000,
        "length": 286.952209473,
        "lossless": 0,
        "number_channels": 1,
        "replay_gain": 0.876386642456,
        "sample_rate": 48000,
        "codec": "mp3",
        "md5_encoded": "0760747dd8e288b2b33af5f4abe48b14"
    },
    "tags": {
        "file_name": "Turkey_Sufi_MFÖ.mp3",
        "encoding": ["Lavf58.29.100"]
    }
},
"lowlevel": {
    "average_loudness": 0.812578976154,
    "barkbands_crest": {
        "max": 26.5856647491,
        "mean": 10.9935464859,
        "min": 2.47564840317,
        "stdev": 5.60717773438
    },
    "barkbands_flatness_db": {
        "max": 0.422815352678,
        "mean": 0.204620704055,
        "min": 0.0531292371452,
        "stdev": 0.0747796073556
    },
    "barkbands_kurtosis": {
        "max": 244.342163086,
        "mean": 7.21512651443,
        "min": -1.92422616482,
        "stdev": 16.8938064575
    },
    "barkbands_skewness": {
        "max": 12.789141655,
        "mean": 1.16165411472,
        "min": -6.03308868408,
        "stdev": 2.04021549225
    },
    "barkbands_spread": {
        "max": 88.0928573608,
        "mean": 17.078540802,
        "min": 0.43365034461,
        "stdev": 14.5994205475
    },
    "dissonance": {
        "max": 0.500000059605,
        "mean": 0.443195700645,
        "min": 0.220270171762,
        "stdev": 0.0578235201538
    },
    "dynamic_complexity": 5.49448871613,
    "erbbands_crest": {
        "max": 29.724565506,
        "mean": 11.1534557343,
        "min": 2.64142131805,
        "stdev": 5.56349515915
    },
    "erbbands_flatness_db": {
        "max": 0.416769176722,
        "mean": 0.256785571575,
        "min": 0.104051247239,
        "stdev": 0.0626824200153
    },
    "erbbands_kurtosis": {
        "max": 72.2301483154,
        "mean": 2.74628949165,
        "min": -1.80884623528,
        "stdev": 5.87228775024
    },
    "erbbands_skewness": {
        "max": 6.955327034,
        "mean": 0.340890169144,
        "min": -4.6232881546,
        "stdev": 1.4350258112
    },
    "erbbands_spread": {
        "max": 143.539596558,
        "mean": 27.0032711029,
        "min": 2.18861937523,
        "stdev": 18.1047916412
    },
    "hfc": {
        "max": 201.971633911,
        "mean": 13.9357566833,
        "min": 1.17767927271e-16,
        "stdev": 18.3962402344
    },
    "loudness_ebu128": {
        "integrated": -29.8399715424,
        "loudness_range": 4.56527519226,
        "momentary": {
            "max": -24.9947528839,
            "mean": -31.4148044586,
            "min": -49.4880905151,
            "stdev": 4.16621494293
        },
        "short_term": {
            "max": -27.3679790497,
            "mean": -30.4851531982,
            "min": -33.0295639038,
            "stdev": 1.50069272518
        }
    },
    "melbands_crest": {
        "max": 32.5452041626,
        "mean": 13.3146591187,
        "min": 1.91749596596,
        "stdev": 6.7029542923
    },
    "melbands_flatness_db": {
        "max": 0.45567291975,
        "mean": 0.216259002686,
        "min": 0.00636116834357,
        "stdev": 0.0960204601288
    },
    "melbands_kurtosis": {
        "max": 263.429016113,
        "mean": 11.3300151825,
        "min": -1.8911190033,
        "stdev": 22.8427600861
    },
    "melbands_skewness": {
        "max": 13.4974317551,
        "mean": 1.84842848778,
        "min": -3.05956482887,
        "stdev": 1.97490537167
    },
    "melbands_spread": {
        "max": 282.747619629,
        "mean": 32.0791931152,
        "min": 0.627943754196,
        "stdev": 40.2788772583
    },
    "pitch_salience": {
        "max": 0.898172974586,
        "mean": 0.638192355633,
        "min": 0.0778502598405,
        "stdev": 0.157698154449
    },
    "silence_rate_20dB": {
        "max": 1,
        "mean": 1,
        "min": 1,
        "stdev": 0
    },
    "silence_rate_30dB": {
        "max": 1,
        "mean": 0.996800005436,
        "min": 0,
        "stdev": 0.0564779825509
    },
    "silence_rate_60dB": {
        "max": 1,
        "mean": 0.33599999547,
        "min": 0,
        "stdev": 0.472340643406
    },
    "spectral_centroid": {
        "max": 11063.6240234,
        "mean": 1525.64685059,
        "min": 236.520706177,
        "stdev": 1122.15710449
    },
    "spectral_complexity": {
        "max": 44,
        "mean": 9.37040042877,
        "min": 0,
        "stdev": 8.73435306549
    },
    "spectral_decrease": {
        "max": 8.11742397408e-29,
        "mean": -3.57032625686e-09,
        "min": -3.82011116073e-08,
        "stdev": 4.62349047936e-09
    },
    "spectral_energy": {
        "max": 0.151714429259,
        "mean": 0.0147392489016,
        "min": 1.03755194859e-20,
        "stdev": 0.0186165943742
    },
    "spectral_energyband_high": {
        "max": 0.0356851108372,
        "mean": 0.000539893750101,
        "min": 7.75575447543e-21,
        "stdev": 0.00199318514206
    },
    "spectral_energyband_low": {
        "max": 0.00167057767976,
        "mean": 0.00011716222798,
        "min": 2.35289093025e-23,
        "stdev": 0.000168393962667
    },
    "spectral_energyband_middle_high": {
        "max": 0.0787646472454,
        "mean": 0.00450845062733,
        "min": 1.44221656004e-21,
        "stdev": 0.00835916027427
    },
    "spectral_energyband_middle_low": {
        "max": 0.148470416665,
        "mean": 0.00971638970077,
        "min": 1.65936070998e-22,
        "stdev": 0.0154089275748
    },
    "spectral_entropy": {
        "max": 9.80933856964,
        "mean": 7.22619628906,
        "min": 5.02351522446,
        "stdev": 0.704238653183
    },
    "spectral_flux": {
        "max": 0.288380652666,
        "mean": 0.074500054121,
        "min": 1.01860291035e-10,
        "stdev": 0.053552210331
    },
    "spectral_kurtosis": {
        "max": 49.1546554565,
        "mean": 6.15036010742,
        "min": -1.34877181053,
        "stdev": 6.85920810699
    },
    "spectral_rms": {
        "max": 0.0121661033481,
        "mean": 0.00310230301693,
        "min": 3.18158108366e-12,
        "stdev": 0.00218070740812
    },
    "spectral_rolloff": {
        "max": 18863.0859375,
        "mean": 2032.49365234,
        "min": 215.33203125,
        "stdev": 2122.11694336
    },
    "spectral_skewness": {
        "max": 4.99563884735,
        "mean": 1.41657543182,
        "min": -0.619394779205,
        "stdev": 0.92986536026
    },
    "spectral_spread": {
        "max": 40583156,
        "mean": 3220254,
        "min": 1190750.5,
        "stdev": 1814127.875
    },
    "spectral_strongpeak": {
        "max": 11.5190105438,
        "mean": 1.11464190483,
        "min": 0,
        "stdev": 1.30819880962
    },
    "zerocrossingrate": {
        "max": 0.88525390625,
        "mean": 0.0734097659588,
        "min": 0.01123046875,
        "stdev": 0.0723078772426
    },
    "barkbands": {
        "max": [0.00025241082767, 0.00122243992519, 0.00115282682236, 0.00989216193557, 0.0642074942589, 0.0476328097284, 0.0783160179853, 0.133063167334, 0.0411162786186, 0.0203898269683, 0.0206044614315, 0.0403065681458, 0.0460175834596, 0.0238573085517, 0.0134633872658, 0.00878298282623, 0.0147197600454, 0.0106594348326, 0.00438907835633, 0.01857874915, 0.0160436723381, 0.0114275822416, 0.00553424842656, 0.00630538351834, 0.000690542918164, 7.29576896674e-08, 7.63349206068e-08],
        "mean": [5.40008250027e-06, 4.6237881179e-05, 3.18620368489e-05, 0.000151708518388, 0.00331716239452, 0.0013586897403, 0.00155843386892, 0.00219648354687, 0.000941586389672, 0.000796216889285, 0.000466676079668, 0.000787143537309, 0.000741604948416, 0.000488666002639, 0.000296178855933, 0.00031198275974, 0.000307707145112, 0.000214716870687, 0.000130404776428, 0.000209576508496, 0.000162442796864, 8.15371677163e-05, 6.85522245476e-05, 6.3655723352e-05, 4.63350079372e-06, 8.79374073559e-10, 9.8873853549e-10],
        "min": [2.39133835416e-24, 6.45331134504e-24, 1.10748277147e-23, 5.80379443569e-24, 2.54113191712e-23, 1.57589827957e-23, 2.9722332e-23, 3.08432528592e-23, 5.18699837228e-23, 6.00392821068e-23, 5.56330332564e-23, 6.68271272737e-23, 1.33929800506e-22, 1.491911162e-22, 9.02796338198e-23, 8.06046271596e-23, 2.07586311206e-22, 1.21682198527e-22, 3.64163083989e-22, 2.8124320056e-22, 3.54488695796e-22, 5.30727593139e-22, 8.11845711914e-22, 9.80527397515e-22, 9.03446826589e-22, 1.7749278481e-21, 2.49317527671e-21],
        "stdev": [1.14465765364e-05, 7.42129050195e-05, 6.60028599668e-05, 0.000569733267184, 0.00714718364179, 0.00449856370687, 0.00588505715132, 0.0085787801072, 0.00306966039352, 0.00224217120558, 0.00148426182568, 0.00277104671113, 0.00303858541884, 0.0015884602908, 0.000926026958041, 0.000875716970768, 0.000994163332507, 0.000730820465833, 0.000335341290338, 0.000812556943856, 0.000831840152387, 0.000540700682905, 0.000295844045468, 0.000362919527106, 3.37022611347e-05, 2.21189844218e-09, 2.31917018922e-09]
    },
    "erbbands": {
        "max": [0.0407025441527, 0.254146963358, 1.10541641712, 12.501865387, 79.3352203369, 342.338378906, 288.280151367, 584.727478027, 831.170715332, 2152.1340332, 1472.37670898, 1239.14941406, 773.502075195, 1124.26989746, 673.661987305, 2060.08544922, 2412.02783203, 1884.29370117, 1255.94824219, 654.940185547, 484.977478027, 663.419433594, 743.422302246, 371.79107666, 115.661560059, 953.324035645, 672.33001709, 760.311157227, 454.438781738, 363.653167725, 138.715881348, 108.598060608, 158.140060425, 17.8464012146, 0.999955713749, 0.0357213914394, 0.00338026066311, 0.000568998570088, 0.00014049843594, 0.000172084241058],
        "mean": [0.00139406637754, 0.0103616090491, 0.0350969284773, 0.288077890873, 3.3509953022, 14.0083189011, 13.1259298325, 12.0754175186, 19.3015460968, 34.4711532593, 44.1133575439, 23.6220684052, 19.7512493134, 26.2253284454, 19.6376914978, 33.9905662537, 33.3658561707, 30.0834598541, 18.674238205, 14.7331409454, 18.7041625977, 17.0574569702, 12.3570213318, 9.80836963654, 5.00539970398, 10.0970315933, 8.82629394531, 5.14931869507, 3.21949577332, 2.46716594696, 1.78181290627, 1.5709079504, 0.874198138714, 0.127966478467, 0.00694222794846, 0.00028086148086, 3.75808594981e-05, 8.91412764759e-06, 9.97073220788e-06, 1.83262200153e-05],
        "min": [2.38126587836e-22, 1.51377152005e-21, 1.18010691442e-20, 1.78706054396e-20, 1.7997157611e-20, 1.46255251672e-19, 1.37430552855e-19, 1.11552103993e-19, 3.88129583625e-19, 3.41516456842e-19, 8.23845937311e-19, 1.32170588888e-18, 1.10697590232e-18, 2.51341869013e-18, 2.14486526628e-18, 3.28251612764e-18, 6.14858031767e-18, 6.02388449468e-18, 7.32521620129e-18, 4.34179038518e-18, 5.81676963624e-18, 1.17321449918e-17, 6.7072105405e-18, 1.57520136397e-17, 1.46357218226e-17, 1.52428674291e-17, 1.49826033212e-17, 1.46835229358e-17, 1.64336534779e-17, 2.31953801838e-17, 2.10439595112e-17, 2.1015279505e-17, 1.49936577629e-17, 8.73730863269e-18, 7.33219926002e-18, 6.39946171591e-18, 3.00292163597e-18, 1.62471920786e-18, 3.27427761553e-19, 3.51162985447e-20],
        "stdev": [0.00207657995634, 0.0180257875472, 0.0619723498821, 0.754061758518, 8.01096248627, 35.3224487305, 32.4113578796, 48.3995552063, 63.3155136108, 133.961578369, 141.85333252, 78.3645629883, 55.429813385, 75.1354446411, 48.296005249, 131.554428101, 133.394958496, 102.897750854, 57.2278022766, 44.2513237, 51.1868247986, 51.2692070007, 44.3448143005, 27.2855472565, 10.3132724762, 41.4256210327, 35.4602394104, 31.3455028534, 21.4145870209, 14.3967971802, 7.64236497879, 7.16484737396, 6.56326580048, 0.910314917564, 0.0520625039935, 0.00178992201108, 0.000169086983078, 3.0510198485e-05, 1.26195755001e-05, 2.18978530029e-05]
    },
    "gfcc": {
        "mean": [-124.92389679, 128.205627441, -172.557815552, 34.5055732727, -83.1990280151, -6.20562791824, -29.2326126099, -18.9588756561, -7.46063423157, -20.1642799377, 8.65368175507, -19.6461639404, 4.80985355377],
        "cov": [[6756.00097656, -253.630004883, -1348.69299316, -319.009368896, -339.643798828, -310.5496521, -109.323074341, -160.228622437, 48.7855453491, -171.869522095, 98.261680603, -131.593017578, 179.066360474], [-253.630004883, 2022.28308105, 43.4967536926, -768.217285156, 322.169250488, -486.074707031, 180.040405273, -211.708709717, -52.5365371704, -92.6615524292, 52.3003005981, -202.899276733, -67.1326980591], [-1348.69299316, 43.4967536926, 1309.52941895, 266.298309326, -262.96774292, 100.25087738, -192.111221313, -7.15018129349, -60.8073539734, -13.9278450012, 10.0072479248, 15.345998764, -116.81703949], [-319.009368896, -768.217285156, 266.298309326, 1012.71417236, -70.0781402588, 94.9909591675, -168.061645508, 104.633102417, 57.8168525696, 35.2733078003, -87.023109436, 138.870361328, 35.9134597778], [-339.643798828, 322.169250488, -262.96774292, -70.0781402588, 389.062530518, -69.0244827271, 25.7495574951, -3.95798039436, 19.3363933563, 15.9436893463, -44.9163284302, -20.0515441895, 22.1981906891], [-310.5496521, -486.074707031, 100.25087738, 94.9909591675, -69.0244827271, 644.471435547, 42.9670753479, 45.2920837402, -3.19678330421, 77.567741394, -10.1056680679, 13.8234872818, -50.0812416077], [-109.323074341, 180.040405273, -192.111221313, -168.061645508, 25.7495574951, 42.9670753479, 331.793823242, -8.1352148056, -64.2297058105, 25.3977470398, 30.1414451599, -26.6101226807, -35.9551277161], [-160.228622437, -211.708709717, -7.15018129349, 104.633102417, -3.95798039436, 45.2920837402, -8.1352148056, 208.124481201, 43.2510108948, 0.483863502741, -6.20585393906, 31.9825611115, 17.3768787384], [48.7855453491, -52.5365371704, -60.8073539734, 57.8168525696, 19.3363933563, -3.19678330421, -64.2297058105, 43.2510108948, 144.979125977, 24.5949668884, -29.0738182068, 30.6183509827, 19.3784503937], [-171.869522095, -92.6615524292, -13.9278450012, 35.2733078003, 15.9436893463, 77.567741394, 25.3977470398, 0.483863502741, 24.5949668884, 121.798377991, 19.7809257507, -6.8247590065, 7.92377901077], [98.261680603, 52.3003005981, 10.0072479248, -87.023109436, -44.9163284302, -10.1056680679, 30.1414451599, -6.20585393906, -29.0738182068, 19.7809257507, 147.995376587, 27.5710411072, -21.5285110474], [-131.593017578, -202.899276733, 15.345998764, 138.870361328, -20.0515441895, 13.8234872818, -26.6101226807, 31.9825611115, 30.6183509827, -6.8247590065, 27.5710411072, 121.997833252, 31.1174602509], [179.066360474, -67.1326980591, -116.81703949, 35.9134597778, 22.1981906891, -50.0812416077, -35.9551277161, 17.3768787384, 19.3784503937, 7.92377901077, -21.5285110474, 31.1174602509, 104.422607422]],
        "icov": [[0.000328320486005, 3.47264103766e-05, 0.000441648269771, -0.000112443354737, 0.000516986532602, -1.59268051902e-06, 0.000218262255657, 0.000323113403283, -0.000299638748402, 0.000698228424881, -0.000591730698943, 0.000904367887415, -0.00048609561054], [3.47264103766e-05, 0.00179326685611, -0.000918678473681, 0.000649382825941, -0.00168815453071, 0.00084923900431, -0.00136037333868, 0.00122900342103, -0.00177584099583, 0.00189583131578, -0.00155591056682, 0.00255191442557, -0.000960029021371], [0.000441648269771, -0.000918678473681, 0.00237857247703, -0.000602553714998, 0.00232158508152, -0.00038200369454, 0.00200849142857, -0.000346809683833, 0.00157483643852, -0.000660165795125, 0.000540037057362, -0.000690532790031, 0.00166767183691], [-0.000112443354737, 0.000649382825941, -0.000602553714998, 0.00194264284801, -0.000563302019145, 0.000406560808187, 0.000127399835037, -0.000289642513962, 0.000216004438698, -0.000913953466807, 0.00141774537042, -0.00177119357977, 0.000524276518263], [0.000516986532602, -0.00168815453071, 0.00232158508152, -0.000563302019145, 0.00577751081437, -0.000392911373638, 0.00198856717907, -0.000814656144939, 0.00166967452969, -0.00185350805987, 0.00203590863384, -0.00147504289635, 0.000912770745344], [-1.59268051902e-06, 0.00084923900431, -0.00038200369454, 0.000406560808187, -0.000392911373638, 0.00239673093893, -0.000606063520536, 1.68592905538e-05, -0.000118247502542, -0.000972438894678, 0.000384935730835, 0.000120090298878, 0.0011423532851], [0.000218262255657, -0.00136037333868, 0.00200849142857, 0.000127399835037, 0.00198856717907, -0.000606063520536, 0.00592314638197, -0.00143030227628, 0.00403097970411, -0.00309876864776, 0.0017543170834, -0.00275711040013, 0.0031886799261], [0.000323113403283, 0.00122900342103, -0.000346809683833, -0.000289642513962, -0.000814656144939, 1.68592905538e-05, -0.00143030227628, 0.00679370155558, -0.00355242518708, 0.0032334655989, -0.00246601575054, 0.00278359325603, -0.00241809920408], [-0.000299638748402, -0.00177584099583, 0.00157483643852, 0.000216004438698, 0.00166967452969, -0.000118247502542, 0.00403097970411, -0.00355242518708, 0.0129556562752, -0.00690553570166, 0.00589186837897, -0.00767539534718, 0.0042487597093], [0.000698228424881, 0.00189583131578, -0.000660165795125, -0.000913953466807, -0.00185350805987, -0.000972438894678, -0.00309876864776, 0.0032334655989, -0.00690553570166, 0.0158856827766, -0.00761752901599, 0.00927129387856, -0.00633734557778], [-0.000591730698943, -0.00155591056682, 0.000540037057362, 0.00141774537042, 0.00203590863384, 0.000384935730835, 0.0017543170834, -0.00246601575054, 0.00589186837897, -0.00761752901599, 0.0136557826772, -0.0101668462157, 0.00622689258307], [0.000904367887415, 0.00255191442557, -0.000690532790031, -0.00177119357977, -0.00147504289635, 0.000120090298878, -0.00275711040013, 0.00278359325603, -0.00767539534718, 0.00927129387856, -0.0101668462157, 0.0208986829966, -0.00871787779033], [-0.00048609561054, -0.000960029021371, 0.00166767183691, 0.000524276518263, 0.000912770745344, 0.0011423532851, 0.0031886799261, -0.00241809920408, 0.0042487597093, -0.00633734557778, 0.00622689258307, -0.00871787779033, 0.0169063992798]]
    },
    "melbands": {
        "max": [0.000361674174201, 0.000395322480472, 0.00377042591572, 0.0155760282651, 0.00965216942132, 0.0114816715941, 0.0140105029568, 0.0280802603811, 0.0123011618853, 0.00686703668907, 0.00377405271865, 0.00425511226058, 0.00218966556713, 0.00422259559855, 0.0036039177794, 0.00626942282543, 0.00300816982053, 0.00234883627854, 0.00105316156987, 0.000602401210926, 0.000651076319627, 0.000620881794021, 0.00104987469967, 0.000730211206246, 0.000327036628732, 0.00012410414638, 0.000118555180961, 0.000828272954095, 0.000497310655192, 0.000442804361228, 0.000395702692913, 0.000240524677793, 0.000252016674494, 0.000174027896719, 8.18100015749e-05, 6.22742081759e-05, 8.15019666334e-05, 0.000149388550199, 3.16034274874e-05, 9.69872144196e-06],
        "mean": [1.28047768158e-05, 1.71226656676e-05, 0.000116609320685, 0.000626289576758, 0.000533977989107, 0.000265268434305, 0.000311105774017, 0.000414247508161, 0.000339072779752, 0.000131071705255, 9.73403657554e-05, 0.000108957239718, 6.09221096965e-05, 8.68230272317e-05, 7.19825475244e-05, 7.93942963355e-05, 5.20516805409e-05, 3.11500443786e-05, 2.17651286221e-05, 1.88792546396e-05, 2.23346905841e-05, 1.85042481462e-05, 1.28235506054e-05, 1.02039402918e-05, 7.9156643551e-06, 3.93288746636e-06, 3.37839173881e-06, 7.8168732216e-06, 6.43131670586e-06, 3.68695214092e-06, 2.59427042693e-06, 1.67733446688e-06, 1.65639426086e-06, 1.31748481635e-06, 9.73360101852e-07, 1.03780052996e-06, 9.70590917859e-07, 7.52497896883e-07, 2.43728919713e-07, 5.774717593e-08],
        "min": [2.06248571139e-24, 4.49700966416e-24, 2.75979418096e-24, 5.20387557803e-24, 5.25894871883e-24, 2.56193544137e-24, 6.37480390775e-24, 4.46728617411e-24, 7.2571558743e-24, 8.05316543704e-24, 5.34978881308e-24, 1.02532259265e-23, 7.85508404146e-24, 7.03004203082e-24, 8.15739841731e-24, 1.52414900419e-23, 1.11971713637e-23, 1.34007667388e-23, 7.548927913e-24, 5.3412146839e-24, 6.6764745731e-24, 1.22094337329e-23, 9.19639054949e-24, 5.3358524019e-24, 1.33075596674e-23, 1.41496197744e-23, 6.44068641511e-24, 1.07180211941e-23, 9.91261550915e-24, 8.68806830369e-24, 8.36199580396e-24, 9.66218767048e-24, 9.63718156864e-24, 1.42548822181e-23, 1.03021668571e-23, 1.64691248489e-23, 1.157489532e-23, 1.01632926279e-23, 9.89306359161e-24, 6.7297329394e-24],
        "stdev": [1.94070653379e-05, 2.76358823612e-05, 0.00030652055284, 0.00146969547495, 0.00125681550708, 0.00101300305687, 0.00105735263787, 0.00166388903745, 0.00108124362305, 0.000452896492789, 0.000289205287118, 0.000318162463373, 0.000166371988598, 0.000300245155813, 0.000258234038483, 0.000347773020621, 0.000182569187018, 0.000105009610706, 7.35448338673e-05, 5.51874509256e-05, 6.20661303401e-05, 5.8291516325e-05, 4.91346072522e-05, 4.00034150516e-05, 2.35494680965e-05, 9.02431929717e-06, 8.35682385514e-06, 3.53572577296e-05, 2.58568998106e-05, 1.95653738047e-05, 1.68238675542e-05, 1.074129068e-05, 1.1905840438e-05, 6.95096377967e-06, 4.45173373009e-06, 4.17642650063e-06, 5.0731086958e-06, 5.90802710576e-06, 1.80272195394e-06, 4.54158026741e-07]
    },
    "melbands128": {
        "max": [0.000130776126753, 0.000305032008328, 0.000549357384443, 0.000423408579081, 0.000534875085577, 0.00053057220066, 0.00119088834617, 0.00688149733469, 0.00811746157706, 0.0197223871946, 0.0243685506284, 0.0213980209082, 0.0146742844954, 0.0109935244545, 0.0159230045974, 0.0209411811084, 0.0238825380802, 0.024685960263, 0.0336550287902, 0.0247052963823, 0.055910795927, 0.0242431387305, 0.0209220536053, 0.0137017546222, 0.015887806192, 0.00810631643981, 0.00623361859471, 0.00546979019418, 0.00598534755409, 0.0062320115976, 0.00956206582487, 0.00516764074564, 0.00318884383887, 0.00331322103739, 0.00317350123078, 0.00957865640521, 0.0106998924166, 0.00774960126728, 0.00527128949761, 0.01070588734, 0.0123263215646, 0.0127250468358, 0.00412934459746, 0.00386310555041, 0.00174608605448, 0.00440479442477, 0.00114212499466, 0.0025613012258, 0.00195167143829, 0.00107746536378, 0.000622960971668, 0.00169622595422, 0.00110405066516, 0.00105989980511, 0.00228815991431, 0.0011621377198, 0.00133101583924, 0.00238129938953, 0.0012611449929, 0.00103354256134, 0.00162694847677, 0.00069270626409, 0.000673747679684, 0.000410665321397, 0.000331474118866, 0.000126105864183, 9.59991521086e-05, 0.00010278703121, 0.00018363831623, 0.000338713347446, 0.00072241271846, 0.00151787919458, 0.000641075836029, 0.000865049427375, 0.000545398681425, 0.000371715374058, 0.000606357585639, 0.000647336710244, 0.000434444169514, 0.000207847784623, 0.000166841244209, 0.000279545667581, 0.000387789623346, 0.000266019982519, 0.000282226887066, 0.000236316598603, 0.000100371784356, 0.000104835991806, 7.58111273171e-05, 8.84600813151e-05, 0.000113192589197, 5.5637981859e-05, 7.18067312846e-05, 9.8066557257e-05, 8.96971760085e-05, 9.92259083432e-05, 0.000293409801088, 7.5330841355e-05, 3.10674586217e-05, 2.31085050473e-05, 6.6642442107e-06, 1.55843954417e-05, 5.3580720305e-06, 3.13733380608e-07, 2.97573499175e-09, 1.1778056308e-09, 6.11818151697e-10, 5.25024468345e-10, 4.95634810971e-10, 4.82508200061e-10, 4.58981019857e-10, 4.49248249712e-10, 4.18118817347e-10, 4.02475830441e-10, 4.01870869915e-10, 3.91076920847e-10, 3.76084940967e-10, 3.42305933598e-10, 3.30354382738e-10, 3.36962735492e-10, 3.46326883838e-10, 3.26840721154e-10, 3.19816506611e-10, 3.01050268048e-10, 3.06913133796e-10, 3.12811609948e-10, 3.04495095804e-10, 3.02326608193e-10],
        "mean": [3.50500613422e-06, 1.07623409349e-05, 1.67769921973e-05, 1.67183679878e-05, 1.44080222526e-05, 1.68652495631e-05, 3.09864772134e-05, 9.9149205198e-05, 0.000281410029856, 0.000646660977509, 0.00087897956837, 0.000772718398366, 0.000463290634798, 0.000199498113943, 0.000246756972047, 0.000327180227032, 0.000265243608737, 0.000307974638417, 0.000379356497433, 0.000333692500135, 0.000510985904839, 0.000438806571765, 0.000343432446243, 0.000197165340069, 0.000159709292348, 9.33037663344e-05, 6.92791072652e-05, 9.90674452623e-05, 0.00011836210615, 0.000125296253827, 0.00011112140055, 6.86566854711e-05, 5.31197438249e-05, 5.63014255022e-05, 6.60009827698e-05, 0.000110484026663, 0.000101048506622, 6.65532716084e-05, 4.90024867759e-05, 8.22854999569e-05, 9.065168706e-05, 7.24402343621e-05, 4.95655403938e-05, 4.6467564971e-05, 3.53816976713e-05, 3.08478156512e-05, 2.15614727495e-05, 2.39170349232e-05, 2.0521292754e-05, 1.74877022801e-05, 1.67873786268e-05, 2.24321884161e-05, 2.39288165176e-05, 2.19643188757e-05, 2.01222792384e-05, 1.88102621905e-05, 1.63836994034e-05, 1.46849033626e-05, 1.10528244477e-05, 1.01870828075e-05, 1.08040694613e-05, 9.71308236331e-06, 8.80440984474e-06, 7.984172953e-06, 5.31382283953e-06, 4.02660180043e-06, 2.78664560938e-06, 2.7211538054e-06, 3.11595317726e-06, 4.51592495665e-06, 8.35536320665e-06, 9.4184633781e-06, 8.12320649857e-06, 6.15656472291e-06, 4.19019625042e-06, 3.302205414e-06, 3.8400721678e-06, 3.36251218869e-06, 2.69334964287e-06, 1.44979412653e-06, 1.34325887302e-06, 1.87731018286e-06, 2.19436537918e-06, 1.59642900144e-06, 1.27849955334e-06, 1.29630757328e-06, 1.42238093304e-06, 1.16449086818e-06, 8.23421316909e-07, 8.94517995675e-07, 1.20539891668e-06, 1.06624656837e-06, 7.83436178153e-07, 9.99450776362e-07, 1.10067617243e-06, 8.59853514612e-07, 7.89881937635e-07, 4.06999419056e-07, 2.58184257973e-07, 1.53989105911e-07, 5.04261130629e-08, 6.64120207716e-08, 2.2401886568e-08, 8.68744631788e-10, 1.3879339518e-11, 9.26592570033e-12, 7.90973883613e-12, 5.94422861627e-12, 5.6852981524e-12, 5.57671400378e-12, 5.54907205255e-12, 5.48969420269e-12, 5.30054125591e-12, 5.1033166408e-12, 5.03359420118e-12, 4.94315656116e-12, 4.87739406155e-12, 4.76831855251e-12, 4.69153231888e-12, 4.56973911836e-12, 4.42937830511e-12, 4.3773326977e-12, 4.39058381665e-12, 4.24713346089e-12, 3.65256566312e-12, 2.6445015882e-12, 2.0850452441e-12, 1.99910986202e-12],
        "min": [1.6502150708e-24, 2.1550855571e-24, 2.10803414562e-24, 2.12673192401e-24, 6.02426409819e-24, 4.65125563695e-24, 4.09627266304e-24, 2.06445293327e-24, 9.63352302898e-25, 3.25613185467e-24, 1.16344030424e-23, 4.74968970071e-24, 5.05984495952e-24, 3.80145956554e-24, 1.68995502358e-24, 2.55378571936e-24, 2.45001678652e-24, 1.05542726029e-23, 7.52446218089e-24, 9.06409956177e-25, 4.8348831286e-24, 8.132083082e-24, 6.98821425904e-24, 6.55270900239e-24, 1.08245347713e-23, 7.72682393574e-24, 4.42889625816e-24, 4.30186598659e-24, 5.65239664519e-24, 1.28889403729e-23, 9.02076407958e-24, 1.03756831714e-23, 1.02457672466e-23, 4.69054524877e-24, 2.05220744544e-24, 9.55563780573e-24, 1.24773892721e-23, 4.71795974295e-24, 3.78312367709e-24, 2.33627467968e-23, 1.50553614668e-23, 1.09318261653e-23, 5.4438872973e-24, 1.44621144002e-23, 2.13305432862e-23, 1.04625343905e-23, 6.71895078854e-24, 1.32215911837e-23, 3.01714841559e-24, 5.01962567513e-24, 4.90548578518e-24, 7.43674084823e-24, 5.30049368398e-24, 7.53182540858e-24, 7.69854485001e-24, 1.48149150851e-23, 1.37194712777e-23, 1.16936961946e-23, 7.73652692488e-24, 2.56991417778e-24, 3.21510891824e-24, 6.87596724084e-24, 1.76763802234e-23, 1.26636748305e-23, 1.09810637075e-23, 1.99467929061e-23, 1.27639106526e-23, 2.47216168985e-24, 5.546592254e-24, 1.1063614057e-23, 1.0800716694e-23, 1.14237487817e-23, 8.55121592499e-24, 1.29930613349e-23, 5.79559462101e-24, 8.19098653693e-24, 1.15573344874e-23, 6.53025683774e-24, 7.17417638454e-24, 1.01715362243e-23, 1.18624075098e-23, 8.26064689917e-24, 7.72401637978e-24, 6.57713923576e-24, 1.70387676195e-23, 1.1897223097e-23, 1.67019697669e-23, 9.82502828284e-24, 1.02590461423e-23, 6.49372666137e-24, 2.15052838654e-23, 1.70985190999e-23, 1.41388676002e-23, 7.87444584352e-24, 1.47263323164e-23, 1.01846952131e-23, 6.53602538311e-24, 1.38659043721e-23, 1.11513188235e-23, 7.73805021528e-24, 5.80239026328e-24, 6.45038900982e-24, 8.67528639045e-24, 5.14464395696e-24, 6.87478473834e-24, 1.03801299803e-23, 1.07980937315e-23, 1.20805772484e-23, 1.1803333661e-23, 1.15551414541e-23, 8.83604519888e-24, 8.58750668208e-24, 1.10684339971e-23, 7.11056106342e-24, 9.72528076568e-24, 1.60498484333e-23, 1.3286175226e-23, 1.18040665127e-23, 1.58607253421e-23, 1.03001260739e-23, 4.08545028028e-24, 1.37018228815e-23, 9.49575300783e-24, 9.46431295646e-24, 1.05958589832e-23, 1.08450719761e-23, 1.17152675961e-23, 9.03335193305e-24],
        "stdev": [6.6281868385e-06, 1.67319522006e-05, 2.88488245133e-05, 3.25436667481e-05, 3.10774375976e-05, 3.60746416845e-05, 8.24224116514e-05, 0.000409656349802, 0.000815200502984, 0.00187822792213, 0.0025077261962, 0.00226591224782, 0.00138475978747, 0.000672203779686, 0.00127954746131, 0.00168434134685, 0.00117424956989, 0.0013565979898, 0.00209839013405, 0.00151175132487, 0.00302117038518, 0.00180764100514, 0.00152633851394, 0.000858465733472, 0.000813808699604, 0.000421873788582, 0.00032942040707, 0.000381078309147, 0.000494989915751, 0.000491472659633, 0.00045836128993, 0.000290655589197, 0.000205128293601, 0.000212701168493, 0.000220443442231, 0.000531470868737, 0.000561079126783, 0.000342072657077, 0.000232621459872, 0.000509235949721, 0.00050136318896, 0.000451139901998, 0.000219772628043, 0.000213761348277, 0.000135940339533, 0.00016142478853, 7.08521765773e-05, 0.000108044216176, 0.000105984749098, 6.47297347314e-05, 5.50028016733e-05, 0.000104480510345, 8.5310646682e-05, 7.56658992032e-05, 9.65081635513e-05, 8.29568016343e-05, 6.61234589643e-05, 8.67543058121e-05, 5.34919636266e-05, 4.52101558039e-05, 6.79568765918e-05, 3.9328890125e-05, 3.43959218299e-05, 2.95635691145e-05, 1.83543597814e-05, 1.04270047814e-05, 6.49543699183e-06, 7.06218361302e-06, 8.98705366126e-06, 1.60953568411e-05, 4.1042072553e-05, 5.78047911404e-05, 3.14229437208e-05, 3.28874630213e-05, 2.17969936784e-05, 1.778193473e-05, 2.51398523687e-05, 2.38333577727e-05, 1.9217359295e-05, 8.02482645668e-06, 7.91060210759e-06, 1.24852886074e-05, 1.83356823982e-05, 1.1448794794e-05, 9.58952477959e-06, 8.17900036054e-06, 6.37061611997e-06, 5.91138405071e-06, 4.22638640885e-06, 4.42688906332e-06, 5.58234160053e-06, 4.30502177551e-06, 3.87883756048e-06, 5.92197284277e-06, 6.14166901869e-06, 5.5038372011e-06, 9.44170460571e-06, 3.55198631041e-06, 1.76635217031e-06, 1.11021654448e-06, 3.89520181443e-07, 6.10024414982e-07, 2.14709302782e-07, 1.04789688038e-08, 9.37265473566e-11, 4.09340616958e-11, 2.51997953754e-11, 1.5971638942e-11, 1.5085162286e-11, 1.46602868734e-11, 1.39461150961e-11, 1.36108780496e-11, 1.27315267703e-11, 1.22539114272e-11, 1.21687607907e-11, 1.18324672976e-11, 1.14002010956e-11, 1.04563762163e-11, 1.0123690948e-11, 1.02554267162e-11, 1.0466709964e-11, 9.93144368827e-12, 9.70735644645e-12, 9.19817000344e-12, 9.33955950772e-12, 9.49506358955e-12, 9.2771181362e-12, 9.21508008789e-12]
    },
    "mfcc": {
        "mean": [-738.46875, 132.583602905, -26.9006557465, 19.3200073242, -22.1681575775, -1.10207045078, -11.0379190445, -4.59834241867, -16.5561618805, 3.18479919434, -15.5730752945, 7.79330539703, -8.73992824554],
        "cov": [[5666.50488281, -723.301147461, -1249.23327637, -267.236663818, -295.668151855, -186.461135864, -221.301437378, -69.8005065918, -99.0796356201, 67.7582092285, -231.823165894, 30.6452045441, -126.250137329], [-723.301147461, 2759.0402832, -455.976287842, -281.608917236, -179.047988892, -263.82321167, 143.036636353, -212.036499023, -185.78616333, 64.3435974121, -109.182556152, 19.9311981201, -76.4839248657], [-1249.23327637, -455.976287842, 1503.4420166, 111.868331909, 92.3744812012, 91.5943069458, -66.0696334839, 51.7424049377, -99.0912475586, -61.0130996704, 46.6947746277, 19.7521820068, 35.3240737915], [-267.236663818, -281.608917236, 111.868331909, 729.284301758, 109.788078308, -115.531661987, -129.150497437, -6.68382263184, 57.2905654907, -133.110809326, -10.5525474548, 42.350276947, -23.9956970215], [-295.668151855, -179.047988892, 92.3744812012, 109.788078308, 397.563751221, 2.35660529137, -120.102310181, -7.21649837494, 87.5700912476, -50.6394882202, 9.68308830261, 16.584690094, 2.70057272911], [-186.461135864, -263.82321167, 91.5943069458, -115.531661987, 2.35660529137, 382.818084717, 72.4569320679, 20.3367919922, 33.8507728577, 37.2146492004, 66.6174850464, -56.1745529175, 27.4818534851], [-221.301437378, 143.036636353, -66.0696334839, -129.150497437, -120.102310181, 72.4569320679, 299.90322876, 22.6608543396, -35.9736671448, 69.497833252, 37.4633636475, -25.271024704, 11.8935089111], [-69.8005065918, -212.036499023, 51.7424049377, -6.68382263184, -7.21649837494, 20.3367919922, 22.6608543396, 193.528747559, 1.0858451128, 8.17590332031, 17.7660808563, 0.638000845909, 36.5112762451], [-99.0796356201, -185.78616333, -99.0912475586, 57.2905654907, 87.5700912476, 33.8507728577, -35.9736671448, 1.0858451128, 260.948791504, -15.7647571564, 43.5286026001, -22.778875351, -21.739233017], [67.7582092285, 64.3435974121, -61.0130996704, -133.110809326, -50.6394882202, 37.2146492004, 69.497833252, 8.17590332031, -15.7647571564, 145.039520264, 12.4437408447, -0.114003606141, 13.330165863], [-231.823165894, -109.182556152, 46.6947746277, -10.5525474548, 9.68308830261, 66.6174850464, 37.4633636475, 17.7660808563, 43.5286026001, 12.4437408447, 116.891914368, -2.48601508141, 13.2517089844], [30.6452045441, 19.9311981201, 19.7521820068, 42.350276947, 16.584690094, -56.1745529175, -25.271024704, 0.638000845909, -22.778875351, -0.114003606141, -2.48601508141, 120.079879761, 9.87825965881], [-126.250137329, -76.4839248657, 35.3240737915, -23.9956970215, 2.70057272911, 27.4818534851, 11.8935089111, 36.5112762451, -21.739233017, 13.330165863, 13.2517089844, 9.87825965881, 107.968223572]],
        "icov": [[0.0003599577758, 0.000243500675424, 0.000336943136062, 0.00020135367231, 0.000269496522378, 9.86377272056e-05, 0.000353513081791, 0.000151038708282, 0.000277225626633, -0.00010844082135, 0.00046629057033, -0.000149576357217, 0.000431710068369], [0.000243500675424, 0.000674805603921, 0.000328024412738, 0.000316102203215, 0.000209608479054, 0.000404344522394, -6.68380016577e-06, 0.000585744332056, 0.000448601989774, -7.99954505055e-05, 0.000460849230876, -0.000128462241264, 0.000475577806355], [0.000336943136062, 0.000328024412738, 0.00110397615936, 0.000125837235828, 9.37687291298e-05, -8.17062755232e-05, 0.000465160963358, 5.72377648496e-05, 0.000811233359855, 0.00015109081869, 5.86690257478e-05, -0.000197370696696, 0.000396543153329], [0.00020135367231, 0.000316102203215, 0.000125837235828, 0.00198045372963, 1.33925113914e-05, 0.000543113856111, 0.000347256864188, 0.000198754001758, -8.01513742772e-05, 0.0012543569319, 0.000202532406547, -0.000547141011339, 0.000468506594189], [0.000269496522378, 0.000209608479054, 9.37687291298e-05, 1.33925113914e-05, 0.00338596338406, -9.84111902653e-05, 0.00124578154646, 0.000265727780061, -0.000739220296964, 0.000327468151227, 0.000262457237113, -0.000509003817569, -2.57371339103e-05], [9.86377272056e-05, 0.000404344522394, -8.17062755232e-05, 0.000543113856111, -9.84111902653e-05, 0.00367534416728, -0.000503176008351, 0.000385703053325, -8.20694986032e-05, -0.000388564338209, -0.00118227594066, 0.00134756579064, -0.000405572471209], [0.000353513081791, -6.68380016577e-06, 0.000465160963358, 0.000347256864188, 0.00124578154646, -0.000503176008351, 0.00505035556853, -0.000418781361077, 0.000733505643439, -0.00135226990096, -0.000997217954136, 0.00045290318667, 0.000411432323745], [0.000151038708282, 0.000585744332056, 5.72377648496e-05, 0.000198754001758, 0.000265727780061, 0.000385703053325, -0.000418781361077, 0.00616254052147, 0.000105142309621, -0.000124397207401, -6.21163853793e-05, -5.24012502865e-05, -0.00147671322338], [0.000277225626633, 0.000448601989774, 0.000811233359855, -8.01513742772e-05, -0.000739220296964, -8.20694986032e-05, 0.000733505643439, 0.000105142309621, 0.00541508197784, -6.14528617007e-05, -0.00166866986547, 0.000835698272567, 0.00150800438132], [-0.00010844082135, -7.99954505055e-05, 0.00015109081869, 0.0012543569319, 0.000327468151227, -0.000388564338209, -0.00135226990096, -0.000124397207401, -6.14528617007e-05, 0.00916080083698, -0.000485185475554, -0.000894749711733, -0.000674370443448], [0.00046629057033, 0.000460849230876, 5.86690257478e-05, 0.000202532406547, 0.000262457237113, -0.00118227594066, -0.000997217954136, -6.21163853793e-05, -0.00166866986547, -0.000485185475554, 0.0115655902773, -0.00113083911128, -0.000269395095529], [-0.000149576357217, -0.000128462241264, -0.000197370696696, -0.000547141011339, -0.000509003817569, 0.00134756579064, 0.00045290318667, -5.24012502865e-05, 0.000835698272567, -0.000894749711733, -0.00113083911128, 0.00963785964996, -0.00114963389933], [0.000431710068369, 0.000475577806355, 0.000396543153329, 0.000468506594189, -2.57371339103e-05, -0.000405572471209, 0.000411432323745, -0.00147671322338, 0.00150800438132, -0.000674370443448, -0.000269395095529, -0.00114963389933, 0.0111611494794]]
    },
    "spectral_contrast_coeffs": {
        "max": [-0.320541143417, -0.365163743496, -0.470376342535, -0.528410077095, -0.528459370136, -0.481510132551],
        "mean": [-0.647762835026, -0.745923221111, -0.786403536797, -0.802244246006, -0.798860490322, -0.710904657841],
        "min": [-0.980960607529, -0.972372710705, -0.963687241077, -0.964850068092, -0.962001502514, -0.959465742111],
        "stdev": [0.126110598445, 0.118436001241, 0.0897185355425, 0.0756862610579, 0.0586503408849, 0.0583794862032]
    },
    "spectral_contrast_valleys": {
        "max": [-6.9112868309, -5.30005979538, -5.18294811249, -5.66677856445, -5.70656061172, -8.56572532654],
        "mean": [-8.30054664612, -7.31907653809, -7.90556383133, -8.24872779846, -8.26289272308, -12.1220207214],
        "min": [-26.6105194092, -27.2393321991, -27.1123752594, -27.0984153748, -27.2755393982, -27.1652507782],
        "stdev": [0.832910358906, 0.91497451067, 1.03951215744, 1.10262668133, 1.08277595043, 1.20231354237]
    }
},
"rhythm": {
    "beats_count": 59,
    "beats_loudness": {
        "max": 0.0797742009163,
        "mean": 0.0198550745845,
        "min": 0.000138473958941,
        "stdev": 0.0168107729405
    },
    "bpm": 114.066467285,
    "bpm_histogram_first_peak_bpm": 115,
    "bpm_histogram_first_peak_weight": 0.444444477558,
    "bpm_histogram_second_peak_bpm": 148,
    "bpm_histogram_second_peak_spread": 0.384615361691,
    "bpm_histogram_second_peak_weight": 0.137931033969,
    "danceability": 1.40115833282,
    "onset_rate": 4.48069858551,
    "beats_loudness_band_ratio": {
        "max": [0.66632938385, 0.922862410545, 0.793144226074, 0.900760829449, 0.616268932819, 0.922803401947],
        "mean": [0.0563620589674, 0.246702805161, 0.277571707964, 0.231784433126, 0.131647348404, 0.11696318537],
        "min": [0.000533744983841, 0.00499140890315, 0.00377114186995, 0.00209126574919, 0.000614870165009, 0.000659444543999],
        "stdev": [0.105589516461, 0.27051666379, 0.23484121263, 0.254675745964, 0.159761115909, 0.235744819045]
    },
    "beats_position": [0.394739210606, 0.801088392735, 1.20743763447, 1.6137868166, 2.02013611794, 2.42648530006, 2.83283448219, 3.23918366432, 3.63392281532, 4.04027223587, 4.43501138687, 4.85297060013, 5.24770975113, 5.64244890213, 6.025578022, 6.39709758759, 6.76861667633, 7.1517457962, 7.61614513397, 8.10376358032, 8.59138298035, 9.10222244263, 9.62467098236, 10.1239004135, 10.623128891, 11.1223583221, 11.6331968307, 12.1556463242, 12.6548748016, 13.1541042328, 13.6765527725, 14.1990022659, 14.7214508057, 15.2439002991, 15.7663488388, 16.3468475342, 16.8925170898, 17.4381847382, 17.995464325, 18.5527439117, 19.0984115601, 19.6440811157, 20.2013607025, 20.758638382, 21.3159179688, 21.8848075867, 22.4188652039, 22.9413146973, 23.4637641907, 23.9629936218, 24.4622211456, 24.984670639, 25.4955101013, 26.0063495636, 26.5404071808, 27.0860767365, 27.6317462921, 28.142583847, 28.6534233093],
