{
"metadata": {
    "version": {
        "essentia": "2.1-beta5",
        "essentia_git_sha": "Undefined",
        "extractor": "music 2.0"
    },
    "audio_properties": {
        "analysis": {
            "equal_loudness": 0,
            "length": 29.3035831451,
            "sample_rate": 44100,
            "start_time": 126.502311707,
            "downmix": "mix"
        },
        "bit_rate": 192000,
        "length": 155.829116821,
        "lossless": 0,
        "number_channels": 2,
        "replay_gain": -17.0037231445,
        "sample_rate": 44100,
        "codec": "mp3",
        "md5_encoded": "454d9e42d7b2bf9e1002fa079025ce3b"
    },
    "tags": {
        "file_name": "Portugal_Voltarei_Dora.mp3",
        "encoding": ["Lavf58.29.100"]
    }
},
"lowlevel": {
    "average_loudness": 0.95940798521,
    "barkbands_crest": {
        "max": 24.8362979889,
        "mean": 7.4615855217,
        "min": 2.90787196159,
        "stdev": 3.39770054817
    },
    "barkbands_flatness_db": {
        "max": 0.349559366703,
        "mean": 0.154998227954,
        "min": 0.0750887468457,
        "stdev": 0.0424051247537
    },
    "barkbands_kurtosis": {
        "max": 69.7846374512,
        "mean": 1.27071237564,
        "min": -1.78712701797,
        "stdev": 4.86826944351
    },
    "barkbands_skewness": {
        "max": 6.19782447815,
        "mean": 0.695490777493,
        "min": -2.07956624031,
        "stdev": 0.767650008202
    },
    "barkbands_spread": {
        "max": 51.5183601379,
        "mean": 19.1263942719,
        "min": 1.20079922676,
        "stdev": 8.56087493896
    },
    "dissonance": {
        "max": 0.499909132719,
        "mean": 0.458746224642,
        "min": 0.277029424906,
        "stdev": 0.0332903303206
    },
    "dynamic_complexity": 2.23582196236,
    "erbbands_crest": {
        "max": 31.6462936401,
        "mean": 10.0448265076,
        "min": 2.86665344238,
        "stdev": 4.8694152832
    },
    "erbbands_flatness_db": {
        "max": 0.378927409649,
        "mean": 0.21715053916,
        "min": 0.0994015187025,
        "stdev": 0.035571359098
    },
    "erbbands_kurtosis": {
        "max": 32.7116203308,
        "mean": 0.613306105137,
        "min": -1.76944327354,
        "stdev": 2.64478826523
    },
    "erbbands_skewness": {
        "max": 4.62738847733,
        "mean": 0.33941796422,
        "min": -1.62542259693,
        "stdev": 0.782403349876
    },
    "erbbands_spread": {
        "max": 90.8357925415,
        "mean": 26.4625263214,
        "min": 2.65164709091,
        "stdev": 11.6429224014
    },
    "hfc": {
        "max": 73.4485626221,
        "mean": 25.3119163513,
        "min": 1.12539656108e-16,
        "stdev": 14.7625684738
    },
    "loudness_ebu128": {
        "integrated": -6.84131193161,
        "loudness_range": 4.44742155075,
        "momentary": {
            "max": -4.68376922607,
            "mean": -7.47333145142,
            "min": -16.0789260864,
            "stdev": 2.66966533661
        },
        "short_term": {
            "max": -5.08934402466,
            "mean": -7.04977846146,
            "min": -11.7240905762,
            "stdev": 1.69349992275
        }
    },
    "melbands_crest": {
        "max": 32.94115448,
        "mean": 9.75419616699,
        "min": 2.13496041298,
        "stdev": 4.57417201996
    },
    "melbands_flatness_db": {
        "max": 0.420768857002,
        "mean": 0.169349953532,
        "min": 0.00517129572108,
        "stdev": 0.0656589791179
    },
    "melbands_kurtosis": {
        "max": 119.730018616,
        "mean": 3.49296116829,
        "min": -1.52702212334,
        "stdev": 7.60939216614
    },
    "melbands_skewness": {
        "max": 7.38214492798,
        "mean": 1.2421579361,
        "min": -0.999279797077,
        "stdev": 0.858072280884
    },
    "melbands_spread": {
        "max": 158.900054932,
        "mean": 28.3170776367,
        "min": 1.16873335838,
        "stdev": 14.561170578
    },
    "pitch_salience": {
        "max": 0.879733622074,
        "mean": 0.597460210323,
        "min": 0.197756811976,
        "stdev": 0.103229761124
    },
    "silence_rate_20dB": {
        "max": 1,
        "mean": 1,
        "min": 1,
        "stdev": 0
    },
    "silence_rate_30dB": {
        "max": 1,
        "mean": 1,
        "min": 1,
        "stdev": 0
    },
    "silence_rate_60dB": {
        "max": 1,
        "mean": 0.015043547377,
        "min": 0,
        "stdev": 0.121725328267
    },
    "spectral_centroid": {
        "max": 11462.921875,
        "mean": 1504.85437012,
        "min": 318.535614014,
        "stdev": 670.849853516
    },
    "spectral_complexity": {
        "max": 43,
        "mean": 24.0831356049,
        "min": 0,
        "stdev": 9.20283603668
    },
    "spectral_decrease": {
        "max": 1.13919141396e-28,
        "mean": -5.76623060411e-09,
        "min": -2.41060469364e-08,
        "stdev": 3.01634472955e-09
    },
    "spectral_energy": {
        "max": 0.0976437106729,
        "mean": 0.0240589492023,
        "min": 1.02814099198e-20,
        "stdev": 0.0124745024368
    },
    "spectral_energyband_high": {
        "max": 0.00329143484123,
        "mean": 0.000546811905224,
        "min": 7.58952025287e-21,
        "stdev": 0.000475809938507
    },
    "spectral_energyband_low": {
        "max": 0.0247449576855,
        "mean": 0.00208005821332,
        "min": 3.17898764792e-23,
        "stdev": 0.00188385904767
    },
    "spectral_energyband_middle_high": {
        "max": 0.0621727630496,
        "mean": 0.0101061202586,
        "min": 1.41148233723e-21,
        "stdev": 0.00776754645631
    },
    "spectral_energyband_middle_low": {
        "max": 0.0872254669666,
        "mean": 0.0120595507324,
        "min": 2.05449545761e-22,
        "stdev": 0.00869764946401
    },
    "spectral_entropy": {
        "max": 9.80533504486,
        "mean": 7.45617008209,
        "min": 5.5242190361,
        "stdev": 0.431244879961
    },
    "spectral_flux": {
        "max": 0.314595550299,
        "mean": 0.0818165466189,
        "min": 6.67950417199e-11,
        "stdev": 0.033312343061
    },
    "spectral_kurtosis": {
        "max": 49.050201416,
        "mean": 5.15682888031,
        "min": -1.31655550003,
        "stdev": 5.32237482071
    },
    "spectral_rms": {
        "max": 0.00976023357362,
        "mean": 0.00465338118374,
        "min": 3.16711912772e-12,
        "stdev": 0.00134840758983
    },
    "spectral_rolloff": {
        "max": 18927.6855469,
        "mean": 1826.17797852,
        "min": 215.33203125,
        "stdev": 1225.8651123
    },
    "spectral_skewness": {
        "max": 5.46461725235,
        "mean": 1.45586049557,
        "min": -0.0278377607465,
        "stdev": 0.671302676201
    },
    "spectral_spread": {
        "max": 50092604,
        "mean": 3265958.25,
        "min": 1632268.5,
        "stdev": 2070661.875
    },
    "spectral_strongpeak": {
        "max": 12.8982114792,
        "mean": 1.80955660343,
        "min": 0,
        "stdev": 1.81381189823
    },
    "zerocrossingrate": {
        "max": 0.52001953125,
        "mean": 0.0641809552908,
        "min": 0.01318359375,
        "stdev": 0.0334458053112
    },
    "barkbands": {
        "max": [0.000327810208546, 0.00933200120926, 0.0154311200604, 0.0195448696613, 0.0325915440917, 0.0140384472907, 0.0172666553408, 0.0187875870615, 0.07323987782, 0.065392665565, 0.0383962765336, 0.0116364611313, 0.00568871153519, 0.0129082715139, 0.00842069834471, 0.0170243885368, 0.0151425702497, 0.0157143417746, 0.00275020767003, 0.00134408171289, 0.00117208517622, 0.000872617063578, 0.000771250808612, 0.000812296464574, 7.93593135313e-05, 2.96188932225e-06, 1.62647472735e-06],
        "mean": [1.9944334781e-05, 0.0010898783803, 0.000604585744441, 0.000765019911341, 0.00199842453003, 0.00264578172937, 0.00217140838504, 0.00201074499637, 0.00182294624392, 0.00190710742027, 0.00189015269279, 0.00106209598016, 0.000483785755932, 0.000669407425448, 0.000833079626318, 0.000885142653715, 0.00112605013419, 0.00109125697054, 0.000351638154825, 0.000228633973165, 0.000167874401086, 0.000121064855193, 6.74838884152e-05, 3.9509144699e-05, 5.85842326473e-06, 7.86884299941e-08, 3.52130569148e-09],
        "min": [3.73688696171e-24, 1.16067171801e-23, 1.24492300932e-23, 9.02148273187e-24, 2.59171888485e-23, 2.77665659557e-23, 4.49540969647e-23, 3.03845775745e-23, 2.25916321065e-23, 1.12036636889e-23, 6.32518897444e-23, 3.62584043203e-23, 6.15541790348e-23, 1.04928452664e-22, 1.33375389062e-22, 1.53113509326e-22, 1.57405367034e-22, 1.73579136049e-22, 2.44342104949e-22, 1.98022477136e-22, 3.33158326059e-22, 5.08627421376e-22, 5.03380044852e-22, 6.88679104355e-22, 1.12748675679e-21, 1.6925883391e-21, 2.23737169177e-21],
        "stdev": [2.68015282927e-05, 0.00104619306512, 0.000899641017895, 0.00152716657612, 0.00252988608554, 0.00220881588757, 0.00268141576089, 0.00246671936475, 0.00527894077823, 0.00350727816112, 0.00421362230554, 0.00136520585511, 0.000624783628155, 0.000836621271446, 0.000898535363376, 0.0011925449362, 0.00180627976079, 0.00193718215451, 0.000302828440908, 0.000198160400032, 0.000154464374646, 0.000129854961415, 7.95962332631e-05, 7.33585402486e-05, 8.67814742378e-06, 1.60150534612e-07, 4.63318663435e-08]
    },
    "erbbands": {
        "max": [0.188341006637, 2.61058998108, 16.1097679138, 27.365688324, 115.713401794, 117.372055054, 180.721969604, 126.904563904, 297.974487305, 306.072814941, 517.825073242, 2288.73168945, 2851.64941406, 1473.90319824, 1506.67272949, 460.724578857, 255.321044922, 453.105010986, 595.899230957, 899.585083008, 1085.99047852, 875.381530762, 803.610656738, 350.108795166, 170.523132324, 76.2175521851, 63.8800888062, 52.1007881165, 43.5130691528, 34.0270652771, 18.0522823334, 10.943315506, 20.0813941956, 1.80593919754, 0.162422761321, 0.0122011257336, 0.00540172914043, 0.00115465512499, 0.000240288558416, 0.000113402478746],
        "mean": [0.0212315451354, 0.278268665075, 0.722142934799, 1.75261580944, 4.12084245682, 6.70832395554, 16.4220352173, 19.9114265442, 32.3941459656, 28.7116603851, 50.2510147095, 45.5672187805, 52.2771568298, 62.0991630554, 82.6781311035, 47.7210121155, 27.0916290283, 34.7799415588, 42.9221725464, 45.418636322, 44.6614723206, 61.745223999, 66.0257797241, 21.7993011475, 16.9611949921, 11.9891328812, 8.9161605835, 5.17907381058, 4.39464664459, 3.29655647278, 1.70838356018, 0.828887879848, 0.690550208092, 0.131794586778, 0.0165109802037, 0.00116019684356, 0.000131342356326, 2.23075549002e-05, 1.58392103913e-05, 2.99310941045e-05],
        "min": [3.60816975843e-22, 2.55709840505e-21, 1.1486570067e-20, 2.70775941776e-20, 2.89746246682e-20, 1.11094401696e-19, 1.10408953312e-19, 2.49217782937e-19, 5.00904751702e-19, 7.97738204324e-19, 4.65577005113e-19, 4.2637156506e-19, 4.14923359532e-19, 1.27634526864e-18, 2.14035010091e-18, 1.73542016885e-18, 2.78002872093e-18, 5.17245011939e-18, 5.60512968625e-18, 6.40081332903e-18, 8.04711326548e-18, 9.44764336627e-18, 8.0731214783e-18, 1.24992491308e-17, 9.27942874409e-18, 1.0506135111e-17, 1.16796107511e-17, 1.41422721912e-17, 1.42424321829e-17, 1.70105689417e-17, 1.37565305746e-17, 1.42180353179e-17, 1.15064752314e-17, 1.02816134773e-17, 8.10188916564e-18, 5.34930422949e-18, 2.91305197793e-18, 1.20792864319e-18, 3.16372725311e-19, 3.36955867621e-20],
        "stdev": [0.0194179490209, 0.280521869659, 0.9567476511, 2.51855754852, 9.18190956116, 8.4537563324, 19.3868160248, 18.312582016, 38.9595375061, 36.5124282837, 62.4837875366, 158.031555176, 105.63079071, 112.376167297, 167.318130493, 58.520614624, 30.2773742676, 39.2490158081, 45.3288841248, 66.3988265991, 52.9505691528, 93.3854522705, 112.334938049, 22.6418857574, 15.8114070892, 10.5062236786, 8.15792942047, 5.22264051437, 4.86895608902, 3.8140630722, 2.06260681152, 1.23047423363, 1.51477050781, 0.214286491275, 0.020549684763, 0.00126174034085, 0.000268410309218, 5.39156935702e-05, 1.03514285001e-05, 1.53177243192e-05]
    },
    "gfcc": {
        "mean": [-16.9573574066, 129.651184082, -172.313446045, 38.2488059998, -75.7654800415, 6.26917028427, -33.3787193298, -0.903969347477, -7.07943153381, -13.1032447815, 1.30943548679, -11.2968444824, 6.1979675293],
        "cov": [[8496.9140625, -234.955429077, -1442.51794434, 644.639831543, -466.292449951, 189.616500854, -116.570709229, 56.5729560852, -0.0842103287578, -265.436584473, 19.3964653015, 40.3658485413, -92.4451751709], [-234.955429077, 892.861022949, 576.890808105, -38.0781822205, 138.747879028, -131.669967651, 53.5400466919, -21.5687656403, -4.12639474869, 47.5948791504, 11.5809679031, -31.521604538, 12.4323635101], [-1442.51794434, 576.890808105, 1024.6496582, 51.6537513733, 104.220016479, -23.835187912, 13.1536159515, 1.77209937572, -41.3270187378, 75.8123245239, -9.51556777954, -38.2415733337, 15.552063942], [644.639831543, -38.0781822205, 51.6537513733, 341.751098633, -12.814702034, -2.67064237595, -20.0888881683, 27.6050853729, 24.3117084503, -47.9021453857, 11.1504888535, 18.0310287476, -16.410320282], [-466.292449951, 138.747879028, 104.220016479, -12.814702034, 166.483596802, -38.2329864502, 27.6330299377, 17.6282157898, 11.0108366013, 9.39515018463, -6.88973283768, 25.5549697876, 4.59210157394], [189.616500854, -131.669967651, -23.835187912, -2.67064237595, -38.2329864502, 243.693099976, 41.6303215027, -16.6292419434, -42.4586219788, -3.89605569839, -5.8486495018, -37.49451828, 33.5837898254], [-116.570709229, 53.5400466919, 13.1536159515, -20.0888881683, 27.6330299377, 41.6303215027, 106.10874176, 6.97542190552, -5.96726322174, 5.01713180542, -5.70418977737, -3.94943380356, -3.11353754997], [56.5729560852, -21.5687656403, 1.77209937572, 27.6050853729, 17.6282157898, -16.6292419434, 6.97542190552, 81.9587936401, 38.1772346497, 8.18096160889, 9.83424568176, 13.8532466888, -3.59200191498], [-0.0842103287578, -4.12639474869, -41.3270187378, 24.3117084503, 11.0108366013, -42.4586219788, -5.96726322174, 38.1772346497, 78.7810974121, 18.6932468414, 18.1173782349, 19.4109420776, -5.2061419487], [-265.436584473, 47.5948791504, 75.8123245239, -47.9021453857, 9.39515018463, -3.89605569839, 5.01713180542, 8.18096160889, 18.6932468414, 75.1934890747, 25.1173553467, -2.86647129059, 7.36974954605], [19.3964653015, 11.5809679031, -9.51556777954, 11.1504888535, -6.88973283768, -5.8486495018, -5.70418977737, 9.83424568176, 18.1173782349, 25.1173553467, 61.1667480469, 16.1377296448, 11.9846010208], [40.3658485413, -31.521604538, -38.2415733337, 18.0310287476, 25.5549697876, -37.49451828, -3.94943380356, 13.8532466888, 19.4109420776, -2.86647129059, 16.1377296448, 83.7994155884, 12.9439754486], [-92.4451751709, 12.4323635101, 15.552063942, -16.410320282, 4.59210157394, 33.5837898254, -3.11353754997, -3.59200191498, -5.2061419487, 7.36974954605, 11.9846010208, 12.9439754486, 72.0836029053]],
        "icov": [[0.000606371613685, -0.00156315939967, 0.00161110353656, -0.00135715713259, 0.00166553864256, -0.00134801212698, 0.00132426642813, -0.00159201619681, 0.00136731145903, -0.000354769057594, 0.000909672293346, -0.0013138189679, 0.00111019902397], [-0.00156315939967, 0.00665591703728, -0.00552083738148, 0.00386000913568, -0.00536797894165, 0.00524831004441, -0.00515621015802, 0.00556055549532, -0.0043385294266, 0.00194157660007, -0.00391013873741, 0.00515950378031, -0.00391986873001], [0.00161110353656, -0.00552083738148, 0.0063759451732, -0.00452597206458, 0.00413032481447, -0.00408131675795, 0.00443429732695, -0.00525013171136, 0.00562660768628, -0.00371864205226, 0.00391868315637, -0.00362133490853, 0.00296600209549], [-0.00135715713259, 0.00386000913568, -0.00452597206458, 0.00712854648009, -0.00341122620739, 0.00253223627806, -0.0025374351535, 0.00302204908803, -0.00515423109755, 0.00515873776749, -0.00413397187367, 0.00243999902159, -0.00137889699545], [0.00166553864256, -0.00536797894165, 0.00413032481447, -0.00341122620739, 0.0128223383799, -0.00327865011059, 0.00205552414991, -0.00589291052893, 0.00342420046218, -0.00129254558124, 0.00477549759671, -0.0066805309616, 0.00268503092229], [-0.00134801212698, 0.00524831004441, -0.00408131675795, 0.00253223627806, -0.00327865011059, 0.0102901374921, -0.00676961336285, 0.00412113079801, -0.000717242597602, 0.000615978555288, -0.00280994549394, 0.00657970830798, -0.00667840987444], [0.00132426642813, -0.00515621015802, 0.00443429732695, -0.0025374351535, 0.00205552414991, -0.00676961336285, 0.0154358530417, -0.00572603940964, 0.00395909883082, -0.00197560689412, 0.0034494951833, -0.00443690689281, 0.00516882212833], [-0.00159201619681, 0.00556055549532, -0.00525013171136, 0.00302204908803, -0.00589291052893, 0.00412113079801, -0.00572603940964, 0.0215022657067, -0.0118299489841, 0.00168758793734, -0.00373731297441, 0.00360267888755, -0.00295302341692], [0.00136731145903, -0.0043385294266, 0.00562660768628, -0.00515423109755, 0.00342420046218, -0.000717242597602, 0.00395909883082, -0.0118299489841, 0.0251283887774, -0.00796558242291, 0.00124292809051, -0.00464318552986, 0.00306838471442], [-0.000354769057594, 0.00194157660007, -0.00371864205226, 0.00515873776749, -0.00129254558124, 0.000615978555288, -0.00197560689412, 0.00168758793734, -0.00796558242291, 0.0236300528049, -0.0103270066902, 0.00316720758565, -0.00086199073121], [0.000909672293346, -0.00391013873741, 0.00391868315637, -0.00413397187367, 0.00477549759671, -0.00280994549394, 0.0034494951833, -0.00373731297441, 0.00124292809051, -0.0103270066902, 0.025110296905, -0.00651176460087, -0.000837805622723], [-0.0013138189679, 0.00515950378031, -0.00362133490853, 0.00243999902159, -0.0066805309616, 0.00657970830798, -0.00443690689281, 0.00360267888755, -0.00464318552986, 0.00316720758565, -0.00651176460087, 0.0200348757207, -0.00706419767812], [0.00111019902397, -0.00391986873001, 0.00296600209549, -0.00137889699545, 0.00268503092229, -0.00667840987444, 0.00516882212833, -0.00295302341692, 0.00306838471442, -0.00086199073121, -0.000837805622723, -0.00706419767812, 0.019752888009]]
    },
    "melbands": {
        "max": [0.00190146244131, 0.00642487825826, 0.00781418010592, 0.00730703026056, 0.00493798032403, 0.00302463048138, 0.00398274092004, 0.00310955033638, 0.00436652777717, 0.0146762337536, 0.0140078216791, 0.006380810868, 0.00627054879442, 0.00207296106964, 0.000736919348128, 0.000742032658309, 0.00101058674045, 0.00117357890122, 0.00073063763557, 0.000951500725932, 0.00125046586618, 0.00115548807662, 0.00129240530077, 0.000351539521944, 0.000287482922431, 0.000112740184704, 6.48206332698e-05, 5.43624810234e-05, 4.31595653936e-05, 5.18103843206e-05, 3.22519445035e-05, 3.26605950249e-05, 1.68935257534e-05, 1.89453639905e-05, 1.15601033031e-05, 8.06046955404e-06, 6.49452704238e-06, 1.96839664568e-05, 3.19989453601e-06, 1.28330088955e-06],
        "mean": [0.000253445614362, 0.000386920961319, 0.000366500666132, 0.000394617585698, 0.000497875676956, 0.000472738349345, 0.000494402833283, 0.000305923866108, 0.000409374420997, 0.000275186641375, 0.000252930476563, 0.000238867141888, 0.000287083908916, 0.000141587617691, 8.1592843344e-05, 5.28880154889e-05, 6.43486055196e-05, 6.44254105282e-05, 5.84714834986e-05, 6.24495951342e-05, 5.24201277585e-05, 5.14515049872e-05, 0.000105486702523, 2.88482078759e-05, 1.59493392857e-05, 1.30199468913e-05, 8.29549026093e-06, 8.13356109575e-06, 6.08805294178e-06, 3.87638374377e-06, 2.78006859844e-06, 2.59896910393e-06, 2.060329507e-06, 1.7228520619e-06, 1.05247295323e-06, 6.13178940512e-07, 4.48000434972e-07, 6.4462329874e-07, 1.67454416555e-07, 8.07965179206e-08],
        "min": [3.07332655331e-24, 4.95472963833e-24, 4.50663416163e-24, 5.02428389878e-24, 4.30092329781e-24, 5.67948494538e-24, 9.22487552792e-24, 8.42187429097e-24, 3.70600463499e-24, 2.62869890915e-24, 1.984767135e-24, 4.62570758768e-24, 8.00859716248e-24, 3.65700335658e-24, 5.34358560536e-24, 6.22405456092e-24, 1.03323289538e-23, 7.51331399858e-24, 8.81777044715e-24, 8.5673220981e-24, 8.26157854389e-24, 1.08313741953e-23, 6.54831978031e-24, 8.38758250742e-24, 9.66555610654e-24, 8.97485000832e-24, 4.64088566592e-24, 7.3773167451e-24, 6.6458541482e-24, 7.62965993804e-24, 8.67261215198e-24, 7.07271230605e-24, 9.16551216708e-24, 9.16330887857e-24, 7.22701271025e-24, 8.4492919406e-24, 9.25549595282e-24, 8.20797623425e-24, 7.44608332793e-24, 8.62687951872e-24],
        "stdev": [0.000230797071708, 0.000418760901084, 0.000656887190416, 0.000582294596825, 0.000556122511625, 0.000423585035605, 0.000590463518165, 0.000388287269743, 0.000521434703842, 0.000985354883596, 0.000526348478161, 0.000468618993182, 0.000634112395346, 0.000191964718397, 9.40885438467e-05, 6.26579130767e-05, 7.99384069978e-05, 7.36394213163e-05, 6.65081533953e-05, 0.000104281774838, 7.15226633474e-05, 8.62291562953e-05, 0.000189254191355, 4.30421205238e-05, 1.86885663425e-05, 1.22618985188e-05, 8.12660528027e-06, 7.50456365495e-06, 6.2478552536e-06, 4.03885860578e-06, 3.2681355151e-06, 2.97066890198e-06, 2.3208156108e-06, 2.1205221401e-06, 1.29117881897e-06, 8.49365335398e-07, 7.11948189291e-07, 1.52651864482e-06, 2.64854804755e-07, 1.33971866489e-07]
    },
    "melbands128": {
        "max": [0.000235295927268, 0.00130100303795, 0.00278709339909, 0.00538376346231, 0.0084847221151, 0.00692887138575, 0.0034914847929, 0.0133406110108, 0.0149901155382, 0.00592340482399, 0.00717444950715, 0.00510455900803, 0.00922564510256, 0.00437613390386, 0.00418468331918, 0.00627705082297, 0.00901236478239, 0.00674759270623, 0.00484408112243, 0.00576435914263, 0.00520573463291, 0.0054101543501, 0.0078641474247, 0.0110255060717, 0.0287099778652, 0.021306142211, 0.0150257125497, 0.0248172543943, 0.013730160892, 0.0116754854098, 0.0107595464215, 0.00943810120225, 0.0129638109356, 0.00814556609839, 0.00277663092129, 0.00147612253204, 0.00236597820185, 0.000780340400524, 0.00160246877931, 0.000892268493772, 0.00127477978822, 0.00116944627371, 0.000972032954451, 0.00192070251796, 0.00123679102398, 0.00141293299384, 0.00139174761716, 0.0013108617859, 0.000996263348497, 0.0028187178541, 0.00191899458878, 0.00134769268334, 0.00290647754446, 0.000913898926228, 0.00200536334887, 0.00255655962974, 0.00262958090752, 0.00252859434113, 0.0028096025344, 0.00126206944697, 0.000590542855207, 0.000841220899019, 0.000571228389163, 0.000360564299626, 0.00012962812616, 0.000160792988027, 0.000358056189725, 0.000115873095638, 0.000127768478706, 0.000130680433358, 0.00010547038255, 9.83260179055e-05, 9.51220063143e-05, 7.12014661985e-05, 8.26429895824e-05, 7.06036371412e-05, 7.60012044339e-05, 6.6927568696e-05, 6.26744877081e-05, 3.06656620523e-05, 3.18282400258e-05, 5.29440367245e-05, 2.30864407058e-05, 1.79264607141e-05, 3.45331900462e-05, 2.67686646112e-05, 2.81527336483e-05, 3.17997219099e-05, 8.10607616586e-06, 2.64407353825e-05, 1.05471135612e-05, 1.05456911115e-05, 8.70707208378e-06, 7.76907654654e-06, 7.11271877663e-06, 1.8872317014e-05, 3.74739101971e-05, 5.96809559283e-06, 2.30374712373e-06, 1.65073004155e-06, 3.44753857462e-06, 8.63156174091e-07, 1.19450646707e-06, 2.8708757327e-07, 1.37018304258e-07, 6.06715033769e-08, 2.26885443766e-08, 2.21020854951e-08, 2.13403925642e-08, 1.97114768952e-08, 1.9223683978e-08, 1.82871655596e-08, 1.76645151839e-08, 1.55579158445e-08, 1.53061900932e-08, 1.53647903289e-08, 8.88219719997e-09, 7.5587749393e-09, 7.34454630447e-09, 7.14123915557e-09, 6.95967683484e-09, 6.80698608591e-09, 6.68479360755e-09, 6.56850795977e-09, 6.47145315114e-09, 6.39708241934e-09, 6.33324903632e-09, 6.30586294292e-09],
        "mean": [1.63456697919e-05, 0.000117609641165, 0.000359080178896, 0.000501835602336, 0.000398750271415, 0.000286092603346, 0.000341253791703, 0.000390176021028, 0.000404191232519, 0.000443508441094, 0.000335986609571, 0.000370748719433, 0.000685732346028, 0.000473618565593, 0.00034604044049, 0.000579807441682, 0.00052894098917, 0.000527012161911, 0.000392259185901, 0.000309677852783, 0.000224203526159, 0.000351859605871, 0.000589696981478, 0.000220747620915, 0.000330067734467, 0.000229014825891, 0.000281422631815, 0.000301684776787, 0.000156408787007, 0.000301840773318, 0.000238929249463, 0.000159327144502, 0.000412669527577, 0.0002823281975, 0.000101744117273, 0.000122841011034, 0.000168078520801, 4.76622008136e-05, 6.47739798296e-05, 6.11707364442e-05, 2.98028880934e-05, 7.3859897384e-05, 7.18166993465e-05, 6.3034480263e-05, 3.87351865356e-05, 6.06398753007e-05, 0.000106984865852, 4.51002597401e-05, 3.42002858815e-05, 8.64890316734e-05, 6.94147674949e-05, 3.62917926395e-05, 5.01072536281e-05, 5.74558507651e-05, 6.17076293565e-05, 3.5488508729e-05, 4.40285548393e-05, 0.000141518481541, 0.000131865774165, 3.19315258821e-05, 1.95742195501e-05, 2.72939014394e-05, 1.8928447389e-05, 1.29241543618e-05, 9.37442200666e-06, 1.1416093912e-05, 1.90868177015e-05, 9.47387707129e-06, 4.81553752252e-06, 6.81255960444e-06, 9.51503261604e-06, 8.40125358081e-06, 6.32963019598e-06, 6.31119610262e-06, 4.63720562038e-06, 4.63241940452e-06, 3.20286335409e-06, 2.15687305172e-06, 3.11832650368e-06, 3.06531956085e-06, 2.16918806473e-06, 2.99963812722e-06, 2.04708567253e-06, 1.78636776127e-06, 2.37183849094e-06, 1.67611256074e-06, 1.72576449131e-06, 1.32170873712e-06, 9.13126598334e-07, 1.01844079836e-06, 6.49028436328e-07, 5.26465044004e-07, 4.62939539148e-07, 4.07787979384e-07, 4.19329268198e-07, 7.23062271391e-07, 8.704619745e-07, 2.2999262228e-07, 1.51811761384e-07, 1.18933009219e-07, 1.3385832176e-07, 6.0219250031e-08, 4.62415385982e-08, 2.35834889395e-08, 1.01170609668e-08, 5.99605964879e-09, 2.24168239527e-09, 1.44588385709e-09, 9.31279831029e-10, 7.03537117452e-10, 3.51116857811e-10, 2.47556308786e-10, 2.03191685699e-10, 1.9565341014e-10, 1.69398023386e-10, 1.40338074495e-10, 6.93461885137e-11, 1.0562052101e-11, 9.43416265248e-12, 9.17867865047e-12, 8.94902207893e-12, 8.75263923839e-12, 8.58880241233e-12, 8.43873929068e-12, 8.31463630585e-12, 8.21790292066e-12, 8.13965821828e-12, 8.10119766409e-12],
        "min": [3.18015247007e-25, 3.03679420757e-24, 3.56451335974e-24, 2.44127561604e-24, 3.68622828653e-24, 6.40330111352e-24, 3.84173683121e-24, 2.19336246873e-24, 1.74494651728e-24, 5.59102721107e-24, 6.89390357124e-24, 7.68996352248e-25, 2.72686298526e-24, 3.57355291686e-24, 3.34547469093e-24, 2.77031088012e-24, 5.2023041671e-24, 7.75229388779e-24, 4.13753324383e-24, 1.0454324715e-23, 3.96449818199e-24, 2.90055359051e-24, 2.54981084647e-24, 5.19372017716e-24, 2.68648592868e-24, 1.29427126821e-24, 2.64406375021e-24, 1.53193652072e-24, 2.12353407912e-24, 1.59173888265e-24, 5.64654645271e-24, 7.57897641375e-24, 8.43122544814e-24, 4.7264506473e-24, 3.41216735844e-24, 2.58727680909e-24, 4.12151187327e-24, 3.81704075171e-24, 7.14813135289e-24, 6.3114173563e-24, 4.34398958121e-24, 8.48877600662e-24, 9.89373333452e-24, 5.4713033692e-24, 1.1331343193e-23, 3.67388852982e-24, 9.50258769872e-24, 9.55196723594e-24, 7.53780891855e-24, 3.73824380247e-24, 1.03817581892e-23, 9.00242227468e-24, 7.3405905368e-24, 5.70367970378e-24, 8.53756863133e-24, 1.27625191019e-23, 6.67767679712e-24, 7.87263383002e-24, 4.23464083797e-24, 5.46915175108e-24, 4.98759673909e-24, 5.89604935197e-24, 8.65810499993e-24, 5.76601785909e-24, 1.09170381787e-23, 5.69569169825e-24, 4.64341633171e-24, 3.39736951114e-24, 5.04848575692e-24, 4.02565186265e-24, 5.24268161811e-24, 9.48381517576e-24, 6.85108577903e-24, 5.0312641345e-24, 4.99432887805e-24, 6.92740728275e-24, 7.93257305932e-24, 6.05136738674e-24, 5.56036260996e-24, 9.63187253475e-24, 7.17948384071e-24, 5.75261905661e-24, 4.19495245696e-24, 8.47637826864e-24, 9.48045305058e-24, 4.33503246006e-24, 9.29130629361e-24, 4.90219584078e-24, 3.27396129442e-24, 6.63771468138e-24, 5.89894171048e-24, 5.31824265991e-24, 5.13270218058e-24, 6.58512369142e-24, 7.86669212968e-24, 7.81052365551e-24, 8.43721211355e-24, 5.75120305129e-24, 8.56125575773e-24, 5.08228844671e-24, 1.09533936224e-23, 6.97410469289e-24, 7.0051305923e-24, 1.02816730396e-23, 8.94216197899e-24, 6.15376823755e-24, 5.12584303501e-24, 1.03205678265e-23, 7.49999013789e-24, 8.02182714872e-24, 7.47167003139e-24, 6.7567837687e-24, 7.00551871186e-24, 9.62743992533e-24, 1.17333238333e-23, 6.82462501768e-24, 6.97349963658e-24, 8.85099332417e-24, 7.85123676683e-24, 9.20653530074e-24, 8.43008238869e-24, 1.19822339036e-23, 8.96800663996e-24, 8.36792724911e-24, 7.05664478713e-24, 8.54997977996e-24, 8.82087698139e-24, 1.05552539458e-23],
        "stdev": [2.28819080803e-05, 0.000138781892019, 0.000362547172699, 0.000549914198928, 0.000548825482838, 0.000427867198596, 0.000460992392618, 0.00100204441696, 0.00112412660383, 0.000656668911688, 0.000506851880345, 0.00047737438581, 0.000953331706114, 0.00059727038024, 0.000435643829405, 0.000720645010006, 0.000802198832389, 0.00089279236272, 0.000651753915008, 0.000578410399612, 0.000443970318884, 0.000516074884217, 0.000884847424459, 0.000571177864913, 0.00168253818993, 0.0011920905672, 0.000552255194634, 0.000899200793356, 0.000475818873383, 0.000706973485649, 0.000644802290481, 0.000538389838766, 0.00115783943329, 0.000713464803994, 0.000207642558962, 0.000171942796442, 0.000270360469585, 7.9948840721e-05, 0.000115987684694, 9.51853216975e-05, 7.58088499424e-05, 0.000109412168968, 0.000105335617263, 0.000125119375298, 7.81114576967e-05, 0.000100666205981, 0.000150460589794, 8.62687447807e-05, 7.2270660894e-05, 0.000197868430405, 0.000157207687153, 6.95474664099e-05, 0.000117751362268, 9.53844501055e-05, 0.000106112012872, 0.000113332091132, 0.000160089693964, 0.000298196799122, 0.000310719886329, 0.000104936232674, 3.3332122257e-05, 4.63297656097e-05, 2.9902001188e-05, 1.91470116988e-05, 1.19687256301e-05, 1.42466496982e-05, 2.50929097092e-05, 1.25638171085e-05, 8.06715070212e-06, 9.77581839834e-06, 1.16914243335e-05, 1.09560469355e-05, 8.5490901256e-06, 8.58772818901e-06, 5.767354196e-06, 6.22939614914e-06, 4.59961074739e-06, 3.55668930752e-06, 5.40130986337e-06, 3.73440275325e-06, 2.65500625574e-06, 4.75739216199e-06, 2.90553953164e-06, 2.07467428481e-06, 3.68967016584e-06, 2.16867465497e-06, 2.58390969066e-06, 2.18600212065e-06, 1.07044138531e-06, 1.72430509338e-06, 8.76172634889e-07, 8.67641347213e-07, 7.55625876536e-07, 6.41979340799e-07, 7.65594961649e-07, 1.64132336522e-06, 2.46615695687e-06, 4.03112608183e-07, 2.30912476695e-07, 1.74691820121e-07, 2.80571981648e-07, 9.4265139694e-08, 7.71150538981e-08, 2.89952701849e-08, 1.31846897844e-08, 7.62822605083e-09, 2.41758546515e-09, 1.85056225899e-09, 1.87310478239e-09, 1.60910795799e-09, 1.05583664034e-09, 8.763257342e-10, 7.87506282407e-10, 7.53708540024e-10, 6.64259147687e-10, 6.24245932723e-10, 3.82905818164e-10, 2.12694334367e-10, 2.06553232851e-10, 2.00835292841e-10, 1.9572950205e-10, 1.91435256536e-10, 1.8799864443e-10, 1.84728052299e-10, 1.81998943694e-10, 1.79907019837e-10, 1.78112274929e-10, 1.77342099339e-10]
    },
    "mfcc": {
        "mean": [-629.128112793, 133.493789673, -29.4107437134, 18.7676010132, -12.9168205261, -0.445596605539, -11.8197154999, 3.53747391701, -4.05970668793, 0.688632369041, -4.50292539597, 1.68058812618, -1.16201281548],
        "cov": [[5713.99707031, -1176.99572754, -684.181884766, 71.2177352905, -143.615127563, 50.6421813965, -83.9461364746, 320.328033447, -48.7510185242, -50.4379768372, -23.791934967, -6.10508775711, 38.0458488464], [-1176.99572754, 1169.34216309, 378.799163818, 156.340133667, 75.5668029785, -13.4891328812, 44.9319343567, -88.1050949097, 3.75210165977, 28.4437618256, 22.4583778381, -4.30393409729, 7.64806222916], [-684.181884766, 378.799163818, 718.636169434, 150.446838379, 104.673110962, 49.4060745239, 75.7632827759, -60.0112686157, 8.6027803421, 25.9505901337, -0.814948678017, -3.88545584679, -15.8405189514], [71.2177352905, 156.340133667, 150.446838379, 349.814666748, 73.4565734863, -51.317943573, -53.7197608948, 39.1658554077, -5.26898050308, -18.8216667175, 8.25287246704, 55.147731781, 17.5690307617], [-143.615127563, 75.5668029785, 104.673110962, 73.4565734863, 130.607528687, -7.31086778641, 0.281481325626, -1.0757983923, 16.9311790466, -12.6176652908, -8.20867824554, 21.6300601959, 1.78482234478], [50.6421813965, -13.4891328812, 49.4060745239, -51.317943573, -7.31086778641, 130.40296936, 65.8106765747, 7.7097401619, 6.35551929474, 11.0990161896, -8.10822296143, -43.8451271057, -8.78477478027], [-83.9461364746, 44.9319343567, 75.7632827759, -53.7197608948, 0.281481325626, 65.8106765747, 119.215812683, 3.41826987267, 12.4883346558, 26.3659934998, -11.228386879, -29.3086585999, -10.6642332077], [320.328033447, -88.1050949097, -60.0112686157, 39.1658554077, -1.0757983923, 7.7097401619, 3.41826987267, 94.7073822021, 20.2576084137, -13.7522716522, 3.10495758057, 0.0992953032255, 8.72663879395], [-48.7510185242, 3.75210165977, 8.6027803421, -5.26898050308, 16.9311790466, 6.35551929474, 12.4883346558, 20.2576084137, 58.427947998, 14.6534204483, -3.7475438118, -3.05034375191, 1.49527978897], [-50.4379768372, 28.4437618256, 25.9505901337, -18.8216667175, -12.6176652908, 11.0990161896, 26.3659934998, -13.7522716522, 14.6534204483, 75.1212921143, 16.743642807, -10.4473829269, -3.24501514435], [-23.791934967, 22.4583778381, -0.814948678017, 8.25287246704, -8.20867824554, -8.10822296143, -11.228386879, 3.10495758057, -3.7475438118, 16.743642807, 60.8871688843, 25.3848934174, 0.55176949501], [-6.10508775711, -4.30393409729, -3.88545584679, 55.147731781, 21.6300601959, -43.8451271057, -29.3086585999, 0.0992953032255, -3.05034375191, -10.4473829269, 25.3848934174, 86.0300521851, 25.9895401001], [38.0458488464, 7.64806222916, -15.8405189514, 17.5690307617, 1.78482234478, -8.78477478027, -10.6642332077, 8.72663879395, 1.49527978897, -3.24501514435, 0.55176949501, 25.9895401001, 62.9626083374]],
        "icov": [[0.000284906651359, 0.000194396445295, 0.000122895813547, -0.000145417172462, 9.19316516956e-05, -0.000211620601476, 0.00013889982074, -0.000781993439887, 0.000511511461809, -0.000260439584963, 0.000222503324039, -1.99511814571e-05, -4.37818162027e-05], [0.000194396445295, 0.00137209671084, -0.000244050926995, -0.00079580018064, -8.89794901013e-05, 0.000416037219111, -0.000766437558923, 0.000967460917309, -0.000203320523724, 0.000250340759521, -0.00100682722405, 0.00110214645974, -0.000755197776016], [0.000122895813547, -0.000244050926995, 0.00240691774525, -0.00131425540894, -0.00100049551111, -0.000811149599031, -0.00143579021096, 0.00155308214016, -0.000204108888283, -7.14382113074e-05, -0.00036154492409, 0.00030645012157, 0.000262241141172], [-0.000145417172462, -0.00079580018064, -0.00131425540894, 0.00546776130795, -0.00159345020074, 0.000563755340409, 0.00291670928709, -0.00425054738298, 0.0021397434175, -0.00126198236831, 0.00167153927032, -0.00264904345386, 0.000498097098898], [9.19316516956e-05, -8.89794901013e-05, -0.00100049551111, -0.00159345020074, 0.010744580999, -0.000281817279756, -0.000356201548129, 0.000758773880079, -0.00376318674535, 0.0021326567512, 0.00187713478226, -0.00270011462271, 0.000936164986342], [-0.000211620601476, 0.000416037219111, -0.000811149599031, 0.000563755340409, -0.000281817279756, 0.0127970045432, -0.00593478931114, 6.77591233398e-05, -0.000331209070282, 0.00162349187303, -0.00255686091259, 0.00563763780519, -0.00171830644831], [0.00013889982074, -0.000766437558923, -0.00143579021096, 0.00291670928709, -0.000356201548129, -0.00593478931114, 0.0155560495332, -0.00473471311852, 0.00119127240032, -0.00537527631968, 0.00461270892993, -0.00211935839616, 0.00183621817268], [-0.000781993439887, 0.000967460917309, 0.00155308214016, -0.00425054738298, 0.000758773880079, 6.77591233398e-05, -0.00473471311852, 0.0204352419823, -0.00938656926155, 0.00662538269535, -0.00593468593433, 0.00405526533723, -0.00277204113081], [0.000511511461809, -0.000203320523724, -0.000204108888283, 0.0021397434175, -0.00376318674535, -0.000331209070282, 0.00119127240032, -0.00938656926155, 0.0239853262901, -0.00754912570119, 0.00434463145211, -0.00159751274623, 0.000293055287329], [-0.000260439584963, 0.000250340759521, -7.14382113074e-05, -0.00126198236831, 0.0021326567512, 0.00162349187303, -0.00537527631968, 0.00662538269535, -0.00754912570119, 0.0199161972851, -0.00864689610898, 0.00449023256078, -0.00177346984856], [0.000222503324039, -0.00100682722405, -0.00036154492409, 0.00167153927032, 0.00187713478226, -0.00255686091259, 0.00461270892993, -0.00593468593433, 0.00434463145211, -0.00864689610898, 0.0248496923596, -0.0108586838469, 0.00433995295316], [-1.99511814571e-05, 0.00110214645974, 0.00030645012157, -0.00264904345386, -0.00270011462271, 0.00563763780519, -0.00211935839616, 0.00405526533723, -0.00159751274623, 0.00449023256078, -0.0108586838469, 0.0223982501775, -0.00824440922588], [-4.37818162027e-05, -0.000755197776016, 0.000262241141172, 0.000498097098898, 0.000936164986342, -0.00171830644831, 0.00183621817268, -0.00277204113081, 0.000293055287329, -0.00177346984856, 0.00433995295316, -0.00824440922588, 0.0196232609451]]
    },
    "spectral_contrast_coeffs": {
        "max": [-0.446039289236, -0.472061961889, -0.517061829567, -0.610890090466, -0.615221261978, -0.60872733593],
        "mean": [-0.70762270689, -0.740562319756, -0.730179548264, -0.771046459675, -0.770098745823, -0.727827310562],
        "min": [-0.970134735107, -0.968090236187, -0.963241100311, -0.961291790009, -0.966070711613, -0.962717294693],
        "stdev": [0.0633955970407, 0.0682584494352, 0.0620462931693, 0.0467763654888, 0.0467280857265, 0.0441300012171]
    },
    "spectral_contrast_valleys": {
        "max": [-5.48440694809, -5.00654363632, -5.68796300888, -5.74407434464, -6.27456569672, -9.10594654083],
        "mean": [-6.96767997742, -6.35970830917, -7.04356002808, -7.3582868576, -7.40175247192, -10.7333593369],
        "min": [-27.3917541504, -27.377204895, -28.0129680634, -27.3709468842, -27.3840141296, -27.2233943939],
        "stdev": [1.31432545185, 1.22690880299, 1.28610336781, 1.29478466511, 1.30981910229, 1.16389095783]
    }
},
"rhythm": {
    "beats_count": 74,
    "beats_loudness": {
        "max": 0.060101673007,
        "mean": 0.0272974744439,
        "min": 0.00226383283734,
        "stdev": 0.0132565973327
    },
    "bpm": 178.205825806,
    "bpm_histogram_first_peak_bpm": 178,
    "bpm_histogram_first_peak_weight": 0,
    "bpm_histogram_second_peak_bpm": 185,
    "bpm_histogram_second_peak_spread": 0,
    "bpm_histogram_second_peak_weight": 0.150684937835,
    "danceability": 0.901999294758,
    "onset_rate": 1.3303681612,
    "beats_loudness_band_ratio": {
        "max": [0.555576562881, 0.944732189178, 0.848144292831, 0.732407510281, 0.465167939663, 0.133923485875],
        "mean": [0.162045642734, 0.223278254271, 0.265353143215, 0.21176469326, 0.15948420763, 0.037793956697],
        "min": [0.00128465064336, 0.0102367959917, 0.02237829566, 0.00304411351681, 0.00184940802865, 0.000329039990902],
        "stdev": [0.138818264008, 0.166028350592, 0.153985738754, 0.173486500978, 0.128148689866, 0.027692001313]
    },
