{
"metadata": {
    "version": {
        "essentia": "2.1-beta5",
        "essentia_git_sha": "Undefined",
        "extractor": "music 2.0"
    },
    "audio_properties": {
        "analysis": {
            "equal_loudness": 0,
            "length": 48.7502937317,
            "sample_rate": 44100,
            "start_time": 29.0017242432,
            "downmix": "mix"
        },
        "bit_rate": 192000,
        "length": 259.959014893,
        "lossless": 0,
        "number_channels": 2,
        "replay_gain": -6.47475814819,
        "sample_rate": 48000,
        "codec": "mp3",
        "md5_encoded": "1daa07b73593b8528eaedfdf6ef25776"
    },
    "tags": {
        "file_name": "Luxembourg_Croire_Lara Fabian.mp3",
        "encoding": ["Lavf58.29.100"]
    }
},
"lowlevel": {
    "average_loudness": 0.560871362686,
    "barkbands_crest": {
        "max": 25.0730075836,
        "mean": 11.1454315186,
        "min": 2.73525285721,
        "stdev": 4.40468597412
    },
    "barkbands_flatness_db": {
        "max": 0.42226344347,
        "mean": 0.225464612246,
        "min": 0.0571588166058,
        "stdev": 0.0761795863509
    },
    "barkbands_kurtosis": {
        "max": 68.5801467896,
        "mean": 5.31901407242,
        "min": -1.844009161,
        "stdev": 7.58196878433
    },
    "barkbands_skewness": {
        "max": 7.09880304337,
        "mean": 1.48236620426,
        "min": -4.05284166336,
        "stdev": 1.38921630383
    },
    "barkbands_spread": {
        "max": 62.9749069214,
        "mean": 11.554728508,
        "min": 0.734643638134,
        "stdev": 9.57679748535
    },
    "dissonance": {
        "max": 0.499997466803,
        "mean": 0.425824910402,
        "min": 0.139773592353,
        "stdev": 0.0680005922914
    },
    "dynamic_complexity": 7.14479637146,
    "erbbands_crest": {
        "max": 28.944524765,
        "mean": 11.7917881012,
        "min": 3.20472788811,
        "stdev": 4.65626859665
    },
    "erbbands_flatness_db": {
        "max": 0.470650821924,
        "mean": 0.284974455833,
        "min": 0.105230934918,
        "stdev": 0.0720393359661
    },
    "erbbands_kurtosis": {
        "max": 34.8153457642,
        "mean": 1.78647375107,
        "min": -1.91324806213,
        "stdev": 3.95061039925
    },
    "erbbands_skewness": {
        "max": 4.9492430687,
        "mean": 0.65516769886,
        "min": -4.73388576508,
        "stdev": 1.18105375767
    },
    "erbbands_spread": {
        "max": 77.9530334473,
        "mean": 20.287694931,
        "min": 1.86632120609,
        "stdev": 12.2667093277
    },
    "hfc": {
        "max": 139.082473755,
        "mean": 8.29194164276,
        "min": 0.0116462111473,
        "stdev": 14.1315412521
    },
    "loudness_ebu128": {
        "integrated": -20.0926589966,
        "loudness_range": 6.50490188599,
        "momentary": {
            "max": -13.8861894608,
            "mean": -22.7915077209,
            "min": -41.4406356812,
            "stdev": 5.5710568428
        },
        "short_term": {
            "max": -15.7987642288,
            "mean": -21.0855751038,
            "min": -24.7485179901,
            "stdev": 2.02437853813
        }
    },
    "melbands_crest": {
        "max": 31.45662117,
        "mean": 13.8572635651,
        "min": 3.39779090881,
        "stdev": 5.29064035416
    },
    "melbands_flatness_db": {
        "max": 0.489015638828,
        "mean": 0.274783611298,
        "min": 0.0446818619967,
        "stdev": 0.0914659500122
    },
    "melbands_kurtosis": {
        "max": 122.603775024,
        "mean": 9.1246213913,
        "min": -1.8488945961,
        "stdev": 11.2993783951
    },
    "melbands_skewness": {
        "max": 9.47809410095,
        "mean": 1.98590791225,
        "min": -3.05755448341,
        "stdev": 1.46939682961
    },
    "melbands_spread": {
        "max": 101.266448975,
        "mean": 17.3430900574,
        "min": 1.24454581738,
        "stdev": 16.958147049
    },
    "pitch_salience": {
        "max": 0.922815024853,
        "mean": 0.65639591217,
        "min": 0.130999624729,
        "stdev": 0.128707170486
    },
    "silence_rate_20dB": {
        "max": 1,
        "mean": 1,
        "min": 1,
        "stdev": 0
    },
    "silence_rate_30dB": {
        "max": 1,
        "mean": 0.990956664085,
        "min": 0,
        "stdev": 0.0946665331721
    },
    "silence_rate_60dB": {
        "max": 1,
        "mean": 0.474535942078,
        "min": 0,
        "stdev": 0.499354749918
    },
    "spectral_centroid": {
        "max": 3390.22509766,
        "mean": 1061.87133789,
        "min": 332.273376465,
        "stdev": 633.499633789
    },
    "spectral_complexity": {
        "max": 28,
        "mean": 6.69157552719,
        "min": 0,
        "stdev": 5.76849985123
    },
    "spectral_decrease": {
        "max": -7.16414384413e-12,
        "mean": -3.38077343898e-09,
        "min": -5.62118884773e-08,
        "stdev": 5.70475977568e-09
    },
    "spectral_energy": {
        "max": 0.224771499634,
        "mean": 0.0135118868202,
        "min": 2.82128130493e-05,
        "stdev": 0.022783940658
    },
    "spectral_energyband_high": {
        "max": 0.000133200053824,
        "mean": 6.65022798785e-06,
        "min": 6.23494145202e-08,
        "stdev": 1.10879027488e-05
    },
    "spectral_energyband_low": {
        "max": 0.0016885662917,
        "mean": 6.33858944639e-05,
        "min": 1.06451096826e-07,
        "stdev": 0.000120453587442
    },
    "spectral_energyband_middle_high": {
        "max": 0.061103310436,
        "mean": 0.00199074554257,
        "min": 2.92358004117e-06,
        "stdev": 0.00429583294317
    },
    "spectral_energyband_middle_low": {
        "max": 0.192200362682,
        "mean": 0.0115480665118,
        "min": 6.26184782959e-06,
        "stdev": 0.0197400674224
    },
    "spectral_entropy": {
        "max": 8.3613986969,
        "mean": 6.85356521606,
        "min": 5.21302461624,
        "stdev": 0.567693769932
    },
    "spectral_flux": {
        "max": 0.340529918671,
        "mean": 0.0631235390902,
        "min": 0.00268785282969,
        "stdev": 0.0594857446849
    },
    "spectral_kurtosis": {
        "max": 131.36517334,
        "mean": 19.0191230774,
        "min": 0.115160226822,
        "stdev": 17.3379745483
    },
    "spectral_rms": {
        "max": 0.0148084191605,
        "mean": 0.00265415362082,
        "min": 0.000165905687027,
        "stdev": 0.0024774633348
    },
    "spectral_rolloff": {
        "max": 6459.9609375,
        "mean": 1238.69775391,
        "min": 86.1328125,
        "stdev": 865.425170898
    },
    "spectral_skewness": {
        "max": 8.34447574615,
        "mean": 2.58180809021,
        "min": 0.0754610896111,
        "stdev": 1.2625991106
    },
    "spectral_spread": {
        "max": 25156184,
        "mean": 2191935.75,
        "min": 493657.53125,
        "stdev": 1068372.75
    },
    "spectral_strongpeak": {
        "max": 8.24326229095,
        "mean": 0.883292734623,
        "min": 0,
        "stdev": 1.03540802002
    },
    "zerocrossingrate": {
        "max": 0.14892578125,
        "mean": 0.0453787818551,
        "min": 0.00537109375,
        "stdev": 0.0230104718357
    },
    "barkbands": {
        "max": [7.69205289544e-05, 0.00160783145111, 0.000358695280738, 0.00209380686283, 0.0206469520926, 0.0500464104116, 0.151563152671, 0.103834755719, 0.0733070671558, 0.0320501551032, 0.0346487499774, 0.0193999037147, 0.0161430388689, 0.0200152676553, 0.0104480339214, 0.00413710530847, 0.00482261413708, 0.00622995849699, 0.00247276294976, 0.000111495020974, 0.000100032761111, 5.96158206463e-05, 2.80477106571e-05, 2.56872754107e-05, 2.10557918763e-05, 4.63739525003e-06, 2.49831771271e-07],
        "mean": [3.46654132954e-06, 3.7116020394e-05, 1.40186621138e-05, 2.97673886962e-05, 0.000706770166289, 0.00209366483614, 0.00391830829903, 0.0028873803094, 0.00170821975917, 0.000669898232445, 0.00025344878668, 0.000263638823526, 0.000288772018394, 0.000206928700209, 0.00012724410044, 0.000113097055873, 0.000101778161479, 5.00227797602e-05, 2.97788574244e-05, 3.12951806336e-06, 2.72029615189e-06, 1.19748642646e-06, 8.7271683924e-07, 4.04067094451e-07, 2.28732204732e-07, 5.59141142276e-08, 3.61842866781e-09],
        "min": [9.05354569092e-10, 2.42992062027e-08, 5.54948575981e-09, 7.65878382936e-09, 1.19885228855e-07, 2.37701982542e-07, 2.4321593628e-07, 2.13692203488e-07, 2.02726766929e-07, 1.97541211833e-07, 9.26057523998e-08, 1.77254875666e-07, 1.81871214977e-07, 9.88320607576e-08, 9.99387026468e-08, 1.43675308095e-07, 2.03396382403e-07, 2.38607043457e-07, 1.61259720244e-07, 2.04138714821e-08, 1.159494456e-08, 5.65396796048e-09, 4.89908291712e-09, 2.9976161553e-09, 2.67530553266e-09, 1.37846747905e-10, 3.46478019886e-11],
        "stdev": [6.63972423354e-06, 9.96815506369e-05, 3.02921762341e-05, 0.000102414458524, 0.00159688829444, 0.00440760329366, 0.00948590133339, 0.00753975193948, 0.00530297169462, 0.00227225269191, 0.00110511411913, 0.00105186796281, 0.00104757247027, 0.000756911467761, 0.000490213918965, 0.000263395428192, 0.000263883033767, 0.000233682469116, 0.00011150847422, 6.24648237135e-06, 6.1470491346e-06, 3.0175417578e-06, 2.04592379305e-06, 9.54971483225e-07, 6.92928153967e-07, 1.90029837199e-07, 9.52353929051e-09]
    },
    "erbbands": {
        "max": [0.0362085066736, 0.388376176357, 0.376209408045, 3.07726168633, 8.0826997757, 53.4463844299, 409.73046875, 527.759277344, 1906.75598145, 3381.23583984, 2448.09057617, 1878.50939941, 1074.39758301, 1035.63781738, 1382.78405762, 543.848510742, 904.514587402, 671.97668457, 520.471801758, 556.60345459, 308.645019531, 210.229553223, 368.594665527, 161.750900269, 31.5032672882, 7.12295198441, 6.75486755371, 2.46364879608, 2.14583301544, 0.834746479988, 1.01117515564, 0.424939483404, 0.495121151209, 0.296216696501, 0.116613738239, 0.0422954559326, 0.00456065218896, 0.000169188147993, 0.000121047800349, 0.000256887287833],
        "mean": [0.00100322125945, 0.00856774300337, 0.0171933621168, 0.0598095133901, 0.391486734152, 2.77801704407, 9.52741718292, 19.9270248413, 50.6366844177, 61.4419250488, 59.0596160889, 38.1130638123, 25.7355079651, 15.6785497665, 11.409029007, 10.1964197159, 13.5138254166, 11.5226402283, 8.31442642212, 6.04272222519, 6.83068227768, 5.68712568283, 3.18038797379, 2.33115100861, 0.637836873531, 0.171832740307, 0.158800631762, 0.0538699924946, 0.0437075532973, 0.0313583128154, 0.0233487263322, 0.0110224187374, 0.00576642109081, 0.00285836705007, 0.00143615377601, 0.000521701527759, 4.73349900858e-05, 6.1569448917e-06, 7.35458252166e-06, 1.54896752065e-05],
        "min": [8.01499027148e-07, 5.32588228452e-06, 1.19047708722e-05, 6.46258849883e-05, 0.000130082116812, 0.000666794250719, 0.000879649771377, 0.00200051534921, 0.00319686997682, 0.00735505344346, 0.00863759592175, 0.00963325891644, 0.00822529848665, 0.0063740639016, 0.00471650762483, 0.00612282147631, 0.00820560846478, 0.0100581049919, 0.00869456399232, 0.00541842589155, 0.00956981163472, 0.0124894371256, 0.0118509894237, 0.0139122931287, 0.00536081427708, 0.00110537197907, 0.000739818555303, 0.000432114495197, 0.000219335735892, 0.000184344316949, 0.000115622839076, 6.57567798044e-05, 5.54432954232e-05, 3.6511271901e-05, 1.796252036e-05, 1.95663687919e-06, 4.48268792752e-07, 7.09239245111e-08, 2.91727122459e-08, 3.29879235039e-08],
        "stdev": [0.0025570159778, 0.0239733718336, 0.0345586612821, 0.157156452537, 0.701836466789, 5.7198433876, 25.4809684753, 43.4385795593, 122.585144043, 172.683242798, 154.390655518, 113.913139343, 82.4828414917, 52.6730270386, 48.7423362732, 35.8248672485, 50.0065727234, 35.7321434021, 28.5875968933, 21.5519924164, 16.449180603, 14.1182727814, 13.404460907, 8.78454494476, 1.59740328789, 0.326291173697, 0.388205766678, 0.115369521081, 0.113728322089, 0.0673277154565, 0.0594446025789, 0.0235203895718, 0.0157360285521, 0.00933226384223, 0.00404238514602, 0.00171244249213, 0.000157805392519, 9.85576389212e-06, 1.19828782772e-05, 2.60294509644e-05]
    },
    "gfcc": {
        "mean": [-181.348815918, 144.438293457, -167.219467163, -5.09070062637, -63.751411438, -23.7185840607, -46.4689483643, 1.82563471794, -6.34355020523, -6.2487154007, -0.514167606831, -4.80418252945, -0.315749198198],
        "cov": [[5044.23388672, 846.634338379, -54.9943809509, -1532.94689941, -438.549377441, -758.261962891, -163.278717041, -245.382369995, 255.557113647, -70.6283111572, 112.193786621, 41.7752151489, 26.7086791992], [846.634338379, 1240.99914551, 207.549835205, -768.799194336, 95.4407424927, -552.164733887, 146.546722412, -147.472457886, 196.659988403, -60.2338752747, 159.880584717, -4.56823396683, 80.971786499], [-54.9943809509, 207.549835205, 731.034362793, 208.300582886, -131.690170288, -1.84252738953, -69.0280380249, 9.20063781738, -58.6189956665, -16.2757568359, -60.6042366028, 55.6144332886, 38.7997322083], [-1532.94689941, -768.799194336, 208.300582886, 1375.16784668, 221.833175659, 512.070861816, -97.9459075928, 140.80317688, -151.464569092, 26.4431152344, -142.73399353, -3.22541022301, -15.1155900955], [-438.549377441, 95.4407424927, -131.690170288, 221.833175659, 466.677276611, 44.73645401, -7.34018993378, 54.3111877441, 47.5826873779, 21.8545970917, 27.7700939178, -23.8174152374, -28.2497711182], [-758.261962891, -552.164733887, -1.84252738953, 512.070861816, 44.73645401, 709.021484375, 138.418457031, 121.608924866, -102.307823181, 98.1738433838, -113.035354614, -49.5437278748, -98.2157974243], [-163.278717041, 146.546722412, -69.0280380249, -97.9459075928, -7.34018993378, 138.418457031, 361.667907715, 89.8180236816, 8.14634418488, 10.0497484207, 41.2402992249, -31.0009384155, -24.1981143951], [-245.382369995, -147.472457886, 9.20063781738, 140.80317688, 54.3111877441, 121.608924866, 89.8180236816, 194.775543213, -4.45056152344, 3.60665369034, -3.31798601151, 7.78575849533, -32.2785415649], [255.557113647, 196.659988403, -58.6189956665, -151.464569092, 47.5826873779, -102.307823181, 8.14634418488, -4.45056152344, 195.263458252, 46.2336387634, 30.6986656189, -9.43129920959, 22.3836078644], [-70.6283111572, -60.2338752747, -16.2757568359, 26.4431152344, 21.8545970917, 98.1738433838, 10.0497484207, 3.60665369034, 46.2336387634, 138.737228394, 16.5188827515, -24.6486473083, -8.85465431213], [112.193786621, 159.880584717, -60.6042366028, -142.73399353, 27.7700939178, -113.035354614, 41.2402992249, -3.31798601151, 30.6986656189, 16.5188827515, 132.216339111, 37.5821533203, 9.13828372955], [41.7752151489, -4.56823396683, 55.6144332886, -3.22541022301, -23.8174152374, -49.5437278748, -31.0009384155, 7.78575849533, -9.43129920959, -24.6486473083, 37.5821533203, 107.215522766, 44.3566970825], [26.7086791992, 80.971786499, 38.7997322083, -15.1155900955, -28.2497711182, -98.2157974243, -24.1981143951, -32.2785415649, 22.3836078644, -8.85465431213, 9.13828372955, 44.3566970825, 125.326934814]],
        "icov": [[0.000344420754118, -7.38869566703e-05, 1.25444239529e-05, 0.000297412800137, 0.000230236953939, 5.95022629568e-06, 0.000270943972282, 8.43828956931e-07, -0.000269381562248, 0.000103898441012, 6.26084511168e-05, -0.000109292399429, 0.000204984957236], [-7.38869566703e-05, 0.00854325573891, -0.00589711312205, 0.0035292361863, -0.00550956558436, 0.0023769706022, -0.00532465334982, 0.00574447028339, -0.00437113456428, 0.00447923270985, -0.00492342887446, 0.00485751405358, -0.00244333338924], [1.25444239529e-05, -0.00589711312205, 0.00581570435315, -0.00286566303112, 0.00430562533438, -0.00111285282765, 0.00350974383764, -0.00408122967929, 0.00332210189663, -0.00368408160284, 0.00447516515851, -0.00446870317683, 0.00178785761818], [0.000297412800137, 0.0035292361863, -0.00286566303112, 0.00332407536916, -0.00287356576882, -0.000156317662913, -0.00110494589899, 0.00167995737866, -0.00145239999983, 0.00230831815861, -0.00186316750478, 0.00229444797151, -0.00186009402387], [0.000230236953939, -0.00550956558436, 0.00430562533438, -0.00287356576882, 0.00658431882039, -0.00137312628794, 0.00382413645275, -0.00418124906719, 0.00166463281494, -0.00253496621735, 0.00195164524484, -0.00241052359343, 0.00213500624523], [5.95022629568e-06, 0.0023769706022, -0.00111285282765, -0.000156317662913, -0.00137312628794, 0.00486903777346, -0.00359116238542, 0.00138634140603, 0.00016933515144, -0.00240700226277, 0.00236591114663, -0.000640201265924, 0.00181236420758], [0.000270943972282, -0.00532465334982, 0.00350974383764, -0.00110494589899, 0.00382413645275, -0.00359116238542, 0.00827959552407, -0.0056496495381, 0.00215659709647, -0.000747588986997, -0.000370000285329, -2.42629303102e-05, -4.8619149311e-05], [8.43828956931e-07, 0.00574447028339, -0.00408122967929, 0.00167995737866, -0.00418124906719, 0.00138634140603, -0.0056496495381, 0.0112294126302, -0.0038458595518, 0.0032682584133, -0.00267847906798, 0.000808770302683, 0.000526677758899], [-0.000269381562248, -0.00437113456428, 0.00332210189663, -0.00145239999983, 0.00166463281494, 0.00016933515144, 0.00215659709647, -0.0038458595518, 0.010008757934, -0.00595963327214, 0.0035458735656, -0.00219780229963, -7.76526430855e-05], [0.000103898441012, 0.00447923270985, -0.00368408160284, 0.00230831815861, -0.00253496621735, -0.00240700226277, -0.000747588986997, 0.0032682584133, -0.00595963327214, 0.014377232641, -0.00806490518153, 0.00685788551345, -0.00301640830003], [6.26084511168e-05, -0.00492342887446, 0.00447516515851, -0.00186316750478, 0.00195164524484, 0.00236591114663, -0.000370000285329, -0.00267847906798, 0.0035458735656, -0.00806490518153, 0.0180833544582, -0.010676686652, 0.00434728246182], [-0.000109292399429, 0.00485751405358, -0.00446870317683, 0.00229444797151, -0.00241052359343, -0.000640201265924, -2.42629303102e-05, 0.000808770302683, -0.00219780229963, 0.00685788551345, -0.010676686652, 0.0192805379629, -0.00746469572186], [0.000204984957236, -0.00244333338924, 0.00178785761818, -0.00186009402387, 0.00213500624523, 0.00181236420758, -4.8619149311e-05, 0.000526677758899, -7.76526430855e-05, -0.00301640830003, 0.00434728246182, -0.00746469572186, 0.0128897503018]]
    },
    "melbands": {
        "max": [0.000415336515289, 0.000256306346273, 0.000700639560819, 0.00181461428292, 0.011378524825, 0.0112785147503, 0.0244944933802, 0.0361508205533, 0.016838170588, 0.0106348767877, 0.00527767557651, 0.00452466821298, 0.0056580347009, 0.00239680591039, 0.00130586593878, 0.00190950126853, 0.00156674021855, 0.00128091964871, 0.000832374033052, 0.000434943736764, 0.000392758636735, 0.000252024736255, 0.000320516061038, 0.000317035068292, 0.000161747491802, 3.92920592276e-05, 3.75332274416e-06, 4.74167200082e-06, 4.99840689372e-06, 1.2445162838e-06, 1.93045866581e-06, 1.38545385653e-06, 6.64279866669e-07, 6.4697576363e-07, 6.27907695616e-07, 5.66538119529e-07, 3.11249550577e-07, 3.70321714627e-07, 2.36702661027e-07, 2.79023737448e-07],
        "mean": [1.0080138054e-05, 9.89854743239e-06, 1.66998761415e-05, 0.000100667348306, 0.000296602782328, 0.000457529298728, 0.000780378177296, 0.000667967658956, 0.000461265357444, 0.000222981980187, 0.000126422746689, 6.70601439197e-05, 3.71265959984e-05, 3.19109203701e-05, 2.32992370002e-05, 3.07385998894e-05, 2.02271930902e-05, 1.42530898302e-05, 8.78244190972e-06, 7.16590056982e-06, 8.13662245491e-06, 6.18295052845e-06, 3.83186079489e-06, 2.22538687922e-06, 1.93843743546e-06, 7.99671283858e-07, 1.32215021154e-07, 8.88036879587e-08, 1.14633458281e-07, 4.4299444113e-08, 2.82150214304e-08, 2.51481928615e-08, 2.14751096905e-08, 1.69686487084e-08, 1.46416541114e-08, 9.07524366767e-09, 5.85449333457e-09, 4.19215728797e-09, 2.94619240115e-09, 2.28465601992e-09],
        "min": [7.67082752873e-09, 1.09475273291e-08, 1.46798750933e-08, 2.70140247949e-08, 4.10505016646e-08, 4.67927350201e-08, 5.49965299967e-08, 7.8564660555e-08, 3.23825446458e-08, 3.29608873528e-08, 3.54111442391e-08, 2.51235015014e-08, 1.39590081716e-08, 2.19003180035e-08, 1.2399786975e-08, 1.46535814594e-08, 9.90917481403e-09, 1.64598787933e-08, 6.76544775757e-09, 7.51729611892e-09, 9.69843405585e-09, 9.28610699447e-09, 1.0432405162e-08, 1.07529594118e-08, 8.19990120249e-09, 4.58792959179e-09, 6.93768653637e-10, 6.39894803811e-10, 4.78929451653e-10, 2.76875855576e-10, 2.01106353792e-10, 1.09277975557e-10, 6.1067588486e-11, 5.27840895992e-11, 6.35131114368e-11, 6.47489076244e-11, 2.45163681023e-11, 2.64932971394e-11, 1.47123719457e-11, 2.24299936263e-11],
        "stdev": [2.62151988863e-05, 2.00972426683e-05, 4.02086916438e-05, 0.000191032071598, 0.000733638415113, 0.000967732048593, 0.00184332125355, 0.00181739893742, 0.00121734035201, 0.000686348648742, 0.000415444636019, 0.000238598018768, 0.000171531966771, 0.000124346333905, 8.2747428678e-05, 0.000113023656013, 6.94416157785e-05, 5.44297254237e-05, 3.43471729138e-05, 1.99752812478e-05, 2.03338950087e-05, 1.63912827702e-05, 1.3069776287e-05, 1.10348364615e-05, 7.83527866588e-06, 2.18694958676e-06, 2.82497950366e-07, 1.95597337438e-07, 2.9088937481e-07, 8.93489087161e-08, 8.0831789262e-08, 7.41004271276e-08, 4.96471841416e-08, 4.18223287113e-08, 3.85603087238e-08, 2.46632438916e-08, 1.32946409437e-08, 1.17958993684e-08, 8.22093149111e-09, 8.53443271609e-09]
    },
    "melbands128": {
        "max": [3.78076547349e-05, 0.000228866818361, 0.000720618176274, 0.000626825203653, 0.000241981542786, 0.000155864778208, 0.000466293276986, 0.00129365886096, 0.000634552736301, 0.00269631110132, 0.00393836759031, 0.00958597566932, 0.0206113774329, 0.0129817212, 0.0140626607463, 0.0255002304912, 0.0523315668106, 0.0310826003551, 0.0618812441826, 0.0615726783872, 0.0354851931334, 0.0365350022912, 0.0262718666345, 0.0212731752545, 0.0199988633394, 0.0162226706743, 0.0162079166621, 0.0092211375013, 0.0109394462779, 0.0084785586223, 0.00432799942791, 0.00288875144906, 0.011467714794, 0.00490671070293, 0.00573864253238, 0.00302842049859, 0.00192371720914, 0.00212471582927, 0.0014958565589, 0.00402231747285, 0.00170275755227, 0.00168168905657, 0.000874728895724, 0.00320210168138, 0.00316774449311, 0.00099929550197, 0.00129366386682, 0.000556722690817, 0.00193029921502, 0.000673877308145, 0.000241011162871, 0.000542291032616, 0.000563515466638, 0.000665596628096, 0.000665483763441, 0.00036978564458, 0.000265910668531, 0.000394742295612, 0.000466015539132, 0.000494259467814, 0.000380873476388, 0.000285730086034, 0.000153632412548, 0.00027086152113, 8.07095711934e-05, 4.75349879707e-05, 1.11280587589e-05, 6.31806096862e-06, 4.62795787826e-06, 1.01084287962e-05, 6.87741749061e-06, 1.64155051152e-06, 1.75310935902e-06, 1.07003825178e-05, 5.74533896724e-06, 2.04866250897e-06, 1.23510028516e-06, 1.46347542795e-06, 2.05409105547e-06, 3.30194961862e-06, 1.46740796936e-06, 1.1604872725e-06, 1.20601941944e-06, 1.12263944629e-06, 1.08747951799e-06, 4.69727638119e-07, 1.23520806028e-06, 9.01887801774e-07, 1.53134897118e-06, 1.34893252834e-06, 1.37387382892e-06, 2.76682072808e-07, 2.26913613233e-07, 2.3484587075e-07, 5.52961807898e-07, 3.52914440782e-07, 2.49870225844e-07, 5.54717871637e-07, 1.40851511787e-07, 2.07944410135e-07, 2.0432939607e-07, 4.78148479033e-07, 9.20742735389e-08, 5.54384484985e-08, 9.17584870308e-08, 2.43676055334e-07, 8.8688238975e-08, 3.86953118436e-08, 5.93139581895e-08, 1.21736078995e-07, 6.08196870644e-08, 8.85448958599e-09, 1.59269675226e-09, 2.85983814408e-09, 1.44096290455e-09, 1.33318811546e-09, 1.32657984597e-09, 1.16079024171e-09, 1.20657150937e-09, 1.0914114057e-09, 1.06978392811e-09, 1.04315311944e-09, 1.02936437152e-09, 1.01368979877e-09, 9.9611940918e-10, 9.86188353203e-10, 9.78960024156e-10, 9.73887748223e-10],
        "mean": [2.18643140215e-06, 6.82623795001e-06, 1.47954679051e-05, 1.38453797263e-05, 9.19072590477e-06, 6.725003459e-06, 9.07829507923e-06, 1.76694175025e-05, 2.69156917057e-05, 7.80071422923e-05, 0.000156569716637, 0.000233384504099, 0.000326734152623, 0.000389210472349, 0.000401527649956, 0.000477297260659, 0.00073978502769, 0.000929692294449, 0.000698908057529, 0.000706389721017, 0.000652311195154, 0.000535295344889, 0.000465896475362, 0.000359282043064, 0.000235811428865, 0.000169030361576, 0.00017058532103, 0.000104429389467, 0.000117069583212, 8.76489793882e-05, 4.23393721576e-05, 3.81427926186e-05, 3.87903201045e-05, 3.35608783644e-05, 3.79004522983e-05, 3.04273235088e-05, 2.45274586632e-05, 1.84961736522e-05, 2.28004901146e-05, 3.9364258555e-05, 3.0058738048e-05, 2.42259447987e-05, 1.94785334315e-05, 1.95215161511e-05, 1.71154024429e-05, 1.35554428198e-05, 1.08692693175e-05, 7.39492634239e-06, 9.31591421249e-06, 8.04793489806e-06, 5.40584233022e-06, 7.63897423894e-06, 1.0209579159e-05, 6.68576603857e-06, 7.10702488504e-06, 6.38497340333e-06, 5.48405159861e-06, 4.56196812593e-06, 3.02499051941e-06, 2.69820156973e-06, 2.22731955546e-06, 1.86185275197e-06, 1.90381729226e-06, 2.04676712201e-06, 1.89958245755e-06, 7.41887106415e-07, 1.81767290997e-07, 1.21548723087e-07, 1.1737587613e-07, 1.48137601741e-07, 9.92349029616e-08, 5.45846248201e-08, 6.19112867639e-08, 1.89177612242e-07, 8.9497163458e-08, 3.6458715158e-08, 2.74681628554e-08, 2.36461463743e-08, 2.88920869451e-08, 3.40071437677e-08, 2.31669581297e-08, 2.28434391403e-08, 2.42993589694e-08, 2.57587213781e-08, 1.46208636309e-08, 1.1515226106e-08, 2.35701165252e-08, 1.70232290486e-08, 1.26567769598e-08, 1.39262485988e-08, 1.15901341857e-08, 6.41216457709e-09, 7.18162596058e-09, 6.31523100481e-09, 4.77624917394e-09, 4.40667102808e-09, 4.11791534205e-09, 3.92942078875e-09, 2.81288303761e-09, 2.93678770191e-09, 1.65040581201e-09, 2.88715740204e-09, 1.87565674103e-09, 1.46223977371e-09, 1.54760559923e-09, 1.74759295923e-09, 1.40900890955e-09, 9.39262445598e-10, 9.97944948899e-10, 6.98867574922e-10, 3.57124496642e-10, 6.14712239444e-11, 2.93395897855e-11, 3.55998390489e-11, 3.32942978742e-11, 3.62619170802e-11, 4.14825673811e-11, 2.56687570505e-11, 2.54094696672e-11, 1.9764920603e-11, 1.50086020001e-11, 1.41486700828e-11, 9.92961182028e-12, 3.00016955723e-12, 2.75258136596e-12, 2.63206730716e-12, 2.56135607515e-12, 2.54059078462e-12],
        "min": [1.59723779342e-11, 1.12778963945e-09, 1.80787196324e-09, 5.67679769858e-09, 3.03717584416e-09, 3.12519277124e-09, 1.00779340428e-09, 3.3671123667e-09, 2.63060107031e-09, 4.83274087415e-09, 4.00841759784e-09, 5.9017608578e-09, 8.39380209783e-09, 1.96960314724e-08, 1.73595289255e-08, 1.45308716171e-08, 1.82987793806e-08, 9.91428450448e-09, 2.00915675208e-08, 2.34030999025e-08, 2.20813642926e-08, 2.39600055352e-08, 1.00148636051e-08, 1.39959945855e-08, 7.14443082472e-09, 1.62642841417e-08, 1.04056399053e-08, 1.49547325634e-08, 1.01144230769e-08, 6.20488904701e-09, 9.64986224261e-09, 5.28147214851e-09, 6.43120845467e-09, 4.76144412787e-09, 6.54833742786e-09, 1.07984075015e-08, 2.39598096918e-09, 2.94957858138e-09, 6.85040824067e-09, 3.66354413472e-09, 6.88357015832e-09, 4.3909071934e-09, 8.24203461036e-09, 3.61526542036e-09, 3.29146887523e-09, 4.21072554602e-09, 2.77908629442e-09, 6.2080216523e-09, 3.04242897542e-09, 5.21578513712e-09, 6.13060491261e-09, 4.59893723104e-09, 6.71822641962e-09, 7.45135597668e-09, 2.07942862929e-09, 2.81448464534e-09, 4.35278080246e-09, 8.05704036821e-09, 4.57001858578e-09, 3.22920135076e-09, 3.82132636645e-09, 4.27785096235e-09, 2.09816297669e-09, 2.49540832442e-09, 2.59358845511e-09, 7.30059734888e-10, 6.77544909067e-10, 4.30853103195e-10, 4.99395858e-10, 4.36318176034e-10, 3.0634167425e-10, 1.68748945373e-10, 3.50222184586e-10, 2.70136163438e-10, 1.77309528171e-10, 1.38216951773e-10, 6.65263816257e-11, 4.32447376519e-11, 1.56347816638e-11, 7.18609755035e-11, 5.19382939435e-11, 1.69825507823e-11, 5.647028678e-11, 2.372948886e-11, 5.29298046364e-12, 4.68667205739e-12, 3.13635055427e-11, 2.32273124345e-11, 3.16029633018e-11, 2.28466672664e-11, 7.83117494463e-12, 2.59032326838e-11, 1.92307836322e-11, 2.53370610083e-12, 1.42968111308e-11, 1.06369791447e-11, 6.92564495336e-12, 1.41629164993e-11, 5.54504662673e-12, 2.30383550778e-12, 1.33133326412e-12, 1.70916189188e-12, 1.86817813823e-12, 2.83068642311e-12, 7.55065020924e-12, 1.41659286298e-12, 5.81588596726e-13, 4.07135425633e-13, 1.91884987175e-13, 1.65324134591e-13, 1.47471661618e-13, 1.51214734094e-13, 1.49855076807e-13, 1.10585152147e-13, 1.05250708051e-13, 9.79608104704e-14, 8.97557175068e-14, 8.66963835791e-14, 7.43981699164e-14, 1.09608136911e-13, 8.87662813804e-14, 9.88456414159e-14, 9.01948939255e-14, 1.04443153616e-13, 6.19428960165e-14, 3.06831518743e-14, 3.50200012218e-15, 8.53797034734e-17],
        "stdev": [3.96656741941e-06, 1.74714223249e-05, 4.43046737928e-05, 3.97231342504e-05, 2.05151918635e-05, 1.398164477e-05, 2.41446687141e-05, 6.44956307951e-05, 5.87529793847e-05, 0.000169441424077, 0.000369690038497, 0.000692592642736, 0.00115535862278, 0.00110061478335, 0.00112213264219, 0.00149089377373, 0.00224979431368, 0.00267174025066, 0.00238549360074, 0.00275398348458, 0.0020714676939, 0.0018556228606, 0.00157254992519, 0.00133398245089, 0.000966685998719, 0.000729813473299, 0.000817726191599, 0.000414113310399, 0.00056139845401, 0.00039688378456, 0.000173298845766, 0.00017029994342, 0.000277993734926, 0.000170840270584, 0.000205102551263, 0.00013062141079, 0.000116138748126, 8.45024333103e-05, 9.12879913813e-05, 0.000192475315998, 0.000126576633193, 8.41537548695e-05, 6.4540450694e-05, 0.000108880492917, 9.19395170058e-05, 5.7197179558e-05, 4.99646303069e-05, 2.76798527921e-05, 5.89579212829e-05, 2.74373469438e-05, 1.56536043505e-05, 2.38847478613e-05, 2.7622350899e-05, 2.10376219911e-05, 2.4379345632e-05, 1.89485235751e-05, 1.52498832904e-05, 1.45115818668e-05, 1.46997308548e-05, 1.63568347489e-05, 1.26153227029e-05, 8.6619556896e-06, 8.91847594175e-06, 1.03150605355e-05, 5.76344245928e-06, 2.20145693675e-06, 6.181290928e-07, 3.39557061579e-07, 3.31628285721e-07, 4.77947367017e-07, 2.70047536333e-07, 1.26551952917e-07, 1.27238081404e-07, 5.98679548602e-07, 2.80683025267e-07, 8.84728805772e-08, 6.88957584316e-08, 6.40657020767e-08, 9.27089871539e-08, 1.2244578329e-07, 8.07368891742e-08, 7.14317067718e-08, 6.59973764527e-08, 6.93496318149e-08, 4.30804689699e-08, 3.22119930729e-08, 7.12853491791e-08, 5.35285735737e-08, 5.44987699413e-08, 5.78444172561e-08, 4.47635351009e-08, 1.72424936551e-08, 1.62339315324e-08, 1.48645007414e-08, 1.63371751682e-08, 1.29374297941e-08, 1.06593081028e-08, 1.49645646985e-08, 7.30509430724e-09, 9.69007984963e-09, 6.25525897746e-09, 1.39928122422e-08, 4.81027706556e-09, 3.62453378422e-09, 4.00091426656e-09, 6.96883306617e-09, 4.41388214867e-09, 2.7665858493e-09, 3.43772410538e-09, 3.65208396857e-09, 1.99907446152e-09, 2.9041063998e-10, 7.08990713361e-11, 1.28293597967e-10, 8.22949902668e-11, 7.17957776564e-11, 7.69099367526e-11, 6.84731715772e-11, 7.42891928529e-11, 6.4063067351e-11, 4.97860364046e-11, 4.738219192e-11, 4.05035033291e-11, 3.17280576811e-11, 3.11635682537e-11, 3.08546001249e-11, 3.06302865016e-11, 3.0471104806e-11]
    },
    "mfcc": {
        "mean": [-812.342468262, 179.819396973, -47.3346710205, 7.68012523651, -8.89818477631, -23.8545627594, -26.9411411285, -5.31416511536, -10.4306430817, -3.36823964119, -1.55346989632, 2.41777348518, -0.919646501541],
        "cov": [[4602.05322266, 1196.64343262, -286.334686279, -766.405212402, -539.196716309, -495.198730469, -596.86505127, -232.321472168, -201.211090088, -131.805389404, 31.1836414337, 8.32976913452, -68.4043121338], [1196.64343262, 2139.5324707, -248.48399353, -407.497283936, -367.839477539, -530.736755371, -277.534240723, -205.099472046, -117.462921143, -87.4798583984, 29.2667484283, 50.2827796936, -1.63665866852], [-286.334686279, -248.48399353, 879.489624023, 192.181015015, -39.501411438, 90.5626983643, 34.0617256165, 20.9004440308, 41.9347915649, -37.6683425903, -108.370002747, -39.5994644165, 20.168170929], [-766.405212402, -407.497283936, 192.181015015, 628.885070801, 338.378326416, 83.3650512695, 53.5086746216, 58.5457839966, 37.8289909363, -0.288820534945, -73.8634338379, -37.4203605652, 18.1473617554], [-539.196716309, -367.839477539, -39.501411438, 338.378326416, 530.890686035, 150.703277588, 4.87339544296, 31.0237846375, 24.1368923187, 13.0115776062, 25.7528991699, -34.3464241028, -19.2253456116], [-495.198730469, -530.736755371, 90.5626983643, 83.3650512695, 150.703277588, 431.032928467, 190.370559692, 54.2451667786, 94.6215515137, 100.847129822, 33.886592865, 35.8293914795, 3.84598565102], [-596.86505127, -277.534240723, 34.0617256165, 53.5086746216, 4.87339544296, 190.370559692, 370.841400146, 147.804092407, 59.8357086182, 74.1401367188, 42.3292121887, 46.0570297241, 17.1612300873], [-232.321472168, -205.099472046, 20.9004440308, 58.5457839966, 31.0237846375, 54.2451667786, 147.804092407, 233.658187866, 52.647819519, 9.9694108963, 48.117565155, 3.43150544167, 1.74028241634], [-201.211090088, -117.462921143, 41.9347915649, 37.8289909363, 24.1368923187, 94.6215515137, 59.8357086182, 52.647819519, 154.236618042, 79.7920761108, -3.47106075287, 21.0916538239, 22.4895038605], [-131.805389404, -87.4798583984, -37.6683425903, -0.288820534945, 13.0115776062, 100.847129822, 74.1401367188, 9.9694108963, 79.7920761108, 164.433013916, 56.7946472168, 26.6901092529, 3.58878540993], [31.1836414337, 29.2667484283, -108.370002747, -73.8634338379, 25.7528991699, 33.886592865, 42.3292121887, 48.117565155, -3.47106075287, 56.7946472168, 172.984298706, 46.1653671265, -28.4347476959], [8.32976913452, 50.2827796936, -39.5994644165, -37.4203605652, -34.3464241028, 35.8293914795, 46.0570297241, 3.43150544167, 21.0916538239, 26.6901092529, 46.1653671265, 114.786987305, 40.5864448547], [-68.4043121338, -1.63665866852, 20.168170929, 18.1473617554, -19.2253456116, 3.84598565102, 17.1612300873, 1.74028241634, 22.4895038605, 3.58878540993, -28.4347476959, 40.5864448547, 104.578712463]],
        "icov": [[0.000373294169549, -6.22531224508e-05, 1.37998922582e-05, 0.00027990603121, 0.000148637947859, -1.23733170767e-05, 0.000592292810325, -0.000219052992179, 0.000262778281467, -0.0001194459619, 9.85907245195e-05, -0.000211297854548, 0.000182592208148], [-6.22531224508e-05, 0.000839684798848, 3.51703201886e-05, 0.00019329355564, 9.28944573388e-05, 0.000954698771238, -0.000133694222313, 0.000598273298237, -0.000283696106635, 0.000140292861033, -0.00029449063004, -0.000405746832257, 5.96386089455e-05], [1.37998922582e-05, 3.51703201886e-05, 0.00148518220522, -0.000681124569383, 0.000761446717661, -0.000567751994822, 0.000130162457936, 4.33882778452e-05, -0.000408792315284, 0.000639132340439, 0.000221550479182, 0.000492871680763, -8.49333882798e-05], [0.00027990603121, 0.00019329355564, -0.000681124569383, 0.00359100732021, -0.00228496221825, 0.000937939039432, -3.65253035852e-05, -0.000735172419809, 0.000492641993333, -0.000932383874897, 0.00190769706387, -0.000747588754166, -7.11133452569e-06], [0.000148637947859, 9.28944573388e-05, 0.000761446717661, -0.00228496221825, 0.00419907132164, -0.00154964183457, 0.00110669713467, 0.00025566041586, -0.000390300498111, 0.00107904162724, -0.00193109060638, 0.00135696504731, -1.33812036438e-05], [-1.23733170767e-05, 0.000954698771238, -0.000567751994822, 0.000937939039432, -0.00154964183457, 0.00537658529356, -0.00205500563607, 0.00127548188902, -0.00141609448474, -0.00106182252057, 1.64908051374e-05, -0.0014015986817, 0.000676373951137], [0.000592292810325, -0.000133694222313, 0.000130162457936, -3.65253035852e-05, 0.00110669713467, -0.00205500563607, 0.00619668420404, -0.00356781925075, 0.00168870098423, -0.00180546892807, 0.000807512318715, -0.00166280195117, 0.000251779070823], [-0.000219052992179, 0.000598273298237, 4.33882778452e-05, -0.000735172419809, 0.00025566041586, 0.00127548188902, -0.00356781925075, 0.00822601467371, -0.00394464191049, 0.00340081239119, -0.00395526038483, 0.00218603783287, -0.000758265610784], [0.000262778281467, -0.000283696106635, -0.000408792315284, 0.000492641993333, -0.000390300498111, -0.00141609448474, 0.00168870098423, -0.00394464191049, 0.0120169837028, -0.00644248677418, 0.00381403788924, -0.00215569906868, -0.000559859676287], [-0.0001194459619, 0.000140292861033, 0.000639132340439, -0.000932383874897, 0.00107904162724, -0.00106182252057, -0.00180546892807, 0.00340081239119, -0.00644248677418, 0.0119929155335, -0.00513111613691, 0.00184652209282, -0.000698171264958], [9.85907245195e-05, -0.00029449063004, 0.000221550479182, 0.00190769706387, -0.00193109060638, 1.64908051374e-05, 0.000807512318715, -0.00395526038483, 0.00381403788924, -0.00513111613691, 0.0119056198746, -0.00570372771472, 0.00407039001584], [-0.000211297854548, -0.000405746832257, 0.000492871680763, -0.000747588754166, 0.00135696504731, -0.0014015986817, -0.00166280195117, 0.00218603783287, -0.00215569906868, 0.00184652209282, -0.00570372771472, 0.0148275429383, -0.00647750124335], [0.000182592208148, 5.96386089455e-05, -8.49333882798e-05, -7.11133452569e-06, -1.33812036438e-05, 0.000676373951137, 0.000251779070823, -0.000758265610784, -0.000559859676287, -0.000698171264958, 0.00407039001584, -0.00647750124335, 0.0134090930223]]
    },
    "spectral_contrast_coeffs": {
        "max": [-0.313775241375, -0.451253473759, -0.508405327797, -0.585678458214, -0.466177999973, -0.672122955322],
        "mean": [-0.665712177753, -0.745195925236, -0.794774055481, -0.808153450489, -0.754513144493, -0.788331389427],
        "min": [-0.937140583992, -0.944099247456, -0.930478394032, -0.92358148098, -0.902562975883, -0.95396065712],
        "stdev": [0.119476139545, 0.0988767519593, 0.0723076537251, 0.0520791448653, 0.0707831531763, 0.0341479405761]
    },
    "spectral_contrast_valleys": {
        "max": [-6.8458814621, -4.19191455841, -5.37203836441, -5.75252389908, -7.63788890839, -10.0971546173],
        "mean": [-8.86636734009, -7.14580869675, -8.20184326172, -8.46371173859, -9.46924591064, -13.0407972336],
        "min": [-11.2936191559, -9.59091091156, -10.5085506439, -10.6183261871, -11.0328731537, -14.7589292526],
        "stdev": [0.795762658119, 1.11952674389, 0.98605298996, 0.867468476295, 0.559374392033, 0.770825862885]
    }
},
"rhythm": {
    "beats_count": 77,
    "beats_loudness": {
        "max": 0.161951467395,
        "mean": 0.0230860449374,
        "min": 6.62075617583e-05,
        "stdev": 0.0276128612459
    },
    "bpm": 96.5725097656,
    "bpm_histogram_first_peak_bpm": 96,
    "bpm_histogram_first_peak_weight": 0.615384578705,
    "bpm_histogram_second_peak_bpm": 108,
    "bpm_histogram_second_peak_spread": 0.5,
    "bpm_histogram_second_peak_weight": 0.078947365284,
    "danceability": 1.44542872906,
    "onset_rate": 4.9013671875,
    "beats_loudness_band_ratio": {
        "max": [0.835171759129, 0.916549086571, 0.912272691727, 0.648392498493, 0.557415366173, 0.27752584219],
        "mean": [0.0777381584048, 0.225143477321, 0.536507070065, 0.122889406979, 0.0811697244644, 0.00836881157011],
        "min": [0.000188661331777, 0.00749143119901, 0.0165028013289, 0.00149511883501, 0.000646526459605, 4.76715249533e-05],
        "stdev": [0.179950714111, 0.250316172838, 0.285640507936, 0.123602926731, 0.117452546954, 0.0320988669991]
    },
