{
"metadata": {
    "version": {
        "essentia": "2.1-beta5",
        "essentia_git_sha": "Undefined",
        "extractor": "music 2.0"
    },
    "audio_properties": {
        "analysis": {
            "equal_loudness": 0,
            "length": 33.4367332458,
            "sample_rate": 44100,
            "start_time": 158.998641968,
            "downmix": "mix"
        },
        "bit_rate": 192000,
        "length": 192.458602905,
        "lossless": 0,
        "number_channels": 2,
        "replay_gain": -6.98473739624,
        "sample_rate": 48000,
        "codec": "mp3",
        "md5_encoded": "19b6f0243a24e4e5d6e8136195ec517d"
    },
    "tags": {
        "file_name": "Iceland_This Is My Life_Euroband.mp3",
        "encoding": ["Lavf58.29.100"]
    }
},
"lowlevel": {
    "average_loudness": 0.941567897797,
    "barkbands_crest": {
        "max": 21.4362697601,
        "mean": 8.43897438049,
        "min": 1.81261098385,
        "stdev": 3.88674020767
    },
    "barkbands_flatness_db": {
        "max": 0.323328077793,
        "mean": 0.123066283762,
        "min": 0.0437931641936,
        "stdev": 0.0634726658463
    },
    "barkbands_kurtosis": {
        "max": 12.124961853,
        "mean": 0.277578443289,
        "min": -1.75520789623,
        "stdev": 2.00894880295
    },
    "barkbands_skewness": {
        "max": 3.00459122658,
        "mean": 0.768129169941,
        "min": -1.06275510788,
        "stdev": 0.737149298191
    },
    "barkbands_spread": {
        "max": 90.058921814,
        "mean": 36.4459915161,
        "min": 3.82154297829,
        "stdev": 18.9903430939
    },
    "dissonance": {
        "max": 0.499999821186,
        "mean": 0.486096858978,
        "min": 0.394192576408,
        "stdev": 0.0123383589089
    },
    "dynamic_complexity": 2.13146162033,
    "erbbands_crest": {
        "max": 22.2535572052,
        "mean": 7.00469493866,
        "min": 2.25963568687,
        "stdev": 3.17198967934
    },
    "erbbands_flatness_db": {
        "max": 0.359283030033,
        "mean": 0.175771638751,
        "min": 0.0840493440628,
        "stdev": 0.0743001550436
    },
    "erbbands_kurtosis": {
        "max": 8.11567592621,
        "mean": 0.388667225838,
        "min": -1.28461062908,
        "stdev": 1.19173073769
    },
    "erbbands_skewness": {
        "max": 2.71054148674,
        "mean": 0.173019245267,
        "min": -1.60452890396,
        "stdev": 0.784740626812
    },
    "erbbands_spread": {
        "max": 90.6529541016,
        "mean": 33.2948303223,
        "min": 7.97018480301,
        "stdev": 13.7624902725
    },
    "hfc": {
        "max": 114.284111023,
        "mean": 38.3038864136,
        "min": 3.2723801136,
        "stdev": 22.5147514343
    },
    "loudness_ebu128": {
        "integrated": -15.5881319046,
        "loudness_range": 3.76687240601,
        "momentary": {
            "max": -13.3255691528,
            "mean": -15.9364929199,
            "min": -22.1350765228,
            "stdev": 1.88785624504
        },
        "short_term": {
            "max": -14.1236381531,
            "mean": -15.6555891037,
            "min": -20.1453876495,
            "stdev": 1.34112679958
        }
    },
    "melbands_crest": {
        "max": 31.3658103943,
        "mean": 13.9168176651,
        "min": 3.02917718887,
        "stdev": 6.45704317093
    },
    "melbands_flatness_db": {
        "max": 0.254148304462,
        "mean": 0.123216874897,
        "min": 0.0140779754147,
        "stdev": 0.0502302236855
    },
    "melbands_kurtosis": {
        "max": 50.4472312927,
        "mean": 4.96871328354,
        "min": -1.25306808949,
        "stdev": 5.49233388901
    },
    "melbands_skewness": {
        "max": 6.40001058578,
        "mean": 1.89751374722,
        "min": 0.104349464178,
        "stdev": 0.931819856167
    },
    "melbands_spread": {
        "max": 174.807357788,
        "mean": 44.0852127075,
        "min": 5.30673837662,
        "stdev": 25.86186409
    },
    "pitch_salience": {
        "max": 0.853615880013,
        "mean": 0.619582295418,
        "min": 0.240442976356,
        "stdev": 0.125485569239
    },
    "silence_rate_20dB": {
        "max": 1,
        "mean": 1,
        "min": 1,
        "stdev": 0
    },
    "silence_rate_30dB": {
        "max": 1,
        "mean": 1,
        "min": 1,
        "stdev": 0
    },
    "silence_rate_60dB": {
        "max": 1,
        "mean": 0.0062456629239,
        "min": 0,
        "stdev": 0.0787823274732
    },
    "spectral_centroid": {
        "max": 4242.15527344,
        "mean": 2233.28710938,
        "min": 1085.35351562,
        "stdev": 554.56628418
    },
    "spectral_complexity": {
        "max": 59,
        "mean": 33.2310905457,
        "min": 5,
        "stdev": 11.3335018158
    },
    "spectral_decrease": {
        "max": -5.72951575073e-10,
        "mean": -5.92940452293e-09,
        "min": -1.94789393504e-08,
        "stdev": 3.63656171842e-09
    },
    "spectral_energy": {
        "max": 0.0786347463727,
        "mean": 0.0258532520384,
        "min": 0.00245926622301,
        "stdev": 0.0151063548401
    },
    "spectral_energyband_high": {
        "max": 0.0123124737293,
        "mean": 0.00262298318557,
        "min": 6.64121107548e-05,
        "stdev": 0.00205879332498
    },
    "spectral_energyband_low": {
        "max": 0.0514492094517,
        "mean": 0.00741662457585,
        "min": 9.10672814936e-10,
        "stdev": 0.00940203852952
    },
    "spectral_energyband_middle_high": {
        "max": 0.0387003608048,
        "mean": 0.00945516116917,
        "min": 0.00116630073171,
        "stdev": 0.00631401641294
    },
    "spectral_energyband_middle_low": {
        "max": 0.0574511364102,
        "mean": 0.00709606800228,
        "min": 0.000446281745099,
        "stdev": 0.00652369624004
    },
    "spectral_entropy": {
        "max": 8.60858154297,
        "mean": 8.05993461609,
        "min": 7.33610391617,
        "stdev": 0.244834527373
    },
    "spectral_flux": {
        "max": 0.23978471756,
        "mean": 0.0973950475454,
        "min": 0.0282208286226,
        "stdev": 0.0382795333862
    },
    "spectral_kurtosis": {
        "max": 9.38812637329,
        "mean": 2.45610332489,
        "min": 0.114504337311,
        "stdev": 1.35912144184
    },
    "spectral_rms": {
        "max": 0.0087588140741,
        "mean": 0.00478062825277,
        "min": 0.00154896231834,
        "stdev": 0.00153891718946
    },
    "spectral_rolloff": {
        "max": 9043.9453125,
        "mean": 3018.19165039,
        "min": 172.265625,
        "stdev": 1536.44812012
    },
    "spectral_skewness": {
        "max": 2.78819036484,
        "mean": 1.19886219501,
        "min": 0.415955960751,
        "stdev": 0.24013595283
    },
    "spectral_spread": {
        "max": 11702701,
        "mean": 4724997,
        "min": 2497180.25,
        "stdev": 1105998.5
    },
    "spectral_strongpeak": {
        "max": 6.31520032883,
        "mean": 0.790489971638,
        "min": 0.0288130231202,
        "stdev": 0.928392112255
    },
    "zerocrossingrate": {
        "max": 0.23388671875,
        "mean": 0.101195864379,
        "min": 0.03662109375,
        "stdev": 0.0356459207833
    },
    "barkbands": {
        "max": [0.00299401464872, 0.0410402864218, 0.0354917794466, 0.026633169502, 0.0136213302612, 0.0141641851515, 0.00771804479882, 0.0164169576019, 0.0506519190967, 0.0249467715621, 0.0256345700473, 0.0153148267418, 0.0120588177815, 0.0111642321572, 0.00923401769251, 0.00922187138349, 0.00512764276937, 0.0043609184213, 0.00628782156855, 0.00393448676914, 0.00289689819328, 0.0032288855873, 0.00308024277911, 0.00271281180903, 0.00192791444715, 0.000331657327479, 3.08248636429e-05],
        "mean": [0.000287098810077, 0.00527127925307, 0.00137625343632, 0.00112429866567, 0.00123076478485, 0.000709277170245, 0.000520687608514, 0.000702304008882, 0.00231744837947, 0.0016397011932, 0.00108588405419, 0.000703692669049, 0.00106927996967, 0.000748903839849, 0.00087010191055, 0.000950639543589, 0.000719916715752, 0.000729409453925, 0.000906165048946, 0.000607687339652, 0.000525736657437, 0.000596556346864, 0.000473754713312, 0.000367613654817, 0.000279107334791, 3.96556824853e-05, 2.2756461604e-08],
        "min": [2.77109030167e-11, 2.55162224683e-10, 5.62834223672e-11, 2.38388059293e-10, 2.47669760256e-08, 7.65376512391e-07, 3.13672762786e-06, 1.66632480614e-06, 1.52268657985e-05, 9.11501410883e-06, 1.9788305508e-05, 2.82349101326e-05, 4.97334112879e-05, 4.07176994486e-05, 3.61231723218e-05, 2.16026583075e-05, 1.07634286906e-05, 2.59047028521e-05, 1.72685467987e-05, 1.7223694158e-05, 1.6965350369e-05, 1.29526824821e-05, 7.94726020104e-06, 4.55112649433e-06, 6.84448934862e-07, 9.80539330286e-11, 3.21529122771e-11],
        "stdev": [0.000542565132491, 0.00723199360073, 0.00393213285133, 0.00314241927117, 0.00184156012256, 0.00104110594839, 0.000767784076743, 0.00140409625601, 0.00357602979057, 0.00281239370815, 0.00193596701138, 0.00110818853136, 0.00150578201283, 0.000957386684604, 0.000959928205702, 0.00118402228691, 0.00074848823715, 0.000645005900878, 0.000825015362352, 0.000494907842949, 0.000420362775913, 0.00051810790319, 0.000444585253717, 0.00034517259337, 0.000275173981208, 4.59070433863e-05, 8.11887787222e-07]
    },
    "erbbands": {
        "max": [1.51499664783, 7.76672410965, 32.168384552, 65.0029220581, 71.0885772705, 58.3079566956, 66.8066711426, 144.422012329, 125.824584961, 323.00793457, 345.993682861, 1432.96618652, 804.641418457, 729.251098633, 896.44934082, 301.175354004, 496.640716553, 419.11807251, 553.692443848, 375.491912842, 475.742889404, 322.685821533, 244.086624146, 399.036987305, 248.935531616, 191.82963562, 144.889526367, 135.801925659, 151.337097168, 89.0725860596, 89.3820571899, 78.7803649902, 38.6822433472, 22.582950592, 14.4922914505, 3.44170737267, 0.0980027318001, 0.0184657331556, 0.00438843620941, 0.000471216801088],
        "mean": [0.206373050809, 0.96239310503, 1.65262556076, 2.65989732742, 4.40866470337, 3.82920384407, 4.03272199631, 6.83806753159, 6.80696725845, 10.7421779633, 19.0866985321, 51.7541847229, 57.3710708618, 47.8518066406, 42.0820579529, 26.9510478973, 43.6755638123, 41.7203178406, 47.6076469421, 44.5582618713, 49.1807594299, 43.1997375488, 41.4317016602, 44.2938652039, 40.5811576843, 27.4791183472, 23.2538490295, 21.0780944824, 21.5305633545, 17.8227062225, 12.7522096634, 8.45471858978, 5.76127958298, 3.51722002029, 1.75662076473, 0.441404730082, 0.0119477072731, 0.000474044849398, 6.53097085888e-05, 4.30028885603e-05],
        "min": [4.50073791569e-08, 2.15089514199e-07, 8.5842776798e-07, 3.87263617085e-06, 3.43051870004e-05, 0.000308020506054, 0.00365894287825, 0.0127916131169, 0.0354474894702, 0.205316349864, 0.421670436859, 0.508619785309, 0.994579195976, 1.12062418461, 0.79688256979, 1.55433833599, 2.85118436813, 3.19015550613, 3.41358304024, 3.64307618141, 0.931842625141, 0.727342963219, 1.91321492195, 1.2570463419, 1.11974072456, 1.15102732182, 0.635607659817, 0.619717538357, 0.414828240871, 0.315648347139, 0.211316496134, 0.126253321767, 0.0582522787154, 0.0230380818248, 0.00255881110206, 0.00011607050692, 1.46959901031e-05, 2.36994765146e-06, 2.20859078581e-06, 3.26501412928e-06],
        "stdev": [0.321766018867, 1.34707295895, 4.183365345, 7.14230871201, 8.63823413849, 6.06170606613, 6.13738822937, 10.702999115, 9.79735851288, 18.4574069977, 31.7480869293, 83.301322937, 88.099647522, 74.9409484863, 68.8348083496, 33.1696090698, 56.4870986938, 47.2049179077, 53.7557792664, 45.2066764832, 59.7984848022, 44.6275749207, 36.6751289368, 40.6700019836, 35.9111328125, 22.1295032501, 18.3990573883, 17.7662143707, 19.364233017, 16.0109138489, 11.7251605988, 7.91513776779, 5.52599811554, 3.43764185905, 1.77593100071, 0.474337428808, 0.0135392453521, 0.000671780260745, 0.000124193000374, 2.63101264864e-05]
    },
    "gfcc": {
        "mean": [23.1855735779, 46.0852546692, -168.876815796, 36.3947906494, -80.5883026123, 31.3369026184, -39.0336875916, 20.7136478424, -19.0960159302, 2.37381482124, -12.3420991898, -5.41759634018, -1.07838606834],
        "cov": [[5825.04980469, 1177.67773438, 3752.26977539, 2805.28295898, 1464.00048828, 798.929321289, -308.876251221, 324.370483398, -387.852172852, 477.415740967, -36.8627967834, 494.902740479, -225.197433472], [1177.67773438, 588.729003906, 804.690002441, 636.048095703, 412.582122803, 225.443618774, 74.9595108032, 78.4147720337, -48.4463539124, 69.8039245605, 29.2131614685, 67.7896652222, -39.1792221069], [3752.26977539, 804.690002441, 2829.86816406, 2065.62426758, 1056.97521973, 579.458190918, -273.059753418, 228.724090576, -270.608612061, 369.045471191, -37.8763008118, 363.680450439, -163.375991821], [2805.28295898, 636.048095703, 2065.62426758, 1621.09301758, 861.262939453, 456.55480957, -162.546966553, 185.903274536, -161.778671265, 278.596862793, 0.962021648884, 282.837463379, -102.652671814], [1464.00048828, 412.582122803, 1056.97521973, 861.262939453, 543.993164062, 302.606842041, -10.0452775955, 120.972251892, -61.1598777771, 147.074905396, 15.0685720444, 143.175323486, -45.8715019226], [798.929321289, 225.443618774, 579.458190918, 456.55480957, 302.606842041, 261.199829102, 76.025718689, 68.8789901733, -45.4852523804, 85.2113800049, 25.6373748779, 78.0519638062, -23.6950149536], [-308.876251221, 74.9595108032, -273.059753418, -162.546966553, -10.0452775955, 76.025718689, 241.288391113, 48.7136917114, 77.8965454102, -28.2251758575, 54.5380516052, -35.0789108276, 35.786907196], [324.370483398, 78.4147720337, 228.724090576, 185.903274536, 120.972251892, 68.8789901733, 48.7136917114, 116.098701477, 48.8088874817, 54.2151107788, 14.7276716232, 49.0265350342, 6.9021897316], [-387.852172852, -48.4463539124, -270.608612061, -161.778671265, -61.1598777771, -45.4852523804, 77.8965454102, 48.8088874817, 137.400985718, 8.40759754181, 37.9277458191, -11.2034454346, 44.7667274475], [477.415740967, 69.8039245605, 369.045471191, 278.596862793, 147.074905396, 85.2113800049, -28.2251758575, 54.2151107788, 8.40759754181, 125.074523926, 44.5191612244, 84.3308944702, -3.80911326408], [-36.8627967834, 29.2131614685, -37.8763008118, 0.962021648884, 15.0685720444, 25.6373748779, 54.5380516052, 14.7276716232, 37.9277458191, 44.5191612244, 79.9474258423, 37.1712036133, 27.0641136169], [494.902740479, 67.7896652222, 363.680450439, 282.837463379, 143.175323486, 78.0519638062, -35.0789108276, 49.0265350342, -11.2034454346, 84.3308944702, 37.1712036133, 117.016723633, 17.6383800507], [-225.197433472, -39.1792221069, -163.375991821, -102.652671814, -45.8715019226, -23.6950149536, 35.786907196, 6.9021897316, 44.7667274475, -3.80911326408, 27.0641136169, 17.6383800507, 64.6538619995]],
        "icov": [[0.00143893097993, -0.000850620446727, -0.000287686882075, -0.00133671844378, 0.000591346935835, -0.00016587623395, 7.52557534724e-05, -0.00126589776482, 0.0016581651289, -0.000803720497061, 0.000911849958356, -0.00120792922098, 0.000851817778312], [-0.000850620446727, 0.00982739496976, -0.00699607515708, 0.0045249951072, -0.0095658460632, 0.00974387768656, -0.00898204557598, 0.00653010467067, -0.00233526481315, 0.00688797514886, -0.00858825165778, 0.00641568796709, -0.00257550179958], [-0.000287686882075, -0.00699607515708, 0.0152932964265, -0.013479154557, 0.0105503760278, -0.010424698703, 0.00822014641017, -0.00828552246094, 0.00627082120627, -0.0103500094265, 0.0112686613575, -0.005811562296, 0.00391846057028], [-0.00133671844378, 0.0045249951072, -0.013479154557, 0.0230304542929, -0.0176329314709, 0.00595411332324, -0.00110327568837, 0.00521912705153, -0.00611877953634, 0.0083090569824, -0.00947802234441, 0.000969900982454, -0.00125444168225], [0.000591346935835, -0.0095658460632, 0.0105503760278, -0.0176329314709, 0.0301504600793, -0.0188686903566, 0.00891361292452, -0.00857944507152, 0.000376988435164, -0.00639168173075, 0.00935202743858, -0.00377654191107, 0.00186318170745], [-0.00016587623395, 0.00974387768656, -0.010424698703, 0.00595411332324, -0.0188686903566, 0.035674571991, -0.0262801069766, 0.012937804684, 0.00448464183137, -0.00136626535095, -0.00264164851978, 0.00149049377069, -0.00119623378851], [7.52557534724e-05, -0.00898204557598, 0.00822014641017, -0.00110327568837, 0.00891361292452, -0.0262801069766, 0.0318608395755, -0.0184000656009, -0.00138396024704, 0.00521180266514, -0.00831076409668, 0.00489991158247, -0.0017317449674], [-0.00126589776482, 0.00653010467067, -0.00828552246094, 0.00521912705153, -0.00857944507152, 0.012937804684, -0.0184000656009, 0.0328816957772, -0.0151573456824, -1.91952312889e-05, 0.00666255690157, -0.00652989372611, 0.00171276228502], [0.0016581651289, -0.00233526481315, 0.00627082120627, -0.00611877953634, 0.000376988435164, 0.00448464183137, -0.00138396024704, -0.0151573456824, 0.0268920511007, -0.0123664103448, 0.00117528066039, 0.0041699516587, -0.0061916927807], [-0.000803720497061, 0.00688797514886, -0.0103500094265, 0.0083090569824, -0.00639168173075, -0.00136626535095, 0.00521180266514, -1.91952312889e-05, -0.0123664103448, 0.0386882573366, -0.0266354847699, 0.000850263400935, 0.00225450261496], [0.000911849958356, -0.00858825165778, 0.0112686613575, -0.00947802234441, 0.00935202743858, -0.00264164851978, -0.00831076409668, 0.00666255690157, 0.00117528066039, -0.0266354847699, 0.0483361333609, -0.0226865150034, 0.00452695786953], [-0.00120792922098, 0.00641568796709, -0.005811562296, 0.000969900982454, -0.00377654191107, 0.00149049377069, 0.00489991158247, -0.00652989372611, 0.0041699516587, 0.000850263400935, -0.0226865150034, 0.0439377091825, -0.0229406896979], [0.000851817778312, -0.00257550179958, 0.00391846057028, -0.00125444168225, 0.00186318170745, -0.00119623378851, -0.0017317449674, 0.00171276228502, -0.0061916927807, 0.00225450261496, 0.00452695786953, -0.0229406896979, 0.0352259501815]]
    },
    "melbands": {
        "max": [0.0125240189955, 0.0134503040463, 0.0102280508727, 0.00336618232541, 0.00289140245877, 0.00324465380982, 0.00168205832597, 0.00354037480429, 0.00236460706219, 0.00969779957086, 0.00404602941126, 0.00275439023972, 0.00402722740546, 0.00210699671879, 0.00125866569579, 0.00151494471356, 0.000922503939364, 0.00113072188105, 0.000755693821702, 0.000641158374492, 0.000452137755929, 0.000423424789915, 0.000213941661059, 0.000212186190765, 0.000385289866244, 0.000219390320126, 0.000178677873919, 0.000158055670909, 8.20117129479e-05, 6.98657458997e-05, 9.67265950749e-05, 9.7989126516e-05, 5.80408559472e-05, 5.50366276002e-05, 5.84327026445e-05, 5.59071013413e-05, 4.1279301513e-05, 3.16055193252e-05, 2.20961937885e-05, 1.87764926523e-05],
        "mean": [0.00161415233742, 0.000966381223407, 0.000530984310899, 0.00029713549884, 0.000145568657899, 0.000145878104377, 0.000106837374915, 0.000126966056996, 0.000169305028976, 0.000350798596628, 0.000288402865408, 0.000197756366106, 0.00014191052469, 8.88490249054e-05, 7.34653731342e-05, 0.000111319823191, 7.11589091225e-05, 7.57951202104e-05, 6.48848435958e-05, 6.69658038532e-05, 5.26060794073e-05, 4.56553862023e-05, 3.74441988242e-05, 3.36832454195e-05, 3.61783131666e-05, 3.45981898136e-05, 2.17037013499e-05, 1.8023110897e-05, 1.52396078192e-05, 1.24535199575e-05, 1.22153060147e-05, 1.27264693219e-05, 1.07574996946e-05, 9.45242027228e-06, 7.57285351938e-06, 6.28970155958e-06, 4.65689527118e-06, 4.10780967286e-06, 3.58653187504e-06, 2.75200295619e-06],
        "min": [6.77676248451e-11, 9.64407165238e-11, 4.07418876414e-10, 2.30532037904e-09, 8.28906507877e-08, 2.35976045815e-07, 6.21194260475e-07, 1.44419891512e-06, 2.25729695558e-06, 2.28584690376e-06, 2.94865344586e-06, 3.43878400599e-06, 2.61789227807e-06, 2.71396311291e-06, 1.45498790971e-06, 3.23752192344e-06, 3.48553658114e-06, 3.39030702889e-06, 2.89582953883e-06, 2.85129885924e-06, 5.68517748434e-07, 4.83426219944e-07, 1.43642387229e-06, 1.40031363571e-06, 6.2961413505e-07, 6.4746325279e-07, 5.96295080868e-07, 6.6408370003e-07, 2.81433131022e-07, 3.9003538177e-07, 3.02520533069e-07, 2.32686275581e-07, 1.90847430304e-07, 1.51905609869e-07, 1.05504319947e-07, 7.28751885504e-08, 5.70177398629e-08, 4.43187317956e-08, 1.80494836854e-08, 7.07946323786e-09],
        "stdev": [0.00233678240329, 0.00175148586277, 0.00124253320973, 0.000468697486212, 0.000217862558202, 0.000222722068429, 0.000152421009261, 0.000233327577007, 0.000279536849121, 0.00057540013222, 0.000452708045486, 0.000323566695442, 0.000246019830229, 0.000141487267683, 0.000124468802824, 0.000170252838871, 8.48082636367e-05, 9.71078698058e-05, 7.33365886845e-05, 8.42086737975e-05, 6.69562068651e-05, 5.17064909218e-05, 3.26402441715e-05, 3.10662289849e-05, 3.54882831743e-05, 3.40155966114e-05, 1.94895746972e-05, 1.572304609e-05, 1.28343754113e-05, 1.01641871879e-05, 1.13620508273e-05, 1.22725496112e-05, 9.4322294899e-06, 9.02827196114e-06, 7.09972709956e-06, 6.14435793977e-06, 4.39448103862e-06, 4.09122412748e-06, 3.54153326043e-06, 2.75325055554e-06]
    },
    "melbands128": {
        "max": [0.00280573684722, 0.0138880740851, 0.0191148221493, 0.0137407276779, 0.0176111124456, 0.0178395416588, 0.0149321723729, 0.0132787851617, 0.00715860398486, 0.00403378671035, 0.0038111130707, 0.00516930222511, 0.00275412178598, 0.0029423024971, 0.0031705563888, 0.0044828671962, 0.00349833164364, 0.00251995725557, 0.00210849894211, 0.00514511344954, 0.00660293735564, 0.00530490279198, 0.00416792742908, 0.00575445266441, 0.0108030382544, 0.0158512648195, 0.0133261112496, 0.00581830088049, 0.00742379529402, 0.00519061693922, 0.00347062409855, 0.00789726618677, 0.00814494211227, 0.00333531224169, 0.00506680365652, 0.00150919856969, 0.000961765181273, 0.00261317682452, 0.0026096587535, 0.00176457699854, 0.00296278763562, 0.00226530176587, 0.00137970270589, 0.00166436622385, 0.00194343773182, 0.00168134958949, 0.00123049016111, 0.0011450748425, 0.00131796544883, 0.000900644983631, 0.00100634864066, 0.00185721786693, 0.000904319458641, 0.000679263204802, 0.000618443824351, 0.000901173625607, 0.000453225104138, 0.000273260957329, 0.000433701556176, 0.000566617934965, 0.000399968965212, 0.000445469311671, 0.000298757833662, 0.00079634739086, 0.000398949108785, 0.000405684404541, 0.000394839880755, 0.000230770368944, 0.000315069919452, 0.000227008684305, 0.000233960105106, 0.000180574730621, 0.000224924006034, 0.000108883286885, 0.000212255486986, 0.000102840924228, 0.000105803148472, 9.34959389269e-05, 0.00013686127204, 0.000122636702145, 0.00014057251974, 0.000141005904879, 0.000117457537272, 7.5709707744e-05, 0.000123908626847, 0.000103106394818, 6.95866110618e-05, 7.48574311729e-05, 7.81197886681e-05, 6.0002959799e-05, 4.98064146086e-05, 7.53979547881e-05, 7.59420290706e-05, 3.28368296323e-05, 3.02304342767e-05, 4.6963319619e-05, 3.17264857586e-05, 3.02048883896e-05, 2.41230409301e-05, 3.05875728372e-05, 2.54661499639e-05, 2.09808549698e-05, 2.54054248217e-05, 3.66167805623e-05, 1.76165540324e-05, 1.01288605947e-05, 2.11527476495e-05, 1.16933597383e-05, 6.50178071737e-06, 2.4971232051e-06, 1.32117008889e-07, 1.42196370234e-07, 1.46445216842e-07, 1.47420180951e-07, 1.46807721535e-07, 1.45301058296e-07, 1.43166133171e-07, 1.40824056416e-07, 1.38393048132e-07, 1.35954138614e-07, 1.33523670343e-07, 1.31370100576e-07, 1.29329848164e-07, 1.27595541244e-07, 1.26026094449e-07, 1.24840269677e-07, 1.23909941863e-07, 1.2334741939e-07],
        "mean": [0.000276813167147, 0.00178214441985, 0.00214898167178, 0.00137980363797, 0.000916246965062, 0.000620887265541, 0.000500855327118, 0.000602530955803, 0.00044027948752, 0.000292400538456, 0.000195791668375, 0.000148655497469, 0.000129174411995, 0.000136206290335, 0.000182596064406, 0.000131079563289, 9.16045537451e-05, 0.00010782838217, 0.00012289811275, 0.000102699617855, 0.000148743885802, 0.000140053380164, 0.000150346342707, 0.000221043781494, 0.000314478820655, 0.000459393486381, 0.000320544553688, 0.000252826866927, 0.000284816342173, 0.000210008613067, 0.000172355372342, 0.000162568932865, 0.000118616575492, 0.000158279508469, 0.000117067924293, 6.11805153312e-05, 4.75306042063e-05, 8.46727489261e-05, 7.68596801208e-05, 8.97707795957e-05, 0.000147998842294, 9.67571177171e-05, 5.81625681662e-05, 6.26057881163e-05, 7.68032405176e-05, 8.06025491329e-05, 7.11547327228e-05, 7.84614385339e-05, 5.52571109438e-05, 4.05812570534e-05, 8.16409665276e-05, 7.97164684627e-05, 5.31324621988e-05, 4.31667685916e-05, 4.16603397753e-05, 5.19653294759e-05, 4.46217127319e-05, 2.9923798138e-05, 3.74626688426e-05, 4.70927770948e-05, 2.84630696115e-05, 2.8636355637e-05, 3.55562733603e-05, 3.79655175493e-05, 3.83883561881e-05, 3.80191886507e-05, 2.97859005514e-05, 2.54930127994e-05, 2.08755864151e-05, 1.46360771396e-05, 1.62366141012e-05, 2.19044795813e-05, 1.8089373043e-05, 1.29293466671e-05, 1.35221034725e-05, 1.26447857838e-05, 1.21759121612e-05, 1.11531053335e-05, 1.26487257148e-05, 1.25163069242e-05, 1.36403314173e-05, 1.2673839592e-05, 1.06135121314e-05, 1.05421058834e-05, 1.11300751087e-05, 9.83704831015e-06, 8.95594257599e-06, 8.38848791318e-06, 7.94129482529e-06, 6.43928660793e-06, 6.57435339235e-06, 6.5510330387e-06, 5.34541140951e-06, 4.54487008028e-06, 4.12032022723e-06, 4.50928337159e-06, 3.93218397221e-06, 3.83634278478e-06, 3.82980533686e-06, 3.34504079547e-06, 3.03584624817e-06, 2.57745091403e-06, 2.55722670772e-06, 2.30849718719e-06, 1.99995406547e-06, 1.67037080701e-06, 1.65252140505e-06, 1.46890465658e-06, 6.81122230617e-07, 5.08878557071e-08, 2.39963771076e-10, 1.80242903935e-10, 1.66825664394e-10, 1.5454811042e-10, 1.55505247568e-10, 1.59794455445e-10, 1.10457830382e-10, 1.03834517373e-10, 1.0198114575e-10, 1.00108213386e-10, 9.82631406798e-11, 9.66430616089e-11, 9.51069500932e-11, 9.379114152e-11, 9.25813037345e-11, 9.16065487355e-11, 9.08689304358e-11, 9.04426394888e-11],
        "min": [4.74206438006e-12, 1.07047790771e-11, 4.26147207799e-11, 2.64258649685e-11, 4.55649649955e-11, 2.63263525563e-11, 1.23413418374e-10, 9.17723397276e-11, 3.54129781055e-10, 5.77333403307e-10, 1.2954907147e-09, 4.76640726887e-10, 1.20484706656e-08, 4.62790694655e-08, 1.67462772538e-08, 2.64355008994e-08, 1.51963860162e-07, 2.53161402952e-07, 2.29407376651e-07, 2.39560677073e-07, 2.01866413363e-07, 4.7301119821e-07, 4.85334339828e-07, 2.12099749319e-07, 9.10592845571e-08, 5.87495492255e-07, 1.29054740228e-06, 8.55411485645e-07, 5.45156922271e-07, 4.77821515688e-07, 9.33337389597e-07, 1.02941578461e-06, 6.42239626814e-07, 8.04445789981e-07, 2.39701591909e-07, 6.46833882456e-07, 5.26488861397e-07, 2.90548342718e-07, 7.63487946642e-07, 4.26368615081e-07, 7.56030203775e-07, 3.03137539959e-07, 3.82974661761e-07, 8.26576183499e-07, 8.99221049622e-07, 1.61210368788e-06, 1.45390026773e-06, 7.96875383458e-07, 8.63284753905e-07, 6.55582311992e-07, 3.43774757994e-07, 9.37314666771e-07, 4.5172006935e-07, 3.8438190586e-07, 3.98385395783e-07, 3.55992227696e-07, 5.66814208014e-07, 8.89651403213e-07, 8.39263122998e-07, 8.26428617984e-07, 5.25597954493e-07, 5.61186823234e-07, 5.44663805613e-07, 3.00534168218e-07, 2.39089047227e-07, 3.55854865575e-07, 2.40684755681e-07, 2.59745178255e-07, 1.79109804321e-07, 2.7404249181e-07, 5.60433875307e-07, 1.67345888258e-07, 1.64223422416e-07, 1.41490232863e-07, 8.32901037029e-08, 2.56127123066e-07, 2.02985404485e-07, 2.17465483843e-07, 2.11546222317e-07, 2.51168501109e-07, 2.10708591908e-07, 5.61288722167e-08, 9.87297212873e-08, 1.08708768209e-07, 1.45427705434e-07, 9.89614932223e-08, 9.03933141672e-08, 8.9919474533e-08, 7.00864788428e-08, 5.500685063e-08, 6.00391558692e-08, 3.64850478718e-08, 2.10871515804e-08, 4.27036681572e-08, 9.97211202503e-09, 4.12059257826e-08, 1.94933029718e-08, 6.64834320929e-09, 5.95551918892e-09, 1.75541081671e-09, 1.7752178616e-09, 1.17516751885e-09, 2.80572720612e-09, 1.5017951327e-09, 6.64481653295e-13, 6.60232979399e-12, 1.50760098849e-11, 2.18854535189e-12, 2.08277636132e-13, 1.30513506361e-13, 1.24719543504e-13, 1.04138093006e-13, 1.04431098643e-13, 8.98746544851e-14, 8.82872198743e-14, 1.0378578151e-13, 8.34476598607e-14, 1.00809897268e-13, 1.15215847388e-13, 1.0852469368e-13, 1.10310090055e-13, 1.13502062566e-13, 7.21813830495e-14, 1.08325254691e-13, 7.33290313778e-14, 2.91890738468e-14, 4.01855427122e-15, 2.78070143383e-16],
        "stdev": [0.000529239652678, 0.00296359928325, 0.00330496556126, 0.00203409814276, 0.00230750185438, 0.00178567878902, 0.00155101623386, 0.00158154556993, 0.000890822557267, 0.00054129678756, 0.000369826535461, 0.000300259009236, 0.000235118423006, 0.000242263500695, 0.000315015815431, 0.00027607040829, 0.000180837712833, 0.000195773143787, 0.000227785814786, 0.000233014536207, 0.000376936455723, 0.000367261993233, 0.00033151457319, 0.000471729639685, 0.000625330605544, 0.000961151788943, 0.00077400484588, 0.000522169168107, 0.00065320590511, 0.000454656837974, 0.000336986064212, 0.000433333567344, 0.000334725162247, 0.000337584933732, 0.000289593997877, 0.000104951715912, 8.1513877376e-05, 0.000209576595807, 0.000170165294548, 0.000149878425873, 0.000296627171338, 0.00019373151008, 9.71257904894e-05, 9.89131294773e-05, 0.000143943558214, 0.000142853939906, 0.000111524495878, 0.000113430549391, 9.70214750851e-05, 6.5215775976e-05, 0.000126770537463, 0.00013370065426, 8.50077776704e-05, 7.29865496396e-05, 5.65635054954e-05, 7.63799835113e-05, 5.63805515412e-05, 3.53820578312e-05, 4.28126841143e-05, 5.98958577029e-05, 3.53633113264e-05, 3.88601401937e-05, 4.23475612479e-05, 4.9280388339e-05, 4.86991812068e-05, 4.86020981043e-05, 3.61982929462e-05, 2.76946884696e-05, 2.45887149504e-05, 1.61922125699e-05, 1.997421532e-05, 2.22148610192e-05, 2.11427741306e-05, 1.35732780109e-05, 1.40897282108e-05, 1.20528129628e-05, 1.23498948597e-05, 1.13389951366e-05, 1.47921973621e-05, 1.56054193212e-05, 1.50378582475e-05, 1.34883612191e-05, 1.15570082926e-05, 1.04411001303e-05, 1.17327417684e-05, 1.12783636723e-05, 9.54376628215e-06, 8.3543245637e-06, 8.3813956735e-06, 6.78543665344e-06, 6.85132999934e-06, 7.14615998731e-06, 5.69630856262e-06, 4.43143835582e-06, 4.15889007854e-06, 5.25151199327e-06, 4.10919437854e-06, 3.99796226702e-06, 4.02731620852e-06, 3.67214556718e-06, 3.24726124745e-06, 2.76562514046e-06, 2.81503594124e-06, 2.6458967568e-06, 2.20005676965e-06, 1.71631609192e-06, 1.80320637355e-06, 1.67371911175e-06, 9.59523731581e-07, 1.71445719843e-07, 3.7390557317e-09, 3.81229314783e-09, 3.89576149118e-09, 3.90501364578e-09, 3.89098619991e-09, 3.88633525361e-09, 3.77132458595e-09, 3.7090810423e-09, 3.6450904517e-09, 3.58086449381e-09, 3.51684303901e-09, 3.46002670959e-09, 3.40631212126e-09, 3.36065109074e-09, 3.31934058018e-09, 3.28811955441e-09, 3.26362337155e-09, 3.248810998e-09]
    },
    "mfcc": {
        "mean": [-593.958435059, 62.613079071, -27.7852611542, 0.623137176037, -10.0622272491, 1.19815039635, -2.4612929821, 7.48503160477, 4.19704294205, 6.69661903381, 1.8914295435, -1.86460900307, -2.24169039726],
        "cov": [[3996.92333984, 436.83694458, 2366.39111328, 1965.90368652, 1672.75524902, 879.506164551, 623.336608887, 256.616912842, 54.4947471619, 5.85834169388, 134.904129028, 106.33605957, 314.562683105], [436.83694458, 317.773162842, 253.083328247, 248.02961731, 183.748626709, 148.354141235, 153.876907349, 87.8635177612, 30.9610939026, 43.3665771484, 39.2936477661, 6.1475777626, 31.9401779175], [2366.39111328, 253.083328247, 1808.48193359, 1397.46887207, 1214.03808594, 620.69921875, 404.520477295, 137.59916687, 38.5463867188, -23.3252391815, 87.1788101196, 101.587654114, 226.633926392], [1965.90368652, 248.02961731, 1397.46887207, 1229.52954102, 1041.51818848, 513.45324707, 330.770812988, 147.88873291, 57.6992797852, 6.44587516785, 87.9259567261, 89.104850769, 208.934997559], [1672.75524902, 183.748626709, 1214.03808594, 1041.51818848, 952.943603516, 467.336578369, 283.083374023, 114.659004211, 47.1318588257, -2.73588299751, 68.1007385254, 76.7454147339, 171.656845093], [879.506164551, 148.354141235, 620.69921875, 513.45324707, 467.336578369, 355.987365723, 249.738586426, 101.044410706, 30.9874763489, 19.018037796, 57.4240226746, 48.7639923096, 87.1756744385], [623.336608887, 153.876907349, 404.520477295, 330.770812988, 283.083374023, 249.738586426, 249.315109253, 113.509819031, 33.1880989075, 37.6087875366, 48.0524253845, 29.6462001801, 58.9272613525], [256.616912842, 87.8635177612, 137.59916687, 147.88873291, 114.659004211, 101.044410706, 113.509819031, 123.909957886, 62.9526786804, 47.3696403503, 33.4866752625, 14.5473155975, 36.1169013977], [54.4947471619, 30.9610939026, 38.5463867188, 57.6992797852, 47.1318588257, 30.9874763489, 33.1880989075, 62.9526786804, 78.2956619263, 48.3781242371, 19.7421264648, 12.6007165909, 22.1039180756], [5.85834169388, 43.3665771484, -23.3252391815, 6.44587516785, -2.73588299751, 19.018037796, 37.6087875366, 47.3696403503, 48.3781242371, 79.527053833, 39.9709243774, 11.1011171341, 12.373052597], [134.904129028, 39.2936477661, 87.1788101196, 87.9259567261, 68.1007385254, 57.4240226746, 48.0524253845, 33.4866752625, 19.7421264648, 39.9709243774, 65.4550933838, 36.5890350342, 29.7609081268], [106.33605957, 6.1475777626, 101.587654114, 89.104850769, 76.7454147339, 48.7639923096, 29.6462001801, 14.5473155975, 12.6007165909, 11.1011171341, 36.5890350342, 61.231300354, 49.9154472351], [314.562683105, 31.9401779175, 226.633926392, 208.934997559, 171.656845093, 87.1756744385, 58.9272613525, 36.1169013977, 22.1039180756, 12.373052597, 29.7609081268, 49.9154472351, 92.3143692017]],
        "icov": [[0.00147134275176, 2.54982005572e-05, -0.000849459960591, -0.00125542469323, -3.36966222676e-05, 0.000196942870389, -0.000649440218695, -0.000567693263292, 0.00119868398178, -0.000370762951206, -0.000303566514049, 0.00140963296872, -0.000483920972329], [2.54982005572e-05, 0.00516055896878, 0.000591777672525, -0.00256050867029, 0.00151294469833, 8.96779383766e-05, -0.00251535722055, -0.000555131584406, 0.00056664168369, -0.00128447415773, -0.000519743654877, 0.00122923206072, 0.000934187904932], [-0.000849459960591, 0.000591777672525, 0.00627825502306, -0.0043477313593, -0.00147519970778, -2.46138024522e-05, -0.00259682349861, 0.00301323435269, -0.00137394026387, 0.00207096617669, 0.000217859531404, -0.00136976642534, 0.00108366063796], [-0.00125542469323, -0.00256050867029, -0.0043477313593, 0.0197166297585, -0.0133329974487, 0.0023087724112, 0.00166823260952, -0.00328019727021, 0.000117351271911, 0.00121799751651, -0.00386353395879, 0.00333066959865, -0.0067031159997], [-3.36966222676e-05, 0.00151294469833, -0.00147519970778, -0.0133329974487, 0.0196269247681, -0.00852208770812, 0.00427048001438, 0.00156020617578, -0.00216021225788, -0.000817729276605, 0.00321224052459, -0.00142435263842, 0.00196639425121], [0.000196942870389, 8.96779383766e-05, -2.46138024522e-05, 0.0023087724112, -0.00852208770812, 0.0209817048162, -0.015523086302, 0.00206485833041, -0.00130972475745, 0.00342665612698, -0.00410660170019, -0.00166957592592, 0.00134781224187], [-0.000649440218695, -0.00251535722055, -0.00259682349861, 0.00166823260952, 0.00427048001438, -0.015523086302, 0.0249653868377, -0.0124486228451, 0.007747547701, -0.00634754030034, 0.00365172722377, -0.00142072152812, -7.82813076512e-05], [-0.000567693263292, -0.000555131584406, 0.00301323435269, -0.00328019727021, 0.00156020617578, 0.00206485833041, -0.0124486228451, 0.0280842855573, -0.0185616333038, 0.00374238821678, -0.00494978530332, 0.00506704673171, -0.00294060749002], [0.00119868398178, 0.00056664168369, -0.00137394026387, 0.000117351271911, -0.00216021225788, -0.00130972475745, 0.007747547701, -0.0185616333038, 0.0361184105277, -0.0195202920586, 0.0102433357388, -0.00579538149759, 0.000196463894099], [-0.000370762951206, -0.00128447415773, 0.00207096617669, 0.00121799751651, -0.000817729276605, 0.00342665612698, -0.00634754030034, 0.00374238821678, -0.0195202920586, 0.0359155200422, -0.022091217339, 0.00956309400499, -0.0034496539738], [-0.000303566514049, -0.000519743654877, 0.000217859531404, -0.00386353395879, 0.00321224052459, -0.00410660170019, 0.00365172722377, -0.00494978530332, 0.0102433357388, -0.022091217339, 0.0421391688287, -0.0246477033943, 0.007184590213], [0.00140963296872, 0.00122923206072, -0.00136976642534, 0.00333066959865, -0.00142435263842, -0.00166957592592, -0.00142072152812, 0.00506704673171, -0.00579538149759, 0.00956309400499, -0.0246477033943, 0.0473996698856, -0.0238320417702], [-0.000483920972329, 0.000934187904932, 0.00108366063796, -0.0067031159997, 0.00196639425121, 0.00134781224187, -7.82813076512e-05, -0.00294060749002, 0.000196463894099, -0.0034496539738, 0.007184590213, -0.0238320417702, 0.0319255925715]]
    },
    "spectral_contrast_coeffs": {
        "max": [-0.515394926071, -0.537808001041, -0.518092393875, -0.64303290844, -0.667643666267, -0.652418255806],
        "mean": [-0.74992865324, -0.768818736076, -0.763425767422, -0.793891966343, -0.794888138771, -0.755816876888],
        "min": [-0.909976363182, -0.931352674961, -0.904856801033, -0.891011834145, -0.874396204948, -0.839130103588],
        "stdev": [0.0738759562373, 0.0604936406016, 0.0610751248896, 0.0463880635798, 0.0327138416469, 0.0248257294297]
    },
    "spectral_contrast_valleys": {
        "max": [-5.41562509537, -5.09732580185, -5.25623655319, -5.8759226799, -5.65875196457, -7.68203496933],
        "mean": [-7.6193447113, -6.64475536346, -6.74928379059, -6.75414419174, -6.65385723114, -9.1319770813],
        "min": [-13.6009101868, -8.28674125671, -8.21535778046, -7.7570104599, -8.09019565582, -11.6151561737],
        "stdev": [2.00804877281, 0.516654372215, 0.446879655123, 0.310133993626, 0.476047188044, 0.907088518143]
    }
},
"rhythm": {
    "beats_count": 71,
    "beats_loudness": {
        "max": 0.0623094514012,
        "mean": 0.026077946648,
        "min": 0.00315531296656,
        "stdev": 0.0126149579883
    },
    "bpm": 138.385528564,
    "bpm_histogram_first_peak_bpm": 140,
    "bpm_histogram_first_peak_weight": 0.431372582912,
    "bpm_histogram_second_peak_bpm": 94,
    "bpm_histogram_second_peak_spread": 0.5,
    "bpm_histogram_second_peak_weight": 0.0428571440279,
    "danceability": 1.06187796593,
    "onset_rate": 2.09277915955,
    "beats_loudness_band_ratio": {
        "max": [0.711021482944, 0.359921336174, 0.574772298336, 0.556481301785, 0.368969529867, 0.483902484179],
        "mean": [0.186902090907, 0.0790960341692, 0.201672762632, 0.219288721681, 0.160641461611, 0.182913988829],
        "min": [4.20248454702e-07, 0.00107798085082, 0.0201180819422, 0.0202463194728, 0.0446972511709, 0.0190738495439],
        "stdev": [0.148796275258, 0.078155554831, 0.166232123971, 0.162282571197, 0.0736746191978, 0.108403109014]
    },
    "beats_position": [0.394739210606, 0.801088392735, 1.20743763447, 1.6137868166, 2.04335594177, 2.47292518616, 2.90249419212, 3.34367346764, 3.7732424736, 4.20281171799, 4.6439909935, 5.08516979218, 5.51473903656, 5.94430828094, 6.38548755646, 6.82666635513, 7.25623559952, 7.6858048439, 8.12698364258, 8.56816291809, 8.99773216248, 9.42730140686, 9.86848068237, 10.2980499268, 10.7276191711, 11.1687984467, 11.6099767685, 12.0395460129, 12.4691152573, 12.9102945328, 13.3398637772, 13.7694330215, 14.2106122971, 14.6401815414, 15.0697498322, 15.5109291077, 15.9521083832, 16.3816776276, 16.8112468719, 17.2524261475, 17.693605423, 18.1231746674, 18.5527439117, 18.9939231873, 19.4234924316, 19.853061676, 20.2942390442, 20.7354183197, 21.1649875641, 21.5945568085, 22.035736084, 22.4885253906, 22.9413146973, 23.3941040039, 23.8236732483, 24.2416324615, 24.6595916748, 25.0891609192, 25.6232185364, 26.1456680298, 26.6681175232, 27.2021770477, 27.7362346649, 28.3399543762, 28.9552822113, 29.5590019226, 30.1975498199, 30.8477096558, 31.4862575531, 32.1364173889, 32.7749671936],
