{
"metadata": {
    "version": {
        "essentia": "2.1-beta5",
        "essentia_git_sha": "Undefined",
        "extractor": "music 2.0"
    },
    "audio_properties": {
        "analysis": {
            "equal_loudness": 0,
            "length": 12.7477550507,
            "sample_rate": 44100,
            "start_time": 0,
            "downmix": "mix"
        },
        "bit_rate": 192000,
        "length": 192.365722656,
        "lossless": 0,
        "number_channels": 2,
        "replay_gain": -7.25142097473,
        "sample_rate": 48000,
        "codec": "mp3",
        "md5_encoded": "f2fbcc59883ca1a9eaf32ab6b784bfd3"
    },
    "tags": {
        "file_name": "Serbia_Oro_Jelena Tomašević feat. Bora Dugic.mp3",
        "encoding": ["Lavf58.29.100"]
    }
},
"lowlevel": {
    "average_loudness": 0.736013710499,
    "barkbands_crest": {
        "max": 20.3433036804,
        "mean": 9.16584777832,
        "min": 3.78815174103,
        "stdev": 2.61786770821
    },
    "barkbands_flatness_db": {
        "max": 0.311656504869,
        "mean": 0.225207075477,
        "min": 0.0873735398054,
        "stdev": 0.054482255131
    },
    "barkbands_kurtosis": {
        "max": 12.1012210846,
        "mean": 2.70934772491,
        "min": -1.39506947994,
        "stdev": 2.19778513908
    },
    "barkbands_skewness": {
        "max": 2.8927295208,
        "mean": 1.4712587595,
        "min": -0.538714170456,
        "stdev": 0.60140055418
    },
    "barkbands_spread": {
        "max": 29.8087253571,
        "mean": 8.5703868866,
        "min": 2.61394453049,
        "stdev": 5.78541564941
    },
    "dissonance": {
        "max": 0.500000059605,
        "mean": 0.48608186841,
        "min": 0.416323065758,
        "stdev": 0.0149018866941
    },
    "dynamic_complexity": 4.52149915695,
    "erbbands_crest": {
        "max": 20.0805912018,
        "mean": 9.67580509186,
        "min": 3.73244190216,
        "stdev": 2.85865449905
    },
    "erbbands_flatness_db": {
        "max": 0.396402984858,
        "mean": 0.309785544872,
        "min": 0.158059760928,
        "stdev": 0.059113625437
    },
    "erbbands_kurtosis": {
        "max": 9.3160238266,
        "mean": 1.42723178864,
        "min": -1.45943593979,
        "stdev": 1.59889853001
    },
    "erbbands_skewness": {
        "max": 2.68047046661,
        "mean": 1.11049818993,
        "min": -0.852259635925,
        "stdev": 0.625541090965
    },
    "erbbands_spread": {
        "max": 51.4488449097,
        "mean": 13.9992580414,
        "min": 5.2287812233,
        "stdev": 7.10652494431
    },
    "hfc": {
        "max": 84.2657394409,
        "mean": 21.7094287872,
        "min": 0.000110878267151,
        "stdev": 19.0299701691
    },
    "loudness_ebu128": {
        "integrated": -13.9865703583,
        "loudness_range": 11.4179229736,
        "momentary": {
            "max": -10.0528335571,
            "mean": -16.7547874451,
            "min": -30.4748001099,
            "stdev": 5.29938745499
        },
        "short_term": {
            "max": -10.762922287,
            "mean": -15.3534355164,
            "min": -23.5928592682,
            "stdev": 4.25396871567
        }
    },
    "melbands_crest": {
        "max": 26.6405677795,
        "mean": 11.68775177,
        "min": 3.70959663391,
        "stdev": 3.4197947979
    },
    "melbands_flatness_db": {
        "max": 0.301569551229,
        "mean": 0.219305559993,
        "min": 0.104351781309,
        "stdev": 0.0432902574539
    },
    "melbands_kurtosis": {
        "max": 19.5246486664,
        "mean": 5.94406604767,
        "min": -0.62691783905,
        "stdev": 3.52446484566
    },
    "melbands_skewness": {
        "max": 4.0030412674,
        "mean": 1.91609573364,
        "min": 0.00940971262753,
        "stdev": 0.624726951122
    },
    "melbands_spread": {
        "max": 48.4661636353,
        "mean": 13.1415700912,
        "min": 3.62627267838,
        "stdev": 9.76632213593
    },
    "pitch_salience": {
        "max": 0.874205946922,
        "mean": 0.722005784512,
        "min": 0.348605006933,
        "stdev": 0.0748437121511
    },
    "silence_rate_20dB": {
        "max": 1,
        "mean": 1,
        "min": 1,
        "stdev": 0
    },
    "silence_rate_30dB": {
        "max": 1,
        "mean": 1,
        "min": 1,
        "stdev": 0
    },
    "silence_rate_60dB": {
        "max": 1,
        "mean": 0.189090907574,
        "min": 0,
        "stdev": 0.391580492258
    },
    "spectral_centroid": {
        "max": 2690.78735352,
        "mean": 1442.35217285,
        "min": 640.239440918,
        "stdev": 261.358612061
    },
    "spectral_complexity": {
        "max": 37,
        "mean": 19.7199993134,
        "min": 0,
        "stdev": 8.43379211426
    },
    "spectral_decrease": {
        "max": -2.55915792301e-14,
        "mean": -4.86019713364e-09,
        "min": -2.02285566075e-08,
        "stdev": 4.39216174541e-09
    },
    "spectral_energy": {
        "max": 0.0835460424423,
        "mean": 0.0203126315027,
        "min": 1.06645622111e-07,
        "stdev": 0.0182952173054
    },
    "spectral_energyband_high": {
        "max": 0.000525517214555,
        "mean": 0.000103229584056,
        "min": 6.12968120706e-10,
        "stdev": 7.82890929258e-05
    },
    "spectral_energyband_low": {
        "max": 0.00089343264699,
        "mean": 2.91232863674e-05,
        "min": 1.44717987594e-10,
        "stdev": 9.58194577834e-05
    },
    "spectral_energyband_middle_high": {
        "max": 0.0647407472134,
        "mean": 0.0139820426702,
        "min": 5.52107728424e-08,
        "stdev": 0.0133521500975
    },
    "spectral_energyband_middle_low": {
        "max": 0.0384568199515,
        "mean": 0.00701846787706,
        "min": 5.36750555113e-08,
        "stdev": 0.00679676514119
    },
    "spectral_entropy": {
        "max": 7.94005584717,
        "mean": 7.44285821915,
        "min": 7.07559347153,
        "stdev": 0.14731220901
    },
    "spectral_flux": {
        "max": 0.194213375449,
        "mean": 0.0775615647435,
        "min": 0.000326566427248,
        "stdev": 0.0427534766495
    },
    "spectral_kurtosis": {
        "max": 17.9706764221,
        "mean": 8.17231273651,
        "min": 3.70373249054,
        "stdev": 2.80415487289
    },
    "spectral_rms": {
        "max": 0.00902819633484,
        "mean": 0.00394087145105,
        "min": 1.0200221368e-05,
        "stdev": 0.00207044556737
    },
    "spectral_rolloff": {
        "max": 3316.11328125,
        "mean": 1575.44750977,
        "min": 344.53125,
        "stdev": 457.491943359
    },
    "spectral_skewness": {
        "max": 3.42303133011,
        "mean": 1.91793811321,
        "min": 1.2170664072,
        "stdev": 0.290521472692
    },
    "spectral_spread": {
        "max": 6753373.5,
        "mean": 2474659.25,
        "min": 1967524.75,
        "stdev": 362964.5
    },
    "spectral_strongpeak": {
        "max": 5.55912780762,
        "mean": 1.25883841515,
        "min": 0.00120146630798,
        "stdev": 1.01302850246
    },
    "zerocrossingrate": {
        "max": 0.09423828125,
        "mean": 0.0581028051674,
        "min": 0.02880859375,
        "stdev": 0.00858266837895
    },
    "barkbands": {
        "max": [1.29469335661e-05, 0.000110384266009, 0.000780086847953, 8.59836000018e-05, 0.00665770610794, 0.000492038729135, 0.00265878951177, 0.00256791780703, 0.0305714961141, 0.0369902998209, 0.027671713382, 0.0124307051301, 0.00528809335083, 0.00593844614923, 0.00369054568, 0.00189125002362, 0.00307056494057, 0.00207267259248, 0.000826687377412, 0.000251237797784, 0.000289133604383, 0.000149616389535, 4.86066746817e-05, 4.40208314103e-05, 3.07903465e-05, 9.75702278083e-06, 1.19516835184e-06],
        "mean": [9.22289160599e-08, 4.30430100096e-06, 2.38811389863e-05, 2.32396746469e-06, 0.000153289394802, 2.70759483101e-05, 0.000139611496706, 0.000304207671434, 0.00467951223254, 0.00521694915369, 0.00426365528256, 0.00193943048362, 0.000880774226971, 0.000778710294981, 0.000541431480087, 0.000372624897864, 0.000321640196489, 0.000343918654835, 0.000176823043148, 6.8310808274e-05, 3.58134820999e-05, 2.08683959499e-05, 9.95227946987e-06, 4.59443845102e-06, 1.99398868972e-06, 8.16679516902e-07, 3.65017598369e-08],
        "min": [2.29797474452e-12, 2.42813755214e-11, 5.81068353156e-11, 1.33138944314e-10, 9.10628628059e-10, 3.81649906123e-10, 2.67682043198e-10, 6.86875112343e-10, 4.51722428352e-08, 2.67549928878e-08, 6.9876282538e-09, 2.05044359269e-09, 6.54002141331e-09, 3.97726207524e-09, 7.54187556851e-09, 4.46955333855e-10, 7.12704673056e-10, 1.37289501989e-09, 1.39575706548e-09, 7.17272519157e-10, 1.45899597959e-10, 1.35510963561e-10, 1.1035201225e-10, 2.66476250788e-11, 3.3121456966e-11, 3.26643469217e-11, 2.65066840005e-11],
        "stdev": [6.46466048693e-07, 1.29674044729e-05, 8.18888365757e-05, 6.41218048258e-06, 0.000697581970599, 3.96055584133e-05, 0.00033238940523, 0.000353597191861, 0.00521873217076, 0.00579909281805, 0.00506067601964, 0.00243945908733, 0.000896872195881, 0.000873076845892, 0.000559759966563, 0.000360516394721, 0.00030816544313, 0.000289790245006, 0.000138640374644, 5.87797840126e-05, 3.36629564117e-05, 1.60043036885e-05, 7.7904542195e-06, 4.41518704974e-06, 2.21631194108e-06, 9.95487425826e-07, 9.15991904549e-08]
    },
    "erbbands": {
        "max": [0.000994467642158, 0.0511539876461, 0.785535693169, 0.436842828989, 12.2239923477, 27.3176765442, 3.75303530693, 3.94646954536, 41.2313232422, 20.8334732056, 94.9374008179, 760.56072998, 1035.02587891, 1850.78173828, 995.890869141, 508.128295898, 222.50718689, 308.389404297, 186.752822876, 242.816818237, 90.189743042, 196.855255127, 123.509559631, 52.2624816895, 24.6749343872, 12.0825605392, 8.68860816956, 14.435997963, 6.6064209938, 1.825740695, 1.39668989182, 0.662905037403, 0.852016925812, 0.46120467782, 0.171372160316, 0.0674445256591, 0.0127043453977, 0.00283863721415, 0.000138492832775, 0.000100563564047],
        "mean": [3.2474337786e-05, 0.00183488626499, 0.0247417204082, 0.0195765625685, 0.284922331572, 0.625656306744, 0.133062466979, 0.308084487915, 1.89661443233, 2.29715275764, 14.8868284225, 95.4848480225, 169.115966797, 181.379226685, 142.354248047, 73.0338287354, 43.3244132996, 40.9406394958, 32.7341041565, 28.2699432373, 17.4456348419, 18.5146884918, 20.1750392914, 13.246506691, 5.99067878723, 3.30004715919, 1.64134430885, 1.31009292603, 0.819435894489, 0.465517252684, 0.26233664155, 0.125488176942, 0.0629210472107, 0.0276043340564, 0.0120280506089, 0.00456688739359, 0.00132862234022, 0.00018796104996, 1.6479722035e-05, 2.47844436672e-05],
        "min": [5.57911827848e-10, 6.62463595091e-09, 5.10146591637e-08, 2.88728870146e-07, 9.46810246205e-07, 3.38914605891e-06, 6.46769603918e-06, 1.33190019369e-06, 1.60427157425e-06, 7.64414289733e-06, 9.8168005934e-05, 0.000913991243578, 0.00109656958375, 0.000672216236126, 0.000152515058289, 0.000119855430967, 0.00031454814598, 0.000230078192544, 0.000370900583221, 0.000146206555655, 2.80250551441e-05, 4.31293301517e-05, 6.85244813212e-05, 9.38008161029e-05, 6.10866263742e-05, 1.98249308596e-05, 7.90338344814e-06, 4.70084887638e-06, 5.79677362111e-06, 4.986213753e-06, 1.81815016731e-06, 6.82043605593e-07, 4.09240811905e-07, 3.50702407559e-07, 2.69962811217e-07, 1.05499303515e-07, 6.48974776141e-08, 2.3051942577e-08, 4.70553862542e-09, 4.17203466219e-10],
        "stdev": [9.88945466815e-05, 0.00575733231381, 0.0833653360605, 0.0563802868128, 1.27427041531, 2.89731836319, 0.315856039524, 0.408960551023, 5.13246393204, 2.2060379982, 15.0491905212, 103.249473572, 186.028335571, 216.429321289, 164.026657104, 88.9610519409, 43.2739715576, 41.9756774902, 33.7191772461, 28.2628917694, 16.4882926941, 17.9971675873, 17.0875091553, 9.45471763611, 4.72126054764, 2.71933054924, 1.43577742577, 1.28922116756, 0.651039779186, 0.331964254379, 0.212988600135, 0.106414310634, 0.0687929168344, 0.0308720450848, 0.0146007891744, 0.00571705680341, 0.00163729814813, 0.000275849801255, 1.56929618242e-05, 2.20957390411e-05]
    },
    "gfcc": {
        "mean": [-98.5169372559, 37.6720046997, -242.115249634, -42.3970298767, -83.2998123169, 2.39828133583, -21.7161865234, 12.9237308502, -22.1948318481, -13.478260994, -20.0919456482, -3.50120735168, -9.8335723877],
        "cov": [[3334.17089844, -341.109893799, -428.663391113, -332.574005127, -248.165985107, -62.8554954529, -76.5328140259, -10.3208303452, 72.0008087158, 59.419631958, 74.1830749512, 54.2457733154, 155.105758667], [-341.109893799, 1024.5447998, 1066.10290527, 940.157714844, 378.880493164, 55.3372039795, -205.06703186, -94.6883163452, -140.015686035, -53.5172042847, -61.5093917847, -53.5598487854, -78.5634078979], [-428.663391113, 1066.10290527, 1306.22094727, 1070.28100586, 422.755340576, 74.3835754395, -283.413787842, -84.9385223389, -186.320663452, -32.1524810791, -78.4386978149, -33.6817970276, -104.17527771], [-332.574005127, 940.157714844, 1070.28100586, 956.775268555, 374.764404297, 69.3048706055, -225.268234253, -77.4738388062, -148.357452393, -42.6557884216, -61.0925750732, -40.6233558655, -89.7096710205], [-248.165985107, 378.880493164, 422.755340576, 374.764404297, 190.895782471, 51.5754089355, -59.5701828003, -29.5161552429, -63.0836410522, -22.0712757111, -40.6486473083, -26.5554771423, -40.9410095215], [-62.8554954529, 55.3372039795, 74.3835754395, 69.3048706055, 51.5754089355, 54.6587944031, 17.0902366638, 7.53142690659, -5.12187433243, -2.03690195084, -14.754737854, -11.772936821, -5.00414514542], [-76.5328140259, -205.06703186, -283.413787842, -225.268234253, -59.5701828003, 17.0902366638, 134.968032837, 37.5751686096, 52.4816093445, -2.15068411827, 1.26007151604, -9.58490848541, 14.5804758072], [-10.3208303452, -94.6883163452, -84.9385223389, -77.4738388062, -29.5161552429, 7.53142690659, 37.5751686096, 51.4635467529, 37.389415741, 13.5121183395, 8.20463657379, 8.80840110779, -2.73670649529], [72.0008087158, -140.015686035, -186.320663452, -148.357452393, -63.0836410522, -5.12187433243, 52.4816093445, 37.389415741, 72.9452590942, 25.355091095, 19.2250804901, 10.2908115387, 14.791144371], [59.419631958, -53.5172042847, -32.1524810791, -42.6557884216, -22.0712757111, -2.03690195084, -2.15068411827, 13.5121183395, 25.355091095, 48.7573051453, 23.5331096649, 16.3365001678, 5.83395862579], [74.1830749512, -61.5093917847, -78.4386978149, -61.0925750732, -40.6486473083, -14.754737854, 1.26007151604, 8.20463657379, 19.2250804901, 23.5331096649, 49.8722801208, 26.1418571472, 8.63947963715], [54.2457733154, -53.5598487854, -33.6817970276, -40.6233558655, -26.5554771423, -11.772936821, -9.58490848541, 8.80840110779, 10.2908115387, 16.3365001678, 26.1418571472, 38.5481147766, 9.67665958405], [155.105758667, -78.5634078979, -104.17527771, -89.7096710205, -40.9410095215, -5.00414514542, 14.5804758072, -2.73670649529, 14.791144371, 5.83395862579, 8.63947963715, 9.67665958405, 49.8924293518]],
        "icov": [[0.000425530015491, -0.000488058663905, 0.000709419953637, -0.00027994485572, 0.000910244823899, -0.000749737781007, 0.00108308182098, -0.000397696363507, 0.00030008610338, -0.000513467064593, 0.000446818943601, -0.00014384064707, -0.000858498679008], [-0.000488058663905, 0.025894286111, -0.0159523095936, -0.00914235599339, -0.0120334634557, 0.015745876357, -0.0116500435397, 0.0173382032663, -0.0203368421644, 0.0150781366974, -0.0174593832344, 0.0154129462317, -0.00709467660636], [0.000709419953637, -0.0159523095936, 0.0254085436463, -0.00887760985643, 0.00591133069247, -0.0097190393135, 0.0127116618678, -0.0163295920938, 0.0215286184102, -0.0184556189924, 0.0202150531113, -0.0150152863935, 0.00421842094511], [-0.00027994485572, -0.00914235599339, -0.00887760985643, 0.0260311327875, -0.0102770477533, -0.00563032645732, 0.00887299422175, -0.00275464984588, -0.00299957906827, 0.00702520133927, -0.00722206057981, 0.00319575797766, 0.00369991059415], [0.000910244823899, -0.0120334634557, 0.00591133069247, -0.0102770477533, 0.0490237809718, -0.0219820570201, -0.00572259305045, -0.000134534042445, 0.0144884046167, -0.0121019650251, 0.0189626980573, -0.0115699106827, 0.00785437971354], [-0.000749737781007, 0.015745876357, -0.0097190393135, -0.00563032645732, -0.0219820570201, 0.0465877354145, -0.01695728302, 0.00058506266214, -0.00754292076454, 0.00317769567482, -0.00875626225024, 0.0125385699794, -0.0107206935063], [0.00108308182098, -0.0116500435397, 0.0127116618678, 0.00887299422175, -0.00572259305045, -0.01695728302, 0.0350361019373, -0.0156122231856, 0.00168409198523, 0.000710585678462, 0.00486045284197, 0.0014597059926, 0.00158517644741], [-0.000397696363507, 0.0173382032663, -0.0163295920938, -0.00275464984588, -0.000134534042445, 0.00058506266214, -0.0156122231856, 0.0545691512525, -0.0334643274546, 0.0116016883403, -0.00927269458771, -0.000293535762466, 0.00721976673231], [0.00030008610338, -0.0203368421644, 0.0215286184102, -0.00299957906827, 0.0144884046167, -0.00754292076454, 0.00168409198523, -0.0334643274546, 0.0587205030024, -0.0306461453438, 0.0177994705737, -0.0122661478817, 0.000878511287738], [-0.000513467064593, 0.0150781366974, -0.0184556189924, 0.00702520133927, -0.0121019650251, 0.00317769567482, 0.000710585678462, 0.0116016883403, -0.0306461453438, 0.0497182942927, -0.0283664539456, 0.0103540495038, -0.00357205700129], [0.000446818943601, -0.0174593832344, 0.0202150531113, -0.00722206057981, 0.0189626980573, -0.00875626225024, 0.00486045284197, -0.00927269458771, 0.0177994705737, -0.0283664539456, 0.0590203441679, -0.035849288106, 0.00786788202822], [-0.00014384064707, 0.0154129462317, -0.0150152863935, 0.00319575797766, -0.0115699106827, 0.0125385699794, 0.0014597059926, -0.000293535762466, -0.0122661478817, 0.0103540495038, -0.035849288106, 0.0604732148349, -0.0126629825681], [-0.000858498679008, -0.00709467660636, 0.00421842094511, 0.00369991059415, 0.00785437971354, -0.0107206935063, 0.00158517644741, 0.00721976673231, 0.000878511287738, -0.00357205700129, 0.00786788202822, -0.0126629825681, 0.033554572612]]
    },
    "melbands": {
        "max": [1.52351085489e-05, 0.00026819028426, 0.000267565774266, 0.00183006038424, 0.000224654955673, 8.80079678609e-05, 0.000622511084657, 0.000218248344027, 0.00101592706051, 0.00531325023621, 0.00525558739901, 0.00732840783894, 0.00353635195643, 0.00176811369602, 0.000941741280258, 0.000474880711408, 0.000638261204585, 0.000331733957864, 0.000322345673339, 0.000213249208173, 0.000107747488073, 0.000260819477262, 8.71928205015e-05, 0.000125987207866, 4.3536623707e-05, 2.7259804483e-05, 1.485075245e-05, 8.03343391453e-06, 7.49244691178e-06, 9.53083599597e-06, 6.17888190391e-06, 4.89413969262e-06, 1.28502222196e-06, 8.93739809271e-07, 9.43601605741e-07, 5.3744406614e-07, 4.91623438847e-07, 5.55070187147e-07, 7.43283294469e-07, 2.89879125148e-07],
        "mean": [6.40375617422e-07, 8.54332392919e-06, 8.51120785228e-06, 4.16817929363e-05, 6.7470527938e-06, 6.46381795377e-06, 2.93001867249e-05, 2.76303981082e-05, 0.000151587606524, 0.0006917596329, 0.000849018164445, 0.00072701391764, 0.000535584113095, 0.000252456200542, 0.000121738681628, 8.92480020411e-05, 7.41296898923e-05, 5.52494893782e-05, 4.05876926379e-05, 3.21487059409e-05, 1.77521324076e-05, 1.89430884348e-05, 1.84136733878e-05, 1.70117291418e-05, 1.03117727122e-05, 5.39434904567e-06, 2.96628854812e-06, 1.95863958652e-06, 1.01222588e-06, 9.24748803754e-07, 6.81916276335e-07, 4.85059388211e-07, 3.40020989142e-07, 2.24105178859e-07, 1.61002191135e-07, 1.01655956541e-07, 6.67567690016e-08, 4.67076191057e-08, 3.08362650969e-08, 2.07457748758e-08],
        "min": [5.91870996658e-12, 2.28228477783e-11, 6.5223625112e-11, 1.47184028854e-10, 2.20846910204e-10, 3.74466672948e-11, 3.41369467416e-11, 6.55841353447e-11, 1.13786768896e-09, 6.64713528664e-09, 5.60918556047e-09, 2.93529112128e-09, 6.44908459968e-10, 2.3254956294e-10, 6.30187901862e-10, 5.20497311918e-10, 4.21825907537e-10, 4.98474095334e-10, 5.44505107669e-10, 3.264810991e-11, 2.88176062874e-11, 3.70706798591e-11, 4.80888211196e-11, 8.40632632948e-11, 7.77534078789e-11, 3.87057122464e-11, 4.80078719833e-11, 5.26041840296e-12, 4.89803857195e-12, 3.7158284262e-12, 2.34271608189e-12, 3.42061535347e-12, 2.44340485345e-12, 3.18998711994e-12, 1.01799981205e-12, 4.56923182016e-13, 4.32521965292e-13, 3.06055799194e-13, 2.26992253119e-13, 3.12188724308e-13],
        "stdev": [1.88125875411e-06, 2.85896894638e-05, 3.07029295072e-05, 0.000191471350263, 2.20956026169e-05, 8.44327951199e-06, 7.76701417635e-05, 2.62748962996e-05, 0.000157497081091, 0.00076445878949, 0.000937837001402, 0.000876219361089, 0.00061340018874, 0.000311437237542, 0.000145939251524, 9.22335530049e-05, 7.97849352239e-05, 6.14370364929e-05, 4.29706269642e-05, 3.14329008688e-05, 1.76771300175e-05, 2.06667609746e-05, 1.56147725647e-05, 1.54503177328e-05, 7.89857767813e-06, 4.85521195515e-06, 2.73897376246e-06, 1.67572477494e-06, 9.66306288319e-07, 1.00214401755e-06, 6.48645880119e-07, 4.15728948155e-07, 2.61695078052e-07, 1.66624857911e-07, 1.35870521945e-07, 8.74156427244e-08, 6.04769354595e-08, 4.95603806883e-08, 4.24241832775e-08, 2.2497484764e-08]
    },
    "melbands128": {
        "max": [7.54764232624e-06, 8.97070913197e-06, 9.35143725656e-06, 7.86310702097e-05, 0.000401906087063, 0.000332786963554, 7.18275550753e-05, 5.76210622967e-05, 0.000846772745717, 0.00331972702406, 0.0014185840264, 0.000119447271572, 7.34844361432e-05, 0.000207730699913, 0.000118710566312, 4.21948134317e-05, 0.000324123946484, 0.00118624628522, 0.000383487669751, 0.000335254939273, 0.000213791325223, 0.000760059221648, 0.00102551968303, 0.00209232512861, 0.00457157986239, 0.00905295461416, 0.00929053872824, 0.006749402266, 0.00427206838503, 0.0086204148829, 0.0124373529106, 0.00604280736297, 0.00442118290812, 0.00597421778366, 0.00316424970515, 0.00176867330447, 0.00296563981101, 0.000921005907003, 0.000756482244469, 0.000890034425538, 0.000811265723314, 0.000746733217966, 0.00104873033706, 0.000753008120228, 0.000669408647809, 0.000514501763973, 0.000364213628927, 0.000279920903267, 0.000744993099943, 0.000292757235002, 0.000227737720707, 0.00025173384347, 0.000203271134524, 0.000126000828459, 0.000139438125188, 0.00055769685423, 0.000271359022008, 0.000160176074132, 0.000133482317324, 0.0001694712264, 0.000206756172702, 0.000130436295876, 7.06413629814e-05, 5.21401270817e-05, 0.000112153698865, 4.88687182951e-05, 3.13497403113e-05, 2.87512684736e-05, 2.2929345505e-05, 1.65338169609e-05, 1.48538474605e-05, 1.72592463059e-05, 9.01693965716e-06, 6.62318370814e-06, 6.76878244121e-06, 8.75835939951e-06, 2.00580507226e-05, 1.50072310134e-05, 5.67832785237e-06, 4.29052624895e-06, 7.07265007804e-06, 4.61107447336e-06, 1.99137821255e-06, 2.14049896385e-06, 1.29975342134e-06, 1.77637798515e-06, 1.03137938368e-06, 1.02386877643e-06, 1.18661387205e-06, 9.41857365433e-07, 6.3619586399e-07, 5.50161757928e-07, 5.42618806776e-07, 5.89472733736e-07, 7.02104557604e-07, 4.6599851089e-07, 5.36298955467e-07, 7.84234771345e-07, 1.11510701117e-06, 4.85049952204e-07, 2.72159610404e-07, 2.34910856989e-07, 3.8667252511e-07, 1.95916570078e-07, 2.12267082134e-07, 2.79028682826e-07, 1.32483464199e-07, 1.68348933016e-07, 1.34092715598e-07, 9.92563684576e-08, 7.07979168624e-08, 7.07157781221e-08, 5.3517389631e-08, 3.56936098456e-08, 3.56193510243e-08, 2.78417715549e-08, 3.02307725519e-08, 3.12376684519e-08, 9.38441324649e-09, 4.51049225747e-10, 5.41657274589e-10, 1.09350550836e-09, 4.6527998121e-10, 1.27671526129e-10, 1.24441609795e-10, 1.24398713552e-10, 1.23687407538e-10, 1.22814577952e-10],
        "mean": [5.24110532751e-08, 9.46419618231e-08, 1.74707651013e-07, 2.94325332106e-06, 1.28588790176e-05, 9.99650910671e-06, 2.55320628639e-06, 1.32184936774e-06, 2.03786112252e-05, 7.44360659155e-05, 3.25356522808e-05, 2.36342248172e-06, 1.99560281544e-06, 7.0248324846e-06, 6.44521469439e-06, 4.44143142886e-06, 1.59202700161e-05, 4.92516228405e-05, 2.41614379775e-05, 1.59746414283e-05, 2.76053124253e-05, 6.24754829914e-05, 0.000126568062115, 0.000265390437562, 0.000532276346348, 0.000892081065103, 0.00104738899972, 0.000837766798213, 0.000687706284225, 0.000714191643056, 0.000759276910685, 0.000730531406589, 0.000512265251018, 0.00044360596803, 0.000286358554149, 0.000190985156223, 0.000199513568077, 0.000111152767204, 8.27933617984e-05, 9.38103621593e-05, 9.03582986211e-05, 8.55713733472e-05, 7.3398987297e-05, 6.84458282194e-05, 6.91259992891e-05, 5.28225500602e-05, 3.97508665628e-05, 3.96141622332e-05, 4.17222145188e-05, 4.02623336413e-05, 3.18238453474e-05, 2.37775893766e-05, 1.69880604517e-05, 1.48532153617e-05, 1.89283182408e-05, 1.92405805137e-05, 1.94584463316e-05, 1.86830093298e-05, 1.6397332729e-05, 2.11735496123e-05, 1.89168786164e-05, 1.29229774757e-05, 1.08370777525e-05, 1.02768481156e-05, 7.94500192569e-06, 5.42786301594e-06, 3.84968006983e-06, 2.93700986731e-06, 3.00534134112e-06, 2.60295223597e-06, 2.10306711779e-06, 1.61144555477e-06, 1.13465955565e-06, 9.06223874608e-07, 8.32734031064e-07, 9.70204268924e-07, 9.42148858485e-07, 8.23576101538e-07, 6.5906982627e-07, 5.41846304714e-07, 4.95089977903e-07, 4.87859836085e-07, 3.90540549233e-07, 3.41350812505e-07, 2.76082801065e-07, 2.48661308433e-07, 2.04894845979e-07, 1.76488740067e-07, 1.67103394233e-07, 1.46124676803e-07, 1.13050717232e-07, 8.96488288049e-08, 7.86957201626e-08, 6.73904025916e-08, 6.05275261023e-08, 5.0597407153e-08, 4.33222204776e-08, 4.16421102045e-08, 3.17890176404e-08, 2.52129606082e-08, 2.26486758237e-08, 2.07062722524e-08, 1.77632681897e-08, 1.46160763492e-08, 1.37302720304e-08, 1.16893330571e-08, 1.00130002068e-08, 9.46069622643e-09, 7.64763896655e-09, 6.23842266734e-09, 5.24437115956e-09, 5.07220487833e-09, 4.03682021144e-09, 3.28686100559e-09, 2.50059106754e-09, 1.88472060181e-09, 1.12241338446e-09, 3.75829478649e-10, 9.23920176477e-11, 7.69786578231e-12, 6.73035845805e-12, 1.10616611357e-11, 4.30026370415e-12, 2.94319820252e-12, 2.85145041259e-12, 2.74609436753e-12, 2.68083905769e-12, 2.66001348552e-12],
        "min": [1.69677900203e-12, 3.85307627818e-12, 7.06419037849e-12, 1.09933607356e-11, 1.75190938145e-11, 3.28593471877e-11, 5.47512174487e-11, 7.00012409149e-11, 8.57208817817e-11, 1.28714178205e-10, 1.92687379941e-10, 9.41364000639e-11, 2.73195494005e-10, 1.21916546303e-10, 1.12035727917e-11, 6.09071473812e-12, 4.15224452044e-12, 2.30875579071e-11, 9.53744375143e-11, 6.7678161686e-11, 4.71504779664e-11, 7.46091660675e-11, 7.30627891521e-10, 2.8450475309e-09, 4.48188641755e-09, 1.02479758013e-08, 7.73494512885e-09, 3.68395003392e-09, 5.92978466329e-09, 2.62646904226e-09, 2.99101587942e-09, 1.06421349511e-09, 4.03147737416e-10, 3.33193195257e-10, 1.91001908734e-10, 2.58625537652e-10, 1.69622121904e-10, 4.56574389407e-10, 1.16606713174e-09, 7.94378729463e-10, 2.37834557604e-10, 3.0586816413e-10, 6.15272388593e-10, 3.22098403505e-10, 2.47311116031e-10, 2.04718908492e-10, 1.29848687358e-09, 8.34585678344e-10, 8.06018862765e-11, 3.72049439867e-11, 2.31934298156e-11, 2.99519783975e-11, 3.30062088771e-11, 2.21421977975e-11, 2.6934201397e-11, 1.10133863834e-11, 8.99705865365e-11, 4.43139622219e-11, 4.41900856185e-11, 3.43685462034e-11, 1.03369320048e-10, 1.09210557264e-10, 5.22448508067e-11, 1.0523003996e-10, 5.59388368959e-11, 2.41510769716e-11, 2.30643212862e-11, 7.98670782287e-11, 5.30830691903e-11, 2.06107613615e-12, 6.59618974025e-12, 4.96560691871e-12, 5.68464416165e-12, 4.303282123e-12, 4.80568232777e-12, 5.05425692618e-12, 1.90061443146e-12, 3.28049024577e-12, 1.36593785328e-12, 2.63733349395e-12, 3.82552583361e-12, 3.54280515515e-12, 3.60431714856e-12, 2.27465941048e-12, 9.19095528851e-13, 4.37380600488e-12, 3.64898085706e-12, 1.45996517827e-12, 6.51661992597e-13, 1.11270237815e-12, 4.62313022066e-13, 3.21365628336e-13, 2.36928478139e-13, 4.49277496716e-13, 6.20333699772e-13, 3.00446272678e-13, 2.57400844346e-13, 2.45206415936e-13, 1.75400099718e-13, 2.50852181909e-13, 3.18707381449e-13, 3.96751669062e-13, 1.56737022992e-13, 3.55621294131e-13, 4.07155483374e-13, 2.78944158353e-13, 1.66663842558e-13, 2.68644400345e-13, 1.54444572366e-13, 9.71628715527e-14, 1.62788280577e-13, 3.05258639546e-13, 1.61162302579e-13, 2.33432766389e-13, 1.73446624901e-13, 2.20455991244e-13, 2.42985969887e-13, 1.07142247819e-13, 5.85653690799e-14, 8.42293628508e-14, 9.46477122479e-14, 1.01158109124e-13, 8.16613825714e-14, 8.49521733341e-14, 6.74058790555e-14, 2.866978844e-14, 3.36755926455e-15, 6.07990654244e-17],
        "stdev": [3.78517086119e-07, 5.22552738857e-07, 7.23160383131e-07, 9.05929937289e-06, 4.302868183e-05, 3.46720516973e-05, 7.86974214861e-06, 4.01056240662e-06, 8.94087716006e-05, 0.000345219450537, 0.000154136010678, 8.73350199981e-06, 4.45207206212e-06, 1.59747796715e-05, 1.02349340523e-05, 5.62522609471e-06, 3.94813869207e-05, 0.000149316125317, 5.05713833263e-05, 2.50823886745e-05, 3.24093853123e-05, 8.64735775394e-05, 0.000164105964359, 0.000325028406223, 0.000676759635098, 0.00118726724759, 0.00145109510049, 0.00109547877219, 0.000841239409056, 0.00102924089879, 0.00110379559919, 0.0010249405168, 0.000644833315164, 0.000684264290612, 0.000451754021924, 0.000277777609881, 0.000377204647521, 0.000154452951392, 0.00010099978681, 0.000119174415886, 0.000115221228043, 0.000105732848169, 0.000100524455775, 9.30110982154e-05, 0.000103797610791, 7.02254692442e-05, 4.8826677812e-05, 4.80626622448e-05, 6.33620220469e-05, 4.59081456938e-05, 3.5493667383e-05, 3.35852782882e-05, 2.29232209676e-05, 1.72119725903e-05, 2.51004075835e-05, 3.2796877349e-05, 2.70950295089e-05, 2.1769255909e-05, 1.71253559529e-05, 2.44528346229e-05, 2.1948297217e-05, 1.42597873491e-05, 1.05254994196e-05, 1.0128294889e-05, 1.07358200694e-05, 6.66300229568e-06, 4.12700137531e-06, 3.34563151227e-06, 3.45637135979e-06, 2.7385510748e-06, 2.1179569103e-06, 1.74865374447e-06, 1.28451608816e-06, 9.98586870082e-07, 8.69351481469e-07, 1.2517699588e-06, 1.36132871376e-06, 1.27360567603e-06, 6.68949496685e-07, 5.08882578742e-07, 5.35398214652e-07, 4.62444148752e-07, 3.61628110568e-07, 3.12374936584e-07, 2.27649053386e-07, 2.31895697311e-07, 1.73952187765e-07, 1.5618759619e-07, 1.63550325283e-07, 1.4254030134e-07, 1.0790431304e-07, 8.41837959342e-08, 7.83344233923e-08, 6.72203412933e-08, 6.35545092109e-08, 4.91337353026e-08, 5.14014963926e-08, 6.06573777873e-08, 5.61242146091e-08, 3.1351561347e-08, 2.48670311009e-08, 2.33872938793e-08, 2.4594504211e-08, 1.75188912266e-08, 1.81564896451e-08, 1.83043429303e-08, 1.24742323138e-08, 1.38324498522e-08, 1.0575767817e-08, 8.54650128446e-09, 7.44708250622e-09, 7.32263494285e-09, 5.62510038549e-09, 4.38594405239e-09, 3.72027630924e-09, 2.69141731124e-09, 2.25696505929e-09, 1.97930893897e-09, 6.38870234493e-10, 3.59433975639e-11, 3.30727598086e-11, 6.74629588304e-11, 2.27478105796e-11, 7.86839517153e-12, 7.71413835587e-12, 7.66650371659e-12, 7.61161446372e-12, 7.56467458118e-12]
    },
    "mfcc": {
        "mean": [-707.471923828, 88.489654541, -109.832290649, -45.8919181824, -50.1255722046, -21.5834999084, -9.09257602692, 12.6125631332, -0.550502359867, -0.326006025076, -3.52372097969, -10.1811170578, -10.6772613525],
        "cov": [[3438.52148438, -312.000274658, -611.20501709, -524.568603516, -396.563232422, -219.858184814, -180.691696167, -117.359008789, 13.3875303268, -55.0910835266, -81.9800415039, 88.868888855, 49.0670852661], [-312.000274658, 445.484191895, 563.543151855, 546.835144043, 396.284484863, 176.679031372, 77.4051132202, 4.14852380753, -21.9400253296, -35.7903213501, -13.8086671829, -32.63879776, 3.40590262413], [-611.20501709, 563.543151855, 1004.32720947, 853.584228516, 670.738098145, 252.89352417, 111.189781189, -14.2363615036, -44.6604347229, -75.2083053589, -8.24353885651, -46.0816192627, 16.9035053253], [-524.568603516, 546.835144043, 853.584228516, 813.363220215, 601.592224121, 246.10848999, 107.048469543, 2.69497323036, -40.3487358093, -62.0598869324, -6.70130491257, -49.162853241, 7.09756231308], [-396.563232422, 396.284484863, 670.738098145, 601.592224121, 496.56427002, 192.928756714, 85.2992019653, -5.08716678619, -27.8627796173, -53.0514450073, -9.84946250916, -32.4717826843, 10.0374612808], [-219.858184814, 176.679031372, 252.89352417, 246.10848999, 192.928756714, 125.155776978, 61.6970405579, 8.64642524719, 5.67230081558, -6.5868768692, -12.6827812195, -11.7509288788, -0.927624285221], [-180.691696167, 77.4051132202, 111.189781189, 107.048469543, 85.2992019653, 61.6970405579, 66.2038497925, 18.7045021057, 8.2124080658, 0.0585530884564, -5.31791162491, -10.8158655167, -5.20245790482], [-117.359008789, 4.14852380753, -14.2363615036, 2.69497323036, -5.08716678619, 8.64642524719, 18.7045021057, 57.2233734131, 18.4329128265, 13.3329410553, 20.6310119629, -4.74694395065, -11.4125576019], [13.3875303268, -21.9400253296, -44.6604347229, -40.3487358093, -27.8627796173, 5.67230081558, 8.2124080658, 18.4329128265, 57.9867668152, 27.5486373901, -3.43371772766, 9.59387588501, -2.36591243744], [-55.0910835266, -35.7903213501, -75.2083053589, -62.0598869324, -53.0514450073, -6.5868768692, 0.0585530884564, 13.3329410553, 27.5486373901, 50.0791625977, 12.2434158325, 6.62360668182, 0.626868486404], [-81.9800415039, -13.8086671829, -8.24353885651, -6.70130491257, -9.84946250916, -12.6827812195, -5.31791162491, 20.6310119629, -3.43371772766, 12.2434158325, 57.3866653442, 13.3963565826, 1.07556867599], [88.868888855, -32.63879776, -46.0816192627, -49.162853241, -32.4717826843, -11.7509288788, -10.8158655167, -4.74694395065, 9.59387588501, 6.62360668182, 13.3963565826, 43.0522003174, 16.6452713013], [49.0670852661, 3.40590262413, 16.9035053253, 7.09756231308, 10.0374612808, -0.927624285221, -5.20245790482, -11.4125576019, -2.36591243744, 0.626868486404, 1.07556867599, 16.6452713013, 42.598690033]],
        "icov": [[0.000435722846305, -0.000264822156169, 0.000515812542289, -0.000124487080029, -0.000182167175808, 0.000366250344086, 0.000578627514187, 0.000497512228321, -0.000575021957047, 0.000918777135666, 0.00045467747259, -0.000590971263591, -0.000235813116888], [-0.000264822156169, 0.0141653930768, -0.000349779147655, -0.0106611987576, 0.00291617866606, -0.00322444457561, 0.000107471809315, -0.00134731945582, 0.00120836368296, -0.00209110649303, 0.00276950723492, -0.00103488727473, 0.000414723763242], [0.000515812542289, -0.000349779147655, 0.0146095799282, -0.00795162003487, -0.0109805436805, 0.00492438673973, -0.00148566858843, 0.00423480616882, -0.00236969254911, 0.0019406239735, -0.00103410624433, -0.000560603279155, -0.00130585790612], [-0.000124487080029, -0.0106611987576, -0.00795162003487, 0.0261000469327, -0.0102832932025, -0.00585041986778, 0.00298549397849, -0.00306620658375, 0.00302129122429, 0.000353926385287, -0.00355865224265, 0.00491727469489, -2.77700055449e-05], [-0.000182167175808, 0.00291617866606, -0.0109805436805, -0.0102832932025, 0.0311537254602, -0.00984546542168, 7.47127269278e-05, 0.000519435387105, -0.00122600572649, 0.00500614801422, -0.000516506086569, 0.000254630955169, -0.0015878402628], [0.000366250344086, -0.00322444457561, 0.00492438673973, -0.00585041986778, -0.00984546542168, 0.0382570959628, -0.0174167789519, 0.00135563162621, -0.00305065861903, -0.00665930192918, 0.00738064013422, -0.00754820276052, 0.00293738814071], [0.000578627514187, 0.000107471809315, -0.00148566858843, 0.00298549397849, 7.47127269278e-05, -0.0174167789519, 0.0334319062531, -0.00847747642547, -0.000543088302948, 0.00156403158326, 0.00228811870329, 0.00278297974728, -0.000366488005966], [0.000497512228321, -0.00134731945582, 0.00423480616882, -0.00306620658375, 0.000519435387105, 0.00135563162621, -0.00847747642547, 0.0315147936344, -0.0116110378876, 0.00343366758898, -0.0140724657103, 0.00643552700058, 0.00282527296804], [-0.000575021957047, 0.00120836368296, -0.00236969254911, 0.00302129122429, -0.00122600572649, -0.00305065861903, -0.000543088302948, -0.0116110378876, 0.0320254787803, -0.0171736292541, 0.0103856567293, -0.00920314248651, 0.00341334147379], [0.000918777135666, -0.00209110649303, 0.0019406239735, 0.000353926385287, 0.00500614801422, -0.00665930192918, 0.00156403158326, 0.00343366758898, -0.0171736292541, 0.0378191508353, -0.0107578625903, 0.00507913576439, -0.00515718432143], [0.00045467747259, 0.00276950723492, -0.00103410624433, -0.00355865224265, -0.000516506086569, 0.00738064013422, 0.00228811870329, -0.0140724657103, 0.0103856567293, -0.0107578625903, 0.0313214920461, -0.0148477964103, 0.00279585598037], [-0.000590971263591, -0.00103488727473, -0.000560603279155, 0.00491727469489, 0.000254630955169, -0.00754820276052, 0.00278297974728, 0.00643552700058, -0.00920314248651, 0.00507913576439, -0.0148477964103, 0.0393604300916, -0.0135846687481], [-0.000235813116888, 0.000414723763242, -0.00130585790612, -2.77700055449e-05, -0.0015878402628, 0.00293738814071, -0.000366488005966, 0.00282527296804, 0.00341334147379, -0.00515718432143, 0.00279585598037, -0.0135846687481, 0.030889455229]]
    },
    "spectral_contrast_coeffs": {
        "max": [-0.500733017921, -0.533153772354, -0.598639547825, -0.751830339432, -0.698506236076, -0.690752863884],
        "mean": [-0.725545406342, -0.721307873726, -0.766321957111, -0.828201293945, -0.776988387108, -0.749708592892],
        "min": [-0.86134493351, -0.879406034946, -0.886621773243, -0.89826720953, -0.874105811119, -0.857092320919],
        "stdev": [0.0569654367864, 0.065883629024, 0.05154722929, 0.0264882333577, 0.0254859365523, 0.0244658011943]
    },
    "spectral_contrast_valleys": {
        "max": [-7.19768714905, -6.19825315475, -4.78067827225, -5.71338605881, -6.63983631134, -9.63820552826],
        "mean": [-10.2980966568, -7.41224622726, -6.14720869064, -6.92557048798, -7.64757966995, -11.192949295],
        "min": [-14.5198802948, -13.6738986969, -12.1011095047, -12.7250080109, -13.5181407928, -16.6710929871],
        "stdev": [0.976450383663, 0.616801917553, 0.824099421501, 0.697571098804, 0.642044246197, 0.628305375576]
    }
},
"rhythm": {
    "beats_count": 24,
    "beats_loudness": {
        "max": 0.0548738539219,
        "mean": 0.0213531944901,
        "min": 0.00137345306575,
        "stdev": 0.0175633914769
    },
    "bpm": 126.323120117,
    "bpm_histogram_first_peak_bpm": 126,
    "bpm_histogram_first_peak_weight": 0.25,
    "bpm_histogram_second_peak_bpm": 110,
    "bpm_histogram_second_peak_spread": 0.600000023842,
    "bpm_histogram_second_peak_weight": 0.173913046718,
    "danceability": 0.652827262878,
    "onset_rate": 0.313495218754,
    "beats_loudness_band_ratio": {
        "max": [0.244508162141, 0.107603915036, 0.561497092247, 0.77801835537, 0.306374520063, 0.111563265324],
        "mean": [0.02166881226, 0.0101250102744, 0.354807138443, 0.50084066391, 0.123778857291, 0.0277265962213],
        "min": [2.06848540074e-06, 0.000319846905768, 0.137724652886, 0.230739220977, 0.0703632831573, 0.00872565340251],
        "stdev": [0.061886779964, 0.023454234004, 0.110424757004, 0.123842559755, 0.0573336258531, 0.0259821899235]
    },
    "beats_position": [0.476009070873, 0.952018141747, 1.42802715302, 1.90403628349, 2.36843538284, 2.83283448219, 3.34367346764, 3.87773227692, 4.41179132462, 4.95746040344, 5.4915189743, 6.03718805313, 6.58285713196, 7.12852573395, 7.6858048439, 8.24308395386, 8.80036258698, 9.27637195587, 9.76399040222, 10.2399997711, 10.71600914, 11.1920175552, 11.6680269241, 12.144036293],
