{
"metadata": {
    "version": {
        "essentia": "2.1-beta5",
        "essentia_git_sha": "Undefined",
        "extractor": "music 2.0"
    },
    "audio_properties": {
        "analysis": {
            "equal_loudness": 0,
            "length": 32.4963264465,
            "sample_rate": 44100,
            "start_time": 110.248344421,
            "downmix": "mix"
        },
        "bit_rate": 192000,
        "length": 190.171432495,
        "lossless": 0,
        "number_channels": 2,
        "replay_gain": -9.90356636047,
        "sample_rate": 48000,
        "codec": "mp3",
        "md5_encoded": "6e650c75502f23511672e12bac038bc3"
    },
    "tags": {
        "file_name": "Portugal_Senhora Do Mar (Negras Águas)_Vânia Fernandes.mp3",
        "encoding": ["Lavf58.29.100"]
    }
},
"lowlevel": {
    "average_loudness": 0.91696792841,
    "barkbands_crest": {
        "max": 21.6655597687,
        "mean": 8.86175823212,
        "min": 2.87151432037,
        "stdev": 3.47689127922
    },
    "barkbands_flatness_db": {
        "max": 0.300438046455,
        "mean": 0.123211637139,
        "min": 0.0223654862493,
        "stdev": 0.05326859653
    },
    "barkbands_kurtosis": {
        "max": 30.3679885864,
        "mean": 0.139266625047,
        "min": -1.83766400814,
        "stdev": 2.08569312096
    },
    "barkbands_skewness": {
        "max": 5.0482006073,
        "mean": 0.611717283726,
        "min": -1.69811213017,
        "stdev": 0.756358087063
    },
    "barkbands_spread": {
        "max": 100.235313416,
        "mean": 29.2788295746,
        "min": 4.11295080185,
        "stdev": 13.0294303894
    },
    "dissonance": {
        "max": 0.499996989965,
        "mean": 0.464838683605,
        "min": 0.303442835808,
        "stdev": 0.0266000106931
    },
    "dynamic_complexity": 3.027998209,
    "erbbands_crest": {
        "max": 24.2895870209,
        "mean": 9.26458835602,
        "min": 2.8185005188,
        "stdev": 3.72681975365
    },
    "erbbands_flatness_db": {
        "max": 0.3282802701,
        "mean": 0.184318348765,
        "min": 0.0524933561683,
        "stdev": 0.0599905252457
    },
    "erbbands_kurtosis": {
        "max": 14.3592319489,
        "mean": -0.0470185913146,
        "min": -1.74572777748,
        "stdev": 1.4955548048
    },
    "erbbands_skewness": {
        "max": 2.56882572174,
        "mean": 0.062554590404,
        "min": -2.13718962669,
        "stdev": 0.759154498577
    },
    "erbbands_spread": {
        "max": 96.4844818115,
        "mean": 35.1857910156,
        "min": 5.88724994659,
        "stdev": 13.6549568176
    },
    "hfc": {
        "max": 90.489112854,
        "mean": 25.351600647,
        "min": 0.0763559192419,
        "stdev": 18.0810546875
    },
    "loudness_ebu128": {
        "integrated": -14.5540180206,
        "loudness_range": 5.29316329956,
        "momentary": {
            "max": -11.1344814301,
            "mean": -15.7838153839,
            "min": -29.2965526581,
            "stdev": 3.65020060539
        },
        "short_term": {
            "max": -12.4391593933,
            "mean": -15.0331039429,
            "min": -18.4334545135,
            "stdev": 1.95885586739
        }
    },
    "melbands_crest": {
        "max": 28.3909358978,
        "mean": 12.7041368484,
        "min": 3.95151519775,
        "stdev": 4.77610063553
    },
    "melbands_flatness_db": {
        "max": 0.327634602785,
        "mean": 0.151786953211,
        "min": 0.0355590507388,
        "stdev": 0.0439719483256
    },
    "melbands_kurtosis": {
        "max": 65.2862167358,
        "mean": 3.65918636322,
        "min": -1.6482770443,
        "stdev": 5.95829772949
    },
    "melbands_skewness": {
        "max": 6.86065006256,
        "mean": 1.53798794746,
        "min": -0.602829933167,
        "stdev": 0.93155092001
    },
    "melbands_spread": {
        "max": 135.18309021,
        "mean": 40.5492591858,
        "min": 3.46236824989,
        "stdev": 19.3610057831
    },
    "pitch_salience": {
        "max": 0.834572970867,
        "mean": 0.562196195126,
        "min": 0.196057230234,
        "stdev": 0.0945096164942
    },
    "silence_rate_20dB": {
        "max": 1,
        "mean": 1,
        "min": 1,
        "stdev": 0
    },
    "silence_rate_30dB": {
        "max": 1,
        "mean": 1,
        "min": 1,
        "stdev": 0
    },
    "silence_rate_60dB": {
        "max": 1,
        "mean": 0.102069951594,
        "min": 0,
        "stdev": 0.30274233222
    },
    "spectral_centroid": {
        "max": 4231.66992188,
        "mean": 2249.25170898,
        "min": 494.844787598,
        "stdev": 693.47052002
    },
    "spectral_complexity": {
        "max": 47,
        "mean": 16.9521770477,
        "min": 0,
        "stdev": 9.51282310486
    },
    "spectral_decrease": {
        "max": -2.94447452531e-11,
        "mean": -4.0719863037e-09,
        "min": -1.9867114176e-08,
        "stdev": 2.98398616927e-09
    },
    "spectral_energy": {
        "max": 0.0789376944304,
        "mean": 0.0176680982113,
        "min": 0.00011805682152,
        "stdev": 0.0125791309401
    },
    "spectral_energyband_high": {
        "max": 0.0100810183212,
        "mean": 0.0016292987857,
        "min": 1.33462185659e-06,
        "stdev": 0.00161592953373
    },
    "spectral_energyband_low": {
        "max": 0.0473730303347,
        "mean": 0.00322761642747,
        "min": 1.17699983093e-07,
        "stdev": 0.00515134213492
    },
    "spectral_energyband_middle_high": {
        "max": 0.0397260412574,
        "mean": 0.00734460586682,
        "min": 2.20915517275e-05,
        "stdev": 0.0057192388922
    },
    "spectral_energyband_middle_low": {
        "max": 0.0337922126055,
        "mean": 0.00582221429795,
        "min": 5.31471123395e-05,
        "stdev": 0.00539859291166
    },
    "spectral_entropy": {
        "max": 8.78299427032,
        "mean": 7.54037380219,
        "min": 6.29150104523,
        "stdev": 0.438194870949
    },
    "spectral_flux": {
        "max": 0.231931641698,
        "mean": 0.0768028199673,
        "min": 0.00829222984612,
        "stdev": 0.0383575297892
    },
    "spectral_kurtosis": {
        "max": 13.3569355011,
        "mean": 3.91433167458,
        "min": -1.04930341244,
        "stdev": 1.71239936352
    },
    "spectral_rms": {
        "max": 0.00877567008138,
        "mean": 0.00384153448977,
        "min": 0.000339377933415,
        "stdev": 0.00157474318985
    },
    "spectral_rolloff": {
        "max": 11434.1308594,
        "mean": 2846.99731445,
        "min": 193.798828125,
        "stdev": 1476.87451172
    },
    "spectral_skewness": {
        "max": 2.94939041138,
        "mean": 1.33344316483,
        "min": -0.185725748539,
        "stdev": 0.322475671768
    },
    "spectral_spread": {
        "max": 18239936,
        "mean": 4540454.5,
        "min": 2341389,
        "stdev": 1296782.5
    },
    "spectral_strongpeak": {
        "max": 12.8159608841,
        "mean": 1.33445978165,
        "min": 0.00868802238256,
        "stdev": 1.57678961754
    },
    "zerocrossingrate": {
        "max": 0.29833984375,
        "mean": 0.0947237759829,
        "min": 0.0126953125,
        "stdev": 0.0343961529434
    },
    "barkbands": {
        "max": [0.00161447271239, 0.0412235967815, 0.0141832400113, 0.00593912880868, 0.0155717525631, 0.0136271091178, 0.0183050334454, 0.0184799414128, 0.0212093293667, 0.0293151699007, 0.0149341737852, 0.0192348416895, 0.00448297010735, 0.00751339737326, 0.0150632746518, 0.00972963590175, 0.00610091723502, 0.00742432055995, 0.00675707450137, 0.012606673874, 0.0042047072202, 0.00381348258816, 0.00129740580451, 0.00187551148701, 0.0014868977014, 0.00142234272789, 0.000164868935826],
        "mean": [0.000154551438754, 0.00258351606317, 0.000376960873837, 0.000296654965496, 0.000820685992949, 0.00132031273097, 0.0013474158477, 0.000627577246632, 0.00106845097616, 0.00166790897492, 0.000525168143213, 0.00127786176745, 0.000306557951262, 0.000487215758767, 0.000399738433771, 0.000514243380167, 0.000395865208702, 0.000538407941349, 0.000788823002949, 0.0014160402352, 0.000247582152952, 0.000123075937154, 0.00010450737318, 0.000154882247443, 7.54151042202e-05, 4.14965179516e-05, 7.19000126992e-06],
        "min": [4.21032764208e-09, 2.48182487894e-08, 3.16426951308e-09, 7.66152563614e-09, 9.03963695009e-08, 1.50976654822e-06, 1.86094257515e-06, 1.08375400032e-06, 2.89942340714e-06, 3.47742434315e-06, 1.06681693524e-06, 1.22977576211e-06, 6.75638148095e-07, 7.00679834154e-07, 4.96150050822e-07, 5.60049159049e-07, 1.07754779322e-07, 1.36499375003e-06, 3.64768936834e-07, 2.55047524433e-07, 5.5311130609e-07, 2.04474901011e-07, 1.21550968402e-07, 1.52557674937e-07, 6.24525000603e-08, 3.76160080862e-08, 1.22873614061e-10],
        "stdev": [0.000241156973061, 0.00424350099638, 0.000955044466536, 0.000601288455073, 0.00171693286393, 0.00201218225993, 0.00227610045113, 0.0012151877163, 0.0020918964874, 0.0026382880751, 0.00130620773416, 0.00223745312542, 0.000513283768669, 0.000765195407439, 0.000769039732404, 0.00109844270628, 0.000785265117884, 0.000785095791798, 0.00111248670146, 0.00160075910389, 0.000403870129958, 0.000304849963868, 0.000142695920658, 0.000191334358533, 0.00012522227189, 8.69266514201e-05, 1.86047655006e-05]
    },
    "erbbands": {
        "max": [1.32140982151, 9.8217010498, 18.8452014923, 19.3923015594, 49.2336120605, 44.4112052917, 183.279983521, 122.77256012, 255.929763794, 429.036560059, 368.467010498, 498.463897705, 812.449768066, 867.986572266, 703.759399414, 679.410644531, 221.422714233, 253.902816772, 390.01651001, 735.390991211, 384.537322998, 397.764251709, 493.02166748, 345.166229248, 413.340423584, 487.177001953, 249.217681885, 166.701507568, 155.475158691, 75.8807907104, 36.5479431152, 47.7645492554, 28.3497943878, 18.2405700684, 11.310508728, 10.5666894913, 1.24479675293, 0.227355271578, 0.0331263914704, 0.00103893165942],
        "mean": [0.104447372258, 0.450145483017, 0.548509776592, 0.674197375774, 1.9251601696, 2.4512963295, 6.79508590698, 11.7104625702, 21.7721061707, 13.3153505325, 16.7135829926, 20.9151268005, 43.7497444153, 38.8806915283, 33.194519043, 43.6613311768, 16.7363414764, 19.6304683685, 23.5813064575, 27.0595245361, 23.6260452271, 24.9264621735, 27.377155304, 35.9877738953, 45.2778892517, 68.4516220093, 26.5142650604, 5.68308782578, 4.66506671906, 3.24616336823, 3.01598119736, 3.46264600754, 2.31172895432, 0.987538218498, 0.481952995062, 0.233599409461, 0.0631613135338, 0.0111095886678, 0.0015089137014, 6.61002995912e-05],
        "min": [7.01516000845e-07, 4.39252562501e-06, 1.04693481262e-05, 3.4645832784e-05, 8.67085982463e-05, 0.000483457522932, 0.00608819164336, 0.0164580252022, 0.0291962474585, 0.0122426971793, 0.0803000330925, 0.153635859489, 0.407994180918, 0.315092116594, 0.0663488581777, 0.0351193249226, 0.0344041474164, 0.0278720017523, 0.0829326435924, 0.043267596513, 0.0504532158375, 0.0109029216692, 0.0678347945213, 0.0342363081872, 0.0178446024656, 0.00963119510561, 0.0198270529509, 0.0204416196793, 0.0104205766693, 0.00393458083272, 0.00355329108424, 0.00351845379919, 0.00237842299975, 0.000811145058833, 0.000324101973092, 0.000197043962544, 5.85124507779e-05, 5.42103998669e-06, 4.06423254162e-07, 4.35916746255e-07],
        "stdev": [0.166345193982, 0.847650647163, 1.29383206367, 1.31305110455, 4.31590223312, 5.19089889526, 15.0319156647, 18.0063781738, 33.2410545349, 30.9831809998, 30.6713161469, 43.3001708984, 69.4123458862, 63.2700004578, 59.6696853638, 73.4909133911, 24.1631336212, 32.0768165588, 36.0907287598, 52.1027908325, 46.5277328491, 49.220035553, 41.5794944763, 44.5958366394, 59.4715652466, 79.2354431152, 32.5351371765, 12.355430603, 11.3349275589, 6.53991603851, 3.97580480576, 4.67852449417, 2.82519555092, 1.49913597107, 0.881738066673, 0.504151940346, 0.133520185947, 0.0262367073447, 0.00391663657501, 0.000120206284919]
    },
    "gfcc": {
        "mean": [-10.6536836624, 41.9171524048, -148.452896118, 16.147600174, -76.7328491211, 4.7346072197, -33.3582115173, 19.2349624634, -29.9380664825, 10.0445661545, -1.24167835712, 2.48076820374, -2.51952433586],
        "cov": [[5195.84375, 692.80645752, 1715.4329834, 1193.06604004, 1299.99023438, 343.62979126, 165.260620117, 270.198883057, 243.254592896, 133.339172363, -175.692901611, -194.056091309, -67.4634399414], [692.80645752, 1156.58166504, 669.496459961, 419.376281738, 513.371948242, 182.366897583, 68.6972351074, -8.36182785034, 76.6715316772, -26.6748638153, -123.628501892, -24.5157527924, 21.5099716187], [1715.4329834, 669.496459961, 1550.1105957, 671.152709961, 665.84765625, 308.568847656, 12.7859525681, -9.10374450684, 192.472015381, 37.9050445557, -310.512084961, 32.0870246887, -138.904815674], [1193.06604004, 419.376281738, 671.152709961, 706.436645508, 499.246734619, 153.023773193, -23.4995975494, 67.6009292603, 175.253250122, 39.3588409424, -159.749771118, -77.2669219971, -6.49189853668], [1299.99023438, 513.371948242, 665.84765625, 499.246734619, 710.057434082, 219.922683716, 46.6640090942, 132.050018311, 157.150253296, 43.202709198, -144.612289429, -73.0308837891, -39.48097229], [343.62979126, 182.366897583, 308.568847656, 153.023773193, 219.922683716, 321.978851318, 138.709259033, 47.2781639099, 33.6851463318, 25.4032230377, -48.1151504517, -16.8885650635, -63.1969680786], [165.260620117, 68.6972351074, 12.7859525681, -23.4995975494, 46.6640090942, 138.709259033, 235.400512695, 52.3857803345, -40.1785697937, 31.3434371948, 70.5325317383, -6.59823608398, -12.9434490204], [270.198883057, -8.36182785034, -9.10374450684, 67.6009292603, 132.050018311, 47.2781639099, 52.3857803345, 182.260406494, 76.0046463013, 27.8476009369, 39.5605316162, -34.3075675964, 2.17236757278], [243.254592896, 76.6715316772, 192.472015381, 175.253250122, 157.150253296, 33.6851463318, -40.1785697937, 76.0046463013, 187.503707886, 53.2335548401, -61.3496131897, -2.77273654938, -14.0873126984], [133.339172363, -26.6748638153, 37.9050445557, 39.3588409424, 43.202709198, 25.4032230377, 31.3434371948, 27.8476009369, 53.2335548401, 92.3728713989, 28.6062240601, -1.70791018009, -7.17839336395], [-175.692901611, -123.628501892, -310.512084961, -159.749771118, -144.612289429, -48.1151504517, 70.5325317383, 39.5605316162, -61.3496131897, 28.6062240601, 218.812164307, 22.6059932709, 39.2881774902], [-194.056091309, -24.5157527924, 32.0870246887, -77.2669219971, -73.0308837891, -16.8885650635, -6.59823608398, -34.3075675964, -2.77273654938, -1.70791018009, 22.6059932709, 107.238929749, 8.3844165802], [-67.4634399414, 21.5099716187, -138.904815674, -6.49189853668, -39.48097229, -63.1969680786, -12.9434490204, 2.17236757278, -14.0873126984, -7.17839336395, 39.2881774902, 8.3844165802, 103.714317322]],
        "icov": [[0.000610222690739, 0.000377656891942, -0.000723109347746, -0.000267822877504, -0.000782639661338, 0.00046906384523, -0.000374853872927, -5.79609550186e-05, 0.000275945785688, 7.17042348697e-05, -0.000742463686038, 0.000915137818083, -0.000474577274872], [0.000377656891942, 0.00197515496984, -0.000910264265258, -8.08269687695e-05, -0.00164399354253, 0.000231010650168, -0.000997258815914, 0.00142964324914, -0.000705169397406, 0.00169314036611, -0.00113242713269, 0.0010392004624, -0.00166124873795], [-0.000723109347746, -0.000910264265258, 0.00328617566265, -0.00116305204574, 0.000162996409927, -0.000779392023105, 0.000264900008915, 0.000342035666108, 0.000194245949388, -0.000872489530593, 0.00255532865413, -0.00400452921167, 0.00298157520592], [-0.000267822877504, -8.08269687695e-05, -0.00116305204574, 0.00460204482079, -0.00101297383662, -0.000669264525641, 0.000736188783776, 0.000858871615492, -0.00226227473468, 0.00026918030926, -0.000267452793196, 0.00288842967711, -0.00256743724458], [-0.000782639661338, -0.00164399354253, 0.000162996409927, -0.00101297383662, 0.00602478533983, -0.0014418103965, 0.000974330003373, -0.0031883767806, 0.000335632474162, -0.0015375148505, 0.00203471723944, -0.000159924835316, 0.000771380786318], [0.00046906384523, 0.000231010650168, -0.000779392023105, -0.000669264525641, -0.0014418103965, 0.00676304614171, -0.00408163433895, -0.000193213898456, 0.000163366014021, 0.000193650237634, 0.000422638637247, 0.000176918736543, 0.00209944183007], [-0.000374853872927, -0.000997258815914, 0.000264900008915, 0.000736188783776, 0.000974330003373, -0.00408163433895, 0.0091004408896, -0.00280255451798, 0.00352502823807, -0.00340852583759, -0.00117656448856, -0.000499548623338, 0.000171056643012], [-5.79609550186e-05, 0.00142964324914, 0.000342035666108, 0.000858871615492, -0.0031883767806, -0.000193213898456, -0.00280255451798, 0.0124511988834, -0.00726837245747, 0.00424714852124, -0.0043589072302, 0.00322963390499, -0.00106753816362], [0.000275945785688, -0.000705169397406, 0.000194245949388, -0.00226227473468, 0.000335632474162, 0.000163366014021, 0.00352502823807, -0.00726837245747, 0.0143939461559, -0.0084849242121, 0.00419170735404, -0.00395726785064, 0.00136364332866], [7.17042348697e-05, 0.00169314036611, -0.000872489530593, 0.00026918030926, -0.0015375148505, 0.000193650237634, -0.00340852583759, 0.00424714852124, -0.0084849242121, 0.0186617225409, -0.00567572005093, 0.00240536802448, -0.000343095656717], [-0.000742463686038, -0.00113242713269, 0.00255532865413, -0.000267452793196, 0.00203471723944, 0.000422638637247, -0.00117656448856, -0.0043589072302, 0.00419170735404, -0.00567572005093, 0.0117624504492, -0.00505651393905, 0.00026361795608], [0.000915137818083, 0.0010392004624, -0.00400452921167, 0.00288842967711, -0.000159924835316, 0.000176918736543, -0.000499548623338, 0.00322963390499, -0.00395726785064, 0.00240536802448, -0.00505651393905, 0.0167885813862, -0.00469856802374], [-0.000474577274872, -0.00166124873795, 0.00298157520592, -0.00256743724458, 0.000771380786318, 0.00209944183007, 0.000171056643012, -0.00106753816362, 0.00136364332866, -0.000343095656717, 0.00026361795608, -0.00469856802374, 0.0155683001503]]
    },
    "melbands": {
        "max": [0.0111250393093, 0.00997816864401, 0.003120807698, 0.00385296833701, 0.00550594879314, 0.0026012014132, 0.00333775836043, 0.00466406159103, 0.00298950867727, 0.00295781344175, 0.00407431833446, 0.00383411115035, 0.00219419132918, 0.00286674220115, 0.00165703729726, 0.000305618043058, 0.000521492445841, 0.000782171089668, 0.00159335683566, 0.00078371539712, 0.000322995707393, 0.000451460713521, 0.000358117715223, 0.000299096049275, 0.000325834495015, 0.000470702070743, 0.000584838911891, 0.000410087144701, 0.00024228230177, 0.000115552749776, 9.11044044187e-05, 0.000101497666037, 6.64804101689e-05, 2.98166669381e-05, 1.81015111593e-05, 3.84816739825e-05, 2.83827175735e-05, 1.77982892637e-05, 2.22870676225e-05, 1.38736304507e-05],
        "mean": [0.000798790541012, 0.000375086208805, 0.00015626612003, 0.000161175485118, 0.000208061450394, 0.000278275314486, 0.000307613168843, 0.000138517149026, 0.000146995516843, 0.000133657275001, 0.000230625373661, 0.000174016298843, 9.06494678929e-05, 0.000150002058945, 7.56089139031e-05, 2.33931314142e-05, 3.81533245672e-05, 4.01024881285e-05, 3.15108263749e-05, 4.12634835811e-05, 2.27513555728e-05, 2.66108381766e-05, 1.85533554031e-05, 2.92078348139e-05, 2.82125147351e-05, 3.36851080647e-05, 3.56422060577e-05, 4.9696824135e-05, 2.22194612434e-05, 4.01424676966e-06, 2.736391707e-06, 2.75913976111e-06, 2.11282190321e-06, 1.68089377439e-06, 1.61358696005e-06, 2.11085648516e-06, 2.08243795896e-06, 1.77608637841e-06, 1.11955682769e-06, 7.28983366116e-07],
        "min": [1.1390775434e-08, 1.14714300281e-08, 4.65478278144e-09, 1.04398161227e-08, 2.27521290697e-08, 2.56329542481e-07, 4.13588679748e-07, 9.57402903623e-08, 3.7217279214e-07, 4.68443374757e-07, 1.55225473009e-06, 4.35308919577e-07, 1.86940738445e-07, 1.37891788654e-07, 6.66157262685e-08, 5.51248362513e-08, 4.9053436868e-08, 1.24171037896e-07, 4.56919373448e-08, 3.79546953866e-08, 3.50765958501e-08, 6.51154774545e-09, 2.10956212499e-08, 8.90554048283e-08, 1.91888798184e-08, 1.67940168438e-08, 7.93145549238e-09, 5.9351679127e-09, 1.43273179987e-08, 6.63233779008e-09, 1.56547876884e-08, 5.29435029151e-09, 4.05326572306e-09, 1.76861292278e-09, 2.12878403794e-09, 1.44421774539e-09, 2.65056221416e-09, 1.64544677883e-09, 1.11839104644e-09, 5.49255141369e-10],
        "stdev": [0.00127982115373, 0.000780223228503, 0.000291092903353, 0.000350665883161, 0.000445147248683, 0.0003879108408, 0.000474116444821, 0.000311842217343, 0.000286676047835, 0.000282377528492, 0.000365479761967, 0.000285900838207, 0.000188603124116, 0.000296181009617, 0.000148250866914, 4.20399628638e-05, 6.39025965938e-05, 6.82483005221e-05, 6.89115186105e-05, 9.41062899074e-05, 4.46681369795e-05, 5.68391405977e-05, 3.0913251976e-05, 4.41972442786e-05, 3.93763875763e-05, 5.55847873329e-05, 4.47736747446e-05, 6.15827666479e-05, 2.99377879855e-05, 8.00869383966e-06, 7.42599559089e-06, 6.85530130795e-06, 5.49858168597e-06, 3.04471609525e-06, 2.24649716074e-06, 3.00441683976e-06, 2.90847037832e-06, 2.17652723222e-06, 1.62729986641e-06, 1.18771765756e-06]
    },
    "melbands128": {
        "max": [0.00152096059173, 0.0108692431822, 0.0176553092897, 0.0172381699085, 0.0119085228071, 0.00669832946733, 0.00430232426152, 0.00370619841851, 0.00577293382958, 0.00605898350477, 0.00280755665153, 0.00593895511702, 0.00905576534569, 0.00542736100033, 0.00402373354882, 0.00613257288933, 0.00599186727777, 0.00488812383264, 0.0038913115859, 0.00699915457517, 0.00506236311048, 0.00680605554953, 0.00511560868472, 0.00431759608909, 0.00597771862522, 0.00425540562719, 0.00801235064864, 0.0071863704361, 0.0074067171663, 0.0049924752675, 0.00487070297822, 0.00403209170327, 0.00291177467443, 0.00370424007997, 0.00534703489393, 0.00513643492013, 0.00203558756039, 0.00356799294241, 0.00077509827679, 0.000430864020018, 0.000518368789926, 0.00105853762943, 0.00106219004374, 0.000816025771201, 0.00158918765374, 0.00167924072593, 0.0011539516272, 0.00172616017517, 0.00283873034641, 0.00163642503321, 0.00154872005805, 0.00172615214251, 0.000747356680222, 0.000506816606503, 0.000545972201508, 0.00105532782618, 0.0011128988117, 0.000432945613284, 0.000459452741779, 0.00108184735291, 0.000619356520474, 0.000586066627875, 0.000544054841157, 0.000686087529175, 0.000733959837817, 0.000934183015488, 0.000604794011451, 0.000584815687034, 0.000936463067774, 0.000554938393179, 0.00102119764779, 0.000705283309799, 0.000741558091249, 0.000414891488617, 0.000283133849734, 0.000157656890224, 0.000139787007356, 0.00016882273485, 0.000108313070086, 0.000113228219561, 0.000107215244498, 0.000122936762637, 8.65629917826e-05, 8.22133806651e-05, 6.68147695251e-05, 4.65534867544e-05, 3.67843276763e-05, 2.41779307544e-05, 2.18445729843e-05, 2.28594162763e-05, 4.10500360886e-05, 4.80371018057e-05, 5.09313285875e-05, 3.49156143784e-05, 3.63412655133e-05, 2.31750000239e-05, 1.75885015778e-05, 2.22084345296e-05, 2.76440896414e-05, 2.06697040994e-05, 1.46984375533e-05, 1.64477678481e-05, 1.24816160678e-05, 1.87604673556e-05, 1.02796620922e-05, 1.3702682736e-05, 1.60532472364e-05, 1.2999739738e-05, 4.42038872279e-05, 1.84794898814e-05, 6.95573089615e-06, 4.59199009128e-06, 2.79173332274e-06, 3.60435615221e-06, 3.41731447406e-06, 2.59849798567e-06, 1.6672173615e-06, 3.2637710774e-06, 1.76672244834e-06, 1.38189113841e-06, 1.19543858546e-06, 1.07253799797e-06, 5.34751166015e-07, 3.43591786134e-08, 1.06942044109e-09, 1.0467147149e-09, 1.03456210265e-09, 1.02651109835e-09],
        "mean": [0.000148463965161, 0.000925766828004, 0.00102739548311, 0.000656375777908, 0.000343782332493, 0.000154817986186, 0.000115526119771, 0.000165468911291, 0.000206004391657, 0.000178114976734, 0.000105852224806, 0.000156026071636, 0.000240062305238, 0.000277354207356, 0.000222472532187, 0.000280520733213, 0.000432158703916, 0.000329303264152, 0.000132901521283, 0.000145664002048, 0.000134751287987, 0.000134470756166, 0.000132641434902, 0.000197589077288, 0.000112743204227, 0.000109134882223, 0.000173191336216, 0.000203615039936, 0.000352464528987, 0.000226721604122, 0.000104175232991, 7.13022018317e-05, 8.7659485871e-05, 7.48893653508e-05, 0.000209125530091, 0.000157585178385, 8.00221896498e-05, 0.000107312698674, 4.35035872215e-05, 1.85699173016e-05, 1.59670198627e-05, 3.35018776241e-05, 3.81636491511e-05, 3.6681900383e-05, 5.39743450645e-05, 3.93043992517e-05, 2.6997173336e-05, 3.03815977531e-05, 3.17553276545e-05, 3.8534450141e-05, 4.7387831728e-05, 4.08831292589e-05, 2.40585504798e-05, 1.47730152094e-05, 1.71313167812e-05, 3.45207299688e-05, 2.96172911476e-05, 1.4053481209e-05, 1.38836367114e-05, 2.66840252152e-05, 3.35184668074e-05, 2.85098958557e-05, 2.50681514444e-05, 2.43939648499e-05, 4.02287041652e-05, 3.73805160052e-05, 2.68217736448e-05, 3.06528017973e-05, 3.71704591089e-05, 4.06646540796e-05, 5.84869885643e-05, 5.09837227582e-05, 3.50434565917e-05, 1.70269922819e-05, 6.9352772698e-06, 3.94974495066e-06, 2.45643468588e-06, 3.13194118462e-06, 2.63468587036e-06, 2.53512257586e-06, 3.01314071294e-06, 2.75568368124e-06, 2.40139638663e-06, 2.04175057661e-06, 1.9795118078e-06, 1.4950314835e-06, 1.72078966898e-06, 1.74891363258e-06, 1.5085212226e-06, 1.54059762281e-06, 1.92095808416e-06, 2.2797382826e-06, 2.45582191383e-06, 2.03448621505e-06, 1.93531286641e-06, 1.87670343621e-06, 1.84416524007e-06, 1.47494836256e-06, 1.13361352305e-06, 9.36720368827e-07, 8.27699579986e-07, 6.64821925511e-07, 6.75277192386e-07, 5.59321051696e-07, 5.13675615821e-07, 5.41638883078e-07, 4.39313083689e-07, 4.52547283203e-07, 4.43694972319e-07, 3.49184631432e-07, 3.02067746816e-07, 2.33871602973e-07, 1.58963416652e-07, 1.66028684134e-07, 1.22472670228e-07, 9.3111964361e-08, 6.43900008868e-08, 5.96150400156e-08, 6.28347933684e-08, 5.01016153009e-08, 4.15869862991e-08, 3.1351884644e-08, 1.35878170937e-08, 4.00254634991e-10, 3.11565291795e-12, 3.01975436844e-12, 2.96449518579e-12, 2.94118093595e-12],
        "min": [8.4942292089e-10, 4.34776126212e-09, 1.9861274847e-09, 3.22008997244e-09, 5.93517857084e-09, 2.17546936021e-09, 1.92904670016e-09, 1.66551294978e-09, 2.11507167336e-09, 1.9646766436e-09, 3.33920358031e-09, 6.52347997843e-09, 8.76379679937e-09, 2.46327669373e-08, 5.45765317383e-08, 6.38977581957e-08, 3.14716970706e-07, 1.21216487514e-07, 5.11430577887e-08, 5.12893976179e-08, 6.00861440603e-08, 4.59573037404e-08, 1.07040634134e-07, 9.2023100251e-08, 7.43016670413e-08, 4.00625310704e-08, 2.94375652743e-08, 9.69459051703e-07, 3.09591172254e-07, 1.13311628525e-07, 6.74596805084e-08, 5.29116590542e-08, 3.01905025424e-08, 5.09904616308e-08, 8.59169091427e-08, 9.5562199931e-08, 2.26357528277e-08, 4.58921434188e-08, 9.46972988913e-08, 6.07852186363e-08, 1.08703437363e-08, 1.33340360975e-08, 4.11420160162e-08, 3.51498385953e-08, 7.23149327087e-08, 8.6880199035e-08, 1.98088976333e-08, 2.36931718689e-08, 1.60111888192e-08, 1.26066312944e-08, 1.61330682147e-08, 2.72396611933e-08, 1.38078082301e-08, 9.84329773246e-09, 8.23829982011e-09, 7.2929382533e-09, 2.02736694099e-09, 8.89918094771e-09, 9.87935599994e-09, 2.63888253471e-08, 2.77697704831e-08, 3.82061386972e-08, 1.07078790279e-08, 5.92319704396e-09, 2.63641002363e-08, 1.80677588446e-08, 1.37971971625e-08, 6.76213574025e-09, 9.94145388233e-09, 3.07681768952e-09, 1.51556989181e-09, 8.92442830747e-09, 1.60872506427e-08, 1.49608769817e-08, 1.11618669862e-08, 5.39345590411e-09, 1.75952497017e-09, 5.792892388e-09, 6.95256163752e-09, 7.16569648063e-09, 3.56235796417e-09, 3.53632190198e-09, 2.60206789449e-09, 3.3500406893e-09, 9.75386105218e-10, 8.61725635293e-10, 2.77024381212e-09, 2.40606823354e-09, 1.03981878663e-09, 1.74240499806e-09, 2.85780110687e-09, 3.44317241385e-10, 7.73092867501e-10, 2.67029198753e-09, 1.94094029737e-09, 6.10352102193e-10, 2.71472178071e-09, 1.19443310798e-09, 1.16716292187e-09, 7.46873729529e-10, 5.09843389729e-10, 5.815676829e-10, 4.27111818135e-10, 5.54119083951e-10, 1.51931717207e-10, 2.02100849944e-10, 3.55963369891e-10, 3.52259388325e-10, 2.10440415094e-10, 1.59538118827e-10, 1.9608181745e-10, 2.02378142022e-10, 1.45860670764e-10, 6.40063141377e-11, 4.51575443705e-11, 1.19811651919e-11, 2.25469165907e-12, 8.64251704057e-14, 7.58649531542e-14, 7.39980451046e-14, 5.94576335866e-14, 4.13298274727e-14, 5.42306847486e-14, 6.50795267828e-14, 4.54644934439e-14, 1.61290658563e-14, 1.16093096965e-15, 9.41545611428e-17],
        "stdev": [0.000233362210565, 0.00148439512122, 0.00179422891233, 0.00137005012948, 0.000834481790662, 0.000404904945754, 0.000254022306763, 0.000352118600858, 0.000509295670781, 0.000495439919177, 0.000260528031504, 0.000481968687382, 0.000649961759336, 0.000636868586298, 0.000475387118058, 0.000606165907811, 0.000722829718143, 0.000605815788731, 0.000356403266778, 0.000530871504452, 0.000305803783704, 0.00035839661723, 0.000367241649656, 0.000501603179146, 0.000383945385693, 0.000342197075952, 0.000522461312357, 0.000456002249848, 0.000697981449775, 0.000441103125922, 0.000304692366626, 0.000230567296967, 0.000290008785669, 0.000217785971472, 0.000494879554026, 0.000391244626371, 0.000202658804483, 0.000268098345259, 8.87583082658e-05, 4.4521788368e-05, 4.34487701568e-05, 9.3682690931e-05, 9.39639940043e-05, 7.97686370788e-05, 0.000115792601719, 9.67317537288e-05, 7.59178146836e-05, 8.53892488522e-05, 0.0001057832269, 0.000117714516819, 0.000136372415, 0.000154633904458, 5.77370883548e-05, 4.1976752982e-05, 5.64263900742e-05, 9.29950911086e-05, 8.40632783365e-05, 3.20257604471e-05, 3.61222664651e-05, 6.99829761288e-05, 7.14723355486e-05, 6.09445996815e-05, 5.62632885703e-05, 5.44449067093e-05, 8.33127560327e-05, 9.79955366347e-05, 7.20528478269e-05, 5.82216052862e-05, 6.8393535912e-05, 6.78414289723e-05, 0.000105802384496, 8.69682844495e-05, 6.76902636769e-05, 3.27308807755e-05, 1.45512385643e-05, 1.01922669273e-05, 7.5564812505e-06, 9.17362194741e-06, 7.54414713811e-06, 7.74966520112e-06, 7.63949265092e-06, 6.98963503964e-06, 6.73749718771e-06, 6.21471826889e-06, 5.01806835018e-06, 3.4009067349e-06, 3.08070366373e-06, 2.8461038255e-06, 2.35693414652e-06, 2.38644156525e-06, 2.87112379738e-06, 3.88249554817e-06, 3.96929044655e-06, 3.1592085179e-06, 2.95461222777e-06, 2.62814614871e-06, 2.37957124227e-06, 2.14219085137e-06, 1.83776853646e-06, 1.5604816781e-06, 1.46049853811e-06, 1.15272007406e-06, 1.24667269574e-06, 1.16217495361e-06, 1.00013585325e-06, 1.19228275253e-06, 9.40027632623e-07, 9.39562937674e-07, 1.43834984101e-06, 8.35765774809e-07, 6.835058457e-07, 5.44481736142e-07, 3.52100840928e-07, 4.16572618178e-07, 3.17403447525e-07, 2.35318353248e-07, 1.63193348612e-07, 1.75882533426e-07, 1.73253155822e-07, 1.35791083267e-07, 1.22868883068e-07, 9.81930341482e-08, 4.63139535611e-08, 2.05170080925e-09, 2.91850467404e-11, 2.85748317369e-11, 2.82485909664e-11, 2.80328798369e-11]
    },
    "mfcc": {
        "mean": [-648.051574707, 78.0802001953, -21.3848800659, 7.21229124069, -17.790189743, -17.5837402344, 7.38578605652, -3.62483096123, -9.69921970367, 9.43577289581, -7.86941719055, 0.483719527721, 5.11883115768],
        "cov": [[4471.41992188, 436.811737061, 695.813720703, 1015.69354248, 1106.91333008, 428.536956787, 384.279907227, 183.153564453, 414.899719238, 355.099609375, -57.428062439, 296.762512207, 55.9654312134], [436.811737061, 988.443908691, 356.903045654, 292.986419678, 398.168029785, 274.215637207, 103.359519958, 118.601249695, 174.482147217, -39.7919273376, 18.3990001678, 50.4101409912, 6.93229913712], [695.813720703, 356.903045654, 838.300964355, 360.500305176, 356.86151123, 386.23236084, -36.43491745, 114.129394531, 188.818084717, -75.2696609497, 60.6334266663, 86.0193786621, -4.39828586578], [1015.69354248, 292.986419678, 360.500305176, 589.538146973, 502.160949707, 207.496917725, -20.8511867523, 53.4277381897, 208.923431396, 73.6913299561, -57.9126968384, 105.065193176, 30.7797794342], [1106.91333008, 398.168029785, 356.86151123, 502.160949707, 743.088684082, 260.350708008, 5.71814680099, 125.045059204, 277.193267822, 119.211906433, -18.7823734283, 123.728027344, 23.7702980042], [428.536956787, 274.215637207, 386.23236084, 207.496917725, 260.350708008, 400.975128174, 70.5563812256, 93.7408905029, 165.105834961, -20.5563220978, 92.9439544678, 39.6644744873, -43.649772644], [384.279907227, 103.359519958, -36.43491745, -20.8511867523, 5.71814680099, 70.5563812256, 330.86895752, 60.9959983826, -7.61880350113, 70.2275314331, 54.5082550049, -0.343067705631, 2.60320305824], [183.153564453, 118.601249695, 114.129394531, 53.4277381897, 125.045059204, 93.7408905029, 60.9959983826, 150.012405396, 85.2147369385, 26.634054184, 41.3505477905, 41.341053009, 17.4395980835], [414.899719238, 174.482147217, 188.818084717, 208.923431396, 277.193267822, 165.105834961, -7.61880350113, 85.2147369385, 226.748733521, 59.4429855347, 21.1349067688, 69.0107727051, -3.61248636246], [355.099609375, -39.7919273376, -75.2696609497, 73.6913299561, 119.211906433, -20.5563220978, 70.2275314331, 26.634054184, 59.4429855347, 191.873306274, 15.2442064285, 44.5857772827, 8.3632183075], [-57.428062439, 18.3990001678, 60.6334266663, -57.9126968384, -18.7823734283, 92.9439544678, 54.5082550049, 41.3505477905, 21.1349067688, 15.2442064285, 151.02520752, 12.1525220871, -14.2104759216], [296.762512207, 50.4101409912, 86.0193786621, 105.065193176, 123.728027344, 39.6644744873, -0.343067705631, 41.341053009, 69.0107727051, 44.5857772827, 12.1525220871, 150.597061157, 68.8014297485], [55.9654312134, 6.93229913712, -4.39828586578, 30.7797794342, 23.7702980042, -43.649772644, 2.60320305824, 17.4395980835, -3.61248636246, 8.3632183075, -14.2104759216, 68.8014297485, 152.476348877]],
        "icov": [[0.000584606954362, 0.00020612408116, -0.000313168449793, -0.000503045623191, -0.000463590840809, 0.000174334971234, -0.000868729839567, 0.000234653067309, 1.84141063073e-05, -0.000306914938847, 0.000303237815388, -0.000473310705274, 0.000237840547925], [0.00020612408116, 0.0016804819461, -0.000218388027861, -0.000308276794385, -0.00087160198018, -4.55468289147e-05, -0.0010009870166, -0.000150051957462, -0.00035734049743, 0.00102898618206, 0.000114216345537, -1.89655456779e-05, 1.52606153279e-05], [-0.000313168449793, -0.000218388027861, 0.00310975406319, -0.000983833218925, 0.000296497019008, -0.00205641053617, 0.00116953707766, -0.00109734025318, 0.000424329744419, 0.00145588337909, -0.000729251070879, -0.000312826276058, -0.000112803340016], [-0.000503045623191, -0.000308276794385, -0.000983833218925, 0.0059364256449, -0.00199277792126, -0.000819944252726, 0.000660625519231, 0.00164298410527, -0.000991900917143, -0.000918207748327, 0.00224996055476, -0.000149570143549, -0.000847301271278], [-0.000463590840809, -0.00087160198018, 0.000296497019008, -0.00199277792126, 0.00511462008581, -0.00102974206675, 0.00133815617301, -0.00146009237505, -0.00147474720143, -0.00162449781783, 0.00056573288748, 0.000139866024256, -0.00028358909185], [0.000174334971234, -4.55468289147e-05, -0.00205641053617, -0.000819944252726, -0.00102974206675, 0.00813571736217, -0.00232253479771, 0.000382610509405, -0.00303188199177, 0.0026134243235, -0.00347014702857, -3.50130403604e-06, 0.00199272972532], [-0.000868729839567, -0.0010009870166, 0.00116953707766, 0.000660625519231, 0.00133815617301, -0.00232253479771, 0.00604183226824, -0.00227298703976, 0.00215694704093, -0.00222657551058, -0.000642488594167, 0.00119088427164, -0.000875925470609], [0.000234653067309, -0.000150051957462, -0.00109734025318, 0.00164298410527, -0.00146009237505, 0.000382610509405, -0.00227298703976, 0.011214110069, -0.00340936868452, 6.16290271864e-05, -0.00107174471486, -0.000737334543373, -0.00120062055066], [1.84141063073e-05, -0.00035734049743, 0.000424329744419, -0.000991900917143, -0.00147474720143, -0.00303188199177, 0.00215694704093, -0.00340936868452, 0.0117675894871, -0.00260823010467, 0.000194288615603, -0.00166810490191, 0.00112970371265], [-0.000306914938847, 0.00102898618206, 0.00145588337909, -0.000918207748327, -0.00162449781783, 0.0026134243235, -0.00222657551058, 6.16290271864e-05, -0.00260823010467, 0.0103225568309, -0.0026575603988, -0.0014590449864, 0.00110828876495], [0.000303237815388, 0.000114216345537, -0.000729251070879, 0.00224996055476, 0.00056573288748, -0.00347014702857, -0.000642488594167, -0.00107174471486, 0.000194288615603, -0.0026575603988, 0.0109816901386, -0.00134565727785, 0.000241263725911], [-0.000473310705274, -1.89655456779e-05, -0.000312826276058, -0.000149570143549, 0.000139866024256, -3.50130403604e-06, 0.00119088427164, -0.000737334543373, -0.00166810490191, -0.0014590449864, -0.00134565727785, 0.0115751046687, -0.00507095223293], [0.000237840547925, 1.52606153279e-05, -0.000112803340016, -0.000847301271278, -0.00028358909185, 0.00199272972532, -0.000875925470609, -0.00120062055066, 0.00112970371265, 0.00110828876495, 0.000241263725911, -0.00507095223293, 0.00968175195158]]
    },
    "spectral_contrast_coeffs": {
        "max": [-0.343073576689, -0.491901189089, -0.418793976307, -0.593422532082, -0.540355026722, -0.603981077671],
        "mean": [-0.734045386314, -0.710290312767, -0.697368323803, -0.756300866604, -0.726187169552, -0.792414069176],
        "min": [-0.912108540535, -0.904478251934, -0.900972306728, -0.912602186203, -0.887367427349, -0.879757940769],
        "stdev": [0.0980350896716, 0.0779216438532, 0.0774411037564, 0.0587659813464, 0.0699955150485, 0.0338839925826]
    },
    "spectral_contrast_valleys": {
        "max": [-4.92755937576, -5.33566522598, -5.83558797836, -6.26364469528, -5.87250232697, -7.94041585922],
        "mean": [-8.06336688995, -7.16496944427, -7.56980800629, -7.94043731689, -7.48747491837, -9.89975166321],
        "min": [-11.5146617889, -8.93969535828, -9.10534191132, -9.6613483429, -9.88115692139, -12.1846027374],
        "stdev": [1.65862548351, 0.684461236, 0.620203256607, 0.69632422924, 0.71888923645, 0.777409255505]
    }
},
"rhythm": {
    "beats_count": 54,
    "beats_loudness": {
        "max": 0.0422055535018,
        "mean": 0.0200843438506,
        "min": 0.00038245235919,
        "stdev": 0.0127273006365
    },
    "bpm": 104.506538391,
    "bpm_histogram_first_peak_bpm": 103,
    "bpm_histogram_first_peak_weight": 0.514285683632,
    "bpm_histogram_second_peak_bpm": 92,
    "bpm_histogram_second_peak_spread": 0.625,
    "bpm_histogram_second_peak_weight": 0.113207548857,
    "danceability": 0.984490811825,
    "onset_rate": 2.73779273033,
    "beats_loudness_band_ratio": {
        "max": [0.659494102001, 0.514825820923, 0.488575965166, 0.831588685513, 0.584566235542, 0.688227176666],
        "mean": [0.139617905021, 0.128951638937, 0.204914852977, 0.246320411563, 0.121703766286, 0.204163610935],
        "min": [5.99541090196e-05, 0.00192813796457, 0.0414445623755, 0.0204734746367, 0.00274238386191, 0.017373951152],
        "stdev": [0.158316835761, 0.109400644898, 0.118017196655, 0.179390087724, 0.11048707366, 0.150289133191]
    },
    "beats_position": [0.603718817234, 1.19582760334, 1.77632653713, 2.34521532059, 2.92571425438, 3.49460315704, 4.06349182129, 4.63238096237, 5.20126962662, 5.75854873657, 6.33904743195, 6.90793657303, 7.47682523727, 8.05732440948, 8.62621307373, 9.19510173798, 9.76399040222, 10.3328800201, 10.9133787155, 11.4938774109, 12.0627660751, 12.6316547394, 13.1889343262, 13.7694330215, 14.3383216858, 14.9188203812, 15.4877090454, 16.0682086945, 16.6487064362, 17.2292060852, 17.8097057343, 18.390203476, 18.970703125, 19.5395908356, 20.1084804535, 20.6889801025, 21.2694778442, 21.8499774933, 22.5117454529, 23.1619052887, 23.8120632172, 24.4622211456, 25.1007709503, 25.7509288788, 26.4010887146, 27.0280265808, 27.6665763855, 28.3051242828, 28.932062149, 29.5706119537, 30.2091598511, 30.8360996246, 31.4630374908, 32.0899772644],
