{
"metadata": {
    "version": {
        "essentia": "2.1-beta5",
        "essentia_git_sha": "Undefined",
        "extractor": "music 2.0"
    },
    "audio_properties": {
        "analysis": {
            "equal_loudness": 0,
            "length": 48.7502937317,
            "sample_rate": 44100,
            "start_time": 77.7404098511,
            "downmix": "mix"
        },
        "bit_rate": 192000,
        "length": 192.16897583,
        "lossless": 0,
        "number_channels": 2,
        "replay_gain": -10.4258518219,
        "sample_rate": 48000,
        "codec": "mp3",
        "md5_encoded": "b577f465a8878a530b9eeebf1e462f1f"
    },
    "tags": {
        "file_name": "Norway_Hold On Be Strong_Maria.mp3",
        "encoding": ["Lavf58.29.100"]
    }
},
"lowlevel": {
    "average_loudness": 0.965498924255,
    "barkbands_crest": {
        "max": 24.1090164185,
        "mean": 8.96817970276,
        "min": 2.5424861908,
        "stdev": 3.65267395973
    },
    "barkbands_flatness_db": {
        "max": 0.241735845804,
        "mean": 0.112369701266,
        "min": 0.0328758619726,
        "stdev": 0.0392276793718
    },
    "barkbands_kurtosis": {
        "max": 46.8837242126,
        "mean": 1.10881471634,
        "min": -1.88677668571,
        "stdev": 3.86106681824
    },
    "barkbands_skewness": {
        "max": 6.23998737335,
        "mean": 0.896252214909,
        "min": -1.61987817287,
        "stdev": 0.938197910786
    },
    "barkbands_spread": {
        "max": 93.2274246216,
        "mean": 31.1666812897,
        "min": 2.7122604847,
        "stdev": 14.0455055237
    },
    "dissonance": {
        "max": 0.5,
        "mean": 0.468515962362,
        "min": 0.325950682163,
        "stdev": 0.0230121556669
    },
    "dynamic_complexity": 2.5051548481,
    "erbbands_crest": {
        "max": 30.3544387817,
        "mean": 9.56196784973,
        "min": 2.50584816933,
        "stdev": 5.11240625381
    },
    "erbbands_flatness_db": {
        "max": 0.286878734827,
        "mean": 0.154095411301,
        "min": 0.0642518177629,
        "stdev": 0.0400075651705
    },
    "erbbands_kurtosis": {
        "max": 22.3969955444,
        "mean": 0.446113348007,
        "min": -1.66184532642,
        "stdev": 2.09385156631
    },
    "erbbands_skewness": {
        "max": 4.29951286316,
        "mean": 0.0208446905017,
        "min": -3.01681828499,
        "stdev": 0.873377978802
    },
    "erbbands_spread": {
        "max": 110.677383423,
        "mean": 37.6330947876,
        "min": 6.44702339172,
        "stdev": 16.5384960175
    },
    "hfc": {
        "max": 109.098205566,
        "mean": 23.1725597382,
        "min": 0.270268559456,
        "stdev": 17.7842311859
    },
    "loudness_ebu128": {
        "integrated": -14.0690574646,
        "loudness_range": 3.26327800751,
        "momentary": {
            "max": -9.40072441101,
            "mean": -14.5129289627,
            "min": -21.9327774048,
            "stdev": 2.06526255608
        },
        "short_term": {
            "max": -12.1979589462,
            "mean": -14.3082046509,
            "min": -17.6080684662,
            "stdev": 1.23516941071
        }
    },
    "melbands_crest": {
        "max": 30.0754947662,
        "mean": 12.954583168,
        "min": 3.90558385849,
        "stdev": 4.55480575562
    },
    "melbands_flatness_db": {
        "max": 0.33110037446,
        "mean": 0.16076309979,
        "min": 0.0296383313835,
        "stdev": 0.0507294349372
    },
    "melbands_kurtosis": {
        "max": 118.04434967,
        "mean": 6.75433921814,
        "min": -1.77842211723,
        "stdev": 10.2648906708
    },
    "melbands_skewness": {
        "max": 8.62034130096,
        "mean": 1.9774184227,
        "min": -0.345079392195,
        "stdev": 1.23431432247
    },
    "melbands_spread": {
        "max": 204.924621582,
        "mean": 37.4397964478,
        "min": 2.66600847244,
        "stdev": 22.929151535
    },
    "pitch_salience": {
        "max": 0.820532858372,
        "mean": 0.524571657181,
        "min": 0.161079153419,
        "stdev": 0.100632168353
    },
    "silence_rate_20dB": {
        "max": 1,
        "mean": 1,
        "min": 1,
        "stdev": 0
    },
    "silence_rate_30dB": {
        "max": 1,
        "mean": 1,
        "min": 1,
        "stdev": 0
    },
    "silence_rate_60dB": {
        "max": 1,
        "mean": 0.022846262902,
        "min": 0,
        "stdev": 0.149415060878
    },
    "spectral_centroid": {
        "max": 4535.07519531,
        "mean": 1895.86669922,
        "min": 334.413482666,
        "stdev": 696.660461426
    },
    "spectral_complexity": {
        "max": 52,
        "mean": 19.3783912659,
        "min": 0,
        "stdev": 8.81082344055
    },
    "spectral_decrease": {
        "max": -6.89820978117e-11,
        "mean": -4.7538453174e-09,
        "min": -1.65831544052e-08,
        "stdev": 2.61492427711e-09
    },
    "spectral_energy": {
        "max": 0.0683204680681,
        "mean": 0.0200439486653,
        "min": 0.000284868903691,
        "stdev": 0.011049435474
    },
    "spectral_energyband_high": {
        "max": 0.0111561547965,
        "mean": 0.000961855461355,
        "min": 1.68113285781e-06,
        "stdev": 0.00117883773055
    },
    "spectral_energyband_low": {
        "max": 0.0285213142633,
        "mean": 0.005475548096,
        "min": 8.75964360603e-06,
        "stdev": 0.00398746225983
    },
    "spectral_energyband_middle_high": {
        "max": 0.0480560027063,
        "mean": 0.00715506076813,
        "min": 9.41028192756e-05,
        "stdev": 0.00742913037539
    },
    "spectral_energyband_middle_low": {
        "max": 0.0507557764649,
        "mean": 0.00707779824734,
        "min": 7.26176294847e-05,
        "stdev": 0.00650143250823
    },
    "spectral_entropy": {
        "max": 8.78681087494,
        "mean": 7.67401647568,
        "min": 6.41991281509,
        "stdev": 0.381013840437
    },
    "spectral_flux": {
        "max": 0.187890797853,
        "mean": 0.0750922784209,
        "min": 0.00929325073957,
        "stdev": 0.0338768623769
    },
    "spectral_kurtosis": {
        "max": 23.8233585358,
        "mean": 3.6577501297,
        "min": -0.692517280579,
        "stdev": 2.2683699131
    },
    "spectral_rms": {
        "max": 0.0081641972065,
        "mean": 0.00424236617982,
        "min": 0.000527182011865,
        "stdev": 0.00124795525335
    },
    "spectral_rolloff": {
        "max": 10465.1367188,
        "mean": 2139.6574707,
        "min": 86.1328125,
        "stdev": 1465.12634277
    },
    "spectral_skewness": {
        "max": 3.51244997978,
        "mean": 1.30972278118,
        "min": 0.0666817128658,
        "stdev": 0.354098826647
    },
    "spectral_spread": {
        "max": 14979466,
        "mean": 4476463.5,
        "min": 2137192.5,
        "stdev": 1139103.25
    },
    "spectral_strongpeak": {
        "max": 20.1948337555,
        "mean": 1.42687749863,
        "min": 0,
        "stdev": 2.129529953
    },
    "zerocrossingrate": {
        "max": 0.28515625,
        "mean": 0.0758216455579,
        "min": 0.0107421875,
        "stdev": 0.0333278141916
    },
    "barkbands": {
        "max": [0.000610096554738, 0.0137478485703, 0.0187949836254, 0.0236212238669, 0.0182276889682, 0.0149061307311, 0.0170536581427, 0.0421704351902, 0.0384109690785, 0.0361973531544, 0.022719502449, 0.0285670142621, 0.0171073675156, 0.0169392228127, 0.00803634244949, 0.0136924469844, 0.0106516452506, 0.00845380406827, 0.0241780858487, 0.00986955594271, 0.00323721417226, 0.00408846931532, 0.00567517941818, 0.00329430098645, 0.00280638341792, 0.000516151019838, 3.43773936038e-05],
        "mean": [6.52209273539e-05, 0.00313097820617, 0.00183998444118, 0.000730571511667, 0.00116580480244, 0.001285994309, 0.000943920458667, 0.00124258187134, 0.00129897636361, 0.0012628142722, 0.000476663088193, 0.00116852321662, 0.000627847970463, 0.000611231895164, 0.000317261175951, 0.000616458768491, 0.000575838494115, 0.000527030380908, 0.000707241415512, 0.000722500786651, 0.000181918250746, 0.000162287222338, 0.000175317123649, 0.000121861950902, 6.00739913352e-05, 2.36314044741e-05, 1.41646671636e-06],
        "min": [2.00169014697e-09, 1.77307512672e-07, 2.13788416659e-06, 4.88537352794e-07, 1.2713833712e-05, 3.54371695721e-06, 4.82678342451e-06, 4.49692549864e-07, 2.97950464301e-07, 5.94797620579e-06, 1.56384044203e-06, 1.14489910175e-06, 1.97322674467e-06, 1.22301696592e-06, 1.32333263991e-06, 3.28801411342e-06, 1.46209549712e-06, 1.44256523527e-06, 2.17529463953e-06, 7.08265758931e-07, 6.0466601326e-07, 4.10742870827e-07, 1.57702942261e-07, 5.60950610407e-08, 3.31798126751e-08, 1.37407702994e-08, 2.52595305783e-11],
        "stdev": [8.35545797599e-05, 0.00249883369543, 0.00240179896355, 0.00118621415459, 0.00145525240805, 0.00166185712442, 0.00174697733019, 0.00320603186265, 0.00357814016752, 0.00314204161987, 0.00145069975406, 0.00287556624971, 0.00156735058408, 0.00141985551454, 0.00056010147091, 0.00149871513713, 0.001111220452, 0.000841102446429, 0.00165584799834, 0.00115057209041, 0.000237601532717, 0.000278497522231, 0.00031551529537, 0.000187483485206, 0.000132018467411, 4.56231500721e-05, 2.95696554531e-06]
    },
    "erbbands": {
        "max": [0.343588471413, 3.46459007263, 16.6145858765, 54.8681678772, 70.6183929443, 47.8018226624, 85.6396865845, 168.245300293, 274.225921631, 608.66607666, 978.415649414, 1198.61047363, 1673.26806641, 825.5234375, 1051.13720703, 1168.71069336, 708.245544434, 932.706542969, 780.219177246, 457.135040283, 919.86315918, 654.927307129, 469.925842285, 1113.14147949, 778.688415527, 425.943115234, 337.188354492, 143.48866272, 167.347991943, 151.364135742, 156.647720337, 105.859779358, 30.9725437164, 37.1067047119, 22.0389156342, 3.0315747261, 0.986404657364, 0.0714528039098, 0.00497137801722, 0.000225421579671],
        "mean": [0.0796959921718, 0.743924379349, 2.09001803398, 2.45647859573, 2.90358185768, 3.25087976456, 7.07325553894, 12.2200565338, 15.634560585, 17.0671806335, 28.548910141, 25.4277095795, 42.7256736755, 25.5816020966, 24.8631038666, 46.1731834412, 31.8651008606, 25.5845317841, 24.6289787292, 19.4814147949, 38.1584815979, 34.5686264038, 28.0414886475, 34.2660331726, 39.4632415771, 29.4658279419, 11.8238811493, 6.21979093552, 5.9442782402, 5.35708284378, 4.69081544876, 3.67076086998, 1.43024492264, 0.845026195049, 0.331808239222, 0.138032764196, 0.0350035019219, 0.00372829963453, 0.000322303327266, 3.51143789885e-05],
        "min": [2.86749291263e-05, 0.000220306304982, 0.00441104546189, 0.00836824439466, 0.0217589382082, 0.0628234818578, 0.029173148796, 0.0364200845361, 0.073811493814, 0.0394125767052, 0.00533929513767, 0.0143529651687, 0.264680951834, 0.182215735316, 0.105084508657, 0.0558507889509, 0.103762805462, 0.0946605429053, 0.0601559989154, 0.106437548995, 0.228797912598, 0.195611029863, 0.0864021703601, 0.0840248912573, 0.115772947669, 0.0321593396366, 0.020600605756, 0.0282693337649, 0.0157144162804, 0.00974349025637, 0.00370252341963, 0.00141588225961, 0.00071730586933, 0.000377631367883, 0.000184537522728, 8.12182042864e-05, 2.00344056793e-05, 3.23189487972e-06, 9.78293428489e-07, 1.12114901185e-06],
        "stdev": [0.0702925547957, 0.632518827915, 2.48040246964, 3.607162714, 4.83166074753, 4.02929925919, 7.90003442764, 17.2384490967, 24.9334030151, 48.3029670715, 77.1301727295, 72.818649292, 114.347663879, 53.7771339417, 59.8878593445, 114.11139679, 70.6143493652, 65.3179092407, 53.2164344788, 29.9129047394, 98.2282028198, 65.9318695068, 40.4684524536, 66.8302230835, 69.4731903076, 43.3033943176, 20.7020797729, 8.19580554962, 10.1986122131, 9.99714946747, 8.8345823288, 6.09111499786, 2.22506952286, 1.78968095779, 0.854419350624, 0.247074842453, 0.0832705944777, 0.00694796117023, 0.000630356022157, 2.62262747128e-05]
    },
    "gfcc": {
        "mean": [11.9754800797, 79.4011077881, -126.894607544, 41.6647262573, -60.7834854126, 15.7367734909, -34.2229423523, 16.4622173309, -24.3715000153, 3.82281804085, -8.05909538269, 1.57068645954, -10.37591362],
        "cov": [[2143.19726562, -764.062988281, -99.321395874, 120.581138611, 116.654914856, 88.1943511963, 20.9779548645, 161.267501831, -19.1700325012, 81.6027984619, 15.7692451477, 29.1739826202, -80.2295074463], [-764.062988281, 937.469909668, -102.241386414, -109.396560669, 102.937606812, -8.56689167023, 95.9113388062, -23.314950943, -26.3963298798, -81.7735595703, 78.9262695312, -89.3961791992, 37.2214889526], [-99.321395874, -102.241386414, 441.409210205, 113.566925049, -41.461856842, 84.8502655029, 2.96934652328, -27.4824581146, 54.72215271, 30.0743904114, -61.5302619934, 41.3930511475, -21.7201576233], [120.581138611, -109.396560669, 113.566925049, 292.989105225, 93.2304229736, 20.0726222992, -12.2431077957, 45.7709693909, 52.9448814392, 36.7015266418, 12.0939188004, 34.6464614868, 44.3865852356], [116.654914856, 102.937606812, -41.461856842, 93.2304229736, 250.315658569, 39.5558776855, 43.3653755188, 77.3913955688, -19.0443897247, 11.8480863571, 51.9072952271, -11.555644989, 19.3367843628], [88.1943511963, -8.56689167023, 84.8502655029, 20.0726222992, 39.5558776855, 183.947860718, 106.701271057, 12.7161521912, -25.5954208374, 18.3635025024, 29.3255748749, 1.04948925972, -21.7852725983], [20.9779548645, 95.9113388062, 2.96934652328, -12.2431077957, 43.3653755188, 106.701271057, 192.621063232, 18.1400184631, -30.3460407257, 5.54738140106, 42.6533203125, -16.8586769104, -27.3291740417], [161.267501831, -23.314950943, -27.4824581146, 45.7709693909, 77.3913955688, 12.7161521912, 18.1400184631, 194.304519653, 59.5081596375, 12.3706388474, 19.5289993286, -3.06650495529, 36.6924133301], [-19.1700325012, -26.3963298798, 54.72215271, 52.9448814392, -19.0443897247, -25.5954208374, -30.3460407257, 59.5081596375, 175.41708374, 44.1500282288, -28.4490070343, 35.8991661072, 24.527507782], [81.6027984619, -81.7735595703, 30.0743904114, 36.7015266418, 11.8480863571, 18.3635025024, 5.54738140106, 12.3706388474, 44.1500282288, 101.189117432, 37.0390434265, 30.4942417145, 0.480309188366], [15.7692451477, 78.9262695312, -61.5302619934, 12.0939188004, 51.9072952271, 29.3255748749, 42.6533203125, 19.5289993286, -28.4490070343, 37.0390434265, 126.681938171, 23.9953403473, 18.761756897], [29.1739826202, -89.3961791992, 41.3930511475, 34.6464614868, -11.555644989, 1.04948925972, -16.8586769104, -3.06650495529, 35.8991661072, 30.4942417145, 23.9953403473, 105.3671875, 37.8297576904], [-80.2295074463, 37.2214889526, -21.7201576233, 44.3865852356, 19.3367843628, -21.7852725983, -27.3291740417, 36.6924133301, 24.527507782, 0.480309188366, 18.761756897, 37.8297576904, 104.047325134]],
        "icov": [[0.000858298444655, 0.000745779077988, 0.00038911390584, -0.000112573870865, -0.000420936732553, -0.000278359570075, -4.12037297792e-05, -0.00050270545762, 7.48014645069e-05, 2.80099102383e-05, -0.00013388574007, -5.28094569745e-05, 0.000736267189495], [0.000745779077988, 0.00277402321808, -0.000260049506323, 0.00114231917541, -0.00165764498524, 0.000453898130218, -0.00108151498716, 0.0010870891856, -0.00180338218343, 0.00234760018066, -0.00267284736037, 0.00253832316957, -0.00124988029711], [0.00038911390584, -0.000260049506323, 0.00407135905698, -0.00192615634296, 0.000919600308407, -0.00247867126018, 0.000602664717007, -0.000217471795622, 0.000151124608237, -0.0011710744584, 0.00280284206383, -0.00208784919232, 0.00183325726539], [-0.000112573870865, 0.00114231917541, -0.00192615634296, 0.00596428150311, -0.00284975627437, 0.000565271824598, -0.00014437129721, 0.000960849283729, -0.00192321336363, 0.00059936119942, -0.00170518760569, 0.00140187644865, -0.00292231794447], [-0.000420936732553, -0.00165764498524, 0.000919600308407, -0.00284975627437, 0.0070837251842, -0.000949002162088, 0.000219333378482, -0.00265230354853, 0.00235097901896, -0.00157194351777, 0.000460987095721, -0.000700334261637, 0.000778415706009], [-0.000278359570075, 0.000453898130218, -0.00247867126018, 0.000565271824598, -0.000949002162088, 0.0101846223697, -0.00504364911467, -9.0779925813e-05, 0.0009672344313, -0.000327664543875, -0.00149572105147, 0.000423486140789, -0.000230298246606], [-4.12037297792e-05, -0.00108151498716, 0.000602664717007, -0.00014437129721, 0.000219333378482, -0.00504364911467, 0.00918615143746, -0.00112683419138, 0.00060043373378, -0.000265221082373, -0.00093210284831, -0.000367634522263, 0.00241737440228], [-0.00050270545762, 0.0010870891856, -0.000217471795622, 0.000960849283729, -0.00265230354853, -9.0779925813e-05, -0.00112683419138, 0.00900262407959, -0.00483658211306, 0.00226446217857, -0.00256076827645, 0.00361742591485, -0.00395244685933], [7.48014645069e-05, -0.00180338218343, 0.000151124608237, -0.00192321336363, 0.00235097901896, 0.0009672344313, 0.00060043373378, -0.00483658211306, 0.011510534212, -0.00659456616268, 0.00593849876896, -0.00452589383349, 0.00107546243817], [2.80099102383e-05, 0.00234760018066, -0.0011710744584, 0.00059936119942, -0.00157194351777, -0.000327664543875, -0.000265221082373, 0.00226446217857, -0.00659456616268, 0.0175812877715, -0.00853777211159, 0.000951523368713, 0.000703903497197], [-0.00013388574007, -0.00267284736037, 0.00280284206383, -0.00170518760569, 0.000460987095721, -0.00149572105147, -0.00093210284831, -0.00256076827645, 0.00593849876896, -0.00853777211159, 0.0169689692557, -0.00647471658885, 0.000358618883183], [-5.28094569745e-05, 0.00253832316957, -0.00208784919232, 0.00140187644865, -0.000700334261637, 0.000423486140789, -0.000367634522263, 0.00361742591485, -0.00452589383349, 0.000951523368713, -0.00647471658885, 0.0173094049096, -0.00719944387674], [0.000736267189495, -0.00124988029711, 0.00183325726539, -0.00292231794447, 0.000778415706009, -0.000230298246606, 0.00241737440228, -0.00395244685933, 0.00107546243817, 0.000703903497197, 0.000358618883183, -0.00719944387674, 0.0163872744888]]
    },
    "melbands": {
        "max": [0.00333825591952, 0.006454303395, 0.00926121138036, 0.00459086243063, 0.00256532127969, 0.00347457686439, 0.00347518408671, 0.00708734896034, 0.00774872163311, 0.00696258293465, 0.00814323872328, 0.00368497846648, 0.0036431804765, 0.00332407653332, 0.00504669127986, 0.0014968556352, 0.00211454834789, 0.00153337675147, 0.00076701422222, 0.000684778497089, 0.00134967325721, 0.000884183275048, 0.000667755608447, 0.000648153945804, 0.00113416858949, 0.00125213933643, 0.000587176473346, 0.000281553540844, 0.000356244127033, 5.45677976334e-05, 9.78750031209e-05, 9.73120113485e-05, 9.24587948248e-05, 9.81132689049e-05, 0.000104100807221, 8.8214466814e-05, 5.79873812967e-05, 2.03678137041e-05, 2.0615694666e-05, 3.79676639568e-05],
        "mean": [0.000798954803031, 0.00104222865775, 0.000435944588389, 0.00021780274983, 0.000232665232033, 0.000273409794318, 0.000221715672524, 0.000212095153984, 0.000237568849116, 0.000159098766744, 0.000218649103772, 0.000111873174319, 7.35743742553e-05, 0.000108749773062, 0.000138435847475, 4.10911161453e-05, 4.81421302538e-05, 4.45388177468e-05, 2.30917030422e-05, 2.98568447761e-05, 4.55457084172e-05, 3.33730276907e-05, 2.7638843676e-05, 2.84018224193e-05, 2.72174656857e-05, 2.92549411824e-05, 3.28596834152e-05, 1.58289476531e-05, 8.63107834448e-06, 4.16989587393e-06, 3.26714257426e-06, 3.44271302311e-06, 2.90518619295e-06, 3.05139838019e-06, 2.59201874542e-06, 3.05543790091e-06, 1.78012328433e-06, 9.45443787259e-07, 8.91577712991e-07, 6.59607508169e-07],
        "min": [4.13946530387e-08, 1.72940485754e-06, 1.80603103672e-06, 2.11980773202e-06, 1.28831197799e-06, 8.1459154444e-07, 1.00096099231e-06, 3.44148588738e-07, 2.37985879892e-08, 6.58116618979e-08, 5.7253845398e-07, 7.25307984339e-07, 4.39943022457e-07, 1.55509809474e-07, 1.2201765287e-07, 2.09408412388e-07, 1.66463735241e-07, 7.64166045997e-08, 1.12500956106e-07, 1.33184570927e-07, 2.3709576169e-07, 8.61698623567e-08, 7.13584284995e-08, 6.4057410043e-08, 6.60330030655e-08, 7.22046422652e-08, 5.03183876788e-08, 9.75697833638e-09, 9.88701920335e-09, 9.68532454237e-09, 1.34997435453e-08, 7.35072758218e-09, 3.82494302897e-09, 4.08402200947e-09, 2.40662867412e-09, 1.03644992588e-09, 8.19585121992e-10, 4.24235424568e-10, 4.98438290641e-10, 2.35163166717e-10],
        "stdev": [0.000658367178403, 0.000962528923992, 0.00055526860524, 0.000338386453222, 0.000251396675594, 0.000363430270227, 0.000346671236912, 0.000573688594159, 0.000670435081702, 0.000439214432845, 0.000578803708777, 0.000253763399087, 0.00020416645566, 0.00026919413358, 0.000416468275944, 9.78739917628e-05, 0.000132210407173, 0.000111787296191, 4.21821678174e-05, 5.91495409026e-05, 0.000125411577756, 6.87979045324e-05, 5.01301110489e-05, 5.37380328751e-05, 5.98202532274e-05, 7.6485768659e-05, 5.80559244554e-05, 2.57048377534e-05, 2.01131806534e-05, 5.07808999828e-06, 4.86489534524e-06, 5.86367423239e-06, 5.59272984901e-06, 5.85502129979e-06, 5.37794176125e-06, 5.40272640137e-06, 2.90991829388e-06, 1.51329652454e-06, 1.51689573613e-06, 1.64386938195e-06]
    },
    "melbands128": {
        "max": [0.000579502666369, 0.00276964437217, 0.00615923479199, 0.00638186279684, 0.00925926212221, 0.00969360861927, 0.012227145955, 0.0106092058122, 0.00844502449036, 0.00571093009785, 0.00237270724028, 0.00338430283591, 0.00286310305819, 0.0050079994835, 0.00478237122297, 0.00712919048965, 0.00835298188031, 0.00516009936109, 0.00425835326314, 0.0116757396609, 0.0150372069329, 0.0177586972713, 0.013075824827, 0.0159490089864, 0.015052523464, 0.00372144393623, 0.0129984179512, 0.0137360962108, 0.012103272602, 0.00773650081828, 0.00571804586798, 0.00442617107183, 0.00699656317011, 0.00690316781402, 0.00465431017801, 0.00677265785635, 0.00732427509502, 0.0111613413319, 0.00493512721732, 0.00211897189729, 0.00277290889062, 0.0037665842101, 0.00305345049128, 0.00311981583945, 0.00265648635104, 0.00344597850926, 0.000975014525466, 0.00176216720138, 0.000947238178924, 0.00169923505746, 0.00108640117105, 0.00221450068057, 0.00285721477121, 0.00123194290791, 0.00102350988891, 0.00202457141131, 0.00162859342527, 0.00138735712972, 0.00083543441724, 0.000376798154321, 0.00144402496517, 0.00102609791793, 0.00181968964171, 0.00161925889552, 0.00341281085275, 0.0023348282557, 0.000765448086895, 0.00138882966712, 0.0012938202126, 0.000820718763862, 0.000489457510412, 0.000581234227866, 0.000916349061299, 0.00040536490269, 0.000245696079219, 5.4873922636e-05, 6.35421092738e-05, 0.00014938908862, 0.000134088433697, 7.69350372138e-05, 9.69635293586e-05, 0.000106805287942, 0.00010898974142, 0.000109656801214, 0.000111340545118, 0.000116961215099, 0.000136603834108, 0.000114967588161, 0.000120026968943, 0.000129076783196, 8.75075929798e-05, 8.89481525519e-05, 7.15225178283e-05, 6.2060826167e-05, 5.13997511007e-05, 2.41963498411e-05, 2.07966568269e-05, 3.2446347177e-05, 2.5575658583e-05, 2.06229742616e-05, 3.3502921724e-05, 5.44899849046e-05, 3.3886233723e-05, 2.17585929931e-05, 4.34396060882e-05, 1.68527203641e-05, 1.05047838588e-05, 8.43446196086e-06, 4.34194635091e-06, 6.74138618706e-06, 8.03844977781e-06, 5.75834383199e-06, 1.60390243309e-06, 1.90598188965e-06, 1.59071498729e-06, 8.38886819565e-07, 4.85531700178e-07, 7.6045773767e-07, 2.63955257651e-07, 2.04108133062e-07, 2.85136593448e-07, 1.58448827392e-07, 7.13995902402e-08, 2.39089743559e-08, 2.35709887164e-08, 2.33407622119e-08, 2.31518342275e-08, 2.3034713692e-08],
        "mean": [6.114639109e-05, 0.000544887967408, 0.00113642518409, 0.0012414570665, 0.00115514383651, 0.000835344544612, 0.000514793850016, 0.000320104532875, 0.000303900567815, 0.000215966254473, 0.000138350034831, 0.000248947209911, 0.000246431154665, 0.000231284851907, 0.0002562928712, 0.000313510361593, 0.000297956517898, 0.000220086978516, 9.57320080488e-05, 0.000177052046638, 0.000282825902104, 0.000290117255645, 0.000195806132979, 0.000250265235081, 0.000160260096891, 8.13023143564e-05, 0.000242926267674, 0.000212453087443, 0.000259244261542, 0.00013011538249, 5.66521812289e-05, 7.2109469329e-05, 7.76613378548e-05, 5.61779670534e-05, 0.000126036247821, 0.000110082044557, 9.49312016019e-05, 0.00022130747675, 9.67746964307e-05, 3.73683797079e-05, 2.62893281615e-05, 4.72926367365e-05, 5.35270664841e-05, 3.66110398318e-05, 6.50056463201e-05, 4.97317232657e-05, 1.72522977664e-05, 2.21784339374e-05, 2.5921208362e-05, 2.43544382101e-05, 2.52085756074e-05, 3.28172318405e-05, 7.65616714489e-05, 3.39667931257e-05, 1.79299458978e-05, 3.32368726959e-05, 4.8268619139e-05, 3.52340030076e-05, 1.80530460057e-05, 1.58649490913e-05, 3.54320945917e-05, 3.24428110616e-05, 2.02363735298e-05, 2.03063063964e-05, 4.81288552692e-05, 2.92263921438e-05, 1.60859799507e-05, 3.41968188877e-05, 4.18014315073e-05, 2.45960400207e-05, 1.36043117891e-05, 1.26929353428e-05, 1.25725910038e-05, 6.99356996847e-06, 5.60627768209e-06, 3.56925829692e-06, 4.10846905652e-06, 3.74515207113e-06, 2.68814460469e-06, 3.50940126737e-06, 3.06864740196e-06, 3.92792662751e-06, 3.20178605762e-06, 2.50893663178e-06, 2.9339178127e-06, 2.95901168101e-06, 3.38359222951e-06, 2.76605010185e-06, 2.55512077274e-06, 2.1425732939e-06, 3.13768236992e-06, 3.16830323754e-06, 3.45556964021e-06, 1.50866162585e-06, 1.05867275124e-06, 9.35706225391e-07, 8.97075892681e-07, 9.86832560557e-07, 9.40148993323e-07, 8.50513515616e-07, 6.95992014244e-07, 6.76111199027e-07, 5.44324052498e-07, 4.32345785839e-07, 3.64879554127e-07, 2.66856346798e-07, 2.86253566628e-07, 2.69788159812e-07, 1.97448102313e-07, 2.4057749215e-07, 2.4408151944e-07, 1.48946341483e-07, 6.17098194766e-08, 7.11577641255e-08, 5.50966916535e-08, 2.82431162901e-08, 1.56611719149e-08, 1.36128655015e-08, 1.10886873017e-08, 8.63658655703e-09, 8.22968715397e-09, 4.73058303641e-09, 1.48792156374e-09, 5.60978694053e-11, 1.45194455417e-11, 1.4328471569e-11, 1.41880231522e-11, 1.41112304133e-11],
        "min": [1.5132117781e-09, 7.16737558193e-09, 1.76862862133e-08, 9.23149059417e-08, 3.36425102887e-07, 9.28500696773e-07, 6.32802652945e-07, 3.13531558049e-07, 5.7464086467e-07, 4.74440639664e-07, 2.82721032363e-07, 3.44604814018e-07, 2.01759547735e-07, 5.01354236349e-07, 1.13158151294e-07, 7.93239109953e-08, 2.61516248656e-07, 2.05105152418e-07, 1.24674528479e-07, 2.11108044823e-07, 1.64602937502e-07, 3.11476178183e-08, 2.67604072235e-09, 1.04876143325e-08, 5.70761358176e-08, 6.51286740094e-08, 1.0072792378e-07, 1.23981010347e-07, 2.26596071684e-07, 3.59401525429e-07, 1.97119760514e-07, 1.64629938126e-07, 8.17438774448e-08, 1.48358367369e-07, 1.0031517661e-07, 9.09408299776e-08, 1.10745673965e-07, 4.17079846216e-08, 1.0667595518e-07, 4.92390590523e-08, 8.62908962063e-08, 7.42474242088e-08, 5.01063617264e-08, 5.39726201509e-08, 6.58212471194e-08, 6.38487307469e-08, 6.2242186516e-08, 4.96861041199e-08, 8.55102371133e-08, 8.30640090044e-08, 2.5979934648e-08, 9.88283090919e-08, 1.17149909329e-07, 9.47650420358e-08, 2.60819899012e-08, 6.02341003741e-08, 3.96071726527e-08, 2.92282997805e-08, 4.08773885852e-08, 4.78302659701e-08, 4.66378473618e-08, 3.8035182115e-08, 2.90158315153e-08, 5.41890230465e-08, 4.05975271178e-08, 4.47672583448e-08, 3.95717307811e-08, 5.77689540648e-08, 1.59171484881e-08, 1.31320279095e-08, 1.21891883254e-08, 5.33467758856e-09, 6.55921006398e-09, 8.49229930822e-09, 5.56121459994e-09, 8.78635564305e-09, 8.9063219022e-09, 1.63363420569e-08, 4.5086321343e-09, 5.4107753833e-09, 2.82646461791e-09, 6.70238975431e-09, 3.62303875789e-09, 1.70632208363e-09, 3.15087178571e-09, 2.42046405141e-09, 1.92408422528e-09, 1.73644154611e-09, 1.63702507106e-09, 9.68750635266e-10, 1.21586041235e-09, 1.06161646141e-09, 4.75786965382e-10, 5.3019666435e-10, 6.13748163403e-10, 3.88696907994e-10, 2.84791329408e-10, 2.2223352325e-10, 5.08324604631e-10, 4.48460851787e-10, 2.63837507397e-10, 1.65482641479e-10, 1.64171731765e-10, 1.88735013729e-10, 1.34358454917e-10, 1.8682691505e-10, 1.65551378162e-10, 1.78746933921e-10, 1.35260830314e-10, 7.09682243527e-11, 4.34270328031e-11, 3.52769514989e-11, 3.94222050837e-11, 5.06941641443e-11, 1.39197950041e-11, 1.87964106085e-11, 1.22848468052e-13, 7.32562610833e-14, 5.22343670054e-14, 5.94116295331e-14, 5.30140981028e-14, 4.8188852946e-14, 4.58614334117e-14, 4.29544265012e-14, 3.5876802153e-14, 1.38380517982e-14, 1.59324006879e-15, 6.27140480995e-17],
        "stdev": [8.11364079709e-05, 0.000570394739043, 0.00117434270214, 0.0011283562053, 0.00139317114372, 0.00112552253995, 0.000872206233907, 0.000518092012499, 0.000584866967984, 0.000491389131639, 0.000198301990167, 0.000323444895912, 0.000313829310471, 0.000388565094909, 0.00040714876377, 0.000623808824457, 0.00056119391229, 0.000468160782475, 0.000273621903034, 0.000797243090346, 0.000803220900707, 0.00100056861993, 0.000857090344653, 0.00104462378658, 0.000748827995267, 0.000271248922218, 0.000980583601631, 0.00080276618246, 0.000761733565014, 0.000417343893787, 0.000212573882891, 0.000267994240858, 0.000314125005389, 0.000248638330959, 0.000391485489672, 0.000394029484596, 0.000405879749451, 0.000838646141347, 0.000296315498417, 0.000130653570523, 0.000115537091915, 0.000207109507755, 0.000196711349417, 0.00015957155847, 0.00019410571258, 0.000172994186869, 4.10857428506e-05, 6.60917139612e-05, 6.19806160103e-05, 6.64121907903e-05, 7.40964533179e-05, 0.000121026925626, 0.000287197472062, 0.000101075376733, 6.35530232103e-05, 0.000114222646516, 0.000126750819618, 9.770005272e-05, 4.25567777711e-05, 3.3536398405e-05, 9.6681091236e-05, 7.6941534644e-05, 7.71624982008e-05, 6.83711259626e-05, 0.000178577480256, 0.000113929396321, 3.65891100955e-05, 8.41747314553e-05, 0.000101513454865, 5.78513208893e-05, 3.1590974686e-05, 3.62936370948e-05, 4.71762396046e-05, 1.81187806447e-05, 1.21058365039e-05, 4.87079796585e-06, 5.33780848855e-06, 7.84992698755e-06, 4.93175230076e-06, 5.87239583183e-06, 5.51836319573e-06, 8.04139745014e-06, 6.61609738017e-06, 5.34039281774e-06, 6.34983598502e-06, 6.07155243415e-06, 6.83732469042e-06, 6.34636990071e-06, 5.87685872233e-06, 5.66683775105e-06, 6.04878823651e-06, 5.63585990676e-06, 7.08280413164e-06, 2.59337639363e-06, 2.09502627513e-06, 1.62070182341e-06, 1.51972335516e-06, 1.89461002265e-06, 1.71093336121e-06, 1.4562862134e-06, 1.74764909389e-06, 2.0839595436e-06, 1.62672165516e-06, 1.11500116873e-06, 1.40767679113e-06, 7.23026005289e-07, 6.49156277177e-07, 6.40024552467e-07, 3.73467003101e-07, 5.73553904815e-07, 7.24600340618e-07, 4.56795419268e-07, 1.34376932692e-07, 1.64296778848e-07, 1.20088159861e-07, 6.15937310045e-08, 3.77184576905e-08, 3.88415806185e-08, 2.64180997078e-08, 2.06499155553e-08, 2.31547456764e-08, 1.50955283829e-08, 6.08759131993e-09, 5.93335602872e-10, 5.14696285592e-10, 5.09667974491e-10, 5.0554233022e-10, 5.02985042505e-10]
    },
    "mfcc": {
        "mean": [-625.625488281, 103.214767456, -4.7212471962, 26.3309745789, 0.802621662617, 0.487491875887, 4.96141958237, 7.74096107483, -5.78803253174, 6.68131828308, -1.9922709465, 1.68991339207, 3.85664129257],
        "cov": [[2223.15600586, -714.356384277, -215.505081177, 49.926109314, 105.265861511, -52.3503952026, 88.616973877, 58.6603279114, -2.1864926815, 153.756362915, 26.4522018433, 51.9428710938, 14.7979440689], [-714.356384277, 843.336547852, -143.650497437, -75.3524627686, -31.9239463806, -10.5245885849, 100.33921814, 17.8229064941, -51.2991790771, -6.44936656952, 0.018755864352, -31.4065742493, -3.05770373344], [-215.505081177, -143.650497437, 446.276031494, 14.3669338226, -28.9918022156, 115.251052856, -74.3972091675, 4.95468521118, 58.8935699463, -37.7553939819, 10.1643857956, 29.7518405914, 7.37715482712], [49.926109314, -75.3524627686, 14.3669338226, 229.390670776, 113.993682861, -2.47489953041, -5.64092731476, 7.97926712036, 53.4682540894, 7.55616569519, 1.994997859, 29.8352508545, 32.7105674744], [105.265861511, -31.9239463806, -28.9918022156, 113.993682861, 220.870391846, -41.5645256042, 11.774977684, 25.1471309662, 53.09948349, 22.0669116974, 1.58803272247, 18.7133426666, 36.7073135376], [-52.3503952026, -10.5245885849, 115.251052856, -2.47489953041, -41.5645256042, 217.289840698, 57.6864356995, 7.41314649582, -21.9142742157, 2.94114232063, 31.4079685211, 6.01137828827, -20.4662895203], [88.616973877, 100.33921814, -74.3972091675, -5.64092731476, 11.774977684, 57.6864356995, 283.912841797, 52.9365577698, -51.8371658325, 46.7619781494, 15.3290166855, -2.88006162643, 5.51302814484], [58.6603279114, 17.8229064941, 4.95468521118, 7.97926712036, 25.1471309662, 7.41314649582, 52.9365577698, 111.477890015, 39.7763328552, 31.6709861755, 17.3898582458, 1.1596571207, 10.9017953873], [-2.1864926815, -51.2991790771, 58.8935699463, 53.4682540894, 53.09948349, -21.9142742157, -51.8371658325, 39.7763328552, 137.28793335, 23.2571487427, 15.2906856537, 19.1044902802, 8.26740646362], [153.756362915, -6.44936656952, -37.7553939819, 7.55616569519, 22.0669116974, 2.94114232063, 46.7619781494, 31.6709861755, 23.2571487427, 117.152519226, 38.8937416077, 3.36584210396, -7.43983364105], [26.4522018433, 0.018755864352, 10.1643857956, 1.994997859, 1.58803272247, 31.4079685211, 15.3290166855, 17.3898582458, 15.2906856537, 38.8937416077, 101.761672974, 22.1226825714, -6.89499568939], [51.9428710938, -31.4065742493, 29.7518405914, 29.8352508545, 18.7133426666, 6.01137828827, -2.88006162643, 1.1596571207, 19.1044902802, 3.36584210396, 22.1226825714, 109.017776489, 50.8836479187], [14.7979440689, -3.05770373344, 7.37715482712, 32.7105674744, 36.7073135376, -20.4662895203, 5.51302814484, 10.9017953873, 8.26740646362, -7.43983364105, -6.89499568939, 50.8836479187, 100.020309448]],
        "icov": [[0.000873909157235, 0.000870783696882, 0.000565344467759, 0.000170980187249, -0.000229146913625, 1.068421534e-05, -0.000153543282067, -0.00044219836127, 0.000365937914466, -0.000815043633338, 0.000170437982888, -0.000442023330834, 8.8403117843e-05], [0.000870783696882, 0.00221750559285, 0.000960326404311, 0.000537274288945, -0.000159472270752, -2.02570918191e-05, -0.000539631175343, -0.000588894763496, 0.000346246088156, -0.000408995285397, -1.79191465577e-05, -0.000139822470373, -0.000148414081195], [0.000565344467759, 0.000960326404311, 0.00376999215223, 0.000301907071844, 0.00024083686003, -0.00212252116762, 0.000619768921752, -0.000487781420816, -0.00143731059507, 0.000607773952652, 0.000196081935428, -0.00060346070677, -0.000450246443506], [0.000170980187249, 0.000537274288945, 0.000301907071844, 0.00649637542665, -0.00297651370056, -0.000824394926894, -0.000221565715037, 0.000770916813053, -0.00166233675554, 0.000149875049829, 0.000275687751127, -0.000634099822491, -0.000813690770883], [-0.000229146913625, -0.000159472270752, 0.00024083686003, -0.00297651370056, 0.00704599125311, 0.000959279364906, -0.000525495968759, -0.000236729494645, -0.00164037535433, -0.000282273918856, -6.28709094599e-05, 0.000558656058274, -0.00152406049892], [1.068421534e-05, -2.02570918191e-05, -0.00212252116762, -0.000824394926894, 0.000959279364906, 0.00691137742251, -0.00165510468651, -0.000197700879653, 0.00153126986697, 8.6956533778e-05, -0.00169282977004, -0.000467781035695, 0.00160007330123], [-0.000153543282067, -0.000539631175343, 0.000619768921752, -0.000221565715037, -0.000525495968759, -0.00165510468651, 0.00554797425866, -0.00278899027035, 0.00273659150116, -0.00161489995662, 0.000362754828529, -0.000174329819856, -0.000347282621078], [-0.00044219836127, -0.000588894763496, -0.000487781420816, 0.000770916813053, -0.000236729494645, -0.000197700879653, -0.00278899027035, 0.0130171962082, -0.00495458394289, -0.000863473978825, -0.00106586655602, 0.00188112806063, -0.002072555013], [0.000365937914466, 0.000346246088156, -0.00143731059507, -0.00166233675554, -0.00164037535433, 0.00153126986697, 0.00273659150116, -0.00495458394289, 0.0126457158476, -0.00253426772542, -0.000401442142902, -0.00165843451396, 0.00149290100671], [-0.000815043633338, -0.000408995285397, 0.000607773952652, 0.000149875049829, -0.000282273918856, 8.6956533778e-05, -0.00161489995662, -0.000863473978825, -0.00253426772542, 0.0125566553324, -0.00394501583651, 0.000492077611852, 0.000939944351558], [0.000170437982888, -1.79191465577e-05, 0.000196081935428, 0.000275687751127, -6.28709094599e-05, -0.00169282977004, 0.000362754828529, -0.00106586655602, -0.000401442142902, -0.00394501583651, 0.0128650292754, -0.00345469615422, 0.0020265984349], [-0.000442023330834, -0.000139822470373, -0.00060346070677, -0.000634099822491, 0.000558656058274, -0.000467781035695, -0.000174329819856, 0.00188112806063, -0.00165843451396, 0.000492077611852, -0.00345469615422, 0.0140039464459, -0.0073719038628], [8.8403117843e-05, -0.000148414081195, -0.000450246443506, -0.000813690770883, -0.00152406049892, 0.00160007330123, -0.000347282621078, -0.002072555013, 0.00149290100671, 0.000939944351558, 0.0020265984349, -0.0073719038628, 0.0152480034158]]
    },
    "spectral_contrast_coeffs": {
        "max": [-0.457560628653, -0.476445108652, -0.485876381397, -0.565340876579, -0.543400406837, -0.613537967205],
        "mean": [-0.729438483715, -0.732810258865, -0.743027329445, -0.774444282055, -0.761859297752, -0.764418661594],
        "min": [-0.914082169533, -0.929863929749, -0.899632155895, -0.899218022823, -0.885056018829, -0.87976193428],
        "stdev": [0.0699244961143, 0.0726353749633, 0.0762890651822, 0.0579246170819, 0.061137188226, 0.0302553512156]
    },
    "spectral_contrast_valleys": {
        "max": [-5.47815418243, -5.02939367294, -5.66155576706, -6.04505491257, -5.92265272141, -7.80408811569],
        "mean": [-6.81951475143, -6.85232019424, -7.37173700333, -7.58638238907, -7.31123828888, -9.94043827057],
        "min": [-9.28841972351, -8.62264728546, -9.82739067078, -9.42234039307, -9.5905790329, -13.0737400055],
        "stdev": [0.594688177109, 0.494265764952, 0.513022124767, 0.526340186596, 0.59427767992, 0.727275669575]
    }
},
"rhythm": {
    "beats_count": 74,
    "beats_loudness": {
        "max": 0.0652199834585,
        "mean": 0.028854560107,
        "min": 0.00440353667364,
        "stdev": 0.0101086692885
    },
    "bpm": 92.0205841064,
    "bpm_histogram_first_peak_bpm": 92,
    "bpm_histogram_first_peak_weight": 0.027397274971,
    "bpm_histogram_second_peak_bpm": 0,
    "bpm_histogram_second_peak_spread": 0,
    "bpm_histogram_second_peak_weight": 0,
    "danceability": 1.11837410927,
    "onset_rate": 3.3837890625,
    "beats_loudness_band_ratio": {
        "max": [0.81817740202, 0.55924987793, 0.764137148857, 0.520914912224, 0.41274523735, 0.419488728046],
        "mean": [0.303091436625, 0.150220915675, 0.230438873172, 0.154339343309, 0.107082724571, 0.116140723228],
        "min": [0.0608455315232, 0.0172656197101, 0.0208923947066, 0.00928331445903, 0.011579643935, 0.00390227953903],
        "stdev": [0.166617617011, 0.126912176609, 0.195770606399, 0.149631530046, 0.0917940214276, 0.0769645124674]
    },
    "beats_position": [0.626938760281, 1.27709746361, 1.92725622654, 2.57741498947, 3.22757363319, 3.87773227692, 4.52789115906, 5.17804956436, 5.8282084465, 6.47836732864, 7.12852573395, 7.77868461609, 8.42884349823, 9.0906124115, 9.74077033997, 10.4025392532, 11.0526981354, 11.7028570175, 12.3530158997, 13.0031747818, 13.6533327103, 14.3034915924, 14.9652605057, 15.6270294189, 16.2771873474, 16.9273471832, 17.5775051117, 18.2276649475, 18.877822876, 19.5279808044, 20.1781406403, 20.8282985687, 21.4900684357, 22.1402263641, 22.8019943237, 23.4521541595, 24.102312088, 24.7524719238, 25.4026298523, 26.0527877808, 26.7029476166, 27.353105545, 28.0032653809, 28.6534233093, 29.3035831451, 29.9537410736, 30.6038990021, 31.265668869, 31.9158267975, 32.5775947571, 33.2277526855, 33.8779144287, 34.5280723572, 35.1782302856, 35.8283882141, 36.4785499573, 37.1287078857, 37.790473938, 38.4406356812, 39.1024017334, 39.7641716003, 40.4259414673, 41.0760993958, 41.7146492004, 42.3531951904, 43.0033569336, 43.6535148621, 44.3036727905, 44.953830719, 45.6156005859, 46.2657585144, 46.9275283813, 47.5776863098, 48.2278442383],
