{
"metadata": {
    "version": {
        "essentia": "2.1-beta5",
        "essentia_git_sha": "Undefined",
        "extractor": "music 2.0"
    },
    "audio_properties": {
        "analysis": {
            "equal_loudness": 0,
            "length": 29.0017242432,
            "sample_rate": 44100,
            "start_time": 0,
            "downmix": "mix"
        },
        "bit_rate": 192000,
        "length": 232.350479126,
        "lossless": 0,
        "number_channels": 2,
        "replay_gain": -3.55953979492,
        "sample_rate": 48000,
        "codec": "mp3",
        "md5_encoded": "61ee6433840fe185f29e92026e09fa81"
    },
    "tags": {
        "file_name": "Moldova_A Century Of Love_Geta Burlacu.mp3",
        "encoding": ["Lavf58.29.100"]
    }
},
"lowlevel": {
    "average_loudness": 0.910282313824,
    "barkbands_crest": {
        "max": 26.2441158295,
        "mean": 12.1493654251,
        "min": 2.64315843582,
        "stdev": 5.0789847374
    },
    "barkbands_flatness_db": {
        "max": 0.369778186083,
        "mean": 0.142507597804,
        "min": 0.0235564243048,
        "stdev": 0.0746264457703
    },
    "barkbands_kurtosis": {
        "max": 251.667556763,
        "mean": 21.2526931763,
        "min": -1.44182407856,
        "stdev": 35.8621139526
    },
    "barkbands_skewness": {
        "max": 13.2336454391,
        "mean": 3.17166733742,
        "min": -0.583971083164,
        "stdev": 2.40100264549
    },
    "barkbands_spread": {
        "max": 82.5785598755,
        "mean": 19.110710144,
        "min": 0.703806817532,
        "stdev": 13.2406511307
    },
    "dissonance": {
        "max": 0.5,
        "mean": 0.469607770443,
        "min": 0.342351615429,
        "stdev": 0.0190207120031
    },
    "dynamic_complexity": 4.10251235962,
    "erbbands_crest": {
        "max": 28.6517658234,
        "mean": 8.46206474304,
        "min": 2.70966410637,
        "stdev": 4.10081100464
    },
    "erbbands_flatness_db": {
        "max": 0.239085152745,
        "mean": 0.112508751452,
        "min": 0.0564370639622,
        "stdev": 0.0323785245419
    },
    "erbbands_kurtosis": {
        "max": 31.0015106201,
        "mean": 0.672911942005,
        "min": -1.49766480923,
        "stdev": 2.62236142159
    },
    "erbbands_skewness": {
        "max": 5.30431032181,
        "mean": 0.73561745882,
        "min": -1.04707419872,
        "stdev": 0.731547951698
    },
    "erbbands_spread": {
        "max": 120.830543518,
        "mean": 50.4313201904,
        "min": 8.02423095703,
        "stdev": 19.875711441
    },
    "hfc": {
        "max": 122.012931824,
        "mean": 17.4175796509,
        "min": 1.60818472068e-05,
        "stdev": 19.9860134125
    },
    "loudness_ebu128": {
        "integrated": -18.9825992584,
        "loudness_range": 6.62603759766,
        "momentary": {
            "max": -14.2682409286,
            "mean": -20.3386611938,
            "min": -39.610786438,
            "stdev": 3.88094949722
        },
        "short_term": {
            "max": -15.9843463898,
            "mean": -19.5466423035,
            "min": -25.1736240387,
            "stdev": 2.15728259087
        }
    },
    "melbands_crest": {
        "max": 33.2968635559,
        "mean": 16.9249210358,
        "min": 3.7525036335,
        "stdev": 5.55003976822
    },
    "melbands_flatness_db": {
        "max": 0.478064507246,
        "mean": 0.235172480345,
        "min": 0.0371862612665,
        "stdev": 0.0932649075985
    },
    "melbands_kurtosis": {
        "max": 324.672393799,
        "mean": 45.0474014282,
        "min": -1.31347548962,
        "stdev": 54.7151947021
    },
    "melbands_skewness": {
        "max": 14.3900718689,
        "mean": 4.45706415176,
        "min": -0.535669803619,
        "stdev": 2.63249897957
    },
    "melbands_spread": {
        "max": 102.928779602,
        "mean": 14.8298768997,
        "min": 0.491863697767,
        "stdev": 12.6377573013
    },
    "pitch_salience": {
        "max": 0.833876848221,
        "mean": 0.499661773443,
        "min": 0.0685959905386,
        "stdev": 0.155650034547
    },
    "silence_rate_20dB": {
        "max": 1,
        "mean": 1,
        "min": 1,
        "stdev": 0
    },
    "silence_rate_30dB": {
        "max": 1,
        "mean": 0.960799992085,
        "min": 0,
        "stdev": 0.194071292877
    },
    "silence_rate_60dB": {
        "max": 1,
        "mean": 0.167199999094,
        "min": 0,
        "stdev": 0.373152792454
    },
    "spectral_centroid": {
        "max": 2837.51660156,
        "mean": 976.087402344,
        "min": 144.643005371,
        "stdev": 513.918945312
    },
    "spectral_complexity": {
        "max": 49,
        "mean": 13.0047998428,
        "min": 0,
        "stdev": 8.84741687775
    },
    "spectral_decrease": {
        "max": -3.15093122357e-15,
        "mean": -9.96068116876e-09,
        "min": -4.36187477248e-08,
        "stdev": 9.01318220059e-09
    },
    "spectral_energy": {
        "max": 0.167198866606,
        "mean": 0.039173707366,
        "min": 1.33510216216e-08,
        "stdev": 0.0350714959204
    },
    "spectral_energyband_high": {
        "max": 0.0104089491069,
        "mean": 0.00099452980794,
        "min": 5.99644167654e-10,
        "stdev": 0.00155182229355
    },
    "spectral_energyband_low": {
        "max": 0.142553210258,
        "mean": 0.0263389069587,
        "min": 1.88289539516e-09,
        "stdev": 0.029170723632
    },
    "spectral_energyband_middle_high": {
        "max": 0.023973185569,
        "mean": 0.00234740809537,
        "min": 3.79543863005e-09,
        "stdev": 0.00312086986378
    },
    "spectral_energyband_middle_low": {
        "max": 0.12096773833,
        "mean": 0.011606534943,
        "min": 7.33912619566e-09,
        "stdev": 0.0181413907558
    },
    "spectral_entropy": {
        "max": 8.70114135742,
        "mean": 7.65394830704,
        "min": 5.68285083771,
        "stdev": 0.514346837997
    },
    "spectral_flux": {
        "max": 0.390844136477,
        "mean": 0.102453909814,
        "min": 0.00011554662342,
        "stdev": 0.0829769447446
    },
    "spectral_kurtosis": {
        "max": 18.2914428711,
        "mean": 4.14427089691,
        "min": -0.503935098648,
        "stdev": 2.80962300301
    },
    "spectral_rms": {
        "max": 0.0127718774602,
        "mean": 0.00534927845001,
        "min": 3.60907006325e-06,
        "stdev": 0.00309895141982
    },
    "spectral_rolloff": {
        "max": 10745.0683594,
        "mean": 870.923278809,
        "min": 64.599609375,
        "stdev": 1131.2154541
    },
    "spectral_skewness": {
        "max": 3.41042423248,
        "mean": 1.74133324623,
        "min": 0.654623329639,
        "stdev": 0.489580780268
    },
    "spectral_spread": {
        "max": 21214354,
        "mean": 6198153.5,
        "min": 2899964.5,
        "stdev": 1617613.375
    },
    "spectral_strongpeak": {
        "max": 3.50589561462,
        "mean": 0.480195015669,
        "min": 0,
        "stdev": 0.428133934736
    },
    "zerocrossingrate": {
        "max": 0.24462890625,
        "mean": 0.0548023432493,
        "min": 0.00341796875,
        "stdev": 0.0358415395021
    },
    "barkbands": {
        "max": [0.0070553002879, 0.106974259019, 0.122424304485, 0.0876367390156, 0.0873787775636, 0.0157620608807, 0.0134184239432, 0.0257695894688, 0.0132212461904, 0.00629644142464, 0.0129700060934, 0.00610904116184, 0.01242932491, 0.00310842576437, 0.00490651931614, 0.00384834548458, 0.00180959969293, 0.00145925139077, 0.00150301598478, 0.00188233249355, 0.00139659352135, 0.00113434868399, 0.00218502013013, 0.00217244797386, 0.00471486290917, 0.00140671723057, 0.000148387101945],
        "mean": [0.000499004963785, 0.0145324766636, 0.00925737340003, 0.00388564984314, 0.0043055829592, 0.000834090344142, 0.000916694058105, 0.000987084582448, 0.000550141558051, 0.000407425628509, 0.000467213714728, 0.000189518206753, 0.000307012582198, 0.000207295248401, 0.000158201117301, 0.000229351921007, 0.00014217584976, 0.000109602071461, 0.00014064917923, 0.00013011394185, 0.000115831229778, 0.000126533632283, 0.000154738983838, 0.000182985138963, 0.000220136207645, 0.0001101659509, 6.74032571624e-06],
        "min": [2.05559375077e-10, 8.16744560872e-10, 6.62097432436e-10, 3.34610783526e-10, 1.11630794886e-10, 9.57365076104e-10, 4.65130467475e-09, 9.74847758073e-10, 1.99477392937e-10, 3.01724395468e-10, 5.7790450203e-10, 3.36692923542e-10, 8.60745641429e-10, 4.29882796027e-10, 6.23790685772e-10, 2.49112258599e-10, 1.25758306546e-10, 2.08630515641e-10, 8.84989165284e-11, 6.93860593981e-11, 7.15719358779e-11, 2.90421853233e-11, 4.60143104175e-11, 5.04119836153e-11, 1.0700651476e-10, 1.70507205577e-10, 9.04307601024e-11],
        "stdev": [0.000685838342179, 0.020032254979, 0.0149030592293, 0.00967191811651, 0.0102206310257, 0.00162415066734, 0.00142948457506, 0.00223985756747, 0.0012550096726, 0.000689880514983, 0.00096821365878, 0.000480460206745, 0.000716817565262, 0.000340938218869, 0.000289424235234, 0.000411478744354, 0.000221081776544, 0.000160160096129, 0.000208722267416, 0.000206411277759, 0.000171238614712, 0.000189504498849, 0.000244463444687, 0.000289995106868, 0.000471236009616, 0.000194431224372, 1.41902883115e-05]
    },
    "erbbands": {
        "max": [3.02090573311, 27.9753265381, 106.401878357, 254.490921021, 323.796783447, 387.499938965, 326.025512695, 99.6657867432, 161.952041626, 584.676086426, 186.857254028, 294.118621826, 201.893692017, 193.675979614, 619.703613281, 304.979614258, 595.350708008, 168.670028687, 302.155303955, 277.615539551, 128.675460815, 73.204246521, 80.1263122559, 115.643577576, 66.7512130737, 87.6406021118, 77.1513290405, 38.2824935913, 43.1252059937, 50.9496498108, 59.6271972656, 53.1210021973, 36.2450256348, 30.7416801453, 48.9822158813, 13.1112308502, 1.88204061985, 0.356233358383, 0.0271828211844, 0.000901060469914],
        "mean": [0.383257955313, 3.40554404259, 10.6723098755, 11.9517211914, 13.5679636002, 14.6776590347, 9.69442939758, 7.17466306686, 12.0519342422, 22.5052947998, 12.5130081177, 13.3722066879, 11.0326719284, 12.8184270859, 21.8833084106, 8.97316646576, 14.580329895, 11.6678466797, 9.49910545349, 9.21598529816, 10.1330633163, 7.22126960754, 6.41322803497, 8.14605808258, 6.49976873398, 6.30504798889, 4.88955593109, 4.36465167999, 4.41289615631, 4.68823289871, 4.65722751617, 3.76924371719, 2.9892282486, 2.11627840996, 1.76124060154, 0.674757957458, 0.15841050446, 0.0281093753874, 0.00107010675129, 7.74408690631e-05],
        "min": [3.31549649957e-08, 1.53802361069e-07, 5.9495152982e-07, 1.22533617741e-06, 5.25158952769e-07, 3.13988749667e-07, 8.85097335868e-07, 1.14099839266e-05, 5.42991110706e-05, 5.59699874429e-05, 1.58558032126e-05, 5.04223771713e-06, 8.73808312463e-06, 1.37577990245e-05, 2.31883914239e-05, 1.34445008371e-05, 3.7650410377e-05, 2.51587771345e-05, 2.15810250666e-05, 4.18924064434e-05, 1.1045825886e-05, 6.85250961396e-06, 1.11679219117e-05, 5.37347568752e-06, 4.94005917062e-06, 3.39928692483e-06, 3.95744837078e-06, 1.5477036186e-06, 1.04975174509e-06, 1.02820899883e-06, 1.30293540224e-06, 7.66019184084e-07, 1.11049519091e-06, 1.14812189622e-06, 6.29321903034e-07, 3.77436919052e-07, 4.07094688626e-07, 1.28483605977e-07, 1.70147220757e-08, 9.26347332175e-10],
        "stdev": [0.511448919773, 4.98080682755, 15.228553772, 24.4374523163, 34.5388565063, 37.5929031372, 26.1140155792, 11.2782402039, 18.6200828552, 46.7551116943, 22.0310115814, 30.256155014, 20.0198993683, 22.1711597443, 46.4056015015, 21.1342926025, 33.9325294495, 19.651889801, 16.1156711578, 16.6853084564, 14.9845409393, 10.7546138763, 8.93757152557, 13.5262899399, 9.50171947479, 9.87898731232, 7.45211744308, 6.39527320862, 6.60879278183, 7.22068691254, 7.3497428894, 5.96697044373, 4.82347536087, 3.7580742836, 4.68555402756, 1.43231594563, 0.266147345304, 0.045881588012, 0.00225134659559, 8.87985370355e-05]
    },
    "gfcc": {
        "mean": [-9.79826927185, 76.3861846924, -79.887512207, 27.2850875854, -48.8625488281, 25.3221683502, -37.8689918518, 18.1394786835, -21.1654262543, 8.34735679626, -15.9882450104, 2.57393598557, -14.3777761459],
        "cov": [[7452.72119141, -941.100708008, 386.585571289, 810.688171387, -326.410430908, 296.889160156, 67.2414779663, 7.67420911789, -484.902984619, -107.236274719, -317.224731445, -34.6926727295, -264.666625977], [-941.100708008, 843.617492676, 212.030502319, 60.8415031433, 237.067825317, 4.52383136749, 50.7976951599, -40.5061035156, 102.279495239, -96.8067550659, 53.949886322, -104.037712097, 52.0801734924], [386.585571289, 212.030502319, 591.903991699, 217.00352478, 237.405792236, 57.0779495239, 38.7144126892, -5.89324092865, 9.11222457886, -66.2696304321, -22.208322525, -56.4797477722, -34.9532737732], [810.688171387, 60.8415031433, 217.00352478, 319.919830322, 101.250900269, 106.627449036, 59.7782783508, 0.237588092685, -18.8642883301, -39.8549232483, -45.6234703064, -42.169128418, -36.7316627502], [-326.410430908, 237.067825317, 237.405792236, 101.250900269, 288.791717529, 79.9248962402, 63.4597625732, 15.4575395584, 60.9659614563, -21.0375423431, 6.72070169449, -42.9224739075, -2.71155810356], [296.889160156, 4.52383136749, 57.0779495239, 106.627449036, 79.9248962402, 202.001312256, 111.034454346, 34.152256012, 14.9603414536, 17.4463920593, 9.31412601471, -5.25048017502, -10.4002122879], [67.2414779663, 50.7976951599, 38.7144126892, 59.7782783508, 63.4597625732, 111.034454346, 146.594772339, 71.3784561157, 41.2146606445, 15.1364154816, 13.8150672913, -2.6463804245, -5.21645832062], [7.67420911789, -40.5061035156, -5.89324092865, 0.237588092685, 15.4575395584, 34.152256012, 71.3784561157, 127.13608551, 66.2008514404, 48.2120780945, 20.5165920258, 19.3492355347, -0.650595366955], [-484.902984619, 102.279495239, 9.11222457886, -18.8642883301, 60.9659614563, 14.9603414536, 41.2146606445, 66.2008514404, 151.341674805, 59.3708267212, 55.8623580933, 20.9157142639, 33.6392021179], [-107.236274719, -96.8067550659, -66.2696304321, -39.8549232483, -21.0375423431, 17.4463920593, 15.1364154816, 48.2120780945, 59.3708267212, 106.674888611, 46.9481620789, 44.2115440369, 13.475028038], [-317.224731445, 53.949886322, -22.208322525, -45.6234703064, 6.72070169449, 9.31412601471, 13.8150672913, 20.5165920258, 55.8623580933, 46.9481620789, 102.527732849, 41.5035858154, 34.5604476929], [-34.6926727295, -104.037712097, -56.4797477722, -42.169128418, -42.9224739075, -5.25048017502, -2.6463804245, 19.3492355347, 20.9157142639, 44.2115440369, 41.5035858154, 98.9686889648, 37.4105224609], [-264.666625977, 52.0801734924, -34.9532737732, -36.7316627502, -2.71155810356, -10.4002122879, -5.21645832062, -0.650595366955, 33.6392021179, 13.475028038, 34.5604476929, 37.4105224609, 74.1128234863]],
        "icov": [[0.000378136028303, 0.000140891832416, -0.00026532280026, -0.00084728008369, 0.00069450319279, -0.000372698705178, 0.000153179673362, -0.000463951088022, 0.000853690959048, -0.000150602325448, 0.000313920347253, -0.000207888486329, 0.0002845734125], [0.000140891832416, 0.00308220693842, -0.000171525447513, -0.000484325777506, -0.000971078523435, 0.000929254631046, -0.00141409540083, 0.00134324352257, -0.00177245854866, 0.00290765240788, -0.00248488783836, 0.00325698987581, -0.00218602898531], [-0.00026532280026, -0.000171525447513, 0.00345501303673, -0.00105869688559, -0.00278588454239, 0.000897944439203, 0.000338241370628, -1.88201065612e-05, -0.00043573154835, 0.00125249021221, -0.000894433178473, -0.000324136985, 0.000876267731655], [-0.00084728008369, -0.000484325777506, -0.00105869688559, 0.00737261772156, -0.00126071285922, -0.00167980510741, -0.000606094254181, 0.00127124949358, -0.00195799325593, 0.000701551442035, 0.00131330394652, 0.000327354791807, 0.00013943859085], [0.00069450319279, -0.000971078523435, -0.00278588454239, -0.00126071285922, 0.00871213339269, -0.00287911854684, 7.78533576522e-05, -0.000569734955207, -0.000682695070282, -0.000441225856775, 0.00152069155592, 0.000282342400169, 0.000677478441503], [-0.000372698705178, 0.000929254631046, 0.000897944439203, -0.00167980510741, -0.00287911854684, 0.0115971332416, -0.00844143331051, 0.00296113593504, 0.000505819334649, -0.00195798836648, -0.00205551506951, 0.00119685952086, -0.000958292279392], [0.000153179673362, -0.00141409540083, 0.000338241370628, -0.000606094254181, 7.78533576522e-05, -0.00844143331051, 0.0178261213005, -0.00883598718792, 0.000215967927943, 0.00182689807843, 0.00018255514442, -0.00120969722047, 0.00149057037197], [-0.000463951088022, 0.00134324352257, -1.88201065612e-05, 0.00127124949358, -0.000569734955207, 0.00296113593504, -0.00883598718792, 0.0169190093875, -0.00679974956438, -0.0022816832643, 0.000309891533107, -2.24889099627e-05, 0.00130976294167], [0.000853690959048, -0.00177245854866, -0.00043573154835, -0.00195799325593, -0.000682695070282, 0.000505819334649, 0.000215967927943, -0.00679974956438, 0.017538221553, -0.00775728933513, -0.000979143078439, -0.000355202384526, -0.00279437634163], [-0.000150602325448, 0.00290765240788, 0.00125249021221, 0.000701551442035, -0.000441225856775, -0.00195798836648, 0.00182689807843, -0.0022816832643, -0.00775728933513, 0.0215842258185, -0.00653567444533, -0.00167384417728, 0.00166420754977], [0.000313920347253, -0.00248488783836, -0.000894433178473, 0.00131330394652, 0.00152069155592, -0.00205551506951, 0.00018255514442, 0.000309891533107, -0.000979143078439, -0.00653567444533, 0.0188840571791, -0.00633672019467, -0.00109565141611], [-0.000207888486329, 0.00325698987581, -0.000324136985, 0.000327354791807, 0.000282342400169, 0.00119685952086, -0.00120969722047, -2.24889099627e-05, -0.000355202384526, -0.00167384417728, -0.00633672019467, 0.0208380185068, -0.0100268786773], [0.0002845734125, -0.00218602898531, 0.000876267731655, 0.00013943859085, 0.000677478441503, -0.000958292279392, 0.00149057037197, 0.00130976294167, -0.00279437634163, 0.00166420754977, -0.00109565141611, -0.0100268786773, 0.0230724792928]]
    },
    "melbands": {
        "max": [0.026044389233, 0.0388430058956, 0.03747548908, 0.0209616515785, 0.0104600237682, 0.00229484727606, 0.00269862636924, 0.00682359887287, 0.00153467303608, 0.00201359554194, 0.000982256024145, 0.000831459474284, 0.00181229610462, 0.000595208955929, 0.000847467104904, 0.00128630828112, 0.000330369337462, 0.000469362305012, 0.000292528042337, 0.000376054056687, 0.000138918156154, 6.6743028583e-05, 0.000134598929435, 4.94327541674e-05, 0.000105818035081, 4.85037780891e-05, 4.16181210312e-05, 7.74694635766e-05, 4.59437542304e-05, 4.19816497015e-05, 2.67948344117e-05, 2.50649063673e-05, 2.35364568653e-05, 2.93830380542e-05, 3.79685588996e-05, 4.52168751508e-05, 2.91508349619e-05, 2.901487278e-05, 2.97224105452e-05, 2.58769396169e-05],
        "mean": [0.0037156585604, 0.00510826334357, 0.00214523822069, 0.00102216296364, 0.000412650348153, 0.000154156252393, 0.000185365031939, 0.000256696104771, 9.52251430135e-05, 8.02526046755e-05, 5.37533742317e-05, 5.03751653014e-05, 6.62458405714e-05, 3.38219360856e-05, 2.94583132927e-05, 2.56719704339e-05, 2.20230303967e-05, 1.49853985931e-05, 1.0436076991e-05, 1.81427385542e-05, 9.4874358183e-06, 6.29885653325e-06, 8.53667279443e-06, 5.03581486555e-06, 6.88110367264e-06, 4.30540058005e-06, 4.27424993177e-06, 4.39287987319e-06, 3.07773507302e-06, 2.83672466139e-06, 2.54222982221e-06, 2.39471023633e-06, 2.50594189311e-06, 2.62969479081e-06, 2.74974354397e-06, 2.42162172981e-06, 2.24797940973e-06, 2.18225977733e-06, 1.81901805263e-06, 1.74775198047e-06],
        "min": [2.67175975788e-10, 2.7741395292e-10, 1.82097573131e-10, 2.76687579098e-11, 2.18440196487e-11, 2.48987552798e-10, 9.04578412175e-10, 5.27867638489e-10, 9.49395492778e-11, 3.02930701357e-11, 4.33110110276e-11, 5.06451408588e-11, 8.52102000071e-11, 4.55916936148e-11, 3.08531152016e-11, 1.02523545209e-10, 3.92516123771e-11, 3.61311432162e-11, 4.81620715531e-11, 3.76582202921e-11, 9.40781307024e-12, 7.52438996526e-12, 7.53073211429e-12, 1.07446170017e-11, 3.49500658449e-12, 3.48788294253e-12, 3.54236995639e-12, 1.88861773442e-12, 2.71112255909e-12, 1.37648204467e-12, 7.71809916325e-13, 4.77597670613e-13, 7.14177794594e-13, 5.97297168323e-13, 6.72595551303e-13, 7.73436002743e-13, 3.66975682698e-13, 6.98170145828e-13, 1.04081153418e-12, 9.64506144223e-13],
        "stdev": [0.00498902332038, 0.00655023474246, 0.00415428262204, 0.00240143481642, 0.00109471590258, 0.000251961842878, 0.000289641553536, 0.000556339800823, 0.000168043654412, 0.00018292083405, 9.81422344921e-05, 9.33925402933e-05, 0.000135754045914, 6.83668622514e-05, 6.76460767863e-05, 6.59929501126e-05, 3.77126852982e-05, 2.55523882515e-05, 1.92964416783e-05, 3.74532573915e-05, 1.29999980345e-05, 9.19480407902e-06, 1.42791823237e-05, 7.00411283105e-06, 1.20661115943e-05, 6.19480533715e-06, 6.45679983791e-06, 7.59897466196e-06, 4.72997226098e-06, 4.62484194941e-06, 3.90492095903e-06, 3.64153788723e-06, 3.81502422897e-06, 4.18514810008e-06, 4.36983509644e-06, 4.01154102292e-06, 3.64226707461e-06, 3.54969051841e-06, 3.12569000016e-06, 3.22702612721e-06]
    },
    "melbands128": {
        "max": [0.00632044486701, 0.0219807103276, 0.0454042553902, 0.053665690124, 0.0583020113409, 0.0611146390438, 0.0615562051535, 0.0425814129412, 0.037883926183, 0.0280601978302, 0.0273572392762, 0.0138250011951, 0.0153177492321, 0.00416119210422, 0.00234231539071, 0.00176684046164, 0.00247643142939, 0.0042845197022, 0.00388581329025, 0.00940048135817, 0.0100765638053, 0.00161084288266, 0.0023220020812, 0.00409594271332, 0.00309096975252, 0.00297158909962, 0.00184208352584, 0.00153536302969, 0.000818139116745, 0.00145583308768, 0.000880935112946, 0.000621606770437, 0.00188207253814, 0.00392675353214, 0.000646180938929, 0.000957817304879, 0.00133711204398, 0.00104916584678, 0.00117626460269, 0.00213115499355, 0.00127248407807, 0.000527335389052, 0.000396920397179, 0.000528405187652, 0.000559034291655, 0.000644116429612, 0.000801894406322, 0.000274607096799, 0.000305427791318, 0.000553130055778, 0.000759369053412, 0.000317140831612, 0.000335373100825, 0.000101983459899, 0.000102950863948, 8.33552112454e-05, 0.000148642735439, 0.000322177627822, 0.000152823733515, 8.1378442701e-05, 8.24228482088e-05, 6.02792388236e-05, 0.000278552615782, 7.26423531887e-05, 4.70189916086e-05, 6.26035543974e-05, 8.13213919173e-05, 0.000119389093015, 3.2140629628e-05, 9.6791809483e-05, 6.6594191594e-05, 0.000220499670831, 4.81372371723e-05, 3.61546917702e-05, 6.81821475155e-05, 7.57732705097e-05, 3.53073301085e-05, 2.21252339543e-05, 4.36045083916e-05, 3.86172469007e-05, 2.61138320639e-05, 3.89937740692e-05, 3.288838343e-05, 3.42589810316e-05, 4.44035722467e-05, 4.38068345829e-05, 4.01969045924e-05, 4.83349504066e-05, 3.36135126418e-05, 5.61316519452e-05, 6.9685636845e-05, 4.62645803054e-05, 3.86036845157e-05, 4.99965608469e-05, 4.02506229875e-05, 2.54922015301e-05, 5.62988534512e-05, 2.93043085549e-05, 4.01222459914e-05, 3.55313641194e-05, 2.81092961814e-05, 3.22582927765e-05, 3.26322006003e-05, 2.54307396972e-05, 0.000103115729871, 8.8775952463e-05, 6.27502377029e-05, 2.7916579711e-05, 2.03742893063e-05, 1.22305073091e-05, 1.03220063465e-05, 8.36044000607e-06, 6.7972036959e-06, 6.06103367318e-06, 6.12843768977e-06, 3.97784924644e-06, 4.03039030061e-06, 1.722503157e-06, 1.36425251185e-06, 8.20044533612e-07, 8.20247578304e-07, 4.54917511661e-07, 4.594275822e-07, 2.95470634626e-08, 8.58426218997e-10, 8.34036451014e-10, 8.17254874885e-10, 8.10922551331e-10],
        "mean": [0.000424815691076, 0.00281029217876, 0.00493246782571, 0.00577804725617, 0.00597993750125, 0.0040596476756, 0.00241979560815, 0.00183793739416, 0.00128147820942, 0.00106905307621, 0.000791917089373, 0.000589585280977, 0.00030258516199, 0.000198216628633, 0.000174974862603, 0.000114625596325, 0.00012005163444, 0.000264902890194, 0.000165015284438, 0.000267534313025, 0.000346373824868, 8.95525008673e-05, 5.14366911375e-05, 9.82841083896e-05, 0.000108356893179, 5.89770897932e-05, 5.56374507141e-05, 5.78500221309e-05, 3.96244540752e-05, 7.25052086636e-05, 4.25974467362e-05, 3.10357791022e-05, 6.19609345449e-05, 0.000118747106171, 3.03283959511e-05, 1.53323926497e-05, 1.76587691385e-05, 1.8883818484e-05, 5.36705265404e-05, 3.22075975419e-05, 1.78970094566e-05, 1.57315189426e-05, 2.38836455537e-05, 2.74056492344e-05, 1.1037828699e-05, 1.44619825733e-05, 1.71469546331e-05, 1.05212320705e-05, 7.15918486094e-06, 8.76204012457e-06, 2.68307212536e-05, 1.8837139578e-05, 1.11843810373e-05, 5.05196248923e-06, 5.2388891163e-06, 3.6816516058e-06, 8.51015192893e-06, 1.55296929734e-05, 4.25659436587e-06, 4.71595149065e-06, 4.14295254814e-06, 4.39230143456e-06, 1.24355437947e-05, 5.11003418069e-06, 3.11136045639e-06, 4.03090598411e-06, 4.72352621728e-06, 6.3892448452e-06, 2.82355040326e-06, 3.97154371967e-06, 3.30375291924e-06, 6.80915809426e-06, 2.95706399811e-06, 2.29275701713e-06, 2.54155384027e-06, 4.08262849305e-06, 2.14149213207e-06, 1.76809987806e-06, 3.37303436027e-06, 2.44814577854e-06, 1.72679369825e-06, 3.02084595205e-06, 2.42453825194e-06, 2.00563681574e-06, 3.23061908603e-06, 2.31284570873e-06, 2.44189254772e-06, 3.1297172427e-06, 2.51811570706e-06, 2.76831906376e-06, 2.69982501777e-06, 2.03456966119e-06, 2.62090907199e-06, 1.92931565834e-06, 2.59730745711e-06, 1.84051464203e-06, 2.56951125266e-06, 1.72286445377e-06, 1.96323298951e-06, 1.5998756453e-06, 1.84184011687e-06, 1.70453677129e-06, 1.83792417374e-06, 1.64324683283e-06, 2.32138904721e-06, 2.20891183744e-06, 1.99563351089e-06, 1.35936454626e-06, 1.14243766802e-06, 7.67110577726e-07, 6.99012844052e-07, 5.44882709619e-07, 4.27256651392e-07, 3.80439843184e-07, 4.10189699096e-07, 3.30797348624e-07, 1.77285812697e-07, 4.58127544789e-08, 2.51510066107e-08, 1.86577810979e-08, 1.24147776503e-08, 8.58877058363e-09, 4.34958513651e-09, 1.60473939692e-10, 5.45070065472e-12, 5.18488030288e-12, 5.03295322085e-12, 4.9877818889e-12],
        "min": [1.47746787027e-10, 2.9986321759e-10, 3.11407954978e-10, 2.1952106799e-10, 2.51405396501e-10, 3.52145229643e-10, 2.89483992333e-10, 1.15855318394e-10, 3.68247515814e-11, 3.37208629075e-11, 1.00803749029e-11, 1.4611388488e-11, 2.25693491673e-11, 2.64745760037e-11, 1.67990246713e-10, 4.19531964724e-10, 5.52536238985e-10, 1.17524123766e-09, 1.14237375115e-09, 6.038587963e-10, 2.40169828469e-10, 1.40228925694e-10, 1.02197653118e-10, 1.53949422654e-11, 1.35629259559e-11, 4.78367415124e-11, 3.8113720513e-11, 5.33963914751e-11, 3.0736704848e-11, 4.22463349026e-11, 4.51821219327e-11, 9.02817820503e-11, 1.13749301645e-10, 5.44231881783e-11, 5.78640572957e-11, 4.74867749289e-11, 2.05165866934e-11, 1.91638302449e-11, 2.67734202863e-11, 1.19296530987e-10, 1.49280129924e-10, 3.17456651244e-11, 2.87196377791e-11, 5.06273356571e-11, 3.80831477464e-11, 4.95093792352e-11, 7.71480015288e-12, 1.77458395201e-11, 9.24072138253e-11, 7.80336212314e-11, 1.8086932993e-11, 1.16681837803e-11, 8.19370005872e-12, 1.05428417732e-11, 8.99500786355e-12, 8.8039818491e-12, 3.52378868272e-12, 4.07156036317e-12, 1.1214188432e-11, 1.10987417173e-11, 1.25869661916e-11, 9.16472193274e-12, 2.66088778615e-12, 2.12029222305e-12, 4.1629768209e-12, 3.6453370704e-12, 2.22223064603e-12, 5.28959558446e-12, 3.87625348486e-12, 1.30028182232e-12, 2.27207120305e-12, 1.72469569008e-12, 1.576642354e-12, 3.98523358411e-12, 2.86373529057e-12, 9.82940291661e-13, 1.02904295328e-12, 8.2301591757e-13, 7.28909554243e-13, 8.01312412691e-13, 2.5457104957e-13, 2.79488671789e-13, 1.03831071345e-12, 9.69753574318e-13, 2.01318982643e-13, 3.29052404898e-13, 1.04930213823e-12, 6.26070105047e-13, 2.55210295171e-13, 9.68882309452e-13, 1.27865535e-12, 5.52130227389e-13, 3.42945534167e-13, 2.24887613414e-13, 5.16688959413e-13, 5.55146098362e-13, 7.95730994117e-13, 6.74473281045e-13, 1.17212327084e-12, 1.26827346368e-12, 8.21649118101e-13, 1.07563166273e-12, 9.06844640613e-13, 3.95872408205e-13, 4.20686814377e-13, 8.4688598365e-13, 1.45754166115e-12, 4.82784710647e-13, 4.82473436203e-13, 4.54323319417e-13, 7.64500658959e-13, 7.73604325131e-13, 2.37903013262e-12, 1.27706363279e-12, 5.04119315736e-13, 2.17643568098e-12, 8.70463369353e-13, 4.46058852832e-13, 2.33482449954e-13, 2.57096535901e-13, 2.68990098208e-13, 2.560282715e-13, 2.50379117396e-13, 2.36680927678e-13, 1.41228500249e-13, 4.25732989444e-14, 7.09321653063e-15, 3.27739705424e-16],
        "stdev": [0.000628299661912, 0.00393564067781, 0.007810740266, 0.00934680830687, 0.00856443215162, 0.00711349630728, 0.0055453418754, 0.00476624630392, 0.00384616060182, 0.00273430044763, 0.00231367885135, 0.00166594912298, 0.000957158044912, 0.000462088501081, 0.00029968097806, 0.000193065308849, 0.000201176313567, 0.00047996439389, 0.000290133990347, 0.000663603714202, 0.000865662703291, 0.000177148278453, 0.000150653184392, 0.000268371863058, 0.000278248684481, 0.000169335500686, 0.000138889168738, 0.00012136449368, 7.71385020926e-05, 0.000158249997185, 8.84565961314e-05, 6.61435551592e-05, 0.000133989611641, 0.000299432867905, 6.15765311522e-05, 5.10297832079e-05, 7.61962073739e-05, 6.18018675596e-05, 0.000117293238873, 9.6027397376e-05, 6.9003282988e-05, 3.84038066841e-05, 4.45793739345e-05, 5.6193315686e-05, 2.79830437648e-05, 3.35845033987e-05, 3.9349495637e-05, 2.15875097638e-05, 1.78905193025e-05, 2.48094620474e-05, 6.8317494879e-05, 3.79676093871e-05, 2.05394444492e-05, 8.16527153802e-06, 8.5258125182e-06, 7.14705674909e-06, 1.65256697073e-05, 3.03653669107e-05, 9.49661261984e-06, 7.71933991928e-06, 6.47765955364e-06, 7.37252503313e-06, 2.73116638709e-05, 8.93838569027e-06, 4.62089201392e-06, 7.14234784027e-06, 8.15455405245e-06, 1.31505166792e-05, 4.23825122198e-06, 7.1223012128e-06, 5.6601684264e-06, 1.65544952324e-05, 4.94393725603e-06, 3.62634091289e-06, 4.62025354864e-06, 8.37389234221e-06, 3.61731554221e-06, 2.62824755737e-06, 6.06064668318e-06, 4.1480834625e-06, 2.75291040452e-06, 5.23394555785e-06, 4.10734082834e-06, 3.25346695718e-06, 5.80969299335e-06, 4.12795452576e-06, 4.38031383965e-06, 5.78558501729e-06, 4.18134186475e-06, 4.87020679429e-06, 5.14564771947e-06, 3.74478349841e-06, 4.36016807726e-06, 3.50660639015e-06, 4.74222906632e-06, 3.11146004606e-06, 4.61828585685e-06, 2.94964388559e-06, 3.72583349417e-06, 2.8483789265e-06, 3.46839851773e-06, 3.50953769157e-06, 3.48920548277e-06, 3.19959940498e-06, 8.22118181532e-06, 7.26979897081e-06, 6.15969656792e-06, 3.03004185298e-06, 2.27461327995e-06, 1.39819064771e-06, 1.29738987198e-06, 1.01206308045e-06, 7.64541482567e-07, 6.63598711981e-07, 7.0106301564e-07, 5.45413456621e-07, 3.47231065234e-07, 1.20932554637e-07, 9.91050370658e-08, 6.64136479145e-08, 5.44246745449e-08, 3.73517359264e-08, 2.48990925655e-08, 1.17051257575e-09, 2.53383199839e-11, 2.46584974661e-11, 2.41891628255e-11, 2.40065259338e-11]
    },
    "mfcc": {
        "mean": [-667.385070801, 117.304748535, 25.0940151215, 14.7571077347, 15.9120874405, 7.23737478256, 4.89775562286, 6.77797555923, 2.78992390633, 8.1056060791, 0.913533389568, 3.48485040665, 2.39975142479],
        "cov": [[7475.05029297, -1319.4119873, 490.196258545, 399.304412842, -239.703109741, 252.890884399, 243.886138916, 175.097473145, -22.0541191101, -227.352279663, 83.9085693359, -177.182754517, -106.894104004], [-1319.4119873, 809.492248535, 65.6328353882, 53.4690704346, 192.97253418, 12.2913265228, 13.0559492111, 14.3703680038, 13.7575902939, 84.2565994263, -33.0058555603, 8.3520116806, -19.5586090088], [490.196258545, 65.6328353882, 352.523956299, 176.47467041, 133.121566772, 87.3578720093, 63.7523574829, 56.5324745178, 11.9854412079, 13.6514148712, -5.20947360992, -14.9407758713, -22.0921859741], [399.304412842, 53.4690704346, 176.47467041, 236.930969238, 122.269462585, 67.8970413208, 41.3041572571, 46.8852844238, 35.6633338928, 3.60974240303, 0.507776021957, -17.772321701, -16.9753856659], [-239.703109741, 192.97253418, 133.121566772, 122.269462585, 226.790908813, 82.5848083496, 46.002456665, 27.2747821808, 27.1515235901, 45.3126411438, -15.951795578, 13.1740045547, -4.09617853165], [252.890884399, 12.2913265228, 87.3578720093, 67.8970413208, 82.5848083496, 191.307861328, 86.3880157471, 60.0447616577, 31.2448673248, 9.59477901459, 25.8979816437, 3.89278101921, -1.98844313622], [243.886138916, 13.0559492111, 63.7523574829, 41.3041572571, 46.002456665, 86.3880157471, 133.977127075, 69.0566329956, 27.0790634155, 21.7860450745, 25.490896225, 7.83540201187, 0.319853723049], [175.097473145, 14.3703680038, 56.5324745178, 46.8852844238, 27.2747821808, 60.0447616577, 69.0566329956, 113.683296204, 55.0177459717, 21.1023216248, 30.6031761169, 20.2995433807, 15.2508478165], [-22.0541191101, 13.7575902939, 11.9854412079, 35.6633338928, 27.1515235901, 31.2448673248, 27.0790634155, 55.0177459717, 107.480812073, 45.0283088684, 28.566028595, 29.420173645, 26.0863208771], [-227.352279663, 84.2565994263, 13.6514148712, 3.60974240303, 45.3126411438, 9.59477901459, 21.7860450745, 21.1023216248, 45.0283088684, 93.6873550415, 32.3341217041, 36.649055481, 16.2818946838], [83.9085693359, -33.0058555603, -5.20947360992, 0.507776021957, -15.951795578, 25.8979816437, 25.490896225, 30.6031761169, 28.566028595, 32.3341217041, 83.1867294312, 33.41248703, 17.2190799713], [-177.182754517, 8.3520116806, -14.9407758713, -17.772321701, 13.1740045547, 3.89278101921, 7.83540201187, 20.2995433807, 29.420173645, 36.649055481, 33.41248703, 91.1562347412, 47.3118667603], [-106.894104004, -19.5586090088, -22.0921859741, -16.9753856659, -4.09617853165, -1.98844313622, 0.319853723049, 15.2508478165, 26.0863208771, 16.2818946838, 17.2190799713, 47.3118667603, 81.6063461304]],
        "icov": [[0.000305640220176, 0.000430788786616, -0.000311837735353, -0.000489670142997, 0.000474094238598, -0.000138978168252, -0.000355737429345, -0.000123479330796, 0.000130373678985, 0.000162073207321, -0.000107673491584, 0.000249444914516, 0.000166290119523], [0.000430788786616, 0.00236704130657, -0.000244420254603, -0.000445401383331, -0.000924820022192, 0.000177653244464, -0.000196315348148, -0.000838107895106, 0.000672316178679, -0.0011961129494, 0.000499935878906, 0.000545709161088, 0.00068994180765], [-0.000311837735353, -0.000244420254603, 0.00553052127361, -0.00256791361608, -0.00156166101806, -0.000372528185835, -3.40708975273e-05, -0.00141883583274, 0.00170364929363, -0.00122401094995, 0.000808141077869, -0.000109709842945, 0.000266523478786], [-0.000489670142997, -0.000445401383331, -0.00256791361608, 0.00983534753323, -0.00472959084436, 0.000731578387786, 0.00109084055293, -0.000718154304195, -0.00316619151272, 0.00275935209356, -0.00185488187708, 0.00169874972198, 0.000381022662623], [0.000474094238598, -0.000924820022192, -0.00156166101806, -0.00472959084436, 0.0117102973163, -0.00360937486403, -0.00130218989216, 0.00163133407477, 0.000585129775573, -0.00391850154847, 0.00446467893198, -0.00230606016703, 0.000182502466487], [-0.000138978168252, 0.000177653244464, -0.000372528185835, 0.000731578387786, -0.00360937486403, 0.00931105297059, -0.00375298643485, -0.00100389507134, -0.00118979474064, 0.00265657971613, -0.00284310989082, 0.000724817044102, 0.000189869882888], [-0.000355737429345, -0.000196315348148, -3.40708975273e-05, 0.00109084055293, -0.00130218989216, -0.00375298643485, 0.01419992093, -0.00654432689771, 0.0017235862324, -0.00241382978857, -0.000726952042896, 0.000550282071345, 0.000480221933685], [-0.000123479330796, -0.000838107895106, -0.00141883583274, -0.000718154304195, 0.00163133407477, -0.00100389507134, -0.00654432689771, 0.0181347113103, -0.00702191703022, 0.00229620793834, -0.00195444701239, -0.00158114917576, -0.0010865299264], [0.000130373678985, 0.000672316178679, 0.00170364929363, -0.00316619151272, 0.000585129775573, -0.00118979474064, 0.0017235862324, -0.00702191703022, 0.0170547943562, -0.00719621917233, 0.000338081357768, -0.000179805341759, -0.00254266592674], [0.000162073207321, -0.0011961129494, -0.00122401094995, 0.00275935209356, -0.00391850154847, 0.00265657971613, -0.00241382978857, 0.00229620793834, -0.00719621917233, 0.0207865014672, -0.00699366210029, -0.0031018727459, 0.00104371714406], [-0.000107673491584, 0.000499935878906, 0.000808141077869, -0.00185488187708, 0.00446467893198, -0.00284310989082, -0.000726952042896, -0.00195444701239, 0.000338081357768, -0.00699366210029, 0.0196952410042, -0.00530934566632, 0.000544330396224], [0.000249444914516, 0.000545709161088, -0.000109709842945, 0.00169874972198, -0.00230606016703, 0.000724817044102, 0.000550282071345, -0.00158114917576, -0.000179805341759, -0.0031018727459, -0.00530934566632, 0.0202223137021, -0.00895095523447], [0.000166290119523, 0.00068994180765, 0.000266523478786, 0.000381022662623, 0.000182502466487, 0.000189869882888, 0.000480221933685, -0.0010865299264, -0.00254266592674, 0.00104371714406, 0.000544330396224, -0.00895095523447, 0.0186825729907]]
    },
    "spectral_contrast_coeffs": {
        "max": [-0.365883916616, -0.546832740307, -0.605074644089, -0.658594250679, -0.701749145985, -0.748767256737],
        "mean": [-0.71584457159, -0.774002611637, -0.796399950981, -0.812901735306, -0.819306373596, -0.811725020409],
        "min": [-0.92763864994, -0.927642047405, -0.947325110435, -0.930829882622, -0.93471455574, -0.904741406441],
        "stdev": [0.0991130694747, 0.0622339919209, 0.0522716380656, 0.0434876233339, 0.0333053097129, 0.0205806419253]
    },
    "spectral_contrast_valleys": {
        "max": [-4.81958532333, -4.85346412659, -5.35782527924, -5.67959213257, -6.32109117508, -7.72001171112],
        "mean": [-6.65876722336, -6.83183670044, -7.56479072571, -7.82234382629, -7.97644519806, -9.97757816315],
        "min": [-13.8072862625, -12.86632061, -13.2493333817, -13.5989398956, -14.1399774551, -16.4502410889],
        "stdev": [0.991803705692, 0.678022444248, 0.705958306789, 0.648887991905, 0.88985824585, 1.17543828487]
    }
},
"rhythm": {
    "beats_count": 55,
    "beats_loudness": {
        "max": 0.14430873096,
        "mean": 0.0763666555285,
        "min": 0.000303717009956,
        "stdev": 0.0410136841238
    },
    "bpm": 114.860595703,
    "bpm_histogram_first_peak_bpm": 115,
    "bpm_histogram_first_peak_weight": 0.296296298504,
    "bpm_histogram_second_peak_bpm": 0,
    "bpm_histogram_second_peak_spread": 0,
    "bpm_histogram_second_peak_weight": 0,
    "danceability": 1.32471811771,
    "onset_rate": 3.44669103622,
    "beats_loudness_band_ratio": {
        "max": [0.968886852264, 0.928994119167, 0.624511420727, 0.176586404443, 0.305683612823, 0.243120148778],
        "mean": [0.74081403017, 0.223878994584, 0.0616855025291, 0.0284739211202, 0.0231796670705, 0.0356695838273],
        "min": [0.0250828936696, 0.00762234302238, 0.0028770507779, 0.000746223202441, 0.00056589912856, 0.000296654936392],
        "stdev": [0.248807325959, 0.15549518168, 0.102057591081, 0.0405512154102, 0.048134624958, 0.0511746555567]
    },
    "beats_position": [0.53405892849, 1.06811785698, 1.60217678547, 2.12462592125, 2.6470746994, 3.1811337471, 3.70358276367, 4.22603178024, 4.74848079681, 5.27092981339, 5.78176879883, 6.31582736969, 6.83827638626, 7.36072540283, 7.8831744194, 8.40562343597, 8.91646194458, 9.43891143799, 9.96135997772, 10.4838094711, 11.0062580109, 11.5287075043, 12.051156044, 12.5736055374, 13.0960540771, 13.6185035706, 14.1409521103, 14.66340065, 15.1858501434, 15.7199087143, 16.2307472229, 16.7531967163, 17.2756462097, 17.7980957031, 18.3205432892, 18.8429927826, 19.365442276, 19.8762817383, 20.4103393555, 20.9327888489, 21.4552383423, 21.9892959595, 22.5117454529, 23.0341949463, 23.5450344086, 24.0674819946, 24.5783214569, 25.1007709503, 25.6232185364, 26.1456680298, 26.6565074921, 27.1905670166, 27.7130146027, 28.2354640961, 28.7463035583],
