{
"metadata": {
    "version": {
        "essentia": "2.1-beta5",
        "essentia_git_sha": "Undefined",
        "extractor": "music 2.0"
    },
    "audio_properties": {
        "analysis": {
            "equal_loudness": 0,
            "length": 49.655872345,
            "sample_rate": 44100,
            "start_time": 158.998641968,
            "downmix": "mix"
        },
        "bit_rate": 192000,
        "length": 208.677749634,
        "lossless": 0,
        "number_channels": 2,
        "replay_gain": -12.4650192261,
        "sample_rate": 48000,
        "codec": "mp3",
        "md5_encoded": "e03d8e94d0c4750e230a7c447f64a8a6"
    },
    "tags": {
        "file_name": "Andorra_Casanova_Gisela.mp3",
        "encoding": ["Lavf58.29.100"]
    }
},
"lowlevel": {
    "average_loudness": 0.981992125511,
    "barkbands_crest": {
        "max": 23.7348861694,
        "mean": 8.52033996582,
        "min": 2.52157187462,
        "stdev": 3.99353551865
    },
    "barkbands_flatness_db": {
        "max": 0.391135066748,
        "mean": 0.216222330928,
        "min": 0.109134420753,
        "stdev": 0.0387572869658
    },
    "barkbands_kurtosis": {
        "max": 25.3601760864,
        "mean": 0.143402352929,
        "min": -1.82605803013,
        "stdev": 2.18281745911
    },
    "barkbands_skewness": {
        "max": 4.36655712128,
        "mean": 0.453602999449,
        "min": -3.39814472198,
        "stdev": 0.838143348694
    },
    "barkbands_spread": {
        "max": 80.8876876831,
        "mean": 28.7455120087,
        "min": 1.67883837223,
        "stdev": 13.1991243362
    },
    "dissonance": {
        "max": 0.499994248152,
        "mean": 0.480161815882,
        "min": 0.307299882174,
        "stdev": 0.0188461523503
    },
    "dynamic_complexity": 1.25857150555,
    "erbbands_crest": {
        "max": 30.3331317902,
        "mean": 8.84906578064,
        "min": 2.68597364426,
        "stdev": 3.91105127335
    },
    "erbbands_flatness_db": {
        "max": 0.458282887936,
        "mean": 0.268426328897,
        "min": 0.19190043211,
        "stdev": 0.0447427108884
    },
    "erbbands_kurtosis": {
        "max": 20.7925033569,
        "mean": 0.0896081849933,
        "min": -1.79944717884,
        "stdev": 1.98001241684
    },
    "erbbands_skewness": {
        "max": 3.9682431221,
        "mean": 0.0507308281958,
        "min": -3.83452010155,
        "stdev": 0.839138090611
    },
    "erbbands_spread": {
        "max": 66.5797271729,
        "mean": 29.5766410828,
        "min": 3.10039973259,
        "stdev": 10.6449813843
    },
    "hfc": {
        "max": 178.702774048,
        "mean": 25.3932685852,
        "min": 0.555150926113,
        "stdev": 15.9294681549
    },
    "loudness_ebu128": {
        "integrated": -12.3970851898,
        "loudness_range": 1.61610984802,
        "momentary": {
            "max": -9.20148277283,
            "mean": -12.4887571335,
            "min": -14.7070846558,
            "stdev": 0.862490177155
        },
        "short_term": {
            "max": -10.8726072311,
            "mean": -12.4837379456,
            "min": -13.1694555283,
            "stdev": 0.471452891827
        }
    },
    "melbands_crest": {
        "max": 30.142282486,
        "mean": 12.1243638992,
        "min": 3.62457585335,
        "stdev": 5.53530406952
    },
    "melbands_flatness_db": {
        "max": 0.411276012659,
        "mean": 0.24527707696,
        "min": 0.0999091416597,
        "stdev": 0.0398836173117
    },
    "melbands_kurtosis": {
        "max": 68.8377075195,
        "mean": 2.91408467293,
        "min": -1.85358166695,
        "stdev": 4.82096862793
    },
    "melbands_skewness": {
        "max": 7.69325876236,
        "mean": 1.34251058102,
        "min": -1.31505560875,
        "stdev": 0.922243714333
    },
    "melbands_spread": {
        "max": 195.763122559,
        "mean": 43.7392959595,
        "min": 2.5764939785,
        "stdev": 23.3712921143
    },
    "pitch_salience": {
        "max": 0.829379618168,
        "mean": 0.587987542152,
        "min": 0.169632270932,
        "stdev": 0.110382989049
    },
    "silence_rate_20dB": {
        "max": 1,
        "mean": 1,
        "min": 1,
        "stdev": 0
    },
    "silence_rate_30dB": {
        "max": 1,
        "mean": 1,
        "min": 1,
        "stdev": 0
    },
    "silence_rate_60dB": {
        "max": 1,
        "mean": 0.000467289733933,
        "min": 0,
        "stdev": 0.0216122511774
    },
    "spectral_centroid": {
        "max": 4987.81591797,
        "mean": 2360.23803711,
        "min": 727.338684082,
        "stdev": 619.817260742
    },
    "spectral_complexity": {
        "max": 56,
        "mean": 24.9098129272,
        "min": 1,
        "stdev": 7.5327835083
    },
    "spectral_decrease": {
        "max": -1.61393259868e-10,
        "mean": -4.03155109296e-09,
        "min": -1.82642292401e-08,
        "stdev": 1.83932624687e-09
    },
    "spectral_energy": {
        "max": 0.0736621692777,
        "mean": 0.0175192672759,
        "min": 0.000659486395307,
        "stdev": 0.00778991309926
    },
    "spectral_energyband_high": {
        "max": 0.0292098894715,
        "mean": 0.00156115321442,
        "min": 4.33734749095e-06,
        "stdev": 0.00194247649051
    },
    "spectral_energyband_low": {
        "max": 0.036096803844,
        "mean": 0.00282568554394,
        "min": 3.89560312897e-07,
        "stdev": 0.00362501735799
    },
    "spectral_energyband_middle_high": {
        "max": 0.0539938919246,
        "mean": 0.00835347175598,
        "min": 0.000177395908395,
        "stdev": 0.00526403356344
    },
    "spectral_energyband_middle_low": {
        "max": 0.0582470223308,
        "mean": 0.00529845384881,
        "min": 0.000185493350727,
        "stdev": 0.00580422347412
    },
    "spectral_entropy": {
        "max": 8.00619506836,
        "mean": 7.59592866898,
        "min": 6.59309148788,
        "stdev": 0.240806281567
    },
    "spectral_flux": {
        "max": 0.246494084597,
        "mean": 0.0868081599474,
        "min": 0.0327143110335,
        "stdev": 0.0284891296178
    },
    "spectral_kurtosis": {
        "max": 19.7627735138,
        "mean": 2.02676892281,
        "min": -1.24510133266,
        "stdev": 2.70222973824
    },
    "spectral_rms": {
        "max": 0.00847735349089,
        "mean": 0.00404619704932,
        "min": 0.000802123046014,
        "stdev": 0.000848676660098
    },
    "spectral_rolloff": {
        "max": 6223.09570312,
        "mean": 2806.93261719,
        "min": 86.1328125,
        "stdev": 1204.34863281
    },
    "spectral_skewness": {
        "max": 2.80873513222,
        "mean": 0.473996549845,
        "min": -0.888747394085,
        "stdev": 0.406889885664
    },
    "spectral_spread": {
        "max": 4185946.5,
        "mean": 2743378,
        "min": 1314638,
        "stdev": 451587.96875
    },
    "spectral_strongpeak": {
        "max": 15.445356369,
        "mean": 1.43761265278,
        "min": 0,
        "stdev": 1.76962864399
    },
    "zerocrossingrate": {
        "max": 0.24658203125,
        "mean": 0.0870484560728,
        "min": 0.01025390625,
        "stdev": 0.0272239018232
    },
    "barkbands": {
        "max": [0.00196471158415, 0.0342554040253, 0.0163475144655, 0.0132740810513, 0.0221711974591, 0.0193270910531, 0.0494591221213, 0.0380552485585, 0.0326851755381, 0.0316757075489, 0.0286822617054, 0.0235476847738, 0.0247701164335, 0.0145753277466, 0.0242367051542, 0.00576315121725, 0.00894050300121, 0.0175118204206, 0.0142753226683, 0.0283257290721, 0.0113485548645, 0.0234065782279, 0.000763924908824, 6.81587835061e-07, 2.92024026294e-07, 2.2631884633e-07, 1.12244812556e-07],
        "mean": [0.000102223319118, 0.00178228097502, 0.000721736461855, 0.00042248016689, 0.000504095049109, 0.000591523421463, 0.000809590215795, 0.000687102321535, 0.0016827826621, 0.0018453131197, 0.000974530121312, 0.00107759365346, 0.000699739612173, 0.000793330953456, 0.000571395969018, 0.000386532425182, 0.000378578231903, 0.000722173368558, 0.0007319515571, 0.00104459689464, 0.000440842151875, 0.000524671806488, 2.41994275711e-05, 1.22135268565e-09, 8.61672178054e-10, 7.65116803247e-10, 6.90603074727e-10],
        "min": [6.31683860775e-08, 5.52172494395e-08, 8.79087913574e-09, 6.09241510574e-08, 4.06010030929e-07, 9.15506802812e-07, 1.95780808099e-06, 1.80623635515e-06, 9.77633408183e-06, 1.23567615447e-05, 7.12814971848e-06, 9.90865919448e-06, 8.43261295813e-06, 1.22873789223e-05, 1.6615305185e-06, 1.06014022094e-06, 5.87259228269e-06, 9.3172468496e-07, 4.60388537249e-06, 5.256021268e-06, 2.84716338683e-06, 8.20722448225e-07, 1.95924013124e-10, 8.99847470842e-12, 3.50788560526e-12, 7.66897222809e-12, 8.95059460576e-12],
        "stdev": [0.000184456454008, 0.00289515429176, 0.00140592933167, 0.000961655867286, 0.00125255994499, 0.00129697856028, 0.00226280931383, 0.00223121722229, 0.00292802182958, 0.00258925766684, 0.00194680748973, 0.0017075081123, 0.00111774017569, 0.0012153275311, 0.00119126157369, 0.000538897176739, 0.000737503520213, 0.00100499903783, 0.00124997331295, 0.00159434543457, 0.000598787621129, 0.000967120751739, 4.93398947583e-05, 1.62379958368e-08, 7.88972265298e-09, 6.05997341196e-09, 3.37437944253e-09]
    },
    "erbbands": {
        "max": [0.778034389019, 8.24503803253, 21.9494876862, 27.9029140472, 57.7398262024, 78.7242355347, 56.0664710999, 203.476959229, 789.106628418, 675.810424805, 1052.01794434, 820.86505127, 1050.19750977, 1503.3840332, 1432.88244629, 930.995788574, 999.06048584, 861.198242188, 825.623291016, 812.887268066, 310.448974609, 581.622253418, 636.75567627, 1012.85821533, 841.586364746, 1192.01000977, 727.568359375, 619.031738281, 948.790466309, 272.811401367, 11.0606241226, 0.448947280645, 0.0493187978864, 0.00960243213922, 0.00265768333338, 0.00107772392221, 0.000443982135039, 0.000152807784616, 8.9562337962e-05, 9.45578649407e-05],
        "mean": [0.049638658762, 0.400438636541, 0.843842625618, 1.24697709084, 1.62914013863, 1.55109083652, 2.12743759155, 6.06191444397, 11.8274841309, 11.103512764, 17.6184120178, 33.050907135, 61.3388214111, 50.1573257446, 42.1360588074, 40.0105361938, 32.1451416016, 39.3302612305, 35.8400688171, 24.2555999756, 21.3475475311, 23.7462120056, 35.4089698792, 44.6828193665, 35.6704216003, 48.868938446, 24.8712787628, 17.2091732025, 19.8459186554, 7.92855119705, 0.334850490093, 0.0137575082481, 0.00151069206186, 0.000326966430293, 0.000110461332952, 4.83429648739e-05, 2.25021085498e-05, 9.49846707954e-06, 1.31362121465e-05, 2.34356193687e-05],
        "min": [2.12908730646e-06, 1.30053131215e-05, 2.75891688943e-05, 0.000117458570458, 0.000779385038186, 0.00100787030533, 0.00521053280681, 0.0113954963163, 0.0435111448169, 0.0412871092558, 0.196270301938, 0.205357387662, 0.565254807472, 0.280994772911, 0.389914661646, 0.747493207455, 0.743474185467, 1.06990265846, 0.226512640715, 0.039083186537, 0.129958972335, 0.309103250504, 0.059079553932, 0.215195685625, 0.322809785604, 0.180761933327, 0.143163859844, 0.0583625473082, 0.0294307172298, 0.013265542686, 0.00139966187999, 0.000205737829674, 4.04295933549e-05, 1.59120954777e-05, 7.63888874644e-06, 4.32024762631e-06, 2.3232832973e-06, 8.37499385398e-07, 2.20015931518e-06, 9.77118475021e-07],
        "stdev": [0.0800748839974, 0.70599424839, 1.5427697897, 2.4789545536, 4.28236675262, 3.95365548134, 4.10578536987, 13.6379137039, 33.9880027771, 28.4627017975, 51.1140289307, 58.2894096375, 88.202545166, 71.1812744141, 83.1719436646, 58.1435432434, 46.2251663208, 59.9592285156, 60.9209518433, 39.8437156677, 26.5269737244, 45.4214324951, 46.9493370056, 67.7586593628, 57.1020774841, 76.8979034424, 36.0587425232, 25.8532428741, 37.2607040405, 14.8268880844, 0.596555888653, 0.023717423901, 0.00243741017766, 0.000469724356662, 0.00013779499568, 5.28306954948e-05, 2.13652019738e-05, 8.95950051927e-06, 6.72963051329e-06, 1.04959563032e-05]
    },
    "gfcc": {
        "mean": [-54.8504867554, 140.373840332, -217.784240723, 53.6492004395, -55.6002120972, -18.1798362732, 26.6977424622, -28.1400356293, 4.6821475029, -7.47980928421, -10.9281949997, 2.64679074287, -9.19094944],
        "cov": [[966.918395996, 184.149765015, 428.721405029, 516.133300781, 25.2385616302, 74.7719345093, -85.4306640625, -113.811988831, -63.6689987183, -18.6850452423, -19.5653362274, -19.0571708679, -24.477312088], [184.149765015, 570.639099121, 359.231658936, 182.039581299, 141.275039673, 21.036819458, -11.3947458267, -48.9992256165, 10.5547647476, -12.6535043716, 2.52658343315, 0.678164124489, 10.6373033524], [428.721405029, 359.231658936, 629.269348145, 559.083740234, 97.7551193237, 180.298736572, 4.14234876633, -47.8385429382, 28.2110176086, 18.6304893494, 34.0286102295, 52.202507019, 19.5988788605], [516.133300781, 182.039581299, 559.083740234, 716.645202637, 187.774642944, 197.404159546, 1.05511653423, -23.3471317291, 17.9359951019, 33.8678894043, 56.0482559204, 61.7563171387, 28.8440895081], [25.2385616302, 141.275039673, 97.7551193237, 187.774642944, 272.155456543, 75.6393966675, 57.111656189, 38.4045753479, -5.5080704689, 26.42852211, 41.1759490967, 6.13534927368, 20.8027610779], [74.7719345093, 21.036819458, 180.298736572, 197.404159546, 75.6393966675, 324.090423584, 160.157440186, 5.79251384735, 21.2709884644, -13.4257974625, 7.71840286255, 17.827829361, 0.119892179966], [-85.4306640625, -11.3947458267, 4.14234876633, 1.05511653423, 57.111656189, 160.157440186, 208.446899414, 81.6784820557, -9.03373622894, 6.72033262253, 16.5086250305, -12.684753418, 9.37166786194], [-113.811988831, -48.9992256165, -47.8385429382, -23.3471317291, 38.4045753479, 5.79251384735, 81.6784820557, 125.500587463, 72.5494003296, 21.5619621277, 3.72930216789, 8.31860637665, 21.2301368713], [-63.6689987183, 10.5547647476, 28.2110176086, 17.9359951019, -5.5080704689, 21.2709884644, -9.03373622894, 72.5494003296, 157.501983643, 40.6615104675, -5.82964134216, 36.1945953369, 25.6527118683], [-18.6850452423, -12.6535043716, 18.6304893494, 33.8678894043, 26.42852211, -13.4257974625, 6.72033262253, 21.5619621277, 40.6615104675, 108.961494446, 81.8924636841, 27.6080646515, 20.1626262665], [-19.5653362274, 2.52658343315, 34.0286102295, 56.0482559204, 41.1759490967, 7.71840286255, 16.5086250305, 3.72930216789, -5.82964134216, 81.8924636841, 124.926101685, 53.801700592, 14.1458892822], [-19.0571708679, 0.678164124489, 52.202507019, 61.7563171387, 6.13534927368, 17.827829361, -12.684753418, 8.31860637665, 36.1945953369, 27.6080646515, 53.801700592, 81.5131149292, 42.8478851318], [-24.477312088, 10.6373033524, 19.5988788605, 28.8440895081, 20.8027610779, 0.119892179966, 9.37166786194, 21.2301368713, 25.6527118683, 20.1626262665, 14.1458892822, 42.8478851318, 62.6676101685]],
        "icov": [[0.00253580207936, -0.00162368442398, 0.00178734539077, -0.00330679630861, 0.00239298748784, -0.00130986538716, 0.00199308176525, -0.00152367376722, 0.00253485911526, -0.00188244308811, 0.00138833001256, 0.00102459068876, 0.000209465142689], [-0.00162368442398, 0.0122389607131, -0.0138430837542, 0.00918076839298, -0.0109828449786, 0.01172936894, -0.0128677273169, 0.0177914947271, -0.0150146707892, 0.0123572079465, -0.00716162286699, 0.0042345081456, -0.00219587842003], [0.00178734539077, -0.0138430837542, 0.0222892221063, -0.0161094572395, 0.0131396334618, -0.0106000313535, 0.00908937025815, -0.0130160599947, 0.0120301358402, -0.012036062777, 0.00766562344506, -0.00543769914657, 0.00313609535806], [-0.00330679630861, 0.00918076839298, -0.0161094572395, 0.0164234768599, -0.0108902445063, 0.00279497308657, -0.00114407599904, 0.00392770254984, -0.00525506818667, 0.00616398826241, -0.00487611163408, 0.00154024676885, -0.00270537775941], [0.00239298748784, -0.0109828449786, 0.0131396334618, -0.0108902445063, 0.0162296611816, -0.0123885124922, 0.01386393141, -0.0193748883903, 0.0150026185438, -0.00980747211725, 0.00242691161111, 0.00240106577985, -0.0023466530256], [-0.00130986538716, 0.01172936894, -0.0106000313535, 0.00279497308657, -0.0123885124922, 0.0307337827981, -0.0378051064909, 0.0404912941158, -0.0299760773778, 0.0180323421955, -0.00490623153746, -0.00424887845293, 0.00599732389674], [0.00199308176525, -0.0128677273169, 0.00908937025815, -0.00114407599904, 0.01386393141, -0.0378051064909, 0.0557672008872, -0.0574600175023, 0.0399396717548, -0.0197724271566, 0.00231033284217, 0.0102094532922, -0.0102466586977], [-0.00152367376722, 0.0177914947271, -0.0130160599947, 0.00392770254984, -0.0193748883903, 0.0404912941158, -0.0574600175023, 0.0764202848077, -0.0530987158418, 0.0289721153677, -0.0118732340634, 0.00132295058575, 0.0018954584375], [0.00253485911526, -0.0150146707892, 0.0120301358402, -0.00525506818667, 0.0150026185438, -0.0299760773778, 0.0399396717548, -0.0530987158418, 0.0511554665864, -0.0359534397721, 0.0251463539898, -0.0156904757023, 0.00496712559834], [-0.00188244308811, 0.0123572079465, -0.012036062777, 0.00616398826241, -0.00980747211725, 0.0180323421955, -0.0197724271566, 0.0289721153677, -0.0359534397721, 0.0514082796872, -0.041909314692, 0.0286756232381, -0.017511671409], [0.00138833001256, -0.00716162286699, 0.00766562344506, -0.00487611163408, 0.00242691161111, -0.00490623153746, 0.00231033284217, -0.0118732340634, 0.0251463539898, -0.041909314692, 0.0524507313967, -0.0433524809778, 0.0254776310176], [0.00102459068876, 0.0042345081456, -0.00543769914657, 0.00154024676885, 0.00240106577985, -0.00424887845293, 0.0102094532922, 0.00132295058575, -0.0156904757023, 0.0286756232381, -0.0433524809778, 0.062891356647, -0.0381089858711], [0.000209465142689, -0.00219587842003, 0.00313609535806, -0.00270537775941, -0.0023466530256, 0.00599732389674, -0.0102466586977, 0.0018954584375, 0.00496712559834, -0.017511671409, 0.0254776310176, -0.0381089858711, 0.0422401241958]]
    },
    "melbands": {
        "max": [0.00883138552308, 0.00973038375378, 0.00436279736459, 0.00549816619605, 0.00164859613869, 0.00453968439251, 0.0102599915117, 0.00768581032753, 0.00840278621763, 0.0047774259001, 0.00511741871014, 0.00578043656424, 0.00413455767557, 0.0026316777803, 0.00286974408664, 0.00132233661134, 0.00164033763576, 0.00174316333141, 0.0025858618319, 0.000562802539207, 0.00034728992614, 0.000709254236426, 0.000490937731229, 0.000997061608359, 0.000929061323404, 0.000874858931638, 0.000548595096916, 0.000911724404432, 0.000781777256634, 0.000231794881984, 0.000463708216557, 0.00056639930699, 0.000417752075009, 9.64370556176e-05, 3.75347070758e-07, 1.81354362638e-08, 1.02921910994e-08, 6.44043574027e-09, 4.27185709029e-09, 2.96192426141e-09],
        "mean": [0.000478013273096, 0.000474384170957, 0.000226191667025, 0.000113970098027, 7.18357841833e-05, 0.000136961520184, 0.000176930159796, 0.000126574581373, 0.000146110352944, 0.000235217419686, 0.000312649033731, 0.000208324141568, 0.000134484682349, 0.000130166707095, 8.30480203149e-05, 7.00129021425e-05, 7.22074619262e-05, 5.95820420131e-05, 4.20423966716e-05, 2.70164091489e-05, 2.2918013201e-05, 2.33842110902e-05, 2.58646286966e-05, 3.64823790733e-05, 3.68360670109e-05, 2.58667987509e-05, 3.00200681522e-05, 3.3768305002e-05, 1.78053178388e-05, 9.90619264485e-06, 9.6816174846e-06, 1.16200772027e-05, 9.65586150414e-06, 2.18810191654e-06, 8.92370177752e-09, 2.3110739017e-11, 1.6852488155e-11, 1.28522522486e-11, 1.0317439611e-11, 8.14121166315e-12],
        "min": [2.37925750213e-08, 1.76372871863e-08, 2.61527048906e-08, 9.99755727094e-08, 1.57683714974e-07, 2.06350449616e-07, 5.08446646563e-07, 5.07895379087e-07, 1.01864009139e-06, 1.1888383824e-06, 2.66801134785e-06, 1.01011369225e-06, 8.33032913761e-07, 8.04669809895e-07, 1.79224514341e-06, 1.72562931766e-06, 1.52377685936e-06, 3.31330340941e-07, 6.0151897685e-08, 5.2524168126e-08, 1.80245834258e-07, 4.12094692592e-07, 6.91734456382e-08, 4.43907843817e-08, 1.98727875045e-07, 1.22832688021e-07, 3.53854233026e-07, 5.67824223197e-08, 9.15865498996e-08, 6.50625793241e-08, 2.1622984292e-08, 1.6189844132e-08, 1.66236482357e-08, 2.97366975488e-09, 8.42704486921e-13, 9.90164777969e-14, 8.09202761764e-14, 7.02903243965e-14, 4.77660310394e-14, 2.68110576465e-14],
        "stdev": [0.000752165622544, 0.000757570727728, 0.000426261802204, 0.000303636159515, 0.000134109606734, 0.000304330926156, 0.000495231302921, 0.000346488232026, 0.000415049144067, 0.000414140755311, 0.00044718416757, 0.000304658315144, 0.000269183015916, 0.000222499744268, 0.000140642529004, 0.000105727398477, 0.000120072072605, 0.000106900828541, 9.9983997643e-05, 4.23105884693e-05, 3.0292703741e-05, 5.01913928019e-05, 3.98699376092e-05, 5.46294686501e-05, 6.18404228589e-05, 5.12973601872e-05, 4.74293810839e-05, 6.03364387644e-05, 3.1929143006e-05, 1.3467937606e-05, 1.71580286406e-05, 2.15618292714e-05, 1.97781155293e-05, 4.27488203059e-06, 2.02172092401e-08, 3.97670840702e-10, 2.38777358996e-10, 1.57067331363e-10, 1.14708430254e-10, 7.72070810062e-11]
    },
    "melbands128": {
        "max": [0.00148909143172, 0.00394091103226, 0.0151670277119, 0.0133596854284, 0.0140854939818, 0.00710367737338, 0.00693408306688, 0.00743213202804, 0.00650846399367, 0.00703732436523, 0.00444840919226, 0.00140658579767, 0.00256394292228, 0.00555911287665, 0.00721448846161, 0.00911643542349, 0.0212499592453, 0.0177339091897, 0.0125483116135, 0.010348492302, 0.012670295313, 0.0124087817967, 0.0156281571835, 0.00718675507233, 0.00827479921281, 0.00883096177131, 0.0124940983951, 0.0076995594427, 0.00513608381152, 0.00799665320665, 0.0117098717019, 0.00517241097987, 0.00798241514713, 0.00928563997149, 0.00672371359542, 0.00356661295518, 0.00412622885779, 0.00433120317757, 0.0054384553805, 0.00271762697957, 0.00301874359138, 0.00317239342257, 0.00383476377465, 0.00205930671655, 0.00267074070871, 0.00244421209209, 0.00371525227092, 0.00570014305413, 0.00172506878152, 0.00113710586447, 0.000974408176262, 0.00102002068888, 0.000510556332301, 0.000829687225632, 0.00087354274001, 0.00128762505483, 0.0017198540736, 0.000936657888815, 0.000950666202698, 0.001185846515, 0.00133736908901, 0.00241713947617, 0.00250002671964, 0.00188423751388, 0.00175014254637, 0.00206677848473, 0.000696671719197, 0.000791466038208, 0.00127858610358, 0.000713007408194, 0.00207020505331, 0.0012514453847, 0.00225441833027, 0.000825213093776, 0.000318442122079, 0.000280388951069, 0.000323282903992, 0.000414728507167, 0.000694102898706, 0.000449756014859, 0.000439222989371, 0.000711343076546, 0.000644096639007, 0.000553210207727, 0.000326457957271, 0.000146143443999, 2.71090721071e-05, 6.82826808429e-08, 3.85476077724e-08, 2.72047948613e-08, 2.05463628333e-08, 1.6062735142e-08, 1.28225146057e-08, 1.04665858203e-08, 8.63484039826e-09, 7.20513737562e-09, 6.06483352428e-09, 5.15563058912e-09, 4.40746150687e-09, 3.78702491588e-09, 3.29386251607e-09, 2.8657247686e-09, 2.50881160291e-09, 2.21675633405e-09, 1.95848226525e-09, 1.87071225177e-09, 1.57573365467e-09, 1.74970560263e-09, 1.58801316541e-09, 1.85418469467e-09, 1.51566625917e-09, 1.25089161251e-09, 1.08404907273e-09, 1.06679198808e-09, 1.25644328275e-09, 1.10406783715e-09, 8.90701568057e-10, 7.99703636645e-10, 9.46769995736e-10, 5.10650466357e-10, 9.96862370428e-10, 4.60528226665e-10, 4.41362363324e-10, 4.21551626939e-10, 4.08632044868e-10, 3.98825444892e-10, 3.91642385189e-10, 3.86945281372e-10],
        "mean": [8.40253924252e-05, 0.000362392049283, 0.000664697668981, 0.000665336963721, 0.000471768988064, 0.000344330910593, 0.00025951306452, 0.000195978427655, 0.000169444931089, 0.000113028530905, 7.86540404079e-05, 6.7170971306e-05, 6.6842418164e-05, 7.82512215665e-05, 0.000122313387692, 0.000171930427314, 0.000205567586818, 0.000186254401342, 0.000135246344144, 0.000105239480035, 0.000132987930556, 0.000156765046995, 0.000141150259878, 0.000148751190864, 0.000152149732457, 0.000297347054584, 0.00037223144318, 0.000297407998005, 0.000293458055239, 0.000234145874856, 0.000183176613064, 0.000145820013131, 0.000117605064588, 0.000132570945425, 0.000161938281963, 0.000126415805425, 8.22153160698e-05, 9.74377398961e-05, 6.92150060786e-05, 5.90882300457e-05, 7.24010315025e-05, 7.92317441665e-05, 8.12841535662e-05, 5.8832069044e-05, 6.87521023792e-05, 6.28338675597e-05, 4.38740171376e-05, 5.26191943209e-05, 3.62964783562e-05, 2.24379509746e-05, 2.67262657871e-05, 2.96660855383e-05, 2.80022668449e-05, 1.7740574549e-05, 1.673909901e-05, 2.66940242e-05, 2.67016112048e-05, 2.08937617572e-05, 2.68516541837e-05, 3.27827692672e-05, 3.66679742001e-05, 4.0970309783e-05, 3.4770295315e-05, 3.7628422433e-05, 3.7161851651e-05, 2.61762070295e-05, 1.62747437571e-05, 2.53892048931e-05, 3.65704108845e-05, 3.1160609069e-05, 3.58033103112e-05, 3.68990040442e-05, 2.20764923142e-05, 1.50737096192e-05, 1.09709826575e-05, 9.16550015972e-06, 9.55900941335e-06, 1.06493916974e-05, 8.40028224047e-06, 1.02723197415e-05, 1.23496802189e-05, 1.13011992653e-05, 1.19691603686e-05, 1.1282711057e-05, 6.2776134655e-06, 3.08840412799e-06, 7.04217825387e-07, 4.34106861569e-10, 6.90120877112e-11, 3.1745987783e-11, 2.51712591742e-11, 2.06446058165e-11, 1.94997056696e-11, 1.71515770336e-11, 1.54419307202e-11, 1.31053310565e-11, 1.25747901675e-11, 1.18538651117e-11, 1.09115711258e-11, 9.14370749255e-12, 8.54965143821e-12, 8.06856144397e-12, 7.54663779384e-12, 7.03009222017e-12, 6.70608967662e-12, 6.32329258399e-12, 5.84990302727e-12, 5.7132579917e-12, 5.41352856639e-12, 5.32306880865e-12, 4.97555122103e-12, 4.69866550182e-12, 4.28719126172e-12, 4.08371773897e-12, 4.05074671722e-12, 3.80066811356e-12, 3.61601872577e-12, 3.49586787469e-12, 3.41609488093e-12, 3.11722002377e-12, 3.28225879635e-12, 2.90674494023e-12, 2.64884663682e-12, 2.55705461145e-12, 2.48812125417e-12, 2.4277416015e-12, 2.38938686545e-12, 2.37193359572e-12],
        "min": [2.60883914471e-09, 1.5773904849e-08, 1.79680519352e-08, 1.03073034552e-08, 1.27382637771e-08, 2.79112821744e-09, 1.59103519248e-09, 3.7048536683e-08, 1.11585949369e-08, 1.7923397877e-08, 7.31172322688e-09, 6.74498501496e-09, 2.51606646628e-08, 1.19783948094e-07, 7.56815978775e-08, 1.43164822219e-08, 2.72413331004e-07, 1.00213789267e-07, 1.95697751337e-07, 8.35145002043e-08, 1.19236062801e-07, 6.76193749882e-08, 4.64105767151e-07, 1.8332174534e-07, 2.84022121377e-07, 8.60498971633e-07, 7.90830711139e-07, 1.09400855308e-06, 3.06112099224e-07, 3.4534406268e-07, 3.40980022884e-07, 2.91471650371e-07, 4.57780458873e-07, 2.39803682689e-07, 2.20565326003e-07, 1.90670562006e-07, 7.11659652097e-07, 2.77809192539e-07, 2.92553238523e-07, 2.68646942914e-07, 5.32330489023e-07, 7.6552464634e-07, 1.89734635114e-07, 8.38740774611e-08, 2.32575999348e-07, 2.99409322224e-07, 1.77308109528e-07, 2.354153672e-08, 2.91263582142e-08, 2.49863116863e-08, 4.80715485196e-08, 9.50641094732e-08, 6.2570791215e-08, 1.55828061565e-07, 1.15739410944e-07, 2.89651922003e-07, 2.03122297648e-07, 8.50291996812e-08, 2.07189660983e-08, 3.21028288397e-08, 1.72069860582e-08, 5.1100805365e-08, 2.17994440277e-07, 2.63904155418e-07, 7.87724161455e-08, 2.32655334997e-08, 1.02851430483e-07, 2.51298473586e-07, 2.30892240438e-07, 7.76085542498e-08, 4.19761896353e-08, 2.43134437028e-08, 3.05887937202e-08, 3.85492953114e-08, 8.88913262997e-08, 5.64970648043e-08, 5.62272077786e-08, 2.58490278071e-08, 1.38354074863e-08, 1.60182054287e-08, 1.57191362149e-08, 2.06193035979e-08, 7.29233562424e-09, 2.61877861618e-08, 1.32935946695e-08, 2.4330096271e-10, 2.56238238093e-12, 8.98326768875e-13, 4.67258339226e-13, 1.52551772213e-13, 3.60559563976e-14, 5.43264164123e-14, 7.40020566527e-14, 5.88003292432e-14, 5.46694579797e-14, 4.43549920913e-14, 6.18471948459e-14, 6.2568738168e-14, 4.3152456028e-14, 2.76434199831e-14, 3.31913587327e-14, 2.07213752586e-14, 3.04343376401e-14, 2.83299401868e-14, 3.01138711948e-14, 2.57924361529e-14, 2.79279247975e-14, 2.94781458629e-14, 3.26413124774e-14, 2.16050779562e-14, 4.10652177681e-14, 3.57353747559e-14, 3.54314864395e-14, 3.3491594643e-14, 3.24932646707e-14, 3.5622824406e-14, 3.0585322957e-14, 3.20362700669e-14, 3.52311563712e-14, 2.92695114836e-14, 3.00017884071e-14, 3.60123579178e-14, 3.35557556947e-14, 3.04581562066e-14, 2.24868121492e-14, 8.47508895067e-15, 1.31007600161e-15, 4.65960897567e-17],
        "stdev": [0.000162595664733, 0.000642032478936, 0.00120267225429, 0.00127814919688, 0.00094301282661, 0.00068039103644, 0.000573959143367, 0.000488883873913, 0.000493657891639, 0.000356670236215, 0.000218079250772, 0.000133566296427, 0.000140784191899, 0.000251801684499, 0.000343417283148, 0.000486727600219, 0.00069661840098, 0.000686824030709, 0.000477637397125, 0.000340158352628, 0.000541765184607, 0.000586771348026, 0.000589469680563, 0.000463341857539, 0.000376845971914, 0.00067113438854, 0.0007538155769, 0.000601321691647, 0.000501687871292, 0.000468890881166, 0.000401999277528, 0.000274441554211, 0.000357499840902, 0.000441128911916, 0.00035541690886, 0.000294617988402, 0.000181767172762, 0.000212813902181, 0.000185442870134, 0.000140037896927, 0.000155605463078, 0.000174472152139, 0.000215697844396, 0.000135109905386, 0.000153188026161, 0.00015878053091, 0.0001629570761, 0.000180775823537, 9.93310386548e-05, 5.14425628353e-05, 6.12830626778e-05, 6.5300577262e-05, 4.24898207712e-05, 3.81136560463e-05, 4.33159984823e-05, 7.60739058023e-05, 8.93444521353e-05, 5.06347278133e-05, 5.73363176954e-05, 7.08879015292e-05, 7.45357974665e-05, 9.95476075332e-05, 9.72359994194e-05, 9.29050511331e-05, 8.73276730999e-05, 8.68362621986e-05, 4.08135638281e-05, 5.39521606697e-05, 7.93280123617e-05, 6.62347010802e-05, 9.31841059355e-05, 9.11439638003e-05, 6.74049224472e-05, 3.44572399626e-05, 2.19740959437e-05, 1.52253596752e-05, 1.58006751008e-05, 1.71779120137e-05, 2.02403625735e-05, 2.23462902795e-05, 2.07869634323e-05, 2.61328023043e-05, 2.73191890301e-05, 2.47387106356e-05, 1.39128251249e-05, 6.65568268232e-06, 1.43859938362e-06, 2.48526443869e-09, 8.36687219508e-10, 5.9527099916e-10, 4.50486231651e-10, 3.49371170882e-10, 2.91544399733e-10, 2.45129971876e-10, 2.0942943213e-10, 1.62889049471e-10, 1.51562873363e-10, 1.42163503192e-10, 1.29212043842e-10, 9.19365000795e-11, 8.33785193666e-11, 7.62925625453e-11, 6.86293313845e-11, 6.17862774832e-11, 6.03761207696e-11, 5.58473614576e-11, 4.83788668848e-11, 4.90328298797e-11, 4.43526500249e-11, 4.74563964514e-11, 4.0020778358e-11, 3.44725047119e-11, 3.05820091473e-11, 2.92168372829e-11, 3.19114006053e-11, 2.82799148682e-11, 2.40165751869e-11, 2.20742937818e-11, 2.40749260805e-11, 1.59199476518e-11, 2.44706772207e-11, 1.29389702078e-11, 1.04192583381e-11, 9.8057456252e-12, 9.4841721282e-12, 9.26394638084e-12, 9.10539612459e-12, 9.00284187477e-12]
    },
    "mfcc": {
        "mean": [-680.98223877, 172.369689941, -113.106811523, 80.9721221924, -69.8932876587, 35.8926315308, -3.77505064011, 3.70462083817, 17.5688056946, -16.5560455322, 26.9037132263, -22.0533180237, 12.9134616852],
        "cov": [[655.385742188, 126.889900208, 157.99269104, 387.344177246, 19.1400852203, 199.938583374, -48.4274978638, -12.845410347, -45.8672561646, -47.2927360535, -28.0113010406, -72.5639801025, 49.3791503906], [126.889900208, 346.37399292, 198.96496582, 51.1376152039, 108.150108337, 10.4214115143, 8.89140415192, -29.4508304596, 3.81456065178, -19.203250885, -14.8409929276, 11.5648117065, -30.6491165161], [157.99269104, 198.96496582, 510.942901611, 331.285797119, 113.956466675, 255.686157227, 6.72978305817, 63.0453567505, 5.83477449417, -21.6508960724, 12.548377037, 2.63286805153, 85.9766693115], [387.344177246, 51.1376152039, 331.285797119, 618.21661377, 197.260467529, 229.542129517, 20.8914527893, 15.3179979324, -22.1291217804, -11.8152980804, -12.7640962601, -15.4293766022, 131.222976685], [19.1400852203, 108.150108337, 113.956466675, 197.260467529, 265.180114746, 71.6594924927, 21.3946933746, 19.4108333588, 10.368188858, 16.3094558716, -19.4986343384, 26.4512386322, 57.5562553406], [199.938583374, 10.4214115143, 255.686157227, 229.542129517, 71.6594924927, 372.147186279, 105.626815796, 102.092880249, 14.4543457031, 2.33984279633, 20.3170814514, -37.2900543213, 93.4944381714], [-48.4274978638, 8.89140415192, 6.72978305817, 20.8914527893, 21.3946933746, 105.626815796, 268.57989502, 59.4019889832, -11.9873228073, 64.4278030396, 10.3154973984, -15.8879108429, 11.9830093384], [-12.845410347, -29.4508304596, 63.0453567505, 15.3179979324, 19.4108333588, 102.092880249, 59.4019889832, 150.828903198, 77.7072753906, 27.9114704132, 11.0142717361, -12.8260774612, 30.386888504], [-45.8672561646, 3.81456065178, 5.83477449417, -22.1291217804, 10.368188858, 14.4543457031, -11.9873228073, 77.7072753906, 163.805297852, 31.8410282135, 14.3802394867, 17.8210010529, -13.3666505814], [-47.2927360535, -19.203250885, -21.6508960724, -11.8152980804, 16.3094558716, 2.33984279633, 64.4278030396, 27.9114704132, 31.8410282135, 107.323143005, 34.2906951904, 0.832592368126, 12.0150604248], [-28.0113010406, -14.8409929276, 12.548377037, -12.7640962601, -19.4986343384, 20.3170814514, 10.3154973984, 11.0142717361, 14.3802394867, 34.2906951904, 83.5849151611, 31.8869171143, 0.604282259941], [-72.5639801025, 11.5648117065, 2.63286805153, -15.4293766022, 26.4512386322, -37.2900543213, -15.8879108429, -12.8260774612, 17.8210010529, 0.832592368126, 31.8869171143, 86.0680160522, 24.6994113922], [49.3791503906, -30.6491165161, 85.9766693115, 131.222976685, 57.5562553406, 93.4944381714, 11.9830093384, 30.386888504, -13.3666505814, 12.0150604248, 0.604282259941, 24.6994113922, 121.854011536]],
        "icov": [[0.0277301911265, -0.0344138517976, 0.0328911691904, -0.032648537308, 0.0294008441269, -0.0267926733941, 0.0227212291211, -0.0179403163493, 0.0163435470313, -0.0127316638827, 0.0112071121112, -0.00693159922957, 0.00536566087976], [-0.0344138517976, 0.0496178902686, -0.0455951616168, 0.0424883849919, -0.0399121381342, 0.0351441539824, -0.0301459487528, 0.0257190205157, -0.0220478512347, 0.0173991117626, -0.0140690943226, 0.0100861638784, -0.00482963398099], [0.0328911691904, -0.0455951616168, 0.0464488640428, -0.0417674705386, 0.0373162850738, -0.0356017351151, 0.0294919386506, -0.0250387694687, 0.0215940382332, -0.0165497343987, 0.0140814390033, -0.0116954529658, 0.00674428464845], [-0.032648537308, 0.0424883849919, -0.0417674705386, 0.0429078564048, -0.0376224368811, 0.032118037343, -0.0278761461377, 0.0243485681713, -0.0209307391196, 0.0168004781008, -0.0147289074957, 0.0120025426149, -0.00933540146798], [0.0294008441269, -0.0399121381342, 0.0373162850738, -0.0376224368811, 0.0390481837094, -0.0303088966757, 0.0255453940481, -0.0218295622617, 0.0190223567188, -0.0171992536634, 0.0163322128356, -0.013042178005, 0.00632055941969], [-0.0267926733941, 0.0351441539824, -0.0356017351151, 0.032118037343, -0.0303088966757, 0.03467829898, -0.0257611107081, 0.0176549721509, -0.0184919759631, 0.0174124725163, -0.016585689038, 0.0145839974284, -0.0105511173606], [0.0227212291211, -0.0301459487528, 0.0294919386506, -0.0278761461377, 0.0255453940481, -0.0257611107081, 0.0258030295372, -0.018817640841, 0.0175510141999, -0.0164602939039, 0.0126416999847, -0.0101478826255, 0.0078182304278], [-0.0179403163493, 0.0257190205157, -0.0250387694687, 0.0243485681713, -0.0218295622617, 0.0176549721509, -0.018817640841, 0.0279000308365, -0.0195269025862, 0.0113323228434, -0.0104835787788, 0.0119297439232, -0.00878269039094], [0.0163435470313, -0.0220478512347, 0.0215940382332, -0.0209307391196, 0.0190223567188, -0.0184919759631, 0.0175510141999, -0.0195269025862, 0.0224656704813, -0.0138193732128, 0.0110080698505, -0.0126109048724, 0.00981078203768], [-0.0127316638827, 0.0173991117626, -0.0165497343987, 0.0168004781008, -0.0171992536634, 0.0174124725163, -0.0164602939039, 0.0113323228434, -0.0138193732128, 0.0249946434051, -0.0168468784541, 0.0136536704376, -0.00998748093843], [0.0112071121112, -0.0140690943226, 0.0140814390033, -0.0147289074957, 0.0163322128356, -0.016585689038, 0.0126416999847, -0.0104835787788, 0.0110080698505, -0.0168468784541, 0.028718193993, -0.0190244074911, 0.0108105950058], [-0.00693159922957, 0.0100861638784, -0.0116954529658, 0.0120025426149, -0.013042178005, 0.0145839974284, -0.0101478826255, 0.0119297439232, -0.0126109048724, 0.0136536704376, -0.0190244074911, 0.0310689564794, -0.0152669427916], [0.00536566087976, -0.00482963398099, 0.00674428464845, -0.00933540146798, 0.00632055941969, -0.0105511173606, 0.0078182304278, -0.00878269039094, 0.00981078203768, -0.00998748093843, 0.0108105950058, -0.0152669427916, 0.0217453446239]]
    },
    "spectral_contrast_coeffs": {
        "max": [-0.413547992706, -0.522428572178, -0.545271158218, -0.601189732552, -0.586042702198, -0.247355118394],
        "mean": [-0.757598638535, -0.767687618732, -0.744837880135, -0.78277695179, -0.762340784073, -0.440667241812],
        "min": [-0.937574148178, -0.92560505867, -0.895471394062, -0.904138684273, -0.860009789467, -0.659062743187],
        "stdev": [0.0728007107973, 0.0687210857868, 0.0592083372176, 0.0434366874397, 0.0465783141553, 0.0623825900257]
    },
    "spectral_contrast_valleys": {
        "max": [-5.51364421844, -4.79522037506, -5.54370164871, -6.10306882858, -5.44066953659, -11.5178689957],
        "mean": [-7.53014612198, -6.83704900742, -6.77674150467, -7.17170286179, -6.95468425751, -14.088932991],
        "min": [-11.1243276596, -8.5427236557, -8.45503425598, -9.18060874939, -8.9190788269, -17.0913448334],
        "stdev": [0.940073370934, 0.489878505468, 0.46823194623, 0.348735749722, 0.363726228476, 0.823458850384]
    }
},
"rhythm": {
    "beats_count": 108,
    "beats_loudness": {
        "max": 0.0538904331625,
        "mean": 0.0211875792593,
        "min": 0.0114092221484,
        "stdev": 0.00701344432309
    },
    "bpm": 138.179260254,
    "bpm_histogram_first_peak_bpm": 140,
    "bpm_histogram_first_peak_weight": 0.464788734913,
    "bpm_histogram_second_peak_bpm": 129,
    "bpm_histogram_second_peak_spread": 0.428571403027,
    "bpm_histogram_second_peak_weight": 0.112149529159,
    "danceability": 2.40333247185,
    "onset_rate": 3.06035232544,
    "beats_loudness_band_ratio": {
        "max": [0.755847334862, 0.413908541203, 0.783406674862, 0.826878726482, 0.79000377655, 0.697495877743],
        "mean": [0.227173686028, 0.0526324659586, 0.193082511425, 0.243675604463, 0.149032056332, 0.171050146222],
        "min": [0.000230349600315, 0.000445081677753, 0.0147571004927, 0.0161352138966, 0.0205795522779, 0.0139346979558],
        "stdev": [0.20220528543, 0.0656661912799, 0.176687926054, 0.164293140173, 0.112751051784, 0.136220484972]
    },
