{
"metadata": {
    "version": {
        "essentia": "2.1-beta5",
        "essentia_git_sha": "Undefined",
        "extractor": "music 2.0"
    },
    "audio_properties": {
        "analysis": {
            "equal_loudness": 0,
            "length": 21.4204082489,
            "sample_rate": 44100,
            "start_time": 175.240997314,
            "downmix": "mix"
        },
        "bit_rate": 192000,
        "length": 196.684646606,
        "lossless": 0,
        "number_channels": 2,
        "replay_gain": -5.78645706177,
        "sample_rate": 48000,
        "codec": "mp3",
        "md5_encoded": "3283086f310b89149d6c17b47ee81e53"
    },
    "tags": {
        "file_name": "Israel_The Fire In Your Eyes_Boaz.mp3",
        "encoding": ["Lavf58.29.100"]
    }
},
"lowlevel": {
    "average_loudness": 0.813073396683,
    "barkbands_crest": {
        "max": 21.4130172729,
        "mean": 8.38436317444,
        "min": 3.34624457359,
        "stdev": 3.0728867054
    },
    "barkbands_flatness_db": {
        "max": 0.322311550379,
        "mean": 0.162475854158,
        "min": 0.0519951507449,
        "stdev": 0.0597670674324
    },
    "barkbands_kurtosis": {
        "max": 13.2646446228,
        "mean": 1.20126414299,
        "min": -1.58182156086,
        "stdev": 2.17505455017
    },
    "barkbands_skewness": {
        "max": 3.37685751915,
        "mean": 0.963388323784,
        "min": -0.468355983496,
        "stdev": 0.711910605431
    },
    "barkbands_spread": {
        "max": 61.9997329712,
        "mean": 19.7535800934,
        "min": 3.7924258709,
        "stdev": 11.5897216797
    },
    "dissonance": {
        "max": 0.500000119209,
        "mean": 0.476643711329,
        "min": 0.353813320398,
        "stdev": 0.0201872158796
    },
    "dynamic_complexity": 3.27154445648,
    "erbbands_crest": {
        "max": 21.8787269592,
        "mean": 9.27049064636,
        "min": 2.81418323517,
        "stdev": 3.2796254158
    },
    "erbbands_flatness_db": {
        "max": 0.36909070611,
        "mean": 0.224694937468,
        "min": 0.0821407139301,
        "stdev": 0.068986184895
    },
    "erbbands_kurtosis": {
        "max": 8.1380739212,
        "mean": 0.957953333855,
        "min": -1.40120482445,
        "stdev": 1.35741567612
    },
    "erbbands_skewness": {
        "max": 2.5944879055,
        "mean": 0.687174916267,
        "min": -1.31912112236,
        "stdev": 0.692161202431
    },
    "erbbands_spread": {
        "max": 88.2250442505,
        "mean": 23.9171524048,
        "min": 7.99255037308,
        "stdev": 11.4624347687
    },
    "hfc": {
        "max": 94.0952224731,
        "mean": 25.917547226,
        "min": 0.103348739445,
        "stdev": 18.4038352966
    },
    "loudness_ebu128": {
        "integrated": -16.8733997345,
        "loudness_range": 6.24265575409,
        "momentary": {
            "max": -14.0545186996,
            "mean": -17.7518291473,
            "min": -25.8503856659,
            "stdev": 3.05542850494
        },
        "short_term": {
            "max": -14.4624233246,
            "mean": -17.3178920746,
            "min": -23.6613864899,
            "stdev": 2.52983379364
        }
    },
    "melbands_crest": {
        "max": 25.7061805725,
        "mean": 10.5636835098,
        "min": 3.87192320824,
        "stdev": 3.3301615715
    },
    "melbands_flatness_db": {
        "max": 0.266030550003,
        "mean": 0.159000262618,
        "min": 0.0647572427988,
        "stdev": 0.0336235575378
    },
    "melbands_kurtosis": {
        "max": 29.916519165,
        "mean": 4.57802629471,
        "min": -0.947035074234,
        "stdev": 4.53664398193
    },
    "melbands_skewness": {
        "max": 5.17662858963,
        "mean": 1.61385834217,
        "min": -0.506972372532,
        "stdev": 0.902595341206
    },
    "melbands_spread": {
        "max": 67.1238327026,
        "mean": 25.8368911743,
        "min": 4.84354400635,
        "stdev": 12.7184677124
    },
    "pitch_salience": {
        "max": 0.870712339878,
        "mean": 0.633430123329,
        "min": 0.357899785042,
        "stdev": 0.11037453264
    },
    "silence_rate_20dB": {
        "max": 1,
        "mean": 1,
        "min": 1,
        "stdev": 0
    },
    "silence_rate_30dB": {
        "max": 1,
        "mean": 1,
        "min": 1,
        "stdev": 0
    },
    "silence_rate_60dB": {
        "max": 1,
        "mean": 0.0584415569901,
        "min": 0,
        "stdev": 0.234576404095
    },
    "spectral_centroid": {
        "max": 2638.29541016,
        "mean": 1646.70666504,
        "min": 917.645019531,
        "stdev": 291.251434326
    },
    "spectral_complexity": {
        "max": 51,
        "mean": 22.5270557404,
        "min": 0,
        "stdev": 8.35613918304
    },
    "spectral_decrease": {
        "max": -9.65580740364e-12,
        "mean": -5.91083493262e-09,
        "min": -2.09216679536e-08,
        "stdev": 4.52141746266e-09
    },
    "spectral_energy": {
        "max": 0.085990332067,
        "mean": 0.0246596708894,
        "min": 4.58174399682e-05,
        "stdev": 0.0186403393745
    },
    "spectral_energyband_high": {
        "max": 0.00727689871565,
        "mean": 0.00080934248399,
        "min": 7.68058089307e-06,
        "stdev": 0.000858609913848
    },
    "spectral_energyband_low": {
        "max": 0.0579687282443,
        "mean": 0.00449946383014,
        "min": 1.19489163009e-09,
        "stdev": 0.00663093104959
    },
    "spectral_energyband_middle_high": {
        "max": 0.0445278435946,
        "mean": 0.0104710170999,
        "min": 1.52661632455e-05,
        "stdev": 0.00769296800718
    },
    "spectral_energyband_middle_low": {
        "max": 0.0453073754907,
        "mean": 0.00943136960268,
        "min": 2.23887454922e-05,
        "stdev": 0.00828021857888
    },
    "spectral_entropy": {
        "max": 8.60042095184,
        "mean": 7.72203207016,
        "min": 7.25580835342,
        "stdev": 0.189801871777
    },
    "spectral_flux": {
        "max": 0.229586362839,
        "mean": 0.0762042403221,
        "min": 0.0231186840683,
        "stdev": 0.0320863910019
    },
    "spectral_kurtosis": {
        "max": 10.4838762283,
        "mean": 3.63727521896,
        "min": 0.319727420807,
        "stdev": 1.40507996082
    },
    "spectral_rms": {
        "max": 0.00915931258351,
        "mean": 0.00450263218954,
        "min": 0.0002114236122,
        "stdev": 0.00194537756033
    },
    "spectral_rolloff": {
        "max": 9388.4765625,
        "mean": 1826.82836914,
        "min": 193.798828125,
        "stdev": 719.965576172
    },
    "spectral_skewness": {
        "max": 2.15892624855,
        "mean": 1.41469109058,
        "min": 0.764771699905,
        "stdev": 0.228683963418
    },
    "spectral_spread": {
        "max": 16824668,
        "mean": 3849940.75,
        "min": 2695208.5,
        "stdev": 993801.9375
    },
    "spectral_strongpeak": {
        "max": 8.26918506622,
        "mean": 1.54585182667,
        "min": 0,
        "stdev": 1.60786819458
    },
    "zerocrossingrate": {
        "max": 0.18896484375,
        "mean": 0.0703473761678,
        "min": 0.04150390625,
        "stdev": 0.0175339039415
    },
    "barkbands": {
        "max": [0.00260810786858, 0.0522782951593, 0.0176673717797, 0.0152372736484, 0.0158224962652, 0.0242956876755, 0.0127926664427, 0.0109555404633, 0.0326396413147, 0.0298481062055, 0.00655949441716, 0.0192368719727, 0.0118042007089, 0.0174544584006, 0.00483497837558, 0.00409467797726, 0.00749725662172, 0.00441198609769, 0.0023705298081, 0.00319656729698, 0.00173245905899, 0.00194185995497, 0.000918473757338, 0.00225165463053, 0.00194958352949, 0.000235166909988, 1.72869488324e-06],
        "mean": [5.82829161431e-05, 0.00287342746742, 0.00123282289132, 0.00073569471715, 0.000987019855529, 0.00214958982542, 0.000485485506942, 0.000556965358555, 0.00393943861127, 0.00246666232124, 0.00064729450969, 0.00196560192853, 0.00130529329181, 0.00199999473989, 0.000369242712623, 0.000408835301641, 0.000608970993198, 0.000610422925092, 0.000286053400487, 0.000328139401972, 0.000218391302042, 0.000182192175998, 0.000115167822514, 6.78523647366e-05, 5.34121427336e-05, 7.41366739021e-06, 2.95600122158e-09],
        "min": [2.75707304209e-11, 1.87577411936e-10, 6.01666008682e-11, 1.55753146491e-10, 3.07395779942e-08, 1.03922116068e-06, 2.77731328424e-06, 4.74253147331e-06, 7.44571082123e-07, 1.03391289485e-06, 2.44440207098e-06, 8.69581981533e-07, 1.70882083239e-06, 2.32356774177e-06, 2.84267002826e-06, 1.34899391924e-06, 1.32102627504e-06, 1.05145795715e-06, 4.35113634012e-07, 3.39671828442e-07, 2.82807519625e-07, 3.42302570289e-07, 5.93657034642e-07, 1.7119500626e-06, 7.23555388049e-07, 1.1646140996e-10, 4.24415468048e-11],
        "stdev": [0.000166754471138, 0.00482814293355, 0.0020083761774, 0.00131263374351, 0.0016105332179, 0.00348302558996, 0.00117759592831, 0.000831464014482, 0.00457446137443, 0.00335948867723, 0.000721580465324, 0.00267266226001, 0.0016439857427, 0.00299606006593, 0.000352912582457, 0.000450480554719, 0.000932894006837, 0.000666750420351, 0.000282682856778, 0.000380184414098, 0.000243187168962, 0.000209226913285, 0.000139296345878, 0.000132700763061, 0.000126569124404, 2.01475559152e-05, 5.68772868803e-08]
    },
    "erbbands": {
        "max": [1.48008322716, 11.440943718, 22.8726940155, 29.8109779358, 65.4581375122, 67.5770339966, 146.064208984, 247.489181519, 245.561477661, 182.392715454, 363.591583252, 516.18560791, 725.643554688, 1210.38696289, 397.524291992, 549.565307617, 450.908508301, 985.107666016, 290.732086182, 164.959945679, 266.590515137, 303.678649902, 225.807861328, 109.669380188, 148.801208496, 212.172012329, 75.9152603149, 70.7500915527, 70.5354385376, 43.326007843, 27.7467460632, 36.1037330627, 44.2614135742, 32.5687675476, 8.52519512177, 2.35226655006, 0.130054280162, 0.00355759775266, 0.000318074220559, 0.000126752303913],
        "mean": [0.0607743822038, 0.707352876663, 1.53853225708, 2.00413703918, 3.41762304306, 2.67573308945, 7.2857632637, 21.1160774231, 10.778588295, 6.87173128128, 18.0672225952, 66.6439208984, 104.014945984, 66.2430725098, 51.040222168, 61.4318351746, 55.8574638367, 123.111282349, 24.604675293, 20.5601100922, 26.6834564209, 30.6845169067, 33.7608566284, 21.1258525848, 15.3064250946, 17.722026825, 10.5377988815, 7.30667591095, 6.77783298492, 4.63196229935, 2.9390206337, 1.71993482113, 0.988538146019, 0.586078941822, 0.373608589172, 0.0955519899726, 0.00416335463524, 0.000135158275953, 2.50606062764e-05, 3.21001898556e-05],
        "min": [2.56455869874e-08, 1.69764845737e-07, 8.18381806766e-07, 3.67881352759e-06, 3.07901063934e-05, 0.000454314198578, 0.00449887057766, 0.0178175270557, 0.0408114232123, 0.10796931386, 0.0758795514703, 0.0169458407909, 0.037578124553, 0.0484112687409, 0.0795817002654, 0.0426751747727, 0.0682440623641, 0.109623409808, 0.0955580100417, 0.193822309375, 0.0518598146737, 0.0724032521248, 0.0717688724399, 0.0281340908259, 0.0156686473638, 0.0156661625952, 0.010622353293, 0.0119877737015, 0.0103851575404, 0.0168193187565, 0.0230567231774, 0.0536844171584, 0.0233712419868, 0.0108714336529, 0.00229855487123, 0.00020987309108, 1.10696410047e-05, 1.63448987678e-06, 1.25354779357e-06, 1.97678076574e-07],
        "stdev": [0.134958773851, 1.129524827, 2.39129257202, 3.16996741295, 6.39102602005, 5.23798036575, 14.3222160339, 35.8901062012, 21.426525116, 12.9633140564, 21.9419384003, 66.1873321533, 108.929489136, 108.867103577, 55.7576293945, 73.3767166138, 59.2674942017, 179.776367188, 24.4914531708, 19.1361637115, 33.5928421021, 42.4824829102, 35.5962104797, 18.5201396942, 16.3264846802, 21.2602043152, 11.3203983307, 9.2713432312, 7.91824769974, 5.38042449951, 3.57473015785, 2.59437632561, 2.21772933006, 1.64597678185, 0.87900441885, 0.231311887503, 0.0109061198309, 0.0003121860791, 2.97976985166e-05, 2.42702571995e-05]
    },
    "gfcc": {
        "mean": [-20.8655872345, 61.7389526367, -196.606689453, 9.39830875397, -89.9452667236, 20.1332359314, -35.1785240173, 11.7317914963, -22.7773036957, -6.31540250778, -10.4299097061, -8.65858459473, -1.07928872108],
        "cov": [[7296.50488281, 3136.34350586, 4320.6875, 3129.61425781, 2058.79321289, 986.036987305, 222.173141479, 107.085494995, -354.991760254, 583.206237793, 145.554611206, 563.812683105, -316.292602539], [3136.34350586, 1806.61047363, 2003.28417969, 1479.27929688, 1052.88818359, 539.955200195, 249.828674316, 27.6063404083, -118.290153503, 231.073913574, 100.040008545, 189.477157593, -145.002944946], [4320.6875, 2003.28417969, 3067.87768555, 2128.4519043, 1402.87353516, 682.827697754, 62.8558235168, 143.202651978, -220.597244263, 406.305297852, 40.2696876526, 374.856018066, -243.23274231], [3129.61425781, 1479.27929688, 2128.4519043, 1630.69506836, 1038.40563965, 480.438018799, 88.8449630737, 84.8091888428, -114.625999451, 276.464782715, 55.9418411255, 270.24710083, -165.127029419], [2058.79321289, 1052.88818359, 1402.87353516, 1038.40563965, 762.416442871, 399.418945312, 142.394393921, 83.0705718994, -76.9786529541, 193.77507019, 37.779209137, 159.086135864, -120.429985046], [986.036987305, 539.955200195, 682.827697754, 480.438018799, 399.418945312, 305.047943115, 164.234161377, 59.3170928955, -33.2262992859, 100.443115234, 15.4395570755, 49.8029441833, -70.5404586792], [222.173141479, 249.828674316, 62.8558235168, 88.8449630737, 142.394393921, 164.234161377, 237.054641724, 39.531162262, 34.3807678223, 15.8266544342, 26.4115638733, -27.1329479218, -20.2702102661], [107.085494995, 27.6063404083, 143.202651978, 84.8091888428, 83.0705718994, 59.3170928955, 39.531162262, 87.0896682739, 24.5082798004, 45.4060096741, -5.87003707886, 20.8902263641, -25.5048694611], [-354.991760254, -118.290153503, -220.597244263, -114.625999451, -76.9786529541, -33.2262992859, 34.3807678223, 24.5082798004, 87.1756973267, -6.7642493248, 12.6470193863, -21.4015083313, 17.4546985626], [583.206237793, 231.073913574, 406.305297852, 276.464782715, 193.77507019, 100.443115234, 15.8266544342, 45.4060096741, -6.7642493248, 123.543334961, 32.2924194336, 65.7944946289, -41.1381645203], [145.554611206, 100.040008545, 40.2696876526, 55.9418411255, 37.779209137, 15.4395570755, 26.4115638733, -5.87003707886, 12.6470193863, 32.2924194336, 63.3456115723, 23.8540344238, 9.75748348236], [563.812683105, 189.477157593, 374.856018066, 270.24710083, 159.086135864, 49.8029441833, -27.1329479218, 20.8902263641, -21.4015083313, 65.7944946289, 23.8540344238, 112.686309814, -7.81509160995], [-316.292602539, -145.002944946, -243.23274231, -165.127029419, -120.429985046, -70.5404586792, -20.2702102661, -25.5048694611, 17.4546985626, -41.1381645203, 9.75748348236, -7.81509160995, 60.3676986694]],
        "icov": [[0.00141427223571, -0.000909791560844, -0.000377326068701, -0.00137343094684, 0.000871444353834, 0.000406171282521, -0.00108320324216, 0.0003367018071, 0.0025218646042, -0.00158151122741, 0.000354485062417, -0.00141054810956, -0.000107643754745], [-0.000909791560844, 0.0153506025672, -0.0137423491105, 0.00797539483756, -0.0153602138162, 0.0125560509041, -0.0137801971287, 0.0176308974624, -0.00980386324227, 0.00841217208654, -0.0129317510873, 0.010663821362, -0.00256069772877], [-0.000377326068701, -0.0137423491105, 0.0214695222676, -0.0135452058166, 0.0122862476856, -0.0166148338467, 0.0179032832384, -0.0202336106449, 0.0136100705713, -0.0100490609184, 0.0141192814335, -0.0102339480072, 0.00263616815209], [-0.00137343094684, 0.00797539483756, -0.0135452058166, 0.0185588207096, -0.0172256939113, 0.0108586400747, -0.00703157391399, 0.0145200705156, -0.0148218991235, 0.00882591772825, -0.00838149245828, 0.00311252521351, 0.00230521173216], [0.000871444353834, -0.0153602138162, 0.0122862476856, -0.0172256939113, 0.0385491773486, -0.0215701404959, 0.0103036845103, -0.0210224278271, 0.0131581062451, -0.00919732823968, 0.0113985007629, -0.0109388493001, 0.00300156418234], [0.000406171282521, 0.0125560509041, -0.0166148338467, 0.0108586400747, -0.0215701404959, 0.0345169119537, -0.0245250333101, 0.0166055876762, -0.00531747192144, 0.00243378966115, -0.00752776023, 0.0112513722852, -0.00300195952877], [-0.00108320324216, -0.0137801971287, 0.0179032832384, -0.00703157391399, 0.0103036845103, -0.0245250333101, 0.0305023733526, -0.0210541058332, 0.00341171259061, -0.00177452969365, 0.00618355954066, -0.00595073075965, 0.00340519007295], [0.0003367018071, 0.0176308974624, -0.0202336106449, 0.0145200705156, -0.0210224278271, 0.0166055876762, -0.0210541058332, 0.046374257654, -0.021713225171, 0.0030469764024, -0.00668076472357, 0.00550922611728, 0.00244217901491], [0.0025218646042, -0.00980386324227, 0.0136100705713, -0.0148218991235, 0.0131581062451, -0.00531747192144, 0.00341171259061, -0.021713225171, 0.0356370992959, -0.0124196950346, 0.00581749621779, -0.00475442782044, -0.00435672048479], [-0.00158151122741, 0.00841217208654, -0.0100490609184, 0.00882591772825, -0.00919732823968, 0.00243378966115, -0.00177452969365, 0.0030469764024, -0.0124196950346, 0.0323241911829, -0.0209798850119, 0.00084118929226, 0.00987813621759], [0.000354485062417, -0.0129317510873, 0.0141192814335, -0.00838149245828, 0.0113985007629, -0.00752776023, 0.00618355954066, -0.00668076472357, 0.00581749621779, -0.0209798850119, 0.0409371741116, -0.0126818018034, -0.00628267554566], [-0.00141054810956, 0.010663821362, -0.0102339480072, 0.00311252521351, -0.0109388493001, 0.0112513722852, -0.00595073075965, 0.00550922611728, -0.00475442782044, 0.00084118929226, -0.0126818018034, 0.0328750014305, -0.0145884789526], [-0.000107643754745, -0.00256069772877, 0.00263616815209, 0.00230521173216, 0.00300156418234, -0.00300195952877, 0.00340519007295, 0.00244217901491, -0.00435672048479, 0.00987813621759, -0.00628267554566, -0.0145884789526, 0.038551017642]]
    },
    "melbands": {
        "max": [0.0143017470837, 0.0114951748401, 0.00536559056491, 0.00424694921821, 0.00439081108198, 0.0050423857756, 0.00322617101483, 0.00223043141887, 0.00335562927648, 0.00401550112292, 0.00374444527552, 0.00520044378936, 0.00103824934922, 0.00273669301532, 0.00120847637299, 0.00125616509467, 0.00168630806729, 0.000609130540397, 0.000294513185509, 0.000327553920215, 0.000445365119958, 0.000442629010649, 0.000554123136681, 0.000338681653375, 7.55948058213e-05, 0.000106537831016, 0.000112917987281, 0.000137374532642, 5.673128544e-05, 4.40973817604e-05, 4.29945575888e-05, 4.17546834797e-05, 3.57665376214e-05, 2.14045630855e-05, 1.97508688871e-05, 1.58259845193e-05, 2.60387496382e-05, 2.68325129582e-05, 3.77514370484e-05, 2.55202357948e-05],
        "mean": [0.000684566912241, 0.000864185509272, 0.000400033168262, 0.000212638129597, 0.00022862732294, 0.000449832936283, 0.000152465247083, 8.07852047728e-05, 0.000168236801983, 0.000508726749104, 0.000530181336217, 0.000282763590803, 0.00012628348486, 0.000258041720372, 8.9072244009e-05, 0.000197257118998, 0.000210046826396, 3.47928325937e-05, 2.70630407613e-05, 2.45346654992e-05, 3.2988456951e-05, 2.98617342196e-05, 3.17244812322e-05, 3.61707316188e-05, 1.42509315992e-05, 1.11097670015e-05, 1.10464097816e-05, 1.17346526167e-05, 7.09734558768e-06, 3.86198189517e-06, 4.57947498944e-06, 3.80892788598e-06, 3.37348615176e-06, 2.42751139012e-06, 1.74888430138e-06, 1.28860028781e-06, 9.52346795202e-07, 6.97105349445e-07, 5.50961942736e-07, 4.82586870021e-07],
        "min": [4.35335656412e-11, 1.2772559399e-10, 4.17360312976e-10, 4.06317779422e-09, 1.25576775645e-07, 3.39840624974e-07, 5.96458846758e-07, 1.21369532735e-06, 5.04642684973e-07, 9.40915043657e-08, 1.86464248486e-07, 1.74750653059e-07, 3.26363363001e-07, 1.01643614414e-07, 1.20069827858e-07, 1.794780502e-07, 2.16525606334e-07, 1.48943087197e-07, 2.60901856564e-07, 1.74438113731e-07, 4.47004850912e-08, 7.43978532114e-08, 9.45250704376e-08, 3.23884670195e-08, 2.33163781616e-08, 8.71204530739e-09, 1.14075806579e-08, 1.11467404196e-08, 7.5717228043e-09, 6.52314202654e-09, 6.56762511042e-09, 4.83698459064e-09, 7.84567077972e-09, 8.90950868637e-09, 1.2682484396e-08, 2.1787329274e-08, 2.46390392533e-08, 1.74526242347e-08, 1.0655869076e-08, 8.77151151712e-09],
        "stdev": [0.00128703890368, 0.00125332653988, 0.000609901850112, 0.000375414820155, 0.000430312386015, 0.000745782337617, 0.000294753263006, 0.00014075654326, 0.000206026845262, 0.000555081351195, 0.0005565835163, 0.000487256678753, 0.00012660320499, 0.000378598720999, 0.00014438368089, 0.00024982195464, 0.000306201865897, 4.71302373626e-05, 2.6152776627e-05, 2.51650799328e-05, 4.8940841225e-05, 4.84144766233e-05, 4.77194153063e-05, 4.4094362238e-05, 1.25014294099e-05, 1.20065278679e-05, 1.3138193026e-05, 1.46585634866e-05, 8.1801053966e-06, 5.14461316925e-06, 6.12565008851e-06, 4.72343936053e-06, 3.85901785194e-06, 3.27962493429e-06, 2.28866201724e-06, 1.57649208177e-06, 1.65505935001e-06, 1.47037042098e-06, 1.65424808074e-06, 1.37447375437e-06]
    },
    "melbands128": {
        "max": [0.0022583338432, 0.0110939340666, 0.0222792290151, 0.0181791298091, 0.0143754910678, 0.00779547868297, 0.00619115354493, 0.00765559449792, 0.00895057618618, 0.00476852525026, 0.00450330972672, 0.00562669895589, 0.00741734635085, 0.00897073093802, 0.00848639011383, 0.00703963590786, 0.00603523198515, 0.003610357875, 0.0014030886814, 0.00286576221697, 0.00361220235936, 0.00248494744301, 0.00613622553647, 0.00338737131096, 0.00391293130815, 0.00748895294964, 0.0106894662604, 0.00378742953762, 0.00600875169039, 0.00977217592299, 0.00600682711229, 0.00138837797567, 0.00164634617977, 0.00164958881214, 0.00567042827606, 0.0028201516252, 0.00287369824946, 0.00237170956098, 0.0023997630924, 0.00169553747401, 0.00175506889354, 0.005082661286, 0.00219419365749, 0.00089717208175, 0.00156594254076, 0.000477448484162, 0.00124515616335, 0.000328096502926, 0.000569434196223, 0.000526591495145, 0.000684143451508, 0.00020770887204, 0.000632296665572, 0.000833260477521, 0.000980667420663, 0.000897616730072, 0.000327942398144, 0.0014366209507, 0.000626249646302, 0.000432794360677, 0.000699450378306, 0.000426202983363, 0.000183591939276, 8.23021546239e-05, 0.000116955270641, 0.000119727461424, 0.000190010759979, 0.000147833488882, 0.000158457522048, 0.000272468430921, 0.000236080100876, 0.000110696702905, 7.37399968784e-05, 0.000119559757877, 6.11353825661e-05, 5.56086488359e-05, 5.25846044184e-05, 5.2782081184e-05, 6.38949713903e-05, 7.0600239269e-05, 4.35419206042e-05, 3.58323595719e-05, 5.25892719452e-05, 3.74055307475e-05, 4.15838512708e-05, 1.94014410226e-05, 3.7433419493e-05, 2.02846058528e-05, 2.90164225589e-05, 1.4469666894e-05, 1.30603748403e-05, 1.72576510522e-05, 2.75592065009e-05, 2.26632255362e-05, 3.23049243889e-05, 2.24913128477e-05, 2.26958982239e-05, 4.4965869165e-05, 4.33712120866e-05, 3.43715000781e-05, 2.44576131081e-05, 2.3265105483e-05, 3.05915637e-05, 1.5421606804e-05, 8.22351466923e-06, 2.6081028409e-05, 9.80182812782e-06, 5.82856637266e-06, 4.47307775175e-06, 4.32869865108e-06, 1.31990907448e-06, 1.2714124864e-07, 1.01183621481e-08, 9.70407754153e-09, 9.27644805415e-09, 1.5865904146e-08, 8.53445225601e-09, 8.21657142325e-09, 7.9122219887e-09, 7.67883623354e-09, 7.48223705216e-09, 7.2736190404e-09, 7.11429803957e-09, 6.95533985962e-09, 6.8147731902e-09, 6.75464439936e-09, 6.6863967696e-09, 6.64376464954e-09],
        "mean": [5.18298475072e-05, 0.000371812551748, 0.000953442882746, 0.00127777969465, 0.000914733449463, 0.000569422147237, 0.000383760605473, 0.000383140577469, 0.000387213454815, 0.000180551345693, 0.000123151912703, 0.000140045551234, 0.000182564137504, 0.000432853936218, 0.000544674985576, 0.000467334437417, 0.000188876962056, 0.000120359065477, 5.31902478542e-05, 6.6003856773e-05, 9.11807728698e-05, 0.000137593175168, 0.000135248468723, 0.000246882118518, 0.000328654627083, 0.000578662962653, 0.00104924372863, 0.000315533747198, 0.000360251724487, 0.000435406633187, 0.000199913149117, 9.84523940133e-05, 9.84158250503e-05, 8.85864646989e-05, 0.000440976407845, 0.000252478203038, 6.66854029987e-05, 9.01659368537e-05, 0.000104846229078, 6.74036637065e-05, 0.000102097910712, 0.000596595287789, 0.000229524084716, 2.77419821941e-05, 5.02701550431e-05, 3.04693949147e-05, 2.80230924545e-05, 2.48884844041e-05, 2.48889100476e-05, 3.58565157512e-05, 1.75890108949e-05, 1.94411932171e-05, 4.15585527662e-05, 3.42544954037e-05, 2.76509272226e-05, 2.73973273579e-05, 2.55491504504e-05, 5.62294044357e-05, 2.09385871131e-05, 1.32924869831e-05, 5.50989898329e-05, 3.73743168893e-05, 9.90546504909e-06, 1.05172330223e-05, 1.50393962031e-05, 8.86548150447e-06, 1.075604996e-05, 1.2144611901e-05, 8.32189925859e-06, 1.35964628498e-05, 1.64495922945e-05, 7.68051722844e-06, 4.99860107084e-06, 1.01361574707e-05, 5.12449150847e-06, 3.86603824154e-06, 3.00936358144e-06, 3.49168590219e-06, 5.37346659257e-06, 5.33271168024e-06, 3.16281943924e-06, 3.03398041979e-06, 5.04635863763e-06, 3.52885990651e-06, 2.01750935958e-06, 2.26580732487e-06, 3.03830120174e-06, 1.8051407551e-06, 1.69764985003e-06, 1.56107773819e-06, 1.56659416461e-06, 1.06886636786e-06, 1.13006706215e-06, 1.04018181446e-06, 8.00531552159e-07, 6.30059844298e-07, 7.37392781502e-07, 6.97952884821e-07, 5.57273210688e-07, 4.51800474366e-07, 5.03456249135e-07, 5.08182779413e-07, 4.46737686843e-07, 3.40137461308e-07, 3.50359215417e-07, 6.02729755883e-07, 4.45711009434e-07, 1.98065421841e-07, 1.13232189847e-07, 8.00454955652e-08, 2.52765808284e-08, 1.62701874196e-09, 6.00376276472e-11, 4.65454029486e-11, 5.67894897774e-11, 1.63490304628e-10, 4.16836357098e-11, 1.2603936124e-11, 1.21512964621e-11, 1.17893949811e-11, 1.14781630381e-11, 1.11795876376e-11, 1.09377680524e-11, 1.06961817875e-11, 1.04361562794e-11, 1.02245529751e-11, 1.00645099893e-11, 9.9936829645e-12],
        "min": [1.78802339688e-12, 3.14997593981e-12, 1.68853108579e-11, 1.99063820983e-11, 1.32171374539e-11, 4.01820174356e-11, 9.13311579143e-11, 4.61461945045e-11, 4.5811440752e-10, 2.01547600831e-09, 4.25275370475e-09, 9.05855923605e-09, 1.84160651173e-08, 4.82470170482e-08, 4.46871517568e-08, 5.20642302604e-08, 8.09429181459e-08, 4.26063984094e-08, 6.86987178256e-08, 2.00236286219e-07, 4.10625034419e-07, 3.24358268244e-07, 3.94727294406e-07, 1.21836521316e-07, 4.56786253267e-08, 8.03412447681e-08, 1.87146355302e-07, 2.38194147073e-07, 1.59706843306e-07, 7.0741315028e-08, 1.56838240173e-07, 4.1435717435e-07, 4.45354658041e-07, 1.8993591766e-07, 6.61958310388e-08, 9.55264098934e-08, 1.18398425286e-07, 2.74396541045e-08, 1.27926369942e-07, 1.23738871594e-07, 2.22189399324e-07, 2.22373572001e-07, 1.27745195755e-07, 2.98732743431e-07, 2.61706418314e-07, 4.51501520615e-08, 1.01303541555e-07, 2.46589678454e-07, 3.40347355632e-07, 3.51251998154e-07, 1.30811955046e-07, 2.58582240065e-08, 3.42015766819e-08, 4.12396374827e-08, 9.30548580413e-08, 8.69336247433e-08, 3.44850192846e-08, 1.08357490092e-07, 1.21079480664e-07, 7.31128366738e-08, 1.02330730556e-08, 1.3516020303e-08, 3.6534107295e-08, 2.35749180177e-08, 5.81182524328e-09, 6.46198783372e-09, 1.0002617401e-08, 1.67272542484e-08, 1.14346638824e-08, 6.81692302607e-09, 5.42043387952e-09, 2.24879510569e-08, 6.95868296319e-09, 6.84746259694e-09, 3.44776873717e-09, 3.95687260735e-09, 1.02178816519e-08, 8.22291301716e-09, 6.58078480598e-09, 4.06031652744e-09, 2.73738387513e-09, 7.11825354216e-09, 6.16540907217e-09, 4.60773996735e-09, 1.35054678552e-08, 9.37956912139e-09, 6.98050195425e-09, 8.83569750698e-09, 1.98069542989e-08, 8.10910538718e-09, 6.0660796386e-09, 1.97424725457e-08, 2.26520651125e-08, 2.15719957453e-08, 1.63375997175e-08, 8.41793301731e-09, 1.46200580531e-08, 3.70678443495e-09, 3.66690033893e-09, 4.76002748329e-09, 7.07471370376e-09, 6.91416257581e-09, 1.19883869498e-09, 2.03412647837e-10, 4.94194754563e-11, 1.21043008949e-10, 1.06993497395e-10, 4.18528016063e-12, 2.1894313619e-13, 1.34618729467e-13, 1.68125685899e-13, 1.53609736693e-13, 1.62262849099e-13, 1.19790950163e-13, 1.23727349438e-13, 1.44784710479e-13, 1.34183137691e-13, 1.59674966933e-13, 1.16733256091e-13, 1.52020743541e-13, 1.10333447836e-13, 8.31042455988e-14, 1.39905082419e-13, 1.27606407971e-13, 1.10479347567e-13, 3.60035555514e-14, 4.560682039e-15, 2.00746305573e-16],
        "stdev": [0.000149230254465, 0.000971886271145, 0.002039473271, 0.00197496730834, 0.0014818838099, 0.000945351028349, 0.000685480015818, 0.000739167793654, 0.000780619913712, 0.00039814109914, 0.000319554761518, 0.000356963719241, 0.00055743107805, 0.000931367976591, 0.00101200852077, 0.00101941439789, 0.000449241721071, 0.000338163401466, 0.000117053503345, 0.000213092935155, 0.000196905399207, 0.000213494859054, 0.000316188205034, 0.000337810255587, 0.000444906705525, 0.000816534564365, 0.00162795803044, 0.000373780960217, 0.000519374443684, 0.000944845261984, 0.000439450610429, 0.000131510882056, 0.000135434733238, 0.000152814056491, 0.000757596862968, 0.000415638001869, 0.000139312265674, 0.000227281692787, 0.000228013203014, 0.000137083159643, 0.000174581713509, 0.000989908003248, 0.000394454342313, 4.11166547565e-05, 0.000101394376543, 4.62435200461e-05, 5.74651894567e-05, 3.47190944012e-05, 3.38044847012e-05, 5.08919620188e-05, 3.6767218262e-05, 2.25045514526e-05, 6.83829857735e-05, 7.4914569268e-05, 8.61729131429e-05, 6.47436463623e-05, 3.87867185054e-05, 0.000108003725472, 4.82139621454e-05, 2.5367255148e-05, 8.03549337434e-05, 5.0320984883e-05, 1.3864821085e-05, 1.17025738291e-05, 1.70909788721e-05, 1.26768181872e-05, 1.61239240697e-05, 1.76513185579e-05, 1.21357925309e-05, 2.60324795818e-05, 2.3729100576e-05, 1.18374027807e-05, 6.71028419674e-06, 1.50052046592e-05, 6.87618785378e-06, 6.20339096713e-06, 5.24383403899e-06, 5.06856258653e-06, 7.80788923294e-06, 8.11295012682e-06, 4.86042381453e-06, 4.26344240623e-06, 6.67282984068e-06, 4.19654452344e-06, 3.05847083837e-06, 3.05941603074e-06, 5.08997209181e-06, 2.44393936555e-06, 2.8621589081e-06, 2.06845516004e-06, 1.78269397111e-06, 1.71009435235e-06, 2.00745216716e-06, 1.73505475232e-06, 1.79061021299e-06, 1.43569161537e-06, 1.30622083816e-06, 2.11133965422e-06, 1.76922094397e-06, 1.61406012467e-06, 1.49512879943e-06, 1.38575069286e-06, 1.38997677368e-06, 1.06077243345e-06, 7.90769092873e-07, 1.902123131e-06, 9.91223373603e-07, 4.96814777762e-07, 3.60660180831e-07, 2.74592764526e-07, 8.54136246176e-08, 8.46400727283e-09, 3.6516734081e-10, 3.58857693561e-10, 3.80351333762e-10, 1.03359332204e-09, 3.56316448569e-10, 2.70102523681e-10, 2.60096888471e-10, 2.52424747771e-10, 2.45961834233e-10, 2.39103709054e-10, 2.33865982135e-10, 2.28640925637e-10, 2.24021884376e-10, 2.22048782139e-10, 2.19807144708e-10, 2.18405876717e-10]
    },
    "mfcc": {
        "mean": [-633.315368652, 84.2607269287, -51.143321991, -16.6184768677, -29.4178314209, -7.66839933395, -5.46844387054, 5.68711519241, -3.19077730179, 1.19707977772, -0.642903983593, -4.70878505707, -9.1181602478],
        "cov": [[4976.24121094, 1866.00439453, 2620.48413086, 2418.36572266, 1717.90478516, 1334.28381348, 904.183898926, 393.80065918, 33.1351356506, -22.2066764832, 287.739135742, 405.251373291, 289.595916748], [1866.00439453, 1086.42358398, 1133.89782715, 1014.97839355, 744.847412109, 654.62121582, 490.42376709, 218.733688354, 55.2044944763, 48.7655792236, 164.156143188, 164.100540161, 113.785324097], [2620.48413086, 1133.89782715, 1823.72692871, 1546.26342773, 1203.27099609, 823.409179688, 544.718994141, 243.50189209, 58.1996002197, -0.632976830006, 186.97492981, 254.651947021, 188.968734741], [2418.36572266, 1014.97839355, 1546.26342773, 1485.58117676, 1075.48193359, 747.734558105, 470.582183838, 240.607208252, 48.7367362976, -4.71848487854, 179.02671814, 250.198944092, 181.419372559], [1717.90478516, 744.847412109, 1203.27099609, 1075.48193359, 881.872619629, 561.867431641, 359.889831543, 172.995559692, 45.0351638794, 2.4825155735, 125.902397156, 177.479858398, 140.511398315], [1334.28381348, 654.62121582, 823.409179688, 747.734558105, 561.867431641, 525.680297852, 367.251190186, 182.026702881, 69.6942672729, 41.9998397827, 136.143997192, 135.617904663, 90.6282043457], [904.183898926, 490.42376709, 544.718994141, 470.582183838, 359.889831543, 367.251190186, 330.197174072, 149.594940186, 63.3939743042, 54.6403541565, 110.769500732, 88.7389678955, 57.3093910217], [393.80065918, 218.733688354, 243.50189209, 240.607208252, 172.995559692, 182.026702881, 149.594940186, 129.918457031, 64.9954681396, 32.6561126709, 59.2178916931, 51.8358840942, 32.5042495728], [33.1351356506, 55.2044944763, 58.1996002197, 48.7367362976, 45.0351638794, 69.6942672729, 63.3939743042, 64.9954681396, 82.1940231323, 42.6234054565, 40.1120681763, 21.0658245087, 12.3983573914], [-22.2066764832, 48.7655792236, -0.632976830006, -4.71848487854, 2.4825155735, 41.9998397827, 54.6403541565, 32.6561126709, 42.6234054565, 69.5433807373, 45.4976959229, 13.0731344223, 5.13466405869], [287.739135742, 164.156143188, 186.97492981, 179.02671814, 125.902397156, 136.143997192, 110.769500732, 59.2178916931, 40.1120681763, 45.4976959229, 97.9200897217, 62.6635627747, 32.1804885864], [405.251373291, 164.100540161, 254.651947021, 250.198944092, 177.479858398, 135.617904663, 88.7389678955, 51.8358840942, 21.0658245087, 13.0731344223, 62.6635627747, 90.6492004395, 56.4273529053], [289.595916748, 113.785324097, 188.968734741, 181.419372559, 140.511398315, 90.6282043457, 57.3093910217, 32.5042495728, 12.3983573914, 5.13466405869, 32.1804885864, 56.4273529053, 72.72315979]],
        "icov": [[0.00139512424357, -0.000185528406291, -0.000749040977098, -0.00166942819487, 0.00132656213827, -0.000823743117508, -0.000987772480585, 0.000347912544385, 0.00108947861008, 0.000451786560006, 0.000777134147938, -0.000482979346998, -0.000254739832599], [-0.000185528406291, 0.00499418890104, -0.00101290142629, -0.00120287307072, 0.00121891777962, -0.00235218298621, -0.0027016766835, -0.000293974590022, 0.00225444068201, -0.00180247134995, 0.000170284925844, 0.00165735569317, -0.000224318166147], [-0.000749040977098, -0.00101290142629, 0.00861673615873, -0.00225675059482, -0.00680179940537, 0.000514025159646, -0.00202212645672, 0.00351386656985, -0.0027495068498, 0.00198843772523, 6.51833261145e-07, -0.000649377238005, 0.00116351526231], [-0.00166942819487, -0.00120287307072, -0.00225675059482, 0.0124337784946, -0.00679259561002, -0.00221583805978, 0.00546693149954, -0.00494632637128, 0.00218070368282, 0.00155982212164, -0.00227209739387, -0.00380789372139, 0.000642447790597], [0.00132656213827, 0.00121891777962, -0.00680179940537, -0.00679259561002, 0.0168159306049, -0.00278153014369, -0.000649543537293, 0.000872746983077, 0.000100320816273, -0.00171029253397, 0.00276461942121, 0.00197180430405, -0.00412257341668], [-0.000823743117508, -0.00235218298621, 0.000514025159646, -0.00221583805978, -0.00278153014369, 0.020796880126, -0.00987514294684, -0.00182633602526, -0.00361652509309, 0.00156935956329, -0.00298754801042, -0.000598258222453, 0.00150010501966], [-0.000987772480585, -0.0027016766835, -0.00202212645672, 0.00546693149954, -0.000649543537293, -0.00987514294684, 0.0218742601573, -0.00857784971595, 0.00296490010805, -0.00473994435742, -0.0042460472323, 0.00259737041779, -0.000372872396838], [0.000347912544385, -0.000293974590022, 0.00351386656985, -0.00494632637128, 0.000872746983077, -0.00182633602526, -0.00857784971595, 0.0281338077039, -0.0165442880243, 0.0035105815623, 0.00262748892419, -0.00277265091427, 0.000619472004473], [0.00108947861008, 0.00225444068201, -0.0027495068498, 0.00218070368282, 0.000100320816273, -0.00361652509309, 0.00296490010805, -0.0165442880243, 0.0316145308316, -0.0117432782426, -0.00184199865907, 0.000926793494727, -0.00125498394482], [0.000451786560006, -0.00180247134995, 0.00198843772523, 0.00155982212164, -0.00171029253397, 0.00156935956329, -0.00473994435742, 0.0035105815623, -0.0117432782426, 0.0328462980688, -0.0138971460983, 0.00342037016526, -0.00134339893702], [0.000777134147938, 0.000170284925844, 6.51833261145e-07, -0.00227209739387, 0.00276461942121, -0.00298754801042, -0.0042460472323, 0.00262748892419, -0.00184199865907, -0.0138971460983, 0.0338458865881, -0.0193992517889, 0.00422897143289], [-0.000482979346998, 0.00165735569317, -0.000649377238005, -0.00380789372139, 0.00197180430405, -0.000598258222453, 0.00259737041779, -0.00277265091427, 0.000926793494727, 0.00342037016526, -0.0193992517889, 0.0426927469671, -0.0182962808758], [-0.000254739832599, -0.000224318166147, 0.00116351526231, 0.000642447790597, -0.00412257341668, 0.00150010501966, -0.000372872396838, 0.000619472004473, -0.00125498394482, -0.00134339893702, 0.00422897143289, -0.0182962808758, 0.0292369537055]]
    },
    "spectral_contrast_coeffs": {
        "max": [-0.29678440094, -0.48336353898, -0.488939076662, -0.595611512661, -0.665289342403, -0.641894638538],
        "mean": [-0.70187485218, -0.732012987137, -0.723863005638, -0.778743505478, -0.782024145126, -0.742696881294],
        "min": [-0.865473210812, -0.901954054832, -0.92371070385, -0.907117128372, -0.870252609253, -0.892641842365],
        "stdev": [0.0824979543686, 0.0601894520223, 0.0727237835526, 0.0674031153321, 0.0410533472896, 0.0332809798419]
    },
    "spectral_contrast_valleys": {
        "max": [-5.2743730545, -5.36281728745, -5.36633777618, -6.00794029236, -5.97194385529, -7.88770961761],
        "mean": [-8.52298736572, -6.82621240616, -6.67132711411, -7.08626127243, -7.19115018845, -10.1095714569],
        "min": [-13.3776607513, -8.48475551605, -9.1365404129, -9.208735466, -10.1307086945, -11.4339208603],
        "stdev": [2.41797709465, 0.577222108841, 0.479313522577, 0.320089757442, 0.437533766031, 0.630836963654]
    }
},
"rhythm": {
    "beats_count": 57,
    "beats_loudness": {
        "max": 0.0919063985348,
        "mean": 0.0270204208791,
        "min": 0.00223483657464,
        "stdev": 0.0213856212795
    },
    "bpm": 155.83744812,
    "bpm_histogram_first_peak_bpm": 157,
    "bpm_histogram_first_peak_weight": 0.259259283543,
    "bpm_histogram_second_peak_bpm": 167,
    "bpm_histogram_second_peak_spread": 0,
    "bpm_histogram_second_peak_weight": 0.25,
    "danceability": 0.785545706749,
    "onset_rate": 1.81970727444,
    "beats_loudness_band_ratio": {
        "max": [0.805786073208, 0.405256569386, 0.58486533165, 0.751905322075, 0.242973059416, 0.116018638015],
        "mean": [0.166871622205, 0.0777448713779, 0.281636565924, 0.352995127439, 0.107016213238, 0.0489284619689],
        "min": [6.47729677894e-07, 0.000553733261768, 0.0298010855913, 0.0280703678727, 0.0313425846398, 0.0198411699384],
        "stdev": [0.205920800567, 0.0988047271967, 0.153348788619, 0.160016983747, 0.0529957450926, 0.0252666268498]
    },
    "beats_position": [0.325079351664, 0.673378646374, 1.04489791393, 1.43963718414, 1.83437633514, 2.21750569344, 2.60063481331, 2.9837641716, 3.36689329147, 3.75002264977, 4.13315200806, 4.51628112793, 4.8994102478, 5.28253936768, 5.66566896439, 6.06040811539, 6.43192720413, 6.81505680084, 7.19818592072, 7.59292507172, 7.97605419159, 8.35918331146, 8.74231243134, 9.11383247375, 9.49696159363, 9.86848068237, 10.2399997711, 10.623128891, 11.0062580109, 11.3893871307, 11.7725172043, 12.144036293, 12.5039453506, 12.8638544083, 13.2237634659, 13.5836734772, 13.9435825348, 14.3034915924, 14.66340065, 15.0233106613, 15.3832197189, 15.7547388077, 16.114648819, 16.4745578766, 16.8344669342, 17.1943759918, 17.5542850494, 17.8909740448, 18.2392749786, 18.575963974, 18.9126529694, 19.2493419647, 19.5860309601, 19.9227199554, 20.2710208893, 20.6193199158, 20.9560089111],
