{
"metadata": {
    "version": {
        "essentia": "2.1-beta5",
        "essentia_git_sha": "Undefined",
        "extractor": "music 2.0"
    },
    "audio_properties": {
        "analysis": {
            "equal_loudness": 0,
            "length": 48.7502937317,
            "sample_rate": 44100,
            "start_time": 45.2440834045,
            "downmix": "mix"
        },
        "bit_rate": 192000,
        "length": 194.44392395,
        "lossless": 0,
        "number_channels": 2,
        "replay_gain": -10.5593261719,
        "sample_rate": 48000,
        "codec": "mp3",
        "md5_encoded": "cc21d7ee6c30c252ab8915981ae4b9f5"
    },
    "tags": {
        "file_name": "Turkey_Deli_Mor ve Ötesi.mp3",
        "encoding": ["Lavf58.29.100"]
    }
},
"lowlevel": {
    "average_loudness": 0.965998709202,
    "barkbands_crest": {
        "max": 24.1546096802,
        "mean": 7.67693996429,
        "min": 2.2484588623,
        "stdev": 3.59504675865
    },
    "barkbands_flatness_db": {
        "max": 0.252408772707,
        "mean": 0.0914020836353,
        "min": 0.0296609774232,
        "stdev": 0.0319404415786
    },
    "barkbands_kurtosis": {
        "max": 31.3590316772,
        "mean": 0.199038982391,
        "min": -1.90834534168,
        "stdev": 3.06982803345
    },
    "barkbands_skewness": {
        "max": 5.26973199844,
        "mean": 0.737919390202,
        "min": -3.49845290184,
        "stdev": 0.882669866085
    },
    "barkbands_spread": {
        "max": 100.496406555,
        "mean": 38.9993629456,
        "min": 3.79198217392,
        "stdev": 13.1846942902
    },
    "dissonance": {
        "max": 0.500000059605,
        "mean": 0.480233818293,
        "min": 0.359140753746,
        "stdev": 0.0166633483022
    },
    "dynamic_complexity": 1.83315074444,
    "erbbands_crest": {
        "max": 29.0600471497,
        "mean": 8.08470249176,
        "min": 2.54809117317,
        "stdev": 3.72312307358
    },
    "erbbands_flatness_db": {
        "max": 0.290702849627,
        "mean": 0.140898928046,
        "min": 0.0616849772632,
        "stdev": 0.0313243642449
    },
    "erbbands_kurtosis": {
        "max": 21.38671875,
        "mean": -0.0878528729081,
        "min": -1.72968244553,
        "stdev": 1.58515107632
    },
    "erbbands_skewness": {
        "max": 3.58313655853,
        "mean": -0.392167747021,
        "min": -3.89566373825,
        "stdev": 0.705319285393
    },
    "erbbands_spread": {
        "max": 120.380226135,
        "mean": 43.6277503967,
        "min": 10.4968709946,
        "stdev": 14.5631046295
    },
    "hfc": {
        "max": 106.258743286,
        "mean": 27.3466053009,
        "min": 0.0880490243435,
        "stdev": 16.4966373444
    },
    "loudness_ebu128": {
        "integrated": -13.0260543823,
        "loudness_range": 3.46414470673,
        "momentary": {
            "max": -10.5692157745,
            "mean": -13.3296041489,
            "min": -19.8343734741,
            "stdev": 1.66687893867
        },
        "short_term": {
            "max": -11.6109800339,
            "mean": -13.1899061203,
            "min": -15.6536064148,
            "stdev": 1.33731138706
        }
    },
    "melbands_crest": {
        "max": 27.7240600586,
        "mean": 11.6617870331,
        "min": 3.88258337975,
        "stdev": 4.45654821396
    },
    "melbands_flatness_db": {
        "max": 0.311182528734,
        "mean": 0.132093563676,
        "min": 0.0313912779093,
        "stdev": 0.0466391220689
    },
    "melbands_kurtosis": {
        "max": 124.154312134,
        "mean": 6.6135225296,
        "min": -1.87845575809,
        "stdev": 10.5008249283
    },
    "melbands_skewness": {
        "max": 9.36842441559,
        "mean": 2.12203812599,
        "min": -0.874748468399,
        "stdev": 1.24966931343
    },
    "melbands_spread": {
        "max": 234.744735718,
        "mean": 46.2526168823,
        "min": 3.15218138695,
        "stdev": 23.2480773926
    },
    "pitch_salience": {
        "max": 0.845400869846,
        "mean": 0.578891575336,
        "min": 0.242787837982,
        "stdev": 0.101064763963
    },
    "silence_rate_20dB": {
        "max": 1,
        "mean": 1,
        "min": 1,
        "stdev": 0
    },
    "silence_rate_30dB": {
        "max": 1,
        "mean": 1,
        "min": 1,
        "stdev": 0
    },
    "silence_rate_60dB": {
        "max": 1,
        "mean": 0.011423131451,
        "min": 0,
        "stdev": 0.106265850365
    },
    "spectral_centroid": {
        "max": 5174.71044922,
        "mean": 2330.546875,
        "min": 420.323791504,
        "stdev": 571.248291016
    },
    "spectral_complexity": {
        "max": 51,
        "mean": 25.8191337585,
        "min": 0,
        "stdev": 9.98669052124
    },
    "spectral_decrease": {
        "max": -2.1710445941e-11,
        "mean": -4.55817739109e-09,
        "min": -1.72583298763e-08,
        "stdev": 2.494211504e-09
    },
    "spectral_energy": {
        "max": 0.0689648613334,
        "mean": 0.0196840371937,
        "min": 8.99265869521e-05,
        "stdev": 0.0103623084724
    },
    "spectral_energyband_high": {
        "max": 0.0107629159465,
        "mean": 0.0014793103328,
        "min": 3.84207623938e-06,
        "stdev": 0.00131035398226
    },
    "spectral_energyband_low": {
        "max": 0.0433854609728,
        "mean": 0.00545299611986,
        "min": 1.43111119542e-05,
        "stdev": 0.00650757038966
    },
    "spectral_energyband_middle_high": {
        "max": 0.0286225751042,
        "mean": 0.00635531265289,
        "min": 1.54147219291e-05,
        "stdev": 0.00497685093433
    },
    "spectral_energyband_middle_low": {
        "max": 0.0508803725243,
        "mean": 0.00711428141221,
        "min": 6.02655236435e-05,
        "stdev": 0.00500244554132
    },
    "spectral_entropy": {
        "max": 8.66859054565,
        "mean": 7.87697267532,
        "min": 6.73984050751,
        "stdev": 0.275281071663
    },
    "spectral_flux": {
        "max": 0.200532078743,
        "mean": 0.0821323022246,
        "min": 0.0108095239848,
        "stdev": 0.0329950600863
    },
    "spectral_kurtosis": {
        "max": 10.448384285,
        "mean": 2.81962108612,
        "min": -0.674648523331,
        "stdev": 1.29438447952
    },
    "spectral_rms": {
        "max": 0.00820260867476,
        "mean": 0.00422837259248,
        "min": 0.000296198006254,
        "stdev": 0.00115102261771
    },
    "spectral_rolloff": {
        "max": 10120.6054688,
        "mean": 2992.70361328,
        "min": 107.666015625,
        "stdev": 1513.9699707
    },
    "spectral_skewness": {
        "max": 2.34505748749,
        "mean": 1.06445717812,
        "min": -0.0382295362651,
        "stdev": 0.252512961626
    },
    "spectral_spread": {
        "max": 16523730,
        "mean": 4550751.5,
        "min": 2099192.75,
        "stdev": 1078010.5
    },
    "spectral_strongpeak": {
        "max": 12.494758606,
        "mean": 1.09521949291,
        "min": 0.00422872882336,
        "stdev": 1.57795453072
    },
    "zerocrossingrate": {
        "max": 0.31103515625,
        "mean": 0.095099568367,
        "min": 0.0126953125,
        "stdev": 0.0334798656404
    },
    "barkbands": {
        "max": [0.00056541536469, 0.0406662002206, 0.0166752971709, 0.0205690711737, 0.0194960962981, 0.0213703326881, 0.0180651396513, 0.0236132163554, 0.0161396339536, 0.0163220148534, 0.0204780790955, 0.00737171294168, 0.00846026465297, 0.00813181791455, 0.0122709013522, 0.00995260477066, 0.0113263977692, 0.00586335454136, 0.0120122376829, 0.00533965881914, 0.00236911140382, 0.00440370524302, 0.00461181532592, 0.0036502382718, 0.00388067401946, 0.000686111976393, 4.59267539554e-05],
        "mean": [2.70800592261e-05, 0.00316297472455, 0.00170975923538, 0.00101824151352, 0.00149437540676, 0.00106293114368, 0.00113166566007, 0.00084073835751, 0.00124852184672, 0.000616050441749, 0.000439919938799, 0.000413778092479, 0.000369647197658, 0.000501345028169, 0.000427212304203, 0.000585943751503, 0.000749985862058, 0.00042716995813, 0.00141528749373, 0.000796884531155, 0.000334024050971, 0.000374646915589, 0.000256682629697, 0.000146652979311, 0.00010145399574, 2.9468390494e-05, 1.61290347478e-06],
        "min": [1.46754768338e-08, 1.40652468872e-06, 2.06658069146e-06, 3.67977054339e-06, 5.20012235938e-06, 2.48321384788e-06, 4.04377669838e-06, 1.15431055292e-06, 3.13567488774e-06, 1.31311230689e-06, 9.68488961917e-07, 2.70855849749e-07, 7.37419327379e-07, 5.52495919237e-07, 1.53426697125e-06, 1.60482784395e-06, 1.26589077354e-06, 7.4604264455e-07, 3.24860093315e-06, 3.01799786939e-06, 3.60940589417e-07, 9.74374188445e-07, 4.20328234441e-07, 2.08749568742e-07, 1.47093516034e-07, 3.73455364411e-08, 2.49913388595e-11],
        "stdev": [4.74922999274e-05, 0.00553867826238, 0.00188179174438, 0.00118491833564, 0.00184655142948, 0.00164935644716, 0.0022310030181, 0.00176439760253, 0.0020479906816, 0.00139605498407, 0.00107619608752, 0.000701197364833, 0.000794430146925, 0.000961353245657, 0.000897826626897, 0.000966093444731, 0.000947271648329, 0.000524893694092, 0.00156526954379, 0.00075067934813, 0.000277723156614, 0.000405002472689, 0.00033626507502, 0.000263835798251, 0.000216174303205, 4.76015738968e-05, 3.15179022436e-06]
    },
    "erbbands": {
        "max": [0.806076288223, 10.1935462952, 20.01121521, 58.9390716553, 51.288028717, 81.3184661865, 114.151641846, 202.347564697, 312.897735596, 435.580871582, 716.069519043, 378.180541992, 654.575012207, 672.96685791, 484.764251709, 237.660263062, 463.649230957, 472.57623291, 316.810302734, 763.968505859, 541.403747559, 377.005859375, 323.859832764, 432.709716797, 487.249725342, 244.246780396, 119.028961182, 100.873878479, 201.730529785, 124.633003235, 134.974822998, 53.6160316467, 75.9429244995, 53.1460952759, 29.8488388062, 5.18815660477, 0.781288444996, 0.07641915977, 0.00797691754997, 0.000163673248608],
        "mean": [0.0572656914592, 0.822469472885, 2.01259803772, 2.95158600807, 4.06167316437, 5.4613366127, 5.45604324341, 9.53730964661, 11.5540781021, 24.0045337677, 17.7563972473, 25.3832950592, 29.8237552643, 14.4498090744, 18.7375354767, 15.8771066666, 17.094209671, 26.3444442749, 19.4701442719, 27.0080718994, 36.2085494995, 39.7575645447, 26.8264293671, 45.7450790405, 77.7679214478, 35.9903411865, 13.8881893158, 13.8342151642, 13.1097755432, 11.0184612274, 6.87773609161, 3.62684822083, 2.21143627167, 1.2218952179, 0.658288896084, 0.221407935023, 0.0347084067762, 0.00465909764171, 0.000300297106151, 3.47646382579e-05],
        "min": [3.48728062818e-05, 0.000861947832163, 0.00469262013212, 0.0214120224118, 0.0341340266168, 0.0248504076153, 0.0187000073493, 0.0369019322097, 0.03958119452, 0.035479683429, 0.0481298863888, 0.0764890164137, 0.0483759716153, 0.029669303447, 0.0481286719441, 0.00936816632748, 0.0329552292824, 0.0286994948983, 0.0664505586028, 0.0903244391084, 0.0612886026502, 0.076054058969, 0.0268819965422, 0.134747505188, 0.254717469215, 0.113483026624, 0.0360664837062, 0.0182814653963, 0.0391665063798, 0.0149459475651, 0.0108514167368, 0.00793594587594, 0.00325962947682, 0.00101616699249, 0.00137397099752, 0.000211109727388, 8.3281796833e-05, 7.76782599132e-06, 6.03071157457e-07, 3.74985205553e-07],
        "stdev": [0.115527264774, 1.37401342392, 2.19847273827, 2.93440890312, 4.03163528442, 7.92955303192, 7.84371137619, 16.3459510803, 22.9668121338, 49.4619522095, 30.4330215454, 39.9010696411, 63.2104530334, 29.8001441956, 36.3083114624, 23.6541748047, 33.337562561, 51.3844909668, 32.9005012512, 54.7352218628, 53.1890563965, 44.5695075989, 30.6373348236, 47.234375, 83.0665130615, 31.5005989075, 11.0324172974, 11.9772768021, 14.4508171082, 12.8868103027, 9.31603908539, 5.50959682465, 4.71928501129, 2.82505512238, 1.33630871773, 0.386585623026, 0.0517035499215, 0.00669365515932, 0.000574580801185, 2.08623205253e-05]
    },
    "gfcc": {
        "mean": [28.6276512146, 65.9910507202, -126.15562439, 53.7679443359, -64.8057479858, 11.2358608246, -35.4476661682, 17.4997310638, -26.3409156799, 1.58782434464, -18.9249572754, -2.39174985886, -15.2739257812],
        "cov": [[1664.06140137, -440.057312012, -160.386138916, -40.1626968384, 60.1917686462, 173.965774536, -26.6267089844, 74.4365081787, 10.8245792389, 46.9853553772, -7.82721996307, 57.8254241943, -30.6967697144], [-440.057312012, 581.017089844, -142.611328125, 12.2666826248, 63.9508323669, -107.626396179, 78.425819397, -1.74970138073, 18.9495639801, -39.4766159058, 69.429473877, -54.299785614, 37.0676498413], [-160.386138916, -142.611328125, 497.93081665, 22.951133728, 7.12578392029, 19.5603923798, -9.43466377258, 10.1345710754, -18.0528964996, 53.6323814392, -53.7530059814, 59.2077293396, -22.621509552], [-40.1626968384, 12.2666826248, 22.951133728, 211.557266235, 44.1147956848, 26.8226585388, -31.0535087585, -30.3097820282, 55.807559967, -4.43858242035, -6.92127418518, -12.4509849548, 35.7486190796], [60.1917686462, 63.9508323669, 7.12578392029, 44.1147956848, 183.977218628, 29.4335079193, 11.7436008453, 30.0712032318, 14.9410820007, 22.3096351624, -2.13200092316, 4.00752639771, 18.8866024017], [173.965774536, -107.626396179, 19.5603923798, 26.8226585388, 29.4335079193, 203.778686523, 87.9076919556, 13.7467164993, -13.2408761978, -4.06248378754, -17.2850170135, 20.6572818756, 0.281041502953], [-26.6267089844, 78.425819397, -9.43466377258, -31.0535087585, 11.7436008453, 87.9076919556, 196.157211304, 54.0994491577, -32.4195404053, -23.7456016541, 20.7087955475, 12.8976783752, -11.5486049652], [74.4365081787, -1.74970138073, 10.1345710754, -30.3097820282, 30.0712032318, 13.7467164993, 54.0994491577, 107.724159241, 12.9211521149, 2.52634620667, 17.5994968414, 4.08540248871, -8.99693584442], [10.8245792389, 18.9495639801, -18.0528964996, 55.807559967, 14.9410820007, -13.2408761978, -32.4195404053, 12.9211521149, 99.1176223755, 32.7936668396, 6.14443302155, -15.9340324402, 3.35467767715], [46.9853553772, -39.4766159058, 53.6323814392, -4.43858242035, 22.3096351624, -4.06248378754, -23.7456016541, 2.52634620667, 32.7936668396, 85.622756958, 20.7920017242, 10.3418292999, -17.4371414185], [-7.82721996307, 69.429473877, -53.7530059814, -6.92127418518, -2.13200092316, -17.2850170135, 20.7087955475, 17.5994968414, 6.14443302155, 20.7920017242, 94.224571228, 0.690784275532, -17.0814723969], [57.8254241943, -54.299785614, 59.2077293396, -12.4509849548, 4.00752639771, 20.6572818756, 12.8976783752, 4.08540248871, -15.9340324402, 10.3418292999, 0.690784275532, 70.6067276001, 14.5046386719], [-30.6967697144, 37.0676498413, -22.621509552, 35.7486190796, 18.8866024017, 0.281041502953, -11.5486049652, -8.99693584442, 3.35467767715, -17.4371414185, -17.0814723969, 14.5046386719, 68.1000137329]],
        "icov": [[0.00101563916542, 0.000694031477906, 0.000736346293706, 5.14183375344e-05, -0.000436816393631, -0.000563500332646, 0.000417397095589, -0.000697510491591, 2.61440654867e-05, -0.000300674524624, 8.61373482621e-05, -0.000809476885479, 0.000515491992701], [0.000694031477906, 0.00451927399263, 0.000201422531973, 0.00101339141838, -0.00251353019848, 0.00264547695406, -0.00329526187852, 0.00226687104441, -0.00209557521157, 0.00210913573392, -0.00322848139331, 0.00260316045024, -0.00290624424815], [0.000736346293706, 0.000201422531973, 0.00376894930378, -0.00176682462916, 0.00033966981573, -6.83855178067e-05, 0.000498162175063, -0.0020540067926, 0.00216243695468, -0.00330524519086, 0.00331475608982, -0.00351654412225, 0.00274851918221], [5.14183375344e-05, 0.00101339141838, -0.00176682462916, 0.00880538579077, -0.00257545267232, -0.00126786052715, -0.00018284872931, 0.00437837932259, -0.00655978312716, 0.00455298786983, -0.00358483800665, 0.00287984963506, -0.00449433829635], [-0.000436816393631, -0.00251353019848, 0.00033966981573, -0.00257545267232, 0.00834995508194, -0.00186682632193, 0.00166881713085, -0.00412064790726, 0.00285318447277, -0.00469358824193, 0.00286102085374, -0.000931161805056, -0.000359786354238], [-0.000563500332646, 0.00264547695406, -6.83855178067e-05, -0.00126786052715, -0.00186682632193, 0.00979623943567, -0.00651260185987, 0.00250381906517, -0.000604061700869, 0.000390037894249, 0.000305319408653, 0.000682282960042, -0.00128656753805], [0.000417397095589, -0.00329526187852, 0.000498162175063, -0.00018284872931, 0.00166881713085, -0.00651260185987, 0.012024580501, -0.00618175556883, 0.00355476699769, 0.00041045146645, 0.000480635819258, -0.00339828617871, 0.00380413001403], [-0.000697510491591, 0.00226687104441, -0.0020540067926, 0.00437837932259, -0.00412064790726, 0.00250381906517, -0.00618175556883, 0.0164365507662, -0.0072859916836, 0.00513642607257, -0.00504123326391, 0.00263968249783, -0.00242596003227], [2.61440654867e-05, -0.00209557521157, 0.00216243695468, -0.00655978312716, 0.00285318447277, -0.000604061700869, 0.00355476699769, -0.0072859916836, 0.0194854866713, -0.0105282887816, 0.00412736227736, 0.000800550158601, 0.00137480313424], [-0.000300674524624, 0.00210913573392, -0.00330524519086, 0.00455298786983, -0.00469358824193, 0.000390037894249, 0.00041045146645, 0.00513642607257, -0.0105282887816, 0.0228055547923, -0.00824078172445, -0.000768460042309, 0.00173141958658], [8.61373482621e-05, -0.00322848139331, 0.00331475608982, -0.00358483800665, 0.00286102085374, 0.000305319408653, 0.000480635819258, -0.00504123326391, 0.00412736227736, -0.00824078172445, 0.0184182934463, -0.00546611053869, 0.00687051704153], [-0.000809476885479, 0.00260316045024, -0.00351654412225, 0.00287984963506, -0.000931161805056, 0.000682282960042, -0.00339828617871, 0.00263968249783, 0.000800550158601, -0.000768460042309, -0.00546611053869, 0.0232089757919, -0.010984367691], [0.000515491992701, -0.00290624424815, 0.00274851918221, -0.00449433829635, -0.000359786354238, -0.00128656753805, 0.00380413001403, -0.00242596003227, 0.00137480313424, 0.00173141958658, 0.00687051704153, -0.010984367691, 0.0246390309185]]
    },
    "melbands": {
        "max": [0.00961929932237, 0.00858001317829, 0.00821240618825, 0.00501119205728, 0.00338688120246, 0.00429453561082, 0.00410794187337, 0.00457325484604, 0.00608242675662, 0.00254540727474, 0.0032403038349, 0.00275197718292, 0.00252458057366, 0.00111426354852, 0.000638446712401, 0.00110063317697, 0.000992587534711, 0.000584702997003, 0.00101750215981, 0.000893052434549, 0.000917597149964, 0.000450741412351, 0.000649543770123, 0.000215198713704, 0.000408422056353, 0.000614498800132, 0.000326757028233, 0.00017696658324, 7.86823147791e-05, 6.90397791914e-05, 7.00544842402e-05, 0.000128565574414, 8.59147912706e-05, 7.16925569577e-05, 0.000105956925836, 4.49405488325e-05, 3.66224558093e-05, 5.70477932342e-05, 4.14106616518e-05, 4.93553452543e-05],
        "mean": [0.000722121971194, 0.00108816404827, 0.000539367145393, 0.000345556036336, 0.00020380668866, 0.000212398401345, 0.000195562723093, 0.000250900309766, 0.000146859310917, 0.000167332793353, 0.000146085571032, 5.53990685148e-05, 6.50456058793e-05, 5.03579503857e-05, 3.52974093403e-05, 4.13379711972e-05, 4.89674857818e-05, 2.9619959605e-05, 3.50106311089e-05, 3.59309306077e-05, 4.36545524281e-05, 4.07383849961e-05, 3.56842247129e-05, 1.84410982911e-05, 3.68118635379e-05, 6.11530776951e-05, 4.68341968372e-05, 1.81807390618e-05, 7.91065758676e-06, 8.45253362058e-06, 7.71838676883e-06, 7.35798630558e-06, 7.26782218408e-06, 5.63579351365e-06, 4.31258786193e-06, 2.69709062195e-06, 1.9946012344e-06, 1.58528962402e-06, 1.28904059693e-06, 9.42367705647e-07],
        "min": [2.71866241519e-07, 2.3775533009e-06, 4.90180991619e-06, 1.42846238305e-06, 6.31752300251e-07, 9.69988832367e-07, 6.32953231161e-07, 2.74820308732e-07, 4.76662677329e-07, 4.42138968992e-07, 2.29166545296e-07, 1.15188733218e-07, 1.38853025078e-07, 5.25779206839e-08, 3.23142828051e-08, 7.9017731025e-08, 4.96158065744e-08, 9.15971938298e-08, 1.23887815562e-07, 1.43830902744e-07, 4.82871520546e-08, 9.07011568074e-08, 2.32102248532e-08, 3.76207474062e-08, 1.03664291373e-07, 1.324557104e-07, 1.51565828332e-07, 5.65592017665e-08, 2.95909643455e-08, 8.03394950566e-09, 1.12435118993e-08, 3.00561140421e-08, 8.35973157365e-09, 8.08188360679e-09, 6.29887209058e-09, 5.4986739606e-09, 3.01359093235e-09, 2.55446153119e-09, 9.3742780205e-10, 6.77284284212e-10],
        "stdev": [0.00134823354892, 0.0012538676383, 0.000475408014609, 0.000425147823989, 0.000276310864137, 0.000355487194611, 0.000368434615666, 0.000507889664732, 0.000255509716226, 0.000277289014775, 0.000315274170134, 0.000123988924315, 0.000148680439452, 9.48908127612e-05, 5.52093115402e-05, 9.50768371695e-05, 9.81394769042e-05, 5.7602646848e-05, 7.85602533142e-05, 7.00937380316e-05, 6.93637266522e-05, 4.88314726681e-05, 5.43788446521e-05, 1.90754817595e-05, 4.08152263844e-05, 7.67450401327e-05, 4.85315395053e-05, 1.85535154742e-05, 7.12987957741e-06, 7.05256070432e-06, 7.27550605006e-06, 8.57671693666e-06, 8.34224829305e-06, 7.13763256499e-06, 6.15701719653e-06, 4.06945628129e-06, 3.32862464347e-06, 3.48056505572e-06, 3.014375352e-06, 2.25014946409e-06]
    },
    "melbands128": {
        "max": [0.000564120069612, 0.0050822342746, 0.0155657418072, 0.018220551312, 0.0119480295107, 0.00829495303333, 0.0147133553401, 0.00952686928213, 0.00536108016968, 0.00760497152805, 0.00507217459381, 0.00385278766043, 0.00478608207777, 0.00641095871106, 0.00649398285896, 0.00705590844154, 0.00771950324997, 0.00596332224086, 0.00758707942441, 0.00801975559443, 0.00795773789287, 0.00490944180638, 0.0112316776067, 0.00458349846303, 0.00436384929344, 0.00513733644038, 0.00704268505797, 0.00615472579375, 0.00416171550751, 0.00289583485574, 0.00462076347321, 0.00489522283897, 0.00389235001057, 0.00200850330293, 0.00215464946814, 0.00169653189369, 0.000948528002482, 0.00116753706243, 0.00149581790902, 0.00230903620832, 0.00217803078704, 0.0027956853155, 0.00162809656467, 0.00139942124952, 0.0019059831975, 0.000896051817108, 0.00133509282023, 0.00235719489865, 0.00281258439645, 0.00215771631338, 0.00163210183382, 0.0015697638737, 0.00172359799035, 0.00230112462305, 0.00105839630123, 0.000933014205657, 0.00095977174351, 0.00155699392781, 0.00112498854287, 0.000280208099866, 0.000347360793967, 0.000248905533226, 0.000602783053182, 0.00060513720382, 0.00130044273101, 0.00123692501802, 0.000864783942234, 0.000828420976177, 0.000509453064296, 0.000483566924231, 0.000338570185704, 0.000224297604291, 0.000142074975884, 0.00011572719086, 9.24988198676e-05, 0.000112882873509, 7.64736687415e-05, 9.05127526494e-05, 6.44067185931e-05, 0.000114088092232, 0.000185225784662, 0.000206356533454, 0.000125308419229, 9.32637194637e-05, 0.000177955895197, 8.61385924509e-05, 8.19412525743e-05, 0.000185984041309, 0.000120840020827, 7.53264539526e-05, 6.76364870742e-05, 5.54809448658e-05, 3.97919611714e-05, 5.28674536326e-05, 6.175681483e-05, 6.03758271609e-05, 7.18101582606e-05, 8.1250378571e-05, 4.76274362882e-05, 5.70998745388e-05, 7.15919522918e-05, 4.39448886027e-05, 3.92886649934e-05, 2.67940595222e-05, 3.4749176848e-05, 9.50813264353e-05, 4.90622405778e-05, 1.50151363414e-05, 9.75742932496e-06, 8.45734848554e-06, 5.53112295165e-06, 2.3477450668e-06, 4.11238079323e-06, 1.04625132735e-06, 1.09433119633e-06, 6.47170566026e-07, 9.20489299006e-07, 5.37755397545e-07, 3.46426247688e-07, 4.32400156569e-07, 2.38259517005e-07, 7.71595978222e-08, 6.06200742936e-08, 3.50514439695e-09, 3.37583117016e-09, 3.33884364601e-09, 3.31518923424e-09, 3.30113825164e-09],
        "mean": [2.26513693633e-05, 0.000279788742773, 0.00105982064269, 0.00148611119948, 0.00114203419071, 0.000811963633168, 0.000608444563113, 0.000481087830849, 0.000391727196984, 0.000363384897355, 0.00031103315996, 0.000212026352528, 0.000153199027409, 0.000224803792662, 0.000213362058275, 0.000226169082453, 0.000162846496096, 0.00015611499839, 0.000269505253527, 0.000329106638674, 0.0002059112594, 0.000132853208925, 0.000128571380628, 0.000172187661519, 0.00016801271704, 0.000137019364047, 0.000235269675613, 0.000150797757669, 8.09639095678e-05, 5.02665570821e-05, 4.20132964791e-05, 6.8446235673e-05, 8.15139355836e-05, 4.43091666966e-05, 6.23514060862e-05, 5.20481698913e-05, 3.16643418046e-05, 3.33660645992e-05, 4.00493918278e-05, 3.38997015206e-05, 3.05297289742e-05, 7.1136499173e-05, 5.16632571816e-05, 3.92131332774e-05, 3.38070203725e-05, 2.47786556429e-05, 2.67497634923e-05, 4.03167687182e-05, 3.04188979499e-05, 4.39737705165e-05, 3.10403520416e-05, 3.24223619828e-05, 5.36039733561e-05, 4.19476418756e-05, 3.97562034777e-05, 3.88372864109e-05, 3.93135123886e-05, 5.33415004611e-05, 2.87160692096e-05, 1.57465074153e-05, 1.69456507138e-05, 1.76924913831e-05, 3.07026530209e-05, 3.79318917112e-05, 5.44934773643e-05, 6.78366195643e-05, 5.83875953453e-05, 6.35511896689e-05, 4.17406554334e-05, 2.9013493986e-05, 2.02050578082e-05, 1.18750594993e-05, 7.61258297644e-06, 7.59339354772e-06, 7.28248687665e-06, 8.38110190671e-06, 9.18868681765e-06, 8.3880377133e-06, 6.91061813995e-06, 7.96412768977e-06, 7.33007163944e-06, 6.79645017954e-06, 7.89839850768e-06, 7.49629043639e-06, 6.77182742947e-06, 6.13398060523e-06, 5.02582861373e-06, 4.84575457449e-06, 4.90112051921e-06, 3.43949636772e-06, 2.77463095699e-06, 2.62127332462e-06, 2.26367706091e-06, 1.9948586214e-06, 1.86641898381e-06, 1.60651006809e-06, 1.58780107995e-06, 1.44228704357e-06, 1.36708717946e-06, 1.17796753329e-06, 9.74085082817e-07, 9.51915410496e-07, 8.07564902061e-07, 8.47196815812e-07, 7.31901650397e-07, 7.13048962098e-07, 6.52997300676e-07, 5.08631842422e-07, 3.34315217287e-07, 2.67726647962e-07, 1.84705854167e-07, 1.08510263885e-07, 7.87382532508e-08, 7.31827825007e-08, 5.42100160317e-08, 3.93204935278e-08, 2.82995333833e-08, 1.90259736854e-08, 1.33722508622e-08, 7.47455253247e-09, 3.61807028781e-09, 1.12600950786e-09, 4.08578559874e-10, 8.55727468052e-12, 4.82894150014e-12, 4.73078650906e-12, 4.66827271284e-12, 4.63952444171e-12],
        "min": [3.40869110715e-10, 1.43984433265e-08, 1.34215852654e-07, 8.1747140257e-07, 6.20716889443e-07, 8.77221395967e-07, 1.01476143755e-06, 1.644591066e-06, 1.61574439517e-06, 3.40663945053e-07, 1.57399384193e-07, 3.05403887069e-07, 2.13007439243e-07, 5.09773485646e-07, 4.85457178456e-07, 8.9679971893e-08, 2.89108214702e-07, 3.06672347961e-07, 4.44502887831e-07, 1.671144787e-07, 8.49315568985e-08, 2.42575623588e-07, 2.40813534447e-07, 2.75783236248e-07, 1.27523406945e-07, 2.26619391697e-07, 1.96654852402e-07, 2.92540732971e-07, 9.08013717549e-08, 1.00460937347e-07, 7.64529488606e-08, 1.17157028967e-07, 7.14799242019e-08, 8.43864782496e-08, 7.33437559575e-08, 5.71862379672e-09, 4.64968197278e-09, 6.65860921956e-09, 6.65250894372e-08, 1.67911942128e-08, 6.96759343555e-08, 5.99876202045e-08, 2.88109802682e-08, 5.33586970164e-08, 7.25265110191e-08, 4.0897628395e-08, 4.52125945571e-08, 4.58734277231e-08, 4.81292872223e-08, 6.92535238045e-08, 7.16630239594e-08, 9.78722667355e-08, 3.11973451517e-08, 3.04214644586e-08, 2.92875039776e-08, 6.03303504931e-08, 8.34321269849e-08, 2.92556947556e-08, 1.83063086912e-09, 5.83926951236e-09, 1.75014545079e-08, 8.65055866939e-08, 7.1238893895e-08, 4.57913316154e-08, 6.67241124575e-08, 1.04598775863e-07, 1.4654160907e-07, 1.37764644137e-07, 1.61679395205e-07, 6.39074997366e-08, 2.15006377147e-08, 7.8992790975e-08, 4.31590052585e-08, 1.78481620594e-08, 1.27203163558e-08, 9.10830877388e-09, 5.39960343104e-09, 6.41017239289e-09, 3.94828747474e-09, 2.29449632627e-08, 3.38252448273e-08, 2.41975257609e-08, 9.83377113073e-09, 6.42589448319e-09, 8.9659542013e-09, 6.3290888086e-09, 9.4817531604e-09, 7.50483675205e-09, 6.80459688596e-09, 3.20523385611e-09, 4.52486226266e-09, 4.06705469302e-09, 2.26412466553e-09, 2.03753880434e-09, 2.28247176715e-09, 3.19822412997e-09, 1.34361199944e-09, 1.53827683924e-09, 5.41375055896e-10, 6.65602406524e-10, 3.76699532678e-10, 5.85659964969e-10, 8.51830772586e-10, 5.69887248503e-10, 8.33765695374e-11, 1.29921184921e-10, 2.69512079321e-10, 1.01947041087e-10, 1.50190929138e-10, 1.56557974917e-10, 1.08484943251e-10, 4.86154554113e-11, 1.68121669364e-10, 1.64527544366e-10, 1.51930941786e-12, 2.22857715897e-13, 1.18699063707e-13, 8.69293854022e-14, 4.68884913535e-14, 4.3824559731e-14, 5.23086416304e-14, 4.94781963339e-14, 4.51251720452e-14, 4.75451756687e-14, 3.65003132699e-14, 1.52865967226e-14, 1.97998228937e-15, 9.95143871097e-17],
        "stdev": [4.35949295934e-05, 0.000618304125965, 0.00219502300024, 0.0024491075892, 0.00140491395723, 0.000877012440469, 0.000686817220412, 0.000579573621508, 0.000429903477198, 0.00060047005536, 0.000503646733705, 0.000341868028045, 0.000278684543446, 0.000405944621889, 0.000428152852692, 0.000559554726351, 0.000523509166669, 0.000426057173172, 0.000723010336515, 0.000821852823719, 0.000588211754803, 0.000299252045806, 0.000366782216588, 0.000345411041053, 0.000346927787177, 0.000361342332326, 0.000699293217622, 0.000425487727625, 0.000254500482697, 0.000159507631906, 0.000147425933392, 0.000220801288378, 0.000242477370193, 0.000125149337691, 0.0001625065197, 0.000130503802211, 6.40586440568e-05, 7.1775597462e-05, 9.623717051e-05, 0.000117772018712, 0.000118286596262, 0.000235815343331, 0.000135395981488, 0.000117973730084, 0.000112028326839, 6.78494398016e-05, 8.19201741251e-05, 0.000140832678881, 0.000107702886453, 0.000135959300678, 9.08560250537e-05, 6.7900698923e-05, 0.000118782489153, 0.000106880615931, 7.79195397627e-05, 7.04729973222e-05, 7.05646816641e-05, 0.000110555141873, 6.97864525137e-05, 2.60648157564e-05, 2.5790912332e-05, 2.02675928449e-05, 4.3473806727e-05, 5.09351521032e-05, 9.20372694964e-05, 0.000125949329231, 9.2478840088e-05, 9.16847639019e-05, 5.52049787075e-05, 3.93046830141e-05, 2.89963372779e-05, 1.44703353726e-05, 8.7020398496e-06, 8.50740616443e-06, 7.8176290117e-06, 8.13647875475e-06, 8.43705311127e-06, 8.8259084805e-06, 7.74269483372e-06, 9.55703308136e-06, 9.36813557928e-06, 1.02893936855e-05, 9.98057385004e-06, 9.19774538488e-06, 9.87898874882e-06, 8.30540284369e-06, 7.25450536265e-06, 8.34968705021e-06, 7.33501883587e-06, 5.39209031558e-06, 4.90036836709e-06, 4.26746601079e-06, 3.61305069418e-06, 3.54765165866e-06, 3.69376084564e-06, 3.82924872611e-06, 3.57173530574e-06, 3.85308158002e-06, 3.06460401589e-06, 3.12894530907e-06, 2.87303555524e-06, 2.15676186599e-06, 1.90243088127e-06, 1.64919845247e-06, 1.47088780977e-06, 2.39773316935e-06, 1.63139384313e-06, 9.62726176112e-07, 5.85611417137e-07, 5.40443579666e-07, 3.44471317248e-07, 1.69711512399e-07, 1.48232174979e-07, 1.07760918411e-07, 8.44786427479e-08, 5.88362745191e-08, 5.20652143621e-08, 4.12795095883e-08, 3.20778390517e-08, 2.33802452954e-08, 1.42446952012e-08, 5.65981528311e-09, 2.7587414575e-09, 9.73694250228e-11, 7.70993338617e-11, 7.62398269516e-11, 7.56787757461e-11, 7.53444112656e-11]
    },
    "mfcc": {
        "mean": [-606.446899414, 86.7910614014, -3.02071452141, 37.4874038696, -2.17615318298, 0.346019715071, 0.390237212181, 8.86612319946, -1.06107258797, 6.20267248154, 0.048757661134, -4.09998846054, 2.87007331848],
        "cov": [[1831.85974121, -423.705444336, -257.750366211, -164.279327393, 51.5337409973, 57.8701210022, 9.90027046204, 53.8500289917, 16.7403125763, 27.3705196381, 87.5796813965, 1.5356938839, -73.4764556885], [-423.705444336, 524.098876953, -119.239654541, 66.1518478394, -35.392791748, -79.9216461182, 58.8976478577, 6.32162237167, -23.954334259, 19.6828918457, -8.50460147858, 11.0140533447, 40.8302726746], [-257.750366211, -119.239654541, 375.495635986, 19.758310318, -4.5619058609, 43.5110473633, -11.4017877579, -8.07715320587, 22.9150619507, -32.2101135254, -11.329120636, 12.493560791, 17.6001243591], [-164.279327393, 66.1518478394, 19.758310318, 171.68069458, 69.9140167236, 0.0910482183099, -43.822593689, -24.4703121185, 8.4218044281, 18.638874054, -28.1485538483, -2.85559821129, 25.9544048309], [51.5337409973, -35.392791748, -4.5619058609, 69.9140167236, 188.919662476, 24.7111911774, -52.7912979126, -35.7906837463, 26.6505222321, 26.4037666321, -16.9509963989, -5.0089802742, 21.3503417969], [57.8701210022, -79.9216461182, 43.5110473633, 0.0910482183099, 24.7111911774, 163.787826538, 32.326133728, 14.590256691, 39.304359436, -14.8584547043, 18.5847988129, 4.18103933334, -35.1193351746], [9.90027046204, 58.8976478577, -11.4017877579, -43.822593689, -52.7912979126, 32.326133728, 182.517974854, 89.8914260864, 9.84899711609, -6.20628929138, 27.8860797882, 12.1945991516, 1.47066771984], [53.8500289917, 6.32162237167, -8.07715320587, -24.4703121185, -35.7906837463, 14.590256691, 89.8914260864, 124.64907074, 31.1997680664, 4.63679075241, 11.8920707703, -0.379535138607, -5.8660197258], [16.7403125763, -23.954334259, 22.9150619507, 8.4218044281, 26.6505222321, 39.304359436, 9.84899711609, 31.1997680664, 103.028396606, 7.67195034027, -8.49716567993, -2.95551657677, -16.200466156], [27.3705196381, 19.6828918457, -32.2101135254, 18.638874054, 26.4037666321, -14.8584547043, -6.20628929138, 4.63679075241, 7.67195034027, 83.0349578857, 19.9794807434, 6.80849790573, 10.2512893677], [87.5796813965, -8.50460147858, -11.329120636, -28.1485538483, -16.9509963989, 18.5847988129, 27.8860797882, 11.8920707703, -8.49716567993, 19.9794807434, 94.6964492798, 37.5210800171, -1.18000352383], [1.5356938839, 11.0140533447, 12.493560791, -2.85559821129, -5.0089802742, 4.18103933334, 12.1945991516, -0.379535138607, -2.95551657677, 6.80849790573, 37.5210800171, 68.4525604248, 22.5470027924], [-73.4764556885, 40.8302726746, 17.6001243591, 25.9544048309, 21.3503417969, -35.1193351746, 1.47066771984, -5.8660197258, -16.200466156, 10.2512893677, -1.18000352383, 22.5470027924, 83.8444061279]],
        "icov": [[0.000976259878371, 0.000901094463188, 0.00088404584676, 0.000466730212793, -0.00041102830437, 7.63154312153e-05, -4.92490653414e-05, -0.000342542247381, -1.16851751955e-05, -1.96702876565e-05, -0.000563735840842, -9.82609053608e-05, 0.000218840985326], [0.000901094463188, 0.00360049796291, 0.00168351922184, -0.00121093203779, 0.000474891829072, 0.00119763950352, -0.00168259255588, 0.000581113039516, -0.000262867339188, -0.000157235102961, -0.000220064961468, -0.000432924367487, -0.000409590778872], [0.00088404584676, 0.00168351922184, 0.00411876663566, -0.000390658795368, 0.000488567049615, -0.000589984061662, -8.83881366462e-05, 0.000129122112412, -0.000878557679243, 0.00104658480268, -0.000152718945174, -0.000604930508416, -0.00128690409474], [0.000466730212793, -0.00121093203779, -0.000390658795368, 0.0088744899258, -0.0025799961295, -0.00125545437913, 0.00197213864885, -0.000662946084049, 0.00020347116515, -0.00148698955309, 0.00173297629226, -0.000200719106942, -0.00131679407787], [-0.00041102830437, 0.000474891829072, 0.000488567049615, -0.0025799961295, 0.0083546359092, -0.00181571906433, 0.00090287218336, 0.00202153855935, -0.00212964694947, -0.00194090395235, 0.000846212613396, 0.000959765864536, -0.00307812867686], [7.63154312153e-05, 0.00119763950352, -0.000589984061662, -0.00125545437913, -0.00181571906433, 0.00945195555687, -0.00285560684279, 0.000963811820839, -0.00237853033468, 0.00205321284011, -0.00215464876965, -0.000779912283178, 0.00400387635455], [-4.92490653414e-05, -0.00168259255588, -8.83881366462e-05, 0.00197213864885, 0.00090287218336, -0.00285560684279, 0.0108959674835, -0.00702306488529, 0.000974651484285, 0.00077307515312, -0.00116403424181, -0.000173099746462, -0.00180023105349], [-0.000342542247381, 0.000581113039516, 0.000129122112412, -0.000662946084049, 0.00202153855935, 0.000963811820839, -0.00702306488529, 0.0146938627586, -0.00439677992836, -0.00126981828362, -0.000116540693853, 0.0014318319736, -0.000445881421911], [-1.16851751955e-05, -0.000262867339188, -0.000878557679243, 0.00020347116515, -0.00212964694947, -0.00237853033468, 0.000974651484285, -0.00439677992836, 0.0132361156866, -0.00177736370824, 0.00247837393545, -0.00148684077431, 0.0026700317394], [-1.96702876565e-05, -0.000157235102961, 0.00104658480268, -0.00148698955309, -0.00194090395235, 0.00205321284011, 0.00077307515312, -0.00126981828362, -0.00177736370824, 0.0153181441128, -0.00481190672144, 0.000701007666066, -0.000920744379982], [-0.000563735840842, -0.000220064961468, -0.000152718945174, 0.00173297629226, 0.000846212613396, -0.00215464876965, -0.00116403424181, -0.000116540693853, 0.00247837393545, -0.00481190672144, 0.017274050042, -0.00889619812369, 0.00170566095039], [-9.82609053608e-05, -0.000432924367487, -0.000604930508416, -0.000200719106942, 0.000959765864536, -0.000779912283178, -0.000173099746462, 0.0014318319736, -0.00148684077431, 0.000701007666066, -0.00889619812369, 0.0218300111592, -0.00652264477685], [0.000218840985326, -0.000409590778872, -0.00128690409474, -0.00131679407787, -0.00307812867686, 0.00400387635455, -0.00180023105349, -0.000445881421911, 0.0026700317394, -0.000920744379982, 0.00170566095039, -0.00652264477685, 0.0178636554629]]
    },
    "spectral_contrast_coeffs": {
        "max": [-0.481425821781, -0.509472668171, -0.554546713829, -0.629589796066, -0.584231257439, -0.619892418385],
        "mean": [-0.734829962254, -0.76456451416, -0.780094563961, -0.788186728954, -0.764459252357, -0.736312150955],
        "min": [-0.907733261585, -0.926256239414, -0.911735236645, -0.900496184826, -0.87543296814, -0.874792277813],
        "stdev": [0.0534875504673, 0.0701983720064, 0.0589310452342, 0.0480661131442, 0.0475883707404, 0.0345580764115]
    },
    "spectral_contrast_valleys": {
        "max": [-5.33669900894, -5.13468122482, -5.8296289444, -6.22487783432, -5.72146987915, -7.71074724197],
        "mean": [-6.62511205673, -6.64830350876, -7.2540640831, -7.410405159, -6.84912586212, -9.61187076569],
        "min": [-9.30502796173, -8.67816925049, -9.58981227875, -9.63298511505, -9.15200424194, -12.4467868805],
        "stdev": [0.492646515369, 0.465538114309, 0.502889931202, 0.515167891979, 0.493374615908, 0.645058870316]
    }
},
"rhythm": {
    "beats_count": 121,
    "beats_loudness": {
        "max": 0.0528808087111,
        "mean": 0.0221613291651,
        "min": 0.00739633617923,
        "stdev": 0.00856177136302
    },
    "bpm": 151.078994751,
    "bpm_histogram_first_peak_bpm": 152,
    "bpm_histogram_first_peak_weight": 0.223214268684,
    "bpm_histogram_second_peak_bpm": 144,
    "bpm_histogram_second_peak_spread": 0.285714328289,
    "bpm_histogram_second_peak_weight": 0.0416666679084,
    "danceability": 1.25132226944,
    "onset_rate": 3.7734375,
    "beats_loudness_band_ratio": {
        "max": [0.850930511951, 0.555498480797, 0.55877250433, 0.650550305843, 0.458772540092, 0.660500049591],
        "mean": [0.279151678085, 0.150643065572, 0.182360112667, 0.0990506932139, 0.136595591903, 0.19210909307],
        "min": [0.0318271107972, 0.0112153086811, 0.0114453816786, 0.00943260081112, 0.0147296944633, 0.0205556154251],
        "stdev": [0.177530959249, 0.116768971086, 0.121603764594, 0.106150738895, 0.0997184440494, 0.0935446098447]
    },
