{
"metadata": {
    "version": {
        "essentia": "2.1-beta5",
        "essentia_git_sha": "Undefined",
        "extractor": "music 2.0"
    },
    "audio_properties": {
        "analysis": {
            "equal_loudness": 0,
            "length": 12.7477550507,
            "sample_rate": 44100,
            "start_time": 0,
            "downmix": "mix"
        },
        "bit_rate": 192000,
        "length": 203.8828125,
        "lossless": 0,
        "number_channels": 2,
        "replay_gain": 2.58390235901,
        "sample_rate": 48000,
        "codec": "mp3",
        "md5_encoded": "98ffd2e87c0e64bdb093b72f7d91883c"
    },
    "tags": {
        "file_name": "Russia_Believe_Dima Bilan.mp3",
        "encoding": ["Lavf58.29.100"]
    }
},
"lowlevel": {
    "average_loudness": 0.916178226471,
    "barkbands_crest": {
        "max": 20.3089599609,
        "mean": 9.23189067841,
        "min": 3.94529414177,
        "stdev": 3.05383419991
    },
    "barkbands_flatness_db": {
        "max": 0.29946577549,
        "mean": 0.213423997164,
        "min": 0.0773477703333,
        "stdev": 0.0270013436675
    },
    "barkbands_kurtosis": {
        "max": 10.8974628448,
        "mean": 2.32594871521,
        "min": -1.4519097805,
        "stdev": 2.14160108566
    },
    "barkbands_skewness": {
        "max": 3.01530051231,
        "mean": 1.24812614918,
        "min": -1.80545759201,
        "stdev": 0.488216012716
    },
    "barkbands_spread": {
        "max": 24.9584369659,
        "mean": 8.19881343842,
        "min": 2.41125512123,
        "stdev": 2.81455469131
    },
    "dissonance": {
        "max": 0.500000059605,
        "mean": 0.478938817978,
        "min": 0.319476634264,
        "stdev": 0.0210603382438
    },
    "dynamic_complexity": 2.89060544968,
    "erbbands_crest": {
        "max": 27.0957202911,
        "mean": 10.2511968613,
        "min": 4.47305965424,
        "stdev": 4.04192638397
    },
    "erbbands_flatness_db": {
        "max": 0.394608527422,
        "mean": 0.298358142376,
        "min": 0.10408115387,
        "stdev": 0.0260397456586
    },
    "erbbands_kurtosis": {
        "max": 10.863861084,
        "mean": 1.44034683704,
        "min": -1.45609784126,
        "stdev": 1.93289887905
    },
    "erbbands_skewness": {
        "max": 2.34538865089,
        "mean": 1.01961994171,
        "min": -0.734649121761,
        "stdev": 0.467613279819
    },
    "erbbands_spread": {
        "max": 34.6748924255,
        "mean": 13.9980278015,
        "min": 3.38286566734,
        "stdev": 4.29782915115
    },
    "hfc": {
        "max": 92.1573791504,
        "mean": 28.6217346191,
        "min": 1.15795214006e-16,
        "stdev": 17.4631481171
    },
    "loudness_ebu128": {
        "integrated": -23.4725532532,
        "loudness_range": 7.81595993042,
        "momentary": {
            "max": -20.6064815521,
            "mean": -24.6602039337,
            "min": -31.5918235779,
            "stdev": 3.61240339279
        },
        "short_term": {
            "max": -20.9849185944,
            "mean": -24.0228214264,
            "min": -30.2416400909,
            "stdev": 2.85034346581
        }
    },
    "melbands_crest": {
        "max": 26.9593448639,
        "mean": 10.9589548111,
        "min": 2.47125005722,
        "stdev": 3.64196324348
    },
    "melbands_flatness_db": {
        "max": 0.282847940922,
        "mean": 0.198765695095,
        "min": 0.00667123077437,
        "stdev": 0.0297955740243
    },
    "melbands_kurtosis": {
        "max": 18.8846378326,
        "mean": 4.61324977875,
        "min": -1.21839380264,
        "stdev": 2.69241762161
    },
    "melbands_skewness": {
        "max": 3.5144970417,
        "mean": 1.49372708797,
        "min": -0.0511021651328,
        "stdev": 0.517020523548
    },
    "melbands_spread": {
        "max": 125.715026855,
        "mean": 13.1571063995,
        "min": 4.5080909729,
        "stdev": 6.67631387711
    },
    "pitch_salience": {
        "max": 0.867146492004,
        "mean": 0.689625024796,
        "min": 0.371590584517,
        "stdev": 0.0825122892857
    },
    "silence_rate_20dB": {
        "max": 1,
        "mean": 1,
        "min": 1,
        "stdev": 0
    },
    "silence_rate_30dB": {
        "max": 1,
        "mean": 1,
        "min": 1,
        "stdev": 0
    },
    "silence_rate_60dB": {
        "max": 1,
        "mean": 0.00727272732183,
        "min": 0,
        "stdev": 0.0849696472287
    },
    "spectral_centroid": {
        "max": 11473.1181641,
        "mean": 1497.55224609,
        "min": 993.586669922,
        "stdev": 500.202178955
    },
    "spectral_complexity": {
        "max": 39,
        "mean": 23.9509086609,
        "min": 0,
        "stdev": 6.76107645035
    },
    "spectral_decrease": {
        "max": -9.24703138888e-30,
        "mean": -6.21830498204e-09,
        "min": -1.94460785252e-08,
        "stdev": 4.04655464692e-09
    },
    "spectral_energy": {
        "max": 0.0801869705319,
        "mean": 0.0260653886944,
        "min": 1.05378625669e-20,
        "stdev": 0.0168103985488
    },
    "spectral_energyband_high": {
        "max": 0.00130652321968,
        "mean": 0.000199736998184,
        "min": 7.69080787265e-21,
        "stdev": 0.000126435552374
    },
    "spectral_energyband_low": {
        "max": 3.63831240975e-05,
        "mean": 2.4891251087e-06,
        "min": 4.80633764454e-23,
        "stdev": 3.43978081219e-06
    },
    "spectral_energyband_middle_high": {
        "max": 0.0577074401081,
        "mean": 0.0163088534027,
        "min": 1.48456776312e-21,
        "stdev": 0.0110791670159
    },
    "spectral_energyband_middle_low": {
        "max": 0.0483654364944,
        "mean": 0.0101375700906,
        "min": 2.5444076147e-22,
        "stdev": 0.00901361182332
    },
    "spectral_entropy": {
        "max": 9.81297206879,
        "mean": 7.49935626984,
        "min": 6.94556856155,
        "stdev": 0.193226367235
    },
    "spectral_flux": {
        "max": 0.187655121088,
        "mean": 0.0866121649742,
        "min": 1.02654093559e-10,
        "stdev": 0.0334262177348
    },
    "spectral_kurtosis": {
        "max": 19.4691314697,
        "mean": 6.48677825928,
        "min": -1.1510682106,
        "stdev": 2.8356924057
    },
    "spectral_rms": {
        "max": 0.00884483940899,
        "mean": 0.00472504552454,
        "min": 3.20637505262e-12,
        "stdev": 0.00176169991028
    },
    "spectral_rolloff": {
        "max": 18820.0195312,
        "mean": 1625.20861816,
        "min": 968.994140625,
        "stdev": 835.307434082
    },
    "spectral_skewness": {
        "max": 2.8998503685,
        "mean": 1.72510933876,
        "min": -0.0518781319261,
        "stdev": 0.351419448853
    },
    "spectral_spread": {
        "max": 38724156,
        "mean": 2720737.25,
        "min": 1996720.75,
        "stdev": 1644452.125
    },
    "spectral_strongpeak": {
        "max": 7.74046754837,
        "mean": 2.18515491486,
        "min": 6.69712640899e-09,
        "stdev": 1.57757163048
    },
    "zerocrossingrate": {
        "max": 0.49267578125,
        "mean": 0.0606951341033,
        "min": 0.0361328125,
        "stdev": 0.0210647769272
    },
    "barkbands": {
        "max": [5.60526132176e-07, 3.06142351292e-06, 1.38094874274e-05, 6.45697509754e-05, 0.000413899833802, 0.00236194208264, 0.00580335361883, 0.00727166375145, 0.0437689684331, 0.0287606753409, 0.0332259237766, 0.0264335349202, 0.0189280509949, 0.00584791600704, 0.0187533479184, 0.00668555684388, 0.00555318314582, 0.00575777655467, 0.00177833461203, 0.00217775837518, 0.000528580509126, 0.000327015994117, 0.00037723800051, 0.000151960310177, 5.1695642469e-05, 1.62922497111e-05, 3.18535489896e-06],
        "mean": [4.11206606543e-08, 2.19154060233e-07, 9.83474023997e-07, 2.93160974252e-06, 2.71086719295e-05, 0.000290837866487, 0.000759523711167, 0.00123912328854, 0.00654151756316, 0.00408564973623, 0.00575079163536, 0.00185450294521, 0.00135232601315, 0.00081933994079, 0.00115983525757, 0.000750807928853, 0.000320070976159, 0.000514494546223, 0.00027475078241, 0.000180547052878, 6.15657700109e-05, 4.05395076086e-05, 2.32494203374e-05, 9.71710142039e-06, 3.84663553632e-06, 1.03358627257e-06, 5.55429409133e-08],
        "min": [1.37584914935e-23, 2.2770062977e-23, 2.35206451956e-23, 2.10470653311e-24, 3.57533566362e-23, 5.66080968897e-23, 4.24214464067e-23, 2.06534860594e-23, 7.76878676051e-23, 1.72030179263e-22, 8.09930875128e-23, 4.58786356347e-23, 1.38603037752e-22, 5.22906075129e-23, 1.35954724408e-22, 9.94142833816e-23, 1.86117556334e-22, 2.75028996111e-22, 2.19472210994e-22, 2.02343768822e-22, 5.43595492225e-22, 7.74751023526e-22, 6.21868164507e-22, 8.02150472549e-22, 1.08809228012e-21, 1.72166779679e-21, 2.20852073868e-21],
        "stdev": [5.51897549883e-08, 2.93555387998e-07, 1.38654104376e-06, 4.9883938118e-06, 3.07607951981e-05, 0.000314705743222, 0.00088856741786, 0.00125611759722, 0.00694236671552, 0.00421269983053, 0.0060494816862, 0.00251632765867, 0.00243298104033, 0.00075293466216, 0.00190074078273, 0.000835494080093, 0.00042248115642, 0.000703009776771, 0.000201289221877, 0.000279585510725, 4.42346499767e-05, 2.7668540497e-05, 2.58530453721e-05, 1.2026173863e-05, 4.69377619083e-06, 1.52589063873e-06, 2.69129287744e-07]
    },
    "erbbands": {
        "max": [5.78244689677e-05, 0.000980705022812, 0.0117909712717, 0.103250838816, 0.131684347987, 1.64397871494, 6.01390075684, 28.3822154999, 51.1733016968, 135.584259033, 285.367645264, 937.257202148, 1027.53283691, 877.860351562, 1559.53381348, 1329.00317383, 883.325805664, 372.542114258, 322.754089355, 1213.6907959, 210.535964966, 289.31829834, 405.513885498, 118.318473816, 67.3302383423, 117.38407135, 34.9143562317, 11.4347639084, 10.5113096237, 12.6097736359, 9.65839290619, 5.48804426193, 2.00925469398, 0.870281338692, 0.267631679773, 0.100800812244, 0.022843465209, 0.00418906053528, 0.000385462015402, 9.53855414991e-05],
        "mean": [4.60875025965e-06, 7.12958135409e-05, 0.000857923179865, 0.00596970785409, 0.018365021795, 0.103781037033, 0.878103077412, 2.95391774178, 5.84137582779, 21.2292098999, 46.2155609131, 135.048233032, 147.359024048, 151.583877563, 225.028366089, 73.8800811768, 66.1129226685, 44.7007713318, 46.2739219666, 73.0319595337, 28.0760364532, 19.6691493988, 29.8862075806, 18.38904953, 11.0683050156, 8.72909259796, 3.35914993286, 1.99303090572, 1.44530379772, 1.09621882439, 0.611740112305, 0.296011716127, 0.11765268445, 0.0538564510643, 0.0221902597696, 0.00711635267362, 0.00155887391884, 0.00015112379333, 2.09398531297e-05, 3.20398867188e-05],
        "min": [8.62056695909e-22, 4.66822892596e-21, 2.47592298717e-20, 1.39429757922e-20, 2.93319020693e-20, 1.34824740055e-19, 2.71567014016e-19, 6.29838996443e-19, 5.91598023134e-19, 5.33887131061e-19, 5.39070503274e-19, 1.06681990249e-18, 3.63963729503e-18, 5.73731397532e-18, 3.62609758918e-18, 1.84530035988e-18, 5.22552657699e-18, 4.28987198044e-18, 4.21409355094e-18, 7.50527604985e-18, 6.17447107084e-18, 1.1049645713e-17, 1.68771513264e-17, 7.90003972539e-18, 1.44856944205e-17, 9.10366444445e-18, 1.42938017533e-17, 2.92254424769e-17, 3.10439130268e-17, 2.09007596579e-17, 1.77494596044e-17, 1.35537704085e-17, 1.46397005613e-17, 1.14316004967e-17, 7.54304263508e-18, 6.46752834057e-18, 3.54963053181e-18, 1.37935386352e-18, 2.83313883443e-19, 3.16151855162e-20],
        "stdev": [4.81488496007e-06, 9.69818574958e-05, 0.00118164659943, 0.00891431421041, 0.0160811431706, 0.11804971844, 0.960667848587, 3.37004208565, 5.35603141785, 23.7124633789, 46.2911911011, 146.472229004, 152.171417236, 143.002288818, 252.130508423, 98.7511520386, 119.451873779, 38.7200126648, 39.072681427, 122.013618469, 28.330247879, 23.6402416229, 44.8485336304, 14.9003267288, 8.25698757172, 13.7060651779, 2.52486467361, 1.38088691235, 0.988914966583, 0.907181680202, 0.706974327564, 0.377043396235, 0.143946602941, 0.0668859407306, 0.0282547846437, 0.00980476010591, 0.002536338754, 0.000435000605648, 2.62387893599e-05, 2.0327830498e-05]
    },
    "gfcc": {
        "mean": [-59.1767997742, 52.4664459229, -241.951309204, -39.1036911011, -102.314620972, -9.00830745697, -34.2001571655, 1.99950790405, -20.3610115051, -9.29317855835, -12.2750883102, -5.87366676331, -5.03803443909],
        "cov": [[4202.43164062, -33.7750473022, -422.49911499, -391.313446045, -238.640319824, -86.254119873, -212.427047729, 160.71786499, -40.9721717834, -17.3980731964, -82.2134170532, 59.7586250305, 35.8030471802], [-33.7750473022, 174.295654297, -37.3805885315, 21.6778259277, -7.37416028976, -24.0654392242, 35.9218864441, -34.8279914856, 22.8383140564, -29.466791153, 23.4671230316, -24.6214694977, 6.43695735931], [-422.49911499, -37.3805885315, 205.230575562, 8.55410480499, 46.0863113403, 15.0498600006, -3.8145096302, 27.8305721283, -4.22514915466, 20.6785850525, -12.7899646759, 23.1681575775, -15.431227684], [-391.313446045, 21.6778259277, 8.55410480499, 167.850585938, 23.1119365692, 36.833782196, 32.4479598999, -31.9186306, -2.55257844925, 6.01146841049, 3.22837734222, -34.0909309387, -18.7611904144], [-238.640319824, -7.37416028976, 46.0863113403, 23.1119365692, 81.4088439941, 23.4677028656, 11.2616109848, 1.13622248173, 0.48663598299, -2.02867174149, -0.823373198509, 8.16343975067, -12.207985878], [-86.254119873, -24.0654392242, 15.0498600006, 36.833782196, 23.4677028656, 74.3429107666, 17.7090530396, -12.418888092, -9.15573596954, 3.71753001213, 4.47161865234, -6.93155622482, -11.8152122498], [-212.427047729, 35.9218864441, -3.8145096302, 32.4479598999, 11.2616109848, 17.7090530396, 73.0333251953, -13.8006439209, 6.45294618607, -11.9787149429, 11.9423971176, -13.5188531876, -3.30652880669], [160.71786499, -34.8279914856, 27.8305721283, -31.9186306, 1.13622248173, -12.418888092, -13.8006439209, 73.7293624878, 16.0586662292, 1.04697644711, -20.6579437256, 5.61630535126, -5.34058761597], [-40.9721717834, 22.8383140564, -4.22514915466, -2.55257844925, 0.48663598299, -9.15573596954, 6.45294618607, 16.0586662292, 52.8394393921, 3.99811172485, -1.54210495949, -9.58136844635, 5.07527780533], [-17.3980731964, -29.466791153, 20.6785850525, 6.01146841049, -2.02867174149, 3.71753001213, -11.9787149429, 1.04697644711, 3.99811172485, 46.8875923157, 2.92468714714, 6.47307252884, 2.53173303604], [-82.2134170532, 23.4671230316, -12.7899646759, 3.22837734222, -0.823373198509, 4.47161865234, 11.9423971176, -20.6579437256, -1.54210495949, 2.92468714714, 47.4262313843, 14.4234857559, 6.38707876205], [59.7586250305, -24.6214694977, 23.1681575775, -34.0909309387, 8.16343975067, -6.93155622482, -13.5188531876, 5.61630535126, -9.58136844635, 6.47307252884, 14.4234857559, 56.4561882019, 6.97618532181], [35.8030471802, 6.43695735931, -15.431227684, -18.7611904144, -12.207985878, -11.8152122498, -3.30652880669, -5.34058761597, 5.07527780533, 2.53173303604, 6.38707876205, 6.97618532181, 47.3516616821]],
        "icov": [[0.000783749565016, -0.00127624021843, 0.00192082126159, 0.00112330785487, 0.00121798214968, -0.00151566928253, 0.00144580774941, -0.00222751428373, 0.00142986397259, -0.000961971411016, 0.00175909278914, -0.00142508815043, 0.000308330054395], [-0.00127624021843, 0.0127540323883, -0.00366171030328, -0.00229869852774, -0.00197673588991, 0.00739268958569, -0.00477771740407, 0.00835624523461, -0.00720517756417, 0.00764090754092, -0.00777163682505, 0.00618542078882, -0.000428286759416], [0.00192082126159, -0.00366171030328, 0.0114563582465, 0.00227976543829, -0.000114334907266, -0.00425200676546, 0.0030247697141, -0.0079178949818, 0.00469092605636, -0.00567093119025, 0.00646560825408, -0.00637353397906, 0.00177719304338], [0.00112330785487, -0.00229869852774, 0.00227976543829, 0.010555639863, 2.43374915954e-06, -0.00420691026375, 0.000164614291862, -0.000387821026379, 0.00254985271022, -0.00388404820114, 0.00230288761668, 0.00278636766598, 0.00252023315988], [0.00121798214968, -0.00197673588991, -0.000114334907266, 2.43374915954e-06, 0.0185812693089, -0.00634833611548, 0.00115271739196, -0.00285576889291, -0.000190550155821, 0.0014547574101, 0.00398620963097, -0.00655365688726, 0.00264688301831], [-0.00151566928253, 0.00739268958569, -0.00425200676546, -0.00420691026375, -0.00634833611548, 0.0227954536676, -0.00667511392385, 0.00727194407955, -0.00163594644982, 0.00214177626185, -0.00692029623315, 0.00648325262591, 0.00153297977522], [0.00144580774941, -0.00477771740407, 0.0030247697141, 0.000164614291862, 0.00115271739196, -0.00667511392385, 0.0214860197157, -0.00399645371363, 0.000601471110713, 0.00235199509189, -0.000937638338655, -0.000158279552124, 0.000248033786193], [-0.00222751428373, 0.00835624523461, -0.0079178949818, -0.000387821026379, -0.00285576889291, 0.00727194407955, -0.00399645371363, 0.0285104550421, -0.0129733299837, 0.00611419556662, 0.000492468825541, 0.00321038695984, 0.00235326052643], [0.00142986397259, -0.00720517756417, 0.00469092605636, 0.00254985271022, -0.000190550155821, -0.00163594644982, 0.000601471110713, -0.0129733299837, 0.0285153947771, -0.00851849652827, 0.00279259867966, 0.00165185355581, -0.00266216509044], [-0.000961971411016, 0.00764090754092, -0.00567093119025, -0.00388404820114, 0.0014547574101, 0.00214177626185, 0.00235199509189, 0.00611419556662, -0.00851849652827, 0.0301977954805, -0.00715806009248, 0.00149432336912, -0.0018911807565], [0.00175909278914, -0.00777163682505, 0.00646560825408, 0.00230288761668, 0.00398620963097, -0.00692029623315, -0.000937638338655, 0.000492468825541, 0.00279259867966, -0.00715806009248, 0.0362287573516, -0.0161264613271, -0.000390590343159], [-0.00142508815043, 0.00618542078882, -0.00637353397906, 0.00278636766598, -0.00655365688726, 0.00648325262591, -0.000158279552124, 0.00321038695984, 0.00165185355581, 0.00149432336912, -0.0161264613271, 0.0322386883199, -0.00328861828893], [0.000308330054395, -0.000428286759416, 0.00177719304338, 0.00252023315988, 0.00264688301831, 0.00153297977522, 0.000248033786193, 0.00235326052643, -0.00266216509044, -0.0018911807565, -0.000390590343159, -0.00328861828893, 0.0247926674783]]
    },
    "melbands": {
        "max": [7.24947824438e-07, 5.02921511725e-06, 2.04232474061e-05, 4.79690934299e-05, 0.000165392964846, 0.000552001176402, 0.000805575284176, 0.00153563381173, 0.00298812170513, 0.00673568295315, 0.00518320640549, 0.00351230823435, 0.00484810164198, 0.00313613540493, 0.00313304760493, 0.00167712674011, 0.000657517754007, 0.000588562746998, 0.00140466215089, 0.000917397846933, 0.000292217999231, 0.000288769078907, 0.000312974152621, 0.000291585922241, 0.000118097705126, 5.01900176459e-05, 9.60914039752e-05, 6.94857226335e-05, 2.51808742178e-05, 9.53295693762e-06, 7.64477863413e-06, 5.78081881031e-06, 6.77235630064e-06, 7.26540565665e-06, 5.92633477936e-06, 5.05765956405e-06, 2.7837959351e-06, 1.51176266172e-06, 1.00707120509e-06, 6.27773488304e-07],
        "mean": [4.98065411136e-08, 3.71271539734e-07, 1.3143128399e-06, 3.42696444022e-06, 2.55904851656e-05, 6.36661279714e-05, 0.000107441919681, 0.000234924198594, 0.00046091832337, 0.000920039077755, 0.000729771272745, 0.000577331578825, 0.000808912911452, 0.000279756786767, 0.00015377496311, 0.000127370018163, 7.72374551161e-05, 7.06672217348e-05, 9.07207358978e-05, 8.10499623185e-05, 2.39870150835e-05, 1.87891873793e-05, 2.52672743954e-05, 2.43010181293e-05, 1.40935071613e-05, 9.32167040446e-06, 7.43925920688e-06, 5.11395637659e-06, 2.15563886741e-06, 1.4574029592e-06, 1.04197988549e-06, 7.94893821876e-07, 7.98677660896e-07, 5.28836153535e-07, 3.74341993847e-07, 2.49343315772e-07, 1.52571644207e-07, 8.75216343843e-08, 5.49914993542e-08, 4.19906349691e-08],
        "min": [6.68437501507e-24, 9.8150065939e-24, 3.04493071617e-24, 5.1405813233e-24, 9.98645288987e-24, 1.31644263782e-23, 8.98611020888e-24, 5.43341674651e-24, 4.95463615831e-24, 8.66325468392e-24, 1.97607290175e-23, 2.48058920923e-23, 1.0774667718e-23, 7.31231933968e-24, 6.2812347492e-24, 1.39437744098e-23, 6.89005393002e-24, 5.72147561694e-24, 9.87028523297e-24, 8.5079579484e-24, 6.53446304408e-24, 1.05991209231e-23, 1.58755685489e-23, 1.23275577649e-23, 5.33596994218e-24, 9.54876998269e-24, 8.44299761943e-24, 5.57352593745e-24, 8.81294735157e-24, 1.02013157235e-23, 1.9228692824e-23, 2.13337760382e-23, 9.44708107884e-24, 1.14688684701e-23, 9.71724148419e-24, 9.29986701215e-24, 7.86642628356e-24, 1.12768873359e-23, 8.56935104834e-24, 1.03095782053e-23],
        "stdev": [5.93446891628e-08, 5.0017877129e-07, 1.69049951637e-06, 3.65627874999e-06, 2.78104562312e-05, 7.00103846611e-05, 0.000105832834379, 0.000255239749094, 0.000505826319568, 0.0010187352309, 0.00076969381189, 0.000584245368373, 0.000882878899574, 0.000339082907885, 0.000285365415039, 0.00021280067449, 7.24552373867e-05, 6.42113081994e-05, 0.000146536433022, 0.000108187792648, 3.05728972307e-05, 2.48006981565e-05, 3.50025620719e-05, 3.91384892282e-05, 1.26985733004e-05, 6.39732252239e-06, 1.20699041872e-05, 7.56227973397e-06, 1.6915262222e-06, 1.07646872038e-06, 8.1011421571e-07, 5.86639089306e-07, 6.06917581081e-07, 5.00000737702e-07, 4.44096571073e-07, 3.3087192719e-07, 2.00172877385e-07, 1.09483032418e-07, 7.23676762959e-08, 5.28095256414e-08]
    },
    "melbands128": {
        "max": [2.71684768904e-07, 2.06443274919e-07, 1.22702567751e-06, 1.5192375713e-06, 4.84134352519e-06, 8.33404919831e-06, 1.89019428944e-05, 3.68143046217e-05, 9.54630286287e-06, 1.91232393263e-05, 9.70842738752e-05, 0.000187520810869, 0.000172496962477, 0.000447556492873, 0.00106224732008, 0.000515139778145, 0.000476879009511, 0.00130205822643, 0.00203151954338, 0.00222920253873, 0.00221538590267, 0.00169604318216, 0.00431658513844, 0.00697744963691, 0.00689684599638, 0.0140083674341, 0.0122157093138, 0.00807609781623, 0.00533138681203, 0.00727103883401, 0.00566219165921, 0.00669977534562, 0.00875031761825, 0.00947636831552, 0.00590670341626, 0.00291724968702, 0.00838582590222, 0.00622524693608, 0.00546990754083, 0.00404850998893, 0.00188498944044, 0.00139475765172, 0.000690998509526, 0.000689567765221, 0.000682608166244, 0.000893011689186, 0.00068594655022, 0.000502896145917, 0.00340255000629, 0.00247643515468, 0.00123156863265, 0.000279218569631, 0.000549933174625, 0.000458786613308, 0.000238168926444, 0.000304565881379, 0.000235721003264, 0.000488315883558, 0.000353451701812, 0.00100074883085, 0.000647373613901, 0.000231921629165, 8.30483259051e-05, 0.000297727412544, 9.68088497757e-05, 7.95697415015e-05, 8.56533151818e-05, 0.000131565306219, 0.000124303580378, 0.000256806932157, 4.84218107886e-05, 2.25291423703e-05, 1.67905600392e-05, 4.76827262901e-05, 2.51445071626e-05, 1.34315141622e-05, 9.68432868831e-06, 9.37239110499e-06, 1.18620746434e-05, 1.06064435386e-05, 6.30537670077e-06, 4.18884201281e-06, 5.93226059209e-06, 8.30293811305e-06, 9.27569180931e-06, 7.74643467594e-06, 6.8491908678e-06, 8.71824613569e-06, 5.28692362423e-06, 6.13236079516e-06, 6.56763631923e-06, 4.54528753835e-06, 3.42611610904e-06, 3.0247902032e-06, 2.38183065449e-06, 1.6472746438e-06, 1.3198139186e-06, 1.54489850956e-06, 8.10472613466e-07, 8.26580333069e-07, 1.06236871034e-06, 3.98930069423e-07, 4.42815547785e-07, 3.93104926388e-07, 2.37841561557e-07, 5.2518390703e-07, 3.19997525366e-07, 2.65372193553e-07, 1.68254572941e-07, 1.06469563832e-07, 9.45497617977e-08, 7.32541849402e-08, 1.41880519777e-07, 8.70605987302e-08, 1.24478791719e-08, 1.38732314525e-08, 8.66494858087e-08, 8.26962036626e-08, 3.14207326824e-08, 6.34793639875e-09, 5.39427924551e-09, 3.02582692235e-09, 2.95469027023e-09, 2.89219737049e-09, 2.84550116803e-09, 2.83127854495e-09, 2.7949695891e-09, 2.78152612054e-09],
        "mean": [2.19833093951e-08, 2.81616792108e-08, 4.92926623963e-08, 1.12616582726e-07, 2.65002995548e-07, 5.62059028653e-07, 1.10599046366e-06, 1.58216732871e-06, 1.55071131758e-06, 2.25289363698e-06, 4.76883769807e-06, 9.64534228842e-06, 2.31064805121e-05, 5.44975664525e-05, 7.38915623515e-05, 6.26487526461e-05, 5.88081711612e-05, 8.74625329743e-05, 0.000194115564227, 0.00027040365967, 0.000238981709117, 0.000200652080821, 0.000438526971266, 0.000806164811365, 0.000773022708017, 0.00110517675057, 0.000971091038082, 0.000640768266749, 0.000577450962737, 0.000550544937141, 0.000561676337384, 0.000651792564895, 0.00101846002508, 0.000823152135126, 0.000299526203889, 0.000139848620165, 0.000173660882865, 0.000143609460793, 0.000148523162352, 0.000173524560523, 0.000111559136712, 8.32909718156e-05, 7.79990441515e-05, 7.39685638109e-05, 7.03900950612e-05, 7.14024936315e-05, 7.02651304891e-05, 6.24962558504e-05, 0.000124389975099, 0.000119813325, 8.26082832646e-05, 2.94596120511e-05, 2.53236958088e-05, 2.18654004129e-05, 1.86344259419e-05, 1.88973226614e-05, 1.79031703738e-05, 2.0239080186e-05, 2.83845511149e-05, 3.47811183019e-05, 2.661745566e-05, 1.51679869305e-05, 1.18131720228e-05, 1.70232106029e-05, 1.23437894217e-05, 9.77012950898e-06, 6.63365926812e-06, 5.71706686969e-06, 7.83686118666e-06, 1.00983852462e-05, 4.60561022919e-06, 3.36203811457e-06, 2.29917145589e-06, 2.05621722671e-06, 1.82714393304e-06, 1.49025106566e-06, 1.31377760226e-06, 1.14304145882e-06, 1.0351407127e-06, 9.22505194012e-07, 7.87851320183e-07, 7.20278876543e-07, 8.22707988846e-07, 8.79219555827e-07, 7.38954270219e-07, 5.37591347438e-07, 4.7343783649e-07, 4.47311578e-07, 3.79111469329e-07, 3.1908396636e-07, 2.78807590348e-07, 2.32662074495e-07, 1.93544423155e-07, 1.55188658368e-07, 1.28423110368e-07, 1.00785655377e-07, 7.95347432359e-08, 6.52919140975e-08, 5.71514426895e-08, 4.75200181427e-08, 4.61749607439e-08, 4.1937120443e-08, 3.66333914315e-08, 3.05362064523e-08, 2.31523404892e-08, 1.99262970568e-08, 1.80591115395e-08, 1.47960586006e-08, 1.18556657824e-08, 8.93078233588e-09, 6.89111434582e-09, 5.66727553775e-09, 5.03945374319e-09, 3.63443097839e-09, 6.87557399903e-10, 3.44575978861e-10, 1.47185585941e-09, 7.58714591154e-10, 1.22260979118e-10, 2.46089155997e-11, 2.23311560216e-11, 1.39218237633e-11, 1.16636266617e-11, 9.88868448931e-12, 9.25310869593e-12, 8.45552274031e-12, 7.9708687567e-12, 7.87442853978e-12],
        "min": [1.47006931537e-24, 7.69017266922e-24, 7.80579837868e-24, 6.83370638443e-24, 1.31157292057e-23, 1.00414009962e-23, 2.22039811246e-24, 1.48577238054e-24, 3.24022072743e-24, 2.64579372218e-24, 8.17796796541e-24, 1.190700655e-23, 7.65993089756e-24, 1.00514897383e-23, 1.96933539853e-23, 9.1681753615e-24, 9.83208385478e-24, 8.31436517137e-24, 1.07501649094e-23, 4.38754771938e-24, 4.61888236313e-24, 1.51233273558e-24, 6.43125006096e-24, 7.01029763122e-24, 1.74015477893e-24, 9.05803854622e-24, 2.49662596257e-23, 9.24613611818e-24, 2.73019584369e-23, 3.87055360453e-23, 2.11774127628e-23, 5.92002599032e-24, 8.36180726621e-24, 1.66132560472e-23, 1.03619356924e-23, 4.32631751921e-24, 1.49611395258e-24, 4.81049904359e-24, 1.06590530526e-23, 1.19117105276e-23, 1.5900244118e-23, 1.53065253127e-23, 3.59918300767e-24, 6.43726118106e-24, 4.13227154159e-24, 4.60385890162e-24, 9.53081393077e-24, 4.83649122155e-24, 1.68019073995e-23, 9.06004225291e-24, 6.15699507309e-24, 8.36902139919e-24, 6.9438171673e-24, 5.01654596216e-24, 7.43610739292e-24, 1.28937792457e-23, 1.04097556516e-23, 1.32118164082e-23, 1.93815046477e-23, 2.00189799898e-23, 1.00410310205e-23, 9.97040824792e-24, 4.7716306835e-24, 5.57221603392e-24, 2.56177372489e-24, 6.14196451183e-24, 1.95311042298e-23, 9.59462804483e-24, 6.5585998212e-24, 4.99269869699e-24, 3.70681321742e-24, 6.68125112588e-24, 8.84966724899e-24, 1.05962392142e-23, 7.55654042074e-24, 6.43909843811e-24, 1.28378442743e-23, 1.65039814569e-23, 2.02070318078e-23, 2.36387992043e-23, 2.08001495012e-23, 2.59146076956e-23, 7.53463927543e-24, 5.2610841653e-24, 1.19393593134e-23, 1.73063744821e-23, 8.23759559465e-24, 6.96874674962e-24, 8.8692720202e-24, 1.39557366965e-23, 8.91494075573e-24, 8.50351981694e-24, 8.7571299205e-24, 4.02842352544e-24, 1.20378438643e-23, 1.0175967256e-23, 1.24307683814e-23, 8.95173243949e-24, 8.91125046442e-24, 8.09208625638e-24, 9.39725899065e-24, 1.31026404255e-23, 8.00202042911e-24, 6.76140886018e-24, 5.03264385222e-24, 1.04210418846e-23, 1.37378974907e-23, 9.98163452747e-24, 9.56450223572e-24, 1.29068088613e-23, 1.27317779813e-23, 1.45277381612e-23, 9.77670503037e-24, 9.96916658086e-24, 1.03701698225e-23, 9.04803500108e-24, 1.77839477187e-23, 5.01365084263e-24, 8.70474640095e-24, 9.88076130579e-24, 7.89075475387e-24, 8.83283137955e-24, 8.30673294211e-24, 9.05902698893e-24, 1.05641672852e-23, 8.31874887142e-24, 1.05829950284e-23, 1.29976919484e-23],
        "stdev": [2.78157124001e-08, 3.29667990684e-08, 8.14956635509e-08, 1.7006152575e-07, 4.32738033851e-07, 7.88979434674e-07, 1.78730067546e-06, 2.7504083846e-06, 1.59169053404e-06, 2.50384255196e-06, 6.90906790624e-06, 1.3328730347e-05, 2.83925837721e-05, 7.3711060395e-05, 0.000105864281068, 7.55080473027e-05, 6.92117755534e-05, 0.00012090474047, 0.000274602731224, 0.000377282820409, 0.00033691432327, 0.000254547747318, 0.000521151872817, 0.00113141769543, 0.000925814907532, 0.00179596699309, 0.00142559164669, 0.000828420219477, 0.00068818643922, 0.000791081227362, 0.000737728143577, 0.000869665294886, 0.00143470219336, 0.00130190362688, 0.000476249260828, 0.000211497739656, 0.000489619036671, 0.000370617257431, 0.000479318754515, 0.000489496451337, 0.00017913672491, 0.000109160828288, 9.51723268372e-05, 8.3432001702e-05, 7.3386625445e-05, 8.90266819624e-05, 8.16076135379e-05, 8.15588064143e-05, 0.0003398329427, 0.000236720050452, 0.000136647795443, 3.61338134098e-05, 4.50908810308e-05, 3.46099477611e-05, 2.43376107392e-05, 2.93899265671e-05, 2.70864711638e-05, 3.37631136063e-05, 4.85965283588e-05, 9.00700179045e-05, 6.50248330203e-05, 2.28458575293e-05, 1.32272425617e-05, 2.72810248134e-05, 1.21101156765e-05, 9.92345667328e-06, 7.72389921622e-06, 9.14816064324e-06, 1.41511372931e-05, 2.79804626189e-05, 5.68820860281e-06, 3.15691113428e-06, 1.96431506083e-06, 2.57745705312e-06, 1.87665068552e-06, 1.46776278598e-06, 1.14814986318e-06, 9.87870407698e-07, 1.06128186417e-06, 9.30448550207e-07, 6.64845117626e-07, 6.00916109761e-07, 8.05606021004e-07, 8.11933546174e-07, 9.04781188638e-07, 5.46812373159e-07, 5.46409239632e-07, 5.58859142075e-07, 4.82568282223e-07, 4.46454890835e-07, 3.87060850926e-07, 3.4848545738e-07, 2.56511356156e-07, 2.139366444e-07, 1.90100237774e-07, 1.27302627106e-07, 1.0358285607e-07, 9.46778939692e-08, 7.81918600978e-08, 6.89355630357e-08, 7.08427165819e-08, 5.18657827797e-08, 4.78426400718e-08, 4.24579589264e-08, 3.13437737987e-08, 3.32671170611e-08, 2.95720337107e-08, 2.21565503722e-08, 1.73219110167e-08, 1.39925635523e-08, 1.21207630599e-08, 9.82099113145e-09, 1.06550155365e-08, 7.51663797871e-09, 1.38583400311e-09, 1.27087806945e-09, 7.43522932112e-09, 4.79287143307e-09, 1.42964384775e-09, 3.05258984756e-10, 2.68050581731e-10, 1.476169742e-10, 1.29037058816e-10, 1.23131699281e-10, 1.21158458266e-10, 1.20581558627e-10, 1.19051948855e-10, 1.18481724432e-10]
    },
    "mfcc": {
        "mean": [-663.44732666, 95.8449020386, -97.9342422485, -41.7574310303, -58.3640518188, -26.1789474487, -22.0762557983, -2.59068131447, -11.183052063, -1.26065611839, -8.36866188049, -9.48899173737, -3.6203687191],
        "cov": [[2028.91137695, 121.855102539, -77.6001968384, -258.810150146, 2.31562042236, -257.591186523, -88.0111923218, -21.6310272217, 50.8449668884, -6.84955644608, -43.6858673096, -61.1107902527, -42.3899154663], [121.855102539, 164.591171265, -25.1570510864, -16.2910175323, -28.9590339661, -30.97423172, -19.9113693237, 8.33040523529, -5.43696117401, -10.788356781, 1.29948019981, -6.77185678482, -4.490629673], [-77.6001968384, -25.1570510864, 102.797302246, 10.6028909683, 16.2302303314, 4.48547315598, 7.5697593689, -4.44988012314, 4.8824672699, 2.09452390671, 5.02690839767, 6.38590240479, 6.97137928009], [-258.810150146, -16.2910175323, 10.6028909683, 113.723472595, -2.18442249298, 47.7413902283, 13.8300361633, 4.04965591431, -3.8160700798, 14.0293664932, 2.75578451157, 3.54645490646, 20.9312381744], [2.31562042236, -28.9590339661, 16.2302303314, -2.18442249298, 77.8632965088, 0.817184925079, 2.56705975533, 5.18314313889, 10.6971120834, -6.08604669571, 3.21876502037, 13.3817367554, -2.09969902039], [-257.591186523, -30.97423172, 4.48547315598, 47.7413902283, 0.817184925079, 120.336891174, 39.0151481628, 1.5781121254, -22.0562839508, 6.72219419479, -2.96879792213, 8.74139499664, 27.3695831299], [-88.0111923218, -19.9113693237, 7.5697593689, 13.8300361633, 2.56705975533, 39.0151481628, 57.6581039429, 13.3782873154, -10.828625679, -2.59214472771, -0.609640955925, 3.68277835846, 7.87805938721], [-21.6310272217, 8.33040523529, -4.44988012314, 4.04965591431, 5.18314313889, 1.5781121254, 13.3782873154, 59.7771606445, 7.39535474777, -3.77784585953, 11.2681999207, 8.40363407135, -9.36853885651], [50.8449668884, -5.43696117401, 4.8824672699, -3.8160700798, 10.6971120834, -22.0562839508, -10.828625679, 7.39535474777, 56.795917511, 20.8725185394, -2.18576908112, -1.1197707653, -5.71103096008], [-6.84955644608, -10.788356781, 2.09452390671, 14.0293664932, -6.08604669571, 6.72219419479, -2.59214472771, -3.77784585953, 20.8725185394, 54.1607131958, 2.29305958748, -6.72114658356, 9.44516849518], [-43.6858673096, 1.29948019981, 5.02690839767, 2.75578451157, 3.21876502037, -2.96879792213, -0.609640955925, 11.2681999207, -2.18576908112, 2.29305958748, 42.6141586304, 12.8977375031, -17.0603103638], [-61.1107902527, -6.77185678482, 6.38590240479, 3.54645490646, 13.3817367554, 8.74139499664, 3.68277835846, 8.40363407135, -1.1197707653, -6.72114658356, 12.8977375031, 41.5985794067, 3.85683965683], [-42.3899154663, -4.490629673, 6.97137928009, 20.9312381744, -2.09969902039, 27.3695831299, 7.87805938721, -9.36853885651, -5.71103096008, 9.44516849518, -17.0603103638, 3.85683965683, 76.5659637451]],
        "icov": [[0.000914971984457, -0.000299479928799, 0.000425212521804, 0.00150681869127, -0.000382799946237, 0.00132845924236, -3.8592304918e-05, 2.76647842838e-05, -4.05528153351e-05, -0.00042889782344, 0.000601298699621, 0.000713695422746, -0.000291747768642], [-0.000299479928799, 0.00750713329762, 0.000952166563366, -0.000213023289689, 0.00261516007595, 0.000832938181702, 0.00206346483901, -0.0017941998085, 0.000668475870043, 0.001591271488, -0.000736418354791, 0.000389834342059, -0.00074200972449], [0.000425212521804, 0.000952166563366, 0.0109453899786, -0.000172964209924, -0.00176778854802, 0.00139048392884, -0.00170334905852, 0.00163890561089, -0.0012066635536, 0.000273550278507, -0.00166051939595, -0.000141216340126, -0.00131440209225], [0.00150681869127, -0.000213023289689, -0.000172964209924, 0.0136632546782, -0.000117059178592, -0.00191752577666, 0.000578974664677, -0.00106841244269, -0.00019725401944, -0.00252048298717, -0.000408689753385, 0.00157134793699, -0.00227977591567], [-0.000382799946237, 0.00261516007595, -0.00176778854802, -0.000117059178592, 0.0157278217375, -0.000846598180942, 0.000297725142445, -0.000693206326105, -0.00369819859043, 0.00330877210945, -0.000367332831956, -0.00409209588543, 0.000193156200112], [0.00132845924236, 0.000832938181702, 0.00139048392884, -0.00191752577666, -0.000846598180942, 0.0161854419857, -0.00725745642558, 0.000495381711517, 0.00462147314101, -0.00322964391671, 0.00204950151965, -0.00134543143213, -0.00255207763985], [-3.8592304918e-05, 0.00206346483901, -0.00170334905852, 0.000578974664677, 0.000297725142445, -0.00725745642558, 0.0251083113253, -0.00664313603193, 0.00285526155494, 0.00101312296465, 0.00132302346174, 0.000903516891412, -0.000360112346243], [2.76647842838e-05, -0.0017941998085, 0.00163890561089, -0.00106841244269, -0.000693206326105, 0.000495381711517, -0.00664313603193, 0.0209448654205, -0.00505591183901, 0.00245211971924, -0.0046587898396, -0.00237111281604, 0.00150493404362], [-4.05528153351e-05, 0.000668475870043, -0.0012066635536, -0.00019725401944, -0.00369819859043, 0.00462147314101, 0.00285526155494, -0.00505591183901, 0.0263060033321, -0.011992813088, 0.00556983985007, -0.00193084275816, 0.00229461095296], [-0.00042889782344, 0.001591271488, 0.000273550278507, -0.00252048298717, 0.00330877210945, -0.00322964391671, 0.00101312296465, 0.00245211971924, -0.011992813088, 0.0266102664173, -0.00669278949499, 0.00525107933208, -0.00397194735706], [0.000601298699621, -0.000736418354791, -0.00166051939595, -0.000408689753385, -0.000367332831956, 0.00204950151965, 0.00132302346174, -0.0046587898396, 0.00556983985007, -0.00669278949499, 0.0327774956822, -0.0102865956724, 0.00816642679274], [0.000713695422746, 0.000389834342059, -0.000141216340126, 0.00157134793699, -0.00409209588543, -0.00134543143213, 0.000903516891412, -0.00237111281604, -0.00193084275816, 0.00525107933208, -0.0102865956724, 0.0314569175243, -0.00468149269], [-0.000291747768642, -0.00074200972449, -0.00131440209225, -0.00227977591567, 0.000193156200112, -0.00255207763985, -0.000360112346243, 0.00150493404362, 0.00229461095296, -0.00397194735706, 0.00816642679274, -0.00468149269, 0.0174538549036]]
    },
    "spectral_contrast_coeffs": {
        "max": [-0.459337562323, -0.568748295307, -0.59391105175, -0.671915709972, -0.687409579754, -0.639886498451],
        "mean": [-0.658409059048, -0.757605671883, -0.74483191967, -0.802710652351, -0.785752534866, -0.734175562859],
        "min": [-0.955519258976, -0.955685853958, -0.959662437439, -0.954339385033, -0.961525082588, -0.961275339127],
        "stdev": [0.0618028752506, 0.0555129833519, 0.0556759573519, 0.0366165824234, 0.0310612414032, 0.0295091345906]
    },
    "spectral_contrast_valleys": {
        "max": [-8.54302978516, -5.17170143127, -5.12432813644, -5.61708688736, -6.45599460602, -9.18990135193],
        "mean": [-9.96797275543, -6.34424352646, -6.07865428925, -6.74264955521, -7.308365345, -10.9067611694],
        "min": [-27.5200214386, -27.5892715454, -27.5123939514, -27.3960285187, -27.2718238831, -27.2140827179],
        "stdev": [0.880701601505, 1.02820515633, 1.0097899437, 0.973972499371, 0.902895510197, 0.895889222622]
    }
},
"rhythm": {
    "beats_count": 35,
    "beats_loudness": {
        "max": 0.0688490048051,
        "mean": 0.0272638350725,
        "min": 0.00290174060501,
        "stdev": 0.0162100829184
    },
    "bpm": 166.16027832,
    "bpm_histogram_first_peak_bpm": 167,
    "bpm_histogram_first_peak_weight": 0,
    "bpm_histogram_second_peak_bpm": 172,
    "bpm_histogram_second_peak_spread": 0,
    "bpm_histogram_second_peak_weight": 0.205882355571,
    "danceability": 0.756562530994,
    "onset_rate": 0.626990437508,
    "beats_loudness_band_ratio": {
        "max": [0.00130803033244, 0.0378673970699, 0.738137722015, 0.855042219162, 0.320548146963, 0.0975214019418],
        "mean": [0.000404284190154, 0.0143768340349, 0.346514642239, 0.508900105953, 0.12525741756, 0.0290237944573],
        "min": [1.37830829772e-05, 0.00179205066524, 0.0770041048527, 0.154100865126, 0.0297760758549, 0.00842206180096],
        "stdev": [0.000348653557012, 0.00915645062923, 0.161243602633, 0.161694183946, 0.058944221586, 0.021545862779]
    },
    "beats_position": [0.348299324512, 0.708208620548, 1.07972788811, 1.43963718414, 1.8111563921, 2.17106580734, 2.51936507225, 2.87927436829, 3.22757363319, 3.58748292923, 3.94739222527, 4.28408145905, 4.62077093124, 4.94585037231, 5.28253936768, 5.60761880875, 5.94430828094, 6.29260778427, 6.6176867485, 6.9543762207, 7.30267572403, 7.66258478165, 8.01088428497, 8.35918331146, 8.70748329163, 9.06739234924, 9.42730140686, 9.78721046448, 10.1471195221, 10.5070295334, 10.866938591, 11.2268476486, 11.5867567062, 11.9466667175, 12.3065757751],
