{
"metadata": {
    "version": {
        "essentia": "2.1-beta5",
        "essentia_git_sha": "Undefined",
        "extractor": "music 2.0"
    },
    "audio_properties": {
        "analysis": {
            "equal_loudness": 0,
            "length": 32.4963264465,
            "sample_rate": 44100,
            "start_time": 93.9943771362,
            "downmix": "mix"
        },
        "bit_rate": 192000,
        "length": 193.282913208,
        "lossless": 0,
        "number_channels": 2,
        "replay_gain": -9.03132820129,
        "sample_rate": 48000,
        "codec": "mp3",
        "md5_encoded": "64917687af9b21c6eb4501a845f074aa"
    },
    "tags": {
        "file_name": "Germany_Disappear_No Angels.mp3",
        "encoding": ["Lavf58.29.100"]
    }
},
"lowlevel": {
    "average_loudness": 0.940734267235,
    "barkbands_crest": {
        "max": 25.8467388153,
        "mean": 10.6337585449,
        "min": 2.61573147774,
        "stdev": 5.22091150284
    },
    "barkbands_flatness_db": {
        "max": 0.322186768055,
        "mean": 0.118384718895,
        "min": 0.0343244336545,
        "stdev": 0.0445128418505
    },
    "barkbands_kurtosis": {
        "max": 174.104263306,
        "mean": 2.16202044487,
        "min": -1.88163197041,
        "stdev": 8.76036643982
    },
    "barkbands_skewness": {
        "max": 11.7830677032,
        "mean": 0.942180156708,
        "min": -1.89262938499,
        "stdev": 1.25485312939
    },
    "barkbands_spread": {
        "max": 112.264816284,
        "mean": 34.3933639526,
        "min": 1.28046095371,
        "stdev": 17.3955020905
    },
    "dissonance": {
        "max": 0.499818980694,
        "mean": 0.473083287477,
        "min": 0.311031907797,
        "stdev": 0.0230496879667
    },
    "dynamic_complexity": 2.89728188515,
    "erbbands_crest": {
        "max": 30.0648231506,
        "mean": 9.55711936951,
        "min": 2.1656255722,
        "stdev": 4.99380636215
    },
    "erbbands_flatness_db": {
        "max": 0.302297472954,
        "mean": 0.150695085526,
        "min": 0.0651626512408,
        "stdev": 0.0434118807316
    },
    "erbbands_kurtosis": {
        "max": 40.8834381104,
        "mean": 0.523818016052,
        "min": -1.69273412228,
        "stdev": 3.24520111084
    },
    "erbbands_skewness": {
        "max": 5.62416410446,
        "mean": 0.0479029603302,
        "min": -4.31411743164,
        "stdev": 0.962605953217
    },
    "erbbands_spread": {
        "max": 127.574005127,
        "mean": 37.0321769714,
        "min": 4.58276081085,
        "stdev": 16.2366905212
    },
    "hfc": {
        "max": 128.026351929,
        "mean": 23.7497272491,
        "min": 0.307063221931,
        "stdev": 19.1340198517
    },
    "loudness_ebu128": {
        "integrated": -15.0708770752,
        "loudness_range": 3.87529945374,
        "momentary": {
            "max": -10.6858654022,
            "mean": -15.6175136566,
            "min": -25.0704460144,
            "stdev": 2.34810304642
        },
        "short_term": {
            "max": -13.4003791809,
            "mean": -15.2195777893,
            "min": -17.8560962677,
            "stdev": 1.29728281498
        }
    },
    "melbands_crest": {
        "max": 32.1849937439,
        "mean": 15.2705392838,
        "min": 4.17084169388,
        "stdev": 6.22196865082
    },
    "melbands_flatness_db": {
        "max": 0.413828909397,
        "mean": 0.160652264953,
        "min": 0.0427962876856,
        "stdev": 0.0576913319528
    },
    "melbands_kurtosis": {
        "max": 318.003051758,
        "mean": 10.1394672394,
        "min": -1.62700533867,
        "stdev": 24.3930206299
    },
    "melbands_skewness": {
        "max": 15.282412529,
        "mean": 2.12380123138,
        "min": -0.355896770954,
        "stdev": 1.85049164295
    },
    "melbands_spread": {
        "max": 246.650039673,
        "mean": 40.44581604,
        "min": 0.878660738468,
        "stdev": 26.2650260925
    },
    "pitch_salience": {
        "max": 0.816169083118,
        "mean": 0.499632835388,
        "min": 0.0754347220063,
        "stdev": 0.12353733927
    },
    "silence_rate_20dB": {
        "max": 1,
        "mean": 1,
        "min": 1,
        "stdev": 0
    },
    "silence_rate_30dB": {
        "max": 1,
        "mean": 0.998572468758,
        "min": 0,
        "stdev": 0.0377559177577
    },
    "silence_rate_60dB": {
        "max": 1,
        "mean": 0.0235546045005,
        "min": 0,
        "stdev": 0.151657432318
    },
    "spectral_centroid": {
        "max": 5198.0703125,
        "mean": 2080.30029297,
        "min": 351.659515381,
        "stdev": 681.584411621
    },
    "spectral_complexity": {
        "max": 49,
        "mean": 18.444683075,
        "min": 1,
        "stdev": 9.38646125793
    },
    "spectral_decrease": {
        "max": -1.55383164668e-10,
        "mean": -5.66696201076e-09,
        "min": -3.57881333457e-08,
        "stdev": 5.65563462729e-09
    },
    "spectral_energy": {
        "max": 0.140493959188,
        "mean": 0.0235425960273,
        "min": 0.000614304386545,
        "stdev": 0.0223272461444
    },
    "spectral_energyband_high": {
        "max": 0.00780207617208,
        "mean": 0.00114233081695,
        "min": 1.05929975689e-05,
        "stdev": 0.00132751825731
    },
    "spectral_energyband_low": {
        "max": 0.10845208168,
        "mean": 0.00992373097688,
        "min": 0.000295564706903,
        "stdev": 0.017892614007
    },
    "spectral_energyband_middle_high": {
        "max": 0.070210531354,
        "mean": 0.00827441643924,
        "min": 3.43413339579e-05,
        "stdev": 0.0100680654868
    },
    "spectral_energyband_middle_low": {
        "max": 0.0473524853587,
        "mean": 0.00470970710739,
        "min": 6.7406836024e-05,
        "stdev": 0.00516325375065
    },
    "spectral_entropy": {
        "max": 8.83338260651,
        "mean": 7.7886967659,
        "min": 5.97817611694,
        "stdev": 0.383816987276
    },
    "spectral_flux": {
        "max": 0.268760353327,
        "mean": 0.087065204978,
        "min": 0.0151782371104,
        "stdev": 0.0500298775733
    },
    "spectral_kurtosis": {
        "max": 12.4286737442,
        "mean": 3.21899008751,
        "min": -1.12083482742,
        "stdev": 1.59343636036
    },
    "spectral_rms": {
        "max": 0.0117075741291,
        "mean": 0.00436444627121,
        "min": 0.000774158514105,
        "stdev": 0.00197990704328
    },
    "spectral_rolloff": {
        "max": 11240.3320312,
        "mean": 2354.62133789,
        "min": 64.599609375,
        "stdev": 1814.23803711
    },
    "spectral_skewness": {
        "max": 2.90865540504,
        "mean": 1.27498602867,
        "min": -0.0171752199531,
        "stdev": 0.290290296078
    },
    "spectral_spread": {
        "max": 12570324,
        "mean": 4860859.5,
        "min": 2620347.5,
        "stdev": 1504173.125
    },
    "spectral_strongpeak": {
        "max": 9.19900417328,
        "mean": 1.16249835491,
        "min": 0,
        "stdev": 1.61888790131
    },
    "zerocrossingrate": {
        "max": 0.28564453125,
        "mean": 0.0825334712863,
        "min": 0.0078125,
        "stdev": 0.0413221418858
    },
    "barkbands": {
        "max": [0.00582625390962, 0.104721732438, 0.0238839536905, 0.0267336834222, 0.0183881726116, 0.0252736266702, 0.0184092577547, 0.00979938916862, 0.0311850327998, 0.0621723420918, 0.0243392866105, 0.037374611944, 0.00723977433518, 0.00990347657353, 0.00725047383457, 0.0109636876732, 0.0121288700029, 0.00809284579009, 0.0102284504101, 0.0028820745647, 0.00329417968169, 0.00316733750515, 0.00239450018853, 0.00353334727697, 0.00316585646942, 0.00065955449827, 3.67769212062e-06],
        "mean": [0.000511062447913, 0.00808988325298, 0.000985024380498, 0.000722952187061, 0.000628167239483, 0.000933485745918, 0.00101815559901, 0.00028539611958, 0.000870374613442, 0.00307150115259, 0.000930471287575, 0.000411721150158, 0.00026127154706, 0.000492297578603, 0.000329860748025, 0.000802354072221, 0.000483331037685, 0.000397557159886, 0.00101969356183, 0.000313378259307, 0.000311608921038, 0.000209211051697, 0.000175050023245, 0.000150302061229, 0.000102537793282, 3.59125479008e-05, 4.80636472844e-08],
        "min": [1.09769302981e-06, 0.000150987296365, 1.26381098653e-06, 1.01464740965e-06, 1.35515949751e-06, 7.51168590796e-06, 3.294739372e-06, 7.94228924406e-07, 2.91312153422e-06, 2.94298592962e-06, 2.11116139326e-06, 1.08002120669e-06, 1.15485988772e-06, 1.90213017959e-06, 2.4499254323e-06, 1.6651417809e-06, 1.53440998929e-06, 1.72115596797e-06, 2.42465830524e-06, 1.66803192769e-06, 1.66129927948e-06, 2.71960720966e-06, 6.4063112859e-07, 5.37979985893e-07, 6.43708858661e-07, 2.58065767866e-07, 2.10022537556e-11],
        "stdev": [0.000652832095511, 0.0166055504233, 0.00252482667565, 0.0019514298765, 0.00133191037457, 0.00209024874493, 0.00196370691992, 0.000691902067047, 0.00178814027458, 0.00747879501432, 0.00181461742613, 0.00161679543089, 0.000414508889662, 0.000958817894571, 0.000585741538089, 0.00142266694456, 0.000815553299617, 0.000628927256912, 0.00132092472631, 0.00039909168845, 0.000444009870989, 0.000343116524164, 0.000287593749817, 0.000278229272226, 0.000262772693532, 6.88295476721e-05, 1.70903007302e-07]
    },
    "erbbands": {
        "max": [3.93212008476, 21.68126297, 33.0493888855, 70.2658004761, 53.1036224365, 45.1299209595, 217.675842285, 165.102462769, 334.991760254, 219.441726685, 214.725631714, 733.493896484, 917.032226562, 1830.57543945, 1410.53564453, 1535.76953125, 374.91583252, 570.387329102, 444.616577148, 367.459106445, 735.58605957, 588.143005371, 542.846252441, 607.957946777, 336.277252197, 150.731231689, 137.099487305, 183.801544189, 110.884803772, 110.739456177, 80.3718261719, 64.4187927246, 58.3453407288, 33.923866272, 28.0068435669, 7.43443346024, 0.86575037241, 0.144905850291, 0.00230576051399, 0.000204715630389],
        "mean": [0.281009346247, 1.60508203506, 1.49368882179, 1.89445567131, 1.75749742985, 2.00240492821, 6.58683824539, 7.35239982605, 15.6853456497, 7.84666872025, 9.46441841125, 20.3886108398, 48.2240486145, 93.9734420776, 33.9367904663, 15.3170890808, 12.4661817551, 16.8315563202, 24.1220760345, 25.2241611481, 42.4745788574, 29.9649410248, 21.6570491791, 48.8665313721, 36.1529693604, 15.6759328842, 14.8341932297, 9.40105438232, 7.4197101593, 6.74099063873, 4.7933678627, 3.34538674355, 2.36752271652, 1.33412957191, 0.633764922619, 0.228665947914, 0.0514804646373, 0.00516710663214, 0.000120002638141, 3.55434058292e-05],
        "min": [0.00298353331164, 0.0117784887552, 0.0129740964621, 0.0178190451115, 0.00548175163567, 0.00482202181593, 0.0310538131744, 0.056877952069, 0.0593777038157, 0.0186896827072, 0.0682387128472, 0.128974765539, 0.0999597012997, 0.0928614214063, 0.0719358250499, 0.0485365688801, 0.0804512500763, 0.082070350647, 0.136088073254, 0.08417827636, 0.126814126968, 0.0922222882509, 0.086949236691, 0.120550729334, 0.106221981347, 0.0824647173285, 0.0647525936365, 0.0688443109393, 0.0872046798468, 0.0698685348034, 0.0160561595112, 0.00987398345023, 0.0118455756456, 0.00862414203584, 0.00344023131765, 0.00211865105666, 0.000185157638043, 1.30146763695e-05, 1.60245269853e-06, 1.78180641797e-06],
        "stdev": [0.546794831753, 3.52199053764, 3.1623044014, 5.12407970428, 4.25866031647, 4.40205097198, 14.9442243576, 15.3866415024, 34.1058197021, 13.1508264542, 18.3931121826, 44.0104255676, 101.008758545, 226.674499512, 78.5363540649, 51.0690307617, 19.556892395, 35.1505317688, 38.4401626587, 40.7554206848, 79.9332275391, 48.2469444275, 34.9790611267, 66.4062957764, 43.2014884949, 20.0042934418, 20.1530704498, 14.3946418762, 12.427157402, 11.5181255341, 7.79279136658, 5.69785785675, 4.74586629868, 3.15844035149, 1.81261229515, 0.51786673069, 0.0997848063707, 0.0104751270264, 0.000204328593099, 3.10449941026e-05]
    },
    "gfcc": {
        "mean": [8.71047401428, 67.3997192383, -125.849151611, 44.8851966858, -58.4432220459, 26.021156311, -28.0367012024, 27.174156189, -18.9528751373, 7.69553422928, -10.3709621429, 9.20699596405, -5.60498380661],
        "cov": [[2204.54785156, -359.752868652, -250.94493103, 39.6517562866, 127.136291504, -67.406211853, 40.6327857971, 77.4920349121, -152.151611328, -129.528747559, -225.060470581, -91.9909133911, 49.7072982788], [-359.752868652, 578.825073242, -163.84425354, -81.5474624634, 82.8544616699, -75.6389007568, 75.4594116211, -55.3301773071, 25.660030365, -26.8315868378, 86.7714614868, -22.4367485046, 24.8415908813], [-250.94493103, -163.84425354, 695.939147949, 88.0480880737, -34.3653450012, 103.156013489, -174.648361206, -89.9889984131, -17.9419460297, 88.5702896118, 13.4489059448, 103.077972412, -80.3242111206], [39.6517562866, -81.5474624634, 88.0480880737, 212.317123413, 8.60535240173, -52.2747535706, -40.2451400757, 19.6634311676, 32.4753913879, -16.3057060242, 15.2295436859, 16.2941989899, 4.74373197556], [127.136291504, 82.8544616699, -34.3653450012, 8.60535240173, 231.967056274, 68.3741226196, 74.0855255127, 25.0056438446, -34.5674285889, -6.75778675079, -32.9741477966, -24.0031604767, 2.3496966362], [-67.406211853, -75.6389007568, 103.156013489, -52.2747535706, 68.3741226196, 241.367965698, 87.9026641846, -22.7609882355, -31.940114975, 39.6094284058, -34.3426246643, -34.5530815125, -10.3158330917], [40.6327857971, 75.4594116211, -174.648361206, -40.2451400757, 74.0855255127, 87.9026641846, 203.29133606, 45.7662467957, 3.75635528564, 0.395901739597, -5.76426172256, -50.1852073669, 35.6952285767], [77.4920349121, -55.3301773071, -89.9889984131, 19.6634311676, 25.0056438446, -22.7609882355, 45.7662467957, 145.014266968, 59.6020584106, -31.9021625519, -14.0262746811, -11.2607955933, 20.9964103699], [-152.151611328, 25.660030365, -17.9419460297, 32.4753913879, -34.5674285889, -31.940114975, 3.75635528564, 59.6020584106, 120.960067749, 14.3035240173, 34.835559845, 17.7131099701, 9.02597904205], [-129.528747559, -26.8315868378, 88.5702896118, -16.3057060242, -6.75778675079, 39.6094284058, 0.395901739597, -31.9021625519, 14.3035240173, 106.412261963, 54.7027053833, 16.6595554352, -28.1307468414], [-225.060470581, 86.7714614868, 13.4489059448, 15.2295436859, -32.9741477966, -34.3426246643, -5.76426172256, -14.0262746811, 34.835559845, 54.7027053833, 163.255401611, 46.2498588562, -20.07462883], [-91.9909133911, -22.4367485046, 103.077972412, 16.2941989899, -24.0031604767, -34.5530815125, -50.1852073669, -11.2607955933, 17.7131099701, 16.6595554352, 46.2498588562, 96.5170669556, 3.72225308418], [49.7072982788, 24.8415908813, -80.3242111206, 4.74373197556, 2.3496966362, -10.3158330917, 35.6952285767, 20.9964103699, 9.02597904205, -28.1307468414, -20.07462883, 3.72225308418, 89.3048019409]],
        "icov": [[0.000782428425737, 0.000946432352066, -3.57060525857e-05, 0.000341040809872, -0.000836766383145, 0.00111848721281, -0.000528246979229, 0.000479239388369, 0.000337419827702, 0.000651279930025, 0.000103326063254, 0.000708922103513, -0.000334588927217], [0.000946432352066, 0.00685328617692, -0.00184046756476, 0.00479758204892, -0.00544981798157, 0.00617574341595, -0.00395787041634, 0.00735675124452, -0.00525288842618, 0.00641049537808, -0.00484675820917, 0.00557962572202, -0.00240613892674], [-3.57060525857e-05, -0.00184046756476, 0.00453296024352, -0.00336415367201, 0.00186144560575, -0.00478748744354, 0.00407419074327, -0.00205624010414, 0.00231458176859, -0.00379001488909, 0.00278815813363, -0.00530905090272, 0.00246089114808], [0.000341040809872, 0.00479758204892, -0.00336415367201, 0.0100084813312, -0.00506823230535, 0.00632000667974, -0.00287855300121, 0.00532944267616, -0.00606464315206, 0.00656636338681, -0.00504799187183, 0.00598583230749, -0.00302377063781], [-0.000836766383145, -0.00544981798157, 0.00186144560575, -0.00506823230535, 0.0101545602083, -0.00619912706316, 0.00157030753326, -0.00728892721236, 0.00645993230864, -0.00559055991471, 0.00464091077447, -0.00548032298684, 0.0028856950812], [0.00111848721281, 0.00617574341595, -0.00478748744354, 0.00632000667974, -0.00619912706316, 0.0148310121149, -0.00878182705492, 0.0075490353629, -0.00429756566882, 0.00437150942162, -0.00290042511187, 0.00815238151699, -0.00255107716657], [-0.000528246979229, -0.00395787041634, 0.00407419074327, -0.00287855300121, 0.00157030753326, -0.00878182705492, 0.013985558413, -0.00665243761614, 0.00320237898268, -0.00527768675238, 0.00107039161958, -0.00167635083199, -0.00154499639757], [0.000479239388369, 0.00735675124452, -0.00205624010414, 0.00532944267616, -0.00728892721236, 0.0075490353629, -0.00665243761614, 0.0199490040541, -0.0130221219733, 0.0103169623762, -0.00466779014096, 0.00615039700642, -0.00215278984979], [0.000337419827702, -0.00525288842618, 0.00231458176859, -0.00606464315206, 0.00645993230864, -0.00429756566882, 0.00320237898268, -0.0130221219733, 0.0196062307805, -0.00898641813546, 0.00368025270291, -0.00598513940349, 0.00105703179725], [0.000651279930025, 0.00641049537808, -0.00379001488909, 0.00656636338681, -0.00559055991471, 0.00437150942162, -0.00527768675238, 0.0103169623762, -0.00898641813546, 0.0222706925124, -0.00959602184594, 0.00608976045623, -5.48698299099e-05], [0.000103326063254, -0.00484675820917, 0.00278815813363, -0.00504799187183, 0.00464091077447, -0.00290042511187, 0.00107039161958, -0.00466779014096, 0.00368025270291, -0.00959602184594, 0.0146598815918, -0.00924588553607, 0.00456513045356], [0.000708922103513, 0.00557962572202, -0.00530905090272, 0.00598583230749, -0.00548032298684, 0.00815238151699, -0.00167635083199, 0.00615039700642, -0.00598513940349, 0.00608976045623, -0.00924588553607, 0.0231519695371, -0.00725003192201], [-0.000334588927217, -0.00240613892674, 0.00246089114808, -0.00302377063781, 0.0028856950812, -0.00255107716657, -0.00154499639757, -0.00215278984979, 0.00105703179725, -5.48698299099e-05, 0.00456513045356, -0.00725003192201, 0.0163845084608]]
    },
    "melbands": {
        "max": [0.0328046754003, 0.0173587780446, 0.0115399444476, 0.0024227690883, 0.00666940910742, 0.00403212662786, 0.00431770319119, 0.00260601332411, 0.00333944405429, 0.00392887275666, 0.00476287677884, 0.00870960764587, 0.00356958433986, 0.00535333901644, 0.000915222160984, 0.000762725481763, 0.00119441957213, 0.000780624803156, 0.000400591612561, 0.000758979935199, 0.000826160074212, 0.000791730708443, 0.000433262524894, 0.000497075263411, 0.000603304477409, 0.000384097103961, 0.000185286146007, 0.000107624007796, 8.97949503269e-05, 0.00010245329031, 8.94824188435e-05, 8.869098383e-05, 8.00132038421e-05, 7.25365025573e-05, 5.55467886443e-05, 3.1475447031e-05, 5.1404338592e-05, 4.3695075874e-05, 4.35061847384e-05, 3.46646484104e-05],
        "mean": [0.00242202007212, 0.00120967021212, 0.000325260829413, 0.000117959920317, 0.000207231074455, 0.000182917036, 0.000222676681005, 7.51217012294e-05, 9.37245204113e-05, 0.000121498400404, 0.000267802650342, 0.000423559453338, 0.000125755992485, 4.68047655886e-05, 4.20867036155e-05, 1.85137814697e-05, 3.50313202944e-05, 4.47163474746e-05, 2.48010073847e-05, 4.96701104566e-05, 4.48197206424e-05, 2.97465976473e-05, 2.10655707633e-05, 2.09764057217e-05, 4.25136240665e-05, 3.61269048881e-05, 1.39248995765e-05, 9.35779917199e-06, 9.1153278845e-06, 8.61911394168e-06, 4.26504993811e-06, 4.22918992626e-06, 3.97745816372e-06, 3.57446992894e-06, 2.84290035779e-06, 2.24478230848e-06, 1.96419659915e-06, 1.72736952209e-06, 1.36187964017e-06, 1.0547914826e-06],
        "min": [4.27054183092e-05, 1.12850893856e-05, 3.62234277418e-06, 2.60757587967e-07, 1.22144979287e-06, 1.28800422772e-06, 7.62721697356e-07, 1.63572408951e-07, 4.89549847771e-07, 3.62439237733e-07, 4.07596559171e-07, 2.99111206914e-07, 2.76693725709e-07, 1.29813884087e-07, 1.19727886272e-07, 8.5819699791e-08, 1.36726143296e-07, 2.42346914092e-07, 1.34475797609e-07, 1.08594413462e-07, 1.3806679533e-07, 8.64151346036e-08, 6.17599198449e-08, 8.92808671438e-08, 9.71611839873e-08, 8.4518532617e-08, 6.65715376158e-08, 4.26667838838e-08, 3.89304979365e-08, 3.00250349028e-08, 4.22800532363e-08, 4.38413501058e-08, 5.48113128218e-08, 2.87579826619e-08, 8.88422047041e-09, 6.10858075234e-09, 6.08946226777e-09, 6.27813090404e-09, 8.18890288912e-09, 6.15736217568e-09],
        "stdev": [0.00486209057271, 0.00237256172113, 0.000838169129565, 0.000243746471824, 0.000447777449153, 0.000376007112209, 0.000456060661236, 0.000141212411108, 0.000196886787307, 0.0002564706665, 0.000582179694902, 0.00104272144381, 0.000263085705228, 0.000217129025259, 7.7819066064e-05, 3.29344657075e-05, 7.88252145867e-05, 7.62965210015e-05, 4.33301720477e-05, 8.73892204254e-05, 9.18204750633e-05, 5.41027839063e-05, 3.7501922634e-05, 3.45163534803e-05, 6.20276041445e-05, 4.9707818107e-05, 1.71862047864e-05, 1.39038256748e-05, 1.27655102915e-05, 1.4097418898e-05, 7.36160291126e-06, 7.85012616689e-06, 6.66749156153e-06, 6.56519205222e-06, 4.90433421874e-06, 3.49229208041e-06, 3.75067202185e-06, 3.54419830728e-06, 2.94362894238e-06, 2.733366955e-06]
    },
    "melbands128": {
        "max": [0.00420245248824, 0.0302008241415, 0.0527331754565, 0.0303196124732, 0.0219382718205, 0.0128622315824, 0.0156510584056, 0.0118395732716, 0.00483708782122, 0.00234058941714, 0.00325533235446, 0.00692685833201, 0.00997300446033, 0.0116090616211, 0.00465838937089, 0.003636890091, 0.0092863664031, 0.0044683329761, 0.00386536633596, 0.00311645469628, 0.00371301942505, 0.00274046510458, 0.00239327084273, 0.0109584303573, 0.00702169165015, 0.00303016020916, 0.00451412936673, 0.0090322047472, 0.0146537367254, 0.0210268367082, 0.00896135158837, 0.00548157747835, 0.00652040541172, 0.00966940261424, 0.00619121361524, 0.0107421781868, 0.00233273138292, 0.0016818648437, 0.00106999510899, 0.00171449629124, 0.000516669242643, 0.000774482265115, 0.0026539163664, 0.0024832864292, 0.00240131793544, 0.00154855416622, 0.00163299264386, 0.00071214226773, 0.000944720814005, 0.00131514959503, 0.00159156532027, 0.00198705564253, 0.00205212691799, 0.001016497612, 0.00194647535682, 0.00152646575589, 0.00120776111726, 0.000684405327775, 0.000729095714632, 0.000936907366849, 0.000965223589446, 0.000790859339759, 0.000651068985462, 0.00139892566949, 0.00100015767384, 0.000897430698387, 0.000426856131526, 0.00050287914928, 0.000221768888878, 0.000302238535369, 0.000234628314502, 0.000170618994161, 0.000142012708238, 0.000177619687747, 0.000205524571356, 0.00016375175619, 0.000231081037782, 0.000288369890768, 0.000111403227493, 0.000115106180601, 0.000169192935573, 0.000112112851639, 9.1303998488e-05, 0.000103020283859, 0.000142351666, 8.93796532182e-05, 7.88379402366e-05, 8.24927774374e-05, 6.21338767814e-05, 5.10214777023e-05, 5.82083084737e-05, 4.04682759836e-05, 4.15698195866e-05, 6.2808401708e-05, 6.62979000481e-05, 4.43271819677e-05, 4.97408545925e-05, 5.48207572137e-05, 5.64407091588e-05, 3.94558956032e-05, 4.0266681026e-05, 4.53048378404e-05, 4.26113547292e-05, 2.89371146209e-05, 3.70444795408e-05, 5.47424097022e-05, 3.13592427119e-05, 1.64152788784e-05, 8.79287017597e-06, 8.30264161777e-06, 1.04335731521e-05, 5.1016290854e-06, 3.38653353538e-06, 6.15307135376e-06, 4.21334334533e-06, 1.66138443092e-06, 2.44298547614e-07, 5.06473263329e-09, 3.77974007648e-09, 3.64193963875e-09, 3.52830675787e-09, 3.42886763427e-09, 3.34857408468e-09, 3.28038884945e-09, 3.22449711376e-09, 3.18004889088e-09, 3.14906811738e-09, 3.12923198464e-09],
        "mean": [0.00045611592941, 0.00220134225674, 0.00354945030995, 0.00234238500707, 0.000946036598179, 0.000448661274277, 0.000390944362152, 0.000343419698766, 0.000150587919052, 8.16876054159e-05, 9.79212345555e-05, 0.00016473789583, 0.000224547635298, 0.000291461241432, 0.000144988312968, 0.000102784360934, 0.000299266830552, 0.000257715233602, 0.000123862890177, 6.85086561134e-05, 5.96907811996e-05, 6.37544071651e-05, 6.5601663664e-05, 0.000170997998794, 0.000150258623762, 9.3622780696e-05, 8.45391259645e-05, 0.000168694241438, 0.000501254340634, 0.000715387461241, 0.000238936685491, 0.000192231760593, 0.000123044635984, 9.1241679911e-05, 6.19539787294e-05, 2.55683298747e-05, 3.24077482219e-05, 5.43613932678e-05, 4.26007754868e-05, 1.78221926035e-05, 1.44451378219e-05, 1.53861892613e-05, 2.06900167541e-05, 5.47009040019e-05, 6.5822423494e-05, 3.94317867176e-05, 2.55844934145e-05, 1.99548012461e-05, 2.62195026153e-05, 3.22941123159e-05, 4.40858311777e-05, 8.06495299912e-05, 6.25148459221e-05, 2.2765576432e-05, 1.84551226994e-05, 3.07033660647e-05, 4.27904669777e-05, 2.38050706685e-05, 1.27645480461e-05, 1.47638284034e-05, 2.09872559935e-05, 2.54074366239e-05, 3.15774232149e-05, 5.47779964108e-05, 4.80336639157e-05, 3.96649338654e-05, 2.65075723291e-05, 1.63127770065e-05, 1.06973820948e-05, 1.12247980724e-05, 9.18750265555e-06, 8.33017929835e-06, 8.86755515239e-06, 9.66872175923e-06, 8.78255468706e-06, 1.01287714642e-05, 8.32426030684e-06, 4.60186174678e-06, 3.59318005394e-06, 3.77486367142e-06, 4.65141829409e-06, 4.15158547185e-06, 3.95663073505e-06, 3.74143860427e-06, 4.38614324594e-06, 3.92620177081e-06, 3.20740150528e-06, 2.86886165668e-06, 3.00390388475e-06, 2.71151520792e-06, 2.3595082439e-06, 2.06824461202e-06, 2.11071073863e-06, 1.99991109184e-06, 1.83480585747e-06, 1.855130904e-06, 1.68863175531e-06, 1.58632371949e-06, 1.43862143887e-06, 1.18914840641e-06, 1.1472825463e-06, 1.08956487566e-06, 8.73709893767e-07, 7.49205298689e-07, 6.52874462048e-07, 7.12847736395e-07, 6.29924272744e-07, 5.14679641128e-07, 3.56692197556e-07, 2.80049363255e-07, 2.09398251627e-07, 1.76510866368e-07, 1.53457420993e-07, 1.34614495551e-07, 9.02384300616e-08, 6.15948891891e-08, 6.34586116988e-09, 2.28049124723e-11, 1.47072944101e-11, 1.20589718766e-11, 1.09380612207e-11, 1.0788465607e-11, 1.07876910529e-11, 8.26242112922e-12, 8.08012077386e-12, 7.92532098975e-12, 7.8238535442e-12, 7.77316145478e-12],
        "min": [4.14208244592e-07, 7.39965707908e-06, 1.92247971427e-05, 8.84513337951e-06, 5.07161303176e-07, 7.52033542994e-07, 9.09696382223e-07, 2.33279237705e-07, 9.28314420889e-08, 7.14606684937e-08, 3.32101635081e-08, 4.07060305463e-08, 1.36498144343e-07, 2.69014606147e-07, 1.10609633452e-07, 1.1026592972e-07, 2.26330840292e-07, 8.66620155193e-07, 2.7529395652e-07, 6.30918748357e-08, 2.06781365364e-08, 7.54923092927e-08, 1.96263158614e-07, 2.49507593253e-07, 1.19526433195e-07, 6.10330346262e-08, 1.45576564137e-07, 1.70256285514e-07, 2.14584446212e-07, 7.54061417751e-08, 1.49370066538e-07, 6.35115426917e-08, 6.27661052022e-08, 7.97022110532e-08, 5.59503376962e-08, 9.33043935447e-08, 1.03039965893e-07, 1.06220262808e-07, 6.87271608513e-08, 5.29792956172e-08, 5.68424631808e-08, 6.74721434279e-08, 5.60804842564e-08, 4.92829741461e-08, 7.35972207622e-08, 9.46611891095e-08, 6.98707367519e-08, 7.41880512578e-08, 3.41511103841e-08, 2.75064113708e-08, 4.47994281672e-08, 5.82491139767e-08, 1.10209448678e-07, 2.70956839188e-08, 5.52695489375e-08, 3.25392619516e-08, 5.40768887447e-08, 1.84666593128e-08, 2.4898143991e-08, 3.09273886501e-08, 6.04042043051e-08, 5.09163271545e-08, 9.13416542403e-08, 2.3604583177e-08, 8.02180650794e-08, 5.3036661285e-08, 4.59688678234e-08, 5.89121356143e-08, 4.44861605331e-08, 3.26970024389e-08, 2.53592098431e-08, 1.99146867885e-08, 3.24122524376e-08, 3.68075987467e-08, 2.00257570526e-08, 2.4396985765e-08, 1.71179692643e-08, 2.44491626944e-08, 2.86182224585e-08, 4.34826006313e-08, 2.61182417916e-08, 2.86091843549e-08, 2.54582506187e-08, 4.98730869936e-08, 7.67035288618e-08, 2.44134454874e-08, 1.89354505409e-08, 1.52917696283e-08, 6.00181682131e-09, 6.47138609366e-09, 6.79236000778e-09, 6.00966520992e-09, 4.45088144119e-09, 6.6862320125e-09, 4.05339628529e-09, 5.85880810533e-09, 6.42936859307e-09, 5.05313035859e-09, 6.8687380228e-09, 7.62237917229e-09, 5.59183011006e-09, 4.08034983579e-09, 3.40005690269e-09, 4.35207780924e-09, 1.87522264383e-09, 1.57919888277e-09, 4.01899047375e-09, 3.96276966796e-09, 4.10558742558e-09, 6.62577215316e-10, 1.82549353238e-12, 1.39361428213e-12, 4.8222222656e-13, 1.75826920298e-12, 1.07920812044e-12, 2.50257225966e-13, 1.02054663006e-13, 7.18570710746e-14, 7.70834540946e-14, 7.19806497935e-14, 6.21337427039e-14, 7.39629440593e-14, 5.87445334889e-14, 5.7653223016e-14, 5.42680355135e-14, 1.78064468959e-14, 2.32663496996e-15, 1.14714902891e-16],
        "stdev": [0.000584076333325, 0.00404731323943, 0.00797189213336, 0.00519056757912, 0.00204734853469, 0.00120386853814, 0.00114089727867, 0.000895287841558, 0.000395716837374, 0.000183659314644, 0.000273474288406, 0.000435608875705, 0.00058276753407, 0.000865472014993, 0.0004010827397, 0.000269705866231, 0.000850827666, 0.000549536489416, 0.000227541269851, 0.000170361585333, 0.000180417919182, 0.000183148222277, 0.000179814887815, 0.000476460641949, 0.000445793499239, 0.000251561461482, 0.000306838948745, 0.000509674777277, 0.00129856332205, 0.00218636216596, 0.000754462555051, 0.000411350949435, 0.000325892062392, 0.000426567828981, 0.000358355988283, 0.000294745666906, 0.000120914242871, 0.00011840818479, 8.22259389679e-05, 5.76608836127e-05, 3.05088324239e-05, 4.62620519102e-05, 9.82435885817e-05, 0.000157532675075, 0.000156612397404, 8.77980855876e-05, 8.25664319564e-05, 5.00960741192e-05, 6.12839139649e-05, 9.40413883654e-05, 0.000116965093184, 0.000183508644113, 0.000189286321984, 6.35841133771e-05, 6.04284396104e-05, 8.22072688607e-05, 9.12156392587e-05, 5.7114099036e-05, 4.21841759817e-05, 4.58297326986e-05, 5.12003716722e-05, 5.15396641276e-05, 6.36626427877e-05, 0.00011389964493, 0.000104105267383, 8.39210115373e-05, 4.8236521252e-05, 3.19197388308e-05, 1.77877263923e-05, 2.13389921555e-05, 2.05751657631e-05, 1.67668040376e-05, 1.53301953105e-05, 1.96216515178e-05, 1.94362983166e-05, 2.17643137148e-05, 2.0240633603e-05, 1.25091091832e-05, 7.97067059466e-06, 7.99091503723e-06, 1.07986752482e-05, 8.54946847539e-06, 7.337743682e-06, 6.90157321515e-06, 9.4279557743e-06, 7.6048390838e-06, 6.65283869239e-06, 5.79852758165e-06, 5.7845104493e-06, 5.03434057464e-06, 4.15878321292e-06, 3.43923966284e-06, 3.70483166989e-06, 4.148941116e-06, 4.19015805164e-06, 4.20722017225e-06, 3.61049183084e-06, 3.56262989953e-06, 3.3373662518e-06, 2.83081567432e-06, 3.13087366521e-06, 3.0604744552e-06, 2.50115522249e-06, 2.02115847969e-06, 2.23535039368e-06, 2.68631606559e-06, 1.81622465334e-06, 1.34959032039e-06, 7.57943723784e-07, 6.39408938241e-07, 4.78158142414e-07, 3.99001464757e-07, 3.4967524698e-07, 3.45016417214e-07, 2.14521293174e-07, 1.42010208037e-07, 1.73420087179e-08, 2.15825482486e-10, 1.70938402322e-10, 1.55407534064e-10, 1.4233327017e-10, 1.43725656376e-10, 1.51969131723e-10, 1.24451907113e-10, 1.22362564525e-10, 1.2070010269e-10, 1.19534951382e-10, 1.18788145986e-10]
    },
    "mfcc": {
        "mean": [-629.03717041, 91.7902526855, -4.13079404831, 23.7074661255, 1.89425885677, 3.90679860115, 6.72940635681, 16.2776222229, 4.39426755905, 10.0283174515, 1.27804291248, -1.30111432076, 6.0382976532],
        "cov": [[2362.3137207, -321.221923828, -447.234405518, 102.94821167, -23.3492717743, -153.991958618, 108.451026917, 34.2517127991, 184.531570435, 58.1442337036, -207.026657104, -51.7122154236, -180.262359619], [-321.221923828, 559.406005859, -180.28704834, -33.168346405, -20.0995559692, 27.3249111176, 47.3467254639, -7.36601543427, -46.129776001, 10.5741939545, -2.949031353, -3.22299814224, 25.7688674927], [-447.234405518, -180.28704834, 619.138244629, -0.603999912739, 97.7719345093, 92.060585022, -103.939910889, -66.7120666504, -94.8899002075, -114.951148987, 80.2590408325, 33.0624351501, 40.9718856812], [102.94821167, -33.168346405, -0.603999912739, 230.557235718, 51.4572219849, -83.4897460938, -54.4423942566, 16.5140781403, -8.58804798126, -36.1264381409, -4.42101192474, 45.7558937073, -11.5133190155], [-23.3492717743, -20.0995559692, 97.7719345093, 51.4572219849, 172.741516113, 19.3041381836, 0.228587076068, 10.5640668869, 8.9266500473, -42.422580719, 8.04811000824, 27.3623752594, 8.57249832153], [-153.991958618, 27.3249111176, 92.060585022, -83.4897460938, 19.3041381836, 224.135360718, 103.427085876, -38.6133079529, 1.52615571022, -0.384735107422, 24.1488285065, -14.6379213333, 24.7037582397], [108.451026917, 47.3467254639, -103.939910889, -54.4423942566, 0.228587076068, 103.427085876, 200.344665527, 10.4980897903, 41.688495636, 46.1893577576, -17.0265579224, -3.31463932991, -0.00171705381945], [34.2517127991, -7.36601543427, -66.7120666504, 16.5140781403, 10.5640668869, -38.6133079529, 10.4980897903, 116.875343323, 56.9735031128, 28.5521850586, -4.46455955505, -2.83126926422, 2.36687731743], [184.531570435, -46.129776001, -94.8899002075, -8.58804798126, 8.9266500473, 1.52615571022, 41.688495636, 56.9735031128, 189.204605103, 43.7072677612, -43.5843086243, -21.5521850586, -38.6766929626], [58.1442337036, 10.5741939545, -114.951148987, -36.1264381409, -42.422580719, -0.384735107422, 46.1893577576, 28.5521850586, 43.7072677612, 143.652191162, 7.98572206497, -28.9629077911, -3.72397947311], [-207.026657104, -2.949031353, 80.2590408325, -4.42101192474, 8.04811000824, 24.1488285065, -17.0265579224, -4.46455955505, -43.5843086243, 7.98572206497, 106.07194519, 24.5894565582, 34.7134132385], [-51.7122154236, -3.22299814224, 33.0624351501, 45.7558937073, 27.3623752594, -14.6379213333, -3.31463932991, -2.83126926422, -21.5521850586, -28.9629077911, 24.5894565582, 93.0269775391, 29.621805191], [-180.262359619, 25.7688674927, 40.9718856812, -11.5133190155, 8.57249832153, 24.7037582397, -0.00171705381945, 2.36687731743, -38.6766929626, -3.72397947311, 34.7134132385, 29.621805191, 89.3948059082]],
        "icov": [[0.000765220436733, 0.000587312038988, 0.000532152655069, -0.000184639953659, -0.000186096236575, 0.000268814619631, -0.000422203418566, 0.000300826126477, -1.97320769075e-05, 3.47763962054e-05, 0.000740583520383, 1.25185379147e-05, 0.000742841046304], [0.000587312038988, 0.00268443231471, 0.00144116394222, 0.000109718013846, -0.000426710117608, -0.000349009176716, -0.000226664371439, 0.000260349333985, 0.000856515194755, 0.000369525077986, 0.000507734715939, 8.55069520185e-05, 5.5035630794e-05], [0.000532152655069, 0.00144116394222, 0.00373688479885, 0.000320645602187, -0.00146309891716, -0.00174228183459, 0.00170763861388, 0.000663307844661, 0.000771033752244, 0.0014120072592, -0.000786313787103, -0.000188422869542, 0.00035065881093], [-0.000184639953659, 0.000109718013846, 0.000320645602187, 0.00627455720678, -0.00170770497061, 0.00132307084277, 0.00102849421091, -0.000603557913564, 0.000499454443343, 0.000527642841917, 2.73546320386e-05, -0.00267482851632, 0.00118511612527], [-0.000186096236575, -0.000426710117608, -0.00146309891716, -0.00170770497061, 0.0077751991339, -0.000597615435254, -0.000797732151113, -0.0012299119262, -0.00112025684211, 0.00148033921141, -0.000219461260713, -0.000812661834061, -0.000418032228481], [0.000268814619631, -0.000349009176716, -0.00174228183459, 0.00132307084277, -0.000597615435254, 0.00979154463857, -0.00584603846073, 0.00309428712353, -0.00161646225024, 0.00107493298128, -0.00184685946442, 0.00278694205917, -0.00197987281717], [-0.000422203418566, -0.000226664371439, 0.00170763861388, 0.00102849421091, -0.000797732151113, -0.00584603846073, 0.0100638801232, -0.00143404037226, 0.000212186132558, -0.00212325179018, 0.00158427725546, -0.00296825170517, 0.0006656749174], [0.000300826126477, 0.000260349333985, 0.000663307844661, -0.000603557913564, -0.0012299119262, 0.00309428712353, -0.00143404037226, 0.0122394086793, -0.00375858857296, -0.0006415284588, -0.00125928968191, 0.00148754788097, -0.00256820721552], [-1.97320769075e-05, 0.000856515194755, 0.000771033752244, 0.000499454443343, -0.00112025684211, -0.00161646225024, 0.000212186132558, -0.00375858857296, 0.00861778482795, -0.00180893111974, 0.00263308407739, -0.000735361711122, 0.00295223272406], [3.47763962054e-05, 0.000369525077986, 0.0014120072592, 0.000527642841917, 0.00148033921141, 0.00107493298128, -0.00212325179018, -0.0006415284588, -0.00180893111974, 0.0107915950939, -0.0036503681913, 0.00313036493026, -0.000990521511994], [0.000740583520383, 0.000507734715939, -0.000786313787103, 2.73546320386e-05, -0.000219461260713, -0.00184685946442, 0.00158427725546, -0.00125928968191, 0.00263308407739, -0.0036503681913, 0.0147147672251, -0.00351948384196, -0.00128491746727], [1.25185379147e-05, 8.55069520185e-05, -0.000188422869542, -0.00267482851632, -0.000812661834061, 0.00278694205917, -0.00296825170517, 0.00148754788097, -0.000735361711122, 0.00313036493026, -0.00351948384196, 0.0161358043551, -0.00515703950077], [0.000742841046304, 5.5035630794e-05, 0.00035065881093, 0.00118511612527, -0.000418032228481, -0.00197987281717, 0.0006656749174, -0.00256820721552, 0.00295223272406, -0.000990521511994, -0.00128491746727, -0.00515703950077, 0.0167593378574]]
    },
    "spectral_contrast_coeffs": {
        "max": [-0.547076880932, -0.439938277006, -0.443578362465, -0.583377957344, -0.562703251839, -0.618463754654],
        "mean": [-0.774139225483, -0.759139239788, -0.7305727005, -0.779483139515, -0.76241081953, -0.766535103321],
        "min": [-0.926200509071, -0.925952494144, -0.895078837872, -0.912574291229, -0.874635994434, -0.856681346893],
        "stdev": [0.0618262737989, 0.0763435810804, 0.0850427746773, 0.0605520755053, 0.0613482296467, 0.0358736999333]
    },
    "spectral_contrast_valleys": {
        "max": [-5.14428091049, -5.09749650955, -5.75943946838, -5.99890613556, -5.86529111862, -7.89060544968],
        "mean": [-6.87788391113, -6.99046182632, -7.42160797119, -7.57051801682, -7.3529510498, -9.74992656708],
        "min": [-8.55599880219, -8.95175361633, -9.27890205383, -9.47100257874, -9.527135849, -11.7866134644],
        "stdev": [0.543797791004, 0.536444365978, 0.55797123909, 0.516879022121, 0.581424951553, 0.666717410088]
    }
},
"rhythm": {
    "beats_count": 66,
    "beats_loudness": {
        "max": 0.11595069617,
        "mean": 0.0573632158339,
        "min": 0.0033932318911,
        "stdev": 0.0266700610518
    },
    "bpm": 123.093101501,
    "bpm_histogram_first_peak_bpm": 123,
    "bpm_histogram_first_peak_weight": 0.0153846144676,
    "bpm_histogram_second_peak_bpm": 0,
    "bpm_histogram_second_peak_spread": 0,
    "bpm_histogram_second_peak_weight": 0,
    "danceability": 1.28955924511,
    "onset_rate": 3.72216773033,
    "beats_loudness_band_ratio": {
        "max": [0.973073005676, 0.298187613487, 0.351250082254, 0.477429270744, 0.396208256483, 0.367047280073],
        "mean": [0.720161855221, 0.0278674755245, 0.0514928437769, 0.0867852196097, 0.0599789470434, 0.0639239028096],
        "min": [0.0498201660812, 0.000509684963617, 0.00284904474393, 0.00454279780388, 0.00100102229044, 0.00162987224758],
        "stdev": [0.228174388409, 0.0473134890199, 0.0669539943337, 0.105948217213, 0.0715037286282, 0.0726736113429]
    },
    "beats_position": [0.452789098024, 0.9287981987, 1.4164172411, 1.90403628349, 2.39165520668, 2.87927436829, 3.36689329147, 3.85451245308, 4.34213161469, 4.82975053787, 5.31736946106, 5.80498838425, 6.29260778427, 6.78022670746, 7.26784563065, 7.75546455383, 8.24308395386, 8.73070240021, 9.21832180023, 9.70594120026, 10.1935596466, 10.6811790466, 11.1687984467, 11.656416893, 12.144036293, 12.6316547394, 13.1192741394, 13.6068935394, 14.0945119858, 14.5821313858, 15.0697498322, 15.5573692322, 16.0449886322, 16.5326080322, 17.0202255249, 17.5078449249, 17.995464325, 18.483083725, 18.970703125, 19.458322525, 19.9459400177, 20.4335594177, 20.9211788177, 21.4087982178, 21.8964176178, 22.3840351105, 22.8716545105, 23.3592739105, 23.8468933105, 24.3345127106, 24.8221302032, 25.3097496033, 25.7973690033, 26.2849884033, 26.7726078033, 27.2602272034, 27.747844696, 28.2354640961, 28.7230834961, 29.2107028961, 29.6983222961, 30.1859397888, 30.6735591888, 31.1611785889, 31.6487979889, 32.1364173889],
