{
"metadata": {
    "version": {
        "essentia": "2.1-beta5",
        "essentia_git_sha": "Undefined",
        "extractor": "music 2.0"
    },
    "audio_properties": {
        "analysis": {
            "equal_loudness": 0,
            "length": 12.7477550507,
            "sample_rate": 44100,
            "start_time": 0,
            "downmix": "mix"
        },
        "bit_rate": 192000,
        "length": 194.44392395,
        "lossless": 0,
        "number_channels": 2,
        "replay_gain": -6.52567863464,
        "sample_rate": 48000,
        "codec": "mp3",
        "md5_encoded": "cc21d7ee6c30c252ab8915981ae4b9f5"
    },
    "tags": {
        "file_name": "Turkey_Deli_Mor ve Ötesi.mp3",
        "encoding": ["Lavf58.29.100"]
    }
},
"lowlevel": {
    "average_loudness": 0.797600507736,
    "barkbands_crest": {
        "max": 22.3358230591,
        "mean": 8.37628555298,
        "min": 2.97679376602,
        "stdev": 3.33440065384
    },
    "barkbands_flatness_db": {
        "max": 0.269823729992,
        "mean": 0.149822771549,
        "min": 0.039410226047,
        "stdev": 0.0665496066213
    },
    "barkbands_kurtosis": {
        "max": 16.9664039612,
        "mean": 1.24224495888,
        "min": -1.77965319157,
        "stdev": 2.76007914543
    },
    "barkbands_skewness": {
        "max": 4.16730213165,
        "mean": 0.990063726902,
        "min": -3.06846404076,
        "stdev": 0.77290391922
    },
    "barkbands_spread": {
        "max": 83.7424240112,
        "mean": 26.30103302,
        "min": 2.89636731148,
        "stdev": 24.2417888641
    },
    "dissonance": {
        "max": 0.5,
        "mean": 0.48535528779,
        "min": 0.336318671703,
        "stdev": 0.0156901776791
    },
    "dynamic_complexity": 4.38897609711,
    "erbbands_crest": {
        "max": 22.3075656891,
        "mean": 8.40058326721,
        "min": 2.97630810738,
        "stdev": 3.70748281479
    },
    "erbbands_flatness_db": {
        "max": 0.352267116308,
        "mean": 0.220053300261,
        "min": 0.0712198093534,
        "stdev": 0.0868744105101
    },
    "erbbands_kurtosis": {
        "max": 8.94098758698,
        "mean": 0.951223671436,
        "min": -1.58542478085,
        "stdev": 1.76246869564
    },
    "erbbands_skewness": {
        "max": 2.52779531479,
        "mean": 0.307241231203,
        "min": -2.57158827782,
        "stdev": 1.06445586681
    },
    "erbbands_spread": {
        "max": 83.1617736816,
        "mean": 28.3808116913,
        "min": 5.62248134613,
        "stdev": 19.5350608826
    },
    "hfc": {
        "max": 162.070861816,
        "mean": 27.5054950714,
        "min": 1.13116842888e-16,
        "stdev": 30.0106887817
    },
    "loudness_ebu128": {
        "integrated": -15.9191865921,
        "loudness_range": 9.3540096283,
        "momentary": {
            "max": -13.3689889908,
            "mean": -18.9182987213,
            "min": -33.6184310913,
            "stdev": 6.02568292618
        },
        "short_term": {
            "max": -14.1799592972,
            "mean": -18.0432834625,
            "min": -26.6515026093,
            "stdev": 3.33910775185
        }
    },
    "melbands_crest": {
        "max": 24.8444957733,
        "mean": 11.8681707382,
        "min": 2.14339756966,
        "stdev": 4.2105922699
    },
    "melbands_flatness_db": {
        "max": 0.272089064121,
        "mean": 0.15766967833,
        "min": 0.00513771735132,
        "stdev": 0.0564661100507
    },
    "melbands_kurtosis": {
        "max": 87.1928100586,
        "mean": 5.91669034958,
        "min": -1.43557238579,
        "stdev": 6.99071121216
    },
    "melbands_skewness": {
        "max": 8.59440326691,
        "mean": 1.95715379715,
        "min": -1.14727580547,
        "stdev": 0.979624927044
    },
    "melbands_spread": {
        "max": 146.44480896,
        "mean": 30.3042964935,
        "min": 4.35277605057,
        "stdev": 26.4184169769
    },
    "pitch_salience": {
        "max": 0.978401839733,
        "mean": 0.684135258198,
        "min": 0.198925048113,
        "stdev": 0.104654029012
    },
    "silence_rate_20dB": {
        "max": 1,
        "mean": 1,
        "min": 1,
        "stdev": 0
    },
    "silence_rate_30dB": {
        "max": 1,
        "mean": 1,
        "min": 1,
        "stdev": 0
    },
    "silence_rate_60dB": {
        "max": 1,
        "mean": 0.218181818724,
        "min": 0,
        "stdev": 0.41300997138
    },
    "spectral_centroid": {
        "max": 11526.7724609,
        "mean": 2110.20239258,
        "min": 997.371459961,
        "stdev": 1192.47399902
    },
    "spectral_complexity": {
        "max": 58,
        "mean": 21.4963626862,
        "min": 0,
        "stdev": 14.4315042496
    },
    "spectral_decrease": {
        "max": 1.57529543964e-29,
        "mean": -4.19217549563e-09,
        "min": -3.11495540473e-08,
        "stdev": 4.66126559573e-09
    },
    "spectral_energy": {
        "max": 0.126403167844,
        "mean": 0.0183170773089,
        "min": 1.03199158235e-20,
        "stdev": 0.0197010543197
    },
    "spectral_energyband_high": {
        "max": 0.0164595246315,
        "mean": 0.00224268459715,
        "min": 7.26963157698e-21,
        "stdev": 0.00344630586915
    },
    "spectral_energyband_low": {
        "max": 0.104402519763,
        "mean": 0.00516785122454,
        "min": 1.54404218295e-23,
        "stdev": 0.0136274322867
    },
    "spectral_energyband_middle_high": {
        "max": 0.0239085312933,
        "mean": 0.00605764752254,
        "min": 1.2385014228e-21,
        "stdev": 0.00442185439169
    },
    "spectral_energyband_middle_low": {
        "max": 0.0488125123084,
        "mean": 0.00544839026406,
        "min": 2.90478098566e-22,
        "stdev": 0.00597878266126
    },
    "spectral_entropy": {
        "max": 9.8093214035,
        "mean": 7.81642389297,
        "min": 7.03158092499,
        "stdev": 0.404849797487
    },
    "spectral_flux": {
        "max": 0.285710692406,
        "mean": 0.0700459480286,
        "min": 6.62254001638e-11,
        "stdev": 0.0471729896963
    },
    "spectral_kurtosis": {
        "max": 17.4116821289,
        "mean": 5.04966545105,
        "min": -1.21546518803,
        "stdev": 3.55119109154
    },
    "spectral_rms": {
        "max": 0.0111049609259,
        "mean": 0.00363574852236,
        "min": 3.17304429259e-12,
        "stdev": 0.00215676892549
    },
    "spectral_rolloff": {
        "max": 18690.8203125,
        "mean": 2998.59692383,
        "min": 107.666015625,
        "stdev": 2370.89575195
    },
    "spectral_skewness": {
        "max": 2.85752153397,
        "mean": 1.48552417755,
        "min": -0.08377148211,
        "stdev": 0.606072664261
    },
    "spectral_spread": {
        "max": 41108924,
        "mean": 4273586,
        "min": 1991480,
        "stdev": 4037959.25
    },
    "spectral_strongpeak": {
        "max": 6.47918796539,
        "mean": 0.812386214733,
        "min": 1.47528800287e-09,
        "stdev": 0.881335198879
    },
    "zerocrossingrate": {
        "max": 0.51025390625,
        "mean": 0.0952033028007,
        "min": 0.02734375,
        "stdev": 0.0591939240694
    },
    "barkbands": {
        "max": [0.00465829484165, 0.0966020524502, 0.0284402575344, 0.00776090985164, 0.0290398746729, 0.00970516726375, 0.00744489068165, 0.00811787974089, 0.012623780407, 0.0187973380089, 0.0146435704082, 0.00529259862378, 0.0033561156597, 0.00290719070472, 0.00495094899088, 0.00217405823059, 0.00454689795151, 0.00293826474808, 0.00611493783072, 0.00738720688969, 0.00669771106914, 0.00563995260745, 0.00340186874382, 0.00205145240761, 0.00481679290533, 0.00250851665623, 7.41045805626e-05],
        "mean": [3.41052036674e-05, 0.00329726096243, 0.00152508099563, 0.000670272274874, 0.00138694827911, 0.000590116076637, 0.000338368990924, 0.000464981305413, 0.00133256101981, 0.00195437367074, 0.000984093290754, 0.000563985318877, 0.000363421073416, 0.000347385794157, 0.000294995843433, 0.000255377672147, 0.000397195923142, 0.000373328803107, 0.000591279240325, 0.000535337952897, 0.000649115361739, 0.000557860941626, 0.000337703910191, 0.000186134435353, 0.000223681825446, 6.04494052823e-05, 1.66698282555e-06],
        "min": [2.88613696025e-24, 2.6489258944e-24, 4.25938582684e-24, 2.82954072625e-24, 1.74245206021e-23, 2.54136463109e-23, 2.16211959313e-23, 3.2715431202e-23, 4.30841905413e-23, 3.82817662779e-23, 3.91163243177e-23, 2.6018153578e-23, 6.28758365954e-23, 4.4831735172e-23, 7.92208262923e-23, 9.27933043844e-23, 1.0077618547e-22, 2.06531799814e-22, 8.98873743124e-23, 2.00904356417e-22, 2.84320389179e-22, 4.30987756328e-22, 5.54188644626e-22, 6.78150070568e-22, 9.57477109056e-22, 1.54112229951e-21, 2.12307071958e-21],
        "stdev": [0.000212539627682, 0.0115038724616, 0.00324370269664, 0.00130875618197, 0.00333244400099, 0.00122598570306, 0.000713924702723, 0.000730344676413, 0.00170097907539, 0.00243718456477, 0.0017077778466, 0.000736114394385, 0.000443839060608, 0.000378397933673, 0.000401513651013, 0.00028839908191, 0.00052874092944, 0.000473193416838, 0.000909047608729, 0.00092943868367, 0.00102900341153, 0.000969012791757, 0.000548414129298, 0.000321507453918, 0.000537522311788, 0.000202359820832, 6.11832456343e-06]
    },
    "erbbands": {
        "max": [2.39997434616, 23.5050773621, 34.9046478271, 25.2986164093, 40.5471954346, 152.781768799, 110.010391235, 73.8051376343, 87.1942901611, 171.921890259, 109.511604309, 231.521209717, 485.00213623, 504.038452148, 297.850616455, 235.930847168, 148.042663574, 100.83240509, 187.324066162, 169.621231079, 133.753540039, 301.164398193, 156.607086182, 236.878097534, 301.984771729, 329.706878662, 212.507873535, 300.492980957, 193.566833496, 199.799285889, 76.9870834351, 61.582950592, 24.354429245, 37.0811691284, 48.9309539795, 20.5595340729, 1.41878497601, 0.201083391905, 0.00978768058121, 0.000491543731187],
        "mean": [0.0607100762427, 0.851891636848, 2.04650163651, 1.8541175127, 3.67841649055, 4.87567710876, 4.84224700928, 4.16676425934, 4.1537733078, 6.41027021408, 13.0557909012, 28.255563736, 58.2589759827, 56.6583404541, 33.5288200378, 20.9846611023, 17.3007946014, 17.044336319, 16.8375701904, 14.8272619247, 15.8909730911, 21.9098529816, 18.16497612, 30.3373718262, 29.9442081451, 25.6602725983, 24.225030899, 25.999830246, 19.8185806274, 15.1093254089, 9.03576469421, 4.92106246948, 2.65801525116, 2.14814066887, 1.75492215157, 0.53670591116, 0.0480444803834, 0.00517518166453, 0.000298041675705, 3.64196275768e-05],
        "min": [6.91236465192e-23, 6.91106624998e-22, 5.25050349268e-21, 7.63221456627e-21, 4.96333861497e-20, 4.83316300477e-20, 1.1963572653e-19, 1.9966389983e-19, 1.85955979042e-19, 4.04649388584e-19, 8.82341151701e-19, 9.89714054897e-19, 1.16976542486e-18, 2.08568483615e-18, 1.58812184242e-18, 2.11243689114e-18, 2.99189449122e-18, 1.9152628825e-18, 3.64503340776e-18, 4.78713284645e-18, 5.83079448353e-18, 7.58637780019e-18, 7.55213169565e-18, 7.73003425717e-18, 6.20186067528e-18, 1.00400941092e-17, 1.19479365612e-17, 9.93760477697e-18, 1.30394849247e-17, 1.57671477362e-17, 1.48581424175e-17, 1.49544262408e-17, 1.21406473101e-17, 8.92231336695e-18, 6.00240220059e-18, 5.20139440979e-18, 2.97537610798e-18, 1.14469254651e-18, 3.05818055791e-19, 2.93157203486e-20],
        "stdev": [0.249317318201, 2.81528949738, 4.19192171097, 3.45075273514, 7.00860881805, 14.5613603592, 11.1826982498, 8.86517906189, 8.53938865662, 13.5981893539, 16.1321697235, 34.2131347656, 72.8902511597, 76.3668212891, 44.0324363708, 27.0207977295, 20.0621852875, 16.6853466034, 21.0555362701, 16.6779575348, 17.3038921356, 30.9636745453, 20.2581119537, 43.2292556763, 47.9512863159, 43.0110473633, 37.9469680786, 42.707157135, 32.726688385, 28.0720348358, 14.3156108856, 8.57817554474, 4.5125169754, 4.17542648315, 5.030128479, 1.76295232773, 0.136978924274, 0.0166126620024, 0.000916617515031, 5.06355827383e-05]
    },
    "gfcc": {
        "mean": [-69.049911499, 36.1880874634, -184.689910889, -2.28127145767, -85.9575119019, 6.71309518814, -34.9818687439, 9.70670700073, -26.3458194733, -4.88426780701, -22.9159851074, -1.03517246246, -10.6211566925],
        "cov": [[29494.6425781, 1105.94055176, 2862.85424805, 4795.56835938, -133.788742065, 1061.68164062, -306.807159424, 680.194702148, -818.19329834, 352.116607666, -333.899475098, 62.8687438965, -111.338356018], [1105.94055176, 475.373504639, 74.9976959229, 198.731231689, 102.887542725, 19.1729660034, 71.2961807251, 25.7708148956, 6.11400604248, -24.8241977692, 24.2570552826, -37.4464988708, 6.91382646561], [2862.85424805, 74.9976959229, 3771.41064453, 3027.88378906, 761.217468262, 585.592773438, -4.841837883, 216.39453125, -290.398773193, 373.859161377, 32.2929458618, 85.7855453491, -17.0103359222], [4795.56835938, 198.731231689, 3027.88378906, 2886.8527832, 519.807006836, 546.854492188, -74.1236724854, 194.653930664, -301.123931885, 309.071350098, 1.74672305584, 65.8995742798, -21.1344604492], [-133.788742065, 102.887542725, 761.217468262, 519.807006836, 312.961791992, 121.673027039, 70.2522201538, 72.7368850708, -13.0639514923, 62.0489387512, 24.260187149, 13.6311426163, 5.03052330017], [1061.68164062, 19.1729660034, 585.592773438, 546.854492188, 121.673027039, 177.219909668, 18.9175395966, 55.8407554626, -59.2569885254, 64.0264282227, 1.8008878231, 9.26055526733, -3.67529320717], [-306.807159424, 71.2961807251, -4.841837883, -74.1236724854, 70.2522201538, 18.9175395966, 132.906555176, 23.3970985413, 33.9193305969, -16.4192714691, 23.013999939, -14.1297016144, 8.1878452301], [680.194702148, 25.7708148956, 216.39453125, 194.653930664, 72.7368850708, 55.8407554626, 23.3970985413, 92.535774231, -1.78436470032, 29.0822200775, -2.25181698799, 8.24319458008, 2.2826128006], [-818.19329834, 6.11400604248, -290.398773193, -301.123931885, -13.0639514923, -59.2569885254, 33.9193305969, -1.78436470032, 91.9493103027, -18.3692932129, 18.0457515717, -8.23883533478, 12.7161941528], [352.116607666, -24.8241977692, 373.859161377, 309.071350098, 62.0489387512, 64.0264282227, -16.4192714691, 29.0822200775, -18.3692932129, 89.0349884033, 12.764084816, 14.0686445236, -7.76689529419], [-333.899475098, 24.2570552826, 32.2929458618, 1.74672305584, 24.260187149, 1.8008878231, 23.013999939, -2.25181698799, 18.0457515717, 12.764084816, 48.7589416504, 9.66567134857, 8.71952533722], [62.8687438965, -37.4464988708, 85.7855453491, 65.8995742798, 13.6311426163, 9.26055526733, -14.1297016144, 8.24319458008, -8.23883533478, 14.0686445236, 9.66567134857, 43.5101203918, 14.7259988785], [-111.338356018, 6.91382646561, -17.0103359222, -21.1344604492, 5.03052330017, -3.67529320717, 8.1878452301, 2.2826128006, 12.7161941528, -7.76689529419, 8.71952533722, 14.7259988785, 42.8310546875]],
        "icov": [[0.000140326737892, -0.00035384617513, 0.000238124252064, -0.00035488724825, 0.000567425333429, -0.000335600838298, -0.000117376497656, -0.000819149368908, 0.00051479722606, -0.000237980537349, 0.00067674863385, -0.000449381244835, 0.000132740489789], [-0.00035384617513, 0.00492145726457, 0.00127770635299, -0.00151376216672, -0.00406456366181, 0.00324485497549, -0.00116131384857, 0.0018324755365, -0.000568278250284, 0.00189756264444, -0.00415991293266, 0.00507561909035, -0.00145896873437], [0.000238124252064, 0.00127770635299, 0.00441759824753, -0.00415079528466, -0.00359580619261, 0.00134928466287, -0.00163326563779, -0.000279747531749, 0.00274598551914, -0.00300181214698, 0.000535762112122, 0.000260168133536, -0.000573841913138], [-0.00035488724825, -0.00151376216672, -0.00415079528466, 0.0058151576668, 0.00134554551914, -0.00345717929304, 0.00296123232692, 0.000691712077241, 5.73237339268e-05, 0.000236518739257, -0.00107832835056, -4.22687935497e-06, -0.000268030067673], [0.000567425333429, -0.00406456366181, -0.00359580619261, 0.00134554551914, 0.0142111107707, -0.00415197620168, -0.00217025377788, -0.0056413016282, -0.00267303106375, 0.00152079295367, 0.00326957693323, -0.00492402212694, 0.0021538475994], [-0.000335600838298, 0.00324485497549, 0.00134928466287, -0.00345717929304, -0.00415197620168, 0.019305313006, -0.00522247934714, -0.000794821069576, 0.00404014019296, -0.00287347706035, -0.00212707510218, 0.00440561491996, -0.00218351441436], [-0.000117376497656, -0.00116131384857, -0.00163326563779, 0.00296123232692, -0.00217025377788, -0.00522247934714, 0.0146031221375, -0.00215865718201, -0.00292103318498, 0.0048958058469, -0.00589134031907, 0.00425154063851, -0.000682307290845], [-0.000819149368908, 0.0018324755365, -0.000279747531749, 0.000691712077241, -0.0056413016282, -0.000794821069576, -0.00215865718201, 0.0216604322195, -0.00698242010549, -0.001968273893, 0.00199274485931, -0.00156483228784, -0.000493837229442], [0.00051479722606, -0.000568278250284, 0.00274598551914, 5.73237339268e-05, -0.00267303106375, 0.00404014019296, -0.00292103318498, -0.00698242010549, 0.0279064364731, -0.00822016689926, -0.00370346172713, 0.00456652184948, -0.0064519806765], [-0.000237980537349, 0.00189756264444, -0.00300181214698, 0.000236518739257, 0.00152079295367, -0.00287347706035, 0.0048958058469, -0.001968273893, -0.00822016689926, 0.0272710528225, -0.00867214426398, -0.000914208998438, 0.00620897160843], [0.00067674863385, -0.00415991293266, 0.000535762112122, -0.00107832835056, 0.00326957693323, -0.00212707510218, -0.00589134031907, 0.00199274485931, -0.00370346172713, -0.00867214426398, 0.0343993492424, -0.0121319163591, -0.000740049406886], [-0.000449381244835, 0.00507561909035, 0.000260168133536, -4.22687935497e-06, -0.00492402212694, 0.00440561491996, 0.00425154063851, -0.00156483228784, 0.00456652184948, -0.000914208998438, -0.0121319163591, 0.0383328646421, -0.0138903958723], [0.000132740489789, -0.00145896873437, -0.000573841913138, -0.000268030067673, 0.0021538475994, -0.00218351441436, -0.000682307290845, -0.000493837229442, -0.0064519806765, 0.00620897160843, -0.000740049406886, -0.0138903958723, 0.0312522314489]]
    },
    "melbands": {
        "max": [0.0244788005948, 0.0196837801486, 0.00379496486858, 0.00685507897288, 0.00488947471604, 0.00161832489539, 0.00128385308199, 0.00155591941439, 0.000973356713075, 0.00160679593682, 0.00245185336098, 0.00199006008916, 0.00127428176347, 0.000789215380792, 0.000566021946725, 0.000315020646667, 0.000217328677536, 0.000283071189187, 0.00040760889533, 0.00018067547353, 0.00017658896104, 0.000293063407298, 0.000275146652712, 0.000177006339072, 0.000206663738936, 0.00028870953247, 0.00035061352537, 0.000157138027134, 0.000118228439533, 0.00015694682952, 0.000153471642989, 0.000101398298284, 0.000109088250611, 0.000115079797979, 5.29260614712e-05, 3.50233967765e-05, 3.76740317733e-05, 1.97356330318e-05, 1.90254340851e-05, 3.49372894561e-05],
        "mean": [0.0007499922649, 0.00108388077933, 0.000380776124075, 0.000315542303724, 0.000180800590897, 9.85848746495e-05, 6.46995613351e-05, 7.46384757804e-05, 0.000112776950118, 0.000194205131265, 0.000293025106657, 0.000234317209106, 0.000121638964629, 7.13508634362e-05, 4.11989349232e-05, 3.54610092472e-05, 3.11727671942e-05, 2.79995401797e-05, 2.10176131077e-05, 1.77322599484e-05, 1.872417306e-05, 2.22497164941e-05, 1.95927059394e-05, 1.67393973243e-05, 2.52163281402e-05, 2.26989905059e-05, 2.08945129998e-05, 1.52506609084e-05, 1.53566634253e-05, 1.43187171489e-05, 1.49726593008e-05, 1.13665455501e-05, 9.90487296804e-06, 7.73009742261e-06, 5.79238985665e-06, 3.50907089341e-06, 2.71261887974e-06, 1.83346321592e-06, 1.63981394508e-06, 1.88836611414e-06],
        "min": [7.86986818229e-25, 2.3292171356e-24, 3.64927922502e-24, 3.66167025769e-24, 3.08066295973e-24, 4.27717503469e-24, 3.49709849007e-24, 5.45906537555e-24, 7.99373265644e-24, 5.48448405164e-24, 5.64017009002e-24, 8.08965262049e-24, 5.44940025174e-24, 3.15406252265e-24, 7.22574027761e-24, 4.45292220032e-24, 2.9236435492e-24, 5.75892876056e-24, 7.33906487981e-24, 5.72036608407e-24, 5.71082796687e-24, 6.20330199708e-24, 6.07724754646e-24, 9.37836498311e-24, 5.31404828648e-24, 3.93141138347e-24, 5.75430603566e-24, 6.84406412811e-24, 6.71029540669e-24, 6.57376212223e-24, 4.37407515841e-24, 5.99852672229e-24, 8.4428832346e-24, 9.42286304905e-24, 8.06692869325e-24, 6.69862894276e-24, 8.81075826256e-24, 7.3041972278e-24, 9.72076217041e-24, 6.53601197247e-24],
        "stdev": [0.00285367062315, 0.00251326127909, 0.000650259607937, 0.000747818441596, 0.00045224459609, 0.000206247423193, 0.000132539789774, 0.000146112113725, 0.000131541164592, 0.000245454633841, 0.000374036986614, 0.000315876997774, 0.000173425971298, 9.60943798418e-05, 5.30509387318e-05, 4.18367635575e-05, 3.14674616675e-05, 3.56670170731e-05, 3.0223691283e-05, 1.9578365027e-05, 2.1576828658e-05, 3.28541900672e-05, 2.47614043474e-05, 2.31503436225e-05, 3.71204405383e-05, 3.7496076402e-05, 3.97842959501e-05, 2.48750002356e-05, 2.41600082518e-05, 2.47061707341e-05, 2.46831787081e-05, 1.87220939551e-05, 1.83849442692e-05, 1.45476524267e-05, 9.31054364628e-06, 5.80917048865e-06, 5.00354008182e-06, 3.15498186865e-06, 2.90942648462e-06, 3.86967622035e-06]
    },
    "melbands128": {
        "max": [0.00310180149972, 0.0142479930073, 0.0421607084572, 0.0430980436504, 0.0208126250654, 0.0120775923133, 0.00554805248976, 0.0043138936162, 0.00446337880567, 0.00977383181453, 0.0107845282182, 0.00747406389564, 0.0031099265907, 0.00415481906384, 0.00184143870138, 0.00138775841333, 0.00126001168974, 0.00164692522958, 0.00200880272314, 0.00309994327836, 0.00247993227094, 0.00181512080599, 0.0014010805171, 0.00152707379311, 0.00179572449997, 0.00252928491682, 0.00470457365736, 0.00231872568838, 0.00507367262617, 0.00331246783026, 0.00342486519367, 0.00350042525679, 0.00197796570137, 0.0013138538925, 0.00108315504622, 0.00157431117259, 0.00133388943505, 0.000754391134251, 0.000509680074174, 0.000385393563192, 0.000359064928489, 0.00050783297047, 0.000285304238787, 0.000363890780136, 0.0007202126435, 0.000324070511851, 0.000687399995513, 0.000816404703073, 0.000173023727257, 0.00040382926818, 0.000212646074942, 0.000101325771539, 0.000312168005621, 0.000197839777684, 0.000203961884836, 0.000486438890221, 0.000878679566085, 0.000794707040768, 0.000235573563259, 0.000147304133861, 0.000265307258815, 0.000240158464294, 0.000540725130122, 0.000248919095611, 0.000482036150061, 0.000358637946192, 0.00031823394238, 0.00024745776318, 0.000441333162598, 0.00050489383284, 0.000162055817782, 0.00020207365742, 0.0001418669126, 0.00026496782084, 0.000216781845666, 0.000230008270591, 0.000220407120651, 0.000361770420568, 0.000138620976941, 0.000256483297562, 0.00012451026123, 0.000118804775411, 0.000217299108044, 0.000114089685667, 0.000232734513702, 0.000162179785548, 0.000118334486615, 0.00013708860206, 7.99983390607e-05, 4.23407982453e-05, 5.07006116095e-05, 3.83332189813e-05, 4.88355435664e-05, 5.36579282198e-05, 3.28568094119e-05, 2.26332558668e-05, 3.1171086448e-05, 3.62952378055e-05, 2.49780568993e-05, 2.88361916319e-05, 4.68719554192e-05, 2.79807518382e-05, 5.31335317646e-05, 6.37983903289e-05, 6.42317245365e-05, 8.01507121651e-05, 8.03201110102e-05, 7.36884103389e-05, 3.97905059799e-05, 2.45552273554e-05, 9.19734884519e-06, 5.30746365257e-06, 1.91806202565e-06, 1.72444083546e-06, 2.49558797805e-06, 1.94578387891e-06, 1.72873262727e-06, 1.55981263106e-06, 5.61399474464e-07, 4.28195590985e-07, 1.18451445985e-07, 4.50342341196e-08, 1.80768342517e-08, 3.26223409397e-10, 3.31151703281e-11, 3.11971490308e-11, 2.99263148984e-11, 2.93442006805e-11],
        "mean": [2.83363478957e-05, 0.000318336533383, 0.00106295733713, 0.00155526853632, 0.00128191150725, 0.000616840668954, 0.000341260980349, 0.000345519423718, 0.000385233142879, 0.000333209492965, 0.000274946301943, 0.000184229807928, 0.00014424957044, 0.0001997952495, 9.52863265411e-05, 4.81130336993e-05, 5.49064752704e-05, 7.40513132769e-05, 6.51694499538e-05, 7.29081584723e-05, 6.85459453962e-05, 0.000109201224404, 0.000108297987026, 0.000124730504467, 0.000175386216142, 0.000188646852621, 0.000319816259434, 0.000315420911647, 0.000267185765551, 0.000257159234025, 0.000232515012613, 0.000170600091224, 0.000100642224425, 0.000102592282929, 8.96338751772e-05, 5.73314064241e-05, 5.10999234393e-05, 3.47879176843e-05, 4.16060720454e-05, 3.93036025343e-05, 3.04341047013e-05, 3.57796816388e-05, 3.0016679375e-05, 2.90717252938e-05, 3.36108460033e-05, 2.5504239602e-05, 2.60461820289e-05, 1.93399719137e-05, 1.96089840756e-05, 2.23520946747e-05, 1.57525846589e-05, 1.40878773891e-05, 2.07314533327e-05, 1.95458178496e-05, 1.87568348338e-05, 2.08593810385e-05, 2.68490603048e-05, 2.47286316153e-05, 1.62882606674e-05, 1.15580451165e-05, 1.44466439451e-05, 1.84356613318e-05, 3.22518753819e-05, 2.38759184867e-05, 2.34475919569e-05, 2.08548990486e-05, 2.75731745205e-05, 1.3533857782e-05, 2.4650400519e-05, 2.19474713958e-05, 1.38685099955e-05, 1.30746202558e-05, 1.19127562357e-05, 2.02750197786e-05, 1.25643155116e-05, 1.26884478959e-05, 1.44777923197e-05, 1.92033294297e-05, 1.34942874865e-05, 1.40656748044e-05, 1.080660968e-05, 1.00214001577e-05, 1.22196970551e-05, 8.26161794976e-06, 1.10372666313e-05, 7.62267700338e-06, 6.26305654805e-06, 7.86414602771e-06, 6.40818552711e-06, 3.84449049307e-06, 3.67690586245e-06, 3.31438786816e-06, 3.44762838722e-06, 2.84788347926e-06, 2.21025061364e-06, 1.84555347005e-06, 1.85021519883e-06, 1.70023020019e-06, 1.62591936714e-06, 1.52813095156e-06, 1.68766962361e-06, 1.81255825282e-06, 2.40537679019e-06, 2.26333395403e-06, 2.12861868931e-06, 1.83290933364e-06, 1.76046717115e-06, 1.42770079492e-06, 7.93257754594e-07, 4.90762545269e-07, 2.71482406333e-07, 1.25620076119e-07, 7.4906132852e-08, 6.21098266151e-08, 5.93549138728e-08, 3.65408219238e-08, 3.24876729962e-08, 2.33815455886e-08, 1.12166764765e-08, 6.10394979006e-09, 1.71223790701e-09, 1.56262072726e-10, 5.20705076279e-11, 3.38543082457e-12, 2.26514401853e-12, 2.14120583243e-12, 2.06891751994e-12, 2.0478555917e-12],
        "min": [1.22995760797e-24, 6.70809300565e-25, 4.13133802331e-25, 1.3282294622e-24, 2.17704961407e-24, 1.52562780284e-24, 6.37961576206e-25, 1.99398536911e-24, 4.26589314045e-24, 1.38630490901e-24, 4.94716811073e-25, 1.205229481e-24, 3.01345615212e-24, 2.54614895415e-24, 7.40320716001e-25, 6.69351870182e-24, 1.93373730077e-24, 1.37318487025e-24, 1.08858170363e-24, 2.18541863941e-24, 2.47330139664e-24, 3.66036824277e-24, 7.84939635433e-24, 3.19560472678e-24, 4.32406413803e-24, 1.39878034979e-24, 4.36466799211e-24, 2.42708282507e-24, 2.3307106465e-24, 5.48933751836e-24, 8.71769870815e-24, 3.23779517736e-24, 4.29049771208e-24, 1.54474209979e-24, 2.34538365656e-24, 3.21586089989e-24, 1.4629123748e-24, 5.19719077072e-24, 6.74765664802e-24, 2.17727700322e-24, 2.71954866694e-24, 6.282757941e-25, 3.07618203257e-24, 3.34698299298e-24, 2.74947903576e-24, 3.22422499486e-24, 2.41703589258e-24, 5.11267536878e-24, 7.7119231421e-24, 4.2826268524e-24, 4.34388150726e-24, 4.12725359737e-24, 4.71196676665e-24, 5.1610822405e-24, 5.61529336137e-24, 5.56097831589e-24, 3.22336848913e-24, 4.57974263488e-24, 6.9092761037e-24, 3.52060654505e-24, 5.23931673192e-24, 4.36862531284e-24, 3.51351429108e-24, 2.55555473994e-24, 2.65200146586e-24, 3.71562676589e-24, 2.42547335161e-24, 2.5376529222e-24, 5.04327414735e-24, 6.26745058817e-24, 6.93076861906e-24, 6.43838018026e-24, 2.21882433495e-24, 3.73757248184e-24, 6.43271655339e-24, 3.81712239881e-24, 4.24015734228e-24, 2.26477153837e-24, 3.65092833874e-24, 6.76888726156e-24, 3.60115634322e-24, 4.78579546991e-24, 9.21038257537e-24, 7.66994785334e-24, 6.01894835898e-24, 6.87865410108e-24, 8.73819646992e-24, 8.50528134334e-24, 5.14802580366e-24, 6.32442330604e-24, 3.2873238093e-24, 7.15422214794e-24, 6.49365014186e-24, 6.1001671112e-24, 6.43352631911e-24, 7.63877207036e-24, 6.06843952002e-24, 5.38406363612e-24, 8.55726333269e-24, 8.03239551827e-24, 6.27954461471e-24, 5.14745821824e-24, 8.310005926e-24, 4.55331263911e-24, 6.40220025813e-24, 3.90230912139e-24, 6.56471862081e-24, 7.30675155941e-24, 6.20480832698e-24, 6.89960388014e-24, 8.00082136053e-24, 7.82782495288e-24, 8.03922232054e-24, 7.81232383609e-24, 4.88454231701e-24, 6.81110473063e-24, 7.22890124325e-24, 8.66513532832e-24, 6.98849746011e-24, 8.28010494225e-24, 7.45225537565e-24, 8.09866772291e-24, 6.98511955771e-24, 7.17784222116e-24, 6.78673918385e-24, 7.22603531158e-24, 7.91472665906e-24, 8.05745920695e-24],
        "stdev": [0.000151348445797, 0.00134474656079, 0.00464302487671, 0.00486804172397, 0.00271614757366, 0.00134649442043, 0.000697685813066, 0.000679967401084, 0.000803912815172, 0.000918287201785, 0.000950819870923, 0.000592179305386, 0.000352806353476, 0.000469112390419, 0.000230709134485, 0.000125482707517, 0.000124031532323, 0.000191316008568, 0.00015336087381, 0.000208606288652, 0.000174215398147, 0.000182853080332, 0.000153244720423, 0.000173660926521, 0.000252941215876, 0.00031100778142, 0.000514650717378, 0.000413824047428, 0.000488772580866, 0.000405277591199, 0.000416839000536, 0.00037510227412, 0.000169026912772, 0.000181809373316, 0.000149970655912, 0.000111901812488, 0.000103387603303, 6.815802044e-05, 7.00942764524e-05, 5.47496892978e-05, 4.53392822237e-05, 5.22677146364e-05, 3.78734694095e-05, 3.86346546293e-05, 6.03034350206e-05, 3.83511323889e-05, 5.69805706618e-05, 4.8471181799e-05, 2.45321953116e-05, 3.98468255298e-05, 2.19162666326e-05, 1.69978738995e-05, 3.88325170206e-05, 2.4362187105e-05, 2.74442591035e-05, 4.47889287898e-05, 6.61567755742e-05, 4.82098075736e-05, 2.41984034801e-05, 1.67868529388e-05, 2.97842980217e-05, 2.9835910027e-05, 5.78294857405e-05, 4.01016259275e-05, 4.97190121678e-05, 3.82453908969e-05, 5.11444814038e-05, 2.80383992504e-05, 5.46861665498e-05, 4.75739652757e-05, 2.40104182012e-05, 2.28889475693e-05, 2.09580830415e-05, 3.70848465536e-05, 2.44348975684e-05, 2.6315166906e-05, 2.74719714071e-05, 3.88543630834e-05, 2.38108332269e-05, 2.72712586593e-05, 1.88480335055e-05, 1.88090798474e-05, 2.37455515162e-05, 1.63341883308e-05, 2.65040616796e-05, 1.70842013176e-05, 1.20780005091e-05, 1.45590520333e-05, 1.11000426841e-05, 6.60779960526e-06, 6.35585229247e-06, 5.84911913393e-06, 6.87918418407e-06, 5.87654585615e-06, 4.42500231657e-06, 3.32465947395e-06, 3.62450396096e-06, 3.32153467753e-06, 3.0519468055e-06, 3.03555179926e-06, 3.752899147e-06, 3.76879461328e-06, 6.02312866249e-06, 6.09315338806e-06, 6.52885955787e-06, 6.90478145771e-06, 6.75348428558e-06, 5.29679527972e-06, 2.67702557721e-06, 1.61819696132e-06, 8.00939005785e-07, 3.85110951129e-07, 2.16633665673e-07, 1.7427964849e-07, 2.04315256269e-07, 1.33540353886e-07, 1.28026030666e-07, 1.09074171917e-07, 4.94189009714e-08, 3.01218321397e-08, 9.7937471466e-09, 2.06552286386e-09, 8.07702904559e-10, 1.61329075099e-11, 4.08434570887e-12, 4.00836438694e-12, 3.95527924649e-12, 3.92497015791e-12]
    },
    "mfcc": {
        "mean": [-682.327758789, 74.0637130737, -52.4651527405, -14.2919530869, -32.9372749329, -11.183930397, -11.0266199112, 4.28882265091, -1.48158180714, -2.27382683754, -5.06140804291, -6.71792554855, -7.61751413345],
        "cov": [[14788.7705078, -202.66645813, 3796.32299805, 3320.1550293, 1453.56542969, 1063.68249512, 1021.87316895, 436.067321777, 329.174041748, 187.679153442, 232.543930054, -13.8396577835, 173.277267456], [-202.66645813, 627.888000488, -832.71875, -536.609008789, -302.16973877, -207.63053894, -106.585372925, 24.6639575958, -1.61112201214, 2.52697038651, -14.1440124512, -3.21112966537, -64.3416061401], [3796.32299805, -832.71875, 2955.95239258, 2275.03051758, 1195.9041748, 803.304260254, 616.561584473, 90.9664535522, 94.8578033447, 97.9489822388, 122.409950256, 39.3176116943, 222.208236694], [3320.1550293, -536.609008789, 2275.03051758, 1897.73254395, 970.348022461, 635.651611328, 500.5730896, 97.002494812, 88.166885376, 80.5537261963, 108.099395752, 38.2015304565, 163.365386963], [1453.56542969, -302.16973877, 1195.9041748, 970.348022461, 596.100280762, 337.20614624, 264.180603027, 54.024105072, 59.7447853088, 46.9833145142, 57.4916954041, 29.6059131622, 95.7048721313], [1063.68249512, -207.63053894, 803.304260254, 635.651611328, 337.20614624, 282.048736572, 197.057907104, 35.1285934448, 27.0802497864, 38.9125823975, 31.3391742706, 10.7718572617, 69.737121582], [1021.87316895, -106.585372925, 616.561584473, 500.5730896, 264.180603027, 197.057907104, 218.057907104, 66.5063934326, 40.8967895508, 39.8725700378, 41.0009880066, 12.3492774963, 52.4231796265], [436.067321777, 24.6639575958, 90.9664535522, 97.002494812, 54.024105072, 35.1285934448, 66.5063934326, 73.3556747437, 34.8006820679, 9.75315570831, 15.088186264, 8.81700325012, 0.813543736935], [329.174041748, -1.61112201214, 94.8578033447, 88.166885376, 59.7447853088, 27.0802497864, 40.8967895508, 34.8006820679, 63.0163917542, 20.914018631, 15.8109502792, 6.5397901535, 5.03423690796], [187.679153442, 2.52697038651, 97.9489822388, 80.5537261963, 46.9833145142, 38.9125823975, 39.8725700378, 9.75315570831, 20.914018631, 58.7326087952, 22.9295387268, -1.68385493755, 16.14087677], [232.543930054, -14.1440124512, 122.409950256, 108.099395752, 57.4916954041, 31.3391742706, 41.0009880066, 15.088186264, 15.8109502792, 22.9295387268, 51.5789604187, 17.0486679077, 10.398932457], [-13.8396577835, -3.21112966537, 39.3176116943, 38.2015304565, 29.6059131622, 10.7718572617, 12.3492774963, 8.81700325012, 6.5397901535, -1.68385493755, 17.0486679077, 44.9074478149, 14.4607667923], [173.277267456, -64.3416061401, 222.208236694, 163.365386963, 95.7048721313, 69.737121582, 52.4231796265, 0.813543736935, 5.03423690796, 16.14087677, 10.398932457, 14.4607667923, 56.9576454163]],
        "icov": [[0.000162523734616, -0.000259327352978, -0.000223832568736, -0.000297284219414, 0.000411001208704, -8.58370549395e-06, 0.000102613448689, -0.000466637400677, -0.000347014341969, 0.000110787324957, -0.000125138569274, 0.000343073334079, 0.000105679013359], [-0.000259327352978, 0.0039623756893, 0.00320135918446, -0.00176593079232, -0.000470981845865, 0.00076196383452, -0.00190891046077, 3.47444401996e-05, 0.000937055156101, -0.00172656727955, 0.000718086841516, -0.000913182506338, -3.73143666366e-05], [-0.000223832568736, 0.00320135918446, 0.00828514434397, -0.00627193320543, -0.00192208611406, -0.00177656335291, -0.00303449691273, 0.00293476739898, 0.000540662324056, 5.15966439707e-06, 0.000163732518558, 0.00074417819269, -0.00214858050458], [-0.000297284219414, -0.00176593079232, -0.00627193320543, 0.0108269834891, -0.00439070677385, -0.00216912734322, 0.000238532622461, -0.000234754377743, 0.000806603115052, 0.00131191813853, -0.00194121897221, -0.000581324158702, 0.00220048613846], [0.000411001208704, -0.000470981845865, -0.00192208611406, -0.00439070677385, 0.0125476261601, -0.00105579837691, 0.00062898179749, -0.00135372509249, -0.00405736174434, 4.32146916864e-05, 0.000332354131388, -0.0015069800429, -0.00137253606226], [-8.58370549395e-06, 0.00076196383452, -0.00177656335291, -0.00216912734322, -0.00105579837691, 0.0208834074438, -0.00731151364744, 0.000662092585117, 0.00264714169316, -0.00432394817472, 0.00496250716969, -0.000502729380969, -0.00282276119106], [0.000102613448689, -0.00190891046077, -0.00303449691273, 0.000238532622461, 0.00062898179749, -0.00731151364744, 0.0231216810644, -0.0138780847192, 0.000601783278398, -0.00192956882529, -0.00432344339788, 0.00280151003972, -0.00393015611917], [-0.000466637400677, 3.47444401996e-05, 0.00293476739898, -0.000234754377743, -0.00135372509249, 0.000662092585117, -0.0138780847192, 0.0309718940407, -0.0100610954687, 0.00360269192606, 0.000570456846617, -0.00438249390572, 0.00535446684808], [-0.000347014341969, 0.000937055156101, 0.000540662324056, 0.000806603115052, -0.00405736174434, 0.00264714169316, 0.000601783278398, -0.0100610954687, 0.0263756681234, -0.00801746267825, 8.85590779944e-05, -0.00193507398944, 0.00127362925559], [0.000110787324957, -0.00172656727955, 5.15966439707e-06, 0.00131191813853, 4.32146916864e-05, -0.00432394817472, -0.00192956882529, 0.00360269192606, -0.00801746267825, 0.028097525239, -0.0122559266165, 0.00852646771818, -0.00630531925708], [-0.000125138569274, 0.000718086841516, 0.000163732518558, -0.00194121897221, 0.000332354131388, 0.00496250716969, -0.00432344339788, 0.000570456846617, 8.85590779944e-05, -0.0122559266165, 0.032577931881, -0.013031466864, 0.00428357487544], [0.000343073334079, -0.000913182506338, 0.00074417819269, -0.000581324158702, -0.0015069800429, -0.000502729380969, 0.00280151003972, -0.00438249390572, -0.00193507398944, 0.00852646771818, -0.013031466864, 0.0323704257607, -0.0107638239861], [0.000105679013359, -3.73143666366e-05, -0.00214858050458, 0.00220048613846, -0.00137253606226, -0.00282276119106, -0.00393015611917, 0.00535446684808, 0.00127362925559, -0.00630531925708, 0.00428357487544, -0.0107638239861, 0.0321921892464]]
    },
    "spectral_contrast_coeffs": {
        "max": [-0.533932030201, -0.608169078827, -0.623442649841, -0.721582949162, -0.688435912132, -0.637711286545],
        "mean": [-0.722714781761, -0.797157824039, -0.776253342628, -0.827424108982, -0.796434521675, -0.74836653471],
        "min": [-0.969779789448, -0.977037787437, -0.959237039089, -0.965475738049, -0.962987542152, -0.961851596832],
        "stdev": [0.0571435652673, 0.0586162358522, 0.0555275194347, 0.0366480275989, 0.0410108193755, 0.0418771244586]
    },
    "spectral_contrast_valleys": {
        "max": [-5.10515069962, -4.72374153137, -5.45644044876, -5.81286287308, -5.41109895706, -7.8603758812],
        "mean": [-9.16117477417, -7.19870519638, -7.10962104797, -7.51902008057, -7.62245035172, -10.5023059845],
        "min": [-27.6631832123, -28.2157058716, -27.8843135834, -27.6884269714, -27.3101177216, -27.2765293121],
        "stdev": [2.93072009087, 2.23156428337, 2.27438879013, 2.18699669838, 2.28738546371, 2.2184035778]
    }
},
"rhythm": {
    "beats_count": 33,
    "beats_loudness": {
        "max": 0.0562349446118,
        "mean": 0.0177638884634,
        "min": 0.000211308521102,
        "stdev": 0.014267290011
    },
    "bpm": 150.448104858,
    "bpm_histogram_first_peak_bpm": 152,
    "bpm_histogram_first_peak_weight": 0.357142865658,
    "bpm_histogram_second_peak_bpm": 178,
    "bpm_histogram_second_peak_spread": 0,
    "bpm_histogram_second_peak_weight": 0.21875,
    "danceability": 0.7460501194,
    "onset_rate": 2.35121417046,
    "beats_loudness_band_ratio": {
        "max": [0.497531563044, 0.445682108402, 0.493024408817, 0.798580527306, 0.270269930363, 0.644244790077],
        "mean": [0.10930351913, 0.0795586630702, 0.222136959434, 0.374229371548, 0.116838656366, 0.143467307091],
        "min": [2.35359366343e-05, 0.00188387243543, 0.0281631834805, 0.0253181010485, 0.0451071672142, 0.00537605443969],
        "stdev": [0.16053994, 0.11650968343, 0.153230294585, 0.239382743835, 0.0638237819076, 0.165228337049]
    },
    "beats_position": [0.325079351664, 0.66176867485, 0.99845802784, 1.33514738083, 1.67183673382, 2.00852608681, 2.33360528946, 2.67029476166, 3.00698399544, 3.33206343651, 3.65714287758, 3.98222208023, 4.3073015213, 4.72526073456, 5.13160991669, 5.54956912994, 5.9675283432, 6.38548755646, 6.81505680084, 7.24462556839, 7.65097475052, 8.04571437836, 8.44045352936, 8.84680271149, 9.24154186249, 9.63628101349, 10.0310201645, 10.4257593155, 10.8204984665, 11.2268476486, 11.6215867996, 12.0163259506, 12.4226751328],
