{
"metadata": {
    "version": {
        "essentia": "2.1-beta5",
        "essentia_git_sha": "Undefined",
        "extractor": "music 2.0"
    },
    "audio_properties": {
        "analysis": {
            "equal_loudness": 0,
            "length": 51.4322013855,
            "sample_rate": 44100,
            "start_time": 142.744674683,
            "downmix": "mix"
        },
        "bit_rate": 192000,
        "length": 194.20010376,
        "lossless": 0,
        "number_channels": 2,
        "replay_gain": -9.2151260376,
        "sample_rate": 48000,
        "codec": "mp3",
        "md5_encoded": "c610b72c39cbdbb84eff924131961094"
    },
    "tags": {
        "file_name": "Azerbaijan_Day After Day_Elnur _ Samir.mp3",
        "encoding": ["Lavf58.29.100"]
    }
},
"lowlevel": {
    "average_loudness": 0.923714756966,
    "barkbands_crest": {
        "max": 21.8584842682,
        "mean": 8.23914146423,
        "min": 2.72884082794,
        "stdev": 3.12528204918
    },
    "barkbands_flatness_db": {
        "max": 0.292979359627,
        "mean": 0.0971738994122,
        "min": 0.025547163561,
        "stdev": 0.0452449917793
    },
    "barkbands_kurtosis": {
        "max": 22.4571323395,
        "mean": -0.132425531745,
        "min": -1.79964005947,
        "stdev": 1.49104523659
    },
    "barkbands_skewness": {
        "max": 4.63580799103,
        "mean": 0.584948003292,
        "min": -1.67657256126,
        "stdev": 0.588113546371
    },
    "barkbands_spread": {
        "max": 82.5013580322,
        "mean": 35.0728683472,
        "min": 3.39977741241,
        "stdev": 14.8294963837
    },
    "dissonance": {
        "max": 0.5,
        "mean": 0.483079046011,
        "min": 0.413393199444,
        "stdev": 0.013883751817
    },
    "dynamic_complexity": 2.76642298698,
    "erbbands_crest": {
        "max": 24.9476318359,
        "mean": 8.06520462036,
        "min": 2.54342865944,
        "stdev": 3.42771434784
    },
    "erbbands_flatness_db": {
        "max": 0.364736527205,
        "mean": 0.16098152101,
        "min": 0.0607848316431,
        "stdev": 0.0564757175744
    },
    "erbbands_kurtosis": {
        "max": 6.35019683838,
        "mean": 0.0757118463516,
        "min": -1.52809524536,
        "stdev": 1.00324594975
    },
    "erbbands_skewness": {
        "max": 2.29172110558,
        "mean": 0.126195967197,
        "min": -1.94546711445,
        "stdev": 0.594210445881
    },
    "erbbands_spread": {
        "max": 73.5898513794,
        "mean": 31.1127128601,
        "min": 7.06137132645,
        "stdev": 10.553393364
    },
    "hfc": {
        "max": 111.841720581,
        "mean": 40.2187461853,
        "min": 0.00035441032378,
        "stdev": 23.4447441101
    },
    "loudness_ebu128": {
        "integrated": -12.7693920135,
        "loudness_range": 6.46356964111,
        "momentary": {
            "max": -10.544708252,
            "mean": -13.927564621,
            "min": -38.9201507568,
            "stdev": 3.83722734451
        },
        "short_term": {
            "max": -10.9613084793,
            "mean": -13.4746856689,
            "min": -24.8887405396,
            "stdev": 2.77816724777
        }
    },
    "melbands_crest": {
        "max": 30.2915401459,
        "mean": 12.6415376663,
        "min": 4.28265142441,
        "stdev": 4.58189535141
    },
    "melbands_flatness_db": {
        "max": 0.294593632221,
        "mean": 0.131130307913,
        "min": 0.0291979834437,
        "stdev": 0.0393839478493
    },
    "melbands_kurtosis": {
        "max": 78.383392334,
        "mean": 3.31561899185,
        "min": -1.62538790703,
        "stdev": 4.37278747559
    },
    "melbands_skewness": {
        "max": 7.916908741,
        "mean": 1.56932663918,
        "min": -0.210026532412,
        "stdev": 0.852736532688
    },
    "melbands_spread": {
        "max": 162.870986938,
        "mean": 43.2968177795,
        "min": 4.37242078781,
        "stdev": 19.5454597473
    },
    "pitch_salience": {
        "max": 0.879622101784,
        "mean": 0.576368510723,
        "min": 0.260215312243,
        "stdev": 0.104758903384
    },
    "silence_rate_20dB": {
        "max": 1,
        "mean": 1,
        "min": 1,
        "stdev": 0
    },
    "silence_rate_30dB": {
        "max": 1,
        "mean": 1,
        "min": 1,
        "stdev": 0
    },
    "silence_rate_60dB": {
        "max": 1,
        "mean": 0.0974729210138,
        "min": 0,
        "stdev": 0.296600610018
    },
    "spectral_centroid": {
        "max": 3844.81958008,
        "mean": 2267.67773438,
        "min": 980.758605957,
        "stdev": 470.617401123
    },
    "spectral_complexity": {
        "max": 59,
        "mean": 32.827167511,
        "min": 0,
        "stdev": 11.9769859314
    },
    "spectral_decrease": {
        "max": -5.97847780396e-14,
        "mean": -7.02141234044e-09,
        "min": -2.35803323534e-08,
        "stdev": 4.03413213945e-09
    },
    "spectral_energy": {
        "max": 0.0944249629974,
        "mean": 0.0301483683288,
        "min": 2.5778783197e-07,
        "stdev": 0.0168459136039
    },
    "spectral_energyband_high": {
        "max": 0.0110452622175,
        "mean": 0.00271958531812,
        "min": 8.30853519318e-09,
        "stdev": 0.0020315751899
    },
    "spectral_energyband_low": {
        "max": 0.0649999380112,
        "mean": 0.00992190744728,
        "min": 5.79890913066e-10,
        "stdev": 0.00961138587445
    },
    "spectral_energyband_middle_high": {
        "max": 0.0490314699709,
        "mean": 0.0120971938595,
        "min": 1.76301355737e-07,
        "stdev": 0.00789202470332
    },
    "spectral_energyband_middle_low": {
        "max": 0.044619590044,
        "mean": 0.00611650571227,
        "min": 8.30508000149e-08,
        "stdev": 0.0057976776734
    },
    "spectral_entropy": {
        "max": 8.45376777649,
        "mean": 7.94752550125,
        "min": 7.15192317963,
        "stdev": 0.206524655223
    },
    "spectral_flux": {
        "max": 0.238935917616,
        "mean": 0.0996436104178,
        "min": 0.00101393566001,
        "stdev": 0.0426592975855
    },
    "spectral_kurtosis": {
        "max": 14.5683841705,
        "mean": 3.33426904678,
        "min": 0.541296720505,
        "stdev": 1.81643104553
    },
    "spectral_rms": {
        "max": 0.00959801673889,
        "mean": 0.0051043392159,
        "min": 1.58587608894e-05,
        "stdev": 0.00183270184789
    },
    "spectral_rolloff": {
        "max": 8850.14648438,
        "mean": 2702.67431641,
        "min": 107.666015625,
        "stdev": 1082.21508789
    },
    "spectral_skewness": {
        "max": 2.84949040413,
        "mean": 1.21525788307,
        "min": 0.412287861109,
        "stdev": 0.351677894592
    },
    "spectral_spread": {
        "max": 12314102,
        "mean": 4223666,
        "min": 2122730.5,
        "stdev": 917093.6875
    },
    "spectral_strongpeak": {
        "max": 13.8858032227,
        "mean": 1.0804322958,
        "min": 0.00127676432021,
        "stdev": 1.44409430027
    },
    "zerocrossingrate": {
        "max": 0.216796875,
        "mean": 0.0882138684392,
        "min": 0.02685546875,
        "stdev": 0.0250405557454
    },
    "barkbands": {
        "max": [0.00255252560601, 0.0609674677253, 0.0191249661148, 0.00750794261694, 0.0185731034726, 0.0106779709458, 0.0144668314606, 0.0267282966524, 0.0296720694751, 0.0408163070679, 0.0193835347891, 0.0268749147654, 0.0169769432396, 0.0131642092019, 0.0139955272898, 0.00820125732571, 0.01215480268, 0.0049165636301, 0.00654416251928, 0.00376892066561, 0.00565678114071, 0.00550104491413, 0.00201602117158, 0.00117442174815, 0.00130415987223, 0.00078296783613, 0.000155945002916],
        "mean": [0.000163557051565, 0.0073406281881, 0.00205147033557, 0.000675680697896, 0.00139876129106, 0.000554029073101, 0.000423584599048, 0.000645477965008, 0.00176777737215, 0.00198361324146, 0.00197866349481, 0.0015750679886, 0.0010858415626, 0.00101446546614, 0.00119596533477, 0.000875251134858, 0.000889787101187, 0.000728680635802, 0.000647561158985, 0.00083463214105, 0.000822037807666, 0.000881746585947, 0.000234027815168, 0.000162214011652, 0.000144736070069, 6.39025529381e-05, 9.21466107684e-06],
        "min": [2.01224020085e-12, 2.37462514929e-11, 2.30879496077e-10, 3.00733993264e-10, 2.66004840377e-09, 4.68708538648e-09, 9.56428358734e-09, 1.57066608608e-08, 3.07132062005e-08, 7.07877063633e-08, 8.75890915353e-09, 1.82988735276e-08, 3.90464549582e-09, 3.11590611091e-08, 2.4907487628e-08, 7.32695992767e-09, 2.76990497206e-09, 1.495479518e-09, 1.29448487485e-08, 4.71407890501e-09, 2.2910591202e-09, 1.11421050164e-09, 1.3297942747e-09, 7.44561912125e-10, 2.75270223282e-10, 1.66220592845e-10, 2.57494268963e-11],
        "stdev": [0.000299890234601, 0.00852496176958, 0.00231799017638, 0.000818936736323, 0.00205436837859, 0.0006859418354, 0.000677601259667, 0.00182678783312, 0.00356931821443, 0.00358981848694, 0.00294870440848, 0.00254868995398, 0.00193124637008, 0.00176332728006, 0.00149486807641, 0.00089220632799, 0.000844656431582, 0.00061015895335, 0.000533652491868, 0.000554815866053, 0.000789529934991, 0.000818592379801, 0.000222386122914, 0.000174004089786, 0.000199021204025, 0.000116102979518, 2.03070394491e-05]
    },
    "erbbands": {
        "max": [2.53025603294, 12.2461614609, 23.3923149109, 22.4749660492, 33.3819656372, 87.5229644775, 45.4126319885, 115.594100952, 211.89074707, 243.972137451, 677.126647949, 740.382263184, 1650.61938477, 1160.61547852, 931.475952148, 641.611877441, 666.495544434, 417.256011963, 829.462890625, 526.562683105, 310.056091309, 753.654724121, 301.862548828, 273.108642578, 445.660644531, 179.189788818, 235.977508545, 323.55947876, 244.47227478, 117.36517334, 68.8537521362, 36.6488037109, 21.7527770996, 17.1581726074, 8.8477306366, 4.0079407692, 1.78814911842, 0.258211910725, 0.0354113318026, 0.000933071598411],
        "mean": [0.206421911716, 1.6390055418, 2.73094034195, 2.29686617851, 3.41951036453, 5.26017808914, 3.69927549362, 5.00529384613, 5.52483463287, 8.93180274963, 16.1805858612, 39.394329071, 59.7118835449, 75.9297027588, 78.7998046875, 56.102016449, 50.1661148071, 42.687210083, 62.0287818909, 59.2966003418, 50.1521644592, 51.1382484436, 41.128326416, 35.0004272461, 35.0243377686, 39.0935630798, 30.9366474152, 36.0809707642, 34.5979576111, 14.666472435, 6.32042169571, 3.57094526291, 2.70803117752, 1.85512506962, 0.890952169895, 0.337393462658, 0.107958652079, 0.017092840746, 0.00183132861275, 8.72741366038e-05],
        "min": [1.04543740331e-09, 1.39151641321e-08, 1.54427326038e-07, 8.03483885647e-07, 1.27281452933e-06, 8.28758402349e-06, 3.45510015904e-05, 3.85573584936e-05, 8.99554579519e-05, 0.000271596683888, 0.000471263861982, 0.000651072943583, 0.00167364336085, 0.00149462406989, 0.000620648206677, 0.000561870809179, 0.000302893138723, 0.00167709647212, 0.00111822306644, 0.000882655440364, 0.000383004080504, 0.000144749137689, 0.000118654788821, 0.000243282629526, 0.000732867105398, 0.000273284502327, 0.00010287942132, 9.4325041573e-05, 3.83304432034e-05, 5.36374864168e-05, 2.95396512229e-05, 2.43931790465e-05, 7.19171794117e-06, 3.5277025745e-06, 1.65790038409e-06, 8.81808148279e-07, 2.40056436951e-07, 5.64838238404e-08, 7.46498596271e-09, 1.1909202513e-09],
        "stdev": [0.312288850546, 1.77109920979, 2.79840445518, 2.44119119644, 4.23670959473, 9.25762939453, 4.2683262825, 7.27794742584, 9.98642730713, 15.8734893799, 44.8093414307, 83.8862609863, 119.907089233, 104.410095215, 113.182403564, 75.8466110229, 81.6551132202, 50.6987037659, 81.0008010864, 68.4141464233, 41.5695037842, 48.2444915771, 33.4678192139, 29.7594947815, 26.6277179718, 26.3570232391, 24.2632884979, 38.7675552368, 32.7025566101, 12.9894189835, 6.1418838501, 3.97097969055, 2.97605633736, 2.42837238312, 1.33021080494, 0.55767583847, 0.216632306576, 0.0345690399408, 0.004028334748, 0.000118035881314]
    },
    "gfcc": {
        "mean": [34.5424461365, 51.4451980591, -149.756546021, 34.166267395, -57.0749282837, 25.1990604401, -24.0039863586, 12.9848680496, -23.5510253906, 3.81292867661, -21.4374046326, 4.54434680939, -7.219165802],
        "cov": [[8174.33251953, 876.914978027, 3077.81567383, 2640.06152344, 1297.52661133, 776.128723145, 454.322357178, 101.674095154, -83.3521347046, 263.22479248, -41.2964019775, 291.456207275, 194.375549316], [876.914978027, 648.969787598, 358.817504883, 542.366821289, 194.854980469, 71.6453552246, 77.8671340942, 1.44490718842, 3.65604972839, 25.382856369, 15.5456295013, -1.34984493256, 50.2861251831], [3077.81567383, 358.817504883, 1619.39782715, 1200.27148438, 623.030639648, 294.009399414, 173.851165771, 129.929611206, -40.844745636, 115.629737854, -39.3066291809, 109.831947327, 65.4244384766], [2640.06152344, 542.366821289, 1200.27148438, 1276.30224609, 521.70300293, 307.781921387, 149.893722534, 28.7744503021, -42.7860298157, 97.1285552979, 26.3975200653, 99.6474609375, 73.8464508057], [1297.52661133, 194.854980469, 623.030639648, 521.70300293, 360.474487305, 161.931167603, 123.888420105, 58.3443031311, 3.06388783455, 58.8465080261, -10.5494222641, 56.0261764526, 40.1824607849], [776.128723145, 71.6453552246, 294.009399414, 307.781921387, 161.931167603, 188.95274353, 111.8671875, 19.7965145111, -12.5623035431, 23.3646373749, 10.7403440475, 48.4688453674, 37.809627533], [454.322357178, 77.8671340942, 173.851165771, 149.893722534, 123.888420105, 111.8671875, 164.245880127, 58.1404151917, 29.0341033936, 23.887462616, -11.0447816849, 28.8183193207, 34.3776741028], [101.674095154, 1.44490718842, 129.929611206, 28.7744503021, 58.3443031311, 19.7965145111, 58.1404151917, 125.076408386, 55.9364471436, 16.0314750671, -27.900100708, -14.5077953339, 19.251739502], [-83.3521347046, 3.65604972839, -40.844745636, -42.7860298157, 3.06388783455, -12.5623035431, 29.0341033936, 55.9364471436, 87.1283111572, 30.9216518402, -8.24935531616, -14.6507339478, 6.12488126755], [263.22479248, 25.382856369, 115.629737854, 97.1285552979, 58.8465080261, 23.3646373749, 23.887462616, 16.0314750671, 30.9216518402, 66.3522033691, 22.6269454956, 11.6410903931, -3.00728845596], [-41.2964019775, 15.5456295013, -39.3066291809, 26.3975200653, -10.5494222641, 10.7403440475, -11.0447816849, -27.900100708, -8.24935531616, 22.6269454956, 69.310546875, 23.6288967133, -8.43349266052], [291.456207275, -1.34984493256, 109.831947327, 99.6474609375, 56.0261764526, 48.4688453674, 28.8183193207, -14.5077953339, -14.6507339478, 11.6410903931, 23.6288967133, 61.7023277283, 21.6305027008], [194.375549316, 50.2861251831, 65.4244384766, 73.8464508057, 40.1824607849, 37.809627533, 34.3776741028, 19.251739502, 6.12488126755, -3.00728845596, -8.43349266052, 21.6305027008, 64.1908187866]],
        "icov": [[0.000633557443507, -2.60019478446e-05, -0.000849048432428, -0.000291372154607, 2.40936878981e-05, -0.00066591554787, -0.000176975197974, 0.00103430368472, -0.000389501656173, -0.000593847536948, 0.000729931693058, -0.000332603434799, -0.000318479636917], [-2.60019478446e-05, 0.00396388676018, 0.00075175188249, -0.00287566962652, -0.000832762336358, 0.00366464722902, -0.00290961633436, 0.00141696014907, -0.000582985638175, 0.00185468175914, -0.00250771245919, 0.00450082588941, -0.00269204447977], [-0.000849048432428, 0.00075175188249, 0.00603430112824, -0.00321836327203, -0.00263994419947, 0.00222117267549, 0.00118031806778, -0.00629027420655, 0.00526797585189, -0.00319307926111, 0.00392777752131, -0.00328273908235, 0.00210293824784], [-0.000291372154607, -0.00287566962652, -0.00321836327203, 0.00672268448398, -0.000881691055838, -0.00476932851598, 0.00253253336996, 0.00226213387214, -0.00159832078498, 0.000527989934199, -0.00267455796711, 0.000776482571382, -0.000428047031164], [2.40936878981e-05, -0.000832762336358, -0.00263994419947, -0.000881691055838, 0.0115777421743, -0.0021128738299, -0.00227602082305, -0.000322652747855, -0.000803056173027, -0.0024230373092, 0.00239094533026, -0.00281203538179, 0.00082195783034], [-0.00066591554787, 0.00366464722902, 0.00222117267549, -0.00476932851598, -0.0021128738299, 0.0192370209843, -0.0102394977584, -0.000178961039637, 0.00345548707992, 0.00267654471099, -0.00468387920409, 0.00187719450332, -0.00355462543666], [-0.000176975197974, -0.00290961633436, 0.00118031806778, 0.00253253336996, -0.00227602082305, -0.0102394977584, 0.0170112736523, -0.00579191092402, -0.00139856780879, -0.00287288520485, 0.00528349587694, -0.00708125857636, 0.00186058925465], [0.00103430368472, 0.00141696014907, -0.00629027420655, 0.00226213387214, -0.000322652747855, -0.000178961039637, -0.00579191092402, 0.0228461362422, -0.0137060917914, 0.00541186612099, -0.00364298350178, 0.0105436993763, -0.00634606415406], [-0.000389501656173, -0.000582985638175, 0.00526797585189, -0.00159832078498, -0.000803056173027, 0.00345548707992, -0.00139856780879, -0.0137060917914, 0.0292009301484, -0.0174109283835, 0.00671788165346, -0.00161775643937, -0.000741515541449], [-0.000593847536948, 0.00185468175914, -0.00319307926111, 0.000527989934199, -0.0024230373092, 0.00267654471099, -0.00287288520485, 0.00541186612099, -0.0174109283835, 0.0355401113629, -0.0170821659267, 0.00534459436312, 0.002129125176], [0.000729931693058, -0.00250771245919, 0.00392777752131, -0.00267455796711, 0.00239094533026, -0.00468387920409, 0.00528349587694, -0.00364298350178, 0.00671788165346, -0.0170821659267, 0.0326252244413, -0.0182416830212, 0.00734499935061], [-0.000332603434799, 0.00450082588941, -0.00328273908235, 0.000776482571382, -0.00281203538179, 0.00187719450332, -0.00708125857636, 0.0105436993763, -0.00161775643937, 0.00534459436312, -0.0182416830212, 0.039909735322, -0.0142217315733], [-0.000318479636917, -0.00269204447977, 0.00210293824784, -0.000428047031164, 0.00082195783034, -0.00355462543666, 0.00186058925465, -0.00634606415406, -0.000741515541449, 0.002129125176, 0.00734499935061, -0.0142217315733, 0.0254147872329]]
    },
    "melbands": {
        "max": [0.0197720713913, 0.00993650313467, 0.00327738444321, 0.00424796482548, 0.00174028030597, 0.00267748045735, 0.00283463625237, 0.0031937318854, 0.0057198414579, 0.00533671397716, 0.00823139026761, 0.0049171121791, 0.00288898171857, 0.00341539666988, 0.00189926300664, 0.00120395002887, 0.000952437112574, 0.00134635181166, 0.00092244258849, 0.000763151678257, 0.000387575593777, 0.00107062247116, 0.000312058604322, 0.000278848368907, 0.000259001477389, 0.00025083165383, 0.000240575784119, 0.000128322237288, 0.000226488031331, 0.000122862213175, 0.000276610458968, 0.000197664703592, 9.3403577921e-05, 6.53959796182e-05, 3.83008518838e-05, 3.27064044541e-05, 2.20567580982e-05, 1.60157615028e-05, 1.39247422339e-05, 1.47850314534e-05],
        "mean": [0.00197266205214, 0.00165076251142, 0.000426670449087, 0.000331081071636, 0.000144543824717, 0.00011026217544, 8.65380134201e-05, 0.000108419022581, 0.000130391330458, 0.000274732796242, 0.000295076693874, 0.000299028557492, 0.000272815435892, 0.000187147423276, 0.000135589129059, 9.35062707867e-05, 7.94774459791e-05, 0.00010157484212, 9.41356192925e-05, 6.41797087155e-05, 5.80097439524e-05, 5.64163747185e-05, 4.1199644329e-05, 3.19545542879e-05, 2.79777541436e-05, 2.33468017541e-05, 2.85617898044e-05, 2.49383083428e-05, 2.00910963031e-05, 1.75885925273e-05, 2.18779641727e-05, 2.06973600143e-05, 1.49200232045e-05, 5.58555393582e-06, 3.78435447601e-06, 2.5836138775e-06, 1.99810779122e-06, 2.00280737772e-06, 1.60632930601e-06, 1.55783448008e-06],
        "min": [7.77771857335e-12, 7.69011659907e-11, 1.37911890241e-10, 2.86044937736e-10, 1.06805242428e-09, 9.03456920387e-10, 1.4845831231e-09, 2.9900844023e-09, 4.73352246289e-09, 3.81400733218e-09, 8.70144667431e-09, 6.73384148442e-09, 1.596727639e-09, 2.29504415472e-09, 6.64868160527e-10, 1.07962572216e-09, 3.22094861893e-09, 1.56928237072e-09, 1.60498947466e-09, 8.0869383412e-10, 3.61101426538e-10, 1.34843400335e-10, 1.41744296855e-10, 7.40052949477e-11, 1.54783630357e-10, 7.05674851886e-10, 2.37721425878e-10, 1.64148375448e-10, 6.95247123761e-11, 5.26140277179e-11, 5.08757341811e-11, 2.00274068163e-11, 2.11927263932e-11, 3.28231365698e-11, 1.58875568951e-11, 1.7546436526e-11, 1.29491790554e-11, 4.68366231215e-12, 3.7466267068e-12, 2.63503997268e-12],
        "stdev": [0.00255753938109, 0.0014925574651, 0.00041144611896, 0.000510453362949, 0.000175028835656, 0.000154405133799, 0.000144727469888, 0.000218863526243, 0.000361274200259, 0.000585835776292, 0.000605092151091, 0.000434764719103, 0.000398274685722, 0.000318202830385, 0.000240569861489, 0.000138492090628, 0.000110359767859, 0.000162793032359, 0.000119866672321, 7.73068168201e-05, 5.07791373821e-05, 6.17832411081e-05, 3.84329359804e-05, 2.66477309196e-05, 2.67681862169e-05, 1.96388300537e-05, 2.16052267206e-05, 1.79408125405e-05, 1.65245637618e-05, 1.776407953e-05, 2.52018380706e-05, 2.10355046875e-05, 1.55615471158e-05, 5.42841416973e-06, 3.84199711334e-06, 2.84802422357e-06, 2.36066193793e-06, 2.16207604353e-06, 2.03701893042e-06, 2.14221631722e-06]
    },
    "melbands128": {
        "max": [0.00255250185728, 0.0206310860813, 0.0306293852627, 0.0207985304296, 0.0141186546534, 0.00956400670111, 0.00531379505992, 0.00410063704476, 0.00379859097302, 0.00581515859812, 0.00580610986799, 0.00247258762829, 0.00208134669811, 0.00126931187697, 0.00234676408581, 0.0046441713348, 0.00527975009754, 0.00414630724117, 0.00327592762187, 0.00294754770584, 0.0062939086929, 0.0102483276278, 0.0106384344399, 0.0104092108086, 0.00687319599092, 0.0116302957758, 0.00978799164295, 0.0146211860701, 0.00853622704744, 0.00718913786113, 0.00669202301651, 0.00526052620262, 0.00536288321018, 0.00634377123788, 0.00918482337147, 0.00445000128821, 0.00380836008117, 0.00306542380713, 0.00377134094015, 0.00242787599564, 0.00129091599956, 0.00170089141466, 0.00165126740467, 0.00231708376668, 0.0036636844743, 0.00252306112088, 0.00306112854742, 0.00195450219326, 0.00144776736852, 0.00190068897791, 0.00112778984476, 0.000733670545742, 0.000775797467213, 0.00088517513359, 0.00102931028232, 0.00227566692047, 0.000540207140148, 0.000673390924931, 0.000758367648814, 0.000322032341501, 0.000416202965425, 0.000464435026515, 0.000413727975683, 0.000646931875963, 0.000305228430079, 0.000231820755289, 0.000671626941767, 0.000439069437562, 0.000292997516226, 0.0002663108462, 0.000289885007078, 0.000203677947866, 0.000195798027562, 0.000506315671373, 0.000166747602634, 0.000179260474397, 0.000343596184393, 0.000488068966661, 0.000478002941236, 0.000427021004725, 0.000525577866938, 0.000234496750636, 0.000188396763406, 0.000225987110753, 9.81400880846e-05, 0.000130065338453, 7.61097544455e-05, 4.85644341097e-05, 3.9681995986e-05, 0.000113767600851, 7.64130818425e-05, 4.7852165153e-05, 4.98984991282e-05, 2.47094667429e-05, 2.87210023089e-05, 1.8363516574e-05, 1.94941640075e-05, 2.46320032602e-05, 1.60073395818e-05, 3.03041051666e-05, 2.98059730994e-05, 1.68738879438e-05, 2.57158571912e-05, 1.06426368802e-05, 1.5933841496e-05, 1.01066980278e-05, 1.34254187287e-05, 9.20114780456e-06, 1.13766855065e-05, 5.86589248996e-06, 1.27353250718e-05, 1.53157143359e-05, 3.58678266821e-06, 5.70246174902e-06, 4.27814711657e-06, 2.22398102778e-06, 2.66030019702e-06, 2.26241422752e-06, 2.1398352601e-06, 2.01891521101e-06, 1.36633445891e-06, 9.93621711132e-07, 4.09640676935e-07, 3.96479151732e-08, 7.90524268268e-09, 7.81727926835e-09, 7.75272557263e-09, 7.71105757025e-09],
        "mean": [0.000153121203766, 0.00145300175063, 0.002931260271, 0.00263914745301, 0.00168324133847, 0.000878682301845, 0.000453554181149, 0.000315376673825, 0.000322236504871, 0.000403952028137, 0.000304796005366, 0.000147144353832, 0.000123293342767, 0.00010035456944, 0.00011215617269, 0.000120680619148, 8.83246320882e-05, 7.40750911064e-05, 9.471145313e-05, 8.77975980984e-05, 0.000123596400954, 0.000147721715621, 0.000127698163851, 0.000111176806968, 0.000222841117647, 0.00037158667692, 0.000322896055877, 0.000309465744067, 0.000234037186601, 0.000278383842669, 0.000329597358359, 0.000328248454025, 0.000254554179264, 0.000234685197938, 0.000281640939647, 0.000129872860271, 0.000111412868137, 0.000157582937391, 0.000142514007166, 9.27030487219e-05, 8.86194684426e-05, 8.10736528365e-05, 5.87799622735e-05, 6.92877583788e-05, 0.000158647788339, 7.62216150179e-05, 9.02385290829e-05, 0.000105856757727, 9.27149812924e-05, 7.09886371624e-05, 6.38295168756e-05, 5.12205406267e-05, 5.87232825637e-05, 5.95083984081e-05, 5.95715609961e-05, 6.57948694425e-05, 4.30941036029e-05, 3.59842961188e-05, 4.95693602716e-05, 3.57351782441e-05, 2.94386663882e-05, 2.80603326246e-05, 3.04743916786e-05, 2.83873741864e-05, 2.46563267865e-05, 2.03647796297e-05, 2.40977733483e-05, 2.79110627162e-05, 2.90251155093e-05, 3.09793140332e-05, 2.40294339164e-05, 2.4386046789e-05, 1.99662827072e-05, 2.17560573219e-05, 1.59797509696e-05, 1.45653439176e-05, 1.97191347979e-05, 2.26980428124e-05, 2.16928983718e-05, 2.14469273487e-05, 2.23433744395e-05, 1.9339920982e-05, 1.9269204131e-05, 1.73539210664e-05, 8.32242039905e-06, 5.68704899706e-06, 5.10427707923e-06, 4.12672079619e-06, 4.00234603148e-06, 3.1304980439e-06, 2.97214637612e-06, 2.35474863075e-06, 2.16905164052e-06, 1.79765027042e-06, 2.14499391404e-06, 1.99245891963e-06, 2.05986111723e-06, 1.81302220881e-06, 1.47497405578e-06, 1.51677431859e-06, 1.79521191512e-06, 1.39904273055e-06, 1.70547968992e-06, 9.84318717201e-07, 1.1196016203e-06, 7.56851989081e-07, 7.09748405825e-07, 6.63395496758e-07, 5.63841979329e-07, 4.25294814477e-07, 5.7112470131e-07, 4.86972396629e-07, 2.50452359296e-07, 2.68427129413e-07, 1.99360314923e-07, 1.32870951575e-07, 1.07178586006e-07, 8.42582608129e-08, 8.12637637182e-08, 5.27469197209e-08, 4.83309960941e-08, 3.12951833337e-08, 9.02856189811e-09, 2.78847583912e-10, 7.88610409613e-12, 7.72993561521e-12, 7.62942053284e-12, 7.57995922973e-12],
        "min": [9.14072962287e-13, 4.04822356193e-12, 3.21524230851e-12, 5.26950488453e-12, 1.98028711484e-11, 1.28331262284e-10, 1.55646828759e-10, 1.24695351267e-10, 5.92785681652e-11, 1.7950294029e-10, 3.0507690818e-10, 1.03221586834e-09, 1.42332146069e-09, 9.1115426315e-10, 7.17042814014e-10, 9.28187637861e-10, 1.30248423158e-09, 1.31060384767e-09, 1.86387838497e-09, 3.63469299103e-09, 3.4212110922e-09, 1.78833170494e-09, 4.91517671009e-09, 7.97138266506e-09, 4.31051994099e-09, 1.0436527198e-09, 4.77923212117e-09, 1.00294235139e-08, 1.2080516143e-08, 9.40253563897e-09, 5.00260055603e-09, 7.00043634172e-10, 1.10494058347e-09, 1.84294135508e-09, 3.14902504073e-09, 1.75178982431e-09, 1.19836807144e-09, 6.83713141658e-10, 3.1580077442e-10, 2.84495038638e-10, 4.04995648129e-10, 3.09077741178e-09, 5.27263699368e-09, 2.2051975801e-09, 7.09043546099e-10, 1.54449164569e-09, 2.51144438579e-09, 1.40155964612e-09, 1.59067470307e-09, 1.00412622661e-09, 5.39161104651e-10, 8.97298180202e-10, 3.11092734906e-10, 2.23689053391e-10, 1.63168159539e-10, 9.6949073769e-11, 1.09394424075e-10, 2.49673615116e-10, 7.45304165606e-11, 1.19130288967e-10, 8.0082364351e-11, 3.91349244677e-11, 4.5978925528e-11, 1.25770116544e-10, 4.50604414892e-10, 8.10556954889e-10, 9.97780857936e-10, 9.72166028235e-11, 1.33522026768e-10, 2.37480063392e-10, 2.00765376546e-10, 1.04721266381e-10, 9.83833153834e-11, 6.37290012429e-11, 3.57967162856e-11, 3.08626561807e-11, 7.63976104601e-11, 7.78292499892e-11, 4.39962614951e-11, 3.04040924382e-11, 1.63364755751e-11, 1.87803037011e-11, 1.72700360956e-11, 1.7940218755e-11, 2.31175356635e-11, 4.73676410595e-11, 3.04746297641e-11, 1.99063005663e-11, 1.41830705166e-11, 1.22038577161e-11, 1.78671764883e-11, 1.61266919957e-11, 2.33526739613e-11, 1.43367253833e-11, 5.8641520459e-12, 5.63511433696e-12, 3.39125515864e-12, 5.70033603653e-12, 2.4335301569e-12, 4.3715408897e-12, 2.83988587854e-12, 2.08014681868e-12, 2.82425905579e-12, 2.29559687231e-12, 1.63201364315e-12, 1.45723320563e-12, 1.60893293046e-12, 1.83328460919e-12, 1.03612680501e-12, 2.15049852925e-12, 1.27966897061e-12, 5.4755939366e-13, 7.33002851125e-13, 6.23271616609e-13, 3.96142781122e-13, 9.46118454848e-14, 1.08014576558e-13, 1.03989428559e-13, 6.37567120409e-14, 4.79773860885e-14, 5.81770349668e-14, 6.93991711971e-14, 6.44115091667e-14, 5.79067230364e-14, 3.57838216523e-14, 1.61734385243e-14, 2.68379911766e-15, 7.25847480269e-17],
        "stdev": [0.000293073855573, 0.00254406849854, 0.00407944899052, 0.00278684333898, 0.0017620138824, 0.000991729553789, 0.000551919220015, 0.000407725892728, 0.000451651285402, 0.000744201766793, 0.000602140848059, 0.000245851726504, 0.000169179475051, 0.000137497612741, 0.000184288714081, 0.000239428292844, 0.000224453731789, 0.000158813010785, 0.00016137806233, 0.000196268505533, 0.00035228280467, 0.000536806299351, 0.000519565015566, 0.000408842111938, 0.000653623021208, 0.000977748655714, 0.000881823129021, 0.000926999375224, 0.000576346530579, 0.000616409291979, 0.000622484367341, 0.000618947145995, 0.000577832513954, 0.00053132296307, 0.00071092962753, 0.00031724764267, 0.000257124687778, 0.000344332365785, 0.000398605538066, 0.000183810378076, 0.000150864536408, 0.000156711641466, 0.000126411556266, 0.000141945492942, 0.000455588946352, 0.00014459049271, 0.000186295248568, 0.000183134630788, 0.000157769696671, 0.000149655752466, 0.000107335974462, 6.58115313854e-05, 7.04672711436e-05, 7.14407069609e-05, 7.72092098487e-05, 0.00011185247422, 5.01732356497e-05, 4.92195904371e-05, 7.4976705946e-05, 3.83779879485e-05, 3.59559344361e-05, 3.90687673644e-05, 4.21417971666e-05, 4.26716796937e-05, 2.94591409329e-05, 2.35101706494e-05, 3.01200325339e-05, 3.02696316794e-05, 2.81377124338e-05, 2.98721552099e-05, 2.33679202211e-05, 2.34265207837e-05, 1.78717928065e-05, 2.64644768322e-05, 1.78053924174e-05, 1.74923698069e-05, 2.69013562502e-05, 3.85966122849e-05, 3.33262214554e-05, 3.36661905749e-05, 3.31845367327e-05, 2.80439671769e-05, 2.85332371277e-05, 2.68634794338e-05, 9.53918970481e-06, 7.8527500591e-06, 5.65934351471e-06, 4.81895904159e-06, 4.87845181851e-06, 4.24318795922e-06, 3.79522930416e-06, 2.94915912491e-06, 3.27788575305e-06, 2.42188798438e-06, 2.86868453259e-06, 2.39218229581e-06, 2.42764917857e-06, 2.70781242762e-06, 1.97406802727e-06, 2.28433827942e-06, 2.81996335616e-06, 1.9843150767e-06, 2.933973974e-06, 1.47106698023e-06, 1.95369625544e-06, 1.24391249301e-06, 1.16391515803e-06, 1.13246744604e-06, 1.06458139726e-06, 7.28018562768e-07, 1.24837356452e-06, 1.23834627175e-06, 4.83174915189e-07, 5.93267429849e-07, 4.2377638465e-07, 2.71646996453e-07, 2.53753256629e-07, 2.12360518503e-07, 1.95623059085e-07, 1.35024308179e-07, 1.24801914581e-07, 1.03220429537e-07, 3.38520855792e-08, 1.72994851777e-09, 1.67942382223e-10, 1.66074695662e-10, 1.64703403693e-10, 1.63818208998e-10]
    },
    "mfcc": {
        "mean": [-596.548950195, 80.1265640259, -28.8315086365, 15.1869926453, -7.89403247833, 12.8953733444, 5.49253129959, 10.6318826675, 9.88171768188, 0.315054237843, -0.758747756481, -2.08055233955, 0.722668588161],
        "cov": [[6664.19677734, 139.533065796, 2131.44067383, 2033.79614258, 1193.45227051, 1133.86535645, 743.052490234, 321.016265869, 420.708099365, -49.3898048401, 87.6180343628, 57.6877937317, 299.927459717], [139.533065796, 315.176300049, 44.2551193237, 154.835205078, 43.6367263794, 24.5641403198, 22.399559021, 12.5534906387, 40.4930648804, 36.6091461182, -4.93827724457, 1.11629390717, 3.40681052208], [2131.44067383, 44.2551193237, 1039.2956543, 879.059509277, 541.171813965, 390.807617188, 303.843536377, 128.335296631, 156.801742554, 6.05090475082, 26.3134670258, 26.1966590881, 122.61756134], [2033.79614258, 154.835205078, 879.059509277, 959.495117188, 528.932250977, 417.943939209, 284.77746582, 115.619522095, 149.212753296, 9.75050830841, 30.8927841187, 40.4075088501, 124.895446777], [1193.45227051, 43.6367263794, 541.171813965, 528.932250977, 387.097412109, 235.682907104, 176.716552734, 72.1256027222, 92.4023361206, 10.8864774704, 15.7148046494, 16.2326698303, 74.4371490479], [1133.86535645, 24.5641403198, 390.807617188, 417.943939209, 235.682907104, 322.248321533, 190.819015503, 84.5092849731, 73.4096298218, -26.0199432373, 22.4287528992, 23.0537757874, 64.2042922974], [743.052490234, 22.399559021, 303.843536377, 284.77746582, 176.716552734, 190.819015503, 190.65737915, 85.5445861816, 69.8374938965, -1.68827331066, 9.56828308105, 14.9267549515, 48.1130561829], [321.016265869, 12.5534906387, 128.335296631, 115.619522095, 72.1256027222, 84.5092849731, 85.5445861816, 103.340919495, 76.6357727051, 30.6141262054, -3.12901306152, -1.31676614285, 13.3134841919], [420.708099365, 40.4930648804, 156.801742554, 149.212753296, 92.4023361206, 73.4096298218, 69.8374938965, 76.6357727051, 140.757492065, 71.1281509399, 2.88322663307, -11.8693265915, 8.34470939636], [-49.3898048401, 36.6091461182, 6.05090475082, 9.75050830841, 10.8864774704, -26.0199432373, -1.68827331066, 30.6141262054, 71.1281509399, 106.338218689, 17.9668674469, -0.0703206285834, -11.3864908218], [87.6180343628, -4.93827724457, 26.3134670258, 30.8927841187, 15.7148046494, 22.4287528992, 9.56828308105, -3.12901306152, 2.88322663307, 17.9668674469, 61.5639724731, 25.2237930298, 18.2106952667], [57.6877937317, 1.11629390717, 26.1966590881, 40.4075088501, 16.2326698303, 23.0537757874, 14.9267549515, -1.31676614285, -11.8693265915, -0.0703206285834, 25.2237930298, 67.2180175781, 27.5340976715], [299.927459717, 3.40681052208, 122.61756134, 124.895446777, 74.4371490479, 64.2042922974, 48.1130561829, 13.3134841919, 8.34470939636, -11.3864908218, 18.2106952667, 27.5340976715, 73.4039459229]],
        "icov": [[0.000672116875648, 1.87409623322e-05, -0.000678275479004, -0.000246849929681, -2.9166432796e-05, -0.00106591789518, 0.000231282538152, 0.000296663114568, -0.00105809792876, 0.000778828805778, -0.000368854758563, 0.000186762859812, -0.000175039385795], [1.87409623322e-05, 0.00452802283689, 0.00169394281693, -0.00327143492177, 0.00116115878336, 0.00120503106155, -0.000964229402598, 0.000626925437246, -0.000453959801234, -0.00118027057033, 0.000890796130989, 0.000206510507269, 0.000306768459268], [-0.000678275479004, 0.00169394281693, 0.00676375813782, -0.00416309665889, -0.00229486217722, 0.0027315672487, -0.00263361912221, -0.000290245370707, 3.31078558702e-06, 3.18808743032e-05, 3.23990025208e-05, 0.000622983614448, -4.26243095717e-05], [-0.000246849929681, -0.00327143492177, -0.00416309665889, 0.0100027276203, -0.00473472801968, -0.00441941805184, 0.00184235360939, 0.00090352067491, 5.07886688865e-05, -0.000788711069617, 0.000686955812853, -0.00156534812413, -0.00132067943923], [-2.9166432796e-05, 0.00116115878336, -0.00229486217722, -0.00473472801968, 0.0128881577402, 0.000266138114966, -0.00187258014921, 0.00105886743404, 0.00016780786973, -0.00183151126839, 0.000859863124788, 0.00120963447262, -0.00128246459644], [-0.00106591789518, 0.00120503106155, 0.0027315672487, -0.00441941805184, 0.000266138114966, 0.0143295004964, -0.00707984203473, -0.00244292872958, -0.000641672697384, 0.00450007291511, -0.00313024758361, -0.000408229854656, 0.0012368458556], [0.000231282538152, -0.000964229402598, -0.00263361912221, 0.00184235360939, -0.00187258014921, -0.00707984203473, 0.0189939700067, -0.00799510255456, -0.000301917723846, 0.00146746914834, 7.61434494052e-05, -0.00105823075864, -0.00190380250569], [0.000296663114568, 0.000626925437246, -0.000290245370707, 0.00090352067491, 0.00105886743404, -0.00244292872958, -0.00799510255456, 0.023200025782, -0.00859746523201, -0.00259826355614, 0.00389604899101, -0.000737292517442, -0.000313844531775], [-0.00105809792876, -0.000453959801234, 3.31078558702e-06, 5.07886688865e-05, 0.00016780786973, -0.000641672697384, -0.000301917723846, -0.00859746523201, 0.0226351730525, -0.0136778736487, 0.00261653121561, 0.00417066924274, -0.000507684308104], [0.000778828805778, -0.00118027057033, 3.18808743032e-05, -0.000788711069617, -0.00183151126839, 0.00450007291511, 0.00146746914834, -0.00259826355614, -0.0136778736487, 0.0233231671154, -0.00867809262127, -0.00235651666299, 0.00380153465085], [-0.000368854758563, 0.000890796130989, 3.23990025208e-05, 0.000686955812853, 0.000859863124788, -0.00313024758361, 7.61434494052e-05, 0.00389604899101, 0.00261653121561, -0.00867809262127, 0.0236132014543, -0.00601108372211, -0.00389474444091], [0.000186762859812, 0.000206510507269, 0.000622983614448, -0.00156534812413, 0.00120963447262, -0.000408229854656, -0.00105823075864, -0.000737292517442, 0.00417066924274, -0.00235651666299, -0.00601108372211, 0.0211163070053, -0.00646139122546], [-0.000175039385795, 0.000306768459268, -4.26243095717e-05, -0.00132067943923, -0.00128246459644, 0.0012368458556, -0.00190380250569, -0.000313844531775, -0.000507684308104, 0.00380153465085, -0.00389474444091, -0.00646139122546, 0.0222033411264]]
    },
    "spectral_contrast_coeffs": {
        "max": [-0.547447562218, -0.550163447857, -0.5489153862, -0.601020932198, -0.66984051466, -0.547128856182],
        "mean": [-0.75516808033, -0.78770339489, -0.738821864128, -0.776390612125, -0.790086984634, -0.712164819241],
        "min": [-0.919419467449, -0.930382966995, -0.905588388443, -0.905144393444, -0.893892884254, -0.873904943466],
        "stdev": [0.0523119308054, 0.0589396990836, 0.0691311210394, 0.0515688024461, 0.0299220122397, 0.0501889772713]
    },
    "spectral_contrast_valleys": {
        "max": [-5.41086292267, -5.25569295883, -5.43232440948, -5.72027826309, -5.67242717743, -8.13231658936],
        "mean": [-7.11136627197, -6.78702878952, -6.74674892426, -6.92073631287, -6.70561981201, -9.66976737976],
        "min": [-14.4750852585, -11.2712259293, -11.5164480209, -11.9194412231, -12.3354072571, -14.8360843658],
        "stdev": [1.74348831177, 0.598361253738, 0.459438681602, 0.448906332254, 0.725422680378, 0.92566794157]
    }
},
"rhythm": {
    "beats_count": 100,
    "beats_loudness": {
        "max": 0.0672506839037,
        "mean": 0.0317864455283,
        "min": 0.000483912706841,
        "stdev": 0.0176290068775
    },
    "bpm": 111.901145935,
    "bpm_histogram_first_peak_bpm": 112,
    "bpm_histogram_first_peak_weight": 0.227848112583,
    "bpm_histogram_second_peak_bpm": 161,
    "bpm_histogram_second_peak_spread": 0,
    "bpm_histogram_second_peak_weight": 0.13131313026,
    "danceability": 0.857673168182,
    "onset_rate": 3.01299619675,
    "beats_loudness_band_ratio": {
        "max": [0.765690386295, 0.278380572796, 0.60697722435, 0.597690939903, 0.489899545908, 0.464292407036],
        "mean": [0.264106363058, 0.0536046884954, 0.157594367862, 0.253179341555, 0.166214168072, 0.132146596909],
        "min": [1.74036940734e-05, 0.000257023755694, 0.00827275775373, 0.0226135086268, 0.0447086952627, 0.0114590730518],
        "stdev": [0.202883139253, 0.0595726519823, 0.150061190128, 0.159057378769, 0.0932081490755, 0.0828558579087]
    },
