{
"metadata": {
    "version": {
        "essentia": "2.1-beta5",
        "essentia_git_sha": "Undefined",
        "extractor": "music 2.0"
    },
    "audio_properties": {
        "analysis": {
            "equal_loudness": 0,
            "length": 48.7502937317,
            "sample_rate": 44100,
            "start_time": 12.7477550507,
            "downmix": "mix"
        },
        "bit_rate": 192000,
        "length": 179.977874756,
        "lossless": 0,
        "number_channels": 2,
        "replay_gain": 3.30292320251,
        "sample_rate": 48000,
        "codec": "mp3",
        "md5_encoded": "d506f4acf0186e5552a3db969fa4bdd4"
    },
    "tags": {
        "file_name": "Lithuania_Nomads In The Night_Jeronimas Milius.mp3",
        "encoding": ["Lavf58.29.100"]
    }
},
"lowlevel": {
    "average_loudness": 0.97402369976,
    "barkbands_crest": {
        "max": 24.0039405823,
        "mean": 9.78898715973,
        "min": 3.13295507431,
        "stdev": 3.94271111488
    },
    "barkbands_flatness_db": {
        "max": 0.335476875305,
        "mean": 0.197845086455,
        "min": 0.0897110998631,
        "stdev": 0.0401188582182
    },
    "barkbands_kurtosis": {
        "max": 80.4202041626,
        "mean": 3.54965043068,
        "min": -1.95954918861,
        "stdev": 8.15139579773
    },
    "barkbands_skewness": {
        "max": 7.03458356857,
        "mean": 1.08147156239,
        "min": -2.64442324638,
        "stdev": 1.49328756332
    },
    "barkbands_spread": {
        "max": 93.5060882568,
        "mean": 22.0106048584,
        "min": 1.52281475067,
        "stdev": 14.7793798447
    },
    "dissonance": {
        "max": 0.499709308147,
        "mean": 0.45413056016,
        "min": 0.295576602221,
        "stdev": 0.0331696793437
    },
    "dynamic_complexity": 2.55867886543,
    "erbbands_crest": {
        "max": 27.0984668732,
        "mean": 10.970454216,
        "min": 3.23652982712,
        "stdev": 4.26729345322
    },
    "erbbands_flatness_db": {
        "max": 0.346083849669,
        "mean": 0.236429080367,
        "min": 0.107228517532,
        "stdev": 0.0450258292258
    },
    "erbbands_kurtosis": {
        "max": 27.3475208282,
        "mean": 1.11590707302,
        "min": -1.87554752827,
        "stdev": 3.68992090225
    },
    "erbbands_skewness": {
        "max": 4.46267700195,
        "mean": -0.0382602624595,
        "min": -4.51605939865,
        "stdev": 1.34193706512
    },
    "erbbands_spread": {
        "max": 119.969749451,
        "mean": 33.3430976868,
        "min": 5.10736894608,
        "stdev": 16.5984039307
    },
    "hfc": {
        "max": 146.809188843,
        "mean": 20.843290329,
        "min": 0.325586467981,
        "stdev": 17.8687400818
    },
    "loudness_ebu128": {
        "integrated": -27.6907501221,
        "loudness_range": 3.28410720825,
        "momentary": {
            "max": -24.9529724121,
            "mean": -28.0847377777,
            "min": -34.8173675537,
            "stdev": 2.01994514465
        },
        "short_term": {
            "max": -25.7694892883,
            "mean": -27.8073635101,
            "min": -31.2380638123,
            "stdev": 1.17985403538
        }
    },
    "melbands_crest": {
        "max": 30.3965797424,
        "mean": 12.8834495544,
        "min": 3.77517700195,
        "stdev": 5.21473264694
    },
    "melbands_flatness_db": {
        "max": 0.416137546301,
        "mean": 0.209938704967,
        "min": 0.0411858446896,
        "stdev": 0.0643573105335
    },
    "melbands_kurtosis": {
        "max": 121.067749023,
        "mean": 9.07942390442,
        "min": -1.90584301949,
        "stdev": 15.0543880463
    },
    "melbands_skewness": {
        "max": 9.14590549469,
        "mean": 2.0010201931,
        "min": -1.05293405056,
        "stdev": 1.50955474377
    },
    "melbands_spread": {
        "max": 225.469360352,
        "mean": 36.4315643311,
        "min": 1.95524895191,
        "stdev": 36.0712280273
    },
    "pitch_salience": {
        "max": 0.853142440319,
        "mean": 0.591662943363,
        "min": 0.166664898396,
        "stdev": 0.106977857649
    },
    "silence_rate_20dB": {
        "max": 1,
        "mean": 1,
        "min": 1,
        "stdev": 0
    },
    "silence_rate_30dB": {
        "max": 1,
        "mean": 1,
        "min": 1,
        "stdev": 0
    },
    "silence_rate_60dB": {
        "max": 1,
        "mean": 0.058067586273,
        "min": 0,
        "stdev": 0.233871981502
    },
    "spectral_centroid": {
        "max": 5058.86572266,
        "mean": 1680.68261719,
        "min": 258.83883667,
        "stdev": 909.666992188
    },
    "spectral_complexity": {
        "max": 38,
        "mean": 14.4531173706,
        "min": 0,
        "stdev": 6.01178073883
    },
    "spectral_decrease": {
        "max": -1.26723423421e-10,
        "mean": -3.73258624009e-09,
        "min": -1.38258906546e-08,
        "stdev": 2.21828888591e-09
    },
    "spectral_energy": {
        "max": 0.0549025721848,
        "mean": 0.01597818546,
        "min": 0.000587240851019,
        "stdev": 0.00913872476667
    },
    "spectral_energyband_high": {
        "max": 0.0202530883253,
        "mean": 0.000588502793107,
        "min": 2.62632426029e-07,
        "stdev": 0.00203660968691
    },
    "spectral_energyband_low": {
        "max": 0.0181209407747,
        "mean": 0.00121700682212,
        "min": 9.15167674975e-06,
        "stdev": 0.0013733569067
    },
    "spectral_energyband_middle_high": {
        "max": 0.0285985805094,
        "mean": 0.00569321960211,
        "min": 3.37354795192e-05,
        "stdev": 0.00577545305714
    },
    "spectral_energyband_middle_low": {
        "max": 0.0493362955749,
        "mean": 0.00900115352124,
        "min": 8.30321077956e-05,
        "stdev": 0.00742672011256
    },
    "spectral_entropy": {
        "max": 8.64545917511,
        "mean": 7.12103033066,
        "min": 5.81070995331,
        "stdev": 0.493275761604
    },
    "spectral_flux": {
        "max": 0.19364926219,
        "mean": 0.0688600167632,
        "min": 0.00636564474553,
        "stdev": 0.0355404429138
    },
    "spectral_kurtosis": {
        "max": 35.848651886,
        "mean": 6.85315322876,
        "min": -0.964857578278,
        "stdev": 5.12518119812
    },
    "spectral_rms": {
        "max": 0.00731870811433,
        "mean": 0.00375514826737,
        "min": 0.000756913388614,
        "stdev": 0.001219555852
    },
    "spectral_rolloff": {
        "max": 10379.0039062,
        "mean": 2238.81079102,
        "min": 193.798828125,
        "stdev": 1840.23779297
    },
    "spectral_skewness": {
        "max": 4.27042293549,
        "mean": 1.5694861412,
        "min": -0.338425159454,
        "stdev": 0.644320607185
    },
    "spectral_spread": {
        "max": 20387870,
        "mean": 3414537,
        "min": 1368244.375,
        "stdev": 1586382
    },
    "spectral_strongpeak": {
        "max": 12.5596389771,
        "mean": 1.71121585369,
        "min": 0.0275233443826,
        "stdev": 1.82767283916
    },
    "zerocrossingrate": {
        "max": 0.32470703125,
        "mean": 0.0706792324781,
        "min": 0.0068359375,
        "stdev": 0.0504316240549
    },
    "barkbands": {
        "max": [3.53548675776e-05, 0.00194726034533, 0.0120707862079, 0.0231006983668, 0.0235383827239, 0.0396218821406, 0.0288883373141, 0.0256772376597, 0.0260154549032, 0.0211889389902, 0.0147425252944, 0.0109599987045, 0.0158557109535, 0.010831490159, 0.0098596457392, 0.0103016216308, 0.0101561034098, 0.0161223858595, 0.0106534250081, 0.00299385259859, 0.00253447680734, 0.00800161808729, 0.00890734605491, 0.00611834274605, 0.00400515692309, 1.33304683914e-05, 2.0537088119e-07],
        "mean": [1.63637662354e-06, 6.99766023899e-05, 0.000759289134294, 0.000809162098449, 0.00154018844478, 0.00223175017163, 0.00129839149304, 0.00154251721688, 0.00125062686857, 0.000629661837593, 0.000408442458138, 0.000337277393555, 0.000331640068907, 0.000173450869625, 0.000304636603687, 0.000488916935865, 0.00076359428931, 0.00147487584036, 0.000932203256525, 6.18099802523e-05, 6.00536150159e-05, 0.00015351465845, 0.000205287680728, 9.91843553493e-05, 5.00568421558e-05, 3.4967865048e-08, 1.08658448905e-09],
        "min": [6.74597391837e-11, 2.55322532894e-07, 3.80614807227e-07, 2.18419404518e-06, 3.08891576424e-05, 5.75804097025e-06, 3.31628734784e-06, 2.22827816287e-06, 3.48423236574e-06, 1.09447614705e-06, 7.26954738184e-07, 1.49817628881e-06, 1.00765225852e-06, 3.7848849388e-07, 2.47940278086e-07, 2.688053371e-07, 3.42312176826e-07, 3.76490277176e-07, 1.7337433178e-07, 1.59714872439e-07, 7.96182746399e-08, 3.52186653174e-08, 2.99619813404e-08, 1.21240297801e-08, 1.78709083087e-08, 2.37651121004e-10, 3.13149395303e-10],
        "stdev": [2.53947564488e-06, 0.00015267560957, 0.000936192751396, 0.0012686062837, 0.00208234204911, 0.00442773709074, 0.0031590629369, 0.00291998591274, 0.00265046441928, 0.0020347207319, 0.000965546059888, 0.000749703322072, 0.000874952180311, 0.000535929459147, 0.000764015538152, 0.0012017970439, 0.0011245359201, 0.00196053017862, 0.00148519454524, 0.00014968868345, 0.000218616623897, 0.000581686210353, 0.000803716306109, 0.000396150222514, 0.00023094379867, 3.88573937471e-07, 6.33854480014e-09]
    },
    "erbbands": {
        "max": [0.0107625834644, 0.590413093567, 8.51196193695, 39.5352478027, 61.8041114807, 120.214553833, 204.683837891, 485.21206665, 489.968902588, 504.11505127, 644.549072266, 691.268371582, 799.423706055, 557.258850098, 693.024414062, 509.282745361, 712.602783203, 565.122009277, 394.938446045, 428.680999756, 656.89654541, 655.850891113, 825.223510742, 642.480834961, 435.018096924, 73.6387481689, 81.770149231, 152.409133911, 263.205047607, 251.141220093, 298.965637207, 202.953689575, 58.3521232605, 40.7287750244, 32.5786552429, 1.79394292831, 0.0467580668628, 0.00309428549372, 0.000423833931563, 0.00012446945766],
        "mean": [0.00063229072839, 0.0320919752121, 0.602839291096, 2.06982159615, 3.66210126877, 4.77529382706, 9.60586071014, 21.2196826935, 22.4247341156, 23.7474002838, 33.6008529663, 27.4668273926, 26.0829238892, 13.4757652283, 17.2106380463, 14.9899377823, 15.6277256012, 10.3941507339, 11.7710580826, 18.7832183838, 31.117275238, 44.9443435669, 74.4042892456, 77.4988632202, 21.3992099762, 3.26426148415, 2.01251125336, 3.06352257729, 5.09312438965, 6.06129980087, 5.89282560349, 3.20027065277, 1.14208650589, 0.71564412117, 0.268898040056, 0.0136214382946, 0.000417774077505, 3.89689448639e-05, 1.60368272191e-05, 2.19255180127e-05],
        "min": [1.09204929686e-05, 0.000224262781558, 0.00121795106679, 0.00528729986399, 0.0703462809324, 0.0733968168497, 0.0616897195578, 0.0499608144164, 0.0558767095208, 0.119063235819, 0.0895843058825, 0.0738924890757, 0.0909261777997, 0.128969952464, 0.0919433832169, 0.08926076442, 0.0761166289449, 0.0457962490618, 0.0394624583423, 0.0250454526395, 0.0164190940559, 0.0208249893039, 0.0243915878236, 0.0154704554006, 0.0134908771142, 0.00814867019653, 0.00408411258832, 0.0021010809578, 0.0012092863908, 0.00139353657141, 0.000640950980596, 0.000442611199105, 0.000216005631955, 0.000136234171805, 0.000168552796822, 1.00749402918e-05, 1.71052374753e-06, 3.69568624592e-07, 4.8407309805e-07, 8.7109111746e-07],
        "stdev": [0.000820478657261, 0.049660988152, 0.691258490086, 2.61345386505, 5.3845281601, 7.63170909882, 16.8342666626, 48.7122383118, 52.246723175, 46.8070297241, 70.3230667114, 58.4168243408, 70.0666885376, 44.5332450867, 41.765411377, 31.4681339264, 37.1995811462, 27.536403656, 27.7150249481, 41.7631759644, 66.3333129883, 61.9341163635, 95.9626846313, 105.111946106, 39.2274475098, 6.11676263809, 6.52956342697, 11.3970870972, 19.4147186279, 22.9252796173, 23.9418869019, 13.8011379242, 4.03682899475, 2.93830132484, 1.50788712502, 0.0773903504014, 0.00214260281064, 0.000159918039571, 2.62280937022e-05, 1.36845073939e-05]
    },
    "gfcc": {
        "mean": [-59.8931884766, 117.594474792, -154.485839844, 35.7677841187, -78.7393493652, -5.42518234253, -57.1755065918, 6.83015346527, -18.3910503387, -33.7783050537, 2.24540519714, -19.7781257629, -12.9858255386],
        "cov": [[2363.43383789, -1139.56994629, -539.183837891, 224.032501221, -189.548812866, 37.0016670227, -122.458992004, 398.950073242, 9.39617443085, -105.969337463, 117.263389587, 47.7454185486, -134.499404907], [-1139.56994629, 1421.14672852, -191.089782715, -366.724243164, 495.873809814, -337.086608887, 50.5844726562, -95.8324584961, 150.027618408, -162.722564697, 188.647994995, -31.2984409332, 27.4673156738], [-539.183837891, -191.089782715, 1036.82226562, 276.389526367, -394.872161865, 259.498535156, 50.1788368225, -270.931671143, -111.163955688, 241.330795288, -216.44392395, 24.1676940918, 39.8200874329], [224.032501221, -366.724243164, 276.389526367, 377.354309082, -63.0370826721, 73.5729064941, -37.2646369934, -34.4435691833, -1.60721790791, 113.729164124, -89.319519043, -17.0686988831, 6.37935781479], [-189.548812866, 495.873809814, -394.872161865, -63.0370826721, 624.581787109, -219.019500732, -167.51171875, 103.707267761, 145.972747803, -77.7800292969, 97.4302597046, -86.3946838379, 32.335357666], [37.0016670227, -337.086608887, 259.498535156, 73.5729064941, -219.019500732, 347.460418701, 114.932929993, -86.7627792358, -117.219474792, 89.7885971069, -131.827758789, 29.3430309296, -2.30535149574], [-122.458992004, 50.5844726562, 50.1788368225, -37.2646369934, -167.51171875, 114.932929993, 312.255950928, -33.8980636597, -103.783241272, -32.739238739, -19.4683074951, 35.0401878357, -37.2205162048], [398.950073242, -95.8324584961, -270.931671143, -34.4435691833, 103.707267761, -86.7627792358, -33.8980636597, 278.634338379, 44.3578987122, -108.789962769, 75.2626647949, -17.2871990204, -36.0501365662], [9.39617443085, 150.027618408, -111.163955688, -1.60721790791, 145.972747803, -117.219474792, -103.783241272, 44.3578987122, 176.788665771, -16.2073230743, 44.8284683228, -10.0499687195, -1.00650596619], [-105.969337463, -162.722564697, 241.330795288, 113.729164124, -77.7800292969, 89.7885971069, -32.739238739, -108.789962769, -16.2073230743, 191.551895142, -90.4160766602, -6.6413359642, 26.6365718842], [117.263389587, 188.647994995, -216.44392395, -89.319519043, 97.4302597046, -131.827758789, -19.4683074951, 75.2626647949, 44.8284683228, -90.4160766602, 189.101394653, 30.9306640625, -33.8071670532], [47.7454185486, -31.2984409332, 24.1676940918, -17.0686988831, -86.3946838379, 29.3430309296, 35.0401878357, -17.2871990204, -10.0499687195, -6.6413359642, 30.9306640625, 95.0708694458, 3.53660035133], [-134.499404907, 27.4673156738, 39.8200874329, 6.37935781479, 32.335357666, -2.30535149574, -37.2205162048, -36.0501365662, -1.00650596619, 26.6365718842, -33.8071670532, 3.53660035133, 81.6959762573]],
        "icov": [[0.00146751163993, 0.00098874559626, 0.000830560107715, -0.00080405396875, 0.000402474834118, -0.000170674466062, 0.000516087049618, -0.000648415763862, -0.000147044687765, 0.000487786426675, -0.000818663917016, -0.000410658074543, 0.00104458280839], [0.00098874559626, 0.00548988673836, -0.00222473172471, 0.00373575207777, -0.00412870990112, 0.00283606955782, -0.00347619294189, 0.00284795626067, -0.00265333801508, 0.00239254767075, -0.00254203751683, 0.000429605017416, 7.85501324572e-05], [0.000830560107715, -0.00222473172471, 0.00430879974738, -0.00386252510361, 0.00367847271264, -0.00201532943174, 0.00266323774122, -0.00110135506839, 0.00147838017438, -0.00167899136432, 0.00127804838121, -0.000556364189833, 0.000649953901302], [-0.00080405396875, 0.00373575207777, -0.00386252510361, 0.00807883962989, -0.00437351549044, 0.00267931679264, -0.00340811419301, 0.00232110708021, -0.00247796135955, 0.000113231733849, -0.000559152744245, 0.00088510097703, -0.000386934378184], [0.000402474834118, -0.00412870990112, 0.00367847271264, -0.00437351549044, 0.00746415415779, -0.00258937198669, 0.00413815071806, -0.00291649578139, 0.000899341248441, -0.00149074895307, 0.000453437067335, 0.00213444349356, -0.00123735296074], [-0.000170674466062, 0.00283606955782, -0.00201532943174, 0.00267931679264, -0.00258937198669, 0.00769756780937, -0.00321798003279, 0.00190363661386, 0.000567745591979, 9.92513832898e-06, 0.0022349411156, -0.00189370510634, 0.00116517569404], [0.000516087049618, -0.00347619294189, 0.00266323774122, -0.00340811419301, 0.00413815071806, -0.00321798003279, 0.00825920235366, -0.00207880022936, 0.00385557394475, 0.000150268519064, 0.00184124906082, -0.00165101105813, 0.00293520325795], [-0.000648415763862, 0.00284795626067, -0.00110135506839, 0.00232110708021, -0.00291649578139, 0.00190363661386, -0.00207880022936, 0.00835231412202, -0.00196091318503, 0.00359511189163, -0.00127736234572, 0.00144818308763, 0.000489539233968], [-0.000147044687765, -0.00265333801508, 0.00147838017438, -0.00247796135955, 0.000899341248441, 0.000567745591979, 0.00385557394475, -0.00196091318503, 0.0104516940191, -0.00170835840981, 0.00187972967979, -0.00246547954157, 0.00224462803453], [0.000487786426675, 0.00239254767075, -0.00167899136432, 0.000113231733849, -0.00149074895307, 9.92513832898e-06, 0.000150268519064, 0.00359511189163, -0.00170835840981, 0.0111287189648, 0.000317837315379, 0.000742287316825, -0.000496730790474], [-0.000818663917016, -0.00254203751683, 0.00127804838121, -0.000559152744245, 0.000453437067335, 0.0022349411156, 0.00184124906082, -0.00127736234572, 0.00187972967979, 0.000317837315379, 0.0131256701425, -0.00626424746588, 0.00470871850848], [-0.000410658074543, 0.000429605017416, -0.000556364189833, 0.00088510097703, 0.00213444349356, -0.00189370510634, -0.00165101105813, 0.00144818308763, -0.00246547954157, 0.000742287316825, -0.00626424746588, 0.0165856126696, -0.00521249463782], [0.00104458280839, 7.85501324572e-05, 0.000649953901302, -0.000386934378184, -0.00123735296074, 0.00116517569404, 0.00293520325795, 0.000489539233968, 0.00224462803453, -0.000496730790474, 0.00470871850848, -0.00521249463782, 0.0180869717151]]
    },
    "melbands": {
        "max": [0.000299870560411, 0.00339033245109, 0.00799398403615, 0.00523935677484, 0.00642694998533, 0.00954939611256, 0.00681883702055, 0.00517027080059, 0.00631857523695, 0.00374195352197, 0.00399472331628, 0.00260347826406, 0.00220931950025, 0.000894680968486, 0.00168069754727, 0.00117605831474, 0.00128930690698, 0.000524021626916, 0.00100782630034, 0.000750576844439, 0.000876039208379, 0.000900465878658, 0.00108267972246, 0.000602468906436, 0.000663093756884, 0.000426822691225, 0.000193958359887, 3.66898675566e-05, 4.71906096209e-05, 6.42995801172e-05, 0.000117069030239, 0.000133437773911, 0.00021883007139, 0.000134915477247, 0.000190915321582, 0.000181496245204, 0.000108909007395, 4.81698698422e-05, 2.67402956524e-05, 4.10493994423e-05],
        "mean": [1.10449082058e-05, 0.000236872612732, 0.000410768116126, 0.000281677494058, 0.000329923001118, 0.000476799759781, 0.000321864587022, 0.00027484857128, 0.000276791251963, 0.00016558272182, 0.000126311453641, 5.20625071658e-05, 5.68398500036e-05, 3.56875061698e-05, 4.65271878056e-05, 2.86520426016e-05, 1.78823393071e-05, 1.57988033607e-05, 2.60940123553e-05, 2.92725508189e-05, 3.71961577912e-05, 4.43417302449e-05, 5.76100974286e-05, 7.32580010663e-05, 6.50795554975e-05, 2.22970629693e-05, 4.82052109874e-06, 1.34111974148e-06, 1.11085887511e-06, 1.39390772347e-06, 1.88792034805e-06, 2.74461308436e-06, 3.31433511747e-06, 3.38134077538e-06, 3.50486584466e-06, 2.88248224933e-06, 1.56138833063e-06, 7.91192576344e-07, 6.25280677014e-07, 6.05322441061e-07],
        "min": [4.78840398443e-08, 1.35047343974e-06, 2.84094699055e-06, 5.42470797882e-06, 1.53582618623e-06, 1.12552311293e-06, 4.71101060384e-07, 6.23936102784e-07, 6.11853351984e-07, 4.2361642727e-07, 4.11692269608e-07, 3.17211856782e-07, 1.82138933269e-07, 1.69180765397e-07, 1.06300035441e-07, 1.16838187125e-07, 5.76728105273e-08, 4.79219117722e-08, 1.45702836463e-08, 2.11958752772e-08, 1.05496855696e-08, 1.45735610246e-08, 2.5332571596e-08, 1.68097802344e-08, 8.52861603562e-09, 7.27940863143e-09, 6.01458749472e-09, 4.64208049777e-09, 2.02759786738e-09, 2.16692108701e-09, 7.83426989948e-10, 5.45927081319e-10, 6.21743490026e-10, 6.27737917203e-10, 3.3115152287e-10, 3.49297812896e-10, 1.76307149435e-10, 9.68311056337e-11, 6.51389775452e-11, 3.00348947102e-11],
        "stdev": [2.27983509831e-05, 0.000265026872512, 0.000482358504087, 0.000363334198482, 0.000554835423827, 0.00101271434687, 0.000731850101147, 0.000521712529007, 0.000594738230575, 0.000346971588442, 0.000354129966581, 0.000195532978978, 0.000133173220092, 8.16335013951e-05, 0.000122256577015, 8.08216354926e-05, 5.61267479497e-05, 3.9579867007e-05, 6.97422874509e-05, 7.88383695181e-05, 7.97364264145e-05, 6.90781525918e-05, 8.18646949483e-05, 9.58775635809e-05, 9.5386072644e-05, 4.34256216977e-05, 1.25923888845e-05, 2.86860426968e-06, 3.61735806109e-06, 5.31800469616e-06, 7.2441212069e-06, 1.06026554931e-05, 1.29321306304e-05, 1.32016230054e-05, 1.45412986967e-05, 1.3089256754e-05, 6.75335422784e-06, 2.98202144222e-06, 2.19280377678e-06, 2.79667824543e-06]
    },
    "melbands128": {
        "max": [1.73108110175e-05, 1.1297643141e-05, 0.000176701607415, 0.00130016775802, 0.00226094457321, 0.0072400928475, 0.00736140273511, 0.0127534838393, 0.00781518407166, 0.00895803980529, 0.00869428832084, 0.00824347697198, 0.00955057144165, 0.0106107592583, 0.0164380129427, 0.0152389481664, 0.0116622168571, 0.0120939547196, 0.00940392538905, 0.00949669629335, 0.00574350776151, 0.0106682721525, 0.0101132346317, 0.010160882026, 0.00777011970058, 0.00501166423783, 0.00701150996611, 0.00823265872896, 0.00580553663895, 0.00561110861599, 0.00408660061657, 0.00211307499558, 0.00316314119846, 0.00354579370469, 0.0014295023866, 0.00144562975038, 0.00314911548048, 0.00266680819914, 0.00483288150281, 0.00211004423909, 0.00254804315045, 0.00153592869174, 0.00147732126061, 0.0022984072566, 0.00104644300882, 0.000741264084354, 0.00179293612018, 0.00255398824811, 0.000949961890001, 0.00166375818662, 0.00143994903192, 0.00199518050067, 0.0019002945628, 0.00200500478968, 0.00179920881055, 0.00192560860887, 0.000779089692514, 0.00102097576018, 0.00291071250103, 0.0013133167522, 0.00139023107477, 0.00148212455679, 0.00107582809869, 0.00141951919068, 0.00114583852701, 0.000983527628705, 0.000704063568264, 0.000323654938256, 0.000330778711941, 0.000102056539617, 8.70131334523e-05, 3.98393240175e-05, 3.81129648304e-05, 5.21077381563e-05, 0.000107981293695, 7.96938329586e-05, 8.42142835609e-05, 7.91680358816e-05, 0.000149017228978, 0.000151769942022, 0.000190102218767, 0.000209403937333, 0.000264049507678, 0.000281229702523, 0.000232024118304, 0.000156496651471, 0.000173626307514, 0.000185966244317, 0.000210749101825, 0.000238017702941, 0.000200730719371, 0.000239641900407, 0.000275529979263, 0.00011756461754, 6.59217621433e-05, 5.94418233959e-05, 6.17274854449e-05, 3.88782500522e-05, 2.82235887425e-05, 3.58623619832e-05, 4.61031486338e-05, 4.88848600071e-05, 4.87730394525e-05, 4.57528512925e-05, 5.8533030824e-05, 2.94324945571e-05, 5.55404130864e-06, 5.19112575148e-07, 1.41199307802e-09, 1.34534305918e-09, 1.29458033182e-09, 1.21829957234e-09, 1.16738008149e-09, 1.12058562429e-09, 1.07282194239e-09, 1.03807074048e-09, 9.99689775405e-10, 9.68785496269e-10, 9.39884503559e-10, 9.09875230715e-10, 8.89216866806e-10, 8.69630811806e-10, 8.47648617963e-10, 8.32029944942e-10, 8.17484024918e-10, 8.02748478801e-10, 8.01599120415e-10, 7.96184562724e-10],
        "mean": [7.89303896909e-07, 1.07686264528e-06, 6.17212481302e-06, 4.62591415271e-05, 0.000201965478482, 0.00042789397412, 0.000415891059674, 0.000414771959186, 0.000408315536333, 0.00019803235773, 0.000245761388214, 0.000377405754989, 0.000306900852593, 0.000332020950736, 0.000460168375866, 0.000599753228016, 0.000492776394822, 0.000223455135711, 0.000169719613041, 0.000274635880487, 0.000331466319039, 0.00026840341161, 0.000297551829135, 0.00024989186204, 0.000172057916643, 0.000119816199003, 0.000165863093571, 0.000148469072883, 7.6303644164e-05, 5.031978435e-05, 4.61121417175e-05, 4.51675296063e-05, 6.06062567385e-05, 7.26098223822e-05, 2.82491364487e-05, 2.40325152845e-05, 4.19349053118e-05, 6.04495726293e-05, 4.13420966652e-05, 2.65043654508e-05, 3.30203438352e-05, 1.82313688128e-05, 1.74405940925e-05, 1.92913830688e-05, 1.1600885955e-05, 1.21631965158e-05, 2.2353242457e-05, 3.49605470547e-05, 2.10205125768e-05, 2.08951369132e-05, 2.92842687486e-05, 4.06882973039e-05, 3.39747384714e-05, 3.43904721376e-05, 4.7183038987e-05, 4.58830363641e-05, 4.01140205213e-05, 5.07440126967e-05, 6.60303485347e-05, 6.86600615154e-05, 7.24181008991e-05, 7.83739596955e-05, 7.72565836087e-05, 6.5832195105e-05, 3.51028429577e-05, 2.28770331887e-05, 1.34897099997e-05, 6.18000376562e-06, 3.29766498908e-06, 1.82621022304e-06, 1.30850253299e-06, 1.07415439743e-06, 1.04087177988e-06, 1.0991311683e-06, 1.21185291846e-06, 1.28316344217e-06, 1.53025439431e-06, 1.6581732325e-06, 1.77211529717e-06, 2.27429541155e-06, 2.69333850156e-06, 2.85837131742e-06, 3.09566939904e-06, 3.44148043041e-06, 3.43081842402e-06, 3.3466055811e-06, 3.41078998645e-06, 3.35534355145e-06, 3.52744041265e-06, 3.68296582565e-06, 3.17924900628e-06, 2.69303654932e-06, 2.3133736704e-06, 1.64272375969e-06, 1.03061199752e-06, 8.51603886076e-07, 7.62594709158e-07, 6.57014481931e-07, 6.32236151432e-07, 5.80488801916e-07, 6.35597587006e-07, 6.30071440355e-07, 5.58696058306e-07, 4.44949932898e-07, 3.20026828149e-07, 2.03246074193e-07, 4.50331150148e-08, 1.76411352193e-09, 8.06754489602e-12, 6.4400377392e-12, 6.3350076053e-12, 6.10307681129e-12, 5.84812406834e-12, 5.62619872566e-12, 5.48783457913e-12, 5.39403591238e-12, 5.25634960905e-12, 5.16052391791e-12, 5.12586023974e-12, 5.00866535746e-12, 4.84776324985e-12, 4.77892508552e-12, 4.7833460283e-12, 4.630087546e-12, 4.09110202312e-12, 3.19249726481e-12, 2.69890360061e-12, 2.61719096915e-12],
        "min": [9.05957860814e-12, 2.79216783028e-09, 7.00952451638e-09, 5.29555315154e-08, 8.38771541112e-08, 1.27243296788e-07, 1.07498379975e-07, 1.33415505843e-06, 7.10182462171e-07, 1.83658221431e-06, 2.56369986573e-07, 5.32355329597e-07, 5.39105485586e-07, 9.08957417778e-07, 4.25154809136e-07, 7.92427101715e-08, 1.65985099443e-07, 1.52253818442e-07, 5.2181764687e-08, 1.9573271004e-07, 1.2312878539e-07, 2.85518979126e-07, 1.70262893562e-07, 9.8921368874e-08, 1.36617117619e-07, 5.04339610075e-08, 4.02876096928e-08, 2.18191047452e-08, 4.60792612955e-08, 6.72955664527e-08, 4.40477094799e-08, 5.66814435388e-08, 7.77660318363e-08, 5.82930645976e-08, 4.28173621003e-08, 7.1182562067e-08, 9.05914276927e-08, 5.79507180021e-08, 2.54749146222e-08, 6.46077964461e-08, 3.84457159441e-08, 1.76141394803e-08, 3.46572868182e-08, 1.89687945351e-08, 2.15208864063e-08, 1.54594541613e-08, 6.67939303867e-09, 9.02898733557e-09, 1.43437777211e-08, 4.78385109304e-09, 4.3102397207e-09, 5.37986855065e-09, 9.21085963057e-09, 4.43365788527e-09, 5.89870330359e-09, 7.72299291185e-09, 6.1391247641e-09, 7.66801644403e-09, 1.3203390381e-08, 1.23643921768e-08, 1.20123342384e-08, 6.97012181305e-09, 6.03124661325e-09, 6.86807322126e-09, 3.9222616266e-09, 5.72627412154e-09, 2.86552626072e-09, 3.53712836798e-09, 2.89656743035e-09, 1.99808680712e-09, 2.3746959954e-09, 2.07127026641e-09, 1.30750643645e-09, 8.45635839131e-10, 1.04643171905e-09, 5.65812285913e-10, 6.30801910706e-10, 5.97343119413e-10, 5.55648249634e-10, 4.57263199527e-10, 3.35856287226e-10, 1.58677515572e-10, 4.78686534855e-10, 6.37672914472e-10, 2.46252851444e-10, 2.59287286086e-10, 2.6923405172e-10, 2.55326232379e-10, 2.84620410573e-10, 3.27325583305e-10, 2.72584704808e-10, 2.10596179384e-10, 5.33171562456e-11, 9.20641549107e-11, 1.43851403012e-10, 6.19135992475e-11, 7.28391166827e-11, 2.26911753276e-11, 4.34751366851e-11, 2.59638924943e-11, 1.0855746857e-11, 4.28623195964e-12, 3.03158301414e-12, 6.63422919031e-12, 2.56298172789e-12, 1.39704751673e-12, 1.22547577554e-12, 1.01614680212e-12, 4.85607105742e-13, 7.66579020314e-13, 7.95913844814e-13, 7.96493784556e-13, 9.03362833756e-13, 8.46964588307e-13, 9.09883821933e-13, 8.77291240955e-13, 7.44130451702e-13, 9.37352951334e-13, 8.80534089653e-13, 8.95909756972e-13, 9.2362662657e-13, 9.89726204638e-13, 8.83738991275e-13, 9.55777124112e-13, 6.10535168429e-13, 2.03861531605e-13, 3.40038733932e-14, 1.16396525343e-15],
        "stdev": [1.13680562208e-06, 1.24161238091e-06, 1.21563980429e-05, 0.000103908751043, 0.000256753497524, 0.000551814388018, 0.000589324743487, 0.000715705682524, 0.00066266732756, 0.000434574612882, 0.000489068916067, 0.000790895312093, 0.000677387753967, 0.000884313543793, 0.00145986396819, 0.0015081667807, 0.00134126644116, 0.000863917754032, 0.000689223350491, 0.000738259637728, 0.000728643208276, 0.000799481058493, 0.000894155469723, 0.000835380225908, 0.000557530962396, 0.000373889750335, 0.000523040944245, 0.000552007346414, 0.000421677570557, 0.000292733719107, 0.00024631380802, 0.000151473432197, 0.000181179260835, 0.000263466819888, 0.000102022124338, 9.33128831093e-05, 0.000138710151077, 0.000205304153496, 0.000173289503437, 9.61949190241e-05, 0.000144122663187, 7.64902797528e-05, 7.03926343704e-05, 9.59377503023e-05, 4.91036007588e-05, 4.53005013696e-05, 9.07640351215e-05, 0.000135026828502, 7.24044075469e-05, 8.32717341837e-05, 0.000115584625746, 0.000153481538291, 0.000118896554341, 0.00010691278294, 0.000126896993606, 0.000106516490632, 8.31067663967e-05, 0.000102029865957, 0.000145909172716, 0.000143764889799, 0.000138640127261, 0.00015618854377, 0.00014706402726, 0.000141167256515, 8.37187471916e-05, 6.36870609014e-05, 4.27059567301e-05, 2.04715215659e-05, 1.20263857752e-05, 4.959605576e-06, 3.4617376059e-06, 2.84393559014e-06, 3.2821124023e-06, 3.91267121813e-06, 4.94933146911e-06, 5.3519620451e-06, 6.27976669421e-06, 6.75897626934e-06, 7.23223001842e-06, 9.45587635215e-06, 1.1189763427e-05, 1.18661118904e-05, 1.34726751639e-05, 1.3972371562e-05, 1.40241145345e-05, 1.33611047204e-05, 1.41980799526e-05, 1.4554037989e-05, 1.54853805725e-05, 1.70950315805e-05, 1.49371717271e-05, 1.3818737898e-05, 1.25835358631e-05, 7.19021363693e-06, 4.08056985179e-06, 3.4160418636e-06, 3.19640412272e-06, 2.40001872953e-06, 2.32590787164e-06, 2.19415687752e-06, 2.84597831524e-06, 3.07905656882e-06, 3.19847299579e-06, 2.68163876171e-06, 2.10317784877e-06, 1.23712652567e-06, 2.62950067054e-07, 1.5799248132e-08, 4.54050651244e-11, 4.14802012183e-11, 4.00177009585e-11, 3.75488494464e-11, 3.60373224317e-11, 3.4595059456e-11, 3.30829946771e-11, 3.20505809392e-11, 3.08531845905e-11, 2.98883591487e-11, 2.90291124472e-11, 2.80780676487e-11, 2.74569290915e-11, 2.68558647543e-11, 2.61584781613e-11, 2.56988475639e-11, 2.52411997553e-11, 2.4789503783e-11, 2.47770432643e-11, 2.46061469811e-11]
    },
    "mfcc": {
        "mean": [-683.824768066, 127.860198975, -13.4008026123, 17.2045211792, 6.411714077, -26.8849868774, -17.2533054352, 13.104637146, -23.8970336914, -6.85873031616, 0.570710241795, -8.83305454254, -9.5716714859],
        "cov": [[2857.75366211, -1337.73425293, -469.049987793, -96.5669937134, 105.854324341, -479.174377441, -7.56240987778, 301.158203125, -86.4772872925, 15.0818090439, 241.224578857, 42.3150901794, -19.0266990662], [-1337.73425293, 1695.65783691, -584.304443359, 7.81429052353, 241.059432983, -170.362945557, -49.3947601318, 47.2902336121, -116.429916382, -33.7767601013, -21.6529426575, 36.5682411194, 17.3151988983], [-469.049987793, -584.304443359, 1330.37402344, 38.5955200195, -493.593811035, 523.167175293, 40.1986961365, -181.831802368, 59.3524703979, -6.89521026611, -128.3855896, -57.7571372986, 42.7568054199], [-96.5669937134, 7.81429052353, 38.5955200195, 303.356842041, 120.22959137, 22.858341217, -57.5623550415, -64.7985916138, 14.5122842789, 64.6179428101, -14.0903949738, -34.2680778503, 42.8709754944], [105.854324341, 241.059432983, -493.593811035, 120.22959137, 636.800842285, -241.371658325, -151.844726562, -29.9083080292, 27.1881561279, 74.932182312, 6.53319358826, 39.6414299011, -14.3162536621], [-479.174377441, -170.362945557, 523.167175293, 22.858341217, -241.371658325, 536.313293457, 44.686050415, -179.513076782, 87.5010299683, -15.2764425278, -80.1134338379, -31.8887195587, 14.6051168442], [-7.56240987778, -49.3947601318, 40.1986961365, -57.5623550415, -151.844726562, 44.686050415, 242.601242065, 65.7827301025, -0.418718904257, -31.0853748322, 17.9919204712, -19.9974727631, -6.22390699387], [301.158203125, 47.2902336121, -181.831802368, -64.7985916138, -29.9083080292, -179.513076782, 65.7827301025, 266.433166504, -51.9303131104, -32.521774292, 90.2753677368, 20.691942215, -8.06702613831], [-86.4772872925, -116.429916382, 59.3524703979, 14.5122842789, 27.1881561279, 87.5010299683, -0.418718904257, -51.9303131104, 179.635391235, 9.43807125092, -28.0899448395, 6.21890306473, -20.9903354645], [15.0818090439, -33.7767601013, -6.89521026611, 64.6179428101, 74.932182312, -15.2764425278, -31.0853748322, -32.521774292, 9.43807125092, 130.040100098, -7.88689994812, -37.2288894653, 8.37445545197], [241.224578857, -21.6529426575, -128.3855896, -14.0903949738, 6.53319358826, -80.1134338379, 17.9919204712, 90.2753677368, -28.0899448395, -7.88689994812, 136.496536255, 24.0307159424, 2.69144439697], [42.3150901794, 36.5682411194, -57.7571372986, -34.2680778503, 39.6414299011, -31.8887195587, -19.9974727631, 20.691942215, 6.21890306473, -37.2288894653, 24.0307159424, 151.917297363, -5.86491537094], [-19.0266990662, 17.3151988983, 42.7568054199, 42.8709754944, -14.3162536621, 14.6051168442, -6.22390699387, -8.06702613831, -20.9903354645, 8.37445545197, 2.69144439697, -5.86491537094, 81.333694458]],
        "icov": [[0.00146154873073, 0.00156838970724, 0.000770795159042, 0.000191038590856, -6.70202716719e-05, 0.00051172421081, 0.000384729151847, -0.000722610973753, 0.000850581214763, 9.08425281523e-05, -0.000652490241919, -0.000100050616311, -0.000419269927079], [0.00156838970724, 0.00246848911047, 0.0012554685818, 0.000146079735714, -0.00016469694674, 0.000307539914502, 0.000480584276374, -0.000897682388313, 0.00143580755685, 0.000349277252099, -9.83687714324e-05, -0.000212742845179, -0.000709587940946], [0.000770795159042, 0.0012554685818, 0.00226312852465, -0.000266468559857, 0.000997348804958, -0.00082532747183, 0.000603291729931, -0.000348612462403, 0.000665245344862, -0.000152680222527, 0.000738469825592, -0.000229921002756, -0.000654491304886], [0.000191038590856, 0.000146079735714, -0.000266468559857, 0.00457540806383, -0.00105555355549, -0.000109464468551, 0.000344134838087, 0.000302717584418, -0.000101787569292, -0.00116845685989, -0.00054112932412, 0.000817530148197, -0.00219690706581], [-6.70202716719e-05, -0.00016469694674, 0.000997348804958, -0.00105555355549, 0.00343608111143, 0.00080096925376, 0.00111457763705, 0.000815594394226, -0.000848964904435, -0.00103530217893, 0.000430458312621, -0.000761327682994, 0.000496990978718], [0.00051172421081, 0.000307539914502, -0.00082532747183, -0.000109464468551, 0.00080096925376, 0.004442372825, -0.000567065086216, 0.00201690848917, -0.00112454651389, 0.000548330950551, -0.000540669832844, 7.4303803558e-05, -0.000277701503364], [0.000384729151847, 0.000480584276374, 0.000603291729931, 0.000344134838087, 0.00111457763705, -0.000567065086216, 0.005585369654, -0.00164172775112, -0.000154918627231, 0.000372734706616, -0.000182296687854, 0.000760955910664, 3.42836865457e-05], [-0.000722610973753, -0.000897682388313, -0.000348612462403, 0.000302717584418, 0.000815594394226, 0.00201690848917, -0.00164172775112, 0.00739374943078, -0.000224513874855, 0.000724059238564, -0.00269746687263, -3.11716758006e-05, 0.000389385066228], [0.000850581214763, 0.00143580755685, 0.000665245344862, -0.000101787569292, -0.000848964904435, -0.00112454651389, -0.000154918627231, -0.000224513874855, 0.00760667910799, -0.000207052580663, 0.000543944421224, -0.000746084551793, 0.00152824958786], [9.08425281523e-05, 0.000349277252099, -0.000152680222527, -0.00116845685989, -0.00103530217893, 0.000548330950551, 0.000372734706616, 0.000724059238564, -0.000207052580663, 0.00998097471893, -0.000407113606343, 0.00240686070174, -0.000431397551438], [-0.000652490241919, -9.83687714324e-05, 0.000738469825592, -0.00054112932412, 0.000430458312621, -0.000540669832844, -0.000182296687854, -0.00269746687263, 0.000543944421224, -0.000407113606343, 0.0109182242304, -0.00139143341221, -0.000622655439656], [-0.000100050616311, -0.000212742845179, -0.000229921002756, 0.000817530148197, -0.000761327682994, 7.4303803558e-05, 0.000760955910664, -3.11716758006e-05, -0.000746084551793, 0.00240686070174, -0.00139143341221, 0.00790985673666, -0.000204326177482], [-0.000419269927079, -0.000709587940946, -0.000654491304886, -0.00219690706581, 0.000496990978718, -0.000277701503364, 3.42836865457e-05, 0.000389385066228, 0.00152824958786, -0.000431397551438, -0.000622655439656, -0.000204326177482, 0.0144733497873]]
    },
    "spectral_contrast_coeffs": {
        "max": [-0.398153960705, -0.422653377056, -0.51556622982, -0.548395395279, -0.466691613197, -0.626160383224],
        "mean": [-0.656691253185, -0.717006266117, -0.745621860027, -0.772936522961, -0.683663845062, -0.789121568203],
        "min": [-0.833085119724, -0.912490010262, -0.899292230606, -0.910507678986, -0.886817395687, -0.927847027779],
        "stdev": [0.0623700022697, 0.0818012133241, 0.0763266831636, 0.0631957054138, 0.097472332418, 0.0397598445415]
    },
    "spectral_contrast_valleys": {
        "max": [-5.56294345856, -5.53582715988, -5.81421041489, -6.53417015076, -6.13277244568, -7.6110625267],
        "mean": [-7.43087816238, -6.87500619888, -7.93099927902, -8.18062019348, -8.27128219604, -10.7834396362],
        "min": [-9.20610523224, -8.72185897827, -9.45520210266, -9.97515392303, -10.3212432861, -14.1052436829],
        "stdev": [0.518329501152, 0.496682941914, 0.478462487459, 0.567956030369, 0.652417302132, 1.00509047508]
    }
},
"rhythm": {
    "beats_count": 101,
    "beats_loudness": {
        "max": 0.0537960343063,
        "mean": 0.0192842911929,
        "min": 0.00208283425309,
        "stdev": 0.00948077160865
    },
    "bpm": 146.921447754,
    "bpm_histogram_first_peak_bpm": 148,
    "bpm_histogram_first_peak_weight": 0.272727310658,
    "bpm_histogram_second_peak_bpm": 108,
    "bpm_histogram_second_peak_spread": 0.625,
    "bpm_histogram_second_peak_weight": 0.0900000035763,
    "danceability": 1.23865437508,
    "onset_rate": 3.0966796875,
    "beats_loudness_band_ratio": {
        "max": [0.68494451046, 0.926237046719, 0.805097162724, 0.677273035049, 0.814115047455, 0.870003700256],
        "mean": [0.138696148992, 0.274520397186, 0.271376103163, 0.104417949915, 0.20438246429, 0.082265779376],
        "min": [0.00737882684916, 0.0248651858419, 0.0110027622432, 0.00421509053558, 0.00307609583251, 0.000477077090181],
        "stdev": [0.147380486131, 0.230525642633, 0.197482004762, 0.129039749503, 0.201663538814, 0.131169587374]
    },
