{
"metadata": {
    "version": {
        "essentia": "2.1-beta5",
        "essentia_git_sha": "Undefined",
        "extractor": "music 2.0"
    },
    "audio_properties": {
        "analysis": {
            "equal_loudness": 0,
            "length": 48.7502937317,
            "sample_rate": 44100,
            "start_time": 61.4980506897,
            "downmix": "mix"
        },
        "bit_rate": 192000,
        "length": 203.8828125,
        "lossless": 0,
        "number_channels": 2,
        "replay_gain": -10.4183654785,
        "sample_rate": 48000,
        "codec": "mp3",
        "md5_encoded": "98ffd2e87c0e64bdb093b72f7d91883c"
    },
    "tags": {
        "file_name": "Russia_Believe_Dima Bilan.mp3",
        "encoding": ["Lavf58.29.100"]
    }
},
"lowlevel": {
    "average_loudness": 0.974736511707,
    "barkbands_crest": {
        "max": 23.3432617188,
        "mean": 8.9865655899,
        "min": 2.31311869621,
        "stdev": 3.66004347801
    },
    "barkbands_flatness_db": {
        "max": 0.326884180307,
        "mean": 0.100717663765,
        "min": 0.0290841087699,
        "stdev": 0.0352496393025
    },
    "barkbands_kurtosis": {
        "max": 103.606491089,
        "mean": 1.26585292816,
        "min": -1.94579935074,
        "stdev": 5.30452632904
    },
    "barkbands_skewness": {
        "max": 7.89193964005,
        "mean": 0.996595144272,
        "min": -4.53345060349,
        "stdev": 0.984701097012
    },
    "barkbands_spread": {
        "max": 114.827507019,
        "mean": 37.2353782654,
        "min": 1.24199283123,
        "stdev": 16.4568824768
    },
    "dissonance": {
        "max": 0.499917685986,
        "mean": 0.46922364831,
        "min": 0.285973876715,
        "stdev": 0.0255555231124
    },
    "dynamic_complexity": 1.73092806339,
    "erbbands_crest": {
        "max": 24.18491745,
        "mean": 8.52468013763,
        "min": 2.51692414284,
        "stdev": 3.66443967819
    },
    "erbbands_flatness_db": {
        "max": 0.256541699171,
        "mean": 0.14114177227,
        "min": 0.0516199953854,
        "stdev": 0.0282938871533
    },
    "erbbands_kurtosis": {
        "max": 24.8722076416,
        "mean": 0.0430114306509,
        "min": -1.73712766171,
        "stdev": 1.70006072521
    },
    "erbbands_skewness": {
        "max": 3.09280896187,
        "mean": -0.00907014217228,
        "min": -4.09230136871,
        "stdev": 0.814189612865
    },
    "erbbands_spread": {
        "max": 131.670822144,
        "mean": 45.5297088623,
        "min": 9.34130859375,
        "stdev": 14.8229398727
    },
    "hfc": {
        "max": 288.70690918,
        "mean": 38.4456825256,
        "min": 0.591305553913,
        "stdev": 29.0008449554
    },
    "loudness_ebu128": {
        "integrated": -11.9048185349,
        "loudness_range": 3.84809970856,
        "momentary": {
            "max": -9.76898193359,
            "mean": -12.1948537827,
            "min": -18.127412796,
            "stdev": 1.6986874342
        },
        "short_term": {
            "max": -10.462729454,
            "mean": -12.1082792282,
            "min": -15.336848259,
            "stdev": 1.34168124199
        }
    },
    "melbands_crest": {
        "max": 29.7558822632,
        "mean": 13.7088842392,
        "min": 3.56112861633,
        "stdev": 4.67266988754
    },
    "melbands_flatness_db": {
        "max": 0.434820652008,
        "mean": 0.145064666867,
        "min": 0.031461186707,
        "stdev": 0.051620092243
    },
    "melbands_kurtosis": {
        "max": 155.901596069,
        "mean": 8.85212993622,
        "min": -1.832046628,
        "stdev": 13.0828123093
    },
    "melbands_skewness": {
        "max": 10.4490222931,
        "mean": 2.3380548954,
        "min": -1.09818029404,
        "stdev": 1.27131187916
    },
    "melbands_spread": {
        "max": 265.747283936,
        "mean": 41.2867202759,
        "min": 0.956765830517,
        "stdev": 28.2541332245
    },
    "pitch_salience": {
        "max": 0.84508728981,
        "mean": 0.549088478088,
        "min": 0.175147637725,
        "stdev": 0.101322859526
    },
    "silence_rate_20dB": {
        "max": 1,
        "mean": 1,
        "min": 1,
        "stdev": 0
    },
    "silence_rate_30dB": {
        "max": 1,
        "mean": 0.999524056911,
        "min": 0,
        "stdev": 0.0218114424497
    },
    "silence_rate_60dB": {
        "max": 1,
        "mean": 0.00475963810459,
        "min": 0,
        "stdev": 0.0688264071941
    },
    "spectral_centroid": {
        "max": 5930.25146484,
        "mean": 2010.25085449,
        "min": 284.720031738,
        "stdev": 721.645141602
    },
    "spectral_complexity": {
        "max": 51,
        "mean": 23.660161972,
        "min": 3,
        "stdev": 8.84909152985
    },
    "spectral_decrease": {
        "max": -3.05193509353e-10,
        "mean": -7.22049131596e-09,
        "min": -3.9885918568e-08,
        "stdev": 4.28953939036e-09
    },
    "spectral_energy": {
        "max": 0.162113562226,
        "mean": 0.0307389385998,
        "min": 0.00142117566429,
        "stdev": 0.0170672424138
    },
    "spectral_energyband_high": {
        "max": 0.0335890129209,
        "mean": 0.00282886670902,
        "min": 1.37952865771e-05,
        "stdev": 0.00325974356383
    },
    "spectral_energyband_low": {
        "max": 0.0781172737479,
        "mean": 0.0102982148528,
        "min": 1.87080638625e-06,
        "stdev": 0.0111431013793
    },
    "spectral_energyband_middle_high": {
        "max": 0.0424588434398,
        "mean": 0.00759347295389,
        "min": 8.44415262691e-05,
        "stdev": 0.00578375998884
    },
    "spectral_energyband_middle_low": {
        "max": 0.125937178731,
        "mean": 0.0110997203737,
        "min": 0.00040862581227,
        "stdev": 0.0104545643553
    },
    "spectral_entropy": {
        "max": 8.87690067291,
        "mean": 7.90130996704,
        "min": 6.68443393707,
        "stdev": 0.288366705179
    },
    "spectral_flux": {
        "max": 0.347313135862,
        "mean": 0.104397729039,
        "min": 0.0208328440785,
        "stdev": 0.0424481965601
    },
    "spectral_kurtosis": {
        "max": 7.88751602173,
        "mean": 1.90499579906,
        "min": -1.1853120327,
        "stdev": 1.08435833454
    },
    "spectral_rms": {
        "max": 0.0125761507079,
        "mean": 0.00525985611603,
        "min": 0.00117750279605,
        "stdev": 0.00152419076767
    },
    "spectral_rolloff": {
        "max": 11735.5957031,
        "mean": 2734.11499023,
        "min": 86.1328125,
        "stdev": 1977.40515137
    },
    "spectral_skewness": {
        "max": 2.12961006165,
        "mean": 1.06171631813,
        "min": -0.200948387384,
        "stdev": 0.287765055895
    },
    "spectral_spread": {
        "max": 14218285,
        "mean": 5359239.5,
        "min": 3204637.75,
        "stdev": 1270982.5
    },
    "spectral_strongpeak": {
        "max": 12.315788269,
        "mean": 0.970150470734,
        "min": 0.0221452228725,
        "stdev": 1.16291856766
    },
    "zerocrossingrate": {
        "max": 0.3759765625,
        "mean": 0.0910720080137,
        "min": 0.0087890625,
        "stdev": 0.045560400933
    },
    "barkbands": {
        "max": [0.002296339022, 0.0494240745902, 0.0433343723416, 0.0387648493052, 0.0327062308788, 0.0398285649717, 0.0498468801379, 0.110245548189, 0.0433134101331, 0.0223998334259, 0.0176919847727, 0.0105349691585, 0.01430713851, 0.00844499561936, 0.00790091510862, 0.0135201066732, 0.00917651411146, 0.00424518948421, 0.00598935969174, 0.00769261689857, 0.00573368277401, 0.00802772026509, 0.013204398565, 0.0209829825908, 0.0182755887508, 0.00285818730481, 0.000130093627376],
        "mean": [0.00014854411711, 0.00665137171745, 0.00264790398069, 0.00148759956937, 0.0023180260323, 0.00219165510498, 0.00136323994957, 0.00166608695872, 0.00165730551817, 0.00130921800155, 0.0010508231353, 0.000464424461825, 0.000547304342035, 0.000604938075412, 0.000473415158922, 0.000860932806972, 0.000984641141258, 0.000462499796413, 0.000612926378381, 0.000686699233484, 0.000429729610914, 0.000760416733101, 0.000613946293015, 0.000469824852189, 0.000222672984819, 5.03086885146e-05, 2.48891387855e-06],
        "min": [9.01967123212e-09, 5.82030622809e-07, 3.42252121754e-07, 1.72804732301e-06, 1.46819056681e-05, 2.32657043853e-06, 3.15793408845e-06, 5.56030317966e-06, 4.38172764916e-06, 6.32159026281e-06, 4.51176174465e-06, 8.51160450566e-07, 3.28249143422e-06, 9.57393922363e-07, 3.03577121485e-06, 1.86534077784e-06, 1.65518690665e-06, 2.38862935475e-06, 2.77483400168e-06, 9.07881997136e-07, 1.56236853854e-06, 2.62019443653e-06, 2.19936578105e-06, 7.56202496177e-07, 2.88747855848e-07, 1.29480952182e-07, 5.06467888461e-11],
        "stdev": [0.000220851259655, 0.00753288436681, 0.00408182945102, 0.0041379192844, 0.00337324012071, 0.00391294620931, 0.00359036470763, 0.00424172356725, 0.00332892942242, 0.00258848443627, 0.00195249263197, 0.000854721409269, 0.000972031557467, 0.000807468837593, 0.000667450774927, 0.00146566552576, 0.00150048045907, 0.000497920031194, 0.000612367002759, 0.000918821140658, 0.000547562725842, 0.000751698098611, 0.000813873077277, 0.00143315608148, 0.000774847227149, 0.000154724068125, 5.85586121815e-06]
    },
    "erbbands": {
        "max": [1.53059434891, 11.4122028351, 49.5629844666, 93.1413650513, 125.421028137, 106.067375183, 255.826278687, 433.717193604, 727.015197754, 962.380126953, 2590.49682617, 1328.65185547, 686.827026367, 863.340820312, 496.146575928, 541.342285156, 742.840148926, 455.287872314, 406.570617676, 535.000732422, 899.591674805, 635.172302246, 291.18270874, 153.288497925, 370.840240479, 337.233215332, 327.315673828, 204.49130249, 400.733978271, 335.260192871, 415.093994141, 667.728759766, 297.289245605, 176.853942871, 148.097900391, 27.6732406616, 2.10881376266, 0.167158469558, 0.0307401716709, 0.000796565844212],
        "mean": [0.191480755806, 1.46947097778, 3.23482489586, 4.25394248962, 4.65315628052, 7.82007360458, 17.8825111389, 17.1112804413, 17.3148422241, 28.2479515076, 37.4662399292, 38.6053924561, 37.4673118591, 44.4679946899, 34.6531181335, 18.7407131195, 26.1976356506, 26.1098117828, 30.7426395416, 28.1967506409, 54.4074401855, 54.8686256409, 30.8631343842, 24.3523578644, 35.4482116699, 31.6419372559, 20.2963314056, 15.96296978, 24.9320297241, 25.5667057037, 17.0632915497, 12.992026329, 5.63866901398, 3.0782892704, 1.27587366104, 0.430273920298, 0.0474525615573, 0.00466576917097, 0.000399770971853, 5.4144202295e-05],
        "min": [1.91568815353e-05, 0.000218987988774, 0.00176987471059, 0.00643427763134, 0.011020055972, 0.0637064427137, 0.0632229670882, 0.0846643820405, 0.194890528917, 0.157629385591, 0.178583055735, 0.174829512835, 0.279805243015, 0.244993537664, 0.259922325611, 0.163013130426, 0.142217978835, 0.0760809928179, 0.0789091736078, 0.193129315972, 0.127693727612, 0.101461000741, 0.148096844554, 0.128340005875, 0.0978882238269, 0.0467353053391, 0.0682277977467, 0.0589554049075, 0.098972722888, 0.109504960477, 0.0345457829535, 0.0187145192176, 0.0123561192304, 0.00430196989328, 0.00179088255391, 0.00101549224928, 9.1357556812e-05, 2.87353395834e-06, 1.50290020429e-06, 2.38883080783e-06],
        "stdev": [0.25901132822, 1.65214467049, 4.40357255936, 10.4029922485, 9.07810211182, 12.0100336075, 28.8228912354, 33.3159103394, 43.4182090759, 67.9261856079, 93.1376571655, 82.1367645264, 72.1811065674, 87.1666641235, 57.761390686, 33.3586730957, 46.5378684998, 35.6172943115, 39.1576881409, 38.6340866089, 88.4924240112, 82.7504806519, 31.9402923584, 21.3411312103, 39.928276062, 42.4087638855, 27.3178634644, 18.0337696075, 26.5004940033, 26.4562568665, 25.1402702332, 38.4134597778, 17.1425189972, 9.81606578827, 5.42286872864, 1.42672884464, 0.124740220606, 0.0103392377496, 0.00111746182665, 4.46584017482e-05]
    },
    "gfcc": {
        "mean": [44.423576355, 63.3112564087, -122.312973022, 50.2896995544, -70.0414581299, 24.8103656769, -37.1669464111, 13.9597711563, -18.0008201599, 2.10019469261, -15.3410100937, 3.37159919739, -10.4548549652],
        "cov": [[1382.72729492, -257.020996094, -75.3464126587, 155.056716919, 105.590560913, 65.2188491821, 1.55157184601, 90.7136306763, 90.2110366821, 12.5997428894, 20.5716819763, 20.1018009186, 6.41357088089], [-257.020996094, 749.995605469, -2.13055491447, 44.3029632568, 94.1363067627, -39.5325622559, 106.343544006, -1.14789688587, 72.1461639404, -26.8512248993, 47.7721977234, -33.5867767334, 5.56466531754], [-75.3464126587, -2.13055491447, 557.644958496, 149.644424438, 76.731880188, 46.7917098999, -52.3747558594, 25.2138729095, 14.9363307953, 42.5968589783, -20.4658088684, 16.0296173096, -14.1359462738], [155.056716919, 44.3029632568, 149.644424438, 386.554718018, 199.459854126, 14.1664428711, -44.4732398987, 7.90476942062, 98.5035018921, 10.5370111465, 9.37798213959, 35.2063102722, 62.4232597351], [105.590560913, 94.1363067627, 76.731880188, 199.459854126, 273.239501953, 43.8446273804, -15.7021970749, 33.5131416321, 57.3992004395, 33.8422431946, -8.08318805695, 5.84221172333, 29.9125385284], [65.2188491821, -39.5325622559, 46.7917098999, 14.1664428711, 43.8446273804, 200.420013428, 138.859481812, 47.6048431396, -1.87778353691, -1.40789353848, 12.8784484863, -44.8332176208, -46.3041000366], [1.55157184601, 106.343544006, -52.3747558594, -44.4732398987, -15.7021970749, 138.859481812, 340.631317139, 57.5813903809, -37.4731216431, -15.166765213, 23.3092441559, -60.6256065369, -80.0898513794], [90.7136306763, -1.14789688587, 25.2138729095, 7.90476942062, 33.5131416321, 47.6048431396, 57.5813903809, 110.854171753, 47.2306556702, 15.693731308, 9.09777832031, -10.3769884109, -14.3312625885], [90.2110366821, 72.1461639404, 14.9363307953, 98.5035018921, 57.3992004395, -1.87778353691, -37.4731216431, 47.2306556702, 162.819549561, 31.0944900513, 7.1683678627, 9.47931480408, 17.447719574], [12.5997428894, -26.8512248993, 42.5968589783, 10.5370111465, 33.8422431946, -1.40789353848, -15.166765213, 15.693731308, 31.0944900513, 101.904998779, 18.4993610382, 3.16019368172, -0.130012840033], [20.5716819763, 47.7721977234, -20.4658088684, 9.37798213959, -8.08318805695, 12.8784484863, 23.3092441559, 9.09777832031, 7.1683678627, 18.4993610382, 84.7564620972, 26.9934692383, 10.9822120667], [20.1018009186, -33.5867767334, 16.0296173096, 35.2063102722, 5.84221172333, -44.8332176208, -60.6256065369, -10.3769884109, 9.47931480408, 3.16019368172, 26.9934692383, 101.871444702, 49.8364486694], [6.41357088089, 5.56466531754, -14.1359462738, 62.4232597351, 29.9125385284, -46.3041000366, -80.0898513794, -14.3312625885, 17.447719574, -0.130012840033, 10.9822120667, 49.8364486694, 96.4431533813]],
        "icov": [[0.000939302670304, 0.00046214426402, 0.000246166280704, -0.000301598134683, -0.000322598119965, 5.94825287408e-05, -2.95512818411e-05, -0.000519844994415, -0.000378192751668, 0.000314377219183, -0.000448860344477, 1.29506870508e-05, 0.000282252585748], [0.00046214426402, 0.00272109615617, -0.000687713560183, 0.00120214023627, -0.00227662292309, 0.00240197777748, -0.00193026696797, 0.00144081457984, -0.00250122346915, 0.00234506675042, -0.00299555668607, 0.00206100684591, -0.00086438463768], [0.000246166280704, -0.000687713560183, 0.00284244003706, -0.00203601107933, 0.00115184742026, -0.0017079351237, 0.00155059213284, -0.00164917833172, 0.00172085769009, -0.00192827638239, 0.00190431787632, -0.00163427460939, 0.00193681975361], [-0.000301598134683, 0.00120214023627, -0.00203601107933, 0.00699142413214, -0.00482597295195, 0.00156449282076, -0.00190156337339, 0.00328951515257, -0.00426975497976, 0.00306065403856, -0.0026391397696, 0.00109882804099, -0.00320603139699], [-0.000322598119965, -0.00227662292309, 0.00115184742026, -0.00482597295195, 0.00895983260125, -0.00370267732069, 0.00224464340135, -0.00311288470402, 0.00295247742906, -0.00443052826449, 0.00456021958962, -0.00173213041853, 0.000125732956803], [5.94825287408e-05, 0.00240197777748, -0.0017079351237, 0.00156449282076, -0.00370267732069, 0.0108016189188, -0.00447736913338, 0.000330497598043, -0.00224497006275, 0.00322984275408, -0.00459394417703, 0.0041439095512, 5.21767033206e-05], [-2.95512818411e-05, -0.00193026696797, 0.00155059213284, -0.00190156337339, 0.00224464340135, -0.00447736913338, 0.00709600839764, -0.00364965782501, 0.00359825580381, -0.00135460298043, 0.000774043612182, -0.000796085048933, 0.00374643597752], [-0.000519844994415, 0.00144081457984, -0.00164917833172, 0.00328951515257, -0.00311288470402, 0.000330497598043, -0.00364965782501, 0.0149486493319, -0.00634045898914, 0.00130987260491, -0.00235443003476, 0.00118400342762, -0.00129963830113], [-0.000378192751668, -0.00250122346915, 0.00172085769009, -0.00426975497976, 0.00295247742906, -0.00224497006275, 0.00359825580381, -0.00634045898914, 0.0121608134359, -0.00459440937266, 0.00303862965666, -0.00178870745003, 0.00160973309539], [0.000314377219183, 0.00234506675042, -0.00192827638239, 0.00306065403856, -0.00443052826449, 0.00322984275408, -0.00135460298043, 0.00130987260491, -0.00459440937266, 0.0144914807752, -0.00651375716552, 0.00280052609742, -0.00027996886638], [-0.000448860344477, -0.00299555668607, 0.00190431787632, -0.0026391397696, 0.00456021958962, -0.00459394417703, 0.000774043612182, -0.00235443003476, 0.00303862965666, -0.00651375716552, 0.0190682392567, -0.00748213054612, -5.87621400427e-07], [1.29506870508e-05, 0.00206100684591, -0.00163427460939, 0.00109882804099, -0.00173213041853, 0.0041439095512, -0.000796085048933, 0.00118400342762, -0.00178870745003, 0.00280052609742, -0.00748213054612, 0.0173321645707, -0.00680581433699], [0.000282252585748, -0.00086438463768, 0.00193681975361, -0.00320603139699, 0.000125732956803, 5.21767033206e-05, 0.00374643597752, -0.00129963830113, 0.00160973309539, -0.00027996886638, -5.87621400427e-07, -0.00680581433699, 0.0188883505762]]
    },
    "melbands": {
        "max": [0.0125947743654, 0.0207863543183, 0.0142826540396, 0.00800141040236, 0.0074443211779, 0.00850565265864, 0.0101598650217, 0.00931589305401, 0.0180390104651, 0.00795613322407, 0.00343781150877, 0.00354712200351, 0.00200252351351, 0.00143023545388, 0.00132063613273, 0.00163137505297, 0.000854273966979, 0.000774240063038, 0.000619015598204, 0.000926064094529, 0.00127498677466, 0.000744921620935, 0.000337642297382, 0.000240840454353, 0.000145732046803, 0.000408489024267, 0.0003353045322, 0.000267408788204, 0.000257136474829, 0.000215306587052, 0.000106325031084, 0.000280731823295, 0.000178961578058, 0.000217611785047, 0.000280135456705, 0.000342942948919, 0.000441853364464, 0.000234783801716, 0.000198105801246, 0.000168492129887],
        "mean": [0.001769493334, 0.00176306674257, 0.000744733144529, 0.000407319341321, 0.000602053012699, 0.000387425010558, 0.000265160517301, 0.000327016605297, 0.000314762961352, 0.000232210732065, 0.000183083000593, 0.000179689275683, 0.000127026505652, 6.01552346779e-05, 5.13369304826e-05, 5.53057725483e-05, 4.90199126943e-05, 5.22087866557e-05, 3.74201736122e-05, 4.684229134e-05, 6.71528468956e-05, 6.17721598246e-05, 3.73402908735e-05, 1.83900556294e-05, 1.9337870981e-05, 2.41265679506e-05, 2.83323770418e-05, 1.89443726413e-05, 1.29196450871e-05, 1.03587699414e-05, 8.65540914674e-06, 1.25274345919e-05, 1.77528272616e-05, 1.26632567117e-05, 9.78729349299e-06, 8.97989048099e-06, 7.49708488001e-06, 3.89859133065e-06, 3.23606764141e-06, 2.37971903516e-06],
        "min": [1.66743745922e-07, 2.57465330833e-07, 1.66648294453e-06, 3.86199417335e-06, 2.96436792269e-06, 1.64378036516e-06, 1.45740079915e-06, 1.11237056899e-06, 1.12260931928e-06, 6.57082352973e-07, 9.91333649836e-07, 1.05707670173e-06, 8.67659537107e-07, 5.35092624432e-07, 1.20224214584e-07, 3.75445807776e-07, 1.13366560583e-07, 9.66690336668e-08, 1.85161908917e-07, 1.52705936785e-07, 9.16952913599e-08, 6.06047763085e-08, 9.42009563687e-08, 1.1253984411e-07, 1.009435735e-07, 9.85040244927e-08, 3.66790331441e-08, 2.58939962805e-08, 2.70584017414e-08, 3.51350379901e-08, 3.46087638547e-08, 4.0446170857e-08, 6.46014868266e-08, 6.27056095936e-08, 1.89383460025e-08, 1.14705294152e-08, 7.70839037045e-09, 6.28261087599e-09, 3.37084560265e-09, 3.36784999888e-09],
        "stdev": [0.00215574493632, 0.00206517591141, 0.00162197859026, 0.000604879867751, 0.000906114291865, 0.00071865163045, 0.000675001589116, 0.000772660598159, 0.000751347572077, 0.000504678115249, 0.000369883870007, 0.000364309875295, 0.000230049321544, 0.000103613201645, 9.54084534897e-05, 0.000105835861177, 7.21658943803e-05, 7.27632577764e-05, 5.15082392667e-05, 8.79789295141e-05, 0.000119370328321, 0.000101295510831, 4.3556890887e-05, 1.91606850422e-05, 1.85082426469e-05, 2.84598027065e-05, 3.67387729057e-05, 2.78395964415e-05, 1.89467300515e-05, 1.59197297762e-05, 1.03599732029e-05, 1.56340211106e-05, 1.84520577022e-05, 1.42163653436e-05, 1.40523843584e-05, 2.12590621231e-05, 2.56730709225e-05, 1.29248473968e-05, 9.99453641271e-06, 8.16424017103e-06]
    },
    "melbands128": {
        "max": [0.00208997749723, 0.0129205407575, 0.0215875897557, 0.0197844803333, 0.0282958485186, 0.018936464563, 0.0227604154497, 0.0211911797523, 0.0131320506334, 0.00956771150231, 0.0066203805618, 0.0117578050122, 0.0127081843093, 0.0180424768478, 0.015395635739, 0.00610797153786, 0.0128502501175, 0.0166770145297, 0.0173356439918, 0.016240844503, 0.0130121298134, 0.0372773893178, 0.0186623074114, 0.0094512430951, 0.0161117594689, 0.0100997509435, 0.00427288049832, 0.0068673575297, 0.0072675854899, 0.00453220261261, 0.00512051861733, 0.00558028649539, 0.00368710956536, 0.00291256117634, 0.00263550388627, 0.00285448180512, 0.00263045006432, 0.00279871583916, 0.00202678469941, 0.0036470820196, 0.00188321457244, 0.00114408275113, 0.00170042680111, 0.00156134110875, 0.00155059364624, 0.00174823973794, 0.00106908509042, 0.000938822282478, 0.00148114701733, 0.00152021157555, 0.00207117036916, 0.00198424770497, 0.00234003318474, 0.00253597670235, 0.00120817823336, 0.00146777671762, 0.00133724289481, 0.00055699236691, 0.00065250066109, 0.000600766565185, 0.0003950985556, 0.000127137405798, 0.000333102914738, 0.000293322227662, 0.000505971780512, 0.000951625232119, 0.000396806310164, 0.000531418831088, 0.000802597904112, 0.00070944102481, 0.000314902717946, 0.000549949822016, 0.000277109560557, 0.00046498249867, 0.000334423442837, 0.000537660438567, 0.000273167417618, 0.000368208973669, 0.000142815697473, 0.000159826056915, 0.000290636409773, 0.000409862055676, 0.000222871269216, 0.00024910128559, 0.000193784362637, 0.000197783869226, 0.00031457998557, 0.000282121007331, 0.000396378716687, 0.000376732699806, 0.000443172524683, 0.000542733760085, 0.000668008578941, 0.000758926093113, 0.000431085674791, 0.00032226802432, 0.000261697306996, 0.00019032236014, 0.000276033766568, 0.000147718048538, 0.000209695339436, 0.000170570347109, 0.000271834462183, 0.000262392335571, 0.000231815458392, 8.34116654005e-05, 9.23198240343e-05, 8.44098467496e-05, 4.30573163612e-05, 2.53223079199e-05, 1.1890564565e-05, 7.20207344784e-06, 6.74159673508e-06, 4.77976027469e-06, 1.19849414659e-06, 7.17352236279e-07, 1.23829647691e-06, 1.18128650684e-06, 1.43854651924e-06, 1.52223674377e-06, 8.15735916149e-07, 3.57886278834e-07, 1.3646284458e-07, 1.36445592602e-08, 1.34005642138e-08, 1.3215571748e-08, 1.30900152939e-08, 1.30111699193e-08],
        "mean": [0.000140472446219, 0.0014330270933, 0.00246087624691, 0.00242312811315, 0.00186752423178, 0.00117937719915, 0.000888565904461, 0.000677515228745, 0.000440155825345, 0.000307218462694, 0.000409142667195, 0.000639578385744, 0.000629981688689, 0.000616136938334, 0.000430746993516, 0.00022417717264, 0.000233704748098, 0.000299342849758, 0.000262829125859, 0.000312343530823, 0.000385725550586, 0.000301338877762, 0.00031360264984, 0.000320712424582, 0.000263754045591, 0.000193727304577, 0.00014661262685, 0.000206194032216, 0.000191980885575, 0.000160470764968, 0.000197661065613, 0.000171839783434, 0.000107166772068, 0.000123736768728, 6.81969104335e-05, 4.26072438131e-05, 3.58413271897e-05, 5.76674319746e-05, 5.15336541866e-05, 6.75324117765e-05, 5.93362965446e-05, 2.99476523651e-05, 4.66406891064e-05, 5.28408854734e-05, 7.40948744351e-05, 4.62580901512e-05, 3.55547163053e-05, 5.00607857248e-05, 2.96222879115e-05, 2.45577557507e-05, 5.7274261053e-05, 5.57718958589e-05, 6.72682726872e-05, 7.27282749722e-05, 6.82081372361e-05, 6.60975638311e-05, 5.220530511e-05, 3.57235403499e-05, 3.71180685761e-05, 3.03502747556e-05, 1.48321942106e-05, 9.69696611719e-06, 1.93474988919e-05, 2.00534468604e-05, 2.39742239501e-05, 2.33558748732e-05, 2.41447596636e-05, 2.91373453365e-05, 3.06982728944e-05, 2.64863138e-05, 1.78670215973e-05, 1.72682812263e-05, 1.20126524052e-05, 1.31902088469e-05, 1.19438891488e-05, 1.10020419015e-05, 9.35964089877e-06, 8.5928122644e-06, 8.07678679848e-06, 9.1647834779e-06, 1.08906733658e-05, 1.32188506541e-05, 1.81194045581e-05, 1.92558854906e-05, 1.72356230905e-05, 1.32851100716e-05, 1.14950244097e-05, 1.00484485301e-05, 9.73953865469e-06, 9.63885213423e-06, 8.82007770997e-06, 8.94842651178e-06, 9.02542524273e-06, 8.24847757031e-06, 6.33157833363e-06, 4.06947492593e-06, 3.28632154378e-06, 3.51082530869e-06, 3.61717388841e-06, 2.78895140582e-06, 2.76112314168e-06, 2.31648596127e-06, 1.96880000658e-06, 1.69352904322e-06, 1.3840254951e-06, 1.10487383154e-06, 1.19202002224e-06, 9.38671632866e-07, 8.64189473759e-07, 4.48700433253e-07, 2.56752855421e-07, 1.33455941409e-07, 1.02682761849e-07, 7.4961349128e-08, 1.66632094789e-08, 1.30226451844e-08, 4.36578169172e-08, 3.11927799146e-08, 2.11462420907e-08, 8.60541327086e-09, 3.81395048876e-09, 1.23842502919e-09, 6.70701882921e-10, 3.0926372574e-11, 1.50067076821e-11, 1.46992834571e-11, 1.45037246102e-11, 1.44108735362e-11],
        "min": [2.89189983071e-09, 9.31858501474e-09, 1.39469804594e-07, 2.42779350401e-07, 2.82649807559e-07, 1.18066651567e-07, 6.75643221371e-08, 4.97874452776e-07, 6.55295764318e-07, 9.59888780017e-07, 8.72548966413e-08, 2.12637928598e-07, 1.57853222049e-07, 3.15294670372e-08, 7.87005376424e-08, 1.6849165263e-07, 3.44719467193e-07, 1.24345078234e-07, 1.37981857051e-07, 3.93376268448e-07, 4.53509755971e-07, 3.20787705732e-07, 2.47257787578e-07, 1.15019901159e-07, 2.55566448004e-07, 2.13219152556e-07, 1.58326471933e-07, 4.05801415582e-07, 2.36092148498e-07, 4.09427286741e-07, 9.60160662089e-08, 1.79839830139e-07, 3.47211511098e-07, 3.58057349104e-07, 2.024032284e-07, 8.18981931161e-08, 4.67862051323e-08, 6.5734965915e-08, 9.69165867559e-08, 6.13051511777e-08, 6.58266756659e-08, 1.365411606e-07, 5.24644825362e-08, 6.16594633129e-08, 3.24348619074e-08, 7.10659833203e-08, 9.76734142455e-08, 6.49107860795e-08, 5.87571094002e-08, 3.41661881009e-08, 5.87870516711e-08, 3.43226069788e-08, 5.42912275137e-08, 6.12924750953e-08, 3.97607138325e-08, 1.9301495513e-08, 3.28776685876e-08, 5.8884431553e-08, 1.12507052563e-07, 1.16803064998e-07, 8.11934199874e-08, 2.81765117904e-08, 2.64568491559e-08, 7.83316806974e-08, 3.50243993807e-08, 5.33181854223e-08, 8.21524395178e-08, 2.63789079469e-08, 1.79232806374e-08, 3.55120661766e-08, 1.84056698771e-08, 1.34878046509e-08, 1.20164660444e-08, 2.18390123763e-08, 7.50571693686e-09, 1.6146545434e-08, 2.1640746084e-08, 2.45236577712e-08, 2.60979113875e-08, 2.23415490552e-08, 1.53740860043e-08, 4.65459741861e-08, 4.81773554384e-08, 3.42063906089e-08, 3.58218343877e-08, 4.65962486373e-08, 3.3984978387e-08, 2.61298112036e-08, 1.50861012571e-08, 8.71494609811e-09, 1.20728831376e-08, 6.56885035255e-09, 9.26642229615e-09, 6.64868204936e-09, 5.72965408452e-09, 3.46919293293e-09, 3.21074011822e-09, 2.70708877537e-09, 7.60215668194e-10, 2.92856877637e-10, 2.8093500859e-09, 2.66364885704e-09, 4.22311963177e-09, 2.06608596898e-09, 5.48251610777e-10, 1.25729160416e-09, 1.37837619096e-09, 1.91330262744e-09, 2.11022088692e-09, 1.26170551784e-09, 1.13841982716e-11, 5.62922278236e-12, 3.81235668034e-12, 8.20483438135e-13, 6.80131135872e-13, 4.46602878377e-13, 2.97850990833e-13, 1.16510682937e-13, 6.06568899384e-14, 5.42205677871e-14, 5.0247790141e-14, 4.43377397243e-14, 6.07685356571e-14, 5.44587365112e-14, 3.83683156861e-14, 1.23516546654e-14, 1.91455407639e-15, 1.97352456312e-16],
        "stdev": [0.000214444575249, 0.00210449006408, 0.0033567273058, 0.0028229134623, 0.00249882601202, 0.00197079172358, 0.0024598618038, 0.00175057025626, 0.000897601188626, 0.000570937176235, 0.000721792574041, 0.00128109008074, 0.00120239111129, 0.00139191641938, 0.00108758208808, 0.000528499484062, 0.000680654193275, 0.00100965460297, 0.00096005020896, 0.00103053543717, 0.00109106802847, 0.00117850140668, 0.00100945087615, 0.0008864258416, 0.000801291025709, 0.000628891109955, 0.000430657441029, 0.000562326458748, 0.000538484950084, 0.000473641877761, 0.00049999228213, 0.000467289413791, 0.000280729000224, 0.000283343659248, 0.000146742517245, 0.000133392430143, 0.000113856804091, 0.000151675907546, 0.000132112079882, 0.000193998610484, 0.000135656417115, 8.29922573757e-05, 0.000111749017378, 0.000105258528492, 0.000124312311527, 0.000113287715067, 8.057969535e-05, 8.60717846081e-05, 6.76107010804e-05, 6.73540271237e-05, 0.000160927520483, 0.000128416635562, 0.000167399542988, 0.000202086404897, 0.000157104426762, 0.000158514289069, 0.000117883057101, 5.9587895521e-05, 6.09235139564e-05, 4.73564796266e-05, 2.24767809414e-05, 1.03443535409e-05, 2.77764684142e-05, 2.52018671745e-05, 3.31434530381e-05, 4.37946837337e-05, 3.85626663046e-05, 4.67986501462e-05, 5.12897131557e-05, 4.90882739541e-05, 3.2373576687e-05, 3.64481056749e-05, 2.10678026633e-05, 2.62513367488e-05, 2.14808133023e-05, 2.40507433773e-05, 1.79484286491e-05, 1.49583092934e-05, 1.11753724923e-05, 1.41401487781e-05, 1.82512794709e-05, 1.98213801923e-05, 2.22447688429e-05, 2.3359007173e-05, 2.1442241632e-05, 1.7412523448e-05, 1.54358203872e-05, 1.42998287629e-05, 1.63511158462e-05, 1.75448458322e-05, 1.85072585737e-05, 2.66504011961e-05, 3.17548146995e-05, 3.3431162592e-05, 2.42926962528e-05, 1.6367801436e-05, 1.08461090349e-05, 1.12884799819e-05, 1.26777140395e-05, 8.33519243315e-06, 9.37900131248e-06, 8.61324497237e-06, 8.66334812599e-06, 8.33686044643e-06, 7.83909035817e-06, 4.21834602093e-06, 5.08869652549e-06, 3.75922240892e-06, 3.12512520395e-06, 1.47209618717e-06, 7.17679711215e-07, 3.44745757275e-07, 2.99260875636e-07, 2.37720115592e-07, 5.76906948879e-08, 4.04439077784e-08, 9.15454947403e-08, 7.68282859553e-08, 6.74870506145e-08, 4.83053597122e-08, 2.55353320711e-08, 1.04783008936e-08, 5.78946934837e-09, 3.73437530898e-10, 3.25744958785e-10, 3.21413173854e-10, 3.18468890148e-10, 3.16609988227e-10]
    },
    "mfcc": {
        "mean": [-591.092346191, 82.4466323853, 6.82273340225, 23.8794250488, 0.109855003655, 9.75852680206, -4.61894607544, 12.4512701035, -0.905043423176, 5.54920911789, 0.681917905807, -2.44511437416, 3.25375294685],
        "cov": [[1552.74755859, -333.163208008, -210.960372925, 54.012348175, 101.395477295, -1.95103287697, -18.023443222, 68.5977172852, 31.9438247681, 90.1091995239, -26.7731285095, 63.1795158386, 15.8185176849], [-333.163208008, 630.354614258, -28.9803276062, 20.3030395508, -57.9201011658, -1.18859910965, 37.0880699158, 28.1312465668, -6.82527065277, 24.0863780975, 57.4338493347, -17.6418190002, 18.5908718109], [-210.960372925, -28.9803276062, 441.860046387, 63.1282958984, 80.4990081787, 28.2863197327, -1.41881716251, -1.55770301819, 20.7877426147, -29.0216674805, 29.3618240356, 36.2074584961, -7.30092048645], [54.012348175, 20.3030395508, 63.1282958984, 343.290802002, 198.312301636, 49.5657958984, -54.0110549927, -9.23281002045, 65.7003936768, -31.5221500397, -18.4594421387, 52.7872276306, 18.5808792114], [101.395477295, -57.9201011658, 80.4990081787, 198.312301636, 383.631652832, 21.7145195007, -112.13458252, -49.8930511475, 85.3937454224, -46.2411651611, -24.0670375824, 73.6507415771, 5.95614337921], [-1.95103287697, -1.18859910965, 28.2863197327, 49.5657958984, 21.7145195007, 149.035415649, 76.6604003906, 42.8801841736, 15.7769918442, 49.8549537659, 36.6980552673, -3.31612205505, -10.990442276], [-18.023443222, 37.0880699158, -1.41881716251, -54.0110549927, -112.13458252, 76.6604003906, 254.89175415, 78.3010864258, -17.453212738, 74.760635376, 41.0675964355, -26.0962924957, -14.4610834122], [68.5977172852, 28.1312465668, -1.55770301819, -9.23281002045, -49.8930511475, 42.8801841736, 78.3010864258, 175.570281982, 4.84692049026, 71.3279647827, 32.0063743591, -24.4716854095, 12.0797643661], [31.9438247681, -6.82527065277, 20.7877426147, 65.7003936768, 85.3937454224, 15.7769918442, -17.453212738, 4.84692049026, 108.955909729, 17.3055419922, 13.4645252228, 32.4128227234, -6.13435125351], [90.1091995239, 24.0863780975, -29.0216674805, -31.5221500397, -46.2411651611, 49.8549537659, 74.760635376, 71.3279647827, 17.3055419922, 170.525344849, 72.2955245972, -23.6464748383, -6.58861351013], [-26.7731285095, 57.4338493347, 29.3618240356, -18.4594421387, -24.0670375824, 36.6980552673, 41.0675964355, 32.0063743591, 13.4645252228, 72.2955245972, 120.428649902, 5.68137598038, -0.581386208534], [63.1795158386, -17.6418190002, 36.2074584961, 52.7872276306, 73.6507415771, -3.31612205505, -26.0962924957, -24.4716854095, 32.4128227234, -23.6464748383, 5.68137598038, 110.48299408, 21.0215015411], [15.8185176849, 18.5908718109, -7.30092048645, 18.5808792114, 5.95614337921, -10.990442276, -14.4610834122, 12.0797643661, -6.13435125351, -6.58861351013, -0.581386208534, 21.0215015411, 71.8117523193]],
        "icov": [[0.000932627357543, 0.000506695883814, 0.000518097484019, -0.000168122336618, -0.000247107207542, 0.000270781980362, 2.65759372269e-05, -0.000471636478323, 0.000235949890339, -0.000676472147461, 0.000211357226362, -0.000705903803464, 7.26283105905e-05], [0.000506695883814, 0.00203903834336, 0.000440110568888, -0.000543944828678, 0.000131340115331, 0.000526826886926, -0.000204869968002, -0.000306050787913, 0.000129528852995, -7.99769259174e-05, -0.00100351194851, 3.39544239978e-05, -0.000388375046896], [0.000518097484019, 0.000440110568888, 0.00285582384095, -0.000318621227052, -0.000523540307768, -4.94693485962e-05, -0.000169575330801, -0.000529680051841, 0.000246317009442, 0.00059989123838, -0.00107759214006, -0.000810773868579, 0.000540221051779], [-0.000168122336618, -0.000543944828678, -0.000318621227052, 0.00484441546723, -0.00177260662895, -0.00184166023973, 0.000409815111198, -0.000190701131942, -0.00128072267398, 0.000597784062847, 0.000956418982241, -0.000362042919733, -0.00106906925794], [-0.000247107207542, 0.000131340115331, -0.000523540307768, -0.00177260662895, 0.00504109496251, -0.00100980943535, 0.00149114464875, 0.000679776887409, -0.00211599236354, 0.000287226546789, 0.000480894261273, -0.00108922086656, 0.000207466291613], [0.000270781980362, 0.000526826886926, -4.94693485962e-05, -0.00184166023973, -0.00100980943535, 0.0101783759892, -0.00283525954001, -0.000972049660049, 0.000379476987291, -0.00134805915877, -0.00178360787686, 0.000364119216101, 0.00129722896963], [2.65759372269e-05, -0.000204869968002, -0.000169575330801, 0.000409815111198, 0.00149114464875, -0.00283525954001, 0.00628482317552, -0.00143132964149, 0.000473596679512, -0.00105942680966, 0.000226511998335, -0.000670078501571, 0.00101392297074], [-0.000471636478323, -0.000306050787913, -0.000529680051841, -0.000190701131942, 0.000679776887409, -0.000972049660049, -0.00143132964149, 0.00821719132364, -0.00104361691047, -0.00193081970792, 5.36175284651e-05, 0.00185199687257, -0.00250501837581], [0.000235949890339, 0.000129528852995, 0.000246317009442, -0.00128072267398, -0.00211599236354, 0.000379476987291, 0.000473596679512, -0.00104361691047, 0.0130360145122, -0.00213423417881, -0.000710006570444, -0.00301402714103, 0.00256972480565], [-0.000676472147461, -7.99769259174e-05, 0.00059989123838, 0.000597784062847, 0.000287226546789, -0.00134805915877, -0.00105942680966, -0.00193081970792, -0.00213423417881, 0.010945385322, -0.00525987800211, 0.00220382632688, 9.15435375646e-05], [0.000211357226362, -0.00100351194851, -0.00107759214006, 0.000956418982241, 0.000480894261273, -0.00178360787686, 0.000226511998335, 5.36175284651e-05, -0.000710006570444, -0.00525987800211, 0.013128798455, -0.00224841036834, -0.00019881951448], [-0.000705903803464, 3.39544239978e-05, -0.000810773868579, -0.000362042919733, -0.00108922086656, 0.000364119216101, -0.000670078501571, 0.00185199687257, -0.00301402714103, 0.00220382632688, -0.00224841036834, 0.0131319528446, -0.00406004674733], [7.26283105905e-05, -0.000388375046896, 0.000540221051779, -0.00106906925794, 0.000207466291613, 0.00129722896963, 0.00101392297074, -0.00250501837581, 0.00256972480565, 9.15435375646e-05, -0.00019881951448, -0.00406004674733, 0.0165630690753]]
    },
    "spectral_contrast_coeffs": {
        "max": [-0.407229155302, -0.433026343584, -0.488489210606, -0.57449734211, -0.605229139328, -0.598636031151],
        "mean": [-0.71889847517, -0.728574216366, -0.756235361099, -0.770673751831, -0.764902949333, -0.733104765415],
        "min": [-0.890781998634, -0.909538686275, -0.925076425076, -0.910606741905, -0.873185396194, -0.861232459545],
        "stdev": [0.0726870447397, 0.0790978297591, 0.068749345839, 0.0538260340691, 0.0470889806747, 0.0410171337426]
    },
    "spectral_contrast_valleys": {
        "max": [-4.8429441452, -4.92120313644, -5.36607503891, -5.85217666626, -5.62431955338, -7.08826112747],
        "mean": [-6.60189294815, -6.72139692307, -7.20998287201, -7.34818935394, -7.03567647934, -9.32403564453],
        "min": [-10.0026073456, -8.37047767639, -9.26998233795, -9.36524105072, -9.38163948059, -11.7976160049],
        "stdev": [0.682983458042, 0.505599558353, 0.567045390606, 0.541118323803, 0.555858612061, 0.619718670845]
    }
},
"rhythm": {
    "beats_count": 107,
    "beats_loudness": {
        "max": 0.073827713728,
        "mean": 0.0338751971722,
        "min": 0.00326619297266,
        "stdev": 0.0132796615362
    },
    "bpm": 133.128372192,
    "bpm_histogram_first_peak_bpm": 133,
    "bpm_histogram_first_peak_weight": 0.373737335205,
    "bpm_histogram_second_peak_bpm": 126,
    "bpm_histogram_second_peak_spread": 0.25,
    "bpm_histogram_second_peak_weight": 0.0283018872142,
    "danceability": 1.21369612217,
    "onset_rate": 3.36328125,
    "beats_loudness_band_ratio": {
        "max": [0.879464268684, 0.523575425148, 0.805169582367, 0.595054745674, 0.492718815804, 0.843963444233],
        "mean": [0.27742266655, 0.142485916615, 0.206409469247, 0.125861749053, 0.124876752496, 0.150211855769],
        "min": [0.013578270562, 0.0054638274014, 0.0147549407557, 0.00339083140716, 0.00380308763124, 0.00716309901327],
        "stdev": [0.200631022453, 0.133386135101, 0.182135924697, 0.129355430603, 0.0968746244907, 0.126525208354]
    },
