{
"metadata": {
    "version": {
        "essentia": "2.1-beta5",
        "essentia_git_sha": "Undefined",
        "extractor": "music 2.0"
    },
    "audio_properties": {
        "analysis": {
            "equal_loudness": 0,
            "length": 12.7477550507,
            "sample_rate": 44100,
            "start_time": 0,
            "downmix": "mix"
        },
        "bit_rate": 192000,
        "length": 192.365722656,
        "lossless": 0,
        "number_channels": 2,
        "replay_gain": 11.7587451935,
        "sample_rate": 48000,
        "codec": "mp3",
        "md5_encoded": "f359b0225966b7b8da64f725e654513c"
    },
    "tags": {
        "file_name": "Montenegro_Zauvijek Volim Te_Stefan Filipović.mp3",
        "encoding": ["Lavf58.29.100"]
    }
},
"lowlevel": {
    "average_loudness": 0.826985478401,
    "barkbands_crest": {
        "max": 23.1286392212,
        "mean": 10.9535913467,
        "min": 2.49733042717,
        "stdev": 4.86355161667
    },
    "barkbands_flatness_db": {
        "max": 0.321880012751,
        "mean": 0.197320848703,
        "min": 0.0785161033273,
        "stdev": 0.0556968860328
    },
    "barkbands_kurtosis": {
        "max": 22.6781024933,
        "mean": 3.89916992188,
        "min": -1.45668303967,
        "stdev": 4.55697488785
    },
    "barkbands_skewness": {
        "max": 4.26517772675,
        "mean": 1.42998313904,
        "min": -1.89109933376,
        "stdev": 1.07881367207
    },
    "barkbands_spread": {
        "max": 92.6078720093,
        "mean": 11.3721752167,
        "min": 1.82074928284,
        "stdev": 8.22585773468
    },
    "dissonance": {
        "max": 0.499995112419,
        "mean": 0.470979213715,
        "min": 0.337147295475,
        "stdev": 0.0362218245864
    },
    "dynamic_complexity": 4.16682195663,
    "erbbands_crest": {
        "max": 26.584405899,
        "mean": 9.71327972412,
        "min": 2.81117987633,
        "stdev": 4.56370258331
    },
    "erbbands_flatness_db": {
        "max": 0.388746291399,
        "mean": 0.254754304886,
        "min": 0.10634855926,
        "stdev": 0.0620250031352
    },
    "erbbands_kurtosis": {
        "max": 13.423002243,
        "mean": 1.80091416836,
        "min": -1.35384976864,
        "stdev": 2.59964370728
    },
    "erbbands_skewness": {
        "max": 3.22009325027,
        "mean": 0.868773758411,
        "min": -1.24519610405,
        "stdev": 0.855975806713
    },
    "erbbands_spread": {
        "max": 67.7534179688,
        "mean": 19.7848434448,
        "min": 4.47415494919,
        "stdev": 11.0402059555
    },
    "hfc": {
        "max": 171.528060913,
        "mean": 18.3316764832,
        "min": 9.58254986472e-06,
        "stdev": 19.2631511688
    },
    "loudness_ebu128": {
        "integrated": -31.0018787384,
        "loudness_range": 10.8512172699,
        "momentary": {
            "max": -23.9674091339,
            "mean": -33.0567474365,
            "min": -41.105506897,
            "stdev": 4.27833986282
        },
        "short_term": {
            "max": -27.1027965546,
            "mean": -32.733669281,
            "min": -38.2806777954,
            "stdev": 3.99043726921
        }
    },
    "melbands_crest": {
        "max": 29.824426651,
        "mean": 14.6354312897,
        "min": 3.58040237427,
        "stdev": 6.45697641373
    },
    "melbands_flatness_db": {
        "max": 0.396074920893,
        "mean": 0.1978546381,
        "min": 0.0205114316195,
        "stdev": 0.0791299119592
    },
    "melbands_kurtosis": {
        "max": 37.2163391113,
        "mean": 8.32178688049,
        "min": -1.33471930027,
        "stdev": 7.95553970337
    },
    "melbands_skewness": {
        "max": 5.2978386879,
        "mean": 2.02553892136,
        "min": -0.68335801363,
        "stdev": 1.25911819935
    },
    "melbands_spread": {
        "max": 187.473236084,
        "mean": 16.7441596985,
        "min": 2.44623565674,
        "stdev": 14.651222229
    },
    "pitch_salience": {
        "max": 0.899021208286,
        "mean": 0.655505478382,
        "min": 0.31304359436,
        "stdev": 0.121174231172
    },
    "silence_rate_20dB": {
        "max": 1,
        "mean": 1,
        "min": 1,
        "stdev": 0
    },
    "silence_rate_30dB": {
        "max": 1,
        "mean": 0.990909099579,
        "min": 0,
        "stdev": 0.0949110910296
    },
    "silence_rate_60dB": {
        "max": 1,
        "mean": 0.116363637149,
        "min": 0,
        "stdev": 0.320661008358
    },
    "spectral_centroid": {
        "max": 4270.57324219,
        "mean": 1416.63464355,
        "min": 289.871856689,
        "stdev": 643.400939941
    },
    "spectral_complexity": {
        "max": 60,
        "mean": 18.8836364746,
        "min": 0,
        "stdev": 9.29639148712
    },
    "spectral_decrease": {
        "max": -3.49638756276e-17,
        "mean": -5.35409538927e-09,
        "min": -4.7217987742e-08,
        "stdev": 5.48014034152e-09
    },
    "spectral_energy": {
        "max": 0.185070976615,
        "mean": 0.0218703262508,
        "min": 1.00112662604e-09,
        "stdev": 0.0221803635359
    },
    "spectral_energyband_high": {
        "max": 0.0130687179044,
        "mean": 0.000327806919813,
        "min": 7.56746221242e-10,
        "stdev": 0.00100534607191
    },
    "spectral_energyband_low": {
        "max": 0.0993044674397,
        "mean": 0.00378831732087,
        "min": 3.74497169386e-11,
        "stdev": 0.00938789825886
    },
    "spectral_energyband_middle_high": {
        "max": 0.0548843741417,
        "mean": 0.00638644210994,
        "min": 1.47874337775e-10,
        "stdev": 0.00615439377725
    },
    "spectral_energyband_middle_low": {
        "max": 0.0829052403569,
        "mean": 0.0117535674945,
        "min": 1.44511199882e-11,
        "stdev": 0.0142720360309
    },
    "spectral_entropy": {
        "max": 8.81356239319,
        "mean": 7.55303907394,
        "min": 6.18820714951,
        "stdev": 0.453838586807
    },
    "spectral_flux": {
        "max": 0.315261244774,
        "mean": 0.0702024996281,
        "min": 3.1640585803e-05,
        "stdev": 0.0463361032307
    },
    "spectral_kurtosis": {
        "max": 24.8045406342,
        "mean": 5.66521787643,
        "min": 0.422937393188,
        "stdev": 3.48619127274
    },
    "spectral_rms": {
        "max": 0.0134371519089,
        "mean": 0.00411125691608,
        "min": 9.88285819403e-07,
        "stdev": 0.00210582115687
    },
    "spectral_rolloff": {
        "max": 16472.9003906,
        "mean": 1561.86181641,
        "min": 193.798828125,
        "stdev": 1159.57922363
    },
    "spectral_skewness": {
        "max": 3.75454854965,
        "mean": 1.72284770012,
        "min": 0.310094326735,
        "stdev": 0.485358715057
    },
    "spectral_spread": {
        "max": 20236860,
        "mean": 3267331.75,
        "min": 2025479,
        "stdev": 975439.5
    },
    "spectral_strongpeak": {
        "max": 5.59572982788,
        "mean": 1.20937299728,
        "min": 0,
        "stdev": 1.0548466444
    },
    "zerocrossingrate": {
        "max": 0.59375,
        "mean": 0.0586141683161,
        "min": 0.00732421875,
        "stdev": 0.0392314903438
    },
    "barkbands": {
        "max": [0.0989064201713, 0.0668035745621, 0.0260554943234, 0.0154423993081, 0.0151452478021, 0.0527383834124, 0.0146289700642, 0.015018446371, 0.0789892747998, 0.0317675471306, 0.0121418107301, 0.00791327562183, 0.00690583279356, 0.00392026500776, 0.00469352724031, 0.00494508584961, 0.0044900374487, 0.0059982216917, 0.00731224799529, 0.00617279764265, 0.00690856622532, 0.00261837337166, 0.00110098521691, 0.000583240180276, 0.00034043515916, 1.40747397381e-05, 1.52109578266e-05],
        "mean": [0.000562033848837, 0.000982746831141, 0.00229981495067, 0.000344744039467, 0.00108043686487, 0.000453777902294, 0.000268913601758, 0.00107459258288, 0.00762595934793, 0.00208518607542, 0.0010969171999, 0.000645077961963, 0.000678372918628, 0.000624635373242, 0.000499648507684, 0.000405348051572, 0.000270568270935, 0.000255296152318, 0.000189003287232, 0.000169581209775, 0.000112810412247, 7.31225372874e-05, 3.82695143344e-05, 2.22267481149e-05, 1.11713279694e-05, 4.73713477334e-08, 3.1279110857e-08],
        "min": [6.05616945482e-11, 1.08565075332e-11, 1.74589249308e-12, 1.92412665662e-12, 3.64665285815e-12, 3.9676742794e-12, 1.37808254391e-12, 5.86198028053e-13, 2.14039723445e-12, 2.55466784879e-12, 9.37171781151e-13, 8.55160126739e-12, 1.54243631756e-11, 7.81921836307e-12, 1.00215807874e-11, 1.95914031526e-11, 2.67713195362e-11, 2.23858796083e-11, 1.9794705805e-11, 2.80569786154e-11, 3.92618784706e-11, 5.29913786462e-11, 5.77007989999e-11, 7.94172713703e-11, 1.371017605e-10, 1.62032512407e-10, 2.21797413769e-10],
        "stdev": [0.00507964938879, 0.00425202120095, 0.00484873633832, 0.0014139713021, 0.00265566352755, 0.00248051481321, 0.000758236739784, 0.00149540533312, 0.0122728422284, 0.00356416287832, 0.00149948953185, 0.000845780712552, 0.000812170037534, 0.000686463608872, 0.000559252745006, 0.000583719986025, 0.000424700061558, 0.000500584836118, 0.000497063214425, 0.000541403482202, 0.000456761190435, 0.000190934180864, 8.25604729471e-05, 4.87297147629e-05, 2.60295328189e-05, 6.0017805481e-07, 6.47853994451e-07]
    },
    "erbbands": {
        "max": [3.67233467102, 8.36387634277, 24.4584255219, 36.0030288696, 62.2171669006, 65.3191070557, 84.5764770508, 554.057189941, 260.575012207, 187.628097534, 425.733795166, 1791.04211426, 1091.40856934, 995.404602051, 664.334472656, 233.797851562, 298.74319458, 251.762786865, 196.779312134, 221.952178955, 295.190643311, 229.155349731, 319.945068359, 349.570922852, 351.682312012, 317.69140625, 220.883148193, 290.295013428, 88.4277572632, 44.9486312866, 29.3291473389, 15.8204984665, 9.05047512054, 4.76287031174, 1.85180282593, 0.104109957814, 0.0261970255524, 0.00939630251378, 0.00215883832425, 0.000233939805184],
        "mean": [0.0302844513208, 0.261861771345, 2.40124344826, 1.68209016323, 2.4542696476, 4.31131982803, 2.08582901955, 4.13167524338, 3.58397173882, 9.2535572052, 39.2073326111, 187.655487061, 112.974212646, 50.9741439819, 38.8789558411, 26.0330314636, 31.0119667053, 32.8415794373, 26.9197921753, 26.7927532196, 20.7668838501, 15.4792432785, 14.4384288788, 10.5861053467, 9.96247768402, 7.57494926453, 5.26403903961, 3.93715643883, 2.73535871506, 1.71109247208, 0.995996654034, 0.575473546982, 0.321359038353, 0.164270669222, 0.0573037415743, 0.00344107416458, 0.000158574577654, 3.0499033528e-05, 1.75757977559e-05, 2.67103605438e-05],
        "min": [8.08185574019e-10, 1.16203147105e-09, 1.94268157117e-09, 5.21143794785e-09, 5.07933251015e-09, 1.50051278069e-08, 3.13974659605e-08, 2.84945524953e-08, 2.35948256488e-08, 1.12009965747e-08, 1.8066929286e-08, 4.79783004437e-08, 8.01999746614e-08, 4.96344370049e-08, 9.42624325262e-08, 4.60529435031e-07, 6.77164848639e-07, 4.47862163355e-07, 5.61750709949e-07, 6.32098931419e-07, 1.10617656901e-06, 1.49921936554e-06, 1.19297112633e-06, 1.0406841966e-06, 1.13551720915e-06, 1.48595620431e-06, 1.26626321162e-06, 1.77770391474e-06, 2.105155545e-06, 1.5819445025e-06, 1.67555515418e-06, 2.36470759774e-06, 8.87795067683e-07, 1.55641930633e-06, 9.14690019727e-07, 6.79487470734e-07, 3.08923489456e-07, 1.56669074158e-07, 3.16897903474e-08, 2.47524489794e-09],
        "stdev": [0.234807789326, 0.712718009949, 5.00206327438, 3.92107725143, 6.17767715454, 10.7955741882, 6.82656812668, 25.3060073853, 16.5349521637, 12.723742485, 53.6454544067, 306.598876953, 176.186935425, 71.7286758423, 51.2962760925, 32.8982200623, 36.1311759949, 35.8453598022, 27.3012905121, 32.8126525879, 30.5870246887, 23.3770103455, 27.57239151, 24.1250095367, 25.1268062592, 26.255399704, 19.7294197083, 16.3163127899, 7.1965045929, 3.73589706421, 2.1735830307, 1.25224280357, 0.73555791378, 0.389158606529, 0.128327846527, 0.00758133688942, 0.00113222713117, 0.000400263234042, 9.24888445297e-05, 2.81726188405e-05]
    },
    "gfcc": {
        "mean": [-70.2397842407, 73.6503753662, -203.318130493, 2.21836709976, -90.1299438477, 14.83680439, -31.9974250793, 10.0724248886, -10.7904491425, -10.0326251984, -9.9442691803, -21.4905834198, -0.985187232494],
        "cov": [[3217.28222656, 340.196136475, -309.35736084, -26.0476360321, -253.477828979, 10.378285408, 148.466812134, 135.773803711, 52.4273719788, -59.5682029724, 30.1443862915, -56.8990135193, 80.2563323975], [340.196136475, 2971.35644531, 2820.85693359, 1314.29919434, 912.81036377, -3.44772863388, 213.375061035, -219.690872192, -103.837165833, -118.698043823, -33.5042037964, -286.276397705, -181.083724976], [-309.35736084, 2820.85693359, 3258.71826172, 1599.33483887, 1038.65246582, 23.7290306091, 100.776496887, -245.001846313, -171.579177856, -58.416343689, -34.6257781982, -218.575408936, -185.214035034], [-26.0476360321, 1314.29919434, 1599.33483887, 1132.11743164, 597.834106445, 79.619392395, -80.6967391968, -166.379257202, -151.685134888, -2.50168251991, 18.6122283936, -15.3288240433, -56.9152069092], [-253.477828979, 912.81036377, 1038.65246582, 597.834106445, 433.560211182, 43.2788314819, -8.26084136963, -97.2902450562, -67.9072723389, -20.2460861206, -8.59278774261, -44.9707374573, -58.3890686035], [10.378285408, -3.44772863388, 23.7290306091, 79.619392395, 43.2788314819, 103.721832275, 21.5748023987, 4.47547960281, -15.5748767853, 0.998662650585, -0.206648886204, 17.9044151306, 0.917002677917], [148.466812134, 213.375061035, 100.776496887, -80.6967391968, -8.26084136963, 21.5748023987, 211.161239624, 50.5572967529, 40.9748344421, -33.5186805725, -8.80213832855, -57.4285392761, -12.078783989], [135.773803711, -219.690872192, -245.001846313, -166.379257202, -97.2902450562, 4.47547960281, 50.5572967529, 87.3101425171, 41.9408302307, -2.08974719048, -3.78133177757, 5.75940799713, 13.6455888748], [52.4273719788, -103.837165833, -171.579177856, -151.685134888, -67.9072723389, -15.5748767853, 40.9748344421, 41.9408302307, 84.2771682739, 10.7609834671, -4.7952337265, -14.4581804276, -1.56451296806], [-59.5682029724, -118.698043823, -58.416343689, -2.50168251991, -20.2460861206, 0.998662650585, -33.5186805725, -2.08974719048, 10.7609834671, 53.0854530334, 19.5120601654, 24.3215618134, 6.24169015884], [30.1443862915, -33.5042037964, -34.6257781982, 18.6122283936, -8.59278774261, -0.206648886204, -8.80213832855, -3.78133177757, -4.7952337265, 19.5120601654, 44.5803642273, 29.6507778168, 12.9237909317], [-56.8990135193, -286.276397705, -218.575408936, -15.3288240433, -44.9707374573, 17.9044151306, -57.4285392761, 5.75940799713, -14.4581804276, 24.3215618134, 29.6507778168, 93.0397491455, 41.3104019165], [80.2563323975, -181.083724976, -185.214035034, -56.9152069092, -58.3890686035, 0.917002677917, -12.078783989, 13.6455888748, -1.56451296806, 6.24169015884, 12.9237909317, 41.3104019165, 52.3372612]],
        "icov": [[0.000756805937272, -0.00123287062161, 0.000748589751311, -0.000953299633693, 0.00210655340925, -0.000514686689712, 0.000578747480176, -0.00187184975948, 0.000136764690978, -0.000114894079161, 2.18248296733e-05, 0.000415631831856, -0.00114861468319], [-0.00123287062161, 0.00612413324416, -0.00323561625555, 0.000488855235744, -0.00514614768326, 0.00185624440201, -0.0028455092106, 0.00580397434533, -0.00272617232986, 0.00499576888978, -0.00430144928396, 0.00493632443249, 0.000705820741132], [0.000748589751311, -0.00323561625555, 0.00482444977388, -0.00312528409995, -0.00050529348664, 0.0021001950372, -0.00119482423179, -0.00307114608586, 0.00262396363541, -0.00428563449532, 0.00329041411169, 0.000224966846872, 0.000855335150845], [-0.000953299633693, 0.000488855235744, -0.00312528409995, 0.00816148985177, -0.00476097268984, -0.0030971178785, 0.00271301134489, 0.00197910657153, 0.00216857180931, -0.000993749592453, -0.00165572762489, -0.00386841944419, -0.000532827689312], [0.00210655340925, -0.00514614768326, -0.00050529348664, -0.00476097268984, 0.0214549284428, -0.00600053276867, 0.0042976513505, -0.00352621008642, -0.00222748727538, 0.00232096854597, 0.00222075614147, -0.00381252914667, 6.84265687596e-05], [-0.000514686689712, 0.00185624440201, 0.0021001950372, -0.0030971178785, -0.00600053276867, 0.016486717388, -0.00695956358686, 0.000142745571793, 0.00307866977528, -0.00277333380654, 0.0042661675252, -0.00247823796235, 0.00397477997467], [0.000578747480176, -0.0028455092106, -0.00119482423179, 0.00271301134489, 0.0042976513505, -0.00695956358686, 0.0128200249746, -0.00708570936695, -0.00231385696679, 0.00402412423864, -0.00460185622796, 0.0027974836994, -0.00390892708674], [-0.00187184975948, 0.00580397434533, -0.00307114608586, 0.00197910657153, -0.00352621008642, 0.000142745571793, -0.00708570936695, 0.0285074338317, -0.00879930891097, 0.00512469280511, 9.5053233963e-05, -0.00143314956222, 0.00146485830192], [0.000136764690978, -0.00272617232986, 0.00262396363541, 0.00216857180931, -0.00222748727538, 0.00307866977528, -0.00231385696679, -0.00879930891097, 0.0239019151777, -0.012595443055, 0.00468428060412, 0.000253735255683, 0.00208280258812], [-0.000114894079161, 0.00499576888978, -0.00428563449532, -0.000993749592453, 0.00232096854597, -0.00277333380654, 0.00402412423864, 0.00512469280511, -0.012595443055, 0.0362398214638, -0.0164202824235, 0.00223261956125, 0.00103887997102], [2.18248296733e-05, -0.00430144928396, 0.00329041411169, -0.00165572762489, 0.00222075614147, 0.0042661675252, -0.00460185622796, 9.5053233963e-05, 0.00468428060412, -0.0164202824235, 0.0404788330197, -0.0170336104929, 0.00179105519783], [0.000415631831856, 0.00493632443249, 0.000224966846872, -0.00386841944419, -0.00381252914667, -0.00247823796235, 0.0027974836994, -0.00143314956222, 0.000253735255683, 0.00223261956125, -0.0170336104929, 0.0389412790537, -0.0169486198574], [-0.00114861468319, 0.000705820741132, 0.000855335150845, -0.000532827689312, 6.84265687596e-05, 0.00397477997467, -0.00390892708674, 0.00146485830192, 0.00208280258812, 0.00103887997102, 0.00179105519783, -0.0169486198574, 0.0373542308807]]
    },
    "melbands": {
        "max": [0.0255742203444, 0.00995624624193, 0.00551225151867, 0.00323489704169, 0.00297437375411, 0.0116623844951, 0.00369944167323, 0.00225639017299, 0.00427098898217, 0.0122782858089, 0.00529166311026, 0.00437381630763, 0.00194201071281, 0.00134704611264, 0.000737260270398, 0.000544850307051, 0.000429611623986, 0.000311578798573, 0.000381955615012, 0.000375539035304, 0.000357165961759, 0.000276544626104, 0.00021860608831, 0.000304000306642, 0.000293425633572, 0.000283268891508, 0.00024186684459, 0.000193834086531, 0.000154652399942, 0.000152593347593, 0.000160359733854, 5.33445418114e-05, 3.07962764055e-05, 2.27821747103e-05, 1.81367067853e-05, 1.16571363833e-05, 1.12677898869e-05, 6.45184945824e-06, 5.72902445128e-06, 3.40073506777e-06],
        "mean": [0.000293112447252, 0.00087772263214, 0.00031847259379, 0.000290117401164, 8.36055260152e-05, 9.14732154342e-05, 5.42793932254e-05, 0.000127094972413, 0.000396969233407, 0.00123183836695, 0.000535057217348, 0.000203175382921, 0.000145944024553, 7.62216368457e-05, 6.30545546301e-05, 6.92882458679e-05, 5.98306542088e-05, 4.38121896877e-05, 3.84653612855e-05, 3.12428601319e-05, 2.2925039957e-05, 1.61736825248e-05, 1.37610250022e-05, 1.19350779642e-05, 8.14742088551e-06, 7.15260921424e-06, 7.20614661986e-06, 4.45168370788e-06, 3.45019157066e-06, 2.60516571871e-06, 2.15748764276e-06, 1.63978495493e-06, 1.17549234346e-06, 8.54984364196e-07, 5.94905941398e-07, 4.32006601159e-07, 3.22153596244e-07, 2.33483262946e-07, 1.78184251354e-07, 1.25024953945e-07],
        "min": [8.05587888064e-12, 1.13933970765e-12, 8.33457868693e-13, 6.49305262335e-13, 1.06645107242e-12, 6.73163673241e-13, 3.25959691096e-13, 1.20833708707e-13, 1.70195753107e-13, 3.16707651857e-13, 4.1963765904e-13, 2.180224046e-13, 1.93889283968e-13, 8.26783465909e-13, 1.8184764675e-12, 1.17375130882e-12, 7.19974644139e-13, 8.67112696749e-13, 6.53244168827e-13, 1.42449355263e-12, 1.1434864557e-12, 1.62481313126e-12, 1.23928417441e-12, 9.74254097535e-13, 8.19964430555e-13, 7.8325600129e-13, 9.06544533451e-13, 9.90375750159e-13, 6.40224581249e-13, 1.05424349806e-12, 9.64446296263e-13, 1.22829220753e-12, 9.94606523877e-13, 8.60271381041e-13, 8.28023088463e-13, 1.48960737408e-12, 1.33675763601e-12, 5.40469958284e-13, 6.79927034813e-13, 1.57691307928e-12],
        "stdev": [0.00179107161239, 0.00179507362191, 0.000727516890038, 0.000708491716068, 0.000247343705269, 0.000538732507266, 0.000234172373894, 0.000169453938724, 0.000566977367271, 0.00203075213358, 0.000850455777254, 0.000305051304167, 0.000194332795218, 0.000106451538159, 7.76536908234e-05, 8.2005339209e-05, 6.76403287798e-05, 4.70538143418e-05, 4.49870167358e-05, 4.35322945123e-05, 3.56906493835e-05, 2.54147125816e-05, 2.27582877415e-05, 2.49658951361e-05, 1.99500555027e-05, 1.88959475054e-05, 1.97720401047e-05, 1.65729779837e-05, 1.2965238966e-05, 1.03905686046e-05, 8.95318225957e-06, 4.32540718975e-06, 2.88499450107e-06, 1.75467584995e-06, 1.33481103148e-06, 8.88195643256e-07, 7.63117327551e-07, 5.27315989984e-07, 4.36013067429e-07, 2.98849556657e-07]
    },
    "melbands128": {
        "max": [0.0493695996702, 0.0375739820302, 0.0254639312625, 0.00983622856438, 0.0131530240178, 0.0147542618215, 0.0083594173193, 0.00814445130527, 0.0074173854664, 0.00560428854078, 0.00412834156305, 0.00368828768842, 0.00261386437342, 0.00604148115963, 0.0136741884053, 0.0165823120624, 0.00551698403433, 0.00370249478146, 0.00121248920914, 0.00175789417699, 0.00298886816017, 0.00310431839898, 0.0058972639963, 0.00925071723759, 0.0166713539511, 0.020795347169, 0.0122597077861, 0.00796102359891, 0.00555704860017, 0.00617986451834, 0.00404573371634, 0.00291470694356, 0.00192374305334, 0.00327192572877, 0.0021844196599, 0.001415069215, 0.00096666358877, 0.00117211393081, 0.00102253584191, 0.000828557473142, 0.000817680265754, 0.00110865919851, 0.000591647345573, 0.000715639616828, 0.000498510780744, 0.000434911897173, 0.000323610001942, 0.000566266535316, 0.000381503574317, 0.000519600813277, 0.000458237016574, 0.000651140115224, 0.000304800225422, 0.000332799274474, 0.000580700987484, 0.000226033327635, 0.000304459623294, 0.000188910664292, 0.000244684459176, 0.000475550012197, 0.0004271454236, 0.000266296876362, 0.00039932699292, 0.000386225088732, 0.000376326672267, 0.000419877964305, 0.00022237142548, 0.000226849195315, 0.000274739664746, 0.000395177514292, 0.000233757600654, 0.000192697887542, 0.000167142148712, 0.000236894877162, 0.000119976903079, 0.000157262125867, 0.000153267319547, 0.000308483373374, 0.000138691058964, 0.000172009895323, 6.23049927526e-05, 4.00150784117e-05, 5.0104696129e-05, 4.32893175457e-05, 3.06528309011e-05, 2.72749748547e-05, 2.11368496821e-05, 1.90908958757e-05, 2.03617801162e-05, 1.73208882188e-05, 1.39813955684e-05, 1.03129414128e-05, 7.16494650987e-06, 1.6837111616e-05, 9.32972852752e-06, 7.17262264516e-06, 7.29566363589e-06, 5.94271932641e-06, 7.72709063313e-06, 5.82551911066e-06, 4.61297486254e-06, 4.35451329395e-06, 3.13093710247e-06, 2.76023797596e-06, 2.50367020271e-06, 2.00946465156e-06, 2.77603334098e-07, 9.9110643248e-08, 9.43935560827e-08, 9.19845888347e-08, 8.96838727726e-08, 8.62396518642e-08, 8.29330843999e-08, 8.05251687552e-08, 7.77325368517e-08, 7.53737765535e-08, 7.30234646085e-08, 7.11615015803e-08, 6.89070631665e-08, 6.73874964718e-08, 6.56913812236e-08, 6.39061852326e-08, 6.3519777882e-08, 6.2225794295e-08, 6.12293646896e-08, 6.0222276943e-08, 5.98562266418e-08, 5.95523665936e-08],
        "mean": [0.000333928590408, 0.000287541246507, 0.000207929202588, 0.000423830846557, 0.0012608517427, 0.000972388312221, 0.000315846904414, 0.000172687272425, 0.000177279187483, 0.000474516273243, 0.000224032264668, 4.81421775476e-05, 4.34541616414e-05, 0.000119163800264, 0.000104320904939, 7.55965593271e-05, 5.57706662221e-05, 4.81499519083e-05, 5.16237741977e-05, 7.43361233617e-05, 0.000178788803169, 0.000256339117186, 0.000264748523477, 0.00063528312603, 0.00149048829917, 0.00146504514851, 0.000782102753874, 0.000446244986961, 0.000305704190396, 0.000203656862141, 0.000163555319887, 0.000198933048523, 0.000155933346832, 0.000103022473922, 8.65034890012e-05, 6.44167812425e-05, 6.86981074978e-05, 5.48937350686e-05, 6.56240881654e-05, 7.4245785072e-05, 6.75020855851e-05, 6.80740049575e-05, 6.06084468018e-05, 5.69641670154e-05, 5.06101641804e-05, 4.03869271395e-05, 3.67069806089e-05, 3.77272554033e-05, 4.14914829889e-05, 3.60532649211e-05, 2.9683993489e-05, 2.66498791461e-05, 2.40577755903e-05, 2.16114676732e-05, 1.89890834008e-05, 1.52907068696e-05, 1.4550769265e-05, 1.34042784339e-05, 1.35965010486e-05, 1.39773183037e-05, 1.25211608974e-05, 1.02189651443e-05, 8.27710391604e-06, 7.43489636079e-06, 7.99145436758e-06, 7.02864235791e-06, 6.44963165541e-06, 8.17918771645e-06, 7.77241803007e-06, 5.28269765709e-06, 4.59224929727e-06, 3.96628411181e-06, 3.39052417075e-06, 3.73106240659e-06, 2.94750338981e-06, 2.62333037426e-06, 2.37851622842e-06, 2.5227657261e-06, 1.99694113689e-06, 2.06289087146e-06, 1.71175179275e-06, 1.49356992551e-06, 1.35041216254e-06, 1.15341811124e-06, 1.02966509985e-06, 9.33202670694e-07, 8.04213641459e-07, 6.72714065786e-07, 5.92112826325e-07, 5.32921319518e-07, 4.83132339468e-07, 4.02762481144e-07, 3.37697372288e-07, 3.5543828858e-07, 2.82425986597e-07, 2.53450792798e-07, 2.30153588632e-07, 1.94003263232e-07, 1.86821722536e-07, 1.68407225942e-07, 1.37388184385e-07, 1.2432222718e-07, 1.00068973552e-07, 8.62932765244e-08, 7.06551617213e-08, 5.17104474795e-08, 1.34653870276e-08, 1.10473763471e-09, 1.93619356659e-10, 1.88385737565e-10, 1.84304446704e-10, 1.7720376555e-10, 1.71005987148e-10, 1.65548297293e-10, 1.60712679276e-10, 1.56655841077e-10, 1.53487889065e-10, 1.47189718747e-10, 1.42605816045e-10, 1.39475972438e-10, 1.35841282667e-10, 1.32605953995e-10, 1.32105701378e-10, 1.28833166357e-10, 1.2363940427e-10, 1.15595484573e-10, 1.11601367037e-10, 1.10576957313e-10],
        "min": [2.35110680924e-11, 9.48605256845e-12, 3.55504362927e-12, 1.47495633328e-12, 9.56965518113e-13, 8.62268373023e-13, 1.20741058211e-12, 7.45753827615e-13, 4.10340923566e-13, 5.01741497742e-13, 9.08808835479e-13, 1.01535804504e-12, 1.03573692591e-12, 1.302256805e-12, 7.10646168647e-13, 2.65643111891e-13, 4.17455783483e-13, 3.87876200342e-13, 1.5716812888e-13, 7.10118744948e-14, 1.45628626345e-13, 1.43862704952e-13, 1.1171091992e-13, 2.95970740321e-13, 2.16342311361e-13, 4.97144046849e-13, 2.16021401071e-13, 4.6528449496e-13, 5.40034542692e-13, 2.32563805453e-13, 9.21040519786e-14, 1.75682818987e-13, 1.06022490592e-13, 2.07775799604e-13, 6.50403613345e-13, 9.56828366538e-13, 1.31466896831e-12, 1.50764643825e-12, 2.88347601005e-12, 1.1007779974e-12, 4.76688241831e-13, 1.75487359019e-12, 6.5106438036e-13, 3.51568736146e-13, 3.99047006376e-13, 1.20256322261e-12, 9.96626826205e-13, 8.72139437492e-13, 2.53060539104e-13, 6.14196464955e-13, 1.76087497448e-12, 2.28987250168e-12, 6.84395519857e-13, 1.15947973878e-12, 9.49397136428e-13, 2.24359051303e-12, 1.37974657741e-12, 1.33255819573e-12, 1.31525942481e-12, 9.75450189372e-13, 7.96376744931e-13, 1.0658653864e-12, 9.91785971925e-13, 5.20974973231e-13, 1.04269566072e-12, 5.31796178274e-13, 9.30549582702e-13, 8.02383333387e-13, 8.13059417969e-13, 1.16829798873e-12, 1.24557634172e-12, 7.48502388542e-13, 6.11532254956e-13, 4.71475831466e-13, 7.80806354902e-13, 1.20846280031e-12, 9.96293759298e-13, 1.27116210353e-12, 8.19795674487e-13, 9.12553669782e-13, 8.76793321107e-13, 2.00050891651e-12, 7.24861793852e-13, 1.0914870353e-12, 8.83667704982e-13, 8.15094628077e-13, 6.70638620592e-13, 1.19286590154e-12, 6.78360904775e-13, 8.57773975547e-13, 7.78122900315e-13, 2.10331925488e-12, 1.96358315892e-12, 1.51692081205e-12, 8.31279327058e-13, 3.72498418829e-13, 7.27981314553e-13, 3.37980213478e-13, 4.98130182935e-13, 8.30068273231e-13, 1.54840376632e-12, 2.18297016748e-12, 9.00625982212e-13, 5.05495330923e-13, 8.12075450288e-13, 1.54613594063e-12, 1.11656473997e-12, 9.5320593866e-13, 1.38300167759e-12, 1.19640311113e-12, 9.93739270559e-13, 1.35951742485e-12, 1.05406579732e-12, 4.88048349564e-13, 8.60704086128e-13, 7.87739014643e-13, 1.74013342798e-12, 1.78129950026e-12, 8.20019182765e-13, 6.7945638265e-13, 1.10723171083e-12, 1.07138083127e-12, 7.08199070134e-13, 9.06638208519e-13, 5.66130204781e-13, 3.55661843292e-13, 5.08277637644e-14, 7.32069506367e-16],
        "stdev": [0.00285304291174, 0.00252628698945, 0.00150036497507, 0.00112333300058, 0.00262752338313, 0.00206148601137, 0.000804425391834, 0.000753596483264, 0.000538632972166, 0.00122680643108, 0.000572559481952, 0.000250548735494, 0.000193157757167, 0.000404258345952, 0.00062145688571, 0.000751333078369, 0.000355346128345, 0.000181760478881, 9.7676194855e-05, 0.000142428383697, 0.000283859117189, 0.000367266562534, 0.00055950996466, 0.00112001877278, 0.00256634061225, 0.00291310204193, 0.00152654608246, 0.000919455604162, 0.000646576227155, 0.000403062062105, 0.000274520396488, 0.000327242159983, 0.000246523646638, 0.000201465605642, 0.000151856569573, 0.000121469922306, 0.000122772617033, 9.23905463424e-05, 9.76834562607e-05, 0.000108354324766, 9.72684283624e-05, 9.70842884271e-05, 7.91484635556e-05, 9.10045564524e-05, 6.92466710461e-05, 5.10072968609e-05, 4.55978515674e-05, 5.47967756575e-05, 6.01432548137e-05, 5.55032602279e-05, 4.56493107777e-05, 4.9342175771e-05, 3.62445971405e-05, 3.65307714674e-05, 3.99347045459e-05, 2.44068542088e-05, 2.63125675701e-05, 2.16116604861e-05, 2.43370377575e-05, 3.36096309184e-05, 2.82294349745e-05, 2.09928548429e-05, 2.31775702559e-05, 2.14935971599e-05, 2.50974389928e-05, 2.2372985768e-05, 1.51091726366e-05, 2.04474035854e-05, 2.24163541134e-05, 2.40014687733e-05, 1.8294511392e-05, 1.49766219693e-05, 1.17970585052e-05, 1.65488072525e-05, 1.0744730389e-05, 1.08143931357e-05, 9.98813629849e-06, 1.43658480738e-05, 7.84631538409e-06, 8.47674164106e-06, 4.64905269837e-06, 3.33368006977e-06, 3.70098359781e-06, 3.12346969622e-06, 2.35838842855e-06, 2.05111086871e-06, 1.5462447891e-06, 1.52799384523e-06, 1.44245484535e-06, 1.21593507174e-06, 1.07754408418e-06, 7.85576787621e-07, 6.62458376155e-07, 1.00742431641e-06, 6.75728074384e-07, 5.87869067203e-07, 5.40836879281e-07, 4.67407375027e-07, 4.91168293593e-07, 4.35293117107e-07, 3.42159239608e-07, 3.14191936468e-07, 2.37440815454e-07, 1.97169455873e-07, 1.60474868949e-07, 1.33878657493e-07, 2.52875569373e-08, 4.61578553157e-09, 4.02038224934e-09, 3.91779231279e-09, 3.81977294239e-09, 3.67307229077e-09, 3.5322216263e-09, 3.42968520251e-09, 3.31070837412e-09, 3.21020809935e-09, 3.11005377007e-09, 3.03082670072e-09, 2.9348024011e-09, 2.87008328215e-09, 2.79784906354e-09, 2.72179745409e-09, 2.70532751756e-09, 2.6502393613e-09, 2.60793364681e-09, 2.56529419929e-09, 2.54984211523e-09, 2.53691712082e-09]
    },
    "mfcc": {
        "mean": [-678.130187988, 96.4626998901, -57.1702003479, -20.5493030548, -30.5623760223, -10.1615991592, -10.7756195068, 3.2631893158, 2.43710708618, 8.40393161774, 2.13496208191, -3.82993483543, -6.12278699875],
        "cov": [[3018.16845703, -646.154296875, -789.258728027, -586.066589355, -527.414978027, -288.989898682, -92.6223526001, 82.5977706909, 95.9028396606, 1.45316541195, -6.64755868912, 6.62600946426, 18.1275100708], [-646.154296875, 2270.29736328, 1829.37023926, 1311.03808594, 728.788391113, 467.154296875, 392.5027771, 86.9580383301, 40.6030769348, 104.239204407, 109.235610962, 28.4150276184, -102.315551758], [-789.258728027, 1829.37023926, 2001.59057617, 1490.82629395, 904.497741699, 543.37701416, 401.540802002, 28.053855896, -3.8115260601, 18.1452026367, 39.6608848572, 52.9454498291, -30.5906581879], [-586.066589355, 1311.03808594, 1490.82629395, 1282.56066895, 802.157165527, 453.937408447, 293.9269104, -0.716416418552, -38.6651191711, -35.0826911926, -12.8933677673, 46.0630645752, 10.5173311234], [-527.414978027, 728.788391113, 904.497741699, 802.157165527, 641.697753906, 318.090576172, 153.836883545, -25.7450256348, -46.8604431152, -53.7475471497, -37.6886520386, 36.3367919922, 23.7046127319], [-288.989898682, 467.154296875, 543.37701416, 453.937408447, 318.090576172, 253.577606201, 135.613433838, 10.4362268448, -10.7389545441, -17.1976242065, -7.63247537613, 21.0683956146, 10.5223016739], [-92.6223526001, 392.5027771, 401.540802002, 293.9269104, 153.836883545, 135.613433838, 168.397491455, 48.1490478516, 13.1817655563, 4.35975503922, 6.56725597382, 10.7904605865, -9.65436553955], [82.5977706909, 86.9580383301, 28.053855896, -0.716416418552, -25.7450256348, 10.4362268448, 48.1490478516, 83.9651794434, 42.7000350952, 14.333943367, 22.1380214691, 2.04490160942, -15.7212810516], [95.9028396606, 40.6030769348, -3.8115260601, -38.6651191711, -46.8604431152, -10.7389545441, 13.1817655563, 42.7000350952, 69.1359634399, 30.7318954468, 21.8001270294, 3.00763940811, -15.2462930679], [1.45316541195, 104.239204407, 18.1452026367, -35.0826911926, -53.7475471497, -17.1976242065, 4.35975503922, 14.333943367, 30.7318954468, 71.8635253906, 38.2680397034, -5.49543237686, -22.3482761383], [-6.64755868912, 109.235610962, 39.6608848572, -12.8933677673, -37.6886520386, -7.63247537613, 6.56725597382, 22.1380214691, 21.8001270294, 38.2680397034, 63.7433738708, 9.18946647644, -18.9606609344], [6.62600946426, 28.4150276184, 52.9454498291, 46.0630645752, 36.3367919922, 21.0683956146, 10.7904605865, 2.04490160942, 3.00763940811, -5.49543237686, 9.18946647644, 41.9271278381, 17.6574554443], [18.1275100708, -102.315551758, -30.5906581879, 10.5173311234, 23.7046127319, 10.5223016739, -9.65436553955, -15.7212810516, -15.2462930679, -22.3482761383, -18.9606609344, 17.6574554443, 55.1831130981]],
        "icov": [[0.000438139395555, -4.27268678322e-05, 0.000236175677855, -0.000395474431571, 0.000466651516035, 0.000305193243548, -0.000119189826364, -0.000175994588062, -0.00052512367256, 0.000243780115852, 0.000308702612529, -0.00034653142211, -0.0001758987637], [-4.27268678322e-05, 0.00243598851375, -0.00167135137599, -0.000639696139842, 7.94224979472e-05, -2.30516034208e-05, -0.000185765398783, -0.00107993290294, 0.000726628582925, -0.0021204915829, -0.00117006385699, 0.000198585767066, 0.00223256787285], [0.000236175677855, -0.00167135137599, 0.00719682592899, -0.0054164766334, -0.000721132499166, 0.000137968032504, -0.00362644856796, 0.00302050751634, -0.0025083757937, -0.000355207914254, -0.00240052910522, -0.000384571991162, 0.00081631570356], [-0.000395474431571, -0.000639696139842, -0.0054164766334, 0.0112964808941, -0.00514533743262, -0.000923237879761, -0.000448151491582, -0.000300070008961, 0.00184037128929, 0.00167928717565, 0.00111943972297, 0.000969205866568, -0.00272630434483], [0.000466651516035, 7.94224979472e-05, -0.000721132499166, -0.00514533743262, 0.0111590949818, -0.00472303014249, 0.00450397329405, -0.000564023910556, 0.000774422835093, 0.00198957906105, 0.00430082995445, -0.00306219724007, 0.000786492251791], [0.000305193243548, -2.30516034208e-05, 0.000137968032504, -0.000923237879761, -0.00472303014249, 0.015070467256, -0.00648889644071, 0.000454541412182, -0.00114061054774, 0.000362657767255, -0.00131602422334, 0.000448461680207, -0.00250503607094], [-0.000119189826364, -0.000185765398783, -0.00362644856796, -0.000448151491582, 0.00450397329405, -0.00648889644071, 0.0195046495646, -0.0103681599721, 0.00329894036986, -0.000705720332917, 0.00571531942114, -0.00181772885844, 0.00070197111927], [-0.000175994588062, -0.00107993290294, 0.00302050751634, -0.000300070008961, -0.000564023910556, 0.000454541412182, -0.0103681599721, 0.0258878618479, -0.0136724198237, 0.005937254522, -0.00712740747258, 0.00179602461867, 0.00110742682591], [-0.00052512367256, 0.000726628582925, -0.0025083757937, 0.00184037128929, 0.000774422835093, -0.00114061054774, 0.00329894036986, -0.0136724198237, 0.0279967915267, -0.00987202581018, 0.00318142515607, -0.00466764438897, 0.00266905501485], [0.000243780115852, -0.0021204915829, -0.000355207914254, 0.00167928717565, 0.00198957906105, 0.000362657767255, -0.000705720332917, 0.005937254522, -0.00987202581018, 0.0288605038077, -0.011395775713, 0.00518650980666, -0.000499021844007], [0.000308702612529, -0.00117006385699, -0.00240052910522, 0.00111943972297, 0.00430082995445, -0.00131602422334, 0.00571531942114, -0.00712740747258, 0.00318142515607, -0.011395775713, 0.0328525900841, -0.0127518596128, 0.00519010424614], [-0.00034653142211, 0.000198585767066, -0.000384571991162, 0.000969205866568, -0.00306219724007, 0.000448461680207, -0.00181772885844, 0.00179602461867, -0.00466764438897, 0.00518650980666, -0.0127518596128, 0.0354571677744, -0.0134085081518], [-0.0001758987637, 0.00223256787285, 0.00081631570356, -0.00272630434483, 0.000786492251791, -0.00250503607094, 0.00070197111927, 0.00110742682591, 0.00266905501485, -0.000499021844007, 0.00519010424614, -0.0134085081518, 0.0304780099541]]
    },
    "spectral_contrast_coeffs": {
        "max": [-0.511744081974, -0.42631739378, -0.5813331604, -0.717018246651, -0.687855958939, -0.616896390915],
        "mean": [-0.714993953705, -0.734650850296, -0.77713406086, -0.830999076366, -0.814970195293, -0.763071656227],
        "min": [-0.926086127758, -0.955783545971, -0.934836268425, -0.931507050991, -0.943797290325, -0.929065465927],
        "stdev": [0.0726731345057, 0.100561358035, 0.0692812502384, 0.0310508944094, 0.0313393138349, 0.0309878773987]
    },
    "spectral_contrast_valleys": {
        "max": [-4.85531568527, -4.1198091507, -5.32378911972, -5.6640086174, -5.06455230713, -8.47079372406],
        "mean": [-8.98082733154, -6.8422369957, -6.76149129868, -7.01500320435, -7.50306749344, -10.545416832],
        "min": [-15.9263324738, -15.8790903091, -15.8355522156, -15.3090629578, -14.5968971252, -16.3750953674],
        "stdev": [1.50488066673, 0.655943930149, 0.860983967781, 0.809547901154, 0.715527713299, 0.696869432926]
    }
},
"rhythm": {
    "beats_count": 23,
    "beats_loudness": {
        "max": 0.0889810249209,
        "mean": 0.0228730626404,
        "min": 0.00269582634792,
        "stdev": 0.020574323833
    },
    "bpm": 110.939186096,
    "bpm_histogram_first_peak_bpm": 110,
    "bpm_histogram_first_peak_weight": 0.5,
    "bpm_histogram_second_peak_bpm": 0,
    "bpm_histogram_second_peak_spread": 0,
    "bpm_histogram_second_peak_weight": 0,
    "danceability": 0.700418710709,
    "onset_rate": 3.05657839775,
    "beats_loudness_band_ratio": {
        "max": [0.807217240334, 0.357871264219, 0.92529219389, 0.534814894199, 0.517972886562, 0.112248390913],
        "mean": [0.180621728301, 0.0518023446202, 0.350757062435, 0.253640562296, 0.153064638376, 0.0370663180947],
        "min": [5.21964575455e-05, 0.000515896012075, 0.0375043042004, 0.00404641777277, 0.0021485760808, 0.000494738691486],
        "stdev": [0.289340913296, 0.0894333049655, 0.275385916233, 0.171173244715, 0.153533816338, 0.0349549949169]
    },
    "beats_position": [0.522448956966, 1.05650794506, 1.60217678547, 2.14784574509, 2.68190479279, 3.22757363319, 3.7732424736, 4.31891155243, 4.87619018555, 5.42185926437, 5.9675283432, 6.5015873909, 7.04725599289, 7.59292507172, 8.12698364258, 8.67265319824, 9.21832180023, 9.75238037109, 10.2864398956, 10.8204984665, 11.354557991, 11.8886165619, 12.4226751328],
