{
"metadata": {
    "version": {
        "essentia": "2.1-beta5",
        "essentia_git_sha": "Undefined",
        "extractor": "music 2.0"
    },
    "audio_properties": {
        "analysis": {
            "equal_loudness": 0,
            "length": 24.9034004211,
            "sample_rate": 44100,
            "start_time": 175.240997314,
            "downmix": "mix"
        },
        "bit_rate": 192000,
        "length": 200.167617798,
        "lossless": 0,
        "number_channels": 2,
        "replay_gain": -9.02113342285,
        "sample_rate": 48000,
        "codec": "mp3",
        "md5_encoded": "d5abb9765153b74591f47c8f551bed49"
    },
    "tags": {
        "file_name": "Ukraine_Shady Lady_Ani Lorak.mp3",
        "encoding": ["Lavf58.29.100"]
    }
},
"lowlevel": {
    "average_loudness": 0.545893371105,
    "barkbands_crest": {
        "max": 24.7342281342,
        "mean": 9.88992595673,
        "min": 2.22680997849,
        "stdev": 4.8773651123
    },
    "barkbands_flatness_db": {
        "max": 0.339597016573,
        "mean": 0.163295686245,
        "min": 0.0325472466648,
        "stdev": 0.0571059845388
    },
    "barkbands_kurtosis": {
        "max": 42.8856277466,
        "mean": 2.18973565102,
        "min": -1.65355372429,
        "stdev": 5.08647680283
    },
    "barkbands_skewness": {
        "max": 5.4450507164,
        "mean": 1.04784882069,
        "min": -2.34651327133,
        "stdev": 0.915997624397
    },
    "barkbands_spread": {
        "max": 74.6967544556,
        "mean": 15.5415248871,
        "min": 1.38458001614,
        "stdev": 11.0058507919
    },
    "dissonance": {
        "max": 0.500000059605,
        "mean": 0.481846690178,
        "min": 0.361391067505,
        "stdev": 0.0192923154682
    },
    "dynamic_complexity": 5.54219245911,
    "erbbands_crest": {
        "max": 30.5881385803,
        "mean": 10.0177440643,
        "min": 3.35889053345,
        "stdev": 5.06697463989
    },
    "erbbands_flatness_db": {
        "max": 0.378899663687,
        "mean": 0.243807092309,
        "min": 0.0989376008511,
        "stdev": 0.0621950253844
    },
    "erbbands_kurtosis": {
        "max": 23.8409500122,
        "mean": 1.51072835922,
        "min": -1.5468198061,
        "stdev": 3.65070772171
    },
    "erbbands_skewness": {
        "max": 4.09138870239,
        "mean": 0.841221034527,
        "min": -2.62495923042,
        "stdev": 0.857434034348
    },
    "erbbands_spread": {
        "max": 66.0892486572,
        "mean": 20.2724075317,
        "min": 3.26400279999,
        "stdev": 9.5755443573
    },
    "hfc": {
        "max": 339.293579102,
        "mean": 21.7678127289,
        "min": 3.45245189237e-06,
        "stdev": 28.7333621979
    },
    "loudness_ebu128": {
        "integrated": -14.5868501663,
        "loudness_range": 12.8307161331,
        "momentary": {
            "max": -10.4675388336,
            "mean": -17.9343357086,
            "min": -45.6325378418,
            "stdev": 6.1434674263
        },
        "short_term": {
            "max": -11.6221389771,
            "mean": -17.1586265564,
            "min": -28.697095871,
            "stdev": 4.67509889603
        }
    },
    "melbands_crest": {
        "max": 33.4586257935,
        "mean": 12.9210329056,
        "min": 3.14633154869,
        "stdev": 6.3642411232
    },
    "melbands_flatness_db": {
        "max": 0.289946228266,
        "mean": 0.161388859153,
        "min": 0.0225460547954,
        "stdev": 0.0460805669427
    },
    "melbands_kurtosis": {
        "max": 59.5821418762,
        "mean": 5.27566432953,
        "min": -1.76555585861,
        "stdev": 7.05541944504
    },
    "melbands_skewness": {
        "max": 5.16228675842,
        "mean": 1.59352314472,
        "min": -1.29450011253,
        "stdev": 0.896725475788
    },
    "melbands_spread": {
        "max": 207.153778076,
        "mean": 24.5574645996,
        "min": 2.21803402901,
        "stdev": 22.1607913971
    },
    "pitch_salience": {
        "max": 0.879224419594,
        "mean": 0.654829859734,
        "min": 0.221172258258,
        "stdev": 0.138522624969
    },
    "silence_rate_20dB": {
        "max": 1,
        "mean": 1,
        "min": 1,
        "stdev": 0
    },
    "silence_rate_30dB": {
        "max": 1,
        "mean": 0.999068915844,
        "min": 0,
        "stdev": 0.0305000543594
    },
    "silence_rate_60dB": {
        "max": 1,
        "mean": 0.287709504366,
        "min": 0,
        "stdev": 0.452693581581
    },
    "spectral_centroid": {
        "max": 4581.88769531,
        "mean": 1816.91101074,
        "min": 1000.2119751,
        "stdev": 470.24041748
    },
    "spectral_complexity": {
        "max": 52,
        "mean": 16.9506511688,
        "min": 0,
        "stdev": 11.5695791245
    },
    "spectral_decrease": {
        "max": -4.08762483175e-16,
        "mean": -3.86394338747e-09,
        "min": -2.45195295179e-08,
        "stdev": 4.69159910921e-09
    },
    "spectral_energy": {
        "max": 0.10155595094,
        "mean": 0.0165577698499,
        "min": 1.85591175761e-09,
        "stdev": 0.0196141861379
    },
    "spectral_energyband_high": {
        "max": 0.0384145416319,
        "mean": 0.000887028174475,
        "min": 1.26783694654e-10,
        "stdev": 0.00280904723331
    },
    "spectral_energyband_low": {
        "max": 0.0519317500293,
        "mean": 0.00248306174763,
        "min": 1.03937067286e-11,
        "stdev": 0.00747585017234
    },
    "spectral_energyband_middle_high": {
        "max": 0.0882714539766,
        "mean": 0.00989805161953,
        "min": 1.45579948096e-09,
        "stdev": 0.0127103598788
    },
    "spectral_energyband_middle_low": {
        "max": 0.0538169443607,
        "mean": 0.0036446491722,
        "min": 2.95790669735e-10,
        "stdev": 0.00554401334375
    },
    "spectral_entropy": {
        "max": 8.768450737,
        "mean": 7.70787763596,
        "min": 6.28358745575,
        "stdev": 0.321459025145
    },
    "spectral_flux": {
        "max": 0.278561651707,
        "mean": 0.0631429627538,
        "min": 0.000495383806992,
        "stdev": 0.0471184179187
    },
    "spectral_kurtosis": {
        "max": 17.6477336884,
        "mean": 5.09745121002,
        "min": -0.726883411407,
        "stdev": 2.09093117714
    },
    "spectral_rms": {
        "max": 0.00995384249836,
        "mean": 0.00335014425218,
        "min": 1.34560229981e-06,
        "stdev": 0.00222047348507
    },
    "spectral_rolloff": {
        "max": 9969.87304688,
        "mean": 2143.71508789,
        "min": 279.931640625,
        "stdev": 1122.54418945
    },
    "spectral_skewness": {
        "max": 3.22909832001,
        "mean": 1.62051665783,
        "min": 0.149528875947,
        "stdev": 0.318375259638
    },
    "spectral_spread": {
        "max": 16490516,
        "mean": 3662712.25,
        "min": 1813368.625,
        "stdev": 1080273.625
    },
    "spectral_strongpeak": {
        "max": 11.051984787,
        "mean": 1.65386974812,
        "min": 0.000113114889245,
        "stdev": 2.19673800468
    },
    "zerocrossingrate": {
        "max": 0.326171875,
        "mean": 0.076388284564,
        "min": 0.0205078125,
        "stdev": 0.0300772041082
    },
    "barkbands": {
        "max": [0.00101681798697, 0.0508648008108, 0.0256471149623, 0.0246627405286, 0.0143371345475, 0.0411346666515, 0.0237811114639, 0.0219436194748, 0.0325685366988, 0.0831207036972, 0.0516712218523, 0.0492132492363, 0.032872300595, 0.0286865290254, 0.0130405398086, 0.0167436432093, 0.00399647839367, 0.00464105512947, 0.00346510577947, 0.00407062843442, 0.00435544829816, 0.0145567730069, 0.0146198589355, 0.0199486240745, 0.00684137176722, 0.00206184061244, 5.17225635122e-05],
        "mean": [3.89309534512e-05, 0.00170609902125, 0.000597004895099, 0.000217591878027, 0.000230033576372, 0.000527088297531, 0.000291541247861, 0.000509709178004, 0.00145604403224, 0.00170793896541, 0.00192426366266, 0.00291454186663, 0.000656792195514, 0.00106333207805, 0.000434615154518, 0.000374991010176, 0.000251098186709, 0.000328579742927, 0.000309265509713, 0.000238969834754, 0.000153592423885, 0.000215970547288, 0.000190515434952, 0.000130220563733, 6.56159536447e-05, 2.23859733524e-05, 1.07873734123e-06],
        "min": [1.24862969898e-13, 4.81204832925e-12, 4.52595860095e-12, 1.51159293416e-12, 1.24857277295e-11, 2.07622391502e-11, 7.19077367095e-11, 4.21273432805e-11, 9.77796177359e-11, 1.63963134736e-10, 7.25234317045e-11, 3.58361257335e-10, 1.74400022201e-10, 1.79892115093e-10, 1.04490430197e-10, 7.03380895195e-11, 1.74282047127e-10, 3.98477570385e-11, 1.16642626113e-10, 5.06765081287e-11, 3.45998299456e-11, 2.03606610738e-11, 1.41002704304e-11, 1.33873320415e-11, 4.90670655148e-12, 5.43075220211e-12, 1.63846974183e-12],
        "stdev": [0.000128074461827, 0.00586811779067, 0.00281210872345, 0.00141178420745, 0.000827767304145, 0.00266120885499, 0.00106018246152, 0.00153842568398, 0.00215451279655, 0.00492943823338, 0.005897232797, 0.00706662982702, 0.00192844704725, 0.00194706395268, 0.00106622371823, 0.000866782094818, 0.000354967982275, 0.000462326628622, 0.000439647468738, 0.00044070079457, 0.000332267489284, 0.00088263937505, 0.000813714344986, 0.000829616270494, 0.000307222100673, 0.000103968639451, 3.57900557901e-06]
    },
    "erbbands": {
        "max": [1.56020498276, 11.4771499634, 27.3698444366, 66.8737869263, 32.2284584045, 42.6432762146, 115.664665222, 419.942626953, 423.356140137, 202.913818359, 483.039093018, 860.471435547, 2634.15893555, 1449.08483887, 2398.19458008, 2074.30419922, 1765.55249023, 1108.65563965, 655.069274902, 852.684936523, 420.923553467, 195.287384033, 245.804199219, 207.311355591, 153.160430908, 247.669326782, 98.7968597412, 310.594451904, 512.139282227, 567.626037598, 307.188079834, 354.029418945, 400.819274902, 146.118270874, 31.7254219055, 15.0759906769, 1.79148292542, 0.124538347125, 0.00825882423669, 0.000495555344969],
        "mean": [0.0473140701652, 0.386390805244, 0.704589307308, 0.797707796097, 0.455817759037, 0.761183977127, 1.89067625999, 5.36686468124, 5.31542158127, 5.20729446411, 14.2346534729, 31.4990005493, 49.8867149353, 54.8149642944, 120.080467224, 85.5255279541, 31.8236179352, 45.6312713623, 37.9347915649, 25.2286319733, 19.4998874664, 14.8395748138, 18.4011554718, 16.4892253876, 14.1575174332, 11.642334938, 7.32062864304, 5.83078765869, 7.32570791245, 7.32874917984, 5.11329650879, 3.29487872124, 1.83140730858, 0.950124621391, 0.358055144548, 0.162633508444, 0.0248154439032, 0.00230443570763, 0.000171624706127, 2.65731869149e-05],
        "min": [9.41413960676e-11, 1.26042754012e-09, 4.88483564709e-09, 5.73403502457e-09, 1.24988481787e-08, 5.16261664529e-08, 6.25757436978e-08, 2.33105993175e-07, 9.36059507239e-07, 1.04448042748e-06, 8.89761849976e-07, 2.55099917013e-06, 4.3688464757e-06, 4.32596834798e-06, 3.72542012883e-06, 1.68758379004e-05, 9.77073068498e-06, 6.75765022606e-06, 8.13636870589e-06, 2.91655783258e-06, 5.59700674785e-06, 1.13895184768e-05, 2.73195837508e-06, 3.0782198337e-06, 6.63791843181e-06, 2.88966430162e-06, 2.11807059713e-06, 7.6829144291e-07, 7.42799272757e-07, 4.02266579158e-07, 4.27147426763e-07, 3.24787350792e-07, 2.35558658801e-07, 6.16227069372e-08, 3.64584735735e-08, 1.83528232611e-08, 1.4384641922e-08, 1.2919657566e-09, 4.23956453277e-10, 1.89291290975e-11],
        "stdev": [0.169886484742, 1.33983230591, 2.86518001556, 4.40090465546, 2.07683730125, 2.89814996719, 6.73192930222, 28.2588119507, 22.1237411499, 15.2011804581, 33.9475898743, 48.3252487183, 115.120643616, 122.267051697, 291.359741211, 192.279876709, 93.4958724976, 92.2841110229, 61.7691001892, 74.0634613037, 35.184261322, 19.8206195831, 24.881023407, 22.9273719788, 20.9367218018, 21.7896842957, 14.1215877533, 17.4666633606, 30.3733329773, 30.47382164, 21.4118309021, 18.014547348, 14.0348730087, 5.57463216782, 1.39741158485, 0.789793670177, 0.0882850959897, 0.00720010930672, 0.000537305371836, 3.73425500584e-05]
    },
    "gfcc": {
        "mean": [-77.4058761597, 27.0022964478, -206.367034912, -13.7010469437, -82.7807769775, 16.3551902771, -31.5867881775, 17.5361633301, -22.3415679932, -0.847987949848, -17.7355041504, -3.5116751194, -13.0101261139],
        "cov": [[10627.0458984, 992.829589844, 3013.61206055, 2028.41772461, 1028.09484863, 1070.2467041, 342.838775635, -172.444458008, -194.502883911, 295.533905029, 356.66897583, 500.345123291, 174.733047485], [992.829589844, 704.886047363, 820.129882812, 477.001708984, 402.031829834, 246.896575928, 57.9829216003, 26.2116527557, -0.941422700882, 118.582214355, 76.9724655151, 114.312393188, 83.2191467285], [3013.61206055, 820.129882812, 2220.7590332, 1281.09814453, 750.309326172, 665.059509277, 17.2692127228, 29.1277866364, -57.9186897278, 330.591827393, 147.865737915, 320.863525391, 115.437843323], [2028.41772461, 477.001708984, 1281.09814453, 897.986938477, 469.839172363, 422.353424072, 29.5720024109, -0.593805551529, -45.3484458923, 167.354919434, 100.292694092, 171.847488403, 61.7397918701], [1028.09484863, 402.031829834, 750.309326172, 469.839172363, 416.00302124, 302.102630615, 37.1329154968, 4.22599935532, -35.6469955444, 108.07787323, 71.2249603271, 109.348579407, 47.8574562073], [1070.2467041, 246.896575928, 665.059509277, 422.353424072, 302.102630615, 349.101593018, 53.7518692017, -33.497253418, -58.8556518555, 72.264831543, 70.2906341553, 89.6357650757, 30.6287498474], [342.838775635, 57.9829216003, 17.2692127228, 29.5720024109, 37.1329154968, 53.7518692017, 133.168518066, 37.9299468994, 7.62949895859, -18.6272888184, -10.8736152649, -5.81698036194, 5.19570350647], [-172.444458008, 26.2116527557, 29.1277866364, -0.593805551529, 4.22599935532, -33.497253418, 37.9299468994, 134.33555603, 67.8682174683, 39.6629600525, -28.0543003082, -8.86807441711, 2.85001111031], [-194.502883911, -0.941422700882, -57.9186897278, -45.3484458923, -35.6469955444, -58.8556518555, 7.62949895859, 67.8682174683, 97.5422134399, 34.2825393677, -15.2459278107, -7.84508037567, -3.02385997772], [295.533905029, 118.582214355, 330.591827393, 167.354919434, 108.07787323, 72.264831543, -18.6272888184, 39.6629600525, 34.2825393677, 122.306686401, 42.4130935669, 57.3244667053, 17.060710907], [356.66897583, 76.9724655151, 147.865737915, 100.292694092, 71.2249603271, 70.2906341553, -10.8736152649, -28.0543003082, -15.2459278107, 42.4130935669, 95.1164703369, 49.7469024658, 18.1749248505], [500.345123291, 114.312393188, 320.863525391, 171.847488403, 109.348579407, 89.6357650757, -5.81698036194, -8.86807441711, -7.84508037567, 57.3244667053, 49.7469024658, 105.595108032, 42.5763626099], [174.733047485, 83.2191467285, 115.437843323, 61.7397918701, 47.8574562073, 30.6287498474, 5.19570350647, 2.85001111031, -3.02385997772, 17.060710907, 18.1749248505, 42.5763626099, 56.3820762634]],
        "icov": [[0.000240084555116, 0.000233892613323, -0.000355777039658, -0.000271532975603, -5.20690409758e-05, 0.000384122889955, -0.000915349985007, 0.000581647560466, -0.000161164352903, 0.000268955423962, -0.000555722799618, -5.6034264162e-06, -7.96843378339e-05], [0.000233892613323, 0.00516123697162, -0.00274252216332, 0.000881096406374, -0.00498263677582, 0.00391854066402, -0.00299617345445, 0.00219384604134, -0.00250664819032, 0.00211866712198, -0.00316329207271, 0.00386368948966, -0.00410013785586], [-0.000355777039658, -0.00274252216332, 0.00692130299285, -0.00468231225386, 0.00196078582667, -0.00468581728637, 0.00335776223801, -0.00269074528478, 0.00343578262255, -0.00652898335829, 0.00585871841758, -0.00666518555954, 0.00211915373802], [-0.000271532975603, 0.000881096406374, -0.00468231225386, 0.00813189335167, -0.00232456857339, 2.54540573223e-05, 0.000220487447223, 0.000199600035558, -0.00183204654604, 0.0032905000262, -0.00253150588833, 0.0032430596184, -0.000574929639697], [-5.20690409758e-05, -0.00498263677582, 0.00196078582667, -0.00232456857339, 0.0137313501909, -0.00818172562867, 0.0022087234538, -0.00311471754685, 0.00331189506687, -0.00335446489044, 0.00236321659759, -0.00385400117375, 0.00213100458495], [0.000384122889955, 0.00391854066402, -0.00468581728637, 2.54540573223e-05, -0.00818172562867, 0.0161720272154, -0.00780429830775, 0.00560873793438, 8.94468175829e-05, 0.00246074143797, -0.00578342936933, 0.00486555323005, -0.00136269687209], [-0.000915349985007, -0.00299617345445, 0.00335776223801, 0.000220487447223, 0.0022087234538, -0.00780429830775, 0.0162039734423, -0.00840982049704, 0.00016341774608, 0.00326994573697, 0.00344256451353, -0.00227099959739, 0.00106405001134], [0.000581647560466, 0.00219384604134, -0.00269074528478, 0.000199600035558, -0.00311471754685, 0.00560873793438, -0.00840982049704, 0.018253473565, -0.00815704558045, -0.00419676117599, 0.00141756434459, 0.00464222487062, -0.00343097536825], [-0.000161164352903, -0.00250664819032, 0.00343578262255, -0.00183204654604, 0.00331189506687, 8.94468175829e-05, 0.00016341774608, -0.00815704558045, 0.0220792517066, -0.0104206269607, 0.00395499775186, -0.00379040581174, 0.00263311620802], [0.000268955423962, 0.00211866712198, -0.00652898335829, 0.0032905000262, -0.00335446489044, 0.00246074143797, 0.00326994573697, -0.00419676117599, -0.0104206269607, 0.0282183997333, -0.0111088454723, 0.000834089296404, 0.00107869773638], [-0.000555722799618, -0.00316329207271, 0.00585871841758, -0.00253150588833, 0.00236321659759, -0.00578342936933, 0.00344256451353, 0.00141756434459, 0.00395499775186, -0.0111088454723, 0.0224057622254, -0.00973833072931, 0.00161975738592], [-5.6034264162e-06, 0.00386368948966, -0.00666518555954, 0.0032430596184, -0.00385400117375, 0.00486555323005, -0.00227099959739, 0.00464222487062, -0.00379040581174, 0.000834089296404, -0.00973833072931, 0.0304303765297, -0.0152830872685], [-7.96843378339e-05, -0.00410013785586, 0.00211915373802, -0.000574929639697, 0.00213100458495, -0.00136269687209, 0.00106405001134, -0.00343097536825, 0.00263311620802, 0.00107869773638, 0.00161975738592, -0.0152830872685, 0.0301659721881]]
    },
    "melbands": {
        "max": [0.0145720848814, 0.0115813482553, 0.0100298654288, 0.00196423474699, 0.00413154158741, 0.00911239162087, 0.00562711013481, 0.0029025899712, 0.0036452000495, 0.00514013227075, 0.0137862199917, 0.00789869856089, 0.00822246819735, 0.00658012740314, 0.00196118978783, 0.00315169827081, 0.00251885899343, 0.00139437138569, 0.00101370480843, 0.00165718491189, 0.000471213104902, 0.000229194163694, 0.000257483217865, 0.000257335312199, 0.00019033436547, 0.000191804734641, 0.000122903496958, 0.000157034170115, 8.56116967043e-05, 8.1477315689e-05, 0.000223188806558, 0.000265798909822, 0.000347108318238, 0.000379106262699, 0.000207902514376, 0.00027182183112, 0.000181452895049, 0.000406140374253, 0.000116887626064, 0.000121594821394],
        "mean": [0.000459398987005, 0.000414396810811, 0.000126533021103, 3.75663221348e-05, 6.24652311672e-05, 0.000115857830679, 7.79904585215e-05, 6.67970234645e-05, 0.000121598764963, 0.000214474988752, 0.000256326020462, 0.000216814500163, 0.000335159013048, 0.000430145126302, 6.26335313427e-05, 7.41077892599e-05, 8.512011118e-05, 7.15510686859e-05, 3.0627095839e-05, 2.9562634154e-05, 2.11009355553e-05, 1.4526997802e-05, 1.5201205315e-05, 1.69723189174e-05, 1.29021063913e-05, 1.18948237287e-05, 8.8792430688e-06, 7.28555778551e-06, 4.88355954076e-06, 3.20439289681e-06, 3.47983427673e-06, 4.00104636356e-06, 4.47766387879e-06, 3.88573653254e-06, 3.09640176965e-06, 2.42416945184e-06, 1.82741075605e-06, 1.44682439895e-06, 8.71802853908e-07, 7.79659046657e-07],
        "min": [1.09963730829e-12, 2.24044480884e-12, 1.09921577049e-12, 2.24423431228e-12, 2.31689884292e-12, 5.54247012868e-12, 1.44899439669e-11, 1.14088478248e-11, 7.32502860451e-12, 1.62769953765e-11, 2.21219136759e-11, 1.81792150777e-11, 9.44729537655e-12, 2.90989090462e-11, 5.01700139766e-11, 7.77882619429e-12, 1.46401502032e-11, 1.48503934844e-11, 6.80450877935e-12, 1.71875849057e-12, 7.53483213323e-12, 1.36524021255e-11, 2.99052557891e-12, 2.56487084176e-12, 2.177443989e-12, 4.9715826074e-12, 2.98949190056e-12, 1.81603625367e-12, 1.46362739636e-12, 7.31778678452e-13, 3.8292904004e-13, 4.17619498011e-13, 3.98387377774e-13, 1.4028246609e-13, 2.05686596227e-13, 3.17720621947e-13, 1.57560474542e-13, 2.03514993486e-13, 6.24840077682e-14, 4.91079819496e-14],
        "stdev": [0.00161664665211, 0.00137638882734, 0.000666938663926, 0.000128682178911, 0.000227245138376, 0.000598673301283, 0.000311012408929, 0.000209473088034, 0.000255830702372, 0.000325154804159, 0.000623451953288, 0.000555039732717, 0.00091272208374, 0.00102944194805, 0.000168307262356, 0.000202036753763, 0.000179701382876, 0.000129502615891, 7.85857482697e-05, 8.67883863975e-05, 3.73521543224e-05, 2.12970498978e-05, 2.09920362977e-05, 2.62184203166e-05, 1.93745381694e-05, 1.86983761523e-05, 1.54579156515e-05, 1.45644826262e-05, 1.00466586446e-05, 7.05036200088e-06, 1.2156032426e-05, 1.64186258189e-05, 1.9908633476e-05, 1.69875784195e-05, 1.33141938932e-05, 1.2946604329e-05, 1.03057063825e-05, 1.35153886731e-05, 5.03123737872e-06, 4.46644025942e-06]
    },
    "melbands128": {
        "max": [0.000972663459834, 0.0102166524157, 0.0252821091563, 0.0175568833947, 0.0168566405773, 0.014861093834, 0.0159233547747, 0.00963233038783, 0.00219097570516, 0.00152047909796, 0.00307613704354, 0.00665318733081, 0.00500556547195, 0.00372267747298, 0.00758137367666, 0.0196259915829, 0.00941280089319, 0.00687285047024, 0.00293347402476, 0.00361131131649, 0.00589779065922, 0.00740392366424, 0.00461148424074, 0.00582974543795, 0.00836325902492, 0.00453556794673, 0.00670312112197, 0.0208490900695, 0.0276382062584, 0.0125423679128, 0.00609429273754, 0.00629427842796, 0.0155658619478, 0.0131961628795, 0.0142811834812, 0.0121615165845, 0.00498092127964, 0.00280687422492, 0.0039730402641, 0.00838882662356, 0.00273632747121, 0.00441234279424, 0.00342940539122, 0.00676973443478, 0.00319224991836, 0.00261163827963, 0.00147388526239, 0.00145425857045, 0.00278809829615, 0.00230372231454, 0.00301630957983, 0.000902262283489, 0.00118250423111, 0.000449785671663, 0.000409708765801, 0.000463077769382, 0.000223647846724, 0.000469667284051, 0.000420450844103, 0.000451636879006, 0.000379028933821, 0.000326855573803, 0.000259675405687, 0.00026072683977, 0.000345955777448, 0.00039913164801, 0.000185353390407, 0.000182198375114, 0.000143975848914, 0.00041244723252, 0.000213774110307, 0.000157273723744, 0.000214115731069, 0.000130245127366, 0.000123738005641, 7.21553151379e-05, 0.000133167704917, 0.000193388099433, 0.00021643252694, 0.000298082712106, 0.000281266489765, 0.000374199094949, 0.000462090305518, 0.000495996209793, 0.000358710938599, 0.000507769873366, 0.000362959079212, 0.000285796588287, 0.000299078586977, 0.000112565154268, 0.000223826587899, 0.000303399225231, 0.000433696201071, 0.000189881742699, 0.000228030839935, 0.000749186612666, 0.000364669918781, 7.98247783678e-05, 0.000135698617669, 8.80212683114e-05, 0.000252646626905, 0.00010866473167, 4.29182764492e-05, 3.18637503369e-05, 3.02844418911e-05, 3.42336134054e-05, 2.79490122921e-05, 4.7232137149e-05, 3.95270471927e-05, 2.52352965617e-05, 7.78418598202e-06, 6.64647814119e-06, 4.09130007029e-06, 2.22122457672e-06, 6.26928112979e-07, 2.75507630931e-07, 1.13780595257e-06, 8.89869454568e-07, 4.96462405408e-07, 2.64982617182e-07, 1.49999323185e-07, 1.48425201019e-07, 7.96135921632e-08, 3.61354390854e-09, 3.47918738264e-09, 3.37636962833e-09, 3.30572769158e-09, 3.26175220167e-09],
        "mean": [3.68526489183e-05, 0.000323466316331, 0.000698367017321, 0.00061350048054, 0.000398626143578, 0.000282891123788, 0.000174038737896, 8.89650546014e-05, 3.57931494364e-05, 2.5741812351e-05, 3.8762584154e-05, 7.16766080586e-05, 6.49762077956e-05, 5.34304163011e-05, 0.000114156529889, 0.000170642757439, 0.000100002391264, 6.44037136226e-05, 4.16997136199e-05, 4.6650202421e-05, 7.79725523898e-05, 0.000129935506266, 0.00011324184743, 0.00012763554696, 0.000189046390005, 0.000260970176896, 0.000261767796474, 0.000220616027946, 0.000297499005683, 0.000256107450696, 0.000156550464453, 0.000197452667635, 0.000347220309777, 0.00035132735502, 0.00070510484511, 0.0004040338099, 6.15096578258e-05, 4.85957752971e-05, 6.04212473263e-05, 7.10190724931e-05, 5.19960995007e-05, 0.000125458813272, 7.63547650422e-05, 6.11790237599e-05, 0.000119810181786, 6.74008697388e-05, 2.88010869554e-05, 2.1749008738e-05, 3.63754406862e-05, 4.27775812568e-05, 2.367759771e-05, 2.04839034268e-05, 3.08523704007e-05, 1.5172698113e-05, 1.40642168844e-05, 1.40907905006e-05, 1.56021578732e-05, 1.51168987941e-05, 1.3732732441e-05, 1.81967861863e-05, 1.96207729459e-05, 1.44579225889e-05, 1.07980758912e-05, 1.25872393255e-05, 1.59619248734e-05, 1.2462187442e-05, 9.00108443602e-06, 9.28474855755e-06, 7.92237369751e-06, 1.00953075162e-05, 7.78950015956e-06, 5.79120023758e-06, 4.95076210427e-06, 5.28678947376e-06, 4.11086830354e-06, 3.04808304463e-06, 2.82128144136e-06, 3.09426513923e-06, 3.57620388058e-06, 3.84427403333e-06, 3.95835149902e-06, 3.93202981286e-06, 4.43933276983e-06, 4.49432764071e-06, 4.70063559987e-06, 4.05369337386e-06, 3.5664029383e-06, 3.53409132003e-06, 3.39272082783e-06, 2.39157452597e-06, 2.62840671894e-06, 2.35818106376e-06, 2.24803329729e-06, 1.69584563992e-06, 1.62394167091e-06, 1.92809079635e-06, 1.33639605338e-06, 8.9882115617e-07, 9.35945706715e-07, 7.43481393783e-07, 8.9280655402e-07, 7.86788916685e-07, 6.78013520883e-07, 5.2490509006e-07, 3.09848360303e-07, 2.52648845844e-07, 3.49173774339e-07, 3.80361370844e-07, 3.23621748066e-07, 2.23348237682e-07, 1.25078472024e-07, 7.91060941197e-08, 6.54554028756e-08, 4.81424926591e-08, 1.07649862358e-08, 6.48173870132e-09, 2.04068673071e-08, 1.32851907253e-08, 8.98151952811e-09, 3.46632234027e-09, 1.31681276994e-09, 5.99113259003e-10, 2.7510449474e-10, 1.13973691596e-11, 6.14403666832e-12, 5.62011288202e-12, 5.31871161696e-12, 5.2331828107e-12],
        "min": [1.23904860439e-13, 5.76261369352e-13, 1.40621845765e-12, 2.28370881233e-12, 2.61504012888e-12, 2.1043715815e-12, 1.18089891164e-12, 6.54055206262e-13, 1.03287007853e-12, 2.15665115974e-12, 3.18090432466e-12, 3.20806662485e-12, 2.0910027182e-12, 1.10229663938e-12, 3.08993195614e-12, 8.36314177632e-12, 1.45702460513e-11, 1.65950100883e-11, 1.35634004028e-11, 1.10004262643e-11, 1.14713646568e-11, 9.15802590012e-12, 3.29155886575e-12, 8.74615484203e-12, 2.00977168935e-11, 1.77021002024e-11, 1.24645536947e-11, 2.59854204127e-11, 2.76500142227e-11, 1.89955117608e-11, 1.86022638266e-11, 8.22577769788e-12, 7.58838998582e-12, 1.11360278637e-11, 1.18685261272e-11, 3.16964961222e-11, 6.133901026e-11, 6.37820074534e-11, 3.85908770217e-11, 1.08197244567e-11, 5.99474517336e-13, 1.57905286069e-12, 9.54642875167e-12, 2.70230417904e-11, 2.16452879925e-11, 7.84159803063e-12, 1.45195843196e-11, 6.68946798996e-12, 4.90466651668e-12, 1.6866775988e-12, 1.1156183399e-12, 1.03293621486e-12, 7.63289605132e-12, 1.09783978783e-11, 5.68035896098e-12, 2.11872689532e-11, 1.35141490012e-11, 1.4628054627e-12, 9.1681924639e-13, 1.11462727069e-12, 4.02916068565e-12, 2.33452580184e-12, 1.12206717442e-12, 2.94768745003e-12, 2.3940532716e-12, 3.65034868652e-12, 8.85446663906e-12, 4.28845023728e-12, 1.29998865405e-12, 1.23229529879e-12, 2.25971476774e-12, 1.90208482645e-12, 1.2477020285e-12, 1.59838949802e-12, 1.3115317209e-12, 1.06812410479e-12, 2.11231463636e-13, 3.2494834731e-13, 4.32461846282e-13, 4.11222732298e-13, 4.36752251119e-13, 3.97080616001e-13, 4.30837359061e-13, 4.81954320203e-13, 3.00575075897e-13, 1.50602281839e-13, 6.74279832273e-14, 1.2117806487e-13, 2.11828316931e-13, 2.0502039465e-13, 4.90568740144e-13, 3.06310478284e-13, 1.3179075073e-13, 1.55364788959e-13, 1.74970321977e-13, 1.76183896573e-13, 2.61370271129e-13, 1.59977283157e-13, 3.54133904276e-14, 2.77700463265e-14, 4.01871766388e-14, 5.44953181701e-14, 5.98199265188e-14, 5.99751842699e-14, 4.17525578998e-14, 2.66037514148e-14, 2.44690979447e-14, 2.27892418749e-14, 5.27692412065e-14, 1.71640791315e-14, 2.04830252694e-14, 4.38463081489e-14, 6.21841513286e-14, 7.53383968166e-14, 5.61530751503e-15, 3.1650127228e-15, 4.40762996169e-15, 3.39870911295e-15, 5.82066980606e-15, 1.09660984991e-14, 2.77437832229e-14, 1.00481256955e-14, 2.09075471711e-15, 2.97098860304e-15, 2.29141046957e-15, 1.09283523816e-15, 4.98712141157e-16, 7.00115082553e-17],
        "stdev": [0.000124471393065, 0.00116761797108, 0.00269410084002, 0.00215312163346, 0.0015813447535, 0.0013676736271, 0.00102485658135, 0.000556584564038, 0.000155786299729, 9.8291078757e-05, 0.00016658900131, 0.000312807474984, 0.000261873618001, 0.000232241189224, 0.000593204225879, 0.00113588443492, 0.000543025846127, 0.000281692831777, 0.000163275981322, 0.000177184745553, 0.000349271751475, 0.000485090451548, 0.000273182085948, 0.000266003946308, 0.000403183628805, 0.00044809357496, 0.00049801543355, 0.000735975394491, 0.0012572206324, 0.000936959579121, 0.00046609347919, 0.000580885913223, 0.00144401181024, 0.00140407972503, 0.001922113006, 0.00118572451174, 0.000252454396104, 0.000184718301171, 0.000239988599787, 0.000386825820897, 0.000148800667375, 0.000376936455723, 0.000200086724362, 0.000292454846203, 0.000248902273597, 0.00015929993242, 7.89328187238e-05, 5.92079231865e-05, 0.000160027018865, 0.000189575424884, 0.000104746446596, 5.84381268709e-05, 6.95141934557e-05, 2.77549152088e-05, 2.43295016844e-05, 2.93998746201e-05, 2.57726042037e-05, 3.07056798192e-05, 2.56071471085e-05, 3.41366103385e-05, 3.97553740186e-05, 3.11467920255e-05, 2.234895328e-05, 2.46984473051e-05, 2.83722529275e-05, 2.88475439447e-05, 1.75529567059e-05, 2.0406452677e-05, 1.61023581313e-05, 2.61747572949e-05, 1.93101714103e-05, 1.41023601827e-05, 1.42786757351e-05, 1.23477266243e-05, 1.01433633972e-05, 7.17173043085e-06, 8.08150070952e-06, 1.00899505924e-05, 1.30212938529e-05, 1.65376422956e-05, 1.74802789843e-05, 1.75954992301e-05, 2.20187175728e-05, 2.29140096053e-05, 1.85647659237e-05, 2.11194856092e-05, 1.59857008839e-05, 1.56694513862e-05, 1.72167037817e-05, 9.00595932762e-06, 1.33534631459e-05, 1.48417630044e-05, 1.50412688527e-05, 8.47093724587e-06, 1.03615675471e-05, 2.38345855905e-05, 1.22722758533e-05, 4.18561330662e-06, 6.11072346146e-06, 3.8364169086e-06, 8.10637629911e-06, 4.43117642135e-06, 2.26617225962e-06, 1.74367824002e-06, 1.2428259879e-06, 1.30734474624e-06, 1.62814808391e-06, 2.18843524635e-06, 1.56837813847e-06, 1.22175686101e-06, 4.74882909884e-07, 2.719467318e-07, 2.03189813419e-07, 1.45049611433e-07, 3.30642713209e-08, 1.79706400871e-08, 6.9997931007e-08, 5.78200562984e-08, 3.58812428658e-08, 1.63679008125e-08, 9.67016866582e-09, 5.8925087032e-09, 3.18710302594e-09, 1.3630335749e-10, 1.07811093386e-10, 1.03307466748e-10, 1.00903105316e-10, 9.95558288586e-11]
    },
    "mfcc": {
        "mean": [-694.079223633, 68.3831100464, -71.3267211914, -29.9397792816, -32.7026901245, -12.6488351822, -6.38613939285, 7.7914686203, -0.994136333466, 5.47342300415, 2.32931256294, -5.24691343307, -3.74878668785],
        "cov": [[8809.89453125, 319.769134521, 2042.7166748, 1281.61865234, 915.868286133, 1119.47399902, 745.651611328, 302.844848633, -50.9980278015, 7.05427122116, -62.1762161255, 110.037254333, 325.890411377], [319.769134521, 517.394165039, 336.418701172, 235.919143677, 283.215942383, 169.079299927, 130.254577637, 23.5290985107, 80.5536956787, 32.8848266602, -1.73001134396, 50.3728981018, 53.438911438], [2042.7166748, 336.418701172, 1577.13452148, 822.900939941, 838.342407227, 670.928710938, 383.889373779, 81.21509552, 50.4088554382, 26.9161071777, -7.86177206039, 131.108352661, 235.396224976], [1281.61865234, 235.919143677, 822.900939941, 564.147644043, 486.129699707, 367.082183838, 219.081787109, 62.1778030396, 48.2056007385, 34.7760505676, -5.14910411835, 69.4682540894, 129.01322937], [915.868286133, 283.215942383, 838.342407227, 486.129699707, 610.789794922, 404.928588867, 244.600708008, 36.4149971008, 29.1822948456, 18.4171009064, 3.0225622654, 80.283493042, 158.252548218], [1119.47399902, 169.079299927, 670.928710938, 367.082183838, 404.928588867, 424.018615723, 242.309585571, 65.3487548828, 0.454901099205, -22.0154895782, 3.10006833076, 39.354598999, 125.669090271], [745.651611328, 130.254577637, 383.889373779, 219.081787109, 244.600708008, 242.309585571, 233.082229614, 65.9346084595, 11.7527446747, -0.740124940872, 5.88490438461, 6.98301076889, 76.5016555786], [302.844848633, 23.5290985107, 81.21509552, 62.1778030396, 36.4149971008, 65.3487548828, 65.9346084595, 84.4787063599, 38.2159080505, 6.85108947754, 9.11479187012, -1.70599830151, 9.42718029022], [-50.9980278015, 80.5536956787, 50.4088554382, 48.2056007385, 29.1822948456, 0.454901099205, 11.7527446747, 38.2159080505, 128.348327637, 52.513217926, 4.07380151749, 19.6487617493, -25.7888183594], [7.05427122116, 32.8848266602, 26.9161071777, 34.7760505676, 18.4171009064, -22.0154895782, -0.740124940872, 6.85108947754, 52.513217926, 100.250358582, 19.0859966278, 26.2350597382, -6.87202501297], [-62.1762161255, -1.73001134396, -7.86177206039, -5.14910411835, 3.0225622654, 3.10006833076, 5.88490438461, 9.11479187012, 4.07380151749, 19.0859966278, 52.1374015808, 17.6147575378, 3.78338742256], [110.037254333, 50.3728981018, 131.108352661, 69.4682540894, 80.283493042, 39.354598999, 6.98301076889, -1.70599830151, 19.6487617493, 26.2350597382, 17.6147575378, 72.9582748413, 29.5073051453], [325.890411377, 53.438911438, 235.396224976, 129.01322937, 158.252548218, 125.669090271, 76.5016555786, 9.42718029022, -25.7888183594, -6.87202501297, 3.78338742256, 29.5073051453, 101.952163696]],
        "icov": [[0.000242024470936, 1.81201266969e-05, -9.50740650296e-05, -0.000475915934658, 0.000509407138452, -0.000372693844838, -0.000284091715002, -0.000418860319769, 0.000496697961353, -0.000238893611822, 0.000470435916213, -0.00031467815279, 0.000142361517646], [1.81201266969e-05, 0.00309629691765, 0.000741339987144, -0.000655543350149, -0.00139685848262, 1.93713494809e-05, -0.00122186110821, 0.00105973507743, -0.0018017408438, 0.000325841130689, 0.000571133859921, -0.0010787055362, 0.000257440638961], [-9.50740650296e-05, 0.000741339987144, 0.00448588188738, -0.00303468760103, -0.00193680950906, -0.00248682126403, -0.000278336985502, 0.00122275506146, -0.000774532440118, 6.74746916047e-05, 0.00110486266203, -0.00206697755493, -6.85572813381e-05], [-0.000475915934658, -0.000655543350149, -0.00303468760103, 0.0102329840884, -0.0035687580239, 0.000309702998493, 0.00140934286173, -0.00202050595544, -0.000773206178565, -0.0017128593754, 0.000618118385319, 0.0013403542107, -0.00051232369151], [0.000509407138452, -0.00139685848262, -0.00193680950906, -0.0035687580239, 0.0108036240563, -0.00317338993773, -0.00208356115036, 0.0029048663564, -0.000160495881573, -0.000511299120262, 9.21239698073e-05, -0.00135223928373, -0.00315856724046], [-0.000372693844838, 1.93713494809e-05, -0.00248682126403, 0.000309702998493, -0.00317338993773, 0.013698049821, -0.00489202700555, -0.00204802188091, 0.000413187779486, 0.00421516038477, -0.00221901154146, 0.000677758303937, -0.00129271973856], [-0.000284091715002, -0.00122186110821, -0.000278336985502, 0.00140934286173, -0.00208356115036, -0.00489202700555, 0.0144118163735, -0.0055380393751, 0.000537685060408, -0.00179018301424, -0.00166147795971, 0.00563658727333, -0.00218446971849], [-0.000418860319769, 0.00105973507743, 0.00122275506146, -0.00202050595544, 0.0029048663564, -0.00204802188091, -0.0055380393751, 0.0226223152131, -0.00896558258682, 0.00238681980409, -0.00457687303424, 0.00203574285842, -0.00193008210044], [0.000496697961353, -0.0018017408438, -0.000774532440118, -0.000773206178565, -0.000160495881573, 0.000413187779486, 0.000537685060408, -0.00896558258682, 0.0167936868966, -0.00626090075821, 0.00353527069092, -0.00365755986422, 0.00704216351733], [-0.000238893611822, 0.000325841130689, 6.74746916047e-05, -0.0017128593754, -0.000511299120262, 0.00421516038477, -0.00179018301424, 0.00238681980409, -0.00626090075821, 0.0162910148501, -0.00544579932466, -0.00261442852207, -0.000201779737836], [0.000470435916213, 0.000571133859921, 0.00110486266203, 0.000618118385319, 9.21239698073e-05, -0.00221901154146, -0.00166147795971, -0.00457687303424, 0.00353527069092, -0.00544579932466, 0.0254800561816, -0.00810150057077, 0.00105223059654], [-0.00031467815279, -0.0010787055362, -0.00206697755493, 0.0013403542107, -0.00135223928373, 0.000677758303937, 0.00563658727333, 0.00203574285842, -0.00365755986422, -0.00261442852207, -0.00810150057077, 0.0244585759938, -0.00638625910506], [0.000142361517646, 0.000257440638961, -6.85572813381e-05, -0.00051232369151, -0.00315856724046, -0.00129271973856, -0.00218446971849, -0.00193008210044, 0.00704216351733, -0.000201779737836, 0.00105223059654, -0.00638625910506, 0.0219159927219]]
    },
    "spectral_contrast_coeffs": {
        "max": [-0.504185974598, -0.490176945925, -0.460548043251, -0.610930263996, -0.64367377758, -0.639536321163],
        "mean": [-0.762497186661, -0.755428373814, -0.751434385777, -0.812393784523, -0.790845692158, -0.765602827072],
        "min": [-0.922602057457, -0.956548452377, -0.947745740414, -0.918652057648, -0.925873100758, -0.908481538296],
        "stdev": [0.0560662671924, 0.0694725960493, 0.0875364989042, 0.0564424805343, 0.037032648921, 0.0368294343352]
    },
    "spectral_contrast_valleys": {
        "max": [-5.7162694931, -4.72217035294, -5.33233737946, -5.57503032684, -5.79940223694, -7.23663377762],
        "mean": [-9.53715991974, -7.36989545822, -6.95184183121, -7.2637925148, -7.59929656982, -10.5036563873],
        "min": [-15.7548332214, -13.90828228, -13.5970897675, -14.3730335236, -14.1962099075, -16.5631904602],
        "stdev": [1.81418740749, 0.754097163677, 0.774005770683, 0.670476794243, 0.822654187679, 0.996850311756]
    }
},
"rhythm": {
    "beats_count": 62,
    "beats_loudness": {
        "max": 0.0926726311445,
        "mean": 0.0194590650499,
        "min": 0.000185063385288,
        "stdev": 0.0257823504508
    },
    "bpm": 166.70866394,
    "bpm_histogram_first_peak_bpm": 167,
    "bpm_histogram_first_peak_weight": 0,
    "bpm_histogram_second_peak_bpm": 157,
    "bpm_histogram_second_peak_spread": 0,
    "bpm_histogram_second_peak_weight": 0.180327862501,
    "danceability": 0.906029701233,
    "onset_rate": 2.04695868492,
    "beats_loudness_band_ratio": {
        "max": [0.622200489044, 0.38141053915, 0.64584261179, 0.9110648036, 0.475115120411, 0.449047744274],
        "mean": [0.096467807889, 0.0199718885124, 0.295894593, 0.392029225826, 0.164625823498, 0.0639415085316],
        "min": [9.14550309972e-06, 0.000296162092127, 0.00236833351664, 0.0353619642556, 0.0228107459843, 0.00975808221847],
        "stdev": [0.188753128052, 0.0577830299735, 0.185552194715, 0.190220609307, 0.0839805528522, 0.0676131919026]
    },
    "beats_position": [0.417959183455, 0.882358253002, 1.34675729275, 1.82276642323, 2.29877543449, 2.76317453384, 3.22757363319, 3.69197273254, 4.1679816246, 4.6439909935, 5.11999988556, 5.60761880875, 6.07201814651, 6.53641700745, 6.98920631409, 7.4303855896, 7.84834432602, 8.27791404724, 8.70748329163, 9.10222244263, 9.49696159363, 9.89170074463, 10.2864398956, 10.6811790466, 11.0759181976, 11.4706573486, 11.8653964996, 12.2253055573, 12.5852155685, 12.933514595, 13.2934236526, 13.6765527725, 14.0596818924, 14.4428119659, 14.8259410858, 15.2090702057, 15.5921993256, 15.9753284454, 16.3584575653, 16.7415866852, 17.1247158051, 17.5078449249, 17.8445339203, 18.181224823, 18.5063037872, 18.8429927826, 19.179681778, 19.5163707733, 19.853061676, 20.1781406403, 20.5148296356, 20.8747386932, 21.2346477509, 21.5945568085, 21.9544658661, 22.3143768311, 22.6742858887, 23.0341949463, 23.3941040039, 23.7424030304, 24.0907020569, 24.4506111145],
