{
"metadata": {
    "version": {
        "essentia": "2.1-beta5",
        "essentia_git_sha": "Undefined",
        "extractor": "music 2.0"
    },
    "audio_properties": {
        "analysis": {
            "equal_loudness": 0,
            "length": 22.7555561066,
            "sample_rate": 44100,
            "start_time": 162.481628418,
            "downmix": "mix"
        },
        "bit_rate": 192000,
        "length": 185.260421753,
        "lossless": 0,
        "number_channels": 2,
        "replay_gain": -5.20502471924,
        "sample_rate": 48000,
        "codec": "mp3",
        "md5_encoded": "7852244700f81ee6c918284f316f37a5"
    },
    "tags": {
        "file_name": "Denmark_All Night Long_Simon Mathew.mp3",
        "encoding": ["Lavf58.29.100"]
    }
},
"lowlevel": {
    "average_loudness": 0.936205565929,
    "barkbands_crest": {
        "max": 20.8295974731,
        "mean": 8.80141925812,
        "min": 2.48651885986,
        "stdev": 3.63940811157
    },
    "barkbands_flatness_db": {
        "max": 0.30556204915,
        "mean": 0.140608295798,
        "min": 0.0512782111764,
        "stdev": 0.0572683438659
    },
    "barkbands_kurtosis": {
        "max": 12.4363946915,
        "mean": 0.263810187578,
        "min": -1.8356641531,
        "stdev": 1.86515581608
    },
    "barkbands_skewness": {
        "max": 3.28630018234,
        "mean": 0.847607672215,
        "min": -0.785812497139,
        "stdev": 0.679083347321
    },
    "barkbands_spread": {
        "max": 89.0580215454,
        "mean": 29.9379634857,
        "min": 4.27504205704,
        "stdev": 16.3579063416
    },
    "dissonance": {
        "max": 0.499999880791,
        "mean": 0.483251452446,
        "min": 0.426871538162,
        "stdev": 0.0135199362412
    },
    "dynamic_complexity": 2.88011240959,
    "erbbands_crest": {
        "max": 23.1255340576,
        "mean": 7.79401254654,
        "min": 2.69397950172,
        "stdev": 3.32036447525
    },
    "erbbands_flatness_db": {
        "max": 0.364424794912,
        "mean": 0.196745097637,
        "min": 0.0773938596249,
        "stdev": 0.0722690597177
    },
    "erbbands_kurtosis": {
        "max": 6.93126106262,
        "mean": -0.0675036162138,
        "min": -1.70037221909,
        "stdev": 1.05495393276
    },
    "erbbands_skewness": {
        "max": 2.48337221146,
        "mean": 0.20511238277,
        "min": -1.98555386066,
        "stdev": 0.726191699505
    },
    "erbbands_spread": {
        "max": 84.1643600464,
        "mean": 32.8641929626,
        "min": 9.78841304779,
        "stdev": 12.4690332413
    },
    "hfc": {
        "max": 171.999359131,
        "mean": 30.4930362701,
        "min": 1.44650995731,
        "stdev": 25.3401508331
    },
    "loudness_ebu128": {
        "integrated": -18.0551204681,
        "loudness_range": 5.39384460449,
        "momentary": {
            "max": -15.0903425217,
            "mean": -18.7864685059,
            "min": -25.6703357697,
            "stdev": 2.84780240059
        },
        "short_term": {
            "max": -16.347869873,
            "mean": -18.3489875793,
            "min": -24.7768878937,
            "stdev": 2.12324786186
        }
    },
    "melbands_crest": {
        "max": 26.9105262756,
        "mean": 12.8268384933,
        "min": 3.3972222805,
        "stdev": 4.79270553589
    },
    "melbands_flatness_db": {
        "max": 0.254867523909,
        "mean": 0.136081933975,
        "min": 0.0370025075972,
        "stdev": 0.0395640842617
    },
    "melbands_kurtosis": {
        "max": 50.4710426331,
        "mean": 5.10605955124,
        "min": -1.08221018314,
        "stdev": 5.93787145615
    },
    "melbands_skewness": {
        "max": 6.61745119095,
        "mean": 1.91978931427,
        "min": 0.291792780161,
        "stdev": 0.967685878277
    },
    "melbands_spread": {
        "max": 143.453872681,
        "mean": 36.0685882568,
        "min": 4.87198543549,
        "stdev": 19.8190975189
    },
    "pitch_salience": {
        "max": 0.844489037991,
        "mean": 0.611024320126,
        "min": 0.26203250885,
        "stdev": 0.117048300803
    },
    "silence_rate_20dB": {
        "max": 1,
        "mean": 1,
        "min": 1,
        "stdev": 0
    },
    "silence_rate_30dB": {
        "max": 1,
        "mean": 1,
        "min": 1,
        "stdev": 0
    },
    "silence_rate_60dB": {
        "max": 1,
        "mean": 0.101936802268,
        "min": 0,
        "stdev": 0.302565336227
    },
    "spectral_centroid": {
        "max": 3881.96606445,
        "mean": 2240.90576172,
        "min": 1000.87921143,
        "stdev": 521.191101074
    },
    "spectral_complexity": {
        "max": 60,
        "mean": 27.8858299255,
        "min": 3,
        "stdev": 12.6872177124
    },
    "spectral_decrease": {
        "max": -3.32904259714e-10,
        "mean": -5.31446087138e-09,
        "min": -2.94424964409e-08,
        "stdev": 4.96758634227e-09
    },
    "spectral_energy": {
        "max": 0.120046049356,
        "mean": 0.0228238273412,
        "min": 0.00138766097371,
        "stdev": 0.0205949340016
    },
    "spectral_energyband_high": {
        "max": 0.0165509451181,
        "mean": 0.00209989538416,
        "min": 2.5279368856e-05,
        "stdev": 0.00253031519242
    },
    "spectral_energyband_low": {
        "max": 0.0977118164301,
        "mean": 0.00768209993839,
        "min": 7.83121512082e-10,
        "stdev": 0.013905457221
    },
    "spectral_energyband_middle_high": {
        "max": 0.0573811233044,
        "mean": 0.00806156918406,
        "min": 0.000491002574563,
        "stdev": 0.00687954807654
    },
    "spectral_energyband_middle_low": {
        "max": 0.0381155535579,
        "mean": 0.00559887476265,
        "min": 0.000119922304293,
        "stdev": 0.00515588233247
    },
    "spectral_entropy": {
        "max": 8.47559356689,
        "mean": 7.92790126801,
        "min": 7.38224315643,
        "stdev": 0.202687501907
    },
    "spectral_flux": {
        "max": 0.293687522411,
        "mean": 0.0873630270362,
        "min": 0.0165119618177,
        "stdev": 0.0461614951491
    },
    "spectral_kurtosis": {
        "max": 7.86633110046,
        "mean": 2.81782531738,
        "min": -0.189481258392,
        "stdev": 1.4137032032
    },
    "spectral_rms": {
        "max": 0.0108221117407,
        "mean": 0.00427713943645,
        "min": 0.00116353586782,
        "stdev": 0.0019932941068
    },
    "spectral_rolloff": {
        "max": 7385.88867188,
        "mean": 2748.26147461,
        "min": 129.19921875,
        "stdev": 1227.57995605
    },
    "spectral_skewness": {
        "max": 2.55249047279,
        "mean": 1.14967656136,
        "min": 0.142093300819,
        "stdev": 0.307968348265
    },
    "spectral_spread": {
        "max": 16295821,
        "mean": 4134734.25,
        "min": 1978216.875,
        "stdev": 1000557.625
    },
    "spectral_strongpeak": {
        "max": 8.96184921265,
        "mean": 0.938668131828,
        "min": 0.0276775751263,
        "stdev": 1.06301236153
    },
    "zerocrossingrate": {
        "max": 0.21533203125,
        "mean": 0.0904619395733,
        "min": 0.0341796875,
        "stdev": 0.0268725529313
    },
    "barkbands": {
        "max": [0.00281761260703, 0.0831111073494, 0.0375353470445, 0.0106734549627, 0.0167903266847, 0.00628690840676, 0.0215233229101, 0.0209027267992, 0.0185871589929, 0.057946883142, 0.0138887651265, 0.0143470363691, 0.0115042310208, 0.0149184782058, 0.0117335226387, 0.00650563649833, 0.00431053200737, 0.00420974008739, 0.00550214061514, 0.00768002960831, 0.00433562602848, 0.00554338982329, 0.00623093126342, 0.00275800726376, 0.00268285418861, 0.00187214009929, 1.11862873382e-05],
        "mean": [0.000120258431707, 0.00561734521762, 0.00164780055638, 0.000586648005992, 0.000783190596849, 0.000368686422007, 0.000564868794754, 0.000772226543631, 0.00191675534006, 0.00186144409236, 0.000949074572418, 0.000890737341251, 0.000677239208017, 0.000725447898731, 0.000594127050135, 0.00039720183122, 0.000552323181182, 0.000538692984264, 0.000783364812378, 0.000729863648303, 0.000504426658154, 0.000576391583309, 0.000306489469949, 0.000182407660759, 0.000136066533742, 4.07264342357e-05, 1.27638628555e-08],
        "min": [3.91385500398e-11, 8.5622169077e-11, 7.04831609744e-11, 1.10728266833e-10, 6.77558205098e-08, 2.75512206827e-07, 2.45902037932e-06, 4.43767021352e-06, 1.35658301588e-05, 8.89573493623e-06, 2.33237842622e-05, 9.78768184723e-06, 1.22343981275e-05, 1.76323264895e-05, 2.86573831545e-05, 1.22921555885e-05, 1.12937059384e-05, 1.01982741398e-05, 7.51955667511e-06, 6.76618719808e-06, 7.33039223633e-06, 3.21694710692e-06, 3.77749688596e-06, 1.35254879297e-06, 4.81775714434e-07, 5.52556264632e-11, 4.84156117975e-11],
        "stdev": [0.000308602029691, 0.0107909869403, 0.0038839278277, 0.00117003067862, 0.00127457047347, 0.000585569243412, 0.00159921054728, 0.00194384146016, 0.00263655465096, 0.00394181720912, 0.00131455971859, 0.00129117118195, 0.000947701977566, 0.00116057123523, 0.000914305157494, 0.000460659677628, 0.000635477364995, 0.000509006960783, 0.00083944783546, 0.000854931364302, 0.000608893285971, 0.000801151269116, 0.000533768441528, 0.000308003509417, 0.000271057127975, 0.000143172626849, 3.57256141115e-07]
    },
    "erbbands": {
        "max": [2.5076816082, 17.8536071777, 39.2443504333, 34.3242645264, 57.9878730774, 36.0695571899, 98.9289627075, 56.3968009949, 365.687683105, 511.883789062, 589.590332031, 381.877716064, 1951.24621582, 927.257324219, 405.280334473, 432.308868408, 489.102386475, 425.910339355, 741.340759277, 320.330505371, 182.0887146, 277.807800293, 266.511169434, 234.010482788, 357.871917725, 480.533630371, 182.167175293, 180.749465942, 210.147994995, 271.636535645, 217.091720581, 85.9539337158, 30.7209320068, 25.7809658051, 19.0144081116, 18.0682964325, 0.949816048145, 0.0201124902815, 0.00161297665909, 0.000264446862275],
        "mean": [0.142371580005, 1.30407297611, 2.25581622124, 1.86945176125, 2.38233685493, 2.69618201256, 2.15203785896, 3.61154079437, 5.80713033676, 12.9450778961, 20.1871948242, 38.1795043945, 64.7976837158, 51.1482963562, 33.4016227722, 35.4046936035, 31.38971138, 37.1965026855, 33.3085899353, 26.832654953, 23.3456192017, 32.2594642639, 30.390586853, 34.3016662598, 41.2353782654, 33.5963554382, 22.6870861053, 20.0033874512, 21.4074268341, 14.5246143341, 7.88220834732, 5.09893131256, 2.40258479118, 1.61070549488, 0.860310196877, 0.40474370122, 0.0192506667227, 0.000511816004291, 5.22884874954e-05, 3.54754047294e-05],
        "min": [2.88056831721e-08, 1.51517497216e-07, 5.50871959604e-07, 3.72936779058e-06, 4.01251527364e-05, 0.00055502372561, 0.00236119842157, 0.00852493662387, 0.0280035305768, 0.104985095561, 0.258750170469, 0.367807745934, 0.236877009273, 0.682003855705, 1.23114991188, 0.794459879398, 0.777526438236, 1.30744838715, 1.24147558212, 1.35219550133, 1.45696496964, 0.768590927124, 0.809282302856, 0.561556339264, 0.332620114088, 0.321678668261, 0.336533129215, 0.239892348647, 0.120247922838, 0.0966750904918, 0.113513290882, 0.0530225671828, 0.0128154167905, 0.00637518288568, 0.00152748462278, 6.5225030994e-05, 7.71183931647e-06, 8.37156164835e-07, 9.40571567298e-07, 1.80769723102e-06],
        "stdev": [0.30829796195, 2.46820807457, 4.71698999405, 3.95588684082, 4.22180128098, 4.69502973557, 4.57646656036, 5.82389163971, 19.2684593201, 37.1125831604, 46.1452560425, 50.029548645, 118.750770569, 89.0811386108, 37.1137313843, 50.2784729004, 41.428352356, 48.7011489868, 60.1834754944, 29.4523296356, 25.1995010376, 36.3339729309, 28.1053409576, 33.3165893555, 46.118724823, 41.3766860962, 26.0629024506, 26.2301063538, 29.3851318359, 24.4636306763, 14.7449579239, 8.94869995117, 3.79795670509, 2.8720459938, 1.90131700039, 1.34885084629, 0.075314797461, 0.00171263155062, 0.000117942683573, 3.57663739123e-05]
    },
    "gfcc": {
        "mean": [-8.85429000854, 47.0577430725, -183.514907837, 28.5750160217, -84.1883468628, 25.3253078461, -31.6745243073, 16.6880092621, -22.3612937927, -1.59314775467, -15.0381736755, -6.72598218918, -5.21476268768],
        "cov": [[7261.0078125, 1580.1640625, 4141.46191406, 2959.62426758, 1724.97705078, 1065.03967285, 415.267211914, 510.581268311, -520.172241211, 752.394714355, 103.465156555, 463.083831787, -346.112548828], [1580.1640625, 1136.42919922, 1326.28234863, 1053.05847168, 637.128967285, 245.968048096, 107.278900146, 101.636901855, -140.071105957, 175.411331177, 175.377853394, 60.8682594299, -40.3561859131], [4141.46191406, 1326.28234863, 3016.51879883, 2127.45214844, 1228.09765625, 714.185302734, 180.247909546, 321.678070068, -376.403900146, 482.21182251, 136.544525146, 267.913574219, -183.455383301], [2959.62426758, 1053.05847168, 2127.45214844, 1679.6854248, 943.329223633, 510.700805664, 159.312591553, 196.136749268, -246.157394409, 333.586669922, 135.575576782, 188.853118896, -116.665435791], [1724.97705078, 637.128967285, 1228.09765625, 943.329223633, 671.955810547, 326.841918945, 114.361412048, 149.501464844, -159.386077881, 216.604995728, 60.1195602417, 117.760993958, -79.9270019531], [1065.03967285, 245.968048096, 714.185302734, 510.700805664, 326.841918945, 276.739898682, 117.953826904, 94.7943954468, -89.9541320801, 111.088012695, 2.43312335014, 64.2919235229, -57.4461174011], [415.267211914, 107.278900146, 180.247909546, 159.312591553, 114.361412048, 117.953826904, 174.343414307, 54.1191177368, -18.7374839783, 41.106048584, -5.79712438583, 30.5784854889, -27.1136455536], [510.581268311, 101.636901855, 321.678070068, 196.136749268, 149.501464844, 94.7943954468, 54.1191177368, 122.917366028, -14.4568777084, 78.2290649414, 14.0318479538, 30.5010662079, -25.2012939453], [-520.172241211, -140.071105957, -376.403900146, -246.157394409, -159.386077881, -89.9541320801, -18.7374839783, -14.4568777084, 134.489059448, -48.5977706909, -9.60966110229, -44.5323410034, 16.1859169006], [752.394714355, 175.411331177, 482.21182251, 333.586669922, 216.604995728, 111.088012695, 41.106048584, 78.2290649414, -48.5977706909, 157.016311646, 44.0027198792, 67.6952819824, -44.5676574707], [103.465156555, 175.377853394, 136.544525146, 135.575576782, 60.1195602417, 2.43312335014, -5.79712438583, 14.0318479538, -9.60966110229, 44.0027198792, 114.184860229, 18.3993663788, 18.5728855133], [463.083831787, 60.8682594299, 267.913574219, 188.853118896, 117.760993958, 64.2919235229, 30.5784854889, 30.5010662079, -44.5323410034, 67.6952819824, 18.3993663788, 98.094291687, -4.5286283493], [-346.112548828, -40.3561859131, -183.455383301, -116.665435791, -79.9270019531, -57.4461174011, -27.1136455536, -25.2012939453, 16.1859169006, -44.5676574707, 18.5728855133, -4.5286283493, 80.9986877441]],
        "icov": [[0.000938737939578, 6.84857077431e-05, -0.000570977979805, -0.000784078496508, 0.000445981917437, 1.14427311928e-05, -0.000489482248668, -0.000705270038452, 0.000416000111727, -0.000655989395455, 0.000775048451032, -0.00103341555223, 0.00100819941144], [6.84857077431e-05, 0.00664375815541, -0.00539684994146, 0.00216546421871, -0.00620878953487, 0.00736994855106, -0.0060894722119, 0.00518607022241, -0.00348450802267, 0.0045653549023, -0.00687706330791, 0.00551140215248, -0.00173286534846], [-0.000570977979805, -0.00539684994146, 0.0115822888911, -0.00848827231675, 0.00652979593724, -0.00940102338791, 0.0089289881289, -0.0090870084241, 0.00729851843789, -0.00584779540077, 0.00660118972883, -0.00466267857701, 0.00236546620727], [-0.000784078496508, 0.00216546421871, -0.00848827231675, 0.0124988686293, -0.00797345861793, 0.00350825255737, -0.00481457775459, 0.00901813618839, -0.00617765355855, 0.00415133591741, -0.00672651920468, 0.00292619364336, -0.00245516630821], [0.000445981917437, -0.00620878953487, 0.00652979593724, -0.00797345861793, 0.015459548682, -0.00934073142707, 0.00639468338341, -0.00913474429399, 0.00670431600884, -0.00713333813474, 0.00811643898487, -0.00576236099005, 0.00259813363664], [1.14427311928e-05, 0.00736994855106, -0.00940102338791, 0.00350825255737, -0.00934073142707, 0.0236991588026, -0.013325182721, 0.00564893707633, -0.00415753992274, 0.00664935959503, -0.00494592403993, 0.00674904463813, -0.00162983906921], [-0.000489482248668, -0.0060894722119, 0.0089289881289, -0.00481457775459, 0.00639468338341, -0.013325182721, 0.0166246071458, -0.00876352470368, 0.00439317757264, -0.00413022283465, 0.00622746907175, -0.00661790929735, 0.002912734868], [-0.000705270038452, 0.00518607022241, -0.0090870084241, 0.00901813618839, -0.00913474429399, 0.00564893707633, -0.00876352470368, 0.0237041506916, -0.00960192643106, 0.000208878496778, -0.00708164088428, 0.00680802203715, -0.00454976595938], [0.000416000111727, -0.00348450802267, 0.00729851843789, -0.00617765355855, 0.00670431600884, -0.00415753992274, 0.00439317757264, -0.00960192643106, 0.0171675793827, -0.00476173311472, 0.00458645680919, -0.00120736844838, 0.00265444954857], [-0.000655989395455, 0.0045653549023, -0.00584779540077, 0.00415133591741, -0.00713333813474, 0.00664935959503, -0.00413022283465, 0.000208878496778, -0.00476173311472, 0.0238035209477, -0.0109327631071, -0.00263725267723, 0.00497371237725], [0.000775048451032, -0.00687706330791, 0.00660118972883, -0.00672651920468, 0.00811643898487, -0.00494592403993, 0.00622746907175, -0.00708164088428, 0.00458645680919, -0.0109327631071, 0.0216069146991, -0.00526023609564, -0.00264983600937], [-0.00103341555223, 0.00551140215248, -0.00466267857701, 0.00292619364336, -0.00576236099005, 0.00674904463813, -0.00661790929735, 0.00680802203715, -0.00120736844838, -0.00263725267723, -0.00526023609564, 0.0230962857604, -0.00772475311533], [0.00100819941144, -0.00173286534846, 0.00236546620727, -0.00245516630821, 0.00259813363664, -0.00162983906921, 0.002912734868, -0.00454976595938, 0.00265444954857, 0.00497371237725, -0.00264983600937, -0.00772475311533, 0.020961150527]]
    },
    "melbands": {
        "max": [0.0231396555901, 0.0192935429513, 0.00499507784843, 0.00392314000055, 0.00317561603151, 0.00165423145518, 0.00502275023609, 0.00592367304489, 0.00549369771034, 0.00241894624196, 0.0100983828306, 0.00402399804443, 0.00138795364182, 0.00194135471247, 0.00162178534083, 0.000697079813108, 0.000948372413404, 0.0012199988123, 0.000489303492941, 0.000659052107949, 0.000272212055279, 0.000333557400154, 0.000354229705408, 0.000210482205148, 0.000227648881264, 0.000331046263454, 0.000215625608689, 0.000452012289315, 0.000130185042508, 0.000121222510643, 0.000125516249682, 0.000114847389341, 0.000126964048832, 0.000151089698193, 0.00015310026356, 6.89981607138e-05, 4.51588457508e-05, 2.12217673834e-05, 2.25192925427e-05, 2.39713317569e-05],
        "mean": [0.00144641380757, 0.00135606073309, 0.000346275046468, 0.000175314300577, 8.73103490449e-05, 7.97905304353e-05, 9.57697848207e-05, 0.000145695230458, 0.000171007384779, 0.000265166541794, 0.00032820017077, 0.000212708138861, 0.000123408972286, 9.03669206309e-05, 9.04819753487e-05, 6.83118123561e-05, 6.7521687015e-05, 5.42567504453e-05, 4.4424290536e-05, 2.75252295978e-05, 2.67516606982e-05, 3.3042364521e-05, 3.00538795273e-05, 2.60873257503e-05, 2.72891902569e-05, 3.25875225826e-05, 2.72909928754e-05, 2.12307277252e-05, 1.49337383846e-05, 1.13217392936e-05, 1.16064156828e-05, 1.29258532979e-05, 9.93001140159e-06, 7.06839591658e-06, 4.4622729547e-06, 4.04488218919e-06, 2.68200028586e-06, 1.63394270203e-06, 1.53730297825e-06, 1.28646058783e-06],
        "min": [5.3146199247e-11, 5.73870499732e-11, 3.18147563849e-10, 1.21323937563e-08, 2.914763364e-08, 2.14811564092e-07, 4.18411616465e-07, 4.1576825538e-07, 1.42246631185e-06, 1.70715361492e-06, 1.18606419619e-06, 2.69328143077e-06, 4.22926223109e-06, 1.55686711878e-06, 1.86638351352e-06, 1.43141664921e-06, 1.70453483861e-06, 1.63351353422e-06, 1.90882519746e-06, 1.22596588881e-06, 1.60859315201e-06, 5.90837032632e-07, 8.37841525936e-07, 5.7938871123e-07, 3.29595735593e-07, 1.95311159246e-07, 1.4280864491e-07, 2.06816096693e-07, 1.86885642961e-07, 1.79385210686e-07, 1.08760687567e-07, 5.51088064071e-08, 5.04786008548e-08, 4.13021084e-08, 5.73710998708e-08, 4.10027638509e-08, 2.06398098612e-08, 7.31047000713e-09, 4.57841853319e-09, 3.41882833155e-09],
        "stdev": [0.00291222683154, 0.00253628264181, 0.000651964743156, 0.000285680347588, 0.00016427099763, 0.000136964386911, 0.000281096668914, 0.000395012000808, 0.000381660065614, 0.000350095069734, 0.000616487581283, 0.000396516319597, 0.000154638168169, 0.000136309739901, 0.000147604660015, 8.22141155368e-05, 9.73729474936e-05, 0.000109198430437, 5.50243530597e-05, 3.59986697731e-05, 3.14051067107e-05, 4.05249593314e-05, 3.2776802982e-05, 2.60686938418e-05, 2.82369728666e-05, 3.86747342418e-05, 3.20801373164e-05, 3.12895463139e-05, 1.80344613909e-05, 1.46129159475e-05, 1.60581130331e-05, 1.78111695277e-05, 1.59267274285e-05, 1.25779442897e-05, 9.36882042879e-06, 7.42798738429e-06, 4.64871391159e-06, 2.62004277829e-06, 2.62955018115e-06, 2.38416623688e-06]
    },
    "melbands128": {
        "max": [0.00251942523755, 0.0195352192968, 0.0370632521808, 0.0276218354702, 0.0236092042178, 0.0169774387032, 0.00808738917112, 0.00521042244509, 0.00776728289202, 0.00488792918622, 0.00219350494444, 0.00379595556296, 0.00446635438129, 0.0015125166392, 0.00141730369069, 0.00262976135127, 0.00747241498902, 0.00630389945582, 0.00551356794313, 0.00913941673934, 0.00789299234748, 0.00480512902141, 0.00980683322996, 0.00576775148511, 0.00425358954817, 0.00441746879369, 0.00861507095397, 0.0160209089518, 0.0114120114595, 0.00870370771736, 0.0067259054631, 0.00253158994019, 0.00218851165846, 0.00143716717139, 0.00343573582359, 0.00200765789486, 0.00226768292487, 0.00331143452786, 0.00290721352212, 0.000813222315628, 0.0012419319246, 0.00204514549114, 0.00138629646972, 0.00218127807602, 0.00355507479981, 0.00257028709166, 0.0012512387475, 0.00121252937242, 0.000977718853392, 0.000630289141554, 0.00131391000468, 0.000381198042305, 0.000443397293566, 0.000667455140501, 0.000601851497777, 0.000602131069172, 0.000649315596092, 0.000566873350181, 0.000290840951493, 0.00037430395605, 0.000319100421621, 0.00022144470131, 0.000233432481764, 0.000380927318474, 0.000437837617937, 0.000546437164303, 0.000570167321712, 0.000433630601037, 0.000312955293339, 0.000231248093769, 0.00071952061262, 0.000477368856082, 0.000301963125821, 0.000248435913818, 0.000186182092875, 0.000202479335712, 0.000221278794925, 0.000152776556206, 0.000257378764218, 0.000129024803755, 0.000150409789057, 0.000201956863748, 0.000142279357533, 0.000185767872608, 0.000170312487171, 0.000308295537252, 0.000138255229103, 0.000124631667859, 0.000264007190708, 0.000180320144864, 9.75401126198e-05, 0.000106118881376, 7.01926619513e-05, 3.8174308429e-05, 4.63884425699e-05, 2.74550075119e-05, 2.80103668047e-05, 2.23626084335e-05, 3.35105287377e-05, 2.45257124334e-05, 2.33673526964e-05, 2.55249069596e-05, 2.57250667346e-05, 2.34059716604e-05, 2.58718373516e-05, 2.02891387744e-05, 5.19668319612e-05, 2.43297527049e-05, 7.46743098716e-05, 3.0527022318e-05, 8.68240294949e-06, 9.26847931737e-08, 6.41898338927e-08, 6.16762605432e-08, 5.92290057e-08, 5.69351215063e-08, 5.48996830219e-08, 5.30088328787e-08, 5.12228837124e-08, 4.9680668468e-08, 4.83044750865e-08, 4.71148524639e-08, 4.60107436595e-08, 4.51524186929e-08, 4.43636167802e-08, 4.38002558667e-08, 4.33623341678e-08, 4.30863096312e-08],
        "mean": [0.000110846413008, 0.000949248904362, 0.00212386273779, 0.00219834852032, 0.00142251770012, 0.000698969291989, 0.000362552236766, 0.000285933609121, 0.000253884296399, 0.000143252647831, 0.000161945237778, 0.000115749047836, 6.67003841954e-05, 5.17242806382e-05, 7.25967547623e-05, 0.000103134079836, 9.04900516616e-05, 7.64229262131e-05, 0.000118325697258, 0.000170078739757, 0.000129465784994, 0.000164669152582, 0.000172002721229, 0.000182133560884, 0.000212377432035, 0.00029106848524, 0.00041454352322, 0.000311163516017, 0.000302183674648, 0.000226022093557, 0.0001875882881, 0.000166202647961, 0.000136710892548, 6.49491048534e-05, 0.000104303871922, 8.15717066871e-05, 9.44337880355e-05, 0.000115648028441, 7.21393662388e-05, 4.94366322528e-05, 6.34803436697e-05, 0.000103043588751, 6.33753152215e-05, 5.01306567458e-05, 6.91397217452e-05, 4.97783003084e-05, 4.46722624474e-05, 5.5112534028e-05, 3.57736098522e-05, 3.59126424883e-05, 2.40531462623e-05, 2.0893274268e-05, 3.16887053486e-05, 2.58730251517e-05, 2.43883423536e-05, 3.76415810024e-05, 3.49311849277e-05, 3.47325731127e-05, 2.56688490481e-05, 2.67266786977e-05, 2.69672873401e-05, 2.6213534511e-05, 2.03101026273e-05, 2.74600206467e-05, 3.87222025893e-05, 3.43738720403e-05, 2.66361421382e-05, 3.12983465847e-05, 2.74944795819e-05, 2.16978587559e-05, 2.26852243941e-05, 2.13447019632e-05, 1.48325361806e-05, 1.58000220836e-05, 1.19215092127e-05, 1.03193779069e-05, 1.2171308299e-05, 1.06693360067e-05, 1.15904222184e-05, 1.19482474474e-05, 1.38988680192e-05, 1.38283257911e-05, 9.85062979453e-06, 9.93534285954e-06, 9.06593504624e-06, 9.07161029318e-06, 5.65133541386e-06, 4.76642526337e-06, 4.53232360087e-06, 4.0313284444e-06, 4.2247975216e-06, 4.08905998484e-06, 3.72460385734e-06, 2.64129585048e-06, 2.16900707528e-06, 1.68551719071e-06, 1.45871274526e-06, 1.64752759702e-06, 1.40867803111e-06, 1.67709754351e-06, 1.41321550018e-06, 1.21931316244e-06, 1.14482440949e-06, 9.5994221283e-07, 9.15892428566e-07, 8.39042797907e-07, 1.16646276638e-06, 8.34196157484e-07, 9.61994487625e-07, 4.63940267537e-07, 9.04522465817e-08, 5.55473167463e-10, 1.2500987745e-10, 1.03139670415e-10, 9.53205778198e-11, 8.73570521476e-11, 6.6674631094e-11, 5.98979824074e-11, 5.79046741112e-11, 5.61818716549e-11, 5.46109477084e-11, 5.32838773104e-11, 5.20482372479e-11, 5.1070897511e-11, 5.01269095676e-11, 4.93664067958e-11, 4.88094772932e-11, 4.84940559931e-11],
        "min": [1.56848874167e-11, 1.2348279517e-11, 1.36578699739e-11, 2.17552694609e-11, 2.53115930993e-11, 2.4149876543e-11, 1.74063229108e-11, 7.51894033146e-11, 8.21461926259e-11, 9.90145965218e-10, 3.9398231344e-09, 1.00711883277e-09, 1.21860859181e-08, 1.40088616263e-08, 8.37337665871e-09, 2.52679388524e-08, 1.22234524724e-07, 1.27081975165e-07, 2.32011871049e-07, 1.24510293631e-07, 3.29623958351e-07, 5.08687776346e-07, 3.69233617903e-07, 2.80684048448e-07, 5.49106630388e-07, 7.15761302672e-07, 5.55958990844e-07, 4.04540742238e-07, 4.50088379012e-07, 4.50711496569e-07, 9.91644583337e-07, 1.75946195213e-06, 7.35817479836e-07, 3.73867266035e-07, 9.61391606324e-07, 4.65496839297e-07, 8.86373129561e-07, 8.26500809126e-07, 3.80453769822e-07, 2.91337300951e-07, 3.94031530959e-07, 1.11356132493e-06, 4.4593556936e-07, 2.48834084005e-07, 3.02103444483e-07, 5.35823915015e-07, 4.30594809586e-07, 2.82789272887e-07, 7.43981502183e-07, 1.45632341741e-07, 5.96754489379e-07, 1.52917252194e-07, 5.31093405698e-07, 2.19575213123e-07, 3.82460768833e-07, 5.14686803399e-07, 2.55783049852e-07, 3.95902475248e-07, 3.9637353666e-07, 3.35527232664e-07, 3.89345103713e-07, 2.0596627337e-07, 1.72078884475e-07, 1.56175843813e-07, 1.57574191917e-07, 6.06756316301e-08, 5.88872026697e-08, 4.03197475407e-08, 4.21398169692e-08, 7.25971673887e-08, 7.27803310951e-08, 1.42492012856e-07, 9.11125823677e-08, 7.71866979221e-08, 1.20342775745e-07, 1.28754280126e-07, 1.09899744416e-07, 6.23499616381e-08, 9.19393556842e-08, 5.18617859768e-08, 4.13750491646e-08, 4.00207298412e-08, 2.85536643219e-08, 4.37581562096e-08, 3.74070765474e-08, 4.51872530505e-08, 2.46877291943e-08, 4.39689920029e-08, 4.37390141883e-08, 5.26247347921e-08, 2.25678462584e-08, 2.24501519597e-08, 2.46906530776e-08, 1.15628546737e-08, 1.31610029541e-08, 5.06003017264e-09, 1.50991918968e-09, 9.73782998681e-11, 3.61599838961e-09, 2.59592414231e-09, 2.62820143426e-09, 1.56741497559e-09, 8.31965940584e-10, 2.06062347741e-10, 6.32113736354e-11, 1.21934268238e-11, 1.40875462337e-12, 4.30166536072e-13, 1.93246270765e-13, 1.59929293658e-13, 1.39731989542e-13, 1.51932584352e-13, 1.82540695884e-13, 1.55527595468e-13, 1.58570259787e-13, 1.58330325847e-13, 1.53523217359e-13, 1.70429181835e-13, 1.68788878816e-13, 1.53382216867e-13, 1.36712296757e-13, 1.24520944771e-13, 1.45005196544e-13, 1.54757879688e-13, 9.66199302098e-14, 4.46611267391e-14, 6.55130475625e-15, 3.31457835955e-16],
        "stdev": [0.000292106618872, 0.00222417502664, 0.00458731083199, 0.004130336456, 0.00288859149441, 0.00171152479015, 0.000867068592925, 0.000550491036847, 0.000499984365888, 0.000298243045108, 0.000320088409353, 0.000237451386056, 0.000195180022274, 0.000117366478662, 0.000120485470688, 0.000198025314603, 0.000415643415181, 0.000328768306645, 0.000355993921403, 0.000630968250334, 0.000446031743195, 0.000496985332575, 0.000562830886338, 0.000497231842019, 0.000419260177296, 0.000490235572215, 0.000869480019901, 0.000868383154739, 0.000859123829287, 0.000611800409388, 0.000474538333947, 0.000271460769, 0.000230332385399, 9.83501668088e-05, 0.000212848550291, 0.000168531798408, 0.000197060740902, 0.0002374452597, 0.000192509090994, 8.40193242766e-05, 0.000101689758594, 0.00017401187506, 0.000109305670776, 0.000129919382744, 0.000190799401025, 0.000155049463501, 0.000120912278362, 9.42002661759e-05, 6.14194868831e-05, 5.30722572876e-05, 5.43723253941e-05, 3.25935980072e-05, 4.64282820758e-05, 4.73635664093e-05, 4.3375264795e-05, 6.13998781773e-05, 5.23162780155e-05, 5.76175443712e-05, 3.27516354446e-05, 3.2702126191e-05, 3.36241646437e-05, 3.26623885485e-05, 2.57547362708e-05, 3.54173207597e-05, 5.88575348957e-05, 5.04861418449e-05, 4.54847468063e-05, 4.49133149232e-05, 3.96168943553e-05, 3.05047342408e-05, 4.01642064389e-05, 4.84230840812e-05, 2.25213861995e-05, 2.26085721806e-05, 1.75988643605e-05, 1.46778775161e-05, 1.99270652956e-05, 1.76560533873e-05, 1.95907650777e-05, 1.76020530489e-05, 2.16610260395e-05, 2.33633618336e-05, 1.57710401254e-05, 1.77243782673e-05, 1.7158807168e-05, 2.05131891562e-05, 1.05049048216e-05, 9.27105702431e-06, 1.23714426081e-05, 8.26995164971e-06, 8.08430831967e-06, 8.74817396834e-06, 7.50828166929e-06, 4.43701628683e-06, 4.00152703151e-06, 2.94955316349e-06, 2.62873345491e-06, 2.76187233794e-06, 2.67335690296e-06, 3.10012455884e-06, 2.65822586698e-06, 2.40880035562e-06, 2.36496362049e-06, 2.09336531043e-06, 2.02739124688e-06, 2.06746699405e-06, 3.37592655342e-06, 2.03504487217e-06, 4.5430647333e-06, 2.20457854994e-06, 5.82453310471e-07, 4.9133817015e-09, 2.0942632073e-09, 1.98048022426e-09, 1.90119409105e-09, 1.82579584784e-09, 1.75364045507e-09, 1.69290337304e-09, 1.63588975699e-09, 1.58666602079e-09, 1.54270107799e-09, 1.50471468618e-09, 1.4694673256e-09, 1.44205236641e-09, 1.41688749622e-09, 1.39887679218e-09, 1.38490596768e-09, 1.37610023376e-09]
    },
    "mfcc": {
        "mean": [-623.241516113, 66.0249633789, -41.5869598389, -1.68925035, -23.2068939209, 0.212191998959, -1.54897749424, 9.03055095673, 1.76562917233, 4.46652841568, 1.03811788559, -2.74936747551, -4.50832414627],
        "cov": [[5126.27490234, 726.138977051, 2533.28540039, 2177.30053711, 1459.86340332, 1115.60522461, 1171.97998047, 372.388092041, 99.2266082764, 241.275665283, 286.591674805, 225.946655273, 496.476806641], [726.138977051, 610.494018555, 610.266052246, 627.093200684, 442.637084961, 234.050521851, 331.373504639, 45.4195022583, -16.1121864319, 54.332069397, 57.1905555725, 72.0667114258, 149.609481812], [2533.28540039, 610.266052246, 1862.06640625, 1460.36022949, 1065.02270508, 685.655334473, 764.475891113, 178.782501221, 23.7303524017, 129.74836731, 134.497619629, 152.415496826, 328.603759766], [2177.30053711, 627.093200684, 1460.36022949, 1415.75878906, 961.313659668, 633.827453613, 678.958984375, 161.283676147, 9.36512851715, 118.533119202, 124.577354431, 145.156829834, 297.308746338], [1459.86340332, 442.637084961, 1065.02270508, 961.313659668, 807.044067383, 429.105133057, 473.076263428, 98.1718597412, 12.4304122925, 89.7884674072, 76.1499557495, 105.690422058, 198.973373413], [1115.60522461, 234.050521851, 685.655334473, 633.827453613, 429.105133057, 417.93447876, 355.723205566, 126.963111877, 32.0645713806, 63.7796134949, 68.4289093018, 53.4409370422, 115.283691406], [1171.97998047, 331.373504639, 764.475891113, 678.958984375, 473.076263428, 355.723205566, 479.375793457, 115.294593811, 27.085735321, 71.8536529541, 74.5593643188, 69.7495117188, 148.955291748], [372.388092041, 45.4195022583, 178.782501221, 161.283676147, 98.1718597412, 126.963111877, 115.294593811, 113.773490906, 46.6096420288, 29.1999359131, 34.7097129822, 13.1577148438, 22.773349762], [99.2266082764, -16.1121864319, 23.7303524017, 9.36512851715, 12.4304122925, 32.0645713806, 27.085735321, 46.6096420288, 81.8269195557, 30.3857135773, 16.6594829559, 0.907591283321, -7.70059537888], [241.275665283, 54.332069397, 129.74836731, 118.533119202, 89.7884674072, 63.7796134949, 71.8536529541, 29.1999359131, 30.3857135773, 72.8600769043, 48.604598999, 21.1215553284, 26.2144813538], [286.591674805, 57.1905555725, 134.497619629, 124.577354431, 76.1499557495, 68.4289093018, 74.5593643188, 34.7097129822, 16.6594829559, 48.604598999, 89.861579895, 39.2585220337, 36.281375885], [225.946655273, 72.0667114258, 152.415496826, 145.156829834, 105.690422058, 53.4409370422, 69.7495117188, 13.1577148438, 0.907591283321, 21.1215553284, 39.2585220337, 70.826385498, 55.7264404297], [496.476806641, 149.609481812, 328.603759766, 297.308746338, 198.973373413, 115.283691406, 148.955291748, 22.773349762, -7.70059537888, 26.2144813538, 36.281375885, 55.7264404297, 126.191741943]],
        "icov": [[0.000859083549585, 0.000524599745404, -0.00053663662402, -0.000689406180754, 0.000222560047405, -0.000234823091887, -0.00029024068499, -0.000416715949541, -0.00019995222101, -5.69465119042e-05, -0.000797019223683, 0.000509997189511, -0.000695231778082], [0.000524599745404, 0.00384766422212, 0.00031173453317, -0.00204065558501, -0.00045220987522, 0.00121082214173, -0.00166273559444, 0.000109420230729, 0.000486272911076, -0.000240587687586, -0.000766656652559, 0.000620814680588, -0.00105386355426], [-0.00053663662402, 0.00031173453317, 0.00395130645484, -0.00132654339541, -0.00193164742086, -0.000162869357155, -0.00114296027459, 0.000413964065956, -9.72021880443e-05, 0.000478809379274, 4.36301670561e-05, 0.000523397000507, -0.00130228011403], [-0.000689406180754, -0.00204065558501, -0.00132654339541, 0.0088903773576, -0.00369988940656, -0.00371016305871, -0.000190616134205, -0.00010764572653, 0.00165685731918, -9.41272373893e-05, 0.000436899717897, -0.000793575018179, -0.00254660635255], [0.000222560047405, -0.00045220987522, -0.00193164742086, -0.00369988940656, 0.00798968039453, -0.00018949022342, -0.000139041803777, 0.00126279937103, -0.000659684126731, -0.00211889017373, 0.00218405155465, -0.00230092764832, 0.00170714058913], [-0.000234823091887, 0.00121082214173, -0.000162869357155, -0.00371016305871, -0.00018949022342, 0.0114936167374, -0.00278614321724, -0.0045776385814, 0.000341141654644, 0.000140089687193, -0.000746511679608, 0.00132026395295, 0.00219046487473], [-0.00029024068499, -0.00166273559444, -0.00114296027459, -0.000190616134205, -0.000139041803777, -0.00278614321724, 0.00910417921841, -0.00184426491614, -0.00035430729622, -0.000704214558937, 0.000190994367586, 0.000125958904391, -0.00109641032759], [-0.000416715949541, 0.000109420230729, 0.000413964065956, -0.00010764572653, 0.00126279937103, -0.0045776385814, -0.00184426491614, 0.0188883971423, -0.00823540892452, 0.00225511449389, -0.00299683888443, 0.00047659984557, 0.00132460251916], [-0.00019995222101, 0.000486272911076, -9.72021880443e-05, 0.00165685731918, -0.000659684126731, 0.000341141654644, -0.00035430729622, -0.00823540892452, 0.0199920665473, -0.00844941288233, 0.00250935344957, -0.00107724126428, 0.00192211114336], [-5.69465119042e-05, -0.000240587687586, 0.000478809379274, -9.41272373893e-05, -0.00211889017373, 0.000140089687193, -0.000704214558937, 0.00225511449389, -0.00844941288233, 0.0272576306015, -0.0128977047279, 0.00235340441577, -0.000387543463148], [-0.000797019223683, -0.000766656652559, 4.36301670561e-05, 0.000436899717897, 0.00218405155465, -0.000746511679608, 0.000190994367586, -0.00299683888443, 0.00250935344957, -0.0128977047279, 0.023740876466, -0.0100458823144, 0.000898317201063], [0.000509997189511, 0.000620814680588, 0.000523397000507, -0.000793575018179, -0.00230092764832, 0.00132026395295, 0.000125958904391, 0.00047659984557, -0.00107724126428, 0.00235340441577, -0.0100458823144, 0.027074970305, -0.009671269916], [-0.000695231778082, -0.00105386355426, -0.00130228011403, -0.00254660635255, 0.00170714058913, 0.00219046487473, -0.00109641032759, 0.00132460251916, 0.00192211114336, -0.000387543463148, 0.000898317201063, -0.009671269916, 0.0218727551401]]
    },
    "spectral_contrast_coeffs": {
        "max": [-0.523452222347, -0.503488779068, -0.546263813972, -0.618410944939, -0.648310780525, -0.512063324451],
        "mean": [-0.741652905941, -0.757417738438, -0.753571152687, -0.801971852779, -0.785966336727, -0.725561201572],
        "min": [-0.955063521862, -0.894474565983, -0.884878873825, -0.899961709976, -0.87116765976, -0.856176435947],
        "stdev": [0.0593053549528, 0.0620156191289, 0.0584093183279, 0.044401653111, 0.0337315350771, 0.0477680526674]
    },
    "spectral_contrast_valleys": {
        "max": [-5.08400630951, -5.30015516281, -5.46511173248, -5.86611270905, -5.60171890259, -7.75866746902],
        "mean": [-8.19830226898, -6.97288131714, -6.7861495018, -7.03280878067, -6.8799829483, -9.77850723267],
        "min": [-13.602730751, -8.91212844849, -8.1357383728, -8.14808273315, -8.34891796112, -11.7750120163],
        "stdev": [2.18667697906, 0.565694868565, 0.458735585213, 0.37009459734, 0.606829106808, 0.89434170723]
    }
},
"rhythm": {
    "beats_count": 49,
    "beats_loudness": {
        "max": 0.097497113049,
        "mean": 0.0372485816479,
        "min": 0.00194034946617,
        "stdev": 0.0274910964072
    },
    "bpm": 122.740310669,
    "bpm_histogram_first_peak_bpm": 123,
    "bpm_histogram_first_peak_weight": 0.107142865658,
    "bpm_histogram_second_peak_bpm": 167,
    "bpm_histogram_second_peak_spread": 0,
    "bpm_histogram_second_peak_weight": 0.1875,
    "danceability": 1.1044459343,
    "onset_rate": 2.4596824646,
    "beats_loudness_band_ratio": {
        "max": [0.880894899368, 0.10422899574, 0.722987473011, 0.651385307312, 0.540374875069, 0.460889697075],
        "mean": [0.333619654179, 0.0263242777437, 0.216117531061, 0.21401360631, 0.135081708431, 0.103424839675],
        "min": [1.26711602206e-05, 0.000520578934811, 0.00239117629826, 0.0208160467446, 0.0187068767846, 0.0194795578718],
        "stdev": [0.329468518496, 0.0272766463459, 0.206635326147, 0.173023670912, 0.109611488879, 0.0806076228619]
    },
    "beats_position": [0.522448956966, 1.04489791393, 1.53251695633, 2.02013611794, 2.50775504112, 2.99537420273, 3.48299312592, 3.97061228752, 4.45823097229, 4.94585037231, 5.4334692955, 5.92108821869, 6.40870714188, 6.8963265419, 7.38394546509, 7.87156438828, 8.35918331146, 8.84680271149, 9.33442115784, 9.82204055786, 10.3096599579, 10.7972784042, 11.2848978043, 11.7725172043, 12.2601356506, 12.7477550507, 13.235373497, 13.7346029282, 14.2338323593, 14.7330608368, 15.1742401123, 15.6154193878, 16.0449886322, 16.4861679077, 16.9273471832, 17.3685264587, 17.8097057343, 18.1696147919, 18.5295238495, 18.8894329071, 19.2493419647, 19.6208610535, 19.9923801422, 20.3522891998, 20.7121982574, 21.0837192535, 21.4436283112, 21.8035373688, 22.1634464264],
