{
"metadata": {
    "version": {
        "essentia": "2.1-beta5",
        "essentia_git_sha": "Undefined",
        "extractor": "music 2.0"
    },
    "audio_properties": {
        "analysis": {
            "equal_loudness": 0,
            "length": 48.7502937317,
            "sample_rate": 44100,
            "start_time": 77.7404098511,
            "downmix": "mix"
        },
        "bit_rate": 192000,
        "length": 200.167617798,
        "lossless": 0,
        "number_channels": 2,
        "replay_gain": -9.57171058655,
        "sample_rate": 48000,
        "codec": "mp3",
        "md5_encoded": "d5abb9765153b74591f47c8f551bed49"
    },
    "tags": {
        "file_name": "Ukraine_Shady Lady_Ani Lorak.mp3",
        "encoding": ["Lavf58.29.100"]
    }
},
"lowlevel": {
    "average_loudness": 0.959708988667,
    "barkbands_crest": {
        "max": 24.9406108856,
        "mean": 10.8117103577,
        "min": 2.0847055912,
        "stdev": 4.90190935135
    },
    "barkbands_flatness_db": {
        "max": 0.286903381348,
        "mean": 0.105748713017,
        "min": 0.0213987510651,
        "stdev": 0.0417537689209
    },
    "barkbands_kurtosis": {
        "max": 63.7596282959,
        "mean": 1.91811776161,
        "min": -1.92234742641,
        "stdev": 5.52195501328
    },
    "barkbands_skewness": {
        "max": 7.1262755394,
        "mean": 0.949809014797,
        "min": -2.76000785828,
        "stdev": 1.13975572586
    },
    "barkbands_spread": {
        "max": 106.877258301,
        "mean": 28.8100948334,
        "min": 1.80129635334,
        "stdev": 14.8356409073
    },
    "dissonance": {
        "max": 0.499999880791,
        "mean": 0.475554645061,
        "min": 0.307909190655,
        "stdev": 0.0205101296306
    },
    "dynamic_complexity": 2.26776766777,
    "erbbands_crest": {
        "max": 32.0260429382,
        "mean": 9.57848834991,
        "min": 2.42636656761,
        "stdev": 5.15140295029
    },
    "erbbands_flatness_db": {
        "max": 0.288519084454,
        "mean": 0.14863191545,
        "min": 0.0677230730653,
        "stdev": 0.035738915205
    },
    "erbbands_kurtosis": {
        "max": 21.2633399963,
        "mean": 0.634660303593,
        "min": -1.80182421207,
        "stdev": 1.91482055187
    },
    "erbbands_skewness": {
        "max": 4.36868858337,
        "mean": 0.259595394135,
        "min": -3.26753425598,
        "stdev": 0.795872807503
    },
    "erbbands_spread": {
        "max": 113.09135437,
        "mean": 34.1566963196,
        "min": 6.98300743103,
        "stdev": 15.6327342987
    },
    "hfc": {
        "max": 193.047134399,
        "mean": 30.3905296326,
        "min": 0.843311965466,
        "stdev": 24.6311283112
    },
    "loudness_ebu128": {
        "integrated": -13.151268959,
        "loudness_range": 4.12058448792,
        "momentary": {
            "max": -9.93626308441,
            "mean": -13.4460964203,
            "min": -20.0724201202,
            "stdev": 1.65135502815
        },
        "short_term": {
            "max": -10.9185180664,
            "mean": -13.4327144623,
            "min": -16.4746551514,
            "stdev": 1.36284375191
        }
    },
    "melbands_crest": {
        "max": 31.5702533722,
        "mean": 14.8008079529,
        "min": 3.57437062263,
        "stdev": 5.89635705948
    },
    "melbands_flatness_db": {
        "max": 0.355023831129,
        "mean": 0.158000484109,
        "min": 0.0272064544261,
        "stdev": 0.0615692771971
    },
    "melbands_kurtosis": {
        "max": 157.29637146,
        "mean": 7.87965631485,
        "min": -1.83100819588,
        "stdev": 14.0846195221
    },
    "melbands_skewness": {
        "max": 10.3093929291,
        "mean": 1.95025134087,
        "min": -1.10277485847,
        "stdev": 1.57746613026
    },
    "melbands_spread": {
        "max": 249.712982178,
        "mean": 36.430721283,
        "min": 1.36364591122,
        "stdev": 28.1237049103
    },
    "pitch_salience": {
        "max": 0.837426424026,
        "mean": 0.524807095528,
        "min": 0.107480853796,
        "stdev": 0.127670839429
    },
    "silence_rate_20dB": {
        "max": 1,
        "mean": 1,
        "min": 1,
        "stdev": 0
    },
    "silence_rate_30dB": {
        "max": 1,
        "mean": 1,
        "min": 1,
        "stdev": 0
    },
    "silence_rate_60dB": {
        "max": 1,
        "mean": 0.00523560214788,
        "min": 0,
        "stdev": 0.0721687972546
    },
    "spectral_centroid": {
        "max": 5274.99853516,
        "mean": 1817.66455078,
        "min": 354.506652832,
        "stdev": 710.604492188
    },
    "spectral_complexity": {
        "max": 56,
        "mean": 25.1680145264,
        "min": 2,
        "stdev": 10.1747207642
    },
    "spectral_decrease": {
        "max": -3.65316388251e-10,
        "mean": -6.95527502259e-09,
        "min": -3.71128940913e-08,
        "stdev": 4.68352157057e-09
    },
    "spectral_energy": {
        "max": 0.149776622653,
        "mean": 0.0290073081851,
        "min": 0.00145527732093,
        "stdev": 0.0186185874045
    },
    "spectral_energyband_high": {
        "max": 0.0250142365694,
        "mean": 0.00160418520682,
        "min": 1.09541715574e-05,
        "stdev": 0.00269633112475
    },
    "spectral_energyband_low": {
        "max": 0.0732076987624,
        "mean": 0.0105209490284,
        "min": 1.05302624434e-05,
        "stdev": 0.0129239400849
    },
    "spectral_energyband_middle_high": {
        "max": 0.0510031990707,
        "mean": 0.00964868813753,
        "min": 0.00024423841387,
        "stdev": 0.00981866195798
    },
    "spectral_energyband_middle_low": {
        "max": 0.10224685818,
        "mean": 0.00799312535673,
        "min": 0.000218728891923,
        "stdev": 0.00932209379971
    },
    "spectral_entropy": {
        "max": 8.77267169952,
        "mean": 7.87092828751,
        "min": 6.37870550156,
        "stdev": 0.304064840078
    },
    "spectral_flux": {
        "max": 0.328898072243,
        "mean": 0.104708172381,
        "min": 0.0225440710783,
        "stdev": 0.0479620918632
    },
    "spectral_kurtosis": {
        "max": 16.0543670654,
        "mean": 3.73159003258,
        "min": -0.914709329605,
        "stdev": 2.01088261604
    },
    "spectral_rms": {
        "max": 0.0120881572366,
        "mean": 0.00504368543625,
        "min": 0.00119154632557,
        "stdev": 0.00169147015549
    },
    "spectral_rolloff": {
        "max": 10465.1367188,
        "mean": 2059.26416016,
        "min": 86.1328125,
        "stdev": 1683.984375
    },
    "spectral_skewness": {
        "max": 3.39517188072,
        "mean": 1.42110300064,
        "min": -0.102451175451,
        "stdev": 0.376827001572
    },
    "spectral_spread": {
        "max": 10465225,
        "mean": 4730483.5,
        "min": 2142981.75,
        "stdev": 1215900.375
    },
    "spectral_strongpeak": {
        "max": 11.2575502396,
        "mean": 1.38863027096,
        "min": 0.0154970576987,
        "stdev": 1.7645791769
    },
    "zerocrossingrate": {
        "max": 0.333984375,
        "mean": 0.0776464790106,
        "min": 0.0107421875,
        "stdev": 0.0439413227141
    },
    "barkbands": {
        "max": [0.00174961530138, 0.0594224557281, 0.0407854244113, 0.0272197276354, 0.0311478972435, 0.0581031367183, 0.0340842194855, 0.0400725752115, 0.0951510295272, 0.0468628257513, 0.0338303148746, 0.0375794246793, 0.0298177972436, 0.0275556743145, 0.0280613154173, 0.0282994043082, 0.00630053505301, 0.0063716606237, 0.00500612799078, 0.00557000003755, 0.00349216395989, 0.0119147729129, 0.00907449889928, 0.015617121011, 0.00744195608422, 0.00139430351555, 7.7723103459e-05],
        "mean": [0.000169638180523, 0.00709424261004, 0.00263899005949, 0.000971278001089, 0.00103125488386, 0.00214231177233, 0.000719280389603, 0.000723796023522, 0.0021127848886, 0.00145629339386, 0.00174911646172, 0.00172404036857, 0.000857538601849, 0.000878649530932, 0.000729913357645, 0.000737501541153, 0.000424947385909, 0.0004968677531, 0.000472722924314, 0.000500213704072, 0.000247527292231, 0.000360127392923, 0.000353294803062, 0.000245549948886, 0.000123037621961, 4.34675603174e-05, 2.94867459161e-06],
        "min": [1.99320169258e-08, 2.9031110671e-07, 3.90231843994e-06, 4.19065202095e-07, 1.06701954792e-05, 1.57593585755e-05, 2.45835553869e-06, 2.17729620999e-06, 8.40602388053e-06, 6.39323661744e-06, 4.08778760175e-06, 6.25069606031e-06, 9.54086226557e-06, 1.53034561663e-05, 9.0760859166e-06, 3.66938115803e-06, 8.48620129545e-06, 5.49427431906e-06, 9.3331309472e-06, 3.96220275434e-06, 1.60301578944e-06, 1.59089040608e-06, 7.29857049464e-07, 5.23439780409e-07, 1.74420890175e-07, 6.5169800223e-08, 3.80183037829e-11],
        "stdev": [0.00023688589863, 0.0104233799502, 0.00562178110704, 0.00284988619387, 0.0019541378133, 0.00491485791281, 0.00191160594113, 0.00230047455989, 0.00492755975574, 0.00362606090494, 0.00422478187829, 0.004285171628, 0.00173859845381, 0.00162127916701, 0.00125786883291, 0.00151868187822, 0.000556987419259, 0.00055904162582, 0.000565055641346, 0.00061372568598, 0.000375747797079, 0.000848299532663, 0.000843131216243, 0.000740762276109, 0.000296257378068, 6.95290509611e-05, 4.95220547236e-06]
    },
    "erbbands": {
        "max": [1.56313288212, 15.384021759, 41.643661499, 71.8257141113, 47.5852203369, 159.851715088, 509.573638916, 496.032348633, 567.823425293, 382.841033936, 981.99987793, 2712.56518555, 1795.98718262, 1209.79321289, 1550.3326416, 746.798950195, 1633.7052002, 1052.81469727, 821.080078125, 1749.71606445, 1167.79956055, 286.906005859, 366.738098145, 346.599334717, 286.598510742, 356.32144165, 215.783782959, 194.053146362, 508.679748535, 381.446258545, 314.346862793, 316.380584717, 225.743545532, 119.605537415, 36.7402267456, 11.525680542, 1.31039690971, 0.117326326668, 0.010238696821, 0.000288946408546],
        "mean": [0.18686491251, 1.62903320789, 3.21783494949, 3.44385933876, 2.11330008507, 3.55344867706, 12.0859680176, 18.3473777771, 11.838716507, 11.0967540741, 21.8222923279, 46.7256393433, 42.1715812683, 55.7752418518, 94.4353561401, 49.1978683472, 40.6857795715, 43.4226455688, 39.0518798828, 41.9456481934, 37.9356651306, 24.9559288025, 26.346704483, 25.9763565063, 24.6356735229, 23.5413627625, 12.6629390717, 9.30280685425, 12.2464046478, 12.6971721649, 9.7750377655, 6.42803859711, 3.34205555916, 1.70272016525, 0.705086052418, 0.300816208124, 0.05736419186, 0.00562552781776, 0.00049943634076, 4.98617337144e-05],
        "min": [1.65978653968e-05, 0.000157809699886, 0.0054208622314, 0.0128560410812, 0.0117153162137, 0.0493477918208, 0.105147622526, 0.1307502985, 0.0988940447569, 0.0523951128125, 0.14133156836, 0.371390640736, 0.285271555185, 0.251450717449, 0.355173051357, 0.366086751223, 0.631980657578, 0.611926972866, 0.558061778545, 0.42611899972, 0.300118923187, 0.515825808048, 0.39810910821, 0.650012910366, 0.373920023441, 0.242695465684, 0.123736508191, 0.0786491408944, 0.0770381763577, 0.0495069883764, 0.0203044973314, 0.0113987876102, 0.00638540415093, 0.00192417250946, 0.00105556484777, 0.00061031547375, 3.1422750908e-05, 1.52701443312e-06, 8.23594007215e-07, 1.68918700183e-06],
        "stdev": [0.28287807107, 2.48616075516, 5.70733880997, 8.65838050842, 4.5790977478, 7.18883514404, 28.8144798279, 44.3330345154, 32.572883606, 24.4520664215, 59.0475921631, 126.935020447, 102.478004456, 119.567253113, 199.904266357, 91.9255828857, 80.6544418335, 79.7687301636, 57.4071311951, 83.8091125488, 71.4677658081, 29.9687767029, 29.1456813812, 29.9358329773, 27.9808521271, 29.7861766815, 17.5882225037, 17.504322052, 29.5302791595, 29.2707099915, 24.8478679657, 18.6599254608, 11.0035104752, 4.496986866, 1.49200534821, 0.536889493465, 0.0737136229873, 0.00801664032042, 0.000726628000848, 3.24587344949e-05]
    },
    "gfcc": {
        "mean": [31.9980964661, 68.4685516357, -127.236923218, 32.5670433044, -55.0669746399, 27.2628097534, -32.1701316833, 18.6130867004, -22.0191287994, 6.69124317169, -11.618970871, 5.38766527176, -8.71821594238],
        "cov": [[1970.70153809, -848.473937988, -28.0357208252, 38.9631309509, -107.525260925, 163.364501953, -4.86607265472, 35.0618553162, -66.5978088379, 39.1113433838, -81.0783615112, 8.0433549881, -155.893356323], [-848.473937988, 1106.11987305, -81.6885375977, -60.2325248718, 295.58190918, -131.936950684, 106.088500977, 16.4731311798, 32.3336601257, -73.0155639648, 68.8648757935, -67.5036773682, 66.9003219604], [-28.0357208252, -81.6885375977, 554.888000488, 158.427139282, 17.4882144928, 49.0270042419, -42.3065261841, -0.404598861933, 39.0638618469, 48.7054901123, -24.4542884827, 25.7732753754, -18.523519516], [38.9631309509, -60.2325248718, 158.427139282, 250.575683594, 9.17475605011, 34.2790718079, -9.19159126282, -19.4828987122, 32.5681228638, 18.3727970123, 8.73099327087, 16.9013767242, 25.9600849152], [-107.525260925, 295.58190918, 17.4882144928, 9.17475605011, 290.284851074, 64.1252746582, 94.0560760498, 39.3601989746, 8.08062362671, -10.3485908508, -6.9549741745, -20.9836921692, -7.84847640991], [163.364501953, -131.936950684, 49.0270042419, 34.2790718079, 64.1252746582, 231.622283936, 121.114685059, 35.3082275391, 6.46033668518, 24.6199493408, -12.3943662643, 24.0588665009, -17.1387329102], [-4.86607265472, 106.088500977, -42.3065261841, -9.19159126282, 94.0560760498, 121.114685059, 191.945068359, 78.6973266602, 15.0276927948, 2.70632219315, 11.375535965, -3.53626871109, 6.81289958954], [35.0618553162, 16.4731311798, -0.404598861933, -19.4828987122, 39.3601989746, 35.3082275391, 78.6973266602, 136.848022461, 53.4867362976, 24.0914592743, 0.814545869827, -7.12018299103, 13.0082969666], [-66.5978088379, 32.3336601257, 39.0638618469, 32.5681228638, 8.08062362671, 6.46033668518, 15.0276927948, 53.4867362976, 108.116714478, 35.9122810364, -0.71847319603, 2.17732954025, 20.1960983276], [39.1113433838, -73.0155639648, 48.7054901123, 18.3727970123, -10.3485908508, 24.6199493408, 2.70632219315, 24.0914592743, 35.9122810364, 85.6202011108, 24.1483650208, 24.3067054749, 9.39729785919], [-81.0783615112, 68.8648757935, -24.4542884827, 8.73099327087, -6.9549741745, -12.3943662643, 11.375535965, 0.814545869827, -0.71847319603, 24.1483650208, 103.334831238, 35.4065513611, 34.0062713623], [8.0433549881, -67.5036773682, 25.7732753754, 16.9013767242, -20.9836921692, 24.0588665009, -3.53626871109, -7.12018299103, 2.17732954025, 24.3067054749, 35.4065513611, 85.5117340088, 35.9714660645], [-155.893356323, 66.9003219604, -18.523519516, 25.9600849152, -7.84847640991, -17.1387329102, 6.81289958954, 13.0082969666, 20.1960983276, 9.39729785919, 34.0062713623, 35.9714660645, 87.779586792]],
        "icov": [[0.000939670193475, 0.000689424632583, 0.000296991522191, -0.000399114447646, -0.000268014526227, 5.62568020541e-05, -6.19163474767e-05, -0.000602839572821, 0.000482394127175, -8.91532836249e-05, 4.15164031438e-05, -0.0002838956716, 0.0014040627284], [0.000689424632583, 0.00316472933628, -0.000279739091638, 0.000747441896237, -0.00283243297599, 0.00246960250661, -0.00225545302965, 0.00148784252815, -0.00142946431879, 0.00175254128408, -0.00204731314443, 0.00186535506509, -0.00111415737774], [0.000296991522191, -0.000279739091638, 0.00276678055525, -0.00189009448513, 7.04895792296e-05, -0.000772427825723, 0.00141586142126, -0.00110987666994, 0.000324619846651, -0.00130851136055, 0.00114620430395, -0.00146740232594, 0.00201623584144], [-0.000399114447646, 0.000747441896237, -0.00189009448513, 0.00628811307251, -0.00101320119575, -0.000288422917947, -0.00060779589694, 0.00293890829198, -0.00266678980552, 0.00110563193448, -0.00156424625311, 0.00200287695043, -0.00379179976881], [-0.000268014526227, -0.00283243297599, 7.04895792296e-05, -0.00101320119575, 0.00695307599381, -0.00264211324975, 0.000231758574955, -0.00182454800233, 0.00154326483607, -0.00111772445962, 0.00195019238163, -0.000999933225103, 0.00177430035546], [5.62568020541e-05, 0.00246960250661, -0.000772427825723, -0.000288422917947, -0.00264211324975, 0.0110747525468, -0.00835476815701, 0.00257286685519, -0.000839949410874, -0.000751701649278, 0.000842730456498, -0.00228771963157, 0.00121801311616], [-6.19163474767e-05, -0.00225545302965, 0.00141586142126, -0.00060779589694, 0.000231758574955, -0.00835476815701, 0.0146738514304, -0.00700274948031, 0.00196094671264, 0.000686894869432, -0.00104472273961, 0.000519225257449, 4.31302032666e-05], [-0.000602839572821, 0.00148784252815, -0.00110987666994, 0.00293890829198, -0.00182454800233, 0.00257286685519, -0.00700274948031, 0.0149269346148, -0.00679154368117, -0.000787679920904, -0.000770161219407, 0.00315931648947, -0.0039866711013], [0.000482394127175, -0.00142946431879, 0.000324619846651, -0.00266678980552, 0.00154326483607, -0.000839949410874, 0.00196094671264, -0.00679154368117, 0.0158555582166, -0.00618881639093, 0.00333551946096, -0.000444418168627, -0.000463938282337], [-8.91532836249e-05, 0.00175254128408, -0.00130851136055, 0.00110563193448, -0.00111772445962, -0.000751701649278, 0.000686894869432, -0.000787679920904, -0.00618881639093, 0.0185936111957, -0.00581717677414, -0.00121026008856, -9.74937429419e-05], [4.15164031438e-05, -0.00204731314443, 0.00114620430395, -0.00156424625311, 0.00195019238163, 0.000842730456498, -0.00104472273961, -0.000770161219407, 0.00333551946096, -0.00581717677414, 0.0155563130975, -0.00605017924681, -0.000819255423266], [-0.0002838956716, 0.00186535506509, -0.00146740232594, 0.00200287695043, -0.000999933225103, -0.00228771963157, 0.000519225257449, 0.00315931648947, -0.000444418168627, -0.00121026008856, -0.00605017924681, 0.0209380574524, -0.00987698696554], [0.0014040627284, -0.00111415737774, 0.00201623584144, -0.00379179976881, 0.00177430035546, 0.00121801311616, 4.31302032666e-05, -0.0039866711013, -0.000463938282337, -9.74937429419e-05, -0.000819255423266, -0.00987698696554, 0.021747732535]]
    },
    "melbands": {
        "max": [0.0162073094398, 0.0175776872784, 0.0109156696126, 0.00521027622744, 0.0148783400655, 0.0108106136322, 0.00816704425961, 0.00628968793899, 0.00802879408002, 0.0172493830323, 0.0090495320037, 0.00574148353189, 0.0053666383028, 0.00487955845892, 0.00218202243559, 0.00300591159612, 0.00238573993556, 0.00202801031992, 0.00224920012988, 0.00247554993257, 0.00129149970599, 0.00031880804454, 0.00041159754619, 0.0004451732093, 0.000349908310454, 0.00021392434428, 0.000200089474674, 0.000226978372666, 0.000162426091265, 0.00010469344852, 0.000140323434607, 0.000283260014839, 0.000240420296905, 0.00025168134016, 0.000211127946386, 0.000276719540125, 0.000252034806181, 0.000234625083976, 0.000121154160297, 9.60897668847e-05],
        "mean": [0.00184907799121, 0.00184247561265, 0.000552816083655, 0.000171720821527, 0.000384185696021, 0.000405008642701, 0.000172787753399, 0.000124841433717, 0.000209980877116, 0.000296441023238, 0.000208603640203, 0.000220247646212, 0.000296595768305, 0.00023103338026, 7.99871486379e-05, 8.60742220539e-05, 7.9594545241e-05, 6.44609899609e-05, 5.38389067515e-05, 5.52899145987e-05, 4.01651122957e-05, 2.44945513259e-05, 2.4225550078e-05, 2.42962887569e-05, 2.05082506e-05, 1.8052467567e-05, 1.8376733351e-05, 1.48109393194e-05, 8.87252099346e-06, 5.20370122103e-06, 5.38855329069e-06, 6.61286139803e-06, 7.64403193898e-06, 6.78578589941e-06, 5.82746497457e-06, 4.71362955068e-06, 3.59541331818e-06, 2.55734471466e-06, 1.59588887527e-06, 1.40029862905e-06],
        "min": [1.1034988745e-07, 2.06256800084e-06, 2.70785949397e-06, 1.65871097124e-06, 5.13551958647e-06, 2.45865930992e-06, 1.2429961771e-06, 3.42431832223e-07, 1.14237104754e-06, 1.45693445575e-06, 1.14481304081e-06, 9.28503368414e-07, 9.94260290099e-07, 7.80847983606e-07, 7.39883773804e-07, 1.02903004517e-06, 9.9581836821e-07, 8.26427140055e-07, 7.9147133647e-07, 1.63822647892e-07, 3.39200624921e-07, 4.27544449622e-07, 5.06797675826e-07, 2.71325632184e-07, 3.55372918648e-07, 2.24568395879e-07, 2.33854152043e-07, 1.53014156012e-07, 6.12101445086e-08, 2.27946852505e-08, 4.18682368775e-08, 1.73207830301e-08, 2.71500137927e-08, 1.86427318027e-08, 1.05383737292e-08, 8.3630755654e-09, 5.08997155535e-09, 4.72747085922e-09, 2.07180494982e-09, 1.53793477953e-09],
        "stdev": [0.00276630045846, 0.00264254352078, 0.00131608534139, 0.000287108588964, 0.000854863377754, 0.000944750325289, 0.000460549839772, 0.000315691664582, 0.000550409196876, 0.000779456808232, 0.00052173511358, 0.000511542719323, 0.000642236729618, 0.000576284481212, 0.000152003587573, 0.000176226851181, 0.000159037808771, 0.000108841493784, 9.67082305579e-05, 0.000123237856315, 7.72971689003e-05, 3.37888996e-05, 2.91593660222e-05, 2.9806215025e-05, 2.5787141567e-05, 2.29177967412e-05, 2.29658508033e-05, 2.02180672204e-05, 1.30746811919e-05, 8.67292783369e-06, 1.1367416846e-05, 1.65486326296e-05, 1.81683644769e-05, 1.57844897331e-05, 1.47518348967e-05, 1.45077501656e-05, 1.10954415504e-05, 9.66873540165e-06, 4.52584799859e-06, 3.6734375044e-06]
    },
    "melbands128": {
        "max": [0.00169128703419, 0.0106719927862, 0.0286734551191, 0.0314447805285, 0.024403821677, 0.0220385175198, 0.0170263368636, 0.0108160255477, 0.00531966332346, 0.00394766544923, 0.0114740682766, 0.0108272153884, 0.0207743793726, 0.0258282143623, 0.016251726076, 0.0112089235336, 0.0146291106939, 0.0147072095424, 0.00479724025354, 0.00494969170541, 0.0130167696625, 0.0106646800414, 0.0149902980775, 0.0142122367397, 0.0253824833781, 0.0203993543983, 0.0134511692449, 0.017884472385, 0.0108030186966, 0.0126227447763, 0.00799758080393, 0.00967045780271, 0.0107512958348, 0.0119251627475, 0.0130593869835, 0.003981157206, 0.0028273363132, 0.00437554810196, 0.00367433135398, 0.0076452922076, 0.00662659341469, 0.00527408858761, 0.00265051843598, 0.00636825151742, 0.0060245571658, 0.0026847566478, 0.00141016708221, 0.00195153884124, 0.00512385508046, 0.00383301428519, 0.00411221850663, 0.00376686127856, 0.00305152893998, 0.00154857290909, 0.000942721264437, 0.000546428491361, 0.000344168598531, 0.000927625282202, 0.000568156072404, 0.00051098910626, 0.000799246365204, 0.000534172344487, 0.000541039742529, 0.000432083150372, 0.00052333297208, 0.000402152509196, 0.000331468530931, 0.00029480815283, 0.00038299561129, 0.000480116257677, 0.000373868300812, 0.000268000119831, 0.000296760728816, 0.000242052105023, 0.000209691046621, 0.000215585198021, 0.000120375683764, 0.000132167668198, 0.000233359634876, 0.00016508383851, 0.000202638286282, 0.000413939880673, 0.000388952816138, 0.000280187290628, 0.000338033511071, 0.000251820485573, 0.000239356915699, 0.000379500066629, 0.000220253510633, 0.00030646045343, 0.000212549930438, 0.00040727169835, 0.000286152993795, 0.000158625160111, 0.000525588751771, 0.000436862843344, 0.000288909417577, 0.000136326940265, 9.07570210984e-05, 0.000162253316375, 0.00010205822764, 9.27893197513e-05, 7.61108603911e-05, 6.24466047157e-05, 4.76896639157e-05, 2.83748504444e-05, 2.6485109629e-05, 3.42671737599e-05, 2.20718739001e-05, 1.82835919986e-05, 1.31363267428e-05, 3.10721998176e-06, 2.27348641602e-06, 2.97063843391e-06, 1.11923100121e-06, 5.27188262822e-07, 1.54819701947e-06, 1.50978928559e-06, 8.45606507482e-07, 3.31129086817e-07, 2.1791102256e-07, 1.82683479011e-07, 9.48585991978e-08, 5.92871352012e-09, 1.72190228742e-09, 1.70858116544e-09, 1.69572167419e-09, 1.68874692008e-09],
        "mean": [0.000162051233929, 0.00129021925386, 0.00267743272707, 0.00271857227199, 0.00187776680104, 0.0012170446571, 0.000742855540011, 0.000404685619287, 0.000172697546077, 0.000110190827399, 0.000182504649274, 0.00031636111089, 0.000394918344682, 0.000540657027159, 0.0004719721328, 0.000316652382025, 0.000186915232916, 0.000170585073647, 0.000112241679744, 0.000116892377264, 0.000130653235829, 0.000151234504301, 0.000175453271368, 0.000316600227961, 0.00036578826257, 0.000234034334426, 0.000287574512186, 0.000154711175128, 0.000197975765332, 0.000263726746198, 0.000185057491763, 0.000215995372855, 0.000321208295645, 0.000293452554615, 0.000440647767391, 0.000125596357975, 5.92601718381e-05, 7.0480076829e-05, 0.000102824546047, 9.61586265475e-05, 6.17034456809e-05, 0.000108043866931, 7.55270084483e-05, 6.64333783789e-05, 8.43077068566e-05, 5.79500301683e-05, 5.34227729077e-05, 4.82814393763e-05, 5.45793045603e-05, 6.74925249768e-05, 4.58062349935e-05, 5.58303763682e-05, 5.55533406441e-05, 2.56705370703e-05, 2.33811351791e-05, 2.51871588262e-05, 2.37399690377e-05, 2.71138342214e-05, 2.37543008552e-05, 2.07681769098e-05, 2.64811496891e-05, 2.47486150329e-05, 2.06480544875e-05, 1.92340849026e-05, 2.06071417779e-05, 1.79523522092e-05, 1.59794271894e-05, 1.83609772648e-05, 1.8864087906e-05, 1.89646161743e-05, 1.58157963597e-05, 1.24382668218e-05, 1.0449211004e-05, 9.04266562429e-06, 5.7131092035e-06, 5.05768230141e-06, 5.17006537848e-06, 4.78991387354e-06, 5.49304786546e-06, 5.66296648685e-06, 6.61008289171e-06, 6.62735965307e-06, 7.54907568989e-06, 7.98083055997e-06, 7.60017383072e-06, 7.03955447534e-06, 6.68563325235e-06, 5.89377896176e-06, 6.09957214692e-06, 5.44002341485e-06, 4.99033785673e-06, 4.45449859399e-06, 4.35471474702e-06, 3.55049951395e-06, 3.25897872244e-06, 2.92365348287e-06, 2.47395837505e-06, 1.92946913558e-06, 1.57298541126e-06, 1.41531438658e-06, 1.40660006309e-06, 1.46391721501e-06, 1.33865955831e-06, 1.07596997623e-06, 6.4041864789e-07, 5.30965621692e-07, 6.09488438386e-07, 5.93726440457e-07, 6.45694797186e-07, 4.13391745724e-07, 2.82046187294e-07, 2.04368873824e-07, 1.64139891012e-07, 1.21222939242e-07, 2.97336590904e-08, 1.61600048898e-08, 4.50328698776e-08, 3.60160541391e-08, 2.85026224844e-08, 1.34196964652e-08, 5.32473132253e-09, 3.18377213482e-09, 1.12049203249e-09, 3.09876950488e-11, 5.82182739517e-12, 5.69554646501e-12, 5.61373256908e-12, 5.57904894158e-12],
        "min": [1.07572555308e-08, 4.26098623052e-08, 7.24554354292e-08, 7.42550909649e-08, 2.31998626532e-07, 1.46766342368e-06, 9.7528989329e-08, 9.11337068032e-08, 4.30069889035e-07, 2.31201823908e-07, 4.48559376309e-07, 2.53070993494e-07, 5.05312868881e-07, 1.20048764529e-06, 8.69814357429e-07, 2.74413906709e-07, 3.20372720353e-07, 2.04661375847e-07, 1.57476790719e-07, 8.83368826976e-08, 2.82812322894e-07, 1.57921604682e-07, 5.06382946242e-07, 3.56429495696e-07, 4.83807298224e-07, 4.60402475255e-07, 6.60312252876e-07, 2.44072822397e-07, 3.21903343092e-07, 2.94532611633e-07, 1.78997368039e-07, 4.17211850845e-07, 4.9160769322e-07, 1.60373147651e-07, 4.53361820973e-07, 2.44026551854e-07, 2.32381154319e-07, 3.23045952655e-07, 4.13024423551e-07, 3.11931017904e-07, 2.14533315557e-07, 4.57926915942e-07, 5.55839847038e-07, 4.60341880171e-07, 3.226160743e-07, 3.62321571856e-07, 3.86688668641e-07, 4.25091798206e-07, 3.40004959298e-07, 1.14427791686e-07, 1.04580479388e-07, 1.50081660877e-07, 3.56108330379e-07, 1.79474426432e-07, 1.20091854683e-07, 9.40500370916e-08, 3.67649619193e-07, 3.53749328497e-07, 1.81548557521e-07, 1.74984592149e-07, 1.8856805184e-07, 1.7768638827e-07, 2.07465774338e-07, 1.53580259621e-07, 1.5297038658e-07, 1.65358116533e-07, 1.12651441952e-07, 1.74543231424e-07, 6.5623019907e-08, 1.10348402416e-07, 7.67528192114e-08, 1.0081438262e-07, 5.40101154911e-08, 3.40984485092e-08, 2.39890578513e-08, 2.43921096654e-08, 1.10905560291e-08, 1.28353532247e-08, 1.84115247492e-08, 2.33520562887e-08, 9.28597287952e-09, 1.73555516625e-08, 1.66063500728e-08, 1.64604241348e-08, 1.1643405351e-08, 1.66451936678e-08, 8.70182592649e-09, 8.57091198014e-09, 8.59057802671e-09, 5.35937827451e-09, 6.69449828905e-09, 4.25952162431e-09, 5.75802516778e-09, 3.91917520659e-09, 1.84797110947e-09, 2.95814150952e-09, 3.86377507766e-09, 2.82195133927e-09, 1.33513611278e-09, 1.01413855091e-09, 1.23818477693e-09, 1.4873489107e-09, 9.75440062057e-10, 4.14906942137e-10, 2.1140653117e-10, 4.50988968392e-10, 1.61066970872e-09, 1.3180058156e-09, 1.01862052126e-09, 2.22954571472e-11, 2.70318641603e-12, 5.30552977853e-13, 1.16612828335e-12, 8.8915669532e-13, 4.12736576687e-13, 4.48517389678e-13, 2.12242292426e-13, 1.37110429347e-13, 7.97020733917e-14, 7.7288185346e-14, 6.39348871154e-14, 6.20650652725e-14, 6.43950902801e-14, 5.32274182683e-14, 4.02072276027e-14, 1.68803806924e-14, 2.96410349573e-15, 1.62104106654e-16],
        "stdev": [0.00023266885546, 0.00195025769062, 0.00466933753341, 0.00426394818351, 0.00322047411464, 0.00272960565053, 0.00202148454264, 0.00115687679499, 0.000386815721868, 0.000195506116142, 0.000438596587628, 0.000793419545516, 0.00109192053787, 0.00170303496998, 0.0014159452403, 0.000918647798244, 0.000681443372741, 0.000643316656351, 0.000284505076706, 0.000310859730234, 0.000552667537704, 0.000566139991861, 0.000772599014454, 0.000985581777059, 0.00133515289053, 0.000813524588011, 0.000909613503609, 0.000675827264786, 0.000624502077699, 0.000837429775856, 0.000602577230893, 0.000643443083391, 0.000993056106381, 0.0010190695757, 0.00138616736513, 0.000352636940079, 0.0001528152643, 0.000188678721315, 0.00025515438756, 0.000309475464746, 0.000204085037694, 0.000284498441033, 0.000177411697223, 0.000261561654042, 0.000206786658964, 0.000140693504363, 0.00010422514606, 0.00010490778368, 0.000165425793966, 0.000207359466003, 0.000153759203386, 0.00018184374494, 0.000140985503094, 6.41896403977e-05, 5.10856007168e-05, 4.48388746008e-05, 3.52838105755e-05, 4.56427842437e-05, 3.77136129828e-05, 3.54501498805e-05, 4.27111008321e-05, 3.73820766981e-05, 3.58491452062e-05, 3.28834212269e-05, 3.35684599122e-05, 3.29733775288e-05, 2.58076834143e-05, 2.71706558124e-05, 3.3423093555e-05, 3.54481198883e-05, 2.77331782854e-05, 2.25714939006e-05, 2.03082290682e-05, 1.52579541464e-05, 1.21560779007e-05, 1.01460200312e-05, 9.65342587733e-06, 9.97342976916e-06, 1.32055702124e-05, 1.45040185089e-05, 1.65117671713e-05, 1.9881170374e-05, 1.95562533918e-05, 1.99613914447e-05, 2.05428495974e-05, 1.71262090589e-05, 1.55204761541e-05, 1.61188836501e-05, 1.59229566634e-05, 1.69118793565e-05, 1.51385820573e-05, 1.71274168679e-05, 1.31023361973e-05, 9.92092282104e-06, 1.44297664519e-05, 1.35295331347e-05, 9.54967072175e-06, 6.60875912217e-06, 3.97341227654e-06, 4.83092844661e-06, 4.4675089157e-06, 3.74694172933e-06, 3.04758077618e-06, 2.42338319367e-06, 1.61426839895e-06, 1.15381658361e-06, 1.24613188746e-06, 1.34987556066e-06, 1.03814659269e-06, 8.16718682017e-07, 5.06611115725e-07, 2.3445997499e-07, 2.03234648666e-07, 1.67379198501e-07, 4.40888179298e-08, 2.42750299861e-08, 8.37064462189e-08, 9.06856953975e-08, 5.66368711929e-08, 2.52559875236e-08, 1.53125903068e-08, 1.09375131174e-08, 4.9124309065e-09, 2.23477375494e-10, 5.4348876094e-11, 5.39179673131e-11, 5.35100089238e-11, 5.32857195867e-11]
    },
    "mfcc": {
        "mean": [-606.934387207, 98.9882507324, -9.64322280884, 13.3608846664, 4.25529670715, 7.99320268631, 5.95657873154, 11.2283630371, 0.0130462227389, 8.50082874298, 1.05549240112, -0.957427024841, 3.60205340385],
        "cov": [[2054.35253906, -842.604919434, -49.2387580872, -152.632095337, -91.3542098999, 32.9895210266, 33.2841453552, 19.0297584534, -19.8753452301, 52.2062034607, -30.8670482635, -8.29180622101, 65.1299591064], [-842.604919434, 1093.97058105, -269.776794434, 102.808044434, 110.213615417, -53.3758811951, 95.1050186157, 48.8420219421, 26.6681957245, 13.8032169342, 30.2911624908, -2.61845350266, -22.1753292084], [-49.2387580872, -269.776794434, 510.992614746, 87.8984527588, 43.3309135437, 66.8941345215, -64.6460647583, -23.5926856995, -6.10222148895, -5.51317691803, 26.6559104919, 15.8465642929, -15.2238512039], [-152.632095337, 102.808044434, 87.8984527588, 205.264053345, 80.484336853, 7.07487773895, -20.8945064545, -10.0975637436, -0.939562261105, 0.619508564472, -9.27542686462, 6.48202943802, 3.43885350227], [-91.3542098999, 110.213615417, 43.3309135437, 80.484336853, 163.971466064, 36.5812683105, 7.50237941742, 8.86653995514, 22.2535934448, 9.20660972595, 4.29439878464, 10.9282875061, 7.8212389946], [32.9895210266, -53.3758811951, 66.8941345215, 7.07487773895, 36.5812683105, 184.629806519, 60.8266944885, 38.6876029968, 42.2327346802, -21.2528610229, 33.4597892761, 11.9173402786, 10.4630537033], [33.2841453552, 95.1050186157, -64.6460647583, -20.8945064545, 7.50237941742, 60.8266944885, 181.65385437, 71.1635894775, 29.2709465027, 29.695854187, 21.0377368927, 6.07914352417, 20.7989616394], [19.0297584534, 48.8420219421, -23.5926856995, -10.0975637436, 8.86653995514, 38.6876029968, 71.1635894775, 113.919418335, 61.3614730835, 25.0548419952, 22.1063861847, 5.09667682648, 18.2261295319], [-19.8753452301, 26.6681957245, -6.10222148895, -0.939562261105, 22.2535934448, 42.2327346802, 29.2709465027, 61.3614730835, 136.237075806, 43.4860191345, 29.7432994843, 15.9311294556, 5.56910610199], [52.2062034607, 13.8032169342, -5.51317691803, 0.619508564472, 9.20660972595, -21.2528610229, 29.695854187, 25.0548419952, 43.4860191345, 113.028862, 30.3407459259, 7.50035429001, 4.86706018448], [-30.8670482635, 30.2911624908, 26.6559104919, -9.27542686462, 4.29439878464, 33.4597892761, 21.0377368927, 22.1063861847, 29.7432994843, 30.3407459259, 83.1047286987, 22.8214416504, -3.41106247902], [-8.29180622101, -2.61845350266, 15.8465642929, 6.48202943802, 10.9282875061, 11.9173402786, 6.07914352417, 5.09667682648, 15.9311294556, 7.50035429001, 22.8214416504, 61.5495071411, 26.0254497528], [65.1299591064, -22.1753292084, -15.2238512039, 3.43885350227, 7.8212389946, 10.4630537033, 20.7989616394, 18.2261295319, 5.56910610199, 4.86706018448, -3.41106247902, 26.0254497528, 78.7144317627]],
        "icov": [[0.000860990548972, 0.000809211109299, 0.000460478680907, 9.02901520021e-05, -0.000211950711673, -5.60923363082e-05, -0.000231975514907, -0.00024785255664, 0.000340340135153, -0.000492199149448, 3.40243677783e-05, 0.000205588221434, -0.000312260759529], [0.000809211109299, 0.00224585784599, 0.00131627148949, -0.000857940583955, -0.00116070336662, 0.000871986150742, -0.000999147538096, -0.000517849402968, 0.000222649352509, 0.000244766415562, -0.00116413971409, 0.000282981956843, 0.000463637814391], [0.000460478680907, 0.00131627148949, 0.00328905042261, -0.00142938876525, -0.000673334754538, -0.000878341670614, 0.000701612210833, -0.000368248700397, 0.000741724914405, -0.000391384382965, -0.00120196305215, -0.000370212830603, 0.000813952297904], [9.02901520021e-05, -0.000857940583955, -0.00142938876525, 0.00716804619879, -0.00249691703357, -0.000237960703089, 0.000776703411248, 0.000266961025773, 0.000257764768321, -0.000677696487401, 0.00179732823744, -0.000391061475966, -0.000662479025777], [-0.000211950711673, -0.00116070336662, -0.000673334754538, -0.00249691703357, 0.0087874289602, -0.0020574615337, 0.000542689464055, 0.000365900690667, -0.000746990728658, -0.00108519766945, 0.00128140230663, -0.000799870234914, -0.00056059245253], [-5.60923363082e-05, 0.000871986150742, -0.000878341670614, -0.000237960703089, -0.0020574615337, 0.00955697335303, -0.00373930367641, -8.07444303064e-05, -0.00281650316902, 0.00494303228334, -0.00394590338692, 0.00098533264827, -0.000529732264113], [-0.000231975514907, -0.000999147538096, 0.000701612210833, 0.000776703411248, 0.000542689464055, -0.00373930367641, 0.00958971120417, -0.00458347750828, 0.0021242746152, -0.00296451058239, 0.000814270111732, -0.000424774683779, -0.000808541954029], [-0.00024785255664, -0.000517849402968, -0.000368248700397, 0.000266961025773, 0.000365900690667, -8.07444303064e-05, -0.00458347750828, 0.0156551990658, -0.00605152547359, 0.000563858135138, -0.0015790554462, 0.00244776322506, -0.00294758239761], [0.000340340135153, 0.000222649352509, 0.000741724914405, 0.000257764768321, -0.000746990728658, -0.00281650316902, 0.0021242746152, -0.00605152547359, 0.0122921988368, -0.00447522150353, 4.54273103969e-05, -0.00244705891237, 0.00141990045086], [-0.000492199149448, 0.000244766415562, -0.000391384382965, -0.000677696487401, -0.00108519766945, 0.00494303228334, -0.00296451058239, 0.000563858135138, -0.00447522150353, 0.0138114290312, -0.00540025904775, 0.00136722263414, -0.000689762993716], [3.40243677783e-05, -0.00116413971409, -0.00120196305215, 0.00179732823744, 0.00128140230663, -0.00394590338692, 0.000814270111732, -0.0015790554462, 4.54273103969e-05, -0.00540025904775, 0.0188371613622, -0.00710371416062, 0.00337625737302], [0.000205588221434, 0.000282981956843, -0.000370212830603, -0.000391061475966, -0.000799870234914, 0.00098533264827, -0.000424774683779, 0.00244776322506, -0.00244705891237, 0.00136722263414, -0.00710371416062, 0.0228813569993, -0.00843547005206], [-0.000312260759529, 0.000463637814391, 0.000813952297904, -0.000662479025777, -0.00056059245253, -0.000529732264113, -0.000808541954029, -0.00294758239761, 0.00141990045086, -0.000689762993716, 0.00337625737302, -0.00843547005206, 0.0171792972833]]
    },
    "spectral_contrast_coeffs": {
        "max": [-0.451053500175, -0.42259567976, -0.540331304073, -0.604750335217, -0.626069843769, -0.582831263542],
        "mean": [-0.746910095215, -0.76322811842, -0.758375644684, -0.799232542515, -0.782812178135, -0.774568617344],
        "min": [-0.91597956419, -0.920784473419, -0.906225860119, -0.896918356419, -0.874753534794, -0.854582667351],
        "stdev": [0.0782976150513, 0.0776132568717, 0.0732523724437, 0.0483358129859, 0.0386427380145, 0.0325175486505]
    },
    "spectral_contrast_valleys": {
        "max": [-5.56113672256, -4.95632076263, -5.52681493759, -5.49255132675, -5.58255910873, -7.30169391632],
        "mean": [-6.72143745422, -6.65764141083, -6.88591718674, -6.99057483673, -7.08667707443, -9.58395004272],
        "min": [-9.25287914276, -8.53629589081, -8.55396175385, -8.72871208191, -8.5248336792, -12.1886377335],
        "stdev": [0.500915884972, 0.475919365883, 0.497338473797, 0.469562590122, 0.526145279408, 0.829251110554]
    }
},
"rhythm": {
    "beats_count": 103,
    "beats_loudness": {
        "max": 0.0954648256302,
        "mean": 0.051778677851,
        "min": 0.0224304385483,
        "stdev": 0.0129408147186
    },
    "bpm": 128.026733398,
    "bpm_histogram_first_peak_bpm": 129,
    "bpm_histogram_first_peak_weight": 0.392156839371,
    "bpm_histogram_second_peak_bpm": 0,
    "bpm_histogram_second_peak_spread": 0,
    "bpm_histogram_second_peak_weight": 0,
    "danceability": 1.26549196243,
    "onset_rate": 3.814453125,
    "beats_loudness_band_ratio": {
        "max": [0.912535309792, 0.462354958057, 0.680056095123, 0.541458010674, 0.459322094917, 0.212124794722],
        "mean": [0.629659950733, 0.0613629296422, 0.0821819156408, 0.12773668766, 0.0680877417326, 0.0428731366992],
        "min": [0.00169087434188, 0.0053136930801, 0.00834937207401, 0.00427302764729, 0.00560848182067, 0.00350509607233],
        "stdev": [0.177697435021, 0.0841441005468, 0.10417702049, 0.12303583324, 0.0619812421501, 0.0351155102253]
    },
