{
"metadata": {
    "version": {
        "essentia": "2.1-beta5",
        "essentia_git_sha": "Undefined",
        "extractor": "music 2.0"
    },
    "audio_properties": {
        "analysis": {
            "equal_loudness": 0,
            "length": 48.7502937317,
            "sample_rate": 44100,
            "start_time": 61.4980506897,
            "downmix": "mix"
        },
        "bit_rate": 192000,
        "length": 181.324645996,
        "lossless": 0,
        "number_channels": 2,
        "replay_gain": -5.25504875183,
        "sample_rate": 48000,
        "codec": "mp3",
        "md5_encoded": "089c8e49dafdf540c990d1fe7b9439a2"
    },
    "tags": {
        "file_name": "San Marino_Complice_Miodio.mp3",
        "encoding": ["Lavf58.29.100"]
    }
},
"lowlevel": {
    "average_loudness": 0.972746908665,
    "barkbands_crest": {
        "max": 23.9334869385,
        "mean": 11.7963037491,
        "min": 4.04857778549,
        "stdev": 3.23893618584
    },
    "barkbands_flatness_db": {
        "max": 0.279055655003,
        "mean": 0.13544523716,
        "min": 0.0252340789884,
        "stdev": 0.0376697033644
    },
    "barkbands_kurtosis": {
        "max": 44.3396835327,
        "mean": 4.14547872543,
        "min": -1.94289660454,
        "stdev": 5.494140625
    },
    "barkbands_skewness": {
        "max": 6.06208324432,
        "mean": 1.75824379921,
        "min": -1.68096554279,
        "stdev": 0.965277791023
    },
    "barkbands_spread": {
        "max": 117.137863159,
        "mean": 22.9833583832,
        "min": 2.93818712234,
        "stdev": 15.0007152557
    },
    "dissonance": {
        "max": 0.5,
        "mean": 0.465900540352,
        "min": 0.352934807539,
        "stdev": 0.0246290937066
    },
    "dynamic_complexity": 1.58277583122,
    "erbbands_crest": {
        "max": 26.1045093536,
        "mean": 8.78427886963,
        "min": 2.67493891716,
        "stdev": 4.67442035675
    },
    "erbbands_flatness_db": {
        "max": 0.231102123857,
        "mean": 0.137968614697,
        "min": 0.0579113177955,
        "stdev": 0.0289111677557
    },
    "erbbands_kurtosis": {
        "max": 14.9127197266,
        "mean": 0.396373182535,
        "min": -1.68100428581,
        "stdev": 1.59716701508
    },
    "erbbands_skewness": {
        "max": 3.80646634102,
        "mean": 0.236337408423,
        "min": -3.30145859718,
        "stdev": 0.762755811214
    },
    "erbbands_spread": {
        "max": 125.385574341,
        "mean": 39.885635376,
        "min": 9.56125926971,
        "stdev": 14.6173181534
    },
    "hfc": {
        "max": 626.174255371,
        "mean": 29.1246547699,
        "min": 1.56416988373,
        "stdev": 38.8726425171
    },
    "loudness_ebu128": {
        "integrated": -16.457988739,
        "loudness_range": 2.48780822754,
        "momentary": {
            "max": -13.9607305527,
            "mean": -16.5917778015,
            "min": -21.2003593445,
            "stdev": 1.12013351917
        },
        "short_term": {
            "max": -15.0685892105,
            "mean": -16.5681171417,
            "min": -18.3620586395,
            "stdev": 0.75068128109
        }
    },
    "melbands_crest": {
        "max": 29.1544971466,
        "mean": 16.67004776,
        "min": 4.63708496094,
        "stdev": 4.43259859085
    },
    "melbands_flatness_db": {
        "max": 0.375670522451,
        "mean": 0.21083059907,
        "min": 0.0521281436086,
        "stdev": 0.0492641963065
    },
    "melbands_kurtosis": {
        "max": 142.821884155,
        "mean": 14.1359405518,
        "min": -1.43554055691,
        "stdev": 13.5016784668
    },
    "melbands_skewness": {
        "max": 9.61461734772,
        "mean": 2.98250007629,
        "min": -0.221516981721,
        "stdev": 1.36140573025
    },
    "melbands_spread": {
        "max": 246.578781128,
        "mean": 20.8584957123,
        "min": 2.09506297112,
        "stdev": 19.4472560883
    },
    "pitch_salience": {
        "max": 0.851102411747,
        "mean": 0.478410005569,
        "min": 0.148482397199,
        "stdev": 0.100225299597
    },
    "silence_rate_20dB": {
        "max": 1,
        "mean": 1,
        "min": 1,
        "stdev": 0
    },
    "silence_rate_30dB": {
        "max": 1,
        "mean": 0.996192276478,
        "min": 0,
        "stdev": 0.0615888796747
    },
    "silence_rate_60dB": {
        "max": 0,
        "mean": 0,
        "min": 0,
        "stdev": 0
    },
    "spectral_centroid": {
        "max": 5578.80175781,
        "mean": 1328.91125488,
        "min": 266.9480896,
        "stdev": 622.469543457
    },
    "spectral_complexity": {
        "max": 52,
        "mean": 23.7958106995,
        "min": 1,
        "stdev": 8.12302207947
    },
    "spectral_decrease": {
        "max": -2.63335048212e-10,
        "mean": -1.14339426815e-08,
        "min": -3.99164328257e-08,
        "stdev": 4.59482540904e-09
    },
    "spectral_energy": {
        "max": 0.155243739486,
        "mean": 0.0457959882915,
        "min": 0.0011357627809,
        "stdev": 0.017872851342
    },
    "spectral_energyband_high": {
        "max": 0.0659937560558,
        "mean": 0.00142738758586,
        "min": 1.86996003322e-05,
        "stdev": 0.00439954781905
    },
    "spectral_energyband_low": {
        "max": 0.103687696159,
        "mean": 0.0241279248148,
        "min": 0.000113630871056,
        "stdev": 0.0142075615004
    },
    "spectral_energyband_middle_high": {
        "max": 0.0395119376481,
        "mean": 0.00667593535036,
        "min": 0.000373465474695,
        "stdev": 0.00573701038957
    },
    "spectral_energyband_middle_low": {
        "max": 0.112205527723,
        "mean": 0.0145085332915,
        "min": 0.000520095520187,
        "stdev": 0.012162771076
    },
    "spectral_entropy": {
        "max": 8.85040378571,
        "mean": 7.69996261597,
        "min": 6.58601093292,
        "stdev": 0.313339322805
    },
    "spectral_flux": {
        "max": 0.322627872229,
        "mean": 0.0852627307177,
        "min": 0.0249410830438,
        "stdev": 0.0387715958059
    },
    "spectral_kurtosis": {
        "max": 13.5736236572,
        "mean": 3.59962463379,
        "min": -1.42887794971,
        "stdev": 1.74450838566
    },
    "spectral_rms": {
        "max": 0.0123067991808,
        "mean": 0.00656214077026,
        "min": 0.00105264491867,
        "stdev": 0.00127176381648
    },
    "spectral_rolloff": {
        "max": 11455.6640625,
        "mean": 1130.24182129,
        "min": 86.1328125,
        "stdev": 1510.76293945
    },
    "spectral_skewness": {
        "max": 2.89682030678,
        "mean": 1.45229244232,
        "min": -0.291053473949,
        "stdev": 0.366029322147
    },
    "spectral_spread": {
        "max": 17783590,
        "mean": 4773183,
        "min": 2802235.5,
        "stdev": 1541288
    },
    "spectral_strongpeak": {
        "max": 7.60204458237,
        "mean": 0.863827109337,
        "min": 0.0638803243637,
        "stdev": 1.16640043259
    },
    "zerocrossingrate": {
        "max": 0.38916015625,
        "mean": 0.049954354763,
        "min": 0.00390625,
        "stdev": 0.0371815524995
    },
    "barkbands": {
        "max": [0.00295651331544, 0.0738925486803, 0.050617814064, 0.0566504523158, 0.0893332064152, 0.0220007896423, 0.0716877877712, 0.0417006611824, 0.0557969771326, 0.0163291394711, 0.030389951542, 0.0100695434958, 0.01465894375, 0.0147664351389, 0.00839457754046, 0.00527832424268, 0.00649659940973, 0.00363118364476, 0.00747977709398, 0.00420535868034, 0.00367388664745, 0.00655387016013, 0.0113545851782, 0.0267402045429, 0.0368453040719, 0.00383055652492, 4.70021295769e-05],
        "mean": [0.000375761621399, 0.0172775350511, 0.00573087250814, 0.0019876959268, 0.004134953022, 0.00169104989618, 0.00183551909868, 0.00197885720991, 0.00251047383063, 0.000918361009099, 0.00148824276403, 0.00077378883725, 0.000730966683477, 0.000554892176297, 0.000588043534663, 0.000533066049684, 0.000409304659115, 0.000314247474307, 0.000353099574568, 0.000285398040432, 0.000163207761943, 0.000277658720734, 0.000251547986409, 0.000322498963214, 0.000274540798273, 3.28606547555e-05, 1.59290630108e-06],
        "min": [2.50994887097e-08, 6.62345610181e-06, 4.85519058202e-06, 2.0973100618e-05, 4.4256408728e-05, 2.18455024878e-05, 1.15614166134e-05, 1.92422321561e-05, 1.31846054501e-05, 8.22176662041e-06, 8.98122561921e-06, 1.59016090038e-05, 9.25295353227e-06, 7.53176345825e-06, 1.34610982059e-05, 7.58847363613e-06, 3.96257746615e-06, 9.68624863162e-06, 4.18205672759e-06, 5.3305561778e-06, 3.6050826111e-06, 4.32392926086e-06, 1.59535875355e-06, 1.36236462822e-06, 4.40705917981e-07, 1.72488654471e-07, 4.26935015119e-10],
        "stdev": [0.000338644458679, 0.0101212002337, 0.00637363782153, 0.00404875539243, 0.00677117658779, 0.00176217337139, 0.00451451120898, 0.0040295268409, 0.00630833255127, 0.00189924088772, 0.0036514592357, 0.000979142496362, 0.0012293625623, 0.000819172593765, 0.000744669465348, 0.000600577914156, 0.000520006928127, 0.000341464561643, 0.000545427959878, 0.000336517347023, 0.00028078185278, 0.000516718893778, 0.000767301069573, 0.00169086549431, 0.00178870174568, 0.000152925247676, 3.72948966287e-06]
    },
    "erbbands": {
        "max": [2.16961503029, 19.6879405975, 53.0980796814, 108.055305481, 206.054534912, 360.945800781, 291.752075195, 216.63822937, 774.724182129, 1502.98730469, 902.891235352, 1638.63061523, 636.272644043, 1081.05651855, 822.831054688, 423.866546631, 623.926818848, 310.067810059, 544.379089355, 258.072875977, 299.124969482, 411.466125488, 175.838302612, 290.752807617, 367.139129639, 255.977615356, 96.0758132935, 190.23828125, 183.149017334, 405.678710938, 290.182861328, 429.680908203, 495.788330078, 593.819030762, 196.055404663, 31.5124759674, 5.16774892807, 0.277629822493, 0.008833989501, 0.000842921901494],
        "mean": [0.440223693848, 3.9818251133, 8.26890563965, 5.17729091644, 8.90009689331, 15.638420105, 16.1154384613, 15.4971199036, 16.2307186127, 46.3909759521, 33.6968269348, 67.5300979614, 38.8254623413, 53.3082733154, 39.5990219116, 28.6718616486, 33.7013282776, 28.8076877594, 30.7012329102, 29.1784152985, 28.8612098694, 22.9943618774, 16.8822460175, 18.4051780701, 18.915807724, 12.3572072983, 6.61848688126, 7.3296289444, 9.14961528778, 10.1718854904, 6.62633180618, 6.25873327255, 5.66254234314, 3.92638492584, 1.45372140408, 0.270261347294, 0.0370775610209, 0.00502293091267, 0.000293546559988, 6.52433300274e-05],
        "min": [0.000452900188975, 0.00291125290096, 0.0306261274964, 0.105761833489, 0.122671499848, 0.0947389379144, 0.199692443013, 0.415902853012, 0.292248994112, 0.19644138217, 0.978277981281, 0.494718998671, 0.738016963005, 0.326045036316, 0.967490196228, 1.33030378819, 0.708510518074, 0.640443325043, 0.587000489235, 0.552710652351, 0.533103466034, 0.296278953552, 0.348644077778, 0.394983738661, 0.306092083454, 0.217432424426, 0.207522511482, 0.166336804628, 0.171698823571, 0.0659933313727, 0.0441907458007, 0.0346950218081, 0.0153259690851, 0.00543531263247, 0.00236815819517, 0.000891518662684, 0.000309727009153, 4.25381549576e-05, 8.80065363162e-06, 1.32798113555e-05],
        "stdev": [0.274070054293, 2.71808815002, 8.33608436584, 6.96597480774, 16.0865592957, 29.262758255, 22.3497314453, 17.246919632, 34.007019043, 94.22290802, 66.5315246582, 176.550216675, 72.3957977295, 136.680969238, 66.9610443115, 32.6526908875, 51.8900680542, 33.9398269653, 36.6573410034, 28.2463092804, 31.8864517212, 28.4169502258, 17.4086952209, 21.9956550598, 27.0073833466, 14.743516922, 8.53882598877, 14.5737009048, 16.9825954437, 24.1801967621, 20.8022480011, 28.4617042542, 33.0547294617, 26.1929512024, 10.1398019791, 1.45189428329, 0.155621066689, 0.011664356105, 0.000650965317618, 5.30254110345e-05]
    },
    "gfcc": {
        "mean": [41.598400116, 99.2660980225, -110.117103577, 41.7867660522, -53.074256897, 26.2260799408, -32.3451919556, 13.5048103333, -16.3343048096, 6.35392475128, -10.8937301636, 2.00445413589, -10.3089179993],
        "cov": [[940.89276123, -557.699768066, -91.7219009399, -5.95909547806, -58.4968681335, 81.9582595825, -63.6216430664, 82.5336532593, -50.2935943604, -0.602026224136, -85.6427764893, 49.7497673035, -5.47448158264], [-557.699768066, 700.614990234, -90.4261322021, -40.1975059509, 143.395126343, -136.485977173, 119.585357666, -41.3093566895, 45.9995994568, -57.4445610046, 76.3513641357, -57.3943405151, -17.7191162109], [-91.7219009399, -90.4261322021, 386.248474121, 37.1480484009, -82.3011779785, 88.4024505615, -61.3641891479, -36.9584732056, -17.3697547913, 39.4201431274, 0.0216454863548, 4.4188785553, 7.88642501831], [-5.95909547806, -40.1975059509, 37.1480484009, 190.386810303, 79.2225112915, -7.77984905243, -15.6745185852, 10.9040565491, 9.67475128174, 12.9244947433, -10.7988901138, -5.43722867966, 14.0008039474], [-58.4968681335, 143.395126343, -82.3011779785, 79.2225112915, 354.029571533, -57.0011978149, 31.9491786957, 41.8119163513, -19.6939487457, 14.7392873764, -5.17981910706, 1.03846883774, -16.5745773315], [81.9582595825, -136.485977173, 88.4024505615, -7.77984905243, -57.0011978149, 155.992584229, 18.9097652435, -1.03640806675, -5.69980096817, -12.7274665833, -12.1689109802, 13.7024183273, 24.4209041595], [-63.6216430664, 119.585357666, -61.3641891479, -15.6745185852, 31.9491786957, 18.9097652435, 145.840316772, 36.5857467651, 18.8504638672, -40.7318611145, 9.32517051697, -9.8608379364, -7.3643245697], [82.5336532593, -41.3093566895, -36.9584732056, 10.9040565491, 41.8119163513, -1.03640806675, 36.5857467651, 124.599403381, 40.7179374695, 11.9157943726, -1.12522423267, -6.7367181778, -2.4500977993], [-50.2935943604, 45.9995994568, -17.3697547913, 9.67475128174, -19.6939487457, -5.69980096817, 18.8504638672, 40.7179374695, 96.9791107178, 13.5575170517, 6.19139575958, -14.3181819916, 0.574797749519], [-0.602026224136, -57.4445610046, 39.4201431274, 12.9244947433, 14.7392873764, -12.7274665833, -40.7318611145, 11.9157943726, 13.5575170517, 108.437217712, 20.0007171631, 1.36764216423, -13.7480802536], [-85.6427764893, 76.3513641357, 0.0216454863548, -10.7988901138, -5.17981910706, -12.1689109802, 9.32517051697, -1.12522423267, 6.19139575958, 20.0007171631, 62.6115531921, 4.4206199646, -2.91523146629], [49.7497673035, -57.3943405151, 4.4188785553, -5.43722867966, 1.03846883774, 13.7024183273, -9.8608379364, -6.7367181778, -14.3181819916, 1.36764216423, 4.4206199646, 69.9550094604, 26.8554401398], [-5.47448158264, -17.7191162109, 7.88642501831, 14.0008039474, -16.5745773315, 24.4209041595, -7.3643245697, -2.4500977993, 0.574797749519, -13.7480802536, -2.91523146629, 26.8554401398, 64.565788269]],
        "icov": [[0.00264642364345, 0.00192984065507, 0.000999691197649, 0.000257401436102, -2.57700539805e-05, -0.00028790748911, 0.000478356232634, -0.00130682054441, 0.000754891138058, 0.000831855344586, 0.000924138643313, -0.000722844793927, 0.00119612447452], [0.00192984065507, 0.00648417836055, -0.000564749469049, 0.00232271850109, -0.00285455631092, 0.00427692197263, -0.00332867051475, 0.00324757979251, -0.00310766533948, 0.00365407112986, -0.00492391735315, 0.00358580285683, -0.00200652866624], [0.000999691197649, -0.000564749469049, 0.00441551627591, -0.00148063187953, 0.00136619468685, -0.00352000212297, 0.00226234598085, -0.000988317304291, 0.00174139230512, -0.00159672589507, 0.00136705196928, -0.00104841031134, 0.00175644364208], [0.000257401436102, 0.00232271850109, -0.00148063187953, 0.00756407203153, -0.00306008802727, 0.0023017693311, -0.00088337098714, 0.0016257299576, -0.00261208321899, 0.0011290803086, -0.00128989177756, 0.00289716338739, -0.00349495536648], [-2.57700539805e-05, -0.00285455631092, 0.00136619468685, -0.00306008802727, 0.00560315186158, -0.00139170722105, 0.000822769012302, -0.00349849020131, 0.00394041836262, -0.00270877825096, 0.00372541742399, -0.0029909813311, 0.0024373785127], [-0.00028790748911, 0.00427692197263, -0.00352000212297, 0.0023017693311, -0.00139170722105, 0.0131696825847, -0.00599094061181, 0.00328985136002, -0.00248775538057, 0.00248460727744, -0.00281742657535, 0.00277873827145, -0.00554859964177], [0.000478356232634, -0.00332867051475, 0.00226234598085, -0.00088337098714, 0.000822769012302, -0.00599094061181, 0.0132167898118, -0.00551664736122, 0.00109770765994, 0.00256990664639, 0.000835862010717, -0.00234503112733, 0.00436818460003], [-0.00130682054441, 0.00324757979251, -0.000988317304291, 0.0016257299576, -0.00349849020131, 0.00328985136002, -0.00551664736122, 0.014877513051, -0.00744972238317, 0.00019307997718, -0.00377757800743, 0.00382746965624, -0.00331357610412], [0.000754891138058, -0.00310766533948, 0.00174139230512, -0.00261208321899, 0.00394041836262, -0.00248775538057, 0.00109770765994, -0.00744972238317, 0.0165839325637, -0.00421783002093, 0.00369686540216, -0.00056515133474, 0.000716105685569], [0.000831855344586, 0.00365407112986, -0.00159672589507, 0.0011290803086, -0.00270877825096, 0.00248460727744, 0.00256990664639, 0.00019307997718, -0.00421783002093, 0.0154371103272, -0.00772216543555, 0.000986852450296, 0.00225431402214], [0.000924138643313, -0.00492391735315, 0.00136705196928, -0.00128989177756, 0.00372541742399, -0.00281742657535, 0.000835862010717, -0.00377757800743, 0.00369686540216, -0.00772216543555, 0.0252808053046, -0.0064614363946, 0.00296559138224], [-0.000722844793927, 0.00358580285683, -0.00104841031134, 0.00289716338739, -0.0029909813311, 0.00277873827145, -0.00234503112733, 0.00382746965624, -0.00056515133474, 0.000986852450296, -0.0064614363946, 0.0219750721008, -0.0107353208587], [0.00119612447452, -0.00200652866624, 0.00175644364208, -0.00349495536648, 0.0024373785127, -0.00554859964177, 0.00436818460003, -0.00331357610412, 0.000716105685569, 0.00225431402214, 0.00296559138224, -0.0107353208587, 0.0237517878413]]
    },
    "melbands": {
        "max": [0.0198495090008, 0.0235623270273, 0.0199939198792, 0.0203914735466, 0.0108134234324, 0.00451399153098, 0.0124355768785, 0.0136925270781, 0.00622188672423, 0.0110147399828, 0.00335230352357, 0.0039941133, 0.00237245578319, 0.0014373176964, 0.00100414420012, 0.00202070455998, 0.000764216238167, 0.00126104557421, 0.000868281756993, 0.000337366305757, 0.000349934678525, 0.000492147461046, 0.000311275129206, 0.000153284068801, 0.000264933827566, 0.00043313408969, 0.000261453416897, 0.000227342112339, 5.3728432249e-05, 0.000110187931568, 0.000119873548101, 0.000112841211376, 0.000178280271939, 0.000290631229291, 0.000135563896038, 0.000268930161837, 0.000290973141091, 0.000370800786186, 0.000306868023472, 0.000631243514363],
        "mean": [0.00435264594853, 0.00454734824598, 0.00107096985448, 0.000858509389218, 0.000637130171526, 0.000322544045048, 0.000294563331408, 0.000530610152055, 0.000236159961787, 0.000446512247436, 0.000177120906301, 0.000201715229196, 0.000146123027662, 9.53946364461e-05, 6.25813408988e-05, 8.38934502099e-05, 4.92187718919e-05, 4.79296322737e-05, 5.03060909978e-05, 3.67575667042e-05, 3.16264595313e-05, 2.54138249147e-05, 1.716224142e-05, 1.32747809403e-05, 1.49449497258e-05, 1.38964696816e-05, 1.3268299881e-05, 6.91974037181e-06, 4.1925768528e-06, 3.54769304067e-06, 4.48310902357e-06, 5.02829834659e-06, 5.75915555601e-06, 5.55667566005e-06, 3.87328782381e-06, 3.41709960594e-06, 3.9579354052e-06, 4.28244629802e-06, 3.05748358187e-06, 3.50261188942e-06],
        "min": [2.45286082645e-06, 1.51446238306e-05, 1.86117777048e-05, 9.0607745733e-06, 7.73272677179e-06, 3.94378685087e-06, 3.8879575186e-06, 1.85761768989e-06, 4.93645620736e-06, 1.99583587346e-06, 2.32877982853e-06, 8.49232662858e-07, 1.58685702445e-06, 3.05673347611e-06, 1.90064497474e-06, 5.95320159391e-07, 1.08277504296e-06, 3.41944655702e-07, 9.65492517935e-07, 5.22488392107e-07, 5.85520922414e-07, 2.74583072724e-07, 2.84836119135e-07, 3.24205814195e-07, 2.58416775978e-07, 1.80875460387e-07, 2.21660840793e-07, 9.94646072172e-08, 9.67518616335e-08, 6.72768649679e-08, 6.87703476387e-08, 7.62509415608e-08, 4.24365715901e-08, 3.30990168607e-08, 2.46907756463e-08, 2.12477822004e-08, 2.04131076487e-08, 1.0469182854e-08, 4.17180689993e-09, 4.37709113399e-09],
        "stdev": [0.00244077597745, 0.00368313211948, 0.00148160406388, 0.00155560614076, 0.000890288793016, 0.00035196726094, 0.000657063093968, 0.000998863368295, 0.000483959360281, 0.00118878635112, 0.000355505704647, 0.00051128398627, 0.000285795103991, 0.000128203988425, 8.56356782606e-05, 0.00016420535394, 6.34115713183e-05, 6.96931165294e-05, 6.9625028118e-05, 4.15811482526e-05, 3.8074926124e-05, 3.51815942849e-05, 1.89122220036e-05, 1.39598396345e-05, 1.87764817383e-05, 2.54802635027e-05, 1.75853638211e-05, 9.29561974772e-06, 5.11080179422e-06, 6.62078491587e-06, 9.55859741225e-06, 9.91783508653e-06, 1.08653366624e-05, 1.50940450112e-05, 1.1947897292e-05, 1.35278305606e-05, 1.93430660147e-05, 2.55824743363e-05, 1.86716079043e-05, 2.51929668593e-05]
    },
    "melbands128": {
        "max": [0.00227001402527, 0.0186131633818, 0.0306154191494, 0.0417926795781, 0.0298235397786, 0.0227923672646, 0.0259832274169, 0.0345229916275, 0.0247373618186, 0.0265808943659, 0.0226314272732, 0.0152399130166, 0.0119536798447, 0.0077223922126, 0.00680391071364, 0.00739679951221, 0.00817484501749, 0.0201918333769, 0.026594877243, 0.0280467625707, 0.0160476583987, 0.0170151107013, 0.0093300184235, 0.00840449426323, 0.0166624635458, 0.0179835259914, 0.00878203846514, 0.00618190551177, 0.00458431383595, 0.0036206995137, 0.00878573488444, 0.00832345243543, 0.00434022257105, 0.00634093629196, 0.00273030484095, 0.00149501080159, 0.00182798225433, 0.00212279055268, 0.00066720234463, 0.00188240385614, 0.00352943711914, 0.00161312380806, 0.000549630844034, 0.000768782454543, 0.00384280038998, 0.000959687691648, 0.00182241038419, 0.00215655262582, 0.000447175116278, 0.000889818824362, 0.000542668858543, 0.000444691715529, 0.000645137275569, 0.000531388795935, 0.000776886066888, 0.00087590579642, 0.000620459322818, 0.000507979711983, 0.000342180341249, 0.00017345607921, 0.000184624135727, 0.000208401543205, 0.000742776086554, 0.0005203136825, 0.000530224526301, 0.000881513522472, 0.000521712354384, 0.000468997488497, 0.000245665753027, 0.000289408897515, 0.000497418397572, 0.000103425045381, 0.000103279147879, 5.6777123973e-05, 9.17969518923e-05, 8.7843334768e-05, 0.000190854363609, 0.000166028170497, 0.000190371065401, 0.000158393828315, 0.000142261807923, 0.000114129034046, 8.79458530108e-05, 0.000179938448127, 0.000327830639435, 0.000314299366437, 0.00047239541891, 0.0002759018098, 0.000187739351531, 0.000173556807567, 0.000301356194541, 0.000282117514871, 0.000409136380767, 0.000336946744937, 0.000525614188518, 0.000470866652904, 0.000483760086354, 0.000535755534656, 0.000246022740612, 0.000498784414958, 0.000592275173403, 0.00091351417359, 0.000385497114621, 0.000508574885316, 0.000273671001196, 0.000180230315891, 0.000116626979434, 6.12130970694e-05, 5.49198157387e-05, 3.0046036045e-05, 2.49201802944e-05, 1.92703755602e-05, 1.83524698514e-05, 5.29452881892e-06, 4.30430736742e-06, 1.40153110806e-06, 1.27323676224e-06, 5.86858050156e-07, 8.01258750016e-07, 4.1379138338e-07, 2.34545026956e-07, 1.27125062477e-07, 7.54873852316e-08, 1.76013816855e-08, 1.73391700997e-08, 1.71140737137e-08, 1.69387881499e-08, 1.68338836204e-08],
        "mean": [0.000358108722139, 0.00316222780384, 0.00585335819051, 0.00698452815413, 0.00540680857375, 0.00213076523505, 0.000845564878546, 0.00112821091898, 0.000826378236525, 0.000779423222411, 0.000929768080823, 0.00085804000264, 0.000534032238647, 0.00037748075556, 0.000450743274996, 0.000207572928048, 0.00011530318443, 0.000275591679383, 0.000587584509049, 0.000504588708282, 0.000587439339142, 0.000372791459085, 0.000140413729241, 0.000142185977893, 0.000453601503978, 0.000695281371009, 0.000132627566927, 0.000175485911313, 0.00013209527242, 8.09256089269e-05, 0.000336371682351, 0.000245745235588, 5.60939333809e-05, 0.000154911613208, 0.000115219976578, 7.48660386307e-05, 5.73493089178e-05, 8.18813205115e-05, 4.24190620834e-05, 7.6091651863e-05, 0.000116544564662, 4.95711319672e-05, 4.36554983025e-05, 4.35629044659e-05, 6.88303043717e-05, 3.70941452275e-05, 3.73414259229e-05, 8.10327328509e-05, 3.47961940861e-05, 2.36287869484e-05, 4.57168753201e-05, 3.96016257582e-05, 3.4405682527e-05, 2.82362925645e-05, 2.43595150096e-05, 3.15575343848e-05, 1.76373177965e-05, 1.78892478289e-05, 1.73289481609e-05, 1.62897304108e-05, 9.70875589701e-06, 1.20753747979e-05, 2.07148113986e-05, 1.17895033327e-05, 1.42100079756e-05, 1.4718237253e-05, 1.25731585285e-05, 1.5046968656e-05, 1.4403325622e-05, 9.51507445279e-06, 6.73930708217e-06, 5.9532017076e-06, 4.53227903563e-06, 3.97699614041e-06, 3.49730544258e-06, 3.46496904058e-06, 3.41924328495e-06, 4.18660147261e-06, 4.71857310913e-06, 4.64698450742e-06, 5.16893442182e-06, 4.99663201481e-06, 5.03243609273e-06, 5.66007020097e-06, 6.92060712026e-06, 5.52236497242e-06, 5.54601456315e-06, 4.57139140053e-06, 3.84195845982e-06, 3.28817600348e-06, 3.10426980832e-06, 3.51577932634e-06, 3.77302012566e-06, 3.91334015148e-06, 4.06716117141e-06, 4.33345348938e-06, 4.69343285658e-06, 3.88776970794e-06, 2.35097468249e-06, 3.12506927003e-06, 3.47844979842e-06, 3.9784740693e-06, 2.90745083475e-06, 2.38602706304e-06, 1.57315969318e-06, 8.80451807461e-07, 7.51198115267e-07, 6.14445809788e-07, 3.81245058634e-07, 2.66986148745e-07, 1.90725785387e-07, 1.04341928875e-07, 8.31032380688e-08, 7.88038505561e-08, 6.13105015645e-08, 4.03899846901e-08, 3.34796936841e-08, 1.6632007771e-08, 1.01689092702e-08, 5.91619953028e-09, 2.58285282051e-09, 1.21181920054e-09, 5.5193666304e-10, 3.1867865985e-11, 2.36955038924e-11, 2.32647217463e-11, 2.29842447158e-11, 2.28421292298e-11],
        "min": [1.85612645254e-08, 4.25018072292e-07, 1.88942908608e-06, 1.18177933928e-06, 3.13781947625e-06, 1.58195121003e-06, 9.20328329812e-06, 9.25126187212e-06, 6.07533138464e-06, 1.94332938008e-06, 1.78542245521e-06, 1.29312525132e-06, 5.12634869665e-07, 2.92501590593e-06, 2.08891515285e-06, 6.66361302137e-07, 5.557564009e-07, 8.30981548461e-07, 8.21946798624e-07, 4.11483483731e-07, 3.69555436919e-07, 4.49194146768e-07, 3.71442610003e-07, 5.69876647205e-07, 1.20820436678e-06, 1.4129697945e-07, 4.57224814454e-07, 4.11317472526e-07, 5.2076211432e-07, 7.58201281315e-07, 2.11387572335e-07, 1.51138337401e-07, 2.63784869503e-07, 6.86610633238e-07, 1.02959484138e-06, 2.63970747483e-07, 6.63529590383e-07, 3.40583312664e-07, 3.14510486987e-07, 3.42605233072e-07, 5.30020656697e-07, 2.10118827226e-07, 2.49472975611e-07, 2.41205668772e-07, 1.55678790748e-07, 1.97285871195e-07, 2.76587570625e-07, 4.79919265217e-07, 2.02847445507e-07, 1.38524100635e-07, 1.90494247931e-07, 1.76206171432e-07, 2.4152768674e-07, 1.64698747085e-07, 1.28170881908e-07, 1.14715547284e-07, 2.12542559552e-07, 9.98061295832e-08, 1.31584727114e-07, 1.59573843916e-07, 1.81301246016e-07, 1.86410744618e-07, 1.33869690444e-07, 6.26680218829e-08, 7.82128921628e-08, 1.19235522789e-07, 1.29105529822e-07, 1.8481929942e-07, 1.7810155839e-07, 7.19431199059e-08, 6.1383033767e-08, 2.71075908387e-08, 2.70248197154e-08, 3.76073714392e-08, 4.26556354682e-08, 3.10598977649e-08, 3.94856414232e-08, 4.01475617196e-08, 3.08792174053e-08, 6.04594134757e-08, 4.48039330081e-08, 5.40878843935e-08, 3.79751909918e-08, 3.77969939791e-08, 3.55112312889e-08, 3.32408518489e-08, 2.28111236567e-08, 2.19321858452e-08, 1.96721838819e-08, 1.96658564988e-08, 1.46546241808e-08, 1.62561928363e-08, 1.53144661397e-08, 1.12842730715e-08, 1.15553353552e-08, 8.53820480984e-09, 5.82489390055e-09, 5.49334666644e-09, 2.22966889396e-09, 3.49843887193e-09, 3.92556342987e-09, 3.05187586314e-09, 2.67150634947e-09, 1.76673842223e-09, 1.21828824806e-09, 2.04117522884e-09, 1.43033462852e-09, 1.55440427196e-09, 9.45437506061e-10, 4.16779721846e-10, 8.77946659816e-10, 2.97764396473e-10, 1.61055807579e-10, 5.86434165117e-11, 3.20984905322e-10, 7.94274992999e-11, 3.96218691537e-12, 3.33756649705e-13, 2.07724869207e-13, 1.9516782938e-13, 1.581375547e-13, 1.28827829481e-13, 1.6686742862e-13, 1.49816438552e-13, 1.03739567392e-13, 4.23147675482e-14, 6.16483623319e-15, 1.44415279389e-16],
        "stdev": [0.000323145941366, 0.00235707173124, 0.00433891452849, 0.0056978543289, 0.00549264485016, 0.00233827135526, 0.0013278669212, 0.00249386904761, 0.00165253796149, 0.00211341772228, 0.00188153865747, 0.00156294333283, 0.000914565578569, 0.000503174611367, 0.000584408757277, 0.000335840071784, 0.00029037517379, 0.00083440594608, 0.00160806858912, 0.00139629852492, 0.0013194908388, 0.00103989813942, 0.000484232645249, 0.000536920269951, 0.00141909776721, 0.002030282747, 0.000444196659373, 0.00056752061937, 0.000351956958184, 0.000209589677979, 0.00106103555299, 0.00081837392645, 0.000149265717482, 0.000422892422648, 0.000224378920393, 0.00011867104331, 0.000105529303255, 0.000171495470568, 5.16696200066e-05, 0.000156908732606, 0.000282719440293, 0.000122204903164, 6.71187444823e-05, 6.91134628141e-05, 0.000191753759282, 6.24826425337e-05, 7.58538662922e-05, 0.000159757211804, 4.16649600083e-05, 4.14334026573e-05, 6.47718698019e-05, 5.34998180228e-05, 5.20741377841e-05, 4.41057309217e-05, 4.75978813483e-05, 5.3682611906e-05, 2.67867035291e-05, 2.72853158094e-05, 2.7173806302e-05, 2.24304731091e-05, 1.45302237797e-05, 1.7088257664e-05, 3.36882294505e-05, 2.41597790591e-05, 2.82812379737e-05, 4.07460902352e-05, 2.59599855781e-05, 2.43929935095e-05, 2.40967710852e-05, 1.71164847416e-05, 1.47026476043e-05, 7.89456862549e-06, 6.10649840382e-06, 5.62607010579e-06, 6.0283800849e-06, 6.7126952672e-06, 8.27227449918e-06, 9.95172285911e-06, 1.07210789793e-05, 1.17331846923e-05, 1.11962872325e-05, 1.0411191397e-05, 9.1878882813e-06, 1.14023359856e-05, 1.48450872075e-05, 1.60572126333e-05, 1.83069696504e-05, 1.48801545947e-05, 1.28031442728e-05, 1.12297047963e-05, 1.26999057102e-05, 1.53322362166e-05, 1.87748282769e-05, 1.82745498023e-05, 2.3797085305e-05, 2.76359605778e-05, 3.14687385981e-05, 2.79585365206e-05, 1.32679506351e-05, 1.96094479179e-05, 2.60692795564e-05, 3.2437084883e-05, 2.01740058401e-05, 1.93718969967e-05, 1.2542532204e-05, 6.53852339383e-06, 4.4626235649e-06, 3.29354247697e-06, 2.03595277526e-06, 1.34665390306e-06, 9.36434787491e-07, 4.87597617393e-07, 4.38345722387e-07, 2.22982720288e-07, 1.55747443387e-07, 8.34544096051e-08, 8.48790193686e-08, 4.74769912273e-08, 3.7391099994e-08, 2.38055246626e-08, 1.19185052938e-08, 6.84510403914e-09, 3.89658971756e-09, 5.07151654006e-10, 4.86168716396e-10, 4.79893125238e-10, 4.75305850234e-10, 4.72506700433e-10]
    },
    "mfcc": {
        "mean": [-600.596557617, 123.143234253, 7.09161186218, 23.5447635651, 9.33587646484, 14.1309318542, 2.40097737312, 9.6364107132, 0.314900189638, 7.77691793442, 4.86981248856, -0.218945354223, 6.1071138382],
        "cov": [[1022.34033203, -538.229370117, -130.01322937, -91.7422485352, -1.78217184544, -41.6128425598, -19.5043678284, 45.6899375916, 38.6710014343, 4.16385316849, -29.4633140564, -37.4047889709, -33.8160858154], [-538.229370117, 674.559753418, -184.467529297, 95.5502243042, -11.5371952057, -25.5474414825, 45.8156585693, 21.4437274933, -60.0412216187, 39.4133377075, 16.1345157623, -3.37198853493, 24.7955856323], [-130.01322937, -184.467529297, 539.192687988, -141.108139038, -62.7401580811, 54.4010658264, -49.200592041, -45.6074485779, -5.26835870743, -56.0283203125, 22.8661594391, -9.14845848083, -24.3716697693], [-91.7422485352, 95.5502243042, -141.108139038, 246.363632202, 99.3552474976, -9.18773841858, 20.36992836, -15.4875230789, 20.3121452332, 15.9662923813, -14.4091176987, 42.1461601257, 26.9341964722], [-1.78217184544, -11.5371952057, -62.7401580811, 99.3552474976, 196.584350586, 13.4759578705, 22.8804759979, -24.962223053, 33.0300559998, -7.92493200302, -11.1042432785, 29.0717525482, 10.4266214371], [-41.6128425598, -25.5474414825, 54.4010658264, -9.18773841858, 13.4759578705, 115.19329834, 22.5514678955, 3.10671854019, -0.0558275058866, -22.9851665497, -16.2665138245, -10.0211172104, -7.98059892654], [-19.5043678284, 45.8156585693, -49.200592041, 20.36992836, 22.8804759979, 22.5514678955, 112.070892334, 33.3402748108, 2.61920166016, 11.8113174438, -13.5139360428, 3.435141325, 10.1981897354], [45.6899375916, 21.4437274933, -45.6074485779, -15.4875230789, -24.962223053, 3.10671854019, 33.3402748108, 132.324951172, 24.7421531677, 27.9948692322, -15.9197301865, -29.6759662628, -1.46879220009], [38.6710014343, -60.0412216187, -5.26835870743, 20.3121452332, 33.0300559998, -0.0558275058866, 2.61920166016, 24.7421531677, 88.8492431641, 18.3449001312, 1.48690378666, 16.7436714172, -1.26829314232], [4.16385316849, 39.4133377075, -56.0283203125, 15.9662923813, -7.92493200302, -22.9851665497, 11.8113174438, 27.9948692322, 18.3449001312, 100.663574219, 24.4177856445, -3.88802552223, -5.36893749237], [-29.4633140564, 16.1345157623, 22.8661594391, -14.4091176987, -11.1042432785, -16.2665138245, -13.5139360428, -15.9197301865, 1.48690378666, 24.4177856445, 80.8487548828, 21.5813159943, 1.37905788422], [-37.4047889709, -3.37198853493, -9.14845848083, 42.1461601257, 29.0717525482, -10.0211172104, 3.435141325, -29.6759662628, 16.7436714172, -3.88802552223, 21.5813159943, 94.5289001465, 27.2119083405], [-33.8160858154, 24.7955856323, -24.3716697693, 26.9341964722, 10.4266214371, -7.98059892654, 10.1981897354, -1.46879220009, -1.26829314232, -5.36893749237, 1.37905788422, 27.2119083405, 61.6686630249]],
        "icov": [[0.00269434950314, 0.00258370582014, 0.00159369665198, 0.000704578065779, -4.45187724836e-05, 0.000994991045445, -9.41470643738e-05, -0.000703657336999, 0.00060986058088, 3.2898675272e-05, -1.4598245798e-05, 0.000612110947259, 0.000641437771264], [0.00258370582014, 0.00442486442626, 0.00194820691831, -9.91408887785e-05, 0.000280463253148, 0.00103222404141, -0.00061485520564, -0.000995044829324, 0.00211092922837, -0.000288788287435, -0.000746304402128, 0.000851782213431, 0.000274122925475], [0.00159369665198, 0.00194820691831, 0.00364853674546, 0.00144081027247, 0.000503909715917, -0.000613402866293, 0.000464602053398, 0.000323335611029, -2.96059497487e-05, 0.000999226584099, -0.000900835031644, 0.000348305911757, 0.000622332387138], [0.000704578065779, -9.91408887785e-05, 0.00144081027247, 0.00683664204553, -0.00248828809708, 0.000120240525575, 0.000320203806041, 0.000686055282131, -0.000619770900812, -0.00110627431422, 0.00177721225191, -0.0017095921794, -0.000985089573078], [-4.45187724836e-05, 0.000280463253148, 0.000503909715917, -0.00248828809708, 0.00749291665852, -0.000812724058051, -0.00142762425821, 0.00189539103303, -0.00265747448429, 0.0010739491554, 0.000103238453448, -0.000147719372762, 0.000159653456649], [0.000994991045445, 0.00103222404141, -0.000613402866293, 0.000120240525575, -0.000812724058051, 0.0109244110063, -0.00267856451683, -0.000502500217408, 0.000133701934828, 0.00193378562108, 0.000995483831502, 0.00106264045462, 0.00149771792348], [-9.41470643738e-05, -0.00061485520564, 0.000464602053398, 0.000320203806041, -0.00142762425821, -0.00267856451683, 0.0114573100582, -0.00282744690776, 0.00112073274795, -0.00152896158397, 0.00151182629634, -0.00154048728291, -0.00129206746351], [-0.000703657336999, -0.000995044829324, 0.000323335611029, 0.000686055282131, 0.00189539103303, -0.000502500217408, -0.00282744690776, 0.0113976085559, -0.00457855639979, -0.00184974877629, 0.0017076570075, 0.00324093620293, -0.00152756203897], [0.00060986058088, 0.00211092922837, -2.96059497487e-05, -0.000619770900812, -0.00265747448429, 0.000133701934828, 0.00112073274795, -0.00457855639979, 0.0160413552076, -0.00280732265674, 0.000101777783129, -0.00347850797698, 0.00153503008187], [3.2898675272e-05, -0.000288788287435, 0.000999226584099, -0.00110627431422, 0.0010739491554, 0.00193378562108, -0.00152896158397, -0.00184974877629, -0.00280732265674, 0.0139112072065, -0.00511570926756, 0.00165340816602, 0.00182789459359], [-1.4598245798e-05, -0.000746304402128, -0.000900835031644, 0.00177721225191, 0.000103238453448, 0.000995483831502, 0.00151182629634, 0.0017076570075, 0.000101777783129, -0.00511570926756, 0.0166113618761, -0.00443689804524, 0.000204946671147], [0.000612110947259, 0.000851782213431, 0.000348305911757, -0.0017095921794, -0.000147719372762, 0.00106264045462, -0.00154048728291, 0.00324093620293, -0.00347850797698, 0.00165340816602, -0.00443689804524, 0.01618783921, -0.00559948477894], [0.000641437771264, 0.000274122925475, 0.000622332387138, -0.000985089573078, 0.000159653456649, 0.00149771792348, -0.00129206746351, -0.00152756203897, 0.00153503008187, 0.00182789459359, 0.000204946671147, -0.00559948477894, 0.0201344657689]]
    },
    "spectral_contrast_coeffs": {
        "max": [-0.480831384659, -0.453063607216, -0.495536357164, -0.644017279148, -0.596306979656, -0.629574477673],
        "mean": [-0.73690366745, -0.72168815136, -0.749384582043, -0.796286761761, -0.789882361889, -0.761777698994],
        "min": [-0.912739753723, -0.907548427582, -0.889742910862, -0.900215387344, -0.87210059166, -0.880203783512],
        "stdev": [0.064385317266, 0.0709263384342, 0.065427094698, 0.0373134799302, 0.0349556058645, 0.0310544036329]
    },
    "spectral_contrast_valleys": {
        "max": [-4.92639732361, -4.77915000916, -5.64551877975, -5.82407236099, -5.75736093521, -6.80482625961],
        "mean": [-6.003033638, -6.51898765564, -7.03908252716, -7.06905174255, -7.25719690323, -9.76641082764],
        "min": [-8.05052089691, -7.71452379227, -8.18625259399, -8.59117221832, -8.72949314117, -11.6738300323],
        "stdev": [0.381258606911, 0.390209078789, 0.369851201773, 0.474112153053, 0.495172321796, 0.686334252357]
    }
},
"rhythm": {
    "beats_count": 113,
    "beats_loudness": {
        "max": 0.125065609813,
        "mean": 0.0474477224052,
        "min": 0.0179485436529,
        "stdev": 0.0171764045954
    },
    "bpm": 144.63671875,
    "bpm_histogram_first_peak_bpm": 144,
    "bpm_histogram_first_peak_weight": 0.369565188885,
    "bpm_histogram_second_peak_bpm": 136,
    "bpm_histogram_second_peak_spread": 0.272727251053,
    "bpm_histogram_second_peak_weight": 0.0714285746217,
    "danceability": 1.12506020069,
    "onset_rate": 2.9326171875,
    "beats_loudness_band_ratio": {
        "max": [0.897941052914, 0.571736574173, 0.679310083389, 0.666264593601, 0.233410060406, 0.802825570107],
        "mean": [0.515394032001, 0.13929630816, 0.141158506274, 0.0980622768402, 0.0610229894519, 0.0631459131837],
        "min": [0.048292350024, 0.0117501066998, 0.0104623185471, 0.00613849889487, 0.00203363294713, 0.00230998243205],
        "stdev": [0.199247702956, 0.12084518373, 0.129273831844, 0.106060616672, 0.0475012026727, 0.11684282124]
    },
