{
"metadata": {
    "version": {
        "essentia": "2.1-beta5",
        "essentia_git_sha": "Undefined",
        "extractor": "music 2.0"
    },
    "audio_properties": {
        "analysis": {
            "equal_loudness": 0,
            "length": 48.7502937317,
            "sample_rate": 44100,
            "start_time": 12.7477550507,
            "downmix": "mix"
        },
        "bit_rate": 192000,
        "length": 192.365722656,
        "lossless": 0,
        "number_channels": 2,
        "replay_gain": 3.27190208435,
        "sample_rate": 48000,
        "codec": "mp3",
        "md5_encoded": "f359b0225966b7b8da64f725e654513c"
    },
    "tags": {
        "file_name": "Montenegro_Zauvijek Volim Te_Stefan Filipović.mp3",
        "encoding": ["Lavf58.29.100"]
    }
},
"lowlevel": {
    "average_loudness": 0.918218672276,
    "barkbands_crest": {
        "max": 21.0034275055,
        "mean": 8.73870849609,
        "min": 2.86324644089,
        "stdev": 3.30755066872
    },
    "barkbands_flatness_db": {
        "max": 0.270098865032,
        "mean": 0.14166970551,
        "min": 0.0616772808135,
        "stdev": 0.037364654243
    },
    "barkbands_kurtosis": {
        "max": 61.1747283936,
        "mean": 3.82063412666,
        "min": -1.94162809849,
        "stdev": 6.8327050209
    },
    "barkbands_skewness": {
        "max": 6.60776948929,
        "mean": 1.52215194702,
        "min": -2.7689409256,
        "stdev": 1.22110843658
    },
    "barkbands_spread": {
        "max": 102.091682434,
        "mean": 28.4887695312,
        "min": 2.61685323715,
        "stdev": 18.8427009583
    },
    "dissonance": {
        "max": 0.499959409237,
        "mean": 0.470370233059,
        "min": 0.336085885763,
        "stdev": 0.0249924380332
    },
    "dynamic_complexity": 2.67675566673,
    "erbbands_crest": {
        "max": 27.7779865265,
        "mean": 8.14247989655,
        "min": 2.26972818375,
        "stdev": 4.08898019791
    },
    "erbbands_flatness_db": {
        "max": 0.271900862455,
        "mean": 0.153999194503,
        "min": 0.081458337605,
        "stdev": 0.0347203612328
    },
    "erbbands_kurtosis": {
        "max": 24.176733017,
        "mean": 0.551081180573,
        "min": -1.77465832233,
        "stdev": 2.73814439774
    },
    "erbbands_skewness": {
        "max": 3.09582304955,
        "mean": 0.101373165846,
        "min": -4.37472343445,
        "stdev": 1.03310990334
    },
    "erbbands_spread": {
        "max": 126.219833374,
        "mean": 48.2636108398,
        "min": 7.98543024063,
        "stdev": 21.7812404633
    },
    "hfc": {
        "max": 177.8878479,
        "mean": 25.9724521637,
        "min": 0.43938049674,
        "stdev": 26.2175483704
    },
    "loudness_ebu128": {
        "integrated": -26.6851902008,
        "loudness_range": 2.51196479797,
        "momentary": {
            "max": -23.4014759064,
            "mean": -27.019361496,
            "min": -31.9815216064,
            "stdev": 1.73208522797
        },
        "short_term": {
            "max": -24.3601818085,
            "mean": -26.7255134583,
            "min": -28.2316150665,
            "stdev": 0.775673985481
        }
    },
    "melbands_crest": {
        "max": 28.6019573212,
        "mean": 13.2658891678,
        "min": 3.82366347313,
        "stdev": 4.17307186127
    },
    "melbands_flatness_db": {
        "max": 0.35028424859,
        "mean": 0.171829894185,
        "min": 0.0399592705071,
        "stdev": 0.0560070052743
    },
    "melbands_kurtosis": {
        "max": 165.698638916,
        "mean": 15.3865480423,
        "min": -1.88203585148,
        "stdev": 19.0739040375
    },
    "melbands_skewness": {
        "max": 11.0279722214,
        "mean": 2.90930747986,
        "min": -0.614868998528,
        "stdev": 1.6837143898
    },
    "melbands_spread": {
        "max": 252.13508606,
        "mean": 30.5817584991,
        "min": 1.85467803478,
        "stdev": 29.362859726
    },
    "pitch_salience": {
        "max": 0.89960283041,
        "mean": 0.596444010735,
        "min": 0.295308202505,
        "stdev": 0.0906710326672
    },
    "silence_rate_20dB": {
        "max": 1,
        "mean": 1,
        "min": 1,
        "stdev": 0
    },
    "silence_rate_30dB": {
        "max": 1,
        "mean": 1,
        "min": 1,
        "stdev": 0
    },
    "silence_rate_60dB": {
        "max": 1,
        "mean": 0.00951927620918,
        "min": 0,
        "stdev": 0.0971053391695
    },
    "spectral_centroid": {
        "max": 4866.95849609,
        "mean": 1483.83984375,
        "min": 257.496459961,
        "stdev": 792.00567627
    },
    "spectral_complexity": {
        "max": 47,
        "mean": 18.8386478424,
        "min": 1,
        "stdev": 9.27219009399
    },
    "spectral_decrease": {
        "max": -1.54322984947e-10,
        "mean": -5.6397229109e-09,
        "min": -2.2657090426e-08,
        "stdev": 3.60204466254e-09
    },
    "spectral_energy": {
        "max": 0.0906162187457,
        "mean": 0.0236413832754,
        "min": 0.00067350640893,
        "stdev": 0.0147546986118
    },
    "spectral_energyband_high": {
        "max": 0.0226379670203,
        "mean": 0.00166658940725,
        "min": 2.11557335206e-06,
        "stdev": 0.00320650846697
    },
    "spectral_energyband_low": {
        "max": 0.0423218049109,
        "mean": 0.00589015334845,
        "min": 4.14975729655e-05,
        "stdev": 0.00480687711388
    },
    "spectral_energyband_middle_high": {
        "max": 0.0407661423087,
        "mean": 0.0049904002808,
        "min": 8.66153932293e-05,
        "stdev": 0.00612700730562
    },
    "spectral_energyband_middle_low": {
        "max": 0.0798340812325,
        "mean": 0.0126576796174,
        "min": 0.000205210730201,
        "stdev": 0.0106266150251
    },
    "spectral_entropy": {
        "max": 8.72527885437,
        "mean": 7.78871536255,
        "min": 6.51701021194,
        "stdev": 0.361646741629
    },
    "spectral_flux": {
        "max": 0.217841103673,
        "mean": 0.0844556242228,
        "min": 0.00796370860189,
        "stdev": 0.0405988320708
    },
    "spectral_kurtosis": {
        "max": 17.6619739532,
        "mean": 2.53397226334,
        "min": -1.05444180965,
        "stdev": 2.02427625656
    },
    "spectral_rms": {
        "max": 0.00940245017409,
        "mean": 0.0045568542555,
        "min": 0.000810604367871,
        "stdev": 0.00151654076762
    },
    "spectral_rolloff": {
        "max": 10120.6054688,
        "mean": 1919.20898438,
        "min": 129.19921875,
        "stdev": 1999.48852539
    },
    "spectral_skewness": {
        "max": 3.4012169838,
        "mean": 1.23324596882,
        "min": -0.247066006064,
        "stdev": 0.432619720697
    },
    "spectral_spread": {
        "max": 11298294,
        "mean": 5198505,
        "min": 2059587.5,
        "stdev": 1464189.875
    },
    "spectral_strongpeak": {
        "max": 12.4304246902,
        "mean": 0.980191588402,
        "min": 0.0152552230284,
        "stdev": 1.40103936195
    },
    "zerocrossingrate": {
        "max": 0.3251953125,
        "mean": 0.0763171240687,
        "min": 0.00439453125,
        "stdev": 0.0481011793017
    },
    "barkbands": {
        "max": [0.00312781683169, 0.0257044564933, 0.0190902389586, 0.0304398350418, 0.0254279691726, 0.0271977931261, 0.0498308315873, 0.0394480861723, 0.0479615479708, 0.0291848480701, 0.0185198038816, 0.0241701360792, 0.0166756100953, 0.0102715780959, 0.015273667872, 0.0144338719547, 0.00884682219476, 0.00997692719102, 0.0112101724371, 0.0023627022747, 0.00427149049938, 0.0115526989102, 0.00810229405761, 0.00775211723521, 0.00615590531379, 1.13745099952e-05, 2.15369436773e-06],
        "mean": [0.00012107357179, 0.00187786493916, 0.00245692604221, 0.00304077891633, 0.00281383725815, 0.00141557573806, 0.00227999640629, 0.000981635530479, 0.00180370023008, 0.000915960117709, 0.000422098499257, 0.000430024665548, 0.00053065182874, 0.000420916476287, 0.000407292216551, 0.000565655122045, 0.000475385051686, 0.000432828383055, 0.000479059526697, 0.000186407050933, 0.000262241985183, 0.00041532528121, 0.000385682360502, 0.000309023365844, 0.000211136881262, 2.99188258168e-07, 2.26407537163e-09],
        "min": [4.90378937457e-08, 1.92230277207e-06, 4.01904253522e-06, 1.67202051671e-05, 3.45164989994e-05, 3.34737842422e-06, 6.35663172943e-06, 1.29254522108e-06, 6.00576095167e-06, 3.73426109945e-06, 1.11923202439e-06, 2.14573265112e-06, 2.62757384917e-06, 1.87101272786e-06, 1.52722577695e-06, 2.14124838749e-06, 2.53395865002e-06, 2.02619025913e-06, 5.78199376378e-07, 5.08629284468e-07, 6.32451531146e-07, 2.19521098188e-07, 9.87709540823e-08, 5.87489132897e-08, 5.60034045805e-08, 3.95630833649e-10, 2.95011348683e-10],
        "stdev": [0.000329289585352, 0.00249866815284, 0.00244975020178, 0.00323609169573, 0.00301241572015, 0.00262938882224, 0.00480000954121, 0.00295324553736, 0.00524854380637, 0.0024865954183, 0.00120653945487, 0.0011563092703, 0.00137022172567, 0.000880814623088, 0.000941322825383, 0.00129604106769, 0.000775297579821, 0.000850688898936, 0.000909192778636, 0.000239968358073, 0.000466291705379, 0.000944658415392, 0.00086369755445, 0.000789047509898, 0.000507522723638, 7.0065948421e-07, 4.69738239417e-08]
    },
    "erbbands": {
        "max": [1.10282027721, 4.4982881546, 19.376625061, 63.5334129333, 116.128135681, 112.180885315, 334.519470215, 287.208648682, 596.06072998, 1407.08325195, 873.318237305, 1175.88269043, 1439.49719238, 482.250183105, 1132.65380859, 592.760986328, 781.74029541, 617.350524902, 798.538330078, 541.990722656, 996.948120117, 582.14239502, 441.488220215, 554.594543457, 368.396240234, 96.6008148193, 151.724838257, 241.984695435, 459.628356934, 395.638427734, 206.784423828, 184.682434082, 138.98815918, 102.448410034, 32.9455909729, 2.39555215836, 0.0586996786296, 0.00372690195218, 0.000533285900019, 0.000190142265637],
        "mean": [0.050528973341, 0.456825554371, 2.41084742546, 6.99982070923, 10.8261260986, 8.59763622284, 7.5877532959, 14.0254545212, 30.6813926697, 28.0596694946, 20.8427467346, 35.8486824036, 42.9886436462, 21.9212493896, 19.1293544769, 16.9633636475, 25.3090858459, 21.1674728394, 20.064081192, 26.3065071106, 32.5448455811, 26.6273155212, 20.0648574829, 30.1276683807, 17.7772960663, 8.90378475189, 9.20643615723, 11.5096759796, 14.170507431, 14.0312547684, 10.5966844559, 7.55408716202, 4.63313627243, 2.7751762867, 1.24657869339, 0.0784877315164, 0.00210782838985, 0.000156313137268, 3.65491141565e-05, 3.47674904333e-05],
        "min": [5.43535061297e-05, 0.000840749940835, 0.0136051829904, 0.145517900586, 0.120497845113, 0.0585406571627, 0.0878998786211, 0.0509733967483, 0.108331121504, 0.178793728352, 0.125004008412, 0.151411443949, 0.157474324107, 0.201912939548, 0.0898203924298, 0.135549798608, 0.159879893064, 0.0848143100739, 0.111621417105, 0.0578859895468, 0.124709412456, 0.161989912391, 0.113595463336, 0.0454410389066, 0.0315024591982, 0.0259841289371, 0.0455680526793, 0.016104714945, 0.00959956459701, 0.00520354183391, 0.00239161797799, 0.00138972292189, 0.000804726791102, 0.000564040557947, 0.000418162991991, 2.89250328933e-05, 3.20707590618e-06, 4.56085729184e-07, 1.09749407784e-06, 1.07643325009e-06],
        "stdev": [0.106937035918, 0.466913461685, 2.28532028198, 6.33056879044, 13.0771198273, 9.84869766235, 13.6565704346, 27.0647888184, 60.6675643921, 69.8918380737, 55.9818840027, 97.4744491577, 134.63899231, 45.5136413574, 55.3990707397, 38.615322113, 65.80884552, 40.4583396912, 42.7709007263, 51.6922454834, 69.900428772, 42.6213417053, 31.4864673615, 57.9052314758, 30.3061180115, 10.6978721619, 14.8772478104, 22.3268871307, 32.3169822693, 33.2885665894, 23.4705696106, 19.0565166473, 11.9541769028, 7.14819097519, 2.82143068314, 0.176426097751, 0.00465320982039, 0.000333778967615, 5.31934165338e-05, 2.46403287747e-05]
    },
    "gfcc": {
        "mean": [3.89939498901, 95.3116073608, -125.35282135, 59.0010910034, -76.4114990234, 23.6926898956, -50.8563919067, 9.62272930145, -20.8267650604, -9.32491207123, -12.2127838135, -14.3397512436, -4.77704381943],
        "cov": [[2535.33251953, -812.497680664, -352.374664307, -45.0536155701, -208.152175903, 199.699279785, -104.107681274, 193.754196167, 2.33746528625, 75.0650558472, 35.3406295776, 113.568611145, -12.6029834747], [-812.497680664, 1158.41809082, -217.282592773, -259.000183105, 294.796844482, -222.289672852, 181.749359131, -2.13131523132, 107.144874573, -66.6786117554, 148.330505371, -56.4759483337, 39.15051651], [-352.374664307, -217.282592773, 715.328796387, 245.179351807, -109.527587891, 88.3194274902, -74.5818557739, -46.7955513, -62.0041236877, 59.7540359497, -50.6995811462, 13.0078907013, 10.3539180756], [-45.0536155701, -259.000183105, 245.179351807, 356.156677246, 25.4443492889, 37.1044578552, -37.1814956665, -38.3023529053, 25.3580513, 13.1169290543, -25.6371326447, 8.39815139771, 9.40000629425], [-208.152175903, 294.796844482, -109.527587891, 25.4443492889, 265.491851807, -23.8886871338, 17.2939834595, 16.7405567169, 46.3611526489, -19.9966640472, 31.3386573792, -11.8013439178, 27.7033462524], [199.699279785, -222.289672852, 88.3194274902, 37.1044578552, -23.8886871338, 195.607040405, 46.5686645508, 9.88079452515, -32.8282012939, 19.1794204712, -31.1162567139, 11.1463546753, -1.09648740292], [-104.107681274, 181.749359131, -74.5818557739, -37.1814956665, 17.2939834595, 46.5686645508, 239.109970093, 21.8079967499, 10.9234886169, -32.9236106873, 29.8478355408, -12.2978897095, 7.29037618637], [193.754196167, -2.13131523132, -46.7955513, -38.3023529053, 16.7405567169, 9.88079452515, 21.8079967499, 119.367950439, 24.3980770111, -4.72548723221, 16.7892074585, 14.5139579773, 1.32981431484], [2.33746528625, 107.144874573, -62.0041236877, 25.3580513, 46.3611526489, -32.8282012939, 10.9234886169, 24.3980770111, 119.762466431, 7.84443998337, 26.8296813965, -7.01042747498, -2.42349076271], [75.0650558472, -66.6786117554, 59.7540359497, 13.1169290543, -19.9966640472, 19.1794204712, -32.9236106873, -4.72548723221, 7.84443998337, 82.7487030029, 10.1041555405, 9.79112625122, -2.00599503517], [35.3406295776, 148.330505371, -50.6995811462, -25.6371326447, 31.3386573792, -31.1162567139, 29.8478355408, 16.7892074585, 26.8296813965, 10.1041555405, 101.521186829, 16.8015804291, -1.98626160622], [113.568611145, -56.4759483337, 13.0078907013, 8.39815139771, -11.8013439178, 11.1463546753, -12.2978897095, 14.5139579773, -7.01042747498, 9.79112625122, 16.8015804291, 56.5959777832, 15.5195903778], [-12.6029834747, 39.15051651, 10.3539180756, 9.40000629425, 27.7033462524, -1.09648740292, 7.29037618637, 1.32981431484, -2.42349076271, -2.00599503517, -1.98626160622, 15.5195903778, 54.3557319641]],
        "icov": [[0.000922542647459, 0.00037290644832, 0.000853595556691, -0.000244471360929, 0.000767215213273, -0.000960223958828, 0.000656729913317, -0.00121264159679, -2.82862638414e-05, -0.000371975824237, -0.000937179138418, -0.000333221658366, -0.000597912876401], [0.00037290644832, 0.00749007519335, -0.00322017190047, 0.00727075431496, -0.00737173343077, 0.00627811206505, -0.00495228217915, 0.00344567350112, -0.00442686583847, 0.00251893070526, -0.00538757024333, 0.00299434293993, -0.00264488183893], [0.000853595556691, -0.00322017190047, 0.00493374187499, -0.00550081627443, 0.00537025276572, -0.00460046390072, 0.00352115696296, -0.00315886270255, 0.0033521479927, -0.00285064475611, 0.00147525314242, -0.00109415221959, -0.000285494141281], [-0.000244471360929, 0.00727075431496, -0.00550081627443, 0.0119775999337, -0.00896476302296, 0.00636051176116, -0.00516210636124, 0.00575536396354, -0.00667409319431, 0.00364776328206, -0.00389889185317, 0.00172460160684, -0.00186599662993], [0.000767215213273, -0.00737173343077, 0.00537025276572, -0.00896476302296, 0.0138299716637, -0.00818922184408, 0.00654811225832, -0.00567445950583, 0.00371246738359, -0.00215683341958, 0.00251356000081, -0.000928006949835, -0.0014957144158], [-0.000960223958828, 0.00627811206505, -0.00460046390072, 0.00636051176116, -0.00818922184408, 0.0142955454066, -0.00793906114995, 0.00371776497923, -0.00210939813405, 0.000158353388542, -0.000513399078045, 0.00094213563716, 9.18713703868e-05], [0.000656729913317, -0.00495228217915, 0.00352115696296, -0.00516210636124, 0.00654811225832, -0.00793906114995, 0.0099702142179, -0.00401899311692, 0.00250148563646, 0.000569151830859, -3.20763028867e-05, 0.000245343602728, -0.000733903900255], [-0.00121264159679, 0.00344567350112, -0.00315886270255, 0.00575536396354, -0.00567445950583, 0.00371776497923, -0.00401899311692, 0.0137780848891, -0.00502638053149, 0.00304041197523, -0.00170102342963, -0.00127773522399, 0.000203252478968], [-2.82862638414e-05, -0.00442686583847, 0.0033521479927, -0.00667409319431, 0.00371246738359, -0.00210939813405, 0.00250148563646, -0.00502638053149, 0.0142785543576, -0.00433978717774, 0.00139126263093, 0.000453491084045, 0.00194821599871], [-0.000371975824237, 0.00251893070526, -0.00285064475611, 0.00364776328206, -0.00215683341958, 0.000158353388542, 0.000569151830859, 0.00304041197523, -0.00433978717774, 0.0166757609695, -0.00461114523932, 0.000431972148363, -0.000906535307877], [-0.000937179138418, -0.00538757024333, 0.00147525314242, -0.00389889185317, 0.00251356000081, -0.000513399078045, -3.20763028867e-05, -0.00170102342963, 0.00139126263093, -0.00461114523932, 0.0187494363636, -0.00838299840689, 0.00578140607104], [-0.000333221658366, 0.00299434293993, -0.00109415221959, 0.00172460160684, -0.000928006949835, 0.00094213563716, 0.000245343602728, -0.00127773522399, 0.000453491084045, 0.000431972148363, -0.00838299840689, 0.0264403205365, -0.00965285394341], [-0.000597912876401, -0.00264488183893, -0.000285494141281, -0.00186599662993, -0.0014957144158, 9.18713703868e-05, -0.000733903900255, 0.000203252478968, 0.00194821599871, -0.000906535307877, 0.00578140607104, -0.00965285394341, 0.0244191586971]]
    },
    "melbands": {
        "max": [0.00829618610442, 0.00709518138319, 0.0114261154085, 0.00678917346522, 0.00932408869267, 0.00606563827023, 0.0101592829451, 0.0135077601299, 0.0057266280055, 0.00649433303624, 0.00694132363424, 0.00259055895731, 0.00276650162414, 0.00317411869764, 0.00242530880496, 0.00164438923821, 0.00115447270218, 0.0015844280133, 0.00166890304536, 0.000999081879854, 0.0012272837339, 0.000734072411433, 0.000255263847066, 0.000653122842778, 0.000459775299532, 0.000516395375598, 0.000138074858114, 6.73977046972e-05, 0.000103084792499, 0.000107334119093, 0.000163262026035, 0.000233890328673, 0.000259860156802, 0.00024999017478, 0.00013572658645, 0.000118244461191, 0.000124046913697, 0.000108162377728, 0.000115093906061, 7.72039566073e-05],
        "mean": [0.000481698312797, 0.00106419401709, 0.0013506396208, 0.000701274315361, 0.000280488486169, 0.000312030402711, 0.000474331725854, 0.000291048694635, 0.000162217300385, 0.000250299373874, 0.000213811872527, 8.98845682968e-05, 6.33680028841e-05, 4.83714247821e-05, 5.18298184033e-05, 5.20364701515e-05, 3.74513037968e-05, 3.22189698636e-05, 3.22041014442e-05, 3.6010012991e-05, 3.86304382118e-05, 2.99112944049e-05, 1.62720953085e-05, 2.21684695134e-05, 2.52202953561e-05, 1.68545611814e-05, 8.18211992737e-06, 5.1438319133e-06, 5.34307673661e-06, 6.06745743426e-06, 6.92261664881e-06, 7.83958967077e-06, 8.49624666444e-06, 7.40291852708e-06, 6.09617654845e-06, 5.50727645532e-06, 4.22145285484e-06, 3.33187813339e-06, 2.71821909337e-06, 2.21014988711e-06],
        "min": [4.68191018399e-07, 5.73297529627e-06, 2.94326400763e-05, 1.100307054e-05, 3.49468200511e-06, 9.92306581793e-07, 1.63895720107e-06, 1.58775173986e-06, 9.12131895348e-07, 8.25283791528e-07, 7.58677003887e-07, 6.82855102241e-07, 1.69282515117e-07, 3.38288600688e-07, 3.02776697936e-07, 1.70793128973e-07, 1.50620138584e-07, 1.74872653247e-07, 1.07047988251e-07, 6.22425915253e-08, 1.41229662631e-07, 1.10377271767e-07, 1.137323693e-07, 7.94144412453e-08, 2.99718330155e-08, 1.65259326224e-08, 2.42153816998e-08, 1.45962424369e-08, 2.90258022062e-08, 1.21134178244e-08, 6.65874866357e-09, 5.08334174754e-09, 3.46173911758e-09, 2.49127052321e-09, 1.19106713381e-09, 8.54626147628e-10, 6.6899052964e-10, 4.28171748057e-10, 4.40958491943e-10, 3.77494535631e-10],
        "stdev": [0.000799881701823, 0.000869745155796, 0.00124713475816, 0.000736254150979, 0.000436274189269, 0.000577790022362, 0.000945444626268, 0.00072815688327, 0.000428553234087, 0.000715418194886, 0.000673056754749, 0.000198344772798, 0.000183203475899, 0.000135722628329, 0.000137808179716, 0.000138460469316, 7.77952300268e-05, 7.78349567554e-05, 8.97984718904e-05, 8.18917687866e-05, 8.5330051661e-05, 5.31458426849e-05, 2.21738428081e-05, 4.60256305814e-05, 5.07571203343e-05, 3.77155738533e-05, 1.17742920338e-05, 6.69928022035e-06, 8.59251122165e-06, 1.10214068627e-05, 1.41495429489e-05, 1.7345226297e-05, 2.13447729038e-05, 1.79952257895e-05, 1.36048320201e-05, 1.33749499582e-05, 1.13022069854e-05, 8.76032754604e-06, 7.23505399947e-06, 5.82280790695e-06]
    },
    "melbands128": {
        "max": [0.00258653797209, 0.0100365644321, 0.0110199209303, 0.0073812045157, 0.00978203862906, 0.0085817957297, 0.01357659325, 0.017154822126, 0.0150370439515, 0.00964706018567, 0.00791504979134, 0.00675352942199, 0.0160630904138, 0.00809151586145, 0.00940016936511, 0.0123755633831, 0.00923137553036, 0.0174598637968, 0.0175435636193, 0.0262987054884, 0.0134699363261, 0.0159685257822, 0.00804982706904, 0.0150865316391, 0.0116707459092, 0.0118420654908, 0.0191374905407, 0.0103709585965, 0.00967269390821, 0.00403052847832, 0.00190087407827, 0.00179361423943, 0.00474890181795, 0.0076867248863, 0.00776946451515, 0.00161372928414, 0.00193527259398, 0.00516584981233, 0.00442748283967, 0.00402751332149, 0.00258973194286, 0.00176473043393, 0.00220346031711, 0.00189237121958, 0.0018937936984, 0.00351157854311, 0.00150775478687, 0.00366013566963, 0.00158490380272, 0.00163211638574, 0.00173104705755, 0.00209960970096, 0.00329228187911, 0.00118835479952, 0.00116857199464, 0.00150916411076, 0.000674719689414, 0.00058792240452, 0.00030469178455, 0.000443642289611, 0.00105647090822, 0.00107913056854, 0.000982269179076, 0.000815059582237, 0.00149301579222, 0.00092093081912, 0.000426192244049, 0.000286014779704, 0.000309682713123, 9.08108559088e-05, 0.000144767196616, 8.7851905846e-05, 6.92283501849e-05, 0.000153055851115, 0.000194339823793, 0.000112229019578, 0.000197343455511, 0.000142056014738, 0.000207867808058, 0.000192484440049, 0.000232575344853, 0.000375527422875, 0.000337186473189, 0.000397743860958, 0.000245903094765, 0.000262384332018, 0.000278442283161, 0.000199944290216, 0.000174681830686, 0.000185515469639, 0.000169915379956, 0.000148061604705, 0.000137857758091, 0.000183335127076, 0.000117129369755, 0.000100718782051, 0.000143456592923, 8.77963466337e-05, 0.00010802259203, 0.000167606820469, 7.81473208917e-05, 8.62806264195e-05, 6.88275831635e-05, 5.85847192269e-05, 5.40640030522e-05, 5.16024410899e-05, 1.23761637951e-05, 7.13160829946e-07, 1.35196529527e-08, 1.31399220393e-08, 1.25719461508e-08, 1.23869314805e-08, 1.17780594167e-08, 1.12994724688e-08, 1.10128421937e-08, 1.06426965019e-08, 1.03499866455e-08, 1.01169073119e-08, 9.84926451508e-09, 9.51195655574e-09, 9.24729093299e-09, 9.11123976266e-09, 8.93907259325e-09, 8.78519212932e-09, 8.6345792738e-09, 8.52712922494e-09, 8.47912318136e-09, 8.43689385022e-09],
        "mean": [0.000105412516859, 0.000390699511627, 0.000581449596211, 0.000764328578953, 0.00109488354065, 0.00123458483722, 0.00139553914778, 0.00156111246906, 0.00106547307223, 0.000699000782333, 0.000432173605077, 0.000301143765682, 0.00023958516249, 0.000240242123255, 0.000299747713143, 0.000341186358128, 0.000432948145317, 0.000577714468818, 0.000427636812674, 0.000295013946015, 0.000235439132666, 0.000219127789023, 0.00011199596338, 0.000155666348292, 0.00021667945839, 0.000276139122434, 0.00037636043271, 0.000167656500707, 0.000137806549901, 0.000110335051431, 6.56916017761e-05, 5.7962955907e-05, 7.35740031814e-05, 5.47164345335e-05, 6.19645506958e-05, 4.10045504395e-05, 3.38437130267e-05, 5.27648699062e-05, 6.26395631116e-05, 6.23487503617e-05, 4.33320019511e-05, 4.76811546832e-05, 3.73650364054e-05, 2.996207877e-05, 4.04454258387e-05, 3.18968777719e-05, 2.34344097407e-05, 3.38858371833e-05, 3.00942356262e-05, 4.31867993029e-05, 3.41120939993e-05, 3.03027354676e-05, 4.72780302516e-05, 3.73802795366e-05, 3.29156573571e-05, 3.34888754878e-05, 2.21540631173e-05, 1.89451930055e-05, 1.32358791234e-05, 1.26491613628e-05, 2.16832286242e-05, 3.1014871638e-05, 2.56001021626e-05, 2.28955686907e-05, 2.56382154475e-05, 1.77830952452e-05, 1.11956842375e-05, 9.53763992584e-06, 7.55161727284e-06, 6.1792006818e-06, 5.22467598785e-06, 4.6535360525e-06, 4.19698289988e-06, 5.98990664002e-06, 5.92483138462e-06, 5.70278962186e-06, 6.4550758907e-06, 6.2404315031e-06, 6.94567825121e-06, 7.53819495003e-06, 7.93018170953e-06, 7.76389697421e-06, 8.11574227555e-06, 8.83450775291e-06, 8.51620825415e-06, 8.24392191134e-06, 6.79653749103e-06, 6.17858495389e-06, 6.06074399911e-06, 5.98331234869e-06, 5.96933659835e-06, 5.2928162404e-06, 4.93989045935e-06, 4.50253946838e-06, 3.53619520865e-06, 3.30694660988e-06, 3.61329171028e-06, 2.84806765194e-06, 2.71416411124e-06, 2.69970360023e-06, 2.34081403505e-06, 2.13694511331e-06, 1.95712050299e-06, 2.07544098885e-06, 1.44754756093e-06, 1.29802685933e-06, 3.7331469116e-07, 1.42888803012e-08, 2.2623194984e-11, 1.41660069092e-11, 1.33510928008e-11, 1.46260174111e-11, 1.67018621156e-11, 1.8313029912e-11, 1.53506166112e-11, 1.39563170048e-11, 1.12332226854e-11, 1.10178905929e-11, 1.07954825634e-11, 1.01146244158e-11, 9.77450152068e-12, 9.66359024052e-12, 9.54038324036e-12, 9.33018679677e-12, 8.70507051859e-12, 7.7426259848e-12, 7.22653143923e-12, 7.12223292496e-12],
        "min": [8.89947582294e-09, 2.88084081035e-08, 8.03615876066e-08, 1.11373367417e-07, 1.16694320695e-06, 1.23341271774e-06, 2.46859872277e-06, 6.21010667601e-06, 3.41739973919e-06, 4.42095142716e-06, 1.14485362701e-06, 3.78502420517e-07, 4.09713663885e-07, 4.26974111178e-07, 5.24484391917e-07, 1.4836354012e-07, 6.41341216578e-07, 4.09776049537e-07, 5.45816533304e-07, 5.30484271621e-07, 3.19735562471e-07, 1.23849076772e-07, 1.73127006065e-07, 3.23788725609e-07, 2.62253053052e-07, 2.93497578241e-07, 1.68045701798e-07, 1.15849509541e-07, 2.40870804191e-07, 2.61956813574e-07, 9.6366719049e-08, 7.45854080719e-08, 8.89305127316e-08, 1.40900013434e-07, 1.69810348893e-07, 1.18262867943e-07, 4.08212486036e-08, 9.77193650442e-08, 7.04432494558e-08, 1.73654939317e-07, 5.83862984627e-08, 8.49136370107e-08, 3.94806427551e-08, 6.09287766906e-08, 6.82168206367e-08, 6.04596905873e-08, 2.65149076029e-08, 8.31461122175e-08, 4.02172020131e-08, 2.76605014449e-08, 2.20549125629e-08, 4.52344899315e-08, 1.08049675873e-07, 8.61297877464e-08, 4.33067164352e-08, 6.98690101331e-08, 1.21060921288e-07, 6.13707342723e-08, 3.56037936911e-08, 5.46327356687e-08, 3.15566914821e-08, 3.15157180353e-08, 4.60230431543e-08, 2.19216147457e-08, 1.34402844409e-08, 9.44407929637e-09, 2.0241287757e-08, 1.64183742157e-08, 1.79422912083e-08, 1.18191225695e-08, 2.0219319552e-08, 1.22593357688e-08, 7.08386860282e-09, 1.91708284802e-08, 1.99350687069e-08, 9.68209779018e-09, 5.26836352321e-09, 4.97051066972e-09, 6.28111429535e-09, 3.48790307747e-09, 5.01564567656e-09, 4.00794419875e-09, 3.19930903991e-09, 2.85176748882e-09, 3.20503046325e-09, 2.32440022785e-09, 1.86574844463e-09, 1.04092312547e-09, 8.13075051731e-10, 4.69309535678e-10, 5.42750844268e-10, 5.7771692985e-10, 5.33010358073e-10, 4.94668972451e-10, 4.80316286744e-10, 3.74951625304e-10, 2.25640076068e-10, 2.01078112494e-10, 3.0964683595e-10, 2.37860842134e-10, 2.44281372908e-10, 1.88380366861e-10, 1.93428675854e-10, 5.24047749639e-10, 5.39500555341e-10, 2.20418808206e-10, 5.25950012709e-11, 2.31678326697e-12, 9.48792476876e-13, 7.34380980506e-13, 7.12908681741e-13, 8.13596856986e-13, 8.48619568714e-13, 8.57086591369e-13, 9.23351130798e-13, 9.85012527273e-13, 9.09097612727e-13, 9.23028363811e-13, 7.41428023577e-13, 1.01834090206e-12, 9.44278509551e-13, 8.65971682383e-13, 8.27700538317e-13, 9.70608467731e-13, 7.39728590882e-13, 3.33464701165e-13, 3.63475186906e-14, 1.08641779892e-15],
        "stdev": [0.0002985431056, 0.000996429123916, 0.00101727817673, 0.00076786003774, 0.00112856726628, 0.00122084550094, 0.00135351542849, 0.00184685154818, 0.00158448156435, 0.000919721205719, 0.000613729120232, 0.000539771281183, 0.000582946056966, 0.000551127595827, 0.000725439225789, 0.00090505782282, 0.000977887655608, 0.00146017584484, 0.00130038463976, 0.00106632639654, 0.000823540787678, 0.000893835967872, 0.000382135127438, 0.000642367755063, 0.000775873253588, 0.00110478349961, 0.00172036583535, 0.000659559678752, 0.000523104681633, 0.000295915524475, 0.000176602872671, 0.000180317176273, 0.000265248905635, 0.000262679648586, 0.000260445900494, 0.000119918702694, 0.000122881727293, 0.000210652346141, 0.000226463380386, 0.000242227077251, 0.000170480867382, 0.000121500641399, 0.000109621469164, 9.76124138106e-05, 0.00012768463057, 0.000118187432236, 6.5102125518e-05, 0.000178005531779, 8.12521175249e-05, 0.000106564701127, 0.000122868907056, 0.00010122457752, 0.000160278039402, 8.81179366843e-05, 8.2098209532e-05, 8.24645539979e-05, 4.65052689833e-05, 3.26607369061e-05, 2.12941376958e-05, 2.48214582825e-05, 5.13593367941e-05, 8.79475774127e-05, 7.1419737651e-05, 5.77588689339e-05, 8.44096575747e-05, 5.32507183379e-05, 2.51357505476e-05, 1.90885839402e-05, 1.42321832755e-05, 9.56882740866e-06, 8.30655244499e-06, 7.23140146874e-06, 7.00677674104e-06, 1.08225258373e-05, 1.28221881823e-05, 1.07847326944e-05, 1.41031159728e-05, 1.34402926051e-05, 1.61953448696e-05, 1.6529838831e-05, 1.7106975065e-05, 1.97358658625e-05, 2.21316640818e-05, 2.50912416959e-05, 2.05507658393e-05, 2.14196061279e-05, 1.80756851478e-05, 1.53970449901e-05, 1.45189533214e-05, 1.42534736369e-05, 1.50892265083e-05, 1.4359715351e-05, 1.33674539029e-05, 1.321869604e-05, 9.78644311544e-06, 9.21609171201e-06, 9.91305114439e-06, 8.15376461105e-06, 7.42594011172e-06, 8.05879881227e-06, 6.49015191811e-06, 6.06476260145e-06, 4.97950213685e-06, 4.81992265122e-06, 3.55648580808e-06, 3.07545087708e-06, 8.73336205132e-07, 3.71617616679e-08, 2.96838553737e-10, 2.86675738703e-10, 2.74243877607e-10, 2.7045471418e-10, 2.58458587865e-10, 2.49692211352e-10, 2.41229536346e-10, 2.32986963056e-10, 2.25767529671e-10, 2.20732765399e-10, 2.14904427587e-10, 2.07458369927e-10, 2.01687097579e-10, 1.98717445277e-10, 1.94958757471e-10, 1.91604287991e-10, 1.88330295803e-10, 1.86005474911e-10, 1.84968457217e-10, 1.84048387641e-10]
    },
    "mfcc": {
        "mean": [-623.749511719, 100.803970337, 13.4474363327, 25.4813594818, 8.17985343933, 3.67670035362, -6.70969247818, 5.35411262512, -2.17153215408, -0.299183905125, -0.429562300444, -3.84197592735, -3.53815937042],
        "cov": [[2838.94067383, -832.558166504, -319.073516846, -318.093139648, -67.1443557739, -100.273262024, -42.1153907776, 86.875, -23.7573986053, 53.3324928284, 30.9494342804, 15.2702703476, 36.0331840515], [-832.558166504, 1267.68347168, -431.220062256, -10.2928371429, -6.72542953491, -140.382003784, 69.548286438, 28.1396999359, -10.9606218338, 3.11848163605, 71.7426528931, 41.6942749023, 16.4975223541], [-319.073516846, -431.220062256, 770.149841309, 98.1385498047, 10.6674633026, 112.956581116, 1.61091637611, -74.1550292969, 14.5375528336, -39.3660049438, -47.9851417542, 21.2382850647, 1.12019360065], [-318.093139648, -10.2928371429, 98.1385498047, 275.123168945, 88.4820861816, 32.4291534424, -31.7671871185, -9.77967166901, 5.28669881821, 6.29467725754, -20.5430278778, -3.38819718361, 27.9718379974], [-67.1443557739, -6.72542953491, 10.6674633026, 88.4820861816, 246.743591309, 4.59310007095, -46.573551178, -26.0229358673, 7.51755952835, -1.18405580521, -22.4873428345, 18.6968421936, 21.9347476959], [-100.273262024, -140.382003784, 112.956581116, 32.4291534424, 4.59310007095, 182.660598755, 43.2833824158, -5.1311621666, 25.1257133484, 2.86810326576, -6.00296497345, 0.665332913399, -18.0453968048], [-42.1153907776, 69.548286438, 1.61091637611, -31.7671871185, -46.573551178, 43.2833824158, 159.722229004, 44.5303344727, 14.4157056808, -4.76079034805, 6.38706302643, 3.64472103119, -8.91652679443], [86.875, 28.1396999359, -74.1550292969, -9.77967166901, -26.0229358673, -5.1311621666, 44.5303344727, 133.99017334, 20.79829216, 24.7508125305, 22.1008987427, -12.9036808014, -3.40722513199], [-23.7573986053, -10.9606218338, 14.5375528336, 5.28669881821, 7.51755952835, 25.1257133484, 14.4157056808, 20.79829216, 84.8220214844, 17.1055107117, -7.26121091843, -6.25390815735, -11.735127449], [53.3324928284, 3.11848163605, -39.3660049438, 6.29467725754, -1.18405580521, 2.86810326576, -4.76079034805, 24.7508125305, 17.1055107117, 80.7249069214, 23.6454486847, -2.89150953293, -1.59843444824], [30.9494342804, 71.7426528931, -47.9851417542, -20.5430278778, -22.4873428345, -6.00296497345, 6.38706302643, 22.1008987427, -7.26121091843, 23.6454486847, 77.4073486328, 24.877948761, -2.12428808212], [15.2702703476, 41.6942749023, 21.2382850647, -3.38819718361, 18.6968421936, 0.665332913399, 3.64472103119, -12.9036808014, -6.25390815735, -2.89150953293, 24.877948761, 75.7560424805, 22.3621559143], [36.0331840515, 16.4975223541, 1.12019360065, 27.9718379974, 21.9347476959, -18.0453968048, -8.91652679443, -3.40722513199, -11.735127449, -1.59843444824, -2.12428808212, 22.3621559143, 60.7028388977]],
        "icov": [[0.000782673363574, 0.00082950637443, 0.000589788483921, 0.000702463148627, -1.76097237272e-05, 0.000531654106453, -0.000133230671054, -0.00023318080639, 1.80336871836e-06, -0.000248096621362, -0.000193759129616, -0.00051631568931, -0.000715621048585], [0.00082950637443, 0.00206891540438, 0.00125922565348, 0.000295456440654, -1.91655635717e-05, 0.00141331064515, -0.00102374888957, 0.00020861273515, -0.000295803009067, 8.81440937519e-05, -0.000984119833447, -0.00108483072836, -0.000615324010141], [0.000589788483921, 0.00125922565348, 0.00243277358823, -0.000250475073699, 0.000332137045916, -4.40215853814e-06, -0.000506197276991, 0.000699862546753, -0.000412445049733, 0.000484898715513, 0.000248232419835, -0.00145152176265, -0.000301752705127], [0.000702463148627, 0.000295456440654, -0.000250475073699, 0.00553119182587, -0.00146076292731, -0.000706511957105, 0.000893214775715, -0.000757897505537, 0.000174382876139, -0.000895978533663, 0.000322195497574, 0.000958119228017, -0.00296651711687], [-1.76097237272e-05, -1.91655635717e-05, 0.000332137045916, -0.00146076292731, 0.00518464203924, -0.00026416068431, 0.0012097855797, 0.000334193638992, -0.000681336561684, -8.74699835549e-05, 0.00169755739626, -0.00190880044829, -0.000444302917458], [0.000531654106453, 0.00141331064515, -4.40215853814e-06, -0.000706511957105, -0.00026416068431, 0.00806380622089, -0.00285888952203, 0.000921582977753, -0.00151333247777, -0.000547234376427, -0.000779744470492, -0.00104824395385, 0.00180226063821], [-0.000133230671054, -0.00102374888957, -0.000506197276991, 0.000893214775715, 0.0012097855797, -0.00285888952203, 0.00891119707376, -0.0031774265226, -0.000312943186145, 0.00113681424409, 0.00113088439684, -0.00086203601677, 0.000125213526189], [-0.00023318080639, 0.00020861273515, 0.000699862546753, -0.000757897505537, 0.000334193638992, 0.000921582977753, -0.0031774265226, 0.0104028591886, -0.00233085663058, -0.00140131777152, -0.00303511857055, 0.0025348183699, -0.000839082174934], [1.80336871836e-06, -0.000295803009067, -0.000412445049733, 0.000174382876139, -0.000681336561684, -0.00151333247777, -0.000312943186145, -0.00233085663058, 0.0141989421099, -0.00334628717974, 0.00307800271548, -0.000658277189359, 0.0026331555564], [-0.000248096621362, 8.81440937519e-05, 0.000484898715513, -0.000895978533663, -8.74699835549e-05, -0.000547234376427, 0.00113681424409, -0.00140131777152, -0.00334628717974, 0.0157148037106, -0.00540304835886, 0.00183785881381, -0.000614735705312], [-0.000193759129616, -0.000984119833447, 0.000248232419835, 0.000322195497574, 0.00169755739626, -0.000779744470492, 0.00113088439684, -0.00303511857055, 0.00307800271548, -0.00540304835886, 0.0199556816369, -0.00798899400979, 0.00347413495183], [-0.00051631568931, -0.00108483072836, -0.00145152176265, 0.000958119228017, -0.00190880044829, -0.00104824395385, -0.00086203601677, 0.0025348183699, -0.000658277189359, 0.00183785881381, -0.00798899400979, 0.0200599525124, -0.00716789299622], [-0.000715621048585, -0.000615324010141, -0.000301752705127, -0.00296651711687, -0.000444302917458, 0.00180226063821, 0.000125213526189, -0.000839082174934, 0.0026331555564, -0.000614735705312, 0.00347413495183, -0.00716789299622, 0.0223608575761]]
    },
    "spectral_contrast_coeffs": {
        "max": [-0.471370637417, -0.507306575775, -0.502185225487, -0.580696702003, -0.595367670059, -0.583508133888],
        "mean": [-0.695336222649, -0.761527657509, -0.786702156067, -0.802716434002, -0.791584014893, -0.775876164436],
        "min": [-0.859732985497, -0.909246206284, -0.922552347183, -0.916271388531, -0.902170419693, -0.86216032505],
        "stdev": [0.0592789798975, 0.0751103162766, 0.0700842887163, 0.0552177876234, 0.0516244992614, 0.039741512388]
    },
    "spectral_contrast_valleys": {
        "max": [-5.25954055786, -4.87980175018, -5.71492147446, -5.95912790298, -6.09753704071, -7.17196273804],
        "mean": [-6.53514862061, -6.59750699997, -7.38916873932, -7.43653678894, -7.32498025894, -9.53880310059],
        "min": [-9.04507827759, -8.25521564484, -9.12310791016, -9.35981941223, -9.38332176208, -12.9539794922],
        "stdev": [0.510358929634, 0.528930485249, 0.593689680099, 0.575384378433, 0.559593081474, 0.904330790043]
    }
},
"rhythm": {
    "beats_count": 103,
    "beats_loudness": {
        "max": 0.0729746893048,
        "mean": 0.0319882743061,
        "min": 0.00501803541556,
        "stdev": 0.0140179097652
    },
    "bpm": 127.010414124,
    "bpm_histogram_first_peak_bpm": 126,
    "bpm_histogram_first_peak_weight": 0.404040455818,
    "bpm_histogram_second_peak_bpm": 133,
    "bpm_histogram_second_peak_spread": 0.33333337307,
    "bpm_histogram_second_peak_weight": 0.0196078438312,
    "danceability": 1.3723256588,
    "onset_rate": 3.5888671875,
    "beats_loudness_band_ratio": {
        "max": [0.855256319046, 0.543859004974, 0.604582488537, 0.50889903307, 0.498323321342, 0.677318871021],
        "mean": [0.391625702381, 0.182287797332, 0.178357556462, 0.07372353971, 0.0982107669115, 0.124852307141],
        "min": [0.0688175335526, 0.0158869531006, 0.00334303616546, 0.00766788609326, 0.00323986192234, 0.00127829785924],
        "stdev": [0.17912133038, 0.117194406688, 0.148718655109, 0.0723076313734, 0.0969466492534, 0.117954678833]
    },
