{
"metadata": {
    "version": {
        "essentia": "2.1-beta5",
        "essentia_git_sha": "Undefined",
        "extractor": "music 2.0"
    },
    "audio_properties": {
        "analysis": {
            "equal_loudness": 0,
            "length": 48.7502937317,
            "sample_rate": 44100,
            "start_time": 12.7477550507,
            "downmix": "mix"
        },
        "bit_rate": 192000,
        "length": 203.8828125,
        "lossless": 0,
        "number_channels": 2,
        "replay_gain": -9.21449279785,
        "sample_rate": 48000,
        "codec": "mp3",
        "md5_encoded": "98ffd2e87c0e64bdb093b72f7d91883c"
    },
    "tags": {
        "file_name": "Russia_Believe_Dima Bilan.mp3",
        "encoding": ["Lavf58.29.100"]
    }
},
"lowlevel": {
    "average_loudness": 0.876283466816,
    "barkbands_crest": {
        "max": 24.7552032471,
        "mean": 10.9768133163,
        "min": 2.85586380959,
        "stdev": 4.46463537216
    },
    "barkbands_flatness_db": {
        "max": 0.373608142138,
        "mean": 0.14835010469,
        "min": 0.030340153724,
        "stdev": 0.0612959451973
    },
    "barkbands_kurtosis": {
        "max": 209.138290405,
        "mean": 7.10780477524,
        "min": -1.94090843201,
        "stdev": 16.4021434784
    },
    "barkbands_skewness": {
        "max": 12.9518470764,
        "mean": 1.76298379898,
        "min": -4.68303108215,
        "stdev": 1.77173006535
    },
    "barkbands_spread": {
        "max": 107.671081543,
        "mean": 28.5243206024,
        "min": 0.827154874802,
        "stdev": 20.2220020294
    },
    "dissonance": {
        "max": 0.499981552362,
        "mean": 0.461766272783,
        "min": 0.176377564669,
        "stdev": 0.0365040712059
    },
    "dynamic_complexity": 4.27501106262,
    "erbbands_crest": {
        "max": 26.2986698151,
        "mean": 9.32584762573,
        "min": 2.79382967949,
        "stdev": 4.27764844894
    },
    "erbbands_flatness_db": {
        "max": 0.363622486591,
        "mean": 0.156349033117,
        "min": 0.0662093833089,
        "stdev": 0.0485602989793
    },
    "erbbands_kurtosis": {
        "max": 33.8257408142,
        "mean": 0.931806504726,
        "min": -1.90738880634,
        "stdev": 3.93274879456
    },
    "erbbands_skewness": {
        "max": 4.12281703949,
        "mean": 0.246012032032,
        "min": -5.18543338776,
        "stdev": 1.16049718857
    },
    "erbbands_spread": {
        "max": 155.216171265,
        "mean": 49.4631004333,
        "min": 5.16583824158,
        "stdev": 25.3436889648
    },
    "hfc": {
        "max": 380.557952881,
        "mean": 25.6178779602,
        "min": 0.164178490639,
        "stdev": 35.2963027954
    },
    "loudness_ebu128": {
        "integrated": -14.5506830215,
        "loudness_range": 6.88264656067,
        "momentary": {
            "max": -10.0876903534,
            "mean": -16.475687027,
            "min": -32.1496658325,
            "stdev": 4.61025333405
        },
        "short_term": {
            "max": -11.3939647675,
            "mean": -15.5859184265,
            "min": -28.9069519043,
            "stdev": 2.87324547768
        }
    },
    "melbands_crest": {
        "max": 31.0501556396,
        "mean": 15.7203512192,
        "min": 3.34814143181,
        "stdev": 5.60960388184
    },
    "melbands_flatness_db": {
        "max": 0.47349435091,
        "mean": 0.196561142802,
        "min": 0.023649521172,
        "stdev": 0.0786817073822
    },
    "melbands_kurtosis": {
        "max": 498.62713623,
        "mean": 25.0643062592,
        "min": -1.87362599373,
        "stdev": 41.7273406982
    },
    "melbands_skewness": {
        "max": 16.1959476471,
        "mean": 3.337692976,
        "min": -2.81859946251,
        "stdev": 2.47318553925
    },
    "melbands_spread": {
        "max": 247.302383423,
        "mean": 31.3704490662,
        "min": 0.62775593996,
        "stdev": 34.6467704773
    },
    "pitch_salience": {
        "max": 0.838419079781,
        "mean": 0.496474206448,
        "min": 0.138403445482,
        "stdev": 0.123257048428
    },
    "silence_rate_20dB": {
        "max": 1,
        "mean": 1,
        "min": 1,
        "stdev": 0
    },
    "silence_rate_30dB": {
        "max": 1,
        "mean": 0.995716333389,
        "min": 0,
        "stdev": 0.0653088986874
    },
    "silence_rate_60dB": {
        "max": 1,
        "mean": 0.0966206565499,
        "min": 0,
        "stdev": 0.295445024967
    },
    "spectral_centroid": {
        "max": 5635.51220703,
        "mean": 1671.47631836,
        "min": 177.911682129,
        "stdev": 947.921691895
    },
    "spectral_complexity": {
        "max": 57,
        "mean": 14.2232275009,
        "min": 0,
        "stdev": 10.3314523697
    },
    "spectral_decrease": {
        "max": -2.98209408556e-11,
        "mean": -5.76482817038e-09,
        "min": -4.90424341137e-08,
        "stdev": 5.5063331672e-09
    },
    "spectral_energy": {
        "max": 0.193408071995,
        "mean": 0.0240814350545,
        "min": 0.000130226704641,
        "stdev": 0.0222475230694
    },
    "spectral_energyband_high": {
        "max": 0.0557920858264,
        "mean": 0.00210608029738,
        "min": 1.84524742508e-06,
        "stdev": 0.00441516935825
    },
    "spectral_energyband_low": {
        "max": 0.131206646562,
        "mean": 0.00990624167025,
        "min": 9.51214929046e-09,
        "stdev": 0.0140346409753
    },
    "spectral_energyband_middle_high": {
        "max": 0.0579715333879,
        "mean": 0.00445209722966,
        "min": 1.83022875717e-05,
        "stdev": 0.0066772676073
    },
    "spectral_energyband_middle_low": {
        "max": 0.149247482419,
        "mean": 0.00857237912714,
        "min": 2.18006134673e-05,
        "stdev": 0.011472874321
    },
    "spectral_entropy": {
        "max": 8.79078006744,
        "mean": 7.68013525009,
        "min": 5.91535949707,
        "stdev": 0.427226364613
    },
    "spectral_flux": {
        "max": 0.351491749287,
        "mean": 0.0786396861076,
        "min": 0.00660764658824,
        "stdev": 0.0536427274346
    },
    "spectral_kurtosis": {
        "max": 15.8178157806,
        "mean": 2.08698558807,
        "min": -1.35138916969,
        "stdev": 1.74936962128
    },
    "spectral_rms": {
        "max": 0.0137364771217,
        "mean": 0.00433619692922,
        "min": 0.000356441363692,
        "stdev": 0.00216598319821
    },
    "spectral_rolloff": {
        "max": 11046.5332031,
        "mean": 2024.03027344,
        "min": 86.1328125,
        "stdev": 2171.15063477
    },
    "spectral_skewness": {
        "max": 2.94997596741,
        "mean": 1.09486186504,
        "min": -0.503189384937,
        "stdev": 0.411706715822
    },
    "spectral_spread": {
        "max": 14442639,
        "mean": 5461650.5,
        "min": 1891445.5,
        "stdev": 1643684.5
    },
    "spectral_strongpeak": {
        "max": 9.23772525787,
        "mean": 0.815779566765,
        "min": 0.0101552251726,
        "stdev": 1.04726946354
    },
    "zerocrossingrate": {
        "max": 0.34912109375,
        "mean": 0.0749240964651,
        "min": 0.0048828125,
        "stdev": 0.0525947697461
    },
    "barkbands": {
        "max": [0.00214466592297, 0.0575529709458, 0.0699253082275, 0.0677354112267, 0.0461122915149, 0.0419793426991, 0.0394690446556, 0.0606343448162, 0.0324518866837, 0.0434113368392, 0.0290565676987, 0.0216806232929, 0.0116943530738, 0.00594445690513, 0.00496642617509, 0.0132741732523, 0.0142674306408, 0.00649095140398, 0.00729720527306, 0.0169041994959, 0.0208218023181, 0.0172470677644, 0.0167599078268, 0.0162458252162, 0.0100605487823, 0.00181160122156, 7.31839172659e-05],
        "mean": [9.68229796854e-05, 0.00605468451977, 0.00296340021305, 0.00134302815422, 0.00276966928504, 0.00102493958548, 0.000597731559537, 0.00166772329248, 0.000895054428838, 0.000952192407567, 0.000855085963849, 0.000301479245536, 0.000435873895185, 0.000298902887153, 0.000213247636566, 0.00029807118699, 0.00034842279274, 0.000258019048488, 0.000333450909238, 0.000452320440672, 0.000394481030526, 0.000524686416611, 0.000490735867061, 0.000327524699969, 0.000149638464791, 3.25851142406e-05, 1.64580490036e-06],
        "min": [4.7474968401e-11, 3.25563714876e-10, 8.38526859059e-10, 3.54165630156e-09, 3.36536629675e-08, 3.19294741757e-07, 7.04878289071e-07, 7.78326011641e-07, 6.3589925503e-07, 9.47237253968e-07, 3.3748375472e-07, 5.74380862872e-07, 3.1076493201e-07, 5.02357636378e-07, 3.15227225656e-07, 4.02405788691e-07, 3.73763128891e-07, 3.78119210609e-07, 5.94625134909e-07, 6.66409960104e-07, 6.88241073021e-07, 2.5789890401e-07, 1.57033596793e-07, 4.66365968066e-08, 5.79964520853e-09, 4.35534906751e-11, 1.96472924735e-11],
        "stdev": [0.000240562018007, 0.00917547941208, 0.00468779914081, 0.00508551578969, 0.00448113353923, 0.00285145780072, 0.00244786194526, 0.00462160725147, 0.00291109760292, 0.00267147854902, 0.00267967442051, 0.000877632992342, 0.00109359703492, 0.000633571529761, 0.000420235301135, 0.000746892008465, 0.000771527236793, 0.000494024832733, 0.000604662927799, 0.000954804301728, 0.0011089820182, 0.00116678886116, 0.00129537284374, 0.000967102008872, 0.000527965545189, 0.00011172099039, 4.58535896541e-06]
    },
    "erbbands": {
        "max": [1.75710427761, 15.0479793549, 78.890953064, 173.753631592, 160.110534668, 156.073638916, 263.309570312, 504.189483643, 743.030822754, 735.092102051, 1098.97094727, 824.111938477, 697.991577148, 2004.49255371, 1282.63647461, 667.329711914, 641.955993652, 263.910217285, 376.8175354, 246.010528564, 631.798095703, 649.438659668, 402.723693848, 179.023635864, 542.62689209, 830.01348877, 903.261108398, 718.49798584, 612.09954834, 710.145080566, 466.854034424, 329.089202881, 210.2084198, 145.759872437, 75.0894317627, 21.6659946442, 1.04352796078, 0.100427605212, 0.0177857279778, 0.000394734815927],
        "mean": [0.145746439695, 1.43903386593, 3.67650532722, 4.07157468796, 3.91277909279, 9.46259689331, 15.6855182648, 8.39013385773, 7.90750598907, 20.1552314758, 33.3664207458, 20.324174881, 26.2750244141, 32.5962677002, 27.3279972076, 12.745470047, 19.9011268616, 13.7119913101, 14.5445518494, 12.3067350388, 19.3987140656, 18.8167419434, 16.5679569244, 12.5938034058, 20.1662330627, 20.8564319611, 16.5636348724, 15.4596691132, 16.6685390472, 18.5097732544, 13.2954702377, 8.71927070618, 4.39946556091, 2.17492175102, 0.785696864128, 0.28147560358, 0.0275569502264, 0.00291002099402, 0.000263424793957, 3.95955394197e-05],
        "min": [1.45136258567e-08, 2.25759094974e-07, 1.58945476869e-06, 1.43846800711e-05, 4.81038550788e-05, 0.000132327113533, 0.000865552108735, 0.00274187256582, 0.00868216622621, 0.0157297328115, 0.0211251564324, 0.0207932330668, 0.0249513480812, 0.0454405285418, 0.0339464619756, 0.0234946105629, 0.028994821012, 0.0260375067592, 0.0284202769399, 0.0288953073323, 0.0346186757088, 0.0280791334808, 0.020527234301, 0.0199165511876, 0.032415356487, 0.0275473035872, 0.0241495370865, 0.01872741431, 0.00934897921979, 0.0051669832319, 0.00343270343728, 0.00146636296995, 0.000459953618702, 0.000121370729175, 2.19499179366e-05, 2.23135612032e-06, 3.16207717788e-07, 8.83618085368e-08, 1.05451896104e-07, 1.71511757685e-07],
        "stdev": [0.298882484436, 2.062281847, 5.20412921906, 12.7293310165, 10.5341787338, 15.1311101913, 29.693819046, 29.3545608521, 35.2135925293, 53.1263046265, 90.0741195679, 64.9951400757, 61.6547241211, 95.0082015991, 91.8003005981, 33.6028823853, 49.8539962769, 27.2552089691, 29.2225494385, 22.8779525757, 43.1621055603, 39.9577255249, 31.1350479126, 19.4406032562, 41.2333374023, 43.7893333435, 43.0914573669, 44.0869064331, 39.6366729736, 40.9520874023, 37.5840835571, 25.3468837738, 13.3256845474, 7.23180627823, 3.07431483269, 1.04558634758, 0.0814693570137, 0.0071906321682, 0.000763239862863, 4.17806877522e-05]
    },
    "gfcc": {
        "mean": [-21.7695331573, 73.8045730591, -113.785140991, 53.4371795654, -71.107711792, 24.6727752686, -32.9222984314, 10.0586118698, -20.3664722443, -2.01014924049, -16.2679576874, -3.03649425507, -7.6552734375],
        "cov": [[7947.16992188, -883.020324707, 1222.35021973, 732.447875977, 146.074584961, 455.110290527, -78.5758285522, 459.031707764, -143.57194519, 156.484313965, -129.455596924, 352.826019287, -201.023071289], [-883.020324707, 1273.21105957, 138.075042725, -3.78994297981, 183.496292114, -119.150817871, 114.284294128, -72.3907394409, 60.5928230286, -63.2845993042, 62.9897232056, -113.630096436, 78.1742095947], [1222.35021973, 138.075042725, 2033.07165527, 800.976806641, 29.3400669098, 130.729492188, -197.540756226, 63.1281547546, -43.4203491211, 71.9910202026, -51.1539344788, 69.7809371948, -9.1377248764], [732.447875977, -3.78994297981, 800.976806641, 735.069152832, 167.163742065, 76.5169219971, -25.5586357117, 23.5396766663, 18.1281929016, 15.6713209152, -3.80157136917, 46.8507385254, 26.9300632477], [146.074584961, 183.496292114, 29.3400669098, 167.163742065, 350.679412842, 53.5146560669, 47.76720047, 17.0258865356, 10.4219827652, 1.72119379044, -12.6945514679, 19.5643901825, 4.24337673187], [455.110290527, -119.150817871, 130.729492188, 76.5169219971, 53.5146560669, 288.753051758, 136.581207275, 62.2939491272, -11.9311170578, 13.6005401611, 21.2948875427, 0.957625567913, -28.3145503998], [-78.5758285522, 114.284294128, -197.540756226, -25.5586357117, 47.76720047, 136.581207275, 321.810699463, 40.9792785645, -13.5214967728, -6.74910497665, 49.6399154663, -44.2885360718, -21.8974208832], [459.031707764, -72.3907394409, 63.1281547546, 23.5396766663, 17.0258865356, 62.2939491272, 40.9792785645, 148.424133301, 33.9038200378, 13.1826992035, -4.94200754166, 22.0197162628, -11.0014705658], [-143.57194519, 60.5928230286, -43.4203491211, 18.1281929016, 10.4219827652, -11.9311170578, -13.5214967728, 33.9038200378, 154.19619751, 4.27960109711, -3.11390280724, -12.1940612793, 5.01303005219], [156.484313965, -63.2845993042, 71.9910202026, 15.6713209152, 1.72119379044, 13.6005401611, -6.74910497665, 13.1826992035, 4.27960109711, 92.0074462891, 4.50202894211, -0.408559292555, -18.9366722107], [-129.455596924, 62.9897232056, -51.1539344788, -3.80157136917, -12.6945514679, 21.2948875427, 49.6399154663, -4.94200754166, -3.11390280724, 4.50202894211, 92.8794021606, -0.00546609377488, 14.5637931824], [352.826019287, -113.630096436, 69.7809371948, 46.8507385254, 19.5643901825, 0.957625567913, -44.2885360718, 22.0197162628, -12.1940612793, -0.408559292555, -0.00546609377488, 117.756607056, 17.2705726624], [-201.023071289, 78.1742095947, -9.1377248764, 26.9300632477, 4.24337673187, -28.3145503998, -21.8974208832, -11.0014705658, 5.01303005219, -18.9366722107, 14.5637931824, 17.2705726624, 88.4783477783]],
        "icov": [[0.000245413393714, -8.76536141732e-05, 8.55476100696e-05, -0.000296761427308, 0.00015260244254, -0.000312873191433, 0.000237523330725, -0.000667788204737, 0.000400629243813, -0.000250954297371, 0.00029876147164, -0.000607842579484, 0.000595554651227], [-8.76536141732e-05, 0.00189909071196, -0.00101704208646, 0.00127555523068, -0.00169054651633, 0.00163800967857, -0.00144837750122, 0.00104399095289, -0.00124516780488, 0.00134954671375, -0.00152865087148, 0.00184936530422, -0.00174370757304], [8.55476100696e-05, -0.00101704208646, 0.00170545466244, -0.00201876857318, 0.00141181412619, -0.00142609688919, 0.0016144325491, -0.00109861558303, 0.00131909060292, -0.00123707158491, 0.0011696096044, -0.000909089168999, 0.0012678388739], [-0.000296761427308, 0.00127555523068, -0.00201876857318, 0.004190441221, -0.00248807459138, 0.00139003258664, -0.00168674590532, 0.00181552837603, -0.00200241548009, 0.0013728790218, -0.00162447057664, 0.00123831571545, -0.00247976114042], [0.00015260244254, -0.00169054651633, 0.00141181412619, -0.00248807459138, 0.00513992272317, -0.00197548884898, 0.000946301326621, -0.00110947713256, 0.00117936707102, -0.00153425277676, 0.00248672417365, -0.00232915347442, 0.00161115487572], [-0.000312873191433, 0.00163800967857, -0.00142609688919, 0.00139003258664, -0.00197548884898, 0.0068836081773, -0.003602062352, 0.000234153776546, -0.00111204572022, 0.00122763949912, -0.00213379738852, 0.00171219848562, -0.00095043546753], [0.000237523330725, -0.00144837750122, 0.0016144325491, -0.00168674590532, 0.000946301326621, -0.003602062352, 0.00670853629708, -0.00267085013911, 0.00222080037929, -0.000534502381925, -0.000925857166294, 0.000365457235603, 0.00247040810063], [-0.000667788204737, 0.00104399095289, -0.00109861558303, 0.00181552837603, -0.00110947713256, 0.000234153776546, -0.00267085013911, 0.0110172815621, -0.00408017775044, 0.000426689191954, -0.000221972717554, -8.88123977347e-05, -0.00189227040391], [0.000400629243813, -0.00124516780488, 0.00131909060292, -0.00200241548009, 0.00117936707102, -0.00111204572022, 0.00222080037929, -0.00408017775044, 0.00888017937541, -0.00152226479258, 0.00120990129653, -0.000268065516138, 0.00141017918941], [-0.000250954297371, 0.00134954671375, -0.00123707158491, 0.0013728790218, -0.00153425277676, 0.00122763949912, -0.000534502381925, 0.000426689191954, -0.00152226479258, 0.0131508819759, -0.00293144979514, 0.00193386489991, 0.00108497205656], [0.00029876147164, -0.00152865087148, 0.0011696096044, -0.00162447057664, 0.00248672417365, -0.00213379738852, -0.000925857166294, -0.000221972717554, 0.00120990129653, -0.00293144979514, 0.0144373979419, -0.00286781135947, -0.00092682056129], [-0.000607842579484, 0.00184936530422, -0.000909089168999, 0.00123831571545, -0.00232915347442, 0.00171219848562, 0.000365457235603, -8.88123977347e-05, -0.000268065516138, 0.00193386489991, -0.00286781135947, 0.0133013222367, -0.0044419830665], [0.000595554651227, -0.00174370757304, 0.0012678388739, -0.00247976114042, 0.00161115487572, -0.00095043546753, 0.00247040810063, -0.00189227040391, 0.00141017918941, 0.00108497205656, -0.00092682056129, -0.0044419830665, 0.0162482522428]]
    },
    "melbands": {
        "max": [0.015625692904, 0.0336425490677, 0.0256370306015, 0.0109009100124, 0.00860891770571, 0.0100463358685, 0.00946454145014, 0.0109316688031, 0.00740673486143, 0.0056684021838, 0.00372747541405, 0.00841936375946, 0.00361411180347, 0.00325504108332, 0.00117895880248, 0.00134497345425, 0.000565858790651, 0.000796312117018, 0.000346419546986, 0.000944482744671, 0.000893024553079, 0.000974914990366, 0.000263863941655, 0.000362322403817, 0.000140353047755, 0.000350988964783, 0.000656317162793, 0.000510660524014, 0.00052919058362, 0.00054072245257, 0.000412526045693, 0.000413395755459, 0.000384630489862, 0.000412190536736, 0.000336997094564, 0.000386162631912, 0.000244114708039, 0.000164717115695, 0.000158754366566, 0.000121984376165],
        "mean": [0.00148666312452, 0.0019081797218, 0.000697425857652, 0.000422437762609, 0.000594726006966, 0.000181171679287, 0.000116017828987, 0.000275098485872, 0.000253457896179, 0.000121768796816, 0.000132578483317, 0.000133144931169, 0.000103560894786, 4.20205396949e-05, 3.54161456926e-05, 4.39805116912e-05, 2.35273600993e-05, 2.5473165806e-05, 1.7041562387e-05, 1.82540188689e-05, 2.37883159571e-05, 2.11024507735e-05, 1.64907232829e-05, 1.08326003101e-05, 9.76034789346e-06, 1.36061744342e-05, 1.76662051672e-05, 1.24457719721e-05, 9.80617733148e-06, 1.04647742774e-05, 8.46877628646e-06, 8.79064828041e-06, 1.11553590614e-05, 9.82894925983e-06, 7.757410458e-06, 6.52024436931e-06, 4.97377732245e-06, 3.21468019138e-06, 2.39087944465e-06, 1.64542962011e-06],
        "min": [1.46256243228e-10, 7.50970063912e-10, 4.06174827106e-09, 5.72510439056e-09, 2.43930760035e-08, 5.38033759767e-08, 1.22963868421e-07, 1.02691934956e-07, 1.19543926758e-07, 8.60380993117e-08, 1.00699494965e-07, 8.51488550779e-08, 1.16060050459e-07, 7.50647402015e-08, 5.44407434688e-08, 3.36285772562e-08, 4.54544455408e-08, 3.36944694368e-08, 3.19392903236e-08, 2.08035046967e-08, 3.83893876688e-08, 1.98341929547e-08, 2.42787638882e-08, 1.59218824791e-08, 1.40101965584e-08, 2.12479189798e-08, 2.30796484146e-08, 1.25143770902e-08, 1.36462734446e-08, 1.14510552152e-08, 6.19019857595e-09, 4.48779990947e-09, 3.63601992959e-09, 2.28049534812e-09, 1.72895819883e-09, 1.0793387295e-09, 6.6757482875e-10, 2.74294281732e-10, 3.51918078012e-11, 6.26720203512e-11],
        "stdev": [0.00254689040594, 0.00256202556193, 0.00196703197435, 0.0007434473373, 0.00104793044738, 0.00059921189677, 0.000506681331899, 0.00072827830445, 0.000671670190059, 0.00042338584899, 0.00032586796442, 0.000397709314711, 0.000337588775437, 0.000133455832838, 9.79357791948e-05, 0.000119074582472, 5.15191059094e-05, 5.80755404371e-05, 3.44253239746e-05, 4.99075831613e-05, 5.62151326449e-05, 5.13517770742e-05, 3.09978022415e-05, 2.21513619181e-05, 1.56316418725e-05, 2.81519023702e-05, 3.76789721486e-05, 2.74561753031e-05, 2.54456499533e-05, 3.09756433126e-05, 2.50470038736e-05, 2.37301446759e-05, 2.35333536693e-05, 2.30899586313e-05, 2.34330946114e-05, 2.05446067412e-05, 1.49285415318e-05, 9.74384875008e-06, 8.36183789943e-06, 5.72925273445e-06]
    },
    "melbands128": {
        "max": [0.00201570894569, 0.0139907719567, 0.0252582784742, 0.0311520509422, 0.0443226397038, 0.0303519330919, 0.0423682332039, 0.0256009027362, 0.0170456301421, 0.0121724419296, 0.0084001403302, 0.0129680391401, 0.0110706211999, 0.0103876292706, 0.0174574200064, 0.0151609145105, 0.0219855047762, 0.0152318943292, 0.0144987730309, 0.0117511637509, 0.0223857555538, 0.0208263471723, 0.0142279947177, 0.0123651223257, 0.00623331358656, 0.013052970171, 0.00795638281852, 0.00499136233702, 0.00933696236461, 0.0113815879449, 0.0120708309114, 0.00766152236611, 0.00657629268244, 0.00872217584401, 0.00456483848393, 0.00465555302799, 0.00262540299445, 0.00221517495811, 0.002532284474, 0.00355503568426, 0.00254811509512, 0.000890500377864, 0.000888234237209, 0.00105044129305, 0.00115574034862, 0.00126536202151, 0.00113193772268, 0.000683731283061, 0.000913992407732, 0.000339866877766, 0.00177392142359, 0.00261569046415, 0.00160421326291, 0.00148693786468, 0.00247011054307, 0.0012206856627, 0.000538337277249, 0.000563425011933, 0.000523062772118, 0.000701159820892, 0.000469505874207, 0.000161482661497, 0.000246820854954, 0.000230863515753, 0.000286204332951, 0.000473888969282, 0.000430938147474, 0.000633498944808, 0.00115544989239, 0.00109675957356, 0.000421396776801, 0.00054654921405, 0.000593913893681, 0.000729015679099, 0.000630371738225, 0.0008191645029, 0.000797647458967, 0.000557379215024, 0.000550510187168, 0.000467472273158, 0.000627251632977, 0.000411355140386, 0.000278747495031, 0.00047348960652, 0.000437216949649, 0.00040368642658, 0.000417240749812, 0.00052234751638, 0.000432568078395, 0.000365128362319, 0.000423621298978, 0.000515824009199, 0.000244213500991, 0.000257964769844, 0.000379608245566, 0.000209375357372, 0.000131429726025, 0.000179199603735, 0.000223622031626, 0.000149993604282, 0.000118548690807, 0.000181333671208, 0.000167357677128, 9.49949535425e-05, 8.46035181894e-05, 5.941091149e-05, 9.10733797355e-05, 5.69229450775e-05, 5.52602541575e-05, 1.95845495909e-05, 8.39035692479e-06, 4.76293052998e-06, 4.42728196504e-06, 1.96422183762e-06, 7.58271994528e-07, 3.951618055e-07, 1.07761957224e-06, 1.23527638607e-06, 1.36702249165e-06, 1.50741186644e-06, 1.17956822976e-07, 5.84958712579e-08, 6.91886583581e-08, 2.77385758807e-09, 2.72632427745e-09, 2.69053757052e-09, 2.66136601645e-09, 2.6450124313e-09],
        "mean": [9.10504022613e-05, 0.00101175403688, 0.00199690437876, 0.00254143914208, 0.00217467360198, 0.00128179253079, 0.000849513045978, 0.000598913175054, 0.000352064904291, 0.000256377068581, 0.000512996397447, 0.000932293420192, 0.000589607283473, 0.000226595278946, 0.000213116814848, 0.000121024539112, 0.000120113683806, 0.000119336415082, 0.000100219447631, 0.000184018790605, 0.00042345028487, 0.000401876168326, 0.000190011822269, 0.000178253030754, 0.000108979773358, 0.000118663272588, 9.07730791369e-05, 0.000141421987792, 0.000165636040037, 0.00011921456462, 0.000126888960949, 0.000149798346683, 9.41068792599e-05, 9.24634296098e-05, 4.60018927697e-05, 3.09027745971e-05, 2.14285009861e-05, 3.92227375414e-05, 3.70253255824e-05, 5.16194377269e-05, 5.35207436769e-05, 1.87383211596e-05, 1.97260760615e-05, 2.26534448302e-05, 4.0330014599e-05, 2.30442365137e-05, 1.29653371914e-05, 2.21233640332e-05, 1.59018745762e-05, 1.09642469397e-05, 2.16378321056e-05, 2.0166637114e-05, 2.34935087065e-05, 2.41850611928e-05, 2.88235205517e-05, 2.12720879063e-05, 1.44860287037e-05, 1.2804383914e-05, 2.00512004085e-05, 1.91348990484e-05, 9.78461594059e-06, 4.40358644482e-06, 7.94170318841e-06, 1.07602782009e-05, 1.39476678669e-05, 1.42525896081e-05, 1.23628296933e-05, 1.49642537508e-05, 2.15265463339e-05, 1.86503366422e-05, 1.12966272354e-05, 1.03108022813e-05, 8.98982580111e-06, 1.03974398371e-05, 9.46653199208e-06, 1.14305594252e-05, 1.06865236376e-05, 8.04892806627e-06, 7.62139416111e-06, 1.00829265648e-05, 7.83275663707e-06, 8.40859956952e-06, 1.02253634395e-05, 1.17723220683e-05, 1.20538525152e-05, 1.01956420622e-05, 9.32770126383e-06, 8.12858797872e-06, 7.76713295636e-06, 7.43821146898e-06, 7.10187077857e-06, 6.49043204248e-06, 5.13906297783e-06, 5.00685928273e-06, 5.09403889737e-06, 3.52930464942e-06, 2.77002231996e-06, 2.6456177693e-06, 2.62231674242e-06, 2.11444375964e-06, 1.8622299649e-06, 1.58631371505e-06, 1.38242739922e-06, 1.12550026188e-06, 7.53881693072e-07, 6.15967280737e-07, 7.00755890648e-07, 5.93800564275e-07, 6.77398816151e-07, 2.59740062347e-07, 1.3404819299e-07, 6.72139677249e-08, 5.66597684326e-08, 4.61508307126e-08, 1.01629060723e-08, 6.32179419924e-09, 2.67628674777e-08, 2.23934524257e-08, 1.75480003861e-08, 5.0525867934e-09, 1.37333155958e-09, 3.83731130205e-10, 2.18503007354e-10, 9.39654083709e-12, 5.86628575577e-12, 5.73241150728e-12, 5.64563586852e-12, 5.60690252907e-12],
        "min": [3.19067407044e-12, 2.70766516847e-11, 4.35170441349e-11, 9.84376608004e-11, 3.39411887484e-10, 2.55685028705e-10, 1.47290779573e-09, 1.49806522742e-09, 1.68145641855e-09, 1.50078327543e-09, 2.47734233128e-09, 4.43542180761e-09, 5.74760505856e-09, 5.36759880987e-09, 3.47732331818e-08, 3.54631417565e-08, 2.35597283904e-08, 3.95107839779e-08, 4.37286153954e-08, 1.49481333978e-08, 5.06082429297e-08, 5.01027592748e-08, 6.88319801156e-08, 1.58298600894e-08, 2.10248209953e-08, 3.13541121955e-08, 2.63956518864e-08, 5.54557040289e-08, 3.85780580814e-08, 4.53818458368e-08, 4.13123686371e-08, 6.02629679491e-09, 1.91036697572e-08, 3.34571907956e-08, 2.49026950172e-08, 1.7583960954e-08, 2.57672123638e-08, 1.62743596377e-08, 3.14100461196e-08, 1.84483663901e-08, 1.22301315741e-08, 9.46451894634e-09, 1.372800984e-08, 1.93055935682e-08, 1.48709817793e-08, 1.46919365562e-08, 1.18187131193e-08, 1.79182180204e-08, 1.98379108696e-08, 4.11916145637e-09, 8.05121747049e-09, 1.78118941818e-08, 1.51261811965e-08, 1.41832519063e-08, 1.47609400258e-08, 1.49392000992e-08, 8.29486257459e-09, 1.14380709348e-08, 1.05874375933e-08, 5.80684966778e-09, 2.17921702905e-09, 3.46312623023e-09, 6.7551697569e-09, 7.58179830029e-09, 1.1505026265e-08, 9.8329984155e-09, 1.07331050714e-08, 7.86898635141e-09, 1.337994604e-08, 1.25634045389e-08, 4.290179767e-09, 9.98563987054e-09, 1.11201989839e-08, 9.6706385122e-09, 1.22028378513e-08, 6.33210328616e-09, 3.46318129729e-09, 3.98087829367e-09, 3.20430926237e-09, 2.34155872469e-09, 3.30742189192e-09, 1.6085693888e-09, 2.6361122174e-09, 1.76798564677e-09, 1.49660184245e-09, 1.52028467593e-09, 1.51996615294e-09, 1.38388345228e-09, 1.20606014065e-09, 1.25391008687e-09, 9.07951824836e-10, 6.06804384518e-10, 4.9275078462e-10, 4.77792694298e-10, 2.77316447583e-10, 2.54170906544e-10, 2.21427959302e-10, 4.58894311439e-11, 5.63378640614e-12, 5.26927676839e-13, 1.1531276151e-12, 3.65867926233e-11, 2.03452532599e-11, 1.12871222785e-11, 2.98843545396e-12, 2.70521148885e-12, 1.48340747238e-12, 6.89864560876e-13, 1.95834938977e-13, 1.43149720051e-13, 1.11608727089e-13, 7.80752077031e-14, 5.44552297948e-14, 5.33504243929e-14, 7.66417501295e-14, 7.19339613374e-14, 6.73535391956e-14, 6.26256587821e-14, 6.40352910129e-14, 6.35213453018e-14, 6.45006576904e-14, 4.94890688488e-14, 6.78740511061e-14, 5.57316203549e-14, 4.07251780855e-14, 1.51066344086e-14, 2.34893544163e-15, 8.55398654923e-17],
        "stdev": [0.000234719103901, 0.00240432797, 0.00388741889037, 0.00361130246893, 0.00298012141138, 0.00224338239059, 0.00301444879733, 0.00208168360405, 0.00101153622381, 0.000713122601155, 0.000858262414113, 0.00175048643723, 0.0012896360131, 0.000667827262077, 0.000942126731388, 0.000592611613683, 0.000741111347452, 0.000700446078554, 0.000527365657035, 0.000659771671053, 0.00131734705064, 0.00141775060911, 0.000701521523297, 0.000840114546008, 0.000453378685052, 0.00068651617039, 0.000364239211194, 0.000430171116022, 0.000586995971389, 0.000522026675753, 0.00050337263383, 0.000556168379262, 0.000425554520916, 0.000495351676363, 0.000166251222254, 0.000150155770825, 0.000108068037662, 0.000140953532537, 0.000135777911055, 0.000191446510144, 0.000180492599611, 6.71610541758e-05, 6.81016827002e-05, 7.00710588717e-05, 0.000113038695417, 7.51388797653e-05, 4.38851639046e-05, 5.67107090319e-05, 4.46113226644e-05, 2.98965878756e-05, 8.66604314069e-05, 8.10666097095e-05, 8.05775853223e-05, 7.9078352428e-05, 0.000103661055618, 7.18701194273e-05, 4.02994737669e-05, 3.38872159773e-05, 5.05150419485e-05, 4.78414804093e-05, 2.66978040599e-05, 9.70442124526e-06, 1.80152874236e-05, 2.02222090593e-05, 2.74584690487e-05, 3.95142014895e-05, 3.18515267281e-05, 4.29021602031e-05, 5.42060224689e-05, 4.6835419198e-05, 3.03840915876e-05, 2.83933513856e-05, 2.79753912764e-05, 3.07379741571e-05, 2.89383515337e-05, 4.0196464397e-05, 3.72220238205e-05, 2.58075942838e-05, 2.46068466367e-05, 3.11956719088e-05, 2.77032941085e-05, 2.23485494644e-05, 2.32587226492e-05, 2.80889744317e-05, 2.81835309579e-05, 2.44004459091e-05, 2.36484756897e-05, 2.71107492154e-05, 2.66764509433e-05, 2.37788190134e-05, 2.28512453759e-05, 2.33006066992e-05, 1.74390661414e-05, 1.53888831846e-05, 1.69108789123e-05, 1.14763506645e-05, 8.57098166307e-06, 9.11604456633e-06, 1.09950133265e-05, 7.21091100786e-06, 6.02764566793e-06, 6.62355068926e-06, 5.86820306125e-06, 4.52136828244e-06, 3.28069882016e-06, 2.47514776675e-06, 3.34425567416e-06, 2.49418258136e-06, 3.47361492459e-06, 1.09872985377e-06, 4.57551834643e-07, 2.41153173874e-07, 1.9975014709e-07, 1.42572361028e-07, 3.49891458029e-08, 1.97178593453e-08, 7.43741566112e-08, 7.09412191213e-08, 6.48367830536e-08, 3.9804334051e-08, 7.34135907621e-09, 2.58470400638e-09, 2.2275270517e-09, 9.19582396341e-11, 8.42753644648e-11, 8.31568564008e-11, 8.22678175583e-11, 8.17603623693e-11]
    },
    "mfcc": {
        "mean": [-659.514831543, 90.0701980591, 16.2996845245, 27.9156570435, -1.74581670761, 12.8925180435, 0.477545768023, 10.9077386856, 1.87540364265, 4.65882492065, -3.20020318031, -0.841669499874, -0.409705877304],
        "cov": [[7330.56787109, -1016.16821289, 610.800598145, 259.390106201, 372.157592773, 86.1645126343, 223.532424927, 354.950683594, 34.3189697266, 60.3691101074, 101.728561401, -52.2818222046, 156.100845337], [-1016.16821289, 1172.61901855, -130.331604004, 34.3146705627, 7.03362178802, -15.4618120193, 30.4796886444, -35.55493927, 7.10793352127, 11.5653629303, -3.91359782219, -19.6584472656, 5.96157073975], [610.800598145, -130.331604004, 1823.64892578, 564.472839355, 415.717468262, 137.411087036, 50.5695724487, -10.0697488785, 62.8839225769, -48.2457885742, -27.0034046173, 138.434677124, 0.945902049541], [259.390106201, 34.3146705627, 564.472839355, 624.494628906, 286.545440674, 99.4409332275, 25.745672226, 10.2041540146, 54.7048377991, -35.410785675, -18.8916187286, 48.7923583984, 15.5956602097], [372.157592773, 7.03362178802, 415.717468262, 286.545440674, 406.217315674, 60.211265564, -31.3366622925, 13.0359544754, 58.7002830505, -41.9416351318, -9.3318271637, 31.3057518005, 11.8420772552], [86.1645126343, -15.4618120193, 137.411087036, 99.4409332275, 60.211265564, 220.276138306, 115.946472168, 52.3999900818, 17.3712863922, 41.0269355774, 43.2603683472, -14.7034053802, 6.55241298676], [223.532424927, 30.4796886444, 50.5695724487, 25.745672226, -31.3366622925, 115.946472168, 284.874542236, 75.0149765015, -0.012002421543, 54.301815033, 38.2151565552, -20.9433135986, 11.8960733414], [354.950683594, -35.55493927, -10.0697488785, 10.2041540146, 13.0359544754, 52.3999900818, 75.0149765015, 187.690292358, 39.1691322327, 41.1339759827, 29.95611763, -11.0740499496, 36.6243247986], [34.3189697266, 7.10793352127, 62.8839225769, 54.7048377991, 58.7002830505, 17.3712863922, -0.012002421543, 39.1691322327, 106.462646484, 23.5293636322, 1.9873675108, 13.0271520615, 10.9356126785], [60.3691101074, 11.5653629303, -48.2457885742, -35.410785675, -41.9416351318, 41.0269355774, 54.301815033, 41.1339759827, 23.5293636322, 155.154174805, 58.8058319092, -26.1501255035, 7.78528308868], [101.728561401, -3.91359782219, -27.0034046173, -18.8916187286, -9.3318271637, 43.2603683472, 38.2151565552, 29.95611763, 1.9873675108, 58.8058319092, 104.145378113, -5.39445877075, 5.62253808975], [-52.2818222046, -19.6584472656, 138.434677124, 48.7923583984, 31.3057518005, -14.7034053802, -20.9433135986, -11.0740499496, 13.0271520615, -26.1501255035, -5.39445877075, 100.875679016, 9.94857597351], [156.100845337, 5.96157073975, 0.945902049541, 15.5956602097, 11.8420772552, 6.55241298676, 11.8960733414, 36.6243247986, 10.9356126785, 7.78528308868, 5.62253808975, 9.94857597351, 92.8581237793]],
        "icov": [[0.000197347661015, 0.000170279789018, -4.1081722884e-05, -1.25282977024e-05, -0.0001998913649, 0.0002062455751, -0.000153044311446, -0.000269424024737, 0.000131286418764, -3.69619078811e-06, -0.000145302474266, 0.000226034622756, -0.000233925456996], [0.000170279789018, 0.00103873445187, 7.82143542892e-05, -0.000143361394294, -0.000256780243944, 0.000333741249051, -0.000362697814126, 7.88529505371e-05, -2.2166830604e-05, -9.3479276984e-05, -9.70483670244e-05, 0.000319671933539, -0.000323021638906], [-4.1081722884e-05, 7.82143542892e-05, 0.000935674528591, -0.000486261968035, -0.000515587162226, -0.000256380357314, -0.000200223672437, 0.000221228809096, 8.24567759992e-05, -0.000180954302778, 0.000301838299492, -0.00101606105454, 0.000254458223935], [-1.25282977024e-05, -0.000143361394294, -0.000486261968035, 0.00285506690852, -0.00129671092145, -0.00070443470031, -0.000158582246513, 0.000152074033394, -0.000383328035241, 0.000202438299311, 0.000479044945678, -0.000313681317493, -0.000236111212871], [-0.0001998913649, -0.000256780243944, -0.000515587162226, -0.00129671092145, 0.00463492935523, -0.000869172508828, 0.00110455125105, 3.32723684551e-05, -0.00167527713347, 0.00121702253819, -0.000457153510069, 0.000358789839083, -2.43317626882e-05], [0.0002062455751, 0.000333741249051, -0.000256380357314, -0.00070443470031, -0.000869172508828, 0.00726032024249, -0.00248164520599, -0.000769063772168, -3.56288655894e-05, -0.000417158094933, -0.00203655730002, 0.00138166220859, -1.29796180772e-05], [-0.000153044311446, -0.000362697814126, -0.000200223672437, -0.000158582246513, 0.00110455125105, -0.00248164520599, 0.00532854208723, -0.00129837205168, 0.000650173577014, -0.000630709168036, -4.99223278894e-05, 0.000197659755941, 0.000131097811391], [-0.000269424024737, 7.88529505371e-05, 0.000221228809096, 0.000152074033394, 3.32723684551e-05, -0.000769063772168, -0.00129837205168, 0.00774942338467, -0.00261048064567, -0.000359422439942, -0.000694899063092, 0.000369230721844, -0.00207996019162], [0.000131286418764, -2.2166830604e-05, 8.24567759992e-05, -0.000383328035241, -0.00167527713347, -3.56288655894e-05, 0.000650173577014, -0.00261048064567, 0.0121951578185, -0.00277131516486, 0.00144897541031, -0.00170665944461, -0.000101992751297], [-3.69619078811e-06, -9.3479276984e-05, -0.000180954302778, 0.000202438299311, 0.00121702253819, -0.000417158094933, -0.000630709168036, -0.000359422439942, -0.00277131516486, 0.00980698224157, -0.00474356114864, 0.00220416625962, -0.00036793135223], [-0.000145302474266, -9.70483670244e-05, 0.000301838299492, 0.000479044945678, -0.000457153510069, -0.00203655730002, -4.99223278894e-05, -0.000694899063092, 0.00144897541031, -0.00474356114864, 0.0134781524539, -0.00170174788218, 0.000242725611315], [0.000226034622756, 0.000319671933539, -0.00101606105454, -0.000313681317493, 0.000358789839083, 0.00138166220859, 0.000197659755941, 0.000369230721844, -0.00170665944461, 0.00220416625962, -0.00170174788218, 0.0126978065819, -0.00189285178203], [-0.000233925456996, -0.000323021638906, 0.000254458223935, -0.000236111212871, -2.43317626882e-05, -1.29796180772e-05, 0.000131097811391, -0.00207996019162, -0.000101992751297, -0.00036793135223, 0.000242725611315, -0.00189285178203, 0.0122587047517]]
    },
    "spectral_contrast_coeffs": {
        "max": [-0.438205063343, -0.455801337957, -0.463639914989, -0.602439284325, -0.583268582821, -0.587992668152],
        "mean": [-0.702869355679, -0.739646971226, -0.766273319721, -0.792489647865, -0.779123187065, -0.745012640953],
        "min": [-0.909508347511, -0.919593751431, -0.920783698559, -0.913553595543, -0.88775229454, -0.866003751755],
        "stdev": [0.074631601572, 0.0921073034406, 0.0754880011082, 0.0606766976416, 0.0520403683186, 0.0439223311841]
    },
    "spectral_contrast_valleys": {
        "max": [-4.58360815048, -5.33480358124, -4.95597076416, -6.05530166626, -5.41228961945, -7.23874902725],
        "mean": [-7.06851816177, -7.40037155151, -7.81409788132, -8.09643173218, -7.77073717117, -10.0088787079],
        "min": [-12.8891248703, -9.26091480255, -9.97191429138, -9.9564371109, -9.58542156219, -13.5130376816],
        "stdev": [1.26253020763, 0.715883910656, 0.818707346916, 0.810010612011, 0.837147831917, 1.1976749897]
    }
},
"rhythm": {
    "beats_count": 106,
    "beats_loudness": {
        "max": 0.121037386358,
        "mean": 0.0296333134174,
        "min": 0.000252472033026,
        "stdev": 0.0238069277257
    },
    "bpm": 133.03918457,
    "bpm_histogram_first_peak_bpm": 133,
    "bpm_histogram_first_peak_weight": 0.476190507412,
    "bpm_histogram_second_peak_bpm": 126,
    "bpm_histogram_second_peak_spread": 0.235294163227,
    "bpm_histogram_second_peak_weight": 0.12380952388,
    "danceability": 1.03525030613,
    "onset_rate": 3.5888671875,
    "beats_loudness_band_ratio": {
        "max": [0.987431824207, 0.794679760933, 0.689047992229, 0.693058133125, 0.295309245586, 0.967868804932],
        "mean": [0.364129662514, 0.163142710924, 0.141636788845, 0.122082971036, 0.0624223612249, 0.162022337317],
        "min": [0.000109196611447, 0.000268212839728, 0.000414525333326, 0.000553485762794, 0.000295517209452, 0.00195708754472],
        "stdev": [0.273423612118, 0.189248621464, 0.147386536002, 0.172922283411, 0.0656942278147, 0.208898797631]
    },
