{
"metadata": {
    "version": {
        "essentia": "2.1-beta5",
        "essentia_git_sha": "Undefined",
        "extractor": "music 2.0"
    },
    "audio_properties": {
        "analysis": {
            "equal_loudness": 0,
            "length": 48.7502937317,
            "sample_rate": 44100,
            "start_time": 110.248344421,
            "downmix": "mix"
        },
        "bit_rate": 192000,
        "length": 179.977874756,
        "lossless": 0,
        "number_channels": 2,
        "replay_gain": 2.1893863678,
        "sample_rate": 48000,
        "codec": "mp3",
        "md5_encoded": "d506f4acf0186e5552a3db969fa4bdd4"
    },
    "tags": {
        "file_name": "Lithuania_Nomads In The Night_Jeronimas Milius.mp3",
        "encoding": ["Lavf58.29.100"]
    }
},
"lowlevel": {
    "average_loudness": 0.980029881001,
    "barkbands_crest": {
        "max": 21.1891860962,
        "mean": 7.80804252625,
        "min": 2.73841142654,
        "stdev": 2.99950361252
    },
    "barkbands_flatness_db": {
        "max": 0.223198235035,
        "mean": 0.139547735453,
        "min": 0.0857917368412,
        "stdev": 0.0195834822953
    },
    "barkbands_kurtosis": {
        "max": 15.8012924194,
        "mean": -0.748903512955,
        "min": -1.84012615681,
        "stdev": 1.2593832016
    },
    "barkbands_skewness": {
        "max": 3.87622284889,
        "mean": 0.135425031185,
        "min": -1.7395825386,
        "stdev": 0.685567736626
    },
    "barkbands_spread": {
        "max": 90.8849639893,
        "mean": 38.3919258118,
        "min": 10.5337924957,
        "stdev": 11.5180015564
    },
    "dissonance": {
        "max": 0.499994784594,
        "mean": 0.478079259396,
        "min": 0.380946040154,
        "stdev": 0.0145468004048
    },
    "dynamic_complexity": 1.65233540535,
    "erbbands_crest": {
        "max": 21.5693130493,
        "mean": 9.27551651001,
        "min": 3.1963763237,
        "stdev": 3.02321863174
    },
    "erbbands_flatness_db": {
        "max": 0.283956646919,
        "mean": 0.191621139646,
        "min": 0.0965646505356,
        "stdev": 0.0294957794249
    },
    "erbbands_kurtosis": {
        "max": 19.8624038696,
        "mean": 0.384832113981,
        "min": -1.65360069275,
        "stdev": 2.24694418907
    },
    "erbbands_skewness": {
        "max": 1.52246928215,
        "mean": -0.627855181694,
        "min": -3.6192085743,
        "stdev": 0.65363150835
    },
    "erbbands_spread": {
        "max": 82.0335617065,
        "mean": 31.7163658142,
        "min": 6.76186656952,
        "stdev": 11.4438209534
    },
    "hfc": {
        "max": 80.2576828003,
        "mean": 30.9545116425,
        "min": 0.727545261383,
        "stdev": 13.7818107605
    },
    "loudness_ebu128": {
        "integrated": -25.079000473,
        "loudness_range": 1.96075057983,
        "momentary": {
            "max": -22.8955593109,
            "mean": -25.2176170349,
            "min": -29.4520988464,
            "stdev": 1.14342665672
        },
        "short_term": {
            "max": -24.0319385529,
            "mean": -25.1085700989,
            "min": -27.0503940582,
            "stdev": 0.731912076473
        }
    },
    "melbands_crest": {
        "max": 29.9290237427,
        "mean": 11.0838832855,
        "min": 3.72463202477,
        "stdev": 4.1703748703
    },
    "melbands_flatness_db": {
        "max": 0.276921957731,
        "mean": 0.129288464785,
        "min": 0.0325865894556,
        "stdev": 0.0340468548238
    },
    "melbands_kurtosis": {
        "max": 58.5440826416,
        "mean": 1.75527405739,
        "min": -1.81562054157,
        "stdev": 4.52487134933
    },
    "melbands_skewness": {
        "max": 6.64390802383,
        "mean": 1.26500749588,
        "min": -0.754341840744,
        "stdev": 0.856684625149
    },
    "melbands_spread": {
        "max": 168.302246094,
        "mean": 58.2274398804,
        "min": 6.13924455643,
        "stdev": 20.7807006836
    },
    "pitch_salience": {
        "max": 0.845682501793,
        "mean": 0.539261102676,
        "min": 0.26124984026,
        "stdev": 0.0893668532372
    },
    "silence_rate_20dB": {
        "max": 1,
        "mean": 1,
        "min": 1,
        "stdev": 0
    },
    "silence_rate_30dB": {
        "max": 1,
        "mean": 1,
        "min": 1,
        "stdev": 0
    },
    "silence_rate_60dB": {
        "max": 0,
        "mean": 0,
        "min": 0,
        "stdev": 0
    },
    "spectral_centroid": {
        "max": 4251.77978516,
        "mean": 2537.43994141,
        "min": 951.521972656,
        "stdev": 458.839660645
    },
    "spectral_complexity": {
        "max": 40,
        "mean": 23.1394577026,
        "min": 1,
        "stdev": 6.02210187912
    },
    "spectral_decrease": {
        "max": -1.17761911334e-10,
        "mean": -4.43912684389e-09,
        "min": -1.268715355e-08,
        "stdev": 1.76414860498e-09
    },
    "spectral_energy": {
        "max": 0.0511485859752,
        "mean": 0.0195619594306,
        "min": 0.000510452489834,
        "stdev": 0.00747567322105
    },
    "spectral_energyband_high": {
        "max": 0.0100741460919,
        "mean": 0.00126564421225,
        "min": 2.63462006842e-05,
        "stdev": 0.0011138424743
    },
    "spectral_energyband_low": {
        "max": 0.0281818695366,
        "mean": 0.00426198681816,
        "min": 1.38203758979e-05,
        "stdev": 0.00372734246776
    },
    "spectral_energyband_middle_high": {
        "max": 0.024953275919,
        "mean": 0.0092109227553,
        "min": 0.000366452120943,
        "stdev": 0.00542480871081
    },
    "spectral_energyband_middle_low": {
        "max": 0.0285514555871,
        "mean": 0.00524638500065,
        "min": 0.000140139643918,
        "stdev": 0.00402583507821
    },
    "spectral_entropy": {
        "max": 8.54514312744,
        "mean": 7.64129304886,
        "min": 6.85999822617,
        "stdev": 0.257480353117
    },
    "spectral_flux": {
        "max": 0.189671397209,
        "mean": 0.0790130570531,
        "min": 0.0228720866144,
        "stdev": 0.0302592366934
    },
    "spectral_kurtosis": {
        "max": 15.0913543701,
        "mean": 3.36133241653,
        "min": -0.845647096634,
        "stdev": 2.0427441597
    },
    "spectral_rms": {
        "max": 0.00706406822428,
        "mean": 0.00428085494787,
        "min": 0.000705692858901,
        "stdev": 0.000871278287377
    },
    "spectral_rolloff": {
        "max": 8441.015625,
        "mean": 3185.18994141,
        "min": 129.19921875,
        "stdev": 1037.38916016
    },
    "spectral_skewness": {
        "max": 2.62448716164,
        "mean": 1.02920651436,
        "min": -0.00388340721838,
        "stdev": 0.339313387871
    },
    "spectral_spread": {
        "max": 8465208,
        "mean": 3645882.75,
        "min": 1997260.25,
        "stdev": 860160.25
    },
    "spectral_strongpeak": {
        "max": 12.8517885208,
        "mean": 1.7888250351,
        "min": 0.0354080274701,
        "stdev": 2.00954008102
    },
    "zerocrossingrate": {
        "max": 0.25048828125,
        "mean": 0.0976469516754,
        "min": 0.017578125,
        "stdev": 0.0273056011647
    },
    "barkbands": {
        "max": [0.000980367185548, 0.0266895666718, 0.00912937708199, 0.0043257959187, 0.0136011596769, 0.0110814124346, 0.0134581616148, 0.0207795016468, 0.0200758483261, 0.0202222131193, 0.00567135168239, 0.0101576559246, 0.00756369298324, 0.0068536424078, 0.008614288643, 0.00781096797436, 0.0150051843375, 0.0127363028005, 0.00902875699103, 0.00578664056957, 0.0026423514355, 0.00326977716759, 0.00396230118349, 0.00433793151751, 0.00131348066498, 3.9563469727e-06, 3.41382974511e-06],
        "mean": [7.24341007299e-05, 0.00283064506948, 0.00110129010864, 0.000433174427599, 0.000660484074615, 0.000488700752612, 0.000353249517502, 0.00105955603067, 0.00191053689923, 0.00153002690058, 0.00033926035394, 0.000425466860179, 0.000547271163668, 0.000362806313206, 0.000400053890189, 0.000666675448883, 0.00124570447952, 0.00209212303162, 0.00134795333724, 0.00073898176197, 0.000338263314916, 0.000263968307991, 0.000209392848774, 0.000100659126474, 4.32771048509e-05, 1.17721912218e-08, 2.60641863647e-09],
        "min": [6.01945071566e-09, 2.35053335018e-06, 4.23433266405e-06, 3.5794738551e-07, 5.56954546482e-06, 5.30771012563e-06, 2.33481659961e-06, 2.51688379649e-06, 7.45775059841e-06, 3.57244925908e-06, 2.27766668104e-06, 7.69670987211e-06, 7.51244169805e-06, 1.91857839127e-06, 6.82715437961e-07, 5.17738317285e-06, 1.39756666613e-05, 9.41482721828e-06, 1.02170961327e-05, 8.06879143056e-06, 2.85908754449e-06, 3.99126702177e-06, 4.61077161162e-06, 2.0596125978e-06, 4.22842418857e-07, 2.0097475073e-10, 2.31205277146e-10],
        "stdev": [0.000150267369463, 0.0032233921811, 0.00116904010065, 0.000497230619658, 0.000720556941815, 0.000774329528213, 0.000488512217999, 0.00190742395353, 0.00296400417574, 0.00281660025939, 0.000630862661637, 0.00078358547762, 0.0009109993116, 0.000661196536385, 0.000932278926484, 0.00117796275299, 0.00132652069442, 0.00200038100593, 0.00129211577587, 0.000785437296145, 0.000291512173135, 0.000303958862787, 0.000343404099112, 0.00022206241556, 8.93994583748e-05, 1.25929190631e-07, 7.44763042348e-08]
    },
    "erbbands": {
        "max": [0.746090948582, 6.85561418533, 11.152299881, 11.383266449, 19.5769462585, 64.6825408936, 59.3319206238, 119.715377808, 233.129043579, 151.022064209, 578.251281738, 514.659912109, 731.891052246, 438.823150635, 310.876617432, 452.364257812, 374.307495117, 385.43838501, 490.378234863, 598.598999023, 516.59173584, 726.407653809, 917.270996094, 542.957580566, 420.372070312, 169.893966675, 109.220703125, 122.353729248, 109.459716797, 131.277816772, 129.930648804, 104.898666382, 47.970916748, 19.4501247406, 7.2599439621, 0.46345475316, 0.0121675617993, 0.00213382742368, 0.000486687757075, 7.17373914085e-05],
        "mean": [0.0738770216703, 0.659646809101, 1.31151843071, 1.49303686619, 1.86097514629, 1.82940328121, 3.37169599533, 4.11058187485, 5.10017585754, 9.27603149414, 29.3756484985, 40.6195106506, 50.0757217407, 30.9558105469, 15.0172195435, 18.1159057617, 23.6947174072, 18.3371505737, 18.7552165985, 26.8238315582, 41.3052406311, 75.7001266479, 109.703849792, 100.333274841, 48.4240379333, 31.3079776764, 19.3899059296, 10.7633180618, 8.85159397125, 9.30934047699, 5.06559228897, 2.62273454666, 1.4121941328, 0.655418276787, 0.226173475385, 0.0123499818146, 0.000386013707612, 4.05871505791e-05, 1.97427962121e-05, 2.77013077721e-05],
        "min": [4.45110890723e-05, 0.000730284373276, 0.0046716327779, 0.00617121811956, 0.00608618091792, 0.0168818961829, 0.0575911216438, 0.0455108210444, 0.0477317906916, 0.0728948116302, 0.0993671193719, 0.50095641613, 0.295654922724, 0.390027374029, 0.39121684432, 0.356223672628, 0.373769044876, 0.208272472024, 0.129151985049, 0.046791408211, 0.510835289955, 0.832362353802, 0.796814858913, 0.705084145069, 0.411579757929, 0.451623499393, 0.142677247524, 0.161761939526, 0.141490414739, 0.19633308053, 0.126591384411, 0.0574331469834, 0.0221181251109, 0.00744291674346, 0.00222335429862, 0.000130725820782, 1.17955687529e-05, 2.23895926865e-06, 2.22827225116e-06, 1.72460272552e-06],
        "stdev": [0.106007725, 0.726772367954, 1.25581789017, 1.37420761585, 2.10436272621, 2.52819824219, 5.22186517715, 7.05514478683, 8.23532962799, 10.5493412018, 52.3472747803, 64.8822631836, 77.4760513306, 58.0314254761, 22.0539417267, 31.137714386, 36.8905944824, 30.8967971802, 33.7381477356, 55.2119216919, 60.0394287109, 76.361114502, 105.312026978, 82.0436477661, 48.5583992004, 28.4032516479, 16.1088905334, 9.93515491486, 10.0553150177, 12.498421669, 9.3507194519, 6.14972400665, 2.62170004845, 1.37587499619, 0.438050746918, 0.0230655707419, 0.000689380278345, 7.3410657933e-05, 1.53983892233e-05, 1.01945015558e-05]
    },
    "gfcc": {
        "mean": [8.11788272858, 89.4435043335, -161.243743896, 67.969871521, -71.0936050415, 18.366941452, -28.0427589417, 25.8010406494, -12.1935529709, -13.447763443, -3.64395356178, -11.7115936279, -3.49193286896],
        "cov": [[574.468566895, -201.960571289, -76.7941665649, 19.7986049652, -51.7698402405, 17.0311546326, -24.7791156769, 53.0360870361, -2.61388134956, -31.9332923889, 2.50774860382, 3.18800878525, -26.283493042], [-201.960571289, 446.593261719, -24.3773097992, -47.4376144409, 212.832199097, -25.0312671661, 12.4547595978, -49.5954933167, 27.6083641052, -51.8026695251, 63.2091064453, -0.262950509787, 5.31231880188], [-76.7941665649, -24.3773097992, 357.912719727, 66.8522109985, -56.3059577942, 129.429702759, -28.8879642487, 11.7245941162, -29.9009037018, 58.7770843506, -25.4401378632, 45.7310638428, 20.389465332], [19.7986049652, -47.4376144409, 66.8522109985, 169.685760498, 14.8684530258, -5.14938783646, 43.1015968323, 4.75980186462, 43.6682281494, 26.024312973, -27.956829071, -8.9935874939, 34.7560920715], [-51.7698402405, 212.832199097, -56.3059577942, 14.8684530258, 282.18447876, 12.368019104, -67.6014022827, -8.11133766174, 56.4874343872, -33.0140609741, 32.0549621582, 7.87014245987, 4.04829931259], [17.0311546326, -25.0312671661, 129.429702759, -5.14938783646, 12.368019104, 160.783966064, 21.6180114746, 4.49269008636, -39.1829833984, -1.4423058033, 22.6628170013, 41.4687767029, -14.6071777344], [-24.7791156769, 12.4547595978, -28.8879642487, 43.1015968323, -67.6014022827, 21.6180114746, 253.097946167, 60.6351394653, -38.9468078613, -26.8112182617, 14.561217308, -11.1289539337, 13.7598552704], [53.0360870361, -49.5954933167, 11.7245941162, 4.75980186462, -8.11133766174, 4.49269008636, 60.6351394653, 113.690536499, 15.0254840851, -8.70740795135, -11.3663053513, -1.59189629555, 10.5658388138], [-2.61388134956, 27.6083641052, -29.9009037018, 43.6682281494, 56.4874343872, -39.1829833984, -38.9468078613, 15.0254840851, 129.635986328, 25.962846756, -11.8409881592, -21.9057655334, 11.175784111], [-31.9332923889, -51.8026695251, 58.7770843506, 26.024312973, -33.0140609741, -1.4423058033, -26.8112182617, -8.70740795135, 25.962846756, 106.389343262, -8.22622299194, 3.90305256844, 19.7306613922], [2.50774860382, 63.2091064453, -25.4401378632, -27.956829071, 32.0549621582, 22.6628170013, 14.561217308, -11.3663053513, -11.8409881592, -8.22622299194, 80.0837554932, 33.4471549988, -18.0779914856], [3.18800878525, -0.262950509787, 45.7310638428, -8.9935874939, 7.87014245987, 41.4687767029, -11.1289539337, -1.59189629555, -21.9057655334, 3.90305256844, 33.4471549988, 71.6784667969, 16.2707710266], [-26.283493042, 5.31231880188, 20.389465332, 34.7560920715, 4.04829931259, -14.6071777344, 13.7598552704, 10.5658388138, 11.175784111, 19.7306613922, -18.0779914856, 16.2707710266, 79.8055267334]],
        "icov": [[0.00283158686943, -0.000516190368216, 0.00282359472476, -0.00313004758209, 0.00232859677635, -0.00284802028909, 0.00305029633455, -0.00325975264423, 0.0010716576362, 0.000596600351855, -0.000707163882907, 1.57332760864e-06, 0.000416852737544], [-0.000516190368216, 0.0151030132547, -0.0132856611162, 0.0148118054494, -0.015591760166, 0.0143314441666, -0.0132135311142, 0.0138873709366, -0.00657816883177, 0.00559202069417, -0.00712572177872, 0.00383524154313, -0.00323542463593], [0.00282359472476, -0.0132856611162, 0.0204219333827, -0.0186077598482, 0.0168421138078, -0.0200979150832, 0.0164151955396, -0.0163566600531, 0.00821094214916, -0.00634575262666, 0.0070519191213, -0.00456667970866, 0.00245042960159], [-0.00313004758209, 0.0148118054494, -0.0186077598482, 0.0273190587759, -0.0188622456044, 0.0186108741909, -0.0197799820453, 0.0191485211253, -0.0112349046394, 0.00412099109963, -0.00283915339969, 0.00286093167961, -0.00459391670302], [0.00232859677635, -0.015591760166, 0.0168421138078, -0.0188622456044, 0.023004880175, -0.018970856443, 0.0181503891945, -0.0169056747109, 0.00560877006501, -0.00278394320048, 0.00327592156827, -0.0023405214306, 0.00130810111295], [-0.00284802028909, 0.0143314441666, -0.0200979150832, 0.0186108741909, -0.018970856443, 0.0287385154516, -0.0181996133178, 0.0166300330311, -0.00628890050575, 0.0049252063036, -0.00555516825989, -0.00148882705253, 0.00100445875432], [0.00305029633455, -0.0132135311142, 0.0164151955396, -0.0197799820453, 0.0181503891945, -0.0181996133178, 0.0225096270442, -0.0194813143462, 0.00977302901447, -0.00267198774964, 0.000117338982818, 0.00159517978318, -0.000255696009845], [-0.00325975264423, 0.0138873709366, -0.0163566600531, 0.0191485211253, -0.0169056747109, 0.0166300330311, -0.0194813143462, 0.0277364812791, -0.010793754831, 0.00549262110144, -0.0018886665348, 0.000828015909065, -0.00301330257207], [0.0010716576362, -0.00657816883177, 0.00821094214916, -0.0112349046394, 0.00560877006501, -0.00628890050575, 0.00977302901447, -0.010793754831, 0.0161455906928, -0.0055138990283, 0.00123089447152, 0.00204545841552, 0.000858357001562], [0.000596600351855, 0.00559202069417, -0.00634575262666, 0.00412099109963, -0.00278394320048, 0.0049252063036, -0.00267198774964, 0.00549262110144, -0.0055138990283, 0.0154219008982, -0.00537075521424, 0.0026986587327, -0.00438048830256], [-0.000707163882907, -0.00712572177872, 0.0070519191213, -0.00283915339969, 0.00327592156827, -0.00555516825989, 0.000117338982818, -0.0018886665348, 0.00123089447152, -0.00537075521424, 0.0281205400825, -0.016662331298, 0.00964567437768], [1.57332760864e-06, 0.00383524154313, -0.00456667970866, 0.00286093167961, -0.0023405214306, -0.00148882705253, 0.00159517978318, 0.000828015909065, 0.00204545841552, 0.0026986587327, -0.016662331298, 0.0295125171542, -0.0116175496951], [0.000416852737544, -0.00323542463593, 0.00245042960159, -0.00459391670302, 0.00130810111295, 0.00100445875432, -0.000255696009845, -0.00301330257207, 0.000858357001562, -0.00438048830256, 0.00964567437768, -0.0116175496951, 0.0203346665949]]
    },
    "melbands": {
        "max": [0.00652943272144, 0.00558775523677, 0.00189272640273, 0.00258157704957, 0.00195111439098, 0.00246690399945, 0.00320403114893, 0.00226201256737, 0.00478125596419, 0.00319292768836, 0.00358234578744, 0.00208841031417, 0.000796968233772, 0.00144395895768, 0.0013912395807, 0.000878147489857, 0.00081895547919, 0.00102089345455, 0.000877108192071, 0.000754491309635, 0.000711938017048, 0.000791492697317, 0.000877989339642, 0.00056323845638, 0.000526046263985, 0.000312484015012, 0.000349469395587, 0.000135023525218, 0.000103984370071, 6.45235122647e-05, 7.91072161519e-05, 7.45910001569e-05, 6.51391092106e-05, 8.14637387521e-05, 9.51298352447e-05, 8.04935043561e-05, 7.73594001657e-05, 4.37024282292e-05, 1.82989206223e-05, 1.58989223564e-05],
        "mean": [0.000745726923924, 0.000744396587834, 0.000267247611191, 0.000133244509925, 0.000111933033622, 9.38769226195e-05, 7.56431691116e-05, 0.000128147905343, 0.000260006985627, 0.000259383814409, 0.000259587861365, 0.000144085832289, 4.68635589641e-05, 4.62260686618e-05, 6.01602223469e-05, 4.59969887743e-05, 3.24600005115e-05, 2.95887002721e-05, 3.27910274791e-05, 4.23157143814e-05, 4.67706267955e-05, 7.30840838514e-05, 8.64457033458e-05, 0.000108871565317, 8.03954026196e-05, 4.37809248979e-05, 2.83375393337e-05, 1.85493518075e-05, 1.4348138393e-05, 6.85088480168e-06, 6.02485215495e-06, 5.02204193253e-06, 5.13664417667e-06, 5.10376048624e-06, 3.09861297865e-06, 1.98611883206e-06, 1.43792863128e-06, 1.03223089809e-06, 7.40373423014e-07, 4.90785623697e-07],
        "min": [5.22284892668e-07, 2.31094418268e-06, 1.05231310954e-06, 6.49760181659e-07, 2.11837300412e-06, 9.07179810383e-07, 7.62225170092e-07, 7.43706493722e-07, 8.9400066372e-07, 1.91984986486e-06, 8.89072680366e-07, 4.89995045427e-07, 9.41119367326e-07, 7.34647869649e-07, 1.04877881313e-06, 4.72346386005e-07, 2.77824312889e-07, 2.13220801015e-07, 4.92209117908e-08, 5.88437920612e-08, 7.70180236032e-07, 8.81732489688e-07, 4.47294894457e-07, 3.73996158487e-07, 5.7023686395e-07, 2.32079216289e-07, 1.4484521671e-07, 2.11244767456e-07, 9.64443174212e-08, 4.54200836941e-08, 9.78120695549e-08, 5.9864277091e-08, 5.50528689303e-08, 8.9503366496e-08, 7.73918031882e-08, 2.90016402005e-08, 3.0848635646e-08, 1.4685040739e-08, 8.30343704905e-09, 3.81470233179e-09],
        "stdev": [0.000913613068406, 0.00063261797186, 0.000229261728236, 0.00013618725643, 0.000171370891621, 0.00015410000924, 0.000114723014121, 0.000168163998751, 0.000455114204669, 0.000427145394497, 0.000411036249716, 0.000289972987957, 7.48859893065e-05, 8.86197303771e-05, 0.000113965397759, 8.69758587214e-05, 6.26016117167e-05, 5.97567632212e-05, 8.44517708174e-05, 9.21668615774e-05, 7.05277416273e-05, 8.22616420919e-05, 9.28328663576e-05, 0.000106383631646, 7.32628250262e-05, 4.91192440677e-05, 4.19129464717e-05, 1.93075575226e-05, 1.34726042234e-05, 6.44680949335e-06, 6.16163652012e-06, 5.95497658651e-06, 6.41039741822e-06, 7.41471876609e-06, 5.98446422373e-06, 4.45333171228e-06, 3.68691917174e-06, 2.03815920941e-06, 1.38233667712e-06, 1.10132543796e-06]
    },
    "melbands128": {
        "max": [0.000955830386374, 0.00628580059856, 0.0117689147592, 0.0115022789687, 0.0069583998993, 0.00451668770984, 0.00287342420779, 0.00224503153004, 0.00248618493788, 0.0023252600804, 0.00440934766084, 0.00393195822835, 0.0027247723192, 0.004147187341, 0.00315940706059, 0.00313213001937, 0.00479983491823, 0.00407517747954, 0.00121216406114, 0.0010728018824, 0.00469426251948, 0.00680011697114, 0.00900572258979, 0.0072488039732, 0.00537237571552, 0.00622866116464, 0.00756867602468, 0.00491660181433, 0.00686027202755, 0.00441585620865, 0.00211048824713, 0.00165588210803, 0.000822920352221, 0.00241028214805, 0.00178953702562, 0.00227139540948, 0.00278941914439, 0.00294154137373, 0.00223764940165, 0.00176208058838, 0.00187816552352, 0.00125879247207, 0.00166373478714, 0.00183171173558, 0.0012289241422, 0.00196464196779, 0.00113174074795, 0.00168142665643, 0.00150267616846, 0.00183834275231, 0.00149523280561, 0.00173655967228, 0.00169197516516, 0.00121221586596, 0.00161945004947, 0.00135047547519, 0.00153228524141, 0.00203293585218, 0.00226849317551, 0.00222178292461, 0.00112981419079, 0.00098709797021, 0.00114587822463, 0.00110411189962, 0.00107536290307, 0.000657455180772, 0.000840207445435, 0.000611005816609, 0.000505096220877, 0.000271591357887, 0.000188852543943, 0.000390421919292, 0.000181054565473, 0.000224547751714, 0.000163882548804, 7.66779121477e-05, 7.73157880758e-05, 8.60685104271e-05, 0.000120735021483, 0.000103632701212, 8.96793426364e-05, 9.06658679014e-05, 9.54315037234e-05, 8.44371534185e-05, 0.000125920632854, 0.000102720427094, 0.000107943429612, 0.00010409434617, 0.000163530319696, 0.000107189109258, 8.68853894644e-05, 9.45572755882e-05, 0.000105093247839, 6.40359867248e-05, 0.000133615088998, 6.21961080469e-05, 2.2331963919e-05, 1.76671910594e-05, 2.63410693151e-05, 3.2935749914e-05, 2.55726845353e-05, 1.58547463798e-05, 2.25498861255e-05, 1.01269961306e-05, 9.64691571426e-06, 7.65688855608e-06, 2.15322006625e-06, 1.25280791963e-07, 2.26687841831e-08, 2.17109974443e-08, 2.07537986796e-08, 1.97683842629e-08, 1.9104584581e-08, 1.83741590831e-08, 1.76000369834e-08, 1.71492828827e-08, 1.64960471949e-08, 1.60136135463e-08, 1.5554528332e-08, 1.50729206894e-08, 1.47026506525e-08, 1.4462094633e-08, 1.41775426954e-08, 1.38561340179e-08, 1.36713529386e-08, 1.34908129112e-08, 1.33706192784e-08, 1.32951809562e-08],
        "mean": [6.85032791807e-05, 0.000486526405439, 0.00112865550909, 0.00107001070864, 0.000748717342503, 0.000510406098329, 0.000311942043481, 0.000190595674212, 0.000201048809686, 0.000136781833135, 7.86091113696e-05, 0.000115994633234, 0.000120611701277, 0.000110002336442, 9.06640198082e-05, 8.67797352839e-05, 8.80106163095e-05, 7.19976160326e-05, 6.43436724204e-05, 7.0524525654e-05, 0.00017857097555, 0.000251508667134, 0.000257422594586, 0.000290918891551, 0.000268427131232, 0.000227436205023, 0.000284218520392, 0.000193600862985, 0.000356645614374, 0.000195395536139, 5.56209306524e-05, 5.94558623561e-05, 3.87592699553e-05, 4.54256733065e-05, 5.64672009205e-05, 4.02500554628e-05, 3.70484922314e-05, 7.14904454071e-05, 7.14011111995e-05, 4.01904035243e-05, 4.91785212944e-05, 3.78652875952e-05, 2.81433931377e-05, 3.15062097798e-05, 3.62663377018e-05, 2.76409336948e-05, 2.23734678002e-05, 3.62692589988e-05, 3.56592245225e-05, 3.05846115225e-05, 4.44815304945e-05, 5.22645459569e-05, 5.01466784044e-05, 4.0349066694e-05, 4.7731493396e-05, 7.80763584771e-05, 9.43270206335e-05, 8.24485978228e-05, 7.93840081315e-05, 0.000101194709714, 0.00012624890951, 0.000101706646092, 8.3332779468e-05, 7.05997808836e-05, 8.30847129691e-05, 4.20041833422e-05, 2.1671070499e-05, 2.79063588096e-05, 3.46102133335e-05, 2.07140001294e-05, 1.48196832015e-05, 2.29512370424e-05, 1.51499207277e-05, 1.42734452311e-05, 1.03966585812e-05, 6.09194148637e-06, 5.58271176487e-06, 6.63226956021e-06, 5.60896523893e-06, 6.17153955318e-06, 5.83684868616e-06, 3.86780266126e-06, 4.47788306701e-06, 5.44169643035e-06, 5.27428619534e-06, 6.27102554063e-06, 4.69127235192e-06, 3.7084403175e-06, 3.21283528137e-06, 2.44682814809e-06, 2.18268633034e-06, 1.84612167686e-06, 1.69198699496e-06, 1.42277474424e-06, 1.32978925649e-06, 1.11361293875e-06, 9.18455498322e-07, 1.01116836504e-06, 7.31126306164e-07, 6.30043473393e-07, 5.77017658543e-07, 4.6358502459e-07, 4.00939853762e-07, 3.20416717159e-07, 2.9560578696e-07, 2.08291936588e-07, 4.04084694594e-08, 5.98136540297e-10, 1.75871730373e-11, 1.6050952234e-11, 1.5465018155e-11, 1.48731131577e-11, 1.43664117061e-11, 1.38002777608e-11, 1.32942485145e-11, 1.29948716718e-11, 1.25899516507e-11, 1.2271186671e-11, 1.19990926917e-11, 1.16603757899e-11, 1.13551477249e-11, 1.11927645971e-11, 1.10232933892e-11, 1.07657771586e-11, 1.02503734667e-11, 9.452408474e-12, 9.01008781473e-12, 8.90910695911e-12],
        "min": [1.27363031233e-09, 9.53476586574e-09, 1.11325931584e-07, 7.45225463561e-07, 1.00219097021e-06, 1.98829070541e-06, 9.96766630124e-07, 1.66211847841e-07, 6.7122307712e-08, 3.85500214861e-07, 4.21812217155e-07, 2.88801686565e-07, 5.0172485544e-07, 6.60807700115e-07, 2.64160547658e-07, 2.01059435767e-07, 3.84954603305e-07, 1.48928108956e-07, 2.41446286964e-07, 4.55847526837e-07, 5.77867240281e-07, 4.01393833727e-07, 4.03612716582e-07, 7.69697521719e-07, 1.81685408052e-07, 2.59631576682e-07, 2.38368613736e-07, 2.94122969535e-07, 1.9642669713e-07, 1.05739772494e-07, 9.91186155375e-08, 1.73771312006e-07, 2.43753078166e-07, 2.26743907206e-07, 1.98165125198e-07, 1.39119265441e-07, 1.89223840152e-07, 2.39583386019e-07, 2.03775556429e-07, 1.80735895583e-07, 7.35698719723e-08, 6.87354315687e-08, 4.8534293029e-08, 8.8779451346e-08, 6.77230005408e-08, 1.4614806787e-07, 4.2180630544e-08, 5.95980758078e-08, 4.24108144159e-08, 3.89020726743e-08, 2.18523759088e-08, 8.15431135948e-08, 2.50865269891e-07, 9.82601378041e-08, 2.55205264921e-07, 2.11704744402e-07, 1.91124556181e-07, 6.52338485452e-08, 2.14387583242e-07, 4.30429565768e-07, 3.60312782277e-07, 2.0061190753e-07, 2.96567208125e-07, 3.1851649851e-07, 1.10865748582e-07, 1.28700236246e-07, 1.16002418338e-07, 5.34967341537e-08, 9.12910920192e-08, 6.19025044557e-08, 1.13991532658e-07, 1.02982298245e-07, 6.37968398109e-08, 2.04569960971e-08, 3.74012358861e-08, 2.05034531575e-08, 3.38252625909e-08, 3.4252497727e-08, 3.79293823016e-08, 4.32331077604e-08, 2.87776700247e-08, 2.51559324482e-08, 3.02794305185e-08, 2.9332980489e-08, 7.96842130057e-08, 9.50418908019e-08, 6.94821693514e-08, 4.79862158898e-08, 6.54902549968e-08, 4.77294470613e-08, 2.84742647239e-08, 1.50086005846e-08, 1.45925431738e-08, 1.55535850865e-08, 1.59959174795e-08, 7.90524889993e-09, 1.32770843209e-08, 1.03528368101e-08, 3.94680865767e-09, 5.63957724964e-09, 1.0212097834e-09, 1.59462187899e-09, 4.80079084125e-12, 3.63557187827e-12, 1.22997619034e-12, 7.57292286605e-13, 9.15609059925e-13, 8.41303589294e-13, 8.11793340882e-13, 7.19595173379e-13, 6.5079988924e-13, 7.59484326558e-13, 6.81245695706e-13, 5.4302303756e-13, 6.43995707456e-13, 7.37504566965e-13, 7.76111434234e-13, 6.24394199539e-13, 7.33278997418e-13, 8.05195211721e-13, 6.76529090995e-13, 5.91328472733e-13, 7.01524179459e-13, 7.42807399791e-13, 5.3446418298e-13, 2.10268692106e-13, 2.76299521592e-14, 1.01711133971e-15],
        "stdev": [0.00014650101366, 0.000889913062565, 0.00144816376269, 0.00120512582362, 0.000754215288907, 0.00053672195645, 0.000323442334775, 0.00025635396014, 0.000265334412688, 0.000152705149958, 0.000158468130394, 0.000233113067225, 0.000213780629565, 0.000228082179092, 0.000193521511392, 0.000187851095689, 0.000194965003175, 0.000133518900839, 0.000102747908386, 0.000101603654912, 0.000298107450362, 0.000506924232468, 0.000748310703784, 0.000590014096815, 0.000627630099189, 0.000583414977882, 0.000814764411189, 0.000449816987384, 0.000816560408566, 0.000539139320608, 0.000167571241036, 0.000159386967425, 8.44022943056e-05, 0.0001299220894, 0.000133167981403, 0.000120056000014, 0.000144655467011, 0.000183596246643, 0.000168241982465, 0.000113789355964, 0.000154641937115, 0.000101404475572, 9.0459092462e-05, 0.000111416775326, 8.5245759692e-05, 9.61132027442e-05, 7.89029800217e-05, 0.000131662483909, 0.000133751222165, 0.000113745059934, 0.000146945123561, 0.000152522799908, 0.000120795390103, 9.85106526059e-05, 0.000105091938167, 0.000126468512462, 0.000151155516505, 0.000140556774568, 0.000159831746714, 0.000182637857506, 0.000187305500731, 0.000156916677952, 0.000134483081638, 0.000103231548565, 0.000120265453006, 7.40301256883e-05, 4.75420274597e-05, 5.54587240913e-05, 7.43496566429e-05, 2.81799657387e-05, 1.99562073249e-05, 4.03014200856e-05, 2.00777303689e-05, 2.12024115172e-05, 1.51749172801e-05, 8.16993269837e-06, 6.80297989675e-06, 7.9288292909e-06, 7.23948096493e-06, 7.67594247009e-06, 8.1137941379e-06, 5.9396738834e-06, 6.20150422037e-06, 7.16810473023e-06, 7.87251701695e-06, 9.35588286666e-06, 7.8985494838e-06, 6.7605451477e-06, 7.29050861992e-06, 5.68368659515e-06, 4.97072051076e-06, 4.52979475085e-06, 5.11802909386e-06, 3.38704217029e-06, 4.32421165897e-06, 2.60642514149e-06, 1.76027663201e-06, 1.72601846771e-06, 1.44681030179e-06, 1.54169310917e-06, 1.3860768604e-06, 1.05188041744e-06, 1.00715544704e-06, 6.73295403431e-07, 5.76912725592e-07, 3.77678759378e-07, 9.09171973262e-08, 4.26095958517e-09, 4.94510155047e-10, 4.73552697056e-10, 4.52687998198e-10, 4.31216784502e-10, 4.16745082887e-10, 4.00817851132e-10, 3.83938797421e-10, 3.74109632162e-10, 3.59864776867e-10, 3.4934188875e-10, 3.39327593801e-10, 3.2882688239e-10, 3.20750370708e-10, 3.15503345671e-10, 3.09294895251e-10, 3.02292524346e-10, 2.98269076104e-10, 2.94345076091e-10, 2.91729307378e-10, 2.90085705457e-10]
    },
    "mfcc": {
        "mean": [-608.036315918, 87.2737731934, -17.8397197723, 37.6556930542, -3.39991760254, -6.34180450439, 1.99667334557, 22.6082382202, 3.20955181122, 5.95257329941, 8.85560035706, 3.05473947525, -3.66367912292],
        "cov": [[678.656311035, -268.539611816, -96.4844436646, -4.26352882385, -45.9734420776, -87.9657669067, -23.9693260193, 36.4130935669, -4.58026313782, 4.80072498322, 26.1572227478, 4.36196422577, -56.2618865967], [-268.539611816, 490.266143799, -143.333602905, -16.0385971069, 163.9712677, 24.3263931274, 14.8607435226, 19.9879341125, -51.645111084, -44.3319206238, 27.7111129761, 2.21179103851, -16.8288326263], [-96.4844436646, -143.333602905, 422.191131592, -31.4215660095, -69.7287216187, 84.3229904175, 40.3521347046, -16.7386398315, 23.2948799133, 1.82897758484, -27.0844745636, 9.99454498291, 53.5764160156], [-4.26352882385, -16.0385971069, -31.4215660095, 183.539352417, -18.1171779633, -2.78119111061, -5.7012181282, -7.523478508, 68.8164291382, 49.2932472229, -27.0774936676, 2.21914148331, 17.2997436523], [-45.9734420776, 163.9712677, -69.7287216187, -18.1171779633, 349.171417236, 38.0822601318, -105.195991516, 3.05442118645, -27.7726573944, -30.6750202179, 32.4301643372, -15.134390831, -21.9522857666], [-87.9657669067, 24.3263931274, 84.3229904175, -2.78119111061, 38.0822601318, 128.498565674, 25.3856296539, -11.5992040634, -4.79435157776, -17.3644351959, -2.11598563194, 16.9445934296, 19.2569694519], [-23.9693260193, 14.8607435226, 40.3521347046, -5.7012181282, -105.195991516, 25.3856296539, 187.809448242, 77.7002639771, -9.03786087036, -1.68915426731, 2.85809206963, -7.26160764694, 12.3817806244], [36.4130935669, 19.9879341125, -16.7386398315, -7.523478508, 3.05442118645, -11.5992040634, 77.7002639771, 140.797592163, -1.51262974739, 1.04894709587, 23.1219062805, -14.7045040131, -2.92111706734], [-4.58026313782, -51.645111084, 23.2948799133, 68.8164291382, -27.7726573944, -4.79435157776, -9.03786087036, -1.51262974739, 117.17010498, 55.7332725525, -30.7191448212, 3.36007738113, 16.5535736084], [4.80072498322, -44.3319206238, 1.82897758484, 49.2932472229, -30.6750202179, -17.3644351959, -1.68915426731, 1.04894709587, 55.7332725525, 98.4536743164, -2.14937901497, -19.5744533539, 7.31814908981], [26.1572227478, 27.7111129761, -27.0844745636, -27.0774936676, 32.4301643372, -2.11598563194, 2.85809206963, 23.1219062805, -30.7191448212, -2.14937901497, 85.5160217285, 29.6310939789, -22.1823043823], [4.36196422577, 2.21179103851, 9.99454498291, 2.21914148331, -15.134390831, 16.9445934296, -7.26160764694, -14.7045040131, 3.36007738113, -19.5744533539, 29.6310939789, 93.3830566406, 11.9938735962], [-56.2618865967, -16.8288326263, 53.5764160156, 17.2997436523, -21.9522857666, 19.2569694519, 12.3817806244, -2.92111706734, 16.5535736084, 7.31814908981, -22.1823043823, 11.9938735962, 78.021232605]],
        "icov": [[0.0025746000465, 0.00188263773452, 0.00076875166269, -6.52323651593e-05, -0.00041727052303, 0.000931258720811, -0.000146320002386, -0.000719386618584, 0.000410011736676, 0.000299277744489, -2.69029624178e-05, -0.000728534010705, 0.00138753105421], [0.00188263773452, 0.00434278231114, 0.00152363034431, -7.28116792743e-05, -0.00188720307779, 0.000443086202722, -0.0015625434462, -7.79151450843e-05, 0.000813816150185, 0.000637719116639, 0.000107550229586, -0.000905444263481, 0.000806181051303], [0.00076875166269, 0.00152363034431, 0.00382067263126, 0.00111793307588, 0.000168246420799, -0.00201809359714, -0.00044456825708, 0.000123486752273, -0.000675604096614, 0.000190449049114, 0.000134001107654, 4.81922143081e-05, -0.00121172354557], [-6.52323651593e-05, -7.28116792743e-05, 0.00111793307588, 0.00779480300844, -6.98908188497e-05, -0.0006687559071, -0.000229903598665, 0.000214672181755, -0.0031183117535, -0.00244109123014, 0.00179416430183, -0.00103911978658, -0.000808439974207], [-0.00041727052303, -0.00188720307779, 0.000168246420799, -6.98908188497e-05, 0.00590784894302, -0.00308310077526, 0.00474059768021, -0.00195217248984, -0.000568461313378, 0.00144120212644, -0.00238013337366, 0.00274532311596, -0.000323491054587], [0.000931258720811, 0.000443086202722, -0.00201809359714, -0.0006687559071, -0.00308310077526, 0.0120609421283, -0.00383098400198, 0.00224449858069, 0.000329129776219, 0.000995195819996, 0.000544293376151, -0.00236702593975, -0.000495669082738], [-0.000146320002386, -0.0015625434462, -0.00044456825708, -0.000229903598665, 0.00474059768021, -0.00383098400198, 0.0114454161376, -0.00625741435215, 0.00102599302772, 0.00028674150235, -0.000620486738626, 0.00175553013105, -0.000548405165318], [-0.000719386618584, -7.79151450843e-05, 0.000123486752273, 0.000214672181755, -0.00195217248984, 0.00224449858069, -0.00625741435215, 0.0118409190327, -0.00244650687091, 0.00134095840622, -0.00391633855179, 0.00246742879972, -0.00143432244658], [0.000410011736676, 0.000813816150185, -0.000675604096614, -0.0031183117535, -0.000568461313378, 0.000329129776219, 0.00102599302772, -0.00244650687091, 0.0167518984526, -0.00860417634249, 0.00717715825886, -0.00518997898325, 0.00122217449825], [0.000299277744489, 0.000637719116639, 0.000190449049114, -0.00244109123014, 0.00144120212644, 0.000995195819996, 0.00028674150235, 0.00134095840622, -0.00860417634249, 0.0185676719993, -0.00761006399989, 0.00720141036436, -0.00225830916315], [-2.69029624178e-05, 0.000107550229586, 0.000134001107654, 0.00179416430183, -0.00238013337366, 0.000544293376151, -0.000620486738626, -0.00391633855179, 0.00717715825886, -0.00761006399989, 0.0218624547124, -0.0107327075675, 0.00571845145896], [-0.000728534010705, -0.000905444263481, 4.81922143081e-05, -0.00103911978658, 0.00274532311596, -0.00236702593975, 0.00175553013105, 0.00246742879972, -0.00518997898325, 0.00720141036436, -0.0107327075675, 0.0178922973573, -0.00472916476429], [0.00138753105421, 0.000806181051303, -0.00121172354557, -0.000808439974207, -0.000323491054587, -0.000495669082738, -0.000548405165318, -0.00143432244658, 0.00122217449825, -0.00225830916315, 0.00571845145896, -0.00472916476429, 0.0173727925867]]
    },
    "spectral_contrast_coeffs": {
        "max": [-0.508422553539, -0.518123805523, -0.525550127029, -0.584074497223, -0.585768043995, -0.640544712543],
        "mean": [-0.763569176197, -0.759877681732, -0.719313085079, -0.749131202698, -0.724032521248, -0.738224506378],
        "min": [-0.901828587055, -0.898490011692, -0.884217917919, -0.875543475151, -0.856443285942, -0.839937865734],
        "stdev": [0.0499049089849, 0.0591799430549, 0.0689300969243, 0.0518340431154, 0.0487783364952, 0.0354324616492]
    },
    "spectral_contrast_valleys": {
        "max": [-5.5356669426, -5.20077037811, -6.22525310516, -6.52459716797, -6.02534294128, -7.88221931458],
        "mean": [-6.84311771393, -6.7110915184, -7.52227401733, -7.72507953644, -6.91582202911, -9.80181026459],
        "min": [-9.21002960205, -8.35064888, -8.86232280731, -9.75685787201, -8.46344661713, -11.5087394714],
        "stdev": [0.471546053886, 0.404069066048, 0.351987183094, 0.344518214464, 0.438779562712, 0.547721862793]
    }
},
"rhythm": {
    "beats_count": 117,
    "beats_loudness": {
        "max": 0.0466236397624,
        "mean": 0.023068588227,
        "min": 0.00665941508487,
        "stdev": 0.00767874158919
    },
    "bpm": 145.226898193,
    "bpm_histogram_first_peak_bpm": 144,
    "bpm_histogram_first_peak_weight": 0.481132090092,
    "bpm_histogram_second_peak_bpm": 152,
    "bpm_histogram_second_peak_spread": 0,
    "bpm_histogram_second_peak_weight": 0.0775862038136,
    "danceability": 1.11054718494,
    "onset_rate": 1.96875,
    "beats_loudness_band_ratio": {
        "max": [0.843209445477, 0.535260975361, 0.649167120457, 0.540637016296, 0.693178117275, 0.506229162216],
        "mean": [0.261415928602, 0.0554649345577, 0.187819346786, 0.132615208626, 0.255477875471, 0.135415881872],
        "min": [0.00306993885897, 0.00758388964459, 0.0208738800138, 0.0130688343197, 0.0102826580405, 0.00910663604736],
        "stdev": [0.166031494737, 0.0614749081433, 0.136506944895, 0.106322959065, 0.162771344185, 0.0935092940927]
    },
