{
"metadata": {
    "version": {
        "essentia": "2.1-beta5",
        "essentia_git_sha": "Undefined",
        "extractor": "music 2.0"
    },
    "audio_properties": {
        "analysis": {
            "equal_loudness": 0,
            "length": 12.7477550507,
            "sample_rate": 44100,
            "start_time": 0,
            "downmix": "mix"
        },
        "bit_rate": 192000,
        "length": 191.169891357,
        "lossless": 0,
        "number_channels": 2,
        "replay_gain": -1.67407989502,
        "sample_rate": 48000,
        "codec": "mp3",
        "md5_encoded": "21ca7beaa80c449cc8135c73d6232e06"
    },
    "tags": {
        "file_name": "Romania_Pe-o Margine De Lume_Nico _ Vlad.mp3",
        "encoding": ["Lavf58.29.100"]
    }
},
"lowlevel": {
    "average_loudness": 0.840664029121,
    "barkbands_crest": {
        "max": 25.2477474213,
        "mean": 10.1652116776,
        "min": 3.08020329475,
        "stdev": 4.65913486481
    },
    "barkbands_flatness_db": {
        "max": 0.277834802866,
        "mean": 0.18492141366,
        "min": 0.0692290440202,
        "stdev": 0.0440803915262
    },
    "barkbands_kurtosis": {
        "max": 53.7651290894,
        "mean": 4.40305662155,
        "min": -1.51903367043,
        "stdev": 7.55104160309
    },
    "barkbands_skewness": {
        "max": 6.43574810028,
        "mean": 1.47024011612,
        "min": -3.95524263382,
        "stdev": 1.27172112465
    },
    "barkbands_spread": {
        "max": 88.4919281006,
        "mean": 10.2012424469,
        "min": 2.48236107826,
        "stdev": 6.92327451706
    },
    "dissonance": {
        "max": 0.500000059605,
        "mean": 0.477683097124,
        "min": 0.370610207319,
        "stdev": 0.0231734886765
    },
    "dynamic_complexity": 5.18389511108,
    "erbbands_crest": {
        "max": 32.173500061,
        "mean": 9.87522506714,
        "min": 3.26534032822,
        "stdev": 4.09666252136
    },
    "erbbands_flatness_db": {
        "max": 0.358447402716,
        "mean": 0.25173407793,
        "min": 0.0762554556131,
        "stdev": 0.055226881057
    },
    "erbbands_kurtosis": {
        "max": 27.3758811951,
        "mean": 1.14486169815,
        "min": -1.42696785927,
        "stdev": 2.17643141747
    },
    "erbbands_skewness": {
        "max": 2.94625735283,
        "mean": 0.85109603405,
        "min": -2.19622397423,
        "stdev": 0.661140620708
    },
    "erbbands_spread": {
        "max": 109.729110718,
        "mean": 21.1611404419,
        "min": 1.57813620567,
        "stdev": 17.8840236664
    },
    "hfc": {
        "max": 91.3260650635,
        "mean": 21.3393764496,
        "min": 0.130864143372,
        "stdev": 19.3155975342
    },
    "loudness_ebu128": {
        "integrated": -22.3277187347,
        "loudness_range": 7.31297874451,
        "momentary": {
            "max": -18.6960220337,
            "mean": -24.7362957001,
            "min": -38.6284713745,
            "stdev": 5.05245018005
        },
        "short_term": {
            "max": -19.8649997711,
            "mean": -23.1611385345,
            "min": -28.4150009155,
            "stdev": 2.70712161064
        }
    },
    "melbands_crest": {
        "max": 31.0617027283,
        "mean": 12.7532777786,
        "min": 3.9457950592,
        "stdev": 5.86616230011
    },
    "melbands_flatness_db": {
        "max": 0.349657833576,
        "mean": 0.191799357533,
        "min": 0.0897219702601,
        "stdev": 0.0562838166952
    },
    "melbands_kurtosis": {
        "max": 152.112472534,
        "mean": 10.8117790222,
        "min": -0.755517959595,
        "stdev": 20.5544052124
    },
    "melbands_skewness": {
        "max": 11.0182743073,
        "mean": 2.07757806778,
        "min": -3.03761959076,
        "stdev": 1.80382406712
    },
    "melbands_spread": {
        "max": 52.9794044495,
        "mean": 15.1599788666,
        "min": 2.2446603775,
        "stdev": 8.9493970871
    },
    "pitch_salience": {
        "max": 0.869594812393,
        "mean": 0.665421724319,
        "min": 0.167721405625,
        "stdev": 0.139015257359
    },
    "silence_rate_20dB": {
        "max": 1,
        "mean": 1,
        "min": 1,
        "stdev": 0
    },
    "silence_rate_30dB": {
        "max": 1,
        "mean": 0.998181819916,
        "min": 0,
        "stdev": 0.0426013208926
    },
    "silence_rate_60dB": {
        "max": 1,
        "mean": 0.247272729874,
        "min": 0,
        "stdev": 0.431426048279
    },
    "spectral_centroid": {
        "max": 3316.29345703,
        "mean": 1438.20678711,
        "min": 263.951019287,
        "stdev": 589.801879883
    },
    "spectral_complexity": {
        "max": 42,
        "mean": 19.1327266693,
        "min": 0,
        "stdev": 11.4268693924
    },
    "spectral_decrease": {
        "max": -4.93827305437e-11,
        "mean": -5.02770136634e-09,
        "min": -2.99645570578e-08,
        "stdev": 4.87821205652e-09
    },
    "spectral_energy": {
        "max": 0.116695128381,
        "mean": 0.0209112502635,
        "min": 0.000218080036575,
        "stdev": 0.0199137590826
    },
    "spectral_energyband_high": {
        "max": 0.00316191255115,
        "mean": 0.000298823113553,
        "min": 6.28972316008e-07,
        "stdev": 0.000384085695259
    },
    "spectral_energyband_low": {
        "max": 0.0512598007917,
        "mean": 0.000385843304684,
        "min": 4.60796947266e-08,
        "stdev": 0.00291918450966
    },
    "spectral_energyband_middle_high": {
        "max": 0.0605602152646,
        "mean": 0.0110757416114,
        "min": 1.1771861864e-05,
        "stdev": 0.0120627945289
    },
    "spectral_energyband_middle_low": {
        "max": 0.112806789577,
        "mean": 0.00985526386648,
        "min": 4.45608566224e-05,
        "stdev": 0.0140129784122
    },
    "spectral_entropy": {
        "max": 8.54573822021,
        "mean": 7.56543779373,
        "min": 6.32684087753,
        "stdev": 0.326986461878
    },
    "spectral_flux": {
        "max": 0.196541085839,
        "mean": 0.0726445913315,
        "min": 0.00789088476449,
        "stdev": 0.0426921583712
    },
    "spectral_kurtosis": {
        "max": 15.6543369293,
        "mean": 6.46555042267,
        "min": 0.220540046692,
        "stdev": 2.68273425102
    },
    "spectral_rms": {
        "max": 0.0106699997559,
        "mean": 0.00391631107777,
        "min": 0.00046126023517,
        "stdev": 0.00225026556291
    },
    "spectral_rolloff": {
        "max": 7902.68554688,
        "mean": 1655.78552246,
        "min": 150.732421875,
        "stdev": 863.953430176
    },
    "spectral_skewness": {
        "max": 3.24573111534,
        "mean": 1.84658181667,
        "min": 0.676475703716,
        "stdev": 0.386062204838
    },
    "spectral_spread": {
        "max": 13284118,
        "mean": 3408638.5,
        "min": 2125917.25,
        "stdev": 1285018.875
    },
    "spectral_strongpeak": {
        "max": 9.94709396362,
        "mean": 1.37447917461,
        "min": 0.0278485454619,
        "stdev": 1.22372508049
    },
    "zerocrossingrate": {
        "max": 0.177734375,
        "mean": 0.0609605833888,
        "min": 0.00927734375,
        "stdev": 0.0215647220612
    },
    "barkbands": {
        "max": [6.54580871924e-05, 0.0023563306313, 0.0379526726902, 0.023557741195, 0.109121903777, 0.0126879159361, 0.00739697599784, 0.00508603965864, 0.0360125973821, 0.0424798950553, 0.017780026421, 0.0110734906048, 0.00636248663068, 0.00551588926464, 0.0196401607245, 0.00770691316575, 0.00286680646241, 0.00310329743661, 0.00127440027427, 0.000600486935582, 0.000530611083377, 0.00101599819027, 0.000727865262888, 0.000797174230684, 0.000684611673933, 0.000191601342522, 4.73185718874e-06],
        "mean": [1.32053810376e-06, 3.02367589029e-05, 0.000252280005952, 0.000252468395047, 0.00300498330034, 0.000285304879071, 0.000388031447073, 0.000516788568348, 0.00404106779024, 0.00480051292107, 0.00181116850581, 0.00097982364241, 0.000839949410874, 0.000842476438265, 0.000935649848543, 0.000640501268208, 0.000495845160913, 0.000277291168459, 0.000163529679412, 0.000104555707367, 6.26898836344e-05, 7.19338349882e-05, 5.10593854415e-05, 3.41556115018e-05, 2.21073496505e-05, 5.22956315763e-06, 3.0409307783e-07],
        "min": [8.68953086569e-12, 6.83422873848e-10, 4.91124607649e-09, 3.14110906174e-08, 1.7241863759e-07, 6.3933742922e-07, 2.8206427487e-06, 1.32472177938e-06, 3.3888904909e-06, 2.70194686891e-06, 1.77280685421e-06, 1.02562125903e-06, 1.21461334857e-06, 8.78146352079e-07, 3.88067604717e-07, 6.3544717932e-07, 1.88512444765e-07, 1.33269693947e-07, 2.15471942511e-07, 4.43560111307e-07, 1.441474069e-07, 8.12382197068e-08, 4.22648795961e-08, 4.71092498344e-08, 3.61324907772e-08, 4.17884322701e-08, 1.38443104203e-10],
        "stdev": [4.93099696541e-06, 0.000171418723767, 0.00212434330024, 0.00154197309166, 0.0113593330607, 0.00110269826837, 0.000881432497408, 0.000738003407605, 0.00551034649834, 0.00698834145442, 0.00289497058839, 0.00124535220675, 0.00098146579694, 0.000967971980572, 0.00164768157993, 0.000884923851117, 0.000571629963815, 0.000380319310352, 0.000155955174705, 0.000109382926894, 6.84037659084e-05, 0.000122534940601, 9.06883869902e-05, 7.63005155022e-05, 5.90889248997e-05, 1.39697231134e-05, 4.6935022624e-07]
    },
    "erbbands": {
        "max": [0.0252647325397, 0.870076417923, 26.3871002197, 66.3914337158, 240.15335083, 434.441101074, 32.4051246643, 108.007530212, 136.840270996, 55.6373519897, 182.919494629, 726.02923584, 2054.52148438, 1685.10546875, 447.917388916, 567.749206543, 238.67666626, 234.52722168, 1211.69067383, 323.349273682, 384.475616455, 171.144424438, 174.623397827, 101.777389526, 61.5024032593, 33.0852584839, 26.0411510468, 22.2061958313, 29.348897934, 46.5327377319, 15.071516037, 18.8667964935, 11.9182815552, 9.15189933777, 3.51686000824, 1.43932414055, 0.232393443584, 0.0163188893348, 0.000831468438264, 0.000135169248097],
        "mean": [0.00036292540608, 0.0129286209121, 0.213383123279, 0.741417050362, 7.19727277756, 10.3595733643, 1.63102054596, 2.59797048569, 6.17625713348, 5.63451528549, 20.6756763458, 87.705368042, 134.920669556, 139.27507019, 60.1648635864, 42.3717765808, 39.9152755737, 43.9735031128, 52.2990074158, 40.1662483215, 34.5807228088, 27.0713329315, 17.2855854034, 9.18673706055, 7.66600036621, 5.0412607193, 2.99253463745, 2.3341422081, 2.4296631813, 2.45885848999, 1.22454178333, 0.912212014198, 0.467970758677, 0.297096312046, 0.12169611454, 0.0383341535926, 0.00649331929162, 0.000818638422061, 7.47605081415e-05, 2.74955291388e-05],
        "min": [8.59475406401e-08, 1.55306690885e-06, 1.644178883e-05, 0.000143941462738, 0.000187545025256, 0.000500911090057, 0.00129100866616, 0.0107337385416, 0.0437945313752, 0.0440265387297, 0.0510155446827, 0.066044703126, 0.0627131909132, 0.062279894948, 0.112587720156, 0.0547555945814, 0.0550936982036, 0.065227009356, 0.0184300839901, 0.0389450155199, 0.0274212118238, 0.0091909551993, 0.00636486243457, 0.00825007725507, 0.016112960875, 0.0201611146331, 0.00832817610353, 0.00449850969017, 0.00308035966009, 0.0018351910403, 0.00123948359396, 0.00114846369252, 0.000523990485817, 0.000360418780474, 0.000284843990812, 0.000157844420755, 8.09825141914e-05, 1.07464957182e-05, 6.19280626779e-07, 3.11647255558e-07],
        "stdev": [0.00150440365542, 0.0782746523619, 1.62632083893, 4.34772396088, 26.2138614655, 41.8019599915, 4.76122045517, 9.4024143219, 16.4197235107, 6.97009420395, 27.1423435211, 118.465034485, 209.822372437, 227.139083862, 85.3521270752, 54.5453834534, 44.2429389954, 48.5583267212, 96.2052841187, 51.5270271301, 45.4605827332, 31.4047451019, 22.9766235352, 10.1687688828, 7.16189479828, 5.38137388229, 3.14874958992, 2.64342188835, 3.56966114044, 5.35645246506, 1.94328510761, 1.96960783005, 1.0849198103, 0.769006490707, 0.334015339613, 0.110348977149, 0.0161326918751, 0.00144280551467, 9.08519577933e-05, 2.50031553151e-05]
    },
    "gfcc": {
        "mean": [-69.9242095947, 39.9362716675, -202.500198364, -26.2029151917, -86.7125167847, 1.18761873245, -41.1332931519, 5.64717483521, -23.1806602478, -7.70726108551, -24.0212917328, -5.77057409286, -11.5919294357],
        "cov": [[4121.82275391, -1411.7199707, -911.063537598, -697.193664551, -662.567260742, -132.525039673, -347.710571289, -30.2712783813, -19.8132190704, -362.906494141, -136.682373047, 74.1464309692, 68.0756759644], [-1411.7199707, 1778.80114746, 1857.67089844, 1008.77972412, 452.115783691, 146.322540283, -65.4602279663, -125.279983521, -113.008499146, -75.858039856, 44.9105186462, -14.0568885803, -98.1828079224], [-911.063537598, 1857.67089844, 2891.1171875, 1658.25585938, 454.573486328, 212.865219116, -403.129180908, -181.242599487, -269.271087646, -137.039520264, 14.9480409622, 46.079864502, -172.975845337], [-697.193664551, 1008.77972412, 1658.25585938, 1194.09960938, 368.113250732, 181.42364502, -234.24987793, -64.3064727783, -110.127098083, 13.0833406448, 44.7421417236, 47.2715797424, -90.2046051025], [-662.567260742, 452.115783691, 454.573486328, 368.113250732, 299.440002441, 102.926864624, 51.1880455017, 19.2240772247, 10.8177709579, 85.1124420166, 28.6417942047, 4.75926589966, -18.614068985], [-132.525039673, 146.322540283, 212.865219116, 181.42364502, 102.926864624, 103.387916565, 25.9556617737, 21.4649715424, 15.3863554001, 32.4886322021, 11.071644783, 2.14808368683, -4.21432590485], [-347.710571289, -65.4602279663, -403.129180908, -234.24987793, 51.1880455017, 25.9556617737, 256.437347412, 82.1037445068, 79.0358734131, 86.4552307129, 11.3389396667, -46.1686897278, 30.3128414154], [-30.2712783813, -125.279983521, -181.242599487, -64.3064727783, 19.2240772247, 21.4649715424, 82.1037445068, 85.4391326904, 55.0005455017, 50.5572891235, 7.28966665268, -5.78040504456, 13.8260555267], [-19.8132190704, -113.008499146, -269.271087646, -110.127098083, 10.8177709579, 15.3863554001, 79.0358734131, 55.0005455017, 89.9504165649, 53.9740219116, 13.228058815, -0.782164692879, 22.2476215363], [-362.906494141, -75.858039856, -137.039520264, 13.0833406448, 85.1124420166, 32.4886322021, 86.4552307129, 50.5572891235, 53.9740219116, 144.645507812, 40.1795921326, 8.96192550659, 12.8220834732], [-136.682373047, 44.9105186462, 14.9480409622, 44.7421417236, 28.6417942047, 11.071644783, 11.3389396667, 7.28966665268, 13.228058815, 40.1795921326, 48.00050354, 22.5497550964, 4.88781309128], [74.1464309692, -14.0568885803, 46.079864502, 47.2715797424, 4.75926589966, 2.14808368683, -46.1686897278, -5.78040504456, -0.782164692879, 8.96192550659, 22.5497550964, 55.9867286682, 11.1142158508], [68.0756759644, -98.1828079224, -172.975845337, -90.2046051025, -18.614068985, -4.21432590485, 30.3128414154, 13.8260555267, 22.2476215363, 12.8220834732, 4.88781309128, 11.1142158508, 44.0554389954]],
        "icov": [[0.000798535358626, 0.00131240254268, -0.000779529393185, 0.00038088997826, -5.885781502e-05, -0.000527080963366, 9.52293048613e-05, 0.000544007110875, -0.00174670538399, 0.00271717878059, -0.000579512678087, -0.000343177292962, -0.00065929145785], [0.00131240254268, 0.00957495346665, -0.00755060883239, 0.00249808747321, -0.00627281051129, 0.00422621052712, -0.00617113662884, 0.00919308140874, -0.0119685716927, 0.0114755723625, -0.0100867673755, 0.00369934807532, -0.00321535137482], [-0.000779529393185, -0.00755060883239, 0.00915377400815, -0.00573865696788, 0.00475048366934, -0.00409200415015, 0.0042062625289, -0.00645833136514, 0.012110308744, -0.00594722013921, 0.00860741827637, -0.00434990972281, 0.00507384398952], [0.00038088997826, 0.00249808747321, -0.00573865696788, 0.00907259341329, -0.00473601790145, -0.00238976674154, 0.00407866667956, -0.00018087872013, -0.00387917063199, 4.36424124928e-05, -0.0060206586495, 0.00384749216028, -0.00231239572167], [-5.885781502e-05, -0.00627281051129, 0.00475048366934, -0.00473601790145, 0.0153415668756, -0.00573968980461, -3.46687556885e-05, -0.0046032234095, 0.00605994835496, -0.00965617410839, 0.0105398520827, -0.00612553860992, 0.00259366049431], [-0.000527080963366, 0.00422621052712, -0.00409200415015, -0.00238976674154, -0.00573968980461, 0.0231218226254, -0.00818929355592, 0.00348524725996, -0.00911769550294, 0.00359947653487, -0.00341278128326, 0.00159204215743, -0.00286513613537], [9.52293048613e-05, -0.00617113662884, 0.0042062625289, 0.00407866667956, -3.46687556885e-05, -0.00818929355592, 0.0203571692109, -0.0131477052346, 0.00710668088868, -0.00836355146021, 0.00130586116575, 0.00871522258967, -0.00321096950211], [0.000544007110875, 0.00919308140874, -0.00645833136514, -0.00018087872013, -0.0046032234095, 0.00348524725996, -0.0131477052346, 0.0338371656835, -0.0203899350017, 0.00726695219055, -0.00582602899522, 0.00100026291329, -0.000689130218234], [-0.00174670538399, -0.0119685716927, 0.012110308744, -0.00387917063199, 0.00605994835496, -0.00911769550294, 0.00710668088868, -0.0203899350017, 0.0414609014988, -0.0155627001077, 0.0097338585183, -0.0051691737026, 0.00264552677982], [0.00271717878059, 0.0114755723625, -0.00594722013921, 4.36424124928e-05, -0.00965617410839, 0.00359947653487, -0.00836355146021, 0.00726695219055, -0.0155627001077, 0.0325433090329, -0.0186840612441, 0.00116884906311, -0.00198129215278], [-0.000579512678087, -0.0100867673755, 0.00860741827637, -0.0060206586495, 0.0105398520827, -0.00341278128326, 0.00130586116575, -0.00582602899522, 0.0097338585183, -0.0186840612441, 0.0493011213839, -0.0218802504241, 0.00551309809089], [-0.000343177292962, 0.00369934807532, -0.00434990972281, 0.00384749216028, -0.00612553860992, 0.00159204215743, 0.00871522258967, 0.00100026291329, -0.0051691737026, 0.00116884906311, -0.0218802504241, 0.0387063212693, -0.0142399482429], [-0.00065929145785, -0.00321535137482, 0.00507384398952, -0.00231239572167, 0.00259366049431, -0.00286513613537, -0.00321096950211, -0.000689130218234, 0.00264552677982, -0.00198129215278, 0.00551309809089, -0.0142399482429, 0.0372073277831]]
    },
    "melbands": {
        "max": [0.000325851986418, 0.0103171588853, 0.00939130969346, 0.0300261117518, 0.00292605138384, 0.00267495959997, 0.0018962045433, 0.000763947085943, 0.00189608044457, 0.0051868474111, 0.0101188328117, 0.00719700427726, 0.00183635542635, 0.00115219492, 0.000989275169559, 0.000787978467997, 0.000424446916441, 0.00182718725409, 0.000732897897251, 0.000502987939399, 0.00045100285206, 0.000184647651622, 0.000223757582717, 0.000130723914481, 7.99517074483e-05, 5.3417741583e-05, 2.60549841187e-05, 2.26520405704e-05, 2.06837612495e-05, 1.11408317025e-05, 1.40107986226e-05, 1.09760558189e-05, 3.22120613419e-05, 2.42960304604e-05, 8.72744840308e-06, 1.08433614514e-05, 1.19085116239e-05, 8.96728124644e-06, 8.9227942226e-06, 6.80802486386e-06],
        "mean": [5.30684746991e-06, 8.06556708994e-05, 0.000273515353911, 0.000799531815574, 8.66561094881e-05, 6.08548471064e-05, 9.15784548852e-05, 6.58596036374e-05, 0.00021517877758, 0.000596900936216, 0.000674819399137, 0.000583618762903, 0.000227698736126, 0.000105345301563, 9.94836445898e-05, 8.96480778465e-05, 7.90535632404e-05, 8.32764708321e-05, 6.44627798465e-05, 4.59132570541e-05, 3.97292278649e-05, 2.93389803119e-05, 2.07607936318e-05, 1.15099755931e-05, 6.81980736772e-06, 6.50832726024e-06, 4.15982822233e-06, 3.15680313179e-06, 1.95266852643e-06, 1.48643152897e-06, 1.28323210902e-06, 1.25197936995e-06, 1.61189450409e-06, 1.26494330743e-06, 6.94582411143e-07, 6.08028187798e-07, 5.32124602159e-07, 3.24321575818e-07, 2.72747854524e-07, 2.49145216458e-07],
        "min": [1.78487918889e-10, 4.82414463931e-09, 3.40674368715e-08, 1.77725549833e-08, 3.59930965033e-08, 2.55164877672e-07, 6.12545989043e-07, 3.89965322256e-07, 5.19619106853e-07, 3.97373497663e-07, 2.98704009083e-07, 2.53695020547e-07, 3.24715585975e-07, 1.58430538022e-07, 9.31560109052e-08, 1.29217738731e-07, 1.01038132527e-07, 3.11031804756e-08, 3.54750469e-08, 4.12412504147e-08, 2.43073472461e-08, 1.00860484409e-08, 4.64100180508e-09, 6.79572886852e-09, 5.74786485075e-09, 1.08707265412e-08, 1.45948781949e-08, 1.2086838197e-08, 5.01182650936e-09, 2.84728307598e-09, 2.12910800101e-09, 1.55033486049e-09, 1.4174379448e-09, 8.4020007618e-10, 6.22130680306e-10, 6.42881248236e-10, 6.84402035045e-10, 3.5247152419e-10, 3.33432809141e-10, 2.93818774866e-10],
        "stdev": [2.56103430729e-05, 0.000613571959548, 0.000977913965471, 0.00305650848895, 0.000303104723571, 0.000228491961025, 0.000236454376136, 8.66028858582e-05, 0.000291039934382, 0.00081892660819, 0.00104411598295, 0.000960987235885, 0.000344042840879, 0.000129744512378, 0.000128047729959, 0.000108146537968, 8.94445474842e-05, 0.000149087878526, 9.08073052415e-05, 6.16991892457e-05, 5.38793938176e-05, 3.41526356351e-05, 2.86441099888e-05, 1.5843375877e-05, 7.75020725996e-06, 6.63064247419e-06, 4.14795704273e-06, 3.58981969839e-06, 2.16210605686e-06, 1.66827533121e-06, 1.54867927904e-06, 1.53114922341e-06, 3.68819337382e-06, 2.80628069049e-06, 1.07001449123e-06, 1.1208445585e-06, 1.2641351077e-06, 7.57493808123e-07, 6.80171979184e-07, 6.70986935347e-07]
    },
    "melbands128": {
        "max": [4.8277885071e-05, 0.00010997139907, 0.00019635555509, 0.00166685914155, 0.00715219276026, 0.0227530710399, 0.0162062309682, 0.0105234617367, 0.0286840237677, 0.0551661662757, 0.0218396931887, 0.00132608122658, 0.00149524863809, 0.00186257180758, 0.00130599364638, 0.00612615048885, 0.00427670450881, 0.00255955057219, 0.00218071229756, 0.000488316174597, 0.0014704434434, 0.00114118703641, 0.00179631635547, 0.00365786580369, 0.00648725684732, 0.0101139480248, 0.0174560397863, 0.0132352095097, 0.00552134495229, 0.00937575194985, 0.00921247713268, 0.00438109971583, 0.00311275850981, 0.00221643829718, 0.0010288747726, 0.00183377694339, 0.00276311277412, 0.00200525345281, 0.000540690554772, 0.000703385914676, 0.00159022957087, 0.00115353509318, 0.000582500710152, 0.000708226987626, 0.000906619767193, 0.00301049929112, 0.00368309952319, 0.000915988173801, 0.000792754930444, 0.000558978295885, 0.000537391053513, 0.000499612186104, 0.000469188933494, 0.00056556367781, 0.000493508996442, 0.000228516233619, 0.000241485482547, 0.000424555590143, 0.000262758258032, 0.000182579868124, 0.000157748916536, 0.000155615285621, 9.22159961192e-05, 4.47016427643e-05, 8.18691914901e-05, 6.16958132014e-05, 6.38208075543e-05, 4.11915389122e-05, 3.44851177942e-05, 4.12171320932e-05, 3.26580193359e-05, 2.54871374636e-05, 4.01807774324e-05, 1.61668140208e-05, 1.77497677214e-05, 1.28743795358e-05, 2.44160710281e-05, 1.92890220205e-05, 2.32794845942e-05, 1.3894265976e-05, 1.57178510563e-05, 1.39521007441e-05, 3.49414185621e-05, 4.73905383842e-05, 3.59648511221e-05, 3.88508524338e-05, 2.66611114057e-05, 1.38744089782e-05, 1.11471736091e-05, 9.16125100048e-06, 1.19702644952e-05, 1.41073223858e-05, 1.5915305994e-05, 1.73414955498e-05, 1.40228967211e-05, 1.06103261714e-05, 9.78345724434e-06, 8.79440540302e-06, 6.13970632912e-06, 1.07743917397e-05, 1.15905377243e-05, 6.22870311418e-06, 6.72429769111e-06, 4.93723155159e-06, 3.57278668162e-06, 4.99265161125e-06, 5.05361958858e-06, 3.29095178131e-06, 2.46649892688e-06, 1.78413017693e-06, 1.3864732864e-06, 8.73469957696e-07, 5.66369635635e-07, 5.60277840123e-07, 5.34566936494e-07, 1.04188352168e-07, 5.85250496954e-08, 6.29283718467e-08, 6.55020784279e-08, 2.61254200495e-08, 1.93557099237e-08, 3.32578906637e-08, 1.17273035727e-08, 4.78956541095e-10, 9.4029270481e-11, 6.18687878706e-11, 6.16723130897e-11, 6.06436914574e-11],
        "mean": [8.46528337206e-07, 1.30391379116e-06, 3.87862064599e-06, 1.87699388334e-05, 7.91630955064e-05, 0.000135766138555, 0.000114868096716, 0.000139966054121, 0.000677764357533, 0.00137086829636, 0.000470241793664, 3.89334491047e-05, 3.84399172617e-05, 3.90596360376e-05, 4.08527848776e-05, 8.658128354e-05, 0.000103028622107, 0.000106432424218, 5.97424805164e-05, 4.57009009551e-05, 7.58295573178e-05, 0.00010064856906, 0.000172474363353, 0.000375248520868, 0.000614042510279, 0.000604745873716, 0.000783611903898, 0.000665299594402, 0.000587077287491, 0.000753758300561, 0.000569429714233, 0.000276296399534, 0.000249360746238, 0.000152771302965, 8.42098597786e-05, 9.28933732212e-05, 0.000135182650411, 0.000108273467049, 6.90392043907e-05, 8.53835590533e-05, 9.89398249658e-05, 9.03539330466e-05, 7.84395015216e-05, 7.19031086192e-05, 7.59130853112e-05, 8.92371172085e-05, 9.28357039811e-05, 5.9623082052e-05, 5.81550921197e-05, 4.99187553942e-05, 4.52170970675e-05, 3.97220464947e-05, 4.13458146795e-05, 3.94533963117e-05, 3.67946595361e-05, 2.75098263955e-05, 2.44404745899e-05, 2.32423099078e-05, 1.97258705157e-05, 1.489762235e-05, 1.15520979307e-05, 8.78922128322e-06, 7.03485920894e-06, 5.98101269134e-06, 6.68917846269e-06, 7.45440593164e-06, 5.99345457886e-06, 4.24850531999e-06, 3.90507466363e-06, 3.60685612577e-06, 3.45456714967e-06, 2.81034454019e-06, 2.23493566409e-06, 1.79329742878e-06, 1.61808634402e-06, 1.51326651121e-06, 1.40943541282e-06, 1.40146846661e-06, 1.27316786802e-06, 1.15644149901e-06, 1.17427384794e-06, 1.22327821828e-06, 1.58105478931e-06, 1.77882532171e-06, 1.48480182816e-06, 1.50397102061e-06, 1.16320575216e-06, 8.56024428231e-07, 6.5992475129e-07, 5.67743086322e-07, 6.16841532519e-07, 6.30050919881e-07, 5.64134950309e-07, 6.61465321627e-07, 4.04570386081e-07, 2.92409936264e-07, 3.64284375109e-07, 2.7543245551e-07, 2.74832160585e-07, 2.68611586307e-07, 2.42917224114e-07, 2.63726917638e-07, 2.42046638732e-07, 1.44149638004e-07, 1.14841398613e-07, 1.13126802148e-07, 1.18016295403e-07, 9.74373719487e-08, 5.80494337044e-08, 3.83783707036e-08, 2.55784371461e-08, 2.15961186711e-08, 1.87018684983e-08, 1.42215688115e-08, 1.14444791421e-08, 6.68889743594e-09, 3.49841688951e-09, 3.05669600742e-09, 3.07589997917e-09, 1.81780623887e-09, 1.01415631448e-09, 7.53477169546e-10, 4.18333451213e-10, 1.77605655877e-11, 3.2014224171e-12, 2.82741430095e-12, 2.60529011559e-12, 2.54703940231e-12],
        "min": [5.00006720056e-12, 9.08576425901e-12, 6.089322796e-11, 3.86681520137e-10, 8.81638761996e-10, 3.05034131287e-09, 2.83407253221e-09, 7.66594965285e-09, 1.15681437762e-08, 8.91306317641e-09, 9.49999989786e-09, 1.63639946038e-08, 1.07334434674e-08, 5.570607442e-08, 1.3018221523e-07, 1.15277323687e-07, 5.78541005325e-07, 2.00920013071e-07, 1.81693280865e-07, 1.72038085111e-07, 2.94258256872e-07, 1.94357326677e-07, 5.10494146511e-07, 4.40499690058e-07, 3.14122075906e-07, 2.33853185705e-07, 2.08864776141e-07, 1.01226362403e-07, 1.54805732677e-07, 1.7314356171e-07, 1.02661147139e-07, 1.52768507178e-07, 1.57472186402e-07, 7.2911028326e-08, 6.2840754822e-08, 2.09103191651e-07, 8.33082367535e-08, 2.1710473419e-08, 7.23935897895e-08, 1.00304575312e-07, 5.63602675641e-08, 9.67405853203e-08, 7.33023526323e-08, 7.14106747068e-08, 3.3613652306e-08, 6.1091132153e-09, 1.64595199692e-08, 1.88189019923e-08, 1.88592910177e-08, 3.15037169685e-08, 2.96808462252e-08, 2.26297771633e-08, 2.35281216732e-08, 1.41369120854e-08, 1.48247076837e-08, 6.68918120894e-09, 3.15642356696e-09, 5.66272317926e-09, 4.80260853308e-09, 3.77359921089e-09, 7.70951036344e-09, 4.62106619636e-09, 5.17551868029e-09, 7.16829084979e-09, 1.82244419555e-09, 1.09162181516e-08, 5.54157031374e-09, 5.66587354811e-09, 1.11358877675e-08, 6.06226757682e-09, 6.42700026532e-09, 7.26968574227e-09, 4.97613106276e-09, 3.46824347019e-09, 2.70521405277e-09, 1.67301339449e-09, 1.48911838416e-09, 1.46383871691e-09, 1.4566817752e-09, 9.19283704715e-10, 1.06927988686e-09, 1.85977799827e-09, 4.98809216154e-10, 1.79565851077e-09, 1.07532660554e-09, 8.26875123927e-10, 6.87565948621e-10, 5.88026793924e-10, 3.86976561906e-10, 7.72905517366e-10, 5.06019115498e-10, 3.81011694417e-10, 4.72976546817e-10, 4.52418241759e-10, 5.62243862579e-10, 4.37500757844e-10, 2.13272316474e-10, 2.96560359603e-10, 3.4972474916e-10, 3.83524850767e-10, 2.21138732326e-10, 2.71787287121e-10, 2.8333740909e-10, 2.06428929506e-10, 2.98727070858e-10, 2.18721527001e-10, 1.65063809843e-10, 2.24570362306e-10, 1.77752701447e-10, 1.54800450236e-10, 2.70561850702e-10, 2.90339714076e-12, 2.13280348244e-11, 1.57882908136e-11, 5.52887726921e-12, 1.39077584085e-12, 7.22884154879e-13, 3.92849517023e-13, 3.68606051715e-13, 2.79672688003e-13, 3.553937472e-13, 3.29307653195e-13, 3.53298770447e-13, 2.2889931053e-13, 1.90005224553e-13, 7.5360900788e-14, 1.27903423462e-14, 3.48755069301e-16],
        "stdev": [3.09575239044e-06, 5.56208624403e-06, 1.37152674142e-05, 0.000117555646284, 0.000585764239077, 0.00120563572273, 0.000998071627691, 0.00073301437078, 0.00258614681661, 0.00544772250578, 0.0020999123808, 0.000141301003168, 0.00013155527995, 0.000144901830936, 0.000128344778204, 0.000474249682156, 0.00037876231363, 0.000314657838317, 0.000164987941389, 6.57536656945e-05, 0.000136838774779, 0.000168379337993, 0.000286591559416, 0.000580071180593, 0.000958583375905, 0.00102287589107, 0.00155555678066, 0.00129779591225, 0.000884458480868, 0.00141957518645, 0.00117070588749, 0.000530681631062, 0.00044783562771, 0.000259903958067, 0.000130860775243, 0.00015169652761, 0.000230270597967, 0.000187444806215, 8.70357398526e-05, 0.000109714696009, 0.000157959861099, 0.000136406801175, 0.000102130397863, 9.52251211856e-05, 0.000113675196189, 0.000218215180212, 0.000252624653513, 9.08944566618e-05, 9.32226830628e-05, 7.63186180848e-05, 6.7998720624e-05, 5.74103432882e-05, 6.66648265906e-05, 5.98721417191e-05, 5.27838310518e-05, 3.72879549104e-05, 3.59367295459e-05, 3.69614463125e-05, 3.28038440784e-05, 2.33474111155e-05, 1.74848955794e-05, 1.37509869091e-05, 9.93085632217e-06, 7.14643147148e-06, 8.18492571852e-06, 9.30970963964e-06, 7.52719279262e-06, 4.76623699797e-06, 4.70164468425e-06, 4.90711454404e-06, 4.75406432088e-06, 3.41421150551e-06, 3.11394342134e-06, 2.15313139051e-06, 2.02669980354e-06, 1.90539049072e-06, 1.9307740331e-06, 1.9151352717e-06, 1.81165353297e-06, 1.51107337842e-06, 1.38735742894e-06, 1.70269368027e-06, 3.45360786014e-06, 4.77530602438e-06, 3.62552327715e-06, 3.89690876546e-06, 2.69399083663e-06, 1.58894727065e-06, 1.06444679204e-06, 8.76774322478e-07, 1.13912415145e-06, 1.33632647703e-06, 1.2764260191e-06, 1.78509674242e-06, 1.05660217287e-06, 6.67926485676e-07, 9.86505483525e-07, 6.66128642024e-07, 6.63381001687e-07, 7.68904101278e-07, 7.11804204911e-07, 7.42834970424e-07, 7.67121207446e-07, 4.1007288587e-07, 3.35857833988e-07, 3.73047271296e-07, 3.80959704671e-07, 2.88720428898e-07, 1.77441279448e-07, 1.21133481912e-07, 7.86128708796e-08, 6.31215186786e-08, 4.35227462958e-08, 3.21102611167e-08, 3.37313110776e-08, 1.14058877898e-08, 5.96975713307e-09, 6.13806161454e-09, 5.6795297354e-09, 2.66642419255e-09, 1.63812707843e-09, 1.86648430045e-09, 9.20156395523e-10, 4.47183609587e-11, 6.48168541409e-12, 5.68905382872e-12, 5.25407712129e-12, 5.13563497284e-12]
    },
    "mfcc": {
        "mean": [-689.266784668, 87.0810699463, -70.8112869263, -32.9504699707, -34.2905158997, -18.0551376343, -18.900094986, -0.506597340107, -3.76134681702, -0.714035272598, -7.45975065231, -9.37697410583, -7.92888402939],
        "cov": [[4842.14697266, -1567.6484375, -1217.27246094, -1235.59033203, -699.154785156, -589.977844238, -508.426177979, 18.9569988251, -29.5728969574, -258.617431641, -172.724838257, -210.00831604, -172.188339233], [-1567.6484375, 1177.11401367, 1074.28649902, 671.417236328, 457.148010254, 284.121826172, 200.200073242, 92.3554763794, -60.1598434448, -44.0183906555, 60.5552139282, -10.7726984024, 10.4114637375], [-1217.27246094, 1074.28649902, 2448.79589844, 1327.40319824, 1036.05993652, 423.803894043, 152.886291504, 125.68611908, -247.175369263, -275.376953125, -1.91364407539, -74.0692825317, 94.758354187], [-1235.59033203, 671.417236328, 1327.40319824, 952.467712402, 686.907531738, 337.101043701, 164.786529541, 58.1351852417, -88.4724960327, -61.5400505066, 33.1466522217, 25.7846794128, 121.856468201], [-699.154785156, 457.148010254, 1036.05993652, 686.907531738, 592.809265137, 253.764480591, 86.0568771362, 55.8906669617, -80.4230880737, -85.7210464478, 10.7230062485, 4.88616132736, 96.8354034424], [-589.977844238, 284.121826172, 423.803894043, 337.101043701, 253.764480591, 203.705200195, 103.214859009, 22.1403007507, 2.72042107582, 21.989156723, 26.4412841797, 37.0436820984, 53.8472671509], [-508.426177979, 200.200073242, 152.886291504, 164.786529541, 86.0568771362, 103.214859009, 134.282073975, 16.5320777893, 36.1571044922, 62.8662910461, 31.1380996704, 35.1369285583, 18.0979537964], [18.9569988251, 92.3554763794, 125.68611908, 58.1351852417, 55.8906669617, 22.1403007507, 16.5320777893, 66.9130096436, 10.3984298706, -5.60717773438, 10.4503126144, -6.37411022186, -1.96849501133], [-29.5728969574, -60.1598434448, -247.175369263, -88.4724960327, -80.4230880737, 2.72042107582, 36.1571044922, 10.3984298706, 109.179634094, 93.3553085327, 21.6953430176, 39.7646942139, -4.41250228882], [-258.617431641, -44.0183906555, -275.376953125, -61.5400505066, -85.7210464478, 21.989156723, 62.8662910461, -5.60717773438, 93.3553085327, 153.523651123, 42.9864006042, 58.3595542908, 8.93459129333], [-172.724838257, 60.5552139282, -1.91364407539, 33.1466522217, 10.7230062485, 26.4412841797, 31.1380996704, 10.4503126144, 21.6953430176, 42.9864006042, 53.8101501465, 30.4608669281, 3.8109164238], [-210.00831604, -10.7726984024, -74.0692825317, 25.7846794128, 4.88616132736, 37.0436820984, 35.1369285583, -6.37411022186, 39.7646942139, 58.3595542908, 30.4608669281, 77.2771759033, 33.6761016846], [-172.188339233, 10.4114637375, 94.758354187, 121.856468201, 96.8354034424, 53.8472671509, 18.0979537964, -1.96849501133, -4.41250228882, 8.93459129333, 3.8109164238, 33.6761016846, 87.7598114014]],
        "icov": [[0.000788894947618, 0.000930579961278, -0.000292676355457, 0.000891351723112, -0.000155297821038, -0.000153175191372, 0.000669316272251, -0.00138299050741, -0.000695596798323, 0.00120223488193, -0.000259096821537, 0.000852094206493, 0.000138998540933], [0.000930579961278, 0.00320591474883, -0.000669448927511, 0.000218184097321, 0.000576556485612, -0.00142597977538, -0.000820428947918, -0.00269403774291, -0.000373636779841, 0.00212710699998, -0.00184430135414, 0.00177177449223, 0.00137777102645], [-0.000292676355457, -0.000669448927511, 0.00389352533966, -0.00397627102211, -0.0014847262064, -9.93913054117e-05, -0.000639165809844, -0.00150393228978, 0.00230245129205, 0.00234043668024, 0.00019943267398, 0.00043555884622, 0.00232132081874], [0.000891351723112, 0.000218184097321, -0.00397627102211, 0.0141186052933, -0.00785148143768, -0.000536380859558, -0.00259599974379, 0.00183504202869, -2.59937951341e-05, -0.00258611072786, -0.000875242461916, -6.26122709946e-05, -0.00369458296336], [-0.000155297821038, 0.000576556485612, -0.0014847262064, -0.00785148143768, 0.0157640706748, -0.00629563070834, 0.00430739251897, -0.00276658730581, -0.00167713209521, 0.00290009635501, -0.000226789226872, 0.000764678348787, -0.0030129563529], [-0.000153175191372, -0.00142597977538, -9.93913054117e-05, -0.000536380859558, -0.00629563070834, 0.019629387185, -0.00658006686717, 0.00252884952351, -0.00146907335147, -0.00264744856395, 0.00107361003757, -0.0033430417534, -0.00153114751447], [0.000669316272251, -0.000820428947918, -0.000639165809844, -0.00259599974379, 0.00430739251897, -0.00658006686717, 0.0204605571926, -0.00209607789293, -0.00301660248078, -0.00471047079191, 0.000643270846922, -0.000271347293165, 0.00112748646643], [-0.00138299050741, -0.00269403774291, -0.00150393228978, 0.00183504202869, -0.00276658730581, 0.00252884952351, -0.00209607789293, 0.0243336036801, -0.00729118753225, -0.000224450821406, -0.00491184042767, 0.00241964263842, -0.00189782574307], [-0.000695596798323, -0.000373636779841, 0.00230245129205, -2.59937951341e-05, -0.00167713209521, -0.00146907335147, -0.00301660248078, -0.00729118753225, 0.0263172872365, -0.0121405962855, 0.00483242282644, -0.00624976446852, 0.00418766355142], [0.00120223488193, 0.00212710699998, 0.00234043668024, -0.00258611072786, 0.00290009635501, -0.00264744856395, -0.00471047079191, -0.000224450821406, -0.0121405962855, 0.0261989738792, -0.00952622294426, 0.000273455923889, -0.000407885672757], [-0.000259096821537, -0.00184430135414, 0.00019943267398, -0.000875242461916, -0.000226789226872, 0.00107361003757, 0.000643270846922, -0.00491184042767, 0.00483242282644, -0.00952622294426, 0.0324121341109, -0.0116302948445, 0.00432729907334], [0.000852094206493, 0.00177177449223, 0.00043555884622, -6.26122709946e-05, 0.000764678348787, -0.0033430417534, -0.000271347293165, 0.00241964263842, -0.00624976446852, 0.000273455923889, -0.0116302948445, 0.0291762072593, -0.00863685458899], [0.000138998540933, 0.00137777102645, 0.00232132081874, -0.00369458296336, -0.0030129563529, -0.00153114751447, 0.00112748646643, -0.00189782574307, 0.00418766355142, -0.000407885672757, 0.00432729907334, -0.00863685458899, 0.0214949008077]]
    },
    "spectral_contrast_coeffs": {
        "max": [-0.283830612898, -0.50681656599, -0.605747699738, -0.634863197803, -0.668869078159, -0.680954396725],
        "mean": [-0.689994752407, -0.76193779707, -0.763630211353, -0.823784172535, -0.799308657646, -0.770740330219],
        "min": [-0.878598213196, -0.911688148975, -0.903420984745, -0.907253026962, -0.88508450985, -0.928065598011],
        "stdev": [0.0983916893601, 0.0795590654016, 0.0597082823515, 0.0376468263566, 0.0356151610613, 0.0278257094324]
    },
    "spectral_contrast_valleys": {
        "max": [-5.95069742203, -5.85526180267, -5.11180973053, -5.39466142654, -6.3301024437, -8.41980934143],
        "mean": [-9.51035022736, -6.93498945236, -6.74420166016, -7.04492044449, -7.61690425873, -10.5696382523],
        "min": [-11.8958292007, -8.62956619263, -9.27771759033, -9.82288455963, -10.2358760834, -12.9998970032],
        "stdev": [1.1710190773, 0.572094798088, 0.994468152523, 1.02719795704, 0.835256814957, 0.898864865303]
    }
},
"rhythm": {
    "beats_count": 32,
    "beats_loudness": {
        "max": 0.0528910420835,
        "mean": 0.021331615746,
        "min": 0.000224914532737,
        "stdev": 0.0180782135576
    },
    "bpm": 152.074264526,
    "bpm_histogram_first_peak_bpm": 152,
    "bpm_histogram_first_peak_weight": 0.399999976158,
    "bpm_histogram_second_peak_bpm": 144,
    "bpm_histogram_second_peak_spread": 0.285714268684,
    "bpm_histogram_second_peak_weight": 0.161290317774,
    "danceability": 0.716943860054,
    "onset_rate": 1.80259752274,
    "beats_loudness_band_ratio": {
        "max": [0.865577936172, 0.801332473755, 0.72622781992, 0.711299657822, 0.922369003296, 0.272388786077],
        "mean": [0.079078309238, 0.10227073729, 0.293130785227, 0.34749764204, 0.194687157869, 0.0442176014185],
        "min": [1.100263853e-05, 0.000905706372578, 0.0190127100796, 0.00625474564731, 0.00762599008158, 0.0020664902404],
        "stdev": [0.195272117853, 0.21791523695, 0.161688312888, 0.205530568957, 0.173006281257, 0.053685490042]
    },
    "beats_position": [0.429569154978, 0.859138309956, 1.27709746361, 1.69505667686, 2.11301589012, 2.53097510338, 2.96054410934, 3.35528349876, 3.76163268089, 4.17959165573, 4.57433080673, 4.95746040344, 5.34058952332, 5.73532867432, 6.14167785645, 6.53641700745, 6.91954612732, 7.30267572403, 7.70902490616, 8.11537361145, 8.51011276245, 8.90485286713, 9.22993183136, 9.55501079559, 9.8800907135, 10.2051696777, 10.5302495956, 10.866938591, 11.2036275864, 11.5403175354, 11.8770065308, 12.2253055573],
