{
"metadata": {
    "version": {
        "essentia": "2.1-beta5",
        "essentia_git_sha": "Undefined",
        "extractor": "music 2.0"
    },
    "audio_properties": {
        "analysis": {
            "equal_loudness": 0,
            "length": 48.7502937317,
            "sample_rate": 44100,
            "start_time": 12.7477550507,
            "downmix": "mix"
        },
        "bit_rate": 192000,
        "length": 191.042190552,
        "lossless": 0,
        "number_channels": 2,
        "replay_gain": -7.57668113708,
        "sample_rate": 48000,
        "codec": "mp3",
        "md5_encoded": "eb1d87987466273e7dea43f1ec973f77"
    },
    "tags": {
        "file_name": "Poland_For Life_Isis Gee.mp3",
        "encoding": ["Lavf58.29.100"]
    }
},
"lowlevel": {
    "average_loudness": 0.892195105553,
    "barkbands_crest": {
        "max": 25.761516571,
        "mean": 9.82849216461,
        "min": 2.55049037933,
        "stdev": 4.12240028381
    },
    "barkbands_flatness_db": {
        "max": 0.281254202127,
        "mean": 0.139060512185,
        "min": 0.0378709807992,
        "stdev": 0.037363473326
    },
    "barkbands_kurtosis": {
        "max": 93.1935653687,
        "mean": 3.72602319717,
        "min": -1.91262614727,
        "stdev": 7.04622936249
    },
    "barkbands_skewness": {
        "max": 9.18001937866,
        "mean": 1.48128807545,
        "min": -2.98659229279,
        "stdev": 1.16191446781
    },
    "barkbands_spread": {
        "max": 111.636306763,
        "mean": 25.0754795074,
        "min": 2.34573841095,
        "stdev": 16.1248970032
    },
    "dissonance": {
        "max": 0.500000059605,
        "mean": 0.459359943867,
        "min": 0.313128083944,
        "stdev": 0.0266102366149
    },
    "dynamic_complexity": 2.48026752472,
    "erbbands_crest": {
        "max": 25.3560466766,
        "mean": 9.45542430878,
        "min": 2.43792295456,
        "stdev": 4.13794517517
    },
    "erbbands_flatness_db": {
        "max": 0.279826700687,
        "mean": 0.150727003813,
        "min": 0.0498601533473,
        "stdev": 0.0413404814899
    },
    "erbbands_kurtosis": {
        "max": 19.6484241486,
        "mean": 0.471504628658,
        "min": -1.79458856583,
        "stdev": 2.39488649368
    },
    "erbbands_skewness": {
        "max": 2.8858859539,
        "mean": 0.431780040264,
        "min": -4.08239889145,
        "stdev": 0.89051669836
    },
    "erbbands_spread": {
        "max": 141.005233765,
        "mean": 42.9875450134,
        "min": 6.61789512634,
        "stdev": 19.7953796387
    },
    "hfc": {
        "max": 190.656112671,
        "mean": 19.129152298,
        "min": 0.605356872082,
        "stdev": 21.5239963531
    },
    "loudness_ebu128": {
        "integrated": -17.2752819061,
        "loudness_range": 4.12485313416,
        "momentary": {
            "max": -12.4914932251,
            "mean": -17.7866725922,
            "min": -23.7222251892,
            "stdev": 2.11589837074
        },
        "short_term": {
            "max": -14.6897583008,
            "mean": -17.60679245,
            "min": -19.9946193695,
            "stdev": 1.52656042576
        }
    },
    "melbands_crest": {
        "max": 29.184135437,
        "mean": 12.9194755554,
        "min": 3.43165183067,
        "stdev": 4.78223800659
    },
    "melbands_flatness_db": {
        "max": 0.378644585609,
        "mean": 0.191813215613,
        "min": 0.032894808799,
        "stdev": 0.0534737482667
    },
    "melbands_kurtosis": {
        "max": 376.142364502,
        "mean": 13.1826839447,
        "min": -1.86580061913,
        "stdev": 23.3122558594
    },
    "melbands_skewness": {
        "max": 16.1902389526,
        "mean": 2.51943588257,
        "min": -0.502986431122,
        "stdev": 1.7244451046
    },
    "melbands_spread": {
        "max": 226.650024414,
        "mean": 26.884595871,
        "min": 1.4467458725,
        "stdev": 26.2070522308
    },
    "pitch_salience": {
        "max": 0.832409024239,
        "mean": 0.545133173466,
        "min": 0.088146597147,
        "stdev": 0.119409374893
    },
    "silence_rate_20dB": {
        "max": 1,
        "mean": 1,
        "min": 1,
        "stdev": 0
    },
    "silence_rate_30dB": {
        "max": 1,
        "mean": 1,
        "min": 1,
        "stdev": 0
    },
    "silence_rate_60dB": {
        "max": 1,
        "mean": 0.0295097567141,
        "min": 0,
        "stdev": 0.169228419662
    },
    "spectral_centroid": {
        "max": 5467.34667969,
        "mean": 1586.0234375,
        "min": 350.522583008,
        "stdev": 807.07409668
    },
    "spectral_complexity": {
        "max": 51,
        "mean": 14.7177534103,
        "min": 2,
        "stdev": 6.83341264725
    },
    "spectral_decrease": {
        "max": -2.24705129503e-10,
        "mean": -5.23866372504e-09,
        "min": -3.22752988779e-08,
        "stdev": 4.1370675774e-09
    },
    "spectral_energy": {
        "max": 0.123263403773,
        "mean": 0.0215070322156,
        "min": 0.000919062178582,
        "stdev": 0.0164190791547
    },
    "spectral_energyband_high": {
        "max": 0.0263379327953,
        "mean": 0.00109247246291,
        "min": 1.11948775157e-05,
        "stdev": 0.00222063879482
    },
    "spectral_energyband_low": {
        "max": 0.115410514176,
        "mean": 0.00830338522792,
        "min": 7.04639069227e-06,
        "stdev": 0.0125517817214
    },
    "spectral_energyband_middle_high": {
        "max": 0.0405471250415,
        "mean": 0.0041887620464,
        "min": 8.02881622803e-05,
        "stdev": 0.00613784277812
    },
    "spectral_energyband_middle_low": {
        "max": 0.0435333922505,
        "mean": 0.00827904976904,
        "min": 0.000504389288835,
        "stdev": 0.00618779333308
    },
    "spectral_entropy": {
        "max": 8.79920101166,
        "mean": 7.61774015427,
        "min": 6.57484960556,
        "stdev": 0.41086179018
    },
    "spectral_flux": {
        "max": 0.287545502186,
        "mean": 0.079083904624,
        "min": 0.0138443754986,
        "stdev": 0.0448741912842
    },
    "spectral_kurtosis": {
        "max": 21.7788696289,
        "mean": 3.44772577286,
        "min": -1.18642270565,
        "stdev": 2.24702501297
    },
    "spectral_rms": {
        "max": 0.0109661743045,
        "mean": 0.00428414018825,
        "min": 0.000946913962252,
        "stdev": 0.00162131222896
    },
    "spectral_rolloff": {
        "max": 10271.3378906,
        "mean": 1661.40844727,
        "min": 86.1328125,
        "stdev": 1793.75219727
    },
    "spectral_skewness": {
        "max": 3.63971090317,
        "mean": 1.34764885902,
        "min": -0.269652932882,
        "stdev": 0.4719658494
    },
    "spectral_spread": {
        "max": 14068438,
        "mean": 5032533,
        "min": 2082778.25,
        "stdev": 1604710.625
    },
    "spectral_strongpeak": {
        "max": 11.1832084656,
        "mean": 0.918576717377,
        "min": 0,
        "stdev": 1.18091833591
    },
    "zerocrossingrate": {
        "max": 0.3427734375,
        "mean": 0.0668280646205,
        "min": 0.01025390625,
        "stdev": 0.0445514731109
    },
    "barkbands": {
        "max": [0.00129067804664, 0.0982789695263, 0.0347181744874, 0.0140623617917, 0.0190613362938, 0.0197202861309, 0.0108382161707, 0.0372157767415, 0.0347809307277, 0.0298003070056, 0.0261593032628, 0.032904677093, 0.0145317958668, 0.00659895734861, 0.00863176211715, 0.00509579339996, 0.00265867845155, 0.00463206181303, 0.0106062991545, 0.0115825710818, 0.00254286685959, 0.00879786908627, 0.0116510475054, 0.00720194494352, 0.00690128421411, 0.00211301702075, 2.13765724766e-06],
        "mean": [0.000118827701954, 0.0060652741231, 0.00182764930651, 0.000756672641728, 0.00165321375243, 0.00159707129933, 0.000955072056968, 0.00127349363174, 0.00184327515308, 0.00058748095762, 0.000812615267932, 0.000783871859312, 0.000271936121862, 0.000214371830225, 0.000257935374975, 0.00015006227477, 0.000145884099766, 0.000342192768585, 0.000455805973615, 0.000574154139031, 0.0001348535734, 0.000174550310476, 0.000208284822293, 0.000144212172017, 0.000113222668006, 4.50042389275e-05, 4.89231197776e-08],
        "min": [7.5681914069e-09, 2.36701410472e-07, 3.69138234646e-07, 1.03806985408e-06, 2.33987539104e-05, 1.28580622913e-05, 3.35651907335e-06, 5.39397660759e-06, 1.16769479064e-05, 2.58819954979e-06, 3.27199313688e-06, 2.7907749427e-06, 1.05897879621e-06, 2.84959037344e-06, 2.27271743825e-06, 2.055544428e-06, 7.38070298212e-07, 1.87020975773e-06, 1.71782892266e-06, 2.97962105833e-06, 1.70798421095e-06, 1.14195813694e-06, 1.12418581466e-06, 6.27098870609e-07, 3.18654628018e-07, 1.39593495874e-07, 3.32495385391e-11],
        "stdev": [0.000177421738044, 0.0103266937658, 0.0033359376248, 0.00147046986967, 0.00197061011568, 0.00241026491858, 0.00119855743833, 0.00260795280337, 0.00302246911451, 0.00178287480958, 0.00200081546791, 0.00296508683823, 0.000820483837742, 0.000459367700387, 0.000673373346217, 0.000404899619753, 0.000301291671349, 0.000593233620748, 0.00109913584311, 0.00101989204995, 0.000203843868803, 0.000538187101483, 0.000784593285061, 0.000503150571603, 0.000438220478827, 0.000119585682114, 1.71092111145e-07]
    },
    "erbbands": {
        "max": [2.09206938744, 23.8718147278, 42.2661743164, 46.5094223022, 108.833839417, 66.1528549194, 140.202575684, 183.406021118, 129.315261841, 294.910766602, 1023.74328613, 963.076599121, 758.207092285, 939.764648438, 1256.13110352, 1151.4552002, 681.234191895, 360.011260986, 287.66293335, 417.257080078, 205.477600098, 142.656036377, 227.431060791, 400.118896484, 476.708465576, 422.17666626, 108.246513367, 137.206573486, 312.034912109, 317.88092041, 342.046966553, 157.149932861, 127.074714661, 101.317115784, 34.1096382141, 10.9870939255, 4.12075090408, 0.378383368254, 0.00625067763031, 0.00026727624936],
        "mean": [0.164509654045, 1.38188076019, 2.33368015289, 2.22715449333, 4.0964179039, 5.98314332962, 9.56152629852, 13.0717220306, 8.13069057465, 25.5675792694, 31.8278541565, 34.3556480408, 31.2346458435, 27.5963497162, 34.0498695374, 24.7737388611, 12.7966098785, 11.5528259277, 11.5305547714, 11.6794433594, 8.22823524475, 8.81486988068, 15.6003265381, 24.1927013397, 24.5620059967, 26.923248291, 9.24616622925, 4.81074953079, 5.92803096771, 7.19441652298, 5.34071922302, 3.29323458672, 2.29598021507, 1.4146463871, 0.71872228384, 0.292854130268, 0.0564082413912, 0.00644318945706, 0.000140892283525, 3.3567812352e-05],
        "min": [4.83379062644e-06, 0.000164635508554, 0.00136068940628, 0.00993374269456, 0.0404052808881, 0.0654107406735, 0.138148576021, 0.16971847415, 0.13675647974, 0.263845980167, 0.312034368515, 0.216196462512, 0.26515302062, 0.232856810093, 0.320999443531, 0.197793990374, 0.062560968101, 0.148771882057, 0.171976283193, 0.123044200242, 0.0842136666179, 0.0618419386446, 0.145125687122, 0.0854335203767, 0.120054796338, 0.134789258242, 0.113184273243, 0.0488138534129, 0.0426661074162, 0.0348634496331, 0.02130876109, 0.0163154136389, 0.00903241895139, 0.0042777042836, 0.0013573236065, 0.00114817311987, 0.000103876256617, 1.30323005578e-05, 1.52258144226e-06, 1.26222914787e-06],
        "stdev": [0.239830762148, 2.54266262054, 4.26747226715, 3.77895498276, 8.63617515564, 6.80345249176, 14.3384208679, 19.8243865967, 10.1376609802, 30.6571407318, 66.1719589233, 62.3966903687, 58.246887207, 75.3868255615, 96.2618331909, 86.2825469971, 37.3336639404, 22.2967967987, 26.5345172882, 31.0961608887, 17.5775718689, 17.123840332, 26.8276748657, 49.3365821838, 50.4068222046, 45.9012947083, 13.106347084, 9.90005683899, 17.4884929657, 24.8532714844, 20.6869068146, 10.1563053131, 8.97769451141, 6.07756900787, 2.36619257927, 0.780882656574, 0.180253744125, 0.0216621849686, 0.000396662391722, 3.0876861274e-05]
    },
    "gfcc": {
        "mean": [-3.18850255013, 87.7728347778, -110.671432495, 36.9643745422, -71.466178894, 14.8332872391, -31.544626236, 20.6850528717, -27.2842788696, 6.02616739273, -11.5970392227, -0.554965257645, -10.3166322708],
        "cov": [[1864.58447266, -473.916900635, -11.6453609467, 167.694793701, 232.384231567, 72.1253128052, 56.4051933289, 133.17036438, -47.8723487854, 52.7609138489, 29.9375400543, -41.5864486694, -85.6746673584], [-473.916900635, 1159.01574707, -111.609542847, -8.33765792847, 246.126464844, -146.027297974, 147.405380249, 54.8025970459, 102.416114807, -22.1130409241, 218.60723877, -77.6634674072, 82.5336303711], [-11.6453609467, -111.609542847, 743.908569336, 218.49772644, 99.777053833, 220.215682983, -26.2089672089, 15.5619840622, 129.683670044, 102.979499817, -116.424194336, 155.836257935, -15.9506998062], [167.694793701, -8.33765792847, 218.49772644, 447.970062256, 134.197387695, 9.63560676575, 30.1371536255, 36.0838165283, 121.856681824, 45.2639083862, -4.15064287186, 4.59160470963, 24.0636062622], [232.384231567, 246.126464844, 99.777053833, 134.197387695, 336.621276855, 24.3397274017, 39.4431343079, 71.9800643921, 66.9392852783, 51.3344421387, 32.0408592224, 16.6483688354, 15.0047044754], [72.1253128052, -146.027297974, 220.215682983, 9.63560676575, 24.3397274017, 241.694763184, 54.0295219421, -0.414540916681, 22.9430370331, 31.2809886932, -20.0374507904, 69.5048522949, -22.7116165161], [56.4051933289, 147.405380249, -26.2089672089, 30.1371536255, 39.4431343079, 54.0295219421, 181.911941528, 64.0124816895, -13.9801445007, -4.19186162949, 88.1599273682, -15.1630086899, -0.789280176163], [133.17036438, 54.8025970459, 15.5619840622, 36.0838165283, 71.9800643921, -0.414540916681, 64.0124816895, 137.320465088, 39.6790542603, 5.27990627289, 43.1609535217, -1.27339041233, 7.55028963089], [-47.8723487854, 102.416114807, 129.683670044, 121.856681824, 66.9392852783, 22.9430370331, -13.9801445007, 39.6790542603, 167.748184204, 50.3387565613, -6.65233898163, 23.3832759857, 16.6905193329], [52.7609138489, -22.1130409241, 102.979499817, 45.2639083862, 51.3344421387, 31.2809886932, -4.19186162949, 5.27990627289, 50.3387565613, 100.513565063, 1.26864349842, 32.5364456177, -2.92476058006], [29.9375400543, 218.60723877, -116.424194336, -4.15064287186, 32.0408592224, -20.0374507904, 88.1599273682, 43.1609535217, -6.65233898163, 1.26864349842, 174.590698242, -33.0668792725, 2.48380064964], [-41.5864486694, -77.6634674072, 155.836257935, 4.59160470963, 16.6483688354, 69.5048522949, -15.1630086899, -1.27339041233, 23.3832759857, 32.5364456177, -33.0668792725, 128.778457642, 15.7818937302], [-85.6746673584, 82.5336303711, -15.9506998062, 24.0636062622, 15.0047044754, -22.7116165161, -0.789280176163, 7.55028963089, 16.6905193329, -2.92476058006, 2.48380064964, 15.7818937302, 77.3919067383]],
        "icov": [[0.000981217017397, 0.000872349832207, 6.81176686612e-07, -4.47667571279e-06, -0.00122589571401, 0.000217685461394, -0.00030533032259, -0.000357032840839, 0.000120679738757, 3.75732042812e-06, -0.000653026334476, 0.000608946371358, 0.000361629208783], [0.000872349832207, 0.00429091276601, -0.00181491288822, 0.00266284472309, -0.00406812410802, 0.00405077449977, -0.00416793907061, 0.0035077247303, -0.00409507472068, 0.00293573318049, -0.00395402265713, 0.00215183408, -0.00253734877333], [6.81176686612e-07, -0.00181491288822, 0.00426564784721, -0.00270576355979, 0.00149304629304, -0.00408962834626, 0.00267492420971, -0.00260121072643, 0.00165414530784, -0.00261164247058, 0.00307697337121, -0.00301411841065, 0.00250860233791], [-4.47667571279e-06, 0.00266284472309, -0.00270576355979, 0.00569628737867, -0.00311801419593, 0.00412714714184, -0.00434196786955, 0.00374607834965, -0.00511027919129, 0.00243783206679, -0.00239767436869, 0.00244024791755, -0.00299404514953], [-0.00122589571401, -0.00406812410802, 0.00149304629304, -0.00311801419593, 0.00803109910339, -0.0037885340862, 0.00379612087272, -0.0044761095196, 0.00337929092348, -0.00391097925603, 0.00324161536992, -0.00211448851041, 0.00151562434621], [0.000217685461394, 0.00405077449977, -0.00408962834626, 0.00412714714184, -0.0037885340862, 0.012095335871, -0.00831676740199, 0.0059751002118, -0.00551999080926, 0.00345322629437, -0.00318873370998, -0.000194540727534, -0.0011257926235], [-0.00030533032259, -0.00416793907061, 0.00267492420971, -0.00434196786955, 0.00379612087272, -0.00831676740199, 0.0151679925621, -0.00832462590188, 0.0072071752511, -0.00308534433134, -0.000198591049411, -0.000855713966303, 0.00230834586546], [-0.000357032840839, 0.0035077247303, -0.00260121072643, 0.00374607834965, -0.0044761095196, 0.0059751002118, -0.00832462590188, 0.0153101151809, -0.00772004202008, 0.00469778478146, -0.00413391832262, 0.00106476410292, -0.00303614884615], [0.000120679738757, -0.00409507472068, 0.00165414530784, -0.00511027919129, 0.00337929092348, -0.00551999080926, 0.0072071752511, -0.00772004202008, 0.0149285141379, -0.00672292616218, 0.00345894065686, -0.00126226199791, 0.00165499094874], [3.75732042812e-06, 0.00293573318049, -0.00261164247058, 0.00243783206679, -0.00391097925603, 0.00345322629437, -0.00308534433134, 0.00469778478146, -0.00672292616218, 0.01636605151, -0.00435898918658, -0.000768253055867, -0.000776069588028], [-0.000653026334476, -0.00395402265713, 0.00307697337121, -0.00239767436869, 0.00324161536992, -0.00318873370998, -0.000198591049411, -0.00413391832262, 0.00345894065686, -0.00435898918658, 0.0127733824775, -0.00157487415709, 0.00271101715043], [0.000608946371358, 0.00215183408, -0.00301411841065, 0.00244024791755, -0.00211448851041, -0.000194540727534, -0.000855713966303, 0.00106476410292, -0.00126226199791, -0.000768253055867, -0.00157487415709, 0.0137736052275, -0.00527539197356], [0.000361629208783, -0.00253734877333, 0.00250860233791, -0.00299404514953, 0.00151562434621, -0.0011257926235, 0.00230834586546, -0.00303614884615, 0.00165499094874, -0.000776069588028, 0.00271101715043, -0.00527539197356, 0.0177735090256]]
    },
    "melbands": {
        "max": [0.023797288537, 0.0222986321896, 0.00725731067359, 0.00440053781494, 0.00370822451077, 0.00360341672786, 0.0020027353894, 0.00317208841443, 0.00769483949989, 0.00652435002849, 0.00366639229469, 0.00436134496704, 0.00305037712678, 0.00491080805659, 0.00150734139606, 0.00105847383384, 0.000811397447251, 0.000494869425893, 0.000918036908843, 0.000420148076955, 0.000240692621446, 0.000149691913975, 0.000240291876253, 0.000309788883897, 0.000372482667444, 0.000633657968137, 0.000458419090137, 0.000264237460215, 0.000118885385746, 7.86815144238e-05, 0.000106158084236, 0.000212753104279, 0.00015669959248, 0.000210889062146, 0.00021700806974, 0.000142411474371, 0.000121552722703, 0.000123393750982, 8.17434556666e-05, 9.17720171856e-05],
        "mean": [0.00161732162815, 0.00140594155528, 0.0004613189667, 0.000339310616255, 0.000328348804032, 0.000289237010293, 0.000149371378939, 0.000288352777716, 0.000261114531895, 0.000232588092331, 0.000152539330884, 0.000105023944343, 0.00011259639723, 0.000105374478153, 3.3065360185e-05, 2.55819322774e-05, 2.04370735446e-05, 1.68503993336e-05, 2.17217457248e-05, 1.02056956166e-05, 9.39183610171e-06, 8.33828835312e-06, 9.96050857793e-06, 1.83904376172e-05, 1.96845994651e-05, 1.83242846106e-05, 1.97493955056e-05, 1.76230714715e-05, 6.64371373205e-06, 2.61988884631e-06, 2.81077836917e-06, 3.39019243256e-06, 3.41075133292e-06, 4.32339584222e-06, 3.3136300317e-06, 2.32242223319e-06, 1.88169008197e-06, 1.67198413692e-06, 1.37944834933e-06, 1.13193812012e-06],
        "min": [4.80629687161e-08, 6.62866568746e-07, 2.51299616139e-06, 2.47220214078e-06, 3.82285770684e-06, 2.33443051911e-06, 1.4178898482e-06, 2.41835277848e-06, 2.07397056329e-06, 1.27198438804e-06, 6.47101671802e-07, 7.97888105808e-07, 9.9065186987e-07, 3.66558623455e-07, 1.62848706964e-07, 1.21829458521e-07, 2.32305126247e-07, 1.55799654067e-07, 1.45481052982e-07, 1.27561449403e-07, 6.55221086276e-08, 4.89397926628e-08, 5.79840708781e-08, 7.5157025492e-08, 5.34558139975e-08, 5.3603688599e-08, 6.203442382e-08, 7.57054507972e-08, 4.02861104476e-08, 3.22675539621e-08, 2.42713920073e-08, 2.38085711146e-08, 1.84605841724e-08, 1.90937345934e-08, 1.26476651374e-08, 7.91676413314e-09, 7.51245377018e-09, 5.40154454498e-09, 4.32519398075e-09, 3.01489921917e-09],
        "stdev": [0.00258834147826, 0.00243901298381, 0.000757364730816, 0.000442775955889, 0.000406209204812, 0.00043138829642, 0.000177162350155, 0.000369359564502, 0.000564071408007, 0.000411210174207, 0.000294917816063, 0.000314688863, 0.00026599742705, 0.000413312023738, 9.96202652459e-05, 6.96092902217e-05, 4.42062228103e-05, 4.19624666392e-05, 6.14336167928e-05, 3.24224456563e-05, 1.93763280549e-05, 1.70361672645e-05, 2.0304138161e-05, 3.50505142706e-05, 4.37887465523e-05, 5.00603673572e-05, 3.90450004488e-05, 3.28304740833e-05, 1.07530167952e-05, 4.4205839913e-06, 6.8782960625e-06, 1.04452856249e-05, 1.11200115498e-05, 1.626377707e-05, 1.41856298796e-05, 7.23113680579e-06, 6.23472578809e-06, 7.04958210918e-06, 5.57091971132e-06, 5.2517725635e-06]
    },
    "melbands128": {
        "max": [0.00110013119411, 0.0127851888537, 0.0391014628112, 0.0424121469259, 0.026051029563, 0.0160469207913, 0.0104289939627, 0.010600506328, 0.0145818926394, 0.00361171551049, 0.00494914641604, 0.00374558707699, 0.00542028527707, 0.00880177039653, 0.0061418232508, 0.00497255194932, 0.00263958331198, 0.00329701323062, 0.00446382071823, 0.00512768421322, 0.00456157745793, 0.00999547727406, 0.0146936196834, 0.00823057908565, 0.0097216591239, 0.0102469706908, 0.00878488644958, 0.00393914850429, 0.00570302084088, 0.00850027147681, 0.00590125843883, 0.00794495362788, 0.00373148662038, 0.00986822787672, 0.00952702108771, 0.00881947856396, 0.00267820549197, 0.00260425871238, 0.00418264698237, 0.00268298899755, 0.00115504453424, 0.00129602767993, 0.00121932034381, 0.00119076890405, 0.000887243659236, 0.00112286617514, 0.000990086351521, 0.00144474941771, 0.00162828166503, 0.000659639074001, 0.000474075903185, 0.000310562347295, 0.000420766096795, 0.000209266698221, 0.00026347360108, 0.000299231469398, 0.000415426766267, 0.000562146073207, 0.000474322703667, 0.000469908176456, 0.000587747781537, 0.000763960648328, 0.000728189246729, 0.000751289422624, 0.00156733463518, 0.00152086070739, 0.00037428442738, 0.000763433345128, 0.000712369917892, 0.000465082877781, 0.000517266686074, 0.000687930500135, 0.000262358837062, 0.000182805189979, 7.23881967133e-05, 9.80061595328e-05, 9.29433153942e-05, 7.82604474807e-05, 0.00014678799198, 0.000134325906402, 0.000359483092325, 0.000214551750105, 0.000144664605614, 0.000188883568626, 0.000199839661946, 0.00021087533969, 0.000281372311292, 0.000417787028709, 0.000185240496648, 0.000378076423658, 0.00015173292195, 0.000198345893295, 7.93578947196e-05, 0.000117885014333, 0.000295928330161, 0.000270621676464, 0.000117127950944, 9.50104440562e-05, 0.000113060981676, 9.81864504865e-05, 0.00011399716459, 0.000112234869448, 0.000110266475531, 6.07000038144e-05, 3.67143293261e-05, 3.59786718036e-05, 4.25293801527e-05, 3.77733449568e-05, 1.56553414854e-05, 2.78527695627e-05, 3.34816504619e-05, 2.09384543268e-05, 1.04548516902e-05, 1.02313297248e-05, 1.21973007481e-05, 4.89225067213e-06, 9.27142195906e-07, 4.73342165463e-09, 1.47225431846e-08, 4.32111502136e-09, 3.06427305752e-09, 3.00453550928e-09, 2.94989144223e-09, 2.90145862891e-09, 2.86273094119e-09, 2.83255396916e-09, 2.80850342982e-09, 2.79405876213e-09],
        "mean": [0.000113273432362, 0.00110825919546, 0.00246509327553, 0.00221798033454, 0.0014013472246, 0.000816671352368, 0.000397431867896, 0.000425246369559, 0.000458766298834, 0.000243728383793, 0.000371567206457, 0.00029907078715, 0.000307074951706, 0.000394512957428, 0.000296537298709, 0.000279843021417, 8.74401739566e-05, 8.22953152237e-05, 0.000257278152276, 0.00033833226189, 0.000256896601059, 0.000308326911181, 0.000237532149185, 0.000273789511994, 0.000168294893228, 0.000239820947172, 0.000322263978887, 9.60036632023e-05, 6.74217153573e-05, 8.98277503438e-05, 0.000115529277537, 0.000149047802552, 9.35767966439e-05, 9.32007751544e-05, 0.000159513350809, 0.000104683538666, 2.67706873274e-05, 3.53876785084e-05, 3.09679089696e-05, 2.4701737857e-05, 2.4134742489e-05, 2.7186169973e-05, 2.07316006708e-05, 1.71190113178e-05, 1.68547521753e-05, 1.44596488099e-05, 1.88023768715e-05, 2.90196858259e-05, 1.87353070942e-05, 1.30091475512e-05, 8.63505010784e-06, 7.41096891943e-06, 1.21610719361e-05, 8.77335787663e-06, 6.43000475975e-06, 8.21111461846e-06, 9.97606275632e-06, 9.91653269011e-06, 8.50637024996e-06, 1.28781075546e-05, 1.87182286027e-05, 2.42745882133e-05, 1.75061322807e-05, 1.72748714249e-05, 2.44029943133e-05, 2.12198447116e-05, 1.03483507701e-05, 1.9868981326e-05, 2.265211333e-05, 1.8067570636e-05, 2.15929358092e-05, 1.58671555255e-05, 7.9322981037e-06, 5.95928122493e-06, 3.55162251253e-06, 2.34296203416e-06, 2.37573385675e-06, 2.38136999542e-06, 2.8451866001e-06, 3.16351042784e-06, 3.70313978237e-06, 3.43162264471e-06, 2.83598137685e-06, 3.41515283253e-06, 3.71242322217e-06, 4.30605132351e-06, 4.53275924883e-06, 4.5618016884e-06, 3.05161142933e-06, 2.71295016319e-06, 2.37370386458e-06, 2.3267762117e-06, 1.99282908397e-06, 1.83603344794e-06, 1.79857738658e-06, 1.90330172245e-06, 1.58651437232e-06, 1.47151126839e-06, 1.39625319662e-06, 1.35057803163e-06, 1.19099649964e-06, 1.14185695566e-06, 1.00962142824e-06, 8.42020256187e-07, 8.16533429315e-07, 7.45453348827e-07, 6.38021504074e-07, 7.43831208183e-07, 5.322935408e-07, 3.24494834558e-07, 2.35740358789e-07, 1.68977337012e-07, 1.51430171513e-07, 1.50505982788e-07, 1.35332172135e-07, 7.63617222788e-08, 7.32761140654e-09, 2.48494835819e-11, 3.87742511709e-11, 1.55751453401e-11, 1.24472819205e-11, 9.142173997e-12, 7.45903512567e-12, 5.63938002199e-12, 5.37446259372e-12, 5.23634651264e-12, 5.15011774546e-12, 5.1156327438e-12],
        "min": [8.52010018093e-10, 8.73959571379e-09, 2.44176128206e-08, 1.5605974113e-07, 1.20624321198e-07, 2.38977293066e-07, 3.60393698884e-07, 5.55777319278e-07, 1.68236795162e-06, 5.26200210516e-07, 3.70351472156e-07, 3.53573511802e-07, 2.59765840838e-07, 1.40364636536e-06, 1.06686911749e-06, 1.20502448908e-07, 1.45318466593e-07, 5.68205003049e-08, 1.1086846996e-07, 5.59707132197e-07, 6.72195824336e-07, 3.56702486215e-07, 1.86332073326e-07, 2.43045548132e-07, 2.66700681095e-07, 1.70731965454e-07, 1.89698880604e-07, 2.40630470216e-07, 9.06932058342e-08, 7.14459673645e-08, 2.0825839897e-07, 3.59950632856e-07, 1.43661978314e-07, 1.1379845688e-07, 1.10008969045e-07, 9.54020933364e-08, 2.77052354392e-08, 6.58282814925e-08, 8.96649297033e-08, 4.31935767153e-08, 5.87893858039e-08, 6.70080595455e-08, 4.18922496692e-08, 4.12338359013e-08, 9.30522858766e-08, 8.29574489103e-08, 2.37907471501e-08, 6.72589806072e-08, 5.80633923164e-08, 5.42152243099e-08, 2.78148295507e-08, 4.71103192012e-08, 8.06935673836e-08, 2.60096548743e-08, 2.90722219631e-08, 2.29440679789e-08, 6.68851418695e-09, 2.56643399865e-08, 5.64400224334e-08, 4.40067928764e-08, 8.14904836943e-08, 1.27490027424e-08, 2.1949901452e-08, 6.46328714993e-08, 3.97137185359e-08, 2.29009433639e-08, 4.1396063466e-08, 4.28795239316e-08, 4.40456453532e-08, 7.51293711687e-08, 5.41234363993e-08, 2.86999988219e-08, 2.06598400609e-08, 3.02957126053e-08, 2.50747689279e-08, 2.36406361154e-08, 1.60936028948e-08, 1.00044017515e-08, 9.30459176374e-09, 1.30958168754e-08, 1.25169528076e-08, 1.0797982064e-08, 1.27212569367e-08, 8.48696402045e-09, 1.4458142239e-08, 2.07687076426e-08, 1.19331682313e-08, 1.10712576884e-08, 4.22286428048e-09, 5.28188648374e-09, 5.89294302245e-09, 8.70062244474e-09, 8.11805556111e-09, 3.94853927332e-09, 5.21750065374e-09, 4.31286695246e-09, 3.23379634182e-09, 2.032046309e-09, 2.16885487347e-09, 2.80746448311e-09, 8.63731863809e-10, 5.19502045548e-11, 1.59605481609e-10, 2.83684548075e-10, 1.52337586989e-10, 5.26026167069e-10, 2.00017735708e-09, 1.76904824123e-09, 6.2126449818e-11, 2.88360546379e-12, 8.15578290667e-13, 4.38487923271e-13, 2.20320005187e-13, 1.72828805846e-13, 1.43896071274e-13, 1.02760702237e-13, 8.78628224864e-14, 1.04168477772e-13, 8.90425767516e-14, 8.92578383167e-14, 9.42303689504e-14, 9.81865345864e-14, 9.93815083396e-14, 7.89939809528e-14, 6.29778076477e-14, 2.44955135142e-14, 2.74989775722e-15, 1.35645047313e-16],
        "stdev": [0.000170769242686, 0.00150879658759, 0.0042492672801, 0.00444578519091, 0.00276076165028, 0.00144995958544, 0.000793658662587, 0.000907389679924, 0.00112814910244, 0.000362816994311, 0.00049252633471, 0.000368234614143, 0.000541942892596, 0.000879020022694, 0.000523191352841, 0.000533371116035, 0.000169470862602, 0.000187422061572, 0.000395874725655, 0.000497231143527, 0.00054691080004, 0.000826614152174, 0.000819463166408, 0.000792280538008, 0.00053898995975, 0.000608229602221, 0.000746630248614, 0.000264142872766, 0.000298990227748, 0.000483641197206, 0.00041724203038, 0.000463879172457, 0.000232622929616, 0.000532659061719, 0.000746567326132, 0.000561248511076, 0.000126724728034, 0.000131229695398, 0.000162353084306, 0.000132868633955, 8.2638420281e-05, 6.51442023809e-05, 5.78356193728e-05, 6.57865748508e-05, 5.09975543537e-05, 5.53602694708e-05, 6.72773530823e-05, 9.45130814216e-05, 7.02323450241e-05, 4.37367380073e-05, 3.62943173968e-05, 2.41786510742e-05, 2.47807511187e-05, 2.02338414965e-05, 2.07029388548e-05, 2.20957481361e-05, 2.99593793898e-05, 3.54256262654e-05, 2.41721390921e-05, 3.54302719643e-05, 5.27438714926e-05, 6.22135776212e-05, 5.20941357536e-05, 6.44181709504e-05, 0.000100313016446, 8.45481044962e-05, 2.85432888631e-05, 5.42347952432e-05, 6.00575076533e-05, 4.17397386627e-05, 4.97599394294e-05, 4.90874044772e-05, 1.71019473783e-05, 1.12851012091e-05, 6.33660147287e-06, 4.83400117446e-06, 5.03139244756e-06, 5.50163576918e-06, 7.94782499725e-06, 9.01823204913e-06, 1.39269077408e-05, 1.13149035315e-05, 9.43576924328e-06, 1.18256384667e-05, 1.45116346175e-05, 1.51441217895e-05, 1.86581728485e-05, 2.3596247047e-05, 1.37041743073e-05, 1.26946724777e-05, 7.3762989814e-06, 7.63050047681e-06, 5.8180871747e-06, 5.99213308305e-06, 8.84284509084e-06, 1.03506590676e-05, 6.96612960382e-06, 6.01071906203e-06, 5.89399951423e-06, 5.79961806579e-06, 5.49750893697e-06, 5.86210398978e-06, 4.99364523421e-06, 3.25732185047e-06, 2.57484020949e-06, 2.14673741539e-06, 2.12019313039e-06, 2.12694499169e-06, 1.47859054778e-06, 1.05931701455e-06, 9.81386278909e-07, 6.31270893336e-07, 5.58439921861e-07, 5.79296852266e-07, 4.90721845381e-07, 2.66610697963e-07, 3.40864474424e-08, 2.0439308579e-10, 5.17320464244e-10, 1.6721256324e-10, 1.37994185523e-10, 1.14571990784e-10, 1.00085877086e-10, 8.95786708699e-11, 8.83099426918e-11, 8.7376904323e-11, 8.66393345955e-11, 8.61938159735e-11]
    },
    "mfcc": {
        "mean": [-646.475280762, 114.6979599, 12.6848258972, 24.3549175262, -7.83829021454, -3.74473381042, 6.4804186821, 6.31157827377, -4.13081026077, 10.0363311768, -0.156145215034, -0.824745059013, 0.507923901081],
        "cov": [[1829.29919434, -469.674926758, -251.475921631, 123.94581604, 121.487243652, -43.9304580688, 167.564239502, 30.381603241, -72.2788467407, 200.686325073, -34.9647026062, 12.830496788, 8.82583713531], [-469.674926758, 1048.62902832, -216.014221191, 59.1598739624, 62.0363807678, -96.1082611084, 103.424957275, 14.3356494904, -28.9510478973, 59.2127456665, -13.0830001831, 108.481513977, 95.9242401123], [-251.475921631, -216.014221191, 616.641601562, 22.8408069611, 74.3700866699, 215.076370239, -92.7657318115, 65.9331130981, 135.410079956, -99.7193908691, 97.9612731934, 26.7944107056, 50.1030769348], [123.94581604, 59.1598739624, 22.8408069611, 419.730712891, 151.362091064, 15.7107591629, -2.33983826637, 23.6517944336, 43.7487792969, 83.9759140015, 7.89799118042, 74.1401824951, 23.225353241], [121.487243652, 62.0363807678, 74.3700866699, 151.362091064, 281.3203125, 78.0165634155, -42.1364479065, 33.4488105774, 85.9468460083, 27.8868656158, 9.64309597015, 76.2659378052, 43.9568557739], [-43.9304580688, -96.1082611084, 215.076370239, 15.7107591629, 78.0165634155, 248.975570679, -25.5544834137, 26.5915641785, 75.964050293, -50.7970466614, 58.5757484436, 7.915599823, 37.5622749329], [167.564239502, 103.424957275, -92.7657318115, -2.33983826637, -42.1364479065, -25.5544834137, 244.14654541, 46.5406532288, -62.6126937866, 68.6328735352, 4.51112174988, -1.55940854549, 13.8412103653], [30.381603241, 14.3356494904, 65.9331130981, 23.6517944336, 33.4488105774, 26.5915641785, 46.5406532288, 132.466583252, 27.7288265228, 23.0661067963, 24.0382976532, 17.1968288422, 36.1431312561], [-72.2788467407, -28.9510478973, 135.410079956, 43.7487792969, 85.9468460083, 75.964050293, -62.6126937866, 27.7288265228, 181.46522522, -56.1069412231, 32.6282463074, 24.1323604584, 10.8602705002], [200.686325073, 59.2127456665, -99.7193908691, 83.9759140015, 27.8868656158, -50.7970466614, 68.6328735352, 23.0661067963, -56.1069412231, 187.386978149, -2.93796014786, 34.3396110535, 2.36653804779], [-34.9647026062, -13.0830001831, 97.9612731934, 7.89799118042, 9.64309597015, 58.5757484436, 4.51112174988, 24.0382976532, 32.6282463074, -2.93796014786, 100.178146362, 25.7652549744, 19.7897052765], [12.830496788, 108.481513977, 26.7944107056, 74.1401824951, 76.2659378052, 7.915599823, -1.55940854549, 17.1968288422, 24.1323604584, 34.3396110535, 25.7652549744, 113.265647888, 50.2443504333], [8.82583713531, 95.9242401123, 50.1030769348, 23.225353241, 43.9568557739, 37.5622749329, 13.8412103653, 36.1431312561, 10.8602705002, 2.36653804779, 19.7897052765, 50.2443504333, 108.378921509]],
        "icov": [[0.00103007641155, 0.000818411936052, 0.000588156341109, -2.72656234301e-05, -0.000726043130271, 0.00010609535093, -0.000760359049309, 0.000125919439597, -2.32227612287e-05, -0.000621273182333, 5.51677585463e-05, -6.79530712659e-05, -0.000724167446606], [0.000818411936052, 0.00194858002942, 0.000918574805837, -7.7355398389e-06, -0.000769104051869, 0.00046036959975, -0.00104929995723, 0.000229739336646, -0.000136092843604, -0.000251742370892, 2.649266753e-05, -0.000947572931182, -0.00155093241483], [0.000588156341109, 0.000918574805837, 0.003431977937, -0.000164895653143, -0.0002095792006, -0.00152254535351, 0.000280927721178, -0.00104979029857, -0.000613425509073, 0.000533721293323, -0.00132519658655, -0.000553680234589, -0.000936777796596], [-2.72656234301e-05, -7.7355398389e-06, -0.000164895653143, 0.00331449299119, -0.00130396580789, 0.000137899536639, -3.79016746592e-05, 0.000143578145071, -0.000488524674438, -0.00128458475228, 0.000211335776839, -0.000960090837907, 0.000296554295346], [-0.000726043130271, -0.000769104051869, -0.0002095792006, -0.00130396580789, 0.0069218762219, -0.00199173670262, 0.00149157387204, -0.000809304299764, -0.00193493242841, -0.000612631847616, 0.00181662722025, -0.00252713845111, 0.000125603328343], [0.00010609535093, 0.00046036959975, -0.00152254535351, 0.000137899536639, -0.00199173670262, 0.00713922362775, -0.000803851173259, 0.000745343742892, -0.000687672116328, 0.000744001066778, -0.00240168324672, 0.00185528665315, -0.00192311196588], [-0.000760359049309, -0.00104929995723, 0.000280927721178, -3.79016746592e-05, 0.00149157387204, -0.000803851173259, 0.00639432575554, -0.00244646333158, 0.0012899893336, -0.0009056510753, -0.000704513455275, 0.000594134617131, 0.000285480724415], [0.000125919439597, 0.000229739336646, -0.00104979029857, 0.000143578145071, -0.000809304299764, 0.000745343742892, -0.00244646333158, 0.0104052992538, -0.00187567714602, -0.00165525486227, -0.000808982003946, 0.00123720744159, -0.00304848793894], [-2.32227612287e-05, -0.000136092843604, -0.000613425509073, -0.000488524674438, -0.00193493242841, -0.000687672116328, 0.0012899893336, -0.00187567714602, 0.00908852834255, 0.0026704352349, -0.00138592522126, -0.000939868041314, 0.00171425112057], [-0.000621273182333, -0.000251742370892, 0.000533721293323, -0.00128458475228, -0.000612631847616, 0.000744001066778, -0.0009056510753, -0.00165525486227, 0.0026704352349, 0.00893059652299, -0.000990308704786, -0.00217383052222, 0.0016862511402], [5.51677585463e-05, 2.649266753e-05, -0.00132519658655, 0.000211335776839, 0.00181662722025, -0.00240168324672, -0.000704513455275, -0.000808982003946, -0.00138592522126, -0.000990308704786, 0.0140163963661, -0.00348551594652, 0.000211776292417], [-6.79530712659e-05, -0.000947572931182, -0.000553680234589, -0.000960090837907, -0.00252713845111, 0.00185528665315, 0.000594134617131, 0.00123720744159, -0.000939868041314, -0.00217383052222, -0.00348551594652, 0.0159510970116, -0.00541740749031], [-0.000724167446606, -0.00155093241483, -0.000936777796596, 0.000296554295346, 0.000125603328343, -0.00192311196588, 0.000285480724415, -0.00304848793894, 0.00171425112057, 0.0016862511402, 0.000211776292417, -0.00541740749031, 0.0148880649358]]
    },
    "spectral_contrast_coeffs": {
        "max": [-0.426218062639, -0.497814536095, -0.457451343536, -0.609737336636, -0.567722082138, -0.636047244072],
        "mean": [-0.734997034073, -0.730114400387, -0.740386664867, -0.807653069496, -0.774509489536, -0.781150758266],
        "min": [-0.892550826073, -0.915518045425, -0.949282228947, -0.89743155241, -0.88049018383, -0.890863716602],
        "stdev": [0.066669896245, 0.0688259750605, 0.0731924325228, 0.0480046346784, 0.0677413865924, 0.0353603810072]
    },
    "spectral_contrast_valleys": {
        "max": [-5.23319101334, -5.23603963852, -5.84401416779, -5.37749576569, -5.86994743347, -7.28549337387],
        "mean": [-6.67126750946, -6.79219055176, -7.48618793488, -7.89346218109, -7.62144136429, -10.0447874069],
        "min": [-9.6649274826, -8.24987030029, -9.00001239777, -9.19425773621, -9.14944171906, -12.330124855],
        "stdev": [0.72553396225, 0.480157226324, 0.526975333691, 0.537455737591, 0.532122254372, 0.753364801407]
    }
},
"rhythm": {
    "beats_count": 113,
    "beats_loudness": {
        "max": 0.0990738198161,
        "mean": 0.0300223771483,
        "min": 0.00551447831094,
        "stdev": 0.01859883219
    },
    "bpm": 139.970855713,
    "bpm_histogram_first_peak_bpm": 140,
    "bpm_histogram_first_peak_weight": 0.183486223221,
    "bpm_histogram_second_peak_bpm": 129,
    "bpm_histogram_second_peak_spread": 0.33333337307,
    "bpm_histogram_second_peak_weight": 0.0178571436554,
    "danceability": 1.13597548008,
    "onset_rate": 4.1015625,
    "beats_loudness_band_ratio": {
        "max": [0.962605655193, 0.592157304287, 0.602121531963, 0.682417273521, 0.21442553401, 0.630147397518],
        "mean": [0.482400208712, 0.11947543174, 0.159602761269, 0.106381416321, 0.0509173162282, 0.0983050018549],
        "min": [0.0207214206457, 0.00410014018416, 0.00462201004848, 0.00132303708233, 0.000869364652317, 0.00375590939075],
        "stdev": [0.293034076691, 0.106004163623, 0.133955389261, 0.134188607335, 0.0561856329441, 0.113787390292]
    },
