{
"metadata": {
    "version": {
        "essentia": "2.1-beta5",
        "essentia_git_sha": "Undefined",
        "extractor": "music 2.0"
    },
    "audio_properties": {
        "analysis": {
            "equal_loudness": 0,
            "length": 23.9862136841,
            "sample_rate": 44100,
            "start_time": 158.998641968,
            "downmix": "mix"
        },
        "bit_rate": 192000,
        "length": 183.008087158,
        "lossless": 0,
        "number_channels": 2,
        "replay_gain": 4.01221656799,
        "sample_rate": 48000,
        "codec": "mp3",
        "md5_encoded": "ddb3fd2d4d74f8f55db45ed849989347"
    },
    "tags": {
        "file_name": "North MacedoniaNorth MacedoniaN_Let Me Love You_Tamara, Vrčak _ Adrijan.mp3",
        "encoding": ["Lavf58.29.100"]
    }
},
"lowlevel": {
    "average_loudness": 0.926600933075,
    "barkbands_crest": {
        "max": 24.6884288788,
        "mean": 9.18136882782,
        "min": 2.35056495667,
        "stdev": 4.15786886215
    },
    "barkbands_flatness_db": {
        "max": 0.286905169487,
        "mean": 0.156591638923,
        "min": 0.0577790290117,
        "stdev": 0.0495794601738
    },
    "barkbands_kurtosis": {
        "max": 23.3138427734,
        "mean": 0.721336722374,
        "min": -1.79770731926,
        "stdev": 2.4850859642
    },
    "barkbands_skewness": {
        "max": 4.7896528244,
        "mean": 0.77529501915,
        "min": -1.18036997318,
        "stdev": 0.800537467003
    },
    "barkbands_spread": {
        "max": 102.542274475,
        "mean": 26.2095870972,
        "min": 3.53516960144,
        "stdev": 16.4101238251
    },
    "dissonance": {
        "max": 0.5,
        "mean": 0.47915571928,
        "min": 0.403197675943,
        "stdev": 0.0178743153811
    },
    "dynamic_complexity": 2.98453021049,
    "erbbands_crest": {
        "max": 26.0897693634,
        "mean": 9.87831401825,
        "min": 2.43373537064,
        "stdev": 4.48225688934
    },
    "erbbands_flatness_db": {
        "max": 0.367434620857,
        "mean": 0.217505589128,
        "min": 0.0925610288978,
        "stdev": 0.070044234395
    },
    "erbbands_kurtosis": {
        "max": 6.96874904633,
        "mean": 0.431466937065,
        "min": -1.52060198784,
        "stdev": 1.28067886829
    },
    "erbbands_skewness": {
        "max": 2.66305327415,
        "mean": 0.435800760984,
        "min": -1.67062425613,
        "stdev": 0.656856179237
    },
    "erbbands_spread": {
        "max": 91.9050216675,
        "mean": 29.2263813019,
        "min": 6.00540828705,
        "stdev": 15.1089086533
    },
    "hfc": {
        "max": 145.409225464,
        "mean": 34.5995292664,
        "min": 2.2521905899,
        "stdev": 26.5548458099
    },
    "loudness_ebu128": {
        "integrated": -26.1113681793,
        "loudness_range": 1.78303527832,
        "momentary": {
            "max": -23.5983028412,
            "mean": -26.4420967102,
            "min": -33.9305419922,
            "stdev": 1.84340882301
        },
        "short_term": {
            "max": -25.0232086182,
            "mean": -26.1353912354,
            "min": -27.5644779205,
            "stdev": 0.634444236755
        }
    },
    "melbands_crest": {
        "max": 34.3023757935,
        "mean": 13.1459980011,
        "min": 3.5519182682,
        "stdev": 6.12844944
    },
    "melbands_flatness_db": {
        "max": 0.284510433674,
        "mean": 0.140976041555,
        "min": 0.039203517139,
        "stdev": 0.0426713302732
    },
    "melbands_kurtosis": {
        "max": 98.2941818237,
        "mean": 5.31500434875,
        "min": -1.29738676548,
        "stdev": 9.57735538483
    },
    "melbands_skewness": {
        "max": 9.0252161026,
        "mean": 1.67273843288,
        "min": -0.944215118885,
        "stdev": 1.2339951992
    },
    "melbands_spread": {
        "max": 162.400024414,
        "mean": 35.5895843506,
        "min": 4.66295051575,
        "stdev": 22.1200523376
    },
    "pitch_salience": {
        "max": 0.883492231369,
        "mean": 0.579803526402,
        "min": 0.118460126221,
        "stdev": 0.136441737413
    },
    "silence_rate_20dB": {
        "max": 1,
        "mean": 1,
        "min": 1,
        "stdev": 0
    },
    "silence_rate_30dB": {
        "max": 1,
        "mean": 1,
        "min": 1,
        "stdev": 0
    },
    "silence_rate_60dB": {
        "max": 1,
        "mean": 0.0551257245243,
        "min": 0,
        "stdev": 0.228225275874
    },
    "spectral_centroid": {
        "max": 3619.59790039,
        "mean": 2130.11767578,
        "min": 853.039428711,
        "stdev": 446.465698242
    },
    "spectral_complexity": {
        "max": 47,
        "mean": 22.5241775513,
        "min": 5,
        "stdev": 7.76242208481
    },
    "spectral_decrease": {
        "max": -3.5857194991e-10,
        "mean": -5.47850476096e-09,
        "min": -2.27807497311e-08,
        "stdev": 4.26166701928e-09
    },
    "spectral_energy": {
        "max": 0.0946460142732,
        "mean": 0.0238154102117,
        "min": 0.00156487547792,
        "stdev": 0.0178278591484
    },
    "spectral_energyband_high": {
        "max": 0.0177551023662,
        "mean": 0.00203138589859,
        "min": 2.99093117064e-05,
        "stdev": 0.00219493103214
    },
    "spectral_energyband_low": {
        "max": 0.0644217133522,
        "mean": 0.00588114233688,
        "min": 2.01706704672e-08,
        "stdev": 0.0113030886278
    },
    "spectral_energyband_middle_high": {
        "max": 0.0450894199312,
        "mean": 0.0114077599719,
        "min": 0.000631750561297,
        "stdev": 0.00940694566816
    },
    "spectral_energyband_middle_low": {
        "max": 0.0432819016278,
        "mean": 0.00503093004227,
        "min": 0.000155105779413,
        "stdev": 0.00610383739695
    },
    "spectral_entropy": {
        "max": 8.61567878723,
        "mean": 7.84797382355,
        "min": 7.08328390121,
        "stdev": 0.229581430554
    },
    "spectral_flux": {
        "max": 0.290694266558,
        "mean": 0.096822053194,
        "min": 0.0223879124969,
        "stdev": 0.0495974346995
    },
    "spectral_kurtosis": {
        "max": 10.6185874939,
        "mean": 2.73608875275,
        "min": -0.943824768066,
        "stdev": 1.92479372025
    },
    "spectral_rms": {
        "max": 0.00960924476385,
        "mean": 0.00446400232613,
        "min": 0.00123560021166,
        "stdev": 0.00181859382428
    },
    "spectral_rolloff": {
        "max": 9819.140625,
        "mean": 2604.76928711,
        "min": 64.599609375,
        "stdev": 1399.55114746
    },
    "spectral_skewness": {
        "max": 2.22638392448,
        "mean": 1.20628917217,
        "min": 0.23098307848,
        "stdev": 0.317193239927
    },
    "spectral_spread": {
        "max": 10837213,
        "mean": 4311050.5,
        "min": 2290828.5,
        "stdev": 1234052.625
    },
    "spectral_strongpeak": {
        "max": 11.7580509186,
        "mean": 1.82639622688,
        "min": 0.0370994135737,
        "stdev": 2.05673098564
    },
    "zerocrossingrate": {
        "max": 0.26953125,
        "mean": 0.0905728638172,
        "min": 0.01611328125,
        "stdev": 0.0296695791185
    },
    "barkbands": {
        "max": [0.0050977463834, 0.0635259449482, 0.0401694066823, 0.0121658965945, 0.0126419523731, 0.0156286209822, 0.0215307604522, 0.0385305583477, 0.0301879420877, 0.0249978154898, 0.0296671334654, 0.0262990165502, 0.0227603148669, 0.0239239893854, 0.0265816599131, 0.0263083688915, 0.00970686879009, 0.00887154228985, 0.0156725607812, 0.0077425786294, 0.00468084448949, 0.00469748163596, 0.00900430325419, 0.00388583773747, 0.00346544757485, 6.85753593643e-06, 2.91550293241e-07],
        "mean": [0.000362605176633, 0.00436478666961, 0.00089852680685, 0.000500035763253, 0.000474143773317, 0.000600261206273, 0.000743117940146, 0.00117271812633, 0.00103700836189, 0.00174824276473, 0.00171311735176, 0.00111087679397, 0.0012204204686, 0.00157479546033, 0.00157156214118, 0.00077124114614, 0.000345394626493, 0.000421903474489, 0.000868695846293, 0.000609426468145, 0.000383678881917, 0.000316279794788, 0.000639026344288, 0.000257420848357, 0.000109967229946, 1.48591198013e-07, 1.52753498739e-09],
        "min": [2.99031667483e-11, 5.45030154342e-09, 7.5418860046e-10, 1.57897628306e-09, 8.52332178169e-08, 3.21825865512e-07, 2.49755066761e-06, 5.29534554516e-06, 6.81872415953e-06, 1.22794672279e-05, 1.08368576548e-05, 1.56687692652e-05, 8.8308524937e-06, 3.1156843761e-05, 2.37590829784e-05, 1.9735254682e-05, 1.24026892081e-05, 1.64230114024e-05, 1.63476252055e-05, 1.05683884613e-05, 6.95598328093e-06, 5.3213539104e-06, 4.07984907724e-06, 1.77610911578e-06, 9.1453927098e-07, 3.52075479881e-10, 3.4602970489e-10],
        "stdev": [0.000912782736123, 0.00971578992903, 0.00291066733189, 0.00124861567747, 0.000963343481999, 0.00119486812036, 0.00163624540437, 0.00405416171998, 0.00266448035836, 0.00292405416258, 0.00337349949405, 0.00195802445523, 0.00274877343327, 0.00293182418682, 0.00310555798933, 0.00220883334987, 0.000570495321881, 0.000599122198764, 0.00118833233137, 0.000787616183516, 0.000614090822637, 0.000513504084665, 0.000954216229729, 0.000367249944247, 0.00021426929743, 3.73728369141e-07, 9.1450651496e-09]
    },
    "erbbands": {
        "max": [2.20860242844, 15.1932630539, 42.6764335632, 47.2573242188, 42.5730819702, 42.561794281, 53.0770645142, 192.453521729, 179.280807495, 579.374694824, 982.400390625, 939.988586426, 849.119812012, 1066.16796875, 1061.71569824, 1266.44555664, 978.924987793, 1387.31787109, 1811.07250977, 1488.14453125, 1337.18334961, 631.776611328, 280.005493164, 1136.71875, 320.922454834, 407.207366943, 320.117492676, 231.671386719, 171.976287842, 169.092849731, 266.499359131, 101.001586914, 63.6639976501, 51.4919662476, 18.7027130127, 1.11651217937, 0.0283995922655, 0.00188771763351, 0.000269100972218, 0.000127246559714],
        "mean": [0.16090580821, 0.819699585438, 1.22339487076, 1.39652371407, 1.8706485033, 1.32472240925, 1.8274949789, 6.22057533264, 9.52191162109, 15.4935235977, 27.0941791534, 22.5368366241, 44.9779548645, 70.1111907959, 59.862411499, 44.7872123718, 55.5136146545, 74.5321807861, 91.2028045654, 58.5975837708, 39.431427002, 18.5066642761, 20.1511802673, 46.6439476013, 35.0566635132, 28.9712181091, 20.1525592804, 12.5259552002, 10.2544975281, 16.7776050568, 17.6632041931, 7.04518938065, 3.92179441452, 1.70421099663, 0.552143454552, 0.0337305627763, 0.000990768545307, 8.97681456991e-05, 3.02392509184e-05, 3.50001610059e-05],
        "min": [9.35053137141e-08, 9.83795303e-07, 3.52473898602e-06, 1.32914356072e-05, 0.000127009494463, 0.000392023008317, 0.0011883788975, 0.00599153945222, 0.0230386015028, 0.114125877619, 0.364566117525, 0.645139634609, 0.643081367016, 1.0226328373, 0.691184401512, 0.57101559639, 0.529318749905, 1.41794383526, 1.62712299824, 1.47769498825, 1.02734458447, 0.727265000343, 0.972829401493, 1.00780153275, 0.861678123474, 0.509861588478, 0.236986503005, 0.261218577623, 0.197574332356, 0.12419116497, 0.107027456164, 0.0422664918005, 0.0257943924516, 0.0120729533955, 0.00384311750531, 0.000206484284718, 8.91782383405e-06, 1.7961535832e-06, 1.40784970881e-06, 2.11214705814e-06],
        "stdev": [0.377015858889, 2.02434563637, 3.20673561096, 4.00574493408, 3.77139115334, 2.71917772293, 3.43176078796, 13.4334487915, 18.4312133789, 38.8920402527, 93.7575378418, 57.0266342163, 76.7659301758, 117.678482056, 113.671775818, 79.5207138062, 117.262420654, 121.658599854, 172.591110229, 106.613853455, 109.570480347, 30.7377967834, 23.6243495941, 78.026763916, 40.1813964844, 38.5567474365, 28.3752059937, 22.8748207092, 17.3079967499, 21.5892715454, 27.9854125977, 9.78820419312, 6.10586261749, 3.20722389221, 1.15116739273, 0.0683905184269, 0.00184309622273, 0.000137846014695, 2.81771208392e-05, 2.55944669334e-05]
    },
    "gfcc": {
        "mean": [-14.3355751038, 50.8424224854, -192.411331177, 29.1818332672, -85.7631072998, 33.263671875, -33.8015594482, 12.9029607773, -14.2330636978, -4.23913002014, -1.04790091515, -15.1806793213, -0.405228585005],
        "cov": [[5359.48681641, 1424.20385742, 3199.51098633, 2381.47509766, 708.674133301, 725.771118164, -281.066192627, -81.0231246948, -78.11378479, 265.705383301, 217.907546997, 31.8566303253, -93.2208404541], [1424.20385742, 1091.23779297, 1402.86340332, 925.141235352, 411.939025879, 272.6875, -11.8462152481, 15.9222564697, -30.0041217804, 97.4966278076, 76.727897644, 15.6553564072, -1.90318036079], [3199.51098633, 1402.86340332, 2936.71289062, 1921.47790527, 664.111938477, 613.237731934, -231.171157837, 55.389251709, -95.0233688354, 234.908798218, 68.6730194092, 94.4433059692, -13.6969060898], [2381.47509766, 925.141235352, 1921.47790527, 1424.9979248, 500.569915771, 437.65927124, -127.925170898, -2.32021307945, -23.9033889771, 148.105056763, 84.1853027344, 57.7488861084, -8.45214939117], [708.674133301, 411.939025879, 664.111938477, 500.569915771, 333.15524292, 256.215057373, 33.0340042114, 24.7701625824, -5.25432252884, 59.4166526794, 30.5675582886, 19.0509872437, 13.9226026535], [725.771118164, 272.6875, 613.237731934, 437.65927124, 256.215057373, 322.639282227, 72.9776763916, 4.20159292221, -19.1150741577, 68.8145370483, 38.2200317383, 20.4392585754, 10.8040056229], [-281.066192627, -11.8462152481, -231.171157837, -127.925170898, 33.0340042114, 72.9776763916, 210.563262939, 26.8617076874, 19.6055259705, 9.25804710388, 36.5701332092, -7.74736118317, 29.5846595764], [-81.0231246948, 15.9222564697, 55.389251709, -2.32021307945, 24.7701625824, 4.20159292221, 26.8617076874, 110.58946228, 49.2994117737, 19.9087543488, -3.60469222069, 9.73915958405, 10.3971195221], [-78.11378479, -30.0041217804, -95.0233688354, -23.9033889771, -5.25432252884, -19.1150741577, 19.6055259705, 49.2994117737, 145.252990723, 31.8296871185, 36.1572952271, -1.99292159081, -8.92264652252], [265.705383301, 97.4966278076, 234.908798218, 148.105056763, 59.4166526794, 68.8145370483, 9.25804710388, 19.9087543488, 31.8296871185, 105.523704529, 40.4541168213, 21.0410499573, 6.97154951096], [217.907546997, 76.727897644, 68.6730194092, 84.1853027344, 30.5675582886, 38.2200317383, 36.5701332092, -3.60469222069, 36.1572952271, 40.4541168213, 115.817558289, 27.2965393066, -17.1599216461], [31.8566303253, 15.6553564072, 94.4433059692, 57.7488861084, 19.0509872437, 20.4392585754, -7.74736118317, 9.73915958405, -1.99292159081, 21.0410499573, 27.2965393066, 80.5220031738, 32.2700004578], [-93.2208404541, -1.90318036079, -13.6969060898, -8.45214939117, 13.9226026535, 10.8040056229, 29.5846595764, 10.3971195221, -8.92264652252, 6.97154951096, -17.1599216461, 32.2700004578, 90.2659759521]],
        "icov": [[0.00100792350713, -2.84268480755e-05, 0.000255687744357, -0.00196918961592, 0.00112745899241, -0.000965583196376, 0.000848038587719, -0.000242603302468, 0.00066623580642, -0.000332282565068, -0.00127313320991, 0.00136407057289, -5.17608350492e-05], [-2.84268480755e-05, 0.00761752342805, -0.00861036311835, 0.00557613093406, -0.00886984635144, 0.0103760417551, -0.00779016455635, 0.00746392318979, -0.00360069633462, 0.00374866882339, -0.00340453209355, 0.00300979381427, -0.00120213860646], [0.000255687744357, -0.00861036311835, 0.0155428051949, -0.0135979531333, 0.011694422923, -0.0144730629399, 0.0119023099542, -0.0137992175296, 0.00850605312735, -0.00755768455565, 0.00453533045948, -0.00346103962511, 0.00230873585679], [-0.00196918961592, 0.00557613093406, -0.0135979531333, 0.0185307227075, -0.0126797175035, 0.0105934496969, -0.00788215454668, 0.0121665149927, -0.00878032948822, 0.00643204152584, -0.00262376712635, 0.000377297401428, -0.00237287138589], [0.00112745899241, -0.00886984635144, 0.011694422923, -0.0126797175035, 0.0225519742817, -0.0190553758293, 0.00978022255003, -0.0123210223392, 0.00571556808427, -0.00433561811224, 0.00304240221158, -0.00139156717341, 0.000556314887945], [-0.000965583196376, 0.0103760417551, -0.0144730629399, 0.0105934496969, -0.0190553758293, 0.027520949021, -0.0178232993931, 0.014636060223, -0.00613231398165, 0.00413125008345, -0.00193003565073, 0.00115811044816, 0.0001120508241], [0.000848038587719, -0.00779016455635, 0.0119023099542, -0.00788215454668, 0.00978022255003, -0.0178232993931, 0.0206230897456, -0.0129409739748, 0.00651785545051, -0.00477466080338, -0.00274280062877, 0.00224255537614, -0.00317438691854], [-0.000242603302468, 0.00746392318979, -0.0137992175296, 0.0121665149927, -0.0123210223392, 0.014636060223, -0.0129409739748, 0.0248714387417, -0.0119732255116, 0.00488168839365, 4.10159009334e-05, -0.000121522803965, -0.00103193579707], [0.00066623580642, -0.00360069633462, 0.00850605312735, -0.00878032948822, 0.00571556808427, -0.00613231398165, 0.00651785545051, -0.0119732255116, 0.0152607234195, -0.00668790889904, -0.00197291211225, 0.00128263339866, 0.00136740645394], [-0.000332282565068, 0.00374866882339, -0.00755768455565, 0.00643204152584, -0.00433561811224, 0.00413125008345, -0.00477466080338, 0.00488168839365, -0.00668790889904, 0.0180453564972, -0.00544479582459, 0.000743374635931, -0.00298741855659], [-0.00127313320991, -0.00340453209355, 0.00453533045948, -0.00262376712635, 0.00304240221158, -0.00193003565073, -0.00274280062877, 4.10159009334e-05, -0.00197291211225, -0.00544479582459, 0.0194423478097, -0.0110232513398, 0.00757426535711], [0.00136407057289, 0.00300979381427, -0.00346103962511, 0.000377297401428, -0.00139156717341, 0.00115811044816, 0.00224255537614, -0.000121522803965, 0.00128263339866, 0.000743374635931, -0.0110232513398, 0.0228775124997, -0.00986752472818], [-5.17608350492e-05, -0.00120213860646, 0.00230873585679, -0.00237287138589, 0.000556314887945, 0.0001120508241, -0.00317438691854, -0.00103193579707, 0.00136740645394, -0.00298741855659, 0.00757426535711, -0.00986752472818, 0.0175211820751]]
    },
    "melbands": {
        "max": [0.0180385783315, 0.016646521166, 0.00695470254868, 0.00321232574061, 0.00149051565677, 0.00378795037977, 0.00324362725951, 0.00575218861923, 0.00662985770032, 0.00544427009299, 0.00439463276416, 0.00395036209375, 0.00373813696206, 0.00330579467118, 0.00181171286386, 0.00309374881908, 0.00267469719984, 0.00326482346281, 0.00271291588433, 0.00200803158805, 0.00143417064101, 0.000787532946561, 0.000159529896337, 0.000566931616049, 0.00111778336577, 0.000327855872456, 0.000211760852835, 0.000364984472981, 0.000290474039502, 0.000171407256857, 0.000161091578775, 0.00013988102728, 0.000107239167846, 0.000129675114295, 0.000147260856465, 0.000128243060317, 5.65339032619e-05, 5.52384153707e-05, 3.67221364286e-05, 4.40190233348e-05],
        "mean": [0.00130808807444, 0.000776296015829, 0.000257625710219, 0.000114582937385, 6.02956970397e-05, 0.00013578015205, 0.000149764702655, 0.000192901847186, 0.000209608086152, 0.000144591307617, 0.000224537914619, 0.000279083498754, 0.000211114558624, 0.000132990971906, 0.000105960309156, 0.000129768523038, 0.000142824806971, 0.000149885323481, 0.00011277282465, 6.06079447607e-05, 4.09933672927e-05, 1.98376874323e-05, 1.46327884067e-05, 2.15119889617e-05, 4.10031316278e-05, 2.64548634732e-05, 2.19253433897e-05, 1.88718349818e-05, 1.35489926834e-05, 9.58589043876e-06, 6.48910736345e-06, 5.72356157136e-06, 6.21630397291e-06, 1.07699142973e-05, 1.1259790881e-05, 6.94330810802e-06, 3.25651717503e-06, 2.92343884212e-06, 2.03980494007e-06, 1.22901928989e-06],
        "min": [1.16012865981e-09, 2.2411066336e-09, 7.27408799861e-09, 1.27590507049e-08, 3.44503874317e-08, 8.25844495012e-08, 3.85397555647e-07, 1.05886886104e-06, 2.10599682759e-06, 3.54135727321e-06, 2.04337607101e-06, 2.80731228486e-06, 2.1483956516e-06, 1.87417640518e-06, 1.73715909568e-06, 7.37324114652e-07, 2.16157582145e-06, 1.86247677902e-06, 1.95664392777e-06, 1.33094988541e-06, 8.48824981858e-07, 7.27745657514e-07, 5.82712118558e-07, 6.74001910284e-07, 7.14656323453e-07, 5.2655957461e-07, 4.08654841522e-07, 2.66183235453e-07, 1.34206757707e-07, 1.45454137623e-07, 1.18484251743e-07, 1.47331832068e-07, 3.98098336518e-08, 7.77205499958e-08, 6.36916084318e-08, 3.51643301144e-08, 2.18765716653e-08, 1.77496009002e-08, 1.00723420715e-08, 1.00913490897e-08],
        "stdev": [0.00294701592065, 0.00175024429336, 0.000637029879726, 0.000234672465012, 0.00010823825869, 0.000277192797512, 0.00029771993286, 0.000528352800757, 0.000694350688718, 0.000363764935173, 0.000398394011427, 0.000476718938444, 0.000401832367061, 0.000242212889134, 0.000187024590559, 0.000323289015796, 0.000258807791397, 0.00030660640914, 0.000234049599385, 0.000159540795721, 0.000119073381939, 3.84085615224e-05, 1.72024701897e-05, 3.45040025422e-05, 7.51639745431e-05, 3.3905813325e-05, 2.76234495686e-05, 2.88725696009e-05, 2.15003237827e-05, 1.72618529177e-05, 1.36893568197e-05, 1.15610309877e-05, 9.41762846196e-06, 1.47015553011e-05, 1.84335785889e-05, 1.12469060696e-05, 4.60227329313e-06, 4.91854325446e-06, 3.22976552525e-06, 2.6296240776e-06]
    },
    "melbands128": {
        "max": [0.00496066035703, 0.0209994353354, 0.0322821140289, 0.0266589485109, 0.0229430943727, 0.0174650922418, 0.0112934149802, 0.00540102319792, 0.00474745407701, 0.00483126332983, 0.00213960278779, 0.0013236728264, 0.0016745373141, 0.00340409320779, 0.00657669827342, 0.00531419785693, 0.00331904483028, 0.00425481982529, 0.00718176132068, 0.00955037400126, 0.012222122401, 0.0156883634627, 0.0110740698874, 0.0123476404697, 0.0114139253274, 0.00978610944003, 0.00578496512026, 0.00783897470683, 0.00818316359073, 0.00699583953246, 0.00862629897892, 0.00940971076488, 0.00585100241005, 0.00739089911804, 0.00327590131201, 0.00714165903628, 0.0037559105549, 0.00399962300435, 0.00299098598771, 0.00495895789936, 0.006270383019, 0.00493145687506, 0.00589978601784, 0.00520730577409, 0.00562194688246, 0.00760650355369, 0.00382551411167, 0.00653609726578, 0.00609440775588, 0.00333346612751, 0.00349497748539, 0.00513862678781, 0.00376140209846, 0.00165564124472, 0.00076708587585, 0.00146574503742, 0.000652437156532, 0.000399853772251, 0.000155665780767, 0.000329112284817, 0.000694776885211, 0.00130700180307, 0.00218449020758, 0.00115853082389, 0.000517936015967, 0.000699088152032, 0.000519262044691, 0.000551110308152, 0.000345920183463, 0.000531805504579, 0.000499079469591, 0.00063851592131, 0.000552511890419, 0.000423309771577, 0.000266249873675, 0.000209629433812, 0.000317376718158, 0.00028183645918, 0.00023510309984, 0.000245303614065, 0.000377887510695, 8.04822484497e-05, 0.000134265952511, 0.000153517074068, 0.000250467506703, 0.00015026681649, 0.000204615440452, 0.000290438038064, 0.000271593104117, 0.000238092587097, 0.000205171658308, 0.000108890468255, 7.66545999795e-05, 3.84320373996e-05, 6.80368175381e-05, 4.77854591736e-05, 9.04442058527e-05, 4.65127668576e-05, 3.69032532035e-05, 5.6492161093e-05, 6.48635468679e-05, 4.19340394728e-05, 2.36879568547e-05, 4.12694025727e-05, 3.63643775927e-05, 1.7080707039e-05, 7.80274331191e-06, 3.10720565722e-07, 1.2237070246e-09, 1.3081886685e-09, 1.36369882053e-09, 1.35544520052e-09, 1.39933398202e-09, 1.39506239893e-09, 1.35206901231e-09, 1.32184085899e-09, 1.31315402996e-09, 1.31734445574e-09, 1.29024302353e-09, 1.2822063411e-09, 1.28284516343e-09, 1.2272568517e-09, 1.23411914021e-09, 1.2409723249e-09, 1.20140386528e-09, 1.1976475367e-09, 1.19424581335e-09, 1.19031073886e-09],
        "mean": [0.000346320390236, 0.00139438698534, 0.00164779834449, 0.00128405401483, 0.000753262545913, 0.000391295558074, 0.000281233427813, 0.000237599830143, 0.000198175912374, 0.00011131028441, 6.26046166872e-05, 4.49144863524e-05, 5.46937153558e-05, 7.58742389735e-05, 0.000151884116349, 0.000157860864419, 0.000150140651385, 0.000140532574733, 0.000166105804965, 0.000147296261275, 0.0002184472105, 0.000291568867397, 0.000205798074603, 0.000142201359267, 0.000115535411169, 0.000148958395584, 0.00019703603175, 0.000251221994404, 0.000224689152674, 0.000245355215156, 0.000340154452715, 0.000269463431323, 0.000168804719578, 0.000220955407713, 0.000136938688229, 0.000105491293652, 0.000123078192701, 0.000102511476143, 9.06452551135e-05, 0.000132713088533, 0.000157218484674, 9.86237500911e-05, 0.000109822380182, 0.000207354605664, 0.000146799182403, 0.000137948009069, 0.000150770298205, 0.000135167065309, 9.15188938961e-05, 4.63193027826e-05, 6.12829826423e-05, 7.17230286682e-05, 4.18633389927e-05, 3.07606678689e-05, 2.98509548884e-05, 1.70250368683e-05, 1.29729614855e-05, 1.50100750034e-05, 1.40958591146e-05, 1.66250592883e-05, 1.7540753106e-05, 2.42683690885e-05, 4.96895700053e-05, 4.66724231956e-05, 2.76665105048e-05, 2.40033714363e-05, 2.75021120615e-05, 2.40869794652e-05, 1.99860205612e-05, 1.93052928807e-05, 1.94695930986e-05, 1.92854149645e-05, 1.53818400577e-05, 1.30342250486e-05, 1.02183312265e-05, 1.11202471089e-05, 8.56371843838e-06, 6.43521707389e-06, 6.00746989221e-06, 6.76857189319e-06, 6.55807116345e-06, 4.8358906497e-06, 4.76690456708e-06, 5.76777893002e-06, 7.80292157287e-06, 9.8050077213e-06, 1.21914436022e-05, 1.23047120724e-05, 1.16444507512e-05, 1.03316788227e-05, 8.51730601426e-06, 6.00019211561e-06, 4.15836893808e-06, 2.97126575788e-06, 2.89717058877e-06, 2.90168463835e-06, 3.21045763485e-06, 2.46466015597e-06, 2.19657454181e-06, 1.71527040038e-06, 1.42963392591e-06, 1.19616822758e-06, 9.3327957984e-07, 7.68865106693e-07, 6.60140699438e-07, 5.64134722936e-07, 1.41283791777e-07, 6.3660023919e-09, 1.27506139327e-11, 9.77371742567e-12, 9.55546839571e-12, 9.44350240367e-12, 9.65025281907e-12, 9.89856894368e-12, 9.38944148127e-12, 8.46616093203e-12, 7.80981702919e-12, 7.22891321456e-12, 7.06735147835e-12, 6.92322848356e-12, 6.73794310277e-12, 6.62224225109e-12, 6.6263860718e-12, 6.46141256819e-12, 5.77449286304e-12, 4.69359186933e-12, 4.12737812677e-12, 4.02977260935e-12],
        "min": [8.02488544366e-12, 8.35531366317e-11, 1.2615306022e-10, 4.040944801e-10, 6.88214762956e-10, 3.92899601742e-10, 7.95286947408e-10, 3.59610952128e-10, 2.99849389762e-09, 2.60346788572e-09, 7.46356310088e-09, 3.25482085728e-09, 1.19049143876e-08, 3.7423795618e-08, 4.03430391316e-08, 4.31979749749e-08, 2.22775895509e-07, 1.53492848654e-07, 2.3321214826e-07, 1.4829120687e-07, 3.27101190578e-07, 2.18684533593e-07, 4.327993679e-07, 2.11312610077e-07, 5.84851420626e-07, 2.67962661837e-07, 1.12611712666e-06, 1.88111073385e-06, 5.37666664968e-07, 9.54401343733e-07, 1.38108043757e-06, 1.06580250758e-06, 5.15056512995e-07, 3.72728408138e-07, 2.28981633654e-07, 6.64996548494e-07, 4.86995531901e-07, 3.35454359401e-07, 2.59128768221e-07, 5.52095855255e-07, 3.54859992058e-07, 3.04629395487e-07, 3.12843155825e-07, 1.59014450674e-06, 4.12887914081e-07, 9.06846992166e-07, 8.23937853056e-07, 6.21381673227e-07, 9.69510438154e-07, 9.01989267277e-07, 7.46184014133e-07, 6.80936352637e-07, 3.92402768057e-07, 3.47527816302e-07, 2.434340729e-07, 3.88517207739e-07, 1.75511175371e-07, 1.65172409083e-07, 5.63917467389e-07, 3.71735495719e-07, 1.91594537569e-07, 4.94544565299e-07, 4.0161435777e-07, 4.17018839016e-07, 3.31621464511e-07, 3.45161680571e-07, 2.83044073512e-07, 2.57466467701e-07, 1.87127994877e-07, 2.07468943358e-07, 1.68769730635e-07, 1.45919585748e-07, 9.38052409083e-08, 9.27886532054e-08, 9.20158313988e-08, 8.21830710152e-08, 7.36509448984e-08, 9.21212262028e-08, 5.79006318446e-08, 4.94113443494e-08, 5.8009558046e-08, 5.32589865543e-08, 3.58321265992e-08, 2.37308181994e-08, 5.62339117494e-08, 5.3965397484e-08, 5.94392766118e-08, 4.50206769642e-08, 3.23740501074e-08, 2.76461964432e-08, 3.64426142596e-08, 2.68692499361e-08, 1.01077617387e-08, 1.73679985949e-08, 1.34728734835e-08, 1.3251074904e-08, 1.40460478804e-08, 4.65983163167e-09, 6.33064756173e-09, 7.44288852772e-09, 8.36477820343e-09, 8.32988877875e-09, 1.86551663006e-09, 3.70697628149e-09, 4.97925389809e-09, 2.83833623271e-09, 5.29250809844e-10, 2.33830511377e-12, 1.25864542313e-12, 6.90288375505e-13, 1.06325061602e-12, 1.0134502829e-12, 1.28955396708e-12, 1.12334208775e-12, 8.3851182291e-13, 1.14901133313e-12, 1.20593313981e-12, 1.1629318385e-12, 1.27223752366e-12, 1.13605544243e-12, 1.28453226788e-12, 1.25582194383e-12, 1.18954444819e-12, 1.10823698309e-12, 8.89546791262e-13, 2.83786503411e-13, 4.13919353166e-14, 1.42752675474e-15],
        "stdev": [0.000879653554875, 0.00344028929248, 0.0043340427801, 0.00322907790542, 0.00190762628336, 0.00137163209729, 0.000913195370231, 0.000535738887265, 0.000431730702985, 0.000286328286165, 0.000142886070535, 0.000102285193861, 0.000124338432215, 0.000185848039109, 0.000412161403801, 0.000364711275324, 0.000340171536664, 0.000360690144589, 0.000456608075183, 0.000482512288727, 0.000856908271089, 0.00137300568167, 0.000822793401312, 0.000717310700566, 0.000493557716254, 0.000487583864015, 0.000527847383637, 0.000572034041397, 0.000623805448413, 0.000591052521486, 0.00078054756159, 0.000736398680601, 0.00047062401427, 0.000664642138872, 0.000328093301505, 0.000356478383765, 0.000337290519383, 0.000268258794677, 0.000255482998909, 0.000448936974863, 0.0005505924928, 0.000315417972161, 0.000316264719004, 0.000527214258909, 0.000424846017268, 0.000485474331072, 0.000418234441895, 0.000382617261494, 0.000305655354168, 0.000155158035341, 0.000228849006817, 0.000320776860463, 0.000229948112974, 0.000104975115391, 6.07965848758e-05, 6.06323155807e-05, 2.87370585283e-05, 2.93037501251e-05, 1.75491459231e-05, 2.7353875339e-05, 4.28298080806e-05, 6.34054595139e-05, 0.000134170099045, 0.000106309991679, 4.95187487104e-05, 4.89772864967e-05, 5.09201236127e-05, 4.25485341111e-05, 3.65942323697e-05, 4.14160094806e-05, 3.96162758989e-05, 4.03368976549e-05, 3.50556292688e-05, 2.87173625111e-05, 2.1680849386e-05, 2.4288887289e-05, 2.29923807638e-05, 1.77254714799e-05, 1.70348084794e-05, 2.01890943572e-05, 2.2250087568e-05, 8.88236718311e-06, 1.02842332126e-05, 1.13189753392e-05, 1.46151551235e-05, 1.54164827109e-05, 2.02720129892e-05, 2.4274640964e-05, 2.23992774409e-05, 2.13715957216e-05, 1.70021303347e-05, 1.07283594843e-05, 6.43774183118e-06, 4.40229496235e-06, 5.07614186063e-06, 4.89357398692e-06, 6.7754367592e-06, 4.44135139333e-06, 3.67561824532e-06, 3.214294793e-06, 3.5388870856e-06, 2.6937216262e-06, 1.99189980776e-06, 1.92416268874e-06, 1.67046653132e-06, 1.13323847017e-06, 3.62360225381e-07, 1.52589105795e-08, 5.1814223051e-11, 4.91470718289e-11, 5.45747301517e-11, 4.73838988879e-11, 5.05494188174e-11, 6.17220857757e-11, 5.59457966065e-11, 4.89625562317e-11, 4.45107666003e-11, 4.13527198595e-11, 4.04549935218e-11, 4.01862015886e-11, 4.01838354258e-11, 3.84502117645e-11, 3.86508429429e-11, 3.88499406256e-11, 3.76349403031e-11, 3.75379449746e-11, 3.74417268023e-11, 3.73186481717e-11]
    },
    "mfcc": {
        "mean": [-623.778137207, 63.3127708435, -41.1667060852, -10.9847869873, -17.2578716278, 1.8728621006, -0.500647127628, 7.27195644379, -3.78502368927, 13.616932869, 0.0165013987571, -4.04659891129, 2.36138701439],
        "cov": [[3993.03344727, 377.101867676, 2377.32617188, 1467.43786621, 1192.21777344, 784.407409668, 338.507141113, 16.3741703033, -198.148025513, 275.206390381, -38.9966812134, 67.0100326538, 157.658218384], [377.101867676, 587.517700195, 618.102600098, 421.80569458, 328.666748047, 191.047866821, 154.642883301, 35.3309326172, 23.0989112854, 37.9476318359, 34.6739082336, 20.9189376831, 7.18777751923], [2377.32617188, 618.102600098, 2417.73950195, 1373.6583252, 1174.26184082, 677.238708496, 315.523986816, 43.9054603577, -14.4137334824, 125.689056396, 31.9082965851, 51.0283088684, 83.7630233765], [1467.43786621, 421.80569458, 1373.6583252, 924.679992676, 721.358398438, 410.864868164, 187.393661499, 35.9317893982, -12.60704422, 85.4846343994, 3.56857419014, 46.4159202576, 57.565738678], [1192.21777344, 328.666748047, 1174.26184082, 721.358398438, 726.718566895, 382.267333984, 168.440460205, 50.9819488525, 14.7790699005, 77.3251953125, 15.7090473175, 26.3228855133, 59.6799125671], [784.407409668, 191.047866821, 677.238708496, 410.864868164, 382.267333984, 410.264801025, 217.02116394, 45.6256904602, 15.8075218201, 65.7602920532, 18.4657878876, 9.4425611496, 46.7778778076], [338.507141113, 154.642883301, 315.523986816, 187.393661499, 168.440460205, 217.02116394, 237.025299072, 51.4038887024, 25.3629322052, 40.6981544495, 8.83364391327, -7.85536384583, 14.9283752441], [16.3741703033, 35.3309326172, 43.9054603577, 35.9317893982, 50.9819488525, 45.6256904602, 51.4038887024, 97.7677078247, 18.8687133789, 29.6767444611, 9.78473186493, 14.3980283737, 23.0084972382], [-198.148025513, 23.0989112854, -14.4137334824, -12.60704422, 14.7790699005, 15.8075218201, 25.3629322052, 18.8687133789, 147.876785278, -0.397753328085, 16.1475124359, -1.87897014618, -18.8852310181], [275.206390381, 37.9476318359, 125.689056396, 85.4846343994, 77.3251953125, 65.7602920532, 40.6981544495, 29.6767444611, -0.397753328085, 128.425750732, 24.5948104858, 31.9115447998, 33.8536605835], [-38.9966812134, 34.6739082336, 31.9082965851, 3.56857419014, 15.7090473175, 18.4657878876, 8.83364391327, 9.78473186493, 16.1475124359, 24.5948104858, 90.0696640015, 38.2757072449, 10.8938961029], [67.0100326538, 20.9189376831, 51.0283088684, 46.4159202576, 26.3228855133, 9.4425611496, -7.85536384583, 14.3980283737, -1.87897014618, 31.9115447998, 38.2757072449, 93.7721939087, 38.9400177002], [157.658218384, 7.18777751923, 83.7630233765, 57.565738678, 59.6799125671, 46.7778778076, 14.9283752441, 23.0084972382, -18.8852310181, 33.8536605835, 10.8938961029, 38.9400177002, 94.3735198975]],
        "icov": [[0.00109231565148, 0.000667233660351, -0.000501636473928, -0.000918053498026, -2.78498955595e-05, -0.000400656077545, -0.000257084233453, 0.000631702016108, 0.0011504527647, -0.00136819703039, 0.000656253308989, -9.92650484477e-07, -0.000121852426673], [0.000667233660351, 0.00336568313651, -0.000102366357169, -0.00222653988749, -0.000185000288184, 0.000685678329319, -0.00176037021447, 0.00027616485022, 0.000532377860509, -0.00055595766753, -0.00088924728334, 0.000107205727545, 0.000430628104368], [-0.000501636473928, -0.000102366357169, 0.00368440826423, -0.00303826062009, -0.00209331023507, -5.1644139603e-05, -0.000410015403759, 0.000685568025801, -0.000149649145897, 0.000856554077473, -0.00148632668424, 0.00052338995738, 0.000294406956527], [-0.000918053498026, -0.00222653988749, -0.00303826062009, 0.0104844076559, -0.00288124894723, -0.000697586801834, 0.000969654589426, -0.000325088243699, -0.00029072444886, 0.000482404982904, 0.00281458161771, -0.00301947910339, 0.000788120785728], [-2.78498955595e-05, -0.000185000288184, -0.00209331023507, -0.00288124894723, 0.00869979150593, -0.00209958176129, 0.00170291867107, -0.00196832790971, -0.00126172823366, -0.00012721082021, -0.000370835856302, 0.00158886937425, -0.0013939384371], [-0.000400656077545, 0.000685678329319, -5.1644139603e-05, -0.000697586801834, -0.00209958176129, 0.00882623717189, -0.00574429845437, 0.00055414630333, -0.000553156598471, 6.99169759173e-05, -0.00141172681469, 0.000800416397396, -0.00148821517359], [-0.000257084233453, -0.00176037021447, -0.000410015403759, 0.000969654589426, 0.00170291867107, -0.00574429845437, 0.0104438140988, -0.00328420032747, -0.000917372526601, -0.000417064758949, 0.000457272719359, 0.00150954176206, 0.000545412825886], [0.000631702016108, 0.00027616485022, 0.000685568025801, -0.000325088243699, -0.00196832790971, 0.00055414630333, -0.00328420032747, 0.0137970382348, -0.000574057747144, -0.00236898474395, 0.000475173030281, -0.00109587330371, -0.00222846819088], [0.0011504527647, 0.000532377860509, -0.000149649145897, -0.00029072444886, -0.00126172823366, -0.000553156598471, -0.000917372526601, -0.000574057747144, 0.00891866814345, -0.00114994798787, -0.000533130485564, -0.000388730026316, 0.00212401081808], [-0.00136819703039, -0.00055595766753, 0.000856554077473, 0.000482404982904, -0.00012721082021, 6.99169759173e-05, -0.000417064758949, -0.00236898474395, -0.00114994798787, 0.0117217544466, -0.00252808770165, -0.00159348489251, -0.00152277876623], [0.000656253308989, -0.00088924728334, -0.00148632668424, 0.00281458161771, -0.000370835856302, -0.00141172681469, 0.000457272719359, 0.000475173030281, -0.000533130485564, -0.00252808770165, 0.015920240432, -0.00673221750185, 0.00106014229823], [-9.92650484477e-07, 0.000107205727545, 0.00052338995738, -0.00301947910339, 0.00158886937425, 0.000800416397396, 0.00150954176206, -0.00109587330371, -0.000388730026316, -0.00159348489251, -0.00673221750185, 0.0173467043787, -0.00588893005624], [-0.000121852426673, 0.000430628104368, 0.000294406956527, 0.000788120785728, -0.0013939384371, -0.00148821517359, 0.000545412825886, -0.00222846819088, 0.00212401081808, -0.00152277876623, 0.00106014229823, -0.00588893005624, 0.0153798852116]]
    },
    "spectral_contrast_coeffs": {
        "max": [-0.498297095299, -0.520428419113, -0.532031714916, -0.574385583401, -0.643082559109, -0.622966110706],
        "mean": [-0.759499847889, -0.753263473511, -0.74353659153, -0.765424907207, -0.773066759109, -0.754984438419],
        "min": [-0.904069960117, -0.922195732594, -0.903798699379, -0.890277445316, -0.868941366673, -0.853217899799],
        "stdev": [0.0586550161242, 0.0660527199507, 0.0695066899061, 0.063386797905, 0.0419601984322, 0.0336451865733]
    },
    "spectral_contrast_valleys": {
        "max": [-5.48961114883, -5.39979505539, -5.59291791916, -5.78009033203, -6.04051589966, -7.55061626434],
        "mean": [-8.24998950958, -7.0113363266, -6.85753583908, -7.05672454834, -7.05992364883, -9.62327384949],
        "min": [-12.3514080048, -8.44204902649, -8.36520385742, -8.28558635712, -8.26653957367, -11.3148593903],
        "stdev": [1.8679394722, 0.571957349777, 0.421964436769, 0.306354284286, 0.419450283051, 0.81563270092]
    }
},
"rhythm": {
    "beats_count": 45,
    "beats_loudness": {
        "max": 0.0914940834045,
        "mean": 0.0361898839474,
        "min": 0.00244676391594,
        "stdev": 0.0271591041237
    },
    "bpm": 106.028106689,
    "bpm_histogram_first_peak_bpm": 105,
    "bpm_histogram_first_peak_weight": 0.571428537369,
    "bpm_histogram_second_peak_bpm": 133,
    "bpm_histogram_second_peak_spread": 0.285714268684,
    "bpm_histogram_second_peak_weight": 0.113636367023,
    "danceability": 0.976198017597,
    "onset_rate": 2.58356761932,
    "beats_loudness_band_ratio": {
        "max": [0.931371748447, 0.178943678737, 0.794379889965, 0.841136157513, 0.578362762928, 0.246055468917],
        "mean": [0.257233530283, 0.0204675290734, 0.141929864883, 0.342583537102, 0.169908151031, 0.0902894958854],
        "min": [1.70385119418e-05, 0.000208188619581, 0.00703130569309, 0.0126994038001, 0.0158552844077, 0.0173222459853],
        "stdev": [0.330349594355, 0.038464486599, 0.165281355381, 0.260945111513, 0.133523717523, 0.0577072426677]
    },
    "beats_position": [0.592108845711, 1.19582760334, 1.79954648018, 2.41487526894, 3.04181408882, 3.64553284645, 4.20281171799, 4.76009082794, 5.34058952332, 5.92108821869, 6.47836732864, 7.05886602402, 7.6277551651, 8.19664382935, 8.76553249359, 9.33442115784, 9.91492080688, 10.4838094711, 11.0526981354, 11.6331968307, 12.2485256195, 12.8522443771, 13.3979139328, 13.9435825348, 14.4892511368, 14.9420404434, 15.3948297501, 15.8360090256, 16.2771873474, 16.7299766541, 17.1827659607, 17.6355552673, 18.1347846985, 18.6340141296, 19.1332416534, 19.5395908356, 19.9459400177, 20.3406791687, 20.7470283508, 21.1649875641, 21.5829467773, 22.0009059906, 22.430475235, 22.8484344482, 23.2780036926],
