{
"metadata": {
    "version": {
        "essentia": "2.1-beta5",
        "essentia_git_sha": "Undefined",
        "extractor": "music 2.0"
    },
    "audio_properties": {
        "analysis": {
            "equal_loudness": 0,
            "length": 12.7477550507,
            "sample_rate": 44100,
            "start_time": 0,
            "downmix": "mix"
        },
        "bit_rate": 192000,
        "length": 191.924545288,
        "lossless": 0,
        "number_channels": 2,
        "replay_gain": -5.99522399902,
        "sample_rate": 48000,
        "codec": "mp3",
        "md5_encoded": "79fef42bd2f4cad5eed9d94c576c8cdd"
    },
    "tags": {
        "file_name": "Latvia_Wolves Of The Sea_Pirates Of The Sea.mp3",
        "encoding": ["Lavf58.29.100"]
    }
},
"lowlevel": {
    "average_loudness": 0.188186600804,
    "barkbands_crest": {
        "max": 21.1604824066,
        "mean": 9.81772708893,
        "min": 3.08393669128,
        "stdev": 3.44764137268
    },
    "barkbands_flatness_db": {
        "max": 0.309299945831,
        "mean": 0.176950365305,
        "min": 0.0344981327653,
        "stdev": 0.0666687041521
    },
    "barkbands_kurtosis": {
        "max": 21.6869869232,
        "mean": 3.37066602707,
        "min": -1.43466377258,
        "stdev": 3.8094959259
    },
    "barkbands_skewness": {
        "max": 3.39562535286,
        "mean": 1.32605755329,
        "min": -2.15212917328,
        "stdev": 0.779848814011
    },
    "barkbands_spread": {
        "max": 53.0444984436,
        "mean": 13.5454292297,
        "min": 1.48412966728,
        "stdev": 12.5005292892
    },
    "dissonance": {
        "max": 0.500000059605,
        "mean": 0.477647930384,
        "min": 0.382725894451,
        "stdev": 0.0211383029819
    },
    "dynamic_complexity": 6.34169912338,
    "erbbands_crest": {
        "max": 27.5210514069,
        "mean": 10.8933315277,
        "min": 2.80814170837,
        "stdev": 4.68506002426
    },
    "erbbands_flatness_db": {
        "max": 0.391220569611,
        "mean": 0.25169339776,
        "min": 0.0873570218682,
        "stdev": 0.0809195041656
    },
    "erbbands_kurtosis": {
        "max": 20.6959114075,
        "mean": 2.42589259148,
        "min": -1.3404173851,
        "stdev": 3.18353652954
    },
    "erbbands_skewness": {
        "max": 3.65022659302,
        "mean": 1.02129566669,
        "min": -1.04734790325,
        "stdev": 0.887106776237
    },
    "erbbands_spread": {
        "max": 65.345664978,
        "mean": 16.7929611206,
        "min": 2.71194624901,
        "stdev": 11.5276069641
    },
    "hfc": {
        "max": 100.329048157,
        "mean": 12.148021698,
        "min": 1.12401814731e-16,
        "stdev": 18.1976070404
    },
    "loudness_ebu128": {
        "integrated": -19.2852954865,
        "loudness_range": 13.1077785492,
        "momentary": {
            "max": -13.8774852753,
            "mean": -23.3480014801,
            "min": -37.6506958008,
            "stdev": 5.93409919739
        },
        "short_term": {
            "max": -15.2031497955,
            "mean": -22.8291683197,
            "min": -30.2286548615,
            "stdev": 4.31414175034
        }
    },
    "melbands_crest": {
        "max": 27.0044345856,
        "mean": 12.4794855118,
        "min": 1.91711807251,
        "stdev": 4.4015417099
    },
    "melbands_flatness_db": {
        "max": 0.308172047138,
        "mean": 0.196594014764,
        "min": 0.00563854258507,
        "stdev": 0.0499228946865
    },
    "melbands_kurtosis": {
        "max": 29.0368232727,
        "mean": 6.1833486557,
        "min": -1.34880876541,
        "stdev": 4.94714069366
    },
    "melbands_skewness": {
        "max": 4.38346576691,
        "mean": 1.65517389774,
        "min": -0.217000424862,
        "stdev": 0.695557415485
    },
    "melbands_spread": {
        "max": 145.616271973,
        "mean": 18.2109889984,
        "min": 2.26691913605,
        "stdev": 18.238445282
    },
    "pitch_salience": {
        "max": 0.953632473946,
        "mean": 0.661347806454,
        "min": 0.28138333559,
        "stdev": 0.113995358348
    },
    "silence_rate_20dB": {
        "max": 1,
        "mean": 1,
        "min": 1,
        "stdev": 0
    },
    "silence_rate_30dB": {
        "max": 1,
        "mean": 0.994545459747,
        "min": 0,
        "stdev": 0.0736532434821
    },
    "silence_rate_60dB": {
        "max": 1,
        "mean": 0.489090919495,
        "min": 0,
        "stdev": 0.499880641699
    },
    "spectral_centroid": {
        "max": 11385.2382812,
        "mean": 1544.06811523,
        "min": 921.701660156,
        "stdev": 1063.62768555
    },
    "spectral_complexity": {
        "max": 54,
        "mean": 14.3818178177,
        "min": 0,
        "stdev": 13.2930450439
    },
    "spectral_decrease": {
        "max": 7.85058156546e-29,
        "mean": -3.37313421639e-09,
        "min": -3.10981178586e-08,
        "stdev": 5.55845547368e-09
    },
    "spectral_energy": {
        "max": 0.121230579913,
        "mean": 0.0138328531757,
        "min": 1.04461683035e-20,
        "stdev": 0.0224693082273
    },
    "spectral_energyband_high": {
        "max": 0.00367606664076,
        "mean": 0.000294360041153,
        "min": 7.31006729956e-21,
        "stdev": 0.000590299139731
    },
    "spectral_energyband_low": {
        "max": 0.0927872657776,
        "mean": 0.00502655049786,
        "min": 4.48067535248e-23,
        "stdev": 0.0125277601182
    },
    "spectral_energyband_middle_high": {
        "max": 0.0391549877822,
        "mean": 0.00511019490659,
        "min": 1.39680422325e-21,
        "stdev": 0.00706404307857
    },
    "spectral_energyband_middle_low": {
        "max": 0.0505324564874,
        "mean": 0.00381406745873,
        "min": 1.8014565209e-22,
        "stdev": 0.00700990157202
    },
    "spectral_entropy": {
        "max": 9.81235408783,
        "mean": 7.56678342819,
        "min": 6.82791185379,
        "stdev": 0.364628851414
    },
    "spectral_flux": {
        "max": 0.273338019848,
        "mean": 0.0557857975364,
        "min": 6.81749656728e-11,
        "stdev": 0.0518149100244
    },
    "spectral_kurtosis": {
        "max": 19.9235744476,
        "mean": 7.44605541229,
        "min": -1.22654235363,
        "stdev": 3.22279667854
    },
    "spectral_rms": {
        "max": 0.0108753731474,
        "mean": 0.00278983637691,
        "min": 3.19239469929e-12,
        "stdev": 0.00239003682509
    },
    "spectral_rolloff": {
        "max": 19401.4160156,
        "mean": 1691.84338379,
        "min": 473.73046875,
        "stdev": 1875.99645996
    },
    "spectral_skewness": {
        "max": 3.05385637283,
        "mean": 1.89871132374,
        "min": -0.0323656387627,
        "stdev": 0.408347815275
    },
    "spectral_spread": {
        "max": 41914768,
        "mean": 3517115.75,
        "min": 2020785.25,
        "stdev": 4163129.25
    },
    "spectral_strongpeak": {
        "max": 6.75650405884,
        "mean": 0.727568864822,
        "min": 0,
        "stdev": 0.754045784473
    },
    "zerocrossingrate": {
        "max": 0.5263671875,
        "mean": 0.0636869668961,
        "min": 0.01611328125,
        "stdev": 0.0500919595361
    },
    "barkbands": {
        "max": [0.00384398316965, 0.0679472908378, 0.0465378761292, 0.0281340256333, 0.00800673104823, 0.00787639245391, 0.00854899827391, 0.0267055165023, 0.0301750414073, 0.00862418487668, 0.0236432496458, 0.0237047281116, 0.00804124493152, 0.0170804802328, 0.00934035424143, 0.00776471151039, 0.00769208371639, 0.00371089531109, 0.00297206477262, 0.00224331859499, 0.00148943276145, 0.000699737749528, 0.000714192865416, 0.000819205830339, 0.000509900506586, 0.000194754320546, 2.7494468668e-05],
        "mean": [9.51673573582e-05, 0.00350416335277, 0.00114079902414, 0.000477276335005, 0.000319195882184, 0.00021118663426, 0.00035438418854, 0.000671098765451, 0.00154028262477, 0.00109059654642, 0.00103362102527, 0.000762429554015, 0.000446554971859, 0.000351568829501, 0.00030371331377, 0.000233538987231, 0.000280691921944, 0.000360530917533, 0.000290287396638, 0.000122556855786, 7.77749955887e-05, 5.67712559132e-05, 3.94251146645e-05, 2.99222901958e-05, 2.34427570831e-05, 1.37829629239e-05, 2.0929285256e-06],
        "min": [2.1192077687e-24, 5.6688798938e-24, 2.57803135928e-24, 3.1359260188e-24, 1.76709260391e-23, 1.9640844248e-23, 5.77811228006e-24, 2.19796622153e-23, 1.73035898031e-23, 2.90843707196e-23, 2.06969728057e-23, 4.87555009155e-23, 5.38002758707e-23, 5.97802643618e-23, 7.58822596563e-23, 6.90600895738e-23, 1.005864802e-22, 9.7279354404e-23, 1.89917051242e-22, 1.78057896994e-22, 3.07583379781e-22, 4.47743060981e-22, 4.74050928459e-22, 6.93325331003e-22, 1.14585729517e-21, 1.4746473513e-21, 2.31905294998e-21],
        "stdev": [0.000299397768686, 0.0098385438323, 0.00373654905707, 0.0020985933952, 0.000824524031486, 0.000586872105487, 0.00101740635, 0.00212703971192, 0.00349121517502, 0.00129238795489, 0.00202657235786, 0.00244841328822, 0.000855034159031, 0.000964699662291, 0.00064316514181, 0.000646927452181, 0.000697799958289, 0.000703097786754, 0.000576405087486, 0.000228325632634, 0.000166312456713, 0.000120349977806, 8.41106666485e-05, 7.32940607122e-05, 5.58087740501e-05, 3.18516213156e-05, 5.10966037837e-06]
    },
    "erbbands": {
        "max": [2.00516963005, 17.2862434387, 62.6351127625, 70.6295623779, 46.8727226257, 32.9831390381, 64.1591033936, 69.4814071655, 143.079666138, 295.24230957, 440.622924805, 859.26550293, 387.763214111, 437.668334961, 1016.97454834, 826.006896973, 349.38394165, 947.803405762, 476.447387695, 204.831436157, 513.027648926, 488.806152344, 173.562576294, 224.778656006, 189.59677124, 90.4850311279, 83.6299209595, 44.7003898621, 29.4808063507, 20.4321517944, 19.4239902496, 15.884683609, 13.2812166214, 5.84567785263, 3.94585871696, 1.15338742733, 0.356871396303, 0.0607639737427, 0.00525321019813, 0.000256726925727],
        "mean": [0.0848945975304, 0.829427361488, 1.51591706276, 1.5224121809, 1.07879817486, 1.16504120827, 1.42910647392, 1.89593839645, 3.6149315834, 9.93604755402, 16.9568538666, 36.5198135376, 29.3873023987, 46.5586471558, 39.7493362427, 28.5000610352, 21.9752178192, 18.3108158112, 18.1895465851, 12.8972377777, 13.2434968948, 16.0721588135, 19.4698066711, 17.8682136536, 11.427318573, 6.20103597641, 4.0605597496, 2.33665275574, 2.05278563499, 1.57416939735, 1.03440129757, 0.703318536282, 0.450320005417, 0.283389300108, 0.158219486475, 0.0721429660916, 0.0225611869246, 0.00412394525483, 0.000390967616113, 2.84506822936e-05],
        "min": [5.15491394776e-22, 6.2482332581e-22, 4.56230739839e-21, 1.36973128438e-20, 1.13228270798e-20, 7.63858321075e-20, 1.3026653544e-19, 1.81974732904e-19, 1.44870848594e-19, 2.44408632404e-19, 3.80964726104e-19, 4.01402911474e-19, 1.21595425968e-18, 9.01906764923e-19, 1.51003671638e-18, 1.75298555595e-18, 2.74133341867e-18, 2.83838755391e-18, 3.73382586984e-18, 4.46460809458e-18, 4.60841716639e-18, 6.02928184818e-18, 5.69671636445e-18, 1.10979580238e-17, 9.84418465295e-18, 8.64074853106e-18, 1.01593520469e-17, 1.49392044631e-17, 1.31335734107e-17, 1.39535410083e-17, 1.26200596864e-17, 1.1631750908e-17, 1.322335394e-17, 1.00171059328e-17, 7.84958418956e-18, 4.80927647145e-18, 2.56472208608e-18, 1.0347090613e-18, 2.96886935018e-19, 3.09663269492e-20],
        "stdev": [0.246195733547, 2.40843176842, 4.99164199829, 5.69277906418, 3.50605916977, 3.05346179008, 4.38719272614, 5.00349855423, 10.941901207, 27.9619007111, 45.5127220154, 92.2034835815, 39.0359115601, 59.125579834, 96.9207077026, 80.602142334, 41.6787910461, 52.8987884521, 38.3461227417, 23.7415924072, 38.6578903198, 40.4119300842, 36.8579483032, 35.0640716553, 24.3620967865, 11.2403392792, 8.38835430145, 5.11394262314, 4.48844718933, 3.13419222832, 2.26477909088, 1.62192428112, 1.17182028294, 0.692274093628, 0.385546445847, 0.167808115482, 0.0527287684381, 0.00962851010263, 0.000954675488174, 5.03381415911e-05]
    },
    "gfcc": {
        "mean": [-130.56829834, 59.7309455872, -194.700469971, -25.5021877289, -78.7755508423, 1.32731044292, -28.5268058777, 9.54270839691, -23.2993717194, -5.68058252335, -18.0766029358, -2.19726014137, -10.8772258759],
        "cov": [[29525.2265625, 1421.06689453, 2224.69433594, 3507.3828125, 1342.06860352, 1510.87255859, 228.84185791, 1265.72546387, -240.359146118, 595.96862793, -73.5280227661, 122.310424805, -657.861633301], [1421.06689453, 433.603118896, 229.88520813, 336.971954346, 168.156295776, 124.764259338, 80.233039856, 91.7106933594, 35.5189781189, 25.1352138519, 17.0306510925, -25.5233783722, -36.1557502747], [2224.69433594, 229.88520813, 2617.93823242, 1709.79858398, 1181.32788086, 567.204833984, 200.021438599, 414.087249756, 78.9413528442, 294.63571167, 58.4144248962, 77.8721237183, -250.359603882], [3507.3828125, 336.971954346, 1709.79858398, 1419.76293945, 850.868347168, 477.456512451, 120.795349121, 349.449920654, 44.1780471802, 217.90625, 25.8225154877, 46.9791679382, -195.357757568], [1342.06860352, 168.156295776, 1181.32788086, 850.868347168, 679.07800293, 326.903930664, 161.074523926, 230.564483643, 47.9343566895, 136.946182251, 44.4624710083, 41.0903358459, -120.538269043], [1510.87255859, 124.764259338, 567.204833984, 477.456512451, 326.903930664, 262.727508545, 112.080543518, 141.653366089, 5.96932077408, 69.8521728516, 16.2762699127, 9.4658498764, -68.6895065308], [228.84185791, 80.233039856, 200.021438599, 120.795349121, 161.074523926, 112.080543518, 184.774719238, 73.1140975952, 27.0715579987, 13.4204759598, 41.4436302185, -2.05619692802, -8.93890285492], [1265.72546387, 91.7106933594, 414.087249756, 349.449920654, 230.564483643, 141.653366089, 73.1140975952, 162.740814209, 36.4475593567, 73.526184082, 17.8588218689, 21.0191574097, -52.6862449646], [-240.359146118, 35.5189781189, 78.9413528442, 44.1780471802, 47.9343566895, 5.96932077408, 27.0715579987, 36.4475593567, 73.0122909546, 23.9566841125, 10.7248048782, -0.122301280499, 11.1764678955], [595.96862793, 25.1352138519, 294.63571167, 217.90625, 136.946182251, 69.8521728516, 13.4204759598, 73.526184082, 23.9566841125, 94.1043167114, 24.1051330566, 21.3624095917, -36.1811103821], [-73.5280227661, 17.0306510925, 58.4144248962, 25.8225154877, 44.4624710083, 16.2762699127, 41.4436302185, 17.8588218689, 10.7248048782, 24.1051330566, 65.2134017944, 22.7437076569, 4.71000480652], [122.310424805, -25.5233783722, 77.8721237183, 46.9791679382, 41.0903358459, 9.4658498764, -2.05619692802, 21.0191574097, -0.122301280499, 21.3624095917, 22.7437076569, 53.7204933167, 4.9889383316], [-657.861633301, -36.1557502747, -250.359603882, -195.357757568, -120.538269043, -68.6895065308, -8.93890285492, -52.6862449646, 11.1764678955, -36.1811103821, 4.71000480652, 4.9889383316, 80.1248321533]],
        "icov": [[0.000129317530082, -9.91963388515e-05, 0.000312367454171, -0.000553060614038, 0.000391787994886, -0.000280591950286, -0.000104243554233, -0.000724914716557, 0.000672256224789, -0.000351211725501, 0.000277573679341, -0.000281197251752, 0.000253950274782], [-9.91963388515e-05, 0.00436361785978, 0.00114354549441, -0.00288720591925, 0.000217176348087, 0.000788266770542, -0.00148019450717, 0.00100546947215, -0.00242008920759, 0.00174117402639, -0.00195438996889, 0.0025157884229, 0.000268811942078], [0.000312367454171, 0.00114354549441, 0.00394140044227, -0.0044509889558, -0.00153235823382, 0.000665371422656, -0.00130257208366, -0.000141578566399, 0.000664098362904, -0.00186356215272, 0.00071582471719, -0.000640686193947, 0.00163423374761], [-0.000553060614038, -0.00288720591925, -0.0044509889558, 0.0116163119674, -0.00454686908051, -0.00346555723809, 0.0058010625653, -0.00132338539697, -0.000664226303343, 0.000102499536297, -6.10737624811e-05, 0.00112197757699, -0.00139037379995], [0.000391787994886, 0.000217176348087, -0.00153235823382, -0.00454686908051, 0.0129084791988, -0.00340955355205, -0.00433438876644, -0.00137072557118, -0.00101841648575, 0.000693746900652, -0.000194421198103, -0.0039929850027, 0.0032675168477], [-0.000280591950286, 0.000788266770542, 0.000665371422656, -0.00346555723809, -0.00340955355205, 0.0170412473381, -0.00622222712263, -0.00129193719476, 0.0042795939371, -0.00107073213439, 0.00142306624912, 0.00294574024156, -0.00172999349888], [-0.000104243554233, -0.00148019450717, -0.00130257208366, 0.0058010625653, -0.00433438876644, -0.00622222712263, 0.0147601431236, -0.0049531836994, -0.00140042032581, 0.00456905551255, -0.00731910625473, 0.00477682845667, -0.00252361036837], [-0.000724914716557, 0.00100546947215, -0.000141578566399, -0.00132338539697, -0.00137072557118, -0.00129193719476, -0.0049531836994, 0.0257401131094, -0.0118814464658, -0.00300278421491, 0.00154533120804, -0.00540690636262, 0.0045832474716], [0.000672256224789, -0.00242008920759, 0.000664098362904, -0.000664226303343, -0.00101841648575, 0.0042795939371, -0.00140042032581, -0.0118814464658, 0.0273795127869, -0.00854588765651, 0.00245828647166, 0.00482033006847, -0.00907186511904], [-0.000351211725501, 0.00174117402639, -0.00186356215272, 0.000102499536297, 0.000693746900652, -0.00107073213439, 0.00456905551255, -0.00300278421491, -0.00854588765651, 0.0262682083994, -0.00959792826325, -0.00159244216047, 0.00470711430535], [0.000277573679341, -0.00195438996889, 0.00071582471719, -6.10737624811e-05, -0.000194421198103, 0.00142306624912, -0.00731910625473, 0.00154533120804, 0.00245828647166, -0.00959792826325, 0.026545599103, -0.0108597911894, -0.000949235050939], [-0.000281197251752, 0.0025157884229, -0.000640686193947, 0.00112197757699, -0.0039929850027, 0.00294574024156, 0.00477682845667, -0.00540690636262, 0.00482033006847, -0.00159244216047, -0.0108597911894, 0.0313696078956, -0.00965021084994], [0.000253950274782, 0.000268811942078, 0.00163423374761, -0.00139037379995, 0.0032675168477, -0.00172999349888, -0.00252361036837, 0.0045832474716, -0.00907186511904, 0.00470711430535, -0.000949235050939, -0.00965021084994, 0.0266155749559]]
    },
    "melbands": {
        "max": [0.0174261275679, 0.0269664432853, 0.0110428361222, 0.00177706929389, 0.00236423825845, 0.0014756481396, 0.00198019854724, 0.00443725008518, 0.00360396481119, 0.00531496992335, 0.00189176585991, 0.00179419305641, 0.00383153837174, 0.00338472914882, 0.000833495985717, 0.000699306721799, 0.00177761772648, 0.000677527394146, 0.000576983904466, 0.000417526520323, 0.000631794857327, 0.000661998987198, 0.000213054343476, 0.000204474621569, 0.000205366188311, 0.000136583155836, 0.000142060394865, 4.10208740504e-05, 5.15733700013e-05, 3.73793081963e-05, 2.54912993114e-05, 1.769507071e-05, 1.53029359353e-05, 1.28982701426e-05, 1.16101009553e-05, 9.81113043963e-06, 1.0849868886e-05, 9.44801740843e-06, 6.48998002362e-06, 5.24337974639e-06],
        "mean": [0.000891179835889, 0.000897554506082, 0.000248723023105, 7.57321249694e-05, 5.17910375493e-05, 4.14494679717e-05, 5.98998449277e-05, 0.000119865660963, 0.000153082364704, 0.000232793143368, 0.000141419426654, 0.000185570170288, 0.000135196969495, 9.91666311165e-05, 5.59394538868e-05, 4.12536937802e-05, 3.25499713654e-05, 2.9846389225e-05, 1.98184097826e-05, 1.58285401994e-05, 1.51384874698e-05, 1.54454319272e-05, 1.90933715203e-05, 1.69315135281e-05, 1.44073201227e-05, 1.00870402093e-05, 5.66834569327e-06, 3.58909210263e-06, 2.74953072221e-06, 1.6587588334e-06, 1.31592946673e-06, 1.20761467315e-06, 1.00203806142e-06, 8.41186931666e-07, 6.13222425727e-07, 4.91131402214e-07, 3.96507516598e-07, 3.1703243053e-07, 2.68949264637e-07, 2.33587442722e-07],
        "min": [5.75722797645e-24, 2.18851196024e-24, 3.17644605641e-24, 2.6463017486e-24, 4.7040225429e-24, 4.00881835979e-24, 2.12351139937e-24, 3.51499301085e-24, 2.06695263626e-24, 2.54740994831e-24, 5.63546137927e-24, 3.20806084048e-24, 5.2058879622e-24, 5.6035693106e-24, 4.91715303797e-24, 7.72566825451e-24, 4.55036624363e-24, 5.65607983675e-24, 6.00547895345e-24, 4.05734750496e-24, 5.33019705807e-24, 4.14702757925e-24, 5.68488943144e-24, 3.49797294239e-24, 8.547053106e-24, 6.10989968261e-24, 4.4883684818e-24, 5.75217374463e-24, 4.40618100839e-24, 7.83124782035e-24, 7.6145997945e-24, 6.89943743049e-24, 7.90224609068e-24, 7.9185920775e-24, 6.9561218197e-24, 6.36777594595e-24, 7.26784257298e-24, 8.12807172429e-24, 9.53013393267e-24, 7.30567476427e-24],
        "stdev": [0.0024812174961, 0.00260465429164, 0.000873420038261, 0.000193592029973, 0.000154255627422, 0.000109475236968, 0.000176651563379, 0.000353333103703, 0.000390472909203, 0.000582961423788, 0.000189245329238, 0.00023785335361, 0.000294398749247, 0.000330511800712, 0.000114408358058, 8.31566139823e-05, 9.79731339612e-05, 6.30688737147e-05, 4.22527518822e-05, 3.65017876902e-05, 4.60296068923e-05, 4.52835301985e-05, 3.79045559384e-05, 3.32911658916e-05, 2.92215954687e-05, 2.13200783037e-05, 1.23274003272e-05, 6.47848537483e-06, 5.75019748794e-06, 3.86283363696e-06, 2.9678926694e-06, 2.71936596619e-06, 2.12753684536e-06, 1.71407327798e-06, 1.34525203066e-06, 1.13384305678e-06, 9.59030444392e-07, 8.4742140416e-07, 6.64979154408e-07, 5.79297704917e-07]
    },
    "melbands128": {
        "max": [0.00234509399161, 0.0149009916931, 0.030667886138, 0.0340933129191, 0.0403681099415, 0.0162130743265, 0.0165042374283, 0.0115838721395, 0.00376128661446, 0.00214235577732, 0.00207505165599, 0.00317919906229, 0.00213921442628, 0.00193957914598, 0.00192392489407, 0.00113514065742, 0.0024463464506, 0.00297238212079, 0.00296141020954, 0.0039180056192, 0.00883511081338, 0.00559105863795, 0.00624985992908, 0.00809482205659, 0.00928412936628, 0.008062065579, 0.00533812772483, 0.00196291436441, 0.00171556451824, 0.00191394786816, 0.00285024242476, 0.00179646292236, 0.00722553022206, 0.00450691673905, 0.00618416490033, 0.00560490088537, 0.00252473168075, 0.00113025587052, 0.00171126332134, 0.00100036559161, 0.0010488195112, 0.00157601467799, 0.00390429864638, 0.000630368478596, 0.000610912858974, 0.00100492150523, 0.000929527042899, 0.00108883611392, 0.000297976192087, 0.000283464469248, 0.000734076311346, 0.000638938159682, 0.00128199579194, 0.000715526461136, 0.000713777961209, 0.00140079378616, 0.000523928611074, 0.00036527190241, 0.00038005472743, 0.000367737811757, 0.000342112558428, 0.000363747647498, 0.000246079172939, 0.000254483631579, 0.000187787241885, 0.00017116862, 0.000277321174508, 0.000160288458574, 0.000170163199073, 9.03523323359e-05, 4.82390641992e-05, 5.0965565606e-05, 3.53681316483e-05, 7.26422586013e-05, 8.03170478321e-05, 4.88714977109e-05, 3.97497205995e-05, 2.49566783168e-05, 2.97427741316e-05, 3.16478108289e-05, 1.85803128261e-05, 2.59995831584e-05, 2.80392396235e-05, 1.75590084837e-05, 1.29336804093e-05, 1.28191759359e-05, 1.68781971297e-05, 1.51439862748e-05, 1.21358325487e-05, 1.13963278636e-05, 1.39784006024e-05, 1.12289235403e-05, 7.43362079447e-06, 1.4952291167e-05, 1.02912981674e-05, 8.96523306437e-06, 7.75792886998e-06, 1.47194723468e-05, 6.6941292971e-06, 4.63238484372e-06, 5.47381841898e-06, 6.37898892819e-06, 4.32261322203e-06, 6.82353811499e-06, 6.0407132878e-06, 2.81982465822e-06, 2.809734724e-06, 3.75759850613e-06, 2.06261506719e-06, 1.85658825558e-06, 1.94505923901e-06, 1.61331604431e-06, 1.23123913909e-06, 1.24056225559e-06, 7.9665977637e-07, 6.53861093269e-07, 7.56181009365e-07, 3.64554978205e-07, 2.19775500909e-07, 2.06015045023e-07, 2.52422552194e-07, 2.09177130728e-07, 1.28672596134e-07, 1.5060827252e-08, 2.47713449752e-09, 2.20547113905e-09, 2.09819495112e-09, 2.05647632257e-09],
        "mean": [8.36697727209e-05, 0.000546942930669, 0.00130894500762, 0.00141273345798, 0.000935420219321, 0.000497904955409, 0.000323303043842, 0.000204369280254, 8.58549756231e-05, 7.21430769772e-05, 6.48431378067e-05, 5.36428888154e-05, 4.40708572569e-05, 5.47419913346e-05, 4.8226222134e-05, 2.8088070394e-05, 3.52776187356e-05, 7.01986209606e-05, 8.14246595837e-05, 0.00010815548012, 0.000151789106894, 0.000126093887957, 0.000128436731757, 0.000200512586161, 0.000272189325187, 0.000244078968535, 0.000160474766744, 0.000121912875329, 0.000122037425172, 0.000185524433618, 0.000225389783736, 0.000157107584528, 0.000117126852274, 0.000133265100885, 0.00011742204515, 9.297287761e-05, 5.99539889663e-05, 5.07594268129e-05, 5.93204676989e-05, 4.8365262046e-05, 3.43278807122e-05, 3.23970125464e-05, 3.94422677346e-05, 2.69373558694e-05, 2.77782473859e-05, 3.48320281773e-05, 2.69283227681e-05, 2.04398438655e-05, 1.50837295223e-05, 1.76180110429e-05, 1.52830234583e-05, 1.49406869241e-05, 1.64865778061e-05, 1.49510069605e-05, 1.33277671921e-05, 1.5134584828e-05, 1.57179565576e-05, 2.29330707953e-05, 1.82048297575e-05, 1.66794507095e-05, 1.69108116097e-05, 1.79309645318e-05, 1.3923620827e-05, 1.4735908735e-05, 1.272636473e-05, 9.88349984254e-06, 9.13564235816e-06, 5.985147709e-06, 4.75820615975e-06, 5.31990144736e-06, 3.7517322653e-06, 2.68799431069e-06, 2.604921292e-06, 3.08447556563e-06, 2.40224767367e-06, 1.86677914371e-06, 1.28499209495e-06, 9.69852862909e-07, 1.43074055359e-06, 1.58273292072e-06, 1.15624129648e-06, 1.08834842649e-06, 1.11160409233e-06, 1.04404944068e-06, 8.91192541985e-07, 7.73432532242e-07, 9.73326564235e-07, 6.84373787863e-07, 5.73239503865e-07, 5.62953630379e-07, 5.09333176524e-07, 4.53516776133e-07, 4.98169583807e-07, 4.11541805079e-07, 3.20846055502e-07, 3.22902991456e-07, 3.01636475797e-07, 3.3324567994e-07, 2.81716978634e-07, 2.30482868346e-07, 2.34213445083e-07, 2.40778376792e-07, 2.24662102255e-07, 1.84626031796e-07, 1.89931242289e-07, 1.44949623859e-07, 1.68096349284e-07, 1.49873230271e-07, 1.10113617779e-07, 1.11128464653e-07, 1.09435134732e-07, 7.03684079895e-08, 6.62814159114e-08, 6.49241442829e-08, 4.82661839385e-08, 3.64655505791e-08, 2.67688502475e-08, 1.93929050596e-08, 1.43493048554e-08, 9.57316448336e-09, 1.10436717549e-08, 6.67696165024e-09, 4.73923744693e-09, 1.47347495316e-10, 6.18179596054e-12, 5.56831664111e-12, 5.30438800522e-12, 5.21215536009e-12],
        "min": [1.6138685018e-24, 3.92746510679e-24, 1.76901545236e-24, 7.0472307183e-25, 2.27616101352e-25, 8.67961763125e-25, 1.60633221775e-24, 8.04559927488e-25, 5.85193536268e-25, 8.02508938438e-25, 2.12203465175e-24, 5.1623917496e-24, 2.51609236759e-24, 1.88351072415e-24, 2.59350368265e-24, 2.42494974518e-24, 1.61284988516e-24, 1.66779039873e-24, 8.81943139378e-25, 1.71232987987e-24, 4.53268826518e-24, 3.45575138111e-25, 3.197371578e-24, 1.51949835361e-24, 1.64699789881e-24, 1.85005434429e-24, 2.6892203178e-24, 5.86553266228e-24, 1.34544832361e-24, 3.47201350215e-24, 2.43402361774e-24, 2.43656098884e-24, 3.15595125288e-24, 3.33274602579e-24, 2.71804292869e-24, 2.63863875377e-24, 4.15706701756e-24, 2.55764975729e-24, 4.39094573773e-24, 1.11934195412e-24, 4.63022342193e-24, 6.98156021731e-24, 2.86498819103e-24, 2.48786376895e-24, 6.8002736704e-24, 4.45263071621e-24, 3.68482450855e-24, 2.89859859597e-24, 5.41405139458e-24, 1.92896784773e-24, 1.83808199955e-24, 3.94755187202e-24, 2.30721048014e-24, 3.5801059844e-24, 1.24392241815e-24, 2.90220605689e-24, 2.16041312922e-24, 5.38245554317e-24, 4.03159435185e-24, 3.52653641247e-24, 2.06950361521e-24, 3.72184338425e-24, 7.03126634295e-24, 4.88793126346e-24, 4.2323862735e-24, 3.99033574322e-24, 4.69787810531e-24, 4.59108763799e-24, 3.96063434127e-24, 3.6317972785e-24, 5.16221504476e-24, 6.0480549598e-24, 5.07886242379e-24, 2.44599182097e-24, 3.59966776269e-24, 6.21318839638e-24, 7.03177673595e-24, 5.0149611406e-24, 2.97097303415e-24, 5.64618830986e-24, 5.58488356234e-24, 4.75962619267e-24, 3.99911260965e-24, 4.84853318327e-24, 7.87206269472e-24, 4.46163714117e-24, 7.44194259704e-24, 4.68745922491e-24, 4.88519076068e-24, 5.00976964698e-24, 4.67937024519e-24, 6.31218925669e-24, 6.50733451198e-24, 5.63718977352e-24, 8.80496250149e-24, 5.54406119378e-24, 5.30244098712e-24, 9.0551694591e-24, 8.65508050722e-24, 7.56679482365e-24, 6.80471969046e-24, 6.20580426387e-24, 7.29235563675e-24, 6.34285188565e-24, 6.58032386724e-24, 7.72819497599e-24, 4.70705137435e-24, 8.13359138405e-24, 7.6036874816e-24, 7.25241482025e-24, 7.74612420665e-24, 6.28888275568e-24, 6.98002667171e-24, 6.66288486629e-24, 6.38952760212e-24, 7.58824474052e-24, 6.24542598613e-24, 7.46351399849e-24, 7.66960469884e-24, 8.4067723378e-24, 8.07674212291e-24, 6.96503121476e-24, 7.77134724523e-24, 6.69365911906e-24, 8.2135140378e-24, 8.18544400021e-24, 6.31569258797e-24, 7.669427994e-24],
        "stdev": [0.000250563200098, 0.00171005923767, 0.00393902277574, 0.00438402080908, 0.00330359255895, 0.0015369777102, 0.00133332319092, 0.00085119868163, 0.000289344025077, 0.000199897272978, 0.000182020041393, 0.00018675600586, 0.000154174253112, 0.000169090257259, 0.000140348885907, 7.74013897171e-05, 0.000129691674374, 0.000252477795584, 0.000273582496447, 0.000354369782144, 0.000584671914112, 0.000491817714646, 0.000449019134976, 0.000589665723965, 0.000876226637047, 0.000761837640312, 0.000357954762876, 0.000190905397176, 0.00018269928114, 0.00026292813709, 0.000378787575755, 0.000272032921202, 0.000406090199249, 0.000480372429593, 0.000495457148645, 0.000416394410422, 0.000201287606615, 0.000121758930618, 0.000134909700137, 0.000108555599581, 8.41596265673e-05, 0.000109750202682, 0.000193153508008, 6.21009821771e-05, 6.60846926621e-05, 9.10397866392e-05, 6.83020989527e-05, 6.66993146297e-05, 3.22993291775e-05, 3.68425935449e-05, 4.54677829111e-05, 4.85216114612e-05, 7.79859983595e-05, 4.95161584695e-05, 4.38961797045e-05, 7.28772283765e-05, 4.48864630016e-05, 5.36763109267e-05, 4.1942075768e-05, 4.14585956605e-05, 3.94331545976e-05, 4.36930567957e-05, 3.28118039761e-05, 3.4192129533e-05, 2.78974439425e-05, 2.36296964431e-05, 2.52069130511e-05, 1.52759184857e-05, 1.25300366562e-05, 1.06277857412e-05, 7.39249890103e-06, 5.94800303588e-06, 5.41452800462e-06, 7.15783562555e-06, 6.05716604696e-06, 4.85718192067e-06, 3.31356932293e-06, 2.34438061852e-06, 3.43655051438e-06, 3.77960168407e-06, 2.83358372144e-06, 2.71467843049e-06, 2.74677404377e-06, 2.32016145674e-06, 1.93810706151e-06, 1.65455560364e-06, 2.1897787974e-06, 1.60649142344e-06, 1.31451190555e-06, 1.35829122883e-06, 1.36277685669e-06, 1.12626412374e-06, 1.0669796211e-06, 1.09751408672e-06, 8.76646140568e-07, 9.06057096017e-07, 7.93265485299e-07, 1.03206548374e-06, 7.04018987108e-07, 5.73769000312e-07, 6.01700776315e-07, 6.38343578885e-07, 5.17299724834e-07, 5.13085126386e-07, 5.2090592817e-07, 3.4894983969e-07, 3.91430944546e-07, 3.89393704836e-07, 2.65332658955e-07, 2.68471154641e-07, 2.63458957761e-07, 1.89408709161e-07, 1.63108737183e-07, 1.60852550835e-07, 1.13620927777e-07, 9.11250950253e-08, 7.66316645695e-08, 5.18269196448e-08, 3.76601718699e-08, 2.75389879789e-08, 3.41992212327e-08, 2.21153104718e-08, 1.6044774398e-08, 9.71186131515e-10, 1.05526899719e-10, 9.39649261178e-11, 8.94000359852e-11, 8.76241024184e-11]
    },
    "mfcc": {
        "mean": [-745.768737793, 106.75705719, -69.4725036621, -26.0530261993, -37.0510597229, -16.1708869934, -9.31270027161, 4.95779800415, -3.86720657349, 1.69744598866, -4.6847858429, -6.225918293, -7.72208738327],
        "cov": [[15436.6650391, 532.707885742, 2632.86914062, 2558.91821289, 2173.32885742, 1161.63208008, 1409.08398438, 839.58416748, 513.135070801, 522.320617676, 868.753662109, 442.752746582, 424.902648926], [532.707885742, 375.343444824, -105.223419189, -3.36515593529, -63.776676178, -0.707523405552, 19.1458854675, 45.7336044312, 7.42883825302, 43.9237480164, 13.1799221039, -13.4322767258, -5.67419052124], [2632.86914062, -105.223419189, 1343.38916016, 1051.84936523, 931.088684082, 445.998413086, 429.818634033, 238.452590942, 173.805969238, 154.844436646, 282.668365479, 193.121932983, 155.045181274], [2558.91821289, -3.36515593529, 1051.84936523, 985.361450195, 831.817016602, 392.673034668, 384.902069092, 232.789138794, 163.978607178, 144.097976685, 260.749603271, 175.491027832, 147.877853394], [2173.32885742, -63.776676178, 931.088684082, 831.817016602, 798.425476074, 359.166900635, 338.387207031, 202.317504883, 144.896011353, 119.066551208, 225.844421387, 159.705352783, 121.761756897], [1161.63208008, -0.707523405552, 445.998413086, 392.673034668, 359.166900635, 249.877441406, 224.939086914, 128.219955444, 76.8404083252, 75.4643173218, 119.248016357, 57.7500648499, 55.1362686157], [1409.08398438, 19.1458854675, 429.818634033, 384.902069092, 338.387207031, 224.939086914, 304.317993164, 164.463989258, 70.8897476196, 90.6193161011, 138.445449829, 64.0847320557, 71.0256881714], [839.58416748, 45.7336044312, 238.452590942, 232.789138794, 202.317504883, 128.219955444, 164.463989258, 143.611953735, 67.7672576904, 58.1856231689, 83.3802642822, 37.8971481323, 40.113117218], [513.135070801, 7.42883825302, 173.805969238, 163.978607178, 144.896011353, 76.8404083252, 70.8897476196, 67.7672576904, 95.1943054199, 50.9917907715, 53.8008880615, 28.7970733643, 28.7562084198], [522.320617676, 43.9237480164, 154.844436646, 144.097976685, 119.066551208, 75.4643173218, 90.6193161011, 58.1856231689, 50.9917907715, 90.0482788086, 63.5236663818, 24.7679615021, 25.8695487976], [868.753662109, 13.1799221039, 282.668365479, 260.749603271, 225.844421387, 119.248016357, 138.445449829, 83.3802642822, 53.8008880615, 63.5236663818, 127.024703979, 69.5393066406, 49.1558494568], [442.752746582, -13.4322767258, 193.121932983, 175.491027832, 159.705352783, 57.7500648499, 64.0847320557, 37.8971481323, 28.7970733643, 24.7679615021, 69.5393066406, 84.142906189, 43.2924308777], [424.902648926, -5.67419052124, 155.045181274, 147.877853394, 121.761756897, 55.1362686157, 71.0256881714, 40.113117218, 28.7562084198, 25.8695487976, 49.1558494568, 43.2924308777, 63.3914871216]],
        "icov": [[0.000149304061779, -0.000225767333177, 1.62734504556e-05, -0.000133340872708, -0.000153178116307, 0.000172810439835, -0.000443061813712, 0.000153768880409, -0.000205200311029, 0.000153816014063, -0.000348744826624, 0.000191446728422, -3.66875246982e-05], [-0.000225767333177, 0.00418773014098, 0.00127407652326, -0.00233831931837, 0.00209558918141, -0.000670724548399, 0.00161979149561, -0.00264856265858, 0.00166553456802, -0.0027393323835, 0.000465926394099, -0.000355280208169, 0.00088970962679], [1.62734504556e-05, 0.00127407652326, 0.00566633278504, -0.0044429670088, -0.00135910941754, -0.00098374101799, -0.000837060040794, 0.00122697057668, 6.76261188346e-05, -0.000871835742146, 0.000131289940327, -0.000527738593519, 0.000721845310181], [-0.000133340872708, -0.00233831931837, -0.0044429670088, 0.0142341125757, -0.00820475257933, -0.00043323499267, 0.000652456656098, -0.000553987338208, -0.000757844012696, 0.000812207232229, -0.00219016568735, 0.000687602674589, -0.00465669482946], [-0.000153178116307, 0.00209558918141, -0.00135910941754, -0.00820475257933, 0.014270298183, -0.0047681927681, 0.00129101704806, -0.00145481596701, -0.000586710695643, 0.000208332843613, 0.00122699374333, -0.00491834292188, 0.00247796601616], [0.000172810439835, -0.000670724548399, -0.00098374101799, -0.00043323499267, -0.0047681927681, 0.0202128905803, -0.00935543142259, 0.000993780442514, -0.00268189399503, 0.00054906879086, -0.00185652682558, 0.00489001814276, 0.00272220303304], [-0.000443061813712, 0.00161979149561, -0.000837060040794, 0.000652456656098, 0.00129101704806, -0.00935543142259, 0.0198878757656, -0.0127055151388, 0.00791342463344, -0.00442961230874, -0.00367912021466, 0.00204469263554, -0.00527129461989], [0.000153768880409, -0.00264856265858, 0.00122697057668, -0.000553987338208, -0.00145481596701, 0.000993780442514, -0.0127055151388, 0.0256468560547, -0.010628242977, 0.00309098721482, -0.00165480189025, 0.000739322043955, 0.00129848881625], [-0.000205200311029, 0.00166553456802, 6.76261188346e-05, -0.000757844012696, -0.000586710695643, -0.00268189399503, 0.00791342463344, -0.010628242977, 0.0227679442614, -0.00893194228411, 6.01733117946e-05, 0.000690295128152, -0.00275571481325], [0.000153816014063, -0.0027393323835, -0.000871835742146, 0.000812207232229, 0.000208332843613, 0.00054906879086, -0.00442961230874, 0.00309098721482, -0.00893194228411, 0.0235694106668, -0.00834262091666, 0.00348095153458, -0.000383942970075], [-0.000348744826624, 0.000465926394099, 0.000131289940327, -0.00219016568735, 0.00122699374333, -0.00185652682558, -0.00367912021466, -0.00165480189025, 6.01733117946e-05, -0.00834262091666, 0.0310510583222, -0.0152213675901, 0.00128910457715], [0.000191446728422, -0.000355280208169, -0.000527738593519, 0.000687602674589, -0.00491834292188, 0.00489001814276, 0.00204469263554, 0.000739322043955, 0.000690295128152, 0.00348095153458, -0.0152213675901, 0.0314652733505, -0.0106125194579], [-3.66875246982e-05, 0.00088970962679, 0.000721845310181, -0.00465669482946, 0.00247796601616, 0.00272220303304, -0.00527129461989, 0.00129848881625, -0.00275571481325, -0.000383942970075, 0.00128910457715, -0.0106125194579, 0.0308099538088]]
    },
    "spectral_contrast_coeffs": {
        "max": [-0.563645720482, -0.541014194489, -0.596798300743, -0.678695321083, -0.680586099625, -0.718989849091],
        "mean": [-0.726979911327, -0.800999045372, -0.765963375568, -0.831145823002, -0.81257390976, -0.778279781342],
        "min": [-0.981321871281, -0.995550215244, -0.977394044399, -0.966817438602, -0.965256989002, -0.967217445374],
        "stdev": [0.0614475384355, 0.0652782917023, 0.054521985352, 0.0385092943907, 0.0398666039109, 0.029679082334]
    },
    "spectral_contrast_valleys": {
        "max": [-5.30767822266, -4.94453144073, -5.38535642624, -6.05163764954, -5.71604633331, -8.36474323273],
        "mean": [-9.76419067383, -7.37523126602, -7.29458141327, -7.82009840012, -8.29798412323, -11.5577468872],
        "min": [-27.4553222656, -27.3688201904, -27.4321517944, -27.3169021606, -27.3443756104, -27.404800415],
        "stdev": [2.76411747932, 2.22126626968, 2.20962834358, 2.17655158043, 2.24133086205, 2.1044356823]
    }
},
"rhythm": {
    "beats_count": 29,
    "beats_loudness": {
        "max": 0.0843086987734,
        "mean": 0.0174375213683,
        "min": 0.000159718401846,
        "stdev": 0.0269405469298
    },
    "bpm": 142.184860229,
    "bpm_histogram_first_peak_bpm": 144,
    "bpm_histogram_first_peak_weight": 0.5,
    "bpm_histogram_second_peak_bpm": 0,
    "bpm_histogram_second_peak_spread": 0,
    "bpm_histogram_second_peak_weight": 0,
    "danceability": 0.796696662903,
    "onset_rate": 1.95934510231,
    "beats_loudness_band_ratio": {
        "max": [0.698960721493, 0.213622555137, 0.617823123932, 0.837252557278, 0.332710087299, 0.121233180165],
        "mean": [0.11701053381, 0.030244326219, 0.286513656378, 0.466900467873, 0.105531364679, 0.028609899804],
        "min": [4.87050783704e-05, 0.000949683599174, 0.0294042285532, 0.0588475167751, 0.0202918052673, 0.0045929341577],
        "stdev": [0.210559427738, 0.0408497303724, 0.139433667064, 0.21166151762, 0.067342735827, 0.0302118882537]
    },
    "beats_position": [0.417959183455, 0.847528338432, 1.27709746361, 1.70666658878, 2.13623571396, 2.56580495834, 2.99537420273, 3.42494320869, 3.85451245308, 4.28408145905, 4.71365070343, 5.14321994781, 5.5727891922, 5.99074840546, 6.40870714188, 6.82666635513, 7.24462556839, 7.66258478165, 8.08054447174, 8.498503685, 8.91646194458, 9.33442115784, 9.75238037109, 10.1703395844, 10.5766887665, 10.9830379486, 11.4009971619, 11.8189563751, 12.2369155884],
