{
"metadata": {
    "version": {
        "essentia": "2.1-beta5",
        "essentia_git_sha": "Undefined",
        "extractor": "music 2.0"
    },
    "audio_properties": {
        "analysis": {
            "equal_loudness": 0,
            "length": 12.7477550507,
            "sample_rate": 44100,
            "start_time": 0,
            "downmix": "mix"
        },
        "bit_rate": 192000,
        "length": 191.727172852,
        "lossless": 0,
        "number_channels": 2,
        "replay_gain": -7.91216468811,
        "sample_rate": 48000,
        "codec": "mp3",
        "md5_encoded": "34881e4fa652d6d8ca440c0ef22f02b8"
    },
    "tags": {
        "file_name": "BosniaHerzegovina_Pokušaj_Laka.mp3",
        "encoding": ["Lavf58.29.100"]
    }
},
"lowlevel": {
    "average_loudness": 0.456258177757,
    "barkbands_crest": {
        "max": 22.8026638031,
        "mean": 9.13347434998,
        "min": 3.58327746391,
        "stdev": 3.01354765892
    },
    "barkbands_flatness_db": {
        "max": 0.30944955349,
        "mean": 0.198038339615,
        "min": 0.0723453983665,
        "stdev": 0.0558893308043
    },
    "barkbands_kurtosis": {
        "max": 33.8818817139,
        "mean": 2.23681473732,
        "min": -1.49593508244,
        "stdev": 3.42772388458
    },
    "barkbands_skewness": {
        "max": 4.95788764954,
        "mean": 1.27443110943,
        "min": -0.606437861919,
        "stdev": 0.713790893555
    },
    "barkbands_spread": {
        "max": 51.8825721741,
        "mean": 12.2577390671,
        "min": 1.65466558933,
        "stdev": 8.54843521118
    },
    "dissonance": {
        "max": 0.500000059605,
        "mean": 0.480553269386,
        "min": 0.368720769882,
        "stdev": 0.0193724464625
    },
    "dynamic_complexity": 5.75147819519,
    "erbbands_crest": {
        "max": 23.0174179077,
        "mean": 9.05895328522,
        "min": 2.72764801979,
        "stdev": 3.30432891846
    },
    "erbbands_flatness_db": {
        "max": 0.391818851233,
        "mean": 0.270081222057,
        "min": 0.119782492518,
        "stdev": 0.0701105445623
    },
    "erbbands_kurtosis": {
        "max": 19.9687480927,
        "mean": 1.19562423229,
        "min": -1.41634809971,
        "stdev": 2.16762566566
    },
    "erbbands_skewness": {
        "max": 4.03011798859,
        "mean": 0.836885690689,
        "min": -0.913498699665,
        "stdev": 0.742832958698
    },
    "erbbands_spread": {
        "max": 63.6429977417,
        "mean": 18.9541435242,
        "min": 4.10728168488,
        "stdev": 10.8829889297
    },
    "hfc": {
        "max": 83.5338745117,
        "mean": 16.5179901123,
        "min": 0.801340043545,
        "stdev": 18.352558136
    },
    "loudness_ebu128": {
        "integrated": -17.7448215485,
        "loudness_range": 11.7793798447,
        "momentary": {
            "max": -12.3905029297,
            "mean": -20.4711437225,
            "min": -29.2725410461,
            "stdev": 4.88873767853
        },
        "short_term": {
            "max": -13.8311042786,
            "mean": -19.7460975647,
            "min": -25.8927383423,
            "stdev": 4.63313817978
        }
    },
    "melbands_crest": {
        "max": 23.9725246429,
        "mean": 11.2544364929,
        "min": 3.96141767502,
        "stdev": 3.57759928703
    },
    "melbands_flatness_db": {
        "max": 0.303352385759,
        "mean": 0.191588446498,
        "min": 0.0513776168227,
        "stdev": 0.0504618138075
    },
    "melbands_kurtosis": {
        "max": 49.1733131409,
        "mean": 5.04572820663,
        "min": -1.23982548714,
        "stdev": 4.87136650085
    },
    "melbands_skewness": {
        "max": 4.87879562378,
        "mean": 1.72791957855,
        "min": -0.316140830517,
        "stdev": 0.654448151588
    },
    "melbands_spread": {
        "max": 93.418182373,
        "mean": 18.3402843475,
        "min": 2.21768689156,
        "stdev": 12.7770938873
    },
    "pitch_salience": {
        "max": 0.863322377205,
        "mean": 0.686653912067,
        "min": 0.309757500887,
        "stdev": 0.100995451212
    },
    "silence_rate_20dB": {
        "max": 1,
        "mean": 1,
        "min": 1,
        "stdev": 0
    },
    "silence_rate_30dB": {
        "max": 1,
        "mean": 1,
        "min": 1,
        "stdev": 0
    },
    "silence_rate_60dB": {
        "max": 1,
        "mean": 0.387272715569,
        "min": 0,
        "stdev": 0.487126618624
    },
    "spectral_centroid": {
        "max": 2934.4831543,
        "mean": 1503.80639648,
        "min": 633.997741699,
        "stdev": 348.110046387
    },
    "spectral_complexity": {
        "max": 38,
        "mean": 16.2000007629,
        "min": 1,
        "stdev": 10.3039169312
    },
    "spectral_decrease": {
        "max": -1.20195520203e-10,
        "mean": -3.57099572135e-09,
        "min": -1.86071744679e-08,
        "stdev": 4.02740685246e-09
    },
    "spectral_energy": {
        "max": 0.0776636525989,
        "mean": 0.0149759799242,
        "min": 0.000536430103239,
        "stdev": 0.0168487802148
    },
    "spectral_energyband_high": {
        "max": 0.00150293414481,
        "mean": 0.000134646441438,
        "min": 8.52078119351e-06,
        "stdev": 0.000145564539707
    },
    "spectral_energyband_low": {
        "max": 0.00093432830181,
        "mean": 6.7723126449e-06,
        "min": 6.04871486232e-09,
        "stdev": 4.21271688538e-05
    },
    "spectral_energyband_middle_high": {
        "max": 0.0618596300483,
        "mean": 0.0102031920105,
        "min": 0.000417056435253,
        "stdev": 0.0126489950344
    },
    "spectral_energyband_middle_low": {
        "max": 0.0328123159707,
        "mean": 0.00518492003903,
        "min": 9.65209765127e-05,
        "stdev": 0.00575782358646
    },
    "spectral_entropy": {
        "max": 8.60435199738,
        "mean": 7.55823516846,
        "min": 6.83619403839,
        "stdev": 0.216941341758
    },
    "spectral_flux": {
        "max": 0.196974769235,
        "mean": 0.0621960312128,
        "min": 0.0131903840229,
        "stdev": 0.0418083369732
    },
    "spectral_kurtosis": {
        "max": 17.6725883484,
        "mean": 7.14850473404,
        "min": -0.150697469711,
        "stdev": 2.69393658638
    },
    "spectral_rms": {
        "max": 0.00870456267148,
        "mean": 0.00324047543108,
        "min": 0.000723426870536,
        "stdev": 0.00202731997706
    },
    "spectral_rolloff": {
        "max": 10034.4726562,
        "mean": 1852.28417969,
        "min": 495.263671875,
        "stdev": 1001.10668945
    },
    "spectral_skewness": {
        "max": 2.82875728607,
        "mean": 1.8994910717,
        "min": 0.723805606365,
        "stdev": 0.289328813553
    },
    "spectral_spread": {
        "max": 9841753,
        "mean": 3158240.5,
        "min": 1901840.5,
        "stdev": 1060156
    },
    "spectral_strongpeak": {
        "max": 4.98165798187,
        "mean": 1.05747830868,
        "min": 0.0428255423903,
        "stdev": 0.942159473896
    },
    "zerocrossingrate": {
        "max": 0.19580078125,
        "mean": 0.0661514550447,
        "min": 0.0244140625,
        "stdev": 0.0204742103815
    },
    "barkbands": {
        "max": [1.38273844641e-05, 0.000234597362578, 0.000243644637521, 0.00113027694169, 0.00676370272413, 0.00115198025014, 0.0107485195622, 0.00629545887932, 0.0268411189318, 0.0367190614343, 0.0238968767226, 0.0187750533223, 0.00718612782657, 0.00514345010743, 0.0059057767503, 0.00244351872243, 0.00235886825249, 0.00292457197793, 0.00119882286526, 0.000896058103535, 0.000263188238023, 0.000332864903612, 0.00024502366432, 0.000588730792515, 0.000415310671087, 0.000675868126564, 1.76537025709e-06],
        "mean": [1.17771769226e-07, 1.61378500252e-06, 3.16378327625e-06, 9.62549620454e-06, 0.000240517911152, 0.000121884157124, 0.000270150107099, 0.000467224075692, 0.00302473059855, 0.00387933035381, 0.00230777170509, 0.00161836075131, 0.000711372005753, 0.000641170539893, 0.000520480680279, 0.00027296206099, 0.000270118645858, 0.000298246159218, 0.000148930092109, 6.12233852735e-05, 3.92313340853e-05, 2.24704126595e-05, 1.54167137225e-05, 1.69524882949e-05, 9.22428444028e-06, 3.62881792171e-06, 8.53209911611e-08],
        "min": [1.78907669929e-11, 2.247151909e-10, 4.06039535328e-10, 3.80198006411e-09, 1.0798095218e-07, 9.6000505323e-08, 7.34480181563e-07, 2.20562219511e-06, 1.53662149387e-05, 1.21212215163e-05, 8.45265731186e-06, 6.74485954733e-06, 1.15306429507e-05, 1.49571296788e-05, 1.22885394376e-05, 1.12569196062e-05, 1.11283525257e-05, 9.36787182582e-06, 5.47404670215e-06, 2.44667830884e-06, 1.44528428336e-06, 9.20686602512e-07, 7.11355653493e-07, 5.18086210377e-07, 1.20015712923e-07, 3.37022818542e-08, 2.74643866677e-11],
        "stdev": [6.83520681832e-07, 1.04221862784e-05, 1.2520126802e-05, 5.81852000323e-05, 0.000584319932386, 0.000226464297157, 0.0010547117563, 0.000850312819239, 0.00397224957123, 0.00559019576758, 0.00326733989641, 0.00286519434303, 0.000999992480502, 0.00082939339336, 0.000699690543115, 0.000339727732353, 0.000314200791763, 0.000369389745174, 0.000185719749425, 6.87426800141e-05, 3.85142848245e-05, 2.73400837614e-05, 2.20194324356e-05, 5.08111115778e-05, 2.46874587901e-05, 2.9152366551e-05, 1.5666344666e-07]
    },
    "erbbands": {
        "max": [0.00308122509159, 0.0669453889132, 0.292072176933, 2.14619088173, 16.9739246368, 23.1030540466, 6.53115177155, 11.1240921021, 76.4048995972, 189.691162109, 210.904647827, 581.731689453, 960.165039062, 1105.63439941, 803.596008301, 893.426574707, 285.959350586, 272.627044678, 305.045898438, 233.849243164, 129.294677734, 140.804153442, 127.858909607, 102.2445755, 32.6460647583, 40.4382171631, 10.8883104324, 14.0849199295, 12.5109910965, 9.30802345276, 6.29151248932, 9.91833496094, 9.86747074127, 4.53116464615, 2.96198964119, 2.47439265251, 1.55067741871, 0.0936502963305, 0.00178824050818, 9.46603395278e-05],
        "mean": [1.80865408765e-05, 0.000518937420566, 0.00376572739333, 0.022071596235, 0.386206239462, 1.04512929916, 0.668725073338, 1.13237583637, 1.67626011372, 6.76882076263, 19.2228088379, 66.6568145752, 107.822212219, 122.958778381, 76.0674362183, 69.1318130493, 36.7633743286, 31.0697078705, 32.4427108765, 21.3565864563, 15.0534677505, 15.1301670074, 15.9729881287, 11.2707595825, 5.66320180893, 3.03184270859, 1.77912247181, 1.43500697613, 0.847134411335, 0.614990115166, 0.416820913553, 0.370710790157, 0.253724992275, 0.122616827488, 0.0552142113447, 0.0220222845674, 0.00613706512377, 0.000556877173949, 3.47006862285e-05, 1.92981224245e-05],
        "min": [1.26721495519e-08, 1.02768929366e-07, 6.90403339831e-07, 1.11272811409e-05, 7.93278522906e-05, 0.000432738073869, 0.000619307276793, 0.00148234202061, 0.00804966967553, 0.0354056842625, 0.158205106854, 0.508705496788, 0.589843690395, 1.23483014107, 0.642000615597, 0.46279501915, 0.615284442902, 0.822041332722, 0.584654390812, 0.647812247276, 0.802761971951, 0.672263801098, 0.57774579525, 0.462822765112, 0.236308678985, 0.108140051365, 0.055186778307, 0.067487962544, 0.036246240139, 0.0229633189738, 0.0177312865853, 0.0148331765085, 0.00443336553872, 0.00171411852352, 0.000839745451231, 0.00021665992972, 4.81419156131e-05, 7.10708172846e-06, 7.11373161266e-07, 7.48308252696e-07],
        "stdev": [0.000136029790156, 0.0030155798886, 0.014768271707, 0.110312767327, 1.21705186367, 2.54192709923, 1.10898256302, 2.00067520142, 5.54121685028, 18.9148750305, 30.2948646545, 88.5074081421, 150.519134521, 176.941604614, 104.28742981, 130.507858276, 50.5922966003, 43.1873435974, 41.5381965637, 26.7951126099, 17.1553497314, 18.273601532, 19.5765037537, 14.0875387192, 6.235663414, 3.3071782589, 1.74237883091, 1.5276709795, 1.02223360538, 0.816223621368, 0.612853527069, 0.904978513718, 0.84336835146, 0.335082709789, 0.165402337909, 0.112166434526, 0.0662745684385, 0.00406005652621, 8.55210528243e-05, 2.11508577195e-05]
    },
    "gfcc": {
        "mean": [-94.8464736938, 30.2555675507, -222.086013794, -37.4393234253, -90.7576217651, -2.00036740303, -41.4405174255, 8.7630739212, -31.2063179016, -11.9494524002, -24.2427139282, -5.22207832336, -8.06647014618],
        "cov": [[2607.54443359, -74.825302124, 36.6753349304, -216.368057251, -73.9409790039, -21.4484996796, 38.5625915527, 8.81299495697, 48.0034065247, 88.5083770752, 117.979881287, -9.76645565033, -4.58231210709], [-74.825302124, 869.785461426, 993.843688965, 664.156005859, 221.430801392, -48.8329925537, -268.833892822, -104.928276062, -224.370666504, -0.751865506172, -92.2392959595, -8.48024272919, 65.539932251], [36.6753349304, 993.843688965, 2006.35339355, 1259.17126465, 355.436065674, 12.2488126755, -696.632019043, -123.076759338, -441.058502197, 83.4754714966, -176.775360107, 65.8439483643, 57.7100296021], [-216.368057251, 664.156005859, 1259.17126465, 939.946655273, 266.725219727, -0.144747510552, -476.92388916, -87.0997161865, -298.933227539, 32.2964859009, -131.740478516, 50.6934242249, 43.8858795166], [-73.9409790039, 221.430801392, 355.436065674, 266.725219727, 147.034484863, 34.1601066589, -97.8105163574, -14.6823711395, -95.0376052856, -7.29285383224, -52.5519218445, 3.88905644417, 0.849426567554], [-21.4484996796, -48.8329925537, 12.2488126755, -0.144747510552, 34.1601066589, 83.4759368896, 20.9584827423, 6.25440120697, -3.85688066483, -25.1491756439, -8.25194263458, -9.84978675842, -14.5234861374], [38.5625915527, -268.833892822, -696.632019043, -476.92388916, -97.8105163574, 20.9584827423, 364.875793457, 51.9943771362, 173.171051025, -39.8174209595, 52.1478233337, -49.3842811584, -15.9180021286], [8.81299495697, -104.928276062, -123.076759338, -87.0997161865, -14.6823711395, 6.25440120697, 51.9943771362, 63.1976623535, 39.6493988037, 7.02548313141, 9.55084037781, -3.54512906075, -14.3470163345], [48.0034065247, -224.370666504, -441.058502197, -298.933227539, -95.0376052856, -3.85688066483, 173.171051025, 39.6493988037, 144.258575439, 1.23417973518, 44.9490890503, -19.7793083191, -9.53087329865], [88.5083770752, -0.751865506172, 83.4754714966, 32.2964859009, -7.29285383224, -25.1491756439, -39.8174209595, 7.02548313141, 1.23417973518, 84.7375106812, 18.2866649628, 23.4408359528, 20.487569809], [117.979881287, -92.2392959595, -176.775360107, -131.740478516, -52.5519218445, -8.25194263458, 52.1478233337, 9.55084037781, 44.9490890503, 18.2866649628, 69.7808990479, 10.5513916016, -3.55867099762], [-9.76645565033, -8.48024272919, 65.8439483643, 50.6934242249, 3.88905644417, -9.84978675842, -49.3842811584, -3.54512906075, -19.7793083191, 23.4408359528, 10.5513916016, 41.2843322754, 13.3613500595], [-4.58231210709, 65.539932251, 57.7100296021, 43.8858795166, 0.849426567554, -14.5234861374, -15.9180021286, -14.3470163345, -9.53087329865, 20.487569809, -3.55867099762, 13.3613500595, 60.5499763489]],
        "icov": [[0.000514874234796, 0.000440283445641, -0.000765965960454, 0.000673039525282, -0.000659421668388, 0.000739006558433, -0.00013449609105, 0.000287000264507, -0.00023259788577, 0.000154559500515, -0.00136283494066, 0.000975413306151, -0.000360465899576], [0.000440283445641, 0.00932155176997, -0.00565255945548, -0.000514521554578, -0.00842659827322, 0.0116281285882, -0.00454461248592, 0.00504172733054, -0.00162603834178, 0.00613881507888, -0.00841365195811, 0.0102102076635, -0.00646946532652], [-0.000765965960454, -0.00565255945548, 0.00839760992676, -0.00437458837405, 0.00579305086285, -0.00899311155081, 0.00420057494193, -0.0029256301932, 0.00511631462723, -0.0072583919391, 0.00676059210673, -0.00369067466818, 0.00387306907214], [0.000673039525282, -0.000514521554578, -0.00437458837405, 0.0122608300298, -0.007962401025, 0.00249132304452, 0.00529321702197, 0.000880577194039, -0.00148954149336, 0.00226313644089, 0.000981812481768, -0.00176062888931, -0.00235377601348], [-0.000659421668388, -0.00842659827322, 0.00579305086285, -0.007962401025, 0.0315372124314, -0.0177122578025, -0.00330053688958, -0.00767396017909, 0.0101972166449, -0.00774945272133, 0.012219064869, -0.00992903113365, 0.00908031594008], [0.000739006558433, 0.0116281285882, -0.00899311155081, 0.00249132304452, -0.0177122578025, 0.0313257388771, -0.00607567466795, 0.0053563802503, -0.00454005645588, 0.0127298347652, -0.0123749710619, 0.0121281892061, -0.00675612827763], [-0.00013449609105, -0.00454461248592, 0.00420057494193, 0.00529321702197, -0.00330053688958, -0.00607567466795, 0.0162536036223, -0.00301127950661, -0.00505336932838, -0.000967789324932, 0.00309680099599, 0.00168402201962, -0.0014402247034], [0.000287000264507, 0.00504172733054, -0.0029256301932, 0.000880577194039, -0.00767396017909, 0.0053563802503, -0.00301127950661, 0.0248240381479, -0.0064886440523, -0.000915020122193, -0.0017241347814, 0.00247532362118, 0.0018381155096], [-0.00023259788577, -0.00162603834178, 0.00511631462723, -0.00148954149336, 0.0101972166449, -0.00454005645588, -0.00505336932838, -0.0064886440523, 0.0317183658481, -0.00869320053607, 0.00148029159755, 0.00407422566786, 0.000969733169768], [0.000154559500515, 0.00613881507888, -0.0072583919391, 0.00226313644089, -0.00774945272133, 0.0127298347652, -0.000967789324932, -0.000915020122193, -0.00869320053607, 0.0255747493356, -0.0112976348028, -0.000157842063345, -0.00931544136256], [-0.00136283494066, -0.00841365195811, 0.00676059210673, 0.000981812481768, 0.012219064869, -0.0123749710619, 0.00309680099599, -0.0017241347814, 0.00148029159755, -0.0112976348028, 0.0356260053813, -0.0196760911494, 0.00960603635758], [0.000975413306151, 0.0102102076635, -0.00369067466818, -0.00176062888931, -0.00992903113365, 0.0121281892061, 0.00168402201962, 0.00247532362118, 0.00407422566786, -0.000157842063345, -0.0196760911494, 0.0522903092206, -0.0141070047393], [-0.000360465899576, -0.00646946532652, 0.00387306907214, -0.00235377601348, 0.00908031594008, -0.00675612827763, -0.0014402247034, 0.0018381155096, 0.000969733169768, -0.00931544136256, 0.00960603635758, -0.0141070047393, 0.0267963111401]]
    },
    "melbands": {
        "max": [4.69445221825e-05, 0.000144999765325, 0.000569038267713, 0.00169683957938, 0.000297717837384, 0.000234944483964, 0.00149698543828, 0.00164303078782, 0.00216115592048, 0.00355247082189, 0.00485976180062, 0.00456239841878, 0.00346317514777, 0.00231432588771, 0.00141554686707, 0.000623085943516, 0.000514873652719, 0.000531747180503, 0.000447358790552, 0.000195311309653, 0.000144985519, 0.000152988373884, 0.000138668605359, 0.000162167852977, 7.46655568946e-05, 3.59901387128e-05, 4.17035953433e-05, 2.03356976272e-05, 1.03662086985e-05, 6.36510276308e-06, 9.26034863369e-06, 9.60235320235e-06, 4.31109538113e-06, 5.73777970203e-06, 3.85360544897e-06, 2.98385020869e-06, 7.93552317191e-06, 8.57003124111e-06, 4.69867609354e-06, 4.17425508203e-06],
        "mean": [2.91633938332e-07, 1.45070032431e-06, 1.21273033074e-05, 5.54148864467e-05, 2.98486047541e-05, 2.43439590122e-05, 3.50062182406e-05, 7.32748958399e-05, 0.000198564914172, 0.000443070719484, 0.000546715105884, 0.000511335849296, 0.000279463332845, 0.000191637140233, 0.000127016770421, 6.55132098473e-05, 5.67147071706e-05, 5.4691630794e-05, 3.63098770322e-05, 2.18201294047e-05, 1.68475526152e-05, 1.60434847203e-05, 1.44004334288e-05, 1.40976380862e-05, 8.75749174156e-06, 4.85674900119e-06, 2.88287105832e-06, 1.79212668172e-06, 1.11900430966e-06, 9.66219886323e-07, 7.64919093399e-07, 4.92014351039e-07, 3.86661241691e-07, 3.22950398868e-07, 2.45697293622e-07, 2.08341703001e-07, 2.35989361386e-07, 1.97839966631e-07, 1.26436546566e-07, 9.44215798881e-08],
        "min": [8.0793545465e-11, 5.21432452771e-10, 2.92477331243e-09, 1.2996752119e-08, 2.98846387636e-08, 2.16106315065e-08, 1.38377458825e-07, 4.22606177608e-07, 1.3624054418e-06, 2.43646195486e-06, 2.64250274995e-06, 4.71481234854e-06, 1.6454038132e-06, 9.51108745539e-07, 1.02319086182e-06, 1.02877345398e-06, 1.29951263261e-06, 7.83954419603e-07, 7.60256909871e-07, 6.44276838102e-07, 7.10104529844e-07, 6.39049915208e-07, 4.95513688747e-07, 4.15462437786e-07, 3.00684916965e-07, 1.57537357381e-07, 8.86030591118e-08, 5.36302486864e-08, 3.83324199049e-08, 3.5293627576e-08, 2.82316801048e-08, 1.72824901057e-08, 1.12043165856e-08, 1.22467529451e-08, 9.29159149621e-09, 8.6932319121e-09, 7.15045356259e-09, 2.91272317376e-09, 1.54422552523e-09, 1.26970922665e-09],
        "stdev": [2.06531831282e-06, 6.85929626343e-06, 4.41072115791e-05, 0.000143143275636, 5.10043901158e-05, 4.36243681179e-05, 0.000131681517814, 0.000175752371433, 0.000311965413857, 0.000583973131143, 0.000767273595557, 0.000737091293558, 0.000389790046029, 0.000325075699948, 0.000223371447646, 9.23710249481e-05, 7.96195017756e-05, 7.02480756445e-05, 4.82747018395e-05, 2.78302977677e-05, 1.937752495e-05, 1.97229273908e-05, 1.82522508112e-05, 1.81107589015e-05, 1.13281776066e-05, 6.12776784692e-06, 3.1596075587e-06, 2.06109507417e-06, 1.20444167351e-06, 9.43679538068e-07, 9.07391893179e-07, 6.61740614305e-07, 4.73398699796e-07, 4.55784032738e-07, 3.65436363836e-07, 3.41721886343e-07, 6.86541852701e-07, 7.21879075627e-07, 3.66793187823e-07, 2.71257931672e-07]
    },
    "melbands128": {
        "max": [6.68952452543e-06, 1.10617129394e-05, 5.908303865e-05, 0.000127915234771, 0.000132598346681, 0.000120345808682, 0.000366511114407, 0.000628654030152, 0.00190574070439, 0.00242537818849, 0.00146981596481, 0.000586423440836, 0.000232736681937, 0.000445309560746, 0.00039785070112, 0.000129180712975, 0.000127423758386, 0.00201268773526, 0.00435724901035, 0.00279900967143, 0.00144574907608, 0.00205770367756, 0.00311421696097, 0.00538761960343, 0.0047775846906, 0.00494600459933, 0.0085102757439, 0.0083879744634, 0.00768070202321, 0.00719970325008, 0.00688704010099, 0.00501949014142, 0.00575998518616, 0.00255469046533, 0.00142312585376, 0.00392197072506, 0.00430371938273, 0.00149725563824, 0.0010671664495, 0.000752817024477, 0.000943939434364, 0.00111566425767, 0.000652798626106, 0.000532545731403, 0.000556597369723, 0.000748792313971, 0.000665333354846, 0.000533668266144, 0.000508884200826, 0.000289532268653, 0.000251700810622, 0.000211587073863, 0.000133498731884, 0.000193507468794, 0.000201707414817, 0.000215819949517, 0.000140909760376, 0.000145985133713, 0.000181756346137, 0.000180016781087, 0.000210887112189, 0.000202176350285, 8.90265364433e-05, 9.73513597273e-05, 7.87656681496e-05, 6.79442237015e-05, 3.45012340404e-05, 3.03955694108e-05, 5.8309698943e-05, 6.87246501911e-05, 1.10938653961e-05, 3.78538388759e-05, 1.58823040692e-05, 5.83713108426e-06, 1.3491640857e-05, 8.48196032166e-06, 8.32752630231e-06, 1.58758557518e-05, 8.36061190057e-06, 6.66554524287e-06, 1.90891551028e-05, 5.27896463609e-06, 5.26272333445e-06, 4.46132571597e-06, 6.37065477349e-06, 8.74134730111e-06, 7.63109801483e-06, 5.28112741449e-06, 3.32952276949e-06, 4.27832446803e-06, 3.02487637782e-06, 3.6325579913e-06, 5.29209819433e-06, 8.03948478278e-06, 8.33891590446e-06, 1.5148323655e-05, 6.50466290608e-06, 8.78201899468e-06, 6.26248402114e-06, 3.41312966157e-06, 3.97119811169e-06, 5.24003462488e-06, 3.85384419133e-06, 6.42891291136e-06, 2.06433264793e-06, 3.49506512975e-06, 2.30706086768e-06, 3.47341733686e-06, 4.48704668088e-06, 5.18356455359e-06, 5.96739164394e-06, 6.52593780615e-06, 6.63295622871e-06, 3.43484589393e-06, 1.57465649409e-06, 5.08227230966e-07, 2.65770854213e-08, 1.45229615001e-08, 2.34774368835e-08, 2.06514627621e-08, 9.05996966338e-09, 6.19922602141e-09, 4.12784473269e-09, 1.46495071629e-09, 8.5517204429e-10, 5.10749220695e-10, 2.35794911374e-10, 1.60573707109e-10],
        "mean": [5.6642317503e-08, 7.48234256776e-08, 2.31299651432e-07, 9.85402493825e-07, 1.84578379958e-06, 1.36962853503e-06, 1.70852160863e-06, 6.47452679914e-06, 3.79813136533e-05, 6.76408453728e-05, 6.58970166114e-05, 3.13958480547e-05, 8.03248622105e-06, 4.38137321908e-05, 3.50149857695e-05, 6.37612311039e-06, 8.51517233968e-06, 2.39721248363e-05, 9.10295930225e-05, 7.83612631494e-05, 5.65250848013e-05, 8.47089249874e-05, 0.000179398193723, 0.000348588480847, 0.000445447396487, 0.000465026445454, 0.0005047111772, 0.000542600930203, 0.000612242205534, 0.000538683088962, 0.000506881740876, 0.000394130300265, 0.000255570892477, 0.000221980561037, 0.000152994689415, 0.000198344743694, 0.000232186284848, 0.000105093233287, 8.82263411768e-05, 7.39498573239e-05, 5.62061322853e-05, 6.01035826548e-05, 5.49426076759e-05, 5.32424892299e-05, 6.54451359878e-05, 5.34271603101e-05, 4.71428393212e-05, 3.80286874133e-05, 3.25850996887e-05, 2.43657741521e-05, 2.12450522667e-05, 1.84744440048e-05, 1.39376215884e-05, 1.94621279661e-05, 1.6429767129e-05, 1.69592749444e-05, 1.35723967105e-05, 1.39604790093e-05, 1.4777881006e-05, 1.5011605683e-05, 1.44344348882e-05, 1.41243408507e-05, 9.38236735237e-06, 7.59705289965e-06, 6.70029066896e-06, 4.76458490084e-06, 3.66881022273e-06, 3.79392781724e-06, 2.32214051721e-06, 2.34052959058e-06, 1.83204804216e-06, 1.6076768361e-06, 1.20575123219e-06, 9.83128870757e-07, 1.07428604679e-06, 9.26219115627e-07, 9.341544569e-07, 1.00391298474e-06, 7.05821946667e-07, 6.07846800449e-07, 5.08219216044e-07, 4.59103347339e-07, 3.95552802956e-07, 3.97198476776e-07, 3.61375526836e-07, 3.21242481505e-07, 3.39985831488e-07, 2.68744742016e-07, 2.46772344781e-07, 2.20840391307e-07, 1.92875276639e-07, 2.02143127126e-07, 2.37649871337e-07, 2.32960715607e-07, 2.33507677194e-07, 2.52679285495e-07, 1.77068685048e-07, 1.45602982116e-07, 1.30613130978e-07, 1.10188196345e-07, 1.18126585846e-07, 9.4154707142e-08, 6.54109300058e-08, 5.2996185218e-08, 4.26493578232e-08, 9.28922077037e-08, 5.53442376372e-08, 3.95609163206e-08, 3.64803938169e-08, 3.01846760919e-08, 2.33000072569e-08, 2.28991723361e-08, 2.17022151361e-08, 1.40131337645e-08, 9.21346821059e-09, 5.06445152482e-09, 9.96754567772e-10, 5.62360102929e-10, 8.34203706113e-10, 6.4434535485e-10, 4.22943319256e-10, 3.28186477994e-10, 1.77165851434e-10, 1.03024706821e-11, 4.31064298839e-12, 3.5751503754e-12, 3.01161114276e-12, 2.7890391819e-12],
        "min": [1.4055955835e-12, 5.72374743088e-12, 6.3166433889e-12, 1.00484100207e-10, 1.8005794078e-10, 1.24714613636e-10, 1.09427533701e-09, 1.68843727888e-09, 2.48573961414e-09, 2.4427491141e-09, 1.0901758607e-08, 5.47271561402e-09, 1.56828399156e-08, 1.13800044943e-08, 1.25679759932e-08, 7.10708558671e-09, 3.25025730774e-08, 4.85737459144e-08, 1.01513975892e-07, 1.29729826881e-07, 1.03011217334e-07, 1.68173997395e-07, 2.67256808684e-07, 1.47691912389e-06, 1.88259434708e-06, 6.82005520503e-07, 1.87788486983e-07, 8.24058474791e-07, 8.48962827149e-07, 5.52015592348e-07, 1.62898447797e-06, 3.90510138004e-07, 4.12830502228e-07, 7.42375220852e-07, 2.69841081035e-07, 1.74439861667e-07, 2.59604377106e-07, 1.6656464652e-07, 4.34751882494e-07, 5.99192617301e-07, 2.94246376598e-07, 3.72317657593e-07, 2.00285938945e-07, 3.35915018468e-07, 5.08032655944e-07, 5.32491696958e-07, 1.79035509973e-07, 2.29011959618e-07, 2.73146838481e-07, 3.71591653447e-07, 2.18064627688e-07, 1.76452516598e-07, 3.38336946015e-07, 3.59435603059e-07, 1.91861147414e-07, 1.76259703721e-07, 1.99941339929e-07, 2.10088430208e-07, 1.99471131168e-07, 2.14509640273e-07, 1.99626555286e-07, 2.65513051545e-07, 1.12051530721e-07, 1.5795781394e-07, 1.50867393245e-07, 6.30562553283e-08, 6.63484485131e-08, 7.26322966216e-08, 3.15845873899e-08, 6.04497785162e-08, 3.87053731288e-08, 3.35790382167e-08, 2.53225547198e-08, 2.42710136433e-08, 1.16709655273e-08, 2.28906422706e-08, 1.50457264425e-08, 1.94264302422e-08, 2.04895762579e-08, 1.3992985437e-08, 1.06681197209e-08, 7.47111794652e-09, 5.07174746645e-09, 8.66441496328e-09, 9.1260217161e-09, 8.21210122126e-09, 1.09858149244e-08, 5.07553776785e-09, 6.27833873779e-09, 5.2392454819e-09, 5.56406654084e-09, 5.32692023825e-09, 7.2580044197e-09, 4.96123009341e-09, 4.04505895446e-09, 3.51398798948e-09, 3.01983549278e-09, 1.32620703308e-09, 1.61497415441e-09, 8.13709988279e-10, 1.08377318231e-09, 1.34253874684e-09, 8.95868323969e-10, 1.1686803747e-09, 7.48976658471e-10, 6.2499172504e-10, 4.55916498998e-10, 2.60886479087e-10, 2.3611462785e-10, 3.23540651735e-12, 1.22596335861e-10, 8.19043791123e-11, 1.40682299143e-10, 1.62915271551e-11, 8.31125099299e-11, 2.65075152583e-13, 1.27553105881e-13, 9.40340673708e-14, 1.03256270721e-13, 8.87549853491e-14, 7.41302838884e-14, 8.30359544145e-14, 9.31131528218e-14, 7.12982122886e-14, 4.78620574705e-14, 2.32166682526e-14, 2.21173791528e-15, 8.85800851157e-17],
        "stdev": [3.28278844108e-07, 5.55681197056e-07, 2.5451622605e-06, 5.78457502343e-06, 6.9993420766e-06, 5.99383429289e-06, 1.64749799296e-05, 3.53293617081e-05, 0.000130911168526, 0.0002016134531, 0.000170495244674, 7.34681743779e-05, 1.83733864105e-05, 9.11392417038e-05, 6.89117950969e-05, 1.04520904642e-05, 1.51959293362e-05, 0.000104449580249, 0.00041023385711, 0.000264497706667, 0.000129633714096, 0.00018847391766, 0.000359389116056, 0.000591318355873, 0.00070149084786, 0.000716280657798, 0.000854435085785, 0.000932978698984, 0.000954755581915, 0.000918222940527, 0.000867217720952, 0.00062140414957, 0.000450294464827, 0.000360159494448, 0.000245218339842, 0.000461369665572, 0.000566018687095, 0.000205494856345, 0.00014429523435, 0.000113608402899, 0.000101534526038, 0.000112563560833, 9.41888065427e-05, 8.32178338896e-05, 8.66808331921e-05, 8.71844240464e-05, 7.86771997809e-05, 5.74997211515e-05, 5.12204242114e-05, 3.43896463164e-05, 3.24250504491e-05, 2.7998812584e-05, 1.94014064618e-05, 2.65075814241e-05, 2.11392343772e-05, 2.5844125048e-05, 1.92780389625e-05, 1.95346783585e-05, 2.26728134294e-05, 2.22386770474e-05, 2.112484799e-05, 2.09262179851e-05, 1.34725942189e-05, 1.21755647342e-05, 1.01912783066e-05, 7.62864192438e-06, 5.11339703735e-06, 4.34629646406e-06, 3.46669571627e-06, 3.89865681427e-06, 1.89236141068e-06, 2.81475718111e-06, 1.49337563471e-06, 1.16292812891e-06, 1.3009102986e-06, 1.04826017377e-06, 1.07788298465e-06, 1.29608770294e-06, 1.06399204469e-06, 8.3545188545e-07, 9.96428184408e-07, 5.71001464778e-07, 5.0207967206e-07, 5.41755980521e-07, 5.08472055571e-07, 5.5047269143e-07, 5.16290583619e-07, 3.98385395783e-07, 3.96263033053e-07, 3.85750269061e-07, 3.23286940329e-07, 3.46788482375e-07, 5.43947237475e-07, 6.91232571626e-07, 7.88208637914e-07, 1.16134503969e-06, 5.63159233025e-07, 5.45625141513e-07, 4.56443558505e-07, 3.10403294179e-07, 3.15686492058e-07, 3.22645860251e-07, 2.17234543243e-07, 2.872453706e-07, 1.40421846595e-07, 2.45220689976e-07, 1.71783881342e-07, 1.71328665033e-07, 2.00207622925e-07, 2.26047148999e-07, 2.55723762166e-07, 2.7875026376e-07, 2.82895854298e-07, 1.46992874761e-07, 6.99768847312e-08, 2.36390178543e-08, 2.33076846712e-09, 1.32776789563e-09, 1.69996927646e-09, 1.40535172388e-09, 8.28800805763e-10, 6.33178065534e-10, 3.68926583727e-10, 6.51602938273e-11, 3.76244313482e-11, 2.36668462605e-11, 1.36901080749e-11, 1.06902542374e-11]
    },
    "mfcc": {
        "mean": [-709.51348877, 81.1151428223, -88.861869812, -42.3206825256, -41.2719192505, -26.8432598114, -14.590669632, 0.258876860142, -5.17862033844, -5.70623826981, -9.89337825775, -12.9261264801, -15.1125297546],
        "cov": [[2679.08520508, -161.712356567, -437.382507324, -477.467834473, -357.667816162, -135.908981323, -13.3714151382, -7.25215387344, -21.9870357513, 98.5710067749, 65.2105255127, 105.61504364, 108.009048462], [-161.712356567, 519.490722656, 537.290100098, 445.42868042, 290.411132812, 100.341163635, 68.595954895, -81.6241226196, -9.35504150391, -57.1532249451, -91.2363739014, -42.9355163574, -43.3822021484], [-437.382507324, 537.290100098, 1551.39318848, 1033.75085449, 915.711120605, 216.036239624, 67.8779373169, -230.828842163, -102.48261261, -191.084976196, -177.30166626, -102.408584595, -93.4055557251], [-477.467834473, 445.42868042, 1033.75085449, 873.290527344, 662.856445312, 164.282821655, 48.5779876709, -158.545059204, -57.0800018311, -145.065338135, -124.062683105, -92.5697555542, -76.6601409912], [-357.667816162, 290.411132812, 915.711120605, 662.856445312, 649.668701172, 143.74079895, 50.3976516724, -118.594184875, -69.7845535278, -131.395507812, -102.423164368, -68.5150299072, -66.11693573], [-135.908981323, 100.341163635, 216.036239624, 164.282821655, 143.74079895, 104.966644287, 38.4813690186, -10.3880681992, -0.719738900661, -21.6057319641, -35.7128105164, -31.4778690338, -20.6457576752], [-13.3714151382, 68.595954895, 67.8779373169, 48.5779876709, 50.3976516724, 38.4813690186, 73.0111083984, 19.3196620941, 9.87203216553, -0.909744024277, -12.7778654099, -0.270711958408, -2.26634526253], [-7.25215387344, -81.6241226196, -230.828842163, -158.545059204, -118.594184875, -10.3880681992, 19.3196620941, 108.187522888, 28.2643699646, 36.2936973572, 29.4871292114, 4.35507154465, 5.84145450592], [-21.9870357513, -9.35504150391, -102.48261261, -57.0800018311, -69.7845535278, -0.719738900661, 9.87203216553, 28.2643699646, 73.7576522827, 35.7650375366, 5.62475824356, 3.62719535828, 3.53203773499], [98.5710067749, -57.1532249451, -191.084976196, -145.065338135, -131.395507812, -21.6057319641, -0.909744024277, 36.2936973572, 35.7650375366, 78.3160400391, 27.0620613098, 16.7399997711, 25.2996959686], [65.2105255127, -91.2363739014, -177.30166626, -124.062683105, -102.423164368, -35.7128105164, -12.7778654099, 29.4871292114, 5.62475824356, 27.0620613098, 66.1097335815, 26.5128898621, 13.8359947205], [105.61504364, -42.9355163574, -102.408584595, -92.5697555542, -68.5150299072, -31.4778690338, -0.270711958408, 4.35507154465, 3.62719535828, 16.7399997711, 26.5128898621, 65.1820068359, 28.7922134399], [108.009048462, -43.3822021484, -93.4055557251, -76.6601409912, -66.11693573, -20.6457576752, -2.26634526253, 5.84145450592, 3.53203773499, 25.2996959686, 13.8359947205, 28.7922134399, 46.1400337219]],
        "icov": [[0.000473020423669, -0.000104909697257, -0.000146154779941, 0.000405404163757, 5.96678182774e-05, 0.000278052524664, -0.000326055655023, 0.000430689164205, 0.0003309326421, -0.000254478683928, -6.06305002293e-05, -7.11052825864e-06, -0.000552041165065], [-0.000104909697257, 0.00476372474805, -0.000763041723985, -0.00310499849729, 0.00268224719912, 3.79267794415e-06, -0.0032172491774, 0.000484676420456, 0.000266189250397, -0.00128868536558, 0.00267130252905, -0.00134226598311, 0.0023696902208], [-0.000146154779941, -0.000763041723985, 0.00597615586594, -0.00178941618651, -0.00535009615123, -0.000821928610094, -0.000148287697812, 0.00316753610969, 0.000778372923378, -0.000847078743391, 0.00196423870511, -0.000455245666672, 0.000407116807764], [0.000405404163757, -0.00310499849729, -0.00178941618651, 0.00947692990303, -0.00503118475899, -0.000769805861637, 0.0014840188669, 0.00230896868743, -0.00243985140696, 0.00265262019821, -0.00250444398262, 0.00362511887215, -0.00229753600433], [5.96678182774e-05, 0.00268224719912, -0.00535009615123, -0.00503118475899, 0.013814503327, -0.00139558536466, -0.00241116015241, -0.00279665878043, 0.00250866496935, 0.00187397492118, 0.000502374954522, -0.00169111823197, 0.00228429283015], [0.000278052524664, 3.79267794415e-06, -0.000821928610094, -0.000769805861637, -0.00139558536466, 0.0187926609069, -0.00668795919046, -0.0014103417052, -0.000880469568074, -0.00183205085341, 0.00247370102443, 0.00418415712193, 0.000388107000617], [-0.000326055655023, -0.0032172491774, -0.000148287697812, 0.0014840188669, -0.00241116015241, -0.00668795919046, 0.0234299115837, -0.00769866118208, -0.00219229562208, 0.000705015612766, 0.000989843858406, -0.00435018260032, -0.00221938593313], [0.000430689164205, 0.000484676420456, 0.00316753610969, 0.00230896868743, -0.00279665878043, -0.0014103417052, -0.00769866118208, 0.0197635143995, -0.00191590853501, -0.00193817296531, -0.00338917970657, 0.00406144978479, 0.00186858465895], [0.0003309326421, 0.000266189250397, 0.000778372923378, -0.00243985140696, 0.00250866496935, -0.000880469568074, -0.00219229562208, -0.00191590853501, 0.0205370225012, -0.00954431481659, 0.00357825821266, -0.00236066267826, 0.00439467187971], [-0.000254478683928, -0.00128868536558, -0.000847078743391, 0.00265262019821, 0.00187397492118, -0.00183205085341, 0.000705015612766, -0.00193817296531, -0.00954431481659, 0.027519967407, -0.00559529522434, 0.0037181742955, -0.0107795456424], [-6.06305002293e-05, 0.00267130252905, 0.00196423870511, -0.00250444398262, 0.000502374954522, 0.00247370102443, 0.000989843858406, -0.00338917970657, 0.00357825821266, -0.00559529522434, 0.0277893040329, -0.00881732720882, 0.004736490082], [-7.11052825864e-06, -0.00134226598311, -0.000455245666672, 0.00362511887215, -0.00169111823197, 0.00418415712193, -0.00435018260032, 0.00406144978479, -0.00236066267826, 0.0037181742955, -0.00881732720882, 0.0277943387628, -0.0139810871333], [-0.000552041165065, 0.0023696902208, 0.000407116807764, -0.00229753600433, 0.00228429283015, 0.000388107000617, -0.00221938593313, 0.00186858465895, 0.00439467187971, -0.0107795456424, 0.004736490082, -0.0139810871333, 0.0381801389158]]
    },
    "spectral_contrast_coeffs": {
        "max": [-0.433648556471, -0.514001131058, -0.576964616776, -0.704859614372, -0.689400494099, -0.654266774654],
        "mean": [-0.664444506168, -0.727405369282, -0.774721443653, -0.825833082199, -0.787315189838, -0.775252878666],
        "min": [-0.927003204823, -0.882424354553, -0.88360452652, -0.899192929268, -0.851072311401, -0.899751067162],
        "stdev": [0.0797378197312, 0.0715984329581, 0.0524181313813, 0.0292540397495, 0.0254506971687, 0.0291199535131]
    },
    "spectral_contrast_valleys": {
        "max": [-6.67535305023, -5.82343673706, -4.82324171066, -5.69151210785, -6.39564609528, -8.56530380249],
        "mean": [-10.2553319931, -7.40535259247, -6.62809419632, -7.16240215302, -7.74454021454, -10.8457689285],
        "min": [-12.6240501404, -8.96450138092, -8.28761482239, -8.43461227417, -9.21309947968, -12.2043161392],
        "stdev": [1.03969073296, 0.584861457348, 0.984089493752, 0.702378153801, 0.596375107765, 0.586743950844]
    }
},
"rhythm": {
    "beats_count": 19,
    "beats_loudness": {
        "max": 0.0637536123395,
        "mean": 0.016088463366,
        "min": 0.000592805386987,
        "stdev": 0.0181320365518
    },
    "bpm": 94.8367385864,
    "bpm_histogram_first_peak_bpm": 94,
    "bpm_histogram_first_peak_weight": 0.444444417953,
    "bpm_histogram_second_peak_bpm": 0,
    "bpm_histogram_second_peak_spread": 0,
    "bpm_histogram_second_peak_weight": 0,
    "danceability": 0.629568219185,
    "onset_rate": 1.80259752274,
    "beats_loudness_band_ratio": {
        "max": [0.142197310925, 0.516807377338, 0.760515391827, 0.794635534286, 0.380990028381, 0.0877165049314],
        "mean": [0.0245525799692, 0.10420563817, 0.305872917175, 0.396118074656, 0.181774258614, 0.0342045389116],
        "min": [3.75504419026e-06, 0.000218625442358, 0.0799062922597, 0.0573792010546, 0.028221828863, 0.00462596770376],
        "stdev": [0.0462403446436, 0.156609728932, 0.157566681504, 0.21487121284, 0.110781088471, 0.0246494542807]
    },
    "beats_position": [0.615328788757, 1.24226760864, 1.8575963974, 2.48453521729, 3.11147379875, 3.73841261864, 4.3653512001, 4.99229001999, 5.61922883987, 6.25777769089, 6.8963265419, 7.53487491608, 8.17342376709, 8.8119726181, 9.45052146912, 10.0890703201, 10.7276191711, 11.3661680222, 12.0047159195],
