{
"metadata": {
    "version": {
        "essentia": "2.1-beta5",
        "essentia_git_sha": "Undefined",
        "extractor": "music 2.0"
    },
    "audio_properties": {
        "analysis": {
            "equal_loudness": 0,
            "length": 65.0042648315,
            "sample_rate": 44100,
            "start_time": 61.4980506897,
            "downmix": "mix"
        },
        "bit_rate": 192000,
        "length": 190.844818115,
        "lossless": 0,
        "number_channels": 2,
        "replay_gain": -8.04060935974,
        "sample_rate": 48000,
        "codec": "mp3",
        "md5_encoded": "1ac17c4488be72ba5662a93c9d8e01ad"
    },
    "tags": {
        "file_name": "Spain_Baila El Chiki Chiki_Rodolfo Chikilicuatre.mp3",
        "encoding": ["Lavf58.29.100"]
    }
},
"lowlevel": {
    "average_loudness": 0.948929011822,
    "barkbands_crest": {
        "max": 26.3089923859,
        "mean": 13.4999275208,
        "min": 2.21403098106,
        "stdev": 6.46306705475
    },
    "barkbands_flatness_db": {
        "max": 0.318234920502,
        "mean": 0.139055997133,
        "min": 0.0184651240706,
        "stdev": 0.063086271286
    },
    "barkbands_kurtosis": {
        "max": 158.775817871,
        "mean": 8.57717895508,
        "min": -1.90020310879,
        "stdev": 18.7103538513
    },
    "barkbands_skewness": {
        "max": 11.4306344986,
        "mean": 1.97447919846,
        "min": -3.32229137421,
        "stdev": 2.16095757484
    },
    "barkbands_spread": {
        "max": 91.4415588379,
        "mean": 26.1130905151,
        "min": 1.28273105621,
        "stdev": 15.1084947586
    },
    "dissonance": {
        "max": 0.500000059605,
        "mean": 0.472947895527,
        "min": 0.310535132885,
        "stdev": 0.0275068208575
    },
    "dynamic_complexity": 3.52063250542,
    "erbbands_crest": {
        "max": 29.145324707,
        "mean": 8.38254165649,
        "min": 2.28600382805,
        "stdev": 4.25393486023
    },
    "erbbands_flatness_db": {
        "max": 0.369165420532,
        "mean": 0.141449689865,
        "min": 0.0565113052726,
        "stdev": 0.053100194782
    },
    "erbbands_kurtosis": {
        "max": 36.5027275085,
        "mean": 0.665006518364,
        "min": -1.71936547756,
        "stdev": 2.83180427551
    },
    "erbbands_skewness": {
        "max": 2.87095189095,
        "mean": -0.338553279638,
        "min": -5.60553646088,
        "stdev": 0.856663227081
    },
    "erbbands_spread": {
        "max": 124.250114441,
        "mean": 42.1502037048,
        "min": 3.11111450195,
        "stdev": 21.0426120758
    },
    "hfc": {
        "max": 124.439476013,
        "mean": 18.2549304962,
        "min": 0.0204806234688,
        "stdev": 19.4245262146
    },
    "loudness_ebu128": {
        "integrated": -16.3489208221,
        "loudness_range": 2.24432945251,
        "momentary": {
            "max": -12.9257984161,
            "mean": -16.6859607697,
            "min": -32.6923904419,
            "stdev": 1.8811852932
        },
        "short_term": {
            "max": -14.5965518951,
            "mean": -16.4233894348,
            "min": -19.0560665131,
            "stdev": 0.793457627296
        }
    },
    "melbands_crest": {
        "max": 36.6388664246,
        "mean": 19.8833751678,
        "min": 2.82903385162,
        "stdev": 8.89660739899
    },
    "melbands_flatness_db": {
        "max": 0.433069646358,
        "mean": 0.205507054925,
        "min": 0.0191705655307,
        "stdev": 0.0863916575909
    },
    "melbands_kurtosis": {
        "max": 502.789245605,
        "mean": 31.4921169281,
        "min": -1.83805990219,
        "stdev": 56.1088676453
    },
    "melbands_skewness": {
        "max": 19.8315010071,
        "mean": 3.82461977005,
        "min": -2.56295394897,
        "stdev": 3.34792256355
    },
    "melbands_spread": {
        "max": 226.850357056,
        "mean": 28.196844101,
        "min": 0.784904122353,
        "stdev": 23.5838565826
    },
    "pitch_salience": {
        "max": 0.891760826111,
        "mean": 0.465015888214,
        "min": 0.0568304397166,
        "stdev": 0.195313066244
    },
    "silence_rate_20dB": {
        "max": 1,
        "mean": 1,
        "min": 1,
        "stdev": 0
    },
    "silence_rate_30dB": {
        "max": 1,
        "mean": 0.9914316535,
        "min": 0,
        "stdev": 0.0921667516232
    },
    "silence_rate_60dB": {
        "max": 1,
        "mean": 0.162441983819,
        "min": 0,
        "stdev": 0.368858397007
    },
    "spectral_centroid": {
        "max": 4661.71728516,
        "mean": 1829.1439209,
        "min": 246.817016602,
        "stdev": 612.504211426
    },
    "spectral_complexity": {
        "max": 56,
        "mean": 14.0053548813,
        "min": 0,
        "stdev": 10.1325550079
    },
    "spectral_decrease": {
        "max": -5.28372658126e-12,
        "mean": -7.52646034385e-09,
        "min": -3.76337325747e-08,
        "stdev": 6.93471635671e-09
    },
    "spectral_energy": {
        "max": 0.148625865579,
        "mean": 0.0300623830408,
        "min": 2.17996985157e-05,
        "stdev": 0.0273576434702
    },
    "spectral_energyband_high": {
        "max": 0.0104707293212,
        "mean": 0.000651918468066,
        "min": 9.37304434956e-07,
        "stdev": 0.000998319243081
    },
    "spectral_energyband_low": {
        "max": 0.101697675884,
        "mean": 0.0178788695484,
        "min": 3.57636650961e-07,
        "stdev": 0.0206393692642
    },
    "spectral_energyband_middle_high": {
        "max": 0.0452872738242,
        "mean": 0.00497561506927,
        "min": 4.14879741584e-06,
        "stdev": 0.00660144491121
    },
    "spectral_energyband_middle_low": {
        "max": 0.0874822512269,
        "mean": 0.00706645613536,
        "min": 1.18035686683e-05,
        "stdev": 0.0111129665747
    },
    "spectral_entropy": {
        "max": 8.7706193924,
        "mean": 7.78396511078,
        "min": 6.44284486771,
        "stdev": 0.39907336235
    },
    "spectral_flux": {
        "max": 0.341922968626,
        "mean": 0.0996602699161,
        "min": 0.00562320463359,
        "stdev": 0.0689247697592
    },
    "spectral_kurtosis": {
        "max": 40.8711204529,
        "mean": 4.7907743454,
        "min": -0.954422950745,
        "stdev": 3.37858605385
    },
    "spectral_rms": {
        "max": 0.0120416292921,
        "mean": 0.00474024703726,
        "min": 0.000145835525473,
        "stdev": 0.00261900713667
    },
    "spectral_rolloff": {
        "max": 11175.7324219,
        "mean": 1688.75939941,
        "min": 64.599609375,
        "stdev": 1634.55151367
    },
    "spectral_skewness": {
        "max": 4.18529462814,
        "mean": 1.53934502602,
        "min": 0.278080135584,
        "stdev": 0.384506881237
    },
    "spectral_spread": {
        "max": 16026519,
        "mean": 4799306.5,
        "min": 1322417,
        "stdev": 1522549
    },
    "spectral_strongpeak": {
        "max": 10.7603063583,
        "mean": 0.558085799217,
        "min": 0,
        "stdev": 0.825809836388
    },
    "zerocrossingrate": {
        "max": 0.3369140625,
        "mean": 0.0650590732694,
        "min": 0.0029296875,
        "stdev": 0.0428779944777
    },
    "barkbands": {
        "max": [0.00932651106268, 0.0986619964242, 0.03223111853, 0.0222753845155, 0.0740226283669, 0.0309776999056, 0.0201393887401, 0.0673179402947, 0.0495189018548, 0.027342133224, 0.0203989744186, 0.0201912242919, 0.0295361950994, 0.0194298289716, 0.0166044887155, 0.0184090528637, 0.0224599316716, 0.0146170333028, 0.00611810246482, 0.00608997279778, 0.00283006578684, 0.00349271669984, 0.00207654596306, 0.00378586910665, 0.00366435083561, 0.00110220303759, 3.58246688847e-05],
        "mean": [0.00121936935466, 0.0150255504996, 0.00125508720521, 0.000867477385327, 0.00252902903594, 0.000664736086037, 0.000499829708133, 0.00122124759946, 0.00103839556687, 0.000717067858204, 0.000308866088744, 0.000394888920709, 0.0004192381748, 0.000485332042444, 0.000458058348158, 0.000470194034278, 0.000687723397277, 0.00069981609704, 0.000298782484606, 0.000239775865339, 0.000108251282654, 0.000106454281195, 0.000112281522888, 8.95305420272e-05, 9.38969969866e-05, 4.96081156598e-05, 1.89457227862e-06],
        "min": [1.57264937184e-10, 2.73614801927e-07, 3.29362315199e-08, 6.12313488801e-09, 3.53676085751e-07, 1.71249865843e-07, 7.53731455916e-07, 4.0687712044e-07, 3.99074735924e-07, 1.88858479078e-07, 4.77624482187e-08, 1.37774264886e-07, 3.50134115479e-07, 6.60168950617e-07, 2.59866396846e-07, 3.76190655516e-07, 1.78252037131e-07, 1.46737431805e-06, 4.36186780917e-07, 2.02003491268e-07, 1.24437747218e-07, 3.25455118855e-07, 7.01445443951e-08, 3.15852517474e-08, 2.22231371083e-08, 6.04532157666e-09, 2.7848386791e-11],
        "stdev": [0.00182173098437, 0.0185144711286, 0.00364889181219, 0.00181664747652, 0.0073690074496, 0.00175671034958, 0.00139794358984, 0.00370655022562, 0.00306890672073, 0.00213986262679, 0.00097894796636, 0.00131004839204, 0.00138989824336, 0.00146105105523, 0.00118911010213, 0.00118777691387, 0.00146861118264, 0.00133152713533, 0.000519375898875, 0.000418060924858, 0.000173237043782, 0.00020074074564, 0.000202532130061, 0.000172051484697, 0.000206584649277, 0.000109586078906, 3.35891536452e-06]
    },
    "erbbands": {
        "max": [4.71097803116, 18.7962760925, 34.6361579895, 58.3703460693, 104.179588318, 386.391113281, 226.203964233, 346.731903076, 370.224609375, 583.164245605, 1449.8425293, 1081.93762207, 1026.12512207, 864.174560547, 818.083496094, 975.469299316, 1473.53857422, 1130.17126465, 998.346435547, 1093.4777832, 818.624389648, 1478.19812012, 786.683288574, 287.276397705, 407.479125977, 248.118743896, 95.6614608765, 145.368148804, 129.633514404, 72.2505264282, 57.2357330322, 60.4780006409, 65.8079528809, 47.4311637878, 24.9918689728, 6.14040184021, 1.86119019985, 0.101917855442, 0.00924245547503, 0.000255822873442],
        "mean": [0.68040138483, 2.36320114136, 1.79646110535, 2.29290294647, 4.75502252579, 11.2071075439, 6.04093551636, 5.59784460068, 5.86463832855, 15.0680570602, 27.354845047, 23.219291687, 24.6469249725, 17.4022274017, 14.5519695282, 15.9034481049, 19.0683307648, 23.4617443085, 25.5388317108, 25.0049724579, 27.1182308197, 39.6774673462, 42.9335632324, 18.7958469391, 16.0900554657, 10.419254303, 5.32414865494, 4.17280435562, 3.44756627083, 3.91416215897, 3.05345892906, 1.95913398266, 1.45251429081, 1.01334214211, 0.704206764698, 0.310119271278, 0.0704386085272, 0.00605863286182, 0.000444736331701, 4.88912010042e-05],
        "min": [5.1776487453e-06, 3.56893870048e-05, 5.5650350987e-05, 3.84810373362e-05, 0.000447509723017, 0.00124060316011, 0.000777440611273, 0.00197388534434, 0.0106436042115, 0.00641940487549, 0.012500631623, 0.00921363290399, 0.00537507049739, 0.00493462570012, 0.0014731567353, 0.006709120702, 0.0133154969662, 0.0341821424663, 0.0178991891444, 0.0186971630901, 0.0183279234916, 0.0147887393832, 0.0666176527739, 0.0522930622101, 0.0147347925231, 0.0101326359436, 0.00450382102281, 0.00863294303417, 0.00970435142517, 0.00770326284692, 0.00174928235356, 0.00107331213076, 0.000292537704809, 0.000198260342586, 0.000159101196914, 5.13592785865e-05, 7.47225340092e-06, 5.75793649205e-07, 7.32945935056e-08, 1.05480843615e-07],
        "stdev": [0.903677999973, 3.07816410065, 4.33925771713, 4.73343992233, 8.63381385803, 38.302116394, 17.1537075043, 16.5997180939, 15.8212690353, 40.1784439087, 88.6394195557, 67.5691680908, 71.5681762695, 49.0458488464, 42.6367340088, 54.5305252075, 61.5385742188, 66.8143920898, 64.9927520752, 65.6584777832, 61.1308898926, 80.2641601562, 80.6000671387, 29.7446517944, 28.784034729, 18.621137619, 8.49922657013, 7.36532020569, 6.46743202209, 7.29642629623, 5.44316196442, 3.57103466988, 3.00056886673, 2.13952469826, 1.66963875294, 0.697966456413, 0.163287684321, 0.0110037308186, 0.000732965709176, 4.32041051681e-05]
    },
    "gfcc": {
        "mean": [-17.4294624329, 65.7988128662, -116.205841064, 37.961353302, -44.2124862671, 17.7587089539, -36.5258636475, 23.6992454529, -20.7156295776, 3.89212942123, -15.8611431122, 4.2230219841, -10.4636220932],
        "cov": [[4653.51757812, 105.387031555, 565.184692383, 237.211654663, 141.707839966, 108.566360474, 120.530578613, 129.29284668, 80.1022338867, 65.5954437256, -33.146900177, 6.81014347076, 0.0167543254793], [105.387031555, 813.09588623, 3.77250337601, -66.8065032959, 292.771331787, 35.3876533508, 258.135406494, 161.710083008, 222.946365356, 41.1704368591, 156.342147827, -24.273431778, 57.9584274292], [565.184692383, 3.77250337601, 890.428771973, 419.96307373, 158.46963501, 273.951690674, 147.291168213, -0.388167232275, 57.4057197571, 113.569160461, -30.9762783051, 117.755256653, 46.939666748], [237.211654663, -66.8065032959, 419.96307373, 500.862976074, 189.514129639, 141.283035278, 64.4619216919, 56.2493629456, 77.9644699097, 66.7316741943, -7.80554389954, 56.6056175232, 65.0646972656], [141.707839966, 292.771331787, 158.46963501, 189.514129639, 470.012451172, 124.507095337, 204.500854492, 168.834091187, 208.533126831, 61.7553253174, 83.7849349976, 19.4949512482, 54.9979286194], [108.566360474, 35.3876533508, 273.951690674, 141.283035278, 124.507095337, 337.34085083, 189.392837524, 54.583240509, 44.8651885986, 71.4680252075, 15.8894939423, 13.8101091385, 12.0266962051], [120.530578613, 258.135406494, 147.291168213, 64.4619216919, 204.500854492, 189.392837524, 408.435089111, 176.550933838, 135.192764282, 78.9124984741, 113.924285889, 12.3518419266, 41.7537460327], [129.29284668, 161.710083008, -0.388167232275, 56.2493629456, 168.834091187, 54.583240509, 176.550933838, 238.096633911, 137.081558228, 39.5062141418, 56.4727020264, -14.8667707443, 20.0967140198], [80.1022338867, 222.946365356, 57.4057197571, 77.9644699097, 208.533126831, 44.8651885986, 135.192764282, 137.081558228, 227.873321533, 67.9826202393, 73.4912185669, 1.08282530308, 51.5387001038], [65.5954437256, 41.1704368591, 113.569160461, 66.7316741943, 61.7553253174, 71.4680252075, 78.9124984741, 39.5062141418, 67.9826202393, 102.87890625, 37.933883667, 16.4964599609, 17.9593868256], [-33.146900177, 156.342147827, -30.9762783051, -7.80554389954, 83.7849349976, 15.8894939423, 113.924285889, 56.4727020264, 73.4912185669, 37.933883667, 141.845932007, 21.4596729279, 46.8458442688], [6.81014347076, -24.273431778, 117.755256653, 56.6056175232, 19.4949512482, 13.8101091385, 12.3518419266, -14.8667707443, 1.08282530308, 16.4964599609, 21.4596729279, 106.888137817, 39.811580658], [0.0167543254793, 57.9584274292, 46.939666748, 65.0646972656, 54.9979286194, 12.0266962051, 41.7537460327, 20.0967140198, 51.5387001038, 17.9593868256, 46.8458442688, 39.811580658, 102.807189941]],
        "icov": [[0.000243007540121, -9.88593728835e-06, -0.000236215841142, 4.71454877697e-05, -5.80331834499e-06, 9.7521013231e-05, 2.98072591249e-05, -0.000198336361791, 4.8016612709e-05, 3.61913635061e-06, 1.28521487568e-05, 0.000169163802639, 5.84091230849e-06], [-9.88593728835e-06, 0.00249278871343, -0.000629579124507, 0.00114511989523, -0.000995881622657, 0.00050577300135, -0.000683264574036, 0.000167362915818, -0.00126596551854, 0.00091886165319, -0.0014289279934, 0.00120350415818, -0.000465031334898], [-0.000236215841142, -0.000629579124507, 0.00328789930791, -0.00209420267493, 0.000325495464494, -0.00125958421268, -0.000717219372746, 0.00128876825329, -0.00013873745047, -0.00142661726568, 0.00188464403618, -0.00269072013907, 0.000693710171618], [4.71454877697e-05, 0.00114511989523, -0.00209420267493, 0.00472593680024, -0.00164894806221, -7.42994529901e-07, 0.000810273108073, -0.00107199291233, 4.42844720965e-05, -0.000234175182413, -6.48767672828e-05, 0.00101022131275, -0.00226061395369], [-5.80331834499e-06, -0.000995881622657, 0.000325495464494, -0.00164894806221, 0.00499438960105, -0.000882766791619, -0.000302207423374, -0.000709136656951, -0.00278850411996, 0.00117773469537, -0.000246454583248, -0.000987086794339, 0.000835954386275], [9.7521013231e-05, 0.00050577300135, -0.00125958421268, -7.42994529901e-07, -0.000882766791619, 0.00569842848927, -0.00250220461749, 0.000416617724113, 0.000990532920696, -0.00165446056053, 0.00063800427597, 0.00138751394115, -4.73167710879e-06], [2.98072591249e-05, -0.000683264574036, -0.000717219372746, 0.000810273108073, -0.000302207423374, -0.00250220461749, 0.00647555850446, -0.00332314311527, 0.00066113716457, -0.000598022365011, -0.0028771085199, 0.000146370803122, -0.000298762461171], [-0.000198336361791, 0.000167362915818, 0.00128876825329, -0.00107199291233, -0.000709136656951, 0.000416617724113, -0.00332314311527, 0.00906765926629, -0.00358894374222, 0.000376816431526, 0.000745881698094, 0.000309287308482, 0.00117714749649], [4.8016612709e-05, -0.00126596551854, -0.00013873745047, 4.42844720965e-05, -0.00278850411996, 0.000990532920696, 0.00066113716457, -0.00358894374222, 0.0120513821021, -0.00511018047109, -0.00028724654112, 0.00150086020585, -0.00304121291265], [3.61913635061e-06, 0.00091886165319, -0.00142661726568, -0.000234175182413, 0.00117773469537, -0.00165446056053, -0.000598022365011, 0.000376816431526, -0.00511018047109, 0.0163538325578, -0.00370015157387, -0.000266585644567, 0.0015084980987], [1.28521487568e-05, -0.0014289279934, 0.00188464403618, -6.48767672828e-05, -0.000246454583248, 0.00063800427597, -0.0028771085199, 0.000745881698094, -0.00028724654112, -0.00370015157387, 0.0137935401872, -0.0029379921034, -0.00329111819156], [0.000169163802639, 0.00120350415818, -0.00269072013907, 0.00101022131275, -0.000987086794339, 0.00138751394115, 0.000146370803122, 0.000309287308482, 0.00150086020585, -0.000266585644567, -0.0029379921034, 0.0144852893427, -0.00481994682923], [5.84091230849e-06, -0.000465031334898, 0.000693710171618, -0.00226061395369, 0.000835954386275, -4.73167710879e-06, -0.000298762461171, 0.00117714749649, -0.00304121291265, 0.0015084980987, -0.00329111819156, -0.00481994682923, 0.0151748936623]]
    },
    "melbands": {
        "max": [0.0309911854565, 0.0149734988809, 0.00900414492935, 0.0162890534848, 0.00884931534529, 0.00683897500858, 0.00477519771084, 0.00727372942492, 0.0117897409946, 0.00668657524511, 0.00506676407531, 0.00384319596924, 0.00336662679911, 0.00253816577606, 0.00391109474003, 0.00355686969124, 0.00212399079464, 0.00151356030256, 0.00142979621887, 0.00158557505347, 0.000967798638158, 0.00144337664824, 0.000952931935899, 0.000674038368743, 0.000271665252512, 0.000327535584802, 0.000315876648529, 0.000178314003279, 9.72392954282e-05, 7.34181958251e-05, 8.6368941993e-05, 8.62698216224e-05, 4.87662036903e-05, 4.76740206068e-05, 3.78400727641e-05, 4.25100733992e-05, 3.6331704905e-05, 4.1754115955e-05, 5.46929804841e-05, 3.59830337402e-05],
        "mean": [0.00497374031693, 0.00156286207493, 0.000455439992948, 0.000584584893659, 0.000278386345599, 0.000124019672512, 9.27804358071e-05, 0.0001911525178, 0.000218852568651, 0.000144212564919, 0.000122966914205, 7.2781527706e-05, 4.46981175628e-05, 4.41708943981e-05, 3.87059226341e-05, 4.53566608485e-05, 4.31842345279e-05, 4.2087482143e-05, 3.4893531847e-05, 3.1517491152e-05, 3.18103229802e-05, 3.82590624213e-05, 4.88215118821e-05, 2.88325427391e-05, 1.35210257213e-05, 1.11383824333e-05, 1.12194302346e-05, 5.8804857872e-06, 3.56146324521e-06, 2.38829488808e-06, 2.42620603785e-06, 2.0149818738e-06, 1.8830243107e-06, 2.25359190154e-06, 1.85211661119e-06, 1.41991552027e-06, 1.13723581308e-06, 9.86418058346e-07, 9.99223289e-07, 8.11845268345e-07],
        "min": [5.67809408381e-08, 3.11605212744e-08, 1.65785483119e-08, 8.0033721872e-08, 2.97676834293e-08, 4.24319992476e-08, 1.54495808147e-07, 6.28250731438e-08, 1.10241479945e-07, 4.9741096575e-08, 2.54767034136e-08, 2.07676933428e-08, 4.855375213e-09, 1.10189759539e-08, 2.05051833291e-08, 4.23585326814e-08, 6.77042208963e-08, 3.18150235046e-08, 2.17707611938e-08, 2.52558507441e-08, 1.9721790423e-08, 1.06945217127e-08, 3.02544904685e-08, 8.39711020717e-08, 3.85670659853e-08, 9.61658486176e-09, 6.75445033238e-09, 7.12280989745e-09, 3.33731930979e-09, 2.67626232286e-09, 4.8726445101e-09, 4.53832127434e-09, 6.14278006239e-09, 2.5645774393e-09, 6.47041309421e-10, 7.22108650653e-10, 5.42035305529e-10, 2.01947694678e-10, 1.50411377797e-10, 1.47393749983e-10],
        "stdev": [0.00625737430528, 0.00240193423815, 0.000840655702632, 0.00166961236391, 0.000838007952552, 0.000352496572305, 0.00024303579994, 0.000517516047694, 0.000717800634447, 0.000427242775913, 0.000365707004676, 0.000221553971642, 0.000143249955727, 0.000145500409417, 0.000140514312079, 0.000152724867803, 0.000134080386488, 0.000119446791359, 9.18191726669e-05, 8.64268076839e-05, 7.63536372688e-05, 8.31883735373e-05, 9.40083991736e-05, 5.78297731408e-05, 2.28062763199e-05, 2.11507576751e-05, 2.06710283237e-05, 1.20706581583e-05, 6.34066645944e-06, 3.97505982619e-06, 4.59341890746e-06, 3.94112839786e-06, 3.53616883331e-06, 4.27143959314e-06, 3.39196412824e-06, 2.67586187874e-06, 2.13654948311e-06, 2.12471763916e-06, 2.20197739509e-06, 1.77693539172e-06]
    },
    "melbands128": {
        "max": [0.00915683805943, 0.0459762588143, 0.0477137118578, 0.0278407465667, 0.0193057078868, 0.0143274366856, 0.0137211335823, 0.00990139693022, 0.0132828950882, 0.0188179500401, 0.0274640191346, 0.0133818238974, 0.00806350819767, 0.0101775461808, 0.0120680769905, 0.00973990466446, 0.0097903739661, 0.00467898137867, 0.00707151042297, 0.0109443664551, 0.0126939229667, 0.0274560842663, 0.0202615857124, 0.0180962644517, 0.00937638618052, 0.00904250796884, 0.0143397115171, 0.00860456191003, 0.00759769789875, 0.00790476612747, 0.00464480090886, 0.00270101497881, 0.00696486420929, 0.00329630076885, 0.00311996997334, 0.00553468707949, 0.00496932445094, 0.00674644066021, 0.00376816606149, 0.0066129360348, 0.00397367961705, 0.00273439241573, 0.00445450888947, 0.00482023134828, 0.00337722734548, 0.00285431509838, 0.0027432248462, 0.00176861241926, 0.00273821712472, 0.00409052148461, 0.00170406908728, 0.00158801535144, 0.00209993729368, 0.00196649855934, 0.0021526501514, 0.00135166652035, 0.00400101253763, 0.00186910119373, 0.00223984010518, 0.00175765936729, 0.00118221063167, 0.000686542014591, 0.000532759760972, 0.000424306927016, 0.000558565661777, 0.000438927760115, 0.000715043104719, 0.00041561233229, 0.000340028956998, 0.000331871357048, 0.000358633755241, 0.000385780149372, 0.000177292968147, 0.000166956233443, 7.75815933594e-05, 5.60425360163e-05, 8.98607540876e-05, 0.000130037995405, 0.000117575320473, 0.000117129755381, 9.35382558964e-05, 7.2420698416e-05, 5.5650863942e-05, 6.03615262662e-05, 5.2833915106e-05, 5.79117549933e-05, 7.39209936e-05, 4.76120876556e-05, 4.89679441671e-05, 4.38370771008e-05, 4.10770953749e-05, 5.17195912835e-05, 3.45061926055e-05, 3.60679259757e-05, 3.84929553547e-05, 8.3854640252e-05, 4.52862077509e-05, 4.65240736958e-05, 8.25482129585e-05, 4.92543549626e-05, 4.06568178732e-05, 2.60067645286e-05, 4.72429928777e-05, 2.87852235488e-05, 3.57144090231e-05, 2.1645999368e-05, 1.75509048859e-05, 1.52879001689e-05, 1.13971482278e-05, 1.56010064529e-05, 1.87818222912e-05, 1.69451632246e-05, 4.28413295595e-06, 2.22891594603e-06, 2.73862724498e-06, 1.64308698913e-06, 5.68970108361e-07, 4.85512202886e-07, 4.97309372349e-07, 5.29919191194e-07, 4.23219375989e-07, 1.79860208505e-07, 1.46156239111e-07, 5.79355807773e-09, 5.64865842989e-09, 5.55391954649e-09, 5.47963274755e-09, 5.43463718472e-09],
        "mean": [0.00117493607104, 0.00618861382827, 0.00643559126183, 0.00303301494569, 0.00106242462061, 0.000574707926717, 0.000443279539468, 0.000439780822489, 0.000420025753556, 0.000626583467238, 0.000740998366382, 0.000353109702701, 0.000170783983776, 0.000148740393342, 0.00013002223568, 0.000112218214781, 8.47802148201e-05, 8.21376524982e-05, 0.000107309737359, 0.000159033879754, 0.000245288480073, 0.000262590212515, 0.000226654607104, 0.000161758085596, 0.000141207725392, 0.000137980139698, 0.000142553559272, 0.000122552737594, 0.000108273838123, 9.14436532184e-05, 5.86790156376e-05, 3.7113099097e-05, 4.18429553974e-05, 5.30271900061e-05, 4.55941371911e-05, 3.95567367377e-05, 4.43998833362e-05, 3.97602416342e-05, 3.21055667882e-05, 4.43098178948e-05, 5.00823516631e-05, 4.42965356342e-05, 4.02899240726e-05, 4.40624862676e-05, 4.83426811115e-05, 4.15079703089e-05, 3.55009469786e-05, 3.47728419001e-05, 3.43927313224e-05, 3.4214288462e-05, 3.16193290928e-05, 2.7738564313e-05, 3.10824070766e-05, 3.29031281581e-05, 3.54812618752e-05, 3.58867000614e-05, 4.20785727329e-05, 5.22292066307e-05, 5.22632144566e-05, 4.1921477532e-05, 2.79159867205e-05, 1.90421724255e-05, 1.59528281074e-05, 1.13246114779e-05, 1.0563797332e-05, 1.01024998003e-05, 1.2317814253e-05, 1.32813884193e-05, 1.11732533696e-05, 7.90973899711e-06, 5.891634828e-06, 5.07068625666e-06, 4.01366696678e-06, 3.41356258104e-06, 2.87291140921e-06, 2.19333878704e-06, 2.26598490372e-06, 2.53155189966e-06, 2.47489879257e-06, 2.30499608733e-06, 2.28106796385e-06, 1.81099210295e-06, 1.42735859754e-06, 1.79075425422e-06, 2.3749482807e-06, 2.29068677982e-06, 2.2174726837e-06, 2.30566956816e-06, 1.76693060894e-06, 1.55636905674e-06, 1.61138041221e-06, 1.47928426486e-06, 9.74965814748e-07, 1.14504325666e-06, 1.25015503727e-06, 9.22329775221e-07, 9.38412540563e-07, 9.97444544737e-07, 1.13964426873e-06, 9.47565126808e-07, 7.39024983432e-07, 7.03962314219e-07, 1.0098860912e-06, 9.1404564273e-07, 8.01489534297e-07, 8.0331250274e-07, 5.38713891274e-07, 6.15011515492e-07, 5.06485719143e-07, 5.06370383846e-07, 4.75301192182e-07, 3.83345792443e-07, 1.18596780396e-07, 6.99706035334e-08, 7.82648683639e-08, 5.75949208326e-08, 2.65523407705e-08, 1.323264609e-08, 1.63265898578e-08, 1.26305366166e-08, 9.23449583468e-09, 5.45512657268e-09, 1.88625293163e-09, 4.71174349537e-11, 5.98999886151e-12, 5.83829642617e-12, 5.74158732711e-12, 5.69875743817e-12],
        "min": [1.04024122649e-10, 2.65818034251e-08, 3.59820262474e-08, 3.93763670559e-08, 2.33625883084e-08, 1.84313222462e-08, 2.67134003806e-09, 2.20501750192e-09, 3.97139885422e-08, 4.73722607808e-08, 4.94917351546e-08, 2.82732468548e-08, 2.36875710158e-08, 8.37097324791e-09, 2.63174086967e-08, 2.45827429524e-08, 7.29289979517e-08, 2.72933036172e-08, 8.91905642675e-08, 4.52714061794e-08, 4.27732231856e-08, 8.3617280211e-08, 9.89832003029e-08, 9.20234910495e-08, 6.06421082239e-08, 1.90680253809e-08, 1.86929938195e-08, 3.26333164935e-08, 2.44554438922e-08, 2.32222774343e-08, 2.22692975171e-08, 9.98474991576e-09, 2.46878295584e-09, 1.4698809947e-09, 4.83210360613e-09, 1.25805907913e-08, 2.34451373871e-08, 2.43536852906e-08, 1.59929367527e-08, 1.75747452147e-08, 5.5055341619e-08, 6.75619844515e-08, 6.47281339639e-08, 6.42983692956e-08, 5.1085567776e-08, 1.62583244645e-08, 1.85537398778e-08, 1.87880626612e-08, 2.24253682291e-08, 3.32077725318e-08, 2.23016360934e-08, 1.91528872762e-08, 3.45106663246e-08, 9.61958690482e-09, 9.38829991526e-09, 9.16516107452e-09, 1.58359618752e-08, 1.39737528215e-08, 3.9165811927e-08, 5.25972829735e-08, 1.13097691212e-07, 5.83449057956e-08, 6.0043525707e-08, 2.57266989934e-08, 3.56988394401e-09, 6.69745459092e-09, 1.82429698015e-08, 5.98888449943e-09, 3.70510599979e-09, 6.66165256291e-09, 7.31852711766e-09, 7.60494689445e-09, 6.97194391108e-09, 9.57453338835e-10, 1.59897284302e-09, 6.75790978732e-10, 2.93591617684e-09, 3.32084360011e-09, 2.96843771785e-09, 3.73489861261e-09, 1.98128380369e-09, 3.28634475188e-09, 2.59351762288e-09, 2.0880814855e-09, 6.52778275878e-09, 2.23602825145e-09, 1.62394009351e-09, 2.87151136202e-10, 3.30476979116e-10, 4.81532924645e-10, 6.46733111509e-10, 6.29040264322e-10, 5.15000708745e-10, 2.11575035269e-10, 3.21563609074e-10, 1.4710224705e-10, 1.7433340882e-10, 1.44581319139e-10, 1.53159915306e-10, 1.40286990358e-10, 8.79022757361e-11, 8.16793438441e-11, 1.36405955975e-10, 1.39436934221e-10, 1.21700788336e-10, 2.09946934837e-10, 1.12477610559e-10, 8.7014381811e-11, 4.41682211638e-11, 1.71009159524e-12, 2.94088646664e-13, 3.39045279482e-13, 2.69791524191e-12, 2.1583975926e-12, 3.30139669942e-12, 4.82945064148e-13, 1.31103962864e-13, 1.14538925761e-13, 8.87443127339e-14, 8.28372811426e-14, 7.57371392706e-14, 7.81228245072e-14, 8.10109832407e-14, 6.98921172673e-14, 5.49059766836e-14, 1.9990229971e-14, 3.56283614604e-15, 6.53522447103e-17],
        "stdev": [0.0017788753612, 0.00866621918976, 0.00827932823449, 0.00443826476112, 0.00265773991123, 0.00160824763589, 0.000999514362775, 0.000920073245652, 0.000787777651567, 0.00192535459064, 0.00273644039407, 0.00121428817511, 0.000538497581147, 0.000425782927778, 0.000469348044135, 0.000413410249166, 0.000329817994498, 0.000282022403553, 0.000380574754672, 0.000570406089537, 0.000845946138725, 0.00108261720743, 0.0010220996337, 0.00075477687642, 0.000582348380703, 0.000529862358235, 0.000640482932795, 0.000498989655171, 0.000451144820545, 0.000385093328077, 0.000222307717195, 0.000150251449668, 0.00022498992621, 0.000203904201044, 0.000199717862415, 0.00021362118423, 0.000225139054237, 0.000203836360015, 0.000154520515935, 0.000229344717809, 0.000217673150473, 0.00018834079674, 0.000189961181604, 0.000221602953388, 0.000200651003979, 0.000159302217071, 0.00014231663954, 0.000114558264613, 0.000142539909575, 0.000158170601935, 0.000107824816951, 9.62413323577e-05, 0.00010357525025, 0.00011594719399, 0.00011372660083, 9.58773598541e-05, 0.000137313458254, 0.000128270083223, 0.000136303890031, 0.000108767802885, 7.92213759269e-05, 4.45049809059e-05, 3.34397191182e-05, 2.37968561123e-05, 2.52503105003e-05, 2.20774109039e-05, 3.36615812557e-05, 2.94013298117e-05, 2.48170435952e-05, 1.96871296794e-05, 1.69626473507e-05, 1.53272067109e-05, 8.95720768312e-06, 7.1206618486e-06, 5.59126874577e-06, 4.17036744693e-06, 4.10127131545e-06, 5.60893204238e-06, 4.9021423365e-06, 5.27381052962e-06, 4.66228175355e-06, 3.7620832245e-06, 2.99839530271e-06, 3.55750034942e-06, 4.6381901484e-06, 4.90266074848e-06, 4.63655214844e-06, 4.72263855045e-06, 3.41263262271e-06, 2.9697177979e-06, 3.11630014949e-06, 3.2324383028e-06, 1.83166241641e-06, 2.22727794608e-06, 2.45807655119e-06, 2.5667745831e-06, 2.23554093282e-06, 2.28994554163e-06, 2.88223714051e-06, 2.12086433748e-06, 1.61815228239e-06, 1.56110911576e-06, 2.75890261037e-06, 2.17976980821e-06, 2.00324188881e-06, 2.04929642678e-06, 1.20552010685e-06, 1.47023206409e-06, 1.08920391995e-06, 1.30718342461e-06, 1.30159105538e-06, 1.14450961064e-06, 2.7260662705e-07, 1.72138314269e-07, 2.37994768781e-07, 1.35884178576e-07, 4.85919642301e-08, 3.01424591953e-08, 3.64240193562e-08, 3.04510727744e-08, 2.52035725623e-08, 1.43446996503e-08, 7.39628580604e-09, 2.98729097015e-10, 1.06864815608e-10, 1.05075996515e-10, 1.03673285234e-10, 1.02823298487e-10]
    },
    "mfcc": {
        "mean": [-662.297485352, 100.078018188, -7.84668302536, 26.2840385437, 15.8689031601, 1.59190821648, 3.31509113312, 13.3163709641, 4.09161329269, 5.8962264061, 3.99359464645, 1.02243995667, -1.92669487],
        "cov": [[4347.88232422, 4.31900119781, 325.837493896, 178.638656616, 117.000740051, 17.5289726257, 57.3184318542, 44.1031532288, 79.2497253418, 109.558952332, 13.8605861664, 0.889284670353, 2.46081233025], [4.31900119781, 841.03314209, -202.850585938, -18.1035556793, 60.3022155762, -26.8824920654, 100.298248291, 128.488555908, 97.8377456665, 123.807144165, 143.125274658, 103.120101929, 67.9532470703], [325.837493896, -202.850585938, 769.099487305, 184.491165161, 55.805847168, 294.739837646, 77.6752243042, 11.0651712418, 78.4865112305, -36.7271308899, -11.7566633224, 10.2610263824, 30.632144928], [178.638656616, -18.1035556793, 184.491165161, 391.170166016, 185.405029297, 82.6908874512, 36.4311904907, 76.2233352661, 110.961906433, 51.402381897, 27.1597099304, 43.8683624268, 72.5859527588], [117.000740051, 60.3022155762, 55.805847168, 185.405029297, 317.009490967, 92.1523666382, 4.81077623367, 66.0552825928, 99.439743042, 57.3967132568, 51.380027771, 35.5815124512, 16.1348705292], [17.5289726257, -26.8824920654, 294.739837646, 82.6908874512, 92.1523666382, 313.544281006, 123.322990417, 56.047706604, 84.9893188477, 35.5065612793, 49.2825012207, 30.1257534027, 18.5749187469], [57.3184318542, 100.298248291, 77.6752243042, 36.4311904907, 4.81077623367, 123.322990417, 250.071746826, 125.458045959, 80.2900848389, 92.3699493408, 74.9663467407, 64.2582626343, 46.1354103088], [44.1031532288, 128.488555908, 11.0651712418, 76.2233352661, 66.0552825928, 56.047706604, 125.458045959, 180.239227295, 114.846694946, 75.8260650635, 79.3002243042, 54.7225265503, 54.0925483704], [79.2497253418, 97.8377456665, 78.4865112305, 110.961906433, 99.439743042, 84.9893188477, 80.2900848389, 114.846694946, 189.608215332, 105.856239319, 80.9087753296, 54.413143158, 56.8260765076], [109.558952332, 123.807144165, -36.7271308899, 51.402381897, 57.3967132568, 35.5065612793, 92.3699493408, 75.8260650635, 105.856239319, 177.855117798, 83.1791000366, 45.3424110413, 34.718662262], [13.8605861664, 143.125274658, -11.7566633224, 27.1597099304, 51.380027771, 49.2825012207, 74.9663467407, 79.3002243042, 80.9087753296, 83.1791000366, 141.249816895, 58.7922363281, 36.163143158], [0.889284670353, 103.120101929, 10.2610263824, 43.8683624268, 35.5815124512, 30.1257534027, 64.2582626343, 54.7225265503, 54.413143158, 45.3424110413, 58.7922363281, 124.092453003, 51.9426612854], [2.46081233025, 67.9532470703, 30.632144928, 72.5859527588, 16.1348705292, 18.5749187469, 46.1354103088, 54.0925483704, 56.8260765076, 34.718662262, 36.163143158, 51.9426612854, 105.219062805]],
        "icov": [[0.000253694219282, -1.97162207769e-05, -0.000202229828574, -3.07830196107e-05, -9.01484818314e-05, 0.00022954645101, -5.83967994316e-05, -2.11814149225e-05, 5.86419810134e-05, -0.000239519329625, 3.8954342017e-05, 5.10754580318e-05, 0.000105465398519], [-1.97162207769e-05, 0.0016778629506, 0.000331880815793, 0.000358772289474, -0.000257886393229, 0.000188990234165, -9.74415743258e-05, -0.000429397186963, -3.32193994836e-05, -0.000232072925428, -0.000912331975996, -0.000548555806745, -0.000478728441522], [-0.000202229828574, 0.000331880815793, 0.00283789169043, -0.00102133769542, 0.000764875323512, -0.00253460346721, -0.000154901732458, 0.000806682859547, -0.00115745619405, 0.00139006914105, 0.000284116889816, -5.75345402467e-05, -0.000250663346378], [-3.07830196107e-05, 0.000358772289474, -0.00102133769542, 0.00488707050681, -0.00257927947678, 0.000792944105342, 1.03016154753e-05, -0.000595686375163, -0.000585956673604, -0.000495153595693, 0.000911789073143, -6.34508323856e-05, -0.00254996726289], [-9.01484818314e-05, -0.000257886393229, 0.000764875323512, -0.00257927947678, 0.00586011167616, -0.00209240079857, 0.00217863195576, -0.00114180881064, -0.000965518294834, -0.000360724836355, -0.000515292806085, -0.000785093463492, 0.00203295866959], [0.00022954645101, 0.000188990234165, -0.00253460346721, 0.000792944105342, -0.00209240079857, 0.00747148739174, -0.00333837559447, 0.00120313919615, -0.00120754516684, 0.000442556891358, -0.00124262936879, 0.000451427913504, 0.000620945123956], [-5.83967994316e-05, -9.74415743258e-05, -0.000154901732458, 1.03016154753e-05, 0.00217863195576, -0.00333837559447, 0.00964479893446, -0.00593872182071, 0.00245621264912, -0.0034588330891, 0.00013790462981, -0.00193825317547, -9.4142225862e-05], [-2.11814149225e-05, -0.000429397186963, 0.000806682859547, -0.000595686375163, -0.00114180881064, 0.00120313919615, -0.00593872182071, 0.0141932237893, -0.00602697115391, 0.00250835693441, -0.0021474394016, 0.000707107363269, -0.00145978305954], [5.86419810134e-05, -3.32193994836e-05, -0.00115745619405, -0.000585956673604, -0.000965518294834, -0.00120754516684, 0.00245621264912, -0.00602697115391, 0.0140892555937, -0.00555364461616, -0.0012017947156, -0.000459154864075, -0.00199304707348], [-0.000239519329625, -0.000232072925428, 0.00139006914105, -0.000495153595693, -0.000360724836355, 0.000442556891358, -0.0034588330891, 0.00250835693441, -0.00555364461616, 0.0117004103959, -0.00309100514278, 0.00044332240941, 0.000278783292742], [3.8954342017e-05, -0.000912331975996, 0.000284116889816, 0.000911789073143, -0.000515292806085, -0.00124262936879, 0.00013790462981, -0.0021474394016, -0.0012017947156, -0.00309100514278, 0.0133588127792, -0.00280131935142, -0.000320966966683], [5.10754580318e-05, -0.000548555806745, -5.75345402467e-05, -6.34508323856e-05, -0.000785093463492, 0.000451427913504, -0.00193825317547, 0.000707107363269, -0.000459154864075, 0.00044332240941, -0.00280131935142, 0.0124480165541, -0.00413997890428], [0.000105465398519, -0.000478728441522, -0.000250663346378, -0.00254996726289, 0.00203295866959, 0.000620945123956, -9.4142225862e-05, -0.00145978305954, -0.00199304707348, 0.000278783292742, -0.000320966966683, -0.00413997890428, 0.0151516236365]]
    },
    "spectral_contrast_coeffs": {
        "max": [-0.33484300971, -0.450403064489, -0.476920336485, -0.565883517265, -0.48304349184, -0.682976424694],
        "mean": [-0.726379275322, -0.775503337383, -0.781443655491, -0.799683332443, -0.774233102798, -0.794418096542],
        "min": [-0.919806301594, -0.9566873312, -0.930323898792, -0.94123262167, -0.891878783703, -0.871632933617],
        "stdev": [0.0905200764537, 0.0912889018655, 0.0782538279891, 0.066266849637, 0.0640426427126, 0.0274579562247]
    },
    "spectral_contrast_valleys": {
        "max": [-5.20480632782, -4.52411603928, -5.30891799927, -5.56327295303, -5.91683673859, -7.6610326767],
        "mean": [-7.15291118622, -7.21703338623, -7.69585084915, -7.63899421692, -7.53837203979, -10.0520353317],
        "min": [-10.8468608856, -9.498046875, -10.3350458145, -9.72350215912, -10.0627622604, -13.3972101212],
        "stdev": [1.00491654873, 0.709850549698, 0.598170161247, 0.577426254749, 0.644193947315, 0.818508863449]
    }
},
"rhythm": {
    "beats_count": 104,
    "beats_loudness": {
        "max": 0.142243877053,
        "mean": 0.0761835053563,
        "min": 0.0024947586935,
        "stdev": 0.0219669863582
    },
    "bpm": 96.9733886719,
    "bpm_histogram_first_peak_bpm": 98,
    "bpm_histogram_first_peak_weight": 0.389999985695,
    "bpm_histogram_second_peak_bpm": 88,
    "bpm_histogram_second_peak_spread": 0.333333313465,
    "bpm_histogram_second_peak_weight": 0.019417475909,
    "danceability": 1.47578847408,
    "onset_rate": 5.75244092941,
    "beats_loudness_band_ratio": {
        "max": [0.970662295818, 0.126417472959, 0.322827190161, 0.318490058184, 0.669919967651, 0.119402982295],
        "mean": [0.772540211678, 0.0289812646806, 0.0649511143565, 0.0506942234933, 0.0765567347407, 0.0205179937184],
        "min": [0.00525258481503, 0.00242800707929, 0.00202962872572, 0.000778180081397, 0.0052415872924, 0.00277384812944],
        "stdev": [0.16779191792, 0.0251582823694, 0.072425737977, 0.066916435957, 0.103597313166, 0.0176783949137]
    },
