{
"metadata": {
    "version": {
        "essentia": "2.1-beta5",
        "essentia_git_sha": "Undefined",
        "extractor": "music 2.0"
    },
    "audio_properties": {
        "analysis": {
            "equal_loudness": 0,
            "length": 12.7477550507,
            "sample_rate": 44100,
            "start_time": 0,
            "downmix": "mix"
        },
        "bit_rate": 192000,
        "length": 185.202377319,
        "lossless": 0,
        "number_channels": 2,
        "replay_gain": -1.73080253601,
        "sample_rate": 48000,
        "codec": "mp3",
        "md5_encoded": "3fb39140039f4d8f1985c97b3c0479ea"
    },
    "tags": {
        "file_name": "Georgia_Peace Will Come_Diana Gurtskaya.mp3",
        "encoding": ["Lavf58.29.100"]
    }
},
"lowlevel": {
    "average_loudness": 0.949512302876,
    "barkbands_crest": {
        "max": 21.9243583679,
        "mean": 8.40515899658,
        "min": 2.92316031456,
        "stdev": 3.35974168777
    },
    "barkbands_flatness_db": {
        "max": 0.275681048632,
        "mean": 0.172522068024,
        "min": 0.0534655116498,
        "stdev": 0.0459684878588
    },
    "barkbands_kurtosis": {
        "max": 28.3029785156,
        "mean": 1.68408751488,
        "min": -1.36055982113,
        "stdev": 2.858751297
    },
    "barkbands_skewness": {
        "max": 5.1339006424,
        "mean": 1.19333827496,
        "min": -1.07260000706,
        "stdev": 0.678185045719
    },
    "barkbands_spread": {
        "max": 38.4370155334,
        "mean": 13.0947551727,
        "min": 3.68587851524,
        "stdev": 7.32071447372
    },
    "dissonance": {
        "max": 0.499991625547,
        "mean": 0.483037829399,
        "min": 0.402547210455,
        "stdev": 0.0155337722972
    },
    "dynamic_complexity": 2.17192435265,
    "erbbands_crest": {
        "max": 17.2896194458,
        "mean": 7.94387769699,
        "min": 2.77050185204,
        "stdev": 2.69853377342
    },
    "erbbands_flatness_db": {
        "max": 0.349837213755,
        "mean": 0.241760760546,
        "min": 0.111127577722,
        "stdev": 0.0648431777954
    },
    "erbbands_kurtosis": {
        "max": 5.68227958679,
        "mean": 0.33062466979,
        "min": -1.55950665474,
        "stdev": 1.18302071095
    },
    "erbbands_skewness": {
        "max": 1.9232057333,
        "mean": 0.531120538712,
        "min": -1.38366556168,
        "stdev": 0.640904486179
    },
    "erbbands_spread": {
        "max": 66.0027999878,
        "mean": 21.5105323792,
        "min": 7.05797672272,
        "stdev": 10.8021583557
    },
    "hfc": {
        "max": 142.928375244,
        "mean": 24.114648819,
        "min": 1.53289079666,
        "stdev": 16.2048187256
    },
    "loudness_ebu128": {
        "integrated": -19.2933177948,
        "loudness_range": 5.19968795776,
        "momentary": {
            "max": -15.8250017166,
            "mean": -20.0640621185,
            "min": -29.656785965,
            "stdev": 2.85940265656
        },
        "short_term": {
            "max": -17.0396900177,
            "mean": -19.6836681366,
            "min": -23.2174549103,
            "stdev": 1.82130765915
        }
    },
    "melbands_crest": {
        "max": 26.6991157532,
        "mean": 10.7857055664,
        "min": 4.37244606018,
        "stdev": 3.79294729233
    },
    "melbands_flatness_db": {
        "max": 0.338128745556,
        "mean": 0.191305339336,
        "min": 0.0702004134655,
        "stdev": 0.0365927182138
    },
    "melbands_kurtosis": {
        "max": 85.4605331421,
        "mean": 5.24029684067,
        "min": -1.36349070072,
        "stdev": 7.11700487137
    },
    "melbands_skewness": {
        "max": 8.31082057953,
        "mean": 1.78169023991,
        "min": -0.476251453161,
        "stdev": 0.922843813896
    },
    "melbands_spread": {
        "max": 44.4149856567,
        "mean": 17.7443370819,
        "min": 3.23802661896,
        "stdev": 8.90591812134
    },
    "pitch_salience": {
        "max": 0.899910449982,
        "mean": 0.674992263317,
        "min": 0.206100150943,
        "stdev": 0.118673749268
    },
    "silence_rate_20dB": {
        "max": 1,
        "mean": 1,
        "min": 1,
        "stdev": 0
    },
    "silence_rate_30dB": {
        "max": 1,
        "mean": 0.989090919495,
        "min": 0,
        "stdev": 0.10387532413
    },
    "silence_rate_60dB": {
        "max": 1,
        "mean": 0.0509090907872,
        "min": 0,
        "stdev": 0.219812437892
    },
    "spectral_centroid": {
        "max": 2682.77807617,
        "mean": 1462.31188965,
        "min": 420.159240723,
        "stdev": 331.549591064
    },
    "spectral_complexity": {
        "max": 51,
        "mean": 25.756362915,
        "min": 3,
        "stdev": 7.15609073639
    },
    "spectral_decrease": {
        "max": -2.24284688044e-10,
        "mean": -6.78412437338e-09,
        "min": -4.6401506637e-08,
        "stdev": 5.45831646548e-09
    },
    "spectral_energy": {
        "max": 0.178255558014,
        "mean": 0.0277921184897,
        "min": 0.000985540100373,
        "stdev": 0.0213457457721
    },
    "spectral_energyband_high": {
        "max": 0.0040087653324,
        "mean": 0.000297148100799,
        "min": 1.76715257112e-05,
        "stdev": 0.000356398319127
    },
    "spectral_energyband_low": {
        "max": 0.149970799685,
        "mean": 0.00620451709256,
        "min": 6.3401863315e-08,
        "stdev": 0.0170588064939
    },
    "spectral_energyband_middle_high": {
        "max": 0.0614383369684,
        "mean": 0.0119085423648,
        "min": 0.000689002219588,
        "stdev": 0.0088716475293
    },
    "spectral_energyband_middle_low": {
        "max": 0.0657172575593,
        "mean": 0.0105984900147,
        "min": 0.000277961196844,
        "stdev": 0.00876961275935
    },
    "spectral_entropy": {
        "max": 8.13372707367,
        "mean": 7.57006645203,
        "min": 7.1081495285,
        "stdev": 0.166815876961
    },
    "spectral_flux": {
        "max": 0.383236765862,
        "mean": 0.0910971611738,
        "min": 0.0198469143361,
        "stdev": 0.0463914871216
    },
    "spectral_kurtosis": {
        "max": 17.3105068207,
        "mean": 6.36668634415,
        "min": 1.35033130646,
        "stdev": 2.49076461792
    },
    "spectral_rms": {
        "max": 0.0131874131039,
        "mean": 0.0048740808852,
        "min": 0.000980562414043,
        "stdev": 0.0018323706463
    },
    "spectral_rolloff": {
        "max": 3445.3125,
        "mean": 1602.18823242,
        "min": 107.666015625,
        "stdev": 552.664611816
    },
    "spectral_skewness": {
        "max": 3.59718608856,
        "mean": 1.71569633484,
        "min": 0.89047563076,
        "stdev": 0.343178898096
    },
    "spectral_spread": {
        "max": 7625660,
        "mean": 2901790.5,
        "min": 1825583.625,
        "stdev": 536973.9375
    },
    "spectral_strongpeak": {
        "max": 9.72389698029,
        "mean": 1.21774744987,
        "min": 0.093324393034,
        "stdev": 0.991579294205
    },
    "zerocrossingrate": {
        "max": 0.09716796875,
        "mean": 0.0567986518145,
        "min": 0.01220703125,
        "stdev": 0.0131825152785
    },
    "barkbands": {
        "max": [0.00407108804211, 0.0811057016253, 0.10171828419, 0.0506211556494, 0.0357585772872, 0.0119017316028, 0.00722969509661, 0.0107241580263, 0.0345793776214, 0.0222826283425, 0.0268230848014, 0.008395742625, 0.00494848098606, 0.00810211524367, 0.00875977799296, 0.0154297957197, 0.0279736928642, 0.00828881002963, 0.00679249223322, 0.00148258858826, 0.00100539822597, 0.0010493908776, 0.000491514743771, 0.000384884042433, 0.000218169254367, 9.09145164769e-05, 5.14920384376e-06],
        "mean": [5.28273194504e-05, 0.00387318222784, 0.00152419670485, 0.00129457691219, 0.00204828917049, 0.00089912454132, 0.000808214128483, 0.00108738266863, 0.00350906536914, 0.00319577008486, 0.00259008700959, 0.00134181568865, 0.00104674417526, 0.00107590446714, 0.000765854900237, 0.000767206307501, 0.000677413248923, 0.000453943328466, 0.000407009676564, 0.000171072344529, 8.85439221747e-05, 5.63617904845e-05, 2.85175210593e-05, 1.56379410328e-05, 8.85221379576e-06, 4.43504677605e-06, 1.12752211123e-07],
        "min": [2.68136179926e-10, 2.7720472584e-09, 1.48249146292e-08, 2.28556054083e-08, 6.5770495894e-07, 1.80216682111e-06, 6.83250573275e-06, 1.31190872708e-05, 6.99859010638e-05, 0.000114857859444, 3.72585382138e-05, 3.3864955185e-05, 4.84303018311e-05, 4.05378668802e-05, 4.37016387878e-05, 1.42416010931e-05, 1.35745904117e-05, 1.53234686877e-05, 1.13633423098e-05, 1.05982526293e-05, 4.5480423978e-06, 3.49754441231e-06, 1.88955050362e-06, 7.90763749592e-07, 4.07019797422e-07, 1.57740714712e-07, 4.10418143915e-10],
        "stdev": [0.000228942604735, 0.0122723318636, 0.00711996201426, 0.0036249589175, 0.00402119709179, 0.00160580547526, 0.00124119152315, 0.00150087708607, 0.00385969202034, 0.00329751963727, 0.00350730284117, 0.00127441482618, 0.000850937911309, 0.000966426974628, 0.000843168585561, 0.00136888492852, 0.00175701407716, 0.000592453405261, 0.000717355811503, 0.000171768042492, 0.000101269455627, 8.87324422365e-05, 4.21122167609e-05, 2.86239228444e-05, 1.85345525097e-05, 1.02464700831e-05, 3.22987233403e-07]
    },
    "erbbands": {
        "max": [2.92454814911, 23.9892139435, 88.4805679321, 186.383300781, 131.342788696, 98.8583755493, 117.000289917, 148.692626953, 117.325538635, 151.41229248, 197.471984863, 925.485839844, 675.832824707, 1156.58483887, 589.613037109, 274.584197998, 259.970306396, 309.194458008, 324.122772217, 599.525756836, 966.39465332, 1508.57421875, 598.848022461, 276.717376709, 331.078491211, 74.1035079956, 60.2586517334, 30.7849216461, 31.2282123566, 26.0621032715, 14.0120182037, 9.66477584839, 4.93856573105, 2.83813261986, 1.33864593506, 0.574438273907, 0.184905096889, 0.0176488067955, 0.000686205516104, 0.000195274027647],
        "mean": [0.0903272405267, 0.935257256031, 1.70193481445, 3.66758441925, 5.32992982864, 5.60232496262, 7.66334867477, 10.3677301407, 13.2501354218, 11.4138450623, 32.3763542175, 81.1114120483, 99.3026428223, 107.021537781, 85.0821762085, 52.3808555603, 50.7128829956, 48.7667350769, 48.6558113098, 43.0458106995, 41.1124343872, 38.9457588196, 26.9360408783, 22.7606506348, 15.0969514847, 8.25810241699, 4.57778787613, 3.27517557144, 2.03874564171, 1.33862352371, 0.712871789932, 0.419621706009, 0.204681813717, 0.108216375113, 0.0588001124561, 0.0245324745774, 0.0073923682794, 0.000795001862571, 3.5795441363e-05, 3.4006578062e-05],
        "min": [1.46289167446e-07, 1.48213052853e-06, 1.84086820809e-05, 0.000122989498777, 0.0003504587512, 0.00201205676422, 0.00269311713055, 0.0188634525985, 0.0886386856437, 0.242143899202, 0.737461686134, 2.50365686417, 3.54012918472, 4.16234779358, 2.08879613876, 1.77496230602, 2.65353608131, 2.80558919907, 3.43926477432, 1.40884196758, 1.7902354002, 0.963286936283, 1.08758628368, 0.917445778847, 0.729964852333, 0.489980995655, 0.214994505048, 0.184959769249, 0.120289333165, 0.0759074166417, 0.0532452054322, 0.0249947309494, 0.00955775938928, 0.00383931398392, 0.00263855140656, 0.000824582122732, 0.000259666325292, 2.98201939586e-05, 2.15531940739e-06, 1.36117159855e-06],
        "stdev": [0.280999720097, 3.05893135071, 7.35940217972, 11.3322257996, 13.2011938095, 11.2829456329, 14.9921388626, 19.5796070099, 22.1018791199, 16.22057724, 35.1167755127, 91.754447937, 105.249351501, 134.910217285, 101.343650818, 46.6618347168, 39.2525100708, 40.0410079956, 40.0163803101, 53.6274795532, 85.9707489014, 95.2947540283, 42.9595375061, 30.1988258362, 27.1496963501, 8.39143371582, 5.90870046616, 3.45056319237, 2.89010715485, 2.0979347229, 1.10609984398, 0.731638669968, 0.376215428114, 0.22110953927, 0.128353536129, 0.0536428391933, 0.0189410336316, 0.00179014366586, 5.68527721043e-05, 2.47293155553e-05]
    },
    "gfcc": {
        "mean": [-26.2738380432, 69.7130203247, -200.616744995, -13.4079828262, -74.8019866943, 0.633020460606, -33.9327011108, 6.55947971344, -24.0379238129, -5.78757810593, -20.6048278809, -4.76604604721, -10.2991056442],
        "cov": [[3089.04223633, 1705.22961426, 1996.86291504, 1600.52062988, 847.416564941, 264.349365234, 24.6499538422, -63.0685272217, -11.4834775925, 342.833862305, 132.54473877, 75.4726257324, 104.473114014], [1705.22961426, 2243.00585938, 2041.72216797, 1722.75695801, 961.378173828, 208.390533447, 65.831237793, -170.061187744, 30.3231296539, 315.868652344, 139.665786743, -37.2175750732, 145.741577148], [1996.86291504, 2041.72216797, 2312.171875, 1822.4855957, 1016.43328857, 300.176452637, 3.24306511879, -75.7745666504, -4.21575689316, 384.791717529, 93.2257614136, 19.6157016754, 132.311279297], [1600.52062988, 1722.75695801, 1822.4855957, 1603.36206055, 862.045959473, 232.112350464, 20.6326179504, -100.918289185, 23.8179759979, 309.865203857, 100.756141663, 22.7636909485, 136.130630493], [847.416564941, 961.378173828, 1016.43328857, 862.045959473, 528.356506348, 142.565765381, 20.7067718506, -39.1024169922, 13.5983543396, 165.223846436, 41.27576828, 8.9561662674, 78.8973236084], [264.349365234, 208.390533447, 300.176452637, 232.112350464, 142.565765381, 119.840118408, 32.9950637817, 27.2125816345, 24.471113205, 50.9393119812, 13.5196866989, 11.977889061, 31.9655437469], [24.6499538422, 65.831237793, 3.24306511879, 20.6326179504, 20.7067718506, 32.9950637817, 96.5172195435, 19.0029296875, 21.4180393219, -4.51810503006, 22.2385730743, -5.21811962128, 2.66234707832], [-63.0685272217, -170.061187744, -75.7745666504, -100.918289185, -39.1024169922, 27.2125816345, 19.0029296875, 84.4963302612, 21.9262580872, -10.6485033035, -12.1491146088, 10.2134971619, -6.48890161514], [-11.4834775925, 30.3231296539, -4.21575689316, 23.8179759979, 13.5983543396, 24.471113205, 21.4180393219, 21.9262580872, 74.7139434814, 13.7783975601, 10.6255550385, 0.948720216751, 21.1277122498], [342.833862305, 315.868652344, 384.791717529, 309.865203857, 165.223846436, 50.9393119812, -4.51810503006, -10.6485033035, 13.7783975601, 112.95690155, 25.7668552399, 17.5094337463, 23.9933719635], [132.54473877, 139.665786743, 93.2257614136, 100.756141663, 41.27576828, 13.5196866989, 22.2385730743, -12.1491146088, 10.6255550385, 25.7668552399, 59.5017623901, 15.4369535446, 8.33048820496], [75.4726257324, -37.2175750732, 19.6157016754, 22.7636909485, 8.9561662674, 11.977889061, -5.21811962128, 10.2134971619, 0.948720216751, 17.5094337463, 15.4369535446, 49.1656799316, 16.8999385834], [104.473114014, 145.741577148, 132.311279297, 136.130630493, 78.8973236084, 31.9655437469, 2.66234707832, -6.48890161514, 21.1277122498, 23.9933719635, 8.33048820496, 16.8999385834, 62.7174606323]],
        "icov": [[0.000814664061181, 0.00018306558195, -0.000884518260136, -0.000240387802478, 0.000363556697266, 0.000114201880933, -0.000325272820191, 0.000216748841922, -6.49807552691e-05, 0.000299573701341, -0.000499408284668, -0.000886363268364, 0.000338475394528], [0.00018306558195, 0.0112480968237, -0.00942235998809, 0.00112051563337, -0.0052661257796, 0.00821951031685, -0.00671465182677, 0.0108480313793, -0.00606663571671, 0.00447559123859, -0.0103536983952, 0.0114879021421, -0.00654340768233], [-0.000884518260136, -0.00942235998809, 0.015745235607, -0.00643235258758, 0.00103387632407, -0.00969083514065, 0.00801495276392, -0.0125160235912, 0.00955221522599, -0.00866276212037, 0.0088186878711, -0.00557262217626, 0.0065436353907], [-0.000240387802478, 0.00112051563337, -0.00643235258758, 0.0118716992438, -0.00770742120221, 0.00171070441138, -0.00137302826624, 0.00689971772954, -0.0040195742622, 9.77542295004e-05, -0.00416654534638, 6.06855683145e-05, -0.00295164482668], [0.000363556697266, -0.0052661257796, 0.00103387632407, -0.00770742120221, 0.0218171048909, -0.00481458054855, 0.000226583651965, -0.00584950437769, 0.00283382926136, -0.000565877824556, 0.00884032342583, -0.00564165832475, 0.000181258888915], [0.000114201880933, 0.00821951031685, -0.00969083514065, 0.00171070441138, -0.00481458054855, 0.0249884966761, -0.00981264561415, 0.00183623342309, -0.00687901675701, 0.00367884617299, -0.00634267460555, 0.00624473486096, -0.00856268033385], [-0.000325272820191, -0.00671465182677, 0.00801495276392, -0.00137302826624, 0.000226583651965, -0.00981264561415, 0.0197533164173, -0.00985580030829, 0.00291321682744, -0.000608805450611, -0.00158162007574, -0.0017131655477, 0.00499798124656], [0.000216748841922, 0.0108480313793, -0.0125160235912, 0.00689971772954, -0.00584950437769, 0.00183623342309, -0.00985580030829, 0.0329699628055, -0.0136769702658, 0.00578729994595, -0.00446727219969, 0.00255330838263, -0.00159035390243], [-6.49807552691e-05, -0.00606663571671, 0.00955221522599, -0.0040195742622, 0.00283382926136, -0.00687901675701, 0.00291321682744, -0.0136769702658, 0.0252984520048, -0.00935165770352, 0.00164901360404, 0.00172027363442, -0.00444618798792], [0.000299573701341, 0.00447559123859, -0.00866276212037, 9.77542295004e-05, -0.000565877824556, 0.00367884617299, -0.000608805450611, 0.00578729994595, -0.00935165770352, 0.0272231791168, -0.00611847219989, -0.00371864438057, 0.00117572839372], [-0.000499408284668, -0.0103536983952, 0.0088186878711, -0.00416654534638, 0.00884032342583, -0.00634267460555, -0.00158162007574, -0.00446727219969, 0.00164901360404, -0.00611847219989, 0.0368290245533, -0.0206488408148, 0.00950512383133], [-0.000886363268364, 0.0114879021421, -0.00557262217626, 6.06855683145e-05, -0.00564165832475, 0.00624473486096, -0.0017131655477, 0.00255330838263, 0.00172027363442, -0.00371864438057, -0.0206488408148, 0.045338280499, -0.0179742854089], [0.000338475394528, -0.00654340768233, 0.0065436353907, -0.00295164482668, 0.000181258888915, -0.00856268033385, 0.00499798124656, -0.00159035390243, -0.00444618798792, 0.00117572839372, 0.00950512383133, -0.0179742854089, 0.0315763987601]]
    },
    "melbands": {
        "max": [0.024777635932, 0.0381332561374, 0.0271233320236, 0.00907533336431, 0.00396593147889, 0.00286881672218, 0.00151068414561, 0.00166525749955, 0.00188397290185, 0.00594138680026, 0.00345706590451, 0.00433714035898, 0.00236681755632, 0.00105737079866, 0.000687590043526, 0.000499192159623, 0.000594770302996, 0.00054973422084, 0.000937202363275, 0.000795269035734, 0.00118260190357, 0.00157508556731, 0.00117887521628, 0.000364059204003, 0.000261596083874, 0.000461026414996, 4.78891197417e-05, 5.75536396354e-05, 3.63796971214e-05, 2.72832694463e-05, 2.18613240577e-05, 2.03033268917e-05, 1.5215786334e-05, 1.25463957374e-05, 7.89613386587e-06, 7.93916751718e-06, 5.02451575812e-06, 3.59270916306e-06, 2.89501622319e-06, 2.17737101593e-06],
        "mean": [0.000983601319604, 0.00104686070699, 0.000666012172587, 0.000402069679694, 0.000283605331788, 0.000220296118641, 0.000177038105903, 0.000145630125189, 0.000297514983686, 0.000532446196303, 0.000492264109198, 0.000436009140685, 0.000311898445943, 0.000157132468303, 0.00013426678197, 0.000102820507891, 9.04983025976e-05, 8.42727822601e-05, 5.86464666412e-05, 5.75419362576e-05, 4.54114269814e-05, 4.29737337981e-05, 2.64351874648e-05, 2.23131137318e-05, 1.80193874257e-05, 1.54040371854e-05, 6.18329158897e-06, 5.43460464542e-06, 3.12644056066e-06, 2.14248757402e-06, 1.81403390798e-06, 1.23941129004e-06, 8.59068791215e-07, 6.94014204328e-07, 4.33447183923e-07, 3.00410732734e-07, 2.38957056808e-07, 1.45748472846e-07, 1.13233454613e-07, 8.23913950398e-08],
        "min": [8.78824013562e-10, 8.42250003075e-09, 2.16538147413e-08, 7.80871474149e-08, 7.93337164851e-08, 4.25837413331e-07, 1.34947140396e-06, 2.62939897766e-06, 6.46351054456e-06, 9.11236111278e-06, 1.75137738552e-05, 1.5644254745e-05, 4.90663660457e-06, 3.37433357345e-06, 3.67035636373e-06, 4.87305942443e-06, 4.83313306177e-06, 3.59085015589e-06, 2.65267317445e-06, 1.26238057874e-06, 1.94766971617e-06, 8.85838119302e-07, 1.15545230983e-06, 7.76423291882e-07, 5.52023550426e-07, 4.58225031252e-07, 4.30800895401e-07, 2.25633925766e-07, 9.19329963267e-08, 1.11135946668e-07, 8.94799612183e-08, 6.53795808603e-08, 5.98148304221e-08, 3.32048735174e-08, 2.60700048216e-08, 2.27376144579e-08, 1.19711947022e-08, 7.69808217171e-09, 2.97294011631e-09, 3.07488501328e-09],
        "stdev": [0.00303216837347, 0.00354307098314, 0.00183316867333, 0.000884343520738, 0.000545195012819, 0.000396680843551, 0.000285617192276, 0.000226271367865, 0.000314391276333, 0.000609500450082, 0.000523871858604, 0.000533804937731, 0.000381712859962, 0.000182438234333, 0.000118593634397, 8.88507274794e-05, 7.9074583482e-05, 7.76328670327e-05, 7.49314203858e-05, 8.17840118543e-05, 0.000107167375972, 0.000105136365164, 6.64124381728e-05, 2.59379703493e-05, 2.70652781182e-05, 3.78065233235e-05, 5.42912221135e-06, 6.358808605e-06, 4.19584102929e-06, 2.45607498073e-06, 2.15157569983e-06, 1.86655574907e-06, 1.34343122227e-06, 1.09625716505e-06, 6.91883997206e-07, 5.40058692877e-07, 4.25596908826e-07, 2.76138365507e-07, 2.22383377491e-07, 1.72019952061e-07]
    },
    "melbands128": {
        "max": [0.00296731689014, 0.0218790378422, 0.0403596162796, 0.053246114403, 0.0559949018061, 0.0542783550918, 0.0442909747362, 0.0177764352411, 0.0152589026839, 0.010555204004, 0.00469537638128, 0.00618050293997, 0.00538291595876, 0.00169698148966, 0.00552973104641, 0.00177361839451, 0.00287196179852, 0.00165953021497, 0.00225919112563, 0.00184001843445, 0.00308529357426, 0.00381550262682, 0.00329770101234, 0.00320162810385, 0.00857154838741, 0.00682146288455, 0.00660812808201, 0.00444095628336, 0.00425587082282, 0.00380923319608, 0.00830267276615, 0.00643340498209, 0.0017010550946, 0.00395100889727, 0.00195437087677, 0.00162317161448, 0.00113336171489, 0.00119951961096, 0.000897424586583, 0.00117918255273, 0.00072100572288, 0.00120342697483, 0.000815348583274, 0.000625690619927, 0.00159035238903, 0.000771017279476, 0.000478440779261, 0.00130684231408, 0.00139321770985, 0.00112469308078, 0.000802567519713, 0.00113255530596, 0.00132952851709, 0.00121064647101, 0.00109587342013, 0.00168507173657, 0.00182374822907, 0.00202192855068, 0.000658041390125, 0.000607977737673, 0.000444201170467, 0.000173788765096, 0.000325649714796, 0.000454544177046, 0.000773676671088, 0.00109816715121, 0.000129182648379, 8.02055947133e-05, 4.00315802835e-05, 4.00743447244e-05, 6.0069745814e-05, 9.45094725466e-05, 4.01772813348e-05, 3.49597175955e-05, 7.16083523002e-05, 2.72774050245e-05, 2.19053526962e-05, 1.43343550008e-05, 1.52057364176e-05, 4.42378295702e-05, 2.6422787414e-05, 2.6227959097e-05, 1.97808913072e-05, 1.77360743692e-05, 2.43303529714e-05, 1.49212537508e-05, 1.20702470667e-05, 9.79914602794e-06, 8.9749619292e-06, 5.57422117708e-06, 8.75123168953e-06, 9.75897091848e-06, 5.64371430301e-06, 5.38051517651e-06, 4.98251802128e-06, 4.32513115811e-06, 3.2293055483e-06, 2.75364254776e-06, 3.11006829179e-06, 2.73134946838e-06, 2.75303818853e-06, 1.95825055016e-06, 1.46344314089e-06, 2.08102278521e-06, 1.36471612677e-06, 1.30450155211e-06, 1.40788415592e-06, 1.58762577485e-06, 9.01932821762e-07, 8.52041466715e-07, 5.55505550892e-07, 6.62197635393e-07, 1.01062846625e-06, 5.15923943567e-07, 2.60050796896e-07, 9.82886874112e-08, 8.5788258275e-08, 1.46362097553e-07, 5.3652613019e-08, 2.28284910975e-08, 8.86050965931e-09, 8.08109223982e-09, 1.32248001439e-09, 3.56221246944e-10, 3.49304085656e-10, 3.44201528391e-10, 3.38119809928e-10, 3.34647809463e-10],
        "mean": [4.62140778836e-05, 0.000524241884705, 0.00155175500549, 0.00155231740791, 0.00089736742666, 0.000803292961791, 0.000787581375334, 0.000581599422731, 0.000551030505449, 0.000435054098489, 0.000230038000154, 0.000404736405471, 0.00027250131825, 0.000139378855238, 0.000311686570058, 0.000141379219713, 0.000283823115751, 0.000179997296073, 5.76745296712e-05, 9.44606726989e-05, 0.000212777871639, 0.000246366980718, 0.00025843133335, 0.000406709237723, 0.000560581218451, 0.000579468382057, 0.000471554609248, 0.000491761602461, 0.000533359590918, 0.000378334050765, 0.000452958949609, 0.000440699688625, 0.000252783182077, 0.000310418225126, 0.000163663353305, 0.000111952955194, 0.000118955766084, 0.000179269103683, 0.000102840269392, 0.000102972335299, 0.000112491441541, 8.47502087709e-05, 8.26014220365e-05, 8.26020841487e-05, 0.000134536458063, 7.00678865542e-05, 5.2536954172e-05, 6.37406119495e-05, 5.99406193942e-05, 4.91724385938e-05, 6.96838033036e-05, 4.94736523251e-05, 4.54239598184e-05, 4.51391206298e-05, 4.0388214984e-05, 4.90995880682e-05, 3.95922907046e-05, 2.49570803135e-05, 2.45351911872e-05, 2.29248380492e-05, 2.55696195381e-05, 1.8598688257e-05, 1.48575936691e-05, 1.71046594915e-05, 2.44229177042e-05, 1.76108387677e-05, 8.72393411555e-06, 7.01130375091e-06, 5.71966802454e-06, 4.68070038551e-06, 5.07885033585e-06, 7.3125779636e-06, 3.22445521306e-06, 2.55357167589e-06, 2.35165134654e-06, 2.01583634407e-06, 2.24225846068e-06, 1.92028551282e-06, 1.65686140008e-06, 1.91730941879e-06, 1.28618864892e-06, 9.89204409052e-07, 9.67224423221e-07, 8.15059593151e-07, 8.27210214993e-07, 7.38280505175e-07, 6.68338827836e-07, 5.6371862911e-07, 4.27188524554e-07, 3.29251832909e-07, 3.11664933861e-07, 3.10373735601e-07, 2.52838020742e-07, 2.61901590193e-07, 2.12992873116e-07, 1.55672736923e-07, 1.32709800482e-07, 1.26938630274e-07, 1.15740718343e-07, 1.08876115235e-07, 9.17354014973e-08, 7.69106378584e-08, 6.96800697142e-08, 7.28214573087e-08, 6.6954065403e-08, 6.25747631489e-08, 5.84642982915e-08, 5.68475790885e-08, 3.6213691601e-08, 3.27498810293e-08, 3.0201686485e-08, 2.96968405422e-08, 2.21954632451e-08, 1.96721838819e-08, 1.19222214323e-08, 7.05520086797e-09, 3.48404549655e-09, 1.02601371843e-09, 3.12470049835e-10, 7.12221184807e-11, 3.54995616236e-11, 4.50926171403e-11, 1.0383927225e-11, 5.03348101047e-12, 4.74501167524e-12, 4.31244233032e-12, 4.02432037347e-12, 3.93546350022e-12],
        "min": [4.28628452176e-11, 8.87302106789e-11, 2.71393296725e-10, 5.48722234317e-10, 9.37084299046e-10, 7.45309769457e-09, 1.23438894661e-08, 6.4078671258e-09, 1.22816423698e-08, 1.36049589372e-08, 8.64169820147e-08, 6.19062845431e-08, 6.29198595448e-08, 8.63695746034e-08, 2.57213116583e-07, 1.52713198531e-07, 3.34673245561e-07, 6.65469087835e-07, 6.41732981421e-07, 6.55261430893e-07, 9.37114236876e-07, 1.17292529467e-06, 2.98322720482e-06, 4.06039544032e-06, 9.16276349017e-06, 5.17043463333e-06, 1.33915625611e-06, 6.96119968779e-06, 1.279641765e-05, 8.35542050481e-06, 2.75657066595e-06, 2.72556758318e-06, 1.03497029613e-06, 3.06049560095e-06, 1.76631931481e-06, 1.57628676334e-06, 1.89972729459e-06, 2.22574271902e-06, 2.10405778489e-06, 1.83603185633e-06, 1.84467046438e-06, 1.86942429536e-06, 2.78959510069e-06, 2.46963440986e-06, 2.18677496377e-06, 2.90178672913e-06, 2.48115657087e-06, 1.56443195465e-06, 1.37023732805e-06, 1.09155894279e-06, 1.64961943483e-06, 9.08134040856e-07, 3.48033125874e-07, 1.37643178277e-06, 8.87426210738e-07, 3.66405231489e-07, 5.9316585066e-07, 5.32466231107e-07, 6.51150060094e-07, 4.97076086958e-07, 2.6668578812e-07, 4.53058873973e-07, 3.92711058339e-07, 2.10987067817e-07, 2.28532513802e-07, 3.4990469544e-07, 2.72366776244e-07, 3.18522012321e-07, 2.35540866811e-07, 1.44557802173e-07, 1.63311824508e-07, 8.4408597445e-08, 4.36873222043e-08, 7.08797927018e-08, 5.62760007483e-08, 5.79667549516e-08, 8.45330703214e-08, 7.20966539802e-08, 6.362199656e-08, 6.47996643011e-08, 3.19353787859e-08, 3.89068581796e-08, 3.83254636915e-08, 2.75483884593e-08, 2.65904169794e-08, 2.84779009263e-08, 2.33362609237e-08, 1.84354664867e-08, 2.3446038e-08, 1.74394809704e-08, 1.61015751843e-08, 1.29498554102e-08, 6.19421847148e-09, 1.00759383059e-08, 8.16301071183e-09, 5.30364863138e-09, 6.04791816627e-09, 5.05390440608e-09, 2.41342235086e-09, 1.19326770687e-09, 2.46586417951e-09, 2.08407380242e-09, 2.26551621907e-09, 1.88480786534e-09, 1.75413494841e-09, 1.95465554853e-09, 1.59031987579e-09, 1.19777365803e-09, 1.09089448586e-09, 6.61584342865e-10, 6.02325522792e-10, 3.64000579678e-10, 5.84466974818e-10, 2.63486454877e-10, 2.31334174039e-10, 1.72435107859e-10, 3.01749771003e-12, 7.20741717176e-13, 3.05837522191e-13, 3.00004297663e-13, 3.67299154416e-13, 3.37453697798e-13, 2.9183074143e-13, 3.24963119564e-13, 2.5920951041e-13, 1.13993653384e-13, 1.05576278717e-14, 5.78437740889e-16],
        "stdev": [0.000190799793927, 0.00180240627378, 0.00490225758404, 0.00551088387147, 0.00416425056756, 0.00351093779318, 0.0026230122894, 0.00169732491486, 0.00146187201608, 0.00103112543002, 0.000541649351362, 0.000867963361088, 0.000631715112831, 0.000250547513133, 0.000681308098137, 0.00026348879328, 0.000533231766894, 0.000306811445625, 0.000131548877107, 0.000196125009097, 0.000398232252337, 0.000456590263639, 0.000395042239688, 0.000520145928022, 0.000786638469435, 0.000785834155977, 0.000742625212297, 0.000627315253951, 0.000593776116148, 0.000466212251922, 0.000821011723019, 0.000783348106779, 0.000327839428792, 0.000529846525751, 0.000232298581977, 0.000179149050382, 0.000132086133817, 0.000205970412935, 0.000126130136778, 0.000123065605294, 0.000117541363579, 0.000127910927404, 9.84822181636e-05, 9.5534400316e-05, 0.000193209169083, 7.29766034056e-05, 5.71123091504e-05, 0.000104317892692, 0.000103326201497, 8.65878173499e-05, 0.000102993093606, 0.000101544312201, 0.00011586715118, 0.000117778326967, 0.000101598903711, 0.000114230366307, 0.000109326836537, 9.8074960988e-05, 5.67325951124e-05, 4.31133594248e-05, 3.3368167351e-05, 2.59047883446e-05, 2.6527684895e-05, 3.79517441615e-05, 6.18749763817e-05, 7.84047442721e-05, 1.18216639748e-05, 7.31037835067e-06, 5.77117589273e-06, 4.54352175439e-06, 6.72101396049e-06, 1.13545911518e-05, 4.60910769107e-06, 4.0348127186e-06, 4.82418636238e-06, 2.63801257461e-06, 2.50859034168e-06, 2.00266026695e-06, 2.04368620871e-06, 3.94802282244e-06, 2.03799299925e-06, 1.71329043042e-06, 1.41663531394e-06, 1.42219937516e-06, 1.63520519436e-06, 1.28208750994e-06, 1.11281758564e-06, 1.05969104425e-06, 7.72076703015e-07, 5.02128727931e-07, 5.97005907821e-07, 6.37543678295e-07, 4.88256773679e-07, 5.02259524637e-07, 3.77976533628e-07, 3.52763521505e-07, 2.53310730614e-07, 2.33457967624e-07, 2.29215743275e-07, 2.35364240098e-07, 2.09919832628e-07, 1.55445135874e-07, 1.50182998482e-07, 1.82675805149e-07, 1.53672502279e-07, 1.4460846387e-07, 1.22501958799e-07, 1.26622609287e-07, 7.7944378063e-08, 8.45932888183e-08, 7.67952670344e-08, 8.05546207516e-08, 6.66148451955e-08, 5.5280114708e-08, 3.06569347686e-08, 1.41107685536e-08, 7.76346897879e-09, 6.8602679093e-09, 2.62265720252e-09, 9.97863569552e-10, 4.04141109467e-10, 4.54483922718e-10, 7.53917900331e-11, 1.83692869943e-11, 1.7458139101e-11, 1.63715308671e-11, 1.55858728701e-11, 1.53185762686e-11]
    },
    "mfcc": {
        "mean": [-645.332885742, 110.590751648, -73.3584671021, -16.5147686005, -30.3439178467, -11.9395141602, -10.8977403641, 2.0081551075, -3.16737008095, 0.566066682339, -5.09383153915, -7.65565776825, -8.32988643646],
        "cov": [[2239.54541016, 795.064880371, 1128.94995117, 1111.21374512, 696.343566895, 522.544311523, 292.217224121, -43.0035133362, 65.0289306641, 23.9901103973, 104.120246887, 123.100395203, 126.525741577], [795.064880371, 1157.95275879, 1093.82983398, 1185.59667969, 713.346923828, 549.455322266, 291.163726807, -91.7237701416, 64.8562698364, 89.4871749878, 72.1514663696, 65.5293731689, 93.6308822632], [1128.94995117, 1093.82983398, 1432.13586426, 1380.59033203, 914.910583496, 648.815002441, 346.879455566, -90.8915557861, 115.37336731, 110.347488403, 83.013961792, 101.291297913, 146.514434814], [1111.21374512, 1185.59667969, 1380.59033203, 1554.06530762, 945.627868652, 702.682434082, 346.341339111, -112.100814819, 100.584648132, 95.2468109131, 77.2149810791, 94.819442749, 148.171340942], [696.343566895, 713.346923828, 914.910583496, 945.627868652, 689.399719238, 443.832733154, 218.165008545, -58.829410553, 103.102333069, 66.673866272, 31.8027515411, 72.2297210693, 96.4694137573], [522.544311523, 549.455322266, 648.815002441, 702.682434082, 443.832733154, 382.130767822, 175.857162476, -41.4506454468, 62.9993438721, 56.6336746216, 32.0704727173, 54.3761405945, 76.7878723145], [292.217224121, 291.163726807, 346.879455566, 346.341339111, 218.165008545, 175.857162476, 153.237014771, 3.83062505722, 31.0870857239, 27.481010437, 30.2085494995, 19.620639801, 36.8441619873], [-43.0035133362, -91.7237701416, -90.8915557861, -112.100814819, -58.829410553, -41.4506454468, 3.83062505722, 76.4820861816, 17.7112922668, 6.95468997955, 8.03629684448, 1.70982980728, -7.23251676559], [65.0289306641, 64.8562698364, 115.37336731, 100.584648132, 103.102333069, 62.9993438721, 31.0870857239, 17.7112922668, 96.1822662354, 27.6071014404, -1.77500259876, 29.7454681396, 12.3869504929], [23.9901103973, 89.4871749878, 110.347488403, 95.2468109131, 66.673866272, 56.6336746216, 27.481010437, 6.95468997955, 27.6071014404, 61.0214958191, 22.4266395569, 9.91569519043, 9.5532283783], [104.120246887, 72.1514663696, 83.013961792, 77.2149810791, 31.8027515411, 32.0704727173, 30.2085494995, 8.03629684448, -1.77500259876, 22.4266395569, 61.7239227295, 11.8601493835, 7.93253898621], [123.100395203, 65.5293731689, 101.291297913, 94.819442749, 72.2297210693, 54.3761405945, 19.620639801, 1.70982980728, 29.7454681396, 9.91569519043, 11.8601493835, 50.5958824158, 23.737613678], [126.525741577, 93.6308822632, 146.514434814, 148.171340942, 96.4694137573, 76.7878723145, 36.8441619873, -7.23251676559, 12.3869504929, 9.5532283783, 7.93253898621, 23.737613678, 61.2681922913]],
        "icov": [[0.000892933865543, 0.000292286073091, -0.000812730577309, -0.000244787544943, 0.000287140574073, -0.000289934745524, -4.02345976909e-05, -0.000463257223601, 0.000258716347162, 0.00134334806353, -0.00070852204226, -0.000929780828301, 0.000315814017085], [0.000292286073091, 0.00475190067664, -0.00119811773766, -0.00267466111109, 0.000845991831739, -0.000836905499455, -0.00158869952429, 0.000936290598474, 0.000950785004534, -0.000891111674719, -0.000276825128822, -0.000666804262437, 0.00249168649316], [-0.000812730577309, -0.00119811773766, 0.00894333608449, -0.00162831658963, -0.00569958006963, 0.000182148913154, -0.00355338258669, 0.00243525393307, 0.000363594852388, -0.00346746412106, -0.00135893293191, -0.000373050832422, -0.0019815552514], [-0.000244787544943, -0.00267466111109, -0.00162831658963, 0.00990185141563, -0.00480922358111, -0.00598273379728, 0.000517949461937, 0.00191696616821, 0.000970513385255, 0.00226732273586, -0.00257816608064, 0.0020848615095, -0.00149817683268], [0.000287140574073, 0.000845991831739, -0.00569958006963, -0.00480922358111, 0.0148512274027, -0.000841673754621, 0.00134217890445, -0.00113693159074, -0.00453540869057, 0.00115954759531, 0.00403241021559, -0.000984373968095, 0.000699660682585], [-0.000289934745524, -0.000836905499455, 0.000182148913154, -0.00598273379728, -0.000841673754621, 0.0198898520321, -0.0049820644781, 0.000706898455974, -0.00075117405504, -0.00513852480799, 0.0040881712921, -0.0038791464176, -0.00268586399034], [-4.02345976909e-05, -0.00158869952429, -0.00355338258669, 0.000517949461937, 0.00134217890445, -0.0049820644781, 0.0202944818884, -0.00807894673198, -0.0011212953832, 0.00393501622602, -0.00325893424451, 0.00541841890663, -0.0013356708223], [-0.000463257223601, 0.000936290598474, 0.00243525393307, 0.00191696616821, -0.00113693159074, 0.000706898455974, -0.00807894673198, 0.0212299898267, -0.00453585106879, -0.00330238509923, -0.00326242879964, -0.000996708171442, -0.000424564059358], [0.000258716347162, 0.000950785004534, 0.000363594852388, 0.000970513385255, -0.00453540869057, -0.00075117405504, -0.0011212953832, -0.00453585106879, 0.0189930982888, -0.00636818446219, 0.00481633422896, -0.00900978222489, 0.0030378033407], [0.00134334806353, -0.000891111674719, -0.00346746412106, 0.00226732273586, 0.00115954759531, -0.00513852480799, 0.00393501622602, -0.00330238509923, -0.00636818446219, 0.0279085766524, -0.00984129309654, 0.00357519788668, 7.93641156633e-05], [-0.00070852204226, -0.000276825128822, -0.00135893293191, -0.00257816608064, 0.00403241021559, 0.0040881712921, -0.00325893424451, -0.00326242879964, 0.00481633422896, -0.00984129309654, 0.0254078228027, -0.00661304919049, 0.00130599725526], [-0.000929780828301, -0.000666804262437, -0.000373050832422, 0.0020848615095, -0.000984373968095, -0.0038791464176, 0.00541841890663, -0.000996708171442, -0.00900978222489, 0.00357519788668, -0.00661304919049, 0.0336484238505, -0.00909155420959], [0.000315814017085, 0.00249168649316, -0.0019815552514, -0.00149817683268, 0.000699660682585, -0.00268586399034, -0.0013356708223, -0.000424564059358, 0.0030378033407, 7.93641156633e-05, 0.00130599725526, -0.00909155420959, 0.0259679183364]]
    },
    "spectral_contrast_coeffs": {
        "max": [-0.505862057209, -0.54809564352, -0.619010031223, -0.68511724472, -0.646054446697, -0.638721108437],
        "mean": [-0.692151129246, -0.738034307957, -0.764632761478, -0.807157993317, -0.779612898827, -0.74156409502],
        "min": [-0.84931075573, -0.882269561291, -0.873722195625, -0.881370782852, -0.850955843925, -0.834924399853],
        "stdev": [0.0560092665255, 0.0594582036138, 0.0465245693922, 0.0327079035342, 0.0322633460164, 0.0321407541633]
    },
    "spectral_contrast_valleys": {
        "max": [-5.19379806519, -4.86888837814, -4.88412046432, -5.20929002762, -5.97138929367, -8.66987037659],
        "mean": [-8.51379776001, -6.5411529541, -6.27726364136, -6.66711902618, -7.22362852097, -10.6620807648],
        "min": [-11.4735651016, -8.27691459656, -7.71563911438, -7.81187343597, -8.35765171051, -11.8591709137],
        "stdev": [1.86828446388, 0.496681958437, 0.563059210777, 0.389896303415, 0.392052322626, 0.504559338093]
    }
},
"rhythm": {
    "beats_count": 34,
    "beats_loudness": {
        "max": 0.108281761408,
        "mean": 0.0299842078239,
        "min": 0.00227469019592,
        "stdev": 0.0224778838456
    },
    "bpm": 152.901473999,
    "bpm_histogram_first_peak_bpm": 152,
    "bpm_histogram_first_peak_weight": 0.133333325386,
    "bpm_histogram_second_peak_bpm": 157,
    "bpm_histogram_second_peak_spread": 0,
    "bpm_histogram_second_peak_weight": 0.181818187237,
    "danceability": 0.857017993927,
    "onset_rate": 2.97820472717,
    "beats_loudness_band_ratio": {
        "max": [0.871449351311, 0.527618408203, 0.586795926094, 0.781771302223, 0.362825900316, 0.187649443746],
        "mean": [0.156745091081, 0.0644034817815, 0.268538892269, 0.360364288092, 0.145197823644, 0.0371728949249],
        "min": [4.25733451266e-05, 0.00097635173006, 0.0354039222002, 0.0231526978314, 0.0192628297955, 0.0072071342729],
        "stdev": [0.262238562107, 0.106444492936, 0.145435795188, 0.21541236341, 0.0828173011541, 0.0336625277996]
    },
    "beats_position": [0.336689323187, 0.684988677502, 0.99845802784, 1.30031740665, 1.60217678547, 1.90403628349, 2.20589566231, 2.53097510338, 2.85605430603, 3.16952371597, 3.48299312592, 3.80807256699, 4.13315200806, 4.52789115906, 4.93424034119, 5.32897949219, 5.72371864319, 6.13006782532, 6.52480697632, 6.91954612732, 7.31428575516, 7.70902490616, 8.10376358032, 8.48689365387, 8.88163280487, 9.26476192474, 9.65950107574, 10.0542402267, 10.4489793777, 10.8321084976, 11.2152376175, 11.6099767685, 11.9931058884, 12.3762359619],
