{
"metadata": {
    "version": {
        "essentia": "2.1-beta5",
        "essentia_git_sha": "Undefined",
        "extractor": "music 2.0"
    },
    "audio_properties": {
        "analysis": {
            "equal_loudness": 0,
            "length": 33.3438529968,
            "sample_rate": 44100,
            "start_time": 158.998641968,
            "downmix": "mix"
        },
        "bit_rate": 192000,
        "length": 192.365722656,
        "lossless": 0,
        "number_channels": 2,
        "replay_gain": 2.85614204407,
        "sample_rate": 48000,
        "codec": "mp3",
        "md5_encoded": "f359b0225966b7b8da64f725e654513c"
    },
    "tags": {
        "file_name": "Montenegro_Zauvijek Volim Te_Stefan Filipović.mp3",
        "encoding": ["Lavf58.29.100"]
    }
},
"lowlevel": {
    "average_loudness": 0.940164864063,
    "barkbands_crest": {
        "max": 21.9950752258,
        "mean": 8.01896381378,
        "min": 2.55633091927,
        "stdev": 3.7429869175
    },
    "barkbands_flatness_db": {
        "max": 0.291726022959,
        "mean": 0.135456129909,
        "min": 0.0620595999062,
        "stdev": 0.0427251011133
    },
    "barkbands_kurtosis": {
        "max": 24.5456047058,
        "mean": 0.694263279438,
        "min": -1.89438617229,
        "stdev": 2.44026494026
    },
    "barkbands_skewness": {
        "max": 4.45791244507,
        "mean": 0.784358143806,
        "min": -1.52050554752,
        "stdev": 0.824473917484
    },
    "barkbands_spread": {
        "max": 89.2266082764,
        "mean": 26.7995529175,
        "min": 3.51521968842,
        "stdev": 13.6599111557
    },
    "dissonance": {
        "max": 0.5,
        "mean": 0.477816671133,
        "min": 0.379221260548,
        "stdev": 0.0183446705341
    },
    "dynamic_complexity": 3.02675628662,
    "erbbands_crest": {
        "max": 27.406829834,
        "mean": 9.12655925751,
        "min": 2.57905387878,
        "stdev": 4.35022211075
    },
    "erbbands_flatness_db": {
        "max": 0.361001312733,
        "mean": 0.194130048156,
        "min": 0.0884492322803,
        "stdev": 0.055340833962
    },
    "erbbands_kurtosis": {
        "max": 11.658452034,
        "mean": 0.446598112583,
        "min": -1.47275531292,
        "stdev": 1.58357930183
    },
    "erbbands_skewness": {
        "max": 2.73863911629,
        "mean": 0.243567228317,
        "min": -3.31388282776,
        "stdev": 0.835603713989
    },
    "erbbands_spread": {
        "max": 98.3556900024,
        "mean": 31.5274600983,
        "min": 8.65734481812,
        "stdev": 13.7171392441
    },
    "hfc": {
        "max": 104.172729492,
        "mean": 28.698797226,
        "min": 1.37395811081,
        "stdev": 21.1131515503
    },
    "loudness_ebu128": {
        "integrated": -25.9783916473,
        "loudness_range": 3.06470108032,
        "momentary": {
            "max": -23.350194931,
            "mean": -26.4002399445,
            "min": -32.658493042,
            "stdev": 2.06235170364
        },
        "short_term": {
            "max": -24.4393444061,
            "mean": -26.0358791351,
            "min": -30.3829631805,
            "stdev": 1.3835375309
        }
    },
    "melbands_crest": {
        "max": 29.6523303986,
        "mean": 11.4882707596,
        "min": 4.04009771347,
        "stdev": 4.41468286514
    },
    "melbands_flatness_db": {
        "max": 0.276777416468,
        "mean": 0.134066417813,
        "min": 0.036470208317,
        "stdev": 0.0394073650241
    },
    "melbands_kurtosis": {
        "max": 76.3441085815,
        "mean": 4.68817520142,
        "min": -1.657564044,
        "stdev": 6.54631519318
    },
    "melbands_skewness": {
        "max": 7.26573801041,
        "mean": 1.6763677597,
        "min": -0.311950087547,
        "stdev": 1.00814771652
    },
    "melbands_spread": {
        "max": 177.502532959,
        "mean": 37.208240509,
        "min": 4.05940198898,
        "stdev": 22.5803279877
    },
    "pitch_salience": {
        "max": 0.868400096893,
        "mean": 0.616710364819,
        "min": 0.263546079397,
        "stdev": 0.0951339676976
    },
    "silence_rate_20dB": {
        "max": 1,
        "mean": 1,
        "min": 1,
        "stdev": 0
    },
    "silence_rate_30dB": {
        "max": 1,
        "mean": 1,
        "min": 1,
        "stdev": 0
    },
    "silence_rate_60dB": {
        "max": 1,
        "mean": 0.0869867801666,
        "min": 0,
        "stdev": 0.2818159163
    },
    "spectral_centroid": {
        "max": 4370.70996094,
        "mean": 1925.89855957,
        "min": 435.236206055,
        "stdev": 536.703125
    },
    "spectral_complexity": {
        "max": 50,
        "mean": 24.4210166931,
        "min": 3,
        "stdev": 10.0289134979
    },
    "spectral_decrease": {
        "max": -3.10730219333e-10,
        "mean": -4.84192286265e-09,
        "min": -1.61392694764e-08,
        "stdev": 3.1538869294e-09
    },
    "spectral_energy": {
        "max": 0.0669856593013,
        "mean": 0.0208776071668,
        "min": 0.00129959534388,
        "stdev": 0.0134009523317
    },
    "spectral_energyband_high": {
        "max": 0.0142297884449,
        "mean": 0.00148133083712,
        "min": 1.2291119674e-05,
        "stdev": 0.00175440579187
    },
    "spectral_energyband_low": {
        "max": 0.0249728932977,
        "mean": 0.00288736843504,
        "min": 4.11850642479e-08,
        "stdev": 0.00294419564307
    },
    "spectral_energyband_middle_high": {
        "max": 0.0438395105302,
        "mean": 0.00854590628296,
        "min": 0.000170637169504,
        "stdev": 0.00740129221231
    },
    "spectral_energyband_middle_low": {
        "max": 0.0526533052325,
        "mean": 0.00904240459204,
        "min": 0.000352985080099,
        "stdev": 0.0082833012566
    },
    "spectral_entropy": {
        "max": 8.57013607025,
        "mean": 7.82542562485,
        "min": 7.17986869812,
        "stdev": 0.203064322472
    },
    "spectral_flux": {
        "max": 0.210064351559,
        "mean": 0.0830123871565,
        "min": 0.0147450855002,
        "stdev": 0.036999553442
    },
    "spectral_kurtosis": {
        "max": 21.6891536713,
        "mean": 2.86399435997,
        "min": -0.743585348129,
        "stdev": 1.53952217102
    },
    "spectral_rms": {
        "max": 0.00808405037969,
        "mean": 0.00423485273495,
        "min": 0.00112600973807,
        "stdev": 0.00156025704928
    },
    "spectral_rolloff": {
        "max": 9689.94140625,
        "mean": 2409.40942383,
        "min": 172.265625,
        "stdev": 1285.3182373
    },
    "spectral_skewness": {
        "max": 3.83360338211,
        "mean": 1.20313823223,
        "min": -0.115493915975,
        "stdev": 0.30483558774
    },
    "spectral_spread": {
        "max": 10337228,
        "mean": 4148388.25,
        "min": 2339081,
        "stdev": 1033307.5
    },
    "spectral_strongpeak": {
        "max": 14.6682891846,
        "mean": 1.56261277199,
        "min": 0.0379032641649,
        "stdev": 1.74729597569
    },
    "zerocrossingrate": {
        "max": 0.275390625,
        "mean": 0.0839160755277,
        "min": 0.0302734375,
        "stdev": 0.0305861607194
    },
    "barkbands": {
        "max": [0.00263630528934, 0.0150792710483, 0.0110741164535, 0.0178489461541, 0.00928508862853, 0.0184331387281, 0.0465594679117, 0.0190684199333, 0.0474874153733, 0.0398139320314, 0.0123036811128, 0.0254097934812, 0.015876352787, 0.0129208602011, 0.0150646260008, 0.0134031465277, 0.0077764778398, 0.00569618400186, 0.00637838803232, 0.00272892042994, 0.00354416831397, 0.00642333179712, 0.00394082954153, 0.00359633588232, 0.0025608879514, 6.77026309859e-06, 4.17389060203e-07],
        "mean": [6.94746340741e-05, 0.00123466865625, 0.000979554955848, 0.00142946583219, 0.00125751644373, 0.000719838426448, 0.00129255698994, 0.00063888943987, 0.00254813418724, 0.00210818625055, 0.000510216515977, 0.00085198529996, 0.00091514311498, 0.00101118616294, 0.000908942485694, 0.000815274543129, 0.000548846262973, 0.000705220736563, 0.000606094312388, 0.000483446841827, 0.000348703819327, 0.000383054109989, 0.000275563477771, 0.000131547130877, 0.000103906037111, 1.8585063799e-07, 1.33293887039e-09],
        "min": [6.55529242e-11, 4.56863569198e-09, 1.41723033309e-09, 6.21604590023e-09, 1.01001674579e-07, 2.13759534518e-07, 2.33284026763e-06, 2.97932388094e-06, 4.20875448981e-06, 5.19422655998e-06, 5.45116927242e-06, 7.29334760763e-06, 3.75988747692e-06, 7.4596732702e-06, 1.03552019937e-05, 8.38824962557e-06, 7.49618857299e-06, 5.89761384617e-06, 1.03127113107e-05, 5.5689056353e-06, 4.06692151955e-06, 1.62475566867e-06, 1.38580014664e-06, 1.06137179046e-06, 2.77929444792e-07, 2.87278784095e-10, 2.78975481605e-10],
        "stdev": [0.000203639297979, 0.00159633299336, 0.00122498278506, 0.00188459106721, 0.00142816756852, 0.00112788961269, 0.0033119097352, 0.00150285800919, 0.0044615175575, 0.0045796725899, 0.00111241603736, 0.00169795309193, 0.00185737467837, 0.00152175372932, 0.00170073180925, 0.0012949006632, 0.000732243468519, 0.00086840428412, 0.000775644613896, 0.000458588008769, 0.000424980302341, 0.000633303658105, 0.000432188477134, 0.000265001552179, 0.000237527885474, 4.74838003583e-07, 1.10515783192e-08]
    },
    "erbbands": {
        "max": [0.694960176945, 2.36143183708, 7.2056388855, 42.8700523376, 63.2855300903, 38.9630584717, 104.639350891, 138.603622437, 661.923095703, 599.149169922, 740.087036133, 1368.13525391, 1486.02319336, 992.805725098, 700.442932129, 636.629211426, 876.431762695, 687.305908203, 457.283538818, 721.669128418, 864.436767578, 541.315917969, 273.569610596, 385.34262085, 312.928771973, 129.701065063, 118.628547668, 166.076797485, 238.716018677, 231.587188721, 88.1916275024, 115.925048828, 44.710975647, 33.4557685852, 15.0567445755, 1.54943454266, 0.0355523601174, 0.00205475650728, 0.00027811183827, 9.99821932055e-05],
        "mean": [0.0270456243306, 0.304218828678, 1.06777787209, 3.04981923103, 5.11993217468, 3.68623518944, 3.8677444458, 7.21504974365, 16.8278427124, 18.1961803436, 14.7352628708, 50.1074867249, 92.9830703735, 32.5865097046, 30.1122531891, 32.6018218994, 41.3866615295, 56.3077583313, 43.9756889343, 42.2120780945, 49.7734146118, 31.1785812378, 33.9374008179, 38.5247344971, 27.5578575134, 23.2810459137, 16.293094635, 12.8435106277, 13.1915588379, 11.64432621, 7.46140289307, 3.39425468445, 2.01187801361, 1.28520858288, 0.653336763382, 0.0423704385757, 0.00112534640357, 8.52185403346e-05, 2.53257730947e-05, 2.97706501442e-05],
        "min": [2.10130608025e-07, 1.18522223147e-06, 5.49729156774e-06, 2.91006690532e-05, 6.14964737906e-05, 0.000385783438105, 0.00179801241029, 0.00938387773931, 0.04209484905, 0.104911521077, 0.116862803698, 0.102462545037, 0.186015486717, 0.20913387835, 0.225675269961, 0.268839389086, 0.248606920242, 0.328339368105, 0.503621995449, 0.506246209145, 0.579914331436, 0.411775827408, 0.32850971818, 0.378548920155, 0.473451942205, 0.293501913548, 0.270358085632, 0.13216111064, 0.0606942549348, 0.044879540801, 0.0317201167345, 0.0318553969264, 0.00939634162933, 0.00366307003424, 0.00149987312034, 0.000225086303544, 9.52532536758e-06, 1.34309038913e-06, 9.62668764259e-07, 1.63014101418e-06],
        "stdev": [0.0603890046477, 0.334856629372, 1.14791429043, 3.61440205574, 6.4126868248, 4.84442090988, 6.40740633011, 10.5806837082, 42.4861526489, 51.4683074951, 28.5691184998, 92.5705184937, 182.250274658, 65.4774246216, 56.3461151123, 57.3413734436, 85.5627059937, 85.0686187744, 56.2532043457, 74.4359054565, 81.5277404785, 39.5355110168, 36.8215522766, 49.6143035889, 31.6260757446, 21.6693191528, 17.6958084106, 18.5177440643, 22.0448856354, 20.8420505524, 11.0940303802, 6.44613552094, 4.12153434753, 2.94479012489, 1.51676476002, 0.100521981716, 0.00255038565956, 0.000170419312781, 2.71352382697e-05, 1.93979176402e-05]
    },
    "gfcc": {
        "mean": [-4.03575754166, 75.9186477661, -174.005233765, 41.268825531, -80.9039077759, 23.6514225006, -39.1872711182, 12.2200117111, -17.7857646942, -8.55693531036, -11.8549804688, -16.4934921265, -1.58283960819],
        "cov": [[5328.65722656, 1251.89819336, 2239.5378418, 1943.39916992, 808.704101562, 370.352416992, -289.139801025, -259.462646484, -398.091705322, 68.0419235229, -37.1110305786, 155.440002441, -116.681594849], [1251.89819336, 909.473876953, 793.138122559, 650.583435059, 380.217498779, 33.0553283691, -46.7008018494, -44.1822471619, -82.233543396, -9.51226139069, 52.6117324829, -0.638476967812, 0.901498496532], [2239.5378418, 793.138122559, 1708.78918457, 1153.37060547, 425.96661377, 149.661132812, -346.028564453, -66.7733535767, -214.662414551, 67.24168396, -45.1602783203, 72.742515564, -51.4090690613], [1943.39916992, 650.583435059, 1153.37060547, 1090.64001465, 467.011444092, 136.817199707, -177.481567383, -116.218650818, -121.156547546, 19.9991207123, -9.08682346344, 59.742980957, -50.2642860413], [808.704101562, 380.217498779, 425.96661377, 467.011444092, 319.804016113, 82.9948272705, -43.4496383667, -32.1364097595, -51.6855125427, 0.312716931105, 3.72032666206, 7.6313662529, -7.23436021805], [370.352416992, 33.0553283691, 149.661132812, 136.817199707, 82.9948272705, 144.179901123, 56.45520401, -26.0872535706, -46.5000762939, -2.38290309906, -6.89278888702, 14.7303886414, -15.5605688095], [-289.139801025, -46.7008018494, -346.028564453, -177.481567383, -43.4496383667, 56.45520401, 280.380737305, 15.4559688568, 15.9785804749, -39.9840393066, 22.8175125122, -13.698390007, 8.85894012451], [-259.462646484, -44.1822471619, -66.7733535767, -116.218650818, -32.1364097595, -26.0872535706, 15.4559688568, 98.3795013428, 34.6946411133, 11.6206855774, 4.21149349213, -9.66315078735, 15.13422966], [-398.091705322, -82.233543396, -214.662414551, -121.156547546, -51.6855125427, -46.5000762939, 15.9785804749, 34.6946411133, 131.946090698, 16.6933898926, 18.0144901276, -12.9138326645, 15.0813903809], [68.0419235229, -9.51226139069, 67.24168396, 19.9991207123, 0.312716931105, -2.38290309906, -39.9840393066, 11.6206855774, 16.6933898926, 80.3471298218, 20.269777298, 10.1553010941, -5.14298391342], [-37.1110305786, 52.6117324829, -45.1602783203, -9.08682346344, 3.72032666206, -6.89278888702, 22.8175125122, 4.21149349213, 18.0144901276, 20.269777298, 94.4819793701, 13.7647542953, -18.3917140961], [155.440002441, -0.638476967812, 72.742515564, 59.742980957, 7.6313662529, 14.7303886414, -13.698390007, -9.66315078735, -12.9138326645, 10.1553010941, 13.7647542953, 58.1850738525, 12.6778078079], [-116.681594849, 0.901498496532, -51.4090690613, -50.2642860413, -7.23436021805, -15.5605688095, 8.85894012451, 15.13422966, 15.0813903809, -5.14298391342, -18.3917140961, 12.6778078079, 64.0585327148]],
        "icov": [[0.000800562847871, -0.00104319420643, 0.000906094908714, -0.00181799766142, 0.00138114544097, -0.00158138561528, 0.000796288601123, -0.000606044894084, 0.00143775902689, -0.00107088102959, 0.00104555604048, -0.000993357505649, 0.000650763569865], [-0.00104319420643, 0.00971444416791, -0.00933358073235, 0.00827219989151, -0.0128726353869, 0.0114833973348, -0.00843620859087, 0.0079405112192, -0.00535864988342, 0.00509328721091, -0.00801762193441, 0.00487361568958, -0.00400605984032], [0.000906094908714, -0.00933358073235, 0.014234688133, -0.0142905451357, 0.0161813832819, -0.0137414252385, 0.0116185722873, -0.0126838292927, 0.00978413503617, -0.0065488088876, 0.00731173390523, -0.00242926110514, 0.00162242853548], [-0.00181799766142, 0.00827219989151, -0.0142905451357, 0.0201299116015, -0.0207927376032, 0.0136001314968, -0.0102284103632, 0.0144683495164, -0.0115170609206, 0.00679772300646, -0.0052558965981, -0.00148832483683, 0.00189318344928], [0.00138114544097, -0.0128726353869, 0.0161813832819, -0.0207927376032, 0.0309116691351, -0.0202560015023, 0.0137657215819, -0.0162077713758, 0.011165576987, -0.00693862698972, 0.00701752118766, 0.00128071953077, -0.00156075635459], [-0.00158138561528, 0.0114833973348, -0.0137414252385, 0.0136001314968, -0.0202560015023, 0.0274495761842, -0.0158573705703, 0.013061394915, -0.00702179595828, 0.00482502719387, -0.00596438301727, 0.000657044176478, 0.000286951719318], [0.000796288601123, -0.00843620859087, 0.0116185722873, -0.0102284103632, 0.0137657215819, -0.0158573705703, 0.0156243406236, -0.0105823352933, 0.00691570853814, -0.002336576581, 0.00403904542327, -0.00123428169172, 0.000497795408592], [-0.000606044894084, 0.0079405112192, -0.0126838292927, 0.0144683495164, -0.0162077713758, 0.013061394915, -0.0105823352933, 0.0245199035853, -0.0102708069608, 0.00327512645163, -0.00581266824156, 0.00216426840052, -0.00244538998231], [0.00143775902689, -0.00535864988342, 0.00978413503617, -0.0115170609206, 0.011165576987, -0.00702179595828, 0.00691570853814, -0.0102708069608, 0.0186126176268, -0.00724770780653, 0.00240217638202, 0.00118713069241, -0.00197435519658], [-0.00107088102959, 0.00509328721091, -0.0065488088876, 0.00679772300646, -0.00693862698972, 0.00482502719387, -0.002336576581, 0.00327512645163, -0.00724770780653, 0.0195806641132, -0.00786527618766, 0.000894603377674, -0.0011630206136], [0.00104555604048, -0.00801762193441, 0.00731173390523, -0.0052558965981, 0.00701752118766, -0.00596438301727, 0.00403904542327, -0.00581266824156, 0.00240217638202, -0.00786527618766, 0.0222128219903, -0.0118951257318, 0.011454119347], [-0.000993357505649, 0.00487361568958, -0.00242926110514, -0.00148832483683, 0.00128071953077, 0.000657044176478, -0.00123428169172, 0.00216426840052, 0.00118713069241, 0.000894603377674, -0.0118951257318, 0.0303075015545, -0.0146527513862], [0.000650763569865, -0.00400605984032, 0.00162242853548, 0.00189318344928, -0.00156075635459, 0.000286951719318, 0.000497795408592, -0.00244538998231, -0.00197435519658, -0.0011630206136, 0.011454119347, -0.0146527513862, 0.0266022980213]]
    },
    "melbands": {
        "max": [0.00515653146431, 0.00337750115432, 0.00629191752523, 0.00232507754117, 0.00312588806264, 0.00312360725366, 0.0103919673711, 0.00603840593249, 0.00727180298418, 0.00863863155246, 0.00749936327338, 0.00480527337641, 0.00204143789597, 0.00321181793697, 0.00259259110317, 0.0017830140423, 0.0014520525001, 0.000711633765604, 0.00163982913364, 0.000578379898798, 0.00132185500115, 0.000639714067802, 0.00025284657022, 0.000325486093061, 0.000347649649484, 0.00032101693796, 0.000147848419147, 0.000119635180454, 8.57964914758e-05, 7.33266424504e-05, 0.000122742232634, 0.000147264101543, 0.000154439025209, 0.000124324709759, 5.8407382312e-05, 6.1463957536e-05, 7.3438801337e-05, 3.39711623383e-05, 2.83736353595e-05, 2.93108751066e-05],
        "mean": [0.00029115282814, 0.000527892087121, 0.00061444635503, 0.000304145709379, 0.000142860269989, 0.000159747592988, 0.00026012797025, 0.000186673845747, 0.000123672216432, 0.000366596563254, 0.000463953474537, 0.000131920998683, 8.672066906e-05, 0.000106544197479, 7.16470312909e-05, 0.000103368380223, 0.000100818200735, 6.59398501739e-05, 6.97140494594e-05, 4.42930795543e-05, 6.11551658949e-05, 2.96183643513e-05, 3.12227457471e-05, 3.40668993886e-05, 3.10933392029e-05, 2.27469045058e-05, 1.71240280906e-05, 1.48880280904e-05, 1.11040390038e-05, 7.63775824453e-06, 7.30881265554e-06, 7.22334289094e-06, 7.84392250353e-06, 5.84796907788e-06, 4.61048193756e-06, 2.87880493488e-06, 1.75472564479e-06, 1.43656075124e-06, 1.21821153698e-06, 1.03986815247e-06],
        "min": [1.70631753171e-09, 4.97476770889e-09, 6.82501566374e-09, 1.51169814444e-08, 4.48962858002e-08, 9.20588334452e-08, 4.46752665084e-07, 9.64129753811e-07, 8.40550910652e-07, 4.81487120396e-07, 9.13363066957e-07, 7.90768808656e-07, 7.74883119448e-07, 5.53497329747e-07, 4.18120492895e-07, 4.24501990892e-07, 6.57356451939e-07, 7.96902952516e-07, 7.94667130322e-07, 5.90929573718e-07, 3.16824298352e-07, 4.54440197473e-07, 2.82237749616e-07, 2.38309610268e-07, 2.81340533093e-07, 2.61220208131e-07, 2.78847608115e-07, 1.6664462521e-07, 1.68740839968e-07, 6.81126550717e-08, 7.50631130586e-08, 4.16789696089e-08, 1.41470719583e-08, 3.23157429705e-08, 2.02765395585e-08, 1.65552904718e-08, 1.87098052606e-08, 6.87042644998e-09, 3.9948129249e-09, 2.62317634281e-09],
        "stdev": [0.000473225285532, 0.000511542777531, 0.000700284086633, 0.000348948757164, 0.000216177257244, 0.000235419225646, 0.000666706240736, 0.000516096246429, 0.000275746453553, 0.000655896204989, 0.000913429190405, 0.000306032598019, 0.00018090348749, 0.000206660071854, 0.000156985523063, 0.000206852986594, 0.000159857969265, 8.73695171322e-05, 0.000166732119396, 6.52144590276e-05, 0.000112404806714, 4.2218274757e-05, 3.48510184267e-05, 4.58396352769e-05, 4.26386322943e-05, 3.19992104778e-05, 1.84561686183e-05, 1.48833796629e-05, 1.26638133224e-05, 1.02428602986e-05, 1.18661664601e-05, 1.23014006022e-05, 1.38212972161e-05, 1.10688924906e-05, 7.05679030943e-06, 4.63442484033e-06, 3.89584056393e-06, 2.94650817523e-06, 2.72186889561e-06, 2.52041127169e-06]
    },
    "melbands128": {
        "max": [0.00221045920625, 0.00625419802964, 0.00685122329742, 0.0039869225584, 0.0035248817876, 0.00724784750491, 0.0105835814029, 0.0115627720952, 0.00672204419971, 0.00388148264028, 0.00256757508032, 0.00383145571686, 0.00427618250251, 0.00628754775971, 0.00414703879505, 0.00435765460134, 0.00469166599214, 0.0190995261073, 0.011097275652, 0.0116161573678, 0.00686140963808, 0.00277155358344, 0.0103737441823, 0.00941927172244, 0.0130204567686, 0.0159040205181, 0.0121363252401, 0.0149703277275, 0.0120453778654, 0.0105947889388, 0.00515575008467, 0.0030503643211, 0.00410894397646, 0.00334511860274, 0.00862094946206, 0.00272279279307, 0.00388774764724, 0.00570373609662, 0.00148066214751, 0.00469940248877, 0.00278372690082, 0.00434435904026, 0.00221084407531, 0.00259175966494, 0.00157749233767, 0.00135681347456, 0.00173137313686, 0.00285449251533, 0.00238160835579, 0.00153374869842, 0.00105846615043, 0.00147246220149, 0.00226193410344, 0.00184343860019, 0.000578502833378, 0.00120118365157, 0.000927153392695, 0.000575042620767, 0.000403286074288, 0.000562668719795, 0.000639056612272, 0.000820925866719, 0.000825683004223, 0.000530257821083, 0.000563736481126, 0.000659534765873, 0.000470014638267, 0.000405662431149, 0.000284253590507, 0.000264227361185, 0.000143931814819, 0.000285281304969, 0.000175220135134, 0.000168196333107, 0.000147168102558, 0.000120042619528, 0.000139258569106, 0.000217784603592, 0.000172014217242, 0.00019301501743, 0.000215340172872, 0.000227940807235, 0.000182934338227, 0.000245420233114, 0.00018897766131, 0.000167731312104, 0.000194109597942, 9.96053568088e-05, 7.22278564353e-05, 6.84752885718e-05, 8.68622300914e-05, 6.16885226918e-05, 8.89905495569e-05, 0.000105875122244, 4.47247184638e-05, 5.14978637511e-05, 3.16511868732e-05, 3.25099535985e-05, 4.5723576477e-05, 4.04525599151e-05, 2.7655996746e-05, 4.00531898777e-05, 3.6782668758e-05, 2.83428671537e-05, 1.93047853827e-05, 2.19022458623e-05, 1.37093993544e-05, 3.51900325768e-07, 3.43548878234e-09, 3.28152749418e-09, 3.06318437282e-09, 2.86633228264e-09, 2.68326116881e-09, 2.52997556238e-09, 2.38745689884e-09, 2.23439133862e-09, 2.09627115666e-09, 2.04538919135e-09, 1.93582927466e-09, 1.86808812863e-09, 1.79934722677e-09, 1.76015368947e-09, 1.68922997812e-09, 1.64644597955e-09, 1.62107238744e-09, 1.5892596128e-09, 1.57140833679e-09, 1.5562383604e-09],
        "mean": [5.95352357777e-05, 0.000194791253307, 0.00033552251989, 0.000570809759665, 0.000543548550922, 0.000486192526296, 0.00057870731689, 0.000773188192397, 0.000524901901372, 0.000242869282374, 0.000190906619537, 0.0001650355116, 0.000117929055705, 0.000129028601805, 0.000153156899614, 0.000171715844772, 0.00022630719468, 0.000329816481099, 0.000220360016101, 0.00022593223548, 0.00014875359193, 0.000117076808237, 8.87855567271e-05, 0.000157041853527, 0.000286100461381, 0.000404547870858, 0.000681442790665, 0.000516280182637, 0.000254176236922, 0.000182008341653, 7.34405475669e-05, 5.37011983397e-05, 9.76935480139e-05, 8.86221023393e-05, 0.000131721360958, 0.000115978444228, 6.30970534985e-05, 5.84589979553e-05, 7.83479772508e-05, 0.000103200633021, 8.19751367089e-05, 0.000153541201144, 0.000122312194435, 5.81208296353e-05, 6.42330996925e-05, 7.09170199116e-05, 6.32878873148e-05, 8.23458103696e-05, 6.2445345975e-05, 5.49360593141e-05, 3.05500434479e-05, 4.21702752647e-05, 8.86094785528e-05, 5.73407633055e-05, 2.96632915706e-05, 2.50868743024e-05, 2.80778549495e-05, 3.98376650992e-05, 2.89354211418e-05, 2.33776117966e-05, 3.22701853293e-05, 4.56352317997e-05, 3.42853309121e-05, 2.42865517066e-05, 3.00914871332e-05, 2.36569030676e-05, 1.83836855285e-05, 1.66321788129e-05, 1.7273487174e-05, 1.71118372236e-05, 1.54594181367e-05, 1.39307712743e-05, 1.16152505143e-05, 1.19474880194e-05, 8.26843370305e-06, 7.16174554327e-06, 7.8024186223e-06, 7.51114203013e-06, 6.82874724589e-06, 7.50911840441e-06, 7.50183517084e-06, 6.41183578409e-06, 8.21912726678e-06, 8.3854629338e-06, 7.29698376745e-06, 6.44651845505e-06, 5.28361260876e-06, 4.67644213131e-06, 4.95450740345e-06, 4.25529742643e-06, 3.43904116562e-06, 2.44318357545e-06, 2.01896045837e-06, 1.80233598712e-06, 1.52516463459e-06, 1.47507967085e-06, 1.52593440816e-06, 1.20894196698e-06, 1.22438586914e-06, 1.27670625716e-06, 9.96376911644e-07, 1.00920613022e-06, 1.02638273347e-06, 1.04709965854e-06, 7.92550963524e-07, 7.06843593434e-07, 2.05678261977e-07, 8.58764881428e-09, 1.27190211488e-11, 8.53293217334e-12, 8.18716362067e-12, 8.46406538607e-12, 8.92009296288e-12, 9.23558712146e-12, 9.02993565338e-12, 7.79362512027e-12, 6.63035945592e-12, 6.36821498312e-12, 6.24979581976e-12, 6.09853443787e-12, 5.87205284397e-12, 5.77782873629e-12, 5.71738186309e-12, 5.58054557426e-12, 5.04991101019e-12, 4.21357957206e-12, 3.75983272294e-12, 3.67412177071e-12],
        "min": [6.55339046918e-11, 1.18184961817e-10, 4.39734471058e-10, 8.86499096353e-10, 6.51689813225e-10, 6.24483076361e-10, 5.16030329578e-10, 3.44047479395e-09, 2.93452218081e-09, 2.34873742677e-09, 7.05253100364e-09, 4.21832879738e-09, 1.49054635301e-08, 2.33768524538e-08, 4.96775207637e-08, 1.50544821054e-08, 1.0002214168e-07, 1.55838463911e-07, 3.43420396121e-07, 2.59806711256e-07, 4.21950346663e-07, 3.29782096742e-07, 2.71516398698e-07, 1.0662233052e-07, 5.962791505e-08, 3.89998319861e-07, 1.05203362466e-07, 5.08637526764e-07, 4.97725807236e-07, 3.95854556245e-07, 3.94594820818e-07, 3.1293583902e-07, 2.47256025432e-07, 2.93139038376e-07, 2.85517415932e-07, 4.23647435355e-07, 2.33755642398e-07, 3.39822150863e-07, 1.73554795424e-07, 1.98593937739e-07, 1.61566376278e-07, 2.50178686656e-07, 3.60300816737e-07, 2.31071453527e-07, 3.27108352849e-07, 3.84731208669e-07, 6.09121798334e-07, 3.99791474592e-07, 2.19410111413e-07, 1.15170266213e-07, 3.4171301877e-07, 1.11769473676e-07, 2.90326880759e-07, 3.33411918518e-07, 2.20626859004e-07, 2.5021000738e-07, 3.03014161318e-07, 1.46304714121e-07, 2.0233505893e-07, 2.01729093874e-07, 1.41541903531e-07, 1.81492197271e-07, 1.91039873698e-07, 1.78719631094e-07, 2.01926667387e-07, 1.65398859053e-07, 2.12770103758e-07, 1.01184028267e-07, 1.75749832465e-07, 1.59717131964e-07, 6.91367674222e-08, 1.22769961308e-07, 1.03380784822e-07, 1.21842631984e-07, 4.03569053731e-08, 5.46450138472e-08, 4.23012593842e-08, 7.59513056892e-08, 5.4962143281e-08, 6.00886522761e-08, 3.53113698282e-08, 2.69486761795e-08, 1.21544445619e-08, 1.22840733141e-08, 1.94727274305e-08, 1.23715580003e-08, 3.7644387163e-08, 2.90059034569e-08, 1.1582185877e-08, 8.86127971e-09, 1.41309124402e-08, 1.6134578118e-08, 1.51379513369e-08, 1.22866419261e-08, 1.03507549198e-08, 1.06285131807e-08, 2.3861848053e-09, 4.81664708119e-09, 3.74993147645e-09, 2.97582913866e-09, 3.558364714e-09, 2.08927697365e-09, 1.94819316235e-09, 2.12695638879e-09, 1.84677162451e-09, 1.45820577835e-09, 4.38668878999e-10, 2.84708758305e-12, 8.44776072012e-13, 6.69033513485e-13, 8.94155192596e-13, 8.43431336058e-13, 7.97254786061e-13, 7.10404608403e-13, 7.97540364913e-13, 9.6953998649e-13, 6.64148640597e-13, 9.23273501922e-13, 7.73627093376e-13, 8.62737236252e-13, 7.74324669054e-13, 8.56622335999e-13, 8.59395454106e-13, 8.81539361907e-13, 6.16376416053e-13, 2.33514596548e-13, 3.48831410263e-14, 1.07603296323e-15],
        "stdev": [0.000177909605554, 0.000556529441383, 0.000599359278567, 0.000610693125054, 0.000585192407016, 0.000647189794108, 0.000760187453125, 0.00108654575888, 0.000723751436453, 0.000407250248827, 0.000296362035442, 0.000281380634988, 0.000245185685344, 0.000289700023131, 0.000266676186584, 0.000318390317261, 0.000470469647553, 0.00113719841465, 0.000732009822968, 0.00086147635011, 0.000480807328131, 0.000218635512283, 0.000334154319717, 0.000477074383525, 0.000788920908235, 0.00102322327439, 0.00150336162187, 0.00146863621194, 0.000747859419789, 0.000560663465876, 0.000226852062042, 0.000132589135319, 0.000300438376144, 0.000230923425988, 0.000401776575018, 0.000261584587861, 0.000200761132874, 0.000254712387687, 0.000186915349332, 0.00038355140714, 0.000249801407335, 0.000354085117579, 0.000246213690843, 0.000144798133988, 0.000131833032356, 0.000119556905702, 0.000130836866447, 0.000288149516564, 0.000187601996004, 0.000109842927486, 8.00080888439e-05, 8.88123977347e-05, 0.000188812002307, 0.000140638992889, 5.64038964512e-05, 5.50952863705e-05, 5.5651722505e-05, 6.21005965513e-05, 4.3014100811e-05, 4.40319345216e-05, 5.88472794334e-05, 8.76083940966e-05, 6.80227167322e-05, 4.74461012345e-05, 5.96383397351e-05, 4.89883168484e-05, 3.21207735396e-05, 2.67591585725e-05, 2.45120590989e-05, 2.25857857004e-05, 1.91062445083e-05, 2.18669174501e-05, 1.69724571606e-05, 1.76884605025e-05, 1.44286223076e-05, 1.22464480228e-05, 1.474776127e-05, 1.4198608369e-05, 1.37262304634e-05, 1.56744081323e-05, 1.38898194564e-05, 1.37070755954e-05, 1.59020364663e-05, 1.63153708854e-05, 1.42016797327e-05, 1.34869233079e-05, 1.16490837172e-05, 8.79889830685e-06, 8.15451585368e-06, 6.69251221552e-06, 5.7858146647e-06, 4.51505457022e-06, 4.6521549848e-06, 4.84222664454e-06, 3.44259069607e-06, 3.31693240696e-06, 3.13433520205e-06, 2.96629195873e-06, 2.99514954349e-06, 3.046969141e-06, 2.29203874369e-06, 2.75469028566e-06, 2.77970093521e-06, 2.5338974865e-06, 1.92941251953e-06, 1.70232283381e-06, 5.9408512243e-07, 2.23309886138e-08, 9.27349863566e-11, 8.67342864197e-11, 8.10581879396e-11, 7.60849647174e-11, 7.21595630471e-11, 6.93563262377e-11, 6.59025403693e-11, 6.00351712787e-11, 5.55481632913e-11, 5.4125658816e-11, 5.12333231395e-11, 4.94577191701e-11, 4.76268503802e-11, 4.66006955246e-11, 4.4729945442e-11, 4.36050466568e-11, 4.29355717646e-11, 4.21236795445e-11, 4.16602689846e-11, 4.12623407664e-11]
    },
    "mfcc": {
        "mean": [-618.163757324, 84.7170715332, -28.9972934723, 8.82433891296, -10.23478508, 0.262050122023, -4.9324426651, 6.81979656219, 0.885262966156, 6.71588945389, -0.310172200203, -5.74114274979, -4.26500606537],
        "cov": [[4297.14892578, 482.87298584, 1531.18908691, 1473.85986328, 1015.48815918, 757.357666016, 335.404815674, 37.7639503479, -187.386550903, -147.444534302, -44.4333343506, -54.4459114075, 44.7693824768], [482.87298584, 545.980102539, 331.961669922, 346.785095215, 261.03036499, 57.1452674866, 121.846611023, -4.32529211044, -8.20234775543, -15.9481592178, -21.1591205597, 30.5227909088, 33.1202278137], [1531.18908691, 331.961669922, 1293.97521973, 832.682373047, 692.819274902, 284.238800049, 112.545036316, -53.480506897, -69.7706069946, -120.356048584, -65.3524475098, 23.7318553925, 65.9786224365], [1473.85986328, 346.785095215, 832.682373047, 904.900695801, 616.859558105, 325.678283691, 130.050109863, 14.0682954788, -58.6346511841, -58.7587738037, -43.8377342224, -3.63130927086, 63.3961486816], [1015.48815918, 261.03036499, 692.819274902, 616.859558105, 622.354675293, 191.611022949, 53.097366333, -38.735748291, -37.7793960571, -51.98828125, -57.3096694946, 23.4120140076, 61.5346488953], [757.357666016, 57.1452674866, 284.238800049, 325.678283691, 191.611022949, 300.765106201, 116.501960754, 49.9919700623, -35.3582878113, -13.5793132782, -2.67272043228, -32.0318717957, -9.73336791992], [335.404815674, 121.846611023, 112.545036316, 130.050109863, 53.097366333, 116.501960754, 185.16116333, 60.1225242615, -24.3856124878, 3.01761341095, 11.6802768707, -22.288476944, -18.1963577271], [37.7639503479, -4.32529211044, -53.480506897, 14.0682954788, -38.735748291, 49.9919700623, 60.1225242615, 108.99697876, 2.56741595268, 22.8384475708, 6.62075042725, -25.5782718658, -13.4397478104], [-187.386550903, -8.20234775543, -69.7706069946, -58.6346511841, -37.7793960571, -35.3582878113, -24.3856124878, 2.56741595268, 118.196334839, 5.91405963898, -12.3825292587, 0.217019513249, -15.6385145187], [-147.444534302, -15.9481592178, -120.356048584, -58.7587738037, -51.98828125, -13.5793132782, 3.01761341095, 22.8384475708, 5.91405963898, 85.1646652222, 27.3083839417, -0.771817743778, -4.78501224518], [-44.4333343506, -21.1591205597, -65.3524475098, -43.8377342224, -57.3096694946, -2.67272043228, 11.6802768707, 6.62075042725, -12.3825292587, 27.3083839417, 75.913520813, 18.100320816, -3.89408826828], [-54.4459114075, 30.5227909088, 23.7318553925, -3.63130927086, 23.4120140076, -32.0318717957, -22.288476944, -25.5782718658, 0.217019513249, -0.771817743778, 18.100320816, 79.4128875732, 30.2847728729], [44.7693824768, 33.1202278137, 65.9786224365, 63.3961486816, 61.5346488953, -9.73336791992, -18.1963577271, -13.4397478104, -15.6385145187, -4.78501224518, -3.89408826828, 30.2847728729, 70.1895370483]],
        "icov": [[0.000690165208653, 2.34024173551e-05, -0.000172699379618, -0.000589669274632, -0.000105562168756, -0.000733166467398, -0.000198045177967, 0.000158764087246, 0.000381908437703, 0.000412595982198, -0.000290975382086, 0.000204176176339, 0.000222593123908], [2.34024173551e-05, 0.00336578651331, 0.000124071622849, -0.0015246164985, -0.000279321073322, 0.00176355580334, -0.00279770838097, 0.000764955126215, -0.000452540814877, -0.00043410967919, 0.000797199492808, -0.00133649469353, 5.83689579798e-05], [-0.000172699379618, 0.000124071622849, 0.00260229874402, -0.00112781894859, -0.00134605832864, 0.000168544211192, -0.000602332525887, 0.000822104339022, 0.000150975582073, 0.0015865979949, 0.000122905024909, -0.000525671523064, 0.000204238036531], [-0.000589669274632, -0.0015246164985, -0.00112781894859, 0.00673579610884, -0.00316808419302, -0.00250254198909, 0.00103686959483, -0.00168586312793, -0.000285720219836, 2.03327508643e-05, -0.000900882703718, 0.00160421535838, -0.00235620164312], [-0.000105562168756, -0.000279321073322, -0.00134605832864, -0.00316808419302, 0.00682587968186, -4.62140269519e-05, 0.000582141452469, 0.0016489418922, -1.30957105284e-05, -0.00152039737441, 0.00265709869564, -0.00146409217268, -0.000525497074705], [-0.000733166467398, 0.00176355580334, 0.000168544211192, -0.00250254198909, -4.62140269519e-05, 0.0089165577665, -0.00311729265377, -0.0012567586964, 9.44199491641e-05, -0.00042864898569, -0.000187511875993, 0.000336344732204, 0.00180187029764], [-0.000198045177967, -0.00279770838097, -0.000602332525887, 0.00103686959483, 0.000582141452469, -0.00311729265377, 0.0110768964514, -0.00442340318114, 0.00132466002833, 0.000268860312644, -0.00185694987886, 0.00112639425788, 0.00188260606956], [0.000158764087246, 0.000764955126215, 0.000822104339022, -0.00168586312793, 0.0016489418922, -0.0012567586964, -0.00442340318114, 0.0142514631152, -0.00100897415541, -0.00272044842131, 0.000974945316557, 0.00196591601707, -0.000954525312409], [0.000381908437703, -0.000452540814877, 0.000150975582073, -0.000285720219836, -1.30957105284e-05, 9.44199491641e-05, 0.00132466002833, -0.00100897415541, 0.00996174197644, -0.000399020762416, 0.00216463394463, -0.00124421308283, 0.0031101340428], [0.000412595982198, -0.00043410967919, 0.0015865979949, 2.03327508643e-05, -0.00152039737441, -0.00042864898569, 0.000268860312644, -0.00272044842131, -0.000399020762416, 0.0161711778492, -0.00563783990219, 0.00109107675962, -0.000515852239914], [-0.000290975382086, 0.000797199492808, 0.000122905024909, -0.000900882703718, 0.00265709869564, -0.000187511875993, -0.00185694987886, 0.000974945316557, 0.00216463394463, -0.00563783990219, 0.0191164910793, -0.00681371148676, 0.00195583049208], [0.000204176176339, -0.00133649469353, -0.000525671523064, 0.00160421535838, -0.00146409217268, 0.000336344732204, 0.00112639425788, 0.00196591601707, -0.00124421308283, 0.00109107675962, -0.00681371148676, 0.0193820409477, -0.00739940349013], [0.000222593123908, 5.83689579798e-05, 0.000204238036531, -0.00235620164312, -0.000525497074705, 0.00180187029764, 0.00188260606956, -0.000954525312409, 0.0031101340428, -0.000515852239914, 0.00195583049208, -0.00739940349013, 0.0209885649383]]
    },
    "spectral_contrast_coeffs": {
        "max": [-0.514940857887, -0.564549744129, -0.515859186649, -0.58487278223, -0.645939648151, -0.605088472366],
        "mean": [-0.729490637779, -0.756912231445, -0.742555141449, -0.777569532394, -0.779069781303, -0.749254047871],
        "min": [-0.870986223221, -0.904143571854, -0.91601228714, -0.895322620869, -0.880115568638, -0.864618778229],
        "stdev": [0.0551641210914, 0.0594970323145, 0.0790864676237, 0.0576947703958, 0.0424788445234, 0.0486180000007]
    },
    "spectral_contrast_valleys": {
        "max": [-5.51255893707, -5.10026836395, -5.74215698242, -5.9291009903, -5.99387979507, -7.72754573822],
        "mean": [-7.50968599319, -6.76530838013, -7.03131818771, -7.08582115173, -7.02979707718, -9.76583862305],
        "min": [-11.9363918304, -8.46108627319, -9.11483097076, -8.67709159851, -8.43414592743, -11.7239427567],
        "stdev": [1.66123497486, 0.635779857635, 0.432837218046, 0.391822874546, 0.501491785049, 0.736190199852]
    }
},
"rhythm": {
    "beats_count": 65,
    "beats_loudness": {
        "max": 0.0480848476291,
        "mean": 0.0268541257828,
        "min": 0.00271295872517,
        "stdev": 0.0132021876052
    },
    "bpm": 126.865959167,
    "bpm_histogram_first_peak_bpm": 126,
    "bpm_histogram_first_peak_weight": 0.450980365276,
    "bpm_histogram_second_peak_bpm": 92,
    "bpm_histogram_second_peak_spread": 0.199999988079,
    "bpm_histogram_second_peak_weight": 0.125,
    "danceability": 0.950229406357,
    "onset_rate": 2.51832795143,
    "beats_loudness_band_ratio": {
        "max": [0.756886780262, 0.273827403784, 0.629018723965, 0.562941849232, 0.565174221992, 0.444923609495],
        "mean": [0.218326419592, 0.0777335390449, 0.25615426898, 0.187185242772, 0.165964201093, 0.130534529686],
        "min": [0.000124933518237, 0.00077254336793, 0.0135010210797, 0.0228042863309, 0.0359436608851, 0.0137393092737],
        "stdev": [0.179211586714, 0.0632288977504, 0.187977880239, 0.140100806952, 0.113942414522, 0.0877394005656]
    },
    "beats_position": [0.49922901392, 0.99845802784, 1.47446703911, 1.95047616959, 2.42648530006, 2.90249419212, 3.3785033226, 3.85451245308, 4.31891155243, 4.78331041336, 5.24770975113, 5.72371864319, 6.21133756638, 6.68734693527, 7.17496585846, 7.63936471939, 8.10376358032, 8.56816291809, 9.03256225586, 9.50857162476, 9.98458003998, 10.4489793777, 10.9249887466, 11.4009971619, 11.8653964996, 12.3530158997, 12.8174142838, 13.2934236526, 13.7694330215, 14.2338323593, 14.6982307434, 15.1626300812, 15.6386394501, 16.114648819, 16.5906581879, 17.0666656494, 17.5426750183, 18.0186843872, 18.483083725, 18.9474830627, 19.4234924316, 19.8994998932, 20.3755092621, 20.851518631, 21.3275279999, 21.8035373688, 22.2911567688, 22.7555541992, 23.219953537, 23.707572937, 24.1835823059, 24.6595916748, 25.1239910126, 25.6928787231, 26.2617683411, 26.9235363007, 27.5853061676, 28.2354640961, 28.8856239319, 29.5241718292, 30.1627197266, 30.8128795624, 31.4630374908, 32.1131973267, 32.7633552551],
