{
"metadata": {
    "version": {
        "essentia": "2.1-beta5",
        "essentia_git_sha": "Undefined",
        "extractor": "music 2.0"
    },
    "audio_properties": {
        "analysis": {
            "equal_loudness": 0,
            "length": 48.7502937317,
            "sample_rate": 44100,
            "start_time": 110.248344421,
            "downmix": "mix"
        },
        "bit_rate": 192000,
        "length": 181.324645996,
        "lossless": 0,
        "number_channels": 2,
        "replay_gain": -5.55891990662,
        "sample_rate": 48000,
        "codec": "mp3",
        "md5_encoded": "089c8e49dafdf540c990d1fe7b9439a2"
    },
    "tags": {
        "file_name": "San Marino_Complice_Miodio.mp3",
        "encoding": ["Lavf58.29.100"]
    }
},
"lowlevel": {
    "average_loudness": 0.984549701214,
    "barkbands_crest": {
        "max": 22.41065979,
        "mean": 11.4949264526,
        "min": 3.5943300724,
        "stdev": 3.24673175812
    },
    "barkbands_flatness_db": {
        "max": 0.212243780494,
        "mean": 0.115126982331,
        "min": 0.0408256836236,
        "stdev": 0.0260131582618
    },
    "barkbands_kurtosis": {
        "max": 21.5541343689,
        "mean": 1.34814977646,
        "min": -1.89058125019,
        "stdev": 2.59151506424
    },
    "barkbands_skewness": {
        "max": 4.4514336586,
        "mean": 1.21471726894,
        "min": -0.506354570389,
        "stdev": 0.742149531841
    },
    "barkbands_spread": {
        "max": 115.587585449,
        "mean": 28.0751399994,
        "min": 8.20961284637,
        "stdev": 12.6519813538
    },
    "dissonance": {
        "max": 0.499879151583,
        "mean": 0.471690118313,
        "min": 0.351275056601,
        "stdev": 0.0208486486226
    },
    "dynamic_complexity": 1.36205768585,
    "erbbands_crest": {
        "max": 27.3723335266,
        "mean": 10.0241775513,
        "min": 2.50527215004,
        "stdev": 5.37065982819
    },
    "erbbands_flatness_db": {
        "max": 0.23672772944,
        "mean": 0.139960005879,
        "min": 0.0493263974786,
        "stdev": 0.0282846409827
    },
    "erbbands_kurtosis": {
        "max": 7.82079601288,
        "mean": 0.424116373062,
        "min": -1.42540633678,
        "stdev": 1.28788328171
    },
    "erbbands_skewness": {
        "max": 2.27159643173,
        "mean": 0.195982784033,
        "min": -1.50035572052,
        "stdev": 0.631914794445
    },
    "erbbands_spread": {
        "max": 84.5555648804,
        "mean": 34.5271987915,
        "min": 8.97775936127,
        "stdev": 12.4940671921
    },
    "hfc": {
        "max": 284.935394287,
        "mean": 33.6930961609,
        "min": 3.50423264503,
        "stdev": 22.2583351135
    },
    "loudness_ebu128": {
        "integrated": -15.6062736511,
        "loudness_range": 1.22921276093,
        "momentary": {
            "max": -14.1321144104,
            "mean": -15.6476240158,
            "min": -17.2112178802,
            "stdev": 0.601484835148
        },
        "short_term": {
            "max": -14.9578294754,
            "mean": -15.6234254837,
            "min": -16.5792655945,
            "stdev": 0.399963617325
        }
    },
    "melbands_crest": {
        "max": 27.6779594421,
        "mean": 15.4369354248,
        "min": 5.71139621735,
        "stdev": 4.03930234909
    },
    "melbands_flatness_db": {
        "max": 0.306773871183,
        "mean": 0.184806674719,
        "min": 0.0784209668636,
        "stdev": 0.0339530482888
    },
    "melbands_kurtosis": {
        "max": 76.6775665283,
        "mean": 8.09873580933,
        "min": -0.934131383896,
        "stdev": 8.49170398712
    },
    "melbands_skewness": {
        "max": 7.70876693726,
        "mean": 2.36923670769,
        "min": -0.078548245132,
        "stdev": 1.20588445663
    },
    "melbands_spread": {
        "max": 98.9043884277,
        "mean": 26.6281299591,
        "min": 4.6481127739,
        "stdev": 11.4450883865
    },
    "pitch_salience": {
        "max": 0.795465409756,
        "mean": 0.47718578577,
        "min": 0.202576428652,
        "stdev": 0.0759380161762
    },
    "silence_rate_20dB": {
        "max": 1,
        "mean": 1,
        "min": 1,
        "stdev": 0
    },
    "silence_rate_30dB": {
        "max": 1,
        "mean": 1,
        "min": 1,
        "stdev": 0
    },
    "silence_rate_60dB": {
        "max": 0,
        "mean": 0,
        "min": 0,
        "stdev": 0
    },
    "spectral_centroid": {
        "max": 3561.67651367,
        "mean": 1584.80322266,
        "min": 691.242980957,
        "stdev": 411.071594238
    },
    "spectral_complexity": {
        "max": 54,
        "mean": 30.3207988739,
        "min": 1,
        "stdev": 6.10124158859
    },
    "spectral_decrease": {
        "max": -1.36009911667e-10,
        "mean": -1.14270886087e-08,
        "min": -3.49956685852e-08,
        "stdev": 3.20490367578e-09
    },
    "spectral_energy": {
        "max": 0.137078970671,
        "mean": 0.0461845397949,
        "min": 0.000831176468637,
        "stdev": 0.0126903532073
    },
    "spectral_energyband_high": {
        "max": 0.0282813459635,
        "mean": 0.00128320546355,
        "min": 9.30274545681e-05,
        "stdev": 0.0022696678061
    },
    "spectral_energyband_low": {
        "max": 0.104341745377,
        "mean": 0.0220415852964,
        "min": 0.000235353189055,
        "stdev": 0.00991117488593
    },
    "spectral_energyband_middle_high": {
        "max": 0.0470367111266,
        "mean": 0.0111870653927,
        "min": 0.000100856028439,
        "stdev": 0.00791545119137
    },
    "spectral_energyband_middle_low": {
        "max": 0.0798126012087,
        "mean": 0.0124970367178,
        "min": 0.000191562445252,
        "stdev": 0.0102482195944
    },
    "spectral_entropy": {
        "max": 9.03474140167,
        "mean": 7.79651403427,
        "min": 7.07859802246,
        "stdev": 0.218878030777
    },
    "spectral_flux": {
        "max": 0.311039626598,
        "mean": 0.091065749526,
        "min": 0.0394448339939,
        "stdev": 0.0346491783857
    },
    "spectral_kurtosis": {
        "max": 9.1865978241,
        "mean": 3.76842355728,
        "min": -1.05606544018,
        "stdev": 1.35608720779
    },
    "spectral_rms": {
        "max": 0.0115644102916,
        "mean": 0.00664822384715,
        "min": 0.000900502025615,
        "stdev": 0.00092691212194
    },
    "spectral_rolloff": {
        "max": 10788.1347656,
        "mean": 1354.11950684,
        "min": 107.666015625,
        "stdev": 1286.15075684
    },
    "spectral_skewness": {
        "max": 2.15521192551,
        "mean": 1.43656265736,
        "min": 0.414322167635,
        "stdev": 0.219339191914
    },
    "spectral_spread": {
        "max": 21930566,
        "mean": 4420318.5,
        "min": 2855540.25,
        "stdev": 1226652.625
    },
    "spectral_strongpeak": {
        "max": 7.83038663864,
        "mean": 1.20713555813,
        "min": 0.0109425550327,
        "stdev": 1.6281106472
    },
    "zerocrossingrate": {
        "max": 0.25927734375,
        "mean": 0.0549745187163,
        "min": 0.0087890625,
        "stdev": 0.0258373487741
    },
    "barkbands": {
        "max": [0.00174791296013, 0.0657287836075, 0.0725742504001, 0.0147646516562, 0.0675960108638, 0.0353050902486, 0.0404931977391, 0.0629050582647, 0.0380513444543, 0.0274245291948, 0.038915283978, 0.0187335330993, 0.0129035729915, 0.00761850737035, 0.00554287945852, 0.00678523210809, 0.0065473052673, 0.00382095854729, 0.00640855776146, 0.00436373800039, 0.00351670663804, 0.00319567043334, 0.00525583466515, 0.0105425752699, 0.0183539669961, 0.00135628250428, 5.7239227317e-05],
        "mean": [0.000301021995256, 0.0171727444977, 0.00395461590961, 0.00127322645858, 0.00304129789583, 0.0016550013097, 0.00106972584035, 0.00196824432351, 0.00312465219758, 0.00107948039658, 0.00348666333593, 0.00149458204396, 0.000858967308886, 0.000719156174455, 0.000762123323511, 0.000991865410469, 0.000678721291479, 0.000450401916169, 0.000536876788829, 0.000444121164037, 0.000172973959707, 0.00029450195143, 0.000211513019167, 0.000210300611798, 0.00019452937704, 3.45766384271e-05, 2.70605551123e-06],
        "min": [4.50604744628e-08, 0.000101644021925, 2.8496799132e-05, 1.51618205564e-05, 3.08209491777e-05, 1.9349359718e-05, 7.69385314925e-06, 4.62150728708e-06, 2.10338184843e-05, 6.31641569271e-06, 3.67991265193e-06, 7.02211946191e-06, 2.0086299628e-05, 1.6041472918e-05, 4.44621082352e-06, 1.07799041871e-05, 9.00576196727e-06, 7.69321923144e-06, 1.16327864816e-05, 3.50648201675e-06, 9.19761896512e-06, 1.099407109e-05, 6.87885221851e-06, 5.6526409935e-06, 4.2852138904e-06, 1.56074975166e-06, 4.52361170744e-09],
        "stdev": [0.000280293315882, 0.00841669924557, 0.00464060110971, 0.00129340740386, 0.00538174062967, 0.00240588956513, 0.00243449839763, 0.00497279269621, 0.00642595253885, 0.00270907068625, 0.00606350880116, 0.00207320088521, 0.0009517755243, 0.000678103999235, 0.000606027257163, 0.000748976890463, 0.000539286120329, 0.000316474121064, 0.000520467874594, 0.000425545265898, 0.000244375754846, 0.000326708133798, 0.000302323576761, 0.000797017244622, 0.00100019259844, 0.000100412449683, 4.93084871778e-06]
    },
    "erbbands": {
        "max": [1.99393212795, 17.6615905762, 74.443649292, 56.8064155579, 126.829864502, 302.350494385, 218.959487915, 413.138244629, 216.824996948, 798.110900879, 1184.75842285, 1107.47399902, 1296.7286377, 1277.53686523, 1828.1628418, 390.231628418, 694.313903809, 441.948028564, 349.571563721, 392.330963135, 387.434265137, 332.523620605, 165.436508179, 408.281311035, 347.524139404, 204.152557373, 121.204093933, 150.762939453, 104.598564148, 161.297515869, 165.103927612, 203.6065979, 214.496353149, 272.999237061, 118.416252136, 13.5848579407, 1.85458934307, 0.287998110056, 0.0209281165153, 0.000721454387531],
        "mean": [0.411007732153, 4.04921293259, 6.07834482193, 3.95733380318, 6.28719615936, 11.3983840942, 13.8798599243, 13.3450746536, 12.6040554047, 29.0961208344, 40.9396781921, 74.9050064087, 47.1522254944, 71.6696624756, 139.258041382, 45.983707428, 40.1163253784, 36.6440963745, 41.8760185242, 42.726436615, 52.9773788452, 37.8560066223, 25.7293796539, 28.2399578094, 27.6858177185, 19.5355625153, 8.47245597839, 6.99875926971, 9.44831943512, 10.2362041473, 5.44494009018, 4.48113870621, 3.41982746124, 2.61406064034, 1.09973597527, 0.252438098192, 0.0437029637396, 0.00769513566047, 0.000412392837461, 6.7178872996e-05],
        "min": [0.00195256865118, 0.0249751098454, 0.098283931613, 0.139838933945, 0.0874629765749, 0.0864449366927, 0.120645567775, 0.308741629124, 0.215466886759, 0.0694473385811, 0.129942029715, 0.532578289509, 0.37400662899, 0.240892499685, 0.339695543051, 0.310933023691, 0.846556425095, 0.902388811111, 0.424068331718, 0.241395294666, 0.727407634258, 0.582053244114, 0.39430269599, 0.491685658693, 0.549497485161, 0.194427743554, 0.172905758023, 0.532987475395, 0.361043304205, 0.268190979958, 0.207519963384, 0.131897971034, 0.0734969973564, 0.0541659705341, 0.0252632442862, 0.0103017231449, 0.00261546042748, 0.000257635110756, 1.86408833542e-05, 1.76110188477e-05],
        "stdev": [0.243991270661, 2.20524311066, 5.63456106186, 3.30360341072, 9.01048564911, 23.4062347412, 19.5997543335, 20.4371089935, 17.8610725403, 62.3680381775, 84.2763519287, 155.495895386, 90.1514968872, 162.274841309, 226.339767456, 45.2938423157, 39.6548614502, 33.1864471436, 32.8734664917, 30.907585144, 37.3604888916, 28.4142894745, 16.1756305695, 23.7623271942, 28.9745464325, 17.0779819489, 8.47949886322, 10.501789093, 11.6353855133, 11.3917732239, 8.57669258118, 12.9068479538, 15.6155691147, 13.6787157059, 5.90983343124, 0.932967245579, 0.105196796358, 0.0138532109559, 0.000929813075345, 4.04699858336e-05]
    },
    "gfcc": {
        "mean": [59.1863098145, 89.8938980103, -121.405136108, 41.993598938, -44.9419631958, 27.5850601196, -30.3570537567, 16.7124233246, -17.6575641632, 4.61910820007, -12.3187875748, 5.40547370911, -10.7351932526],
        "cov": [[482.196289062, -311.29989624, 22.8243618011, -35.4405899048, -117.584197998, 69.7794647217, -12.7286605835, -2.28793263435, -29.9215946198, -29.7146034241, -35.2376747131, 24.8679428101, 11.5257501602], [-311.29989624, 449.924835205, -107.648406982, -17.8326625824, 51.4499130249, -103.483589172, 60.4465560913, -15.6985807419, 31.9154129028, -29.6530990601, 36.7860870361, -28.1886177063, -13.8112277985], [22.8243618011, -107.648406982, 227.757354736, 23.7558937073, -1.30801987648, -17.2896747589, -106.657249451, 8.50047302246, -21.2120838165, 54.8659095764, -21.9854755402, -15.7153921127, -2.03231573105], [-35.4405899048, -17.8326625824, 23.7558937073, 121.401107788, 40.4986610413, 1.95000362396, -38.246635437, -17.6945228577, 10.7587509155, 24.8096847534, 4.42696046829, -5.02224159241, 3.84174823761], [-117.584197998, 51.4499130249, -1.30801987648, 40.4986610413, 132.916671753, -3.16998672485, -2.7400560379, -13.4105052948, -26.1524829865, 15.340798378, 14.595123291, 8.7136888504, 2.37066364288], [69.7794647217, -103.483589172, -17.2896747589, 1.95000362396, -3.16998672485, 131.285110474, 51.0315475464, -12.0593338013, -13.3866147995, -34.9406776428, 1.59080994129, 35.5518035889, 15.8155155182], [-12.7286605835, 60.4465560913, -106.657249451, -38.246635437, -2.7400560379, 51.0315475464, 131.559188843, 17.038892746, 15.0229644775, -50.6868782043, 3.87564277649, 17.1782283783, 0.992565691471], [-2.28793263435, -15.6985807419, 8.50047302246, -17.6945228577, -13.4105052948, -12.0593338013, 17.038892746, 82.3914260864, 41.3047828674, 20.623966217, -9.82775783539, -29.6284141541, -8.37005138397], [-29.9215946198, 31.9154129028, -21.2120838165, 10.7587509155, -26.1524829865, -13.3866147995, 15.0229644775, 41.3047828674, 94.9611587524, 25.5510082245, -3.92943263054, -19.7646083832, -15.4226932526], [-29.7146034241, -29.6530990601, 54.8659095764, 24.8096847534, 15.340798378, -34.9406776428, -50.6868782043, 20.623966217, 25.5510082245, 90.2713851929, 16.2809581757, -21.0193767548, -18.4737892151], [-35.2376747131, 36.7860870361, -21.9854755402, 4.42696046829, 14.595123291, 1.59080994129, 3.87564277649, -9.82775783539, -3.92943263054, 16.2809581757, 56.9807853699, 19.9773807526, -0.604564011097], [24.8679428101, -28.1886177063, -15.7153921127, -5.02224159241, 8.7136888504, 35.5518035889, 17.1782283783, -29.6284141541, -19.7646083832, -21.0193767548, 19.9773807526, 67.2675628662, 24.804731369], [11.5257501602, -13.8112277985, -2.03231573105, 3.84174823761, 2.37066364288, 15.8155155182, 0.992565691471, -8.37005138397, -15.4226932526, -18.4737892151, -0.604564011097, 24.804731369, 48.4440879822]],
        "icov": [[0.00543471891433, 0.0041745826602, 0.000767736521084, 0.000523367605638, 0.00307432748377, 0.00138515466824, -0.000549755059183, 0.00104737677611, 0.000641969789285, 0.00200097262859, -0.000281843094854, 0.00020328440587, 0.000337240519002], [0.0041745826602, 0.00943519361317, -0.000360634672688, 0.00175555271562, -0.00104266311973, 0.00762667087838, -0.00499260565266, 0.00592344580218, -0.00423769745976, 0.0065914131701, -0.0066119725816, 0.00584361469373, -0.0016808815999], [0.000767736521084, -0.000360634672688, 0.00935998465866, -0.000146285281517, 0.00148340058513, -0.00291236699559, 0.00760218454525, -0.00399449840188, 0.00397657044232, -0.00417510559782, 0.00529276859015, -0.00281158601865, 0.00133058277424], [0.000523367605638, 0.00175555271562, -0.000146285281517, 0.0127931470051, -0.00478838849813, -0.00111516483594, 0.00282444641925, 0.00556554784998, -0.0060424678959, 0.000498784298543, -0.00203634193167, 0.00458650384098, -0.00324986944906], [0.00307432748377, -0.00104266311973, 0.00148340058513, -0.00478838849813, 0.0138405291364, -0.00144913780969, -0.000500150606968, -0.00300864852034, 0.0079790558666, -0.00495466962457, 0.0031184561085, -0.00457788677886, 0.00173319841269], [0.00138515466824, 0.00762667087838, -0.00291236699559, -0.00111516483594, -0.00144913780969, 0.0187858138233, -0.0110351582989, 0.00585080683231, -0.00340571929701, 0.00699248351157, -0.00626246351749, 0.00144901045132, -0.002251858823], [-0.000549755059183, -0.00499260565266, 0.00760218454525, 0.00282444641925, -0.000500150606968, -0.0110351582989, 0.0243037194014, -0.0103586157784, 0.000591774645727, 0.00316652562469, 0.00412615621462, -0.00668406579643, 0.00501163816079], [0.00104737677611, 0.00592344580218, -0.00399449840188, 0.00556554784998, -0.00300864852034, 0.00585080683231, -0.0103586157784, 0.0270363353193, -0.0117389131337, 3.16622572427e-05, -0.00500163016841, 0.0140709914267, -0.00704104220495], [0.000641969789285, -0.00423769745976, 0.00397657044232, -0.0060424678959, 0.0079790558666, -0.00340571929701, 0.000591774645727, -0.0117389131337, 0.0229082014412, -0.0100677236915, 0.00798142049462, -0.00670146895573, 0.00495093921199], [0.00200097262859, 0.0065914131701, -0.00417510559782, 0.000498784298543, -0.00495466962457, 0.00699248351157, 0.00316652562469, 3.16622572427e-05, -0.0100677236915, 0.0295066107064, -0.0152545133606, 0.0067394785583, 0.00349441613071], [-0.000281843094854, -0.0066119725816, 0.00529276859015, -0.00203634193167, 0.0031184561085, -0.00626246351749, 0.00412615621462, -0.00500163016841, 0.00798142049462, -0.0152545133606, 0.0325621441007, -0.0157613903284, 0.00470913760364], [0.00020328440587, 0.00584361469373, -0.00281158601865, 0.00458650384098, -0.00457788677886, 0.00144901045132, -0.00668406579643, 0.0140709914267, -0.00670146895573, 0.0067394785583, -0.0157613903284, 0.0346555262804, -0.0140497107059], [0.000337240519002, -0.0016808815999, 0.00133058277424, -0.00324986944906, 0.00173319841269, -0.002251858823, 0.00501163816079, -0.00704104220495, 0.00495093921199, 0.00349441613071, 0.00470913760364, -0.0140497107059, 0.029888946563]]
    },
    "melbands": {
        "max": [0.0170174371451, 0.0284856427461, 0.00885976199061, 0.0171363484114, 0.0070264749229, 0.0081530297175, 0.00429684203118, 0.00892079714686, 0.00770890852436, 0.00717757083476, 0.00630304869264, 0.00469917338341, 0.00504247704521, 0.00246918597259, 0.00102796498686, 0.00135951116681, 0.000958522083238, 0.000661916797981, 0.000505497097038, 0.0006011245423, 0.000465694873128, 0.000423021323513, 0.000166193800396, 0.000189442595001, 0.000420909200329, 0.000324061809806, 0.000265904847765, 0.000123705234728, 8.23590671644e-05, 8.50772921694e-05, 8.70562435011e-05, 6.2662322307e-05, 8.22549118311e-05, 8.85454355739e-05, 0.000116191629786, 7.6926255133e-05, 0.000156630267156, 0.000183930329513, 0.00022954569431, 0.000216328829993],
        "mean": [0.00434024585411, 0.00391142070293, 0.000757667876314, 0.000655656622257, 0.000497682485729, 0.000293496850645, 0.00020359455084, 0.00037938269088, 0.00032386337989, 0.000497869914398, 0.000226447504247, 0.000260902685113, 0.000444404489826, 0.000232672871789, 9.07536086743e-05, 8.472288755e-05, 6.63333194098e-05, 6.59906290821e-05, 5.88009570492e-05, 6.64530307404e-05, 5.83819492022e-05, 4.15454233007e-05, 2.68242929451e-05, 1.97340068553e-05, 2.33331920754e-05, 1.96678975044e-05, 2.03100189538e-05, 1.11339422801e-05, 5.66786820855e-06, 3.77879450753e-06, 4.05866103392e-06, 4.90135062137e-06, 6.61542662783e-06, 5.2007640079e-06, 3.22817481901e-06, 2.64031200459e-06, 2.75107095149e-06, 2.37486119659e-06, 2.30826572079e-06, 2.20366200665e-06],
        "min": [2.58756535914e-05, 4.54691398772e-05, 2.41479738179e-05, 4.7961166274e-06, 6.72601981933e-06, 5.01948034071e-06, 2.83028248305e-06, 7.75105149842e-07, 1.19148330668e-06, 3.65065761798e-06, 1.56590795086e-06, 8.90669355158e-07, 1.13476994557e-06, 7.9150225929e-07, 1.38663551752e-06, 1.95099596567e-06, 1.68358087649e-06, 7.63653872582e-07, 3.55957126885e-07, 3.85947060977e-07, 9.13730502816e-07, 6.20382763827e-07, 4.34822425177e-07, 2.80240442407e-07, 3.91636291397e-07, 5.12523286034e-07, 1.67087577552e-07, 1.23810053765e-07, 1.02710806971e-07, 8.86743976025e-08, 2.30157809256e-07, 1.77987217853e-07, 1.82425495154e-07, 1.12742988279e-07, 1.15841814363e-07, 7.7849939828e-08, 6.32917149801e-08, 3.81517999415e-08, 3.46034276788e-08, 3.37788002014e-08],
        "stdev": [0.00221375701949, 0.00241969944909, 0.000588052498642, 0.00130244134925, 0.000657900935039, 0.000434232526459, 0.000351047754521, 0.000852990546264, 0.000667445885483, 0.00107883068267, 0.000464614509838, 0.00062047643587, 0.000699378084391, 0.000361057027476, 0.00010061388457, 0.000103008722363, 6.93457041052e-05, 5.77884420636e-05, 4.6113767894e-05, 5.64394867979e-05, 4.50813204225e-05, 3.55962038157e-05, 1.74648339453e-05, 1.42444741869e-05, 2.18980239879e-05, 2.1476244001e-05, 2.38216071011e-05, 9.87202747638e-06, 5.4215097407e-06, 5.72050976189e-06, 6.52154903946e-06, 6.59858551444e-06, 7.47267631596e-06, 6.17707291894e-06, 4.96053462484e-06, 6.06494222666e-06, 8.85840745468e-06, 1.12075786092e-05, 1.15331940833e-05, 1.20196200442e-05]
    },
    "melbands128": {
        "max": [0.00165512389503, 0.0150765664876, 0.0269627943635, 0.0327239558101, 0.0387588627636, 0.032496612519, 0.0121138850227, 0.00797921512276, 0.0113515965641, 0.0266478173435, 0.0191544815898, 0.00906600244343, 0.010141775012, 0.0104073509574, 0.0143266320229, 0.0111917499453, 0.00281690200791, 0.00627736840397, 0.0144700165838, 0.0124965254217, 0.0184556860477, 0.022953024134, 0.00978961307555, 0.014748970978, 0.0115485787392, 0.0147275617346, 0.0164914745837, 0.00601459946483, 0.00761511921883, 0.00716681033373, 0.00923400651664, 0.011042887345, 0.00987319368869, 0.0130681907758, 0.00502398377284, 0.00253155757673, 0.00125449243933, 0.00170308456291, 0.00245915306732, 0.00247838185169, 0.00282919220626, 0.00210226769559, 0.00194050348364, 0.00124209653586, 0.00133673707023, 0.00105973752216, 0.000916576304007, 0.000713665678632, 0.000835406128317, 0.00102491374128, 0.00118747109082, 0.000772260245867, 0.00104672613088, 0.000777239969466, 0.00109565688763, 0.000556170125492, 0.00055028416682, 0.000343550898833, 0.000245670904405, 0.000232413367485, 0.000281331507722, 0.000333734409651, 0.000407772429753, 0.000842019449919, 0.0004712244845, 0.000673910311889, 0.000683958234731, 0.00062526325928, 0.000428830360761, 0.000353395502316, 0.000156038659043, 0.000100743913208, 9.01361127035e-05, 9.92405621218e-05, 0.000112431509478, 0.000121591518109, 8.62214001245e-05, 0.000131348861032, 0.000113698937639, 7.42788251955e-05, 7.8185548773e-05, 0.00010010128608, 0.000103075821244, 0.000100872865005, 9.71641056822e-05, 0.000114235030196, 7.29205130483e-05, 0.000165599572938, 0.000137346869451, 6.86772546032e-05, 7.12270630174e-05, 0.000111663139251, 0.000125674472656, 0.000150855543325, 0.000220739428187, 0.000223293987801, 0.000225674782996, 0.000214008643525, 0.00034985516686, 0.000394962611608, 0.000351515744114, 0.00024122580362, 0.000304773304379, 0.000275303726085, 0.000151203523274, 0.000103515500086, 5.49464020878e-05, 3.07508489641e-05, 2.30086898227e-05, 1.61475963978e-05, 1.36230073622e-05, 5.69864732824e-06, 4.6058917178e-06, 8.76384001458e-06, 1.09072743726e-05, 1.57635543019e-06, 1.19797982734e-06, 1.10940084141e-06, 7.73530985043e-07, 3.56914597432e-07, 1.33920445933e-06, 2.42663986683e-07, 8.62297824256e-08, 6.09273413943e-08, 6.00179319576e-08, 5.92989515269e-08, 5.87612269953e-08, 5.84478705434e-08],
        "mean": [0.000282778491965, 0.00260367221199, 0.00645896233618, 0.00693884398788, 0.00408991565928, 0.00157469499391, 0.000728344894014, 0.000639595731627, 0.000561744556762, 0.000756516004913, 0.000640909769572, 0.000511130900122, 0.000477725028759, 0.000449564307928, 0.000354192539817, 0.00016938635963, 0.000124269034131, 0.000228613105719, 0.000290804862743, 0.000222205882892, 0.000577196711674, 0.000452155596577, 0.000199655827601, 0.000319307087921, 0.000405370694352, 0.000809246266726, 0.000199399073608, 0.000185153869097, 0.000182405681699, 0.000121394208691, 0.000345598120475, 0.000450985913631, 0.000248200289207, 0.000765189703088, 0.000305186316837, 7.31893960619e-05, 5.31548539584e-05, 0.000128526196931, 8.10237397673e-05, 7.59032991482e-05, 0.000112549801997, 4.62821481051e-05, 6.76955387462e-05, 6.88247891958e-05, 7.21266551409e-05, 6.56459305901e-05, 6.1257276684e-05, 6.78738215356e-05, 5.1984552556e-05, 4.2658073653e-05, 7.89507466834e-05, 7.8356351878e-05, 6.45994514343e-05, 5.06812866661e-05, 4.01908982894e-05, 4.98267399962e-05, 2.99327730318e-05, 3.05443354591e-05, 2.3081260224e-05, 2.62092071353e-05, 1.48974286276e-05, 1.713306483e-05, 3.04349341604e-05, 2.10648413486e-05, 2.06555669138e-05, 1.92246188817e-05, 1.9468334358e-05, 2.08869532798e-05, 2.30157875194e-05, 1.55376983457e-05, 1.07812893475e-05, 9.84820599115e-06, 6.36442473478e-06, 5.23007065567e-06, 4.04531101594e-06, 3.79470907319e-06, 3.56300438398e-06, 3.92377614844e-06, 4.19683829023e-06, 4.2234760258e-06, 4.26618998972e-06, 5.60736725674e-06, 5.27007568962e-06, 7.49731270844e-06, 6.83673215462e-06, 5.74209207116e-06, 4.77070170746e-06, 4.05398623116e-06, 3.20492790706e-06, 2.4355019832e-06, 2.52601466855e-06, 2.73703426501e-06, 2.78206834992e-06, 2.89934018838e-06, 2.65478729489e-06, 2.3840589165e-06, 2.36114942709e-06, 2.26156453209e-06, 2.2358485694e-06, 2.45701403401e-06, 2.2574868126e-06, 2.21781874643e-06, 2.03697754841e-06, 1.75372554168e-06, 1.19603600979e-06, 8.025769489e-07, 7.15238400062e-07, 5.74147463794e-07, 3.67283433889e-07, 2.66452332198e-07, 2.10511302612e-07, 1.26018903757e-07, 1.0299702069e-07, 1.16672588035e-07, 9.00836312212e-08, 6.27540757137e-08, 6.04462897513e-08, 3.21437667594e-08, 1.33213680087e-08, 7.75863995273e-09, 4.24728696657e-09, 1.64275237857e-09, 8.41605896085e-10, 4.64444073478e-11, 3.58579624327e-11, 3.53810973575e-11, 3.50276266325e-11, 3.48443079945e-11],
        "min": [4.15416394617e-08, 5.94107223151e-06, 1.07859450509e-05, 4.38878669229e-05, 2.92495587928e-05, 1.08443582576e-05, 2.18366994886e-06, 6.10151346336e-06, 6.51084428682e-06, 1.83591544101e-06, 3.47348645846e-06, 1.4053052837e-06, 1.89092588698e-06, 3.65325331586e-06, 1.3072647107e-06, 4.89063666009e-07, 3.57453330935e-07, 8.00609655016e-07, 5.3846741821e-07, 5.12680060183e-07, 5.50036190816e-07, 4.70887783877e-07, 5.04974195792e-07, 9.1500714916e-07, 6.09798576079e-07, 2.62746851831e-07, 2.59495152477e-07, 6.96470749517e-07, 7.01670614944e-07, 4.94778305438e-07, 1.89922900518e-07, 2.33365739177e-07, 6.10578126725e-07, 8.83763050297e-07, 1.08702704438e-06, 6.20044374955e-07, 3.19061769005e-07, 8.29479063214e-07, 1.44764237575e-06, 6.82364031945e-07, 1.05267599793e-06, 1.00279407889e-06, 9.7356905826e-07, 1.03782076621e-06, 1.16397370675e-06, 5.4128793181e-07, 3.03092292597e-07, 5.0574163879e-07, 2.8548362252e-07, 1.68739347828e-07, 3.01046100049e-07, 5.44638055544e-07, 1.4359038687e-06, 7.62846241287e-07, 4.93140532853e-07, 8.1688182263e-07, 5.32127160113e-07, 2.59848633277e-07, 6.33107958947e-07, 3.18065389138e-07, 9.41806632682e-08, 3.29621030914e-07, 5.71020393636e-07, 1.90349922491e-07, 2.2311159853e-07, 3.93309477431e-07, 3.99733124823e-07, 1.59589490067e-07, 9.73963736328e-08, 6.93956465625e-08, 1.7295035093e-07, 1.10592040414e-07, 7.53490709826e-08, 1.2648416714e-07, 1.01483749404e-07, 7.32815337301e-08, 4.38928857704e-08, 9.02869885522e-08, 5.42949862847e-08, 1.18529648319e-07, 1.3651306574e-07, 8.95718343941e-08, 5.25205408053e-08, 1.21191888525e-07, 1.11500284561e-07, 4.70444945222e-08, 1.03031005949e-07, 9.08735842131e-08, 4.01127060456e-08, 4.66577283476e-08, 5.7991851321e-08, 4.80589505969e-08, 3.01347888865e-08, 4.03500841628e-08, 4.78878696697e-08, 3.09910745955e-08, 2.42896671665e-08, 2.6107571216e-08, 2.37746711207e-08, 1.94344025317e-08, 2.40319177891e-08, 2.45327189674e-08, 1.97378984268e-08, 2.3078390754e-08, 1.9153199915e-08, 1.72368004314e-08, 1.4670554549e-08, 1.3626632267e-08, 1.18120890846e-08, 8.51588133344e-09, 4.48050885282e-09, 4.3861576593e-09, 3.25934901291e-09, 6.5309324615e-10, 3.16234505249e-09, 1.86675075398e-09, 2.35794522796e-10, 6.44565455697e-13, 1.82894986048e-13, 1.64731821391e-13, 1.61246152064e-13, 1.48556311024e-13, 1.54992460381e-13, 1.52351343889e-13, 1.24779648961e-13, 3.2000460902e-14, 4.92566980652e-15, 2.30128210918e-16],
        "stdev": [0.000270372605883, 0.00202052854002, 0.00434164935723, 0.00424620183185, 0.00362460152246, 0.00178402906749, 0.000734294299036, 0.000701513665263, 0.0008100803243, 0.00192787591368, 0.00146885216236, 0.000835664803162, 0.000790291232988, 0.000843469111715, 0.000637730583549, 0.00041438973858, 0.000183401920367, 0.000411606190028, 0.000934030860662, 0.000628368172329, 0.00173641880974, 0.00135501637124, 0.000601705396548, 0.00110513379332, 0.00104353751522, 0.0022028053645, 0.000739504699595, 0.0005858495133, 0.000639031291939, 0.000507703633048, 0.00107042666059, 0.00137204991188, 0.000715648406185, 0.00159997295123, 0.000562165223528, 0.00014563446166, 8.34833699628e-05, 0.00018348726735, 0.000137066483148, 0.00011927572632, 0.000191794126295, 7.82963325037e-05, 9.90665866993e-05, 0.000104693666799, 9.87583771348e-05, 8.20332788862e-05, 8.57937920955e-05, 7.19491581549e-05, 6.41136939521e-05, 6.42993472866e-05, 9.18660371099e-05, 8.59396677697e-05, 6.70147783239e-05, 5.24710885657e-05, 5.96374266024e-05, 5.32159683644e-05, 3.08946800942e-05, 3.07294794766e-05, 2.2928301405e-05, 2.73415444099e-05, 1.60513063747e-05, 2.3167085601e-05, 3.54158109985e-05, 3.26316985593e-05, 2.8129434213e-05, 3.14544449793e-05, 3.17654703395e-05, 3.6709712731e-05, 3.51237067662e-05, 2.1163979909e-05, 1.35550471896e-05, 1.08982258098e-05, 7.06244145476e-06, 6.56383781461e-06, 6.00721523369e-06, 6.79391860103e-06, 5.92728156334e-06, 7.08374227543e-06, 8.01652731752e-06, 6.79282402416e-06, 6.15830367678e-06, 9.28477766138e-06, 8.35795799503e-06, 9.98031737254e-06, 8.41367636895e-06, 8.64722187544e-06, 6.42778286419e-06, 6.36161394141e-06, 5.50752247364e-06, 4.88440537083e-06, 5.3234580264e-06, 7.43047758078e-06, 8.18874559627e-06, 8.76996182342e-06, 1.06803045128e-05, 1.14161321108e-05, 1.2452320334e-05, 1.26179274957e-05, 1.26740533233e-05, 1.26600498334e-05, 1.49565867105e-05, 1.21430311992e-05, 1.21326456792e-05, 1.17627851068e-05, 7.08487732481e-06, 4.27821350968e-06, 3.26885765389e-06, 2.25323219638e-06, 1.2849683344e-06, 8.28061445191e-07, 7.10891583822e-07, 3.0001911e-07, 2.05428364097e-07, 2.90812096182e-07, 2.82442925936e-07, 1.0460320965e-07, 1.01011814024e-07, 7.00674718246e-08, 4.46768027018e-08, 2.64190553878e-08, 3.55560878518e-08, 1.02867927509e-08, 5.31309263252e-09, 1.33944266789e-09, 1.30952793054e-09, 1.29390786974e-09, 1.28220545292e-09, 1.27538302142e-09]
    },
    "mfcc": {
        "mean": [-581.046569824, 115.194618225, -7.85360956192, 24.3476924896, 13.0924282074, 14.4752178192, 4.78002595901, 14.2679710388, 1.71027636528, 7.83750867844, 2.53811407089, 0.577822208405, 9.32372379303],
        "cov": [[506.265655518, -290.748168945, 40.676738739, -107.929328918, -71.8954467773, 18.6974124908, -10.3868436813, 40.960067749, -3.05187606812, -13.1269493103, -25.9670982361, -45.3964347839, -13.6724910736], [-290.748168945, 408.082183838, -112.016418457, 63.7458343506, -33.0149841309, -50.901714325, 1.84508740902, 6.84933567047, -31.5019607544, 26.3538722992, 1.96538293362, -1.43054378033, 15.4833068848], [40.676738739, -112.016418457, 203.457046509, -20.7244567871, 35.4273109436, -22.6846828461, -34.7161483765, -56.1476173401, 17.6351718903, -22.1887302399, 17.5014152527, 16.0886421204, -33.5565414429], [-107.929328918, 63.7458343506, -20.7244567871, 127.483139038, 55.1501312256, -12.0654306412, -18.9922370911, -49.8181343079, -1.03630435467, 4.3251247406, 13.3446435928, 16.0609416962, 7.84817409515], [-71.8954467773, -33.0149841309, 35.4273109436, 55.1501312256, 121.91153717, 8.86603546143, 3.35717153549, -60.732624054, 1.63826692104, -23.1474494934, 9.64680576324, 16.4269638062, -3.63701200485], [18.6974124908, -50.901714325, -22.6846828461, -12.0654306412, 8.86603546143, 116.257064819, 26.9234790802, 43.0731620789, -18.8222999573, -26.5894641876, -23.2696647644, -13.3383741379, 15.5271787643], [-10.3868436813, 1.84508740902, -34.7161483765, -18.9922370911, 3.35717153549, 26.9234790802, 87.6692276001, 25.7604846954, -12.3239793777, -16.9096126556, -23.7601203918, -8.85074520111, 8.14259624481], [40.960067749, 6.84933567047, -56.1476173401, -49.8181343079, -60.732624054, 43.0731620789, 25.7604846954, 128.042251587, 4.11880588531, 13.4751253128, -26.4600524902, -29.6394386292, 5.64973688126], [-3.05187606812, -31.5019607544, 17.6351718903, -1.03630435467, 1.63826692104, -18.8222999573, -12.3239793777, 4.11880588531, 70.439704895, 24.0643119812, 10.2812156677, 10.0081415176, -14.4345769882], [-13.1269493103, 26.3538722992, -22.1887302399, 4.3251247406, -23.1474494934, -26.5894641876, -16.9096126556, 13.4751253128, 24.0643119812, 82.6254501343, 25.2383861542, 9.42695426941, -8.80452728271], [-25.9670982361, 1.96538293362, 17.5014152527, 13.3446435928, 9.64680576324, -23.2696647644, -23.7601203918, -26.4600524902, 10.2812156677, 25.2383861542, 68.4103012085, 33.7089614868, 1.88008201122], [-45.3964347839, -1.43054378033, 16.0886421204, 16.0609416962, 16.4269638062, -13.3383741379, -8.85074520111, -29.6394386292, 10.0081415176, 9.42695426941, 33.7089614868, 72.9594421387, 18.9544391632], [-13.6724910736, 15.4833068848, -33.5565414429, 7.84817409515, -3.63701200485, 15.5271787643, 8.14259624481, 5.64973688126, -14.4345769882, -8.80452728271, 1.88008201122, 18.9544391632, 70.561706543]],
        "icov": [[0.00541993323714, 0.00457494659349, 0.00105145270936, 0.00118098035455, 0.00321778468788, 0.00161166745238, 0.00125663203653, 0.000216635904508, 0.00210677669384, 0.000219487585127, 0.000544287322555, 0.00223615532741, -9.29669695324e-05], [0.00457494659349, 0.00757361622527, 0.0024472263176, -0.0010904133087, 0.00373680121265, 0.0035029607825, 0.000842138251755, -0.000446149409981, 0.0036961871665, 4.56929265056e-05, 0.000516331754625, 0.00161619542632, 0.000183924203156], [0.00105145270936, 0.0024472263176, 0.00874240975827, 0.00276587740518, -0.000767783785705, 0.00135388108902, 0.00304116657935, 0.0022359516006, -0.000286057940684, 0.002770322375, -0.000500725116581, -0.0010648209136, 0.00323574361391], [0.00118098035455, -0.0010904133087, 0.00276587740518, 0.014060462825, -0.00533931795508, -0.000494637642987, 0.00360204232857, 0.00364024797454, -0.000431878404925, -0.0011837487109, 0.000720651063602, 0.000162630967679, -0.000952847942244], [0.00321778468788, 0.00373680121265, -0.000767783785705, -0.00533931795508, 0.0171378944069, -0.00201257341541, -0.00262151984498, 0.0053916266188, -0.000395597657189, 0.00256280065514, -0.000936448341236, 0.000896278070286, 0.00125235004816], [0.00161166745238, 0.0035029607825, 0.00135388108902, -0.000494637642987, -0.00201257341541, 0.014312332496, -0.000425326841651, -0.00600131740794, 0.00397183280438, 0.00274336244911, 0.00117944332305, 0.000398201897042, -0.00146465434227], [0.00125663203653, 0.000842138251755, 0.00304116657935, 0.00360204232857, -0.00262151984498, -0.000425326841651, 0.015675842762, -0.00170839880593, 0.00156747072469, 0.00174538441934, 0.00364017440006, -0.00110062258318, 0.000127750143292], [0.000216635904508, -0.000446149409981, 0.0022359516006, 0.00364024797454, 0.0053916266188, -0.00600131740794, -0.00170839880593, 0.0166859086603, -0.00361602194607, -0.00288394023664, 0.00187685491983, 0.00329517829232, -0.00077677128138], [0.00210677669384, 0.0036961871665, -0.000286057940684, -0.000431878404925, -0.000395597657189, 0.00397183280438, 0.00156747072469, -0.00361602194607, 0.019797930494, -0.00435742503032, 0.00109940068796, -0.00231613963842, 0.00282257958315], [0.000219487585127, 4.56929265056e-05, 0.002770322375, -0.0011837487109, 0.00256280065514, 0.00274336244911, 0.00174538441934, -0.00288394023664, -0.00435742503032, 0.0189688652754, -0.006283137016, -0.000962490681559, 0.00294100819156], [0.000544287322555, 0.000516331754625, -0.000500725116581, 0.000720651063602, -0.000936448341236, 0.00117944332305, 0.00364017440006, 0.00187685491983, 0.00109940068796, -0.006283137016, 0.0235363841057, -0.00823597703129, -0.000178104295628], [0.00223615532741, 0.00161619542632, -0.0010648209136, 0.000162630967679, 0.000896278070286, 0.000398201897042, -0.00110062258318, 0.00329517829232, -0.00231613963842, -0.000962490681559, -0.00823597703129, 0.0224799457937, -0.00703715533018], [-9.29669695324e-05, 0.000183924203156, 0.00323574361391, -0.000952847942244, 0.00125235004816, -0.00146465434227, 0.000127750143292, -0.00077677128138, 0.00282257958315, 0.00294100819156, -0.000178104295628, -0.00703715533018, 0.0190321616828]]
    },
    "spectral_contrast_coeffs": {
        "max": [-0.491032749414, -0.517445504665, -0.501335144043, -0.698833167553, -0.684867203236, -0.640991270542],
        "mean": [-0.760052382946, -0.743396103382, -0.715911149979, -0.792361974716, -0.776839196682, -0.75864636898],
        "min": [-0.914832115173, -0.887281954288, -0.88711977005, -0.897513270378, -0.863373875618, -0.870645880699],
        "stdev": [0.0524598248303, 0.0652305707335, 0.0764438211918, 0.0294727087021, 0.0262548271567, 0.028877472505]
    },
    "spectral_contrast_valleys": {
        "max": [-5.00363063812, -5.25899457932, -5.88175201416, -5.80381011963, -5.8813791275, -7.31120157242],
        "mean": [-5.9624171257, -6.4682302475, -6.97042369843, -6.71331787109, -6.92576932907, -9.64919281006],
        "min": [-7.30616521835, -8.31250095367, -8.98940753937, -8.35601043701, -8.90400314331, -10.7471866608],
        "stdev": [0.324141740799, 0.348431825638, 0.325363457203, 0.273476988077, 0.316320151091, 0.543590247631]
    }
},
"rhythm": {
    "beats_count": 117,
    "beats_loudness": {
        "max": 0.0972932875156,
        "mean": 0.0465239621699,
        "min": 0.0211402326822,
        "stdev": 0.0118575850502
    },
    "bpm": 144.970291138,
    "bpm_histogram_first_peak_bpm": 144,
    "bpm_histogram_first_peak_weight": 0.345132708549,
    "bpm_histogram_second_peak_bpm": 136,
    "bpm_histogram_second_peak_spread": 0,
    "bpm_histogram_second_peak_weight": 0.00862068962306,
    "danceability": 1.21655285358,
    "onset_rate": 2.8505859375,
    "beats_loudness_band_ratio": {
        "max": [0.854695141315, 0.512735128403, 0.593865692616, 0.59627443552, 0.200284615159, 0.388216435909],
        "mean": [0.453868716955, 0.119541689754, 0.159048870206, 0.151536300778, 0.0841297730803, 0.0539890490472],
        "min": [0.0463012494147, 0.00323156756349, 0.00906761363149, 0.0110631110147, 0.0219684876502, 0.0098573025316],
        "stdev": [0.182832896709, 0.0962851569057, 0.15198713541, 0.135851785541, 0.0416025072336, 0.0496398881078]
    },
