{
"metadata": {
    "version": {
        "essentia": "2.1-beta5",
        "essentia_git_sha": "Undefined",
        "extractor": "music 2.0"
    },
    "audio_properties": {
        "analysis": {
            "equal_loudness": 0,
            "length": 12.7477550507,
            "sample_rate": 44100,
            "start_time": 0,
            "downmix": "mix"
        },
        "bit_rate": 192000,
        "length": 196.649810791,
        "lossless": 0,
        "number_channels": 2,
        "replay_gain": -6.13609886169,
        "sample_rate": 48000,
        "codec": "mp3",
        "md5_encoded": "b209d7ac14ba8b1d5d3059278f06ee13"
    },
    "tags": {
        "file_name": "Croatia_Romanca_Kraljevi Ulice _ 75 Cents.mp3",
        "encoding": ["Lavf58.29.100"]
    }
},
"lowlevel": {
    "average_loudness": 0.546227455139,
    "barkbands_crest": {
        "max": 20.0500049591,
        "mean": 9.24550914764,
        "min": 2.6921851635,
        "stdev": 3.34620141983
    },
    "barkbands_flatness_db": {
        "max": 0.29427498579,
        "mean": 0.17962436378,
        "min": 0.0665178000927,
        "stdev": 0.0386457592249
    },
    "barkbands_kurtosis": {
        "max": 60.3934898376,
        "mean": 2.56148123741,
        "min": -1.74812912941,
        "stdev": 5.81942510605
    },
    "barkbands_skewness": {
        "max": 6.47281837463,
        "mean": 1.20358753204,
        "min": -1.17278778553,
        "stdev": 1.11760735512
    },
    "barkbands_spread": {
        "max": 61.5884056091,
        "mean": 13.7838592529,
        "min": 2.16716361046,
        "stdev": 9.00892734528
    },
    "dissonance": {
        "max": 0.500000059605,
        "mean": 0.485329926014,
        "min": 0.373274952173,
        "stdev": 0.0170298963785
    },
    "dynamic_complexity": 5.72198009491,
    "erbbands_crest": {
        "max": 18.5888996124,
        "mean": 8.69258499146,
        "min": 3.2623436451,
        "stdev": 2.84353327751
    },
    "erbbands_flatness_db": {
        "max": 0.347011864185,
        "mean": 0.243519484997,
        "min": 0.106104537845,
        "stdev": 0.0578204579651
    },
    "erbbands_kurtosis": {
        "max": 8.72085952759,
        "mean": 0.330960810184,
        "min": -1.68252503872,
        "stdev": 1.34434628487
    },
    "erbbands_skewness": {
        "max": 2.3975288868,
        "mean": 0.41871970892,
        "min": -1.79573917389,
        "stdev": 0.812959849834
    },
    "erbbands_spread": {
        "max": 72.2329864502,
        "mean": 22.8449878693,
        "min": 7.29520940781,
        "stdev": 12.01861763
    },
    "hfc": {
        "max": 70.4505310059,
        "mean": 19.690776825,
        "min": 0.292768776417,
        "stdev": 17.8166275024
    },
    "loudness_ebu128": {
        "integrated": -18.3505096436,
        "loudness_range": 13.1096611023,
        "momentary": {
            "max": -14.7442684174,
            "mean": -21.8526725769,
            "min": -31.2671756744,
            "stdev": 5.47584486008
        },
        "short_term": {
            "max": -15.6051597595,
            "mean": -21.4177188873,
            "min": -29.7686061859,
            "stdev": 4.53854417801
        }
    },
    "melbands_crest": {
        "max": 33.2859382629,
        "mean": 12.8660783768,
        "min": 3.64829301834,
        "stdev": 7.06786775589
    },
    "melbands_flatness_db": {
        "max": 0.392598301172,
        "mean": 0.184088766575,
        "min": 0.0589864738286,
        "stdev": 0.0605142228305
    },
    "melbands_kurtosis": {
        "max": 136.834701538,
        "mean": 7.860247612,
        "min": -1.41358280182,
        "stdev": 14.4821357727
    },
    "melbands_skewness": {
        "max": 10.5900993347,
        "mean": 1.96040797234,
        "min": -0.39499437809,
        "stdev": 1.5314950943
    },
    "melbands_spread": {
        "max": 83.2102050781,
        "mean": 20.8896903992,
        "min": 1.58755362034,
        "stdev": 14.0757837296
    },
    "pitch_salience": {
        "max": 0.857356905937,
        "mean": 0.650109291077,
        "min": 0.16627073288,
        "stdev": 0.152045875788
    },
    "silence_rate_20dB": {
        "max": 1,
        "mean": 1,
        "min": 1,
        "stdev": 0
    },
    "silence_rate_30dB": {
        "max": 1,
        "mean": 1,
        "min": 1,
        "stdev": 0
    },
    "silence_rate_60dB": {
        "max": 1,
        "mean": 0.243636369705,
        "min": 0,
        "stdev": 0.429275125265
    },
    "spectral_centroid": {
        "max": 3255.85351562,
        "mean": 1881.31530762,
        "min": 366.952697754,
        "stdev": 660.71673584
    },
    "spectral_complexity": {
        "max": 41,
        "mean": 19.9381809235,
        "min": 0,
        "stdev": 12.467839241
    },
    "spectral_decrease": {
        "max": -1.23495463855e-10,
        "mean": -3.96613764053e-09,
        "min": -1.806398231e-08,
        "stdev": 3.87375287403e-09
    },
    "spectral_energy": {
        "max": 0.0745305046439,
        "mean": 0.0167551264167,
        "min": 0.000577253289521,
        "stdev": 0.0161857940257
    },
    "spectral_energyband_high": {
        "max": 0.00312596722506,
        "mean": 0.000315352255711,
        "min": 3.30218176714e-06,
        "stdev": 0.000396025017835
    },
    "spectral_energyband_low": {
        "max": 0.0081733725965,
        "mean": 0.000485618162202,
        "min": 6.99296904827e-08,
        "stdev": 0.00117714202497
    },
    "spectral_energyband_middle_high": {
        "max": 0.0500993207097,
        "mean": 0.0103229330853,
        "min": 4.54995133623e-05,
        "stdev": 0.0110561866313
    },
    "spectral_energyband_middle_low": {
        "max": 0.0419107787311,
        "mean": 0.00623561115935,
        "min": 8.60838263179e-05,
        "stdev": 0.00713484082371
    },
    "spectral_entropy": {
        "max": 8.09593105316,
        "mean": 7.63161420822,
        "min": 6.57905435562,
        "stdev": 0.189249873161
    },
    "spectral_flux": {
        "max": 0.188391774893,
        "mean": 0.0684878006577,
        "min": 0.0110886013135,
        "stdev": 0.0418073013425
    },
    "spectral_kurtosis": {
        "max": 17.2664222717,
        "mean": 5.68405294418,
        "min": 1.02451229095,
        "stdev": 2.18492913246
    },
    "spectral_rms": {
        "max": 0.0085271736607,
        "mean": 0.00354893272743,
        "min": 0.000750449195039,
        "stdev": 0.00193688599393
    },
    "spectral_rolloff": {
        "max": 4478.90625,
        "mean": 1901.38183594,
        "min": 64.599609375,
        "stdev": 1030.36499023
    },
    "spectral_skewness": {
        "max": 3.36647963524,
        "mean": 1.56972551346,
        "min": 0.455454915762,
        "stdev": 0.390281885862
    },
    "spectral_spread": {
        "max": 6150504,
        "mean": 3027500.75,
        "min": 2122750.75,
        "stdev": 493054.75
    },
    "spectral_strongpeak": {
        "max": 7.76953887939,
        "mean": 1.34281742573,
        "min": 0,
        "stdev": 1.32767164707
    },
    "zerocrossingrate": {
        "max": 0.1328125,
        "mean": 0.0694220513105,
        "min": 0.00634765625,
        "stdev": 0.0287689361721
    },
    "barkbands": {
        "max": [0.00206329463981, 0.00681297387928, 0.000284388137516, 0.000191759871086, 0.0044389506802, 0.00128976814449, 0.00196445221081, 0.009102627635, 0.0289064012468, 0.0367786437273, 0.0138710448518, 0.00896169431508, 0.00450961012393, 0.00828624889255, 0.00999107211828, 0.00418702559546, 0.00525094941258, 0.00326432706788, 0.00385795673355, 0.0031027791556, 0.00182667933404, 0.000365548126865, 0.000352746370481, 0.000245258095674, 8.07318283478e-05, 8.02426002338e-05, 4.13723728343e-06],
        "mean": [0.000152825377882, 0.000332993280608, 1.30522466861e-05, 1.40745642057e-05, 8.50774886203e-05, 0.000149427942233, 0.000216101208935, 0.000657825032249, 0.00384854571894, 0.0043195229955, 0.00153359491378, 0.00102450652048, 0.000760203227401, 0.000843651301693, 0.000811818172224, 0.000438838003902, 0.000353181239916, 0.00040514182183, 0.000415719550801, 0.000196989523829, 9.19807353057e-05, 4.32328852185e-05, 2.52875979641e-05, 1.36143962663e-05, 5.85353291171e-06, 1.87288287634e-06, 2.06063987207e-07],
        "min": [8.6388222964e-12, 2.92430701876e-09, 9.62456248033e-09, 1.57376227605e-08, 4.33919694842e-07, 1.74467550096e-06, 2.23369397645e-06, 1.79695052793e-06, 3.22349592352e-06, 4.1689909267e-06, 1.26680379253e-06, 8.34840648167e-07, 1.68045619375e-06, 1.19807009469e-06, 1.01828084098e-06, 1.07190487597e-06, 7.92347918832e-07, 9.43668737818e-07, 1.67412645169e-06, 1.20991717267e-06, 6.53993026845e-07, 5.05955824792e-07, 3.12349072829e-07, 1.59237004027e-07, 1.25727765976e-07, 4.71087169274e-08, 1.33575497885e-10],
        "stdev": [0.000364690786228, 0.0008586999611, 3.34865508194e-05, 3.10699979309e-05, 0.000378766271751, 0.000193232626771, 0.000264139525825, 0.000967062136624, 0.00494936853647, 0.00635182997212, 0.00218965415843, 0.00131550792139, 0.000822986534331, 0.00100686319638, 0.00117084768135, 0.000496295979246, 0.000505193776917, 0.000437306676758, 0.000597750418819, 0.000308004004182, 0.000189369253349, 3.95168499381e-05, 2.9070659366e-05, 1.98610978259e-05, 7.57377620175e-06, 4.21100776293e-06, 3.33104651418e-07]
    },
    "erbbands": {
        "max": [0.337819248438, 0.981432020664, 0.513669252396, 0.595127284527, 1.21069467068, 20.8914260864, 14.9920740128, 13.0144996643, 23.1920261383, 59.7046966553, 203.028762817, 766.131408691, 1330.52050781, 1065.4041748, 545.958496094, 261.665283203, 171.08039856, 249.72644043, 743.457580566, 214.437026978, 313.789886475, 239.630752563, 211.546020508, 239.431518555, 131.560760498, 97.6870422363, 116.686882019, 15.2967786789, 11.3674688339, 14.3917531967, 8.8592710495, 5.4877448082, 3.07487845421, 0.858778893948, 0.722414374352, 0.265104651451, 0.181053876877, 0.0152899678797, 0.00061238463968, 8.96416531759e-05],
        "mean": [0.0167707130313, 0.0480103231966, 0.0241821054369, 0.0367352515459, 0.080177269876, 0.342809438705, 0.578818619251, 1.43483960629, 2.58416819572, 6.26823759079, 23.9193878174, 85.1529312134, 123.727966309, 113.547737122, 65.9593429565, 34.6022529602, 33.6387062073, 44.0124511719, 51.7036933899, 28.0671520233, 24.5488262177, 19.9012031555, 22.1998748779, 26.1768531799, 12.3208723068, 8.08882808685, 7.66078281403, 2.21266293526, 1.57575285435, 1.1822873354, 0.656442344189, 0.353283077478, 0.190400362015, 0.0883267745376, 0.0304466038942, 0.0103454692289, 0.00307571818121, 0.000470256869448, 5.18112028658e-05, 2.20037654799e-05],
        "min": [1.62489726563e-07, 3.44277759723e-06, 3.4047603549e-05, 0.000185426426469, 0.000576052640099, 0.00197935476899, 0.00796142220497, 0.0137374410406, 0.0381086021662, 0.0699499770999, 0.078128285706, 0.0738081857562, 0.0942332148552, 0.159040868282, 0.126914590597, 0.0780697762966, 0.0801823735237, 0.0881115272641, 0.0758462175727, 0.061198182404, 0.0774544253945, 0.0468933098018, 0.0454281419516, 0.0943509414792, 0.104175135493, 0.0636994317174, 0.0400623828173, 0.0235682651401, 0.019033305347, 0.0146671179682, 0.00826263707131, 0.00414985930547, 0.00214304588735, 0.00155534711666, 0.000761992065236, 0.00031852858956, 8.27821713756e-05, 9.96628750727e-06, 8.78554658357e-07, 9.49563911945e-07],
        "stdev": [0.0440664254129, 0.125123441219, 0.0583354309201, 0.0794046297669, 0.172571018338, 1.68586659431, 1.41756463051, 1.86262667179, 3.27424097061, 7.85122728348, 32.8637008667, 111.670608521, 165.811065674, 175.403244019, 90.6851501465, 40.111530304, 34.7905311584, 47.2653274536, 79.5711517334, 30.1388225555, 29.8818302155, 26.2352809906, 24.5632972717, 31.1288452148, 16.3762779236, 10.9725818634, 15.5965566635, 2.08405780792, 1.40977406502, 1.16071438789, 0.783082425594, 0.487918972969, 0.265554904938, 0.115550264716, 0.0466144680977, 0.0178938079625, 0.00881224591285, 0.000967385363765, 6.21996732662e-05, 2.04077514354e-05]
    },
    "gfcc": {
        "mean": [-74.8194122314, 43.0600090027, -207.871780396, -16.152338028, -84.8117446899, -5.6325097084, -32.7512702942, 8.67912197113, -23.4106178284, -6.18430519104, -16.573759079, -4.20958757401, -10.0264558792],
        "cov": [[2967.08325195, -1367.94494629, -2169.49072266, -1915.56213379, -945.661254883, -319.579681396, -296.791900635, -240.455337524, -75.1133041382, -263.546264648, -300.840118408, -299.166900635, -52.1312599182], [-1367.94494629, 1652.93286133, 1911.8046875, 1253.43835449, 801.771179199, 279.228057861, 318.413848877, 231.601196289, 114.507392883, 234.326766968, 253.528060913, 175.004577637, 156.343383789], [-2169.49072266, 1911.8046875, 2665.48193359, 1858.24926758, 1068.30749512, 408.481658936, 371.246459961, 316.322296143, 116.972892761, 344.100524902, 329.359069824, 270.190216064, 164.950531006], [-1915.56213379, 1253.43835449, 1858.24926758, 1703.70471191, 855.031677246, 309.671173096, 316.576171875, 211.399078369, 65.6689224243, 243.13319397, 265.413696289, 204.363494873, 81.9100799561], [-945.661254883, 801.771179199, 1068.30749512, 855.031677246, 517.338928223, 198.103302002, 188.092956543, 128.935714722, 60.6976165771, 134.487442017, 133.217269897, 108.152755737, 63.9392776489], [-319.579681396, 279.228057861, 408.481658936, 309.671173096, 198.103302002, 140.538619995, 75.2147903442, 62.0537986755, 37.753868103, 49.6533432007, 41.5411109924, 40.2663078308, 29.4622612], [-296.791900635, 318.413848877, 371.246459961, 316.576171875, 188.092956543, 75.2147903442, 140.959533691, 53.8113365173, 31.8708972931, 54.2909889221, 44.9548835754, 22.5588188171, 29.4621696472], [-240.455337524, 231.601196289, 316.322296143, 211.399078369, 128.935714722, 62.0537986755, 53.8113365173, 79.3042602539, 27.9409103394, 42.3539772034, 49.6251869202, 30.0841407776, 26.2001476288], [-75.1133041382, 114.507392883, 116.972892761, 65.6689224243, 60.6976165771, 37.753868103, 31.8708972931, 27.9409103394, 62.682762146, 25.8920192719, 8.44401264191, 27.16822052, 10.653128624], [-263.546264648, 234.326766968, 344.100524902, 243.13319397, 134.487442017, 49.6533432007, 54.2909889221, 42.3539772034, 25.8920192719, 90.5596313477, 61.0874252319, 35.3617630005, 33.6254501343], [-300.840118408, 253.528060913, 329.359069824, 265.413696289, 133.217269897, 41.5411109924, 44.9548835754, 49.6251869202, 8.44401264191, 61.0874252319, 103.581214905, 55.3073539734, 34.3703346252], [-299.166900635, 175.004577637, 270.190216064, 204.363494873, 108.152755737, 40.2663078308, 22.5588188171, 30.0841407776, 27.16822052, 35.3617630005, 55.3073539734, 91.9139480591, 18.6102409363], [-52.1312599182, 156.343383789, 164.950531006, 81.9100799561, 63.9392776489, 29.4622612, 29.4621696472, 26.2001476288, 10.653128624, 33.6254501343, 34.3703346252, 18.6102409363, 66.3587493896]],
        "icov": [[0.00154283107258, -0.000445967947599, 0.000668511318509, 0.00137358123902, 0.000210166734178, -0.000822569825687, -0.000354254909325, 0.000308225717163, 9.18796140468e-05, -0.000483601615997, -0.000151246596943, 0.0013990473235, -0.000979898730293], [-0.000445967947599, 0.00996608659625, -0.00807156413794, 0.00397295877337, -0.00779265165329, 0.00585230533034, -0.00474734697491, 0.00557116046548, -0.00860716216266, 0.00999491848052, -0.0102835511789, 0.0060939239338, -0.00391827058047], [0.000668511318509, -0.00807156413794, 0.0101451314986, -0.00360204628669, 0.00170092354529, -0.0046351426281, 0.00456495862454, -0.00854156631976, 0.00943420920521, -0.0121862338856, 0.00998149812222, -0.00707853492349, 0.00201054685749], [0.00137358123902, 0.00397295877337, -0.00360204628669, 0.00818337593228, -0.00908250920475, 0.00162178080063, -0.00428015226498, 0.00349896261469, -0.000318553327816, 0.0025893189013, -0.00709492340684, 0.00237277592532, 0.000869812269229], [0.000210166734178, -0.00779265165329, 0.00170092354529, -0.00908250920475, 0.029980160296, -0.010886429809, -0.000742780975997, -0.00120546214748, 0.000640230719, -0.00314738368616, 0.00725972419605, -0.00271451752633, 0.000753077096306], [-0.000822569825687, 0.00585230533034, -0.0046351426281, 0.00162178080063, -0.010886429809, 0.0214487463236, -0.00213202834129, -0.0021311652381, -0.00802109390497, 0.00649880897254, -0.00219003274105, 0.00279439357109, -0.00381466886029], [-0.000354254909325, -0.00474734697491, 0.00456495862454, -0.00428015226498, -0.000742780975997, -0.00213202834129, 0.0189152155071, -0.00480411062017, -0.000425860547693, -0.00547690922394, 0.00540232704952, 0.00179564021528, -0.000454507593531], [0.000308225717163, 0.00557116046548, -0.00854156631976, 0.00349896261469, -0.00120546214748, -0.0021311652381, -0.00480411062017, 0.0360864177346, -0.0153463678434, 0.0119156213477, -0.0177452862263, 0.0107583273202, -0.00337800197303], [9.18796140468e-05, -0.00860716216266, 0.00943420920521, -0.000318553327816, 0.000640230719, -0.00802109390497, -0.000425860547693, -0.0153463678434, 0.0386908575892, -0.0203212238848, 0.018866032362, -0.0186402257532, 0.00602759886533], [-0.000483601615997, 0.00999491848052, -0.0121862338856, 0.0025893189013, -0.00314738368616, 0.00649880897254, -0.00547690922394, 0.0119156213477, -0.0203212238848, 0.0407858677208, -0.0222554113716, 0.0131970932707, -0.00853703450412], [-0.000151246596943, -0.0102835511789, 0.00998149812222, -0.00709492340684, 0.00725972419605, -0.00219003274105, 0.00540232704952, -0.0177452862263, 0.018866032362, -0.0222554113716, 0.0403669066727, -0.0187287013978, -0.000766031793319], [0.0013990473235, 0.0060939239338, -0.00707853492349, 0.00237277592532, -0.00271451752633, 0.00279439357109, 0.00179564021528, 0.0107583273202, -0.0186402257532, 0.0131970932707, -0.0187287013978, 0.0300195533782, -0.00467512942851], [-0.000979898730293, -0.00391827058047, 0.00201054685749, 0.000869812269229, 0.000753077096306, -0.00381466886029, -0.000454507593531, -0.00337800197303, 0.00602759886533, -0.00853703450412, -0.000766031793319, -0.00467512942851, 0.0250297151506]]
    },
    "melbands": {
        "max": [0.00248439516872, 0.000475607375847, 8.11250283732e-05, 0.000649785681162, 0.000800094450824, 0.000273829005891, 0.000331067712978, 0.00108631199691, 0.00239428388886, 0.00486654508859, 0.00659673847258, 0.00466018589213, 0.00204487564042, 0.00123772944789, 0.0003890938533, 0.000509363773745, 0.000487923971377, 0.00139197951648, 0.000432295055361, 0.000240593712078, 0.000423069752287, 0.000309357361402, 0.000161263349582, 0.00019682936545, 0.000234281629673, 0.000188777819858, 2.95806348731e-05, 9.80423283181e-05, 0.000118725787615, 1.94338390429e-05, 8.83744814928e-06, 6.95379367244e-06, 6.84693623043e-06, 8.63997684064e-06, 6.54131235933e-06, 2.54453243542e-06, 4.04962565881e-06, 2.94386813948e-06, 1.0984713299e-06, 7.37793243388e-07],
        "mean": [0.000131320528453, 2.80760159512e-05, 7.27300130166e-06, 1.33092216856e-05, 2.15769541683e-05, 3.27162379108e-05, 4.09187814512e-05, 7.7313867223e-05, 0.00023219382274, 0.000580946565606, 0.000627021654509, 0.000483188516228, 0.000218727320316, 0.000136088681757, 6.31606235402e-05, 8.22411166155e-05, 7.95114174252e-05, 8.50707656355e-05, 4.87164106744e-05, 3.09268580168e-05, 2.81643860944e-05, 2.12479408219e-05, 1.73701682797e-05, 2.07353295991e-05, 2.20124056796e-05, 1.28752481032e-05, 4.85878899781e-06, 5.61638489671e-06, 6.700970971e-06, 1.65585129253e-06, 1.09526467895e-06, 8.82226231624e-07, 8.10929122963e-07, 5.93087065681e-07, 3.97964612375e-07, 2.67288896794e-07, 1.96029475319e-07, 1.45667016227e-07, 9.30625603246e-08, 6.70328361707e-08],
        "min": [8.78144335026e-10, 1.45202525559e-08, 6.46755609068e-08, 9.81543450962e-08, 2.5298146511e-07, 3.39111210224e-07, 5.30639510998e-07, 8.52435164234e-07, 6.89444107138e-07, 4.05727263342e-07, 4.78818265037e-07, 5.58634212666e-07, 2.57727236885e-07, 1.38174470976e-07, 9.22434750805e-08, 1.76341103497e-07, 1.66896910514e-07, 1.00148199067e-07, 6.13518409409e-08, 6.75842457554e-08, 9.45500389093e-08, 5.43348903648e-08, 2.51000944473e-08, 4.77820627509e-08, 6.87056171955e-08, 5.84953774307e-08, 3.83091389722e-08, 3.67122439116e-08, 2.25153282685e-08, 1.14678337937e-08, 8.61087645632e-09, 8.64417248891e-09, 8.99253294051e-09, 4.81415529663e-09, 4.44695924529e-09, 2.77516321034e-09, 2.20063500755e-09, 1.45484058134e-09, 1.43229728078e-09, 1.08696363021e-09],
        "stdev": [0.000332109222654, 6.96833812981e-05, 1.45440280903e-05, 5.32244957867e-05, 7.12191758794e-05, 4.31727748946e-05, 4.95441854582e-05, 0.000103150443465, 0.000328029680531, 0.000756751629524, 0.000850155600347, 0.000764625321608, 0.000306982983602, 0.000183673022548, 7.04268386471e-05, 9.28737790673e-05, 8.8098247943e-05, 0.000138672650792, 6.02623767918e-05, 3.37582969223e-05, 3.75627314497e-05, 3.12135634886e-05, 2.01533930522e-05, 2.47164498433e-05, 2.9371740311e-05, 2.33254722843e-05, 5.14941029905e-06, 9.39365418162e-06, 1.52224365593e-05, 2.18295485865e-06, 1.14296551601e-06, 8.35670505239e-07, 7.93819026512e-07, 6.47844103696e-07, 5.16928253091e-07, 3.2320198784e-07, 3.08728260734e-07, 2.23431939617e-07, 1.17768642838e-07, 9.22802172454e-08]
    },
    "melbands128": {
        "max": [0.00166977383196, 0.00317227770574, 0.00303153088316, 0.00113160419278, 0.000411779648857, 0.000149772648001, 0.000149736035382, 0.000113799884275, 0.000160948897246, 0.000162332275067, 0.00140719581395, 0.00183780235238, 0.000396957097109, 0.00030939822318, 0.000335112796165, 0.000580244755838, 0.000560577725992, 0.000365004205378, 0.000496171123814, 0.000879875035025, 0.00177942716982, 0.00320127536543, 0.00274483254179, 0.00574129913002, 0.00675314385444, 0.00627948297188, 0.00797147490084, 0.00924712326378, 0.00885654333979, 0.00780933117494, 0.00583273265511, 0.00238094804808, 0.00349411484785, 0.00285480590537, 0.00209247274324, 0.00136327196378, 0.000935151125304, 0.000574461359065, 0.000628191977739, 0.000520493253134, 0.00112183718011, 0.000974835304078, 0.000882218417246, 0.000801140384283, 0.00119704660028, 0.00332615780644, 0.00198528985493, 0.000550177646801, 0.000480063783471, 0.00029188557528, 0.000346717657521, 0.000261489825789, 0.000393465190427, 0.000482580071548, 0.000567886454519, 0.000392007117625, 0.000184307980817, 0.000151481755893, 0.000205524993362, 0.000331782561261, 0.00039573200047, 0.000221715818043, 0.000170969826286, 0.000576491525862, 0.000536987849046, 0.000423036195571, 7.43696873542e-05, 5.90530726186e-05, 4.42752170784e-05, 0.00010747127817, 8.79814979271e-05, 0.000200383190531, 0.000279998668702, 0.000181742710993, 8.38501000544e-05, 1.52357479237e-05, 1.51095891852e-05, 1.35638747452e-05, 9.52689879341e-06, 1.07133691927e-05, 1.09966294985e-05, 6.31308739685e-06, 1.10188948383e-05, 7.60574630476e-06, 7.72832481744e-06, 8.89101102075e-06, 6.79774075252e-06, 1.36453045343e-05, 6.28654424872e-06, 6.54221912555e-06, 2.34554590861e-06, 2.88372007162e-06, 2.76939772448e-06, 3.82819962397e-06, 5.25011228092e-06, 4.28082057624e-06, 2.51393521467e-06, 1.19054413972e-06, 1.32785282858e-06, 1.19066464777e-06, 2.25114672503e-06, 7.69377436427e-07, 1.30254682063e-06, 1.56576754762e-06, 9.8875545973e-07, 3.14407600399e-07, 3.70170653241e-07, 5.27125848748e-07, 4.57460231473e-07, 5.26156668457e-07, 6.69076143822e-07, 6.05570733114e-07, 6.84148915298e-07, 6.7084897637e-07, 2.70811398195e-07, 9.7345001393e-08, 6.76358382634e-08, 6.09959442954e-08, 2.79044307661e-08, 2.15598241482e-08, 1.35136533075e-08, 1.17640661657e-08, 4.49567716387e-09, 8.45201575395e-10, 8.22757917351e-10, 8.18338730113e-10, 8.09650291256e-10, 8.04731503656e-10],
        "mean": [0.000132372704684, 0.000164950179169, 0.000134019384859, 6.29104615655e-05, 1.56646910909e-05, 6.96974075254e-06, 7.30629244572e-06, 6.94322261552e-06, 8.10080473457e-06, 7.08198922439e-06, 2.06223521673e-05, 2.97668539133e-05, 1.57085778483e-05, 2.10496909858e-05, 2.63565652858e-05, 4.61137133243e-05, 4.28091989306e-05, 3.41563281836e-05, 4.4386171794e-05, 6.51915761409e-05, 8.90548981261e-05, 0.000127834253362, 0.00022472445562, 0.00035132758785, 0.000537895364687, 0.000698069517966, 0.000650368747301, 0.000609997834545, 0.000596181780566, 0.000661239435431, 0.00040211644955, 0.000212324957829, 0.00021131504036, 0.000215966545511, 0.000202665571123, 9.01110470295e-05, 6.55353142065e-05, 6.16832039668e-05, 6.07546135143e-05, 7.15563073754e-05, 9.39228048082e-05, 8.70403746376e-05, 8.62749802764e-05, 6.84845363139e-05, 6.95644266671e-05, 0.000103637539723, 8.92632160685e-05, 3.99679702241e-05, 3.91140238207e-05, 3.230335642e-05, 2.94414639939e-05, 2.914000288e-05, 3.06680012727e-05, 2.63887941401e-05, 2.59041444224e-05, 2.07485827559e-05, 1.7831380319e-05, 1.5784849893e-05, 1.63011754921e-05, 2.19120702241e-05, 2.3766006052e-05, 1.71126011992e-05, 1.75858222065e-05, 2.83092686004e-05, 2.21387690544e-05, 1.26253726194e-05, 6.737190688e-06, 5.07603590449e-06, 4.32797423855e-06, 4.8174033509e-06, 3.6744550016e-06, 5.90922672927e-06, 1.22895389723e-05, 5.79325023864e-06, 2.51376081906e-06, 1.62260766956e-06, 1.28231363306e-06, 1.15435580028e-06, 1.12099439775e-06, 9.67943947217e-07, 8.91209367637e-07, 8.2042657823e-07, 9.05312845134e-07, 8.24100482077e-07, 7.41466408272e-07, 6.41506460397e-07, 5.54042401291e-07, 4.58409942894e-07, 3.98658613676e-07, 3.53150937826e-07, 2.90242695655e-07, 2.46078002419e-07, 2.20007521534e-07, 1.94883682525e-07, 1.80429282182e-07, 1.75485112663e-07, 1.34015735398e-07, 1.13202553109e-07, 9.10235797846e-08, 8.10930913531e-08, 8.80683828086e-08, 6.03742407179e-08, 5.14307529897e-08, 4.21945820506e-08, 3.265325077e-08, 2.39845601158e-08, 2.24094645063e-08, 2.1485197621e-08, 1.69382268211e-08, 1.45733531909e-08, 1.20528067526e-08, 1.04813908663e-08, 1.00442401063e-08, 8.10324873868e-09, 6.02763128299e-09, 4.2471626216e-09, 2.26100094203e-09, 1.84166148998e-09, 1.92516846909e-09, 1.36984512622e-09, 8.4278367618e-10, 6.18421702736e-10, 3.49040379932e-10, 1.59493737661e-11, 4.49444604797e-12, 4.07162064481e-12, 3.73686845356e-12, 3.60709921134e-12],
        "min": [4.08911186162e-12, 2.32420922786e-11, 1.86569815153e-10, 9.81702497072e-10, 5.27968779807e-09, 4.7786707924e-09, 1.1246552134e-08, 1.06178905668e-08, 3.0497112391e-08, 3.5312972102e-08, 5.42767359946e-08, 5.8799969338e-08, 1.02208517205e-07, 1.39826084933e-07, 8.54203747735e-08, 1.81808310629e-08, 5.27478896117e-08, 5.03720549716e-08, 1.26882937934e-07, 3.71077760519e-07, 4.54389521565e-07, 3.37314816079e-07, 2.48025827432e-07, 1.94071532178e-07, 3.67329278106e-07, 1.51641486923e-07, 1.46018635405e-07, 3.79670211714e-07, 3.85810039916e-07, 2.28543527214e-07, 9.94541267119e-08, 8.70198704206e-08, 8.26650392582e-08, 2.14833036694e-07, 7.63741496712e-08, 6.15478370491e-08, 4.81410715736e-08, 4.955280275e-08, 1.11592747487e-07, 8.05626854117e-08, 2.04481480637e-08, 4.7994166863e-08, 6.09526793482e-08, 6.23594331728e-08, 5.54595303015e-08, 3.95207671033e-08, 3.87371485999e-08, 1.22007488557e-08, 1.3074051175e-08, 4.97819527823e-08, 3.23725153351e-08, 7.20094348594e-08, 6.69384334628e-08, 2.76512395203e-08, 4.1132626194e-08, 3.26935385431e-08, 2.36283916877e-08, 1.27094796909e-08, 2.79951244408e-08, 2.258146381e-08, 2.40926301132e-08, 2.42578312992e-08, 2.59544581382e-08, 3.83939813275e-08, 5.36605000434e-08, 4.17178078749e-08, 3.0550442176e-08, 3.90718000176e-08, 3.59510394787e-08, 2.36182025048e-08, 3.22318136625e-08, 1.92151148326e-08, 2.24813430094e-08, 1.10090816463e-08, 1.20283347727e-08, 4.79322892488e-09, 5.08622122197e-09, 5.1877293572e-09, 6.91025947575e-09, 5.82679549055e-09, 5.8310201112e-09, 3.36971828219e-09, 6.60170496047e-09, 4.87585039011e-09, 3.2887108592e-09, 5.21013410193e-09, 3.6083311894e-09, 2.93684876418e-09, 3.19927528913e-09, 2.69094324601e-09, 2.29776642158e-09, 1.41862943615e-09, 1.91147431217e-09, 1.32331179348e-09, 1.32412214526e-09, 9.10541031462e-10, 1.12797970964e-09, 6.51829534792e-10, 6.64567678665e-10, 9.58549684071e-10, 8.38333680253e-10, 9.63205293303e-10, 5.82010217798e-10, 6.32152497015e-10, 4.89582430152e-10, 4.72441641364e-10, 4.16058909547e-10, 2.42953407392e-10, 3.74432540529e-10, 2.33747687872e-10, 1.93491431211e-10, 1.05718593602e-10, 1.79900719322e-10, 1.84495002609e-10, 1.1975007097e-10, 6.89133541898e-11, 4.14892859651e-12, 1.65100246842e-13, 1.72522871098e-13, 1.75075869058e-13, 1.77761207447e-13, 1.59719365012e-13, 2.08793567288e-13, 1.21975387147e-13, 7.4712886702e-14, 4.11099173908e-14, 4.9862623084e-15, 1.09258773249e-16],
        "stdev": [0.000314188830089, 0.000435818714323, 0.000356141652446, 0.000163182790857, 4.09453932662e-05, 1.82369240065e-05, 1.75091281562e-05, 1.58250804816e-05, 1.95517222892e-05, 1.61604020832e-05, 0.000109425956907, 0.000161848947755, 3.83985789085e-05, 3.24333668686e-05, 3.55979900633e-05, 8.35183818708e-05, 7.54149223212e-05, 4.71320418001e-05, 6.3654515543e-05, 0.000100835401099, 0.000146792663145, 0.000245725066634, 0.000394341652282, 0.000615666154772, 0.000835656770505, 0.00103418983053, 0.00100966496393, 0.000961633690167, 0.00107352377381, 0.00118038617074, 0.000747787707951, 0.000299838022329, 0.000385271734558, 0.000367152562831, 0.000334359006956, 0.000145769736264, 9.74863651209e-05, 8.4926308773e-05, 7.77731329435e-05, 8.68733695825e-05, 0.00013465914526, 0.000122653378639, 0.000115457100037, 9.32450930122e-05, 0.000115269256639, 0.000246466312092, 0.000174265311216, 5.21384536114e-05, 5.37121122761e-05, 4.03044941777e-05, 3.82557009289e-05, 3.61908132618e-05, 4.34078538092e-05, 4.17466399085e-05, 4.85892123834e-05, 3.3630643884e-05, 2.55337345152e-05, 2.04786720133e-05, 2.16492862819e-05, 3.42063067365e-05, 3.83322476409e-05, 2.3657516067e-05, 2.42687910941e-05, 6.06913708907e-05, 5.322222205e-05, 3.95766837755e-05, 8.66458140081e-06, 6.4353171183e-06, 6.00653675065e-06, 1.00737579487e-05, 8.08978074929e-06, 1.59865885507e-05, 3.24802895193e-05, 2.074857548e-05, 7.31054706193e-06, 1.90970558833e-06, 1.51663221004e-06, 1.38029258778e-06, 1.2737657471e-06, 1.12223631277e-06, 1.06768914065e-06, 7.92051650933e-07, 1.20562231132e-06, 9.48174090354e-07, 7.98526343715e-07, 7.34347167963e-07, 6.68922723435e-07, 7.76855245022e-07, 5.59398699806e-07, 4.87020997753e-07, 3.48931536109e-07, 3.29798410803e-07, 3.17864476074e-07, 3.19399475757e-07, 3.42305639833e-07, 2.97906581181e-07, 2.19383977651e-07, 1.59634709007e-07, 1.28334789906e-07, 1.10917902418e-07, 1.83305161272e-07, 8.4896882413e-08, 8.84789272959e-08, 8.93082443554e-08, 5.97437406213e-08, 3.16156096858e-08, 2.97938083094e-08, 3.5196993764e-08, 3.0584367039e-08, 3.40873604898e-08, 3.52967504114e-08, 2.96059390337e-08, 3.41624932787e-08, 3.06772456327e-08, 1.52777417384e-08, 7.19307724495e-09, 5.29993116061e-09, 4.70604177849e-09, 2.99685676275e-09, 1.89679094653e-09, 1.25561738784e-09, 9.1076080011e-10, 5.34356781046e-10, 5.83319711978e-11, 3.93421198397e-11, 3.66690844356e-11, 3.50638476587e-11, 3.46042222654e-11]
    },
    "mfcc": {
        "mean": [-691.392578125, 86.3350982666, -75.9750900269, -20.0505065918, -38.5871963501, -20.9973144531, -12.7952718735, 1.08643424511, -6.09933233261, 0.693830668926, -2.77995896339, -9.72642803192, -7.8916220665],
        "cov": [[4216.21142578, -1192.02416992, -2269.74023438, -2266.13110352, -1334.95593262, -840.953735352, -755.68560791, -419.837982178, -180.332290649, -124.22593689, -457.932189941, -223.848754883, -367.381286621], [-1192.02416992, 1065.22021484, 1041.04223633, 819.245239258, 548.068725586, 307.227630615, 348.413543701, 162.022994995, 140.96257019, 129.386734009, 148.294052124, 105.79850769, 153.366836548], [-2269.74023438, 1041.04223633, 1651.96337891, 1434.31335449, 908.102172852, 541.399230957, 547.045043945, 252.393920898, 166.401062012, 133.8175354, 278.047668457, 161.230804443, 252.832305908], [-2266.13110352, 819.245239258, 1434.31335449, 1524.1192627, 852.766174316, 562.492858887, 529.24407959, 261.34185791, 130.916549683, 121.287727356, 265.473602295, 156.602478027, 238.357711792], [-1334.95593262, 548.068725586, 908.102172852, 852.766174316, 585.843017578, 338.932769775, 319.25491333, 164.187667847, 100.696479797, 67.5000457764, 171.373199463, 90.7511062622, 143.966873169], [-840.953735352, 307.227630615, 541.399230957, 562.492858887, 338.932769775, 280.923919678, 201.899047852, 117.63722229, 80.0078582764, 51.9721603394, 99.3319168091, 78.3214187622, 79.5445022583], [-755.68560791, 348.413543701, 547.045043945, 529.24407959, 319.25491333, 201.899047852, 262.553222656, 89.9997558594, 63.107837677, 65.6636962891, 89.5188674927, 53.9300422668, 99.0268707275], [-419.837982178, 162.022994995, 252.393920898, 261.34185791, 164.187667847, 117.63722229, 89.9997558594, 113.284660339, 41.7184715271, 14.1575508118, 67.744972229, 29.4127655029, 31.4784259796], [-180.332290649, 140.96257019, 166.401062012, 130.916549683, 100.696479797, 80.0078582764, 63.107837677, 41.7184715271, 90.4022750854, 34.0355186462, 21.08776474, 39.2085990906, 13.6144094467], [-124.22593689, 129.386734009, 133.8175354, 121.287727356, 67.5000457764, 51.9721603394, 65.6636962891, 14.1575508118, 34.0355186462, 73.8586654663, 15.5067100525, 23.6614570618, 24.7564182281], [-457.932189941, 148.294052124, 278.047668457, 265.473602295, 171.373199463, 99.3319168091, 89.5188674927, 67.744972229, 21.08776474, 15.5067100525, 106.582221985, 25.8629989624, 42.9934005737], [-223.848754883, 105.79850769, 161.230804443, 156.602478027, 90.7511062622, 78.3214187622, 53.9300422668, 29.4127655029, 39.2085990906, 23.6614570618, 25.8629989624, 68.4926757812, 27.6009063721], [-367.381286621, 153.366836548, 252.832305908, 238.357711792, 143.966873169, 79.5445022583, 99.0268707275, 31.4784259796, 13.6144094467, 24.7564182281, 42.9934005737, 27.6009063721, 78.6056213379]],
        "icov": [[0.00155839219224, -0.000416038208641, 0.00112245068885, 0.00147655548062, 0.000120788863569, 9.22620602068e-05, -0.000798793451395, 0.000439344235929, -0.000155399364303, -0.000836981169414, 0.000803012575489, -0.000214065090404, 0.000449770624982], [-0.000416038208641, 0.00319070485421, -0.00287727452815, 0.000323107815348, -0.000175293331267, 0.00121711019892, 5.69196272409e-05, -0.00160980212968, -0.000612785457633, -0.00192572607193, 0.00104954489507, -0.000127425941173, -4.92388644489e-05], [0.00112245068885, -0.00287727452815, 0.00873302854598, -0.00162755849306, -0.00463658710942, 0.000353120500222, -0.00185761821922, 0.00252226111479, -0.00124673044775, 0.000669407541864, -0.00185982731637, -0.000805154908448, -0.00152453035116], [0.00147655548062, 0.000323107815348, -0.00162755849306, 0.00837310496718, -0.00187986448873, -0.00452335970476, -0.00346107385121, -0.00135894224513, 0.00372274010442, -0.00173695688136, 0.000483866024297, -0.00139258918352, -0.000832956167869], [0.000120788863569, -0.000175293331267, -0.00463658710942, -0.00187986448873, 0.0170711800456, -0.00454719504341, -0.00145433517173, -0.000672896916512, -0.00315745151602, 0.00312480772845, -0.00352877890691, 0.00300293136388, -0.00260417559184], [9.22620602068e-05, 0.00121711019892, 0.000353120500222, -0.00452335970476, -0.00454719504341, 0.0202436838299, -0.0010958025232, -0.00455968920141, -0.00366894388571, -0.00150052434765, 0.00223807850853, -0.00609143683687, 0.00370902940631], [-0.000798793451395, 5.69196272409e-05, -0.00185761821922, -0.00346107385121, -0.00145433517173, -0.0010958025232, 0.0177482962608, -0.000511957157869, -0.00215562316589, -0.00442957272753, 0.00133421819191, 0.00369738973677, -0.0060155922547], [0.000439344235929, -0.00160980212968, 0.00252226111479, -0.00135894224513, -0.000672896916512, -0.00455968920141, -0.000511957157869, 0.0211567450315, -0.0046988655813, 0.00383736542426, -0.00782060716301, 0.00184273044579, 0.00245705409907], [-0.000155399364303, -0.000612785457633, -0.00124673044775, 0.00372274010442, -0.00315745151602, -0.00366894388571, -0.00215562316589, -0.0046988655813, 0.0228767059743, -0.0054747145623, 0.0031966266688, -0.00790266040713, 0.00607232004404], [-0.000836981169414, -0.00192572607193, 0.000669407541864, -0.00173695688136, 0.00312480772845, -0.00150052434765, -0.00442957272753, 0.00383736542426, -0.0054747145623, 0.022457215935, -0.0018116972642, -0.00110497127753, -0.00194735801779], [0.000803012575489, 0.00104954489507, -0.00185982731637, 0.000483866024297, -0.00352877890691, 0.00223807850853, 0.00133421819191, -0.00782060716301, 0.0031966266688, -0.0018116972642, 0.0223103910685, -0.000934085983317, 1.15515795187e-05], [-0.000214065090404, -0.000127425941173, -0.000805154908448, -0.00139258918352, 0.00300293136388, -0.00609143683687, 0.00369738973677, 0.00184273044579, -0.00790266040713, -0.00110497127753, -0.000934085983317, 0.0259590167552, -0.00555830774829], [0.000449770624982, -4.92388644489e-05, -0.00152453035116, -0.000832956167869, -0.00260417559184, 0.00370902940631, -0.0060155922547, 0.00245705409907, 0.00607232004404, -0.00194735801779, 1.15515795187e-05, -0.00555830774829, 0.0314669646323]]
    },
    "spectral_contrast_coeffs": {
        "max": [-0.518682599068, -0.59889125824, -0.60088455677, -0.73772507906, -0.678718745708, -0.684544086456],
        "mean": [-0.715880930424, -0.789061784744, -0.775003194809, -0.836804151535, -0.781883180141, -0.756985366344],
        "min": [-0.896556198597, -0.925444483757, -0.904204964638, -0.914072930813, -0.876023769379, -0.83352637291],
        "stdev": [0.0772722065449, 0.0658709183335, 0.0611771978438, 0.0313697569072, 0.0358417108655, 0.0271340925246]
    },
    "spectral_contrast_valleys": {
        "max": [-6.43913984299, -5.3424911499, -4.95249414444, -5.61259508133, -6.30741262436, -9.05260467529],
        "mean": [-9.42973899841, -6.88271808624, -6.76256418228, -7.08243989944, -7.47559499741, -10.7827243805],
        "min": [-11.3918952942, -8.52516365051, -9.13218593597, -9.49090957642, -9.46731567383, -12.4883651733],
        "stdev": [1.17363190651, 0.741281747818, 1.08855450153, 1.00418782234, 0.695505857468, 0.732797861099]
    }
},
"rhythm": {
    "beats_count": 22,
    "beats_loudness": {
        "max": 0.0618906654418,
        "mean": 0.0174254104495,
        "min": 0.000875454104971,
        "stdev": 0.0184358507395
    },
    "bpm": 116.583824158,
    "bpm_histogram_first_peak_bpm": 117,
    "bpm_histogram_first_peak_weight": 0.33333337307,
    "bpm_histogram_second_peak_bpm": 103,
    "bpm_histogram_second_peak_spread": 0.5,
    "bpm_histogram_second_peak_weight": 0.190476194024,
    "danceability": 0.666466414928,
    "onset_rate": 0.470242828131,
    "beats_loudness_band_ratio": {
        "max": [0.877963483334, 0.376825630665, 0.666020095348, 0.740735590458, 0.479541450739, 0.35651025176],
        "mean": [0.155712068081, 0.0325756408274, 0.275699257851, 0.328571230173, 0.159520864487, 0.0762941837311],
        "min": [4.71755665785e-05, 0.00318896118551, 0.0194102134556, 0.0216884631664, 0.00543065043166, 0.00333666033112],
        "stdev": [0.304173380136, 0.0762976557016, 0.183530703187, 0.184457182884, 0.13111166656, 0.0913390517235]
    },
    "beats_position": [0.592108845711, 1.20743763447, 1.8111563921, 2.39165520668, 2.97215414047, 3.55265307426, 4.12154197693, 4.71365070343, 5.2941493988, 5.88625860214, 6.39709758759, 6.90793657303, 7.41877555847, 7.92961454391, 8.44045352936, 8.95129203796, 9.46213150024, 9.97297000885, 10.4954195023, 11.017868042, 11.5403175354, 12.0627660751],
