{
"metadata": {
    "version": {
        "essentia": "2.1-beta5",
        "essentia_git_sha": "Undefined",
        "extractor": "music 2.0"
    },
    "audio_properties": {
        "analysis": {
            "equal_loudness": 0,
            "length": 12.7477550507,
            "sample_rate": 44100,
            "start_time": 0,
            "downmix": "mix"
        },
        "bit_rate": 192000,
        "length": 194.490081787,
        "lossless": 0,
        "number_channels": 2,
        "replay_gain": 2.37974739075,
        "sample_rate": 48000,
        "codec": "mp3",
        "md5_encoded": "ab393475e7172e16ed59464fc2bb5e79"
    },
    "tags": {
        "file_name": "United KingdomUK_Even If_Andy Abraham.mp3",
        "encoding": ["Lavf58.29.100"]
    }
},
"lowlevel": {
    "average_loudness": 0.869556367397,
    "barkbands_crest": {
        "max": 24.575220108,
        "mean": 10.5310840607,
        "min": 2.52376866341,
        "stdev": 4.57821512222
    },
    "barkbands_flatness_db": {
        "max": 0.317437261343,
        "mean": 0.162681370974,
        "min": 0.0313012674451,
        "stdev": 0.0599880553782
    },
    "barkbands_kurtosis": {
        "max": 42.9118041992,
        "mean": 2.38450551033,
        "min": -1.84153687954,
        "stdev": 5.40187072754
    },
    "barkbands_skewness": {
        "max": 6.23887443542,
        "mean": 0.995203435421,
        "min": -4.90737962723,
        "stdev": 1.36262583733
    },
    "barkbands_spread": {
        "max": 84.7220993042,
        "mean": 21.0038928986,
        "min": 2.98108124733,
        "stdev": 12.4442749023
    },
    "dissonance": {
        "max": 0.499926388264,
        "mean": 0.475401550531,
        "min": 0.339715570211,
        "stdev": 0.0252464544028
    },
    "dynamic_complexity": 4.47107219696,
    "erbbands_crest": {
        "max": 28.2711467743,
        "mean": 10.0382699966,
        "min": 2.38861632347,
        "stdev": 5.33333873749
    },
    "erbbands_flatness_db": {
        "max": 0.386989325285,
        "mean": 0.217743262649,
        "min": 0.0632557049394,
        "stdev": 0.0807399153709
    },
    "erbbands_kurtosis": {
        "max": 27.083820343,
        "mean": 1.02520060539,
        "min": -1.69262528419,
        "stdev": 2.90386748314
    },
    "erbbands_skewness": {
        "max": 2.94582247734,
        "mean": 0.177799344063,
        "min": -4.72069168091,
        "stdev": 1.14888036251
    },
    "erbbands_spread": {
        "max": 108.866981506,
        "mean": 31.3766899109,
        "min": 4.41533088684,
        "stdev": 19.5280380249
    },
    "hfc": {
        "max": 219.460754395,
        "mean": 19.4954338074,
        "min": 0.382975757122,
        "stdev": 26.1162948608
    },
    "loudness_ebu128": {
        "integrated": -27.5678100586,
        "loudness_range": 3.73328399658,
        "momentary": {
            "max": -22.8049602509,
            "mean": -28.6061477661,
            "min": -39.3681259155,
            "stdev": 3.10737919807
        },
        "short_term": {
            "max": -25.7281131744,
            "mean": -27.5780220032,
            "min": -30.0828437805,
            "stdev": 1.25010418892
        }
    },
    "melbands_crest": {
        "max": 32.3508872986,
        "mean": 13.9786806107,
        "min": 3.8749024868,
        "stdev": 6.02936315536
    },
    "melbands_flatness_db": {
        "max": 0.333346962929,
        "mean": 0.177768602967,
        "min": 0.029400985688,
        "stdev": 0.054778944701
    },
    "melbands_kurtosis": {
        "max": 224.297561646,
        "mean": 9.58223342896,
        "min": -1.90564405918,
        "stdev": 19.5735378265
    },
    "melbands_skewness": {
        "max": 13.9639720917,
        "mean": 2.0328836441,
        "min": -2.15619325638,
        "stdev": 1.90992867947
    },
    "melbands_spread": {
        "max": 157.69644165,
        "mean": 31.3712749481,
        "min": 2.73181653023,
        "stdev": 24.3761367798
    },
    "pitch_salience": {
        "max": 0.876282930374,
        "mean": 0.611723721027,
        "min": 0.118788011372,
        "stdev": 0.140795722604
    },
    "silence_rate_20dB": {
        "max": 1,
        "mean": 1,
        "min": 1,
        "stdev": 0
    },
    "silence_rate_30dB": {
        "max": 1,
        "mean": 1,
        "min": 1,
        "stdev": 0
    },
    "silence_rate_60dB": {
        "max": 1,
        "mean": 0.250909090042,
        "min": 0,
        "stdev": 0.433537274599
    },
    "spectral_centroid": {
        "max": 4965.21484375,
        "mean": 1834.23608398,
        "min": 603.368469238,
        "stdev": 672.150634766
    },
    "spectral_complexity": {
        "max": 38,
        "mean": 13.0581817627,
        "min": 0,
        "stdev": 7.52113723755
    },
    "spectral_decrease": {
        "max": -1.02910381605e-10,
        "mean": -3.26639559844e-09,
        "min": -1.86033304317e-08,
        "stdev": 3.4392031445e-09
    },
    "spectral_energy": {
        "max": 0.0776537358761,
        "mean": 0.0140964267775,
        "min": 0.000423144549131,
        "stdev": 0.0147104496136
    },
    "spectral_energyband_high": {
        "max": 0.0364434495568,
        "mean": 0.000797546759713,
        "min": 3.18895286e-06,
        "stdev": 0.00218404387124
    },
    "spectral_energyband_low": {
        "max": 0.0548640936613,
        "mean": 0.0023749768734,
        "min": 1.15627676323e-08,
        "stdev": 0.00603163568303
    },
    "spectral_energyband_middle_high": {
        "max": 0.0515900030732,
        "mean": 0.00631330860779,
        "min": 8.33447847981e-05,
        "stdev": 0.008948543109
    },
    "spectral_energyband_middle_low": {
        "max": 0.0616782456636,
        "mean": 0.00540666980669,
        "min": 0.000139065392432,
        "stdev": 0.00874375738204
    },
    "spectral_entropy": {
        "max": 8.50063514709,
        "mean": 7.66232681274,
        "min": 6.38343429565,
        "stdev": 0.413483768702
    },
    "spectral_flux": {
        "max": 0.237896993756,
        "mean": 0.0725232735276,
        "min": 0.0130115607753,
        "stdev": 0.0450820177794
    },
    "spectral_kurtosis": {
        "max": 44.2641944885,
        "mean": 4.95727205276,
        "min": -0.945486068726,
        "stdev": 4.61500024796
    },
    "spectral_rms": {
        "max": 0.00870400760323,
        "mean": 0.00324377650395,
        "min": 0.000642513739876,
        "stdev": 0.00179736805148
    },
    "spectral_rolloff": {
        "max": 8914.74609375,
        "mean": 2208.05493164,
        "min": 86.1328125,
        "stdev": 1572.57556152
    },
    "spectral_skewness": {
        "max": 4.03360176086,
        "mean": 1.38625693321,
        "min": -0.637985110283,
        "stdev": 0.544460117817
    },
    "spectral_spread": {
        "max": 8134334,
        "mean": 3887503.25,
        "min": 1259110.125,
        "stdev": 1450822.875
    },
    "spectral_strongpeak": {
        "max": 22.901550293,
        "mean": 1.38815188408,
        "min": 0,
        "stdev": 2.17964053154
    },
    "zerocrossingrate": {
        "max": 0.251953125,
        "mean": 0.0768785476685,
        "min": 0.01025390625,
        "stdev": 0.0363681912422
    },
    "barkbands": {
        "max": [0.00162821635604, 0.0515324883163, 0.0270971674472, 0.00685224961489, 0.0115492399782, 0.0106508247554, 0.030223608017, 0.0115733416751, 0.0385103709996, 0.0659149363637, 0.00623320834711, 0.0164501480758, 0.0131037486717, 0.0230171028525, 0.0166740436107, 0.0162111073732, 0.0185509528965, 0.014510512352, 0.0374462902546, 0.0237559583038, 0.00730235408992, 0.0169632285833, 0.0102021144703, 0.00149683398195, 0.00106569717173, 0.00039690855192, 1.80747665581e-05],
        "mean": [3.76998141292e-05, 0.00157116807532, 0.000584512075875, 0.000359548983397, 0.00056861754274, 0.000485790980747, 0.000709730316885, 0.000430107989814, 0.00161909509916, 0.00208089617081, 0.000233383179875, 0.00036852635094, 0.000493880710565, 0.000727067294065, 0.00051685346989, 0.000446088117315, 0.000647353357635, 0.0005693762796, 0.000710251741111, 0.000207299104659, 0.000170927407453, 0.000281097978586, 0.00017239182489, 5.90166600887e-05, 3.34108808602e-05, 1.20056847663e-05, 3.40145220434e-07],
        "min": [4.25051625841e-11, 1.1973140257e-09, 1.85377457829e-09, 5.25599874734e-09, 6.61969750126e-08, 7.15054284228e-07, 1.61243099228e-06, 2.28069302466e-06, 8.83333359525e-06, 3.13678742714e-06, 3.45846910932e-06, 4.71722114526e-06, 1.91929052562e-06, 1.95768552658e-06, 5.72874841964e-06, 4.00767976316e-06, 3.76947809855e-06, 2.8650808872e-06, 2.02296632779e-06, 1.2783253851e-06, 1.03254569694e-06, 3.94873950427e-07, 3.24536358676e-07, 1.23434148236e-07, 4.6648466423e-08, 1.30820865252e-08, 3.32956301419e-10],
        "stdev": [0.00012616647291, 0.00467004347593, 0.00196263892576, 0.00075818458572, 0.00129159819335, 0.00127336662263, 0.00267633493058, 0.00138125184458, 0.00412790896371, 0.00648700026795, 0.000407103711041, 0.00131542712916, 0.00142765336204, 0.0020327414386, 0.00153989577666, 0.00114381546155, 0.0017111528432, 0.00150675582699, 0.00289987260476, 0.00119130930398, 0.000488512509037, 0.000929313420784, 0.000644999323413, 0.000132951463456, 9.80012264336e-05, 3.25020446326e-05, 1.38898326441e-06]
    },
    "erbbands": {
        "max": [2.0278866291, 9.34641838074, 22.4055137634, 30.4468460083, 40.5087814331, 47.8238601685, 52.2874908447, 100.062408447, 383.0390625, 390.470062256, 316.880157471, 936.281433105, 2477.04760742, 504.946716309, 218.161422729, 807.653625488, 508.676635742, 883.229675293, 630.843017578, 878.975097656, 583.084289551, 1080.06555176, 755.069946289, 2024.19396973, 847.076293945, 1032.07214355, 245.104721069, 307.856445312, 575.45300293, 509.900665283, 261.484375, 49.9410400391, 13.215502739, 10.8211612701, 10.5554008484, 3.62225866318, 0.221967712045, 0.0660665333271, 0.00257593812421, 0.000114856644359],
        "mean": [0.0458712056279, 0.348607182503, 0.684915363789, 1.00280308723, 1.6078145504, 2.03423523903, 1.67255818844, 5.11314296722, 9.59623813629, 10.1620769501, 10.0284528732, 35.1949195862, 77.643081665, 32.9951896667, 9.40917015076, 17.091835022, 21.4838638306, 36.1257972717, 27.0921115875, 28.9505939484, 26.1463432312, 36.0983161926, 30.4894275665, 41.8064994812, 24.0517406464, 9.28999710083, 6.14348316193, 7.6630449295, 9.88148021698, 7.83873128891, 4.87079191208, 1.96974432468, 0.599722445011, 0.358776003122, 0.240707784891, 0.0944332778454, 0.0107824020088, 0.00140702305362, 6.67920394335e-05, 2.09021436604e-05],
        "min": [3.95799588659e-08, 5.86618966736e-07, 3.20689832733e-06, 2.60516426351e-05, 0.0001325772173, 0.000346296059433, 0.00221808627248, 0.0063435989432, 0.0106733450666, 0.0223158448935, 0.132194191217, 0.12765006721, 0.182533636689, 0.177826762199, 0.122062362731, 0.192470595241, 0.0860668793321, 0.0997306331992, 0.330020964146, 0.329003363848, 0.187951669097, 0.231583029032, 0.166645154357, 0.148762315512, 0.0803688168526, 0.0579801499844, 0.045212417841, 0.0263369958848, 0.0167814996094, 0.0120122805238, 0.00853739026934, 0.00359203014523, 0.00137263804208, 0.000675135175698, 0.000322776933899, 0.000107777887024, 2.81133434328e-05, 1.9020436639e-06, 5.6474914345e-07, 5.31602097453e-07],
        "stdev": [0.157355487347, 0.99346280098, 2.11828303337, 2.32840204239, 3.57872200012, 5.05127716064, 4.75715398788, 13.2830114365, 37.5487861633, 33.8992576599, 27.3246555328, 90.2440872192, 256.669677734, 60.6903991699, 15.6529369354, 60.1622009277, 57.0327415466, 92.3464813232, 65.4532699585, 78.303352356, 55.304725647, 96.2101669312, 75.6411972046, 169.725997925, 77.7488098145, 50.9749946594, 16.3153896332, 21.0500278473, 31.7958087921, 28.082660675, 18.579782486, 4.53598737717, 1.267141819, 0.985229611397, 0.792129397392, 0.276974856853, 0.0234643165022, 0.00470471056178, 0.000198033900233, 2.19271987589e-05]
    },
    "gfcc": {
        "mean": [-66.1655883789, 58.9472312927, -176.411697388, 13.6851110458, -77.1817245483, 8.86975383759, -33.0323562622, 5.080742836, -18.8117218018, -11.5933494568, -24.8656787872, -3.91948914528, -15.23478508],
        "cov": [[4267.93359375, -106.681510925, 1446.87890625, 1170.63195801, 194.662322998, 273.823242188, -107.155906677, 115.2186203, 168.312469482, 274.441253662, 83.7188186646, 271.399841309, 2.5122256279], [-106.681510925, 2441.59667969, 968.322998047, 816.365234375, 783.359375, -197.116378784, -101.022407532, -279.713897705, 177.732070923, -384.061523438, 6.8820142746, -136.262710571, -289.716766357], [1446.87890625, 968.322998047, 2641.13208008, 1566.49157715, 690.75213623, 845.905700684, 236.842712402, 306.584503174, -64.9766921997, 317.187011719, 19.0913085938, 116.649589539, 41.3204460144], [1170.63195801, 816.365234375, 1566.49157715, 1509.02319336, 436.407989502, 318.572357178, 156.162826538, 28.5050296783, 88.1052093506, -5.37043476105, 34.2200965881, 39.2194404602, -48.9369926453], [194.662322998, 783.359375, 690.75213623, 436.407989502, 552.279541016, 168.949050903, 38.8874969482, 55.6933174133, 31.2833881378, -14.0823898315, -13.341178894, -18.7071475983, -50.8032875061], [273.823242188, -197.116378784, 845.905700684, 318.572357178, 168.949050903, 725.960693359, 300.040985107, 274.403503418, -60.9794883728, 298.391082764, -26.1806640625, 50.8191757202, 133.2681427], [-107.155906677, -101.022407532, 236.842712402, 156.162826538, 38.8874969482, 300.040985107, 318.591186523, 126.806564331, 4.56209135056, 64.7613220215, -16.128988266, -15.4343662262, 40.0687866211], [115.2186203, -279.713897705, 306.584503174, 28.5050296783, 55.6933174133, 274.403503418, 126.806564331, 258.988067627, -53.1676826477, 170.689193726, -16.2889728546, 23.6628608704, 92.5446929932], [168.312469482, 177.732070923, -64.9766921997, 88.1052093506, 31.2833881378, -60.9794883728, 4.56209135056, -53.1676826477, 180.072952271, -45.7360916138, -8.0407333374, -15.6199789047, -35.4972801208], [274.441253662, -384.061523438, 317.187011719, -5.37043476105, -14.0823898315, 298.391082764, 64.7613220215, 170.689193726, -45.7360916138, 287.104003906, 27.0319423676, 72.8411865234, 123.878128052], [83.7188186646, 6.8820142746, 19.0913085938, 34.2200965881, -13.341178894, -26.1806640625, -16.128988266, -16.2889728546, -8.0407333374, 27.0319423676, 99.3657608032, 40.2681846619, 18.0013160706], [271.399841309, -136.262710571, 116.649589539, 39.2194404602, -18.7071475983, 50.8191757202, -15.4343662262, 23.6628608704, -15.6199789047, 72.8411865234, 40.2681846619, 111.155723572, 53.1950645447], [2.5122256279, -289.716766357, 41.3204460144, -48.9369926453, -50.8032875061, 133.2681427, 40.0687866211, 92.5446929932, -35.4972801208, 123.878128052, 18.0013160706, 53.1950645447, 139.454666138]],
        "icov": [[0.000493526924402, 0.000344408646924, -0.000293578865239, -0.000214355764911, -0.000111697045213, 0.000109033535409, 0.000434076966485, -4.90929596708e-05, -0.000730275001843, -8.72654054547e-05, -9.48166270973e-05, -0.000724747544155, 0.000661680183839], [0.000344408646924, 0.00286749168299, -0.00250612734817, 0.00140316039324, -0.00245870696381, 0.00086645380361, 8.83479297045e-05, 0.0024858196266, -0.00243442924693, 0.00314756738953, -0.00194722868036, 0.00181653874461, -7.00092496118e-05], [-0.000293578865239, -0.00250612734817, 0.00513285491616, -0.00372104998678, 0.000944799976423, -0.00230720383115, 0.000998614006676, -0.00305332732387, 0.00364269479178, -0.00459133042023, 0.00214860751294, -0.00263934442773, 0.00199567922391], [-0.000214355764911, 0.00140316039324, -0.00372104998678, 0.00417388509959, -0.000934732030146, 0.0010432935087, -0.00131633598357, 0.00243011931889, -0.00255210907198, 0.00408044271171, -0.00207467889413, 0.0019366388442, -0.00183105131146], [-0.000111697045213, -0.00245870696381, 0.000944799976423, -0.000934732030146, 0.0055568208918, -0.00138141412754, 0.000884764653165, -0.00313557777554, 0.000820472836494, -0.000875008117873, 0.00102543120738, -0.00107346323784, 0.000720414158422], [0.000109033535409, 0.00086645380361, -0.00230720383115, 0.0010432935087, -0.00138141412754, 0.00727474270388, -0.00461694877595, 0.00117128272541, -0.00015742200776, -0.00332237756811, 0.00205239723437, 0.000596297206357, -0.00163934077136], [0.000434076966485, 8.83479297045e-05, 0.000998614006676, -0.00131633598357, 0.000884764653165, -0.00461694877595, 0.00788993667811, -0.00288948765956, -0.00139226065949, 0.00268906354904, -0.00167052226607, 0.000577770988457, 0.00105505110696], [-4.90929596708e-05, 0.0024858196266, -0.00305332732387, 0.00243011931889, -0.00313557777554, 0.00117128272541, -0.00288948765956, 0.0118992887437, -0.000672316353302, -0.000489798083436, 0.000371416826965, 0.00324924453162, -0.00342875160277], [-0.000730275001843, -0.00243442924693, 0.00364269479178, -0.00255210907198, 0.000820472836494, -0.00015742200776, -0.00139226065949, -0.000672316353302, 0.0099020935595, -0.00449168682098, 0.00302239996381, -0.001117453794, 0.000822861504275], [-8.72654054547e-05, 0.00314756738953, -0.00459133042023, 0.00408044271171, -0.000875008117873, -0.00332237756811, 0.00268906354904, -0.000489798083436, -0.00449168682098, 0.017537727952, -0.00627772836015, 0.0017684524646, -0.00484481407329], [-9.48166270973e-05, -0.00194722868036, 0.00214860751294, -0.00207467889413, 0.00102543120738, 0.00205239723437, -0.00167052226607, 0.000371416826965, 0.00302239996381, -0.00627772836015, 0.0153371877968, -0.00565885566175, -0.000237951680901], [-0.000724747544155, 0.00181653874461, -0.00263934442773, 0.0019366388442, -0.00107346323784, 0.000596297206357, 0.000577770988457, 0.00324924453162, -0.001117453794, 0.0017684524646, -0.00565885566175, 0.0175501611084, -0.00585404224694], [0.000661680183839, -7.00092496118e-05, 0.00199567922391, -0.00183105131146, 0.000720414158422, -0.00163934077136, 0.00105505110696, -0.00342875160277, 0.000822861504275, -0.00484481407329, -0.000237951680901, -0.00585404224694, 0.0163577254862]]
    },
    "melbands": {
        "max": [0.016162827611, 0.0087445275858, 0.00470968103036, 0.00288316980004, 0.00154134084005, 0.00230641104281, 0.00565024279058, 0.00369412312284, 0.00308138295077, 0.00633337209001, 0.012417299673, 0.00255210814066, 0.000625980610494, 0.00162252294831, 0.00315175601281, 0.00124855828471, 0.00199273601174, 0.00141532358248, 0.00146766123362, 0.0015679289354, 0.000719532254152, 0.00116175319999, 0.000855057674926, 0.000519657041878, 0.00191901659127, 0.00134390546009, 0.00115534476936, 0.000523066730238, 0.000124185069581, 0.00015608376998, 0.000198780602659, 0.000297684920952, 0.000399258831749, 0.000256325351074, 0.000194191205082, 6.08929804002e-05, 2.57944520854e-05, 9.96145445242e-06, 8.77503680385e-06, 9.78959724307e-06],
        "mean": [0.000429619307397, 0.000388887361623, 0.000191167244338, 0.000135018533911, 6.34355674265e-05, 0.000113934154797, 0.000147554863361, 0.000109132328362, 8.10040728538e-05, 0.000253579812124, 0.000385692779673, 0.000134337606141, 3.06703404931e-05, 3.28284477291e-05, 5.61042070331e-05, 4.57610331068e-05, 7.24124183762e-05, 4.41267729911e-05, 4.33159657405e-05, 3.20803628711e-05, 3.10358591378e-05, 3.77716060029e-05, 3.2207750337e-05, 2.55882114288e-05, 3.60857884516e-05, 2.30418681895e-05, 1.13310597953e-05, 4.67979907626e-06, 3.5991859022e-06, 3.97682060793e-06, 4.57839405499e-06, 5.52726260139e-06, 5.65301525057e-06, 3.83439373763e-06, 3.19110608871e-06, 1.63752599747e-06, 9.91771344161e-07, 4.14780174651e-07, 3.31655684249e-07, 2.80163590105e-07],
        "min": [3.53923279572e-10, 1.54858503798e-09, 5.33874588982e-09, 1.20380789781e-08, 6.07917556295e-08, 1.34390930384e-07, 1.85395890639e-07, 2.45606059934e-07, 7.60787486342e-07, 1.10522239538e-06, 8.83757479642e-07, 6.84499013914e-07, 3.96044072204e-07, 3.82221202244e-07, 2.50771961419e-07, 2.34829784063e-07, 1.56596357215e-07, 4.22523271482e-07, 4.96045231557e-07, 2.69147648169e-07, 1.86204474062e-07, 2.12049343418e-07, 1.42031353789e-07, 1.36285876806e-07, 9.32175794333e-08, 5.53003225434e-08, 4.11571612347e-08, 3.40605765814e-08, 2.81223133669e-08, 1.71624900958e-08, 1.33509470146e-08, 8.78924044656e-09, 5.51166179363e-09, 6.59530519087e-09, 5.44304912253e-09, 2.38153785581e-09, 1.74395176078e-09, 7.92216348078e-10, 2.72489225628e-10, 4.64781907406e-10],
        "stdev": [0.00135238573421, 0.00104244565591, 0.000382883561542, 0.00030861524283, 0.00015687927953, 0.000297338323435, 0.000547746487428, 0.000349608744727, 0.000233070590184, 0.000644193205517, 0.0012780923862, 0.000259868014837, 5.11206271767e-05, 9.68781750998e-05, 0.000222872084123, 0.000125883365399, 0.000198663692572, 0.000121377597679, 0.000135839785798, 9.59813187364e-05, 6.97701107129e-05, 0.000101475168776, 9.06896602828e-05, 6.45967156743e-05, 0.000158383772941, 9.07825378818e-05, 6.36228651274e-05, 2.53613743553e-05, 9.252570635e-06, 1.1667479157e-05, 1.32489840325e-05, 1.71260544448e-05, 2.15522522922e-05, 1.39387848321e-05, 1.27345774672e-05, 4.87640772917e-06, 2.38562347477e-06, 9.24503922306e-07, 8.48827085065e-07, 8.43050941057e-07]
    },
    "melbands128": {
        "max": [0.00162801076658, 0.0164833813906, 0.0244058649987, 0.0123574212193, 0.0117559153587, 0.014410180971, 0.00686565507203, 0.00299313780852, 0.00483859889209, 0.00405223900452, 0.00366629427299, 0.00291243591346, 0.00248845270835, 0.00355787598528, 0.00337598100305, 0.00537383649498, 0.00796894729137, 0.00679225381464, 0.00933016464114, 0.00674714753404, 0.00481724087149, 0.00297658052295, 0.00502957077697, 0.00546604674309, 0.0118494220078, 0.0146057028323, 0.0130340503529, 0.0250892937183, 0.005800309591, 0.00480238441378, 0.00187402765732, 0.00144209491555, 0.00059510738356, 0.00104993837886, 0.000751658983063, 0.00238702213392, 0.0039026918821, 0.00585836404935, 0.00271991360933, 0.00232999050058, 0.00205140095204, 0.00390203273855, 0.0030854572542, 0.00519821932539, 0.00303092063405, 0.00139177555684, 0.00193651940208, 0.0032777802553, 0.00295394845307, 0.00215693796054, 0.00253729638644, 0.000957222888246, 0.000878920545802, 0.000656649470329, 0.00199172459543, 0.000735586392693, 0.00349945924245, 0.00176530517638, 0.00154843903147, 0.000857455015648, 0.000571523269173, 0.00113509374205, 0.00192381755915, 0.00360893690959, 0.00600033020601, 0.00103305117227, 0.0010417252779, 0.000617933808826, 0.00186812691391, 0.00102168810554, 0.000716728332918, 9.78300813586e-05, 9.87161038211e-05, 0.000132981484057, 0.000269043142907, 0.000194548571017, 0.000134690722916, 0.000216735337744, 0.000253238424193, 0.000178711357876, 0.000371781527065, 0.000213796083699, 0.000428774394095, 0.000518215470947, 0.00030582130421, 0.000136221424327, 0.000320371618727, 0.000341488135746, 0.000161105082952, 0.00019559955399, 8.4217172116e-05, 2.22735634452e-05, 9.13698240765e-05, 2.43038666667e-05, 1.67689413502e-05, 1.34905649247e-05, 8.88701288204e-06, 9.69534903561e-06, 1.07043151729e-05, 1.26936038214e-05, 8.80054267327e-06, 1.03933280116e-05, 1.54991539603e-05, 1.06625448097e-05, 1.21553175632e-05, 1.50524829223e-05, 1.56319874804e-05, 1.46237262015e-05, 4.48545915788e-06, 1.78317202426e-06, 1.38129598781e-06, 3.33236243932e-07, 3.85843009099e-07, 1.13887745101e-06, 1.64886387211e-06, 6.55471751543e-07, 4.59583361589e-07, 2.26671389214e-07, 1.17285630097e-07, 5.40190043807e-08, 4.09198044338e-08, 2.21275016088e-08, 9.20801213056e-09, 2.58843946277e-10, 2.58893656513e-10, 2.52585091731e-10, 2.51798859541e-10, 2.50649667688e-10],
        "mean": [3.41642735293e-05, 0.000326912529999, 0.000643962295726, 0.000544662296306, 0.00038018610212, 0.000272933248198, 0.000200983427931, 0.000176676505362, 0.000158662573085, 0.000148579580127, 0.000115753195132, 6.4989690145e-05, 4.65127341158e-05, 5.91093776166e-05, 0.000106397557829, 0.000146334699821, 0.000161699310411, 0.000146482547279, 0.000134837478981, 0.000107221654616, 0.000107860360004, 8.73091776157e-05, 6.08748814557e-05, 8.47314004204e-05, 0.000189182988834, 0.000318499398418, 0.000418201263528, 0.000535829400178, 0.000190439808648, 0.000171836509253, 0.000119848104077, 3.85651619581e-05, 2.66025799647e-05, 2.11277292692e-05, 2.49958011409e-05, 3.33987991326e-05, 4.93426014145e-05, 6.94834889146e-05, 5.18858723808e-05, 3.63234830729e-05, 4.46672383987e-05, 5.86920723435e-05, 6.85980485287e-05, 9.13007243071e-05, 5.7440760429e-05, 2.68171934295e-05, 3.76571952074e-05, 4.74992011732e-05, 4.45605946879e-05, 3.94671151298e-05, 2.88034334517e-05, 2.64939171757e-05, 2.72653524007e-05, 3.20928375004e-05, 4.2058971303e-05, 3.33450843755e-05, 4.27116974606e-05, 3.43462088495e-05, 2.98040667985e-05, 2.43824706558e-05, 2.22583530558e-05, 2.83707195194e-05, 3.48615358234e-05, 3.62882310583e-05, 4.34271751146e-05, 1.91742219613e-05, 1.63616950886e-05, 1.1010374692e-05, 1.33900348374e-05, 6.27084318694e-06, 4.77314370073e-06, 3.05632033815e-06, 3.92443098463e-06, 3.58404031431e-06, 3.19482546729e-06, 4.63522383143e-06, 3.43565966432e-06, 4.54352584711e-06, 4.70192208013e-06, 4.51698770121e-06, 5.94421362621e-06, 5.31529030923e-06, 6.15487169853e-06, 5.85930320085e-06, 5.50404502064e-06, 3.45110038324e-06, 3.49530000676e-06, 3.97869871449e-06, 3.23714607475e-06, 2.76758237305e-06, 1.71185808995e-06, 1.24588723338e-06, 1.64105551903e-06, 9.61391378951e-07, 6.86046575993e-07, 4.92193805712e-07, 3.68326709577e-07, 2.62642288362e-07, 3.32667980274e-07, 3.85956241189e-07, 3.02276873754e-07, 2.6174359391e-07, 2.41179662908e-07, 2.60857007106e-07, 2.88977815899e-07, 2.72495924492e-07, 2.91627543447e-07, 2.58639175854e-07, 1.42555776961e-07, 9.83837509239e-08, 5.99213905161e-08, 2.61545078928e-08, 1.82461494802e-08, 2.21011884349e-08, 2.25734311243e-08, 1.15008420565e-08, 8.03642663527e-09, 3.77980624577e-09, 2.04680561389e-09, 7.52209461385e-10, 3.4674937921e-10, 1.14198567269e-10, 3.98879713981e-11, 4.10905814582e-12, 3.4461116686e-12, 2.69277438888e-12, 2.293205556e-12, 2.22671143676e-12],
        "min": [3.57719513733e-11, 4.14691128658e-11, 7.35795938067e-11, 1.95743643516e-10, 7.3744599316e-10, 8.29967317095e-10, 1.76413172959e-09, 1.80706005715e-09, 4.79795625452e-09, 7.16568759884e-09, 5.8438818229e-09, 1.30463018166e-08, 1.37178108872e-08, 4.88574229962e-08, 2.00946992379e-08, 2.07911305949e-08, 6.92254218393e-08, 8.964084941e-08, 1.27942612949e-07, 1.00770805034e-07, 2.36486187077e-07, 2.27734375358e-07, 3.33019642085e-07, 1.91390739701e-07, 1.13062419871e-07, 3.81875565836e-07, 5.69163944419e-07, 3.42002266507e-07, 1.24161772419e-07, 6.63879802687e-07, 9.34592549129e-07, 3.44482202763e-07, 1.8070342378e-07, 1.03489199432e-07, 1.31847599505e-07, 2.30527433587e-07, 3.32575069706e-07, 1.88927657518e-07, 3.67137324986e-08, 1.25624424641e-07, 3.05853291138e-07, 1.49967718244e-07, 9.96448576984e-08, 1.29381689362e-07, 2.1641498904e-07, 2.29404406582e-07, 1.33892086751e-07, 2.81443618633e-07, 1.75789807599e-07, 2.03410110089e-07, 2.03430360557e-07, 6.44597548671e-08, 1.33529653112e-07, 1.02028081983e-07, 9.96215590021e-08, 1.02909368138e-07, 1.39015426726e-07, 5.93881850364e-08, 3.73116790797e-08, 7.31739362436e-08, 9.94659075104e-08, 5.27545083173e-08, 4.52047395072e-08, 3.32835909944e-08, 3.96824439974e-08, 2.03284002964e-08, 3.47387825173e-08, 3.07864773674e-08, 2.6131550257e-08, 1.30310526814e-08, 1.41606308901e-08, 2.17705355965e-08, 2.38017072718e-08, 2.04087644562e-08, 1.64673004122e-08, 1.50223282702e-08, 1.22314771644e-08, 1.37404319034e-08, 1.09622524391e-08, 1.01927968288e-08, 4.84548401403e-09, 1.03600088508e-08, 4.11137257572e-09, 3.97953803244e-09, 4.85347406709e-09, 5.74252334573e-09, 3.48039796982e-09, 5.65866775659e-09, 4.68203831261e-09, 3.01348745957e-09, 1.62073943155e-09, 1.66745717234e-09, 2.61963517545e-09, 1.15534892764e-09, 9.31455357289e-10, 3.39084399448e-10, 9.520245009e-11, 8.17262924002e-11, 6.15111087066e-11, 5.09559949791e-10, 4.25287055572e-10, 3.61808916161e-10, 1.33304159378e-10, 1.9451724953e-10, 1.90132978806e-10, 1.91392429683e-10, 1.40709124907e-10, 1.78515605076e-10, 1.30383467911e-10, 8.02561836433e-11, 4.79191061831e-11, 4.80573428274e-11, 2.66078869007e-12, 1.46453812619e-12, 1.5081802994e-12, 2.01722731401e-12, 1.58214923367e-12, 1.1451049527e-12, 9.36407852301e-13, 7.61716807251e-13, 8.10246889114e-13, 8.40450267974e-13, 8.72711950449e-13, 8.91299675124e-13, 6.03021430533e-13, 2.64029276957e-13, 2.99454268348e-14, 9.3864188984e-16],
        "stdev": [0.000119411117339, 0.00121299608145, 0.00212299404666, 0.00155594781972, 0.00121575919911, 0.000923591724131, 0.000533245853148, 0.000358794204658, 0.000422335404437, 0.000424177676905, 0.000332136143697, 0.000201351693249, 0.00019037144375, 0.000224046132644, 0.000306183268549, 0.000516418542247, 0.0007328929496, 0.000693425536156, 0.000627605011687, 0.000452364387456, 0.000445160461823, 0.000322136911564, 0.000280461885268, 0.000358435325325, 0.000753176573198, 0.00103404407855, 0.00144023273606, 0.00235896441154, 0.000601274252404, 0.000405956496252, 0.000256356579484, 8.28233751236e-05, 4.99687666888e-05, 5.68911891605e-05, 6.34682146483e-05, 0.00012780931138, 0.000235992250964, 0.000374772149371, 0.000232013378991, 0.000132565473905, 0.000151284213644, 0.000246196781518, 0.000238524080487, 0.000348810688592, 0.000243228205363, 9.57088705036e-05, 0.000137694732985, 0.000221542810323, 0.000189024067367, 0.000145031968714, 0.000130872329464, 7.49468745198e-05, 7.26126745576e-05, 8.09340635897e-05, 0.000142329619848, 9.06065324671e-05, 0.000194357591681, 0.000111660265247, 0.000110259847133, 7.74030049797e-05, 5.96605277678e-05, 9.3264694442e-05, 0.00015936694399, 0.000196913591935, 0.000311092007905, 7.14133202564e-05, 5.66944654565e-05, 4.02161676902e-05, 0.000106241343019, 4.8483198043e-05, 3.36148295901e-05, 7.51000425225e-06, 9.51003949012e-06, 1.14683743959e-05, 1.39782805491e-05, 1.69026006915e-05, 1.02295462057e-05, 1.46694546856e-05, 1.69697632373e-05, 1.33649054987e-05, 2.11879632843e-05, 1.65548863151e-05, 2.37414969888e-05, 2.71244425676e-05, 1.95397878997e-05, 1.01751002148e-05, 1.59804712894e-05, 1.79800499609e-05, 1.177581089e-05, 1.46449901877e-05, 6.59063380226e-06, 2.89853824142e-06, 5.75174544792e-06, 2.43673434852e-06, 1.74848366896e-06, 1.16665978567e-06, 8.58017415339e-07, 7.63892899158e-07, 8.92631703664e-07, 1.13121348022e-06, 8.89859222752e-07, 8.58287137362e-07, 9.41340090321e-07, 9.07400306005e-07, 1.01377645478e-06, 1.11165775252e-06, 1.17006561595e-06, 9.6017015494e-07, 3.90976055087e-07, 2.38229702632e-07, 1.47711858745e-07, 5.51302896667e-08, 4.36136566861e-08, 7.45597930063e-08, 9.44729094954e-08, 4.17023784394e-08, 3.28234754932e-08, 1.89515922955e-08, 1.00343715559e-08, 4.42369119114e-09, 2.50564036186e-09, 1.23173371502e-09, 4.34526886695e-10, 1.21089249738e-11, 1.1458292648e-11, 1.12114944065e-11, 1.11872767994e-11, 1.11373445189e-11]
    },
    "mfcc": {
        "mean": [-690.512390137, 89.3516159058, -46.5706787109, -0.481106728315, -25.0682563782, -1.07223820686, -16.8870182037, 12.4039478302, -3.82396888733, 1.7568192482, -3.01309919357, -12.4182529449, -10.5379095078],
        "cov": [[3647.4465332, -574.113220215, 859.94744873, 693.051452637, 324.809814453, 248.154541016, -198.707473755, 94.9165496826, -60.8098602295, 17.4142475128, 88.0162887573, 44.9828720093, 185.081787109], [-574.113220215, 1860.23254395, 212.823623657, 532.121459961, 621.997558594, 109.383331299, -111.435821533, 95.7501068115, -121.406616211, -196.299560547, 103.894737244, 38.3203392029, -104.389274597], [859.94744873, 212.823623657, 2110.171875, 989.050231934, 779.456054688, 710.2734375, 654.028808594, 218.341461182, 325.047210693, 210.000366211, 96.129524231, 248.966903687, 203.214019775], [693.051452637, 532.121459961, 989.050231934, 1176.30847168, 543.548034668, 362.920379639, 43.0985908508, 231.651153564, -46.9298400879, -7.45804786682, 52.0685806274, 47.5195579529, 31.7758216858], [324.809814453, 621.997558594, 779.456054688, 543.548034668, 716.348083496, 263.364532471, 219.317687988, 76.5484771729, 122.911773682, 8.82477855682, 80.2916793823, 110.377906799, 39.1516723633], [248.154541016, 109.383331299, 710.2734375, 362.920379639, 263.364532471, 495.897644043, 272.009979248, 164.945861816, 183.991516113, 143.292449951, 65.8927536011, 115.161705017, 71.2053909302], [-198.707473755, -111.435821533, 654.028808594, 43.0985908508, 219.317687988, 272.009979248, 592.938537598, 80.0780105591, 273.796478271, 176.262298584, 34.9272460938, 121.171974182, 89.5666732788], [94.9165496826, 95.7501068115, 218.341461182, 231.651153564, 76.5484771729, 164.945861816, 80.0780105591, 189.142379761, 61.0503387451, 55.1995239258, 34.4074325562, 8.38543891907, -1.21478688717], [-60.8098602295, -121.406616211, 325.047210693, -46.9298400879, 122.911773682, 183.991516113, 273.796478271, 61.0503387451, 293.875305176, 168.095123291, 36.7663078308, 75.5849227905, 44.1712684631], [17.4142475128, -196.299560547, 210.000366211, -7.45804786682, 8.82477855682, 143.292449951, 176.262298584, 55.1995239258, 168.095123291, 208.814788818, 30.9829845428, 46.8718605042, 41.6422691345], [88.0162887573, 103.894737244, 96.129524231, 52.0685806274, 80.2916793823, 65.8927536011, 34.9272460938, 34.4074325562, 36.7663078308, 30.9829845428, 75.7976531982, 31.438129425, 11.8813495636], [44.9828720093, 38.3203392029, 248.966903687, 47.5195579529, 110.377906799, 115.161705017, 121.171974182, 8.38543891907, 75.5849227905, 46.8718605042, 31.438129425, 130.689987183, 66.6920166016], [185.081787109, -104.389274597, 203.214019775, 31.7758216858, 39.1516723633, 71.2053909302, 89.5666732788, -1.21478688717, 44.1712684631, 41.6422691345, 11.8813495636, 66.6920166016, 113.887115479]],
        "icov": [[0.000557815365028, 0.000477101712022, -0.0002616046404, 4.46590929641e-05, -0.000565570022445, -7.79438269092e-05, 0.000750495411921, -0.00030532720848, 0.000302337721223, 0.000117213749036, -0.000764591968618, 0.000306256435579, -0.000624898821115], [0.000477101712022, 0.00157024280634, 3.65572013834e-05, 4.77878129459e-05, -0.00165986304637, -0.000261273467913, 0.000725827994756, -0.000750253850129, 0.000798276450951, 0.000786759599578, -0.00143210613169, -0.000360910547897, 0.000503983173985], [-0.0002616046404, 3.65572013834e-05, 0.00243322295137, -0.00157027877867, -0.000370336550986, -0.00106864131521, -0.00169064558577, 0.00112674362026, -0.000748260994442, 0.000259916763753, 0.000465284829261, -0.00059214734938, -0.000814453000203], [4.46590929641e-05, 4.77878129459e-05, -0.00157027877867, 0.00369387539104, -0.00185894151218, -0.000369264656911, 0.00154259963892, -0.00318867526948, 0.00282316072844, -0.000987174338661, 0.00109410297591, 0.000688654719852, 0.000113825895824], [-0.000565570022445, -0.00165986304637, -0.000370336550986, -0.00185894151218, 0.00564370444044, 0.000415826652898, -0.00151158007793, 0.00261623435654, -0.00311757647432, 0.00153071212117, -0.00109038536903, -0.000716412963811, 0.000776442931965], [-7.79438269092e-05, -0.000261273467913, -0.00106864131521, -0.000369264656911, 0.000415826652898, 0.00574995903298, -0.000184081160114, -0.00243285507895, -0.000939665129408, -0.0011310367845, -0.000543130852748, -0.00183276366442, 0.00018580807955], [0.000750495411921, 0.000725827994756, -0.00169064558577, 0.00154259963892, -0.00151158007793, -0.000184081160114, 0.00548334838822, -0.00178339809645, -0.000860009691678, -0.000694524787832, 0.000170729268575, -0.000110994871648, -0.00103004497942], [-0.00030532720848, -0.000750253850129, 0.00112674362026, -0.00318867526948, 0.00261623435654, -0.00243285507895, -0.00178339809645, 0.0115018198267, -0.00280268117785, 0.000101932389953, -0.00252103549428, 0.00182943139225, 0.00107607082464], [0.000302337721223, 0.000798276450951, -0.000748260994442, 0.00282316072844, -0.00311757647432, -0.000939665129408, -0.000860009691678, -0.00280268117785, 0.0115233100951, -0.00552067486569, 0.000172852378455, -0.000778564193752, 0.00108070869464], [0.000117213749036, 0.000786759599578, 0.000259916763753, -0.000987174338661, 0.00153071212117, -0.0011310367845, -0.000694524787832, 0.000101932389953, -0.00552067486569, 0.0115305455402, -0.00320934061892, 0.000149997373228, -0.00075736787403], [-0.000764591968618, -0.00143210613169, 0.000465284829261, 0.00109410297591, -0.00109038536903, -0.000543130852748, 0.000170729268575, -0.00252103549428, 0.000172852378455, -0.00320934061892, 0.019841581583, -0.00298856012523, 0.00013420873438], [0.000306256435579, -0.000360910547897, -0.00059214734938, 0.000688654719852, -0.000716412963811, -0.00183276366442, -0.000110994871648, 0.00182943139225, -0.000778564193752, 0.000149997373228, -0.00298856012523, 0.0153776323423, -0.00691127916798], [-0.000624898821115, 0.000503983173985, -0.000814453000203, 0.000113825895824, 0.000776442931965, 0.00018580807955, -0.00103004497942, 0.00107607082464, 0.00108070869464, -0.00075736787403, 0.00013420873438, -0.00691127916798, 0.0160090923309]]
    },
    "spectral_contrast_coeffs": {
        "max": [-0.316848367453, -0.488120555878, -0.523659825325, -0.585332512856, -0.528506755829, -0.310629308224],
        "mean": [-0.688315212727, -0.769583523273, -0.760434925556, -0.806519508362, -0.770446717739, -0.720966696739],
        "min": [-0.903934776783, -0.913306176662, -0.914868295193, -0.902972579002, -0.89302867651, -0.853783845901],
        "stdev": [0.11741078645, 0.0803066715598, 0.0719592571259, 0.0672687739134, 0.0807400941849, 0.075676895678]
    },
    "spectral_contrast_valleys": {
        "max": [-5.76423358917, -4.86881160736, -5.40750694275, -5.60261917114, -5.64329576492, -8.17154502869],
        "mean": [-8.90709972382, -7.32253313065, -7.27020359039, -7.51974248886, -7.76576423645, -10.864356041],
        "min": [-12.2403049469, -8.89563369751, -8.763712883, -8.98507881165, -9.32091140747, -12.8637208939],
        "stdev": [1.64209318161, 0.591475486755, 0.470798522234, 0.470477610826, 0.560969471931, 1.02652072906]
    }
},
"rhythm": {
    "beats_count": 23,
    "beats_loudness": {
        "max": 0.0602470487356,
        "mean": 0.0218837410212,
        "min": 0.00108427519444,
        "stdev": 0.0170744135976
    },
    "bpm": 106.964759827,
    "bpm_histogram_first_peak_bpm": 105,
    "bpm_histogram_first_peak_weight": 0,
    "bpm_histogram_second_peak_bpm": 117,
    "bpm_histogram_second_peak_spread": 0.444444417953,
    "bpm_histogram_second_peak_weight": 0.227272734046,
    "danceability": 1.03962039948,
    "onset_rate": 4.23218536377,
    "beats_loudness_band_ratio": {
        "max": [0.831389546394, 0.34238037467, 0.737738549709, 0.848237633705, 0.905569016933, 0.550209820271],
        "mean": [0.169216245413, 0.0814030319452, 0.219932064414, 0.195929631591, 0.258490473032, 0.115756608546],
        "min": [8.08440927358e-06, 0.001170965028, 0.0373143441975, 0.01831657812, 0.00734279304743, 0.00147269689478],
        "stdev": [0.239345490932, 0.100067123771, 0.188416838646, 0.240952819586, 0.257682770491, 0.132659316063]
    },
    "beats_position": [0.53405892849, 1.07972788811, 1.64861679077, 2.21750569344, 2.7863945961, 3.35528349876, 3.92417216301, 4.49306106567, 5.0387301445, 5.58439922333, 6.11845779419, 6.65251684189, 7.18657588959, 7.6858048439, 8.18503379822, 8.6958732605, 9.21832180023, 9.72916126251, 10.2632198334, 10.7856683731, 11.2965078354, 11.807346344, 12.3181858063],
