{
"metadata": {
    "version": {
        "essentia": "2.1-beta5",
        "essentia_git_sha": "Undefined",
        "extractor": "music 2.0"
    },
    "audio_properties": {
        "analysis": {
            "equal_loudness": 0,
            "length": 12.7477550507,
            "sample_rate": 44100,
            "start_time": 0,
            "downmix": "mix"
        },
        "bit_rate": 192000,
        "length": 194.20010376,
        "lossless": 0,
        "number_channels": 2,
        "replay_gain": -8.24339866638,
        "sample_rate": 48000,
        "codec": "mp3",
        "md5_encoded": "c610b72c39cbdbb84eff924131961094"
    },
    "tags": {
        "file_name": "Azerbaijan_Day After Day_Elnur _ Samir.mp3",
        "encoding": ["Lavf58.29.100"]
    }
},
"lowlevel": {
    "average_loudness": 0.19589035213,
    "barkbands_crest": {
        "max": 19.0702171326,
        "mean": 9.17712306976,
        "min": 3.81411075592,
        "stdev": 2.90313410759
    },
    "barkbands_flatness_db": {
        "max": 0.307207405567,
        "mean": 0.194614604115,
        "min": 0.0732066333294,
        "stdev": 0.0512000843883
    },
    "barkbands_kurtosis": {
        "max": 18.2767658234,
        "mean": 2.03891396523,
        "min": -1.59659922123,
        "stdev": 2.89320278168
    },
    "barkbands_skewness": {
        "max": 3.66086983681,
        "mean": 1.06300652027,
        "min": -0.417336642742,
        "stdev": 0.676318228245
    },
    "barkbands_spread": {
        "max": 71.7992401123,
        "mean": 12.7113389969,
        "min": 2.02577352524,
        "stdev": 10.6435499191
    },
    "dissonance": {
        "max": 0.5,
        "mean": 0.473594039679,
        "min": 0.324973404408,
        "stdev": 0.0275753289461
    },
    "dynamic_complexity": 4.68292140961,
    "erbbands_crest": {
        "max": 29.6049728394,
        "mean": 9.98411464691,
        "min": 3.17406725883,
        "stdev": 3.54458594322
    },
    "erbbands_flatness_db": {
        "max": 0.392468243837,
        "mean": 0.267132610083,
        "min": 0.0999870076776,
        "stdev": 0.0688255280256
    },
    "erbbands_kurtosis": {
        "max": 14.9277706146,
        "mean": 1.20842909813,
        "min": -1.6545394659,
        "stdev": 2.11959266663
    },
    "erbbands_skewness": {
        "max": 2.67632603645,
        "mean": 0.778606176376,
        "min": -1.08501720428,
        "stdev": 0.66125780344
    },
    "erbbands_spread": {
        "max": 89.9755935669,
        "mean": 17.7740535736,
        "min": 3.7479968071,
        "stdev": 12.2897176743
    },
    "hfc": {
        "max": 70.812538147,
        "mean": 9.56003093719,
        "min": 0.249849691987,
        "stdev": 15.1104421616
    },
    "loudness_ebu128": {
        "integrated": -18.8387985229,
        "loudness_range": 9.75536155701,
        "momentary": {
            "max": -12.3180541992,
            "mean": -21.177570343,
            "min": -30.2360420227,
            "stdev": 4.3791513443
        },
        "short_term": {
            "max": -14.9172878265,
            "mean": -21.5809383392,
            "min": -26.7438182831,
            "stdev": 3.06444311142
        }
    },
    "melbands_crest": {
        "max": 23.6034889221,
        "mean": 10.9055786133,
        "min": 4.56020402908,
        "stdev": 3.36797189713
    },
    "melbands_flatness_db": {
        "max": 0.301670849323,
        "mean": 0.202910736203,
        "min": 0.0973584502935,
        "stdev": 0.0442897416651
    },
    "melbands_kurtosis": {
        "max": 33.0307235718,
        "mean": 4.31417894363,
        "min": -1.01135444641,
        "stdev": 4.18649196625
    },
    "melbands_skewness": {
        "max": 4.33387994766,
        "mean": 1.43382239342,
        "min": -0.050096001476,
        "stdev": 0.633472144604
    },
    "melbands_spread": {
        "max": 73.4947967529,
        "mean": 18.2529392242,
        "min": 3.09869003296,
        "stdev": 14.0269174576
    },
    "pitch_salience": {
        "max": 0.892904579639,
        "mean": 0.660199344158,
        "min": 0.301205039024,
        "stdev": 0.120245628059
    },
    "silence_rate_20dB": {
        "max": 1,
        "mean": 1,
        "min": 1,
        "stdev": 0
    },
    "silence_rate_30dB": {
        "max": 1,
        "mean": 1,
        "min": 1,
        "stdev": 0
    },
    "silence_rate_60dB": {
        "max": 1,
        "mean": 0.414545446634,
        "min": 0,
        "stdev": 0.492642939091
    },
    "spectral_centroid": {
        "max": 2740.54663086,
        "mean": 1428.56945801,
        "min": 480.62286377,
        "stdev": 391.096069336
    },
    "spectral_complexity": {
        "max": 31,
        "mean": 10.5181818008,
        "min": 0,
        "stdev": 5.21698665619
    },
    "spectral_decrease": {
        "max": -4.78233216916e-11,
        "mean": -2.0283048574e-09,
        "min": -1.27256702953e-08,
        "stdev": 2.76286882261e-09
    },
    "spectral_energy": {
        "max": 0.0544525049627,
        "mean": 0.00852240715176,
        "min": 0.00020430854056,
        "stdev": 0.011724056676
    },
    "spectral_energyband_high": {
        "max": 0.00406891526654,
        "mean": 0.000169911581906,
        "min": 1.86881834452e-06,
        "stdev": 0.000467085657874
    },
    "spectral_energyband_low": {
        "max": 0.0208025146276,
        "mean": 0.00112269097008,
        "min": 6.9036638628e-09,
        "stdev": 0.00221108854748
    },
    "spectral_energyband_middle_high": {
        "max": 0.0236638747156,
        "mean": 0.00373874837533,
        "min": 0.000137904455187,
        "stdev": 0.00457382714376
    },
    "spectral_energyband_middle_low": {
        "max": 0.0322958603501,
        "mean": 0.00364518677816,
        "min": 5.71035452595e-05,
        "stdev": 0.00598819786683
    },
    "spectral_entropy": {
        "max": 8.43026733398,
        "mean": 7.42144155502,
        "min": 6.7629199028,
        "stdev": 0.258681207895
    },
    "spectral_flux": {
        "max": 0.247674435377,
        "mean": 0.0502772331238,
        "min": 0.0101829087362,
        "stdev": 0.0476981289685
    },
    "spectral_kurtosis": {
        "max": 25.4540939331,
        "mean": 7.72055387497,
        "min": -0.700545310974,
        "stdev": 3.81892418861
    },
    "spectral_rms": {
        "max": 0.00728864828125,
        "mean": 0.00240626349114,
        "min": 0.000446458725492,
        "stdev": 0.00158884911798
    },
    "spectral_rolloff": {
        "max": 8333.34960938,
        "mean": 1680.52978516,
        "min": 344.53125,
        "stdev": 786.592956543
    },
    "spectral_skewness": {
        "max": 3.5851328373,
        "mean": 1.93447375298,
        "min": 0.594338178635,
        "stdev": 0.442618519068
    },
    "spectral_spread": {
        "max": 11297076,
        "mean": 2935935.75,
        "min": 1665773.75,
        "stdev": 1068941.625
    },
    "spectral_strongpeak": {
        "max": 8.04526042938,
        "mean": 0.827532291412,
        "min": 0.0483712032437,
        "stdev": 0.943026542664
    },
    "zerocrossingrate": {
        "max": 0.21826171875,
        "mean": 0.0586008541286,
        "min": 0.01220703125,
        "stdev": 0.0175660103559
    },
    "barkbands": {
        "max": [5.42786365259e-05, 0.0125102195889, 0.00802168715745, 0.00153556477744, 0.00103249331005, 0.0040266411379, 0.0114403227344, 0.0260994434357, 0.0240695867687, 0.0185143034905, 0.0106253102422, 0.00407725013793, 0.00272979401052, 0.00216484256089, 0.0119400881231, 0.0143667254597, 0.0103577561677, 0.00423612166196, 0.00583200296387, 0.00115238304716, 0.00323977763765, 0.000785195967183, 0.0014069537865, 0.000678931945004, 0.000435081485193, 0.000105383667687, 2.49501204053e-06],
        "mean": [1.77821971192e-06, 0.000985238701105, 8.74844990904e-05, 9.3190195912e-05, 9.97789829853e-05, 0.000231856538448, 0.00025447079679, 0.00113152922131, 0.0016274319496, 0.000733035616577, 0.000485696742544, 0.000360415520845, 0.000184836346307, 0.00013836089056, 0.000541021930985, 0.000695442140568, 0.000347542751115, 0.000133739158628, 0.000198202425963, 3.79268567485e-05, 7.94037623564e-05, 2.16597254621e-05, 2.08192541322e-05, 1.86783599929e-05, 1.16896944746e-05, 1.14910665161e-06, 3.83824918515e-08],
        "min": [1.72298668388e-11, 2.01728356242e-10, 6.43549435964e-10, 3.22729754032e-09, 1.79319258109e-07, 4.45744518629e-07, 1.76993592049e-06, 1.99759574571e-06, 1.70404509845e-05, 6.64848857923e-06, 4.74758599012e-06, 8.95015182323e-06, 5.6467961258e-06, 5.87359863857e-06, 3.98661268264e-06, 2.27949249165e-06, 2.59372745859e-06, 2.21788241106e-06, 1.20371203138e-06, 8.7401502924e-07, 4.78107835988e-07, 2.75671681038e-07, 1.46191709405e-07, 5.29001731309e-08, 2.11327222388e-08, 1.06661266486e-08, 7.7166481538e-11],
        "stdev": [5.18659589943e-06, 0.00192794378381, 0.000370798865333, 0.000211201244383, 0.000186227902304, 0.000460354989627, 0.000880387262441, 0.00375885469839, 0.00348377483897, 0.00133823417127, 0.000858739193063, 0.000484742369736, 0.000254593032878, 0.000202412498766, 0.0015203099465, 0.00220077019185, 0.00118529086467, 0.000375224859454, 0.000587896560319, 9.14550982998e-05, 0.000291574775474, 6.09422713751e-05, 9.5408053312e-05, 6.86318744556e-05, 4.22630619141e-05, 6.07740184932e-06, 1.92045504832e-07]
    },
    "erbbands": {
        "max": [0.175860986114, 3.56037950516, 10.5335378647, 3.88734698296, 3.27912664413, 4.78207349777, 12.6597137451, 45.159324646, 120.996498108, 185.999603271, 674.290161133, 655.985900879, 307.98135376, 698.749816895, 159.624435425, 200.19052124, 83.0272216797, 102.3618927, 370.652099609, 1126.81311035, 845.842895508, 619.122924805, 222.858444214, 175.161529541, 278.396911621, 67.8459777832, 161.016418457, 61.7344322205, 16.5589923859, 28.4660167694, 36.2223777771, 15.1178998947, 12.1541624069, 5.86665582657, 3.13289499283, 0.994099915028, 0.0825702100992, 0.00856386683881, 0.000808892655186, 6.9032124884e-05],
        "mean": [0.0152781438082, 0.258924305439, 0.230266109109, 0.215181306005, 0.332338571548, 0.348904699087, 0.697564065456, 2.34519338608, 3.03939390182, 6.94719362259, 35.1635932922, 38.7538566589, 23.5274600983, 24.7225761414, 16.3660373688, 14.7040834427, 8.54112625122, 7.52325296402, 18.7533016205, 36.3867530823, 33.7263832092, 19.4382858276, 9.20450973511, 6.22812271118, 9.39557361603, 2.11904025078, 3.34668421745, 2.0728032589, 0.833958148956, 0.794226706028, 0.516739070415, 0.372191518545, 0.317603588104, 0.198901191354, 0.0463953875005, 0.00962522812188, 0.00114358984865, 0.000150310632307, 1.29575091705e-05, 1.09750699266e-05],
        "min": [1.97946707914e-08, 2.48291684102e-07, 3.08334051624e-06, 2.57126994256e-05, 0.000171016683453, 0.000923063373193, 0.00152335746679, 0.00745247630402, 0.0204462949187, 0.0320711620152, 0.120139837265, 0.371488124132, 0.590889215469, 0.671708226204, 0.507536411285, 0.503157198429, 0.269734233618, 0.340123265982, 0.234234124422, 0.311301380396, 0.184875264764, 0.138661205769, 0.130957990885, 0.0690485835075, 0.0606931857765, 0.0402313433588, 0.0223605223, 0.0187736526132, 0.0109341228381, 0.00521001592278, 0.00375383417122, 0.00143007736187, 0.000703853263985, 0.000249205128057, 0.000144175355672, 5.29883109266e-05, 1.49034904098e-05, 1.6745349285e-06, 2.05535101827e-07, 2.60237527527e-07],
        "stdev": [0.0322144925594, 0.50549030304, 0.589515388012, 0.478277087212, 0.649658024311, 0.70054012537, 1.28078830242, 4.79050731659, 8.7810754776, 19.2058258057, 106.129219055, 86.1044540405, 30.9675884247, 50.9548606873, 20.2115783691, 21.1167869568, 9.26247882843, 8.96332836151, 44.8616142273, 116.382255554, 102.085227966, 61.7020111084, 24.7181110382, 17.045042038, 29.3653621674, 5.2103562355, 12.9056825638, 6.90994596481, 2.16160106659, 2.49644684792, 2.63285851479, 1.31020307541, 1.20779418945, 0.713711261749, 0.197711899877, 0.0536756515503, 0.00508620589972, 0.000617738463916, 4.55281078757e-05, 1.52694465214e-05]
    },
    "gfcc": {
        "mean": [-128.737701416, 66.2087097168, -205.21446228, -19.5556163788, -80.7744140625, 4.58136892319, -32.8791160583, 9.7459192276, -16.6578426361, -7.0552649498, -17.3683986664, -5.8999915123, -7.02602338791],
        "cov": [[6498.42138672, 1412.91955566, 2913.88012695, 2774.28295898, 984.22265625, 471.030853271, -155.763793945, 972.325683594, 807.058044434, 589.507324219, 153.554992676, -83.7003707886, 299.07119751], [1412.91955566, 1374.44799805, 1450.98376465, 1138.44812012, 561.584716797, 188.946472168, 68.4320068359, 249.869598389, 239.828811646, 187.831863403, 154.070922852, 16.5008411407, 107.515266418], [2913.88012695, 1450.98376465, 2632.68383789, 1999.05395508, 727.240905762, 420.968231201, -101.96647644, 494.711456299, 335.23916626, 375.242553711, 193.123016357, 139.893676758, 118.948944092], [2774.28295898, 1138.44812012, 1999.05395508, 1890.60290527, 660.75982666, 288.746307373, -92.6212310791, 498.966583252, 355.142822266, 337.881622314, 170.993942261, 40.1664886475, 154.298736572], [984.22265625, 561.584716797, 727.240905762, 660.75982666, 348.550994873, 115.966285706, -6.09124898911, 194.450363159, 147.653121948, 135.838562012, 64.5784072876, -14.97838974, 58.7643051147], [471.030853271, 188.946472168, 420.968231201, 288.746307373, 115.966285706, 153.566970825, 1.96257019043, 69.4936676025, 60.0654258728, 49.7075309753, 25.8599529266, 30.8188323975, 20.6385536194], [-155.763793945, 68.4320068359, -101.96647644, -92.6212310791, -6.09124898911, 1.96257019043, 135.891586304, -29.6809749603, -12.6631174088, -38.2034492493, -13.4881687164, -16.1790046692, 5.48935556412], [972.325683594, 249.869598389, 494.711456299, 498.966583252, 194.450363159, 69.4936676025, -29.6809749603, 213.93812561, 146.449234009, 116.38092804, 32.0989990234, -28.5203723907, 54.5465583801], [807.058044434, 239.828811646, 335.23916626, 355.142822266, 147.653121948, 60.0654258728, -12.6631174088, 146.449234009, 177.639755249, 88.4133911133, 27.4946460724, -24.6482505798, 53.2787399292], [589.507324219, 187.831863403, 375.242553711, 337.881622314, 135.838562012, 49.7075309753, -38.2034492493, 116.38092804, 88.4133911133, 125.746284485, 46.1485519409, 0.109116785228, 23.5777587891], [153.554992676, 154.070922852, 193.123016357, 170.993942261, 64.5784072876, 25.8599529266, -13.4881687164, 32.0989990234, 27.4946460724, 46.1485519409, 71.269317627, 31.7438697815, 9.71355056763], [-83.7003707886, 16.5008411407, 139.893676758, 40.1664886475, -14.97838974, 30.8188323975, -16.1790046692, -28.5203723907, -24.6482505798, 0.109116785228, 31.7438697815, 102.464958191, -13.9771318436], [299.07119751, 107.515266418, 118.948944092, 154.298736572, 58.7643051147, 20.6385536194, 5.48935556412, 54.5465583801, 53.2787399292, 23.5777587891, 9.71355056763, -13.9771318436, 67.4007873535]],
        "icov": [[0.000824918155558, 0.000815219944343, -0.000832714606076, -0.000320890831063, -0.000307280482957, 0.000388394080801, -0.000418363197241, -0.000396779680159, -0.00203315424733, 0.000185220036656, 6.77032803651e-05, 0.000883566797711, -0.000536560837645], [0.000815219944343, 0.00974314752966, -0.00754725886509, 0.00205734907649, -0.0101902633905, 0.00802599545568, -0.005796557758, 0.00890242867172, -0.00851878803223, 0.0066382214427, -0.0095646744594, 0.00665787374601, -0.00368440290913], [-0.000832714606076, -0.00754725886509, 0.00926041975617, -0.00422373972833, 0.00651667639613, -0.008908954449, 0.0044748489745, -0.00661882059649, 0.00786666106433, -0.00662163970992, 0.00860192067921, -0.00813883729279, 0.00426941178739], [-0.000320890831063, 0.00205734907649, -0.00422373972833, 0.00589816505089, -0.00425792904571, 0.00315770111047, -0.000554519530851, -0.000835565908346, -0.00126371136867, 0.00243433355354, -0.00490324478596, 0.00174136157148, -0.00322447670624], [-0.000307280482957, -0.0101902633905, 0.00651667639613, -0.00425792904571, 0.0221819225699, -0.00957259256393, 0.00406817253679, -0.0108432741836, 0.0071515920572, -0.00880827195942, 0.00770571548492, -0.00223735929467, 0.00375469634309], [0.000388394080801, 0.00802599545568, -0.008908954449, 0.00315770111047, -0.00957259256393, 0.0196649320424, -0.00607000757009, 0.00844732299447, -0.00882810913026, 0.00667170388624, -0.00705193448812, 0.00358565431088, -0.00364551832899], [-0.000418363197241, -0.005796557758, 0.0044748489745, -0.000554519530851, 0.00406817253679, -0.00607000757009, 0.0125288655981, -0.0045375470072, 0.00455206120387, -0.000458516151411, 0.00515327043831, -0.00256665004417, 0.000725788238924], [-0.000396779680159, 0.00890242867172, -0.00661882059649, -0.000835565908346, -0.0108432741836, 0.00844732299447, -0.0045375470072, 0.0320413187146, -0.0131146991625, -2.73480031865e-06, -0.00563726294786, 0.00968046113849, -0.00435261521488], [-0.00203315424733, -0.00851878803223, 0.00786666106433, -0.00126371136867, 0.0071515920572, -0.00882810913026, 0.00455206120387, -0.0131146991625, 0.0245549678802, -0.00809048861265, 0.00645340560004, -0.00590361794457, -0.000403152022045], [0.000185220036656, 0.0066382214427, -0.00662163970992, 0.00243433355354, -0.00880827195942, 0.00667170388624, -0.000458516151411, -2.73480031865e-06, -0.00809048861265, 0.0284090209752, -0.0154853845015, 0.00668383436278, 0.000453570333775], [6.77032803651e-05, -0.0095646744594, 0.00860192067921, -0.00490324478596, 0.00770571548492, -0.00705193448812, 0.00515327043831, -0.00563726294786, 0.00645340560004, -0.0154853845015, 0.0359444618225, -0.0149435689673, 0.00262113078497], [0.000883566797711, 0.00665787374601, -0.00813883729279, 0.00174136157148, -0.00223735929467, 0.00358565431088, -0.00256665004417, 0.00968046113849, -0.00590361794457, 0.00668383436278, -0.0149435689673, 0.0237146038562, -0.00153653835878], [-0.000536560837645, -0.00368440290913, 0.00426941178739, -0.00322447670624, 0.00375469634309, -0.00364551832899, 0.000725788238924, -0.00435261521488, -0.000403152022045, 0.000453570333775, 0.00262113078497, -0.00153653835878, 0.0237114541233]]
    },
    "melbands": {
        "max": [0.00244699139148, 0.00517749739811, 0.000640194164589, 0.000272083358141, 0.000344283937011, 0.000925352796912, 0.00214167078957, 0.00244274921715, 0.00564443645999, 0.00362985534593, 0.00155100831762, 0.0029091113247, 0.000867329537868, 0.000437487498857, 0.000262649933575, 0.000300091254758, 0.000160848823725, 0.000474078027764, 0.00118867203128, 0.00134477647953, 0.00116960331798, 0.00076421443373, 0.000425557052949, 0.000122183017083, 0.000169741513673, 0.000376434909413, 5.49743090232e-05, 3.73625880457e-05, 7.89498080849e-05, 0.000138393967063, 4.52244385087e-05, 8.14736631582e-06, 3.14636818075e-05, 1.97924837266e-05, 2.33012215176e-05, 1.63685053849e-05, 1.0527145605e-05, 1.01378618638e-05, 8.55299003888e-06, 5.3351814131e-06],
        "mean": [0.000223777751671, 0.000207104443689, 3.99912642024e-05, 2.38714910665e-05, 2.10456873901e-05, 5.03864794155e-05, 4.97621440445e-05, 0.000100126489997, 0.000307620124659, 0.000231701385928, 0.000112913359771, 0.000101353449281, 6.08995069342e-05, 4.29125502706e-05, 2.54087626672e-05, 1.80352599273e-05, 1.23018335216e-05, 2.49108325079e-05, 4.51343694294e-05, 5.09082019562e-05, 3.72330505343e-05, 2.18516324821e-05, 1.15305447252e-05, 4.94628011438e-06, 4.51697815151e-06, 9.57993870543e-06, 2.71534213425e-06, 1.04511127574e-06, 1.56287683239e-06, 2.65220160145e-06, 7.33887588922e-07, 4.35016374922e-07, 4.54401060779e-07, 4.38095042909e-07, 2.96577866266e-07, 2.40773147198e-07, 2.38573534261e-07, 2.33313130593e-07, 2.06449428219e-07, 1.55001259827e-07],
        "min": [1.06401623623e-10, 1.0630017977e-09, 7.77294584253e-09, 3.7175272638e-08, 5.89074886648e-08, 1.30584766111e-07, 3.6517388935e-07, 4.1194783762e-07, 1.10999326353e-06, 2.39885366682e-06, 2.20133961193e-06, 8.4690731228e-07, 6.03666080679e-07, 8.58289126882e-07, 4.52095406445e-07, 5.57597729767e-07, 5.28489465523e-07, 2.86825240892e-07, 3.59099374236e-07, 2.29035379107e-07, 1.23583319578e-07, 1.33179014483e-07, 1.08565842538e-07, 8.97189380566e-08, 4.3273153949e-08, 4.41091287939e-08, 3.90733418953e-08, 1.90953688417e-08, 1.45336622737e-08, 1.01341726122e-08, 8.98580143627e-09, 4.95869256767e-09, 3.22359983151e-09, 2.98218494343e-09, 2.18045848044e-09, 7.86633314043e-10, 8.80232220446e-10, 5.88756599029e-10, 2.35662878101e-10, 2.00456720667e-10],
        "stdev": [0.00044594029896, 0.000425619567977, 8.35715327412e-05, 4.66616002086e-05, 3.78089207516e-05, 0.000100839883089, 0.000150574895088, 0.000305040302919, 0.000890344032086, 0.000506114505697, 0.000159681105288, 0.000213347317185, 9.00664672372e-05, 5.65140289837e-05, 3.38133686455e-05, 2.57158808381e-05, 1.56588612299e-05, 6.06018111284e-05, 0.000136071597808, 0.000184352509677, 0.000127400591737, 7.69885300542e-05, 3.82589896617e-05, 1.3116899936e-05, 1.46077436511e-05, 3.26549561578e-05, 7.5655798355e-06, 2.67947052635e-06, 5.50363847651e-06, 1.16102519314e-05, 2.83377221422e-06, 1.09663176318e-06, 1.82463418241e-06, 1.52657355557e-06, 1.6757700223e-06, 1.19083688332e-06, 8.44479131956e-07, 9.53262144776e-07, 7.72534065163e-07, 5.68512575683e-07]
    },
    "melbands128": {
        "max": [2.8960441341e-05, 0.00072804116644, 0.00401089712977, 0.00698485178873, 0.00666746497154, 0.00317601882853, 0.00071342010051, 0.000780680042226, 0.000379002682166, 0.000330685608787, 0.000321242550854, 0.0001240465499, 0.000412382360082, 0.000793386425357, 0.000931666640099, 0.00175838940777, 0.0019523196388, 0.00319781596772, 0.00473018037155, 0.00234817317687, 0.00565157691017, 0.00914627127349, 0.0108607923612, 0.00713846972212, 0.00749208405614, 0.00538993533701, 0.00165876850951, 0.0030569776427, 0.00331503944471, 0.00618636142462, 0.00531970802695, 0.00295630213805, 0.000650447618682, 0.000754605862312, 0.000575994432438, 0.000788628181908, 0.000852466619108, 0.000455111876363, 0.000550654483959, 0.000214348678128, 0.000466619560029, 0.000645225285552, 0.000122737386846, 0.000173634965904, 0.000429606589023, 0.000876771460753, 0.00145035120659, 0.00215173698962, 0.00163782411255, 0.00287069333717, 0.00261296401732, 0.00264851469547, 0.00236911140382, 0.00190280319657, 0.00108654494397, 0.00112274999265, 0.00114886800293, 0.000845594156999, 0.00081780529581, 0.000391669309465, 0.000146917198435, 0.000101826393802, 0.000147637110786, 0.000305397785269, 0.000275252241408, 0.000807403179351, 0.000359990866855, 8.89896618901e-05, 8.74481411302e-05, 0.000167987222085, 2.98309078062e-05, 3.33024800057e-05, 3.96590439777e-05, 4.4047486881e-05, 0.000275222351775, 0.000285522575723, 0.000122671001009, 5.38719286851e-05, 9.78406751528e-05, 3.17374069709e-05, 1.43458755701e-05, 1.96491400857e-05, 1.36834505611e-05, 7.16302820365e-05, 1.99995411094e-05, 2.11970218515e-05, 2.67062932835e-05, 2.72343513643e-05, 2.71415156021e-05, 2.48057313001e-05, 5.07279291924e-05, 1.61413627211e-05, 9.6885360108e-06, 1.06004072222e-05, 1.78207574208e-05, 2.13373750739e-05, 1.19640990306e-05, 1.05979024738e-05, 1.94442473003e-05, 1.04575492514e-05, 1.35187519845e-05, 4.7297535275e-06, 4.27949316872e-06, 4.13258885601e-06, 3.94762264477e-06, 3.73407533516e-06, 3.04759464598e-06, 2.36496771322e-06, 1.40345389354e-06, 1.19604771953e-06, 7.99771896709e-07, 1.54477319825e-07, 9.30180448222e-08, 1.50230263785e-07, 1.26952841129e-07, 9.53639442969e-08, 5.64714071061e-08, 3.02723961454e-08, 4.30248441319e-08, 2.48009062176e-08, 4.23287147555e-08, 3.93169141688e-09, 2.54047805015e-09, 2.51591902867e-09, 2.49579890088e-09, 2.47885623139e-09, 2.46177234153e-09, 2.45335596283e-09],
        "mean": [9.37481502206e-07, 4.19670868723e-05, 0.000373404589482, 0.000468582293252, 0.000185564771527, 3.54552721546e-05, 4.23374949605e-05, 4.51869127573e-05, 3.30867223965e-05, 2.27826603805e-05, 1.99683454412e-05, 1.04189266494e-05, 2.26912761718e-05, 3.08966446028e-05, 5.2623985539e-05, 6.53533716104e-05, 4.10790198657e-05, 4.32698834629e-05, 6.74991315464e-05, 4.58249924122e-05, 0.000104774095234, 0.000288874900434, 0.000359686033335, 0.000301347172353, 0.000272839330137, 0.000208432640648, 0.000117021903861, 0.000102883735963, 0.000106380066427, 0.000104157399619, 0.000101629535493, 9.14313568501e-05, 5.76703132538e-05, 4.0979059122e-05, 3.95543793275e-05, 4.80285707454e-05, 4.29630999861e-05, 2.20880046982e-05, 1.68885126186e-05, 1.68731767189e-05, 1.91868639376e-05, 1.93650885194e-05, 1.09405082185e-05, 8.32385285321e-06, 1.41343098221e-05, 2.69200554612e-05, 3.7893994886e-05, 4.63672586193e-05, 4.2954365199e-05, 5.79614716116e-05, 5.28908458364e-05, 4.5834123739e-05, 3.68926266674e-05, 3.80600831704e-05, 2.64659556706e-05, 2.23074239329e-05, 1.58997045219e-05, 1.0812097571e-05, 1.18658836072e-05, 8.84503060661e-06, 4.09354288422e-06, 2.30533282775e-06, 2.98657232634e-06, 4.4038906708e-06, 8.1327443695e-06, 1.24785556181e-05, 9.52454684011e-06, 2.98508757623e-06, 1.46653746924e-06, 1.39201063121e-06, 9.76410206022e-07, 9.51291383444e-07, 8.58993132624e-07, 1.18458262932e-06, 2.93029120257e-06, 3.88223907066e-06, 1.83196254966e-06, 1.02035198779e-06, 6.51082814329e-07, 3.93090004991e-07, 4.44256897936e-07, 4.62323015427e-07, 3.84956308608e-07, 5.18754347922e-07, 4.09552370684e-07, 4.87580393838e-07, 4.62473053631e-07, 3.18229183449e-07, 2.82922485439e-07, 2.32696450553e-07, 3.84852398838e-07, 1.62668371217e-07, 1.73846913754e-07, 2.19409926672e-07, 2.94650391197e-07, 3.04049365241e-07, 1.87098294191e-07, 1.81623320827e-07, 2.4471248139e-07, 1.74927663465e-07, 2.10213016771e-07, 1.49196310417e-07, 1.03666252471e-07, 6.91636117267e-08, 3.62009338062e-08, 3.01512947942e-08, 2.69547033582e-08, 2.55954901718e-08, 1.33854944906e-08, 8.65039151421e-09, 5.48629275343e-09, 2.95247604143e-09, 2.33645147674e-09, 2.42156694696e-09, 2.01274619194e-09, 1.37238986841e-09, 7.48152484409e-10, 3.98246186029e-10, 3.09542974586e-10, 1.24917950983e-10, 1.03737456125e-10, 2.49513864431e-11, 1.0173382102e-11, 6.39583785239e-12, 5.94768765488e-12, 5.71846693262e-12, 5.5365078841e-12, 5.46410052621e-12],
        "min": [2.08652995055e-12, 1.25283325381e-11, 3.67147423574e-11, 4.38519706658e-11, 1.22895943422e-10, 3.27019744617e-10, 9.90726056749e-10, 9.21582921087e-10, 5.96179194901e-09, 6.02344263356e-09, 4.3128776106e-09, 1.37121825006e-08, 2.76626295204e-08, 3.94275048166e-08, 4.18677359448e-08, 9.10913087182e-08, 1.20223575095e-07, 9.7647252062e-08, 4.26518553809e-08, 8.4916251808e-08, 1.705421937e-07, 2.13439392382e-07, 3.61250329206e-07, 2.7449090112e-07, 1.20316497032e-06, 9.10961716727e-07, 7.27637427644e-07, 5.82065524668e-07, 5.47926163108e-07, 4.49012986792e-07, 4.12928557125e-07, 8.40043867356e-07, 1.86037254934e-07, 2.91029067512e-07, 2.73961774155e-07, 2.42146626306e-07, 2.64675122708e-07, 3.62959809763e-07, 2.3356048473e-07, 2.92659677825e-07, 3.2893328239e-07, 1.48889313323e-07, 1.67317182331e-07, 2.02589546916e-07, 1.0513350901e-07, 2.03910801133e-07, 9.51540926053e-08, 8.19188628043e-08, 9.56167554023e-08, 5.68850104798e-08, 1.08815200406e-07, 1.23433039789e-07, 6.4057559257e-08, 2.79074860998e-08, 8.94253062711e-08, 6.08633996535e-08, 7.81616051881e-08, 5.57549064695e-08, 3.43266393088e-08, 6.23464444516e-08, 6.41370263565e-08, 4.65794975923e-08, 3.35681811237e-08, 2.17308642192e-08, 6.7397318837e-09, 1.99518037647e-08, 2.95700033348e-08, 2.4045666791e-08, 1.41607037207e-08, 1.15228147024e-08, 8.18616374687e-09, 5.17976950221e-09, 7.20935622311e-09, 5.70240743514e-09, 5.75588554597e-09, 6.87284362755e-09, 5.94231153173e-09, 4.23033386099e-09, 7.06882108403e-09, 4.06391809094e-09, 1.57172208581e-09, 3.99079302937e-09, 3.08033398788e-09, 1.17975562652e-09, 2.11908424141e-09, 1.03280894947e-09, 2.36148989252e-09, 1.7558299259e-09, 1.21722254498e-09, 7.9815415388e-10, 1.00524100155e-09, 5.37211330975e-10, 8.42368230725e-10, 8.79528117004e-10, 6.9422784188e-10, 6.9583161455e-10, 5.30224752993e-10, 3.48990614185e-10, 2.08955408532e-10, 7.69421817925e-11, 1.32402533382e-10, 1.5509464546e-10, 9.72106423136e-11, 1.15533506373e-10, 1.20401105752e-10, 1.3041923097e-10, 8.21206574964e-11, 6.6065278248e-11, 6.63321619854e-11, 5.37486062602e-11, 2.89018184385e-11, 3.09344216909e-11, 2.35938699134e-11, 2.24740521332e-11, 1.77197631568e-11, 7.78829431503e-12, 2.32678654989e-12, 1.00886746873e-13, 7.91040003683e-14, 8.10096415405e-14, 4.78349625806e-14, 6.80800969527e-14, 6.30118312671e-14, 7.45432429433e-14, 4.71130499522e-14, 1.62390886599e-14, 2.74160191653e-15, 1.27820037833e-16],
        "stdev": [2.78137508758e-06, 0.000111878100142, 0.000763819785789, 0.00091244262876, 0.00042871866026, 0.000148660794366, 0.000100231241959, 0.000102919861092, 6.62382008159e-05, 4.89149824716e-05, 4.51543164672e-05, 2.1932328309e-05, 4.32624583482e-05, 6.64736726321e-05, 0.000112550129415, 0.000162293916219, 0.00011663105397, 0.000193048836081, 0.000298899307381, 0.000187101395568, 0.00046819052659, 0.00114691141061, 0.00130583147984, 0.000990258180536, 0.000812176673207, 0.000563843350392, 0.000201207803912, 0.000204073177883, 0.00021890939388, 0.000307383597828, 0.000300435989629, 0.000214016006794, 9.19840967981e-05, 6.59735087538e-05, 6.18670383119e-05, 8.57120103319e-05, 9.28779845708e-05, 3.61405473086e-05, 3.45293956343e-05, 2.61186851276e-05, 3.91824032704e-05, 4.64496151835e-05, 1.60083927767e-05, 1.50206569742e-05, 3.59350851795e-05, 8.82249951246e-05, 0.000132201908855, 0.000178909875103, 0.00015915070253, 0.000282573455479, 0.000248474476393, 0.00024984756601, 0.00018626304518, 0.000176867586561, 0.000110601984488, 0.000101189980342, 7.89821278886e-05, 5.28347154614e-05, 5.26786025148e-05, 3.33337666234e-05, 1.40485990414e-05, 6.89510397933e-06, 1.04075697891e-05, 2.15101699723e-05, 3.28101850755e-05, 5.69964722672e-05, 3.88621192542e-05, 1.01364357761e-05, 5.57833209314e-06, 8.16636747913e-06, 2.86916565528e-06, 2.76274226962e-06, 2.94408255286e-06, 4.19070011048e-06, 1.60403560585e-05, 2.1650990675e-05, 9.00182840269e-06, 4.96224129165e-06, 4.64336653749e-06, 1.62732044373e-06, 1.32718810164e-06, 1.66172173977e-06, 1.30674141019e-06, 3.53837640432e-06, 1.57660167588e-06, 1.8174221168e-06, 1.92842298929e-06, 1.73175794771e-06, 1.96095174942e-06, 1.53408223014e-06, 2.65373091679e-06, 8.28780230222e-07, 7.43836267247e-07, 8.38259950342e-07, 1.24558084735e-06, 1.63720392266e-06, 9.60783495429e-07, 7.05625154751e-07, 1.18951459172e-06, 7.13186011581e-07, 9.79052060757e-07, 5.62189541142e-07, 4.21049378474e-07, 3.23204574215e-07, 2.00170148901e-07, 1.94443074975e-07, 1.61186306968e-07, 1.54494060212e-07, 7.12988352802e-08, 5.76817669184e-08, 3.79059734712e-08, 1.23728911561e-08, 7.95561483358e-09, 1.08289190948e-08, 8.30286150943e-09, 6.4409904077e-09, 3.66662833429e-09, 2.34614039307e-09, 2.11627915192e-09, 1.17205911643e-09, 1.81688974976e-09, 2.6352131588e-10, 1.18184559361e-10, 1.07888843692e-10, 1.06567858704e-10, 1.05681303986e-10, 1.04874643692e-10, 1.04500706699e-10]
    },
    "mfcc": {
        "mean": [-746.825927734, 106.944107056, -71.823135376, -27.0318527222, -32.7172164917, -15.5126867294, -13.5712766647, 3.95083355904, 0.651078224182, 1.62641203403, -4.74906873703, -3.2779276371, -4.08319711685],
        "cov": [[5114.91601562, 201.700073242, 2163.93774414, 1898.0682373, 1494.31555176, 218.936721802, 138.615493774, 137.568862915, 779.115783691, 464.601287842, 476.06942749, 437.77557373, 394.17376709], [201.700073242, 762.203308105, 592.76171875, 493.269622803, 349.707977295, 179.69720459, 134.729476929, 75.425453186, 95.9208984375, 78.735244751, 95.0273666382, 88.7886352539, 68.4927902222], [2163.93774414, 592.76171875, 2180.4362793, 1533.41784668, 1211.06640625, 380.508392334, 239.702133179, 173.40032959, 349.300476074, 196.192871094, 310.082397461, 336.997558594, 233.387268066], [1898.0682373, 493.269622803, 1533.41784668, 1425.84985352, 999.340759277, 238.621826172, 210.481719971, 99.8358688354, 336.991455078, 214.718566895, 269.991363525, 286.120819092, 207.208572388], [1494.31555176, 349.707977295, 1211.06640625, 999.340759277, 869.390686035, 188.642471313, 130.466903687, 66.4465255737, 266.87512207, 170.054336548, 202.613616943, 241.876449585, 174.445510864], [218.936721802, 179.69720459, 380.508392334, 238.621826172, 188.642471313, 156.126419067, 71.2029647827, 61.9639549255, 39.4386100769, 28.121635437, 39.7500953674, 51.2983283997, 28.4459228516], [138.615493774, 134.729476929, 239.702133179, 210.481719971, 130.466903687, 71.2029647827, 115.324066162, 29.0432910919, 45.0644645691, 21.0882740021, 46.9020843506, 26.9965820312, 6.70594596863], [137.568862915, 75.425453186, 173.40032959, 99.8358688354, 66.4465255737, 61.9639549255, 29.0432910919, 84.9631271362, 25.7493457794, 6.88344097137, 15.8107795715, 18.2072219849, 12.0296897888], [779.115783691, 95.9208984375, 349.300476074, 336.991455078, 266.87512207, 39.4386100769, 45.0644645691, 25.7493457794, 214.389480591, 102.078933716, 87.0904922485, 74.4309082031, 63.4735031128], [464.601287842, 78.735244751, 196.192871094, 214.718566895, 170.054336548, 28.121635437, 21.0882740021, 6.88344097137, 102.078933716, 115.604408264, 54.6650505066, 47.4452667236, 53.484916687], [476.06942749, 95.0273666382, 310.082397461, 269.991363525, 202.613616943, 39.7500953674, 46.9020843506, 15.8107795715, 87.0904922485, 54.6650505066, 106.737640381, 65.0067214966, 49.683391571], [437.77557373, 88.7886352539, 336.997558594, 286.120819092, 241.876449585, 51.2983283997, 26.9965820312, 18.2072219849, 74.4309082031, 47.4452667236, 65.0067214966, 122.381561279, 68.5005874634], [394.17376709, 68.4927902222, 233.387268066, 207.208572388, 174.445510864, 28.4459228516, 6.70594596863, 12.0296897888, 63.4735031128, 53.484916687, 49.683391571, 68.5005874634, 101.749534607]],
        "icov": [[0.000859680061694, 0.000563574256375, -0.000287895003567, -0.000424291414674, -0.000109078631795, 0.000125776612549, 0.000907470996026, -0.000424299796578, -0.00150633684825, -0.000683040416334, -0.000985226826742, 0.000285842514131, -0.00045575844706], [0.000563574256375, 0.00242524221539, -1.4952370293e-05, -0.000687472929712, -0.000190257283975, -0.00143143651076, -0.000342612096574, -0.000519458786584, -0.000644146173727, -0.000837531173602, -0.000822261034045, 0.000543031841516, -0.000693144043908], [-0.000287895003567, -1.4952370293e-05, 0.00372603326105, -0.00151033245493, -0.00270876055583, -0.00318246381357, 0.000535360886715, -0.00133525277488, 0.000699216092471, 0.00222127209418, -0.00148932170123, 0.000547656964045, 6.56043557683e-05], [-0.000424291414674, -0.000687472929712, -0.00151033245493, 0.00560864154249, -0.00267429370433, 0.00194129080046, -0.00348026375286, -1.88927097042e-05, 0.000341274484526, -0.0011587702902, -0.000259447318967, -0.00116391119082, -0.000270651042229], [-0.000109078631795, -0.000190257283975, -0.00270876055583, -0.00267429370433, 0.0100114000961, -0.000396145187551, 0.000714855385013, 0.0027328224387, -0.00159837247338, -0.00161530601326, 0.000893761345651, -0.00432069413364, -0.000895101227798], [0.000125776612549, -0.00143143651076, -0.00318246381357, 0.00194129080046, -0.000396145187551, 0.0178366750479, -0.00559040345252, -0.00615863315761, 0.00196956074797, -0.0028839497827, 0.00327016366646, -0.0018568309024, 0.000552476209123], [0.000907470996026, -0.000342612096574, 0.000535360886715, -0.00348026375286, 0.000714855385013, -0.00559040345252, 0.0181074850261, -0.000217442924622, -0.00249914545566, 0.0012620362686, -0.00556360045448, 0.00260132178664, 0.00360516784713], [-0.000424299796578, -0.000519458786584, -0.00133525277488, -1.88927097042e-05, 0.0027328224387, -0.00615863315761, -0.000217442924622, 0.0182868205011, -0.00180861027911, 0.00196318863891, 0.00155225896742, 2.78369225271e-05, -0.000697054201737], [-0.00150633684825, -0.000644146173727, 0.000699216092471, 0.000341274484526, -0.00159837247338, 0.00196956074797, -0.00249914545566, -0.00180861027911, 0.0135369319469, -0.00490535097197, -0.000894665368833, -0.000305985391606, 0.0013152861502], [-0.000683040416334, -0.000837531173602, 0.00222127209418, -0.0011587702902, -0.00161530601326, -0.0028839497827, 0.0012620362686, 0.00196318863891, -0.00490535097197, 0.0191403441131, -0.00173042085953, 0.00210490846075, -0.00383827253245], [-0.000985226826742, -0.000822261034045, -0.00148932170123, -0.000259447318967, 0.000893761345651, 0.00327016366646, -0.00556360045448, 0.00155225896742, -0.000894665368833, -0.00173042085953, 0.0232822764665, -0.00370643381029, -0.001354228938], [0.000285842514131, 0.000543031841516, 0.000547656964045, -0.00116391119082, -0.00432069413364, -0.0018568309024, 0.00260132178664, 2.78369225271e-05, -0.000305985391606, 0.00210490846075, -0.00370643381029, 0.0215151775628, -0.00619714194909], [-0.00045575844706, -0.000693144043908, 6.56043557683e-05, -0.000270651042229, -0.000895101227798, 0.000552476209123, 0.00360516784713, -0.000697054201737, 0.0013152861502, -0.00383827253245, -0.001354228938, -0.00619714194909, 0.0197163335979]]
    },
    "spectral_contrast_coeffs": {
        "max": [-0.601951003075, -0.534398138523, -0.574969112873, -0.55844783783, -0.62128919363, -0.650765538216],
        "mean": [-0.745588362217, -0.764848649502, -0.784849703312, -0.800189852715, -0.793606162071, -0.769519686699],
        "min": [-0.888328433037, -0.919244706631, -0.909764945507, -0.904923081398, -0.886966109276, -0.864148974419],
        "stdev": [0.0515769980848, 0.075191617012, 0.0522558912635, 0.0715240761638, 0.0538037531078, 0.0313082635403]
    },
    "spectral_contrast_valleys": {
        "max": [-6.17727899551, -5.60266685486, -5.74962377548, -6.78221225739, -6.31919384003, -8.53380775452],
        "mean": [-9.61903095245, -7.35352659225, -7.11631679535, -7.75911045074, -8.33818912506, -11.5427484512],
        "min": [-12.6509609222, -9.01810359955, -8.67901706696, -8.83085346222, -9.5742225647, -13.2000675201],
        "stdev": [1.92377173901, 0.614899754524, 0.569200754166, 0.443577855825, 0.524957895279, 0.851960659027]
    }
},
"rhythm": {
    "beats_count": 32,
    "beats_loudness": {
        "max": 0.0508924238384,
        "mean": 0.0103262998164,
        "min": 0.000298441620544,
        "stdev": 0.0145617751405
    },
    "bpm": 136.336898804,
    "bpm_histogram_first_peak_bpm": 136,
    "bpm_histogram_first_peak_weight": 0.416666686535,
    "bpm_histogram_second_peak_bpm": 172,
    "bpm_histogram_second_peak_spread": 0,
    "bpm_histogram_second_peak_weight": 0.193548381329,
    "danceability": 0.74617266655,
    "onset_rate": 2.66470932961,
    "beats_loudness_band_ratio": {
        "max": [0.614031434059, 0.261511355639, 0.531509757042, 0.777367770672, 0.389883339405, 0.205854415894],
        "mean": [0.110495388508, 0.0505773350596, 0.287823885679, 0.388225466013, 0.154463201761, 0.0351703949273],
        "min": [4.03821359214e-05, 0.000692636123858, 0.104046441615, 0.0243913643062, 0.0145679423586, 0.00323819951154],
        "stdev": [0.175794631243, 0.0747474059463, 0.112407721579, 0.262629389763, 0.101338498294, 0.0459869429469]
    },
    "beats_position": [0.429569154978, 0.870748281479, 1.30031740665, 1.74149656296, 2.18267560005, 2.62385487556, 3.06503391266, 3.51782298088, 3.97061228752, 4.41179132462, 4.85297060013, 5.28253936768, 5.71210861206, 6.13006782532, 6.54802703857, 6.96598625183, 7.38394546509, 7.74385452271, 8.10376358032, 8.46367359161, 8.82358264923, 9.18349170685, 9.53179073334, 9.8800907135, 10.22838974, 10.5766887665, 10.9133787155, 11.261677742, 11.6099767685, 11.9350566864, 12.2601356506, 12.5852155685],
