{
"metadata": {
    "version": {
        "essentia": "2.1-beta5",
        "essentia_git_sha": "Undefined",
        "extractor": "music 2.0"
    },
    "audio_properties": {
        "analysis": {
            "equal_loudness": 0,
            "length": 32.4963264465,
            "sample_rate": 44100,
            "start_time": 142.744674683,
            "downmix": "mix"
        },
        "bit_rate": 192000,
        "length": 195.453979492,
        "lossless": 0,
        "number_channels": 2,
        "replay_gain": 2.18615913391,
        "sample_rate": 48000,
        "codec": "mp3",
        "md5_encoded": "2265ecc567e8dce2e498ec79e600cb70"
    },
    "tags": {
        "file_name": "Netherlands_Your Heart Belongs To Me_Hind.mp3",
        "encoding": ["Lavf58.29.100"]
    }
},
"lowlevel": {
    "average_loudness": 0.966851234436,
    "barkbands_crest": {
        "max": 22.1996994019,
        "mean": 8.16499423981,
        "min": 2.34163355827,
        "stdev": 3.75948500633
    },
    "barkbands_flatness_db": {
        "max": 0.234755843878,
        "mean": 0.124140538275,
        "min": 0.0710531920195,
        "stdev": 0.0289510972798
    },
    "barkbands_kurtosis": {
        "max": 15.4270954132,
        "mean": -0.184663370252,
        "min": -1.90439486504,
        "stdev": 1.74752604961
    },
    "barkbands_skewness": {
        "max": 3.92584395409,
        "mean": 0.585334837437,
        "min": -1.57074725628,
        "stdev": 0.699722826481
    },
    "barkbands_spread": {
        "max": 95.3332366943,
        "mean": 36.1496658325,
        "min": 7.81882572174,
        "stdev": 13.7152061462
    },
    "dissonance": {
        "max": 0.49976092577,
        "mean": 0.478168010712,
        "min": 0.348798304796,
        "stdev": 0.0171722676605
    },
    "dynamic_complexity": 1.93212890625,
    "erbbands_crest": {
        "max": 24.9558963776,
        "mean": 8.78149318695,
        "min": 2.38916873932,
        "stdev": 4.12507820129
    },
    "erbbands_flatness_db": {
        "max": 0.30151745677,
        "mean": 0.17443959415,
        "min": 0.0897260606289,
        "stdev": 0.0387892536819
    },
    "erbbands_kurtosis": {
        "max": 16.4520282745,
        "mean": 0.132688179612,
        "min": -1.67055082321,
        "stdev": 1.63647294044
    },
    "erbbands_skewness": {
        "max": 2.38436126709,
        "mean": -0.233156844974,
        "min": -3.70632553101,
        "stdev": 0.755264699459
    },
    "erbbands_spread": {
        "max": 112.87537384,
        "mean": 36.7092704773,
        "min": 10.7689123154,
        "stdev": 13.036491394
    },
    "hfc": {
        "max": 123.698997498,
        "mean": 28.1446819305,
        "min": 0.881188035011,
        "stdev": 16.4846019745
    },
    "loudness_ebu128": {
        "integrated": -25.9304885864,
        "loudness_range": 2.18587875366,
        "momentary": {
            "max": -23.4500293732,
            "mean": -26.1374588013,
            "min": -30.4902534485,
            "stdev": 1.36947143078
        },
        "short_term": {
            "max": -24.4498538971,
            "mean": -25.9571380615,
            "min": -27.1618595123,
            "stdev": 0.724519133568
        }
    },
    "melbands_crest": {
        "max": 30.7999820709,
        "mean": 12.6632299423,
        "min": 3.92446112633,
        "stdev": 5.04069042206
    },
    "melbands_flatness_db": {
        "max": 0.257003873587,
        "mean": 0.130621746182,
        "min": 0.0316079035401,
        "stdev": 0.0371595062315
    },
    "melbands_kurtosis": {
        "max": 69.5968551636,
        "mean": 4.21276330948,
        "min": -1.62597358227,
        "stdev": 6.57858753204
    },
    "melbands_skewness": {
        "max": 7.5185880661,
        "mean": 1.72071218491,
        "min": -0.388807892799,
        "stdev": 1.03848493099
    },
    "melbands_spread": {
        "max": 197.285552979,
        "mean": 45.8305358887,
        "min": 6.32740497589,
        "stdev": 20.90990448
    },
    "pitch_salience": {
        "max": 0.827178359032,
        "mean": 0.566137671471,
        "min": 0.273366451263,
        "stdev": 0.099361948669
    },
    "silence_rate_20dB": {
        "max": 1,
        "mean": 1,
        "min": 1,
        "stdev": 0
    },
    "silence_rate_30dB": {
        "max": 1,
        "mean": 1,
        "min": 1,
        "stdev": 0
    },
    "silence_rate_60dB": {
        "max": 1,
        "mean": 0.00142755173147,
        "min": 0,
        "stdev": 0.0377559326589
    },
    "spectral_centroid": {
        "max": 4648.55908203,
        "mean": 2243.93554688,
        "min": 696.813781738,
        "stdev": 489.790344238
    },
    "spectral_complexity": {
        "max": 53,
        "mean": 24.0192718506,
        "min": 0,
        "stdev": 8.33559608459
    },
    "spectral_decrease": {
        "max": -9.56206017144e-11,
        "mean": -4.80794026814e-09,
        "min": -1.59381059461e-08,
        "stdev": 2.48730835928e-09
    },
    "spectral_energy": {
        "max": 0.0639681592584,
        "mean": 0.0206991061568,
        "min": 0.000440822099335,
        "stdev": 0.0104196658358
    },
    "spectral_energyband_high": {
        "max": 0.0192484036088,
        "mean": 0.0015915283002,
        "min": 3.1754392694e-05,
        "stdev": 0.0015593029093
    },
    "spectral_energyband_low": {
        "max": 0.0277041886002,
        "mean": 0.00481498287991,
        "min": 3.27013913193e-06,
        "stdev": 0.0048101330176
    },
    "spectral_energyband_middle_high": {
        "max": 0.0368895120919,
        "mean": 0.00856393575668,
        "min": 0.000240837529418,
        "stdev": 0.00673712650314
    },
    "spectral_energyband_middle_low": {
        "max": 0.0468597188592,
        "mean": 0.0064008096233,
        "min": 0.00010045106319,
        "stdev": 0.00569869298488
    },
    "spectral_entropy": {
        "max": 8.59516048431,
        "mean": 7.83178567886,
        "min": 6.97875928879,
        "stdev": 0.267626166344
    },
    "spectral_flux": {
        "max": 0.206701338291,
        "mean": 0.0890715494752,
        "min": 0.0272533949465,
        "stdev": 0.0348861142993
    },
    "spectral_kurtosis": {
        "max": 16.0142669678,
        "mean": 2.55833625793,
        "min": -0.818611860275,
        "stdev": 1.53385341167
    },
    "spectral_rms": {
        "max": 0.00789987109601,
        "mean": 0.00435027852654,
        "min": 0.000655797484796,
        "stdev": 0.00112664478365
    },
    "spectral_rolloff": {
        "max": 9216.2109375,
        "mean": 2778.16552734,
        "min": 129.19921875,
        "stdev": 1356.9239502
    },
    "spectral_skewness": {
        "max": 2.84321808815,
        "mean": 1.06081354618,
        "min": -0.0861449688673,
        "stdev": 0.23285074532
    },
    "spectral_spread": {
        "max": 12145673,
        "mean": 4215532.5,
        "min": 2475115.75,
        "stdev": 1052982
    },
    "spectral_strongpeak": {
        "max": 10.407169342,
        "mean": 1.30650830269,
        "min": 0,
        "stdev": 1.62296676636
    },
    "zerocrossingrate": {
        "max": 0.24951171875,
        "mean": 0.0903679281473,
        "min": 0.02880859375,
        "stdev": 0.0294355731457
    },
    "barkbands": {
        "max": [0.00385792227462, 0.0238493271172, 0.0157285444438, 0.0133923422545, 0.0218220464885, 0.0139868110418, 0.0138978427276, 0.0107980892062, 0.0340276435018, 0.0240772068501, 0.0242906156927, 0.0110662812367, 0.0124852973968, 0.0110779637471, 0.0108815887943, 0.00691869668663, 0.0156426597387, 0.00770500348881, 0.00905549153686, 0.0170988310128, 0.00387612497434, 0.00775028159842, 0.00484315026551, 0.00203576288186, 0.00136211968493, 6.04142633165e-06, 1.60428692197e-06],
        "mean": [0.000403402576922, 0.00284804077819, 0.00113846187014, 0.000797772023361, 0.0011745239608, 0.00111222080886, 0.00101705500856, 0.000503408024088, 0.00140078738332, 0.00156739878003, 0.00133672647644, 0.000689684064128, 0.000471705250675, 0.000570321455598, 0.000487064011395, 0.000629298156127, 0.00101986445952, 0.000872204604093, 0.000548339041416, 0.00108606892172, 0.000203490402782, 0.000277081911918, 0.000310163886752, 0.000157802845933, 7.6129406807e-05, 8.66664606747e-08, 2.15218576294e-09],
        "min": [2.53116194671e-09, 1.97398463797e-07, 2.10925193755e-07, 2.53222509627e-07, 5.29957651452e-06, 2.33212585954e-06, 2.99353996525e-06, 2.83338999907e-06, 6.99113161318e-06, 1.91845128938e-06, 1.48253127463e-06, 1.11217946142e-06, 6.72362511978e-06, 7.91953516455e-06, 1.1679160707e-05, 8.97444260772e-06, 1.71641549969e-05, 2.44410512096e-05, 1.94938493223e-05, 2.52505815297e-05, 2.65009543909e-06, 2.97771362057e-06, 6.50712445349e-06, 3.06236847791e-06, 1.69169197761e-06, 2.6407800946e-10, 2.26447208207e-10],
        "stdev": [0.000475549139082, 0.00351858069189, 0.00160624878481, 0.00146351463627, 0.00160355691332, 0.00141740287654, 0.00158446177375, 0.00100064522121, 0.00337207876146, 0.0032440603245, 0.00343409110792, 0.0010906556854, 0.000762656854931, 0.000945001724176, 0.000792215985712, 0.000885455054231, 0.00143437401857, 0.00100894726347, 0.00070437596878, 0.00119142548647, 0.000284640147584, 0.000534282124136, 0.000391385954572, 0.000248792232014, 0.000136407805257, 2.50536771773e-07, 4.28483311055e-08]
    },
    "erbbands": {
        "max": [0.674898028374, 5.60799074173, 14.4109992981, 38.9661445618, 33.5813407898, 119.410255432, 137.795440674, 138.166213989, 185.3881073, 258.386749268, 276.426361084, 857.245788574, 984.616027832, 1001.55541992, 806.516296387, 555.15838623, 445.895172119, 654.40447998, 229.541748047, 576.324768066, 488.17276001, 826.96862793, 476.526397705, 307.857788086, 639.528381348, 490.632019043, 117.059806824, 218.149856567, 299.749053955, 262.514373779, 149.883850098, 56.8231277466, 30.9791870117, 20.8268032074, 8.80348110199, 0.577191054821, 0.0132595468313, 0.00100806739647, 0.000243409900577, 8.49886055221e-05],
        "mean": [0.126383796334, 0.464834958315, 1.21112465858, 2.22947239876, 2.95673441887, 3.56671285629, 8.30331039429, 8.36343193054, 13.9557008743, 12.5036497116, 15.8937273026, 31.1671524048, 45.1628646851, 53.1787567139, 37.3589363098, 27.9258918762, 23.1224441528, 28.6305198669, 21.6001777649, 31.6078128815, 43.869884491, 57.7081375122, 51.4347572327, 30.1780509949, 35.1375427246, 51.9305953979, 15.8034830093, 7.90144920349, 9.11159324646, 10.9541072845, 8.34432125092, 4.38685846329, 2.07596230507, 1.13813269138, 0.383084744215, 0.0220209434628, 0.000654945615679, 6.02223153692e-05, 2.28370081459e-05, 2.92038766929e-05],
        "min": [7.05005504642e-06, 0.000130803775392, 0.000370901834685, 0.00603686692193, 0.0170659869909, 0.024802993983, 0.0423578210175, 0.0145874526352, 0.0358936935663, 0.115233972669, 0.1214267537, 0.159974321723, 0.0577135011554, 0.05149102211, 0.0619876906276, 0.0768603682518, 0.29883223772, 0.437095820904, 0.85437309742, 1.15220141411, 0.903937995434, 0.917720258236, 1.55670535564, 1.04134058952, 1.36016321182, 1.10102963448, 0.266256958246, 0.122613601387, 0.101109415293, 0.201245576143, 0.164379194379, 0.0793742015958, 0.0233657024801, 0.0178686752915, 0.00585506204516, 0.000324691005517, 1.58703605848e-05, 2.60265710494e-06, 2.69461179414e-06, 1.15624368391e-06],
        "stdev": [0.143825620413, 0.700966596603, 1.60695755482, 3.71076083183, 4.13868570328, 5.59535741806, 13.3623504639, 11.8308753967, 21.5512256622, 20.302438736, 28.5170879364, 82.2471694946, 98.5982894897, 107.145706177, 89.8783493042, 43.2299613953, 29.9273853302, 51.8876533508, 25.3837413788, 47.0158233643, 62.5012512207, 73.2845077515, 62.9209899902, 27.0008640289, 44.1390304565, 57.0426826477, 16.3462982178, 13.2281751633, 18.3109149933, 16.5528697968, 10.7746543884, 6.41024780273, 3.52367997169, 2.04328465462, 0.736408233643, 0.0461084879935, 0.00122850819025, 9.47079170146e-05, 1.783773223e-05, 1.42888320624e-05]
    },
    "gfcc": {
        "mean": [11.9143915176, 86.2629470825, -157.743637085, 62.4790840149, -73.8929138184, 24.4655628204, -39.3390388489, 13.1480093002, -17.1761989594, -10.3413667679, -0.269628107548, -9.60828399658, 2.44578266144],
        "cov": [[1010.0480957, -74.5043716431, 51.6507034302, 38.9507865906, -41.403263092, 23.2126140594, -61.460395813, 45.1883583069, 13.4727039337, 43.9220581055, -9.70410060883, 0.981744885445, -14.5216321945], [-74.5043716431, 508.92666626, 38.2535057068, 43.8650856018, 164.318344116, -3.10877656937, 147.34954834, 35.7389297485, 62.0623550415, -23.6828804016, 70.0619430542, -21.7985916138, 10.170088768], [51.6507034302, 38.2535057068, 638.86907959, 321.624816895, 106.375549316, 199.906097412, -73.1091842651, 90.1987457275, 67.2209091187, 85.6272735596, -46.3476676941, 64.8157272339, -51.1972885132], [38.9507865906, 43.8650856018, 321.624816895, 348.796264648, 163.06489563, 67.6524810791, -27.3259353638, 67.0279922485, 97.0344390869, 58.2987670898, 14.8414831161, 48.462562561, -17.876789093], [-41.403263092, 164.318344116, 106.375549316, 163.06489563, 232.391738892, 87.521270752, 99.7554702759, 77.0758743286, 46.9448165894, 29.0277194977, 51.9494132996, 19.4097290039, 11.1731233597], [23.2126140594, -3.10877656937, 199.906097412, 67.6524810791, 87.521270752, 233.296569824, 107.457008362, 39.1657981873, -4.41869163513, 30.734670639, -27.7278022766, 6.8098192215, -12.5204744339], [-61.460395813, 147.34954834, -73.1091842651, -27.3259353638, 99.7554702759, 107.457008362, 262.705688477, 49.5434837341, -14.4877481461, -15.9892950058, 28.6676807404, -39.2521018982, 23.9709072113], [45.1883583069, 35.7389297485, 90.1987457275, 67.0279922485, 77.0758743286, 39.1657981873, 49.5434837341, 121.524360657, 59.4989624023, 22.5011730194, 14.606470108, 2.19208455086, -4.27744007111], [13.4727039337, 62.0623550415, 67.2209091187, 97.0344390869, 46.9448165894, -4.41869163513, -14.4877481461, 59.4989624023, 135.883651733, 32.9662399292, 13.8149776459, 6.4012131691, -15.8737640381], [43.9220581055, -23.6828804016, 85.6272735596, 58.2987670898, 29.0277194977, 30.734670639, -15.9892950058, 22.5011730194, 32.9662399292, 90.0026092529, 26.2107276917, 15.1570186615, -13.2505054474], [-9.70410060883, 70.0619430542, -46.3476676941, 14.8414831161, 51.9494132996, -27.7278022766, 28.6676807404, 14.606470108, 13.8149776459, 26.2107276917, 105.657402039, 28.8565483093, 9.73444461823], [0.981744885445, -21.7985916138, 64.8157272339, 48.462562561, 19.4097290039, 6.8098192215, -39.2521018982, 2.19208455086, 6.4012131691, 15.1570186615, 28.8565483093, 82.2560501099, 16.4076423645], [-14.5216321945, 10.170088768, -51.1972885132, -17.876789093, 11.1731233597, -12.5204744339, 23.9709072113, -4.27744007111, -15.8737640381, -13.2505054474, 9.73444461823, 16.4076423645, 62.7691955566]],
        "icov": [[0.00123101961799, -0.000879123515915, 0.00142482761294, -0.00157414877322, 0.00185783428606, -0.00176746281795, 0.00143899023533, -0.00203971611336, 0.00123631884344, -0.000918237376027, 0.000117805422633, 6.71401212458e-05, -0.000147725993884], [-0.000879123515915, 0.00803789868951, -0.00812636129558, 0.00812484975904, -0.00965383835137, 0.00914016645402, -0.00727784214541, 0.00865252967924, -0.00722493138164, 0.0047157369554, -0.00306273763999, 0.00231700553559, 0.00012828753097], [0.00142482761294, -0.00812636129558, 0.0151673927903, -0.0139246676117, 0.012342187576, -0.0149041172117, 0.0105553958565, -0.0129409637302, 0.00938664376736, -0.00585944624618, 0.00415517110378, -0.00360314897262, 0.00140332058072], [-0.00157414877322, 0.00812484975904, -0.0139246676117, 0.0195750929415, -0.0170131884515, 0.0136307151988, -0.0083617111668, 0.0126324342564, -0.0116181159392, 0.00434399303049, -0.00173977669328, 0.000809672754258, 0.000375319097657], [0.00185783428606, -0.00965383835137, 0.012342187576, -0.0170131884515, 0.0243634153157, -0.0154877984896, 0.00775479758158, -0.0151136023924, 0.0099319871515, -0.00492356251925, -0.00109925644938, -0.00170408689883, -0.002113831928], [-0.00176746281795, 0.00914016645402, -0.0149041172117, 0.0136307151988, -0.0154877984896, 0.0243625119328, -0.015933778137, 0.0134209459648, -0.00814290344715, 0.0020014506299, 0.0024745981209, -0.00132408260833, 0.0027773163747], [0.00143899023533, -0.00727784214541, 0.0105553958565, -0.0083617111668, 0.00775479758158, -0.015933778137, 0.0175419282168, -0.0120936250314, 0.00790339894593, -0.00172872189432, -0.00164793082513, 0.00381537037902, -0.00344976317137], [-0.00203971611336, 0.00865252967924, -0.0129409637302, 0.0126324342564, -0.0151136023924, 0.0134209459648, -0.0120936250314, 0.0256191994995, -0.0141906719655, 0.00475270021707, -0.00261890608817, 0.00219108583406, 0.000148321167217], [0.00123631884344, -0.00722493138164, 0.00938664376736, -0.0116181159392, 0.0099319871515, -0.00814290344715, 0.00790339894593, -0.0141906719655, 0.0191733594984, -0.00669506844133, 0.00288247712888, -0.00163797324058, 0.0018430739874], [-0.000918237376027, 0.0047157369554, -0.00585944624618, 0.00434399303049, -0.00492356251925, 0.0020014506299, -0.00172872189432, 0.00475270021707, -0.00669506844133, 0.0194650664926, -0.00850807223469, 0.0031517567113, 0.00065268803155], [0.000117805422633, -0.00306273763999, 0.00415517110378, -0.00173977669328, -0.00109925644938, 0.0024745981209, -0.00164793082513, -0.00261890608817, 0.00288247712888, -0.00850807223469, 0.0197334382683, -0.00990584865212, 0.00301921064965], [6.71401212458e-05, 0.00231700553559, -0.00360314897262, 0.000809672754258, -0.00170408689883, -0.00132408260833, 0.00381537037902, 0.00219108583406, -0.00163797324058, 0.0031517567113, -0.00990584865212, 0.0220886040479, -0.00832323078066], [-0.000147725993884, 0.00012828753097, 0.00140332058072, 0.000375319097657, -0.002113831928, 0.0027773163747, -0.00344976317137, 0.000148321167217, 0.0018430739874, 0.00065268803155, 0.00301921064965, -0.00832323078066, 0.0216970257461]]
    },
    "melbands": {
        "max": [0.00631198799238, 0.00541292410344, 0.00589692639187, 0.00456004310399, 0.00440099043772, 0.00281636160798, 0.00264464877546, 0.00230746087618, 0.00262856949121, 0.00506878830492, 0.00486921658739, 0.00376707990654, 0.00308965984732, 0.00130989344325, 0.00124237779528, 0.0016357403947, 0.00139452586882, 0.000483767187688, 0.0011003917316, 0.000538124179002, 0.000841587490868, 0.00113343459088, 0.00077332946239, 0.000385987368645, 0.000286678754492, 0.000608521455433, 0.00110712915193, 0.000453976506833, 0.000127700681332, 0.000112159381388, 0.000135922411573, 0.000171841820702, 0.000180129703949, 0.000121473960462, 0.000100960991404, 5.27836309629e-05, 3.15183242492e-05, 2.04250409297e-05, 2.46453219006e-05, 1.62042942975e-05],
        "mean": [0.000928682973608, 0.000614274933469, 0.000403849640861, 0.000226141302846, 0.000262106652372, 0.000201506263693, 0.000214370185859, 0.000129060674226, 0.000153800458065, 0.000192054634681, 0.000230429606745, 0.000220661459025, 0.000162851065397, 6.44444589852e-05, 7.64343203628e-05, 4.51693704235e-05, 5.39327811566e-05, 3.34984215442e-05, 4.25228608947e-05, 3.62602222594e-05, 5.71578930249e-05, 6.50547954137e-05, 4.70319100714e-05, 4.00921126129e-05, 2.23224615183e-05, 2.1366027795e-05, 3.37589190167e-05, 3.5480272345e-05, 1.19359228847e-05, 4.16902048528e-06, 4.60564751847e-06, 5.01883914694e-06, 5.62672539672e-06, 6.2898707256e-06, 5.22367736266e-06, 3.32846707352e-06, 2.43927183874e-06, 1.50348785155e-06, 1.13570479243e-06, 8.98848156794e-07],
        "min": [5.07201143307e-08, 2.23236042984e-07, 1.62544142768e-06, 1.61573768764e-06, 1.63297681866e-06, 3.39173652719e-07, 4.72974278409e-07, 7.21928188341e-07, 4.19789387252e-07, 8.27140183901e-07, 2.58210434367e-07, 2.0172072368e-07, 2.12203104866e-07, 7.65227952115e-08, 5.2760771041e-07, 6.24510676062e-07, 8.33998967664e-07, 4.24348399974e-07, 6.43861199023e-07, 6.35263802451e-07, 7.6945696037e-07, 9.33515764245e-07, 6.67925917242e-07, 1.19573951451e-06, 6.69300845857e-07, 7.25440770566e-07, 8.17908414774e-07, 5.8758519117e-07, 1.50585123038e-07, 3.49810882483e-08, 8.56193125287e-08, 5.04426189707e-08, 6.41217852149e-08, 1.34824958309e-07, 9.26995724626e-08, 5.67770896964e-08, 3.9946979058e-08, 1.50554733125e-08, 5.45029044119e-09, 1.37460318683e-08],
        "stdev": [0.00108860654291, 0.000755831308197, 0.000597961479798, 0.000287545000901, 0.000421479693614, 0.000266569608357, 0.000321488740155, 0.000214913816308, 0.000300867977785, 0.000503685500007, 0.000512298662215, 0.000441263080575, 0.00042429289897, 0.000125288439449, 0.000106513623905, 8.7741187599e-05, 0.000100881690742, 4.73259024147e-05, 7.4607989518e-05, 5.09316923853e-05, 9.69872489804e-05, 9.18497826206e-05, 6.98995281709e-05, 4.50764528068e-05, 2.24705199798e-05, 3.52163806383e-05, 4.57312635262e-05, 4.34428657172e-05, 1.50542828123e-05, 6.91840705258e-06, 8.46687817102e-06, 1.0350505363e-05, 1.11476010716e-05, 8.82670610736e-06, 6.98384474163e-06, 4.66149003842e-06, 3.80757501262e-06, 2.56505586549e-06, 2.24051950681e-06, 1.64103664702e-06]
    },
    "melbands128": {
        "max": [0.00287595065311, 0.00631160894409, 0.0109435599297, 0.00904652476311, 0.00672899372876, 0.00763691589236, 0.0092361625284, 0.00598431238905, 0.00437019718811, 0.00352931232192, 0.00900243874639, 0.00737554347143, 0.00638155033812, 0.00490894448012, 0.00383577146567, 0.00397467939183, 0.00604844978079, 0.00322921713814, 0.00494001153857, 0.00376193993725, 0.00313678057864, 0.00455343071371, 0.00420864392072, 0.00609984109178, 0.0103228455409, 0.00883603096008, 0.0100856795907, 0.00792323518544, 0.00697835022584, 0.00572005193681, 0.00841861590743, 0.00782092288136, 0.00645581772551, 0.00217597768642, 0.00231276242994, 0.00259331008419, 0.00303521868773, 0.00238393247128, 0.00154231127817, 0.00079799129162, 0.0035541378893, 0.00298378849402, 0.0030021329876, 0.00204507214949, 0.00110904010944, 0.00059557124041, 0.000430046988185, 0.000989045132883, 0.00240294006653, 0.00107049441431, 0.00102227251045, 0.000512403086759, 0.00149862852413, 0.00192972039804, 0.0025859749876, 0.00248010433279, 0.000790617079474, 0.00160122686066, 0.00120887428056, 0.00109818403143, 0.000786531425547, 0.000447445869213, 0.000307279027766, 0.000404305319535, 0.000504889991134, 0.00125435448717, 0.000993335153908, 0.000833731028251, 0.00218093255535, 0.000712406937964, 0.000821107882075, 0.00103770778514, 0.000264418951701, 0.00018691214791, 0.000139668598422, 0.000111459070467, 0.000150356208906, 9.76467345026e-05, 0.000173299704329, 0.000233206897974, 0.000125045451568, 0.00019444814825, 0.000270033400739, 0.000250431738095, 0.000350613350747, 0.000104530758108, 0.000105339036963, 0.000120305085147, 0.000122297846247, 0.000102376172435, 6.03373264312e-05, 5.47114468645e-05, 4.97991095472e-05, 4.18220661231e-05, 4.02644072892e-05, 2.99057173834e-05, 2.1574933271e-05, 3.34233154717e-05, 3.8255162508e-05, 2.08193177968e-05, 2.18814384425e-05, 2.1312474928e-05, 1.65108813235e-05, 1.11176086648e-05, 1.58817620104e-05, 8.38191317598e-06, 5.29458839083e-06, 2.11030283026e-07, 9.18148668205e-09, 9.33956645355e-09, 9.19418496892e-09, 9.03438390765e-09, 8.73206040808e-09, 8.43533420891e-09, 8.15798895104e-09, 7.89191556549e-09, 7.6985973152e-09, 7.46837258703e-09, 7.27442772686e-09, 7.14570047577e-09, 6.89537271725e-09, 6.78985800917e-09, 6.6935084142e-09, 6.5436807084e-09, 6.44395070637e-09, 6.35934194193e-09, 6.32173202675e-09, 6.2840341819e-09],
        "mean": [0.000376881449483, 0.00120702851564, 0.00101376068778, 0.000683417834807, 0.000612338481005, 0.000547868083231, 0.000468909391202, 0.000368416192941, 0.000299406645354, 0.000212284576264, 0.000170967177837, 0.000240409950493, 0.000334621290676, 0.000234745573835, 0.000144652032759, 0.00021253869636, 0.000249858130701, 0.000198765177629, 0.000207146556932, 0.000122104567708, 0.00010465948435, 0.000106102321297, 0.000123133693705, 0.000249984121183, 0.000245877803536, 0.000118884207041, 0.000187583777006, 0.000219817418838, 0.000326085893903, 0.000190483697224, 0.000183419484529, 0.000276045931969, 0.000196068111109, 4.54659311799e-05, 6.82868630975e-05, 6.40841462882e-05, 6.50156944175e-05, 0.000115586713946, 5.06182186655e-05, 3.35220356646e-05, 4.50862498838e-05, 5.75034573558e-05, 6.21589424554e-05, 4.34968897025e-05, 4.88754049002e-05, 2.8270209441e-05, 1.91295584955e-05, 4.56942398159e-05, 5.20049979968e-05, 4.25653088314e-05, 3.40365295415e-05, 2.62336507149e-05, 5.08982411702e-05, 7.19102681614e-05, 7.11817192496e-05, 7.69897887949e-05, 4.59057882836e-05, 3.7439265725e-05, 5.2518244047e-05, 5.61001870665e-05, 4.06537292292e-05, 2.87376824417e-05, 2.13471867028e-05, 1.99771639018e-05, 2.45166120294e-05, 2.00745253096e-05, 1.87481309695e-05, 2.98397262668e-05, 3.85906896554e-05, 3.61165148206e-05, 4.11862311012e-05, 3.54161675205e-05, 1.66573063325e-05, 8.02095109975e-06, 4.64855520477e-06, 3.82407779398e-06, 4.23132405558e-06, 4.0660720515e-06, 4.49846584161e-06, 5.34568198418e-06, 5.12314272783e-06, 4.67667086923e-06, 5.1689380598e-06, 5.50588993065e-06, 6.33422132523e-06, 6.37286893834e-06, 6.43374005449e-06, 5.80401683692e-06, 5.44993463336e-06, 4.61798617835e-06, 3.7207821606e-06, 2.90223238153e-06, 2.70728037322e-06, 2.69606857728e-06, 2.13534099203e-06, 1.65659980667e-06, 1.39102235153e-06, 1.18253456094e-06, 1.18831553664e-06, 1.06437755676e-06, 1.03209299596e-06, 9.10550795652e-07, 7.07266849531e-07, 5.61530441701e-07, 4.59093428162e-07, 3.45710617466e-07, 8.98095109392e-08, 3.90488441582e-09, 1.5221017155e-11, 1.27571711875e-11, 1.24253168518e-11, 1.23792356574e-11, 1.22940060909e-11, 1.18732593202e-11, 1.12616227108e-11, 1.08430295992e-11, 1.04922884617e-11, 1.02149313314e-11, 9.9794695077e-12, 9.66895660759e-12, 9.35534896079e-12, 9.22763775113e-12, 9.12275029824e-12, 8.90091125805e-12, 8.40546209024e-12, 7.62638129731e-12, 7.21857035951e-12, 7.12491610849e-12],
        "min": [1.62140534332e-09, 5.98773786109e-09, 2.91728019519e-09, 1.05436448905e-07, 4.13912317754e-08, 1.18938324078e-07, 4.22289076596e-07, 1.36421746788e-07, 8.65624883772e-07, 4.26502083428e-07, 5.7291970279e-07, 1.07768073576e-06, 9.30915234676e-07, 4.02790334419e-07, 1.16514478066e-07, 4.32335376388e-08, 2.13382179481e-07, 3.6338440168e-07, 2.2453133397e-07, 2.47000656373e-07, 3.36221546604e-07, 1.86507236322e-07, 3.59501655112e-07, 2.18982975753e-07, 3.39454174991e-07, 1.73821533167e-07, 2.05098643846e-07, 3.47888629904e-07, 2.19556952175e-07, 2.41439693127e-07, 1.94513177121e-07, 1.17871863381e-07, 1.65514848049e-07, 1.54200193947e-07, 5.1951147384e-08, 5.08014652567e-09, 1.03418834385e-07, 2.04476066301e-07, 1.11085221022e-07, 3.21428643701e-07, 4.4866263238e-07, 2.59133088321e-07, 5.78312153721e-07, 3.73614000182e-07, 6.87509782438e-08, 1.60277480177e-07, 3.56669119128e-07, 4.60878311515e-07, 4.3350183887e-07, 4.61411758579e-07, 2.37317507867e-07, 2.84508587356e-07, 1.85287049703e-07, 2.75134937056e-07, 3.85715139828e-07, 5.47823788111e-07, 4.91445121042e-07, 2.55932405935e-07, 3.55703605237e-07, 4.22811609724e-07, 5.92517892528e-07, 5.64176957596e-07, 3.86664311236e-07, 3.86806249253e-07, 4.99911948282e-07, 4.1332017986e-07, 3.33269895236e-07, 4.18704246385e-07, 6.43781902454e-07, 3.9994472445e-07, 3.46325293776e-07, 2.31484747815e-07, 1.59016963153e-07, 8.64441318527e-08, 2.88554939942e-08, 5.5916292041e-08, 1.1172628156e-08, 5.24114263101e-08, 8.43573104703e-08, 5.39983631143e-08, 5.05501169812e-08, 5.93729190257e-08, 3.42298847045e-08, 5.79197134698e-08, 9.55790184776e-08, 9.93227260437e-08, 9.86792159097e-08, 9.36840862664e-08, 8.29916899647e-08, 6.81951703996e-08, 3.51347111405e-08, 2.62338417656e-08, 4.09540916735e-08, 1.87219804104e-08, 2.42359483593e-08, 1.94376212903e-08, 6.45258557697e-09, 8.98166074847e-09, 4.39562297672e-09, 5.07194020116e-09, 4.63204319345e-09, 6.14559914069e-09, 9.13517261836e-09, 2.84564660724e-09, 2.65379807018e-09, 1.44925293988e-09, 1.75407577352e-10, 1.32909427821e-12, 8.55686669524e-13, 7.19034152965e-13, 5.64509430954e-13, 8.04506526501e-13, 6.96982402348e-13, 6.74181684871e-13, 5.4301300869e-13, 7.66954100055e-13, 5.79680184062e-13, 7.26227346488e-13, 7.98144428153e-13, 7.54686027213e-13, 8.04015166077e-13, 7.6754542392e-13, 7.92380917825e-13, 7.58125062294e-13, 4.87718264212e-13, 1.99424325794e-13, 2.97500366627e-14, 9.95462024613e-16],
        "stdev": [0.000433769804658, 0.00135829893406, 0.00147904641926, 0.00110605801456, 0.000853097473737, 0.000795516476501, 0.000858483253978, 0.000653880939353, 0.000476793182315, 0.000284403417027, 0.000356296717655, 0.000534907274414, 0.000603139225859, 0.000361189129762, 0.00027284087264, 0.000417715054937, 0.000479660113342, 0.000360082427505, 0.00041697054985, 0.000247294432484, 0.000252129480941, 0.000279340805719, 0.000323911081068, 0.000706807302777, 0.000908387068193, 0.000429001695011, 0.00080267409794, 0.000669582106639, 0.000813390011899, 0.000572045217268, 0.000644606770948, 0.000810224097222, 0.000713631277904, 0.000150511885295, 0.00016532317386, 0.000198166642804, 0.000150491381646, 0.000198732886929, 9.31377653615e-05, 6.25268730801e-05, 0.000154503271915, 0.000157030299306, 0.000178161135409, 0.000100402372482, 9.29571324377e-05, 5.63438152312e-05, 3.48644971382e-05, 9.56897565629e-05, 0.000137463008286, 8.67518028826e-05, 7.9175006249e-05, 4.23117635364e-05, 0.000107519263111, 0.000180000351975, 0.000171224295627, 0.000139968542499, 7.57137313485e-05, 9.61996775004e-05, 0.000119321950478, 0.000110671295261, 6.41635197098e-05, 4.43354147137e-05, 3.26424560626e-05, 2.84748603008e-05, 3.57903227268e-05, 6.13652009633e-05, 4.77723951917e-05, 4.74184453196e-05, 8.10827623354e-05, 5.95611381868e-05, 7.5057396316e-05, 7.42254924262e-05, 3.04384957417e-05, 1.27944686028e-05, 8.08746244729e-06, 7.23770381228e-06, 8.35197442939e-06, 7.38037761039e-06, 9.41820326261e-06, 1.14483455036e-05, 1.03214251794e-05, 1.12038496809e-05, 1.34971487569e-05, 1.20230824905e-05, 1.39437634061e-05, 9.5210643849e-06, 8.98781036085e-06, 9.40179597819e-06, 7.74103227741e-06, 6.51407390251e-06, 5.50826553081e-06, 4.66150822831e-06, 4.53109896625e-06, 4.58071781395e-06, 3.66933295481e-06, 2.91940818897e-06, 2.54785118159e-06, 2.53211965173e-06, 2.64754453383e-06, 2.18359696191e-06, 2.03766762752e-06, 1.8076481183e-06, 1.37969220759e-06, 1.11597387331e-06, 1.05677827378e-06, 7.84263761489e-07, 2.46897627676e-07, 1.01815480491e-08, 2.45817421973e-10, 2.49497894567e-10, 2.4560126155e-10, 2.41330594397e-10, 2.33386560078e-10, 2.25503948847e-10, 2.17926718338e-10, 2.108338365e-10, 2.05640907081e-10, 1.99498154108e-10, 1.9430314302e-10, 1.90848198356e-10, 1.84162476935e-10, 1.8134359292e-10, 1.7876808367e-10, 1.74765521499e-10, 1.72111741525e-10, 1.69869951439e-10, 1.68873789952e-10, 1.67868177692e-10]
    },
    "mfcc": {
        "mean": [-604.836181641, 86.2677459717, -13.34278965, 25.8482589722, 1.61150169373, 2.39718461037, 0.0494494773448, 12.1414546967, -5.96031236649, 5.55637741089, -4.2875919342, -0.647896528244, 4.06401491165],
        "cov": [[1047.3482666, -99.1758575439, -39.1992454529, -44.6645469666, -26.7903747559, -65.635559082, -56.9504394531, -50.6848220825, -6.8953332901, 8.71697330475, -51.5211105347, 26.6642017365, 54.5956077576], [-99.1758575439, 457.123352051, -88.6663208008, 37.5371246338, -11.9416408539, 4.01571702957, 94.2022323608, 65.3825759888, 6.21219873428, 42.7463264465, 23.2336959839, 17.5133743286, 37.360534668], [-39.1992454529, -88.6663208008, 516.242797852, 111.850959778, 187.67539978, 128.210021973, -44.3867034912, 40.6493530273, 62.4321098328, -4.87218046188, 89.6771087646, 33.6327896118, -46.0207633972], [-44.6645469666, 37.5371246338, 111.850959778, 271.319091797, 168.198043823, 29.1058082581, -8.17277240753, 46.2334747314, 33.1612434387, 24.3767318726, 36.5039405823, 76.1811447144, 60.1630477905], [-26.7903747559, -11.9416408539, 187.67539978, 168.198043823, 247.386276245, 47.4219207764, -25.8543605804, 41.7255172729, 43.0836524963, 9.28445911407, 54.6204872131, 73.9815292358, 35.8741569519], [-65.635559082, 4.01571702957, 128.210021973, 29.1058082581, 47.4219207764, 191.127227783, 85.9241256714, 48.8962097168, 48.9296035767, 24.146654129, 48.9578666687, -3.04994487762, -34.4052238464], [-56.9504394531, 94.2022323608, -44.3867034912, -8.17277240753, -25.8543605804, 85.9241256714, 232.976867676, 68.9771118164, 24.8352680206, 49.3977241516, 19.5751514435, -26.0427265167, -0.883864760399], [-50.6848220825, 65.3825759888, 40.6493530273, 46.2334747314, 41.7255172729, 48.8962097168, 68.9771118164, 130.870849609, 47.610168457, 46.059299469, 26.3552818298, 7.1957859993, 6.03037309647], [-6.8953332901, 6.21219873428, 62.4321098328, 33.1612434387, 43.0836524963, 48.9296035767, 24.8352680206, 47.610168457, 106.202835083, 35.0469665527, 32.8379707336, 1.90249490738, -12.790810585], [8.71697330475, 42.7463264465, -4.87218046188, 24.3767318726, 9.28445911407, 24.146654129, 49.3977241516, 46.059299469, 35.0469665527, 131.23626709, 44.4425582886, -17.3745059967, -6.18521118164], [-51.5211105347, 23.2336959839, 89.6771087646, 36.5039405823, 54.6204872131, 48.9578666687, 19.5751514435, 26.3552818298, 32.8379707336, 44.4425582886, 103.522468567, 34.2604789734, -8.59001350403], [26.6642017365, 17.5133743286, 33.6327896118, 76.1811447144, 73.9815292358, -3.04994487762, -26.0427265167, 7.1957859993, 1.90249490738, -17.3745059967, 34.2604789734, 124.891059875, 70.7376251221], [54.5956077576, 37.360534668, -46.0207633972, 60.1630477905, 35.8741569519, -34.4052238464, -0.883864760399, 6.03037309647, -12.790810585, -6.18521118164, -8.59001350403, 70.7376251221, 127.005996704]],
        "icov": [[0.00109686562791, 0.000194500258658, -0.00015980025637, 0.000348438072251, 3.84798440791e-05, 0.000153733461048, 4.95326748933e-05, 0.000392772519263, -0.000308152608341, -0.000690837274306, 0.000848119903821, -0.00053108431166, -0.000450729741715], [0.000194500258658, 0.00273911096156, 0.000441149779363, -0.000419489049818, 0.000365997926565, 0.000322142062942, -0.000730512489099, -0.00100889615715, 0.000266032118816, -0.000144207588164, -0.000702024495695, -0.000178241811227, -0.000432523374911], [-0.00015980025637, 0.000441149779363, 0.00388678186573, -0.000320179358823, -0.00205963454209, -0.00180972367525, 0.00117356679402, -0.000718921248335, -0.000128474333906, 0.00128218729515, -0.00218275911175, 0.00071982643567, 0.0011337522883], [0.000348438072251, -0.000419489049818, -0.000320179358823, 0.00737421680242, -0.00412449007854, -0.000173366453964, 0.00022720285051, -0.000358523626346, -0.000284696929157, -0.00160466460511, 0.00143482489511, -0.00162450573407, -0.00160392606631], [3.84798440791e-05, 0.000365997926565, -0.00205963454209, -0.00412449007854, 0.00971440412104, -0.000149891799083, 0.000643676670734, -0.000848602678161, -0.0010030826088, 0.000346872693626, -0.00112556351814, -0.00169862189796, -0.000870687013958], [0.000153733461048, 0.000322142062942, -0.00180972367525, -0.000173366453964, -0.000149891799083, 0.00931396801025, -0.00367135740817, -0.000370558293071, -0.00164336222224, 0.000552877376322, -0.00128800119273, -0.000529253098648, 0.00189208961092], [4.95326748933e-05, -0.000730512489099, 0.00117356679402, 0.00022720285051, 0.000643676670734, -0.00367135740817, 0.00739024346694, -0.00255789817311, 0.000389359134715, -0.000653192342725, -0.000863509892952, 0.0019027183298, -0.0016030119732], [0.000392772519263, -0.00100889615715, -0.000718921248335, -0.000358523626346, -0.000848602678161, -0.000370558293071, -0.00255789817311, 0.0123245967552, -0.00344328791834, -0.00265656574629, 0.00163624039851, -0.000872693373822, -0.000305823778035], [-0.000308152608341, 0.000266032118816, -0.000128474333906, -0.000284696929157, -0.0010030826088, -0.00164336222224, 0.000389359134715, -0.00344328791834, 0.0132403252646, -0.00148303923197, -0.00153734721243, 0.000504671770614, 0.0010230212938], [-0.000690837274306, -0.000144207588164, 0.00128218729515, -0.00160466460511, 0.000346872693626, 0.000552877376322, -0.000653192342725, -0.00265656574629, -0.00148303923197, 0.0125219710171, -0.00712192803621, 0.00492645381019, -0.00102756870911], [0.000848119903821, -0.000702024495695, -0.00218275911175, 0.00143482489511, -0.00112556351814, -0.00128800119273, -0.000863509892952, 0.00163624039851, -0.00153734721243, -0.00712192803621, 0.0191819854081, -0.00832932814956, 0.00369147025049], [-0.00053108431166, -0.000178241811227, 0.00071982643567, -0.00162450573407, -0.00169862189796, -0.000529253098648, 0.0019027183298, -0.000872693373822, 0.000504671770614, 0.00492645381019, -0.00832932814956, 0.0183125268668, -0.00876981578767], [-0.000450729741715, -0.000432523374911, 0.0011337522883, -0.00160392606631, -0.000870687013958, 0.00189208961092, -0.0016030119732, -0.000305823778035, 0.0010230212938, -0.00102756870911, 0.00369147025049, -0.00876981578767, 0.0153142055497]]
    },
    "spectral_contrast_coeffs": {
        "max": [-0.438868403435, -0.534613192081, -0.499217540026, -0.639894664288, -0.627525448799, -0.633844852448],
        "mean": [-0.740933954716, -0.766031146049, -0.76222461462, -0.785000801086, -0.757449626923, -0.755135774612],
        "min": [-0.901447832584, -0.924680829048, -0.906282007694, -0.891061127186, -0.861990332603, -0.849518477917],
        "stdev": [0.0712341219187, 0.0705822333694, 0.0735708996654, 0.0444088615477, 0.0438968501985, 0.0288315806538]
    },
    "spectral_contrast_valleys": {
        "max": [-5.23192167282, -5.10472106934, -5.40671014786, -5.81232881546, -5.85597276688, -7.88235092163],
        "mean": [-6.81690692902, -6.74969768524, -7.10287570953, -7.23091506958, -6.91439294815, -9.61984634399],
        "min": [-9.8341627121, -8.58790874481, -9.3723154068, -8.52058601379, -8.02275943756, -11.0929841995],
        "stdev": [0.710964381695, 0.538946092129, 0.512470066547, 0.395174235106, 0.364167362452, 0.56757837534]
    }
},
"rhythm": {
    "beats_count": 51,
    "beats_loudness": {
        "max": 0.0452475212514,
        "mean": 0.0229287501425,
        "min": 0.0118709253147,
        "stdev": 0.00702571263537
    },
    "bpm": 94.1279525757,
    "bpm_histogram_first_peak_bpm": 94,
    "bpm_histogram_first_peak_weight": 0.456521689892,
    "bpm_histogram_second_peak_bpm": 101,
    "bpm_histogram_second_peak_spread": 0.25,
    "bpm_histogram_second_peak_weight": 0.0599999986589,
    "danceability": 1.15089941025,
    "onset_rate": 4.30664014816,
    "beats_loudness_band_ratio": {
        "max": [0.510140240192, 0.63626909256, 0.619605898857, 0.645792663097, 0.381216287613, 0.292449355125],
        "mean": [0.220092579722, 0.162435844541, 0.178323253989, 0.175040662289, 0.169402167201, 0.165599092841],
        "min": [0.000352192786522, 0.00846558343619, 0.0368076600134, 0.0324502699077, 0.03441266343, 0.0182162150741],
        "stdev": [0.111547380686, 0.102098219097, 0.135566279292, 0.178240656853, 0.0826725587249, 0.0584633275867]
    },
    "beats_position": [0.568888902664, 1.16099774837, 1.75310659409, 2.34521532059, 2.94893407822, 3.5758728981, 4.19120168686, 4.82975053787, 5.45668935776, 6.10684776306, 6.74539661407, 7.38394546509, 8.0224943161, 8.66104316711, 9.287981987, 9.92653083801, 10.5650787354, 11.2152376175, 11.8653964996, 12.4923353195, 13.1308841705, 13.7694330215, 14.4079818726, 15.0465307236, 15.6850786209, 16.3236274719, 16.9505672455, 17.600725174, 18.2392749786, 18.877822876, 19.5047607422, 20.154920578, 20.7818584442, 21.43201828, 22.0589561462, 22.6975059509, 23.3360538483, 23.9862117767, 24.6131515503, 25.2633094788, 25.9018592834, 26.5404071808, 27.1673469543, 27.8058948517, 28.4444446564, 29.0829925537, 29.7215423584, 30.3600902557, 30.9986381531, 31.6487979889, 32.2757377625],
