{
"metadata": {
    "version": {
        "essentia": "2.1-beta5",
        "essentia_git_sha": "Undefined",
        "extractor": "music 2.0"
    },
    "audio_properties": {
        "analysis": {
            "equal_loudness": 0,
            "length": 21.826757431,
            "sample_rate": 44100,
            "start_time": 175.240997314,
            "downmix": "mix"
        },
        "bit_rate": 192000,
        "length": 197.0909729,
        "lossless": 0,
        "number_channels": 2,
        "replay_gain": 2.43360328674,
        "sample_rate": 48000,
        "codec": "mp3",
        "md5_encoded": "214d8bf6fac0d4f48384beb422efc51d"
    },
    "tags": {
        "file_name": "Bulgaria_DJ, Take Me Away_Deep Zone _ Balthazar.mp3",
        "encoding": ["Lavf58.29.100"]
    }
},
"lowlevel": {
    "average_loudness": 0.840009450912,
    "barkbands_crest": {
        "max": 25.2692623138,
        "mean": 11.0332727432,
        "min": 2.17462325096,
        "stdev": 5.088722229
    },
    "barkbands_flatness_db": {
        "max": 0.314899533987,
        "mean": 0.168098837137,
        "min": 0.0590954944491,
        "stdev": 0.044807408005
    },
    "barkbands_kurtosis": {
        "max": 59.8588104248,
        "mean": 1.75013422966,
        "min": -1.73574507236,
        "stdev": 5.21371889114
    },
    "barkbands_skewness": {
        "max": 7.27882671356,
        "mean": 1.0227316618,
        "min": -1.21895980835,
        "stdev": 1.09708809853
    },
    "barkbands_spread": {
        "max": 97.0217056274,
        "mean": 24.1040287018,
        "min": 2.39073181152,
        "stdev": 15.3135223389
    },
    "dissonance": {
        "max": 0.499999284744,
        "mean": 0.482399374247,
        "min": 0.338285982609,
        "stdev": 0.0176220573485
    },
    "dynamic_complexity": 3.39855623245,
    "erbbands_crest": {
        "max": 28.6710777283,
        "mean": 10.0570726395,
        "min": 2.50303006172,
        "stdev": 4.91532850266
    },
    "erbbands_flatness_db": {
        "max": 0.393132090569,
        "mean": 0.216211259365,
        "min": 0.0917697027326,
        "stdev": 0.0688890889287
    },
    "erbbands_kurtosis": {
        "max": 15.7542877197,
        "mean": 0.75628465414,
        "min": -1.59805417061,
        "stdev": 1.92261302471
    },
    "erbbands_skewness": {
        "max": 3.52256464958,
        "mean": 0.365673094988,
        "min": -2.42384719849,
        "stdev": 0.778141140938
    },
    "erbbands_spread": {
        "max": 91.5824966431,
        "mean": 27.0270462036,
        "min": 5.17412424088,
        "stdev": 13.013882637
    },
    "hfc": {
        "max": 98.2277679443,
        "mean": 21.6184139252,
        "min": 0.885096788406,
        "stdev": 18.5543804169
    },
    "loudness_ebu128": {
        "integrated": -26.4768161774,
        "loudness_range": 3.85964584351,
        "momentary": {
            "max": -23.4327945709,
            "mean": -27.1420307159,
            "min": -33.5809249878,
            "stdev": 2.62274193764
        },
        "short_term": {
            "max": -24.1388092041,
            "mean": -26.4791507721,
            "min": -32.4968185425,
            "stdev": 1.63164412975
        }
    },
    "melbands_crest": {
        "max": 34.6645240784,
        "mean": 15.9952478409,
        "min": 2.76638936996,
        "stdev": 7.95909929276
    },
    "melbands_flatness_db": {
        "max": 0.346532434225,
        "mean": 0.160135984421,
        "min": 0.0313744843006,
        "stdev": 0.0503765456378
    },
    "melbands_kurtosis": {
        "max": 174.836517334,
        "mean": 8.17342376709,
        "min": -1.64236199856,
        "stdev": 15.310669899
    },
    "melbands_skewness": {
        "max": 11.285577774,
        "mean": 2.01825666428,
        "min": -0.835122227669,
        "stdev": 1.63662362099
    },
    "melbands_spread": {
        "max": 102.202850342,
        "mean": 30.1911964417,
        "min": 2.10481119156,
        "stdev": 18.0635757446
    },
    "pitch_salience": {
        "max": 0.871606588364,
        "mean": 0.542314827442,
        "min": 0.0988427847624,
        "stdev": 0.174845904112
    },
    "silence_rate_20dB": {
        "max": 1,
        "mean": 1,
        "min": 1,
        "stdev": 0
    },
    "silence_rate_30dB": {
        "max": 1,
        "mean": 1,
        "min": 1,
        "stdev": 0
    },
    "silence_rate_60dB": {
        "max": 1,
        "mean": 0.193411260843,
        "min": 0,
        "stdev": 0.394973248243
    },
    "spectral_centroid": {
        "max": 4078.14233398,
        "mean": 2118.09594727,
        "min": 628.702941895,
        "stdev": 578.128540039
    },
    "spectral_complexity": {
        "max": 49,
        "mean": 17.0488834381,
        "min": 1,
        "stdev": 8.79316711426
    },
    "spectral_decrease": {
        "max": -1.24160431936e-10,
        "mean": -4.4939887367e-09,
        "min": -1.58635824477e-08,
        "stdev": 3.68350550062e-09
    },
    "spectral_energy": {
        "max": 0.0626555755734,
        "mean": 0.0189222488552,
        "min": 0.000552536628675,
        "stdev": 0.0150560708717
    },
    "spectral_energyband_high": {
        "max": 0.00825845450163,
        "mean": 0.0011022281833,
        "min": 1.13082596727e-05,
        "stdev": 0.00130265648477
    },
    "spectral_energyband_low": {
        "max": 0.0573043599725,
        "mean": 0.0080761006102,
        "min": 1.93446094698e-08,
        "stdev": 0.011000261642
    },
    "spectral_energyband_middle_high": {
        "max": 0.0412390418351,
        "mean": 0.00761333480477,
        "min": 0.000351972383214,
        "stdev": 0.00740362983197
    },
    "spectral_energyband_middle_low": {
        "max": 0.0261335093528,
        "mean": 0.00238646822982,
        "min": 0.000103115242382,
        "stdev": 0.00287460396066
    },
    "spectral_entropy": {
        "max": 8.73125171661,
        "mean": 7.82676410675,
        "min": 7.01081371307,
        "stdev": 0.314765632153
    },
    "spectral_flux": {
        "max": 0.227499529719,
        "mean": 0.0688925683498,
        "min": 0.0165714100003,
        "stdev": 0.0401875823736
    },
    "spectral_kurtosis": {
        "max": 15.3919010162,
        "mean": 3.21569347382,
        "min": -0.882599592209,
        "stdev": 2.00961184502
    },
    "spectral_rms": {
        "max": 0.00781840085983,
        "mean": 0.00386606925167,
        "min": 0.000734207162168,
        "stdev": 0.001874617883
    },
    "spectral_rolloff": {
        "max": 9280.81054688,
        "mean": 2283.91308594,
        "min": 64.599609375,
        "stdev": 1340.60571289
    },
    "spectral_skewness": {
        "max": 2.78768777847,
        "mean": 1.3093931675,
        "min": 0.107514023781,
        "stdev": 0.317191928625
    },
    "spectral_spread": {
        "max": 10411007,
        "mean": 4350732,
        "min": 2246594.5,
        "stdev": 1456397.125
    },
    "spectral_strongpeak": {
        "max": 14.463561058,
        "mean": 1.31691634655,
        "min": 0,
        "stdev": 1.8153488636
    },
    "zerocrossingrate": {
        "max": 0.21484375,
        "mean": 0.0808626934886,
        "min": 0.01171875,
        "stdev": 0.0310521069914
    },
    "barkbands": {
        "max": [0.00622924603522, 0.0532739236951, 0.0159748867154, 0.00797893293202, 0.00559387728572, 0.00246589165181, 0.0117401657626, 0.0163472592831, 0.017235532403, 0.0305153634399, 0.0328881926835, 0.0112656028941, 0.0146033959463, 0.00835276395082, 0.00655129970983, 0.00902864709496, 0.00710232555866, 0.00618803268299, 0.00737349875271, 0.0104614039883, 0.00279170507565, 0.00153658492491, 0.00394047657028, 0.00167587585747, 0.00174646475352, 3.19858327202e-06, 1.67956909536e-06],
        "mean": [0.0006189525011, 0.00647662626579, 0.000859622959979, 0.000310294301016, 0.000258332962403, 0.000129120584461, 0.000296903774142, 0.000448430539109, 0.000696082308423, 0.00156898540445, 0.00129227491561, 0.00060788349947, 0.0008348680567, 0.000548535550479, 0.000439016177552, 0.000829400494695, 0.000320841703797, 0.000389259948861, 0.000338102370733, 0.000868317612913, 0.000195918124518, 0.000157763803145, 0.000166296027601, 0.000141670694575, 0.000128513696836, 1.87307193755e-07, 2.5747495247e-09],
        "min": [2.02392894111e-10, 1.71975500507e-09, 1.95373317524e-09, 2.97071744981e-09, 1.12385428963e-07, 1.58047143373e-07, 5.27075144419e-07, 2.19703542825e-06, 9.8638347481e-06, 8.41687597131e-06, 7.48793445382e-06, 1.09717593659e-05, 6.37330276732e-06, 1.26697786982e-05, 1.17282443171e-05, 1.30379557959e-05, 3.57584258381e-06, 7.02199940861e-06, 3.31397768605e-06, 2.67235759566e-06, 1.50791720444e-06, 1.50895880324e-06, 1.0960226291e-06, 7.85123916103e-07, 4.73881669905e-07, 2.57241894452e-10, 2.50939824475e-10],
        "stdev": [0.00123685505241, 0.00924105290323, 0.00205261516385, 0.00099741271697, 0.000577408354729, 0.000263030669885, 0.00089757470414, 0.00120566447731, 0.00153633207083, 0.00337135582231, 0.00346763525158, 0.00107192492578, 0.00135833595414, 0.000909198250156, 0.000645980704576, 0.0015018763952, 0.000597180274781, 0.000667956192046, 0.000602914660703, 0.0016170082381, 0.000317508907756, 0.000235882151173, 0.000285521498881, 0.000210157493711, 0.000214394342038, 3.91174211245e-07, 5.47063763179e-08]
    },
    "erbbands": {
        "max": [2.44026279449, 9.97601032257, 20.2807006836, 23.7139263153, 36.239692688, 10.8129777908, 12.3780584335, 30.10820961, 150.530609131, 219.81463623, 436.475830078, 336.042938232, 851.591430664, 1166.35144043, 1298.75561523, 330.524200439, 666.171569824, 357.045532227, 365.729797363, 320.099731445, 569.595336914, 249.888336182, 159.922164917, 403.101928711, 321.910644531, 612.507202148, 134.42024231, 106.154289246, 63.568107605, 101.560386658, 100.495704651, 49.4271774292, 25.9021549225, 25.8840751648, 8.97133922577, 0.500398874283, 0.013031530194, 0.00130627397448, 0.000282225431874, 8.99042497622e-05],
        "mean": [0.243967056274, 1.17567384243, 1.42979216576, 0.898615300655, 1.11123740673, 0.707727372646, 0.638628542423, 1.44255828857, 3.78487205505, 6.71935033798, 9.14992809296, 15.3508462906, 31.0262870789, 54.1667556763, 52.2534332275, 26.2989749908, 38.6379508972, 29.1414394379, 27.3912296295, 27.061662674, 45.3890266418, 18.0992794037, 17.0468997955, 22.118927002, 23.6304264069, 38.9289131165, 13.9589681625, 6.62010288239, 5.62247228622, 5.36028862, 4.61092996597, 2.97017359734, 2.42917609215, 1.66452455521, 0.795761227608, 0.0445047430694, 0.00123108283151, 9.37312361202e-05, 2.45286501013e-05, 2.6674626497e-05],
        "min": [4.49023040971e-08, 5.09905589752e-07, 4.31910348198e-06, 1.75761579158e-05, 0.000108998181531, 0.000306779576931, 0.000969534274191, 0.00473385537043, 0.0186366979033, 0.0612689107656, 0.187820181251, 0.521493792534, 0.756429374218, 0.568414926529, 0.719964027405, 0.513936936855, 0.476875573397, 0.71165651083, 0.708544671535, 0.448949277401, 0.758697390556, 0.353696465492, 0.540544807911, 0.271506428719, 0.148310109973, 0.122878961265, 0.102029778063, 0.0550624988973, 0.0579774975777, 0.0400724261999, 0.0315398797393, 0.0251814890653, 0.010946681723, 0.00686972541735, 0.00218005408533, 0.000142632517964, 5.29339649802e-06, 7.54588256768e-07, 5.4858526255e-07, 7.70918575199e-07],
        "stdev": [0.410532146692, 1.88212954998, 3.0369155407, 2.32030653954, 3.26092839241, 1.34492814541, 1.22926318645, 2.93016457558, 11.4188270569, 16.4642314911, 25.7897529602, 32.6677055359, 56.3361358643, 113.80960083, 136.441680908, 38.8165245056, 61.0190048218, 39.3176193237, 40.7567329407, 34.4380226135, 83.3191604614, 26.4816398621, 22.6117362976, 37.3232955933, 40.1428260803, 72.3972015381, 20.631816864, 11.4597730637, 8.45732975006, 8.26546573639, 8.18585300446, 4.49341011047, 3.69039559364, 2.70511865616, 1.38325548172, 0.0780063644052, 0.0020860505756, 0.000150291394675, 2.69170377578e-05, 2.11122460314e-05]
    },
    "gfcc": {
        "mean": [-45.2636032104, 50.7849502563, -189.094528198, 26.8629608154, -78.4754714966, 34.7662239075, -32.0647239685, 18.3297080994, -18.0458850861, -4.31166791916, -6.20556497574, -15.5267210007, 3.17333388329],
        "cov": [[6157.23242188, 1122.78552246, 3163.18579102, 2218.84130859, 1334.24389648, 1165.15002441, 171.675491333, 419.258972168, -107.421340942, 506.139953613, 337.404266357, 324.692657471, -12.357213974], [1122.78552246, 1037.43395996, 1148.35961914, 606.477661133, 540.112060547, 392.520080566, 96.0093841553, 70.4942550659, 0.677721440792, 106.296722412, 75.5461578369, 107.404769897, 31.0041332245], [3163.18579102, 1148.35961914, 2831.10375977, 1549.17224121, 1026.77502441, 1085.9362793, 72.2006454468, 274.220428467, -56.6509094238, 440.856658936, 176.431655884, 318.964813232, -11.6437654495], [2218.84130859, 606.477661133, 1549.17224121, 1086.46911621, 651.12109375, 576.13458252, 101.916168213, 200.692687988, -12.850361824, 246.778640747, 139.318389893, 164.144866943, 12.5695419312], [1334.24389648, 540.112060547, 1026.77502441, 651.12109375, 580.910644531, 466.089355469, 91.8192901611, 152.444046021, -12.5001564026, 151.891616821, 93.0780410767, 111.569869995, 22.5068817139], [1165.15002441, 392.520080566, 1085.9362793, 576.13458252, 466.089355469, 568.694091797, 90.5940628052, 121.29699707, -20.3441181183, 170.600799561, 67.039932251, 131.955062866, -3.0112323761], [171.675491333, 96.0093841553, 72.2006454468, 101.916168213, 91.8192901611, 90.5940628052, 194.171005249, 91.1215209961, 24.1270256042, 5.05788421631, 51.5705947876, -10.3892688751, 37.1448936462], [419.258972168, 70.4942550659, 274.220428467, 200.692687988, 152.444046021, 121.29699707, 91.1215209961, 179.374816895, 40.4071235657, 72.7388381958, 57.6339263916, 17.4575500488, 22.0183410645], [-107.421340942, 0.677721440792, -56.6509094238, -12.850361824, -12.5001564026, -20.3441181183, 24.1270256042, 40.4071235657, 122.755691528, 47.4311294556, 28.5957794189, -8.10266780853, 3.38632583618], [506.139953613, 106.296722412, 440.856658936, 246.778640747, 151.891616821, 170.600799561, 5.05788421631, 72.7388381958, 47.4311294556, 180.352355957, 89.3140945435, 50.0771598816, -8.54778385162], [337.404266357, 75.5461578369, 176.431655884, 139.318389893, 93.0780410767, 67.039932251, 51.5705947876, 57.6339263916, 28.5957794189, 89.3140945435, 131.161804199, 38.0679664612, 23.1338329315], [324.692657471, 107.404769897, 318.964813232, 164.144866943, 111.569869995, 131.955062866, -10.3892688751, 17.4575500488, -8.10266780853, 50.0771598816, 38.0679664612, 118.677383423, 41.5550308228], [-12.357213974, 31.0041332245, -11.6437654495, 12.5695419312, 22.5068817139, -3.0112323761, 37.1448936462, 22.0183410645, 3.38632583618, -8.54778385162, 23.1338329315, 41.5550308228, 83.3969268799]],
        "icov": [[0.000689221255016, 0.000177422611159, -0.000129477397422, -0.00125672388822, -0.000212656974327, 0.000160998111824, 0.000145214187796, -0.00013855517318, 0.000477320194477, 0.000286323571345, -0.000688447791617, 8.63222885528e-05, 0.000400531309424], [0.000177422611159, 0.00526165543124, -0.00530596682802, 0.00344836432487, -0.00634410930797, 0.00616923114285, -0.00385895487852, 0.0045878905803, -0.00333749339916, 0.00345051963814, -0.00102734402753, 0.00117792305537, -0.000560772023164], [-0.000129477397422, -0.00530596682802, 0.00921432022005, -0.00677793379873, 0.00647328095511, -0.0095720263198, 0.00531100621447, -0.00515316938981, 0.0046475273557, -0.00563731649891, 0.0021079776343, -0.00286881974898, 0.00124208442867], [-0.00125672388822, 0.00344836432487, -0.00677793379873, 0.0111467940733, -0.00722687225789, 0.00716718938202, -0.0050156917423, 0.00340174953453, -0.0034129107371, 0.00168803997803, 7.65644799685e-05, 0.000149437080836, -0.000333656033035], [-0.000212656974327, -0.00634410930797, 0.00647328095511, -0.00722687225789, 0.0162824485451, -0.0128229297698, 0.00682746618986, -0.00716979894787, 0.00362681644037, -0.00137208134402, -0.00125885324087, 0.00160210556351, -0.00242220051587], [0.000160998111824, 0.00616923114285, -0.0095720263198, 0.00716718938202, -0.0128229297698, 0.0197173487395, -0.0111682955176, 0.00661234464496, -0.0027267546393, 7.315332914e-05, 0.00294720404781, -0.0047209598124, 0.00436782976612], [0.000145214187796, -0.00385895487852, 0.00531100621447, -0.0050156917423, 0.00682746618986, -0.0111682955176, 0.0157514102757, -0.0073321973905, 0.000761558359955, 0.00350679992698, -0.0055189714767, 0.00658646319062, -0.00579449580982], [-0.00013855517318, 0.0045878905803, -0.00515316938981, 0.00340174953453, -0.00716979894787, 0.00661234464496, -0.0073321973905, 0.0146056683734, -0.00507108867168, 0.000459919596324, -0.000279773317743, 0.00228333380073, -0.00218212301843], [0.000477320194477, -0.00333749339916, 0.0046475273557, -0.0034129107371, 0.00362681644037, -0.0027267546393, 0.000761558359955, -0.00507108867168, 0.0145158413798, -0.00859864894301, 0.00186215632129, -0.00211090222001, 0.00146171636879], [0.000286323571345, 0.00345051963814, -0.00563731649891, 0.00168803997803, -0.00137208134402, 7.315332914e-05, 0.00350679992698, 0.000459919596324, -0.00859864894301, 0.0219857618213, -0.0119458138943, 0.00425439840183, 0.000204128111363], [-0.000688447791617, -0.00102734402753, 0.0021079776343, 7.65644799685e-05, -0.00125885324087, 0.00294720404781, -0.0055189714767, -0.000279773317743, 0.00186215632129, -0.0119458138943, 0.0182484518737, -0.00628869840875, 0.000312369491439], [8.63222885528e-05, 0.00117792305537, -0.00286881974898, 0.000149437080836, 0.00160210556351, -0.0047209598124, 0.00658646319062, 0.00228333380073, -0.00211090222001, 0.00425439840183, -0.00628869840875, 0.0237935166806, -0.0145770804957], [0.000400531309424, -0.000560772023164, 0.00124208442867, -0.000333656033035, -0.00242220051587, 0.00436782976612, -0.00579449580982, -0.00218212301843, 0.00146171636879, 0.000204128111363, 0.000312369491439, -0.0145770804957, 0.0235891584307]]
    },
    "melbands": {
        "max": [0.0177309345454, 0.00908203143626, 0.00336830597371, 0.00144620076753, 0.00042459598626, 0.000581774977036, 0.00244785263203, 0.0022007888183, 0.00306379585527, 0.00228023924865, 0.00413510901853, 0.00513566518202, 0.0048704110086, 0.00135433662217, 0.00122840877157, 0.00105801271275, 0.00079225708032, 0.000808103126474, 0.000694251386449, 0.000734585744794, 0.000722840894014, 0.000374690222088, 0.000154706547619, 0.000310801202431, 0.000384100072552, 0.00025606888812, 0.000562697474379, 0.000364047242329, 0.000145692567457, 0.000143999786815, 6.44892425044e-05, 3.90972454625e-05, 3.73055627279e-05, 6.86538551236e-05, 6.51335576549e-05, 4.01105935453e-05, 2.5883262424e-05, 1.80201186595e-05, 2.19828307308e-05, 2.40738172579e-05],
        "mean": [0.00194860680494, 0.00100587552879, 0.000167916747159, 6.44885076326e-05, 2.38263364736e-05, 3.07917835016e-05, 5.82656866754e-05, 8.27298790682e-05, 7.10575623089e-05, 0.000104863574961, 0.000165870776982, 0.000228315970162, 0.000181773706572, 7.98879700596e-05, 7.3100127338e-05, 8.57486593304e-05, 4.97524670209e-05, 4.65839111712e-05, 3.04255299852e-05, 5.24340866832e-05, 4.86142816953e-05, 1.8627370082e-05, 1.29467334773e-05, 1.97351619136e-05, 1.76507401193e-05, 1.33053672471e-05, 2.99777202599e-05, 2.37521835516e-05, 1.08340718725e-05, 4.27244640377e-06, 3.51339031113e-06, 3.08561175189e-06, 3.12044403472e-06, 2.96481744044e-06, 2.78804782283e-06, 2.14467354454e-06, 1.70850830727e-06, 1.74925742158e-06, 1.47592425037e-06, 1.41436771628e-06],
        "min": [5.24470522567e-10, 2.33408092853e-09, 6.97389124227e-09, 1.53042520878e-08, 2.15011510818e-08, 3.5973805268e-08, 1.5049970159e-07, 7.35593289392e-07, 1.18457887766e-06, 1.80697475116e-06, 2.20878155233e-06, 9.70415385382e-07, 1.45868364143e-06, 1.33963942517e-06, 9.50725336679e-07, 8.72360317317e-07, 1.03724369183e-06, 9.18978003028e-07, 8.29960299598e-07, 3.29070530825e-07, 6.02230954883e-07, 1.95489178623e-07, 5.3701245406e-07, 2.43435096081e-07, 1.88930101785e-07, 1.34021192366e-07, 6.47097664341e-08, 7.57713323196e-08, 4.91719767126e-08, 1.94177864898e-08, 3.54161286964e-08, 3.79540665563e-08, 2.40363533521e-08, 1.4411881466e-08, 1.77539281054e-08, 1.15441318727e-08, 1.26776749099e-08, 7.29785565312e-09, 6.1377791738e-09, 5.27837684672e-09],
        "stdev": [0.00290587637573, 0.00176519330125, 0.000405886588851, 0.000153757515363, 4.33468921983e-05, 6.09945891483e-05, 0.000178611531737, 0.000198440437089, 0.000193017011043, 0.00023306037474, 0.000302341621136, 0.000506277196109, 0.000487538025482, 0.000158050024766, 0.000125683989609, 0.000144010482472, 8.03566290415e-05, 7.84884396126e-05, 4.94914129376e-05, 9.17673241929e-05, 9.32189941523e-05, 3.43051397067e-05, 1.65530091181e-05, 3.66581807612e-05, 3.23989406752e-05, 2.32607144426e-05, 6.63920945954e-05, 4.43745666416e-05, 1.87713358173e-05, 1.00362130979e-05, 6.12324993199e-06, 4.79430036648e-06, 4.95231824971e-06, 4.82397354062e-06, 5.21808169651e-06, 3.5826506064e-06, 2.62686899077e-06, 2.7657586088e-06, 2.2526921839e-06, 2.43104068431e-06]
    },
    "melbands128": {
        "max": [0.00585938245058, 0.0238643158227, 0.0242376346141, 0.017723955214, 0.0133617315441, 0.00633711647242, 0.00578558351845, 0.00399290164933, 0.00467846123502, 0.0017511670012, 0.000616673729382, 0.000574688659981, 0.000500072375871, 0.000469950900879, 0.00103820220102, 0.000834437669255, 0.00162867852487, 0.00435619940981, 0.00450224382803, 0.00423480384052, 0.00426159845665, 0.00563259236515, 0.00507253920659, 0.00397572340444, 0.00357094500214, 0.00464217644185, 0.00719042913988, 0.00599319627509, 0.00413498748094, 0.00997869297862, 0.00458014244214, 0.00609433697537, 0.00901921000332, 0.00816918443888, 0.00363800022751, 0.00107869307976, 0.00197079079226, 0.00219200272113, 0.00337491906248, 0.00170561915729, 0.00146316736937, 0.0008748593973, 0.00141821964644, 0.00231706141494, 0.00206656148657, 0.00147477688733, 0.00116266554687, 0.00146760023199, 0.000952092173975, 0.0010359151056, 0.00141173647717, 0.0016072896542, 0.00171851902269, 0.00151684880257, 0.00125332036987, 0.000363774161087, 0.000282122637145, 0.000253697304288, 0.000224179631914, 0.000204236624995, 0.000309775379719, 0.00105398020241, 0.00052519410383, 0.000665255472995, 0.000805038958788, 0.000516038388014, 0.00021953311807, 0.000784727220889, 0.00144244160037, 0.00135046825744, 0.000671445508488, 0.000762275245506, 0.000458555936348, 0.000170820538187, 0.00011160003487, 0.000182063522516, 0.000255070393905, 0.000144269171869, 0.000119168755191, 0.000136463539093, 5.26018848177e-05, 4.01477518608e-05, 0.000106257226435, 4.96092616231e-05, 3.67540233128e-05, 7.07078288542e-05, 8.85554181878e-05, 8.93300093594e-05, 8.09845223557e-05, 7.31333857402e-05, 4.91987375426e-05, 4.38893148385e-05, 3.54088915628e-05, 3.01205564028e-05, 2.72659672191e-05, 3.13656018989e-05, 2.05623291549e-05, 2.35730130953e-05, 2.91869964713e-05, 2.10547568713e-05, 2.38245156652e-05, 3.1184481486e-05, 2.11781079997e-05, 1.57773283718e-05, 1.49196184793e-05, 1.17061454148e-05, 2.93781067739e-06, 1.32345036263e-07, 1.36783402382e-08, 1.0573711684e-08, 9.55931955815e-09, 8.99611940497e-09, 8.67929372816e-09, 8.39927682961e-09, 8.2113915667e-09, 8.06499933503e-09, 7.88864262802e-09, 7.71460229032e-09, 7.52338369381e-09, 7.3664980782e-09, 7.25808035895e-09, 7.10623115907e-09, 7.00140834198e-09, 6.98298618929e-09, 6.87897028229e-09, 6.80655709573e-09, 6.75949385354e-09, 6.72909594712e-09],
        "mean": [0.000589612463955, 0.00218209018931, 0.0023148113396, 0.00190923572518, 0.000989315914921, 0.000336730590789, 0.000164312616107, 0.000157992646564, 0.000113478810817, 5.95267338213e-05, 3.2435873436e-05, 2.73279765679e-05, 1.85017888725e-05, 2.14771152969e-05, 3.678574285e-05, 2.64306290774e-05, 4.60256378574e-05, 7.66468656366e-05, 5.62306340726e-05, 6.58978024148e-05, 0.00011113101209, 9.04223416001e-05, 6.06249632256e-05, 5.65368609386e-05, 8.25300157885e-05, 0.000137101771543, 0.00012787929154, 0.00011979573901, 0.00021579087479, 0.000363734026905, 0.000141470314702, 0.000164221259183, 0.000217570646782, 0.00019041543419, 7.93048529886e-05, 5.1076283853e-05, 6.15526514594e-05, 7.64201322454e-05, 7.80025147833e-05, 9.15430427995e-05, 0.000105713406811, 4.05068640248e-05, 4.90750571771e-05, 5.42241104995e-05, 4.81578790641e-05, 5.58675237698e-05, 2.87907005259e-05, 2.98993509205e-05, 3.08268827212e-05, 2.88053452095e-05, 4.39638533862e-05, 9.68852182268e-05, 5.79941042815e-05, 3.01160416711e-05, 2.16154876398e-05, 1.75905515789e-05, 1.52986594912e-05, 1.4368295524e-05, 1.17683039207e-05, 1.14656286314e-05, 1.68933547684e-05, 3.25174587488e-05, 1.65276287589e-05, 1.39740250233e-05, 1.70799921761e-05, 1.54164426931e-05, 7.91041748016e-06, 1.31557453642e-05, 4.39663272118e-05, 4.36827649537e-05, 1.72325126186e-05, 1.90878126887e-05, 1.72269174072e-05, 8.3900467871e-06, 4.54544579043e-06, 3.78249956157e-06, 4.93408106195e-06, 3.48646472048e-06, 3.39535245075e-06, 3.38404129252e-06, 2.86320528176e-06, 2.85987039206e-06, 3.68854216504e-06, 2.91910055239e-06, 3.00175133816e-06, 2.92045365313e-06, 2.89331592285e-06, 3.22098298966e-06, 2.69330462288e-06, 2.63768401965e-06, 2.39637597588e-06, 2.04436128115e-06, 1.65848541656e-06, 1.61944933552e-06, 1.75831121396e-06, 1.85597355085e-06, 1.68873339135e-06, 1.74265937858e-06, 1.49791139847e-06, 1.32868683522e-06, 1.30787941544e-06, 1.53842563577e-06, 1.42375097312e-06, 1.22352889775e-06, 1.08705864932e-06, 6.82856693857e-07, 1.74932495156e-07, 8.42629788167e-09, 2.37295356975e-11, 1.68765106057e-11, 1.55535202773e-11, 1.59666776328e-11, 1.67757144981e-11, 1.7283308465e-11, 1.60283470524e-11, 1.43485796161e-11, 1.27511135331e-11, 1.20251976779e-11, 1.17664359159e-11, 1.1370896412e-11, 1.11384634155e-11, 1.10326713043e-11, 1.08699568444e-11, 1.06951296777e-11, 1.01557434337e-11, 9.33721155949e-12, 8.89306597113e-12, 8.79685820715e-12],
        "min": [9.46684883263e-11, 1.39965677937e-10, 5.96329027824e-11, 4.28620555715e-10, 7.9656337082e-10, 7.02390590135e-10, 8.889933234e-10, 7.36188499051e-10, 3.11035686096e-09, 2.95377433623e-09, 3.85933596192e-09, 8.95960994285e-09, 5.18548448625e-09, 9.75861258468e-09, 3.35275593955e-08, 2.86090369173e-08, 1.91956424089e-08, 6.8347674187e-08, 1.07479209532e-07, 4.82088751141e-08, 4.11396854361e-07, 2.11214185697e-07, 3.17553769946e-07, 3.37314702392e-07, 6.62887032377e-07, 2.41489999553e-07, 2.09663056694e-07, 6.31673060525e-07, 9.59367980613e-07, 9.24968503568e-07, 2.25105921459e-07, 5.22404548065e-07, 5.98833537424e-07, 7.82174481628e-07, 6.61511194266e-07, 5.03060334722e-07, 7.58312353355e-07, 7.08559980467e-07, 2.26368698009e-07, 4.98677479754e-07, 5.15630119935e-07, 2.63559883251e-07, 2.73361848713e-07, 4.46445710622e-07, 7.64250671637e-07, 4.71112883815e-07, 6.65499044317e-07, 3.92486640521e-07, 4.55611058214e-07, 2.14838081547e-07, 2.75009540474e-07, 3.1206744211e-07, 2.74809139e-07, 2.77298084939e-07, 7.76460353791e-08, 1.60082620937e-07, 2.18610296088e-07, 1.00207493858e-07, 1.16380356019e-07, 1.45318225009e-07, 1.27452068455e-07, 1.03683177599e-07, 9.77302576644e-08, 1.07705226071e-07, 9.43509306239e-08, 1.11673806202e-07, 4.76205919142e-08, 4.24575361535e-08, 3.60480960637e-08, 4.03133277871e-08, 5.235751388e-08, 4.05395326197e-08, 3.09172776269e-08, 3.23920161804e-08, 2.77380518554e-08, 1.56306168009e-08, 4.62897720155e-09, 2.59935450941e-08, 4.1303113818e-08, 1.63871636261e-08, 1.53096006983e-08, 2.66448161312e-08, 1.48415759682e-08, 1.25090720005e-08, 2.45139375465e-08, 1.27862147536e-08, 1.12689697573e-08, 1.35021842596e-08, 1.13611884345e-08, 5.36194200151e-09, 1.32407755871e-08, 9.40457134391e-09, 1.37684388335e-08, 9.52975387492e-09, 5.29562527163e-09, 7.12994818741e-09, 6.11784756188e-09, 4.28565138932e-09, 4.24713730851e-09, 3.95668342534e-09, 3.7624614535e-09, 4.40149072745e-09, 2.54770027297e-09, 3.13499959326e-09, 2.48262210789e-09, 5.18451170883e-10, 1.74969844169e-10, 9.25528967702e-13, 8.33574203586e-13, 7.57208694618e-13, 8.20686454992e-13, 8.54718748035e-13, 7.69558136833e-13, 7.3355422214e-13, 7.67346527032e-13, 7.48780215349e-13, 7.28589985653e-13, 8.08691655307e-13, 8.03772630051e-13, 8.22629616336e-13, 6.64606390754e-13, 7.67906029563e-13, 8.11321279257e-13, 7.48018725953e-13, 3.69645530547e-13, 2.27916942047e-13, 2.51945596411e-14, 8.80376505102e-16],
        "stdev": [0.00119881227147, 0.00409920979291, 0.00372991408221, 0.00341501482762, 0.00217209034599, 0.000800964247901, 0.000513254781254, 0.000513388949912, 0.000375805626391, 0.000159893272212, 6.3220904849e-05, 5.60738699278e-05, 4.40240546595e-05, 4.63384130853e-05, 8.70524381753e-05, 6.85512786731e-05, 0.000140974574606, 0.00028875443968, 0.00023316363513, 0.00022745586466, 0.000308313494315, 0.000347281718859, 0.000239054206759, 0.000200593596674, 0.000233718732488, 0.000386624335079, 0.000443018710939, 0.000365811720258, 0.000499498331919, 0.00103696994483, 0.000418455398176, 0.000552559911739, 0.000741047610063, 0.000754671462346, 0.000246268435149, 0.000127743711346, 0.000169523831573, 0.000172761894646, 0.000218355024117, 0.000190824386664, 0.000230991790886, 9.05114284251e-05, 0.000107838350232, 0.000155505113071, 0.000124498867081, 0.000118906013086, 6.79282165947e-05, 7.76144297561e-05, 6.61899248371e-05, 6.45018590149e-05, 0.000118654395919, 0.000235244224314, 0.000162215466844, 0.000100915167422, 7.53587883082e-05, 3.75835516024e-05, 2.58600612142e-05, 2.44832262979e-05, 2.06004024221e-05, 2.15860327444e-05, 3.31339833792e-05, 9.86976883723e-05, 4.05699393013e-05, 4.69499718747e-05, 5.18361084687e-05, 3.66759377357e-05, 1.57231952471e-05, 4.816510409e-05, 0.000132831890369, 0.000113496127597, 5.10633872182e-05, 5.46470510017e-05, 4.11686341977e-05, 1.80060942512e-05, 9.63481943472e-06, 1.07245305117e-05, 1.73186472239e-05, 8.019105735e-06, 7.4963663792e-06, 7.06061473466e-06, 5.00281930726e-06, 4.92865729029e-06, 7.10575477569e-06, 5.05990601596e-06, 5.16782529303e-06, 5.35859771844e-06, 5.41000872545e-06, 6.50909669275e-06, 5.45461716683e-06, 5.55921315026e-06, 4.38973438577e-06, 3.6381325117e-06, 2.61690206571e-06, 2.70521672974e-06, 2.9851958061e-06, 3.38631753038e-06, 2.76334071714e-06, 2.81643178823e-06, 2.42940996031e-06, 2.24357995648e-06, 2.25308440349e-06, 2.9038374123e-06, 2.66083316092e-06, 2.18431091525e-06, 2.07698531085e-06, 1.30582520796e-06, 3.46947700791e-07, 1.74146776999e-08, 4.46432307788e-10, 3.45521583567e-10, 3.12476017283e-10, 2.9439589655e-10, 2.84790968585e-10, 2.76409256594e-10, 2.69467032021e-10, 2.64061328359e-10, 2.57418364402e-10, 2.51286547126e-10, 2.45050063574e-10, 2.39921305045e-10, 2.36392017072e-10, 2.31464458711e-10, 2.28033661398e-10, 2.27431407041e-10, 2.24056093123e-10, 2.21720600213e-10, 2.20199788958e-10, 2.19210899433e-10]
    },
    "mfcc": {
        "mean": [-657.602416992, 66.9842529297, -43.3719406128, -10.5384140015, -12.6560535431, 0.216717287898, 5.44680070877, 8.40774059296, 5.33414840698, 10.445681572, -1.92360019684, -1.28966867924, 1.98236119747],
        "cov": [[4622.859375, 317.325622559, 1975.30944824, 1400.76123047, 1329.90539551, 814.985351562, 823.892822266, 306.128845215, 108.45715332, 160.716262817, 203.765869141, 277.175750732, 371.91317749], [317.325622559, 763.07409668, 559.71496582, 289.808013916, 401.342254639, 304.823638916, 193.578018188, 106.6798172, 56.1944313049, -23.4559078217, 122.316764832, -2.64399433136, 8.62338256836], [1975.30944824, 559.71496582, 1912.13659668, 884.706665039, 1077.75427246, 809.219482422, 566.863952637, 227.496780396, 131.028793335, 46.8416862488, 296.553466797, 180.554336548, 196.415634155], [1400.76123047, 289.808013916, 884.706665039, 680.612915039, 583.083862305, 358.657531738, 349.825012207, 142.721084595, 77.4111785889, 68.0876693726, 102.346939087, 105.190597534, 150.900268555], [1329.90539551, 401.342254639, 1077.75427246, 583.083862305, 823.800720215, 515.192382812, 387.633605957, 164.649200439, 96.9336700439, 33.7678451538, 174.267990112, 118.151268005, 156.684921265], [814.985351562, 304.823638916, 809.219482422, 358.657531738, 515.192382812, 492.8671875, 264.860931396, 123.244987488, 69.8984680176, -4.29883432388, 150.036346436, 59.8721008301, 63.0321273804], [823.892822266, 193.578018188, 566.863952637, 349.825012207, 387.633605957, 264.860931396, 390.907775879, 149.894958496, 73.6607131958, 89.208152771, 60.3104515076, 70.9258804321, 129.60736084], [306.128845215, 106.6798172, 227.496780396, 142.721084595, 164.649200439, 123.244987488, 149.894958496, 147.75970459, 68.8770065308, 24.7717628479, 24.130865097, 3.77028131485, 38.5758781433], [108.45715332, 56.1944313049, 131.028793335, 77.4111785889, 96.9336700439, 69.8984680176, 73.6607131958, 68.8770065308, 107.494659424, 39.3749275208, 38.4453468323, 17.3638210297, 19.9120903015], [160.716262817, -23.4559078217, 46.8416862488, 68.0876693726, 33.7678451538, -4.29883432388, 89.208152771, 24.7717628479, 39.3749275208, 140.887496948, 32.6164131165, 48.7870750427, 54.2040596008], [203.765869141, 122.316764832, 296.553466797, 102.346939087, 174.267990112, 150.036346436, 60.3104515076, 24.130865097, 38.4453468323, 32.6164131165, 141.105651855, 66.8903808594, 18.6627559662], [277.175750732, -2.64399433136, 180.554336548, 105.190597534, 118.151268005, 59.8721008301, 70.9258804321, 3.77028131485, 17.3638210297, 48.7870750427, 66.8903808594, 127.260513306, 65.298789978], [371.91317749, 8.62338256836, 196.415634155, 150.900268555, 156.684921265, 63.0321273804, 129.60736084, 38.5758781433, 19.9120903015, 54.2040596008, 18.6627559662, 65.298789978, 129.535766602]],
        "icov": [[0.00071797153214, 0.000417903851485, -5.16496074852e-05, -0.00112444837578, -0.000397799914936, -8.35550381453e-05, -0.000245411763899, -0.000198252149858, 0.000616692763288, -0.000105272862129, 0.000185805474757, -0.000225405980018, 0.000161546267918], [0.000417903851485, 0.00242425012402, 0.000182873525773, -0.00109303626232, -0.000971727597062, 3.0627961678e-05, -0.00086084799841, -0.000258630578173, 0.000468439800898, 0.000672644935548, -0.00171076122206, 0.00121695059352, 0.00101314985659], [-5.16496074852e-05, 0.000182873525773, 0.00332659645937, -0.00161951186601, -0.00125762785319, -0.00202342658304, -0.00085236504674, 0.000437203008914, 0.000279380852589, 0.000843209971208, -0.00222684349865, 7.85289885243e-05, 9.25121275941e-05], [-0.00112444837578, -0.00109303626232, -0.00161951186601, 0.00703358603641, -0.00109817204066, 0.000884689274244, 4.815651846e-05, -0.000218529326958, -0.000987594597973, -0.00113920704462, 0.00227739033289, -0.000681805016939, -0.000877940154169], [-0.000397799914936, -0.000971727597062, -0.00125762785319, -0.00109817204066, 0.00744610419497, -0.002525575459, -0.000470898667118, 7.77167006163e-05, -0.0011464037234, 0.00149235862773, -0.000980618642643, -0.00021910337091, -0.00313321501017], [-8.35550381453e-05, 3.0627961678e-05, -0.00202342658304, 0.000884689274244, -0.002525575459, 0.00972354598343, -0.00236449204385, -0.000719914271031, -0.000214716084884, 0.00255954428576, -0.0038994664792, 0.00154086505063, 0.0019260358531], [-0.000245411763899, -0.00086084799841, -0.00085236504674, 4.815651846e-05, -0.000470898667118, -0.00236449204385, 0.010138342157, -0.00481128739193, 0.000761048111599, -0.00471600564197, 0.0043230401352, -0.00122938805725, -0.00313940946944], [-0.000198252149858, -0.000258630578173, 0.000437203008914, -0.000218529326958, 7.77167006163e-05, -0.000719914271031, -0.00481128739193, 0.0154409864917, -0.00724083324894, 0.00155280914623, 5.31046389369e-05, 0.00306845013984, -0.000441197014879], [0.000616692763288, 0.000468439800898, 0.000279380852589, -0.000987594597973, -0.0011464037234, -0.000214716084884, 0.000761048111599, -0.00724083324894, 0.0159793961793, -0.00353965209797, -0.00217200443149, -0.00030877374229, 0.00130449328572], [-0.000105272862129, 0.000672644935548, 0.000843209971208, -0.00113920704462, 0.00149235862773, 0.00255954428576, -0.00471600564197, 0.00155280914623, -0.00353965209797, 0.0134783852845, -0.00586124975234, -0.000291791802738, -0.00259277573787], [0.000185805474757, -0.00171076122206, -0.00222684349865, 0.00227739033289, -0.000980618642643, -0.0038994664792, 0.0043230401352, 5.31046389369e-05, -0.00217200443149, -0.00586124975234, 0.0204852409661, -0.00874001067132, 0.00328731094487], [-0.000225405980018, 0.00121695059352, 7.85289885243e-05, -0.000681805016939, -0.00021910337091, 0.00154086505063, -0.00122938805725, 0.00306845013984, -0.00030877374229, -0.000291791802738, -0.00874001067132, 0.0166769418865, -0.00590519187972], [0.000161546267918, 0.00101314985659, 9.25121275941e-05, -0.000877940154169, -0.00313321501017, 0.0019260358531, -0.00313940946944, -0.000441197014879, 0.00130449328572, -0.00259277573787, 0.00328731094487, -0.00590519187972, 0.0175838973373]]
    },
    "spectral_contrast_coeffs": {
        "max": [-0.492685347795, -0.478777825832, -0.523560404778, -0.565545558929, -0.626900911331, -0.630963385105],
        "mean": [-0.750811159611, -0.780691564083, -0.755555450916, -0.789242863655, -0.787060558796, -0.782050848007],
        "min": [-0.908374965191, -0.929537832737, -0.905817747116, -0.898593902588, -0.87381529808, -0.857293963432],
        "stdev": [0.0678819045424, 0.0685155689716, 0.0703468248248, 0.058874424547, 0.0511309802532, 0.0384721681476]
    },
    "spectral_contrast_valleys": {
        "max": [-5.5736541748, -5.61042022705, -5.82831048965, -6.10252285004, -6.12567186356, -7.92562675476],
        "mean": [-8.55769729614, -7.31707000732, -7.06334781647, -7.21971321106, -7.35149621964, -9.83997440338],
        "min": [-12.3147659302, -8.96457290649, -8.56388950348, -8.37156486511, -8.86486339569, -11.6357717514],
        "stdev": [1.7750723362, 0.576498329639, 0.41963365674, 0.389362692833, 0.537108719349, 0.901055335999]
    }
},
"rhythm": {
    "beats_count": 42,
    "beats_loudness": {
        "max": 0.0554592385888,
        "mean": 0.0236084591597,
        "min": 0.000806745723821,
        "stdev": 0.0159369446337
    },
    "bpm": 129.758102417,
    "bpm_histogram_first_peak_bpm": 129,
    "bpm_histogram_first_peak_weight": 0.250000059605,
    "bpm_histogram_second_peak_bpm": 117,
    "bpm_histogram_second_peak_spread": 0.222222208977,
    "bpm_histogram_second_peak_weight": 0.170731708407,
    "danceability": 0.927359640598,
    "onset_rate": 3.29694962502,
    "beats_loudness_band_ratio": {
        "max": [0.835982561111, 0.0921005904675, 0.587414205074, 0.879107296467, 0.629466593266, 0.333037883043],
        "mean": [0.347328573465, 0.0145026035607, 0.163081601262, 0.264712542295, 0.138989910483, 0.0995657294989],
        "min": [1.17539884741e-05, 7.94741863501e-05, 0.00910659413785, 0.0246748067439, 0.0137491412461, 0.0160708520561],
        "stdev": [0.324042469263, 0.0199181642383, 0.173353254795, 0.193905621767, 0.129839017987, 0.0722580999136]
    },
    "beats_position": [0.46439909935, 0.9287981987, 1.39319729805, 1.8575963974, 2.32199549675, 2.7863945961, 3.23918366432, 3.69197273254, 4.15637159348, 4.62077093124, 5.07355976105, 5.52634906769, 5.99074840546, 6.46675729752, 6.91954612732, 7.38394546509, 7.84834432602, 8.31274318695, 8.77714252472, 9.24154186249, 9.70594120026, 10.1703395844, 10.6347389221, 11.0991382599, 11.5635375977, 12.0743761063, 12.5852155685, 13.0960540771, 13.6068935394, 14.1293420792, 14.6517915726, 15.1626300812, 15.6734695435, 16.1843090057, 16.7880268097, 17.4033565521, 18.0186843872, 18.6456241608, 19.2609519958, 19.8762817383, 20.4916095734, 21.1069393158],
