{
"metadata": {
    "version": {
        "essentia": "2.1-beta5",
        "essentia_git_sha": "Undefined",
        "extractor": "music 2.0"
    },
    "audio_properties": {
        "analysis": {
            "equal_loudness": 0,
            "length": 12.7477550507,
            "sample_rate": 44100,
            "start_time": 0,
            "downmix": "mix"
        },
        "bit_rate": 192000,
        "length": 183.809173584,
        "lossless": 0,
        "number_channels": 2,
        "replay_gain": 11.4267368317,
        "sample_rate": 48000,
        "codec": "mp3",
        "md5_encoded": "e5a4b6b7c192d004e9d99d8f9ed94be6"
    },
    "tags": {
        "file_name": "Slovenia_Vrag Naj Vzame_Rebeka Dremelj.mp3",
        "encoding": ["Lavf58.29.100"]
    }
},
"lowlevel": {
    "average_loudness": 0.793534994125,
    "barkbands_crest": {
        "max": 22.9786300659,
        "mean": 11.2260541916,
        "min": 2.93107414246,
        "stdev": 4.96070146561
    },
    "barkbands_flatness_db": {
        "max": 0.340062826872,
        "mean": 0.198346972466,
        "min": 0.045417137444,
        "stdev": 0.052496869117
    },
    "barkbands_kurtosis": {
        "max": 30.4831008911,
        "mean": 2.8974404335,
        "min": -1.4909722805,
        "stdev": 4.27438116074
    },
    "barkbands_skewness": {
        "max": 4.6786365509,
        "mean": 1.39346623421,
        "min": -2.00716972351,
        "stdev": 0.90475332737
    },
    "barkbands_spread": {
        "max": 68.506072998,
        "mean": 11.3741054535,
        "min": 1.64724612236,
        "stdev": 6.68009090424
    },
    "dissonance": {
        "max": 0.499982714653,
        "mean": 0.475013941526,
        "min": 0.375880092382,
        "stdev": 0.0221987962723
    },
    "dynamic_complexity": 2.65370082855,
    "erbbands_crest": {
        "max": 28.1767845154,
        "mean": 10.6527252197,
        "min": 2.87356901169,
        "stdev": 5.15209102631
    },
    "erbbands_flatness_db": {
        "max": 0.406884491444,
        "mean": 0.267810761929,
        "min": 0.0985830128193,
        "stdev": 0.0617535412312
    },
    "erbbands_kurtosis": {
        "max": 21.4855899811,
        "mean": 1.22645545006,
        "min": -1.39477682114,
        "stdev": 2.80476117134
    },
    "erbbands_skewness": {
        "max": 4.2038769722,
        "mean": 0.8658618927,
        "min": -1.26240098476,
        "stdev": 0.839646935463
    },
    "erbbands_spread": {
        "max": 58.5065917969,
        "mean": 18.7268180847,
        "min": 3.83582162857,
        "stdev": 7.830930233
    },
    "hfc": {
        "max": 108.54788208,
        "mean": 18.6637458801,
        "min": 4.82119958178e-06,
        "stdev": 15.4607582092
    },
    "loudness_ebu128": {
        "integrated": -31.8583583832,
        "loudness_range": 7.71566963196,
        "momentary": {
            "max": -27.2941741943,
            "mean": -32.9793930054,
            "min": -37.3232727051,
            "stdev": 3.06394577026
        },
        "short_term": {
            "max": -28.3827762604,
            "mean": -32.7356910706,
            "min": -36.4629821777,
            "stdev": 2.95693016052
        }
    },
    "melbands_crest": {
        "max": 30.6191749573,
        "mean": 13.6515483856,
        "min": 2.05240297318,
        "stdev": 5.56167173386
    },
    "melbands_flatness_db": {
        "max": 0.330566316843,
        "mean": 0.199363589287,
        "min": 0.0085275946185,
        "stdev": 0.0442788042128
    },
    "melbands_kurtosis": {
        "max": 53.2174530029,
        "mean": 6.6261715889,
        "min": -1.40954089165,
        "stdev": 7.15973377228
    },
    "melbands_skewness": {
        "max": 5.70285606384,
        "mean": 1.95821666718,
        "min": -0.423258930445,
        "stdev": 1.00051605701
    },
    "melbands_spread": {
        "max": 130.208892822,
        "mean": 16.2527618408,
        "min": 2.05353331566,
        "stdev": 12.2180557251
    },
    "pitch_salience": {
        "max": 0.869631528854,
        "mean": 0.630861878395,
        "min": 0.246375024319,
        "stdev": 0.115578323603
    },
    "silence_rate_20dB": {
        "max": 1,
        "mean": 1,
        "min": 1,
        "stdev": 0
    },
    "silence_rate_30dB": {
        "max": 1,
        "mean": 1,
        "min": 1,
        "stdev": 0
    },
    "silence_rate_60dB": {
        "max": 1,
        "mean": 0.0109090907499,
        "min": 0,
        "stdev": 0.103875569999
    },
    "spectral_centroid": {
        "max": 11021.7285156,
        "mean": 1271.96447754,
        "min": 545.904907227,
        "stdev": 576.002197266
    },
    "spectral_complexity": {
        "max": 41,
        "mean": 21.309091568,
        "min": 0,
        "stdev": 5.72355127335
    },
    "spectral_decrease": {
        "max": -1.3633695908e-17,
        "mean": -4.82766537857e-09,
        "min": -2.88058643605e-08,
        "stdev": 3.87139786895e-09
    },
    "spectral_energy": {
        "max": 0.117273278534,
        "mean": 0.0199135895818,
        "min": 4.8875342662e-10,
        "stdev": 0.0159296132624
    },
    "spectral_energyband_high": {
        "max": 0.00158070935868,
        "mean": 0.000139843512443,
        "min": 3.61978419461e-10,
        "stdev": 0.000131806693389
    },
    "spectral_energyband_low": {
        "max": 0.00943600293249,
        "mean": 0.000518931890838,
        "min": 4.33068294767e-12,
        "stdev": 0.000905839144252
    },
    "spectral_energyband_middle_high": {
        "max": 0.0523797683418,
        "mean": 0.00723814731464,
        "min": 1.03482895863e-10,
        "stdev": 0.00754867261276
    },
    "spectral_energyband_middle_low": {
        "max": 0.106398381293,
        "mean": 0.0132050700486,
        "min": 1.46774883913e-11,
        "stdev": 0.0128973396495
    },
    "spectral_entropy": {
        "max": 9.80180931091,
        "mean": 7.49670171738,
        "min": 6.7268705368,
        "stdev": 0.262230604887
    },
    "spectral_flux": {
        "max": 0.207356348634,
        "mean": 0.0735148116946,
        "min": 2.2107768018e-05,
        "stdev": 0.0312397573143
    },
    "spectral_kurtosis": {
        "max": 16.6251106262,
        "mean": 6.52184247971,
        "min": -1.19585824013,
        "stdev": 2.63007831573
    },
    "spectral_rms": {
        "max": 0.0106963990256,
        "mean": 0.00412864098325,
        "min": 6.9053066909e-07,
        "stdev": 0.00154345179908
    },
    "spectral_rolloff": {
        "max": 17032.7636719,
        "mean": 1540.32849121,
        "min": 430.6640625,
        "stdev": 1281.91052246
    },
    "spectral_skewness": {
        "max": 3.07088971138,
        "mean": 1.82636034489,
        "min": 0.0102185113356,
        "stdev": 0.318814605474
    },
    "spectral_spread": {
        "max": 39910332,
        "mean": 3020622.25,
        "min": 1936896.625,
        "stdev": 1760005
    },
    "spectral_strongpeak": {
        "max": 9.63916301727,
        "mean": 1.65353798866,
        "min": 0,
        "stdev": 1.43408811092
    },
    "zerocrossingrate": {
        "max": 0.83544921875,
        "mean": 0.0555868260562,
        "min": 0.01513671875,
        "stdev": 0.0507730506361
    },
    "barkbands": {
        "max": [0.00201576249674, 0.00292619597167, 0.00455680582672, 0.00900862645358, 0.00812807958573, 0.0195712894201, 0.00607425207272, 0.00917425472289, 0.0767227858305, 0.0588629320264, 0.0122869638726, 0.00401612976566, 0.0133814364672, 0.0116824572906, 0.0121621889994, 0.00536989700049, 0.00979970488697, 0.00256596179679, 0.00141689751763, 0.000545779010281, 0.000283508328721, 0.000242758891545, 0.000447142694611, 0.00041768126539, 0.00025531873689, 4.19654384132e-07, 2.81536614466e-07],
        "mean": [2.48927208304e-05, 0.000253739621257, 8.32057194202e-05, 0.000483517913381, 0.000649628811516, 0.000945353705902, 0.000376163137844, 0.000728718936443, 0.00793853122741, 0.00332768005319, 0.000821474473923, 0.000505571719259, 0.00106549903285, 0.000737056834623, 0.000571891549043, 0.000467314879643, 0.000388535088859, 0.00023251712264, 0.000139061405207, 6.25801403658e-05, 4.18068375438e-05, 2.85438782157e-05, 2.04322623176e-05, 1.29253603518e-05, 6.95038033882e-06, 1.20451177921e-08, 3.72764530354e-09],
        "min": [5.53423452898e-12, 1.01055329469e-12, 3.03072860862e-14, 1.00557420463e-12, 1.65426331487e-12, 2.87144900956e-13, 1.18539943486e-12, 2.64412320164e-12, 5.23539891994e-12, 6.78475288104e-12, 5.57520045755e-12, 6.77409300529e-12, 5.20798335013e-12, 4.86005246464e-12, 1.04184386812e-11, 1.38300794428e-11, 1.68214053797e-11, 1.27104073794e-11, 1.28146816075e-11, 1.14735079076e-11, 1.50175583774e-11, 1.93516799807e-11, 3.92027244001e-11, 3.57895206526e-11, 3.91164010904e-11, 9.86354539712e-11, 1.14136984586e-10],
        "stdev": [0.000154040229972, 0.00044232228538, 0.000231360725593, 0.00105238938704, 0.00115970487241, 0.00209217588417, 0.000733885040972, 0.000929182220716, 0.00997600331903, 0.00737044913694, 0.00105839234311, 0.00052467972273, 0.00138744886499, 0.000843623129185, 0.000762693700381, 0.000569568539504, 0.000623098690994, 0.000256623141468, 0.00011826390255, 4.77725516248e-05, 3.48013054463e-05, 2.59655880654e-05, 2.71490080195e-05, 2.27159398491e-05, 1.5106360479e-05, 2.96488256168e-08, 1.19150795896e-08]
    },
    "erbbands": {
        "max": [0.0397630818188, 0.892510294914, 4.86101961136, 14.4627742767, 33.8658790588, 33.9614448547, 75.4125900269, 175.006408691, 105.514732361, 80.5766220093, 256.705444336, 1474.83178711, 2391.12866211, 379.631469727, 331.413299561, 251.965805054, 669.19342041, 447.385437012, 755.784423828, 402.79876709, 329.794494629, 524.438842773, 203.497650146, 99.301902771, 53.1415596008, 23.9189167023, 21.1294403076, 8.62773036957, 10.0657119751, 12.4734477997, 13.4301023483, 9.35044384003, 6.09693479538, 3.75194978714, 1.30091023445, 0.0484034754336, 0.00152006011922, 0.000179163587745, 6.14820237388e-05, 0.000136973860208],
        "mean": [0.00363901397213, 0.0678409337997, 0.126659750938, 0.806277155876, 1.78192567825, 2.26765966415, 5.15527582169, 9.00238132477, 5.68826675415, 8.22277545929, 23.5238380432, 156.537719727, 205.958557129, 48.5107841492, 30.5301952362, 21.3346176147, 41.7951927185, 48.4126052856, 35.1174926758, 25.307762146, 25.3406467438, 21.3839168549, 13.9582567215, 9.5948972702, 5.28688430786, 2.90683794022, 2.05342555046, 1.44725382328, 1.06203269958, 0.809816122055, 0.532218635082, 0.328024864197, 0.184661373496, 0.0994617417455, 0.038035556674, 0.00208921101876, 7.39531751606e-05, 9.98776158667e-06, 1.21627144836e-05, 2.40083172685e-05],
        "min": [7.428205967e-11, 1.16279999518e-10, 1.71878816735e-10, 2.32648811327e-09, 3.70307295938e-09, 4.19609813562e-09, 3.94201382647e-09, 3.17770476599e-09, 1.57173065674e-08, 2.36951258614e-08, 5.24520835654e-08, 1.08493026119e-07, 1.78741757395e-07, 2.73154086017e-07, 2.37139332171e-07, 2.77749165889e-07, 2.27332463965e-07, 2.4419057354e-07, 3.61307286312e-07, 7.37395339456e-07, 8.99381291219e-07, 8.41591656808e-07, 5.7156995581e-07, 6.64609842715e-07, 8.27513417789e-07, 5.69399617234e-07, 5.35168851457e-07, 6.92891887866e-07, 6.0190336626e-07, 8.19502304239e-07, 9.85260157904e-07, 9.20171487451e-07, 5.1460136774e-07, 3.28256618332e-07, 3.65218113529e-07, 2.75090940249e-07, 2.1203857159e-07, 7.53836246759e-08, 2.12441673142e-08, 1.21784782259e-09],
        "stdev": [0.00704086571932, 0.118999473751, 0.271214872599, 1.73795032501, 3.54745054245, 4.52941322327, 11.2402572632, 19.7575626373, 12.3171653748, 8.80569458008, 28.0581970215, 200.226119995, 347.677398682, 56.6154060364, 32.3567771912, 22.1309967041, 54.2567405701, 51.3712692261, 44.6399497986, 31.0434856415, 32.9042129517, 34.0483589172, 16.2959957123, 8.7715511322, 4.19763755798, 2.22252488136, 1.89559698105, 1.16322076321, 0.984408199787, 0.867950618267, 0.776376903057, 0.521586954594, 0.342126429081, 0.225620940328, 0.0802260860801, 0.00341127300635, 0.00010816095164, 1.20034883366e-05, 9.01649218576e-06, 1.89307520486e-05]
    },
    "gfcc": {
        "mean": [-64.9457550049, 82.7615814209, -210.885986328, -5.02376651764, -85.7490768433, 11.3553466797, -35.9911193848, 10.3448820114, -10.5401268005, -13.5018720627, -9.02403926849, -20.0317840576, 3.52165317535],
        "cov": [[4199.91845703, 1377.73901367, -126.274093628, 244.123352051, -31.9343585968, 13.9143247604, -137.869613647, -104.786659241, -13.3667001724, -63.6468734741, 87.4635772705, -85.8442687988, 100.706878662], [1377.73901367, 2830.984375, 1987.06970215, 1351.5703125, 803.148254395, -56.1406021118, -244.652633667, -444.989807129, -263.69140625, -13.0539865494, 210.116088867, 101.509300232, 115.34387207], [-126.274093628, 1987.06970215, 1932.74133301, 1203.5748291, 727.121704102, -5.69661283493, -210.365402222, -340.172180176, -262.544555664, 26.0371608734, 142.516281128, 137.808807373, 69.8765106201], [244.123352051, 1351.5703125, 1203.5748291, 905.347961426, 487.48348999, 7.54463911057, -175.771652222, -225.128890991, -185.240737915, 3.41300773621, 87.6668167114, 79.9626159668, 34.4670982361], [-31.9343585968, 803.148254395, 727.121704102, 487.48348999, 356.560058594, 14.0726881027, -70.1904907227, -129.29675293, -95.365524292, -6.9449005127, 45.4567947388, 47.898853302, 32.1925811768], [13.9143247604, -56.1406021118, -5.69661283493, 7.54463911057, 14.0726881027, 76.7184371948, 36.3106956482, 24.7231674194, 0.988896489143, -4.46249341965, -18.1438350677, -13.0349473953, -4.24376153946], [-137.869613647, -244.652633667, -210.365402222, -175.771652222, -70.1904907227, 36.3106956482, 142.395584106, 77.4358215332, 48.0833854675, -26.8898086548, -42.6676673889, -47.6706466675, -8.29075145721], [-104.786659241, -444.989807129, -340.172180176, -225.128890991, -129.29675293, 24.7231674194, 77.4358215332, 124.687240601, 65.0064926147, -8.06351184845, -42.9300079346, -28.8546905518, -15.7803182602], [-13.3667001724, -263.69140625, -262.544555664, -185.240737915, -95.365524292, 0.988896489143, 48.0833854675, 65.0064926147, 85.349861145, 7.12032318115, -12.3271379471, -19.5064353943, -6.17021226883], [-63.6468734741, -13.0539865494, 26.0371608734, 3.41300773621, -6.9449005127, -4.46249341965, -26.8898086548, -8.06351184845, 7.12032318115, 62.1614456177, 36.7705116272, 25.7126064301, 0.137531578541], [87.4635772705, 210.116088867, 142.516281128, 87.6668167114, 45.4567947388, -18.1438350677, -42.6676673889, -42.9300079346, -12.3271379471, 36.7705116272, 72.1096954346, 44.6704902649, 12.5149011612], [-85.8442687988, 101.509300232, 137.808807373, 79.9626159668, 47.898853302, -13.0349473953, -47.6706466675, -28.8546905518, -19.5064353943, 25.7126064301, 44.6704902649, 69.5041427612, 20.4885597229], [100.706878662, 115.34387207, 69.8765106201, 34.4670982361, 32.1925811768, -4.24376153946, -8.29075145721, -15.7803182602, -6.17021226883, 0.137531578541, 12.5149011612, 20.4885597229, 40.6616744995]],
        "icov": [[0.00188021722715, -0.00435272185132, 0.00349883921444, -0.000395357172238, 0.00325838755816, -0.0040973671712, 0.0034560742788, -0.00346062728204, 0.00130431097932, -0.000473372609122, 0.00150574860163, 0.000292640877888, -0.00204414781183], [-0.00435272185132, 0.0137038091198, -0.00946852471679, -0.00153397512622, -0.00834875740111, 0.0107962656766, -0.00842339918017, 0.0113877104595, -0.00485583441332, 0.0048748170957, -0.0113300653175, 0.00611998140812, -0.000432322063716], [0.00349883921444, -0.00946852471679, 0.0118728578091, -0.00384897808544, 0.00291718216613, -0.00650339666754, 0.00370324333198, -0.00539370952174, 0.00509582506493, -0.0051604625769, 0.00645914673805, -0.00397681212053, -0.0024671445135], [-0.000395357172238, -0.00153397512622, -0.00384897808544, 0.0115658612922, -0.00419878819957, -0.00259631779045, 0.00531211029738, -0.00349238701165, 0.0038146735169, 0.000446309306426, 0.00173964793794, -0.00117249111645, 0.00555487396196], [0.00325838755816, -0.00834875740111, 0.00291718216613, -0.00419878819957, 0.0214135684073, -0.0101677980274, 0.00415978347883, -0.00357627030462, -0.00143034860957, 0.00176174682565, 0.00577512942255, -0.00341867585666, -0.00467369891703], [-0.0040973671712, 0.0107962656766, -0.00650339666754, -0.00259631779045, -0.0101677980274, 0.0278122331947, -0.0133023792878, 0.0047771288082, -0.000280820822809, -0.00262130051851, -0.00236011925153, 0.00171115505509, 0.0028240729589], [0.0034560742788, -0.00842339918017, 0.00370324333198, 0.00531211029738, 0.00415978347883, -0.0133023792878, 0.0243740398437, -0.0144501244649, 0.000690216256771, 0.00464820303023, -0.000292837386951, 0.00861378386617, -0.00501307705417], [-0.00346062728204, 0.0113877104595, -0.00539370952174, -0.00349238701165, -0.00357627030462, 0.0047771288082, -0.0144501244649, 0.0359124280512, -0.0135605875403, 0.0023968142923, 0.000423094839789, -0.00350278522819, 0.00238683144562], [0.00130431097932, -0.00485583441332, 0.00509582506493, 0.0038146735169, -0.00143034860957, -0.000280820822809, 0.000690216256771, -0.0135605875403, 0.0300910249352, -0.00736415898427, -0.00134357309435, 0.00253205373883, -0.00173670274671], [-0.000473372609122, 0.0048748170957, -0.0051604625769, 0.000446309306426, 0.00176174682565, -0.00262130051851, 0.00464820303023, 0.0023968142923, -0.00736415898427, 0.0333808064461, -0.022771589458, 0.00490224640816, -0.000648304470815], [0.00150574860163, -0.0113300653175, 0.00645914673805, 0.00173964793794, 0.00577512942255, -0.00236011925153, -0.000292837386951, 0.000423094839789, -0.00134357309435, -0.022771589458, 0.0548794008791, -0.0309289209545, 0.00968843884766], [0.000292640877888, 0.00611998140812, -0.00397681212053, -0.00117249111645, -0.00341867585666, 0.00171115505509, 0.00861378386617, -0.00350278522819, 0.00253205373883, 0.00490224640816, -0.0309289209545, 0.0470862202346, -0.0208138283342], [-0.00204414781183, -0.000432322063716, -0.0024671445135, 0.00555487396196, -0.00467369891703, 0.0028240729589, -0.00501307705417, 0.00238683144562, -0.00173670274671, -0.000648304470815, 0.00968843884766, -0.0208138283342, 0.0415569506586]]
    },
    "melbands": {
        "max": [0.000553454970941, 0.0021142042242, 0.00327406032011, 0.00222872453742, 0.00236381962895, 0.00387630448677, 0.00139854557347, 0.000881381740328, 0.00241526472382, 0.0106242466718, 0.0118272788823, 0.0014888754813, 0.00167026475538, 0.000393204507418, 0.00145389942918, 0.00166235410143, 0.000913925934583, 0.00128661794588, 0.000820343499072, 0.000377137388568, 0.000380988087272, 0.000588635040913, 0.000331868039211, 0.000110301501991, 7.7910219261e-05, 4.17553783336e-05, 2.55616942013e-05, 2.02654082386e-05, 1.74714823515e-05, 6.02554018769e-06, 5.13864733875e-06, 5.33646561962e-06, 7.1895160545e-06, 6.47911792839e-06, 8.12457255961e-06, 6.29264832241e-06, 5.70763722862e-06, 4.85608825329e-06, 3.53469249603e-06, 3.52942674908e-06],
        "mean": [5.58817300771e-05, 8.28942065709e-05, 0.000178745234734, 0.000142995559145, 0.000167497564689, 0.000188616861124, 8.07386459201e-05, 9.85567821772e-05, 0.000209355537663, 0.00117742142174, 0.00102692109067, 0.000184064148925, 0.000108947235276, 6.24672102276e-05, 5.50813820155e-05, 0.000119855256344, 8.27578624012e-05, 5.70166521356e-05, 3.73919901904e-05, 3.28510541294e-05, 2.86349659291e-05, 2.3357803002e-05, 1.55047637236e-05, 1.06725583464e-05, 7.57941279517e-06, 4.60113915324e-06, 2.698541266e-06, 1.72986358393e-06, 1.38747554956e-06, 9.63190814218e-07, 7.94482446054e-07, 6.14438818047e-07, 5.04218860442e-07, 4.32193473898e-07, 3.18195162663e-07, 2.42092255576e-07, 1.84113986279e-07, 1.35415177738e-07, 1.02355336651e-07, 7.78443052241e-08],
        "min": [7.45984328997e-13, 1.46345446612e-13, 4.35140286434e-13, 3.51296465875e-13, 1.32984050746e-13, 5.70073231242e-14, 2.20803491593e-13, 2.79336151649e-13, 3.50373159305e-13, 8.16807396459e-13, 9.08460589741e-13, 1.09066109009e-12, 7.47918274622e-13, 6.77342459465e-13, 7.17430672162e-13, 4.69924283947e-13, 4.41939128522e-13, 5.13479070461e-13, 9.33436054146e-13, 9.44628273172e-13, 1.11595465941e-12, 1.10328066127e-12, 2.52462628711e-13, 7.57894235651e-13, 4.89769899983e-13, 5.59797108841e-13, 5.55159108788e-13, 3.168633975e-13, 2.54167428207e-13, 3.8995602537e-13, 4.34568017422e-13, 3.72282662597e-13, 3.25863630784e-13, 5.28318111915e-13, 4.98868741455e-13, 6.99349757792e-13, 5.72912973573e-13, 4.03601116286e-13, 2.67646581981e-13, 2.67330672573e-13],
        "stdev": [9.94348083623e-05, 0.000149672938278, 0.000373215152649, 0.000265723414486, 0.000345123873558, 0.00041806025547, 0.000167861930095, 0.000109304179205, 0.000262462388491, 0.00150743930135, 0.00173799577169, 0.000227380631259, 0.000136728165671, 6.1631668359e-05, 8.09677731013e-05, 0.000154567940626, 9.06470304471e-05, 7.47721496737e-05, 5.28464661329e-05, 3.71898604499e-05, 3.98863448936e-05, 3.85999264836e-05, 2.2357533453e-05, 1.19315127449e-05, 7.24052961232e-06, 3.72153431272e-06, 2.24240261559e-06, 1.48310903114e-06, 1.42030012285e-06, 7.95675134668e-07, 6.84235089921e-07, 5.81828771828e-07, 5.37924677246e-07, 4.86357123464e-07, 4.80093092392e-07, 3.7127114183e-07, 3.09708639179e-07, 2.54065867011e-07, 2.27110163564e-07, 1.88926321698e-07]
    },
    "melbands128": {
        "max": [0.000775041524321, 0.000363760598702, 0.000932571711019, 0.00183582480531, 0.00254504196346, 0.00213413219899, 0.00247745681554, 0.00524930190295, 0.00332392845303, 0.00192999723367, 0.00246089557186, 0.00140692549758, 0.00278299069032, 0.00781300198287, 0.00579588860273, 0.00169282977004, 0.00222194218077, 0.00254505337216, 0.000901906809304, 0.00124587421305, 0.00103672361001, 0.00336770201102, 0.00296810897999, 0.00618779938668, 0.0134125920013, 0.0180582236499, 0.0255420953035, 0.0224598459899, 0.00760024413466, 0.00108466763049, 0.00259561417624, 0.0030979195144, 0.00254232832231, 0.000913899450097, 0.00079502974404, 0.000599312013946, 0.000692057306878, 0.00114608276635, 0.00227853702381, 0.00257448200136, 0.00369334337302, 0.00157653423958, 0.000733250344638, 0.0013828627998, 0.00122402410489, 0.00148015888408, 0.00103773770388, 0.000932562921662, 0.000783641589805, 0.000425921374699, 0.000358428922482, 0.000398050033255, 0.000319320562994, 0.000353704759618, 0.000631210510619, 0.000581062689889, 0.00061137333978, 0.000506311189383, 0.000152898355736, 0.000142153410707, 0.000119510586956, 0.00010930057033, 9.17714132811e-05, 8.48523341119e-05, 4.37952148786e-05, 3.28997957695e-05, 5.79521947657e-05, 3.89642555092e-05, 1.95099437406e-05, 1.58517759701e-05, 2.19325538637e-05, 3.4532542486e-05, 2.65577673417e-05, 1.57500853675e-05, 1.16799510579e-05, 6.04757906331e-06, 4.37346852777e-06, 6.62461843604e-06, 6.5950480348e-06, 4.48873743153e-06, 6.18464764557e-06, 5.73763782086e-06, 9.69380380411e-06, 1.07699215732e-05, 6.4930723056e-06, 8.1092284745e-06, 5.99345821684e-06, 5.48489060748e-06, 1.1284420907e-05, 6.63859145789e-06, 9.22170875128e-06, 3.62587456948e-06, 6.98652911524e-06, 3.22442383549e-06, 8.21619505587e-06, 6.57369355395e-06, 3.77420838049e-06, 2.34698859458e-06, 4.67140534965e-06, 3.93354912376e-06, 3.27691168422e-06, 4.29919919043e-06, 2.79078722087e-06, 3.32055719809e-06, 1.57000192758e-06, 6.72468217999e-07, 9.04606025642e-08, 1.76262631157e-08, 1.9544508234e-09, 1.82821680017e-09, 1.79146553148e-09, 1.71722869258e-09, 1.62559699035e-09, 1.55008050839e-09, 1.47217493751e-09, 1.43008760389e-09, 1.39558176127e-09, 1.29993082965e-09, 1.20776411094e-09, 1.20007404014e-09, 1.17625698071e-09, 1.19716403457e-09, 1.19708964963e-09, 1.17225185114e-09, 1.16595477717e-09, 1.12318332413e-09, 1.09875619714e-09, 1.0888123736e-09],
        "mean": [1.30446214825e-05, 1.32000941448e-05, 7.68720419728e-05, 0.000131230699481, 7.20283205737e-05, 4.20035830757e-05, 0.000135664406116, 0.000283853092697, 0.000153998975293, 0.000143462515553, 0.000116948336654, 0.000122412791825, 0.0001682449074, 0.000223924493184, 0.000295524252579, 8.69332288858e-05, 6.88247746439e-05, 0.000107007683255, 5.41782937944e-05, 8.44818569021e-05, 0.000123433463159, 0.000126809201902, 0.000192875872017, 0.00027946793125, 0.000706569117028, 0.00184347736649, 0.00171568931546, 0.000986321247183, 0.000397515221266, 0.000163240998518, 0.000137565672048, 0.000133931491291, 0.00011529699259, 8.84383844095e-05, 6.81733727106e-05, 5.54589569219e-05, 5.02511575178e-05, 4.72624997201e-05, 6.08739937888e-05, 8.78842693055e-05, 0.00015504041221, 0.000136338843731, 8.04986557341e-05, 5.75856174692e-05, 5.17727930855e-05, 6.62671445752e-05, 5.2237221098e-05, 3.57234785042e-05, 3.10153409373e-05, 3.29173744831e-05, 3.39256657753e-05, 3.18760830851e-05, 3.05718458549e-05, 2.61371969827e-05, 2.66980459855e-05, 2.37025233218e-05, 2.01111761271e-05, 1.810087997e-05, 1.31058914121e-05, 1.19074920804e-05, 1.09076818262e-05, 9.88870306173e-06, 7.62010085964e-06, 7.52978530727e-06, 6.35427340967e-06, 4.46270723842e-06, 3.56959230885e-06, 3.27602674588e-06, 2.42770283876e-06, 2.04034245144e-06, 1.71979456809e-06, 1.5564990008e-06, 1.61180605573e-06, 1.36232097248e-06, 1.14752413083e-06, 9.59845351645e-07, 8.9836908046e-07, 8.44787336973e-07, 8.15666510334e-07, 7.07188235083e-07, 6.32703404335e-07, 5.69688893393e-07, 5.66849621464e-07, 4.94370624438e-07, 4.62762443476e-07, 4.48199159564e-07, 4.37551818777e-07, 3.65386313206e-07, 3.14309971827e-07, 2.77001248605e-07, 2.72736599527e-07, 2.2341470185e-07, 2.08985667882e-07, 1.87254940442e-07, 1.70532757693e-07, 1.48905655806e-07, 1.28782289721e-07, 1.1116358678e-07, 1.0957185026e-07, 9.45363041183e-08, 8.18206160602e-08, 7.882968589e-08, 6.70080737564e-08, 6.31504804005e-08, 4.78446935404e-08, 3.07671896849e-08, 7.72471508981e-09, 4.68903804673e-10, 2.79214359966e-11, 1.96257697593e-11, 1.94959187683e-11, 1.95808941977e-11, 1.90739091188e-11, 1.83535027454e-11, 1.80350404749e-11, 1.79015170743e-11, 1.78780462656e-11, 1.78619636443e-11, 1.78137747608e-11, 1.75582066247e-11, 1.67372435356e-11, 1.72607084875e-11, 1.73971306111e-11, 1.66188590667e-11, 1.35709256333e-11, 7.77147790565e-12, 4.71768804577e-12, 4.26220213637e-12],
        "min": [2.21664960692e-12, 8.82358585069e-13, 2.94079945942e-13, 1.613350973e-13, 1.04210233108e-13, 8.96061840044e-15, 3.63152243736e-13, 4.86390983913e-13, 3.44803802481e-13, 3.19762554109e-13, 1.9176923504e-13, 1.20399594157e-13, 1.72868067517e-13, 5.57562283561e-14, 3.49577544646e-14, 5.41280548486e-14, 2.27361017383e-13, 2.8044480258e-13, 9.86500106864e-14, 6.38998741615e-14, 1.84331364192e-13, 6.48218566497e-13, 2.51907300358e-13, 8.90840068271e-14, 3.7869487819e-13, 3.54787732396e-13, 6.82263273655e-13, 7.33018734687e-13, 6.46281747736e-13, 1.34269602815e-12, 1.3116534768e-12, 5.9782463268e-13, 6.15058351472e-13, 9.5585084986e-13, 6.63177358081e-13, 4.44299084286e-13, 9.64270980772e-13, 8.30261586478e-13, 5.4568811492e-13, 3.40311248148e-13, 4.87209285503e-13, 6.41057844829e-13, 2.72035838951e-13, 5.02107632815e-13, 4.81892195418e-13, 5.54021997549e-13, 4.21793052959e-13, 9.54460794254e-13, 9.48525979982e-13, 5.05696938317e-13, 6.45530666681e-13, 1.20192972328e-12, 5.83449792386e-13, 4.88654689629e-13, 1.35210115673e-12, 1.39144620305e-12, 4.48670885601e-13, 2.00403712722e-13, 1.61103525268e-13, 3.39654628208e-13, 1.0090485305e-12, 9.06104293159e-13, 6.06625101714e-13, 3.92723641151e-13, 1.44570065554e-13, 6.19906198856e-13, 7.98723121063e-13, 6.10418887746e-13, 4.50574121199e-13, 5.41209492586e-13, 4.03027058341e-13, 1.54799242001e-13, 7.02421248337e-14, 2.64946403575e-13, 5.27707597672e-13, 3.04292940671e-13, 4.3251868558e-13, 3.38610541516e-13, 3.10952435675e-13, 7.38122616414e-13, 4.27970457467e-13, 2.53909035724e-13, 1.26315570417e-13, 4.64538075975e-13, 3.24985291499e-13, 3.89353805273e-13, 7.52792359698e-13, 4.95648986264e-13, 4.60551193536e-13, 3.59322868768e-13, 9.93611009442e-13, 7.92435398984e-13, 2.50583272665e-13, 5.42656685646e-13, 8.45347392347e-13, 5.3416960525e-13, 2.5563137219e-13, 2.36806559605e-13, 3.25588785533e-13, 2.17540259894e-13, 3.02380326724e-13, 2.25533174493e-13, 2.63216098223e-13, 4.32364376506e-13, 4.28468946521e-13, 4.51666888569e-13, 4.46650989848e-13, 4.73336105554e-13, 3.75444846653e-13, 4.76180781004e-13, 7.52452950208e-13, 4.53039054838e-13, 1.00404276906e-12, 6.0050494308e-13, 5.98445175793e-13, 5.494660716e-13, 4.97075200011e-13, 6.75144835871e-13, 6.01270986125e-13, 1.01799905311e-12, 5.33298503014e-13, 5.46176656419e-13, 5.27915927119e-13, 3.28035070895e-13, 2.09718825422e-13, 1.0138316239e-13, 6.49887511089e-15, 1.95288104671e-16],
        "stdev": [7.38727540011e-05, 3.82310718123e-05, 0.000156690584845, 0.000227728043683, 0.000153885674081, 0.00011744810763, 0.000316590594593, 0.000624188105576, 0.000339080783306, 0.000307006121147, 0.000277464248938, 0.000233496524743, 0.000419582880568, 0.000644094194286, 0.000667892920319, 0.000181930605322, 0.000222491042223, 0.000250354496529, 8.2809572632e-05, 0.000113374961074, 0.000163274380611, 0.000233774393564, 0.000317301222822, 0.000448143226095, 0.00120834156405, 0.00263692089356, 0.00275265634991, 0.00264658522792, 0.000972924812231, 0.000166807178175, 0.000205134565476, 0.000263386551524, 0.000198736699531, 0.000106792533188, 8.49452699185e-05, 7.1739203122e-05, 6.93170368322e-05, 7.62503041187e-05, 0.000118671596283, 0.00016692612553, 0.000256234110566, 0.000197943852982, 9.96381568257e-05, 8.58166240505e-05, 7.94523730292e-05, 0.000100347417174, 7.90648191469e-05, 6.33964227745e-05, 5.36324550922e-05, 4.21838230977e-05, 4.17220981035e-05, 4.26587212132e-05, 4.546969285e-05, 4.26988481195e-05, 4.46815574833e-05, 4.32022970926e-05, 3.90492386941e-05, 3.07316004182e-05, 1.81566192623e-05, 1.49514680743e-05, 1.4114242731e-05, 1.28241172206e-05, 8.57160921441e-06, 9.88315059658e-06, 6.69107748763e-06, 4.17117598772e-06, 4.15865770265e-06, 3.57667408935e-06, 2.14713190871e-06, 1.91435742636e-06, 1.66920381162e-06, 1.90087268948e-06, 1.99995406547e-06, 1.56341945967e-06, 1.30133389575e-06, 9.19518129194e-07, 7.80769710218e-07, 8.482813314e-07, 8.5854316012e-07, 6.42245254312e-07, 6.92770299793e-07, 6.4757398377e-07, 6.97597670296e-07, 6.45665465981e-07, 5.06851051796e-07, 5.68516895783e-07, 5.42645409496e-07, 4.68644202556e-07, 6.02270233685e-07, 4.01347875822e-07, 5.07442052822e-07, 3.08374239921e-07, 3.91415966305e-07, 2.6104760309e-07, 3.96497455313e-07, 3.14334329232e-07, 2.36592498482e-07, 1.86267598679e-07, 2.77773551716e-07, 2.37653367208e-07, 1.87457857237e-07, 2.13142826055e-07, 1.65714311606e-07, 1.77780790978e-07, 1.0289900132e-07, 4.5439243479e-08, 1.03195114676e-08, 1.23228083293e-09, 1.07621633827e-10, 7.7610362581e-11, 7.6044184838e-11, 7.28696408769e-11, 6.89669502063e-11, 6.57540411009e-11, 6.25139870425e-11, 6.06995356756e-11, 5.91566795549e-11, 5.50955565892e-11, 5.11814618465e-11, 5.08415219647e-11, 4.98228749923e-11, 5.06999477123e-11, 5.06848660264e-11, 4.96295955721e-11, 4.94388106842e-11, 4.78196648945e-11, 4.68970279277e-11, 4.64912379428e-11]
    },
    "mfcc": {
        "mean": [-671.539978027, 107.516265869, -66.8486557007, -24.0291023254, -25.9836349487, -14.6958847046, -12.8158855438, 3.57378482819, 2.13008761406, 6.06818151474, 0.480121403933, -6.31876373291, -10.3108024597],
        "cov": [[2820.06225586, 401.466308594, -299.978179932, -146.791809082, -81.9995346069, -46.4659042358, -77.548500061, -2.56464385986, 5.63123607635, 19.0838127136, 5.62040567398, -1.31430602074, -41.8673667908], [401.466308594, 1819.19812012, 1249.98498535, 1176.76953125, 806.100952148, 461.019226074, 231.758514404, -117.775169373, -185.317489624, -196.290908813, -147.492218018, -17.9508781433, 147.637771606], [-299.978179932, 1249.98498535, 1227.30822754, 1047.60437012, 730.54876709, 414.322845459, 221.764282227, -99.4837188721, -162.52180481, -171.526290894, -131.123626709, -11.5326519012, 141.894104004], [-146.791809082, 1176.76953125, 1047.60437012, 1031.70275879, 700.686462402, 375.948608398, 193.778182983, -85.6358947754, -153.833084106, -161.381896973, -126.710380554, -25.5795173645, 130.391906738], [-81.9995346069, 806.100952148, 730.54876709, 700.686462402, 555.945678711, 278.08001709, 126.956970215, -63.0498046875, -108.281143188, -123.886184692, -94.3433761597, -11.8443460464, 99.1852722168], [-46.4659042358, 461.019226074, 414.322845459, 375.948608398, 278.08001709, 199.136154175, 98.8280181885, -28.866891861, -49.2819137573, -56.0544471741, -48.1020355225, -9.40170764923, 41.8866386414], [-77.548500061, 231.758514404, 221.764282227, 193.778182983, 126.956970215, 98.8280181885, 104.055549622, 13.0227031708, -5.31163883209, -15.0393218994, -23.2932109833, -12.2491779327, 6.56629180908], [-2.56464385986, -117.775169373, -99.4837188721, -85.6358947754, -63.0498046875, -28.866891861, 13.0227031708, 80.0417556763, 52.8003921509, 35.1036682129, 8.90503406525, -6.3757557869, -30.0656738281], [5.63123607635, -185.317489624, -162.52180481, -153.833084106, -108.281143188, -49.2819137573, -5.31163883209, 52.8003921509, 89.494140625, 54.5267753601, 15.0834722519, -2.18245816231, -40.7276000977], [19.0838127136, -196.290908813, -171.526290894, -161.381896973, -123.886184692, -56.0544471741, -15.0393218994, 35.1036682129, 54.5267753601, 81.6815185547, 32.7822799683, -2.80517292023, -40.1984367371], [5.62040567398, -147.492218018, -131.123626709, -126.710380554, -94.3433761597, -48.1020355225, -23.2932109833, 8.90503406525, 15.0834722519, 32.7822799683, 55.9951705933, 15.6168889999, -16.6781921387], [-1.31430602074, -17.9508781433, -11.5326519012, -25.5795173645, -11.8443460464, -9.40170764923, -12.2491779327, -6.3757557869, -2.18245816231, -2.80517292023, 15.6168889999, 44.561832428, 17.271572113], [-41.8673667908, 147.637771606, 141.894104004, 130.391906738, 99.1852722168, 41.8866386414, 6.56629180908, -30.0656738281, -40.7276000977, -40.1984367371, -16.6781921387, 17.271572113, 71.212890625]],
        "icov": [[0.00056394864805, -0.000757690460887, 0.000758713227697, 0.000283864123048, -0.000216426284169, -0.0001414315484, 0.000378533528419, -0.000124598125694, 0.00022897918825, -0.00022752842051, 0.000237022555666, -0.000115016162454, 0.000253915670328], [-0.000757690460887, 0.00328759010881, -0.00153689191211, -0.00223719025962, 0.000606527086347, -0.000828435877338, -0.000480264163343, 0.000686762097757, -0.000260238448391, 0.000684287340846, -6.74956245348e-05, -0.000452988635516, 0.000205612930586], [0.000758713227697, -0.00153689191211, 0.00878369808197, -0.00450097909197, -0.00119652331341, -0.00227542826906, -0.00290760956705, 0.00163791177329, 0.000888582668267, -0.000382288970286, 0.00139736104757, -0.00257815793157, -0.000418656272814], [0.000283864123048, -0.00223719025962, -0.00450097909197, 0.0138832153752, -0.00776732014492, 0.000876384961884, -0.00161952711642, -0.00120126025286, 0.00265141809359, -0.0010394527344, 0.000445237557869, 0.00395394163206, -0.00162707932759], [-0.000216426284169, 0.000606527086347, -0.00119652331341, -0.00776732014492, 0.0160425007343, -0.00744685623795, 0.00400662515312, -0.0012555642752, -0.00109951535705, 0.00322448438965, 0.00177397776861, -0.000661776051857, -0.00187453452963], [-0.0001414315484, -0.000828435877338, -0.00227542826906, 0.000876384961884, -0.00744685623795, 0.0255513098091, -0.0109471529722, 0.00344241666608, -0.00057390081929, -0.00124532834161, 0.000171491192305, -0.000253461272223, 0.0014397414634], [0.000378533528419, -0.000480264163343, -0.00290760956705, -0.00161952711642, 0.00400662515312, -0.0109471529722, 0.0263866372406, -0.00824448931962, -0.00221799430437, -0.000188702979358, -0.00124790868722, 0.00222939508967, 0.00271390215494], [-0.000124598125694, 0.000686762097757, 0.00163791177329, -0.00120126025286, -0.0012555642752, 0.00344241666608, -0.00824448931962, 0.0237852279097, -0.0107533941045, -0.000770944694523, 0.000213041828829, 0.000367267959518, 0.00134065595921], [0.00022897918825, -0.000260238448391, 0.000888582668267, 0.00265141809359, -0.00109951535705, -0.00057390081929, -0.00221799430437, -0.0107533941045, 0.0292992927134, -0.0119694424793, 0.00754171609879, -0.00459952745587, 0.00446422537789], [-0.00022752842051, 0.000684287340846, -0.000382288970286, -0.0010394527344, 0.00322448438965, -0.00124532834161, -0.000188702979358, -0.000770944694523, -0.0119694424793, 0.0297415927052, -0.0112902214751, 0.00393401412293, 0.00339069566689], [0.000237022555666, -6.74956245348e-05, 0.00139736104757, 0.000445237557869, 0.00177397776861, 0.000171491192305, -0.00124790868722, 0.000213041828829, 0.00754171609879, -0.0112902214751, 0.0335238464177, -0.0125146983191, 0.00313976686448], [-0.000115016162454, -0.000452988635516, -0.00257815793157, 0.00395394163206, -0.000661776051857, -0.000253461272223, 0.00222939508967, 0.000367267959518, -0.00459952745587, 0.00393401412293, -0.0125146983191, 0.0331988595426, -0.0116035304964], [0.000253915670328, 0.000205612930586, -0.000418656272814, -0.00162707932759, -0.00187453452963, 0.0014397414634, 0.00271390215494, 0.00134065595921, 0.00446422537789, 0.00339069566689, 0.00313976686448, -0.0116035304964, 0.0276753231883]]
    },
    "spectral_contrast_coeffs": {
        "max": [-0.538135886192, -0.51791793108, -0.521868646145, -0.703080415726, -0.670698702335, -0.694919586182],
        "mean": [-0.718515872955, -0.744139134884, -0.729942619801, -0.813616394997, -0.793493568897, -0.773814797401],
        "min": [-0.973270833492, -0.963885903358, -0.961197495461, -0.954812586308, -0.959386706352, -0.960751056671],
        "stdev": [0.0588032640517, 0.0693244561553, 0.0768106579781, 0.0338883325458, 0.0308528095484, 0.0229463074356]
    },
    "spectral_contrast_valleys": {
        "max": [-6.24334049225, -5.45826196671, -5.42370223999, -4.96739959717, -6.33418321609, -8.52314472198],
        "mean": [-8.85132408142, -6.76084852219, -6.73037624359, -6.9110865593, -7.56948709488, -10.6666173935],
        "min": [-27.0993156433, -27.2046432495, -27.1301994324, -27.4631671906, -27.2535457611, -27.210767746],
        "stdev": [1.75394868851, 1.13338434696, 1.11704051495, 1.1294375658, 1.0139862299, 0.895652830601]
    }
},
"rhythm": {
    "beats_count": 16,
    "beats_loudness": {
        "max": 0.0733310580254,
        "mean": 0.0219516512007,
        "min": 0.00464118272066,
        "stdev": 0.0210645198822
    },
    "bpm": 80.858757019,
    "bpm_histogram_first_peak_bpm": 81,
    "bpm_histogram_first_peak_weight": 0.199999988079,
    "bpm_histogram_second_peak_bpm": 0,
    "bpm_histogram_second_peak_spread": 0,
    "bpm_histogram_second_peak_weight": 0,
    "danceability": 0.755717217922,
    "onset_rate": 2.89983081818,
    "beats_loudness_band_ratio": {
        "max": [0.510510742664, 0.47728908062, 0.843458116055, 0.345848530531, 0.502498149872, 0.105142988265],
        "mean": [0.095485880971, 0.116182431579, 0.479603946209, 0.199162185192, 0.113558277488, 0.0224294159561],
        "min": [3.9331640437e-05, 0.000466181489173, 0.061346501112, 0.0919808447361, 0.0237289238721, 0.00397869572043],
        "stdev": [0.160447075963, 0.173798441887, 0.273285478354, 0.0751190334558, 0.11489161104, 0.02408869192]
    },
    "beats_position": [0.743038535118, 1.49768710136, 2.2523355484, 3.00698399544, 3.76163268089, 4.48145103455, 5.20126962662, 5.93269824982, 6.6989569664, 7.44199514389, 8.18503379822, 8.92807197571, 9.67111110687, 10.4141492844, 11.1455783844, 11.8770065308],
