{
"metadata": {
    "version": {
        "essentia": "2.1-beta5",
        "essentia_git_sha": "Undefined",
        "extractor": "music 2.0"
    },
    "audio_properties": {
        "analysis": {
            "equal_loudness": 0,
            "length": 48.7502937317,
            "sample_rate": 44100,
            "start_time": 12.7477550507,
            "downmix": "mix"
        },
        "bit_rate": 192000,
        "length": 190.844818115,
        "lossless": 0,
        "number_channels": 2,
        "replay_gain": -7.9570941925,
        "sample_rate": 48000,
        "codec": "mp3",
        "md5_encoded": "1ac17c4488be72ba5662a93c9d8e01ad"
    },
    "tags": {
        "file_name": "Spain_Baila El Chiki Chiki_Rodolfo Chikilicuatre.mp3",
        "encoding": ["Lavf58.29.100"]
    }
},
"lowlevel": {
    "average_loudness": 0.957180082798,
    "barkbands_crest": {
        "max": 26.2501373291,
        "mean": 14.4336357117,
        "min": 2.37422800064,
        "stdev": 6.37600660324
    },
    "barkbands_flatness_db": {
        "max": 0.372190564871,
        "mean": 0.153251230717,
        "min": 0.0264499429613,
        "stdev": 0.0677017197013
    },
    "barkbands_kurtosis": {
        "max": 209.266143799,
        "mean": 11.2442855835,
        "min": -1.88926768303,
        "stdev": 24.143661499
    },
    "barkbands_skewness": {
        "max": 13.2455854416,
        "mean": 2.18072605133,
        "min": -2.93934750557,
        "stdev": 2.48186302185
    },
    "barkbands_spread": {
        "max": 101.002998352,
        "mean": 25.6435031891,
        "min": 1.14872896671,
        "stdev": 16.3236255646
    },
    "dissonance": {
        "max": 0.499999731779,
        "mean": 0.477282762527,
        "min": 0.293365389109,
        "stdev": 0.0236731097102
    },
    "dynamic_complexity": 3.50943946838,
    "erbbands_crest": {
        "max": 30.6867656708,
        "mean": 10.2342205048,
        "min": 2.28869915009,
        "stdev": 5.47956323624
    },
    "erbbands_flatness_db": {
        "max": 0.368566304445,
        "mean": 0.151933029294,
        "min": 0.058508336544,
        "stdev": 0.0596977956593
    },
    "erbbands_kurtosis": {
        "max": 32.1161766052,
        "mean": 0.644845247269,
        "min": -1.72112166882,
        "stdev": 2.72511434555
    },
    "erbbands_skewness": {
        "max": 3.05592298508,
        "mean": -0.458147168159,
        "min": -4.19683980942,
        "stdev": 0.922882914543
    },
    "erbbands_spread": {
        "max": 106.654975891,
        "mean": 42.8734703064,
        "min": 3.95326161385,
        "stdev": 21.7877426147
    },
    "hfc": {
        "max": 118.170623779,
        "mean": 17.9144916534,
        "min": 0.211161866784,
        "stdev": 18.8016872406
    },
    "loudness_ebu128": {
        "integrated": -16.2039012909,
        "loudness_range": 2.45178031921,
        "momentary": {
            "max": -12.1641263962,
            "mean": -16.9504413605,
            "min": -34.8731155396,
            "stdev": 3.11768126488
        },
        "short_term": {
            "max": -14.7981586456,
            "mean": -16.4189891815,
            "min": -21.5161113739,
            "stdev": 1.04501748085
        }
    },
    "melbands_crest": {
        "max": 36.4527244568,
        "mean": 20.9415473938,
        "min": 2.47828960419,
        "stdev": 9.01124572754
    },
    "melbands_flatness_db": {
        "max": 0.481791138649,
        "mean": 0.22173987329,
        "min": 0.0136271351948,
        "stdev": 0.0913579538465
    },
    "melbands_kurtosis": {
        "max": 587.942687988,
        "mean": 40.0826225281,
        "min": -1.81182038784,
        "stdev": 68.7744598389
    },
    "melbands_skewness": {
        "max": 20.8760299683,
        "mean": 4.25480747223,
        "min": -1.54184806347,
        "stdev": 3.83696508408
    },
    "melbands_spread": {
        "max": 210.446838379,
        "mean": 28.3528556824,
        "min": 0.621232092381,
        "stdev": 25.2471160889
    },
    "pitch_salience": {
        "max": 0.87452173233,
        "mean": 0.423862159252,
        "min": 0.0564767457545,
        "stdev": 0.193430706859
    },
    "silence_rate_20dB": {
        "max": 1,
        "mean": 1,
        "min": 1,
        "stdev": 0
    },
    "silence_rate_30dB": {
        "max": 1,
        "mean": 0.975249886513,
        "min": 0,
        "stdev": 0.15536403656
    },
    "silence_rate_60dB": {
        "max": 1,
        "mean": 0.130890056491,
        "min": 0,
        "stdev": 0.337284862995
    },
    "spectral_centroid": {
        "max": 4244.80615234,
        "mean": 2051.7253418,
        "min": 354.239807129,
        "stdev": 698.456726074
    },
    "spectral_complexity": {
        "max": 48,
        "mean": 13.3564968109,
        "min": 0,
        "stdev": 10.2041082382
    },
    "spectral_decrease": {
        "max": -3.31613347893e-11,
        "mean": -8.15819589661e-09,
        "min": -3.85673288861e-08,
        "stdev": 7.7455819536e-09
    },
    "spectral_energy": {
        "max": 0.146588653326,
        "mean": 0.0324158109725,
        "min": 0.000150487336214,
        "stdev": 0.030150892213
    },
    "spectral_energyband_high": {
        "max": 0.00904530100524,
        "mean": 0.000686567218509,
        "min": 1.3809998336e-06,
        "stdev": 0.0010803793557
    },
    "spectral_energyband_low": {
        "max": 0.139497056603,
        "mean": 0.0211817193776,
        "min": 2.87735364424e-08,
        "stdev": 0.0260455273092
    },
    "spectral_energyband_middle_high": {
        "max": 0.0353725738823,
        "mean": 0.00459127407521,
        "min": 8.42624067445e-05,
        "stdev": 0.00597861642018
    },
    "spectral_energyband_middle_low": {
        "max": 0.117066755891,
        "mean": 0.00645415112376,
        "min": 2.6106599762e-05,
        "stdev": 0.0119093582034
    },
    "spectral_entropy": {
        "max": 8.72764396667,
        "mean": 7.62696552277,
        "min": 5.87419319153,
        "stdev": 0.460654497147
    },
    "spectral_flux": {
        "max": 0.324603945017,
        "mean": 0.0934474542737,
        "min": 0.00566253624856,
        "stdev": 0.0730464234948
    },
    "spectral_kurtosis": {
        "max": 24.0299968719,
        "mean": 4.91790342331,
        "min": -0.491515874863,
        "stdev": 3.09678673744
    },
    "spectral_rms": {
        "max": 0.0119588179514,
        "mean": 0.00491428654641,
        "min": 0.000383166945539,
        "stdev": 0.00273405015469
    },
    "spectral_rolloff": {
        "max": 11391.0644531,
        "mean": 1738.74902344,
        "min": 64.599609375,
        "stdev": 1647.23242188
    },
    "spectral_skewness": {
        "max": 3.32085442543,
        "mean": 1.51222372055,
        "min": 0.380736321211,
        "stdev": 0.35221478343
    },
    "spectral_spread": {
        "max": 13070828,
        "mean": 4710691.5,
        "min": 1496182.625,
        "stdev": 1458854.75
    },
    "spectral_strongpeak": {
        "max": 11.783364296,
        "mean": 0.824166476727,
        "min": 0,
        "stdev": 1.27147126198
    },
    "zerocrossingrate": {
        "max": 0.33544921875,
        "mean": 0.0663734823465,
        "min": 0.0029296875,
        "stdev": 0.0449537225068
    },
    "barkbands": {
        "max": [0.0144011490047, 0.13165551424, 0.0376644805074, 0.0167939327657, 0.0953754931688, 0.0166303962469, 0.0186671409756, 0.0306680984795, 0.0253163054585, 0.0236195866019, 0.0186093971133, 0.0134160295129, 0.0131966527551, 0.0137632545084, 0.0149623537436, 0.0151664521545, 0.0119192702696, 0.0149156702682, 0.0127796223387, 0.00334764970466, 0.0025563724339, 0.0020314892754, 0.00188202457502, 0.00192816415802, 0.00189348799177, 0.0011038093362, 7.99344488769e-05],
        "mean": [0.00149738870095, 0.0178705230355, 0.00141184940003, 0.000956738018431, 0.00292826583609, 0.000541185610928, 0.000473851338029, 0.000618031073827, 0.000741993135307, 0.000536086095963, 0.000414586742409, 0.000387674837839, 0.000405301514547, 0.000311646144837, 0.000296904647257, 0.000408401538152, 0.000509807141498, 0.000630758877378, 0.000653611496091, 0.000247770803981, 0.000104281221866, 0.00010374012345, 0.000115458627988, 8.85074914549e-05, 0.000101953199191, 5.70500051253e-05, 2.47987600233e-06],
        "min": [3.78059632211e-11, 1.36474120893e-09, 5.76186298673e-09, 1.37329225769e-09, 3.79024278629e-08, 8.41830143372e-08, 3.7155228938e-07, 8.65016033913e-07, 1.52475126924e-06, 1.05280673779e-06, 4.77144624256e-07, 9.07033495423e-07, 9.65557092059e-07, 1.96050177692e-06, 8.06008188192e-07, 6.48085290322e-07, 1.06025277091e-06, 1.19126673326e-06, 1.03222862435e-06, 4.34999833487e-07, 1.199905455e-07, 1.01370332573e-07, 9.57468344609e-08, 8.55413802014e-08, 4.86523994425e-08, 1.81939991961e-08, 3.41566497308e-11],
        "stdev": [0.00234846654348, 0.0233200956136, 0.00434372480959, 0.00213762442581, 0.00933367758989, 0.00137509778142, 0.00128817802761, 0.00180981052108, 0.0020591551438, 0.00157510582358, 0.00114559673239, 0.000968089210801, 0.00115021574311, 0.00102417892776, 0.000917075900361, 0.00120733771473, 0.00118916667998, 0.00149573339149, 0.00091265240917, 0.000368252396584, 0.000165518955328, 0.000191643732251, 0.000219879148062, 0.000171761013917, 0.00023346413218, 0.000130839864141, 4.09185940953e-06]
    },
    "erbbands": {
        "max": [6.4840669632, 24.3696708679, 41.9855155945, 44.1276473999, 77.0419540405, 504.916412354, 238.571746826, 171.994476318, 177.446289062, 753.975280762, 326.345367432, 572.754394531, 782.251098633, 512.899475098, 716.673583984, 616.901184082, 691.98449707, 792.742492676, 787.46887207, 680.791870117, 766.422058105, 651.850646973, 735.331726074, 685.384277344, 334.85067749, 151.221725464, 107.307945251, 126.008384705, 66.154296875, 63.1857681274, 57.53647995, 39.9273109436, 33.7292671204, 29.1635379791, 14.8652839661, 7.79036283493, 1.50491094589, 0.166546270251, 0.0189709812403, 0.000424337747972],
        "mean": [0.819775700569, 2.76759195328, 2.03969550133, 2.51918101311, 5.27424764633, 13.3017702103, 6.26042842865, 4.39530181885, 5.09967279434, 11.6367645264, 12.7421340942, 16.6486625671, 18.9407234192, 14.9289922714, 18.2389354706, 15.3908843994, 18.3790435791, 16.9296169281, 15.7743711472, 16.7011089325, 24.7022094727, 31.4380207062, 35.5448875427, 39.7849311829, 20.2950401306, 10.3918962479, 5.53324079514, 4.16428232193, 3.29081606865, 4.02451038361, 3.15822958946, 1.93046498299, 1.45113611221, 1.11303520203, 0.752949953079, 0.352001160383, 0.0808731839061, 0.00809678900987, 0.000527720025275, 5.33571219421e-05],
        "min": [2.36619666083e-08, 9.12084942684e-07, 8.06754997029e-06, 7.53709900891e-06, 3.3155316487e-05, 0.000130488275317, 0.000337715930073, 0.00137851608451, 0.00442477315664, 0.0183840692043, 0.0250318869948, 0.0309232324362, 0.0629244670272, 0.0344406217337, 0.0600652061403, 0.0561574138701, 0.0488239489496, 0.138465747237, 0.0949950963259, 0.0592479780316, 0.0770120918751, 0.0786479115486, 0.0782393887639, 0.104091718793, 0.0577534921467, 0.0236550420523, 0.0101657481864, 0.00676669366658, 0.00522859906778, 0.00453926622868, 0.00285619404167, 0.0022955252789, 0.00148437102325, 0.000595916586462, 0.000299924984574, 0.000117772397061, 2.26452939387e-05, 2.25883786698e-06, 1.85625395943e-07, 2.16586187207e-07],
        "stdev": [1.14485955238, 3.83638429642, 5.19876909256, 5.51013469696, 10.3815746307, 49.0207481384, 20.2448883057, 10.6907100677, 11.9049282074, 35.7402267456, 32.931098938, 45.2590293884, 57.3276252747, 37.6984977722, 42.2330589294, 39.1999664307, 50.1857910156, 56.5114250183, 43.3716773987, 50.0656394958, 70.9302597046, 71.5473022461, 80.0028991699, 55.8562393188, 27.1695785522, 14.6640367508, 8.52725601196, 6.77249193192, 5.62964773178, 7.96984004974, 5.9561829567, 3.78831577301, 2.92622995377, 2.43276047707, 1.85246407986, 0.841413795948, 0.191272169352, 0.0144744869322, 0.000896735175047, 4.82962277601e-05]
    },
    "gfcc": {
        "mean": [-24.2810096741, 62.3617095947, -115.720863342, 36.7538032532, -42.1571159363, 16.7803764343, -26.9684562683, 24.4460144043, -28.1155071259, 3.97755169868, -9.18554878235, 5.70686244965, -12.378156662],
        "cov": [[5875.90722656, 247.376174927, 1187.33972168, 637.829040527, 120.50466156, 202.697616577, -384.724639893, -48.312915802, 101.924598694, -60.4481048584, -356.835418701, 78.0801391602, -33.8290138245], [247.376174927, 808.455078125, 137.668579102, 40.6909294128, 273.922943115, 23.0604953766, 174.113204956, 121.061767578, 164.798187256, 15.5079364777, 94.9364471436, -34.1381568909, 32.1735496521], [1187.33972168, 137.668579102, 1114.50866699, 613.403381348, 254.177566528, 306.291595459, 115.946113586, -20.361328125, 48.1156158447, 89.4482192993, -24.5897197723, 106.831596375, 26.1123256683], [637.829040527, 40.6909294128, 613.403381348, 575.16595459, 281.071594238, 194.876861572, 102.75983429, 56.3636436462, 72.6200027466, 68.5830993652, 11.1454753876, 51.0945587158, 36.2670326233], [120.50466156, 273.922943115, 254.177566528, 281.071594238, 503.490356445, 144.951934814, 267.926971436, 161.379760742, 166.629852295, 98.8040847778, 106.578933716, -3.56114864349, 33.8821983337], [202.697616577, 23.0604953766, 306.291595459, 194.876861572, 144.951934814, 336.504364014, 182.067367554, 75.4656600952, 70.4349822998, 80.9804534912, -4.46947002411, -0.27183803916, 8.83375835419], [-384.724639893, 174.113204956, 115.946113586, 102.75983429, 267.926971436, 182.067367554, 527.390319824, 157.44493103, 99.5777511597, 137.627548218, 168.869308472, -29.80377388, 28.3393230438], [-48.312915802, 121.061767578, -20.361328125, 56.3636436462, 161.379760742, 75.4656600952, 157.44493103, 261.706268311, 151.023498535, 28.7919559479, 28.6239852905, -20.1279087067, 16.420129776], [101.924598694, 164.798187256, 48.1156158447, 72.6200027466, 166.629852295, 70.4349822998, 99.5777511597, 151.023498535, 251.264190674, 92.9374847412, 16.1632633209, -30.2180557251, 44.6130485535], [-60.4481048584, 15.5079364777, 89.4482192993, 68.5830993652, 98.8040847778, 80.9804534912, 137.627548218, 28.7919559479, 92.9374847412, 166.023956299, 45.4152030945, -25.8945732117, 27.3828372955], [-356.835418701, 94.9364471436, -24.5897197723, 11.1454753876, 106.578933716, -4.46947002411, 168.869308472, 28.6239852905, 16.1632633209, 45.4152030945, 168.561279297, 32.2460899353, 33.5736122131], [78.0801391602, -34.1381568909, 106.831596375, 51.0945587158, -3.56114864349, -0.27183803916, -29.80377388, -20.1279087067, -30.2180557251, -25.8945732117, 32.2460899353, 117.184913635, 26.0895671844], [-33.8290138245, 32.1735496521, 26.1123256683, 36.2670326233, 33.8821983337, 8.83375835419, 28.3393230438, 16.420129776, 44.6130485535, 27.3828372955, 33.5736122131, 26.0895671844, 80.5457458496]],
        "icov": [[0.000272254983429, -0.000105888604594, -0.0002518495603, -5.97051148361e-05, -1.53935325216e-05, 5.8043813624e-05, 0.00013770206715, -7.07132630851e-06, -0.000103660575405, 3.40343285643e-05, 0.000477588095237, -9.51160254772e-05, 9.58588425419e-05], [-0.000105888604594, 0.00219764211215, -0.000966134364717, 0.00124635570683, -0.00102106912527, 0.000389933120459, -5.3708175983e-05, 1.18485322673e-05, -0.00121834618039, 0.00165258953348, -0.00150219839998, 0.00159172841813, -0.000543472589925], [-0.0002518495603, -0.000966134364717, 0.0037817643024, -0.00324853183702, 0.000552123587113, -0.00121265975758, -0.000848294352181, 0.00147398072295, 0.00016144120309, -0.00116328988224, 0.00166739791166, -0.00298921577632, 0.000994825735688], [-5.97051148361e-05, 0.00124635570683, -0.00324853183702, 0.00627921335399, -0.00255738687702, -9.31425165618e-05, 0.000999699113891, -0.00112911697943, 0.000380199635401, 0.000552878016606, -0.00103049795143, 0.00151150475722, -0.00179124576971], [-1.53935325216e-05, -0.00102106912527, 0.000552123587113, -0.00255738687702, 0.00518982298672, -0.000216568383621, -0.000953288108576, -0.00062448636163, -0.0013358235592, -0.00031365416362, -0.00142509886064, -0.00014922489936, 0.00116611120757], [5.8043813624e-05, 0.000389933120459, -0.00121265975758, -9.31425165618e-05, -0.000216568383621, 0.00564324762672, -0.00200217170641, -0.000615643162746, -0.000211309379665, -0.000777626642957, 0.00239877682179, -0.000292045355309, 8.19630440674e-05], [0.00013770206715, -5.3708175983e-05, -0.000848294352181, 0.000999699113891, -0.000953288108576, -0.00200217170641, 0.0058551505208, -0.00257837306708, 0.0016243403079, -0.00192736228928, -0.00486527569592, 0.00258890818805, -6.47480846965e-05], [-7.07132630851e-06, 1.18485322673e-05, 0.00147398072295, -0.00112911697943, -0.00062448636163, -0.000615643162746, -0.00257837306708, 0.00853572785854, -0.00505714630708, 0.00303029897623, 0.00148506381083, -0.00134288938716, 0.00110697606578], [-0.000103660575405, -0.00121834618039, 0.00016144120309, 0.000380199635401, -0.0013358235592, -0.000211309379665, 0.0016243403079, -0.00505714630708, 0.0106866555288, -0.00538702588528, 0.00154094665777, 0.000881104497239, -0.00375133357011], [3.40343285643e-05, 0.00165258953348, -0.00116328988224, 0.000552878016606, -0.00031365416362, -0.000777626642957, -0.00192736228928, 0.00303029897623, -0.00538702588528, 0.0125379282981, -0.0027377079241, 0.00378922559321, -0.00160494353622], [0.000477588095237, -0.00150219839998, 0.00166739791166, -0.00103049795143, -0.00142509886064, 0.00239877682179, -0.00486527569592, 0.00148506381083, 0.00154094665777, -0.0027377079241, 0.0159912165254, -0.00704570207745, -0.00183664495125], [-9.51160254772e-05, 0.00159172841813, -0.00298921577632, 0.00151150475722, -0.00014922489936, -0.000292045355309, 0.00258890818805, -0.00134288938716, 0.000881104497239, 0.00378922559321, -0.00704570207745, 0.0156281217933, -0.00483108032495], [9.58588425419e-05, -0.000543472589925, 0.000994825735688, -0.00179124576971, 0.00116611120757, 8.19630440674e-05, -6.47480846965e-05, 0.00110697606578, -0.00375133357011, -0.00160494353622, -0.00183664495125, -0.00483108032495, 0.0174080934376]]
    },
    "melbands": {
        "max": [0.043296225369, 0.0191226787865, 0.00744420615956, 0.021410798654, 0.0116326501593, 0.00352047919296, 0.00296181906015, 0.00868292059749, 0.0025840504095, 0.00336019415408, 0.00390203786083, 0.00215922039934, 0.00300830462947, 0.00178199959919, 0.00183030893095, 0.00179569015745, 0.00158148852643, 0.00110964488704, 0.0013423509663, 0.000851157587022, 0.00105321535375, 0.000720776151866, 0.00108718289994, 0.00066163064912, 0.000647065637168, 0.000568253744859, 0.000221636655624, 0.000145106736454, 6.76718409522e-05, 6.75620394759e-05, 7.41451367503e-05, 3.48780486092e-05, 3.93220834667e-05, 3.82308935514e-05, 3.56015698344e-05, 2.58087457041e-05, 2.40348635998e-05, 2.42311325565e-05, 3.95537281292e-05, 1.95710872504e-05],
        "mean": [0.00594853563234, 0.00180254643783, 0.000502070121001, 0.000677903648466, 0.000307477108436, 9.77985473583e-05, 8.32037621876e-05, 0.000133964538691, 0.000100931560155, 0.000108906097012, 9.44324347074e-05, 6.03314547334e-05, 5.75397571083e-05, 4.76457971672e-05, 3.82018042728e-05, 4.20820906584e-05, 2.96214675473e-05, 2.54997121374e-05, 2.23426959565e-05, 2.24948907999e-05, 2.97701044474e-05, 3.05690664391e-05, 3.72035574401e-05, 2.78113711829e-05, 3.38694553648e-05, 1.91484741663e-05, 1.00864563137e-05, 6.30483418718e-06, 4.10491611547e-06, 2.30115961131e-06, 2.41617817665e-06, 1.90648290754e-06, 1.86847842087e-06, 2.32772663367e-06, 1.93299138118e-06, 1.4195628637e-06, 1.11737585939e-06, 9.56173039413e-07, 1.06937113742e-06, 9.04176545191e-07],
        "min": [2.66983102293e-10, 5.07074071621e-09, 2.43384912224e-09, 5.85911674733e-09, 1.06652073839e-08, 2.85908647868e-08, 7.52222959477e-08, 1.45780248317e-07, 1.68575013504e-07, 1.91939747651e-07, 2.35837376295e-07, 9.17880456086e-08, 8.54572164144e-08, 1.98025745135e-07, 1.26516695786e-07, 1.03074782487e-07, 1.47877187828e-07, 1.33287258564e-07, 6.55209646538e-08, 5.69365674608e-08, 6.30476222341e-08, 6.85368277686e-08, 7.00011213439e-08, 5.16068716649e-08, 4.68723193592e-08, 2.53578882337e-08, 1.65781770534e-08, 1.12062972235e-08, 6.1739848789e-09, 2.63643928911e-09, 2.65822386325e-09, 1.83586912339e-09, 1.79977821535e-09, 1.33127542323e-09, 1.24408283675e-09, 9.98684024367e-10, 1.01914732209e-09, 9.67722568745e-10, 5.54600365632e-10, 4.26491369998e-10],
        "stdev": [0.00790099520236, 0.00293924706057, 0.000994045403786, 0.00212890584953, 0.00103776808828, 0.000234438542975, 0.000199377274839, 0.0004022292851, 0.0002576749539, 0.000307014794089, 0.00028990212013, 0.000161354982993, 0.000152812863234, 0.000112047171569, 0.000115854512842, 0.000120126009278, 0.000107991763798, 7.43545970181e-05, 7.32630578568e-05, 6.36834884062e-05, 9.05347114895e-05, 7.53454878577e-05, 8.70755538926e-05, 6.30251306575e-05, 4.89748563268e-05, 3.37565543305e-05, 1.71106166817e-05, 1.14025187941e-05, 7.12135442882e-06, 4.03920284953e-06, 4.02086197937e-06, 3.28596911459e-06, 3.62071887139e-06, 4.69125552627e-06, 3.78479717256e-06, 2.75432580565e-06, 2.28113276535e-06, 1.9787319161e-06, 2.29547003983e-06, 2.08917322198e-06]
    },
    "melbands128": {
        "max": [0.0138639034703, 0.0635158866644, 0.0633112937212, 0.035108525306, 0.0252774916589, 0.0172323398292, 0.00925912428647, 0.00918014906347, 0.00656114285812, 0.0238205716014, 0.036107942462, 0.0176776237786, 0.00775137264282, 0.00480715464801, 0.00629906821996, 0.0028906094376, 0.00281157554127, 0.00444372743368, 0.00635363254696, 0.0118880784139, 0.0113190710545, 0.00499703362584, 0.00424714805558, 0.00395574001595, 0.00680841272697, 0.00700474809855, 0.0103683341295, 0.00788456853479, 0.00774181820452, 0.00361246638931, 0.0025156326592, 0.00585488881916, 0.00615411344916, 0.00432486878708, 0.00283089163713, 0.00287620024756, 0.00356735475361, 0.00369039620273, 0.00263483286835, 0.00290755787864, 0.00329872430302, 0.00361621403135, 0.00347602088004, 0.00207030004822, 0.00169480999466, 0.0022045604419, 0.0040431311354, 0.00179121247493, 0.00262216338888, 0.0022166534327, 0.00133191118948, 0.00137730338611, 0.00188940949738, 0.00224626529962, 0.00134404492564, 0.00152732280549, 0.00181215070188, 0.00113958853763, 0.00231318781152, 0.00137225957587, 0.00108969816938, 0.00182501738891, 0.00167971849442, 0.000566202681512, 0.00187662208918, 0.000479643844301, 0.000263096764684, 0.000300735759083, 0.000486508070026, 0.000178824862815, 0.000132427405333, 0.000461156916572, 0.00014906215074, 9.85167280305e-05, 7.70251135691e-05, 9.16801727726e-05, 9.16665958357e-05, 8.17389955046e-05, 7.89958576206e-05, 5.15425017511e-05, 4.18860472564e-05, 2.93484354188e-05, 3.51911112375e-05, 4.55249028164e-05, 5.14858838869e-05, 6.05034692853e-05, 4.61570962216e-05, 6.26632245257e-05, 4.38785937149e-05, 4.06744366046e-05, 2.08662586374e-05, 3.70608977391e-05, 2.29762990784e-05, 2.02855262614e-05, 3.16037039738e-05, 3.66402309737e-05, 2.42971491389e-05, 3.41212253261e-05, 5.41709523532e-05, 3.48499779648e-05, 3.1666495488e-05, 1.98930665647e-05, 2.90648767987e-05, 1.99699370569e-05, 1.70871007867e-05, 2.3132237402e-05, 2.36272262555e-05, 2.03368344955e-05, 1.29023710542e-05, 1.71921528818e-05, 1.23572290249e-05, 1.12866237032e-05, 5.94070570514e-06, 2.99564862871e-06, 5.73530815018e-06, 1.77982485638e-06, 7.94836239493e-07, 5.45655097994e-07, 7.44885255699e-07, 7.57753582548e-07, 7.96490667199e-07, 2.90489538202e-07, 1.07795806059e-07, 6.21155660241e-09, 3.75545639031e-09, 3.67247965372e-09, 3.62274343857e-09, 3.59172402931e-09],
        "mean": [0.00144406151958, 0.00750680919737, 0.00762581499293, 0.00352751789615, 0.00120957836043, 0.000644383893814, 0.000481948460219, 0.000491693965159, 0.000454101187643, 0.000718374503776, 0.000894348544534, 0.000415141810663, 0.000171134015545, 0.000128063198645, 9.84638536465e-05, 8.27676994959e-05, 7.02307734173e-05, 7.45071520214e-05, 0.000107446212496, 0.000140683681821, 0.000147953178384, 0.000118933065096, 8.92721727723e-05, 8.82828244357e-05, 0.000102741651062, 0.00012421811698, 0.000109757798782, 9.40153477131e-05, 7.8197052062e-05, 6.80271114106e-05, 4.81027127535e-05, 5.61841843592e-05, 5.03137052874e-05, 7.29590828996e-05, 5.38278181921e-05, 3.91307257814e-05, 3.41861377819e-05, 4.39482973889e-05, 3.47208915628e-05, 4.0250026359e-05, 5.00499445479e-05, 3.27823436237e-05, 2.95834161079e-05, 2.74490284937e-05, 2.75984039035e-05, 2.66110728262e-05, 2.15087020479e-05, 2.07586381293e-05, 2.4547240173e-05, 2.14186275116e-05, 2.03641302505e-05, 2.37590902543e-05, 3.49959736923e-05, 2.99641815218e-05, 2.42909300141e-05, 3.33380849042e-05, 3.16798032145e-05, 3.54342919309e-05, 4.48399987363e-05, 3.08410417347e-05, 2.15420568566e-05, 2.27457494475e-05, 4.96188549732e-05, 2.07640077861e-05, 4.31194384873e-05, 1.45185604197e-05, 1.13133310151e-05, 1.15409029604e-05, 1.0976732483e-05, 6.03657235843e-06, 3.75209879167e-06, 1.02619897007e-05, 4.69733640784e-06, 3.08857102027e-06, 2.50745279118e-06, 2.09955123864e-06, 2.29033526011e-06, 2.60141473518e-06, 2.51507958637e-06, 2.12223039853e-06, 2.21319032789e-06, 1.70451573922e-06, 1.27565101593e-06, 1.75974651029e-06, 2.51395431405e-06, 2.37554763771e-06, 2.25690837397e-06, 2.38485381487e-06, 1.86696513538e-06, 1.63219851856e-06, 1.63552647336e-06, 1.45632168369e-06, 9.28354609186e-07, 1.13033706839e-06, 1.26018778701e-06, 8.57406917021e-07, 8.9537417125e-07, 9.95939558379e-07, 1.24156179027e-06, 1.02979186067e-06, 8.28126985652e-07, 8.09846255834e-07, 1.0932586747e-06, 9.5584346127e-07, 8.18041598905e-07, 8.73000203683e-07, 6.24747883649e-07, 6.94740833751e-07, 5.81013978262e-07, 5.96853453771e-07, 5.10304801082e-07, 4.18485655018e-07, 1.5122428465e-07, 8.95056686545e-08, 1.0261735639e-07, 8.24661512411e-08, 4.1546524443e-08, 1.8437882332e-08, 1.80234902558e-08, 1.42013272253e-08, 1.04724531269e-08, 5.98403193663e-09, 1.75498282573e-09, 4.22224200047e-11, 6.72602511881e-12, 6.54825846325e-12, 6.43989679291e-12, 6.39026852267e-12],
        "min": [3.74026747074e-11, 2.20959067015e-11, 2.55822363293e-10, 7.93336951688e-10, 2.80639778083e-09, 2.12167527991e-09, 3.25818844127e-10, 3.80478204498e-10, 1.03874375768e-09, 2.36817809807e-09, 2.84215095903e-09, 6.25986551483e-09, 4.76473349664e-09, 5.19343590355e-09, 4.355491523e-09, 1.43599958591e-08, 1.39273703681e-08, 4.09364666609e-08, 5.8085831256e-08, 7.19709731811e-08, 1.06182866944e-07, 9.58630153036e-08, 5.82268668836e-08, 6.75158062791e-08, 3.70796193749e-08, 6.54561134183e-08, 7.12769860911e-08, 4.00616713137e-08, 6.04084107181e-08, 3.89764949205e-08, 5.29931050153e-08, 4.78699320183e-08, 8.62271036794e-08, 6.30133811796e-08, 9.77506573463e-08, 2.49845690803e-08, 4.67084042555e-08, 2.20991402955e-08, 3.84848739543e-08, 5.37491509078e-08, 5.15075484486e-08, 7.41323020748e-08, 5.63166047129e-08, 8.67943299454e-08, 5.20667242654e-08, 2.94568831549e-08, 7.0595184809e-08, 1.10600586467e-08, 2.81435141858e-08, 3.0002734519e-08, 2.51322482825e-08, 2.04304679841e-08, 3.23184714546e-08, 2.96102875552e-08, 3.25461364525e-08, 1.76127414875e-08, 4.52099762072e-08, 4.73431214232e-08, 4.34052118692e-08, 4.73447450133e-08, 3.20182174107e-08, 2.19111608857e-08, 2.30745325069e-08, 2.30790444533e-08, 1.37016558099e-08, 1.63889843918e-08, 2.24289795625e-08, 1.07786846115e-08, 6.13789596926e-09, 8.04401523169e-09, 9.71858682419e-09, 7.08965997021e-09, 3.66982799704e-09, 1.42611789045e-09, 2.3621637979e-09, 1.22772170208e-09, 1.70738534422e-09, 1.74008485399e-09, 1.50273615773e-09, 1.04130082335e-09, 2.96415531009e-10, 9.33976229689e-10, 1.19751542016e-09, 1.03772679338e-09, 1.31105060142e-09, 1.04993802541e-09, 7.88558107701e-10, 8.62130700163e-10, 1.0935081729e-09, 7.8276407578e-10, 8.13938305644e-10, 8.24914081488e-10, 5.22172194373e-10, 5.46016176717e-10, 7.31610938498e-10, 6.48189946162e-10, 6.2531235745e-10, 4.55427473511e-10, 3.74014458293e-10, 3.72118197367e-10, 2.65807181821e-10, 3.14084369624e-10, 2.15633885747e-10, 7.66358781989e-11, 5.89536613971e-11, 1.7326631796e-10, 1.0411940754e-10, 1.64073449271e-10, 1.40408462634e-10, 1.83918609509e-11, 5.09280569105e-11, 6.98693273377e-13, 4.73873924042e-13, 3.43150473314e-11, 2.27583594331e-11, 3.16210794528e-12, 4.44744013752e-13, 1.09385773822e-13, 9.04266014823e-14, 9.30713568281e-14, 8.21563750733e-14, 7.36550374186e-14, 6.86526370149e-14, 7.24325384827e-14, 5.16909614884e-14, 2.32599245312e-14, 3.29639494446e-15, 1.61849202677e-16],
        "stdev": [0.00229281163774, 0.0110200839117, 0.0103497095406, 0.00549980765209, 0.00319550349377, 0.00191083352547, 0.00114638812374, 0.00110641599167, 0.000886232184712, 0.0024598937016, 0.00351105653681, 0.0015111543471, 0.000598540704232, 0.00037922008778, 0.000280919601209, 0.000205108794034, 0.000189881742699, 0.000230471923715, 0.000378586584702, 0.000557007209864, 0.000545916554984, 0.000428189785453, 0.000329569651512, 0.00031468240195, 0.000383975653676, 0.000465184770292, 0.000496274791658, 0.000409291358665, 0.000319686892908, 0.000246015930315, 0.000162062759046, 0.000270693562925, 0.000212514045415, 0.000219547509914, 0.000160768235219, 0.00014787731925, 0.000151707907207, 0.000164157463587, 0.000169070466654, 0.000161510819453, 0.000170425031683, 0.000194094624021, 0.000176027941052, 0.000117169620353, 9.64591163211e-05, 0.000111692366772, 0.00012847247126, 7.49937462388e-05, 0.000135325433803, 9.62133926805e-05, 7.42284828448e-05, 9.73378919298e-05, 0.000141333672218, 0.000133810972329, 8.54172976688e-05, 0.0001157071747, 0.000103745922388, 9.53711569309e-05, 0.000152574619278, 9.8870616057e-05, 6.96929200785e-05, 9.80813783826e-05, 0.000100897894299, 3.50635127688e-05, 0.000117444578791, 3.07590562443e-05, 2.22176167881e-05, 2.39359342231e-05, 2.46564395638e-05, 1.21210105135e-05, 7.20652542441e-06, 3.08454145852e-05, 9.98997620627e-06, 6.26239898338e-06, 5.07902313984e-06, 4.90467209602e-06, 4.23714755016e-06, 5.11698590344e-06, 4.1932039494e-06, 4.07541392633e-06, 4.0853756218e-06, 3.08800395032e-06, 2.42131363848e-06, 3.53232553607e-06, 5.29085764356e-06, 5.24228880749e-06, 4.83285748487e-06, 5.34301761945e-06, 3.94676226279e-06, 3.10536916004e-06, 3.16524824484e-06, 3.33915681949e-06, 1.78838729425e-06, 2.44851617026e-06, 2.7790324566e-06, 1.87569253285e-06, 2.05843525691e-06, 2.27871692005e-06, 2.88519254354e-06, 2.29374381888e-06, 1.94784638552e-06, 1.94305584955e-06, 3.13273199026e-06, 2.38313600676e-06, 2.04152979677e-06, 2.35390484704e-06, 1.57588658567e-06, 1.79227401986e-06, 1.31731746933e-06, 1.61128764375e-06, 1.41974419421e-06, 1.24840380522e-06, 3.98574428573e-07, 2.38434239463e-07, 3.24757365888e-07, 1.71126472992e-07, 6.32512140442e-08, 3.83239964208e-08, 4.2239481246e-08, 3.66115386896e-08, 3.01267135683e-08, 1.69615557155e-08, 6.89192036774e-09, 2.8191229906e-10, 8.65094107461e-11, 8.46489683903e-11, 8.35070554372e-11, 8.27997878594e-11]
    },
    "mfcc": {
        "mean": [-671.791992188, 99.8590393066, -8.92347812653, 27.3003921509, 10.6070566177, 0.789714932442, 14.7974939346, 15.5414400101, -0.755781948566, 5.0826921463, 5.92182397842, -0.636868596077, 1.09599852562],
        "cov": [[5603.66552734, -41.6303329468, 866.272338867, 394.992980957, 456.572723389, 193.66708374, -345.534606934, 32.1713829041, 126.078735352, -64.0884017944, -123.729064941, -159.618377686, -78.0006103516], [-41.6303329468, 767.751037598, -143.976623535, 54.4774093628, 63.0226097107, -20.9346752167, 93.9465408325, 89.5768966675, 65.0117874146, 93.6775817871, 103.850090027, 75.7322845459, 60.0492172241], [866.272338867, -143.976623535, 894.00012207, 319.992034912, 172.963577271, 357.080688477, 67.1123580933, 47.9375762939, 52.0063285828, -45.1436958313, -4.10198688507, -50.2019195557, 18.8549633026], [394.992980957, 54.4774093628, 319.992034912, 465.118408203, 251.730392456, 160.968704224, 119.288452148, 87.1650238037, 91.5448532104, 54.0665740967, 63.2077217102, 21.7172985077, 86.5118331909], [456.572723389, 63.0226097107, 172.963577271, 251.730392456, 363.528747559, 119.595046997, 2.2652592659, 78.5053253174, 108.271369934, 41.9571075439, 45.812210083, 26.2110347748, 30.6391716003], [193.66708374, -20.9346752167, 357.080688477, 160.968704224, 119.595046997, 348.064147949, 170.795074463, 46.672000885, 83.0930938721, 54.436164856, 57.8851318359, 42.4506645203, 36.5103912354], [-345.534606934, 93.9465408325, 67.1123580933, 119.288452148, 2.2652592659, 170.795074463, 356.371948242, 119.68208313, 72.4417724609, 116.310829163, 108.220855713, 62.3898353577, 74.1278610229], [32.1713829041, 89.5768966675, 47.9375762939, 87.1650238037, 78.5053253174, 46.672000885, 119.68208313, 205.718933105, 94.4711608887, 51.350894928, 83.3287734985, 17.5769920349, 32.5344390869], [126.078735352, 65.0117874146, 52.0063285828, 91.5448532104, 108.271369934, 83.0930938721, 72.4417724609, 94.4711608887, 229.29574585, 149.355941772, 88.803604126, 88.6881866455, 59.1391525269], [-64.0884017944, 93.6775817871, -45.1436958313, 54.0665740967, 41.9571075439, 54.436164856, 116.310829163, 51.350894928, 149.355941772, 214.985610962, 98.1806182861, 86.361038208, 62.5563545227], [-123.729064941, 103.850090027, -4.10198688507, 63.2077217102, 45.812210083, 57.8851318359, 108.220855713, 83.3287734985, 88.803604126, 98.1806182861, 133.815551758, 63.6761169434, 46.4475822449], [-159.618377686, 75.7322845459, -50.2019195557, 21.7172985077, 26.2110347748, 42.4506645203, 62.3898353577, 17.5769920349, 88.6881866455, 86.361038208, 63.6761169434, 139.630371094, 52.619468689], [-78.0006103516, 60.0492172241, 18.8549633026, 86.5118331909, 30.6391716003, 36.5103912354, 74.1278610229, 32.5344390869, 59.1391525269, 62.5563545227, 46.4475822449, 52.619468689, 100.805404663]],
        "icov": [[0.000263903843006, -7.11353350198e-05, -0.000223342794925, -7.78839748818e-05, -0.000137501425343, -7.07008075551e-06, 0.000323043845128, -0.000100917051896, -0.000125533595565, -0.000196010005311, 0.000259453081526, 0.000185716722626, 0.000173357941094], [-7.11353350198e-05, 0.00159886851907, 0.000267217750661, -1.00972738437e-05, -0.000258251733612, 0.000233508515521, -0.000180020870175, -0.000332282681484, 0.000423007353675, -0.000137438211823, -0.000796246225946, -0.000424906873377, -0.000389448454371], [-0.000223342794925, 0.000267217750661, 0.00321105029434, -0.00165587745141, 0.000988413696177, -0.00332124670967, 0.000954620190896, -0.000471000035759, -0.000532924081199, 0.00101565103978, 0.000207648976357, 0.00114922889043, -0.000172193904291], [-7.78839748818e-05, -1.00972738437e-05, -0.00165587745141, 0.00566003285348, -0.00342869572341, 0.00138844689354, -0.00186023279093, 0.000550854601897, 0.000405837054132, 6.48101704428e-05, -0.000532375532202, 0.000577656493988, -0.00320714502595], [-0.000137501425343, -0.000258251733612, 0.000988413696177, -0.00342869572341, 0.00624980265275, -0.00235441699624, 0.00252101756632, -0.00157554843463, -0.00126297515817, 0.000183115000254, -4.53737811767e-05, -0.000254240265349, 0.00119382957928], [-7.07008075551e-06, 0.000233508515521, -0.00332124670967, 0.00138844689354, -0.00235441699624, 0.00876143295318, -0.00442184926942, 0.00232411455363, -0.00101872463711, 0.000484012824018, -0.00103851105087, -0.0016201576218, 0.000950450135861], [0.000323043845128, -0.000180020870175, 0.000954620190896, -0.00186023279093, 0.00252101756632, -0.00442184926942, 0.00793130975217, -0.00390832684934, 0.00235911062919, -0.00286831567064, -0.000574678822886, -6.6968597821e-05, -0.00126483128406], [-0.000100917051896, -0.000332282681484, -0.000471000035759, 0.000550854601897, -0.00157554843463, 0.00232411455363, -0.00390832684934, 0.0100069344044, -0.00447339424863, 0.00334629439749, -0.00445818156004, 0.00258987816051, 0.000266717019258], [-0.000125533595565, 0.000423007353675, -0.000532924081199, 0.000405837054132, -0.00126297515817, -0.00101872463711, 0.00235911062919, -0.00447339424863, 0.012739142403, -0.00715636974201, 0.00015083879407, -0.0038412429858, -0.0012329488527], [-0.000196010005311, -0.000137438211823, 0.00101565103978, 6.48101704428e-05, 0.000183115000254, 0.000484012824018, -0.00286831567064, 0.00334629439749, -0.00715636974201, 0.0127364220098, -0.00425657909364, -3.8754860725e-05, -0.00124098395463], [0.000259453081526, -0.000796246225946, 0.000207648976357, -0.000532375532202, -4.53737811767e-05, -0.00103851105087, -0.000574678822886, -0.00445818156004, 0.00015083879407, -0.00425657909364, 0.0168517623097, -0.00300799310207, -0.000297058810247], [0.000185716722626, -0.000424906873377, 0.00114922889043, 0.000577656493988, -0.000254240265349, -0.0016201576218, -6.6968597821e-05, 0.00258987816051, -0.0038412429858, -3.8754860725e-05, -0.00300799310207, 0.0134340990335, -0.00378535361961], [0.000173357941094, -0.000389448454371, -0.000172193904291, -0.00320714502595, 0.00119382957928, 0.000950450135861, -0.00126483128406, 0.000266717019258, -0.0012329488527, -0.00124098395463, -0.000297058810247, -0.00378535361961, 0.0168139915913]]
    },
    "spectral_contrast_coeffs": {
        "max": [-0.309968084097, -0.439337730408, -0.466935932636, -0.558269679546, -0.52101200819, -0.69079554081],
        "mean": [-0.723214626312, -0.78878724575, -0.774855613708, -0.809877693653, -0.756259024143, -0.796631336212],
        "min": [-0.916753649712, -0.945597290993, -0.928860545158, -0.907120883465, -0.891970276833, -0.887337267399],
        "stdev": [0.0962382480502, 0.077409490943, 0.0684435740113, 0.0617014579475, 0.0603147558868, 0.0266447681934]
    },
    "spectral_contrast_valleys": {
        "max": [-4.94993162155, -4.9441857338, -5.47635746002, -5.87757253647, -5.82509899139, -7.77075910568],
        "mean": [-7.28736543655, -7.32636356354, -7.66532754898, -7.8075170517, -7.67338657379, -10.1835432053],
        "min": [-12.0475063324, -9.49252986908, -9.52038383484, -9.45031356812, -9.78695869446, -12.8156003952],
        "stdev": [1.18340098858, 0.769187986851, 0.634876549244, 0.641304075718, 0.742404699326, 0.95715790987]
    }
},
"rhythm": {
    "beats_count": 78,
    "beats_loudness": {
        "max": 0.133018925786,
        "mean": 0.0867417231202,
        "min": 0.000258796411799,
        "stdev": 0.0277621634305
    },
    "bpm": 96.9624938965,
    "bpm_histogram_first_peak_bpm": 98,
    "bpm_histogram_first_peak_weight": 0.41333335638,
    "bpm_histogram_second_peak_bpm": 91,
    "bpm_histogram_second_peak_spread": 0,
    "bpm_histogram_second_peak_weight": 0.0259740259498,
    "danceability": 1.48924410343,
    "onset_rate": 5.0654296875,
    "beats_loudness_band_ratio": {
        "max": [0.985885262489, 0.0718709304929, 0.351077467203, 0.303036987782, 0.384071677923, 0.544360935688],
        "mean": [0.859449505806, 0.0171902701259, 0.0364303663373, 0.0352407172322, 0.0382308028638, 0.025562170893],
        "min": [0.000642662635073, 0.000698352057952, 0.000512220547535, 0.00107269687578, 0.000424560450483, 0.00113578792661],
        "stdev": [0.170099616051, 0.0171657726169, 0.0616835281253, 0.0595402978361, 0.0703310370445, 0.0606454759836]
    },
