{
"metadata": {
    "version": {
        "essentia": "2.1-beta5",
        "essentia_git_sha": "Undefined",
        "extractor": "music 2.0"
    },
    "audio_properties": {
        "analysis": {
            "equal_loudness": 0,
            "length": 29.0017242432,
            "sample_rate": 44100,
            "start_time": 64.9926528931,
            "downmix": "mix"
        },
        "bit_rate": 192000,
        "length": 190.984146118,
        "lossless": 0,
        "number_channels": 2,
        "replay_gain": 2.56529045105,
        "sample_rate": 48000,
        "codec": "mp3",
        "md5_encoded": "17ff33827c25e3832acff0209b17f28d"
    },
    "tags": {
        "file_name": "Belarus_Hasta La Vista_Ruslan Alehno.mp3",
        "encoding": ["Lavf58.29.100"]
    }
},
"lowlevel": {
    "average_loudness": 0.973330199718,
    "barkbands_crest": {
        "max": 17.8624839783,
        "mean": 6.69939994812,
        "min": 2.42917656898,
        "stdev": 2.85940623283
    },
    "barkbands_flatness_db": {
        "max": 0.192759647965,
        "mean": 0.11356125772,
        "min": 0.0588760487735,
        "stdev": 0.018417622894
    },
    "barkbands_kurtosis": {
        "max": 9.84419631958,
        "mean": -0.705793917179,
        "min": -1.86503589153,
        "stdev": 1.12907910347
    },
    "barkbands_skewness": {
        "max": 3.01553916931,
        "mean": 0.237587183714,
        "min": -3.13436102867,
        "stdev": 0.661703765392
    },
    "barkbands_spread": {
        "max": 108.082298279,
        "mean": 43.379901886,
        "min": 14.236000061,
        "stdev": 12.8533382416
    },
    "dissonance": {
        "max": 0.5,
        "mean": 0.48238709569,
        "min": 0.397913098335,
        "stdev": 0.0119545562193
    },
    "dynamic_complexity": 1.56368434429,
    "erbbands_crest": {
        "max": 21.78490448,
        "mean": 7.61758995056,
        "min": 2.71448421478,
        "stdev": 3.22030925751
    },
    "erbbands_flatness_db": {
        "max": 0.239333093166,
        "mean": 0.163083329797,
        "min": 0.101122535765,
        "stdev": 0.0260233171284
    },
    "erbbands_kurtosis": {
        "max": 8.09631538391,
        "mean": 0.430132508278,
        "min": -1.66760921478,
        "stdev": 1.36245810986
    },
    "erbbands_skewness": {
        "max": 1.57466268539,
        "mean": -0.43702045083,
        "min": -2.54787397385,
        "stdev": 0.541684627533
    },
    "erbbands_spread": {
        "max": 75.1714859009,
        "mean": 34.3322753906,
        "min": 10.1031227112,
        "stdev": 10.5057411194
    },
    "hfc": {
        "max": 152.630950928,
        "mean": 39.6879501343,
        "min": 3.96488213539,
        "stdev": 21.4738121033
    },
    "loudness_ebu128": {
        "integrated": -25.1386852264,
        "loudness_range": 1.59175872803,
        "momentary": {
            "max": -22.9624118805,
            "mean": -25.2919750214,
            "min": -28.2270946503,
            "stdev": 1.17210185528
        },
        "short_term": {
            "max": -24.002784729,
            "mean": -25.2072353363,
            "min": -25.9938774109,
            "stdev": 0.520645439625
        }
    },
    "melbands_crest": {
        "max": 32.1531677246,
        "mean": 11.1231002808,
        "min": 3.46909427643,
        "stdev": 4.83525085449
    },
    "melbands_flatness_db": {
        "max": 0.244341641665,
        "mean": 0.109465576708,
        "min": 0.0231100618839,
        "stdev": 0.0298309996724
    },
    "melbands_kurtosis": {
        "max": 38.0979270935,
        "mean": 2.50326299667,
        "min": -1.66787719727,
        "stdev": 4.5213060379
    },
    "melbands_skewness": {
        "max": 5.79090738297,
        "mean": 1.4741538763,
        "min": -0.65887182951,
        "stdev": 0.936303079128
    },
    "melbands_spread": {
        "max": 232.675964355,
        "mean": 60.3346366882,
        "min": 10.7892599106,
        "stdev": 25.2288856506
    },
    "pitch_salience": {
        "max": 0.816043376923,
        "mean": 0.589363276958,
        "min": 0.292907267809,
        "stdev": 0.0803873389959
    },
    "silence_rate_20dB": {
        "max": 1,
        "mean": 1,
        "min": 1,
        "stdev": 0
    },
    "silence_rate_30dB": {
        "max": 1,
        "mean": 1,
        "min": 1,
        "stdev": 0
    },
    "silence_rate_60dB": {
        "max": 0,
        "mean": 0,
        "min": 0,
        "stdev": 0
    },
    "spectral_centroid": {
        "max": 5130.79248047,
        "mean": 2484.85107422,
        "min": 1260.8918457,
        "stdev": 438.43460083
    },
    "spectral_complexity": {
        "max": 48,
        "mean": 29.23279953,
        "min": 3,
        "stdev": 6.96133327484
    },
    "spectral_decrease": {
        "max": -4.07663958146e-10,
        "mean": -5.37974154113e-09,
        "min": -1.6752794707e-08,
        "stdev": 2.39480457687e-09
    },
    "spectral_energy": {
        "max": 0.0690933838487,
        "mean": 0.0239042248577,
        "min": 0.00224062311463,
        "stdev": 0.010171867907
    },
    "spectral_energyband_high": {
        "max": 0.0193896926939,
        "mean": 0.00248511880636,
        "min": 0.000226438307436,
        "stdev": 0.00219934294
    },
    "spectral_energyband_low": {
        "max": 0.0396467074752,
        "mean": 0.00591192953289,
        "min": 4.2966195906e-05,
        "stdev": 0.00521491840482
    },
    "spectral_energyband_middle_high": {
        "max": 0.0372829586267,
        "mean": 0.0101903993636,
        "min": 0.00044757197611,
        "stdev": 0.00677621690556
    },
    "spectral_energyband_middle_low": {
        "max": 0.0441805198789,
        "mean": 0.00578016089275,
        "min": 0.00032369454857,
        "stdev": 0.0043632350862
    },
    "spectral_entropy": {
        "max": 8.79183769226,
        "mean": 7.96869134903,
        "min": 7.39367771149,
        "stdev": 0.192088112235
    },
    "spectral_flux": {
        "max": 0.214613467455,
        "mean": 0.0956511721015,
        "min": 0.0304560475051,
        "stdev": 0.0298717767
    },
    "spectral_kurtosis": {
        "max": 10.4818630219,
        "mean": 2.04596614838,
        "min": -1.07491755486,
        "stdev": 1.11716282368
    },
    "spectral_rms": {
        "max": 0.00821024831384,
        "mean": 0.00471793441102,
        "min": 0.00147850392386,
        "stdev": 0.00103066430893
    },
    "spectral_rolloff": {
        "max": 10572.8027344,
        "mean": 3388.29833984,
        "min": 107.666015625,
        "stdev": 1528.76745605
    },
    "spectral_skewness": {
        "max": 2.27062678337,
        "mean": 0.990491330624,
        "min": -0.0303752850741,
        "stdev": 0.216123044491
    },
    "spectral_spread": {
        "max": 11035232,
        "mean": 4394468.5,
        "min": 2428927.5,
        "stdev": 943769.125
    },
    "spectral_strongpeak": {
        "max": 12.060836792,
        "mean": 1.45096802711,
        "min": 0,
        "stdev": 2.0884540081
    },
    "zerocrossingrate": {
        "max": 0.359375,
        "mean": 0.107387110591,
        "min": 0.0361328125,
        "stdev": 0.0358381681144
    },
    "barkbands": {
        "max": [0.00739159062505, 0.0277780685574, 0.0177957080305, 0.0135409720242, 0.0152635583654, 0.00973581988364, 0.0129907839, 0.0185155831277, 0.0312685519457, 0.0121077364311, 0.0125864027068, 0.0224959477782, 0.0144262444228, 0.0240588337183, 0.011292967014, 0.0284618604928, 0.00862273480743, 0.00549468956888, 0.0114618353546, 0.00414098147303, 0.0042018420063, 0.00655099749565, 0.00632949499413, 0.00743983732536, 0.00772304367274, 1.69574013853e-05, 4.60809224023e-06],
        "mean": [0.000566832430195, 0.00354227703065, 0.0014776798198, 0.00076244038064, 0.00132660323288, 0.0007981142262, 0.000795378990006, 0.000733987311833, 0.00114109949209, 0.00072481209645, 0.000959696189966, 0.000556875311304, 0.000720200827345, 0.00109914899804, 0.000985794467852, 0.00154208217282, 0.00128783879336, 0.000855208782014, 0.00116442609578, 0.00055134401191, 0.000387914071325, 0.000984317972325, 0.000487012817757, 0.000281830085441, 0.000171211897396, 8.89629845346e-08, 6.22412787976e-09],
        "min": [3.75425827315e-07, 1.65824876603e-05, 7.33624528948e-06, 5.92738160776e-06, 1.31463948492e-05, 1.19457972687e-05, 5.84032432016e-06, 5.93169443164e-06, 8.40418215375e-06, 1.32641380333e-05, 5.27643533133e-06, 9.39339770412e-06, 1.14990471047e-05, 1.30529015223e-05, 1.27493949549e-05, 1.0747909073e-05, 1.27347320813e-05, 2.91510496027e-05, 2.43129434239e-05, 9.06682817003e-06, 1.87938130694e-05, 3.57179487764e-05, 1.85776061699e-05, 8.60838008521e-06, 5.33233151145e-06, 2.33930264049e-10, 2.77042611074e-10],
        "stdev": [0.000780831440352, 0.00387827213854, 0.00157285109162, 0.000977938645519, 0.00175047223456, 0.00108639162499, 0.00122627266683, 0.00128718104679, 0.00223267357796, 0.00111249729525, 0.00183795811608, 0.00105887651443, 0.0015761856921, 0.00230873562396, 0.00121601799037, 0.00301019730978, 0.00139735324774, 0.000723211094737, 0.00106039305683, 0.000444639095804, 0.000408519204939, 0.000885727698915, 0.000604788656346, 0.000703022233211, 0.000504686904605, 8.03846944564e-07, 1.40123191272e-07]
    },
    "erbbands": {
        "max": [1.34947419167, 5.88109207153, 15.8264770508, 23.2888088226, 67.6649856567, 52.6243057251, 71.693939209, 118.883712769, 145.043685913, 259.186767578, 283.009063721, 905.477539062, 542.737121582, 487.296203613, 463.068786621, 819.730957031, 767.992919922, 695.982299805, 1167.1439209, 946.995422363, 1144.06091309, 552.3984375, 306.704681396, 378.603240967, 715.668579102, 155.592773438, 107.261047363, 199.602661133, 254.340881348, 289.82220459, 180.525665283, 147.20980835, 175.502929688, 124.267944336, 38.916217804, 2.21092963219, 0.0609098859131, 0.00434534950182, 0.000813092221506, 0.000175209308509],
        "mean": [0.137124300003, 0.652841806412, 1.64591991901, 2.28270459175, 4.05871915817, 4.01506519318, 4.61556339264, 6.97392034531, 10.3012046814, 13.2267456055, 19.2117557526, 26.5808849335, 23.8820209503, 27.8530464172, 33.4037208557, 24.1304702759, 32.5895347595, 40.3581008911, 66.4496841431, 66.7910003662, 74.8219528198, 71.6131668091, 49.5758514404, 54.9276313782, 55.8845481873, 24.2000637054, 13.8753328323, 19.6832294464, 37.4983482361, 24.505613327, 12.1512556076, 6.74757242203, 4.33331489563, 2.50510263443, 0.906913101673, 0.0492270551622, 0.00145732751116, 0.000128569707158, 3.69484587281e-05, 3.73456787202e-05],
        "min": [0.00010860117618, 0.00521293189377, 0.0095525700599, 0.0129478424788, 0.0384389311075, 0.027326900512, 0.05605821684, 0.131565988064, 0.0846646204591, 0.139410719275, 0.237017437816, 0.506204545498, 0.591237604618, 0.71829867363, 0.542468905449, 0.566330969334, 0.93220603466, 0.930117845535, 2.17890739441, 1.70294046402, 0.867159664631, 0.711259782314, 1.63058292866, 1.70536351204, 1.44328248501, 0.424953341484, 0.457249164581, 1.33230721951, 1.16936540604, 1.37512624264, 0.433463394642, 0.179469630122, 0.0970708206296, 0.0683935582638, 0.0313270278275, 0.00196787435561, 6.13682714175e-05, 6.79996310282e-06, 3.47131776834e-06, 4.93323750561e-06],
        "stdev": [0.178846210241, 0.72021651268, 1.7174372673, 2.48517274857, 5.56551456451, 5.53710603714, 6.09962415695, 10.4629173279, 13.4798498154, 22.7345600128, 31.7691173553, 57.9255142212, 35.8443069458, 46.8730659485, 58.3214263916, 41.5401191711, 66.6886062622, 64.6017379761, 114.604003906, 94.8873443604, 119.700042725, 77.9132537842, 41.6091804504, 42.6823425293, 54.3151664734, 18.0076217651, 11.2046070099, 20.7009220123, 34.7970695496, 24.3373451233, 16.4938907623, 12.8641796112, 13.6324119568, 8.05546188354, 2.33604979515, 0.121435701847, 0.00357803585939, 0.000303405249724, 5.03172523167e-05, 1.85179796972e-05]
    },
    "gfcc": {
        "mean": [35.5161857605, 76.5322036743, -153.177001953, 70.6715240479, -68.9205474854, 31.6762275696, -39.923324585, 14.9011745453, -11.6101770401, -4.90803527832, -7.79374361038, -6.6232790947, -0.811764419079],
        "cov": [[560.784301758, -67.0438690186, -87.9686126709, -55.5396614075, -64.3983612061, 16.0068035126, -5.6160902977, -21.3627319336, 35.3596878052, -26.2280731201, -9.86326789856, 12.1666975021, -35.2274093628], [-67.0438690186, 396.230224609, -88.5566482544, -8.52877140045, 38.8966712952, -97.0998001099, 67.7154388428, -27.4951934814, 3.31288123131, -30.2682743073, 20.3888721466, -25.4740333557, -6.50942182541], [-87.9686126709, -88.5566482544, 315.963043213, 86.8891372681, -4.08322048187, -4.9265704155, -103.399559021, 44.0784225464, -46.4876976013, 51.6131668091, -20.5091724396, 4.38474273682, 22.6599121094], [-55.5396614075, -8.52877140045, 86.8891372681, 141.005661011, 50.5159988403, -45.4756393433, -37.4558563232, 9.14316368103, 33.5780181885, 16.0994739532, -19.5790519714, 9.33308601379, 20.5221996307], [-64.3983612061, 38.8966712952, -4.08322048187, 50.5159988403, 115.181259155, 38.0316543579, 18.335521698, 9.64580535889, 2.51729989052, 5.82329654694, 4.78708028793, -8.75354671478, 13.1502809525], [16.0068035126, -97.0998001099, -4.9265704155, -45.4756393433, 38.0316543579, 211.762329102, 106.951660156, -21.3394584656, -57.5615501404, -23.3270225525, 28.3881549835, -12.7901563644, -11.4920463562], [-5.6160902977, 67.7154388428, -103.399559021, -37.4558563232, 18.335521698, 106.951660156, 176.207946777, -5.38967752457, -28.251115799, -44.3247184753, 34.115146637, -11.8834142685, -20.1751689911], [-21.3627319336, -27.4951934814, 44.0784225464, 9.14316368103, 9.64580535889, -21.3394584656, -5.38967752457, 94.7528762817, 21.3756198883, 8.50016784668, -1.64082574844, -0.626750469208, 8.51120281219], [35.3596878052, 3.31288123131, -46.4876976013, 33.5780181885, 2.51729989052, -57.5615501404, -28.251115799, 21.3756198883, 136.57649231, 17.5223846436, -15.1645145416, 20.6918869019, 4.88019657135], [-26.2280731201, -30.2682743073, 51.6131668091, 16.0994739532, 5.82329654694, -23.3270225525, -44.3247184753, 8.50016784668, 17.5223846436, 76.7487335205, 9.54568958282, 7.26147556305, 11.1566257477], [-9.86326789856, 20.3888721466, -20.5091724396, -19.5790519714, 4.78708028793, 28.3881549835, 34.115146637, -1.64082574844, -15.1645145416, 9.54568958282, 65.6716918945, 10.7215242386, -3.29528737068], [12.1666975021, -25.4740333557, 4.38474273682, 9.33308601379, -8.75354671478, -12.7901563644, -11.8834142685, -0.626750469208, 20.6918869019, 7.26147556305, 10.7215242386, 62.5214614868, 21.4029502869], [-35.2274093628, -6.50942182541, 22.6599121094, 20.5221996307, 13.1502809525, -11.4920463562, -20.1751689911, 8.51120281219, 4.88019657135, 11.1566257477, -3.29528737068, 21.4029502869, 50.6693191528]],
        "icov": [[0.00227124174125, -0.000393186172005, 0.00130547583103, -0.000771091377828, 0.00190477678552, -0.00186484970618, 0.00174662284553, -0.000767822144553, -0.000142750010127, 0.000107990919787, 0.000574191275518, -0.000982938916422, 0.00160667311866], [-0.000393186172005, 0.0104357860982, -0.0075314193964, 0.0107099488378, -0.0123741775751, 0.0172234419733, -0.0134167037904, 0.0104709966108, -0.00416908040643, 0.00555578060448, -0.00455284118652, 0.00521686905995, -0.00320699159056], [0.00130547583103, -0.0075314193964, 0.0161371547729, -0.0166777968407, 0.0150083638728, -0.0183950830251, 0.0166156552732, -0.0141369719058, 0.00923608615994, -0.00822602771223, 0.00476658018306, -0.00477910460904, 0.00365195097402], [-0.000771091377828, 0.0107099488378, -0.0166777968407, 0.0294950138777, -0.0232768543065, 0.0248947776854, -0.0190096851438, 0.0168169736862, -0.0106219379231, 0.00867355149239, -0.00336152478121, 0.00460437405854, -0.00540475221351], [0.00190477678552, -0.0123741775751, 0.0150083638728, -0.0232768543065, 0.0317529514432, -0.0274724662304, 0.0194536857307, -0.0171216893941, 0.0073137874715, -0.00922607630491, 0.00455756438896, -0.00332711567171, 0.00162930681836], [-0.00186484970618, 0.0172234419733, -0.0183950830251, 0.0248947776854, -0.0274724662304, 0.0405034199357, -0.030348232016, 0.0222284793854, -0.00788061134517, 0.0106147136539, -0.00824637990445, 0.00878288969398, -0.0062660635449], [0.00174662284553, -0.0134167037904, 0.0166156552732, -0.0190096851438, 0.0194536857307, -0.030348232016, 0.032607793808, -0.0184634290636, 0.00822752341628, -0.00424628471956, 0.00219551776536, -0.00660432409495, 0.00698733469471], [-0.000767822144553, 0.0104709966108, -0.0141369719058, 0.0168169736862, -0.0171216893941, 0.0222284793854, -0.0184634290636, 0.0260765459388, -0.00967783946544, 0.00746501190588, -0.00567937456071, 0.00717525091022, -0.00603616051376], [-0.000142750010127, -0.00416908040643, 0.00923608615994, -0.0106219379231, 0.0073137874715, -0.00788061134517, 0.00822752341628, -0.00967783946544, 0.0152339814231, -0.00686812680215, 0.00507556227967, -0.00626025535166, 0.00377234793268], [0.000107990919787, 0.00555578060448, -0.00822602771223, 0.00867355149239, -0.00922607630491, 0.0106147136539, -0.00424628471956, 0.00746501190588, -0.00686812680215, 0.0224566906691, -0.00893883872777, 0.0041766311042, -0.00381684536114], [0.000574191275518, -0.00455284118652, 0.00476658018306, -0.00336152478121, 0.00455756438896, -0.00824637990445, 0.00219551776536, -0.00567937456071, 0.00507556227967, -0.00893883872777, 0.0232707802206, -0.00864850915968, 0.00446510408074], [-0.000982938916422, 0.00521686905995, -0.00477910460904, 0.00460437405854, -0.00332711567171, 0.00878288969398, -0.00660432409495, 0.00717525091022, -0.00626025535166, 0.0041766311042, -0.00864850915968, 0.0253965295851, -0.0123269604519], [0.00160667311866, -0.00320699159056, 0.00365195097402, -0.00540475221351, 0.00162930681836, -0.0062660635449, 0.00698733469471, -0.00603616051376, 0.00377234793268, -0.00381684536114, 0.00446510408074, -0.0123269604519, 0.0289231855422]]
    },
    "melbands": {
        "max": [0.00920712202787, 0.00715303281322, 0.0059629813768, 0.00352325593121, 0.00186651805416, 0.00227335910313, 0.00206254282966, 0.00300434301607, 0.00286966003478, 0.00601589819416, 0.00264662387781, 0.00188161479309, 0.00189067341853, 0.000763366988394, 0.0041754017584, 0.00167519191746, 0.00122131954413, 0.00255813007243, 0.000837695552036, 0.00253317155875, 0.00109539576806, 0.00067344243871, 0.000442896242021, 0.000286114023766, 0.000368318869732, 0.000538136868272, 0.000269216077868, 8.31313009257e-05, 5.20298162883e-05, 0.000177186186193, 0.000143299766933, 0.000147621802171, 0.000176759349415, 0.000154987719725, 0.000130709420773, 0.000108605447167, 9.89086111076e-05, 0.000154659996042, 0.000108496038592, 0.000110847875476],
        "mean": [0.00109766668174, 0.000848643190693, 0.000450156308943, 0.000303561246255, 0.000162762633408, 0.000159962379257, 0.000157857590239, 0.000142689721542, 0.000167725520441, 0.000165378995007, 0.000118145093438, 0.000109170017822, 0.000126136583276, 5.81906570005e-05, 7.64779906604e-05, 6.79375734762e-05, 7.70040642237e-05, 0.000116167982924, 7.49983300921e-05, 0.000121183977171, 7.55196451792e-05, 7.96494932729e-05, 4.8142625019e-05, 4.30905456597e-05, 4.42243508587e-05, 4.34289249824e-05, 3.23279637087e-05, 1.21586563182e-05, 7.76162960392e-06, 9.90722583083e-06, 1.15797101898e-05, 2.15662021219e-05, 1.89063212019e-05, 1.19314709082e-05, 7.26153530195e-06, 5.14050816491e-06, 3.62643118024e-06, 3.08813855554e-06, 2.55808140537e-06, 1.99186047212e-06],
        "min": [2.45996170634e-06, 5.28969803781e-06, 3.27604561789e-06, 2.74527747024e-06, 1.32220725391e-06, 2.7621758818e-06, 1.36071537327e-06, 1.59928401899e-06, 1.38341647471e-06, 2.51281517194e-06, 2.66445431407e-06, 1.62257731517e-06, 8.35273851862e-07, 1.27497082758e-06, 1.61712932822e-06, 1.7785049522e-06, 9.39032361202e-07, 2.38490656557e-06, 1.15691977953e-06, 6.43207670237e-07, 9.21652656416e-07, 5.36075162927e-07, 1.21537129871e-06, 1.72875252247e-06, 1.34791218898e-06, 6.53224958569e-07, 5.59873342354e-07, 2.07203427749e-07, 2.09910751892e-07, 2.13398820392e-07, 5.87625322623e-07, 4.72854480904e-07, 7.131171742e-07, 5.56048973976e-07, 1.7206251357e-07, 1.37136538569e-07, 1.02145293113e-07, 6.14570225821e-08, 6.05013994459e-08, 5.31821022776e-08],
        "stdev": [0.00128440582193, 0.000819673179649, 0.000456010835478, 0.000425478618126, 0.00019881654589, 0.000219678637222, 0.000214611907722, 0.000245068426011, 0.000287169677904, 0.000369256857084, 0.000181963929208, 0.000183486699825, 0.000240584398853, 8.25901151984e-05, 0.000192550432985, 0.000163316202816, 0.000134487461764, 0.000240160370595, 9.13765325095e-05, 0.000247770483838, 0.000110632747237, 9.32019902393e-05, 4.77787871205e-05, 4.03520789405e-05, 3.74238297809e-05, 4.41461015726e-05, 3.18206948577e-05, 9.64614264376e-06, 6.13328302279e-06, 1.36214312079e-05, 1.31105825858e-05, 2.07976208912e-05, 1.94571130123e-05, 1.33878811539e-05, 1.0300035683e-05, 8.29837699712e-06, 8.09039011074e-06, 1.0381832908e-05, 8.67601011123e-06, 6.48316154184e-06]
    },
    "melbands128": {
        "max": [0.00614891108125, 0.0130645809695, 0.0117904189974, 0.00931941624731, 0.00844609551132, 0.00886683166027, 0.00509135145694, 0.00859450828284, 0.00819935649633, 0.00610725721344, 0.00393962254748, 0.00327011779882, 0.00282608740963, 0.00374849303626, 0.00392794050276, 0.00247853063047, 0.00373595301062, 0.00344368908554, 0.00470886053517, 0.0043135327287, 0.00644758017734, 0.00484809931368, 0.0042575490661, 0.00615801941603, 0.00966580398381, 0.00921630114317, 0.00318016833626, 0.00458849361166, 0.00231911567971, 0.00222768099047, 0.00309263076633, 0.00365028297529, 0.00393675919622, 0.00271070864983, 0.00198412826285, 0.000824789109174, 0.00207325164229, 0.00881488807499, 0.00234092329629, 0.00400234991685, 0.00354562303983, 0.0035771492403, 0.00167241261806, 0.00251903897151, 0.00549367861822, 0.00372995925136, 0.00232622004114, 0.00176890194416, 0.00130142143462, 0.00309369084425, 0.004360136576, 0.0052075390704, 0.00157874496654, 0.00102380779572, 0.00152480904944, 0.00131428148597, 0.00112194626126, 0.000743034121115, 0.000864417699631, 0.000590596755501, 0.000646844389848, 0.000392377434764, 0.00044782270561, 0.000550211057998, 0.000728582264856, 0.0006314595812, 0.00129808962811, 0.000525593466591, 0.000508459517732, 0.000260036846157, 0.000167303951457, 0.000131347711431, 6.44523606752e-05, 9.85119695542e-05, 9.3057336926e-05, 0.00035513509647, 0.000280208274489, 0.000290226918878, 0.000143724711961, 0.000234108461882, 0.00024970411323, 0.000223726281547, 0.000390378409065, 0.000266715855105, 0.000214710846194, 0.000254709797446, 0.000131571854581, 0.000127207880723, 0.00019080103084, 0.000108659973193, 0.000144507779623, 0.000145645273733, 0.000144374251249, 0.000119473152154, 0.000112460351374, 0.000196887325728, 0.000194818378077, 0.000235957370023, 0.000131654276629, 0.000110165710794, 0.000229760174989, 0.000121009070426, 8.12646831037e-05, 4.36899572378e-05, 4.79780719616e-05, 4.20803335146e-05, 6.81956544213e-06, 5.94755363181e-07, 6.76899460927e-08, 5.7258517927e-08, 4.89558296124e-08, 4.26346424831e-08, 3.76539581737e-08, 3.37741958845e-08, 3.06117122761e-08, 2.79607945686e-08, 2.56339767191e-08, 2.38429791466e-08, 2.22923990378e-08, 2.09873132206e-08, 1.97880254404e-08, 1.87780244687e-08, 1.80184702714e-08, 1.73162835182e-08, 1.67830798148e-08, 1.63432289924e-08, 1.60956457051e-08, 1.59054565074e-08],
        "mean": [0.000506168405991, 0.00125937187113, 0.00121347175445, 0.00104604673106, 0.000888928479981, 0.000696634931955, 0.000451778789284, 0.00037856871495, 0.000439346214989, 0.00033662331407, 0.000190883336472, 0.000164126395248, 0.000142920966027, 0.00018133125559, 0.000157146932906, 0.000143318102346, 0.000174345070263, 0.000153063680045, 0.000148034276208, 0.00015557592269, 0.000133206151077, 0.000125198319438, 0.000189524012967, 0.000187627359992, 0.000172000101884, 0.000175403649337, 0.000101174875454, 0.000116893956147, 0.000131219552713, 8.2996666606e-05, 0.000103408383438, 0.000154849054525, 0.000141921002069, 0.000101305755379, 5.92222677369e-05, 3.92917390855e-05, 6.22822481091e-05, 9.38200973906e-05, 6.87589199515e-05, 7.24948331481e-05, 6.9483408879e-05, 6.15239623585e-05, 5.31029982085e-05, 8.84444234543e-05, 0.000149525338202, 0.000122184486827, 7.6097305282e-05, 8.64755711518e-05, 5.76852617087e-05, 7.93116123532e-05, 0.000151972446474, 0.000153477114509, 5.39047105121e-05, 5.3103594837e-05, 8.6395368271e-05, 8.70812218636e-05, 7.40033428883e-05, 5.20494686498e-05, 3.66504318663e-05, 4.23175515607e-05, 4.93123225169e-05, 3.55491247319e-05, 4.58534414065e-05, 4.83661788167e-05, 3.93573209294e-05, 4.3170995923e-05, 4.66500860057e-05, 4.05375030823e-05, 3.1201132515e-05, 1.78428235813e-05, 1.06986008177e-05, 1.06460975076e-05, 7.87175576988e-06, 7.25214567865e-06, 6.69581868351e-06, 1.10817063614e-05, 1.03136753751e-05, 1.0216703231e-05, 9.87429939414e-06, 1.43105626194e-05, 2.10674279515e-05, 2.35393090406e-05, 2.65507333097e-05, 1.76184530574e-05, 1.38972163768e-05, 1.31591041281e-05, 1.16009641715e-05, 8.86764155439e-06, 7.00545979271e-06, 6.09467633694e-06, 5.43146506971e-06, 4.98290228279e-06, 4.47156162409e-06, 3.54579356099e-06, 3.17991111842e-06, 3.01695172311e-06, 3.15786815008e-06, 3.07857703774e-06, 2.58449699686e-06, 2.27601071856e-06, 2.17398132918e-06, 2.05870446734e-06, 1.66743961927e-06, 1.32846946599e-06, 1.139952019e-06, 8.26308792057e-07, 1.65106357031e-07, 4.08198719271e-09, 7.34842117711e-11, 6.22180917897e-11, 5.46680999081e-11, 4.91627884236e-11, 4.45431226626e-11, 4.08140916897e-11, 3.77544800978e-11, 3.5215070443e-11, 3.28279937956e-11, 3.11030819156e-11, 2.94777154075e-11, 2.82331033552e-11, 2.68636883571e-11, 2.59047141377e-11, 2.5126274325e-11, 2.43343383638e-11, 2.33726944049e-11, 2.219597596e-11, 2.15028272965e-11, 2.1244997081e-11],
        "min": [2.23034852809e-08, 7.14018995041e-08, 7.02679699316e-07, 2.61986679106e-06, 5.36099287274e-06, 2.68848157248e-06, 4.91085302201e-07, 2.71637054539e-06, 3.60544913747e-06, 3.84131823239e-07, 4.13227610352e-07, 4.85046030008e-07, 6.80627891825e-08, 9.86384748103e-07, 9.34036449962e-07, 1.22106155231e-06, 7.70697226926e-07, 5.59931550015e-07, 3.44744648828e-07, 3.25112580413e-07, 1.16812891804e-07, 8.89824463002e-08, 2.50016796599e-07, 2.6126608077e-07, 3.69540060774e-07, 1.6841151762e-07, 4.07339314279e-07, 7.21185188013e-07, 7.15888063496e-07, 7.09751247996e-07, 4.56238694824e-07, 3.75991419332e-07, 1.61585248293e-07, 4.40036330929e-07, 1.72439456492e-07, 4.61567509547e-07, 4.80936876102e-07, 7.97724737822e-07, 3.78474766194e-07, 7.00128452991e-07, 1.32593427793e-07, 2.68356785682e-07, 3.50572321395e-07, 5.77003334001e-07, 7.237976547e-07, 2.67166342383e-07, 1.17932154353e-06, 5.71197915633e-07, 3.89203506757e-07, 4.31914713772e-07, 4.60265169977e-07, 5.38218728252e-07, 5.39152949841e-07, 4.25815642302e-07, 6.21984554527e-07, 3.08684377615e-07, 2.01397469368e-07, 5.60863725241e-07, 6.20517425887e-07, 8.96026449482e-07, 7.05680747615e-07, 7.99890244707e-07, 5.95640017309e-07, 5.16657166827e-07, 4.50547162245e-07, 2.31678839668e-07, 4.67397995862e-07, 8.21730509415e-07, 3.54231872279e-07, 1.70210128658e-07, 2.87003814492e-07, 1.08610002769e-07, 1.734656081e-07, 9.75067067088e-08, 1.38630539936e-07, 2.03364251661e-07, 2.05108463547e-07, 2.12474503769e-07, 4.00341946261e-07, 4.26524820796e-07, 2.55154617435e-07, 3.23716562889e-07, 4.63486884428e-07, 4.82928612655e-07, 6.15885369371e-07, 5.21768924955e-07, 1.87964758425e-07, 1.1121937149e-07, 1.86075965303e-07, 1.25461582456e-07, 1.61149557698e-07, 1.11417968185e-07, 4.65258942484e-08, 6.9583201423e-08, 3.13239958416e-08, 3.94045294172e-08, 7.5164656721e-08, 1.59978199576e-08, 2.89316854918e-08, 2.88207626653e-08, 4.58954652061e-08, 5.88301318771e-08, 2.73852904797e-08, 1.29456454445e-08, 9.2744336655e-09, 1.03248396499e-08, 4.65917138204e-10, 1.46091309623e-12, 9.74013513073e-13, 7.019636066e-13, 6.41840042486e-13, 6.86576555158e-13, 7.25159569979e-13, 4.83092732484e-13, 7.32215557717e-13, 8.03156586376e-13, 7.94863632379e-13, 8.62760763439e-13, 7.36750287514e-13, 6.8947722965e-13, 8.85539092142e-13, 7.88070509457e-13, 7.4562166337e-13, 7.37910383838e-13, 6.46664958994e-13, 2.32892562657e-13, 3.16737264129e-14, 1.16798601295e-15],
        "stdev": [0.000687069725245, 0.00175178295467, 0.00157947768457, 0.00119803834241, 0.000993383582681, 0.000743463810068, 0.000549151969608, 0.000515764695592, 0.000661024881992, 0.000624681240879, 0.00030420551775, 0.000257256120676, 0.000224409726798, 0.000324947322952, 0.000335091986926, 0.000222295784624, 0.000246889190748, 0.000273679965176, 0.000366577150999, 0.000331627525156, 0.000307035807054, 0.000303945475025, 0.000408542837249, 0.000502351147588, 0.000536361534614, 0.000519866822287, 0.000258175452473, 0.000253944774158, 0.0002513921645, 0.000171210442204, 0.000268203497399, 0.000391670386307, 0.000391748093534, 0.000208415076486, 0.000159506060299, 6.96140632499e-05, 0.000134710528073, 0.000383031641832, 0.00017855776241, 0.000251407298492, 0.000242731635808, 0.000224370320211, 0.000120400523883, 0.000220996895223, 0.000468804588309, 0.000328629394062, 0.000173567488673, 0.000147858532728, 8.77402271726e-05, 0.000226532036322, 0.000391287583625, 0.000450779130915, 0.000104368053144, 8.9134737209e-05, 0.000152677195729, 0.000141638069181, 0.000127160732518, 7.78381581767e-05, 5.26390213054e-05, 5.83935943723e-05, 6.9915826316e-05, 3.99282034778e-05, 4.8664289352e-05, 5.73434735998e-05, 5.56271515961e-05, 5.59631407668e-05, 8.19795313873e-05, 5.08237571921e-05, 4.27652230428e-05, 2.28642402362e-05, 1.2303409676e-05, 1.08689309855e-05, 7.45409624869e-06, 8.63502827997e-06, 8.24687685963e-06, 2.24722352868e-05, 2.04197476705e-05, 1.77617912414e-05, 1.30380076371e-05, 2.03741547011e-05, 2.68604962912e-05, 2.8494043363e-05, 3.69126537407e-05, 2.29058568948e-05, 1.6580665033e-05, 1.77825259016e-05, 1.40453657878e-05, 1.18944954011e-05, 1.19003279906e-05, 1.03250831671e-05, 9.76055525825e-06, 8.81130199559e-06, 8.45211798151e-06, 8.54915469972e-06, 8.85158169694e-06, 1.07671639853e-05, 1.21180783026e-05, 1.16061073641e-05, 9.79581182037e-06, 7.62661511544e-06, 8.99973929336e-06, 7.08147354089e-06, 5.14088696946e-06, 3.57511294169e-06, 2.89220952254e-06, 2.04534535442e-06, 4.31752482655e-07, 2.7016778148e-08, 1.94842209034e-09, 1.65392488594e-09, 1.41995504244e-09, 1.2424478113e-09, 1.10290709898e-09, 9.94326065928e-10, 9.0591478763e-10, 8.31591240313e-10, 7.66415153564e-10, 7.16422865477e-10, 6.71937172569e-10, 6.3623395441e-10, 6.01670435696e-10, 5.74093994565e-10, 5.52298928813e-10, 5.32596466929e-10, 5.17665132982e-10, 5.05507080639e-10, 4.98188101883e-10, 4.92804852481e-10]
    },
    "mfcc": {
        "mean": [-582.012451172, 75.7049407959, -11.4145469666, 29.825345993, 6.81132268906, 11.4870109558, -5.02465057373, 14.7170858383, 2.11040067673, 4.44422864914, 5.27345752716, -5.65928649902, 4.38271856308],
        "cov": [[638.940124512, -50.8084716797, -110.031326294, -92.8672027588, -86.0845489502, 15.3523569107, -68.4521560669, 55.9171714783, -36.5202713013, 0.183993726969, 44.8860244751, -34.3422660828, -22.6551437378], [-50.8084716797, 343.065490723, -95.6786651611, 52.5986862183, -54.9057693481, -27.3893356323, 19.0459079742, 0.758965075016, -20.4858989716, -0.667697131634, 10.101140976, -6.24725055695, -8.72487545013], [-110.031326294, -95.6786651611, 262.511413574, 30.7787265778, 65.3645935059, -28.9233608246, 2.79062080383, -60.5339775085, 14.6249284744, -21.9075298309, -34.1466941833, 38.28673172, 8.36496067047], [-92.8672027588, 52.5986862183, 30.7787265778, 223.629653931, 69.2469711304, -65.8038635254, -95.5631561279, -44.5895729065, 49.46484375, -25.8155250549, -23.3598918915, 46.4746627808, 46.0765609741], [-86.0845489502, -54.9057693481, 65.3645935059, 69.2469711304, 146.891281128, -17.9082355499, -32.7938499451, -39.6187744141, 34.7649230957, 4.47131872177, -33.3654251099, 29.7008514404, 26.7812843323], [15.3523569107, -27.3893356323, -28.9233608246, -65.8038635254, -17.9082355499, 162.200012207, 80.7576904297, 34.863861084, -21.492609024, 5.33676862717, 22.9286251068, -41.645690918, -30.643196106], [-68.4521560669, 19.0459079742, 2.79062080383, -95.5631561279, -32.7938499451, 80.7576904297, 238.301498413, 44.8957328796, -44.2808532715, 31.4119758606, 0.925622522831, -36.5177764893, -44.9484939575], [55.9171714783, 0.758965075016, -60.5339775085, -44.5895729065, -39.6187744141, 34.863861084, 44.8957328796, 126.471099854, -2.37611961365, 21.6843166351, 23.1902637482, -37.199306488, -12.501616478], [-36.5202713013, -20.4858989716, 14.6249284744, 49.46484375, 34.7649230957, -21.492609024, -44.2808532715, -2.37611961365, 79.6185836792, 4.30908966064, -11.6881580353, 18.8683490753, 10.5374851227], [0.183993726969, -0.667697131634, -21.9075298309, -25.8155250549, 4.47131872177, 5.33676862717, 31.4119758606, 21.6843166351, 4.30908966064, 79.9711761475, 7.59255123138, -6.1575961113, -5.4327287674], [44.8860244751, 10.101140976, -34.1466941833, -23.3598918915, -33.3654251099, 22.9286251068, 0.925622522831, 23.1902637482, -11.6881580353, 7.59255123138, 67.6976013184, -6.02412414551, -8.6823797226], [-34.3422660828, -6.24725055695, 38.28673172, 46.4746627808, 29.7008514404, -41.645690918, -36.5177764893, -37.199306488, 18.8683490753, -6.1575961113, -6.02412414551, 78.2079315186, 35.9354095459], [-22.6551437378, -8.72487545013, 8.36496067047, 46.0765609741, 26.7812843323, -30.643196106, -44.9484939575, -12.501616478, 10.5374851227, -5.4327287674, -8.6823797226, 35.9354095459, 73.8706054688]],
        "icov": [[0.0021687510889, 0.000529591576196, 0.000626659370027, 0.000569423136767, 0.000660535122734, 5.33278434887e-05, 0.00128285808023, -0.000631975999568, 0.000991769717075, -1.35439331643e-05, -0.000253669830272, -0.000133283756441, 0.000650376779959], [0.000529591576196, 0.00426020985469, 0.00171292410232, -0.0019532002043, 0.00167702604085, 0.000988024519756, -0.000787654134911, 0.000545048445929, 0.00122922926676, -0.000119646043458, -0.000141163269291, -7.28374288883e-05, 0.00093945680419], [0.000626659370027, 0.00171292410232, 0.00583498412743, -0.000210413127206, -0.00101352320053, 0.000941806705669, -0.00101251492742, 0.00146719673648, 0.000234053630265, 0.00140560558066, 0.000784514239058, -0.00165516382549, 0.00122271804139], [0.000569423136767, -0.0019532002043, -0.000210413127206, 0.00844178162515, -0.002624735469, 0.000777781126089, 0.00179836258758, 0.000138019851875, -0.00273525249213, 0.0019464858342, 7.76146334829e-05, -0.000770170532633, -0.00198881444521], [0.000660535122734, 0.00167702604085, -0.00101352320053, -0.002624735469, 0.0114131411538, -0.00128825486172, 0.000427535007475, 0.00160528474953, -0.00157736835536, -0.00261870538816, 0.00320469029248, -0.000554619240575, -0.0013088604901], [5.33278434887e-05, 0.000988024519756, 0.000941806705669, 0.000777781126089, -0.00128825486172, 0.00926762726158, -0.0027421140112, -9.17945799301e-05, -0.000145656624227, 0.00163117027842, -0.00302247959189, 0.00297771720216, 0.000505627598614], [0.00128285808023, -0.000787654134911, -0.00101251492742, 0.00179836258758, 0.000427535007475, -0.0027421140112, 0.00804979167879, -0.00239914469421, 0.00330959586427, -0.00236058281735, 0.0023064664565, -0.00110442680307, 0.00265557086095], [-0.000631975999568, 0.000545048445929, 0.00146719673648, 0.000138019851875, 0.00160528474953, -9.17945799301e-05, -0.00239914469421, 0.0120319593698, -0.00323830591515, -0.00136496534105, -0.00247081066482, 0.00457987003028, -0.00258210860193], [0.000991769717075, 0.00122922926676, 0.000234053630265, -0.00273525249213, -0.00157736835536, -0.000145656624227, 0.00330959586427, -0.00323830591515, 0.0181898288429, -0.00235995464027, 0.00219106231816, -0.00330658932216, 0.00320392427966], [-1.35439331643e-05, -0.000119646043458, 0.00140560558066, 0.0019464858342, -0.00261870538816, 0.00163117027842, -0.00236058281735, -0.00136496534105, -0.00235995464027, 0.0151581810787, -0.00207360880449, -5.42495108675e-05, -0.000198785390239], [-0.000253669830272, -0.000141163269291, 0.000784514239058, 7.76146334829e-05, 0.00320469029248, -0.00302247959189, 0.0023064664565, -0.00247081066482, 0.00219106231816, -0.00207360880449, 0.01933677122, -0.00353772030212, 0.00186659744941], [-0.000133283756441, -7.28374288883e-05, -0.00165516382549, -0.000770170532633, -0.000554619240575, 0.00297771720216, -0.00110442680307, 0.00457987003028, -0.00330658932216, -5.42495108675e-05, -0.00353772030212, 0.0218354295939, -0.00841257162392], [0.000650376779959, 0.00093945680419, 0.00122271804139, -0.00198881444521, -0.0013088604901, 0.000505627598614, 0.00265557086095, -0.00258210860193, 0.00320392427966, -0.000198785390239, 0.00186659744941, -0.00841257162392, 0.0206529460847]]
    },
    "spectral_contrast_coeffs": {
        "max": [-0.546702027321, -0.551288247108, -0.567265570164, -0.588518321514, -0.593547284603, -0.589100778103],
        "mean": [-0.765162706375, -0.761781215668, -0.764479219913, -0.759251534939, -0.757850408554, -0.723254323006],
        "min": [-0.906497061253, -0.914231002331, -0.888571381569, -0.878209233284, -0.849245667458, -0.848795294762],
        "stdev": [0.0533416084945, 0.0611762143672, 0.0604402422905, 0.0511542968452, 0.0390715785325, 0.0440807156265]
    },
    "spectral_contrast_valleys": {
        "max": [-5.40450191498, -4.94216823578, -5.73111248016, -5.91241931915, -5.96686506271, -7.44264984131],
        "mean": [-6.54450511932, -6.74350166321, -7.14750480652, -7.02244281769, -6.72455692291, -9.28087806702],
        "min": [-8.517370224, -8.48811531067, -8.40641021729, -8.10713291168, -8.29179668427, -10.5435161591],
        "stdev": [0.392535209656, 0.448647201061, 0.428692698479, 0.326579749584, 0.29008358717, 0.460179269314]
    }
},
"rhythm": {
    "beats_count": 61,
    "beats_loudness": {
        "max": 0.0594918094575,
        "mean": 0.0289099048823,
        "min": 0.0110643440858,
        "stdev": 0.00835421960801
    },
    "bpm": 128.379058838,
    "bpm_histogram_first_peak_bpm": 129,
    "bpm_histogram_first_peak_weight": 0.41509437561,
    "bpm_histogram_second_peak_bpm": 123,
    "bpm_histogram_second_peak_spread": 0,
    "bpm_histogram_second_peak_weight": 0.116666667163,
    "danceability": 1.23103141785,
    "onset_rate": 2.75735282898,
    "beats_loudness_band_ratio": {
        "max": [0.727074205875, 0.497794628143, 0.507170259953, 0.453776031733, 0.614108622074, 0.564310073853],
        "mean": [0.316998511553, 0.122175633907, 0.115134745836, 0.135119974613, 0.20256729424, 0.165956884623],
        "min": [0.0150875374675, 0.00646131439134, 0.00941525306553, 0.0217622499913, 0.0439841784537, 0.0430686585605],
        "stdev": [0.162370786071, 0.107185177505, 0.0903383791447, 0.113295592368, 0.115855358541, 0.0951174348593]
    },
    "beats_position": [0.487619042397, 0.975238084793, 1.46285712719, 1.95047616959, 2.42648530006, 2.91410422325, 3.39011335373, 3.87773227692, 4.33052158356, 4.78331041336, 5.24770975113, 5.71210861206, 6.17650794983, 6.64090681076, 7.11691617966, 7.59292507172, 8.05732440948, 8.52172279358, 8.98612213135, 9.46213150024, 9.93814086914, 10.4025392532, 10.866938591, 11.3313379288, 11.7957363129, 12.2717456818, 12.7477550507, 13.2121543884, 13.6765527725, 14.1409521103, 14.6285715103, 15.0929698944, 15.5573692322, 16.0217685699, 16.4977779388, 16.9737873077, 17.4381847382, 17.9025840759, 18.3785934448, 18.8546028137, 19.3190021515, 19.7834014893, 20.247800827, 20.7121982574, 21.1882076263, 21.6642169952, 22.128616333, 22.5930156708, 23.0574150085, 23.5218143463, 23.9978218079, 24.4738311768, 24.9382305145, 25.4258499146, 25.9018592834, 26.3778686523, 26.830657959, 27.2834453583, 27.747844696, 28.2122440338, 28.6766433716],
