{
"metadata": {
    "version": {
        "essentia": "2.1-beta5",
        "essentia_git_sha": "Undefined",
        "extractor": "music 2.0"
    },
    "audio_properties": {
        "analysis": {
            "equal_loudness": 0,
            "length": 48.7502937317,
            "sample_rate": 44100,
            "start_time": 93.9943771362,
            "downmix": "mix"
        },
        "bit_rate": 192000,
        "length": 168.39112854,
        "lossless": 0,
        "number_channels": 2,
        "replay_gain": 1.56979560852,
        "sample_rate": 48000,
        "codec": "mp3",
        "md5_encoded": "b5a59f0f60e90b128186cf6dd791df63"
    },
    "tags": {
        "file_name": "Belgium_O Julissi_Ishtar.mp3",
        "encoding": ["Lavf58.29.100"]
    }
},
"lowlevel": {
    "average_loudness": 0.911440908909,
    "barkbands_crest": {
        "max": 26.063369751,
        "mean": 10.9949941635,
        "min": 2.93827915192,
        "stdev": 4.41550827026
    },
    "barkbands_flatness_db": {
        "max": 0.329530626535,
        "mean": 0.174626782537,
        "min": 0.0805710330606,
        "stdev": 0.0377776585519
    },
    "barkbands_kurtosis": {
        "max": 57.5629920959,
        "mean": 1.51817715168,
        "min": -1.88770473003,
        "stdev": 4.72497415543
    },
    "barkbands_skewness": {
        "max": 7.34956741333,
        "mean": 0.989609062672,
        "min": -5.1627240181,
        "stdev": 1.11226451397
    },
    "barkbands_spread": {
        "max": 112.293304443,
        "mean": 27.6900787354,
        "min": 2.33330488205,
        "stdev": 14.4082460403
    },
    "dissonance": {
        "max": 0.499985337257,
        "mean": 0.466798573732,
        "min": 0.315257787704,
        "stdev": 0.0222583655268
    },
    "dynamic_complexity": 2.79725265503,
    "erbbands_crest": {
        "max": 30.3888244629,
        "mean": 10.5120668411,
        "min": 2.94087505341,
        "stdev": 4.65302038193
    },
    "erbbands_flatness_db": {
        "max": 0.307140171528,
        "mean": 0.200804740191,
        "min": 0.0970739200711,
        "stdev": 0.0354152284563
    },
    "erbbands_kurtosis": {
        "max": 30.6151542664,
        "mean": 0.0504968762398,
        "min": -1.81886804104,
        "stdev": 2.18137478828
    },
    "erbbands_skewness": {
        "max": 4.97717046738,
        "mean": -0.0196003839374,
        "min": -3.86045837402,
        "stdev": 0.829841434956
    },
    "erbbands_spread": {
        "max": 106.442054749,
        "mean": 39.8293800354,
        "min": 5.4834394455,
        "stdev": 15.1327733994
    },
    "hfc": {
        "max": 127.695571899,
        "mean": 17.8894824982,
        "min": 0.149810940027,
        "stdev": 15.2159976959
    },
    "loudness_ebu128": {
        "integrated": -26.6804924011,
        "loudness_range": 3.66760444641,
        "momentary": {
            "max": -22.7694778442,
            "mean": -27.3972110748,
            "min": -40.478805542,
            "stdev": 2.75170612335
        },
        "short_term": {
            "max": -24.810634613,
            "mean": -26.9158496857,
            "min": -30.9428310394,
            "stdev": 1.36759543419
        }
    },
    "melbands_crest": {
        "max": 31.9152603149,
        "mean": 14.6650838852,
        "min": 3.47139978409,
        "stdev": 5.60198163986
    },
    "melbands_flatness_db": {
        "max": 0.372524917126,
        "mean": 0.174093469977,
        "min": 0.0230609178543,
        "stdev": 0.0513064786792
    },
    "melbands_kurtosis": {
        "max": 216.504592896,
        "mean": 7.7190527916,
        "min": -1.90361070633,
        "stdev": 12.7358617783
    },
    "melbands_skewness": {
        "max": 12.9861602783,
        "mean": 2.15243339539,
        "min": -1.74253237247,
        "stdev": 1.36323440075
    },
    "melbands_spread": {
        "max": 282.568878174,
        "mean": 36.2553062439,
        "min": 1.99295413494,
        "stdev": 28.9014492035
    },
    "pitch_salience": {
        "max": 0.810820162296,
        "mean": 0.495286017656,
        "min": 0.0835480317473,
        "stdev": 0.113158993423
    },
    "silence_rate_20dB": {
        "max": 1,
        "mean": 1,
        "min": 1,
        "stdev": 0
    },
    "silence_rate_30dB": {
        "max": 1,
        "mean": 1,
        "min": 1,
        "stdev": 0
    },
    "silence_rate_60dB": {
        "max": 1,
        "mean": 0.0756782516837,
        "min": 0,
        "stdev": 0.264481157064
    },
    "spectral_centroid": {
        "max": 6510.65673828,
        "mean": 1810.98034668,
        "min": 305.283081055,
        "stdev": 755.825561523
    },
    "spectral_complexity": {
        "max": 42,
        "mean": 14.3384103775,
        "min": 0,
        "stdev": 6.31485652924
    },
    "spectral_decrease": {
        "max": -3.58849651383e-11,
        "mean": -3.84104570372e-09,
        "min": -2.10027941705e-08,
        "stdev": 2.97579183517e-09
    },
    "spectral_energy": {
        "max": 0.0858572646976,
        "mean": 0.016119627282,
        "min": 0.000178128480911,
        "stdev": 0.0121586620808
    },
    "spectral_energyband_high": {
        "max": 0.020071817562,
        "mean": 0.000628339999821,
        "min": 1.6101142819e-06,
        "stdev": 0.0012527636718
    },
    "spectral_energyband_low": {
        "max": 0.0573679432273,
        "mean": 0.00199005729519,
        "min": 1.21653172869e-07,
        "stdev": 0.00335563952103
    },
    "spectral_energyband_middle_high": {
        "max": 0.0327761769295,
        "mean": 0.0048453072086,
        "min": 5.63419489481e-05,
        "stdev": 0.00460026692599
    },
    "spectral_energyband_middle_low": {
        "max": 0.0683247596025,
        "mean": 0.00876887328923,
        "min": 1.17557501653e-05,
        "stdev": 0.00906031951308
    },
    "spectral_entropy": {
        "max": 8.81996536255,
        "mean": 7.49556589127,
        "min": 6.13919878006,
        "stdev": 0.372017264366
    },
    "spectral_flux": {
        "max": 0.230737626553,
        "mean": 0.0656815171242,
        "min": 0.00611974624917,
        "stdev": 0.0322885625064
    },
    "spectral_kurtosis": {
        "max": 14.166053772,
        "mean": 3.31623244286,
        "min": -1.4891551733,
        "stdev": 2.00196290016
    },
    "spectral_rms": {
        "max": 0.00915222242475,
        "mean": 0.0036837933585,
        "min": 0.000416873954237,
        "stdev": 0.0014683753252
    },
    "spectral_rolloff": {
        "max": 11520.2636719,
        "mean": 2354.56005859,
        "min": 86.1328125,
        "stdev": 1883.10717773
    },
    "spectral_skewness": {
        "max": 3.06768536568,
        "mean": 1.18056094646,
        "min": -0.257190078497,
        "stdev": 0.358986198902
    },
    "spectral_spread": {
        "max": 20643094,
        "mean": 4104646.75,
        "min": 2068508.5,
        "stdev": 1655761.875
    },
    "spectral_strongpeak": {
        "max": 9.41865634918,
        "mean": 1.25192463398,
        "min": 0.02185158059,
        "stdev": 1.32442545891
    },
    "zerocrossingrate": {
        "max": 0.42724609375,
        "mean": 0.0776813402772,
        "min": 0.0068359375,
        "stdev": 0.0500184223056
    },
    "barkbands": {
        "max": [0.000106724750367, 0.0303364880383, 0.0283301733434, 0.00958655029535, 0.0230135079473, 0.06085036695, 0.0550735555589, 0.0294608138502, 0.0157799832523, 0.0178311169147, 0.0131348185241, 0.0101549867541, 0.0222234707326, 0.0110184410587, 0.0148563794792, 0.0096438722685, 0.00504201464355, 0.00776495831087, 0.00752330990508, 0.00628685159609, 0.00575579470024, 0.0144077464938, 0.00498805707321, 0.00339933554642, 0.00627509085461, 1.15694965643e-05, 4.95413246426e-07],
        "mean": [3.78823324354e-06, 0.0014886977151, 0.000451755884569, 0.000289032002911, 0.00168338580988, 0.00362931936979, 0.00187179574277, 0.00072734238347, 0.000432835833635, 0.000617139681708, 0.000278472347418, 0.000424566445872, 0.000492926570587, 0.000382276863093, 0.000400931574404, 0.000405409489758, 0.00038492877502, 0.000588452559896, 0.000565193302464, 0.000467297126306, 6.24495078227e-05, 0.00016190201859, 0.000144146208186, 7.78507746872e-05, 8.76216290635e-05, 1.11010649562e-07, 1.28257926502e-09],
        "min": [6.17866036112e-10, 6.60156729282e-09, 8.24108603581e-09, 1.75253909163e-08, 4.76860464005e-07, 5.30734439508e-07, 5.60183593734e-07, 8.39175243073e-07, 1.10479084015e-06, 8.4694073621e-07, 4.86462283789e-07, 6.91038337663e-07, 2.01567581826e-06, 1.34679487473e-06, 1.59170110692e-06, 1.98869474843e-06, 1.61600189585e-06, 1.43497061345e-06, 8.72751286352e-07, 1.04007904156e-06, 3.75368244931e-07, 2.74646396292e-07, 1.33534825864e-07, 3.79462967715e-08, 3.14740766783e-08, 1.4120218883e-10, 2.06239303413e-10],
        "stdev": [6.40797543383e-06, 0.00272780540399, 0.00124957738444, 0.000890274997801, 0.00274157547392, 0.00597057817504, 0.00512991193682, 0.00236607412808, 0.00103507819586, 0.00147086789366, 0.000941854435951, 0.000994467060082, 0.00171253108419, 0.00091563857859, 0.000948367873207, 0.000860213884152, 0.000534272578079, 0.000865767302457, 0.000878137012478, 0.000789586920291, 0.000185317796422, 0.000559521198738, 0.000278590945527, 0.00022932117281, 0.00042972972733, 6.58313183521e-07, 1.52289363342e-08]
    },
    "erbbands": {
        "max": [0.450031280518, 8.64683055878, 36.2537002563, 22.4403648376, 106.008079529, 82.8379821777, 199.81262207, 711.477294922, 855.043029785, 638.093566895, 531.838134766, 406.091827393, 431.467010498, 716.166870117, 725.29473877, 521.783691406, 1135.46655273, 385.953735352, 488.795440674, 775.547119141, 578.47467041, 298.680267334, 454.412780762, 418.446502686, 489.022888184, 278.248809814, 53.3656044006, 394.984893799, 413.528869629, 396.251434326, 113.434577942, 81.1659545898, 55.433052063, 87.6611480713, 31.9493408203, 2.04705142975, 0.052063152194, 0.00333910062909, 0.000472640880616, 0.000135510694236],
        "mean": [0.026170309633, 0.388443589211, 0.679611504078, 0.588919043541, 3.49145340919, 5.57627916336, 12.6241168976, 34.9421844482, 35.5322494507, 16.474489212, 15.1866264343, 8.99022293091, 15.1935386658, 18.6437282562, 14.7010717392, 21.3571872711, 25.8389549255, 16.0727081299, 21.017911911, 22.2248802185, 24.0359649658, 20.4206199646, 29.4556007385, 27.6986141205, 36.8714256287, 19.2767543793, 4.09575033188, 2.29892706871, 5.45126724243, 5.88124132156, 3.78426265717, 2.05541038513, 1.14517450333, 1.15722072124, 0.493248254061, 0.0287915728986, 0.000794013089035, 6.07918664173e-05, 1.8062602976e-05, 2.19956546061e-05],
        "min": [9.44534690461e-07, 6.6313109528e-06, 8.72105520102e-05, 0.000517375126947, 0.00183600431774, 0.00265261577442, 0.00363858067431, 0.00562621280551, 0.00834004580975, 0.0184374265373, 0.0207176934928, 0.0384673699737, 0.0513358414173, 0.037764262408, 0.0464175827801, 0.0859245732427, 0.109957784414, 0.115720734, 0.0645277425647, 0.0763976722956, 0.110668808222, 0.0977385863662, 0.0940862819552, 0.0548499450088, 0.0458083003759, 0.0436178259552, 0.0233928225935, 0.0127132534981, 0.00899161305279, 0.00764932530001, 0.0024790763855, 0.00131503771991, 0.00064077769639, 0.000342820130754, 0.000201451737667, 1.42285343827e-05, 1.26893826291e-06, 2.35333814658e-07, 2.40206105673e-07, 3.77437231691e-07],
        "stdev": [0.0485802963376, 0.715027153492, 1.56077611446, 1.252648592, 8.34966945648, 9.48762989044, 20.2988033295, 63.4379844666, 82.1396789551, 49.9322891235, 46.7291107178, 20.455286026, 32.0618286133, 52.4140014648, 47.7311668396, 49.4244194031, 89.0062789917, 28.5354290009, 47.1766967773, 50.3768844604, 49.8126831055, 27.6376457214, 43.7674865723, 37.3947296143, 59.2332077026, 28.4442424774, 4.98814630508, 12.81453228, 18.9293231964, 15.348151207, 7.37612771988, 4.9648566246, 4.22942829132, 5.80296039581, 2.33900690079, 0.133784815669, 0.00358617096208, 0.000246302777668, 3.38052996085e-05, 1.64409921126e-05]
    },
    "gfcc": {
        "mean": [-39.0599250793, 95.2794952393, -158.032348633, 54.446937561, -74.3939590454, 9.95824718475, -48.2634735107, 5.89316558838, -15.1713037491, -8.52567577362, 10.61419487, -5.16121673584, 3.26176929474],
        "cov": [[2376.95019531, -82.0311355591, -39.9703559875, 207.520965576, -11.3614721298, -17.6133289337, 15.1232643127, 115.505592346, 112.142654419, 60.615436554, 186.092086792, 77.7702636719, -2.95472693443], [-82.0311355591, 1189.04663086, -105.827926636, 11.1037387848, 258.803771973, -85.1078872681, 299.244293213, -90.5061798096, 61.2398414612, -99.3058319092, 103.294937134, -159.143096924, 15.1622810364], [-39.9703559875, -105.827926636, 554.4296875, 77.0457000732, 29.6484451294, 166.025817871, -84.0623626709, 50.7192306519, -89.8686981201, 57.430683136, -68.3799667358, 51.035369873, -8.21566200256], [207.520965576, 11.1037387848, 77.0457000732, 404.192077637, 102.40763855, -31.1740493774, 51.2702064514, -32.3556289673, 72.8827285767, -52.167388916, 41.1375579834, 80.090461731, 13.6639556885], [-11.3614721298, 258.803771973, 29.6484451294, 102.40763855, 287.269500732, 126.724716187, 123.830718994, 33.610912323, 51.1172561646, 46.3645782471, 43.1338500977, -16.1291713715, -10.6094999313], [-17.6133289337, -85.1078872681, 166.025817871, -31.1740493774, 126.724716187, 393.702484131, 155.196212769, 103.884605408, -12.0424318314, 108.872970581, -42.635181427, -24.3513317108, -35.1711578369], [15.1232643127, 299.244293213, -84.0623626709, 51.2702064514, 123.830718994, 155.196212769, 342.13583374, 68.2453460693, 55.4388160706, 0.271617442369, 44.3163948059, -56.4239311218, -0.309892892838], [115.505592346, -90.5061798096, 50.7192306519, -32.3556289673, 33.610912323, 103.884605408, 68.2453460693, 202.116363525, 82.2232131958, 91.5927429199, 23.1565170288, 6.53184270859, 4.22151994705], [112.142654419, 61.2398414612, -89.8686981201, 72.8827285767, 51.1172561646, -12.0424318314, 55.4388160706, 82.2232131958, 233.788650513, 75.2542953491, 99.1161651611, 20.3364582062, -9.70055389404], [60.615436554, -99.3058319092, 57.430683136, -52.167388916, 46.3645782471, 108.872970581, 0.271617442369, 91.5927429199, 75.2542953491, 209.757232666, 66.7089767456, 17.6255683899, -15.7382698059], [186.092086792, 103.294937134, -68.3799667358, 41.1375579834, 43.1338500977, -42.635181427, 44.3163948059, 23.1565170288, 99.1161651611, 66.7089767456, 190.203475952, 66.6384811401, 8.55662345886], [77.7702636719, -159.143096924, 51.035369873, 80.090461731, -16.1291713715, -24.3513317108, -56.4239311218, 6.53184270859, 20.3364582062, 17.6255683899, 66.6384811401, 178.70602417, 48.3875770569], [-2.95472693443, 15.1622810364, -8.21566200256, 13.6639556885, -10.6094999313, -35.1711578369, -0.309892892838, 4.22151994705, -9.70055389404, -15.7382698059, 8.55662345886, 48.3875770569, 101.427352905]],
        "icov": [[0.000531346187927, -0.000174697794137, 0.000280777050648, -0.000612162461039, 0.000451847910881, -0.000379865232389, 0.000483265757794, -0.000672868394759, 0.000363323895726, -7.34589946205e-07, -0.000655321462546, 0.000146341699292, 0.000111933317385], [-0.000174697794137, 0.00345926801674, -0.00214669294655, 0.00248980824836, -0.00348607101478, 0.00300223543309, -0.00373573671095, 0.00303736398928, -0.00187075405847, 0.00159595918376, -0.00142884941306, 0.00244396063499, -0.00146960339043], [0.000280777050648, -0.00214669294655, 0.00460128486156, -0.00313573982567, 0.00231293751858, -0.00346986227669, 0.00399348698556, -0.00332582020201, 0.00301998364739, -0.00154941924848, 0.000890555849764, -0.00163616403006, 0.00106741813943], [-0.000612162461039, 0.00248980824836, -0.00313573982567, 0.00676647527143, -0.00436553219333, 0.0035172435455, -0.00435713259503, 0.00416369829327, -0.0039116977714, 0.00252111279406, 0.000441524374764, -0.000911250070203, -0.000564634334296], [0.000451847910881, -0.00348607101478, 0.00231293751858, -0.00436553219333, 0.00903485808522, -0.0048736394383, 0.00340466527268, -0.00303727039136, 0.00191625440493, -0.00207390449941, -0.000369966961443, -0.000808751850855, 0.000980146462098], [-0.000379865232389, 0.00300223543309, -0.00346986227669, 0.0035172435455, -0.0048736394383, 0.0095847453922, -0.00722840009257, 0.00227866298519, -0.000994932837784, -0.00191121199168, 0.00259950361215, -0.000171500447323, 0.000952951901127], [0.000483265757794, -0.00373573671095, 0.00399348698556, -0.00435713259503, 0.00340466527268, -0.00722840009257, 0.0109519828111, -0.00538716977462, 0.002345362911, 0.00102963694371, -0.00219346606173, 0.000756340275984, -0.00020143672009], [-0.000672868394759, 0.00303736398928, -0.00332582020201, 0.00416369829327, -0.00303727039136, 0.00227866298519, -0.00538716977462, 0.0117777530104, -0.00543496571481, -0.000629148795269, 0.000720377487596, 0.00108436238952, -0.00253369170241], [0.000363323895726, -0.00187075405847, 0.00301998364739, -0.0039116977714, 0.00191625440493, -0.000994932837784, 0.002345362911, -0.00543496571481, 0.00975628197193, -0.00303317047656, -0.00183788954746, -0.000644663348794, 0.0020756861195], [-7.34589946205e-07, 0.00159595918376, -0.00154941924848, 0.00252111279406, -0.00207390449941, -0.00191121199168, 0.00102963694371, -0.000629148795269, -0.00303317047656, 0.0107376631349, -0.00492517417297, 0.00194418651517, -0.000690038898028], [-0.000655321462546, -0.00142884941306, 0.000890555849764, 0.000441524374764, -0.000369966961443, 0.00259950361215, -0.00219346606173, 0.000720377487596, -0.00183788954746, -0.00492517417297, 0.0128602944314, -0.00651059532538, 0.00211424613371], [0.000146341699292, 0.00244396063499, -0.00163616403006, -0.000911250070203, -0.000808751850855, -0.000171500447323, 0.000756340275984, 0.00108436238952, -0.000644663348794, 0.00194418651517, -0.00651059532538, 0.0125554986298, -0.00575827946886], [0.000111933317385, -0.00146960339043, 0.00106741813943, -0.000564634334296, 0.000980146462098, 0.000952951901127, -0.00020143672009, -0.00253369170241, 0.0020756861195, -0.000690038898028, 0.00211424613371, -0.00575827946886, 0.0134427295998]]
    },
    "melbands": {
        "max": [0.00636083632708, 0.0158155951649, 0.00547153316438, 0.00559294130653, 0.00572156067938, 0.0143045037985, 0.0116241937503, 0.00615245942026, 0.00458076968789, 0.00280402530916, 0.00224202568643, 0.00311192311347, 0.00183906871825, 0.00110635149758, 0.00195757928304, 0.00148900586646, 0.000738680828363, 0.00105978467036, 0.0014840477379, 0.000904780463316, 0.000713504618034, 0.000250243581831, 0.000557214370929, 0.00052340264665, 0.000416499446146, 0.000366538268281, 0.000455854722532, 0.000177466878085, 3.35565346177e-05, 7.24447963876e-05, 0.000301552150631, 0.00025385688059, 0.000440853182226, 0.000131036926177, 6.31233924651e-05, 6.36957338429e-05, 4.87992911076e-05, 4.67571917397e-05, 5.14666135132e-05, 9.58676755545e-05],
        "mean": [0.00034366606269, 0.000407148967497, 0.000194200678379, 0.000336650817189, 0.000398335163482, 0.000765187607612, 0.000518185261171, 0.000165330144227, 0.000113946436613, 5.73053475819e-05, 7.67728342908e-05, 7.83416689956e-05, 4.10438915424e-05, 5.50710283278e-05, 5.72440694668e-05, 4.17583760282e-05, 2.90426251013e-05, 3.4769607737e-05, 2.86245704046e-05, 2.77768976957e-05, 2.8240505344e-05, 1.85553999472e-05, 2.58004220086e-05, 3.04320219584e-05, 2.07943794521e-05, 2.25636067626e-05, 2.91776832455e-05, 8.75443492987e-06, 2.72590204986e-06, 1.10872372261e-06, 1.34721972245e-06, 2.7900450732e-06, 3.74308160644e-06, 3.1386646242e-06, 2.36099413087e-06, 1.54085944359e-06, 1.13918542866e-06, 8.00813097612e-07, 7.60372188324e-07, 1.07534071958e-06],
        "min": [3.30395955039e-09, 1.41331932824e-08, 4.36339924192e-08, 1.29547956362e-07, 1.40822933758e-07, 1.13417776504e-07, 1.0650743576e-07, 1.82038803587e-07, 1.39662517995e-07, 2.01571282332e-07, 2.17550166326e-07, 1.34209614089e-07, 1.0742829204e-07, 1.3057793069e-07, 1.1494543628e-07, 1.67860235933e-07, 1.97806116375e-07, 8.94559661901e-08, 1.02626252385e-07, 9.75474989673e-08, 1.03047767652e-07, 7.96841916895e-08, 7.32648999247e-08, 6.45886544248e-08, 3.79064211131e-08, 3.12600825225e-08, 3.88388237127e-08, 2.2389038179e-08, 1.33848061523e-08, 7.77254971496e-09, 6.5320415743e-09, 3.43014061599e-09, 6.0358664733e-09, 3.33716876355e-09, 1.34581901179e-09, 1.04371278287e-09, 5.34721655843e-10, 3.55077828251e-10, 3.8313419104e-10, 2.2767393526e-10],
        "stdev": [0.000630412774626, 0.000767117948271, 0.000450813880889, 0.000634220603388, 0.000598682381678, 0.0013420850737, 0.00120097468607, 0.000532352598384, 0.000368535809685, 0.000136400922202, 0.000163519463968, 0.000228773700655, 0.000133266294142, 0.000122330806335, 0.000153304456035, 0.00012348992459, 5.6245673477e-05, 9.34289928409e-05, 8.24795497465e-05, 5.93255608692e-05, 5.99295854045e-05, 2.67824707407e-05, 4.39138748334e-05, 4.92144899908e-05, 3.07448754029e-05, 3.66682252206e-05, 5.14129023941e-05, 1.44923969856e-05, 3.83040742236e-06, 2.91317110168e-06, 9.75213788479e-06, 1.05288481791e-05, 1.31939941639e-05, 7.02848910805e-06, 4.54061046185e-06, 3.47153968505e-06, 3.07137770506e-06, 2.98937993648e-06, 3.52870733877e-06, 5.67579081689e-06]
    },
    "melbands128": {
        "max": [5.92350443185e-05, 0.00185996934306, 0.00996755436063, 0.0176514256746, 0.0226122681051, 0.0105823613703, 0.00508580729365, 0.00730857299641, 0.0138294985518, 0.00830184016377, 0.00512080779299, 0.00648852065206, 0.00987168028951, 0.0122642321512, 0.0156825445592, 0.0263589154929, 0.0256413500756, 0.0219247993082, 0.0221404694021, 0.0111193135381, 0.0120939863846, 0.00520535418764, 0.00886169075966, 0.00366994040087, 0.00267377286218, 0.00479299668223, 0.00385986105539, 0.00376070197672, 0.00330834835768, 0.00549288326874, 0.00326876621693, 0.000919662066735, 0.00252059288323, 0.0057325642556, 0.00120853143744, 0.00184554723091, 0.00269713136367, 0.000404372141929, 0.00582924950868, 0.00350228557363, 0.00100686924998, 0.0015502263559, 0.00142042059451, 0.00084504019469, 0.00318267382681, 0.00162878993433, 0.00127122795675, 0.0032551290933, 0.00324878189713, 0.00159353821073, 0.0016105256509, 0.00143223593477, 0.00190265791025, 0.000852343044244, 0.000567237031646, 0.000442029559053, 0.000778456684202, 0.000973153742962, 0.00142584822606, 0.000592242926359, 0.00114628486335, 0.000679422693793, 0.000723737000953, 0.000829517841339, 0.000573859550059, 0.000789304438513, 0.00068367930362, 0.00110086239874, 0.000716021459084, 0.00069875002373, 0.000358344055712, 0.000149056766531, 8.7985972641e-05, 5.60848930036e-05, 0.000110070774099, 7.26035941625e-05, 0.000115647853818, 0.000176795263542, 0.000437698559836, 0.000461534335045, 0.000351006514393, 0.000192497842363, 0.000364080799045, 0.000668840773869, 0.000289467017865, 0.000177827125299, 0.000142145770951, 8.16638857941e-05, 8.66633781698e-05, 7.81844355515e-05, 8.97541540326e-05, 6.12861040281e-05, 4.10553366237e-05, 4.28195635322e-05, 6.31870498182e-05, 7.29494640836e-05, 7.34421846573e-05, 6.62173551973e-05, 4.47803176939e-05, 9.53717753873e-05, 0.000103063073766, 0.000113737318316, 0.000160446652444, 7.026737876e-05, 6.1824786826e-05, 4.23733144999e-05, 9.90984608507e-06, 5.01930003338e-07, 3.27982130344e-09, 3.13428483167e-09, 2.98425950618e-09, 2.85872880923e-09, 2.73761924241e-09, 2.64984323373e-09, 2.55130494509e-09, 2.46576847829e-09, 2.39047759365e-09, 2.3168911234e-09, 2.25034746393e-09, 2.18248863426e-09, 2.14484674466e-09, 2.09763872938e-09, 2.05555750199e-09, 2.02041605668e-09, 1.98416993946e-09, 1.96146165976e-09, 1.94259341946e-09, 1.93209359622e-09],
        "mean": [3.1190656955e-06, 0.000107745494461, 0.000544511305634, 0.000689085456543, 0.000453027168987, 0.000175633729668, 6.15878889221e-05, 0.000201186325285, 0.000388963526348, 0.000368320033886, 0.000281933083897, 0.00029993703356, 0.00039631468826, 0.000553130928893, 0.000787381490227, 0.000963684520684, 0.000626473687589, 0.000518712215126, 0.000267528608674, 0.000137743088999, 0.000139424635563, 0.000139358395245, 0.000135790600325, 5.11201651534e-05, 4.47837082902e-05, 5.08092161908e-05, 0.000102988378785, 6.57754135318e-05, 6.44201936666e-05, 0.000117403171316, 7.25271456758e-05, 2.21856062126e-05, 3.74279952666e-05, 6.23549567536e-05, 3.54300609615e-05, 6.61856756778e-05, 6.83613470756e-05, 1.39103003676e-05, 0.000101921228634, 6.46541157039e-05, 9.91532488115e-06, 3.6610999814e-05, 2.77434319287e-05, 1.96073833649e-05, 4.75919696328e-05, 3.34697651851e-05, 3.07362352032e-05, 2.15281888813e-05, 3.11487310682e-05, 3.69803565263e-05, 2.10936232179e-05, 2.45912397077e-05, 3.74046794605e-05, 2.46204162977e-05, 2.18122186197e-05, 1.17767367556e-05, 1.9571491066e-05, 3.50382142642e-05, 2.34667550103e-05, 1.86671513802e-05, 3.63753497368e-05, 3.48812172888e-05, 2.18073928409e-05, 1.60232648341e-05, 1.95684315258e-05, 1.80536444532e-05, 2.49970216828e-05, 4.09548229072e-05, 2.90435091301e-05, 1.67479356605e-05, 8.70032363309e-06, 4.88113073516e-06, 2.70374971478e-06, 3.0772705486e-06, 1.54278006903e-06, 1.03296167708e-06, 9.56082772063e-07, 9.54191818892e-07, 1.33770492994e-06, 1.68974099779e-06, 2.41961379288e-06, 3.11853341373e-06, 4.09447693528e-06, 3.78907907361e-06, 3.62914215657e-06, 3.09560641654e-06, 3.09239203489e-06, 2.94786855193e-06, 2.36787536778e-06, 1.95258780877e-06, 1.5966003275e-06, 1.52425457145e-06, 1.25507108351e-06, 1.17586455417e-06, 1.03559352738e-06, 8.8205257498e-07, 7.73049862346e-07, 6.47366846351e-07, 6.23581797754e-07, 8.89965463102e-07, 1.05386936866e-06, 1.139275696e-06, 1.09728682673e-06, 7.69527900957e-07, 5.27360782598e-07, 4.5918966407e-07, 1.27520479509e-07, 5.78804693063e-09, 1.13450377565e-11, 8.00416243701e-12, 7.65572154282e-12, 7.62970416013e-12, 7.56733131019e-12, 7.73359414702e-12, 6.95402849887e-12, 6.59470915376e-12, 6.21706028672e-12, 6.06456595012e-12, 5.96146699713e-12, 5.80290980198e-12, 5.63702556855e-12, 5.55220539683e-12, 5.50378145836e-12, 5.3575087075e-12, 4.95299374431e-12, 4.32490761954e-12, 3.9754271923e-12, 3.9092609358e-12],
        "min": [2.98784552655e-10, 1.50385237596e-09, 3.74665659608e-10, 3.68419006413e-09, 5.72156055867e-09, 2.79318412844e-09, 9.41464595172e-09, 7.27060456285e-09, 9.22194764996e-09, 2.14155022604e-08, 1.57163295711e-08, 4.28114930173e-08, 4.65379912384e-08, 6.52368186138e-08, 1.37072390771e-07, 5.53897265831e-08, 2.98537656818e-08, 2.76488947293e-08, 1.9252427208e-08, 1.00024543315e-07, 1.18407086802e-07, 6.56170655589e-08, 1.89110842541e-08, 4.47951578053e-08, 5.54456534019e-08, 6.33154115803e-08, 6.5363813917e-08, 4.42522960498e-08, 4.63377460846e-08, 4.53297204217e-08, 4.55599646898e-08, 4.22155750357e-08, 2.99488149835e-08, 2.80662622032e-08, 5.33116981671e-08, 1.17303251557e-08, 4.15193923686e-08, 4.02030906343e-08, 6.70822615234e-08, 3.19074615618e-08, 3.91968875135e-08, 4.88667346588e-08, 9.28809313905e-08, 8.44423979629e-08, 3.85118354984e-08, 2.98407805133e-08, 3.74587187935e-08, 2.92523640866e-08, 5.43149454302e-08, 9.81378889264e-09, 5.81864973981e-08, 3.81842255592e-08, 5.34616511061e-08, 4.14261620563e-08, 3.00183309321e-08, 2.79129022118e-08, 6.27571168366e-08, 4.33042401937e-08, 2.00373495574e-08, 3.22698667787e-08, 4.72523389305e-08, 2.77879053101e-08, 3.39895933621e-08, 2.2325911786e-08, 2.57488697031e-08, 3.37340466672e-08, 1.65514499884e-08, 1.50322421177e-08, 3.44879609315e-08, 1.16769749425e-08, 1.69430087738e-08, 1.16527907323e-08, 3.84346732218e-09, 8.165555343e-09, 9.01587071667e-09, 5.74604497316e-09, 6.77750122691e-09, 5.01999330993e-09, 5.07046715725e-09, 1.66825797621e-09, 2.41438180559e-09, 2.23583995762e-09, 3.59784313453e-09, 8.16448419982e-09, 5.78210990199e-09, 2.74859135452e-09, 3.40334871396e-09, 2.53091769764e-09, 5.85440751433e-10, 5.05850750177e-10, 1.02973896077e-09, 9.1687352155e-10, 3.59461932442e-10, 5.45959333298e-10, 3.00709179779e-10, 3.05770270215e-10, 2.54984228176e-10, 2.68529892766e-10, 1.55613751052e-11, 7.70849443305e-12, 6.82521530612e-12, 5.5538015159e-11, 1.19055321157e-10, 3.03915365096e-10, 3.90478309409e-11, 3.74264031225e-12, 2.31810512626e-12, 9.48097936965e-13, 5.49870858482e-13, 5.91970103579e-13, 5.50012563705e-13, 4.85952912025e-13, 5.37724921014e-13, 6.35993915952e-13, 5.56493327981e-13, 6.34255668819e-13, 5.01046253099e-13, 5.91942673264e-13, 6.41494778304e-13, 5.77410732075e-13, 5.55289104628e-13, 5.23432480085e-13, 5.17378728835e-13, 5.25683500636e-13, 4.22265900631e-13, 1.67051729437e-13, 2.43569050427e-14, 5.72127398371e-16],
        "stdev": [5.4301876844e-06, 0.000211394479265, 0.00106571475044, 0.00132133241277, 0.000999079784378, 0.000490060716402, 0.000163986056577, 0.0006600691122, 0.00103481835686, 0.00089773995569, 0.000541554880328, 0.000531777681317, 0.000848071998917, 0.00117743795272, 0.00165884476155, 0.00234480993822, 0.00176566408481, 0.00173098430969, 0.00112715014257, 0.000653552822769, 0.000728531798813, 0.000458735128632, 0.00062106444966, 0.000204933632631, 0.000163829594385, 0.000183951298823, 0.00032599476981, 0.000191032304429, 0.000203728646738, 0.000389260763768, 0.000265784736257, 6.16558536422e-05, 0.000131984212203, 0.000344490807038, 9.88052197499e-05, 0.000178030008101, 0.000228251083172, 3.00252795569e-05, 0.000411593558965, 0.00026557300589, 3.93721056753e-05, 9.21155733522e-05, 6.77722200635e-05, 5.97152029513e-05, 0.000219278794248, 0.000111539928184, 8.95814737305e-05, 0.000109731568955, 0.000138808318297, 0.0001088256613, 7.69888647483e-05, 9.68943131738e-05, 0.000129336753162, 5.69285002712e-05, 5.18512242706e-05, 3.07911504933e-05, 4.49456456408e-05, 7.20694006304e-05, 7.04056292307e-05, 5.01984286529e-05, 8.80148945726e-05, 6.74849652569e-05, 4.81371935166e-05, 3.89610868297e-05, 3.9162561734e-05, 4.80534872622e-05, 5.63420580875e-05, 0.000100866949651, 7.00137461536e-05, 4.01736069762e-05, 1.95582542801e-05, 1.13008045446e-05, 5.32711146661e-06, 5.9369799601e-06, 3.95975166612e-06, 2.58505565398e-06, 3.9125047806e-06, 5.76621459913e-06, 1.24026528283e-05, 1.2331128346e-05, 1.17444151329e-05, 1.11531353468e-05, 1.39589465107e-05, 1.75756431418e-05, 1.17664003483e-05, 8.29445525596e-06, 6.81451638229e-06, 5.99388613409e-06, 4.89130161441e-06, 4.43835278929e-06, 3.80974802283e-06, 3.88614080293e-06, 3.06299580188e-06, 3.23098265653e-06, 3.49472384187e-06, 3.30324724018e-06, 3.38019754054e-06, 3.09552478939e-06, 2.92748336506e-06, 4.93927700518e-06, 5.749414413e-06, 6.24504536972e-06, 6.61927879264e-06, 3.94129483539e-06, 2.5215599635e-06, 2.25427061196e-06, 6.25405391474e-07, 3.35419123587e-08, 1.04359632047e-10, 9.62907531488e-11, 9.1782512146e-11, 8.802451823e-11, 8.47644662794e-11, 8.38027217065e-11, 7.89441359506e-11, 7.59608834167e-11, 7.34683078263e-11, 7.12073386366e-11, 6.91780729922e-11, 6.71127944885e-11, 6.59197973985e-11, 6.44749739709e-11, 6.31685884156e-11, 6.2106431109e-11, 6.10098499498e-11, 6.03445279856e-11, 5.97731031338e-11, 5.94514576457e-11]
    },
    "mfcc": {
        "mean": [-659.254211426, 99.7394180298, -16.7229309082, 28.1867980957, 4.42501926422, -4.19791841507, -8.77777385712, 6.2499871254, -20.3882541656, 3.86705350876, -3.24047541618, -4.33618021011, 7.18535900116],
        "cov": [[2441.07714844, -173.074081421, -94.0641174316, 195.031539917, 3.06020879745, -71.3850402832, -46.6451148987, 122.597824097, -161.552749634, 185.640350342, 15.5128126144, 25.4598007202, 109.196044922], [-173.074081421, 1023.13616943, -155.556930542, 59.5649299622, -24.5640296936, 57.8044624329, 194.767623901, -15.6777210236, 34.34532547, 70.3656539917, 37.4848937988, 43.201789856, -68.6397476196], [-94.0641174316, -155.556930542, 471.794799805, -16.73828125, 81.8269042969, 38.6200904846, 30.992313385, -14.8291540146, 51.0905227661, -91.5150985718, -2.9249689579, -2.01343107224, -20.7011375427], [195.031539917, 59.5649299622, -16.73828125, 418.588256836, 54.689289093, 30.0450401306, -72.7747497559, 108.148269653, -86.8501052856, -14.1156949997, -47.6101226807, -28.6155700684, 41.2362518311], [3.06020879745, -24.5640296936, 81.8269042969, 54.689289093, 231.421478271, 54.5931816101, -6.36881065369, 4.69687318802, 15.453253746, -2.89286780357, 41.6579360962, 34.3340492249, 40.2155075073], [-71.3850402832, 57.8044624329, 38.6200904846, 30.0450401306, 54.5931816101, 278.84854126, 124.876678467, 65.0997848511, 53.8474807739, 32.4642372131, 66.229019165, 27.5801715851, -1.98792159557], [-46.6451148987, 194.767623901, 30.992313385, -72.7747497559, -6.36881065369, 124.876678467, 295.556488037, 32.9031448364, 110.089675903, 48.1870880127, 48.8713302612, 56.0512542725, -30.4614429474], [122.597824097, -15.6777210236, -14.8291540146, 108.148269653, 4.69687318802, 65.0997848511, 32.9031448364, 207.676620483, 17.6958656311, 36.5551757812, -4.48336172104, -5.30604887009, 36.2926445007], [-161.552749634, 34.34532547, 51.0905227661, -86.8501052856, 15.453253746, 53.8474807739, 110.089675903, 17.6958656311, 210.04725647, 51.7179374695, 48.7882652283, 39.5966682434, -28.8499946594], [185.640350342, 70.3656539917, -91.5150985718, -14.1156949997, -2.89286780357, 32.4642372131, 48.1870880127, 36.5551757812, 51.7179374695, 226.714111328, 87.1449737549, 48.1855621338, 0.887991309166], [15.5128126144, 37.4848937988, -2.9249689579, -47.6101226807, 41.6579360962, 66.229019165, 48.8713302612, -4.48336172104, 48.7882652283, 87.1449737549, 175.676452637, 80.3258514404, 34.4259796143], [25.4598007202, 43.201789856, -2.01343107224, -28.6155700684, 34.3340492249, 27.5801715851, 56.0512542725, -5.30604887009, 39.5966682434, 48.1855621338, 80.3258514404, 193.023452759, 87.7147293091], [109.196044922, -68.6397476196, -20.7011375427, 41.2362518311, 40.2155075073, -1.98792159557, -30.4614429474, 36.2926445007, -28.8499946594, 0.887991309166, 34.4259796143, 87.7147293091, 166.420181274]],
        "icov": [[0.000528726901393, 0.00013429534738, -4.01239522034e-05, -0.000176210407517, -1.7101639969e-05, 0.00024400667462, -0.00025496078888, -0.000154717927217, 0.000515228311997, -0.00059176736977, 3.05435496557e-05, 2.54725291597e-05, -0.000186009696336], [0.00013429534738, 0.00139095063787, 0.000512647093274, -0.000608908478171, -3.4905555367e-05, 0.00022660761897, -0.00113517441787, 0.000355544238118, 0.000249228731263, -0.000130277170683, -0.000196629305719, -0.000354417948984, 0.000697425974067], [-4.01239522034e-05, 0.000512647093274, 0.00285094906576, -0.000151311047375, -0.000908471120056, -6.45872787572e-05, -0.000493342231493, 0.000121999044495, -0.000665444706101, 0.00140446226578, -0.000274521415122, -0.000245974806603, 0.000795326835942], [-0.000176210407517, -0.000608908478171, -0.000151311047375, 0.00377414003015, -0.000872540520504, -0.000671614485327, 0.00119035679381, -0.00188583659474, 0.00103949429467, 1.29938807731e-05, 0.000969985325355, 0.000101705089037, -0.000331671792082], [-1.7101639969e-05, -3.4905555367e-05, -0.000908471120056, -0.000872540520504, 0.00550158042461, -0.000957433483563, 0.00063122616848, 0.000679687014781, -0.000630776805338, 0.000105788916699, -0.000942423881497, -0.00013136123016, -0.00111928710248], [0.00024400667462, 0.00022660761897, -6.45872787572e-05, -0.000671614485327, -0.000957433483563, 0.00556998373941, -0.00230388366617, -0.00132702093106, 0.000280012754956, 0.000167929640156, -0.00191079301294, 0.000264861242613, 0.000560649204999], [-0.00025496078888, -0.00113517441787, -0.000493342231493, 0.00119035679381, 0.00063122616848, -0.00230388366617, 0.00653236731887, -0.000968477514107, -0.00191787420772, 0.000129516614834, 0.000420844589826, -0.00148524343967, 0.000932200753596], [-0.000154717927217, 0.000355544238118, 0.000121999044495, -0.00188583659474, 0.000679687014781, -0.00132702093106, -0.000968477514107, 0.00728863896802, -0.00135061552282, -0.00120146945119, 0.00099356577266, 0.00148054317106, -0.00242984993383], [0.000515228311997, 0.000249228731263, -0.000665444706101, 0.00103949429467, -0.000630776805338, 0.000280012754956, -0.00191787420772, -0.00135061552282, 0.00769599480554, -0.00146334420424, -0.00049977004528, -0.00109192484524, 0.0015445088502], [-0.00059176736977, -0.000130277170683, 0.00140446226578, 1.29938807731e-05, 0.000105788916699, 0.000167929640156, 0.000129516614834, -0.00120146945119, -0.00146334420424, 0.00740756001323, -0.00320280552842, -0.000950382032897, 0.00163844763301], [3.05435496557e-05, -0.000196629305719, -0.000274521415122, 0.000969985325355, -0.000942423881497, -0.00191079301294, 0.000420844589826, 0.00099356577266, -0.00049977004528, -0.00320280552842, 0.00975708663464, -0.00202737376094, -0.00132972071879], [2.54725291597e-05, -0.000354417948984, -0.000245974806603, 0.000101705089037, -0.00013136123016, 0.000264861242613, -0.00148524343967, 0.00148054317106, -0.00109192484524, -0.000950382032897, -0.00202737376094, 0.0095709040761, -0.00558786652982], [-0.000186009696336, 0.000697425974067, 0.000795326835942, -0.000331671792082, -0.00111928710248, 0.000560649204999, 0.000932200753596, -0.00242984993383, 0.0015445088502, 0.00163844763301, -0.00132972071879, -0.00558786652982, 0.0110566643998]]
    },
    "spectral_contrast_coeffs": {
        "max": [-0.347038567066, -0.32789477706, -0.513930141926, -0.575480520725, -0.591796994209, -0.580511212349],
        "mean": [-0.673494637012, -0.682358086109, -0.740312159061, -0.766229987144, -0.744247913361, -0.763933300972],
        "min": [-0.939169764519, -0.943156301975, -0.92077922821, -0.903710842133, -0.878361284733, -0.883355081081],
        "stdev": [0.0946253761649, 0.108405396342, 0.0731518343091, 0.0597482323647, 0.0555783808231, 0.047725815326]
    },
    "spectral_contrast_valleys": {
        "max": [-5.89373731613, -5.13936281204, -6.40332746506, -6.26098203659, -6.31338834763, -7.61301374435],
        "mean": [-7.61372041702, -7.40699291229, -7.93769359589, -7.84191417694, -7.6062002182, -10.3867816925],
        "min": [-11.2315530777, -9.43962955475, -9.59677028656, -9.2717924118, -9.55088043213, -13.1728792191],
        "stdev": [0.792405545712, 0.528315365314, 0.481743514538, 0.423431456089, 0.483285903931, 0.726659595966]
    }
},
"rhythm": {
    "beats_count": 109,
    "beats_loudness": {
        "max": 0.066894620657,
        "mean": 0.021734341979,
        "min": 0.000564951915294,
        "stdev": 0.0132099455222
    },
    "bpm": 135.882385254,
    "bpm_histogram_first_peak_bpm": 136,
    "bpm_histogram_first_peak_weight": 0.413043439388,
    "bpm_histogram_second_peak_bpm": 129,
    "bpm_histogram_second_peak_spread": 0.363636374474,
    "bpm_histogram_second_peak_weight": 0.0648148134351,
    "danceability": 1.05755352974,
    "onset_rate": 3.69140625,
    "beats_loudness_band_ratio": {
        "max": [0.84014493227, 0.958364069462, 0.821098506451, 0.476439088583, 0.517220318317, 0.862340688705],
        "mean": [0.164750143886, 0.421190023422, 0.182324200869, 0.101390808821, 0.117133073509, 0.0900863558054],
        "min": [6.73171452945e-05, 0.00560787832364, 0.00274560670368, 0.00227643572725, 0.00478668371215, 0.00308673642576],
        "stdev": [0.169354245067, 0.234508216381, 0.189656794071, 0.103107497096, 0.0936625674367, 0.123170673847]
    },
