{
"metadata": {
    "version": {
        "essentia": "2.1-beta5",
        "essentia_git_sha": "Undefined",
        "extractor": "music 2.0"
    },
    "audio_properties": {
        "analysis": {
            "equal_loudness": 0,
            "length": 21.3855781555,
            "sample_rate": 44100,
            "start_time": 175.240997314,
            "downmix": "mix"
        },
        "bit_rate": 192000,
        "length": 196.649810791,
        "lossless": 0,
        "number_channels": 2,
        "replay_gain": -9.75240135193,
        "sample_rate": 48000,
        "codec": "mp3",
        "md5_encoded": "b209d7ac14ba8b1d5d3059278f06ee13"
    },
    "tags": {
        "file_name": "Croatia_Romanca_Kraljevi Ulice _ 75 Cents.mp3",
        "encoding": ["Lavf58.29.100"]
    }
},
"lowlevel": {
    "average_loudness": 0.861638367176,
    "barkbands_crest": {
        "max": 23.1551380157,
        "mean": 7.33111572266,
        "min": 2.81371116638,
        "stdev": 3.42766070366
    },
    "barkbands_flatness_db": {
        "max": 0.270715892315,
        "mean": 0.130178689957,
        "min": 0.0374188199639,
        "stdev": 0.0527142733335
    },
    "barkbands_kurtosis": {
        "max": 41.0183753967,
        "mean": 0.508938908577,
        "min": -1.77040326595,
        "stdev": 2.95927405357
    },
    "barkbands_skewness": {
        "max": 6.02686309814,
        "mean": 0.548209071159,
        "min": -2.40356564522,
        "stdev": 0.930830478668
    },
    "barkbands_spread": {
        "max": 63.5833435059,
        "mean": 25.1564025879,
        "min": 3.65488743782,
        "stdev": 13.7390851974
    },
    "dissonance": {
        "max": 0.499999642372,
        "mean": 0.483688861132,
        "min": 0.422407984734,
        "stdev": 0.0128406658769
    },
    "dynamic_complexity": 4.09987783432,
    "erbbands_crest": {
        "max": 21.9301395416,
        "mean": 7.87803936005,
        "min": 3.09953570366,
        "stdev": 2.53803420067
    },
    "erbbands_flatness_db": {
        "max": 0.339430391788,
        "mean": 0.199462547898,
        "min": 0.0501843765378,
        "stdev": 0.0617622472346
    },
    "erbbands_kurtosis": {
        "max": 16.6424789429,
        "mean": 0.593066871166,
        "min": -1.55887079239,
        "stdev": 1.56531107426
    },
    "erbbands_skewness": {
        "max": 2.32882285118,
        "mean": 0.0124068008736,
        "min": -2.71154856682,
        "stdev": 0.780008196831
    },
    "erbbands_spread": {
        "max": 77.615447998,
        "mean": 24.470249176,
        "min": 5.23778152466,
        "stdev": 10.3649902344
    },
    "hfc": {
        "max": 98.6556472778,
        "mean": 22.1320419312,
        "min": 3.03648278077e-07,
        "stdev": 19.9653835297
    },
    "loudness_ebu128": {
        "integrated": -14.7859230042,
        "loudness_range": 8.19123840332,
        "momentary": {
            "max": -11.4885978699,
            "mean": -17.1993751526,
            "min": -40.6259155273,
            "stdev": 5.1661067009
        },
        "short_term": {
            "max": -12.8421592712,
            "mean": -16.2107563019,
            "min": -25.1822032928,
            "stdev": 3.48344230652
        }
    },
    "melbands_crest": {
        "max": 28.7378082275,
        "mean": 10.1948442459,
        "min": 3.37136864662,
        "stdev": 4.67109918594
    },
    "melbands_flatness_db": {
        "max": 0.319053828716,
        "mean": 0.140777751803,
        "min": 0.0316010266542,
        "stdev": 0.0493056066334
    },
    "melbands_kurtosis": {
        "max": 125.440963745,
        "mean": 3.42501878738,
        "min": -1.65019249916,
        "stdev": 8.04480457306
    },
    "melbands_skewness": {
        "max": 9.44317913055,
        "mean": 1.38140904903,
        "min": -1.33554422855,
        "stdev": 1.09760010242
    },
    "melbands_spread": {
        "max": 110.612625122,
        "mean": 39.0178985596,
        "min": 2.96343970299,
        "stdev": 21.8661823273
    },
    "pitch_salience": {
        "max": 0.86070895195,
        "mean": 0.647182583809,
        "min": 0.227421745658,
        "stdev": 0.120339401066
    },
    "silence_rate_20dB": {
        "max": 1,
        "mean": 1,
        "min": 1,
        "stdev": 0
    },
    "silence_rate_30dB": {
        "max": 1,
        "mean": 1,
        "min": 1,
        "stdev": 0
    },
    "silence_rate_60dB": {
        "max": 1,
        "mean": 0.23101952672,
        "min": 0,
        "stdev": 0.421484529972
    },
    "spectral_centroid": {
        "max": 3715.96606445,
        "mean": 2056.61010742,
        "min": 475.116455078,
        "stdev": 507.002838135
    },
    "spectral_complexity": {
        "max": 54,
        "mean": 20.3286342621,
        "min": 0,
        "stdev": 12.2978830338
    },
    "spectral_decrease": {
        "max": -4.95021439935e-17,
        "mean": -3.67516017619e-09,
        "min": -1.5645920115e-08,
        "stdev": 3.30042349006e-09
    },
    "spectral_energy": {
        "max": 0.0665587857366,
        "mean": 0.0158783514053,
        "min": 2.14374407115e-10,
        "stdev": 0.013989623636
    },
    "spectral_energyband_high": {
        "max": 0.00519196176901,
        "mean": 0.000797517132014,
        "min": 2.67867637793e-11,
        "stdev": 0.000876211677678
    },
    "spectral_energyband_low": {
        "max": 0.037888891995,
        "mean": 0.00423500873148,
        "min": 5.14970080467e-11,
        "stdev": 0.00736608402804
    },
    "spectral_energyband_middle_high": {
        "max": 0.034279782325,
        "mean": 0.00763674080372,
        "min": 1.08397553086e-11,
        "stdev": 0.00685283355415
    },
    "spectral_energyband_middle_low": {
        "max": 0.0204122550786,
        "mean": 0.00366217643023,
        "min": 9.52389642844e-12,
        "stdev": 0.00319840596057
    },
    "spectral_entropy": {
        "max": 8.71245956421,
        "mean": 7.75640678406,
        "min": 6.91412401199,
        "stdev": 0.206747367978
    },
    "spectral_flux": {
        "max": 0.196272537112,
        "mean": 0.0745916813612,
        "min": 6.97702271282e-05,
        "stdev": 0.0433811172843
    },
    "spectral_kurtosis": {
        "max": 14.1609325409,
        "mean": 4.75672101974,
        "min": 0.131804227829,
        "stdev": 1.85928297043
    },
    "spectral_rms": {
        "max": 0.00805825088173,
        "mean": 0.00347248162143,
        "min": 4.57324574654e-07,
        "stdev": 0.00185281981248
    },
    "spectral_rolloff": {
        "max": 8204.15039062,
        "mean": 2461.02197266,
        "min": 86.1328125,
        "stdev": 956.503601074
    },
    "spectral_skewness": {
        "max": 2.39562106133,
        "mean": 1.49848031998,
        "min": 0.409928500652,
        "stdev": 0.293875873089
    },
    "spectral_spread": {
        "max": 9309348,
        "mean": 3620597.25,
        "min": 1633725.5,
        "stdev": 888314.25
    },
    "spectral_strongpeak": {
        "max": 13.4032402039,
        "mean": 0.993350625038,
        "min": 0,
        "stdev": 1.55114805698
    },
    "zerocrossingrate": {
        "max": 0.3857421875,
        "mean": 0.082199126482,
        "min": 0.01025390625,
        "stdev": 0.0278059020638
    },
    "barkbands": {
        "max": [0.00167737831362, 0.0357125028968, 0.02138251625, 0.00913124904037, 0.00328268390149, 0.00400606449693, 0.0047426270321, 0.00891146063805, 0.00950921885669, 0.0164038892835, 0.00780886225402, 0.00570392329246, 0.0112002389506, 0.00462748808786, 0.00632066745311, 0.0114651843905, 0.0105354338884, 0.0124597325921, 0.0103911291808, 0.00414530327544, 0.002652032068, 0.00152563850861, 0.000909217866138, 0.000867442460731, 0.000458894268377, 0.00067101791501, 2.05127321351e-06],
        "mean": [7.39487149986e-05, 0.00285017886199, 0.000996420043521, 0.00058848108165, 0.000515961262863, 0.000292415032163, 0.00038655102253, 0.000408801395679, 0.00120517215692, 0.000893941614777, 0.000531143450644, 0.000503474788275, 0.000986218685284, 0.000468732614536, 0.000507924822159, 0.000627398956567, 0.00139005668461, 0.00124937272631, 0.000502083858009, 0.000233614453464, 0.000206877142773, 0.000189048063476, 0.000160441370099, 5.1220664318e-05, 3.02367061522e-05, 2.85699425149e-05, 5.72173739499e-08],
        "min": [2.68544236327e-12, 1.35534847234e-11, 4.45706319074e-12, 1.97536995442e-12, 2.557284896e-12, 1.38859702816e-12, 5.49928538037e-13, 6.37972097026e-13, 1.84266447587e-12, 2.0368554933e-12, 6.30147735207e-13, 7.50984940467e-13, 4.90077217089e-13, 5.40182969969e-13, 1.26269296668e-12, 7.04473100948e-13, 1.16472608468e-12, 1.1993604894e-12, 1.855707428e-12, 2.39228819046e-12, 1.44642349313e-12, 3.56548731512e-12, 1.55421931835e-12, 6.03414583925e-12, 3.84755638808e-12, 4.95868970884e-12, 3.57507036128e-12],
        "stdev": [0.000181214898475, 0.00595686538145, 0.00228383298963, 0.00107085099444, 0.000611996860243, 0.000482299219584, 0.000610622460954, 0.000689464330208, 0.00138253474142, 0.00131060078274, 0.0007293560775, 0.000706682389136, 0.00146589241922, 0.000585069705267, 0.000820217421278, 0.00129142019432, 0.00171190116089, 0.00144566432573, 0.000781175331213, 0.000333761650836, 0.000301583640976, 0.000215006366489, 0.000188797857845, 7.83775467426e-05, 5.21992624272e-05, 7.25742283976e-05, 1.51388150016e-07]
    },
    "erbbands": {
        "max": [1.28631091118, 7.23675251007, 18.8271102905, 33.2020835876, 19.3151702881, 12.0447454453, 19.1091022491, 42.8243255615, 57.7692260742, 99.4521789551, 264.559844971, 267.254699707, 556.484680176, 277.840545654, 301.333679199, 279.028198242, 588.368774414, 264.290771484, 371.873413086, 307.475311279, 672.031616211, 653.269775391, 726.409240723, 313.345855713, 673.034362793, 94.7325973511, 119.776443481, 110.748443604, 57.4173660278, 49.3751144409, 26.5172615051, 14.6304960251, 14.1832809448, 5.58991146088, 2.74187135696, 2.63960695267, 1.4239064455, 0.16442361474, 0.00308016175404, 0.000150801090058],
        "mean": [0.087859839201, 0.615603327751, 1.14551019669, 1.69696068764, 1.83147609234, 1.623244524, 1.77669465542, 2.8076338768, 4.8540968895, 6.5864276886, 11.861948967, 28.9854202271, 27.4465789795, 27.4741096497, 21.0353126526, 22.3094806671, 44.7625770569, 28.3260059357, 31.968755722, 22.2426662445, 42.5905570984, 78.8851394653, 70.9872283936, 43.050579071, 18.6366443634, 11.4149074554, 10.6010284424, 6.28965997696, 6.3562874794, 7.06134319305, 3.85438394547, 1.36938035488, 0.721109867096, 0.379005759954, 0.201292544603, 0.121041290462, 0.0544611737132, 0.00530094699934, 0.000114969923743, 2.542699076e-05],
        "min": [3.58099022657e-10, 3.72954600536e-09, 5.44962608373e-09, 6.41406794344e-09, 6.69364252914e-09, 9.16156839281e-09, 1.05120658844e-08, 1.13241327426e-08, 1.02398276525e-08, 5.13676035041e-09, 2.2160238089e-08, 3.52806104331e-08, 5.84423709427e-08, 6.37109422996e-08, 1.70283875889e-08, 3.36464154316e-08, 2.32494858921e-08, 1.96731821944e-08, 4.53581527893e-08, 7.73091599626e-08, 3.62376937346e-08, 5.96883111825e-08, 6.30952001757e-08, 9.48053084926e-08, 7.52580575636e-08, 1.04267179779e-07, 7.85208342791e-08, 8.74981012089e-08, 1.31848395313e-07, 7.24407271946e-08, 4.63652938265e-08, 8.72190923928e-08, 1.06129611765e-07, 5.06648305532e-08, 2.77784923952e-08, 1.5154229871e-08, 9.35976274263e-09, 3.65548080694e-09, 4.99024155332e-10, 4.8743665354e-11],
        "stdev": [0.20695322752, 1.25324642658, 2.31565999985, 3.49146389961, 2.53541851044, 2.01339387894, 2.51342248917, 5.09447908401, 8.21092319489, 10.2978744507, 18.0428218842, 35.2409057617, 39.7438087463, 34.8929595947, 26.4272346497, 29.5901451111, 70.0226516724, 33.92420578, 46.767539978, 34.4379348755, 74.8808059692, 97.2953948975, 82.2055435181, 49.380947113, 40.0458526611, 15.0881786346, 15.1504182816, 8.94090843201, 7.41781377792, 8.23820400238, 4.52057361603, 1.80963397026, 1.20749497414, 0.602086901665, 0.38872808218, 0.280731141567, 0.149334341288, 0.0131313167512, 0.000250781420618, 2.43145677814e-05]
    },
    "gfcc": {
        "mean": [-39.7818145752, 48.3930358887, -177.332763672, 11.9867591858, -67.9376449585, 11.3022737503, -35.5265083313, 14.1401586533, -20.494802475, -4.29404878616, -21.0937366486, 2.97608351707, -17.9398040771],
        "cov": [[12128.7109375, 1754.63635254, 3142.17919922, 3275.69335938, 1808.92871094, 966.919677734, 283.302734375, 430.375488281, -3.24793100357, 342.840301514, 161.098190308, 671.875366211, -279.826080322], [1754.63635254, 1133.62719727, 1117.55224609, 1042.58935547, 664.282897949, 330.946044922, 181.022781372, 92.148223877, 23.7328796387, 71.5649261475, 63.1855506897, 119.413619995, -26.0045890808], [3142.17919922, 1117.55224609, 2176.60864258, 1694.94775391, 1038.07299805, 541.556030273, 133.625717163, 155.191864014, -46.9019432068, 233.87020874, -15.6326789856, 238.695068359, -84.7122421265], [3275.69335938, 1042.58935547, 1694.94775391, 1707.53588867, 964.820800781, 465.097381592, 103.685317993, 106.655845642, 11.1489934921, 132.432296753, 44.0709609985, 247.593093872, -84.5458984375], [1808.92871094, 664.282897949, 1038.07299805, 964.820800781, 682.472106934, 325.405273438, 105.444412231, 112.87915802, 18.191576004, 104.509384155, 14.2971067429, 134.845016479, -48.1479873657], [966.919677734, 330.946044922, 541.556030273, 465.097381592, 325.405273438, 287.03237915, 145.918777466, 90.4317626953, 10.6443758011, 54.5952186584, 10.3930959702, 62.958656311, -21.2536258698], [283.302734375, 181.022781372, 133.625717163, 103.685317993, 105.444412231, 145.918777466, 192.755569458, 94.6040344238, 16.8436603546, 36.6616477966, 25.7295284271, 12.0887231827, 15.0510940552], [430.375488281, 92.148223877, 155.191864014, 106.655845642, 112.87915802, 90.4317626953, 94.6040344238, 115.334602356, 33.148601532, 56.992767334, 16.2364768982, 20.4965896606, 1.82506597042], [-3.24793100357, 23.7328796387, -46.9019432068, 11.1489934921, 18.191576004, 10.6443758011, 16.8436603546, 33.148601532, 87.8892669678, 16.4754257202, 15.6909484863, 10.600728035, -4.4032740593], [342.840301514, 71.5649261475, 233.87020874, 132.432296753, 104.509384155, 54.5952186584, 36.6616477966, 56.992767334, 16.4754257202, 129.319854736, 16.8259525299, 27.6382045746, 20.2986869812], [161.098190308, 63.1855506897, -15.6326789856, 44.0709609985, 14.2971067429, 10.3930959702, 25.7295284271, 16.2364768982, 15.6909484863, 16.8259525299, 79.8861541748, 37.5597190857, 12.2487020493], [671.875366211, 119.413619995, 238.695068359, 247.593093872, 134.845016479, 62.958656311, 12.0887231827, 20.4965896606, 10.600728035, 27.6382045746, 37.5597190857, 107.012664795, -11.8676786423], [-279.826080322, -26.0045890808, -84.7122421265, -84.5458984375, -48.1479873657, -21.2536258698, 15.0510940552, 1.82506597042, -4.4032740593, 20.2986869812, 12.2487020493, -11.8676786423, 79.4531478882]],
        "icov": [[0.000260780478129, -0.000141179887578, 0.000361074344255, -0.000694619724527, 0.000388401269447, -0.000298181606922, 0.000396320217988, -0.00109221902676, 0.00077047990635, -0.000429390347563, 0.000350853137206, -0.000850166135933, 0.000595009070821], [-0.000141179887578, 0.00401267642155, -0.00219364115037, 0.000145624726429, -0.002651339164, 0.00271006720141, -0.00431432621554, 0.00345488358289, -0.00285527785309, 0.00306480377913, -0.00401422940195, 0.00328821805306, -0.00134284805972], [0.000361074344255, -0.00219364115037, 0.00545827811584, -0.00348180998117, 0.000971674977336, -0.00336340861395, 0.00342117273249, -0.00378009793349, 0.00558927003294, -0.00571311824024, 0.00536907929927, -0.00356429652311, 0.00220539164729], [-0.000694619724527, 0.000145624726429, -0.00348180998117, 0.00740157300606, -0.00503876339644, 0.000564837013371, -0.000683850550558, 0.00529442029074, -0.00389163452201, 0.00325538939796, -0.00341586535797, 0.00048894865904, -0.00157715589739], [0.000388401269447, -0.002651339164, 0.000971674977336, -0.00503876339644, 0.0124473124743, -0.00499435001984, 0.00427909707651, -0.00714203249663, 0.00196922523901, -0.00262625422329, 0.00392247224227, -0.00257536419667, 0.00152555468958], [-0.000298181606922, 0.00271006720141, -0.00336340861395, 0.000564837013371, -0.00499435001984, 0.0161387659609, -0.0116673195735, 0.00362448929809, -0.00335216778331, 0.00392806855962, -0.0019794581458, 0.00245025148615, -0.000248853466474], [0.000396320217988, -0.00431432621554, 0.00342117273249, -0.000683850550558, 0.00427909707651, -0.0116673195735, 0.0196240022779, -0.0130858933553, 0.00529450178146, -0.00274161808193, 0.00150255742483, -0.00237509654835, -0.00063361809589], [-0.00109221902676, 0.00345488358289, -0.00378009793349, 0.00529442029074, -0.00714203249663, 0.00362448929809, -0.0130858933553, 0.0283890981227, -0.0104491440579, -0.0010232697241, -0.00473960675299, 0.0048886379227, -0.00150091107935], [0.00077047990635, -0.00285527785309, 0.00558927003294, -0.00389163452201, 0.00196922523901, -0.00335216778331, 0.00529450178146, -0.0104491440579, 0.0199604891241, -0.00622756732628, 0.00368996942416, -0.00539031578228, 0.00445411959663], [-0.000429390347563, 0.00306480377913, -0.00571311824024, 0.00325538939796, -0.00262625422329, 0.00392806855962, -0.00274161808193, -0.0010232697241, -0.00622756732628, 0.017758384347, -0.00666576065123, 0.00364668807015, -0.00644401274621], [0.000350853137206, -0.00401422940195, 0.00536907929927, -0.00341586535797, 0.00392247224227, -0.0019794581458, 0.00150255742483, -0.00473960675299, 0.00368996942416, -0.00666576065123, 0.0242622382939, -0.0119891110808, 5.95642122789e-05], [-0.000850166135933, 0.00328821805306, -0.00356429652311, 0.00048894865904, -0.00257536419667, 0.00245025148615, -0.00237509654835, 0.0048886379227, -0.00539031578228, 0.00364668807015, -0.0119891110808, 0.0225708801299, -0.00177626684308], [0.000595009070821, -0.00134284805972, 0.00220539164729, -0.00157715589739, 0.00152555468958, -0.000248853466474, -0.00063361809589, -0.00150091107935, 0.00445411959663, -0.00644401274621, 5.95642122789e-05, -0.00177626684308, 0.0175462868065]]
    },
    "melbands": {
        "max": [0.0108380848542, 0.00796352978796, 0.00517639284953, 0.000825304887258, 0.00072772760177, 0.000866062007844, 0.000964888371527, 0.000944470288232, 0.00216185231693, 0.00167536200024, 0.00278415926732, 0.00107975513674, 0.00123142730445, 0.000711355707608, 0.0012533996487, 0.00109049200546, 0.000481480092276, 0.000529672834091, 0.00045632472029, 0.000726378173567, 0.00107442238368, 0.000879348779563, 0.000527096097358, 0.000742774456739, 0.000262159301201, 0.000499089073855, 0.000252775556874, 7.01574390405e-05, 0.000107349194877, 7.19399613445e-05, 5.77383179916e-05, 4.65091361548e-05, 2.97412443615e-05, 2.98850554827e-05, 2.07431803574e-05, 9.56766780291e-06, 1.21697157738e-05, 1.29152676891e-05, 7.42268093745e-06, 3.76205252905e-06],
        "mean": [0.000798291875981, 0.00066364108352, 0.000300325104035, 0.000119710137369, 6.60993318888e-05, 6.06059402344e-05, 7.75950757088e-05, 7.31931359041e-05, 0.000109369269921, 0.000185893062735, 0.00013565311383, 0.000113217298349, 6.99774682289e-05, 6.05032873864e-05, 7.01652897988e-05, 9.91938286461e-05, 4.55532463093e-05, 5.08440534759e-05, 3.31299925165e-05, 3.57614771929e-05, 5.18316774105e-05, 8.27474796097e-05, 7.25633944967e-05, 5.95356104895e-05, 3.27967536577e-05, 1.53331220645e-05, 8.96564688446e-06, 7.3168621384e-06, 7.45423403714e-06, 4.45572641183e-06, 3.37882102031e-06, 3.4277618397e-06, 3.92889205614e-06, 4.0028071453e-06, 2.60287765741e-06, 1.06308380055e-06, 7.14974987659e-07, 5.35826245596e-07, 3.85054704566e-07, 2.94036794912e-07],
        "min": [6.25345651997e-12, 3.38156304173e-12, 1.10632867884e-12, 5.57897586635e-13, 3.87165153453e-13, 2.56569938906e-13, 1.45573711505e-13, 5.8523722164e-14, 2.04090176291e-13, 2.42248441359e-13, 2.90211593906e-13, 2.65983497163e-13, 6.71017332411e-14, 7.22245275197e-14, 6.9742870062e-14, 5.11330784843e-14, 3.35432060546e-14, 6.893900869e-14, 1.07914653776e-13, 7.6222428163e-14, 3.64022946172e-14, 5.23945985339e-14, 8.87367843051e-14, 4.36049613572e-14, 8.1079044032e-14, 7.50821862907e-14, 3.88894577891e-14, 8.25265488e-14, 5.6134889353e-14, 3.82534139727e-14, 5.38863014811e-14, 8.72421574002e-14, 5.19139378295e-14, 3.28926102122e-14, 2.28775721647e-14, 3.65714437087e-14, 5.75182466218e-14, 8.05013133519e-14, 5.56930735795e-14, 4.11994623259e-14],
        "stdev": [0.00174691097345, 0.00118467141874, 0.000552324752789, 0.000142779841553, 8.79561339389e-05, 0.000107273488538, 0.000127549545141, 0.000113438887638, 0.000159822040587, 0.000223367474973, 0.00020343415963, 0.000149837214849, 9.45704596234e-05, 8.34065067465e-05, 0.000112495916255, 0.000144307152368, 5.87211543461e-05, 7.25647041691e-05, 5.23071794305e-05, 7.64001670177e-05, 9.62969788816e-05, 0.000111900284537, 8.75777113833e-05, 7.05112979631e-05, 3.96256546082e-05, 3.05028461298e-05, 1.80669558176e-05, 1.03858928924e-05, 1.08800095404e-05, 7.49756327423e-06, 5.09473829879e-06, 4.47691945737e-06, 4.32805290984e-06, 5.01213298776e-06, 3.19641731039e-06, 1.33671733238e-06, 1.11012627713e-06, 9.64070636655e-07, 6.4663242938e-07, 4.65740924938e-07]
    },
    "melbands128": {
        "max": [0.00145925953984, 0.0108438571915, 0.0178131107241, 0.0129800867289, 0.0111768813804, 0.0108958119527, 0.00760196708143, 0.00367118488066, 0.0020341752097, 0.00114508578554, 0.000774657586589, 0.00121223204769, 0.000913825002499, 0.00100601546001, 0.00153546978254, 0.00136983837001, 0.00162729085423, 0.00160484807566, 0.00157800200395, 0.00191981857643, 0.00168676755857, 0.0018374430947, 0.0037143973168, 0.00190704152919, 0.00263479328714, 0.00216277875006, 0.00145714590326, 0.00535264564678, 0.00269048870541, 0.00227919523604, 0.00181242125109, 0.00126279087272, 0.00228037172928, 0.000961596902926, 0.00114693900105, 0.00100881163962, 0.00142153655179, 0.000868471572176, 0.00286507583223, 0.00258035724983, 0.00192815321498, 0.00117312162183, 0.000929409114178, 0.000813864637166, 0.00077456899453, 0.000733338005375, 0.00162748643197, 0.000742799486034, 0.000611900177319, 0.00079509470379, 0.00135666958522, 0.00185893382877, 0.00186463538557, 0.00235841306858, 0.00103945599403, 0.00194562028628, 0.000914477510378, 0.00119792367332, 0.000567804672755, 0.000973107409663, 0.00109854631592, 0.000659059209283, 0.000532960402779, 0.000383522070479, 0.000499262940139, 0.000255635386566, 0.00145997793879, 0.000660646823235, 0.000156007125042, 0.000113077432616, 8.3168328274e-05, 0.000145741505548, 0.000102247737232, 0.000213266626815, 0.000122315104818, 9.15054552024e-05, 9.02450556168e-05, 9.71301633399e-05, 4.481428914e-05, 7.18860173947e-05, 5.09705205332e-05, 7.43053315091e-05, 3.82046127925e-05, 3.93239824916e-05, 3.13754317176e-05, 4.23347191827e-05, 3.74249575543e-05, 3.45560329151e-05, 2.81269003608e-05, 1.79149956239e-05, 1.07622945507e-05, 1.08825197458e-05, 9.06208515516e-06, 1.23100817291e-05, 1.29820446091e-05, 2.51261681115e-05, 8.87572150532e-06, 5.29127282789e-06, 9.25997665036e-06, 8.61519401951e-06, 5.4372167142e-06, 2.94614574159e-06, 4.39159930465e-06, 5.81133872402e-06, 4.04931552112e-06, 2.95785980597e-06, 3.22400819641e-06, 3.68578639609e-06, 5.009387678e-06, 3.30634316015e-06, 1.28340552692e-05, 9.18571367947e-06, 3.32572540174e-06, 3.7143965983e-06, 1.85583360235e-06, 2.55943837146e-06, 5.56868940293e-07, 7.92899612634e-09, 8.02825272928e-09, 7.94259413794e-09, 7.82554021583e-09, 7.70052466237e-09, 7.57155227404e-09, 7.47279127467e-09, 7.36911331956e-09, 7.29544424871e-09, 7.23563786664e-09, 7.20008186406e-09],
        "mean": [6.84612241457e-05, 0.00064342119731, 0.00119911425281, 0.000936514057685, 0.00062418426387, 0.000474310130812, 0.000351604510797, 0.000279378640698, 0.000176697401912, 0.000107893123641, 8.41465953272e-05, 7.88524121162e-05, 5.62594213989e-05, 5.4578842537e-05, 6.94533518981e-05, 5.87043687119e-05, 5.66255948797e-05, 9.49253953877e-05, 8.59745778143e-05, 6.81606106809e-05, 6.83163380018e-05, 7.68586542108e-05, 0.000106059749669, 0.000142127813888, 0.000217555629206, 0.000197481931536, 0.000136670263601, 0.000130538726808, 0.000130141968839, 0.000129521577037, 0.000108815896965, 7.97013417468e-05, 6.31080038147e-05, 6.66743289912e-05, 6.5224179707e-05, 5.80510022701e-05, 5.52911697014e-05, 4.43493299827e-05, 9.77969320957e-05, 0.000126736980747, 9.81406701612e-05, 6.66399355396e-05, 4.10499087593e-05, 3.56643649866e-05, 4.36458431068e-05, 5.10749960085e-05, 6.84082915541e-05, 3.2027157431e-05, 1.76757093868e-05, 2.42187397816e-05, 4.04730417358e-05, 4.62346615677e-05, 4.29806532338e-05, 5.67286406294e-05, 6.59540601191e-05, 9.4252776762e-05, 8.61542648636e-05, 8.21256253403e-05, 6.06807843724e-05, 6.59975994495e-05, 6.10812712694e-05, 5.88297480135e-05, 3.80952151318e-05, 2.64330774371e-05, 2.06008553505e-05, 1.27090115711e-05, 1.53102446347e-05, 1.1358069969e-05, 6.77947718941e-06, 6.23945970801e-06, 7.34157947591e-06, 8.34222919366e-06, 6.86675821271e-06, 8.94530239748e-06, 5.32013154952e-06, 4.92715707878e-06, 3.9617193579e-06, 2.96650432574e-06, 3.53796690433e-06, 3.52382289748e-06, 3.11165672429e-06, 3.5153184399e-06, 3.68031351172e-06, 4.11982500736e-06, 3.90344848711e-06, 4.15306703871e-06, 4.06530898545e-06, 3.7734128e-06, 2.67701466328e-06, 1.69629288393e-06, 1.10406972453e-06, 9.24086464238e-07, 8.83278744368e-07, 7.07783897269e-07, 6.21138383394e-07, 6.15698922957e-07, 5.17761861829e-07, 4.0737191398e-07, 4.31439445947e-07, 3.32261095082e-07, 3.20163621836e-07, 2.8451762546e-07, 2.68794707381e-07, 2.72153016567e-07, 2.24555122941e-07, 1.90969359437e-07, 1.83890165317e-07, 1.75061259711e-07, 2.0499228981e-07, 1.93899438727e-07, 3.34709540084e-07, 2.71709183153e-07, 1.27875310341e-07, 1.15675526047e-07, 8.82364119548e-08, 7.1514975275e-08, 7.25493531917e-09, 1.21295681832e-10, 2.04060018882e-10, 1.47749895651e-10, 1.10631039052e-10, 8.21212126079e-11, 4.73533746936e-11, 1.14433948428e-11, 1.01198433314e-11, 9.96926239477e-12, 9.86134784942e-12, 9.80741963336e-12],
        "min": [2.17709571616e-13, 2.94904291959e-12, 3.01382161415e-12, 5.2462947181e-12, 3.08346057021e-12, 2.0595641078e-12, 1.34931519083e-12, 8.75512661501e-13, 6.3101227802e-13, 5.48065228183e-13, 5.18984920143e-13, 4.37073256277e-13, 3.48561186424e-13, 3.33425615676e-13, 2.62454825668e-13, 2.19971285111e-13, 1.8450387431e-13, 1.51813308561e-13, 7.33733210366e-14, 2.71814465196e-14, 5.78906768443e-14, 1.22521838595e-13, 2.65247161258e-13, 2.392696501e-13, 1.68312927614e-13, 2.53261008085e-13, 3.72407508477e-13, 2.88377855666e-13, 2.23862296972e-13, 3.06661407422e-13, 3.02646498357e-13, 1.38265633209e-13, 4.37558077607e-14, 1.64375535617e-14, 4.30745120562e-14, 9.15892931158e-14, 1.22528696174e-13, 7.55893963958e-14, 2.47100923707e-14, 5.4042352055e-14, 6.45089721658e-14, 4.09671008597e-14, 1.49112764237e-14, 2.84671612184e-14, 8.89311207682e-14, 7.06602677303e-14, 5.6224535932e-14, 8.32564540313e-14, 1.71397008457e-13, 9.68273245329e-14, 6.74141799784e-14, 4.30180149586e-14, 2.98961430698e-14, 3.18062362472e-14, 5.61318773038e-14, 3.72080465668e-14, 5.17979891835e-14, 1.38582084718e-13, 9.01232688195e-14, 2.40594169072e-14, 3.46314841496e-14, 6.03497490154e-14, 6.34456747664e-14, 7.24038884403e-14, 1.38240086696e-13, 8.9900309419e-14, 2.48388515431e-14, 4.15316788122e-14, 4.40709921085e-14, 1.98091343269e-14, 1.10444490467e-13, 7.81365667698e-14, 1.07573753507e-13, 3.14874909729e-14, 3.67522242565e-14, 2.40588087376e-14, 5.54008777059e-14, 4.08462834682e-14, 3.58103812174e-14, 8.68765305463e-14, 1.05605174399e-13, 7.67360215084e-14, 6.21250758628e-14, 5.0830711439e-14, 3.90425844053e-14, 5.33602160938e-14, 1.88682111656e-14, 2.12436303629e-14, 2.14798170299e-14, 2.32676240606e-14, 3.18390943493e-14, 2.3823868903e-14, 7.79796420578e-14, 4.47508376926e-14, 4.48991294448e-14, 1.10235320763e-13, 6.19228721576e-14, 7.02370155309e-14, 8.15793965584e-14, 1.70130057232e-14, 3.98210686702e-14, 5.47504241651e-14, 2.78876348284e-14, 3.55404826391e-14, 3.2739253203e-14, 2.32287028967e-14, 3.29496832921e-14, 2.83733997533e-14, 2.71540128165e-14, 2.33129708165e-14, 1.8650161168e-14, 2.24982047423e-14, 3.24517465038e-14, 3.40296841812e-14, 4.29748806528e-14, 4.3003371453e-14, 2.92345730686e-14, 1.42808653764e-14, 7.85065795602e-15, 1.17094630839e-14, 1.60243759722e-14, 2.04177478283e-14, 1.61490304229e-14, 1.60147706186e-14, 1.37255929279e-14, 6.60098366213e-15, 1.0863986348e-15, 5.53359312165e-17],
        "stdev": [0.000172733998625, 0.00163249496836, 0.00274921115488, 0.00196358654648, 0.00125367462169, 0.00112378899939, 0.000794279156253, 0.000479855691083, 0.00026312994305, 0.000160767158377, 0.000120133816381, 0.000126341852592, 9.78704338195e-05, 9.5766648883e-05, 0.000146923426655, 0.000139271447551, 0.00012803383288, 0.000181623559911, 0.000157798378495, 0.000145925689139, 0.000140177930007, 0.000151054438902, 0.000236325678998, 0.000230883029872, 0.000340810511261, 0.000297163060168, 0.000212275626836, 0.000302595901303, 0.000256754457951, 0.000215628693695, 0.000181839059223, 0.000136670249049, 0.000140530901263, 0.000115658716823, 0.00012179739133, 0.00010032857972, 0.000118909236335, 8.63363093231e-05, 0.000238484717556, 0.000272486096947, 0.000190971157281, 0.000135231704917, 8.37041661725e-05, 6.15047902102e-05, 7.56885492592e-05, 8.8197470177e-05, 0.000169620892848, 6.61816229695e-05, 3.65552805306e-05, 6.23493615421e-05, 0.000101252706372, 0.000144957317389, 0.000137753566378, 0.000143611672684, 0.000110155022412, 0.000198705165531, 0.000136700007715, 0.000138248084113, 9.15885757422e-05, 0.000109117390821, 9.3317394203e-05, 8.63255772856e-05, 5.84833505854e-05, 4.19427015004e-05, 3.60807098332e-05, 2.08614728763e-05, 7.45184297557e-05, 3.17699013976e-05, 1.20492068163e-05, 1.12141915452e-05, 1.22199517136e-05, 1.56958540174e-05, 1.09543389044e-05, 1.70926468854e-05, 1.12582165457e-05, 9.789179785e-06, 9.01202929526e-06, 5.45109151062e-06, 5.88810462432e-06, 6.84533779349e-06, 4.77434878121e-06, 5.46863429918e-06, 4.52115227745e-06, 4.92800836582e-06, 4.7967696446e-06, 5.88050579609e-06, 5.48838170289e-06, 5.29722046849e-06, 3.61015986527e-06, 2.41095790443e-06, 1.53998826136e-06, 1.36104313242e-06, 1.27198154587e-06, 1.27431667352e-06, 1.12183329293e-06, 1.43301178923e-06, 9.3613283525e-07, 7.08145591943e-07, 7.92127138993e-07, 5.98865369739e-07, 5.25441691934e-07, 4.64578192805e-07, 4.87319766762e-07, 6.12279393408e-07, 4.69002884529e-07, 3.95088619598e-07, 3.8826900095e-07, 3.81371307867e-07, 4.83332087242e-07, 4.19078929781e-07, 1.1773378219e-06, 8.89569776064e-07, 3.21785478263e-07, 2.92910272037e-07, 2.06437505312e-07, 1.89736283573e-07, 3.03974800886e-08, 4.08699574184e-10, 6.65105026609e-10, 4.89714546692e-10, 4.48626219507e-10, 3.46150164088e-10, 2.82774748062e-10, 2.46010545268e-10, 2.42522585348e-10, 2.40099856663e-10, 2.38131570018e-10, 2.36961977818e-10]
    },
    "mfcc": {
        "mean": [-663.672546387, 83.1081924438, -52.0820617676, -1.67410171032, -15.2550153732, -5.30209255219, -10.5609235764, 13.5230817795, -2.74963641167, -0.183027550578, 3.7146229744, -2.91782546043, -7.23421192169],
        "cov": [[9771.85742188, 680.031921387, 1979.2364502, 2441.0637207, 1709.60449219, 1152.26745605, 749.143432617, 805.423522949, 152.713272095, -40.5674324036, 423.964447021, 503.878631592, 268.759887695], [680.031921387, 600.737731934, 489.498504639, 488.130889893, 356.002044678, 267.498840332, 231.85043335, 136.623626709, 99.0772399902, 34.5936965942, 73.0508956909, 81.8829498291, 78.9435043335], [1979.2364502, 489.498504639, 1334.17614746, 1143.53234863, 871.202453613, 617.141784668, 395.92956543, 225.448425293, 161.698181152, -2.08068656921, 128.346282959, 184.323699951, 114.02204895], [2441.0637207, 488.130889893, 1143.53234863, 1325.18359375, 950.501953125, 620.825805664, 342.867584229, 275.310546875, 113.255081177, -15.2607603073, 155.619720459, 174.96937561, 124.942687988], [1709.60449219, 356.002044678, 871.202453613, 950.501953125, 809.315673828, 490.284332275, 255.817306519, 217.084625244, 98.3654632568, 5.74279642105, 119.807655334, 125.351844788, 88.751159668], [1152.26745605, 267.498840332, 617.141784668, 620.825805664, 490.284332275, 413.602539062, 233.887924194, 183.276550293, 94.0093002319, 10.5237627029, 91.6344070435, 102.442504883, 63.3234939575], [749.143432617, 231.85043335, 395.92956543, 342.867584229, 255.817306519, 233.887924194, 297.170715332, 119.678459167, 108.408912659, 51.532333374, 48.0015258789, 89.7359085083, 51.8072242737], [805.423522949, 136.623626709, 225.448425293, 275.310546875, 217.084625244, 183.276550293, 119.678459167, 217.763687134, 28.9983825684, 5.76181077957, 85.2652740479, 55.2972831726, 23.8325138092], [152.713272095, 99.0772399902, 161.698181152, 113.255081177, 98.3654632568, 94.0093002319, 108.408912659, 28.9983825684, 140.901062012, 62.8507881165, 14.9080228806, 44.8060455322, 28.7042484283], [-40.5674324036, 34.5936965942, -2.08068656921, -15.2607603073, 5.74279642105, 10.5237627029, 51.532333374, 5.76181077957, 62.8507881165, 96.316696167, 16.5472488403, 12.142326355, 12.4663791656], [423.964447021, 73.0508956909, 128.346282959, 155.619720459, 119.807655334, 91.6344070435, 48.0015258789, 85.2652740479, 14.9080228806, 16.5472488403, 103.135284424, 50.1413764954, 16.3593406677], [503.878631592, 81.8829498291, 184.323699951, 174.96937561, 125.351844788, 102.442504883, 89.7359085083, 55.2972831726, 44.8060455322, 12.142326355, 50.1413764954, 101.474517822, 43.0292129517], [268.759887695, 78.9435043335, 114.02204895, 124.942687988, 88.751159668, 63.3234939575, 51.8072242737, 23.8325138092, 28.7042484283, 12.4663791656, 16.3593406677, 43.0292129517, 79.8527755737]],
        "icov": [[0.000249898992479, 0.00018651256687, 5.43254900549e-05, -0.000496303488035, 3.05730718537e-05, 0.000224463728955, -0.000185100696399, -0.000470359373139, 0.000174293556483, 2.22412872972e-05, 2.56970224655e-06, -0.000535865896381, -5.59004038223e-05], [0.00018651256687, 0.00302453362383, -0.000257333158515, -0.000911811890546, 0.000169898805325, 0.000404303980758, -0.00136725162156, -0.000639806501567, -0.000381065852707, 9.95220852928e-06, -0.000668390304781, 0.000682691577822, -0.00135066767689], [5.43254900549e-05, -0.000257333158515, 0.00427705422044, -0.00169956323225, -0.00122470874339, -0.00186221161857, -0.00149799301289, 0.00160520500503, -0.00103010144085, 0.0016517493641, -6.34404859738e-05, -0.00104095390998, 0.000640640151687], [-0.000496303488035, -0.000911811890546, -0.00169956323225, 0.00750710396096, -0.0049186157994, -0.00141292542685, 0.000294747092994, 0.000744585529901, 0.000638866447844, 0.0013000164181, -0.000712504552212, 0.000594080309384, -0.00118047860451], [3.05730718537e-05, 0.000169898805325, -0.00122470874339, -0.0049186157994, 0.00977669563144, -0.00343307922594, 0.00174405938014, -0.000783002062235, 0.000218696644879, -0.00221267272718, 0.000173027205165, 0.000801334157586, -6.80963348714e-05], [0.000224463728955, 0.000404303980758, -0.00186221161857, -0.00141292542685, -0.00343307922594, 0.0147331599146, -0.00317152240314, -0.00392332207412, -0.00208642939106, 0.0017907434376, -0.00111331127118, 5.29008793819e-05, -0.000254582322668], [-0.000185100696399, -0.00136725162156, -0.00149799301289, 0.000294747092994, 0.00174405938014, -0.00317152240314, 0.00984338484704, -0.00202429899946, -0.00138574058656, -0.00381150469184, 0.00326211657375, -0.00309086916968, 0.000537429237738], [-0.000470359373139, -0.000639806501567, 0.00160520500503, 0.000744585529901, -0.000783002062235, -0.00392332207412, -0.00202429899946, 0.0109882084653, 0.000193380954443, 0.00163433712441, -0.00565747777, 0.00157497753389, 0.000759496935643], [0.000174293556483, -0.000381065852707, -0.00103010144085, 0.000638866447844, 0.000218696644879, -0.00208642939106, -0.00138574058656, 0.000193380954443, 0.014785473235, -0.00844879727811, 0.00304711679928, -0.00383978360333, -3.68271830666e-05], [2.22412872972e-05, 9.95220852928e-06, 0.0016517493641, 0.0013000164181, -0.00221267272718, 0.0017907434376, -0.00381150469184, 0.00163433712441, -0.00844879727811, 0.0188549477607, -0.00575611041859, 0.00316296471283, -0.00188475090545], [2.56970224655e-06, -0.000668390304781, -6.34404859738e-05, -0.000712504552212, 0.000173027205165, -0.00111331127118, 0.00326211657375, -0.00565747777, 0.00304711679928, -0.00575611041859, 0.0193860176951, -0.00828071311116, 0.00241401954554], [-0.000535865896381, 0.000682691577822, -0.00104095390998, 0.000594080309384, 0.000801334157586, 5.29008793819e-05, -0.00309086916968, 0.00157497753389, -0.00383978360333, 0.00316296471283, -0.00828071311116, 0.0220428127795, -0.00700683379546], [-5.59004038223e-05, -0.00135066767689, 0.000640640151687, -0.00118047860451, -6.80963348714e-05, -0.000254582322668, 0.000537429237738, 0.000759496935643, -3.68271830666e-05, -0.00188475090545, 0.00241401954554, -0.00700683379546, 0.0182695761323]]
    },
    "spectral_contrast_coeffs": {
        "max": [-0.470469772816, -0.568572282791, -0.573388159275, -0.602070689201, -0.563430964947, -0.615854501724],
        "mean": [-0.734357893467, -0.764180064201, -0.775325834751, -0.791265130043, -0.757631182671, -0.746996164322],
        "min": [-0.919360816479, -0.907764792442, -0.948778748512, -0.931958377361, -0.933952987194, -0.909402608871],
        "stdev": [0.0744576305151, 0.0615106485784, 0.0539373494685, 0.0585552863777, 0.0630242004991, 0.0409593805671]
    },
    "spectral_contrast_valleys": {
        "max": [-5.57572031021, -5.11204004288, -5.63558673859, -5.80475187302, -5.56423950195, -8.63393497467],
        "mean": [-8.44192028046, -7.14424324036, -7.12786340714, -7.32794332504, -7.43412399292, -10.3788232803],
        "min": [-18.5250148773, -17.632976532, -16.51953125, -16.8651657104, -16.1574134827, -17.774980545],
        "stdev": [2.17580032349, 0.862669527531, 0.758847296238, 0.692701518536, 0.903459370136, 0.974625408649]
    }
},
"rhythm": {
    "beats_count": 48,
    "beats_loudness": {
        "max": 0.0665041431785,
        "mean": 0.0237689688802,
        "min": 0.000435125461081,
        "stdev": 0.0188895855099
    },
    "bpm": 136.291656494,
    "bpm_histogram_first_peak_bpm": 136,
    "bpm_histogram_first_peak_weight": 0.482758641243,
    "bpm_histogram_second_peak_bpm": 144,
    "bpm_histogram_second_peak_spread": 0.199999988079,
    "bpm_histogram_second_peak_weight": 0.255319148302,
    "danceability": 0.901406705379,
    "onset_rate": 3.50513339043,
    "beats_loudness_band_ratio": {
        "max": [0.880327582359, 0.201129630208, 0.563843846321, 0.685726702213, 0.654400229454, 0.547467529774],
        "mean": [0.302608072758, 0.034138020128, 0.207161739469, 0.222503229976, 0.194820657372, 0.0646254122257],
        "min": [8.84565997694e-06, 0.00100548006594, 0.00951986480504, 0.0126098394394, 0.0278474967927, 0.0149650722742],
        "stdev": [0.285651922226, 0.0379586666822, 0.17343531549, 0.161436185241, 0.1261870116, 0.0808718949556]
    },
    "beats_position": [0.417959183455, 0.859138309956, 1.30031740665, 1.764716506, 2.22911548615, 2.68190479279, 3.13469386101, 3.58748292923, 4.04027223587, 4.5046710968, 4.94585037231, 5.38702917099, 5.83981847763, 6.29260778427, 6.73378658295, 7.17496585846, 7.61614513397, 8.05732440948, 8.47528362274, 8.91646194458, 9.35764122009, 9.79882049561, 10.22838974, 10.6579589844, 11.0759181976, 11.4938774109, 11.9118366241, 12.3297958374, 12.7593650818, 13.1889343262, 13.6301136017, 14.0712919235, 14.512471199, 14.9304304123, 15.3367795944, 15.7431287766, 16.1610889435, 16.5790481567, 16.99700737, 17.4149665833, 17.8329238892, 18.2392749786, 18.6572322845, 19.0868015289, 19.5163707733, 19.9459400177, 20.3755092621, 20.8166885376],
