{
"metadata": {
    "version": {
        "essentia": "2.1-beta5",
        "essentia_git_sha": "Undefined",
        "extractor": "music 2.0"
    },
    "audio_properties": {
        "analysis": {
            "equal_loudness": 0,
            "length": 29.0017242432,
            "sample_rate": 44100,
            "start_time": 0,
            "downmix": "mix"
        },
        "bit_rate": 192000,
        "length": 156.038101196,
        "lossless": 0,
        "number_channels": 2,
        "replay_gain": 1.86309242249,
        "sample_rate": 44100,
        "codec": "mp3",
        "md5_encoded": "67a3f12a1c547a19e17a68ca7c1cfb2f"
    },
    "tags": {
        "file_name": "United KingdomUK_Long Live Love_Olivia Newton-John.mp3",
        "encoding": ["Lavf58.29.100"]
    }
},
"lowlevel": {
    "average_loudness": 0.964422047138,
    "barkbands_crest": {
        "max": 21.4933605194,
        "mean": 8.3055639267,
        "min": 2.89902687073,
        "stdev": 3.0825407505
    },
    "barkbands_flatness_db": {
        "max": 0.341517418623,
        "mean": 0.164519444108,
        "min": 0.0578999072313,
        "stdev": 0.0298789404333
    },
    "barkbands_kurtosis": {
        "max": 21.4932327271,
        "mean": 0.476060777903,
        "min": -1.67331302166,
        "stdev": 2.10534143448
    },
    "barkbands_skewness": {
        "max": 4.16193675995,
        "mean": 0.36429554224,
        "min": -1.81216084957,
        "stdev": 0.71749317646
    },
    "barkbands_spread": {
        "max": 49.2197875977,
        "mean": 17.9414825439,
        "min": 3.11236071587,
        "stdev": 7.3087720871
    },
    "dissonance": {
        "max": 0.499717712402,
        "mean": 0.461484193802,
        "min": 0.244671270251,
        "stdev": 0.0304228533059
    },
    "dynamic_complexity": 2.1871612072,
    "erbbands_crest": {
        "max": 25.7307853699,
        "mean": 10.9640350342,
        "min": 2.84051442146,
        "stdev": 4.18761491776
    },
    "erbbands_flatness_db": {
        "max": 0.410509079695,
        "mean": 0.23564170301,
        "min": 0.0901249647141,
        "stdev": 0.0340136662126
    },
    "erbbands_kurtosis": {
        "max": 10.7231149673,
        "mean": 0.726609706879,
        "min": -1.65023231506,
        "stdev": 1.71429610252
    },
    "erbbands_skewness": {
        "max": 2.31224298477,
        "mean": 0.0781757906079,
        "min": -2.55813503265,
        "stdev": 0.68681883812
    },
    "erbbands_spread": {
        "max": 98.4283752441,
        "mean": 20.9667758942,
        "min": 4.07644367218,
        "stdev": 9.3234500885
    },
    "hfc": {
        "max": 73.8947067261,
        "mean": 27.2389526367,
        "min": 1.20624837053e-16,
        "stdev": 15.6359834671
    },
    "loudness_ebu128": {
        "integrated": -25.1406745911,
        "loudness_range": 2.25792312622,
        "momentary": {
            "max": -22.145608902,
            "mean": -25.6824569702,
            "min": -44.5139007568,
            "stdev": 2.62598633766
        },
        "short_term": {
            "max": -23.8347892761,
            "mean": -25.1427650452,
            "min": -27.7188262939,
            "stdev": 0.83059245348
        }
    },
    "melbands_crest": {
        "max": 27.5130767822,
        "mean": 10.9174394608,
        "min": 2.06582784653,
        "stdev": 4.26961755753
    },
    "melbands_flatness_db": {
        "max": 0.391378670931,
        "mean": 0.194562703371,
        "min": 0.00540121132508,
        "stdev": 0.0422888696194
    },
    "melbands_kurtosis": {
        "max": 60.418182373,
        "mean": 1.84987556934,
        "min": -1.7272002697,
        "stdev": 4.47777414322
    },
    "melbands_skewness": {
        "max": 6.86287403107,
        "mean": 0.906395196915,
        "min": -1.21150386333,
        "stdev": 0.906495392323
    },
    "melbands_spread": {
        "max": 130.393722534,
        "mean": 28.9956283569,
        "min": 3.17960810661,
        "stdev": 13.5077590942
    },
    "pitch_salience": {
        "max": 0.904477477074,
        "mean": 0.548573791981,
        "min": 0.298588901758,
        "stdev": 0.0836480855942
    },
    "silence_rate_20dB": {
        "max": 1,
        "mean": 1,
        "min": 1,
        "stdev": 0
    },
    "silence_rate_30dB": {
        "max": 1,
        "mean": 1,
        "min": 1,
        "stdev": 0
    },
    "silence_rate_60dB": {
        "max": 1,
        "mean": 0.0320000015199,
        "min": 0,
        "stdev": 0.176000326872
    },
    "spectral_centroid": {
        "max": 10973.6230469,
        "mean": 1472.07165527,
        "min": 304.095062256,
        "stdev": 591.097839355
    },
    "spectral_complexity": {
        "max": 42,
        "mean": 22.130399704,
        "min": 0,
        "stdev": 8.37700843811
    },
    "spectral_decrease": {
        "max": 1.18081822304e-28,
        "mean": -6.61242971489e-09,
        "min": -1.94644105278e-08,
        "stdev": 3.59490126556e-09
    },
    "spectral_energy": {
        "max": 0.0779761448503,
        "mean": 0.02742748335,
        "min": 1.10255703563e-20,
        "stdev": 0.0147161399946
    },
    "spectral_energyband_high": {
        "max": 0.00339200906456,
        "mean": 0.000269501615549,
        "min": 7.81141791454e-21,
        "stdev": 0.000267501949565
    },
    "spectral_energyband_low": {
        "max": 0.0373722724617,
        "mean": 0.00334162404761,
        "min": 2.40848085383e-23,
        "stdev": 0.00493231555447
    },
    "spectral_energyband_middle_high": {
        "max": 0.0516114160419,
        "mean": 0.0138516463339,
        "min": 1.53079698116e-21,
        "stdev": 0.0100328894332
    },
    "spectral_energyband_middle_low": {
        "max": 0.0577848963439,
        "mean": 0.0104542858899,
        "min": 3.22578098355e-22,
        "stdev": 0.00843698251992
    },
    "spectral_entropy": {
        "max": 9.79768466949,
        "mean": 7.25113773346,
        "min": 5.84953022003,
        "stdev": 0.296702474356
    },
    "spectral_flux": {
        "max": 0.249222397804,
        "mean": 0.095878534019,
        "min": 7.06218000746e-11,
        "stdev": 0.0331741645932
    },
    "spectral_kurtosis": {
        "max": 30.2779045105,
        "mean": 7.08343267441,
        "min": -1.22705698013,
        "stdev": 4.03079175949
    },
    "spectral_rms": {
        "max": 0.00872205756605,
        "mean": 0.00493874074891,
        "min": 3.27973390633e-12,
        "stdev": 0.00153863115702
    },
    "spectral_rolloff": {
        "max": 19099.9511719,
        "mean": 1720.27636719,
        "min": 172.265625,
        "stdev": 1142.49487305
    },
    "spectral_skewness": {
        "max": 3.93088507652,
        "mean": 1.6067289114,
        "min": -0.0202207434922,
        "stdev": 0.50437349081
    },
    "spectral_spread": {
        "max": 41677048,
        "mean": 2653013,
        "min": 1316479.625,
        "stdev": 1666425.375
    },
    "spectral_strongpeak": {
        "max": 10.6182451248,
        "mean": 1.89144861698,
        "min": 0,
        "stdev": 1.63526427746
    },
    "zerocrossingrate": {
        "max": 0.5146484375,
        "mean": 0.0585042983294,
        "min": 0.0087890625,
        "stdev": 0.0293374750763
    },
    "barkbands": {
        "max": [0.000422876735684, 0.0218406692147, 0.0284002814442, 0.0102604925632, 0.0268185660243, 0.0254770535976, 0.0289658140391, 0.0481018796563, 0.0340504683554, 0.0367910824716, 0.0370562076569, 0.038822170347, 0.0188515651971, 0.0283886790276, 0.0099799213931, 0.0140014048666, 0.0103370444849, 0.0067453016527, 0.00326777645387, 0.00149433361366, 0.000981057528406, 0.00148859818, 0.000557595340069, 0.000369865127141, 0.00113228068221, 6.10504066572e-05, 8.3562645159e-07],
        "mean": [1.2952533325e-05, 0.00160365982447, 0.00147284590639, 0.000804713054094, 0.00242576771416, 0.00158958358224, 0.00181052135304, 0.00138068723027, 0.001792785828, 0.002042070264, 0.00328153767623, 0.00195142591838, 0.00141266733408, 0.00150373368524, 0.000733368797228, 0.00129535258748, 0.000867843918968, 0.000663227227051, 0.000382349797292, 0.000251195393503, 7.98444234533e-05, 3.27051202476e-05, 2.21867612709e-05, 8.78630999068e-06, 5.11091093358e-06, 5.71272551042e-07, 1.9686481334e-09],
        "min": [2.47681932185e-24, 3.82878886274e-24, 1.53192212401e-23, 9.21189403286e-24, 3.43793060897e-23, 5.78970325e-23, 4.80709999972e-23, 4.07578050219e-23, 3.92423401141e-23, 8.23465519452e-23, 3.07776669636e-23, 3.99885804423e-23, 5.50479761438e-23, 7.67664338915e-23, 1.18369878871e-22, 1.7084436355e-22, 1.56789651631e-22, 2.15705368617e-22, 2.00053042971e-22, 4.25750376249e-22, 3.87650136332e-22, 5.17039682608e-22, 5.15491546237e-22, 6.10054486513e-22, 1.17361388993e-21, 1.61624861585e-21, 2.73318367015e-21],
        "stdev": [2.34301678574e-05, 0.00225312937982, 0.00309086078778, 0.00125144282356, 0.00335099338554, 0.00267343060113, 0.00290278764442, 0.00247832550667, 0.00251719914377, 0.00354140484706, 0.00448145344853, 0.00409721769392, 0.00223519094288, 0.00214773602784, 0.00105078401975, 0.00211796187796, 0.00145830551628, 0.000886307156179, 0.000422834680649, 0.000235806815908, 9.32854018174e-05, 7.24333731341e-05, 4.32760134572e-05, 1.91215422092e-05, 3.88501248381e-05, 2.0527684228e-06, 2.36321398006e-08]
    },
    "erbbands": {
        "max": [0.244107022882, 6.14203071594, 31.8825473785, 15.9340438843, 103.713905334, 124.077644348, 234.105102539, 290.758117676, 403.337799072, 838.071472168, 978.772949219, 486.985626221, 1274.28137207, 1010.25256348, 1329.77331543, 1813.47314453, 890.046447754, 695.719055176, 1139.72912598, 647.928161621, 958.377807617, 721.772583008, 394.061737061, 257.012359619, 111.715270996, 66.2350006104, 41.3583831787, 40.3627090454, 66.4390869141, 67.4550323486, 23.9432163239, 9.77522754669, 4.54657793045, 21.931728363, 3.47713804245, 0.785759210587, 0.0224849656224, 0.00083244079724, 0.000122947545606, 9.09363152459e-05],
        "mean": [0.0168556459248, 0.464247018099, 1.81533300877, 1.91548538208, 5.70712327957, 8.35307312012, 10.8043050766, 13.3838691711, 15.7510643005, 45.2022895813, 24.1535263062, 33.5993118286, 68.3483047485, 87.6740722656, 121.666687012, 71.8123092651, 64.616355896, 74.4108505249, 49.8480873108, 54.6434669495, 69.7401885986, 50.4836006165, 35.7069892883, 27.8403587341, 15.7310562134, 11.8032360077, 5.67568397522, 1.96243011951, 1.05216133595, 1.05501663685, 0.62665617466, 0.248599752784, 0.121796950698, 0.0839335694909, 0.024667525664, 0.00594883179292, 0.000193292362383, 1.31751685331e-05, 1.65659275808e-05, 3.33805401169e-05],
        "min": [7.49372169136e-23, 1.39520761926e-21, 1.75275936729e-20, 2.11936080645e-20, 4.42974734315e-20, 6.90039172247e-20, 3.26736316109e-19, 5.60355980085e-19, 6.06702030927e-19, 7.21698230648e-19, 9.75244287839e-19, 1.04094900165e-18, 2.36586435131e-18, 1.62979933759e-18, 3.24107044984e-18, 1.45957146119e-18, 2.33832254563e-18, 5.43466844152e-18, 6.91779955752e-18, 5.52068405829e-18, 1.00019561199e-17, 8.51194989224e-18, 8.32148080286e-18, 1.1579586417e-17, 9.11341276797e-18, 1.98197454395e-17, 1.40194358703e-17, 1.44330609181e-17, 1.78537422643e-17, 1.66520887166e-17, 1.64605666263e-17, 1.21346692758e-17, 1.11034397497e-17, 9.27963802078e-18, 1.08119752163e-17, 5.37570990259e-18, 3.20250087903e-18, 1.44577925845e-18, 3.75360034617e-19, 3.68289856965e-20],
        "stdev": [0.0189359150827, 0.673209488392, 3.5949280262, 2.59259605408, 9.46678352356, 12.9253807068, 17.4213485718, 23.8281974792, 28.8473949432, 81.4993133545, 41.904800415, 47.7136650085, 109.410255432, 111.29561615, 159.480529785, 145.754425049, 96.5741271973, 100.322471619, 84.3619003296, 75.6037368774, 121.36391449, 81.5501174927, 45.7394180298, 29.0747699738, 16.181892395, 11.0591564178, 6.52537202835, 2.33719992638, 2.32687544823, 2.56671690941, 1.45482695103, 0.565647900105, 0.276904881001, 0.709579646587, 0.144965425134, 0.0256986226887, 0.000744935008697, 3.41163395206e-05, 9.56447547651e-06, 1.76352968992e-05]
    },
    "gfcc": {
        "mean": [-23.332616806, 133.302093506, -172.457504272, 27.3710899353, -58.3097686768, 9.1913061142, -29.0249290466, 4.14685153961, -20.7526111603, -9.65057563782, -2.47046232224, -10.2190685272, 0.940900981426],
        "cov": [[6646.03369141, 489.613952637, -839.048706055, 387.752807617, -121.314575195, 31.7821846008, -66.6593551636, -28.8437538147, -29.0922241211, -316.201660156, -41.4957885742, -152.33052063, 28.5994796753], [489.613952637, 493.066589355, 165.004562378, -14.1140680313, 35.7874412537, -16.4965457916, 21.1180477142, -45.8304328918, -0.842421591282, -17.0293312073, 7.15303182602, -60.1228675842, -25.6744995117], [-839.048706055, 165.004562378, 536.252990723, 23.8501491547, 19.8707561493, 48.4827880859, -75.7924499512, -10.1789464951, -2.34856939316, 48.2410469055, -66.5928192139, 6.67123937607, -48.5404052734], [387.752807617, -14.1140680313, 23.8501491547, 294.060028076, 117.095726013, 24.7754917145, -31.1364498138, 37.1950263977, 40.3285217285, -63.3492088318, -33.916847229, -24.5446243286, 0.589919626713], [-121.314575195, 35.7874412537, 19.8707561493, 117.095726013, 182.272949219, 60.0724716187, 55.0762786865, 12.4849891663, -10.4782876968, -21.8760414124, -1.46350133419, -29.4706420898, -3.53912043571], [31.7821846008, -16.4965457916, 48.4827880859, 24.7754917145, 60.0724716187, 221.75050354, 112.426254272, -61.7795219421, -89.6774368286, 4.7660984993, 35.6272125244, -27.3065242767, -47.6665878296], [-66.6593551636, 21.1180477142, -75.7924499512, -31.1364498138, 55.0762786865, 112.426254272, 208.189254761, -32.3940734863, -81.3001022339, -5.42304801941, 69.9099349976, -31.0817375183, -21.7545051575], [-28.8437538147, -45.8304328918, -10.1789464951, 37.1950263977, 12.4849891663, -61.7795219421, -32.3940734863, 127.345352173, 82.4076461792, -2.17976212502, -39.6314201355, 25.7707824707, 31.0460586548], [-29.0922241211, -0.842421591282, -2.34856939316, 40.3285217285, -10.4782876968, -89.6774368286, -81.3001022339, 82.4076461792, 179.390594482, 25.5276470184, -27.8942565918, 26.2353210449, 35.8421058655], [-316.201660156, -17.0293312073, 48.2410469055, -63.3492088318, -21.8760414124, 4.7660984993, -5.42304801941, -2.17976212502, 25.5276470184, 137.804901123, 43.6485443115, 31.5782623291, -12.4238986969], [-41.4957885742, 7.15303182602, -66.5928192139, -33.916847229, -1.46350133419, 35.6272125244, 69.9099349976, -39.6314201355, -27.8942565918, 43.6485443115, 143.302871704, 16.5330638885, -35.1068534851], [-152.33052063, -60.1228675842, 6.67123937607, -24.5446243286, -29.4706420898, -27.3065242767, -31.0817375183, 25.7707824707, 26.2353210449, 31.5782623291, 16.5330638885, 89.7361526489, 18.7238388062], [28.5994796753, -25.6744995117, -48.5404052734, 0.589919626713, -3.53912043571, -47.6665878296, -21.7545051575, 31.0460586548, 35.8421058655, -12.4238986969, -35.1068534851, 18.7238388062, 107.102493286]],
        "icov": [[0.00064610602567, -0.00163837848231, 0.00189650873654, -0.00145913904998, 0.0017058030935, -0.00152538018301, 0.00118151074275, -0.000775844790041, 0.000772952393163, 2.09302652365e-05, 0.000604679051321, -0.000182404517545, 0.000118505151477], [-0.00163837848231, 0.00723090069368, -0.00623153988272, 0.00429690023884, -0.00509636709467, 0.0053122988902, -0.0038677342236, 0.00336136994883, -0.0030310570728, 0.000971868110355, -0.00252603390254, 0.00242578517646, -0.000366120715626], [0.00189650873654, -0.00623153988272, 0.00881556235254, -0.00453873211518, 0.0048000686802, -0.00598494894803, 0.00497062830254, -0.00260547245853, 0.00295659573749, -0.00166850723326, 0.00402339082211, -0.00201482116245, 0.00176803127397], [-0.00145913904998, 0.00429690023884, -0.00453873211518, 0.00964125432074, -0.00781350303441, 0.00209390535019, -0.000265996641247, 0.000969080254436, -0.00344601180404, 0.00296473246999, -0.00238184118643, 0.00145719875582, 0.00010997067875], [0.0017058030935, -0.00509636709467, 0.0048000686802, -0.00781350303441, 0.0140451807529, -0.00516881560907, 0.00059527263511, -0.00369453546591, 0.0027224898804, -0.000892158655915, 0.00182436231989, 0.000606541172601, -0.000625753425993], [-0.00152538018301, 0.0053122988902, -0.00598494894803, 0.00209390535019, -0.00516881560907, 0.0131298340857, -0.00763012375683, 0.00516190985218, -0.000673775444739, -0.000919266138226, -0.000736960559152, 0.000530960969627, 0.00136783055495], [0.00118151074275, -0.0038677342236, 0.00497062830254, -0.000265996641247, 0.00059527263511, -0.00763012375683, 0.0134609313682, -0.00480960169807, 0.00408497033641, 0.000843538087793, -0.0031485913787, 0.00216962117702, -0.00091682584025], [-0.000775844790041, 0.00336136994883, -0.00260547245853, 0.000969080254436, -0.00369453546591, 0.00516190985218, -0.00480960169807, 0.0158870127052, -0.00660723261535, 0.000303915061522, 0.00310799409635, -0.00327889039181, 0.000258273590589], [0.000772952393163, -0.0030310570728, 0.00295659573749, -0.00344601180404, 0.0027224898804, -0.000673775444739, 0.00408497033641, -0.00660723261535, 0.0119625646621, -0.00311497948132, 0.000273429381195, -5.91491843807e-05, -0.00130363856442], [2.09302652365e-05, 0.000971868110355, -0.00166850723326, 0.00296473246999, -0.000892158655915, -0.000919266138226, 0.000843538087793, 0.000303915061522, -0.00311497948132, 0.0114807505161, -0.00410824362189, -0.00118855689652, 0.000334859098075], [0.000604679051321, -0.00252603390254, 0.00402339082211, -0.00238184118643, 0.00182436231989, -0.000736960559152, -0.0031485913787, 0.00310799409635, 0.000273429381195, -0.00410824362189, 0.0141510292888, -0.00535686127841, 0.00426837522537], [-0.000182404517545, 0.00242578517646, -0.00201482116245, 0.00145719875582, 0.000606541172601, 0.000530960969627, 0.00216962117702, -0.00327889039181, -5.91491843807e-05, -0.00118855689652, -0.00535686127841, 0.0172202866524, -0.00352792767808], [0.000118505151477, -0.000366120715626, 0.00176803127397, 0.00010997067875, -0.000625753425993, 0.00136783055495, -0.00091682584025, 0.000258273590589, -0.00130363856442, 0.000334859098075, 0.00426837522537, -0.00352792767808, 0.0128361126408]]
    },
    "melbands": {
        "max": [0.0042376848869, 0.0112245650962, 0.00563344638795, 0.00646157003939, 0.00698484480381, 0.00599881447852, 0.00542055210099, 0.00793273188174, 0.00639704661444, 0.00367377628572, 0.00620635738596, 0.004819995258, 0.00472714472562, 0.0049233562313, 0.00210905284621, 0.00175053218845, 0.00119860772975, 0.00265154661611, 0.000634976197034, 0.00121408305131, 0.00121439469513, 0.000804921903182, 0.000844896247145, 0.000426238490036, 0.000227802214795, 0.000135623500682, 7.90535996202e-05, 5.78606086492e-05, 3.31129995175e-05, 2.63523434114e-05, 2.51660585491e-05, 4.25581565651e-05, 4.11968721892e-05, 2.68424300884e-05, 1.66090558196e-05, 9.5990844784e-06, 6.17064824837e-06, 4.13748557548e-06, 4.25577218266e-06, 2.4497974664e-05],
        "mean": [0.000296257901937, 0.000826546282042, 0.000466510013212, 0.000503223855048, 0.00039026082959, 0.000302512489725, 0.000268061936367, 0.00046997910249, 0.000178484915523, 0.000239273780608, 0.000345570966601, 0.000337275472702, 0.000459838716779, 0.000252827361692, 0.000144412959344, 0.000143265424413, 0.000133254710818, 8.71162774274e-05, 5.87530012126e-05, 8.28676274978e-05, 7.95870582806e-05, 5.17222943017e-05, 3.68459004676e-05, 3.27576344716e-05, 2.13436323975e-05, 1.37022498166e-05, 9.2351983767e-06, 7.47832336856e-06, 4.24602012572e-06, 1.67949087881e-06, 8.9762920652e-07, 5.68968175685e-07, 6.48123887004e-07, 5.20875460097e-07, 4.05638758139e-07, 2.11186986121e-07, 1.26957317548e-07, 9.26243757249e-08, 5.72260283604e-08, 7.76210740128e-08],
        "min": [8.48916195682e-25, 6.08242168513e-24, 4.31262723263e-24, 6.65381059929e-24, 1.01199952082e-23, 1.1957039264e-23, 9.44003024007e-24, 8.17227633398e-24, 8.04984669921e-24, 5.49362813282e-24, 1.21602932206e-23, 6.94489080699e-24, 6.46481609248e-24, 4.83712507129e-24, 2.84479197135e-24, 6.60969236988e-24, 8.65001049818e-24, 1.15050401091e-23, 7.55715021022e-24, 8.69109200754e-24, 1.17307647686e-23, 8.76597857328e-24, 5.85670254774e-24, 1.11030231812e-23, 7.79801232155e-24, 5.46350626802e-24, 8.68627680058e-24, 1.46780445626e-23, 7.19472699998e-24, 1.23889264101e-23, 6.45898719925e-24, 8.28949238703e-24, 1.16740677576e-23, 8.69566897851e-24, 1.10721171887e-23, 6.77059198998e-24, 6.72128897227e-24, 6.62680315734e-24, 8.52448852866e-24, 6.97777762927e-24],
        "stdev": [0.000378447060939, 0.00140943296719, 0.000644640356768, 0.000721881573554, 0.000592600787058, 0.000520038476679, 0.000427697057603, 0.000821275520138, 0.000307195470668, 0.000347613851773, 0.00055708916625, 0.000467182719149, 0.000626571942121, 0.000545669463463, 0.00025612936588, 0.000205755262868, 0.000185512297321, 0.000174493994564, 7.92358405306e-05, 0.000136813498102, 0.000156703696121, 9.03659238247e-05, 6.4544059569e-05, 4.79999907839e-05, 2.37496242335e-05, 1.71371411852e-05, 9.52668779064e-06, 7.73318515712e-06, 5.16917953064e-06, 2.22124003812e-06, 1.29298177853e-06, 1.49358947965e-06, 1.61335049143e-06, 1.10610517368e-06, 1.03115507954e-06, 5.71636007862e-07, 2.99947686244e-07, 2.16890484239e-07, 1.75317566686e-07, 7.86048076407e-07]
    },
    "melbands128": {
        "max": [0.00019537503249, 0.000745322846342, 0.00520181469619, 0.012344526127, 0.0179710257798, 0.0107746096328, 0.00296668708324, 0.0075867488049, 0.0128122251481, 0.00814303569496, 0.00846047047526, 0.0115755451843, 0.0107207242399, 0.0103185316548, 0.00624860730022, 0.0108882095665, 0.00745932618156, 0.00807278323919, 0.00636509619653, 0.0158843304962, 0.0097529059276, 0.0187749862671, 0.00353587325662, 0.00414249906316, 0.00601249700412, 0.00553431548178, 0.0169176869094, 0.00811658333987, 0.00817467551678, 0.00927246920764, 0.00424380600452, 0.012811913155, 0.00966824032366, 0.00756034860387, 0.0120973065495, 0.0100558651611, 0.0084048807621, 0.00305991712958, 0.0055849920027, 0.00321791623719, 0.00296013546176, 0.00371157517657, 0.00199430785142, 0.00191549351439, 0.00710967695341, 0.00181175034959, 0.00137861457188, 0.000793711456936, 0.00138311251067, 0.00186418869998, 0.00193911069073, 0.00181550998241, 0.00294749927707, 0.00147196976468, 0.00124309048988, 0.00121984293219, 0.00162212841678, 0.00135585176758, 0.000942672544625, 0.00072938867379, 0.000836827908643, 0.000662284437567, 0.000551280041691, 0.000244828406721, 0.000423147663241, 0.000271169818006, 0.000139051073347, 0.000145177938975, 9.49381865212e-05, 0.000118832918815, 9.14804331842e-05, 0.000121148819744, 9.13537296583e-05, 4.66022574983e-05, 6.03883017902e-05, 5.84514054935e-05, 1.8975149942e-05, 2.59094558714e-05, 3.83191654691e-05, 2.14119390876e-05, 3.34304022545e-05, 7.02382531017e-05, 2.38340344367e-05, 1.29305763039e-05, 0.000149810759467, 1.46632355609e-05, 1.65240562637e-05, 1.85507215065e-05, 3.06065339828e-05, 3.50774243998e-05, 1.47217497215e-05, 8.8019114628e-06, 7.7578224591e-06, 7.68942845752e-06, 4.62707066617e-06, 4.31628177466e-06, 6.30340446151e-06, 2.51378196481e-06, 2.04568527806e-06, 1.48007177359e-06, 3.04388631776e-05, 3.81783538614e-05, 6.0811998992e-06, 3.58000011147e-06, 3.34435549121e-06, 4.33612967754e-06, 3.10591690322e-06, 1.80119138804e-06, 1.50950620537e-06, 1.40717133945e-07, 5.03252461925e-09, 4.76697170626e-09, 4.67291316752e-09, 4.53335058381e-09, 4.30311075661e-09, 4.14537648652e-09, 4.00461441785e-09, 3.93723365022e-09, 3.79093823e-09, 3.66460128909e-09, 3.61199958832e-09, 3.54010176729e-09, 3.48039663756e-09, 3.42692207944e-09, 3.35469629853e-09, 3.31844152157e-09, 3.33582805823e-09, 3.28653571025e-09],
        "mean": [8.88775139174e-06, 5.40615728823e-05, 0.00031232542824, 0.000941685750149, 0.00108274188824, 0.000606988265645, 0.000299889768939, 0.000486831762828, 0.000633319024928, 0.000463113741716, 0.000474771746667, 0.000427702761954, 0.000345882377587, 0.000385652645491, 0.000298545666737, 0.000272560544545, 0.00023436806805, 0.000191101586097, 0.00035131390905, 0.000715165631846, 0.000381334772101, 0.000211554288398, 0.000130929489387, 0.000184520380571, 0.000163384611369, 0.000248709024163, 0.000442877353635, 0.000311037554638, 0.000345331529388, 0.000257166713709, 0.000296295242151, 0.000567948038224, 0.000576922262553, 0.000265905546257, 0.000333379284712, 0.000258219777606, 0.000111465058581, 0.000133894267492, 0.000181872484973, 0.00011704210192, 0.00011373583402, 0.000213490871829, 0.000140558637213, 8.27221811051e-05, 0.000124908459838, 9.21645187191e-05, 3.60126832675e-05, 5.49974029127e-05, 6.01600877417e-05, 9.06609348021e-05, 7.84974035923e-05, 8.43890811666e-05, 0.000100541081338, 7.32505359338e-05, 4.45319492428e-05, 5.17711996508e-05, 5.77056634938e-05, 4.05326172768e-05, 3.01701165881e-05, 2.29714169109e-05, 4.04904203606e-05, 3.35530785378e-05, 2.1457006369e-05, 1.83057127288e-05, 2.04786429094e-05, 1.43692077472e-05, 8.60718319018e-06, 9.70817745838e-06, 9.43591476243e-06, 8.72128657647e-06, 7.56922281653e-06, 7.43275040804e-06, 5.14505563842e-06, 3.92577840103e-06, 2.73309797194e-06, 1.64896505339e-06, 1.16709111353e-06, 1.36329992984e-06, 7.27494125385e-07, 6.54215625673e-07, 6.43308283088e-07, 4.8143880349e-07, 4.9475539754e-07, 5.70335316752e-07, 1.00218164789e-06, 4.94918651839e-07, 3.82665405141e-07, 4.4231367724e-07, 4.83342148527e-07, 3.21481593346e-07, 2.40205963564e-07, 1.83837315149e-07, 1.43644243167e-07, 1.33123080559e-07, 1.10772461426e-07, 1.02000264235e-07, 9.51902734414e-08, 6.77583997799e-08, 5.65692950261e-08, 3.62208325555e-08, 9.30658714537e-08, 1.00913517542e-07, 4.2340992934e-08, 2.51353196035e-08, 2.53579486298e-08, 1.96562055521e-08, 1.95435045924e-08, 1.69313487675e-08, 1.16778009485e-08, 1.34263067331e-09, 1.177861194e-11, 1.07818736578e-11, 1.04933631229e-11, 1.02332361335e-11, 9.85956281896e-12, 9.59452569477e-12, 9.29571784131e-12, 9.06486257585e-12, 8.83076164276e-12, 8.6368343033e-12, 8.5348984824e-12, 8.41258052803e-12, 8.22253289762e-12, 8.05996502179e-12, 8.01805236789e-12, 7.97586389295e-12, 7.98491307796e-12, 7.86321702195e-12],
        "min": [6.2463983558e-25, 6.11957269503e-25, 4.68078309507e-25, 2.13306864645e-24, 9.62552930421e-24, 5.6416010837e-24, 2.25256273257e-24, 4.78343835352e-24, 3.37005046914e-24, 6.04422780112e-24, 1.83415564161e-24, 3.96842789259e-24, 4.2719878798e-24, 1.34707008358e-23, 1.59153003173e-23, 8.21531342952e-24, 7.98794399512e-24, 1.04889557088e-23, 9.73475340743e-24, 6.85806483146e-24, 8.17385405579e-24, 1.11084931427e-23, 4.05881084194e-24, 7.00627680719e-24, 9.65865041818e-24, 1.36310687637e-24, 3.85084028605e-24, 1.75270362322e-23, 1.43715910336e-23, 7.53273969837e-24, 4.77668530975e-24, 3.39932233632e-24, 2.54087995495e-24, 1.00111750018e-23, 5.96452366183e-24, 2.94600105055e-24, 3.35472724048e-24, 3.7188741118e-24, 7.36800226996e-25, 5.34230883398e-24, 1.02537315863e-23, 5.00767719343e-24, 4.23990845666e-24, 6.17844104566e-24, 7.6439288541e-24, 1.59875410435e-23, 7.44819747516e-24, 6.96543747813e-24, 6.13810658757e-24, 7.31864600414e-24, 4.63432510421e-24, 5.30268001198e-24, 1.36402885755e-23, 9.91652115949e-24, 8.5716300675e-24, 5.48703246679e-24, 9.31723299612e-24, 3.54569587171e-24, 5.5049999572e-24, 4.07454585599e-24, 7.26240653248e-24, 1.58618471023e-23, 5.73746622192e-24, 5.81116515756e-24, 4.60842522297e-24, 6.22910129856e-24, 5.36099458224e-24, 3.63392680852e-24, 1.03493438946e-23, 8.40497925697e-24, 1.14917896125e-23, 2.37820910546e-23, 7.73733787389e-24, 4.44269698526e-24, 4.58984202662e-24, 1.32010311019e-23, 1.3640092938e-23, 5.62247909536e-24, 6.15556289611e-24, 5.18652418799e-24, 5.84639410786e-24, 7.05660376636e-24, 1.68592228775e-23, 1.17493400763e-23, 6.69196859014e-24, 5.54713104599e-24, 8.06360364454e-24, 1.09430406119e-23, 1.2664528378e-23, 6.45686634671e-24, 5.20329537083e-24, 5.15408977744e-24, 4.62261683065e-24, 6.6171518386e-24, 8.06716219608e-24, 5.01370764062e-24, 6.04095994482e-24, 9.13171815476e-24, 6.99805293225e-24, 8.38204864817e-24, 5.49410421038e-24, 5.78887155394e-24, 9.30112287872e-24, 1.20774139161e-23, 1.42314988032e-23, 8.82799014017e-24, 1.04329521065e-23, 8.04891742106e-24, 8.18824682301e-24, 9.1852076573e-24, 5.9251587138e-24, 9.57922316908e-24, 8.80949529625e-24, 1.08952853393e-23, 1.0315001624e-23, 8.38852046304e-24, 1.24609273227e-23, 1.05139696992e-23, 1.27751274658e-23, 1.04013874151e-23, 1.2060814705e-23, 1.05290716524e-23, 8.30246126031e-24, 1.15160557628e-23, 6.82402784998e-24, 7.63495950561e-24, 8.3097235138e-24, 1.04013968815e-23],
        "stdev": [1.5090476154e-05, 7.15739952284e-05, 0.000389043387258, 0.00144739937969, 0.00212889630347, 0.00122153561097, 0.000477649125969, 0.000839838758111, 0.00116915407125, 0.000831731013022, 0.000848959491123, 0.000821493274998, 0.000656637712382, 0.000830375647638, 0.000615163065959, 0.000755465822294, 0.000612061936408, 0.000505122705363, 0.00063591322396, 0.0015243650414, 0.000724713492673, 0.000682475045323, 0.000265868729912, 0.000363106024452, 0.000388595857657, 0.000514515268151, 0.000973389600404, 0.000731861568056, 0.00080798228737, 0.000608965288848, 0.000508968660142, 0.00100245676003, 0.0010101046646, 0.000546473776922, 0.000859692168888, 0.000825493538287, 0.000422970100772, 0.000302040745737, 0.00046272520558, 0.000251903838944, 0.00026980342227, 0.000397106428863, 0.000260499480646, 0.00017814518651, 0.000327426852891, 0.00023405601678, 0.00010384968482, 9.96049202513e-05, 0.000113342379336, 0.000184685108252, 0.000188781705219, 0.00018693797756, 0.000236957959714, 0.000196909910301, 0.000131986555061, 0.0001168951203, 0.000145022058859, 0.000104718732473, 6.53935785522e-05, 4.03256235586e-05, 8.01071510068e-05, 5.5978387536e-05, 3.88265398215e-05, 2.75073216471e-05, 3.55354532076e-05, 2.61490131379e-05, 1.31451533889e-05, 1.38564446388e-05, 1.24420030261e-05, 1.19196820378e-05, 9.92337390926e-06, 1.19640008052e-05, 8.30808039609e-06, 5.56953136766e-06, 5.36194102096e-06, 3.16539149026e-06, 1.66274389812e-06, 2.13993052967e-06, 1.62644903412e-06, 1.24898747345e-06, 1.62635012657e-06, 2.19526032197e-06, 8.7731388021e-07, 8.69330733622e-07, 5.17397756994e-06, 8.02529882549e-07, 7.42744020954e-07, 1.12065299618e-06, 1.56808710017e-06, 1.36308551646e-06, 8.20886725705e-07, 5.25839766397e-07, 3.71021428691e-07, 3.61858184306e-07, 2.72756039976e-07, 2.46104661983e-07, 2.72626095921e-07, 1.50589741565e-07, 1.37196337846e-07, 8.77406591826e-08, 9.81623088592e-07, 1.1954087995e-06, 2.57933464809e-07, 1.19793284625e-07, 1.34960856712e-07, 1.30570086299e-07, 9.63976347634e-08, 6.76092710705e-08, 4.76119481618e-08, 5.677402104e-09, 1.42629380528e-10, 1.34832894849e-10, 1.32163321953e-10, 1.28212010453e-10, 1.21703827571e-10, 1.17241605313e-10, 1.13260303913e-10, 1.11351775023e-10, 1.07214695455e-10, 1.03641942251e-10, 1.02149698422e-10, 1.00114069812e-10, 9.84259271308e-11, 9.69144972607e-11, 9.48706807558e-11, 9.38437660913e-11, 9.43304601098e-11, 9.29407870109e-11]
    },
    "mfcc": {
        "mean": [-644.733154297, 150.525405884, -43.0952072144, 17.5184383392, -9.13251495361, 0.878627955914, 3.80487775803, 6.35390996933, -6.47871923447, 1.70460236073, -4.24896287918, -2.05477929115, -0.117358155549],
        "cov": [[4241.15722656, -117.419746399, -487.900421143, 192.964065552, 68.7275161743, 11.0711231232, -8.17422103882, 229.749145508, -9.67654323578, 100.132728577, -196.892913818, -87.0650558472, -12.4163866043], [-117.419746399, 560.426513672, 163.686065674, -17.4156112671, -32.1187210083, 22.0630912781, 19.3444499969, -48.3385353088, -20.5524215698, 1.90927815437, 56.9097328186, -14.0450191498, -13.9031801224], [-487.900421143, 163.686065674, 430.070617676, -2.65077447891, 54.5832710266, 53.2824745178, -58.160610199, -40.5489387512, 7.90960836411, -39.1859931946, 53.4816856384, 17.468372345, -24.7436580658], [192.964065552, -17.4156112671, -2.65077447891, 226.915100098, 142.181427002, -40.8584136963, -51.4389839172, 44.9370231628, 68.2487335205, 18.516040802, -39.8183250427, 18.8671417236, 13.2055845261], [68.7275161743, -32.1187210083, 54.5832710266, 142.181427002, 216.481781006, -8.2425994873, -64.5389328003, 39.0417251587, 66.4820327759, 23.7204551697, -32.0259246826, 11.5336332321, 0.578505635262], [11.0711231232, 22.0630912781, 53.2824745178, -40.8584136963, -8.2425994873, 244.477127075, 183.058029175, 10.3491563797, -82.6300201416, 24.7205371857, 60.2942466736, -65.9814910889, -24.9734916687], [-8.17422103882, 19.3444499969, -58.160610199, -51.4389839172, -64.5389328003, 183.058029175, 319.681793213, 39.2797584534, -117.278045654, 31.279504776, 58.7036743164, -96.0470809937, -38.2023162842], [229.749145508, -48.3385353088, -40.5489387512, 44.9370231628, 39.0417251587, 10.3491563797, 39.2797584534, 127.330085754, 20.3052597046, 18.0394744873, -22.9223213196, -19.938955307, 9.30467510223], [-9.67654323578, -20.5524215698, 7.90960836411, 68.2487335205, 66.4820327759, -82.6300201416, -117.278045654, 20.3052597046, 184.440658569, 12.8918170929, -66.137336731, 12.3539428711, 13.5309467316], [100.132728577, 1.90927815437, -39.1859931946, 18.516040802, 23.7204551697, 24.7205371857, 31.279504776, 18.0394744873, 12.8918170929, 101.879402161, 3.4740447998, -48.9458007812, -13.4959230423], [-196.892913818, 56.9097328186, 53.4816856384, -39.8183250427, -32.0259246826, 60.2942466736, 58.7036743164, -22.9223213196, -66.137336731, 3.4740447998, 143.963806152, 50.7316474915, -18.8813495636], [-87.0650558472, -14.0450191498, 17.468372345, 18.8671417236, 11.5336332321, -65.9814910889, -96.0470809937, -19.938955307, 12.3539428711, -48.9458007812, 50.7316474915, 172.511688232, 49.0048522949], [-12.4163866043, -13.9031801224, -24.7436580658, 13.2055845261, 0.578505635262, -24.9734916687, -38.2023162842, 9.30467510223, 13.5309467316, -13.4959230423, -18.8813495636, 49.0048522949, 115.755493164]],
        "icov": [[0.000353630166501, -0.000135942347697, 0.000430428248364, -0.000275546422927, 0.000164172466611, -0.000460374896647, 0.000470928353025, -0.000603190623224, 0.000377150456188, -0.000198833149625, 0.000527675321791, -0.000176465633558, 0.000342316867318], [-0.000135942347697, 0.00225817295723, -0.00110159348696, -0.000306645117234, 0.000490158156026, 0.000684451137204, -0.000527429801878, 0.000850174401421, -0.000243674483499, -0.000219115536311, -0.000991255627014, 0.000679167511407, -0.000487311452162], [0.000430428248364, -0.00110159348696, 0.00424522114918, 7.56090739742e-05, -0.00114990712609, -0.00220138556324, 0.00228059431538, -0.000448091159342, -1.56324913405e-05, 0.00191461620852, -0.00107475463301, 0.000758088077419, 0.00086097890744], [-0.000275546422927, -0.000306645117234, 7.56090739742e-05, 0.00861368048936, -0.00536473002285, 0.00147810264025, -0.0012660655193, -0.000531134021003, -0.00108620605897, -0.000299299048493, 0.000508872384671, -0.000978419790044, -0.000473036430776], [0.000164172466611, 0.000490158156026, -0.00114990712609, -0.00536473002285, 0.00988099072129, -0.00223852740601, 0.00200578314252, -0.00169767846819, -0.000347691617208, -0.00209096306935, 0.00146482698619, -0.00111509521957, 0.00121665617917], [-0.000460374896647, 0.000684451137204, -0.00220138556324, 0.00147810264025, -0.00223852740601, 0.00992753729224, -0.00546213798225, 0.00140726310201, 0.000235276471358, -0.000257061212324, -0.00277311075479, 0.00219190027565, -0.001806881628], [0.000470928353025, -0.000527429801878, 0.00228059431538, -0.0012660655193, 0.00200578314252, -0.00546213798225, 0.00965781044215, -0.0034550994169, 0.00274066254497, 0.000459809991298, -0.00177191477269, 0.00300920638256, 0.00106598751154], [-0.000603190623224, 0.000850174401421, -0.000448091159342, -0.000531134021003, -0.00169767846819, 0.00140726310201, -0.0034550994169, 0.0112817585468, -0.00189513212536, -9.25098865991e-05, -0.000214875530219, 0.000585719244555, -0.00180508161429], [0.000377150456188, -0.000243674483499, -1.56324913405e-05, -0.00108620605897, -0.000347691617208, 0.000235276471358, 0.00274066254497, -0.00189513212536, 0.00942099280655, -0.00228356197476, 0.00352371763438, -0.000881179817952, 0.00082141358871], [-0.000198833149625, -0.000219115536311, 0.00191461620852, -0.000299299048493, -0.00209096306935, -0.000257061212324, 0.000459809991298, -9.25098865991e-05, -0.00228356197476, 0.0144946267828, -0.00520932208747, 0.0060882139951, -0.000960348406807], [0.000527675321791, -0.000991255627014, -0.00107475463301, 0.000508872384671, 0.00146482698619, -0.00277311075479, -0.00177191477269, -0.000214875530219, 0.00352371763438, -0.00520932208747, 0.0165080260485, -0.00972873996943, 0.00426872819662], [-0.000176465633558, 0.000679167511407, 0.000758088077419, -0.000978419790044, -0.00111509521957, 0.00219190027565, 0.00300920638256, 0.000585719244555, -0.000881179817952, 0.0060882139951, -0.00972873996943, 0.0145728746429, -0.00518265552819], [0.000342316867318, -0.000487311452162, 0.00086097890744, -0.000473036430776, 0.00121665617917, -0.001806881628, 0.00106598751154, -0.00180508161429, 0.00082141358871, -0.000960348406807, 0.00426872819662, -0.00518265552819, 0.0116384616122]]
    },
    "spectral_contrast_coeffs": {
        "max": [-0.4019138515, -0.539278626442, -0.456304609776, -0.543252110481, -0.515721142292, -0.568092942238],
        "mean": [-0.708965599537, -0.743997454643, -0.702441930771, -0.718362748623, -0.739109098911, -0.701539695263],
        "min": [-0.980060338974, -0.97826308012, -0.958631932735, -0.962765872478, -0.959742546082, -0.960290908813],
        "stdev": [0.0686064139009, 0.0636297240853, 0.0690612271428, 0.0546936169267, 0.0493134967983, 0.0363277457654]
    },
    "spectral_contrast_valleys": {
        "max": [-5.04166841507, -5.03223657608, -5.50502490997, -6.27518463135, -6.25905609131, -8.73935127258],
        "mean": [-6.98982954025, -6.64432477951, -6.97645759583, -7.47842597961, -7.70288419724, -11.8119020462],
        "min": [-27.3272533417, -27.0386352539, -27.2973995209, -27.2334346771, -27.3345394135, -27.31391716],
        "stdev": [1.15940666199, 1.08640182018, 1.09932100773, 1.06929194927, 1.18702220917, 0.96091735363]
    }
},
"rhythm": {
    "beats_count": 42,
    "beats_loudness": {
        "max": 0.0705945193768,
        "mean": 0.039132822305,
        "min": 0.000344912230503,
        "stdev": 0.0135730886832
    },
    "bpm": 87.0467529297,
    "bpm_histogram_first_peak_bpm": 86,
    "bpm_histogram_first_peak_weight": 0.378378331661,
    "bpm_histogram_second_peak_bpm": 91,
    "bpm_histogram_second_peak_spread": 0.333333313465,
    "bpm_histogram_second_peak_weight": 0.0487804859877,
    "danceability": 1.15248668194,
    "onset_rate": 1.96461391449,
    "beats_loudness_band_ratio": {
        "max": [0.501852750778, 0.537233054638, 0.602724790573, 0.712961792946, 0.391246169806, 0.0608794540167],
        "mean": [0.196052983403, 0.208134382963, 0.206626623869, 0.26517111063, 0.147004574537, 0.023681845516],
        "min": [0.0282819271088, 0.0396072976291, 0.0644188523293, 0.0418014116585, 0.0162028912455, 0.00384493661113],
        "stdev": [0.108769856393, 0.136848285794, 0.115946471691, 0.159858301282, 0.0927994325757, 0.0139919789508]
    },
    "beats_position": [0.603718817234, 1.21904754639, 1.8575963974, 2.54258489609, 3.20435357094, 3.87773227692, 4.55111122131, 5.22448968887, 5.88625860214, 6.57124710083, 7.26784563065, 7.96444416046, 8.66104316711, 9.35764122009, 10.0542402267, 10.7392292023, 11.4242172241, 12.1208162308, 12.8174142838, 13.5140132904, 14.2106122971, 14.90721035, 15.5805892944, 16.2771873474, 16.9737873077, 17.6819953918, 18.3669834137, 19.0635814667, 19.760181427, 20.45677948, 21.153377533, 21.8499774933, 22.5465755463, 23.2431735992, 23.9281635284, 24.6247615814, 25.2981395721, 25.9831295013, 26.6681175232, 27.353105545, 28.0497055054, 28.7463035583],
