{
"metadata": {
    "version": {
        "essentia": "2.1-beta5",
        "essentia_git_sha": "Undefined",
        "extractor": "music 2.0"
    },
    "audio_properties": {
        "analysis": {
            "equal_loudness": 0,
            "length": 48.7502937317,
            "sample_rate": 44100,
            "start_time": 61.4980506897,
            "downmix": "mix"
        },
        "bit_rate": 192000,
        "length": 183.089355469,
        "lossless": 0,
        "number_channels": 2,
        "replay_gain": -5.71876335144,
        "sample_rate": 48000,
        "codec": "mp3",
        "md5_encoded": "59bd0cc7637ea5de653fe3803c0a7bb2"
    },
    "tags": {
        "file_name": "Ireland_Cross Your Heart_Tina.mp3",
        "encoding": ["Lavf58.29.100"]
    }
},
"lowlevel": {
    "average_loudness": 0.931069612503,
    "barkbands_crest": {
        "max": 21.2668533325,
        "mean": 8.97780036926,
        "min": 2.85125756264,
        "stdev": 3.54887008667
    },
    "barkbands_flatness_db": {
        "max": 0.354611247778,
        "mean": 0.259308576584,
        "min": 0.0597843900323,
        "stdev": 0.0287337750196
    },
    "barkbands_kurtosis": {
        "max": 12.4241943359,
        "mean": 0.214905261993,
        "min": -1.80115497112,
        "stdev": 1.66383564472
    },
    "barkbands_skewness": {
        "max": 3.37643909454,
        "mean": 0.34076115489,
        "min": -2.1715388298,
        "stdev": 0.729719400406
    },
    "barkbands_spread": {
        "max": 51.2884063721,
        "mean": 18.386888504,
        "min": 3.61571598053,
        "stdev": 7.2930393219
    },
    "dissonance": {
        "max": 0.500000059605,
        "mean": 0.468322604895,
        "min": 0.343567252159,
        "stdev": 0.0236500389874
    },
    "dynamic_complexity": 2.4023168087,
    "erbbands_crest": {
        "max": 28.1883125305,
        "mean": 11.5904636383,
        "min": 3.15533804893,
        "stdev": 4.88504600525
    },
    "erbbands_flatness_db": {
        "max": 0.408553689718,
        "mean": 0.316273272038,
        "min": 0.121539726853,
        "stdev": 0.0307243354619
    },
    "erbbands_kurtosis": {
        "max": 17.3007831573,
        "mean": 0.732533216476,
        "min": -1.78042733669,
        "stdev": 2.00944280624
    },
    "erbbands_skewness": {
        "max": 2.28423953056,
        "mean": -0.0856831595302,
        "min": -3.54127335548,
        "stdev": 0.810038030148
    },
    "erbbands_spread": {
        "max": 66.1341171265,
        "mean": 22.1737213135,
        "min": 4.47432231903,
        "stdev": 9.64946460724
    },
    "hfc": {
        "max": 107.739440918,
        "mean": 22.9973125458,
        "min": 0.270881384611,
        "stdev": 16.8992271423
    },
    "loudness_ebu128": {
        "integrated": -18.7490062714,
        "loudness_range": 4.4014377594,
        "momentary": {
            "max": -14.3736095428,
            "mean": -19.2704353333,
            "min": -26.8732318878,
            "stdev": 2.19942569733
        },
        "short_term": {
            "max": -16.4865455627,
            "mean": -18.9537944794,
            "min": -22.1670818329,
            "stdev": 1.47713959217
        }
    },
    "melbands_crest": {
        "max": 27.7123718262,
        "mean": 11.3870544434,
        "min": 3.38272452354,
        "stdev": 4.28625631332
    },
    "melbands_flatness_db": {
        "max": 0.425004839897,
        "mean": 0.314810097218,
        "min": 0.128021374345,
        "stdev": 0.0321239233017
    },
    "melbands_kurtosis": {
        "max": 29.599029541,
        "mean": 1.6427615881,
        "min": -1.80132436752,
        "stdev": 2.98702263832
    },
    "melbands_skewness": {
        "max": 4.81639528275,
        "mean": 0.909603476524,
        "min": -1.12675631046,
        "stdev": 0.86704492569
    },
    "melbands_spread": {
        "max": 81.2227249146,
        "mean": 31.0013332367,
        "min": 5.53910589218,
        "stdev": 13.3254384995
    },
    "pitch_salience": {
        "max": 0.847590506077,
        "mean": 0.570079147816,
        "min": 0.308916568756,
        "stdev": 0.0892540588975
    },
    "silence_rate_20dB": {
        "max": 1,
        "mean": 1,
        "min": 1,
        "stdev": 0
    },
    "silence_rate_30dB": {
        "max": 1,
        "mean": 1,
        "min": 1,
        "stdev": 0
    },
    "silence_rate_60dB": {
        "max": 1,
        "mean": 0.015230842866,
        "min": 0,
        "stdev": 0.122470475733
    },
    "spectral_centroid": {
        "max": 3278.8293457,
        "mean": 1669.90429688,
        "min": 471.901275635,
        "stdev": 465.543426514
    },
    "spectral_complexity": {
        "max": 49,
        "mean": 21.32746315,
        "min": 0,
        "stdev": 7.20848321915
    },
    "spectral_decrease": {
        "max": -7.01925878532e-11,
        "mean": -4.55713022873e-09,
        "min": -1.61336206617e-08,
        "stdev": 2.66365773882e-09
    },
    "spectral_energy": {
        "max": 0.0679191499949,
        "mean": 0.0192855950445,
        "min": 0.000292342156172,
        "stdev": 0.0114385960624
    },
    "spectral_energyband_high": {
        "max": 0.00334445061162,
        "mean": 0.000317562167766,
        "min": 1.52431448441e-06,
        "stdev": 0.000423354125815
    },
    "spectral_energyband_low": {
        "max": 0.00971580296755,
        "mean": 0.00110504007898,
        "min": 8.69253835845e-06,
        "stdev": 0.00133556500077
    },
    "spectral_energyband_middle_high": {
        "max": 0.061535872519,
        "mean": 0.0112931616604,
        "min": 8.77839702298e-05,
        "stdev": 0.01026896853
    },
    "spectral_energyband_middle_low": {
        "max": 0.0389166250825,
        "mean": 0.0072515187785,
        "min": 0.000178012589458,
        "stdev": 0.00581159535795
    },
    "spectral_entropy": {
        "max": 8.53019714355,
        "mean": 7.16695165634,
        "min": 6.24377727509,
        "stdev": 0.222970366478
    },
    "spectral_flux": {
        "max": 0.184205561876,
        "mean": 0.0794584080577,
        "min": 0.014676861465,
        "stdev": 0.0321202240884
    },
    "spectral_kurtosis": {
        "max": 27.6557559967,
        "mean": 5.89767885208,
        "min": -1.11995303631,
        "stdev": 4.96823501587
    },
    "spectral_rms": {
        "max": 0.00814018305391,
        "mean": 0.00413374882191,
        "min": 0.00053405232029,
        "stdev": 0.00131427415181
    },
    "spectral_rolloff": {
        "max": 4974.16992188,
        "mean": 1886.90124512,
        "min": 279.931640625,
        "stdev": 664.568908691
    },
    "spectral_skewness": {
        "max": 3.38366246223,
        "mean": 0.957646727562,
        "min": -0.328001707792,
        "stdev": 0.518015444279
    },
    "spectral_spread": {
        "max": 18848474,
        "mean": 2047291.625,
        "min": 1287287.625,
        "stdev": 475720.25
    },
    "spectral_strongpeak": {
        "max": 11.7054672241,
        "mean": 2.29655838013,
        "min": 0.0181985180825,
        "stdev": 2.04429507256
    },
    "zerocrossingrate": {
        "max": 0.13525390625,
        "mean": 0.0629947856069,
        "min": 0.017578125,
        "stdev": 0.0159998256713
    },
    "barkbands": {
        "max": [4.19435673393e-05, 0.00303599797189, 0.0081001361832, 0.00664653629065, 0.0110212583095, 0.0110056325793, 0.023869395256, 0.0331403203309, 0.027153564617, 0.0494252815843, 0.0238981619477, 0.036743376404, 0.0395341329277, 0.0184469595551, 0.0244409926236, 0.0293307695538, 0.0128198741004, 0.0109159070998, 0.00881179515272, 0.00456404872239, 0.00240632751957, 0.00111393490806, 9.50411958911e-07, 7.23270602521e-07, 6.84566543896e-07, 6.63348316721e-07, 7.04054286871e-07],
        "mean": [1.94959488908e-06, 0.000176420726348, 0.000657753436826, 0.000646101660095, 0.00109684048221, 0.0010801826138, 0.00106898800004, 0.00151371315587, 0.00124597351532, 0.0016408165684, 0.000864542555064, 0.00262515014037, 0.00124017428607, 0.00116757187061, 0.00110184191726, 0.00101291551255, 0.000479014532175, 0.000572873977944, 0.000608977803495, 0.000330191716785, 0.000136030561407, 1.75715958903e-05, 2.00562078057e-09, 1.63584135127e-09, 1.47871870304e-09, 1.40140676841e-09, 1.45653011874e-09],
        "min": [2.96674906863e-09, 1.10478038096e-06, 3.92948209083e-07, 2.96035432257e-06, 1.75041204784e-05, 8.35729042592e-06, 3.30548891725e-06, 1.52323661951e-06, 8.1850330389e-06, 5.9199928728e-06, 2.58335330727e-06, 4.01371789849e-06, 5.31523755853e-06, 4.18594527218e-06, 3.72899057766e-06, 5.63417461308e-06, 4.23981236963e-06, 1.44134764923e-06, 1.38277982842e-06, 8.60670468228e-07, 8.78428863871e-07, 1.89164639508e-09, 1.20938658393e-11, 1.45264035176e-11, 2.20098123754e-11, 2.97680734229e-11, 4.18711454397e-11],
        "stdev": [3.02928151541e-06, 0.000302879489027, 0.000987519626506, 0.000751596002374, 0.00110878958367, 0.00133454578463, 0.00191970681772, 0.0035868124105, 0.00246507977135, 0.00355099444278, 0.00186510686763, 0.00496890256181, 0.00290074036457, 0.00216986727901, 0.00184814922977, 0.00190753967036, 0.000994740519673, 0.000975292001385, 0.000896540703252, 0.000479743612232, 0.000220357134822, 4.76782879559e-05, 3.19032764651e-08, 2.58347014892e-08, 2.30117116473e-08, 2.16461906177e-08, 2.26462351094e-08]
    },
    "erbbands": {
        "max": [0.0148015636951, 0.979342520237, 7.64212799072, 11.0583286285, 39.443031311, 44.9010505676, 76.1389923096, 134.187591553, 383.150146484, 574.611999512, 914.11138916, 597.44519043, 1458.72253418, 1365.07849121, 1376.23059082, 1824.01782227, 1699.6328125, 1048.67504883, 1401.8302002, 1112.76489258, 1198.50549316, 596.303710938, 486.562103271, 628.637390137, 376.801086426, 258.087310791, 156.8828125, 107.116783142, 32.1402854919, 0.831271111965, 0.0420327447355, 0.0164379868656, 0.0116096595302, 0.00779547728598, 0.004818148911, 0.00265310099348, 0.00123112625442, 0.000438316114014, 0.000103328471596, 8.38002742967e-05],
        "mean": [0.00139653147198, 0.0622814372182, 0.626185357571, 1.50725317001, 2.92266631126, 3.77319335938, 4.90144443512, 10.7879619598, 16.8786907196, 16.6697654724, 37.3364562988, 28.9610176086, 46.7660903931, 36.778427124, 59.2366752625, 111.581535339, 64.8850708008, 55.7802009583, 73.2304077148, 44.7283554077, 51.8475418091, 25.9568519592, 28.7548980713, 37.8868980408, 23.9865112305, 16.9554862976, 8.6539478302, 3.64061284065, 0.648171961308, 0.0194814484566, 0.00147004215978, 0.000301431369735, 0.000117402560136, 6.40651996946e-05, 4.00317294407e-05, 2.51542060141e-05, 1.37951537909e-05, 5.53879499421e-06, 1.183416407e-05, 2.40120862145e-05],
        "min": [1.3882409803e-05, 0.000341428705724, 0.00171999866143, 0.00846521742642, 0.0290008056909, 0.0488930046558, 0.0255106855184, 0.180841132998, 0.143652364612, 0.169880926609, 0.147811040282, 0.328192740679, 0.51883161068, 0.309857189655, 0.272489130497, 0.29393851757, 0.269786387682, 0.312009453773, 0.201578959823, 0.17508739233, 0.311672091484, 0.237323224545, 0.114493645728, 0.0598411746323, 0.0701454803348, 0.0377990864217, 0.0382324270904, 0.0187022313476, 0.00252068857662, 9.87859384622e-05, 8.61614898895e-06, 2.28672547564e-06, 1.56337694079e-06, 1.19333526527e-06, 8.56811993799e-07, 5.55584392714e-07, 3.39996319099e-07, 9.39083619755e-08, 2.51126408557e-07, 5.25508653482e-07],
        "stdev": [0.00161104649305, 0.0988327339292, 0.949955761433, 1.50352287292, 3.34053277969, 4.18620347977, 6.28075885773, 14.6073570251, 29.4643859863, 29.1139850616, 94.9794006348, 49.3574981689, 94.5060882568, 81.7548446655, 117.431129456, 216.723358154, 131.830993652, 90.4766693115, 118.827865601, 69.4045410156, 95.6106491089, 47.4425315857, 44.4891204834, 62.0802116394, 32.9078598022, 24.3472576141, 13.2850551605, 6.58788824081, 1.55005061626, 0.043234795332, 0.00262787402608, 0.000687144114636, 0.000413916801335, 0.000266415911028, 0.000161162854056, 8.77046841197e-05, 4.05023529311e-05, 1.45064714161e-05, 7.83882660471e-06, 1.45194926517e-05]
    },
    "gfcc": {
        "mean": [-92.2398757935, 192.36541748, -219.565567017, 18.8173027039, -19.2952404022, -56.2168121338, 7.47846508026, -30.5413780212, -23.3990459442, -0.675139784813, -19.1068820953, -14.8925428391, -0.801204442978],
        "cov": [[1345.22839355, -387.495056152, -321.126312256, -27.5765609741, -142.54637146, 18.199842453, 173.742828369, 58.8756713867, -58.8977622986, 29.917427063, 85.5303573608, -15.6682405472, -58.2828178406], [-387.495056152, 439.208953857, 268.970733643, -14.0697526932, 125.694923401, -13.8497657776, -36.2299613953, 11.3487892151, 30.5637702942, -10.6891727448, -33.7870674133, -21.9039115906, 9.58465003967], [-321.126312256, 268.970733643, 308.906738281, 116.279380798, 58.6642684937, -8.04861164093, -64.0587387085, 6.04080104828, 72.1623916626, -13.224395752, -58.8574714661, 3.8236386776, 4.92547893524], [-27.5765609741, -14.0697526932, 116.279380798, 283.10635376, 26.1775951385, -16.4266815186, -51.4550132751, 3.85712909698, 98.917098999, -18.0315322876, -52.5164260864, 49.2057342529, 14.6688480377], [-142.54637146, 125.694923401, 58.6642684937, 26.1775951385, 249.887802124, 36.7709465027, -44.8884162903, 34.1341056824, -28.6348304749, -5.87045764923, 11.4805383682, -12.3551445007, 26.5239143372], [18.199842453, -13.8497657776, -8.04861164093, -16.4266815186, 36.7709465027, 189.857437134, 107.119140625, -63.9281311035, -52.8417892456, 9.01724720001, 6.33817720413, -7.82544088364, -7.27538251877], [173.742828369, -36.2299613953, -64.0587387085, -51.4550132751, -44.8884162903, 107.119140625, 163.744018555, 9.83581256866, -56.8174781799, 0.461653470993, 31.2979431152, -16.8401069641, -25.6271934509], [58.8756713867, 11.3487892151, 6.04080104828, 3.85712909698, 34.1341056824, -63.9281311035, 9.83581256866, 133.332901001, 38.6606216431, -14.3684988022, 3.22161769867, -2.7570669651, -3.23024773598], [-58.8977622986, 30.5637702942, 72.1623916626, 98.917098999, -28.6348304749, -52.8417892456, -56.8174781799, 38.6606216431, 148.799758911, 15.5102787018, -55.8331756592, 27.6702537537, 2.88773989677], [29.917427063, -10.6891727448, -13.224395752, -18.0315322876, -5.87045764923, 9.01724720001, 0.461653470993, -14.3684988022, 15.5102787018, 62.0319824219, 35.4088897705, -16.8078269958, -13.9090871811], [85.5303573608, -33.7870674133, -58.8574714661, -52.5164260864, 11.4805383682, 6.33817720413, 31.2979431152, 3.22161769867, -55.8331756592, 35.4088897705, 90.1791915894, 5.70237207413, -21.6711673737], [-15.6682405472, -21.9039115906, 3.8236386776, 49.2057342529, -12.3551445007, -7.82544088364, -16.8401069641, -2.7570669651, 27.6702537537, -16.8078269958, 5.70237207413, 70.5281219482, 21.9878101349], [-58.2828178406, 9.58465003967, 4.92547893524, 14.6688480377, 26.5239143372, -7.27538251877, -25.6271934509, -3.23024773598, 2.88773989677, -13.9090871811, -21.6711673737, 21.9878101349, 63.1029624939]],
        "icov": [[0.00130442390218, 0.000702703546267, 0.000561545835808, -0.000410256150644, -0.000261730398051, 0.00113793183118, -0.00178655236959, -0.00035179182305, 0.000858796527609, -0.00163923460059, 0.00117353070527, -0.000696807692293, 0.000892439216841], [0.000702703546267, 0.0194861833006, -0.019083859399, 0.0121756242588, -0.0176603980362, 0.0208986941725, -0.025271397084, 0.0230470448732, -0.0210996195674, 0.0156330652535, -0.0107885496691, 0.00718026515096, -0.00469777034596], [0.000561545835808, -0.019083859399, 0.0245130620897, -0.0138681568205, 0.0169000644237, -0.0211120340973, 0.0253823548555, -0.0236602760851, 0.0206254962832, -0.0161235723644, 0.0126876188442, -0.00668059103191, 0.0064743347466], [-0.000410256150644, 0.0121756242588, -0.0138681568205, 0.0141916833818, -0.0132661303505, 0.0142668411136, -0.0171404331923, 0.017751770094, -0.0184002779424, 0.0130165694281, -0.00714105088264, 0.00216354615986, -0.00277123600245], [-0.000261730398051, -0.0176603980362, 0.0169000644237, -0.0132661303505, 0.0285439416766, -0.0330610238016, 0.0369765125215, -0.0291714072227, 0.0157995969057, -0.00151158880908, -0.00722484756261, 0.00712009705603, -0.00409900257364], [0.00113793183118, 0.0208986941725, -0.0211120340973, 0.0142668411136, -0.0330610238016, 0.0540659986436, -0.0543377958238, 0.0353570468724, -0.00483247358352, -0.0171721819788, 0.026432428509, -0.0205091387033, 0.00874043628573], [-0.00178655236959, -0.025271397084, 0.0253823548555, -0.0171404331923, 0.0369765125215, -0.0543377958238, 0.0658605247736, -0.0441909730434, 0.022500442341, 9.40677709877e-05, -0.0102299880236, 0.00905766803771, -0.000808777636848], [-0.00035179182305, 0.0230470448732, -0.0236602760851, 0.017751770094, -0.0291714072227, 0.0353570468724, -0.0441909730434, 0.0597133301198, -0.0616098232567, 0.0596844106913, -0.0497452393174, 0.0345395095646, -0.0178011246026], [0.000858796527609, -0.0210996195674, 0.0206254962832, -0.0184002779424, 0.0157995969057, -0.00483247358352, 0.022500442341, -0.0616098232567, 0.122075378895, -0.140313312411, 0.135400131345, -0.0970862060785, 0.0492659732699], [-0.00163923460059, 0.0156330652535, -0.0161235723644, 0.0130165694281, -0.00151158880908, -0.0171721819788, 9.40677709877e-05, 0.0596844106913, -0.140313312411, 0.198737367988, -0.18499456346, 0.133730724454, -0.0638097375631], [0.00117353070527, -0.0107885496691, 0.0126876188442, -0.00714105088264, -0.00722484756261, 0.026432428509, -0.0102299880236, -0.0497452393174, 0.135400131345, -0.18499456346, 0.196618452668, -0.13674838841, 0.0709758251905], [-0.000696807692293, 0.00718026515096, -0.00668059103191, 0.00216354615986, 0.00712009705603, -0.0205091387033, 0.00905766803771, 0.0345395095646, -0.0970862060785, 0.133730724454, -0.13674838841, 0.115755349398, -0.055003862828], [0.000892439216841, -0.00469777034596, 0.0064743347466, -0.00277123600245, -0.00409900257364, 0.00874043628573, -0.000808777636848, -0.0178011246026, 0.0492659732699, -0.0638097375631, 0.0709758251905, -0.055003862828, 0.0462359562516]]
    },
    "melbands": {
        "max": [0.000438817049144, 0.00265116873197, 0.00226005050354, 0.00271096616052, 0.00292994291522, 0.00265681138262, 0.00563469575718, 0.00604612194002, 0.0071011018008, 0.00325521221384, 0.00763269979507, 0.00605194317177, 0.00337202870287, 0.00452059367672, 0.00453379331157, 0.00199738331139, 0.00218549952842, 0.00195726868697, 0.00114691688213, 0.00230024405755, 0.00135519704781, 0.000900506041944, 0.000899573729839, 0.000419892050559, 0.000629167712759, 0.000414594949689, 0.000167690566741, 0.000135832422529, 0.000114998001663, 6.96520437486e-05, 6.43865569145e-05, 2.91719443339e-05, 2.65884750661e-07, 2.13311253106e-08, 1.49651455672e-08, 1.09894093825e-08, 9.43405353837e-09, 8.21619838831e-09, 7.18989134896e-09, 6.32894536778e-09],
        "mean": [2.8364960599e-05, 0.000245594244916, 0.000312653923174, 0.000235765401158, 0.00017713032139, 0.000237441214267, 0.000248452066444, 0.00020229187794, 0.00030149272061, 0.000176507441211, 0.000238641514443, 0.000152420703671, 0.000145955389598, 0.000291465286864, 0.000226091491641, 0.000104869104689, 0.000107098610897, 0.000122587836813, 6.51677619317e-05, 7.01490644133e-05, 5.53491081519e-05, 2.58282361756e-05, 2.66855586233e-05, 2.58370691881e-05, 3.21981533489e-05, 1.83201118489e-05, 1.31014267026e-05, 1.07551768451e-05, 6.38241544948e-06, 2.96632470054e-06, 1.86961096915e-06, 4.52148015029e-07, 1.11666886848e-09, 4.84619358532e-11, 3.16570311631e-11, 2.58352488708e-11, 2.15880958943e-11, 1.83485397015e-11, 1.57874113088e-11, 1.37274714165e-11],
        "min": [1.92222586293e-07, 1.05444826204e-06, 3.67952247871e-06, 2.57850592789e-06, 1.05409742446e-06, 4.11117935073e-06, 1.38797338423e-06, 3.4169838159e-07, 6.0773658106e-07, 1.10823827981e-06, 8.26327664072e-07, 6.1144743313e-07, 5.61958302114e-07, 8.22550873636e-07, 3.93677765942e-07, 7.10938707016e-07, 4.90669719966e-07, 2.83118481548e-07, 2.87301276103e-07, 2.81837429839e-07, 3.81245399694e-07, 1.51326958076e-07, 1.98312349653e-07, 3.70948285422e-08, 3.89476433327e-08, 5.08768245311e-08, 4.08833535914e-08, 1.86220372456e-08, 1.71725922371e-08, 1.48036516379e-08, 3.54758844523e-09, 1.54642576522e-10, 3.55629154597e-13, 1.93186368595e-13, 1.8142843998e-13, 1.30386749574e-13, 1.51144559108e-13, 1.52472991372e-13, 1.76265862258e-13, 1.55076486049e-13],
        "stdev": [4.46765770903e-05, 0.00034622385283, 0.000302394473692, 0.00023495098867, 0.000210849248106, 0.000307527749101, 0.000431969383499, 0.000387804408092, 0.00077849405352, 0.000317949859891, 0.000496631022543, 0.0003735992359, 0.000305025954731, 0.000562976289075, 0.000443538243417, 0.000221883135964, 0.00020322225464, 0.000204053489142, 9.8213844467e-05, 0.000140318035847, 0.000112894216727, 6.13266820437e-05, 5.15376959811e-05, 4.22556149715e-05, 5.74239711568e-05, 2.83626177406e-05, 1.82146359293e-05, 1.62166725204e-05, 1.09180318759e-05, 5.0751255003e-06, 3.95850838686e-06, 1.23417862596e-06, 9.23861787072e-09, 6.63345323115e-10, 5.09691844286e-10, 4.12702705344e-10, 3.42413458698e-10, 2.89143819998e-10, 2.47506959372e-10, 2.1417394247e-10]
    },
    "melbands128": {
        "max": [2.36722298723e-05, 3.93557056668e-05, 0.000211613660213, 0.00209818757139, 0.00362655962817, 0.00373145123012, 0.00244661420584, 0.00454973336309, 0.00492282118648, 0.00361878471449, 0.00297122099437, 0.00505873095244, 0.00364199723117, 0.00237292423844, 0.00479589961469, 0.00516703352332, 0.00491563323885, 0.0103672640398, 0.00511365802959, 0.00948291551322, 0.010775251314, 0.0112961903214, 0.0124118793756, 0.0114042852074, 0.00730229821056, 0.00752380024642, 0.00358565570787, 0.0125478552654, 0.0125018013641, 0.0123666990548, 0.00480673788115, 0.00251360679977, 0.00396282784641, 0.00998122338206, 0.00704587996006, 0.00780909322202, 0.0103161251172, 0.00948295928538, 0.0122774234042, 0.00459082704037, 0.00352663872764, 0.00212988303974, 0.00449259532616, 0.00390036334284, 0.00309941824526, 0.0041899047792, 0.00589629681781, 0.00255443854257, 0.00157608266454, 0.00359093118459, 0.00425352295861, 0.00548732187599, 0.0026585587766, 0.00113548955414, 0.00242329295725, 0.00144649832509, 0.000920240709092, 0.00128379173111, 0.00120314920787, 0.00104840623681, 0.00063643330941, 0.0014320834307, 0.00115382461809, 0.00108264246956, 0.000440446456196, 0.000823931652121, 0.000435474386904, 0.000451135652838, 0.00018293382891, 0.000589392206166, 0.000243499773205, 0.000288402370643, 0.000283665256575, 0.000235651314142, 0.000120964868984, 0.000154472741997, 0.000102844758658, 8.14722516225e-05, 7.73842039052e-05, 0.00011520760745, 3.22277410305e-05, 6.09942253504e-06, 1.71270357896e-07, 3.23493978271e-08, 2.69420841192e-08, 2.28496475074e-08, 1.9754237357e-08, 1.71236234081e-08, 1.50060515125e-08, 1.32774529149e-08, 1.17578879966e-08, 1.06642792375e-08, 1.00819139703e-08, 9.52481027383e-09, 9.00554830707e-09, 8.53567350134e-09, 8.10545408569e-09, 7.6642763247e-09, 7.27882376594e-09, 6.93298218835e-09, 6.59846755013e-09, 6.25801943599e-09, 5.97488858389e-09, 5.69739677658e-09, 5.42450973029e-09, 5.18588105791e-09, 4.96497865043e-09, 4.75720307591e-09, 4.55407134226e-09, 4.36918368152e-09, 4.20130641388e-09, 4.04189526293e-09, 3.89080323515e-09, 3.75100794869e-09, 3.62634100526e-09, 3.50658346804e-09, 3.39342642874e-09, 3.28887495016e-09, 3.19845328001e-09, 3.11759351668e-09, 3.04034908361e-09, 2.97530378113e-09, 2.91583557299e-09, 2.86773360614e-09, 2.82947443253e-09, 2.79391154656e-09, 2.76998424198e-09, 2.75421752072e-09],
        "mean": [1.18238210689e-06, 3.42233670381e-06, 1.77691272256e-05, 0.000114807437058, 0.000283385103103, 0.000324149092194, 0.00028224856942, 0.00035390155972, 0.000298363418551, 0.000212612358155, 0.000211642764043, 0.000195028318558, 0.000153035856783, 0.000163631426403, 0.000256585568422, 0.000260331755271, 0.000276030012174, 0.000284151436063, 0.000167537102243, 0.00014715846919, 0.000232343605603, 0.000309390539769, 0.000385128369089, 0.000199999834877, 0.000136175105581, 0.000213311839616, 0.000145775848068, 0.000303664361127, 0.000232748207054, 0.000209117235499, 0.00011014687334, 6.05543136771e-05, 0.000105131031887, 0.000261827168288, 0.000224314440857, 0.000322597770719, 0.000378416181775, 0.000193076077267, 0.000178302827408, 0.000126227358123, 9.47181906668e-05, 5.8817822719e-05, 8.24081798783e-05, 0.000170343744685, 9.94187939796e-05, 0.000117382260214, 0.000153053566464, 4.65450139018e-05, 3.41525483236e-05, 6.27731205896e-05, 7.44955686969e-05, 7.6959564467e-05, 8.0681667896e-05, 2.80570329778e-05, 4.02296791435e-05, 2.17489450733e-05, 1.69655704667e-05, 3.09821189148e-05, 2.76471564575e-05, 2.56799467024e-05, 1.9383183826e-05, 2.80647891486e-05, 4.80469134345e-05, 3.02611515508e-05, 1.30862854348e-05, 1.81812738447e-05, 2.27864838962e-05, 1.35604850584e-05, 8.84286237124e-06, 1.54681110871e-05, 1.11165381895e-05, 8.55924372445e-06, 8.21413323138e-06, 6.61940202917e-06, 2.98888016914e-06, 4.00834551328e-06, 2.23987194659e-06, 1.75452316853e-06, 2.06326990337e-06, 1.92924062503e-06, 3.46934626805e-07, 2.27440608569e-08, 8.03576705177e-10, 1.62642094237e-10, 8.37601307757e-11, 5.00560599914e-11, 3.90194924982e-11, 3.51753244587e-11, 3.15823374397e-11, 2.9093803755e-11, 2.69868762753e-11, 2.5171913165e-11, 2.33800392241e-11, 2.17820345094e-11, 2.04334361931e-11, 1.91629680873e-11, 1.80226823049e-11, 1.69760681207e-11, 1.6017709728e-11, 1.51290507899e-11, 1.43460469199e-11, 1.35741686988e-11, 1.28911803107e-11, 1.22943990058e-11, 1.16778765477e-11, 1.10625310995e-11, 1.06219260818e-11, 1.01362763669e-11, 9.64409888754e-12, 9.2324056386e-12, 8.84502280446e-12, 8.54578560694e-12, 8.21485587887e-12, 7.90530748501e-12, 7.6038507088e-12, 7.41949470612e-12, 7.19726882259e-12, 6.83245257246e-12, 6.64133548503e-12, 6.46832891069e-12, 6.29197171795e-12, 6.15469784512e-12, 6.04171703986e-12, 5.92568095287e-12, 5.77578046154e-12, 5.59893494415e-12, 5.48930605831e-12, 5.44916585812e-12],
        "min": [7.75410513576e-10, 1.06244346654e-08, 1.99927363553e-08, 1.37124359867e-07, 4.08783591865e-07, 2.31622266256e-07, 4.8551743248e-07, 1.71491251422e-06, 5.98875715241e-07, 5.90683953305e-07, 1.4350597155e-08, 4.13580181657e-07, 2.76054691994e-07, 4.61875259816e-07, 3.17244712278e-07, 1.1372122799e-06, 1.90020386981e-07, 7.76481499543e-07, 2.7991345064e-07, 2.1899722924e-07, 3.9763332893e-07, 3.48537412265e-07, 1.06846556491e-07, 3.05154571834e-07, 4.58353440536e-07, 3.77923356609e-07, 3.6672929582e-07, 3.20803110299e-07, 3.01859387264e-07, 4.54950651374e-07, 2.36426245692e-07, 7.38913144005e-08, 2.19897628995e-07, 2.29681091923e-07, 2.07888092518e-07, 1.52757024807e-07, 7.30987679276e-08, 4.67404035476e-08, 4.91042264628e-08, 1.77398945311e-07, 7.23992314988e-08, 6.06306471695e-08, 3.94294119133e-07, 2.14792876818e-07, 7.02154494547e-08, 1.89364428138e-07, 1.54478115633e-07, 8.49389891755e-08, 9.86032233641e-08, 8.1636457594e-08, 1.97346821551e-07, 2.45124340381e-07, 6.01005751832e-08, 1.60103432734e-08, 9.35490049869e-08, 2.72435247695e-08, 6.8267129727e-09, 5.88366333432e-08, 3.7817642351e-08, 1.95050589014e-08, 3.17406723127e-08, 2.0304812054e-08, 4.12890095447e-08, 2.44936035898e-08, 1.0040052123e-09, 1.45175373945e-08, 4.57535982434e-08, 6.70018351911e-09, 4.95594543182e-09, 2.65134971755e-08, 1.68293179392e-09, 3.44487594006e-09, 1.48638585884e-08, 9.44452405172e-10, 3.26064897305e-10, 1.71375424962e-09, 2.17104653699e-10, 2.39735536978e-10, 1.43992651136e-09, 3.52437801165e-10, 2.92759844145e-11, 9.6360636484e-13, 3.42560940551e-13, 2.24257935898e-13, 1.32193314997e-13, 1.41465981182e-13, 1.49664921298e-13, 1.09390517207e-13, 1.34340672267e-13, 1.36439199782e-13, 1.0743200085e-13, 1.19347470817e-13, 1.08774019522e-13, 9.95687365023e-14, 1.15254539853e-13, 1.27345603138e-13, 1.06844837611e-13, 1.28393484538e-13, 1.02314790212e-13, 1.35697741021e-13, 9.62667106945e-14, 1.28612547587e-13, 1.26447477163e-13, 9.09170606639e-14, 1.4011005084e-13, 1.13575198779e-13, 1.22287325665e-13, 1.44550007814e-13, 1.22459564733e-13, 9.08772365628e-14, 1.1853835784e-13, 1.42708368451e-13, 1.10917412679e-13, 1.17451079244e-13, 1.10829029873e-13, 9.28911488745e-14, 1.20639094417e-13, 9.02024088019e-14, 1.23461137147e-13, 1.3662522177e-13, 1.32564518716e-13, 1.43362576042e-13, 1.31733938536e-13, 1.16681539647e-13, 9.53468261376e-14, 3.42246881063e-14, 5.26112661737e-15, 1.44800507326e-16],
        "stdev": [1.76074718183e-06, 4.12280223827e-06, 2.31685644394e-05, 0.00020787298854, 0.000473403255455, 0.000463173113531, 0.000318151520332, 0.000464436161565, 0.000397886586143, 0.000288447772618, 0.000273058190942, 0.000313696626108, 0.000266808201559, 0.000248353957431, 0.000448029284598, 0.000451328407507, 0.000546644907445, 0.000690732267685, 0.000355753785698, 0.000363089668099, 0.000595303310547, 0.00102180673275, 0.00120890745893, 0.000773705716711, 0.000339009769959, 0.000544059963431, 0.000313778553391, 0.000821900903247, 0.000714602356311, 0.000731670123059, 0.000299096631352, 0.000178163842065, 0.000293560675345, 0.000718596507795, 0.000641946971882, 0.000910199480131, 0.000964247155935, 0.000559296749998, 0.000680062628817, 0.000375487637939, 0.000282994384179, 0.000138392453664, 0.000237377098529, 0.000408043182688, 0.0002702838392, 0.000297916994896, 0.000360907521099, 0.000123918100144, 8.34521561046e-05, 0.000190109552932, 0.000217051376239, 0.000216226646444, 0.00023574027, 8.72961536516e-05, 0.000145113837789, 8.14947270555e-05, 4.85865166411e-05, 8.21116846055e-05, 7.78277535574e-05, 6.19931670371e-05, 4.57534115412e-05, 8.85675035533e-05, 0.000114085662062, 6.84203769197e-05, 2.73821806331e-05, 4.6193934395e-05, 4.06612271036e-05, 2.80227668554e-05, 1.62006890605e-05, 3.53233590431e-05, 2.11973419937e-05, 1.90364571608e-05, 1.86476336239e-05, 1.56814821821e-05, 6.26193423159e-06, 8.96470919542e-06, 4.67412428407e-06, 4.45391924586e-06, 4.63326159661e-06, 4.97753899253e-06, 1.38134805638e-06, 2.01721150006e-07, 6.20863405132e-09, 1.21240373296e-09, 8.77401817867e-10, 6.98808233501e-10, 6.21697582304e-10, 5.61549140521e-10, 5.11513942314e-10, 4.69523919744e-10, 4.32696573016e-10, 4.0022973824e-10, 3.72082142874e-10, 3.45976247651e-10, 3.23284399251e-10, 3.02550401399e-10, 2.84095441616e-10, 2.66370620006e-10, 2.5098270684e-10, 2.37418584792e-10, 2.24131491144e-10, 2.11552581009e-10, 2.00905264647e-10, 1.90439983228e-10, 1.80762224633e-10, 1.71962291629e-10, 1.64089145049e-10, 1.56822888009e-10, 1.4964350592e-10, 1.42995226771e-10, 1.37284419943e-10, 1.31772120993e-10, 1.26621768626e-10, 1.21866308711e-10, 1.17542156564e-10, 1.13518236478e-10, 1.09820721961e-10, 1.06112271747e-10, 1.03045190436e-10, 1.00401846559e-10, 9.77614378339e-11, 9.55958714965e-11, 9.36468194657e-11, 9.20455378584e-11, 9.07051309063e-11, 8.96133098283e-11, 8.88106532759e-11, 8.82943926306e-11]
    },
    "mfcc": {
        "mean": [-722.132507324, 232.154205322, -128.63420105, 65.7841796875, -24.1889743805, -11.6752719879, 23.1475830078, -37.5759277344, 15.1399774551, -12.1819343567, -10.2240791321, 4.55606985092, -19.479221344],
        "cov": [[924.647338867, 47.4787483215, -498.577911377, 129.522842407, -291.456329346, -74.7634735107, 190.463989258, -70.4703063965, 28.6303157806, -6.91321182251, 53.9903450012, 61.3949966431, -42.9041061401], [47.4787483215, 209.501113892, 85.0767669678, -57.9724159241, 34.9411125183, -5.00282669067, 27.4990673065, 19.7718791962, -19.6545372009, 37.4265060425, 7.88889503479, 16.7679042816, -1.95506834984], [-498.577911377, 85.0767669678, 500.58190918, -2.0451002121, 162.482452393, 69.7336273193, -163.238769531, 59.1802024841, 37.6733970642, -11.7474737167, 12.469534874, -8.24668979645, 9.16592025757], [129.522842407, -57.9724159241, -2.0451002121, 266.656036377, 62.1802330017, -57.7319831848, -77.5299682617, 5.38081026077, 79.7528152466, -35.8079605103, 12.1423492432, 35.4218978882, -10.80473423], [-291.456329346, 34.9411125183, 162.482452393, 62.1802330017, 321.778717041, 23.4818916321, -106.776550293, 57.0090789795, 5.22451305389, 18.6161079407, -44.6992034912, -9.95767688751, 38.0703811646], [-74.7634735107, -5.00282669067, 69.7336273193, -57.7319831848, 23.4818916321, 200.576766968, 69.7093887329, -12.5416564941, 7.95522880554, -10.4472818375, -1.1643550396, -24.715631485, 4.14921617508], [190.463989258, 27.4990673065, -163.238769531, -77.5299682617, -106.776550293, 69.7093887329, 256.161804199, 11.4412879944, -68.8539047241, 37.9629936218, -6.19905328751, -9.07874584198, -3.61050081253], [-70.4703063965, 19.7718791962, 59.1802024841, 5.38081026077, 57.0090789795, -12.5416564941, 11.4412879944, 113.749076843, 30.9043369293, -9.2747335434, 5.80002880096, -4.04536485672, 7.22747325897], [28.6303157806, -19.6545372009, 37.6733970642, 79.7528152466, 5.22451305389, 7.95522880554, -68.8539047241, 30.9043369293, 135.687225342, -5.50859880447, -0.734737932682, 13.0731563568, -13.9407510757], [-6.91321182251, 37.4265060425, -11.7474737167, -35.8079605103, 18.6161079407, -10.4472818375, 37.9629936218, -9.2747335434, -5.50859880447, 96.9957885742, 5.96631097794, -14.5173892975, 9.97192573547], [53.9903450012, 7.88889503479, 12.469534874, 12.1423492432, -44.6992034912, -1.1643550396, -6.19905328751, 5.80002880096, -0.734737932682, 5.96631097794, 96.401512146, 36.7692375183, -12.8646774292], [61.3949966431, 16.7679042816, -8.24668979645, 35.4218978882, -9.95767688751, -24.715631485, -9.07874584198, -4.04536485672, 13.0731563568, -14.5173892975, 36.7692375183, 88.3391113281, 14.4311933517], [-42.9041061401, -1.95506834984, 9.16592025757, -10.80473423, 38.0703811646, 4.14921617508, -3.61050081253, 7.22747325897, -13.9407510757, 9.97192573547, -12.8646774292, 14.4311933517, 75.983253479]],
        "icov": [[0.016254266724, -0.0192316323519, 0.0219827275723, -0.0220428667963, 0.0236243735999, -0.0224875081331, 0.021126024425, -0.0205309987068, 0.0172043796629, -0.0156236542389, 0.0109473802149, -0.00949440617114, 0.00410861289129], [-0.0192316323519, 0.030950659886, -0.030884610489, 0.0327182561159, -0.0367224253714, 0.0386635996401, -0.039211563766, 0.0370532721281, -0.0325197130442, 0.0276823770255, -0.0220194831491, 0.0155134955421, -0.00705835595727], [0.0219827275723, -0.030884610489, 0.0417027100921, -0.0426787771285, 0.0517083592713, -0.0602745972574, 0.0638135224581, -0.0629473850131, 0.0554806180298, -0.0501791797578, 0.0388604961336, -0.0310404766351, 0.0161611847579], [-0.0220428667963, 0.0327182561159, -0.0426787771285, 0.0575879365206, -0.0676334872842, 0.0777965188026, -0.0819298177958, 0.0838838145137, -0.078989341855, 0.0709151402116, -0.0568000674248, 0.0421642139554, -0.0219247508794], [0.0236243735999, -0.0367224253714, 0.0517083592713, -0.0676334872842, 0.0923460796475, -0.105374731123, 0.115697920322, -0.11846344173, 0.109062463045, -0.100026406348, 0.0827501788735, -0.0623205080628, 0.0317746885121], [-0.0224875081331, 0.0386635996401, -0.0602745972574, 0.0777965188026, -0.105374731123, 0.135386481881, -0.145653441548, 0.148048892617, -0.137846976519, 0.125945836306, -0.103464432061, 0.0805657431483, -0.0436079725623], [0.021126024425, -0.039211563766, 0.0638135224581, -0.0819298177958, 0.115697920322, -0.145653441548, 0.166675701737, -0.166260451078, 0.155386134982, -0.141714259982, 0.116709440947, -0.0895169824362, 0.0491599328816], [-0.0205309987068, 0.0370532721281, -0.0629473850131, 0.0838838145137, -0.11846344173, 0.148048892617, -0.166260451078, 0.179174140096, -0.160497277975, 0.146179810166, -0.121495649219, 0.0937152579427, -0.0517914108932], [0.0172043796629, -0.0325197130442, 0.0554806180298, -0.078989341855, 0.109062463045, -0.137846976519, 0.155386134982, -0.160497277975, 0.157976493239, -0.136943772435, 0.114247322083, -0.0881122499704, 0.0495202988386], [-0.0156236542389, 0.0276823770255, -0.0501791797578, 0.0709151402116, -0.100026406348, 0.125945836306, -0.141714259982, 0.146179810166, -0.136943772435, 0.136735796928, -0.10604415834, 0.0829922109842, -0.0461583584547], [0.0109473802149, -0.0220194831491, 0.0388604961336, -0.0568000674248, 0.0827501788735, -0.103464432061, 0.116709440947, -0.121495649219, 0.114247322083, -0.10604415834, 0.100708991289, -0.0729903504252, 0.0399334318936], [-0.00949440617114, 0.0155134955421, -0.0310404766351, 0.0421642139554, -0.0623205080628, 0.0805657431483, -0.0895169824362, 0.0937152579427, -0.0881122499704, 0.0829922109842, -0.0729903504252, 0.0683850124478, -0.0339679345489], [0.00410861289129, -0.00705835595727, 0.0161611847579, -0.0219247508794, 0.0317746885121, -0.0436079725623, 0.0491599328816, -0.0517914108932, 0.0495202988386, -0.0461583584547, 0.0399334318936, -0.0339679345489, 0.0323110334575]]
    },
    "spectral_contrast_coeffs": {
        "max": [-0.503714561462, -0.486418932676, -0.47687664628, -0.530830860138, -0.49388423562, -0.323417663574],
        "mean": [-0.692393481731, -0.745898544788, -0.727484941483, -0.738010823727, -0.726077318192, -0.585865557194],
        "min": [-0.933181345463, -0.913516283035, -0.887303352356, -0.886383116245, -0.877710819244, -0.894945144653],
        "stdev": [0.057153083384, 0.0707127451897, 0.0723973810673, 0.059362012893, 0.0618525780737, 0.0747164934874]
    },
    "spectral_contrast_valleys": {
        "max": [-5.91361379623, -5.25261497498, -5.28471279144, -6.08231592178, -6.06205558777, -10.6547861099],
        "mean": [-7.32316112518, -6.69359397888, -7.1148686409, -7.30123567581, -7.71347236633, -14.241566658],
        "min": [-9.4378452301, -8.58721446991, -9.0119638443, -9.07224941254, -9.94966220856, -16.9071006775],
        "stdev": [0.537349820137, 0.492157638073, 0.520765304565, 0.414662957191, 0.612270712852, 0.897155761719]
    }
},
"rhythm": {
    "beats_count": 75,
    "beats_loudness": {
        "max": 0.0448463670909,
        "mean": 0.0248998440802,
        "min": 0.00823342707008,
        "stdev": 0.0100986221805
    },
    "bpm": 93.2232971191,
    "bpm_histogram_first_peak_bpm": 92,
    "bpm_histogram_first_peak_weight": 0.486111104488,
    "bpm_histogram_second_peak_bpm": 99,
    "bpm_histogram_second_peak_spread": 0.5,
    "bpm_histogram_second_peak_weight": 0.0135135138407,
    "danceability": 1.07926726341,
    "onset_rate": 3.0966796875,
    "beats_loudness_band_ratio": {
        "max": [0.474204033613, 0.627774953842, 0.717665612698, 0.807579994202, 0.660438716412, 0.222493588924],
        "mean": [0.106171928346, 0.145127221942, 0.241077780724, 0.297560691833, 0.215959399939, 0.0501935184002],
        "min": [0.00745305977762, 0.0113288508728, 0.0273079127073, 0.0325800552964, 0.0241266414523, 0.00683548580855],
        "stdev": [0.0940918326378, 0.116286881268, 0.189138934016, 0.221464499831, 0.15733371675, 0.0374527797103]
    },
    "beats_position": [0.592108845711, 1.18421769142, 1.78793644905, 2.41487526894, 3.05342388153, 3.69197273254, 4.31891155243, 4.95746040344, 5.59600877762, 6.23455762863, 6.87310647964, 7.52326536179, 8.16181373596, 8.8119726181, 9.45052146912, 10.1006803513, 10.7508392334, 11.4009971619, 12.051156044, 12.7013149261, 13.3514738083, 14.0016326904, 14.6517915726, 15.301949501, 15.9288883209, 16.5790481567, 17.2292060852, 17.8793640137, 18.5179138184, 19.1680717468, 19.8066215515, 20.4335594177, 21.0604991913, 21.6990470886, 22.3375968933, 22.9877548218, 23.6379127502, 24.2764625549, 24.9150104523, 25.553560257, 26.1804981232, 26.8190479279, 27.4575958252, 28.0961437225, 28.7346935272, 29.3732414246, 30.0234012604, 30.6735591888, 31.3237190247, 31.962266922, 32.6008148193, 33.239364624, 33.8779144287, 34.5280723572, 35.1666221619, 35.8167800903, 36.455329895, 37.1054878235, 37.755645752, 38.3941955566, 39.0327415466, 39.6829032898, 40.3330612183, 40.9832191467, 41.6333770752, 42.2951469421, 42.9453048706, 43.5954627991, 44.2456245422, 44.8841705322, 45.5343284607, 46.1844902039, 46.8346481323, 47.4848060608, 48.1349639893],
