{
"metadata": {
    "version": {
        "essentia": "2.1-beta5",
        "essentia_git_sha": "Undefined",
        "extractor": "music 2.0"
    },
    "audio_properties": {
        "analysis": {
            "equal_loudness": 0,
            "length": 49.7719726562,
            "sample_rate": 44100,
            "start_time": 142.744674683,
            "downmix": "mix"
        },
        "bit_rate": 192000,
        "length": 192.539871216,
        "lossless": 0,
        "number_channels": 2,
        "replay_gain": 0.760213851929,
        "sample_rate": 44100,
        "codec": "mp3",
        "md5_encoded": "66469cbe6a3e5e7b54f0ebf766c978b2"
    },
    "tags": {
        "file_name": "Belgium_Fleur De Liberté_Jacques Hustin.mp3",
        "encoding": ["Lavf58.29.100"]
    }
},
"lowlevel": {
    "average_loudness": 0.969995260239,
    "barkbands_crest": {
        "max": 21.895690918,
        "mean": 8.69097709656,
        "min": 2.88430666924,
        "stdev": 3.52542877197
    },
    "barkbands_flatness_db": {
        "max": 0.264862656593,
        "mean": 0.175827503204,
        "min": 0.0802952125669,
        "stdev": 0.0280930195004
    },
    "barkbands_kurtosis": {
        "max": 21.9961624146,
        "mean": 1.62745130062,
        "min": -1.6357833147,
        "stdev": 2.93857955933
    },
    "barkbands_skewness": {
        "max": 3.94350123405,
        "mean": 0.832934856415,
        "min": -1.3253891468,
        "stdev": 0.896351277828
    },
    "barkbands_spread": {
        "max": 33.5405158997,
        "mean": 11.6009273529,
        "min": 2.94830083847,
        "stdev": 4.56589031219
    },
    "dissonance": {
        "max": 0.5,
        "mean": 0.456634312868,
        "min": 0.315502852201,
        "stdev": 0.0307602379471
    },
    "dynamic_complexity": 2.19414448738,
    "erbbands_crest": {
        "max": 26.5762004852,
        "mean": 9.31859493256,
        "min": 3.42463803291,
        "stdev": 3.71495652199
    },
    "erbbands_flatness_db": {
        "max": 0.329308897257,
        "mean": 0.243080854416,
        "min": 0.1390671134,
        "stdev": 0.0367127098143
    },
    "erbbands_kurtosis": {
        "max": 7.28993701935,
        "mean": 0.281964719296,
        "min": -1.81206071377,
        "stdev": 1.13154172897
    },
    "erbbands_skewness": {
        "max": 2.48607540131,
        "mean": 0.248756214976,
        "min": -1.56946444511,
        "stdev": 0.619822978973
    },
    "erbbands_spread": {
        "max": 63.1987075806,
        "mean": 20.4198970795,
        "min": 5.97536754608,
        "stdev": 9.18828678131
    },
    "hfc": {
        "max": 99.2725830078,
        "mean": 22.4726905823,
        "min": 0.232320889831,
        "stdev": 14.4664611816
    },
    "loudness_ebu128": {
        "integrated": -24.3382434845,
        "loudness_range": 1.74230957031,
        "momentary": {
            "max": -21.5605506897,
            "mean": -24.835395813,
            "min": -38.2845611572,
            "stdev": 2.32332277298
        },
        "short_term": {
            "max": -23.2209835052,
            "mean": -24.4491443634,
            "min": -26.7259559631,
            "stdev": 0.680437803268
        }
    },
    "melbands_crest": {
        "max": 28.6875286102,
        "mean": 10.6189107895,
        "min": 3.32754302025,
        "stdev": 4.34750556946
    },
    "melbands_flatness_db": {
        "max": 0.340500295162,
        "mean": 0.230319306254,
        "min": 0.110962614417,
        "stdev": 0.0390617735684
    },
    "melbands_kurtosis": {
        "max": 34.837020874,
        "mean": 3.33647847176,
        "min": -1.44808900356,
        "stdev": 4.67580604553
    },
    "melbands_skewness": {
        "max": 5.40225839615,
        "mean": 1.20573675632,
        "min": -0.757334828377,
        "stdev": 1.00431251526
    },
    "melbands_spread": {
        "max": 50.8618011475,
        "mean": 18.3749275208,
        "min": 3.64445853233,
        "stdev": 7.54278469086
    },
    "pitch_salience": {
        "max": 0.887596487999,
        "mean": 0.629561126232,
        "min": 0.276094555855,
        "stdev": 0.107196822762
    },
    "silence_rate_20dB": {
        "max": 1,
        "mean": 1,
        "min": 1,
        "stdev": 0
    },
    "silence_rate_30dB": {
        "max": 1,
        "mean": 1,
        "min": 1,
        "stdev": 0
    },
    "silence_rate_60dB": {
        "max": 1,
        "mean": 0.0144522143528,
        "min": 0,
        "stdev": 0.119346000254
    },
    "spectral_centroid": {
        "max": 2973.17919922,
        "mean": 1096.36755371,
        "min": 314.118621826,
        "stdev": 439.388946533
    },
    "spectral_complexity": {
        "max": 45,
        "mean": 21.6615390778,
        "min": 0,
        "stdev": 7.23556804657
    },
    "spectral_decrease": {
        "max": -3.6696101019e-11,
        "mean": -6.62152777053e-09,
        "min": -2.24050751285e-08,
        "stdev": 3.71826058831e-09
    },
    "spectral_energy": {
        "max": 0.0879143476486,
        "mean": 0.0270295217633,
        "min": 0.000159571020049,
        "stdev": 0.0150458319113
    },
    "spectral_energyband_high": {
        "max": 0.000982634723186,
        "mean": 7.20415264368e-05,
        "min": 1.47206458223e-06,
        "stdev": 9.02226674953e-05
    },
    "spectral_energyband_low": {
        "max": 0.00908334925771,
        "mean": 0.00103120645508,
        "min": 1.74034073552e-06,
        "stdev": 0.00119058752898
    },
    "spectral_energyband_middle_high": {
        "max": 0.052993811667,
        "mean": 0.0106931794435,
        "min": 0.000121656121337,
        "stdev": 0.00899586547166
    },
    "spectral_energyband_middle_low": {
        "max": 0.0797433033586,
        "mean": 0.0158384796232,
        "min": 3.69398840121e-05,
        "stdev": 0.0121795665473
    },
    "spectral_entropy": {
        "max": 7.99432277679,
        "mean": 7.20134496689,
        "min": 6.39806938171,
        "stdev": 0.254620760679
    },
    "spectral_flux": {
        "max": 0.224247038364,
        "mean": 0.0927035659552,
        "min": 0.0158389993012,
        "stdev": 0.0325687974691
    },
    "spectral_kurtosis": {
        "max": 30.0390129089,
        "mean": 9.97216510773,
        "min": 0.0126368999481,
        "stdev": 4.74396181107
    },
    "spectral_rms": {
        "max": 0.00926121417433,
        "mean": 0.0049097603187,
        "min": 0.000394561851863,
        "stdev": 0.00150482391473
    },
    "spectral_rolloff": {
        "max": 3660.64453125,
        "mean": 1323.54370117,
        "min": 258.3984375,
        "stdev": 579.856933594
    },
    "spectral_skewness": {
        "max": 3.72283148766,
        "mean": 1.92751157284,
        "min": 0.419773906469,
        "stdev": 0.494227945805
    },
    "spectral_spread": {
        "max": 7128952,
        "mean": 2210364,
        "min": 1408091.5,
        "stdev": 430460.03125
    },
    "spectral_strongpeak": {
        "max": 8.76338768005,
        "mean": 1.51394379139,
        "min": 0.0364191904664,
        "stdev": 1.19027543068
    },
    "zerocrossingrate": {
        "max": 0.1162109375,
        "mean": 0.0471481643617,
        "min": 0.013671875,
        "stdev": 0.0160984937102
    },
    "barkbands": {
        "max": [3.6139790609e-05, 0.00382210547104, 0.00579631794244, 0.0139307733625, 0.0710654556751, 0.0305890999734, 0.0402917601168, 0.0448201745749, 0.0400949455798, 0.0465095192194, 0.0402017310262, 0.0241326652467, 0.0277460552752, 0.0151859289035, 0.014999856241, 0.0108890365809, 0.00430733151734, 0.00481190299615, 0.0132285980508, 0.00117657112423, 0.000666398613248, 0.000181127456017, 6.27827321296e-05, 1.65127166838e-05, 1.54066219693e-06, 7.20997604731e-07, 7.15210944691e-06],
        "mean": [1.62471098974e-06, 0.000152413558681, 0.000483767536934, 0.000979091273621, 0.00435972260311, 0.00251516816206, 0.00335882161744, 0.00206906767562, 0.00216607470065, 0.00158353301231, 0.00234980322421, 0.00121036765631, 0.00135627470445, 0.00155691057444, 0.00124292762484, 0.000531833968125, 0.000351408409188, 0.000389562454075, 0.000246590701863, 7.99746558187e-05, 2.88094361167e-05, 9.50044523051e-06, 2.70843224826e-06, 9.72775865193e-07, 6.48713580631e-07, 2.36449508861e-07, 1.73256353264e-06],
        "min": [1.68608271789e-09, 5.26571454884e-07, 3.37111885074e-07, 4.00720011839e-07, 2.10304824577e-06, 2.07333914659e-06, 7.0225030413e-07, 8.1486172121e-07, 1.4974944861e-05, 8.84359633346e-06, 1.38461418828e-05, 3.18877982863e-06, 5.86383202972e-06, 1.63987642736e-05, 3.8586044866e-06, 4.60948740511e-06, 3.80341816708e-06, 3.85489875043e-06, 2.07440120903e-06, 4.16762958366e-07, 6.20394416728e-07, 1.56578011001e-07, 3.29308917912e-08, 3.36649677024e-08, 2.75418035045e-08, 1.08973505775e-08, 1.4255013836e-10],
        "stdev": [1.7285691456e-06, 0.000258853659034, 0.000601595558692, 0.00127922114916, 0.00629098247737, 0.00333846197464, 0.00538049219176, 0.00380313699134, 0.00361472624354, 0.00292151793838, 0.00378321995959, 0.0016102535883, 0.00206163316034, 0.00197980622761, 0.00153183203656, 0.000881966378074, 0.000541094806977, 0.000492668710649, 0.000722076103557, 9.30770402192e-05, 4.37657690782e-05, 1.38370296554e-05, 4.22977018388e-06, 9.22037713735e-07, 1.3082448902e-07, 7.88101885973e-08, 1.45470119151e-06]
    },
    "erbbands": {
        "max": [0.01827150397, 1.22620046139, 6.95804262161, 21.1145477295, 94.4832839966, 366.394226074, 350.277923584, 276.578094482, 713.212280273, 1075.9050293, 748.35925293, 1193.82873535, 1627.03747559, 1363.82446289, 759.062927246, 662.412841797, 1279.46203613, 1202.07885742, 693.004333496, 735.995239258, 617.15447998, 212.234481812, 261.329803467, 726.294006348, 451.585968018, 52.1559143066, 35.8210945129, 12.8380231857, 7.42315292358, 4.05352973938, 1.33968532085, 0.593003451824, 0.157835543156, 0.0262915305793, 0.0106665911153, 0.0042353477329, 0.00214518210851, 0.0112456921488, 0.000290268741082, 9.88648753264e-05],
        "mean": [0.00104957004078, 0.0528977774084, 0.499126434326, 1.99380302429, 7.54293489456, 16.5747070312, 20.3229103088, 20.1772994995, 34.7474365234, 60.779712677, 48.6640090942, 45.3486175537, 45.4326705933, 83.4884414673, 64.7270050049, 49.5282592773, 56.1968803406, 85.7914581299, 67.2400894165, 49.7748947144, 29.4935703278, 20.6222782135, 20.9494400024, 17.1778678894, 9.08940410614, 3.66394805908, 1.64739727974, 0.81878644228, 0.397067397833, 0.164346590638, 0.0654714256525, 0.0278540570289, 0.0132657745853, 0.00775782251731, 0.00436368351802, 0.00188849435654, 0.00067208672408, 0.00273271277547, 8.25355236884e-05, 3.31266674038e-05],
        "min": [1.30729886223e-05, 7.09443193045e-05, 0.000285495509161, 0.00214065657929, 0.00608161464334, 0.00644581904635, 0.0103661222383, 0.0177448559552, 0.00834743957967, 0.042572055012, 0.172189220786, 0.413527667522, 0.41461417079, 0.219067662954, 0.530399143696, 0.152245819569, 0.356652528048, 0.681983590126, 0.427379995584, 0.277272969484, 0.36596339941, 0.298547834158, 0.227836385369, 0.157890632749, 0.0892238691449, 0.0245700404048, 0.0363433249295, 0.0123658729717, 0.00541578745469, 0.00172379845753, 0.00112622987945, 0.00103464256972, 0.000380001292797, 0.000270998338237, 0.000202140465262, 6.03957887506e-05, 2.69375887001e-05, 2.73219961855e-06, 5.88155046444e-07, 2.65447084757e-07],
        "stdev": [0.00129100389313, 0.0854690149426, 0.659479439259, 2.37302303314, 9.82768630981, 28.2423877716, 35.1422195435, 26.92710495, 60.0381164551, 110.959625244, 71.1270294189, 88.6796340942, 82.7741012573, 116.041786194, 91.0576629639, 61.7231712341, 78.6378326416, 108.715499878, 84.594581604, 62.3725395203, 45.616607666, 28.2563648224, 26.0990409851, 37.4630355835, 24.1730594635, 4.38810062408, 2.35346412659, 1.18613255024, 0.575913786888, 0.26043510437, 0.0981333106756, 0.0356322303414, 0.00793070904911, 0.00186691095587, 0.000943173887208, 0.000541168556083, 0.000375152943889, 0.00228817714378, 5.72943499719e-05, 1.76386711246e-05]
    },
    "gfcc": {
        "mean": [-31.3403072357, 133.291275024, -167.646102905, -10.5605602264, -46.7087974548, -21.353225708, -34.8875579834, -10.5569820404, -27.3211994171, -6.70010662079, -17.2040863037, -8.62309932709, -14.2787361145],
        "cov": [[835.877624512, 199.768615723, -216.24029541, -93.275100708, 61.0831565857, -175.831680298, 83.9359893799, -93.1405487061, -15.8259677887, -69.8040084839, 13.7066373825, -31.7563877106, -37.7367095947], [199.768615723, 606.752563477, 448.933776855, 73.4964904785, -35.1461677551, -73.7024383545, -70.6153945923, -2.66757297516, -59.4980926514, -71.2568740845, 16.6185092926, -105.77130127, -32.3362083435], [-216.24029541, 448.933776855, 1060.30212402, 190.507827759, -23.3618202209, -87.255569458, -96.4217224121, -4.96434020996, -34.5701370239, -29.7726726532, -59.6016960144, -26.7089519501, -105.021903992], [-93.275100708, 73.4964904785, 190.507827759, 290.277862549, -47.0684623718, 16.1574497223, -57.8407936096, -6.9998960495, 2.5064368248, -15.5145759583, -19.2864379883, -7.43458414078, 28.8909053802], [61.0831565857, -35.1461677551, -23.3618202209, -47.0684623718, 159.349716187, 18.2938690186, 24.2640304565, 2.87875366211, -7.45302629471, -0.145680114627, -9.23244571686, 24.1754417419, -8.44412326813], [-175.831680298, -73.7024383545, -87.255569458, 16.1574497223, 18.2938690186, 184.740783691, 48.9813156128, 30.3930473328, 1.71865129471, 31.3154087067, -0.16787879169, -8.75009441376, 38.5133781433], [83.9359893799, -70.6153945923, -96.4217224121, -57.8407936096, 24.2640304565, 48.9813156128, 122.458938599, 30.3667163849, 5.96950483322, 15.5960998535, -1.12679803371, -0.266259491444, -14.3793201447], [-93.1405487061, -2.66757297516, -4.96434020996, -6.9998960495, 2.87875366211, 30.3930473328, 30.3667163849, 99.071975708, 36.2038803101, 18.5027599335, 5.91610145569, -7.44768714905, -1.73166048527], [-15.8259677887, -59.4980926514, -34.5701370239, 2.5064368248, -7.45302629471, 1.71865129471, 5.96950483322, 36.2038803101, 73.862991333, 36.2375793457, -4.12865209579, 7.78392028809, 0.0972167029977], [-69.8040084839, -71.2568740845, -29.7726726532, -15.5145759583, -0.145680114627, 31.3154087067, 15.5960998535, 18.5027599335, 36.2375793457, 67.4797668457, 20.0410118103, 5.25685214996, -2.28129720688], [13.7066373825, 16.6185092926, -59.6016960144, -19.2864379883, -9.23244571686, -0.16787879169, -1.12679803371, 5.91610145569, -4.12865209579, 20.0410118103, 55.1686058044, 5.61305904388, 3.10845041275], [-31.7563877106, -105.77130127, -26.7089519501, -7.43458414078, 24.1754417419, -8.75009441376, -0.266259491444, -7.44768714905, 7.78392028809, 5.25685214996, 5.61305904388, 72.4404449463, 22.0307483673], [-37.7367095947, -32.3362083435, -105.021903992, 28.8909053802, -8.44412326813, 38.5133781433, -14.3793201447, -1.73166048527, 0.0972167029977, -2.28129720688, 3.10845041275, 22.0307483673, 75.5804443359]],
        "icov": [[0.00989479478449, -0.00894170813262, 0.00573461130261, -0.00212400173768, -0.00443056365475, 0.00955860316753, -0.0142346741632, 0.0133766755462, -0.00942932069302, 0.00294153136201, 0.00162115984131, -0.00312621984631, 0.00307319755666], [-0.00894170813262, 0.0164295658469, -0.00993585307151, 0.00320788868703, 0.00186009251047, -0.0065140184015, 0.0116683579981, -0.0111612994224, 0.0050834887661, 0.00755321606994, -0.0141366077587, 0.0176675561816, -0.0113234613091], [0.00573461130261, -0.00993585307151, 0.00777845317498, -0.00310122221708, -0.00111073988955, 0.0045314822346, -0.00611144350842, 0.0060035996139, -0.00132683257107, -0.00534449284896, 0.0103742349893, -0.0111921960488, 0.00982396677136], [-0.00212400173768, 0.00320788868703, -0.00310122221708, 0.00569867156446, 0.00156488991342, -0.00286375358701, 0.00404195254669, -0.00209820712917, -0.000322697858792, 0.0025167777203, -0.0022743602749, 0.00358115485869, -0.00469455728307], [-0.00443056365475, 0.00186009251047, -0.00111073988955, 0.00156488991342, 0.0102006522939, -0.00610044738278, 0.00674344552681, -0.00703837070614, 0.0070215947926, -0.00417756149545, 0.00495270406827, -0.00614288495854, 0.00326376850717], [0.00955860316753, -0.0065140184015, 0.0045314822346, -0.00286375358701, -0.00610044738278, 0.0193277094513, -0.017490407452, 0.0108882533386, -0.00567104434595, -0.00129041774198, 0.000961661571637, 0.00375116919167, -0.00539615331218], [-0.0142346741632, 0.0116683579981, -0.00611144350842, 0.00404195254669, 0.00674344552681, -0.017490407452, 0.0336210057139, -0.0231159254909, 0.0167259741575, -0.00716518331319, 0.00276360707358, -7.71700797486e-05, 0.00305161811411], [0.0133766755462, -0.0111612994224, 0.0060035996139, -0.00209820712917, -0.00703837070614, 0.0108882533386, -0.0231159254909, 0.0337602421641, -0.0238571632653, 0.00949216168374, -0.00480505684391, 0.000411298737163, 0.00148383260239], [-0.00942932069302, 0.0050834887661, -0.00132683257107, -0.000322697858792, 0.0070215947926, -0.00567104434595, 0.0167259741575, -0.0238571632653, 0.0404002219439, -0.0255853123963, 0.0162236150354, -0.00720514776185, 0.00266514578834], [0.00294153136201, 0.00755321606994, -0.00534449284896, 0.0025167777203, -0.00417756149545, -0.00129041774198, -0.00716518331319, 0.00949216168374, -0.0255853123963, 0.044574983418, -0.0291813239455, 0.0166754350066, -0.00692524434999], [0.00162115984131, -0.0141366077587, 0.0103742349893, -0.0022743602749, 0.00495270406827, 0.000961661571637, 0.00276360707358, -0.00480505684391, 0.0162236150354, -0.0291813239455, 0.0474268049002, -0.0263271741569, 0.0153468362987], [-0.00312621984631, 0.0176675561816, -0.0111921960488, 0.00358115485869, -0.00614288495854, 0.00375116919167, -7.71700797486e-05, 0.000411298737163, -0.00720514776185, 0.0166754350066, -0.0263271741569, 0.0463587678969, -0.025443598628], [0.00307319755666, -0.0113234613091, 0.00982396677136, -0.00469455728307, 0.00326376850717, -0.00539615331218, 0.00305161811411, 0.00148383260239, 0.00266514578834, -0.00692524434999, 0.0153468362987, -0.025443598628, 0.0356678068638]]
    },
    "melbands": {
        "max": [0.000547361036297, 0.00277539109811, 0.00458787288517, 0.0141624836251, 0.0120573798195, 0.00548950210214, 0.00974624790251, 0.0106734950095, 0.00527737289667, 0.00765300355852, 0.00823881849647, 0.00507349381223, 0.00430070841685, 0.00345940305851, 0.00214529735968, 0.00306570040993, 0.00193127943203, 0.00132315244991, 0.00148684368469, 0.000696398317814, 0.000626144174021, 0.000249207863817, 0.000251200079219, 0.00024720755755, 0.000677127798554, 0.000637370510958, 0.000113157781016, 3.38297213602e-05, 2.63760648522e-05, 1.29253121486e-05, 6.32135470369e-06, 5.09720666741e-06, 3.12803808811e-06, 2.09459449252e-06, 9.64009018389e-07, 5.47276613361e-07, 3.94995197439e-07, 1.40834458762e-07, 3.64693875099e-08, 1.58215041068e-08],
        "mean": [2.32576203416e-05, 0.000201955248485, 0.000495917687658, 0.000872049131431, 0.000740219431464, 0.000473111926112, 0.00057389237918, 0.000624443346169, 0.000398069154471, 0.000278958439594, 0.00022274965886, 0.000328378606355, 0.000278352730675, 0.000128543382743, 0.000122224213555, 0.000147607730469, 0.000157417860464, 0.000106553881778, 9.57309093792e-05, 4.09708445659e-05, 3.27973684762e-05, 2.18899640458e-05, 1.68471451616e-05, 1.95449629246e-05, 1.35116551974e-05, 8.34931779536e-06, 4.25909638579e-06, 1.93036862584e-06, 1.1089440477e-06, 6.88442355568e-07, 3.84305536727e-07, 2.43260700472e-07, 1.32094385208e-07, 7.41838945828e-08, 3.95450108215e-08, 2.35118999825e-08, 1.4180935537e-08, 9.43983291535e-09, 7.48765494052e-09, 6.14349104922e-09],
        "min": [1.16402475214e-07, 1.54356285975e-07, 5.54887492399e-07, 4.48704412292e-07, 2.35969466189e-07, 3.85961101301e-07, 1.27112855353e-07, 5.84657300351e-07, 1.40527470194e-06, 2.49966706178e-06, 1.45991054978e-06, 7.66799985286e-07, 2.11334872802e-06, 3.98682402647e-07, 4.92740639402e-07, 4.70312414791e-07, 1.33007881686e-06, 5.64286438021e-07, 3.52153023186e-07, 4.3298558694e-07, 2.36787684571e-07, 2.60848651124e-07, 1.87919994232e-07, 1.62209744303e-07, 7.9273178244e-08, 6.21694837832e-08, 2.77898895007e-08, 1.02316279893e-08, 2.23101075392e-08, 1.08834221635e-08, 5.42644018608e-09, 3.59570173636e-09, 1.80086001667e-09, 5.03706798494e-10, 6.2821275959e-10, 6.12972284042e-10, 6.59194032693e-10, 2.62370486448e-10, 2.11906020509e-10, 2.34871289084e-10],
        "stdev": [3.76077987312e-05, 0.000256560364505, 0.000559211650398, 0.00124084134586, 0.00122956139967, 0.000611396331806, 0.000908093410544, 0.00111129158176, 0.000579014362302, 0.000563665642403, 0.000426978251198, 0.000460575189209, 0.00043430403457, 0.000195087559405, 0.000171808758751, 0.000220433619688, 0.000205727570574, 0.000151106636622, 0.000120689008327, 6.70637527946e-05, 5.46896881133e-05, 3.19024875353e-05, 2.47059833782e-05, 2.51365090662e-05, 3.36397606588e-05, 2.92597906082e-05, 6.16437910139e-06, 2.52650102084e-06, 1.61942125487e-06, 1.07338610178e-06, 5.78361834869e-07, 3.56064475682e-07, 2.05666367492e-07, 1.25352471514e-07, 6.20725870704e-08, 3.30152403194e-08, 1.81450587888e-08, 6.53925047445e-09, 2.40047914879e-09, 1.61374869023e-09]
    },
    "melbands128": {
        "max": [2.14748179133e-05, 4.1153136408e-05, 0.000294701487292, 0.00265581347048, 0.00442709680647, 0.00241337297484, 0.00429090717807, 0.00832874141634, 0.0108292326331, 0.0158630181104, 0.0261862426996, 0.0230173282325, 0.017240729183, 0.0126507515088, 0.0104710562155, 0.0111054014415, 0.0133304325864, 0.0150320027024, 0.0160138141364, 0.0208100602031, 0.0151386642829, 0.0116177247837, 0.00736581394449, 0.0148901017383, 0.0117514757439, 0.0139533756301, 0.00692424830049, 0.0160053893924, 0.00790530350059, 0.00747296633199, 0.0107875829563, 0.0139327514917, 0.00601970776916, 0.00308420066722, 0.00605905428529, 0.00386658450589, 0.00210832199082, 0.00379728316329, 0.00611139601097, 0.00322726042941, 0.00543573731557, 0.00776243396103, 0.00317719881423, 0.00270159589127, 0.00337078864686, 0.00228062435053, 0.00135458947625, 0.00347071699798, 0.00139319233131, 0.00194287730847, 0.00108496600296, 0.00157377857249, 0.000967172440141, 0.000792870763689, 0.000559724867344, 0.000466396741103, 0.00038156908704, 0.00053508405108, 0.000398219592171, 0.000585675239563, 0.000349348119926, 0.000477930530906, 0.000554004276637, 0.00117418076843, 0.00124146812595, 0.00102825940121, 0.000475745211588, 0.000204166659387, 7.39241295378e-05, 5.51682169316e-05, 4.48942773801e-05, 3.66518179362e-05, 2.09352019738e-05, 4.2513875087e-05, 2.89276267722e-05, 1.92558891285e-05, 1.46130869325e-05, 9.54266943154e-06, 7.79513447924e-06, 7.33569731892e-06, 6.00025623498e-06, 5.62766899748e-06, 6.5743115556e-06, 3.8076857436e-06, 2.88509545499e-06, 3.07549839818e-06, 1.61141110766e-06, 2.01315788217e-06, 9.70381506704e-07, 6.97297309671e-07, 8.52062612466e-07, 4.05523309155e-07, 5.19792820342e-07, 7.16952911262e-07, 3.81360962365e-07, 1.98092422465e-07, 1.01806463704e-07, 5.97267231228e-08, 4.63143834395e-08, 2.53021976704e-08, 2.78694489708e-08, 1.97499847587e-08, 1.44607241737e-08, 1.72491674277e-08, 2.14333226722e-08, 1.3532457821e-08, 1.21535981279e-08, 1.17719540782e-08, 1.03481996305e-08, 8.84224427011e-09, 7.5344592787e-09, 5.91816151641e-09, 3.83483289568e-09, 3.66228602999e-09, 3.58873086803e-09, 1.13769424104e-07, 2.35978035334e-07, 3.27914873033e-09, 3.23483884124e-09, 3.12654679924e-09, 3.01618174881e-09, 2.96532975952e-09, 2.95918600735e-09, 2.9097584342e-09, 2.8486466519e-09, 2.77625855638e-09, 2.77439227148e-09, 2.78433720524e-09],
        "mean": [1.15709781312e-06, 2.63095171249e-06, 9.99168423732e-06, 0.000102477308246, 0.000228325967328, 0.000231394544244, 0.00034713500645, 0.000544855720364, 0.000764719443396, 0.000883560394868, 0.000983806094155, 0.000849784410093, 0.000723684846889, 0.000553720921744, 0.000376978161512, 0.000476370041724, 0.000556252838578, 0.000468525395263, 0.00074472167762, 0.000820881687105, 0.000456157024018, 0.000396986957639, 0.000384628627216, 0.000445081212092, 0.000259547057794, 0.000242420821451, 0.000227208802244, 0.000204759693588, 0.000246751034865, 0.000217221633648, 0.000374917668523, 0.000520166766364, 0.000276624312392, 0.000105725892354, 0.000136904243845, 0.000132199071231, 0.000120704477013, 0.000148802748299, 9.84534490271e-05, 9.34678027988e-05, 0.000161740303156, 0.000227345110034, 0.000156951427925, 0.000126434140839, 0.000121160890558, 9.89536638372e-05, 9.13506155484e-05, 0.000124864280224, 8.33588201203e-05, 4.96530046803e-05, 3.33170319209e-05, 3.34829055646e-05, 3.92469773942e-05, 3.02575444948e-05, 2.39250639424e-05, 2.30214445764e-05, 1.8499476937e-05, 1.43651559483e-05, 1.66495337908e-05, 2.03453237191e-05, 2.22069811571e-05, 1.67741563928e-05, 1.43847673826e-05, 1.2571366824e-05, 1.24958833112e-05, 8.27519215818e-06, 5.97785356149e-06, 5.20358344147e-06, 3.88216403735e-06, 2.90845082418e-06, 1.95888264898e-06, 1.45265948959e-06, 1.23569486732e-06, 1.13881935704e-06, 8.15168618828e-07, 7.328474112e-07, 6.40552912046e-07, 4.85909879444e-07, 3.50206590838e-07, 2.72016166036e-07, 2.71164992682e-07, 2.32300152447e-07, 1.71405645233e-07, 1.22233799971e-07, 1.00400733061e-07, 8.15742708937e-08, 6.83677185975e-08, 5.151812843e-08, 3.75749280579e-08, 3.09805443521e-08, 2.73865801148e-08, 2.12744968309e-08, 1.74399286124e-08, 1.4061239284e-08, 1.25615287061e-08, 1.01759765059e-08, 8.80420092386e-09, 8.16253198366e-09, 7.63390328729e-09, 7.09362257822e-09, 6.60650822937e-09, 6.00237903825e-09, 5.53645973511e-09, 5.34805044694e-09, 4.88781415342e-09, 4.60162929983e-09, 4.32686464436e-09, 3.78785980359e-09, 3.26513727167e-09, 2.67602295878e-09, 2.3035500174e-09, 1.28597432703e-09, 4.05329485254e-11, 7.0588652111e-12, 7.02559711796e-12, 2.552920364e-08, 5.90887268004e-08, 1.93812431382e-11, 6.19576525501e-12, 6.07375521405e-12, 5.94441032856e-12, 5.86013746209e-12, 5.77096443549e-12, 5.64954853732e-12, 5.5988000694e-12, 5.55936069749e-12, 5.53277389181e-12, 5.49994251531e-12],
        "min": [8.39759040083e-10, 3.5283591604e-09, 2.70234075117e-08, 5.19278238187e-08, 7.14909020871e-08, 1.6052577223e-07, 1.22947781733e-07, 1.19633114082e-07, 3.71064572846e-07, 4.31176715665e-07, 2.51612846114e-07, 2.17125688096e-07, 1.29122369685e-07, 1.93529814396e-07, 1.23147955833e-07, 7.55196438718e-08, 1.18185404574e-07, 6.60884467152e-08, 1.47999855926e-07, 3.87410949543e-07, 2.06922365464e-07, 2.23483695549e-07, 5.89827493513e-07, 8.68403219556e-07, 1.26687086777e-06, 2.76189808801e-07, 4.35312699665e-07, 9.54943288889e-07, 3.15138578344e-07, 1.77045336613e-07, 3.90201790879e-07, 6.92697199156e-07, 9.48731326389e-07, 7.97322030621e-08, 2.49655585094e-07, 9.77025251814e-08, 3.59331608024e-07, 1.32144180043e-07, 4.16041984863e-07, 1.84993069752e-07, 7.20412032251e-08, 4.01470316547e-07, 3.16207774631e-07, 4.18786839873e-07, 1.32471555503e-07, 2.47825681754e-07, 1.25885108559e-07, 1.38424454121e-07, 2.13351867728e-07, 1.9192641787e-07, 3.44421948739e-08, 1.30638227347e-07, 1.02959099024e-07, 9.53471328557e-08, 9.64307034224e-08, 8.31310771332e-08, 1.24029071458e-07, 3.08835161889e-08, 4.24389092757e-08, 9.15850577599e-08, 8.64766889208e-08, 8.77800019339e-08, 3.69952246615e-08, 3.87464318408e-08, 4.80043169659e-08, 3.83855294217e-08, 2.95770306025e-08, 3.61487124678e-08, 1.26638592945e-08, 1.24485239894e-08, 1.03231556636e-08, 1.83943005272e-09, 4.28932045438e-09, 1.46792444866e-08, 7.38541405809e-09, 5.57549695301e-09, 4.32294244845e-09, 5.08406250432e-09, 4.67465444132e-09, 7.92853960263e-09, 3.80203646344e-09, 2.20118345773e-09, 1.39741695993e-09, 2.59153187798e-09, 1.2094977242e-09, 5.15220976993e-10, 2.29634450344e-10, 4.71308658767e-10, 6.77454536913e-10, 7.5108425035e-10, 6.36534103204e-10, 5.34330690805e-10, 5.74002234632e-10, 9.91431492459e-10, 3.79871578637e-10, 3.9473424529e-10, 2.08148748237e-10, 1.13594675333e-10, 2.59740312591e-10, 2.69696931454e-10, 1.28483959583e-10, 1.82225803891e-10, 3.56972312821e-10, 5.43904976613e-10, 1.51178611296e-10, 6.83649664657e-11, 1.41969283551e-10, 5.86683687742e-11, 4.53478886386e-11, 3.22373100436e-11, 6.35957042236e-12, 1.30598353312e-12, 6.23086922769e-13, 4.33974498048e-13, 4.59189381397e-13, 4.06354393493e-13, 5.56517072009e-13, 4.10332981786e-13, 3.27210589353e-13, 4.02716380209e-13, 3.66712004729e-13, 4.54205900322e-13, 3.79589263667e-13, 3.22002705532e-13, 4.40150818353e-13, 3.6641512307e-13, 3.75422268143e-13, 3.65767285166e-13],
        "stdev": [1.21225673411e-06, 2.7787025374e-06, 1.67836933542e-05, 0.000178812420927, 0.000364600273315, 0.000270895281574, 0.000490595470183, 0.00074679433601, 0.00113751448225, 0.00152743794024, 0.00197146297432, 0.0020108090248, 0.00151640141848, 0.00111893564463, 0.000713974470273, 0.000858152285218, 0.00131432584021, 0.00109384022653, 0.00158777029719, 0.00191157904919, 0.0011393383611, 0.00106779113412, 0.00068259332329, 0.000931598420721, 0.00080304639414, 0.000748163671233, 0.000501797650941, 0.000647571112495, 0.000643651001155, 0.000459796225186, 0.000685556093231, 0.00103224487975, 0.000577140599489, 0.000205768214073, 0.000294819124974, 0.000259177904809, 0.000201357906917, 0.000240089502768, 0.000251239893259, 0.000199389221962, 0.000328713824274, 0.000422620069003, 0.000284941372229, 0.00022805784829, 0.000249943172093, 0.00020004491671, 0.000158400143846, 0.00020162727742, 0.00012788575259, 9.66614752542e-05, 7.73520441726e-05, 7.40383256925e-05, 7.14443740435e-05, 7.07860090188e-05, 5.08352022734e-05, 3.70588204532e-05, 3.18422135024e-05, 3.16621444654e-05, 3.10345203616e-05, 3.58983343176e-05, 3.42226157954e-05, 3.07964328385e-05, 3.1592509913e-05, 4.6386190661e-05, 5.05578573211e-05, 4.03464400733e-05, 2.2614514819e-05, 8.93336618901e-06, 5.67650977246e-06, 4.47489355793e-06, 3.07383493237e-06, 2.33149626183e-06, 1.81144741873e-06, 1.94331073544e-06, 1.6211156435e-06, 1.25434314668e-06, 1.05905166947e-06, 7.45640477362e-07, 6.3368560177e-07, 4.52900309256e-07, 4.0386507294e-07, 3.93605688487e-07, 2.96621863072e-07, 2.04810561399e-07, 1.73737731757e-07, 1.5979370005e-07, 1.18567697882e-07, 8.73784884448e-08, 6.74193074701e-08, 4.73534917944e-08, 4.46863985815e-08, 2.79896141819e-08, 2.7291177318e-08, 2.33348558254e-08, 1.41411256038e-08, 9.88036674698e-09, 5.95897109434e-09, 4.08870581836e-09, 3.47748829732e-09, 2.78641310025e-09, 2.57641308288e-09, 2.28729679641e-09, 1.99789229605e-09, 1.99475524987e-09, 1.7805249497e-09, 1.75345671316e-09, 1.7427820298e-09, 1.69576541698e-09, 1.58664503758e-09, 1.40403366711e-09, 1.29386401593e-09, 9.33702004602e-10, 9.70268448919e-11, 7.91990015236e-11, 7.76041383932e-11, 2.18481197578e-08, 4.93255782885e-08, 7.87807596936e-11, 6.9937992897e-11, 6.75970043829e-11, 6.52124743095e-11, 6.41108555133e-11, 6.39739441977e-11, 6.29048410583e-11, 6.15847442487e-11, 6.00228061698e-11, 5.99801389112e-11, 6.01927951926e-11]
    },
    "mfcc": {
        "mean": [-666.860046387, 178.765518188, -62.3803482056, 11.5614709854, -13.2896699905, -7.86337327957, -8.25496864319, -9.56914234161, -11.5357303619, -4.88996744156, -4.12970781326, -10.4346885681, -8.10953903198],
        "cov": [[1018.81542969, 46.7006149292, -516.726989746, -5.5803399086, -158.092025757, -11.8755807877, -13.6489715576, -0.139239177108, -62.8498573303, -14.5879220963, 12.6397762299, -64.6705856323, -36.1317977905], [46.7006149292, 583.55657959, 369.289215088, 77.4236984253, 84.0205917358, -98.1667785645, 47.9100227356, -22.722864151, -70.3403701782, 6.06622314453, 18.2902946472, -47.7067604065, -42.9101104736], [-516.726989746, 369.289215088, 940.206054688, 286.089263916, 130.316329956, -26.0633792877, -23.479227066, -24.2166900635, -21.4103145599, 4.2546081543, -26.0697307587, 17.0295562744, -33.9216423035], [-5.5803399086, 77.4236984253, 286.089263916, 249.919830322, 69.4412918091, -22.797996521, -44.3397064209, -3.30940079689, -14.4907741547, -31.1106948853, -19.112985611, -0.882580459118, -19.8644809723], [-158.092025757, 84.0205917358, 130.316329956, 69.4412918091, 148.617523193, 9.30557346344, -2.99612689018, 1.53188991547, 7.99529409409, -14.3067026138, -11.7058467865, -0.316387891769, -5.49710941315], [-11.8755807877, -98.1667785645, -26.0633792877, -22.797996521, 9.30557346344, 124.531311035, 38.8119087219, 1.27161455154, 22.3489379883, 15.3806848526, -18.8660430908, -1.87058091164, 0.366292506456], [-13.6489715576, 47.9100227356, -23.479227066, -44.3397064209, -2.99612689018, 38.8119087219, 114.298583984, 26.7715053558, 0.521672308445, 30.9460849762, 9.1422624588, -15.4576759338, 5.55991125107], [-0.139239177108, -22.722864151, -24.2166900635, -3.30940079689, 1.53188991547, 1.27161455154, 26.7715053558, 64.2770385742, 34.7211532593, 3.72138357162, 4.63436079025, 1.26660275459, 6.11599779129], [-62.8498573303, -70.3403701782, -21.4103145599, -14.4907741547, 7.99529409409, 22.3489379883, 0.521672308445, 34.7211532593, 94.4824523926, 30.4145851135, -3.50971126556, 22.691860199, 17.1047935486], [-14.5879220963, 6.06622314453, 4.2546081543, -31.1106948853, -14.3067026138, 15.3806848526, 30.9460849762, 3.72138357162, 30.4145851135, 85.7612686157, 33.2049179077, 7.18756437302, 9.01315784454], [12.6397762299, 18.2902946472, -26.0697307587, -19.112985611, -11.7058467865, -18.8660430908, 9.1422624588, 4.63436079025, -3.50971126556, 33.2049179077, 63.2870368958, 20.5793876648, 2.39598870277], [-64.6705856323, -47.7067604065, 17.0295562744, -0.882580459118, -0.316387891769, -1.87058091164, -15.4576759338, 1.26660275459, 22.691860199, 7.18756437302, 20.5793876648, 66.4431991577, 31.3218975067], [-36.1317977905, -42.9101104736, -33.9216423035, -19.8644809723, -5.49710941315, 0.366292506456, 5.55991125107, 6.11599779129, 17.1047935486, 9.01315784454, 2.39598870277, 31.3218975067, 61.1958580017]],
        "icov": [[0.00793480407447, -0.00886707287282, 0.00976699776947, -0.010485094972, 0.0102448873222, -0.00893011130393, 0.00773881562054, -0.00591311836615, 0.00461840489879, -0.00467285932973, 0.00393070839345, -0.00282007921487, 0.00202630949207], [-0.00886707287282, 0.0142938522622, -0.0126481354237, 0.0126853296533, -0.0132910320535, 0.0140875438228, -0.0119932573289, 0.00858405791223, -0.00462429691106, 0.00550920516253, -0.00591466063634, 0.00593382865191, -0.00147684128024], [0.00976699776947, -0.0126481354237, 0.0146856224164, -0.0152984140441, 0.0124578811228, -0.0119428820908, 0.0101476609707, -0.00770443351939, 0.00632478389889, -0.00776679674163, 0.0074185943231, -0.00661875121295, 0.00358431134373], [-0.010485094972, 0.0126853296533, -0.0152984140441, 0.0214821677655, -0.0154835153371, 0.0126469731331, -0.00830032862723, 0.00614075222984, -0.00498529383913, 0.00743003655225, -0.00542856240645, 0.00493356073275, -0.00214236462489], [0.0102448873222, -0.0132910320535, 0.0124578811228, -0.0154835153371, 0.022516656667, -0.0141716785729, 0.0104727949947, -0.0073743853718, 0.00327227450907, -0.0034212153405, 0.00429641036317, -0.00359382876195, 0.00176226824988], [-0.00893011130393, 0.0140875438228, -0.0119428820908, 0.0126469731331, -0.0141716785729, 0.0250759869814, -0.0166477095336, 0.0113207334653, -0.00700787268579, 0.00350567814894, -0.000117197567306, 0.00273577473126, 0.00109543988947], [0.00773881562054, -0.0119932573289, 0.0101476609707, -0.00830032862723, 0.0104727949947, -0.0166477095336, 0.02568644844, -0.0164823252708, 0.0101573998109, -0.0102037340403, 0.00432192254812, -0.000857948209159, -0.00162211351562], [-0.00591311836615, 0.00858405791223, -0.00770443351939, 0.00614075222984, -0.0073743853718, 0.0113207334653, -0.0164823252708, 0.0326749011874, -0.0180324837565, 0.0123314866796, -0.0104377800599, 0.00750615028664, -0.00245700543746], [0.00461840489879, -0.00462429691106, 0.00632478389889, -0.00498529383913, 0.00327227450907, -0.00700787268579, 0.0101573998109, -0.0180324837565, 0.0265239719301, -0.0159064736217, 0.0130154350773, -0.0104719782248, 0.00236656912602], [-0.00467285932973, 0.00550920516253, -0.00776679674163, 0.00743003655225, -0.0034212153405, 0.00350567814894, -0.0102037340403, 0.0123314866796, -0.0159064736217, 0.0284184552729, -0.0194478780031, 0.00993940327317, -0.00548848230392], [0.00393070839345, -0.00591466063634, 0.0074185943231, -0.00542856240645, 0.00429641036317, -0.000117197567306, 0.00432192254812, -0.0104377800599, 0.0130154350773, -0.0194478780031, 0.0357535332441, -0.0188464783132, 0.00903348252177], [-0.00282007921487, 0.00593382865191, -0.00661875121295, 0.00493356073275, -0.00359382876195, 0.00273577473126, -0.000857948209159, 0.00750615028664, -0.0104719782248, 0.00993940327317, -0.0188464783132, 0.0337689518929, -0.0156661085784], [0.00202630949207, -0.00147684128024, 0.00358431134373, -0.00214236462489, 0.00176226824988, 0.00109543988947, -0.00162211351562, -0.00245700543746, 0.00236656912602, -0.00548848230392, 0.00903348252177, -0.0156661085784, 0.0261494908482]]
    },
    "spectral_contrast_coeffs": {
        "max": [-0.340739071369, -0.472158074379, -0.510141849518, -0.631862103939, -0.585498154163, -0.604069948196],
        "mean": [-0.641988873482, -0.73715287447, -0.745817542076, -0.772524595261, -0.768581211567, -0.749840676785],
        "min": [-0.944832503796, -0.931361436844, -0.912327885628, -0.896098792553, -0.87407964468, -0.875981390476],
        "stdev": [0.0779177770019, 0.0785742178559, 0.0675838962197, 0.0502796061337, 0.0444589965045, 0.038792937994]
    },
    "spectral_contrast_valleys": {
        "max": [-5.68428564072, -4.70170259476, -5.31470918655, -5.24039983749, -6.2451839447, -10.8378782272],
        "mean": [-7.26457118988, -6.27236938477, -6.76924514771, -7.01506757736, -7.70953989029, -11.6688671112],
        "min": [-9.84409809113, -8.76834106445, -8.40544986725, -8.62691307068, -9.46295642853, -12.0287904739],
        "stdev": [0.762987911701, 0.4561830163, 0.570639789104, 0.617243885994, 0.467577129602, 0.130769938231]
    }
},
"rhythm": {
    "beats_count": 81,
    "beats_loudness": {
        "max": 0.0711047127843,
        "mean": 0.0323443487287,
        "min": 0.000909576541744,
        "stdev": 0.0161080770195
    },
    "bpm": 117.191329956,
    "bpm_histogram_first_peak_bpm": 117,
    "bpm_histogram_first_peak_weight": 0.432432413101,
    "bpm_histogram_second_peak_bpm": 88,
    "bpm_histogram_second_peak_spread": 0.290322601795,
    "bpm_histogram_second_peak_weight": 0.27500000596,
    "danceability": 1.13725733757,
    "onset_rate": 2.00869417191,
    "beats_loudness_band_ratio": {
        "max": [0.622355937958, 0.743726849556, 0.849980473518, 0.633286476135, 0.559861421585, 0.214522734284],
        "mean": [0.110194832087, 0.250875741243, 0.319640994072, 0.245400696993, 0.117463685572, 0.0134273078293],
        "min": [0.000644372252282, 0.0047171311453, 0.0133324014023, 0.026355272159, 0.00545637030154, 0.00126163114328],
        "stdev": [0.113921396434, 0.178043082356, 0.1903218925, 0.177255019546, 0.107709527016, 0.0242640674114]
    },
