{
"metadata": {
    "version": {
        "essentia": "2.1-beta5",
        "essentia_git_sha": "Undefined",
        "extractor": "music 2.0"
    },
    "audio_properties": {
        "analysis": {
            "equal_loudness": 0,
            "length": 48.7502937317,
            "sample_rate": 44100,
            "start_time": 77.7520217896,
            "downmix": "mix"
        },
        "bit_rate": 192000,
        "length": 174.358642578,
        "lossless": 0,
        "number_channels": 2,
        "replay_gain": -12.7857379913,
        "sample_rate": 44100,
        "codec": "mp3",
        "md5_encoded": "54bad06d72a76df5e772d2739244bdcd"
    },
    "tags": {
        "file_name": "Netherlands_I See A Star_Mouth and MacNeal.mp3",
        "encoding": ["Lavf58.29.100"]
    }
},
"lowlevel": {
    "average_loudness": 0.863772451878,
    "barkbands_crest": {
        "max": 24.5384845734,
        "mean": 9.2182674408,
        "min": 2.66044425964,
        "stdev": 4.00328874588
    },
    "barkbands_flatness_db": {
        "max": 0.29497513175,
        "mean": 0.142992019653,
        "min": 0.0604175291955,
        "stdev": 0.037047341466
    },
    "barkbands_kurtosis": {
        "max": 43.4761657715,
        "mean": 1.16677999496,
        "min": -1.88307249546,
        "stdev": 3.81164550781
    },
    "barkbands_skewness": {
        "max": 5.20947647095,
        "mean": 0.748479306698,
        "min": -3.04183459282,
        "stdev": 0.992119371891
    },
    "barkbands_spread": {
        "max": 73.7193450928,
        "mean": 20.0186843872,
        "min": 1.98624491692,
        "stdev": 9.82983875275
    },
    "dissonance": {
        "max": 0.500000119209,
        "mean": 0.461606234312,
        "min": 0.190739661455,
        "stdev": 0.0275970846415
    },
    "dynamic_complexity": 4.0946393013,
    "erbbands_crest": {
        "max": 26.1077213287,
        "mean": 9.60450172424,
        "min": 2.95390272141,
        "stdev": 3.98106479645
    },
    "erbbands_flatness_db": {
        "max": 0.327912837267,
        "mean": 0.201456710696,
        "min": 0.0769660845399,
        "stdev": 0.0399435460567
    },
    "erbbands_kurtosis": {
        "max": 27.2250289917,
        "mean": 0.381753206253,
        "min": -1.72345232964,
        "stdev": 2.05371522903
    },
    "erbbands_skewness": {
        "max": 2.82613229752,
        "mean": 0.00323443068191,
        "min": -3.41554784775,
        "stdev": 0.76371216774
    },
    "erbbands_spread": {
        "max": 86.5072250366,
        "mean": 29.412197113,
        "min": 3.48588109016,
        "stdev": 13.3731212616
    },
    "hfc": {
        "max": 165.42427063,
        "mean": 19.7532463074,
        "min": 0.0504476130009,
        "stdev": 18.7910270691
    },
    "loudness_ebu128": {
        "integrated": -11.9177923203,
        "loudness_range": 6.57081127167,
        "momentary": {
            "max": -6.89969396591,
            "mean": -13.955324173,
            "min": -34.7120361328,
            "stdev": 4.89210414886
        },
        "short_term": {
            "max": -8.70635700226,
            "mean": -12.7601966858,
            "min": -19.8062534332,
            "stdev": 2.24217867851
        }
    },
    "melbands_crest": {
        "max": 29.5250396729,
        "mean": 11.5242338181,
        "min": 3.11206912994,
        "stdev": 4.69110393524
    },
    "melbands_flatness_db": {
        "max": 0.336854070425,
        "mean": 0.163968995214,
        "min": 0.0247210804373,
        "stdev": 0.0496779344976
    },
    "melbands_kurtosis": {
        "max": 68.6017074585,
        "mean": 4.19326305389,
        "min": -1.85928440094,
        "stdev": 7.25981616974
    },
    "melbands_skewness": {
        "max": 7.79448604584,
        "mean": 1.48131811619,
        "min": -1.36652231216,
        "stdev": 1.15341854095
    },
    "melbands_spread": {
        "max": 205.106735229,
        "mean": 30.5509853363,
        "min": 2.55460309982,
        "stdev": 20.2295513153
    },
    "pitch_salience": {
        "max": 0.873705923557,
        "mean": 0.596087038517,
        "min": 0.254259049892,
        "stdev": 0.0949489921331
    },
    "silence_rate_20dB": {
        "max": 1,
        "mean": 1,
        "min": 1,
        "stdev": 0
    },
    "silence_rate_30dB": {
        "max": 1,
        "mean": 1,
        "min": 1,
        "stdev": 0
    },
    "silence_rate_60dB": {
        "max": 1,
        "mean": 0.146596863866,
        "min": 0,
        "stdev": 0.353702753782
    },
    "spectral_centroid": {
        "max": 4713.42480469,
        "mean": 1526.80078125,
        "min": 362.37399292,
        "stdev": 623.629821777
    },
    "spectral_complexity": {
        "max": 47,
        "mean": 17.9823894501,
        "min": 0,
        "stdev": 8.86059570312
    },
    "spectral_decrease": {
        "max": -1.42638323028e-11,
        "mean": -4.08210309999e-09,
        "min": -2.30629559894e-08,
        "stdev": 3.24828053344e-09
    },
    "spectral_energy": {
        "max": 0.0908670574427,
        "mean": 0.0171984899789,
        "min": 5.84107474424e-05,
        "stdev": 0.0136359045282
    },
    "spectral_energyband_high": {
        "max": 0.0229724403471,
        "mean": 0.000478323490825,
        "min": 3.17488388646e-06,
        "stdev": 0.00103561463766
    },
    "spectral_energyband_low": {
        "max": 0.014894772321,
        "mean": 0.000658357224893,
        "min": 1.32937316266e-06,
        "stdev": 0.00106585561298
    },
    "spectral_energyband_middle_high": {
        "max": 0.0583145692945,
        "mean": 0.00763263832778,
        "min": 5.6897374634e-06,
        "stdev": 0.00879366602749
    },
    "spectral_energyband_middle_low": {
        "max": 0.0845016315579,
        "mean": 0.00872785784304,
        "min": 2.96092948702e-05,
        "stdev": 0.00864199828357
    },
    "spectral_entropy": {
        "max": 8.4685049057,
        "mean": 7.47820901871,
        "min": 6.22957849503,
        "stdev": 0.332701444626
    },
    "spectral_flux": {
        "max": 0.220917508006,
        "mean": 0.0692828446627,
        "min": 0.00395995238796,
        "stdev": 0.0383038967848
    },
    "spectral_kurtosis": {
        "max": 26.803155899,
        "mean": 5.48140382767,
        "min": -0.380452156067,
        "stdev": 3.37638521194
    },
    "spectral_rms": {
        "max": 0.0094154542312,
        "mean": 0.00371212745085,
        "min": 0.000238717606408,
        "stdev": 0.00173179397825
    },
    "spectral_rolloff": {
        "max": 8204.15039062,
        "mean": 1964.72375488,
        "min": 236.865234375,
        "stdev": 1151.8729248
    },
    "spectral_skewness": {
        "max": 3.59075546265,
        "mean": 1.53694069386,
        "min": 0.0498528555036,
        "stdev": 0.461722254753
    },
    "spectral_spread": {
        "max": 14877527,
        "mean": 3457244.5,
        "min": 1694704.75,
        "stdev": 1059867.625
    },
    "spectral_strongpeak": {
        "max": 10.4341983795,
        "mean": 1.44758963585,
        "min": 0.00967749487609,
        "stdev": 1.58341324329
    },
    "zerocrossingrate": {
        "max": 0.283203125,
        "mean": 0.0689448043704,
        "min": 0.017578125,
        "stdev": 0.0321575850248
    },
    "barkbands": {
        "max": [0.000501381640788, 0.00445470400155, 0.00919923558831, 0.0132442247123, 0.0677161291242, 0.0676597431302, 0.0345571935177, 0.0191528201103, 0.040585141629, 0.0345642529428, 0.032691039145, 0.0100837061182, 0.0201578643173, 0.0375297516584, 0.0353831835091, 0.0299679394811, 0.0133724985644, 0.00803421530873, 0.00562981888652, 0.00419761287048, 0.00598159432411, 0.00704637169838, 0.00854727160186, 0.00328113953583, 0.000747997604776, 0.000218441957259, 1.46647465726e-07],
        "mean": [2.9961578548e-05, 0.000169292252394, 0.000269121810561, 0.000518329907209, 0.00238960445859, 0.00183344085235, 0.00126349320635, 0.000657969038002, 0.00185587059241, 0.000781569455285, 0.00095177377807, 0.000492164224852, 0.000777268549427, 0.00120268948376, 0.00104614906013, 0.000981038552709, 0.000711813103408, 0.000430760468589, 0.000250268611126, 0.000188019810594, 0.000159666582476, 0.00010306861077, 7.81803828431e-05, 3.94410781155e-05, 1.44986752275e-05, 3.03632236864e-06, 6.72664923762e-10],
        "min": [4.81379629491e-08, 5.13154134296e-07, 7.77093092097e-08, 1.20573574236e-07, 1.39918768127e-06, 3.07020036416e-06, 2.80820700027e-07, 6.55624035062e-08, 3.2453260701e-07, 1.91118076032e-07, 1.46503055021e-07, 2.09202383417e-07, 2.83022956182e-07, 1.98129555429e-07, 1.69297891262e-07, 1.78446867949e-07, 2.13594447018e-07, 1.61188751235e-07, 2.47607061965e-07, 2.02829980367e-07, 3.07121183596e-07, 3.00596099123e-07, 2.65853941528e-07, 2.4694656986e-07, 2.43318254434e-07, 6.39661046353e-10, 1.00501733671e-11],
        "stdev": [4.01888100896e-05, 0.000394903268898, 0.000577045953833, 0.000836499850266, 0.004899923224, 0.00410139560699, 0.00278749549761, 0.00150387233589, 0.00363249168731, 0.00225847959518, 0.00230549904518, 0.00102759711444, 0.00163719756529, 0.00301521737128, 0.00214312621392, 0.00209649349563, 0.00126391777303, 0.000677406904288, 0.000422156968853, 0.000321778468788, 0.000340821832651, 0.000276789563941, 0.000269821874099, 0.000110158114694, 3.33063544531e-05, 8.57158011058e-06, 3.34973693228e-09]
    },
    "erbbands": {
        "max": [0.0656243190169, 1.23053884506, 7.15198802948, 29.2630958557, 68.0311279297, 379.937805176, 353.790649414, 634.415649414, 591.905151367, 571.849304199, 463.85748291, 1093.95336914, 1332.38684082, 778.299133301, 1107.42712402, 462.354614258, 943.020507812, 1410.65771484, 1403.61108398, 2031.94091797, 1970.39746094, 813.867980957, 537.748840332, 265.483123779, 187.611831665, 186.295013428, 314.283721924, 199.777999878, 232.750045776, 214.187606812, 225.414047241, 130.009399414, 38.9437675476, 11.8879470825, 5.87379264832, 1.52729558945, 0.32226523757, 0.00702211167663, 0.000403718091547, 0.000126373328385],
        "mean": [0.00367139233276, 0.0455491282046, 0.268050462008, 1.05340850353, 3.57379436493, 10.2646522522, 11.9698009491, 15.4399662018, 15.232380867, 20.7454586029, 19.9354705811, 42.0146484375, 28.5412979126, 28.0480461121, 33.8494949341, 21.660358429, 38.6311912537, 48.3640480042, 62.5615921021, 57.0485687256, 52.5126495361, 39.6865501404, 27.2692718506, 16.0492153168, 10.3824481964, 9.99767780304, 7.85967636108, 4.61124277115, 3.69699144363, 2.86272168159, 2.14132332802, 1.09675848484, 0.528201818466, 0.222168460488, 0.0796733126044, 0.0244350023568, 0.00305482116528, 7.91699567344e-05, 1.46087941175e-05, 2.208459955e-05],
        "min": [1.33061221277e-05, 6.74138282193e-05, 0.000196585504455, 0.000807997246739, 0.00257840659469, 0.0045613180846, 0.0100195519626, 0.0404534861445, 0.0107436394319, 0.00546899903566, 0.00318946340121, 0.00913834478706, 0.0100806131959, 0.00929710455239, 0.0104578360915, 0.0102443257347, 0.0159094277769, 0.0148807484657, 0.00941928755492, 0.0128722013906, 0.0123758148402, 0.0105491690338, 0.0123372813687, 0.0114170890301, 0.0123880915344, 0.0101600987837, 0.0103792948648, 0.00956185068935, 0.0111370654777, 0.00829290691763, 0.00852596480399, 0.00794493220747, 0.00353796640411, 0.00359089788981, 0.00143684854265, 0.000497208209708, 3.91139255953e-05, 3.81945210393e-06, 4.03932659765e-07, 1.15606390239e-07],
        "stdev": [0.0061955708079, 0.111294493079, 0.547147750854, 1.62100040913, 6.21189022064, 23.4311943054, 28.2821941376, 35.5640258789, 36.3869361877, 48.6236801147, 39.2735939026, 86.5830307007, 70.6491851807, 59.2218971252, 76.6030883789, 40.3901062012, 80.8746261597, 118.979148865, 124.866096497, 115.170471191, 118.440345764, 69.0839080811, 42.666469574, 23.7336406708, 15.3343191147, 18.499458313, 17.3271808624, 9.11450481415, 9.52293682098, 8.49688625336, 7.59139347076, 3.73485159874, 1.45018935204, 0.513102293015, 0.211046531796, 0.0644049569964, 0.00991070829332, 0.000223604627536, 1.53389937623e-05, 1.73219523276e-05]
    },
    "gfcc": {
        "mean": [-36.519241333, 93.4914627075, -162.734329224, 24.3463363647, -71.3759002686, 4.33107662201, -53.7934341431, 1.29259860516, -24.7897224426, -4.98420286179, -17.1770000458, -3.26285934448, -4.36629343033],
        "cov": [[4521.04980469, 2.27061653137, -955.877868652, 332.033325195, -14.0155744553, 34.0698471069, 204.239959717, -25.5596561432, 264.832824707, -192.875762939, 60.9599952698, -278.322937012, 82.8629989624], [2.27061653137, 703.985961914, 14.6859664917, -199.410629272, 178.866485596, -134.286987305, 14.7600660324, -21.4558677673, 8.29294300079, -95.2500915527, 8.57857608795, -22.1690540314, -23.1030483246], [-955.877868652, 14.6859664917, 720.054321289, 184.347732544, -40.7977104187, 61.4426231384, -86.7285690308, 15.86647892, -127.473083496, 37.1020736694, -47.7288322449, 71.683883667, -71.5187606812], [332.033325195, -199.410629272, 184.347732544, 445.65133667, -26.6388835907, 51.0723495483, -7.04532814026, 13.0146474838, 2.03505825996, -10.2486133575, -9.21691417694, -21.394618988, 1.13024091721], [-14.0155744553, 178.866485596, -40.7977104187, -26.6388835907, 218.858825684, -25.6105270386, -35.8647384644, -2.08082532883, -3.26921200752, -0.45328783989, -1.04077875614, 11.4216766357, 4.93278694153], [34.0698471069, -134.286987305, 61.4426231384, 51.0723495483, -25.6105270386, 288.647644043, 124.373306274, -16.8560237885, -46.2010345459, 31.5539398193, 0.561472296715, -25.5252399445, -7.87090873718], [204.239959717, 14.7600660324, -86.7285690308, -7.04532814026, -35.8647384644, 124.373306274, 189.561599731, 20.9805450439, -19.3665599823, -10.5772285461, 1.86408901215, -40.3691711426, -13.8246994019], [-25.5596561432, -21.4558677673, 15.86647892, 13.0146474838, -2.08082532883, -16.8560237885, 20.9805450439, 109.96118927, 35.0565223694, 1.45801091194, -6.14331102371, 2.36608433723, -8.12185192108], [264.832824707, 8.29294300079, -127.473083496, 2.03505825996, -3.26921200752, -46.2010345459, -19.3665599823, 35.0565223694, 128.407684326, -2.50607728958, 11.2099246979, -16.7751617432, 21.9223155975], [-192.875762939, -95.2500915527, 37.1020736694, -10.2486133575, -0.45328783989, 31.5539398193, -10.5772285461, 1.45801091194, -2.50607728958, 101.998352051, 18.5818595886, 17.5908164978, -10.7670717239], [60.9599952698, 8.57857608795, -47.7288322449, -9.21691417694, -1.04077875614, 0.561472296715, 1.86408901215, -6.14331102371, 11.2099246979, 18.5818595886, 77.105682373, 25.1600074768, 17.7427177429], [-278.322937012, -22.1690540314, 71.683883667, -21.394618988, 11.4216766357, -25.5252399445, -40.3691711426, 2.36608433723, -16.7751617432, 17.5908164978, 25.1600074768, 95.4398040771, 26.0505619049], [82.8629989624, -23.1030483246, -71.5187606812, 1.13024091721, 4.93278694153, -7.87090873718, -13.8246994019, -8.12185192108, 21.9223155975, -10.7670717239, 17.7427177429, 26.0505619049, 95.6151199341]],
        "icov": [[0.000513396051247, -0.000381238205591, 0.000924881373066, -0.000831508659758, 0.000393962895032, -0.000411246350268, 0.000330985261826, -8.43766902108e-05, -0.000113983296615, 0.000316795834806, -0.000125596750877, 0.000435074704001, 0.000117673451314], [-0.000381238205591, 0.0070311515592, -0.0056878128089, 0.00477342959493, -0.00704751210287, 0.00540765188634, -0.00709688058123, 0.00454899668694, -0.00463736429811, 0.00582189066336, -0.005127559416, 0.00469942763448, -0.000722555385437], [0.000924881373066, -0.0056878128089, 0.00866275746375, -0.00576949631795, 0.00656264554709, -0.00582240754738, 0.00817482545972, -0.00501925405115, 0.00603609811515, -0.0040883012116, 0.00535257766023, -0.00559902517125, 0.00299763935618], [-0.000831508659758, 0.00477342959493, -0.00576949631795, 0.00677309511229, -0.00478645367548, 0.00345789338462, -0.00471339002252, 0.00278039602563, -0.00356914917938, 0.003765654983, -0.00373728829436, 0.00407378654927, -0.00160934787709], [0.000393962895032, -0.00704751210287, 0.00656264554709, -0.00478645367548, 0.0120574273169, -0.00580678833649, 0.00876840110868, -0.00523450877517, 0.00571184931323, -0.00570172304288, 0.00557642895728, -0.00536863133311, 0.00112043356057], [-0.000411246350268, 0.00540765188634, -0.00582240754738, 0.00345789338462, -0.00580678833649, 0.0106421578676, -0.0105184400454, 0.00546200852841, -0.00332624278963, 0.0018091694219, -0.00396896945313, 0.00490337936208, -0.00224725855514], [0.000330985261826, -0.00709688058123, 0.00817482545972, -0.00471339002252, 0.00876840110868, -0.0105184400454, 0.0187046118081, -0.00908534787595, 0.00841264426708, -0.00382590875961, 0.00421364558861, -0.00321999099106, 0.00251896004193], [-8.43766902108e-05, 0.00454899668694, -0.00501925405115, 0.00278039602563, -0.00523450877517, 0.00546200852841, -0.00908534787595, 0.0154027892277, -0.00854831468314, 0.00327589432709, -0.00196609715931, 0.00136312749237, 0.000421763950726], [-0.000113983296615, -0.00463736429811, 0.00603609811515, -0.00356914917938, 0.00571184931323, -0.00332624278963, 0.00841264426708, -0.00854831468314, 0.0166556462646, -0.00503774778917, 0.00252421852201, -0.00105244643055, -0.0011105730664], [0.000316795834806, 0.00582189066336, -0.0040883012116, 0.003765654983, -0.00570172304288, 0.0018091694219, -0.00382590875961, 0.00327589432709, -0.00503774778917, 0.017634017393, -0.00766194378957, 0.00301247951575, 0.00193963735364], [-0.000125596750877, -0.005127559416, 0.00535257766023, -0.00373728829436, 0.00557642895728, -0.00396896945313, 0.00421364558861, -0.00196609715931, 0.00252421852201, -0.00766194378957, 0.0210800394416, -0.0100500807166, 0.000130479063955], [0.000435074704001, 0.00469942763448, -0.00559902517125, 0.00407378654927, -0.00536863133311, 0.00490337936208, -0.00321999099106, 0.00136312749237, -0.00105244643055, 0.00301247951575, -0.0100500807166, 0.0222717877477, -0.00676940381527], [0.000117673451314, -0.000722555385437, 0.00299763935618, -0.00160934787709, 0.00112043356057, -0.00224725855514, 0.00251896004193, 0.000421763950726, -0.0011105730664, 0.00193963735364, 0.000130479063955, -0.00676940381527, 0.0148936612532]]
    },
    "melbands": {
        "max": [0.000921048340388, 0.00290212174878, 0.00557384546846, 0.01720318757, 0.0136857368052, 0.0147432070225, 0.00847181584686, 0.00499666156247, 0.00560954818502, 0.0060078445822, 0.00652171997353, 0.00389043637551, 0.00474684406072, 0.00140786834527, 0.00239539169706, 0.00199394067749, 0.00284545030445, 0.0033131618984, 0.00311879161745, 0.00199187593535, 0.00217986153439, 0.000967584084719, 0.000623040017672, 0.000407671643188, 0.000250557932304, 0.00020773250435, 0.000159695613547, 0.000124848156702, 0.000242678710492, 0.000145417172462, 0.000109521621198, 0.000114670030598, 0.000173820124473, 0.000113030117063, 0.000116890478239, 0.000159428076586, 4.81026108901e-05, 2.38548582274e-05, 2.13727962546e-05, 6.3098332248e-06],
        "mean": [4.16932125518e-05, 0.00011726138473, 0.000249818869634, 0.000488944118842, 0.000454411230749, 0.000349145324435, 0.00023802704527, 0.000205299453228, 0.000196967870579, 0.000256360915955, 0.000138661082019, 0.000110833068902, 0.000135042515467, 5.29422941327e-05, 8.05831732578e-05, 7.17076836736e-05, 9.48098895606e-05, 0.000108555199404, 7.39353345125e-05, 6.83662728989e-05, 5.97612161073e-05, 4.0352500946e-05, 3.43917090504e-05, 1.89898728422e-05, 1.22424298752e-05, 9.26185020944e-06, 6.76183162795e-06, 6.07879746894e-06, 4.97868040839e-06, 3.72768272427e-06, 2.3522088668e-06, 2.11480937651e-06, 1.91121034732e-06, 1.48070591877e-06, 1.30873115722e-06, 9.32280386223e-07, 5.62559989703e-07, 3.83395985182e-07, 2.81282353853e-07, 1.53576877437e-07],
        "min": [1.40897014944e-07, 7.21778263824e-08, 1.89815892782e-07, 3.57513641802e-07, 6.39040536043e-07, 7.91361514985e-07, 1.13863137585e-07, 3.45843531591e-08, 2.98218338912e-08, 5.17497937835e-08, 4.74113655002e-08, 3.26727835898e-08, 1.7247296924e-08, 1.74887944127e-08, 3.00367091199e-08, 2.12546709122e-08, 1.62382587376e-08, 1.25143797547e-08, 1.42349740884e-08, 1.22430412475e-08, 1.39244358266e-08, 1.1509158071e-08, 8.9327736319e-09, 9.08112074427e-09, 7.12449343965e-09, 8.48680414833e-09, 5.84635140299e-09, 5.15572873283e-09, 4.71937244839e-09, 6.47977493884e-09, 4.0925360878e-09, 4.29604085639e-09, 3.67976316085e-09, 3.89166032733e-09, 4.12629441726e-09, 4.26855395474e-09, 3.86363074867e-09, 2.81540990521e-09, 2.11085215973e-09, 2.68833511008e-09],
        "stdev": [8.11471472844e-05, 0.000228230623179, 0.00035877872142, 0.00100286293309, 0.000973559508566, 0.00078396324534, 0.000541279790923, 0.000471034436487, 0.000412612862419, 0.000517232634593, 0.000365495710867, 0.000251477176789, 0.000327260961058, 0.000111654204375, 0.000177895242814, 0.000141500029713, 0.000254597107414, 0.000245337199885, 0.000170054627233, 0.000142515302286, 0.000138492876431, 7.51270199544e-05, 6.35989126749e-05, 3.0042596336e-05, 2.02961709874e-05, 1.68294154719e-05, 1.1446481949e-05, 1.18636908155e-05, 1.17041599879e-05, 8.67877588462e-06, 4.82992663819e-06, 5.21825177202e-06, 6.15974795437e-06, 4.27180157203e-06, 4.38338975073e-06, 4.29717965744e-06, 1.6025013565e-06, 1.04844195903e-06, 7.52416781324e-07, 3.39265625371e-07]
    },
    "melbands128": {
        "max": [0.000253704638453, 0.000355015276, 0.00132773839869, 0.002551992191, 0.00373113621026, 0.0052696140483, 0.00611626775935, 0.00720669981092, 0.00670810928568, 0.0217329766601, 0.027982339263, 0.0247410144657, 0.0150950811803, 0.0143637163565, 0.0216828621924, 0.0340060181916, 0.0173064731061, 0.012990613468, 0.0137135274708, 0.00947063788772, 0.00520403077826, 0.00680536404252, 0.00622877757996, 0.0158181022853, 0.0132581843063, 0.00914841890335, 0.00865257810801, 0.0116976946592, 0.00840671453625, 0.00759007968009, 0.00558763183653, 0.00565886218101, 0.00821179244667, 0.00450084079057, 0.00254233321175, 0.00242716446519, 0.00197519431822, 0.00488493451849, 0.00609943736345, 0.00344605464488, 0.00271566398442, 0.0031869567465, 0.00646219076589, 0.00488339411095, 0.0107331397012, 0.00355735700577, 0.00492424797267, 0.00318616069853, 0.00728206383064, 0.00612003589049, 0.00232223630883, 0.00408253772184, 0.00518088275567, 0.00171472283546, 0.00268672546372, 0.00204756180756, 0.00159138266463, 0.00145765114576, 0.00111483433284, 0.00103574444074, 0.000469644117402, 0.000484982563648, 0.000447453581728, 0.000268128904281, 0.000823690032121, 0.000444422272267, 0.000141769196489, 0.00031136238249, 0.000232501435676, 0.000223690731218, 0.000256002851529, 0.000170851548319, 0.000268421048531, 0.000288273615297, 0.000208264391404, 0.000186772216693, 0.00013546810078, 0.000110472843517, 0.000130078595248, 0.000112662200991, 0.000150007006596, 0.000138845178299, 0.000124449026771, 0.000244612194365, 0.000142983859405, 6.49692301522e-05, 0.000167042322573, 0.000116926603368, 0.000115705181088, 0.000165531673701, 0.000141271957546, 0.000241838934016, 4.56278685306e-05, 5.36038896826e-05, 3.10905270453e-05, 2.29509169003e-05, 2.14759857045e-05, 3.28277164954e-05, 3.0445135053e-05, 8.79724575498e-06, 8.72807140695e-06, 5.39116035725e-06, 4.01648276238e-06, 5.90691706748e-06, 1.12804136734e-05, 6.03521493758e-06, 3.03636375065e-06, 2.82009318653e-06, 2.3116886041e-06, 2.91143351205e-06, 2.87148964162e-06, 2.19627077058e-06, 2.76228405482e-07, 1.08504236707e-08, 8.16162193384e-10, 7.7060519077e-10, 7.31570914958e-10, 6.99789615144e-10, 6.76495637286e-10, 6.5059646559e-10, 6.29793550644e-10, 6.16738438097e-10, 6.01911465115e-10, 5.87156601117e-10, 5.76856229451e-10, 5.70339053763e-10, 5.64570834527e-10, 5.59498058994e-10],
        "mean": [1.95868124138e-05, 2.56107177847e-05, 4.68547914352e-05, 7.95880769147e-05, 0.000118830866995, 0.000135931099067, 0.000183906158782, 0.000293161167065, 0.000326923443936, 0.000466915633297, 0.0006546783261, 0.000497796572745, 0.000335040851496, 0.000503207906149, 0.000373931892682, 0.000259148771875, 0.000242269452428, 0.000218162502279, 0.000236384134041, 0.000292416865705, 0.00013755299733, 0.00010818849114, 0.000155012327014, 0.00034849732765, 0.00034775203676, 0.000170444793184, 0.000181670387974, 0.000112236470159, 0.000142811142723, 0.000101162862848, 8.36950785015e-05, 0.00015363858256, 0.000198019872187, 5.97571088292e-05, 6.52610542602e-05, 4.49416402262e-05, 4.21906879637e-05, 7.37900336389e-05, 0.00011802296649, 9.30837850319e-05, 3.8758815208e-05, 7.44991775719e-05, 9.10127200768e-05, 9.32735347305e-05, 0.000151475891471, 0.00010744008614, 7.44472126826e-05, 5.93529512116e-05, 7.39985407563e-05, 0.000102915124444, 5.0211801863e-05, 5.56226405024e-05, 7.9211567936e-05, 5.17560474691e-05, 4.09221938753e-05, 3.97856747441e-05, 3.63027684216e-05, 4.66693090857e-05, 3.00323426927e-05, 1.89869733731e-05, 2.09107329283e-05, 1.69868289959e-05, 1.02784788396e-05, 9.29406269279e-06, 1.90524351638e-05, 7.20423258826e-06, 5.61882688999e-06, 6.5136282501e-06, 5.46691671843e-06, 9.83383324638e-06, 7.32991702534e-06, 3.49932588506e-06, 3.66295898857e-06, 6.0749334807e-06, 5.24295637661e-06, 4.20458036388e-06, 2.79953519566e-06, 2.64309323939e-06, 2.05163996725e-06, 2.36872801906e-06, 2.28463295571e-06, 1.89389936622e-06, 2.00434533326e-06, 2.15286240746e-06, 1.55084660491e-06, 1.49415234318e-06, 1.43614533954e-06, 1.47519972415e-06, 1.3321670167e-06, 1.19811420518e-06, 1.06007382783e-06, 8.43142856866e-07, 7.2412518648e-07, 5.84108761359e-07, 4.28934185948e-07, 4.49050190809e-07, 3.56813671942e-07, 3.12187950158e-07, 3.52235701939e-07, 1.9898300252e-07, 2.07847676847e-07, 1.28070354322e-07, 1.25244724813e-07, 1.01824170429e-07, 9.22907048562e-08, 6.87114720677e-08, 6.49915037343e-08, 5.11796152125e-08, 4.08378149075e-08, 2.82210113056e-08, 2.8366516247e-08, 1.22058025909e-08, 4.72759031922e-09, 2.03120867348e-10, 3.55252394342e-12, 3.39755957743e-12, 3.27517331832e-12, 3.16480413924e-12, 3.06842789025e-12, 2.98189728118e-12, 2.90506312582e-12, 2.840052412e-12, 2.77859853182e-12, 2.72399572517e-12, 2.6832282056e-12, 2.65165949094e-12, 2.62869327e-12, 2.61189897835e-12],
        "min": [9.72247082842e-09, 9.47199367829e-08, 5.26024095393e-08, 2.50091658494e-09, 1.7180342704e-09, 4.64557139424e-08, 5.80645149739e-08, 3.35545351504e-08, 7.72398323079e-08, 2.65622190909e-07, 8.39128873054e-08, 3.29094937968e-08, 2.54695393664e-08, 1.04031911974e-07, 1.60446319342e-07, 4.87224944834e-08, 5.56554375919e-08, 1.43435894273e-08, 3.08134495697e-08, 1.09440545515e-08, 9.42125844006e-09, 2.78859779712e-09, 3.31993521563e-09, 2.42197231159e-08, 4.42579199955e-08, 1.06896171914e-08, 9.20399489956e-09, 7.35511473948e-09, 1.36970150777e-08, 1.92881213223e-08, 8.03151323225e-09, 1.15284217728e-08, 1.06193676075e-08, 1.3721105141e-08, 4.60093652066e-09, 6.2809268897e-09, 1.17979563896e-08, 2.20346638713e-08, 2.29649970152e-08, 4.97909669051e-09, 1.24798713586e-08, 3.69006025736e-09, 7.60840634939e-09, 1.03518882355e-08, 8.52861159473e-09, 2.82905254778e-09, 6.51550413622e-09, 9.33349575405e-09, 9.13405351355e-09, 8.96181351351e-09, 8.85918183258e-09, 5.37466915418e-09, 5.10875386439e-09, 7.52629958356e-09, 2.49346765457e-09, 8.03709188091e-09, 4.44836301128e-09, 6.81558187665e-09, 3.17588999543e-09, 5.42643885382e-09, 5.72241098951e-09, 4.95259389055e-09, 5.7443600987e-09, 4.38600888941e-09, 3.76227493604e-09, 4.00367339282e-09, 7.21525017511e-09, 2.86699064489e-09, 1.36661693073e-09, 3.94612520438e-09, 3.31854765889e-09, 1.79195025485e-09, 1.74329839453e-09, 1.91453120024e-09, 4.1126906325e-09, 2.18129891927e-09, 1.68840219583e-09, 3.69228669861e-09, 2.16906914652e-09, 1.04586361793e-09, 2.18370277416e-09, 1.18216803013e-09, 2.67966338008e-09, 1.78981529597e-09, 2.20111706639e-09, 2.31527197414e-09, 2.18103046734e-09, 9.87103843109e-10, 1.65331615065e-09, 6.18575024536e-10, 1.64929669921e-09, 6.10794970157e-10, 1.87501081328e-09, 1.0436044251e-09, 3.09048370228e-10, 8.7171453389e-10, 2.05829200906e-10, 2.35398645021e-10, 1.11554399052e-09, 2.3477753075e-10, 3.85941056891e-10, 1.53079424137e-10, 2.5036597795e-10, 9.43955261179e-11, 7.65459483992e-12, 1.13301436375e-12, 1.38152315109e-12, 3.16770942159e-13, 4.98185097775e-13, 1.14887862678e-12, 2.871671271e-13, 1.1735527643e-13, 4.23303902239e-14, 3.45796457332e-14, 3.27353263583e-14, 3.58179096463e-14, 2.84430512725e-14, 2.30886053413e-14, 2.60438541664e-14, 3.13086823177e-14, 3.3798711849e-14, 2.73459589527e-14, 2.84865514966e-14, 2.59641331194e-14, 2.05206115094e-14, 2.6836239936e-14, 3.30851712943e-14, 3.05095914353e-14],
        "stdev": [2.32320289797e-05, 4.18290001107e-05, 0.000107831656351, 0.0002199990995, 0.000273795158137, 0.00029645502218, 0.000322838372085, 0.000476603105199, 0.000641180376988, 0.00125789048616, 0.00166996975895, 0.0014796712203, 0.00113320024684, 0.00132329610642, 0.000998299452476, 0.00110185937956, 0.000807833275758, 0.000671083049383, 0.00076192652341, 0.000802049937192, 0.000412184832385, 0.0003871046938, 0.000443410797743, 0.000971793313511, 0.000898858008441, 0.000544447684661, 0.00059837725712, 0.000463811738882, 0.000556406914257, 0.000332328490913, 0.00031662490801, 0.000416198017774, 0.000589790462982, 0.000199474525289, 0.000182891162694, 0.000141736192745, 0.000130629821797, 0.000260994187556, 0.000334632786689, 0.000260591099504, 0.000130149914185, 0.000223931274377, 0.000395089213271, 0.000360657810234, 0.000545174407307, 0.00029071024619, 0.00022181168606, 0.00021811069746, 0.000255975784967, 0.000274322781479, 0.00016045938537, 0.000209227626328, 0.000270340184215, 0.000127168241306, 0.000128749961732, 9.88280735328e-05, 0.000102998681541, 0.0001141883331, 6.48198474664e-05, 4.85557793581e-05, 3.85065177397e-05, 3.25784894812e-05, 2.67232735496e-05, 1.74803863047e-05, 5.56857266929e-05, 2.10296020668e-05, 1.01835676105e-05, 1.47214177559e-05, 1.27628181872e-05, 2.27776963584e-05, 1.86030520126e-05, 9.5670511655e-06, 1.00420293165e-05, 1.97384797502e-05, 1.52674165292e-05, 1.32218565341e-05, 6.9135207923e-06, 6.19921092948e-06, 5.17458556715e-06, 5.59859108762e-06, 5.91317711951e-06, 6.01551846557e-06, 5.18508704772e-06, 8.38167670736e-06, 5.69318990529e-06, 3.95799224862e-06, 4.81132656205e-06, 4.77242565466e-06, 4.34511775893e-06, 5.10295376444e-06, 4.38903452959e-06, 5.83572955293e-06, 1.91806566363e-06, 1.84546456694e-06, 1.18726597975e-06, 1.2629725461e-06, 1.07797484361e-06, 1.07469497834e-06, 1.02965918813e-06, 4.98091594636e-07, 5.03143553487e-07, 3.23026739579e-07, 2.81390583723e-07, 2.62740996959e-07, 3.26978380372e-07, 2.29356132309e-07, 1.70372985053e-07, 1.38698879937e-07, 1.12085672299e-07, 9.94810704924e-08, 9.80113625815e-08, 5.71156419937e-08, 1.45556011688e-08, 7.38317462723e-10, 1.8551058259e-11, 1.75450973194e-11, 1.66799941914e-11, 1.59698955449e-11, 1.54398906854e-11, 1.48618964357e-11, 1.43941429956e-11, 1.40909159341e-11, 1.37557066432e-11, 1.3425627797e-11, 1.31923378471e-11, 1.30419277808e-11, 1.29111556516e-11, 1.27992234866e-11]
    },
    "mfcc": {
        "mean": [-661.780395508, 116.741958618, -32.1494140625, 12.1175088882, -3.15153574944, -3.61379384995, -16.1400623322, -3.05749797821, -7.71589422226, -4.50888824463, -8.40196228027, -6.47349262238, -6.59727859497],
        "cov": [[5454.13037109, -499.642730713, -806.596679688, 90.9547576904, -159.561431885, 68.6774902344, -72.4214706421, 116.472572327, 143.272888184, 201.767608643, 40.0760574341, 75.1666641235, -14.7144536972], [-499.642730713, 955.924743652, -195.221466064, -89.8354873657, 64.6895904541, -119.310577393, -14.2247152328, 10.2366790771, -46.2159843445, -73.0449752808, 5.56497335434, -31.1545906067, -6.34225988388], [-806.596679688, -195.221466064, 694.810424805, 127.471488953, 22.859577179, 84.1634292603, 67.1879806519, 12.6627779007, -18.5944194794, -44.1580696106, -20.7020988464, 10.8548984528, -1.10151743889], [90.9547576904, -89.8354873657, 127.471488953, 310.253417969, 99.6429672241, -50.9832496643, -45.8620910645, -0.689818739891, 7.8646030426, -36.9117126465, -29.5537281036, 22.0648651123, 33.1937141418], [-159.561431885, 64.6895904541, 22.859577179, 99.6429672241, 219.717773438, -15.881196022, -53.397518158, -23.180185318, -0.883413434029, -29.2853183746, -25.914226532, -0.230023816228, 23.8802394867], [68.6774902344, -119.310577393, 84.1634292603, -50.9832496643, -15.881196022, 214.571395874, 109.841842651, -4.23531341553, 6.97787904739, 18.0968284607, 3.52405118942, -3.1496796608, -12.4065036774], [-72.4214706421, -14.2247152328, 67.1879806519, -45.8620910645, -53.397518158, 109.841842651, 191.12940979, 33.9484672546, 2.37981510162, 15.0074243546, 3.9538602829, 1.93366003036, -3.35337734222], [116.472572327, 10.2366790771, 12.6627779007, -0.689818739891, -23.180185318, -4.23531341553, 33.9484672546, 104.469802856, 28.0822181702, 8.22008991241, -0.0206776056439, 0.508621037006, 0.103909470141], [143.272888184, -46.2159843445, -18.5944194794, 7.8646030426, -0.883413434029, 6.97787904739, 2.37981510162, 28.0822181702, 86.7932891846, 37.6651191711, -1.86200022697, -0.897873580456, -3.80169844627], [201.767608643, -73.0449752808, -44.1580696106, -36.9117126465, -29.2853183746, 18.0968284607, 15.0074243546, 8.22008991241, 37.6651191711, 95.8156661987, 29.0926475525, 2.29539608955, -7.23694849014], [40.0760574341, 5.56497335434, -20.7020988464, -29.5537281036, -25.914226532, 3.52405118942, 3.9538602829, -0.0206776056439, -1.86200022697, 29.0926475525, 76.1467208862, 23.4038505554, -7.70562267303], [75.1666641235, -31.1545906067, 10.8548984528, 22.0648651123, -0.230023816228, -3.1496796608, 1.93366003036, 0.508621037006, -0.897873580456, 2.29539608955, 23.4038505554, 75.4568786621, 28.1986274719], [-14.7144536972, -6.34225988388, -1.10151743889, 33.1937141418, 23.8802394867, -12.4065036774, -3.35337734222, 0.103909470141, -3.80169844627, -7.23694849014, -7.70562267303, 28.1986274719, 71.9462509155]],
        "icov": [[0.000318747421261, 0.000129384017782, 0.000489610305522, -0.000396196002839, 0.0002554145467, -0.000418204668676, 0.000292342592729, -0.000464596436359, 4.46161429863e-05, -0.000394590606447, 0.000188150428585, -0.000381436082534, 0.000256606581388], [0.000129384017782, 0.0015503881732, 0.000533102895133, 0.000498724461067, -0.000716090376955, 0.000913842464797, -0.000636801298242, -0.00043231525342, 0.000231839250773, 0.00120873202104, -0.000668864173349, 0.00044430498383, 0.000195466476725], [0.000489610305522, 0.000533102895133, 0.00261907256208, -0.00137150753289, 0.000305263674818, -0.00116488093045, -9.83293866739e-05, -0.00102831283584, 0.000509418197908, 0.000276398408459, 0.000250541896094, -0.000684754457325, 0.000864641391672], [-0.000396196002839, 0.000498724461067, -0.00137150753289, 0.00550491083413, -0.0022704184521, 0.00207933783531, -0.000372524751583, 0.000435874593677, -0.00104691798333, 0.0018574539572, 0.000385747523978, -0.00048811302986, -0.00113954825792], [0.0002554145467, -0.000716090376955, 0.000305263674818, -0.0022704184521, 0.00667717354372, -0.00180442584679, 0.00215030601248, 0.0006038765423, -0.00057236518478, -7.2701521276e-05, 0.00122486182954, 6.38787896605e-05, -0.00131820107345], [-0.000418204668676, 0.000913842464797, -0.00116488093045, 0.00207933783531, -0.00180442584679, 0.00886636413634, -0.00524276401848, 0.00238258461468, -0.00095800217241, 0.000823709124234, -0.000632729672361, 0.000789488723967, 0.000552930636331], [0.000292342592729, -0.000636801298242, -9.83293866739e-05, -0.000372524751583, 0.00215030601248, -0.00524276401848, 0.00952328648418, -0.00325217656791, 0.00112709868699, -0.00164932513144, 0.0010691009229, -0.000895829871297, -0.00063593237428], [-0.000464596436359, -0.00043231525342, -0.00102831283584, 0.000435874593677, 0.0006038765423, 0.00238258461468, -0.00325217656791, 0.0126584256068, -0.00454399175942, 0.00136552960612, -0.000506994256284, 0.000749896804336, -0.000760384369642], [4.46161429863e-05, 0.000231839250773, 0.000509418197908, -0.00104691798333, -0.00057236518478, -0.00095800217241, 0.00112709868699, -0.00454399175942, 0.0165008362383, -0.00713877053931, 0.00299601210281, -0.000790617545135, 0.0013888477115], [-0.000394590606447, 0.00120873202104, 0.000276398408459, 0.0018574539572, -7.2701521276e-05, 0.000823709124234, -0.00164932513144, 0.00136552960612, -0.00713877053931, 0.0177388433367, -0.00678266957402, 0.00219982978888, -0.000921102589928], [0.000188150428585, -0.000668864173349, 0.000250541896094, 0.000385747523978, 0.00122486182954, -0.000632729672361, 0.0010691009229, -0.000506994256284, 0.00299601210281, -0.00678266957402, 0.0191610008478, -0.00783181935549, 0.00393813336268], [-0.000381436082534, 0.00044430498383, -0.000684754457325, -0.00048811302986, 6.38787896605e-05, 0.000789488723967, -0.000895829871297, 0.000749896804336, -0.000790617545135, 0.00219982978888, -0.00783181935549, 0.0194660183042, -0.00804085005075], [0.000256606581388, 0.000195466476725, 0.000864641391672, -0.00113954825792, -0.00131820107345, 0.000552930636331, -0.00063593237428, -0.000760384369642, 0.0013888477115, -0.000921102589928, 0.00393813336268, -0.00804085005075, 0.0185663588345]]
    },
    "spectral_contrast_coeffs": {
        "max": [-0.31322401762, -0.435094833374, -0.500136315823, -0.560375273228, -0.551777601242, -0.560563087463],
        "mean": [-0.632630467415, -0.724897325039, -0.740352928638, -0.756145596504, -0.764510810375, -0.72611695528],
        "min": [-0.857877373695, -0.940286755562, -0.922940254211, -0.914685428143, -0.898337423801, -0.863002121449],
        "stdev": [0.0880393534899, 0.0762590765953, 0.0690779238939, 0.0580163002014, 0.0534263700247, 0.0480135679245]
    },
    "spectral_contrast_valleys": {
        "max": [-5.61487340927, -5.16959047318, -5.72381782532, -5.59637784958, -5.77723503113, -7.8661403656],
        "mean": [-7.87470054626, -6.99076461792, -7.62772846222, -7.50773191452, -7.73475503922, -11.0614843369],
        "min": [-10.5495042801, -10.011343956, -10.3797292709, -10.4179162979, -10.4653120041, -12.5897026062],
        "stdev": [0.924317359924, 0.741818010807, 0.801382780075, 0.816958189011, 0.801556348801, 0.844793498516]
    }
},
"rhythm": {
    "beats_count": 73,
    "beats_loudness": {
        "max": 0.0592744462192,
        "mean": 0.0214511677623,
        "min": 0.000133467212436,
        "stdev": 0.014399651438
    },
    "bpm": 89.3211746216,
    "bpm_histogram_first_peak_bpm": 89,
    "bpm_histogram_first_peak_weight": 0.250000059605,
    "bpm_histogram_second_peak_bpm": 103,
    "bpm_histogram_second_peak_spread": 0.636363625526,
    "bpm_histogram_second_peak_weight": 0.0555555559695,
    "danceability": 0.914892077446,
    "onset_rate": 2.8916015625,
    "beats_loudness_band_ratio": {
        "max": [0.578269124031, 0.886268556118, 0.67006444931, 0.619668483734, 0.804570138454, 0.891375362873],
        "mean": [0.124594599009, 0.258057743311, 0.214812144637, 0.184827640653, 0.182917103171, 0.0829322040081],
        "min": [0.0040501980111, 0.0153986848891, 0.00678335875273, 0.00243438174948, 0.00745856855065, 0.00411109346896],
        "stdev": [0.12642416358, 0.212764129043, 0.17578920722, 0.160443425179, 0.160916313529, 0.147264674306]
    },
