{
"metadata": {
    "version": {
        "essentia": "2.1-beta5",
        "essentia_git_sha": "Undefined",
        "extractor": "music 2.0"
    },
    "audio_properties": {
        "analysis": {
            "equal_loudness": 0,
            "length": 48.7502937317,
            "sample_rate": 44100,
            "start_time": 158.998641968,
            "downmix": "mix"
        },
        "bit_rate": 192000,
        "length": 229.761459351,
        "lossless": 0,
        "number_channels": 2,
        "replay_gain": -8.52487945557,
        "sample_rate": 48000,
        "codec": "mp3",
        "md5_encoded": "38dad7869c81bffe859ea0af4809b79e"
    },
    "tags": {
        "file_name": "Germany_Die Sommermelodie_Cindy und Bert.mp3",
        "encoding": ["Lavf58.29.100"]
    }
},
"lowlevel": {
    "average_loudness": 0.936140537262,
    "barkbands_crest": {
        "max": 21.6523647308,
        "mean": 6.92942762375,
        "min": 2.64827513695,
        "stdev": 2.67666530609
    },
    "barkbands_flatness_db": {
        "max": 0.269563645124,
        "mean": 0.156239166856,
        "min": 0.0778758227825,
        "stdev": 0.0226808283478
    },
    "barkbands_kurtosis": {
        "max": 13.9454021454,
        "mean": -0.152243897319,
        "min": -1.7641055584,
        "stdev": 1.21775388718
    },
    "barkbands_skewness": {
        "max": 3.69672632217,
        "mean": 0.340906739235,
        "min": -2.07238101959,
        "stdev": 0.543759822845
    },
    "barkbands_spread": {
        "max": 70.787071228,
        "mean": 20.2120399475,
        "min": 5.44250917435,
        "stdev": 7.73780298233
    },
    "dissonance": {
        "max": 0.499836862087,
        "mean": 0.471924513578,
        "min": 0.319820731878,
        "stdev": 0.0190494749695
    },
    "dynamic_complexity": 2.01271057129,
    "erbbands_crest": {
        "max": 28.6483268738,
        "mean": 8.75097846985,
        "min": 2.74695968628,
        "stdev": 3.49512553215
    },
    "erbbands_flatness_db": {
        "max": 0.312334805727,
        "mean": 0.228485584259,
        "min": 0.135041311383,
        "stdev": 0.0276793316007
    },
    "erbbands_kurtosis": {
        "max": 14.1090545654,
        "mean": 0.0774495825171,
        "min": -1.71869671345,
        "stdev": 1.10881221294
    },
    "erbbands_skewness": {
        "max": 1.95845150948,
        "mean": 0.0404936634004,
        "min": -2.75426292419,
        "stdev": 0.553190469742
    },
    "erbbands_spread": {
        "max": 73.5002288818,
        "mean": 25.4107608795,
        "min": 4.73379421234,
        "stdev": 9.74506187439
    },
    "hfc": {
        "max": 117.781730652,
        "mean": 27.2915153503,
        "min": 0.414971232414,
        "stdev": 16.5487442017
    },
    "loudness_ebu128": {
        "integrated": -15.6418485641,
        "loudness_range": 3.65588760376,
        "momentary": {
            "max": -12.5303907394,
            "mean": -16.143075943,
            "min": -26.4983062744,
            "stdev": 2.20048427582
        },
        "short_term": {
            "max": -13.5854148865,
            "mean": -15.7919359207,
            "min": -18.6452980042,
            "stdev": 1.26121461391
        }
    },
    "melbands_crest": {
        "max": 25.5080413818,
        "mean": 9.06582927704,
        "min": 3.5476205349,
        "stdev": 3.57063007355
    },
    "melbands_flatness_db": {
        "max": 0.256977766752,
        "mean": 0.130773216486,
        "min": 0.0373735651374,
        "stdev": 0.0314042717218
    },
    "melbands_kurtosis": {
        "max": 36.6286430359,
        "mean": 1.3202701807,
        "min": -1.82743644714,
        "stdev": 2.47570586205
    },
    "melbands_skewness": {
        "max": 5.26835536957,
        "mean": 0.925361156464,
        "min": -1.23909974098,
        "stdev": 0.64218878746
    },
    "melbands_spread": {
        "max": 203.821685791,
        "mean": 34.6817016602,
        "min": 6.393638134,
        "stdev": 14.7442731857
    },
    "pitch_salience": {
        "max": 0.864797830582,
        "mean": 0.604071378708,
        "min": 0.291723817587,
        "stdev": 0.070672005415
    },
    "silence_rate_20dB": {
        "max": 1,
        "mean": 1,
        "min": 1,
        "stdev": 0
    },
    "silence_rate_30dB": {
        "max": 1,
        "mean": 1,
        "min": 1,
        "stdev": 0
    },
    "silence_rate_60dB": {
        "max": 1,
        "mean": 0.0157068055123,
        "min": 0,
        "stdev": 0.124338902533
    },
    "spectral_centroid": {
        "max": 4497.9453125,
        "mean": 1838.21643066,
        "min": 522.771057129,
        "stdev": 416.883300781
    },
    "spectral_complexity": {
        "max": 54,
        "mean": 25.5483112335,
        "min": 0,
        "stdev": 7.33375930786
    },
    "spectral_decrease": {
        "max": -6.28575941297e-11,
        "mean": -4.53726123339e-09,
        "min": -1.23646906047e-08,
        "stdev": 2.20958829011e-09
    },
    "spectral_energy": {
        "max": 0.0524815768003,
        "mean": 0.0196001119912,
        "min": 0.000274878169876,
        "stdev": 0.00964448880404
    },
    "spectral_energyband_high": {
        "max": 0.0161893498152,
        "mean": 0.000723450270016,
        "min": 6.69997598379e-06,
        "stdev": 0.000990215456113
    },
    "spectral_energyband_low": {
        "max": 0.00473971152678,
        "mean": 0.000540872220881,
        "min": 2.33891364587e-06,
        "stdev": 0.000539752596524
    },
    "spectral_energyband_middle_high": {
        "max": 0.039846599102,
        "mean": 0.011229859665,
        "min": 0.000156366178999,
        "stdev": 0.00765281962231
    },
    "spectral_energyband_middle_low": {
        "max": 0.0278763324022,
        "mean": 0.00753891281784,
        "min": 0.000112803892989,
        "stdev": 0.00405972125009
    },
    "spectral_entropy": {
        "max": 8.48702907562,
        "mean": 7.57965660095,
        "min": 6.86116886139,
        "stdev": 0.217868804932
    },
    "spectral_flux": {
        "max": 0.177776828408,
        "mean": 0.0773728713393,
        "min": 0.0182256177068,
        "stdev": 0.0239116754383
    },
    "spectral_kurtosis": {
        "max": 22.6529369354,
        "mean": 3.66018223763,
        "min": -0.918973684311,
        "stdev": 2.25844907761
    },
    "spectral_rms": {
        "max": 0.00715552503243,
        "mean": 0.0042240396142,
        "min": 0.000517855049111,
        "stdev": 0.00113117543515
    },
    "spectral_rolloff": {
        "max": 8527.1484375,
        "mean": 2307.14624023,
        "min": 366.064453125,
        "stdev": 991.139526367
    },
    "spectral_skewness": {
        "max": 3.26490592957,
        "mean": 1.21825444698,
        "min": -0.159619927406,
        "stdev": 0.307192325592
    },
    "spectral_spread": {
        "max": 10249791,
        "mean": 3127815.5,
        "min": 1892096.25,
        "stdev": 761835.5625
    },
    "spectral_strongpeak": {
        "max": 13.945898056,
        "mean": 1.93838310242,
        "min": 0.0111055066809,
        "stdev": 1.65502119064
    },
    "zerocrossingrate": {
        "max": 0.283203125,
        "mean": 0.0783292800188,
        "min": 0.01904296875,
        "stdev": 0.0239205472171
    },
    "barkbands": {
        "max": [2.85916994471e-05, 0.000966496707406, 0.00418607378379, 0.00255316030234, 0.0088347280398, 0.012716319412, 0.0164113063365, 0.0192911997437, 0.016411812976, 0.0260630473495, 0.0182813182473, 0.00930371042341, 0.0176688432693, 0.0288731958717, 0.0111359367147, 0.0164337158203, 0.0224138591439, 0.0076116793789, 0.00550569640473, 0.00273913377896, 0.00252157892101, 0.00348481955007, 0.0107738561928, 0.00252193398774, 0.000300868385239, 1.68836749026e-07, 1.82642651225e-07],
        "mean": [1.68675853729e-06, 9.936276183e-05, 0.00030183501076, 0.000256062106928, 0.000876253994647, 0.00101636140607, 0.00155870511662, 0.00190035928972, 0.00133042037487, 0.0017448887229, 0.00107999844477, 0.00102633330971, 0.0014509963803, 0.00156640342902, 0.000930676236749, 0.00103049632162, 0.00125090079382, 0.00078028650023, 0.000495201384183, 0.000363786821254, 0.000193569765543, 0.000123336241813, 0.00013769454381, 7.32516637072e-05, 1.12496409201e-05, 7.47648110089e-10, 7.9001238884e-10],
        "min": [1.14946152596e-09, 9.2919196959e-07, 7.37421260055e-07, 7.31715033453e-07, 5.62583500141e-06, 4.49643084721e-06, 1.0845066754e-05, 8.71766405908e-06, 1.23562476801e-05, 5.48976822756e-06, 5.35496656084e-06, 6.44255032967e-06, 7.88150191511e-06, 7.94957486505e-06, 1.41482059917e-05, 1.00868837762e-05, 5.0240219025e-06, 7.85817974247e-06, 3.53870723302e-06, 3.67153484149e-06, 1.53768166911e-06, 1.0583103176e-06, 1.02571607385e-06, 2.15720632468e-07, 3.74156243765e-08, 1.7293408025e-11, 2.17829695254e-11],
        "stdev": [2.02028763852e-06, 0.000127432591398, 0.0003984226787, 0.000286320893792, 0.000894219730981, 0.00121223949827, 0.00200975313783, 0.0022705483716, 0.00181020062882, 0.00228180014528, 0.00172146095429, 0.00131907488685, 0.00172268389724, 0.0023927683942, 0.00120125792455, 0.00162037927657, 0.00180291268043, 0.000871388590895, 0.000533503072802, 0.000353280862328, 0.000271105061984, 0.000248268974246, 0.000404368533054, 0.000196013992536, 2.54121168837e-05, 4.7755306376e-09, 5.16854115062e-09]
    },
    "erbbands": {
        "max": [0.00907958019525, 0.293548613787, 3.60812282562, 5.11089611053, 14.3899736404, 44.0264320374, 68.9033966064, 146.704528809, 266.940826416, 436.728515625, 476.674591064, 372.486358643, 864.797058105, 557.19519043, 813.80078125, 403.925720215, 793.849182129, 1636.82409668, 491.508514404, 648.371826172, 1119.20214844, 717.211242676, 402.62991333, 241.415344238, 265.939117432, 165.684020996, 99.9570083618, 124.275970459, 137.878356934, 146.834625244, 369.39855957, 125.857475281, 42.2924308777, 6.98899030685, 0.208042725921, 0.0089409109205, 0.00131572969258, 0.000328005087795, 0.000119713542517, 7.51593979658e-05],
        "mean": [0.00105793878902, 0.0329910106957, 0.300721079111, 0.671784162521, 1.47942960262, 3.13433980942, 5.46596288681, 9.10791397095, 16.8386268616, 36.600112915, 37.7849807739, 29.9613761902, 48.5601501465, 50.3216629028, 48.9199028015, 41.8550071716, 62.3033561707, 96.6999816895, 45.4410743713, 52.5818023682, 63.5929374695, 61.407245636, 49.37109375, 29.9703941345, 23.121805191, 17.5895881653, 10.5884437561, 5.90840816498, 4.6009721756, 3.82577514648, 3.97256875038, 2.1774699688, 0.94193571806, 0.271579414606, 0.0082779834047, 0.000390857981984, 5.58047067898e-05, 1.42804501593e-05, 1.48222716234e-05, 2.58451691479e-05],
        "min": [2.5621307941e-05, 0.000257435429376, 0.000920828897506, 0.00217083306052, 0.0100327478722, 0.0211964342743, 0.0307489782572, 0.126608610153, 0.335657387972, 0.365236699581, 0.471633940935, 0.464168429375, 0.314575076103, 0.389204740524, 0.247013613582, 0.363301515579, 0.510012567043, 0.374778211117, 0.688926637173, 0.441114574671, 0.747829973698, 0.476121991873, 0.437772929668, 0.209230810404, 0.179897814989, 0.126513332129, 0.0874525234103, 0.0439510457218, 0.0437397658825, 0.0240157172084, 0.0252308286726, 0.0098141534254, 0.00339515926316, 0.000964276841842, 3.97945441364e-05, 3.95824872612e-06, 1.04177729554e-06, 2.96199573313e-07, 8.48814067922e-07, 1.81867187621e-06],
        "stdev": [0.000947320251726, 0.0415412038565, 0.39188054204, 0.707976639271, 1.59486019611, 3.75872945786, 7.0133972168, 11.7457361221, 21.6539115906, 46.0303726196, 46.2953529358, 39.1747589111, 71.2705001831, 64.505317688, 68.9180297852, 49.2589454651, 70.2195281982, 140.877822876, 47.5278892517, 65.143081665, 95.2348480225, 75.6810302734, 53.5271263123, 30.0870933533, 24.2563972473, 17.6742763519, 12.9726257324, 8.93931293488, 9.30289268494, 8.54846763611, 13.0216197968, 6.18024730682, 2.51979494095, 0.60526996851, 0.0177506897599, 0.00081287859939, 9.72143316176e-05, 2.07393604796e-05, 9.08238143893e-06, 1.29583813759e-05]
    },
    "gfcc": {
        "mean": [-16.1249542236, 111.513832092, -200.814468384, 36.1111564636, -83.8601455688, 5.97699975967, -39.4219474792, -8.83981323242, -5.44436979294, -24.37733078, 6.34686899185, -25.0555114746, -1.01961147785],
        "cov": [[1208.43115234, -409.2159729, -175.096008301, 50.4480743408, -78.3017730713, 84.8394622803, -1.49014902115, 72.6029129028, 13.650762558, 41.7641410828, -19.2736206055, 22.7182826996, 0.481373280287], [-409.2159729, 484.363037109, 4.99072027206, -77.7339248657, 145.144744873, -84.6490783691, 111.117073059, -33.0734062195, 12.149846077, -41.8030357361, 29.6792106628, -42.2659339905, -9.53812980652], [-175.096008301, 4.99072027206, 272.302581787, 87.3376998901, -61.3403549194, 61.9774017334, -90.8766937256, -12.8064813614, -17.6415233612, 11.2792358398, -13.1864118576, 10.9882249832, -2.46670222282], [50.4480743408, -77.7339248657, 87.3376998901, 175.859024048, 3.41372227669, -19.1150150299, -59.6949501038, -3.44425606728, 20.894493103, 11.2215681076, -27.5559635162, 24.4076919556, 12.2805671692], [-78.3017730713, 145.144744873, -61.3403549194, 3.41372227669, 142.027496338, -5.84179401398, 65.5940704346, 5.88209056854, 13.9993963242, -18.0461063385, -1.61231005192, -16.5885334015, -3.1327085495], [84.8394622803, -84.6490783691, 61.9774017334, -19.1150150299, -5.84179401398, 200.677093506, 52.5656394958, 9.52147865295, -46.0398368835, 12.298283577, -4.68130159378, -18.0270957947, -18.6760559082], [-1.49014902115, 111.117073059, -90.8766937256, -59.6949501038, 65.5940704346, 52.5656394958, 182.248504639, 20.5607280731, -9.55663490295, -9.6124830246, 14.5372686386, -35.9922599792, -22.2379379272], [72.6029129028, -33.0734062195, -12.8064813614, -3.44425606728, 5.88209056854, 9.52147865295, 20.5607280731, 76.2659072876, 29.2368850708, -0.136099159718, -9.72997283936, -1.5447537899, 3.68594121933], [13.650762558, 12.149846077, -17.6415233612, 20.894493103, 13.9993963242, -46.0398368835, -9.55663490295, 29.2368850708, 94.8567657471, 18.9566860199, -9.00842761993, 18.0941371918, 4.86428308487], [41.7641410828, -41.8030357361, 11.2792358398, 11.2215681076, -18.0461063385, 12.298283577, -9.6124830246, -0.136099159718, 18.9566860199, 67.2686691284, 23.2902622223, -1.4382225275, 1.44725465775], [-19.2736206055, 29.6792106628, -13.1864118576, -27.5559635162, -1.61231005192, -4.68130159378, 14.5372686386, -9.72997283936, -9.00842761993, 23.2902622223, 61.306098938, 15.4372272491, -4.0169467926], [22.7182826996, -42.2659339905, 10.9882249832, 24.4076919556, -16.5885334015, -18.0270957947, -35.9922599792, -1.5447537899, 18.0941371918, -1.4382225275, 15.4372272491, 72.918258667, 28.7729282379], [0.481373280287, -9.53812980652, -2.46670222282, 12.2805671692, -3.1327085495, -18.6760559082, -22.2379379272, 3.68594121933, 4.86428308487, 1.44725465775, -4.0169467926, 28.7729282379, 47.4917907715]],
        "icov": [[0.00157135888003, -0.000237566971919, 0.00269230431877, -0.00175597262569, 0.00170726957731, -0.00170508446172, 0.000927033193875, -0.00156827259343, 0.000427026156103, -0.000664584396873, 0.000372746755602, -0.000609194103163, 0.000905279419385], [-0.000237566971919, 0.0152379842475, -0.0145858908072, 0.0106056565419, -0.0148331886157, 0.0119497058913, -0.010921407491, 0.00950809847564, -0.00638960953802, 0.00735234189779, -0.00755525799468, 0.00837220344692, -0.00784932635725], [0.00269230431877, -0.0145858908072, 0.0244894642383, -0.0159698203206, 0.0184208508581, -0.0171390827745, 0.0147418566048, -0.010905969888, 0.00589177664369, -0.00586339272559, 0.0053392238915, -0.00683396263048, 0.0088364649564], [-0.00175597262569, 0.0106056565419, -0.0159698203206, 0.0187720395625, -0.0149863511324, 0.0123130651191, -0.00806028582156, 0.00781864020973, -0.00289393332787, -6.04541965004e-05, 0.00226867641322, 0.000375760311726, -0.00380079168826], [0.00170726957731, -0.0148331886157, 0.0184208508581, -0.0149863511324, 0.0265354476869, -0.0142544945702, 0.00853578746319, -0.00898989941925, 0.00234987214208, -0.00198803725652, 0.00346163567156, -0.00369154755026, 0.00502423988655], [-0.00170508446172, 0.0119497058913, -0.0171390827745, 0.0123130651191, -0.0142544945702, 0.0202965196222, -0.013216051273, 0.00627509597689, 0.00151089543942, -0.000697630341165, 0.000732480140869, 0.00170486990828, -0.00239546597004], [0.000927033193875, -0.010921407491, 0.0147418566048, -0.00806028582156, 0.00853578746319, -0.013216051273, 0.0190672073513, -0.00925996247679, 0.00347966211848, -0.00249371514656, 0.000727881968487, -0.00192731420975, 0.00660866638646], [-0.00156827259343, 0.00950809847564, -0.010905969888, 0.00781864020973, -0.00898989941925, 0.00627509597689, -0.00925996247679, 0.0242579393089, -0.0120648508891, 0.0082070408389, -0.00532113248482, 0.00857108831406, -0.00966398697346], [0.000427026156103, -0.00638960953802, 0.00589177664369, -0.00289393332787, 0.00234987214208, 0.00151089543942, 0.00347966211848, -0.0120648508891, 0.0247213374823, -0.016816880554, 0.0154243176803, -0.0158372931182, 0.0119616985321], [-0.000664584396873, 0.00735234189779, -0.00586339272559, -6.04541965004e-05, -0.00198803725652, -0.000697630341165, -0.00249371514656, 0.0082070408389, -0.016816880554, 0.0340059921145, -0.0244280267507, 0.0192543696612, -0.0140609554946], [0.000372746755602, -0.00755525799468, 0.0053392238915, 0.00226867641322, 0.00346163567156, 0.000732480140869, 0.000727881968487, -0.00532113248482, 0.0154243176803, -0.0244280267507, 0.0401247963309, -0.0242288261652, 0.0166771989316], [-0.000609194103163, 0.00837220344692, -0.00683396263048, 0.000375760311726, -0.00369154755026, 0.00170486990828, -0.00192731420975, 0.00857108831406, -0.0158372931182, 0.0192543696612, -0.0242288261652, 0.0371573194861, -0.0234309863299], [0.000905279419385, -0.00784932635725, 0.0088364649564, -0.00380079168826, 0.00502423988655, -0.00239546597004, 0.00660866638646, -0.00966398697346, 0.0119616985321, -0.0140609554946, 0.0166771989316, -0.0234309863299, 0.0389559753239]]
    },
    "melbands": {
        "max": [0.000164427983691, 0.00125543307513, 0.000854833808262, 0.00214999145828, 0.00199129385874, 0.00291031738743, 0.00388712040149, 0.00413765851408, 0.00375416409224, 0.00252307439223, 0.00446576718241, 0.00219628284685, 0.00238088471815, 0.00134745973628, 0.00171354005579, 0.00224330998026, 0.0036482240539, 0.000769754056819, 0.0012345041614, 0.00100420415401, 0.00151625729632, 0.00112586130854, 0.000646684784442, 0.00037049522507, 0.000215396794374, 0.000164621582371, 0.000187197307241, 0.000146275706356, 9.20089805732e-05, 7.9032695794e-05, 0.00010409756942, 8.00269772299e-05, 8.51402874105e-05, 8.91973395483e-05, 0.000207645440241, 0.00021162070334, 4.85500786453e-05, 2.96403850371e-05, 1.87183086382e-05, 3.73482203031e-06],
        "mean": [1.70893181348e-05, 0.000118956289953, 0.000135205598781, 0.000164211611263, 0.000184911463293, 0.000207819583011, 0.000276065140497, 0.000412700872403, 0.000288512906991, 0.000187972647836, 0.000244689639658, 0.000205303294933, 0.000153812536155, 0.000130106229335, 0.00011143588199, 0.000157472779392, 0.000179388953256, 6.55715120956e-05, 7.2215210821e-05, 7.00418677297e-05, 7.73923529778e-05, 6.34925454506e-05, 6.01725405431e-05, 3.53952491423e-05, 2.27593100135e-05, 1.77269539563e-05, 1.39955873237e-05, 1.13603773571e-05, 7.66281937103e-06, 4.26156293543e-06, 3.13497116622e-06, 2.64332061306e-06, 2.1917749109e-06, 2.12334725802e-06, 2.33483842749e-06, 1.97351528186e-06, 1.11007955184e-06, 6.84131236994e-07, 4.8760421123e-07, 1.20860491393e-07],
        "min": [2.75212698853e-07, 4.46074835736e-07, 5.89938906614e-07, 1.15933062261e-06, 1.0431086821e-06, 2.3484067242e-06, 4.59938291897e-06, 4.08962796428e-06, 1.39579026381e-06, 1.93101163859e-06, 1.49565448737e-06, 1.11331291919e-06, 7.14229486221e-07, 9.74561771727e-07, 5.7663487496e-07, 9.3061453299e-07, 5.40897985957e-07, 9.68723725236e-07, 1.1950581893e-06, 3.43121968172e-07, 8.7384228209e-07, 3.44775997974e-07, 4.37954696508e-07, 2.77389602843e-07, 1.36683354413e-07, 1.08310459268e-07, 1.35751648145e-07, 3.83922120761e-08, 4.08153191245e-08, 4.19310950406e-08, 9.80124248429e-09, 2.94244237864e-08, 1.43611993408e-08, 1.32539348385e-08, 1.18825322915e-08, 1.42886360521e-08, 2.51671572471e-09, 2.08309258731e-09, 1.54634161031e-09, 4.43687336871e-10],
        "stdev": [1.94411095435e-05, 0.000140584816108, 0.000117671945191, 0.000176382352947, 0.000220165762585, 0.000259535619989, 0.000337555771694, 0.000492750958074, 0.000353242532583, 0.000261051842244, 0.000364497274859, 0.000275252503343, 0.000223987153731, 0.000164958881214, 0.00014936181833, 0.000198759546038, 0.000281655491563, 7.67330420786e-05, 0.000104439634015, 9.93694993667e-05, 0.000127566876472, 9.14141273824e-05, 8.02307840786e-05, 4.15565446019e-05, 2.56579805864e-05, 2.02262854145e-05, 1.52428356159e-05, 1.31152255562e-05, 1.00550205389e-05, 6.62943239149e-06, 5.5463319768e-06, 5.40622113476e-06, 5.05603657075e-06, 4.98175677421e-06, 7.65589538787e-06, 6.75243745718e-06, 3.1272288652e-06, 1.8638546635e-06, 1.25873316392e-06, 2.5638323109e-07]
    },
    "melbands128": {
        "max": [1.68428614415e-05, 4.68468751933e-05, 0.00013539896463, 0.000608117494266, 0.00168904918246, 0.00208913162351, 0.00124746595975, 0.00137353467289, 0.00186340254731, 0.00243886467069, 0.00320066302083, 0.00341161433607, 0.00351278739981, 0.00297543290071, 0.00496508227661, 0.00399795360863, 0.00595874153078, 0.00653939368203, 0.00645887246355, 0.00856701284647, 0.00732018379495, 0.00604734523222, 0.00662952614948, 0.00406585261226, 0.00311753619462, 0.00523763801903, 0.00611998466775, 0.0080572552979, 0.0046986467205, 0.0036097636912, 0.00429000426084, 0.00325102545321, 0.00266181863844, 0.00509360106662, 0.00270681967959, 0.00201279413886, 0.00198182743043, 0.00371524947695, 0.00332936272025, 0.00328903226182, 0.00309374532662, 0.00446995627135, 0.00597880315036, 0.00517323473468, 0.00177572621033, 0.00145661295392, 0.00133031443693, 0.00205342285335, 0.00188702240121, 0.00228242110461, 0.00183565949555, 0.00195061543491, 0.00352296303026, 0.00170978286769, 0.00420178798959, 0.00100154546089, 0.000827640178613, 0.00173876422923, 0.00140447006561, 0.000749914965127, 0.000822839851025, 0.000717899936717, 0.000458244117908, 0.000289651768981, 0.000483266019728, 0.0002198809525, 0.000271298369626, 0.000486124743475, 0.000150478022988, 0.000274109333986, 0.000173607986653, 0.000246750016231, 0.000148361359606, 0.000187111785635, 8.59609863255e-05, 0.000191840546904, 0.000142332341056, 6.64994004183e-05, 0.000147975893924, 0.000146685080836, 9.7764765087e-05, 0.000101368335891, 0.00017200828006, 0.000127802210045, 0.00015223371156, 0.000132601591758, 9.00001468835e-05, 0.000109261498437, 0.000263527675997, 0.000298620900139, 0.000361663696822, 0.000181798211997, 0.00010893461149, 7.816615107e-05, 4.15388785768e-05, 2.91833093797e-05, 3.5875436879e-05, 6.06776666245e-05, 2.26289866987e-05, 1.58221846505e-05, 1.05098251879e-05, 2.8719099987e-07, 6.25206197924e-09, 1.3034137103e-09, 1.28943644651e-09, 1.25152455066e-09, 1.21855459057e-09, 1.18816734229e-09, 1.14261322626e-09, 1.10380826701e-09, 1.06741071537e-09, 1.03372854721e-09, 9.99540783475e-10, 9.69465285827e-10, 9.31047627883e-10, 9.02899366384e-10, 8.80310491169e-10, 8.51244907896e-10, 8.2923462541e-10, 8.12764688884e-10, 7.87178322526e-10, 7.70099040093e-10, 7.59024287866e-10, 7.40666972199e-10, 7.34862282137e-10, 7.25771609478e-10, 7.18118731147e-10, 7.14913350741e-10],
        "mean": [1.39235851293e-06, 5.27264228367e-06, 1.1208041542e-05, 6.17540063104e-05, 0.000142855831655, 0.000143244556966, 0.000136701055453, 0.000122105499031, 0.000147408412886, 0.000165174322319, 0.000173684878973, 0.000192940409761, 0.000197051442228, 0.000162608077517, 0.000175445151399, 0.000261012115516, 0.000254211976426, 0.000241013127379, 0.000340677303029, 0.000465735618491, 0.000418572657509, 0.00035277925781, 0.000293480348773, 0.000191456303583, 0.000175432520336, 0.000172499727341, 0.000247240939643, 0.000274909863947, 0.000200720518478, 0.000272106466582, 0.000182829491678, 0.000126542276121, 0.000153761837282, 0.000173148335307, 0.000158283510245, 0.000113369169412, 8.73121753102e-05, 9.68055828707e-05, 0.000148666280438, 0.00011980466661, 0.00013267849863, 0.000257023435552, 0.000212643484701, 0.000137779978104, 5.58003921469e-05, 5.75772137381e-05, 6.68941647746e-05, 7.77213645051e-05, 6.81430028635e-05, 7.13617628207e-05, 6.88466316205e-05, 7.20736497897e-05, 7.25041827536e-05, 8.04067603895e-05, 8.96490018931e-05, 4.40060794062e-05, 5.4437572544e-05, 8.85255722096e-05, 4.83503608848e-05, 3.90059503843e-05, 3.89504821214e-05, 2.6533174605e-05, 2.87592429231e-05, 1.71941192093e-05, 2.26180436584e-05, 1.50711148308e-05, 1.72895179276e-05, 1.87007026398e-05, 1.04721120806e-05, 1.24792413772e-05, 1.0765505067e-05, 1.2914589206e-05, 8.16197734821e-06, 8.1649995991e-06, 3.57634348802e-06, 6.10636698184e-06, 3.26771692016e-06, 2.95950167128e-06, 3.4003780911e-06, 2.97412566397e-06, 2.54436599789e-06, 2.47487423621e-06, 2.78309016721e-06, 1.94437393475e-06, 2.04277898774e-06, 1.96622067961e-06, 2.26875522458e-06, 2.18456079892e-06, 2.31393096328e-06, 2.39573296312e-06, 2.51681672125e-06, 1.76869627921e-06, 1.28034139379e-06, 1.16577405151e-06, 9.86978875517e-07, 6.86069938638e-07, 6.75261560446e-07, 5.59482771223e-07, 5.34966034138e-07, 4.27193015184e-07, 3.07158217083e-07, 3.3409985889e-09, 6.72560895865e-11, 6.69513403051e-12, 6.18840872643e-12, 5.88753221523e-12, 5.62780334487e-12, 5.38722452065e-12, 5.14464382553e-12, 4.92812648328e-12, 4.73382661195e-12, 4.55702012583e-12, 4.38367397937e-12, 4.22313573001e-12, 4.07261334032e-12, 3.94097818615e-12, 3.82334571988e-12, 3.70988266149e-12, 3.6096162951e-12, 3.51416530424e-12, 3.42327360035e-12, 3.34806683246e-12, 3.28575209575e-12, 3.22357245064e-12, 3.14579091942e-12, 3.05018315293e-12, 2.99086710259e-12, 2.97009595737e-12],
        "min": [1.32518107598e-10, 1.85164630295e-08, 2.24955556405e-08, 1.11648539303e-07, 4.06405575859e-08, 3.74182604901e-07, 2.57524249037e-07, 3.00622900795e-07, 6.52262428957e-07, 7.20141429156e-07, 7.28011514184e-07, 6.43590453819e-07, 5.92718549797e-07, 8.94450181477e-07, 3.16055434268e-07, 4.54019073004e-07, 9.82326014309e-07, 9.79269771051e-07, 1.17641184261e-06, 7.53806148168e-07, 1.51704693963e-06, 4.27969922612e-07, 2.61352624875e-07, 3.7431277633e-07, 4.74497483083e-07, 6.89532782872e-07, 2.31676295925e-07, 5.36962261322e-07, 5.24075801422e-07, 1.05900511471e-07, 4.24556361622e-07, 2.57303071294e-07, 3.73181819668e-07, 5.04238187204e-07, 9.02303298744e-08, 3.10219661515e-07, 1.15710548698e-07, 8.55971933333e-08, 4.7723954566e-08, 6.53805670936e-07, 2.34939733446e-07, 2.70967859706e-07, 1.36406498541e-07, 2.51986932653e-07, 2.89626029826e-07, 4.02043525582e-07, 3.32705269557e-07, 2.96339578654e-07, 1.44418820014e-07, 7.87338194641e-08, 1.0497356584e-07, 2.67236856644e-07, 2.76794594356e-07, 3.94465814679e-07, 1.1373095532e-07, 1.08321110304e-07, 1.86725827689e-07, 7.667382107e-08, 2.02157337981e-07, 9.92160025248e-08, 8.57549977695e-08, 7.27869817752e-08, 1.11414820481e-07, 1.08162865331e-07, 1.37539700518e-07, 5.16070741696e-08, 5.09418036643e-08, 4.02955429024e-08, 1.20277491078e-07, 4.75778385578e-08, 2.21400675571e-08, 1.97113099176e-08, 9.1899465815e-09, 1.94750278126e-08, 4.10514928717e-08, 2.39391226842e-08, 6.30110763566e-09, 6.63584476257e-09, 5.63982860413e-09, 2.83632139997e-09, 1.90581417314e-08, 1.88030888637e-08, 6.58081633631e-09, 1.08348734429e-08, 7.80622499974e-09, 7.31520488628e-09, 7.29427585e-09, 5.58079404911e-09, 9.43679445697e-09, 8.79725092773e-09, 1.66101656873e-08, 9.21164211576e-09, 8.11799905076e-10, 1.6957625304e-09, 2.99950686511e-09, 4.38184988294e-10, 4.59928484187e-10, 5.51656553771e-10, 3.26109805826e-10, 1.39636191498e-09, 5.42205835785e-10, 6.22185419505e-12, 1.45959917872e-13, 8.74699279479e-14, 6.22786259954e-14, 5.9256243033e-14, 8.39456406948e-14, 6.53414632514e-14, 8.0460079788e-14, 7.73494495451e-14, 6.27185545794e-14, 7.09610592942e-14, 7.24191485859e-14, 7.05527623086e-14, 8.0417660378e-14, 5.90162684347e-14, 6.90810052933e-14, 7.84856392117e-14, 6.33612764036e-14, 8.11578248724e-14, 8.04324055276e-14, 7.94336859201e-14, 7.39731084547e-14, 7.66306370572e-14, 5.6435579273e-14, 2.15239440583e-14, 2.13690446021e-15, 7.89425971814e-17],
        "stdev": [1.67631242221e-06, 5.852110462e-06, 1.29248328449e-05, 8.65713373059e-05, 0.000205523218028, 0.000185006589163, 0.00017799861962, 0.000144984267536, 0.000191189086763, 0.000227096039453, 0.000254491897067, 0.000284709269181, 0.00030847848393, 0.000290712167043, 0.000305218069116, 0.000397518539103, 0.000466364144813, 0.000441711104941, 0.000577960163355, 0.000788763456512, 0.000659518933389, 0.000608622445725, 0.000521621434018, 0.000376400537789, 0.00034937626333, 0.000386321393307, 0.000501943693962, 0.000551142089535, 0.000412523630075, 0.000461133022327, 0.000345530395862, 0.000252625730354, 0.000285724730929, 0.000399560522055, 0.000295771722449, 0.000200028152904, 0.000175281020347, 0.000218606423005, 0.000252996047493, 0.000217122535105, 0.000245934264967, 0.000509093166329, 0.000458347814856, 0.000324612105032, 0.000119028743939, 0.000109251348476, 0.00011763087241, 0.000168497586856, 0.000134933274239, 0.000151593863848, 0.000123731864733, 0.000162566153449, 0.000189487138414, 0.000167015212355, 0.000250900367973, 8.47199407872e-05, 9.03622567421e-05, 0.000160649928148, 9.39273450058e-05, 7.17924704077e-05, 7.00176606188e-05, 4.57953028672e-05, 4.79547306895e-05, 2.52038062172e-05, 4.21812837885e-05, 2.25330259127e-05, 2.64881309704e-05, 3.35078730131e-05, 1.36984526762e-05, 1.88232006622e-05, 1.62647411344e-05, 2.30207842833e-05, 1.33243675009e-05, 1.58561560966e-05, 6.07617630521e-06, 1.36958906296e-05, 6.37209041088e-06, 5.47529270989e-06, 7.2999096119e-06, 6.75603178024e-06, 5.67085726288e-06, 5.98785391048e-06, 7.87910994404e-06, 5.12117185281e-06, 5.07468212163e-06, 5.44411295778e-06, 5.75661351832e-06, 5.87284830544e-06, 8.59319152369e-06, 1.0309992831e-05, 9.69702250586e-06, 6.48425520922e-06, 4.0406230255e-06, 3.65721848539e-06, 2.8276640478e-06, 1.96804717234e-06, 1.87422733688e-06, 2.07451989809e-06, 1.47318064592e-06, 1.08291408196e-06, 6.58775604734e-07, 9.46347977759e-09, 2.54270243749e-10, 3.73514795482e-11, 3.67360690479e-11, 3.56055948614e-11, 3.45923463485e-11, 3.3651765402e-11, 3.23752587239e-11, 3.12611637965e-11, 3.01728815544e-11, 2.921133474e-11, 2.82506119192e-11, 2.7360919086e-11, 2.63550969243e-11, 2.55406303745e-11, 2.48773189548e-11, 2.41276287144e-11, 2.34778585462e-11, 2.29233194926e-11, 2.23193998006e-11, 2.18191732043e-11, 2.14343629651e-11, 2.10060996375e-11, 2.07815015196e-11, 2.05413169113e-11, 2.03378824198e-11, 2.02406112704e-11]
    },
    "mfcc": {
        "mean": [-616.467773438, 108.612075806, -44.6393051147, 6.11844873428, -13.0070390701, -6.31630039215, -13.8512563705, 0.945004701614, -12.9792394638, 3.58469796181, -6.2388510704, 1.46636259556, -5.96869897842],
        "cov": [[1398.79260254, -470.730926514, -147.342514038, -59.8984718323, -61.0799827576, -1.25498759747, -2.5327103138, 19.5815219879, 75.7610473633, -18.5008068085, 18.7910423279, 87.9209671021, 20.8113765717], [-470.730926514, 548.393066406, -134.173400879, 22.8537006378, -15.6723051071, -7.15228033066, 72.7516555786, 27.6294517517, -21.6683082581, 35.1344413757, 26.7232189178, -32.752166748, -15.8088750839], [-147.342514038, -134.173400879, 358.560089111, -10.0233697891, 55.6600151062, 32.352142334, -41.351688385, -36.6096076965, -25.3782176971, -20.8103752136, -17.5590686798, -18.4870738983, -0.701362788677], [-59.8984718323, 22.8537006378, -10.0233697891, 200.680831909, 46.1070327759, -29.4732151031, -73.1352157593, -15.265332222, 17.3687553406, -13.5100793839, -31.6129760742, 16.6230869293, 27.8201503754], [-61.0799827576, -15.6723051071, 55.6600151062, 46.1070327759, 114.30632019, 2.73403310776, -43.4276199341, -7.32533836365, 13.8475675583, -17.7224636078, -17.4538917542, 2.13484144211, 9.6515045166], [-1.25498759747, -7.15228033066, 32.352142334, -29.4732151031, 2.73403310776, 116.639656067, 64.1163635254, 12.7190847397, -0.21350698173, 11.2885055542, 19.5538597107, -7.31709337234, -13.5524520874], [-2.5327103138, 72.7516555786, -41.351688385, -73.1352157593, -43.4276199341, 64.1163635254, 180.574325562, 33.8358039856, -14.9251747131, 38.6335754395, 28.2128925323, -29.3185424805, -17.4669818878], [19.5815219879, 27.6294517517, -36.6096076965, -15.265332222, -7.32533836365, 12.7190847397, 33.8358039856, 92.4492034912, 26.0733947754, 8.63018608093, 1.72501373291, -2.22812986374, 0.624813079834], [75.7610473633, -21.6683082581, -25.3782176971, 17.3687553406, 13.8475675583, -0.21350698173, -14.9251747131, 26.0733947754, 98.6955871582, 11.3946723938, 0.92900633812, 17.530210495, 5.27678155899], [-18.5008068085, 35.1344413757, -20.8103752136, -13.5100793839, -17.7224636078, 11.2885055542, 38.6335754395, 8.63018608093, 11.3946723938, 91.2236099243, 27.1288089752, -22.3235969543, -9.20286464691], [18.7910423279, 26.7232189178, -17.5590686798, -31.6129760742, -17.4538917542, 19.5538597107, 28.2128925323, 1.72501373291, 0.92900633812, 27.1288089752, 62.4412345886, 12.8648738861, -7.57014989853], [87.9209671021, -32.752166748, -18.4870738983, 16.6230869293, 2.13484144211, -7.31709337234, -29.3185424805, -2.22812986374, 17.530210495, -22.3235969543, 12.8648738861, 80.8235473633, 25.9697246552], [20.8113765717, -15.8088750839, -0.701362788677, 27.8201503754, 9.6515045166, -13.5524520874, -17.4669818878, 0.624813079834, 5.27678155899, -9.20286464691, -7.57014989853, 25.9697246552, 59.6805610657]],
        "icov": [[0.00138771045022, 0.00141663127579, 0.000919858925045, 0.000151834581629, 0.000335202174028, 8.08785844129e-05, -0.000343862455338, -6.40325743007e-05, -0.000531141646206, 0.000204821961233, -0.000409717089497, -0.000648810586426, 4.46414969701e-06], [0.00141663127579, 0.00377618684433, 0.00169559998903, -0.0006148860557, -9.15511700441e-05, 0.000656397314742, -0.00119927653577, -0.000551868986804, 0.000197010900592, 0.000151145955897, -0.0016387628857, 0.000275467667961, 0.000309632421704], [0.000919858925045, 0.00169559998903, 0.00442647701129, 0.000683524413034, -0.00136098626535, -0.00141691346653, 0.00074373523239, 0.000804973300546, 0.000614080112427, 0.000268359028269, -5.6430882978e-05, 0.0008419562364, -0.000417081872001], [0.000151834581629, -0.0006148860557, 0.000683524413034, 0.00717962300405, -0.00175317376852, -0.000394747359678, 0.00221694679931, 0.000929585075937, -0.000641296326648, -0.00108623178676, 0.00306394533254, -0.000880813749973, -0.00206045759842], [0.000335202174028, -9.15511700441e-05, -0.00136098626535, -0.00175317376852, 0.0116767147556, -0.00171377125662, 0.00191443052609, 2.3688240617e-05, -0.00193825538736, 0.001327675418, 0.000763760705013, 0.000851413875353, -0.000954858667683], [8.08785844129e-05, 0.000656397314742, -0.00141691346653, -0.000394747359678, -0.00171377125662, 0.0124353449792, -0.00510431081057, -0.000694416172337, -0.000586042238865, 0.000717953778803, -0.00288491719402, -0.000620673352387, 0.00199408037588], [-0.000343862455338, -0.00119927653577, 0.00074373523239, 0.00221694679931, 0.00191443052609, -0.00510431081057, 0.0106789171696, -0.00214155879803, 0.00156138557941, -0.0019904000219, -0.000482890900457, 0.00245139072649, -0.00111623667181], [-6.40325743007e-05, -0.000551868986804, 0.000804973300546, 0.000929585075937, 2.3688240617e-05, -0.000694416172337, -0.00214155879803, 0.0134306149557, -0.00397082464769, 0.000296155922115, 0.00148666265886, 0.000420462776674, -0.00107426417526], [-0.000531141646206, 0.000197010900592, 0.000614080112427, -0.000641296326648, -0.00193825538736, -0.000586042238865, 0.00156138557941, -0.00397082464769, 0.0132239721715, -0.00323049281724, 0.000858863815665, -0.00279499450698, 0.000880280218553], [0.000204821961233, 0.000151145955897, 0.000268359028269, -0.00108623178676, 0.001327675418, 0.000717953778803, -0.0019904000219, 0.000296155922115, -0.00323049281724, 0.0159617438912, -0.0078474804759, 0.00614533433691, -0.00108176039066], [-0.000409717089497, -0.0016387628857, -5.6430882978e-05, 0.00306394533254, 0.000763760705013, -0.00288491719402, -0.000482890900457, 0.00148666265886, 0.000858863815665, -0.0078474804759, 0.0252027045935, -0.00860631000251, 0.00300011457875], [-0.000648810586426, 0.000275467667961, 0.0008419562364, -0.000880813749973, 0.000851413875353, -0.000620673352387, 0.00245139072649, 0.000420462776674, -0.00279499450698, 0.00614533433691, -0.00860631000251, 0.0205252356827, -0.00767424982041], [4.46414969701e-06, 0.000309632421704, -0.000417081872001, -0.00206045759842, -0.000954858667683, 0.00199408037588, -0.00111623667181, -0.00107426417526, 0.000880280218553, -0.00108176039066, 0.00300011457875, -0.00767424982041, 0.0215590354055]]
    },
    "spectral_contrast_coeffs": {
        "max": [-0.455256134272, -0.534024953842, -0.555058240891, -0.572466433048, -0.64037913084, -0.57171612978],
        "mean": [-0.689170360565, -0.736992299557, -0.732084929943, -0.735942423344, -0.742975711823, -0.710081279278],
        "min": [-0.888591170311, -0.918835937977, -0.897189021111, -0.881818711758, -0.847254037857, -0.872318506241],
        "stdev": [0.0609911084175, 0.0625911578536, 0.0552225597203, 0.0465516224504, 0.0403336025774, 0.0369962528348]
    },
    "spectral_contrast_valleys": {
        "max": [-6.24889087677, -5.0864071846, -5.3137421608, -5.93777942657, -5.87486743927, -8.36621665955],
        "mean": [-7.55896854401, -6.45360088348, -6.98439359665, -7.13186645508, -7.24302577972, -10.7233610153],
        "min": [-9.23932170868, -8.02354049683, -8.96701812744, -8.82700824738, -9.23739337921, -12.8476314545],
        "stdev": [0.478944152594, 0.406699836254, 0.507966518402, 0.404607951641, 0.458808600903, 0.682723641396]
    }
},
"rhythm": {
    "beats_count": 78,
    "beats_loudness": {
        "max": 0.050201933831,
        "mean": 0.0224687382579,
        "min": 0.00237594079226,
        "stdev": 0.0101879667491
    },
    "bpm": 96.4376983643,
    "bpm_histogram_first_peak_bpm": 96,
    "bpm_histogram_first_peak_weight": 0.611111104488,
    "bpm_histogram_second_peak_bpm": 101,
    "bpm_histogram_second_peak_spread": 0,
    "bpm_histogram_second_peak_weight": 0.0519480518997,
    "danceability": 0.973277330399,
    "onset_rate": 2.4609375,
    "beats_loudness_band_ratio": {
        "max": [0.253671884537, 0.510458469391, 0.662061035633, 0.630761682987, 0.564616560936, 0.273019373417],
        "mean": [0.0549817159772, 0.11652610451, 0.294686079025, 0.300192713737, 0.210488021374, 0.068593673408],
        "min": [0.00405091838911, 0.00457993056625, 0.0775468274951, 0.0398296006024, 0.0221983250231, 0.00757996505126],
        "stdev": [0.0474841371179, 0.0908761024475, 0.124711476266, 0.159352973104, 0.133274555206, 0.0464410111308]
    },
