{
"metadata": {
    "version": {
        "essentia": "2.1-beta5",
        "essentia_git_sha": "Undefined",
        "extractor": "music 2.0"
    },
    "audio_properties": {
        "analysis": {
            "equal_loudness": 0,
            "length": 29.0017242432,
            "sample_rate": 44100,
            "start_time": 32.4963264465,
            "downmix": "mix"
        },
        "bit_rate": 192000,
        "length": 253.801361084,
        "lossless": 0,
        "number_channels": 2,
        "replay_gain": -8.92455101013,
        "sample_rate": 48000,
        "codec": "mp3",
        "md5_encoded": "5d4086ae6486200ced489b0a3d798362"
    },
    "tags": {
        "file_name": "Yugoslavia_Moja Generacija_Korni.mp3",
        "encoding": ["Lavf58.29.100"]
    }
},
"lowlevel": {
    "average_loudness": 0.426794826984,
    "barkbands_crest": {
        "max": 23.9798336029,
        "mean": 9.12543201447,
        "min": 3.15089273453,
        "stdev": 4.25785684586
    },
    "barkbands_flatness_db": {
        "max": 0.40937229991,
        "mean": 0.225928559899,
        "min": 0.104363441467,
        "stdev": 0.0520952641964
    },
    "barkbands_kurtosis": {
        "max": 42.6079368591,
        "mean": 2.0478913784,
        "min": -1.7816041708,
        "stdev": 3.94724035263
    },
    "barkbands_skewness": {
        "max": 4.70198869705,
        "mean": 0.612145841122,
        "min": -1.69534337521,
        "stdev": 1.02474200726
    },
    "barkbands_spread": {
        "max": 37.7584762573,
        "mean": 9.42908668518,
        "min": 0.907604277134,
        "stdev": 4.72157335281
    },
    "dissonance": {
        "max": 0.500000059605,
        "mean": 0.453465819359,
        "min": 0.129050955176,
        "stdev": 0.0543496459723
    },
    "dynamic_complexity": 6.2123837471,
    "erbbands_crest": {
        "max": 26.8478908539,
        "mean": 10.2009410858,
        "min": 3.96102643013,
        "stdev": 4.57631492615
    },
    "erbbands_flatness_db": {
        "max": 0.434251964092,
        "mean": 0.295433312654,
        "min": 0.146868497133,
        "stdev": 0.0461427383125
    },
    "erbbands_kurtosis": {
        "max": 22.088727951,
        "mean": 1.12668645382,
        "min": -1.87494838238,
        "stdev": 2.04280567169
    },
    "erbbands_skewness": {
        "max": 3.8418674469,
        "mean": 0.234635382891,
        "min": -2.76579809189,
        "stdev": 0.701037764549
    },
    "erbbands_spread": {
        "max": 50.956035614,
        "mean": 15.3706674576,
        "min": 3.04308176041,
        "stdev": 8.53646659851
    },
    "hfc": {
        "max": 121.053764343,
        "mean": 18.6965694427,
        "min": 0.0116927726194,
        "stdev": 20.7843589783
    },
    "loudness_ebu128": {
        "integrated": -15.3879299164,
        "loudness_range": 14.7793159485,
        "momentary": {
            "max": -10.2045984268,
            "mean": -19.6348438263,
            "min": -37.1153564453,
            "stdev": 6.68609428406
        },
        "short_term": {
            "max": -11.6806135178,
            "mean": -18.7861804962,
            "min": -30.1696300507,
            "stdev": 5.31174659729
        }
    },
    "melbands_crest": {
        "max": 30.5612316132,
        "mean": 10.602514267,
        "min": 3.47865772247,
        "stdev": 5.13430309296
    },
    "melbands_flatness_db": {
        "max": 0.490171283484,
        "mean": 0.2358661443,
        "min": 0.0589528083801,
        "stdev": 0.0950960814953
    },
    "melbands_kurtosis": {
        "max": 58.78099823,
        "mean": 3.45773863792,
        "min": -1.5248093605,
        "stdev": 5.74405908585
    },
    "melbands_skewness": {
        "max": 6.75928926468,
        "mean": 0.921071112156,
        "min": -1.72701692581,
        "stdev": 1.17693221569
    },
    "melbands_spread": {
        "max": 62.7878494263,
        "mean": 16.5620212555,
        "min": 1.58161604404,
        "stdev": 7.92472457886
    },
    "pitch_salience": {
        "max": 0.883275806904,
        "mean": 0.683018922806,
        "min": 0.220152452588,
        "stdev": 0.146258428693
    },
    "silence_rate_20dB": {
        "max": 1,
        "mean": 1,
        "min": 1,
        "stdev": 0
    },
    "silence_rate_30dB": {
        "max": 1,
        "mean": 0.993600010872,
        "min": 0,
        "stdev": 0.0797436833382
    },
    "silence_rate_60dB": {
        "max": 1,
        "mean": 0.367199987173,
        "min": 0,
        "stdev": 0.482041418552
    },
    "spectral_centroid": {
        "max": 2598.02954102,
        "mean": 1223.52807617,
        "min": 288.220336914,
        "stdev": 612.818359375
    },
    "spectral_complexity": {
        "max": 49,
        "mean": 17.9032001495,
        "min": 0,
        "stdev": 13.9650793076
    },
    "spectral_decrease": {
        "max": -7.30080666062e-12,
        "mean": -3.75296238531e-09,
        "min": -3.65636019239e-08,
        "stdev": 4.73335859397e-09
    },
    "spectral_energy": {
        "max": 0.148979306221,
        "mean": 0.0158603768796,
        "min": 2.91249161819e-05,
        "stdev": 0.0195176582783
    },
    "spectral_energyband_high": {
        "max": 0.00157655531075,
        "mean": 0.000168857048266,
        "min": 2.53338754419e-08,
        "stdev": 0.000251259887591
    },
    "spectral_energyband_low": {
        "max": 0.00330519210547,
        "mean": 0.00013412196131,
        "min": 1.04868627204e-06,
        "stdev": 0.000249237404205
    },
    "spectral_energyband_middle_high": {
        "max": 0.0505988746881,
        "mean": 0.00895890500396,
        "min": 2.32384627452e-06,
        "stdev": 0.0100689101964
    },
    "spectral_energyband_middle_low": {
        "max": 0.104969710112,
        "mean": 0.00674220593646,
        "min": 1.12958332465e-05,
        "stdev": 0.014308847487
    },
    "spectral_entropy": {
        "max": 8.10594463348,
        "mean": 7.07466650009,
        "min": 5.18699598312,
        "stdev": 0.644365370274
    },
    "spectral_flux": {
        "max": 0.319362550974,
        "mean": 0.0703572034836,
        "min": 0.00276425341144,
        "stdev": 0.0551646091044
    },
    "spectral_kurtosis": {
        "max": 131.357635498,
        "mean": 17.5491733551,
        "min": 0.859976053238,
        "stdev": 18.5955314636
    },
    "spectral_rms": {
        "max": 0.0120559390634,
        "mean": 0.00322334328666,
        "min": 0.000168566170032,
        "stdev": 0.00225468445569
    },
    "spectral_rolloff": {
        "max": 3574.51171875,
        "mean": 1442.12133789,
        "min": 236.865234375,
        "stdev": 703.412536621
    },
    "spectral_skewness": {
        "max": 7.93262624741,
        "mean": 2.56805443764,
        "min": 0.638586819172,
        "stdev": 1.28929126263
    },
    "spectral_spread": {
        "max": 14937417,
        "mean": 2053611.125,
        "min": 432165.96875,
        "stdev": 694642.375
    },
    "spectral_strongpeak": {
        "max": 6.0362610817,
        "mean": 1.07941925526,
        "min": 0.00453813187778,
        "stdev": 0.976038098335
    },
    "zerocrossingrate": {
        "max": 0.0986328125,
        "mean": 0.0529289059341,
        "min": 0.0107421875,
        "stdev": 0.0236835293472
    },
    "barkbands": {
        "max": [0.000145974612678, 0.000671422691084, 0.00167913641781, 0.0039777290076, 0.0140856150538, 0.0640478879213, 0.0670127496123, 0.0744595527649, 0.0483305491507, 0.00668519595638, 0.0104111647233, 0.0115405153483, 0.00948616955429, 0.0114712957293, 0.0129515230656, 0.0136855579913, 0.0063276514411, 0.00239349063486, 0.00194931961596, 0.0016524620587, 0.00053942046361, 0.000594053883106, 0.000323174346704, 0.000125140839373, 2.64942227659e-05, 9.23723655433e-06, 9.79336527962e-06],
        "mean": [1.79160997504e-06, 2.17614033318e-05, 6.27595509286e-05, 0.000107464074972, 0.000538535881788, 0.00109176791739, 0.00182730180677, 0.00172377587296, 0.00126137130428, 0.000729783962015, 0.000911112758331, 0.00115027453285, 0.00127293018159, 0.00147836736869, 0.00148405390792, 0.00107059115544, 0.00055135844741, 0.00024010729976, 0.000126820319565, 7.77694003773e-05, 5.89309565839e-05, 3.65449304809e-05, 2.17516026169e-05, 1.18081761684e-05, 1.6360884274e-06, 7.86299825251e-09, 8.32852631305e-09],
        "min": [3.61985375008e-09, 3.8855580442e-07, 6.55486545043e-08, 6.76107791975e-09, 8.68191307291e-07, 2.50208927355e-07, 1.38053408705e-07, 4.12829905372e-07, 3.79046298349e-07, 1.40472408816e-07, 1.39725059967e-07, 1.26495862673e-07, 1.07011743467e-07, 2.68377789325e-07, 9.570167947e-08, 1.03876871549e-07, 1.63669415798e-08, 9.06283847968e-09, 3.29654614717e-09, 1.19609233629e-09, 1.49858764287e-10, 4.83660311801e-09, 2.82120171669e-09, 5.05536279505e-09, 9.98565008459e-10, 1.61231011181e-11, 1.916207297e-11],
        "stdev": [7.87885255704e-06, 3.45801272488e-05, 0.000135026086355, 0.000337397388648, 0.00120488763787, 0.00369698740542, 0.00588378310204, 0.00607653008774, 0.00430858507752, 0.000934022944421, 0.00112391565926, 0.00151946069673, 0.00165278615896, 0.00199598656036, 0.00202596466988, 0.00149022997357, 0.000765558914281, 0.000332414958393, 0.000194831809495, 0.000123787904158, 8.94780241651e-05, 5.8914978581e-05, 3.72675676772e-05, 1.96877372218e-05, 2.92326035378e-06, 2.6115236551e-07, 2.76875255167e-07]
    },
    "erbbands": {
        "max": [0.0399693623185, 0.0811411067843, 1.14985060692, 6.16613721848, 27.8134117126, 73.0382843018, 268.185241699, 530.457397461, 966.542175293, 1314.75195312, 2003.65881348, 1443.36938477, 385.463195801, 313.778045654, 553.060852051, 400.42401123, 430.903808594, 638.471984863, 570.337646484, 621.607177734, 503.664520264, 311.020812988, 154.791900635, 84.1807937622, 87.1281509399, 78.9086685181, 30.0482501984, 21.7344493866, 21.9293632507, 14.4523000717, 11.8925027847, 3.67977762222, 1.99295079708, 0.70572412014, 0.0681658610702, 0.0369837842882, 0.0170956291258, 0.00607662042603, 0.00140580232255, 0.000181580631761],
        "mean": [0.000582002918236, 0.00587915163487, 0.0564080439508, 0.237488329411, 0.679121851921, 2.06770181656, 5.2804684639, 10.3204154968, 20.3423290253, 36.9818153381, 34.7237319946, 29.2038555145, 21.1936511993, 29.2256069183, 40.3175430298, 48.624042511, 57.5090827942, 73.5593185425, 77.1784362793, 74.3334121704, 51.842376709, 30.3382663727, 15.4661874771, 8.34728145599, 5.42632627487, 3.72122073174, 2.7736749649, 2.01075482368, 1.39167201519, 0.917748749256, 0.563551306725, 0.326357454062, 0.155265927315, 0.0384473502636, 0.00118766294327, 9.80223412625e-05, 2.90224306809e-05, 9.73597434495e-06, 1.08207859739e-05, 1.98003926926e-05],
        "min": [7.28015447748e-06, 5.35761937499e-05, 8.75518162502e-05, 0.000449571525678, 0.00167056417558, 0.0033047189936, 0.00268414220773, 0.0028842552565, 0.00469681899995, 0.0198506936431, 0.013064969331, 0.00854976195842, 0.00815295707434, 0.0110240392387, 0.00981172733009, 0.0105006294325, 0.00515714334324, 0.0145660704002, 0.00551896123216, 0.00556378625333, 0.0040088170208, 0.00131221371703, 0.000520865432918, 0.000367513042875, 0.000205753720365, 0.000463907519588, 0.000108810876554, 8.86373818503e-05, 0.000167702848557, 0.000135073059937, 9.55197829171e-05, 0.000140153540997, 5.64635120099e-05, 2.72277793556e-05, 1.02563126347e-06, 1.55840140792e-07, 6.79807286019e-08, 2.26856631258e-08, 2.04296348727e-08, 3.44363222382e-08],
        "stdev": [0.00137988128699, 0.00877083465457, 0.107306711376, 0.590453445911, 1.62919139862, 4.84389686584, 15.9569454193, 37.0480003357, 67.5191802979, 122.527824402, 122.827156067, 103.042442322, 32.1002044678, 34.894744873, 49.4761924744, 62.6532897949, 72.7298278809, 98.0985488892, 102.067749023, 99.8123550415, 69.9420166016, 41.3239707947, 21.2316513062, 11.8247203827, 8.64172840118, 5.9271402359, 4.20971107483, 3.1156411171, 2.23308157921, 1.5423592329, 0.98844230175, 0.546918988228, 0.262266129255, 0.067005828023, 0.00272097531706, 0.00104863173328, 0.000483273441205, 0.000171762992977, 4.10361863032e-05, 2.394144758e-05]
    },
    "gfcc": {
        "mean": [-141.172546387, 144.757843018, -195.257720947, 1.16703891754, -60.4420318604, 5.49618148804, -40.5345230103, -16.3940658569, 0.918375015259, -24.0389461517, 7.18748521805, -17.6018009186, 5.59822368622],
        "cov": [[12294.2373047, -4600.74169922, -4559.99462891, -75.4521713257, -1385.2208252, -111.642585754, 121.523483276, -44.1745986938, 265.005767822, 375.740142822, -15.8106250763, 33.8268165588, 187.048477173], [-4600.74169922, 3270.10107422, 2574.65283203, -505.602539062, 835.375976562, -581.449035645, -257.339385986, -27.7515697479, -57.5272789001, -237.900588989, 7.39785575867, 0.753672361374, -277.170196533], [-4559.99462891, 2574.65283203, 2401.75683594, -161.098709106, 604.42956543, -285.869781494, -226.033905029, -19.5654201508, -87.0624008179, -172.588180542, 4.44652080536, -24.0889320374, -198.028900146], [-75.4521713257, -505.602539062, -161.098709106, 528.027038574, -78.9817886353, 214.595596313, -19.2262802124, -7.58802604675, -15.2607212067, 48.4682922363, 18.2478599548, -57.0485153198, 36.2319755554], [-1385.2208252, 835.375976562, 604.42956543, -78.9817886353, 392.925750732, -146.151092529, -82.968788147, 20.088388443, -18.3014755249, -89.7933883667, 11.1567602158, 23.0639038086, -69.1487884521], [-111.642585754, -581.449035645, -285.869781494, 214.595596313, -146.151092529, 416.73059082, 182.017974854, -4.81795930862, -53.7569694519, 17.6959667206, -36.1700592041, -24.5543365479, 122.11151123], [121.523483276, -257.339385986, -226.033905029, -19.2262802124, -82.968788147, 182.017974854, 206.483047485, 17.1525421143, -32.451751709, -2.24765539169, -36.2683944702, 3.17919445038, 68.8389511108], [-44.1745986938, -27.7515697479, -19.5654201508, -7.58802604675, 20.088388443, -4.81795930862, 17.1525421143, 96.890586853, 44.4559669495, 16.1015415192, 12.4848365784, -0.856570422649, -26.8342990875], [265.005767822, -57.5272789001, -87.0624008179, -15.2607212067, -18.3014755249, -53.7569694519, -32.451751709, 44.4559669495, 87.2137298584, 51.0079498291, 16.3875236511, -9.3885679245, -38.2777633667], [375.740142822, -237.900588989, -172.588180542, 48.4682922363, -89.7933883667, 17.6959667206, -2.24765539169, 16.1015415192, 51.0079498291, 88.9132614136, 26.4632492065, -21.5161113739, -15.3818397522], [-15.8106250763, 7.39785575867, 4.44652080536, 18.2478599548, 11.1567602158, -36.1700592041, -36.2683944702, 12.4848365784, 16.3875236511, 26.4632492065, 54.5877342224, 13.7776584625, -20.4322853088], [33.8268165588, 0.753672361374, -24.0889320374, -57.0485153198, 23.0639038086, -24.5543365479, 3.17919445038, -0.856570422649, -9.3885679245, -21.5161113739, 13.7776584625, 65.3199157715, 34.0469245911], [187.048477173, -277.170196533, -198.028900146, 36.2319755554, -69.1487884521, 122.11151123, 68.8389511108, -26.8342990875, -38.2777633667, -15.3818397522, -20.4322853088, 34.0469245911, 113.54397583]],
        "icov": [[0.000572318094783, -0.000212175829802, 0.00123811222147, 1.67333328136e-05, 0.00102829374373, 0.000762996613048, 0.000534445920493, 8.38595224195e-05, 0.000377690419555, -0.000271650817012, 0.00111247797031, -0.000529539247509, 0.000644227839075], [-0.000212175829802, 0.0144505910575, -0.012804470025, 0.00530692702159, -0.00908532459289, 0.00867370609194, -0.0104433298111, 0.0103148119524, -0.0117706572637, 0.0112445261329, -0.0104960678145, 0.0125425076112, -0.00258719502017], [0.00123811222147, -0.012804470025, 0.0141331013292, -0.00428059650585, 0.00872883852571, -0.00638405792415, 0.0106646185741, -0.00871759559959, 0.0119130834937, -0.00996169447899, 0.0112544968724, -0.0114185567945, 0.00449019949883], [1.67333328136e-05, 0.00530692702159, -0.00428059650585, 0.00566611485556, -0.00358030200005, 0.000699397060089, -0.000724454061128, 0.00302297249436, -0.00286236219108, 0.00329869124107, -0.00571114616469, 0.00783521030098, -0.00202083564363], [0.00102829374373, -0.00908532459289, 0.00872883852571, -0.00358030200005, 0.0129121951759, -0.00361835840158, 0.00706589315087, -0.0070869224146, 0.00632050074637, -0.00170914491173, 0.0063441968523, -0.00993042625487, 0.00430897483602], [0.000762996613048, 0.00867370609194, -0.00638405792415, 0.000699397060089, -0.00361835840158, 0.0149751650169, -0.0111953131855, 0.00547669595107, -0.00537686236203, 0.00533092860132, -0.00503151258454, 0.0109506584704, -0.00694759609178], [0.000534445920493, -0.0104433298111, 0.0106646185741, -0.000724454061128, 0.00706589315087, -0.0111953131855, 0.0208405293524, -0.0124259768054, 0.0147330900654, -0.0115202711895, 0.013341951184, -0.0103418724611, 0.0021371296607], [8.38595224195e-05, 0.0103148119524, -0.00871759559959, 0.00302297249436, -0.0070869224146, 0.00547669595107, -0.0124259768054, 0.0254266951233, -0.0208207294345, 0.0130573026836, -0.0114845652133, 0.00704372348264, 0.00278032291681], [0.000377690419555, -0.0117706572637, 0.0119130834937, -0.00286236219108, 0.00632050074637, -0.00537686236203, 0.0147330900654, -0.0208207294345, 0.0428473353386, -0.0292195100337, 0.0185051281005, -0.0139681771398, 0.00611885916442], [-0.000271650817012, 0.0112445261329, -0.00996169447899, 0.00329869124107, -0.00170914491173, 0.00533092860132, -0.0115202711895, 0.0130573026836, -0.0292195100337, 0.0454909428954, -0.0277886576951, 0.0202419217676, -0.00199193437584], [0.00111247797031, -0.0104960678145, 0.0112544968724, -0.00571114616469, 0.0063441968523, -0.00503151258454, 0.013341951184, -0.0114845652133, 0.0185051281005, -0.0277886576951, 0.0478141866624, -0.0292180255055, 0.0123076681048], [-0.000529539247509, 0.0125425076112, -0.0114185567945, 0.00783521030098, -0.00993042625487, 0.0109506584704, -0.0103418724611, 0.00704372348264, -0.0139681771398, 0.0202419217676, -0.0292180255055, 0.048954050988, -0.0227190423757], [0.000644227839075, -0.00258719502017, 0.00449019949883, -0.00202083564363, 0.00430897483602, -0.00694759609178, 0.0021371296607, 0.00278032291681, 0.00611885916442, -0.00199193437584, 0.0123076681048, -0.0227190423757, 0.0301839783788]]
    },
    "melbands": {
        "max": [0.000260196364252, 0.000499246700201, 0.00155042530969, 0.00238680746406, 0.00783369876444, 0.0117825306952, 0.0149395829067, 0.0136719653383, 0.0149187250063, 0.00949552189559, 0.00182026135735, 0.00123151403386, 0.00155866786372, 0.00157115550246, 0.00146042532288, 0.00101535685826, 0.00124501122627, 0.000917955709156, 0.00111467193346, 0.0011708898237, 0.000452600012068, 0.000387680367567, 0.00025578433997, 0.000124571059132, 6.48227578495e-05, 8.46279726829e-05, 7.98129185569e-05, 4.23965320806e-05, 2.23907773034e-05, 1.58605616889e-05, 1.4806901163e-05, 1.60428571689e-05, 1.03048096207e-05, 7.3875594353e-06, 8.6111958808e-06, 4.1127887016e-06, 2.08379992728e-06, 1.32871571168e-06, 1.50127482357e-06, 2.88429646389e-07],
        "mean": [5.37926916877e-06, 2.3384920496e-05, 5.21001820744e-05, 9.36839132919e-05, 0.000172860833118, 0.000226900607231, 0.000331903022015, 0.000409452826716, 0.00027835657238, 0.000172738844412, 0.000102472404251, 0.000114836097055, 0.000131218199385, 0.000129665859276, 0.000126158818603, 0.000128785162815, 0.000137066555908, 0.000123390185763, 0.000111379173177, 8.53546152939e-05, 5.56586746825e-05, 3.33531606884e-05, 1.8963814e-05, 1.033188164e-05, 6.35995365883e-06, 4.37934886577e-06, 3.12421389026e-06, 2.30343789553e-06, 1.78718846655e-06, 1.41612747484e-06, 1.08683525468e-06, 8.35094795093e-07, 5.94119285324e-07, 4.73089556863e-07, 3.36047435212e-07, 2.55080379929e-07, 1.76106070171e-07, 1.15985436366e-07, 7.53431947942e-08, 1.51542067783e-08],
        "min": [1.12285121645e-07, 4.72389274364e-08, 8.35734681459e-08, 1.66194482176e-07, 1.19925076092e-07, 5.71973934882e-08, 2.91327388879e-08, 1.80863594323e-07, 1.10378245211e-07, 4.61614497738e-08, 1.00615897836e-08, 3.22560822497e-08, 2.89630328609e-08, 2.14339266336e-08, 1.19158638512e-08, 1.11934390645e-08, 2.45470967997e-08, 6.54262288791e-09, 6.08461991902e-09, 5.34976285493e-09, 4.09567091353e-09, 1.00779673495e-09, 5.85588466606e-10, 3.00194841207e-10, 2.72921241162e-10, 8.5505692804e-11, 7.60107532471e-11, 5.14004984409e-11, 1.48936540184e-11, 1.22122407673e-12, 9.45321078361e-13, 5.00718806695e-11, 1.44931483481e-10, 5.10757686145e-11, 4.61902946447e-11, 7.65817062542e-11, 8.3190003497e-11, 3.21913017076e-11, 3.30092793377e-11, 1.09891496944e-11],
        "stdev": [1.01647237898e-05, 4.21196564275e-05, 0.000129067411763, 0.000181075753062, 0.000486592005473, 0.000775240594521, 0.0010877288878, 0.00135621707886, 0.00102930201683, 0.000604991335422, 0.00015135043941, 0.000139650306664, 0.000159987612278, 0.000175714580109, 0.000167791295098, 0.000167534104548, 0.000188216727111, 0.000165495555848, 0.000154900582856, 0.000120090538985, 7.70358165028e-05, 4.62752323074e-05, 2.80152398773e-05, 1.46631700773e-05, 9.30157511903e-06, 7.17187276678e-06, 5.25227460457e-06, 3.7262236674e-06, 2.74980311588e-06, 2.21259847422e-06, 1.75867171492e-06, 1.37420624924e-06, 9.87613816505e-07, 8.1204785829e-07, 6.07034337463e-07, 4.44354867568e-07, 2.99294669048e-07, 1.98740082169e-07, 1.31941220616e-07, 2.79303495887e-08]
    },
    "melbands128": {
        "max": [0.000144078876474, 0.000410048640333, 0.000261723005679, 0.000159322604304, 0.000427067890996, 0.00105687172618, 0.0015129938256, 0.00283021735959, 0.00387046230026, 0.00199821474962, 0.00534843467176, 0.00595752801746, 0.0111270649359, 0.025113273412, 0.0203324668109, 0.0162022579461, 0.0116012021899, 0.0261362623423, 0.0238455887884, 0.0246914308518, 0.021464491263, 0.0215882323682, 0.0215225443244, 0.0172185339034, 0.0126927215606, 0.0139718595892, 0.00377611396834, 0.00161324336659, 0.00188916001935, 0.00144421169534, 0.00197688373737, 0.00245064217597, 0.00218724366277, 0.00298592401668, 0.00203459267505, 0.00212391582318, 0.00160347530618, 0.00186354154721, 0.00186028750613, 0.00127545022406, 0.0012091929093, 0.00186049146578, 0.00157408614177, 0.00172413350083, 0.00125794205815, 0.00127366895322, 0.00126207608264, 0.00158827088308, 0.00129065779038, 0.00101703335531, 0.00201890454628, 0.000726906349882, 0.000662932812702, 0.000557772407774, 0.000573348836042, 0.000465178978629, 0.000398831674829, 0.000586536480114, 0.000190351012861, 0.00019228446763, 0.000173413704033, 0.000144601479406, 0.000114535636385, 6.28785783192e-05, 0.000131290624267, 0.000102646110463, 6.14287564531e-05, 8.71407100931e-05, 8.8086228061e-05, 0.000103191872768, 4.97401269968e-05, 4.32346314483e-05, 3.1332958315e-05, 2.01961083803e-05, 3.05007743009e-05, 2.67487685051e-05, 1.42358758239e-05, 1.48126709973e-05, 2.52709069173e-05, 1.25878113977e-05, 2.87776474579e-05, 1.38603500091e-05, 1.40699803524e-05, 9.91998422251e-06, 9.26426218939e-06, 8.58471412357e-06, 6.43228395347e-06, 7.96249787527e-06, 1.26149161588e-05, 8.44972601044e-06, 6.60056139168e-06, 3.98737938667e-06, 2.83908639176e-06, 3.03228034682e-06, 3.3082014852e-06, 2.14441206481e-06, 1.67803671047e-06, 2.52872109741e-06, 1.53725000018e-06, 1.17838226288e-06, 6.63209277718e-07, 9.11829474148e-08, 8.54227124591e-08, 8.05264832593e-08, 7.64176419921e-08, 7.27391338273e-08, 6.94594604056e-08, 6.63899157871e-08, 6.36353192363e-08, 6.09376584748e-08, 5.84699151318e-08, 5.62590365405e-08, 5.41623705885e-08, 5.22058272168e-08, 5.04046724359e-08, 4.8703824973e-08, 4.71874059826e-08, 4.57770461537e-08, 4.45166783436e-08, 4.33916582665e-08, 4.23220853918e-08, 4.13909901908e-08, 4.05844922113e-08, 3.98744752772e-08, 3.9299671073e-08, 3.88278245111e-08, 3.84971379219e-08, 3.828856876e-08],
        "mean": [1.48666231325e-06, 4.76122295368e-06, 5.41365761819e-06, 9.47739135881e-06, 2.16946682485e-05, 3.34812684741e-05, 4.50516417914e-05, 5.69795301999e-05, 6.21865328867e-05, 8.59077772475e-05, 0.000117036870506, 0.000142442557262, 0.000161823350936, 0.00024378314265, 0.000256290863035, 0.000188938254723, 0.0002334160381, 0.000387435487937, 0.000410558219301, 0.000435887865024, 0.000421535980422, 0.000291177013423, 0.000268683565082, 0.000254295649938, 0.000199937872821, 0.000137062248541, 0.000105642102426, 9.64217324508e-05, 0.000100189987279, 0.000113097703434, 0.000111033383291, 0.000135926122312, 0.000137101713335, 0.000125564489281, 0.000126454062411, 0.000137157767313, 0.000123704725411, 0.000126970320707, 0.000125923179439, 0.000123242672998, 0.000126871425891, 0.000141319731483, 0.000138796109241, 0.000137357783387, 0.00012564768258, 0.000122007324535, 0.000118373252917, 0.000115087088489, 0.000107357431261, 0.000100778284832, 8.58811181388e-05, 6.60697915009e-05, 5.94318153162e-05, 5.31447039975e-05, 4.12327099184e-05, 3.17201265716e-05, 2.66208717221e-05, 2.19569392357e-05, 1.62207670655e-05, 1.28304991449e-05, 1.04872933662e-05, 8.02603426564e-06, 7.15016494723e-06, 5.87291970078e-06, 5.02916600453e-06, 4.54162591268e-06, 3.72706608687e-06, 3.76483126274e-06, 2.77572144114e-06, 2.6246584639e-06, 2.46964395956e-06, 2.02809087568e-06, 1.90094658592e-06, 1.76831520093e-06, 1.62185108366e-06, 1.55152429215e-06, 1.25807412132e-06, 1.13648593469e-06, 1.12609870939e-06, 9.55290147431e-07, 9.18587375054e-07, 7.60466321026e-07, 6.69448922963e-07, 5.72689998535e-07, 5.35072388175e-07, 5.28048531123e-07, 4.33027850022e-07, 4.09474637308e-07, 3.18961809853e-07, 3.03264499735e-07, 2.71373579608e-07, 2.49815059306e-07, 2.09843108223e-07, 1.85841585676e-07, 1.47320591282e-07, 1.27765588331e-07, 1.12288134346e-07, 9.40779116831e-08, 8.07131073088e-08, 6.90889265798e-08, 3.32436407291e-08, 3.04924557826e-10, 7.26565613229e-11, 6.84399273365e-11, 6.49577822087e-11, 6.19590143081e-11, 5.92307938807e-11, 5.64830612837e-11, 5.4141486433e-11, 5.19687903822e-11, 4.9771166355e-11, 4.78857301034e-11, 4.60975840832e-11, 4.44320691351e-11, 4.28952671994e-11, 4.14439801921e-11, 4.01382538318e-11, 3.8934282881e-11, 3.78708592264e-11, 3.69219030349e-11, 3.60052682113e-11, 3.52129610193e-11, 3.45295562976e-11, 3.39167895158e-11, 3.33963134924e-11, 3.29457051917e-11, 3.26363311376e-11, 3.24553335596e-11],
        "min": [8.36124725012e-10, 5.33799315861e-09, 3.67723949068e-08, 4.13225187401e-08, 6.37393648972e-09, 2.95360909064e-08, 2.40360265025e-08, 2.56628585049e-09, 4.96104313186e-08, 1.13751084996e-07, 1.47470927914e-07, 3.30598055598e-08, 2.0662184852e-08, 3.56760700981e-08, 1.03803277085e-08, 1.93789473357e-09, 1.86747897146e-08, 2.11383799353e-08, 8.93352414266e-09, 3.29712861458e-08, 5.227413169e-08, 2.65341455474e-08, 2.04955323824e-08, 4.85444839882e-09, 5.93263616011e-09, 5.68374058929e-09, 1.24216539277e-08, 2.47869280656e-09, 8.96141116868e-09, 1.26467067929e-08, 1.87314128652e-08, 6.47097042616e-09, 1.47178536025e-08, 1.27761836666e-08, 8.37512370566e-09, 4.57628379635e-09, 8.54811865736e-09, 1.00087209631e-08, 5.51218048983e-09, 7.8543473947e-09, 4.90719198609e-09, 5.38826583352e-09, 2.1100868608e-08, 5.11964071137e-09, 2.48384712798e-09, 3.61452245912e-09, 7.88720910805e-09, 9.5545393819e-10, 2.4227095885e-09, 4.29849000838e-09, 1.68130975808e-09, 1.78472114865e-09, 3.99556077113e-09, 1.99483873864e-09, 8.57212523186e-10, 8.62991289541e-10, 8.92129370378e-10, 1.03654362871e-10, 4.202374837e-10, 3.79708459119e-10, 1.90481089235e-10, 2.48665865676e-10, 3.01819846893e-10, 1.59350296847e-10, 6.56308757341e-11, 8.52504594695e-11, 2.759476328e-11, 1.18083069364e-11, 2.87894773125e-12, 1.48647032183e-11, 6.24600805105e-12, 3.89090426545e-11, 8.83467691365e-12, 6.35164056767e-12, 2.13185111925e-12, 1.04574779825e-12, 8.14404262344e-13, 8.59370788506e-13, 2.44213855952e-13, 3.61498401743e-13, 1.69847772999e-12, 1.94126017344e-11, 1.284159723e-10, 1.51444759511e-10, 2.90123654267e-11, 4.98091845547e-11, 3.63835211958e-11, 2.53507822373e-11, 3.0406458601e-11, 2.83183008293e-11, 3.53874221592e-11, 4.43236315706e-11, 1.06015377033e-10, 7.05412672719e-11, 2.53027668262e-11, 2.91433231714e-11, 1.20188763456e-11, 1.73767389366e-11, 1.74373050721e-11, 2.65884588652e-11, 2.69153692389e-11, 1.55354136673e-13, 5.97572528569e-14, 5.24860780922e-14, 4.93552037618e-14, 4.18263141407e-14, 6.39159135774e-14, 6.06950403023e-14, 4.20499308388e-14, 6.42228579887e-14, 6.14346491431e-14, 5.89702982626e-14, 5.88046253944e-14, 5.07648597096e-14, 5.94381721576e-14, 6.83440256428e-14, 7.04338117778e-14, 6.80167456645e-14, 5.89101521471e-14, 6.58801084432e-14, 5.84239010252e-14, 6.09816017128e-14, 5.96091576164e-14, 5.68479250761e-14, 2.87105002316e-14, 1.61433857954e-14, 2.48597499635e-15, 8.62592743972e-17],
        "stdev": [6.2049148255e-06, 1.37207280204e-05, 1.08196099973e-05, 1.5455087123e-05, 4.3014435505e-05, 7.76743036113e-05, 0.000118623967865, 0.000205749616725, 0.000195522909053, 0.000188301812159, 0.000316588790156, 0.00048274314031, 0.000563832523767, 0.00108806567732, 0.00119732646272, 0.000778053072281, 0.000812757585663, 0.00169451371767, 0.00162925652694, 0.00183792959433, 0.00185242434964, 0.001256649266, 0.0014110696502, 0.00122878199909, 0.000914674368687, 0.00063811650034, 0.000228023927775, 0.000152683336637, 0.000165137418662, 0.000164332886925, 0.000170475628693, 0.000193608779227, 0.000195777261979, 0.000202526789508, 0.000205486809136, 0.0002194345725, 0.000185204422451, 0.000202097740839, 0.000193177183974, 0.000182019459317, 0.000192044724827, 0.000221069654799, 0.000215739681153, 0.000223128765356, 0.000190944410861, 0.000187693163753, 0.000186370423762, 0.000187074168934, 0.000168606755324, 0.000155267145601, 0.000144499761518, 0.00010408203525, 9.37161894399e-05, 8.34290258354e-05, 6.28103298368e-05, 4.990126763e-05, 4.36626651208e-05, 3.97422445531e-05, 2.53523139691e-05, 2.02310366149e-05, 1.68928636413e-05, 1.29444215418e-05, 1.16547644211e-05, 9.46499858401e-06, 8.8763936219e-06, 8.57483064465e-06, 6.2958779381e-06, 7.18225828678e-06, 5.07531012772e-06, 5.14625071446e-06, 4.3844756874e-06, 3.53734253622e-06, 3.16274849865e-06, 2.90153775495e-06, 2.83591202788e-06, 2.70193959295e-06, 2.05852597901e-06, 1.96797645913e-06, 2.03212971428e-06, 1.63685751886e-06, 1.73521823399e-06, 1.26457916849e-06, 1.19403330245e-06, 9.88682700154e-07, 9.64667492553e-07, 1.01100181382e-06, 7.50325796162e-07, 7.65844959005e-07, 6.4467616312e-07, 6.04460126397e-07, 5.14664066031e-07, 4.45042019237e-07, 3.69786164356e-07, 3.35408486762e-07, 2.7278537118e-07, 2.30752760899e-07, 2.01475444328e-07, 1.77303022042e-07, 1.46608940099e-07, 1.24680141766e-07, 6.47792219866e-08, 2.67201794024e-09, 2.41504594101e-09, 2.27662311225e-09, 2.16045870083e-09, 2.05645767082e-09, 1.96373406425e-09, 1.87695636811e-09, 1.79907910791e-09, 1.72280889554e-09, 1.65304381294e-09, 1.59053836768e-09, 1.5312621171e-09, 1.47594736433e-09, 1.42502587508e-09, 1.37694011748e-09, 1.33406874436e-09, 1.29419563955e-09, 1.25856258748e-09, 1.22675603009e-09, 1.1965175517e-09, 1.17019394175e-09, 1.1473928474e-09, 1.12731968205e-09, 1.11106990275e-09, 1.09773146129e-09, 1.08838305035e-09, 1.08248654485e-09]
    },
    "mfcc": {
        "mean": [-753.104858398, 161.186355591, -58.0545578003, -15.4343948364, -0.572293817997, -0.343925535679, -18.0302867889, -1.15149176121, -9.06839179993, -3.29029893875, -7.12407207489, -0.0233845412731, -3.34523010254],
        "cov": [[16436.7890625, -6253.98583984, -4063.18603516, -966.429260254, -2068.57421875, -102.084518433, -629.139038086, -346.076141357, 32.83644104, 294.716156006, -85.1536712646, 206.089050293, -137.275848389], [-6253.98583984, 4411.4375, 1756.84509277, 410.642883301, 998.000793457, -429.279327393, -99.3791809082, 77.8874511719, -183.560073853, -290.661254883, 111.333244324, -32.8957557678, 10.637635231], [-4063.18603516, 1756.84509277, 1412.06054688, 323.752685547, 519.454528809, 7.79197597504, 102.780212402, 7.46347332001, -42.3144226074, -91.084312439, 30.408952713, -33.5071182251, 23.6958942413], [-966.429260254, 410.642883301, 323.752685547, 304.690063477, 261.586761475, -35.1219177246, -20.3515586853, -21.3243179321, -64.2936477661, -30.6134033203, 38.0906562805, 15.2331628799, -0.126341611147], [-2068.57421875, 998.000793457, 519.454528809, 261.586761475, 512.243041992, -75.8093490601, -31.9442749023, 28.241268158, -79.6859512329, -77.7464981079, 59.3025970459, 2.32583832741, 1.64137232304], [-102.084518433, -429.279327393, 7.79197597504, -35.1219177246, -75.8093490601, 233.799682617, 157.237960815, 11.2835168839, 71.6871871948, 38.3680000305, -77.186164856, -46.3423347473, 19.1189193726], [-629.139038086, -99.3791809082, 102.780212402, -20.3515586853, -31.9442749023, 157.237960815, 214.646820068, 61.8536911011, 66.9512481689, 21.234790802, -71.6741256714, -50.2450141907, 33.3279266357], [-346.076141357, 77.8874511719, 7.46347332001, -21.3243179321, 28.241268158, 11.2835168839, 61.8536911011, 96.6910552979, 40.9892539978, -9.00691223145, -16.4681034088, -15.5431814194, 10.1216535568], [32.83644104, -183.560073853, -42.3144226074, -64.2936477661, -79.6859512329, 71.6871871948, 66.9512481689, 40.9892539978, 97.338684082, 38.7868652344, -35.7594223022, -21.4571056366, 8.31652259827], [294.716156006, -290.661254883, -91.084312439, -30.6134033203, -77.7464981079, 38.3680000305, 21.234790802, -9.00691223145, 38.7868652344, 94.7013320923, 36.3828582764, 7.49451208115, -8.0981836319], [-85.1536712646, 111.333244324, 30.408952713, 38.0906562805, 59.3025970459, -77.186164856, -71.6741256714, -16.4681034088, -35.7594223022, 36.3828582764, 136.950134277, 68.1528625488, -23.1237373352], [206.089050293, -32.8957557678, -33.5071182251, 15.2331628799, 2.32583832741, -46.3423347473, -50.2450141907, -15.5431814194, -21.4571056366, 7.49451208115, 68.1528625488, 94.9114532471, 15.3606338501], [-137.275848389, 10.637635231, 23.6958942413, -0.126341611147, 1.64137232304, 19.1189193726, 33.3279266357, 10.1216535568, 8.31652259827, -8.0981836319, -23.1237373352, 15.3606338501, 62.3759460449]],
        "icov": [[0.000541914952919, 0.000287205184577, 0.000762208248489, -0.000210792204598, 0.00101853255183, 0.000248110562097, 0.00113516242709, 0.000378766970243, 0.000390556728235, -4.83466510559e-06, 0.000801406800747, -0.000577864644583, 0.000469535443699], [0.000287205184577, 0.001178178587, -0.00053713406669, 0.000625610933639, -0.000469278165838, 0.00226911972277, -9.24405976548e-05, 0.000501979491673, -0.000281249696855, 0.00124019011855, 3.0868799513e-05, 0.000460846466012, 1.7708131054e-05], [0.000762208248489, -0.00053713406669, 0.00348416203633, -0.00146847264841, 0.00106994889211, -0.00104884093162, 0.000350483431248, 0.00242772977799, -0.000858455721755, 0.000784050207585, -8.05820527603e-05, -0.000608259520959, 0.000490772421472], [-0.000210792204598, 0.000625610933639, -0.00146847264841, 0.00747056677938, -0.00441459240392, 0.00159393227659, -0.00163320358843, 0.00172310881317, 0.00180352618918, -0.00125073129311, 0.0013148477301, -0.00127720390446, 0.000622136576567], [0.00101853255183, -0.000469278165838, 0.00106994889211, -0.00441459240392, 0.00908867828548, -0.00280906190164, 0.00510457437485, -0.00396886933595, 0.00334276352078, 0.00105803890619, -0.00120629544836, 0.000790209160186, -0.000505457574036], [0.000248110562097, 0.00226911972277, -0.00104884093162, 0.00159393227659, -0.00280906190164, 0.0166494380683, -0.00994154531509, 0.00744665740058, -0.00537924468517, 0.000761016854085, 0.00299329846166, 0.000102345118648, 0.00153536419384], [0.00113516242709, -9.24405976548e-05, 0.000350483431248, -0.00163320358843, 0.00510457437485, -0.00994154531509, 0.019823025912, -0.0106258625165, 0.00492282770574, -0.00520358840004, 0.00408319709823, 0.000838338339236, -0.00360159086995], [0.000378766970243, 0.000501979491673, 0.00242772977799, 0.00172310881317, -0.00396886933595, 0.00744665740058, -0.0106258625165, 0.0246744863689, -0.0137487091124, 0.00898777134717, -0.00453141797334, 0.00147108803503, 0.000282573193545], [0.000390556728235, -0.000281249696855, -0.000858455721755, 0.00180352618918, 0.00334276352078, -0.00537924468517, 0.00492282770574, -0.0137487091124, 0.0281198248267, -0.014736590907, 0.00994346104562, -0.00372817879543, 0.0013406551443], [-4.83466510559e-06, 0.00124019011855, 0.000784050207585, -0.00125073129311, 0.00105803890619, 0.000761016854085, -0.00520358840004, 0.00898777134717, -0.014736590907, 0.0296862907708, -0.0187719985843, 0.00820915028453, -0.00262345070951], [0.000801406800747, 3.0868799513e-05, -8.05820527603e-05, 0.0013148477301, -0.00120629544836, 0.00299329846166, 0.00408319709823, -0.00453141797334, 0.00994346104562, -0.0187719985843, 0.0301151387393, -0.0188129507005, 0.0114937350154], [-0.000577864644583, 0.000460846466012, -0.000608259520959, -0.00127720390446, 0.000790209160186, 0.000102345118648, 0.000838338339236, 0.00147108803503, -0.00372817879543, 0.00820915028453, -0.0188129507005, 0.0269240960479, -0.01390236523], [0.000469535443699, 1.7708131054e-05, 0.000490772421472, 0.000622136576567, -0.000505457574036, 0.00153536419384, -0.00360159086995, 0.000282573193545, 0.0013406551443, -0.00262345070951, 0.0114937350154, -0.01390236523, 0.0254633072764]]
    },
    "spectral_contrast_coeffs": {
        "max": [-0.384426534176, -0.457250654697, -0.561580181122, -0.645190179348, -0.399073123932, -0.636126995087],
        "mean": [-0.684295237064, -0.781343281269, -0.790779531002, -0.803194999695, -0.773346602917, -0.767502129078],
        "min": [-0.931732654572, -0.923881351948, -0.935668051243, -0.920787155628, -0.904310405254, -0.901235640049],
        "stdev": [0.0789492279291, 0.0806555226445, 0.0646678209305, 0.0399453490973, 0.081010080874, 0.0621998310089]
    },
    "spectral_contrast_valleys": {
        "max": [-6.57563114166, -4.86488246918, -5.20877981186, -4.99592590332, -6.04432106018, -9.05894851685],
        "mean": [-8.58554267883, -7.17118453979, -7.38896417618, -7.53842735291, -8.94414424896, -12.2587137222],
        "min": [-10.4939718246, -9.84248256683, -10.4241981506, -10.8424663544, -13.1799516678, -14.9391307831],
        "stdev": [0.669902861118, 1.11028885841, 1.4572776556, 1.71929061413, 1.93880343437, 1.4676886797]
    }
},
"rhythm": {
    "beats_count": 74,
    "beats_loudness": {
        "max": 0.14622926712,
        "mean": 0.0239373762161,
        "min": 0.000204628828214,
        "stdev": 0.0297653730959
    },
    "bpm": 178.205886841,
    "bpm_histogram_first_peak_bpm": 178,
    "bpm_histogram_first_peak_weight": 0,
    "bpm_histogram_second_peak_bpm": 136,
    "bpm_histogram_second_peak_spread": 0.476190447807,
    "bpm_histogram_second_peak_weight": 0.150684937835,
    "danceability": 0.912823319435,
    "onset_rate": 3.6879594326,
    "beats_loudness_band_ratio": {
        "max": [0.661078929901, 0.77042734623, 0.895362555981, 0.839600145817, 0.59010720253, 0.0588143691421],
        "mean": [0.064383469522, 0.175366654992, 0.266812443733, 0.316810667515, 0.196648269892, 0.0136694712564],
        "min": [0.000197826797375, 0.00348761351779, 0.0129915364087, 0.0159101691097, 0.00353023596108, 5.94968805672e-05],
        "stdev": [0.110624678433, 0.203911587596, 0.253363519907, 0.225223064423, 0.187889546156, 0.0162570532411]
    },
