{
"metadata": {
    "version": {
        "essentia": "2.1-beta5",
        "essentia_git_sha": "Undefined",
        "extractor": "music 2.0"
    },
    "audio_properties": {
        "analysis": {
            "equal_loudness": 0,
            "length": 48.7502937317,
            "sample_rate": 44100,
            "start_time": 142.744674683,
            "downmix": "mix"
        },
        "bit_rate": 192000,
        "length": 253.801361084,
        "lossless": 0,
        "number_channels": 2,
        "replay_gain": -9.5555934906,
        "sample_rate": 48000,
        "codec": "mp3",
        "md5_encoded": "5d4086ae6486200ced489b0a3d798362"
    },
    "tags": {
        "file_name": "Yugoslavia_Moja Generacija_Korni.mp3",
        "encoding": ["Lavf58.29.100"]
    }
},
"lowlevel": {
    "average_loudness": 0.79333126545,
    "barkbands_crest": {
        "max": 23.7652416229,
        "mean": 8.73666286469,
        "min": 2.38261365891,
        "stdev": 3.54504394531
    },
    "barkbands_flatness_db": {
        "max": 0.288870602846,
        "mean": 0.182935014367,
        "min": 0.0688375383615,
        "stdev": 0.0329573825002
    },
    "barkbands_kurtosis": {
        "max": 17.4264698029,
        "mean": 0.992737829685,
        "min": -1.85720038414,
        "stdev": 2.26178693771
    },
    "barkbands_skewness": {
        "max": 4.08930921555,
        "mean": 0.512871801853,
        "min": -2.16605830193,
        "stdev": 0.783840477467
    },
    "barkbands_spread": {
        "max": 78.5719528198,
        "mean": 15.608464241,
        "min": 2.79472970963,
        "stdev": 9.40958499908
    },
    "dissonance": {
        "max": 0.499999821186,
        "mean": 0.461418032646,
        "min": 0.251908749342,
        "stdev": 0.0285840798169
    },
    "dynamic_complexity": 3.47624826431,
    "erbbands_crest": {
        "max": 30.1532268524,
        "mean": 10.0234985352,
        "min": 2.85997724533,
        "stdev": 4.17065143585
    },
    "erbbands_flatness_db": {
        "max": 0.356969088316,
        "mean": 0.251908093691,
        "min": 0.136968329549,
        "stdev": 0.0391455478966
    },
    "erbbands_kurtosis": {
        "max": 17.0532073975,
        "mean": 0.664833903313,
        "min": -1.69335365295,
        "stdev": 1.85286593437
    },
    "erbbands_skewness": {
        "max": 2.04553580284,
        "mean": 0.210306048393,
        "min": -3.18581366539,
        "stdev": 0.7042953372
    },
    "erbbands_spread": {
        "max": 91.0801849365,
        "mean": 22.3333950043,
        "min": 3.21353340149,
        "stdev": 12.1895484924
    },
    "hfc": {
        "max": 145.913375854,
        "mean": 21.7937965393,
        "min": 0.191848695278,
        "stdev": 18.6360645294
    },
    "loudness_ebu128": {
        "integrated": -15.1012954712,
        "loudness_range": 9.08182239532,
        "momentary": {
            "max": -10.7771844864,
            "mean": -16.529176712,
            "min": -26.2090568542,
            "stdev": 3.78177547455
        },
        "short_term": {
            "max": -11.5459012985,
            "mean": -16.0512714386,
            "min": -23.0708065033,
            "stdev": 3.05265307426
        }
    },
    "melbands_crest": {
        "max": 29.2496604919,
        "mean": 10.3113899231,
        "min": 3.29654359818,
        "stdev": 4.00704860687
    },
    "melbands_flatness_db": {
        "max": 0.34288495779,
        "mean": 0.172034144402,
        "min": 0.0357074551284,
        "stdev": 0.0481268838048
    },
    "melbands_kurtosis": {
        "max": 46.0862884521,
        "mean": 2.58071327209,
        "min": -1.80672395229,
        "stdev": 4.19485902786
    },
    "melbands_skewness": {
        "max": 5.942070961,
        "mean": 0.954577386379,
        "min": -1.77905130386,
        "stdev": 0.921449840069
    },
    "melbands_spread": {
        "max": 174.406295776,
        "mean": 26.7796573639,
        "min": 4.71338844299,
        "stdev": 18.322933197
    },
    "pitch_salience": {
        "max": 0.822166442871,
        "mean": 0.609661996365,
        "min": 0.258153229952,
        "stdev": 0.0834365263581
    },
    "silence_rate_20dB": {
        "max": 1,
        "mean": 1,
        "min": 1,
        "stdev": 0
    },
    "silence_rate_30dB": {
        "max": 1,
        "mean": 1,
        "min": 1,
        "stdev": 0
    },
    "silence_rate_60dB": {
        "max": 1,
        "mean": 0.0961446911097,
        "min": 0,
        "stdev": 0.294791460037
    },
    "spectral_centroid": {
        "max": 4673.28466797,
        "mean": 1545.88916016,
        "min": 403.980377197,
        "stdev": 602.190063477
    },
    "spectral_complexity": {
        "max": 45,
        "mean": 20.4792957306,
        "min": 0,
        "stdev": 9.09589385986
    },
    "spectral_decrease": {
        "max": -6.18493103954e-11,
        "mean": -4.14606615706e-09,
        "min": -2.2296063662e-08,
        "stdev": 3.08892000866e-09
    },
    "spectral_energy": {
        "max": 0.0973852202296,
        "mean": 0.0176249910146,
        "min": 0.00025698315585,
        "stdev": 0.0132397804409
    },
    "spectral_energyband_high": {
        "max": 0.00832140166312,
        "mean": 0.000377631396987,
        "min": 6.75137187045e-07,
        "stdev": 0.000678378681187
    },
    "spectral_energyband_low": {
        "max": 0.0036151711829,
        "mean": 0.000326057081111,
        "min": 3.70838483832e-06,
        "stdev": 0.000338921498042
    },
    "spectral_energyband_middle_high": {
        "max": 0.0904495567083,
        "mean": 0.0107805449516,
        "min": 5.66843300476e-05,
        "stdev": 0.0103782434016
    },
    "spectral_energyband_middle_low": {
        "max": 0.0359047278762,
        "mean": 0.00653824070469,
        "min": 0.000133843263029,
        "stdev": 0.005024576094
    },
    "spectral_entropy": {
        "max": 8.3333234787,
        "mean": 7.41229200363,
        "min": 6.25466251373,
        "stdev": 0.277435392141
    },
    "spectral_flux": {
        "max": 0.195631414652,
        "mean": 0.0708442777395,
        "min": 0.0090913567692,
        "stdev": 0.0344230160117
    },
    "spectral_kurtosis": {
        "max": 30.6451225281,
        "mean": 5.42823123932,
        "min": -1.58813297749,
        "stdev": 4.05746555328
    },
    "spectral_rms": {
        "max": 0.00974730588496,
        "mean": 0.00382860517129,
        "min": 0.000500714755617,
        "stdev": 0.00159275927581
    },
    "spectral_rolloff": {
        "max": 9087.01171875,
        "mean": 1876.59558105,
        "min": 344.53125,
        "stdev": 1045.99755859
    },
    "spectral_skewness": {
        "max": 4.19372987747,
        "mean": 1.42252862453,
        "min": -0.401561439037,
        "stdev": 0.522537827492
    },
    "spectral_spread": {
        "max": 18074412,
        "mean": 2817370.5,
        "min": 1393463.875,
        "stdev": 853883.9375
    },
    "spectral_strongpeak": {
        "max": 14.865694046,
        "mean": 1.94051730633,
        "min": 0.0175605341792,
        "stdev": 1.75155282021
    },
    "zerocrossingrate": {
        "max": 0.25390625,
        "mean": 0.0660106986761,
        "min": 0.01025390625,
        "stdev": 0.0275794509798
    },
    "barkbands": {
        "max": [2.70976015599e-05, 0.000813529710285, 0.00220187031664, 0.00666288845241, 0.00825979467481, 0.01533264108, 0.0208059679717, 0.0203509554267, 0.0238424036652, 0.0416319184005, 0.0416905842721, 0.0308138914406, 0.0273078922182, 0.0729439407587, 0.0293312482536, 0.0146401757374, 0.0105768283829, 0.00620843563229, 0.00447536772117, 0.00172448088415, 0.00381241901778, 0.00310240872204, 0.00273429788649, 0.00150667107664, 0.000198147885385, 8.15576754576e-07, 8.18207297471e-07],
        "mean": [1.93983782992e-06, 8.24016460683e-05, 0.000124520811369, 0.000292123557301, 0.000691519700922, 0.000658861943521, 0.0012909185607, 0.0013065119274, 0.0018078541616, 0.00160819478333, 0.001541237114, 0.00148860376794, 0.00145229429472, 0.00195965101011, 0.000998455681838, 0.000553743739147, 0.00063543516444, 0.000311154028168, 0.0003443605965, 0.000167384903762, 0.000149003972183, 8.69152281666e-05, 3.86194951716e-05, 2.92618333333e-05, 4.00489943786e-06, 1.27730848121e-09, 1.32458033431e-09],
        "min": [1.23916308326e-08, 9.65717049439e-07, 2.57591892705e-07, 1.45969806908e-07, 9.09226218937e-06, 3.80610254069e-06, 5.52249548491e-06, 4.81019651488e-06, 4.19596244683e-06, 3.29424119627e-06, 1.51218739575e-06, 2.31855278798e-06, 1.07495816337e-06, 5.96985046286e-07, 1.30229750539e-06, 8.89855300557e-07, 5.60059959298e-07, 2.71094165782e-07, 7.16494298558e-07, 2.53510592074e-07, 2.66919244041e-07, 1.15130006861e-07, 3.0829176989e-09, 4.62228935683e-11, 3.89265876477e-11, 1.27281145693e-11, 1.73138170467e-11],
        "stdev": [2.20381207328e-06, 9.31168178795e-05, 0.000176413916051, 0.000500856898725, 0.000777882989496, 0.00113684474491, 0.00195802375674, 0.00216716225259, 0.00275027449243, 0.00321417255327, 0.00329598388635, 0.00278746173717, 0.00275895395316, 0.00391235295683, 0.0022312940564, 0.000923978805076, 0.00107283820398, 0.000443568918854, 0.000446946593001, 0.000238814769546, 0.000300461339066, 0.000218999673962, 0.000107097206637, 8.74016332091e-05, 1.12081352199e-05, 2.04159498196e-08, 2.07722052892e-08]
    },
    "erbbands": {
        "max": [0.0229311436415, 0.228143572807, 1.45876526833, 11.2127218246, 19.2651615143, 37.0786056519, 106.943161011, 193.586212158, 243.421722412, 376.945861816, 511.21484375, 497.99420166, 1231.55871582, 1083.71313477, 1065.1842041, 1385.98779297, 1196.72497559, 4347.4921875, 957.610168457, 1962.07141113, 830.45501709, 641.073120117, 249.485794067, 275.513092041, 199.412246704, 103.044410706, 241.391693115, 148.440032959, 123.800369263, 89.3838348389, 81.1702651978, 37.5524787903, 34.7293052673, 5.08186626434, 0.133439943194, 0.00701373443007, 0.00149711547419, 0.000518517103046, 0.000120457538287, 0.00012449445785],
        "mean": [0.00151665310841, 0.0226626787335, 0.125437766314, 0.577306866646, 1.52656960487, 2.45454120636, 3.9452893734, 5.81950855255, 15.2688407898, 22.2584209442, 35.6173324585, 38.71068573, 50.5385475159, 48.4716491699, 63.5978317261, 55.3151359558, 67.536491394, 79.8252563477, 75.7629928589, 48.1462936401, 34.2064819336, 35.4115982056, 20.0967540741, 18.6176300049, 12.6599779129, 8.2925453186, 6.80706834793, 4.87427282333, 3.35477018356, 1.75372338295, 1.06208789349, 0.70632147789, 0.418098121881, 0.104677572846, 0.00310980691575, 0.000162836528034, 2.8390888474e-05, 8.09350785858e-06, 1.16431256174e-05, 2.22828439291e-05],
        "min": [2.395208503e-05, 0.000243059985223, 0.000523072842043, 0.00350965652615, 0.00755133992061, 0.0212668981403, 0.0296549201012, 0.0582003742456, 0.0400324463844, 0.148184552789, 0.115853920579, 0.0805855542421, 0.138617619872, 0.161282256246, 0.183540016413, 0.128807276487, 0.116264909506, 0.138899892569, 0.0945450663567, 0.0619045905769, 0.0482533760369, 0.0439580306411, 0.017961692065, 0.0318600460887, 0.0294213853776, 0.0160478036851, 0.00718868058175, 0.00906819291413, 0.00480872252956, 0.00182413484436, 0.00123639195226, 0.000416008610046, 0.000202838113182, 6.06549874647e-05, 3.3809164961e-06, 1.01364787497e-06, 4.02891629392e-07, 9.42287741168e-08, 2.45620185524e-07, 4.17948967879e-07],
        "stdev": [0.0015483914176, 0.025560842827, 0.146324902773, 0.866245746613, 2.11533737183, 2.9063680172, 7.27869939804, 10.7246789932, 23.3995323181, 33.8138275146, 51.6308479309, 61.0175552368, 95.4562301636, 81.8881378174, 106.517295837, 94.6099700928, 120.513282776, 185.425308228, 123.108886719, 115.11579895, 53.8350524902, 57.0913505554, 26.6868648529, 23.6311988831, 16.3238964081, 12.2551412582, 14.5419130325, 10.0247945786, 8.49787044525, 4.58013820648, 3.02975606918, 2.07432198524, 1.3648365736, 0.296006470919, 0.00848777312785, 0.00040180128417, 5.96693171246e-05, 1.65314668266e-05, 9.29716225073e-06, 1.67951984622e-05]
    },
    "gfcc": {
        "mean": [-57.6445960999, 130.948776245, -198.549819946, 28.1380119324, -76.375328064, 2.47283816338, -29.7678699493, -13.2939710617, -2.47198319435, -23.3538646698, 4.25178813934, -23.6519184113, 1.49988269806],
        "cov": [[3046.21240234, -1083.12744141, -878.278686523, -120.82207489, -155.973464966, 200.375091553, -116.001754761, 191.988327026, -32.9307403564, -15.7134227753, -20.1343650818, -163.430221558, -65.562713623], [-1083.12744141, 914.303344727, 227.010772705, -152.542861938, 262.568237305, -234.695724487, 53.5710601807, -106.570144653, 78.832862854, -35.4701538086, 57.3044319153, 26.9602088928, -7.36526823044], [-878.278686523, 227.010772705, 658.193603516, 271.413513184, -122.150535583, 12.4025535583, -108.380935669, -56.3828086853, -31.4469604492, 5.66948318481, -15.7285251617, 55.8831977844, 26.7897891998], [-120.82207489, -152.542861938, 271.413513184, 396.168426514, -76.3841629028, 8.37519550323, -85.9819641113, -6.67023229599, -7.94958972931, 38.0101280212, -51.2207450867, 21.3902835846, 25.857635498], [-155.973464966, 262.568237305, -122.150535583, -76.3841629028, 256.429534912, -84.929725647, 23.4228935242, -15.6925487518, 69.5107803345, 13.3287258148, 14.5280075073, -17.0966663361, -13.6107320786], [200.375091553, -234.695724487, 12.4025535583, 8.37519550323, -84.929725647, 230.331481934, 26.5828170776, 46.1674232483, -47.3708343506, -12.7686080933, -1.42828333378, -13.7534580231, -4.9048333168], [-116.001754761, 53.5710601807, -108.380935669, -85.9819641113, 23.4228935242, 26.5828170776, 238.469467163, 5.36187982559, -25.5704956055, -10.1242523193, -9.47764492035, 36.8040351868, -3.01988267899], [191.988327026, -106.570144653, -56.3828086853, -6.67023229599, -15.6925487518, 46.1674232483, 5.36187982559, 101.870185852, 17.5793781281, 4.8159942627, 12.0958547592, -20.7253990173, 7.23689317703], [-32.9307403564, 78.832862854, -31.4469604492, -7.94958972931, 69.5107803345, -47.3708343506, -25.5704956055, 17.5793781281, 116.188316345, 33.9448318481, -1.24320614338, -4.32208490372, -12.3660831451], [-15.7134227753, -35.4701538086, 5.66948318481, 38.0101280212, 13.3287258148, -12.7686080933, -10.1242523193, 4.8159942627, 33.9448318481, 86.1751327515, 1.11075663567, -9.57207202911, 5.63437795639], [-20.1343650818, 57.3044319153, -15.7285251617, -51.2207450867, 14.5280075073, -1.42828333378, -9.47764492035, 12.0958547592, -1.24320614338, 1.11075663567, 83.1059570312, 18.1970214844, -4.75224304199], [-163.430221558, 26.9602088928, 55.8831977844, 21.3902835846, -17.0966663361, -13.7534580231, 36.8040351868, -20.7253990173, -4.32208490372, -9.57207202911, 18.1970214844, 88.9490280151, 24.5293827057], [-65.562713623, -7.36526823044, 26.7897891998, 25.857635498, -13.6107320786, -4.9048333168, -3.01988267899, 7.23689317703, -12.3660831451, 5.63437795639, -4.75224304199, 24.5293827057, 71.2031478882]],
        "icov": [[0.00115478469525, 0.000276534789009, 0.00191610516049, -0.000463096250314, 0.000820486282464, -0.000370244000806, 0.00124331773259, -0.000786703953054, 0.000416635419242, 0.000197779241716, 0.000304396700813, 9.35948555707e-05, 0.00084796838928], [0.000276534789009, 0.0106920190156, -0.00871603377163, 0.00500026438385, -0.00798915699124, 0.00707529205829, -0.00663593411446, 0.00587091501802, -0.00640960317105, 0.00787408091128, -0.00831186398864, 0.0086532374844, -0.00436584930867], [0.00191610516049, -0.00871603377163, 0.0136614162475, -0.00665705930442, 0.00912305433303, -0.00706296274439, 0.00873246602714, -0.0051374998875, 0.00617039017379, -0.00612224033102, 0.00725762173533, -0.00823757145554, 0.00516843609512], [-0.000463096250314, 0.00500026438385, -0.00665705930442, 0.00731792952865, -0.00439910870045, 0.00365452934057, -0.00220342725515, 0.00149040669203, -0.0018905630568, 0.00112839066423, -0.000470192026114, 0.00169209029991, -0.00192806043196], [0.000820486282464, -0.00798915699124, 0.00912305433303, -0.00439910870045, 0.0130866514519, -0.00447806064039, 0.00475007295609, -0.00283128768206, 0.00131170055829, -0.00495243119076, 0.00438550580293, -0.0037337646354, 0.00297512719408], [-0.000370244000806, 0.00707529205829, -0.00706296274439, 0.00365452934057, -0.00447806064039, 0.0109343463555, -0.00576699431986, 0.00140748557169, -0.00247511966154, 0.00516377482563, -0.00559275271371, 0.00646654935554, -0.00220869109035], [0.00124331773259, -0.00663593411446, 0.00873246602714, -0.00220342725515, 0.00475007295609, -0.00576699431986, 0.0126219494268, -0.00694334879518, 0.00803863443434, -0.00681440299377, 0.00979539845139, -0.0115629481152, 0.00629731547087], [-0.000786703953054, 0.00587091501802, -0.0051374998875, 0.00149040669203, -0.00283128768206, 0.00140748557169, -0.00694334879518, 0.0196501612663, -0.0102714812383, 0.00670020375401, -0.0106708146632, 0.0115047283471, -0.00845094304532], [0.000416635419242, -0.00640960317105, 0.00617039017379, -0.0018905630568, 0.00131170055829, -0.00247511966154, 0.00803863443434, -0.0102714812383, 0.0199279952794, -0.0109496507794, 0.0100254574791, -0.0111367376521, 0.00838387478143], [0.000197779241716, 0.00787408091128, -0.00612224033102, 0.00112839066423, -0.00495243119076, 0.00516377482563, -0.00681440299377, 0.00670020375401, -0.0109496507794, 0.0213100686669, -0.00999926030636, 0.0114837596193, -0.00688214180991], [0.000304396700813, -0.00831186398864, 0.00725762173533, -0.000470192026114, 0.00438550580293, -0.00559275271371, 0.00979539845139, -0.0106708146632, 0.0100254574791, -0.00999926030636, 0.0249994173646, -0.0159820858389, 0.00852038245648], [9.35948555707e-05, 0.0086532374844, -0.00823757145554, 0.00169209029991, -0.0037337646354, 0.00646654935554, -0.0115629481152, 0.0115047283471, -0.0111367376521, 0.0114837596193, -0.0159820858389, 0.0286469459534, -0.0122402505949], [0.00084796838928, -0.00436584930867, 0.00516843609512, -0.00192806043196, 0.00297512719408, -0.00220869109035, 0.00629731547087, -0.00845094304532, 0.00838387478143, -0.00688214180991, 0.00852038245648, -0.0122402505949, 0.0214577354491]]
    },
    "melbands": {
        "max": [0.000224076196901, 0.000588744936977, 0.00233853282407, 0.00164957519155, 0.00338092958555, 0.00371744809672, 0.00416924012825, 0.00384848774411, 0.00374262756668, 0.00263675814494, 0.00654652435333, 0.00408931169659, 0.00490957451984, 0.00328281731345, 0.00315132318065, 0.00307450955734, 0.00818927772343, 0.00211008777842, 0.00208888435736, 0.00145162141416, 0.00103743979707, 0.000692567031365, 0.00039981547161, 0.000249957374763, 0.000241072833887, 0.000157102811499, 9.59678727668e-05, 6.39219942968e-05, 0.000140515679959, 8.15150924609e-05, 9.56000149017e-05, 7.22016775399e-05, 6.06700014032e-05, 4.80049166072e-05, 4.85359087179e-05, 3.69111003238e-05, 2.05325050047e-05, 2.23043552978e-05, 1.71875872184e-05, 1.69872816969e-06],
        "mean": [1.81491814146e-05, 5.68606737943e-05, 0.000130053507746, 0.000140691627166, 0.00013458567264, 0.000140096570249, 0.000238809094299, 0.000256971863564, 0.000314493081532, 0.000228605233133, 0.000256625557085, 0.000198678288143, 0.00023148553737, 0.000165467470651, 0.000163913922734, 0.000125692647998, 0.000158337148605, 0.000141010415973, 7.11744869477e-05, 4.56122725154e-05, 3.92400361306e-05, 3.79773227905e-05, 2.5631105018e-05, 1.37403358167e-05, 1.53781093104e-05, 1.25980350276e-05, 6.48185005048e-06, 5.00353235111e-06, 4.49648905487e-06, 3.24607435687e-06, 2.62695766651e-06, 2.03098102247e-06, 1.37062818339e-06, 8.19482522729e-07, 6.22868640221e-07, 5.07169602315e-07, 3.98019693648e-07, 3.09691472467e-07, 2.1124365901e-07, 4.14815097827e-08],
        "min": [3.45022925785e-07, 2.32878420547e-07, 5.75601632136e-07, 1.99104533749e-06, 5.42336692888e-07, 1.04198136341e-06, 7.00675002463e-07, 1.15258728783e-06, 3.25620163721e-07, 5.43823887256e-07, 2.65760746743e-07, 5.91643242842e-07, 4.10310832422e-07, 2.42123462613e-07, 2.76211721939e-07, 1.09950818228e-07, 6.35605985622e-08, 1.41154075095e-07, 8.86098661113e-08, 6.22340365908e-08, 4.30975006793e-08, 3.66299879317e-08, 1.65771325555e-08, 1.74707590617e-08, 1.9927950845e-08, 2.35123316372e-08, 8.1812485675e-09, 7.68349472935e-09, 2.92858204354e-09, 4.64369875885e-09, 3.86490839333e-09, 3.09512149244e-09, 1.29517230274e-09, 9.41565492241e-10, 8.33675034388e-13, 2.92862874793e-13, 2.49814492009e-13, 4.62434290079e-13, 3.51899038338e-13, 3.9952329639e-13],
        "stdev": [1.97369281523e-05, 5.89548326388e-05, 0.000183561016456, 0.000144464516779, 0.000225523777772, 0.000235627187067, 0.000356988981366, 0.000375657662516, 0.000444599572802, 0.000352907809429, 0.000497233762871, 0.000341084669344, 0.000440668140072, 0.00033812285983, 0.000323422689689, 0.000247556512477, 0.00037837040145, 0.000244082708377, 0.000164598590345, 0.000101876510598, 6.55375697534e-05, 6.54815667076e-05, 4.14551177528e-05, 1.87418372661e-05, 2.06513250305e-05, 1.72179243236e-05, 9.55003906711e-06, 7.70271435613e-06, 9.60963279795e-06, 6.47731940262e-06, 5.97388225287e-06, 5.26868370798e-06, 3.74594583263e-06, 2.17831234295e-06, 1.81116718068e-06, 1.61247635333e-06, 1.16703995445e-06, 9.8373959645e-07, 6.86740463607e-07, 1.13129480894e-07]
    },
    "melbands128": {
        "max": [1.60005347425e-05, 0.00014913493942, 0.000366398715414, 0.000450286548585, 0.000609588634688, 0.00142334925476, 0.00215068552643, 0.00373942521401, 0.00243042735383, 0.00246697454713, 0.00276704225689, 0.00384321878664, 0.00464595481753, 0.00381185812876, 0.0070236758329, 0.00389534886926, 0.00537661928684, 0.00704865995795, 0.0087466109544, 0.00716070830822, 0.00471283961087, 0.00829638727009, 0.00456660147756, 0.00798433739692, 0.00558814080432, 0.003582945792, 0.0104602267966, 0.00992041826248, 0.0130323925987, 0.00454116612673, 0.009266638197, 0.0118064153939, 0.00654409825802, 0.00665753893554, 0.00760609842837, 0.00545810582116, 0.0080601843074, 0.00511904619634, 0.0082852486521, 0.00365602481179, 0.00555614102632, 0.00717653380707, 0.0185604523867, 0.00548996636644, 0.00583458226174, 0.00239698099904, 0.00450490321964, 0.00473572779447, 0.00508308550343, 0.00380147411488, 0.00114803086035, 0.00243290932849, 0.00234935223125, 0.00111876404844, 0.00119082606398, 0.00131353130564, 0.00132024788763, 0.00100849987939, 0.000611083582044, 0.000300989398966, 0.000275277125183, 0.000631526636425, 0.000344276340911, 0.000312476535328, 0.000605347566307, 0.000212807164644, 0.000398967851652, 0.000155534624355, 0.000145106925629, 0.000168365964782, 7.82008719398e-05, 0.0001114788829, 9.21377650229e-05, 0.00019388498913, 0.000371617323253, 7.43875134503e-05, 8.45602407935e-05, 9.6859090263e-05, 0.000144275123603, 9.53288399614e-05, 9.69435423031e-05, 8.42631998239e-05, 9.07310968614e-05, 7.53605854698e-05, 7.4271010817e-05, 4.7593297495e-05, 4.5772678277e-05, 4.87915422127e-05, 4.63090691483e-05, 5.60910193599e-05, 3.76031784981e-05, 5.42252091691e-05, 3.89233828173e-05, 2.46640174737e-05, 2.21998125198e-05, 1.75449749804e-05, 2.3394717573e-05, 6.04801934969e-05, 9.84183134278e-06, 9.71798999672e-06, 4.10452548749e-06, 1.61662114806e-07, 4.33843290182e-08, 8.35057267778e-09, 7.60512186559e-09, 7.01640656686e-09, 6.54002851874e-09, 6.13343997813e-09, 5.77341907615e-09, 5.45819478504e-09, 5.17687492874e-09, 4.92048490841e-09, 4.71198591256e-09, 4.50744952474e-09, 4.32041735721e-09, 4.15412548804e-09, 4.00392474731e-09, 3.86058474078e-09, 3.74150488369e-09, 3.62891516836e-09, 3.53587403801e-09, 3.44882922221e-09, 3.3716747172e-09, 3.31032312673e-09, 3.25248361577e-09, 3.21127835434e-09, 3.18021742274e-09, 3.16063686334e-09],
        "mean": [1.67037092069e-06, 8.98682992556e-06, 2.22151957132e-05, 4.07316183555e-05, 5.461953333e-05, 6.39761492494e-05, 0.000104024322354, 0.000162593540153, 0.000155670888489, 0.000131728724227, 0.000138322662679, 0.000134857356898, 0.000136772228871, 0.000134471905767, 0.000100482808193, 0.000145021534991, 0.000254835409578, 0.000237243497395, 0.00024445168674, 0.000246823969064, 0.000248359050602, 0.00034263037378, 0.000248800992267, 0.000415551883634, 0.000277253217064, 0.000111364250188, 0.00022147812706, 0.000269589741947, 0.000326513050823, 0.000165583755006, 0.000119595133583, 0.000307976879412, 0.000278628926026, 0.000108846223156, 0.000265656213742, 0.000135381415021, 9.31413887884e-05, 0.000176433240995, 0.000222275179112, 0.00012133114069, 0.000102032448922, 0.000120653930935, 0.000149720552145, 0.000150697931531, 0.000259803695371, 0.000104511309473, 6.93239780958e-05, 6.37690827716e-05, 8.08231779956e-05, 6.99574375176e-05, 3.16523291986e-05, 2.9196140531e-05, 4.66030724056e-05, 4.16457078245e-05, 3.11797775794e-05, 4.21265285695e-05, 3.69596782548e-05, 3.27126799675e-05, 2.08682813536e-05, 1.39669373311e-05, 1.4881649804e-05, 1.1238429579e-05, 1.10151486297e-05, 1.55657708092e-05, 2.60443393927e-05, 1.03855172711e-05, 7.22510185369e-06, 6.71330735713e-06, 5.74427986066e-06, 7.35124513085e-06, 4.40177609562e-06, 5.06875903739e-06, 3.22681898979e-06, 5.28058990312e-06, 4.58533668279e-06, 2.55514851233e-06, 3.23665562973e-06, 3.31009027832e-06, 2.24168115892e-06, 2.23787424147e-06, 2.43934618993e-06, 1.63355548466e-06, 1.83351676242e-06, 1.32176091938e-06, 1.11972781269e-06, 7.45867339447e-07, 8.78734624621e-07, 6.15751901023e-07, 6.17944238002e-07, 5.99061536377e-07, 5.34367813998e-07, 4.71384083767e-07, 4.81407596453e-07, 3.86457401191e-07, 3.91368587316e-07, 2.77269577964e-07, 3.22158626886e-07, 2.91109444106e-07, 2.38923774987e-07, 1.5901724737e-07, 1.01083713844e-07, 9.34014643406e-10, 4.78567706297e-11, 1.18151521553e-11, 1.09651046923e-11, 1.03724832543e-11, 9.8274556895e-12, 9.29534834521e-12, 8.85017666791e-12, 8.53273354751e-12, 8.12195883465e-12, 7.80929140798e-12, 7.43264391007e-12, 7.14039461239e-12, 6.87703973629e-12, 6.64100935702e-12, 6.42487842442e-12, 6.22339766526e-12, 6.04395656786e-12, 5.88038862395e-12, 5.73231566381e-12, 5.59996103308e-12, 5.49147836579e-12, 5.39076552494e-12, 5.28107852588e-12, 5.17071021416e-12, 5.09965160378e-12, 5.06703099618e-12],
        "min": [5.21011289667e-10, 1.45842165011e-08, 6.76368401287e-08, 1.01456777202e-07, 6.51707026122e-08, 1.27947274109e-07, 1.63848994816e-07, 9.63559969591e-08, 1.63230993167e-07, 7.56774284127e-07, 2.46587347874e-07, 2.04996212005e-07, 3.62149137345e-07, 5.44969793737e-07, 3.4894750911e-07, 1.01804438657e-07, 1.31432912553e-07, 1.38682523243e-07, 1.00764736999e-06, 3.2205559819e-07, 1.91829087726e-07, 7.28969382635e-08, 1.10341474624e-07, 1.1429200697e-07, 9.17079390206e-08, 1.97000431967e-07, 2.84800787398e-08, 1.07596882515e-08, 2.6576053358e-08, 6.51138591934e-08, 9.43715434687e-08, 1.55659009238e-07, 1.40387811598e-07, 1.37067992512e-08, 3.1280624313e-08, 1.69330807154e-08, 8.76941328443e-08, 4.69425813776e-08, 3.43760717669e-08, 2.89734281012e-08, 4.14232737e-08, 2.95577002873e-08, 7.38394945188e-08, 3.22158975052e-08, 3.66160115561e-08, 7.19049282338e-08, 3.9055105816e-08, 2.95011410856e-08, 4.9053213047e-08, 5.22164960159e-08, 2.29782450845e-08, 3.51510394125e-08, 2.13753583722e-08, 3.30205764953e-08, 1.12602940305e-08, 2.41782522892e-08, 1.33591422369e-08, 1.50046464142e-08, 2.44403652871e-09, 9.49181355736e-09, 1.47464360722e-08, 1.38629836499e-08, 1.741821265e-08, 1.28829809043e-08, 9.2679144359e-09, 1.20779022339e-08, 1.57865187589e-08, 4.16352285981e-09, 2.43089393059e-09, 1.6013557147e-09, 6.11533401695e-09, 3.59312180009e-09, 1.84583925922e-09, 2.68203037557e-09, 4.0854857275e-09, 4.16642942369e-09, 3.5022469369e-09, 2.53023291208e-09, 3.41219896782e-09, 4.30533653173e-09, 1.46161216463e-09, 1.56957813413e-09, 2.16644147066e-09, 1.06031339264e-09, 8.69782856849e-10, 3.88645310379e-10, 5.40842266805e-11, 6.42941808734e-13, 5.00818516432e-13, 3.80186225384e-13, 3.14062849078e-13, 2.64491174188e-13, 2.53803624168e-13, 2.66267016031e-13, 2.22012404121e-13, 2.44051767727e-13, 2.64151602068e-13, 2.39209666615e-13, 3.91047979588e-13, 3.18952438245e-13, 4.85555660349e-13, 1.62743001584e-13, 4.96356462063e-14, 5.50645683564e-14, 4.61260160113e-14, 5.21830876307e-14, 4.11855371042e-14, 4.56975901347e-14, 5.81519018052e-14, 5.87415451567e-14, 4.94917149797e-14, 5.3633814512e-14, 4.61842579967e-14, 3.92483456488e-14, 4.11143253503e-14, 5.94007739589e-14, 4.3166648912e-14, 4.906732098e-14, 5.71280558124e-14, 5.63675964086e-14, 4.82054446273e-14, 4.85538801005e-14, 5.49020735558e-14, 5.06218669955e-14, 4.09130974271e-14, 1.64614093976e-14, 2.23583579087e-15, 7.65236100504e-17],
        "stdev": [1.92046809389e-06, 9.71863664745e-06, 2.9715929486e-05, 5.09812416567e-05, 6.81661986164e-05, 0.000100637254945, 0.000171453255462, 0.000292982411338, 0.000257554813288, 0.000167318983586, 0.000193308791495, 0.000261297042016, 0.000307573325699, 0.000288871873636, 0.00029272804386, 0.000366845284589, 0.000482830888359, 0.000484691991005, 0.000572231016122, 0.000541911809705, 0.000493773492053, 0.000745557073969, 0.000433385168435, 0.000793685612734, 0.000592074240558, 0.00025664299028, 0.000555163423996, 0.000731996668037, 0.000800268840976, 0.000415631162468, 0.000400947930757, 0.00077251822222, 0.000660705438349, 0.000295810459647, 0.00071530835703, 0.000368171109585, 0.000325514673023, 0.000417471776018, 0.000619419384748, 0.000291289383313, 0.000350036629243, 0.00035866475082, 0.000675190414768, 0.00037102974602, 0.000585611327551, 0.000228002551012, 0.000266774412012, 0.000207242803299, 0.00027592657716, 0.000238084016019, 7.82450224506e-05, 7.51100233174e-05, 9.58613891271e-05, 9.98165633064e-05, 8.41259679873e-05, 8.91715608304e-05, 8.37910120026e-05, 7.04499179847e-05, 4.24868958362e-05, 2.54851565842e-05, 2.40784611378e-05, 2.67826653726e-05, 2.30969399126e-05, 2.38539832935e-05, 4.59943112219e-05, 1.85599219549e-05, 1.54533390742e-05, 1.29386153276e-05, 9.96251947072e-06, 1.54957451741e-05, 7.59841441322e-06, 1.06932948256e-05, 6.21296931058e-06, 1.49974739543e-05, 1.75171699084e-05, 5.89584260524e-06, 6.96613824402e-06, 7.71248505771e-06, 6.7172272793e-06, 6.02531781624e-06, 7.15218675396e-06, 5.04373838339e-06, 5.30214265382e-06, 3.97469239033e-06, 3.40706992574e-06, 2.17107617573e-06, 2.39342216446e-06, 2.02921660275e-06, 1.8539087705e-06, 1.89277363916e-06, 1.52553252519e-06, 2.07030984711e-06, 1.57272688739e-06, 1.24835855786e-06, 1.16221394819e-06, 8.30964211218e-07, 1.06896800389e-06, 1.63491040439e-06, 7.05910224497e-07, 4.92073240821e-07, 2.84440915266e-07, 6.0493041687e-09, 1.08393716225e-09, 2.01674399403e-10, 1.85279486198e-10, 1.7207758829e-10, 1.61265528709e-10, 1.51890292011e-10, 1.43578066103e-10, 1.36166092291e-10, 1.29475832833e-10, 1.23416526998e-10, 1.18397638915e-10, 1.1348622736e-10, 1.08967140866e-10, 1.04917179111e-10, 1.0127056832e-10, 9.78171293964e-11, 9.48224762598e-11, 9.20865744769e-11, 8.97884613882e-11, 8.7593841902e-11, 8.57199797255e-11, 8.41843331156e-11, 8.27670640358e-11, 8.17270348619e-11, 8.09651859446e-11, 8.04830577184e-11]
    },
    "mfcc": {
        "mean": [-662.138000488, 132.998275757, -49.3983650208, 7.44655275345, -17.850194931, -1.24075329304, -12.6779088974, 0.629715681076, -8.14408493042, 2.35615611076, -3.87554717064, -1.34447789192, -7.92188501358],
        "cov": [[3791.30859375, -1291.82824707, -737.553527832, -483.813537598, -86.9966278076, -178.716827393, 42.6426696777, 42.6920433044, 5.83179569244, 164.708618164, 23.8798484802, 66.3579177856, -106.681121826], [-1291.82824707, 1160.25170898, -145.511856079, 94.9100265503, 66.7219314575, -16.4188709259, -44.7916603088, -7.93209171295, -60.0910797119, -5.01507091522, 25.5920619965, -17.0999679565, 26.1895923615], [-737.553527832, -145.511856079, 800.620910645, 149.770507812, 60.7156295776, 56.2704544067, -29.0151233673, -24.610490799, -20.5832939148, -94.7326431274, -57.128112793, -42.3772621155, 39.3910636902], [-483.813537598, 94.9100265503, 149.770507812, 380.310119629, 56.5578460693, 34.7828369141, -87.1531524658, -54.2609176636, 24.9891967773, -32.360042572, -7.57150173187, -41.1953544617, 21.9925708771], [-86.9966278076, 66.7219314575, 60.7156295776, 56.5578460693, 252.153427124, -26.1548461914, -87.7817001343, -50.377407074, -25.8664875031, 53.4109764099, -0.141607746482, -22.2919788361, -0.317932873964], [-178.716827393, -16.4188709259, 56.2704544067, 34.7828369141, -26.1548461914, 128.879852295, 30.6499481201, 13.1042432785, 19.9471702576, -27.876247406, 15.3023366928, 1.32189333439, -5.04974269867], [42.6426696777, -44.7916603088, -29.0151233673, -87.1531524658, -87.7817001343, 30.6499481201, 173.935745239, 44.3078422546, 13.1007289886, -19.9993972778, -9.04273796082, 32.1582145691, -2.78072690964], [42.6920433044, -7.93209171295, -24.610490799, -54.2609176636, -50.377407074, 13.1042432785, 44.3078422546, 125.341247559, -1.50354146957, -7.18621444702, -6.48963403702, 12.8539266586, 8.50794506073], [5.83179569244, -60.0910797119, -20.5832939148, 24.9891967773, -25.8664875031, 19.9471702576, 13.1007289886, -1.50354146957, 118.402488708, 6.29540348053, 7.66621255875, 2.63672566414, -1.09240412712], [164.708618164, -5.01507091522, -94.7326431274, -32.360042572, 53.4109764099, -27.876247406, -19.9993972778, -7.18621444702, 6.29540348053, 112.09690094, 27.2218265533, -0.518215894699, -14.7145366669], [23.8798484802, 25.5920619965, -57.128112793, -7.57150173187, -0.141607746482, 15.3023366928, -9.04273796082, -6.48963403702, 7.66621255875, 27.2218265533, 97.2522735596, 18.9601402283, -12.4783401489], [66.3579177856, -17.0999679565, -42.3772621155, -41.1953544617, -22.2919788361, 1.32189333439, 32.1582145691, 12.8539266586, 2.63672566414, -0.518215894699, 18.9601402283, 72.9718704224, 15.789648056], [-106.681121826, 26.1895923615, 39.3910636902, 21.9925708771, -0.317932873964, -5.04974269867, -2.78072690964, 8.50794506073, -1.09240412712, -14.7145366669, -12.4783401489, 15.789648056, 80.3371734619]],
        "icov": [[0.000968377979007, 0.00120072613936, 0.000957978074439, 0.000484984309878, -9.70873879851e-05, 0.000795927364379, 0.000268443138339, -9.819992556e-05, 0.00044994748896, -0.000108747430204, -2.102459257e-05, -2.65921499931e-07, 0.00034433385008], [0.00120072613936, 0.00248715723865, 0.00151383469347, 0.000284836773062, -0.000426253653131, 0.00104854919482, 0.000250222568866, -0.000234001607168, 0.00111180194654, 0.000242985974182, -0.000430704531027, 0.000391059613321, -2.30507484957e-05], [0.000957978074439, 0.00151383469347, 0.00269238557667, 7.37864465918e-05, -0.000762037176173, 0.000202781302505, 0.000170007682755, -1.06506195152e-05, 0.000847152958158, 0.00122311664745, 0.000325875647832, 0.000761075061746, -0.000408401741879], [0.000484984309878, 0.000284836773062, 7.37864465918e-05, 0.00408186390996, -0.000306485890178, -0.000703628233168, 0.00166710012127, 0.000962616177276, -0.000926668581087, 0.000824023969471, 4.59294051325e-06, 0.00119651400018, -0.00078824540833], [-9.70873879851e-05, -0.000426253653131, -0.000762037176173, -0.000306485890178, 0.00603658752516, -0.000132730114274, 0.00197521364316, 0.00134857837111, 0.00098633649759, -0.00334661011584, 0.000855696736835, -0.000164881173987, -2.55608465523e-05], [0.000795927364379, 0.00104854919482, 0.000202781302505, -0.000703628233168, -0.000132730114274, 0.010562825948, -0.00177601433825, -0.00117475260049, -0.000879511411767, 0.00203838665038, -0.00272527220659, 0.000455224770121, 0.0013832708355], [0.000268443138339, 0.000250222568866, 0.000170007682755, 0.00166710012127, 0.00197521364316, -0.00177601433825, 0.00890922546387, -0.00116425671149, -0.000527862866875, 6.51797017781e-05, 0.00183537381236, -0.00288768881001, 0.000920415390283], [-9.819992556e-05, -0.000234001607168, -1.06506195152e-05, 0.000962616177276, 0.00134857837111, -0.00117475260049, -0.00116425671149, 0.00961053837091, 0.000388213957194, -0.000530153512955, 0.000836890714709, -0.000111719251436, -0.00137887906749], [0.00044994748896, 0.00111180194654, 0.000847152958158, -0.000926668581087, 0.00098633649759, -0.000879511411767, -0.000527862866875, 0.000388213957194, 0.0098485564813, -0.00143607426435, -0.000274095888017, 5.44052018085e-05, -0.000219792345888], [-0.000108747430204, 0.000242985974182, 0.00122311664745, 0.000824023969471, -0.00334661011584, 0.00203838665038, 6.51797017781e-05, -0.000530153512955, -0.00143607426435, 0.0134581420571, -0.00339164189063, 0.00119036179967, 0.00080906401854], [-2.102459257e-05, -0.000430704531027, 0.000325875647832, 4.59294051325e-06, 0.000855696736835, -0.00272527220659, 0.00183537381236, 0.000836890714709, -0.000274095888017, -0.00339164189063, 0.013360218145, -0.00447273999453, 0.00208774465136], [-2.65921499931e-07, 0.000391059613321, 0.000761075061746, 0.00119651400018, -0.000164881173987, 0.000455224770121, -0.00288768881001, -0.000111719251436, 5.44052018085e-05, 0.00119036179967, -0.00447273999453, 0.0183930359781, -0.00497968634591], [0.00034433385008, -2.30507484957e-05, -0.000408401741879, -0.00078824540833, -2.55608465523e-05, 0.0013832708355, 0.000920415390283, -0.00137887906749, -0.000219792345888, 0.00080906401854, 0.00208774465136, -0.00497968634591, 0.0150412609801]]
    },
    "spectral_contrast_coeffs": {
        "max": [-0.458723127842, -0.502200722694, -0.519936442375, -0.574011445045, -0.610156714916, -0.363910645247],
        "mean": [-0.694714009762, -0.735401630402, -0.725591182709, -0.759327709675, -0.763802349567, -0.698296308517],
        "min": [-0.89389359951, -0.897104382515, -0.898553848267, -0.908542335033, -0.884431600571, -0.924354553223],
        "stdev": [0.0632085725665, 0.0645869150758, 0.0693424865603, 0.0589152686298, 0.0453974939883, 0.0585513748229]
    },
    "spectral_contrast_valleys": {
        "max": [-6.35051059723, -5.31134319305, -5.32509326935, -6.00125360489, -6.04879617691, -8.64315700531],
        "mean": [-7.7338476181, -6.69960212708, -7.21737861633, -7.33570051193, -7.71369361877, -11.5468139648],
        "min": [-9.69875240326, -8.86260604858, -9.9062871933, -9.81936073303, -10.1669845581, -16.2138328552],
        "stdev": [0.476929426193, 0.583993554115, 0.696924328804, 0.68555110693, 0.70889788866, 0.990321218967]
    }
},
"rhythm": {
    "beats_count": 74,
    "beats_loudness": {
        "max": 0.0527982600033,
        "mean": 0.0212869290262,
        "min": 0.00162083073519,
        "stdev": 0.0130762616172
    },
    "bpm": 93.126083374,
    "bpm_histogram_first_peak_bpm": 92,
    "bpm_histogram_first_peak_weight": 0.586206912994,
    "bpm_histogram_second_peak_bpm": 82,
    "bpm_histogram_second_peak_spread": 0,
    "bpm_histogram_second_peak_weight": 0.136986300349,
    "danceability": 0.859113276005,
    "onset_rate": 2.625,
    "beats_loudness_band_ratio": {
        "max": [0.462769567966, 0.719537258148, 0.600824117661, 0.810590624809, 0.601557672024, 0.401041686535],
        "mean": [0.0853329747915, 0.115378834307, 0.285151362419, 0.30170956254, 0.19613841176, 0.0633710026741],
        "min": [0.00305122509599, 0.00821975432336, 0.0190863311291, 0.0379797630012, 0.00918427854776, 0.00436972640455],
        "stdev": [0.113152459264, 0.146432429552, 0.134313136339, 0.211943134665, 0.156310647726, 0.0780297741294]
    },
