{
"metadata": {
    "version": {
        "essentia": "2.1-beta5",
        "essentia_git_sha": "Undefined",
        "extractor": "music 2.0"
    },
    "audio_properties": {
        "analysis": {
            "equal_loudness": 0,
            "length": 29.0017242432,
            "sample_rate": 44100,
            "start_time": 64.9926528931,
            "downmix": "mix"
        },
        "bit_rate": 192000,
        "length": 192.539871216,
        "lossless": 0,
        "number_channels": 2,
        "replay_gain": 0.555730819702,
        "sample_rate": 44100,
        "codec": "mp3",
        "md5_encoded": "66469cbe6a3e5e7b54f0ebf766c978b2"
    },
    "tags": {
        "file_name": "Belgium_Fleur De Liberté_Jacques Hustin.mp3",
        "encoding": ["Lavf58.29.100"]
    }
},
"lowlevel": {
    "average_loudness": 0.973656058311,
    "barkbands_crest": {
        "max": 22.19389534,
        "mean": 9.66227531433,
        "min": 3.17863178253,
        "stdev": 3.65965676308
    },
    "barkbands_flatness_db": {
        "max": 0.312770336866,
        "mean": 0.184597849846,
        "min": 0.102618537843,
        "stdev": 0.0299559570849
    },
    "barkbands_kurtosis": {
        "max": 33.2075195312,
        "mean": 2.23103237152,
        "min": -1.68729794025,
        "stdev": 3.14978718758
    },
    "barkbands_skewness": {
        "max": 4.57784032822,
        "mean": 1.14523148537,
        "min": -0.655196368694,
        "stdev": 0.723678469658
    },
    "barkbands_spread": {
        "max": 39.0542755127,
        "mean": 11.0118675232,
        "min": 2.2800719738,
        "stdev": 4.78116798401
    },
    "dissonance": {
        "max": 0.498498797417,
        "mean": 0.445558935404,
        "min": 0.310262441635,
        "stdev": 0.031885959208
    },
    "dynamic_complexity": 2.02663779259,
    "erbbands_crest": {
        "max": 29.3185386658,
        "mean": 10.0257329941,
        "min": 3.28721547127,
        "stdev": 4.1213054657
    },
    "erbbands_flatness_db": {
        "max": 0.332287400961,
        "mean": 0.239819049835,
        "min": 0.146799460053,
        "stdev": 0.031537193805
    },
    "erbbands_kurtosis": {
        "max": 13.7295970917,
        "mean": 0.452365905046,
        "min": -1.79842054844,
        "stdev": 1.45523643494
    },
    "erbbands_skewness": {
        "max": 2.52930951118,
        "mean": 0.498194783926,
        "min": -1.50582540035,
        "stdev": 0.570558130741
    },
    "erbbands_spread": {
        "max": 55.0990180969,
        "mean": 21.4207019806,
        "min": 5.16348934174,
        "stdev": 8.5277299881
    },
    "hfc": {
        "max": 62.5982780457,
        "mean": 18.6966152191,
        "min": 1.07841598988,
        "stdev": 11.0399494171
    },
    "loudness_ebu128": {
        "integrated": -24.4738559723,
        "loudness_range": 1.18962669373,
        "momentary": {
            "max": -21.9872837067,
            "mean": -24.7825813293,
            "min": -31.2639503479,
            "stdev": 1.73664200306
        },
        "short_term": {
            "max": -23.575170517,
            "mean": -24.4329795837,
            "min": -25.8303146362,
            "stdev": 0.434492588043
        }
    },
    "melbands_crest": {
        "max": 28.2119541168,
        "mean": 11.5783634186,
        "min": 4.23462057114,
        "stdev": 4.13576936722
    },
    "melbands_flatness_db": {
        "max": 0.382174432278,
        "mean": 0.24859970808,
        "min": 0.106857724488,
        "stdev": 0.0338232442737
    },
    "melbands_kurtosis": {
        "max": 53.4956893921,
        "mean": 4.12514591217,
        "min": -1.28695976734,
        "stdev": 4.63781690598
    },
    "melbands_skewness": {
        "max": 5.8481593132,
        "mean": 1.46155560017,
        "min": -0.567731678486,
        "stdev": 0.835544764996
    },
    "melbands_spread": {
        "max": 52.3248596191,
        "mean": 15.9435138702,
        "min": 2.30596065521,
        "stdev": 6.9146399498
    },
    "pitch_salience": {
        "max": 0.837129473686,
        "mean": 0.595490753651,
        "min": 0.240271836519,
        "stdev": 0.0957024767995
    },
    "silence_rate_20dB": {
        "max": 1,
        "mean": 1,
        "min": 1,
        "stdev": 0
    },
    "silence_rate_30dB": {
        "max": 1,
        "mean": 1,
        "min": 1,
        "stdev": 0
    },
    "silence_rate_60dB": {
        "max": 1,
        "mean": 0.00159999995958,
        "min": 0,
        "stdev": 0.0399678647518
    },
    "spectral_centroid": {
        "max": 2787.76318359,
        "mean": 907.30657959,
        "min": 257.938659668,
        "stdev": 308.790161133
    },
    "spectral_complexity": {
        "max": 41,
        "mean": 18.6184005737,
        "min": 5,
        "stdev": 4.97103786469
    },
    "spectral_decrease": {
        "max": -5.94968019296e-10,
        "mean": -6.7858070274e-09,
        "min": -2.34056916071e-08,
        "stdev": 3.64119756568e-09
    },
    "spectral_energy": {
        "max": 0.091844394803,
        "mean": 0.0273070316762,
        "min": 0.00237311632372,
        "stdev": 0.0146258631721
    },
    "spectral_energyband_high": {
        "max": 0.00211860868149,
        "mean": 6.51986920275e-05,
        "min": 5.38236963621e-06,
        "stdev": 0.000145214056829
    },
    "spectral_energyband_low": {
        "max": 0.00734630599618,
        "mean": 0.000924687308725,
        "min": 7.90947615315e-06,
        "stdev": 0.000948280561715
    },
    "spectral_energyband_middle_high": {
        "max": 0.049171872437,
        "mean": 0.00749353785068,
        "min": 0.00016606337158,
        "stdev": 0.00622244318947
    },
    "spectral_energyband_middle_low": {
        "max": 0.077772334218,
        "mean": 0.0194279253483,
        "min": 0.00159951893147,
        "stdev": 0.0122202765197
    },
    "spectral_entropy": {
        "max": 7.95258665085,
        "mean": 7.06686162949,
        "min": 6.04949760437,
        "stdev": 0.242820948362
    },
    "spectral_flux": {
        "max": 0.272818535566,
        "mean": 0.0878664553165,
        "min": 0.0181509014219,
        "stdev": 0.0345071926713
    },
    "spectral_kurtosis": {
        "max": 32.3176803589,
        "mean": 10.3530864716,
        "min": -0.18309378624,
        "stdev": 5.40595054626
    },
    "spectral_rms": {
        "max": 0.00946595426649,
        "mean": 0.00496219564229,
        "min": 0.00152158981655,
        "stdev": 0.00142044387758
    },
    "spectral_rolloff": {
        "max": 4134.375,
        "mean": 1074.1784668,
        "min": 215.33203125,
        "stdev": 447.800018311
    },
    "spectral_skewness": {
        "max": 3.9721493721,
        "mean": 2.02715778351,
        "min": 0.258522510529,
        "stdev": 0.583979904652
    },
    "spectral_spread": {
        "max": 11725818,
        "mean": 2311428.25,
        "min": 1402491.25,
        "stdev": 455761.3125
    },
    "spectral_strongpeak": {
        "max": 7.13433504105,
        "mean": 1.5250146389,
        "min": 0.0485072210431,
        "stdev": 1.09633433819
    },
    "zerocrossingrate": {
        "max": 0.095703125,
        "mean": 0.0395039059222,
        "min": 0.0107421875,
        "stdev": 0.010453324765
    },
    "barkbands": {
        "max": [8.76828471519e-06, 0.00190852372907, 0.003787224181, 0.0106151783839, 0.0558547414839, 0.0546312816441, 0.0627169460058, 0.0454953871667, 0.0440581850708, 0.0267562046647, 0.0348278433084, 0.0243364311755, 0.0118523361161, 0.011073321104, 0.00647093914449, 0.00726815173402, 0.00557732256129, 0.00471580168232, 0.00433834828436, 0.00223789829761, 0.00142003013752, 0.000362417660654, 6.69174769428e-05, 1.66678037203e-05, 1.15555701541e-06, 1.10136795684e-06, 5.10064091941e-06],
        "mean": [1.40018892125e-06, 0.000131229520775, 0.000393084977986, 0.00120968488045, 0.00491290539503, 0.00324191921391, 0.00371183478273, 0.0025623717811, 0.0033846097067, 0.00171355891507, 0.00198361184448, 0.000909187889192, 0.000817556865513, 0.000771840510424, 0.000416340393713, 0.000318935402902, 0.000221541689825, 0.000303652166622, 0.000182690957445, 7.60740367696e-05, 2.72360739473e-05, 1.0065724382e-05, 2.41431371251e-06, 8.99314898106e-07, 6.08800974078e-07, 2.20677236484e-07, 1.57557246894e-06],
        "min": [2.39596431584e-09, 5.14329997259e-07, 1.20420224903e-06, 4.68399503006e-06, 9.48098604567e-05, 3.61889979104e-05, 1.30328680825e-05, 1.94466701942e-05, 2.00364738703e-05, 2.46851741394e-05, 1.48931903823e-05, 1.07982614281e-05, 2.04658954317e-05, 1.32129880512e-05, 7.55148175813e-06, 5.49586593479e-06, 2.88607020593e-06, 3.70557154383e-06, 1.68027747804e-06, 1.09562392936e-06, 9.85333826975e-07, 4.8450721124e-07, 3.15594860467e-07, 3.85954194826e-07, 3.25542629298e-07, 2.06367563038e-08, 1.58862090149e-10],
        "stdev": [1.33185938012e-06, 0.000200733746169, 0.000441627285909, 0.00128027505707, 0.00574051728472, 0.00509272282943, 0.00574747053906, 0.00447671441361, 0.00553492968902, 0.00296907802112, 0.00293402117677, 0.00151206797455, 0.0012726635905, 0.00110082630999, 0.000483557058033, 0.000550786149688, 0.000490865844768, 0.000533994578291, 0.00032537325751, 0.000120888660604, 7.84421499702e-05, 2.77411309071e-05, 5.11718099006e-06, 9.91406409412e-07, 1.14300810594e-07, 7.55980948952e-08, 1.26422798985e-06]
    },
    "erbbands": {
        "max": [0.0108965598047, 0.594379901886, 3.27552628517, 17.9726600647, 139.472686768, 230.085617065, 301.56036377, 377.921539307, 453.02835083, 1166.06091309, 1048.19555664, 1012.40478516, 891.37109375, 923.418701172, 553.932617188, 1156.99475098, 455.039428711, 665.06036377, 414.130004883, 246.365951538, 462.664978027, 300.379608154, 335.990020752, 203.242111206, 169.704391479, 118.402702332, 77.6788482666, 25.9789791107, 13.5901899338, 9.58784198761, 1.28547739983, 0.492118358612, 0.157621562481, 0.0187925267965, 0.00889835786074, 0.00435619568452, 0.00223344261758, 0.00802893936634, 0.000228432545555, 0.000102929087006],
        "mean": [0.000933709787205, 0.0444548018277, 0.399355649948, 2.23312163353, 9.882604599, 18.5887069702, 25.0299758911, 23.4845237732, 36.3018302917, 70.4199447632, 67.8148345947, 68.4999923706, 55.3363380432, 75.6988830566, 50.2240829468, 39.4128074646, 36.7296180725, 43.0601158142, 22.6068439484, 22.8970165253, 17.1287441254, 13.5120515823, 16.3462181091, 12.1298732758, 8.01290035248, 3.52126836777, 1.43601429462, 0.822732508183, 0.411073237658, 0.166209563613, 0.0567787587643, 0.0246291831136, 0.0123529238626, 0.00726612098515, 0.00410590972751, 0.00177548406646, 0.000611298019066, 0.00248407735489, 7.612889749e-05, 3.27570778609e-05],
        "min": [2.23134029511e-05, 0.0006567328237, 0.00624857051298, 0.0448926538229, 0.178091257811, 0.292495250702, 0.129403948784, 0.424683123827, 0.600255131721, 0.893221139908, 0.515158414841, 0.957052350044, 1.16949117184, 0.602019131184, 0.439553558826, 0.665644824505, 1.02327942848, 0.66692084074, 0.593371272087, 0.357929170132, 0.342548519373, 0.222259730101, 0.179153084755, 0.136968806386, 0.0818365737796, 0.0479247160256, 0.0336283706129, 0.0258533451706, 0.0183508098125, 0.0132178813219, 0.0076467897743, 0.00746810389683, 0.00609155045822, 0.00319354142994, 0.0019143098034, 0.000336012628395, 2.59352691501e-05, 2.56510543295e-06, 1.75574189143e-06, 3.08108860736e-06],
        "stdev": [0.0010481699137, 0.0625973418355, 0.436314851046, 2.20595479012, 10.7879304886, 27.1426010132, 38.6529464722, 35.7239532471, 54.4040184021, 122.7345047, 97.3539199829, 125.254356384, 91.2855300903, 101.554748535, 64.1801300049, 62.617099762, 53.8544578552, 61.723323822, 27.6287307739, 24.2884559631, 30.541934967, 26.4883060455, 30.4323863983, 19.9013004303, 14.3575267792, 5.60497617722, 3.98975753784, 2.25147438049, 1.0896384716, 0.501473128796, 0.11015881598, 0.0351334996521, 0.00929107423872, 0.00172802840825, 0.000882018532138, 0.000496489345096, 0.000329822680214, 0.00198810268193, 4.96335014759e-05, 1.68664828379e-05]
    },
    "gfcc": {
        "mean": [-33.9123458862, 142.119125366, -156.073150635, -12.1897993088, -52.4659118652, -25.5794773102, -34.3104782104, -10.2840652466, -30.6897678375, -10.4151697159, -18.8896369934, -10.2471818924, -15.3819828033],
        "cov": [[547.380249023, 46.659538269, -274.170227051, -40.9716186523, -7.0207118988, -126.415496826, 82.3148727417, -50.0859298706, -30.2088928223, -58.5213661194, 29.7830047607, 14.8731107712, -19.5345611572], [46.659538269, 218.077484131, 16.6594848633, -23.0962810516, 12.0820808411, 47.3761291504, -15.7573356628, 30.9493465424, -2.1540119648, -12.0938081741, 36.8066558838, -38.4418830872, 24.4312763214], [-274.170227051, 16.6594848633, 412.878326416, 19.0950965881, 67.5665435791, 46.4309272766, -31.8976173401, 22.4912891388, 34.7942123413, 46.8651390076, -33.7918395996, 23.75248909, -30.886177063], [-40.9716186523, -23.0962810516, 19.0950965881, 306.142578125, -27.1904182434, 55.0784263611, -19.699968338, -25.674659729, -6.26002693176, -2.48538017273, -16.9306316376, -3.94715547562, 48.3047866821], [-7.0207118988, 12.0820808411, 67.5665435791, -27.1904182434, 171.67401123, 22.6688098907, -6.00086736679, 22.4934940338, -8.71361732483, -4.40366458893, -7.56863451004, 30.6706905365, -19.2821922302], [-126.415496826, 47.3761291504, 46.4309272766, 55.0784263611, 22.6688098907, 194.26461792, 42.0202941895, 16.7317142487, 2.61590003967, 23.5309143066, -3.15108966827, -28.2419967651, 23.5947704315], [82.3148727417, -15.7573356628, -31.8976173401, -19.699968338, -6.00086736679, 42.0202941895, 120.181686401, 23.4709033966, -21.1765499115, 0.680297791958, 4.04258537292, -12.3780994415, -20.6316356659], [-50.0859298706, 30.9493465424, 22.4912891388, -25.674659729, 22.4934940338, 16.7317142487, 23.4709033966, 89.2526550293, 27.2959251404, 5.44608592987, 4.66590976715, -9.80851364136, -7.13912439346], [-30.2088928223, -2.1540119648, 34.7942123413, -6.26002693176, -8.71361732483, 2.61590003967, -21.1765499115, 27.2959251404, 85.4450836182, 33.3297615051, -12.6315793991, 2.75040817261, -5.52792930603], [-58.5213661194, -12.0938081741, 46.8651390076, -2.48538017273, -4.40366458893, 23.5309143066, 0.680297791958, 5.44608592987, 33.3297615051, 68.2101364136, 15.3830785751, -9.92320728302, -11.9480581284], [29.7830047607, 36.8066558838, -33.7918395996, -16.9306316376, -7.56863451004, -3.15108966827, 4.04258537292, 4.66590976715, -12.6315793991, 15.3830785751, 65.5351409912, 5.50178956985, -11.089589119], [14.8731107712, -38.4418830872, 23.75248909, -3.94715547562, 30.6706905365, -28.2419967651, -12.3780994415, -9.80851364136, 2.75040817261, -9.92320728302, 5.50178956985, 78.5645980835, 14.4238452911], [-19.5345611572, 24.4312763214, -30.886177063, 48.3047866821, -19.2821922302, 23.5947704315, -20.6316356659, -7.13912439346, -5.52792930603, -11.9480581284, -11.089589119, 14.4238452911, 80.355140686]],
        "icov": [[0.0131339915097, -0.0116556659341, 0.00833412632346, -0.00299243023619, -0.00486419908702, 0.0117964735255, -0.0172469206154, 0.0139499083161, -0.00821297615767, 0.00118041131645, 0.00374286319129, -0.00647760834545, 0.00520887225866], [-0.0116556659341, 0.0215013362467, -0.0105697009712, 0.00438615726307, 0.00129395420663, -0.0112367831171, 0.0151743292809, -0.0115247266367, 0.00130668352358, 0.00937597081065, -0.017316268757, 0.0174017678946, -0.0136174466461], [0.00833412632346, -0.0105697009712, 0.0101084280759, -0.0026938598603, -0.00211423076689, 0.00613320665434, -0.00842241384089, 0.00642930809408, -0.001344757271, -0.00606204988435, 0.0103818373755, -0.0105662373826, 0.00918046198785], [-0.00299243023619, 0.00438615726307, -0.0026938598603, 0.00490545062348, 0.00125582283363, -0.00391426729038, 0.00447008106858, -0.00216138386168, 0.00119388499297, 0.00153418886475, -0.00253466912545, 0.00342845637351, -0.00429392233491], [-0.00486419908702, 0.00129395420663, -0.00211423076689, 0.00125582283363, 0.011587806046, -0.00708342064172, 0.00982302427292, -0.0097302896902, 0.00952337309718, -0.00467772455886, 0.0062274611555, -0.00683648698032, 0.00542089529335], [0.0117964735255, -0.0112367831171, 0.00613320665434, -0.00391426729038, -0.00708342064172, 0.0193193051964, -0.0203157514334, 0.013926345855, -0.0092566004023, -0.000430515239714, 0.00180054269731, -0.00128457113169, -0.000578489445616], [-0.0172469206154, 0.0151743292809, -0.00842241384089, 0.00447008106858, 0.00982302427292, -0.0203157514334, 0.0369583107531, -0.0249951519072, 0.0190756656229, -0.00571429729462, 0.000648225832265, 0.00344463507645, 0.000793949875515], [0.0139499083161, -0.0115247266367, 0.00642930809408, -0.00216138386168, -0.0097302896902, 0.013926345855, -0.0249951519072, 0.0332414619625, -0.0204507634044, 0.00869295559824, -0.00445821555331, 0.00082914007362, -0.00010106080299], [-0.00821297615767, 0.00130668352358, -0.001344757271, 0.00119388499297, 0.00952337309718, -0.0092566004023, 0.0190756656229, -0.0204507634044, 0.0335512720048, -0.0209922529757, 0.0171485282481, -0.0104054333642, 0.00787683017552], [0.00118041131645, 0.00937597081065, -0.00606204988435, 0.00153418886475, -0.00467772455886, -0.000430515239714, -0.00571429729462, 0.00869295559824, -0.0209922529757, 0.0374957211316, -0.0253364257514, 0.017204221338, -0.00996064022183], [0.00374286319129, -0.017316268757, 0.0103818373755, -0.00253466912545, 0.0062274611555, 0.00180054269731, 0.000648225832265, -0.00445821555331, 0.0171485282481, -0.0253364257514, 0.0439013242722, -0.0253133401275, 0.0204398334026], [-0.00647760834545, 0.0174017678946, -0.0105662373826, 0.00342845637351, -0.00683648698032, -0.00128457113169, 0.00344463507645, 0.00082914007362, -0.0104054333642, 0.017204221338, -0.0253133401275, 0.0369611307979, -0.0215788464993], [0.00520887225866, -0.0136174466461, 0.00918046198785, -0.00429392233491, 0.00542089529335, -0.000578489445616, 0.000793949875515, -0.00010106080299, 0.00787683017552, -0.00996064022183, 0.0204398334026, -0.0215788464993, 0.0313819088042]]
    },
    "melbands": {
        "max": [0.000293639721349, 0.0013244622387, 0.00535409105942, 0.00964659731835, 0.0099046882242, 0.00897940155119, 0.00742347026244, 0.011508683674, 0.00816054176539, 0.00672749383375, 0.00460872473195, 0.00342202745378, 0.00321161095053, 0.00283937645145, 0.00204867357388, 0.000945980078541, 0.00146127003245, 0.000686618324835, 0.000281975371763, 0.000274424615782, 0.000518296961673, 0.000422725686803, 0.000232431964832, 0.000325106841046, 0.000157621921971, 0.000153668108396, 7.56186491344e-05, 7.77162131271e-05, 5.64657639188e-05, 2.68140247499e-05, 1.35721602419e-05, 8.65480524226e-06, 7.61632463764e-06, 4.03713329433e-06, 8.62450633576e-07, 3.50318316578e-07, 2.76674768429e-07, 1.37562437885e-07, 3.61098635437e-08, 1.20452838814e-08],
        "mean": [2.04621719604e-05, 0.000166798257851, 0.000611894764006, 0.00103688193485, 0.000871527008712, 0.000568406656384, 0.000604800705332, 0.000726881145965, 0.000597020843998, 0.000412147433963, 0.000273159443168, 0.000304973887978, 0.000228280783631, 8.58093480929e-05, 0.000115225149784, 7.34100249247e-05, 8.03198345238e-05, 3.6355573684e-05, 3.47628338204e-05, 2.23332899623e-05, 1.98506404558e-05, 1.41668406286e-05, 1.16401497507e-05, 1.62304513651e-05, 9.06253899302e-06, 6.6101797529e-06, 4.30587942901e-06, 1.79273376943e-06, 9.05306649202e-07, 6.75622629842e-07, 3.98975885219e-07, 2.55618317624e-07, 1.35316611249e-07, 7.32501703737e-08, 3.45393083023e-08, 1.875844724e-08, 1.31588153707e-08, 8.84099282672e-09, 6.97593849353e-09, 5.76609826552e-09],
        "min": [2.02058586751e-07, 1.42182989293e-06, 1.36790486067e-05, 2.09450008697e-05, 6.52215476293e-06, 6.89092712491e-06, 5.10384916197e-06, 3.616686854e-06, 4.25383950642e-06, 6.4046253101e-06, 4.33360219176e-06, 1.93016126104e-06, 1.34385436468e-06, 1.43335398661e-06, 1.35716697969e-06, 1.39238716201e-06, 1.02682588476e-06, 6.53572953979e-07, 4.09837753068e-07, 4.4341933858e-07, 3.54290790483e-07, 1.60967573493e-07, 1.34254619866e-07, 1.97430509274e-07, 9.23644662976e-08, 6.59037198147e-08, 4.49963550864e-08, 2.69732094438e-08, 2.07766586158e-08, 2.38997177604e-08, 8.70830341171e-09, 9.8827737105e-09, 8.54945803042e-09, 5.76748826475e-09, 3.88343757152e-09, 4.20118073663e-09, 3.47341644336e-09, 3.64532204422e-09, 2.90776469569e-09, 2.18152518272e-09],
        "stdev": [3.0117271308e-05, 0.000176819070475, 0.000575534941163, 0.00122913543601, 0.00120656029321, 0.000836990016978, 0.000873609504197, 0.00122477591503, 0.000874583434779, 0.000765461241826, 0.000473688618513, 0.000410856708186, 0.000315943179885, 0.000165763689438, 0.000195533895749, 9.22724066186e-05, 0.000126434053527, 5.08434568474e-05, 3.63663057215e-05, 3.11606381729e-05, 3.99124619435e-05, 3.26824556396e-05, 2.00466747629e-05, 3.044737241e-05, 1.56052537932e-05, 1.25616970763e-05, 7.32449962015e-06, 3.3475885175e-06, 2.70872965302e-06, 1.88440924376e-06, 1.15752447982e-06, 6.81919971157e-07, 4.24823070944e-07, 2.10130139067e-07, 6.95563215913e-08, 2.83697350056e-08, 1.79708177228e-08, 7.72568409246e-09, 2.47052245328e-09, 1.45105172322e-09]
    },
    "melbands128": {
        "max": [7.54087113819e-06, 1.48976041601e-05, 0.000205471878871, 0.0013164562406, 0.00195005279966, 0.0020889355801, 0.00390154845081, 0.00648313434795, 0.0177079476416, 0.0141205731779, 0.0165269654244, 0.0162834376097, 0.0142597667873, 0.0249738190323, 0.0142345894128, 0.00750672630966, 0.0119674280286, 0.0109831308946, 0.0245065689087, 0.022641800344, 0.0131481513381, 0.0171205997467, 0.0148585317656, 0.0163551010191, 0.0103650949895, 0.011120557785, 0.0080594997853, 0.00798371806741, 0.00759807182476, 0.00575716095045, 0.00546650402248, 0.0113528501242, 0.00359918479808, 0.00310265365988, 0.00369613920338, 0.0056714117527, 0.00386294559576, 0.00356236333027, 0.00286356615834, 0.00117436249275, 0.00170066801365, 0.00199689716101, 0.00267671979964, 0.00171856326051, 0.000964942213614, 0.00146733934525, 0.000624783977401, 0.00053417077288, 0.000330939597916, 0.000748960359488, 0.00023240869632, 0.000737877096981, 0.00115176348481, 0.000938648241572, 0.000645792693831, 0.000789108220488, 0.000698067713529, 0.000262000481598, 0.000194815947907, 0.000585788511671, 0.000604531844147, 0.000382065569283, 0.000389062246541, 0.000290810246952, 0.000112418703793, 0.00017698580632, 0.000269524753094, 0.000238943335717, 9.01262756088e-05, 0.000127186678583, 8.50372089189e-05, 5.72149583604e-05, 4.27925988333e-05, 7.77586174081e-05, 5.07772383571e-05, 2.84437810478e-05, 1.90801365534e-05, 2.37916647166e-05, 2.30323075812e-05, 1.17148820209e-05, 1.13150845209e-05, 1.21396897157e-05, 7.31211639504e-06, 1.1940085642e-05, 1.02150515886e-05, 5.91384969084e-06, 1.76611877123e-06, 1.98594739231e-06, 1.31519561819e-06, 5.78098365622e-07, 4.464629626e-07, 3.33670669761e-07, 4.48104032102e-07, 2.7144710657e-07, 2.74760168395e-07, 1.88321294559e-07, 1.29169222873e-07, 8.70934684372e-08, 3.48184769905e-08, 2.56512038277e-08, 1.67361768888e-08, 1.80694819107e-08, 1.84160349193e-08, 1.50058330206e-08, 1.85478086223e-08, 1.18546950034e-08, 1.03057260503e-08, 1.16643104064e-08, 9.17420361901e-09, 8.7347222788e-09, 7.57497620185e-09, 6.89523638187e-09, 6.26805674031e-09, 6.06461281194e-09, 5.92199933536e-09, 7.95535726184e-08, 1.7210257397e-07, 5.74597702752e-09, 5.24837595606e-09, 5.02326757967e-09, 4.88768492346e-09, 4.79027839617e-09, 4.65661287308e-09, 4.60729454588e-09, 4.53337234418e-09, 4.4908197161e-09, 4.44138326117e-09, 4.39266800711e-09],
        "mean": [9.7672125321e-07, 1.95150551008e-06, 1.0878617104e-05, 8.71485244716e-05, 0.000169264050783, 0.000198295048904, 0.000347097375197, 0.000723605917301, 0.00104180234484, 0.00105944811366, 0.00110891088843, 0.000804178242106, 0.000855951977428, 0.000932325376198, 0.00045010028407, 0.000420805212343, 0.000571415643208, 0.000487597833853, 0.000829492870253, 0.00096099881921, 0.000544529699255, 0.000469897117, 0.000586176407523, 0.000812888029031, 0.000406553590437, 0.0002905150468, 0.000303669046843, 0.000227985554375, 0.000327359710354, 0.000205897857086, 0.000319443905028, 0.000451396568678, 0.000234590581385, 6.40544167254e-05, 8.22750007501e-05, 8.30375138321e-05, 0.000104044069303, 0.000153357003001, 9.82910351013e-05, 5.05705938849e-05, 6.58997087157e-05, 0.000109577820695, 8.47540941322e-05, 6.76124109305e-05, 5.04231102241e-05, 2.71495755442e-05, 2.24257237278e-05, 4.16029579355e-05, 3.20277795254e-05, 3.79427765438e-05, 1.4821226614e-05, 1.50108007801e-05, 2.59945518337e-05, 1.87870591617e-05, 1.34414549393e-05, 1.62595133588e-05, 1.2191228052e-05, 9.62365811574e-06, 1.06962852442e-05, 1.64088378369e-05, 2.04721454793e-05, 1.21470739032e-05, 1.13927108032e-05, 7.24056008039e-06, 6.84303995513e-06, 7.51986817704e-06, 5.55876704311e-06, 5.65582149648e-06, 3.64381639884e-06, 3.21740617437e-06, 1.81049870207e-06, 1.14816623409e-06, 9.0441710654e-07, 9.36712069688e-07, 7.63514265145e-07, 7.57596183121e-07, 6.11846530774e-07, 4.86551641643e-07, 3.67833706605e-07, 3.11607550429e-07, 2.89411502763e-07, 2.27949286113e-07, 1.74860346647e-07, 1.26846060766e-07, 1.04065463802e-07, 8.55203765582e-08, 6.21765323672e-08, 4.81214854631e-08, 3.40399637366e-08, 2.38167174871e-08, 2.04194048337e-08, 1.74284249255e-08, 1.58587276644e-08, 1.29953869887e-08, 1.22328707164e-08, 9.41643207852e-09, 8.23633783398e-09, 7.5597297311e-09, 7.11510672602e-09, 6.61234933474e-09, 6.19644868749e-09, 5.67305269428e-09, 5.16104359249e-09, 5.04983388439e-09, 4.62035032456e-09, 4.33458113847e-09, 4.03840694219e-09, 3.5435789858e-09, 3.06907232961e-09, 2.58480681303e-09, 2.12641548814e-09, 1.10543896259e-09, 4.27664813285e-11, 1.2081995994e-11, 1.2213719619e-11, 2.30421246528e-08, 5.38683195828e-08, 2.12618950224e-11, 1.00838443498e-11, 9.85924623192e-12, 9.68491693093e-12, 9.54373299139e-12, 9.3486728775e-12, 9.17915743415e-12, 9.11889400795e-12, 9.06190834177e-12, 8.99870629401e-12, 8.90570429901e-12],
        "min": [9.67453117617e-10, 8.52496384596e-09, 1.2798960114e-08, 9.61685202583e-08, 4.17793927454e-07, 6.0905938426e-07, 7.73551732891e-07, 2.4398232199e-06, 1.75207787834e-06, 1.34866070312e-06, 2.05973014999e-06, 1.15330078643e-06, 7.15902103821e-07, 1.98359657588e-06, 1.87103319149e-06, 7.06066998646e-07, 1.59618684847e-06, 9.65045387602e-07, 1.44705427374e-06, 1.43410568398e-06, 1.42264775604e-06, 8.34371917335e-07, 1.52339657689e-06, 1.25429335185e-06, 5.42165821571e-07, 6.68038580898e-07, 7.9547714904e-07, 9.91537945083e-07, 5.28084683538e-07, 8.80383140611e-07, 3.39808906347e-07, 8.21688445285e-07, 2.98623689332e-07, 2.94433220915e-07, 1.80735526101e-07, 3.3663530985e-07, 5.65603613722e-07, 2.82287970776e-07, 7.13392068974e-07, 2.77497576917e-07, 4.9681159453e-07, 2.50210860031e-07, 3.84771027484e-07, 3.02639449501e-07, 2.11807076766e-07, 1.95351375964e-07, 1.45960171949e-07, 2.21628567942e-07, 3.53513058826e-07, 2.00155284347e-07, 1.13954172321e-07, 7.17364301295e-08, 1.38869111765e-07, 5.33610240439e-08, 8.17810317244e-08, 6.65190995619e-08, 1.02464241536e-07, 4.13604688276e-08, 8.21344912083e-08, 1.20214991739e-07, 1.84973885098e-07, 8.44555501089e-08, 7.26319555611e-08, 2.78899783268e-08, 4.37107203766e-08, 4.07866664887e-08, 3.81311764386e-08, 3.52094247091e-08, 3.13952064346e-08, 1.857740628e-08, 2.19849631833e-08, 9.42498701306e-09, 3.80872222649e-09, 1.20737153608e-09, 1.54657708862e-08, 1.7475972669e-08, 1.46864111983e-08, 7.5108106401e-09, 1.10126030517e-09, 4.86339502004e-09, 6.78221701023e-09, 7.48364747949e-09, 5.66496227705e-09, 3.20458704017e-09, 3.07540992672e-09, 3.62946539489e-09, 4.02977029523e-09, 3.35625771619e-09, 3.16335801998e-09, 2.21845342097e-09, 3.14340087293e-09, 2.23168905578e-09, 2.19941131974e-09, 2.25960361533e-09, 2.61448773742e-09, 1.30540367405e-09, 1.59667767896e-09, 1.46790679612e-09, 1.44639800137e-09, 1.48708012571e-09, 1.54864665536e-09, 1.01377217732e-09, 9.73399472137e-10, 1.41387968e-09, 1.28931754162e-09, 8.98289109763e-10, 9.78273972246e-12, 6.85442154424e-12, 2.60200125335e-11, 3.29823807155e-11, 1.22726429713e-11, 1.18624869042e-12, 5.7762280202e-13, 4.88896304083e-13, 5.03612993322e-13, 3.65960815254e-13, 5.73406881872e-13, 5.38734638497e-13, 4.60329419982e-13, 3.72507227972e-13, 4.4084259355e-13, 3.37546939184e-13, 3.44936942507e-13, 4.24893247756e-13, 4.43876570699e-13, 4.30575226081e-13, 4.43532905715e-13, 3.78546884594e-13],
        "stdev": [9.51072252064e-07, 1.89836828213e-06, 1.72969685082e-05, 0.000136280243169, 0.00022651112522, 0.000226801945246, 0.000457698421087, 0.000816215644591, 0.00132516864687, 0.00160533329472, 0.00197612121701, 0.00161447573919, 0.00155150971841, 0.00209846999496, 0.00102942914236, 0.000772543426137, 0.00122915732209, 0.000967347994447, 0.00181325047743, 0.00211828551255, 0.0012783173006, 0.00123483384959, 0.00109758798499, 0.00167304417118, 0.00114887824748, 0.000937948469073, 0.000734837667551, 0.000626156746875, 0.000760736991651, 0.000455794972368, 0.000625187705737, 0.000817950291093, 0.000386502913898, 0.000167363250512, 0.000228098055231, 0.000243886999669, 0.000247599760769, 0.000299485749565, 0.000273518700851, 0.00011795633327, 0.000115389404527, 0.000172120096977, 0.000207791352295, 0.000149901723489, 9.22386680031e-05, 7.11575266905e-05, 5.31494952156e-05, 6.54565374134e-05, 4.01361430704e-05, 7.51640691306e-05, 2.7032017897e-05, 4.0004550101e-05, 6.41508813715e-05, 5.88690127188e-05, 4.84461234009e-05, 5.114958185e-05, 3.396538159e-05, 2.16335465666e-05, 2.14051069634e-05, 4.73978398077e-05, 4.80528542539e-05, 2.58137206401e-05, 2.84696889139e-05, 1.6530366338e-05, 1.17935933304e-05, 1.94152253243e-05, 1.5963363694e-05, 1.45234162119e-05, 7.33999013391e-06, 6.31857756161e-06, 3.84621080229e-06, 2.86723889076e-06, 2.4965652301e-06, 3.26998588207e-06, 2.71059707302e-06, 2.23227220886e-06, 1.6279806232e-06, 1.46720503835e-06, 1.31088313537e-06, 8.8786384822e-07, 8.20298168946e-07, 6.50017625503e-07, 4.65989813847e-07, 4.87031798002e-07, 4.29085929454e-07, 2.91328774438e-07, 1.4553222627e-07, 1.18500700808e-07, 7.87298830573e-08, 3.81274674055e-08, 3.42487993521e-08, 2.6940051967e-08, 2.7395660851e-08, 1.9045385713e-08, 1.60167825669e-08, 1.03529984585e-08, 7.39078664935e-09, 4.89149254435e-09, 3.14758596964e-09, 2.50588039208e-09, 2.36784258867e-09, 2.1119770377e-09, 1.95618721222e-09, 1.86510584754e-09, 1.6544737802e-09, 1.7573577038e-09, 1.74756198401e-09, 1.61746205318e-09, 1.46003720225e-09, 1.30984079139e-09, 1.23260990303e-09, 8.66226645968e-10, 1.90581578297e-10, 1.81866896543e-10, 1.80854470289e-10, 1.90644193765e-08, 4.27875512798e-08, 1.66941613311e-10, 1.53035376038e-10, 1.4717746466e-10, 1.43449641055e-10, 1.40789477299e-10, 1.37115083176e-10, 1.35629257825e-10, 1.33585420503e-10, 1.32284974641e-10, 1.30979893598e-10, 1.29604382781e-10]
    },
    "mfcc": {
        "mean": [-673.402160645, 188.049285889, -50.0362281799, 13.4148111343, -17.0134983063, -12.6065788269, -7.60516023636, -8.95417785645, -12.2428665161, -6.84529161453, -5.74701976776, -11.8549947739, -9.30948257446],
        "cov": [[762.122070312, -27.8917636871, -331.693878174, 64.46043396, -182.797073364, -27.8861503601, -5.17117547989, 25.4760742188, -77.5324478149, -58.0218658447, 8.82632255554, -48.6364822388, -23.7612266541], [-27.8917636871, 289.01159668, 4.02911186218, -111.65222168, 63.7638664246, -62.5658035278, 36.4423141479, 9.07904720306, -9.05414104462, 18.4450626373, 32.5980453491, 5.92914533615, 5.39535284042], [-331.693878174, 4.02911186218, 327.481567383, 38.0472450256, 57.0072479248, 65.6826400757, -9.98247337341, -18.29139328, 53.2919769287, 35.9163093567, -17.6460285187, 57.4545249939, 22.7323131561], [64.46043396, -111.65222168, 38.0472450256, 189.772460938, 25.7916183472, 10.3688230515, -24.8691501617, 1.69877195358, -1.01695346832, -32.9685325623, -23.7879657745, -6.58877420425, 7.04446840286], [-182.797073364, 63.7638664246, 57.0072479248, 25.7916183472, 186.138778687, 21.9569797516, -9.78070640564, 12.1175451279, 26.6382160187, -6.52833604813, -4.0691781044, 12.9638109207, 13.4861888885], [-27.8861503601, -62.5658035278, 65.6826400757, 10.3688230515, 21.9569797516, 148.571884155, 42.8302383423, -2.54921078682, 27.4446716309, 12.9320287704, -17.3424911499, 17.8338069916, 3.93459916115], [-5.17117547989, 36.4423141479, -9.98247337341, -24.8691501617, -9.78070640564, 42.8302383423, 144.246643066, 33.841545105, -13.6221008301, 29.4895973206, 11.8446559906, -10.6794309616, -0.768017470837], [25.4760742188, 9.07904720306, -18.29139328, 1.69877195358, 12.1175451279, -2.54921078682, 33.841545105, 80.3366928101, 22.2105903625, -9.38446044922, 7.28200435638, -1.25119376183, -0.714055478573], [-77.5324478149, -9.05414104462, 53.2919769287, -1.01695346832, 26.6382160187, 27.4446716309, -13.6221008301, 22.2105903625, 105.886032104, 29.350692749, -26.3073368073, 20.341342926, 16.9364967346], [-58.0218658447, 18.4450626373, 35.9163093567, -32.9685325623, -6.52833604813, 12.9320287704, 29.4895973206, -9.38446044922, 29.350692749, 92.7767562866, 35.5889663696, 10.3182048798, 3.93042945862], [8.82632255554, 32.5980453491, -17.6460285187, -23.7879657745, -4.0691781044, -17.3424911499, 11.8446559906, 7.28200435638, -26.3073368073, 35.5889663696, 90.583366394, 19.983707428, -15.7678670883], [-48.6364822388, 5.92914533615, 57.4545249939, -6.58877420425, 12.9638109207, 17.8338069916, -10.6794309616, -1.25119376183, 20.341342926, 10.3182048798, 19.983707428, 77.8550796509, 26.4510478973], [-23.7612266541, 5.39535284042, 22.7323131561, 7.04446840286, 13.4861888885, 3.93459916115, -0.768017470837, -0.714055478573, 16.9364967346, 3.93042945862, -15.7678670883, 26.4510478973, 62.3312911987]],
        "icov": [[0.0098388036713, -0.0094042532146, 0.0115747172385, -0.0116009032354, 0.0124143268913, -0.0103986319155, 0.00789018440992, -0.00701376469806, 0.00515647884458, -0.00422591669485, 0.00381929171272, -0.00346464943141, 0.000943509396166], [-0.0094042532146, 0.01640471071, -0.0122159225866, 0.0155817270279, -0.0153279975057, 0.0144842127338, -0.0109079359099, 0.00817524734885, -0.00564589584246, 0.00587742449716, -0.00552199501544, 0.00380299775861, -0.0017966942396], [0.0115747172385, -0.0122159225866, 0.0183528680354, -0.0153603926301, 0.0141257280484, -0.0139156347141, 0.0101422704756, -0.00799855403602, 0.00615585921332, -0.00789774395525, 0.00708967773244, -0.00773718208075, 0.00227009737864], [-0.0116009032354, 0.0155817270279, -0.0153603926301, 0.0225499141961, -0.0171239227057, 0.0143543500453, -0.0102847991511, 0.00853047054261, -0.00610349373892, 0.00808903202415, -0.00567628722638, 0.00602835044265, -0.00279355724342], [0.0124143268913, -0.0153279975057, 0.0141257280484, -0.0171239227057, 0.023435158655, -0.0159105025232, 0.011796457693, -0.0099785765633, 0.00517178466544, -0.00436149304733, 0.00386107643135, -0.00357300927863, 0.000170452723978], [-0.0103986319155, 0.0144842127338, -0.0139156347141, 0.0143543500453, -0.0159105025232, 0.0232378374785, -0.01480517257, 0.0110302390531, -0.00852852221578, 0.00646361894906, -0.00360784260556, 0.00147709716111, 0.000524774892256], [0.00789018440992, -0.0109079359099, 0.0101422704756, -0.0102847991511, 0.011796457693, -0.01480517257, 0.0203335881233, -0.0147992400452, 0.0115909967571, -0.0117091024294, 0.00706348568201, -0.00193170760758, 7.41401818232e-05], [-0.00701376469806, 0.00817524734885, -0.00799855403602, 0.00853047054261, -0.0099785765633, 0.0110302390531, -0.0147992400452, 0.027018180117, -0.0158447511494, 0.0143422521651, -0.0117305899039, 0.00491620833054, -0.00149127468467], [0.00515647884458, -0.00564589584246, 0.00615585921332, -0.00610349373892, 0.00517178466544, -0.00852852221578, 0.0115909967571, -0.0158447511494, 0.0251076277345, -0.0170353911817, 0.0155195491388, -0.00787797383964, 0.00180091778748], [-0.00422591669485, 0.00587742449716, -0.00789774395525, 0.00808903202415, -0.00436149304733, 0.00646361894906, -0.0117091024294, 0.0143422521651, -0.0170353911817, 0.0286897644401, -0.018672125414, 0.00846761278808, -0.00509497243911], [0.00381929171272, -0.00552199501544, 0.00708967773244, -0.00567628722638, 0.00386107643135, -0.00360784260556, 0.00706348568201, -0.0117305899039, 0.0155195491388, -0.018672125414, 0.0286662187427, -0.0141211505979, 0.00953944027424], [-0.00346464943141, 0.00380299775861, -0.00773718208075, 0.00602835044265, -0.00357300927863, 0.00147709716111, -0.00193170760758, 0.00491620833054, -0.00787797383964, 0.00846761278808, -0.0141211505979, 0.0251228697598, -0.0114239044487], [0.000943509396166, -0.0017966942396, 0.00227009737864, -0.00279355724342, 0.000170452723978, 0.000524774892256, 7.41401818232e-05, -0.00149127468467, 0.00180091778748, -0.00509497243911, 0.00953944027424, -0.0114239044487, 0.0230531226844]]
    },
    "spectral_contrast_coeffs": {
        "max": [-0.388445675373, -0.482217222452, -0.541077792645, -0.602920651436, -0.567995488644, -0.558616638184],
        "mean": [-0.609282791615, -0.716509222984, -0.727527558804, -0.769618928432, -0.768582284451, -0.756550908089],
        "min": [-0.833895742893, -0.929591357708, -0.878403782845, -0.884772896767, -0.868259310722, -0.877816200256],
        "stdev": [0.0782622545958, 0.0738813877106, 0.0614263489842, 0.0467736907303, 0.0501610599458, 0.0402930602431]
    },
    "spectral_contrast_valleys": {
        "max": [-5.81108903885, -5.02119827271, -5.43390417099, -6.27806615829, -6.41947555542, -10.3182544708],
        "mean": [-7.159471035, -6.21978187561, -6.91090869904, -7.36298751831, -7.91576814651, -11.7250852585],
        "min": [-8.78706169128, -7.6726064682, -8.30567836761, -8.51374721527, -9.29154968262, -12.0142288208],
        "stdev": [0.514841854572, 0.454576164484, 0.478887408972, 0.379824638367, 0.417442291975, 0.139011740685]
    }
},
"rhythm": {
    "beats_count": 63,
    "beats_loudness": {
        "max": 0.0653204843402,
        "mean": 0.0336962118745,
        "min": 0.00750623736531,
        "stdev": 0.0133540034294
    },
    "bpm": 178.205825806,
    "bpm_histogram_first_peak_bpm": 178,
    "bpm_histogram_first_peak_weight": 0,
    "bpm_histogram_second_peak_bpm": 172,
    "bpm_histogram_second_peak_spread": 0,
    "bpm_histogram_second_peak_weight": 0.161290317774,
    "danceability": 1.29388010502,
    "onset_rate": 2.58501839638,
    "beats_loudness_band_ratio": {
        "max": [0.36289870739, 0.72700458765, 0.850678503513, 0.717428743839, 0.271460592747, 0.104704074562],
        "mean": [0.102851599455, 0.289895147085, 0.38747805357, 0.208428621292, 0.0496271252632, 0.00925178360194],
        "min": [0.00780750345439, 0.0483635403216, 0.0298418346792, 0.0143697224557, 0.00428699655458, 0.00105388474185],
        "stdev": [0.0816496536136, 0.180115267634, 0.200978949666, 0.168271303177, 0.0378885567188, 0.0138171864673]
    },
    "beats_position": [0.359909296036, 0.719818592072, 1.06811785698, 1.40480720997, 1.74149656296, 2.08979582787, 2.43809509277, 2.76317453384, 3.08825397491, 3.41333317757, 3.78485250473, 4.13315200806, 4.48145103455, 4.82975053787, 5.16644001007, 5.50312900543, 5.83981847763, 6.18811798096, 6.52480697632, 6.86149644852, 7.19818592072, 7.5464849472, 7.8831744194, 8.2198638916, 8.56816291809, 8.92807197571, 9.287981987, 9.63628101349, 9.97297000885, 10.3096599579, 10.7972784042, 11.261677742, 11.7260770798, 12.202085495, 12.6664848328, 13.1192741394, 13.572063446, 14.0480718613, 14.5240812302, 15.0000905991, 15.4877090454, 15.9753284454, 16.4745578766, 16.9621772766, 17.4497947693, 17.9374141693, 18.4250335693, 18.9010429382, 19.4351024628, 19.9923801422, 20.5380496979, 21.2114276886, 21.8731975555, 22.5581855774, 23.2431735992, 23.9165534973, 24.589931488, 25.2633094788, 25.9366893768, 26.6216773987, 27.3066654205, 27.9916553497, 28.6766433716],
