{
"metadata": {
    "version": {
        "essentia": "2.1-beta5",
        "essentia_git_sha": "Undefined",
        "extractor": "music 2.0"
    },
    "audio_properties": {
        "analysis": {
            "equal_loudness": 0,
            "length": 48.7502937317,
            "sample_rate": 44100,
            "start_time": 110.236732483,
            "downmix": "mix"
        },
        "bit_rate": 192000,
        "length": 189.962463379,
        "lossless": 0,
        "number_channels": 2,
        "replay_gain": -12.8157367706,
        "sample_rate": 48000,
        "codec": "mp3",
        "md5_encoded": "c8d90d8991b1191a53f2cb076b33b797"
    },
    "tags": {
        "file_name": "Monaco_Celui Qui Reste Et Celui Qui S_en Va_Romuald.mp3",
        "encoding": ["Lavf58.29.100"]
    }
},
"lowlevel": {
    "average_loudness": 0.98449498415,
    "barkbands_crest": {
        "max": 21.8350048065,
        "mean": 8.08285140991,
        "min": 2.53884577751,
        "stdev": 3.62291312218
    },
    "barkbands_flatness_db": {
        "max": 0.236706241965,
        "mean": 0.135912448168,
        "min": 0.0666182115674,
        "stdev": 0.0287430565804
    },
    "barkbands_kurtosis": {
        "max": 13.7517185211,
        "mean": 0.400547116995,
        "min": -1.65859484673,
        "stdev": 1.53161394596
    },
    "barkbands_skewness": {
        "max": 3.34893655777,
        "mean": 0.591377019882,
        "min": -1.13208782673,
        "stdev": 0.566407084465
    },
    "barkbands_spread": {
        "max": 58.747844696,
        "mean": 20.5791664124,
        "min": 3.45718765259,
        "stdev": 8.71946525574
    },
    "dissonance": {
        "max": 0.499602019787,
        "mean": 0.466727912426,
        "min": 0.274546951056,
        "stdev": 0.0209004953504
    },
    "dynamic_complexity": 1.19157481194,
    "erbbands_crest": {
        "max": 27.4236545563,
        "mean": 9.18716812134,
        "min": 2.90166330338,
        "stdev": 3.84521102905
    },
    "erbbands_flatness_db": {
        "max": 0.325814455748,
        "mean": 0.206849560142,
        "min": 0.103047929704,
        "stdev": 0.0353107713163
    },
    "erbbands_kurtosis": {
        "max": 11.4625167847,
        "mean": 0.226412400603,
        "min": -1.66418814659,
        "stdev": 1.17527675629
    },
    "erbbands_skewness": {
        "max": 2.21384191513,
        "mean": 0.240966916084,
        "min": -1.86465346813,
        "stdev": 0.574989914894
    },
    "erbbands_spread": {
        "max": 79.0154266357,
        "mean": 27.0070972443,
        "min": 3.68191838264,
        "stdev": 10.880572319
    },
    "hfc": {
        "max": 89.0350952148,
        "mean": 32.426322937,
        "min": 1.15511977673,
        "stdev": 12.2477531433
    },
    "loudness_ebu128": {
        "integrated": -10.0698633194,
        "loudness_range": 1.09300231934,
        "momentary": {
            "max": -8.58810138702,
            "mean": -10.1729297638,
            "min": -14.74077034,
            "stdev": 1.01200377941
        },
        "short_term": {
            "max": -9.30085659027,
            "mean": -10.0681266785,
            "min": -11.2828235626,
            "stdev": 0.407598644495
        }
    },
    "melbands_crest": {
        "max": 27.7380752563,
        "mean": 10.8574533463,
        "min": 3.32592177391,
        "stdev": 4.54809951782
    },
    "melbands_flatness_db": {
        "max": 0.27518388629,
        "mean": 0.147146835923,
        "min": 0.0386076234281,
        "stdev": 0.0351518988609
    },
    "melbands_kurtosis": {
        "max": 29.541721344,
        "mean": 2.50102257729,
        "min": -1.47914016247,
        "stdev": 3.38792586327
    },
    "melbands_skewness": {
        "max": 5.06157588959,
        "mean": 1.1585381031,
        "min": -1.15959131718,
        "stdev": 0.800999045372
    },
    "melbands_spread": {
        "max": 106.749206543,
        "mean": 30.6686115265,
        "min": 5.7469162941,
        "stdev": 13.4459657669
    },
    "pitch_salience": {
        "max": 0.853436291218,
        "mean": 0.581714272499,
        "min": 0.262294471264,
        "stdev": 0.0837520882487
    },
    "silence_rate_20dB": {
        "max": 1,
        "mean": 1,
        "min": 1,
        "stdev": 0
    },
    "silence_rate_30dB": {
        "max": 1,
        "mean": 1,
        "min": 1,
        "stdev": 0
    },
    "silence_rate_60dB": {
        "max": 0,
        "mean": 0,
        "min": 0,
        "stdev": 0
    },
    "spectral_centroid": {
        "max": 3582.02807617,
        "mean": 1707.87316895,
        "min": 601.053405762,
        "stdev": 435.004516602
    },
    "spectral_complexity": {
        "max": 54,
        "mean": 28.3150882721,
        "min": 3,
        "stdev": 6.6774096489
    },
    "spectral_decrease": {
        "max": -2.42897285618e-10,
        "mean": -6.90619206267e-09,
        "min": -1.70949761014e-08,
        "stdev": 2.32162333802e-09
    },
    "spectral_energy": {
        "max": 0.0690855830908,
        "mean": 0.0290067344904,
        "min": 0.00102152640466,
        "stdev": 0.00951012969017
    },
    "spectral_energyband_high": {
        "max": 0.0100878058001,
        "mean": 0.00080292194616,
        "min": 2.25705389312e-05,
        "stdev": 0.000994727364741
    },
    "spectral_energyband_low": {
        "max": 0.0196698792279,
        "mean": 0.00219901837409,
        "min": 2.13975326915e-05,
        "stdev": 0.00255033746362
    },
    "spectral_energyband_middle_high": {
        "max": 0.0522425398231,
        "mean": 0.0136089213192,
        "min": 0.000491721788421,
        "stdev": 0.00710903387517
    },
    "spectral_energyband_middle_low": {
        "max": 0.0496305339038,
        "mean": 0.0132357664406,
        "min": 0.000501004280522,
        "stdev": 0.00777585292235
    },
    "spectral_entropy": {
        "max": 8.22471523285,
        "mean": 7.59384393692,
        "min": 6.9741268158,
        "stdev": 0.195383369923
    },
    "spectral_flux": {
        "max": 0.181327909231,
        "mean": 0.0931886211038,
        "min": 0.0328168720007,
        "stdev": 0.0240139458328
    },
    "spectral_kurtosis": {
        "max": 18.756313324,
        "mean": 4.06342887878,
        "min": 0.725922346115,
        "stdev": 1.99236559868
    },
    "spectral_rms": {
        "max": 0.00820978544652,
        "mean": 0.00524261174724,
        "min": 0.000998304109089,
        "stdev": 0.000902391970158
    },
    "spectral_rolloff": {
        "max": 5254.1015625,
        "mean": 1918.36254883,
        "min": 279.931640625,
        "stdev": 784.525756836
    },
    "spectral_skewness": {
        "max": 3.31569361687,
        "mean": 1.28326952457,
        "min": 0.247247636318,
        "stdev": 0.276735365391
    },
    "spectral_spread": {
        "max": 13234405,
        "mean": 3296137.25,
        "min": 2082518.625,
        "stdev": 678017.625
    },
    "spectral_strongpeak": {
        "max": 9.05177116394,
        "mean": 1.91953456402,
        "min": 0.0107177058235,
        "stdev": 1.41423940659
    },
    "zerocrossingrate": {
        "max": 0.16064453125,
        "mean": 0.0678559839725,
        "min": 0.013671875,
        "stdev": 0.018112288788
    },
    "barkbands": {
        "max": [0.000266595685389, 0.00731667689979, 0.0176544599235, 0.00675007142127, 0.0286870654672, 0.0356901213527, 0.0337858758867, 0.0467888154089, 0.0417483448982, 0.0417515896261, 0.0140123935416, 0.0174980908632, 0.0344046764076, 0.0221681892872, 0.0285559557378, 0.00702517386526, 0.0128228394315, 0.00512210698798, 0.00546694966033, 0.00347886118107, 0.00590921845287, 0.00217730668373, 0.00122892309446, 0.000767591118347, 0.0011121914722, 2.96584330499e-05, 9.00981490304e-07],
        "mean": [3.87067775591e-05, 0.000581791857257, 0.00124343414791, 0.000763475312851, 0.00223746988922, 0.0025141146034, 0.00141517340671, 0.00272647105157, 0.00271951477043, 0.0027431875933, 0.00147261738311, 0.00215921411291, 0.00193390809, 0.00156849750783, 0.000829405616969, 0.000752585707232, 0.000737752707209, 0.000518492481206, 0.000953317212407, 0.000493477738928, 0.000295682402793, 0.000138059258461, 8.13468723209e-05, 5.36771949555e-05, 3.47261957359e-05, 6.22888990165e-07, 1.80777048886e-09],
        "min": [2.60165165855e-07, 3.89240722143e-06, 7.27765950614e-07, 9.43931240727e-07, 1.89443308045e-05, 2.84984034806e-05, 1.51628028107e-05, 9.00832492334e-06, 2.05160777114e-05, 5.23587004864e-06, 1.83148840733e-05, 7.4018939813e-06, 2.17932229134e-05, 7.29585235604e-06, 1.84420350706e-05, 3.08218222926e-05, 7.66106404626e-06, 1.04999426185e-05, 1.43198176374e-05, 7.40031282476e-06, 6.68054599373e-06, 5.01141039422e-06, 2.19589219341e-06, 1.76891194315e-06, 9.75594730335e-07, 1.31995858688e-10, 9.01628424699e-12],
        "stdev": [3.18582788168e-05, 0.000828610849567, 0.00185822614003, 0.000944526516832, 0.00272635184228, 0.00389852607623, 0.00251369131729, 0.00459853420034, 0.00449550151825, 0.00474141491577, 0.00169070123229, 0.00249404087663, 0.00280813570134, 0.00186182931066, 0.00149715866428, 0.000871113210451, 0.000862710468937, 0.000468343758257, 0.000720816489775, 0.000487071956741, 0.000451638887171, 0.000183191339602, 9.99860931188e-05, 7.69652397139e-05, 8.19753331598e-05, 1.93045843844e-06, 2.78305645196e-08]
    },
    "erbbands": {
        "max": [0.050501037389, 2.25911402702, 16.548576355, 17.5698356628, 59.1364555359, 151.570449829, 314.964385986, 344.115631104, 458.609466553, 837.741638184, 1025.02966309, 1107.75683594, 1369.60522461, 1102.68347168, 640.151000977, 848.998413086, 1576.24133301, 976.146057129, 1219.17077637, 1887.9107666, 458.090789795, 807.917663574, 368.319091797, 329.274963379, 301.286010742, 195.181106567, 235.457870483, 161.693862915, 90.035118103, 46.6092910767, 30.3476924896, 18.9891014099, 13.1583614349, 14.2413339615, 7.8706536293, 0.445237934589, 0.011955046095, 0.000751006125938, 0.000151207452291, 8.21014473331e-05],
        "mean": [0.00488604558632, 0.1871573627, 1.3442388773, 2.00004696846, 4.87190437317, 7.07628011703, 15.821103096, 20.3142375946, 21.0035743713, 35.1772270203, 59.0273857117, 65.402885437, 80.8391723633, 69.5894699097, 70.9076080322, 93.7164459229, 91.6233596802, 86.1175231934, 55.3701019287, 43.8969421387, 40.1299552917, 39.0776252747, 29.2992420197, 45.7362861633, 40.9587364197, 24.1966285706, 13.9896411896, 9.52146625519, 5.27823734283, 3.3592672348, 2.32396292686, 1.32985007763, 0.75601130724, 0.423237919807, 0.239023208618, 0.0173778627068, 0.000475210195873, 3.6972509406e-05, 2.16645657929e-05, 3.68782020814e-05],
        "min": [8.6191786977e-05, 0.000834753969684, 0.00237405346707, 0.00975764822215, 0.0400329604745, 0.0608090162277, 0.130856409669, 0.34830108285, 0.379649877548, 0.319538831711, 0.974682629108, 1.13777816296, 0.645512640476, 1.14027190208, 0.762890696526, 0.586507797241, 1.09195196629, 0.657645344734, 1.46659803391, 2.22260332108, 1.3031976223, 1.05373704433, 0.455903768539, 0.637038767338, 0.89765805006, 0.335089296103, 0.317006975412, 0.196653410792, 0.112399414182, 0.134932026267, 0.0600775852799, 0.0586881488562, 0.0200933925807, 0.012502909638, 0.00525844004005, 0.000332311319653, 1.6211419279e-05, 2.23376787289e-06, 4.09555514125e-06, 7.46079240344e-06],
        "stdev": [0.00487557752058, 0.259576439857, 1.90961110592, 2.26981115341, 6.31758213043, 10.562204361, 27.8473358154, 33.7746925354, 34.7398834229, 60.7358360291, 96.6053771973, 112.165771484, 130.586593628, 106.65965271, 71.0088729858, 106.988182068, 125.600105286, 91.6546173096, 74.255897522, 74.0114517212, 41.6397895813, 47.7386779785, 25.8069896698, 35.1480560303, 34.7593727112, 25.1881160736, 18.4283733368, 14.7487916946, 7.57212114334, 4.44066286087, 2.95725464821, 1.70826923847, 1.2654004097, 0.982545375824, 0.548161625862, 0.038885705173, 0.000998093280941, 6.43815801595e-05, 1.11333565656e-05, 1.17202853289e-05]
    },
    "gfcc": {
        "mean": [18.7086448669, 108.042419434, -177.543670654, 34.1371841431, -76.6921539307, 12.2055053711, -37.9740562439, 3.19242072105, -25.8521957397, -9.85173892975, -3.30133867264, -18.117893219, -2.77847647667],
        "cov": [[631.679382324, -288.902740479, 93.2740478516, 141.310394287, -78.6998977661, 21.9611587524, -117.891304016, 43.7439117432, -39.5983924866, 63.2303352356, -78.963218689, 36.4714241028, -13.7998590469], [-288.902740479, 447.878356934, -23.2265300751, -60.4004859924, 132.773773193, -50.1777000427, 95.8057785034, -55.7594909668, 38.8122406006, -73.6986160278, 87.212677002, -39.775970459, 24.1818599701], [93.2740478516, -23.2265300751, 311.094909668, 189.987838745, 2.24165678024, 30.4436149597, -84.2343673706, 37.1685714722, -19.887424469, 27.5359554291, -64.4806289673, 38.5488243103, -6.92294311523], [141.310394287, -60.4004859924, 189.987838745, 276.788421631, 36.7117843628, -23.6248283386, -80.2725296021, 19.906211853, 14.3795022964, 17.5953655243, -57.7581787109, 29.2008724213, 13.6293153763], [-78.6998977661, 132.773773193, 2.24165678024, 36.7117843628, 137.072570801, 36.4203681946, 37.6118202209, -6.09273958206, 23.2149105072, -18.5108680725, 11.635761261, -17.0560779572, 15.0776042938], [21.9611587524, -50.1777000427, 30.4436149597, -23.6248283386, 36.4203681946, 166.326965332, 78.9858627319, 31.328868866, -32.6817550659, 1.47625625134, -28.0233364105, -12.2969808578, -18.976190567], [-117.891304016, 95.8057785034, -84.2343673706, -80.2725296021, 37.6118202209, 78.9858627319, 180.876296997, 25.7983932495, -12.3200712204, -43.9882850647, 21.4117679596, -38.7431411743, -13.770606041], [43.7439117432, -55.7594909668, 37.1685714722, 19.906211853, -6.09273958206, 31.328868866, 25.7983932495, 77.7746505737, 18.5168323517, 12.5888357162, -27.3358020782, -4.60820055008, -13.3084020615], [-39.5983924866, 38.8122406006, -19.887424469, 14.3795022964, 23.2149105072, -32.6817550659, -12.3200712204, 18.5168323517, 95.1121902466, 28.8129501343, 6.88866281509, -15.4201631546, 2.53167700768], [63.2303352356, -73.6986160278, 27.5359554291, 17.5953655243, -18.5108680725, 1.47625625134, -43.9882850647, 12.5888357162, 28.8129501343, 80.1988525391, 6.81574010849, 9.64339256287, -7.7961306572], [-78.963218689, 87.212677002, -64.4806289673, -57.7581787109, 11.635761261, -28.0233364105, 21.4117679596, -27.3358020782, 6.88866281509, 6.81574010849, 92.3207626343, 14.6344137192, 5.7613325119], [36.4714241028, -39.775970459, 38.5488243103, 29.2008724213, -17.0560779572, -12.2969808578, -38.7431411743, -4.60820055008, -15.4201631546, 9.64339256287, 14.6344137192, 76.03099823, 20.1156921387], [-13.7998590469, 24.1818599701, -6.92294311523, 13.6293153763, 15.0776042938, -18.976190567, -13.770606041, -13.3084020615, 2.53167700768, -7.7961306572, 5.7613325119, 20.1156921387, 52.6552886963]],
        "icov": [[0.00294966483489, -0.000910442497116, 0.00257823802531, -0.00264200940728, 0.00192412524484, -0.00194403133355, 0.00276064430363, -0.00264970818534, 0.00271600671113, -0.00203138682991, 0.0012482664315, -0.000411981949583, 0.000604163273238], [-0.000910442497116, 0.0175295379013, -0.0154696227983, 0.010660729371, -0.0143730584532, 0.0128720924258, -0.0126881366596, 0.0125638050959, -0.00998782552779, 0.0106676034629, -0.00985708180815, 0.0059859813191, -0.00361918844283], [0.00257823802531, -0.0154696227983, 0.0224086660892, -0.0150652946904, 0.0133889736608, -0.0145011143759, 0.0154888574034, -0.0150600625202, 0.0122555708513, -0.0103208869696, 0.00948487315327, -0.00667531602085, 0.00520529178903], [-0.00264200940728, 0.010660729371, -0.0150652946904, 0.0166199784726, -0.0134595166892, 0.0123473303393, -0.00967129971832, 0.00908642075956, -0.00793154444546, 0.00589762162417, -0.00197609397583, 0.00149042985868, -0.00289846374653], [0.00192412524484, -0.0143730584532, 0.0133889736608, -0.0134595166892, 0.0254645105451, -0.0172273479402, 0.0111157502979, -0.00843134149909, 0.00336288893595, -0.00419039232656, 0.00293288449757, -0.00104788690805, -0.00107750238385], [-0.00194403133355, 0.0128720924258, -0.0145011143759, 0.0123473303393, -0.0172273479402, 0.0244920495898, -0.0174241177738, 0.00911465100944, -0.00236487668008, 0.000841596920509, 1.03874726847e-05, 0.00155784050003, -0.000375069736037], [0.00276064430363, -0.0126881366596, 0.0154888574034, -0.00967129971832, 0.0111157502979, -0.0174241177738, 0.0256372410804, -0.0176373533905, 0.00920275785029, -0.000419874995714, 0.000310648902087, 0.000608414004091, 0.00310384342447], [-0.00264970818534, 0.0125638050959, -0.0150600625202, 0.00908642075956, -0.00843134149909, 0.00911465100944, -0.0176373533905, 0.0322723314166, -0.0155767956749, 0.00549400784075, -0.000866517657414, 0.000916963093914, -0.000246264651651], [0.00271600671113, -0.00998782552779, 0.0122555708513, -0.00793154444546, 0.00336288893595, -0.00236487668008, 0.00920275785029, -0.0155767956749, 0.026217289269, -0.0153277181089, 0.00654838932678, 6.65816842229e-05, 0.00134569802321], [-0.00203138682991, 0.0106676034629, -0.0103208869696, 0.00589762162417, -0.00419039232656, 0.000841596920509, -0.000419874995714, 0.00549400784075, -0.0153277181089, 0.0301547423005, -0.0146450949833, 0.00488066766411, -0.000593453994952], [0.0012482664315, -0.00985708180815, 0.00948487315327, -0.00197609397583, 0.00293288449757, 1.03874726847e-05, 0.000310648902087, -0.000866517657414, 0.00654838932678, -0.0146450949833, 0.0281852260232, -0.0125689767301, 0.00487324921414], [-0.000411981949583, 0.0059859813191, -0.00667531602085, 0.00149042985868, -0.00104788690805, 0.00155784050003, 0.000608414004091, 0.000916963093914, 6.65816842229e-05, 0.00488066766411, -0.0125689767301, 0.0241339672357, -0.00999322999269], [0.000604163273238, -0.00361918844283, 0.00520529178903, -0.00289846374653, -0.00107750238385, -0.000375069736037, 0.00310384342447, -0.000246264651651, 0.00134569802321, -0.000593453994952, 0.00487324921414, -0.00999322999269, 0.026301253587]]
    },
    "melbands": {
        "max": [0.00109736737795, 0.00565760349855, 0.00285122147761, 0.00529729761183, 0.00821797270328, 0.00677754357457, 0.0061479927972, 0.0085268355906, 0.00671203108504, 0.00700822426006, 0.00713279191405, 0.00536980526522, 0.00229230709374, 0.00214373366907, 0.00348862283863, 0.00271326769143, 0.00201443978585, 0.00266052084044, 0.0019658068195, 0.0014262702316, 0.000703661469743, 0.00102585565764, 0.000364219071344, 0.00033482152503, 0.000295687612379, 0.000310580129735, 0.000231493031606, 0.000131822307594, 0.00013699727424, 0.000214204163058, 0.000126195096527, 6.82732716086e-05, 3.58506331395e-05, 3.29509057337e-05, 2.02539140446e-05, 1.25158567243e-05, 1.08148706204e-05, 1.09837537821e-05, 1.10615619633e-05, 1.22829387692e-05],
        "mean": [9.79048272711e-05, 0.000537362473551, 0.000435203663073, 0.00042693465366, 0.000510675599799, 0.000469787511975, 0.000304384768242, 0.000437437352957, 0.000468453596113, 0.00041120487731, 0.00040868241922, 0.000292290380457, 0.000211837905226, 0.00024525646586, 0.000222763585043, 0.000189592232346, 0.000158463531989, 9.47893277043e-05, 5.87903341511e-05, 6.09374219493e-05, 4.3677213398e-05, 4.27629383921e-05, 2.95599329547e-05, 2.56504226854e-05, 3.87128457078e-05, 3.2991025364e-05, 2.32352649618e-05, 1.42735079862e-05, 8.95267021406e-06, 7.21621199773e-06, 4.98872577737e-06, 3.19960054185e-06, 2.08500705412e-06, 1.72982527147e-06, 1.48638275732e-06, 9.14034217203e-07, 7.51311915792e-07, 5.43577584722e-07, 4.33120533216e-07, 3.22570343769e-07],
        "min": [9.86342229226e-07, 1.45703700127e-06, 1.95219695343e-06, 5.18583010489e-06, 3.3051283026e-06, 8.18223725219e-06, 4.18032459493e-06, 2.47488537752e-06, 4.5786573537e-06, 3.13825375997e-06, 1.35998254791e-06, 2.59054445451e-06, 2.55174313679e-06, 1.59969101787e-06, 9.25491292492e-07, 1.94601398107e-06, 7.02820614151e-07, 1.42940302794e-06, 1.55639224886e-06, 1.58769205427e-06, 1.20363358747e-06, 5.1417606528e-07, 3.20655914265e-07, 5.02616558151e-07, 4.60557060933e-07, 5.15352724051e-07, 5.65149719023e-07, 1.53687778948e-07, 1.73425647176e-07, 1.96595692614e-07, 8.41279899078e-08, 3.76703610527e-08, 5.1949609059e-08, 7.17041572784e-08, 1.64072613273e-08, 3.9957537723e-08, 2.52932075284e-08, 1.24807284507e-08, 8.75213412854e-09, 4.03824929052e-09],
        "stdev": [0.000125288643176, 0.000708395906258, 0.000437666691141, 0.000532062491402, 0.00081272557145, 0.000728649960365, 0.000506300362758, 0.00075188773917, 0.00073541078018, 0.000747832411435, 0.000683405844029, 0.00049679086078, 0.000234198130784, 0.000262431247393, 0.000306540430756, 0.000275788392173, 0.000185453551239, 0.000145867466927, 0.000120553471788, 7.94647276052e-05, 5.03635201312e-05, 5.77038990741e-05, 3.16038131132e-05, 2.52208465099e-05, 3.20603066939e-05, 2.85878941213e-05, 2.27062864724e-05, 1.69338163687e-05, 1.2275420886e-05, 1.09533229988e-05, 8.50452579471e-06, 4.55773715657e-06, 3.29150839207e-06, 2.28545309255e-06, 1.98784346139e-06, 1.18557602491e-06, 1.01548675957e-06, 9.14579629807e-07, 8.7771024937e-07, 8.16171166207e-07]
    },
    "melbands128": {
        "max": [0.000192567196791, 0.000246945710387, 0.000873955897987, 0.00496420450509, 0.00788034498692, 0.00809453893453, 0.00419406918809, 0.00452445168048, 0.00753669114783, 0.00662989541888, 0.0109823085368, 0.0085820639506, 0.0135313896462, 0.0162281990051, 0.0132616022602, 0.00863799825311, 0.00982569158077, 0.0093874707818, 0.00931955501437, 0.0160098560154, 0.0170354247093, 0.019235689193, 0.0120215639472, 0.00878651812673, 0.011663726531, 0.0153047442436, 0.0122889671475, 0.0124389408156, 0.0126004600897, 0.0123822167516, 0.00676197605208, 0.00347873591818, 0.00451742252335, 0.00351111451164, 0.00407289527357, 0.00453059235588, 0.00451056379825, 0.00525400275365, 0.0102005843073, 0.00697817048058, 0.00612669065595, 0.0037546812091, 0.00394979026169, 0.0025013871491, 0.00397889129817, 0.00384102505632, 0.00186937081162, 0.00217977934517, 0.0044517298229, 0.00406017759815, 0.001194315264, 0.00116603297647, 0.000983383390121, 0.000905277673155, 0.000747507321648, 0.00203352654353, 0.00112100387923, 0.000877305981703, 0.000258471205598, 0.000460853596451, 0.00055399077246, 0.000369701825548, 0.000809026474599, 0.000439871335402, 0.000495204585604, 0.000665047089569, 0.000580890802667, 0.000746630248614, 0.000167359379702, 0.000427186139859, 0.000187791272765, 0.000306379282847, 6.66562627885e-05, 0.000268471660092, 0.000103402016975, 0.000556457147468, 0.000150053572725, 0.000197631830815, 0.000266587507213, 8.75542755239e-05, 0.000158627837664, 7.46523874113e-05, 6.75227565807e-05, 5.38724743819e-05, 3.82391663152e-05, 3.20819563058e-05, 4.02673831559e-05, 4.27671257057e-05, 2.92509575957e-05, 1.96308665181e-05, 2.2269472538e-05, 2.31750618696e-05, 1.92997904378e-05, 1.55613797688e-05, 1.73656280822e-05, 8.58174735185e-06, 2.1860236302e-05, 1.40835290949e-05, 1.01858713606e-05, 2.45427072514e-05, 1.19759433801e-05, 1.56181376951e-05, 1.54403442139e-05, 9.20339425647e-06, 1.90918617591e-05, 4.9442605814e-06, 1.98505927074e-06, 1.10812425191e-06, 2.51926792316e-07, 1.07352207124e-08, 5.81755710272e-09, 5.5110622732e-09, 5.23680165898e-09, 4.99927654829e-09, 4.78718353847e-09, 4.59448079582e-09, 4.42193348604e-09, 4.26337187776e-09, 4.12727096943e-09, 4.00323907357e-09, 3.89084586772e-09, 3.79289133434e-09, 3.70780695036e-09, 3.63569685469e-09, 3.57516016791e-09, 3.52693851902e-09, 3.49198492344e-09, 3.47035977732e-09],
        "mean": [2.58864965872e-05, 2.05583055504e-05, 5.33920610906e-05, 0.000377258635126, 0.000712205364835, 0.000546720984858, 0.000372040929506, 0.000401294732001, 0.000537610321771, 0.000418122916017, 0.00035388127435, 0.000447908299975, 0.000569563999306, 0.00057609740179, 0.000462009833427, 0.000417145172833, 0.000412567780586, 0.000251267454587, 0.000200290232897, 0.000395207578549, 0.000561233202461, 0.000562219705898, 0.00047249061754, 0.000345173059031, 0.000427338847658, 0.000445621408289, 0.000342941901181, 0.000430798187153, 0.000431968714111, 0.000381009449484, 0.000219246372581, 0.000161727555678, 0.000206498181797, 0.000267726834863, 0.000201941424166, 0.000260801403783, 0.000276464619674, 0.00021094159456, 0.000199122092454, 0.000209767575143, 0.000192157604033, 0.000153693050379, 0.000160588620929, 0.000171870255144, 0.000111356523121, 9.03635664145e-05, 5.85784146097e-05, 5.9394431446e-05, 6.0415641201e-05, 4.92284452775e-05, 7.43867494748e-05, 5.78404251428e-05, 3.69327426597e-05, 3.90022541978e-05, 5.17848384334e-05, 4.11468572565e-05, 3.76735515601e-05, 3.73966249754e-05, 2.20955334953e-05, 2.44793973252e-05, 2.37190433836e-05, 2.29273991863e-05, 4.80508315377e-05, 3.67585125787e-05, 3.76793541363e-05, 3.23174863297e-05, 3.04873319692e-05, 3.16252044286e-05, 1.65942310559e-05, 2.12349732465e-05, 1.24537573356e-05, 1.50397981997e-05, 7.40622908779e-06, 9.37706408877e-06, 7.01614044374e-06, 8.92180378287e-06, 6.51653363093e-06, 4.99863426739e-06, 5.27551856067e-06, 4.23448318543e-06, 3.58193778993e-06, 2.60450565293e-06, 2.47913271778e-06, 1.78665902695e-06, 2.11749238588e-06, 1.82068515642e-06, 1.56461305778e-06, 1.58696013841e-06, 1.74257786512e-06, 1.15779494081e-06, 9.4529349326e-07, 7.83438338203e-07, 1.00890133581e-06, 6.75413616591e-07, 7.53171491397e-07, 4.89825310979e-07, 5.74433613565e-07, 4.65781425874e-07, 4.49718527307e-07, 4.06165355571e-07, 3.48084029156e-07, 2.86198115873e-07, 3.17293910257e-07, 3.94013312643e-07, 3.75942448727e-07, 1.87053373679e-07, 6.36685371092e-08, 2.75017022489e-08, 4.31089519637e-09, 2.44875456717e-11, 1.23159156484e-11, 1.22782894962e-11, 1.38992532761e-11, 1.28516485648e-11, 1.23875840141e-11, 1.11080476414e-11, 8.99837582918e-12, 8.50407504832e-12, 8.2444519961e-12, 8.00867358541e-12, 7.79514040122e-12, 7.61002025285e-12, 7.45000328789e-12, 7.30937445986e-12, 7.18139827119e-12, 7.06537692935e-12, 6.98653721681e-12, 6.94360628023e-12],
        "min": [2.28198882013e-08, 2.97874258592e-08, 3.5935332221e-07, 2.51562795484e-07, 5.76100603666e-07, 4.1160549813e-07, 1.25568931253e-06, 2.51092842518e-07, 1.39701523949e-06, 2.25644134844e-06, 8.81288087839e-07, 1.91977704844e-07, 1.57316264904e-07, 1.68277688317e-06, 2.01727607418e-06, 9.85066208159e-07, 1.97920098799e-06, 4.32818950458e-07, 4.62444319282e-07, 8.95301468518e-07, 4.47365380296e-07, 7.71368945607e-07, 8.23226287139e-07, 5.09257858994e-07, 5.55160795557e-07, 2.33318715459e-07, 2.52731126693e-07, 1.19586900382e-07, 3.07771756525e-07, 1.79286047342e-07, 3.73253641328e-07, 7.01502813172e-07, 4.60909376443e-07, 1.39182986914e-07, 4.1689870045e-07, 3.11927294661e-07, 4.48013906862e-07, 1.8389886236e-07, 1.56639316629e-07, 3.13789513484e-07, 6.57390842207e-07, 3.88268119877e-07, 8.92448781542e-08, 2.96661966104e-07, 2.31817452345e-07, 3.23127864021e-07, 6.66811729388e-07, 2.5296151307e-07, 2.8614203984e-07, 3.27716179527e-07, 5.17720877724e-07, 4.47656020697e-07, 8.02953152856e-08, 1.11157817173e-07, 3.21128993619e-07, 5.18087119872e-07, 1.50050198044e-07, 7.07635123831e-08, 2.43646923082e-07, 3.67838424609e-07, 4.29663657542e-07, 2.90015634619e-07, 1.51379026647e-07, 1.8422107928e-07, 1.18812614858e-07, 1.59179677439e-07, 5.42041561857e-07, 4.07180834827e-07, 2.95904584391e-07, 1.64221930277e-07, 7.95198573655e-08, 1.28577255509e-07, 1.42846516837e-07, 7.18798318644e-08, 8.71152749937e-08, 1.73934864733e-07, 1.04989908323e-07, 3.96980013306e-08, 4.66689371592e-08, 1.94605753734e-08, 1.24494414777e-08, 2.77066769527e-09, 2.1656680893e-09, 1.62771947032e-08, 2.56786703012e-09, 1.52017527455e-08, 1.89700362085e-08, 2.37780173329e-09, 1.45085765624e-08, 1.0551389984e-08, 1.2008588568e-09, 2.28482077702e-09, 1.04658761657e-08, 6.43958086854e-09, 5.7967692868e-09, 4.57262627762e-09, 4.22429619062e-10, 6.51169840271e-10, 1.15628551178e-09, 2.61082266917e-10, 1.46196121875e-09, 1.95486293819e-10, 3.95595861624e-10, 1.79238998643e-10, 2.20434573373e-10, 4.5315428493e-11, 1.10489908889e-10, 4.47832656375e-12, 2.18049902678e-13, 3.98211804785e-14, 2.06754033924e-14, 2.37606649986e-14, 4.03519889215e-14, 4.08153023911e-14, 3.06956811857e-14, 2.84726161105e-14, 3.19012835083e-14, 3.27238405915e-14, 3.26715820468e-14, 3.41480993872e-14, 2.91712150041e-14, 3.16153421259e-14, 2.73620305558e-14, 2.59332181109e-14, 1.75524657607e-14, 9.87126182796e-15, 9.33493094191e-16, 7.04115658868e-17],
        "stdev": [1.85596181836e-05, 1.98449033633e-05, 7.24530982552e-05, 0.000561920693144, 0.00104089837987, 0.000834521837533, 0.000525296432897, 0.000529447861481, 0.000809975725133, 0.000644630054012, 0.000710316875484, 0.000838826643303, 0.00122369278688, 0.0013391735265, 0.00112357852049, 0.000781660259236, 0.000780098256655, 0.000611146795563, 0.000547624658793, 0.000937477801926, 0.00121632032096, 0.0014253462432, 0.00104953732807, 0.000750307634007, 0.000988396583125, 0.00117202184629, 0.00083568302216, 0.00105135468766, 0.00104209093843, 0.000950200657826, 0.000464552809717, 0.000289844989311, 0.000345594773535, 0.000399638694944, 0.000358365039574, 0.000431860826211, 0.000468856247608, 0.000467495527118, 0.000480598362628, 0.000446185818873, 0.000407529703807, 0.00028723149444, 0.000274549267488, 0.000269107491476, 0.000251472141827, 0.000220440051635, 0.000127167542814, 0.00016046082601, 0.000201348084374, 0.000128388550365, 0.000122090539662, 9.06919740373e-05, 7.62832642067e-05, 6.57912241877e-05, 8.14229861135e-05, 9.79887699941e-05, 6.65222032694e-05, 6.36998011032e-05, 2.63906786131e-05, 3.44898508047e-05, 3.74301089323e-05, 2.84487559838e-05, 6.01785141043e-05, 4.04554193665e-05, 4.76378481835e-05, 4.42147611466e-05, 4.15810864069e-05, 5.48739662918e-05, 1.87228797586e-05, 3.72776485165e-05, 1.74266806425e-05, 2.65756589215e-05, 7.68131576478e-06, 2.20832644118e-05, 9.90887565422e-06, 2.05775813811e-05, 1.25863143694e-05, 1.10400224003e-05, 1.35577392939e-05, 6.69771179673e-06, 7.32849775886e-06, 4.51477626484e-06, 4.85839791509e-06, 3.83534779758e-06, 3.76808498004e-06, 2.74847911896e-06, 2.30566251957e-06, 3.01829049931e-06, 2.68406392934e-06, 1.79257654054e-06, 1.49381298797e-06, 1.16790124594e-06, 1.66638960764e-06, 9.8219368283e-07, 1.35623429287e-06, 7.57971577059e-07, 1.38042582876e-06, 8.27479311738e-07, 8.5158848151e-07, 1.43968554767e-06, 8.4419139057e-07, 7.63614366406e-07, 9.51892616285e-07, 8.2126189227e-07, 1.12298857857e-06, 4.23301457886e-07, 1.52949723997e-07, 8.1950830122e-08, 1.24029435611e-08, 3.09641978724e-10, 1.81301099134e-10, 1.70919930986e-10, 1.65500044225e-10, 1.55358489962e-10, 1.49282378126e-10, 1.42880887677e-10, 1.36561831288e-10, 1.31666372249e-10, 1.27489602209e-10, 1.2365383717e-10, 1.2018751272e-10, 1.17162279878e-10, 1.14534333406e-10, 1.12315351464e-10, 1.10441170098e-10, 1.08951958566e-10, 1.07871947486e-10, 1.0720418997e-10]
    },
    "mfcc": {
        "mean": [-596.248596191, 118.395675659, -36.1523780823, 13.4654798508, -13.3439855576, -2.1174223423, 1.13952171803, 0.14715012908, -9.94641780853, 1.05626702309, -2.82914280891, -2.35783171654, -4.02097463608],
        "cov": [[653.980834961, -326.26965332, 70.0349121094, 48.8637199402, 8.05280685425, -18.2256813049, -56.4059410095, -45.9902877808, 20.9031181335, -16.9345340729, -20.9510364532, 2.62240099907, 15.6677942276], [-326.26965332, 467.624633789, -131.783187866, -46.4755363464, -1.14331626892, 12.1910820007, 65.6115493774, 36.9857177734, -54.5359191895, 24.8543987274, 14.1125202179, -19.7787837982, -16.9910926819], [70.0349121094, -131.783187866, 297.913391113, 122.437919617, 75.9418563843, 9.09030056, -35.8547973633, -11.3818492889, 45.6843490601, -42.7323875427, -20.4673442841, 15.5719079971, 32.5142669678], [48.8637199402, -46.4755363464, 122.437919617, 250.218444824, 105.202423096, -15.9749326706, -74.2889099121, -17.8318061829, 32.6216430664, -28.15741539, -41.3685493469, 12.0566568375, 38.6463928223], [8.05280685425, -1.14331626892, 75.9418563843, 105.202423096, 151.857757568, 26.9991970062, -47.4495162964, -19.9920768738, 22.4178142548, 5.49155855179, -21.5914916992, -9.59978961945, 20.3397197723], [-18.2256813049, 12.1910820007, 9.09030056, -15.9749326706, 26.9991970062, 100.053543091, 56.2894363403, 24.8663921356, 18.267326355, 12.1064291, 5.77399682999, -9.61227226257, -10.9403429031], [-56.4059410095, 65.6115493774, -35.8547973633, -74.2889099121, -47.4495162964, 56.2894363403, 164.986602783, 66.7097625732, 4.03607797623, 12.4311494827, 11.535820961, 0.114832051098, -30.8376464844], [-45.9902877808, 36.9857177734, -11.3818492889, -17.8318061829, -19.9920768738, 24.8663921356, 66.7097625732, 102.650306702, 26.746931076, 7.2718706131, 6.6833524704, -8.50116252899, -11.835934639], [20.9031181335, -54.5359191895, 45.6843490601, 32.6216430664, 22.4178142548, 18.267326355, 4.03607797623, 26.746931076, 96.5103607178, 33.0323257446, 0.729353308678, 0.0280265230685, -8.24122905731], [-16.9345340729, 24.8543987274, -42.7323875427, -28.15741539, 5.49155855179, 12.1064291, 12.4311494827, 7.2718706131, 33.0323257446, 92.8017959595, 30.5595836639, -8.93899917603, -14.7840871811], [-20.9510364532, 14.1125202179, -20.4673442841, -41.3685493469, -21.5914916992, 5.77399682999, 11.535820961, 6.6833524704, 0.729353308678, 30.5595836639, 71.4001312256, 21.585067749, -10.1103954315], [2.62240099907, -19.7787837982, 15.5719079971, 12.0566568375, -9.59978961945, -9.61227226257, 0.114832051098, -8.50116252899, 0.0280265230685, -8.93899917603, 21.585067749, 69.5515441895, 24.4132385254], [15.6677942276, -16.9910926819, 32.5142669678, 38.6463928223, 20.3397197723, -10.9403429031, -30.8376464844, -11.835934639, -8.24122905731, -14.7840871811, -10.1103954315, 24.4132385254, 71.0716247559]],
        "icov": [[0.00242601986974, 0.00179994443897, 0.000272967445198, -0.000338361831382, -5.05503121531e-05, 0.000173362568603, -0.000282340013655, 0.000466155295726, 0.000385385734262, -0.000190702048712, 0.000107176660094, 0.00050550425658, -0.000202491835807], [0.00179994443897, 0.00427231937647, 0.00128170149401, -0.000534826773219, -0.00123713596258, 0.000632851151749, -0.00135465362109, -0.0006547079538, 0.00226278253831, -0.000790305493865, -0.000373924936866, 0.000864434929099, -0.000168436672539], [0.000272967445198, 0.00128170149401, 0.00571139808744, -0.00145554088522, -0.00184613873716, 9.86473896774e-05, -0.00103966798633, 0.000758997281082, -0.00256064231507, 0.00336057925597, -0.00164531718474, 0.000616026460193, -0.0013998815557], [-0.000338361831382, -0.000534826773219, -0.00145554088522, 0.00794475898147, -0.00407696422189, 0.00154259707779, 0.00176567421295, -0.00109239341691, -0.00179839949124, 0.00114093045704, 0.0027699212078, -0.00219906517304, -0.00054083293071], [-5.05503121531e-05, -0.00123713596258, -0.00184613873716, -0.00407696422189, 0.0132069354877, -0.00588409928605, 0.00338282762095, 0.00139205821324, 3.17043077303e-06, -0.00298837549053, 0.0018581940094, 0.00134433771018, -0.00102761108428], [0.000173362568603, 0.000632851151749, 9.86473896774e-05, 0.00154259707779, -0.00588409928605, 0.0160705260932, -0.00675510521978, 0.000252723955782, -0.00218589324504, 0.00126032589469, -0.00255412352271, 0.00254717376083, -0.000731636711862], [-0.000282340013655, -0.00135465362109, -0.00103966798633, 0.00176567421295, 0.00338282762095, -0.00675510521978, 0.0135415066034, -0.00645692832768, 0.00187106907833, -0.00191711704247, 0.00359983206727, -0.00446273619309, 0.00390946213156], [0.000466155295726, -0.0006547079538, 0.000758997281082, -0.00109239341691, 0.00139205821324, 0.000252723955782, -0.00645692832768, 0.0161731448025, -0.00626792991534, 0.00302166584879, -0.00308305374347, 0.00424697436392, -0.00247590430081], [0.000385385734262, 0.00226278253831, -0.00256064231507, -0.00179839949124, 3.17043077303e-06, -0.00218589324504, 0.00187106907833, -0.00626792991534, 0.0189828798175, -0.00941924285144, 0.00375618669204, -0.0033293524757, 0.00395581033081], [-0.000190702048712, -0.000790305493865, 0.00336057925597, 0.00114093045704, -0.00298837549053, 0.00126032589469, -0.00191711704247, 0.00302166584879, -0.00941924285144, 0.0194760318846, -0.00920290965587, 0.00489679211751, -0.00161620462313], [0.000107176660094, -0.000373924936866, -0.00164531718474, 0.0027699212078, 0.0018581940094, -0.00255412352271, 0.00359983206727, -0.00308305374347, 0.00375618669204, -0.00920290965587, 0.0236183740199, -0.0109333936125, 0.00489375647157], [0.00050550425658, 0.000864434929099, 0.000616026460193, -0.00219906517304, 0.00134433771018, 0.00254717376083, -0.00446273619309, 0.00424697436392, -0.0033293524757, 0.00489679211751, -0.0109333936125, 0.0231221616268, -0.00907784420997], [-0.000202491835807, -0.000168436672539, -0.0013998815557, -0.00054083293071, -0.00102761108428, -0.000731636711862, 0.00390946213156, -0.00247590430081, 0.00395581033081, -0.00161620462313, 0.00489375647157, -0.00907784420997, 0.0204115640372]]
    },
    "spectral_contrast_coeffs": {
        "max": [-0.404667824507, -0.480161994696, -0.497160583735, -0.614110350609, -0.641688585281, -0.609465301037],
        "mean": [-0.679861545563, -0.727210521698, -0.719139814377, -0.752379119396, -0.761393070221, -0.703440964222],
        "min": [-0.842115223408, -0.902734279633, -0.868946194649, -0.872374594212, -0.880050480366, -0.859522461891],
        "stdev": [0.0654561668634, 0.0650423020124, 0.0577257275581, 0.0447915196419, 0.0306155141443, 0.0336102768779]
    },
    "spectral_contrast_valleys": {
        "max": [-5.53603315353, -5.1261138916, -5.5849313736, -6.00671052933, -5.78044176102, -8.58128738403],
        "mean": [-7.0091843605, -6.32385921478, -6.70383644104, -6.9864897728, -6.90713119507, -10.5876941681],
        "min": [-8.86562824249, -7.92857933044, -9.10061645508, -8.62196826935, -8.26239013672, -12.2111501694],
        "stdev": [0.54469448328, 0.393090099096, 0.45524469018, 0.347397238016, 0.346849769354, 0.704834997654]
    }
},
"rhythm": {
    "beats_count": 124,
    "beats_loudness": {
        "max": 0.0612247213721,
        "mean": 0.0324902646244,
        "min": 0.014920797199,
        "stdev": 0.008968741633
    },
    "bpm": 153.795318604,
    "bpm_histogram_first_peak_bpm": 152,
    "bpm_histogram_first_peak_weight": 0.129032254219,
    "bpm_histogram_second_peak_bpm": 157,
    "bpm_histogram_second_peak_spread": 0.133333325386,
    "bpm_histogram_second_peak_weight": 0.422764241695,
    "danceability": 1.18912267685,
    "onset_rate": 2.1328125,
    "beats_loudness_band_ratio": {
        "max": [0.564458191395, 0.660271883011, 0.754575848579, 0.749244689941, 0.415502369404, 0.351502537727],
        "mean": [0.126715064049, 0.19255630672, 0.260909438133, 0.268902629614, 0.129136547446, 0.0737447068095],
        "min": [0.00987699627876, 0.00829609576613, 0.036313764751, 0.0243143737316, 0.0252139866352, 0.0122183253989],
        "stdev": [0.110911920667, 0.152690798044, 0.166732504964, 0.171064481139, 0.078342333436, 0.05596704036]
    },
