{
"metadata": {
    "version": {
        "essentia": "2.1-beta5",
        "essentia_git_sha": "Undefined",
        "extractor": "music 2.0"
    },
    "audio_properties": {
        "analysis": {
            "equal_loudness": 0,
            "length": 21.9892978668,
            "sample_rate": 44100,
            "start_time": 207.748931885,
            "downmix": "mix"
        },
        "bit_rate": 192000,
        "length": 229.761459351,
        "lossless": 0,
        "number_channels": 2,
        "replay_gain": -8.33649253845,
        "sample_rate": 48000,
        "codec": "mp3",
        "md5_encoded": "38dad7869c81bffe859ea0af4809b79e"
    },
    "tags": {
        "file_name": "Germany_Die Sommermelodie_Cindy und Bert.mp3",
        "encoding": ["Lavf58.29.100"]
    }
},
"lowlevel": {
    "average_loudness": 0.968413472176,
    "barkbands_crest": {
        "max": 14.9109430313,
        "mean": 6.07048892975,
        "min": 2.93734002113,
        "stdev": 1.78278410435
    },
    "barkbands_flatness_db": {
        "max": 0.234791517258,
        "mean": 0.166552945971,
        "min": 0.0911449342966,
        "stdev": 0.026295946911
    },
    "barkbands_kurtosis": {
        "max": 2.91351890564,
        "mean": 0.196554735303,
        "min": -1.66816222668,
        "stdev": 0.813225030899
    },
    "barkbands_skewness": {
        "max": 1.61531746387,
        "mean": 0.104670464993,
        "min": -1.77240395546,
        "stdev": 0.339780896902
    },
    "barkbands_spread": {
        "max": 32.379234314,
        "mean": 14.8099002838,
        "min": 5.74296951294,
        "stdev": 6.26947927475
    },
    "dissonance": {
        "max": 0.500000059605,
        "mean": 0.48134920001,
        "min": 0.379592001438,
        "stdev": 0.0164686385542
    },
    "dynamic_complexity": 1.68575060368,
    "erbbands_crest": {
        "max": 20.6279296875,
        "mean": 7.93637132645,
        "min": 3.74959945679,
        "stdev": 2.48403024673
    },
    "erbbands_flatness_db": {
        "max": 0.350190609694,
        "mean": 0.253712266684,
        "min": 0.170047089458,
        "stdev": 0.0324944257736
    },
    "erbbands_kurtosis": {
        "max": 6.86504173279,
        "mean": 0.570800423622,
        "min": -1.57144498825,
        "stdev": 1.01344394684
    },
    "erbbands_skewness": {
        "max": 1.21707296371,
        "mean": 0.124789968133,
        "min": -1.79535233974,
        "stdev": 0.421246409416
    },
    "erbbands_spread": {
        "max": 41.9637184143,
        "mean": 17.8434619904,
        "min": 6.95150375366,
        "stdev": 6.99993038177
    },
    "hfc": {
        "max": 92.7248916626,
        "mean": 37.0976066589,
        "min": 0.0725934654474,
        "stdev": 14.5006427765
    },
    "loudness_ebu128": {
        "integrated": -14.5062656403,
        "loudness_range": 3.12334728241,
        "momentary": {
            "max": -12.9564447403,
            "mean": -15.2661752701,
            "min": -37.2897720337,
            "stdev": 3.5694770813
        },
        "short_term": {
            "max": -13.5449647903,
            "mean": -14.6523256302,
            "min": -17.3421611786,
            "stdev": 1.04704391956
        }
    },
    "melbands_crest": {
        "max": 21.1552944183,
        "mean": 7.20684432983,
        "min": 3.5468275547,
        "stdev": 2.54568791389
    },
    "melbands_flatness_db": {
        "max": 0.230483949184,
        "mean": 0.123240441084,
        "min": 0.055914837867,
        "stdev": 0.0228719878942
    },
    "melbands_kurtosis": {
        "max": 7.3679151535,
        "mean": 0.723966956139,
        "min": -1.51046013832,
        "stdev": 0.990468859673
    },
    "melbands_skewness": {
        "max": 2.59583806992,
        "mean": 0.449677616358,
        "min": -0.812019646168,
        "stdev": 0.411654233932
    },
    "melbands_spread": {
        "max": 67.690284729,
        "mean": 29.6445465088,
        "min": 12.7809553146,
        "stdev": 11.6610803604
    },
    "pitch_salience": {
        "max": 0.869129002094,
        "mean": 0.682346105576,
        "min": 0.36590257287,
        "stdev": 0.116196848452
    },
    "silence_rate_20dB": {
        "max": 1,
        "mean": 1,
        "min": 1,
        "stdev": 0
    },
    "silence_rate_30dB": {
        "max": 1,
        "mean": 1,
        "min": 1,
        "stdev": 0
    },
    "silence_rate_60dB": {
        "max": 1,
        "mean": 0.0432489439845,
        "min": 0,
        "stdev": 0.203415706754
    },
    "spectral_centroid": {
        "max": 2916.52075195,
        "mean": 2013.35717773,
        "min": 925.375732422,
        "stdev": 266.591705322
    },
    "spectral_complexity": {
        "max": 46,
        "mean": 30.6276378632,
        "min": 0,
        "stdev": 8.10671520233
    },
    "spectral_decrease": {
        "max": -1.75544214581e-11,
        "mean": -5.54033574574e-09,
        "min": -1.3425903056e-08,
        "stdev": 2.21202434147e-09
    },
    "spectral_energy": {
        "max": 0.0582191497087,
        "mean": 0.0242753438652,
        "min": 7.29731327738e-05,
        "stdev": 0.00951958354563
    },
    "spectral_energyband_high": {
        "max": 0.00481543270871,
        "mean": 0.000858974119183,
        "min": 5.74412979404e-07,
        "stdev": 0.000667943444569
    },
    "spectral_energyband_low": {
        "max": 0.00403930200264,
        "mean": 0.000531128665898,
        "min": 8.82045242179e-07,
        "stdev": 0.000704375910573
    },
    "spectral_energyband_middle_high": {
        "max": 0.0517155602574,
        "mean": 0.0178854428232,
        "min": 4.01173638238e-05,
        "stdev": 0.00724435737357
    },
    "spectral_energyband_middle_low": {
        "max": 0.0218795929104,
        "mean": 0.00524150766432,
        "min": 1.11999370347e-05,
        "stdev": 0.00448022549972
    },
    "spectral_entropy": {
        "max": 8.40127658844,
        "mean": 7.67414236069,
        "min": 6.97581958771,
        "stdev": 0.180394351482
    },
    "spectral_flux": {
        "max": 0.167450964451,
        "mean": 0.0877679288387,
        "min": 0.00429756613448,
        "stdev": 0.0232094153762
    },
    "spectral_kurtosis": {
        "max": 24.0248985291,
        "mean": 4.27174139023,
        "min": 0.85985326767,
        "stdev": 2.26605296135
    },
    "spectral_rms": {
        "max": 0.00753652257845,
        "mean": 0.00471771508455,
        "min": 0.000266820716206,
        "stdev": 0.00119436415844
    },
    "spectral_rolloff": {
        "max": 4026.70898438,
        "mean": 2341.12133789,
        "min": 1291.9921875,
        "stdev": 395.99041748
    },
    "spectral_skewness": {
        "max": 2.98445296288,
        "mean": 1.33934354782,
        "min": 0.454787731171,
        "stdev": 0.299220114946
    },
    "spectral_spread": {
        "max": 14257165,
        "mean": 2785718,
        "min": 1537687.375,
        "stdev": 539633.5
    },
    "spectral_strongpeak": {
        "max": 9.65019512177,
        "mean": 2.08780050278,
        "min": 0.0075509804301,
        "stdev": 1.58003759384
    },
    "zerocrossingrate": {
        "max": 0.1220703125,
        "mean": 0.0828522592783,
        "min": 0.0390625,
        "stdev": 0.0117092626169
    },
    "barkbands": {
        "max": [1.60122235684e-05, 0.00115034088958, 0.00280149281025, 0.00132140819915, 0.00450837984681, 0.00694922404364, 0.0159731544554, 0.00854143407196, 0.00915689021349, 0.0140500310808, 0.0174164772034, 0.00975321885198, 0.0186452735215, 0.0141743738204, 0.0107635473832, 0.0106702838093, 0.0106401350349, 0.00484495144337, 0.0084866527468, 0.0035210896749, 0.0019019136671, 0.000778622925282, 0.000767138786614, 0.000404027814511, 9.47653825278e-05, 1.76174557964e-06, 1.9084673113e-06],
        "mean": [1.52140819409e-06, 0.000140538584674, 0.000347357010469, 7.63540811022e-05, 0.000321892264765, 0.000479513924802, 0.00200307322666, 0.000801168207545, 0.00122850015759, 0.00166364549659, 0.00228897854686, 0.00185693928506, 0.00295147346333, 0.00229368708096, 0.00177088275086, 0.001727098017, 0.00190996564925, 0.00082545937039, 0.000536829524208, 0.000510987942107, 0.00023149959452, 0.000131057997351, 0.000106161038275, 6.17319892626e-05, 9.04466105567e-06, 3.23928439627e-09, 3.48587692045e-09],
        "min": [9.89730875034e-09, 1.9101895532e-07, 4.98290191331e-08, 4.37421583399e-08, 2.86588544895e-07, 6.84126575834e-07, 5.33366915079e-07, 4.41516391447e-07, 1.11447059226e-06, 6.84075985191e-07, 1.74152114596e-06, 1.86637521438e-06, 2.22357948587e-06, 1.13118414902e-06, 1.12346754122e-06, 1.57212321028e-06, 1.28570366087e-06, 6.24561437235e-07, 7.91477248185e-07, 2.52831796388e-07, 1.94874573367e-07, 8.48620516081e-08, 1.73678262883e-08, 1.62336988296e-08, 3.45832851245e-09, 1.77491042697e-11, 2.50765363335e-11],
        "stdev": [1.81378482011e-06, 0.000193486761418, 0.000489092199132, 0.000129269843455, 0.000456806854345, 0.000619915372226, 0.0026914330665, 0.00114707788453, 0.00122730480507, 0.00177709793206, 0.00209153839387, 0.00147442764137, 0.00251144822687, 0.00184646889102, 0.00184623373207, 0.00143114558887, 0.00167744967621, 0.000639120698906, 0.000674414797686, 0.000466938217869, 0.000221188049181, 0.000100257857412, 9.52407935984e-05, 5.32438680239e-05, 1.02689864434e-05, 6.08811774327e-08, 6.59681091975e-08]
    },
    "erbbands": {
        "max": [0.00698544643819, 0.397145390511, 3.13201236725, 3.76139211655, 11.6205310822, 19.7297325134, 25.831987381, 63.5268173218, 286.098022461, 103.957069397, 181.151397705, 183.063400269, 440.059753418, 501.778564453, 449.637268066, 494.126037598, 905.427612305, 733.789794922, 507.934844971, 536.61932373, 602.28717041, 744.446411133, 241.194534302, 408.124938965, 276.519805908, 174.670944214, 102.855705261, 47.920841217, 25.8127441406, 32.4827423096, 26.6819248199, 17.551738739, 5.93634128571, 1.63710439205, 0.0440673232079, 0.0069386055693, 0.00327809527516, 0.00117856415454, 0.000272351724561, 7.43100026739e-05],
        "mean": [0.00109035312198, 0.0478728339076, 0.402035713196, 0.277296245098, 0.714077472687, 1.09588801861, 1.91609025002, 6.07553195953, 34.209980011, 12.627530098, 21.8115997314, 25.2355880737, 42.2276229858, 66.8567276001, 84.0028381348, 84.556892395, 138.514968872, 106.970947266, 104.562576294, 100.894882202, 87.3751373291, 119.594604492, 53.9924354553, 33.0656700134, 22.614151001, 23.8353233337, 13.4049930573, 7.3988442421, 4.85112428665, 3.71958947182, 2.90145587921, 1.67099535465, 0.863615810871, 0.219410061836, 0.0066093467176, 0.00033996780985, 5.70761694689e-05, 1.65060937434e-05, 1.82611820492e-05, 3.21922088915e-05],
        "min": [5.61363276574e-06, 3.73447692255e-05, 0.000159990551765, 0.00042170737288, 0.00132763106376, 0.000904066313524, 0.00207859929651, 0.00869298819453, 0.00950818415731, 0.019130025059, 0.0280069336295, 0.0276598073542, 0.0231364499778, 0.0271920710802, 0.0915880426764, 0.102259650826, 0.144184604287, 0.0825555324554, 0.0760484486818, 0.120511375368, 0.0930240824819, 0.0815439894795, 0.0382887274027, 0.0515014976263, 0.0419241376221, 0.0149590140209, 0.00905642192811, 0.00512158172205, 0.00321038370021, 0.000940449244808, 0.000504089985043, 0.000418368901592, 0.000223583527259, 7.355948037e-05, 2.79043410956e-06, 3.65544849501e-07, 1.34364029236e-07, 4.43105712122e-08, 5.04309056737e-08, 8.8842348589e-08],
        "stdev": [0.0011066517327, 0.067394785583, 0.566596508026, 0.379980415106, 1.1171027422, 1.71269190311, 2.80419373512, 7.36061573029, 47.6584968567, 14.9561491013, 26.2971038818, 24.0535583496, 44.3721427917, 60.0084495544, 66.4846496582, 61.480846405, 116.234268188, 84.984588623, 87.0983352661, 86.0719604492, 69.1022567749, 111.337905884, 38.6556816101, 31.9253921509, 22.8676776886, 22.3829250336, 12.2575426102, 6.33942174911, 3.64771270752, 2.97024297714, 2.82165598869, 1.54434740543, 0.783378243446, 0.224353149533, 0.00673270784318, 0.000370328139979, 0.000116960989544, 4.10727261624e-05, 1.12963625725e-05, 1.24400085042e-05]
    },
    "gfcc": {
        "mean": [-16.4335784912, 90.2060012817, -225.213668823, 26.6809711456, -78.769493103, 15.298116684, -33.1818885803, -7.20214176178, -1.04095125198, -19.6650981903, 10.0619382858, -17.6191005707, 5.34923839569],
        "cov": [[3118.81054688, -16.8215808868, 248.395858765, 225.35534668, -219.737884521, -40.5075454712, -136.310592651, 45.1970481873, -104.436080933, -70.3007659912, 56.1852798462, -63.367401123, -140.536468506], [-16.8215808868, 863.276062012, 531.969482422, 293.057189941, 116.5675354, -183.526855469, 145.427017212, 34.1958389282, -59.3626060486, -79.1820907593, 53.9770126343, -36.151424408, -133.257583618], [248.395858765, 531.969482422, 539.402038574, 341.315673828, 29.3606281281, -87.102104187, 47.7693634033, 72.8186950684, -73.4489974976, -48.1365585327, 28.2374477386, -28.3578281403, -114.129737854], [225.35534668, 293.057189941, 341.315673828, 302.061676025, 32.5242538452, -55.2567672729, 34.36561203, 63.6288490295, -34.9801292419, -25.1052246094, 15.9734659195, -21.103269577, -75.6978225708], [-219.737884521, 116.5675354, 29.3606281281, 32.5242538452, 94.208366394, -1.46957802773, 46.8841171265, 3.92560863495, 10.3252487183, -3.79636859894, 1.8839713335, 5.05868148804, -6.73637056351], [-40.5075454712, -183.526855469, -87.102104187, -55.2567672729, -1.46957802773, 139.02571106, 13.6061840057, 7.53817844391, -0.353060096502, 26.2660999298, -9.54514789581, 5.87759542465, 29.9436244965], [-136.310592651, 145.427017212, 47.7693634033, 34.36561203, 46.8841171265, 13.6061840057, 117.331588745, 25.2429962158, -12.8534650803, -7.55004930496, 10.1675796509, -10.3808088303, -23.6346740723], [45.1970481873, 34.1958389282, 72.8186950684, 63.6288490295, 3.92560863495, 7.53817844391, 25.2429962158, 60.7367630005, 12.1063575745, 0.847651958466, 0.761340618134, -4.53865432739, -15.2796487808], [-104.436080933, -59.3626060486, -73.4489974976, -34.9801292419, 10.3252487183, -0.353060096502, -12.8534650803, 12.1063575745, 73.8911132812, 23.9846115112, -5.09202384949, 14.29799366, 19.6416130066], [-70.3007659912, -79.1820907593, -48.1365585327, -25.1052246094, -3.79636859894, 26.2660999298, -7.55004930496, 0.847651958466, 23.9846115112, 43.7494850159, 9.90888500214, 8.60427284241, 16.7072963715], [56.1852798462, 53.9770126343, 28.2374477386, 15.9734659195, 1.8839713335, -9.54514789581, 10.1675796509, 0.761340618134, -5.09202384949, 9.90888500214, 44.3492889404, 14.3967466354, -12.0306339264], [-63.367401123, -36.151424408, -28.3578281403, -21.103269577, 5.05868148804, 5.87759542465, -10.3808088303, -4.53865432739, 14.29799366, 8.60427284241, 14.3967466354, 42.8384666443, 23.7798309326], [-140.536468506, -133.257583618, -114.129737854, -75.6978225708, -6.73637056351, 29.9436244965, -23.6346740723, -15.2796487808, 19.6416130066, 16.7072963715, -12.0306339264, 23.7798309326, 60.9600410461]],
        "icov": [[0.000562407891266, -0.000571153766941, 0.00115979998372, -0.000954208662733, 0.00146080821287, -0.000801091606263, 0.00128363445401, -0.000771611405071, 0.000526837247889, 0.000766726501752, -0.000616134260781, -0.000103745951492, 0.00143270206172], [-0.000571153766941, 0.0302787888795, -0.0386410430074, 0.0161710269749, -0.0177477821708, 0.0197802763432, -0.0278958696872, 0.0251798983663, -0.0227075312287, 0.0219834316522, -0.0260204616934, 0.0234974399209, -0.0165824666619], [0.00115979998372, -0.0386410430074, 0.0585041791201, -0.0283591859043, 0.0231466013938, -0.0238943248987, 0.0367926508188, -0.0356802679598, 0.0341747626662, -0.0268615428358, 0.0327032208443, -0.0328693501651, 0.0277646072209], [-0.000954208662733, 0.0161710269749, -0.0283591859043, 0.0226916410029, -0.0138636613265, 0.0120268864557, -0.014133294113, 0.00818710122257, -0.0113292690367, 0.00823739543557, -0.0120782768354, 0.013106581755, -0.00873766001314], [0.00146080821287, -0.0177477821708, 0.0231466013938, -0.0138636613265, 0.0290865618736, -0.013417028822, 0.00990325864404, -0.00844620075077, 0.00705349631608, -0.00823883153498, 0.0149453124031, -0.0165871214122, 0.011623704806], [-0.000801091606263, 0.0197802763432, -0.0238943248987, 0.0120268864557, -0.013417028822, 0.0246283113956, -0.0201593432575, 0.0110286315903, -0.00809087324888, 0.00507468124852, -0.0117921652272, 0.0131115876138, -0.0132655519992], [0.00128363445401, -0.0278958696872, 0.0367926508188, -0.014133294113, 0.00990325864404, -0.0201593432575, 0.0413049608469, -0.0312569588423, 0.0252254288644, -0.0173154007643, 0.0182471778244, -0.0179758109152, 0.0197201222181], [-0.000771611405071, 0.0251798983663, -0.0356802679598, 0.00818710122257, -0.00844620075077, 0.0110286315903, -0.0312569588423, 0.0535468272865, -0.03340741992, 0.0206621997058, -0.0200798735023, 0.0202873516828, -0.0151936169714], [0.000526837247889, -0.0227075312287, 0.0341747626662, -0.0113292690367, 0.00705349631608, -0.00809087324888, 0.0252254288644, -0.03340741992, 0.0461902245879, -0.0316372066736, 0.02763726376, -0.0263804905117, 0.0171835478395], [0.000766726501752, 0.0219834316522, -0.0268615428358, 0.00823739543557, -0.00823883153498, 0.00507468124852, -0.0173154007643, 0.0206621997058, -0.0316372066736, 0.0606320798397, -0.0400078743696, 0.0272250846028, -0.0201155245304], [-0.000616134260781, -0.0260204616934, 0.0327032208443, -0.0120782768354, 0.0149453124031, -0.0117921652272, 0.0182471778244, -0.0200798735023, 0.02763726376, -0.0400078743696, 0.0666110292077, -0.0454444698989, 0.0303468517959], [-0.000103745951492, 0.0234974399209, -0.0328693501651, 0.013106581755, -0.0165871214122, 0.0131115876138, -0.0179758109152, 0.0202873516828, -0.0263804905117, 0.0272250846028, -0.0454444698989, 0.0651803389192, -0.0376511923969], [0.00143270206172, -0.0165824666619, 0.0277646072209, -0.00873766001314, 0.011623704806, -0.0132655519992, 0.0197201222181, -0.0151936169714, 0.0171835478395, -0.0201155245304, 0.0303468517959, -0.0376511923969, 0.0568797700107]]
    },
    "melbands": {
        "max": [0.000167826132383, 0.00117885530926, 0.000614185642917, 0.00115630892105, 0.000695120485034, 0.00152866658755, 0.00369433453307, 0.00130061153322, 0.00183955614921, 0.00141057709698, 0.0021774568595, 0.00186874193605, 0.00156788900495, 0.00110606045928, 0.00316458125599, 0.00142720562872, 0.00162917596754, 0.0008989762282, 0.000870765710715, 0.000657393771689, 0.000751902116463, 0.000896605488379, 0.000426015263656, 0.000227147625992, 0.000370711903088, 0.000428087863838, 0.000108223328425, 0.000133598703542, 6.34698371869e-05, 6.48245986667e-05, 2.79358391708e-05, 1.85587250598e-05, 1.20960539789e-05, 1.88728881767e-05, 2.04242769541e-05, 2.49304557656e-05, 5.45563352716e-06, 5.51482526134e-06, 2.492033218e-06, 7.31568150059e-07],
        "mean": [2.1745230697e-05, 0.000149491213961, 6.01318643021e-05, 7.22033437341e-05, 5.85534980928e-05, 0.000176826579263, 0.000454392458778, 0.000132585788378, 0.000200185080757, 0.000151785687194, 0.000219671419472, 0.000268429663265, 0.000304030661937, 0.000184095930308, 0.000334256648785, 0.000244165421464, 0.0002008224983, 0.00017536013911, 0.000143237877637, 0.000134895701194, 8.69486248121e-05, 0.000136108137667, 6.16539546172e-05, 3.9098697016e-05, 2.54508795479e-05, 1.81542254722e-05, 1.45740150401e-05, 1.74121923919e-05, 9.18489786272e-06, 5.90958279645e-06, 3.80325923288e-06, 2.88411479232e-06, 2.14417536881e-06, 2.02199817068e-06, 1.67935729678e-06, 1.46650552324e-06, 8.55756297824e-07, 6.71149621212e-07, 4.07037674677e-07, 9.24040648442e-08],
        "min": [7.09385545861e-08, 1.23121949969e-07, 9.54720391633e-08, 1.06858635718e-07, 7.63983507568e-08, 2.18551562625e-07, 1.2745215372e-07, 8.73817072033e-08, 2.35020237938e-07, 1.51572749019e-07, 1.17003885691e-07, 9.61108455044e-08, 2.21805734668e-07, 1.58829152497e-07, 4.36961386185e-07, 1.63198649261e-07, 1.22120553669e-07, 1.13031795479e-07, 8.44988861104e-08, 1.4675492821e-07, 8.73097221188e-08, 9.288724101e-08, 2.75236633485e-08, 2.96247595344e-08, 3.25785265431e-08, 3.45474973074e-08, 1.33435404948e-08, 8.8277989363e-09, 5.272434489e-09, 5.4859277121e-09, 2.27770247108e-09, 2.27420371424e-09, 8.43452363508e-10, 3.39904854263e-10, 3.02029984356e-10, 2.20489695946e-10, 2.65488603324e-10, 1.59110238873e-10, 1.22730742236e-10, 3.63988561514e-11],
        "stdev": [2.77670478681e-05, 0.000208470286452, 7.58422756917e-05, 0.000108378691948, 8.30681019579e-05, 0.000220325193368, 0.00062028033426, 0.000186933000805, 0.000236754305661, 0.000146271966514, 0.000240824345383, 0.000250137789408, 0.000261713430518, 0.000151146246935, 0.000324386142893, 0.000204706651857, 0.000176914298208, 0.000151236934471, 0.000147099694004, 0.000110617897008, 8.32620935398e-05, 0.000139542127727, 4.85359560116e-05, 3.28702335537e-05, 2.80779040622e-05, 2.89247163892e-05, 1.26938584799e-05, 1.80397855729e-05, 7.98242854216e-06, 6.91269633535e-06, 3.31148294208e-06, 2.28523549595e-06, 1.66648851518e-06, 1.71150793449e-06, 1.66363054177e-06, 1.74889066784e-06, 7.41624091916e-07, 6.33602212474e-07, 4.13254326759e-07, 1.07199724653e-07]
    },
    "melbands128": {
        "max": [1.33707208079e-05, 3.59181431122e-05, 9.5695751952e-05, 0.000808401324321, 0.00180058612023, 0.00109976192471, 0.000885887420736, 0.000671108602546, 0.00154652097262, 0.0016836412251, 0.00123983132653, 0.000710444990546, 0.00113583100028, 0.00154730572831, 0.00117718370166, 0.00351195479743, 0.00707106944174, 0.00409538391978, 0.00236636423506, 0.00138147373218, 0.00223950715736, 0.00345820724033, 0.00257000140846, 0.00324206775986, 0.00183497322723, 0.00289967190474, 0.00278942636214, 0.0039500487037, 0.00452653551474, 0.00267526134849, 0.00257124286145, 0.00539398845285, 0.00283062527888, 0.00322618056089, 0.00261004082859, 0.00159934686963, 0.00177558744326, 0.00584705779329, 0.00523233925924, 0.00270860642195, 0.00182816502638, 0.00115514837671, 0.00169622444082, 0.00311599508859, 0.00224905950017, 0.00125337787904, 0.000944323255681, 0.00130759063177, 0.00123573455494, 0.000978895463049, 0.00106747378595, 0.00105731200892, 0.00100842630491, 0.000921060272958, 0.001014008536, 0.00204742816277, 0.00102122977842, 0.000457640097011, 0.000660938152578, 0.000475126260426, 0.000481644819956, 0.000149729457917, 0.000926961423829, 0.000258708139881, 0.000802532886155, 0.000707898347173, 0.00013077040785, 0.000153304252308, 0.000144882025779, 0.000134915404487, 0.000161576652317, 0.000251676159678, 5.80257146794e-05, 0.000111218512757, 0.000113261827209, 0.000124250203953, 3.06744877889e-05, 4.30548825534e-05, 5.14368439326e-05, 3.69476147171e-05, 3.43329920724e-05, 2.28670869546e-05, 1.63036875165e-05, 1.309320578e-05, 2.95662703138e-05, 2.07985594898e-05, 1.8925540644e-05, 1.93857977138e-05, 3.57103272108e-05, 2.4863955332e-05, 3.68304426956e-05, 2.89219406113e-05, 1.41760383485e-05, 6.62137381369e-06, 7.11599795977e-06, 7.65931963542e-06, 6.17316709395e-06, 7.13014878784e-06, 3.35029221787e-06, 5.31691330252e-06, 2.04161142392e-06, 3.57876785984e-08, 1.38303404285e-08, 1.38479734346e-08, 1.35844553384e-08, 1.32201591896e-08, 1.28081731887e-08, 1.23871668478e-08, 1.19559926404e-08, 1.15662617262e-08, 1.11701679018e-08, 1.0752736479e-08, 1.03998756273e-08, 1.00505701539e-08, 9.75656799795e-09, 9.43688860389e-09, 9.15923781264e-09, 8.89683260397e-09, 8.65911342629e-09, 8.45143244277e-09, 8.25153811945e-09, 8.07091815602e-09, 7.91987808668e-09, 7.78563080672e-09, 7.673417457e-09, 7.58989937566e-09, 7.5254131815e-09, 7.48511830295e-09],
        "mean": [1.27286807583e-06, 4.84313250126e-06, 8.04856972536e-06, 9.35218195082e-05, 0.000229335957556, 0.000132539367769, 5.03326155012e-05, 3.59899204341e-05, 7.22964323359e-05, 9.93426292553e-05, 5.21116999153e-05, 3.92881047446e-05, 6.47108681733e-05, 7.99771878519e-05, 5.02098846482e-05, 0.000138189847348, 0.000799276633188, 0.000497628818266, 8.96855490282e-05, 9.53669514274e-05, 0.000184313059435, 0.000155923364218, 0.000187468001968, 0.000282907800283, 0.000153277651407, 0.000102030971902, 0.000130409855046, 0.000193761778064, 0.000372188573238, 0.000211995022255, 0.000245651230216, 0.000348272355041, 0.000341030099662, 0.000252986210398, 0.000190354709048, 0.000149345942191, 0.000174723172677, 0.000383930862881, 0.000411412183894, 0.000310939241899, 0.000198361143703, 0.000155560643179, 0.000187350291526, 0.000221964452066, 0.000247653049883, 0.000146951162606, 0.000120101067296, 0.000168785321875, 0.000139864219818, 0.000109685905045, 0.000166364756296, 0.000121587749163, 8.99811129784e-05, 7.30202737032e-05, 7.04669291736e-05, 0.000207260120078, 0.000123999590869, 5.65810987609e-05, 4.79755763081e-05, 4.2994008254e-05, 5.23923336004e-05, 1.912449261e-05, 2.77567214653e-05, 2.17458564293e-05, 3.40433361998e-05, 1.51819040184e-05, 1.01739633465e-05, 1.99547666853e-05, 1.45378835441e-05, 8.72666896612e-06, 1.51527656271e-05, 3.0182665796e-05, 7.49906575948e-06, 6.02263298788e-06, 7.24399524188e-06, 8.04266983323e-06, 3.72518184122e-06, 4.2732322072e-06, 3.92448964703e-06, 3.28841156261e-06, 3.16422551805e-06, 2.63251922661e-06, 2.33291757468e-06, 1.85196495295e-06, 2.42017313212e-06, 1.79375376774e-06, 2.26317092711e-06, 1.73528928826e-06, 1.54094584559e-06, 1.59086380336e-06, 1.9134838567e-06, 1.26870781969e-06, 1.06545724066e-06, 8.05486877198e-07, 7.8699616779e-07, 7.58057353778e-07, 6.67205767968e-07, 4.88366822538e-07, 4.48075837767e-07, 3.60472881766e-07, 2.21859664862e-07, 2.4391928477e-09, 8.52100404125e-11, 2.64210198858e-11, 2.54633814034e-11, 2.46236260548e-11, 2.37792043001e-11, 2.29257966777e-11, 2.20601818063e-11, 2.12967317392e-11, 2.05260045072e-11, 1.97629551613e-11, 1.90889214158e-11, 1.84301827272e-11, 1.78593043132e-11, 1.7273854222e-11, 1.67655368755e-11, 1.62836064077e-11, 1.58469470185e-11, 1.54421128662e-11, 1.50764574436e-11, 1.4755517988e-11, 1.44724267293e-11, 1.42255460883e-11, 1.39819388706e-11, 1.37630159006e-11, 1.36146493385e-11, 1.35350463476e-11],
        "min": [1.05347730539e-09, 8.30084712078e-09, 1.28348416339e-08, 3.94756511923e-08, 2.79348508769e-08, 2.97116713455e-08, 4.97651839737e-08, 3.21224113975e-08, 5.66183473438e-08, 7.96918584456e-08, 2.14782840402e-08, 8.26784862795e-09, 3.31843352797e-08, 3.70476982425e-08, 3.6628271971e-08, 7.44520534113e-08, 1.38214389267e-07, 1.02629712728e-07, 4.08636999794e-08, 9.36592172707e-08, 5.17687617219e-08, 4.74319392652e-08, 1.87166463661e-07, 2.11798592886e-07, 1.08367615326e-07, 2.83361689668e-08, 4.07481266507e-08, 1.24886128106e-07, 1.79287098945e-07, 4.85719198196e-08, 5.31211412635e-08, 3.6670037673e-08, 1.05300316022e-07, 2.41326063133e-07, 1.30603481807e-07, 2.11976463049e-08, 9.73743681243e-08, 5.47589820599e-07, 2.73624038982e-07, 6.15466930753e-08, 3.71809676381e-08, 5.44988623119e-08, 5.5387097575e-08, 1.56701773335e-07, 8.16465188791e-08, 9.4593993083e-08, 2.82249352779e-08, 8.11228630937e-08, 8.41809679741e-08, 4.52003483531e-08, 2.13810196215e-07, 1.579588087e-07, 1.87618489633e-08, 3.39754819834e-08, 2.50585721062e-08, 9.10276014565e-08, 5.78735885881e-08, 1.49311869535e-08, 1.7523806406e-08, 1.44600562635e-08, 1.17865290861e-08, 9.6052898968e-09, 3.21840758488e-08, 1.9722900646e-08, 3.28304210484e-08, 2.2172404357e-08, 7.21183823771e-09, 1.02389465795e-08, 9.19271769817e-09, 6.94209889573e-09, 3.83313469854e-09, 1.14255911399e-08, 3.72877240196e-09, 1.81551618184e-09, 7.17606463141e-09, 5.22395282587e-09, 1.4804653059e-09, 2.40852982003e-09, 1.76705161614e-09, 2.25095453388e-09, 3.30553073802e-09, 1.10063747005e-09, 4.32053254285e-10, 7.51556761269e-10, 5.17524856303e-10, 3.03613051367e-10, 2.67014160782e-10, 3.91076393491e-10, 2.64850696929e-10, 3.04522768113e-10, 2.48509657297e-10, 1.12112708006e-10, 2.89766377559e-10, 2.36922870211e-10, 2.09725958822e-10, 1.1848769188e-10, 1.13214083941e-10, 1.4991426156e-10, 1.05415710883e-10, 9.31860977271e-11, 8.55630843954e-11, 1.06350941508e-12, 9.42432167462e-14, 9.40355445963e-14, 6.211060854e-14, 7.84432130255e-14, 7.17895998182e-14, 8.65090808775e-14, 1.07405763157e-13, 9.25070160447e-14, 6.52997892304e-14, 1.04008374992e-13, 5.63073317085e-14, 7.28511692703e-14, 7.25733153586e-14, 8.74993979182e-14, 8.47878489424e-14, 9.21028119223e-14, 8.5110690468e-14, 8.28663242083e-14, 7.9193433495e-14, 8.01978654926e-14, 7.24521896471e-14, 8.22704331418e-14, 6.37746488106e-14, 1.67176690514e-14, 2.73707325488e-15, 1.05746345992e-16],
        "stdev": [1.5351380398e-06, 4.91957962367e-06, 1.03906904769e-05, 0.000134788584546, 0.000328359688865, 0.000186878110981, 7.97089815023e-05, 6.15053068032e-05, 0.00012653034355, 0.00016044487711, 0.000103797268821, 7.10482781869e-05, 0.000109399858047, 0.00013442193449, 8.72303571668e-05, 0.000230384684983, 0.00117595598567, 0.000706692400854, 0.000173773936694, 0.000148047169205, 0.000311896961648, 0.000353442505002, 0.000278022722341, 0.000408455409342, 0.000210472659091, 0.00016625628632, 0.000237652595388, 0.000264578789938, 0.000553530117031, 0.000269841082627, 0.000344024942024, 0.000495938933454, 0.000439123832621, 0.000319406477502, 0.000243414586294, 0.000192581690499, 0.000197231653146, 0.000532816629857, 0.000563155452255, 0.000371050526155, 0.000246351119131, 0.000196428663912, 0.000225668103667, 0.000274965306744, 0.000279161002254, 0.000177549387445, 0.000172303392901, 0.000198816720513, 0.000173200212885, 0.0001428713731, 0.000157014583237, 0.000127571358462, 0.000113707043056, 9.66480292846e-05, 9.94385482045e-05, 0.000290319119813, 0.000135876180138, 5.98343503952e-05, 6.19135753368e-05, 4.91751961817e-05, 6.59694705973e-05, 1.98363250092e-05, 4.95262393088e-05, 2.52450208791e-05, 7.62139534345e-05, 3.84203740396e-05, 9.74046542979e-06, 2.10687394429e-05, 1.50647183546e-05, 1.12802372314e-05, 1.98093257495e-05, 3.78185068257e-05, 7.5535290307e-06, 6.94012896929e-06, 1.06272400444e-05, 1.3481683709e-05, 3.38328504768e-06, 4.27066788689e-06, 4.34052253695e-06, 3.66857466361e-06, 3.13920372719e-06, 2.29989609579e-06, 2.22621815738e-06, 1.68185295024e-06, 2.45841920332e-06, 1.7621320012e-06, 2.35949778471e-06, 1.81196901394e-06, 1.96477549252e-06, 2.13475232158e-06, 2.72687839242e-06, 1.75563411631e-06, 1.18946832117e-06, 7.6064645782e-07, 7.72333123678e-07, 8.47949138461e-07, 7.23329605989e-07, 5.65814957554e-07, 5.00143414683e-07, 4.55995945003e-07, 2.86168500452e-07, 3.62680085964e-09, 4.88581619607e-10, 4.78882378196e-10, 4.69480843091e-10, 4.5675127569e-10, 4.42665237799e-10, 4.28113378081e-10, 4.13137996036e-10, 3.9964268006e-10, 3.85899645572e-10, 3.71598751769e-10, 3.5943628629e-10, 3.47386286403e-10, 3.37153249763e-10, 3.26096927239e-10, 3.16578041559e-10, 3.07563113866e-10, 2.99353763999e-10, 2.92020518877e-10, 2.85200751904e-10, 2.79035600181e-10, 2.73735645262e-10, 2.69152616861e-10, 2.65248739639e-10, 2.62341759427e-10, 2.60145155417e-10, 2.58738225289e-10]
    },
    "mfcc": {
        "mean": [-609.99029541, 91.5016174316, -69.3236312866, -8.46356773376, -16.4365921021, 0.173681229353, -10.7919712067, 3.24455523491, -7.67236471176, 1.85592985153, -6.77075338364, 6.89656925201, -1.63210570812],
        "cov": [[3120.89331055, -289.160980225, 278.610107422, 32.4976119995, -12.8491945267, -107.844680786, -16.8285427094, -19.6187152863, -116.717468262, -49.6387825012, -39.0983390808, 128.889953613, 4.5429983139], [-289.160980225, 664.996948242, 294.456604004, 369.25982666, 18.7921485901, -35.0274848938, 114.471595764, 79.8412017822, -51.0292243958, -9.18680286407, 1.18362390995, 68.1341552734, 5.8679561615], [278.610107422, 294.456604004, 520.118408203, 373.408233643, 67.3192901611, -49.947177887, 110.574737549, 65.6551742554, -47.2587547302, -12.6044387817, -0.38871589303, 83.6179962158, 21.8984012604], [32.4976119995, 369.25982666, 373.408233643, 454.835571289, 65.2782211304, -53.0492973328, 90.1216964722, 77.1348571777, -39.9080619812, 2.79651165009, 1.80323803425, 72.507484436, 20.9227981567], [-12.8491945267, 18.7921485901, 67.3192901611, 65.2782211304, 76.6289215088, 5.38668870926, -6.32861423492, 7.17411518097, 5.04744005203, -7.38953351974, -3.35058808327, 15.7577896118, 11.7995080948], [-107.844680786, -35.0274848938, -49.947177887, -53.0492973328, 5.38668870926, 71.6315612793, 28.2731151581, 0.393669337034, 20.7182445526, 0.537118554115, 10.9159450531, -8.34477996826, -4.52996397018], [-16.8285427094, 114.471595764, 110.574737549, 90.1216964722, -6.32861423492, 28.2731151581, 133.847732544, 46.1683387756, -7.63148832321, 2.42255973816, 21.2662506104, 12.2442369461, -12.0557699203], [-19.6187152863, 79.8412017822, 65.6551742554, 77.1348571777, 7.17411518097, 0.393669337034, 46.1683387756, 66.9070205688, 9.40430927277, 6.32487773895, 6.97669506073, 19.0077705383, 4.58516359329], [-116.717468262, -51.0292243958, -47.2587547302, -39.9080619812, 5.04744005203, 20.7182445526, -7.63148832321, 9.40430927277, 65.3512191772, 17.1275558472, 7.20172262192, -11.350112915, 2.71393918991], [-49.6387825012, -9.18680286407, -12.6044387817, 2.79651165009, -7.38953351974, 0.537118554115, 2.42255973816, 6.32487773895, 17.1275558472, 54.6448516846, 11.8298721313, -11.9578466415, -3.78746318817], [-39.0983390808, 1.18362390995, -0.38871589303, 1.80323803425, -3.35058808327, 10.9159450531, 21.2662506104, 6.97669506073, 7.20172262192, 11.8298721313, 41.0553283691, 10.2814950943, -1.41295397282], [128.889953613, 68.1341552734, 83.6179962158, 72.507484436, 15.7577896118, -8.34477996826, 12.2442369461, 19.0077705383, -11.350112915, -11.9578466415, 10.2814950943, 76.1072311401, 24.9302978516], [4.5429983139, 5.8679561615, 21.8984012604, 20.9227981567, 11.7995080948, -4.52996397018, -12.0557699203, 4.58516359329, 2.71393918991, -3.78746318817, -1.41295397282, 24.9302978516, 39.3021430969]],
        "icov": [[0.000499708403368, 0.000536248728167, -0.000389568216633, 0.000101561461634, 0.000293777906336, 0.000462227239041, -0.000102694990346, -4.46403391834e-05, 0.000619774044026, -5.77705941396e-05, 0.000650615198538, -0.00121445790865, 0.000709335843567], [0.000536248728167, 0.00365942297503, -8.05798408692e-05, -0.00247122417204, 0.00157718686387, 0.000170728962985, -0.000862836954184, -0.000736083253287, 0.00137905718293, 0.000454111112049, 0.00137480243575, -0.00211269152351, 0.00145758118015], [-0.000389568216633, -8.05798408692e-05, 0.00626307865605, -0.00354336528108, -0.00264546973631, 0.00250887358561, -0.00398359820247, 0.00127640890423, -5.09275414515e-05, 0.000313890428515, 0.00106413930189, -0.00145609048195, -0.000838065403514], [0.000101561461634, -0.00247122417204, -0.00354336528108, 0.00890678260475, -0.00399539293721, 0.00326751335524, -0.000845548696816, -0.00256512337364, 0.00123922515195, -0.00239160400815, -8.46546583944e-07, -0.000526554184034, -0.00077612377936], [0.000293777906336, 0.00157718686387, -0.00264546973631, -0.00399539293721, 0.0201939754188, -0.00709293922409, 0.00597478961572, -0.000681726669427, -0.00204333430156, 0.00308694737032, 0.000522828660905, -0.000568554620259, -0.000818433705717], [0.000462227239041, 0.000170728962985, 0.00250887358561, 0.00326751335524, -0.00709293922409, 0.0251026246697, -0.011176536791, 0.00328366877511, -0.00494359573349, 0.000998594681732, -0.000638966157567, -0.00199342472479, -0.000325827277265], [-0.000102694990346, -0.000862836954184, -0.00398359820247, -0.000845548696816, 0.00597478961572, -0.011176536791, 0.0190669987351, -0.00885040219873, 0.00299272313714, 0.00138881918974, -0.00647988077253, 0.00288297818042, 0.00447515165433], [-4.46403391834e-05, -0.000736083253287, 0.00127640890423, -0.00256512337364, -0.000681726669427, 0.00328366877511, -0.00885040219873, 0.0258723571897, -0.0074904342182, -0.00151797756553, 0.00204486143775, -0.00391690060496, -0.00145157543011], [0.000619774044026, 0.00137905718293, -5.09275414515e-05, 0.00123922515195, -0.00204333430156, -0.00494359573349, 0.00299272313714, -0.0074904342182, 0.0233215261251, -0.00560206919909, -0.00152752606664, 0.00136885384563, -0.00214683776721], [-5.77705941396e-05, 0.000454111112049, 0.000313890428515, -0.00239160400815, 0.00308694737032, 0.000998594681732, 0.00138881918974, -0.00151797756553, -0.00560206919909, 0.0235496740788, -0.00752966245636, 0.00515000475571, -5.2600968047e-05], [0.000650615198538, 0.00137480243575, 0.00106413930189, -8.46546583944e-07, 0.000522828660905, -0.000638966157567, -0.00647988077253, 0.00204486143775, -0.00152752606664, -0.00752966245636, 0.033315371722, -0.0102970087901, 0.00377943809144], [-0.00121445790865, -0.00211269152351, -0.00145609048195, -0.000526554184034, -0.000568554620259, -0.00199342472479, 0.00288297818042, -0.00391690060496, 0.00136885384563, 0.00515000475571, -0.0102970087901, 0.0265957191586, -0.0140090519562], [0.000709335843567, 0.00145758118015, -0.000838065403514, -0.00077612377936, -0.000818433705717, -0.000325827277265, 0.00447515165433, -0.00145157543011, -0.00214683776721, -5.2600968047e-05, 0.00377943809144, -0.0140090519562, 0.0369399935007]]
    },
    "spectral_contrast_coeffs": {
        "max": [-0.56082379818, -0.557017087936, -0.572424769402, -0.629325211048, -0.640118002892, -0.60779517889],
        "mean": [-0.728399932384, -0.770253181458, -0.755094587803, -0.767611145973, -0.758031249046, -0.699577510357],
        "min": [-0.898358941078, -0.918231844902, -0.910140395164, -0.885070800781, -0.889869749546, -0.858175814152],
        "stdev": [0.0517741553485, 0.0740726515651, 0.0673664957285, 0.0517498217523, 0.0422681681812, 0.0275768619031]
    },
    "spectral_contrast_valleys": {
        "max": [-6.22221946716, -5.15185785294, -5.31674718857, -5.23049974442, -6.09736347198, -9.37063312531],
        "mean": [-8.15710544586, -6.5359082222, -6.5110244751, -6.49107217789, -6.91611719131, -10.5843553543],
        "min": [-10.3969249725, -9.41584587097, -9.53678131104, -9.59096813202, -10.0290985107, -14.1479320526],
        "stdev": [0.988301634789, 0.579791069031, 0.662604391575, 0.745072126389, 0.549623310566, 0.757270395756]
    }
},
"rhythm": {
    "beats_count": 37,
    "beats_loudness": {
        "max": 0.048559512943,
        "mean": 0.0242068134248,
        "min": 0.000238022563281,
        "stdev": 0.0100305192173
    },
    "bpm": 97.0616226196,
    "bpm_histogram_first_peak_bpm": 98,
    "bpm_histogram_first_peak_weight": 0.347826182842,
    "bpm_histogram_second_peak_bpm": 120,
    "bpm_histogram_second_peak_spread": 0.45454543829,
    "bpm_histogram_second_peak_weight": 0.166666671634,
    "danceability": 0.785462260246,
    "onset_rate": 2.09082269669,
    "beats_loudness_band_ratio": {
        "max": [0.173391267657, 0.527157664299, 0.406246930361, 0.559386074543, 0.6037966609, 0.290101230145],
        "mean": [0.0287279691547, 0.0639918893576, 0.179866552353, 0.360709130764, 0.346711546183, 0.0676673650742],
        "min": [0.000278383377008, 0.00401566922665, 0.0467768535018, 0.148539945483, 0.128070056438, 0.0103825125843],
        "stdev": [0.0408820435405, 0.094815954566, 0.108492910862, 0.0976535603404, 0.15009431541, 0.0426586903632]
    },
    "beats_position": [0.650158703327, 1.31192743778, 1.9620860815, 2.60063481331, 3.21596360207, 3.84290242195, 4.45823097229, 5.06195020676, 5.67727899551, 6.29260778427, 6.90793657303, 7.51165533066, 8.12698364258, 8.74231243134, 9.35764122009, 9.94974994659, 10.5650787354, 11.1920175552, 11.8189563751, 12.4575052261, 13.0960540771, 13.722992897, 14.3383216858, 14.9536504745, 15.5689792633, 16.1843090057, 16.6719264984, 17.1595458984, 17.6471652985, 18.1463947296, 18.6456241608, 19.1564617157, 19.667301178, 20.1665306091, 20.6657600403, 21.1649875641, 21.6642169952],
