{
"metadata": {
    "version": {
        "essentia": "2.1-beta5",
        "essentia_git_sha": "Undefined",
        "extractor": "music 2.0"
    },
    "audio_properties": {
        "analysis": {
            "equal_loudness": 0,
            "length": 32.4963264465,
            "sample_rate": 44100,
            "start_time": 29.0017242432,
            "downmix": "mix"
        },
        "bit_rate": 192000,
        "length": 169.018051147,
        "lossless": 0,
        "number_channels": 2,
        "replay_gain": 1.21462059021,
        "sample_rate": 44100,
        "codec": "mp3",
        "md5_encoded": "41fdfa2bdf3d8299727528e7455f41bc"
    },
    "tags": {
        "file_name": "Portugal_E Depois Do Adeus_Paulo de Carvalho.mp3",
        "encoding": ["Lavf58.29.100"]
    }
},
"lowlevel": {
    "average_loudness": 0.854626595974,
    "barkbands_crest": {
        "max": 26.3853359222,
        "mean": 13.4371623993,
        "min": 4.17644309998,
        "stdev": 4.87608671188
    },
    "barkbands_flatness_db": {
        "max": 0.374904602766,
        "mean": 0.213393166661,
        "min": 0.0738413706422,
        "stdev": 0.0539277084172
    },
    "barkbands_kurtosis": {
        "max": 334.93762207,
        "mean": 13.5850477219,
        "min": -1.31394124031,
        "stdev": 26.3919334412
    },
    "barkbands_skewness": {
        "max": 15.1646776199,
        "mean": 2.12560009956,
        "min": -1.51254117489,
        "stdev": 1.91677808762
    },
    "barkbands_spread": {
        "max": 46.0737228394,
        "mean": 7.62730026245,
        "min": 0.472947776318,
        "stdev": 5.84971141815
    },
    "dissonance": {
        "max": 0.499794691801,
        "mean": 0.414065539837,
        "min": 0.207742497325,
        "stdev": 0.054492469877
    },
    "dynamic_complexity": 3.6405146122,
    "erbbands_crest": {
        "max": 32.9171562195,
        "mean": 14.9660339355,
        "min": 3.70990633965,
        "stdev": 6.380382061
    },
    "erbbands_flatness_db": {
        "max": 0.381377130747,
        "mean": 0.244067192078,
        "min": 0.0990571975708,
        "stdev": 0.0500502437353
    },
    "erbbands_kurtosis": {
        "max": 77.7385559082,
        "mean": 4.36021089554,
        "min": -1.6785787344,
        "stdev": 8.33220005035
    },
    "erbbands_skewness": {
        "max": 5.54022169113,
        "mean": 1.13211715221,
        "min": -1.50851225853,
        "stdev": 0.993909239769
    },
    "erbbands_spread": {
        "max": 95.6069335938,
        "mean": 17.9133892059,
        "min": 1.12734794617,
        "stdev": 12.0698537827
    },
    "hfc": {
        "max": 67.1490859985,
        "mean": 14.1029720306,
        "min": 0.0809312015772,
        "stdev": 12.9455785751
    },
    "loudness_ebu128": {
        "integrated": -26.0840206146,
        "loudness_range": 5.71544265747,
        "momentary": {
            "max": -22.1938381195,
            "mean": -27.2168540955,
            "min": -36.7779159546,
            "stdev": 3.36028027534
        },
        "short_term": {
            "max": -23.2793102264,
            "mean": -26.8129634857,
            "min": -30.4830589294,
            "stdev": 2.10229969025
        }
    },
    "melbands_crest": {
        "max": 32.3072090149,
        "mean": 16.1347866058,
        "min": 4.70089530945,
        "stdev": 5.8694062233
    },
    "melbands_flatness_db": {
        "max": 0.453759044409,
        "mean": 0.283749878407,
        "min": 0.133179351687,
        "stdev": 0.0627379864454
    },
    "melbands_kurtosis": {
        "max": 211.296966553,
        "mean": 12.4545135498,
        "min": -1.5594342947,
        "stdev": 19.9090251923
    },
    "melbands_skewness": {
        "max": 10.2677373886,
        "mean": 1.94067943096,
        "min": -2.05638217926,
        "stdev": 1.6244032383
    },
    "melbands_spread": {
        "max": 52.9664726257,
        "mean": 10.5982322693,
        "min": 0.63871127367,
        "stdev": 7.58758020401
    },
    "pitch_salience": {
        "max": 0.868300318718,
        "mean": 0.526097297668,
        "min": 0.110919080675,
        "stdev": 0.129994109273
    },
    "silence_rate_20dB": {
        "max": 1,
        "mean": 1,
        "min": 1,
        "stdev": 0
    },
    "silence_rate_30dB": {
        "max": 1,
        "mean": 0.999286234379,
        "min": 0,
        "stdev": 0.0267070643604
    },
    "silence_rate_60dB": {
        "max": 1,
        "mean": 0.0885082110763,
        "min": 0,
        "stdev": 0.284033924341
    },
    "spectral_centroid": {
        "max": 2738.94873047,
        "mean": 725.621765137,
        "min": 236.686004639,
        "stdev": 385.299133301
    },
    "spectral_complexity": {
        "max": 34,
        "mean": 11.9371881485,
        "min": 0,
        "stdev": 7.01322650909
    },
    "spectral_decrease": {
        "max": -2.64939545996e-11,
        "mean": -5.60952395645e-09,
        "min": -3.01503995104e-08,
        "stdev": 4.33869828953e-09
    },
    "spectral_energy": {
        "max": 0.119885206223,
        "mean": 0.0224508307874,
        "min": 0.000107334955828,
        "stdev": 0.0174210872501
    },
    "spectral_energyband_high": {
        "max": 0.00199824408628,
        "mean": 8.20855930215e-05,
        "min": 8.18489183985e-07,
        "stdev": 0.000167450067238
    },
    "spectral_energyband_low": {
        "max": 0.0125610753894,
        "mean": 0.000465261051431,
        "min": 7.92901664681e-06,
        "stdev": 0.00056400813628
    },
    "spectral_energyband_middle_high": {
        "max": 0.031250897795,
        "mean": 0.00417357450351,
        "min": 2.15832678805e-05,
        "stdev": 0.00546627910808
    },
    "spectral_energyband_middle_low": {
        "max": 0.112022511661,
        "mean": 0.0181544218212,
        "min": 7.71240665927e-05,
        "stdev": 0.0148078650236
    },
    "spectral_entropy": {
        "max": 7.97857570648,
        "mean": 6.71178293228,
        "min": 5.13450527191,
        "stdev": 0.538062393665
    },
    "spectral_flux": {
        "max": 0.246777772903,
        "mean": 0.063738912344,
        "min": 0.0083578331396,
        "stdev": 0.0381949022412
    },
    "spectral_kurtosis": {
        "max": 40.3528785706,
        "mean": 12.0820674896,
        "min": -0.318165302277,
        "stdev": 7.37082099915
    },
    "spectral_rms": {
        "max": 0.0108148595318,
        "mean": 0.00428749388084,
        "min": 0.00032360010664,
        "stdev": 0.0018763456028
    },
    "spectral_rolloff": {
        "max": 4866.50390625,
        "mean": 836.64453125,
        "min": 215.33203125,
        "stdev": 520.278442383
    },
    "spectral_skewness": {
        "max": 5.08479833603,
        "mean": 2.50132393837,
        "min": 0.264331549406,
        "stdev": 0.900789558887
    },
    "spectral_spread": {
        "max": 5843555,
        "mean": 2956361.5,
        "min": 1382063.25,
        "stdev": 886703.5625
    },
    "spectral_strongpeak": {
        "max": 7.58164787292,
        "mean": 1.66981744766,
        "min": 0.00661348039284,
        "stdev": 1.30293047428
    },
    "zerocrossingrate": {
        "max": 0.11328125,
        "mean": 0.0351687967777,
        "min": 0.00927734375,
        "stdev": 0.0149743929505
    },
    "barkbands": {
        "max": [2.49387012445e-05, 0.000761430128478, 0.00593333411962, 0.00834632106125, 0.0430951341987, 0.040561851114, 0.0640936791897, 0.054906219244, 0.050893008709, 0.0416339673102, 0.014563630335, 0.0229455307126, 0.0197370704263, 0.0102578401566, 0.00648179464042, 0.00564543390647, 0.00868260581046, 0.00354600674473, 0.00200101244263, 0.00161815341562, 0.00102922017686, 0.000177354973857, 3.00625724776e-05, 4.03385638492e-06, 4.25291773354e-06, 3.02324906443e-06, 1.33158628159e-05],
        "mean": [1.93443815988e-06, 4.17420415033e-05, 0.00020290609973, 0.000552111130673, 0.00436244998127, 0.0026921860408, 0.00370821449906, 0.00286989915185, 0.00353936036117, 0.0013825170463, 0.000270042364718, 0.00104758387897, 0.000496995635331, 0.000317207159242, 0.000357801414793, 0.000120976765174, 0.000198351583094, 9.21067185118e-05, 8.59359497554e-05, 4.86385797558e-05, 4.4086122216e-05, 1.01328923847e-05, 2.28418275583e-06, 1.15827140235e-06, 9.23096536098e-07, 3.54275471182e-07, 2.95399104289e-06],
        "min": [2.8993702994e-09, 5.59417458135e-07, 4.62428005221e-07, 2.03570425583e-06, 1.5506579075e-05, 4.58273552795e-06, 4.29040528616e-06, 1.15769273634e-06, 2.25070289162e-06, 1.04299067516e-06, 2.38238186512e-07, 8.36025208173e-07, 2.78326098169e-07, 6.83949565428e-07, 3.54286299853e-07, 3.48228610392e-07, 5.83966482282e-07, 5.50238610231e-07, 5.44969338989e-07, 1.60439455499e-07, 1.23892206716e-07, 1.49035926711e-07, 7.625067866e-08, 6.47048992164e-08, 5.47337819512e-08, 1.44966900706e-08, 1.50592802117e-10],
        "stdev": [2.20981064558e-06, 8.31021679915e-05, 0.00026734804851, 0.000738214352168, 0.00529631832615, 0.00483023701236, 0.0068653956987, 0.00693635130301, 0.0072368234396, 0.00276836636476, 0.00075340695912, 0.00271819368936, 0.00115228618961, 0.000877426704392, 0.000670972687658, 0.000315595010761, 0.000495771935675, 0.000227128708502, 0.000184568576515, 0.000125552833197, 0.000109844171675, 1.85769858945e-05, 2.75561956187e-06, 4.5395199777e-07, 3.20562463685e-07, 1.6450746898e-07, 2.3650145522e-06]
    },
    "erbbands": {
        "max": [0.00387477315962, 0.235891133547, 3.85162043571, 24.9325618744, 57.6910629272, 239.307266235, 476.760284424, 407.067260742, 872.942810059, 643.067321777, 1367.91137695, 1488.97705078, 1557.12487793, 549.78137207, 347.652740479, 1145.93408203, 918.520019531, 619.032104492, 420.954956055, 205.163116455, 233.425537109, 275.744262695, 202.222167969, 99.1335144043, 84.8870697021, 104.520675659, 62.2066802979, 20.4244117737, 7.38345146179, 3.32341456413, 0.562572002411, 0.156586185098, 0.0689902305603, 0.0525247305632, 0.0252592880279, 0.0138289984316, 0.00532779656351, 0.0209593437612, 0.000521372654475, 0.000138270450407],
        "mean": [0.000484053714899, 0.0143989957869, 0.173800468445, 1.20160007477, 7.69790363312, 15.697470665, 15.6307830811, 24.3567771912, 61.5539588928, 32.0239715576, 82.651260376, 93.5768890381, 40.8717918396, 39.4086608887, 16.4712867737, 47.480796814, 26.8299560547, 19.7992191315, 20.715259552, 9.53806114197, 7.77542734146, 8.66899204254, 6.78832578659, 4.0339641571, 4.44044971466, 2.65708184242, 2.28667211533, 0.941035926342, 0.403578221798, 0.160827979445, 0.0618012435734, 0.0288785155863, 0.0175606459379, 0.0109388483688, 0.00621517561376, 0.00275725545362, 0.00110093457624, 0.00465329131112, 0.000127365201479, 2.79013202089e-05],
        "min": [3.63395811291e-05, 0.000422038050601, 0.00137998641003, 0.00902615301311, 0.0458465032279, 0.0466930307448, 0.0288378577679, 0.0592141747475, 0.114673636854, 0.0950256511569, 0.0517406538129, 0.116265065968, 0.0594445206225, 0.0214417725801, 0.051650583744, 0.0840979740024, 0.0250840056688, 0.0606275722384, 0.0330420956016, 0.0487858057022, 0.0377018935978, 0.0379632040858, 0.0328376218677, 0.0373484641314, 0.0326318107545, 0.00922277849168, 0.00891803856939, 0.00320361950435, 0.00469562457874, 0.00282071856782, 0.002671090886, 0.00151957559865, 0.00108553771861, 0.000728059501853, 0.000317924830597, 0.000165183955687, 5.0736925914e-05, 2.9951822853e-06, 1.4980018932e-06, 1.06784887066e-06],
        "stdev": [0.000484891090309, 0.0258609037846, 0.208363622427, 1.33228337765, 8.518242836, 23.1555671692, 44.4630279541, 44.1642913818, 107.50491333, 57.440196991, 173.266036987, 189.836776733, 104.520729065, 70.397605896, 29.5195713043, 132.543502808, 56.700050354, 50.4405136108, 40.8478546143, 18.5154819489, 15.7361164093, 18.4762058258, 16.2893104553, 8.41421318054, 9.48416614532, 7.17053127289, 6.13700628281, 1.85053777695, 0.740299761295, 0.295443803072, 0.0668729543686, 0.0151106677949, 0.00632888777182, 0.00394354900345, 0.00221410882659, 0.00109821080696, 0.000664859020617, 0.00372210936621, 9.14860502235e-05, 1.98713751161e-05]
    },
    "gfcc": {
        "mean": [-70.8630981445, 122.737297058, -125.036567688, -14.8987512589, -64.8823242188, -21.9446907043, -40.5992012024, -13.5984621048, -28.5836315155, -7.89177036285, -23.2931976318, -7.77613973618, -15.9863882065],
        "cov": [[2249.33325195, 504.980255127, -1565.92932129, -117.284439087, 147.006607056, -368.7578125, 390.495361328, -25.7702903748, 172.632598877, 79.7653884888, 96.0278091431, -129.71862793, -7.50044441223], [504.980255127, 427.247039795, -337.727111816, -138.740234375, -7.63989067078, -72.1512069702, -25.5941905975, 17.3141860962, 44.0243034363, -3.51348853111, 78.6369934082, -65.0767822266, 22.7279281616], [-1565.92932129, -337.727111816, 1491.77844238, 4.71147298813, -81.5083770752, 182.605361938, -320.02722168, -56.8721923828, -118.596214294, -54.4570770264, -65.9562759399, 132.127929688, -56.8300552368], [-117.284439087, -138.740234375, 4.71147298813, 418.45880127, -8.39399814606, 62.5518531799, 30.2682418823, -34.6666755676, -52.9965400696, 14.9745607376, -23.3669319153, 17.2703552246, 53.0255813599], [147.006607056, -7.63989067078, -81.5083770752, -8.39399814606, 156.308227539, -28.9583702087, 9.5704908371, -1.2842553854, 9.53458499908, 10.9770927429, -1.86297881603, 5.33742237091, -20.694940567], [-368.7578125, -72.1512069702, 182.605361938, 62.5518531799, -28.9583702087, 218.0025177, 43.8338127136, 17.6616649628, -69.7078704834, -27.6224250793, -10.1557607651, 19.6338119507, 11.9787511826], [390.495361328, -25.5941905975, -320.02722168, 30.2682418823, 9.5704908371, 43.8338127136, 288.423980713, 38.278377533, -15.3478813171, -16.1042976379, -18.7955379486, -19.4786987305, -4.74405670166], [-25.7702903748, 17.3141860962, -56.8721923828, -34.6666755676, -1.2842553854, 17.6616649628, 38.278377533, 111.008003235, 28.4669113159, -30.3833122253, -25.4441204071, -29.490480423, 12.9403114319], [172.632598877, 44.0243034363, -118.596214294, -52.9965400696, 9.53458499908, -69.7078704834, -15.3478813171, 28.4669113159, 108.146942139, 41.3387184143, -10.2979698181, -31.9708709717, -12.8715362549], [79.7653884888, -3.51348853111, -54.4570770264, 14.9745607376, 10.9770927429, -27.6224250793, -16.1042976379, -30.3833122253, 41.3387184143, 98.8038482666, 48.4594421387, -4.52768230438, -21.6863574982], [96.0278091431, 78.6369934082, -65.9562759399, -23.3669319153, -1.86297881603, -10.1557607651, -18.7955379486, -25.4441204071, -10.2979698181, 48.4594421387, 106.083229065, 22.2681083679, -13.5092468262], [-129.71862793, -65.0767822266, 132.127929688, 17.2703552246, 5.33742237091, 19.6338119507, -19.4786987305, -29.490480423, -31.9708709717, -4.52768230438, 22.2681083679, 83.5203018188, 13.7438993454], [-7.50044441223, 22.7279281616, -56.8300552368, 53.0255813599, -20.694940567, 11.9787511826, -4.74405670166, 12.9403114319, -12.8715362549, -21.6863574982, -13.5092468262, 13.7438993454, 87.896522522]],
        "icov": [[0.00774718774483, -0.00534700462595, 0.0041126050055, -0.000430224026786, -0.00304429372773, 0.0073768007569, -0.00863947253674, 0.00749671133235, -0.00503821996972, 0.00180287077092, -0.000489921192639, -0.00140907836612, 0.00152224127669], [-0.00534700462595, 0.0100194588304, -0.00241156783886, 0.0015783373965, 0.00154091557488, -0.0053873071447, 0.00657241931185, -0.00259415782057, -0.000495766813401, 0.00532760377973, -0.00847930088639, 0.0079634943977, -0.00503137242049], [0.0041126050055, -0.00241156783886, 0.00444495258853, 7.46162986616e-05, -0.000344110449078, 0.00260270130821, -0.00169275607914, 0.00301141873933, -0.000408203952247, -0.000129969906993, 0.00285715097561, -0.00401182379574, 0.00380757078528], [-0.000430224026786, 0.0015783373965, 7.46162986616e-05, 0.00357647659257, 0.000117266630696, -0.000974965223577, 0.000580527761485, 0.000553234480321, 0.00193550554104, -0.00175655761268, 0.000597226899117, 0.00118509994354, -0.00268728495575], [-0.00304429372773, 0.00154091557488, -0.000344110449078, 0.000117266630696, 0.00900819245726, -0.00238512991928, 0.00469053117558, -0.00476528936997, 0.00454133236781, -0.00348482793197, 0.0043189371936, -0.00379089917988, 0.00351106119342], [0.0073768007569, -0.0053873071447, 0.00260270130821, -0.000974965223577, -0.00238512991928, 0.0146758612245, -0.0103253172711, 0.00446770247072, -0.000407702842494, -4.9847199989e-05, -0.000434178975411, -0.000913117837626, 0.000520851055626], [-0.00863947253674, 0.00657241931185, -0.00169275607914, 0.000580527761485, 0.00469053117558, -0.0103253172711, 0.0172288287431, -0.0110731236637, 0.00946882460266, -0.0036296590697, 0.00481480918825, -0.00180436635856, 0.0027034857776], [0.00749671133235, -0.00259415782057, 0.00301141873933, 0.000553234480321, -0.00476528936997, 0.00446770247072, -0.0110731236637, 0.0242166668177, -0.0160785596818, 0.0130081642419, -0.00833548884839, 0.00749069219455, -0.00456740660593], [-0.00503821996972, -0.000495766813401, -0.000408203952247, 0.00193550554104, 0.00454133236781, -0.000407702842494, 0.00946882460266, -0.0160785596818, 0.0316427871585, -0.0216465685517, 0.0179306790233, -0.00634451396763, 0.00531058851629], [0.00180287077092, 0.00532760377973, -0.000129969906993, -0.00175655761268, -0.00348482793197, -4.9847199989e-05, -0.0036296590697, 0.0130081642419, -0.0216465685517, 0.0333987250924, -0.0239874795079, 0.0120248552412, -0.0036693837028], [-0.000489921192639, -0.00847930088639, 0.00285715097561, 0.000597226899117, 0.0043189371936, -0.000434178975411, 0.00481480918825, -0.00833548884839, 0.0179306790233, -0.0239874795079, 0.0352409593761, -0.0197152029723, 0.0114073855802], [-0.00140907836612, 0.0079634943977, -0.00401182379574, 0.00118509994354, -0.00379089917988, -0.000913117837626, -0.00180436635856, 0.00749069219455, -0.00634451396763, 0.0120248552412, -0.0197152029723, 0.0304250810295, -0.0132062863559], [0.00152224127669, -0.00503137242049, 0.00380757078528, -0.00268728495575, 0.00351106119342, 0.000520851055626, 0.0027034857776, -0.00456740660593, 0.00531058851629, -0.0036693837028, 0.0114073855802, -0.0132062863559, 0.0221555028111]]
    },
    "melbands": {
        "max": [0.000111532062874, 0.00175291276537, 0.00349419633858, 0.0113080432639, 0.014208773151, 0.00896661356091, 0.014004683122, 0.00958412699401, 0.0104087879881, 0.00865791458637, 0.00782658066601, 0.00232902937569, 0.00178981188219, 0.00232706638053, 0.0023433547467, 0.00110030767974, 0.00108626356814, 0.000717191025615, 0.000268182513537, 0.000570399162825, 0.000438930583186, 0.000451740430435, 0.000533504702616, 0.00028300320264, 9.57691154326e-05, 9.20363163459e-05, 5.33566926606e-05, 6.60483055981e-05, 5.07546610606e-05, 3.53977520717e-05, 1.33016264954e-05, 4.70213171866e-06, 3.11301369038e-06, 1.21808545828e-06, 4.22351149609e-07, 1.26193640426e-07, 6.88851287123e-08, 4.93700405002e-08, 4.84515254584e-08, 4.10050091659e-08],
        "mean": [7.38510016163e-06, 7.44163262425e-05, 0.000361215876183, 0.000936347118113, 0.000555799168069, 0.00056505703833, 0.000919651705772, 0.000358679302735, 0.000717564893421, 0.000536670675501, 0.00018558280135, 0.000165314238984, 4.20267497248e-05, 0.000114019567263, 8.66046393639e-05, 5.04174095113e-05, 3.23684689647e-05, 3.18146339851e-05, 1.8316137357e-05, 9.6566418506e-06, 9.22365325096e-06, 8.50006745168e-06, 9.76103819994e-06, 4.73607042295e-06, 2.83160943582e-06, 3.77849823963e-06, 2.12032909985e-06, 1.57406543622e-06, 1.72467059656e-06, 7.43361113109e-07, 4.63565811515e-07, 2.46358951017e-07, 1.41253437391e-07, 6.35668868654e-08, 3.80380669185e-08, 2.15583657592e-08, 1.56947308483e-08, 1.25892540837e-08, 1.05067288203e-08, 8.72206840086e-09],
        "min": [1.24699099047e-07, 5.41769452411e-07, 2.61974082605e-06, 3.78075787921e-06, 1.11846418349e-06, 1.3168305486e-06, 1.60465447152e-06, 5.36260813533e-07, 3.24783087535e-07, 5.02878947373e-07, 2.08134451896e-07, 7.1459808737e-08, 9.06550354784e-08, 1.09317568331e-07, 5.82373331781e-08, 2.20578293408e-08, 7.01076672271e-08, 4.94983147803e-08, 3.2582498477e-08, 9.74699609912e-09, 3.06527461191e-08, 3.18318420511e-08, 2.65865143234e-08, 2.29848460265e-08, 2.2329894378e-08, 1.95275333681e-08, 1.29336461541e-08, 5.29422994333e-09, 6.90565249428e-09, 2.00043848153e-09, 2.03240890784e-09, 2.96069058159e-09, 2.37979036477e-09, 1.08525455289e-09, 1.48423096036e-09, 1.35320932237e-09, 7.91472887229e-10, 7.6659095738e-10, 6.8539512954e-10, 6.04670202797e-10],
        "stdev": [1.25207234305e-05, 8.97733189049e-05, 0.000365134619642, 0.00117507902905, 0.00135895819403, 0.00103540671989, 0.00160555820912, 0.000717736722436, 0.00138507131487, 0.00114575843327, 0.000516436470207, 0.0003058896109, 0.000100334123999, 0.000269642099738, 0.000220322486712, 0.00010835636931, 8.88271606527e-05, 6.53644674458e-05, 3.15184697683e-05, 2.94403162115e-05, 2.15960735659e-05, 2.01699494937e-05, 3.14449353027e-05, 1.54171902977e-05, 6.91138893671e-06, 8.85168174136e-06, 4.90246429763e-06, 5.11197549713e-06, 5.01798967889e-06, 2.08515098166e-06, 9.8813063687e-07, 4.67461262588e-07, 2.91123768648e-07, 1.12335158065e-07, 4.54646134074e-08, 1.48486805074e-08, 7.48632000835e-09, 5.02670660651e-09, 4.05740552267e-09, 3.37062222577e-09]
    },
    "melbands128": {
        "max": [2.15693344217e-05, 1.86251945706e-05, 7.67333913245e-05, 0.000523306021933, 0.000742099888157, 0.00389291904867, 0.00621798681095, 0.00417581526563, 0.00719408411533, 0.0158454217017, 0.0173223428428, 0.0150077575818, 0.0238421112299, 0.00657714763656, 0.0062518636696, 0.0202748123556, 0.0217384230345, 0.0254707131535, 0.014199776575, 0.0100962780416, 0.0222544856369, 0.0181684400886, 0.0180814322084, 0.0149629935622, 0.0168746206909, 0.0168946776539, 0.016126928851, 0.0158434659243, 0.00353704229929, 0.00455828756094, 0.00290538952686, 0.00455735949799, 0.00292478990741, 0.00261374632828, 0.00225474266335, 0.00367999682203, 0.0070163202472, 0.00308770965785, 0.0052866791375, 0.0019706604071, 0.00150264275726, 0.00333634065464, 0.00147915200796, 0.00258931517601, 0.000491631333716, 0.00156636559404, 0.00106867484283, 0.00062161689857, 0.000489346857648, 0.00051953329239, 0.00124466803391, 0.000340442726156, 0.000479199254187, 0.000507878197823, 0.00171656860039, 0.000264130940195, 0.000179640759598, 0.00127271749079, 0.000297943217447, 0.000288087088848, 0.000667379063088, 0.000165739940712, 0.000202951778192, 0.000116439478006, 0.000282615976175, 0.000176712797838, 0.000178990681889, 8.51858931128e-05, 6.26653782092e-05, 0.000177087727934, 9.09928276087e-05, 0.000109052394691, 2.56045223068e-05, 0.00011561968131, 4.32559209003e-05, 9.33874762268e-05, 1.13673086162e-05, 1.23989957501e-05, 2.30099994951e-05, 8.99930182641e-06, 8.58475868881e-06, 4.59755983684e-06, 4.64322192784e-06, 4.55471808891e-06, 2.55122972703e-06, 2.1582879981e-06, 1.08597339477e-06, 8.64919684318e-07, 8.39596111746e-07, 3.08609457988e-07, 2.80109901496e-07, 1.47034242559e-07, 2.33941463534e-07, 9.35188921858e-08, 6.31589784916e-08, 5.04346289176e-08, 7.48501136627e-08, 4.20493861952e-08, 3.81559495111e-08, 6.0697409765e-08, 5.85082382543e-08, 3.01424059046e-08, 3.08193293108e-08, 3.42066712733e-08, 2.79629119859e-08, 3.14356611852e-08, 3.38180825565e-08, 2.34226522622e-08, 2.33644428249e-08, 2.2803439137e-08, 1.98866469958e-08, 1.76491443682e-08, 1.56631756454e-08, 1.56048596267e-08, 1.52609995752e-08, 1.98932568196e-07, 4.51909414778e-07, 1.4088628042e-08, 1.37477584872e-08, 1.33753337295e-08, 1.31112898316e-08, 1.28865940141e-08, 1.26961037239e-08, 1.24765708875e-08, 1.23410259789e-08, 1.21199246195e-08, 1.20139160842e-08, 1.19914052021e-08],
        "mean": [1.34673155117e-06, 2.20819674723e-06, 5.09297069584e-06, 2.57982628682e-05, 5.40041000932e-05, 0.000117361087177, 0.000198416848434, 0.000308884045808, 0.000730915868189, 0.00127602694556, 0.000838706968352, 0.000608532165643, 0.00062669091858, 0.000252501195064, 0.000361735234037, 0.000885974848643, 0.000967082101852, 0.0011399872601, 0.000607256661169, 0.00016237955424, 0.000290945637971, 0.000674485519994, 0.000820094835944, 0.000662466976792, 0.000803126662504, 0.000361353828339, 0.000222464892431, 0.000188367397641, 9.75079019554e-05, 0.000268833740847, 0.000151841159095, 4.24761419708e-05, 3.46611377608e-05, 3.31692463078e-05, 7.47160083847e-05, 0.000145288577187, 0.000184865100891, 4.5174099796e-05, 7.14537527529e-05, 5.85234956816e-05, 3.15819997923e-05, 6.1623090005e-05, 3.68405453628e-05, 1.75830755325e-05, 1.32378791022e-05, 4.49650506198e-05, 4.37386661361e-05, 1.13144551506e-05, 1.22095188999e-05, 1.16189567052e-05, 9.27891778701e-06, 7.02979968992e-06, 1.0044173905e-05, 7.77561672294e-06, 1.34105466714e-05, 4.84519068777e-06, 6.09341577729e-06, 1.94426593225e-05, 5.50101594854e-06, 3.21470838571e-06, 6.89819944455e-06, 3.47065270034e-06, 3.36813081958e-06, 2.05824426303e-06, 3.03296701532e-06, 4.02320529247e-06, 4.90683396492e-06, 1.81296559276e-06, 1.50684297751e-06, 2.22806102101e-06, 1.65688788911e-06, 1.38739687827e-06, 9.34448735279e-07, 2.99709108731e-06, 6.4713140091e-07, 9.54785605245e-07, 5.63355285976e-07, 5.29432043095e-07, 4.86023282065e-07, 3.74751977006e-07, 2.65857607928e-07, 1.89722697996e-07, 1.71011592442e-07, 1.40457117936e-07, 1.24291176462e-07, 6.83793786038e-08, 4.64182612347e-08, 3.92146617401e-08, 4.51033095317e-08, 2.96160838076e-08, 2.28224674714e-08, 2.00373069248e-08, 1.80478973988e-08, 1.50405163879e-08, 1.54274069075e-08, 1.29098882695e-08, 1.24419274883e-08, 1.10504503326e-08, 1.07623510104e-08, 1.01210773096e-08, 9.3192120687e-09, 8.54281978491e-09, 7.85026710304e-09, 7.73994912606e-09, 7.0496266602e-09, 6.49923759255e-09, 6.08001737845e-09, 5.3784998677e-09, 4.76358819057e-09, 4.1602512546e-09, 3.57336804591e-09, 2.06175543305e-09, 7.62701221624e-11, 1.70534801558e-11, 1.65826553877e-11, 4.36870202236e-08, 1.00558430915e-07, 2.70617105114e-11, 1.51341265908e-11, 1.46650868532e-11, 1.43417005702e-11, 1.41148854757e-11, 1.38552103818e-11, 1.35894533473e-11, 1.34735850948e-11, 1.32937107503e-11, 1.3205127096e-11, 1.31336816422e-11],
        "min": [1.40001699123e-09, 1.28465966753e-08, 1.82102137813e-08, 9.16398619211e-08, 2.32942028333e-07, 1.66914489341e-07, 3.90069274658e-08, 7.68683094066e-07, 1.45767273807e-06, 1.61080106409e-06, 5.63078572213e-07, 8.82502718014e-07, 1.58379279469e-07, 2.71218851822e-07, 1.14726923073e-07, 1.42439432693e-07, 3.63095352895e-07, 3.75740285108e-07, 3.91998838722e-07, 9.848145055e-08, 4.80985100637e-08, 6.0816987002e-08, 1.16352751434e-07, 2.60952418785e-07, 1.27388545934e-07, 1.21282738519e-07, 6.35465937648e-08, 5.67907001425e-08, 1.41868795822e-07, 3.36138690216e-08, 5.00508328116e-08, 1.63091389282e-08, 3.03649372313e-08, 1.75486380982e-08, 4.81015263176e-08, 4.28907185324e-08, 1.35989406402e-08, 2.19667590784e-08, 3.20738209325e-08, 3.20821307298e-08, 1.37577709225e-08, 4.72398964391e-09, 5.1384219546e-08, 3.03904705845e-08, 2.08741930408e-08, 1.34656534811e-08, 1.28422943391e-08, 1.21379315488e-08, 1.54434367516e-08, 1.18639575941e-09, 2.41220621255e-09, 9.08699959723e-09, 8.78624106804e-09, 1.38301272656e-08, 8.87230644508e-09, 7.69907426701e-09, 1.20507657186e-08, 9.09855746301e-09, 1.57998343298e-08, 1.2485583234e-08, 1.15341798335e-08, 5.5288791323e-09, 1.09509112889e-08, 5.47464296119e-09, 4.90937646092e-09, 8.49255243907e-09, 1.16201350764e-08, 5.60021273799e-09, 3.44765749283e-09, 1.27784349768e-09, 5.71420599726e-09, 7.39965466678e-09, 1.95504057388e-09, 3.12233439104e-09, 4.4554369083e-09, 6.08332939578e-10, 1.68016767166e-09, 6.64785615445e-10, 1.11967934924e-09, 4.84711959459e-09, 2.85722112636e-09, 3.01268254788e-09, 1.40748401822e-09, 2.87410939492e-09, 2.68788813429e-09, 8.99424257295e-10, 5.73611935728e-10, 1.06021469382e-09, 1.29815880268e-09, 2.0020283209e-09, 1.79084969076e-09, 8.06221367444e-10, 8.83677853114e-10, 1.04861552774e-09, 3.6084571442e-10, 8.49424475202e-10, 8.61722193601e-10, 6.81888490117e-10, 7.19548642891e-10, 6.82001011221e-10, 6.03604777272e-10, 6.21715345872e-10, 6.0100330268e-10, 1.84708234818e-10, 3.32650046397e-10, 4.05108918633e-10, 2.99798547099e-10, 1.88452670136e-10, 3.14335744933e-11, 2.25889862371e-11, 6.88661107306e-12, 1.60373353052e-12, 7.53562305871e-13, 3.56932799289e-13, 3.87844785584e-13, 6.67174811491e-13, 7.10072300437e-13, 4.23800859857e-13, 3.25727292361e-13, 4.57816239346e-13, 4.3591711729e-13, 4.62251493593e-13, 4.68641835408e-13, 5.15870657823e-13, 4.41211791494e-13, 4.20609673393e-13, 4.06488563512e-13, 4.8818631429e-13],
        "stdev": [1.53835276251e-06, 2.23712231673e-06, 7.47111971577e-06, 5.63797802897e-05, 8.89319562702e-05, 0.000164994373336, 0.000286814785795, 0.000479378941236, 0.000957522948738, 0.00189398811199, 0.00156079849694, 0.00163008505479, 0.00220674159937, 0.000564471178222, 0.000695439754054, 0.00220348639414, 0.00208102306351, 0.00246278056875, 0.00142153422348, 0.000502207549289, 0.00125982007012, 0.00175094429869, 0.00223942194134, 0.00165888224728, 0.0019714536611, 0.00129810639191, 0.000959972443525, 0.000853749574162, 0.000258506130194, 0.000557952851523, 0.000322405889165, 0.000170652434463, 0.00013638776727, 0.000119928961794, 0.000174929373316, 0.000409637053963, 0.000690933607984, 0.000181097188033, 0.000244077556999, 0.000162623138749, 9.50850007939e-05, 0.000217647568206, 0.00012053186947, 9.33046467253e-05, 4.02174373448e-05, 0.000111681278213, 0.000104382583231, 3.12025804305e-05, 3.54150288331e-05, 3.45218286384e-05, 5.70743504795e-05, 1.88579451788e-05, 3.12833326461e-05, 2.23827300943e-05, 6.28069465165e-05, 1.24693542602e-05, 1.35478694574e-05, 7.66480807215e-05, 1.75936402229e-05, 1.31186416183e-05, 3.20874241879e-05, 9.59209955909e-06, 1.13712521852e-05, 6.35310379948e-06, 1.40490546983e-05, 1.13771411634e-05, 1.41074160638e-05, 5.63663161302e-06, 4.25301732321e-06, 9.81938228506e-06, 6.60568275634e-06, 6.1889763856e-06, 2.39790983869e-06, 1.06259922177e-05, 2.26836914408e-06, 4.58561862615e-06, 1.17799334021e-06, 1.31373633394e-06, 1.47147977714e-06, 8.40235486521e-07, 6.67002097998e-07, 3.92198245436e-07, 3.96583146767e-07, 3.47802028955e-07, 2.88220235234e-07, 1.53490177013e-07, 8.33224618191e-08, 5.866187891e-08, 7.26734157297e-08, 3.37886874036e-08, 2.24485567912e-08, 1.47888661317e-08, 1.58243480541e-08, 8.92230289651e-09, 8.10302491772e-09, 6.24137763694e-09, 6.88176715613e-09, 5.47763079339e-09, 5.13096098942e-09, 5.09314102004e-09, 4.72651384698e-09, 4.03802902227e-09, 3.73774611262e-09, 3.72940744953e-09, 3.23903792676e-09, 3.09922576491e-09, 2.96293589663e-09, 2.6844035883e-09, 2.4756807715e-09, 2.26712137952e-09, 2.1325288202e-09, 1.49259915538e-09, 4.37339831016e-10, 4.16806339443e-10, 4.07516076439e-10, 3.50186937226e-08, 8.06842663792e-08, 3.77095327186e-10, 3.67361835396e-10, 3.57329416056e-10, 3.50233037016e-10, 3.44217820913e-10, 3.39120342918e-10, 3.33250205209e-10, 3.29621108186e-10, 3.2371544334e-10, 3.20880266802e-10, 3.20277165899e-10]
    },
    "mfcc": {
        "mean": [-721.428527832, 172.290466309, -16.6996822357, 8.05323600769, -17.1789588928, -10.2591695786, -15.7326545715, -13.2449197769, -10.0459022522, -10.0194416046, -7.41693782806, -8.05653095245, -11.3772678375],
        "cov": [[3381.12792969, 403.862243652, -1897.35888672, 183.058013916, -576.02142334, -57.8838500977, 26.173406601, -47.5256462097, 86.1051025391, 156.935256958, 168.419586182, 126.921409607, 112.091796875], [403.862243652, 478.628753662, -207.616027832, -183.807556152, 14.3746261597, -145.286804199, -62.3447418213, -47.4596366882, -46.6733131409, -5.97138929367, 30.0054931641, 55.3103790283, 45.2621421814], [-1897.35888672, -207.616027832, 1274.58911133, -53.7593536377, 282.476226807, 70.1532287598, -26.2121200562, 12.6786146164, -79.7761001587, -128.866531372, -97.9660949707, -60.6714057922, -69.5295181274], [183.058013916, -183.807556152, -53.7593536377, 253.337295532, -9.55993461609, 59.2169265747, 10.9408874512, -15.751203537, 22.5463790894, -4.36660528183, -16.5112895966, -15.9429473877, -8.90474033356], [-576.02142334, 14.3746261597, 282.476226807, -9.55993461609, 259.647705078, -18.8404655457, -66.6048965454, -39.1055221558, -38.5483207703, -34.2108383179, -44.901714325, -5.94664669037, 2.57055687904], [-57.8838500977, -145.286804199, 70.1532287598, 59.2169265747, -18.8404655457, 163.361083984, 73.4782333374, 11.6922130585, -3.32258534431, -19.5675468445, 3.80581045151, -0.830644249916, 2.11642718315], [26.173406601, -62.3447418213, -26.2121200562, 10.9408874512, -66.6048965454, 73.4782333374, 175.048095703, 81.5276870728, 4.08741855621, 0.659618675709, 3.75813436508, -7.83743524551, -10.4236049652], [-47.5256462097, -47.4596366882, 12.6786146164, -15.751203537, -39.1055221558, 11.6922130585, 81.5276870728, 126.756393433, 54.833442688, 2.56160736084, -13.6787614822, -30.1567516327, -26.9033584595], [86.1051025391, -46.6733131409, -79.7761001587, 22.5463790894, -38.5483207703, -3.32258534431, 4.08741855621, 54.833442688, 113.825782776, 54.7556343079, -9.06104850769, -46.9454116821, -35.586807251], [156.935256958, -5.97138929367, -128.866531372, -4.36660528183, -34.2108383179, -19.5675468445, 0.659618675709, 2.56160736084, 54.7556343079, 111.881637573, 46.5355262756, -16.0431861877, -27.1926288605], [168.419586182, 30.0054931641, -97.9660949707, -16.5112895966, -44.901714325, 3.80581045151, 3.75813436508, -13.6787614822, -9.06104850769, 46.5355262756, 99.0524368286, 48.9476356506, -0.939219295979], [126.921409607, 55.3103790283, -60.6714057922, -15.9429473877, -5.94664669037, -0.830644249916, -7.83743524551, -30.1567516327, -46.9454116821, -16.0431861877, 48.9476356506, 97.7315063477, 51.4577026367], [112.091796875, 45.2621421814, -69.5295181274, -8.90474033356, 2.57055687904, 2.11642718315, -10.4236049652, -26.9033584595, -35.586807251, -27.1926288605, -0.939219295979, 51.4577026367, 93.5455169678]],
        "icov": [[0.0073418947868, -0.0070138531737, 0.0081600304693, -0.00778862927109, 0.00861134938896, -0.00597934098914, 0.00549217220396, -0.00385557976551, 0.00449829967692, -0.00361116230488, 0.00348364771344, -0.00314283627085, 0.00174696091563], [-0.0070138531737, 0.0117144053802, -0.00676828064024, 0.010641053319, -0.00920156668872, 0.00914405286312, -0.00635895179585, 0.0059489919804, -0.0049845315516, 0.00614883331582, -0.00482223695144, 0.00294553418644, -0.00201055337675], [0.0081600304693, -0.00676828064024, 0.0107172848657, -0.0075570740737, 0.00809550099075, -0.00695858569816, 0.00643359962851, -0.00459092482924, 0.00587786315009, -0.00256025814451, 0.00387456896715, -0.00309185031801, 0.00330650270917], [-0.00778862927109, 0.010641053319, -0.0075570740737, 0.0152016719803, -0.00999405886978, 0.00661805691198, -0.00691667338833, 0.00753687927499, -0.00710060913116, 0.00658021774143, -0.00372646865435, 0.00318434392102, -0.00104149768595], [0.00861134938896, -0.00920156668872, 0.00809550099075, -0.00999405886978, 0.0165842343122, -0.00748462975025, 0.00861866306514, -0.00494116079062, 0.00727947009727, -0.00674073258415, 0.00759182777256, -0.00497233914211, 0.00207350263372], [-0.00597934098914, 0.00914405286312, -0.00695858569816, 0.00661805691198, -0.00748462975025, 0.0173339936882, -0.0110994772986, 0.008480518125, -0.00766867073253, 0.00834001228213, -0.0075567481108, 0.00415564374998, -0.00364081514999], [0.00549217220396, -0.00635895179585, 0.00643359962851, -0.00691667338833, 0.00861866306514, -0.0110994772986, 0.0183540862054, -0.0145135046914, 0.0118977725506, -0.00809854548424, 0.00586635200307, -0.00307478988543, 0.00242695584893], [-0.00385557976551, 0.0059489919804, -0.00459092482924, 0.00753687927499, -0.00494116079062, 0.008480518125, -0.0145135046914, 0.023950714618, -0.0163322146982, 0.0106044588611, -0.00500543694943, 0.00260600168258, -0.000352765957359], [0.00449829967692, -0.0049845315516, 0.00587786315009, -0.00710060913116, 0.00727947009727, -0.00766867073253, 0.0118977725506, -0.0163322146982, 0.0278754606843, -0.0154470941052, 0.00906259380281, 0.000314089673338, 0.0033490548376], [-0.00361116230488, 0.00614883331582, -0.00256025814451, 0.00658021774143, -0.00674073258415, 0.00834001228213, -0.00809854548424, 0.0106044588611, -0.0154470941052, 0.0265810135752, -0.0171750299633, 0.00910883396864, -0.00111331953667], [0.00348364771344, -0.00482223695144, 0.00387456896715, -0.00372646865435, 0.00759182777256, -0.0075567481108, 0.00586635200307, -0.00500543694943, 0.00906259380281, -0.0171750299633, 0.0299888439476, -0.0189074613154, 0.00901730917394], [-0.00314283627085, 0.00294553418644, -0.00309185031801, 0.00318434392102, -0.00497233914211, 0.00415564374998, -0.00307478988543, 0.00260600168258, 0.000314089673338, 0.00910883396864, -0.0189074613154, 0.0293887574226, -0.0127934869379], [0.00174696091563, -0.00201055337675, 0.00330650270917, -0.00104149768595, 0.00207350263372, -0.00364081514999, 0.00242695584893, -0.000352765957359, 0.0033490548376, -0.00111331953667, 0.00901730917394, -0.0127934869379, 0.0202007591724]]
    },
    "spectral_contrast_coeffs": {
        "max": [-0.333348184824, -0.400800794363, -0.468272805214, -0.591313958168, -0.657780170441, -0.600119709969],
        "mean": [-0.603941500187, -0.680458188057, -0.72665399313, -0.78663957119, -0.803807973862, -0.779225230217],
        "min": [-0.94009500742, -0.946812927723, -0.917454361916, -0.899647593498, -0.89306807518, -0.858366727829],
        "stdev": [0.0822545662522, 0.0934172570705, 0.0738088339567, 0.0517482981086, 0.0475674569607, 0.0599488057196]
    },
    "spectral_contrast_valleys": {
        "max": [-6.01539611816, -4.8809223175, -5.67884159088, -6.49395608902, -6.64957666397, -10.4893379211],
        "mean": [-7.64934492111, -6.79092502594, -7.76701068878, -8.19301605225, -8.54963207245, -11.5724744797],
        "min": [-9.53132820129, -8.64064788818, -9.54119300842, -10.1201086044, -10.1746425629, -13.397354126],
        "stdev": [0.52945959568, 0.754367649555, 0.821367919445, 0.790846943855, 0.706989884377, 0.158463701606]
    }
},
"rhythm": {
    "beats_count": 67,
    "beats_loudness": {
        "max": 0.0531806983054,
        "mean": 0.0248928815126,
        "min": 0.00202124682255,
        "stdev": 0.0154193015769
    },
    "bpm": 118.291786194,
    "bpm_histogram_first_peak_bpm": 117,
    "bpm_histogram_first_peak_weight": 0.361111164093,
    "bpm_histogram_second_peak_bpm": 123,
    "bpm_histogram_second_peak_spread": 0.25,
    "bpm_histogram_second_peak_weight": 0.181818187237,
    "danceability": 1.01443064213,
    "onset_rate": 2.52246069908,
    "beats_loudness_band_ratio": {
        "max": [0.665916979313, 0.953077197075, 0.879434943199, 0.906651139259, 0.204422831535, 0.0710070505738],
        "mean": [0.123139128089, 0.375728994608, 0.400657504797, 0.14607898891, 0.0341449193656, 0.00797477550805],
        "min": [0.00707761617377, 0.0221645496786, 0.0207173842937, 0.00553328311071, 0.00040355353849, 0.000236103063799],
        "stdev": [0.139418959618, 0.255524724722, 0.261975228786, 0.166671425104, 0.0406679026783, 0.01308675576]
    },
    "beats_position": [0.371519267559, 0.754648506641, 1.1261677742, 1.50929701328, 1.88081634045, 2.2523355484, 2.62385487556, 2.9837641716, 3.34367346764, 3.7151927948, 4.07510185242, 4.446621418, 4.96907043457, 5.47990942001, 5.9675283432, 6.45514726639, 6.94276618958, 7.44199514389, 7.94122457504, 8.45206356049, 8.95129203796, 9.45052146912, 9.94974994659, 10.4605894089, 10.9714279175, 11.4822673798, 11.9931058884, 12.5039453506, 13.0031747818, 13.5140132904, 14.0132427216, 14.5240812302, 15.0233106613, 15.5341491699, 16.0449886322, 16.5558280945, 17.0666656494, 17.5775051117, 18.088344574, 18.5875740051, 19.0868015289, 19.5976409912, 20.1084804535, 20.6193199158, 21.153377533, 21.6874370575, 22.221496582, 22.7323360443, 23.2431735992, 23.7540130615, 24.2416324615, 24.7524719238, 25.2633094788, 25.7625389099, 26.2617683411, 26.7493877411, 27.2370071411, 27.7246246338, 28.2122440338, 28.6998634338, 29.1758728027, 29.6518821716, 30.1394996643, 30.6155090332, 31.1031284332, 31.5791378021, 32.0667572021],
