{
"metadata": {
    "version": {
        "essentia": "2.1-beta5",
        "essentia_git_sha": "Undefined",
        "extractor": "music 2.0"
    },
    "audio_properties": {
        "analysis": {
            "equal_loudness": 0,
            "length": 29.0017242432,
            "sample_rate": 44100,
            "start_time": 146.239273071,
            "downmix": "mix"
        },
        "bit_rate": 192000,
        "length": 208.074020386,
        "lossless": 0,
        "number_channels": 2,
        "replay_gain": -7.40740394592,
        "sample_rate": 48000,
        "codec": "mp3",
        "md5_encoded": "5c3ab210c9dc6154cce08a1accf35fea"
    },
    "tags": {
        "file_name": "Switzerland_Mein Ruf Nach Dir_Piera Martell.mp3",
        "encoding": ["Lavf58.29.100"]
    }
},
"lowlevel": {
    "average_loudness": 0.967628538609,
    "barkbands_crest": {
        "max": 20.1285228729,
        "mean": 7.7078795433,
        "min": 2.78737545013,
        "stdev": 3.31336569786
    },
    "barkbands_flatness_db": {
        "max": 0.328835338354,
        "mean": 0.246758252382,
        "min": 0.127826407552,
        "stdev": 0.0267384108156
    },
    "barkbands_kurtosis": {
        "max": 7.21403217316,
        "mean": 0.00777546409518,
        "min": -1.73820972443,
        "stdev": 1.36043000221
    },
    "barkbands_skewness": {
        "max": 2.73655939102,
        "mean": -0.0111584328115,
        "min": -2.14311027527,
        "stdev": 0.516169786453
    },
    "barkbands_spread": {
        "max": 48.4396705627,
        "mean": 20.4292201996,
        "min": 5.08339071274,
        "stdev": 7.54995393753
    },
    "dissonance": {
        "max": 0.500000119209,
        "mean": 0.478107959032,
        "min": 0.364290356636,
        "stdev": 0.0169539730996
    },
    "dynamic_complexity": 1.61463201046,
    "erbbands_crest": {
        "max": 25.6532669067,
        "mean": 10.0933437347,
        "min": 3.49334454536,
        "stdev": 4.17499065399
    },
    "erbbands_flatness_db": {
        "max": 0.378311008215,
        "mean": 0.308947861195,
        "min": 0.233286246657,
        "stdev": 0.026562679559
    },
    "erbbands_kurtosis": {
        "max": 15.4039230347,
        "mean": 0.569925546646,
        "min": -1.51964092255,
        "stdev": 1.48363363743
    },
    "erbbands_skewness": {
        "max": 2.3017282486,
        "mean": 0.0186541732401,
        "min": -2.93830490112,
        "stdev": 0.755447685719
    },
    "erbbands_spread": {
        "max": 50.0893325806,
        "mean": 20.7997055054,
        "min": 6.3061876297,
        "stdev": 7.96015024185
    },
    "hfc": {
        "max": 86.859916687,
        "mean": 30.8120288849,
        "min": 3.2200357914,
        "stdev": 14.5260734558
    },
    "loudness_ebu128": {
        "integrated": -16.2593383789,
        "loudness_range": 1.74744606018,
        "momentary": {
            "max": -13.8456983566,
            "mean": -16.5005722046,
            "min": -22.0614299774,
            "stdev": 1.52870702744
        },
        "short_term": {
            "max": -14.7732019424,
            "mean": -16.250497818,
            "min": -18.2344417572,
            "stdev": 0.592882871628
        }
    },
    "melbands_crest": {
        "max": 25.9404392242,
        "mean": 9.78396987915,
        "min": 3.35265994072,
        "stdev": 3.73861289024
    },
    "melbands_flatness_db": {
        "max": 0.4163005054,
        "mean": 0.290447741747,
        "min": 0.171242296696,
        "stdev": 0.0286557674408
    },
    "melbands_kurtosis": {
        "max": 20.7694625854,
        "mean": 0.565414786339,
        "min": -1.74377453327,
        "stdev": 1.99906861782
    },
    "melbands_skewness": {
        "max": 4.05242681503,
        "mean": 0.49903896451,
        "min": -0.903348326683,
        "stdev": 0.658077895641
    },
    "melbands_spread": {
        "max": 106.674697876,
        "mean": 39.1189346313,
        "min": 8.70552349091,
        "stdev": 14.4471511841
    },
    "pitch_salience": {
        "max": 0.779988825321,
        "mean": 0.560473263264,
        "min": 0.352004945278,
        "stdev": 0.0663979575038
    },
    "silence_rate_20dB": {
        "max": 1,
        "mean": 1,
        "min": 1,
        "stdev": 0
    },
    "silence_rate_30dB": {
        "max": 1,
        "mean": 1,
        "min": 1,
        "stdev": 0
    },
    "silence_rate_60dB": {
        "max": 0,
        "mean": 0,
        "min": 0,
        "stdev": 0
    },
    "spectral_centroid": {
        "max": 3330.04345703,
        "mean": 2083.59423828,
        "min": 640.637145996,
        "stdev": 409.084320068
    },
    "spectral_complexity": {
        "max": 47,
        "mean": 28.3432006836,
        "min": 11,
        "stdev": 6.45326185226
    },
    "spectral_decrease": {
        "max": -6.76132705379e-10,
        "mean": -4.9793520418e-09,
        "min": -1.05183728394e-08,
        "stdev": 1.9733275014e-09
    },
    "spectral_energy": {
        "max": 0.0450265258551,
        "mean": 0.0215879753232,
        "min": 0.00290960236453,
        "stdev": 0.00859494972974
    },
    "spectral_energyband_high": {
        "max": 0.00510427635163,
        "mean": 0.00086767465109,
        "min": 3.71015557903e-05,
        "stdev": 0.000862555578351
    },
    "spectral_energyband_low": {
        "max": 0.0103997867554,
        "mean": 0.00145799468737,
        "min": 2.47100506385e-05,
        "stdev": 0.00129994412418
    },
    "spectral_energyband_middle_high": {
        "max": 0.0400179699063,
        "mean": 0.0153652010486,
        "min": 0.000947408843786,
        "stdev": 0.0084536364302
    },
    "spectral_energyband_middle_low": {
        "max": 0.017187198624,
        "mean": 0.00445623649284,
        "min": 0.000631154049188,
        "stdev": 0.00282260985114
    },
    "spectral_entropy": {
        "max": 7.70114994049,
        "mean": 7.2857632637,
        "min": 6.60477209091,
        "stdev": 0.135989457369
    },
    "spectral_flux": {
        "max": 0.164420187473,
        "mean": 0.0851109623909,
        "min": 0.0269787665457,
        "stdev": 0.0251078531146
    },
    "spectral_kurtosis": {
        "max": 22.7987003326,
        "mean": 4.48551988602,
        "min": -1.20165085793,
        "stdev": 3.88254714012
    },
    "spectral_rms": {
        "max": 0.00662784418091,
        "mean": 0.00448408862576,
        "min": 0.00168482528534,
        "stdev": 0.000976899638772
    },
    "spectral_rolloff": {
        "max": 4457.37304688,
        "mean": 2310.23461914,
        "min": 344.53125,
        "stdev": 739.393920898
    },
    "spectral_skewness": {
        "max": 3.23606610298,
        "mean": 0.714953064919,
        "min": -0.42901584506,
        "stdev": 0.405395328999
    },
    "spectral_spread": {
        "max": 3834878.25,
        "mean": 2090018.875,
        "min": 1402983,
        "stdev": 250758.1875
    },
    "spectral_strongpeak": {
        "max": 11.6051807404,
        "mean": 2.42576885223,
        "min": 0.0478950515389,
        "stdev": 1.92474246025
    },
    "zerocrossingrate": {
        "max": 0.1328125,
        "mean": 0.0766062512994,
        "min": 0.02490234375,
        "stdev": 0.0166622810066
    },
    "barkbands": {
        "max": [9.43213235587e-05, 0.00376795697957, 0.00761935906485, 0.00441602431238, 0.00715060252696, 0.00669433455914, 0.00775925116614, 0.00931171234697, 0.0104253459722, 0.013831675984, 0.026296755299, 0.0280105099082, 0.0178387630731, 0.0176175571978, 0.0188423972577, 0.01160315983, 0.0172549206764, 0.0107096070424, 0.00494733965024, 0.00585260149091, 0.00371835636906, 0.000299605366308, 1.5481950868e-06, 1.16889543733e-06, 9.65218305282e-07, 8.53753590491e-07, 8.59791441599e-07],
        "mean": [2.09829977393e-06, 0.0002634524717, 0.000834987440612, 0.000538610212971, 0.000794852094259, 0.000709129788447, 0.000742730975617, 0.000739264360163, 0.000573479628656, 0.00164776633028, 0.00343409529887, 0.00247205537744, 0.00118819007184, 0.00137782050297, 0.00151909294073, 0.000773314095568, 0.00113920145668, 0.000919728074223, 0.000757992675062, 0.00061663944507, 0.000522162416019, 2.13072726183e-05, 2.5475466181e-09, 1.87361393067e-09, 1.59316582149e-09, 1.43820211296e-09, 1.46931966594e-09],
        "min": [4.06981293111e-09, 5.36631546311e-07, 3.03321712636e-06, 4.39143104813e-06, 2.14196916204e-05, 1.02624208012e-05, 8.29854616313e-06, 7.26102371118e-06, 9.53583366936e-06, 2.03630479518e-05, 1.00170136648e-05, 1.10024311653e-05, 6.6347874963e-06, 1.51865597218e-05, 4.59157308796e-05, 3.3959888242e-05, 1.56723835971e-05, 2.24581999646e-05, 2.03621893888e-05, 2.3549380785e-05, 1.05485278254e-05, 6.72169804261e-08, 8.97103485248e-12, 8.60382945445e-12, 1.51945730303e-11, 2.2459104021e-11, 2.64040889847e-11],
        "stdev": [4.06844173995e-06, 0.000379241566407, 0.0009681477095, 0.000576691352762, 0.00084943784168, 0.000859303050674, 0.00105819921009, 0.00106437806971, 0.000993427471258, 0.00224185967818, 0.00473918812349, 0.00350641133264, 0.00177648488898, 0.00169421860483, 0.00182457314804, 0.0010859046597, 0.00201373407617, 0.00118649867363, 0.000635826378129, 0.000590200652368, 0.00064839690458, 2.641867286e-05, 4.46475709737e-08, 3.35650831573e-08, 2.76227094531e-08, 2.43708484504e-08, 2.45077114158e-08]
    },
    "erbbands": {
        "max": [0.0177743956447, 1.23399376869, 7.86427783966, 10.386469841, 28.6035385132, 33.2640571594, 23.1255626678, 67.6029205322, 123.096565247, 179.030502319, 223.668624878, 192.939361572, 320.174682617, 801.579711914, 1257.34191895, 1053.66113281, 933.116088867, 732.023986816, 1106.90356445, 653.211242676, 704.945922852, 1174.23327637, 548.16809082, 441.210083008, 254.767593384, 235.33833313, 195.339447021, 106.115142822, 11.3534517288, 0.327413856983, 0.0426015667617, 0.027728414163, 0.0180458724499, 0.0113100130111, 0.00664237467572, 0.00350639503449, 0.00157583050895, 0.000548137759324, 0.000131356704514, 6.14542805124e-05],
        "mean": [0.00180573877878, 0.0917479544878, 0.847499012947, 1.59926939011, 2.1303164959, 2.67021536827, 2.98596596718, 6.45044565201, 10.2983341217, 14.809923172, 15.072716713, 11.9559755325, 31.3516254425, 94.7048568726, 136.163665771, 96.6332778931, 59.2566986084, 71.0983963013, 73.2557449341, 67.1951065063, 45.8085327148, 59.0663108826, 49.0063095093, 51.7705497742, 31.2226028442, 28.0319499969, 27.2951431274, 13.4309215546, 1.27774608135, 0.0409990884364, 0.00346401985735, 0.000668948865496, 0.000223057766561, 0.000104842867586, 5.9009558754e-05, 3.48287030647e-05, 1.86721754289e-05, 8.04756564321e-06, 1.44494024426e-05, 2.79095802398e-05],
        "min": [2.54502701864e-05, 0.000784321688116, 0.00489522423595, 0.0243259295821, 0.0625424832106, 0.0853943601251, 0.0698321536183, 0.0713905543089, 0.178634479642, 0.343496441841, 0.20400339365, 0.333365529776, 1.01693034172, 0.881928563118, 0.824652493, 0.468353569508, 0.449220001698, 1.06507706642, 2.73949742317, 2.48724865913, 1.58550858498, 1.0128813982, 1.24582231045, 1.73189175129, 1.40180599689, 1.04808270931, 0.811484754086, 0.30422347784, 0.0644907727838, 0.00208892254159, 0.000184875694686, 4.04561396863e-05, 1.6996425984e-05, 8.29419695947e-06, 5.42976249562e-06, 3.57974909093e-06, 2.02142655326e-06, 6.57872590182e-07, 1.91771187019e-06, 3.73798616238e-06],
        "stdev": [0.00196967110969, 0.122557111084, 0.994506180286, 1.4726241827, 2.67070007324, 3.1209666729, 2.97633934021, 8.83940505981, 14.2424955368, 21.3693084717, 20.307094574, 19.682756424, 32.6529388428, 125.235565186, 178.594604492, 127.129989624, 83.4366760254, 80.6182174683, 95.9077987671, 67.5617218018, 57.0847969055, 109.883201599, 69.4290084839, 44.8897590637, 25.233959198, 25.3996887207, 30.6999454498, 17.80027771, 1.40775263309, 0.0438039079309, 0.00368308462203, 0.00097784854006, 0.000536511652172, 0.000327016925439, 0.00019073850126, 0.000100500292319, 4.52383173979e-05, 1.59260489454e-05, 6.79891854816e-06, 1.1223995898e-05]
    },
    "gfcc": {
        "mean": [-65.9342269897, 176.02293396, -228.713897705, 29.5455818176, -20.992603302, -46.8218765259, 17.7744617462, -30.3235054016, -24.7619895935, -2.05323624611, -19.3410987854, -11.4854660034, -0.378711909056],
        "cov": [[622.686645508, -244.704666138, -140.821487427, 10.7140169144, -64.9814605713, 14.1380901337, 33.7063217163, 24.5647621155, -10.1493711472, 7.72750139236, -2.61412835121, -12.1647291183, -21.6558246613], [-244.704666138, 317.989868164, 173.373001099, 2.01848363876, 86.1522064209, 10.7401714325, 14.8108577728, 0.920768260956, 4.53165864944, 0.37694939971, 4.52736759186, -19.2197914124, -3.19157552719], [-140.821487427, 173.373001099, 182.207046509, 86.7782211304, 25.3793563843, -26.7254562378, -17.066576004, 28.1249599457, 33.8850021362, 0.0655063614249, -11.2576990128, -6.97348880768, -5.81984043121], [10.7140169144, 2.01848363876, 86.7782211304, 157.329849243, 2.14678931236, -48.7852287292, -36.455406189, 49.82056427, 71.1761779785, -8.53102302551, -38.2192573547, 1.39645040035, -7.70804452896], [-64.9814605713, 86.1522064209, 25.3793563843, 2.14678931236, 193.981140137, 99.5297470093, 60.9444236755, 42.5125694275, -17.6980934143, -11.5272893906, 11.7311840057, -2.21985793114, 5.02312660217], [14.1380901337, 10.7401714325, -26.7254562378, -48.7852287292, 99.5297470093, 236.213775635, 150.883926392, -61.6482620239, -73.9228973389, -0.591879725456, 17.0607948303, -3.92339658737, 5.72809553146], [33.7063217163, 14.8108577728, -17.066576004, -36.455406189, 60.9444236755, 150.883926392, 138.973434448, -1.15136837959, -46.3135490417, -1.54516220093, 16.5864887238, -10.7351055145, -0.85692948103], [24.5647621155, 0.920768260956, 28.1249599457, 49.82056427, 42.5125694275, -61.6482620239, -1.15136837959, 142.558364868, 77.5833740234, 0.355025023222, -13.5061407089, -5.01438903809, -8.18724536896], [-10.1493711472, 4.53165864944, 33.8850021362, 71.1761779785, -17.6980934143, -73.9228973389, -46.3135490417, 77.5833740234, 114.517036438, 20.5859165192, -27.1700649261, 2.51656365395, -10.7457256317], [7.72750139236, 0.37694939971, 0.0655063614249, -8.53102302551, -11.5272893906, -0.591879725456, -1.54516220093, 0.355025023222, 20.5859165192, 50.8614807129, 32.8768501282, -4.79620599747, -5.11920166016], [-2.61412835121, 4.52736759186, -11.2576990128, -38.2192573547, 11.7311840057, 17.0607948303, 16.5864887238, -13.5061407089, -27.1700649261, 32.8768501282, 66.1202850342, 24.7093334198, -1.78142106533], [-12.1647291183, -19.2197914124, -6.97348880768, 1.39645040035, -2.21985793114, -3.92339658737, -10.7351055145, -5.01438903809, 2.51656365395, -4.79620599747, 24.7093334198, 54.7792282104, 19.0521392822], [-21.6558246613, -3.19157552719, -5.81984043121, -7.70804452896, 5.02312660217, 5.72809553146, -0.85692948103, -8.18724536896, -10.7457256317, -5.11920166016, -1.78142106533, 19.0521392822, 46.7143745422]],
        "icov": [[0.00278223026544, 0.000114745416795, 0.00255850632675, -0.00215281103738, 0.00097578758141, 0.000215813546674, -0.000717853195965, -0.00321742030792, 0.00637634797022, -0.00760159920901, 0.00675087748095, -0.00448323693126, 0.00327233225107], [0.000114745416795, 0.0266979150474, -0.0300493687391, 0.0191384460777, -0.0172371976078, 0.0197193343192, -0.0221622381359, 0.0304592531174, -0.0372799560428, 0.0322249233723, -0.0269189365208, 0.0245388131589, -0.010419877246], [0.00255850632675, -0.0300493687391, 0.0447477437556, -0.0289346575737, 0.0197339318693, -0.0222485773265, 0.0246459525079, -0.0347888320684, 0.0418673828244, -0.0338481143117, 0.0247629843652, -0.0225582513958, 0.0109607428312], [-0.00215281103738, 0.0191384460777, -0.0289346575737, 0.0288938544691, -0.0149508509785, 0.0164921674877, -0.0169358663261, 0.0229570884258, -0.0298975799233, 0.0182255767286, -0.00696873199195, 0.00864395871758, -0.0039006464649], [0.00097578758141, -0.0172371976078, 0.0197339318693, -0.0149508509785, 0.0326149873435, -0.0443728342652, 0.0415286906064, -0.0324462279677, 0.00287886708975, 0.031222993508, -0.0392704233527, 0.0245704967529, -0.0111592346802], [0.000215813546674, 0.0197193343192, -0.0222485773265, 0.0164921674877, -0.0443728342652, 0.0878093540668, -0.0862470269203, 0.0454651601613, 0.0226525906473, -0.0856066644192, 0.098428234458, -0.0675239712, 0.0289093963802], [-0.000717853195965, -0.0221622381359, 0.0246459525079, -0.0169358663261, 0.0415286906064, -0.0862470269203, 0.0957745015621, -0.0510774552822, -0.00694966223091, 0.0679401755333, -0.0820494741201, 0.0565045848489, -0.0229832231998], [-0.00321742030792, 0.0304592531174, -0.0347888320684, 0.0229570884258, -0.0324462279677, 0.0454651601613, -0.0510774552822, 0.0745356678963, -0.0825846269727, 0.0701590925455, -0.0606536529958, 0.0492214374244, -0.0236125569791], [0.00637634797022, -0.0372799560428, 0.0418673828244, -0.0298975799233, 0.00287886708975, 0.0226525906473, -0.00694966223091, -0.0825846269727, 0.218194395304, -0.286858022213, 0.284837216139, -0.210645288229, 0.0985313653946], [-0.00760159920901, 0.0322249233723, -0.0338481143117, 0.0182255767286, 0.031222993508, -0.0856066644192, 0.0679401755333, 0.0701590925455, -0.286858022213, 0.460375785828, -0.45904353261, 0.332623958588, -0.150549173355], [0.00675087748095, -0.0269189365208, 0.0247629843652, -0.00696873199195, -0.0392704233527, 0.098428234458, -0.0820494741201, -0.0606536529958, 0.284837216139, -0.45904353261, 0.487341284752, -0.349377989769, 0.1595364362], [-0.00448323693126, 0.0245388131589, -0.0225582513958, 0.00864395871758, 0.0245704967529, -0.0675239712, 0.0565045848489, 0.0492214374244, -0.210645288229, 0.332623958588, -0.349377989769, 0.273865282536, -0.123506583273], [0.00327233225107, -0.010419877246, 0.0109607428312, -0.0039006464649, -0.0111592346802, 0.0289093963802, -0.0229832231998, -0.0236125569791, 0.0985313653946, -0.150549173355, 0.1595364362, -0.123506583273, 0.0786511600018]]
    },
    "melbands": {
        "max": [0.000540847249795, 0.00308160693385, 0.00174297683407, 0.00176452903543, 0.000649976020213, 0.00164187233895, 0.00166295631789, 0.00219841510989, 0.00233071390539, 0.00104094983544, 0.00156341213733, 0.00312512833625, 0.00397509709001, 0.00328787392937, 0.00347397080623, 0.00195073580835, 0.00159255124163, 0.00156254600734, 0.000892730022315, 0.00078554416541, 0.000782505376264, 0.00154217961244, 0.000963674334344, 0.000447032885859, 0.000390016066376, 0.000175829263753, 0.000202226132387, 0.000179535461939, 0.000189203492482, 0.000127970153699, 5.71960372326e-05, 5.88169723414e-06, 6.83758614173e-08, 3.2233966607e-08, 2.47109532836e-08, 1.94757561189e-08, 1.57135033874e-08, 1.29038557617e-08, 1.0745971224e-08, 9.07115893511e-09],
        "mean": [4.05312275689e-05, 0.000332839961629, 0.000279018335277, 0.000182833362487, 0.000100923956779, 0.00014841913071, 0.00015870021889, 0.000164783923537, 0.000122462719446, 7.28460217942e-05, 0.000154062974616, 0.000359716243111, 0.000465659191832, 0.000306483532768, 0.000197389381356, 0.000105907573015, 0.000135928232339, 0.000110657063487, 0.000114334165119, 6.84835249558e-05, 5.15070496476e-05, 6.34993848507e-05, 5.17571861565e-05, 4.20844298787e-05, 4.30134277849e-05, 2.33754708461e-05, 2.06465192605e-05, 1.79511644092e-05, 1.99864825845e-05, 1.17090221465e-05, 6.13614292888e-06, 5.87249189721e-07, 5.18488585399e-10, 5.73398273307e-11, 3.94688656757e-11, 3.07331868288e-11, 2.50024150689e-11, 2.08024292236e-11, 1.75070305475e-11, 1.49264611088e-11],
        "min": [1.49471560462e-07, 2.54863607552e-06, 9.41538746702e-06, 7.15865417078e-06, 2.47848879553e-06, 1.4673557871e-06, 2.11439873965e-06, 1.32539764763e-06, 1.18725790799e-06, 2.06624713428e-06, 2.46699414674e-06, 2.24432960749e-06, 1.39678331834e-06, 1.55601151164e-06, 5.77920786782e-07, 1.15564023417e-06, 8.76529384186e-07, 4.08561027143e-06, 3.56773352905e-06, 1.48142441958e-06, 1.36580661092e-06, 1.02299759419e-06, 7.11616564786e-07, 5.57007240332e-07, 9.83220843409e-07, 2.66506134494e-07, 2.28824490023e-07, 3.54905296263e-07, 1.8190834794e-07, 1.68042944892e-07, 1.1984806747e-07, 4.16164880335e-09, 1.48798020346e-12, 1.46904745855e-13, 1.54738120104e-13, 1.09769208697e-13, 1.11161940926e-13, 8.4811620075e-14, 1.21276117404e-13, 1.28702170449e-13],
        "stdev": [5.58965693926e-05, 0.000361901766155, 0.000236906445934, 0.000208535813726, 9.56864460022e-05, 0.000196537919692, 0.000214619984035, 0.000239644286921, 0.000182888979907, 0.000117953284644, 0.000170942032128, 0.000498892040923, 0.000634572876152, 0.000414311827626, 0.000315137323923, 0.000149125335156, 0.000170589206391, 0.000154668596224, 0.00013042462524, 8.57086488395e-05, 7.29250677978e-05, 0.000124343874631, 0.000106795414467, 4.98369809065e-05, 4.07916413678e-05, 2.06293880183e-05, 2.06830864045e-05, 1.86753786693e-05, 2.49044041993e-05, 1.525517564e-05, 8.74804572959e-06, 6.91441584877e-07, 4.06170386213e-09, 9.33160326788e-10, 7.12204073494e-10, 5.60474444633e-10, 4.5152792616e-10, 3.70276198591e-10, 3.07984360237e-10, 2.59728266672e-10]
    },
    "melbands128": {
        "max": [4.8440964747e-05, 5.84824520047e-05, 0.000305828551063, 0.00261474540457, 0.00474595092237, 0.00341573706828, 0.00253677135333, 0.00258140661754, 0.00384158408269, 0.00261256447993, 0.00223388103768, 0.000892828567885, 0.0011411421001, 0.00114818650763, 0.00176456943154, 0.00321297207847, 0.00383819779381, 0.00282948976383, 0.00223256577738, 0.00303869135678, 0.00359316077083, 0.00270277401432, 0.00368265621364, 0.00434760283679, 0.00224741012789, 0.000995903275907, 0.00397165352479, 0.00207561836578, 0.00256931013428, 0.00409431941807, 0.00652732886374, 0.00913305953145, 0.00804391968995, 0.00904550589621, 0.00841415394098, 0.00503688119352, 0.00473679788411, 0.00613001640886, 0.00384471798316, 0.0049258293584, 0.00150705745909, 0.00264475937001, 0.00294981803745, 0.00397400511429, 0.00197087833658, 0.00222313869745, 0.00460630841553, 0.00174524250906, 0.00193488365039, 0.00144470075611, 0.00110568921082, 0.00159589783289, 0.00204975553788, 0.000701441662386, 0.00203158310615, 0.00337437097915, 0.00234026112594, 0.00242836377583, 0.00192688207608, 0.000960084318649, 0.000787656987086, 0.000829217489809, 0.00101238454226, 0.000440026022261, 0.000677049160004, 0.00021448667394, 0.000349483801983, 0.000542627181858, 0.000186712291907, 0.000297391816275, 0.000266503513558, 0.000470207072794, 0.000432037806604, 0.000387893145671, 0.00020014452457, 0.000324579072185, 8.76353296917e-05, 0.000173303807969, 0.000111028966785, 3.3997821447e-05, 7.63489424571e-06, 1.52231473294e-06, 5.18273957084e-08, 4.36115357161e-08, 3.82721161429e-08, 3.40741870275e-08, 3.04767695525e-08, 2.74704969883e-08, 2.4811038557e-08, 2.25607799109e-08, 2.05217265403e-08, 1.88066380247e-08, 1.72771148499e-08, 1.59104516229e-08, 1.46799568057e-08, 1.35901094822e-08, 1.26274866119e-08, 1.17456755433e-08, 1.09263114112e-08, 1.02117247991e-08, 9.52886392014e-09, 8.95986040916e-09, 8.42556246994e-09, 7.8990476382e-09, 7.46444772659e-09, 7.06752212309e-09, 6.68171429297e-09, 6.30488727893e-09, 5.98627547532e-09, 5.711780382e-09, 5.43392708607e-09, 5.17648190979e-09, 4.94983742882e-09, 4.75437245129e-09, 4.54817916662e-09, 4.37605107706e-09, 4.21762313962e-09, 4.06981603973e-09, 3.94373111945e-09, 3.82635034768e-09, 3.71113340059e-09, 3.61565311024e-09, 3.53736484549e-09, 3.47472606244e-09, 3.41245454116e-09, 3.35979244426e-09, 3.33030603095e-09, 3.3087788065e-09],
        "mean": [1.35926995881e-06, 4.19028083343e-06, 1.95512220671e-05, 0.000176020257641, 0.000414929381805, 0.000386704836274, 0.000354116375092, 0.000217919878196, 0.000205361458939, 0.000228038290516, 0.000135656126076, 9.2756250524e-05, 0.000107112835394, 8.77176862559e-05, 0.000109659195004, 0.000222232367378, 0.000188356178114, 0.000131529057398, 0.000139937896165, 0.00017861345259, 0.000180347458809, 0.000117098054034, 0.000124758065795, 0.00011830827134, 6.28835114185e-05, 4.41196207248e-05, 0.000110356399091, 0.00016991229495, 0.00017101202684, 0.000284724636003, 0.00044411921408, 0.000482946779812, 0.000461264047772, 0.000499171961565, 0.000330560927978, 0.000249717122642, 0.000250523269642, 0.000223848343012, 0.000149172003148, 0.000103543927253, 8.50558135426e-05, 0.000126452330733, 0.000143970668432, 0.000147883896716, 9.46989457589e-05, 0.000102378704469, 0.00013093893358, 0.000126707047457, 0.000105846069346, 7.68612298998e-05, 7.12105611456e-05, 4.84273514303e-05, 4.45641671831e-05, 4.68705256935e-05, 8.23280279292e-05, 5.59715044801e-05, 5.95939272898e-05, 6.16911056568e-05, 4.65876328235e-05, 3.93826958316e-05, 3.60813355655e-05, 4.45462392236e-05, 6.1696911871e-05, 3.26023582602e-05, 3.43314823112e-05, 1.90000955627e-05, 1.98025118152e-05, 2.55852810369e-05, 1.71471820067e-05, 2.09095687751e-05, 1.3785943338e-05, 2.01853035833e-05, 2.25230960496e-05, 2.27368018386e-05, 1.0224340258e-05, 1.73423995875e-05, 6.8553708843e-06, 1.09680386231e-05, 5.72599947191e-06, 2.70719351647e-06, 3.12030778105e-07, 9.47490530478e-09, 5.11578668316e-10, 1.19477913674e-10, 7.21577311791e-11, 6.19934450996e-11, 5.33727992358e-11, 4.49430145877e-11, 3.89392372513e-11, 3.54721495233e-11, 3.22793597407e-11, 2.97288756113e-11, 2.74092432778e-11, 2.52664850847e-11, 2.34469162835e-11, 2.17884668641e-11, 2.04248944147e-11, 1.90864598432e-11, 1.77651088284e-11, 1.6677782419e-11, 1.56363585274e-11, 1.47639730302e-11, 1.39130460625e-11, 1.31010194013e-11, 1.24082376318e-11, 1.17373428685e-11, 1.11448159729e-11, 1.05531685821e-11, 1.00380250986e-11, 9.5917388615e-12, 9.13876092856e-12, 8.72776677319e-12, 8.3571396331e-12, 8.03537531652e-12, 7.7099984383e-12, 7.43590952701e-12, 7.18099364694e-12, 6.94658002995e-12, 6.73700895418e-12, 6.54249137505e-12, 6.35550423053e-12, 6.2073653509e-12, 6.07762581581e-12, 5.96213139623e-12, 5.8263649981e-12, 5.67016919528e-12, 5.57639481466e-12, 5.53660112548e-12],
        "min": [6.51549314501e-10, 3.37685657215e-09, 2.92381585609e-08, 2.05680379395e-07, 2.37803234882e-07, 1.22800906865e-06, 2.37048061535e-06, 1.74875947323e-06, 1.66348968378e-06, 8.02173076409e-07, 9.36430808451e-07, 4.25803392545e-07, 7.58248859256e-07, 1.08091148832e-06, 4.84070881157e-07, 2.73925991223e-07, 6.50375227451e-07, 5.61128558729e-07, 9.58604346124e-07, 6.52247194921e-07, 6.93024276188e-07, 4.31693933933e-07, 8.34294951346e-07, 1.15079515695e-07, 1.30269043552e-07, 4.37672269982e-07, 4.23805886385e-07, 8.16939063952e-07, 4.41847390675e-07, 8.56382143866e-07, 7.40600853533e-07, 3.21339769016e-07, 5.165127277e-07, 1.19671142329e-07, 1.55107983346e-07, 2.14073452298e-07, 6.06418495863e-07, 2.99148780414e-07, 1.41231222273e-08, 2.01884553519e-08, 1.13365516086e-07, 8.40003053781e-08, 4.24863884518e-07, 6.32426122138e-07, 2.22074177714e-07, 1.91556708273e-07, 3.68088393543e-07, 2.47929023089e-07, 2.91601111257e-07, 1.0921263538e-07, 5.80679930806e-08, 1.16946139883e-07, 1.17930689214e-07, 4.52207800095e-08, 6.69711681667e-08, 7.55647491246e-08, 3.42740776205e-07, 1.38894250767e-07, 1.97073930508e-08, 1.76900698534e-08, 1.73029306438e-07, 3.46784702288e-07, 5.00042780516e-08, 1.76338645019e-07, 6.16510797968e-09, 2.88349717437e-08, 5.48569047965e-08, 2.31960992636e-08, 2.48262699287e-09, 9.62996971055e-09, 1.53666768199e-08, 2.13823647677e-09, 1.7797045615e-08, 5.18792653281e-09, 1.86970239291e-09, 2.21302673964e-08, 2.52266607603e-09, 4.02646627151e-09, 2.75935949645e-08, 1.48448924264e-08, 2.28137675418e-10, 1.04416831084e-11, 1.33120077461e-12, 4.63721671739e-13, 2.59237943612e-13, 1.2854306378e-13, 8.96184033016e-14, 1.2871633284e-13, 1.15210290852e-13, 1.08603799781e-13, 1.08204339043e-13, 7.67228755571e-14, 1.20800870934e-13, 9.52872560044e-14, 8.64726178032e-14, 8.3203924436e-14, 7.9124457908e-14, 7.74486133863e-14, 1.10315700802e-13, 8.47808016282e-14, 8.03654899247e-14, 1.17196413706e-13, 1.04153082101e-13, 9.54185122299e-14, 7.68345551571e-14, 9.44792340066e-14, 1.23139915148e-13, 1.01491182808e-13, 7.8120737418e-14, 9.71881808972e-14, 8.73795122629e-14, 8.9644505469e-14, 1.02554344682e-13, 1.0130891487e-13, 9.19291091818e-14, 9.18509382051e-14, 8.63211547597e-14, 9.21456243556e-14, 9.05402326463e-14, 9.00408694544e-14, 1.03324026581e-13, 8.92973913672e-14, 1.02122479852e-13, 7.24827573721e-14, 5.69442225578e-14, 3.00130505572e-14, 3.87223949398e-15, 1.69264962895e-16],
        "stdev": [2.34999538407e-06, 5.02474722452e-06, 2.84608686343e-05, 0.000260294531472, 0.000545826100279, 0.000434564804891, 0.000366546795703, 0.000256169354543, 0.00033110921504, 0.000302297092276, 0.000193921718164, 0.00010345307237, 0.00012547087681, 0.00011730974802, 0.000171907406184, 0.000377304386348, 0.000331693241606, 0.000253324746154, 0.000277631537756, 0.00031242321711, 0.000353886076482, 0.000197149303858, 0.000227647993597, 0.000305017572828, 0.000174623273779, 8.34164529806e-05, 0.000242341993726, 0.000226047064643, 0.000278500432614, 0.000556133629289, 0.000804157927632, 0.000991765293293, 0.000957717886195, 0.000966956315096, 0.000745513825677, 0.000473263848107, 0.000500039430335, 0.000489291036502, 0.000347996479832, 0.000266144110356, 0.000158175709657, 0.000231705984334, 0.000230487887166, 0.000293445889838, 0.000186499775737, 0.000204483629204, 0.000321570521919, 0.000205568852834, 0.0001733211393, 0.000128791783936, 0.000119444383017, 9.44339335547e-05, 0.000122501514852, 7.96691019787e-05, 0.000186036078958, 0.000179402137292, 0.000189091108041, 0.000202175957384, 0.000136643633596, 8.37449988467e-05, 6.69896471663e-05, 7.13677582098e-05, 8.52776865941e-05, 4.21590120823e-05, 5.42830166523e-05, 2.37225121964e-05, 2.5615812774e-05, 4.44541728939e-05, 2.05408705369e-05, 3.22215528286e-05, 1.95352531591e-05, 3.25713881466e-05, 4.09624371969e-05, 4.00375720346e-05, 1.5893152522e-05, 3.15546458296e-05, 1.03304519143e-05, 2.26017982641e-05, 1.10347200462e-05, 3.31856722369e-06, 6.4462778937e-07, 8.53758379549e-08, 3.55629192761e-09, 1.32585109558e-09, 1.1167988756e-09, 9.88329418306e-10, 8.82292738869e-10, 7.92590382215e-10, 7.15084880198e-10, 6.49703568723e-10, 5.90810622647e-10, 5.41134304033e-10, 4.96747920575e-10, 4.57233251261e-10, 4.21619572588e-10, 3.9011463504e-10, 3.62267410514e-10, 3.36837863157e-10, 3.13207709768e-10, 2.92538437918e-10, 2.72897315856e-10, 2.5653440483e-10, 2.41145353685e-10, 2.26013929794e-10, 2.13485340517e-10, 2.02037359065e-10, 1.90961024771e-10, 1.8013836256e-10, 1.70976843794e-10, 1.63101573913e-10, 1.55129908919e-10, 1.47748660528e-10, 1.4125400849e-10, 1.35654515399e-10, 1.29754845757e-10, 1.24816837421e-10, 1.20285795213e-10, 1.16058204713e-10, 1.12432861632e-10, 1.09067817278e-10, 1.05775194159e-10, 1.03058978018e-10, 1.0080213747e-10, 9.90034929038e-11, 9.72476751904e-11, 9.57475279617e-11, 9.4892510516e-11, 9.42783559554e-11]
    },
    "mfcc": {
        "mean": [-700.47265625, 224.635375977, -143.810531616, 73.9204101562, -31.9600772858, -5.80478429794, 35.6302108765, -35.8614273071, 22.5711154938, -15.9098672867, -11.5639753342, 10.0639228821, -20.6442279816],
        "cov": [[404.165374756, -2.47345972061, -238.881851196, 53.0896224976, -111.135681152, -14.6451234818, 60.2851104736, -40.5862121582, 35.9079475403, -13.5607156754, 11.8212461472, 37.5921974182, -38.9241828918], [-2.47345972061, 118.64099884, 77.7689819336, -29.4738197327, 23.8965587616, 26.2886581421, 31.9403114319, 14.4607925415, -20.3140621185, 25.7768096924, 11.0560464859, -15.1449689865, 5.17579030991], [-238.881851196, 77.7689819336, 304.10269165, 31.1489028931, 72.8015136719, -0.880527257919, -75.0765533447, 24.4969120026, -12.8907613754, 19.3007335663, 20.563293457, -18.2200775146, 11.439409256], [53.0896224976, -29.4738197327, 31.1489028931, 210.912750244, 46.2384529114, -127.928153992, -116.590858459, -1.04178094864, 67.3131103516, -3.78871297836, 18.7633342743, 62.8368186951, -19.8154277802], [-111.135681152, 23.8965587616, 72.8015136719, 46.2384529114, 158.742675781, -3.44275259972, -37.8426399231, 64.7723388672, 18.1563053131, 26.0077514648, 6.24175691605, 2.89721012115, 29.4981555939], [-14.6451234818, 26.2886581421, -0.880527257919, -127.928153992, -3.44275259972, 224.484191895, 166.877609253, 15.1608037949, -26.6653442383, 3.2137863636, -2.40849709511, -61.9250717163, 1.77477550507], [60.2851104736, 31.9403114319, -75.0765533447, -116.590858459, -37.8426399231, 166.877609253, 232.998428345, 39.426158905, -35.4899787903, 21.2546596527, -12.992650032, -36.4157447815, 10.200507164], [-40.5862121582, 14.4607925415, 24.4969120026, -1.04178094864, 64.7723388672, 15.1608037949, 39.426158905, 111.189041138, 41.0462913513, 16.5289993286, 13.5773239136, 2.40079927444, 24.2964305878], [35.9079475403, -20.3140621185, -12.8907613754, 67.3131103516, 18.1563053131, -26.6653442383, -35.4899787903, 41.0462913513, 107.794685364, 27.8845615387, 7.34577178955, 23.5257587433, -17.2057952881], [-13.5607156754, 25.7768096924, 19.3007335663, -3.78871297836, 26.0077514648, 3.2137863636, 21.2546596527, 16.5289993286, 27.8845615387, 83.8581848145, 25.1856269836, -10.055346489, 1.03338336945], [11.8212461472, 11.0560464859, 20.563293457, 18.7633342743, 6.24175691605, -2.40849709511, -12.992650032, 13.5773239136, 7.34577178955, 25.1856269836, 74.3863601685, 28.4668483734, -7.72716665268], [37.5921974182, -15.1449689865, -18.2200775146, 62.8368186951, 2.89721012115, -61.9250717163, -36.4157447815, 2.40079927444, 23.5257587433, -10.055346489, 28.4668483734, 94.443397522, 21.9186096191], [-38.9241828918, 5.17579030991, 11.439409256, -19.8154277802, 29.4981555939, 1.77477550507, 10.200507164, 24.2964305878, -17.2057952881, 1.03338336945, -7.72716665268, 21.9186096191, 77.2030410767]],
        "icov": [[0.0197631791234, -0.0223642475903, 0.0286079235375, -0.0301280152053, 0.0353936292231, -0.0386320650578, 0.0381999611855, -0.0383125208318, 0.0348212569952, -0.03061109595, 0.0241396259516, -0.0180322527885, 0.00957228150219], [-0.0223642475903, 0.0410357825458, -0.0421336852014, 0.0453100502491, -0.0560863986611, 0.0666053667665, -0.0700706318021, 0.068147175014, -0.0617138333619, 0.0532757788897, -0.0463848896325, 0.0327894538641, -0.0168624762446], [0.0286079235375, -0.0421336852014, 0.0594549253583, -0.0644786059856, 0.0805972591043, -0.101358301938, 0.107196345925, -0.107053168118, 0.100963965058, -0.0880228728056, 0.0722963884473, -0.0515806265175, 0.0285109728575], [-0.0301280152053, 0.0453100502491, -0.0644786059856, 0.0877098366618, -0.104168407619, 0.130696177483, -0.133992180228, 0.138848006725, -0.134160846472, 0.115722864866, -0.0964939370751, 0.0650936961174, -0.0349447391927], [0.0353936292231, -0.0560863986611, 0.0805972591043, -0.104168407619, 0.146215513349, -0.176255971193, 0.188275426626, -0.195569992065, 0.182448908687, -0.161902353168, 0.136409565806, -0.0965040102601, 0.051662299782], [-0.0386320650578, 0.0666053667665, -0.101358301938, 0.130696177483, -0.176255971193, 0.240051105618, -0.252712935209, 0.254180043936, -0.243769824505, 0.215693116188, -0.185073524714, 0.135155841708, -0.0742655321956], [0.0381999611855, -0.0700706318021, 0.107196345925, -0.133992180228, 0.188275426626, -0.252712935209, 0.276452064514, -0.276722222567, 0.26376619935, -0.233193308115, 0.199724495411, -0.14396071434, 0.0808821469545], [-0.0383125208318, 0.068147175014, -0.107053168118, 0.138848006725, -0.195569992065, 0.254180043936, -0.276722222567, 0.296032726765, -0.276171296835, 0.239358767867, -0.206952512264, 0.148606598377, -0.0877625271678], [0.0348212569952, -0.0617138333619, 0.100963965058, -0.134160846472, 0.182448908687, -0.243769824505, 0.26376619935, -0.276171296835, 0.275347203016, -0.234347939491, 0.199569046497, -0.145378664136, 0.0860054418445], [-0.03061109595, 0.0532757788897, -0.0880228728056, 0.115722864866, -0.161902353168, 0.215693116188, -0.233193308115, 0.239358767867, -0.234347939491, 0.218522891402, -0.180151581764, 0.130271881819, -0.0740448608994], [0.0241396259516, -0.0463848896325, 0.0722963884473, -0.0964939370751, 0.136409565806, -0.185073524714, 0.199724495411, -0.206952512264, 0.199569046497, -0.180151581764, 0.169569045305, -0.117952913046, 0.0680246278644], [-0.0180322527885, 0.0327894538641, -0.0515806265175, 0.0650936961174, -0.0965040102601, 0.135155841708, -0.14396071434, 0.148606598377, -0.145378664136, 0.130271881819, -0.117952913046, 0.100555598736, -0.0554183609784], [0.00957228150219, -0.0168624762446, 0.0285109728575, -0.0349447391927, 0.051662299782, -0.0742655321956, 0.0808821469545, -0.0877625271678, 0.0860054418445, -0.0740448608994, 0.0680246278644, -0.0554183609784, 0.0473175048828]]
    },
    "spectral_contrast_coeffs": {
        "max": [-0.461803346872, -0.581568598747, -0.528874218464, -0.583141803741, -0.543640375137, -0.340662270784],
        "mean": [-0.710860133171, -0.774250030518, -0.708531618118, -0.73380368948, -0.704327762127, -0.539380848408],
        "min": [-0.844509363174, -0.919334590435, -0.868688106537, -0.843752980232, -0.849296689034, -0.761339008808],
        "stdev": [0.0563295818865, 0.0570265129209, 0.0576758831739, 0.0424726866186, 0.0518237687647, 0.0601982474327]
    },
    "spectral_contrast_valleys": {
        "max": [-6.02725362778, -5.0247387886, -5.38264751434, -6.17550754547, -6.27903556824, -11.1448907852],
        "mean": [-7.28262424469, -6.68841505051, -6.82318925858, -7.10124826431, -7.32620954514, -14.011598587],
        "min": [-8.98593902588, -8.04000663757, -8.28418254852, -8.36356639862, -9.05631828308, -16.9737014771],
        "stdev": [0.458807855844, 0.455139487982, 0.482396930456, 0.406977087259, 0.472414106131, 0.815420866013]
    }
},
"rhythm": {
    "beats_count": 50,
    "beats_loudness": {
        "max": 0.0367469899356,
        "mean": 0.0232646148652,
        "min": 0.00583660928532,
        "stdev": 0.00738597568125
    },
    "bpm": 104.583984375,
    "bpm_histogram_first_peak_bpm": 103,
    "bpm_histogram_first_peak_weight": 0.5,
    "bpm_histogram_second_peak_bpm": 108,
    "bpm_histogram_second_peak_spread": 0.285714268684,
    "bpm_histogram_second_peak_weight": 0.102040819824,
    "danceability": 1.12637722492,
    "onset_rate": 1.61994481087,
    "beats_loudness_band_ratio": {
        "max": [0.450488090515, 0.287743359804, 0.39393606782, 0.805000305176, 0.586819350719, 0.21568338573],
        "mean": [0.10717677325, 0.0919315740466, 0.145343452692, 0.390903890133, 0.225442260504, 0.077767804265],
        "min": [0.0107314987108, 0.0152483657002, 0.0191640593112, 0.0466084331274, 0.0347946546972, 0.0280653778464],
        "stdev": [0.086255505681, 0.0727436169982, 0.0898208469152, 0.215020373464, 0.132452115417, 0.0416122749448]
    },
    "beats_position": [0.545668900013, 1.10294783115, 1.64861679077, 2.20589566231, 2.77478456497, 3.34367346764, 3.9125623703, 4.48145103455, 5.06195020676, 5.64244890213, 6.21133756638, 6.79183673859, 7.37233543396, 7.94122457504, 8.51011276245, 9.0906124115, 9.67111110687, 10.2516098022, 10.8204984665, 11.3893871307, 11.9698867798, 12.5503854752, 13.1308841705, 13.7113828659, 14.2918815613, 14.8607711792, 15.4296598434, 16.0101585388, 16.5790481567, 17.1595458984, 17.7400455475, 18.3205432892, 18.877822876, 19.4467124939, 19.9923801422, 20.549659729, 21.1069393158, 21.6758270264, 22.2447166443, 22.825214386, 23.3941040039, 23.9629936218, 24.5318813324, 25.1123809814, 25.681268692, 26.2617683411, 26.8422679901, 27.4227657318, 28.014875412, 28.6069831848],
