{
"metadata": {
    "version": {
        "essentia": "2.1-beta5",
        "essentia_git_sha": "Undefined",
        "extractor": "music 2.0"
    },
    "audio_properties": {
        "analysis": {
            "equal_loudness": 0,
            "length": 48.7502937317,
            "sample_rate": 44100,
            "start_time": 93.9943771362,
            "downmix": "mix"
        },
        "bit_rate": 192000,
        "length": 253.801361084,
        "lossless": 0,
        "number_channels": 2,
        "replay_gain": -10.3207759857,
        "sample_rate": 48000,
        "codec": "mp3",
        "md5_encoded": "5d4086ae6486200ced489b0a3d798362"
    },
    "tags": {
        "file_name": "Yugoslavia_Moja Generacija_Korni.mp3",
        "encoding": ["Lavf58.29.100"]
    }
},
"lowlevel": {
    "average_loudness": 0.648984789848,
    "barkbands_crest": {
        "max": 20.9602794647,
        "mean": 8.95701503754,
        "min": 3.02330470085,
        "stdev": 3.53082203865
    },
    "barkbands_flatness_db": {
        "max": 0.298295050859,
        "mean": 0.184530392289,
        "min": 0.0618461333215,
        "stdev": 0.0332949198782
    },
    "barkbands_kurtosis": {
        "max": 24.895116806,
        "mean": 1.3768055439,
        "min": -1.86490511894,
        "stdev": 2.66628074646
    },
    "barkbands_skewness": {
        "max": 3.88924050331,
        "mean": 0.49297273159,
        "min": -2.45655155182,
        "stdev": 0.884638547897
    },
    "barkbands_spread": {
        "max": 72.8731231689,
        "mean": 14.3915090561,
        "min": 3.01704216003,
        "stdev": 7.77699279785
    },
    "dissonance": {
        "max": 0.499671727419,
        "mean": 0.458402693272,
        "min": 0.260254085064,
        "stdev": 0.0320866070688
    },
    "dynamic_complexity": 3.2986702919,
    "erbbands_crest": {
        "max": 28.2618103027,
        "mean": 10.0216016769,
        "min": 3.20300388336,
        "stdev": 4.12069797516
    },
    "erbbands_flatness_db": {
        "max": 0.372007697821,
        "mean": 0.252378195524,
        "min": 0.120107755065,
        "stdev": 0.0380156859756
    },
    "erbbands_kurtosis": {
        "max": 13.2845668793,
        "mean": 0.874538242817,
        "min": -1.64342916012,
        "stdev": 1.82428777218
    },
    "erbbands_skewness": {
        "max": 2.93863487244,
        "mean": 0.278150618076,
        "min": -2.96520352364,
        "stdev": 0.737208127975
    },
    "erbbands_spread": {
        "max": 100.560203552,
        "mean": 20.6583976746,
        "min": 2.74609041214,
        "stdev": 10.4660253525
    },
    "hfc": {
        "max": 113.144371033,
        "mean": 19.3689670563,
        "min": 0.175068721175,
        "stdev": 19.1505737305
    },
    "loudness_ebu128": {
        "integrated": -14.8902187347,
        "loudness_range": 9.41292858124,
        "momentary": {
            "max": -9.46620368958,
            "mean": -16.507144928,
            "min": -27.9674034119,
            "stdev": 3.91264915466
        },
        "short_term": {
            "max": -10.4774618149,
            "mean": -15.9193849564,
            "min": -23.6728057861,
            "stdev": 3.27565479279
        }
    },
    "melbands_crest": {
        "max": 25.7307777405,
        "mean": 10.5010137558,
        "min": 3.55006289482,
        "stdev": 3.94492316246
    },
    "melbands_flatness_db": {
        "max": 0.357494324446,
        "mean": 0.174893736839,
        "min": 0.0369795002043,
        "stdev": 0.0530660487711
    },
    "melbands_kurtosis": {
        "max": 42.3852348328,
        "mean": 2.59181904793,
        "min": -1.65550708771,
        "stdev": 4.20568323135
    },
    "melbands_skewness": {
        "max": 5.44328212738,
        "mean": 0.857050001621,
        "min": -2.03679656982,
        "stdev": 0.922143220901
    },
    "melbands_spread": {
        "max": 163.132797241,
        "mean": 25.7798881531,
        "min": 4.34888076782,
        "stdev": 15.6491909027
    },
    "pitch_salience": {
        "max": 0.864837348461,
        "mean": 0.603704214096,
        "min": 0.342872470617,
        "stdev": 0.0795883312821
    },
    "silence_rate_20dB": {
        "max": 1,
        "mean": 1,
        "min": 1,
        "stdev": 0
    },
    "silence_rate_30dB": {
        "max": 1,
        "mean": 1,
        "min": 1,
        "stdev": 0
    },
    "silence_rate_60dB": {
        "max": 1,
        "mean": 0.101380296052,
        "min": 0,
        "stdev": 0.301836997271
    },
    "spectral_centroid": {
        "max": 4163.15869141,
        "mean": 1499.95605469,
        "min": 342.646820068,
        "stdev": 598.483764648
    },
    "spectral_complexity": {
        "max": 44,
        "mean": 18.4121837616,
        "min": 1,
        "stdev": 8.44058704376
    },
    "spectral_decrease": {
        "max": -7.01035757222e-11,
        "mean": -3.49723183746e-09,
        "min": -1.56809605301e-08,
        "stdev": 2.69230793215e-09
    },
    "spectral_energy": {
        "max": 0.0694461613894,
        "mean": 0.0149561930448,
        "min": 0.000304709421471,
        "stdev": 0.0117971943691
    },
    "spectral_energyband_high": {
        "max": 0.00750819593668,
        "mean": 0.000331708171871,
        "min": 5.42757959465e-07,
        "stdev": 0.000615344033577
    },
    "spectral_energyband_low": {
        "max": 0.00266943569295,
        "mean": 0.000326090259477,
        "min": 3.5977486732e-06,
        "stdev": 0.000316951045534
    },
    "spectral_energyband_middle_high": {
        "max": 0.0618010722101,
        "mean": 0.00924030039459,
        "min": 2.90997613774e-05,
        "stdev": 0.010149189271
    },
    "spectral_energyband_middle_low": {
        "max": 0.0273814834654,
        "mean": 0.00533465389162,
        "min": 0.000117041578051,
        "stdev": 0.00400372734293
    },
    "spectral_entropy": {
        "max": 8.4094877243,
        "mean": 7.33451032639,
        "min": 6.24293661118,
        "stdev": 0.302221298218
    },
    "spectral_flux": {
        "max": 0.185427486897,
        "mean": 0.0652888119221,
        "min": 0.00695762364194,
        "stdev": 0.0335552878678
    },
    "spectral_kurtosis": {
        "max": 40.6003417969,
        "mean": 5.61815404892,
        "min": -0.928924322128,
        "stdev": 4.28895521164
    },
    "spectral_rms": {
        "max": 0.00823118165135,
        "mean": 0.00352720776573,
        "min": 0.000545231625438,
        "stdev": 0.0014663557522
    },
    "spectral_rolloff": {
        "max": 8419.48242188,
        "mean": 1782.42260742,
        "min": 387.59765625,
        "stdev": 971.777648926
    },
    "spectral_skewness": {
        "max": 4.08346557617,
        "mean": 1.47459316254,
        "min": -0.221228525043,
        "stdev": 0.507673501968
    },
    "spectral_spread": {
        "max": 10436382,
        "mean": 2753962.25,
        "min": 1151259.875,
        "stdev": 778310.875
    },
    "spectral_strongpeak": {
        "max": 11.8497829437,
        "mean": 1.88435745239,
        "min": 0.016973618418,
        "stdev": 1.92237699032
    },
    "zerocrossingrate": {
        "max": 0.26025390625,
        "mean": 0.0633989423513,
        "min": 0.01416015625,
        "stdev": 0.025888742879
    },
    "barkbands": {
        "max": [2.40342869802e-05, 0.000836244842503, 0.00176199199632, 0.00342735508457, 0.0153244780377, 0.00797119736671, 0.0129066668451, 0.0152528192848, 0.0230355635285, 0.0187446027994, 0.0248748622835, 0.0206185113639, 0.026887761429, 0.046144772321, 0.022816028446, 0.013158775866, 0.0172020923346, 0.00578738935292, 0.00709804333746, 0.00353214330971, 0.00318442215212, 0.00425092270598, 0.00173899671063, 0.00171547546051, 9.87924722722e-05, 1.05564453179e-07, 1.05786774895e-07],
        "mean": [1.78838536158e-06, 8.21885914775e-05, 0.000141175391036, 0.000245746952714, 0.000736029644031, 0.000510206969921, 0.000925203668885, 0.00101273600012, 0.0015394174261, 0.00106700498145, 0.00133809377439, 0.00111953052692, 0.000948644708842, 0.00212909001857, 0.000792370527051, 0.000574838311877, 0.000706345832441, 0.000310155999614, 0.000341104518156, 0.000183974407264, 0.000116998940939, 6.54495161143e-05, 4.10714674217e-05, 2.44638413278e-05, 2.55907912106e-06, 6.03548988565e-10, 6.19686024717e-10],
        "min": [2.52475906848e-09, 3.25048546301e-07, 1.2950900441e-07, 1.51365142642e-07, 4.00186763727e-06, 3.75877289116e-06, 3.09115876007e-06, 2.88112175895e-07, 1.29149793793e-06, 3.23503672917e-06, 1.27750388401e-06, 1.12485849968e-06, 9.25973722588e-07, 1.05983144749e-06, 1.62336789344e-06, 7.22472066172e-07, 6.50989306905e-07, 1.80391452886e-07, 3.9044988398e-07, 2.08000130897e-07, 1.897964097e-07, 6.09153616438e-08, 2.1594823707e-08, 1.07977689012e-08, 3.98296340354e-10, 1.02816392553e-11, 1.42210843795e-11],
        "stdev": [2.08298388316e-06, 9.50321773416e-05, 0.000190408798517, 0.000385354360333, 0.0009948189836, 0.00085563689936, 0.00141221261583, 0.00146930082701, 0.00227881828323, 0.00181739707477, 0.00278297159821, 0.00203513470478, 0.00184780173004, 0.00451922789216, 0.00206330185756, 0.0012723543914, 0.00140549743082, 0.000501289381646, 0.00061398075195, 0.000325219705701, 0.000201266477234, 0.000184089003596, 0.00010955142352, 8.10676137917e-05, 7.74877662479e-06, 3.86254539464e-09, 3.75835806921e-09]
    },
    "erbbands": {
        "max": [0.0130339171737, 0.258335620165, 1.95103693008, 5.62078428268, 18.8244171143, 59.7138366699, 76.3046569824, 91.8615341187, 219.239074707, 223.177825928, 360.510406494, 440.179748535, 664.75402832, 560.113342285, 1047.02185059, 782.544372559, 1335.92651367, 2345.74584961, 1662.64550781, 1291.21630859, 905.333312988, 579.126098633, 349.977966309, 252.274505615, 268.768432617, 177.960510254, 67.4238891602, 177.805099487, 168.841003418, 62.1363067627, 63.572429657, 59.012588501, 16.2686309814, 2.40421295166, 0.0665878280997, 0.00378745351918, 0.000538493855856, 0.000121484983538, 4.76168497698e-05, 9.12067844183e-05],
        "mean": [0.00143608066719, 0.0231986530125, 0.142356157303, 0.509867072105, 1.35188519955, 2.72314167023, 3.6822988987, 4.50855922699, 10.2166366577, 17.9900188446, 27.618391037, 30.4453086853, 38.6823310852, 37.2800521851, 50.169254303, 42.574760437, 48.7224960327, 83.575050354, 65.0729446411, 49.087600708, 33.4883041382, 39.3851890564, 21.1136684418, 17.5722465515, 12.6414232254, 8.7162027359, 5.2412776947, 4.3213353157, 2.57195663452, 1.51745378971, 1.0701880455, 0.66660964489, 0.322920143604, 0.0698628276587, 0.00209956476465, 0.000118511736218, 2.2251797418e-05, 6.65872266836e-06, 9.96441667667e-06, 1.90605751413e-05],
        "min": [3.23576823575e-05, 0.000347947789123, 0.000454426015494, 0.00215208972804, 0.0154700549319, 0.0122585147619, 0.0332216359675, 0.0399754345417, 0.060113042593, 0.0761766210198, 0.0901835337281, 0.0895430222154, 0.136667177081, 0.137795686722, 0.0940250530839, 0.0777228698134, 0.0686220601201, 0.0756067931652, 0.0587863512337, 0.0556281358004, 0.064405195415, 0.041506126523, 0.010393849574, 0.0219116024673, 0.0216560550034, 0.0109765622765, 0.00874076038599, 0.00539698870853, 0.00275429990143, 0.00118600251153, 0.000519515073393, 0.000354871503077, 0.00010315504187, 4.96792381455e-05, 3.6356250348e-06, 5.94751611516e-07, 2.36534361875e-07, 5.45003260299e-08, 2.16245638285e-07, 4.24914389896e-07],
        "stdev": [0.00144629494753, 0.0283630508929, 0.191531524062, 0.658904135227, 1.83277833462, 3.89847683907, 6.4511013031, 8.69988918304, 15.958656311, 27.1727085114, 36.988319397, 47.3647842407, 64.556350708, 60.0547485352, 94.5983428955, 72.8261413574, 87.9617004395, 179.484985352, 135.908905029, 122.405502319, 67.5346298218, 68.0570526123, 32.9208602905, 26.0348339081, 20.8794021606, 15.3877925873, 8.4699420929, 9.07700920105, 7.18596410751, 3.58824419975, 3.10951852798, 2.29026722908, 0.956663310528, 0.189419090748, 0.00557013135403, 0.00027383712586, 3.70439665858e-05, 9.30175428948e-06, 8.4320181486e-06, 1.54437784659e-05]
    },
    "gfcc": {
        "mean": [-67.6162796021, 133.454421997, -196.953933716, 29.3952922821, -75.1283569336, 3.66552066803, -28.0309677124, -13.0125141144, -2.66007399559, -25.6095523834, 3.88436436653, -23.5727119446, 1.18488872051],
        "cov": [[3200.87817383, -1307.13134766, -1050.84033203, 56.4905509949, -83.2080078125, 185.906021118, -43.816532135, 115.097373962, -27.9787197113, 63.5015792847, -76.3202514648, -191.516326904, -111.45211792], [-1307.13134766, 1110.59960938, 397.939361572, -267.559844971, 217.31211853, -235.313186646, 86.4579544067, -100.111351013, 44.6808891296, -88.1310882568, 44.3528556824, 73.3608856201, 13.4734945297], [-1050.84033203, 397.939361572, 701.952880859, 117.15171814, -155.172637939, -2.76141548157, -95.9630813599, -44.6392364502, -28.2419128418, -26.6114768982, 21.1362380981, 53.8873519897, 46.4830551147], [56.4905509949, -267.559844971, 117.15171814, 288.339477539, -99.7561569214, 60.0967407227, -74.4368286133, 22.628900528, -5.11575460434, 34.2650375366, -21.8378582001, -2.15646672249, 22.4321060181], [-83.2080078125, 217.31211853, -155.172637939, -99.7561569214, 284.98828125, -29.5568504333, 72.9703674316, -17.9343833923, 36.4820785522, -5.19550561905, 0.0768593996763, 13.389790535, -6.16473054886], [185.906021118, -235.313186646, -2.76141548157, 60.0967407227, -29.5568504333, 229.910079956, 26.9341964722, 22.5382385254, -50.5906143188, 19.0229682922, 19.7870731354, -17.9300365448, -8.86376285553], [-43.816532135, 86.4579544067, -95.9630813599, -74.4368286133, 72.9703674316, 26.9341964722, 187.893890381, 12.011516571, -15.7105674744, 1.37013626099, 24.5735569, 21.486661911, -24.9352722168], [115.097373962, -100.111351013, -44.6392364502, 22.628900528, -17.9343833923, 22.5382385254, 12.011516571, 91.0740203857, 32.8530921936, 4.97348594666, -3.46309494972, -6.7021446228, -8.76267814636], [-27.9787197113, 44.6808891296, -28.2419128418, -5.11575460434, 36.4820785522, -50.5906143188, -15.7105674744, 32.8530921936, 101.832855225, 30.1897907257, -14.3286380768, 1.13463330269, -0.580430805683], [63.5015792847, -88.1310882568, -26.6114768982, 34.2650375366, -5.19550561905, 19.0229682922, 1.37013626099, 4.97348594666, 30.1897907257, 83.6457214355, 25.1380577087, -3.07982730865, -5.9075884819], [-76.3202514648, 44.3528556824, 21.1362380981, -21.8378582001, 0.0768593996763, 19.7870731354, 24.5735569, -3.46309494972, -14.3286380768, 25.1380577087, 73.675743103, 30.2876720428, -6.20257759094], [-191.516326904, 73.3608856201, 53.8873519897, -2.15646672249, 13.389790535, -17.9300365448, 21.486661911, -6.7021446228, 1.13463330269, -3.07982730865, 30.2876720428, 77.6812744141, 35.9013900757], [-111.45211792, 13.4734945297, 46.4830551147, 22.4321060181, -6.16473054886, -8.86376285553, -24.9352722168, -8.76267814636, -0.580430805683, -5.9075884819, -6.20257759094, 35.9013900757, 77.2783126831]],
        "icov": [[0.00110775977373, 0.000575260899495, 0.00145013828296, 1.18536836453e-05, 0.000471409643069, -0.000220224203076, 0.000597912818193, 3.61762577086e-05, 0.000150695923367, 0.000315401674015, -5.96129066253e-05, 0.00067219597986, 0.000539181812201], [0.000575260899495, 0.0102878781036, -0.00791209097952, 0.00534978602082, -0.00698400149122, 0.00686254771426, -0.00567014561966, 0.00498427636921, -0.00674687931314, 0.00867217406631, -0.00876498688012, 0.00696512870491, -0.00211927085184], [0.00145013828296, -0.00791209097952, 0.011503867805, -0.00536756683141, 0.00792586896569, -0.0065337237902, 0.00643626181409, -0.00273057864979, 0.00513410195708, -0.0053329616785, 0.0063403993845, -0.00596468616277, 0.0026701928582], [1.18536836453e-05, 0.00534978602082, -0.00536756683141, 0.00862246751785, -0.00325721129775, 0.00258526997641, -0.00126291334163, 0.000433777982835, -0.00135502184276, 0.000101033227111, -0.000175034103449, 0.00104523613118, -0.00101365789305], [0.000471409643069, -0.00698400149122, 0.00792586896569, -0.00325721129775, 0.0107839452103, -0.00565732643008, 0.00294017023407, -0.000706541643012, 0.00140949618071, -0.00427755527198, 0.00595486629754, -0.00517764734104, 0.00172250159085], [-0.000220224203076, 0.00686254771426, -0.0065337237902, 0.00258526997641, -0.00565732643008, 0.0112829413265, -0.00521750748158, 0.000676435185596, -0.000423353281803, 0.00384537386708, -0.00743641750887, 0.00693272706121, -0.00262531707995], [0.000597912818193, -0.00567014561966, 0.00643626181409, -0.00126291334163, 0.00294017023407, -0.00521750748158, 0.0123620238155, -0.00550016062334, 0.00761907827109, -0.00712079182267, 0.00687282346189, -0.00891610514373, 0.00555403390899], [3.61762577086e-05, 0.00498427636921, -0.00273057864979, 0.000433777982835, -0.000706541643012, 0.000676435185596, -0.00550016062334, 0.0197496302426, -0.0137483244762, 0.0102971568704, -0.00775825604796, 0.0049017611891, -0.00103038817178], [0.000150695923367, -0.00674687931314, 0.00513410195708, -0.00135502184276, 0.00140949618071, -0.000423353281803, 0.00761907827109, -0.0137483244762, 0.026715092361, -0.0183179117739, 0.0148279070854, -0.0092036165297, 0.00392840383574], [0.000315401674015, 0.00867217406631, -0.0053329616785, 0.000101033227111, -0.00427755527198, 0.00384537386708, -0.00712079182267, 0.0102971568704, -0.0183179117739, 0.0305272452533, -0.0208755582571, 0.0122823696584, -0.00409437390044], [-5.96129066253e-05, -0.00876498688012, 0.0063403993845, -0.000175034103449, 0.00595486629754, -0.00743641750887, 0.00687282346189, -0.00775825604796, 0.0148279070854, -0.0208755582571, 0.0357697196305, -0.0211240444332, 0.00983942020684], [0.00067219597986, 0.00696512870491, -0.00596468616277, 0.00104523613118, -0.00517764734104, 0.00693272706121, -0.00891610514373, 0.0049017611891, -0.0092036165297, 0.0122823696584, -0.0211240444332, 0.0334037020802, -0.0152436606586], [0.000539181812201, -0.00211927085184, 0.0026701928582, -0.00101365789305, 0.00172250159085, -0.00262531707995, 0.00555403390899, -0.00103038817178, 0.00392840383574, -0.00409437390044, 0.00983942020684, -0.0152436606586, 0.0218750685453]]
    },
    "melbands": {
        "max": [0.000141456563142, 0.000732170185074, 0.00135736865923, 0.00197912519798, 0.00326954084449, 0.00180453551002, 0.00282715307549, 0.00227139494382, 0.00377684296109, 0.00262010563165, 0.00341348932125, 0.00217242725194, 0.00359492027201, 0.00273720361292, 0.00272512482479, 0.00194779434241, 0.00506598548964, 0.00397372851148, 0.00232526683249, 0.00151851633564, 0.00147257617209, 0.000857059087139, 0.000685653358232, 0.000278870342299, 0.000235638624872, 0.000323983491398, 0.000122763871332, 0.000167596532265, 5.81101376156e-05, 5.56859522476e-05, 0.000133735171403, 0.000110781256808, 4.81542301713e-05, 2.87404782284e-05, 4.35498041043e-05, 4.1650080675e-05, 3.25952350977e-05, 1.31739852804e-05, 7.46294927012e-06, 1.02363503629e-06],
        "mean": [1.74930519279e-05, 6.17747136857e-05, 0.000113555397547, 0.000143419572851, 0.000133339184686, 0.00010637788364, 0.00016327900812, 0.000203893476282, 0.000246117124334, 0.00018933742831, 0.000193385159946, 0.00014615591499, 0.000189080805285, 0.000111983521492, 0.000130591113702, 8.86701600393e-05, 0.000175292356289, 0.00012576681911, 6.4546293288e-05, 4.7806341172e-05, 3.84525374102e-05, 4.27448940172e-05, 2.73975911114e-05, 1.39241819852e-05, 1.43418774314e-05, 1.3011498595e-05, 6.56024212731e-06, 5.51746234123e-06, 3.79501625503e-06, 2.4328503514e-06, 2.32603497352e-06, 1.50316566305e-06, 1.07669188765e-06, 7.92425055351e-07, 6.3140180373e-07, 5.37053040262e-07, 3.67350168062e-07, 2.43653659027e-07, 1.47022660713e-07, 2.6033513123e-08],
        "min": [1.51815598315e-07, 3.4126560422e-07, 6.4449676529e-07, 6.24011590844e-07, 1.31289891669e-06, 7.87181193118e-07, 9.50424521307e-07, 1.27085939994e-07, 2.88885871669e-07, 1.86382123957e-07, 1.1918633902e-07, 4.2224658614e-07, 2.90450998364e-07, 1.07304082064e-07, 1.12453577117e-07, 5.49849517029e-08, 9.08552664214e-08, 7.27282341018e-08, 7.17698540598e-08, 5.77059111606e-08, 4.41577689969e-08, 3.90747416645e-08, 7.82491049733e-09, 9.11028585904e-09, 1.4501480905e-08, 1.59093094254e-08, 9.65405888564e-09, 5.60093749158e-09, 5.682390114e-09, 2.97017055395e-09, 2.4954216471e-09, 1.54153290133e-09, 8.25594870246e-10, 5.8460836172e-10, 3.14345938168e-10, 2.07510397754e-10, 1.94738628001e-10, 6.16023621003e-11, 7.46785133732e-11, 1.57123944931e-12],
        "stdev": [1.81646901183e-05, 7.34400600777e-05, 0.000145998361404, 0.000165047546034, 0.000231578102103, 0.000188540201634, 0.000242662237724, 0.000291229953291, 0.000341528648278, 0.000288781768177, 0.000326588778989, 0.000236315900111, 0.000382351019653, 0.00022294819064, 0.000251257035416, 0.000166121259099, 0.000394672941184, 0.000302605651086, 0.000173938635271, 0.000121503479022, 9.52179252636e-05, 8.20559289423e-05, 4.8495039664e-05, 2.3116110242e-05, 2.29084362218e-05, 2.65248017968e-05, 1.14121521619e-05, 1.20921822599e-05, 6.91723971613e-06, 4.26853921454e-06, 5.75575313633e-06, 4.49066010333e-06, 2.89988838631e-06, 1.84736177289e-06, 1.89321769994e-06, 1.87588307199e-06, 1.32041839151e-06, 7.37844118248e-07, 4.08829663456e-07, 7.76023512117e-08]
    },
    "melbands128": {
        "max": [2.21791033255e-05, 0.000100341741927, 0.000209769481444, 0.000567633716855, 0.00112315523438, 0.000863937428221, 0.00116179313045, 0.00214284588583, 0.00231386977248, 0.00216655363329, 0.00355843780562, 0.00610001198947, 0.00323662371375, 0.00263435929082, 0.00252242130227, 0.00379968900234, 0.00643436983228, 0.00476422067732, 0.00363391917199, 0.00418402254581, 0.00424775853753, 0.00506372144446, 0.00496984599158, 0.00759601732716, 0.00522254873067, 0.00431771669537, 0.00881319493055, 0.0064144032076, 0.00493426667526, 0.00272954022512, 0.00415103649721, 0.00739890849218, 0.00570356752723, 0.00462178513408, 0.00651780935004, 0.00535293249413, 0.00467756018043, 0.00567619968206, 0.00656588189304, 0.00309794349596, 0.00338145345449, 0.00589006766677, 0.00994304474443, 0.00600869953632, 0.0130003811792, 0.00247653783299, 0.00230742408894, 0.00419041002169, 0.0040079979226, 0.00420404504985, 0.00203135423362, 0.000790409510955, 0.00121082866099, 0.00387713476084, 0.00230997172184, 0.0012776479125, 0.00107707153074, 0.00148937001359, 0.000523840019014, 0.000725943653379, 0.000477490131743, 0.000417200120864, 0.000242585447268, 0.000353804527549, 0.00113020837307, 0.000493808591273, 0.000310684612487, 0.000270915508736, 0.000143165874761, 0.000325252185576, 6.26589244348e-05, 0.000497837318107, 8.71672382345e-05, 0.000140610020026, 6.57956843497e-05, 8.70212024893e-05, 6.51861337246e-05, 0.000131444176077, 0.000209393387195, 0.000229059311096, 7.95746964286e-05, 9.92859058897e-05, 8.81470841705e-05, 5.55781734874e-05, 3.96636205551e-05, 4.7646524763e-05, 2.70660857495e-05, 5.948541002e-05, 5.53404679522e-05, 2.64472164417e-05, 5.63087924093e-05, 5.29928984179e-05, 4.98164299643e-05, 2.96819580399e-05, 2.91411670332e-05, 1.43246088555e-05, 2.10904872802e-05, 2.03019226319e-05, 1.0021012713e-05, 5.41095596418e-06, 3.009481361e-06, 1.07210830436e-07, 3.14794696976e-08, 1.40744382815e-09, 1.13180442796e-09, 9.53907619561e-10, 8.46305747704e-10, 7.94207533072e-10, 7.48659245708e-10, 7.0740946434e-10, 6.71114275264e-10, 6.36943719989e-10, 6.0716182082e-10, 5.8301374839e-10, 5.59978674541e-10, 5.3815135681e-10, 5.18245668601e-10, 4.9983173156e-10, 4.82235529287e-10, 4.68716954138e-10, 4.5649062308e-10, 4.45854186903e-10, 4.35928515508e-10, 4.2820252899e-10, 4.20794121769e-10, 4.15573991885e-10, 4.11292389035e-10, 4.08785255646e-10],
        "mean": [1.54179053879e-06, 8.65744732437e-06, 1.982005233e-05, 4.21578297392e-05, 6.49195862934e-05, 7.02239849488e-05, 9.28941153688e-05, 0.000135411508381, 0.000133440596983, 0.000133160370751, 0.000158162336447, 0.000161459698575, 0.00013045516971, 9.63765196502e-05, 8.00671041361e-05, 0.000116067538329, 0.000170839222847, 0.00014600281429, 0.000187337020179, 0.000210985730519, 0.000204260417377, 0.000222943286644, 0.000230722711422, 0.000317572877975, 0.000188034275197, 0.000119386895676, 0.000227174372412, 0.000192045321455, 0.00020587349718, 9.66431107372e-05, 0.000119816701044, 0.000241205983912, 0.000233542348724, 9.9786593637e-05, 0.000159108341904, 8.36161780171e-05, 8.87416172191e-05, 0.00016586536367, 0.000136588496389, 9.12460309337e-05, 6.38582423562e-05, 9.83830032055e-05, 0.000177595313289, 0.000171172941918, 0.000290795782348, 6.31708680885e-05, 3.33716125169e-05, 5.49333562958e-05, 8.83845350472e-05, 7.59422691772e-05, 3.66787789972e-05, 2.22905309784e-05, 4.15754766436e-05, 4.79033114971e-05, 3.10383729811e-05, 4.96547691e-05, 4.16805196437e-05, 3.53316791006e-05, 2.0782379579e-05, 1.51719550558e-05, 1.65328710864e-05, 9.26636585064e-06, 9.0944886324e-06, 1.25309124996e-05, 3.06042566081e-05, 1.03810280052e-05, 5.69606709178e-06, 7.32367652745e-06, 5.97332609686e-06, 7.45397346691e-06, 3.33426464749e-06, 8.41321252665e-06, 2.61582226813e-06, 4.32198839917e-06, 2.30264390666e-06, 1.63502045325e-06, 2.65717198999e-06, 3.97822122977e-06, 1.59649948728e-06, 1.71364933976e-06, 1.68752512764e-06, 1.15235241083e-06, 1.65238816408e-06, 9.42968199524e-07, 8.75395301136e-07, 5.71820407913e-07, 1.01089062809e-06, 7.46884325054e-07, 5.68126552025e-07, 5.37130119938e-07, 6.48058176012e-07, 5.04691570313e-07, 3.89312106108e-07, 3.3454304571e-07, 4.52638573734e-07, 2.20461785716e-07, 2.09130220696e-07, 2.28373423283e-07, 1.64879622844e-07, 9.92326789628e-08, 6.43515249976e-08, 6.34151231527e-10, 2.57671384229e-11, 5.79158465977e-12, 5.29642779287e-12, 4.98166698865e-12, 4.6976094889e-12, 4.42435454592e-12, 4.19095660953e-12, 4.04768276188e-12, 3.84937741404e-12, 3.69063894029e-12, 3.49384540396e-12, 3.35833921436e-12, 3.23418028469e-12, 3.11799045784e-12, 3.01530740481e-12, 2.91969248258e-12, 2.8327891248e-12, 2.75533437212e-12, 2.68421287801e-12, 2.62165896631e-12, 2.57070124736e-12, 2.5229412743e-12, 2.46252324088e-12, 2.39357318688e-12, 2.35059085911e-12, 2.33395529466e-12],
        "min": [8.30011781527e-10, 1.09552988903e-08, 1.30221067707e-07, 5.26742240936e-08, 1.03449373512e-07, 5.67676252672e-08, 8.10552407415e-08, 1.09007451954e-07, 4.08505655969e-07, 2.07891559967e-07, 2.70754327403e-07, 1.87161447229e-07, 1.06260813482e-07, 4.04134226528e-07, 6.70170194894e-08, 4.50142056962e-09, 1.40292470974e-07, 6.12518391563e-08, 1.06196736738e-07, 7.4452962906e-08, 3.46303039578e-08, 4.15343492932e-08, 8.1397985241e-08, 2.43111884402e-07, 9.42716127383e-08, 7.34003151592e-08, 1.7947401787e-08, 6.81228584654e-08, 6.04931784665e-08, 8.2599576956e-08, 9.51470582322e-08, 5.85694763799e-08, 9.95279449967e-08, 8.48680343779e-08, 5.38230935376e-08, 1.50531835885e-08, 4.68453151825e-08, 5.39115561082e-08, 3.76297961679e-08, 7.33079374982e-09, 3.21017594729e-08, 7.52516484681e-08, 5.15075093688e-08, 1.29650086222e-08, 2.7092827537e-08, 3.87462222307e-08, 5.71955460771e-08, 1.53653321178e-08, 3.36967680425e-08, 4.15271586007e-08, 1.98753156155e-08, 2.45681199829e-08, 2.16588365021e-08, 2.60230219595e-08, 2.00590424271e-08, 1.93888656241e-08, 1.42448408624e-08, 4.96259788818e-09, 5.55753043585e-09, 6.55622711676e-09, 1.00320143304e-08, 7.90434118159e-09, 1.1292071278e-08, 1.05886064361e-08, 5.26297805337e-09, 8.86986750714e-09, 5.35410427105e-09, 5.96176041867e-09, 2.16674789222e-09, 3.50401085925e-09, 2.94226421005e-09, 2.32912400477e-09, 2.40892927827e-09, 4.20550216873e-09, 2.08990225126e-09, 1.76604131319e-09, 1.0591298949e-09, 1.49847800834e-09, 1.74996073188e-09, 1.35170230564e-09, 1.38218203549e-09, 2.79235634615e-10, 7.52135576043e-10, 7.83820508499e-10, 6.62795096584e-10, 2.72866673701e-10, 5.26588828098e-10, 4.20669776791e-10, 2.90669738279e-10, 2.33244812353e-10, 1.29488544887e-10, 1.31208308107e-10, 1.87798387952e-10, 1.65380389938e-10, 7.78217143504e-11, 6.01294847247e-11, 3.7716600676e-11, 3.71115083109e-11, 2.90612256482e-11, 2.01968875652e-11, 7.37882303002e-13, 1.0537613669e-13, 4.14666673394e-14, 4.55439214174e-14, 4.57839807191e-14, 4.16052046601e-14, 3.80333107673e-14, 3.31375619761e-14, 4.36868186212e-14, 3.60162542693e-14, 4.55749567046e-14, 5.07622101905e-14, 4.3593079179e-14, 4.29039331731e-14, 3.45276717916e-14, 4.66492180984e-14, 4.45281798358e-14, 4.54423553908e-14, 4.54668380311e-14, 4.45841924306e-14, 4.722235786e-14, 4.5506709566e-14, 3.95477006449e-14, 4.60092271085e-14, 4.0112678397e-14, 1.43436965864e-14, 2.42609146104e-15, 9.51113510312e-17],
        "stdev": [1.86584247786e-06, 1.01680825537e-05, 2.41153265961e-05, 5.81341882935e-05, 0.000106035637145, 9.37978184083e-05, 0.000129694919451, 0.000232111022342, 0.000216892862227, 0.000186931079952, 0.000254224491073, 0.000386634608731, 0.000274239107966, 0.000166180587257, 0.000206961529329, 0.000335336226271, 0.000365161511581, 0.000295564881526, 0.00040762356366, 0.0004479761119, 0.000381023215596, 0.000460795185063, 0.000406003644457, 0.000604387372732, 0.000443534692749, 0.000260812492343, 0.000537472718861, 0.000480581453303, 0.000398607226089, 0.000224469506065, 0.00031513927388, 0.000621397397481, 0.00058662291849, 0.000291547330562, 0.000448991428129, 0.000246186624281, 0.000250041863183, 0.000421413831646, 0.00036025774898, 0.000252431986155, 0.000192480641999, 0.000266757124336, 0.000611246214248, 0.000475199864013, 0.000903083884623, 0.000172416126588, 0.000151990912855, 0.000201620976441, 0.00031531957211, 0.000253820820944, 0.000137805764098, 4.57851965621e-05, 8.68127463036e-05, 0.000204137788387, 0.000123338410049, 0.00010941374785, 8.51976292324e-05, 9.04577900656e-05, 4.52264030173e-05, 3.46319720848e-05, 3.56675373041e-05, 2.26477604883e-05, 1.90318332898e-05, 2.20908386837e-05, 8.44853348099e-05, 2.76274113276e-05, 1.36668513733e-05, 1.82101994142e-05, 1.17525005408e-05, 1.89470920304e-05, 5.55354063181e-06, 3.39123180311e-05, 5.68238829146e-06, 1.0525608559e-05, 5.25747373104e-06, 4.60494538856e-06, 5.17120952281e-06, 9.86114991974e-06, 6.64329536448e-06, 6.89166336088e-06, 4.95773110742e-06, 4.02250407205e-06, 4.93571360494e-06, 2.74914077636e-06, 2.58736872638e-06, 1.86082536402e-06, 2.4779449177e-06, 2.58777345152e-06, 2.20319066102e-06, 1.77857998551e-06, 2.40594977186e-06, 2.16033595279e-06, 1.65594383361e-06, 1.3890437458e-06, 1.66687311776e-06, 7.99489896508e-07, 7.42392728625e-07, 7.98628548182e-07, 4.88845614655e-07, 3.35511231242e-07, 1.99419559976e-07, 3.5556995126e-09, 6.98565594259e-10, 4.57583172742e-11, 3.95808455456e-11, 3.53901144501e-11, 3.23364911237e-11, 2.98650305874e-11, 2.78213979632e-11, 2.61033590576e-11, 2.45613026445e-11, 2.31893167862e-11, 2.2013064982e-11, 2.10169694148e-11, 2.01460220034e-11, 1.92897815776e-11, 1.85469070657e-11, 1.78411313501e-11, 1.71842106517e-11, 1.6690373042e-11, 1.62354140548e-11, 1.58017661456e-11, 1.54377968742e-11, 1.5159080588e-11, 1.48873847278e-11, 1.46933853973e-11, 1.45418573017e-11, 1.44487789788e-11]
    },
    "mfcc": {
        "mean": [-672.841186523, 134.736953735, -47.7853050232, 8.36457633972, -17.6592845917, 0.0796468183398, -11.4719343185, 3.6132569313, -8.25604820251, 2.49348568916, -4.82900333405, -0.235785484314, -8.81865596771],
        "cov": [[3996.98339844, -1556.96875, -965.231628418, -265.665008545, -142.463760376, -9.08689498901, 35.3333930969, -0.0755894258618, 17.6074028015, 207.048355103, 114.194015503, 31.0094413757, -191.025100708], [-1556.96875, 1409.68188477, 23.1559391022, 41.5327186584, 54.6961860657, -55.9838066101, -12.9299068451, 27.5327091217, -32.0301246643, -111.952613831, -22.0252685547, 2.93917012215, 87.491065979], [-965.231628418, 23.1559391022, 846.973937988, 80.0494689941, 25.709651947, -0.305337995291, -44.7925262451, -47.4894218445, -45.7801933289, -61.708782196, -61.5368804932, -50.1465034485, 39.5908203125], [-265.665008545, 41.5327186584, 80.0494689941, 201.680938721, 22.4016017914, -13.1092643738, -58.8526077271, -18.5914516449, 15.9312448502, -6.35520601273, -19.1092624664, -14.7123069763, 14.1403093338], [-142.463760376, 54.6961860657, 25.709651947, 22.4016017914, 179.287338257, 11.7458772659, -38.6304626465, -19.488368988, 22.6570701599, -2.33075928688, -17.210144043, -9.29890155792, 12.4609651566], [-9.08689498901, -55.9838066101, -0.305337995291, -13.1092643738, 11.7458772659, 127.949775696, 72.231803894, 0.894778072834, -4.55182027817, 1.50232589245, 6.52073669434, 10.1474552155, -4.37955141068], [35.3333930969, -12.9299068451, -44.7925262451, -58.8526077271, -38.6304626465, 72.231803894, 176.998626709, 44.7866401672, -22.4561691284, -14.8591747284, 17.0813369751, 17.129442215, 5.80759096146], [-0.0755894258618, 27.5327091217, -47.4894218445, -18.5914516449, -19.488368988, 0.894778072834, 44.7866401672, 94.2525405884, 17.9453125, -3.23803901672, 3.90781211853, 13.090259552, 5.13779640198], [17.6074028015, -32.0301246643, -45.7801933289, 15.9312448502, 22.6570701599, -4.55182027817, -22.4561691284, 17.9453125, 89.8825836182, 17.5418758392, 0.504741847515, -4.02115631104, 2.10107207298], [207.048355103, -111.952613831, -61.708782196, -6.35520601273, -2.33075928688, 1.50232589245, -14.8591747284, -3.23803901672, 17.5418758392, 92.2783279419, 31.2931060791, 2.52810001373, -29.2393856049], [114.194015503, -22.0252685547, -61.5368804932, -19.1092624664, -17.210144043, 6.52073669434, 17.0813369751, 3.90781211853, 0.504741847515, 31.2931060791, 96.7528533936, 31.8398323059, -0.539882779121], [31.0094413757, 2.93917012215, -50.1465034485, -14.7123069763, -9.29890155792, 10.1474552155, 17.129442215, 13.090259552, -4.02115631104, 2.52810001373, 31.8398323059, 85.0885543823, 21.073595047], [-191.025100708, 87.491065979, 39.5908203125, 14.1403093338, 12.4609651566, -4.37955141068, 5.80759096146, 5.13779640198, 2.10107207298, -29.2393856049, -0.539882779121, 21.073595047, 93.281288147]],
        "icov": [[0.000984041020274, 0.00104429316707, 0.00105360872112, 0.000675890245475, 0.000142734032124, 0.000473878404591, 0.000244701310294, 9.47605076362e-05, 0.000648125947919, -8.62505694386e-05, -0.000235769723076, 0.000269393029157, 0.000364922307199], [0.00104429316707, 0.00196242937818, 0.00120723445434, 0.000574452045839, -0.000166081576026, 0.000836750317831, 0.000333020696416, -0.000269217533059, 0.00109728844836, 0.000804766372312, -0.000451865635114, 0.000446074671345, -0.000121812976431], [0.00105360872112, 0.00120723445434, 0.00256440811791, 0.000337614357704, 0.000113576832518, 0.000233265323914, 0.000615770113654, 0.000335782213369, 0.00149218749721, 0.000515978434123, 9.13984695217e-05, 0.00104394520167, -0.000282491208054], [0.000675890245475, 0.000574452045839, 0.000337614357704, 0.00633571809158, 0.000180510891369, -0.000336683151545, 0.00206652702764, 0.000326930079609, -0.000447134370916, -1.06653678813e-05, 0.000265862850938, 0.000645851425361, -0.00058261671802], [0.000142734032124, -0.000166081576026, 0.000113576832518, 0.000180510891369, 0.00663008494303, -0.00174775510095, 0.00166250462644, 0.000989893218502, -0.00153360271361, -0.000202278490178, 0.000823891139589, 0.000334367068717, -0.000852894503623], [0.000473878404591, 0.000836750317831, 0.000233265323914, -0.000336683151545, -0.00174775510095, 0.0117862503976, -0.00590711459517, 0.00231760065071, -0.000501354166772, -0.000533812155481, 0.000159202420036, -0.00127507967409, 0.00129755481612], [0.000244701310294, 0.000333020696416, 0.000615770113654, 0.00206652702764, 0.00166250462644, -0.00590711459517, 0.010992275551, -0.00466333562508, 0.00270594190806, 0.00174308463465, -0.00133107486181, 0.00083810382057, -0.00102440547198], [9.47605076362e-05, -0.000269217533059, 0.000335782213369, 0.000326930079609, 0.000989893218502, 0.00231760065071, -0.00466333562508, 0.0143359648064, -0.0042672296986, 6.2192317273e-05, 0.000979075324722, -0.00184228655417, 0.000269270414719], [0.000648125947919, 0.00109728844836, 0.00149218749721, -0.000447134370916, -0.00153360271361, -0.000501354166772, 0.00270594190806, -0.0042672296986, 0.01464117039, -0.00212066899985, -0.000153273489559, 0.00169014930725, -0.00139679445419], [-8.62505694386e-05, 0.000804766372312, 0.000515978434123, -1.06653678813e-05, -0.000202278490178, -0.000533812155481, 0.00174308463465, 6.2192317273e-05, -0.00212066899985, 0.0158528238535, -0.0049098613672, 0.000348783738445, 0.00365087809041], [-0.000235769723076, -0.000451865635114, 9.13984695217e-05, 0.000265862850938, 0.000823891139589, 0.000159202420036, -0.00133107486181, 0.000979075324722, -0.000153273489559, -0.0049098613672, 0.0140418019146, -0.0045690224506, -0.000633819377981], [0.000269393029157, 0.000446074671345, 0.00104394520167, 0.000645851425361, 0.000334367068717, -0.00127507967409, 0.00083810382057, -0.00184228655417, 0.00169014930725, 0.000348783738445, -0.0045690224506, 0.0154143283144, -0.00390043645166], [0.000364922307199, -0.000121812976431, -0.000282491208054, -0.00058261671802, -0.000852894503623, 0.00129755481612, -0.00102440547198, 0.000269270414719, -0.00139679445419, 0.00365087809041, -0.000633819377981, -0.00390043645166, 0.0140671730042]]
    },
    "spectral_contrast_coeffs": {
        "max": [-0.45160394907, -0.509581029415, -0.483798146248, -0.559047698975, -0.614907026291, -0.435592472553],
        "mean": [-0.698973476887, -0.7309871912, -0.715088307858, -0.752941429615, -0.758409261703, -0.696151375771],
        "min": [-0.857138216496, -0.90647393465, -0.889685034752, -0.892264306545, -0.903760969639, -0.847159862518],
        "stdev": [0.0643609464169, 0.0614095032215, 0.0633174106479, 0.0598496794701, 0.0495588779449, 0.0551032647491]
    },
    "spectral_contrast_valleys": {
        "max": [-6.27875566483, -5.50003290176, -5.43475055695, -5.83632612228, -6.26206731796, -8.77464962006],
        "mean": [-7.74077987671, -6.89580202103, -7.38514471054, -7.54339838028, -7.91436910629, -11.7511339188],
        "min": [-9.77265644073, -9.02366733551, -9.43835067749, -9.83638477325, -10.0181341171, -14.3557157516],
        "stdev": [0.464188247919, 0.603992402554, 0.710684537888, 0.696383178234, 0.757966399193, 0.895192980766]
    }
},
"rhythm": {
    "beats_count": 76,
    "beats_loudness": {
        "max": 0.0622604489326,
        "mean": 0.0176469646394,
        "min": 0.00141770229675,
        "stdev": 0.0132939741015
    },
    "bpm": 92.5821075439,
    "bpm_histogram_first_peak_bpm": 92,
    "bpm_histogram_first_peak_weight": 0.474576234818,
    "bpm_histogram_second_peak_bpm": 98,
    "bpm_histogram_second_peak_spread": 0,
    "bpm_histogram_second_peak_weight": 0.0799999982119,
    "danceability": 0.885499536991,
    "onset_rate": 2.830078125,
    "beats_loudness_band_ratio": {
        "max": [0.662558436394, 0.665008127689, 0.751788437366, 0.839184999466, 0.718488633633, 0.617899477482],
        "mean": [0.0916335880756, 0.120503880084, 0.276345014572, 0.3204613626, 0.18304400146, 0.046338673681],
        "min": [0.0024462218862, 0.00458439951763, 0.0295202117413, 0.0271083451807, 0.0101477559656, 0.00243644043803],
        "stdev": [0.126175433397, 0.145033717155, 0.163390308619, 0.230690732598, 0.18082767725, 0.075778529048]
    },
