{
"metadata": {
    "version": {
        "essentia": "2.1-beta5",
        "essentia_git_sha": "Undefined",
        "extractor": "music 2.0"
    },
    "audio_properties": {
        "analysis": {
            "equal_loudness": 0,
            "length": 12.7477550507,
            "sample_rate": 44100,
            "start_time": 0,
            "downmix": "mix"
        },
        "bit_rate": 192000,
        "length": 189.962463379,
        "lossless": 0,
        "number_channels": 2,
        "replay_gain": -12.3093013763,
        "sample_rate": 48000,
        "codec": "mp3",
        "md5_encoded": "c8d90d8991b1191a53f2cb076b33b797"
    },
    "tags": {
        "file_name": "Monaco_Celui Qui Reste Et Celui Qui S_en Va_Romuald.mp3",
        "encoding": ["Lavf58.29.100"]
    }
},
"lowlevel": {
    "average_loudness": 0.98286241293,
    "barkbands_crest": {
        "max": 18.6725711823,
        "mean": 7.08108234406,
        "min": 2.62242698669,
        "stdev": 2.91132068634
    },
    "barkbands_flatness_db": {
        "max": 0.202741771936,
        "mean": 0.127761796117,
        "min": 0.052167288959,
        "stdev": 0.0260938517749
    },
    "barkbands_kurtosis": {
        "max": 6.01708698273,
        "mean": 0.28066599369,
        "min": -1.37262821198,
        "stdev": 1.10149216652
    },
    "barkbands_skewness": {
        "max": 2.19822669029,
        "mean": 0.240120157599,
        "min": -2.04217123985,
        "stdev": 0.552942216396
    },
    "barkbands_spread": {
        "max": 47.1056289673,
        "mean": 19.6707286835,
        "min": 5.33503866196,
        "stdev": 7.69835758209
    },
    "dissonance": {
        "max": 0.499999523163,
        "mean": 0.470166891813,
        "min": 0.383673161268,
        "stdev": 0.0212923530489
    },
    "dynamic_complexity": 1.32114183903,
    "erbbands_crest": {
        "max": 26.1011257172,
        "mean": 10.213593483,
        "min": 2.98917031288,
        "stdev": 4.38997888565
    },
    "erbbands_flatness_db": {
        "max": 0.321147620678,
        "mean": 0.207797542214,
        "min": 0.0913182646036,
        "stdev": 0.0335243828595
    },
    "erbbands_kurtosis": {
        "max": 10.2500419617,
        "mean": 0.854707181454,
        "min": -1.39232170582,
        "stdev": 1.4869453907
    },
    "erbbands_skewness": {
        "max": 1.44123506546,
        "mean": 0.260890483856,
        "min": -0.983355879784,
        "stdev": 0.398620665073
    },
    "erbbands_spread": {
        "max": 62.4748802185,
        "mean": 22.5370292664,
        "min": 5.44138813019,
        "stdev": 10.2468223572
    },
    "hfc": {
        "max": 101.835029602,
        "mean": 32.9302253723,
        "min": 1.11733929252e-16,
        "stdev": 13.8006134033
    },
    "loudness_ebu128": {
        "integrated": -10.5782575607,
        "loudness_range": 1.18800544739,
        "momentary": {
            "max": -8.13835430145,
            "mean": -10.8063364029,
            "min": -18.4818820953,
            "stdev": 1.61364018917
        },
        "short_term": {
            "max": -9.45660114288,
            "mean": -10.4783267975,
            "min": -11.1675224304,
            "stdev": 0.38236489892
        }
    },
    "melbands_crest": {
        "max": 22.408914566,
        "mean": 8.79601192474,
        "min": 2.0771522522,
        "stdev": 3.44987487793
    },
    "melbands_flatness_db": {
        "max": 0.237018808722,
        "mean": 0.135152578354,
        "min": 0.0101011134684,
        "stdev": 0.0345925353467
    },
    "melbands_kurtosis": {
        "max": 17.1152458191,
        "mean": 1.25343239307,
        "min": -1.37012088299,
        "stdev": 2.08683180809
    },
    "melbands_skewness": {
        "max": 3.87299919128,
        "mean": 0.721995532513,
        "min": -1.3305311203,
        "stdev": 0.721715331078
    },
    "melbands_spread": {
        "max": 145.775527954,
        "mean": 32.5509262085,
        "min": 9.69517421722,
        "stdev": 12.0927562714
    },
    "pitch_salience": {
        "max": 0.924856722355,
        "mean": 0.604533672333,
        "min": 0.304448902607,
        "stdev": 0.104047477245
    },
    "silence_rate_20dB": {
        "max": 1,
        "mean": 1,
        "min": 1,
        "stdev": 0
    },
    "silence_rate_30dB": {
        "max": 1,
        "mean": 0.994545459747,
        "min": 0,
        "stdev": 0.0736534893513
    },
    "silence_rate_60dB": {
        "max": 1,
        "mean": 0.0236363634467,
        "min": 0,
        "stdev": 0.15191398561
    },
    "spectral_centroid": {
        "max": 11130.9667969,
        "mean": 1796.10876465,
        "min": 621.363647461,
        "stdev": 722.722961426
    },
    "spectral_complexity": {
        "max": 52,
        "mean": 27.0509090424,
        "min": 0,
        "stdev": 7.27693462372
    },
    "spectral_decrease": {
        "max": -9.39354515523e-29,
        "mean": -6.7767853551e-09,
        "min": -4.27980282325e-08,
        "stdev": 3.47511552867e-09
    },
    "spectral_energy": {
        "max": 0.170766368508,
        "mean": 0.0285640098155,
        "min": 1.04891332277e-20,
        "stdev": 0.0140594085678
    },
    "spectral_energyband_high": {
        "max": 0.00639687618241,
        "mean": 0.000991967739537,
        "min": 7.3138041526e-21,
        "stdev": 0.000997032155283
    },
    "spectral_energyband_low": {
        "max": 0.0352117046714,
        "mean": 0.00244955322705,
        "min": 5.88968916092e-23,
        "stdev": 0.00330975232646
    },
    "spectral_energyband_middle_high": {
        "max": 0.0454941578209,
        "mean": 0.0148459542543,
        "min": 1.48837327862e-21,
        "stdev": 0.00675568031147
    },
    "spectral_energyband_middle_low": {
        "max": 0.137975022197,
        "mean": 0.0111009357497,
        "min": 3.33823594549e-22,
        "stdev": 0.0101313572377
    },
    "spectral_entropy": {
        "max": 9.80614376068,
        "mean": 7.62368965149,
        "min": 7.04582166672,
        "stdev": 0.264044851065
    },
    "spectral_flux": {
        "max": 0.244321599603,
        "mean": 0.0915292054415,
        "min": 6.54224105445e-11,
        "stdev": 0.026966875419
    },
    "spectral_kurtosis": {
        "max": 12.3122329712,
        "mean": 4.03350353241,
        "min": -1.19960832596,
        "stdev": 1.93226838112
    },
    "spectral_rms": {
        "max": 0.0129074137658,
        "mean": 0.0051064514555,
        "min": 3.19895303823e-12,
        "stdev": 0.00133845512755
    },
    "spectral_rolloff": {
        "max": 18884.6191406,
        "mean": 2091.42236328,
        "min": 689.0625,
        "stdev": 1381.52636719
    },
    "spectral_skewness": {
        "max": 2.74586224556,
        "mean": 1.35186517239,
        "min": -0.0311568118632,
        "stdev": 0.337387979031
    },
    "spectral_spread": {
        "max": 40327712,
        "mean": 3565763.25,
        "min": 1552293.75,
        "stdev": 2394245
    },
    "spectral_strongpeak": {
        "max": 10.1218795776,
        "mean": 2.28213191032,
        "min": 0,
        "stdev": 1.75226986408
    },
    "zerocrossingrate": {
        "max": 0.66015625,
        "mean": 0.0751890987158,
        "min": 0.02978515625,
        "stdev": 0.045528087765
    },
    "barkbands": {
        "max": [0.000232653983403, 0.00923145376146, 0.0204495359212, 0.0190377663821, 0.0766270533204, 0.0325604900718, 0.0235383491963, 0.016087019816, 0.0176085513085, 0.0117057096213, 0.0305099431425, 0.0193917062134, 0.0264218561351, 0.0131649877876, 0.00712920539081, 0.0117157287896, 0.00740062864497, 0.00251153111458, 0.00535695068538, 0.0025735180825, 0.00309019116685, 0.00108136353083, 0.000948059023358, 0.000746058183722, 0.00032546807779, 9.42088990996e-06, 1.44860973705e-06],
        "mean": [4.57987516711e-05, 0.000775186228566, 0.00113149581011, 0.00105706043541, 0.00217936350964, 0.00156111037359, 0.00175611011218, 0.00201645493507, 0.00189882540144, 0.00145929318387, 0.0032389301341, 0.00201983423904, 0.00305168889463, 0.00206595403142, 0.00070289359428, 0.000625329848845, 0.000545564980712, 0.000437275943113, 0.000758792739362, 0.000523634138517, 0.000375599891413, 0.000159847870236, 8.87019050424e-05, 5.75414705963e-05, 3.12256161124e-05, 5.02875536768e-07, 4.57964999256e-09],
        "min": [2.2750428229e-23, 3.0930327326e-23, 8.84421148697e-24, 5.97328514548e-24, 5.18544384298e-24, 1.86454280034e-23, 7.44844233758e-23, 5.3598497873e-23, 1.11017354447e-22, 4.97227327378e-23, 9.1159440921e-23, 4.33143927752e-23, 3.25850924478e-23, 1.08633391547e-22, 1.37783796236e-22, 1.05053212593e-22, 1.47451229831e-22, 1.17821172469e-22, 2.36736854734e-22, 4.35732432817e-22, 5.36635239929e-22, 4.13475953e-22, 7.37558693091e-22, 5.95015995625e-22, 9.50936808442e-22, 1.58979822329e-21, 2.28692498034e-21],
        "stdev": [3.36468110618e-05, 0.00116400013212, 0.00172649638262, 0.00144263892435, 0.0050696968101, 0.00268078758381, 0.0026461223606, 0.00228668376803, 0.00263752532192, 0.00154755951371, 0.00422762101516, 0.00252703996375, 0.00442209467292, 0.00180485204328, 0.000726795755327, 0.000893154006917, 0.00062447541859, 0.000351087277522, 0.000735348381568, 0.000492194027174, 0.000458831316791, 0.000176900051883, 0.000112702444312, 7.32010739739e-05, 4.6223976824e-05, 9.38814309848e-07, 6.3927956262e-08]
    },
    "erbbands": {
        "max": [0.0458692014217, 3.07608389854, 22.5790596008, 29.3918704987, 227.401809692, 217.266693115, 113.886161804, 284.586791992, 339.901275635, 533.27331543, 245.38117981, 508.445220947, 468.983703613, 363.299621582, 1501.47424316, 966.059570312, 1172.58996582, 657.559936523, 277.667175293, 376.430267334, 726.254882812, 357.035095215, 104.264770508, 289.378387451, 297.973693848, 136.195663452, 183.062850952, 96.8916397095, 53.4453620911, 29.6707572937, 29.5705928802, 19.761756897, 9.26301383972, 4.28740406036, 3.26580357552, 0.202917531133, 0.0057827970013, 0.00101830041967, 0.000224403469474, 0.000202919196454],
        "mean": [0.00603538751602, 0.23609316349, 1.29045891762, 2.53230381012, 6.34508085251, 6.67053937912, 6.02295732498, 14.3360128403, 24.2234954834, 45.4864692688, 32.2529296875, 50.6180992126, 43.2896461487, 50.9669075012, 156.537811279, 95.058303833, 141.166442871, 127.545921326, 53.4587669373, 36.5951080322, 30.7700042725, 25.2993583679, 22.8882312775, 43.0981292725, 27.6775627136, 29.0450000763, 19.2409667969, 11.2460889816, 6.05031776428, 3.38929581642, 2.49318504333, 1.39746499062, 0.853070616722, 0.428052991629, 0.202173441648, 0.015312009491, 0.000438053597463, 3.86140673072e-05, 2.17890192289e-05, 3.6505778553e-05],
        "min": [1.96725158143e-21, 2.80834542843e-21, 1.17968363059e-20, 1.08708326518e-20, 1.8563829645e-20, 1.68563252967e-20, 6.69670625145e-20, 1.54113415792e-19, 4.54196912739e-19, 1.47717831072e-18, 1.6195632877e-18, 2.42183490707e-18, 2.26589171606e-18, 2.86176781393e-18, 2.89625772995e-18, 2.02842636017e-18, 1.66090184561e-18, 3.78403159712e-18, 6.76783667554e-18, 5.62519253842e-18, 7.18546982706e-18, 8.88523334163e-18, 6.18825851729e-18, 1.12843102353e-17, 1.31234081882e-17, 2.18748591278e-17, 1.98703126447e-17, 2.15653910083e-17, 1.51680588689e-17, 1.77379469047e-17, 1.87198748119e-17, 1.11960037418e-17, 1.2437518296e-17, 9.78492295232e-18, 7.19928539766e-18, 4.85693655039e-18, 3.48310494464e-18, 1.0202285409e-18, 3.33475847698e-19, 3.51610212278e-20],
        "stdev": [0.00619184784591, 0.359200268984, 1.97141063213, 3.29251527786, 15.6949090958, 14.5703058243, 9.93177223206, 23.7086925507, 39.1763801575, 59.529094696, 31.0451755524, 75.4452209473, 48.7510375977, 53.0597686768, 197.096252441, 110.900802612, 193.408676147, 101.792350769, 42.9209976196, 36.9012298584, 46.6459121704, 28.3774433136, 16.685344696, 40.9722175598, 27.3703117371, 28.8645610809, 22.804851532, 13.1100530624, 6.78300142288, 3.91297864914, 3.3492064476, 1.7549533844, 1.10606062412, 0.563393175602, 0.360425561666, 0.0231252573431, 0.00065802881727, 7.41591429687e-05, 1.47664050019e-05, 1.72115796886e-05]
    },
    "gfcc": {
        "mean": [10.1939516068, 103.529441833, -177.24319458, 31.9122257233, -76.7331771851, 20.3014755249, -35.5217247009, -0.0484854504466, -27.2200145721, -4.00939226151, -1.82859325409, -19.2158699036, -3.95244622231],
        "cov": [[11355.2148438, 1080.07580566, -931.996582031, 449.840148926, -728.883483887, -42.5883674622, -244.683120728, -28.7629756927, -337.081359863, -58.9825592041, -16.4744644165, -179.283279419, -74.3622055054], [1080.07580566, 719.939697266, 76.4772796631, -22.5082836151, 22.4182472229, -27.5841388702, 127.342315674, -48.7065048218, -34.0644493103, -47.5141525269, 67.2572021484, -144.546401978, -64.2073440552], [-931.996582031, 76.4772796631, 493.465911865, 73.6861953735, 34.2057571411, -5.5898308754, 31.5161762238, -1.60621631145, -52.824508667, 6.18697738647, -7.61346340179, -8.05914402008, -53.8890151978], [449.840148926, -22.5082836151, 73.6861953735, 215.131164551, -1.88636672497, -16.8570709229, -21.6523456573, 20.8789138794, -19.0971546173, -0.474752634764, -12.4943447113, 21.0497608185, 8.08572292328], [-728.883483887, 22.4182472229, 34.2057571411, -1.88636672497, 152.086990356, 43.6563301086, 43.0719566345, 2.0482480526, 47.0216026306, -7.73529815674, 17.0633049011, -0.767898201942, 11.1186857224], [-42.5883674622, -27.5841388702, -5.5898308754, -16.8570709229, 43.6563301086, 107.128395081, 13.6326780319, 13.4697675705, 10.4498443604, 11.7815485001, 2.36859226227, 4.00594234467, 0.387435942888], [-244.683120728, 127.342315674, 31.5161762238, -21.6523456573, 43.0719566345, 13.6326780319, 116.392471313, 4.62575626373, 10.4426832199, -3.58562207222, 29.8224182129, -41.1917648315, -21.8950653076], [-28.7629756927, -48.7065048218, -1.60621631145, 20.8789138794, 2.0482480526, 13.4697675705, 4.62575626373, 51.4190826416, 21.731546402, 7.94723892212, -4.23235654831, 11.6559495926, 5.85529279709], [-337.081359863, -34.0644493103, -52.824508667, -19.0971546173, 47.0216026306, 10.4498443604, 10.4426832199, 21.731546402, 77.7422409058, 12.2671613693, 7.83401298523, 9.40463829041, 17.318780899], [-58.9825592041, -47.5141525269, 6.18697738647, -0.474752634764, -7.73529815674, 11.7815485001, -3.58562207222, 7.94723892212, 12.2671613693, 45.5056037903, 14.7842216492, 13.4832572937, 3.34802341461], [-16.4744644165, 67.2572021484, -7.61346340179, -12.4943447113, 17.0633049011, 2.36859226227, 29.8224182129, -4.23235654831, 7.83401298523, 14.7842216492, 56.1164360046, 1.61279308796, 3.26508998871], [-179.283279419, -144.546401978, -8.05914402008, 21.0497608185, -0.767898201942, 4.00594234467, -41.1917648315, 11.6559495926, 9.40463829041, 13.4832572937, 1.61279308796, 84.3115081787, 47.3306808472], [-74.3622055054, -64.2073440552, -53.8890151978, 8.08572292328, 11.1186857224, 0.387435942888, -21.8950653076, 5.85529279709, 17.318780899, 3.34802341461, 3.26508998871, 47.3306808472, 66.9697418213]],
        "icov": [[0.00101522472687, -0.00269157416187, 0.00276379822753, -0.00285509089008, 0.00365677359514, -0.00232322025113, 0.00220449711196, -0.00119189615361, 0.00241044699214, -0.00102696113754, 0.000866558344569, -0.00103702046908, 0.0014653368853], [-0.00269157416187, 0.0104530462995, -0.00803685095161, 0.00713450787589, -0.00878525432199, 0.00600242801011, -0.00668703066185, 0.00464851642027, -0.00672284234315, 0.00624948460609, -0.00711956154555, 0.00843154918402, -0.00564983673394], [0.00276379822753, -0.00803685095161, 0.0106973228976, -0.00828414037824, 0.0076152337715, -0.00520931463689, 0.0052089379169, -0.0041524944827, 0.00968928448856, -0.00552592659369, 0.00470950314775, -0.00586758786812, 0.00749135343358], [-0.00285509089008, 0.00713450787589, -0.00828414037824, 0.0138517078012, -0.0117679694667, 0.00811075326055, -0.00506239384413, -0.000514256127644, -0.00398504268378, 0.00191077811178, -0.00127013830934, 0.00177921133582, -0.00463227229193], [0.00365677359514, -0.00878525432199, 0.0076152337715, -0.0117679694667, 0.0269460193813, -0.0142014864832, 0.00488363951445, 0.0012594392756, -0.00187078502495, 0.00411267904565, -0.000961895624641, -0.00208660680801, 0.00208094809204], [-0.00232322025113, 0.00600242801011, -0.00520931463689, 0.00811075326055, -0.0142014864832, 0.0180783737451, -0.00546741345897, -0.00185974338092, -0.000856972648762, -0.00328498100862, 0.000599749095272, 0.000998359406367, -0.00171659141779], [0.00220449711196, -0.00668703066185, 0.0052089379169, -0.00506239384413, 0.00488363951445, -0.00546741345897, 0.0200821850449, -0.00728679681197, 0.00548384245485, -0.00101088522933, -0.00504406262189, 0.00382444844581, 0.00343833933584], [-0.00119189615361, 0.00464851642027, -0.0041524944827, -0.000514256127644, 0.0012594392756, -0.00185974338092, -0.00728679681197, 0.0302716363221, -0.0141404531896, 0.00254729227163, 0.000658562756144, -0.000444585166406, -0.00156184786465], [0.00241044699214, -0.00672284234315, 0.00968928448856, -0.00398504268378, -0.00187078502495, -0.000856972648762, 0.00548384245485, -0.0141404531896, 0.0317543260753, -0.0118269100785, 0.00446653319523, -0.00259595294483, 0.00184996437747], [-0.00102696113754, 0.00624948460609, -0.00552592659369, 0.00191077811178, 0.00411267904565, -0.00328498100862, -0.00101088522933, 0.00254729227163, -0.0118269100785, 0.0365923717618, -0.0165024809539, 0.00348044512793, -0.00146900187247], [0.000866558344569, -0.00711956154555, 0.00470950314775, -0.00127013830934, -0.000961895624641, 0.000599749095272, -0.00504406262189, 0.000658562756144, 0.00446653319523, -0.0165024809539, 0.0338457152247, -0.0126564782113, 0.00349358143285], [-0.00103702046908, 0.00843154918402, -0.00586758786812, 0.00177921133582, -0.00208660680801, 0.000998359406367, 0.00382444844581, -0.000444585166406, -0.00259595294483, 0.00348044512793, -0.0126564782113, 0.0369390808046, -0.0213663708419], [0.0014653368853, -0.00564983673394, 0.00749135343358, -0.00463227229193, 0.00208094809204, -0.00171659141779, 0.00343833933584, -0.00156184786465, 0.00184996437747, -0.00146900187247, 0.00349358143285, -0.0213663708419, 0.033180270344]]
    },
    "melbands": {
        "max": [0.00134994729888, 0.00898186676204, 0.0115060126409, 0.0189286302775, 0.00372935971245, 0.00676730368286, 0.0053569637239, 0.00518815219402, 0.00185458583292, 0.00339694274589, 0.00230471137911, 0.00150662881788, 0.00415986310691, 0.00245867902413, 0.0016407049261, 0.0034975099843, 0.00147316802759, 0.000567129231058, 0.000632522976957, 0.000639843114186, 0.000929868838284, 0.000469247141154, 0.000189849364688, 0.000165218894836, 0.000281597254798, 0.000138216433697, 0.000198957539396, 0.000104867205664, 0.000133113149786, 6.59780562273e-05, 4.29848696513e-05, 3.27739835484e-05, 2.19560752157e-05, 1.73811822606e-05, 1.81750947377e-05, 1.42107601278e-05, 1.1147519217e-05, 7.3863061516e-06, 6.22734887656e-06, 3.41156010109e-06],
        "mean": [0.000129446110805, 0.000559244130272, 0.000549126998521, 0.000493850558996, 0.000220025656745, 0.000332314986736, 0.000368338864064, 0.00050280400319, 0.000259970809566, 0.000306398345856, 0.000206986645935, 0.000179433161975, 0.00048510855413, 0.000306450296193, 0.00024301445228, 0.000302798260236, 0.000235163679463, 9.01526072994e-05, 4.3291332986e-05, 5.61534579901e-05, 3.24182183249e-05, 2.68139010586e-05, 2.28884200624e-05, 2.37938038481e-05, 3.71494243154e-05, 2.05800788535e-05, 1.68581282196e-05, 1.96661512746e-05, 1.2451546354e-05, 9.29247198656e-06, 5.9259587033e-06, 3.75819104192e-06, 2.22285825657e-06, 1.70937983057e-06, 1.58228863256e-06, 1.02430067273e-06, 7.61460512422e-07, 6.22492848379e-07, 4.83410076413e-07, 3.09386223307e-07],
        "min": [1.32602406349e-23, 4.86148825149e-24, 2.38046173721e-24, 1.28358447092e-24, 2.27226847799e-24, 3.40564702862e-24, 9.38583707361e-24, 1.39977750942e-23, 1.29031335583e-23, 1.6803770689e-23, 1.12613152216e-23, 1.10648912228e-23, 9.49510771961e-24, 7.21387580959e-24, 3.58509592405e-24, 3.36561825414e-24, 7.97728963973e-24, 1.06357950665e-23, 8.83031885757e-24, 7.82800796861e-24, 8.19868581936e-24, 7.96353584985e-24, 6.73798757991e-24, 5.10380699448e-24, 9.00195605788e-24, 6.38878843945e-24, 1.43071868516e-23, 1.40739506586e-23, 1.07155867694e-23, 1.22884807511e-23, 1.24595042176e-23, 7.53810868569e-24, 8.18089385051e-24, 9.71946843853e-24, 9.62766001752e-24, 1.03151010205e-23, 5.67612676451e-24, 8.36635662705e-24, 8.58583193038e-24, 7.31567988713e-24],
        "stdev": [0.000174131258973, 0.000823884445708, 0.000821112364065, 0.00123387540225, 0.000344742788002, 0.000556829094421, 0.000584843102843, 0.000642725615762, 0.000249022414209, 0.000468643411295, 0.000240787063376, 0.000221210095333, 0.000595588469878, 0.000329655507812, 0.00028668961022, 0.000489885394927, 0.000207626231713, 8.00497364253e-05, 5.0858114264e-05, 6.58339922666e-05, 5.88534894632e-05, 3.46005654137e-05, 2.3864713512e-05, 2.16988592001e-05, 3.88197404391e-05, 1.88451031136e-05, 2.05637279578e-05, 1.97373938136e-05, 1.53757500811e-05, 1.20876748042e-05, 6.73720751365e-06, 4.34329240306e-06, 2.74213743978e-06, 2.0839681838e-06, 2.28952285397e-06, 1.38284974582e-06, 9.9035310086e-07, 8.36190167774e-07, 6.83277789904e-07, 4.14469127463e-07]
    },
    "melbands128": {
        "max": [0.000212838829611, 0.000161892268807, 0.000536613457371, 0.00640295632184, 0.0123061677441, 0.00872734375298, 0.00570962298661, 0.0130847785622, 0.0276853218675, 0.0272468738258, 0.00940575357527, 0.00365151115693, 0.00409645214677, 0.00515764486045, 0.00404279306531, 0.0125328181311, 0.00885561946779, 0.00981197506189, 0.00462445849553, 0.010233880952, 0.00570047693327, 0.00233966321684, 0.0029545254074, 0.00494327070192, 0.00490737007931, 0.00537252984941, 0.00245631695725, 0.00445298338309, 0.00122185645159, 0.003093467094, 0.00166053359862, 0.00390874315053, 0.00386911956593, 0.011502536945, 0.00353133073077, 0.00472735380754, 0.0050978064537, 0.00190033495892, 0.00445129023865, 0.00409740069881, 0.00681369425729, 0.00400966592133, 0.00159204762895, 0.00325204315595, 0.00156150280964, 0.000817094405647, 0.000689129927196, 0.000956540170591, 0.000501409813296, 0.000530820398126, 0.00077252095798, 0.000734627188649, 0.000919134472497, 0.00102244876325, 0.000981124001555, 0.000396204792196, 0.000205614895094, 0.000477586843772, 0.00016510648129, 0.000120381278975, 0.000234787454247, 0.000256670813542, 0.000498537381645, 0.000295108795399, 0.000162292053574, 0.000242303154664, 0.000196860331926, 0.000588168797549, 4.77226421935e-05, 0.000269241281785, 0.000159008224728, 0.000220794245251, 8.58553976286e-05, 0.00028577746707, 0.000106686908111, 0.000135717782541, 0.00013562674576, 9.57017036853e-05, 5.61955785088e-05, 6.47814886179e-05, 7.76706583565e-05, 4.82490067952e-05, 5.49319665879e-05, 1.99728528969e-05, 2.31818976317e-05, 3.26669796777e-05, 1.65085093613e-05, 2.690241854e-05, 2.57412739302e-05, 2.0187231712e-05, 1.36546650538e-05, 1.35651725941e-05, 1.41785558299e-05, 1.18534981084e-05, 1.16677856568e-05, 1.16746623462e-05, 1.04962118712e-05, 8.4350222096e-06, 1.42503140523e-05, 5.57970224691e-06, 4.767046903e-06, 5.17480475537e-06, 3.76724551643e-06, 6.8021900006e-06, 6.69138944431e-06, 2.25031294576e-06, 6.86594830768e-07, 4.42388540023e-07, 8.50342161129e-08, 1.4810074056e-08, 1.66727396333e-08, 1.47211070001e-08, 7.70982211407e-09, 1.09297584316e-08, 1.64213016518e-08, 1.23138788055e-08, 6.92601842545e-09, 6.75144784523e-09, 6.57194565434e-09, 6.41502984067e-09, 6.26173068952e-09, 6.13880102307e-09, 6.01954575075e-09, 5.9117000184e-09, 5.82870152144e-09, 5.76068925895e-09, 5.70945690725e-09, 5.67985658506e-09],
        "mean": [3.16146470141e-05, 2.29525794566e-05, 7.30352476239e-05, 0.000504355353769, 0.000704070436768, 0.000501988455653, 0.000484822288854, 0.000538515683729, 0.000700970180333, 0.000550021126401, 0.000332745199557, 0.000256133236689, 0.000200604699785, 0.000154635301442, 0.000226068223128, 0.00054730247939, 0.000458997063106, 0.000299490231555, 0.000261459150352, 0.000642699305899, 0.000580943829846, 0.000213798237382, 0.000206335869734, 0.000275871017948, 0.000429742067354, 0.000262093206402, 0.000177912821528, 0.000271137803793, 0.000124418773339, 0.00021447679319, 0.000129534339067, 0.000241318906774, 0.000537192972843, 0.000753792235628, 0.000239151573624, 0.000250577868428, 0.000252662808634, 0.000115766779345, 0.000370957975974, 0.00034802115988, 0.000295192206977, 0.000217466513277, 0.000250558368862, 0.000271441298537, 8.56152691995e-05, 7.21006508684e-05, 7.15014975867e-05, 2.9020695365e-05, 3.79296616302e-05, 5.18504384672e-05, 7.2178481787e-05, 4.83109179186e-05, 2.07742414204e-05, 3.11768926622e-05, 4.21640252171e-05, 1.75387176569e-05, 2.0125618903e-05, 3.86749161407e-05, 1.56665973918e-05, 1.1755380001e-05, 2.25630519708e-05, 2.46667023021e-05, 6.11163777648e-05, 3.12500160362e-05, 1.8314087356e-05, 2.00453741854e-05, 2.12849281525e-05, 2.15545605897e-05, 6.38634628558e-06, 2.7843621865e-05, 1.89879574464e-05, 2.0149136617e-05, 1.05110830191e-05, 1.31566375785e-05, 9.10334983928e-06, 1.47011669469e-05, 5.40437622476e-06, 5.39258599019e-06, 6.48674995318e-06, 5.9343014982e-06, 4.43171984443e-06, 2.51279084296e-06, 2.78789821095e-06, 2.03831950785e-06, 1.98255179384e-06, 1.82935605153e-06, 1.46108368426e-06, 1.73813270976e-06, 1.85207352388e-06, 1.22538244796e-06, 1.07163680241e-06, 9.56097096605e-07, 1.0023992445e-06, 6.73703368648e-07, 7.58811665946e-07, 5.65978041323e-07, 7.01311762441e-07, 4.81128779484e-07, 5.95854999119e-07, 3.3413968481e-07, 4.30148361374e-07, 2.45569708568e-07, 2.80007583342e-07, 3.23846620631e-07, 2.89058391445e-07, 1.77679638114e-07, 6.14845063751e-08, 2.24590870346e-08, 3.85101817102e-09, 7.40398783949e-11, 7.4642354797e-11, 5.40611409805e-11, 5.70858048332e-11, 5.98891700121e-11, 7.15797698891e-11, 5.15635797949e-11, 3.31005153842e-11, 2.66745566607e-11, 2.46317879288e-11, 1.8990949438e-11, 1.80771630304e-11, 1.69229231323e-11, 1.75280345793e-11, 1.51734094039e-11, 1.44428791843e-11, 1.37965030025e-11, 1.34768715285e-11, 1.33821712392e-11],
        "min": [1.33370772648e-23, 1.87946189555e-23, 6.55558361153e-24, 4.69982106972e-24, 7.30496242287e-24, 2.9834804238e-24, 1.59126753826e-24, 3.65615809212e-24, 1.34533305131e-24, 1.504820709e-24, 5.47951265021e-25, 1.17208282766e-24, 9.03420173346e-25, 4.96397035498e-24, 1.94896330231e-24, 2.51903560762e-24, 3.53771378264e-24, 5.99356636492e-24, 2.16805088051e-23, 2.23317292595e-23, 3.64710788538e-24, 9.57552341143e-24, 2.06610559686e-23, 7.74931593787e-24, 9.87864715857e-24, 2.48851962791e-23, 1.77359218668e-23, 6.74984889248e-24, 8.3808677234e-24, 8.13567161026e-24, 1.46827303964e-23, 1.28520272046e-23, 3.88470016826e-24, 1.4960874863e-23, 4.76295597455e-24, 7.67573335921e-24, 4.43657305806e-24, 1.48300446484e-24, 5.48771088717e-24, 3.02560796272e-24, 2.5670403575e-24, 3.54123999089e-24, 5.10099312763e-24, 7.1752263584e-24, 1.36145370001e-23, 9.93121290499e-24, 7.54947301589e-24, 6.99681836494e-24, 9.43633127129e-24, 5.03352106555e-24, 3.91102563996e-24, 5.50459606042e-24, 3.17405699116e-24, 7.29406746491e-24, 9.67702693297e-24, 7.3290747453e-24, 7.0433903462e-24, 7.03400369029e-24, 4.94995545213e-24, 4.06141999939e-24, 3.85509224633e-24, 7.25819007094e-24, 5.17355847015e-24, 1.02366196156e-23, 4.47701204021e-24, 5.87462704523e-24, 5.21582287644e-24, 1.08326876487e-23, 9.75898405899e-24, 1.75393677059e-23, 1.96732206773e-23, 7.72663934229e-24, 7.88970320229e-24, 7.9946232804e-24, 9.38570375611e-24, 1.02186872295e-23, 1.0906192919e-23, 1.29344434476e-23, 1.4000220563e-23, 8.38635503986e-24, 3.68203075765e-24, 7.23866813012e-24, 1.18862634525e-23, 5.43701237451e-24, 7.66972697228e-24, 8.60402464057e-24, 1.18411208872e-23, 7.11606100165e-24, 6.57099558703e-24, 6.37093375615e-24, 1.58066647043e-23, 6.43047066639e-24, 5.74123421603e-24, 5.18854919393e-24, 5.90213738601e-24, 6.32425803968e-24, 8.91757712888e-24, 1.07236962595e-23, 7.49499428178e-24, 9.08334914836e-24, 6.31988183381e-24, 5.61637725626e-24, 9.20459470291e-24, 1.07654167462e-23, 8.69324402009e-24, 6.35402807252e-24, 6.13382425615e-24, 7.49208496276e-24, 7.66708902142e-24, 1.18358008092e-23, 6.36388922827e-24, 9.33161787473e-24, 1.32242236125e-23, 1.4715133647e-23, 6.52526571479e-24, 6.09678250348e-24, 4.45165410641e-24, 6.00115126252e-24, 6.89878740911e-24, 1.08092395472e-23, 1.04082236837e-23, 9.61966648997e-24, 8.13020795963e-24, 8.45337666236e-24, 9.5042324737e-24, 9.49185761268e-24, 6.43442838155e-24, 5.69652828524e-24],
        "stdev": [2.2203044864e-05, 2.10384478123e-05, 9.14784759516e-05, 0.000792821752839, 0.00112751976121, 0.000751155777834, 0.000701591081452, 0.000842366891447, 0.00188942532986, 0.00178015558049, 0.000690396816935, 0.000404771126341, 0.000368596549379, 0.000336975994287, 0.000360763835488, 0.00106556189712, 0.000799286819529, 0.000846107606776, 0.000484322779812, 0.00101820530836, 0.000855680264067, 0.000296247773804, 0.000351399532519, 0.000447714730399, 0.000782419519965, 0.000630689086393, 0.000280735170236, 0.000439544062829, 0.000155446410645, 0.000366772845155, 0.000208718483918, 0.000463703123387, 0.000720711017493, 0.00132501102053, 0.000382017315133, 0.000471615552669, 0.000515388674103, 0.000206999364309, 0.000656960939523, 0.000658571079839, 0.000858737505041, 0.000423002784373, 0.000287948379992, 0.000369857792975, 0.000144303106936, 0.000105622209958, 9.33598348638e-05, 5.97345642745e-05, 5.96202953602e-05, 6.3744126237e-05, 0.000103887861769, 7.22012191545e-05, 6.38733472442e-05, 7.00925593264e-05, 8.06008029031e-05, 2.87758502964e-05, 2.60681827058e-05, 5.5866985349e-05, 1.77239344339e-05, 1.27714738483e-05, 3.31183509843e-05, 3.14731332764e-05, 7.71660997998e-05, 3.8512993342e-05, 2.23513470701e-05, 2.96647158393e-05, 2.35579100263e-05, 4.77232351841e-05, 6.40299094812e-06, 3.87352047255e-05, 2.36428313656e-05, 2.58369436779e-05, 1.16292912935e-05, 2.69150586973e-05, 1.10998644232e-05, 2.34990293393e-05, 1.07375271909e-05, 1.00399274743e-05, 7.90315607446e-06, 7.52358482714e-06, 7.95722644398e-06, 3.81775635105e-06, 4.26079941462e-06, 3.09058373205e-06, 2.77956246464e-06, 2.65839389613e-06, 1.88880881069e-06, 2.95234849546e-06, 3.25976361637e-06, 1.82982557817e-06, 1.61144578215e-06, 1.61313687386e-06, 1.51945619109e-06, 1.01320006252e-06, 1.12972384159e-06, 9.08363347207e-07, 1.19105766316e-06, 7.10589574737e-07, 1.15256750632e-06, 5.27392444383e-07, 6.34324464954e-07, 3.99422361852e-07, 4.32646828585e-07, 8.02593774551e-07, 6.12100109265e-07, 2.87652625275e-07, 1.0283042684e-07, 4.35239648766e-08, 8.53962500713e-09, 8.42608760543e-10, 9.47476430646e-10, 7.15978054622e-10, 5.62067170584e-10, 6.35590580167e-10, 8.66570482039e-10, 6.23879725659e-10, 3.67023661463e-10, 3.41394468251e-10, 3.29892696493e-10, 2.79294865013e-10, 2.713585745e-10, 2.62708216292e-10, 2.59448434958e-10, 2.52223825159e-10, 2.48404269376e-10, 2.45340692206e-10, 2.43140285683e-10, 2.4187968295e-10]
    },
    "mfcc": {
        "mean": [-600.743591309, 113.904396057, -34.7172851562, 6.96023464203, -14.597079277, 5.08524274826, 5.31907129288, -4.61840105057, -8.48409843445, 0.522499442101, 0.46460339427, 1.72555398941, -3.88071918488],
        "cov": [[4393.50390625, 452.866699219, 98.7724533081, 271.56729126, -199.743911743, -54.9669799805, 28.4884872437, -75.2320785522, -112.036903381, -71.644821167, -58.4331741333, -11.3879137039, 19.0009784698], [452.866699219, 710.85168457, 68.6315307617, -3.69014692307, -50.8733787537, 25.8365688324, 134.02305603, -13.3495397568, -51.0317192078, 40.3152961731, 98.078086853, -4.64270830154, -95.5366821289], [98.7724533081, 68.6315307617, 340.844329834, 110.775924683, -8.70027065277, -10.1212358475, 47.6998939514, -15.031255722, -36.7085647583, -17.4266204834, 13.3017978668, -15.9224338531, -36.2726249695], [271.56729126, -3.69014692307, 110.775924683, 201.432556152, 7.83671951294, -18.3454055786, 9.75762367249, -3.99285984039, -5.0068655014, -15.4658203125, -26.76811409, 6.82014751434, 22.7473106384], [-199.743911743, -50.8733787537, -8.70027065277, 7.83671951294, 117.990097046, 32.5312347412, -14.4951381683, 19.3856372833, 24.1826152802, 0.301372617483, -14.5596780777, 9.89242649078, 8.57264709473], [-54.9669799805, 25.8365688324, -10.1212358475, -18.3454055786, 32.5312347412, 73.2037124634, 29.3415279388, 12.2399482727, 5.05893850327, 11.9354629517, 21.4736728668, 1.2755856514, -12.3183135986], [28.4884872437, 134.02305603, 47.6998939514, 9.75762367249, -14.4951381683, 29.3415279388, 104.606140137, 10.3650989532, -15.2913503647, 19.8372898102, 36.4682846069, 3.04905629158, -30.4118499756], [-75.2320785522, -13.3495397568, -15.031255722, -3.99285984039, 19.3856372833, 12.2399482727, 10.3650989532, 51.930770874, 21.7041778564, 5.36801099777, 5.44014978409, 1.90155935287, 2.01398134232], [-112.036903381, -51.0317192078, -36.7085647583, -5.0068655014, 24.1826152802, 5.05893850327, -15.2913503647, 21.7041778564, 58.6805267334, 10.3093395233, -11.0086965561, 3.57783460617, 6.67698669434], [-71.644821167, 40.3152961731, -17.4266204834, -15.4658203125, 0.301372617483, 11.9354629517, 19.8372898102, 5.36801099777, 10.3093395233, 57.6062202454, 33.8299598694, 6.54812431335, -18.0625286102], [-58.4331741333, 98.078086853, 13.3017978668, -26.76811409, -14.5596780777, 21.4736728668, 36.4682846069, 5.44014978409, -11.0086965561, 33.8299598694, 79.2655258179, 10.5659179688, -31.748506546], [-11.3879137039, -4.64270830154, -15.9224338531, 6.82014751434, 9.89242649078, 1.2755856514, 3.04905629158, 1.90155935287, 3.57783460617, 6.54812431335, 10.5659179688, 48.2132453918, 17.8953018188], [19.0009784698, -95.5366821289, -36.2726249695, 22.7473106384, 8.57264709473, -12.3183135986, -30.4118499756, 2.01398134232, 6.67698669434, -18.0625286102, -31.748506546, 17.8953018188, 72.1532287598]],
        "icov": [[0.000318865349982, -0.000263945868937, 9.67920568655e-05, -0.000471576378914, 0.000589919625781, -0.000326369976392, 0.000293330027489, -1.23869067465e-05, 0.000334519107128, 0.000135756577947, 0.000451049301773, -0.000121673263493, -6.27919371254e-06], [-0.000263945868937, 0.00246763601899, 0.000266461749561, 4.85676973767e-05, -0.000458250375232, 0.000798596534878, -0.0023808288388, 0.000696656177752, 0.000468258513138, 0.000170633589732, -0.00184371427167, 0.000138947259984, 0.00177700468339], [9.67920568655e-05, 0.000266461749561, 0.00472547719255, -0.00282738776878, -0.000640957267024, 0.00115812302101, -0.0016926783137, 0.000831094977912, 0.00150232214946, 0.00219995272346, -0.00157706544269, 0.00116965617053, 0.0025591799058], [-0.000471576378914, 4.85676973767e-05, -0.00282738776878, 0.0079676406458, -0.00141949905083, 0.00163836078718, -0.00153571518604, 2.99287949019e-05, -0.000985134858638, -0.000943964638282, 0.00194566522259, -0.000934605312068, -0.00300177698955], [0.000589919625781, -0.000458250375232, -0.000640957267024, -0.00141949905083, 0.013651240617, -0.00788022764027, 0.00403897278011, -0.00338944769464, -0.00128525053151, -0.000811118807178, 0.00482015637681, -0.00392751581967, 0.00120382604655], [-0.000326369976392, 0.000798596534878, 0.00115812302101, 0.00163836078718, -0.00788022764027, 0.0216182824224, -0.00726613448933, 0.000407019222621, -0.00122275343165, 0.00120456714649, -0.00602045236155, 0.00296224071644, -0.000206967568374], [0.000293330027489, -0.0023808288388, -0.0016926783137, -0.00153571518604, 0.00403897278011, -0.00726613448933, 0.0182489808649, -0.00553466752172, 0.0037121498026, -0.00325552932918, 0.00095761596458, -0.00306456093676, 0.00255236378871], [-1.23869067465e-05, 0.000696656177752, 0.000831094977912, 2.99287949019e-05, -0.00338944769464, 0.000407019222621, -0.00553466752172, 0.0263423770666, -0.00999878626317, 0.00272331945598, -0.00489789620042, 0.00269558141008, -0.00247851363383], [0.000334519107128, 0.000468258513138, 0.00150232214946, -0.000985134858638, -0.00128525053151, -0.00122275343165, 0.0037121498026, -0.00999878626317, 0.026504766196, -0.00718051055446, 0.00608420930803, -0.00196313578635, 0.00229918723926], [0.000135756577947, 0.000170633589732, 0.00219995272346, -0.000943964638282, -0.000811118807178, 0.00120456714649, -0.00325552932918, 0.00272331945598, -0.00718051055446, 0.0274506937712, -0.0112889744341, -0.00077041372424, 0.00320768868551], [0.000451049301773, -0.00184371427167, -0.00157706544269, 0.00194566522259, 0.00482015637681, -0.00602045236155, 0.00095761596458, -0.00489789620042, 0.00608420930803, -0.0112889744341, 0.0278038159013, -0.00880341138691, 0.00600202986971], [-0.000121673263493, 0.000138947259984, 0.00116965617053, -0.000934605312068, -0.00392751581967, 0.00296224071644, -0.00306456093676, 0.00269558141008, -0.00196313578635, -0.00077041372424, -0.00880341138691, 0.0279967412353, -0.0101244142279], [-6.27919371254e-06, 0.00177700468339, 0.0025591799058, -0.00300177698955, 0.00120382604655, -0.000206967568374, 0.00255236378871, -0.00247851363383, 0.00229918723926, 0.00320768868551, 0.00600202986971, -0.0101244142279, 0.0251557081938]]
    },
    "spectral_contrast_coeffs": {
        "max": [-0.493362396955, -0.585984528065, -0.503884077072, -0.601486504078, -0.642864346504, -0.621716022491],
        "mean": [-0.713944733143, -0.751592099667, -0.722307741642, -0.739096283913, -0.764151275158, -0.704983234406],
        "min": [-0.974391400814, -0.976139366627, -0.96924084425, -0.966528356075, -0.963690400124, -0.960753977299],
        "stdev": [0.0652764961123, 0.0674003139138, 0.0683338940144, 0.0585950054228, 0.0393522381783, 0.0430429801345]
    },
    "spectral_contrast_valleys": {
        "max": [-4.89960098267, -4.8543548584, -5.61843490601, -5.11523342133, -5.78453969955, -8.5543050766],
        "mean": [-7.10891342163, -6.35556221008, -6.7791724205, -7.10798120499, -7.14339256287, -10.6014604568],
        "min": [-27.1789741516, -27.5532360077, -27.1082305908, -27.1801719666, -27.3141860962, -27.2517929077],
        "stdev": [1.56414413452, 1.50891506672, 1.4340711832, 1.41336536407, 1.42048883438, 1.26348257065]
    }
},
"rhythm": {
    "beats_count": 31,
    "beats_loudness": {
        "max": 0.0897636190057,
        "mean": 0.0332213379443,
        "min": 0.00268213707022,
        "stdev": 0.0145732667297
    },
    "bpm": 155.45362854,
    "bpm_histogram_first_peak_bpm": 157,
    "bpm_histogram_first_peak_weight": 0.117647051811,
    "bpm_histogram_second_peak_bpm": 148,
    "bpm_histogram_second_peak_spread": 0.5,
    "bpm_histogram_second_peak_weight": 0.166666671634,
    "danceability": 1.27747106552,
    "onset_rate": 1.88097131252,
    "beats_loudness_band_ratio": {
        "max": [0.4168818295, 0.312146633863, 0.527819097042, 0.79558390379, 0.470696270466, 0.177580654621],
        "mean": [0.11385370791, 0.129815608263, 0.225412786007, 0.403408050537, 0.12031724304, 0.062730781734],
        "min": [0.00927413906902, 0.0132231963798, 0.0828521177173, 0.0644058585167, 0.0199277214706, 0.0147739816457],
        "stdev": [0.0858422890306, 0.0730878859758, 0.118685699999, 0.144782781601, 0.107015199959, 0.0452739074826]
    },
    "beats_position": [0.429569154978, 0.870748281479, 1.31192743778, 1.74149656296, 2.14784574509, 2.55419492722, 2.94893407822, 3.33206343651, 3.7151927948, 4.1099319458, 4.49306106567, 4.87619018555, 5.25931978226, 5.64244890213, 6.025578022, 6.40870714188, 6.78022670746, 7.1517457962, 7.53487491608, 7.91800451279, 8.3011341095, 8.68426322937, 9.06739234924, 9.45052146912, 9.84526062012, 10.22838974, 10.623128891, 11.017868042, 11.4242172241, 11.8305664062, 12.2369155884],
