{
"metadata": {
    "version": {
        "essentia": "2.1-beta5",
        "essentia_git_sha": "Undefined",
        "extractor": "music 2.0"
    },
    "audio_properties": {
        "analysis": {
            "equal_loudness": 0,
            "length": 12.7477550507,
            "sample_rate": 44100,
            "start_time": 0,
            "downmix": "mix"
        },
        "bit_rate": 192000,
        "length": 192.539871216,
        "lossless": 0,
        "number_channels": 2,
        "replay_gain": -0.031364440918,
        "sample_rate": 44100,
        "codec": "mp3",
        "md5_encoded": "66469cbe6a3e5e7b54f0ebf766c978b2"
    },
    "tags": {
        "file_name": "Belgium_Fleur De Liberté_Jacques Hustin.mp3",
        "encoding": ["Lavf58.29.100"]
    }
},
"lowlevel": {
    "average_loudness": 0.922639131546,
    "barkbands_crest": {
        "max": 18.1403598785,
        "mean": 6.56566762924,
        "min": 2.71516942978,
        "stdev": 2.57203054428
    },
    "barkbands_flatness_db": {
        "max": 0.2703589499,
        "mean": 0.142527833581,
        "min": 0.0172609183937,
        "stdev": 0.053590208292
    },
    "barkbands_kurtosis": {
        "max": 36.7627983093,
        "mean": 0.550866484642,
        "min": -1.60436213017,
        "stdev": 2.29061508179
    },
    "barkbands_skewness": {
        "max": 4.7953286171,
        "mean": 0.226037964225,
        "min": -1.78894412518,
        "stdev": 0.865868151188
    },
    "barkbands_spread": {
        "max": 73.8329544067,
        "mean": 17.0739803314,
        "min": 2.82283735275,
        "stdev": 13.1370792389
    },
    "dissonance": {
        "max": 0.5,
        "mean": 0.478243917227,
        "min": 0.36911380291,
        "stdev": 0.0215132683516
    },
    "dynamic_complexity": 5.23948860168,
    "erbbands_crest": {
        "max": 17.8970584869,
        "mean": 7.62950086594,
        "min": 2.40816378593,
        "stdev": 2.82629442215
    },
    "erbbands_flatness_db": {
        "max": 0.344171822071,
        "mean": 0.233919903636,
        "min": 0.0517098456621,
        "stdev": 0.0691564902663
    },
    "erbbands_kurtosis": {
        "max": 7.70981025696,
        "mean": 0.310566544533,
        "min": -1.51547551155,
        "stdev": 1.08644115925
    },
    "erbbands_skewness": {
        "max": 1.76319909096,
        "mean": -0.103798449039,
        "min": -2.33414053917,
        "stdev": 0.532830476761
    },
    "erbbands_spread": {
        "max": 60.7887687683,
        "mean": 20.4305019379,
        "min": 4.57470321655,
        "stdev": 12.5033168793
    },
    "hfc": {
        "max": 88.6757278442,
        "mean": 18.4711341858,
        "min": 1.13748292715e-16,
        "stdev": 16.8507633209
    },
    "loudness_ebu128": {
        "integrated": -24.557510376,
        "loudness_range": 5.92378616333,
        "momentary": {
            "max": -21.1858901978,
            "mean": -27.9244918823,
            "min": -47.1862106323,
            "stdev": 7.226770401
        },
        "short_term": {
            "max": -23.8884677887,
            "mean": -26.1093635559,
            "min": -32.5049285889,
            "stdev": 2.28255772591
        }
    },
    "melbands_crest": {
        "max": 22.7059364319,
        "mean": 8.14667129517,
        "min": 2.82684898376,
        "stdev": 3.70558285713
    },
    "melbands_flatness_db": {
        "max": 0.329475134611,
        "mean": 0.178294673562,
        "min": 0.00830024201423,
        "stdev": 0.0478649958968
    },
    "melbands_kurtosis": {
        "max": 57.8140640259,
        "mean": 1.75884652138,
        "min": -1.58392465115,
        "stdev": 4.32801437378
    },
    "melbands_skewness": {
        "max": 5.8924908638,
        "mean": 0.710666656494,
        "min": -1.42812335491,
        "stdev": 1.05671989918
    },
    "melbands_spread": {
        "max": 124.366004944,
        "mean": 27.4143676758,
        "min": 2.53582572937,
        "stdev": 12.5544166565
    },
    "pitch_salience": {
        "max": 0.895622730255,
        "mean": 0.73065918684,
        "min": 0.427556753159,
        "stdev": 0.0869710817933
    },
    "silence_rate_20dB": {
        "max": 1,
        "mean": 1,
        "min": 1,
        "stdev": 0
    },
    "silence_rate_30dB": {
        "max": 1,
        "mean": 1,
        "min": 1,
        "stdev": 0
    },
    "silence_rate_60dB": {
        "max": 1,
        "mean": 0.219999998808,
        "min": 0,
        "stdev": 0.414246231318
    },
    "spectral_centroid": {
        "max": 11320.7578125,
        "mean": 1734.11193848,
        "min": 295.160369873,
        "stdev": 606.813842773
    },
    "spectral_complexity": {
        "max": 42,
        "mean": 20.7818183899,
        "min": 0,
        "stdev": 11.2531023026
    },
    "spectral_decrease": {
        "max": -1.25332816137e-28,
        "mean": -3.74038400253e-09,
        "min": -1.54999444391e-08,
        "stdev": 3.39214611955e-09
    },
    "spectral_energy": {
        "max": 0.0646334514022,
        "mean": 0.0157924499363,
        "min": 1.0790343293e-20,
        "stdev": 0.0141037208959
    },
    "spectral_energyband_high": {
        "max": 0.000509682460688,
        "mean": 6.35875330772e-05,
        "min": 7.84836316112e-21,
        "stdev": 7.08362786099e-05
    },
    "spectral_energyband_low": {
        "max": 0.00757964793593,
        "mean": 0.000305649009533,
        "min": 3.15636248607e-23,
        "stdev": 0.000665113213472
    },
    "spectral_energyband_middle_high": {
        "max": 0.0468971133232,
        "mean": 0.00879029370844,
        "min": 1.64712430351e-21,
        "stdev": 0.00835888832808
    },
    "spectral_energyband_middle_low": {
        "max": 0.0549025312066,
        "mean": 0.00690836971626,
        "min": 4.03430636098e-22,
        "stdev": 0.00896466709673
    },
    "spectral_entropy": {
        "max": 9.80438613892,
        "mean": 7.52364253998,
        "min": 6.44753551483,
        "stdev": 0.354922145605
    },
    "spectral_flux": {
        "max": 0.215039491653,
        "mean": 0.0740381851792,
        "min": 1.03876574009e-10,
        "stdev": 0.0443709976971
    },
    "spectral_kurtosis": {
        "max": 31.3136634827,
        "mean": 9.53161430359,
        "min": -1.18991398811,
        "stdev": 5.7836933136
    },
    "spectral_rms": {
        "max": 0.00794084556401,
        "mean": 0.0034038699232,
        "min": 3.24455913525e-12,
        "stdev": 0.00195472338237
    },
    "spectral_rolloff": {
        "max": 18195.5566406,
        "mean": 2132.72558594,
        "min": 215.33203125,
        "stdev": 1198.26501465
    },
    "spectral_skewness": {
        "max": 4.34755420685,
        "mean": 1.73005843163,
        "min": -0.0357508175075,
        "stdev": 0.496539860964
    },
    "spectral_spread": {
        "max": 40357076,
        "mean": 2593374,
        "min": 1150168,
        "stdev": 2155877
    },
    "spectral_strongpeak": {
        "max": 6.09865045547,
        "mean": 1.0799690485,
        "min": 0,
        "stdev": 0.994588553905
    },
    "zerocrossingrate": {
        "max": 0.48388671875,
        "mean": 0.0773268789053,
        "min": 0.01416015625,
        "stdev": 0.035002797842
    },
    "barkbands": {
        "max": [0.000117546493129, 0.000865403097123, 0.00243664369918, 0.0198214221746, 0.0252654179931, 0.02130622603, 0.020236749202, 0.0199447069317, 0.0255492068827, 0.0223157908767, 0.0130555769429, 0.0177032314241, 0.0229802876711, 0.0122095812112, 0.0107781952247, 0.0117109818384, 0.00587336160243, 0.00735587673262, 0.00659604463726, 0.00103113811929, 0.000359958707122, 0.000102276149846, 5.0216614909e-05, 9.68874701357e-06, 2.37342214859e-06, 1.19243861718e-06, 7.44936687624e-06],
        "mean": [1.73747866938e-06, 1.8894637833e-05, 0.000150627965922, 0.000384616811061, 0.00118555349763, 0.00112623139285, 0.00130740215536, 0.00132282811683, 0.00129282695707, 0.000928426452447, 0.000792471983004, 0.00104779715184, 0.00144631310832, 0.00122486404143, 0.000940855941735, 0.00101709109731, 0.000489180965815, 0.000457843008917, 0.000541057321243, 7.52039413783e-05, 2.71839926427e-05, 7.81538801675e-06, 2.0311172193e-06, 8.53569588344e-07, 6.72818657677e-07, 2.71014329201e-07, 1.80897552582e-06],
        "min": [1.08680167844e-23, 1.56790206989e-23, 6.70285940658e-25, 1.5727011841e-23, 9.72171038122e-23, 1.19527939302e-22, 3.62990906104e-23, 2.32641155179e-23, 7.95003985971e-23, 7.71877045476e-23, 7.82350593942e-23, 1.04584812231e-22, 4.90100947286e-23, 1.30283193153e-22, 5.83102189094e-23, 2.19167824281e-22, 3.13564030915e-22, 1.77503106897e-22, 3.4250308399e-22, 3.83440496863e-22, 7.25333646223e-22, 6.26004471466e-22, 4.62436775476e-22, 7.70564582878e-22, 1.03485121197e-21, 2.07156236863e-21, 2.08743066546e-21],
        "stdev": [5.20655839864e-06, 4.8680940381e-05, 0.000367434753571, 0.00115515140351, 0.00321113038808, 0.0024215746671, 0.00254527805373, 0.00265857903287, 0.00261197425425, 0.00182598328684, 0.00126049853861, 0.00159872847144, 0.00239061308093, 0.00180309650023, 0.00128497125115, 0.00140501803253, 0.000701866403688, 0.000848622294143, 0.0010177846998, 0.000111701301648, 3.83747137676e-05, 1.06056322693e-05, 3.19938658322e-06, 5.68160999137e-07, 3.14906230869e-07, 1.72124103415e-07, 1.44336831909e-06]
    },
    "erbbands": {
        "max": [0.0149211864918, 0.231757700443, 1.83080995083, 30.481924057, 86.3340301514, 120.74634552, 142.372436523, 206.73626709, 243.656723022, 482.480194092, 436.505249023, 794.727844238, 418.885131836, 561.477355957, 313.054504395, 547.250305176, 925.198120117, 625.224121094, 756.502563477, 511.946350098, 598.532470703, 340.099822998, 214.63381958, 603.043762207, 212.886825562, 58.6914100647, 21.0932559967, 6.77100801468, 5.39356946945, 1.74697637558, 1.25381863117, 0.43652638793, 0.0503282546997, 0.0308754555881, 0.0155999697745, 0.00745733315125, 0.00365120824426, 0.0118154352531, 0.000292679178528, 8.04385199444e-05],
        "mean": [0.000387300067814, 0.00714556640014, 0.124843582511, 0.755425453186, 2.73347520828, 4.42710781097, 4.68679475784, 10.814740181, 14.2056341171, 28.1487178802, 29.553560257, 30.1737709045, 30.0345058441, 30.2981719971, 31.8423938751, 45.1136322021, 65.8116912842, 66.2049331665, 52.054851532, 51.6005134583, 54.2769737244, 27.5792427063, 21.1882667542, 37.7105255127, 14.0487642288, 3.89872074127, 1.58218836784, 0.695923030376, 0.338760584593, 0.123887442052, 0.0493208244443, 0.0223716069013, 0.0127112651244, 0.00797216501087, 0.00454159919173, 0.00202232529409, 0.00074401544407, 0.00286151352338, 8.07348988019e-05, 2.07988832699e-05],
        "min": [8.94269180952e-22, 1.89335139475e-21, 1.75715356235e-21, 2.83505976754e-20, 1.01671205394e-19, 3.24290420586e-19, 9.90985741691e-19, 1.01824475499e-18, 5.86555271626e-19, 3.67279462309e-19, 1.28116235494e-18, 1.55108296934e-18, 2.19374998612e-18, 2.0851579221e-18, 3.86884407969e-18, 4.06256936556e-18, 2.76793575396e-18, 4.42989794172e-18, 5.38356522328e-18, 6.24830273077e-18, 1.22294112344e-17, 1.73683559895e-17, 1.20832078884e-17, 1.49900347118e-17, 1.56676048213e-17, 1.97892572165e-17, 3.29236842776e-17, 2.31845391547e-17, 2.29303035391e-17, 1.72059374219e-17, 1.33824273893e-17, 1.61384624958e-17, 1.1328270749e-17, 9.7849279154e-18, 9.17913309481e-18, 7.52175679638e-18, 4.01111831787e-18, 1.15518760733e-18, 3.05502589785e-19, 2.9840524442e-20],
        "stdev": [0.000724776007701, 0.016287278384, 0.281651735306, 1.92464971542, 7.99565458298, 13.3559684753, 11.1011075974, 22.9002933502, 27.4308547974, 52.0408668518, 55.2904586792, 69.4141464233, 51.7277679443, 52.0786514282, 38.8381843567, 63.0239601135, 106.075996399, 93.5503311157, 78.1359100342, 62.5460472107, 77.4695587158, 36.3997879028, 32.952091217, 73.0979232788, 24.6356391907, 5.65754461288, 2.27145934105, 0.815504848957, 0.519996762276, 0.152675822377, 0.0781173929572, 0.0229224245995, 0.00624783709645, 0.00378414941952, 0.00209555891342, 0.000956556352321, 0.000553122663405, 0.00229036225937, 5.49136057089e-05, 1.69271843333e-05]
    },
    "gfcc": {
        "mean": [-76.1292190552, 94.4241790771, -181.609222412, -11.7701873779, -40.8093490601, -16.1364479065, -32.9929695129, -3.48280954361, -22.9159660339, -0.701520204544, -16.9280223846, -4.5565123558, -14.8543481827],
        "cov": [[7680.58300781, 2244.67285156, -2147.23022461, -468.343902588, -335.161193848, -1045.2532959, -134.220123291, -324.602508545, -204.365036011, -360.781494141, -34.1606750488, -324.769256592, -77.6155319214], [2244.67285156, 1211.7520752, -648.895874023, -97.6848297119, -246.858779907, -503.286987305, -79.5387954712, -153.089096069, -112.034751892, -190.162521362, -6.49716901779, -190.50970459, 0.13561527431], [-2147.23022461, -648.895874023, 1724.92944336, 580.356994629, -22.7633037567, 336.770141602, 37.5734519958, 60.357334137, 1.39556205273, 118.012626648, -74.1972351074, 114.956871033, -10.867808342], [-468.343902588, -97.6848297119, 580.356994629, 398.816223145, -78.5622787476, 99.090675354, -7.90211629868, 1.09789395332, -27.1387557983, 22.0459842682, -34.8907470703, 4.44834566116, 26.8862781525], [-335.161193848, -246.858779907, -22.7633037567, -78.5622787476, 197.839675903, 86.0935821533, 1.62135803699, 39.7024497986, 29.0064525604, 27.4427051544, 6.21824789047, 43.3477134705, -28.3170681], [-1045.2532959, -503.286987305, 336.770141602, 99.090675354, 86.0935821533, 382.259124756, 51.4000854492, 63.17445755, 42.508518219, 98.642906189, -23.9008312225, 86.4760055542, 51.6468391418], [-134.220123291, -79.5387954712, 37.5734519958, -7.90211629868, 1.62135803699, 51.4000854492, 89.9553222656, 20.4581794739, 3.23273921013, 9.95095157623, -10.9201202393, 7.61354112625, 2.48432564735], [-324.602508545, -153.089096069, 60.357334137, 1.09789395332, 39.7024497986, 63.17445755, 20.4581794739, 105.181007385, 24.7056350708, 16.4023189545, 27.8645324707, 15.0887870789, -17.906337738], [-204.365036011, -112.034751892, 1.39556205273, -27.1387557983, 29.0064525604, 42.508518219, 3.23273921013, 24.7056350708, 60.3821792603, 42.4626960754, 8.57266044617, 17.7860641479, -1.08539366722], [-360.781494141, -190.162521362, 118.012626648, 22.0459842682, 27.4427051544, 98.642906189, 9.95095157623, 16.4023189545, 42.4626960754, 80.5453338623, 8.32154941559, 29.2408828735, 6.9748415947], [-34.1606750488, -6.49716901779, -74.1972351074, -34.8907470703, 6.21824789047, -23.9008312225, -10.9201202393, 27.8645324707, 8.57266044617, 8.32154941559, 61.584274292, 7.45771408081, -17.2909736633], [-324.769256592, -190.50970459, 114.956871033, 4.44834566116, 43.3477134705, 86.4760055542, 7.61354112625, 15.0887870789, 17.7860641479, 29.2408828735, 7.45771408081, 71.4268493652, 16.4392852783], [-77.6155319214, 0.13561527431, -10.867808342, 26.8862781525, -28.3170681, 51.6468391418, 2.48432564735, -17.906337738, -1.08539366722, 6.9748415947, -17.2909736633, 16.4392852783, 71.3756332397]],
        "icov": [[0.000476489920402, -0.000785114069004, 0.000674519687891, -0.000474399654195, 0.00022366673511, 0.000190840946743, -2.67803043243e-05, -0.000171082137967, 0.000692132045515, -0.000915127748158, 0.00150823406875, -0.00162302015815, 0.00154884019867], [-0.000785114069004, 0.00512616103515, -0.000751612416934, 0.000889870570973, 0.0013816873543, 0.00200075423345, 0.000794672232587, 0.00203439081088, -0.000524123664945, 0.00439352309331, -0.00311598367989, 0.00719269597903, -0.00457877712324], [0.000674519687891, -0.000751612416934, 0.00297009665519, -0.00309869367629, 0.00126838474534, 0.00023671904637, 1.24094594867e-05, -0.000941878883168, 0.00204754783772, -0.00283655500971, 0.00470715807751, -0.00540760252625, 0.00514371646568], [-0.000474399654195, 0.000889870570973, -0.00309869367629, 0.00725622335449, 0.00109611183871, -0.000910539529286, 0.00178739614785, -0.000168501166627, 0.00137064070441, 0.000956067815423, -0.00215498567559, 0.00558843463659, -0.00461523421109], [0.00022366673511, 0.0013816873543, 0.00126838474534, 0.00109611183871, 0.0100575834513, -0.00112622394226, 0.00251840311103, -0.00125267286785, 0.000809753139038, 0.000160573035828, 0.00417580083013, -0.00433492474258, 0.00643065897748], [0.000190840946743, 0.00200075423345, 0.00023671904637, -0.000910539529286, -0.00112622394226, 0.00906447414309, -0.00139588676393, -0.00294141378254, 0.00300526991487, -0.00550656672567, 0.00379540002905, -0.00130957027432, -0.00530750444159], [-2.67803043243e-05, 0.000794672232587, 1.24094594867e-05, 0.00178739614785, 0.00251840311103, -0.00139588676393, 0.0138832768425, -0.0031855457928, 0.00250343116932, -0.000922303064726, 0.00426214607432, 0.000271956290817, 0.00112283416092], [-0.000171082137967, 0.00203439081088, -0.000941878883168, -0.000168501166627, -0.00125267286785, -0.00294141378254, -0.0031855457928, 0.0180947221816, -0.00820994097739, 0.00938992761075, -0.011555666104, 0.00625184969977, 0.000730187457521], [0.000692132045515, -0.000524123664945, 0.00204754783772, 0.00137064070441, 0.000809753139038, 0.00300526991487, 0.00250343116932, -0.00820994097739, 0.0348839014769, -0.0215305238962, 0.00823902711272, -0.00559454923496, 0.00246787280776], [-0.000915127748158, 0.00439352309331, -0.00283655500971, 0.000956067815423, 0.000160573035828, -0.00550656672567, -0.000922303064726, 0.00938992761075, -0.0215305238962, 0.0372719466686, -0.014046439901, 0.00944612361491, -0.00490757264197], [0.00150823406875, -0.00311598367989, 0.00470715807751, -0.00215498567559, 0.00417580083013, 0.00379540002905, 0.00426214607432, -0.011555666104, 0.00823902711272, -0.014046439901, 0.034628726542, -0.016904246062, 0.0128176966682], [-0.00162302015815, 0.00719269597903, -0.00540760252625, 0.00558843463659, -0.00433492474258, -0.00130957027432, 0.000271956290817, 0.00625184969977, -0.00559454923496, 0.00944612361491, -0.016904246062, 0.0405438058078, -0.0183616261929], [0.00154884019867, -0.00457877712324, 0.00514371646568, -0.00461523421109, 0.00643065897748, -0.00530750444159, 0.00112283416092, 0.000730187457521, 0.00246787280776, -0.00490757264197, 0.0128176966682, -0.0183616261929, 0.0326121337712]]
    },
    "melbands": {
        "max": [0.000192357110791, 0.000814703875221, 0.00766731565818, 0.00546886026859, 0.0055793649517, 0.00437145959586, 0.00359266530722, 0.00537930661812, 0.00297432136722, 0.00512487487867, 0.00245636375621, 0.00212489557452, 0.00148538604844, 0.00265860091895, 0.00168763194233, 0.00212327367626, 0.00133170979097, 0.00142300652806, 0.000695699534845, 0.000668271037284, 0.000670886831358, 0.000408064719522, 0.000157048430992, 0.00034214934567, 0.000562939210795, 0.000307049194816, 6.05849381827e-05, 2.95813770208e-05, 1.92560528376e-05, 5.36341485713e-06, 3.01485101772e-06, 3.28100963998e-06, 1.59832245572e-06, 1.30930482101e-06, 9.1931570978e-07, 5.7548930954e-07, 1.35870322993e-07, 4.00593869188e-08, 3.03105878174e-08, 2.52101131082e-08],
        "mean": [4.05140644943e-06, 5.06151809532e-05, 0.000191681829165, 0.000259666820057, 0.000172524538357, 0.000237922024098, 0.000234298306168, 0.000314408069244, 0.000230680132518, 0.000186860590475, 0.000149052109919, 0.000122705358081, 0.000106696148578, 0.00011204425391, 0.000138167655678, 0.000141613301821, 0.000119964206533, 8.44185051392e-05, 7.0554400736e-05, 6.72915994073e-05, 6.28085617791e-05, 3.11778821924e-05, 1.45766871356e-05, 2.40091685555e-05, 3.281147292e-05, 1.5570778487e-05, 4.16261036662e-06, 1.97480403585e-06, 1.07328480681e-06, 5.92929666254e-07, 3.1387673971e-07, 2.02233550795e-07, 1.11544771642e-07, 5.36425339703e-08, 2.95241857629e-08, 1.83012076604e-08, 1.16361738023e-08, 9.00028496176e-09, 7.66783792017e-09, 6.34098551444e-09],
        "min": [6.73732651447e-24, 1.5503323626e-24, 6.90276800123e-24, 1.34218829675e-23, 3.15905060849e-23, 2.11508612824e-23, 8.61088536387e-24, 3.68394492864e-24, 1.36295584895e-23, 8.62468411882e-24, 1.11857171033e-23, 8.29227785488e-24, 1.2079093401e-23, 1.23639210972e-23, 8.62022389926e-24, 4.19053680805e-24, 9.31539652793e-24, 1.01788205659e-23, 4.38613841937e-24, 1.29320713429e-23, 1.48841265855e-23, 1.88867579092e-23, 1.20377578784e-23, 1.02394295381e-23, 1.23902225086e-23, 1.06052527389e-23, 9.72518373579e-24, 1.40643234001e-23, 1.82099199857e-23, 1.96165410213e-23, 1.24061756427e-23, 1.1942809791e-23, 1.3236459634e-23, 8.64871361085e-24, 7.78996672918e-24, 8.95388129659e-24, 9.78584950598e-24, 7.50277402802e-24, 8.3349946729e-24, 8.29856034313e-24],
        "stdev": [9.66645075096e-06, 0.000110367422167, 0.000510961574037, 0.000717505230568, 0.000426842278102, 0.000496665714309, 0.000446773599833, 0.000561241584364, 0.000418365583755, 0.000434070738265, 0.000269549898803, 0.00021982290491, 0.00014158472186, 0.000194707521587, 0.000214308049181, 0.0002408495493, 0.00018064082542, 0.00013822625624, 8.87821952347e-05, 8.67049675435e-05, 9.76675073616e-05, 4.53119719168e-05, 1.8188431568e-05, 4.54101791547e-05, 6.6395245085e-05, 3.34387332259e-05, 6.20422770226e-06, 3.01211093756e-06, 1.75372883859e-06, 7.32769024125e-07, 3.45001069491e-07, 3.08925962145e-07, 1.67312634858e-07, 7.83961766615e-08, 5.37432356396e-08, 2.87631927165e-08, 8.52982662281e-09, 4.68993732738e-09, 3.98907351595e-09, 3.11699466238e-09]
    },
    "melbands128": {
        "max": [6.14322780166e-05, 9.10401722649e-05, 0.000213095845538, 0.000445641111583, 0.000736134534236, 0.00155716983136, 0.00452762562782, 0.0122690545395, 0.00973917730153, 0.00787853449583, 0.00854787323624, 0.0077450061217, 0.00455179763958, 0.00437661679462, 0.00412746611983, 0.00792235229164, 0.00373165914789, 0.00646643619984, 0.00813802331686, 0.0081271128729, 0.00637587718666, 0.00844091549516, 0.00458946684375, 0.00469813728705, 0.00883018132299, 0.00629812851548, 0.0038154325448, 0.00373473134823, 0.00760122667998, 0.00316147156991, 0.00467919791117, 0.00288871536031, 0.00260942010209, 0.00141430913936, 0.00364258582704, 0.00386233464815, 0.00160814705305, 0.00319058122113, 0.00253838696517, 0.00388490455225, 0.00445199478418, 0.00244444678538, 0.00288600707427, 0.00308495783247, 0.00174400804099, 0.00240771449171, 0.00189964787569, 0.00151402363554, 0.0010901093483, 0.00142243481241, 0.000942979881074, 0.000894662982319, 0.00109864166006, 0.00110920518637, 0.00101528689265, 0.000510060228407, 0.000806006486528, 0.000135364622111, 0.000133910070872, 0.000343560852343, 0.000331830320647, 0.000522136164363, 0.00103220867459, 0.000514930230565, 0.000624491716735, 0.000740564311855, 0.000191197279491, 8.28085539979e-05, 2.59501266555e-05, 0.000122172074043, 2.20517595153e-05, 1.24146672533e-05, 1.27371677081e-05, 3.74082774215e-05, 1.35407199195e-05, 7.35728599466e-06, 7.57047428124e-06, 7.59505837777e-06, 1.97053191187e-06, 2.36861092162e-06, 1.63675542808e-06, 7.46369596527e-06, 3.08065068566e-06, 1.34796061957e-06, 8.44901137498e-07, 7.46306739074e-07, 1.5750631519e-06, 2.82979203803e-06, 7.06874004663e-07, 9.7659972198e-07, 5.36532184015e-07, 6.20284367869e-07, 3.54234828137e-07, 7.07974692205e-08, 5.81537378253e-08, 7.49313500137e-08, 4.59693048072e-08, 4.27424424743e-08, 3.25899378595e-08, 4.80884665421e-08, 3.33310481437e-08, 2.49090472693e-08, 3.51674209753e-08, 3.2951604112e-08, 2.10608170903e-08, 2.01458600912e-08, 1.91446538622e-08, 1.92204208105e-08, 1.89919084903e-08, 1.50658276965e-08, 1.24976065052e-08, 1.11955547055e-08, 1.07724975607e-08, 6.95072310819e-09, 5.9235367722e-09, 1.12151589349e-07, 2.53070112421e-07, 3.35937988538e-09, 2.09106199023e-09, 1.74772396555e-09, 1.58756652269e-09, 1.46972689574e-09, 1.37015288004e-09, 1.31772948109e-09, 1.30655253283e-09, 1.24725418882e-09, 1.2154415252e-09, 1.22990528872e-09],
        "mean": [1.23446170619e-06, 2.61996979134e-06, 3.4480137856e-06, 9.97441020445e-06, 3.87331929232e-05, 8.5721272626e-05, 0.000125859602122, 0.000225499767112, 0.000295308302157, 0.000252948026173, 0.000265192153165, 0.00018434379308, 0.000138721443363, 0.000170387749677, 0.000224716801313, 0.000312499963911, 0.000216389453271, 0.00018780559185, 0.000276215258054, 0.000369081535609, 0.000283996807411, 0.000317922211252, 0.000190271690371, 0.000198215406272, 0.000209858582821, 0.000177253139555, 0.00014465796994, 0.000144548423123, 0.000165509161889, 0.000107903280878, 0.000115572715004, 0.000133311652462, 0.000106603649328, 8.16848114482e-05, 0.000113833411888, 0.000122207129607, 0.000103529295302, 0.00014261486649, 0.000156386813615, 0.000149358122144, 0.000133773210109, 0.000138499017339, 0.000124514655909, 0.000114346265036, 8.90209848876e-05, 8.34001257317e-05, 6.98719013599e-05, 7.30425890652e-05, 6.66062842356e-05, 7.24911369616e-05, 6.57940254314e-05, 6.25952598057e-05, 7.47354351915e-05, 6.10833376413e-05, 4.09341846535e-05, 3.13942146022e-05, 1.92708248505e-05, 1.40043484862e-05, 1.23994805108e-05, 1.60216623044e-05, 2.29580455198e-05, 2.96979269478e-05, 3.81893878512e-05, 3.09144706989e-05, 3.0079334465e-05, 1.62213527801e-05, 6.40507778371e-06, 5.41194276593e-06, 2.82464566226e-06, 4.02738760386e-06, 1.89220429547e-06, 1.17725528526e-06, 9.83869426818e-07, 1.33183300477e-06, 7.57234602133e-07, 5.59490729302e-07, 5.84750466714e-07, 4.26606931114e-07, 2.60667491148e-07, 2.14624833461e-07, 1.84310223972e-07, 2.3396849258e-07, 1.63210032156e-07, 9.56896641924e-08, 6.84900953729e-08, 5.79939651857e-08, 5.01765917704e-08, 3.98804935742e-08, 2.72839315585e-08, 2.38984476653e-08, 2.00728074162e-08, 1.76730967638e-08, 1.33315474216e-08, 1.13717897321e-08, 1.07081863376e-08, 9.67171587263e-09, 8.55031601077e-09, 8.14462897125e-09, 7.84721532199e-09, 7.40493488749e-09, 6.73875488744e-09, 6.18706819111e-09, 5.77989034412e-09, 5.66730085083e-09, 5.12257480878e-09, 4.72968020304e-09, 4.41758407632e-09, 4.02602262639e-09, 3.49991258197e-09, 3.00324454194e-09, 2.56764809414e-09, 1.47701784137e-09, 2.42930925376e-10, 1.33498406774e-10, 1.22107240985e-10, 2.65539288336e-08, 6.19535498458e-08, 1.99581306343e-11, 7.14944856789e-12, 6.49378988082e-12, 6.14886960792e-12, 5.89335568194e-12, 5.63053857011e-12, 5.45891760614e-12, 5.43608821152e-12, 5.33944936876e-12, 5.25139437144e-12, 5.25198808055e-12],
        "min": [8.39957398204e-24, 9.36654626903e-24, 5.68248143353e-24, 2.4252465541e-24, 7.60336582357e-25, 3.08048655071e-25, 5.09105426908e-24, 8.46977550286e-24, 1.09471032456e-23, 8.37310217665e-24, 1.64055584372e-23, 3.32377928054e-23, 4.2150460064e-23, 2.04943444158e-23, 2.98236406729e-23, 1.55780843684e-23, 4.66304476875e-24, 1.29258645853e-23, 5.13589430623e-24, 3.35632547268e-24, 2.68024386956e-24, 4.88350575378e-24, 1.33355042761e-23, 2.83085922837e-23, 7.76411733504e-24, 3.12567930728e-24, 3.03256611034e-24, 1.65954404125e-23, 1.31115458763e-23, 7.99941876584e-24, 4.9331093275e-24, 1.164972351e-23, 1.20924590713e-23, 1.23930016656e-23, 1.48085836875e-23, 1.18988307956e-23, 1.06128045043e-23, 6.77522102577e-24, 1.04954164796e-23, 4.70215530914e-24, 1.51478254312e-24, 3.74634619283e-24, 1.04112702646e-23, 7.06480870864e-24, 2.13808063477e-23, 6.92948119807e-24, 4.78973583013e-24, 3.62118591604e-24, 3.82564170216e-24, 7.74002078982e-24, 1.99545158543e-23, 1.01759364904e-23, 1.32061894634e-23, 1.54131856179e-23, 1.97777699908e-23, 1.84422836985e-23, 2.02787771294e-23, 1.57302572147e-23, 5.47145680265e-24, 1.19021645217e-23, 1.25522245618e-23, 5.41209344181e-24, 1.36406340966e-23, 1.78379420922e-23, 5.38157162452e-24, 9.44863907913e-24, 1.26567912303e-23, 1.55075712475e-23, 4.81892092261e-24, 7.24739293173e-24, 2.0907215281e-23, 9.65003526823e-24, 1.64817687115e-23, 1.43991506782e-23, 3.06394364449e-23, 2.48737025757e-23, 1.10333217982e-23, 1.04625635783e-23, 1.41666007942e-23, 1.37550678372e-23, 7.73364837143e-24, 1.45242261524e-23, 1.50176854699e-23, 1.42472113347e-23, 1.10625143849e-23, 5.47556242923e-24, 9.20101642984e-24, 1.17540101329e-23, 7.55722436314e-24, 4.54636001353e-24, 6.6296209685e-24, 1.13939613939e-23, 1.16160249499e-23, 1.13506576634e-23, 5.16226553186e-24, 1.09114987975e-23, 5.90392652254e-24, 6.45951021403e-24, 1.05978942443e-23, 8.04483822132e-24, 6.30929689818e-24, 8.44011669941e-24, 1.07429917972e-23, 8.27040195312e-24, 1.10104542983e-23, 1.14450724808e-23, 8.91401936619e-24, 1.50058083801e-23, 1.40147703135e-23, 1.28726338291e-23, 1.1548971773e-23, 1.42047895507e-23, 1.51557850377e-23, 1.13734202448e-23, 1.04425769984e-23, 9.60758035204e-24, 7.92791483567e-24, 8.11582386988e-24, 7.22596904727e-24, 1.1691022745e-23, 9.53722342562e-24, 9.71955994639e-24, 7.69887617159e-24, 8.11083195807e-24, 8.25517141562e-24, 1.0662334714e-23, 9.16277245316e-24, 9.75131159783e-24],
        "stdev": [2.86540102934e-06, 4.71471776109e-06, 9.93233152258e-06, 2.84420002572e-05, 9.31550312089e-05, 0.000215410880628, 0.00032319946331, 0.000722256721929, 0.000947745982558, 0.000805885356385, 0.000901280087419, 0.000610641436651, 0.000391165318433, 0.000387892971048, 0.000476616813103, 0.000835763756186, 0.000471231964184, 0.000581568165217, 0.000736471731216, 0.000858257466462, 0.000672449416015, 0.000900664250366, 0.000428421422839, 0.00051307992544, 0.000686172337737, 0.00056833436247, 0.00032781047048, 0.000367176864529, 0.000529640936293, 0.000228003758821, 0.000337915902492, 0.000281493965304, 0.00018026480393, 0.000136744012707, 0.000253898848314, 0.000291740521789, 0.000177269015694, 0.000301943247905, 0.000312261283398, 0.000350788235664, 0.000328015827108, 0.000234534221818, 0.000240390596446, 0.000266929710051, 0.000155538175022, 0.000201276663574, 0.000129865729832, 0.000118080715765, 0.000100970028143, 0.000118482428661, 0.000101434670796, 0.000105508945126, 0.000142854725709, 0.000121984099678, 8.69339564815e-05, 4.93579864269e-05, 4.24726968049e-05, 1.72521158674e-05, 1.8465656467e-05, 3.04756795231e-05, 4.44538600277e-05, 7.08045481588e-05, 9.76897863438e-05, 6.71329325996e-05, 6.9635672844e-05, 5.19218156114e-05, 1.34612928377e-05, 9.96720336843e-06, 3.79882430934e-06, 9.30777423491e-06, 2.88291198558e-06, 1.59646936027e-06, 1.41800182973e-06, 3.04347759084e-06, 1.12107181849e-06, 7.41606697829e-07, 8.81959749677e-07, 6.72920691613e-07, 2.49308726552e-07, 2.5025207151e-07, 2.0988728977e-07, 6.2707078996e-07, 2.96601967875e-07, 1.28468300886e-07, 8.19117573769e-08, 7.07732965566e-08, 9.08305679559e-08, 1.2627550916e-07, 4.01928446081e-08, 4.71438994509e-08, 2.99429352424e-08, 3.31778871043e-08, 1.76052239453e-08, 7.90898635472e-09, 6.95971680287e-09, 6.68957289562e-09, 5.06706943071e-09, 5.07977881981e-09, 4.62401716916e-09, 4.68139038645e-09, 3.95937904685e-09, 3.40955108591e-09, 3.28122484738e-09, 3.44016104492e-09, 2.70950439862e-09, 2.67049315994e-09, 2.35303820872e-09, 2.35980035512e-09, 2.04776817725e-09, 1.76979786382e-09, 1.72976688528e-09, 1.3281221678e-09, 1.02972341764e-09, 6.82376155581e-10, 5.8724736185e-10, 2.19311946381e-08, 4.90661484776e-08, 1.43952488818e-10, 8.90470544523e-11, 7.44369635375e-11, 6.76250583309e-11, 6.26104376678e-11, 5.83771225804e-11, 5.61484400641e-11, 5.56696251597e-11, 5.31462374109e-11, 5.17929067689e-11, 5.24066762209e-11]
    },
    "mfcc": {
        "mean": [-706.535949707, 145.107772827, -79.6334075928, 4.83556985855, -10.578868866, -7.36863088608, -8.36944961548, -7.75307893753, -5.98511505127, -3.16712236404, -1.85166287422, -4.92473268509, -2.63941550255],
        "cov": [[6022.79931641, 2072.61450195, -1935.52441406, 75.5461273193, -759.233581543, -624.119506836, -382.02923584, -261.414337158, -365.804229736, -215.335632324, -68.2912902832, -297.660614014, -171.201126099], [2072.61450195, 957.182739258, -560.51763916, 62.3064041138, -266.852264404, -297.55456543, -147.673721313, -114.254066467, -156.675094604, -107.758918762, -28.3309612274, -117.09475708, -79.1838607788], [-1935.52441406, -560.51763916, 1512.2052002, 382.401000977, 179.200683594, 242.760238647, 125.025558472, 40.8199272156, 108.117424011, 47.2284469604, -74.7818145752, 71.196182251, 51.6906967163], [75.5461273193, 62.3064041138, 382.401000977, 312.684265137, -17.341758728, -33.7402000427, -12.0201978683, -32.9111175537, -37.7082252502, -17.3763065338, -37.6209869385, -37.197681427, -16.6306095123], [-759.233581543, -266.852264404, 179.200683594, -17.341758728, 222.865829468, 81.1716156006, 40.2961616516, 43.7527275085, 35.4238395691, 22.8870182037, 30.7238445282, 44.5383110046, 16.0415287018], [-624.119506836, -297.55456543, 242.760238647, -33.7402000427, 81.1716156006, 220.876144409, 60.3697547913, 12.7940378189, 91.7443618774, 31.8736667633, -44.4644470215, 42.2875595093, 34.2639503479], [-382.02923584, -147.673721313, 125.025558472, -12.0201978683, 40.2961616516, 60.3697547913, 93.3564224243, 48.5576705933, 33.3361091614, 21.2346019745, 2.93030643463, 19.3674812317, 7.83447980881], [-261.414337158, -114.254066467, 40.8199272156, -32.9111175537, 43.7527275085, 12.7940378189, 48.5576705933, 80.368927002, 26.5956993103, 6.12035274506, 21.0115528107, 20.2411975861, 3.22749447823], [-365.804229736, -156.675094604, 108.117424011, -37.7082252502, 35.4238395691, 91.7443618774, 33.3361091614, 26.5956993103, 94.3209686279, 32.8067054749, -21.3767719269, 24.9324016571, 16.3322792053], [-215.335632324, -107.758918762, 47.2284469604, -17.3763065338, 22.8870182037, 31.8736667633, 21.2346019745, 6.12035274506, 32.8067054749, 60.9433479309, 21.4797134399, 7.98805713654, 9.00038909912], [-68.2912902832, -28.3309612274, -74.7818145752, -37.6209869385, 30.7238445282, -44.4644470215, 2.93030643463, 21.0115528107, -21.3767719269, 21.4797134399, 87.8649978638, 24.0938205719, -1.70021891594], [-297.660614014, -117.09475708, 71.196182251, -37.197681427, 44.5383110046, 42.2875595093, 19.3674812317, 20.2411975861, 24.9324016571, 7.98805713654, 24.0938205719, 64.8314285278, 28.5990562439], [-171.201126099, -79.1838607788, 51.6906967163, -16.6306095123, 16.0415287018, 34.2639503479, 7.83447980881, 3.22749447823, 16.3322792053, 9.00038909912, -1.70021891594, 28.5990562439, 48.076461792]],
        "icov": [[0.00197847536765, -0.00302473711781, 0.00219514546916, -0.00281312060542, 0.00223229452968, -0.00283545721322, 0.00213221320882, -0.00268967077136, 0.00189807452261, -0.0018532400718, 0.000659773999359, -0.000596739875618, -8.02264985396e-05], [-0.00302473711781, 0.00824141129851, -0.00277487747371, 0.00394926546142, -0.00179191818461, 0.00728529179469, -0.00326465279795, 0.00693781301379, -0.00323215709068, 0.00581048149616, -0.0001535940537, 0.00138764840085, 0.00180369080044], [0.00219514546916, -0.00277487747371, 0.0044913161546, -0.00609499635175, 0.00210985378362, -0.0038103715051, 0.00150268652942, -0.00315979681909, 0.00162087287754, -0.00251548341475, 0.00182109279558, -0.00273498985916, -0.000100177858258], [-0.00281312060542, 0.00394926546142, -0.00609499635175, 0.0122469495982, -0.00310297496617, 0.00626302976161, -0.00267219450325, 0.00557402893901, -0.000275590311503, 0.00289353728294, 0.0002142683079, 0.00431301537901, 0.00090350152459], [0.00223229452968, -0.00179191818461, 0.00210985378362, -0.00310297496617, 0.0100679770112, -0.00471204286441, 0.00352427666076, -0.00450146337971, 0.00270625879057, -0.000618125719484, -0.00212600454688, -0.00131773622707, 0.00128787581343], [-0.00283545721322, 0.00728529179469, -0.0038103715051, 0.00626302976161, -0.00471204286441, 0.0196645762771, -0.00836781132966, 0.0118349296972, -0.00923642143607, 0.003921370022, 0.00600447971374, -0.00209842855111, 0.000156112597324], [0.00213221320882, -0.00326465279795, 0.00150268652942, -0.00267219450325, 0.00352427666076, -0.00836781132966, 0.0240684635937, -0.016595384106, 0.00664017209783, -0.00840928312391, 0.00260149152018, -0.00164953013882, 0.00204730639234], [-0.00268967077136, 0.00693781301379, -0.00315979681909, 0.00557402893901, -0.00450146337971, 0.0118349296972, -0.016595384106, 0.0327436216176, -0.013946079649, 0.0144927212968, -0.00763606885448, 0.00307609606534, 0.00067246472463], [0.00189807452261, -0.00323215709068, 0.00162087287754, -0.000275590311503, 0.00270625879057, -0.00923642143607, 0.00664017209783, -0.013946079649, 0.031796362251, -0.0189228598028, 0.0142266219482, -0.00947991199791, 0.0040147267282], [-0.0018532400718, 0.00581048149616, -0.00251548341475, 0.00289353728294, -0.000618125719484, 0.003921370022, -0.00840928312391, 0.0144927212968, -0.0189228598028, 0.0385850779712, -0.0195945873857, 0.0145686659962, -0.00566937029362], [0.000659773999359, -0.0001535940537, 0.00182109279558, 0.0002142683079, -0.00212600454688, 0.00600447971374, 0.00260149152018, -0.00763606885448, 0.0142266219482, -0.0195945873857, 0.0324846468866, -0.0185126513243, 0.00772798294201], [-0.000596739875618, 0.00138764840085, -0.00273498985916, 0.00431301537901, -0.00131773622707, -0.00209842855111, -0.00164953013882, 0.00307609606534, -0.00947991199791, 0.0145686659962, -0.0185126513243, 0.0384636372328, -0.016451748088], [-8.02264985396e-05, 0.00180369080044, -0.000100177858258, 0.00090350152459, 0.00128787581343, 0.000156112597324, 0.00204730639234, 0.00067246472463, 0.0040147267282, -0.00566937029362, 0.00772798294201, -0.016451748088, 0.0327431447804]]
    },
    "spectral_contrast_coeffs": {
        "max": [-0.458251833916, -0.505734503269, -0.565863549709, -0.664615392685, -0.571325719357, -0.640483260155],
        "mean": [-0.703540563583, -0.79006588459, -0.806237578392, -0.816227674484, -0.766986489296, -0.755856394768],
        "min": [-0.968181550503, -0.982873439789, -0.954778432846, -0.962890863419, -0.958951592445, -0.962069928646],
        "stdev": [0.0891430675983, 0.0870897620916, 0.0616210289299, 0.0485527068377, 0.0752092450857, 0.0468704812229]
    },
    "spectral_contrast_valleys": {
        "max": [-6.14340591431, -4.87007331848, -5.30292701721, -5.30815124512, -6.68378973007, -9.58153057098],
        "mean": [-8.38838863373, -6.88669967651, -7.00354337692, -6.9448633194, -7.85130310059, -11.7500696182],
        "min": [-26.9876461029, -26.5833435059, -27.3388633728, -27.2244491577, -27.3618030548, -27.1597423553],
        "stdev": [1.19626045227, 1.31545364857, 1.33792042732, 1.35915088654, 1.10557878017, 0.726004183292]
    }
},
"rhythm": {
    "beats_count": 29,
    "beats_loudness": {
        "max": 0.050720680505,
        "mean": 0.024600001052,
        "min": 9.01673265616e-05,
        "stdev": 0.0155364805833
    },
    "bpm": 129.613357544,
    "bpm_histogram_first_peak_bpm": 129,
    "bpm_histogram_first_peak_weight": 0.125000059605,
    "bpm_histogram_second_peak_bpm": 144,
    "bpm_histogram_second_peak_spread": 0.375,
    "bpm_histogram_second_peak_weight": 0.178571432829,
    "danceability": 0.899446725845,
    "onset_rate": 3.60519504547,
    "beats_loudness_band_ratio": {
        "max": [0.407524853945, 0.469823479652, 0.605878055096, 0.700034677982, 0.794750869274, 0.188745543361],
        "mean": [0.0588679201901, 0.088798686862, 0.242424994707, 0.335316896439, 0.260193616152, 0.0483333803713],
        "min": [0.00107973627746, 0.00306181865744, 0.0741286277771, 0.0595380105078, 0.0264517311007, 0.00761783309281],
        "stdev": [0.102149091661, 0.11558149755, 0.144728571177, 0.174967885017, 0.179917544127, 0.0446404516697]
    },
    "beats_position": [0.429569154978, 0.870748281479, 1.31192743778, 1.75310659409, 2.18267560005, 2.60063481331, 3.01859402657, 3.44816327095, 3.88934230804, 4.31891155243, 4.7020406723, 5.08516979218, 5.4334692955, 5.79337835312, 6.14167785645, 6.5015873909, 6.86149644852, 7.24462556839, 7.66258478165, 8.08054447174, 8.498503685, 8.96290206909, 9.42730140686, 9.89170074463, 10.3560991287, 10.8204984665, 11.2732877731, 11.7376871109, 12.202085495],
