{
"metadata": {
    "version": {
        "essentia": "2.1-beta5",
        "essentia_git_sha": "Undefined",
        "extractor": "music 2.0"
    },
    "audio_properties": {
        "analysis": {
            "equal_loudness": 0,
            "length": 48.7502937317,
            "sample_rate": 44100,
            "start_time": 61.4980506897,
            "downmix": "mix"
        },
        "bit_rate": 192000,
        "length": 185.84815979,
        "lossless": 0,
        "number_channels": 2,
        "replay_gain": -4.47302246094,
        "sample_rate": 48000,
        "codec": "mp3",
        "md5_encoded": "d8d8c54e80ba2a0da43e047bc1c76f86"
    },
    "tags": {
        "file_name": "Greece_Krassi, Thalassa Ke T_agori Mou_Marinella.mp3",
        "encoding": ["Lavf58.29.100"]
    }
},
"lowlevel": {
    "average_loudness": 0.980712234974,
    "barkbands_crest": {
        "max": 25.097026825,
        "mean": 9.74540233612,
        "min": 2.82861113548,
        "stdev": 4.34701871872
    },
    "barkbands_flatness_db": {
        "max": 0.352559924126,
        "mean": 0.175197541714,
        "min": 0.0846659317613,
        "stdev": 0.035135846585
    },
    "barkbands_kurtosis": {
        "max": 34.0449409485,
        "mean": 1.05235898495,
        "min": -1.84421384335,
        "stdev": 3.19368553162
    },
    "barkbands_skewness": {
        "max": 4.8010134697,
        "mean": 0.71164304018,
        "min": -1.71272838116,
        "stdev": 0.815447688103
    },
    "barkbands_spread": {
        "max": 38.7733154297,
        "mean": 13.6645774841,
        "min": 1.45692062378,
        "stdev": 5.75833320618
    },
    "dissonance": {
        "max": 0.5,
        "mean": 0.461357235909,
        "min": 0.275669753551,
        "stdev": 0.0307044479996
    },
    "dynamic_complexity": 1.06843221188,
    "erbbands_crest": {
        "max": 32.1188163757,
        "mean": 10.9080533981,
        "min": 3.71078467369,
        "stdev": 4.85017776489
    },
    "erbbands_flatness_db": {
        "max": 0.372147232294,
        "mean": 0.247444391251,
        "min": 0.158800110221,
        "stdev": 0.030331293121
    },
    "erbbands_kurtosis": {
        "max": 28.2118358612,
        "mean": 0.385085433722,
        "min": -1.72382223606,
        "stdev": 1.95917892456
    },
    "erbbands_skewness": {
        "max": 4.54723644257,
        "mean": 0.311407983303,
        "min": -2.31049060822,
        "stdev": 0.776503741741
    },
    "erbbands_spread": {
        "max": 63.4886016846,
        "mean": 19.8291492462,
        "min": 2.90497851372,
        "stdev": 8.05082416534
    },
    "hfc": {
        "max": 86.0728302002,
        "mean": 31.2629966736,
        "min": 1.25712621212,
        "stdev": 11.3866539001
    },
    "loudness_ebu128": {
        "integrated": -18.3712940216,
        "loudness_range": 0.797201156616,
        "momentary": {
            "max": -16.9207630157,
            "mean": -18.4104347229,
            "min": -20.9802570343,
            "stdev": 0.588769435883
        },
        "short_term": {
            "max": -17.7789897919,
            "mean": -18.3862514496,
            "min": -19.1331386566,
            "stdev": 0.286204099655
        }
    },
    "melbands_crest": {
        "max": 32.9688301086,
        "mean": 12.4631652832,
        "min": 3.03441977501,
        "stdev": 5.70015954971
    },
    "melbands_flatness_db": {
        "max": 0.383316814899,
        "mean": 0.190169140697,
        "min": 0.0769361779094,
        "stdev": 0.0410298593342
    },
    "melbands_kurtosis": {
        "max": 41.3174095154,
        "mean": 2.76897072792,
        "min": -1.62804996967,
        "stdev": 4.53058052063
    },
    "melbands_skewness": {
        "max": 5.1275343895,
        "mean": 1.11647939682,
        "min": -0.801674842834,
        "stdev": 0.842524528503
    },
    "melbands_spread": {
        "max": 77.9699859619,
        "mean": 23.1056442261,
        "min": 2.2517478466,
        "stdev": 10.8512830734
    },
    "pitch_salience": {
        "max": 0.886468112469,
        "mean": 0.598247051239,
        "min": 0.175177022815,
        "stdev": 0.099017560482
    },
    "silence_rate_20dB": {
        "max": 1,
        "mean": 1,
        "min": 1,
        "stdev": 0
    },
    "silence_rate_30dB": {
        "max": 1,
        "mean": 1,
        "min": 1,
        "stdev": 0
    },
    "silence_rate_60dB": {
        "max": 0,
        "mean": 0,
        "min": 0,
        "stdev": 0
    },
    "spectral_centroid": {
        "max": 3133.14501953,
        "mean": 1518.3717041,
        "min": 593.167663574,
        "stdev": 401.707427979
    },
    "spectral_complexity": {
        "max": 52,
        "mean": 26.67253685,
        "min": 0,
        "stdev": 6.96611881256
    },
    "spectral_decrease": {
        "max": -1.40197103926e-10,
        "mean": -6.96264867983e-09,
        "min": -2.4113806063e-08,
        "stdev": 2.86083134959e-09
    },
    "spectral_energy": {
        "max": 0.0959672480822,
        "mean": 0.0291142724454,
        "min": 0.000643162755296,
        "stdev": 0.0115360878408
    },
    "spectral_energyband_high": {
        "max": 0.00275081722066,
        "mean": 0.000217759705265,
        "min": 8.05684248917e-06,
        "stdev": 0.000188838967006
    },
    "spectral_energyband_low": {
        "max": 0.00136383215431,
        "mean": 0.000146466583828,
        "min": 1.67281837093e-06,
        "stdev": 0.000166564757819
    },
    "spectral_energyband_middle_high": {
        "max": 0.0534827932715,
        "mean": 0.0142765743658,
        "min": 0.000526981428266,
        "stdev": 0.00777059840038
    },
    "spectral_energyband_middle_low": {
        "max": 0.0886217430234,
        "mean": 0.0157679785043,
        "min": 0.000114172515168,
        "stdev": 0.0113506112248
    },
    "spectral_entropy": {
        "max": 8.17683792114,
        "mean": 7.34946346283,
        "min": 5.84316730499,
        "stdev": 0.24750559032
    },
    "spectral_flux": {
        "max": 0.247730776668,
        "mean": 0.10264094919,
        "min": 0.0391808152199,
        "stdev": 0.031553145498
    },
    "spectral_kurtosis": {
        "max": 26.8240947723,
        "mean": 9.44369506836,
        "min": 1.35350131989,
        "stdev": 2.95138120651
    },
    "spectral_rms": {
        "max": 0.00967608299106,
        "mean": 0.00522196386009,
        "min": 0.000792133738287,
        "stdev": 0.00106548599433
    },
    "spectral_rolloff": {
        "max": 4435.83984375,
        "mean": 1820.10253906,
        "min": 322.998046875,
        "stdev": 603.740722656
    },
    "spectral_skewness": {
        "max": 3.39647936821,
        "mean": 2.0051651001,
        "min": 0.473671376705,
        "stdev": 0.385860741138
    },
    "spectral_spread": {
        "max": 6128819,
        "mean": 2693708.75,
        "min": 1834908.875,
        "stdev": 435205.15625
    },
    "spectral_strongpeak": {
        "max": 13.4030914307,
        "mean": 2.44436001778,
        "min": 0.0969807803631,
        "stdev": 1.58342993259
    },
    "zerocrossingrate": {
        "max": 0.12744140625,
        "mean": 0.0624014623463,
        "min": 0.02099609375,
        "stdev": 0.0148226032034
    },
    "barkbands": {
        "max": [1.12002044261e-05, 0.000161304749781, 0.00054174521938, 0.00234078639187, 0.027127943933, 0.0507731437683, 0.0258450806141, 0.0779946222901, 0.076026506722, 0.0712126940489, 0.0230439845473, 0.0167553219944, 0.0209625661373, 0.0198860000819, 0.0137543771416, 0.0290340650827, 0.0200168453157, 0.0141061730683, 0.00772394100204, 0.00260515417904, 0.0015517368447, 0.000258088897681, 0.000164422919624, 0.000344199448591, 3.78513068426e-05, 1.99609021365e-05, 7.00762484485e-06],
        "mean": [1.09949905891e-06, 9.18711793929e-06, 5.97598555032e-05, 0.000197796049179, 0.00182847352698, 0.00250093615614, 0.00109576398972, 0.00392514839768, 0.0041942843236, 0.00389113323763, 0.00168861227576, 0.00143088388722, 0.0016673571663, 0.00131565646734, 0.00113239558414, 0.0012690249132, 0.00130337162409, 0.000779463443905, 0.000508809054736, 0.000194309817743, 7.28261147742e-05, 1.12854795589e-05, 8.7957660071e-06, 1.33103967528e-05, 9.42657516134e-06, 5.17648868481e-06, 5.37150546265e-09],
        "min": [4.44054926163e-09, 2.60641343175e-07, 9.81403687206e-08, 2.98085467421e-07, 2.36840514845e-06, 1.24310663523e-05, 2.06424897442e-06, 3.67080269825e-06, 1.57760532602e-05, 1.37974548124e-05, 1.77839738171e-05, 2.27480832109e-05, 1.44892683238e-05, 1.26414433907e-05, 2.03378249353e-06, 1.02503427115e-05, 1.28231040435e-05, 2.03945201065e-05, 2.21790596697e-05, 5.83739802096e-06, 2.8578679121e-06, 3.33893353854e-07, 4.22713526405e-07, 2.74793137578e-07, 4.04050354064e-07, 1.27193146682e-07, 5.59847342096e-11],
        "stdev": [1.12232999072e-06, 1.16347700896e-05, 7.65988661442e-05, 0.000243668007897, 0.0030378382653, 0.00459201540798, 0.0020267830696, 0.00693848636001, 0.00707323709503, 0.00582596752793, 0.00255074980669, 0.00191983918194, 0.00233052717522, 0.00174903147854, 0.00155268376693, 0.0020955982618, 0.00161575083621, 0.000961353303865, 0.000498434121255, 0.000198780559003, 8.55192993185e-05, 1.71436931851e-05, 1.36552025651e-05, 1.9513650841e-05, 4.05605806009e-06, 2.26601605391e-06, 1.52835085032e-07]
    },
    "erbbands": {
        "max": [0.00150707527064, 0.053229752928, 0.497625380754, 4.35924386978, 16.6649780273, 116.909362793, 328.960235596, 578.102722168, 299.875061035, 1003.13598633, 1415.90075684, 1732.60852051, 2629.53759766, 1335.02697754, 1057.84179688, 782.27355957, 1086.38500977, 881.851745605, 893.841125488, 1199.56640625, 1097.88720703, 678.062683105, 1009.01629639, 306.36517334, 508.552703857, 128.925537109, 89.6916122437, 56.5295753479, 13.8990564346, 2.61444616318, 5.44557666779, 6.06116676331, 5.2276968956, 1.17852151394, 0.22406925261, 0.144647434354, 0.0255948510021, 0.00455284304917, 0.00100204325281, 0.000110243388917],
        "mean": [0.000177124282345, 0.00317177269608, 0.0490542463958, 0.395635604858, 1.58699440956, 6.52678918839, 17.5317134857, 20.4694156647, 15.6296949387, 41.4746398926, 91.7961578369, 108.604072571, 123.883384705, 76.9320144653, 76.8792495728, 64.9752502441, 79.5273666382, 73.3033065796, 66.929397583, 64.4491348267, 67.9765472412, 60.4651908875, 48.9882392883, 30.871723175, 19.9820346832, 9.87578964233, 4.79576778412, 1.76117444038, 0.485895365477, 0.19442923367, 0.276893824339, 0.294209778309, 0.203367650509, 0.110158421099, 0.0655515193939, 0.0375480949879, 0.00578221492469, 0.000170654879184, 2.29006982408e-05, 3.61087950296e-05],
        "min": [6.98042822478e-06, 5.26636213181e-05, 0.000483564130263, 0.000996323535219, 0.0064333146438, 0.00765893002972, 0.0184391979128, 0.119690835476, 0.116731666028, 0.110316768289, 0.632285714149, 0.648516833782, 1.21549892426, 1.06670558453, 1.76489591599, 1.50583851337, 0.807592153549, 0.774967193604, 0.438599467278, 0.450062543154, 0.646976411343, 0.837059736252, 1.0564289093, 1.2886043787, 0.618556976318, 0.30198264122, 0.186492145061, 0.0337885431945, 0.0168161336333, 0.00557992141694, 0.0161359962076, 0.00442970730364, 0.00623208424076, 0.00441911118105, 0.00248147384264, 0.00101816933602, 0.000199466696358, 1.86921261047e-05, 3.88872331314e-06, 1.22471521991e-06],
        "stdev": [0.000132404049509, 0.00382625521161, 0.0557079948485, 0.435897648335, 1.76626515388, 11.0666542053, 32.2537231445, 41.4964408875, 25.776599884, 81.9900436401, 142.91645813, 184.21182251, 206.000030518, 110.661354065, 105.824005127, 82.2376098633, 105.510902405, 83.1219024658, 92.923248291, 85.9806442261, 84.7203979492, 65.3782958984, 60.9317436218, 26.2545509338, 24.9037704468, 9.79331302643, 4.89176464081, 2.55199408531, 0.777390956879, 0.222432047129, 0.445825010538, 0.490062952042, 0.257252931595, 0.0639185383916, 0.0261623337865, 0.0153283402324, 0.00323496921919, 0.000165972567629, 2.21431564569e-05, 1.34009551402e-05]
    },
    "gfcc": {
        "mean": [-6.43124961853, 89.4571380615, -188.869171143, -16.3536701202, -68.3208847046, -13.6378097534, -55.7902526855, 12.1557674408, -41.034122467, -5.16289234161, -19.265089035, -10.6005449295, -6.50346374512],
        "cov": [[322.108917236, 95.7221908569, -28.0068130493, 100.789276123, 52.046257019, -43.8587646484, -31.2623577118, -65.2400283813, -20.1245517731, -5.44530296326, -16.1732521057, -21.0041599274, -6.61749267578], [95.7221908569, 197.025115967, 52.0584831238, -28.011505127, 36.9945983887, -72.339515686, -24.1926574707, -12.8122262955, -19.7009830475, -24.967754364, -10.4768819809, -11.9028911591, 1.81396126747], [-28.0068130493, 52.0584831238, 200.125030518, 20.9675006866, -55.6025543213, -22.1974830627, -61.6572952271, 11.3825025558, 9.60180473328, -10.8095808029, -21.4177513123, 25.8231525421, -25.5576553345], [100.789276123, -28.011505127, 20.9675006866, 216.599411011, 52.8701400757, -20.2577133179, -37.0977058411, -29.8928413391, -18.670343399, -6.15805864334, -11.1043157578, 16.1409301758, -1.85598993301], [52.046257019, 36.9945983887, -55.6025543213, 52.8701400757, 173.662246704, 42.8035240173, -0.145613580942, -14.9605855942, -33.9050559998, -7.44337129593, -27.0596752167, -14.2185335159, -13.8370599747], [-43.8587646484, -72.339515686, -22.1974830627, -20.2577133179, 42.8035240173, 181.528411865, 64.6887969971, -5.57804918289, -11.3620405197, 2.32193517685, -17.6912822723, -25.2131385803, -25.7743587494], [-31.2623577118, -24.1926574707, -61.6572952271, -37.0977058411, -0.145613580942, 64.6887969971, 131.561416626, 30.6478366852, -19.3244991302, 2.79068756104, 5.61710500717, -30.4142093658, -1.10999965668], [-65.2400283813, -12.8122262955, 11.3825025558, -29.8928413391, -14.9605855942, -5.57804918289, 30.6478366852, 77.4969100952, 37.7463264465, -1.56662106514, -5.87065219879, -6.7502989769, -8.75509738922], [-20.1245517731, -19.7009830475, 9.60180473328, -18.670343399, -33.9050559998, -11.3620405197, -19.3244991302, 37.7463264465, 83.0730285645, 24.1444797516, -8.94738101959, -6.47361660004, -3.77083897591], [-5.44530296326, -24.967754364, -10.8095808029, -6.15805864334, -7.44337129593, 2.32193517685, 2.79068756104, -1.56662106514, 24.1444797516, 60.9432563782, 21.4619960785, -1.08237814903, -10.382976532], [-16.1732521057, -10.4768819809, -21.4177513123, -11.1043157578, -27.0596752167, -17.6912822723, 5.61710500717, -5.87065219879, -8.94738101959, 21.4619960785, 69.2828140259, 27.312877655, 10.2053966522], [-21.0041599274, -11.9028911591, 25.8231525421, 16.1409301758, -14.2185335159, -25.2131385803, -30.4142093658, -6.7502989769, -6.47361660004, -1.08237814903, 27.312877655, 66.2825393677, 27.3173274994], [-6.61749267578, 1.81396126747, -25.5576553345, -1.85598993301, -13.8370599747, -25.7743587494, -1.10999965668, -8.75509738922, -3.77083897591, -10.382976532, 10.2053966522, 27.3173274994, 63.7646636963]],
        "icov": [[0.00690052192658, -0.00580446282402, 0.0043021030724, -0.00439869612455, 0.0026677029673, -0.000733807566576, 0.000232193793636, 0.00400454225019, -0.00138818903361, -0.000846969720442, 0.0026176488027, -0.00119437312242, 0.00318644871004], [-0.00580446282402, 0.0204537380487, -0.0149180190638, 0.00966457650065, -0.0142984669656, 0.0115938438103, -0.00791668798774, 0.00798721238971, -0.00553555879742, 0.0091445883736, -0.00909329764545, 0.00957162957639, -0.00582337146625], [0.0043021030724, -0.0149180190638, 0.0211261343211, -0.00805833376944, 0.0158136598766, -0.00975616183132, 0.0114511940628, -0.0108627816662, 0.00918237026781, -0.00804381817579, 0.0129278693348, -0.0123337041587, 0.00974781624973], [-0.00439869612455, 0.00966457650065, -0.00805833376944, 0.0108375716954, -0.00858570169657, 0.00591132463887, -0.00373188755475, 0.00446863891557, -0.00253223371692, 0.00415666913614, -0.00365346018225, 0.00233036815189, -0.00245748902671], [0.0026677029673, -0.0142984669656, 0.0158136598766, -0.00858570169657, 0.0213276017457, -0.0117623209953, 0.0115275634453, -0.0126813566312, 0.0129699921235, -0.0101881921291, 0.0124663738534, -0.00806901603937, 0.00567482318729], [-0.000733807566576, 0.0115938438103, -0.00975616183132, 0.00591132463887, -0.0117623209953, 0.0169497765601, -0.0129736829549, 0.0138671863824, -0.00904362276196, 0.00766052631661, -0.00377447507344, 0.00375692546368, 0.00153987016529], [0.000232193793636, -0.00791668798774, 0.0114511940628, -0.00373188755475, 0.0115275634453, -0.0129736829549, 0.0256881862879, -0.0221706815064, 0.0186284836382, -0.0106448503211, 0.00379164982587, 0.00365674542263, -0.00341419433244], [0.00400454225019, 0.00798721238971, -0.0108627816662, 0.00446863891557, -0.0126813566312, 0.0138671863824, -0.0221706815064, 0.0422681793571, -0.0276361908764, 0.0163353607059, -0.0060973749496, 5.21086694789e-05, 0.00621467223391], [-0.00138818903361, -0.00553555879742, 0.00918237026781, -0.00253223371692, 0.0129699921235, -0.00904362276196, 0.0186284836382, -0.0276361908764, 0.036544919014, -0.0197398886085, 0.0112258614972, 0.000924407329876, -0.00393701484427], [-0.000846969720442, 0.0091445883736, -0.00804381817579, 0.00415666913614, -0.0101881921291, 0.00766052631661, -0.0106448503211, 0.0163353607059, -0.0197398886085, 0.0324451811612, -0.0152711123228, 0.00413311412558, 0.00428132107481], [0.0026176488027, -0.00909329764545, 0.0129278693348, -0.00365346018225, 0.0124663738534, -0.00377447507344, 0.00379164982587, -0.0060973749496, 0.0112258614972, -0.0152711123228, 0.0323932468891, -0.0178336426616, 0.00664685014635], [-0.00119437312242, 0.00957162957639, -0.0123337041587, 0.00233036815189, -0.00806901603937, 0.00375692546368, 0.00365674542263, 5.21086694789e-05, 0.000924407329876, 0.00413311412558, -0.0178336426616, 0.0368162319064, -0.0176239851862], [0.00318644871004, -0.00582337146625, 0.00974781624973, -0.00245748902671, 0.00567482318729, 0.00153987016529, -0.00341419433244, 0.00621467223391, -0.00393701484427, 0.00428132107481, 0.00664685014635, -0.0176239851862, 0.0296130422503]]
    },
    "melbands": {
        "max": [2.35860188695e-05, 0.000209877296584, 0.000902508269064, 0.003496959107, 0.00904795248061, 0.0114922542125, 0.00448651751503, 0.014020380564, 0.0105389701203, 0.00971249397844, 0.0132998907939, 0.00519997812808, 0.00321036623791, 0.00242137676105, 0.00229980121367, 0.00233735982329, 0.00181431265082, 0.00161737564486, 0.00109120365232, 0.00266541703604, 0.00132177153137, 0.00107824220322, 0.000785448821262, 0.000703401688952, 0.000289002724458, 0.000383668579161, 0.000166210404132, 8.30654025776e-05, 7.38385351724e-05, 3.80175406463e-05, 2.92595377687e-05, 1.01782279671e-05, 2.23018128054e-06, 1.55630755216e-06, 2.81131406155e-06, 4.09505764765e-06, 3.92865604226e-06, 4.15913973484e-06, 2.46595482167e-06, 5.22779771472e-07],
        "mean": [1.94790209207e-06, 2.12956983887e-05, 9.98770992737e-05, 0.000257183215581, 0.000588442373555, 0.00046047125943, 0.000227932730922, 0.000546126335394, 0.000794136838522, 0.000631467381027, 0.000606708403211, 0.000308130431222, 0.000244140916038, 0.000183565614861, 0.000150744293933, 0.000172039290192, 0.000133055698825, 0.000110839006084, 6.87045467203e-05, 0.000109661887109, 7.64438445913e-05, 6.88122090651e-05, 5.29009448655e-05, 3.57459539373e-05, 2.38632565015e-05, 1.68700044014e-05, 8.74018678587e-06, 6.17211435383e-06, 3.31477576765e-06, 1.9550086563e-06, 7.0089208748e-07, 2.94875917461e-07, 1.23864211332e-07, 9.88357413689e-08, 1.50443398184e-07, 1.84525532632e-07, 1.78928971195e-07, 1.50684101641e-07, 1.13006457525e-07, 8.55074802075e-08],
        "min": [5.41216778061e-08, 1.96869905267e-07, 3.15177317134e-07, 5.2319654742e-07, 4.99806901644e-07, 2.85349460682e-06, 1.06786819742e-06, 9.19415583667e-07, 5.40187511433e-06, 2.34495746554e-06, 3.75955323761e-06, 2.74611556961e-06, 3.30735224452e-06, 3.58056627192e-06, 1.56426960984e-06, 1.57489569119e-06, 1.33485195875e-06, 6.18020976617e-07, 1.6240122136e-07, 6.377047157e-07, 7.43745260934e-07, 8.69000132298e-07, 6.65577942982e-07, 1.02661726942e-06, 5.52009510102e-07, 4.43722996124e-07, 2.05008177545e-07, 1.93517166736e-07, 9.98497924343e-08, 4.94519625249e-08, 3.6858749386e-09, 1.2328421839e-08, 2.39376207745e-09, 2.93823343434e-09, 1.05541699824e-08, 4.51210757646e-09, 2.15935425096e-09, 3.74224651267e-09, 5.11636555345e-09, 3.23668269964e-09],
        "stdev": [1.907381602e-06, 2.38219108724e-05, 0.00010347981879, 0.000354513613274, 0.00100266363006, 0.000879384810105, 0.000376476265956, 0.00110851461068, 0.00118700170424, 0.00107109465171, 0.0010441277409, 0.000471147533972, 0.000357155659003, 0.000236132837017, 0.000191803992493, 0.000243053305894, 0.000171739171492, 0.00016135891201, 8.85011759237e-05, 0.000184924327186, 9.84866419458e-05, 8.80721781868e-05, 7.25509453332e-05, 4.25424186687e-05, 2.42124606302e-05, 2.4947383281e-05, 1.0289392776e-05, 6.73925205774e-06, 3.77295873477e-06, 2.51002234108e-06, 1.29894294787e-06, 5.15256999734e-07, 1.69549409179e-07, 1.17870349925e-07, 2.36929679431e-07, 3.28304025743e-07, 3.0232402537e-07, 2.11456082866e-07, 1.02983982231e-07, 4.28055670909e-08]
    },
    "melbands128": {
        "max": [5.56941904506e-06, 9.35530715651e-06, 1.95135380636e-05, 0.000111210640171, 0.000214798463276, 0.000362033344572, 0.000896812416613, 0.00133323634509, 0.00224593258463, 0.00312199653126, 0.00733655970544, 0.0122936367989, 0.016525041312, 0.0148635320365, 0.0207776725292, 0.0109757520258, 0.00990381650627, 0.00728606339544, 0.00674192607403, 0.0190340410918, 0.0323869101703, 0.0167229622602, 0.0139837060124, 0.0278642326593, 0.0213745497167, 0.0165883898735, 0.00756448321044, 0.027127219364, 0.00710125174373, 0.00977110862732, 0.0112557029352, 0.00483871717006, 0.00527261663228, 0.00641818530858, 0.00315526966006, 0.00490013463423, 0.00422289548442, 0.00443526729941, 0.00526039954275, 0.00321225449443, 0.00464383792132, 0.00223613413982, 0.00396138941869, 0.00458446191624, 0.00339805614203, 0.00369935971685, 0.00297762150876, 0.00196303706616, 0.00140617613215, 0.0037158166524, 0.00495100114495, 0.0045137135312, 0.000901840685401, 0.00247935112566, 0.00380519870669, 0.00114700582344, 0.00124384160154, 0.0014233259717, 0.00181595189497, 0.00267835520208, 0.000609548005741, 0.0003105236392, 0.000709577463567, 0.000243777918513, 0.000429273379268, 0.00086313142674, 0.000972657056991, 0.000246225652518, 0.000139437121106, 0.000134269372211, 0.000132042128826, 0.000142473378219, 0.000106920255348, 8.70741569088e-05, 4.20166470576e-05, 4.52078784292e-05, 9.75438088062e-05, 5.43771275261e-05, 4.53175598523e-05, 1.65767269209e-05, 1.75521345227e-05, 6.5213025664e-06, 4.54286646345e-06, 2.2003923732e-06, 1.65833580468e-06, 1.41183625146e-06, 2.60925367002e-06, 2.76267678601e-06, 3.28241662828e-06, 5.02568946104e-06, 5.0692451623e-06, 4.92793378726e-06, 5.02021794091e-06, 4.16510920331e-06, 5.57537305212e-06, 5.10662630404e-06, 3.76455636797e-06, 3.42907378581e-06, 3.97366056859e-06, 1.23859160794e-06, 7.87227804722e-07, 4.3431387553e-07, 3.70719931198e-07, 3.41743998433e-07, 3.04015486563e-07, 3.27582426962e-07, 3.80788861776e-07, 3.0307987231e-07, 3.11995535185e-07, 3.09042377467e-07, 3.42119022889e-07, 1.5597927927e-07, 1.29389292169e-07, 6.12628667795e-08, 6.46262137138e-08, 3.53361926386e-08, 3.40614541017e-08, 3.29207558991e-08, 3.19278292693e-08, 3.10476195864e-08, 3.02501597105e-08, 2.95708773024e-08, 2.89309429746e-08, 2.84350214486e-08, 2.80394516494e-08, 2.76720921732e-08, 2.7409440051e-08, 2.72582152405e-08],
        "mean": [7.54276015869e-07, 1.19389392239e-06, 1.54627105076e-06, 4.99312909596e-06, 1.28692972794e-05, 3.57202261512e-05, 6.81541132508e-05, 0.000111692505016, 0.000162552416441, 0.000161809337442, 0.00035238606506, 0.000635836739093, 0.000610285322182, 0.000608108588494, 0.000509292643983, 0.000364917126717, 0.000275001890259, 0.000182652162039, 0.000178872738616, 0.000416606402723, 0.000811785284895, 0.000748260179535, 0.000782395538408, 0.00079795171041, 0.000872181728482, 0.000434198620496, 0.000406033010222, 0.000922383682337, 0.00042103571468, 0.000366242253222, 0.000267260737019, 0.000167531732586, 0.000262485409621, 0.000318242033245, 0.000138537783641, 0.000169086662936, 0.000210669109947, 8.05216986919e-05, 0.000186212753761, 0.000195227068616, 0.000183213473065, 0.000110781962576, 0.00011898043158, 0.000182282936294, 7.92619684944e-05, 0.000118681477034, 0.00011807444389, 4.23304300057e-05, 5.05452080688e-05, 0.000106339124613, 0.000131586260977, 0.000114266571472, 3.50758091372e-05, 7.547451969e-05, 0.000127905790578, 4.82587274746e-05, 3.97479561798e-05, 6.80738230585e-05, 4.70413870062e-05, 4.78201036458e-05, 3.70851157641e-05, 2.3079033781e-05, 3.31298761012e-05, 2.08745386772e-05, 1.48962144522e-05, 1.7706746803e-05, 1.90402824956e-05, 1.06790930658e-05, 5.32518470209e-06, 7.3125356721e-06, 6.12238909525e-06, 6.57425198369e-06, 3.91098456021e-06, 2.68786743618e-06, 2.19986100092e-06, 2.86378758574e-06, 1.33658625145e-06, 8.18095202249e-07, 6.69839550937e-07, 5.26634380549e-07, 3.01515797219e-07, 2.25352664529e-07, 1.70960902324e-07, 1.12076648406e-07, 8.4980612769e-08, 8.60579589812e-08, 9.98602232016e-08, 1.30899280748e-07, 1.49167377117e-07, 1.6825488558e-07, 1.78802281425e-07, 1.94633827277e-07, 1.87803351537e-07, 1.77557112124e-07, 1.77821462444e-07, 1.60430630558e-07, 1.47321685517e-07, 1.31302854811e-07, 1.17928003363e-07, 1.00521440061e-07, 9.26557817138e-08, 8.26826749289e-08, 7.77494193471e-08, 7.41502574897e-08, 7.24507742689e-08, 7.25334174945e-08, 7.27409386059e-08, 7.01497810951e-08, 6.88596557552e-08, 6.62010748442e-08, 5.57660122524e-08, 2.03402219512e-08, 9.49798284466e-09, 2.69529532027e-09, 1.00543962045e-09, 2.1467988498e-10, 6.14722023284e-11, 2.06193794677e-11, 2.00033375281e-11, 1.94621454369e-11, 1.89591779776e-11, 1.85412709491e-11, 1.81647231978e-11, 1.7841903302e-11, 1.75121184914e-11, 1.71438540447e-11, 1.69051630333e-11, 1.68008575802e-11],
        "min": [1.82606219035e-09, 4.22503854125e-09, 4.35704272661e-09, 4.06199198721e-08, 5.38876889777e-08, 4.09109652821e-08, 5.20800469417e-08, 9.38500761549e-08, 1.71735734966e-07, 3.34313710937e-07, 6.62165575704e-08, 7.22851325463e-08, 1.34346151981e-07, 6.28945826975e-07, 4.4152474743e-07, 2.26101789735e-07, 5.51770597212e-07, 2.73570748277e-07, 1.49654553638e-07, 1.17810415645e-07, 5.85475731896e-07, 2.5271810955e-07, 1.02686738046e-06, 4.41209976998e-07, 2.304250728e-07, 2.78285455124e-07, 7.34927027679e-07, 5.13605755259e-07, 1.32844797918e-06, 6.50266656521e-07, 4.67383500791e-07, 7.90066337686e-07, 1.13796488677e-06, 7.55188125368e-07, 1.21084315197e-06, 6.04870592724e-07, 3.14620194786e-07, 2.62896833192e-07, 4.3083679202e-07, 1.18539082905e-06, 3.8093375565e-07, 4.27294480687e-07, 3.9492488213e-07, 9.09562459128e-07, 1.49438449171e-07, 1.18859198039e-07, 3.85545568804e-08, 9.75837508577e-08, 2.51701862908e-07, 1.47312761101e-07, 4.64854537086e-07, 4.1807001594e-07, 1.08616767136e-07, 1.55596296736e-07, 8.1655446138e-07, 2.29308156463e-07, 3.61167707297e-07, 5.06579510784e-07, 3.22256909158e-07, 2.91041800438e-07, 5.43692578958e-07, 3.1905636888e-07, 3.42593637015e-07, 3.48798067762e-07, 2.91651730322e-07, 1.0391887173e-07, 2.38445437617e-07, 1.27405670014e-07, 5.48787504329e-08, 1.78752060265e-07, 1.07421492146e-07, 8.53471320283e-08, 8.6863870763e-08, 4.74813788287e-08, 3.14969241799e-08, 6.16500317463e-09, 1.42912615075e-08, 3.27423332891e-09, 2.27189578261e-09, 3.06727110377e-09, 1.03500203963e-08, 9.34814892162e-09, 1.68793456989e-09, 2.47857223634e-09, 1.37404865264e-09, 1.06431330416e-09, 4.55810411637e-09, 4.51221771058e-09, 1.08043645142e-08, 1.66865508078e-08, 4.44082948192e-09, 1.16005960393e-09, 2.21458495986e-09, 2.59979460182e-09, 1.36608524492e-09, 2.8470745761e-09, 2.81918710598e-09, 8.11391309696e-09, 3.31277782983e-09, 6.2008562729e-09, 4.0424357195e-09, 2.65312327663e-09, 2.08546890867e-09, 1.54738766245e-09, 1.71289471496e-09, 4.5810724103e-09, 4.80936623859e-09, 1.84089254951e-09, 1.33116506706e-09, 6.24806317795e-10, 1.59493729335e-09, 4.80744111186e-10, 4.97871546507e-13, 2.24911113496e-13, 1.51817957077e-13, 1.56816549221e-13, 1.78931346194e-13, 1.59774645771e-13, 1.55426452958e-13, 1.65643879364e-13, 1.68366758252e-13, 1.57780079692e-13, 1.58034162471e-13, 1.73306857689e-13, 1.24961361246e-13, 5.39098083394e-14, 6.52546516917e-15, 3.37652373187e-16],
        "stdev": [7.53365156925e-07, 1.11620522603e-06, 1.53259873059e-06, 7.75082662585e-06, 1.77084039024e-05, 4.74114640383e-05, 9.02313768165e-05, 0.000147936705616, 0.000215127845877, 0.000229402066907, 0.000665983185172, 0.00136875128374, 0.00137461989652, 0.00152250996325, 0.00134763820097, 0.00081341463374, 0.000625458895229, 0.000419782474637, 0.000417924107751, 0.00105417100713, 0.00216827355325, 0.0016749111237, 0.00172288843896, 0.00187966076192, 0.00201113708317, 0.00106452358887, 0.000741621130146, 0.00203269254416, 0.000775973137934, 0.000742207514122, 0.000665601284709, 0.000394696457079, 0.000517082633451, 0.000605681212619, 0.000290703494102, 0.000347840308677, 0.000374299386749, 0.000179394002771, 0.00041197106475, 0.000324492837535, 0.000406666309573, 0.000209069956327, 0.00022357601847, 0.000332219933625, 0.000167568607139, 0.000263955618721, 0.000226083167945, 8.7434782472e-05, 9.04137850739e-05, 0.000239921122557, 0.000290706724627, 0.000279491039691, 6.59893412376e-05, 0.000148017978063, 0.000256134546362, 8.30257122288e-05, 7.69282196416e-05, 0.00012059781875, 9.21258324524e-05, 0.000121960198157, 5.36409133929e-05, 2.83118515654e-05, 4.60801929876e-05, 2.55792238022e-05, 2.72007018793e-05, 4.37122216681e-05, 3.62723876606e-05, 1.95032062038e-05, 8.06585649116e-06, 1.03182155726e-05, 9.01961902855e-06, 9.78454954748e-06, 6.20857827016e-06, 4.29737337981e-06, 3.3264832382e-06, 4.49336266684e-06, 2.9621635349e-06, 1.84663360869e-06, 1.5957280084e-06, 9.18309240205e-07, 6.71906775551e-07, 4.31852953398e-07, 2.97239608926e-07, 1.61495819384e-07, 9.32975083856e-08, 9.21151297462e-08, 1.44107531241e-07, 2.30500944554e-07, 2.31824557773e-07, 3.17977281838e-07, 3.54971547267e-07, 3.74320904939e-07, 3.27887761387e-07, 3.18219463225e-07, 3.3413104461e-07, 2.68697561978e-07, 2.06763800747e-07, 1.64117210488e-07, 1.37218137297e-07, 7.80213440521e-08, 5.81436623293e-08, 4.69697276628e-08, 4.19297663257e-08, 3.84384826191e-08, 3.58767628938e-08, 3.59714995568e-08, 3.60424898815e-08, 3.43179351603e-08, 3.39724763876e-08, 3.45099770982e-08, 3.00365528005e-08, 1.64073288289e-08, 1.2267102889e-08, 5.40546984951e-09, 3.79050435484e-09, 9.14910369687e-10, 7.48736628253e-10, 7.17976567088e-10, 6.9632105637e-10, 6.77112033109e-10, 6.5972433072e-10, 6.4491290086e-10, 6.30958174597e-10, 6.20144213759e-10, 6.11518113924e-10, 6.03504357599e-10, 5.97778437861e-10, 5.94481130989e-10]
    },
    "mfcc": {
        "mean": [-634.112548828, 134.619842529, -69.2076797485, -8.71494102478, -11.4832334518, -32.2775115967, -6.38341522217, -12.6778516769, -9.14065170288, -5.71949291229, -13.8482217789, -4.28912496567, -13.5625944138],
        "cov": [[424.522247314, 7.03868913651, -84.3995285034, 118.854156494, 34.9772644043, 47.7952575684, 2.87790775299, -60.8745880127, -5.58718729019, -23.5095272064, -42.1836624146, 26.3814601898, -19.8849906921], [7.03868913651, 266.663421631, -14.7879447937, -13.2819519043, 15.402256012, -56.155292511, -4.44724035263, -11.8848409653, -6.74541902542, -14.9902620316, -2.45013737679, -32.4501876831, 1.6665418148], [-84.3995285034, -14.7879447937, 249.476791382, 4.62011671066, -23.59075737, -32.3361778259, -77.0772247314, 13.3903446198, -17.2946186066, -12.9875841141, 2.76293110847, -5.12560367584, 17.7827835083], [118.854156494, -13.2819519043, 4.62011671066, 216.518051147, 57.8569488525, -30.9877471924, -23.9011936188, -30.0207672119, -5.82916164398, -53.4946479797, -36.0225639343, 32.0147972107, 7.80479335785], [34.9772644043, 15.402256012, -23.59075737, 57.8569488525, 144.662399292, 34.9733581543, -26.0781116486, -0.827144086361, -1.38699686527, -16.9794178009, -9.77962398529, -9.79715442657, -3.10447835922], [47.7952575684, -56.155292511, -32.3361778259, -30.9877471924, 34.9733581543, 136.963317871, 65.4930267334, 3.52000522614, 5.80531644821, 14.5199642181, -5.77799701691, -11.4962472916, -4.13134431839], [2.87790775299, -4.44724035263, -77.0772247314, -23.9011936188, -26.0781116486, 65.4930267334, 144.226486206, 30.2336845398, -6.2006020546, 14.866648674, -1.70972669125, -9.10033607483, -3.54914093018], [-60.8745880127, -11.8848409653, 13.3903446198, -30.0207672119, -0.827144086361, 3.52000522614, 30.2336845398, 72.8209381104, 23.613571167, 7.49112510681, 4.57912921906, -11.6659927368, 1.63022017479], [-5.58718729019, -6.74541902542, -17.2946186066, -5.82916164398, -1.38699686527, 5.80531644821, -6.2006020546, 23.613571167, 79.0862960815, 31.0946273804, -1.7963603735, 0.529532790184, -3.43184113503], [-23.5095272064, -14.9902620316, -12.9875841141, -53.4946479797, -16.9794178009, 14.5199642181, 14.866648674, 7.49112510681, 31.0946273804, 84.4287109375, 36.8933372498, -9.73727798462, -5.97328472137], [-42.1836624146, -2.45013737679, 2.76293110847, -36.0225639343, -9.77962398529, -5.77799701691, -1.70972669125, 4.57912921906, -1.7963603735, 36.8933372498, 70.7146453857, 15.54018116, -6.92058706284], [26.3814601898, -32.4501876831, -5.12560367584, 32.0147972107, -9.79715442657, -11.4962472916, -9.10033607483, -11.6659927368, 0.529532790184, -9.73727798462, 15.54018116, 74.0277023315, 21.5198097229], [-19.8849906921, 1.6665418148, 17.7827835083, 7.80479335785, -3.10447835922, -4.13134431839, -3.54914093018, 1.63022017479, -3.43184113503, -5.97328472137, -6.92058706284, 21.5198097229, 68.6051025391]],
        "icov": [[0.00421983283013, -0.00139415333979, 0.0017083621351, -0.00299424561672, 0.00189398392104, -0.00395338190719, 0.00269424100406, -0.00012109601812, 0.00189505761955, -0.00210596364923, 0.0027172032278, -0.00220131431706, 0.00202072458342], [-0.00139415333979, 0.00622732238844, -0.00123023171909, 0.00310835405253, -0.00374412117526, 0.00657310849056, -0.00495841121301, 0.00473263161257, -0.00367768085562, 0.00391297321767, -0.00265697529539, 0.00418434012681, -0.00215650117025], [0.0017083621351, -0.00123023171909, 0.00761173479259, -0.00345374597237, 0.00495736952871, -0.0051701599732, 0.00844683591276, -0.00625574402511, 0.00524666439742, -0.00211099185981, 0.000880916370079, 0.000430479994975, -0.000523936236277], [-0.00299424561672, 0.00310835405253, -0.00345374597237, 0.0116764344275, -0.00788842421025, 0.00922410562634, -0.00785267539322, 0.00725987646729, -0.00580311473459, 0.00592697365209, 0.000325182190863, -0.00121435557958, -0.00111728336196], [0.00189398392104, -0.00374412117526, 0.00495736952871, -0.00788842421025, 0.0157737471163, -0.0122785652056, 0.0121538834646, -0.00909834168851, 0.00625176494941, -0.00266954558901, 0.000272696430329, 0.000972255948, 0.000874530815054], [-0.00395338190719, 0.00657310849056, -0.0051701599732, 0.00922410562634, -0.0122785652056, 0.0231075566262, -0.0168351810426, 0.0114173358306, -0.00899893045425, 0.00508955074474, -0.00212033046409, 0.00359093234874, -0.00266842939891], [0.00269424100406, -0.00495841121301, 0.00844683591276, -0.00785267539322, 0.0121538834646, -0.0168351810426, 0.0245818160474, -0.0165889784694, 0.0127128222957, -0.00801517814398, 0.00428837956861, -0.00235360534862, 0.00191625475418], [-0.00012109601812, 0.00473263161257, -0.00625574402511, 0.00725987646729, -0.00909834168851, 0.0114173358306, -0.0165889784694, 0.0301155559719, -0.015701521188, 0.00940729491413, -0.00533745018765, 0.00509125925601, -0.00275423517451], [0.00189505761955, -0.00367768085562, 0.00524666439742, -0.00580311473459, 0.00625176494941, -0.00899893045425, 0.0127128222957, -0.015701521188, 0.0260777603835, -0.0153164649382, 0.00965556222945, -0.00616805721074, 0.00359031674452], [-0.00210596364923, 0.00391297321767, -0.00211099185981, 0.00592697365209, -0.00266954558901, 0.00508955074474, -0.00801517814398, 0.00940729491413, -0.0153164649382, 0.0280119758099, -0.0161716416478, 0.00906796194613, -0.00408803019673], [0.0027172032278, -0.00265697529539, 0.000880916370079, 0.000325182190863, 0.000272696430329, -0.00212033046409, 0.00428837956861, -0.00533745018765, 0.00965556222945, -0.0161716416478, 0.0283070895821, -0.0129376780242, 0.00680883787572], [-0.00220131431706, 0.00418434012681, 0.000430479994975, -0.00121435557958, 0.000972255948, 0.00359093234874, -0.00235360534862, 0.00509125925601, -0.00616805721074, 0.00906796194613, -0.0129376780242, 0.0245111230761, -0.0092083029449], [0.00202072458342, -0.00215650117025, -0.000523936236277, -0.00111728336196, 0.000874530815054, -0.00266842939891, 0.00191625475418, -0.00275423517451, 0.00359031674452, -0.00408803019673, 0.00680883787572, -0.0092083029449, 0.0189195778221]]
    },
    "spectral_contrast_coeffs": {
        "max": [-0.30766633153, -0.39313262701, -0.520120203495, -0.617926299572, -0.610874176025, -0.662441909313],
        "mean": [-0.604293704033, -0.728352546692, -0.72271579504, -0.762110054493, -0.743624687195, -0.803722441196],
        "min": [-0.873172700405, -0.908201098442, -0.957565426826, -0.892379879951, -0.839582502842, -0.87710916996],
        "stdev": [0.0812686830759, 0.0885293334723, 0.0656285658479, 0.0417274162173, 0.0330785401165, 0.0283949095756]
    },
    "spectral_contrast_valleys": {
        "max": [-6.54187726974, -4.50275373459, -5.29931879044, -5.8284444809, -6.26283836365, -9.22528839111],
        "mean": [-8.11768054962, -6.23266029358, -6.63238954544, -6.83458328247, -7.21844291687, -10.5358400345],
        "min": [-10.2520256042, -8.53975868225, -8.23902797699, -8.75484085083, -8.6375951767, -12.1969957352],
        "stdev": [0.556575357914, 0.484907835722, 0.426238179207, 0.408741831779, 0.388044118881, 0.247214242816]
    }
},
"rhythm": {
    "beats_count": 82,
    "beats_loudness": {
        "max": 0.0891340449452,
        "mean": 0.0342729054391,
        "min": 0.0130822146311,
        "stdev": 0.0103572811931
    },
    "bpm": 102.440719604,
    "bpm_histogram_first_peak_bpm": 103,
    "bpm_histogram_first_peak_weight": 0.602739691734,
    "bpm_histogram_second_peak_bpm": 96,
    "bpm_histogram_second_peak_spread": 0.375,
    "bpm_histogram_second_peak_weight": 0.0617283955216,
    "danceability": 1.54542565346,
    "onset_rate": 2.5224609375,
    "beats_loudness_band_ratio": {
        "max": [0.0876779705286, 0.607282936573, 0.905344009399, 0.861316621304, 0.583858907223, 0.1977789253],
        "mean": [0.0141880642623, 0.119518406689, 0.422632396221, 0.313812345266, 0.160665154457, 0.0275039058179],
        "min": [7.31170366635e-05, 0.0023268610239, 0.0685358047485, 0.0600575841963, 0.00197645905428, 0.00159996293951],
        "stdev": [0.0154882436618, 0.132269278169, 0.237417250872, 0.187495276332, 0.114624768496, 0.0291272811592]
    },
