{
"metadata": {
    "version": {
        "essentia": "2.1-beta5",
        "essentia_git_sha": "Undefined",
        "extractor": "music 2.0"
    },
    "audio_properties": {
        "analysis": {
            "equal_loudness": 0,
            "length": 12.7477550507,
            "sample_rate": 44100,
            "start_time": 0,
            "downmix": "mix"
        },
        "bit_rate": 192000,
        "length": 186.781311035,
        "lossless": 0,
        "number_channels": 2,
        "replay_gain": 0.278879165649,
        "sample_rate": 44100,
        "codec": "mp3",
        "md5_encoded": "d2f74ed734d37b8954bcf77dd434529d"
    },
    "tags": {
        "file_name": "Luxembourg_Bye, Bye, I Love You_Ireen Sheer.mp3",
        "encoding": ["Lavf58.29.100"]
    }
},
"lowlevel": {
    "average_loudness": 0.944451212883,
    "barkbands_crest": {
        "max": 23.451292038,
        "mean": 9.57057380676,
        "min": 3.24384403229,
        "stdev": 5.0592918396
    },
    "barkbands_flatness_db": {
        "max": 0.290016531944,
        "mean": 0.176065459847,
        "min": 0.0590248927474,
        "stdev": 0.039507035166
    },
    "barkbands_kurtosis": {
        "max": 45.2243499756,
        "mean": 3.6800775528,
        "min": -1.42867827415,
        "stdev": 7.09354734421
    },
    "barkbands_skewness": {
        "max": 5.29604959488,
        "mean": 0.572753667831,
        "min": -1.65985178947,
        "stdev": 1.29565727711
    },
    "barkbands_spread": {
        "max": 45.8471260071,
        "mean": 9.91786670685,
        "min": 1.99585437775,
        "stdev": 4.75059318542
    },
    "dissonance": {
        "max": 0.500000059605,
        "mean": 0.452774643898,
        "min": 0.264015287161,
        "stdev": 0.0494002811611
    },
    "dynamic_complexity": 3.48752236366,
    "erbbands_crest": {
        "max": 30.9602146149,
        "mean": 11.5660734177,
        "min": 2.68833041191,
        "stdev": 6.41330289841
    },
    "erbbands_flatness_db": {
        "max": 0.341320931911,
        "mean": 0.253239989281,
        "min": 0.0923162251711,
        "stdev": 0.0484931468964
    },
    "erbbands_kurtosis": {
        "max": 25.4200305939,
        "mean": 2.32407903671,
        "min": -1.63184285164,
        "stdev": 4.43505191803
    },
    "erbbands_skewness": {
        "max": 3.8885974884,
        "mean": 0.416134446859,
        "min": -1.76059651375,
        "stdev": 1.07236456871
    },
    "erbbands_spread": {
        "max": 72.2901916504,
        "mean": 14.39935112,
        "min": 4.12267160416,
        "stdev": 7.48274183273
    },
    "hfc": {
        "max": 83.4470672607,
        "mean": 15.0789613724,
        "min": 1.10444989952e-16,
        "stdev": 17.0342788696
    },
    "loudness_ebu128": {
        "integrated": -26.4699211121,
        "loudness_range": 7.27875900269,
        "momentary": {
            "max": -22.5110569,
            "mean": -28.0099372864,
            "min": -39.5100021362,
            "stdev": 3.93732261658
        },
        "short_term": {
            "max": -24.4037265778,
            "mean": -27.3773384094,
            "min": -31.9996128082,
            "stdev": 2.76490569115
        }
    },
    "melbands_crest": {
        "max": 29.4993534088,
        "mean": 11.4388589859,
        "min": 2.44580101967,
        "stdev": 6.49127912521
    },
    "melbands_flatness_db": {
        "max": 0.398516476154,
        "mean": 0.221287116408,
        "min": 0.00537996087223,
        "stdev": 0.0608560368419
    },
    "melbands_kurtosis": {
        "max": 64.8988113403,
        "mean": 3.35481190681,
        "min": -1.57807803154,
        "stdev": 7.34218025208
    },
    "melbands_skewness": {
        "max": 6.65999317169,
        "mean": 0.698644638062,
        "min": -1.04052090645,
        "stdev": 1.17067539692
    },
    "melbands_spread": {
        "max": 132.22277832,
        "mean": 19.2273979187,
        "min": 2.21807050705,
        "stdev": 11.4256563187
    },
    "pitch_salience": {
        "max": 0.870472490788,
        "mean": 0.649081766605,
        "min": 0.205476462841,
        "stdev": 0.16939689219
    },
    "silence_rate_20dB": {
        "max": 1,
        "mean": 1,
        "min": 1,
        "stdev": 0
    },
    "silence_rate_30dB": {
        "max": 1,
        "mean": 1,
        "min": 1,
        "stdev": 0
    },
    "silence_rate_60dB": {
        "max": 1,
        "mean": 0.125454545021,
        "min": 0,
        "stdev": 0.331234008074
    },
    "spectral_centroid": {
        "max": 11384.4863281,
        "mean": 1397.76428223,
        "min": 263.441619873,
        "stdev": 786.060302734
    },
    "spectral_complexity": {
        "max": 43,
        "mean": 18.5109100342,
        "min": 0,
        "stdev": 10.9930105209
    },
    "spectral_decrease": {
        "max": -1.69424586838e-28,
        "mean": -2.98675195687e-09,
        "min": -1.83720967328e-08,
        "stdev": 3.00312330559e-09
    },
    "spectral_energy": {
        "max": 0.0769094154239,
        "mean": 0.012640401721,
        "min": 1.06571421727e-20,
        "stdev": 0.0126794278622
    },
    "spectral_energyband_high": {
        "max": 0.000893539108802,
        "mean": 4.22943739977e-05,
        "min": 7.58228646148e-21,
        "stdev": 9.23235347727e-05
    },
    "spectral_energyband_low": {
        "max": 0.00347477104515,
        "mean": 0.000399156822823,
        "min": 6.79308762087e-23,
        "stdev": 0.000728748273104
    },
    "spectral_energyband_middle_high": {
        "max": 0.0458295978606,
        "mean": 0.0075340885669,
        "min": 1.68854412061e-21,
        "stdev": 0.00887472182512
    },
    "spectral_energyband_middle_low": {
        "max": 0.0481516569853,
        "mean": 0.00498565100133,
        "min": 4.59391242268e-22,
        "stdev": 0.0069826617837
    },
    "spectral_entropy": {
        "max": 9.8101644516,
        "mean": 7.19357967377,
        "min": 5.78467226028,
        "stdev": 0.45567792654
    },
    "spectral_flux": {
        "max": 0.244143366814,
        "mean": 0.0621046647429,
        "min": 1.03233435689e-10,
        "stdev": 0.0456633493304
    },
    "spectral_kurtosis": {
        "max": 36.1617546082,
        "mean": 11.4146108627,
        "min": -1.23227894306,
        "stdev": 5.33154344559
    },
    "spectral_rms": {
        "max": 0.00866219215095,
        "mean": 0.0031525217928,
        "min": 3.22447082056e-12,
        "stdev": 0.00154715776443
    },
    "spectral_rolloff": {
        "max": 18604.6875,
        "mean": 1661.5435791,
        "min": 193.798828125,
        "stdev": 1300.01428223
    },
    "spectral_skewness": {
        "max": 4.75441074371,
        "mean": 2.14409923553,
        "min": -0.0210213474929,
        "stdev": 0.624629318714
    },
    "spectral_spread": {
        "max": 42617484,
        "mean": 2596947,
        "min": 1224696.125,
        "stdev": 2028769.875
    },
    "spectral_strongpeak": {
        "max": 10.1999559402,
        "mean": 1.22197604179,
        "min": 0,
        "stdev": 1.12098109722
    },
    "zerocrossingrate": {
        "max": 0.4970703125,
        "mean": 0.0579483322799,
        "min": 0.01220703125,
        "stdev": 0.0292193815112
    },
    "barkbands": {
        "max": [0.000187325131265, 0.000602871528827, 0.00303754024208, 0.00376174948178, 0.0332393273711, 0.00580115988851, 0.016991250217, 0.027421163395, 0.0285687707365, 0.0298842769116, 0.0163346007466, 0.0232079345733, 0.0190339013934, 0.0141469463706, 0.019158417359, 0.00819536112249, 0.0071386215277, 0.0047779479064, 0.00902649667114, 0.000803412811365, 0.000436802889453, 0.000137218070449, 0.000179480470251, 1.36944654514e-05, 4.97540622746e-06, 4.93337711305e-06, 5.58343344892e-06],
        "mean": [2.31373428505e-06, 3.41402774211e-05, 0.000310269591864, 0.00023307443189, 0.00104693870526, 0.000513008155394, 0.000462384341517, 0.00104525138158, 0.00118037045468, 0.00108382513281, 0.000802257971372, 0.0010866408702, 0.00106111343484, 0.000853579258546, 0.000854410405736, 0.000707001716364, 0.000488841033075, 0.000267638097284, 0.00054184650071, 3.98004303861e-05, 1.47752343764e-05, 5.23534936292e-06, 2.23698748414e-06, 9.72191855908e-07, 7.71018562773e-07, 2.98359822182e-07, 1.40784391078e-06],
        "min": [4.60178853617e-23, 2.38269740846e-23, 1.06128076598e-23, 3.21219427441e-23, 8.10287503367e-23, 9.71470592747e-23, 4.716611343e-23, 3.35043520607e-23, 1.27498451049e-22, 1.62581165475e-22, 1.47785214606e-22, 1.27571632097e-22, 8.6940215214e-23, 8.12302443445e-23, 1.72705431576e-22, 1.15833192501e-22, 2.33082118958e-22, 1.75394071489e-22, 1.99273976563e-22, 3.69156712359e-22, 5.45210725949e-22, 6.01295580866e-22, 5.61530932792e-22, 1.18105508232e-21, 9.57930382222e-22, 1.72572130491e-21, 2.02075154742e-21],
        "stdev": [8.1210200733e-06, 5.41404515388e-05, 0.000643845822196, 0.000496753898915, 0.00416391948238, 0.000919625046663, 0.00111013790593, 0.00285875191912, 0.0028691906482, 0.00234659085982, 0.00175200041849, 0.00228382414207, 0.00200099055655, 0.00139554054476, 0.00158359855413, 0.00110368360765, 0.000836244958919, 0.000492666091304, 0.00126568961423, 8.29943382996e-05, 3.5180557461e-05, 1.12976731543e-05, 9.54624192673e-06, 9.12519453777e-07, 3.09591797532e-07, 2.28807920166e-07, 1.02887815956e-06]
    },
    "erbbands": {
        "max": [0.0140632269904, 0.155548170209, 2.83931016922, 8.16381072998, 128.784576416, 140.321350098, 217.511413574, 73.0324554443, 112.039428711, 419.885314941, 674.090942383, 904.934814453, 1213.99389648, 709.341186523, 732.514892578, 742.604980469, 662.656677246, 527.397399902, 695.456237793, 1152.83972168, 347.773895264, 373.205810547, 127.448730469, 418.050872803, 347.377441406, 46.4340896606, 17.9063148499, 16.5881404877, 4.02635955811, 10.6000442505, 2.31330990791, 0.470749825239, 0.0959286987782, 0.0591722354293, 0.0331369824708, 0.019170159474, 0.00909339264035, 0.00878506340086, 0.000710416119546, 9.49056848185e-05],
        "mean": [0.000557924970053, 0.0160885099322, 0.291195988655, 0.520183205605, 2.17409157753, 3.74254918098, 2.96151566505, 5.71276712418, 5.79441356659, 10.2058906555, 27.0211181641, 29.4785938263, 36.6056632996, 29.4159507751, 36.9834289551, 44.4896392822, 48.2581520081, 43.8649749756, 45.2041397095, 44.1895713806, 38.0602111816, 25.3574714661, 13.1689653397, 31.9513816833, 14.1256971359, 2.23789763451, 0.872227907181, 0.453787773848, 0.209040671587, 0.127494886518, 0.051412653178, 0.0245667882264, 0.0143085792661, 0.00905669759959, 0.00519919442013, 0.00229491246864, 0.00066308939131, 0.00221520802006, 6.3882485847e-05, 1.67794150912e-05],
        "min": [8.67592606198e-22, 5.34397005514e-21, 9.03259176144e-21, 6.75311350688e-20, 1.84994123085e-19, 3.05590762068e-19, 4.60675236201e-19, 1.00802628269e-18, 6.7519925479e-19, 6.21894030057e-19, 8.9590805112e-19, 1.91822935897e-18, 5.85360440251e-18, 4.7795575264e-18, 7.85942763885e-18, 3.94554646994e-18, 4.12695834521e-18, 4.82709683698e-18, 7.03765099724e-18, 6.02203740038e-18, 9.03506387471e-18, 1.29563838789e-17, 7.93554314446e-18, 1.28572719251e-17, 1.06746144309e-17, 1.82259239091e-17, 1.85101233152e-17, 2.07610223827e-17, 1.75020598094e-17, 2.01979307612e-17, 1.67153514898e-17, 2.84601449003e-17, 1.50620010794e-17, 9.14685568013e-18, 8.25343609849e-18, 5.43719465111e-18, 3.2040084157e-18, 1.27001785394e-18, 2.58230148356e-19, 3.16278226388e-20],
        "stdev": [0.000755643879529, 0.0290707573295, 0.594931304455, 0.93747574091, 9.5431470871, 15.3279953003, 15.0718221664, 10.7578392029, 11.9172878265, 26.271150589, 68.7966384888, 70.1290740967, 86.0314102173, 62.6999130249, 78.1857299805, 85.4649429321, 87.1081695557, 64.3788375854, 70.1274414062, 83.5949630737, 56.4273147583, 41.5914421082, 20.3487281799, 69.7188949585, 36.5824050903, 4.42402172089, 1.9992685318, 1.1019397974, 0.422157168388, 0.573458492756, 0.162949219346, 0.0357479266822, 0.00776847312227, 0.00380557589233, 0.00211041490547, 0.00109763839282, 0.0004764511541, 0.00159847876057, 4.77169414808e-05, 1.59457213158e-05]
    },
    "gfcc": {
        "mean": [-88.842590332, 100.438575745, -165.744903564, -16.1915740967, -44.2360649109, -7.68010854721, -32.4285812378, 3.25023460388, -20.7971935272, -3.64612221718, -19.391330719, -5.75942564011, -15.0039663315],
        "cov": [[5671.14160156, 602.235351562, -2080.13085938, -330.549194336, 174.082000732, -455.505187988, -49.0695266724, -155.956970215, -167.15512085, -66.8248977661, 200.32208252, 13.7883329391, 68.5572357178], [602.235351562, 535.939331055, 501.446594238, 63.880821228, -119.519508362, -50.366607666, -99.8439559937, 1.91400337219, -77.2275238037, -109.04284668, -34.9826850891, -70.4834365845, -32.287273407], [-2080.13085938, 501.446594238, 3276.66015625, 431.247833252, -504.17388916, 285.487304688, -143.338500977, 83.8124084473, 13.5996217728, -99.5555496216, -352.974884033, -98.4654464722, -244.564971924], [-330.549194336, 63.880821228, 431.247833252, 291.807434082, -62.4174003601, 84.1420059204, -44.4527816772, 13.1425580978, 5.89586687088, -16.1923732758, -75.7527923584, -38.4246788025, -3.4530608654], [174.082000732, -119.519508362, -504.17388916, -62.4174003601, 250.510757446, -34.0534133911, 26.0536994934, -2.38581180573, 10.8951873779, 1.87891089916, 15.4033651352, -0.863817036152, 15.6589488983], [-455.505187988, -50.366607666, 285.487304688, 84.1420059204, -34.0534133911, 220.258834839, 38.7691726685, 37.3154678345, 29.1149520874, 12.0600481033, -80.9076309204, -20.1051521301, 3.55571436882], [-49.0695266724, -99.8439559937, -143.338500977, -44.4527816772, 26.0536994934, 38.7691726685, 146.836334229, 54.0186882019, -13.9027061462, -27.9689998627, 1.03385221958, 4.31158828735, -4.92988586426], [-155.956970215, 1.91400337219, 83.8124084473, 13.1425580978, -2.38581180573, 37.3154678345, 54.0186882019, 139.70375061, 34.4936065674, -54.4319076538, -47.2686195374, -33.7366523743, -28.1768169403], [-167.15512085, -77.2275238037, 13.5996217728, 5.89586687088, 10.8951873779, 29.1149520874, -13.9027061462, 34.4936065674, 100.40058136, 48.5518722534, -28.8583679199, -2.38899445534, -2.59128499031], [-66.8248977661, -109.04284668, -99.5555496216, -16.1923732758, 1.87891089916, 12.0600481033, -27.9689998627, -54.4319076538, 48.5518722534, 133.542388916, 59.8927879333, 32.2838249207, 6.37548732758], [200.32208252, -34.9826850891, -352.974884033, -75.7527923584, 15.4033651352, -80.9076309204, 1.03385221958, -47.2686195374, -28.8583679199, 59.8927879333, 150.908187866, 57.2391777039, 24.4099216461], [13.7883329391, -70.4834365845, -98.4654464722, -38.4246788025, -0.863817036152, -20.1051521301, 4.31158828735, -33.7366523743, -2.38899445534, 32.2838249207, 57.2391777039, 94.1370925903, 54.1716918945], [68.5572357178, -32.287273407, -244.564971924, -3.4530608654, 15.6589488983, 3.55571436882, -4.92988586426, -28.1768169403, -2.59128499031, 6.37548732758, 24.4099216461, 54.1716918945, 121.43825531]],
        "icov": [[0.000655733572785, -0.00182555580977, 0.00102160254028, -0.000200592388865, 0.000506661017425, 0.000516954343766, -0.000468270038255, 0.000157563292305, 0.000648709770758, -0.00141531438567, 0.00256730848923, -0.00235208799131, 0.00175455701537], [-0.00182555580977, 0.00947082415223, -0.00362845137715, 0.00118190201465, -0.000744225922972, -0.00100666098297, 0.00412203930318, -0.000554220750928, -0.000560559332371, 0.00738047342747, -0.0100076524541, 0.0108940759674, -0.00680841272697], [0.00102160254028, -0.00362845137715, 0.00280726794153, -0.00104557711165, 0.00215232605115, 0.000132763307192, -0.000167098507518, -2.65297549049e-05, 0.00159753556363, -0.0028428027872, 0.00671813357621, -0.00657641980797, 0.00555460853502], [-0.000200592388865, 0.00118190201465, -0.00104557711165, 0.00527500128374, -0.00022212928161, -0.00115255173296, 0.00182752287947, -0.000602576183155, 0.000781149778049, 0.000380838406272, -0.000936922500841, 0.0035782083869, -0.00294263265096], [0.000506661017425, -0.000744225922972, 0.00215232605115, -0.00022212928161, 0.00709040276706, 0.000390890345443, 0.000279755535303, 0.000562806730159, 0.000330130831571, -0.000213620980503, 0.00433867750689, -0.00263651413843, 0.00338284182362], [0.000516954343766, -0.00100666098297, 0.000132763307192, -0.00115255173296, 0.000390890345443, 0.00925174355507, -0.00366657669656, -0.00205644383095, 0.00295686000027, -0.00707071414217, 0.00691803265363, -0.000235070037888, -0.00212358450517], [-0.000468270038255, 0.00412203930318, -0.000167098507518, 0.00182752287947, 0.000279755535303, -0.00366657669656, 0.0139293726534, -0.00550014991313, 0.00484378449619, 0.00342347379774, -0.00238030380569, 0.000336539262207, 0.000688287080266], [0.000157563292305, -0.000554220750928, -2.65297549049e-05, -0.000602576183155, 0.000562806730159, -0.00205644383095, -0.00550014991313, 0.0176944322884, -0.0137929581106, 0.0123842954636, -0.00521847233176, 0.0025734056253, 0.00251955888234], [0.000648709770758, -0.000560559332371, 0.00159753556363, 0.000781149778049, 0.000330130831571, 0.00295686000027, 0.00484378449619, -0.0137929581106, 0.0290073920041, -0.0200988613069, 0.0157926548272, -0.00528785446659, 0.000449951447081], [-0.00141531438567, 0.00738047342747, -0.0028428027872, 0.000380838406272, -0.000213620980503, -0.00707071414217, 0.00342347379774, 0.0123842954636, -0.0200988613069, 0.0326037034392, -0.0225430838764, 0.00828124023974, -0.00100936833769], [0.00256730848923, -0.0100076524541, 0.00671813357621, -0.000936922500841, 0.00433867750689, 0.00691803265363, -0.00238030380569, -0.00521847233176, 0.0157926548272, -0.0225430838764, 0.036223616451, -0.0218771249056, 0.0113217774779], [-0.00235208799131, 0.0108940759674, -0.00657641980797, 0.0035782083869, -0.00263651413843, -0.000235070037888, 0.000336539262207, 0.0025734056253, -0.00528785446659, 0.00828124023974, -0.0218771249056, 0.0366364046931, -0.0204536821693], [0.00175455701537, -0.00680841272697, 0.00555460853502, -0.00294263265096, 0.00338284182362, -0.00212358450517, 0.000688287080266, 0.00251955888234, 0.000449951447081, -0.00100936833769, 0.0113217774779, -0.0204536821693, 0.0236861314625]]
    },
    "melbands": {
        "max": [0.000153679036885, 0.000962914142292, 0.00496853049845, 0.00799978990108, 0.00834935251623, 0.001401225687, 0.00153218198102, 0.00387918902561, 0.00448257056996, 0.00545274792239, 0.00604602275416, 0.00275871832855, 0.00249513355084, 0.00316751142964, 0.00182706082705, 0.00232499092817, 0.00118456815835, 0.00125516508706, 0.00167637539562, 0.00076650333358, 0.000402967940317, 0.000497480970807, 0.00018203217769, 0.000214463594602, 0.000377639255021, 0.00037958912435, 7.49122191337e-05, 3.76725693059e-05, 1.33149515023e-05, 9.19181093195e-06, 8.85554982233e-06, 2.46334570875e-06, 3.61053093911e-06, 6.68859775033e-06, 1.49381617121e-06, 4.71921595135e-07, 2.65833136837e-07, 8.09047193684e-08, 5.25627648074e-08, 4.95004996992e-08],
        "mean": [6.38927485852e-06, 0.000101334684587, 0.000143966288306, 0.000220523113967, 0.000125074162497, 0.000118914234918, 9.10712915356e-05, 0.000132565328386, 0.000215308158658, 0.000185071694432, 0.000180179427844, 0.000115236776765, 0.000114935864985, 0.000122940735309, 0.000115118011308, 9.81913835858e-05, 8.02327194833e-05, 7.39368770155e-05, 6.26355831628e-05, 5.42332782061e-05, 4.34638313891e-05, 2.9900453228e-05, 1.24020070871e-05, 1.26242712213e-05, 2.86791837425e-05, 1.6769137801e-05, 2.82826113107e-06, 1.06389302346e-06, 5.90539229961e-07, 3.38680678169e-07, 2.26105910883e-07, 1.21243971307e-07, 8.3855503874e-08, 6.34380796782e-08, 3.07787324516e-08, 1.81213071215e-08, 1.34410296226e-08, 1.02692769843e-08, 8.49949444159e-09, 7.27966575909e-09],
        "min": [1.04620981504e-23, 6.12830459639e-24, 1.54945929079e-23, 1.53053656871e-23, 1.77017941663e-23, 2.06841806372e-23, 9.93744332842e-24, 6.79444635489e-24, 7.27156599645e-24, 1.51760997838e-23, 2.98364643958e-23, 1.93732294968e-23, 2.165806729e-23, 1.73692782507e-23, 8.01602902107e-24, 9.41537518134e-24, 8.70600621182e-24, 9.49351579831e-24, 1.29025024696e-23, 6.52323794783e-24, 1.05100648377e-23, 1.46388397534e-23, 8.20248418462e-24, 8.54929189325e-24, 1.08382144082e-23, 7.03142648171e-24, 1.09045702321e-23, 1.20912339703e-23, 8.65275967844e-24, 1.79915001783e-23, 1.01098102251e-23, 9.12851459063e-24, 1.34920884327e-23, 1.00256711098e-23, 8.59026927297e-24, 1.57611710959e-23, 1.66291437058e-23, 1.16467211054e-23, 7.07277304834e-24, 7.84603580688e-24],
        "stdev": [9.42707811191e-06, 0.000202124851057, 0.000383025238989, 0.000855028687511, 0.000626790511888, 0.000215557301999, 0.000179848793778, 0.00034491516999, 0.00051873549819, 0.000444613164291, 0.000431565393228, 0.000248028081842, 0.000247914576903, 0.000273478479357, 0.000223668888793, 0.00018644426018, 0.000126397790154, 0.000123716687085, 0.000118265095807, 9.56359290285e-05, 6.6203669121e-05, 5.30051474925e-05, 2.01991624635e-05, 2.39031469391e-05, 6.44787360216e-05, 4.51173909823e-05, 7.45485340303e-06, 2.69801239483e-06, 1.45608692037e-06, 7.54055804464e-07, 5.69553606056e-07, 2.29566069265e-07, 2.40580959598e-07, 3.43674884107e-07, 1.02051657791e-07, 3.27588942639e-08, 1.69830727259e-08, 6.01636873654e-09, 3.82554610212e-09, 3.22995230562e-09]
    },
    "melbands128": {
        "max": [9.5530791441e-05, 0.000109843786049, 0.000153560598847, 0.000280628126347, 0.00134719652124, 0.00141147035174, 0.000804358103778, 0.00289138103835, 0.0174380112439, 0.0132631612942, 0.0102214990184, 0.0151287494227, 0.00894052069634, 0.00114914099686, 0.00275377416983, 0.00197603367269, 0.00280902348459, 0.00178294884972, 0.00482842233032, 0.00737163657323, 0.00525488331914, 0.0115675292909, 0.00569601077586, 0.00940564740449, 0.0106441648677, 0.00720063783228, 0.00537963537499, 0.0110731981695, 0.00407345034182, 0.00243544392288, 0.00462536932901, 0.003387426259, 0.00373258721083, 0.00318704848178, 0.00579146202654, 0.00337514816783, 0.00339692900889, 0.00351620232686, 0.00311609124765, 0.00244819838554, 0.00514359632507, 0.00148060068022, 0.00129203172401, 0.00238923542202, 0.00369349098764, 0.00242834421806, 0.0010731240036, 0.00106518238317, 0.00382959190756, 0.0012030050857, 0.00139355915599, 0.00117794482503, 0.000990622793324, 0.000603371241596, 0.000890056253411, 0.000736501766369, 0.00036677508615, 0.000293319404591, 0.000195783068193, 0.000100268283859, 0.000144814199302, 0.000345620734151, 0.000630998983979, 0.000690721091814, 0.000828686286695, 0.000642283586785, 0.000412125431467, 0.000112200374133, 4.71651219414e-05, 3.39816688211e-05, 4.98768858961e-05, 4.77992398373e-05, 2.1394520445e-05, 1.87252535397e-05, 1.04484743133e-05, 7.9488290794e-06, 9.61501609709e-06, 1.76401881617e-05, 7.85873999121e-06, 2.46152285399e-06, 3.1087968182e-06, 2.71863700618e-06, 3.44805062014e-06, 2.79069581666e-06, 6.69036853651e-06, 1.12188681669e-05, 5.68364566789e-06, 1.76070011548e-06, 2.23920437747e-06, 8.02570014002e-07, 5.27637382675e-07, 5.04324589201e-07, 3.67962513792e-07, 3.35832481824e-07, 1.54320900947e-07, 1.27694249841e-07, 8.34648758996e-08, 5.41664313403e-08, 4.87095341839e-08, 6.03180723147e-08, 4.57444500057e-08, 5.24472234531e-08, 4.49288108939e-08, 3.97748785019e-08, 3.33197611724e-08, 4.01482367351e-08, 2.77763394507e-08, 3.1114169019e-08, 3.41004948723e-08, 3.51898599149e-08, 3.38678383116e-08, 2.94451201199e-08, 2.78028906564e-08, 2.67904987084e-08, 2.60881574121e-08, 8.76041283959e-08, 1.85428945088e-07, 2.25885550265e-08, 2.19666418388e-08, 2.14131432585e-08, 2.09712478494e-08, 2.06275121428e-08, 2.03267980226e-08, 1.99655385558e-08, 1.96585485668e-08, 1.94150722166e-08, 1.92145872546e-08, 1.91334557087e-08],
        "mean": [1.61778837082e-06, 3.46264982909e-06, 3.74239266421e-06, 2.02552728297e-05, 0.000132930348627, 0.000145474215969, 7.38121379982e-05, 0.000153192406287, 0.0002304022928, 0.000233701415709, 0.000214651430724, 0.000176989255124, 8.55749167386e-05, 6.52515882393e-05, 0.000163375836564, 0.000116428229376, 9.58397940849e-05, 7.12391702109e-05, 0.000111535337055, 9.05665874598e-05, 0.000136820162879, 0.00027016113745, 0.000239659522776, 0.000143184166518, 0.000188145786524, 0.000210223675822, 0.000154806897626, 0.000231087426073, 0.000138637755299, 0.000103997765109, 0.000118551513879, 0.000110921057058, 0.000102187492303, 0.000130494590849, 0.000129660969833, 0.000119471493235, 0.000113628353574, 0.000115818977065, 0.000118689873489, 0.000102899248304, 0.000100817116618, 8.02127615316e-05, 7.12451292202e-05, 8.73912649695e-05, 8.32400473882e-05, 7.13783883839e-05, 6.5187443397e-05, 5.77338651055e-05, 6.92556568538e-05, 5.52537094336e-05, 5.56921913812e-05, 4.86087665195e-05, 3.99492055294e-05, 4.34251196566e-05, 4.52521235275e-05, 2.76264127024e-05, 1.96541586774e-05, 1.38301647894e-05, 9.91121123661e-06, 8.6846148406e-06, 9.42868246057e-06, 1.70975508809e-05, 2.6868763598e-05, 3.28921851178e-05, 3.1944935472e-05, 1.6301024516e-05, 9.10854578251e-06, 3.17999820254e-06, 1.72271018073e-06, 1.33854803153e-06, 1.11958331672e-06, 9.25678136809e-07, 6.99188376529e-07, 5.5757567452e-07, 4.21986271704e-07, 3.30912200752e-07, 3.08278970351e-07, 3.00882248894e-07, 2.20861451794e-07, 1.4764211187e-07, 1.28616733264e-07, 1.12147546361e-07, 9.33307759965e-08, 7.69402745959e-08, 7.92541499095e-08, 8.19999428359e-08, 5.42124176661e-08, 3.40273338395e-08, 3.34498047039e-08, 2.48091254207e-08, 1.81983779157e-08, 1.75180954187e-08, 1.54397028496e-08, 1.30929249664e-08, 1.28134667321e-08, 1.09819113803e-08, 9.79634240394e-09, 8.91380391721e-09, 8.52490344982e-09, 8.38061442465e-09, 7.70032215769e-09, 7.14671921642e-09, 6.62709132015e-09, 6.56535092958e-09, 5.81921355547e-09, 5.44419753723e-09, 5.09192998877e-09, 4.4545562794e-09, 4.00297217595e-09, 3.45465811513e-09, 3.01381564149e-09, 1.69991654086e-09, 9.80186348754e-11, 5.41645860108e-11, 5.56432469545e-11, 2.05389145691e-08, 4.78961652561e-08, 5.16207077084e-11, 4.3048200421e-11, 4.20136286872e-11, 4.11536291156e-11, 4.04907357643e-11, 3.9876109359e-11, 3.91335852612e-11, 3.85925041924e-11, 3.81409626105e-11, 3.77870963686e-11, 3.76164377425e-11],
        "min": [1.97157876117e-23, 7.07917938775e-24, 1.16595598167e-23, 7.49885338932e-24, 2.55088113351e-24, 6.90045663878e-24, 1.25647240629e-23, 1.73822739452e-23, 2.37066617525e-23, 5.12942761896e-24, 2.08806748447e-23, 1.81727109945e-23, 9.15737348912e-24, 2.63177818825e-23, 3.42730307485e-23, 7.78704873269e-24, 5.84490789391e-24, 1.56080216397e-23, 7.62991947328e-24, 7.28685569852e-24, 4.28023305398e-24, 8.72723682536e-24, 5.72306477723e-24, 1.0299881527e-23, 4.71095544697e-24, 1.6356065304e-23, 4.14514314832e-23, 2.582117501e-23, 3.1806114392e-23, 1.58130876098e-23, 2.10515547385e-23, 1.27224055249e-23, 8.22835724459e-24, 4.81864324357e-23, 2.14040225241e-23, 7.53406656241e-24, 8.6623995587e-24, 6.93854442101e-24, 9.36500089052e-24, 8.13066549895e-24, 1.19192520378e-23, 6.75104480561e-24, 1.10560828019e-23, 8.76003056205e-24, 2.97338004599e-24, 7.17879674286e-24, 1.96962790816e-23, 1.79940892198e-23, 7.18229928528e-24, 5.90386499139e-24, 2.60089037895e-24, 1.05290968959e-23, 1.57874669853e-23, 3.33375142901e-24, 1.62452619013e-23, 1.6922495833e-23, 1.29751139605e-23, 1.18207248885e-23, 4.88882819831e-24, 3.60602085399e-24, 5.8495239135e-24, 1.82714748021e-23, 7.05204809463e-24, 1.17716048865e-23, 1.05847289447e-23, 7.2567803765e-24, 3.47385430907e-24, 7.24014330001e-24, 1.54740083714e-23, 1.10811307134e-23, 1.25356995036e-23, 1.49574054527e-23, 6.82408070366e-24, 6.8887065556e-24, 9.41937549499e-24, 2.24485011839e-23, 2.07896955165e-23, 7.37146497491e-24, 9.4328602833e-24, 1.16454896936e-23, 1.22383107752e-23, 5.49326012921e-24, 6.85164113711e-24, 1.94313969445e-23, 1.417859148e-23, 8.5948975199e-24, 7.86381988712e-24, 1.32082862557e-23, 9.36989735015e-24, 4.76772779417e-24, 7.57421406046e-24, 1.80897480709e-23, 3.20442462558e-23, 1.03021802677e-23, 1.37046580476e-23, 1.58191918155e-23, 8.39488420396e-24, 1.16381737975e-23, 5.09260674735e-24, 6.23643257738e-24, 8.0933571113e-24, 8.47910693851e-24, 7.25535332713e-24, 6.35140392672e-24, 1.26187539351e-23, 8.45389178853e-24, 9.51201221995e-24, 1.1869082062e-23, 7.12018753304e-24, 1.07233152397e-23, 7.7403844547e-24, 9.69247046291e-24, 9.30970805195e-24, 1.20002664751e-23, 1.27523625178e-23, 1.37653356507e-23, 8.73432079629e-24, 6.65546799606e-24, 7.72473187662e-24, 8.47456783286e-24, 7.16595566504e-24, 7.67892351272e-24, 9.80933862829e-24, 9.80530676021e-24, 9.37861189657e-24, 9.83842077443e-24, 8.5696263608e-24, 9.55265748923e-24],
        "stdev": [4.25213738708e-06, 5.50081949768e-06, 7.27686801838e-06, 3.58053584932e-05, 0.000274805439403, 0.000301056832541, 0.000120413686091, 0.000342591607478, 0.00122346903663, 0.00117543025408, 0.000968534965068, 0.00119104597252, 0.000583324057516, 0.000139705807669, 0.000383212172892, 0.000234976716456, 0.000305790599668, 0.000175668974407, 0.000330706796376, 0.00038125764695, 0.000476068322314, 0.00101946247742, 0.000601851847023, 0.000611338531598, 0.000668357941322, 0.000582264736295, 0.00049212842714, 0.000727205479052, 0.00035822877544, 0.000255750521319, 0.000366206659237, 0.000307880080072, 0.000294037017738, 0.000329476839397, 0.000400950317271, 0.000322190084262, 0.00029371707933, 0.000321856728988, 0.000320776860463, 0.000237858126638, 0.000293244578643, 0.000153967470396, 0.000126501487102, 0.000196129622054, 0.000233768296312, 0.000157018541358, 0.000118874522741, 9.76103619905e-05, 0.000219938607188, 0.000112150744826, 0.000122184428619, 0.00011137479305, 7.8344688518e-05, 7.82467250247e-05, 9.500944725e-05, 6.32615992799e-05, 4.06056169595e-05, 2.67348186753e-05, 1.67222606251e-05, 1.38199002322e-05, 1.7928021407e-05, 4.05539576604e-05, 6.71043089824e-05, 8.05843083072e-05, 9.43593986449e-05, 5.4633095715e-05, 3.67596476281e-05, 9.22514391277e-06, 3.72866065845e-06, 3.14538169732e-06, 3.21154038829e-06, 2.85502642328e-06, 1.83045290214e-06, 1.52466634518e-06, 1.02759133824e-06, 6.76834304159e-07, 7.65203878927e-07, 9.98573000288e-07, 6.0357649545e-07, 2.39174113403e-07, 2.54378875297e-07, 2.37778678525e-07, 2.38949866116e-07, 1.95953745674e-07, 3.70984196252e-07, 5.41538952348e-07, 2.87234200869e-07, 1.04818731472e-07, 1.37577956139e-07, 6.53341274415e-08, 3.25214557506e-08, 3.17698685137e-08, 2.61705324078e-08, 2.13928270654e-08, 1.07141548966e-08, 8.70446825729e-09, 6.08168404526e-09, 4.99919927677e-09, 4.48875470127e-09, 4.66747085426e-09, 3.93084453876e-09, 3.9608667457e-09, 3.2564229091e-09, 3.29823879319e-09, 2.85925194632e-09, 2.84053824906e-09, 2.61908494892e-09, 2.44704723151e-09, 2.29921170991e-09, 2.23574092573e-09, 2.14994466674e-09, 1.61155855327e-09, 1.18442011754e-09, 1.14204368185e-09, 1.11645592771e-09, 1.53079255938e-08, 3.43926984669e-08, 9.61895452178e-10, 9.35685862125e-10, 9.12106890016e-10, 8.93283669257e-10, 8.78641548407e-10, 8.65833460484e-10, 8.50446768563e-10, 8.37367675199e-10, 8.26995583125e-10, 8.18454026774e-10, 8.14998679655e-10]
    },
    "mfcc": {
        "mean": [-725.205200195, 151.723983765, -62.3104133606, -2.52323532104, -7.64102649689, -8.25692081451, -7.35168457031, -1.53786170483, -1.57777035236, -0.725012302399, -0.904629409313, -5.42027759552, -4.20351409912],
        "cov": [[4095.18481445, 260.290466309, -2743.140625, -195.878677368, -296.26449585, -205.837097168, 15.6378412247, -117.056098938, -312.051605225, -105.49949646, 37.3309364319, -131.796524048, 86.9145278931], [260.290466309, 513.291442871, 422.150970459, 37.2219963074, 46.4250068665, -113.806518555, -1.97126495838, 4.79799938202, -62.6756248474, -45.8870658875, -15.8999586105, -57.2295875549, -38.8496360779], [-2743.140625, 422.150970459, 3262.94433594, 387.338317871, 236.797744751, 112.142356873, -60.9987182617, 84.4849090576, 178.734268188, 31.8056201935, -107.026344299, 47.0638084412, -111.303474426], [-195.878677368, 37.2219963074, 387.338317871, 216.785598755, 76.488571167, -7.78061580658, -22.2932949066, 8.05302333832, 9.22171974182, -7.29762029648, -18.3680210114, -19.2381381989, -32.0714454651], [-296.26449585, 46.4250068665, 236.797744751, 76.488571167, 173.454238892, 26.9868392944, -39.346496582, -2.47754073143, 46.9815597534, 20.3178424835, 0.79447799921, 2.65561676025, -35.3811187744], [-205.837097168, -113.806518555, 112.142356873, -7.78061580658, 26.9868392944, 162.444824219, 13.6603927612, -37.1234321594, 43.3196182251, 22.0173778534, -31.8089427948, 32.2930831909, 17.3343925476], [15.6378412247, -1.97126495838, -60.9987182617, -22.2932949066, -39.346496582, 13.6603927612, 120.673599243, 58.6121711731, -9.97032642365, -5.46725511551, 8.78645896912, -16.2290554047, -24.0460968018], [-117.056098938, 4.79799938202, 84.4849090576, 8.05302333832, -2.47754073143, -37.1234321594, 58.6121711731, 149.920776367, 72.2319717407, 13.6958971024, 15.0599775314, -23.7757205963, -67.3445053101], [-312.051605225, -62.6756248474, 178.734268188, 9.22171974182, 46.9815597534, 43.3196182251, -9.97032642365, 72.2319717407, 151.36050415, 58.1951141357, -11.4088287354, 2.15507102013, -46.2544059753], [-105.49949646, -45.8870658875, 31.8056201935, -7.29762029648, 20.3178424835, 22.0173778534, -5.46725511551, 13.6958971024, 58.1951141357, 82.0890197754, 29.8990039825, -0.04887522012, -23.6827716827], [37.3309364319, -15.8999586105, -107.026344299, -18.3680210114, 0.79447799921, -31.8089427948, 8.78645896912, 15.0599775314, -11.4088287354, 29.8990039825, 91.100227356, 28.7803249359, -14.0575170517], [-131.796524048, -57.2295875549, 47.0638084412, -19.2381381989, 2.65561676025, 32.2930831909, -16.2290554047, -23.7757205963, 2.15507102013, -0.04887522012, 28.7803249359, 80.6653137207, 42.9877510071], [86.9145278931, -38.8496360779, -111.303474426, -32.0714454651, -35.3811187744, 17.3343925476, -24.0460968018, -67.3445053101, -46.2544059753, -23.6827716827, -14.0575170517, 42.9877510071, 113.368766785]],
        "icov": [[0.0025493633002, -0.00484164757654, 0.00318021676503, -0.00377768627368, 0.00415818532929, -0.00391134992242, 0.00351323746145, -0.00268330378458, 0.00229373015463, -0.00223081256263, 0.00145515066106, -0.00167453289032, 0.000772169267293], [-0.00484164757654, 0.0130442017689, -0.00685825571418, 0.00878820195794, -0.00962070375681, 0.0104971872643, -0.00777345802635, 0.00646433513612, -0.00346002681181, 0.00561914639547, -0.00284717022441, 0.00565757602453, -0.00121777749155], [0.00318021676503, -0.00685825571418, 0.00463534798473, -0.00579873565584, 0.00536964088678, -0.0055085029453, 0.00469730934128, -0.00401187362149, 0.00290262373164, -0.00365757802501, 0.00307789165527, -0.0039770542644, 0.00156324519776], [-0.00377768627368, 0.00878820195794, -0.00579873565584, 0.0133333541453, -0.00919887889177, 0.00730590708554, -0.00488104810938, 0.00420378055423, -0.00204011285678, 0.00487291952595, -0.00236548809335, 0.0055662477389, -0.000757856818382], [0.00415818532929, -0.00962070375681, 0.00536964088678, -0.00919887889177, 0.0164019651711, -0.00943079125136, 0.00867059733719, -0.00361284031533, 0.00101554486901, -0.00303726457059, 0.000137550610816, -0.00339973042719, 0.00352460169233], [-0.00391134992242, 0.0104971872643, -0.0055085029453, 0.00730590708554, -0.00943079125136, 0.02214993909, -0.0140010137111, 0.0129443723708, -0.00766413705423, 0.000521018635482, 0.00563073949888, -0.00374611350708, 0.000744699733332], [0.00351323746145, -0.00777345802635, 0.00469730934128, -0.00488104810938, 0.00867059733719, -0.0140010137111, 0.0222139544785, -0.0153787685558, 0.0107456324622, -0.00346148014069, -0.000200770868105, 0.000412130524637, 0.00177660537884], [-0.00268330378458, 0.00646433513612, -0.00401187362149, 0.00420378055423, -0.00361284031533, 0.0129443723708, -0.0153787685558, 0.0257592089474, -0.0175955053419, 0.00975613947958, -0.00605791294947, 0.00399262597784, 0.00304989912547], [0.00229373015463, -0.00346002681181, 0.00290262373164, -0.00204011285678, 0.00101554486901, -0.00766413705423, 0.0107456324622, -0.0175955053419, 0.026964077726, -0.0173513777554, 0.0133898425847, -0.00912464410067, 0.00514102960005], [-0.00223081256263, 0.00561914639547, -0.00365757802501, 0.00487291952595, -0.00303726457059, 0.000521018635482, -0.00346148014069, 0.00975613947958, -0.0173513777554, 0.0318699590862, -0.0204387288541, 0.0152279511094, -0.00327317416668], [0.00145515066106, -0.00284717022441, 0.00307789165527, -0.00236548809335, 0.000137550610816, 0.00563073949888, -0.000200770868105, -0.00605791294947, 0.0133898425847, -0.0204387288541, 0.0334959216416, -0.023837229237, 0.0101877115667], [-0.00167453289032, 0.00565757602453, -0.0039770542644, 0.0055662477389, -0.00339973042719, -0.00374611350708, 0.000412130524637, 0.00399262597784, -0.00912464410067, 0.0152279511094, -0.023837229237, 0.0367072969675, -0.0145528241992], [0.000772169267293, -0.00121777749155, 0.00156324519776, -0.000757856818382, 0.00352460169233, 0.000744699733332, 0.00177660537884, 0.00304989912547, 0.00514102960005, -0.00327317416668, 0.0101877115667, -0.0145528241992, 0.0205017700791]]
    },
    "spectral_contrast_coeffs": {
        "max": [-0.385981380939, -0.527494549751, -0.503796100616, -0.681403160095, -0.566286921501, -0.598710477352],
        "mean": [-0.699140548706, -0.7547301054, -0.780593216419, -0.817468047142, -0.773666143417, -0.783366560936],
        "min": [-0.970766544342, -0.974499583244, -0.968079566956, -0.961429059505, -0.963250815868, -0.964012444019],
        "stdev": [0.0701142176986, 0.0849523171782, 0.0788334384561, 0.0397190824151, 0.0770178735256, 0.0472269020975]
    },
    "spectral_contrast_valleys": {
        "max": [-5.88108301163, -5.40846204758, -5.20491266251, -5.64551782608, -6.23426294327, -11.0889673233],
        "mean": [-8.43269348145, -7.12714672089, -7.23776578903, -7.38641214371, -8.26224708557, -11.7025003433],
        "min": [-26.7425498962, -26.7448310852, -27.0594387054, -27.2735080719, -27.218416214, -27.2215766907],
        "stdev": [1.11598026752, 1.12377548218, 1.42360639572, 1.59215939045, 1.18512022495, 0.722806215286]
    }
},
"rhythm": {
    "beats_count": 29,
    "beats_loudness": {
        "max": 0.0580191425979,
        "mean": 0.0162792857736,
        "min": 0.00158891174942,
        "stdev": 0.0140842404217
    },
    "bpm": 139.201431274,
    "bpm_histogram_first_peak_bpm": 140,
    "bpm_histogram_first_peak_weight": 0.409090936184,
    "bpm_histogram_second_peak_bpm": 152,
    "bpm_histogram_second_peak_spread": 0.400000035763,
    "bpm_histogram_second_peak_weight": 0.107142858207,
    "danceability": 0.963201105595,
    "onset_rate": 2.58633565903,
    "beats_loudness_band_ratio": {
        "max": [0.910317540169, 0.730877280235, 0.74643778801, 0.592924535275, 0.766685843468, 0.139065921307],
        "mean": [0.109353683889, 0.107644692063, 0.281348407269, 0.292008817196, 0.226012662053, 0.028876138851],
        "min": [0.00293059763499, 0.00551937194541, 0.0448527038097, 0.0132424086332, 0.00574967358261, 0.00126905133948],
        "stdev": [0.198406144977, 0.178762257099, 0.204006180167, 0.171809926629, 0.202937588096, 0.0362416058779]
    },
    "beats_position": [0.452789098024, 0.905578196049, 1.33514738083, 1.764716506, 2.19428563118, 2.62385487556, 3.05342388153, 3.48299312592, 3.92417216301, 4.35374164581, 4.79492044449, 5.22448968887, 5.64244890213, 6.03718805313, 6.43192720413, 6.83827638626, 7.23301553726, 7.63936471939, 8.05732440948, 8.47528362274, 8.91646194458, 9.34603118896, 9.78721046448, 10.22838974, 10.6695690155, 11.0991382599, 11.5287075043, 11.9582767487, 12.387845993],
