{
"metadata": {
    "version": {
        "essentia": "2.1-beta5",
        "essentia_git_sha": "Undefined",
        "extractor": "music 2.0"
    },
    "audio_properties": {
        "analysis": {
            "equal_loudness": 0,
            "length": 29.0017242432,
            "sample_rate": 44100,
            "start_time": 0,
            "downmix": "mix"
        },
        "bit_rate": 192000,
        "length": 236.05406189,
        "lossless": 0,
        "number_channels": 2,
        "replay_gain": 1.50308799744,
        "sample_rate": 44100,
        "codec": "mp3",
        "md5_encoded": "0f92f282810dc8e2112c8359da73ce43"
    },
    "tags": {
        "file_name": "Sweden_Waterloo_ABBA.mp3",
        "encoding": ["Lavf58.29.100"]
    }
},
"lowlevel": {
    "average_loudness": 0.905436933041,
    "barkbands_crest": {
        "max": 26.6228370667,
        "mean": 10.0273332596,
        "min": 2.92772221565,
        "stdev": 3.8226518631
    },
    "barkbands_flatness_db": {
        "max": 0.374559819698,
        "mean": 0.175994575024,
        "min": 0.0427123904228,
        "stdev": 0.0429052896798
    },
    "barkbands_kurtosis": {
        "max": 95.7381973267,
        "mean": 5.0817360878,
        "min": -1.93153381348,
        "stdev": 9.88404655457
    },
    "barkbands_skewness": {
        "max": 9.79547214508,
        "mean": 1.37401986122,
        "min": -6.03886842728,
        "stdev": 1.64610469341
    },
    "barkbands_spread": {
        "max": 97.0669403076,
        "mean": 21.2550525665,
        "min": 1.24750316143,
        "stdev": 16.3953857422
    },
    "dissonance": {
        "max": 0.499774694443,
        "mean": 0.452415466309,
        "min": 0.298721879721,
        "stdev": 0.036505445838
    },
    "dynamic_complexity": 4.50457859039,
    "erbbands_crest": {
        "max": 30.891702652,
        "mean": 11.0301742554,
        "min": 2.74675607681,
        "stdev": 5.01164627075
    },
    "erbbands_flatness_db": {
        "max": 0.320251792669,
        "mean": 0.194148883224,
        "min": 0.0252162404358,
        "stdev": 0.0447429977357
    },
    "erbbands_kurtosis": {
        "max": 38.8716239929,
        "mean": 1.32759034634,
        "min": -1.90001392365,
        "stdev": 4.39534425735
    },
    "erbbands_skewness": {
        "max": 2.86714100838,
        "mean": -0.128372997046,
        "min": -5.20531415939,
        "stdev": 1.10991954803
    },
    "erbbands_spread": {
        "max": 148.017303467,
        "mean": 34.4935951233,
        "min": 3.68531298637,
        "stdev": 19.7476978302
    },
    "hfc": {
        "max": 586.748901367,
        "mean": 17.9073524475,
        "min": 1.09055326523e-16,
        "stdev": 42.2275543213
    },
    "loudness_ebu128": {
        "integrated": -27.6925487518,
        "loudness_range": 5.00300788879,
        "momentary": {
            "max": -21.6215362549,
            "mean": -29.1540622711,
            "min": -39.5919570923,
            "stdev": 3.88155388832
        },
        "short_term": {
            "max": -24.802324295,
            "mean": -28.3067111969,
            "min": -31.6306095123,
            "stdev": 1.77391862869
        }
    },
    "melbands_crest": {
        "max": 39.5935249329,
        "mean": 14.7252855301,
        "min": 2.45204138756,
        "stdev": 5.43225717545
    },
    "melbands_flatness_db": {
        "max": 0.443812996149,
        "mean": 0.232209965587,
        "min": 0.00584965664893,
        "stdev": 0.0708766505122
    },
    "melbands_kurtosis": {
        "max": 188.059585571,
        "mean": 14.2732067108,
        "min": -1.92710804939,
        "stdev": 23.521232605
    },
    "melbands_skewness": {
        "max": 12.4820547104,
        "mean": 2.57696318626,
        "min": -3.42700314522,
        "stdev": 2.03196382523
    },
    "melbands_spread": {
        "max": 271.512207031,
        "mean": 29.6655158997,
        "min": 1.14654493332,
        "stdev": 35.9279556274
    },
    "pitch_salience": {
        "max": 0.840096354485,
        "mean": 0.544359326363,
        "min": 0.0240991152823,
        "stdev": 0.144376203418
    },
    "silence_rate_20dB": {
        "max": 1,
        "mean": 1,
        "min": 1,
        "stdev": 0
    },
    "silence_rate_30dB": {
        "max": 1,
        "mean": 1,
        "min": 1,
        "stdev": 0
    },
    "silence_rate_60dB": {
        "max": 1,
        "mean": 0.193599998951,
        "min": 0,
        "stdev": 0.395117402077
    },
    "spectral_centroid": {
        "max": 11014.3388672,
        "mean": 1448.26220703,
        "min": 189.097457886,
        "stdev": 1080.78686523
    },
    "spectral_complexity": {
        "max": 43,
        "mean": 11.834400177,
        "min": 0,
        "stdev": 8.71985435486
    },
    "spectral_decrease": {
        "max": -1.03655957019e-28,
        "mean": -3.26818327956e-09,
        "min": -2.03644425767e-08,
        "stdev": 3.4825453632e-09
    },
    "spectral_energy": {
        "max": 0.0989645197988,
        "mean": 0.0139591125771,
        "min": 1.02828631404e-20,
        "stdev": 0.0151101490483
    },
    "spectral_energyband_high": {
        "max": 0.0956036970019,
        "mean": 0.00108733295929,
        "min": 7.52302914879e-21,
        "stdev": 0.00582320895046
    },
    "spectral_energyband_low": {
        "max": 0.0336105898023,
        "mean": 0.0034381756559,
        "min": 6.77326007533e-23,
        "stdev": 0.00351352361031
    },
    "spectral_energyband_middle_high": {
        "max": 0.0422144047916,
        "mean": 0.00427878415212,
        "min": 1.54741026561e-21,
        "stdev": 0.00707267550752
    },
    "spectral_energyband_middle_low": {
        "max": 0.0550884902477,
        "mean": 0.00573007157072,
        "min": 3.07626495763e-22,
        "stdev": 0.00794693361968
    },
    "spectral_entropy": {
        "max": 9.7978477478,
        "mean": 7.31209278107,
        "min": 5.93781805038,
        "stdev": 0.470328569412
    },
    "spectral_flux": {
        "max": 0.281210720539,
        "mean": 0.0649582445621,
        "min": 1.01404454278e-10,
        "stdev": 0.0464180484414
    },
    "spectral_kurtosis": {
        "max": 22.3191871643,
        "mean": 5.18702745438,
        "min": -1.19005608559,
        "stdev": 3.69253325462
    },
    "spectral_rms": {
        "max": 0.00982602406293,
        "mean": 0.00323272286914,
        "min": 3.16734290705e-12,
        "stdev": 0.00177992950194
    },
    "spectral_rolloff": {
        "max": 18260.15625,
        "mean": 1717.53894043,
        "min": 21.533203125,
        "stdev": 1978.63586426
    },
    "spectral_skewness": {
        "max": 3.86044049263,
        "mean": 1.5149679184,
        "min": -0.384197920561,
        "stdev": 0.699087917805
    },
    "spectral_spread": {
        "max": 40165100,
        "mean": 3870573,
        "min": 1676516.375,
        "stdev": 1663960.125
    },
    "spectral_strongpeak": {
        "max": 17.4485778809,
        "mean": 0.8352445364,
        "min": 0,
        "stdev": 1.49444234371
    },
    "zerocrossingrate": {
        "max": 0.509765625,
        "mean": 0.0560710951686,
        "min": 0,
        "stdev": 0.0533693544567
    },
    "barkbands": {
        "max": [0.000118067851872, 0.0123270433396, 0.0211914982647, 0.00692053418607, 0.0105431089178, 0.0143362050876, 0.0162590462714, 0.0485426597297, 0.0358154550195, 0.0297797080129, 0.0199363417923, 0.0152757354081, 0.0234375074506, 0.0170862041414, 0.0108505766839, 0.0201477278024, 0.00392008153722, 0.00506951892748, 0.0185677278787, 0.0100641315803, 0.0223514176905, 0.0247598476708, 0.0408311747015, 0.0383632965386, 0.00328928767703, 4.08785417676e-05, 9.58877649282e-07],
        "mean": [2.54335827776e-06, 0.000945954700001, 0.00207087676972, 0.000648654531687, 0.00117249472532, 0.000470408151159, 0.000669248343911, 0.00127118558157, 0.00117640185636, 0.000776374712586, 0.00047221389832, 0.00036482559517, 0.000590303214267, 0.00044957085629, 0.000264507252723, 0.000378959230147, 0.000172520929482, 0.000227279539104, 0.000710449530743, 9.9610799225e-05, 0.000145232668729, 0.00021595711587, 0.000422019627877, 0.000223602371989, 1.74725955731e-05, 4.00402853984e-07, 6.72189699458e-08],
        "min": [1.09507462052e-23, 3.86336171743e-23, 1.61046647998e-23, 1.11063513854e-23, 4.85340140169e-23, 5.98007053255e-23, 5.09124454234e-23, 8.47700273093e-23, 4.56126759137e-23, 1.49133759702e-23, 5.78496440477e-23, 6.52030015093e-23, 1.10849573198e-22, 9.78748181697e-23, 1.18103799243e-22, 3.28352459207e-22, 1.75919112064e-22, 1.50786293925e-22, 2.26907597368e-22, 5.11052821561e-22, 5.51132256691e-22, 4.99078493621e-22, 6.81075747406e-22, 8.25884558262e-22, 1.01161684755e-21, 1.65619390676e-21, 2.16029808806e-21],
        "stdev": [6.55224630464e-06, 0.00116544426419, 0.00273756938986, 0.000865733367391, 0.00133877946064, 0.00114983168896, 0.00155235547572, 0.00381861953065, 0.00331373605877, 0.00213357782923, 0.00155123462901, 0.00126496166922, 0.00165663205553, 0.00148357683793, 0.00084517756477, 0.00141367968172, 0.0004309535434, 0.000539114233106, 0.0015136084985, 0.000399936805479, 0.000817407737486, 0.00118966423906, 0.00271527701989, 0.00165201630443, 0.000134721733048, 1.93470737031e-06, 3.35724479328e-08]
    },
    "erbbands": {
        "max": [0.138248488307, 4.028465271, 25.5947856903, 25.1025905609, 33.963306427, 61.7290306091, 105.894721985, 170.37171936, 279.896392822, 340.064483643, 1297.19104004, 757.325073242, 1178.90563965, 590.742370605, 653.789123535, 766.237915039, 606.457336426, 951.759338379, 766.754943848, 954.846679688, 840.52923584, 218.530395508, 192.026245117, 1223.34008789, 381.184326172, 365.543029785, 1050.56298828, 680.603515625, 806.6796875, 1107.74072266, 1311.90454102, 746.182006836, 590.525512695, 77.3165893555, 4.41383123398, 0.457794457674, 0.0646694898605, 0.00474797561765, 0.000902836502064, 0.000420583179221],
        "mean": [0.00801519490778, 0.301271438599, 2.05775785446, 2.56858658791, 2.21472811699, 4.85832262039, 4.29561138153, 4.02350139618, 7.56977033615, 14.4804420471, 33.3436965942, 27.6153659821, 25.8252696991, 21.129070282, 19.3510398865, 14.478515625, 24.9805774689, 28.277961731, 15.3351573944, 16.0050773621, 20.1859836578, 9.7442483902, 9.21750736237, 39.451084137, 19.2462787628, 5.01619386673, 6.38455963135, 5.1530251503, 6.5010099411, 11.4870433807, 12.2089834213, 6.48095321655, 2.75777673721, 0.419637411833, 0.0397824831307, 0.00419887667522, 0.000643232488073, 0.000163466960657, 1.81558843906e-05, 1.99098922167e-05],
        "min": [6.21453059588e-22, 1.00767958093e-20, 2.07395586097e-20, 3.08804261813e-20, 4.27312360222e-20, 2.16687070042e-19, 4.01137438197e-19, 3.97450047972e-19, 6.52019224183e-19, 1.37681524622e-18, 1.65586710741e-18, 1.23792913984e-18, 4.95642952428e-19, 9.12977336651e-19, 3.39478893859e-18, 2.00844808722e-18, 4.82589080764e-18, 5.39561807198e-18, 6.38175301977e-18, 1.18261441422e-17, 1.46922331477e-17, 7.39077026484e-18, 7.45904906132e-18, 1.13247213169e-17, 1.50384313951e-17, 2.33747079775e-17, 2.97574883556e-17, 1.79956632963e-17, 1.80399753617e-17, 2.07420898728e-17, 1.68079196178e-17, 1.28479967488e-17, 1.64151345583e-17, 1.02594789513e-17, 7.81321140367e-18, 6.48600507391e-18, 3.15757173688e-18, 1.23055730622e-18, 3.05076798565e-19, 2.95098363739e-20],
        "stdev": [0.00873285066336, 0.355483204126, 2.55252981186, 3.30811548233, 3.17812585831, 6.42041683197, 8.37470912933, 9.86631584167, 18.7277832031, 34.5374488831, 98.4326858521, 74.6606216431, 82.1036911011, 53.7513198853, 58.4949073792, 44.0588493347, 64.1254272461, 83.2628555298, 47.5103797913, 61.7481689453, 63.7316970825, 24.0539703369, 20.7526187897, 88.1101608276, 41.1498413086, 16.4455337524, 36.3915481567, 27.8634796143, 35.4204826355, 65.2231903076, 83.3349914551, 42.8172149658, 22.9557952881, 3.27597093582, 0.230189934373, 0.0223397705704, 0.00301757431589, 0.000247131683864, 4.80646958749e-05, 2.98214199574e-05]
    },
    "gfcc": {
        "mean": [-81.9546279907, 113.111412048, -120.584877014, 39.9056549072, -58.0551071167, 18.3007946014, -33.4841423035, 1.59650754929, -17.2327194214, -12.7068948746, -10.2263975143, -13.8692045212, -12.7969179153],
        "cov": [[7115.83642578, 136.810668945, -1931.72021484, 165.923599243, -546.114868164, -538.243835449, -205.648681641, 260.901916504, 34.0509872437, -520.892150879, 448.971435547, -354.774108887, -346.148834229], [136.810668945, 1615.1060791, -126.629737854, -794.873596191, 518.088500977, -395.911468506, -21.8757705688, 143.406082153, 22.779258728, -149.121902466, 43.6115722656, 79.4231491089, -150.573379517], [-1931.72021484, -126.629737854, 1191.73022461, 258.610076904, -15.3178462982, 322.239440918, 107.947906494, -203.553329468, -64.9127120972, 210.897186279, -214.101455688, 113.604042053, 196.801269531], [165.923599243, -794.873596191, 258.610076904, 737.022949219, -228.574127197, 146.4425354, -38.3734931946, -109.285575867, -4.65652656555, 99.6127243042, -16.623167038, -64.5379714966, 96.735534668], [-546.114868164, 518.088500977, -15.3178462982, -228.574127197, 489.247558594, -93.2371673584, -101.871917725, 69.0070495605, 73.0736618042, 27.505613327, -10.084072113, 26.1403827667, -39.6396789551], [-538.243835449, -395.911468506, 322.239440918, 146.4425354, -93.2371673584, 384.785552979, 107.538040161, -114.665641785, -30.6476211548, 121.977920532, -110.383270264, 25.953163147, 110.198699951], [-205.648681641, -21.8757705688, 107.947906494, -38.3734931946, -101.871917725, 107.538040161, 256.351989746, 40.875831604, -53.5536994934, -24.170463562, -27.6660118103, 33.1353263855, 3.09791064262], [260.901916504, 143.406082153, -203.553329468, -109.285575867, 69.0070495605, -114.665641785, 40.875831604, 197.767471313, 48.6245536804, -79.775680542, 51.8428726196, -11.7286148071, -67.2224121094], [34.0509872437, 22.779258728, -64.9127120972, -4.65652656555, 73.0736618042, -30.6476211548, -53.5536994934, 48.6245536804, 126.678855896, 42.4916305542, -6.65997028351, -20.0989971161, -10.1774930954], [-520.892150879, -149.121902466, 210.897186279, 99.6127243042, 27.505613327, 121.977920532, -24.170463562, -79.775680542, 42.4916305542, 194.890136719, -39.3214950562, -15.8635940552, 47.3039665222], [448.971435547, 43.6115722656, -214.101455688, -16.623167038, -10.084072113, -110.383270264, -27.6660118103, 51.8428726196, -6.65997028351, -39.3214950562, 141.600021362, -24.5683860779, -83.8950805664], [-354.774108887, 79.4231491089, 113.604042053, -64.5379714966, 26.1403827667, 25.953163147, 33.1353263855, -11.7286148071, -20.0989971161, -15.8635940552, -24.5683860779, 124.430847168, 51.0172805786], [-346.148834229, -150.573379517, 196.801269531, 96.735534668, -39.6396789551, 110.198699951, 3.09791064262, -67.2224121094, -10.1774930954, 47.3039665222, -83.8950805664, 51.0172805786, 141.122146606]],
        "icov": [[0.000766760262195, -0.00152630079538, 0.00137309310958, -0.00155130925123, 0.00170319492463, -0.00149815762416, 0.000937280303333, -0.000449625746114, -0.000249912205618, 0.000852407072671, -0.000415537215304, 0.000754985550884, -9.43006489251e-06], [-0.00152630079538, 0.00611250661314, -0.00376644846983, 0.00559336179867, -0.00551887275651, 0.00567218707874, -0.00318438513204, 0.00247599720024, -0.000176402361831, -0.000335991702741, 0.000148331513628, -0.000887752277777, -2.46215422521e-05], [0.00137309310958, -0.00376644846983, 0.00473483465612, -0.00429072370753, 0.0034053674899, -0.00344773964025, 0.00146622990724, -0.000945849344134, 0.0010218397947, -0.000665764790028, 0.00158380530775, -0.000410886073951, 0.000240501351072], [-0.00155130925123, 0.00559336179867, -0.00429072370753, 0.00753364386037, -0.00425426196307, 0.00473697576672, -0.00227911421098, 0.00221286248416, -0.000659527548123, -0.000428571365774, -0.00135867996141, 0.000876052014064, -0.00183582108002], [0.00170319492463, -0.00551887275651, 0.0034053674899, -0.00425426196307, 0.00872011296451, -0.00509284390137, 0.00502916891128, -0.0039180056192, -0.000226723364904, -0.000342930288753, 0.000777342356741, 6.65956686134e-05, 0.0014426013222], [-0.00149815762416, 0.00567218707874, -0.00344773964025, 0.00473697576672, -0.00509284390137, 0.0110020991415, -0.00561313796788, 0.00378395197913, 0.000436866946984, -0.00304160593078, 0.00224138633348, -0.000948588363826, -0.0014313692227], [0.000937280303333, -0.00318438513204, 0.00146622990724, -0.00227911421098, 0.00502916891128, -0.00561313796788, 0.0097175957635, -0.00605578487739, 0.00327458232641, 4.30882246292e-05, 0.00163786287885, -0.00111569627188, 0.00271547702141], [-0.000449625746114, 0.00247599720024, -0.000945849344134, 0.00221286248416, -0.0039180056192, 0.00378395197913, -0.00605578487739, 0.0129696922377, -0.00657839048654, 0.0043833614327, -0.00297565176152, 0.00114365539048, -0.000529383309186], [-0.000249912205618, -0.000176402361831, 0.0010218397947, -0.000659527548123, -0.000226723364904, 0.000436866946984, 0.00327458232641, -0.00657839048654, 0.0151089057326, -0.00686252582818, 0.00520373601466, -0.00148874765728, 0.00163729209453], [0.000852407072671, -0.000335991702741, -0.000665764790028, -0.000428571365774, -0.000342930288753, -0.00304160593078, 4.30882246292e-05, 0.0043833614327, -0.00686252582818, 0.0132795283571, -0.00473332824185, 0.00465935794637, -0.00212415051647], [-0.000415537215304, 0.000148331513628, 0.00158380530775, -0.00135867996141, 0.000777342356741, 0.00224138633348, 0.00163786287885, -0.00297565176152, 0.00520373601466, -0.00473332824185, 0.0170289427042, -0.00473425537348, 0.00867323577404], [0.000754985550884, -0.000887752277777, -0.000410886073951, 0.000876052014064, 6.65956686134e-05, -0.000948588363826, -0.00111569627188, 0.00114365539048, -0.00148874765728, 0.00465935794637, -0.00473425537348, 0.0147066414356, -0.0075944121927], [-9.43006489251e-06, -2.46215422521e-05, 0.000240501351072, -0.00183582108002, 0.0014426013222, -0.0014313692227, 0.00271547702141, -0.000529383309186, 0.00163729209453, -0.00212415051647, 0.00867323577404, -0.0075944121927, 0.0179025009274]]
    },
    "melbands": {
        "max": [0.00186618149746, 0.0100034791976, 0.0035648830235, 0.00212256773375, 0.00277319317684, 0.00333839468658, 0.00383007503115, 0.00579632027075, 0.00956192426383, 0.00408472400159, 0.00578506570309, 0.0023181270808, 0.00201699929312, 0.00191474985331, 0.00122769677546, 0.00240519829094, 0.00200801645406, 0.0012950951932, 0.00105005491059, 0.00141339644324, 0.000860290077981, 0.000295431003906, 0.000136231712531, 0.000253183185123, 0.00117735937238, 0.000418261915911, 0.000172507861862, 0.000313892523991, 0.000603400520049, 0.000753293919843, 0.000281052372884, 0.000366374530131, 0.000653278722893, 0.000633806688711, 0.000892875890713, 0.000744924065657, 0.000478095549624, 0.000546908006072, 0.000165091521922, 2.29762954405e-05],
        "mean": [0.000160176088684, 0.000842710607685, 0.000429234030889, 0.000239377070102, 0.000178493151907, 9.03990294319e-05, 0.00012245248945, 0.000178507631063, 0.000275561818853, 0.000163626391441, 0.000125787249999, 8.50339565659e-05, 6.3758197939e-05, 4.49769140687e-05, 4.08802770835e-05, 6.30707363598e-05, 5.02775983477e-05, 2.41667621594e-05, 1.94270141947e-05, 2.36739870161e-05, 2.35838997469e-05, 1.13200749183e-05, 4.42660029876e-06, 1.19240166896e-05, 3.57886710844e-05, 2.21758600674e-05, 4.24004338129e-06, 2.99190924125e-06, 3.97322583012e-06, 3.88281705455e-06, 2.5627107334e-06, 3.14825138048e-06, 5.25426730746e-06, 6.87698639013e-06, 7.6775704656e-06, 5.16307818543e-06, 3.5310849853e-06, 2.32466209127e-06, 8.17266197828e-07, 1.66649471112e-07],
        "min": [9.27276411803e-24, 1.25095669084e-23, 5.46057486089e-24, 8.52802341438e-24, 1.34473915738e-23, 9.92124406973e-24, 1.0962856009e-23, 1.64425907235e-23, 1.30240848677e-23, 6.72958700013e-24, 2.16191019001e-24, 3.21469969664e-24, 1.05713459194e-23, 8.1664040534e-24, 7.1658475911e-24, 1.1169322996e-23, 9.62121029076e-24, 9.56910287252e-24, 9.60264050505e-24, 2.56696774286e-23, 1.41636914752e-23, 7.25683717449e-24, 7.60887029775e-24, 8.41242925936e-24, 8.94156086698e-24, 9.49265593992e-24, 1.24318167776e-23, 1.65255315591e-23, 1.93049567409e-23, 1.27162177e-23, 1.07984692292e-23, 1.11528626243e-23, 8.3871289124e-24, 1.20635544189e-23, 1.05058199772e-23, 7.21398782784e-24, 8.05436371675e-24, 9.79341941523e-24, 1.35887317822e-23, 7.12415629226e-24],
        "stdev": [0.000187336248928, 0.000949235458393, 0.000478998379549, 0.000282075459836, 0.000269286596449, 0.0002180057636, 0.000283870496787, 0.000443652243121, 0.000790473946836, 0.000446131423814, 0.000404916005209, 0.000213295395952, 0.000188391364645, 0.00015159821487, 0.000117852774565, 0.000179867463885, 0.000158865586855, 8.34027741803e-05, 6.97697105352e-05, 9.89869440673e-05, 6.89220396453e-05, 2.93469347525e-05, 1.20925715237e-05, 2.79564574157e-05, 8.24400704005e-05, 4.83404837723e-05, 1.12451525638e-05, 1.26973127408e-05, 2.15589225263e-05, 2.58768541244e-05, 1.29615536935e-05, 1.63387503562e-05, 3.16178957291e-05, 4.0436447307e-05, 5.3960531659e-05, 3.61793536285e-05, 2.39875553234e-05, 2.06516633625e-05, 6.9125767368e-06, 1.11108806777e-06]
    },
    "melbands128": {
        "max": [0.00011488009477, 0.000959961907938, 0.00207186932676, 0.00830473471433, 0.0153255788609, 0.0109772458673, 0.00599250663072, 0.00335369328968, 0.00471419980749, 0.00289388257079, 0.00479338690639, 0.00403757626191, 0.00415336899459, 0.00585990864784, 0.0061838561669, 0.00522002438083, 0.00556598743424, 0.0050221150741, 0.00474062049761, 0.00635391194373, 0.0124890562147, 0.0144796241075, 0.0137440925464, 0.0141557399184, 0.00610617175698, 0.00447780406103, 0.00899105798453, 0.011449941434, 0.00512077007443, 0.00348904076964, 0.0036812806502, 0.00365443434566, 0.00245684990659, 0.00435121404007, 0.0043350555934, 0.00339159579016, 0.00299038505182, 0.00275665707886, 0.00228441925719, 0.00214567850344, 0.00397749105468, 0.00407973909751, 0.00370418163948, 0.00283924210817, 0.0023394941818, 0.00167103798594, 0.00179849355482, 0.00173550227191, 0.00174252840225, 0.00355025217868, 0.00207993970253, 0.00192781013902, 0.00197028112598, 0.00109493057244, 0.000500095076859, 0.000414595153416, 0.000301654421492, 0.00020875496557, 0.000173327323864, 0.000244476221269, 0.000406042090617, 0.000456788082374, 0.000984928687103, 0.00195784657262, 0.00102726370096, 0.000630281807389, 0.000430625252193, 0.000283018132905, 0.000168665370438, 0.000154242647113, 0.000162774565979, 0.000532711157575, 0.000846110517159, 0.000291727192234, 0.000751174404286, 0.00107484182809, 0.000698326155543, 0.00022690257174, 0.000317203492159, 0.000226269490668, 0.000322783540469, 0.000345033273334, 0.000618052086793, 0.000856488011777, 0.000642845698167, 0.000565895286854, 0.000864650821313, 0.00105859932955, 0.00135928404052, 0.00156199804042, 0.000827374693472, 0.000676949683111, 0.000714001595043, 0.000427200488048, 0.00058039824944, 0.00105954695027, 0.000455544970464, 0.000179020717042, 0.0002631014504, 9.89754698821e-05, 4.53535321867e-05, 1.3638567907e-05, 8.32934074424e-06, 7.20322077541e-06, 2.24919563152e-06, 1.52995016833e-06, 5.23857465851e-07, 6.47448416657e-07, 9.53744120125e-07, 4.29862836882e-07, 4.97660778365e-07, 1.73191153863e-07, 1.00016698923e-07, 6.04001684223e-08, 3.02800486907e-08, 2.13872279886e-08, 1.24275212343e-08, 4.71813255132e-09, 4.26682511545e-09, 4.08088318693e-09, 3.98838517768e-09, 3.84032805556e-09, 3.76772613109e-09, 3.6860292596e-09, 3.58829210789e-09, 3.53994455971e-09, 3.514991187e-09, 3.53782825258e-09],
        "mean": [2.42256305683e-06, 1.91502749658e-05, 0.000133459558128, 0.000592896249145, 0.00102453900035, 0.000992805813439, 0.00055400619749, 0.000269645126536, 0.000202552604605, 0.000201199218282, 0.000311605632305, 0.000251187942922, 0.000133514462505, 0.000104535640276, 8.71626471053e-05, 8.14509476186e-05, 9.68788153841e-05, 0.000133490917506, 0.000148372273543, 0.000147358558024, 0.000181361654541, 0.000303329376038, 0.000307053938741, 0.000234623192227, 0.000176391666173, 0.000133837791509, 0.000125341466628, 0.000151423271745, 9.40734389587e-05, 9.16469871299e-05, 8.2216996816e-05, 7.00756791048e-05, 5.30572579009e-05, 7.38253947929e-05, 5.53123245481e-05, 3.39856742357e-05, 3.03294964397e-05, 3.78887343686e-05, 5.0403381465e-05, 5.36470397492e-05, 7.14454363333e-05, 6.69047440169e-05, 5.55901169719e-05, 4.26006808993e-05, 2.2339174393e-05, 2.30451751122e-05, 2.27082909987e-05, 1.73338703462e-05, 1.71394985955e-05, 2.55088216363e-05, 2.27910095418e-05, 2.39439486904e-05, 2.79863706965e-05, 2.2801286832e-05, 1.58513539645e-05, 1.17194576887e-05, 5.6716448853e-06, 3.77674837182e-06, 4.15646309193e-06, 5.07233198732e-06, 9.77434410743e-06, 1.78722075361e-05, 2.8214075428e-05, 4.97310975334e-05, 3.46097076545e-05, 2.35369316215e-05, 1.3067625332e-05, 4.67794370707e-06, 2.70465420726e-06, 2.48466517405e-06, 2.54332098848e-06, 3.36973221238e-06, 4.3353466026e-06, 3.68240102944e-06, 4.1560738282e-06, 4.04133334087e-06, 4.11961900681e-06, 2.80847439171e-06, 2.19306593863e-06, 2.23487245421e-06, 3.23770041177e-06, 3.29281056111e-06, 3.52755455424e-06, 6.08309801464e-06, 5.82520306125e-06, 6.05846435064e-06, 7.89647765487e-06, 7.55874725655e-06, 8.12654161564e-06, 7.60810098654e-06, 5.472612429e-06, 4.62381103716e-06, 4.03467856813e-06, 3.62761579709e-06, 3.04831633002e-06, 3.20213803207e-06, 2.16523267227e-06, 1.15293846648e-06, 9.78842763288e-07, 5.26192479811e-07, 2.29298422028e-07, 1.12282229736e-07, 7.43591783703e-08, 5.46130181078e-08, 2.8300387811e-08, 1.44049412398e-08, 8.56149817707e-09, 5.73229774758e-09, 5.07353004053e-09, 3.469661225e-09, 2.94784952004e-09, 1.85103732342e-09, 1.26690757885e-09, 8.82567741112e-10, 6.25406337829e-10, 1.26724952754e-09, 2.27029817168e-09, 1.01632400412e-11, 6.85969163416e-12, 6.66459118795e-12, 6.56505188754e-12, 6.42055028935e-12, 6.27990194568e-12, 6.12519973978e-12, 6.07099700373e-12, 6.03617850148e-12, 6.00506320017e-12, 5.96763177069e-12],
        "min": [7.40980203718e-24, 3.73306769164e-24, 9.57394647848e-24, 2.05170604544e-23, 1.27525392226e-23, 8.11249566572e-24, 6.27288150108e-24, 5.53505950199e-24, 2.43048025177e-24, 7.04404115645e-24, 1.40727862999e-23, 1.30746642624e-23, 1.51937481799e-23, 1.23285895949e-23, 4.16111545173e-24, 1.48572863821e-23, 9.69585704277e-24, 8.50368074457e-24, 1.63992854153e-23, 1.35646667914e-23, 1.96007922021e-23, 1.420261545e-23, 1.24017935204e-23, 1.10341193366e-23, 1.00449398262e-23, 4.16020037308e-24, 1.16898299873e-24, 3.20142770356e-24, 1.22885103334e-24, 1.97574749663e-24, 1.40207838002e-24, 1.01227672654e-23, 9.39209431831e-24, 1.17716238191e-23, 1.70923659848e-23, 3.01532318867e-24, 1.83104654357e-24, 4.99542105598e-24, 1.14346642501e-23, 1.40828994967e-23, 5.48199401219e-24, 1.83809402968e-23, 6.26783791888e-24, 9.52892382004e-24, 8.00890008506e-24, 8.6514186149e-24, 1.37854721142e-23, 7.35920765416e-24, 5.46462053404e-24, 1.88647392236e-23, 3.10072759741e-23, 3.29205792136e-23, 1.19373840057e-23, 9.44771374529e-24, 1.11303098799e-23, 3.84402452783e-24, 4.42490935514e-24, 1.62521959886e-23, 4.05312473254e-24, 2.52050111397e-24, 7.77448138961e-24, 1.42939197889e-23, 1.00459322133e-23, 6.68447046724e-24, 8.08876120767e-24, 9.47620976777e-24, 8.71914074589e-24, 1.48525595275e-23, 1.18492004006e-23, 1.17791471856e-23, 1.83597830473e-23, 1.75867088265e-23, 1.52940818207e-23, 2.35511993562e-23, 1.93188817136e-23, 1.53849507084e-23, 8.59570373574e-24, 4.33778913449e-24, 1.26406771685e-23, 1.6477824407e-23, 9.07243131343e-24, 1.38219001331e-23, 4.76150802036e-24, 6.88668549396e-24, 8.34244309757e-24, 1.99523196656e-23, 7.74420806351e-24, 1.03738774688e-23, 1.36501856244e-23, 6.88430865605e-24, 9.05892049271e-24, 6.39843423617e-24, 5.70394002787e-24, 1.06471309977e-23, 6.63095808773e-24, 7.69000227527e-24, 9.53081235304e-24, 1.37635212707e-23, 1.84957952892e-23, 1.02614008921e-23, 7.65304414186e-24, 6.95869192853e-24, 5.81702244978e-24, 5.55890913374e-24, 6.19608668081e-24, 1.42543694585e-23, 1.18155996592e-23, 9.25677548521e-24, 1.07610149023e-23, 1.34059463995e-23, 1.20057664133e-23, 1.11234231242e-23, 1.01564019279e-23, 9.43937864096e-24, 5.93063340849e-24, 8.31744488434e-24, 1.04629942964e-23, 1.10477287649e-23, 1.29679305931e-23, 1.06844535849e-23, 7.45079282753e-24, 8.88881210483e-24, 6.75652107801e-24, 6.94653084881e-24, 1.11720445661e-23, 8.21671523535e-24, 1.17006184491e-23, 8.80342027842e-24],
        "stdev": [6.31858529232e-06, 4.11054970755e-05, 0.000173999011167, 0.000769005448092, 0.00133883836679, 0.00139314774424, 0.000813285296317, 0.000373877788661, 0.000417296512751, 0.000339142861776, 0.000478822243167, 0.000383462262107, 0.000352533243131, 0.000363450439181, 0.000273789308267, 0.000297585502267, 0.000361167447409, 0.000381381920306, 0.000420579861384, 0.000473915657494, 0.000681246106979, 0.00111727730837, 0.00113417254761, 0.000954833987635, 0.000614591699559, 0.000508548808284, 0.000556075072382, 0.000639232806861, 0.000369699555449, 0.000235016064835, 0.000318038131809, 0.000265066773864, 0.000163191056345, 0.000313195894705, 0.000270988239208, 0.000160800802405, 0.00014860657393, 0.000165128454682, 0.000186695237062, 0.000169773833477, 0.000259271881077, 0.000261797511484, 0.000217039851123, 0.000188260819414, 0.000109617132694, 8.6593812739e-05, 9.76289520622e-05, 8.44358874019e-05, 7.24441124476e-05, 0.000143911340274, 0.000112353285658, 9.84516518656e-05, 0.000112081725092, 6.66023915983e-05, 4.45217519882e-05, 3.791904237e-05, 1.93157102331e-05, 1.11906983875e-05, 1.28208266688e-05, 1.62837059179e-05, 2.652751391e-05, 4.57030801044e-05, 7.22919139662e-05, 0.000128899366246, 8.32740188343e-05, 5.77125138079e-05, 3.55104421033e-05, 1.58117745741e-05, 8.74503257364e-06, 9.18955538509e-06, 9.21860464587e-06, 1.86631496035e-05, 2.8750504498e-05, 1.63135682669e-05, 2.59952648776e-05, 3.35383483616e-05, 2.77035233012e-05, 1.35822310767e-05, 1.24040589071e-05, 1.14629383461e-05, 1.60465424415e-05, 1.78318750841e-05, 2.40392073465e-05, 4.11195469496e-05, 3.41619743267e-05, 3.55945121555e-05, 4.97011860716e-05, 5.21612055309e-05, 6.24759995844e-05, 6.3864623371e-05, 3.89474080293e-05, 3.2123967685e-05, 3.3291267755e-05, 2.29580218729e-05, 2.22497237701e-05, 3.54922594852e-05, 1.81338982657e-05, 8.07782362244e-06, 1.0224770449e-05, 4.0105151129e-06, 1.87391640338e-06, 6.66796324822e-07, 4.18338800046e-07, 3.3230844565e-07, 1.3583452585e-07, 7.00542344134e-08, 3.16808517198e-08, 2.53998191369e-08, 3.58854350679e-08, 1.8213109243e-08, 2.05082706373e-08, 8.00436783521e-09, 4.27920854307e-09, 3.29916183262e-09, 2.16908113693e-09, 8.27762303146e-10, 7.79696640585e-10, 1.33729333163e-10, 1.20637583256e-10, 1.15380004162e-10, 1.12761626425e-10, 1.08574892133e-10, 1.06521860777e-10, 1.04212527496e-10, 1.01447530931e-10, 1.00079611265e-10, 9.93735788102e-11, 1.00019596772e-10]
    },
    "mfcc": {
        "mean": [-718.699584961, 131.467483521, 5.93625068665, 20.9475631714, 6.48080205917, 9.88112545013, -0.75548684597, 9.99667930603, -6.03619861603, 10.0889186859, -1.84153163433, -8.50575065613, -5.03856563568],
        "cov": [[6764.84765625, -662.026245117, -1391.05859375, -17.2404613495, -364.726593018, -902.239990234, -204.658157349, 319.225494385, -665.052856445, 71.5702514648, 298.014556885, -35.3683586121, -119.234237671], [-662.026245117, 2543.38671875, -707.757995605, -310.977416992, 285.277893066, -444.194793701, -49.0146903992, 202.725997925, -72.6298828125, -125.189239502, 222.477706909, -90.3025970459, 22.6314353943], [-1391.05859375, -707.757995605, 1178.45800781, 202.027664185, -156.287139893, 522.704162598, 129.023635864, -173.27961731, 225.990264893, 0.299125880003, -257.893249512, 28.1656951904, 47.222984314], [-17.2404613495, -310.977416992, 202.027664185, 351.292114258, 83.335609436, 26.9313926697, -21.247379303, -62.9349098206, -0.0138398557901, 38.3186531067, -58.4079322815, 8.05637359619, 46.072303772], [-364.726593018, 285.277893066, -156.287139893, 83.335609436, 403.140899658, -13.1981868744, -91.3411178589, -70.5624465942, 4.71113395691, 49.4348144531, 19.2203006744, -3.15172481537, 19.260761261], [-902.239990234, -444.194793701, 522.704162598, 26.9313926697, -13.1981868744, 504.374206543, 85.7615127563, -166.155487061, 176.251480103, 23.217168808, -139.003570557, 25.9045200348, 5.0496096611], [-204.658157349, -49.0146903992, 129.023635864, -21.247379303, -91.3411178589, 85.7615127563, 174.281707764, 45.1743278503, 25.3250141144, -18.0754241943, -2.91175222397, 22.9278297424, -13.4751195908], [319.225494385, 202.725997925, -173.27961731, -62.9349098206, -70.5624465942, -166.155487061, 45.1743278503, 237.384613037, -11.2112884521, -64.9063720703, 55.8077659607, 3.2904651165, -3.97988820076], [-665.052856445, -72.6298828125, 225.990264893, -0.0138398557901, 4.71113395691, 176.251480103, 25.3250141144, -11.2112884521, 235.756500244, 19.4960441589, -72.1703186035, 16.1701145172, -1.65073108673], [71.5702514648, -125.189239502, 0.299125880003, 38.3186531067, 49.4348144531, 23.217168808, -18.0754241943, -64.9063720703, 19.4960441589, 150.0209198, 35.6107444763, -3.32322740555, -15.7204418182], [298.014556885, 222.477706909, -257.893249512, -58.4079322815, 19.2203006744, -139.003570557, -2.91175222397, 55.8077659607, -72.1703186035, 35.6107444763, 189.883270264, 34.4817390442, -32.8568954468], [-35.3683586121, -90.3025970459, 28.1656951904, 8.05637359619, -3.15172481537, 25.9045200348, 22.9278297424, 3.2904651165, 16.1701145172, -3.32322740555, 34.4817390442, 108.546562195, 4.48427820206], [-119.234237671, 22.6314353943, 47.222984314, 46.072303772, 19.260761261, 5.0496096611, -13.4751195908, -3.97988820076, -1.65073108673, -15.7204418182, -32.8568954468, 4.48427820206, 106.505645752]],
        "icov": [[0.000387301290175, 0.000157959439093, 0.000442229735199, -0.000201567221666, 0.00047933938913, 1.72142881638e-05, 0.000394635630073, -0.000462287804112, 0.000774187850766, -0.000462549360236, 0.000306700036163, -0.000140226067742, 0.000280539534288], [0.000157959439093, 0.000872531323694, 8.60635846038e-05, 0.000624417967629, -0.00062983884709, 0.000782021146733, -0.00034201136441, 8.07346877991e-05, -0.000298059865599, 0.000788978999481, -0.000867781112902, 0.000937422446441, -0.000475610897411], [0.000442229735199, 8.60635846038e-05, 0.00301616685465, -0.00158185022883, 0.00171569606755, -0.00167766667437, -0.00012136206351, -5.99988998147e-05, 0.000226052783546, -0.000533920014277, 0.0017291570548, -0.000573597033508, 5.77119753871e-05], [-0.000201567221666, 0.000624417967629, -0.00158185022883, 0.00497287418693, -0.00214225030504, 0.00189333944581, -0.000640551443212, 0.000598019862082, -0.000113135654829, -0.0002226508077, 8.08287586551e-05, 0.000148133301991, -0.00158511218615], [0.00047933938913, -0.00062983884709, 0.00171569606755, -0.00214225030504, 0.00502273673192, -0.00145540374797, 0.0020992399659, 6.77585830999e-06, 0.000805376679637, -0.00171336415224, 0.00100866437424, -0.00111300847493, 0.000380591518478], [1.72142881638e-05, 0.000782021146733, -0.00167766667437, 0.00189333944581, -0.00145540374797, 0.00706073408946, -0.0030265012756, 0.00383131648414, -0.00294213765301, 0.00117604492698, 5.68564573769e-05, 0.000219463836402, -0.00039709234261], [0.000394635630073, -0.00034201136441, -0.00012136206351, -0.000640551443212, 0.0020992399659, -0.0030265012756, 0.00961647555232, -0.00402876967564, 0.00237056426704, -0.00130684569012, 5.18147826369e-05, -0.00167875736952, 0.00160588009749], [-0.000462287804112, 8.07346877991e-05, -5.99988998147e-05, 0.000598019862082, 6.77585830999e-06, 0.00383131648414, -0.00402876967564, 0.00979150924832, -0.00431557837874, 0.00427870126441, -0.00225937925279, 0.00107186019886, -0.00127097673248], [0.000774187850766, -0.000298059865599, 0.000226052783546, -0.000113135654829, 0.000805376679637, -0.00294213765301, 0.00237056426704, -0.00431557837874, 0.00942445732653, -0.00391301512718, 0.00353606790304, -0.00241060461849, 0.00177213421557], [-0.000462549360236, 0.000788978999481, -0.000533920014277, -0.0002226508077, -0.00171336415224, 0.00117604492698, -0.00130684569012, 0.00427870126441, -0.00391301512718, 0.0115357413888, -0.00551417656243, 0.00317667191848, -0.000296616373817], [0.000306700036163, -0.000867781112902, 0.0017291570548, 8.08287586551e-05, 0.00100866437424, 5.68564573769e-05, 5.18147826369e-05, -0.00225937925279, 0.00353606790304, -0.00551417656243, 0.0127187725157, -0.00585808884352, 0.00287440395914], [-0.000140226067742, 0.000937422446441, -0.000573597033508, 0.000148133301991, -0.00111300847493, 0.000219463836402, -0.00167875736952, 0.00107186019886, -0.00241060461849, 0.00317667191848, -0.00585808884352, 0.0127244088799, -0.00205884128809], [0.000280539534288, -0.000475610897411, 5.77119753871e-05, -0.00158511218615, 0.000380591518478, -0.00039709234261, 0.00160588009749, -0.00127097673248, 0.00177213421557, -0.000296616373817, 0.00287440395914, -0.00205884128809, 0.01152720768]]
    },
    "spectral_contrast_coeffs": {
        "max": [-0.497992008924, -0.415911883116, -0.46120172739, -0.518934249878, -0.551087319851, -0.609562754631],
        "mean": [-0.694404780865, -0.761585175991, -0.755166769028, -0.790108859539, -0.758644342422, -0.783800780773],
        "min": [-0.962821602821, -0.970360457897, -0.970405042171, -0.967614173889, -0.956361651421, -0.959562897682],
        "stdev": [0.0734459236264, 0.091366879642, 0.0775064677, 0.0592500977218, 0.0932816341519, 0.0439587086439]
    },
    "spectral_contrast_valleys": {
        "max": [-5.74893712997, -5.20541143417, -5.76843929291, -5.73148536682, -6.32875061035, -7.18457794189],
        "mean": [-7.32289218903, -7.49745225906, -8.19149780273, -8.25780200958, -8.57831764221, -10.97306633],
        "min": [-27.1028118134, -27.0497074127, -27.5314178467, -27.077003479, -27.3398933411, -27.2109184265],
        "stdev": [0.877768933773, 1.04368197918, 1.1272405386, 1.14701759815, 1.06177723408, 1.05297517776]
    }
},
"rhythm": {
    "beats_count": 56,
    "beats_loudness": {
        "max": 0.0657730028033,
        "mean": 0.0191396735609,
        "min": 0.00127989484463,
        "stdev": 0.0164794716984
    },
    "bpm": 79.7330856323,
    "bpm_histogram_first_peak_bpm": 80,
    "bpm_histogram_first_peak_weight": 0,
    "bpm_histogram_second_peak_bpm": 157,
    "bpm_histogram_second_peak_spread": 0.222222208977,
    "bpm_histogram_second_peak_weight": 0.127272725105,
    "danceability": 1.11309313774,
    "onset_rate": 5.06663608551,
    "beats_loudness_band_ratio": {
        "max": [0.903228402138, 0.669587612152, 0.672163128853, 0.688081562519, 0.454166948795, 0.965808212757],
        "mean": [0.336543232203, 0.129704639316, 0.191314294934, 0.140807777643, 0.071648709476, 0.157431364059],
        "min": [0.0104924822226, 0.00191633764189, 0.00279658311047, 0.00167623418383, 0.00061216217, 0.000974199909251],
        "stdev": [0.264385670424, 0.144040226936, 0.177611276507, 0.144894123077, 0.0912808850408, 0.269495218992]
    },
    "beats_position": [0.429569154978, 0.882358253002, 1.3235373497, 1.764716506, 2.21750569344, 2.67029476166, 3.13469386101, 3.59909296036, 4.06349182129, 4.45823097229, 4.81814050674, 5.18965959549, 5.56117916107, 5.94430828094, 6.32743740082, 6.71056699753, 7.0936961174, 7.47682523727, 7.87156438828, 8.25469398499, 8.63782310486, 9.05578231812, 9.47374153137, 9.89170074463, 10.2864398956, 10.6927890778, 11.0991382599, 11.505487442, 11.9118366241, 12.3297958374, 12.7593650818, 13.1889343262, 13.5952835083, 14.0016326904, 14.4195919037, 14.8956003189, 15.3716096878, 15.8476190567, 16.4281177521, 17.0202255249, 17.5891151428, 18.2044448853, 18.8197727203, 19.458322525, 20.0968704224, 20.851518631, 21.5945568085, 22.3492050171, 23.1038551331, 23.8585033417, 24.6131515503, 25.3561897278, 26.1108379364, 26.865486145, 27.620136261, 28.3747844696],
