{
"metadata": {
    "version": {
        "essentia": "2.1-beta5",
        "essentia_git_sha": "Undefined",
        "extractor": "music 2.0"
    },
    "audio_properties": {
        "analysis": {
            "equal_loudness": 0,
            "length": 32.4963264465,
            "sample_rate": 44100,
            "start_time": 77.7404098511,
            "downmix": "mix"
        },
        "bit_rate": 192000,
        "length": 186.781311035,
        "lossless": 0,
        "number_channels": 2,
        "replay_gain": 0.723321914673,
        "sample_rate": 44100,
        "codec": "mp3",
        "md5_encoded": "d2f74ed734d37b8954bcf77dd434529d"
    },
    "tags": {
        "file_name": "Luxembourg_Bye, Bye, I Love You_Ireen Sheer.mp3",
        "encoding": ["Lavf58.29.100"]
    }
},
"lowlevel": {
    "average_loudness": 0.963365614414,
    "barkbands_crest": {
        "max": 25.7456283569,
        "mean": 12.7483997345,
        "min": 3.65009260178,
        "stdev": 5.41154766083
    },
    "barkbands_flatness_db": {
        "max": 0.393834322691,
        "mean": 0.206187665462,
        "min": 0.061300534755,
        "stdev": 0.053654525429
    },
    "barkbands_kurtosis": {
        "max": 110.553520203,
        "mean": 6.1784286499,
        "min": -1.5162576437,
        "stdev": 12.7319259644
    },
    "barkbands_skewness": {
        "max": 9.40006256104,
        "mean": 1.49858617783,
        "min": -1.69308972359,
        "stdev": 1.68817102909
    },
    "barkbands_spread": {
        "max": 43.6270637512,
        "mean": 10.4687747955,
        "min": 0.64158052206,
        "stdev": 5.51861047745
    },
    "dissonance": {
        "max": 0.498267233372,
        "mean": 0.437485396862,
        "min": 0.263458043337,
        "stdev": 0.0399468243122
    },
    "dynamic_complexity": 2.85837745667,
    "erbbands_crest": {
        "max": 31.6540870667,
        "mean": 14.4248008728,
        "min": 3.29411911964,
        "stdev": 6.49915933609
    },
    "erbbands_flatness_db": {
        "max": 0.407673686743,
        "mean": 0.254146933556,
        "min": 0.119833163917,
        "stdev": 0.0481752157211
    },
    "erbbands_kurtosis": {
        "max": 38.5088195801,
        "mean": 1.67682826519,
        "min": -1.89512932301,
        "stdev": 3.6100924015
    },
    "erbbands_skewness": {
        "max": 5.79599523544,
        "mean": 0.640218555927,
        "min": -2.56586098671,
        "stdev": 0.941024422646
    },
    "erbbands_spread": {
        "max": 75.6183547974,
        "mean": 21.6504230499,
        "min": 2.60298657417,
        "stdev": 12.2948493958
    },
    "hfc": {
        "max": 82.3558502197,
        "mean": 17.143863678,
        "min": 0.167178943753,
        "stdev": 13.0574865341
    },
    "loudness_ebu128": {
        "integrated": -24.9650917053,
        "loudness_range": 1.8239402771,
        "momentary": {
            "max": -22.2532997131,
            "mean": -25.3591766357,
            "min": -33.4711608887,
            "stdev": 1.98582231998
        },
        "short_term": {
            "max": -23.8029251099,
            "mean": -25.0005435944,
            "min": -26.2678985596,
            "stdev": 0.566937327385
        }
    },
    "melbands_crest": {
        "max": 32.741481781,
        "mean": 15.6150827408,
        "min": 4.17047452927,
        "stdev": 6.31577110291
    },
    "melbands_flatness_db": {
        "max": 0.473524749279,
        "mean": 0.267540425062,
        "min": 0.106493271887,
        "stdev": 0.0573985017836
    },
    "melbands_kurtosis": {
        "max": 301.030822754,
        "mean": 13.2664003372,
        "min": -1.66787993908,
        "stdev": 29.2973518372
    },
    "melbands_skewness": {
        "max": 14.5893602371,
        "mean": 2.06164979935,
        "min": -1.67430245876,
        "stdev": 2.3461356163
    },
    "melbands_spread": {
        "max": 49.8798904419,
        "mean": 15.1984767914,
        "min": 0.55855858326,
        "stdev": 8.59936141968
    },
    "pitch_salience": {
        "max": 0.813586235046,
        "mean": 0.502759695053,
        "min": 0.0478972606361,
        "stdev": 0.145870298147
    },
    "silence_rate_20dB": {
        "max": 1,
        "mean": 1,
        "min": 1,
        "stdev": 0
    },
    "silence_rate_30dB": {
        "max": 1,
        "mean": 1,
        "min": 1,
        "stdev": 0
    },
    "silence_rate_60dB": {
        "max": 1,
        "mean": 0.0413990020752,
        "min": 0,
        "stdev": 0.199210882187
    },
    "spectral_centroid": {
        "max": 2784.07592773,
        "mean": 932.995300293,
        "min": 296.217437744,
        "stdev": 347.535797119
    },
    "spectral_complexity": {
        "max": 34,
        "mean": 14.2433977127,
        "min": 1,
        "stdev": 5.48725557327
    },
    "spectral_decrease": {
        "max": -9.57052423423e-11,
        "mean": -6.30948671088e-09,
        "min": -2.50899283571e-08,
        "stdev": 4.29965840709e-09
    },
    "spectral_energy": {
        "max": 0.0976740047336,
        "mean": 0.0253684688359,
        "min": 0.000376377720386,
        "stdev": 0.0171462800354
    },
    "spectral_energyband_high": {
        "max": 0.00119402224664,
        "mean": 6.40766593278e-05,
        "min": 2.54832889368e-06,
        "stdev": 7.67609890318e-05
    },
    "spectral_energyband_low": {
        "max": 0.0103396726772,
        "mean": 0.00115029152948,
        "min": 3.19720743391e-06,
        "stdev": 0.00152848823927
    },
    "spectral_energyband_middle_high": {
        "max": 0.0886269286275,
        "mean": 0.00739834131673,
        "min": 6.80688026478e-05,
        "stdev": 0.0100195342675
    },
    "spectral_energyband_middle_low": {
        "max": 0.0957454517484,
        "mean": 0.0175348185003,
        "min": 0.000147115410073,
        "stdev": 0.0158923491836
    },
    "spectral_entropy": {
        "max": 7.97362565994,
        "mean": 6.87936401367,
        "min": 5.01909303665,
        "stdev": 0.416606724262
    },
    "spectral_flux": {
        "max": 0.260026872158,
        "mean": 0.0785837247968,
        "min": 0.0120037300512,
        "stdev": 0.0382327400148
    },
    "spectral_kurtosis": {
        "max": 36.0706253052,
        "mean": 10.0231161118,
        "min": 0.169056653976,
        "stdev": 5.19550561905
    },
    "spectral_rms": {
        "max": 0.0097617469728,
        "mean": 0.00465836981311,
        "min": 0.000605968467426,
        "stdev": 0.00174622796476
    },
    "spectral_rolloff": {
        "max": 4242.04101562,
        "mean": 1025.70910645,
        "min": 193.798828125,
        "stdev": 534.151062012
    },
    "spectral_skewness": {
        "max": 4.58719873428,
        "mean": 2.01767778397,
        "min": 0.0782984867692,
        "stdev": 0.580901443958
    },
    "spectral_spread": {
        "max": 11023471,
        "mean": 2517068.75,
        "min": 1627949,
        "stdev": 484158.0625
    },
    "spectral_strongpeak": {
        "max": 9.6875667572,
        "mean": 2.03471446037,
        "min": 0,
        "stdev": 1.81717610359
    },
    "zerocrossingrate": {
        "max": 0.115234375,
        "mean": 0.0392813719809,
        "min": 0.00830078125,
        "stdev": 0.0135614974424
    },
    "barkbands": {
        "max": [3.54195362888e-05, 0.000970020773821, 0.00904197059572, 0.0183042138815, 0.0705052316189, 0.0869303792715, 0.0374773070216, 0.0484089180827, 0.0696576759219, 0.0854132845998, 0.0488976053894, 0.0422592870891, 0.0349671654403, 0.0138168688864, 0.0129080088809, 0.00629523210227, 0.00454167369753, 0.00437124120072, 0.00178456516005, 0.00139783660416, 0.000636115728412, 0.000181436451385, 1.47761975313e-05, 4.08482765124e-06, 1.23794757201e-06, 4.94073844948e-07, 4.54390783489e-06],
        "mean": [1.6098007336e-06, 7.04344420228e-05, 0.000719413277693, 0.00110922264867, 0.00499884225428, 0.00469725532457, 0.00151327543426, 0.00150290702004, 0.00290178717114, 0.00199429155327, 0.00132708856836, 0.00191743858159, 0.000700763834175, 0.000457998045022, 0.000475828826893, 0.000294940022286, 0.000247862481046, 0.000192972060177, 0.000140930947964, 7.37108202884e-05, 1.94255590031e-05, 6.01892043051e-06, 1.63045649515e-06, 8.19931585738e-07, 6.45937859645e-07, 2.32621303553e-07, 1.13741123187e-06],
        "min": [4.34444613617e-09, 2.93067330404e-07, 9.97853746298e-08, 1.07415537798e-07, 5.53832251171e-06, 1.51830172399e-05, 1.62397304848e-06, 2.73913792626e-06, 3.25623136632e-06, 3.63677463611e-06, 1.50370829033e-06, 3.09619326799e-06, 2.23302868108e-06, 1.24187261008e-06, 1.2416996924e-06, 8.59421106725e-07, 8.29847863315e-07, 8.9168059958e-07, 3.96770872158e-07, 5.85890234106e-07, 6.56979636915e-07, 3.17881671208e-07, 2.86846614017e-07, 2.74314317039e-07, 2.49165424293e-07, 2.12794333265e-08, 1.60408922256e-10],
        "stdev": [2.10447888094e-06, 0.000100850877061, 0.001329818042, 0.00186533643864, 0.00970877707005, 0.00940044503659, 0.00326283765025, 0.00387175008655, 0.00771206058562, 0.00535192713141, 0.00446566054597, 0.00512344995514, 0.00236963178031, 0.00121820776258, 0.00100712815765, 0.000590935582295, 0.000399826938519, 0.000331927527441, 0.000178188318387, 0.00010121455125, 3.47901659552e-05, 1.08173926492e-05, 1.6186678522e-06, 2.98117782904e-07, 1.3008927624e-07, 7.71567627567e-08, 9.04970136162e-07]
    },
    "erbbands": {
        "max": [0.00722963549197, 0.484159201384, 8.42100429535, 23.5791168213, 84.4064025879, 302.858276367, 757.688720703, 723.337890625, 662.134460449, 740.858886719, 1343.0994873, 1536.08374023, 3040.1862793, 2483.9284668, 2037.14978027, 2127.93603516, 1956.28552246, 759.706604004, 505.976379395, 638.495788574, 390.348907471, 240.952957153, 265.815429688, 126.666000366, 65.3959350586, 70.3421325684, 27.9239234924, 22.264919281, 8.40671348572, 2.12422442436, 0.401915490627, 0.138609051704, 0.0286574587226, 0.0172148011625, 0.00979934632778, 0.00358169339597, 0.00143064977601, 0.00714706769213, 0.000186096818652, 0.000111739362183],
        "mean": [0.000789050129242, 0.0340941697359, 0.636289179325, 2.19398260117, 5.41940450668, 17.592710495, 43.8150024414, 34.7965393066, 24.5186843872, 23.7612724304, 35.8644142151, 71.328994751, 69.1835708618, 60.3490867615, 55.1354904175, 83.912147522, 38.6253471375, 26.5678443909, 23.8887367249, 19.5161457062, 16.3852233887, 12.9911184311, 11.3214626312, 8.94645690918, 5.71912145615, 3.59001421928, 1.40765070915, 0.521904885769, 0.24691657722, 0.0965474024415, 0.0425717011094, 0.0206006560475, 0.0121310399845, 0.00765865342692, 0.00434613740072, 0.00186107447371, 0.000516740430612, 0.00179558747914, 5.78878316446e-05, 3.01587460854e-05],
        "min": [1.97670542548e-05, 0.000108450331027, 0.000530290650204, 0.00165401946288, 0.00408711330965, 0.0353235416114, 0.0909383744001, 0.141056522727, 0.0908363386989, 0.0599768981338, 0.22221685946, 0.0774301737547, 0.162348419428, 0.226609185338, 0.127396032214, 0.124098420143, 0.149982258677, 0.0993086993694, 0.0716187432408, 0.127794131637, 0.0554645135999, 0.0522084645927, 0.0498190931976, 0.0234965253621, 0.024851469323, 0.0308330878615, 0.0199912376702, 0.0208512991667, 0.0112200407311, 0.0119498483837, 0.00849461555481, 0.00614181300625, 0.00413511460647, 0.00325339031406, 0.00144541461486, 0.000272695266176, 3.6949681089e-05, 2.93826497e-06, 9.14678366826e-07, 1.00293709693e-06],
        "stdev": [0.00076895050006, 0.0570478290319, 1.19979548454, 2.70176482201, 8.21084976196, 35.032081604, 98.0599822998, 74.9321670532, 50.5715370178, 52.4116401672, 96.0706863403, 194.811813354, 182.762161255, 161.226638794, 157.717468262, 222.509384155, 118.286338806, 63.9640235901, 42.0683364868, 42.3696670532, 30.4656105042, 19.4650745392, 19.2253055573, 12.7445201874, 6.92339992523, 5.04373645782, 1.79260182381, 1.10887050629, 0.474855035543, 0.131692647934, 0.0424159578979, 0.0109566748142, 0.00324735464528, 0.00173899170477, 0.000978150288574, 0.000534495047759, 0.00025046535302, 0.00142397615127, 3.60969097528e-05, 1.96288838197e-05]
    },
    "gfcc": {
        "mean": [-56.7736549377, 130.325637817, -151.813796997, -6.0760846138, -50.7620620728, -24.6351680756, -36.0409469604, -8.01846027374, -33.7691230774, -9.41173171997, -15.0622262955, -6.73003292084, -9.06758975983],
        "cov": [[1134.18322754, 295.400299072, -345.378601074, 21.3646087646, 137.490966797, -112.225692749, 161.94354248, -78.2729949951, 39.9766731262, -8.65047264099, -41.306602478, -101.693145752, -100.259468079], [295.400299072, 350.976196289, 28.7001934052, 52.5881309509, 38.3783874512, 46.8724098206, 10.8911123276, -15.4222393036, -29.3318862915, -34.355381012, 20.9639587402, -83.7831115723, -39.5938415527], [-345.378601074, 28.7001934052, 574.458068848, 212.294845581, 28.0715255737, -73.4809188843, -148.102722168, -41.2272033691, -38.2455482483, -63.3259429932, -9.81209945679, 66.7708587646, -74.6940383911], [21.3646087646, 52.5881309509, 212.294845581, 482.084747314, 74.5840606689, -102.693313599, -121.457679749, -15.1273174286, -1.02900791168, -85.5584793091, -40.5141334534, 39.225025177, -42.6958465576], [137.490966797, 38.3783874512, 28.0715255737, 74.5840606689, 220.492080688, 10.0844326019, 27.7765960693, 22.4544620514, -20.1469478607, -20.6252269745, -12.8933677673, -21.1775989532, -47.6164779663], [-112.225692749, 46.8724098206, -73.4809188843, -102.693313599, 10.0844326019, 348.494598389, 141.933822632, -25.0353717804, -47.6466751099, 68.022064209, -8.26880455017, -66.6375579834, -38.3532829285], [161.94354248, 10.8911123276, -148.102722168, -121.457679749, 27.7765960693, 141.933822632, 216.133728027, 24.5831413269, -30.2642250061, 41.0890731812, -1.64428627491, -58.0311775208, -35.8592910767], [-78.2729949951, -15.4222393036, -41.2272033691, -15.1273174286, 22.4544620514, -25.0353717804, 24.5831413269, 162.014801025, 64.9098587036, -28.1326675415, -25.6787853241, -0.824052751064, 32.8553886414], [39.9766731262, -29.3318862915, -38.2455482483, -1.02900791168, -20.1469478607, -47.6466751099, -30.2642250061, 64.9098587036, 150.915115356, 19.5504989624, -69.3213272095, 16.2616577148, 16.1943511963], [-8.65047264099, -34.355381012, -63.3259429932, -85.5584793091, -20.6252269745, 68.022064209, 41.0890731812, -28.1326675415, 19.5504989624, 119.534210205, 42.1396598816, -15.9266767502, -5.19394111633], [-41.306602478, 20.9639587402, -9.81209945679, -40.5141334534, -12.8933677673, -8.26880455017, -1.64428627491, -25.6787853241, -69.3213272095, 42.1396598816, 150.293243408, 24.3166904449, 21.6841945648], [-101.693145752, -83.7831115723, 66.7708587646, 39.225025177, -21.1775989532, -66.6375579834, -58.0311775208, -0.824052751064, 16.2616577148, -15.9266767502, 24.3166904449, 105.498695374, 36.1511230469], [-100.259468079, -39.5938415527, -74.6940383911, -42.6958465576, -47.6164779663, -38.3532829285, -35.8592910767, 32.8553886414, 16.1943511963, -5.19394111633, 21.6841945648, 36.1511230469, 131.407485962]],
        "icov": [[0.0115329418331, -0.0118624381721, 0.00846181623638, -0.000965009792708, -0.00573274260387, 0.01194981765, -0.0127586368471, 0.0129653792828, -0.00610886886716, -0.000363176077371, 0.00475760409608, -0.00609954912215, 0.00603983411565], [-0.0118624381721, 0.017606081441, -0.00949990842491, 0.000435625406681, 0.00548781873658, -0.0135828861967, 0.0126258824021, -0.0110478168353, 0.00165757501964, 0.00604589050636, -0.0103365890682, 0.0130918407813, -0.00663359602913], [0.00846181623638, -0.00949990842491, 0.00944031961262, -0.00108246947639, -0.00400541489944, 0.00870412308723, -0.00692214304581, 0.0082259112969, -0.00175550056156, -0.00148974801414, 0.00525128189474, -0.00762072810903, 0.00713883852586], [-0.000965009792708, 0.000435625406681, -0.00108246947639, 0.00326717901044, -0.000394373579184, -0.000738807837479, 0.00232311943546, -0.00103599508293, 0.000882615451701, 0.000734345987439, 0.000510247016791, -0.000668299035169, 0.000395585870137], [-0.00573274260387, 0.00548781873658, -0.00400541489944, -0.000394373579184, 0.00847715232521, -0.00569897890091, 0.00593892810866, -0.00825833808631, 0.00478334818035, -0.000417793897213, -0.00160306261387, 0.00277686212212, -0.00113677827176], [0.01194981765, -0.0135828861967, 0.00870412308723, -0.000738807837479, -0.00569897890091, 0.0175277851522, -0.0152601338923, 0.0127416681498, -0.00276387436315, -0.00487622106448, 0.00840439740568, -0.00723625021055, 0.00618463149294], [-0.0127586368471, 0.0126258824021, -0.00692214304581, 0.00232311943546, 0.00593892810866, -0.0152601338923, 0.0246991794556, -0.0185343883932, 0.0119238439947, -0.00290005560964, -0.0025007459335, 0.00547128170729, -0.00271435058676], [0.0129653792828, -0.0110478168353, 0.0082259112969, -0.00103599508293, -0.00825833808631, 0.0127416681498, -0.0185343883932, 0.0271624792367, -0.01771155186, 0.00864865630865, -0.000985764083453, -0.00140447518788, 0.00285337609239], [-0.00610886886716, 0.00165757501964, -0.00175550056156, 0.000882615451701, 0.00478334818035, -0.00276387436315, 0.0119238439947, -0.01771155186, 0.0276396423578, -0.0168432593346, 0.0144299883395, -0.00811769906431, -0.000483596610138], [-0.000363176077371, 0.00604589050636, -0.00148974801414, 0.000734345987439, -0.000417793897213, -0.00487622106448, -0.00290005560964, 0.00864865630865, -0.0168432593346, 0.0254472773522, -0.0162479802966, 0.0108958883211, -0.000826835457701], [0.00475760409608, -0.0103365890682, 0.00525128189474, 0.000510247016791, -0.00160306261387, 0.00840439740568, -0.0025007459335, -0.000985764083453, 0.0144299883395, -0.0162479802966, 0.0231622364372, -0.0145272966474, 0.00285615003668], [-0.00609954912215, 0.0130918407813, -0.00762072810903, -0.000668299035169, 0.00277686212212, -0.00723625021055, 0.00547128170729, -0.00140447518788, -0.00811769906431, 0.0108958883211, -0.0145272966474, 0.0270884241909, -0.00814350321889], [0.00603983411565, -0.00663359602913, 0.00713883852586, 0.000395585870137, -0.00113677827176, 0.00618463149294, -0.00271435058676, 0.00285337609239, -0.000483596610138, -0.000826835457701, 0.00285615003668, -0.00814350321889, 0.0161406937987]]
    },
    "melbands": {
        "max": [0.000139498355566, 0.00289576384239, 0.00663634296507, 0.0103434892371, 0.0231287050992, 0.0138434432447, 0.00901269819587, 0.00764084048569, 0.0105745643377, 0.011353447102, 0.0155184818432, 0.0104386582971, 0.00584766361862, 0.00554577913135, 0.00390052003786, 0.00332963443361, 0.0015158681199, 0.00114392233081, 0.00136323878542, 0.000403507234296, 0.000455776607851, 0.000272586272331, 0.000318188132951, 0.000217247012188, 0.000125579783344, 5.66829112358e-05, 5.38984204468e-05, 4.1890572902e-05, 1.55315301527e-05, 1.54621793627e-05, 1.13677333502e-05, 5.73458601139e-06, 2.16932721742e-06, 8.18165005967e-07, 3.03588791439e-07, 9.33752701826e-08, 8.69775362844e-08, 2.15458424435e-08, 1.82061032916e-08, 1.64087818888e-08],
        "mean": [1.162526587e-05, 0.0002370133152, 0.000495919783134, 0.000731118838303, 0.00147067115176, 0.000789244892076, 0.000359401630703, 0.000263853871729, 0.000291555392323, 0.000474203494377, 0.000335197197273, 0.000240281005972, 0.000168268947164, 0.00022750152857, 0.000144994846778, 6.15856988588e-05, 4.86138051201e-05, 3.57099852408e-05, 3.46756023646e-05, 2.29953056987e-05, 1.77413603524e-05, 1.36112603286e-05, 1.24442949527e-05, 8.22219499241e-06, 7.28185841581e-06, 4.59634293293e-06, 3.02874741465e-06, 2.2402821287e-06, 1.04215882857e-06, 4.52677625162e-07, 2.4122908826e-07, 1.57378920562e-07, 7.3185930205e-08, 4.33104361264e-08, 2.69599027547e-08, 1.4463473974e-08, 1.15026734804e-08, 8.62395044265e-09, 7.25041271465e-09, 6.14528028464e-09],
        "min": [2.50294419857e-07, 3.06513612713e-07, 3.16523369293e-07, 7.43560519822e-07, 3.50017853634e-06, 3.81047334486e-06, 6.14286307155e-07, 3.13109410399e-07, 1.20864262954e-06, 4.67012654326e-07, 6.90425792982e-07, 5.54079576887e-07, 3.24882620362e-07, 5.45551813502e-07, 1.87679731312e-07, 2.6089713856e-07, 1.51654774072e-07, 9.5905917874e-08, 1.15119803468e-07, 5.97466964791e-08, 6.7261787251e-08, 3.20586615032e-08, 6.70321682605e-08, 2.63493724617e-08, 1.78231491788e-08, 1.4233538792e-08, 2.1743895573e-08, 1.92538340826e-08, 1.25580861265e-08, 1.11743485576e-08, 2.90214763332e-09, 5.82934323035e-09, 5.97928728752e-09, 5.19421128331e-09, 4.60524018919e-09, 3.80685527546e-09, 3.44535022734e-09, 3.26025517694e-09, 2.23874518923e-09, 2.19955675895e-09],
        "stdev": [1.4254153939e-05, 0.000408921740018, 0.000685682403855, 0.00116426101886, 0.00307687418535, 0.00159482879099, 0.000726205529645, 0.000603493535891, 0.000812653510366, 0.00133783009369, 0.000927705143113, 0.00065933301812, 0.000524277507793, 0.000613625859842, 0.000393840833567, 0.000178256814252, 0.000132337372634, 7.2072900366e-05, 8.98172074812e-05, 4.52415188192e-05, 3.50546288246e-05, 2.33534719882e-05, 2.18578206841e-05, 1.46444572238e-05, 1.15182756417e-05, 5.9730632529e-06, 4.49755316367e-06, 3.27927978105e-06, 1.3617274135e-06, 8.58156568029e-07, 5.70935583255e-07, 3.0943797924e-07, 1.27261131411e-07, 5.25857259959e-08, 3.08053422771e-08, 9.08359520935e-09, 5.95226401501e-09, 2.61312704808e-09, 2.04204231302e-09, 1.60023205797e-09]
    },
    "melbands128": {
        "max": [1.82853345905e-05, 2.69562497124e-05, 5.92873475398e-05, 0.00067289773142, 0.00399854499847, 0.00427703838795, 0.00329700997099, 0.0126642314717, 0.010382306762, 0.010287521407, 0.0192621834576, 0.0289312154055, 0.0374478287995, 0.0362922102213, 0.0271511413157, 0.0149755291641, 0.01987317577, 0.0155549310148, 0.0107204690576, 0.0134398918599, 0.0124251628295, 0.0139403855428, 0.019069397822, 0.0164735559374, 0.0147158196196, 0.0256539955735, 0.015935620293, 0.0301778037101, 0.0212904289365, 0.0157836545259, 0.0152908861637, 0.0152653073892, 0.00660751387477, 0.0156671516597, 0.00887035764754, 0.0128197586164, 0.00786937400699, 0.00710439309478, 0.0103208040819, 0.00997511018068, 0.00147017696872, 0.0038209608756, 0.00327934883535, 0.00148632214405, 0.00281993532553, 0.00112063495908, 0.00125885941088, 0.00244352640584, 0.00252690166235, 0.00122192373965, 0.000613587966654, 0.00119263993111, 0.0012286423007, 0.000765506061725, 0.000687842373736, 0.000445653393399, 0.000386264873669, 0.000775784836151, 0.000549661519472, 0.000610979332123, 0.000415757938754, 0.000124758604215, 0.000238677006564, 0.000270178163191, 0.000131575579871, 0.000124303711345, 0.000123941048514, 9.90121625364e-05, 6.01616084168e-05, 9.98949399218e-05, 4.17927112721e-05, 6.72483438393e-05, 2.34299986914e-05, 1.74623928615e-05, 1.95813954633e-05, 1.30322405312e-05, 1.65812034538e-05, 1.89434758795e-05, 1.03042957562e-05, 6.07820811638e-06, 8.81843607203e-06, 4.84059683004e-06, 4.46301874035e-06, 1.81772225005e-06, 2.21284449253e-06, 1.38671612149e-06, 5.59526029065e-07, 4.16744086351e-07, 4.29077289255e-07, 1.92868398585e-07, 1.31840153017e-07, 1.29431555251e-07, 1.19293048328e-07, 1.24697109527e-07, 5.93260018888e-08, 3.35860015355e-08, 2.09850679056e-08, 2.34833308355e-08, 2.97844735542e-08, 1.95603426789e-08, 2.32371935027e-08, 2.62357318093e-08, 1.61368713947e-08, 1.92720399639e-08, 1.51123735748e-08, 1.29485222544e-08, 1.52659005437e-08, 1.07522204473e-08, 9.73361835577e-09, 7.56677831504e-09, 8.7132097093e-09, 5.30912025454e-09, 1.2008319894e-09, 1.21751664306e-09, 1.20438059525e-09, 7.12429653049e-08, 1.50866966919e-07, 1.10595144154e-09, 1.0883768331e-09, 1.06479658424e-09, 1.03959640896e-09, 1.01791541862e-09, 1.0040226428e-09, 9.87163017996e-10, 9.75593494879e-10, 9.60436397079e-10, 9.5767349606e-10, 9.49824330299e-10],
        "mean": [1.12159750643e-06, 2.45250066655e-06, 6.91670402375e-06, 4.52535350632e-05, 0.000250897923252, 0.000370663532522, 0.000366432766896, 0.000667503278237, 0.000495666754432, 0.000469150923891, 0.000948632019572, 0.00169389101211, 0.00171970005613, 0.00108918943442, 0.000850816722959, 0.000589425675571, 0.000421449774876, 0.000325880595483, 0.000276989827398, 0.00024573187693, 0.000271890778095, 0.000253529986367, 0.000353867682861, 0.000221754948143, 0.000449441577075, 0.000652423710562, 0.000342200510204, 0.000376261014026, 0.000215095889871, 0.000250325276284, 0.000257143081399, 0.000207480537938, 0.000113393594802, 0.000211468388443, 0.000147028113133, 0.000288043054752, 0.000274121615803, 0.000110977023724, 9.60367688094e-05, 7.97050815891e-05, 5.31166770088e-05, 3.44109757862e-05, 5.51891898795e-05, 5.64716574445e-05, 2.55762206507e-05, 3.53133764293e-05, 4.29997053288e-05, 3.8528793084e-05, 3.28387941408e-05, 1.40849106174e-05, 2.5319197448e-05, 2.81796619674e-05, 1.5580046238e-05, 1.47191440192e-05, 1.87670266314e-05, 1.11382769319e-05, 1.16537712529e-05, 1.42090166264e-05, 1.1902829101e-05, 1.12098623504e-05, 6.77685557093e-06, 6.59697798255e-06, 1.02918565972e-05, 6.65675725031e-06, 4.06050139645e-06, 4.74377247883e-06, 5.23138032804e-06, 2.93079233415e-06, 2.51973438026e-06, 2.97115889225e-06, 2.26416136684e-06, 2.08880760511e-06, 1.4173275531e-06, 8.51802496982e-07, 5.10100676365e-07, 5.83195742365e-07, 3.45907466226e-07, 2.75638313951e-07, 2.36254066976e-07, 2.00691744112e-07, 1.75195395968e-07, 1.44185065665e-07, 9.09231374635e-08, 6.14588628878e-08, 6.71783269013e-08, 4.68078198423e-08, 3.65918282341e-08, 3.10671097736e-08, 3.16008978984e-08, 1.86345996411e-08, 1.4920212621e-08, 1.36657725136e-08, 1.29521753323e-08, 1.17469021177e-08, 1.07403055338e-08, 9.08962061175e-09, 8.21593459932e-09, 7.73173347568e-09, 7.35823668663e-09, 7.00233870887e-09, 6.53568532627e-09, 6.04373395774e-09, 5.58590107502e-09, 5.36507727134e-09, 4.87801488092e-09, 4.56290694117e-09, 4.28929203267e-09, 3.74708619688e-09, 3.18479465022e-09, 2.70689648474e-09, 2.26820140448e-09, 1.20800558445e-09, 3.89405764578e-11, 7.55004045394e-12, 7.44071210895e-12, 1.65726987689e-08, 3.89504428711e-08, 1.49281611378e-11, 6.67064146975e-12, 6.54058881708e-12, 6.43223928981e-12, 6.33754030158e-12, 6.19816437758e-12, 6.09529397441e-12, 6.05325988987e-12, 6.0345300805e-12, 6.00715137355e-12, 5.92670357236e-12],
        "min": [2.02107264258e-09, 7.31228810835e-09, 2.06499066735e-08, 6.27025045219e-08, 1.11091736699e-07, 5.46939808999e-08, 7.47795709799e-08, 2.92801694002e-08, 1.21961818422e-07, 9.47091578496e-08, 3.73282546207e-07, 2.22106109504e-07, 6.76371598729e-07, 6.22323625521e-07, 9.37471554607e-07, 3.52477570686e-07, 1.16713998466e-07, 1.93316125774e-07, 1.58619002377e-07, 9.36964852372e-08, 1.87031488963e-07, 8.46318215508e-08, 3.2228371083e-07, 1.29436827478e-07, 1.55183542461e-07, 1.36030109843e-07, 9.23119074514e-08, 1.01027190169e-07, 2.53525882954e-07, 1.18513028724e-07, 6.56934417975e-08, 6.88459493858e-08, 1.09032029627e-07, 4.59482762949e-08, 1.2042698927e-07, 1.08254582187e-07, 5.40720535014e-08, 2.15348752164e-08, 2.48794655988e-08, 7.00218691918e-08, 8.56578594721e-08, 4.0112354327e-08, 4.1364931036e-08, 1.64237707878e-08, 2.89114900909e-08, 3.88007030949e-08, 1.01011906395e-07, 2.40026274412e-08, 1.8158271553e-09, 3.274852034e-08, 4.406192744e-08, 1.31455779595e-08, 6.17749051912e-09, 2.2984355752e-08, 3.66605625857e-08, 6.99119961922e-09, 1.76996710621e-08, 3.51175728497e-08, 2.44721061193e-08, 1.11002371739e-08, 1.37680453705e-08, 1.80453181287e-08, 1.23107382066e-08, 1.69451315202e-08, 1.20618741661e-08, 6.50512665956e-09, 1.02030259796e-08, 4.05265332404e-09, 1.38433549068e-08, 4.58883109289e-09, 2.02968877261e-08, 8.30835666932e-09, 1.27732802113e-08, 1.07796358506e-08, 8.50897752258e-09, 3.4935652149e-09, 2.67835686962e-09, 1.18998894072e-10, 7.28362301028e-11, 3.31474936388e-09, 4.72620698133e-09, 4.3379504433e-09, 3.36143157753e-09, 1.84202542108e-09, 3.13701797872e-09, 1.64804980773e-09, 1.80628245694e-09, 1.96583593848e-09, 2.78293699196e-09, 2.50098008969e-09, 2.11756212565e-09, 2.22427631869e-09, 1.61343283178e-09, 1.83293002998e-09, 1.68565494896e-09, 1.84625670308e-09, 1.66657609935e-09, 1.0689191754e-09, 1.38826328211e-09, 1.48163337155e-09, 1.62435553897e-09, 1.3321986847e-09, 1.40831801776e-09, 1.20948873139e-09, 1.03815567254e-09, 7.32205351905e-10, 1.43503237071e-10, 1.10137857168e-10, 3.14459881745e-11, 3.81836506858e-11, 1.44098786722e-11, 1.9531331847e-12, 6.14773423141e-13, 3.76988398181e-13, 4.79203428241e-13, 4.57270126712e-13, 5.7662994388e-13, 4.00234478806e-13, 4.04755059764e-13, 3.70922585181e-13, 2.87986648417e-13, 4.31288441375e-13, 2.26997430184e-13, 4.13867887444e-13, 4.34151195897e-13, 4.50002123238e-13, 4.66436730819e-13, 4.38440516531e-13],
        "stdev": [1.27112457449e-06, 2.54959286394e-06, 8.2387623479e-06, 7.11365137249e-05, 0.000555662845727, 0.000639760168269, 0.000429463863838, 0.00125031825155, 0.000886848720256, 0.000933695118874, 0.00214563822374, 0.00439214846119, 0.00445503136143, 0.00316517753527, 0.00257137557492, 0.00139558885712, 0.00125462783035, 0.000874856719747, 0.000830813020002, 0.000712342793122, 0.00086869642837, 0.000865203794092, 0.00131415529177, 0.000928890542127, 0.00154084071983, 0.00237667863257, 0.00119170348626, 0.00150486873463, 0.000920480233617, 0.000832013145555, 0.000984177691862, 0.00111070589628, 0.000458730442915, 0.000990524073131, 0.000673913746141, 0.00108989351429, 0.000900896557141, 0.000495310639963, 0.00052042742027, 0.000425602396717, 0.00012127275113, 0.000148190156324, 0.000225942334509, 0.000156467460329, 0.000117167539429, 9.86032973742e-05, 0.000101233425085, 0.000139150593895, 0.000132047382067, 5.29440549144e-05, 6.57554919599e-05, 7.76110900915e-05, 5.91548559896e-05, 4.36792979599e-05, 5.22356931469e-05, 2.91769465548e-05, 3.00514057017e-05, 3.55970332748e-05, 3.07796581183e-05, 3.22933738062e-05, 2.00519298232e-05, 1.27506291392e-05, 2.08099845622e-05, 1.53964265337e-05, 9.48201886786e-06, 9.05388515093e-06, 9.44550720305e-06, 6.69278824716e-06, 4.84810652779e-06, 7.12298515282e-06, 4.54706969322e-06, 3.90978811993e-06, 2.29839247368e-06, 1.56729618084e-06, 1.04521734556e-06, 1.0682069842e-06, 9.05468027668e-07, 8.53708456816e-07, 5.44341673958e-07, 4.20085939368e-07, 3.9219648329e-07, 2.99717527241e-07, 2.12402966326e-07, 1.06971157265e-07, 1.0827740482e-07, 6.87347920802e-08, 4.34542535288e-08, 3.94917378799e-08, 4.53700970127e-08, 1.71549476846e-08, 1.13791607248e-08, 9.48451184257e-09, 8.73041372529e-09, 8.6779463615e-09, 5.3526409971e-09, 4.08219280601e-09, 3.32320992946e-09, 3.23870175123e-09, 3.09327674586e-09, 2.7025106597e-09, 2.59983390372e-09, 2.36895325578e-09, 2.08436667926e-09, 2.00029837139e-09, 1.8054270301e-09, 1.8229258103e-09, 1.82027604101e-09, 1.6801370295e-09, 1.4804244497e-09, 1.38188283039e-09, 1.30800204001e-09, 8.68195126902e-10, 6.73404665363e-11, 4.78717794572e-11, 4.70988595347e-11, 1.36012010543e-08, 3.06871754674e-08, 4.46395802267e-11, 4.27268949388e-11, 4.1667367473e-11, 4.06626017579e-11, 3.98771779486e-11, 3.922957445e-11, 3.85932223679e-11, 3.81273380923e-11, 3.75951353382e-11, 3.74750681875e-11, 3.71155606249e-11]
    },
    "mfcc": {
        "mean": [-699.824829102, 174.431091309, -45.9833221436, 18.1187381744, -11.6280117035, -14.3300542831, -4.2288517952, -9.80581283569, -12.733502388, -8.48203372955, -12.3639335632, -9.97006416321, -5.92235040665],
        "cov": [[1407.38439941, 234.854644775, -471.495056152, 121.984367371, -148.939712524, 94.2210464478, 5.30963230133, -22.3070240021, 54.2753639221, 21.6170978546, 48.3865242004, 43.963508606, 39.2318153381], [234.854644775, 319.241333008, -9.16949558258, -82.2802505493, 13.458694458, 16.5695667267, 89.0883560181, -14.5129852295, -25.8279666901, 34.1549606323, 16.9018325806, 8.18207740784, 8.08697795868], [-471.495056152, -9.16949558258, 476.943664551, 132.320755005, 94.7990036011, 29.0862102509, -64.9199295044, 16.2110328674, -73.0763397217, -99.7388076782, 17.6532363892, 2.44412994385, -69.7778549194], [121.984367371, -82.2802505493, 132.320755005, 476.016296387, 182.073867798, -94.3347015381, -105.677558899, 56.7092704773, -29.2091007233, -122.915130615, -1.31966793537, 24.3285121918, -64.1995010376], [-148.939712524, 13.458694458, 94.7990036011, 182.073867798, 241.983276367, -34.7349891663, -38.0761528015, 43.5192337036, -3.2544670105, -48.2042503357, -14.3353385925, 10.3986568451, -24.3544864655], [94.2210464478, 16.5695667267, 29.0862102509, -94.3347015381, -34.7349891663, 269.500610352, 99.1780548096, -30.514043808, 9.34791374207, 16.0733623505, 33.1142539978, 21.1581897736, 33.9431343079], [5.30963230133, 89.0883560181, -64.9199295044, -105.677558899, -38.0761528015, 99.1780548096, 285.166107178, 8.22445487976, -64.2810592651, 62.9960594177, 8.99460506439, 10.6886138916, 44.1290168762], [-22.3070240021, -14.5129852295, 16.2110328674, 56.7092704773, 43.5192337036, -30.514043808, 8.22445487976, 124.351173401, 55.8691902161, -17.4440288544, 7.51072072983, -3.85864329338, -20.0836544037], [54.2753639221, -25.8279666901, -73.0763397217, -29.2091007233, -3.2544670105, 9.34791374207, -64.2810592651, 55.8691902161, 184.374328613, 56.2084503174, -3.8814804554, -16.4351234436, -4.45633459091], [21.6170978546, 34.1549606323, -99.7388076782, -122.915130615, -48.2042503357, 16.0733623505, 62.9960594177, -17.4440288544, 56.2084503174, 138.024887085, 20.2875556946, -20.3856143951, 21.2411231995], [48.3865242004, 16.9018325806, 17.6532363892, -1.31966793537, -14.3353385925, 33.1142539978, 8.99460506439, 7.51072072983, -3.8814804554, 20.2875556946, 80.3012924194, 32.1513175964, -14.0360031128], [43.963508606, 8.18207740784, 2.44412994385, 24.3285121918, 10.3986568451, 21.1581897736, 10.6886138916, -3.85864329338, -16.4351234436, -20.3856143951, 32.1513175964, 83.0482254028, 34.9998703003], [39.2318153381, 8.08697795868, -69.7778549194, -64.1995010376, -24.3544864655, 33.9431343079, 44.1290168762, -20.0836544037, -4.45633459091, 21.2411231995, -14.0360031128, 34.9998703003, 115.610054016]],
        "icov": [[0.00976779405028, -0.0120227411389, 0.0130093116313, -0.0120863141492, 0.0113570792601, -0.0108211459592, 0.00870688352734, -0.00518997013569, 0.00444909930229, -0.00151517696213, 0.00072686834028, -0.000985515187494, 0.000847603776492], [-0.0120227411389, 0.0186408236623, -0.0161589290947, 0.0158327072859, -0.0151592884213, 0.0141214830801, -0.0122935306281, 0.00756107782945, -0.00599885685369, 0.00240886281244, -0.00226670573466, 0.00123570056166, -0.000841542845592], [0.0130093116313, -0.0161589290947, 0.0204652640969, -0.0161364004016, 0.0143939852715, -0.0156905073673, 0.0128305396065, -0.00801881309599, 0.00784710794687, -0.00151148065925, 0.000823408947326, -0.0011871131137, 0.00249501923099], [-0.0120863141492, 0.0158327072859, -0.0161364004016, 0.0192078817636, -0.0165955834091, 0.0145056135952, -0.0109778372571, 0.0064936815761, -0.00577324489132, 0.00452787056565, -0.00217530154623, 0.000601196603384, -1.61014813784e-05], [0.0113570792601, -0.0151592884213, 0.0143939852715, -0.0165955834091, 0.0200282596052, -0.0133500983939, 0.0111957406625, -0.00847406033427, 0.00613166205585, -0.00381691940129, 0.00423568068072, -0.00298685301095, 0.00142767990474], [-0.0108211459592, 0.0141214830801, -0.0156905073673, 0.0145056135952, -0.0133500983939, 0.019259981811, -0.0146472258493, 0.0113152405247, -0.0106606204063, 0.00734705850482, -0.00682929903269, 0.00344235240482, -0.003273319453], [0.00870688352734, -0.0122935306281, 0.0128305396065, -0.0109778372571, 0.0111957406625, -0.0146472258493, 0.017863182351, -0.01277893316, 0.0130020538345, -0.0102011449635, 0.00685572065413, -0.00443431828171, 0.00172395235859], [-0.00518997013569, 0.00756107782945, -0.00801881309599, 0.0064936815761, -0.00847406033427, 0.0113152405247, -0.01277893316, 0.021216172725, -0.0144686298445, 0.0116798989475, -0.00969044491649, 0.00582243315876, -0.00218826648779], [0.00444909930229, -0.00599885685369, 0.00784710794687, -0.00577324489132, 0.00613166205585, -0.0106606204063, 0.0130020538345, -0.0144686298445, 0.0189149342477, -0.0133315389976, 0.00901917554438, -0.00506795197725, 0.0031931293197], [-0.00151517696213, 0.00240886281244, -0.00151148065925, 0.00452787056565, -0.00381691940129, 0.00734705850482, -0.0102011449635, 0.0116798989475, -0.0133315389976, 0.0236864369363, -0.0146160237491, 0.0106697352603, -0.00496102310717], [0.00072686834028, -0.00226670573466, 0.000823408947326, -0.00217530154623, 0.00423568068072, -0.00682929903269, 0.00685572065413, -0.00969044491649, 0.00901917554438, -0.0146160237491, 0.0282385423779, -0.0162787307054, 0.00918769277632], [-0.000985515187494, 0.00123570056166, -0.0011871131137, 0.000601196603384, -0.00298685301095, 0.00344235240482, -0.00443431828171, 0.00582243315876, -0.00506795197725, 0.0106697352603, -0.0162787307054, 0.0251098610461, -0.0108043262735], [0.000847603776492, -0.000841542845592, 0.00249501923099, -1.61014813784e-05, 0.00142767990474, -0.003273319453, 0.00172395235859, -0.00218826648779, 0.0031931293197, -0.00496102310717, 0.00918769277632, -0.0108043262735, 0.0155625231564]]
    },
    "spectral_contrast_coeffs": {
        "max": [-0.271297365427, -0.396547049284, -0.384859979153, -0.590250253677, -0.616714119911, -0.561848700047],
        "mean": [-0.603595674038, -0.714632332325, -0.709333479404, -0.759402811527, -0.758219778538, -0.779390871525],
        "min": [-0.877200245857, -0.91591745615, -0.9203171134, -0.906727671623, -0.891461133957, -0.884170770645],
        "stdev": [0.0977848693728, 0.0914288237691, 0.0918866842985, 0.0561095811427, 0.0475594848394, 0.0456405058503]
    },
    "spectral_contrast_valleys": {
        "max": [-5.72713756561, -4.77726554871, -5.90983772278, -6.36963367462, -6.55138683319, -11.2567634583],
        "mean": [-7.58786678314, -6.76945161819, -7.39912748337, -7.8676404953, -8.17882728577, -11.7242708206],
        "min": [-9.91046619415, -8.52174949646, -9.29320526123, -9.46401405334, -10.1864337921, -12.0656709671],
        "stdev": [0.715557157993, 0.621039569378, 0.580218672752, 0.544186353683, 0.496873646975, 0.11741476506]
    }
},
"rhythm": {
    "beats_count": 93,
    "beats_loudness": {
        "max": 0.0657706856728,
        "mean": 0.0298244152218,
        "min": 0.00174489815254,
        "stdev": 0.0147619051859
    },
    "bpm": 172.265548706,
    "bpm_histogram_first_peak_bpm": 172,
    "bpm_histogram_first_peak_weight": 0,
    "bpm_histogram_second_peak_bpm": 178,
    "bpm_histogram_second_peak_spread": 0,
    "bpm_histogram_second_peak_weight": 0.402173906565,
    "danceability": 1.31809568405,
    "onset_rate": 2.95312476158,
    "beats_loudness_band_ratio": {
        "max": [0.667375743389, 0.976404726505, 0.897679328918, 0.859273672104, 0.363288581371, 0.0478920526803],
        "mean": [0.0999815240502, 0.307334214449, 0.28995937109, 0.260181665421, 0.0762072876096, 0.0106325838715],
        "min": [0.00018946864293, 0.0184914488345, 0.00766103994101, 0.00225738412701, 0.0027808228042, 0.00044876508764],
        "stdev": [0.119805440307, 0.26435598731, 0.224798649549, 0.248969867826, 0.0669060125947, 0.0087117254734]
    },
