{
"metadata": {
    "version": {
        "essentia": "2.1-beta5",
        "essentia_git_sha": "Undefined",
        "extractor": "music 2.0"
    },
    "audio_properties": {
        "analysis": {
            "equal_loudness": 0,
            "length": 26.830657959,
            "sample_rate": 44100,
            "start_time": 158.998641968,
            "downmix": "mix"
        },
        "bit_rate": 192000,
        "length": 185.84815979,
        "lossless": 0,
        "number_channels": 2,
        "replay_gain": -4.47573471069,
        "sample_rate": 48000,
        "codec": "mp3",
        "md5_encoded": "d8d8c54e80ba2a0da43e047bc1c76f86"
    },
    "tags": {
        "file_name": "Greece_Krassi, Thalassa Ke T_agori Mou_Marinella.mp3",
        "encoding": ["Lavf58.29.100"]
    }
},
"lowlevel": {
    "average_loudness": 0.9851577878,
    "barkbands_crest": {
        "max": 25.1021194458,
        "mean": 7.97400522232,
        "min": 2.29709672928,
        "stdev": 3.58229494095
    },
    "barkbands_flatness_db": {
        "max": 0.322279989719,
        "mean": 0.169364452362,
        "min": 0.0991551876068,
        "stdev": 0.0253577996045
    },
    "barkbands_kurtosis": {
        "max": 29.8023986816,
        "mean": 0.176088005304,
        "min": -1.74303889275,
        "stdev": 1.91907644272
    },
    "barkbands_skewness": {
        "max": 4.74714231491,
        "mean": 0.371649950743,
        "min": -1.31004905701,
        "stdev": 0.657435595989
    },
    "barkbands_spread": {
        "max": 32.8492698669,
        "mean": 14.0352287292,
        "min": 1.87997305393,
        "stdev": 5.89414405823
    },
    "dissonance": {
        "max": 0.500000059605,
        "mean": 0.47536227107,
        "min": 0.347794532776,
        "stdev": 0.0213901884854
    },
    "dynamic_complexity": 0.845962882042,
    "erbbands_crest": {
        "max": 22.126707077,
        "mean": 8.59701633453,
        "min": 2.19099140167,
        "stdev": 3.28566551208
    },
    "erbbands_flatness_db": {
        "max": 0.382454663515,
        "mean": 0.24990285933,
        "min": 0.065775193274,
        "stdev": 0.0316120646894
    },
    "erbbands_kurtosis": {
        "max": 12.8835945129,
        "mean": -0.00475614983588,
        "min": -1.6456195116,
        "stdev": 1.16703116894
    },
    "erbbands_skewness": {
        "max": 3.45938801765,
        "mean": 0.0039183832705,
        "min": -2.05989289284,
        "stdev": 0.553885340691
    },
    "erbbands_spread": {
        "max": 53.5705795288,
        "mean": 19.7835063934,
        "min": 4.66015386581,
        "stdev": 9.1109418869
    },
    "hfc": {
        "max": 78.6744766235,
        "mean": 38.7661399841,
        "min": 0.000250045210123,
        "stdev": 11.4400348663
    },
    "loudness_ebu128": {
        "integrated": -17.7738437653,
        "loudness_range": 1.35005760193,
        "momentary": {
            "max": -16.5384101868,
            "mean": -17.824016571,
            "min": -20.0970554352,
            "stdev": 0.667911827564
        },
        "short_term": {
            "max": -16.9106349945,
            "mean": -17.8518352509,
            "min": -18.4371910095,
            "stdev": 0.430192559958
        }
    },
    "melbands_crest": {
        "max": 26.4136428833,
        "mean": 10.0159740448,
        "min": 3.49775838852,
        "stdev": 4.89787530899
    },
    "melbands_flatness_db": {
        "max": 0.332281768322,
        "mean": 0.174593642354,
        "min": 0.104923762381,
        "stdev": 0.027765840292
    },
    "melbands_kurtosis": {
        "max": 44.7583427429,
        "mean": 1.37705349922,
        "min": -1.48375368118,
        "stdev": 3.13883161545
    },
    "melbands_skewness": {
        "max": 5.42373180389,
        "mean": 0.792100608349,
        "min": -0.724647521973,
        "stdev": 0.776115834713
    },
    "melbands_spread": {
        "max": 56.0927391052,
        "mean": 24.6995849609,
        "min": 2.54609155655,
        "stdev": 9.22767925262
    },
    "pitch_salience": {
        "max": 0.899920642376,
        "mean": 0.643838584423,
        "min": 0.190143436193,
        "stdev": 0.116381779313
    },
    "silence_rate_20dB": {
        "max": 1,
        "mean": 1,
        "min": 1,
        "stdev": 0
    },
    "silence_rate_30dB": {
        "max": 1,
        "mean": 1,
        "min": 1,
        "stdev": 0
    },
    "silence_rate_60dB": {
        "max": 1,
        "mean": 0.0008643042529,
        "min": 0,
        "stdev": 0.0293863434345
    },
    "spectral_centroid": {
        "max": 2778.72827148,
        "mean": 1742.70349121,
        "min": 710.021057129,
        "stdev": 316.857788086
    },
    "spectral_complexity": {
        "max": 49,
        "mean": 32.2022476196,
        "min": 0,
        "stdev": 6.34819936752
    },
    "spectral_decrease": {
        "max": -5.13273505729e-13,
        "mean": -7.21328108355e-09,
        "min": -1.80716739351e-08,
        "stdev": 2.15769002665e-09
    },
    "spectral_energy": {
        "max": 0.0746672227979,
        "mean": 0.0307407993823,
        "min": 1.95989332497e-06,
        "stdev": 0.00886497925967
    },
    "spectral_energyband_high": {
        "max": 0.00132303708233,
        "mean": 0.000322411418892,
        "min": 7.97789123652e-09,
        "stdev": 0.000219608962652
    },
    "spectral_energyband_low": {
        "max": 0.0037099502515,
        "mean": 0.000129467662191,
        "min": 1.2278695749e-06,
        "stdev": 0.000195731219719
    },
    "spectral_energyband_middle_high": {
        "max": 0.0702871307731,
        "mean": 0.0189411025494,
        "min": 3.51439339852e-08,
        "stdev": 0.00917163491249
    },
    "spectral_energyband_middle_low": {
        "max": 0.0618215128779,
        "mean": 0.0116838635877,
        "min": 2.02247093739e-07,
        "stdev": 0.00861485023052
    },
    "spectral_entropy": {
        "max": 8.43595027924,
        "mean": 7.47000408173,
        "min": 6.55004644394,
        "stdev": 0.157443657517
    },
    "spectral_flux": {
        "max": 0.220919921994,
        "mean": 0.105102136731,
        "min": 0.0278517026454,
        "stdev": 0.0255084894598
    },
    "spectral_kurtosis": {
        "max": 23.4829387665,
        "mean": 9.1968536377,
        "min": 1.64229345322,
        "stdev": 3.48321509361
    },
    "spectral_rms": {
        "max": 0.00853499118239,
        "mean": 0.00541536975652,
        "min": 4.37274647993e-05,
        "stdev": 0.000815349339973
    },
    "spectral_rolloff": {
        "max": 3875.9765625,
        "mean": 2059.37060547,
        "min": 107.666015625,
        "stdev": 490.271240234
    },
    "spectral_skewness": {
        "max": 3.24892997742,
        "mean": 1.85499560833,
        "min": 0.814181983471,
        "stdev": 0.408409804106
    },
    "spectral_spread": {
        "max": 9532483,
        "mean": 2475636.5,
        "min": 1577334.875,
        "stdev": 458013.53125
    },
    "spectral_strongpeak": {
        "max": 10.2520179749,
        "mean": 2.21233558655,
        "min": 0,
        "stdev": 1.48864340782
    },
    "zerocrossingrate": {
        "max": 0.11328125,
        "mean": 0.0698060691357,
        "min": 0.00048828125,
        "stdev": 0.0125452838838
    },
    "barkbands": {
        "max": [0.00166617217474, 0.00166448834352, 0.000516797066666, 0.00303037278354, 0.0184971913695, 0.0274148881435, 0.0127300266176, 0.018196221441, 0.0603155344725, 0.0586562901735, 0.0282388739288, 0.0228900518268, 0.0230774674565, 0.0210525989532, 0.0140360007063, 0.00937314983457, 0.0121540296823, 0.0083496645093, 0.00428492808715, 0.00259118690155, 0.0010313357925, 9.69426619122e-05, 0.000144333738717, 7.20019088476e-05, 8.74542674865e-05, 1.35184827741e-05, 1.49476662159e-07],
        "mean": [2.67068276116e-06, 1.11018407551e-05, 4.05856044381e-05, 0.0002298077452, 0.00148069229908, 0.00256055220962, 0.00102334679104, 0.00124461716041, 0.00452906871215, 0.00280526163988, 0.00233469577506, 0.00224035372958, 0.00215586763807, 0.002681521466, 0.00200435239822, 0.00170738715678, 0.00144590076525, 0.00111747719347, 0.000557736551855, 0.000388161715819, 0.000130624626763, 1.14088961709e-05, 9.98602899926e-06, 1.34480433189e-05, 9.58724194788e-06, 4.59701095679e-06, 2.44999975862e-09],
        "min": [5.58908430648e-09, 8.56797441884e-08, 1.02860042261e-07, 5.80795926908e-08, 6.94827164693e-08, 3.16494102037e-08, 1.81181381009e-08, 1.15591518579e-08, 1.10748556992e-08, 7.32703364648e-09, 5.17372633624e-09, 5.03949326713e-09, 3.84528098252e-09, 3.34613137198e-09, 2.73613043333e-09, 2.46103959434e-09, 2.03503236484e-09, 1.85877591097e-09, 1.67005820284e-09, 1.49872425581e-09, 1.37702760306e-09, 1.17544085576e-09, 1.00632824296e-09, 9.48111145149e-10, 9.15313713712e-10, 8.98519258996e-10, 5.81440312564e-11],
        "stdev": [4.92258914164e-05, 5.05190218973e-05, 6.07283582212e-05, 0.00031712569762, 0.00284761353396, 0.00395606132224, 0.00127295788843, 0.00168863660656, 0.00647653313354, 0.00468653300777, 0.00320766004734, 0.00230760360137, 0.00224643363617, 0.00276158703491, 0.00211770483293, 0.00148262293078, 0.00137282453943, 0.00086157838814, 0.000408407038776, 0.00031076328014, 0.000143672295962, 8.76064768818e-06, 1.15239072329e-05, 9.00367558643e-06, 6.69419978294e-06, 1.64910397871e-06, 7.06668412676e-09]
    },
    "erbbands": {
        "max": [0.0532457493246, 0.373635649681, 0.522421300411, 4.18406009674, 16.356010437, 54.4590492249, 220.333770752, 303.0362854, 216.92578125, 279.518615723, 437.577209473, 1114.44067383, 1571.75012207, 1344.99084473, 977.558959961, 690.372436523, 919.757995605, 1194.49914551, 915.18371582, 676.429077148, 578.596862793, 776.270690918, 557.742004395, 283.262176514, 174.548675537, 137.162872314, 61.1116027832, 22.2999706268, 3.49873685837, 4.25889444351, 5.6436958313, 2.14906072617, 1.25698316097, 1.41947865486, 0.167711213231, 0.0919352397323, 0.0214288923889, 0.00170605175663, 4.8044254072e-05, 8.92175376066e-05],
        "mean": [0.000232336358749, 0.00342968688346, 0.0389373861253, 0.397876679897, 1.41523993015, 4.0477437973, 15.620762825, 23.7384719849, 19.6672668457, 16.445148468, 36.6588287354, 83.641784668, 110.058959961, 89.5217666626, 100.129295349, 83.6543960571, 95.5422668457, 128.113540649, 123.393974304, 94.5888900757, 92.8444519043, 88.7565002441, 69.1241149902, 38.8506317139, 26.2260475159, 15.9831981659, 8.41829395294, 2.86067771912, 0.595476567745, 0.172083228827, 0.3381729424, 0.297340363264, 0.220699504018, 0.12700740993, 0.0536786280572, 0.0299193374813, 0.00648544589058, 0.000242499925662, 2.5255509172e-05, 3.89954875573e-05],
        "min": [5.31067780685e-06, 8.93838296179e-05, 0.000135561989737, 0.000176678571734, 0.000210068086744, 0.000226830612519, 0.000251767021837, 0.000251708814176, 0.000263187801465, 0.000259308115346, 0.000257267238339, 0.000249439763138, 0.000238798340433, 0.000227900236496, 0.000211103266338, 0.000198834954062, 0.000185545213753, 0.000172829124494, 0.00015563328634, 0.000142360266182, 0.000129563399241, 0.00011655666458, 0.000103166945337, 9.03797044884e-05, 8.0786892795e-05, 7.10785898264e-05, 5.98136975896e-05, 5.14797975484e-05, 4.30263316957e-05, 3.5202694562e-05, 2.75771471934e-05, 2.08536930586e-05, 1.53214750753e-05, 1.05133040051e-05, 6.36625782136e-06, 3.61202137356e-06, 1.63459742453e-06, 5.71718715037e-07, 1.36186798727e-07, 1.61436108925e-08],
        "stdev": [0.00160850083921, 0.0116041982546, 0.0536440387368, 0.520734727383, 1.88221132755, 7.34415626526, 31.5834102631, 40.6818351746, 24.5347690582, 20.3329944611, 45.4647254944, 118.554573059, 134.939102173, 108.925270081, 118.178817749, 80.0196533203, 92.9752731323, 133.445983887, 124.412132263, 93.3413772583, 78.1913909912, 84.3390579224, 53.9361457825, 28.8559379578, 18.0769290924, 11.5691308975, 7.9716334343, 2.79751420021, 0.474009782076, 0.159257799387, 0.423132687807, 0.218353137374, 0.153192147613, 0.110502794385, 0.020607708022, 0.0109351715073, 0.00318947946653, 0.000217475389945, 5.84726285524e-06, 1.05089957287e-05]
    },
    "gfcc": {
        "mean": [0.648923277855, 81.0790100098, -202.192901611, -15.1271877289, -64.3260803223, -12.8795614243, -52.5661125183, 10.2332706451, -40.3721351624, -2.86058735847, -15.9940853119, -8.81681632996, -3.37492442131],
        "cov": [[532.58770752, 116.46685791, 28.1015834808, 90.2167053223, -78.3693237305, -87.8948059082, -18.4346504211, -27.5434494019, -58.0321350098, -32.7970428467, -26.1183643341, -70.2123947144, -23.8593082428], [116.46685791, 223.794967651, 196.240097046, 77.7576217651, -50.7601013184, -79.8339080811, -19.4824886322, -16.8895053864, -66.7453155518, -60.0932312012, -28.4209289551, -44.7155990601, -16.5088787079], [28.1015834808, 196.240097046, 386.436950684, 197.486099243, -99.9638824463, -104.532035828, -70.2769393921, -5.64090967178, -94.4459457397, -83.3928909302, -32.4227333069, -13.4636564255, -19.132194519], [90.2167053223, 77.7576217651, 197.486099243, 248.80279541, -47.7842979431, -78.5247344971, -34.5697822571, -8.18831062317, -53.216960907, -31.8985729218, -15.0736846924, -20.7332553864, -3.04523062706], [-78.3693237305, -50.7601013184, -99.9638824463, -47.7842979431, 108.137733459, 75.1749801636, 28.7120285034, 5.55048322678, 32.2644004822, 32.9948120117, -0.50131636858, 8.55652046204, -3.96092391014], [-87.8948059082, -79.8339080811, -104.532035828, -78.5247344971, 75.1749801636, 170.935241699, 65.8648910522, 0.445663392544, 43.9817352295, 27.6371459961, 4.55247354507, -4.96481084824, -3.39072275162], [-18.4346504211, -19.4824886322, -70.2769393921, -34.5697822571, 28.7120285034, 65.8648910522, 107.742218018, 20.70170784, 12.217918396, 14.6343803406, -3.31591963768, -25.4813079834, -3.08522582054], [-27.5434494019, -16.8895053864, -5.64090967178, -8.18831062317, 5.55048322678, 0.445663392544, 20.70170784, 56.3266029358, 25.6392707825, -6.10962486267, -9.30945110321, 1.29172646999, -3.70966863632], [-58.0321350098, -66.7453155518, -94.4459457397, -53.216960907, 32.2644004822, 43.9817352295, 12.217918396, 25.6392707825, 86.1410598755, 41.6350097656, 3.32399010658, 8.69884395599, 4.33039236069], [-32.7970428467, -60.0932312012, -83.3928909302, -31.8985729218, 32.9948120117, 27.6371459961, 14.6343803406, -6.10962486267, 41.6350097656, 76.1086349487, 30.8206195831, 13.4346084595, 9.13611984253], [-26.1183643341, -28.4209289551, -32.4227333069, -15.0736846924, -0.50131636858, 4.55247354507, -3.31591963768, -9.30945110321, 3.32399010658, 30.8206195831, 61.1995506287, 38.7700233459, 18.7010726929], [-70.2123947144, -44.7155990601, -13.4636564255, -20.7332553864, 8.55652046204, -4.96481084824, -25.4813079834, 1.29172646999, 8.69884395599, 13.4346084595, 38.7700233459, 77.398979187, 32.1380805969], [-23.8593082428, -16.5088787079, -19.132194519, -3.04523062706, -3.96092391014, -3.39072275162, -3.08522582054, -3.70966863632, 4.33039236069, 9.13611984253, 18.7010726929, 32.1380805969, 48.3813819885]],
        "icov": [[0.00381243950687, -0.0044751255773, 0.00542400637642, -0.0031351975631, 0.00502015650272, -0.00197134539485, 0.00242205895483, -0.00202605896629, 0.00361433741637, -0.00252867746167, 0.0027797492221, -0.00126933318097, 0.00249529490247], [-0.0044751255773, 0.0218894612044, -0.0180067550391, 0.009247594513, -0.0146529925987, 0.0119235897437, -0.0086011281237, 0.0111561520025, -0.00939368829131, 0.0122325252742, -0.0117323230952, 0.0157258622348, -0.00871373806149], [0.00542400637642, -0.0180067550391, 0.0235430002213, -0.012716264464, 0.0178937520832, -0.011559151113, 0.0104547599331, -0.0119549119845, 0.0140716945753, -0.00969776790589, 0.0133259110153, -0.0149199226871, 0.0107766306028], [-0.0031351975631, 0.009247594513, -0.012716264464, 0.0122262099758, -0.00927885342389, 0.00712350476533, -0.00425864011049, 0.00504881376401, -0.00483465474099, 0.00429807184264, -0.00669298972934, 0.00959902442992, -0.00696265650913], [0.00502015650272, -0.0146529925987, 0.0178937520832, -0.00927885342389, 0.0306314453483, -0.0154148014262, 0.00780490739271, -0.0107234017923, 0.012632152997, -0.0160663872957, 0.0173985958099, -0.0170681420714, 0.0115865189582], [-0.00197134539485, 0.0119235897437, -0.011559151113, 0.00712350476533, -0.0154148014262, 0.0200831852853, -0.0123679190874, 0.0135011998937, -0.0132393715903, 0.0118597457185, -0.0101846987382, 0.0100674545392, -0.00443944521248], [0.00242205895483, -0.0086011281237, 0.0104547599331, -0.00425864011049, 0.00780490739271, -0.0123679190874, 0.0227752234787, -0.0165744312108, 0.0133858313784, -0.0100750969723, 0.00422592647374, 0.00231191632338, -0.000385300605558], [-0.00202605896629, 0.0111561520025, -0.0119549119845, 0.00504881376401, -0.0107234017923, 0.0135011998937, -0.0165744312108, 0.038011431694, -0.0230804644525, 0.0176338814199, -0.00615346804261, 0.00256706401706, -0.000266990129603], [0.00361433741637, -0.00939368829131, 0.0140716945753, -0.00483465474099, 0.012632152997, -0.0132393715903, 0.0133858313784, -0.0230804644525, 0.0374852381647, -0.0233008507639, 0.015282410197, -0.00760999927297, 0.00322033721022], [-0.00252867746167, 0.0122325252742, -0.00969776790589, 0.00429807184264, -0.0160663872957, 0.0118597457185, -0.0100750969723, 0.0176338814199, -0.0233008507639, 0.0395400822163, -0.023574359715, 0.012910105288, -0.00525640649721], [0.0027797492221, -0.0117323230952, 0.0133259110153, -0.00669298972934, 0.0173985958099, -0.0101846987382, 0.00422592647374, -0.00615346804261, 0.015282410197, -0.023574359715, 0.0439046956599, -0.0273371580988, 0.00699643976986], [-0.00126933318097, 0.0157258622348, -0.0149199226871, 0.00959902442992, -0.0170681420714, 0.0100674545392, 0.00231191632338, 0.00256706401706, -0.00760999927297, 0.012910105288, -0.0273371580988, 0.0457147061825, -0.0224599894136], [0.00249529490247, -0.00871373806149, 0.0107766306028, -0.00696265650913, 0.0115865189582, -0.00443944521248, -0.000385300605558, -0.000266990129603, 0.00322033721022, -0.00525640649721, 0.00699643976986, -0.0224599894136, 0.0362614430487]]
    },
    "melbands": {
        "max": [0.000629766203929, 0.000382951635402, 0.0010731483344, 0.00179310515523, 0.00678098713979, 0.00627213483676, 0.00291116302833, 0.00275826384313, 0.00516233919188, 0.00855719856918, 0.00759761175141, 0.00683798501268, 0.00404254393652, 0.00308101950213, 0.00167223531753, 0.0030756094493, 0.00217646290548, 0.00186579220463, 0.00128369790036, 0.000875104335137, 0.000732176238671, 0.000740547548048, 0.000448210746981, 0.000501752016135, 0.000271889701253, 0.000108848827949, 0.000171930660144, 8.67770795594e-05, 5.16655236424e-05, 1.51398689923e-05, 1.04780538095e-05, 2.35106926993e-06, 1.97411600311e-06, 2.41545035351e-06, 3.92838501284e-06, 3.21060019814e-06, 1.16140290629e-06, 8.27671158277e-07, 1.75107959421e-06, 1.08059305148e-06],
        "mean": [2.62742810264e-06, 1.72986019606e-05, 0.000101826881291, 0.000170546889422, 0.000494499632623, 0.000513098726515, 0.000284549372736, 0.000199319663807, 0.000330470764311, 0.000600504514296, 0.000565246737096, 0.000371487782104, 0.00031793420203, 0.000272792996839, 0.000203108618734, 0.000234776947764, 0.000233263941482, 0.000205187126994, 0.000155056128278, 0.000115848466521, 0.000100047123851, 9.46799191297e-05, 6.38374694972e-05, 5.65686277696e-05, 2.90018870146e-05, 1.84933996934e-05, 1.83841329999e-05, 8.82954100234e-06, 6.55508893033e-06, 2.5354461286e-06, 1.19589765291e-06, 3.38355420126e-07, 1.17902928309e-07, 7.91905847564e-08, 1.93353557165e-07, 2.0175097859e-07, 1.74433466782e-07, 1.54731779389e-07, 1.44236096844e-07, 9.28010379653e-08],
        "min": [8.46129069032e-08, 8.33802005218e-08, 3.13513375261e-08, 1.57160133796e-08, 9.04603680851e-09, 5.74272140952e-09, 3.98851218719e-09, 2.77755130007e-09, 2.05519978813e-09, 1.54355228599e-09, 1.17920240239e-09, 9.24238907629e-10, 7.15036585497e-10, 5.72060454562e-10, 4.6327577885e-10, 3.84367176975e-10, 3.09214015504e-10, 2.52344173335e-10, 2.09501027637e-10, 1.73600786524e-10, 1.45781414718e-10, 1.22350546361e-10, 1.02588930406e-10, 8.53277448698e-11, 7.17046907961e-11, 6.173880851e-11, 5.33353222698e-11, 4.57527418729e-11, 3.82637567464e-11, 3.2935515426e-11, 2.85537201522e-11, 2.46838903484e-11, 2.16060346697e-11, 1.8726598397e-11, 1.62376674606e-11, 1.39697272847e-11, 1.22486977158e-11, 1.09419235825e-11, 9.53128461573e-12, 8.67665401333e-12],
        "stdev": [1.88163357961e-05, 2.39174623857e-05, 0.000127615887322, 0.000233770915656, 0.000995044363663, 0.000843363930471, 0.000349217560142, 0.000266549643129, 0.000468590733362, 0.000883754401002, 0.000719739997294, 0.000523265625816, 0.000424007565016, 0.000308891088935, 0.000219810302951, 0.000266634539003, 0.000253597740084, 0.000234056191402, 0.000169776176335, 0.000113409223559, 9.37896111282e-05, 9.83509671642e-05, 5.44519425603e-05, 4.42617056251e-05, 2.65046310233e-05, 1.19888782137e-05, 1.78918871825e-05, 7.10719768904e-06, 6.93603215041e-06, 2.18017635234e-06, 1.28265548938e-06, 2.84789223315e-07, 1.01180511081e-07, 8.97325733717e-08, 2.70360203558e-07, 2.04421937156e-07, 1.23808959529e-07, 1.10066373793e-07, 1.34005688324e-07, 7.87778873246e-08]
    },
    "melbands128": {
        "max": [0.00100637658034, 0.000434148591012, 0.000685760751367, 0.000604398548603, 0.000230468052905, 0.000323674525134, 0.000830564298667, 0.00198519043624, 0.00232488242909, 0.00130665348843, 0.00326095847413, 0.00850005540997, 0.0108392573893, 0.0092457588762, 0.00832867063582, 0.0126519594342, 0.00522056454793, 0.00378234870732, 0.00390742532909, 0.00403736764565, 0.00517635699362, 0.00565494503826, 0.00536043057218, 0.0163648761809, 0.00920532923192, 0.0192990601063, 0.019820054993, 0.00687162112445, 0.0191195998341, 0.0145068289712, 0.00355938193388, 0.00695094838738, 0.0068110586144, 0.00650694454089, 0.00685174856335, 0.00451006740332, 0.00170840194914, 0.00372774223797, 0.00216799532063, 0.0025455551222, 0.00582793354988, 0.00378359900787, 0.00470565492287, 0.00251670717262, 0.00446951249614, 0.00325744296424, 0.00196527107619, 0.00262716482393, 0.00136731739622, 0.00151166657452, 0.000830364355352, 0.000944750558119, 0.00179336930159, 0.000760102120694, 0.000638583791442, 0.00127342320047, 0.00217753625475, 0.000956935109571, 0.000538748921826, 0.00144696270581, 0.000694242480677, 0.000393679772969, 0.000584441353567, 0.000290182768367, 0.000327963440213, 0.000106124913145, 0.000173450665898, 0.000438785151346, 0.000223706694669, 0.000178944057552, 0.000119332682516, 9.28280132939e-05, 4.79575828649e-05, 0.000123970225104, 2.92170898319e-05, 2.01718739845e-05, 3.36597113346e-05, 2.32897582464e-05, 2.14381652768e-05, 5.71475129618e-06, 4.72003421237e-06, 3.05178696181e-06, 1.49264212723e-06, 1.27310431708e-06, 3.72721342501e-06, 2.25934923037e-06, 2.8792867397e-06, 2.19329899664e-06, 5.96331483393e-06, 5.00125588587e-06, 3.42385874319e-06, 4.68044254376e-06, 1.72576062596e-06, 1.3899757505e-06, 1.1684267065e-06, 1.39021960877e-06, 1.18809896321e-06, 1.4929645431e-06, 1.65462074619e-06, 3.19937748827e-06, 1.41636837725e-06, 1.01718217138e-06, 4.00335466111e-07, 2.09524031902e-07, 2.41282776869e-07, 2.26450140417e-07, 2.58417003351e-07, 2.42143244122e-07, 1.95452741991e-07, 2.39318950435e-07, 1.73482419541e-07, 1.21727282476e-07, 9.77104264166e-08, 9.38709376896e-08, 5.79839145587e-08, 1.02830570725e-08, 6.36513508567e-09, 7.19232562396e-10, 7.17747805634e-10, 9.73008895677e-10, 1.07800623983e-09, 9.67649627093e-10, 3.59107021897e-10, 3.46140754948e-10, 3.3588373749e-10, 3.26230598091e-10, 3.19400672577e-10, 3.161730322e-10],
        "mean": [1.74228080141e-06, 1.67853079347e-06, 2.26962629313e-06, 5.72020962863e-06, 1.18155303426e-05, 2.29288980336e-05, 6.30441063549e-05, 0.000137371287565, 0.000149844679981, 0.000106037921796, 0.000165763238329, 0.000540190958418, 0.000629298447166, 0.000361312937457, 0.000542424793821, 0.000638455152512, 0.000354999821866, 0.000249004573561, 0.000144644145621, 0.000141689699376, 0.000260232540313, 0.000275916361716, 0.000295996112982, 0.000474951200886, 0.000370085355826, 0.000777820125222, 0.000864704838023, 0.000352205737727, 0.000570194853935, 0.000400035001803, 0.000285208778223, 0.000350421119947, 0.00025494088186, 0.000381285004551, 0.000338750018273, 0.000233308863244, 0.000148351537064, 0.000265968410531, 0.000174176384462, 0.000172895204742, 0.000276498380117, 0.00027262486401, 0.000242233509198, 0.000187339697732, 0.000257920270087, 0.000205602671485, 0.00014639395522, 0.000195890926989, 0.000138217190397, 8.64698013174e-05, 0.000124448604765, 0.000126234939671, 0.000131805645651, 7.1339061833e-05, 6.60791265545e-05, 0.000118474119517, 0.000101214689494, 5.53515237698e-05, 4.81691677123e-05, 8.17814070615e-05, 5.99643899477e-05, 3.78333570552e-05, 3.52605893568e-05, 2.27092950809e-05, 2.60667820839e-05, 1.53815199155e-05, 1.48123335748e-05, 2.55730319623e-05, 1.84464606718e-05, 1.02436506495e-05, 7.4299773587e-06, 1.03226475403e-05, 6.83770213072e-06, 7.6482174336e-06, 3.01262002722e-06, 2.39457381213e-06, 2.54598876381e-06, 1.91597928278e-06, 9.83938662102e-07, 4.57927455955e-07, 3.78262001277e-07, 2.97587519071e-07, 1.85307754919e-07, 9.59590735761e-08, 6.32392698208e-08, 6.02202305799e-08, 7.70933397121e-08, 1.27872255007e-07, 2.22695888397e-07, 2.18623497972e-07, 2.10305870496e-07, 1.99439227799e-07, 1.82429147344e-07, 1.80008427719e-07, 1.70372615571e-07, 1.43110042927e-07, 1.62775265267e-07, 1.53376504386e-07, 1.32040170797e-07, 1.65658804008e-07, 1.04895484299e-07, 8.32721340771e-08, 6.83772469756e-08, 6.04187704312e-08, 5.62207276289e-08, 5.69968037212e-08, 5.65560753785e-08, 5.41141282895e-08, 5.34166169075e-08, 5.25579899602e-08, 4.76243258163e-08, 2.60475001568e-08, 1.73285688021e-08, 6.42765707326e-09, 2.74316103166e-09, 3.42775308138e-10, 5.83542519861e-11, 6.36374199864e-12, 5.83808782567e-12, 5.93306653807e-12, 5.900615066e-12, 5.70005457765e-12, 4.83496836318e-12, 4.47167173082e-12, 4.31712218057e-12, 4.11446354417e-12, 3.99638351925e-12, 3.9618417054e-12],
        "min": [2.00073690948e-09, 1.17784342279e-08, 9.03435992683e-09, 2.38901218808e-08, 1.50791592546e-08, 5.19737284321e-08, 3.68512829141e-08, 2.65293778057e-08, 2.07111447992e-08, 1.61979727409e-08, 1.19021494882e-08, 9.92450566173e-09, 9.01433239164e-09, 6.95973279008e-09, 5.5236935026e-09, 5.39048272685e-09, 4.52525172889e-09, 3.677917082e-09, 3.44709905065e-09, 2.82767054216e-09, 2.51378784455e-09, 2.38099628902e-09, 1.93563298723e-09, 1.85586812584e-09, 1.5885004423e-09, 1.47341450152e-09, 1.30175081825e-09, 1.16017229157e-09, 1.08257147691e-09, 9.37017130553e-10, 9.09754271916e-10, 7.90157272945e-10, 7.09520997511e-10, 6.59823917726e-10, 6.1501764792e-10, 5.42338118859e-10, 5.0631188131e-10, 5.02580310702e-10, 3.88589327383e-10, 4.13094336515e-10, 3.93757665362e-10, 3.17517484527e-10, 3.45051459627e-10, 2.71796612994e-10, 2.80570233713e-10, 2.47713682899e-10, 2.19192330952e-10, 2.28570815053e-10, 1.85690046672e-10, 1.97004260127e-10, 1.68835889713e-10, 1.5635796824e-10, 1.53650564494e-10, 1.44210907105e-10, 1.25740015622e-10, 1.23287838272e-10, 1.16346057788e-10, 1.04110754739e-10, 1.00472186126e-10, 9.24302231975e-11, 8.51713075067e-11, 8.0175296957e-11, 7.42335082293e-11, 7.04648839278e-11, 6.58328044856e-11, 6.24922821824e-11, 5.89644236215e-11, 5.50487433415e-11, 5.31989244323e-11, 4.8795106844e-11, 4.71247520173e-11, 4.33520615239e-11, 4.05542162352e-11, 3.79850005616e-11, 3.49529849508e-11, 3.25537583001e-11, 3.30373159385e-11, 3.06624517443e-11, 2.81261593876e-11, 2.61171691912e-11, 2.5204515558e-11, 2.43962280932e-11, 2.28779512695e-11, 2.15625121924e-11, 2.00187314642e-11, 1.436412881e-11, 1.78351517582e-11, 1.7833515914e-11, 1.63034377665e-11, 1.4996608122e-11, 1.44695254042e-11, 1.38564038715e-11, 1.28650206807e-11, 1.24304152041e-11, 1.1635856341e-11, 1.13918926375e-11, 1.09346993266e-11, 1.02032332236e-11, 9.54321430907e-12, 9.15037923904e-12, 8.97097153507e-12, 8.71842528727e-12, 8.28766829469e-12, 7.38026133262e-12, 6.9029478314e-12, 7.08789494111e-12, 6.51527746684e-12, 6.50163430038e-12, 6.5240625402e-12, 5.92303940269e-12, 5.36795261019e-12, 5.50020922904e-12, 9.22679033871e-13, 2.30541090775e-13, 2.10677097512e-13, 1.88755884837e-13, 2.29418589161e-13, 1.75747911775e-13, 2.07655819081e-13, 1.78364172932e-13, 1.67621640309e-13, 1.67899616194e-13, 1.4183080166e-13, 1.54423443976e-13, 1.45867340559e-13, 4.08615165087e-14, 6.18680022103e-15, 1.93957045334e-16],
        "stdev": [2.98679933621e-05, 1.32882578328e-05, 2.03921626962e-05, 1.91689669009e-05, 2.23519728024e-05, 3.46472370438e-05, 9.98029281618e-05, 0.000198432520847, 0.000236247316934, 0.000153435554239, 0.000319541490171, 0.00130544509739, 0.00147930253297, 0.000865438894834, 0.00103168352507, 0.00146225118078, 0.000552755664103, 0.000375685282052, 0.000220425950829, 0.000234479040955, 0.000438180781202, 0.000524238741491, 0.000491668411996, 0.00110468140338, 0.000726885278709, 0.00163491698913, 0.00171748897992, 0.0004864691291, 0.00138086208608, 0.000918677716982, 0.000382893602364, 0.000707407714799, 0.000563237583265, 0.000636919518001, 0.000509712728672, 0.000392267189454, 0.000220820758841, 0.000364367908332, 0.000223936091061, 0.000256556260865, 0.000447566038929, 0.000399490469135, 0.000430717249401, 0.000261192355538, 0.000403655460104, 0.000299600942526, 0.000215312626096, 0.000257240899373, 0.000177676061867, 0.000156030786457, 0.000144224468386, 0.000130931817694, 0.000194947424461, 9.14586416911e-05, 8.11568315839e-05, 0.000162095093401, 0.000163052012795, 8.4818850155e-05, 5.67743518332e-05, 0.000120669355965, 6.52077651466e-05, 4.58345675725e-05, 5.24572751601e-05, 2.59887419816e-05, 3.08079324896e-05, 1.23995523609e-05, 1.39129106174e-05, 3.30903385475e-05, 2.12463419302e-05, 1.27169050756e-05, 8.26289124234e-06, 1.11729486889e-05, 6.49142475595e-06, 1.35253249027e-05, 2.85787359644e-06, 2.38947336584e-06, 3.90602372136e-06, 2.5504587029e-06, 1.64901132393e-06, 4.62499173182e-07, 4.06742600489e-07, 3.00313985235e-07, 1.74152404497e-07, 9.47222389414e-08, 1.19443157587e-07, 8.15498069073e-08, 1.03245547223e-07, 1.43423875443e-07, 3.58080939122e-07, 3.53389935981e-07, 2.70079397069e-07, 2.23133341137e-07, 1.58098174552e-07, 1.50638271634e-07, 1.29935457949e-07, 1.06501801156e-07, 1.50743986183e-07, 1.55962666781e-07, 1.20138210491e-07, 2.41859879679e-07, 1.02699381443e-07, 7.24430435639e-08, 3.87935159551e-08, 2.98642284235e-08, 2.72546554214e-08, 2.73105982274e-08, 2.84505343728e-08, 2.64431516683e-08, 2.47156393129e-08, 2.37812383119e-08, 2.16075299875e-08, 1.69679541528e-08, 1.57921906663e-08, 1.06159108171e-08, 6.51486153913e-09, 7.13470560409e-10, 2.18380605266e-10, 2.75570989638e-11, 2.60333612306e-11, 3.2179505588e-11, 3.47693991654e-11, 3.16693372915e-11, 1.36967121672e-11, 1.12935468269e-11, 1.09948621388e-11, 1.07210377728e-11, 1.05262083772e-11, 1.043061644e-11]
    },
    "mfcc": {
        "mean": [-621.932617188, 126.098518372, -82.7051086426, -9.22142410278, -12.7206201553, -30.2364387512, -2.26004171371, -14.581700325, -8.82924938202, -4.89459896088, -15.8697891235, -2.62165307999, -13.7566900253],
        "cov": [[575.959472656, 30.5489826202, -27.3306026459, 66.4639282227, -50.9448890686, -37.6678161621, 5.69718360901, -59.8774681091, -0.720894038677, 8.4434928894, -24.5353317261, 27.1838264465, -49.6725158691], [30.5489826202, 193.803192139, 84.9801483154, 25.7542247772, -11.6620092392, -41.2296562195, 8.98285484314, -1.68814063072, -26.3342132568, -6.72270107269, -18.7302684784, -44.0967063904, -32.0390701294], [-27.3306026459, 84.9801483154, 483.156188965, 259.241455078, 11.8761930466, -90.9014968872, 0.928854227066, -0.00145365041681, -65.6194610596, -54.3158378601, -47.9670295715, -78.0960922241, -67.4159927368], [66.4639282227, 25.7542247772, 259.241455078, 298.883117676, 11.298210144, -88.2789840698, 3.00950908661, -32.2186737061, -27.9183692932, -56.2553939819, -31.3183727264, -11.8234233856, -50.9295463562], [-50.9448890686, -11.6620092392, 11.8761930466, 11.298210144, 77.402557373, 21.0026416779, -22.4519786835, 9.7788105011, -4.20264101028, -5.20600175858, -0.842405080795, -7.30725717545, 15.4036989212], [-37.6678161621, -41.2296562195, -90.9014968872, -88.2789840698, 21.0026416779, 125.966194153, 37.0545196533, 5.88386726379, 29.0296440125, 31.4666862488, 19.3809146881, 13.1981048584, 19.9975128174], [5.69718360901, 8.98285484314, 0.928854227066, 3.00950908661, -22.4519786835, 37.0545196533, 94.4914703369, 13.9057655334, 2.49336600304, 11.7498254776, -2.02803277969, -0.306866645813, -17.8610153198], [-59.8774681091, -1.68814063072, -0.00145365041681, -32.2186737061, 9.7788105011, 5.88386726379, 13.9057655334, 74.2593307495, 16.4885559082, 9.46162700653, 2.5810406208, -22.2304496765, 9.03849697113], [-0.720894038677, -26.3342132568, -65.6194610596, -27.9183692932, -4.20264101028, 29.0296440125, 2.49336600304, 16.4885559082, 74.2022705078, 38.5858345032, 16.9638252258, 14.0785045624, 0.973650753498], [8.4434928894, -6.72270107269, -54.3158378601, -56.2553939819, -5.20600175858, 31.4666862488, 11.7498254776, 9.46162700653, 38.5858345032, 71.9623718262, 29.7111129761, 2.19273519516, -1.0415545702], [-24.5353317261, -18.7302684784, -47.9670295715, -31.3183727264, -0.842405080795, 19.3809146881, -2.02803277969, 2.5810406208, 16.9638252258, 29.7111129761, 53.8306083679, 16.9887199402, 4.34412240982], [27.1838264465, -44.0967063904, -78.0960922241, -11.8234233856, -7.30725717545, 13.1981048584, -0.306866645813, -22.2304496765, 14.0785045624, 2.19273519516, 16.9887199402, 75.8731765747, 21.1934051514], [-49.6725158691, -32.0390701294, -67.4159927368, -50.9295463562, 15.4036989212, 19.9975128174, -17.8610153198, 9.03849697113, 0.973650753498, -1.0415545702, 4.34412240982, 21.1934051514, 70.1366882324]],
        "icov": [[0.00239902548492, -0.000328164605889, 0.000977959018201, -0.0012407747563, 0.00135161483195, -0.000301089923596, 0.000842171255499, 0.000528369331732, 0.00101207755506, -0.00190835283138, 0.00217409385368, -0.000973994319793, 0.00164082075935], [-0.000328164605889, 0.00692980689928, -0.000839527521748, 0.00147812091745, -0.000594117678702, 0.00262711872347, -0.00183149194345, 0.00145026599057, 0.000468193989946, -0.000320684019243, 0.000283583154669, 0.00299599999562, 0.0009935493581], [0.000977959018201, -0.000839527521748, 0.00633933302015, -0.00590740377083, 0.00182769598905, -0.00180144864134, 0.00233452790417, -0.00260198675096, 0.00475761899725, -0.00266824825667, 0.00223595043644, 0.00260296696797, 0.0021242373623], [-0.0012407747563, 0.00147812091745, -0.00590740377083, 0.0121345268562, -0.00625195261091, 0.00735121592879, -0.00624625058845, 0.00599407218397, -0.007197690662, 0.00687688309699, -0.00263170944527, -0.00149413989857, 0.000660169753246], [0.00135161483195, -0.000594117678702, 0.00182769598905, -0.00625195261091, 0.0212445165962, -0.0100603662431, 0.0101494975388, -0.0062540625222, 0.00609234767035, -0.00301025924273, 0.0026293634437, 0.000734254659619, -0.00101794104557], [-0.000301089923596, 0.00262711872347, -0.00180144864134, 0.00735121592879, -0.0100603662431, 0.0197352617979, -0.0124094765633, 0.007670187857, -0.00799977220595, 0.00197810702957, -0.00354106514715, 0.00182539457455, -0.00316459406167], [0.000842171255499, -0.00183149194345, 0.00233452790417, -0.00624625058845, 0.0101494975388, -0.0124094765633, 0.0213573761284, -0.00961657427251, 0.0084655219689, -0.00605047587305, 0.0054823406972, -0.00385135738179, 0.00607221387327], [0.000528369331732, 0.00145026599057, -0.00260198675096, 0.00599407218397, -0.0062540625222, 0.007670187857, -0.00961657427251, 0.0235280711204, -0.0106705194339, 0.00433060247451, -0.00354735599831, 0.00798102747649, -0.00538568012416], [0.00101207755506, 0.000468193989946, 0.00475761899725, -0.007197690662, 0.00609234767035, -0.00799977220595, 0.0084655219689, -0.0106705194339, 0.0283090788871, -0.0151908844709, 0.00504941539839, -0.00484967511147, 0.00528506748378], [-0.00190835283138, -0.000320684019243, -0.00266824825667, 0.00687688309699, -0.00301025924273, 0.00197810702957, -0.00605047587305, 0.00433060247451, -0.0151908844709, 0.0305867195129, -0.0140817798674, 0.00479519553483, -0.000982599100098], [0.00217409385368, 0.000283583154669, 0.00223595043644, -0.00263170944527, 0.0026293634437, -0.00354106514715, 0.0054823406972, -0.00354735599831, 0.00504941539839, -0.0140817798674, 0.0299612376839, -0.00730036152527, 0.00426395842806], [-0.000973994319793, 0.00299599999562, 0.00260296696797, -0.00149413989857, 0.000734254659619, 0.00182539457455, -0.00385135738179, 0.00798102747649, -0.00484967511147, 0.00479519553483, -0.00730036152527, 0.0242352411151, -0.00732772704214], [0.00164082075935, 0.0009935493581, 0.0021242373623, 0.000660169753246, -0.00101794104557, -0.00316459406167, 0.00607221387327, -0.00538568012416, 0.00528506748378, -0.000982599100098, 0.00426395842806, -0.00732772704214, 0.0236234609038]]
    },
    "spectral_contrast_coeffs": {
        "max": [-0.338020563126, -0.490603744984, -0.50464618206, -0.610846221447, -0.621134579182, -0.698994100094],
        "mean": [-0.625365614891, -0.764428913593, -0.733611524105, -0.767134606838, -0.74912571907, -0.782777070999],
        "min": [-0.912060022354, -0.907430052757, -0.955502867699, -0.94879513979, -0.902096152306, -0.884682297707],
        "stdev": [0.0844718962908, 0.068960763514, 0.0654826238751, 0.0440337695181, 0.029215933755, 0.0302207991481]
    },
    "spectral_contrast_valleys": {
        "max": [-6.7239279747, -5.08012294769, -5.22680473328, -5.13484144211, -6.03063011169, -9.54853534698],
        "mean": [-8.32069396973, -6.18814277649, -6.34081983566, -6.47077894211, -6.88507652283, -10.5416507721],
        "min": [-14.5899219513, -16.3133640289, -15.7272109985, -14.9208755493, -16.111207962, -17.3696289062],
        "stdev": [0.641942441463, 0.546050906181, 0.595203399658, 0.616434633732, 0.418175935745, 0.294115930796]
    }
},
"rhythm": {
    "beats_count": 47,
    "beats_loudness": {
        "max": 0.0495618321002,
        "mean": 0.0333796851337,
        "min": 0.0123495580629,
        "stdev": 0.00784735009074
    },
    "bpm": 104.342010498,
    "bpm_histogram_first_peak_bpm": 103,
    "bpm_histogram_first_peak_weight": 0.5,
    "bpm_histogram_second_peak_bpm": 108,
    "bpm_histogram_second_peak_spread": 0.444444417953,
    "bpm_histogram_second_peak_weight": 0.108695648611,
    "danceability": 1.33425915241,
    "onset_rate": 1.11764025688,
    "beats_loudness_band_ratio": {
        "max": [0.0722584798932, 0.654816389084, 0.80461448431, 0.742143571377, 0.646707236767, 0.0804649963975],
        "mean": [0.0123870372772, 0.15077124536, 0.242517590523, 0.329937726259, 0.255953401327, 0.0326104946434],
        "min": [0.000290195137495, 0.00473838625476, 0.0319521911442, 0.0621747747064, 0.0321274362504, 0.00774288317189],
        "stdev": [0.0146495280787, 0.182971939445, 0.196636989713, 0.180263400078, 0.141116499901, 0.0196762476116]
    },
    "beats_position": [0.545668900013, 1.11455774307, 1.69505667686, 2.27555561066, 2.8444442749, 3.42494320869, 3.99383211136, 4.57433080673, 5.15482997894, 5.73532867432, 6.31582736969, 6.8963265419, 7.47682523727, 8.05732440948, 8.64943313599, 9.24154186249, 9.81043052673, 10.3909292221, 10.95981884, 11.5403175354, 12.1208162308, 12.7129249573, 13.3166437149, 13.8623123169, 14.3963718414, 14.9536504745, 15.5109291077, 16.0682086945, 16.6138763428, 17.1595458984, 17.7168254852, 18.2276649475, 18.7385025024, 19.2609519958, 19.7834014893, 20.3058490753, 20.8282985687, 21.339138031, 21.8615875244, 22.3608150482, 22.8716545105, 23.3824939728, 23.9513835907, 24.5202713013, 25.0891609192, 25.6580486298, 26.2153282166],
