{
"metadata": {
    "version": {
        "essentia": "2.1-beta5",
        "essentia_git_sha": "Undefined",
        "extractor": "music 2.0"
    },
    "audio_properties": {
        "analysis": {
            "equal_loudness": 0,
            "length": 24.0674610138,
            "sample_rate": 44100,
            "start_time": 158.998641968,
            "downmix": "mix"
        },
        "bit_rate": 192000,
        "length": 183.089355469,
        "lossless": 0,
        "number_channels": 2,
        "replay_gain": -6.38146209717,
        "sample_rate": 48000,
        "codec": "mp3",
        "md5_encoded": "59bd0cc7637ea5de653fe3803c0a7bb2"
    },
    "tags": {
        "file_name": "Ireland_Cross Your Heart_Tina.mp3",
        "encoding": ["Lavf58.29.100"]
    }
},
"lowlevel": {
    "average_loudness": 0.969127893448,
    "barkbands_crest": {
        "max": 16.6084957123,
        "mean": 6.76427078247,
        "min": 2.44591403008,
        "stdev": 2.52376842499
    },
    "barkbands_flatness_db": {
        "max": 0.330995619297,
        "mean": 0.258371412754,
        "min": 0.111685521901,
        "stdev": 0.0259461309761
    },
    "barkbands_kurtosis": {
        "max": 25.1170864105,
        "mean": 0.231446817517,
        "min": -1.46009075642,
        "stdev": 1.15084552765
    },
    "barkbands_skewness": {
        "max": 4.40913009644,
        "mean": -0.125901952386,
        "min": -1.39300477505,
        "stdev": 0.482233941555
    },
    "barkbands_spread": {
        "max": 39.668674469,
        "mean": 13.7655229568,
        "min": 5.70477771759,
        "stdev": 6.21164989471
    },
    "dissonance": {
        "max": 0.499999910593,
        "mean": 0.483592391014,
        "min": 0.392582446337,
        "stdev": 0.0172671694309
    },
    "dynamic_complexity": 1.90289151669,
    "erbbands_crest": {
        "max": 22.6383590698,
        "mean": 8.63887214661,
        "min": 3.23048210144,
        "stdev": 3.09761047363
    },
    "erbbands_flatness_db": {
        "max": 0.390874058008,
        "mean": 0.32988896966,
        "min": 0.0675458610058,
        "stdev": 0.0300511680543
    },
    "erbbands_kurtosis": {
        "max": 5.78030776978,
        "mean": 0.655163764954,
        "min": -1.47310292721,
        "stdev": 0.914470374584
    },
    "erbbands_skewness": {
        "max": 1.10920667648,
        "mean": -0.0420726016164,
        "min": -2.32891941071,
        "stdev": 0.356925189495
    },
    "erbbands_spread": {
        "max": 51.9440116882,
        "mean": 15.2042274475,
        "min": 6.21115684509,
        "stdev": 6.8987865448
    },
    "hfc": {
        "max": 115.23147583,
        "mean": 36.3254318237,
        "min": 4.69835470085e-07,
        "stdev": 17.727853775
    },
    "loudness_ebu128": {
        "integrated": -16.4961509705,
        "loudness_range": 2.05770778656,
        "momentary": {
            "max": -14.222117424,
            "mean": -16.8973770142,
            "min": -29.637544632,
            "stdev": 2.13962817192
        },
        "short_term": {
            "max": -15.5764341354,
            "mean": -16.6088829041,
            "min": -19.2407951355,
            "stdev": 0.834599018097
        }
    },
    "melbands_crest": {
        "max": 25.5215435028,
        "mean": 7.81511878967,
        "min": 3.14337801933,
        "stdev": 3.50394296646
    },
    "melbands_flatness_db": {
        "max": 0.428123086691,
        "mean": 0.284951001406,
        "min": 0.136174991727,
        "stdev": 0.0310571286827
    },
    "melbands_kurtosis": {
        "max": 35.4745903015,
        "mean": 0.428573817015,
        "min": -1.70333790779,
        "stdev": 1.81759917736
    },
    "melbands_skewness": {
        "max": 4.8276925087,
        "mean": 0.230916157365,
        "min": -0.995278418064,
        "stdev": 0.638734936714
    },
    "melbands_spread": {
        "max": 136.20072937,
        "mean": 28.468208313,
        "min": 6.26792430878,
        "stdev": 10.545372963
    },
    "pitch_salience": {
        "max": 0.877837955952,
        "mean": 0.700490176678,
        "min": 0.286873161793,
        "stdev": 0.113332770765
    },
    "silence_rate_20dB": {
        "max": 1,
        "mean": 1,
        "min": 1,
        "stdev": 0
    },
    "silence_rate_30dB": {
        "max": 1,
        "mean": 1,
        "min": 1,
        "stdev": 0
    },
    "silence_rate_60dB": {
        "max": 1,
        "mean": 0.0308285169303,
        "min": 0,
        "stdev": 0.172852277756
    },
    "spectral_centroid": {
        "max": 4045.30224609,
        "mean": 1987.65356445,
        "min": 710.448425293,
        "stdev": 342.938690186
    },
    "spectral_complexity": {
        "max": 58,
        "mean": 31.9181118011,
        "min": 0,
        "stdev": 9.87086105347
    },
    "spectral_decrease": {
        "max": -8.19241690376e-16,
        "mean": -5.52633316886e-09,
        "min": -1.45238310267e-08,
        "stdev": 2.48381715195e-09
    },
    "spectral_energy": {
        "max": 0.0652681291103,
        "mean": 0.0241525154561,
        "min": 3.13462567014e-09,
        "stdev": 0.0108618391678
    },
    "spectral_energyband_high": {
        "max": 0.00375087466091,
        "mean": 0.000537401763722,
        "min": 1.68528507122e-11,
        "stdev": 0.000404094869737
    },
    "spectral_energyband_low": {
        "max": 0.0109619647264,
        "mean": 0.000788042554632,
        "min": 1.93253280045e-09,
        "stdev": 0.00136747932993
    },
    "spectral_energyband_middle_high": {
        "max": 0.0561929270625,
        "mean": 0.019168259576,
        "min": 6.12083717044e-11,
        "stdev": 0.0100241051987
    },
    "spectral_energyband_middle_low": {
        "max": 0.0235057231039,
        "mean": 0.00394206354395,
        "min": 3.34059696572e-10,
        "stdev": 0.00308044976555
    },
    "spectral_entropy": {
        "max": 8.06042098999,
        "mean": 7.41150426865,
        "min": 6.63320207596,
        "stdev": 0.237982243299
    },
    "spectral_flux": {
        "max": 0.1683960706,
        "mean": 0.0956377983093,
        "min": 0.00222904793918,
        "stdev": 0.0265032872558
    },
    "spectral_kurtosis": {
        "max": 26.2402820587,
        "mean": 5.57488918304,
        "min": -0.824623823166,
        "stdev": 4.68778657913
    },
    "spectral_rms": {
        "max": 0.00797973852605,
        "mean": 0.00469612423331,
        "min": 1.74876277015e-06,
        "stdev": 0.00122873857617
    },
    "spectral_rolloff": {
        "max": 5297.16796875,
        "mean": 2147.26098633,
        "min": 129.19921875,
        "stdev": 461.007568359
    },
    "spectral_skewness": {
        "max": 3.90425109863,
        "mean": 0.934564530849,
        "min": -0.504460215569,
        "stdev": 0.454588025808
    },
    "spectral_spread": {
        "max": 8659759,
        "mean": 1859316,
        "min": 1301097,
        "stdev": 335867.96875
    },
    "spectral_strongpeak": {
        "max": 10.0910348892,
        "mean": 2.21984744072,
        "min": 0,
        "stdev": 1.70288515091
    },
    "zerocrossingrate": {
        "max": 0.1220703125,
        "mean": 0.0760876759887,
        "min": 0.00244140625,
        "stdev": 0.0134033411741
    },
    "barkbands": {
        "max": [5.24210154254e-05, 0.0031134467572, 0.00779484119266, 0.00336788920686, 0.00734185660258, 0.00854353513569, 0.0143603915349, 0.00364316999912, 0.0167547576129, 0.0167765170336, 0.023953191936, 0.0284411422908, 0.0138450842351, 0.0203800201416, 0.0232886206359, 0.0152448900044, 0.00810821168125, 0.00644018407911, 0.00614529242739, 0.00264594936743, 0.00201013521291, 0.000318317965139, 4.89791716518e-07, 5.3605492667e-07, 5.51020548301e-07, 5.5986845382e-07, 6.06681169302e-07],
        "mean": [1.87389071016e-06, 0.0002598153078, 0.000415683345636, 0.000250493496424, 0.000672347901855, 0.000676253519487, 0.000644893792924, 0.000388944055885, 0.000998706906103, 0.00148057530168, 0.00153146660887, 0.00343820243143, 0.00233955797739, 0.00317464140244, 0.00274044252001, 0.00189423246775, 0.00100041984115, 0.000741195399314, 0.00074369442882, 0.000446268299129, 0.000269383308478, 4.3401196308e-05, 2.02960470652e-09, 1.53306245476e-09, 1.45178880029e-09, 1.44249756584e-09, 1.33575528416e-09],
        "min": [1.5679486598e-09, 9.87951276343e-10, 1.67721836419e-10, 6.55150794726e-11, 1.01809817521e-10, 4.97920454867e-11, 4.44390461929e-11, 3.50685314121e-11, 3.52882792432e-11, 1.08560443621e-11, 1.02741894853e-11, 7.69622560126e-12, 4.66018890144e-12, 5.21511696674e-12, 8.07903050015e-12, 3.05898513984e-12, 2.95637407784e-12, 3.4352022095e-12, 3.89730001743e-12, 3.46851779069e-12, 2.14361861595e-12, 2.09366074824e-12, 2.36018431361e-12, 2.36324458266e-12, 2.08201945268e-12, 1.82483759006e-12, 2.26703985445e-12],
        "stdev": [3.19633545587e-06, 0.000495688524097, 0.000836551829707, 0.000413537403801, 0.00101530051325, 0.00098910543602, 0.00105886056554, 0.000433081324445, 0.00111715635285, 0.00178737891838, 0.00227454630658, 0.00418140040711, 0.00199224078096, 0.00313866790384, 0.00258310604841, 0.00175853015389, 0.000909642665647, 0.000624947191682, 0.000751539424527, 0.000347591703758, 0.000244412163738, 4.87160032208e-05, 1.74484213744e-08, 1.80066983546e-08, 1.80159425156e-08, 1.83310220336e-08, 1.88343953766e-08]
    },
    "erbbands": {
        "max": [0.0184726119041, 1.0248042345, 8.6625623703, 11.8470888138, 16.5171146393, 31.5702819824, 46.6020736694, 97.3842391968, 226.108520508, 74.4978942871, 103.028381348, 233.790481567, 565.387939453, 549.428344727, 1156.94604492, 1148.07226562, 695.156860352, 672.50402832, 1041.0447998, 901.712158203, 537.464294434, 268.935089111, 447.950134277, 381.235412598, 179.228775024, 115.282478333, 97.6472549438, 59.2829589844, 13.341835022, 0.46318680048, 0.0202441643924, 0.0115185622126, 0.0087891407311, 0.00616484787315, 0.00392251927406, 0.00221022567712, 0.0010417070007, 0.000374521536287, 8.76440972206e-05, 8.74638426467e-05],
        "mean": [0.00167995865922, 0.0813870951533, 0.469876408577, 0.646750867367, 1.51664161682, 2.33790230751, 3.11016535759, 6.67898797989, 9.88822174072, 7.61065483093, 10.3939113617, 19.1788578033, 41.2764663696, 53.2583999634, 82.9178237915, 132.072921753, 113.709342957, 130.736831665, 171.638305664, 130.812744141, 89.1309738159, 55.3695030212, 43.3027305603, 41.7692260742, 29.1371021271, 20.1178073883, 13.3875541687, 8.77873706818, 1.8750411272, 0.0590017028153, 0.00357408961281, 0.000584970926866, 0.000190917329746, 9.44086714298e-05, 5.64832298551e-05, 3.50974914909e-05, 1.92188581423e-05, 8.37448806124e-06, 1.5952042304e-05, 3.12442825816e-05],
        "min": [5.25749399571e-08, 1.4240994517e-07, 2.08931709267e-07, 2.23148916234e-07, 2.53526934557e-07, 3.6166255768e-07, 3.79394094807e-07, 4.15639277662e-07, 4.78453955566e-07, 7.26515395399e-07, 1.13257067369e-06, 6.90093315825e-07, 3.28321220877e-07, 3.84760966199e-07, 4.18210106545e-07, 2.94158581937e-07, 2.3868258836e-07, 2.3387455883e-07, 3.86323421253e-07, 3.18745350114e-07, 1.76739405333e-07, 1.61553174394e-07, 1.55753170361e-07, 2.39044453565e-07, 1.69897305113e-07, 1.68663959244e-07, 1.05344199142e-07, 7.27254345634e-08, 8.05370632406e-08, 5.70571039304e-08, 7.01371618561e-08, 7.63948833082e-08, 2.62836437059e-08, 1.74476539883e-08, 1.69306950681e-08, 5.39273736777e-09, 4.32133751005e-09, 1.54493784432e-09, 3.05516750787e-10, 3.47418621649e-11],
        "stdev": [0.00273207807913, 0.154761329293, 0.949698626995, 1.04735589027, 2.43780183792, 3.80002760887, 4.57823085785, 10.298781395, 17.2960987091, 8.29374027252, 11.0125236511, 20.177274704, 44.4450950623, 63.6555633545, 122.302139282, 146.59967041, 91.3765411377, 100.618217468, 146.488113403, 111.502296448, 75.2995986938, 45.2076797485, 36.5373764038, 41.2611923218, 23.9067268372, 15.2528963089, 11.5754060745, 7.5570602417, 1.88898468018, 0.0607035197318, 0.00306766340509, 0.000550344702788, 0.00030487231561, 0.000205140473554, 0.000128587780637, 7.32622502255e-05, 3.42377097695e-05, 1.22301753436e-05, 7.52370442569e-06, 1.40772690429e-05]
    },
    "gfcc": {
        "mean": [-75.5823059082, 161.617477417, -249.906326294, 11.5980033875, -21.8207092285, -46.0891189575, 10.6154670715, -34.3650436401, -18.0581741333, 2.42783761024, -17.9211807251, -8.16414451599, 1.78984677792],
        "cov": [[2235.64428711, -65.3387756348, -320.493743896, 78.3196868896, 16.1314792633, -54.0737571716, 75.1879043579, -63.2201423645, -26.6521854401, -3.60506558418, 5.37204027176, -28.4279785156, -33.3332672119], [-65.3387756348, 1107.33508301, 867.277526855, 315.998199463, 348.701446533, -48.0560874939, 54.2400512695, 36.0602340698, -228.727981567, -6.76708698273, 113.090049744, -110.993675232, -30.3863506317], [-320.493743896, 867.277526855, 843.094177246, 339.645904541, 275.804077148, 5.91443252563, 41.858669281, 55.0760917664, -183.11088562, -5.10595464706, 90.4387817383, -87.3157272339, -34.6005020142], [78.3196868896, 315.998199463, 339.645904541, 272.169250488, 112.543785095, 23.9831161499, 51.9159164429, 18.1495742798, -47.602180481, -7.34210968018, 21.0821723938, -30.482257843, -18.7552661896], [16.1314792633, 348.701446533, 275.804077148, 112.543785095, 207.110992432, 31.4480476379, 32.0569763184, 29.1284065247, -83.6266860962, 5.71586179733, 54.7056884766, -37.6792373657, -16.8921546936], [-54.0737571716, -48.0560874939, 5.91443252563, 23.9831161499, 31.4480476379, 81.0578842163, 38.1032066345, 13.1191043854, 21.1586513519, 5.14657115936, -1.21520423889, 14.0012903214, -3.77394914627], [75.1879043579, 54.2400512695, 41.858669281, 51.9159164429, 32.0569763184, 38.1032066345, 61.6225662231, 24.390417099, -1.94334185123, -1.85721945763, 6.81917238235, -4.95293426514, -5.46014451981], [-63.2201423645, 36.0602340698, 55.0760917664, 18.1495742798, 29.1284065247, 13.1191043854, 24.390417099, 59.2059936523, 10.2423753738, 3.97786402702, 6.35156440735, -7.26843070984, -2.49826312065], [-26.6521854401, -228.727981567, -183.11088562, -47.602180481, -83.6266860962, 21.1586513519, -1.94334185123, 10.2423753738, 122.180473328, 23.1645412445, -40.1060676575, 36.6064033508, 19.5217514038], [-3.60506558418, -6.76708698273, -5.10595464706, -7.34210968018, 5.71586179733, 5.14657115936, -1.85721945763, 3.97786402702, 23.1645412445, 42.4110679626, 25.3246803284, 3.78391909599, 4.30095911026], [5.37204027176, 113.090049744, 90.4387817383, 21.0821723938, 54.7056884766, -1.21520423889, 6.81917238235, 6.35156440735, -40.1060676575, 25.3246803284, 62.333820343, 5.02685832977, -6.76586198807], [-28.4279785156, -110.993675232, -87.3157272339, -30.482257843, -37.6792373657, 14.0012903214, -4.95293426514, -7.26843070984, 36.6064033508, 3.78391909599, 5.02685832977, 52.2304611206, 21.3464736938], [-33.3332672119, -30.3863506317, -34.6005020142, -18.7552661896, -16.8921546936, -3.77394914627, -5.46014451981, -2.49826312065, 19.5217514038, 4.30095911026, -6.76586198807, 21.3464736938, 35.0250854492]],
        "icov": [[0.000889605784323, -0.00140818802174, 0.00283709354699, -0.00200040265918, 0.000185219832929, 0.000104584330984, -0.000106755833258, -0.000867302820552, 0.00256116571836, -0.00274939113297, 0.00201692641713, -0.00136539852247, 0.00151044956874], [-0.00140818802174, 0.0316046178341, -0.0363507792354, 0.0198783557862, -0.0299639422446, 0.049194496125, -0.0472864285111, 0.0304993037134, -0.0139333959669, -0.000975574657787, 0.0106353890151, -0.0100335115567, 0.00252169556916], [0.00283709354699, -0.0363507792354, 0.0489525049925, -0.0300939567387, 0.0321532525122, -0.0559081733227, 0.0567359142005, -0.0385214835405, 0.0217678546906, -0.000542246329132, -0.014245477505, 0.0149425379932, -0.00493680778891], [-0.00200040265918, 0.0198783557862, -0.0300939567387, 0.0253934785724, -0.0198429692537, 0.0326703712344, -0.0374985188246, 0.0239635892212, -0.0139006106183, -0.000384828163078, 0.0116889709607, -0.0114612737671, 0.00606237445027], [0.000185219832929, -0.0299639422446, 0.0321532525122, -0.0198429692537, 0.0462330058217, -0.0644110739231, 0.0562244653702, -0.02972779423, 0.000299868203001, 0.0293523799628, -0.0478548556566, 0.0411765836179, -0.0207907296717], [0.000104584330984, 0.049194496125, -0.0559081733227, 0.0326703712344, -0.0644110739231, 0.124494612217, -0.109334811568, 0.0449312627316, 0.0128079643473, -0.0696702450514, 0.0955239608884, -0.0854787901044, 0.0455178432167], [-0.000106755833258, -0.0472864285111, 0.0567359142005, -0.0374985188246, 0.0562244653702, -0.109334811568, 0.123817898333, -0.0535497926176, -0.00845087971538, 0.0605060532689, -0.083089992404, 0.0709760859609, -0.0363663956523], [-0.000867302820552, 0.0304993037134, -0.0385214835405, 0.0239635892212, -0.02972779423, 0.0449312627316, -0.0535497926176, 0.0639472156763, -0.0480872653425, 0.038012560457, -0.0304583292454, 0.0223169326782, -0.010221390985], [0.00256116571836, -0.0139333959669, 0.0217678546906, -0.0139006106183, 0.000299868203001, 0.0128079643473, -0.00845087971538, -0.0480872653425, 0.131475821137, -0.170491591096, 0.175582781434, -0.133565574884, 0.0641637966037], [-0.00274939113297, -0.000975574657787, -0.000542246329132, -0.000384828163078, 0.0293523799628, -0.0696702450514, 0.0605060532689, 0.038012560457, -0.170491591096, 0.28543356061, -0.29069185257, 0.22032289207, -0.115867845714], [0.00201692641713, 0.0106353890151, -0.014245477505, 0.0116889709607, -0.0478548556566, 0.0955239608884, -0.083089992404, -0.0304583292454, 0.175582781434, -0.29069185257, 0.335337042809, -0.254138886929, 0.132918134332], [-0.00136539852247, -0.0100335115567, 0.0149425379932, -0.0114612737671, 0.0411765836179, -0.0854787901044, 0.0709760859609, 0.0223169326782, -0.133565574884, 0.22032289207, -0.254138886929, 0.228616148233, -0.119110517204], [0.00151044956874, 0.00252169556916, -0.00493680778891, 0.00606237445027, -0.0207907296717, 0.0455178432167, -0.0363663956523, -0.010221390985, 0.0641637966037, -0.115867845714, 0.132918134332, -0.119110517204, 0.0957595780492]]
    },
    "melbands": {
        "max": [0.000450199644547, 0.00319436611608, 0.00181807752233, 0.00161234510597, 0.00159645371605, 0.00194578419905, 0.00334736681543, 0.000788763281889, 0.00103348738048, 0.00201201927848, 0.00288712768815, 0.00211455672979, 0.00363591336645, 0.00353473494761, 0.00437454553321, 0.00166092859581, 0.00161458703224, 0.00226038461551, 0.00220706243999, 0.0012780893594, 0.00056182598928, 0.000326948269503, 0.000473139225505, 0.000293614983093, 0.000356882141205, 0.000225564523134, 0.000122962475871, 0.000105811785033, 8.40870998218e-05, 5.13731974934e-05, 3.77369469788e-05, 1.06751840576e-05, 2.44002222871e-07, 8.37433677958e-09, 8.03512012482e-09, 7.4809634043e-09, 6.84297774001e-09, 6.21540374723e-09, 5.61468915805e-09, 5.04869790419e-09],
        "mean": [4.08206797147e-05, 0.00019707143656, 0.000139148891321, 0.000140251606354, 0.000108225991426, 0.000149036175571, 0.000146403777762, 7.93321523815e-05, 8.69925206644e-05, 0.00013538915664, 0.000212815371924, 0.000214559215237, 0.000235828993027, 0.000331430754159, 0.000360694190022, 0.000221775073442, 0.000246076175245, 0.000293868273729, 0.000211745515116, 0.000153261455125, 9.15681521292e-05, 5.96292084083e-05, 3.93404261558e-05, 3.80892270186e-05, 3.3715270547e-05, 2.67584800895e-05, 1.634342334e-05, 1.29569116325e-05, 9.04148328118e-06, 6.25148368272e-06, 4.72810097563e-06, 1.33588753215e-06, 1.40752041133e-08, 1.07867222099e-10, 2.82587772626e-11, 2.37176112083e-11, 1.98065799872e-11, 1.74556636506e-11, 1.51069712295e-11, 1.34803583227e-11],
        "min": [4.47077208587e-10, 1.2983913944e-10, 3.89476541296e-11, 2.22865424032e-11, 1.40438364063e-11, 9.26557181674e-12, 8.0643035652e-12, 6.97938798769e-12, 1.02588918263e-11, 3.71883166622e-12, 1.61716863858e-12, 1.56622002694e-12, 1.48400215727e-12, 9.14165011051e-13, 7.10855148616e-13, 3.76010935712e-13, 4.4374470461e-13, 5.9587827294e-13, 5.58302915617e-13, 2.80040584905e-13, 1.98706448431e-13, 1.9481334948e-13, 1.00267342172e-13, 1.74003633767e-13, 2.01313141504e-13, 1.33864626198e-13, 1.16987650578e-13, 1.11021787466e-13, 6.63943794149e-14, 4.82682402619e-14, 4.01501138651e-14, 4.13383350717e-14, 4.70420753675e-14, 2.67518043037e-14, 3.39466580117e-14, 5.75350246504e-14, 3.99412084353e-14, 1.70597450012e-14, 1.40148623026e-14, 1.43959161676e-14],
        "stdev": [7.53246567911e-05, 0.00037286724546, 0.000205277407076, 0.000218272820348, 0.000160884505021, 0.000219453242607, 0.000243936898187, 8.32013174659e-05, 9.2212081654e-05, 0.000152584325406, 0.000236259642406, 0.00026854700991, 0.000339750637067, 0.000458153081127, 0.00048257142771, 0.000206716096727, 0.000211277467315, 0.000303830718622, 0.000230188874411, 0.000149742540088, 8.70875592227e-05, 5.2092866099e-05, 3.79520861316e-05, 3.55026131729e-05, 3.72348295059e-05, 2.70319651463e-05, 1.42670105561e-05, 1.1220747183e-05, 8.33002286527e-06, 5.81673293709e-06, 4.20008836954e-06, 1.51540803017e-06, 3.0053037392e-08, 3.96243093892e-10, 2.82469048152e-10, 2.64942290329e-10, 2.29480975888e-10, 2.0800049183e-10, 1.84122647684e-10, 1.6652193513e-10]
    },
    "melbands128": {
        "max": [3.37587734975e-05, 3.98814991058e-05, 0.000373692484573, 0.00215204292908, 0.00483393575996, 0.00332218012773, 0.00275306403637, 0.00169427983928, 0.0021447846666, 0.00266392622143, 0.00201436807401, 0.00239062169567, 0.00169987324625, 0.00207213475369, 0.00249040778726, 0.00325129227713, 0.00357198854908, 0.00607370305806, 0.00186913507059, 0.00123071996495, 0.000919869577046, 0.00102483551018, 0.00144182413351, 0.00224368483759, 0.00132557214238, 0.00271319202147, 0.00556977232918, 0.004683656618, 0.00351878791116, 0.0045876391232, 0.00418508891016, 0.00459936074913, 0.005366332829, 0.00695819733664, 0.00878379773349, 0.00598533125594, 0.00486269779503, 0.00890438538045, 0.0026857694611, 0.00325079169124, 0.00206956872717, 0.00403972482309, 0.00166678754613, 0.00477004889399, 0.00467468937859, 0.00333962077275, 0.00252650445327, 0.00545583665371, 0.00228659389541, 0.00221546809189, 0.0017119605327, 0.00133245589677, 0.000676614698023, 0.00109670206439, 0.000977478572167, 0.000453977554571, 0.000662405684125, 0.000430032232543, 0.000749940401874, 0.000752512889449, 0.000670898356475, 0.000626303313766, 0.000817898951937, 0.000562751549296, 0.000678906624671, 0.000306285219267, 0.000174615372089, 0.000253418576904, 0.000141479453305, 0.000128866595333, 0.00012568240345, 0.000298712548101, 5.37483319931e-05, 0.000193603889784, 9.7323776572e-05, 7.10633103154e-05, 0.000123738107504, 8.20591449155e-05, 7.45874203858e-05, 2.68618750852e-05, 1.66447498486e-05, 7.26094049242e-06, 1.7089516291e-07, 3.48878899104e-08, 1.36005349205e-08, 8.4314741855e-09, 8.38663538616e-09, 8.24778290109e-09, 8.05583333374e-09, 7.8730080233e-09, 7.66628183158e-09, 7.38812122592e-09, 7.13484782366e-09, 6.90295642869e-09, 6.63697408143e-09, 6.39899333521e-09, 6.16232220807e-09, 5.89437787468e-09, 5.68910207832e-09, 5.45476286362e-09, 5.21465803871e-09, 5.01821473264e-09, 4.8043897749e-09, 4.61271421059e-09, 4.4382497677e-09, 4.2545789114e-09, 4.08743439095e-09, 3.95426891231e-09, 3.81040887731e-09, 3.67283825575e-09, 3.53107920681e-09, 3.4204374888e-09, 3.30628902034e-09, 3.19651838332e-09, 3.08297409823e-09, 2.99098856793e-09, 2.91146262654e-09, 2.83764656217e-09, 2.74406009027e-09, 2.6810309528e-09, 2.62338550883e-09, 2.56593635228e-09, 2.51618748059e-09, 2.47605602688e-09, 2.44448927766e-09, 2.41598563377e-09, 2.39680408853e-09, 2.38338904168e-09],
        "mean": [1.18429636586e-06, 2.87226430373e-06, 2.44205421041e-05, 0.000171506573679, 0.000260110740783, 0.000180298316991, 0.000119148797239, 0.000133275330882, 0.000159398507094, 0.000143457684317, 0.000130536442157, 0.00011361646466, 0.000106876090285, 9.17160723475e-05, 0.000138004281325, 0.000188705627806, 0.000182918578503, 0.000139877665788, 0.000101507670479, 8.04879819043e-05, 6.60220684949e-05, 7.95231171651e-05, 9.51527035795e-05, 8.86587004061e-05, 9.20524980756e-05, 0.000158438153449, 0.000224727977184, 0.000175916400622, 0.000266402726993, 0.00022014004935, 0.000205974953133, 0.000185513315955, 0.000194292151718, 0.000295209145406, 0.000372756476281, 0.000287907809252, 0.000334327836754, 0.000525310111698, 0.000228570817853, 0.000199572197744, 0.000226576870773, 0.000246653158683, 0.000202944487683, 0.000241343310336, 0.000399737706175, 0.000283648318145, 0.000199299582164, 0.000269363081316, 0.00018359121168, 0.000131495253299, 0.000189945450984, 0.000126125189126, 9.17021607165e-05, 8.34348538774e-05, 6.8579785875e-05, 5.72863064008e-05, 5.37859705219e-05, 3.98442352889e-05, 3.34472133545e-05, 3.78612567147e-05, 4.78317197121e-05, 2.82946675725e-05, 2.67027517111e-05, 3.37033816322e-05, 5.04104391439e-05, 2.43644699367e-05, 1.43787456182e-05, 1.97565623239e-05, 1.7471058527e-05, 1.07433097583e-05, 1.15652746899e-05, 1.7891105017e-05, 8.04937826615e-06, 8.419932783e-06, 7.92716218712e-06, 5.85862380831e-06, 5.84883582633e-06, 5.89936507822e-06, 4.60941237179e-06, 3.83296219297e-06, 1.74176079781e-06, 2.97918489878e-07, 1.01694990207e-08, 1.55954293923e-09, 3.82829240531e-10, 9.28073867756e-11, 4.50138468167e-11, 3.18971689339e-11, 2.75704407221e-11, 2.44814411798e-11, 2.50640515287e-11, 2.36685983313e-11, 2.14082258865e-11, 1.98157167758e-11, 1.86315095296e-11, 1.84852966267e-11, 1.72701141582e-11, 1.59005204836e-11, 1.54795169738e-11, 1.43868918515e-11, 1.41024327632e-11, 1.34193021278e-11, 1.26569067727e-11, 1.22020848287e-11, 1.14264708806e-11, 1.11005796569e-11, 1.04929398503e-11, 1.01532341562e-11, 1.03879058133e-11, 9.64289065264e-12, 8.97504466579e-12, 8.62076035557e-12, 8.30855956951e-12, 8.12057279059e-12, 7.96275718973e-12, 7.69078377372e-12, 6.83524764566e-12, 6.22614503357e-12, 6.0360579382e-12, 5.88019086548e-12, 5.74182368318e-12, 5.62372544366e-12, 5.51622116041e-12, 5.42034689702e-12, 5.29222108844e-12, 5.13386251913e-12, 5.03984484354e-12, 5.00451242946e-12],
        "min": [2.1559616592e-10, 5.48399214928e-10, 3.51455475833e-10, 2.04372421764e-10, 1.21083573723e-10, 7.6539732885e-11, 4.66500865715e-11, 2.87413721295e-11, 2.42507541826e-11, 2.38787913054e-11, 2.01186428628e-11, 1.6148546042e-11, 1.32063327288e-11, 1.02131870669e-11, 9.40157587198e-12, 9.24177054329e-12, 6.59933175814e-12, 6.8263038451e-12, 1.11974613609e-11, 9.72834399843e-12, 2.58575843029e-12, 4.88552471048e-12, 1.50473036808e-11, 1.16176027132e-11, 2.70159545776e-12, 1.93295444754e-12, 1.5564982029e-12, 1.34783265278e-12, 1.95463718995e-12, 1.51068404747e-12, 1.40170904397e-12, 1.62647705634e-12, 1.68731088129e-12, 1.20641398347e-12, 1.10839386714e-12, 8.21440246553e-13, 6.23616935001e-13, 7.26029154331e-13, 8.10687725717e-13, 4.58537938522e-13, 2.09725113795e-13, 3.25513135327e-13, 4.70185522461e-13, 4.56120980829e-13, 5.78467720773e-13, 5.80608965853e-13, 7.80174427666e-13, 4.08307529497e-13, 6.70387194108e-13, 3.34618102541e-13, 2.10267892507e-13, 2.30173004137e-13, 1.71038598324e-13, 1.45172028153e-13, 3.38738911053e-13, 1.98112170115e-13, 1.01528628441e-13, 7.03085864268e-14, 1.22205549716e-13, 1.14268200479e-13, 1.7604106649e-13, 2.19521300551e-13, 1.96659081706e-13, 2.23161035007e-13, 1.60371214464e-13, 1.3420511989e-13, 1.207390172e-13, 8.28623329891e-14, 1.50538774697e-13, 1.01077878164e-13, 1.46615318085e-13, 8.69217146719e-14, 6.56121546525e-14, 5.77487886612e-14, 8.19439527626e-14, 3.6313257902e-14, 4.37116299103e-14, 4.11401429145e-14, 4.43276125983e-14, 3.27310031021e-14, 3.5544927868e-14, 3.97786560364e-14, 6.66270424249e-14, 5.50704298244e-14, 2.16880448334e-14, 2.74333168486e-14, 2.91729226225e-14, 2.66023080707e-14, 2.8701331947e-14, 4.23973837537e-14, 5.30360735255e-14, 6.57662943201e-14, 5.78780865465e-14, 5.56350111651e-14, 1.18821875014e-14, 1.46583473034e-14, 2.23643125503e-14, 1.65760061791e-14, 9.77357605925e-15, 1.70604819199e-14, 1.31841652328e-14, 1.5103019272e-14, 1.16143099437e-14, 2.15171068083e-14, 2.12366796105e-14, 2.27785438488e-14, 1.73426844988e-14, 6.79369805719e-15, 5.23385215647e-15, 7.36537668692e-15, 1.06178917248e-14, 1.61204752482e-14, 1.40990218022e-14, 1.53817473217e-14, 1.46026684397e-14, 1.04277700976e-14, 1.13346272879e-14, 1.35627457615e-14, 1.13149507125e-14, 1.18923374973e-14, 6.81471590922e-15, 5.09152139869e-15, 1.1892689863e-14, 1.10790884591e-14, 9.07211334728e-15, 5.7503470132e-15, 4.48136417975e-15, 2.07443292162e-16],
        "stdev": [2.02677324523e-06, 4.70053328172e-06, 4.5296834287e-05, 0.000334113108693, 0.000549300340936, 0.000350881484337, 0.000221718670218, 0.000228574281209, 0.000279906758806, 0.000276971404674, 0.000232537364354, 0.000215758191189, 0.000178044268978, 0.000146701553604, 0.000246076640906, 0.000360812031431, 0.000349726353306, 0.000338170066243, 0.000179472612217, 0.000106070707261, 8.54563113535e-05, 0.000110200773634, 0.000137928625918, 0.000130769694806, 0.000133120964165, 0.000235024752328, 0.000374114664737, 0.000282129039988, 0.000422675686423, 0.000374489667593, 0.000381141435355, 0.00031722462154, 0.00038390661939, 0.000685866747517, 0.000843966787215, 0.000553332385607, 0.000527652737219, 0.000978542026132, 0.000305624183966, 0.00030250538839, 0.000278459716355, 0.000345210952219, 0.000247361313086, 0.000379514385713, 0.000659403682221, 0.000393695721868, 0.000251287041465, 0.000428799772635, 0.000233863800531, 0.000188923018868, 0.00024676360772, 0.000135892041726, 0.000110521512397, 0.000113652939035, 9.17759753065e-05, 6.09920971328e-05, 5.75374433538e-05, 4.84233532916e-05, 4.6034801926e-05, 5.06894066348e-05, 6.53707611491e-05, 3.9311213186e-05, 5.99670383963e-05, 4.92926192237e-05, 7.83168143244e-05, 3.32178642566e-05, 1.72356394614e-05, 2.36430587393e-05, 1.80707429536e-05, 1.24742418848e-05, 1.14475951705e-05, 2.53393154708e-05, 7.39096140023e-06, 1.40785077747e-05, 9.58534019446e-06, 7.3483961387e-06, 7.67220444686e-06, 6.62517595629e-06, 5.6042072174e-06, 4.02637169827e-06, 2.43145359491e-06, 6.88469071974e-07, 2.0851141258e-08, 3.51853213232e-09, 1.07264153115e-09, 4.10135564399e-10, 3.24367505078e-10, 3.05880737406e-10, 2.83484652419e-10, 2.60073157454e-10, 2.79536699344e-10, 2.68782163193e-10, 2.43703529579e-10, 2.29616839431e-10, 2.18696213916e-10, 2.19571083537e-10, 2.06890032883e-10, 1.91099067126e-10, 1.88590393302e-10, 1.77013251279e-10, 1.73725617225e-10, 1.66031730031e-10, 1.56881466151e-10, 1.51884047006e-10, 1.43481629356e-10, 1.38886069312e-10, 1.31663652203e-10, 1.28247135134e-10, 1.3023322698e-10, 1.21374230111e-10, 1.13523329626e-10, 1.09957626337e-10, 1.06681538603e-10, 1.04611513896e-10, 1.02284104797e-10, 9.88149492787e-11, 9.13997072471e-11, 8.80840886341e-11, 8.51797452017e-11, 8.32226162983e-11, 8.14327355547e-11, 7.96488916488e-11, 7.81043910103e-11, 7.68586444488e-11, 7.58799342804e-11, 7.49980494374e-11, 7.44039899137e-11, 7.39878089351e-11]
    },
    "mfcc": {
        "mean": [-701.113769531, 212.579711914, -161.993972778, 55.6151618958, -35.6406097412, -2.16684818268, 21.7788772583, -38.5400505066, 20.332025528, -17.4424724579, -4.08649587631, 4.52228879929, -19.2235927582],
        "cov": [[1428.65600586, 205.173553467, -634.000976562, 197.379074097, -231.401580811, 3.2571644783, 43.6368026733, -130.579559326, 106.576385498, -81.1870269775, 29.1136875153, 3.13942980766, -55.8539199829], [205.173553467, 677.849365234, 466.524475098, 293.763671875, 285.000335693, -49.84740448, 299.593902588, -4.66594171524, -151.964019775, 118.99822998, -87.3147506714, 43.783367157, -47.6949310303], [-634.000976562, 466.524475098, 925.0390625, 252.981231689, 382.796447754, 7.90299463272, 235.545898438, 98.7527008057, -176.010864258, 146.809509277, -67.5648422241, 13.536272049, 7.59645748138], [197.379074097, 293.763671875, 252.981231689, 300.312011719, 133.915786743, 8.86549758911, 174.326324463, 3.22504019737, -36.5843391418, 54.4019889832, -23.3232326508, 17.4816322327, -27.9062995911], [-231.401580811, 285.000335693, 382.796447754, 133.915786743, 260.761047363, 2.29759764671, 161.147354126, 44.4346504211, -101.032142639, 88.4737167358, -44.6860542297, 27.9547748566, -3.6355073452], [3.2571644783, -49.84740448, 7.90299463272, 8.86549758911, 2.29759764671, 94.2678909302, -5.87793302536, 24.6093559265, 29.5006847382, -17.1531028748, 33.1004676819, -9.53402996063, 27.1605224609], [43.6368026733, 299.593902588, 235.545898438, 174.326324463, 161.147354126, -5.87793302536, 237.620880127, 21.761390686, -87.8760452271, 77.5613327026, -43.6126937866, 35.9319000244, -29.4130764008], [-130.579559326, -4.66594171524, 98.7527008057, 3.22504019737, 44.4346504211, 24.6093559265, 21.761390686, 79.1104812622, 10.1822872162, 8.80642032623, 16.8941555023, -8.837931633, 16.1690387726], [106.576385498, -151.964019775, -176.010864258, -36.5843391418, -101.032142639, 29.5006847382, -87.8760452271, 10.1822872162, 127.247077942, -24.2525501251, 29.1906642914, -1.58033668995, 5.3725810051], [-81.1870269775, 118.99822998, 146.809509277, 54.4019889832, 88.4737167358, -17.1531028748, 77.5613327026, 8.80642032623, -24.2525501251, 85.0611495972, -9.58027553558, 7.35491991043, -2.2551445961], [29.1136875153, -87.3147506714, -67.5648422241, -23.3232326508, -44.6860542297, 33.1004676819, -43.6126937866, 16.8941555023, 29.1906642914, -9.58027553558, 61.8244400024, -4.29161596298, 16.2822265625], [3.13942980766, 43.783367157, 13.536272049, 17.4816322327, 27.9547748566, -9.53402996063, 35.9319000244, -8.837931633, -1.58033668995, 7.35491991043, -4.29161596298, 61.5175323486, 0.504718661308], [-55.8539199829, -47.6949310303, 7.59645748138, -27.9062995911, -3.6355073452, 27.1605224609, -29.4130764008, 16.1690387726, 5.3725810051, -2.2551445961, 16.2822265625, 0.504718661308, 61.3259239197]],
        "icov": [[0.0150289004669, -0.0200107451528, 0.0215151999146, -0.0215765573084, 0.0213138628751, -0.0205425769091, 0.0197630804032, -0.0185819659382, 0.0175913739949, -0.0160445254296, 0.0127400271595, -0.00899138301611, 0.00494143925607], [-0.0200107451528, 0.0327694676816, -0.0314976386726, 0.0305259395391, -0.0357668027282, 0.0364072099328, -0.0380620397627, 0.036558996886, -0.0325443185866, 0.0313289873302, -0.0250524096191, 0.0190915558487, -0.0105884736404], [0.0215151999146, -0.0314976386726, 0.0412272065878, -0.0437559746206, 0.0429786257446, -0.0514277219772, 0.0561239458621, -0.0581143014133, 0.0562114454806, -0.0542670190334, 0.045803245157, -0.0329760536551, 0.0188362412155], [-0.0215765573084, 0.0305259395391, -0.0437559746206, 0.0579890310764, -0.0564014241099, 0.0643593370914, -0.0760896354914, 0.077359341085, -0.077156573534, 0.0739857107401, -0.0644217729568, 0.0485826060176, -0.0266559794545], [0.0213138628751, -0.0357668027282, 0.0429786257446, -0.0564014241099, 0.0824131891131, -0.0827015042305, 0.0870487764478, -0.0965926125646, 0.0954186022282, -0.0964223593473, 0.0828380957246, -0.0645865350962, 0.0359694175422], [-0.0205425769091, 0.0364072099328, -0.0514277219772, 0.0643593370914, -0.0827015042305, 0.114811308682, -0.113429024816, 0.116639666259, -0.120379716158, 0.122572518885, -0.108662776649, 0.0816506817937, -0.0524127408862], [0.0197630804032, -0.0380620397627, 0.0561239458621, -0.0760896354914, 0.0870487764478, -0.113429024816, 0.141128495336, -0.139828428626, 0.139559164643, -0.140418186784, 0.121410928667, -0.0959344431758, 0.0579371899366], [-0.0185819659382, 0.036558996886, -0.0581143014133, 0.077359341085, -0.0965926125646, 0.116639666259, -0.139828428626, 0.165109232068, -0.149818763137, 0.148133084178, -0.133071124554, 0.102754019201, -0.0610135607421], [0.0175913739949, -0.0325443185866, 0.0562114454806, -0.077156573534, 0.0954186022282, -0.120379716158, 0.139559164643, -0.149818763137, 0.15983684361, -0.150021716952, 0.128938615322, -0.102698028088, 0.0611375309527], [-0.0160445254296, 0.0313289873302, -0.0542670190334, 0.0739857107401, -0.0964223593473, 0.122572518885, -0.140418186784, 0.148133084178, -0.150021716952, 0.168264701962, -0.134025752544, 0.102737665176, -0.0621945858002], [0.0127400271595, -0.0250524096191, 0.045803245157, -0.0644217729568, 0.0828380957246, -0.108662776649, 0.121410928667, -0.133071124554, 0.128938615322, -0.134025752544, 0.139239996672, -0.0904769152403, 0.0510344877839], [-0.00899138301611, 0.0190915558487, -0.0329760536551, 0.0485826060176, -0.0645865350962, 0.0816506817937, -0.0959344431758, 0.102754019201, -0.102698028088, 0.102737665176, -0.0904769152403, 0.088506244123, -0.0441750474274], [0.00494143925607, -0.0105884736404, 0.0188362412155, -0.0266559794545, 0.0359694175422, -0.0524127408862, 0.0579371899366, -0.0610135607421, 0.0611375309527, -0.0621945858002, 0.0510344877839, -0.0441750474274, 0.0464992076159]]
    },
    "spectral_contrast_coeffs": {
        "max": [-0.544995486736, -0.578510940075, -0.512692630291, -0.564806878567, -0.509875237942, -0.334322214127],
        "mean": [-0.717735111713, -0.796754539013, -0.755223870277, -0.762102484703, -0.745225787163, -0.529737770557],
        "min": [-0.904032409191, -0.915034770966, -0.931559443474, -0.932314872742, -0.942257225513, -0.921902596951],
        "stdev": [0.0524601005018, 0.0591305308044, 0.0771440342069, 0.0656241625547, 0.0664035156369, 0.0737123563886]
    },
    "spectral_contrast_valleys": {
        "max": [-5.80400276184, -5.39879798889, -5.31505346298, -5.09292984009, -5.92741346359, -11.3621501923],
        "mean": [-7.88662433624, -6.63489675522, -6.47380542755, -6.46824264526, -7.11148786545, -14.0926799774],
        "min": [-16.4448776245, -15.4843873978, -17.1078777313, -16.5493984222, -16.3938713074, -18.6796035767],
        "stdev": [1.04534351826, 0.532905340195, 0.680920898914, 0.813334882259, 0.802711486816, 0.909050524235]
    }
},
"rhythm": {
    "beats_count": 38,
    "beats_loudness": {
        "max": 0.0508773252368,
        "mean": 0.0293896570802,
        "min": 0.000543308735359,
        "stdev": 0.00973325408995
    },
    "bpm": 92.2303695679,
    "bpm_histogram_first_peak_bpm": 92,
    "bpm_histogram_first_peak_weight": 0.285714268684,
    "bpm_histogram_second_peak_bpm": 110,
    "bpm_histogram_second_peak_spread": 0.333333313465,
    "bpm_histogram_second_peak_weight": 0.162162154913,
    "danceability": 1.00049841404,
    "onset_rate": 1.8273113966,
    "beats_loudness_band_ratio": {
        "max": [0.302016854286, 0.471362024546, 0.354484558105, 0.664874136448, 0.605307161808, 0.155216351151],
        "mean": [0.0464796721935, 0.066090285778, 0.104138724506, 0.398857623339, 0.342204809189, 0.0662555247545],
        "min": [0.000377976102754, 0.00657060975209, 0.0365368910134, 0.164976686239, 0.065855845809, 0.0085770348087],
        "stdev": [0.0651270747185, 0.0867877826095, 0.0678547620773, 0.112592630088, 0.139807194471, 0.0323728993535]
    },
    "beats_position": [0.66176867485, 1.33514738083, 2.00852608681, 2.67029476166, 3.33206343651, 3.97061228752, 4.62077093124, 5.25931978226, 5.90947818756, 6.54802703857, 7.19818592072, 7.84834432602, 8.498503685, 9.12544155121, 9.77560043335, 10.4257593155, 11.0759181976, 11.7260770798, 12.3762359619, 13.0263938904, 13.6765527725, 14.3267116547, 14.8723802567, 15.4180498123, 15.9753284454, 16.5326080322, 17.0782756805, 17.6239452362, 18.1580047607, 18.7036724091, 19.2493419647, 19.853061676, 20.4683895111, 21.0837192535, 21.6990470886, 22.3143768311, 22.918094635, 23.5218143463],
