{
"metadata": {
    "version": {
        "essentia": "2.1-beta5",
        "essentia_git_sha": "Undefined",
        "extractor": "music 2.0"
    },
    "audio_properties": {
        "analysis": {
            "equal_loudness": 0,
            "length": 48.7502937317,
            "sample_rate": 44100,
            "start_time": 29.0017242432,
            "downmix": "mix"
        },
        "bit_rate": 192000,
        "length": 208.074020386,
        "lossless": 0,
        "number_channels": 2,
        "replay_gain": -7.33126068115,
        "sample_rate": 48000,
        "codec": "mp3",
        "md5_encoded": "5c3ab210c9dc6154cce08a1accf35fea"
    },
    "tags": {
        "file_name": "Switzerland_Mein Ruf Nach Dir_Piera Martell.mp3",
        "encoding": ["Lavf58.29.100"]
    }
},
"lowlevel": {
    "average_loudness": 0.911795437336,
    "barkbands_crest": {
        "max": 24.4340267181,
        "mean": 8.89289093018,
        "min": 2.40776395798,
        "stdev": 3.94226312637
    },
    "barkbands_flatness_db": {
        "max": 0.42453417182,
        "mean": 0.264367878437,
        "min": 0.107706092298,
        "stdev": 0.0382723882794
    },
    "barkbands_kurtosis": {
        "max": 50.1111869812,
        "mean": 0.588629245758,
        "min": -1.91126179695,
        "stdev": 3.60458683968
    },
    "barkbands_skewness": {
        "max": 6.48924684525,
        "mean": 0.446421056986,
        "min": -2.44710707664,
        "stdev": 0.980838060379
    },
    "barkbands_spread": {
        "max": 63.1578483582,
        "mean": 22.4199905396,
        "min": 1.61216962337,
        "stdev": 9.70133876801
    },
    "dissonance": {
        "max": 0.5,
        "mean": 0.464663386345,
        "min": 0.317079126835,
        "stdev": 0.02947184816
    },
    "dynamic_complexity": 2.97826981544,
    "erbbands_crest": {
        "max": 31.0719032288,
        "mean": 11.1764068604,
        "min": 2.88771677017,
        "stdev": 5.03158760071
    },
    "erbbands_flatness_db": {
        "max": 0.422893941402,
        "mean": 0.312532395124,
        "min": 0.221053540707,
        "stdev": 0.0307951830328
    },
    "erbbands_kurtosis": {
        "max": 20.7565383911,
        "mean": 0.532576560974,
        "min": -1.78739249706,
        "stdev": 2.13658380508
    },
    "erbbands_skewness": {
        "max": 3.62934446335,
        "mean": -0.187942668796,
        "min": -4.11978721619,
        "stdev": 0.96398717165
    },
    "erbbands_spread": {
        "max": 93.9334030151,
        "mean": 26.6066856384,
        "min": 4.29777479172,
        "stdev": 11.6329593658
    },
    "hfc": {
        "max": 77.7299041748,
        "mean": 21.3210372925,
        "min": 0.10312975198,
        "stdev": 16.3666801453
    },
    "loudness_ebu128": {
        "integrated": -17.7279109955,
        "loudness_range": 5.92868709564,
        "momentary": {
            "max": -14.1472454071,
            "mean": -18.6752586365,
            "min": -33.1848678589,
            "stdev": 3.14332437515
        },
        "short_term": {
            "max": -14.9791889191,
            "mean": -18.1643161774,
            "min": -22.4693508148,
            "stdev": 2.01199579239
        }
    },
    "melbands_crest": {
        "max": 31.6715011597,
        "mean": 12.3857803345,
        "min": 3.29054689407,
        "stdev": 5.2070813179
    },
    "melbands_flatness_db": {
        "max": 0.501908302307,
        "mean": 0.321186453104,
        "min": 0.164953127503,
        "stdev": 0.0494549721479
    },
    "melbands_kurtosis": {
        "max": 115.178726196,
        "mean": 3.08480024338,
        "min": -1.81292819977,
        "stdev": 7.88412237167
    },
    "melbands_skewness": {
        "max": 9.14341163635,
        "mean": 1.21225810051,
        "min": -1.15118992329,
        "stdev": 1.17967450619
    },
    "melbands_spread": {
        "max": 161.737762451,
        "mean": 37.6511497498,
        "min": 1.75737059116,
        "stdev": 19.9573707581
    },
    "pitch_salience": {
        "max": 0.802121460438,
        "mean": 0.537605702877,
        "min": 0.128642946482,
        "stdev": 0.10110283643
    },
    "silence_rate_20dB": {
        "max": 1,
        "mean": 1,
        "min": 1,
        "stdev": 0
    },
    "silence_rate_30dB": {
        "max": 1,
        "mean": 1,
        "min": 1,
        "stdev": 0
    },
    "silence_rate_60dB": {
        "max": 1,
        "mean": 0.0732984319329,
        "min": 0,
        "stdev": 0.26062297821
    },
    "spectral_centroid": {
        "max": 4320.19726562,
        "mean": 1900.1697998,
        "min": 279.428619385,
        "stdev": 662.366943359
    },
    "spectral_complexity": {
        "max": 47,
        "mean": 19.964302063,
        "min": 0,
        "stdev": 10.0886039734
    },
    "spectral_decrease": {
        "max": -4.02456921955e-11,
        "mean": -3.59864094079e-09,
        "min": -1.09267599413e-08,
        "stdev": 2.12210227168e-09
    },
    "spectral_energy": {
        "max": 0.0454536937177,
        "mean": 0.0155159821734,
        "min": 0.000161250689416,
        "stdev": 0.00935005676001
    },
    "spectral_energyband_high": {
        "max": 0.00883859582245,
        "mean": 0.000687510357238,
        "min": 9.28818906232e-08,
        "stdev": 0.000877156911884
    },
    "spectral_energyband_low": {
        "max": 0.00750800315291,
        "mean": 0.00125750526786,
        "min": 3.22040250467e-06,
        "stdev": 0.00117420312017
    },
    "spectral_energyband_middle_high": {
        "max": 0.0412221997976,
        "mean": 0.00889605563134,
        "min": 4.92170074722e-05,
        "stdev": 0.0084581207484
    },
    "spectral_energyband_middle_low": {
        "max": 0.0265562273562,
        "mean": 0.00524634635076,
        "min": 3.12702723022e-05,
        "stdev": 0.00377119937912
    },
    "spectral_entropy": {
        "max": 7.97476291656,
        "mean": 7.05569887161,
        "min": 5.74758577347,
        "stdev": 0.367726534605
    },
    "spectral_flux": {
        "max": 0.176762387156,
        "mean": 0.0691910907626,
        "min": 0.00688826153055,
        "stdev": 0.0319251827896
    },
    "spectral_kurtosis": {
        "max": 49.0069618225,
        "mean": 6.02583837509,
        "min": -1.42873954773,
        "stdev": 6.01210594177
    },
    "spectral_rms": {
        "max": 0.00665920926258,
        "mean": 0.00367898168042,
        "min": 0.000396632996853,
        "stdev": 0.00126595981419
    },
    "spectral_rolloff": {
        "max": 5103.36914062,
        "mean": 2197.01879883,
        "min": 150.732421875,
        "stdev": 989.991333008
    },
    "spectral_skewness": {
        "max": 4.93696498871,
        "mean": 0.812588691711,
        "min": -0.963374316692,
        "stdev": 0.698574125767
    },
    "spectral_spread": {
        "max": 7841472,
        "mean": 2109395.75,
        "min": 1080010.375,
        "stdev": 344577
    },
    "spectral_strongpeak": {
        "max": 12.1397199631,
        "mean": 1.80028855801,
        "min": 0,
        "stdev": 1.96309554577
    },
    "zerocrossingrate": {
        "max": 0.18310546875,
        "mean": 0.0691723227501,
        "min": 0.0078125,
        "stdev": 0.0247402060777
    },
    "barkbands": {
        "max": [4.13087182096e-05, 0.00199805060402, 0.00643996335566, 0.00565583724529, 0.00819250941277, 0.0176573637873, 0.0110528431833, 0.0128859793767, 0.0185141228139, 0.0260794721544, 0.0319439060986, 0.0134790949523, 0.0103641785681, 0.0122265070677, 0.0148021671921, 0.0236410070211, 0.0244191214442, 0.0133071271703, 0.00387290795334, 0.00662896223366, 0.00554151460528, 0.00125133944675, 5.96388503027e-08, 4.38153868743e-08, 3.50949775907e-08, 3.0354083691e-08, 3.00052178659e-08],
        "mean": [1.9925162178e-06, 0.000208719386137, 0.000636557873804, 0.000613437616266, 0.000882328953594, 0.00130502402317, 0.000761791772675, 0.000800604233518, 0.000604384636972, 0.00147474685218, 0.00135757308453, 0.000683834659867, 0.000449950050097, 0.000614515563939, 0.000881440064404, 0.000734051282052, 0.00123222102411, 0.000968224077951, 0.000417583418312, 0.000570803356823, 0.000298396975268, 1.78098271135e-05, 8.50445103229e-10, 6.1808097529e-10, 5.60056945265e-10, 5.35107957944e-10, 5.61724167181e-10],
        "min": [1.02739616814e-09, 5.2535699524e-07, 2.43444247872e-07, 1.16092749636e-07, 5.69293706576e-06, 7.61741318911e-07, 1.64235899547e-07, 7.36885567676e-07, 1.16894079838e-06, 6.63860419081e-07, 3.03649585476e-07, 2.32393813349e-06, 3.23475319419e-07, 6.99754934885e-07, 9.21709840895e-07, 7.32810434556e-08, 2.08542147107e-07, 1.64539230241e-07, 1.22911444578e-07, 9.40360536106e-08, 3.08893284284e-08, 4.75428918456e-10, 6.44576926556e-12, 1.1484735038e-11, 1.34987637387e-11, 2.12773097752e-11, 2.86186022797e-11],
        "stdev": [3.11633903038e-06, 0.00029984881985, 0.000705104146618, 0.000731478969101, 0.00103168422356, 0.00207826052792, 0.0012534345733, 0.00137035001535, 0.00138963304926, 0.00302542350255, 0.00351474899799, 0.00135199609213, 0.00102235737722, 0.00116817699745, 0.00139765301719, 0.00157236622181, 0.00247866101563, 0.00144942931365, 0.000477539200801, 0.000665236380883, 0.000544917944353, 5.82004031457e-05, 2.35207786581e-09, 1.63829161348e-09, 1.36680899931e-09, 1.22204379949e-09, 1.23906529481e-09]
    },
    "erbbands": {
        "max": [0.0101186009124, 0.625987410545, 6.53450918198, 14.3168210983, 28.0364933014, 40.6242446899, 171.154586792, 193.002182007, 182.186523438, 368.835845947, 285.254608154, 578.811035156, 594.495178223, 1666.26281738, 1532.23583984, 654.966247559, 453.713470459, 669.635681152, 933.816345215, 634.975952148, 1515.93933105, 1612.72143555, 946.439758301, 337.679260254, 178.204574585, 290.29473877, 309.672515869, 244.550918579, 38.1717681885, 1.06513810158, 0.0672902837396, 0.00928585976362, 0.00209053070284, 0.000668163702358, 0.00026494145277, 0.000138526695082, 6.33529562037e-05, 2.66003953584e-05, 3.11155854433e-05, 5.71674572711e-05],
        "mean": [0.00148884521332, 0.07067514956, 0.626551091671, 1.69225025177, 2.14293479919, 2.69684815407, 7.70987796783, 9.65324687958, 10.9152231216, 14.1417427063, 19.1114463806, 13.4098272324, 25.3086528778, 62.3365058899, 49.4737472534, 32.0111885071, 21.8986415863, 34.4229736328, 41.7835884094, 40.8242530823, 46.9969100952, 67.818611145, 51.8088874817, 35.1762504578, 19.7757282257, 29.6513061523, 20.5515346527, 5.52069616318, 0.713922798634, 0.0230079889297, 0.00194468465634, 0.000392449001083, 0.000135584879899, 6.52759772493e-05, 3.75623603759e-05, 2.27067193919e-05, 1.24452390082e-05, 5.41595045433e-06, 1.02716458059e-05, 1.99859678105e-05],
        "min": [1.5668807464e-05, 0.000317785597872, 0.000459559698356, 0.001819087076, 0.00252626161091, 0.0147383194417, 0.0112194065005, 0.00700610224158, 0.012640687637, 0.0288876984268, 0.0486044362187, 0.0392800942063, 0.066478215158, 0.0444475375116, 0.0929192453623, 0.118555881083, 0.0671538263559, 0.0893231481314, 0.0590074248612, 0.0459373444319, 0.0070310793817, 0.0139312883839, 0.0110889011994, 0.00711664557457, 0.00557150598615, 0.00430301809683, 0.00198990036733, 0.00180269998964, 0.000224514951697, 8.9763689175e-06, 2.65075982497e-06, 1.0491392004e-06, 8.04178284852e-07, 5.89475916968e-07, 4.43632501401e-07, 3.61789005865e-07, 1.88708582982e-07, 5.70876785844e-08, 8.87618085699e-08, 1.86549641512e-07],
        "stdev": [0.00156849029008, 0.0965059399605, 0.734808146954, 1.95247960091, 2.44641566277, 3.58093953133, 16.2578468323, 16.7194347382, 19.1977729797, 26.0057830811, 33.0947227478, 35.3076591492, 46.6560707092, 142.308334351, 135.282608032, 59.4786682129, 45.1966781616, 59.5317268372, 73.4204406738, 64.0718994141, 95.0791778564, 143.8565979, 84.025352478, 39.6313667297, 21.9203777313, 34.951713562, 29.6461238861, 12.4572086334, 1.98019886017, 0.0564110688865, 0.00373333366588, 0.000576883321628, 0.000155225978233, 6.15466706222e-05, 3.11210606014e-05, 1.73269745574e-05, 9.16228054848e-06, 4.36658410763e-06, 6.62626007397e-06, 1.24036823763e-05]
    },
    "gfcc": {
        "mean": [-107.547416687, 186.215393066, -212.423843384, 31.1110801697, -18.1922702789, -59.0408782959, 9.25875282288, -24.2160835266, -24.4067382812, -2.2696480751, -19.0804920197, -14.8070926666, 2.79683494568],
        "cov": [[3503.07666016, -897.770690918, -902.927368164, 420.285705566, -74.7985153198, 50.4599685669, 200.460250854, 85.3489151001, 90.1223754883, -59.0960617065, -104.444213867, 34.9400520325, -128.785247803], [-897.770690918, 525.854614258, 332.446411133, -202.588043213, 68.7236099243, -8.00799465179, -29.3185329437, -6.33715343475, -5.69382810593, 20.5499248505, 26.9954605103, -38.3027458191, -7.11741876602], [-902.927368164, 332.446411133, 447.148712158, -8.57228374481, 21.1837291718, -73.5787658691, -78.6079483032, 14.5309009552, -10.1714344025, 20.6398696899, 46.1932258606, -16.515668869, 11.100812912], [420.285705566, -202.588043213, -8.57228374481, 372.067901611, 16.8396778107, -43.1606864929, -24.1316375732, 23.3099212646, 64.1943664551, -24.114315033, -38.1376991272, 37.4924430847, -24.1912937164], [-74.7985153198, 68.7236099243, 21.1837291718, 16.8396778107, 205.456192017, 64.2678985596, 0.441905856133, 41.3827857971, -12.408577919, -14.7824983597, 0.809215426445, -8.37513542175, 11.6413679123], [50.4599685669, -8.00799465179, -73.5787658691, -43.1606864929, 64.2678985596, 342.253570557, 198.121551514, -122.823982239, -64.4343414307, 12.7381868362, -24.858127594, -9.75886631012, -5.48452949524], [200.460250854, -29.3185329437, -78.6079483032, -24.1316375732, 0.441905856133, 198.121551514, 195.231414795, -26.4858474731, -43.7351570129, 6.24341535568, -5.38639879227, -15.5032281876, -4.52072191238], [85.3489151001, -6.33715343475, 14.5309009552, 23.3099212646, 41.3827857971, -122.823982239, -26.4858474731, 184.651626587, 84.6423416138, -6.45097732544, 5.17233181, 6.360039711, 2.09349036217], [90.1223754883, -5.69382810593, -10.1714344025, 64.1943664551, -12.408577919, -64.4343414307, -43.7351570129, 84.6423416138, 160.364959717, 18.726228714, -39.2469787598, 37.8313369751, -28.1446743011], [-59.0960617065, 20.5499248505, 20.6398696899, -24.114315033, -14.7824983597, 12.7381868362, 6.24341535568, -6.45097732544, 18.726228714, 67.7422866821, 44.7288551331, -10.5318994522, -5.58181428909], [-104.444213867, 26.9954605103, 46.1932258606, -38.1376991272, 0.809215426445, -24.858127594, -5.38639879227, 5.17233181, -39.2469787598, 44.7288551331, 97.1969299316, 17.5610218048, 8.56634426117], [34.9400520325, -38.3027458191, -16.515668869, 37.4924430847, -8.37513542175, -9.75886631012, -15.5032281876, 6.360039711, 37.8313369751, -10.5318994522, 17.5610218048, 91.2569351196, 15.1547231674], [-128.785247803, -7.11741876602, 11.100812912, -24.1912937164, 11.6413679123, -5.48452949524, -4.52072191238, 2.09349036217, -28.1446743011, -5.58181428909, 8.56634426117, 15.1547231674, 82.529914856]],
        "icov": [[0.000990770291537, 0.000174882385181, 0.00176224857569, -0.000923708081245, -4.07835286751e-05, 0.000768708006945, -0.00105214456562, -0.000444868404884, 0.000662259990349, -0.000587113434449, 0.000462277821498, -0.000317336001899, 0.00126026931684], [0.000174882385181, 0.0125650912523, -0.00950577296317, 0.00864903815091, -0.0106601910666, 0.0116408010945, -0.0139405578375, 0.0146861439571, -0.013809774071, 0.00753750558943, -0.00377430557273, 0.00383002869785, 0.00180024071597], [0.00176224857569, -0.00950577296317, 0.0135982492939, -0.0088355941698, 0.00879223272204, -0.00925541296601, 0.0109872929752, -0.0118370819837, 0.0090311979875, -0.00269797281362, -0.00172287039459, 0.000280757056316, -0.000417308649048], [-0.000923708081245, 0.00864903815091, -0.0088355941698, 0.010531200096, -0.00936960335821, 0.0105908876285, -0.0112680438906, 0.0119360983372, -0.00927704479545, 0.00278536626138, 0.00143099983688, -0.000807317730505, 0.00170970673207], [-4.07835286751e-05, -0.0106601910666, 0.00879223272204, -0.00936960335821, 0.0219710096717, -0.0252267569304, 0.025227708742, -0.0214202459902, 0.0083569092676, 0.00688196159899, -0.00950872525573, 0.00599639117718, -0.00456113833934], [0.000768708006945, 0.0116408010945, -0.00925541296601, 0.0105908876285, -0.0252267569304, 0.0429462343454, -0.0411024130881, 0.0268468912691, -0.000280723819742, -0.0226934608072, 0.0262652039528, -0.0170298982412, 0.00880302861333], [-0.00105214456562, -0.0139405578375, 0.0109872929752, -0.0112680438906, 0.025227708742, -0.0411024130881, 0.0481962487102, -0.0333875380456, 0.0175412744284, 0.00204518716782, -0.00750353140756, 0.00474287429824, -0.00439963908866], [-0.000444868404884, 0.0146861439571, -0.0118370819837, 0.0119360983372, -0.0214202459902, 0.0268468912691, -0.0333875380456, 0.0491399094462, -0.0523513518274, 0.0430649332702, -0.0366110503674, 0.0262369532138, -0.00856468360871], [0.000662259990349, -0.013809774071, 0.0090311979875, -0.00927704479545, 0.0083569092676, -0.000280723819742, 0.0175412744284, -0.0523513518274, 0.104265198112, -0.114061772823, 0.105868205428, -0.0745736882091, 0.0275472383946], [-0.000587113434449, 0.00753750558943, -0.00269797281362, 0.00278536626138, 0.00688196159899, -0.0226934608072, 0.00204518716782, 0.0430649332702, -0.114061772823, 0.161961644888, -0.143464133143, 0.0964221134782, -0.0333042889833], [0.000462277821498, -0.00377430557273, -0.00172287039459, 0.00143099983688, -0.00950872525573, 0.0262652039528, -0.00750353140756, -0.0366110503674, 0.105868205428, -0.143464133143, 0.144217595458, -0.0931577086449, 0.0331889651716], [-0.000317336001899, 0.00383002869785, 0.000280757056316, -0.000807317730505, 0.00599639117718, -0.0170298982412, 0.00474287429824, 0.0262369532138, -0.0745736882091, 0.0964221134782, -0.0931577086449, 0.0750374421477, -0.025842025876], [0.00126026931684, 0.00180024071597, -0.000417308649048, 0.00170970673207, -0.00456113833934, 0.00880302861333, -0.00439963908866, -0.00856468360871, 0.0275472383946, -0.0333042889833, 0.0331889651716, -0.025842025876, 0.0244427602738]]
    },
    "melbands": {
        "max": [0.000287807779387, 0.00226160977036, 0.00211431807838, 0.00192435749341, 0.00479623861611, 0.0040312372148, 0.00254860008135, 0.00372419692576, 0.00242620194331, 0.00355670903809, 0.00297471135855, 0.00661096395925, 0.00479825446382, 0.00199934490956, 0.00122813135386, 0.00127033388708, 0.00148529012222, 0.00155556679238, 0.000850151642226, 0.00131368113216, 0.00218707392924, 0.00171479221899, 0.000905099674128, 0.0010643947171, 0.000291216390906, 0.000141111129778, 0.00014228609507, 0.000225850279094, 0.000263752619503, 0.000189699494513, 0.000129159598146, 2.81976881524e-05, 1.25568035969e-07, 1.27041599463e-09, 9.50402090361e-10, 7.40927041942e-10, 5.90749671403e-10, 4.80021800087e-10, 3.96700700067e-10, 3.31660893194e-10],
        "mean": [3.26377776219e-05, 0.000257371604675, 0.000290078489343, 0.000172695086803, 0.000229436322115, 0.000229630633839, 0.000167963909917, 0.000152354623424, 0.000153633940499, 8.08889017208e-05, 0.000126133440062, 0.000250546494499, 0.000177823210834, 9.11697497941e-05, 6.18216072326e-05, 4.57300047856e-05, 6.4566549554e-05, 6.16605320829e-05, 5.89707779e-05, 4.96611719427e-05, 5.84784138482e-05, 7.59454487707e-05, 5.02674083691e-05, 4.6447810746e-05, 2.65791441052e-05, 1.33400762934e-05, 1.39053809107e-05, 2.12020804611e-05, 1.53416531248e-05, 6.52649487165e-06, 2.12724899029e-06, 4.59676414266e-07, 6.18968654109e-10, 2.24967024176e-11, 1.25609279922e-11, 9.82837335822e-12, 8.1472745217e-12, 6.92777996428e-12, 5.97098932797e-12, 5.19976119454e-12],
        "min": [1.80812747885e-07, 3.9289895426e-07, 3.29259677301e-07, 9.2428035714e-07, 5.54094810923e-07, 1.53759259547e-07, 5.90115192267e-08, 1.35155787007e-07, 2.20873218382e-07, 2.12922799392e-07, 1.02987648631e-07, 1.42466916486e-07, 1.00836508921e-07, 2.36125146102e-07, 7.76479183173e-08, 4.7185366725e-08, 6.92528132618e-08, 5.36165813969e-08, 5.07370714331e-08, 8.87348061696e-09, 5.29133137306e-09, 1.25032624254e-08, 1.50524765985e-08, 6.35369579172e-09, 5.66587265993e-09, 3.76500208787e-09, 2.66930633153e-09, 2.50348519693e-09, 1.69208047573e-09, 9.49652356752e-10, 2.04099459555e-10, 1.38120183693e-11, 1.77559843998e-13, 1.07817678667e-13, 1.0350128686e-13, 9.60919644094e-14, 1.08425570497e-13, 1.05574003587e-13, 1.12191072404e-13, 9.8753992451e-14],
        "stdev": [4.39497780462e-05, 0.000275427039014, 0.000287099799607, 0.000198503141291, 0.000444926932687, 0.00037713709753, 0.000277919927612, 0.0002716659219, 0.000269242736977, 0.000224943039939, 0.000246792042162, 0.000586339912843, 0.000485835567815, 0.000188374571735, 0.000128949177451, 9.19585145311e-05, 0.000121774821309, 0.00011846916459, 9.22151084524e-05, 9.27945584408e-05, 0.000134342204547, 0.000170107246959, 0.000100352815934, 7.45561046642e-05, 3.27784655383e-05, 1.62501473824e-05, 1.67863945535e-05, 2.63397760136e-05, 2.34155504586e-05, 1.41606506077e-05, 5.88327884543e-06, 1.46760987718e-06, 4.73893990716e-09, 6.86608686573e-11, 3.48158515906e-11, 2.71172077848e-11, 2.19489097036e-11, 1.80974454173e-11, 1.51632820883e-11, 1.28472831332e-11]
    },
    "melbands128": {
        "max": [1.77505826287e-05, 4.75303932035e-05, 0.000237473766902, 0.00138421636075, 0.00350065296516, 0.00272676860914, 0.00349542731419, 0.0021049415227, 0.00346237770282, 0.00328801292926, 0.00295833870769, 0.00369811779819, 0.00861087348312, 0.00683410326019, 0.00417697615921, 0.00804103165865, 0.00548245990649, 0.00431147869676, 0.00310011557303, 0.00691233528778, 0.00294139795005, 0.00320049468428, 0.00439282786101, 0.00389926205389, 0.0064409817569, 0.00573427323252, 0.00453629717231, 0.00476440275088, 0.00720732379705, 0.00771589344367, 0.013623137027, 0.00807166285813, 0.00964733585715, 0.00965162925422, 0.00323286419734, 0.00378709007055, 0.00279010413215, 0.00188326812349, 0.00279656401835, 0.00176700588781, 0.00211155181751, 0.00169425026979, 0.00272519281134, 0.00295927142724, 0.00214765034616, 0.00336716789752, 0.00230258470401, 0.00174264027737, 0.00132766715251, 0.00192351744045, 0.00281177926809, 0.00139327067882, 0.00399105064571, 0.00267878547311, 0.00179101713002, 0.00383754074574, 0.00467707123607, 0.00246402644552, 0.00191637221724, 0.00257102865726, 0.00245760986581, 0.00077595381299, 0.000707295199391, 0.000590848561842, 0.000192942694412, 0.000276029430097, 0.000234027800616, 0.000390066357795, 0.000164701239555, 0.000360757985618, 0.000434776331531, 0.000328190682922, 0.000317345751682, 0.000628173816949, 0.000235673214775, 0.000312824064167, 0.000202751514735, 0.000183049938641, 0.000128053841763, 0.000137687180541, 3.88587577618e-05, 2.66304073193e-06, 1.08151652967e-07, 1.57956563385e-08, 3.24657145612e-09, 1.74183611978e-09, 2.03744709992e-09, 1.0598995015e-09, 9.58051749045e-10, 8.58886406441e-10, 7.83017872763e-10, 7.16399828349e-10, 6.51858012013e-10, 5.99286176239e-10, 5.49168988062e-10, 5.06916897347e-10, 4.67659855286e-10, 4.37051311808e-10, 4.03832217666e-10, 3.75644487738e-10, 3.49493933793e-10, 3.26534133066e-10, 3.0734778611e-10, 2.87385754083e-10, 2.69949201881e-10, 2.54537085853e-10, 2.39521180667e-10, 2.26491270183e-10, 2.14156539724e-10, 2.04563047057e-10, 1.9308504795e-10, 1.84907145151e-10, 1.75680775483e-10, 1.67308264465e-10, 1.60882404621e-10, 1.53382945234e-10, 1.48496770436e-10, 1.4330513165e-10, 1.38206571187e-10, 1.34058333878e-10, 1.29510402402e-10, 1.25933763417e-10, 1.22453033824e-10, 1.20779969359e-10, 1.18443949093e-10, 1.16213622059e-10, 1.15133354239e-10, 1.14546955254e-10],
        "mean": [1.21300274714e-06, 3.65642563338e-06, 1.74215583684e-05, 0.000138131232234, 0.000287237751763, 0.00031268177554, 0.000383013131795, 0.000246426381636, 0.000211810533074, 0.000190937847947, 0.000119662137877, 0.000165974459378, 0.000316180055961, 0.000243173810304, 0.000165097910212, 0.000293005548883, 0.000210858052014, 0.000121959601529, 0.000134682646603, 0.000189268379472, 0.000124751226394, 0.000144986872328, 0.000198150388314, 0.000112198009447, 7.02978722984e-05, 6.33093877696e-05, 0.000101757330413, 0.000126146915136, 0.000122939236462, 0.000303719425574, 0.00028950360138, 0.000167334554135, 0.000206286000321, 0.000169667502632, 5.51476696273e-05, 9.59144381341e-05, 9.82132987701e-05, 4.69106962555e-05, 5.69757830817e-05, 3.96372197429e-05, 3.4670385503e-05, 6.6433174652e-05, 7.43886630516e-05, 6.83560720063e-05, 2.51713245234e-05, 7.22437762306e-05, 8.97285426618e-05, 5.25687282789e-05, 4.31177541032e-05, 6.80221637595e-05, 5.00917194586e-05, 3.04916829919e-05, 5.37916275789e-05, 6.40667858534e-05, 8.59905267134e-05, 8.11787831481e-05, 6.73489703331e-05, 4.91664795845e-05, 5.06033538841e-05, 3.93992340832e-05, 5.00457390444e-05, 4.52587919426e-05, 4.21140503022e-05, 1.68934893736e-05, 9.19511148822e-06, 1.35487762236e-05, 1.56220012286e-05, 1.3648710592e-05, 9.56819803832e-06, 1.99773276108e-05, 2.51525943895e-05, 1.9891644115e-05, 1.70004677784e-05, 1.74705110112e-05, 7.9724832176e-06, 9.90322587313e-06, 3.76609023078e-06, 2.03445119951e-06, 2.19570029003e-06, 2.00326735467e-06, 3.4169008245e-07, 1.22477308295e-08, 4.94678686902e-10, 1.07203516897e-10, 3.85355775068e-11, 2.30218743374e-11, 1.94697626077e-11, 1.42950712032e-11, 1.20835173464e-11, 1.13356945358e-11, 1.02385565304e-11, 9.53509320112e-12, 8.83431348908e-12, 8.22306805981e-12, 7.69598100525e-12, 7.23119177384e-12, 6.80698379607e-12, 6.42001425979e-12, 6.05704895962e-12, 5.72662967394e-12, 5.42320919075e-12, 5.14770691351e-12, 4.88958830022e-12, 4.64305113454e-12, 4.4207302749e-12, 4.21159895153e-12, 4.02118919759e-12, 3.84762144021e-12, 3.68031039671e-12, 3.52914399093e-12, 3.39026246313e-12, 3.26318356017e-12, 3.13870891083e-12, 3.02027847177e-12, 2.91608555879e-12, 2.8212822703e-12, 2.72687558298e-12, 2.64336404328e-12, 2.5737164136e-12, 2.50416332635e-12, 2.43826616883e-12, 2.38874957141e-12, 2.34688202032e-12, 2.30114690324e-12, 2.22370125785e-12, 2.1206808011e-12, 2.06144953538e-12, 2.04432954939e-12],
        "min": [7.05515992849e-11, 8.61641868966e-09, 3.34546079728e-08, 1.71533002913e-07, 2.48346935905e-07, 1.01570719835e-07, 1.75976936134e-07, 3.4270229321e-08, 1.52508206952e-07, 1.63845868428e-07, 1.11037742556e-07, 2.47453442626e-07, 1.98356914893e-07, 7.84536737797e-08, 1.20853854924e-07, 4.24058299586e-08, 9.32988015734e-08, 1.95191085517e-09, 1.43912481931e-08, 7.90685739105e-09, 1.70369958141e-08, 3.04354124125e-08, 6.79028815398e-08, 2.19093827525e-08, 2.59454839835e-08, 1.08035607127e-08, 5.18484490897e-08, 4.07740223807e-08, 4.62323512807e-08, 8.2458534223e-08, 2.05218810834e-08, 2.12289918977e-08, 1.75983760897e-08, 8.30986657263e-09, 5.53407142334e-09, 9.36128508044e-09, 1.17925864629e-07, 3.88558207831e-09, 8.32998781064e-10, 7.6350881173e-10, 1.48213654683e-08, 9.33048038831e-09, 4.23361683488e-08, 7.41977856933e-09, 1.29053467912e-09, 1.68617153573e-09, 2.42088553648e-08, 4.24947455002e-09, 1.02988853001e-08, 7.2665691242e-09, 3.30849392327e-09, 4.49850068307e-09, 7.35837668575e-10, 3.22574789102e-09, 1.01619210824e-08, 5.2816702123e-09, 6.7381100699e-10, 2.48833353922e-09, 4.5560040185e-09, 9.89721193889e-10, 1.7242542949e-09, 3.50232820523e-09, 3.01770963773e-09, 2.65054733717e-09, 3.93007570931e-10, 3.9059551149e-09, 1.52049439706e-09, 1.19316417857e-10, 2.65910737873e-10, 1.53933465974e-09, 2.13432660434e-10, 1.18385967696e-10, 3.03348857145e-09, 2.520492981e-10, 6.63346322316e-11, 5.30393007292e-10, 3.49061959892e-11, 3.45973145965e-11, 4.74272045248e-11, 2.59677262332e-11, 3.88089343648e-12, 6.55869239127e-13, 2.1070577466e-13, 9.75987208261e-14, 9.45845913527e-14, 9.41173883078e-14, 9.81466223939e-14, 6.60947262632e-14, 9.04881570607e-14, 7.15574789093e-14, 7.08389916821e-14, 8.06647568294e-14, 8.35635339679e-14, 8.41176968033e-14, 1.02572152703e-13, 8.83798581736e-14, 5.97553690557e-14, 7.99884857243e-14, 9.08646665939e-14, 8.06922887883e-14, 8.48080964179e-14, 8.87795289757e-14, 7.97012128062e-14, 1.05621037632e-13, 7.20834999221e-14, 9.63960831188e-14, 7.93514356328e-14, 7.9275907399e-14, 9.1668351783e-14, 8.79039001962e-14, 8.37590901585e-14, 8.00777155631e-14, 7.26943190973e-14, 7.53923765323e-14, 9.18798864031e-14, 9.2060717773e-14, 8.9438168243e-14, 8.4517665761e-14, 8.28614995087e-14, 9.30837573904e-14, 9.04607877321e-14, 9.05715796416e-14, 9.69912084675e-14, 8.88600513158e-14, 4.8885791655e-14, 2.35784140015e-14, 2.867991726e-15, 7.83681037023e-17],
        "stdev": [1.85643318673e-06, 4.94208143209e-06, 2.23243350774e-05, 0.000206604468985, 0.000414578156779, 0.000331066752551, 0.000499252870213, 0.000287067581667, 0.000296396203339, 0.000284695241135, 0.000215950029087, 0.000350638147211, 0.000754895212594, 0.000614952237811, 0.000397933879867, 0.000675140763633, 0.000514124287292, 0.000302114436636, 0.000282768480247, 0.000448501639767, 0.000268632691586, 0.000323605403537, 0.00041228387272, 0.00029395337333, 0.000324160122545, 0.000303072418319, 0.00025278609246, 0.00033231175621, 0.000433125358541, 0.000765705364756, 0.000917965604458, 0.000559708394576, 0.000768244441133, 0.000712514971383, 0.000184794917004, 0.000246321113082, 0.00024435252999, 0.000148548992001, 0.000203640083782, 0.00011708119564, 0.00011661008466, 0.000150942621985, 0.00017181232397, 0.000207681907341, 9.45150386542e-05, 0.000198821522645, 0.000193757805391, 0.00013620959362, 0.000104995750007, 0.000168628946994, 0.000142709468491, 6.859198038e-05, 0.000233275699429, 0.000183180804015, 0.000201750750421, 0.000267880648607, 0.000260323053226, 0.00014279143943, 0.00014669977827, 0.000117052746646, 0.000119931726658, 8.05228919489e-05, 7.21886899555e-05, 3.14811986755e-05, 1.63142231031e-05, 2.35784682445e-05, 2.37801814365e-05, 3.06742294924e-05, 1.64686625794e-05, 3.28513597196e-05, 4.30761683674e-05, 3.44444488292e-05, 3.44786858477e-05, 3.88827029383e-05, 1.77150468517e-05, 2.83509361907e-05, 1.2008829799e-05, 7.1520421443e-06, 6.3551610765e-06, 6.19772799837e-06, 1.69610859757e-06, 9.73423013306e-08, 3.56824547687e-09, 5.75683833937e-10, 1.59832869162e-10, 8.26188562009e-11, 7.70764355118e-11, 4.094990666e-11, 3.44454881285e-11, 3.15609864632e-11, 2.85332469457e-11, 2.62807883095e-11, 2.40784146094e-11, 2.22359804181e-11, 2.05190274494e-11, 1.90373394132e-11, 1.7693100457e-11, 1.65565460647e-11, 1.54260337143e-11, 1.44098257632e-11, 1.35092484074e-11, 1.26748889162e-11, 1.19515395844e-11, 1.12293464458e-11, 1.05940039727e-11, 1.00309500289e-11, 9.49174679826e-12, 9.00544482735e-12, 8.55466218697e-12, 8.17292934718e-12, 7.76470294311e-12, 7.43299258948e-12, 7.10278840951e-12, 6.79951667887e-12, 6.54249094137e-12, 6.27218806407e-12, 6.07368582511e-12, 5.87613855144e-12, 5.68020370323e-12, 5.50997789062e-12, 5.34880256406e-12, 5.21277162061e-12, 5.09431212492e-12, 5.00385280086e-12, 4.91851654891e-12, 4.84646264093e-12, 4.80182690485e-12, 4.77651859038e-12]
    },
    "mfcc": {
        "mean": [-739.552612305, 222.238769531, -121.582817078, 77.2975387573, -19.9893074036, -16.0035018921, 26.7117404938, -33.4147605896, 17.3005428314, -10.0956163406, -14.6609039307, 7.13881111145, -18.441318512],
        "cov": [[2664.81030273, 75.0268859863, -1410.22961426, 592.671936035, -417.286682129, -3.44748806953, 215.098403931, -166.15032959, 420.488037109, -185.921722412, 68.255569458, 265.611907959, -150.539474487], [75.0268859863, 196.035095215, 56.3250656128, -104.260910034, 3.44808483124, -10.2169485092, 7.48319196701, 16.8340244293, -24.1037693024, 35.2805404663, 25.6253967285, -4.83942270279, 7.13802051544], [-1410.22961426, 56.3250656128, 939.744445801, -261.464477539, 186.993041992, 12.733915329, -150.697021484, 85.6548233032, -221.689437866, 82.6020431519, 21.4686660767, -131.466522217, 81.574836731], [592.671936035, -104.260910034, -261.464477539, 503.595428467, 24.7029266357, -159.536575317, -37.8557319641, -31.5786647797, 113.51990509, -65.5153808594, 1.41269958019, 134.074676514, -21.4383068085], [-417.286682129, 3.44808483124, 186.993041992, 24.7029266357, 277.438720703, -60.7116508484, -83.2239608765, 81.0533981323, -52.6572341919, 43.6264305115, -29.3113384247, 3.00004911423, 39.4625740051], [-3.44748806953, -10.2169485092, 12.733915329, -159.536575317, -60.7116508484, 351.80255127, 172.971084595, -20.4101581573, 33.4365997314, -20.7121639252, 22.3122673035, -60.2694702148, -36.9984779358], [215.098403931, 7.48319196701, -150.697021484, -37.8557319641, -83.2239608765, 172.971084595, 290.016143799, -10.1889610291, -16.2634048462, 47.46849823, -40.0545806885, -42.5525894165, -25.2382965088], [-166.15032959, 16.8340244293, 85.6548233032, -31.5786647797, 81.0533981323, -20.4101581573, -10.1889610291, 126.798812866, 31.094127655, 1.01576006413, 9.86871051788, 0.0368802323937, 20.5491447449], [420.488037109, -24.1037693024, -221.689437866, 113.51990509, -52.6572341919, 33.4365997314, -16.2634048462, 31.094127655, 207.974334717, -33.0103034973, 26.2387943268, 65.2685012817, -32.5259819031], [-185.921722412, 35.2805404663, 82.6020431519, -65.5153808594, 43.6264305115, -20.7121639252, 47.46849823, 1.01576006413, -33.0103034973, 148.632888794, -10.6810054779, -52.4031486511, 17.5121536255], [68.255569458, 25.6253967285, 21.4686660767, 1.41269958019, -29.3113384247, 22.3122673035, -40.0545806885, 9.86871051788, 26.2387943268, -10.6810054779, 116.302337646, 52.3987312317, -5.85640096664], [265.611907959, -4.83942270279, -131.466522217, 134.074676514, 3.00004911423, -60.2694702148, -42.5525894165, 0.0368802323937, 65.2685012817, -52.4031486511, 52.3987312317, 156.705978394, 23.0133018494], [-150.539474487, 7.13802051544, 81.574836731, -21.4383068085, 39.4625740051, -36.9984779358, -25.2382965088, 20.5491447449, -32.5259819031, 17.5121536255, -5.85640096664, 23.0133018494, 86.4978485107]],
        "icov": [[0.165313676, -0.22962500155, 0.226384967566, -0.211488559842, 0.198961257935, -0.181018769741, 0.155528172851, -0.133607208729, 0.102679505944, -0.0784260779619, 0.0509040988982, -0.036130413413, 0.017209937796], [-0.22962500155, 0.327453881502, -0.318219423294, 0.302076607943, -0.287611335516, 0.267312705517, -0.23337726295, 0.203047931194, -0.158903539181, 0.12234916538, -0.0842427313328, 0.0582014210522, -0.0281695760787], [0.226384967566, -0.318219423294, 0.319360882044, -0.301599293947, 0.292423695326, -0.275920808315, 0.245244711637, -0.217087030411, 0.172918200493, -0.13440848887, 0.0908355638385, -0.0646302253008, 0.0315990746021], [-0.211488559842, 0.302076607943, -0.301599293947, 0.296027123928, -0.292109012604, 0.281619906425, -0.25422039628, 0.23052072525, -0.186355799437, 0.147957742214, -0.104640096426, 0.0738590285182, -0.0371755436063], [0.198961257935, -0.287611335516, 0.292423695326, -0.292109012604, 0.308185279369, -0.300966918468, 0.281813055277, -0.264273256063, 0.21694688499, -0.177081644535, 0.132038369775, -0.0969525426626, 0.0496623814106], [-0.181018769741, 0.267312705517, -0.275920808315, 0.281619906425, -0.300966918468, 0.312503576279, -0.296478837729, 0.27943867445, -0.235665947199, 0.194199353456, -0.14753395319, 0.108653768897, -0.055831220001], [0.155528172851, -0.23337726295, 0.245244711637, -0.25422039628, 0.281813055277, -0.296478837729, 0.29151558876, -0.276138097048, 0.235510751605, -0.196510344744, 0.151441037655, -0.110878661275, 0.0590150430799], [-0.133607208729, 0.203047931194, -0.217087030411, 0.23052072525, -0.264273256063, 0.27943867445, -0.276138097048, 0.279201000929, -0.233920603991, 0.193947330117, -0.151424139738, 0.112844914198, -0.0617271028459], [0.102679505944, -0.158903539181, 0.172918200493, -0.186355799437, 0.21694688499, -0.235665947199, 0.235510751605, -0.233920603991, 0.207684293389, -0.168358534575, 0.131442129612, -0.100012592971, 0.0547493174672], [-0.0784260779619, 0.12234916538, -0.13440848887, 0.147957742214, -0.177081644535, 0.194199353456, -0.196510344744, 0.193947330117, -0.168358534575, 0.150939643383, -0.11402965337, 0.0877541825175, -0.0476511120796], [0.0509040988982, -0.0842427313328, 0.0908355638385, -0.104640096426, 0.132038369775, -0.14753395319, 0.151441037655, -0.151424139738, 0.131442129612, -0.11402965337, 0.103979445994, -0.074812553823, 0.0402167513967], [-0.036130413413, 0.0582014210522, -0.0646302253008, 0.0738590285182, -0.0969525426626, 0.108653768897, -0.110878661275, 0.112844914198, -0.100012592971, 0.0877541825175, -0.074812553823, 0.0666803345084, -0.0350593440235], [0.017209937796, -0.0281695760787, 0.0315990746021, -0.0371755436063, 0.0496623814106, -0.055831220001, 0.0590150430799, -0.0617271028459, 0.0547493174672, -0.0476511120796, 0.0402167513967, -0.0350593440235, 0.0324538499117]]
    },
    "spectral_contrast_coeffs": {
        "max": [-0.398736804724, -0.44644933939, -0.466601520777, -0.523341953754, -0.504080176353, -0.327154040337],
        "mean": [-0.685663223267, -0.735379219055, -0.721573710442, -0.737908780575, -0.705864310265, -0.607297539711],
        "min": [-0.847370862961, -0.935030400753, -0.922951221466, -0.884182214737, -0.873954176903, -0.897798538208],
        "stdev": [0.0699343457818, 0.0797401890159, 0.0781858712435, 0.0577095076442, 0.0690864697099, 0.0915401801467]
    },
    "spectral_contrast_valleys": {
        "max": [-5.99405622482, -5.35691070557, -5.56910324097, -6.05341434479, -6.05691337585, -12.0266532898],
        "mean": [-7.46008253098, -7.15000152588, -7.60846567154, -7.78818845749, -7.80883264542, -14.2545118332],
        "min": [-9.55307674408, -9.64934253693, -10.1949253082, -10.6565923691, -11.9330749512, -17.1360664368],
        "stdev": [0.547961115837, 0.752158939838, 0.768340528011, 0.830273211002, 0.943721055984, 0.93083178997]
    }
},
"rhythm": {
    "beats_count": 88,
    "beats_loudness": {
        "max": 0.0433027930558,
        "mean": 0.0178367272019,
        "min": 0.000351322058123,
        "stdev": 0.00875614956021
    },
    "bpm": 101.000221252,
    "bpm_histogram_first_peak_bpm": 101,
    "bpm_histogram_first_peak_weight": 0.690476179123,
    "bpm_histogram_second_peak_bpm": 133,
    "bpm_histogram_second_peak_spread": 0.388888895512,
    "bpm_histogram_second_peak_weight": 0.126436784863,
    "danceability": 1.07360255718,
    "onset_rate": 2.2763671875,
    "beats_loudness_band_ratio": {
        "max": [0.666764199734, 0.915691614151, 0.825502991676, 0.877710402012, 0.680040359497, 0.713681459427],
        "mean": [0.11455771327, 0.189895734191, 0.189797893167, 0.259798079729, 0.222791194916, 0.0832006037235],
        "min": [0.00254862429574, 0.00417144503444, 0.00685769924894, 0.00520781194791, 0.00279032834806, 0.000870464777108],
        "stdev": [0.118190526962, 0.204242780805, 0.174545750022, 0.22922745347, 0.17415805161, 0.0932620316744]
    },
    "beats_position": [0.603718817234, 1.21904754639, 1.83437633514, 2.46131515503, 3.07664394379, 3.69197273254, 4.3073015213, 4.85297060013, 5.38702917099, 5.92108821869, 6.45514726639, 7.00081634521, 7.46521520615, 7.94122457504, 8.39401340485, 8.84680271149, 9.32281208038, 9.79882049561, 10.2632198334, 10.71600914, 11.1687984467, 11.6215867996, 12.0743761063, 12.5271654129, 12.9799547195, 13.4211339951, 13.8623123169, 14.3151016235, 14.756280899, 15.2090702057, 15.6734695435, 16.1262588501, 16.5558280945, 16.99700737, 17.4149665833, 17.8329238892, 18.2392749786, 18.6456241608, 19.0403633118, 19.5628108978, 20.0852603912, 20.5960998535, 21.1765975952, 21.7570972443, 22.3375968933, 22.918094635, 23.5102043152, 24.102312088, 24.6828117371, 25.2633094788, 25.8554191589, 26.4475269318, 27.0860767365, 27.7246246338, 28.409614563, 29.0946025848, 29.7447605133, 30.4181404114, 31.0915184021, 31.7648983002, 32.449886322, 33.053604126, 33.6573219299, 34.2610435486, 34.8647613525, 35.4684791565, 36.0722007751, 36.6759185791, 37.2796363831, 37.8717460632, 38.4754638672, 39.0675735474, 39.6596832275, 40.2634010315, 40.8555107117, 41.4360084534, 42.0165061951, 42.585395813, 43.1542854309, 43.7347831726, 44.3152809143, 44.9073905945, 45.4995002747, 46.0916099548, 46.683719635, 47.2758255005, 47.8795471191, 48.4832649231],
