{
"metadata": {
    "version": {
        "essentia": "2.1-beta5",
        "essentia_git_sha": "Undefined",
        "extractor": "music 2.0"
    },
    "audio_properties": {
        "analysis": {
            "equal_loudness": 0,
            "length": 28.2819042206,
            "sample_rate": 44100,
            "start_time": 207.748931885,
            "downmix": "mix"
        },
        "bit_rate": 192000,
        "length": 236.05406189,
        "lossless": 0,
        "number_channels": 2,
        "replay_gain": -2.7264213562,
        "sample_rate": 44100,
        "codec": "mp3",
        "md5_encoded": "0f92f282810dc8e2112c8359da73ce43"
    },
    "tags": {
        "file_name": "Sweden_Waterloo_ABBA.mp3",
        "encoding": ["Lavf58.29.100"]
    }
},
"lowlevel": {
    "average_loudness": 0.79642188549,
    "barkbands_crest": {
        "max": 22.0260620117,
        "mean": 7.09424829483,
        "min": 2.58970522881,
        "stdev": 2.99559855461
    },
    "barkbands_flatness_db": {
        "max": 0.223917379975,
        "mean": 0.116057939827,
        "min": 0.0341952033341,
        "stdev": 0.0268454160541
    },
    "barkbands_kurtosis": {
        "max": 13.502456665,
        "mean": 0.656300485134,
        "min": -1.59553587437,
        "stdev": 1.90898025036
    },
    "barkbands_skewness": {
        "max": 3.37937712669,
        "mean": 0.669887304306,
        "min": -3.40017390251,
        "stdev": 0.791653990746
    },
    "barkbands_spread": {
        "max": 64.616317749,
        "mean": 23.721534729,
        "min": 5.83407402039,
        "stdev": 9.29828166962
    },
    "dissonance": {
        "max": 0.499994575977,
        "mean": 0.479272574186,
        "min": 0.368305712938,
        "stdev": 0.0188863370568
    },
    "dynamic_complexity": 3.4757039547,
    "erbbands_crest": {
        "max": 24.0984287262,
        "mean": 8.0590877533,
        "min": 2.91333556175,
        "stdev": 3.71782851219
    },
    "erbbands_flatness_db": {
        "max": 0.273719161749,
        "mean": 0.181316480041,
        "min": 0.0940808579326,
        "stdev": 0.0378490053117
    },
    "erbbands_kurtosis": {
        "max": 10.1773529053,
        "mean": 0.330951690674,
        "min": -1.52070260048,
        "stdev": 1.34667754173
    },
    "erbbands_skewness": {
        "max": 2.25441527367,
        "mean": 0.366090238094,
        "min": -2.45804619789,
        "stdev": 0.586243927479
    },
    "erbbands_spread": {
        "max": 96.0204772949,
        "mean": 32.8541526794,
        "min": 7.56595802307,
        "stdev": 13.8598232269
    },
    "hfc": {
        "max": 270.961120605,
        "mean": 28.8025722504,
        "min": 5.11463326802e-07,
        "stdev": 23.0183410645
    },
    "loudness_ebu128": {
        "integrated": -21.1075630188,
        "loudness_range": 5.16096115112,
        "momentary": {
            "max": -17.6577701569,
            "mean": -22.7461013794,
            "min": -57.5009765625,
            "stdev": 5.20555305481
        },
        "short_term": {
            "max": -18.8034915924,
            "mean": -21.7500762939,
            "min": -28.8605194092,
            "stdev": 2.20775842667
        }
    },
    "melbands_crest": {
        "max": 24.9057846069,
        "mean": 9.88206768036,
        "min": 2.66095805168,
        "stdev": 4.22873258591
    },
    "melbands_flatness_db": {
        "max": 0.256330728531,
        "mean": 0.112782292068,
        "min": 0.0204207096249,
        "stdev": 0.0422564744949
    },
    "melbands_kurtosis": {
        "max": 49.2565307617,
        "mean": 4.01881742477,
        "min": -1.62166559696,
        "stdev": 5.17630910873
    },
    "melbands_skewness": {
        "max": 6.17332744598,
        "mean": 1.42665910721,
        "min": -1.34241533279,
        "stdev": 0.989930510521
    },
    "melbands_spread": {
        "max": 173.864456177,
        "mean": 36.5085678101,
        "min": 5.91094923019,
        "stdev": 18.7180423737
    },
    "pitch_salience": {
        "max": 0.85565084219,
        "mean": 0.65660405159,
        "min": 0.284791946411,
        "stdev": 0.108655184507
    },
    "silence_rate_20dB": {
        "max": 1,
        "mean": 1,
        "min": 1,
        "stdev": 0
    },
    "silence_rate_30dB": {
        "max": 1,
        "mean": 1,
        "min": 1,
        "stdev": 0
    },
    "silence_rate_60dB": {
        "max": 1,
        "mean": 0.0869565233588,
        "min": 0,
        "stdev": 0.281771212816
    },
    "spectral_centroid": {
        "max": 5315.015625,
        "mean": 1901.35925293,
        "min": 500.378112793,
        "stdev": 664.99206543
    },
    "spectral_complexity": {
        "max": 52,
        "mean": 24.1140270233,
        "min": 0,
        "stdev": 9.03484725952
    },
    "spectral_decrease": {
        "max": -7.78647444473e-19,
        "mean": -5.19326182058e-09,
        "min": -2.36815829169e-08,
        "stdev": 4.09637346266e-09
    },
    "spectral_energy": {
        "max": 0.0962206274271,
        "mean": 0.0222130250186,
        "min": 4.93300469917e-11,
        "stdev": 0.0167675688863
    },
    "spectral_energyband_high": {
        "max": 0.032418075949,
        "mean": 0.00155546935275,
        "min": 3.44088368909e-11,
        "stdev": 0.00241773156449
    },
    "spectral_energyband_low": {
        "max": 0.0607418231666,
        "mean": 0.00318839587271,
        "min": 1.777337175e-12,
        "stdev": 0.00548677053303
    },
    "spectral_energyband_middle_high": {
        "max": 0.0689426362514,
        "mean": 0.00846607517451,
        "min": 6.60341963402e-12,
        "stdev": 0.00743852090091
    },
    "spectral_energyband_middle_low": {
        "max": 0.0785849168897,
        "mean": 0.0100023476407,
        "min": 7.90888947215e-13,
        "stdev": 0.0101097095758
    },
    "spectral_entropy": {
        "max": 8.78152084351,
        "mean": 7.90626430511,
        "min": 6.93397045135,
        "stdev": 0.286095410585
    },
    "spectral_flux": {
        "max": 0.237605258822,
        "mean": 0.0777373462915,
        "min": 0.000168345228303,
        "stdev": 0.0358858183026
    },
    "spectral_kurtosis": {
        "max": 14.1040706635,
        "mean": 2.3098552227,
        "min": -0.907035589218,
        "stdev": 1.45579385757
    },
    "spectral_rms": {
        "max": 0.00968884862959,
        "mean": 0.00426421547309,
        "min": 2.19378378574e-07,
        "stdev": 0.00186754658353
    },
    "spectral_rolloff": {
        "max": 18475.4882812,
        "mean": 2649.2019043,
        "min": 172.265625,
        "stdev": 1562.0793457
    },
    "spectral_skewness": {
        "max": 2.67311310768,
        "mean": 1.24283003807,
        "min": 0.0664619877934,
        "stdev": 0.275154083967
    },
    "spectral_spread": {
        "max": 10806310,
        "mean": 4720687,
        "min": 2584508.75,
        "stdev": 980288.375
    },
    "spectral_strongpeak": {
        "max": 17.6038608551,
        "mean": 1.35877561569,
        "min": 0,
        "stdev": 1.54510462284
    },
    "zerocrossingrate": {
        "max": 0.509765625,
        "mean": 0.0967381671071,
        "min": 0.0234375,
        "stdev": 0.0413232818246
    },
    "barkbands": {
        "max": [0.000148897583131, 0.0214690752327, 0.0476511009037, 0.0166788175702, 0.0251621231437, 0.0277773663402, 0.00901999138296, 0.0295585878193, 0.0637076571584, 0.0496174022555, 0.0267369896173, 0.0210159830749, 0.0196898300201, 0.0242112353444, 0.0117702838033, 0.00388052174821, 0.00614844029769, 0.00640340428799, 0.00822167191654, 0.00411377241835, 0.00343435653485, 0.00493432302028, 0.0103691993281, 0.0287812203169, 0.00197921507061, 3.16716214002e-05, 8.68991776315e-07],
        "mean": [2.87213538286e-06, 0.000694003887475, 0.00160931039136, 0.00128879980184, 0.00286864116788, 0.00102069508284, 0.00072246423224, 0.00161952991039, 0.00221235817298, 0.00150459469296, 0.00100155267864, 0.000881811429281, 0.0011766460957, 0.00102783972397, 0.00096665561432, 0.000475462933537, 0.000399754819227, 0.000405440543545, 0.000626318447758, 0.000259774242295, 0.00030778782093, 0.000335261924192, 0.000349809444742, 0.000351935799699, 0.000102297788544, 1.39642622798e-06, 3.96744255227e-08],
        "min": [2.90548054366e-12, 5.25771049961e-13, 3.49179100348e-14, 8.36978869458e-14, 5.56525718521e-14, 2.28346631697e-14, 2.01999414374e-13, 2.28326418102e-13, 1.4268642691e-13, 2.53985255137e-13, 3.24768667905e-13, 2.68588238672e-13, 5.72095810395e-13, 3.71382124272e-13, 2.8592929348e-13, 9.21177847543e-13, 9.57488754082e-13, 1.79474837769e-12, 6.83725211864e-13, 1.50609982385e-12, 2.21057417163e-12, 2.37632851764e-12, 2.63376234884e-12, 3.23366181922e-12, 5.23525060109e-12, 7.85272888382e-12, 1.00181815968e-11],
        "stdev": [9.83225800155e-06, 0.00199003587477, 0.00339428894222, 0.00210724328645, 0.0039433799684, 0.00224569486454, 0.00110686174594, 0.00334004755132, 0.00434766476974, 0.00299973203801, 0.00198206072673, 0.00177465507295, 0.00207886472344, 0.00203124131076, 0.00111255748197, 0.000457278219983, 0.000493361498229, 0.000552148849238, 0.000942027429119, 0.000349063775502, 0.000411585526308, 0.000375086994609, 0.00075833464507, 0.00135224615224, 0.000169468767126, 2.40807776208e-06, 5.71157805496e-08]
    },
    "erbbands": {
        "max": [0.365702986717, 6.40919208527, 46.9617042542, 48.809551239, 70.217956543, 94.5663375854, 403.531890869, 91.9565505981, 138.224899292, 119.221084595, 923.212768555, 1469.45776367, 1231.19970703, 1939.86413574, 721.532226562, 804.568054199, 801.315368652, 1571.00488281, 822.42578125, 808.701416016, 246.415756226, 289.479949951, 300.821075439, 507.038696289, 227.807296753, 196.679458618, 142.573730469, 126.137916565, 105.585655212, 247.146759033, 318.081726074, 531.093261719, 345.614654541, 31.8313999176, 8.47365570068, 0.57878524065, 0.0434327498078, 0.00576601689681, 0.000442882446805, 0.000208661032957],
        "mean": [0.0106347585097, 0.20893292129, 1.47221934795, 3.91182589531, 6.28712797165, 10.2879104614, 10.5146350861, 6.5696978569, 10.3684339523, 10.7582759857, 48.1450157166, 51.9595832825, 39.7195358276, 56.8669891357, 40.4995269775, 37.8995895386, 52.2338829041, 54.7659187317, 56.7481079102, 36.6912269592, 26.9162921906, 20.7291374207, 20.5289421082, 33.7887458801, 23.472240448, 13.5064630508, 12.3209896088, 11.0395059586, 11.3912534714, 11.3650493622, 9.96774578094, 8.85170555115, 4.62260723114, 1.72801792622, 0.434153318405, 0.0295262355357, 0.00234783045016, 0.00030753138708, 3.16227087751e-05, 3.2068874134e-05],
        "min": [4.13463326077e-11, 4.71641545263e-11, 4.32798900885e-11, 1.79942546974e-10, 1.98012509167e-10, 1.74238512507e-10, 2.02263261695e-10, 2.61135751911e-10, 1.93337168497e-09, 3.74671360603e-09, 5.18616660727e-09, 4.21931733996e-09, 5.89953241814e-09, 7.46328776557e-09, 1.84459381103e-08, 1.24919132816e-08, 2.77235603363e-08, 1.50433336898e-08, 2.3472063404e-08, 1.50531445087e-08, 5.56567556487e-08, 6.78235707596e-08, 1.18088408385e-07, 3.83127876091e-08, 3.29907940966e-08, 8.37661175979e-08, 5.83577133284e-08, 1.18774011071e-07, 9.79291883141e-08, 6.89750834226e-08, 7.59050635679e-08, 8.44388523547e-08, 4.23218260437e-08, 5.42490425914e-08, 3.9555352771e-08, 2.54041747638e-08, 1.52910928364e-08, 6.10889738795e-09, 1.36111577564e-09, 1.44387737877e-10],
        "stdev": [0.0359040908515, 0.556546747684, 3.27851486206, 6.20816373825, 8.74041461945, 14.5514545441, 29.560087204, 11.9465742111, 15.7648677826, 14.5707445145, 95.3102645874, 111.373146057, 59.6013946533, 111.46661377, 69.3769836426, 69.3814315796, 88.485168457, 96.0886306763, 76.9207687378, 43.039352417, 25.6730861664, 25.1091690063, 25.1024723053, 50.3123016357, 28.9186611176, 18.3655738831, 17.1746902466, 12.8058128357, 12.29185009, 16.4252204895, 22.8970069885, 31.1060142517, 15.6436462402, 2.76386833191, 0.758392214775, 0.0516086854041, 0.00357594457455, 0.000455258123111, 3.57292665285e-05, 2.43126723944e-05]
    },
    "gfcc": {
        "mean": [-1.68951380253, 64.7024459839, -168.968673706, 30.9144973755, -86.9064941406, 28.9840450287, -46.2974128723, 1.97125267982, -22.428024292, -13.2404432297, -16.5669384003, -17.7848510742, -7.44277477264],
        "cov": [[7936.41455078, 1241.65368652, 986.60357666, 399.268981934, -71.7829360962, -246.716690063, -246.633728027, 29.1324253082, -339.792297363, -27.4765777588, 51.3596038818, -62.2230873108, -67.9645614624], [1241.65368652, 1093.68347168, 618.19732666, 213.660980225, 219.798110962, -138.743484497, 30.4765625, -23.8295230865, -77.0528564453, -29.408531189, 21.9456539154, -36.6460266113, -21.5113315582], [986.60357666, 618.19732666, 902.589416504, 364.052124023, 157.762405396, 24.7956237793, -34.8790016174, -6.68470716476, -87.8440551758, 35.7955818176, -33.0113372803, -5.72668027878, 10.6115446091], [399.268981934, 213.660980225, 364.052124023, 281.841461182, 107.630737305, 3.70787763596, -20.4971237183, -2.06072926521, -28.3396034241, 18.6562957764, -2.4638068676, 3.6617128849, -0.193572536111], [-71.7829360962, 219.798110962, 157.762405396, 107.630737305, 166.001052856, 26.3965072632, 19.5741577148, -2.31505250931, -2.37739610672, 10.9332380295, 9.18259048462, -5.82364034653, -1.47309327126], [-246.716690063, -138.743484497, 24.7956237793, 3.70787763596, 26.3965072632, 209.670913696, 64.5860290527, -3.39741277695, 29.1860218048, 49.738494873, -17.8644580841, 17.4068870544, 37.3521499634], [-246.633728027, 30.4765625, -34.8790016174, -20.4971237183, 19.5741577148, 64.5860290527, 127.529144287, 33.3674621582, 30.6277484894, 2.88098716736, 11.5268793106, 3.38584399223, 5.21193552017], [29.1324253082, -23.8295230865, -6.68470716476, -2.06072926521, -2.31505250931, -3.39741277695, 33.3674621582, 82.0313720703, 24.296377182, -2.42586374283, 4.94778680801, -0.3128670156, -14.0143375397], [-339.792297363, -77.0528564453, -87.8440551758, -28.3396034241, -2.37739610672, 29.1860218048, 30.6277484894, 24.296377182, 88.6318511963, 30.2027854919, 6.72698831558, 2.25774645805, 12.8925266266], [-27.4765777588, -29.408531189, 35.7955818176, 18.6562957764, 10.9332380295, 49.738494873, 2.88098716736, -2.42586374283, 30.2027854919, 74.4499664307, 13.3602933884, 8.22460269928, 18.7040729523], [51.3596038818, 21.9456539154, -33.0113372803, -2.4638068676, 9.18259048462, -17.8644580841, 11.5268793106, 4.94778680801, 6.72698831558, 13.3602933884, 53.9145355225, 10.6672515869, -12.4156236649], [-62.2230873108, -36.6460266113, -5.72668027878, 3.6617128849, -5.82364034653, 17.4068870544, 3.38584399223, -0.3128670156, 2.25774645805, 8.22460269928, 10.6672515869, 45.743144989, 27.8029098511], [-67.9645614624, -21.5113315582, 10.6115446091, -0.193572536111, -1.47309327126, 37.3521499634, 5.21193552017, -14.0143375397, 12.8925266266, 18.7040729523, -12.4156236649, 27.8029098511, 68.6378250122]],
        "icov": [[0.000300103245536, -0.000714853114914, 0.000338094192557, -0.000605448847637, 0.00122237764299, -0.000801179150585, 0.00105786358472, -0.00106205663178, 0.00104459433351, -0.000178878122824, -0.000721367367078, 0.000672687834594, -0.000366236403352], [-0.000714853114914, 0.00530035700649, -0.00381370075047, 0.00352022144943, -0.00629627099261, 0.00579068344086, -0.00574122741818, 0.00474906526506, -0.00260900845751, 0.00129367480986, 0.000122666489915, -8.39575150167e-05, -0.000134195244755], [0.000338094192557, -0.00381370075047, 0.00574353523552, -0.00546569330618, 0.0035543080885, -0.00399920344353, 0.00366211589426, -0.00388142117299, 0.00396765116602, -0.00288143544458, 0.00228939484805, 0.000137895927764, -0.000183584517799], [-0.000605448847637, 0.00352022144943, -0.00546569330618, 0.0110697885975, -0.00737827364355, 0.00424519274384, -0.00293291523121, 0.00334887788631, -0.00300692510791, 0.000589237781242, 0.000401594094001, -0.00281104422174, 0.00143342709634], [0.00122237764299, -0.00629627099261, 0.0035543080885, -0.00737827364355, 0.017240960151, -0.00813090335578, 0.00610469374806, -0.00539771327749, 0.00334166712128, -6.17439654889e-05, -0.00471720006317, 0.00416331551969, -0.00125460070558], [-0.000801179150585, 0.00579068344086, -0.00399920344353, 0.00424519274384, -0.00813090335578, 0.0151536380872, -0.0113984812051, 0.00697140255943, -0.00248065358028, -0.00524282082915, 0.00676431925967, -0.00382857816294, 0.000188744947081], [0.00105786358472, -0.00574122741818, 0.00366211589426, -0.00293291523121, 0.00610469374806, -0.0113984812051, 0.0195822361857, -0.0103624192998, 0.00130034377798, 0.00369537156075, -0.00699341809377, 0.00358833372593, -0.00256480788812], [-0.00106205663178, 0.00474906526506, -0.00388142117299, 0.00334887788631, -0.00539771327749, 0.00697140255943, -0.0103624192998, 0.0217180661857, -0.00922810006887, 0.00184399064165, 0.003558188444, -0.00543495034799, 0.00643384223804], [0.00104459433351, -0.00260900845751, 0.00396765116602, -0.00300692510791, 0.00334166712128, -0.00248065358028, 0.00130034377798, -0.00922810006887, 0.0228504426777, -0.00935533083975, -0.00116710120346, 0.00514679448679, -0.00500509468839], [-0.000178878122824, 0.00129367480986, -0.00288143544458, 0.000589237781242, -6.17439654889e-05, -0.00524282082915, 0.00369537156075, 0.00184399064165, -0.00935533083975, 0.025369502604, -0.0119201941416, 0.00402472587302, -0.005319386255], [-0.000721367367078, 0.000122666489915, 0.00228939484805, 0.000401594094001, -0.00471720006317, 0.00676431925967, -0.00699341809377, 0.003558188444, -0.00116710120346, -0.0119201941416, 0.0342543050647, -0.0169304963201, 0.0129681834951], [0.000672687834594, -8.39575150167e-05, 0.000137895927764, -0.00281104422174, 0.00416331551969, -0.00382857816294, 0.00358833372593, -0.00543495034799, 0.00514679448679, 0.00402472587302, -0.0169304963201, 0.0396258272231, -0.0197759084404], [-0.000366236403352, -0.000134195244755, -0.000183584517799, 0.00143342709634, -0.00125460070558, 0.000188744947081, -0.00256480788812, 0.00643384223804, -0.00500509468839, -0.005319386255, 0.0129681834951, -0.0197759084404, 0.028321724385]]
    },
    "melbands": {
        "max": [0.00437587592751, 0.0171690657735, 0.00674459803849, 0.00642001768574, 0.0116723235697, 0.00230216211639, 0.00202937377617, 0.00141089456156, 0.00808912795037, 0.00789918843657, 0.00609217118472, 0.00853156670928, 0.00312839727849, 0.00230072299019, 0.00321204354987, 0.00277010165155, 0.00260493159294, 0.0019877194427, 0.00110592530109, 0.000532987352926, 0.000299585954053, 0.000328479800373, 0.000262146058958, 0.000287588278297, 0.000494437641464, 0.000302382308291, 0.000192362131202, 0.000104002960143, 0.000128338346258, 0.000103437880171, 9.53092312557e-05, 5.69420772081e-05, 0.000138788673212, 0.000131129316287, 0.000186184945051, 0.000257685227552, 0.000531867495738, 0.00040526984958, 5.66787821299e-05, 2.53144662565e-05],
        "mean": [0.000144640376675, 0.000628355075605, 0.000685805687681, 0.000680999015458, 0.000348713103449, 0.000151734406245, 0.00015894016542, 0.000140673408168, 0.000407655228628, 0.000315884914016, 0.000195303597138, 0.000234776773141, 0.000142132645124, 0.000109243650513, 9.71802583081e-05, 0.000118051153549, 9.71619883785e-05, 9.22430699575e-05, 6.3291794504e-05, 3.67120555893e-05, 3.07008158416e-05, 2.21401878662e-05, 1.59284918482e-05, 2.26290321734e-05, 2.80745916825e-05, 2.30533350987e-05, 1.04076380012e-05, 7.92832088337e-06, 8.06852858659e-06, 6.62774846205e-06, 6.41528004053e-06, 6.55142412143e-06, 6.29412534181e-06, 6.04047863817e-06, 5.7581096371e-06, 5.68558652958e-06, 5.50530648979e-06, 3.63341109733e-06, 2.13991233977e-06, 1.18224306789e-06],
        "min": [4.01287727006e-13, 3.34532579318e-14, 3.18277712128e-14, 1.15429093015e-14, 8.11311365583e-15, 6.21114352442e-15, 3.32914441457e-14, 4.49979476965e-14, 3.42877920609e-14, 2.62308858174e-14, 2.99741446399e-14, 2.99991151712e-14, 4.91582211677e-14, 3.96001319843e-14, 4.16144474837e-14, 5.64963115353e-14, 2.55847775555e-14, 4.15343927058e-14, 1.79304203321e-14, 2.96579574051e-14, 7.42753365865e-14, 5.3098737023e-14, 1.29091642974e-13, 6.29962932947e-14, 2.82890691531e-14, 2.29108537833e-14, 1.9297660258e-14, 6.94875472267e-14, 3.21055200925e-14, 5.08618348176e-14, 6.71869921894e-14, 6.08888685457e-14, 3.6815839819e-14, 3.87543119883e-14, 3.96388583307e-14, 4.93107345321e-14, 5.60098706781e-14, 2.57079175114e-14, 3.56079708362e-14, 5.05441805217e-14],
        "stdev": [0.000430736778071, 0.0012924503535, 0.000979698263109, 0.000959840894211, 0.000851761142258, 0.000279207422864, 0.000239936009166, 0.000192947190953, 0.000793909362983, 0.000636808981653, 0.000302905973513, 0.000485005439259, 0.000275732716545, 0.000225911906455, 0.00017492340703, 0.000217948065256, 0.000181806462933, 0.000154337438289, 7.12292749085e-05, 3.87450018025e-05, 3.26654262608e-05, 2.87375587504e-05, 2.19879239012e-05, 3.23620442941e-05, 4.74221378681e-05, 3.50452428393e-05, 1.40877600643e-05, 1.10487126221e-05, 1.31150873131e-05, 8.38550477056e-06, 8.01451915322e-06, 7.41527856007e-06, 7.84908479545e-06, 9.53946801019e-06, 1.35366535687e-05, 1.732137207e-05, 2.43654867518e-05, 1.66696245287e-05, 3.60516696674e-06, 1.96509449779e-06]
    },
    "melbands128": {
        "max": [0.000144052261021, 0.00218415725976, 0.00720768840984, 0.0141373826191, 0.0236231517047, 0.0215966366231, 0.0122387837619, 0.00831456575543, 0.00794352963567, 0.011958877556, 0.00506634498015, 0.0105591975152, 0.0202252492309, 0.00668050162494, 0.00307564018294, 0.00253409147263, 0.00146953831427, 0.0037444238551, 0.00281951949, 0.00221773982048, 0.00227924645878, 0.00806412473321, 0.0151516003534, 0.0223612245172, 0.0132701694965, 0.00344353797846, 0.013298265636, 0.00606965180486, 0.00423443829641, 0.0153161911294, 0.00783235393465, 0.00817814003676, 0.00604214332998, 0.0023219792638, 0.003915829584, 0.00481928419322, 0.00263842870481, 0.00669421488419, 0.00446130987257, 0.00388223165646, 0.00336185330525, 0.0105024548247, 0.00303711486049, 0.00339433038607, 0.00629123207182, 0.00200990703888, 0.00211780657992, 0.000618029385805, 0.00256573688239, 0.00104217417538, 0.000580340391025, 0.00046559330076, 0.000670295907184, 0.000772199535277, 0.000430416082963, 0.000607148918789, 0.000575977668632, 0.000392377434764, 0.000423613470048, 0.000359468132956, 0.000471960171126, 0.000842520385049, 0.000505204428919, 0.00108197145164, 0.000873224344105, 0.000651541340631, 0.000250414275797, 0.000123179939692, 0.00027037441032, 0.000290388066787, 0.000123802485177, 9.77796225925e-05, 9.21635291888e-05, 0.000257313426118, 0.000108289372292, 0.000197267741896, 7.51618863433e-05, 5.3200408729e-05, 0.000205221484066, 5.80517589697e-05, 8.9424145699e-05, 5.55253682251e-05, 5.95996680204e-05, 0.000156828580657, 0.000225213283557, 0.000147128943354, 0.00019835367857, 0.000190227365238, 0.00032898914651, 0.000123138772324, 0.000200163631234, 0.000423816003604, 0.000381293066312, 0.000274721562164, 0.00140756554902, 0.000804524810519, 0.000123453064589, 0.000155725225341, 4.74747757835e-05, 3.37752280757e-05, 5.65448353882e-05, 2.42968017119e-05, 1.6709753254e-05, 2.22816088353e-05, 1.02376643554e-05, 6.2558301579e-06, 3.99383225158e-06, 8.28301438105e-07, 9.91190177047e-07, 2.81681963088e-07, 1.16711397879e-07, 9.49175174014e-08, 8.35477678152e-08, 1.2404024119e-07, 1.13680528102e-07, 4.49300898708e-08, 2.1007943829e-08, 4.42978276283e-09, 4.03094002621e-09, 3.74520103819e-09, 3.53828366606e-09, 3.3743130512e-09, 3.23140270098e-09, 3.09887471239e-09, 2.99076385879e-09, 2.914337216e-09, 2.87274981581e-09, 2.84339596313e-09],
        "mean": [2.66841493612e-06, 4.64859949716e-05, 0.000186974211829, 0.00036205741344, 0.000624012958724, 0.000842006411403, 0.000885828514583, 0.000506809097715, 0.000513442850206, 0.00103973899968, 0.000505991163664, 0.000273833662504, 0.000452223117463, 0.00022485385125, 0.000135335343657, 0.000119726944831, 0.000103354512248, 0.000236887732171, 0.000122581113828, 8.50886281114e-05, 9.90863263723e-05, 0.000417307863245, 0.000489574391395, 0.000331693969201, 0.000392002431909, 0.000250056618825, 0.000294408469927, 0.000132621848024, 0.000146729726112, 0.00033724057721, 0.000201239730814, 0.000173471329617, 0.000163514036103, 9.21790342545e-05, 0.000117366529594, 0.000124690035591, 8.5197352746e-05, 6.27867921139e-05, 0.000143213270348, 0.000115528528113, 9.54062925302e-05, 0.000149498984683, 9.45543361013e-05, 7.10292806616e-05, 9.20195670915e-05, 9.90027183434e-05, 9.669825522e-05, 5.88213806623e-05, 5.53057470825e-05, 4.51449013781e-05, 3.29368776875e-05, 2.66085444309e-05, 3.58578909072e-05, 2.93658576993e-05, 2.88575083687e-05, 1.82310595847e-05, 1.93548276002e-05, 2.14437604882e-05, 1.10615019366e-05, 1.26437653307e-05, 2.8926626328e-05, 2.32333713939e-05, 2.41614689003e-05, 3.26915724145e-05, 2.94339097309e-05, 2.71630779025e-05, 1.55776815518e-05, 1.03169641079e-05, 8.59229203343e-06, 1.16981882456e-05, 8.97314748727e-06, 5.06512333232e-06, 6.70985218676e-06, 1.14134072646e-05, 5.12144288223e-06, 7.42220254324e-06, 6.88553427608e-06, 4.77568482893e-06, 7.48632555769e-06, 6.2445428739e-06, 7.55001747166e-06, 5.69404846829e-06, 6.36221875538e-06, 5.78829758524e-06, 6.98391295373e-06, 7.05844331605e-06, 5.35461867912e-06, 4.72257079309e-06, 7.27443602955e-06, 4.55545796285e-06, 5.57096655029e-06, 6.72550595482e-06, 4.8186911954e-06, 5.02201919517e-06, 6.89967146172e-06, 4.18228773924e-06, 2.9349180295e-06, 2.52547033597e-06, 2.20310721488e-06, 1.94074391402e-06, 1.64744619724e-06, 9.02858801055e-07, 8.41921064421e-07, 7.6352398537e-07, 5.010095947e-07, 2.33410816008e-07, 1.18205505828e-07, 3.178842789e-08, 1.21522170105e-08, 6.44125641713e-09, 5.8356133259e-09, 5.87880455427e-09, 4.59575399958e-09, 4.20426182757e-09, 4.10586009636e-09, 2.39067521335e-09, 1.4239716073e-09, 8.43162258762e-12, 6.96590007898e-12, 6.64416568638e-12, 6.39895558416e-12, 6.19975642005e-12, 6.00428821246e-12, 5.8208724299e-12, 5.70393905719e-12, 5.61871296018e-12, 5.56456096479e-12, 5.51731316883e-12],
        "min": [1.17255912011e-12, 4.90778316424e-13, 1.67217260004e-13, 5.59109236773e-14, 2.11411935863e-14, 1.88073196611e-14, 3.79387175159e-14, 4.05539486812e-14, 1.79758094396e-14, 5.74383587093e-15, 9.41945868906e-15, 1.4337079565e-14, 7.50511594739e-15, 9.97042376334e-16, 1.98928292289e-15, 9.36604140328e-15, 2.17954503051e-14, 3.68765077068e-14, 4.83577885851e-14, 4.24019374029e-14, 3.26429421688e-14, 8.09154108192e-14, 2.48541133827e-14, 4.29638488957e-15, 2.81439046466e-14, 4.05547991023e-14, 1.00102269003e-14, 3.27467748556e-14, 4.10900934317e-14, 3.66865046642e-14, 2.62764240027e-14, 1.41975774738e-14, 2.64461321359e-14, 1.18849049525e-13, 3.73768229637e-14, 1.51311780353e-14, 3.84964378897e-14, 2.54759761735e-14, 4.75819368986e-14, 9.87476566445e-14, 5.45049641813e-14, 4.70856255665e-15, 2.31493240511e-14, 2.85332128476e-14, 5.32077095057e-14, 4.4290248281e-14, 3.1868754055e-14, 2.08394177701e-14, 1.0308955092e-14, 8.00173305843e-15, 3.78809634214e-14, 4.19636656153e-14, 7.76311591508e-14, 1.01938795675e-13, 2.91703679712e-14, 3.3048477827e-14, 8.79327128689e-14, 8.6687615094e-14, 1.79417516e-13, 1.63502688493e-13, 2.28119474401e-14, 1.36865785903e-14, 5.10509704985e-14, 2.18085420464e-14, 1.143934343e-14, 2.74216311821e-14, 2.86431136784e-14, 1.97291913573e-14, 1.3739709579e-14, 1.12864768529e-14, 1.20364276272e-13, 5.70507860788e-14, 3.45452866887e-14, 3.61029497855e-14, 2.10833344598e-14, 1.95148107065e-14, 8.00135850046e-14, 1.07343597715e-13, 5.43127961225e-14, 2.94938600181e-14, 8.56230166521e-14, 6.30719163962e-14, 4.05150054944e-14, 2.94822759955e-14, 4.00342770274e-14, 3.04847903106e-14, 5.49230088221e-14, 2.47292048221e-14, 3.59474582534e-14, 5.78221484907e-14, 3.50621665219e-14, 5.75717926565e-14, 4.46663918959e-14, 5.99704747667e-14, 6.94031556401e-14, 2.25473495939e-14, 1.64052612776e-14, 2.54129027121e-14, 3.0545190536e-14, 4.71532094783e-14, 4.31929170978e-14, 4.14851292695e-14, 7.42022613601e-14, 4.65308062805e-14, 4.14947481757e-14, 3.80278728158e-14, 3.98280990436e-14, 5.29452173835e-14, 4.26239549027e-14, 3.05192035652e-14, 6.18734528673e-14, 4.93115070261e-14, 3.64443345565e-14, 5.30077114743e-14, 7.76658875016e-14, 2.70518470905e-14, 4.82675524712e-14, 5.85469850769e-14, 4.21018810635e-14, 4.02167008192e-14, 2.87901179405e-14, 5.27260526906e-14, 6.00611953835e-14, 4.16406140255e-14, 3.4594397659e-14, 2.36809456457e-14, 5.01569746565e-14, 4.6333376453e-14],
        "stdev": [9.5419554782e-06, 0.000204652256798, 0.000650710542686, 0.00107869307976, 0.00167470052838, 0.00167350750417, 0.00149503233843, 0.000859942636453, 0.000843043380883, 0.00164167268667, 0.000771886669099, 0.000745371333323, 0.00147030723747, 0.000563886307646, 0.000303204142256, 0.000255259044934, 0.000158749622642, 0.000425399455708, 0.000213287086808, 0.000204976124223, 0.000165098128491, 0.000898068479728, 0.00115121121053, 0.00114233000204, 0.00120298098773, 0.000426096521551, 0.000611813855357, 0.000307167618303, 0.000342964223819, 0.000858362123836, 0.000465887715109, 0.000448916689493, 0.000424260389991, 0.000186310207937, 0.000314910401357, 0.000340606755344, 0.000198044697754, 0.000226054893574, 0.000333203846822, 0.000275955331745, 0.000257546082139, 0.000439517258201, 0.000253287376836, 0.00017995350936, 0.000354740041075, 0.00018358239322, 0.00016075433814, 7.23532139091e-05, 0.000111996851047, 7.32072876417e-05, 4.07940788136e-05, 3.47384520865e-05, 4.99274574395e-05, 5.3149953601e-05, 4.53012180515e-05, 3.73525581381e-05, 3.5075150663e-05, 3.50445516233e-05, 2.34350100072e-05, 2.44730417762e-05, 5.40662440471e-05, 4.34035719081e-05, 4.66600940854e-05, 7.93377548689e-05, 6.68393404339e-05, 5.7166966144e-05, 2.44217644649e-05, 1.48776498463e-05, 1.56511978275e-05, 2.34158560488e-05, 1.45785334098e-05, 7.49084665586e-06, 1.07250580186e-05, 2.51374567597e-05, 7.04779085936e-06, 1.22622432173e-05, 9.18923433346e-06, 5.00601663589e-06, 1.36137996378e-05, 7.59781642046e-06, 1.0672292774e-05, 6.84166434439e-06, 8.03873535915e-06, 8.70009807841e-06, 1.15086832011e-05, 1.15441916932e-05, 1.05658082248e-05, 1.2014150343e-05, 2.04762382054e-05, 9.23232619243e-06, 1.29433083202e-05, 2.70097716566e-05, 1.67727812368e-05, 1.54377739818e-05, 5.29673270648e-05, 3.32501222147e-05, 6.10656297795e-06, 6.07832089372e-06, 3.68992391486e-06, 3.3500095924e-06, 3.08191965814e-06, 1.67945427165e-06, 1.48772994635e-06, 1.4931114265e-06, 9.47954447383e-07, 4.97607913985e-07, 2.46682446914e-07, 6.41288977477e-08, 3.77611222291e-08, 1.24707577598e-08, 9.37771371667e-09, 9.28894383634e-09, 6.98922386633e-09, 7.0919403683e-09, 7.341651731e-09, 4.27847357543e-09, 1.9830839193e-09, 1.26864810324e-10, 1.15437139014e-10, 1.07260957061e-10, 1.01339527048e-10, 9.66467669783e-11, 9.25580861955e-11, 8.87663970106e-11, 8.56729270859e-11, 8.34857322163e-11, 8.22947196499e-11, 8.14550302208e-11]
    },
    "mfcc": {
        "mean": [-616.253540039, 77.4206161499, -20.4458084106, -7.94689083099, -9.59771728516, 4.76907777786, -7.84138917923, 3.02913665771, -3.84034967422, 3.56090688705, -4.44501829147, -9.65610408783, -11.0051279068],
        "cov": [[6767.00634766, 845.395080566, 717.51184082, 498.76776123, 131.513641357, -211.738876343, 100.927238464, -95.6307373047, -195.046447754, -147.953643799, 26.4005794525, 19.1539802551, -28.2584705353], [845.395080566, 944.310974121, 359.094848633, 348.343017578, 155.697769165, -21.8147659302, 109.292663574, -14.4024448395, -11.9135103226, -69.3006744385, 39.8497848511, 25.5840969086, 0.67157125473], [717.51184082, 359.094848633, 651.87286377, 326.192718506, 191.566238403, 84.7267608643, 95.6044845581, -33.3096694946, 39.3466758728, -31.5566883087, -16.3335475922, 60.1840057373, 5.53803062439], [498.76776123, 348.343017578, 326.192718506, 387.473815918, 170.95980835, -10.1612281799, 52.7825546265, -15.0489616394, -19.231760025, -31.2392597198, 8.5781211853, 24.2053070068, 8.17477703094], [131.513641357, 155.697769165, 191.566238403, 170.95980835, 187.103988647, 49.1872138977, 33.3115196228, -21.848985672, 8.81959438324, -11.9498147964, -4.41087627411, 24.5653133392, 4.63895845413], [-211.738876343, -21.8147659302, 84.7267608643, -10.1612281799, 49.1872138977, 172.5105896, 54.4790840149, -7.86930418015, 54.6458015442, 15.8628644943, -15.458190918, 34.3521957397, 15.2906484604], [100.927238464, 109.292663574, 95.6044845581, 52.7825546265, 33.3115196228, 54.4790840149, 106.524009705, 28.5544052124, 16.5865268707, -2.36743927002, 12.2477684021, 22.567527771, 6.15179109573], [-95.6307373047, -14.4024448395, -33.3096694946, -15.0489616394, -21.848985672, -7.86930418015, 28.5544052124, 84.3148040771, 20.5749759674, 5.18571996689, 18.1533222198, 2.59201645851, -1.39221143723], [-195.046447754, -11.9135103226, 39.3466758728, -19.231760025, 8.81959438324, 54.6458015442, 16.5865268707, 20.5749759674, 93.5476913452, 28.6771831512, -9.0184135437, 19.9524993896, 7.43612670898], [-147.953643799, -69.3006744385, -31.5566883087, -31.2392597198, -11.9498147964, 15.8628644943, -2.36743927002, 5.18571996689, 28.6771831512, 66.2790756226, 19.8403224945, 11.6011981964, 9.78885936737], [26.4005794525, 39.8497848511, -16.3335475922, 8.5781211853, -4.41087627411, -15.458190918, 12.2477684021, 18.1533222198, -9.0184135437, 19.8403224945, 69.7718429565, 16.0599727631, 4.38273525238], [19.1539802551, 25.5840969086, 60.1840057373, 24.2053070068, 24.5653133392, 34.3521957397, 22.567527771, 2.59201645851, 19.9524993896, 11.6011981964, 16.0599727631, 62.4237480164, 20.2631340027], [-28.2584705353, 0.67157125473, 5.53803062439, 8.17477703094, 4.63895845413, 15.2906484604, 6.15179109573, -1.39221143723, 7.43612670898, 9.78885936737, 4.38273525238, 20.2631340027, 43.6233711243]],
        "icov": [[0.000204714538995, -7.96500680735e-05, -0.000240209497861, 1.95270695258e-05, 0.000123229678138, 0.000291292381007, -0.000170944898855, 0.000159270202857, 0.000334279931849, 6.3461397076e-05, 1.49479774336e-05, -9.75843213382e-05, 4.72591964353e-05], [-7.96500680735e-05, 0.00205416232347, -0.000107122425106, -0.00120768789202, -0.000114976290206, 0.00075810571434, -0.00163281336427, 0.00117116293404, -0.00139898504131, 0.00205725012347, -0.00174474529922, 0.000468232203275, -9.45365172811e-05], [-0.000240209497861, -0.000107122425106, 0.00394677044824, -0.0024499532301, -0.000572274147999, -0.000903313630261, -0.00116355856881, 0.00135117885657, -0.00208533578552, 0.000817078223918, 0.000817074789666, -0.00176829460543, 0.00130020442884], [1.95270695258e-05, -0.00120768789202, -0.0024499532301, 0.00777541939169, -0.00447069574147, 0.0023099782411, -0.000280895794276, -0.0012174511794, 0.00225100875832, -0.000858933257405, 0.000297837104881, 0.000449386017863, -0.00187794526573], [0.000123229678138, -0.000114976290206, -0.000572274147999, -0.00447069574147, 0.0110396370292, -0.00298473797739, 0.000594425771851, 0.00155369495042, -0.000189651036635, 0.000475033011753, -1.82483909157e-05, -0.00112521124538, 0.00128024688456], [0.000291292381007, 0.00075810571434, -0.000903313630261, 0.0023099782411, -0.00298473797739, 0.0119281932712, -0.00655522337183, 0.00374542921782, -0.00403768382967, 3.29482645611e-05, 0.00167617609259, -0.00229881308042, -0.00138055440038], [-0.000170944898855, -0.00163281336427, -0.00116355856881, -0.000280895794276, 0.000594425771851, -0.00655522337183, 0.0176154896617, -0.00773767568171, 0.00250551733188, -0.000430935993791, -0.00101717479993, -0.00115668226499, -7.27627120796e-05], [0.000159270202857, 0.00117116293404, 0.00135117885657, -0.0012174511794, 0.00155369495042, 0.00374542921782, -0.00773767568171, 0.018519371748, -0.0071663307026, 0.0036463313736, -0.00494987796992, 0.000562940549571, 0.000985091202892], [0.000334279931849, -0.00139898504131, -0.00208533578552, 0.00225100875832, -0.000189651036635, -0.00403768382967, 0.00250551733188, -0.0071663307026, 0.020131861791, -0.00917760375887, 0.00634818058461, -0.00319861853495, 0.000410052743973], [6.3461397076e-05, 0.00205725012347, 0.000817078223918, -0.000858933257405, 0.000475033011753, 3.29482645611e-05, -0.000430935993791, 0.0036463313736, -0.00917760375887, 0.0244042128325, -0.00975795648992, 0.000333264295477, -0.00290444470011], [1.49479774336e-05, -0.00174474529922, 0.000817074789666, 0.000297837104881, -1.82483909157e-05, 0.00167617609259, -0.00101717479993, -0.00494987796992, 0.00634818058461, -0.00975795648992, 0.0224269330502, -0.00696351099759, 0.0013657824602], [-9.75843213382e-05, 0.000468232203275, -0.00176829460543, 0.000449386017863, -0.00112521124538, -0.00229881308042, -0.00115668226499, 0.000562940549571, -0.00319861853495, 0.000333264295477, -0.00696351099759, 0.0252951234579, -0.00940320361406], [4.72591964353e-05, -9.45365172811e-05, 0.00130020442884, -0.00187794526573, 0.00128024688456, -0.00138055440038, -7.27627120796e-05, 0.000985091202892, 0.000410052743973, -0.00290444470011, 0.0013657824602, -0.00940320361406, 0.0283443089575]]
    },
    "spectral_contrast_coeffs": {
        "max": [-0.484085232019, -0.527871072292, -0.534991443157, -0.607313275337, -0.624309539795, -0.663044571877],
        "mean": [-0.68723410368, -0.766382992268, -0.770745158195, -0.79834908247, -0.781964361668, -0.758675336838],
        "min": [-0.906442284584, -0.934626221657, -0.939758181572, -0.937091648579, -0.925242066383, -0.906374573708],
        "stdev": [0.0740881413221, 0.0741183906794, 0.0666588321328, 0.0503627844155, 0.0577061548829, 0.0313654281199]
    },
    "spectral_contrast_valleys": {
        "max": [-5.43316459656, -5.03920316696, -5.55014514923, -5.66065645218, -5.9846072197, -7.70189332962],
        "mean": [-7.68369531631, -6.79387712479, -6.8530831337, -6.9125957489, -7.30383014679, -9.50475025177],
        "min": [-18.4436035156, -17.1816711426, -17.1406841278, -16.900812149, -16.4811553955, -17.8201236725],
        "stdev": [1.40107059479, 0.929693222046, 0.770474612713, 0.705954492092, 0.693512797356, 0.80044233799]
    }
},
"rhythm": {
    "beats_count": 67,
    "beats_loudness": {
        "max": 0.0743288174272,
        "mean": 0.0273296833038,
        "min": 4.51372143289e-05,
        "stdev": 0.0179905761033
    },
    "bpm": 147.595916748,
    "bpm_histogram_first_peak_bpm": 148,
    "bpm_histogram_first_peak_weight": 0.375,
    "bpm_histogram_second_peak_bpm": 140,
    "bpm_histogram_second_peak_spread": 0.260869562626,
    "bpm_histogram_second_peak_weight": 0.257575750351,
    "danceability": 0.980134308338,
    "onset_rate": 2.40337777138,
    "beats_loudness_band_ratio": {
        "max": [0.728164434433, 0.555563390255, 0.589266836643, 0.590974152088, 0.562060773373, 0.900854170322],
        "mean": [0.163195997477, 0.104666806757, 0.200991153717, 0.240562811494, 0.169831722975, 0.156763955951],
        "min": [0.000339232617989, 0.00214575137943, 0.016600953415, 0.0352409817278, 0.0261983405799, 0.0214888490736],
        "stdev": [0.191726773977, 0.125780835748, 0.123124092817, 0.16418902576, 0.127806991339, 0.159345716238]
    },
    "beats_position": [0.406349211931, 0.835918366909, 1.24226760864, 1.64861679077, 2.0549659729, 2.46131515503, 2.87927436829, 3.29723358154, 3.70358276367, 4.1099319458, 4.5046710968, 4.91102027893, 5.31736946106, 5.72371864319, 6.14167785645, 6.54802703857, 6.94276618958, 7.3491153717, 7.74385452271, 8.15020370483, 8.55655288696, 8.96290206909, 9.36925125122, 9.77560043335, 10.1819496155, 10.5882987976, 10.9830379486, 11.3777770996, 11.749297142, 12.1556463242, 12.5503854752, 12.9567346573, 13.3630838394, 13.7462129593, 14.1409521103, 14.5240812302, 14.9304304123, 15.3367795944, 15.7431287766, 16.1494789124, 16.5906581879, 17.031835556, 17.4730148315, 17.9141941071, 18.3437633514, 18.7733325958, 19.2029018402, 19.6324710846, 20.062040329, 20.5032196045, 20.9211788177, 21.339138031, 21.7570972443, 22.1750564575, 22.6046257019, 23.0458049774, 23.4753742218, 23.9049434662, 24.3229026794, 24.7524719238, 25.1820411682, 25.6116104126, 26.0411777496, 26.470746994, 26.9003162384, 27.3298854828, 27.7594547272],
