{
"metadata": {
    "version": {
        "essentia": "2.1-beta5",
        "essentia_git_sha": "Undefined",
        "extractor": "music 2.0"
    },
    "audio_properties": {
        "analysis": {
            "equal_loudness": 0,
            "length": 32.4963264465,
            "sample_rate": 44100,
            "start_time": 29.0017242432,
            "downmix": "mix"
        },
        "bit_rate": 192000,
        "length": 236.05406189,
        "lossless": 0,
        "number_channels": 2,
        "replay_gain": -1.71134185791,
        "sample_rate": 44100,
        "codec": "mp3",
        "md5_encoded": "0f92f282810dc8e2112c8359da73ce43"
    },
    "tags": {
        "file_name": "Sweden_Waterloo_ABBA.mp3",
        "encoding": ["Lavf58.29.100"]
    }
},
"lowlevel": {
    "average_loudness": 0.804266393185,
    "barkbands_crest": {
        "max": 22.561882019,
        "mean": 8.40437507629,
        "min": 2.20225071907,
        "stdev": 3.80681848526
    },
    "barkbands_flatness_db": {
        "max": 0.362227767706,
        "mean": 0.146483272314,
        "min": 0.0602981932461,
        "stdev": 0.0458206087351
    },
    "barkbands_kurtosis": {
        "max": 185.266372681,
        "mean": 3.09358406067,
        "min": -1.84365320206,
        "stdev": 10.043920517
    },
    "barkbands_skewness": {
        "max": 10.0971193314,
        "mean": 0.986396253109,
        "min": -5.00420618057,
        "stdev": 1.34022498131
    },
    "barkbands_spread": {
        "max": 84.9809494019,
        "mean": 20.1099853516,
        "min": 0.717911243439,
        "stdev": 11.2383184433
    },
    "dissonance": {
        "max": 0.49989682436,
        "mean": 0.466445028782,
        "min": 0.247630298138,
        "stdev": 0.0337081924081
    },
    "dynamic_complexity": 3.4423224926,
    "erbbands_crest": {
        "max": 25.5436344147,
        "mean": 8.57050323486,
        "min": 3.16010546684,
        "stdev": 3.62255048752
    },
    "erbbands_flatness_db": {
        "max": 0.312451958656,
        "mean": 0.197962298989,
        "min": 0.0890819728374,
        "stdev": 0.0382534377277
    },
    "erbbands_kurtosis": {
        "max": 31.5442695618,
        "mean": 0.72014605999,
        "min": -1.69757270813,
        "stdev": 2.83214449883
    },
    "erbbands_skewness": {
        "max": 4.47188282013,
        "mean": 0.271553069353,
        "min": -4.60326480865,
        "stdev": 0.848944067955
    },
    "erbbands_spread": {
        "max": 133.795639038,
        "mean": 31.5969200134,
        "min": 3.93916940689,
        "stdev": 16.0073451996
    },
    "hfc": {
        "max": 346.384918213,
        "mean": 21.7884979248,
        "min": 0.0741614326835,
        "stdev": 27.6903476715
    },
    "loudness_ebu128": {
        "integrated": -23.6716213226,
        "loudness_range": 6.18604278564,
        "momentary": {
            "max": -18.8997554779,
            "mean": -24.7529945374,
            "min": -34.6464614868,
            "stdev": 3.35210299492
        },
        "short_term": {
            "max": -21.4736232758,
            "mean": -24.2675056458,
            "min": -29.2651405334,
            "stdev": 2.25835633278
        }
    },
    "melbands_crest": {
        "max": 30.4870548248,
        "mean": 11.8533229828,
        "min": 2.65142464638,
        "stdev": 5.92363119125
    },
    "melbands_flatness_db": {
        "max": 0.480509340763,
        "mean": 0.163525596261,
        "min": 0.0187346339226,
        "stdev": 0.0837606489658
    },
    "melbands_kurtosis": {
        "max": 225.503646851,
        "mean": 8.73919677734,
        "min": -1.89671087265,
        "stdev": 19.1644096375
    },
    "melbands_skewness": {
        "max": 11.2484140396,
        "mean": 1.84050786495,
        "min": -2.01152133942,
        "stdev": 1.62583816051
    },
    "melbands_spread": {
        "max": 240.930389404,
        "mean": 32.7215080261,
        "min": 0.55357080698,
        "stdev": 28.0709400177
    },
    "pitch_salience": {
        "max": 0.896134316921,
        "mean": 0.646803498268,
        "min": 0.124613963068,
        "stdev": 0.135191053152
    },
    "silence_rate_20dB": {
        "max": 1,
        "mean": 1,
        "min": 1,
        "stdev": 0
    },
    "silence_rate_30dB": {
        "max": 1,
        "mean": 1,
        "min": 1,
        "stdev": 0
    },
    "silence_rate_60dB": {
        "max": 1,
        "mean": 0.122055672109,
        "min": 0,
        "stdev": 0.327351093292
    },
    "spectral_centroid": {
        "max": 5043.97753906,
        "mean": 1717.14038086,
        "min": 153.641433716,
        "stdev": 866.704162598
    },
    "spectral_complexity": {
        "max": 42,
        "mean": 18.8786582947,
        "min": 0,
        "stdev": 9.64900016785
    },
    "spectral_decrease": {
        "max": -3.73098218986e-11,
        "mean": -3.65224095411e-09,
        "min": -2.49643559158e-08,
        "stdev": 3.20720539015e-09
    },
    "spectral_energy": {
        "max": 0.0959795340896,
        "mean": 0.0157606899738,
        "min": 0.000155641391757,
        "stdev": 0.0133932931349
    },
    "spectral_energyband_high": {
        "max": 0.0483760498464,
        "mean": 0.00109825737309,
        "min": 1.50334881255e-06,
        "stdev": 0.00338272913359
    },
    "spectral_energyband_low": {
        "max": 0.0845127999783,
        "mean": 0.00238383631222,
        "min": 1.68685755852e-06,
        "stdev": 0.00611275853589
    },
    "spectral_energyband_middle_high": {
        "max": 0.0447930470109,
        "mean": 0.0064521166496,
        "min": 4.83956182507e-06,
        "stdev": 0.00694997236133
    },
    "spectral_energyband_middle_low": {
        "max": 0.0540715418756,
        "mean": 0.0067461929284,
        "min": 2.27922264457e-05,
        "stdev": 0.00790551677346
    },
    "spectral_entropy": {
        "max": 8.60825157166,
        "mean": 7.64462757111,
        "min": 6.11585187912,
        "stdev": 0.491587311029
    },
    "spectral_flux": {
        "max": 0.250963717699,
        "mean": 0.0750259011984,
        "min": 0.00560591137037,
        "stdev": 0.043203830719
    },
    "spectral_kurtosis": {
        "max": 21.4360675812,
        "mean": 3.87476968765,
        "min": -0.748474836349,
        "stdev": 3.21137046814
    },
    "spectral_rms": {
        "max": 0.00967670232058,
        "mean": 0.00356734776869,
        "min": 0.000389673281461,
        "stdev": 0.00162797328085
    },
    "spectral_rolloff": {
        "max": 9000.87890625,
        "mean": 2291.95800781,
        "min": 107.666015625,
        "stdev": 1775.69213867
    },
    "spectral_skewness": {
        "max": 3.4617395401,
        "mean": 1.38817358017,
        "min": -0.390155702829,
        "stdev": 0.516379475594
    },
    "spectral_spread": {
        "max": 13868963,
        "mean": 4090635.25,
        "min": 1834421.5,
        "stdev": 1236020.625
    },
    "spectral_strongpeak": {
        "max": 15.3675813675,
        "mean": 1.12211358547,
        "min": 0.012181234546,
        "stdev": 1.50027656555
    },
    "zerocrossingrate": {
        "max": 0.32080078125,
        "mean": 0.0788007900119,
        "min": 0.00439453125,
        "stdev": 0.0501961559057
    },
    "barkbands": {
        "max": [0.000335344870109, 0.0303477719426, 0.0601812675595, 0.0287283156067, 0.027552338317, 0.00878175068647, 0.0148852234706, 0.0376150496304, 0.0521959662437, 0.0374897457659, 0.0216075312346, 0.0114272870123, 0.0107871266082, 0.0144434990361, 0.0111689027399, 0.0097016217187, 0.00400635460392, 0.00344874802977, 0.0159733183682, 0.00415898440406, 0.00431136181578, 0.00616414612159, 0.0276759341359, 0.0128177655861, 0.00313557730988, 1.8816876036e-05, 4.57486379446e-07],
        "mean": [3.03940987578e-06, 0.000593426462729, 0.00106962095015, 0.000941132078879, 0.00148595613427, 0.000389974418795, 0.000787794648204, 0.00116906454787, 0.00160231615882, 0.00134401244577, 0.000752072955947, 0.000495622865856, 0.000646118016448, 0.000775530119427, 0.000602437066846, 0.000445014971774, 0.000305377616314, 0.000257315929048, 0.00093250523787, 0.000131867476739, 0.000161215401022, 0.000226689095143, 0.000362399441656, 0.000243187721935, 3.63528997696e-05, 6.11931682215e-07, 3.52617952615e-08],
        "min": [2.80260881169e-09, 3.88545913665e-07, 2.75347417755e-07, 4.2471742745e-07, 4.1723387767e-06, 1.15611544516e-06, 7.6408912264e-07, 5.30750298822e-07, 1.18341711186e-06, 5.29537487637e-07, 2.12441875647e-07, 1.07846581443e-07, 2.20426997544e-07, 3.20364989648e-07, 3.25893921627e-07, 1.47257338767e-07, 1.59718837267e-07, 1.41883603533e-07, 1.03678615915e-07, 1.37334126293e-07, 2.00239483661e-07, 2.06298565786e-07, 2.40162449927e-07, 2.59425746663e-07, 9.38670297046e-08, 3.73338764348e-08, 1.46396408884e-10],
        "stdev": [1.71027531906e-05, 0.0021730363369, 0.00335340481251, 0.00290224910714, 0.002962091472, 0.00077958899783, 0.00144525431097, 0.00292516243644, 0.00382202444598, 0.00316639035009, 0.00168353843037, 0.00090885075042, 0.00116365822032, 0.00131762528326, 0.000863267865498, 0.000691768189427, 0.000524039322045, 0.000421600969275, 0.00174950959627, 0.000294728757581, 0.000342586834449, 0.000526966061443, 0.00162556173746, 0.000955005467404, 0.000136597183882, 1.51824997374e-06, 2.96145064027e-08]
    },
    "erbbands": {
        "max": [0.807260096073, 8.01756095886, 62.4085044861, 106.289215088, 85.0818328857, 93.741973877, 62.6107368469, 93.4608459473, 131.290847778, 388.918426514, 1027.38952637, 1630.82128906, 1018.18548584, 1230.65625, 884.950683594, 444.472900391, 457.97744751, 708.584472656, 700.474914551, 406.285430908, 403.101715088, 272.278564453, 221.861557007, 567.305053711, 683.849975586, 140.041275024, 170.478866577, 169.45652771, 238.861190796, 668.731384277, 740.901733398, 413.001983643, 105.507675171, 54.7773513794, 9.18711471558, 0.43476614356, 0.0509397722781, 0.00611235853285, 0.000402356032282, 0.000219736044528],
        "mean": [0.00819063186646, 0.173870444298, 1.02009451389, 2.87815833092, 3.30791544914, 5.78967237473, 3.42398667336, 3.18262386322, 9.35010814667, 14.6550884247, 31.5901756287, 36.7453842163, 39.3980865479, 38.6415710449, 30.2658805847, 20.3857021332, 27.8090839386, 40.4725379944, 35.1926269531, 28.1148204803, 24.228433609, 16.5186576843, 12.2230453491, 40.3860816956, 32.9537582397, 7.01550102234, 6.13365888596, 6.7709980011, 7.75923109055, 10.2658443451, 10.1895542145, 7.20657491684, 2.69798517227, 0.693943321705, 0.127497524023, 0.00949163921177, 0.00100099982228, 0.000153066896019, 1.97899080376e-05, 2.25968633458e-05],
        "min": [1.23586205518e-05, 6.3284081989e-05, 0.000823399808723, 0.00435271626338, 0.0124155087397, 0.0170363783836, 0.00822442118078, 0.0086725698784, 0.00537224672735, 0.0157262198627, 0.0139201367274, 0.030378466472, 0.0338705480099, 0.0126392301172, 0.00776150589809, 0.0101247383282, 0.0134902102873, 0.0174390729517, 0.0157096553594, 0.0129410205409, 0.00894154049456, 0.00954385567456, 0.00836143270135, 0.00637362524867, 0.00589542277157, 0.00595813198015, 0.00689429417253, 0.00964359287173, 0.00831035710871, 0.00641347188503, 0.0058319256641, 0.00566399656236, 0.00344449467957, 0.00156617537141, 0.00055684754625, 0.0002300713968, 6.12414587522e-05, 8.91778472578e-06, 1.27836312913e-06, 2.18922153294e-07],
        "stdev": [0.0436342284083, 0.590399980545, 3.20941662788, 8.48369884491, 6.93099069595, 11.8381814957, 7.08736419678, 6.72136449814, 16.3800411224, 31.5106487274, 78.0132369995, 96.9568939209, 89.4724807739, 82.1052322388, 64.7107162476, 34.382522583, 47.0859680176, 67.9836959839, 52.3638191223, 38.9334793091, 34.7240333557, 27.4446277618, 18.181678772, 68.0497894287, 70.7637863159, 13.4514665604, 14.655872345, 13.2647953033, 17.6737709045, 38.367729187, 45.3265075684, 30.3781280518, 9.43355846405, 2.43492722511, 0.472642302513, 0.0285960864276, 0.00273143639788, 0.000318175065331, 3.14040553349e-05, 2.15848303924e-05]
    },
    "gfcc": {
        "mean": [-41.4373817444, 84.9563446045, -158.1590271, 29.8626098633, -77.8353042603, 20.3114967346, -40.7890281677, 2.00939106941, -17.105140686, -15.1879501343, -12.7756738663, -15.5732622147, -9.45874500275],
        "cov": [[4216.13574219, -1364.32263184, -1810.41040039, -265.053009033, -848.618408203, 29.2755031586, -375.955078125, -58.9600448608, -26.7806968689, -120.731887817, 54.3325576782, -202.487930298, -5.84681558609], [-1364.32263184, 2064.76635742, 1064.02954102, -56.3138618469, 812.289672852, -412.465393066, 218.497528076, 73.2714614868, 30.7876682281, -95.4539871216, 61.2410888672, 55.7865638733, -125.960021973], [-1810.41040039, 1064.02954102, 1689.4017334, 474.560852051, 503.258575439, -7.95454645157, 217.060699463, -31.2793254852, -21.469575882, 29.6042633057, -72.0557785034, 91.2144165039, 37.1508102417], [-265.053009033, -56.3138618469, 474.560852051, 507.516387939, 122.74508667, 34.8683242798, 17.0219745636, -47.459815979, 1.68791866302, 18.9835891724, 2.97749137878, -7.83041286469, 4.8899641037], [-848.618408203, 812.289672852, 503.258575439, 122.74508667, 559.68963623, -119.22303772, 68.73021698, 53.9477005005, 28.3715744019, -8.85522556305, 46.5678749084, 18.4555206299, -64.9903259277], [29.2755031586, -412.465393066, -7.95454645157, 34.8683242798, -119.22303772, 338.764831543, 37.6249008179, -50.2213821411, 0.470075637102, 75.1046218872, -87.3692321777, 25.2300300598, 98.5836029053], [-375.955078125, 218.497528076, 217.060699463, 17.0219745636, 68.73021698, 37.6249008179, 230.684448242, 75.4007339478, 17.3601760864, -17.0404052734, 3.17127466202, 30.1976337433, -6.29716730118], [-58.9600448608, 73.2714614868, -31.2793254852, -47.459815979, 53.9477005005, -50.2213821411, 75.4007339478, 176.671142578, 38.20520401, -31.0438728333, 53.476776123, -0.319838911295, -46.695438385], [-26.7806968689, 30.7876682281, -21.469575882, 1.68791866302, 28.3715744019, 0.470075637102, 17.3601760864, 38.20520401, 76.1682052612, 29.1687927246, 12.1899785995, -2.97104811668, -9.17946529388], [-120.731887817, -95.4539871216, 29.6042633057, 18.9835891724, -8.85522556305, 75.1046218872, -17.0404052734, -31.0438728333, 29.1687927246, 106.148216248, 0.231687858701, 0.384589791298, 24.4773387909], [54.3325576782, 61.2410888672, -72.0557785034, 2.97749137878, 46.5678749084, -87.3692321777, 3.17127466202, 53.476776123, 12.1899785995, 0.231687858701, 107.904998779, -3.64317727089, -55.7244911194], [-202.487930298, 55.7865638733, 91.2144165039, -7.83041286469, 18.4555206299, 25.2300300598, 30.1976337433, -0.319838911295, -2.97104811668, 0.384589791298, -3.64317727089, 80.6505889893, 39.9474906921], [-5.84681558609, -125.960021973, 37.1508102417, 4.8899641037, -64.9903259277, 98.5836029053, -6.29716730118, -46.695438385, -9.17946529388, 24.4773387909, -55.7244911194, 39.9474906921, 109.214653015]],
        "icov": [[0.00085588026559, -0.00104247557465, 0.00112860032823, -0.0011345265666, 0.00165223889053, -0.00114840746392, 0.00113565439824, -0.000491556653287, 0.000139127136208, 0.00105351442471, -0.000865227601025, 0.00138886133209, -0.000788365490735], [-0.00104247557465, 0.00587486289442, -0.00390869705006, 0.00540640344843, -0.00635498575866, 0.00482426490635, -0.00370278325863, 0.00414124689996, -0.00340041285381, 0.00162121339235, -4.42472301074e-05, -0.000974727561697, 0.000912940187845], [0.00112860032823, -0.00390869705006, 0.0045869294554, -0.00506604835391, 0.00348523119465, -0.00236368947662, 0.00141147198156, -0.00284062558785, 0.00354274502024, -0.00199615256861, 0.00189621024765, -2.71201097348e-05, -0.00098407221958], [-0.0011345265666, 0.00540640344843, -0.00506604835391, 0.00838510040194, -0.00578608177602, 0.00318097346462, -0.00274762115441, 0.00501163955778, -0.00454661389813, 0.00290472246706, -0.0026319436729, 0.000767787743825, 0.000535453320481], [0.00165223889053, -0.00635498575866, 0.00348523119465, -0.00578608177602, 0.0103630973026, -0.00515023153275, 0.00470033613965, -0.00443335901946, 0.00201227073558, -0.000342495884979, -0.00153822347056, 0.00154963810928, -8.19903361844e-05], [-0.00114840746392, 0.00482426490635, -0.00236368947662, 0.00318097346462, -0.00515023153275, 0.0106225125492, -0.00549990078434, 0.00234724301845, -0.000488116347697, -0.00462401844561, 0.00538506777957, -0.00249925907701, -0.0011456211796], [0.00113565439824, -0.00370278325863, 0.00141147198156, -0.00274762115441, 0.00470033613965, -0.00549990078434, 0.00977117568254, -0.00477541610599, 0.00019272674399, 0.00243332912214, -0.00179826864041, 0.000363337196177, 0.000136780188768], [-0.000491556653287, 0.00414124689996, -0.00284062558785, 0.00501163955778, -0.00443335901946, 0.00234724301845, -0.00477541610599, 0.0134468562901, -0.00811356958002, 0.00614342559129, -0.00527281826362, 0.000528591568582, 0.0012662995141], [0.000139127136208, -0.00340041285381, 0.00354274502024, -0.00454661389813, 0.00201227073558, -0.000488116347697, 0.00019272674399, -0.00811356958002, 0.0224810112268, -0.0112427948043, 0.00489027798176, -0.00139200896956, 0.000677862670273], [0.00105351442471, 0.00162121339235, -0.00199615256861, 0.00290472246706, -0.000342495884979, -0.00462401844561, 0.00243332912214, 0.00614342559129, -0.0112427948043, 0.0214997213334, -0.0100981919095, 0.00558414077386, -0.00374619034119], [-0.000865227601025, -4.42472301074e-05, 0.00189621024765, -0.0026319436729, -0.00153822347056, 0.00538506777957, -0.00179826864041, -0.00527281826362, 0.00489027798176, -0.0100981919095, 0.0221737474203, -0.00803847238421, 0.00816929899156], [0.00138886133209, -0.000974727561697, -2.71201097348e-05, 0.000767787743825, 0.00154963810928, -0.00249925907701, 0.000363337196177, 0.000528591568582, -0.00139200896956, 0.00558414077386, -0.00803847238421, 0.0220598075539, -0.0111887138337], [-0.000788365490735, 0.000912940187845, -0.00098407221958, 0.000535453320481, -8.19903361844e-05, -0.0011456211796, 0.000136780188768, 0.0012662995141, 0.000677862670273, -0.00374619034119, 0.00816929899156, -0.0111887138337, 0.0211696699262]]
    },
    "melbands": {
        "max": [0.00824779458344, 0.0229409541935, 0.0152119016275, 0.00742463488132, 0.00191503867973, 0.00190590426791, 0.00204927567393, 0.00377373304218, 0.00750675424933, 0.0103317638859, 0.00537589285523, 0.00563051411882, 0.0031824640464, 0.0016448686365, 0.00110266299453, 0.00134749908466, 0.00135838100687, 0.00121918949299, 0.000880299136043, 0.000887595582753, 0.000487872195663, 0.000298519415082, 0.000164948854945, 0.000197660527192, 0.000541603541933, 0.000857230741531, 0.000283518573269, 0.0001057420086, 0.000113113936095, 9.37376462389e-05, 9.78733951342e-05, 0.000127553445054, 0.000168286627741, 0.000521407928318, 0.000501919421367, 0.000296398211503, 0.000269123353064, 8.96451238077e-05, 4.75902015751e-05, 4.45150253654e-05],
        "mean": [0.000118715171993, 0.000457200483652, 0.000460419978481, 0.000368462904589, 0.000133272696985, 7.38238231861e-05, 0.000148940453073, 0.00017172776279, 0.000265945855062, 0.000229893121286, 0.000197876957827, 0.000161406671396, 0.000102629739558, 6.30786671536e-05, 5.10285863129e-05, 6.91873574397e-05, 7.52308042138e-05, 5.79679690418e-05, 4.2755054892e-05, 3.28186215484e-05, 2.76133123407e-05, 1.92403331312e-05, 8.82964013726e-06, 1.30840253405e-05, 3.48899193341e-05, 3.69788576791e-05, 7.98249948275e-06, 3.73955754185e-06, 3.70856082554e-06, 3.76140224034e-06, 3.95765846406e-06, 4.14925943915e-06, 4.76842205899e-06, 6.21675826551e-06, 6.15700082562e-06, 5.05316620547e-06, 4.10628217651e-06, 2.03781019081e-06, 1.05803144379e-06, 4.05068192322e-07],
        "min": [1.28389700649e-07, 2.71429684062e-07, 1.05446190446e-06, 8.44883629725e-07, 2.47049712243e-07, 1.41940020626e-07, 9.22519589608e-08, 1.81227790108e-07, 1.00735817909e-07, 2.03299862278e-07, 1.51094823764e-07, 4.23126742533e-08, 2.95596880306e-08, 1.46674548063e-08, 3.03712788252e-08, 2.21605702677e-08, 3.16789474653e-08, 1.92008258182e-08, 2.15259827741e-08, 1.26873551665e-08, 8.80752981658e-09, 8.90483953242e-09, 6.68719390973e-09, 5.06288966307e-09, 3.96191701668e-09, 3.24072035873e-09, 4.7424695282e-09, 3.69408303946e-09, 4.09820533065e-09, 3.84207776705e-09, 4.49332127062e-09, 4.20776746779e-09, 2.42239805992e-09, 3.68440389309e-09, 2.71001532326e-09, 3.30652105696e-09, 2.99452240782e-09, 2.03164174373e-09, 1.897987989e-09, 1.17273279976e-09],
        "stdev": [0.000492435472552, 0.00130271050148, 0.00122203689534, 0.000794148247223, 0.000239247732679, 0.000150543171912, 0.000255040795309, 0.000356563890819, 0.000635858450551, 0.000625007669441, 0.000460124661913, 0.000361962796887, 0.000224218631047, 0.000122584693599, 9.64396895142e-05, 0.000123150399304, 0.000132731132908, 9.51797192101e-05, 5.9480429627e-05, 5.57445200684e-05, 4.15656832047e-05, 3.452636156e-05, 1.40035554068e-05, 2.26911797654e-05, 6.1101251049e-05, 8.22555521154e-05, 1.87179848581e-05, 9.0601570264e-06, 9.73739315668e-06, 8.09184257378e-06, 7.67751498643e-06, 8.87235910341e-06, 1.25433425637e-05, 2.70296022791e-05, 2.90604457405e-05, 2.20254587475e-05, 1.73764856299e-05, 7.26086318537e-06, 3.52437768925e-06, 1.6307402575e-06]
    },
    "melbands128": {
        "max": [0.000323629530612, 0.00487344153225, 0.0138676976785, 0.0176646430045, 0.0324761942029, 0.0320136025548, 0.0255700945854, 0.0125419124961, 0.00805807765573, 0.0107545088977, 0.00474036391824, 0.0036088344641, 0.00307891331613, 0.00167267327197, 0.00274756527506, 0.00439926702529, 0.00364815769717, 0.00340394861996, 0.00465427571908, 0.00688306149095, 0.00393687281758, 0.0110696675256, 0.0115944417194, 0.00878309551626, 0.0168217588216, 0.0155620742589, 0.0115621350706, 0.00831000134349, 0.00980927050114, 0.0124843893573, 0.00593200558797, 0.00481474585831, 0.00577286118641, 0.0047416226007, 0.00223548407666, 0.00321148103103, 0.00182098383084, 0.00210221973248, 0.00210740603507, 0.00178422394674, 0.00211009313352, 0.00268655037507, 0.00277706119232, 0.00184607948177, 0.00229285075329, 0.00270800874569, 0.00118917878717, 0.00140902365092, 0.00146694469731, 0.000747013662476, 0.00185881962534, 0.00114482629579, 0.000684778497089, 0.000715648056939, 0.000489442783874, 0.000607464637142, 0.000480957474792, 0.000243308546487, 0.000164003737154, 0.000332095427439, 0.000298279395793, 0.000383147795219, 0.000488586549181, 0.000988660845906, 0.0008856546483, 0.00145525974222, 0.00106754503213, 0.000413140369346, 0.000361020007404, 0.000112969893962, 0.000137857408845, 0.000157005779329, 0.000171972991666, 0.000166398982401, 0.000112302448542, 0.000106988285552, 0.000133801644552, 0.000114131493319, 0.000119705960969, 0.000105356215499, 0.000122599391034, 0.000207331744605, 0.000239654618781, 0.000231034384342, 0.000207798599149, 0.000390486879041, 0.000969666521996, 0.000454343418824, 0.000665335450321, 0.000386309227906, 0.000307645910652, 0.000424465310061, 0.000414277979871, 0.000388015439967, 0.00018947951321, 0.000137699928018, 9.201157809e-05, 0.00010335049592, 4.81795832457e-05, 5.90616218688e-05, 7.15481146472e-05, 4.14792957599e-05, 1.56174628501e-05, 1.45359463204e-05, 1.07595860754e-05, 3.89390334021e-06, 1.97775057131e-06, 5.09938217874e-07, 2.39392619505e-07, 2.07596130508e-07, 1.00438938944e-07, 1.60938697036e-07, 1.80882423706e-07, 7.40342684935e-08, 9.26996861494e-08, 6.11160828612e-08, 1.63074229675e-08, 2.20018159247e-09, 2.02369410118e-09, 1.96733473956e-09, 1.89441506926e-09, 1.81683001976e-09, 1.78741932366e-09, 1.73500736e-09, 1.71121017356e-09, 1.68750613483e-09, 1.67333624734e-09, 1.68002689538e-09],
        "mean": [2.9084947073e-06, 3.5144341382e-05, 0.00014172088413, 0.000323153770296, 0.000450178864412, 0.00055758212693, 0.000684236176312, 0.000327597750584, 0.000246419251198, 0.000555336766411, 0.000308502319967, 0.000131707274704, 0.00012812850764, 6.67826170684e-05, 5.43514433957e-05, 8.21747307782e-05, 0.00011970794003, 0.000179245020263, 0.00015686590632, 0.000158809387358, 0.00015813751088, 0.000261648528976, 0.0003053395194, 0.00024038637639, 0.000234469189309, 0.000234679828282, 0.00019462518685, 0.000189749669516, 0.000202748706215, 0.000198674300918, 0.000138961011544, 0.000101396639366, 0.000105091443402, 0.000106473533378, 6.83688122081e-05, 5.25608484168e-05, 4.71435087093e-05, 4.72647989227e-05, 5.68997274968e-05, 5.79322259e-05, 7.03979894752e-05, 8.81772357388e-05, 7.81789931352e-05, 6.94723858032e-05, 6.13835363765e-05, 5.95119199716e-05, 4.96536631545e-05, 4.20119213231e-05, 4.22064877057e-05, 3.4383530874e-05, 3.31917217409e-05, 2.79584928649e-05, 2.92159493256e-05, 2.67999621428e-05, 2.59033186012e-05, 2.03706767934e-05, 1.19434125736e-05, 8.83155280462e-06, 7.67008168623e-06, 8.49019761517e-06, 1.13979349408e-05, 1.62498508871e-05, 2.73890600511e-05, 3.9862072299e-05, 4.91827559017e-05, 4.53311440651e-05, 2.55505383393e-05, 9.52175287239e-06, 4.72308011013e-06, 3.68646624338e-06, 3.76628418053e-06, 3.66254562323e-06, 3.80022311219e-06, 3.60818239642e-06, 3.82618873118e-06, 3.65435062122e-06, 3.80099709218e-06, 3.91223693441e-06, 4.17305864175e-06, 3.69917370335e-06, 3.94398603021e-06, 4.31792204836e-06, 4.68972712042e-06, 4.64820004709e-06, 5.01036947753e-06, 5.62800551052e-06, 7.30825377104e-06, 6.09602875556e-06, 6.54303630654e-06, 5.82644861424e-06, 4.78010497318e-06, 4.93917741551e-06, 5.17573789693e-06, 4.54829341834e-06, 3.30595980813e-06, 2.20239166993e-06, 1.91130652638e-06, 1.49841571329e-06, 1.12557904686e-06, 8.23679101813e-07, 5.35774802302e-07, 3.31284468302e-07, 2.48075366471e-07, 1.99934802936e-07, 1.40694581319e-07, 6.30603196328e-08, 2.92919946077e-08, 1.16474172529e-08, 5.66107072331e-09, 4.46237446994e-09, 3.31313088076e-09, 2.73860023547e-09, 2.11111550463e-09, 1.56424728726e-09, 1.40554734518e-09, 1.14583709188e-09, 1.19068954696e-09, 6.71887762441e-12, 5.06594766136e-12, 4.96651548013e-12, 4.85005438589e-12, 4.73777527626e-12, 4.63934489783e-12, 4.53041857501e-12, 4.49725890209e-12, 4.4583993615e-12, 4.42871173761e-12, 4.40160928539e-12],
        "min": [5.29419737216e-11, 7.73000863319e-09, 3.40620154304e-08, 3.45475328345e-08, 9.47480600644e-08, 1.43237897987e-07, 2.705155282e-07, 2.67025171752e-07, 4.34141725236e-07, 2.5723201702e-07, 9.68543076851e-08, 1.37921730925e-07, 6.59783907508e-08, 3.61999958898e-08, 3.03161193926e-08, 4.06225009186e-09, 1.56915120897e-08, 3.35772867288e-08, 9.70456710547e-08, 7.08708540742e-08, 9.62115436209e-08, 1.13586615669e-07, 2.93727246969e-08, 7.38351957352e-08, 5.65293376553e-08, 8.2458036843e-08, 5.48135403733e-08, 5.39872502259e-08, 3.46896413816e-08, 2.09874659873e-08, 8.66021832024e-09, 4.39575753575e-09, 3.02246725425e-08, 9.62677315641e-09, 5.92129056898e-09, 4.48969483813e-09, 6.09129413576e-09, 1.02994377471e-08, 1.26659864819e-08, 1.30455166669e-08, 1.03897113135e-08, 6.46129194593e-09, 1.92423481593e-08, 1.43836702549e-08, 4.07642675171e-09, 4.95388041699e-09, 8.0544522163e-09, 4.36091918132e-09, 5.17260545507e-09, 5.10196329628e-09, 1.38717810572e-08, 8.04167754609e-09, 3.42592310076e-09, 3.44690143095e-09, 5.60537483096e-09, 4.63348737156e-09, 3.43140404979e-09, 4.86210449679e-09, 2.37117081525e-09, 2.54579202164e-09, 3.91265997379e-09, 4.57967841427e-09, 2.51821141717e-09, 3.29038463143e-09, 2.93462187884e-09, 1.97820448911e-09, 2.24039431451e-09, 3.57110740978e-09, 3.35505845328e-09, 2.78712808388e-09, 1.4158644257e-09, 2.07128203478e-09, 3.59447582809e-09, 2.68149435989e-09, 2.14758677508e-09, 2.65161292923e-09, 2.24276686112e-09, 2.27719754164e-09, 2.68900346434e-09, 3.63804875114e-09, 3.09335135285e-09, 2.52721976679e-09, 3.0694655706e-09, 2.05592254332e-09, 2.01057348548e-09, 2.59067656216e-09, 2.95846502851e-09, 2.4062223325e-09, 1.67265279405e-09, 1.96272798014e-09, 2.16104290018e-09, 2.54852805526e-09, 2.27542895637e-09, 2.44105846647e-09, 1.07011610684e-09, 1.15274634283e-09, 1.05696018604e-09, 1.03618824632e-09, 1.37836453362e-09, 7.91770482511e-10, 9.68201852025e-10, 8.45647107894e-10, 6.15649975444e-10, 4.04234618001e-10, 5.19006115862e-10, 3.5467634385e-10, 3.34229866006e-10, 2.74971656555e-10, 3.00878072457e-11, 9.60576687636e-11, 7.36671626478e-11, 8.65879867806e-11, 7.49117920473e-11, 4.45672145022e-12, 1.24963331783e-12, 4.6963218904e-12, 7.17267174474e-13, 4.50188470487e-13, 3.21082841304e-13, 3.23293746374e-13, 3.57086512052e-13, 3.19764099097e-13, 3.76899330972e-13, 2.76130924766e-13, 4.37074448899e-13, 3.74282175348e-13, 3.68128135397e-13, 3.79547738724e-13],
        "stdev": [1.67919351952e-05, 0.000263107795035, 0.00076406612061, 0.00112900463864, 0.00162899645511, 0.00170581869315, 0.00212119123898, 0.000973924819846, 0.000507306947839, 0.00140366575215, 0.000618150981609, 0.000240669265622, 0.0003294920607, 0.000157901406055, 0.000153379500262, 0.000259125168668, 0.00028160578222, 0.000387969368603, 0.000401334633352, 0.000517854350619, 0.000430591957411, 0.000845309637953, 0.000976552430075, 0.000722324242815, 0.000895361299627, 0.000899374950677, 0.000592564640101, 0.000640926824417, 0.000688440166414, 0.000603975669947, 0.000393352442188, 0.000300345360301, 0.000307368085487, 0.000344843661878, 0.000173582171556, 0.000149699204485, 0.000115016089694, 0.000123384219478, 0.000160743977176, 0.000139158539241, 0.000174592263647, 0.000198622554308, 0.000208728131838, 0.000152346037794, 0.000135569061968, 0.00014238867152, 8.68170827744e-05, 7.25867867004e-05, 7.76342494646e-05, 5.99222621531e-05, 8.93481847015e-05, 6.22085135547e-05, 5.2582436183e-05, 5.70618976781e-05, 5.44863796677e-05, 5.15746432939e-05, 2.8945853046e-05, 1.83409356396e-05, 1.26096147142e-05, 1.75082914211e-05, 2.44189504883e-05, 3.45791086147e-05, 5.25471914443e-05, 8.37943953229e-05, 0.000112785666715, 0.00013128327555, 8.04858864285e-05, 2.83565350401e-05, 1.61905336427e-05, 8.68670758791e-06, 1.01920022644e-05, 1.01497471405e-05, 1.15503971756e-05, 1.06000643427e-05, 9.75866441877e-06, 8.27036183182e-06, 8.92502157512e-06, 8.19755405246e-06, 9.04587977857e-06, 7.04557942299e-06, 7.7540798884e-06, 1.1009507034e-05, 1.34806750793e-05, 1.25842643683e-05, 1.48118051584e-05, 2.06400145544e-05, 4.22879893449e-05, 2.77979197563e-05, 3.44328691426e-05, 2.63583806372e-05, 2.05168453249e-05, 2.41229099629e-05, 2.52828267548e-05, 2.02347655431e-05, 1.38772211358e-05, 7.94584047981e-06, 6.99981092112e-06, 5.59545560463e-06, 3.9066167119e-06, 3.12974907501e-06, 2.429120741e-06, 1.38968130159e-06, 9.01519570107e-07, 7.66313803524e-07, 5.92598041749e-07, 2.37631610389e-07, 9.89528246009e-08, 3.1501389941e-08, 1.4246859692e-08, 1.21965753053e-08, 8.62813998026e-09, 7.97048560486e-09, 6.53639498083e-09, 4.33234825792e-09, 4.87864681986e-09, 3.0053146638e-09, 9.77238845401e-10, 6.03486080553e-11, 5.54749232662e-11, 5.39861627624e-11, 5.2047120086e-11, 4.99771161955e-11, 4.91583926343e-11, 4.77400827203e-11, 4.71029673599e-11, 4.64684818402e-11, 4.60753553366e-11, 4.62189106432e-11]
    },
    "mfcc": {
        "mean": [-663.124572754, 100.770339966, -17.281879425, 0.69982779026, -6.63927412033, 3.19230079651, -9.13298130035, 7.43665504456, -5.87758874893, 6.71126842499, -3.7576406002, -10.1006851196, -8.28190994263],
        "cov": [[5955.92578125, -2173.99511719, -1452.57299805, -1056.03637695, -702.975341797, -338.232879639, -452.252197266, -206.058868408, -281.324432373, -104.078926086, 27.6683826447, -99.8491744995, -202.784515381], [-2173.99511719, 2541.18505859, 363.930023193, 591.868774414, 474.35848999, -151.702987671, 194.800552368, 186.615081787, 24.0284042358, -20.4662532806, 143.866149902, 6.51675796509, 70.4322738647], [-1452.57299805, 363.930023193, 1047.82958984, 484.826751709, 176.426544189, 273.605834961, 160.640731812, 22.499256134, 154.95123291, 13.88393116, -113.80128479, 32.9557914734, 34.5339012146], [-1056.03637695, 591.868774414, 484.826751709, 679.224060059, 318.004516602, 29.5525455475, 112.395278931, 73.0990829468, -33.9804649353, 53.4480361938, 30.0941524506, 5.72364377975, 36.863609314], [-702.975341797, 474.35848999, 176.426544189, 318.004516602, 389.878387451, 44.1530685425, 54.9819068909, 7.57655906677, -13.5253944397, 34.0553321838, 28.6695423126, 11.3941793442, 21.2443752289], [-338.232879639, -151.702987671, 273.605834961, 29.5525455475, 44.1530685425, 333.411468506, 51.4490776062, -66.6896438599, 116.396629333, -7.09225034714, -87.4701309204, 34.6234664917, 2.89337849617], [-452.252197266, 194.800552368, 160.640731812, 112.395278931, 54.9819068909, 51.4490776062, 146.959472656, 77.0306243896, 37.0475349426, 23.1326694489, 13.3463926315, 22.9875011444, 15.7746648788], [-206.058868408, 186.615081787, 22.499256134, 73.0990829468, 7.57655906677, -66.6896438599, 77.0306243896, 178.985733032, 28.3377227783, 7.35948610306, 40.1345977783, 17.3314285278, 7.16465806961], [-281.324432373, 24.0284042358, 154.95123291, -33.9804649353, -13.5253944397, 116.396629333, 37.0475349426, 28.3377227783, 169.216964722, 0.477780818939, -44.209777832, 21.8780059814, 0.0792688205838], [-104.078926086, -20.4662532806, 13.88393116, 53.4480361938, 34.0553321838, -7.09225034714, 23.1326694489, 7.35948610306, 0.477780818939, 114.79675293, 43.4340248108, 0.528617501259, 3.53010296822], [27.6683826447, 143.866149902, -113.80128479, 30.0941524506, 28.6695423126, -87.4701309204, 13.3463926315, 40.1345977783, -44.209777832, 43.4340248108, 132.338592529, 28.348897934, -2.16831970215], [-99.8491744995, 6.51675796509, 32.9557914734, 5.72364377975, 11.3941793442, 34.6234664917, 22.9875011444, 17.3314285278, 21.8780059814, 0.528617501259, 28.348897934, 78.8558273315, 14.9754133224], [-202.784515381, 70.4322738647, 34.5339012146, 36.863609314, 21.2443752289, 2.89337849617, 15.7746648788, 7.16465806961, 0.0792688205838, 3.53010296822, -2.16831970215, 14.9754133224, 77.1389923096]],
        "icov": [[0.000439378141891, 0.00025254310458, 0.000305366207613, 4.6900993766e-05, 0.000207227014471, 8.08853947092e-05, 0.000366994208889, 2.5026045023e-06, 0.000242769776378, 0.000300978368614, -0.000176030109287, 0.000113531146781, 0.000588940805756], [0.00025254310458, 0.000904029235244, 5.36998340976e-05, -0.000215062507777, -0.000573319848627, 0.000703393074218, -0.000449575803941, 0.000145907557453, -0.000639701378532, 0.0012004141463, -0.00110882800072, 0.000697073817719, -9.36810247367e-05], [0.000305366207613, 5.36998340976e-05, 0.00291654234752, -0.00218163337559, 0.00093693274539, -0.00060428888537, -0.000985592254438, 0.000868034199812, -0.0014866059646, 0.000102368110674, 0.00176254392136, -0.000782826857176, 0.000574523000978], [4.6900993766e-05, -0.000215062507777, -0.00218163337559, 0.00479017570615, -0.00235560536385, -0.000101815625385, 0.000447062455351, -0.00186355866026, 0.00288343639113, -0.000988615676761, -0.000674843846355, 0.000830096774735, -0.000396430230467], [0.000207227014471, -0.000573319848627, 0.00093693274539, -0.00235560536385, 0.00527088437229, -0.00113365217112, 0.000205641583307, 0.000945431005675, 0.000227215670748, -0.000748326594476, 0.000188731224625, -0.000644226849545, 0.000399915821617], [8.08853947092e-05, 0.000703393074218, -0.00060428888537, -0.000101815625385, -0.00113365217112, 0.00754740089178, -0.00333034899086, 0.00408551003784, -0.00377360638231, 0.0007289138739, 0.00213152053766, -0.00264216493815, 0.000763659132645], [0.000366994208889, -0.000449575803941, -0.000985592254438, 0.000447062455351, 0.000205641583307, -0.00333034899086, 0.0136911375448, -0.00626753456891, 0.00186133827083, -0.00212878617458, -0.000859342108015, -0.000418152514612, -0.000394013040932], [2.5026045023e-06, 0.000145907557453, 0.000868034199812, -0.00186355866026, 0.000945431005675, 0.00408551003784, -0.00626753456891, 0.0112769007683, -0.00457419687882, 0.00173845840618, -0.00111256621312, -0.00122304551769, 0.000327302026562], [0.000242769776378, -0.000639701378532, -0.0014866059646, 0.00288343639113, 0.000227215670748, -0.00377360638231, 0.00186133827083, -0.00457419687882, 0.0122388517484, -0.00252587767318, 0.00266593461856, -0.00169448601082, 0.00113995093852], [0.000300978368614, 0.0012004141463, 0.000102368110674, -0.000988615676761, -0.000748326594476, 0.0007289138739, -0.00212878617458, 0.00173845840618, -0.00252587767318, 0.0127072762698, -0.00649100355804, 0.00344925327227, -0.000856604077853], [-0.000176030109287, -0.00110882800072, 0.00176254392136, -0.000674843846355, 0.000188731224625, 0.00213152053766, -0.000859342108015, -0.00111256621312, 0.00266593461856, -0.00649100355804, 0.0171823166311, -0.00867127068341, 0.00269093713723], [0.000113531146781, 0.000697073817719, -0.000782826857176, 0.000830096774735, -0.000644226849545, -0.00264216493815, -0.000418152514612, -0.00122304551769, -0.00169448601082, 0.00344925327227, -0.00867127068341, 0.0190018136054, -0.00399738876149], [0.000588940805756, -9.36810247367e-05, 0.000574523000978, -0.000396430230467, 0.000399915821617, 0.000763659132645, -0.000394013040932, 0.000327302026562, 0.00113995093852, -0.000856604077853, 0.00269093713723, -0.00399738876149, 0.0153307076544]]
    },
    "spectral_contrast_coeffs": {
        "max": [-0.487861096859, -0.458475708961, -0.517419874668, -0.605958521366, -0.584906220436, -0.624424576759],
        "mean": [-0.686462283134, -0.760488212109, -0.771729290485, -0.808148503304, -0.773715376854, -0.765754818916],
        "min": [-0.875496327877, -0.930639028549, -0.911667466164, -0.920069873333, -0.902047991753, -0.869658946991],
        "stdev": [0.0745134949684, 0.0874343812466, 0.0696687623858, 0.0439321957529, 0.0756761357188, 0.0399088412523]
    },
    "spectral_contrast_valleys": {
        "max": [-5.37038755417, -5.15411663055, -5.47036743164, -5.64174795151, -6.36207342148, -7.66401433945],
        "mean": [-7.80044031143, -7.05671596527, -7.28426408768, -7.36101770401, -7.78747797012, -10.201593399],
        "min": [-9.60788154602, -9.29732990265, -10.3725423813, -10.5698947906, -10.4821748734, -12.3373346329],
        "stdev": [0.794435501099, 0.693798840046, 1.05847978592, 1.07495951653, 0.922226965427, 1.08990561962]
    }
},
"rhythm": {
    "beats_count": 52,
    "beats_loudness": {
        "max": 0.0509353987873,
        "mean": 0.0196990147233,
        "min": 0.00104800332338,
        "stdev": 0.0140445185825
    },
    "bpm": 113.255012512,
    "bpm_histogram_first_peak_bpm": 112,
    "bpm_histogram_first_peak_weight": 0.363636374474,
    "bpm_histogram_second_peak_bpm": 136,
    "bpm_histogram_second_peak_spread": 0.416666686535,
    "bpm_histogram_second_peak_weight": 0.137254908681,
    "danceability": 1.13180315495,
    "onset_rate": 4.33740186691,
    "beats_loudness_band_ratio": {
        "max": [0.852005243301, 0.57179749012, 0.732896566391, 0.642297804356, 0.463726043701, 0.965037226677],
        "mean": [0.178159460425, 0.107057079673, 0.217541247606, 0.21360771358, 0.119468085468, 0.196703135967],
        "min": [0.000532775069587, 0.00113564706407, 0.0011330624111, 0.000582035572734, 0.00152532570064, 0.00292167300358],
        "stdev": [0.221211627126, 0.134003788233, 0.194207653403, 0.168862208724, 0.115714676678, 0.247871384025]
    },
    "beats_position": [0.429569154978, 0.859138309956, 1.30031740665, 1.74149656296, 2.18267560005, 2.62385487556, 3.06503391266, 3.50621318817, 3.94739222527, 4.37696123123, 4.80653047562, 5.23609972, 5.66566896439, 6.19972801208, 6.73378658295, 7.25623559952, 7.79029464722, 8.31274318695, 8.84680271149, 9.38086128235, 9.91492080688, 10.4373693466, 10.95981884, 11.4938774109, 12.1208162308, 12.7477550507, 13.4095239639, 14.0829019547, 14.7446708679, 15.4180498123, 16.0682086945, 16.7996368408, 17.5310649872, 18.2741031647, 19.0171432495, 19.7485713959, 20.4916095734, 21.2346477509, 21.9776859283, 22.7439460754, 23.5102043152, 24.2764625549, 25.0427207947, 25.8089790344, 26.5752372742, 27.3995456696, 28.2354640961, 29.0481624603, 29.8608608246, 30.6735591888, 31.4862575531, 32.3105659485],
