{
"metadata": {
    "version": {
        "essentia": "2.1-beta5",
        "essentia_git_sha": "Undefined",
        "extractor": "music 2.0"
    },
    "audio_properties": {
        "analysis": {
            "equal_loudness": 0,
            "length": 29.0017242432,
            "sample_rate": 44100,
            "start_time": 0,
            "downmix": "mix"
        },
        "bit_rate": 192000,
        "length": 208.074020386,
        "lossless": 0,
        "number_channels": 2,
        "replay_gain": -2.95627975464,
        "sample_rate": 48000,
        "codec": "mp3",
        "md5_encoded": "5c3ab210c9dc6154cce08a1accf35fea"
    },
    "tags": {
        "file_name": "Switzerland_Mein Ruf Nach Dir_Piera Martell.mp3",
        "encoding": ["Lavf58.29.100"]
    }
},
"lowlevel": {
    "average_loudness": 0.637745320797,
    "barkbands_crest": {
        "max": 23.312330246,
        "mean": 7.80623197556,
        "min": 3.07471299171,
        "stdev": 3.65603518486
    },
    "barkbands_flatness_db": {
        "max": 0.388351112604,
        "mean": 0.255332916975,
        "min": 0.0759715139866,
        "stdev": 0.0504957325757
    },
    "barkbands_kurtosis": {
        "max": 19.3496074677,
        "mean": 1.24114251137,
        "min": -1.41834557056,
        "stdev": 2.03444290161
    },
    "barkbands_skewness": {
        "max": 3.47573590279,
        "mean": 0.356916338205,
        "min": -2.11410093307,
        "stdev": 0.865075051785
    },
    "barkbands_spread": {
        "max": 44.727722168,
        "mean": 10.7976837158,
        "min": 1.87019908428,
        "stdev": 5.90677976608
    },
    "dissonance": {
        "max": 0.500000059605,
        "mean": 0.46901088953,
        "min": 0.243354290724,
        "stdev": 0.0413023643196
    },
    "dynamic_complexity": 7.89698791504,
    "erbbands_crest": {
        "max": 28.9995498657,
        "mean": 9.34634494781,
        "min": 2.56828474998,
        "stdev": 4.64458703995
    },
    "erbbands_flatness_db": {
        "max": 0.451859742403,
        "mean": 0.328369647264,
        "min": 0.101943455637,
        "stdev": 0.0617078356445
    },
    "erbbands_kurtosis": {
        "max": 13.7082386017,
        "mean": 0.822624623775,
        "min": -1.52738022804,
        "stdev": 1.45628678799
    },
    "erbbands_skewness": {
        "max": 3.27363777161,
        "mean": 0.182177186012,
        "min": -1.55605626106,
        "stdev": 0.60306173563
    },
    "erbbands_spread": {
        "max": 73.6192016602,
        "mean": 16.5287971497,
        "min": 3.87676429749,
        "stdev": 12.8576135635
    },
    "hfc": {
        "max": 121.954521179,
        "mean": 22.4243431091,
        "min": 1.12226214213e-16,
        "stdev": 24.0285739899
    },
    "loudness_ebu128": {
        "integrated": -21.4952297211,
        "loudness_range": 12.9084472656,
        "momentary": {
            "max": -17.5024642944,
            "mean": -27.5789813995,
            "min": -60.1455688477,
            "stdev": 11.843006134
        },
        "short_term": {
            "max": -18.1447143555,
            "mean": -25.7227287292,
            "min": -58.9066009521,
            "stdev": 8.08147907257
        }
    },
    "melbands_crest": {
        "max": 30.5964889526,
        "mean": 9.63175773621,
        "min": 1.95879173279,
        "stdev": 5.48176383972
    },
    "melbands_flatness_db": {
        "max": 0.477847725153,
        "mean": 0.29736405611,
        "min": 0.00514150597155,
        "stdev": 0.056340277195
    },
    "melbands_kurtosis": {
        "max": 42.8591575623,
        "mean": 2.91458797455,
        "min": -1.17791080475,
        "stdev": 5.50281143188
    },
    "melbands_skewness": {
        "max": 5.74748182297,
        "mean": 0.717482805252,
        "min": -1.20084261894,
        "stdev": 1.23070323467
    },
    "melbands_spread": {
        "max": 141.315643311,
        "mean": 19.2406959534,
        "min": 2.97099518776,
        "stdev": 7.87211799622
    },
    "pitch_salience": {
        "max": 0.892637610435,
        "mean": 0.686652600765,
        "min": 0.256814718246,
        "stdev": 0.150924667716
    },
    "silence_rate_20dB": {
        "max": 1,
        "mean": 1,
        "min": 1,
        "stdev": 0
    },
    "silence_rate_30dB": {
        "max": 1,
        "mean": 1,
        "min": 1,
        "stdev": 0
    },
    "silence_rate_60dB": {
        "max": 1,
        "mean": 0.229599997401,
        "min": 0,
        "stdev": 0.420576691628
    },
    "spectral_centroid": {
        "max": 11284.125,
        "mean": 1622.7635498,
        "min": 329.313293457,
        "stdev": 644.167053223
    },
    "spectral_complexity": {
        "max": 58,
        "mean": 22.5359992981,
        "min": 0,
        "stdev": 16.4033565521
    },
    "spectral_decrease": {
        "max": 5.92771565524e-29,
        "mean": -3.32295813088e-09,
        "min": -1.68115974475e-08,
        "stdev": 2.97572189112e-09
    },
    "spectral_energy": {
        "max": 0.0744893699884,
        "mean": 0.0145755764097,
        "min": 9.95552014548e-21,
        "stdev": 0.013336295262
    },
    "spectral_energyband_high": {
        "max": 0.00252318126149,
        "mean": 0.000272113888059,
        "min": 7.36126606363e-21,
        "stdev": 0.00035398468026
    },
    "spectral_energyband_low": {
        "max": 0.0244271717966,
        "mean": 0.000515480758622,
        "min": 8.43166784134e-23,
        "stdev": 0.00224632956088
    },
    "spectral_energyband_middle_high": {
        "max": 0.0672440305352,
        "mean": 0.0118302982301,
        "min": 1.29986424943e-21,
        "stdev": 0.0125696538016
    },
    "spectral_energyband_middle_low": {
        "max": 0.0148643990979,
        "mean": 0.00246052257717,
        "min": 1.91461211754e-22,
        "stdev": 0.00200350303203
    },
    "spectral_entropy": {
        "max": 9.79484081268,
        "mean": 7.23831701279,
        "min": 5.51627922058,
        "stdev": 0.522988200188
    },
    "spectral_flux": {
        "max": 0.184393614531,
        "mean": 0.0626275539398,
        "min": 9.97773530464e-11,
        "stdev": 0.0472586229444
    },
    "spectral_kurtosis": {
        "max": 63.1461715698,
        "mean": 9.88805961609,
        "min": -1.25056266785,
        "stdev": 9.00978183746
    },
    "spectral_rms": {
        "max": 0.00852482020855,
        "mean": 0.00324645545334,
        "min": 3.11652093021e-12,
        "stdev": 0.00191848224495
    },
    "spectral_rolloff": {
        "max": 18863.0859375,
        "mean": 1750.19934082,
        "min": 172.265625,
        "stdev": 855.8515625
    },
    "spectral_skewness": {
        "max": 5.53116369247,
        "mean": 1.46539592743,
        "min": -0.012888203375,
        "stdev": 0.843885600567
    },
    "spectral_spread": {
        "max": 41411804,
        "mean": 1840870.25,
        "min": 1012225.6875,
        "stdev": 1234679.25
    },
    "spectral_strongpeak": {
        "max": 6.96155071259,
        "mean": 1.15416169167,
        "min": 1.9042991628e-09,
        "stdev": 0.909177422523
    },
    "zerocrossingrate": {
        "max": 0.50244140625,
        "mean": 0.06372500211,
        "min": 0.0126953125,
        "stdev": 0.0255692061037
    },
    "barkbands": {
        "max": [7.99293193268e-05, 0.00664311554283, 0.0119405509904, 0.00880730338395, 0.00745966332033, 0.00418994668871, 0.0061497669667, 0.00393544137478, 0.00737172365189, 0.00726571353152, 0.0068600634113, 0.0123067470267, 0.0170932412148, 0.0254311244935, 0.0243009962142, 0.0187555588782, 0.00759557588026, 0.0076897284016, 0.00696570705622, 0.003159141168, 0.00143597961869, 0.000458391266875, 6.35929211512e-08, 4.54077770939e-08, 3.43612107656e-08, 2.79688165961e-08, 2.66669388793e-08],
        "mean": [1.40402096349e-06, 0.000110535809654, 0.000220062182052, 0.000268035626505, 0.000177620764589, 0.000264187372522, 0.000328092661221, 0.000352357747033, 0.000537650485057, 0.00116720737424, 0.000932840513997, 0.00126680312678, 0.00167612172663, 0.00188570190221, 0.00200683064759, 0.00143266853411, 0.000771659892052, 0.000460866926005, 0.000349898531567, 0.00018312910106, 0.000146845995914, 3.50323061866e-05, 1.172888342e-09, 6.65599075855e-10, 6.26196261511e-10, 6.12707662384e-10, 5.86962811688e-10],
        "min": [3.06426518419e-23, 2.93986055726e-23, 3.4737288013e-23, 9.9084274466e-24, 2.93148474771e-23, 4.10083567117e-23, 1.70050611707e-23, 3.93272341693e-23, 4.54665410087e-23, 3.54612761528e-23, 8.35562228117e-23, 4.31616819257e-23, 7.41402906945e-23, 6.50592205653e-23, 1.30807135634e-22, 1.8046374605e-22, 1.32673441696e-22, 1.42761723118e-22, 2.12147618556e-22, 3.48747000096e-22, 2.90752066803e-22, 5.91700962288e-22, 5.79918939704e-22, 1.04845233518e-21, 8.87818040553e-22, 1.92773633962e-21, 2.03703121312e-21],
        "stdev": [3.44408772435e-06, 0.000602324027568, 0.00103186792694, 0.000913756142836, 0.000401846249588, 0.000316767953336, 0.000531573896296, 0.00040466253995, 0.000636990182102, 0.00103773991577, 0.0010260026902, 0.00165148917586, 0.00229765172116, 0.00260275159962, 0.00265406048857, 0.00199962826446, 0.00103857112117, 0.000731162261218, 0.000710385967977, 0.000268425268587, 0.000192256382434, 5.46261508134e-05, 3.60658725107e-09, 1.82704529283e-09, 1.36020117392e-09, 1.19227960838e-09, 1.18448950648e-09]
    },
    "erbbands": {
        "max": [0.0356376208365, 2.11319589615, 13.2320356369, 23.4341831207, 21.8846607208, 24.9128036499, 15.6918964386, 40.3463478088, 115.487411499, 46.1282348633, 96.8239822388, 147.449905396, 224.075531006, 221.002716064, 336.678894043, 516.720947266, 717.27154541, 1329.52575684, 967.467468262, 857.680175781, 1113.95410156, 468.785827637, 379.08984375, 381.481506348, 390.769561768, 163.640167236, 71.4818496704, 46.6347465515, 23.2019348145, 0.889626979828, 0.0346678830683, 0.0035717212595, 0.000833937490825, 0.000422880140832, 0.00023118534591, 0.000122595214634, 6.43950916128e-05, 3.00263891404e-05, 4.93876505061e-05, 9.73355417955e-05],
        "mean": [0.000721707416233, 0.0346797406673, 0.228829935193, 0.706660628319, 0.683108448982, 0.512991130352, 0.827425122261, 2.53258442879, 4.62646389008, 5.33964395523, 8.82239532471, 12.7512149811, 33.8346366882, 35.3540039062, 38.6746864319, 55.6826858521, 74.2785263062, 94.2448348999, 103.472160339, 97.4811096191, 71.6916427612, 43.4021911621, 27.9611034393, 20.2697753906, 14.5217761993, 8.75577831268, 6.79013729095, 5.04683732986, 1.49283492565, 0.049262650311, 0.00259308726527, 0.000374579249183, 0.000112680136226, 5.37837695447e-05, 3.21810948662e-05, 2.01009115699e-05, 1.11087974801e-05, 4.91811442771e-06, 9.63062666415e-06, 1.89047332242e-05],
        "min": [6.81814727058e-22, 7.87991477005e-21, 4.15586073375e-20, 2.78109043309e-20, 1.09126060805e-19, 6.383633253e-20, 8.91999390081e-20, 4.46986948027e-19, 2.75614408754e-19, 6.07408132977e-19, 8.31599049494e-19, 1.00018006099e-18, 1.42295682836e-18, 9.91960470645e-19, 3.34418513064e-18, 2.04706708207e-18, 3.51604162227e-18, 3.86975935504e-18, 5.53376674686e-18, 8.35526203189e-18, 9.13271171884e-18, 6.70775937483e-18, 8.40212346795e-18, 9.31311981044e-18, 1.35456003456e-17, 1.51696090053e-17, 1.25034950489e-17, 1.19929674466e-17, 1.77504224427e-17, 2.49972244034e-17, 1.42029326543e-17, 2.07245701874e-17, 1.7551937146e-17, 1.05752807927e-17, 6.47438484066e-18, 8.00571204864e-18, 3.15869049866e-18, 1.21489857043e-18, 3.00347134918e-19, 2.99312881272e-20],
        "stdev": [0.00314038596116, 0.188903361559, 1.12523269653, 2.6654727459, 1.65838670731, 1.25927495956, 1.14729678631, 3.22648215294, 7.90202379227, 6.03582715988, 10.073428154, 13.6704673767, 31.9340744019, 33.3640975952, 45.8356132507, 70.2900009155, 98.9098892212, 129.675521851, 137.813842773, 123.879180908, 101.980705261, 58.8801231384, 42.6182746887, 37.6523361206, 28.0522766113, 12.9536294937, 9.11706447601, 6.74984359741, 2.29743671417, 0.0783226937056, 0.00374226621352, 0.000488197663799, 0.000133754801936, 5.95734563831e-05, 3.39840407833e-05, 2.05947962968e-05, 1.12336692837e-05, 5.30212673766e-06, 9.31756767386e-06, 1.77810561581e-05]
    },
    "gfcc": {
        "mean": [-169.652572632, 164.914108276, -233.792205811, -0.622550368309, -25.1611461639, -45.0703277588, 7.7815451622, -25.5640087128, -16.292963028, 2.07523226738, -22.1411857605, -8.2548418045, 1.97695446014],
        "cov": [[17715.109375, -747.437194824, -5309.33886719, -1238.46203613, -521.002929688, -751.189819336, 297.047851562, -1448.09179688, 787.481750488, -378.976135254, 160.706283569, 127.626502991, 198.586074829], [-747.437194824, 1510.94555664, 992.399597168, -320.184509277, 145.377456665, -207.855285645, 22.9319400787, 181.620178223, -164.540328979, -118.94316864, -22.2404499054, -213.347885132, -2.35045194626], [-5309.33886719, 992.399597168, 2286.85742188, 429.2578125, 264.675750732, 179.646560669, -82.9744720459, 500.443756104, -321.628082275, 54.2779045105, -71.9292297363, -154.70123291, -121.536453247], [-1238.46203613, -320.184509277, 429.2578125, 549.168212891, 81.1672439575, 202.880935669, -37.0211181641, 46.3134231567, -41.6144676208, 82.8104782104, -30.3979587555, 45.8580436707, -93.6213226318], [-521.002929688, 145.377456665, 264.675750732, 81.1672439575, 105.499336243, 43.4305686951, 5.23906946182, 65.4511795044, -36.2736053467, 4.03572797775, -6.78806018829, -23.7671833038, -13.8415746689], [-751.189819336, -207.855285645, 179.646560669, 202.880935669, 43.4305686951, 156.773574829, 14.21484375, 43.2823982239, -3.51509165764, 50.1540679932, -13.4695053101, 29.3614959717, -29.7502403259], [297.047851562, 22.9319400787, -82.9744720459, -37.0211181641, 5.23906946182, 14.21484375, 75.9822998047, 16.0124225616, 27.7545700073, -9.35960197449, 6.99936056137, 2.60801362991, 15.3024778366], [-1448.09179688, 181.620178223, 500.443756104, 46.3134231567, 65.4511795044, 43.2823982239, 16.0124225616, 205.645950317, -54.2708435059, 25.2393074036, -2.93587350845, -25.2523384094, -1.74208903313], [787.481750488, -164.540328979, -321.628082275, -41.6144676208, -36.2736053467, -3.51509165764, 27.7545700073, -54.2708435059, 101.933303833, 20.0761070251, 17.027223587, 33.8086929321, 16.4083805084], [-378.976135254, -118.94316864, 54.2779045105, 82.8104782104, 4.03572797775, 50.1540679932, -9.35960197449, 25.2393074036, 20.0761070251, 73.0168991089, 25.5170574188, 20.8834095001, -12.187787056], [160.706283569, -22.2404499054, -71.9292297363, -30.3979587555, -6.78806018829, -13.4695053101, 6.99936056137, -2.93587350845, 17.027223587, 25.5170574188, 48.6170196533, 21.3311958313, 4.97464323044], [127.626502991, -213.347885132, -154.70123291, 45.8580436707, -23.7671833038, 29.3614959717, 2.60801362991, -25.2523384094, 33.8086929321, 20.8834095001, 21.3311958313, 65.7697372437, 18.8702793121], [198.586074829, -2.35045194626, -121.536453247, -93.6213226318, -13.8415746689, -29.7502403259, 15.3024778366, -1.74208903313, 16.4083805084, -12.187787056, 4.97464323044, 18.8702793121, 61.5827713013]],
        "icov": [[0.000753670348786, -0.00124504987616, 0.00195724307559, -0.00175832782406, 0.00077723240247, -0.000674496928696, 0.00025721846032, 0.00111749360804, -0.00253536948003, 0.00344484928064, -0.00340964947827, 0.00284893973731, -0.000711971719284], [-0.00124504987616, 0.00935697834939, -0.00972675811499, 0.00763980764896, -0.0085614733398, 0.0128848878667, -0.0105135096237, 0.00668280478567, 0.00167176104151, -0.00619901902974, 0.00686475634575, -0.00317469704896, 0.00263806595467], [0.00195724307559, -0.00972675811499, 0.0133008146659, -0.00991426035762, 0.00802504830062, -0.0132521335036, 0.0117911323905, -0.00899356696755, -0.00135035801213, 0.00982012599707, -0.0108656939119, 0.00972980074584, -0.00308820419014], [-0.00175832782406, 0.00763980764896, -0.00991426035762, 0.0158680453897, -0.0120274014771, 0.00985296163708, -0.0101481089368, 0.00602066610008, 0.00791834667325, -0.0180591437966, 0.0222858674824, -0.0219472832978, 0.0145084094256], [0.00077723240247, -0.0085614733398, 0.00802504830062, -0.0120274014771, 0.0282355882227, -0.0211389176548, 0.0140240723267, -0.0103525165468, -0.00377500150353, 0.016670204699, -0.0218047462404, 0.0205881651491, -0.0131656322628], [-0.000674496928696, 0.0128848878667, -0.0132521335036, 0.00985296163708, -0.0211389176548, 0.0456424430013, -0.0311817992479, 0.0153415836394, 0.00441547110677, -0.0256980266422, 0.0308472383767, -0.0244456585497, 0.0157091580331], [0.00025721846032, -0.0105135096237, 0.0117911323905, -0.0101481089368, 0.0140240723267, -0.0311817992479, 0.0427016653121, -0.0198856517673, -0.00876792054623, 0.0234002359211, -0.0246701426804, 0.0187491159886, -0.0132580017671], [0.00111749360804, 0.00668280478567, -0.00899356696755, 0.00602066610008, -0.0103525165468, 0.0153415836394, -0.0198856517673, 0.027917733416, -0.00566184008494, -0.00450948113576, 0.00206744973548, -0.00116020732094, -0.000324592576362], [-0.00253536948003, 0.00167176104151, -0.00135035801213, 0.00791834667325, -0.00377500150353, 0.00441547110677, -0.00876792054623, -0.00566184008494, 0.0374245494604, -0.0314071960747, 0.0267420858145, -0.0243306774646, 0.0100235436112], [0.00344484928064, -0.00619901902974, 0.00982012599707, -0.0180591437966, 0.016670204699, -0.0256980266422, 0.0234002359211, -0.00450948113576, -0.0314071960747, 0.0706888064742, -0.0625389441848, 0.0434343889356, -0.0199282057583], [-0.00340964947827, 0.00686475634575, -0.0108656939119, 0.0222858674824, -0.0218047462404, 0.0308472383767, -0.0246701426804, 0.00206744973548, 0.0267420858145, -0.0625389441848, 0.0905328914523, -0.0647875741124, 0.0329199321568], [0.00284893973731, -0.00317469704896, 0.00972980074584, -0.0219472832978, 0.0205881651491, -0.0244456585497, 0.0187491159886, -0.00116020732094, -0.0243306774646, 0.0434343889356, -0.0647875741124, 0.086365416646, -0.0414969809353], [-0.000711971719284, 0.00263806595467, -0.00308820419014, 0.0145084094256, -0.0131656322628, 0.0157091580331, -0.0132580017671, -0.000324592576362, 0.0100235436112, -0.0199282057583, 0.0329199321568, -0.0414969809353, 0.0459533110261]]
    },
    "melbands": {
        "max": [0.000988247455098, 0.00561367860064, 0.00376570294611, 0.00189517508261, 0.000573406694457, 0.000853337231092, 0.00157487997785, 0.000418051175075, 0.000762171461247, 0.00101529399399, 0.00113242806401, 0.000943380990066, 0.00113685592078, 0.00115068699233, 0.00199645385146, 0.00230717891827, 0.00240789796226, 0.00172409019433, 0.0019769910723, 0.00101251574233, 0.0014869737206, 0.000474320258945, 0.000424612750066, 0.000368071341654, 0.000324640917825, 0.000245586183155, 0.000279817788396, 9.39655801631e-05, 5.14009661856e-05, 3.84135419154e-05, 3.00528045045e-05, 1.91921772057e-05, 6.6131389076e-07, 4.69438221629e-09, 1.00171659856e-09, 7.76445685524e-10, 6.24162665996e-10, 4.92815621644e-10, 4.0069070284e-10, 3.36580402438e-10],
        "mean": [1.70430976141e-05, 0.000101131903648, 0.000115318871394, 4.05849241361e-05, 2.70691252808e-05, 5.86594178458e-05, 7.03776022419e-05, 5.93178810959e-05, 7.23523189663e-05, 8.31977158668e-05, 0.000169730308698, 0.000138565184898, 0.000126928294776, 0.000134142697789, 0.000156294292537, 0.000171612889972, 0.000174279150087, 0.000165285600815, 0.000151110536535, 0.000110089793452, 7.79190086178e-05, 4.69712795166e-05, 3.0864666769e-05, 2.0375890017e-05, 1.61354309967e-05, 1.20418380902e-05, 7.76189972385e-06, 5.33486763743e-06, 4.45826071882e-06, 3.46422484654e-06, 2.79881464849e-06, 1.13249211608e-06, 1.92486950823e-08, 1.07485312317e-10, 1.56195646694e-11, 1.05470519471e-11, 8.66745650946e-12, 7.51112280012e-12, 6.47965231818e-12, 5.70995681293e-12],
        "min": [9.32957393612e-24, 1.70342348247e-23, 7.89528597091e-24, 6.64448784112e-24, 2.72547182905e-24, 9.11854181106e-24, 4.20444718682e-24, 7.28412860637e-24, 7.11768447739e-24, 5.85241193328e-24, 7.18510053035e-24, 3.37407878735e-24, 1.27698452532e-23, 3.22358483423e-24, 7.77593131595e-24, 7.93124067325e-24, 6.96990558629e-24, 7.75039036642e-24, 1.03672825916e-23, 1.36800345433e-23, 9.17091191998e-24, 6.61269438005e-24, 7.63863717515e-24, 7.53441523893e-24, 7.51580837676e-24, 7.0538182985e-24, 1.35792338969e-23, 9.35984095133e-24, 7.33657602365e-24, 8.15108831893e-24, 6.54606679357e-24, 9.31138438137e-24, 1.31976255894e-23, 1.40962706891e-23, 7.07639786419e-24, 1.09780052938e-23, 1.30872134617e-23, 1.32648744039e-23, 8.35321814867e-24, 9.75410732088e-24],
        "stdev": [8.90268347575e-05, 0.000486549542984, 0.00038345597568, 0.00010020465561, 3.88541157008e-05, 7.26576254237e-05, 0.000118585441669, 6.35057876934e-05, 8.19858978502e-05, 9.21194514376e-05, 0.000161305142683, 0.000134167043143, 0.000145369253005, 0.000172967804247, 0.000206730925129, 0.00024086261692, 0.000244801689405, 0.000230257690419, 0.000202679875656, 0.000145047146361, 0.000116374976642, 6.47877313895e-05, 4.77330977446e-05, 3.2418884075e-05, 3.17939156957e-05, 2.44644561462e-05, 1.45769372466e-05, 7.77300192567e-06, 6.23319374427e-06, 4.6676727834e-06, 3.84587247027e-06, 1.82770611445e-06, 4.18136956171e-08, 2.82673801033e-10, 5.03262362339e-11, 3.25750849905e-11, 2.47418890931e-11, 1.9711584795e-11, 1.54750032233e-11, 1.29020761089e-11]
    },
    "melbands128": {
        "max": [4.08437263104e-05, 5.61807464692e-05, 0.000467223144369, 0.00452929409221, 0.00706387171522, 0.00534629728645, 0.00545959174633, 0.00381492613815, 0.0025980961509, 0.00307117658667, 0.00116052897647, 0.000666365027428, 0.000589558272623, 0.00141444732435, 0.00138507492375, 0.00126806099433, 0.00261340569705, 0.00175744248554, 0.00130054575857, 0.000736452057026, 0.000610250688624, 0.000691879540682, 0.0013473443687, 0.000806249852758, 0.00130368582904, 0.00104076624848, 0.00162834592629, 0.00228678574786, 0.00105816766154, 0.00164040795062, 0.00141440227162, 0.00145862891804, 0.00159473449457, 0.00200096378103, 0.00178336410318, 0.00167175929528, 0.00176898669451, 0.00362514518201, 0.00174072722439, 0.00183993461542, 0.00277946703136, 0.00299518415704, 0.003687155433, 0.00408879853785, 0.00361803756095, 0.00280128093436, 0.00228817900643, 0.0034799342975, 0.00212394702248, 0.00126638554502, 0.00100291648414, 0.0015709187137, 0.00168916105758, 0.00182449282147, 0.000665947736707, 0.000842272827867, 0.000664552964736, 0.000479551556055, 0.000542654132005, 0.00033729954157, 0.000342940271366, 0.000459708273411, 0.000354643445462, 0.000489838013891, 0.000312926189508, 0.000320340477629, 0.000261813518591, 0.000503425893839, 0.000166081765201, 0.000246060226345, 0.000109801971121, 8.43286034069e-05, 6.68291540933e-05, 5.76653328608e-05, 4.11561268265e-05, 4.58776812593e-05, 6.83826074237e-05, 4.41061019956e-05, 3.49560541508e-05, 3.17961566907e-05, 3.22597443301e-05, 1.74642955244e-05, 3.16118217825e-07, 5.93700555385e-08, 2.18294324839e-08, 4.22817914014e-09, 2.63323185479e-09, 1.45362943904e-09, 1.00954433702e-09, 1.02006847413e-09, 8.18779433143e-10, 7.46086803449e-10, 6.83456458095e-10, 6.37465524811e-10, 5.837664796e-10, 5.23197374314e-10, 4.7948867099e-10, 4.38737407515e-10, 4.08682726549e-10, 3.75566466815e-10, 3.61029234286e-10, 3.38325784055e-10, 2.95812180306e-10, 2.74092748498e-10, 2.54876897365e-10, 2.33975727681e-10, 2.24490967482e-10, 2.1820868723e-10, 1.93754526312e-10, 1.86727786011e-10, 1.87907162053e-10, 1.71380451497e-10, 1.55953860936e-10, 1.53235271694e-10, 1.41728434544e-10, 1.40464084808e-10, 1.35278566127e-10, 1.28844324099e-10, 1.22848495265e-10, 1.17823917289e-10, 1.15609424811e-10, 1.11637962763e-10, 1.09146039429e-10, 1.07796251092e-10, 1.0272384332e-10, 1.00896686839e-10, 9.99552246528e-11, 9.94429122381e-11],
        "mean": [8.80080733623e-07, 1.99241299015e-06, 7.92151513451e-06, 7.3881004937e-05, 0.000109340238851, 0.000108445776277, 0.000163508739206, 0.000105122482637, 6.8676272349e-05, 3.58734323527e-05, 2.49102376984e-05, 2.40269873757e-05, 2.69832071353e-05, 3.00540141325e-05, 4.78167785332e-05, 8.24316884973e-05, 8.74821198522e-05, 6.22126535745e-05, 5.74845071242e-05, 6.18249396211e-05, 5.39812135685e-05, 6.81846431689e-05, 8.68558199727e-05, 5.74325968046e-05, 7.13632762199e-05, 8.86693815119e-05, 0.0001202445128, 0.000243093803874, 0.000132761866553, 0.000129321255372, 0.000146897727973, 0.000143616300193, 0.000123864636407, 0.000117726958706, 0.000117500516353, 0.000142601682455, 0.000154907364049, 0.00015685246035, 0.000157307338668, 0.00015789923782, 0.000177055830136, 0.000190476624994, 0.000168990605744, 0.000171864492586, 0.000169794540852, 0.000166185767739, 0.000155698508024, 0.000162436452229, 0.000145262194565, 0.000124621699797, 0.000106637882709, 9.49613677221e-05, 8.47902265377e-05, 7.23957855371e-05, 5.67571878491e-05, 4.56595735159e-05, 3.72982940462e-05, 3.3265168895e-05, 2.9390976124e-05, 2.45638584602e-05, 2.02396804525e-05, 1.65861820278e-05, 1.73177813849e-05, 1.65920209838e-05, 1.29054587887e-05, 1.28442497953e-05, 1.06294191937e-05, 9.65304934653e-06, 6.57246391711e-06, 6.15059343545e-06, 5.36948709851e-06, 4.89196690978e-06, 4.81626648252e-06, 4.58487556898e-06, 3.76416892323e-06, 3.57921339855e-06, 3.29636418428e-06, 3.05492631014e-06, 2.82367886939e-06, 2.52650261245e-06, 1.6617076426e-06, 4.13824238876e-07, 1.3964685408e-08, 1.91883575695e-09, 4.70709971001e-10, 7.21733298126e-11, 3.11488473903e-11, 2.06702380906e-11, 1.40042491492e-11, 1.25186857408e-11, 1.09243915997e-11, 1.02619978487e-11, 9.35210416053e-12, 8.58035604373e-12, 8.37224560513e-12, 7.83558200962e-12, 7.3620562771e-12, 6.95742552112e-12, 6.62599575901e-12, 6.16881415741e-12, 5.87018975096e-12, 5.67751011135e-12, 5.47222163416e-12, 5.18545362899e-12, 5.12026098604e-12, 4.83181723798e-12, 4.67996258066e-12, 4.39224698279e-12, 4.2835396688e-12, 4.15230393472e-12, 4.00667216419e-12, 3.72739252658e-12, 3.52355514557e-12, 3.39368073574e-12, 3.28086429552e-12, 3.16928839943e-12, 2.93126243764e-12, 2.76607859881e-12, 2.70547451629e-12, 2.6267766174e-12, 2.5618786606e-12, 2.51225689557e-12, 2.48158763504e-12, 2.43440814382e-12, 2.27628874951e-12, 2.04476951864e-12, 1.9184007681e-12, 1.89207200255e-12],
        "min": [1.83154490645e-23, 6.5723551888e-24, 4.77255641177e-24, 1.56617478006e-23, 2.44943377887e-23, 1.36177681744e-23, 3.54876177962e-24, 6.73983982531e-24, 1.39550693202e-23, 6.74370287717e-24, 2.17241525347e-24, 2.47487221592e-24, 2.90542303166e-24, 2.6123111127e-24, 1.05877171498e-23, 1.41620743104e-23, 4.01849452766e-24, 2.99068075171e-24, 2.1182623189e-24, 8.31431547313e-24, 8.71551908547e-24, 7.91662071409e-24, 5.24774492183e-24, 8.14392072874e-24, 8.86044545554e-24, 1.81571937061e-24, 7.19786587752e-24, 7.31894182697e-24, 9.88361698227e-24, 1.28565740016e-24, 7.59811200994e-25, 6.52335114937e-24, 2.24223315122e-23, 9.48772713698e-24, 9.0009887172e-25, 1.26455487791e-24, 5.82359129453e-24, 1.23773680202e-23, 3.40469369022e-24, 9.89944942064e-24, 8.17569367942e-24, 6.24257898712e-24, 7.50604306761e-24, 7.54527943132e-24, 5.48580736581e-24, 5.68824879561e-24, 1.43594583529e-23, 9.3175098863e-24, 8.20333142124e-24, 1.27522986201e-23, 1.39230794328e-23, 1.59460548485e-23, 1.12560219649e-23, 5.43770736097e-24, 7.12970277328e-24, 5.96909392749e-24, 5.45342423122e-24, 1.0276906742e-23, 6.94745381607e-24, 7.31936860072e-24, 7.82917232731e-24, 6.79151337005e-24, 7.8422358639e-24, 7.26325850226e-24, 8.46495792931e-24, 4.87257648037e-24, 3.24102832378e-24, 2.13786306693e-23, 1.16965045394e-23, 1.29767398028e-23, 7.25704385605e-24, 9.57538536077e-24, 8.55988708406e-24, 5.19885605609e-24, 7.99378551012e-24, 9.28181787464e-24, 8.84542869934e-24, 5.69046667804e-24, 5.45826310401e-24, 5.6076532435e-24, 1.35059171643e-23, 7.56736359236e-24, 9.53312529322e-24, 1.30944275946e-23, 1.73906753139e-23, 1.41812199645e-23, 1.45837520186e-23, 1.16813000344e-23, 4.42988470087e-24, 4.66356068378e-24, 1.01250447069e-23, 1.2757823013e-23, 1.27815456381e-23, 1.5182478513e-23, 1.04328337774e-23, 1.28290019325e-23, 1.6247809922e-23, 1.10513709357e-23, 8.8377538716e-24, 5.84528378614e-24, 6.27494358348e-24, 1.37687924392e-23, 1.04251005739e-23, 4.64786471835e-24, 5.85603832686e-24, 6.32157157387e-24, 6.83953685538e-24, 1.97001602772e-23, 1.69686725949e-23, 1.20240963853e-23, 1.04465449688e-23, 1.15198643833e-23, 9.12716958278e-24, 9.9440137509e-24, 7.12345499491e-24, 1.06997117325e-23, 8.62218579633e-24, 1.13424290553e-23, 8.90656857494e-24, 8.96956069595e-24, 1.05982405543e-23, 8.11636502846e-24, 7.88223821154e-24, 1.01620911927e-23, 7.20808478169e-24, 8.63676236814e-24, 1.08309868646e-23, 1.17627333567e-23],
        "stdev": [2.02866294785e-06, 4.58418480775e-06, 3.77340329578e-05, 0.000411667278968, 0.000602909713052, 0.000488769088406, 0.000660635763779, 0.000309846684104, 0.000171626947122, 0.000126796556287, 6.8860965257e-05, 4.15755457652e-05, 4.59830698674e-05, 5.34820428584e-05, 9.14138363441e-05, 0.000122197146993, 0.000154291003128, 0.000158228911459, 0.000107808089524, 8.54940008139e-05, 7.69116813899e-05, 8.87003116077e-05, 0.000125693841255, 8.65097972564e-05, 0.000105842489575, 0.000126664992422, 0.000137323731906, 0.000304035260342, 0.000143877405208, 0.000164082026458, 0.000173740336322, 0.000176412097062, 0.000174176937435, 0.000186221848708, 0.000185952070751, 0.000213594132219, 0.000230548757827, 0.00025360219297, 0.000232264705119, 0.000245437084232, 0.000291344040306, 0.000297039485304, 0.000277770101093, 0.000276288425084, 0.000283120258246, 0.000269768032013, 0.000236401247093, 0.000257431558566, 0.000220606889343, 0.000179801616468, 0.000155969944899, 0.000158748458489, 0.000145645215525, 0.000118110816402, 8.38902997202e-05, 7.45324796299e-05, 6.19837010163e-05, 5.40423861821e-05, 5.41861227248e-05, 4.05333230447e-05, 3.49231631844e-05, 2.93353969028e-05, 3.49647489202e-05, 3.77876858693e-05, 2.5636943974e-05, 3.12171541736e-05, 2.06041531783e-05, 2.50597222475e-05, 1.12567968245e-05, 1.1877682482e-05, 8.24586277304e-06, 7.39518782211e-06, 7.56290364734e-06, 6.97814994055e-06, 5.54690495846e-06, 5.15324654771e-06, 5.10564905198e-06, 4.6288350859e-06, 4.16221155319e-06, 3.84375107387e-06, 2.95719678434e-06, 9.92562831925e-07, 2.76403842037e-08, 3.96698851546e-09, 1.2871256283e-09, 2.53725540578e-10, 1.29347740851e-10, 8.10104899829e-11, 4.65693872354e-11, 4.40279340763e-11, 3.26944617213e-11, 3.20764144413e-11, 2.87994541409e-11, 2.35582872654e-11, 2.45925849129e-11, 2.16107080148e-11, 1.93422777794e-11, 1.6702781519e-11, 1.6299463515e-11, 1.44270333527e-11, 1.36838760809e-11, 1.29341676258e-11, 1.17914532305e-11, 1.1071329617e-11, 1.06174131986e-11, 9.94128911136e-12, 9.44425961047e-12, 8.99467739873e-12, 8.46009286931e-12, 8.13777430858e-12, 7.96700466016e-12, 7.26994462893e-12, 6.80532670147e-12, 6.63200657586e-12, 6.32195164274e-12, 6.07049480128e-12, 5.85620397661e-12, 5.62286415345e-12, 5.42321222652e-12, 5.24413715577e-12, 5.12491308072e-12, 4.98945763178e-12, 4.88490237843e-12, 4.80528247401e-12, 4.67335328422e-12, 4.61021455386e-12, 4.57096513418e-12, 4.54670632741e-12]
    },
    "mfcc": {
        "mean": [-783.293884277, 198.015655518, -129.755157471, 34.1786956787, -30.3467617035, -5.825299263, 10.5386610031, -26.9012928009, 18.7428455353, -13.6837768555, -2.37872815132, 1.04384899139, -16.6705646515],
        "cov": [[14920.5634766, 2530.38500977, -6973.02636719, 716.404052734, -2270.43554688, 183.036804199, -328.828918457, -1422.53198242, 768.885375977, -1133.98034668, 241.511932373, -97.0459518433, -288.805084229], [2530.38500977, 1522.05761719, -485.924133301, -98.1854782104, -207.06388855, -286.326080322, 10.0576410294, -139.688461304, 2.93168783188, -32.9949264526, -109.156990051, -22.7988891602, -163.389770508], [-6973.02636719, -485.924133301, 3899.92919922, -293.980072021, 1212.91430664, -181.523086548, 201.853134155, 742.136657715, -434.293243408, 605.942810059, -152.198822021, 39.5310401917, 83.5054855347], [716.404052734, -98.1854782104, -293.980072021, 315.555969238, -59.5025024414, 160.288040161, 5.31205463409, -82.3263015747, 69.0924911499, -104.48828125, 77.3213882446, 10.3587474823, 23.5036678314], [-2270.43554688, -207.06388855, 1212.91430664, -59.5025024414, 454.169647217, -32.1884651184, 75.488067627, 235.98815918, -135.761489868, 195.649688721, -54.6495437622, 21.5040378571, 28.5228462219], [183.036804199, -286.326080322, -181.523086548, 160.288040161, -32.1884651184, 223.271789551, -3.36602592468, -44.8525276184, 60.018901825, -75.7032775879, 89.2758178711, 3.46089911461, 41.0272445679], [-328.828918457, 10.0576410294, 201.853134155, 5.31205463409, 75.488067627, -3.36602592468, 80.0056762695, 61.02709198, -16.0615062714, 46.6786689758, -20.66588974, 13.0552453995, 0.244303688407], [-1422.53198242, -139.688461304, 742.136657715, -82.3263015747, 235.98815918, -44.8525276184, 61.02709198, 212.630233765, -56.3768005371, 127.493431091, -29.5700378418, -1.23515462875, 22.4410305023], [768.885375977, 2.93168783188, -434.293243408, 69.0924911499, -135.761489868, 60.018901825, -16.0615062714, -56.3768005371, 115.862342834, -56.3926086426, 24.9951629639, 0.51042085886, -1.13263368607], [-1133.98034668, -32.9949264526, 605.942810059, -104.48828125, 195.649688721, -75.7032775879, 46.6786689758, 127.493431091, -56.3926086426, 160.577423096, -32.0065574646, 10.7291069031, 15.8344860077], [241.511932373, -109.156990051, -152.198822021, 77.3213882446, -54.6495437622, 89.2758178711, -20.66588974, -29.5700378418, 24.9951629639, -32.0065574646, 104.308387756, 20.1618728638, 23.5310897827], [-97.0459518433, -22.7988891602, 39.5310401917, 10.3587474823, 21.5040378571, 3.46089911461, 13.0552453995, -1.23515462875, 0.51042085886, 10.7291069031, 20.1618728638, 57.2915000916, 18.7312889099], [-288.805084229, -163.389770508, 83.5054855347, 23.5036678314, 28.5228462219, 41.0272445679, 0.244303688407, 22.4410305023, -1.13263368607, 15.8344860077, 23.5310897827, 18.7312889099, 67.121673584]],
        "icov": [[0.17087879777, -0.240589186549, 0.234182283282, -0.222963646054, 0.206881672144, -0.188470453024, 0.165227487683, -0.142828226089, 0.117496587336, -0.0907653942704, 0.0699784979224, -0.0510370470583, 0.0238649435341], [-0.240589186549, 0.340184479952, -0.330621033907, 0.315018922091, -0.29280307889, 0.26998347044, -0.236835509539, 0.205761671066, -0.169498562813, 0.131488606334, -0.10184969008, 0.0747370570898, -0.033643539995], [0.234182283282, -0.330621033907, 0.326736599207, -0.312247723341, 0.289117246866, -0.271644890308, 0.242074638605, -0.215069144964, 0.180843383074, -0.143232494593, 0.110425241292, -0.0828797891736, 0.041120775044], [-0.222963646054, 0.315018922091, -0.312247723341, 0.310662150383, -0.291287302971, 0.269530564547, -0.24751855433, 0.221113651991, -0.189893916249, 0.156494885683, -0.122871644795, 0.0931107997894, -0.0498594120145], [0.206881672144, -0.29280307889, 0.289117246866, -0.291287302971, 0.294346928596, -0.26874127984, 0.242290839553, -0.221590608358, 0.194717079401, -0.163490250707, 0.13217137754, -0.103221066296, 0.0564225614071], [-0.188470453024, 0.26998347044, -0.271644890308, 0.269530564547, -0.26874127984, 0.273446768522, -0.244118824601, 0.22521841526, -0.202102601528, 0.172789439559, -0.142595544457, 0.111923776567, -0.062927313149], [0.165227487683, -0.236835509539, 0.242074638605, -0.24751855433, 0.242290839553, -0.244118824601, 0.245472073555, -0.217834085226, 0.191946953535, -0.168782919645, 0.138698399067, -0.113372288644, 0.0641834661365], [-0.142828226089, 0.205761671066, -0.215069144964, 0.221113651991, -0.221590608358, 0.22521841526, -0.217834085226, 0.219070330262, -0.189499616623, 0.160246402025, -0.134119823575, 0.112365059555, -0.0648247897625], [0.117496587336, -0.169498562813, 0.180843383074, -0.189893916249, 0.194717079401, -0.202102601528, 0.191946953535, -0.189499616623, 0.189066886902, -0.156260743737, 0.127485126257, -0.105348609388, 0.0626693889499], [-0.0907653942704, 0.131488606334, -0.143232494593, 0.156494885683, -0.163490250707, 0.172789439559, -0.168782919645, 0.160246402025, -0.156260743737, 0.158589616418, -0.117150940001, 0.095039576292, -0.0616722367704], [0.0699784979224, -0.10184969008, 0.110425241292, -0.122871644795, 0.13217137754, -0.142595544457, 0.138698399067, -0.134119823575, 0.127485126257, -0.117150940001, 0.113217189908, -0.0863053649664, 0.0483297854662], [-0.0510370470583, 0.0747370570898, -0.0828797891736, 0.0931107997894, -0.103221066296, 0.111923776567, -0.113372288644, 0.112365059555, -0.105348609388, 0.095039576292, -0.0863053649664, 0.0905692130327, -0.0480845347047], [0.0238649435341, -0.033643539995, 0.041120775044, -0.0498594120145, 0.0564225614071, -0.062927313149, 0.0641834661365, -0.0648247897625, 0.0626693889499, -0.0616722367704, 0.0483297854662, -0.0480845347047, 0.0499957017601]]
    },
    "spectral_contrast_coeffs": {
        "max": [-0.447478234768, -0.474255174398, -0.451646983624, -0.575220346451, -0.577687501907, -0.334787458181],
        "mean": [-0.718178212643, -0.802732944489, -0.76859164238, -0.792491078377, -0.766769707203, -0.595295131207],
        "min": [-0.955674886703, -0.949359834194, -0.958429455757, -0.963702499866, -0.956491351128, -0.957216918468],
        "stdev": [0.0733581334352, 0.0757940113544, 0.10000038892, 0.063472956419, 0.0710956379771, 0.110633380711]
    },
    "spectral_contrast_valleys": {
        "max": [-5.97581863403, -5.49011659622, -5.0816655159, -4.86988639832, -5.66700315475, -10.2757959366],
        "mean": [-8.86004161835, -7.36732196808, -7.41920614243, -7.53638219833, -8.38342952728, -14.6376113892],
        "min": [-27.764093399, -27.4573822021, -27.246465683, -27.1931915283, -27.2862167358, -27.3089141846],
        "stdev": [1.0525496006, 1.51283490658, 1.81743085384, 2.04690051079, 1.9535806179, 1.18075168133]
    }
},
"rhythm": {
    "beats_count": 65,
    "beats_loudness": {
        "max": 0.0662380158901,
        "mean": 0.0170570351183,
        "min": 4.28673547503e-06,
        "stdev": 0.0142989801243
    },
    "bpm": 99.1964950562,
    "bpm_histogram_first_peak_bpm": 99,
    "bpm_histogram_first_peak_weight": 0,
    "bpm_histogram_second_peak_bpm": 126,
    "bpm_histogram_second_peak_spread": 0.571428537369,
    "bpm_histogram_second_peak_weight": 0.09375,
    "danceability": 0.714050531387,
    "onset_rate": 1.82674622536,
    "beats_loudness_band_ratio": {
        "max": [0.851810574532, 0.259809821844, 0.791444301605, 0.768885910511, 0.648486077785, 0.107345089316],
        "mean": [0.121736466885, 0.0543316230178, 0.194840684533, 0.366764128208, 0.29959821701, 0.0348456986248],
        "min": [0.000499565619975, 0.00418158434331, 0.0220751985908, 0.0269863568246, 0.00847654044628, 0.000433393492131],
        "stdev": [0.244094714522, 0.0596931017935, 0.206259563565, 0.164781674743, 0.20164707303, 0.02413151972]
    },
    "beats_position": [0.371519267559, 0.743038535118, 1.11455774307, 1.47446703911, 1.84598636627, 2.20589566231, 2.57741498947, 2.96054410934, 3.32045340538, 3.66875267029, 4.01705217361, 4.3653512001, 4.71365070343, 5.05034017563, 5.38702917099, 5.72371864319, 6.03718805313, 6.37387752533, 6.68734693527, 7.00081634521, 7.31428575516, 7.63936471939, 7.96444416046, 8.28952407837, 8.60299301147, 8.90485286713, 9.35764122009, 9.81043052673, 10.2748298645, 10.7276191711, 11.1687984467, 11.6099767685, 12.0163259506, 12.4226751328, 12.840634346, 13.2585935593, 13.6997728348, 14.1293420792, 14.5705213547, 15.0697498322, 15.5805892944, 16.0798187256, 16.5558280945, 17.0434455872, 17.5310649872, 18.0186843872, 18.4946937561, 18.970703125, 19.4467124939, 19.9343299866, 20.4103393555, 20.8863487244, 21.3507480621, 21.8151473999, 22.2795467377, 22.8948745728, 23.4985942841, 24.102312088, 24.7060317993, 25.3097496033, 25.9134693146, 26.5171871185, 27.1209068298, 27.7246246338, 28.3283443451],
