{
"metadata": {
    "version": {
        "essentia": "2.1-beta5",
        "essentia_git_sha": "Undefined",
        "extractor": "music 2.0"
    },
    "audio_properties": {
        "analysis": {
            "equal_loudness": 0,
            "length": 25.6116104126,
            "sample_rate": 44100,
            "start_time": 175.240997314,
            "downmix": "mix"
        },
        "bit_rate": 192000,
        "length": 200.875839233,
        "lossless": 0,
        "number_channels": 1,
        "replay_gain": -10.9407310486,
        "sample_rate": 48000,
        "codec": "mp3",
        "md5_encoded": "e47cbfc377877670fb7073fe84dad28c"
    },
    "tags": {
        "file_name": "Germany_Heut_ Woll_n Wir Tanzen Geh_n_Alice and Ellen Kessler.mp3",
        "encoding": ["Lavf58.29.100"]
    }
},
"lowlevel": {
    "average_loudness": 0.866023182869,
    "barkbands_crest": {
        "max": 26.8957595825,
        "mean": 8.78795528412,
        "min": 2.66100931168,
        "stdev": 5.10959911346
    },
    "barkbands_flatness_db": {
        "max": 0.533308506012,
        "mean": 0.172298118472,
        "min": 0.0774329602718,
        "stdev": 0.0466203577816
    },
    "barkbands_kurtosis": {
        "max": 1796.23864746,
        "mean": 5.13629961014,
        "min": -1.81631398201,
        "stdev": 60.8834571838
    },
    "barkbands_skewness": {
        "max": 41.8600082397,
        "mean": 0.873496651649,
        "min": -1.29100120068,
        "stdev": 1.93841612339
    },
    "barkbands_spread": {
        "max": 127.496650696,
        "mean": 15.9730014801,
        "min": 0.307491123676,
        "stdev": 9.60952758789
    },
    "dissonance": {
        "max": 0.49998986721,
        "mean": 0.464865744114,
        "min": 0.260013401508,
        "stdev": 0.034198589623
    },
    "dynamic_complexity": 3.83594560623,
    "erbbands_crest": {
        "max": 30.3291606903,
        "mean": 9.3602514267,
        "min": 2.12591910362,
        "stdev": 5.44468259811
    },
    "erbbands_flatness_db": {
        "max": 0.371050566435,
        "mean": 0.239209055901,
        "min": 0.0250918269157,
        "stdev": 0.0442507974803
    },
    "erbbands_kurtosis": {
        "max": 25.5570735931,
        "mean": 0.968838214874,
        "min": -1.86676025391,
        "stdev": 2.3987159729
    },
    "erbbands_skewness": {
        "max": 4.00065946579,
        "mean": 0.493001401424,
        "min": -3.23936700821,
        "stdev": 0.745153188705
    },
    "erbbands_spread": {
        "max": 130.62210083,
        "mean": 24.5734100342,
        "min": 3.54348945618,
        "stdev": 15.129117012
    },
    "hfc": {
        "max": 98.8065490723,
        "mean": 21.1887130737,
        "min": 1.4261628678e-07,
        "stdev": 16.581281662
    },
    "loudness_ebu128": {
        "integrated": -16.4455871582,
        "loudness_range": 5.65079879761,
        "momentary": {
            "max": -12.4506673813,
            "mean": -17.7057361603,
            "min": -72.720085144,
            "stdev": 4.76467609406
        },
        "short_term": {
            "max": -14.0083646774,
            "mean": -16.6812114716,
            "min": -20.7460803986,
            "stdev": 2.0532848835
        }
    },
    "melbands_crest": {
        "max": 39.9690055847,
        "mean": 11.0062685013,
        "min": 3.08770656586,
        "stdev": 6.59917402267
    },
    "melbands_flatness_db": {
        "max": 0.514244377613,
        "mean": 0.167639642954,
        "min": 0.0674145370722,
        "stdev": 0.0559400543571
    },
    "melbands_kurtosis": {
        "max": 3039.29931641,
        "mean": 9.7503452301,
        "min": -1.36592912674,
        "stdev": 98.0937576294
    },
    "melbands_skewness": {
        "max": 53.3749961853,
        "mean": 1.34438538551,
        "min": -1.19779777527,
        "stdev": 2.39366936684
    },
    "melbands_spread": {
        "max": 136.480178833,
        "mean": 24.6269130707,
        "min": 0.307557225227,
        "stdev": 12.4564666748
    },
    "pitch_salience": {
        "max": 0.882839441299,
        "mean": 0.640492618084,
        "min": 0.00453867390752,
        "stdev": 0.153477534652
    },
    "silence_rate_20dB": {
        "max": 1,
        "mean": 1,
        "min": 1,
        "stdev": 0
    },
    "silence_rate_30dB": {
        "max": 1,
        "mean": 1,
        "min": 1,
        "stdev": 0
    },
    "silence_rate_60dB": {
        "max": 1,
        "mean": 0.0751811563969,
        "min": 0,
        "stdev": 0.263685405254
    },
    "spectral_centroid": {
        "max": 4074.99536133,
        "mean": 1519.84924316,
        "min": 321.742462158,
        "stdev": 537.313659668
    },
    "spectral_complexity": {
        "max": 40,
        "mean": 21.5661239624,
        "min": 0,
        "stdev": 8.64167308807
    },
    "spectral_decrease": {
        "max": -1.38306724273e-17,
        "mean": -5.27983567977e-09,
        "min": -2.71702411681e-08,
        "stdev": 4.54810900052e-09
    },
    "spectral_energy": {
        "max": 0.109919562936,
        "mean": 0.0218492150307,
        "min": 1.64690705518e-10,
        "stdev": 0.018518159166
    },
    "spectral_energyband_high": {
        "max": 0.003356984118,
        "mean": 0.000405785598559,
        "min": 9.85710645052e-12,
        "stdev": 0.000498250476085
    },
    "spectral_energyband_low": {
        "max": 0.0233724769205,
        "mean": 0.00113961740863,
        "min": 5.53942412773e-11,
        "stdev": 0.00221408577636
    },
    "spectral_energyband_middle_high": {
        "max": 0.095778003335,
        "mean": 0.0101578924805,
        "min": 5.52916263122e-12,
        "stdev": 0.0121875079349
    },
    "spectral_energyband_middle_low": {
        "max": 0.104415103793,
        "mean": 0.0109236035496,
        "min": 4.2375003788e-13,
        "stdev": 0.0136212101206
    },
    "spectral_entropy": {
        "max": 8.8468914032,
        "mean": 7.52863264084,
        "min": 6.0906791687,
        "stdev": 0.40540766716
    },
    "spectral_flux": {
        "max": 0.267465531826,
        "mean": 0.0820532366633,
        "min": 6.78007745591e-06,
        "stdev": 0.0404249541461
    },
    "spectral_kurtosis": {
        "max": 14.8387699127,
        "mean": 3.6060488224,
        "min": -1.03155767918,
        "stdev": 2.59333014488
    },
    "spectral_rms": {
        "max": 0.0103556076065,
        "mean": 0.00419062422588,
        "min": 4.00841429382e-07,
        "stdev": 0.00193776295055
    },
    "spectral_rolloff": {
        "max": 16472.9003906,
        "mean": 1709.7635498,
        "min": 21.533203125,
        "stdev": 934.347229004
    },
    "spectral_skewness": {
        "max": 2.56436395645,
        "mean": 1.25745522976,
        "min": -0.250683009624,
        "stdev": 0.389682620764
    },
    "spectral_spread": {
        "max": 10431671,
        "mean": 3135066,
        "min": 2032799.25,
        "stdev": 992068.4375
    },
    "spectral_strongpeak": {
        "max": 9.8985748291,
        "mean": 1.63606846333,
        "min": 0,
        "stdev": 1.72469782829
    },
    "zerocrossingrate": {
        "max": 0.40869140625,
        "mean": 0.063858255744,
        "min": 0,
        "stdev": 0.0238857902586
    },
    "barkbands": {
        "max": [0.000155659334268, 0.0064512793906, 0.0134426448494, 0.0437416136265, 0.0318756736815, 0.0356789641082, 0.0280529353768, 0.0450646542013, 0.102564811707, 0.0888609737158, 0.0342651307583, 0.0451795645058, 0.0165163297206, 0.0180928278714, 0.0176110230386, 0.00522583490238, 0.00617889454588, 0.00274624931626, 0.00160750246141, 0.00254813348874, 0.00160389579833, 0.00077643734403, 0.000294601020869, 0.000106153493107, 1.31319302454e-05, 8.94815229913e-07, 7.72329940446e-07],
        "mean": [1.05631415863e-05, 0.000287605915219, 0.000496732187457, 0.000897083373275, 0.00151013932191, 0.00159373925999, 0.00175393780228, 0.000836471095681, 0.00346797588281, 0.00284945615567, 0.00167882046662, 0.00169977999758, 0.0012925817864, 0.00100710173137, 0.000657118507661, 0.000473855412565, 0.000367046683095, 0.000296985410387, 0.000186886143638, 0.000222981339903, 0.000135697890073, 6.79821678204e-05, 4.17729679612e-05, 1.64240773302e-05, 4.73138271673e-07, 1.76606196334e-09, 1.42300304873e-09],
        "min": [5.00252721192e-11, 4.63249187274e-12, 2.81584541315e-15, 2.95313886599e-15, 4.69176733326e-14, 2.9240214308e-14, 4.6511331299e-14, 8.20220356478e-14, 1.1528557514e-13, 1.66425385842e-13, 1.0268724754e-13, 2.92716236449e-13, 2.26803696809e-13, 1.4347014245e-13, 4.0345087297e-13, 3.98729253824e-13, 2.74031150419e-13, 8.60252732764e-13, 6.36281825839e-13, 3.8167651548e-13, 5.30789659187e-13, 8.07510904931e-13, 1.16954048442e-12, 1.12113844684e-12, 1.41652184774e-12, 2.24301176591e-12, 2.45772651362e-12],
        "stdev": [1.40216234286e-05, 0.000584409455769, 0.00123600848019, 0.00288003799506, 0.00331678055227, 0.00318019208498, 0.00281598977745, 0.00213685515337, 0.0090418253094, 0.00778108788654, 0.00412959977984, 0.00396620528772, 0.0018374909414, 0.00151218252722, 0.000891428557225, 0.000520036090165, 0.000437824055552, 0.000305941008264, 0.000200927563128, 0.000313264434226, 0.000168346581631, 9.83395730145e-05, 3.48859284713e-05, 1.44963642015e-05, 7.31552972866e-07, 2.69187303559e-08, 2.32463754912e-08]
    },
    "erbbands": {
        "max": [0.0631782785058, 2.05566596985, 15.2036600113, 60.9836616516, 140.616027832, 170.238357544, 183.232040405, 375.696014404, 363.762237549, 366.164916992, 1492.00427246, 3003.97583008, 3398.43261719, 3002.08691406, 1618.84082031, 2284.05859375, 850.662841797, 1093.72229004, 625.236999512, 563.411071777, 352.936584473, 231.585952759, 133.731552124, 113.923072815, 101.778999329, 98.9025344849, 102.184577942, 58.1095466614, 33.031463623, 25.4090747833, 6.78506708145, 3.43665075302, 1.51100552082, 0.22689832747, 0.0102491201833, 0.00409457739443, 0.00161339831538, 0.000519956229255, 0.000112243404146, 0.000127402512589],
        "mean": [0.00479835085571, 0.0821650996804, 0.507332384586, 1.78918600082, 4.15241622925, 4.90169811249, 7.8057346344, 15.487865448, 25.8292999268, 19.8696517944, 26.5643978119, 84.8775100708, 87.2271957397, 76.9149398804, 68.7490615845, 69.1968612671, 60.3091087341, 45.4293441772, 49.9121665955, 30.3953952789, 25.6924629211, 20.4095554352, 17.3882923126, 11.8859872818, 8.44535541534, 9.52791404724, 8.372838974, 4.32426643372, 2.57584834099, 1.80552220345, 1.11300766468, 0.569568932056, 0.152553156018, 0.015619231388, 0.000541428744327, 6.31523944321e-05, 1.94574422494e-05, 6.31744114798e-06, 1.29166128318e-05, 2.65197559202e-05],
        "min": [8.24379897679e-10, 1.50904858054e-10, 5.18668823168e-11, 4.75676442679e-11, 6.16007800325e-11, 1.27406876715e-10, 2.27616897552e-10, 2.84377632553e-10, 6.86169787656e-10, 7.87168663585e-10, 2.65877186933e-09, 2.96454305548e-09, 3.19212278832e-09, 5.06680475354e-09, 1.45472300872e-08, 1.08167359514e-08, 1.09479074695e-08, 1.06130624289e-08, 1.84627513278e-08, 1.28824702017e-08, 2.39227766485e-08, 2.04978736207e-08, 3.83908123069e-08, 3.20181499092e-08, 3.42473178705e-08, 1.67679612417e-08, 2.41544402257e-08, 2.02242009806e-08, 2.97651823189e-08, 2.58669050623e-08, 3.87395040491e-08, 2.15361364297e-08, 1.96213267856e-08, 1.64538285219e-08, 1.07951603212e-08, 8.9745562093e-09, 3.90807164408e-09, 1.40406153371e-09, 4.53417914326e-10, 2.89130958758e-11],
        "stdev": [0.00587921543047, 0.185242637992, 1.30541098118, 4.63905096054, 12.3283214569, 11.6522483826, 15.7710294724, 31.7573204041, 45.636806488, 30.6839103699, 76.1857833862, 239.463058472, 237.030227661, 215.295562744, 159.726333618, 165.093109131, 84.3354034424, 65.4188995361, 61.9258499146, 36.8871040344, 28.9765853882, 18.8704109192, 16.8242263794, 13.0017023087, 9.42978477478, 12.1321144104, 12.6321706772, 5.79040575027, 3.62401771545, 2.39879655838, 0.889152884483, 0.477156370878, 0.142794013023, 0.0168760437518, 0.000589570729062, 0.000127833656734, 4.93136394653e-05, 1.59287556016e-05, 1.03375969047e-05, 2.17528540816e-05]
    },
    "gfcc": {
        "mean": [-53.959815979, 129.137664795, -194.702255249, 38.6725616455, -78.3982925415, 7.90234661102, -23.3276977539, -17.0022792816, 3.79577159882, -24.3294429779, 7.55627012253, -18.772939682, 3.64218330383],
        "cov": [[12133.3232422, 2442.80810547, -1722.81677246, -65.1833190918, -545.348999023, -325.497924805, -34.708404541, -649.253051758, -50.4531784058, -496.610565186, 30.1445560455, -528.344116211, -83.3622283936], [2442.80810547, 812.076599121, -142.169754028, -20.5761432648, -101.015632629, -187.398330688, -49.2525215149, -162.076675415, -24.9086055756, -140.348251343, 2.29580163956, -134.649032593, -14.6858663559], [-1722.81677246, -142.169754028, 828.474243164, 274.941253662, -13.0173854828, -64.9294433594, -78.993927002, 88.1483840942, -53.578742981, 22.9589500427, -38.4190406799, 21.9740867615, -26.0954093933], [-65.1833190918, -20.5761432648, 274.941253662, 380.990692139, -50.602394104, -18.1181354523, -83.4079818726, -6.57312393188, 1.0171765089, 20.5073127747, -41.3531417847, -24.227060318, -25.3089122772], [-545.348999023, -101.015632629, -13.0173854828, -50.602394104, 171.702804565, 78.1238174438, 68.4229812622, 36.2167892456, -11.7078866959, 7.03989982605, -3.20466256142, 14.2538137436, 3.23842096329], [-325.497924805, -187.398330688, -64.9294433594, -18.1181354523, 78.1238174438, 249.990371704, 83.1008682251, 22.7911148071, -19.2458152771, 35.5520706177, 33.9938659668, 32.0254402161, -9.72529697418], [-34.708404541, -49.2525215149, -78.993927002, -83.4079818726, 68.4229812622, 83.1008682251, 168.914672852, 54.6468925476, -25.0242347717, -10.6202144623, 4.96199512482, -7.56723070145, -15.3036499023], [-649.253051758, -162.076675415, 88.1483840942, -6.57312393188, 36.2167892456, 22.7911148071, 54.6468925476, 175.115432739, 47.8253211975, -3.41354751587, -11.619764328, 25.1688709259, 29.0650138855], [-50.4531784058, -24.9086055756, -53.578742981, 1.0171765089, -11.7078866959, -19.2458152771, -25.0242347717, 47.8253211975, 103.402603149, 32.0085449219, -10.1078796387, 16.1024208069, 14.1472740173], [-496.610565186, -140.348251343, 22.9589500427, 20.5073127747, 7.03989982605, 35.5520706177, -10.6202144623, -3.41354751587, 32.0085449219, 105.771636963, 28.0152854919, 30.0295181274, -8.39906597137], [30.1445560455, 2.29580163956, -38.4190406799, -41.3531417847, -3.20466256142, 33.9938659668, 4.96199512482, -11.619764328, -10.1078796387, 28.0152854919, 89.6048278809, 42.428565979, 5.40708065033], [-528.344116211, -134.649032593, 21.9740867615, -24.227060318, 14.2538137436, 32.0254402161, -7.56723070145, 25.1688709259, 16.1024208069, 30.0295181274, 42.428565979, 90.4647521973, 37.2063293457], [-83.3622283936, -14.6858663559, -26.0954093933, -25.3089122772, 3.23842096329, -9.72529697418, -15.3036499023, 29.0650138855, 14.1472740173, -8.39906597137, 5.40708065033, 37.2063293457, 74.9671936035]],
        "icov": [[0.000844858470373, -0.00150801916607, 0.00153301726095, -0.00109245011117, 0.00161819590721, -0.000442995573394, -0.000604376837146, 0.000681252451614, -0.00041543750558, 0.00174315297045, -0.00119789585005, 0.00185284181498, -0.000265474722255], [-0.00150801916607, 0.0081741688773, -0.00416372576728, 0.00192404107656, -0.00282038003206, 0.00268958508968, -0.00165670830756, 0.00613702228293, -0.00659164506942, 0.00500409118831, -0.00599765125662, 0.00656031863764, -0.004140926525], [0.00153301726095, -0.00416372576728, 0.00594939757138, -0.00339361117221, 0.00269523472525, -0.000196336521185, 0.00143220659811, -0.0039495266974, 0.00537017500028, -0.000388512009522, 0.00139818550088, -0.00148115679622, 0.00307329487987], [-0.00109245011117, 0.00192404107656, -0.00339361117221, 0.00571678811684, -0.00118276407011, -0.000616468896624, 0.00224023335613, -0.000498934823554, -0.000122486890177, -0.00283361482434, 0.00282392837107, -0.00101356825326, 0.000537708285265], [0.00161819590721, -0.00282038003206, 0.00269523472525, -0.00118276407011, 0.0111137917265, -0.0026201789733, -0.00307438638993, 0.000791477796156, 0.000104328042653, 0.00255421735346, -0.000150161111378, 0.00258533330634, -0.00097446719883], [-0.000442995573394, 0.00268958508968, -0.000196336521185, -0.000616468896624, -0.0026201789733, 0.0073077371344, -0.00249915546738, 0.00108931807335, 3.96212708438e-05, -7.58501046221e-05, -0.00280419783667, -0.000105973551399, 0.00012538638839], [-0.000604376837146, -0.00165670830756, 0.00143220659811, 0.00224023335613, -0.00307438638993, -0.00249915546738, 0.0143583295867, -0.010763480328, 0.010024914518, -0.00609793560579, 0.00575459236279, -0.00547500513494, 0.00689812842757], [0.000681252451614, 0.00613702228293, -0.0039495266974, -0.000498934823554, 0.000791477796156, 0.00108931807335, -0.010763480328, 0.0237782429904, -0.0204385258257, 0.0158889833838, -0.0127326212823, 0.0151175465435, -0.0118398265913], [-0.00041543750558, -0.00659164506942, 0.00537017500028, -0.000122486890177, 0.000104328042653, 3.96212708438e-05, 0.010024914518, -0.0204385258257, 0.0318781659007, -0.0197768844664, 0.0171458590776, -0.0181793440133, 0.00960011221468], [0.00174315297045, 0.00500409118831, -0.000388512009522, -0.00283361482434, 0.00255421735346, -7.58501046221e-05, -0.00609793560579, 0.0158889833838, -0.0197768844664, 0.0307141132653, -0.0186901111156, 0.0158158540726, -0.00502656120807], [-0.00119789585005, -0.00599765125662, 0.00139818550088, 0.00282392837107, -0.000150161111378, -0.00280419783667, 0.00575459236279, -0.0127326212823, 0.0171458590776, -0.0186901111156, 0.032570309937, -0.0268372800201, 0.010327600874], [0.00185284181498, 0.00656031863764, -0.00148115679622, -0.00101356825326, 0.00258533330634, -0.000105973551399, -0.00547500513494, 0.0151175465435, -0.0181793440133, 0.0158158540726, -0.0268372800201, 0.0455216169357, -0.020070636645], [-0.000265474722255, -0.004140926525, 0.00307329487987, 0.000537708285265, -0.00097446719883, 0.00012538638839, 0.00689812842757, -0.0118398265913, 0.00960011221468, -0.00502656120807, 0.010327600874, -0.020070636645, 0.0263823289424]]
    },
    "melbands": {
        "max": [0.00106172438245, 0.00558063341305, 0.0149373877794, 0.00782392080873, 0.00661281310022, 0.00783639121801, 0.00600264687091, 0.00337245385163, 0.0135930674151, 0.0190032944083, 0.016721971333, 0.0134274903685, 0.00491148093715, 0.00372738088481, 0.00436017429456, 0.00204515364021, 0.002310217591, 0.00136356509756, 0.001794762793, 0.000387264590245, 0.000555105973035, 0.000367860397091, 0.000139483701787, 0.000195701490156, 0.000116781062388, 5.37996675121e-05, 7.95434534666e-05, 9.28577210288e-05, 9.74491049419e-05, 2.25470030273e-05, 4.80207891087e-05, 2.58178079093e-05, 2.19596495299e-05, 9.26120628719e-06, 4.86342241857e-06, 2.08578444472e-06, 2.4553150979e-06, 1.52685640842e-06, 5.26546841684e-07, 7.27301596726e-08],
        "mean": [6.05098503001e-05, 0.000218848246732, 0.000396423361963, 0.000312050018692, 0.000271079625236, 0.000352125847712, 0.000383430626243, 0.000200845184736, 0.000257821026025, 0.000545432441868, 0.000438431627117, 0.000323149084579, 0.000218382643652, 0.000166025929502, 0.00020675273845, 0.000109723267087, 8.14543527667e-05, 9.01806124602e-05, 4.64603181172e-05, 3.51247908839e-05, 2.90558509732e-05, 2.27843920584e-05, 1.50265932461e-05, 1.45095400512e-05, 9.27168730414e-06, 6.02229874858e-06, 5.87432487009e-06, 6.70129020364e-06, 6.40203097646e-06, 2.98344093608e-06, 2.31122862715e-06, 1.53175039941e-06, 1.16599551347e-06, 9.14566442134e-07, 6.76422757806e-07, 4.76371923241e-07, 2.95244149129e-07, 1.24047303984e-07, 3.39945387395e-08, 3.71871489158e-09],
        "min": [1.14715667521e-11, 4.33079306195e-15, 6.3703471785e-15, 1.02390740268e-14, 6.57566161217e-15, 6.25536076185e-15, 9.96750255846e-15, 8.45311013976e-15, 2.69046920566e-14, 1.49569264173e-14, 1.68102090949e-14, 2.11978380677e-14, 3.33067313963e-14, 3.44614100982e-14, 2.66069853866e-14, 2.98867003465e-14, 1.73490677391e-14, 2.32309831094e-14, 2.39895231365e-14, 1.41237653287e-14, 3.23180304946e-14, 1.58988829589e-14, 2.23008680885e-14, 3.60070351627e-14, 2.31779673172e-14, 2.59806976958e-14, 1.55603086433e-14, 1.03330209921e-14, 1.5408516951e-14, 1.43709693532e-14, 1.05598174519e-14, 1.83751210997e-14, 1.3580856173e-14, 1.43405862814e-14, 2.35945923308e-14, 1.54021354047e-14, 1.33247947249e-14, 1.48925536074e-14, 1.16666794498e-14, 1.45439080701e-14],
        "stdev": [0.000100662793557, 0.000510341837071, 0.00108288403135, 0.000716403068509, 0.000544311769772, 0.000690423883498, 0.000653184019029, 0.000314907869324, 0.000823763082735, 0.00147838704288, 0.00120079680346, 0.000925194413867, 0.000497121596709, 0.000346745451679, 0.000463800621219, 0.000161925257999, 0.000137988390634, 0.000127031875309, 7.39546594559e-05, 4.13249254052e-05, 4.15726171923e-05, 2.54638071056e-05, 1.3888691683e-05, 1.62731466844e-05, 1.17139097711e-05, 6.10114148003e-06, 8.19541492092e-06, 9.40837435337e-06, 1.09586544568e-05, 3.46338538293e-06, 3.61752222489e-06, 2.32235151998e-06, 1.86685792869e-06, 1.08050335257e-06, 5.82944949201e-07, 3.58912501497e-07, 2.87125004661e-07, 1.25625220448e-07, 3.95465669101e-08, 5.26847054871e-09]
    },
    "melbands128": {
        "max": [0.000115089555038, 0.000450853694929, 0.000995758804493, 0.00412910152227, 0.00923264678568, 0.00690158084035, 0.00848389230669, 0.0279251262546, 0.0156427752227, 0.0101183727384, 0.0124760726467, 0.0115636512637, 0.0092510888353, 0.00948160141706, 0.00834473595023, 0.01381285768, 0.0110585326329, 0.00587514787912, 0.00894389860332, 0.00630470179021, 0.00310073350556, 0.00494665233418, 0.024703418836, 0.0234736036509, 0.0319558829069, 0.030462410301, 0.0175633840263, 0.0321652293205, 0.0222627576441, 0.0301959421486, 0.0211602915078, 0.00866710953414, 0.00605320930481, 0.00940845161676, 0.00489285774529, 0.00724596064538, 0.0145842134953, 0.00970027409494, 0.00343084591441, 0.00433020293713, 0.00213038688526, 0.00180073746014, 0.0051087057218, 0.00244145072065, 0.00228835153393, 0.00199261400849, 0.000888837093953, 0.00428777607158, 0.00169284187723, 0.000966470397543, 0.000649630383123, 0.000468568614451, 0.00105782959145, 0.00143525283784, 0.00137942889705, 0.000284713227302, 0.000191224433365, 0.000204516167287, 0.000302837957861, 0.000286604481516, 0.000285485031782, 0.000319268991007, 0.000167935053469, 0.000248932134127, 7.93525250629e-05, 9.85651058727e-05, 8.4472434537e-05, 0.000203108560527, 0.000150234773173, 9.39094679779e-05, 8.70089788805e-05, 0.000103452526673, 0.0002883815323, 7.8444078099e-05, 6.33752060821e-05, 3.02450098388e-05, 3.5692792153e-05, 7.91004640632e-05, 9.23841071199e-05, 4.29394422099e-05, 4.29983738286e-05, 1.93623836822e-05, 1.46320389831e-05, 2.59120824921e-05, 3.99380805902e-05, 9.05518845684e-06, 1.32426275741e-05, 9.89841282717e-06, 7.91943057266e-06, 5.96249174123e-06, 3.91145476897e-06, 2.95947188533e-06, 3.71429132429e-06, 3.70231191482e-06, 2.97653355119e-06, 2.95530890071e-06, 2.27536588682e-06, 5.72144983835e-07, 8.01149099061e-07, 6.04125716563e-07, 1.34585619094e-07, 4.67844358809e-08, 1.5450721591e-08, 1.09698419237e-08, 9.8663521797e-09, 8.90009133059e-09, 8.12564682207e-09, 7.39452454823e-09, 6.69759270266e-09, 6.18101081429e-09, 5.73500580359e-09, 5.32745447757e-09, 4.96748997492e-09, 4.690487998e-09, 4.40336034302e-09, 4.16654977187e-09, 3.95505628248e-09, 3.76047104567e-09, 3.59359653146e-09, 3.45910478039e-09, 3.33179794865e-09, 3.2160480945e-09, 3.13968406829e-09, 3.0469653467e-09, 2.98032465373e-09, 2.92967428095e-09, 2.89240342788e-09, 2.87024937151e-09],
        "mean": [7.42381871532e-06, 2.82564542431e-05, 6.6748696554e-05, 0.000150595587911, 0.000235311468714, 0.000243793881964, 0.00031873039552, 0.000506746990141, 0.000444142700871, 0.000249872624408, 0.000266559596639, 0.00029396469472, 0.000254281971138, 0.000266582530458, 0.000328721478581, 0.000389935448766, 0.000480181450257, 0.000374178314814, 0.000294366822345, 0.000204554555239, 0.000163374643307, 0.000151736880071, 0.000212113794987, 0.000413012312492, 0.000624680134933, 0.000624792883173, 0.000349410052877, 0.000431754451711, 0.000499995774589, 0.000364330800949, 0.000271200173302, 0.000221777663683, 0.000154142806423, 0.000315739162033, 0.000156155729201, 9.32528128033e-05, 0.00019983506354, 0.00030862071435, 0.000130191998323, 8.91685122042e-05, 0.000149761981447, 6.45151230856e-05, 6.83644757373e-05, 8.61205189722e-05, 0.000120475022413, 9.68356252997e-05, 4.70585218864e-05, 5.09579622303e-05, 4.29911815445e-05, 3.63433391612e-05, 3.46513552358e-05, 3.49923102476e-05, 2.64271420747e-05, 2.91006781481e-05, 2.85890619125e-05, 2.27238706429e-05, 1.8483004169e-05, 1.20627519209e-05, 1.35748014145e-05, 2.07208195206e-05, 1.41634691317e-05, 1.11935823952e-05, 1.05041945062e-05, 8.66661684995e-06, 7.32942362447e-06, 5.18955494044e-06, 5.65153868592e-06, 6.86761632096e-06, 5.29357930645e-06, 5.59190266358e-06, 5.70068596062e-06, 7.01590170138e-06, 1.06841398519e-05, 4.79792197439e-06, 4.41950805907e-06, 2.84910697701e-06, 2.2662839001e-06, 2.89806871479e-06, 2.32756497098e-06, 1.86101658528e-06, 1.69984298282e-06, 1.38009920647e-06, 1.05425624497e-06, 1.19263290799e-06, 1.28171006963e-06, 8.59034003042e-07, 8.98101177427e-07, 7.61591536502e-07, 6.70301290029e-07, 6.12775977515e-07, 5.22130108038e-07, 4.34784112713e-07, 3.95922938878e-07, 3.13835442967e-07, 2.31408293416e-07, 1.6118715962e-07, 1.0510915871e-07, 5.93117164271e-08, 3.61782070968e-08, 2.07071906289e-08, 7.01861280206e-09, 1.65113089867e-10, 5.27184303156e-11, 1.6633769015e-11, 1.50244469643e-11, 1.66644857635e-11, 1.74081738608e-11, 2.40553913594e-11, 1.25983676616e-11, 1.00840464451e-11, 9.50097205771e-12, 8.99118019621e-12, 8.53012972757e-12, 8.13494237251e-12, 7.74852838142e-12, 7.43230043482e-12, 7.11840569129e-12, 6.79857559138e-12, 6.55439114441e-12, 6.34660379806e-12, 6.15073920615e-12, 5.97911997691e-12, 5.8554697549e-12, 5.71434262756e-12, 5.57467873946e-12, 5.42887132818e-12, 5.33538274325e-12, 5.29538912719e-12],
        "min": [4.97128449517e-11, 1.15176913146e-11, 1.06571739281e-12, 1.02182624273e-15, 1.90751883249e-15, 1.58990942936e-15, 4.75531157555e-15, 1.13217335406e-15, 1.94010546052e-15, 6.29485833169e-15, 3.48984138774e-15, 1.74853953626e-15, 3.67854974048e-15, 2.37448979038e-15, 4.37476465982e-15, 8.05653354902e-15, 7.8146573617e-15, 5.47958657886e-15, 4.60571793377e-15, 1.02679154987e-14, 7.82289136898e-15, 1.16240262587e-14, 2.55685500983e-14, 1.01987594937e-14, 2.66527200836e-14, 3.70799557034e-15, 3.03548656209e-15, 1.23131451595e-14, 3.2379741927e-14, 2.77851878875e-14, 1.51831638354e-14, 1.14685330324e-14, 1.39326569081e-14, 4.96694428209e-14, 2.65351976503e-14, 2.45878875393e-14, 2.00350820596e-14, 2.08469241761e-14, 2.64224745057e-14, 5.7465345179e-15, 2.79258377084e-14, 1.8630545579e-14, 1.13309401534e-14, 1.96987269704e-14, 1.02265379392e-14, 6.62523421541e-15, 3.09514207612e-14, 1.63459215374e-14, 1.49639822018e-14, 1.29683895187e-14, 1.43361495228e-14, 1.10408152754e-14, 2.13812732168e-14, 2.44161821024e-14, 9.78455360625e-15, 1.42097603486e-14, 1.5419237e-14, 1.2439437772e-14, 1.95329389057e-14, 2.43863055563e-14, 3.70930262688e-14, 2.68510867295e-14, 3.31209838473e-14, 1.56673414205e-14, 2.11878075035e-14, 2.23485628197e-14, 2.73809092261e-14, 2.26967594296e-14, 1.27895020895e-14, 4.69875433863e-15, 1.22182512114e-14, 8.05968366455e-15, 1.8083770565e-14, 1.61153964386e-14, 1.46006406428e-14, 1.18205802541e-14, 2.07137367154e-14, 6.99164669235e-15, 6.13004604895e-15, 1.34079733603e-14, 2.50512586071e-14, 1.64039365181e-14, 1.54451663725e-14, 1.28253968047e-14, 1.32457504573e-14, 1.28903083276e-14, 1.60686791835e-14, 1.21972710523e-14, 2.56017656483e-14, 3.438870079e-14, 1.567036194e-14, 1.19123096871e-14, 8.49659003501e-15, 1.19033472315e-14, 1.75909651022e-14, 1.73055776794e-14, 1.48623839879e-14, 1.05500181277e-14, 1.20198184969e-14, 9.8707409027e-15, 1.76697696595e-14, 1.56453134817e-14, 9.94791068639e-15, 1.43203320296e-14, 8.87318596555e-15, 1.38192823951e-14, 1.1586010573e-14, 1.6424322907e-14, 1.31592506057e-14, 2.32533329208e-14, 1.2342774372e-14, 8.66214601268e-15, 1.03818736174e-14, 1.75725235009e-14, 1.13090587513e-14, 9.83988603353e-15, 1.35763770628e-14, 6.64210838227e-15, 1.02191679056e-14, 1.69305657005e-14, 1.67085482006e-14, 1.55843237214e-14, 9.81140963288e-15, 5.72983483983e-15, 6.64157009283e-15, 4.84073993048e-15, 7.27294252248e-16, 3.97875264301e-17],
        "stdev": [9.31363774725e-06, 3.13277487294e-05, 0.000115088179882, 0.000373383896658, 0.000709770887624, 0.000570641481318, 0.000808507029433, 0.00177898805123, 0.00144118687604, 0.000648407440167, 0.00077270535985, 0.000839619082399, 0.000635089701973, 0.000614881282672, 0.000742984993849, 0.00110041268636, 0.00102807325311, 0.000718564435374, 0.000603217573371, 0.000400483491831, 0.00031486703665, 0.000390549423173, 0.00110711110756, 0.00168008147739, 0.00249628466554, 0.00193624896929, 0.00130234682001, 0.00192982354201, 0.00140935136005, 0.001544829458, 0.0011621407466, 0.000818094413262, 0.000483785173856, 0.00103423034307, 0.000424279453, 0.000318481266731, 0.000875322148204, 0.000844292459078, 0.000291841861326, 0.000252386584179, 0.000275162397884, 9.7931457276e-05, 0.000221586335101, 0.000209494392038, 0.000239326822339, 0.000194509091671, 7.45675715734e-05, 0.000151507614646, 7.40360628697e-05, 8.22030633572e-05, 5.58704996365e-05, 4.87589168188e-05, 5.17766857229e-05, 7.75156149757e-05, 7.01532553649e-05, 2.65276994469e-05, 2.17861706915e-05, 1.65708333952e-05, 2.0735697035e-05, 3.09563984047e-05, 2.18372479139e-05, 2.42645692197e-05, 1.82761596079e-05, 1.69928316609e-05, 9.66135303315e-06, 7.00522832631e-06, 7.80354912422e-06, 1.47506571011e-05, 9.58614327828e-06, 9.34277341003e-06, 9.1867041192e-06, 1.14205167847e-05, 2.58825602941e-05, 7.57846464694e-06, 7.48849106458e-06, 3.63773415302e-06, 2.72307011073e-06, 5.2468371905e-06, 4.84246038468e-06, 3.43174065165e-06, 3.21515381074e-06, 2.09479230762e-06, 1.46204570228e-06, 2.18242166738e-06, 2.8839940569e-06, 1.04124308109e-06, 1.1933557289e-06, 8.98986627362e-07, 7.03000637259e-07, 6.1952056285e-07, 4.77528203646e-07, 3.98278615421e-07, 4.23246717673e-07, 3.76858508844e-07, 2.84677611262e-07, 1.84924957125e-07, 1.3477060179e-07, 6.46607176691e-08, 5.16493869895e-08, 3.3245900255e-08, 9.66263158375e-09, 1.84144877124e-09, 6.65246524534e-10, 3.30121707748e-10, 2.96863728044e-10, 2.7293078908e-10, 2.46173775809e-10, 2.22702828401e-10, 2.01482677764e-10, 1.85972265365e-10, 1.72559452838e-10, 1.60302923713e-10, 1.49477305533e-10, 1.41146330734e-10, 1.32511598916e-10, 1.25388949224e-10, 1.19028495393e-10, 1.13177175964e-10, 1.08158509926e-10, 1.04112982124e-10, 1.00283913118e-10, 9.68024896353e-11, 9.45046263467e-11, 9.17165510206e-11, 8.97130356114e-11, 8.8191356995e-11, 8.70712113521e-11, 8.64050636595e-11]
    },
    "mfcc": {
        "mean": [-653.885192871, 125.571075439, -43.6999511719, 14.3192462921, -21.5736713409, 10.2605609894, -16.2023277283, 7.99388742447, -11.8828678131, 8.62178230286, -12.1621704102, 6.56369781494, -9.58047294617],
        "cov": [[6934.27148438, 1369.88647461, -893.111022949, -66.7871017456, -475.776977539, 183.127944946, -80.7213516235, -66.7215499878, -179.022140503, 18.9595661163, -97.71459198, 52.7274131775, -187.588699341], [1369.88647461, 682.448974609, -106.448760986, 0.505696237087, -83.6425933838, -63.8094062805, -19.7631931305, -23.0252971649, -74.0280380249, -9.37014102936, -66.4747848511, -17.4651031494, -61.3058280945], [-893.111022949, -106.448760986, 708.30267334, 291.810089111, 111.646331787, -69.8943939209, -23.4687271118, -34.15391922, -12.9177646637, -40.7922554016, 19.8463821411, -35.5796928406, -7.75576305389], [-66.7871017456, 0.505696237087, 291.810089111, 331.44430542, 63.9439582825, -53.1265907288, -51.6164398193, -36.0417709351, 9.88303470612, -6.12426424026, -8.53430747986, -13.3068943024, -26.4943218231], [-475.776977539, -83.6425933838, 111.646331787, 63.9439582825, 151.144012451, -2.07046914101, -11.3632993698, 6.48214769363, 21.7895851135, 2.23317813873, -6.33815765381, -9.87211513519, 15.4829339981], [183.127944946, -63.8094062805, -69.8943939209, -53.1265907288, -2.07046914101, 195.798828125, 61.1420898438, -10.9952735901, -27.4754180908, -2.59350204468, 28.782327652, 8.48177242279, 8.85614204407], [-80.7213516235, -19.7631931305, -23.4687271118, -51.6164398193, -11.3632993698, 61.1420898438, 192.134475708, 66.3989257812, -16.6061134338, 20.6056156158, -2.3715031147, -8.26807117462, -10.9103040695], [-66.7215499878, -23.0252971649, -34.15391922, -36.0417709351, 6.48214769363, -10.9952735901, 66.3989257812, 128.825042725, 33.023235321, 28.8342399597, -13.8473701477, 0.384637326002, -2.45076704025], [-179.022140503, -74.0280380249, -12.9177646637, 9.88303470612, 21.7895851135, -27.4754180908, -16.6061134338, 33.023235321, 120.912513733, 27.3207473755, 8.77565002441, -0.861112535, -2.95914649963], [18.9595661163, -9.37014102936, -40.7922554016, -6.12426424026, 2.23317813873, -2.59350204468, 20.6056156158, 28.8342399597, 27.3207473755, 77.4561004639, 17.5579128265, 3.97484135628, -8.12425613403], [-97.71459198, -66.4747848511, 19.8463821411, -8.53430747986, -6.33815765381, 28.782327652, -2.3715031147, -13.8473701477, 8.77565002441, 17.5579128265, 84.0727996826, 18.7299880981, 10.3836975098], [52.7274131775, -17.4651031494, -35.5796928406, -13.3068943024, -9.87211513519, 8.48177242279, -8.26807117462, 0.384637326002, -0.861112535, 3.97484135628, 18.7299880981, 57.831199646, 24.9434204102], [-187.588699341, -61.3058280945, -7.75576305389, -26.4943218231, 15.4829339981, 8.85614204407, -10.9103040695, -2.45076704025, -2.95914649963, -8.12425613403, 10.3836975098, 24.9434204102, 76.0466003418]],
        "icov": [[0.000437750859419, -0.000726471771486, 0.000429949373938, -0.000516359403264, 0.000831012264825, -0.000781034352258, 0.000438191491412, -0.000256907485891, 0.000112748406536, -8.14739032649e-05, 0.000114342277811, -0.000369778455934, 0.000435834692325], [-0.000726471771486, 0.0032516035717, -0.000371019734303, 0.000660462421365, -0.000676717492752, 0.00194090220612, -0.000528817763552, 0.000626444700174, 0.0011254097335, -0.000164177617989, 0.000976416689809, 0.000544609676581, 0.000591911782976], [0.000429949373938, -0.000371019734303, 0.00332335336134, -0.00279207178392, -0.000302479922539, 0.000317390396958, -0.000241862697294, -0.000380425597541, 0.000964542268775, 0.00162759283558, -0.00178617413621, 0.00117302674334, 0.000175883629709], [-0.000516359403264, 0.000660462421365, -0.00279207178392, 0.00622856151313, -0.00189862248953, 0.000999897485599, 0.000355786440196, 0.00148131139576, -0.000762005045544, -0.0011520953849, 0.00135257234797, -0.0010730981594, 0.00152740813792], [0.000831012264825, -0.000676717492752, -0.000302479922539, -0.00189862248953, 0.0104764699936, -0.00249521736987, 0.00157914275769, -0.00111813133117, -0.000873006589245, -0.00138792314101, 0.00220053782687, 0.000865066656843, -0.00160629639868], [-0.000781034352258, 0.00194090220612, 0.000317390396958, 0.000999897485599, -0.00249521736987, 0.00862532202154, -0.00349512137473, 0.00205990951508, 0.00124811532442, 0.00128287624102, -0.00270260521211, 0.000558389991056, -0.000541233981494], [0.000438191491412, -0.000528817763552, -0.000241862697294, 0.000355786440196, 0.00157914275769, -0.00349512137473, 0.00873677618802, -0.00473464746028, 0.00207153544761, -0.00178146245889, 0.000783709983807, 0.000690330984071, 0.00149712734856], [-0.000256907485891, 0.000626444700174, -0.000380425597541, 0.00148131139576, -0.00111813133117, 0.00205990951508, -0.00473464746028, 0.0124362837523, -0.00314586888999, -0.00269693206064, 0.00279325409792, -0.00136501400266, -0.000286365568172], [0.000112748406536, 0.0011254097335, 0.000964542268775, -0.000762005045544, -0.000873006589245, 0.00124811532442, 0.00207153544761, -0.00314586888999, 0.0115604884923, -0.00244524050504, -0.00128062814474, 0.000816201674752, 0.00134224514477], [-8.14739032649e-05, -0.000164177617989, 0.00162759283558, -0.0011520953849, -0.00138792314101, 0.00128287624102, -0.00178146245889, -0.00269693206064, -0.00244524050504, 0.0175084266812, -0.00534577062353, -0.000179717579158, 0.00178615876939], [0.000114342277811, 0.000976416689809, -0.00178617413621, 0.00135257234797, 0.00220053782687, -0.00270260521211, 0.000783709983807, 0.00279325409792, -0.00128062814474, -0.00534577062353, 0.0172892455012, -0.00502299051732, 9.3311042292e-05], [-0.000369778455934, 0.000544609676581, 0.00117302674334, -0.0010730981594, 0.000865066656843, 0.000558389991056, 0.000690330984071, -0.00136501400266, 0.000816201674752, -0.000179717579158, -0.00502299051732, 0.0235119853169, -0.00792699865997], [0.000435834692325, 0.000591911782976, 0.000175883629709, 0.00152740813792, -0.00160629639868, -0.000541233981494, 0.00149712734856, -0.000286365568172, 0.00134224514477, 0.00178615876939, 9.3311042292e-05, -0.00792699865997, 0.0186781976372]]
    },
    "spectral_contrast_coeffs": {
        "max": [-0.397973418236, -0.415925115347, -0.427567899227, -0.552230596542, -0.604972779751, -0.574382662773],
        "mean": [-0.710131764412, -0.767401516438, -0.743238270283, -0.777490198612, -0.78564041853, -0.672195255756],
        "min": [-0.971437871456, -0.951343536377, -0.960301399231, -0.954086124897, -0.937871873379, -0.923424124718],
        "stdev": [0.0811809450388, 0.0859297960997, 0.107701696455, 0.0692596510053, 0.0465904399753, 0.0459493920207]
    },
    "spectral_contrast_valleys": {
        "max": [-5.55919599533, -4.81928443909, -5.58267736435, -5.90633487701, -6.36512088776, -10.3950195312],
        "mean": [-7.60187911987, -6.62238454819, -7.08773803711, -7.31365680695, -7.54800987244, -11.5484676361],
        "min": [-18.7540931702, -18.9590320587, -17.3599662781, -18.0390472412, -16.878030777, -18.3590946198],
        "stdev": [1.30058181286, 1.34533846378, 1.31398558617, 1.29528474808, 1.05426204205, 0.756507515907]
    }
},
"rhythm": {
    "beats_count": 61,
    "beats_loudness": {
        "max": 0.0687375068665,
        "mean": 0.0269014891237,
        "min": 0.00089960853802,
        "stdev": 0.017907448113
    },
    "bpm": 133.691833496,
    "bpm_histogram_first_peak_bpm": 133,
    "bpm_histogram_first_peak_weight": 0.533333301544,
    "bpm_histogram_second_peak_bpm": 140,
    "bpm_histogram_second_peak_spread": 0.307692289352,
    "bpm_histogram_second_peak_weight": 0.15000000596,
    "danceability": 1.01502048969,
    "onset_rate": 1.40497565269,
    "beats_loudness_band_ratio": {
        "max": [0.625619471073, 0.725592553616, 0.688032984734, 0.889785170555, 0.445621579885, 0.13999299705],
        "mean": [0.118877701461, 0.169486656785, 0.269428044558, 0.307676374912, 0.150112196803, 0.0368620678782],
        "min": [0.00725518818945, 0.00166087632533, 0.0365915670991, 0.00543681252748, 0.0115654543042, 0.00683040218428],
        "stdev": [0.139866352081, 0.1708612293, 0.170566111803, 0.224554285407, 0.115374527872, 0.0300683118403]
    },
    "beats_position": [0.406349211931, 0.824308395386, 1.24226760864, 1.67183673382, 2.10140585899, 2.53097510338, 2.96054410934, 3.3785033226, 3.80807256699, 4.23764181137, 4.66721057892, 5.08516979218, 5.52634906769, 5.95591831207, 6.38548755646, 6.82666635513, 7.26784563065, 7.61614513397, 7.96444416046, 8.31274318695, 8.68426322937, 9.03256225586, 9.4040813446, 9.74077033997, 10.077460289, 10.4025392532, 10.7276191711, 11.0526981354, 11.3777770996, 11.7028570175, 12.0279359818, 12.3530158997, 12.6780948639, 12.9915647507, 13.4443531036, 13.8971424103, 14.3499317169, 14.8027210236, 15.2555103302, 15.7082986832, 16.1610889435, 16.602268219, 17.0434455872, 17.4846248627, 17.9258041382, 18.3669834137, 18.8081626892, 19.2493419647, 19.6905212402, 20.1317005157, 20.5728797913, 21.0256690979, 21.4784584045, 21.9312477112, 22.3956451416, 22.8484344482, 23.312833786, 23.7656230927, 24.2300224304, 24.6828117371, 25.1356010437],
