{
"metadata": {
    "version": {
        "essentia": "2.1-beta5",
        "essentia_git_sha": "Undefined",
        "extractor": "music 2.0"
    },
    "audio_properties": {
        "analysis": {
            "equal_loudness": 0,
            "length": 32.4963264465,
            "sample_rate": 44100,
            "start_time": 175.240997314,
            "downmix": "mix"
        },
        "bit_rate": 192000,
        "length": 235.914733887,
        "lossless": 0,
        "number_channels": 2,
        "replay_gain": -12.0953655243,
        "sample_rate": 44100,
        "codec": "mp3",
        "md5_encoded": "9d125c47e6eb62e198f5e91919026470"
    },
    "tags": {
        "file_name": "Netherlands_Een Beetje_Teddy Scholten.mp3",
        "encoding": ["Lavf58.29.100"]
    }
},
"lowlevel": {
    "average_loudness": 0.938024878502,
    "barkbands_crest": {
        "max": 25.5782146454,
        "mean": 9.93448352814,
        "min": 2.56614637375,
        "stdev": 4.68205928802
    },
    "barkbands_flatness_db": {
        "max": 0.359337866306,
        "mean": 0.185480356216,
        "min": 0.087280407548,
        "stdev": 0.0498295724392
    },
    "barkbands_kurtosis": {
        "max": 172.960632324,
        "mean": 3.41912341118,
        "min": -1.92633974552,
        "stdev": 9.16701698303
    },
    "barkbands_skewness": {
        "max": 11.2668151855,
        "mean": 1.16549050808,
        "min": -1.47730255127,
        "stdev": 1.26506590843
    },
    "barkbands_spread": {
        "max": 95.564743042,
        "mean": 21.582857132,
        "min": 0.830730021,
        "stdev": 13.2472276688
    },
    "dissonance": {
        "max": 0.499821841717,
        "mean": 0.453845322132,
        "min": 0.250434219837,
        "stdev": 0.0363251827657
    },
    "dynamic_complexity": 3.57624316216,
    "erbbands_crest": {
        "max": 30.5465126038,
        "mean": 10.7822227478,
        "min": 2.68059301376,
        "stdev": 5.83896780014
    },
    "erbbands_flatness_db": {
        "max": 0.383003860712,
        "mean": 0.228998288512,
        "min": 0.120380744338,
        "stdev": 0.0435950569808
    },
    "erbbands_kurtosis": {
        "max": 50.2204437256,
        "mean": 0.962700247765,
        "min": -1.76975607872,
        "stdev": 3.87449026108
    },
    "erbbands_skewness": {
        "max": 6.62673950195,
        "mean": 0.433730632067,
        "min": -3.63028383255,
        "stdev": 1.08105516434
    },
    "erbbands_spread": {
        "max": 118.453330994,
        "mean": 33.6767578125,
        "min": 3.43812799454,
        "stdev": 17.3120441437
    },
    "hfc": {
        "max": 153.903656006,
        "mean": 18.4294338226,
        "min": 0.235856831074,
        "stdev": 15.3775253296
    },
    "loudness_ebu128": {
        "integrated": -12.6019039154,
        "loudness_range": 3.97658824921,
        "momentary": {
            "max": -7.18338394165,
            "mean": -13.3740339279,
            "min": -19.5986843109,
            "stdev": 2.72281193733
        },
        "short_term": {
            "max": -10.6568155289,
            "mean": -12.9222097397,
            "min": -16.8787975311,
            "stdev": 1.4891680479
        }
    },
    "melbands_crest": {
        "max": 32.1481170654,
        "mean": 13.4997806549,
        "min": 3.65912795067,
        "stdev": 5.89762783051
    },
    "melbands_flatness_db": {
        "max": 0.389060378075,
        "mean": 0.191075697541,
        "min": 0.0630334243178,
        "stdev": 0.0647031292319
    },
    "melbands_kurtosis": {
        "max": 219.355667114,
        "mean": 10.042555809,
        "min": -1.75079727173,
        "stdev": 17.6338214874
    },
    "melbands_skewness": {
        "max": 10.0054159164,
        "mean": 2.0381937027,
        "min": -1.0993680954,
        "stdev": 1.56848406792
    },
    "melbands_spread": {
        "max": 150.00994873,
        "mean": 27.7624607086,
        "min": 0.849050998688,
        "stdev": 20.0017433167
    },
    "pitch_salience": {
        "max": 0.838298201561,
        "mean": 0.526719093323,
        "min": 0.113790489733,
        "stdev": 0.112106963992
    },
    "silence_rate_20dB": {
        "max": 1,
        "mean": 1,
        "min": 1,
        "stdev": 0
    },
    "silence_rate_30dB": {
        "max": 1,
        "mean": 0.997858643532,
        "min": 0,
        "stdev": 0.046224731952
    },
    "silence_rate_60dB": {
        "max": 1,
        "mean": 0.0356887951493,
        "min": 0,
        "stdev": 0.185514107347
    },
    "spectral_centroid": {
        "max": 4399.01757812,
        "mean": 1572.90893555,
        "min": 318.044555664,
        "stdev": 696.689086914
    },
    "spectral_complexity": {
        "max": 36,
        "mean": 16.3526058197,
        "min": 0,
        "stdev": 7.2055478096
    },
    "spectral_decrease": {
        "max": -6.08375988476e-11,
        "mean": -5.43621947457e-09,
        "min": -4.71452565876e-08,
        "stdev": 4.79304640422e-09
    },
    "spectral_energy": {
        "max": 0.191896647215,
        "mean": 0.0221891421825,
        "min": 0.000251006917097,
        "stdev": 0.019263388589
    },
    "spectral_energyband_high": {
        "max": 0.00460216775537,
        "mean": 0.000434570363723,
        "min": 4.90594220537e-06,
        "stdev": 0.00041429666453
    },
    "spectral_energyband_low": {
        "max": 0.053761523217,
        "mean": 0.0032073284965,
        "min": 1.99345049623e-05,
        "stdev": 0.00534113729373
    },
    "spectral_energyband_middle_high": {
        "max": 0.0837578177452,
        "mean": 0.00606763083488,
        "min": 2.99913790514e-05,
        "stdev": 0.00836904067546
    },
    "spectral_energyband_middle_low": {
        "max": 0.177118182182,
        "mean": 0.0133754406124,
        "min": 0.000153365690494,
        "stdev": 0.0155948624015
    },
    "spectral_entropy": {
        "max": 8.32989120483,
        "mean": 7.35532951355,
        "min": 5.90559101105,
        "stdev": 0.403335750103
    },
    "spectral_flux": {
        "max": 0.395035177469,
        "mean": 0.07650462538,
        "min": 0.0173569694161,
        "stdev": 0.0413780510426
    },
    "spectral_kurtosis": {
        "max": 19.4618835449,
        "mean": 3.10770130157,
        "min": -1.13617646694,
        "stdev": 2.70162248611
    },
    "spectral_rms": {
        "max": 0.013682698831,
        "mean": 0.00425815256312,
        "min": 0.000494858366437,
        "stdev": 0.00187512533739
    },
    "spectral_rolloff": {
        "max": 7838.0859375,
        "mean": 1756.34631348,
        "min": 129.19921875,
        "stdev": 1247.29638672
    },
    "spectral_skewness": {
        "max": 3.16604852676,
        "mean": 1.05096292496,
        "min": -0.592348694801,
        "stdev": 0.458886355162
    },
    "spectral_spread": {
        "max": 8220336,
        "mean": 3363928,
        "min": 2038067.125,
        "stdev": 804916.9375
    },
    "spectral_strongpeak": {
        "max": 10.3864879608,
        "mean": 1.50623250008,
        "min": 0.00906985532492,
        "stdev": 1.55071532726
    },
    "zerocrossingrate": {
        "max": 0.21630859375,
        "mean": 0.0625526234508,
        "min": 0.01171875,
        "stdev": 0.027962602675
    },
    "barkbands": {
        "max": [0.000707988045178, 0.0225920826197, 0.0338177755475, 0.00963532924652, 0.0461884513497, 0.0608123913407, 0.0655515342951, 0.055141441524, 0.128291532397, 0.110169105232, 0.0185299180448, 0.038602873683, 0.0209545623511, 0.0234651844949, 0.0119221806526, 0.00508618075401, 0.0112936636433, 0.00525187840685, 0.00406586565077, 0.0024083328899, 0.00266453716904, 0.00160433817655, 0.00104503182229, 0.000950321962591, 2.35676307057e-05, 1.44573887155e-05, 1.49688585225e-05],
        "mean": [2.15961626964e-05, 0.00156425649766, 0.00134651677217, 0.000495458429214, 0.00145783089101, 0.00282589858398, 0.00245693163015, 0.00246155099012, 0.00256630824879, 0.00184846192133, 0.000603871652856, 0.000921324419323, 0.000556720304303, 0.000479092006572, 0.000420846539782, 0.000308597984258, 0.000571639626287, 0.000381846213713, 0.00036833548802, 0.00024170379038, 0.000134576723212, 7.69952894188e-05, 5.823880565e-05, 1.9715340386e-05, 8.08710467481e-07, 1.0991781707e-08, 1.13823386272e-08],
        "min": [1.68532174882e-08, 3.47507307197e-06, 3.42152560506e-07, 2.03157227929e-07, 4.84399697598e-06, 3.04047807731e-06, 3.70332099919e-06, 7.66400603425e-07, 1.86026113624e-06, 8.14444831576e-07, 3.87949512515e-07, 4.04145424682e-07, 3.62475361726e-07, 2.66990213049e-07, 1.10277903786e-06, 1.26989573346e-06, 1.72296552137e-06, 2.88079240818e-06, 2.00547083296e-06, 2.78759489447e-06, 2.24996870202e-06, 7.29006785605e-07, 4.70502982353e-07, 2.00404016937e-07, 9.34944033304e-09, 4.80414536277e-12, 7.15424421094e-12],
        "stdev": [3.26280714944e-05, 0.00266272388399, 0.00326804816723, 0.000880148087163, 0.00335009186529, 0.00591227971017, 0.00601230701432, 0.00598587468266, 0.00851978268474, 0.005955922883, 0.00133039569482, 0.00279821502045, 0.00156018661801, 0.0018021519063, 0.000990683329292, 0.000437149748905, 0.00106764212251, 0.000523821217939, 0.000479342561448, 0.000279937405139, 0.000156956142746, 0.000105024679215, 8.70359071996e-05, 4.22145421908e-05, 1.37777681175e-06, 3.86099515026e-07, 3.99755606395e-07]
    },
    "erbbands": {
        "max": [0.451131671667, 7.05489206314, 41.3718109131, 33.0767707825, 35.9753799438, 147.275680542, 410.167358398, 572.734313965, 1160.72399902, 1437.74487305, 1313.95776367, 3209.1940918, 5165.10791016, 1001.14996338, 544.668640137, 1978.82177734, 796.351623535, 1132.22631836, 473.977386475, 521.607849121, 221.397216797, 784.55255127, 350.901184082, 251.892044067, 183.374313354, 113.34778595, 140.449432373, 63.371055603, 70.7737884521, 34.4395217896, 26.3851490021, 31.460149765, 6.88871049881, 0.637034296989, 0.109982170165, 0.0585147477686, 0.0266560204327, 0.00937591213733, 0.00213901861571, 0.000243362344918],
        "mean": [0.0196901150048, 0.442288666964, 1.60164427757, 1.6077003479, 1.67940402031, 5.03432893753, 16.9865837097, 23.6117362976, 30.1567993164, 53.5253219604, 51.979183197, 57.5216522217, 70.9362030029, 29.9580440521, 25.4440040588, 41.8267059326, 25.7121086121, 26.2809524536, 18.3205718994, 21.1797523499, 20.8673667908, 31.3140163422, 22.5817298889, 23.5981616974, 13.2558145523, 10.5239963531, 8.30195999146, 4.03413629532, 2.94125509262, 2.52822470665, 1.40808022022, 0.65247297287, 0.209026679397, 0.0255467146635, 0.000901520310435, 0.000114591246529, 3.89268934669e-05, 1.27321936816e-05, 1.43768047565e-05, 2.6775041988e-05],
        "min": [9.32490656851e-05, 0.00104707933497, 0.00187347561587, 0.00525467097759, 0.0102424006909, 0.0163921136409, 0.0686749219894, 0.035700686276, 0.0750202313066, 0.082117177546, 0.049344945699, 0.0669953301549, 0.0433450192213, 0.0291887708008, 0.0218940153718, 0.0156481843442, 0.0199072826654, 0.0291678383946, 0.0451976321638, 0.0669514983892, 0.0918055921793, 0.113139092922, 0.144514471292, 0.174646958709, 0.0972383469343, 0.137520387769, 0.0924866944551, 0.070617377758, 0.0267459377646, 0.0117541486397, 0.014382539317, 0.0071994047612, 0.00233831326477, 0.000217948909267, 3.32246163453e-05, 8.43283032737e-06, 2.16738453673e-06, 5.83754740546e-07, 5.59147281365e-07, 3.46315971456e-07],
        "stdev": [0.0307130645961, 0.776606559753, 3.80189776421, 2.65017032623, 2.55086374283, 11.1896629333, 42.414352417, 53.5007896423, 79.2167739868, 133.223205566, 109.863861084, 195.880477905, 257.310913086, 68.2076797485, 47.4513435364, 138.440124512, 65.3422241211, 84.3144683838, 39.9014205933, 39.1304130554, 25.7930202484, 57.6828155518, 30.2548122406, 29.1364917755, 16.6292934418, 12.0024166107, 9.54533004761, 4.81844568253, 4.11366891861, 3.61857867241, 2.13348221779, 1.37289500237, 0.401481956244, 0.0393550507724, 0.00315508968197, 0.00156277697533, 0.000711523869541, 0.000250278390013, 5.76329293835e-05, 2.29743964155e-05]
    },
    "gfcc": {
        "mean": [-46.444984436, 133.353134155, -172.87789917, 59.5586471558, -79.8169250488, -1.14860010147, -21.5456142426, -6.46439552307, 6.1514544487, -23.9043369293, 9.61513900757, -16.6969852448, 4.73660707474],
        "cov": [[1449.67150879, 149.512451172, -523.634887695, -367.646636963, 79.4452362061, 35.6317710876, 173.924835205, -29.7745723724, 40.124420166, -26.0863761902, 0.708603858948, -22.1114292145, -86.3295974731], [149.512451172, 519.559936523, 144.609451294, -171.811950684, 88.8056716919, -90.2330322266, 38.054397583, 12.5798130035, 59.0057144165, 2.65982365608, 21.837808609, -69.2427368164, 8.88546085358], [-523.634887695, 144.609451294, 902.712524414, 337.270355225, -99.9601593018, -87.7575302124, -152.82220459, 80.5180435181, 20.493024826, -17.8253269196, -29.2820529938, -30.5075244904, 69.5542449951], [-367.646636963, -171.811950684, 337.270355225, 522.063110352, 83.741104126, 35.6421546936, -82.6987228394, 21.4558753967, -35.3874855042, -48.6783866882, -49.4528465271, 18.192483902, -1.19440627098], [79.4452362061, 88.8056716919, -99.9601593018, 83.741104126, 280.31842041, 113.12121582, 60.5602226257, 2.88696575165, -19.3976707458, -47.5431594849, -22.1099414825, -19.5752277374, -28.4204273224], [35.6317710876, -90.2330322266, -87.7575302124, 35.6421546936, 113.12121582, 423.407958984, 133.95123291, -113.540985107, -66.9793777466, -4.18768119812, -42.1279678345, -2.7311000824, -45.6024513245], [173.924835205, 38.054397583, -152.82220459, -82.6987228394, 60.5602226257, 133.95123291, 197.480194092, 10.0191688538, -22.9431476593, -4.55480003357, 7.2170624733, -3.88181948662, -24.8326206207], [-29.7745723724, 12.5798130035, 80.5180435181, 21.4558753967, 2.88696575165, -113.540985107, 10.0191688538, 181.913009644, 45.5361709595, -29.7907390594, 2.73218917847, -6.71829986572, 22.5780353546], [40.124420166, 59.0057144165, 20.493024826, -35.3874855042, -19.3976707458, -66.9793777466, -22.9431476593, 45.5361709595, 113.701660156, 42.7780647278, 11.3689908981, 6.84406089783, -7.21580410004], [-26.0863761902, 2.65982365608, -17.8253269196, -48.6783866882, -47.5431594849, -4.18768119812, -4.55480003357, -29.7907390594, 42.7780647278, 103.250823975, 48.3252067566, 1.04189014435, -6.20965003967], [0.708603858948, 21.837808609, -29.2820529938, -49.4528465271, -22.1099414825, -42.1279678345, 7.2170624733, 2.73218917847, 11.3689908981, 48.3252067566, 91.3140640259, 44.344619751, 4.8837480545], [-22.1114292145, -69.2427368164, -30.5075244904, 18.192483902, -19.5752277374, -2.7311000824, -3.88181948662, -6.71829986572, 6.84406089783, 1.04189014435, 44.344619751, 95.3682022095, 26.3914852142], [-86.3295974731, 8.88546085358, 69.5542449951, -1.19440627098, -28.4204273224, -45.6024513245, -24.8326206207, 22.5780353546, -7.21580410004, -6.20965003967, 4.8837480545, 26.3914852142, 84.4665374756]],
        "icov": [[0.00109586981125, -0.000129354346427, 0.00037956199958, 0.000392829882912, -1.34125702971e-05, 0.000175812951056, -0.000607786059845, 0.000416209019022, -0.000801039568614, 0.00102076469921, -6.18289559497e-05, 0.000122850673506, 0.000598921498749], [-0.000129354346427, 0.00777768762782, -0.00377292535268, 0.0038818907924, -0.0050979424268, 0.00302110752091, -0.00408036168665, 0.00607092026621, -0.00653289584443, 0.00559167889878, -0.00602945312858, 0.00691737513989, -0.00265499739908], [0.00037956199958, -0.00377292535268, 0.00434099277481, -0.00373614858836, 0.00409494154155, -0.00233096932061, 0.00260503822938, -0.00285272812471, 0.000803642265964, -6.67327112751e-05, -0.00018035210087, 0.000509984209202, -0.00128001265693], [0.000392829882912, 0.0038818907924, -0.00373614858836, 0.00665918551385, -0.00509066972882, 0.00204218062572, -0.000877550395671, 0.00144027301576, 0.000429840933066, -0.000537171785254, 0.00243973778561, -0.00232605286874, 0.00249349838123], [-1.34125702971e-05, -0.0050979424268, 0.00409494154155, -0.00509066972882, 0.0097436523065, -0.00406078761443, 0.00211355066858, -0.00326228910126, 0.000473958440125, 0.00248647737317, -0.00172825448681, 0.0011647597421, -0.000382666068617], [0.000175812951056, 0.00302110752091, -0.00233096932061, 0.00204218062572, -0.00406078761443, 0.00689801387489, -0.00531901791692, 0.00459294766188, 0.000361505197361, -0.00172939896584, 0.0036680654157, -0.00157426029909, 0.0015601067571], [-0.000607786059845, -0.00408036168665, 0.00260503822938, -0.000877550395671, 0.00211355066858, -0.00531901791692, 0.0121293943375, -0.00746123120189, 0.00592982210219, -0.00392405502498, 0.00164584314916, -0.00364059698768, 0.00231077312492], [0.000416209019022, 0.00607092026621, -0.00285272812471, 0.00144027301576, -0.00326228910126, 0.00459294766188, -0.00746123120189, 0.0162767320871, -0.013100059703, 0.013004951179, -0.0103843007237, 0.010901925154, -0.00597504805773], [-0.000801039568614, -0.00653289584443, 0.000803642265964, 0.000429840933066, 0.000473958440125, 0.000361505197361, 0.00592982210219, -0.013100059703, 0.0275942776352, -0.0227441843599, 0.0195389371365, -0.0189961008728, 0.0103033324704], [0.00102076469921, 0.00559167889878, -6.67327112751e-05, -0.000537171785254, 0.00248647737317, -0.00172939896584, -0.00392405502498, 0.013004951179, -0.0227441843599, 0.0363833457232, -0.0289261601865, 0.0227507315576, -0.00892872735858], [-6.18289559497e-05, -0.00602945312858, -0.00018035210087, 0.00243973778561, -0.00172825448681, 0.0036680654157, 0.00164584314916, -0.0103843007237, 0.0195389371365, -0.0289261601865, 0.0417195595801, -0.0295754466206, 0.0117838112637], [0.000122850673506, 0.00691737513989, 0.000509984209202, -0.00232605286874, 0.0011647597421, -0.00157426029909, -0.00364059698768, 0.010901925154, -0.0189961008728, 0.0227507315576, -0.0295754466206, 0.0359683334827, -0.0149758923799], [0.000598921498749, -0.00265499739908, -0.00128001265693, 0.00249349838123, -0.000382666068617, 0.0015601067571, 0.00231077312492, -0.00597504805773, 0.0103033324704, -0.00892872735858, 0.0117838112637, -0.0149758923799, 0.0210314057767]]
    },
    "melbands": {
        "max": [0.00494803022593, 0.0159497186542, 0.00461729709059, 0.00433152494952, 0.0130562512204, 0.0112844016403, 0.0154181681573, 0.0152632109821, 0.0175504442304, 0.0186245050281, 0.0252009965479, 0.00415040459484, 0.00147281982936, 0.00368933426216, 0.00492325332016, 0.00196005613543, 0.00257945992053, 0.00115462671965, 0.00129020120949, 0.000476529326988, 0.000391305598896, 0.00097180949524, 0.00026236436679, 0.000238773733145, 0.000256249331869, 0.000173590437043, 9.68054009718e-05, 0.000102200145193, 9.3781920441e-05, 6.67841377435e-05, 5.28273158125e-05, 3.79197736038e-05, 3.37749697792e-05, 2.07307639357e-05, 1.76084486156e-05, 2.11022597796e-05, 1.81211180461e-05, 7.11261554898e-06, 1.76591652234e-06, 2.23694996748e-07],
        "mean": [0.000309952098178, 0.000750909443013, 0.000281647167867, 0.000206610246096, 0.000538005901035, 0.000547144853044, 0.000465818302473, 0.000587517977692, 0.000434325949755, 0.000355526717613, 0.000349085748894, 0.000119458250992, 7.79544061515e-05, 9.13752155611e-05, 0.000106306652015, 4.18680392613e-05, 5.1717270253e-05, 2.71534554486e-05, 3.74051305698e-05, 2.38630163949e-05, 2.43144440901e-05, 3.64142615581e-05, 2.05449396162e-05, 1.84192067536e-05, 2.01401107915e-05, 9.67533105722e-06, 7.75866465119e-06, 7.05838829163e-06, 6.45997397442e-06, 3.06237916448e-06, 1.98414204533e-06, 1.67955386132e-06, 1.40186136832e-06, 1.38208440603e-06, 8.26859661629e-07, 5.75971853323e-07, 3.33740786118e-07, 1.69066794342e-07, 5.75321230656e-08, 6.68547217586e-09],
        "min": [1.26520149024e-06, 1.63326080838e-06, 1.01718501355e-06, 1.30848991375e-06, 2.42368287218e-06, 8.01085320745e-07, 1.09889958821e-06, 6.22880236278e-07, 2.90721374085e-07, 4.7693055194e-07, 1.46784557842e-07, 1.01697253285e-07, 7.53150573019e-08, 5.29454418086e-08, 2.78504739271e-08, 4.74908752324e-08, 3.87818488434e-08, 3.77885065461e-08, 8.02320272442e-08, 7.9677832332e-08, 7.05070704043e-08, 1.08195322923e-07, 1.48048584947e-07, 9.63805604215e-08, 9.49506500092e-08, 8.260280282e-08, 5.30164534496e-08, 8.85846986876e-08, 4.43214531742e-08, 6.59374066458e-08, 3.17426547269e-08, 1.46356802233e-08, 1.18829346363e-08, 4.58965265793e-09, 7.31307148172e-09, 9.48455536331e-09, 2.8159679033e-09, 2.39367814459e-09, 2.98089969375e-10, 7.35109473293e-11],
        "stdev": [0.000502621638589, 0.00150509551167, 0.000417477451265, 0.000362838647561, 0.0012742188992, 0.0011729914695, 0.00115776888561, 0.00147317931987, 0.00101295288187, 0.00126835540868, 0.00128178985324, 0.000290754949674, 0.00015312085452, 0.000264096946921, 0.000372557115043, 0.000116549425002, 0.000189774247701, 7.44207791286e-05, 9.63825441431e-05, 3.67727734556e-05, 3.72236972908e-05, 7.60930342949e-05, 2.97043607134e-05, 2.59633252426e-05, 2.78150910162e-05, 1.42164217323e-05, 9.30255100684e-06, 9.62796548265e-06, 8.39924359752e-06, 3.93365235141e-06, 2.79176856566e-06, 2.44406874117e-06, 2.10132589018e-06, 2.17361866817e-06, 1.32048796786e-06, 1.12265774987e-06, 7.57785414862e-07, 3.66930635209e-07, 9.54581693691e-08, 1.1871593486e-08]
    },
    "melbands128": {
        "max": [0.000644020736217, 0.00384291005321, 0.00788826774806, 0.0149294417351, 0.0249568745494, 0.0120995156467, 0.00810044445097, 0.006424554158, 0.0038910121657, 0.00300708552822, 0.00942001957446, 0.0216231644154, 0.0187418349087, 0.0273910332471, 0.017803248018, 0.0202963966876, 0.0307282265276, 0.0284828525037, 0.0229186601937, 0.0259298086166, 0.0217919684947, 0.016168916598, 0.0165582001209, 0.0498299412429, 0.0379158519208, 0.0311372373253, 0.0572953484952, 0.0420190989971, 0.0150599777699, 0.00683581642807, 0.00622567487881, 0.00432107690722, 0.00301304017194, 0.00412368215621, 0.00259875762276, 0.00698867021129, 0.0118249803782, 0.00987530034035, 0.00332082947716, 0.00127834826708, 0.00428249035031, 0.00205762777478, 0.00360359600745, 0.00600204383954, 0.00194549304433, 0.000942299317103, 0.00166804145556, 0.00192192208488, 0.00167456804775, 0.000395967625082, 0.00100092904177, 0.000774029933382, 0.000379410601454, 0.000853377569001, 0.00180627824739, 0.00193097081501, 0.00128585018683, 0.000711200584192, 0.000406764360378, 0.000731918436941, 0.000492544204462, 0.000291763106361, 0.000391908251913, 0.00046553730499, 0.00026088100276, 0.000195582193555, 0.000288357638055, 0.000173467487912, 0.000131008360768, 0.000114274669613, 0.000136029484565, 0.000264868780505, 0.000182353440323, 0.000114142232633, 0.000103262740595, 0.000103508500615, 3.13524105877e-05, 6.63090613671e-05, 6.28253401374e-05, 8.07152609923e-05, 3.73043621948e-05, 6.38095734757e-05, 3.94108501496e-05, 3.59872392437e-05, 2.61850273091e-05, 4.0159207856e-05, 3.19780738209e-05, 3.87074360333e-05, 2.52712216025e-05, 1.40880556501e-05, 2.19449611905e-05, 2.32198926824e-05, 3.40743281413e-05, 1.43162451423e-05, 1.60774561664e-05, 1.51504773385e-05, 8.69665473147e-06, 3.95198958358e-06, 1.36363235015e-06, 7.95955998001e-07, 5.82989514442e-07, 1.47258077732e-07, 1.38121507121e-07, 1.30239087071e-07, 1.23112855022e-07, 1.16622494772e-07, 1.10756083416e-07, 1.05352420121e-07, 1.00469762288e-07, 9.59260049171e-08, 9.1745704367e-08, 8.78792931758e-08, 8.43599750056e-08, 8.10280269548e-08, 7.80069342454e-08, 7.52649924607e-08, 7.26532149997e-08, 7.03875784325e-08, 6.82323459955e-08, 6.63730190809e-08, 6.47093330031e-08, 6.31864125467e-08, 6.18352444803e-08, 6.07075634207e-08, 5.97910343458e-08, 5.90304942705e-08, 5.84553383476e-08, 5.81838328628e-08],
        "mean": [1.44335708683e-05, 7.30019455659e-05, 0.000374583585653, 0.000865313282702, 0.000931521877646, 0.000582998152822, 0.00032738855225, 0.00022784806788, 0.000151248037582, 0.00012876810797, 0.00025914813159, 0.000499342568219, 0.000627331959549, 0.000586789450608, 0.000504817231558, 0.000546030641999, 0.000566129281651, 0.000349999434547, 0.000468494137749, 0.000696062867064, 0.000620567181613, 0.000365038547898, 0.000424465106335, 0.000499717658386, 0.000341676874086, 0.000329190952471, 0.000291409756755, 0.000504435040057, 0.000227825221373, 0.000112014669867, 9.94490765152e-05, 8.4670020442e-05, 5.52874298592e-05, 0.000107979794848, 5.72698263568e-05, 9.01976964087e-05, 0.000138067494845, 0.000141446347698, 6.06601170148e-05, 2.96718699246e-05, 5.61986162211e-05, 2.78477637039e-05, 4.10768006986e-05, 8.92260868568e-05, 2.23939223361e-05, 1.67627367773e-05, 2.33313185163e-05, 4.97843902849e-05, 3.85658458981e-05, 1.39860849231e-05, 2.54545520875e-05, 3.31164337695e-05, 1.27766843434e-05, 2.32670645346e-05, 4.29272913607e-05, 4.10710636061e-05, 3.07201553369e-05, 1.64820903592e-05, 1.77064575837e-05, 2.53935540968e-05, 1.71980827872e-05, 1.23630907183e-05, 2.66571532848e-05, 2.31105841522e-05, 9.10940070753e-06, 7.8198263509e-06, 1.20536806207e-05, 7.79663332651e-06, 7.44055159885e-06, 5.83162818657e-06, 5.532092473e-06, 8.85530425876e-06, 9.64796527114e-06, 5.56624308956e-06, 3.18723914461e-06, 3.68959058505e-06, 2.46051513386e-06, 2.53835764852e-06, 1.86161946658e-06, 1.63380104823e-06, 1.45793296724e-06, 1.98734346668e-06, 1.52396512476e-06, 1.14754948299e-06, 1.36754749747e-06, 1.88558533409e-06, 1.19523326703e-06, 8.6219631612e-07, 8.15912130747e-07, 8.03093655577e-07, 6.8515186058e-07, 4.94097776027e-07, 4.18562649429e-07, 3.39639115055e-07, 2.90335293585e-07, 2.09348883118e-07, 1.51255022729e-07, 9.44598568253e-08, 6.5095065338e-08, 3.4851240116e-08, 1.2741016242e-08, 6.77606359911e-10, 2.0979930293e-10, 1.03104913496e-10, 9.36496644122e-11, 8.85669038109e-11, 8.4127670108e-11, 8.0046393125e-11, 7.63517096769e-11, 7.29116142462e-11, 6.97384441861e-11, 6.68185021202e-11, 6.41473194007e-11, 6.16327822112e-11, 5.93440990793e-11, 5.72614178296e-11, 5.52607751225e-11, 5.34992883328e-11, 5.18694358298e-11, 5.04616834429e-11, 4.91986416884e-11, 4.80471218367e-11, 4.70246862283e-11, 4.61674344587e-11, 4.54745581469e-11, 4.48996048674e-11, 4.44659933874e-11, 4.42563659331e-11],
        "min": [8.88344153793e-09, 1.06952249723e-07, 3.45019088854e-07, 1.62242406532e-06, 3.70857577536e-07, 1.10138941523e-07, 4.54474360367e-07, 1.36494520575e-07, 1.69302907693e-07, 2.7846095918e-07, 3.35024481046e-07, 6.19085938069e-08, 2.98966142509e-07, 2.88718723596e-07, 6.89265107212e-08, 1.69351352497e-07, 3.65112498457e-07, 2.99367627576e-07, 1.26814754253e-07, 1.70687613377e-07, 1.95978714146e-07, 3.97152604137e-08, 7.01978848383e-08, 6.43813677925e-08, 5.08373325658e-08, 8.23357648727e-09, 7.56589955131e-08, 7.08022298568e-08, 4.37633680406e-08, 4.47369039591e-08, 4.88987090819e-08, 6.11737789313e-08, 2.761663076e-08, 3.90046173138e-09, 8.97901308861e-09, 2.78141296661e-08, 2.55758010326e-08, 1.31327180242e-08, 1.32133850528e-08, 2.31339907231e-08, 9.31095145429e-10, 1.83279702526e-08, 3.0587627986e-09, 4.39656888673e-09, 6.88181822639e-09, 9.85292558653e-09, 1.55321036033e-08, 3.66325316747e-08, 4.23555723827e-09, 5.00025691963e-08, 4.25106456703e-08, 2.34930368492e-08, 1.76403887053e-08, 4.14179162078e-08, 2.52695269154e-08, 8.93814231517e-08, 9.5427559188e-08, 4.39270557706e-08, 3.61812162453e-08, 4.37504361628e-08, 6.05834813427e-08, 3.68931551975e-08, 4.92504739213e-08, 7.3054863492e-08, 5.63392426045e-08, 7.091401244e-08, 5.33699662242e-08, 3.14696073644e-08, 6.15590991515e-08, 4.48012613674e-08, 2.65263722099e-08, 3.14009973579e-08, 1.24646533095e-08, 4.73235175491e-08, 3.93426340395e-08, 2.60959218679e-08, 6.30761149978e-08, 1.87039184141e-08, 7.1813452962e-09, 8.8369107587e-09, 1.19530643161e-08, 9.90008164337e-09, 1.10296802802e-08, 1.41587230829e-08, 6.1617075886e-09, 2.85424750501e-09, 4.50470682978e-09, 5.42211076038e-09, 3.61993790499e-09, 1.16369163194e-08, 8.10952194286e-09, 5.24139487368e-09, 3.92898025225e-09, 6.2133770351e-10, 3.0876243784e-09, 3.14163295378e-09, 7.99092902959e-10, 3.13805537111e-10, 3.37842559484e-10, 2.93015778308e-10, 1.39213753372e-11, 1.63364195218e-13, 2.78462928443e-14, 3.02955733146e-14, 2.59312699352e-14, 1.49474599771e-14, 2.15240931361e-14, 2.11140394041e-14, 2.7369311651e-14, 2.88431896368e-14, 2.69522427922e-14, 2.33659815265e-14, 2.4274080467e-14, 1.79283552658e-14, 2.43145754182e-14, 2.5063338991e-14, 2.62540589448e-14, 2.60505389504e-14, 2.63789996926e-14, 1.77792571383e-14, 2.37211576879e-14, 2.5928899937e-14, 2.5391794651e-14, 2.65530852921e-14, 2.42374225751e-14, 2.15461854494e-14, 2.03159378562e-14, 2.76258914833e-14],
        "stdev": [2.35731731664e-05, 0.000132436383865, 0.000697642622981, 0.00159434811212, 0.00227593956515, 0.00132505397778, 0.000615983677562, 0.000449773739092, 0.000271450728178, 0.000259734428255, 0.000650203612167, 0.00151557510253, 0.00188706081826, 0.00177472631913, 0.00147402996663, 0.00165633892175, 0.00183885695878, 0.00141538097523, 0.00150940020103, 0.00212868745439, 0.00202481402084, 0.00118944398127, 0.00122124131303, 0.00195612828247, 0.00171205180231, 0.00178685341962, 0.00189966324251, 0.00210975017399, 0.000801475252956, 0.000442159565864, 0.000344981235685, 0.000235168990912, 0.000163149350556, 0.000280994310742, 0.000137996583362, 0.000409467174904, 0.000672480207868, 0.000665628933348, 0.000224296774832, 0.00010278292757, 0.000208899728023, 0.000110563152703, 0.00018456701946, 0.000424558238592, 9.6680232673e-05, 5.48113966943e-05, 8.92966781976e-05, 0.000159427669132, 0.000107854524686, 3.33773677994e-05, 6.08745976933e-05, 5.82804168516e-05, 2.71584449365e-05, 6.10407369095e-05, 0.000130219370476, 0.00012084710761, 7.69741018303e-05, 4.54644177807e-05, 3.88248336094e-05, 5.25856012246e-05, 3.79424054699e-05, 2.95428744721e-05, 4.39761242887e-05, 4.61144009023e-05, 1.73520438693e-05, 1.50890346049e-05, 2.53220332525e-05, 1.28852070702e-05, 1.30494072437e-05, 1.09864522528e-05, 9.19962076296e-06, 1.7702122932e-05, 1.71043848241e-05, 8.84996370587e-06, 5.67561619391e-06, 6.32311912341e-06, 3.41534132531e-06, 5.00342321175e-06, 3.36076982421e-06, 3.29374870489e-06, 2.50891935138e-06, 3.52930146619e-06, 2.74643753073e-06, 2.33184232457e-06, 2.303121164e-06, 3.72887711819e-06, 2.27284590437e-06, 2.11719293475e-06, 1.44455259488e-06, 1.39921007758e-06, 1.38775590131e-06, 1.17873571526e-06, 1.24939685975e-06, 7.32601961317e-07, 6.98591520631e-07, 6.1063207113e-07, 3.54830234528e-07, 1.91572496533e-07, 1.12224775251e-07, 5.42285079064e-08, 2.50394620593e-08, 5.23238385952e-09, 3.81110387693e-09, 3.4791354242e-09, 3.28783977821e-09, 3.11450754076e-09, 2.95783131321e-09, 2.81353140785e-09, 2.68315436536e-09, 2.56178123159e-09, 2.45017406364e-09, 2.3468842425e-09, 2.25293295131e-09, 2.16393436503e-09, 2.08323958084e-09, 2.01002992029e-09, 1.94026750222e-09, 1.87977633459e-09, 1.82219295208e-09, 1.77255976563e-09, 1.72813530153e-09, 1.68742653184e-09, 1.65135893848e-09, 1.62125735059e-09, 1.59678803513e-09, 1.57645207999e-09, 1.56109725147e-09, 1.55384927147e-09]
    },
    "mfcc": {
        "mean": [-655.524353027, 123.231384277, -21.6977119446, 37.6434555054, -17.4893245697, 1.14614808559, -14.3945035934, 11.7773475647, -7.20622682571, 7.93288469315, -8.38624095917, 7.9415178299, -4.33089733124],
        "cov": [[1689.44165039, 177.577423096, -733.177062988, -333.772491455, -233.371902466, 112.327552795, 22.7781105042, 90.0423278809, -26.9778213501, 51.4257698059, 16.8775424957, 28.3063564301, 32.1113014221], [177.577423096, 694.687561035, -55.1081237793, -115.479568481, -25.6956882477, -103.107040405, -3.48169708252, -51.3511314392, 35.4372634888, 52.951751709, 36.7896728516, 50.5319252014, -14.6622152328], [-733.177062988, -55.1081237793, 890.418945312, 276.942687988, 147.900238037, -72.0750579834, -65.2526702881, -56.8304481506, 39.3273925781, -24.4127044678, -18.1284065247, 14.637005806, -57.3642234802], [-333.772491455, -115.479568481, 276.942687988, 435.36428833, 187.55178833, -140.853302002, -31.8679790497, 14.9030179977, 20.5456924438, -30.0954494476, -30.3553771973, 29.4717350006, 4.83483743668], [-233.371902466, -25.6956882477, 147.900238037, 187.55178833, 265.993347168, 19.5944442749, 14.8417787552, 35.2192497253, 37.805606842, -14.7184686661, -18.129365921, -10.2179851532, -14.5737628937], [112.327552795, -103.107040405, -72.0750579834, -140.853302002, 19.5944442749, 444.724334717, 123.527496338, 52.0714454651, -15.5276250839, 19.9386253357, 3.52024245262, -77.4142379761, 11.3083724976], [22.7781105042, -3.48169708252, -65.2526702881, -31.8679790497, 14.8417787552, 123.527496338, 207.453765869, 81.4325485229, 17.3487586975, 15.6939973831, -3.2089009285, -47.6914520264, -11.0692148209], [90.0423278809, -51.3511314392, -56.8304481506, 14.9030179977, 35.2192497253, 52.0714454651, 81.4325485229, 159.020721436, 38.8056259155, -4.51385450363, -8.30505561829, -13.5676412582, 7.32094430923], [-26.9778213501, 35.4372634888, 39.3273925781, 20.5456924438, 37.805606842, -15.5276250839, 17.3487586975, 38.8056259155, 102.167556763, 30.8247509003, -5.14445161819, -6.58284521103, -13.6408424377], [51.4257698059, 52.951751709, -24.4127044678, -30.0954494476, -14.7184686661, 19.9386253357, 15.6939973831, -4.51385450363, 30.8247509003, 90.8094100952, 28.4805335999, -2.21882796288, -1.36638867855], [16.8775424957, 36.7896728516, -18.1284065247, -30.3553771973, -18.129365921, 3.52024245262, -3.2089009285, -8.30505561829, -5.14445161819, 28.4805335999, 91.9245681763, 29.8100719452, 5.25139570236], [28.3063564301, 50.5319252014, 14.637005806, 29.4717350006, -10.2179851532, -77.4142379761, -47.6914520264, -13.5676412582, -6.58284521103, -2.21882796288, 29.8100719452, 109.35887146, 29.6517696381], [32.1113014221, -14.6622152328, -57.3642234802, 4.83483743668, -14.5737628937, 11.3083724976, -11.0692148209, 7.32094430923, -13.6408424377, -1.36638867855, 5.25139570236, 29.6517696381, 98.954788208]],
        "icov": [[0.00112566375174, -0.000268885545665, 0.000796897045802, -1.5924051695e-05, 0.000621275918093, -0.00040169179556, 0.000553909456357, -0.000841862987727, 0.000204293173738, -0.000439010036644, 0.000452099920949, -0.000614507589489, 0.000501509057358], [-0.000268885545665, 0.00194814859424, -0.000176478308276, 0.000937070231885, -0.000744310789742, 0.00077971839346, -0.000723152246792, 0.000958926510066, -0.00058551330585, -0.000608909875154, -0.000162117474247, -0.000785620184615, 3.21566549246e-05], [0.000796897045802, -0.000176478308276, 0.00218274234794, -0.00105297914706, 0.000356958131306, -0.000631812727079, 0.000658877193928, 0.000225054085604, -0.000687371415552, 0.000155677800649, 0.000204396710615, -0.000682179525029, 0.00131483108271], [-1.5924051695e-05, 0.000937070231885, -0.00105297914706, 0.00531956274062, -0.00333264283836, 0.00202250666916, -0.00057382194791, -0.000365117564797, 0.000787172175478, -0.000556955230422, 0.000930193753447, -0.000789568352047, -0.0011973840883], [0.000621275918093, -0.000744310789742, 0.000356958131306, -0.00333264283836, 0.00699923606589, -0.00181167840492, 0.000669838103931, -0.0010233205976, -0.0017951654736, 0.00107763416599, -2.31100621022e-05, 0.000175018547452, 0.00116256566253], [-0.00040169179556, 0.00077971839346, -0.000631812727079, 0.00202250666916, -0.00181167840492, 0.00410242611542, -0.00182844966184, -7.09970918251e-05, 0.00124737620354, -0.000874281045981, -0.000435561203631, 0.0017972025089, -0.00150965340436], [0.000553909456357, -0.000723152246792, 0.000658877193928, -0.00057382194791, 0.000669838103931, -0.00182844966184, 0.00794093403965, -0.0039235712029, 0.000455438275822, -0.00105461257044, -1.14728727567e-05, 0.00169937999453, 0.00114886532538], [-0.000841862987727, 0.000958926510066, 0.000225054085604, -0.000365117564797, -0.0010233205976, -7.09970918251e-05, -0.0039235712029, 0.0106320297346, -0.00457883160561, 0.00260516628623, -0.000531981000677, -0.00043610794819, -0.00124080816749], [0.000204293173738, -0.00058551330585, -0.000687371415552, 0.000787172175478, -0.0017951654736, 0.00124737620354, 0.000455438275822, -0.00457883160561, 0.014829733409, -0.00624155066907, 0.00211529550143, 0.00032319969614, 0.00114176550414], [-0.000439010036644, -0.000608909875154, 0.000155677800649, -0.000556955230422, 0.00107763416599, -0.000874281045981, -0.00105461257044, 0.00260516628623, -0.00624155066907, 0.0158813968301, -0.00506245857105, 0.00137678475585, -0.00066738325404], [0.000452099920949, -0.000162117474247, 0.000204396710615, 0.000930193753447, -2.31100621022e-05, -0.000435561203631, -1.14728727567e-05, -0.000531981000677, 0.00211529550143, -0.00506245857105, 0.0143763171509, -0.0048386445269, 0.000895411591046], [-0.000614507589489, -0.000785620184615, -0.000682179525029, -0.000789568352047, 0.000175018547452, 0.0017972025089, 0.00169937999453, -0.00043610794819, 0.00032319969614, 0.00137678475585, -0.0048386445269, 0.0144632030278, -0.0042446735315], [0.000501509057358, 3.21566549246e-05, 0.00131483108271, -0.0011973840883, 0.00116256566253, -0.00150965340436, 0.00114886532538, -0.00124080816749, 0.00114176550414, -0.00066738325404, 0.000895411591046, -0.0042446735315, 0.0127049842849]]
    },
    "spectral_contrast_coeffs": {
        "max": [-0.449410110712, -0.367733985186, -0.422583669424, -0.546085834503, -0.577295184135, -0.527119636536],
        "mean": [-0.702946901321, -0.716081380844, -0.727155327797, -0.761617839336, -0.757113337517, -0.667849421501],
        "min": [-0.910383164883, -0.950614392757, -0.909493684769, -0.893890559673, -0.885631799698, -0.791138827801],
        "stdev": [0.0743522793055, 0.0971591919661, 0.0776334628463, 0.0604542158544, 0.0529244095087, 0.0452343076468]
    },
    "spectral_contrast_valleys": {
        "max": [-5.67231893539, -4.92167663574, -5.71806573868, -6.32582998276, -6.43009710312, -9.59670543671],
        "mean": [-7.18544721603, -6.7641453743, -7.64297008514, -7.96901893616, -7.57182836533, -11.504032135],
        "min": [-8.91375732422, -8.95024013519, -9.81367206573, -10.0183534622, -8.94039535522, -12.8495855331],
        "stdev": [0.586042165756, 0.690902531147, 0.679180264473, 0.616578280926, 0.416719377041, 0.471639752388]
    }
},
"rhythm": {
    "beats_count": 73,
    "beats_loudness": {
        "max": 0.117406062782,
        "mean": 0.0304887723178,
        "min": 0.00313803018071,
        "stdev": 0.02203030698
    },
    "bpm": 136.107070923,
    "bpm_histogram_first_peak_bpm": 136,
    "bpm_histogram_first_peak_weight": 0.532258033752,
    "bpm_histogram_second_peak_bpm": 129,
    "bpm_histogram_second_peak_spread": 0,
    "bpm_histogram_second_peak_weight": 0.0833333358169,
    "danceability": 1.01722025871,
    "onset_rate": 2.52246069908,
    "beats_loudness_band_ratio": {
        "max": [0.90270614624, 0.74278485775, 0.949354290962, 0.636177480221, 0.372647047043, 0.259072691202],
        "mean": [0.21832126379, 0.16757632792, 0.323683619499, 0.171725645661, 0.118310563266, 0.0541483685374],
        "min": [0.0023973651696, 0.0124723240733, 0.0113643398508, 0.00052355392836, 0.000960283796303, 0.000766610610299],
        "stdev": [0.21127140522, 0.162046968937, 0.244961231947, 0.168313458562, 0.0981325060129, 0.0568565391004]
    },
