{
"metadata": {
    "version": {
        "essentia": "2.1-beta5",
        "essentia_git_sha": "Undefined",
        "extractor": "music 2.0"
    },
    "audio_properties": {
        "analysis": {
            "equal_loudness": 0,
            "length": 23.4521541595,
            "sample_rate": 44100,
            "start_time": 191.4949646,
            "downmix": "mix"
        },
        "bit_rate": 192000,
        "length": 214.970352173,
        "lossless": 0,
        "number_channels": 2,
        "replay_gain": -1.99242210388,
        "sample_rate": 48000,
        "codec": "mp3",
        "md5_encoded": "f16fa0644bc96e6563e896a5b18a61a8"
    },
    "tags": {
        "file_name": "Belgium_Hou Toch Van Mij_Bob Benny.mp3",
        "encoding": ["Lavf58.29.100"]
    }
},
"lowlevel": {
    "average_loudness": 0.65776270628,
    "barkbands_crest": {
        "max": 26.8817157745,
        "mean": 8.94674110413,
        "min": 2.73908543587,
        "stdev": 4.35479831696
    },
    "barkbands_flatness_db": {
        "max": 0.529341995716,
        "mean": 0.197144672275,
        "min": 0.0865285173059,
        "stdev": 0.0502422228456
    },
    "barkbands_kurtosis": {
        "max": 1163.13427734,
        "mean": 4.61930561066,
        "min": -1.82309651375,
        "stdev": 49.9258956909
    },
    "barkbands_skewness": {
        "max": 32.8113174438,
        "mean": 1.03609240055,
        "min": -1.00272810459,
        "stdev": 1.74162685871
    },
    "barkbands_spread": {
        "max": 56.1186256409,
        "mean": 14.8915081024,
        "min": 0.39836999774,
        "stdev": 7.43076658249
    },
    "dissonance": {
        "max": 0.499973922968,
        "mean": 0.444592922926,
        "min": 0.267249166965,
        "stdev": 0.0444220043719
    },
    "dynamic_complexity": 4.71693897247,
    "erbbands_crest": {
        "max": 26.8576164246,
        "mean": 10.3860673904,
        "min": 2.53743910789,
        "stdev": 4.7357916832
    },
    "erbbands_flatness_db": {
        "max": 0.385811448097,
        "mean": 0.255980432034,
        "min": 0.0224745571613,
        "stdev": 0.0515110194683
    },
    "erbbands_kurtosis": {
        "max": 18.5936126709,
        "mean": 0.829557240009,
        "min": -1.79741215706,
        "stdev": 2.18291974068
    },
    "erbbands_skewness": {
        "max": 3.63729333878,
        "mean": 0.480466872454,
        "min": -2.78703379631,
        "stdev": 0.907366096973
    },
    "erbbands_spread": {
        "max": 104.383964539,
        "mean": 23.5847663879,
        "min": 5.245449543,
        "stdev": 11.4917945862
    },
    "hfc": {
        "max": 78.4677581787,
        "mean": 18.1091766357,
        "min": 2.92407844427e-06,
        "stdev": 15.3773050308
    },
    "loudness_ebu128": {
        "integrated": -22.0122928619,
        "loudness_range": 8.97755813599,
        "momentary": {
            "max": -17.5291576385,
            "mean": -24.1577587128,
            "min": -43.0575027466,
            "stdev": 4.79954862595
        },
        "short_term": {
            "max": -18.4857215881,
            "mean": -23.2499771118,
            "min": -28.4965782166,
            "stdev": 3.04520106316
        }
    },
    "melbands_crest": {
        "max": 39.9675178528,
        "mean": 12.2673940659,
        "min": 2.92835593224,
        "stdev": 5.74770402908
    },
    "melbands_flatness_db": {
        "max": 0.501330673695,
        "mean": 0.219134137034,
        "min": 0.0777766257524,
        "stdev": 0.0563480257988
    },
    "melbands_kurtosis": {
        "max": 2003.56262207,
        "mean": 8.45351409912,
        "min": -1.70443499088,
        "stdev": 70.1752548218
    },
    "melbands_skewness": {
        "max": 43.3322067261,
        "mean": 1.52951872349,
        "min": -0.462827801704,
        "stdev": 1.99468064308
    },
    "melbands_spread": {
        "max": 79.126991272,
        "mean": 21.5943031311,
        "min": 0.458930134773,
        "stdev": 12.8173389435
    },
    "pitch_salience": {
        "max": 0.86936044693,
        "mean": 0.634383320808,
        "min": 0.0033452315256,
        "stdev": 0.11333553493
    },
    "silence_rate_20dB": {
        "max": 1,
        "mean": 1,
        "min": 1,
        "stdev": 0
    },
    "silence_rate_30dB": {
        "max": 1,
        "mean": 0.99901086092,
        "min": 0,
        "stdev": 0.0314345955849
    },
    "silence_rate_60dB": {
        "max": 1,
        "mean": 0.171117708087,
        "min": 0,
        "stdev": 0.376611709595
    },
    "spectral_centroid": {
        "max": 4273.21142578,
        "mean": 1336.40466309,
        "min": 409.732116699,
        "stdev": 476.465332031
    },
    "spectral_complexity": {
        "max": 47,
        "mean": 14.8635015488,
        "min": 0,
        "stdev": 8.6287984848
    },
    "spectral_decrease": {
        "max": -1.86124012863e-15,
        "mean": -5.17009324241e-09,
        "min": -3.15088151126e-08,
        "stdev": 4.67728300535e-09
    },
    "spectral_energy": {
        "max": 0.123840294778,
        "mean": 0.0211556851864,
        "min": 7.28996951693e-09,
        "stdev": 0.0189319383353
    },
    "spectral_energyband_high": {
        "max": 0.00162668176927,
        "mean": 0.000117991374282,
        "min": 2.13117093417e-10,
        "stdev": 0.000176818386535
    },
    "spectral_energyband_low": {
        "max": 0.0559910237789,
        "mean": 0.0023033907637,
        "min": 3.28307936392e-09,
        "stdev": 0.00532564939931
    },
    "spectral_energyband_middle_high": {
        "max": 0.0410875491798,
        "mean": 0.00770197203383,
        "min": 5.13679862535e-11,
        "stdev": 0.00789326615632
    },
    "spectral_energyband_middle_low": {
        "max": 0.0767220556736,
        "mean": 0.0122074820101,
        "min": 7.36708090365e-12,
        "stdev": 0.0116539178416
    },
    "spectral_entropy": {
        "max": 9.08100700378,
        "mean": 7.15092611313,
        "min": 5.5365858078,
        "stdev": 0.451693415642
    },
    "spectral_flux": {
        "max": 0.247086405754,
        "mean": 0.0686799138784,
        "min": 0.000156169873662,
        "stdev": 0.041626304388
    },
    "spectral_kurtosis": {
        "max": 24.8787174225,
        "mean": 6.4529132843,
        "min": -0.0536820888519,
        "stdev": 4.0606713295
    },
    "spectral_rms": {
        "max": 0.0109918061644,
        "mean": 0.00400548381731,
        "min": 2.66686424766e-06,
        "stdev": 0.00214377767406
    },
    "spectral_rolloff": {
        "max": 3380.71289062,
        "mean": 1355.27258301,
        "min": 21.533203125,
        "stdev": 676.491821289
    },
    "spectral_skewness": {
        "max": 3.35533952713,
        "mean": 1.52937102318,
        "min": 0.227381125093,
        "stdev": 0.447803199291
    },
    "spectral_spread": {
        "max": 26867364,
        "mean": 2754128.25,
        "min": 1410978.75,
        "stdev": 1093610.375
    },
    "spectral_strongpeak": {
        "max": 6.17238330841,
        "mean": 1.52227175236,
        "min": 0,
        "stdev": 1.39877665043
    },
    "zerocrossingrate": {
        "max": 0.109375,
        "mean": 0.050521414727,
        "min": 0,
        "stdev": 0.0162738338113
    },
    "barkbands": {
        "max": [0.000696135452017, 0.0054746568203, 0.0315154232085, 0.0400601476431, 0.0315126441419, 0.0213905908167, 0.0145235545933, 0.0407650023699, 0.0671520009637, 0.032224856317, 0.0157945677638, 0.0188334230334, 0.0108946124092, 0.0041588912718, 0.00750321848318, 0.00488669984043, 0.0052598901093, 0.00608560349792, 0.00293895043433, 0.00102949177381, 0.000667999207508, 0.000345754000591, 0.000175786713953, 5.72786739212e-05, 1.13807573143e-05, 4.29048714068e-06, 4.50612833447e-06],
        "mean": [3.49035253748e-05, 0.000275687372778, 0.00123682199046, 0.00102656288072, 0.00138855830301, 0.000827315845527, 0.00162971974351, 0.00353585206904, 0.0030325721018, 0.00167465815321, 0.00160555820912, 0.00189189880621, 0.000569852534682, 0.000320018618368, 0.000314081757097, 0.000312147283694, 0.000305410736473, 0.000613402342424, 0.00041932426393, 5.88385191804e-05, 3.37673955073e-05, 2.69121374004e-05, 1.68915539689e-05, 4.08741016145e-06, 8.29257601254e-07, 5.01111951934e-09, 5.23472332148e-09],
        "min": [5.93866422705e-09, 2.16524145835e-10, 7.2151445517e-14, 2.93004634227e-13, 5.86364507296e-13, 3.37175139154e-13, 6.02700344059e-13, 1.89404286526e-12, 1.37897917911e-12, 1.28037240098e-12, 3.84987397864e-12, 4.16365813355e-12, 4.69480747681e-12, 4.59334393438e-12, 3.77871388693e-12, 2.87105950993e-12, 3.97447786488e-12, 3.6823872944e-12, 7.16891823682e-12, 5.09865760723e-12, 9.16821913527e-12, 1.33964358703e-11, 1.00736754008e-11, 2.2213208703e-11, 4.91509714873e-11, 4.21158663499e-11, 5.94139112908e-11],
        "stdev": [5.27302872797e-05, 0.000458051043097, 0.00300965225324, 0.00305024161935, 0.00258706719615, 0.00142297509592, 0.00228450912982, 0.0051521747373, 0.00574418576434, 0.00314692291431, 0.00264246226288, 0.0033367134165, 0.00118293892592, 0.000509438163135, 0.000608346192166, 0.000578285835218, 0.00058169971453, 0.000828416552395, 0.000517447129823, 0.000110545959615, 6.38312994852e-05, 3.68766923202e-05, 2.44936254603e-05, 6.0579395722e-06, 1.16828152841e-06, 1.34852186306e-07, 1.41629953987e-07]
    },
    "erbbands": {
        "max": [0.0438129082322, 1.68308341503, 20.3281803131, 111.203819275, 108.228492737, 112.529724121, 215.094177246, 115.76499939, 199.641937256, 647.770202637, 677.23223877, 2045.41381836, 1412.71813965, 610.992248535, 855.067016602, 830.609130859, 575.341369629, 215.46005249, 216.743942261, 212.463012695, 214.055435181, 351.802124023, 215.430099487, 282.621276855, 72.5281600952, 50.186466217, 39.112651825, 21.831325531, 11.8091516495, 7.4527926445, 5.81365776062, 2.33299422264, 0.57587492466, 0.197373628616, 0.0513825416565, 0.0172504056245, 0.00792667176574, 0.0028106556274, 0.000643741164822, 0.000139586496516],
        "mean": [0.00677776522934, 0.0775694176555, 0.90403097868, 3.42804074287, 3.11931085587, 4.84834432602, 5.50861358643, 7.63836431503, 18.0283985138, 51.2918663025, 72.0875778198, 72.3353347778, 62.4862480164, 43.6694946289, 93.1473999023, 66.0006942749, 32.8177070618, 17.9469814301, 18.1755466461, 14.1059150696, 17.7644500732, 16.9226303101, 27.4017848969, 37.8313941956, 9.42146396637, 3.15020895004, 1.93042993546, 1.10259926319, 0.969351947308, 0.68430185318, 0.487585902214, 0.172794699669, 0.0382385291159, 0.0151318358257, 0.0025108139962, 0.000103776335891, 2.2752363293e-05, 7.11587563273e-06, 1.23672307382e-05, 2.52318368439e-05],
        "min": [7.05464060502e-08, 1.21741212666e-08, 1.56409407648e-09, 1.11042242068e-09, 2.09328687717e-09, 1.21134369202e-09, 2.85117773835e-09, 2.35636599122e-09, 4.75072825523e-09, 2.86021020202e-08, 3.00058999869e-08, 3.20876942794e-08, 4.84951847568e-08, 8.10037050769e-08, 1.56808255269e-07, 1.69422278873e-07, 2.35634999513e-07, 2.09245854421e-07, 2.20011003194e-07, 2.01456884952e-07, 1.69076514567e-07, 2.13043705344e-07, 2.0637362752e-07, 2.40876403268e-07, 3.8620615328e-07, 2.58239367668e-07, 3.03685510517e-07, 4.35287489609e-07, 4.46833837486e-07, 3.12208669584e-07, 3.98652588274e-07, 3.39828858387e-07, 4.2550502144e-07, 3.93575675162e-07, 3.96521670609e-07, 2.14132157339e-07, 7.3564912384e-08, 2.3686910211e-08, 1.07104645153e-08, 8.16612777399e-10],
        "stdev": [0.00510224560276, 0.146037906408, 2.01711559296, 9.66152000427, 7.77797460556, 9.17399120331, 11.8241786957, 12.8236284256, 23.9792747498, 78.280380249, 112.911117554, 143.996231079, 108.017837524, 75.7741241455, 148.202590942, 124.434165955, 59.5603752136, 28.3634529114, 28.7861003876, 21.2191829681, 31.7668704987, 32.8855247498, 32.5913314819, 46.7229652405, 11.3295755386, 5.37583780289, 3.88271808624, 1.97641122341, 1.31223189831, 0.924415588379, 0.756783783436, 0.250476688147, 0.0562227219343, 0.02154953219, 0.00370146520436, 0.000549070653506, 0.000249026197707, 8.82896638359e-05, 2.23089718929e-05, 2.2245965738e-05]
    },
    "gfcc": {
        "mean": [-81.9906311035, 146.011016846, -175.138687134, 31.2507266998, -71.3808898926, -3.94231438637, -23.7237167358, 4.29976177216, -2.43776607513, -24.3232555389, 8.49470996857, -14.1656847, -3.8084692955],
        "cov": [[8011.87451172, 784.141784668, -1410.49829102, -595.431884766, -665.240600586, -66.2994995117, 471.380859375, -450.079162598, -166.567077637, -558.876464844, 121.493087769, -183.226074219, -450.223754883], [784.141784668, 649.724914551, 152.135040283, -64.2589187622, -2.2263917923, -134.501617432, 3.03307628632, -92.7390289307, -54.4325828552, -92.396522522, -27.127122879, -127.230918884, -106.036361694], [-1410.49829102, 152.135040283, 750.450012207, 254.12411499, 43.4270820618, -60.9255943298, -118.75315094, 76.6444168091, -49.8368186951, 5.25079536438, -47.0810012817, -46.7091674805, -7.76945400238], [-595.431884766, -64.2589187622, 254.12411499, 457.908050537, 156.432495117, -41.1276092529, -217.430038452, -32.904083252, 29.7994689941, 79.3481369019, -80.469871521, -33.5639457703, 73.5858535767], [-665.240600586, -2.2263917923, 43.4270820618, 156.432495117, 348.362609863, -31.5237293243, -228.404754639, -37.0327911377, 47.9879074097, 134.699539185, -74.3327636719, -35.6743087769, 82.4425201416], [-66.2994995117, -134.501617432, -60.9255943298, -41.1276092529, -31.5237293243, 397.77053833, 69.5920944214, -101.193267822, -100.12223053, 98.8102264404, -16.4313430786, -44.6977424622, 46.4243888855], [471.380859375, 3.03307628632, -118.75315094, -217.430038452, -228.404754639, 69.5920944214, 429.695526123, 66.3089904785, -97.4029541016, -123.905700684, 92.4402542114, 56.6659736633, -130.114761353], [-450.079162598, -92.7390289307, 76.6444168091, -32.904083252, -37.0327911377, -101.193267822, 66.3089904785, 230.756973267, 53.0682601929, -64.5624160767, 61.5302085876, 78.9388809204, -1.82591986656], [-166.567077637, -54.4325828552, -49.8368186951, 29.7994689941, 47.9879074097, -100.12223053, -97.4029541016, 53.0682601929, 179.149749756, 8.69554519653, -23.0069580078, 35.7945137024, 25.2424602509], [-558.876464844, -92.396522522, 5.25079536438, 79.3481369019, 134.699539185, 98.8102264404, -123.905700684, -64.5624160767, 8.69554519653, 191.59487915, -40.7735977173, -37.9523086548, 105.216880798], [121.493087769, -27.127122879, -47.0810012817, -80.469871521, -74.3327636719, -16.4313430786, 92.4402542114, 61.5302085876, -23.0069580078, -40.7735977173, 95.4820861816, 52.7233695984, -35.0188674927], [-183.226074219, -127.230918884, -46.7091674805, -33.5639457703, -35.6743087769, -44.6977424622, 56.6659736633, 78.9388809204, 35.7945137024, -37.9523086548, 52.7233695984, 113.677001953, 13.4865531921], [-450.223754883, -106.036361694, -7.76945400238, 73.5858535767, 82.4425201416, 46.4243888855, -130.114761353, -1.82591986656, 25.2424602509, 105.216880798, -35.0188674927, 13.4865531921, 144.39440918]],
        "icov": [[0.000731794803869, -0.000737634254619, 0.00177027704194, -0.000581677653827, 0.00109496479854, -4.32636225014e-05, 0.000616141769569, 0.000503961869981, 0.000490045349579, 0.00149313546717, -0.000370127119822, 0.00100902223494, 0.000724378332961], [-0.000737634254619, 0.00494572939351, -0.00354023370892, 0.00207234290428, -0.00291175791062, 0.00209196237847, -0.00260062725283, 0.00328184198588, -0.00215589208528, 0.00282060238533, -0.0034673367627, 0.00617139413953, -0.00432243291289], [0.00177027704194, -0.00354023370892, 0.00753259286284, -0.00314061902463, 0.00441999919713, -0.000884502427652, 0.0039169411175, -0.00306590716355, 0.00437934184447, 0.000279737141682, 0.0034671574831, -0.00135163392406, 0.00617505377159], [-0.000581677653827, 0.00207234290428, -0.00314061902463, 0.00467846821994, -0.00208647176623, 0.000992477871478, -0.000414847716456, 0.00153047963977, -0.000972823996563, 0.000214734187466, 0.000158197362907, 0.000937213771977, -0.00236292346381], [0.00109496479854, -0.00291175791062, 0.00441999919713, -0.00208647176623, 0.00886746775359, -0.000175813533133, 0.00501109659672, -0.00324158906005, 0.00382036832161, -0.00497231585905, 0.00598326791078, -0.00427808379754, 0.00685114506632], [-4.32636225014e-05, 0.00209196237847, -0.000884502427652, 0.000992477871478, -0.000175813533133, 0.0053581437096, -0.00240234355442, 0.00287182279862, 0.000577658764087, -0.000272496108664, -0.00126190157607, 0.00418407935649, -0.00350206648], [0.000616141769569, -0.00260062725283, 0.0039169411175, -0.000414847716456, 0.00501109659672, -0.00240234355442, 0.00998176913708, -0.00555936712772, 0.00640169577673, -0.00396751007065, 0.00612458121032, -0.00844120141119, 0.0113148251548], [0.000503961869981, 0.00328184198588, -0.00306590716355, 0.00153047963977, -0.00324158906005, 0.00287182279862, -0.00555936712772, 0.0147798806429, -0.00686871586367, 0.0100401462987, -0.0122674265876, 0.00877946894616, -0.0107691446319], [0.000490045349579, -0.00215589208528, 0.00437934184447, -0.000972823996563, 0.00382036832161, 0.000577658764087, 0.00640169577673, -0.00686871586367, 0.0138855911791, -0.00584492320195, 0.0110421041027, -0.00966684054583, 0.00940345227718], [0.00149313546717, 0.00282060238533, 0.000279737141682, 0.000214734187466, -0.00497231585905, -0.000272496108664, -0.00396751007065, 0.0100401462987, -0.00584492320195, 0.0248318035156, -0.0135461622849, 0.0173763651401, -0.0158698521554], [-0.000370127119822, -0.0034673367627, 0.0034671574831, 0.000158197362907, 0.00598326791078, -0.00126190157607, 0.00612458121032, -0.0122674265876, 0.0110421041027, -0.0135461622849, 0.0331025905907, -0.0214967150241, 0.0167353171855], [0.00100902223494, 0.00617139413953, -0.00135163392406, 0.000937213771977, -0.00427808379754, 0.00418407935649, -0.00844120141119, 0.00877946894616, -0.00966684054583, 0.0173763651401, -0.0214967150241, 0.0365192480385, -0.0188664663583], [0.000724378332961, -0.00432243291289, 0.00617505377159, -0.00236292346381, 0.00685114506632, -0.00350206648, 0.0113148251548, -0.0107691446319, 0.00940345227718, -0.0158698521554, 0.0167353171855, -0.0188664663583, 0.030561260879]]
    },
    "melbands": {
        "max": [0.000907190726139, 0.00883388612419, 0.0176931992173, 0.00775740575045, 0.00627822428942, 0.00285497377627, 0.00257539283484, 0.00819518137723, 0.00569465337321, 0.0117031587288, 0.00691799772903, 0.00275867967866, 0.00252202129923, 0.00281656696461, 0.00152787275147, 0.00107200909406, 0.000434293149738, 0.000315119308652, 0.000746799516492, 0.00040425392217, 0.000314558739774, 0.000460780545836, 0.0002747263934, 0.000316700607073, 0.000235105966567, 9.33514165808e-05, 2.66375682259e-05, 4.24495738116e-05, 2.95355839626e-05, 2.15357267734e-05, 1.11069784907e-05, 7.7362437878e-06, 4.46075728178e-06, 3.99773625759e-06, 4.53358688901e-06, 2.61369746113e-06, 9.56959183895e-07, 4.16591518615e-07, 2.74610044926e-07, 1.49097346025e-07],
        "mean": [6.65247061988e-05, 0.00039386402932, 0.000543992442545, 0.000276376318652, 0.000210120415431, 0.000174115673872, 0.000288522423944, 0.000612023228314, 0.000598576385528, 0.000438903662143, 0.000302898552036, 0.000165406032465, 0.000261208129814, 0.000237922708038, 0.000109218388388, 5.15379870194e-05, 3.2428320992e-05, 2.88996325253e-05, 2.18516724999e-05, 1.91843664652e-05, 2.15115360334e-05, 1.77045931196e-05, 1.61391053553e-05, 3.34831966029e-05, 3.19560131175e-05, 9.74827889877e-06, 2.29900706472e-06, 1.98674342755e-06, 1.30838020596e-06, 8.7041524921e-07, 5.60301714359e-07, 5.52612618776e-07, 5.01150964283e-07, 3.22569064792e-07, 2.92982605288e-07, 1.97186935225e-07, 7.12559256044e-08, 2.71124402929e-08, 1.59998823079e-08, 1.12968656651e-08],
        "min": [7.29252214171e-10, 4.43415242675e-14, 1.25581768834e-13, 9.89388285926e-14, 8.9801484391e-14, 4.89690990394e-14, 8.09866429019e-14, 3.39108488468e-13, 1.84007960236e-13, 2.11767262797e-13, 2.28026825937e-13, 3.01841234299e-13, 5.74107005425e-13, 4.00372226692e-13, 4.01605452453e-13, 4.9403038084e-13, 3.87053643259e-13, 3.42874925501e-13, 3.40397415116e-13, 2.03547465341e-13, 1.80322797709e-13, 2.00982974837e-13, 1.78497489142e-13, 1.5499218933e-13, 1.95450575754e-13, 2.60761410294e-13, 2.67882287533e-13, 1.41671600124e-13, 1.84389721374e-13, 1.93211738926e-13, 2.80998938311e-13, 2.69606223197e-13, 2.12408541277e-13, 1.31749808546e-13, 2.52460216361e-13, 1.62270872195e-13, 2.11839280926e-13, 2.60377223255e-13, 2.99060093096e-13, 3.36870315714e-13],
        "stdev": [7.79519832577e-05, 0.000863199704327, 0.00143019959796, 0.000552773242816, 0.00041367666563, 0.000283611792838, 0.000385216611903, 0.000943808350712, 0.000989438733086, 0.000893051037565, 0.000550851924345, 0.000331770046614, 0.000413610396208, 0.000389784079744, 0.000217795313802, 0.000117315539683, 5.35683211638e-05, 4.40848198195e-05, 4.93444640597e-05, 3.40063597832e-05, 4.11330656789e-05, 3.74846058548e-05, 2.4131129976e-05, 4.48721038993e-05, 4.01498436986e-05, 1.32295990625e-05, 3.20697495226e-06, 3.91255343857e-06, 2.82919245365e-06, 1.76407957042e-06, 1.01009925402e-06, 8.05511831459e-07, 6.64805952511e-07, 4.62006937596e-07, 4.77706237234e-07, 3.086981053e-07, 1.06857505955e-07, 4.33967777269e-08, 2.42603892531e-08, 1.64528248803e-08]
    },
    "melbands128": {
        "max": [0.000349265377736, 0.000302574189845, 0.000789232377429, 0.00348793179728, 0.00611738441512, 0.0203156881034, 0.0263399146497, 0.0155503731221, 0.0132034476846, 0.00988080352545, 0.00747766625136, 0.0079890601337, 0.00901866331697, 0.00712044350803, 0.00307356729172, 0.00255839945748, 0.00548413116485, 0.00435403874144, 0.00506644509733, 0.0118012502789, 0.0163244642317, 0.00633280398324, 0.0112462919205, 0.0121669592336, 0.0252212490886, 0.0187461581081, 0.00837101321667, 0.0121641671285, 0.00845233164728, 0.00603277096525, 0.00355821824633, 0.00333369057626, 0.00449998117983, 0.00632680905983, 0.00385402748361, 0.0060029742308, 0.00507342396304, 0.00290763191879, 0.00236589112319, 0.00183122907765, 0.00207774969749, 0.000785940675996, 0.000415476766648, 0.00114270590711, 0.000678749463987, 0.000486131000798, 0.000746278907172, 0.00191466452088, 0.00023479993979, 0.000348265602952, 0.000768848054577, 0.000746903882828, 0.000590153620578, 0.000676402647514, 0.000621704035439, 0.000997905968688, 0.000672739930451, 0.000702271703631, 0.000212290862692, 0.00052170350682, 0.000523351540323, 0.000781353097409, 0.000488429795951, 0.000401112542022, 0.00025710024056, 0.000216307133087, 8.96846177056e-05, 5.54363214178e-05, 2.25193980441e-05, 7.3569266533e-05, 6.03791013418e-05, 5.12449441885e-05, 7.67278907006e-05, 2.58385862253e-05, 3.14131139021e-05, 3.05547800963e-05, 1.77176734724e-05, 1.51919157361e-05, 1.02672420326e-05, 1.32832146846e-05, 8.98642974789e-06, 8.98018970474e-06, 7.647118764e-06, 6.48293371341e-06, 6.47978185953e-06, 7.73170540924e-06, 4.41627889813e-06, 5.6535091062e-06, 7.19020408724e-06, 5.2082655202e-06, 4.45543355454e-06, 3.64219067706e-06, 2.51077381108e-06, 8.01109536042e-07, 8.55020800827e-07, 6.29435248811e-07, 3.85359896882e-07, 4.04888368166e-07, 3.2574999409e-07, 2.1724363819e-07, 1.99733008799e-07, 1.75284029069e-07, 1.60934717996e-07, 1.52518296659e-07, 3.56472540375e-08, 3.41980310736e-08, 3.25043671978e-08, 3.10214645083e-08, 2.9618430375e-08, 2.83212404639e-08, 2.7162933236e-08, 2.60934562846e-08, 2.50859866213e-08, 2.41783801869e-08, 2.33500845326e-08, 2.25509566576e-08, 2.17616555886e-08, 2.11743973466e-08, 2.05343724247e-08, 2.00321412791e-08, 1.94259879294e-08, 1.90321074456e-08, 1.86242576916e-08, 1.83089881034e-08, 1.8032018545e-08, 1.78149157648e-08, 1.76738925717e-08, 1.75736456498e-08],
        "mean": [2.11021524592e-05, 5.30787765456e-05, 6.6768086981e-05, 0.00012626539683, 0.000249703967711, 0.000752270338126, 0.000815542240161, 0.00036500376882, 0.000308397604385, 0.000261754175881, 0.000268871022854, 0.000286872586003, 0.00018498620193, 0.000129172476591, 0.000150651598233, 0.000205162374186, 0.00025276991073, 0.000288435519906, 0.000345713575371, 0.000595449993853, 0.000817708845716, 0.000480925198644, 0.000704254314769, 0.000471581734018, 0.000509163655806, 0.00039405177813, 0.000345314736478, 0.000356382777682, 0.000192724633962, 0.000175780980499, 0.000167709411471, 0.000113241752842, 0.000190222010133, 0.000490554084536, 0.000274298363365, 0.0001429921831, 0.000210165540921, 8.14739396446e-05, 7.66498997109e-05, 7.98402979854e-05, 4.18883064413e-05, 1.95278353203e-05, 2.40299032157e-05, 5.50665790797e-05, 1.93647210835e-05, 2.22449798457e-05, 4.11466462538e-05, 2.17816905206e-05, 1.12569023258e-05, 2.1694420866e-05, 1.79066682904e-05, 2.13263538171e-05, 2.10301495827e-05, 2.02706269192e-05, 2.46201634582e-05, 1.49352717926e-05, 1.54751814989e-05, 1.57940703502e-05, 1.38541217893e-05, 2.13604398596e-05, 3.67352367903e-05, 3.92712026951e-05, 4.19456155214e-05, 2.93183038593e-05, 1.70378079929e-05, 9.27934434003e-06, 5.65399204788e-06, 2.59037415162e-06, 1.25178473809e-06, 2.0683035018e-06, 2.23243387154e-06, 1.7917848254e-06, 1.80255347004e-06, 1.03995455447e-06, 1.00066085906e-06, 1.07118501091e-06, 7.03988348505e-07, 5.61143053801e-07, 5.2688545793e-07, 5.87816941788e-07, 5.4334162769e-07, 5.36006893981e-07, 5.68214318264e-07, 5.16529894412e-07, 4.36694591599e-07, 3.62931245945e-07, 2.76911634955e-07, 2.48480091614e-07, 2.98682664379e-07, 3.31889367544e-07, 2.56752258565e-07, 1.4454660402e-07, 1.18094767743e-07, 7.11867045311e-08, 4.4339770966e-08, 3.441660823e-08, 2.38177566558e-08, 1.52607899651e-08, 1.57158819292e-08, 1.78367827175e-08, 1.23198713453e-08, 1.08147055755e-08, 8.95944385348e-09, 5.60194157728e-09, 9.26614396324e-10, 5.71806803296e-11, 6.18372228423e-11, 3.81981286879e-11, 3.43059504415e-11, 3.28545697592e-11, 3.1542945339e-11, 3.03266925461e-11, 2.91637859695e-11, 2.81216230857e-11, 2.71653307488e-11, 2.62495650216e-11, 2.53412828916e-11, 2.46089086609e-11, 2.38971845784e-11, 2.3339902927e-11, 2.26311920593e-11, 2.21593542127e-11, 2.17467710506e-11, 2.13049630021e-11, 2.08413893782e-11, 2.03387497816e-11, 2.00370102454e-11, 1.99041078758e-11],
        "min": [2.32198171801e-09, 8.54608495082e-10, 4.8883917747e-11, 5.3977384628e-14, 1.53242930769e-14, 3.7599623122e-14, 1.01984765847e-13, 1.12213447627e-13, 7.06827445966e-14, 3.0174213822e-14, 4.04591114843e-14, 1.12470281569e-13, 1.00887438052e-13, 5.02792557209e-14, 2.09474602106e-14, 2.47310581302e-15, 2.30215796242e-14, 8.8679734942e-14, 1.4250184149e-13, 1.48184334811e-13, 3.97775020387e-13, 2.53556371862e-13, 1.04639190921e-13, 6.76393890984e-14, 1.75863338649e-13, 2.68726989446e-13, 2.7161646955e-13, 2.75792138692e-13, 1.38567908775e-13, 1.2523933713e-13, 1.14863305499e-13, 3.22730937027e-13, 6.27784445522e-13, 2.7675886756e-13, 1.34892598935e-13, 2.78905804701e-13, 2.57319827338e-13, 4.31838511348e-13, 4.71283656631e-13, 3.99978661303e-13, 3.99294421312e-13, 1.3100837689e-13, 3.14785090355e-13, 1.89038739632e-13, 3.95292007677e-13, 2.94372572108e-13, 2.687567779e-13, 2.96555423447e-13, 2.30431965826e-13, 2.25438970877e-13, 1.81242987198e-13, 1.67020409547e-13, 4.64207123262e-14, 1.93468559315e-13, 1.54090634566e-13, 1.02699932705e-13, 9.05128023313e-14, 1.09818817722e-13, 2.65103179209e-13, 2.11754808024e-13, 1.38958492608e-13, 1.20760619928e-13, 1.12108280016e-13, 1.67861018596e-13, 1.56595805659e-13, 1.68641752581e-13, 3.00904266781e-13, 4.23010151213e-13, 1.74455759626e-13, 2.18030617432e-13, 1.34690137732e-13, 1.04884139297e-13, 1.57495625699e-13, 2.07725668806e-13, 2.07480964375e-13, 1.5472120655e-13, 1.90603934545e-13, 2.69868816963e-13, 1.93764776901e-13, 2.69961299409e-13, 2.34472570483e-13, 2.38702612364e-13, 2.6653085663e-13, 1.64054655819e-13, 2.28875512293e-13, 1.85149882622e-13, 7.36221589877e-14, 7.10570586203e-14, 3.61981793281e-13, 2.98395910845e-13, 1.30867904946e-13, 1.03599054791e-13, 2.37731031692e-13, 2.85544239078e-13, 1.57260990796e-13, 6.30159783404e-14, 3.28852396703e-13, 2.4568018518e-13, 3.04597167801e-13, 2.18107609339e-13, 2.74774642059e-13, 2.84357579801e-13, 2.41745805232e-13, 3.29913586684e-13, 4.65609701402e-13, 3.40733544895e-13, 2.69698380382e-13, 2.02596565826e-13, 2.42869987359e-13, 2.60651065618e-13, 1.85524542235e-13, 2.67484927437e-13, 2.42375808009e-13, 2.09520023401e-13, 1.47300601621e-13, 2.24894498098e-13, 1.42131369608e-13, 1.81973915645e-13, 1.33474991042e-13, 3.06004814586e-13, 2.92740902049e-13, 3.07022799111e-13, 2.28131668287e-13, 2.24579334079e-13, 2.35268916978e-13, 6.0646752648e-14, 1.0386929557e-14, 3.74501853343e-16],
        "stdev": [2.49677559623e-05, 3.55373376806e-05, 7.94706938905e-05, 0.000299074745271, 0.000580459192861, 0.00193087873049, 0.00239070295356, 0.00109350273851, 0.000868383911438, 0.000628940353636, 0.000565329741221, 0.00060901849065, 0.000477155961562, 0.000336458033416, 0.000350260030245, 0.000362718274118, 0.000428149302024, 0.000552930752747, 0.000674352864735, 0.0011595148826, 0.00162678887136, 0.000926420616452, 0.00169423071202, 0.00126228900626, 0.00157312012743, 0.00123500009067, 0.000968536362052, 0.000851318240166, 0.000648562272545, 0.000544169161003, 0.00043233128963, 0.000301524880342, 0.000512813392561, 0.000951012014411, 0.000646116386633, 0.000502586597577, 0.000570852484088, 0.000310990464641, 0.000191302169696, 0.000192239327589, 0.000178079033503, 4.45030382252e-05, 4.5654571295e-05, 0.000112572430226, 4.91279824928e-05, 4.34742323705e-05, 8.79948565853e-05, 0.000106156119728, 2.09944555536e-05, 3.89360720874e-05, 4.77345565741e-05, 6.20684731985e-05, 6.37281264062e-05, 5.76743186684e-05, 5.40021537745e-05, 5.62241075386e-05, 5.83345026826e-05, 4.06933831982e-05, 2.34795934375e-05, 3.87655745726e-05, 6.28713023616e-05, 8.35424871184e-05, 7.03928453731e-05, 4.67888785352e-05, 3.13087184622e-05, 1.86856050277e-05, 1.09781012725e-05, 4.32883507528e-06, 2.16465377889e-06, 5.3185822253e-06, 4.69920632895e-06, 4.214472483e-06, 5.2541840887e-06, 2.21559366764e-06, 2.23474853556e-06, 2.47181515078e-06, 1.46134630086e-06, 1.12559609988e-06, 9.99248072731e-07, 1.21824007238e-06, 9.88419287751e-07, 8.60555132931e-07, 8.15407474875e-07, 7.60898785757e-07, 7.00413181676e-07, 6.07219817539e-07, 4.37615454985e-07, 4.46600893156e-07, 5.58975841614e-07, 5.79721813665e-07, 4.36912927171e-07, 2.52949945434e-07, 2.2573092906e-07, 1.05012603058e-07, 7.34146752279e-08, 6.38696988631e-08, 4.00016411106e-08, 2.77046101615e-08, 2.7579275752e-08, 2.90428143757e-08, 1.96515781425e-08, 1.86895796617e-08, 1.32460487023e-08, 9.26971832627e-09, 2.13198236843e-09, 1.0752995161e-09, 1.0227007019e-09, 9.74987091062e-10, 9.30927834819e-10, 8.90157114686e-10, 8.5374962655e-10, 8.2013185132e-10, 7.88465348567e-10, 7.59941998218e-10, 7.33906324601e-10, 7.08785308223e-10, 6.83977985361e-10, 6.65522803533e-10, 6.45404507615e-10, 6.2961930114e-10, 6.10567096881e-10, 5.98186999934e-10, 5.85368420403e-10, 5.75457959062e-10, 5.6675869553e-10, 5.59939983269e-10, 5.55514134692e-10, 5.52364765039e-10]
    },
    "mfcc": {
        "mean": [-698.04876709, 152.543518066, -36.0238494873, 21.7924289703, -15.2025461197, -11.2261667252, -10.4458227158, 17.2847290039, -10.9395294189, 1.82214903831, 5.61776161194, -0.974626064301, -2.04184746742],
        "cov": [[7269.13525391, 401.084594727, -887.883850098, -623.487609863, -1026.30786133, 209.470535278, 106.507141113, 284.122894287, -420.079681396, -164.556945801, -12.4523801804, 25.3207588196, -139.301956177], [401.084594727, 725.440307617, 54.6367340088, 12.8485450745, -52.123249054, -86.9262466431, 21.1903247833, 0.322403401136, -70.7820510864, -17.6158752441, 43.3991165161, -38.403087616, -18.4797840118], [-887.883850098, 54.6367340088, 654.808044434, 163.024993896, 25.1542835236, -55.7978553772, 66.8826522827, 33.4235153198, -20.0010929108, 8.96598529816, -2.9053440094, -21.3439102173, -22.7188301086], [-623.487609863, 12.8485450745, 163.024993896, 508.721862793, 253.84211731, -122.959907532, -148.998336792, -29.7186203003, 12.3604650497, 1.93787956238, 6.94802522659, -50.5795898438, 18.6407051086], [-1026.30786133, -52.123249054, 25.1542835236, 253.84211731, 644.574890137, 42.3123092651, -221.455795288, -277.083587646, 138.229629517, 35.7322387695, -92.7894058228, 8.70138835907, 28.8209896088], [209.470535278, -86.9262466431, -55.7978553772, -122.959907532, 42.3123092651, 390.056365967, 86.2872390747, -210.483078003, 68.3656311035, 5.40093851089, -108.202926636, 75.6006622314, -2.85047030449], [106.507141113, 21.1903247833, 66.8826522827, -148.998336792, -221.455795288, 86.2872390747, 333.843505859, 37.6819763184, -35.2291603088, -29.3660907745, 5.94495677948, 43.3091430664, -16.7505130768], [284.122894287, 0.322403401136, 33.4235153198, -29.7186203003, -277.083587646, -210.483078003, 37.6819763184, 387.558319092, -111.107925415, -11.8774385452, 115.924575806, -52.3475112915, -12.7133283615], [-420.079681396, -70.7820510864, -20.0010929108, 12.3604650497, 138.229629517, 68.3656311035, -35.2291603088, -111.107925415, 139.413192749, 31.8516407013, -44.0523223877, 8.08854293823, 12.6550273895], [-164.556945801, -17.6158752441, 8.96598529816, 1.93787956238, 35.7322387695, 5.40093851089, -29.3660907745, -11.8774385452, 31.8516407013, 77.2993469238, 8.90282821655, -9.17833137512, 0.178163900971], [-12.4523801804, 43.3991165161, -2.9053440094, 6.94802522659, -92.7894058228, -108.202926636, 5.94495677948, 115.924575806, -44.0523223877, 8.90282821655, 122.771728516, -12.0467853546, -14.7747211456], [25.3207588196, -38.403087616, -21.3439102173, -50.5795898438, 8.70138835907, 75.6006622314, 43.3091430664, -52.3475112915, 8.08854293823, -9.17833137512, -12.0467853546, 76.6063842773, 2.50498533249], [-139.301956177, -18.4797840118, -22.7188301086, 18.6407051086, 28.8209896088, -2.85047030449, -16.7505130768, -12.7133283615, 12.6550273895, 0.178163900971, -14.7747211456, 2.50498533249, 65.0264511108]],
        "icov": [[0.000342578772688, -0.000173487162101, 0.000449058687082, -4.63914693682e-06, 0.000525462441146, -0.000254136306467, 0.000360130885383, -4.38256683992e-05, 0.000789005949628, 0.000128371437313, 0.000649120134767, -0.000108690437628, 0.000680738012306], [-0.000173487162101, 0.00170998182148, -0.000332566822181, 0.000133903347887, -0.000208598503377, 0.000487930519739, -0.00035919243237, 0.00087826512754, 0.000489319325425, 0.000150828142068, -0.000929759815335, 0.00108229683246, -0.000195828441065], [0.000449058687082, -0.000332566822181, 0.0024984467309, -0.000801224843599, 0.000565761292819, -7.65537188272e-05, -0.000396920717321, -0.000312706077239, 0.00123277830426, -0.000557216699235, 0.00161566899624, -0.000124026380945, 0.00168605498038], [-4.63914693682e-06, 0.000133903347887, -0.000801224843599, 0.00331693212502, -0.00129602837842, 0.000445409910753, 0.000549133401364, 0.000209474528674, 0.000509014644194, 0.000914517731871, -0.000895742734428, 0.00151656684466, -0.000789810961578], [0.000525462441146, -0.000208598503377, 0.000565761292819, -0.00129602837842, 0.00480230432004, 0.000339940481354, 0.00215894146822, 0.00197488442063, -0.000438238144852, -0.000307714857627, 0.00202614301816, -0.00143516075332, 0.00106601940934], [-0.000254136306467, 0.000487930519739, -7.65537188272e-05, 0.000445409910753, 0.000339940481354, 0.00583414500579, -0.00117792189121, 0.00231771846302, -0.00100839184597, -0.00128133373801, 0.00258772843517, -0.00260427035391, 0.000582641339861], [0.000360130885383, -0.00035919243237, -0.000396920717321, 0.000549133401364, 0.00215894146822, -0.00117792189121, 0.00543838506564, -1.96431137738e-05, 0.000458128837636, 0.00137884810101, 0.000436009519035, -0.00206019543111, 0.000847351562697], [-4.38256683992e-05, 0.00087826512754, -0.000312706077239, 0.000209474528674, 0.00197488442063, 0.00231771846302, -1.96431137738e-05, 0.00683485111222, 0.00175680464599, -8.34010861581e-05, -0.00246108672582, 0.00210772641003, -0.000438129791291], [0.000789005949628, 0.000489319325425, 0.00123277830426, 0.000509014644194, -0.000438238144852, -0.00100839184597, 0.000458128837636, 0.00175680464599, 0.0138108525425, -0.00348051567562, 0.00239144638181, 0.00113341235556, 0.00054706085939], [0.000128371437313, 0.000150828142068, -0.000557216699235, 0.000914517731871, -0.000307714857627, -0.00128133373801, 0.00137884810101, -8.34010861581e-05, -0.00348051567562, 0.0161983538419, -0.00361662567593, 0.0026845918037, -1.20565091493e-05], [0.000649120134767, -0.000929759815335, 0.00161566899624, -0.000895742734428, 0.00202614301816, 0.00258772843517, 0.000436009519035, -0.00246108672582, 0.00239144638181, -0.00361662567593, 0.0159823391587, -0.00384119781666, 0.00411798851565], [-0.000108690437628, 0.00108229683246, -0.000124026380945, 0.00151656684466, -0.00143516075332, -0.00260427035391, -0.00206019543111, 0.00210772641003, 0.00113341235556, 0.0026845918037, -0.00384119781666, 0.019595682621, -0.00185559457168], [0.000680738012306, -0.000195828441065, 0.00168605498038, -0.000789810961578, 0.00106601940934, 0.000582641339861, 0.000847351562697, -0.000438129791291, 0.00054706085939, -1.20565091493e-05, 0.00411798851565, -0.00185559457168, 0.0181828644127]]
    },
    "spectral_contrast_coeffs": {
        "max": [-0.49420401454, -0.467480778694, -0.477668821812, -0.561288058758, -0.530503213406, -0.627704501152],
        "mean": [-0.709017634392, -0.717592358589, -0.718701779842, -0.783890843391, -0.733763754368, -0.73930233717],
        "min": [-0.962378621101, -0.972618103027, -0.955747783184, -0.955622673035, -0.936606764793, -0.932936131954],
        "stdev": [0.0715948045254, 0.10990126431, 0.105067871511, 0.0660574138165, 0.0792274847627, 0.051030639559]
    },
    "spectral_contrast_valleys": {
        "max": [-5.48539876938, -4.70954084396, -5.32863426208, -5.97280168533, -6.23765277863, -9.82167625427],
        "mean": [-7.56714630127, -6.84571695328, -7.63741064072, -8.06155872345, -8.16895961761, -11.6761322021],
        "min": [-17.4518280029, -16.7464504242, -16.288476944, -15.9718799591, -15.9107885361, -16.7844047546],
        "stdev": [0.945175409317, 1.11590659618, 1.19557106495, 1.08766674995, 0.936343967915, 0.706983923912]
    }
},
"rhythm": {
    "beats_count": 48,
    "beats_loudness": {
        "max": 0.117156334221,
        "mean": 0.0268681049347,
        "min": 0.000371771253413,
        "stdev": 0.0223805420101
    },
    "bpm": 126.491676331,
    "bpm_histogram_first_peak_bpm": 126,
    "bpm_histogram_first_peak_weight": 0.565217375755,
    "bpm_histogram_second_peak_bpm": 112,
    "bpm_histogram_second_peak_spread": 0.600000023842,
    "bpm_histogram_second_peak_weight": 0.0851063802838,
    "danceability": 0.805078446865,
    "onset_rate": 2.13094544411,
    "beats_loudness_band_ratio": {
        "max": [0.793240666389, 0.630228161812, 0.899816036224, 0.623742699623, 0.563085377216, 0.0769069567323],
        "mean": [0.168433085084, 0.128505930305, 0.366940617561, 0.234556540847, 0.1239201352, 0.0278632622212],
        "min": [0.00263059767894, 0.00771787390113, 0.0442866720259, 0.00231585884467, 0.00585864810273, 0.00128527928609],
        "stdev": [0.196365818381, 0.130914971232, 0.225037232041, 0.17972111702, 0.120807170868, 0.020053550601]
    },
    "beats_position": [0.406349211931, 0.812698423862, 1.23065757751, 1.64861679077, 2.06657600403, 2.49614500999, 2.92571425438, 3.34367346764, 3.7732424736, 4.20281171799, 4.67882061005, 5.15482997894, 5.61922883987, 6.08362817764, 6.5596370697, 7.03564596176, 7.56970500946, 8.10376358032, 8.64943313599, 9.2067117691, 9.75238037109, 10.2748298645, 10.7972784042, 11.3313379288, 11.8653964996, 12.387845993, 12.8986845016, 13.3979139328, 13.8855323792, 14.3731517792, 14.8839902878, 15.3832197189, 15.8824491501, 16.3700675964, 16.8576869965, 17.3336963654, 17.8097057343, 18.2857131958, 18.7617225647, 19.2493419647, 19.7137413025, 20.1781406403, 20.642539978, 21.1069393158, 21.5829467773, 22.0589561462, 22.523355484, 22.9877548218],
