{
"metadata": {
    "version": {
        "essentia": "2.1-beta5",
        "essentia_git_sha": "Undefined",
        "extractor": "music 2.0"
    },
    "audio_properties": {
        "analysis": {
            "equal_loudness": 0,
            "length": 12.7477550507,
            "sample_rate": 44100,
            "start_time": 0,
            "downmix": "mix"
        },
        "bit_rate": 192000,
        "length": 235.914733887,
        "lossless": 0,
        "number_channels": 2,
        "replay_gain": -12.7524795532,
        "sample_rate": 44100,
        "codec": "mp3",
        "md5_encoded": "9d125c47e6eb62e198f5e91919026470"
    },
    "tags": {
        "file_name": "Netherlands_Een Beetje_Teddy Scholten.mp3",
        "encoding": ["Lavf58.29.100"]
    }
},
"lowlevel": {
    "average_loudness": 0.658630311489,
    "barkbands_crest": {
        "max": 25.8870391846,
        "mean": 9.13394260406,
        "min": 2.52130627632,
        "stdev": 5.35113096237
    },
    "barkbands_flatness_db": {
        "max": 0.370030969381,
        "mean": 0.166689649224,
        "min": 0.0361535139382,
        "stdev": 0.067524060607
    },
    "barkbands_kurtosis": {
        "max": 52.2095527649,
        "mean": 3.64062309265,
        "min": -1.86253297329,
        "stdev": 8.05564785004
    },
    "barkbands_skewness": {
        "max": 7.18016386032,
        "mean": 1.19752597809,
        "min": -2.6777369976,
        "stdev": 1.47073614597
    },
    "barkbands_spread": {
        "max": 82.4460449219,
        "mean": 25.7645397186,
        "min": 2.56985449791,
        "stdev": 16.639043808
    },
    "dissonance": {
        "max": 0.499920964241,
        "mean": 0.465656846762,
        "min": 0.280547916889,
        "stdev": 0.0374227948487
    },
    "dynamic_complexity": 7.42594385147,
    "erbbands_crest": {
        "max": 30.9218235016,
        "mean": 8.94772052765,
        "min": 2.84027075768,
        "stdev": 5.69863271713
    },
    "erbbands_flatness_db": {
        "max": 0.3765181005,
        "mean": 0.215107679367,
        "min": 0.0845055133104,
        "stdev": 0.0556060895324
    },
    "erbbands_kurtosis": {
        "max": 21.2782840729,
        "mean": 0.791756272316,
        "min": -1.84760725498,
        "stdev": 2.7271707058
    },
    "erbbands_skewness": {
        "max": 4.10373020172,
        "mean": 0.272999495268,
        "min": -2.64485526085,
        "stdev": 1.07923543453
    },
    "erbbands_spread": {
        "max": 98.0297317505,
        "mean": 39.106754303,
        "min": 4.35706472397,
        "stdev": 19.1404285431
    },
    "hfc": {
        "max": 128.812240601,
        "mean": 7.78520345688,
        "min": 1.10304514832e-16,
        "stdev": 14.1325807571
    },
    "loudness_ebu128": {
        "integrated": -15.1453666687,
        "loudness_range": 5.8237285614,
        "momentary": {
            "max": -8.15116119385,
            "mean": -17.8965435028,
            "min": -27.921453476,
            "stdev": 4.73886108398
        },
        "short_term": {
            "max": -12.1098461151,
            "mean": -16.4621162415,
            "min": -19.8744983673,
            "stdev": 2.07012939453
        }
    },
    "melbands_crest": {
        "max": 32.483997345,
        "mean": 12.186290741,
        "min": 1.67377853394,
        "stdev": 6.45389842987
    },
    "melbands_flatness_db": {
        "max": 0.388698011637,
        "mean": 0.161114171147,
        "min": 0.00321210827678,
        "stdev": 0.0810964480042
    },
    "melbands_kurtosis": {
        "max": 167.228530884,
        "mean": 11.5665111542,
        "min": -1.51063466072,
        "stdev": 19.2184867859
    },
    "melbands_skewness": {
        "max": 11.6730632782,
        "mean": 2.29307770729,
        "min": -0.546838223934,
        "stdev": 1.83521819115
    },
    "melbands_spread": {
        "max": 177.042037964,
        "mean": 34.2616233826,
        "min": 2.16354298592,
        "stdev": 27.4399375916
    },
    "pitch_salience": {
        "max": 0.928803622723,
        "mean": 0.661033570766,
        "min": 0.103187136352,
        "stdev": 0.133268937469
    },
    "silence_rate_20dB": {
        "max": 1,
        "mean": 1,
        "min": 1,
        "stdev": 0
    },
    "silence_rate_30dB": {
        "max": 1,
        "mean": 0.992727279663,
        "min": 0,
        "stdev": 0.0849696621299
    },
    "silence_rate_60dB": {
        "max": 1,
        "mean": 0.585454523563,
        "min": 0,
        "stdev": 0.492642849684
    },
    "spectral_centroid": {
        "max": 11100.7617188,
        "mean": 1880.17932129,
        "min": 390.046936035,
        "stdev": 1104.9699707
    },
    "spectral_complexity": {
        "max": 28,
        "mean": 7.24363613129,
        "min": 0,
        "stdev": 5.35934257507
    },
    "spectral_decrease": {
        "max": 5.51208733433e-29,
        "mean": -2.54074672412e-09,
        "min": -3.91694854329e-08,
        "stdev": 5.1693116454e-09
    },
    "spectral_energy": {
        "max": 0.158078670502,
        "mean": 0.0102955102921,
        "min": 1.04471554272e-20,
        "stdev": 0.0207239259034
    },
    "spectral_energyband_high": {
        "max": 0.00149478833191,
        "mean": 0.000225590221817,
        "min": 7.35954627113e-21,
        "stdev": 0.000276483042398
    },
    "spectral_energyband_low": {
        "max": 0.000697172945365,
        "mean": 0.000127058985527,
        "min": 4.99076890656e-23,
        "stdev": 0.00010412701522
    },
    "spectral_energyband_middle_high": {
        "max": 0.126268848777,
        "mean": 0.00223476160318,
        "min": 1.36881054108e-21,
        "stdev": 0.0077310949564
    },
    "spectral_energyband_middle_low": {
        "max": 0.149924829602,
        "mean": 0.00795669667423,
        "min": 2.7667919215e-22,
        "stdev": 0.0179511699826
    },
    "spectral_entropy": {
        "max": 9.81255912781,
        "mean": 7.6354598999,
        "min": 6.18515586853,
        "stdev": 0.533264935017
    },
    "spectral_flux": {
        "max": 0.351932346821,
        "mean": 0.0529592297971,
        "min": 6.65346874817e-11,
        "stdev": 0.0538085401058
    },
    "spectral_kurtosis": {
        "max": 9.48782920837,
        "mean": 1.88854205608,
        "min": -1.31161034107,
        "stdev": 1.88922095299
    },
    "spectral_rms": {
        "max": 0.0124186584726,
        "mean": 0.00236102635972,
        "min": 3.19254540339e-12,
        "stdev": 0.00211422774009
    },
    "spectral_rolloff": {
        "max": 18497.0214844,
        "mean": 2509.87207031,
        "min": 215.33203125,
        "stdev": 2325.45751953
    },
    "spectral_skewness": {
        "max": 2.2902879715,
        "mean": 0.834203898907,
        "min": -0.242389395833,
        "stdev": 0.4314468503
    },
    "spectral_spread": {
        "max": 41522556,
        "mean": 4037935,
        "min": 2035688.375,
        "stdev": 3397753.5
    },
    "spectral_strongpeak": {
        "max": 9.48260498047,
        "mean": 0.724321126938,
        "min": 0,
        "stdev": 1.09095442295
    },
    "zerocrossingrate": {
        "max": 0.51904296875,
        "mean": 0.085269883275,
        "min": 0.01318359375,
        "stdev": 0.0610432103276
    },
    "barkbands": {
        "max": [0.000117207673611, 0.000243055284955, 0.000357881945092, 0.00243466161191, 0.044464442879, 0.101418934762, 0.0639954134822, 0.0730450078845, 0.128753691912, 0.12715728581, 0.0177848171443, 0.0188452657312, 0.0159091670066, 0.00602255854756, 0.00911979097873, 0.0047818091698, 0.0029575843364, 0.00129502313212, 0.00721541466191, 0.00084740674356, 0.00121107231826, 0.000538809224963, 0.000350427377271, 0.000160003095516, 1.23446461657e-05, 8.1921398305e-06, 8.51836557558e-06],
        "mean": [1.08340082079e-05, 4.66013407276e-05, 3.94495546061e-05, 0.000120523938676, 0.00188422761858, 0.00183207099326, 0.00132453104015, 0.00118643220048, 0.00125020567793, 0.000848061521538, 0.000351555063389, 0.000271413795417, 0.000144699108205, 0.000125694510643, 0.000164351338753, 0.000123710808111, 9.70034088823e-05, 0.000104864448076, 0.000115245922643, 8.91615418368e-05, 9.3772127002e-05, 3.77586511604e-05, 2.31416252063e-05, 9.65609615378e-06, 5.13355757903e-07, 1.53575392403e-08, 1.57946509205e-08],
        "min": [1.03090196917e-24, 1.95607827548e-23, 6.58335506527e-24, 7.96630632935e-24, 2.73353177869e-23, 5.78161837235e-23, 2.30501922176e-23, 5.81412827689e-23, 4.37376766043e-23, 2.64283770259e-23, 3.19316663383e-23, 4.93889499115e-23, 6.76325163926e-23, 6.9665991547e-23, 1.03886039242e-22, 8.60642640648e-23, 1.68196012341e-22, 1.65257107883e-22, 1.36609744017e-22, 1.23584552377e-22, 2.86437287952e-22, 4.37760297593e-22, 4.98776833211e-22, 8.04566633595e-22, 1.15282996729e-21, 1.14415396146e-21, 2.11639168042e-21],
        "stdev": [1.4810329958e-05, 3.96903342335e-05, 4.13496345573e-05, 0.000181121984497, 0.00472921738401, 0.00887417420745, 0.0056441933848, 0.00582356750965, 0.00770762981847, 0.00637360708788, 0.0015081956517, 0.00161539949477, 0.000811464327853, 0.000423609249992, 0.000544113805518, 0.000366097927326, 0.000282231863821, 0.000171621650225, 0.000413194327848, 0.000124522368424, 0.000156057591084, 6.20717546553e-05, 4.11643814004e-05, 1.65444034792e-05, 1.02227625121e-06, 3.48989431131e-07, 3.62881820593e-07]
    },
    "erbbands": {
        "max": [0.00725509412587, 0.062017288059, 0.310946255922, 3.4196460247, 39.5941772461, 167.212265015, 576.536499023, 1254.17407227, 906.407165527, 1935.69726562, 1043.20385742, 2983.43823242, 4118.9140625, 1294.88134766, 849.228027344, 804.101135254, 843.676025391, 231.093002319, 473.074737549, 216.386138916, 127.498054504, 190.850616455, 87.5768737793, 166.483505249, 306.01348877, 43.2630958557, 53.6479110718, 49.3860969543, 19.5599498749, 12.5385656357, 10.5567340851, 4.71826171875, 2.74922847748, 0.260220617056, 0.0616116002202, 0.0330666936934, 0.0151075096801, 0.00532555021346, 0.00121576548554, 0.000182545336429],
        "mean": [0.00141765689477, 0.0104309078306, 0.0450375452638, 0.224849581718, 1.70960569382, 7.25374412537, 13.7189054489, 16.0673522949, 16.3198108673, 27.2894363403, 20.648349762, 29.7551708221, 33.9598808289, 16.4841651917, 15.9904193878, 8.9290971756, 6.98178291321, 6.39283847809, 7.75328588486, 8.93191146851, 5.13526296616, 5.89549207687, 5.71572828293, 6.18429803848, 4.69507646561, 4.31326246262, 3.98201084137, 3.57390975952, 1.55056250095, 0.859129607677, 0.625436425209, 0.299817532301, 0.114709705114, 0.0152756134048, 0.000578043283895, 9.81375997071e-05, 3.70289380953e-05, 1.23838372019e-05, 8.03882721812e-06, 1.24436692204e-05],
        "min": [8.80335448742e-22, 3.42868464167e-21, 8.65878609612e-21, 2.87682334118e-20, 4.97646978407e-20, 7.44216982053e-20, 1.69062456467e-19, 4.04270384767e-19, 2.45652737895e-19, 4.28853494638e-19, 1.41912501757e-18, 9.46741298291e-19, 1.03131193393e-18, 1.91706448187e-18, 1.22612123999e-18, 2.30332639507e-18, 3.7109332328e-18, 3.43230778322e-18, 5.04471564843e-18, 6.45688293967e-18, 6.96971051763e-18, 8.52362471941e-18, 8.68123736769e-18, 8.23444651316e-18, 1.13821458494e-17, 7.42212289159e-18, 9.8685401589e-18, 1.21292562059e-17, 1.7099987166e-17, 1.53375961528e-17, 1.31046096816e-17, 1.38701206707e-17, 1.38621234886e-17, 1.05960355815e-17, 7.79411014896e-18, 3.91796330523e-18, 2.15966270026e-18, 1.26597655966e-18, 2.73483617345e-19, 3.08489997803e-20],
        "stdev": [0.0011102136923, 0.0102242259309, 0.044140111655, 0.282240450382, 3.74671149254, 18.0300312042, 55.4071235657, 95.8327484131, 67.6832733154, 129.707763672, 85.4692382812, 185.742202759, 211.954711914, 86.6957015991, 69.4427185059, 50.976348877, 42.8042297363, 20.7123603821, 25.708864212, 23.7430534363, 11.2764987946, 17.4829311371, 10.1863269806, 13.2564182281, 16.8450374603, 5.83594989777, 6.45740795135, 6.57671499252, 2.40452265739, 1.57112288475, 1.09959208965, 0.470895469189, 0.246159225702, 0.0281187649816, 0.00271729938686, 0.00140811433084, 0.000643323059194, 0.000226785341511, 5.26133153471e-05, 2.44767925324e-05]
    },
    "gfcc": {
        "mean": [-131.715255737, 112.205474854, -169.878799438, 62.651348114, -90.6539077759, -2.46039962769, -30.8247623444, -14.6790723801, -2.70621037483, -22.4778404236, 3.75430583954, -20.6710777283, 6.50037527084],
        "cov": [[18421.9804688, 2494.24487305, -2410.9296875, 444.849487305, -1258.79602051, -643.699401855, -274.039306641, -326.194061279, 82.3293762207, -454.458099365, 81.1835174561, -348.347320557, 240.244934082], [2494.24487305, 704.023620605, -229.309432983, -79.9163742065, -179.066879272, -296.520172119, -17.7575092316, -52.7021331787, -13.3780298233, -94.9912261963, 40.5411109924, -100.404708862, 74.4537963867], [-2410.9296875, -229.309432983, 1031.59350586, 220.428390503, -82.8348846436, -223.546188354, -105.940841675, 49.5015144348, -33.0788536072, 45.4301719666, -27.6246433258, 1.20753264427, -35.8369522095], [444.849487305, -79.9163742065, 220.428390503, 709.235168457, -35.5770187378, -20.7898445129, -237.207168579, 10.5944023132, -7.26689529419, -18.6744174957, -19.010137558, -26.6450691223, -75.7955093384], [-1258.79602051, -179.066879272, -82.8348846436, -35.5770187378, 314.827880859, 160.223922729, 9.28622913361, 18.6564826965, 24.4628753662, 29.7439956665, -21.6009616852, 27.5403881073, -36.1833190918], [-643.699401855, -296.520172119, -223.546188354, -20.7898445129, 160.223922729, 690.862304688, 84.87865448, -11.0796031952, -66.1676101685, 7.87377977371, 13.9731044769, 44.9504814148, -74.705039978], [-274.039306641, -17.7575092316, -105.940841675, -237.207168579, 9.28622913361, 84.87865448, 229.688827515, 11.9748868942, -62.102722168, 14.1527862549, 27.2347221375, 21.7298202515, 24.5224323273], [-326.194061279, -52.7021331787, 49.5015144348, 10.5944023132, 18.6564826965, -11.0796031952, 11.9748868942, 63.1539878845, 19.2231578827, 5.01858901978, -14.270652771, 3.08752965927, -3.25745081902], [82.3293762207, -13.3780298233, -33.0788536072, -7.26689529419, 24.4628753662, -66.1676101685, -62.102722168, 19.2231578827, 116.273704529, 19.2163181305, -38.6510429382, -5.20075893402, -6.00328159332], [-454.458099365, -94.9912261963, 45.4301719666, -18.6744174957, 29.7439956665, 7.87377977371, 14.1527862549, 5.01858901978, 19.2163181305, 72.9321060181, 12.0665855408, 11.5510549545, -8.06676578522], [81.1835174561, 40.5411109924, -27.6246433258, -19.010137558, -21.6009616852, 13.9731044769, 27.2347221375, -14.270652771, -38.6510429382, 12.0665855408, 89.9592514038, 33.3908805847, 12.7965011597], [-348.347320557, -100.404708862, 1.20753264427, -26.6450691223, 27.5403881073, 44.9504814148, 21.7298202515, 3.08752965927, -5.20075893402, 11.5510549545, 33.3908805847, 68.4195404053, 17.7851238251], [240.244934082, 74.4537963867, -35.8369522095, -75.7955093384, -36.1833190918, -74.705039978, 24.5224323273, -3.25745081902, -6.00328159332, -8.06676578522, 12.7965011597, 17.7851238251, 65.4906921387]],
        "icov": [[0.000459146103822, -0.00109504081775, 0.00107728282455, -0.000632727227639, 0.00158591195941, -6.99814481777e-05, 9.02190513443e-05, 0.000549463264178, -0.000356939883204, -5.66342714592e-06, 0.000785223091953, -0.000640580547042, 0.000194841690245], [-0.00109504081775, 0.00848801527172, -0.00188821554184, 0.00168026110623, -0.00359647977166, 0.00147381843999, -0.000499559741002, 0.000906709989067, -0.00136804184876, 0.00636555626988, -0.00931295566261, 0.0130557874218, -0.00586212100461], [0.00107728282455, -0.00188821554184, 0.00426830211654, -0.00129852537066, 0.00433723255992, 0.000780723581556, 0.00151020300109, -0.000158971204655, 0.00162824057043, -0.00123288843315, 0.00273059122264, -0.00205750018358, 0.00176363438368], [-0.000632727227639, 0.00168026110623, -0.00129852537066, 0.00383466226049, -0.00158237898722, 0.000313892320264, 0.00354224164039, -0.00264742970467, 0.00334609486163, -0.000384367420338, -0.000620950071607, 0.000157700123964, 0.00250197784044], [0.00158591195941, -0.00359647977166, 0.00433723255992, -0.00158237898722, 0.0100176725537, -0.000631291070022, 0.00132394419052, 0.000485543074319, -0.000415061804233, -0.00175966892857, 0.00476431800053, -0.00487179728225, 0.00329329026863], [-6.99814481777e-05, 0.00147381843999, 0.000780723581556, 0.000313892320264, -0.000631291070022, 0.00297705619596, -0.000123130608699, 0.000333060568664, 0.00203279452398, 0.000920288381167, -0.000356038071914, -0.000355975236744, 0.00294743059203], [9.02190513443e-05, -0.000499559741002, 0.00151020300109, 0.00354224164039, 0.00132394419052, -0.000123130608699, 0.0115613676608, -0.0058560105972, 0.00889474432915, -0.00459210714325, 0.002585304901, -0.00303328712471, 0.00170196639374], [0.000549463264178, 0.000906709989067, -0.000158971204655, -0.00264742970467, 0.000485543074319, 0.000333060568664, -0.0058560105972, 0.0226098652929, -0.00850914884359, 0.00493001425639, -0.00124943931587, 0.00346181285568, -0.00310065341182], [-0.000356939883204, -0.00136804184876, 0.00162824057043, 0.00334609486163, -0.000415061804233, 0.00203279452398, 0.00889474432915, -0.00850914884359, 0.0222522933036, -0.0107092540711, 0.0114097613841, -0.0100998394191, 0.00719799147919], [-5.66342714592e-06, 0.00636555626988, -0.00123288843315, -0.000384367420338, -0.00175966892857, 0.000920288381167, -0.00459210714325, 0.00493001425639, -0.0107092540711, 0.0262918751687, -0.0141363646835, 0.0134512074292, -0.0049271536991], [0.000785223091953, -0.00931295566261, 0.00273059122264, -0.000620950071607, 0.00476431800053, -0.000356038071914, 0.002585304901, -0.00124943931587, 0.0114097613841, -0.0141363646835, 0.0308442153037, -0.0268718153238, 0.0102538950741], [-0.000640580547042, 0.0130557874218, -0.00205750018358, 0.000157700123964, -0.00487179728225, -0.000355975236744, -0.00303328712471, 0.00346181285568, -0.0100998394191, 0.0134512074292, -0.0268718153238, 0.0495926551521, -0.0227119252086], [0.000194841690245, -0.00586212100461, 0.00176363438368, 0.00250197784044, 0.00329329026863, 0.00294743059203, 0.00170196639374, -0.00310065341182, 0.00719799147919, -0.0049271536991, 0.0102538950741, -0.0227119252086, 0.0336870588362]]
    },
    "melbands": {
        "max": [6.46642365609e-05, 0.000130270957015, 0.00157426192891, 0.00591279892251, 0.0176945626736, 0.0243661217391, 0.0141971511766, 0.0190193466842, 0.00680294865742, 0.0209709182382, 0.0214838329703, 0.00623080087826, 0.00281661888584, 0.00207417807542, 0.00316126621328, 0.00146660464816, 0.000525892537553, 0.000721993099432, 0.000716619426385, 0.000459238013718, 0.000167064630659, 0.000174607164809, 0.00013610428141, 7.75516527938e-05, 0.000106314459117, 0.000437755283201, 2.91471624223e-05, 3.58571523975e-05, 4.16276488977e-05, 2.34792387346e-05, 3.14759054163e-05, 1.24649513964e-05, 8.77148431755e-06, 7.90704234532e-06, 6.62379898131e-06, 4.37506650997e-06, 2.47506432061e-06, 2.35980974139e-06, 7.60556019941e-07, 8.64823590518e-08],
        "mean": [1.28176279759e-05, 2.0462921384e-05, 7.29394014343e-05, 0.000312398798997, 0.000469688122394, 0.000344299362041, 0.000260284839896, 0.000306146830553, 0.000146816542838, 0.000199008689378, 0.000169607505086, 6.82568643242e-05, 5.18263586855e-05, 3.46434790117e-05, 1.71328392753e-05, 1.38047116707e-05, 1.17295094242e-05, 1.17903427963e-05, 1.37231381814e-05, 1.03886604848e-05, 4.90610364068e-06, 5.80911500947e-06, 5.38779386261e-06, 5.16618547408e-06, 4.95729818795e-06, 4.56840780316e-06, 2.10630742004e-06, 3.09982783619e-06, 2.67139171228e-06, 2.14046326619e-06, 2.02277237804e-06, 9.08887443529e-07, 5.38595884336e-07, 4.51811047242e-07, 3.83108869073e-07, 2.62721641775e-07, 1.51162893758e-07, 9.13963020821e-08, 3.58782692444e-08, 4.05135169856e-09],
        "min": [8.03720993637e-24, 4.87363710386e-24, 4.71614141856e-24, 5.24315217364e-24, 5.44505954461e-24, 9.94689940409e-24, 4.58662899615e-24, 5.84235001243e-24, 1.13667717251e-23, 5.68353219626e-24, 4.91406188652e-24, 7.61023187167e-24, 3.85382296914e-24, 4.64305345569e-24, 8.07004784927e-24, 7.61481120923e-24, 6.18228871472e-24, 7.91534512601e-24, 6.33257263362e-24, 7.72397851446e-24, 7.72472872118e-24, 7.31548661621e-24, 6.17891357334e-24, 9.26786134751e-24, 5.95196539065e-24, 5.78548300192e-24, 5.75392935458e-24, 3.74216089129e-24, 4.36409606796e-24, 8.35316292841e-24, 6.19684122627e-24, 8.99588182891e-24, 8.16805435041e-24, 9.36254674424e-24, 7.01406917521e-24, 5.91618502658e-24, 9.14739913184e-24, 8.13022215912e-24, 9.14196940223e-24, 9.22036718785e-24],
        "stdev": [9.93917001324e-06, 1.9339415303e-05, 0.000124843179947, 0.000701485318132, 0.00167371961288, 0.00191234110389, 0.0010635741055, 0.00143912550993, 0.000579196901526, 0.00133474334143, 0.00109622138552, 0.00040063430788, 0.00021593143174, 0.000194842708879, 0.000143215729622, 7.48396560084e-05, 4.04842285207e-05, 3.99569580622e-05, 4.69333353976e-05, 3.34300966642e-05, 1.14353970275e-05, 1.66316094692e-05, 1.39226240208e-05, 8.75013938639e-06, 1.03803649836e-05, 2.34397757595e-05, 3.22531491292e-06, 4.46552166977e-06, 4.67642030344e-06, 3.22086657434e-06, 4.11072005591e-06, 1.51692097461e-06, 1.0257856502e-06, 8.68171355251e-07, 6.74047669236e-07, 4.59862576463e-07, 2.36972425682e-07, 2.06245729828e-07, 7.7308882851e-08, 6.48815001725e-09]
    },
    "melbands128": {
        "max": [4.06660401495e-05, 6.67094209348e-05, 8.12109792605e-05, 0.000109899410745, 0.000142651115311, 0.00019412333495, 0.000229450059123, 0.00177515821997, 0.0043555800803, 0.00801824405789, 0.0130756907165, 0.0207172483206, 0.0284000784159, 0.0392805598676, 0.0394861251116, 0.033265247941, 0.0115372678265, 0.025731716305, 0.0150368846953, 0.0374939776957, 0.0283551476896, 0.0202824901789, 0.00616669701412, 0.00560522405431, 0.0164496283978, 0.0455271564424, 0.0164296403527, 0.0346171557903, 0.0285800285637, 0.0123893888667, 0.00568521907553, 0.00408369163051, 0.00534636434168, 0.00644584652036, 0.00515568768606, 0.00389711209573, 0.00279852258973, 0.00605626869947, 0.0019785228651, 0.00353632168844, 0.00105991971213, 0.000958403630648, 0.000431301537901, 0.00150144461077, 0.000502371636685, 0.000253136939136, 0.00158560881391, 0.00133501319215, 0.000393022404751, 0.000768724072259, 0.000825970666483, 0.000127142062411, 0.000399048731197, 0.00010249872139, 0.000130898086354, 0.000209089921555, 0.000612898787949, 0.000173834356247, 0.000177280962816, 0.00014989511692, 0.0001283394231, 8.65912588779e-05, 0.000176833345904, 0.000105951774458, 0.000264148315182, 0.00105737615377, 5.95368583163e-05, 6.16625184193e-05, 6.38849887764e-05, 5.23866256117e-05, 5.29790086148e-05, 6.52372764307e-05, 6.07006622886e-05, 5.08596858708e-05, 6.99003576301e-05, 2.25736730499e-05, 2.91481501336e-05, 7.31201726012e-05, 5.4292864661e-05, 3.02143726003e-05, 1.46005122588e-05, 1.41502623592e-05, 1.23439513118e-05, 1.32903896883e-05, 9.16099634196e-06, 8.59954161569e-06, 8.52460289025e-06, 1.2424939996e-05, 7.33606884751e-06, 8.43042016641e-06, 8.84585369931e-06, 5.9722133301e-06, 4.09855829275e-06, 3.64640982298e-06, 2.91482774628e-06, 2.55704185292e-06, 3.56110467692e-06, 1.80494191682e-06, 1.03015167952e-06, 4.47429016504e-07, 8.79093704498e-08, 8.31033375448e-08, 7.7493304218e-08, 7.31725364744e-08, 6.93008814778e-08, 6.57645031765e-08, 6.25236467044e-08, 5.95688831595e-08, 5.68135227752e-08, 5.43046603241e-08, 5.19966611989e-08, 4.98231820245e-08, 4.7827388272e-08, 4.59478428638e-08, 4.42993375316e-08, 4.2742929196e-08, 4.13246326048e-08, 4.00272135437e-08, 3.88460925649e-08, 3.77581663713e-08, 3.68004080542e-08, 3.59466625355e-08, 3.52285773886e-08, 3.45721282713e-08, 3.40366348439e-08, 3.35961836129e-08, 3.32927641011e-08, 3.31215659344e-08],
        "mean": [5.88111379329e-06, 1.21603025036e-05, 1.35595046231e-05, 1.80783026735e-05, 2.17787492147e-05, 1.85256540135e-05, 3.03038723359e-05, 7.47921076254e-05, 0.000143735800521, 0.00030449058977, 0.000419906893512, 0.000514164217748, 0.000516410334967, 0.000361355458153, 0.000408641935792, 0.000312302378006, 0.000179289767402, 0.000300011277432, 0.000276758975815, 0.000330105161993, 0.000320623628795, 0.000231614598306, 9.74890208454e-05, 9.34388808673e-05, 0.00017236811982, 0.000291696138447, 0.000159424336744, 0.000186198478332, 0.000146868202137, 6.35712422081e-05, 5.24966926605e-05, 4.31039734394e-05, 5.2198945923e-05, 5.86267306062e-05, 4.79480950162e-05, 2.55005070358e-05, 1.50635232785e-05, 2.00340255105e-05, 1.40280235428e-05, 1.66584995895e-05, 1.31555370899e-05, 1.16791297842e-05, 1.00705447039e-05, 1.37671786433e-05, 1.16480014185e-05, 9.57655083766e-06, 1.33655858008e-05, 1.75943678187e-05, 1.04519094748e-05, 1.26563727463e-05, 1.23279969557e-05, 5.5814452935e-06, 5.66740300201e-06, 4.09918038713e-06, 4.20712285631e-06, 5.08072616867e-06, 9.24240976019e-06, 4.76254444948e-06, 4.34033063357e-06, 5.38489075552e-06, 5.32215972271e-06, 4.65128869109e-06, 5.87900467508e-06, 4.29276542491e-06, 4.5031965783e-06, 6.86216480972e-06, 2.68900498668e-06, 2.00781346393e-06, 1.84019881999e-06, 2.33782179748e-06, 3.10031919071e-06, 3.60974195246e-06, 3.28258124682e-06, 2.32205843531e-06, 2.27454233936e-06, 1.76574690158e-06, 2.41345196628e-06, 2.38750658355e-06, 2.22921835302e-06, 1.31530214276e-06, 9.18445550724e-07, 8.35126456877e-07, 6.11700386344e-07, 5.09632627654e-07, 4.54129775562e-07, 4.74406306239e-07, 4.41157112618e-07, 4.29442280847e-07, 3.82811492727e-07, 3.56344088459e-07, 3.06017057028e-07, 2.32738202044e-07, 1.95982067908e-07, 1.59080400408e-07, 1.16168166642e-07, 1.03607064261e-07, 9.29204517774e-08, 6.40796145035e-08, 3.81234492863e-08, 2.19021334402e-08, 7.41435313145e-09, 4.08924838435e-10, 1.75490441623e-10, 1.39276604139e-10, 1.31198635289e-10, 1.24183593964e-10, 1.18101292634e-10, 1.12200033986e-10, 1.07101577607e-10, 1.0211338719e-10, 9.74903768824e-11, 9.32770666262e-11, 8.93674995117e-11, 8.58711504681e-11, 8.27929738656e-11, 7.97610102965e-11, 7.68899874326e-11, 7.41770811441e-11, 7.19834469809e-11, 6.99736935061e-11, 6.82018261311e-11, 6.66233665458e-11, 6.52926532285e-11, 6.40762234938e-11, 6.30858698614e-11, 6.22723400623e-11, 6.17132872582e-11, 6.13948683559e-11],
        "min": [5.92993595684e-25, 8.9019466389e-24, 6.479751596e-24, 4.7149774543e-24, 1.66338816044e-24, 3.47739353352e-24, 7.29304194573e-24, 1.73757757035e-24, 2.53363308424e-24, 6.96035169187e-24, 1.57681008445e-24, 4.47804268698e-24, 4.04531540401e-24, 6.42334015267e-24, 7.15017213605e-24, 5.4839511761e-24, 2.62792345888e-24, 1.58735656311e-24, 4.36013204191e-24, 4.10143141893e-24, 2.80576051426e-24, 1.16948495093e-23, 9.23535633391e-24, 4.23422826371e-24, 4.92344538698e-24, 1.46141728617e-24, 7.63039594527e-24, 2.00272220085e-24, 1.18191361226e-24, 3.78064073739e-24, 6.40049710744e-24, 5.86569043446e-24, 2.81891121998e-24, 3.13918381712e-24, 3.32485938889e-24, 5.17465774782e-24, 4.63783001321e-24, 1.01274870202e-24, 4.54232577886e-24, 4.95258788097e-24, 4.94023471363e-24, 6.75460809032e-24, 4.62832857804e-24, 4.57067783422e-24, 2.7907480968e-24, 1.11409729128e-23, 3.80526069181e-24, 2.15487749504e-24, 3.06728762586e-24, 4.46694459734e-24, 5.79736798032e-24, 7.26463190909e-24, 1.84243730061e-24, 6.11649258763e-24, 6.08012412775e-24, 3.38162503077e-24, 2.90946121063e-24, 3.45098207599e-24, 3.58077454401e-24, 2.57344807742e-24, 9.65526778262e-24, 7.65113509847e-24, 4.74092940036e-24, 6.29485088286e-24, 4.81228108037e-24, 3.50912467457e-24, 7.36669946618e-24, 4.3007742031e-24, 6.55587312348e-24, 5.03981657e-24, 4.61666093082e-24, 2.05347080618e-24, 2.56103101234e-24, 3.02730973291e-24, 3.89975045104e-24, 8.45651396218e-24, 7.66369770838e-24, 6.32048334025e-24, 4.71510722191e-24, 6.19557668224e-24, 6.12867536102e-24, 5.14393200999e-24, 9.09111075081e-24, 9.17940795193e-24, 4.16714708221e-24, 7.69881385158e-24, 1.05516180859e-23, 7.08603143357e-24, 7.17926927054e-24, 5.34891238862e-24, 6.2371102089e-24, 6.32167530908e-24, 3.27451093326e-24, 4.98516507535e-24, 8.00520427172e-24, 7.64385864548e-24, 5.92009422679e-24, 9.46453620409e-24, 7.07373545864e-24, 5.77689861755e-24, 5.43707548339e-24, 1.01766362101e-23, 8.23113876814e-24, 5.91842894142e-24, 9.48439262194e-24, 7.62621813792e-24, 5.37035007815e-24, 6.35485755976e-24, 5.97520720507e-24, 6.9669513022e-24, 6.59626477398e-24, 3.99602579693e-24, 6.40757792292e-24, 7.33359491829e-24, 8.01317965548e-24, 7.96711333405e-24, 8.49695254991e-24, 8.22032427399e-24, 5.85446415492e-24, 6.16130462021e-24, 9.33590138944e-24, 9.63012678557e-24, 7.75434887045e-24, 7.22664273448e-24, 7.4718514694e-24, 6.99958884444e-24, 7.61888883125e-24, 8.06708725429e-24],
        "stdev": [6.89353782946e-06, 1.02744043033e-05, 1.26897548398e-05, 1.93436335394e-05, 2.33574810409e-05, 2.04560074053e-05, 3.63846811524e-05, 0.000125312712044, 0.000368340988643, 0.000862981716637, 0.00121415243484, 0.00190549402032, 0.0025019007735, 0.00213253754191, 0.00294856191613, 0.00222779018804, 0.000800263194833, 0.00174127717037, 0.00130395684391, 0.00212525459938, 0.00195376132615, 0.00140147854108, 0.000439446914243, 0.000463386997581, 0.00100253080018, 0.00272377370857, 0.000887839822099, 0.00165447406471, 0.00140368717257, 0.000557490217034, 0.000353329873178, 0.00024092507374, 0.000294220459182, 0.000371771951905, 0.000349952402757, 0.000235551211517, 0.000128488492919, 0.000258776388364, 9.70052788034e-05, 0.000156955196871, 6.67673812131e-05, 5.63380490348e-05, 3.52743809344e-05, 8.16422543721e-05, 4.11493892898e-05, 2.48673968599e-05, 7.49616810936e-05, 8.42332519824e-05, 3.31121300405e-05, 4.63556862087e-05, 5.6066102843e-05, 1.37387187351e-05, 2.25014118769e-05, 9.22432991501e-06, 1.00696825029e-05, 1.44277046275e-05, 4.89011654281e-05, 1.46543234223e-05, 1.19850128613e-05, 1.29200525407e-05, 1.11404397103e-05, 1.01653622551e-05, 1.58383008966e-05, 9.05664546735e-06, 1.63294298545e-05, 5.4717365856e-05, 5.08701350554e-06, 4.76611739941e-06, 4.19907109972e-06, 3.86336250813e-06, 5.24130882695e-06, 6.54891982776e-06, 7.09809364707e-06, 4.76438844998e-06, 5.41244980923e-06, 2.99084422295e-06, 3.09303686663e-06, 6.67609265292e-06, 5.56355644221e-06, 2.70500481747e-06, 1.67422240338e-06, 1.62852609265e-06, 1.15554098556e-06, 1.15937837109e-06, 9.52025970946e-07, 1.01780017303e-06, 8.8263067255e-07, 8.77432967172e-07, 6.86313683218e-07, 7.47722026517e-07, 6.61597596263e-07, 4.08028967058e-07, 3.15754476787e-07, 2.79626561905e-07, 2.07567268262e-07, 2.1550468432e-07, 2.64693795771e-07, 1.58472005296e-07, 8.56049808817e-08, 4.20292209924e-08, 9.72124691856e-09, 3.68111208182e-09, 3.30504001944e-09, 3.11755710136e-09, 2.95240831782e-09, 2.80170064926e-09, 2.66365285384e-09, 2.53771381686e-09, 2.42034348119e-09, 2.31344388091e-09, 2.21509321996e-09, 2.12249084974e-09, 2.03745287308e-09, 1.95738270037e-09, 1.88715709726e-09, 1.82085213574e-09, 1.76042658229e-09, 1.70515823683e-09, 1.65484259629e-09, 1.60849678021e-09, 1.56769619508e-09, 1.53132651004e-09, 1.50073620198e-09, 1.47277134932e-09, 1.44995926377e-09, 1.43119605056e-09, 1.41827016797e-09, 1.41097722395e-09]
    },
    "mfcc": {
        "mean": [-729.78515625, 100.069213867, -14.9334163666, 35.9079742432, -21.0042381287, 1.78572738171, -16.8151092529, -0.146939262748, -10.119890213, 5.11517238617, -11.5425453186, -0.42762902379, -12.2198915482],
        "cov": [[6182.06103516, 1400.66223145, -671.622070312, 168.46963501, -430.956756592, -137.322463989, -250.013656616, -75.1686096191, 18.058795929, 27.9921588898, -135.307556152, 32.5065689087, -231.229782104], [1400.66223145, 805.251220703, -191.457702637, -40.6156082153, -252.731445312, -223.355255127, -39.7219963074, -103.789871216, 4.29857778549, -1.39445531368, -63.3905410767, -37.0192108154, -99.6198806763], [-671.622070312, -191.457702637, 879.487426758, 353.873138428, 24.6344146729, -138.760574341, -79.9449615479, -83.1969299316, -76.3791656494, -18.9793434143, -5.5029630661, -34.9903373718, 9.88365077972], [168.46963501, -40.6156082153, 353.873138428, 649.882995605, 85.1774215698, -246.241409302, -162.832397461, -132.057189941, -37.6797637939, -43.5152282715, -21.4926757812, 37.7169799805, -26.1326522827], [-430.956756592, -252.731445312, 24.6344146729, 85.1774215698, 323.680541992, 97.3062515259, -69.2215042114, 33.3474769592, 0.979553878307, -4.90765619278, 44.4150619507, 12.7865943909, 34.158821106], [-137.322463989, -223.355255127, -138.760574341, -246.241409302, 97.3062515259, 315.406097412, 132.068313599, 109.284988403, -4.64079809189, 23.979347229, 36.6409988403, -8.49369716644, 43.5665168762], [-250.013656616, -39.7219963074, -79.9449615479, -162.832397461, -69.2215042114, 132.068313599, 241.829498291, 66.3526763916, -30.6066074371, 2.15645384789, -1.87754905224, -23.2887516022, 28.5181884766], [-75.1686096191, -103.789871216, -83.1969299316, -132.057189941, 33.3474769592, 109.284988403, 66.3526763916, 123.476448059, 8.93279838562, 11.8142204285, 4.48564291, -10.408946991, 23.582698822], [18.058795929, 4.29857778549, -76.3791656494, -37.6797637939, 0.979553878307, -4.64079809189, -30.6066074371, 8.93279838562, 96.2255706787, 21.7526931763, 5.9984960556, -5.28394174576, -18.2158966064], [27.9921588898, -1.39445531368, -18.9793434143, -43.5152282715, -4.90765619278, 23.979347229, 2.15645384789, 11.8142204285, 21.7526931763, 58.4263267517, 13.0864982605, -6.60263490677, 2.46780967712], [-135.307556152, -63.3905410767, -5.5029630661, -21.4926757812, 44.4150619507, 36.6409988403, -1.87754905224, 4.48564291, 5.9984960556, 13.0864982605, 59.157951355, 10.9180717468, 6.4192199707], [32.5065689087, -37.0192108154, -34.9903373718, 37.7169799805, 12.7865943909, -8.49369716644, -23.2887516022, -10.408946991, -5.28394174576, -6.60263490677, 10.9180717468, 63.6724853516, 17.1794109344], [-231.229782104, -99.6198806763, 9.88365077972, -26.1326522827, 34.158821106, 43.5665168762, 28.5181884766, 23.582698822, -18.2158966064, 2.46780967712, 6.4192199707, 17.1794109344, 75.6032028198]],
        "icov": [[0.000622514460701, -0.00133639387786, 0.000303684413666, -0.00112239888404, 0.0010083632078, -0.00201649661176, 0.00139832054265, -0.0011157997651, 0.000265775161097, -0.000234111474128, 0.000318834470818, -0.000575067359023, 0.000417636794737], [-0.00133639387786, 0.00571498926729, 0.000288677838398, 0.00301578035578, -0.00120474875439, 0.00609613070264, -0.00277054612525, 0.00385330291465, 0.000831345561892, -0.00025979152997, 0.000299587991321, 0.00280530517921, 0.000868258590344], [0.000303684413666, 0.000288677838398, 0.00224344059825, -0.00138567190152, 0.00118846306577, -0.000452799868071, 0.00123217632063, 8.11565769254e-05, 0.00172441930044, -0.00048642497859, -0.00035781916813, 0.0024743208196, -0.000329706293996], [-0.00112239888404, 0.00301578035578, -0.00138567190152, 0.0059064454399, -0.00372087489814, 0.00639385078102, -0.00291293067858, 0.0037721209228, 0.000298252125503, 0.000435835041571, 0.00112346850801, -0.00114961550571, 0.000906034663785], [0.0010083632078, -0.00120474875439, 0.00118846306577, -0.00372087489814, 0.00824798177928, -0.00622284878045, 0.00572311412543, -0.0030575261917, 0.00078819115879, 0.00132559030317, -0.0027078082785, 0.00177136866841, -0.00131661549676], [-0.00201649661176, 0.00609613070264, -0.000452799868071, 0.00639385078102, -0.00622284878045, 0.0162056460977, -0.00791167933494, 0.0023139975965, 0.00084706855705, -0.00136914162431, -0.00167107873131, 0.00168099533767, -0.000121148274047], [0.00139832054265, -0.00277054612525, 0.00123217632063, -0.00291293067858, 0.00572311412543, -0.00791167933494, 0.0114366672933, -0.00432316912338, 0.00297301984392, 0.000891999865416, -0.000158908384037, 0.00206765672192, -0.00130320887547], [-0.0011157997651, 0.00385330291465, 8.11565769254e-05, 0.0037721209228, -0.0030575261917, 0.0023139975965, -0.00432316912338, 0.0164224952459, -0.00135320820846, -0.000596594472881, 0.00241583096795, 0.00247898162343, -0.00156090082601], [0.000265775161097, 0.000831345561892, 0.00172441930044, 0.000298252125503, 0.00078819115879, 0.00084706855705, 0.00297301984392, -0.00135320820846, 0.0147814946249, -0.00483461422846, -0.000293169840006, 0.00174659630284, 0.003589654807], [-0.000234111474128, -0.00025979152997, -0.00048642497859, 0.000435835041571, 0.00132559030317, -0.00136914162431, 0.000891999865416, -0.000596594472881, -0.00483461422846, 0.0215520896018, -0.00524568697438, 0.00272402842529, -0.00284637184814], [0.000318834470818, 0.000299587991321, -0.00035781916813, 0.00112346850801, -0.0027078082785, -0.00167107873131, -0.000158908384037, 0.00241583096795, -0.000293169840006, -0.00524568697438, 0.023114008829, -0.00544605450705, 0.00267335795797], [-0.000575067359023, 0.00280530517921, 0.0024743208196, -0.00114961550571, 0.00177136866841, 0.00168099533767, 0.00206765672192, 0.00247898162343, 0.00174659630284, 0.00272402842529, -0.00544605450705, 0.0238797701895, -0.00673733046278], [0.000417636794737, 0.000868258590344, -0.000329706293996, 0.000906034663785, -0.00131661549676, -0.000121148274047, -0.00130320887547, -0.00156090082601, 0.003589654807, -0.00284637184814, 0.00267335795797, -0.00673733046278, 0.019909536466]]
    },
    "spectral_contrast_coeffs": {
        "max": [-0.359631896019, -0.387588441372, -0.449456483126, -0.629111886024, -0.57087469101, -0.51335310936],
        "mean": [-0.695451974869, -0.7704398036, -0.801465570927, -0.827363371849, -0.809781730175, -0.68746471405],
        "min": [-0.973449885845, -0.96704685688, -0.974188685417, -0.963339924812, -0.966493487358, -0.962419271469],
        "stdev": [0.108102358878, 0.115170791745, 0.0882408693433, 0.0527796410024, 0.0451611280441, 0.0519403889775]
    },
    "spectral_contrast_valleys": {
        "max": [-6.72307682037, -5.62246370316, -5.66225910187, -6.26457023621, -6.70261287689, -8.71017456055],
        "mean": [-8.23166656494, -7.64633083344, -8.33199310303, -8.42283344269, -8.10384464264, -11.7488632202],
        "min": [-27.5784378052, -27.4882526398, -27.4908866882, -27.3715496063, -27.4212989807, -27.2838096619],
        "stdev": [1.96012914181, 2.00182080269, 1.97352993488, 1.95167016983, 1.88650608063, 1.53003680706]
    }
},
"rhythm": {
    "beats_count": 21,
    "beats_loudness": {
        "max": 0.103518910706,
        "mean": 0.0185448750854,
        "min": 0.000282652967144,
        "stdev": 0.0273908358067
    },
    "bpm": 101.741127014,
    "bpm_histogram_first_peak_bpm": 101,
    "bpm_histogram_first_peak_weight": 0.588235318661,
    "bpm_histogram_second_peak_bpm": 108,
    "bpm_histogram_second_peak_spread": 0,
    "bpm_histogram_second_peak_weight": 0.10000000149,
    "danceability": 1.30969274044,
    "onset_rate": 2.42958807945,
    "beats_loudness_band_ratio": {
        "max": [0.377452582121, 0.839457273483, 0.732880711555, 0.760361194611, 0.384669572115, 0.202891588211],
        "mean": [0.109013862908, 0.272679746151, 0.276672005653, 0.19494831562, 0.120449192822, 0.082375921309],
        "min": [0.00222890800796, 0.0259474162012, 0.0409183874726, 0.000516154046636, 0.00236196047626, 0.00550766568631],
        "stdev": [0.128664836287, 0.228704720736, 0.249311387539, 0.190886721015, 0.120247013867, 0.071284070611]
    },
    "beats_position": [0.580498874187, 1.17260766029, 1.764716506, 2.35682535172, 2.97215414047, 3.58748292923, 4.17959165573, 4.76009082794, 5.34058952332, 5.92108821869, 6.48997735977, 7.05886602402, 7.61614513397, 8.17342376709, 8.74231243134, 9.36925125122, 9.97297000885, 10.5766887665, 11.1687984467, 11.7609071732, 12.3530158997],
