{
"metadata": {
    "version": {
        "essentia": "2.1-beta5",
        "essentia_git_sha": "Undefined",
        "extractor": "music 2.0"
    },
    "audio_properties": {
        "analysis": {
            "equal_loudness": 0,
            "length": 48.7502937317,
            "sample_rate": 44100,
            "start_time": 12.7477550507,
            "downmix": "mix"
        },
        "bit_rate": 192000,
        "length": 140.445892334,
        "lossless": 0,
        "number_channels": 2,
        "replay_gain": -4.51237487793,
        "sample_rate": 48000,
        "codec": "mp3",
        "md5_encoded": "67e931063bc62d4c52f390f9617ef7bf"
    },
    "tags": {
        "file_name": "United KingdomUK_Sing Little Birdie_Pearl Carr _ Teddy Johnson.mp3",
        "encoding": ["Lavf58.29.100"]
    }
},
"lowlevel": {
    "average_loudness": 0.840702593327,
    "barkbands_crest": {
        "max": 25.8635845184,
        "mean": 12.0925168991,
        "min": 3.51103949547,
        "stdev": 4.59226512909
    },
    "barkbands_flatness_db": {
        "max": 0.414492070675,
        "mean": 0.229962363839,
        "min": 0.085543461144,
        "stdev": 0.0483629591763
    },
    "barkbands_kurtosis": {
        "max": 130.497024536,
        "mean": 5.17269468307,
        "min": -1.9207201004,
        "stdev": 8.88977527618
    },
    "barkbands_skewness": {
        "max": 9.80683135986,
        "mean": 1.19297838211,
        "min": -4.49681377411,
        "stdev": 1.2450824976
    },
    "barkbands_spread": {
        "max": 77.8265838623,
        "mean": 12.7829847336,
        "min": 0.682500600815,
        "stdev": 11.464468956
    },
    "dissonance": {
        "max": 0.5,
        "mean": 0.423888981342,
        "min": 0.199262395501,
        "stdev": 0.0515270903707
    },
    "dynamic_complexity": 6.14851856232,
    "erbbands_crest": {
        "max": 32.2705459595,
        "mean": 13.7808275223,
        "min": 3.55441188812,
        "stdev": 5.61599063873
    },
    "erbbands_flatness_db": {
        "max": 0.445288866758,
        "mean": 0.272606670856,
        "min": 0.0983551740646,
        "stdev": 0.0563191436231
    },
    "erbbands_kurtosis": {
        "max": 206.503570557,
        "mean": 3.40697169304,
        "min": -1.82934617996,
        "stdev": 8.45609855652
    },
    "erbbands_skewness": {
        "max": 5.86045122147,
        "mean": 0.680638432503,
        "min": -11.8493251801,
        "stdev": 1.4643226862
    },
    "erbbands_spread": {
        "max": 146.060562134,
        "mean": 21.6008453369,
        "min": 0.933720886707,
        "stdev": 17.3020038605
    },
    "hfc": {
        "max": 75.8505020142,
        "mean": 12.172832489,
        "min": 0.0127585018054,
        "stdev": 15.289601326
    },
    "loudness_ebu128": {
        "integrated": -20.8283309937,
        "loudness_range": 5.49944114685,
        "momentary": {
            "max": -15.5917987823,
            "mean": -22.8090724945,
            "min": -40.0261306763,
            "stdev": 4.55684804916
        },
        "short_term": {
            "max": -18.4159297943,
            "mean": -21.7473526001,
            "min": -32.8506546021,
            "stdev": 2.77335476875
        }
    },
    "melbands_crest": {
        "max": 33.4286689758,
        "mean": 14.7313604355,
        "min": 3.98544764519,
        "stdev": 5.31270742416
    },
    "melbands_flatness_db": {
        "max": 0.485254794359,
        "mean": 0.268960475922,
        "min": 0.0887181833386,
        "stdev": 0.0585483834147
    },
    "melbands_kurtosis": {
        "max": 195.510437012,
        "mean": 9.41033363342,
        "min": -1.9011040926,
        "stdev": 16.4324378967
    },
    "melbands_skewness": {
        "max": 12.143073082,
        "mean": 1.65113317966,
        "min": -2.57800960541,
        "stdev": 1.58834457397
    },
    "melbands_spread": {
        "max": 155.198745728,
        "mean": 16.8903312683,
        "min": 0.810791194439,
        "stdev": 16.3211097717
    },
    "pitch_salience": {
        "max": 0.874520361423,
        "mean": 0.538022518158,
        "min": 0.128361746669,
        "stdev": 0.118899486959
    },
    "silence_rate_20dB": {
        "max": 1,
        "mean": 1,
        "min": 1,
        "stdev": 0
    },
    "silence_rate_30dB": {
        "max": 1,
        "mean": 1,
        "min": 1,
        "stdev": 0
    },
    "silence_rate_60dB": {
        "max": 1,
        "mean": 0.303664922714,
        "min": 0,
        "stdev": 0.459843486547
    },
    "spectral_centroid": {
        "max": 3925.09545898,
        "mean": 976.465881348,
        "min": 247.249359131,
        "stdev": 508.868713379
    },
    "spectral_complexity": {
        "max": 34,
        "mean": 9.37458324432,
        "min": 0,
        "stdev": 6.09178924561
    },
    "spectral_decrease": {
        "max": -5.56841378563e-12,
        "mean": -4.099894646e-09,
        "min": -2.41827677883e-08,
        "stdev": 4.66936356247e-09
    },
    "spectral_energy": {
        "max": 0.0981512516737,
        "mean": 0.0165780670941,
        "min": 2.3707138098e-05,
        "stdev": 0.0189576651901
    },
    "spectral_energyband_high": {
        "max": 0.0010107421549,
        "mean": 4.69606238767e-05,
        "min": 1.94657133079e-07,
        "stdev": 9.38335433602e-05
    },
    "spectral_energyband_low": {
        "max": 0.0206812974066,
        "mean": 0.000902063271496,
        "min": 1.98868610823e-06,
        "stdev": 0.00170379457995
    },
    "spectral_energyband_middle_high": {
        "max": 0.0578020401299,
        "mean": 0.00435191299766,
        "min": 1.75638922428e-06,
        "stdev": 0.00751081900671
    },
    "spectral_energyband_middle_low": {
        "max": 0.0925382599235,
        "mean": 0.0115602035075,
        "min": 2.36218988903e-06,
        "stdev": 0.0151170231402
    },
    "spectral_entropy": {
        "max": 8.44616603851,
        "mean": 6.86621618271,
        "min": 5.05122566223,
        "stdev": 0.463645190001
    },
    "spectral_flux": {
        "max": 0.293110758066,
        "mean": 0.0650850012898,
        "min": 0.0027285264805,
        "stdev": 0.0482569150627
    },
    "spectral_kurtosis": {
        "max": 51.9331016541,
        "mean": 11.0072698593,
        "min": -0.950968027115,
        "stdev": 8.20216464996
    },
    "spectral_rms": {
        "max": 0.00978556741029,
        "mean": 0.00335302832536,
        "min": 0.000152081935084,
        "stdev": 0.00222056591883
    },
    "spectral_rolloff": {
        "max": 8591.74804688,
        "mean": 1113.20581055,
        "min": 86.1328125,
        "stdev": 840.012939453
    },
    "spectral_skewness": {
        "max": 5.53578615189,
        "mean": 2.14599180222,
        "min": -0.0776232331991,
        "stdev": 0.864470660686
    },
    "spectral_spread": {
        "max": 26200654,
        "mean": 2708712.5,
        "min": 925467.75,
        "stdev": 1367049
    },
    "spectral_strongpeak": {
        "max": 8.40766525269,
        "mean": 1.43815398216,
        "min": 0,
        "stdev": 1.53010618687
    },
    "zerocrossingrate": {
        "max": 0.1875,
        "mean": 0.0425232313573,
        "min": 0.00830078125,
        "stdev": 0.0208072327077
    },
    "barkbands": {
        "max": [0.000549842545297, 0.00709264120087, 0.0166549831629, 0.00321898376569, 0.0245557241142, 0.0438027493656, 0.0325557887554, 0.071328446269, 0.0900295376778, 0.0507612787187, 0.0163396131247, 0.0293532349169, 0.0282769091427, 0.0180761348456, 0.00718226283789, 0.00481520593166, 0.00476551288739, 0.00430974643677, 0.00161802489311, 0.00109091424383, 0.000408201420214, 0.000374539289623, 0.000262868299615, 0.000190726554138, 4.54485198134e-05, 1.790769943e-06, 1.8889676312e-06],
        "mean": [3.53856048605e-05, 0.000337099685566, 0.000461607094621, 0.000157078451593, 0.000858235755004, 0.00152877077926, 0.00123422290199, 0.0029037843924, 0.0043946551159, 0.0018148223171, 0.000460222625406, 0.000683479767758, 0.000536721840035, 0.000400454882765, 0.000236240593949, 0.000162659183843, 0.000128959465655, 9.57237207331e-05, 7.7682590927e-05, 3.93903792428e-05, 1.41157133839e-05, 6.44997180643e-06, 6.16857141722e-06, 3.2882621781e-06, 8.49579237183e-07, 2.24799201476e-09, 2.35364594481e-09],
        "min": [8.7049905062e-08, 7.77681407271e-07, 1.90222078089e-08, 2.75886371526e-08, 5.84387009894e-07, 3.89886196217e-07, 8.41330560775e-08, 1.00815036319e-07, 1.58417222451e-07, 6.24552995987e-08, 2.16290843014e-08, 4.3073221434e-08, 3.04521634575e-08, 3.32175567053e-08, 1.24423124248e-07, 7.37226599767e-08, 6.46197264587e-08, 9.21915841445e-08, 6.53696048403e-08, 4.99004171317e-09, 3.85548348802e-09, 5.50474688055e-09, 9.00350727306e-09, 7.02436020461e-09, 9.19396025978e-09, 3.89476229046e-11, 5.10001693654e-11],
        "stdev": [4.98772606079e-05, 0.000650787318591, 0.00121292262338, 0.000303411710775, 0.00162110035308, 0.00339624448679, 0.00293771340512, 0.00682908762246, 0.010737573728, 0.00450168084353, 0.00140412698966, 0.00203604064882, 0.00167328154203, 0.00124545977451, 0.000621315906756, 0.000379977223929, 0.000332629628247, 0.000244211463723, 0.000158211521921, 9.39753444982e-05, 3.6095327232e-05, 1.97363769985e-05, 1.70854909811e-05, 9.62504236668e-06, 3.07453638015e-06, 5.52146808275e-08, 5.82261066029e-08]
    },
    "erbbands": {
        "max": [0.0900941714644, 2.30949115753, 17.7126102448, 12.2831821442, 9.83975028992, 85.0133056641, 294.485931396, 531.335449219, 454.569793701, 866.601196289, 1826.25805664, 2046.13977051, 1792.41125488, 1098.88586426, 944.595275879, 1408.98986816, 952.169677734, 1019.22125244, 622.184692383, 300.549560547, 325.923950195, 270.71206665, 257.110137939, 104.749649048, 63.972946167, 50.2040786743, 27.7743091583, 15.625002861, 12.2314300537, 9.24229717255, 6.88544607162, 6.02588796616, 3.20759868622, 0.782960534096, 0.191529333591, 0.00726342853159, 0.00333347497508, 0.00118040572852, 0.000300152896671, 0.000114072965516],
        "mean": [0.00554092973471, 0.0944263711572, 0.481242537498, 0.560689806938, 0.685737133026, 3.05773353577, 9.20999622345, 13.5806684494, 18.40275383, 23.2874774933, 83.7512283325, 102.290046692, 69.2230300903, 40.2288131714, 22.5532684326, 30.791217804, 25.3870677948, 18.667098999, 17.7298069, 10.7304973602, 8.1725769043, 7.21265697479, 5.23779392242, 4.7235956192, 3.19401860237, 1.87142407894, 0.890736877918, 0.366506963968, 0.232515528798, 0.205393105745, 0.16928358376, 0.0894365236163, 0.0445523746312, 0.0160877406597, 0.00261078518815, 8.94908880582e-05, 1.41139389598e-05, 3.77518631467e-06, 8.96281289897e-06, 1.93324576685e-05],
        "min": [2.24726463784e-05, 0.000184588614502, 0.000169319391716, 0.000144516860018, 0.000764789176174, 0.00182449945714, 0.00298648187891, 0.00336666125804, 0.00166731164791, 0.00210722465999, 0.0026444948744, 0.00313469395041, 0.00373224401847, 0.00305981817655, 0.00172905670479, 0.00179771683179, 0.00189582293388, 0.00206784973852, 0.00680114654824, 0.00552323227748, 0.0054132877849, 0.0043244548142, 0.00535096973181, 0.00376868573949, 0.00175338203553, 0.000364518229617, 0.000206129232538, 0.00019361457089, 0.000190628299606, 0.000201173475944, 0.000249993783655, 0.000183265656233, 0.00015644672385, 0.000145847880049, 3.19702812703e-05, 1.67114842498e-06, 2.20195943257e-07, 5.63184556768e-08, 3.26341371704e-08, 3.31586882396e-08],
        "stdev": [0.00664873188362, 0.195683911443, 1.25130009651, 1.02223789692, 0.989890575409, 5.7868437767, 18.5288143158, 33.938117981, 42.1058654785, 55.2453994751, 185.255310059, 249.422042847, 176.680374146, 92.0480651855, 63.0916900635, 94.5572891235, 74.0089263916, 57.4239463806, 45.5111312866, 22.7428569794, 18.4210777283, 18.2859077454, 13.1341018677, 9.95533084869, 6.41172361374, 4.14579677582, 2.24501395226, 0.980685830116, 0.73520642519, 0.567683041096, 0.480205923319, 0.255544871092, 0.144346103072, 0.0559883862734, 0.0100564742461, 0.000342004059348, 0.000103126330941, 3.63296057913e-05, 1.29935324367e-05, 2.21361678996e-05]
    },
    "gfcc": {
        "mean": [-131.891433716, 159.672286987, -155.983230591, 20.5500564575, -64.3496551514, -2.79796910286, -32.5626754761, 3.23757743835, -0.390631198883, -16.9334392548, 5.98421525955, -19.4235877991, 6.63173437119],
        "cov": [[6623.24169922, 248.585876465, -1693.86608887, -1184.19067383, -607.992919922, -178.886322021, 869.764404297, -241.746185303, 53.4574775696, -114.588409424, 137.309112549, -420.440093994, -265.50579834], [248.585876465, 784.743652344, -54.0015296936, -408.720123291, 187.259414673, -219.102127075, 136.77355957, -95.6173934937, -27.8902568817, -11.1894044876, 78.9723739624, -85.7585449219, -33.4152336121], [-1693.86608887, -54.0015296936, 931.907165527, 382.981964111, -11.7063055038, 165.702972412, -366.156951904, 67.5265731812, -21.6888847351, 14.961938858, -17.0008678436, 111.753868103, 55.0470085144], [-1184.19067383, -408.720123291, 382.981964111, 872.965393066, 123.621002197, 12.3035106659, -260.414306641, 41.4764671326, 35.5731086731, 28.7859268188, -120.295463562, 124.930328369, 69.7168045044], [-607.992919922, 187.259414673, -11.7063055038, 123.621002197, 443.732208252, -47.4756317139, -76.5017318726, 18.3679409027, 16.5327339172, 12.0360832214, -29.837272644, 3.60878205299, 22.0496578217], [-178.886322021, -219.102127075, 165.702972412, 12.3035106659, -47.4756317139, 490.968109131, -7.92005491257, 16.8036212921, -29.5278987885, -12.8365497589, -15.972784996, -32.3951835632, -39.6249465942], [869.764404297, 136.77355957, -366.156951904, -260.414306641, -76.5017318726, -7.92005491257, 463.803771973, -21.5263462067, -60.6774406433, -22.1798763275, 14.4952535629, -76.6524124146, -69.4153213501], [-241.746185303, -95.6173934937, 67.5265731812, 41.4764671326, 18.3679409027, 16.8036212921, -21.5263462067, 191.748123169, 17.0210704803, -27.7197246552, 4.5132317543, 20.7814216614, 11.8039474487], [53.4574775696, -27.8902568817, -21.6888847351, 35.5731086731, 16.5327339172, -29.5278987885, -60.6774406433, 17.0210704803, 143.573287964, 15.2341527939, -35.1947860718, 6.57039499283, 4.22514200211], [-114.588409424, -11.1894044876, 14.961938858, 28.7859268188, 12.0360832214, -12.8365497589, -22.1798763275, -27.7197246552, 15.2341527939, 122.825370789, 13.2274799347, -20.6354484558, 22.7226982117], [137.309112549, 78.9723739624, -17.0008678436, -120.295463562, -29.837272644, -15.972784996, 14.4952535629, 4.5132317543, -35.1947860718, 13.2274799347, 160.655395508, 28.2107219696, -29.5997982025], [-420.440093994, -85.7585449219, 111.753868103, 124.930328369, 3.60878205299, -32.3951835632, -76.6524124146, 20.7814216614, 6.57039499283, -20.6354484558, 28.2107219696, 153.328155518, 38.2222595215], [-265.50579834, -33.4152336121, 55.0470085144, 69.7168045044, 22.0496578217, -39.6249465942, -69.4153213501, 11.8039474487, 4.22514200211, 22.7226982117, -29.5997982025, 38.2222595215, 124.619171143]],
        "icov": [[0.000513469101861, -9.97618044494e-05, 0.000752509804443, -2.2762833396e-05, 0.000699675641954, -2.07977973332e-05, -8.37484403746e-05, 0.000307103298837, -0.000481435097754, 0.000625007844064, -0.000507795542944, 0.00090469699353, 4.56661764474e-05], [-9.97618044494e-05, 0.00559922913089, -0.00320306699723, 0.00280317361467, -0.00375281507149, 0.0029974989593, -0.00246239732951, 0.00321757257916, -0.00132506201044, 0.00213972479105, -0.00227939523757, 0.00290202954784, -0.000700490083545], [0.000752509804443, -0.00320306699723, 0.00484477123246, -0.00196289876476, 0.00336879468523, -0.00224563782103, 0.00269812112674, -0.00191164540593, 0.00114550127182, -0.000772849656641, 0.000822502071969, -0.00108631118201, 0.000706967315637], [-2.2762833396e-05, 0.00280317361467, -0.00196289876476, 0.00341379572637, -0.00218263478018, 0.0015663895756, -0.000743719923776, 0.00133972486947, -0.000308452465106, 9.77432719083e-05, 0.000771688995883, -0.000191462124349, 0.000238124484895], [0.000699675641954, -0.00375281507149, 0.00336879468523, -0.00218263478018, 0.00579350953922, -0.00178950361442, 0.00203856639564, -0.00203041080385, 0.000490771897603, -0.000795074156485, 0.00109970243648, -0.00053361163009, 0.000504345982336], [-2.07977973332e-05, 0.0029974989593, -0.00224563782103, 0.0015663895756, -0.00178950361442, 0.0039989342913, -0.00142737291753, 0.00155346491374, -0.000352799135726, 0.00126852025278, -0.000855093123391, 0.00217875419185, 0.00043033529073], [-8.37484403746e-05, -0.00246239732951, 0.00269812112674, -0.000743719923776, 0.00203856639564, -0.00142737291753, 0.00519929779693, -0.00206861272454, 0.00278257182799, -0.00153826270252, 0.00220547104254, -0.00163686589804, 0.00187508377712], [0.000307103298837, 0.00321757257916, -0.00191164540593, 0.00133972486947, -0.00203041080385, 0.00155346491374, -0.00206861272454, 0.00804825313389, -0.00257717515342, 0.00368988118134, -0.00294386525638, 0.00273528601974, -0.0015730150044], [-0.000481435097754, -0.00132506201044, 0.00114550127182, -0.000308452465106, 0.000490771897603, -0.000352799135726, 0.00278257182799, -0.00257717515342, 0.00998106598854, -0.00343672954477, 0.00426132418215, -0.0032042269595, 0.00216377037577], [0.000625007844064, 0.00213972479105, -0.000772849656641, 9.77432719083e-05, -0.000795074156485, 0.00126852025278, -0.00153826270252, 0.00368988118134, -0.00343672954477, 0.0124437203631, -0.00511245569214, 0.00609873142093, -0.00370758236386], [-0.000507795542944, -0.00227939523757, 0.000822502071969, 0.000771688995883, 0.00109970243648, -0.000855093123391, 0.00220547104254, -0.00294386525638, 0.00426132418215, -0.00511245569214, 0.0117423804477, -0.00667272834107, 0.00417615845799], [0.00090469699353, 0.00290202954784, -0.00108631118201, -0.000191462124349, -0.00053361163009, 0.00217875419185, -0.00163686589804, 0.00273528601974, -0.0032042269595, 0.00609873142093, -0.00667272834107, 0.0140365762636, -0.00398456817493], [4.56661764474e-05, -0.000700490083545, 0.000706967315637, 0.000238124484895, 0.000504345982336, 0.00043033529073, 0.00187508377712, -0.0015730150044, 0.00216377037577, -0.00370758236386, 0.00417615845799, -0.00398456817493, 0.0115461787209]]
    },
    "melbands": {
        "max": [0.00149168423377, 0.00614073453471, 0.0018126036739, 0.00244779000059, 0.00921058747917, 0.0103149292991, 0.00614072242752, 0.00871143117547, 0.0141568789259, 0.0139401443303, 0.00881683081388, 0.00496171182021, 0.0025691986084, 0.00352532952093, 0.00469468999654, 0.00195810641162, 0.0018492594827, 0.00133773754351, 0.00079601170728, 0.000311438489007, 0.000464650132926, 0.000382404570701, 0.000310226430884, 9.16105054785e-05, 9.75115981419e-05, 8.1135192886e-05, 6.49742942187e-05, 4.34166140622e-05, 1.98380930669e-05, 1.09604416139e-05, 1.05635672298e-05, 8.27641542855e-06, 6.03354374107e-06, 5.68483301322e-06, 5.12035103384e-06, 5.27562133357e-06, 2.72575516647e-06, 3.19802734339e-06, 1.19122830711e-06, 6.18715148448e-07],
        "mean": [7.23557313904e-05, 0.000206511060242, 9.91369597614e-05, 0.000119380078104, 0.000298737111734, 0.000306039582938, 0.000270760705462, 0.000310124858515, 0.000734588189516, 0.000618138234131, 0.000340114347637, 0.000176234083483, 6.96091374266e-05, 7.94477091404e-05, 7.32765984139e-05, 4.34747707914e-05, 3.41552440659e-05, 3.16446166835e-05, 1.65879228007e-05, 1.236022581e-05, 9.02484407561e-06, 7.70235055825e-06, 6.02636100666e-06, 3.95117876906e-06, 3.87789668821e-06, 2.73688851848e-06, 1.78195978151e-06, 1.09977941065e-06, 6.37570906292e-07, 2.92924227097e-07, 1.7992846324e-07, 1.3223507267e-07, 1.15414266588e-07, 1.15195263106e-07, 1.05543662698e-07, 7.15310406463e-08, 4.80061075336e-08, 3.36821273095e-08, 2.10848973836e-08, 1.10540083753e-08],
        "min": [2.42646365223e-07, 3.54990135065e-07, 5.94646998309e-08, 9.5658400312e-08, 1.06900024832e-07, 8.04459290293e-08, 2.74280136381e-08, 2.3886737921e-08, 2.00443377452e-08, 2.04784420532e-08, 1.75865810803e-08, 1.25792158912e-08, 4.43033298936e-09, 4.33075175721e-09, 4.63787586114e-09, 3.17900306079e-09, 2.76538769661e-09, 9.20566911589e-09, 9.53522683034e-09, 3.78434572568e-09, 5.0195994028e-09, 4.20266488277e-09, 4.00762711905e-09, 4.73521977185e-09, 2.38774799932e-09, 1.58987734089e-09, 2.20116230798e-10, 2.02059022292e-10, 1.25599336487e-10, 7.61950086359e-11, 9.44791328505e-11, 8.22457033034e-11, 1.15019618829e-10, 9.44178416007e-11, 1.10861646252e-10, 8.07725691887e-11, 7.19098322555e-11, 9.89243964522e-11, 1.00624071575e-10, 1.11616660359e-10],
        "stdev": [0.000118913543702, 0.000472822372103, 0.000161949705216, 0.000198120716959, 0.000577602651902, 0.000714126508683, 0.000606892048381, 0.000688578642439, 0.00158105615992, 0.00155176222324, 0.000895814329851, 0.000433962326497, 0.00020608669729, 0.000239865199546, 0.000243393151322, 0.000119473865198, 0.000115679948067, 9.10021772142e-05, 4.80993076053e-05, 2.99020248349e-05, 2.28327226068e-05, 2.26724114327e-05, 1.80004462891e-05, 8.42817826197e-06, 8.68488768901e-06, 5.92471860728e-06, 4.14729356635e-06, 2.77022354567e-06, 1.76222863502e-06, 7.63346974963e-07, 5.25666280282e-07, 4.42350057028e-07, 3.58944333811e-07, 3.34360379384e-07, 3.13900898163e-07, 2.28891863685e-07, 1.3612499572e-07, 1.1859983573e-07, 7.65793046753e-08, 3.94840036222e-08]
    },
    "melbands128": {
        "max": [0.000212429076782, 0.000288337032543, 0.00231412844732, 0.00466835964471, 0.00954771693796, 0.00671758968383, 0.00278590316884, 0.00186705042142, 0.000956169737037, 0.00231186905876, 0.00453966204077, 0.0117225311697, 0.0133194606751, 0.0155205577612, 0.0203244015574, 0.0125237796456, 0.00864536594599, 0.0103090833873, 0.0118249226362, 0.0161315537989, 0.0100497249514, 0.02836445719, 0.0246336236596, 0.0339057594538, 0.0243728142232, 0.0332662425935, 0.0276580434293, 0.0118333231658, 0.016070406884, 0.011120274663, 0.00357639230788, 0.00359841785394, 0.00461700372398, 0.00724910432473, 0.0030059395358, 0.00692228507251, 0.00684102997184, 0.00758637394756, 0.00655201682821, 0.00370546802878, 0.00218411511742, 0.00438651163131, 0.00365637568757, 0.00358250411227, 0.00272761913948, 0.00197166367434, 0.00138065451756, 0.00177797535434, 0.000793221814092, 0.000928772089537, 0.000674979411997, 0.00088285037782, 0.000936846598051, 0.000408519641496, 0.000526947143953, 0.000852472090628, 0.000764398195315, 0.000352434784872, 0.000806696654763, 0.000179971946636, 0.000149323663209, 0.000281682587229, 0.000206332435482, 0.000194829452084, 0.000166139798239, 0.0001380622125, 7.5499418017e-05, 0.000146681588376, 8.35845785332e-05, 3.98454940296e-05, 5.59548425372e-05, 8.77038110048e-05, 4.38286188e-05, 4.22042248829e-05, 4.14835485572e-05, 1.10122346086e-05, 3.24428838212e-05, 8.37608968141e-06, 1.18898224173e-05, 1.30857033582e-05, 1.04029277281e-05, 1.50904024849e-05, 1.21958764794e-05, 6.31997681921e-06, 6.49614366921e-06, 4.87184479425e-06, 8.18327771412e-06, 9.91044362308e-06, 9.95125719783e-06, 7.26953840058e-06, 6.7290543484e-06, 7.31710315449e-06, 5.74959676669e-06, 2.74349804386e-06, 2.65335779659e-06, 6.56846486891e-06, 2.03544664146e-06, 1.47576872678e-06, 1.66991890183e-06, 1.59058367899e-06, 7.06356217961e-07, 6.71065549795e-07, 5.8383062651e-07, 8.0495186694e-07, 1.08931267562e-07, 1.42677416548e-08, 1.35572468807e-08, 1.2944950889e-08, 1.2372163738e-08, 1.18345990785e-08, 1.13399574175e-08, 1.09028048811e-08, 1.0483659274e-08, 1.01115738005e-08, 9.73559011186e-09, 9.4204457568e-09, 9.11276476501e-09, 8.84935413836e-09, 8.58907256429e-09, 8.3713231902e-09, 8.15555090128e-09, 7.9810282827e-09, 7.82887443762e-09, 7.67533592239e-09, 7.57836815524e-09, 7.4754238355e-09, 7.40963512769e-09, 7.3689552238e-09],
        "mean": [1.66700556292e-05, 3.25262590195e-05, 7.95401647338e-05, 0.000176907968125, 0.000250721583143, 0.000215325489989, 0.000114738722914, 7.38289381843e-05, 5.20295980095e-05, 9.07130088308e-05, 0.000162795302458, 0.000290093303192, 0.000327745598042, 0.000322673993651, 0.000309193826979, 0.000291158590699, 0.000306755449856, 0.000294247962302, 0.000184016258572, 0.000202835275559, 0.00032874091994, 0.000733684748411, 0.000762016105, 0.000775994441938, 0.000773300533183, 0.000475189561257, 0.000475757435197, 0.00026114351931, 0.000324447464664, 0.000245796138188, 0.000108309766802, 5.85167908866e-05, 8.10093915788e-05, 6.25141401542e-05, 6.40848084004e-05, 9.65370854829e-05, 8.81544838194e-05, 6.09376766079e-05, 8.10990022728e-05, 5.23320923094e-05, 2.98249196931e-05, 3.81044555979e-05, 2.99732782878e-05, 3.39755606547e-05, 4.31352527812e-05, 3.04967798002e-05, 1.97074932657e-05, 1.9048267859e-05, 1.26448121591e-05, 1.41476020872e-05, 1.37135384648e-05, 8.92747902981e-06, 9.1849542514e-06, 8.94403456186e-06, 8.71170868777e-06, 7.87919907452e-06, 6.46992020847e-06, 6.58335557091e-06, 6.59532997815e-06, 3.68174823961e-06, 3.39923212778e-06, 4.39852146883e-06, 4.07100787925e-06, 3.54780900125e-06, 3.9322108023e-06, 2.65939547717e-06, 2.13472753785e-06, 2.05124797503e-06, 1.69301347341e-06, 1.4487794715e-06, 1.12649797757e-06, 9.94011770672e-07, 6.14570296875e-07, 7.31993736736e-07, 4.2581129378e-07, 2.66417316652e-07, 2.63216804797e-07, 2.02275785455e-07, 1.64204791986e-07, 1.64929801372e-07, 1.30761918626e-07, 1.22300846783e-07, 1.20350790667e-07, 1.16647932202e-07, 1.09692329886e-07, 1.09084979272e-07, 1.21859415003e-07, 1.18550723016e-07, 1.09472544807e-07, 9.08834181246e-08, 8.46876844207e-08, 6.209810266e-08, 5.74217295934e-08, 4.90705076572e-08, 4.16287733174e-08, 3.84176637169e-08, 3.23557358684e-08, 2.66579665009e-08, 2.25683933763e-08, 1.81337362903e-08, 1.24995436224e-08, 1.02829416093e-08, 8.39170866129e-09, 6.43009556711e-09, 1.02359798415e-09, 4.20965137748e-11, 4.28472361758e-11, 1.83410942683e-11, 1.53161840849e-11, 1.46725825934e-11, 1.40837628018e-11, 1.3558154599e-11, 1.30539710985e-11, 1.25901494091e-11, 1.21348590898e-11, 1.17559581861e-11, 1.13711167218e-11, 1.10315914389e-11, 1.07325632756e-11, 1.0462230908e-11, 1.01857116491e-11, 9.97985461632e-12, 9.80039487064e-12, 9.6011601447e-12, 9.39263077038e-12, 9.12910112089e-12, 8.9729022823e-12, 8.91273253117e-12],
        "min": [2.01268957056e-09, 1.99157341285e-07, 2.10557857372e-07, 3.3238808328e-07, 2.92469763963e-08, 7.42319894442e-09, 2.1848349796e-09, 1.84153439164e-08, 3.71273500832e-08, 1.39263560683e-08, 2.82877472557e-08, 7.5272197364e-08, 5.29952082218e-08, 6.66137935923e-08, 2.97477527056e-08, 4.63524774119e-09, 1.47345469159e-08, 6.39506803068e-09, 6.96462043592e-09, 5.87958304266e-09, 1.30263586584e-08, 1.25684245234e-08, 3.36943117851e-09, 8.46640979546e-09, 7.05871183726e-09, 6.41557473813e-09, 6.79446277019e-09, 3.15958104125e-09, 4.73426187142e-09, 3.25051519035e-09, 1.5871195469e-09, 1.87944149133e-09, 2.06530925695e-09, 1.57592883188e-09, 7.66135044294e-10, 2.0478361229e-09, 3.16439519032e-09, 1.36283428986e-09, 8.10000344575e-10, 1.43903444716e-09, 1.71599578991e-09, 2.05959116428e-09, 1.61040369928e-09, 1.52402712672e-09, 6.82470913116e-10, 6.30266949742e-09, 7.14415149261e-09, 1.00478914078e-08, 3.23247051348e-09, 1.77227543752e-09, 3.07962344515e-09, 5.17308951231e-09, 3.00331737257e-09, 1.36641875592e-09, 3.03700353754e-09, 1.72072744942e-09, 9.59345825002e-10, 3.46836714904e-09, 2.58994159452e-09, 3.61629393097e-09, 4.60881199871e-09, 2.67615180016e-10, 6.66317445663e-10, 1.99884619967e-09, 1.31029609385e-09, 8.60398474689e-10, 6.68787802915e-10, 1.90550158985e-10, 7.37459399103e-11, 8.42611397323e-11, 6.14092041107e-11, 1.04421728209e-10, 1.00303279571e-10, 1.01233856367e-11, 2.87646607922e-11, 3.99458903455e-11, 6.41105987742e-11, 6.1077462532e-11, 8.96691748631e-11, 7.58670001821e-11, 7.41684630379e-11, 4.72805752882e-11, 7.10709269214e-11, 9.814338231e-11, 6.28359031474e-11, 5.32513928786e-11, 4.91269698533e-11, 7.59119989091e-11, 6.50065001828e-11, 4.95813147483e-11, 5.75261470404e-11, 5.74986898372e-11, 4.44626072071e-11, 4.18675094593e-11, 6.59982554718e-11, 2.57376168988e-11, 4.60627334886e-11, 6.09456721201e-11, 3.27054633376e-11, 7.3711099724e-11, 7.42258407516e-11, 7.89649248767e-11, 7.03838931582e-11, 3.64995256241e-11, 1.39461391654e-12, 1.96979083977e-13, 1.01611170107e-13, 1.02860523376e-13, 1.50196424308e-13, 1.4625861557e-13, 1.74304025532e-13, 1.48837282017e-13, 1.68938634241e-13, 1.27509005958e-13, 1.45987470159e-13, 1.67626465009e-13, 1.23707440776e-13, 1.68879057331e-13, 1.31634408777e-13, 1.6330886025e-13, 1.57594220334e-13, 1.40741734131e-13, 1.52817876083e-13, 1.53989519161e-13, 1.20236584361e-13, 4.45601942931e-14, 4.4681331016e-15, 1.71334634962e-16],
        "stdev": [1.98174948309e-05, 2.77908202406e-05, 0.000149475599756, 0.000394341506762, 0.00067789980676, 0.000543178117368, 0.000226818097872, 0.000152396503836, 9.2784401204e-05, 0.000179360227776, 0.000347194640199, 0.000705504382495, 0.000758637441322, 0.000891328905709, 0.000958290067501, 0.00104023038875, 0.000870093761478, 0.000857075792737, 0.000615460507106, 0.000845775823109, 0.000868678209372, 0.00194710388314, 0.0022821133025, 0.00263637187891, 0.00236341799609, 0.0020302364137, 0.00203590700403, 0.0009371850756, 0.00112866761629, 0.000738581642509, 0.000331060291501, 0.00023247639183, 0.000310035247821, 0.000319865124766, 0.000228533710469, 0.000400488439482, 0.000394917384256, 0.000307700276608, 0.000343540275935, 0.000210621001315, 0.00011899277888, 0.000184880293091, 0.000160018083989, 0.000180070550414, 0.000177545865881, 0.000123431207612, 7.04693011357e-05, 9.26200154936e-05, 4.40920885012e-05, 4.28731837019e-05, 4.60935443698e-05, 3.66274471162e-05, 3.74839655706e-05, 2.71610715572e-05, 3.30790026055e-05, 3.61221318599e-05, 2.58076670434e-05, 2.16560147237e-05, 3.47825771314e-05, 1.14609547381e-05, 8.80752850208e-06, 1.41342752613e-05, 1.35147947731e-05, 1.09004186015e-05, 1.09625043478e-05, 8.55146936374e-06, 5.5986206462e-06, 6.74064176565e-06, 5.28148939338e-06, 3.61682873518e-06, 2.93025391329e-06, 4.30301042798e-06, 2.07815946851e-06, 2.7086132377e-06, 1.5440767811e-06, 6.85294992309e-07, 1.2016795381e-06, 5.9373297745e-07, 5.19386674114e-07, 5.85539908116e-07, 4.35789672792e-07, 5.30345289462e-07, 4.72168096621e-07, 3.94699611661e-07, 3.19728002296e-07, 3.06691362084e-07, 4.12263631233e-07, 4.00717908633e-07, 3.94526040282e-07, 3.00264929365e-07, 2.8729024848e-07, 2.30903125953e-07, 1.93230420109e-07, 1.31663171032e-07, 1.36654449534e-07, 1.84565109862e-07, 1.04658205657e-07, 9.94227775664e-08, 8.80063950603e-08, 7.54027382754e-08, 4.61417357656e-08, 3.96953403481e-08, 2.9754286146e-08, 3.12746841757e-08, 4.84142947954e-09, 4.63853344623e-10, 4.38105551837e-10, 3.9918843231e-10, 3.8137973335e-10, 3.64809266129e-10, 3.49633322294e-10, 3.36072975005e-10, 3.23208737552e-10, 3.11651038309e-10, 3.00156038913e-10, 2.90378748824e-10, 2.80927336949e-10, 2.72760120046e-10, 2.64800459338e-10, 2.58013194143e-10, 2.51417275887e-10, 2.46023812434e-10, 2.41298397929e-10, 2.36634573048e-10, 2.3356433454e-10, 2.30460872608e-10, 2.28414967496e-10, 2.27162372246e-10]
    },
    "mfcc": {
        "mean": [-758.181762695, 173.821151733, -23.7519836426, 15.0138425827, -3.38625407219, -12.1000823975, -10.5937213898, 3.71629595757, -3.96976470947, 7.77587080002, -0.931702256203, -0.782337784767, -2.43911600113],
        "cov": [[7663.37207031, 265.978271484, -1534.93664551, -877.231262207, -1467.20654297, -105.813781738, 176.222686768, 31.7794799805, -260.501556396, 543.141784668, -13.6904850006, -44.3519020081, -120.214141846], [265.978271484, 1232.7635498, -394.196868896, -223.379867554, -134.683853149, -151.044250488, 126.01260376, -93.3190383911, -101.804092407, 27.6273078918, 26.9520378113, -1.45079350471, 23.9778804779], [-1534.93664551, -394.196868896, 1041.80908203, 61.1233863831, 321.161987305, 72.1000289917, -111.280235291, 22.793794632, 9.38146495819, -125.232711792, -20.5801792145, 40.4274635315, 7.77646827698], [-877.231262207, -223.379867554, 61.1233863831, 744.155151367, 214.545318604, -27.4801654816, -135.828948975, -58.7069282532, 103.747123718, -139.51524353, -28.1997070312, 7.77258348465, 33.1707839966], [-1467.20654297, -134.683853149, 321.161987305, 214.545318604, 705.683898926, 33.5685081482, -135.272460938, -20.8556404114, 51.2187995911, -90.6454238892, -4.89886236191, -17.1396656036, 23.3535995483], [-105.813781738, -151.044250488, 72.1000289917, -27.4801654816, 33.5685081482, 313.131439209, 46.6018714905, 2.90717625618, 28.3201656342, 19.2436580658, 7.47666025162, -22.9080734253, -10.4027280807], [176.222686768, 126.01260376, -111.280235291, -135.828948975, -135.272460938, 46.6018714905, 297.283325195, 52.5618553162, -32.1875686646, 52.1751174927, 12.9248743057, 13.3102521896, -18.385433197], [31.7794799805, -93.3190383911, 22.793794632, -58.7069282532, -20.8556404114, 2.90717625618, 52.5618553162, 220.199493408, 9.58821773529, -21.0541725159, 17.7066078186, 12.2924032211, -1.13890361786], [-260.501556396, -101.804092407, 9.38146495819, 103.747123718, 51.2187995911, 28.3201656342, -32.1875686646, 9.58821773529, 212.149520874, 2.81112742424, -46.2697677612, 4.89118003845, 10.9269161224], [543.141784668, 27.6273078918, -125.232711792, -139.51524353, -90.6454238892, 19.2436580658, 52.1751174927, -21.0541725159, 2.81112742424, 198.939865112, 18.7180576324, -44.5304107666, -20.5428371429], [-13.6904850006, 26.9520378113, -20.5801792145, -28.1997070312, -4.89886236191, 7.47666025162, 12.9248743057, 17.7066078186, -46.2697677612, 18.7180576324, 138.464065552, 18.5768489838, -38.0979995728], [-44.3519020081, -1.45079350471, 40.4274635315, 7.77258348465, -17.1396656036, -22.9080734253, 13.3102521896, 12.2924032211, 4.89118003845, -44.5304107666, 18.5768489838, 128.223114014, 15.9786138535], [-120.214141846, 23.9778804779, 7.77646827698, 33.1707839966, 23.3535995483, -10.4027280807, -18.385433197, -1.13890361786, 10.9269161224, -20.5428371429, -38.0979995728, 15.9786138535, 116.202545166]],
        "icov": [[0.000397874740884, 0.000130345390062, 0.000448079168564, 0.000198212946998, 0.00053046544781, -3.75813506253e-05, 0.000423125049565, -0.000151062617078, 0.000493542349432, -0.00066426594276, 0.000504974566866, -0.000339761434589, 0.000302076980006], [0.000130345390062, 0.00124684488401, 0.000549103075173, 0.000497955363244, 5.86481583014e-05, 0.000566275557503, -0.000405484082876, 0.000706430990249, 0.000276853475953, 0.000320918683428, -0.0001954571635, 0.000114421287435, -0.000368767010514], [0.000448079168564, 0.000549103075173, 0.0018894636305, 0.000520638946909, 5.383572352e-05, -0.000198131849174, 0.000644784944598, -9.36592914513e-05, 0.000757606001571, -9.48636879912e-05, 0.00077496242011, -0.000778810412157, 0.000420878437581], [0.000198212946998, 0.000497955363244, 0.000520638946909, 0.00216317805462, -0.000105030085251, 0.000330486538587, 0.000322224659612, 0.00075869547436, -0.000651419220958, 0.00119956117123, -0.000188670732314, 0.000218859437155, -0.000259551132331], [0.00053046544781, 5.86481583014e-05, 5.383572352e-05, -0.000105030085251, 0.00264966767281, -0.000238750290009, 0.00102622224949, -0.000170451152371, 0.000338218320394, -0.000538442283869, 0.000256136176176, 0.000144547913806, 0.000106974701339], [-3.75813506253e-05, 0.000566275557503, -0.000198131849174, 0.000330486538587, -0.000238750290009, 0.00385170732625, -0.00112689239904, 0.000614751072135, -0.000765340228099, 0.000295267062029, -0.000779543537647, 0.00103085697629, -0.000289444898954], [0.000423125049565, -0.000405484082876, 0.000644784944598, 0.000322224659612, 0.00102622224949, -0.00112689239904, 0.00510029634461, -0.00154526357073, 0.00115236919373, -0.00174494204111, 0.00121123495046, -0.00148344377521, 0.00105522037484], [-0.000151062617078, 0.000706430990249, -9.36592914513e-05, 0.00075869547436, -0.000170451152371, 0.000614751072135, -0.00154526357073, 0.00573213538155, -0.0010886148084, 0.00189174106345, -0.00156157149468, 0.00065879750764, -0.000777138862759], [0.000493542349432, 0.000276853475953, 0.000757606001571, -0.000651419220958, 0.000338218320394, -0.000765340228099, 0.00115236919373, -0.0010886148084, 0.00667346455157, -0.0022325203754, 0.0030511226505, -0.00170854863245, 0.00083694345085], [-0.00066426594276, 0.000320918683428, -9.48636879912e-05, 0.00119956117123, -0.000538442283869, 0.000295267062029, -0.00174494204111, 0.00189174106345, -0.0022325203754, 0.00891539081931, -0.00262072240002, 0.00336594157852, -0.000748417631257], [0.000504974566866, -0.0001954571635, 0.00077496242011, -0.000188670732314, 0.000256136176176, -0.000779543537647, 0.00121123495046, -0.00156157149468, 0.0030511226505, -0.00262072240002, 0.0103320106864, -0.00312434812076, 0.00368665228598], [-0.000339761434589, 0.000114421287435, -0.000778810412157, 0.000218859437155, 0.000144547913806, 0.00103085697629, -0.00148344377521, 0.00065879750764, -0.00170854863245, 0.00336594157852, -0.00312434812076, 0.010172450915, -0.00221788953058], [0.000302076980006, -0.000368767010514, 0.000420878437581, -0.000259551132331, 0.000106974701339, -0.000289444898954, 0.00105522037484, -0.000777138862759, 0.00083694345085, -0.000748417631257, 0.00368665228598, -0.00221788953058, 0.0104547804222]]
    },
    "spectral_contrast_coeffs": {
        "max": [-0.386912167072, -0.382839351892, -0.43475830555, -0.579112410545, -0.552889883518, -0.607590734959],
        "mean": [-0.697145819664, -0.706666648388, -0.741212844849, -0.778255403042, -0.78023982048, -0.790760159492],
        "min": [-0.931942462921, -0.937218129635, -0.940275847912, -0.91030216217, -0.892249941826, -0.951483488083],
        "stdev": [0.0808408632874, 0.104851014912, 0.0938952937722, 0.0631454735994, 0.0519293695688, 0.0553639046848]
    },
    "spectral_contrast_valleys": {
        "max": [-6.05961990356, -5.08117437363, -5.58951854706, -5.98269462585, -6.68536138535, -9.4868221283],
        "mean": [-7.75106430054, -7.19476461411, -8.13553619385, -8.46042537689, -8.86476135254, -12.0983800888],
        "min": [-10.4238510132, -10.3585939407, -11.0492668152, -10.9576950073, -11.6762809753, -13.9435367584],
        "stdev": [0.646848499775, 0.896177172661, 1.06622302532, 0.952543914318, 0.96414232254, 0.792529046535]
    }
},
"rhythm": {
    "beats_count": 92,
    "beats_loudness": {
        "max": 0.0911206528544,
        "mean": 0.0298069659621,
        "min": 0.000270700606052,
        "stdev": 0.0204244926572
    },
    "bpm": 114.386901855,
    "bpm_histogram_first_peak_bpm": 115,
    "bpm_histogram_first_peak_weight": 0.345238089561,
    "bpm_histogram_second_peak_bpm": 110,
    "bpm_histogram_second_peak_spread": 0,
    "bpm_histogram_second_peak_weight": 0.0549450553954,
    "danceability": 1.05922150612,
    "onset_rate": 3.8759765625,
    "beats_loudness_band_ratio": {
        "max": [0.907561421394, 0.90186136961, 0.925415635109, 0.80500459671, 0.652618944645, 0.287296354771],
        "mean": [0.135669276118, 0.197074577212, 0.391868889332, 0.211996510625, 0.0897777527571, 0.0117278303951],
        "min": [0.00174668559339, 0.00537707423791, 0.000836419640109, 0.000543665955774, 0.00378294684924, 0.000305387511617],
        "stdev": [0.161587268114, 0.251024752855, 0.260346204042, 0.208650663495, 0.106101661921, 0.030097419396]
    },
