{
"metadata": {
    "version": {
        "essentia": "2.1-beta5",
        "essentia_git_sha": "Undefined",
        "extractor": "music 2.0"
    },
    "audio_properties": {
        "analysis": {
            "equal_loudness": 0,
            "length": 48.7502937317,
            "sample_rate": 44100,
            "start_time": 126.490699768,
            "downmix": "mix"
        },
        "bit_rate": 192000,
        "length": 235.914733887,
        "lossless": 0,
        "number_channels": 2,
        "replay_gain": -14.6199073792,
        "sample_rate": 44100,
        "codec": "mp3",
        "md5_encoded": "9d125c47e6eb62e198f5e91919026470"
    },
    "tags": {
        "file_name": "Netherlands_Een Beetje_Teddy Scholten.mp3",
        "encoding": ["Lavf58.29.100"]
    }
},
"lowlevel": {
    "average_loudness": 0.851099193096,
    "barkbands_crest": {
        "max": 26.4657325745,
        "mean": 10.8302202225,
        "min": 2.71375918388,
        "stdev": 5.02122783661
    },
    "barkbands_flatness_db": {
        "max": 0.423436820507,
        "mean": 0.20102211833,
        "min": 0.065682426095,
        "stdev": 0.0594950355589
    },
    "barkbands_kurtosis": {
        "max": 244.677642822,
        "mean": 6.81430101395,
        "min": -1.82735168934,
        "stdev": 15.9289197922
    },
    "barkbands_skewness": {
        "max": 14.3021183014,
        "mean": 1.5342464447,
        "min": -1.6343537569,
        "stdev": 1.50356936455
    },
    "barkbands_spread": {
        "max": 92.4487609863,
        "mean": 17.0310935974,
        "min": 0.532623529434,
        "stdev": 12.7457504272
    },
    "dissonance": {
        "max": 0.499998807907,
        "mean": 0.44241809845,
        "min": 0.218314945698,
        "stdev": 0.0495378561318
    },
    "dynamic_complexity": 5.34598398209,
    "erbbands_crest": {
        "max": 32.7622756958,
        "mean": 11.6063556671,
        "min": 2.596534729,
        "stdev": 6.23960351944
    },
    "erbbands_flatness_db": {
        "max": 0.397586643696,
        "mean": 0.231886684895,
        "min": 0.131751596928,
        "stdev": 0.0533204302192
    },
    "erbbands_kurtosis": {
        "max": 160.735931396,
        "mean": 2.83823418617,
        "min": -1.86833679676,
        "stdev": 8.05710124969
    },
    "erbbands_skewness": {
        "max": 10.1908369064,
        "mean": 0.802558481693,
        "min": -2.89880824089,
        "stdev": 1.2438801527
    },
    "erbbands_spread": {
        "max": 142.272247314,
        "mean": 30.8445720673,
        "min": 1.41318571568,
        "stdev": 19.3854560852
    },
    "hfc": {
        "max": 103.48638916,
        "mean": 13.1682634354,
        "min": 0.327663004398,
        "stdev": 15.9978427887
    },
    "loudness_ebu128": {
        "integrated": -10.6680297852,
        "loudness_range": 6.51214122772,
        "momentary": {
            "max": -4.95168304443,
            "mean": -12.9693059921,
            "min": -25.9558238983,
            "stdev": 4.76792526245
        },
        "short_term": {
            "max": -7.8009519577,
            "mean": -11.5251960754,
            "min": -19.0632781982,
            "stdev": 2.53291559219
        }
    },
    "melbands_crest": {
        "max": 31.9565601349,
        "mean": 14.0869188309,
        "min": 3.12233996391,
        "stdev": 5.82863855362
    },
    "melbands_flatness_db": {
        "max": 0.444930672646,
        "mean": 0.217755779624,
        "min": 0.0577032566071,
        "stdev": 0.0685844868422
    },
    "melbands_kurtosis": {
        "max": 301.933013916,
        "mean": 12.9943389893,
        "min": -1.53505289555,
        "stdev": 22.3111572266
    },
    "melbands_skewness": {
        "max": 12.5883626938,
        "mean": 2.15860843658,
        "min": -1.34122598171,
        "stdev": 1.71797227859
    },
    "melbands_spread": {
        "max": 187.278533936,
        "mean": 20.0577735901,
        "min": 0.697656929493,
        "stdev": 16.5067214966
    },
    "pitch_salience": {
        "max": 0.810172855854,
        "mean": 0.549397170544,
        "min": 0.0788567736745,
        "stdev": 0.1199895069
    },
    "silence_rate_20dB": {
        "max": 1,
        "mean": 1,
        "min": 1,
        "stdev": 0
    },
    "silence_rate_30dB": {
        "max": 1,
        "mean": 0.99857211113,
        "min": 0,
        "stdev": 0.0377610065043
    },
    "silence_rate_60dB": {
        "max": 1,
        "mean": 0.249405041337,
        "min": 0,
        "stdev": 0.43266671896
    },
    "spectral_centroid": {
        "max": 4472.64941406,
        "mean": 1187.98376465,
        "min": 266.36428833,
        "stdev": 631.370727539
    },
    "spectral_complexity": {
        "max": 42,
        "mean": 11.2465496063,
        "min": 0,
        "stdev": 8.1437664032
    },
    "spectral_decrease": {
        "max": -6.71250208195e-11,
        "mean": -4.74799977113e-09,
        "min": -3.25437454762e-08,
        "stdev": 4.97962693302e-09
    },
    "spectral_energy": {
        "max": 0.129359483719,
        "mean": 0.0191144552082,
        "min": 0.000293691642582,
        "stdev": 0.0200505256653
    },
    "spectral_energyband_high": {
        "max": 0.00272034807131,
        "mean": 0.000172367843334,
        "min": 3.30875741383e-06,
        "stdev": 0.000234475242905
    },
    "spectral_energyband_low": {
        "max": 0.0598394274712,
        "mean": 0.00226221932098,
        "min": 2.02863411687e-05,
        "stdev": 0.0054016020149
    },
    "spectral_energyband_middle_high": {
        "max": 0.0851386114955,
        "mean": 0.00496319914237,
        "min": 2.06352269743e-05,
        "stdev": 0.00930486805737
    },
    "spectral_energyband_middle_low": {
        "max": 0.111377939582,
        "mean": 0.012528333813,
        "min": 4.87013421662e-05,
        "stdev": 0.0149784684181
    },
    "spectral_entropy": {
        "max": 8.76089668274,
        "mean": 7.24422121048,
        "min": 5.14500379562,
        "stdev": 0.52192991972
    },
    "spectral_flux": {
        "max": 0.27258464694,
        "mean": 0.0616215988994,
        "min": 0.00875434745103,
        "stdev": 0.0406579375267
    },
    "spectral_kurtosis": {
        "max": 25.6882629395,
        "mean": 3.87566161156,
        "min": -1.28751206398,
        "stdev": 3.49002790451
    },
    "spectral_rms": {
        "max": 0.011234072037,
        "mean": 0.00371051509865,
        "min": 0.000535283528734,
        "stdev": 0.00220914673992
    },
    "spectral_rolloff": {
        "max": 7364.35546875,
        "mean": 1300.69909668,
        "min": 107.666015625,
        "stdev": 1059.35839844
    },
    "spectral_skewness": {
        "max": 3.63858175278,
        "mean": 1.30877733231,
        "min": -0.357667058706,
        "stdev": 0.555766046047
    },
    "spectral_spread": {
        "max": 26688160,
        "mean": 3474813.25,
        "min": 1855582.5,
        "stdev": 987219.125
    },
    "spectral_strongpeak": {
        "max": 12.1270866394,
        "mean": 1.35697233677,
        "min": 0,
        "stdev": 1.7125647068
    },
    "zerocrossingrate": {
        "max": 0.24658203125,
        "mean": 0.0506957247853,
        "min": 0.00927734375,
        "stdev": 0.0251259896904
    },
    "barkbands": {
        "max": [0.000258673680946, 0.0233694724739, 0.0348289012909, 0.0295397154987, 0.0539343953133, 0.0555500276387, 0.087092064321, 0.0467930026352, 0.0917015522718, 0.0816528499126, 0.0599179789424, 0.0595980733633, 0.0427531450987, 0.0290014818311, 0.0102148838341, 0.00721860397607, 0.00550741236657, 0.00330953579396, 0.00348713179119, 0.00108089076821, 0.000936710333917, 0.00114196480718, 0.000997265684418, 0.000193820422282, 1.06402012534e-05, 1.24579764815e-06, 1.29050067699e-06],
        "mean": [1.23640948004e-05, 0.00108632969204, 0.000920632272027, 0.000466624536784, 0.00231300643645, 0.00278052920476, 0.00200969935395, 0.00159244658425, 0.00232962192968, 0.0016368952347, 0.00083461223403, 0.000897980760783, 0.000726500584278, 0.000388874701457, 0.000294573779684, 0.000166350786458, 0.000193604457309, 0.000138446266646, 0.000118337884487, 7.80667251092e-05, 6.14395539742e-05, 3.52552378899e-05, 2.26294723689e-05, 9.16153294384e-06, 4.74710930121e-07, 3.60882657091e-09, 2.00161043296e-09],
        "min": [1.00163441985e-08, 5.86911596656e-07, 3.35715554911e-07, 2.57572565943e-07, 3.99994087275e-06, 2.25265125664e-06, 2.38165580413e-06, 7.08621655576e-07, 1.33786988954e-06, 6.7091366418e-07, 3.08007855665e-07, 3.56006239599e-07, 2.22743182121e-07, 2.72366889931e-07, 2.22375007297e-07, 8.23473499167e-07, 1.58971795372e-06, 1.39548160405e-06, 1.23726670154e-06, 1.16138505746e-06, 1.25264762119e-06, 7.85412453297e-07, 3.22887899529e-07, 2.63041471271e-07, 4.33926050647e-09, 2.34725433534e-12, 3.92706136706e-12],
        "stdev": [2.11174410651e-05, 0.00241944123991, 0.00288903107867, 0.00166110205464, 0.00445628724992, 0.00568564189598, 0.00537067791447, 0.00363144418225, 0.0073054288514, 0.00526677072048, 0.00337727204897, 0.00328474026173, 0.00285577890463, 0.00153816246893, 0.000774626503699, 0.00039923316217, 0.000430798914749, 0.000282558816252, 0.000242002817686, 0.000122980054584, 8.54835961945e-05, 7.37850568839e-05, 5.02408947796e-05, 1.42093704198e-05, 9.05478998448e-07, 4.17481516024e-08, 3.98409625291e-08]
    },
    "erbbands": {
        "max": [0.231371164322, 6.91892576218, 39.6779823303, 100.305938721, 80.248336792, 205.972503662, 414.740753174, 558.390319824, 931.065551758, 899.071044922, 1241.82409668, 2933.34326172, 2542.63452148, 1465.32312012, 1891.92907715, 3046.54663086, 1428.21984863, 1483.75512695, 558.591491699, 381.676422119, 215.588821411, 290.933349609, 234.613998413, 249.185653687, 133.710586548, 74.1417999268, 55.8153114319, 39.1832504272, 66.0455169678, 54.9391212463, 20.4943408966, 9.74978065491, 1.76933372021, 0.251271545887, 0.0182495638728, 0.00513019552454, 0.00232234294526, 0.000816725660115, 0.000200564900297, 0.000148453182192],
        "mean": [0.0121364034712, 0.309999555349, 1.13516151905, 1.31470477581, 2.73326134682, 8.55654430389, 18.7727985382, 22.9862422943, 29.5623817444, 31.487657547, 36.9725990295, 54.7829322815, 65.5199737549, 31.3947563171, 27.6791439056, 44.1752204895, 31.2604007721, 23.6733417511, 15.7812166214, 12.7305717468, 10.0198345184, 9.69604587555, 8.59376335144, 7.25293970108, 4.50572681427, 3.52025461197, 3.03041172028, 1.99463653564, 1.44921422005, 0.928446829319, 0.590092658997, 0.302204340696, 0.0966492071748, 0.0134885394946, 0.000478158268379, 5.47961572011e-05, 1.7460934032e-05, 4.72031797472e-06, 1.04068558358e-05, 2.23169499804e-05],
        "min": [2.21917543968e-05, 0.000386596337194, 0.0018702254165, 0.0044820276089, 0.00921524874866, 0.0096897194162, 0.010425186716, 0.0231984816492, 0.0372383184731, 0.0457831509411, 0.0717555433512, 0.044145822525, 0.032917290926, 0.0106698079035, 0.0213031861931, 0.0160175096244, 0.0214222408831, 0.0275248587132, 0.0324962362647, 0.0339950248599, 0.0622167959809, 0.0851799175143, 0.0796450972557, 0.0671882629395, 0.0509696863592, 0.058200314641, 0.0545176751912, 0.044705349952, 0.0330726504326, 0.0121722333133, 0.0086222384125, 0.00699569517747, 0.00445154635236, 0.000741298717912, 2.07968478207e-05, 1.78003017481e-06, 5.69321287003e-07, 1.00358910515e-07, 2.29693057463e-07, 3.86303042887e-07],
        "stdev": [0.0218517109752, 0.718148708344, 3.40309643745, 4.93625450134, 5.37613916397, 17.8901424408, 42.1377983093, 50.2174797058, 77.3157272339, 76.0835952759, 85.1477737427, 183.623245239, 196.897354126, 98.6977844238, 90.6567764282, 165.466659546, 103.907562256, 77.9309463501, 40.7765159607, 28.203042984, 20.2369804382, 21.7339611053, 17.224609375, 16.3073825836, 7.62029743195, 5.78617572784, 4.43622541428, 2.92047858238, 3.17418932915, 2.29896068573, 1.19376480579, 0.535607099533, 0.134541392326, 0.0203288756311, 0.000903332082089, 0.000191100640222, 7.79902402428e-05, 2.57453939412e-05, 1.19205506053e-05, 2.32923139265e-05]
    },
    "gfcc": {
        "mean": [-84.9129867554, 144.764694214, -162.165969849, 51.694568634, -82.299697876, -0.686955153942, -25.1012115479, -12.4284849167, 4.65600013733, -22.5438365936, 8.72205734253, -17.6148586273, 7.74123859406],
        "cov": [[3043.85107422, 520.393249512, -599.173278809, -810.725158691, 144.264480591, -15.4962911606, 298.847564697, -159.479980469, -14.0632562637, -55.6983108521, -40.8783454895, -79.2899703979, -176.854217529], [520.393249512, 498.864044189, 9.23352909088, -258.443206787, 103.002456665, -74.8821716309, 100.801605225, -42.4755783081, 14.791009903, -19.1756210327, 23.7864017487, -42.4075202942, -4.99249505997], [-599.173278809, 9.23352909088, 752.063049316, 272.684204102, -182.834533691, -75.8270568848, -168.169235229, 58.3703765869, 18.312915802, -21.6876564026, -8.77889919281, -9.17863941193, 64.0083999634], [-810.725158691, -258.443206787, 272.684204102, 606.263793945, 45.0462036133, 104.920715332, -145.781433105, 30.5363388062, 10.2185964584, 30.8741016388, -7.53022003174, -8.68402576447, -24.4913978577], [144.264480591, 103.002456665, -182.834533691, 45.0462036133, 263.799865723, 103.965423584, 66.5493164062, -18.6300010681, 17.3646240234, 22.9863758087, 10.8747091293, -13.2804536819, -52.2524452209], [-15.4962911606, -74.8821716309, -75.8270568848, 104.920715332, 103.965423584, 296.135681152, 91.7997283936, -29.0357437134, 4.0618185997, 28.9566898346, -20.7839736938, -7.6570482254, -48.9841918945], [298.847564697, 100.801605225, -168.169235229, -145.781433105, 66.5493164062, 91.7997283936, 224.390090942, 14.3519363403, -3.19992780685, 0.485186129808, -9.86537265778, -11.1172990799, -24.8403682709], [-159.479980469, -42.4755783081, 58.3703765869, 30.5363388062, -18.6300010681, -29.0357437134, 14.3519363403, 143.072692871, 39.5546379089, -8.10964775085, 2.76242208481, -5.33061552048, 11.8252668381], [-14.0632562637, 14.791009903, 18.312915802, 10.2185964584, 17.3646240234, 4.0618185997, -3.19992780685, 39.5546379089, 92.3031234741, 37.5711212158, 1.11787676811, -0.0677791312337, -4.11281681061], [-55.6983108521, -19.1756210327, -21.6876564026, 30.8741016388, 22.9863758087, 28.9566898346, 0.485186129808, -8.10964775085, 37.5711212158, 91.0592346191, 35.871055603, 6.69915103912, -2.11915159225], [-40.8783454895, 23.7864017487, -8.77889919281, -7.53022003174, 10.8747091293, -20.7839736938, -9.86537265778, 2.76242208481, 1.11787676811, 35.871055603, 78.9035949707, 34.7370986938, 0.0111635047942], [-79.2899703979, -42.4075202942, -9.17863941193, -8.68402576447, -13.2804536819, -7.6570482254, -11.1172990799, -5.33061552048, -0.0677791312337, 6.69915103912, 34.7370986938, 92.4661178589, 42.0768165588], [-176.854217529, -4.99249505997, 64.0083999634, -24.4913978577, -52.2524452209, -48.9841918945, -24.8403682709, 11.8252668381, -4.11281681061, -2.11915159225, 0.0111635047942, 42.0768165588, 111.753814697]],
        "icov": [[0.000727285863832, -0.000322112580761, 0.000134943780722, 0.000791399157606, -7.4318042607e-05, 5.13868908456e-05, -7.60022594477e-05, 0.000384624639992, -4.96746688441e-05, -2.58351174125e-05, 0.000692318717483, -0.000260761298705, 0.00125868828036], [-0.000322112580761, 0.00712434947491, -0.00294326897711, 0.00266022584401, -0.00494403997436, 0.00225507374853, -0.00330629688688, 0.00428702495992, -0.00367286289111, 0.00396456150338, -0.0057474328205, 0.00527248717844, -0.00247903657146], [0.000134943780722, -0.00294326897711, 0.00367228523828, -0.00233536865562, 0.00368427042849, -0.000985423917882, 0.00176082213875, -0.0016742242733, 0.000141091295518, -5.05638454342e-05, 0.00098827003967, -0.000710738589987, -0.000402090372518], [0.000791399157606, 0.00266022584401, -0.00233536865562, 0.00564357032999, -0.00369827472605, -0.00051056680968, 0.00121912301984, 0.000425196718425, 0.000443192722742, -0.000615292286966, 0.000291113887215, 0.000866867951117, 0.00189691921696], [-7.4318042607e-05, -0.00494403997436, 0.00368427042849, -0.00369827472605, 0.00978098064661, -0.00260792043991, 0.00106406467967, -0.00190541660413, 4.69446349598e-05, -0.0010143093532, 0.00103120575659, -0.00203812401742, 0.001358881942], [5.13868908456e-05, 0.00225507374853, -0.000985423917882, -0.00051056680968, -0.00260792043991, 0.00670192623511, -0.00413540704176, 0.00274197710678, -0.00085240410408, -0.000822737521958, 0.00113532156684, -0.000111759647552, 0.00113845290616], [-7.60022594477e-05, -0.00330629688688, 0.00176082213875, 0.00121912301984, 0.00106406467967, -0.00413540704176, 0.0101589979604, -0.00535262655467, 0.00399532774463, -0.00323177035898, 0.00402479944751, -0.00254668155685, 0.00154426298104], [0.000384624639992, 0.00428702495992, -0.0016742242733, 0.000425196718425, -0.00190541660413, 0.00274197710678, -0.00535262655467, 0.0137382457033, -0.00934608839452, 0.00769927399233, -0.00729892402887, 0.00574075430632, -0.00283891218714], [-4.96746688441e-05, -0.00367286289111, 0.000141091295518, 0.000443192722742, 4.69446349598e-05, -0.00085240410408, 0.00399532774463, -0.00934608839452, 0.0212307758629, -0.0139075024053, 0.0107503281906, -0.00680048437789, 0.0043759974651], [-2.58351174125e-05, 0.00396456150338, -5.05638454342e-05, -0.000615292286966, -0.0010143093532, -0.000822737521958, -0.00323177035898, 0.00769927399233, -0.0139075024053, 0.0248670373112, -0.0169651452452, 0.00870992150158, -0.00565558159724], [0.000692318717483, -0.0057474328205, 0.00098827003967, 0.000291113887215, 0.00103120575659, 0.00113532156684, 0.00402479944751, -0.00729892402887, 0.0107503281906, -0.0169651452452, 0.0303778667003, -0.0159009471536, 0.00904118828475], [-0.000260761298705, 0.00527248717844, -0.000710738589987, 0.000866867951117, -0.00203812401742, -0.000111759647552, -0.00254668155685, 0.00574075430632, -0.00680048437789, 0.00870992150158, -0.0159009471536, 0.0228286329657, -0.0104343453422], [0.00125868828036, -0.00247903657146, -0.000402090372518, 0.00189691921696, 0.001358881942, 0.00113845290616, 0.00154426298104, -0.00283891218714, 0.0043759974651, -0.00565558159724, 0.00904118828475, -0.0104343453422, 0.0172350350767]]
    },
    "melbands": {
        "max": [0.00410889461637, 0.0159984882921, 0.0131563954055, 0.00893487967551, 0.0119982231408, 0.0107004418969, 0.0153863076121, 0.00802960246801, 0.00889912527055, 0.017880840227, 0.0133991772309, 0.00585464295, 0.00696998508647, 0.00658476166427, 0.00814509857446, 0.00437858793885, 0.00338480761275, 0.00129957206082, 0.00101201189682, 0.000719570671208, 0.000306340982206, 0.000399894546717, 0.000137161085149, 0.000248663331149, 0.000260764616542, 0.000139229407068, 4.22990633524e-05, 5.28755481355e-05, 4.52710082754e-05, 2.6976405934e-05, 2.82031705865e-05, 4.73512409371e-05, 3.14297940349e-05, 2.68526073341e-05, 1.28076662804e-05, 1.17961853903e-05, 4.08666710427e-06, 1.49479410538e-06, 5.70261363464e-07, 9.9356981309e-08],
        "mean": [0.000205171279958, 0.000533261219971, 0.000261371402303, 0.000381651945645, 0.000629121495876, 0.00053739361465, 0.000437547627371, 0.000345115025993, 0.000319395767292, 0.000346079672454, 0.000321115221595, 0.000121377423056, 9.61862169788e-05, 9.2921894975e-05, 0.000113204790978, 5.62946806895e-05, 4.37775961473e-05, 2.49430522672e-05, 2.2719226763e-05, 1.42547869473e-05, 1.12564566734e-05, 1.12229099614e-05, 7.53182439439e-06, 6.70681629344e-06, 6.03563375989e-06, 3.35654613082e-06, 2.69900169769e-06, 2.2904710022e-06, 2.13061707655e-06, 1.47007438045e-06, 9.99496251097e-07, 8.64053220084e-07, 5.71824557483e-07, 4.90174443257e-07, 3.49025668811e-07, 2.58438291212e-07, 1.56102018423e-07, 7.67552634784e-08, 2.88012795835e-08, 4.09795308798e-09],
        "min": [1.76931067131e-07, 1.4219813238e-06, 3.67050319028e-07, 7.82379743214e-07, 3.35947959229e-07, 4.8549946996e-07, 6.23499943231e-07, 4.4206510097e-07, 2.60785611772e-07, 2.10684589774e-07, 1.2583805642e-07, 3.61215164446e-08, 5.86348036791e-08, 3.88843517385e-08, 2.65104400654e-08, 3.83235736479e-08, 2.87568884261e-08, 6.99384443692e-08, 1.69433995723e-08, 6.17307804873e-08, 6.30138998758e-08, 7.72539436866e-08, 7.17143180395e-08, 6.99542113125e-08, 3.94404118254e-08, 2.35137012083e-08, 3.70184629617e-08, 3.27275309076e-08, 3.60082452744e-08, 3.34172796101e-08, 2.22693792296e-08, 2.01007903655e-08, 1.19971810264e-08, 4.66071670147e-09, 4.07653466539e-09, 7.02308522449e-09, 3.18863535576e-09, 3.51782136754e-09, 1.83963722034e-09, 2.59301018157e-11],
        "stdev": [0.000422834738856, 0.00141142238863, 0.000737882684916, 0.000734905712306, 0.00131763995159, 0.0011228750227, 0.00112013064791, 0.000806159165222, 0.000772591622081, 0.00121826271061, 0.000996154150926, 0.000385924358852, 0.0003711450845, 0.000352945498889, 0.00049343786668, 0.000226811258472, 0.000165291683516, 7.38163071219e-05, 6.33709205431e-05, 3.44682266586e-05, 2.40310837398e-05, 2.75498878182e-05, 1.37448132591e-05, 1.51448430188e-05, 1.55908219313e-05, 6.62128468321e-06, 4.50799325336e-06, 4.0892296056e-06, 3.56135683433e-06, 2.21054870053e-06, 1.67709254129e-06, 2.12700592783e-06, 1.38026189234e-06, 1.26897134578e-06, 7.13510360129e-07, 5.30855572833e-07, 2.67157702183e-07, 1.10655030028e-07, 4.15071248483e-08, 8.23389711968e-09]
    },
    "melbands128": {
        "max": [0.000225448864512, 0.000955644063652, 0.00533014442772, 0.0142809180543, 0.0226800218225, 0.0204460099339, 0.0260593779385, 0.0115639260039, 0.0100082987919, 0.0132140684873, 0.0125326309353, 0.0242184568197, 0.0197274833918, 0.0257271304727, 0.016808738932, 0.0188742708415, 0.0305146500468, 0.0211292989552, 0.0333412028849, 0.0120264934376, 0.0121903931722, 0.0151500469074, 0.0160961672664, 0.0210615247488, 0.0341659262776, 0.0324863307178, 0.011935739778, 0.0206037722528, 0.0219553541392, 0.00415814807639, 0.0117591768503, 0.0196873806417, 0.00796335469931, 0.0109988963231, 0.00787812098861, 0.0120028946549, 0.0131288664415, 0.015248474665, 0.00762326736003, 0.00175789743662, 0.0101926382631, 0.00190162088256, 0.00357246864587, 0.00785718951374, 0.00193992629647, 0.000954237999395, 0.00267603411339, 0.00183775019832, 0.00132094766013, 0.000922395323869, 0.00154286902398, 0.000906588393264, 0.00057155569084, 0.000758393551223, 0.00094306707615, 0.000449995219242, 0.000678829092067, 0.000300648069242, 0.000355805794243, 0.00061547633959, 0.000454304536106, 0.00030199936009, 0.000346516171703, 0.000478380039567, 0.000211963764741, 0.000208065612242, 0.000189413913176, 9.81633420452e-05, 7.52997657401e-05, 7.71151899244e-05, 0.000116045237519, 9.86743689282e-05, 0.000105525985418, 8.88468202902e-05, 5.50835757167e-05, 5.49867290829e-05, 4.12925837736e-05, 4.86043572892e-05, 6.49542998872e-05, 2.68215444521e-05, 4.48047430837e-05, 9.91735723801e-05, 1.732223609e-05, 4.74579101137e-05, 4.41374249931e-05, 4.89949234179e-05, 3.1545474485e-05, 2.28394619626e-05, 1.17696863526e-05, 1.19745727716e-05, 1.89121365111e-05, 8.818527931e-06, 6.10651431998e-06, 4.72996134704e-06, 2.94110827781e-06, 2.40316285272e-06, 2.24796212933e-06, 8.36811807403e-07, 8.55954340295e-07, 5.65085599646e-07, 1.9916805627e-07, 7.71979529191e-08, 8.28936279618e-08, 1.63033355705e-08, 1.06127187038e-08, 1.00541717174e-08, 9.54545420484e-09, 9.08191122306e-09, 8.65739124833e-09, 8.27027868411e-09, 7.90515297666e-09, 7.57926787998e-09, 7.26723348166e-09, 6.98748126027e-09, 6.72793465384e-09, 6.48813625048e-09, 6.26956708771e-09, 6.06921668478e-09, 5.88582427241e-09, 5.72152014655e-09, 5.57419088665e-09, 5.44782929879e-09, 5.33059818508e-09, 5.23085752491e-09, 5.15474152252e-09, 5.0872612789e-09, 5.04194863638e-09, 5.01427654953e-09],
        "mean": [8.70517669682e-06, 4.23375749961e-05, 0.000224138522753, 0.000627070432529, 0.000673582777381, 0.000388363288948, 0.000256818661001, 0.000225660085562, 0.0002544245217, 0.000332867610268, 0.000476952118333, 0.000658422301058, 0.000677174306475, 0.000604743079748, 0.000481976545416, 0.000515790423378, 0.000589766714256, 0.000360448670108, 0.000366614898667, 0.000333048141329, 0.000381554622436, 0.000240234599914, 0.000322928681271, 0.000384507147828, 0.000327215966536, 0.000391700566979, 0.00024527811911, 0.000470616651, 0.000204600815778, 7.21894539311e-05, 0.000119214484585, 0.000153442888404, 6.395681703e-05, 0.000106315434095, 4.40476724179e-05, 0.000105752878881, 0.000143981538713, 0.000140439820825, 7.51443731133e-05, 3.84516024496e-05, 8.71615338838e-05, 2.21380450967e-05, 3.58631332347e-05, 7.07528088242e-05, 1.97615045181e-05, 1.89822530956e-05, 2.36742653215e-05, 2.71286389761e-05, 2.135934119e-05, 9.34678519116e-06, 1.65998681041e-05, 1.66890476976e-05, 6.16862052993e-06, 1.08711865323e-05, 1.76863104571e-05, 9.80232562142e-06, 8.19359593152e-06, 6.17608930042e-06, 7.04267540641e-06, 1.10746386781e-05, 5.75401691094e-06, 3.88595617551e-06, 8.11424160929e-06, 6.17005025561e-06, 3.79230027647e-06, 2.7884402698e-06, 3.83623500966e-06, 2.79413779936e-06, 2.64104096459e-06, 2.03667673304e-06, 1.93210939869e-06, 2.86274166683e-06, 2.49838967648e-06, 2.1068967726e-06, 1.38705968311e-06, 1.62043181717e-06, 1.46116678934e-06, 1.17765682717e-06, 1.02489798337e-06, 6.95686537711e-07, 7.71973077462e-07, 1.12659711249e-06, 6.42725694888e-07, 4.63318230004e-07, 5.29928229298e-07, 5.76633681248e-07, 4.5533582238e-07, 3.68353170188e-07, 3.40967545753e-07, 3.42586389479e-07, 2.98682721223e-07, 2.2677058098e-07, 2.03612103178e-07, 1.64495261856e-07, 1.26067064343e-07, 8.9965297434e-08, 7.33665359576e-08, 4.41910152915e-08, 3.14679517999e-08, 2.0185439098e-08, 7.92914089942e-09, 5.01610641912e-10, 1.87834817145e-10, 5.69055531863e-11, 4.01333098698e-11, 3.77108171079e-11, 3.412704494e-11, 3.18994899939e-11, 3.05360563224e-11, 2.4759016018e-11, 2.12990389215e-11, 2.12742531924e-11, 1.98290515951e-11, 1.79053976507e-11, 1.67617794644e-11, 1.49397647031e-11, 1.18670984497e-11, 9.15499186877e-12, 8.8454842409e-12, 8.60492406496e-12, 8.38876884623e-12, 8.20319853712e-12, 8.03189546122e-12, 7.88469116386e-12, 7.77175199196e-12, 7.6746846725e-12, 7.60769138658e-12, 7.56731916712e-12],
        "min": [2.51037057808e-09, 4.31926778788e-08, 3.66891335091e-08, 2.5883147714e-07, 1.36702297482e-07, 1.05320232535e-07, 7.25698185988e-08, 1.03453523081e-07, 8.60128395175e-08, 1.59780213949e-07, 2.69574542244e-07, 1.26781756649e-07, 2.74119543064e-07, 2.46775414325e-07, 1.28584687786e-07, 4.47624337596e-08, 2.10402077983e-07, 1.28536640887e-07, 1.4989915087e-07, 1.64298285199e-07, 1.16927211025e-07, 6.11527397609e-08, 3.80064477667e-08, 1.67346101421e-08, 6.3647718207e-08, 5.07685484763e-08, 2.92246458145e-08, 2.17880877784e-08, 5.36275415186e-08, 1.67787987948e-08, 1.625332402e-08, 5.92888724782e-08, 3.76676680958e-08, 5.60493429447e-09, 6.12314643433e-09, 3.63271768222e-09, 7.0005268249e-09, 1.1001553446e-08, 1.00086152699e-08, 8.00727573136e-09, 3.68620667324e-09, 7.1234378396e-09, 9.0464817859e-09, 2.70682924963e-08, 1.40627287593e-08, 1.45105243377e-08, 1.0406260742e-08, 2.3021865303e-08, 1.47193937039e-08, 1.17080238837e-08, 2.18207443226e-08, 1.70803957644e-08, 5.26250509836e-09, 1.49874832545e-08, 4.07371487654e-08, 1.18923768611e-08, 1.18856844367e-08, 1.60586637321e-08, 2.35699371132e-08, 3.25722204764e-08, 3.02887350756e-08, 1.90978290959e-08, 4.9906347499e-08, 2.59498378341e-08, 1.64586193563e-08, 1.52893555594e-08, 1.66383085087e-08, 1.35804567591e-08, 1.08732800541e-08, 7.56730411666e-09, 1.2020625384e-08, 1.79277304113e-08, 3.89710805848e-08, 2.44552609274e-08, 1.28639303654e-08, 1.31451702856e-08, 2.85165544511e-08, 1.21632801608e-08, 1.73293432937e-08, 1.22174190764e-08, 5.02232522237e-09, 6.98873225957e-09, 6.11117689786e-09, 8.94634943904e-09, 4.89960871874e-09, 1.48570156178e-09, 1.60692237294e-09, 1.6740429043e-09, 4.29045776684e-09, 3.56533558232e-09, 1.74519254603e-09, 2.89657497987e-09, 2.31994023991e-09, 4.61753441039e-10, 1.73862779729e-09, 2.82931233997e-09, 7.37218119884e-10, 5.42298317363e-10, 6.49566289646e-10, 2.28546001568e-10, 4.04327136008e-12, 1.01877890618e-13, 1.87113457459e-14, 1.12192258251e-14, 1.20169131739e-14, 9.79384894581e-15, 1.40451462716e-14, 1.28776477261e-14, 1.38499263531e-14, 1.61761219247e-14, 1.28119984375e-14, 1.26038256912e-14, 1.06130034977e-14, 1.31557582889e-14, 1.3487945129e-14, 1.15646704249e-14, 1.48521975697e-14, 1.36347977722e-14, 1.16512253337e-14, 8.9856372126e-15, 1.30845092655e-14, 1.46956336938e-14, 1.151729079e-14, 1.11509388759e-14, 1.34753760071e-14, 1.33972566995e-14, 1.20111169274e-14, 1.16764863972e-14],
        "stdev": [1.53440741997e-05, 6.33790550637e-05, 0.000496107968502, 0.00151443551295, 0.00206305133179, 0.00124273973051, 0.00122268160339, 0.000647183100227, 0.000578443752602, 0.000913780997507, 0.0011489407625, 0.001792851137, 0.00181998265907, 0.00174632691778, 0.00139541039243, 0.00146113696974, 0.00197452912107, 0.00122382724658, 0.00151512422599, 0.00100509647746, 0.00101723859552, 0.000832618330605, 0.00102189322934, 0.00138722872362, 0.00157486193348, 0.00212500523776, 0.000921016035136, 0.0017228560755, 0.000967863656115, 0.00021840906993, 0.000599874940235, 0.000923808780499, 0.000350937829353, 0.00045355639304, 0.000264591246378, 0.000591733318288, 0.000668026390485, 0.00086240132805, 0.000398519012379, 0.000121290162497, 0.000473822816275, 0.00010429075337, 0.00015059162979, 0.000364393927157, 9.60670804488e-05, 6.97761424817e-05, 0.000110549735837, 9.637826588e-05, 6.94682166795e-05, 3.13140008075e-05, 5.81780295761e-05, 4.79165755678e-05, 2.11699098145e-05, 3.44136205968e-05, 5.68234099774e-05, 3.16091827699e-05, 3.10655850626e-05, 1.72078616743e-05, 1.6979936845e-05, 3.3900654671e-05, 2.01982602448e-05, 1.21671591842e-05, 2.32033398788e-05, 2.32285237871e-05, 1.31094575408e-05, 7.30758074496e-06, 9.92220338958e-06, 5.44712156625e-06, 6.12613575868e-06, 5.21396532349e-06, 4.99576708535e-06, 6.63438777337e-06, 5.58111287319e-06, 4.74058379041e-06, 2.57303554463e-06, 3.3811954836e-06, 2.60542037722e-06, 2.71377803074e-06, 2.73430828202e-06, 1.3151981193e-06, 2.11024621422e-06, 3.79820812668e-06, 1.32199011205e-06, 1.51880249177e-06, 1.68626775121e-06, 1.82111477898e-06, 1.28960709844e-06, 1.02775572941e-06, 7.23722905605e-07, 8.08181766843e-07, 7.59999068123e-07, 4.77143828448e-07, 4.09423904557e-07, 3.19132027471e-07, 2.14187835468e-07, 1.50333889337e-07, 1.22281804238e-07, 6.3232839409e-08, 5.0095323445e-08, 4.09451850203e-08, 1.54810191333e-08, 3.89494791975e-09, 2.39252595513e-09, 6.36290353739e-10, 4.20145973568e-10, 3.8611100428e-10, 3.55483864567e-10, 3.30568350471e-10, 3.32978367101e-10, 2.84086920654e-10, 2.61011351421e-10, 2.5356580724e-10, 2.41691555658e-10, 2.26251198332e-10, 2.17616855092e-10, 2.06252612212e-10, 1.94677926557e-10, 1.87345680636e-10, 1.81720374859e-10, 1.76603232038e-10, 1.72074521299e-10, 1.68190350536e-10, 1.64564556426e-10, 1.61475527394e-10, 1.59128474286e-10, 1.5706164147e-10, 1.55648785527e-10, 1.54803239671e-10]
    },
    "mfcc": {
        "mean": [-698.156799316, 136.932113647, -11.8785600662, 31.9644145966, -17.3079967499, 3.22683620453, -16.0254001617, 5.71696090698, -7.24081993103, 5.96785259247, -10.2453813553, 5.31968736649, -6.80330085754],
        "cov": [[3133.12695312, 746.769104004, -877.660400391, -508.268157959, -325.385467529, 150.374938965, 69.4972686768, 50.9203796387, -69.7374191284, 60.4959335327, 76.9632568359, 47.9759559631, -63.1743583679], [746.769104004, 780.427734375, -216.667633057, -194.430404663, -122.230400085, -53.7559356689, 44.9354362488, -18.2681617737, 1.63927054405, 7.50426197052, -3.98516559601, 18.6532707214, -10.0109891891], [-877.660400391, -216.667633057, 845.524169922, 227.097396851, 118.917709351, -100.481002808, -87.4632949829, -40.4963645935, 24.1928844452, -38.9709587097, -42.2079048157, -1.52539217472, -13.758436203], [-508.268157959, -194.430404663, 227.097396851, 306.325500488, 148.799667358, -42.5632553101, -30.6606502533, -19.2349395752, 2.14074659348, -15.1815690994, -1.72802555561, 22.5092048645, 11.5190057755], [-325.385467529, -122.230400085, 118.917709351, 148.799667358, 229.829971313, 40.0160331726, -19.4927082062, -1.74701356888, 1.9779394865, 5.74367666245, 10.8144426346, 21.5415935516, 25.7257537842], [150.374938965, -53.7559356689, -100.481002808, -42.5632553101, 40.0160331726, 312.997375488, 77.9974517822, 40.4971084595, -8.00198745728, 54.3465843201, 22.4446315765, -15.433429718, 49.9909553528], [69.4972686768, 44.9354362488, -87.4632949829, -30.6606502533, -19.4927082062, 77.9974517822, 139.60484314, 49.6031799316, 12.2218160629, 26.8189220428, 12.5053062439, -6.62908983231, 15.3114519119], [50.9203796387, -18.2681617737, -40.4963645935, -19.2349395752, -1.74701356888, 40.4971084595, 49.6031799316, 121.591819763, 33.7710075378, 17.7807769775, 17.9663448334, 0.519196271896, 4.91368055344], [-69.7374191284, 1.63927054405, 24.1928844452, 2.14074659348, 1.9779394865, -8.00198745728, 12.2218160629, 33.7710075378, 103.019371033, 34.7514953613, 2.03777885437, -6.45711421967, -3.94283390045], [60.4959335327, 7.50426197052, -38.9709587097, -15.1815690994, 5.74367666245, 54.3465843201, 26.8189220428, 17.7807769775, 34.7514953613, 115.018470764, 38.3134269714, 2.05540084839, 5.96991443634], [76.9632568359, -3.98516559601, -42.2079048157, -1.72802555561, 10.8144426346, 22.4446315765, 12.5053062439, 17.9663448334, 2.03777885437, 38.3134269714, 92.5766296387, 29.8176841736, 9.57576274872], [47.9759559631, 18.6532707214, -1.52539217472, 22.5092048645, 21.5415935516, -15.433429718, -6.62908983231, 0.519196271896, -6.45711421967, 2.05540084839, 29.8176841736, 87.4492263794, 26.0136470795], [-63.1743583679, -10.0109891891, -13.758436203, 11.5190057755, 25.7257537842, 49.9909553528, 15.3114519119, 4.91368055344, -3.94283390045, 5.96991443634, 9.57576274872, 26.0136470795, 105.584884644]],
        "icov": [[0.000692632398568, -0.000438187213149, 0.00042275476153, 0.000329371308908, 0.000422511890065, -0.000447727827122, 0.000444096222054, -0.000278996332781, 0.000388606422348, -9.8555101431e-05, -0.000179998853127, -0.000608501897659, 0.000635980570223], [-0.000438187213149, 0.00198782957159, -7.67665987951e-05, 0.000793609186076, -0.000205006159376, 0.000828909571283, -0.00103699532337, 0.000806912372354, -0.00041850132402, -7.44727076381e-05, 0.000423724355642, -0.000340624508681, -0.000365894840797], [0.00042275476153, -7.67665987951e-05, 0.00189734587912, -0.000697100011166, 5.54993603146e-05, -5.02068032802e-05, 0.000783505383879, 1.98984489543e-05, -0.000289885792881, 0.000105580569652, 0.000392214511521, -0.00026604818413, 0.000477840716485], [0.000329371308908, 0.000793609186076, -0.000697100011166, 0.00655996939167, -0.00315177370794, 0.00107458524872, -0.000785238109529, 0.00065070571145, 0.000153510074597, 0.000118766358355, -3.80245401175e-05, -0.00115493044723, 9.55590585363e-05], [0.000422511890065, -0.000205006159376, 5.54993603146e-05, -0.00315177370794, 0.00746279535815, -0.00187985529192, 0.00149245245848, -0.000463881646283, 1.92388961295e-05, -0.000199163987418, -0.00042591340025, -0.00122318696231, -0.000186685691006], [-0.000447727827122, 0.000828909571283, -5.02068032802e-05, 0.00107458524872, -0.00187985529192, 0.00536679010838, -0.00239135860465, -0.000358734308975, 0.0011629316723, -0.00181867426727, 0.000101507706859, 0.00181317946408, -0.00234223762527], [0.000444096222054, -0.00103699532337, 0.000783505383879, -0.000785238109529, 0.00149245245848, -0.00239135860465, 0.0106373429298, -0.00361538305879, 0.000166916157468, -0.000864476140123, -0.000145986923599, 0.00039723579539, -0.000280097126961], [-0.000278996332781, 0.000806912372354, 1.98984489543e-05, 0.00065070571145, -0.000463881646283, -0.000358734308975, -0.00361538305879, 0.0113011645153, -0.00389543408528, 0.00118455023039, -0.00160212838091, -0.000282759603579, 0.000124932543258], [0.000388606422348, -0.00041850132402, -0.000289885792881, 0.000153510074597, 1.92388961295e-05, 0.0011629316723, 0.000166916157468, -0.00389543408528, 0.0129756424576, -0.00465268222615, 0.00140590919182, 0.000592112075537, 0.0002143218735], [-9.8555101431e-05, -7.44727076381e-05, 0.000105580569652, 0.000118766358355, -0.000199163987418, -0.00181867426727, -0.000864476140123, 0.00118455023039, -0.00465268222615, 0.0127048352733, -0.00491280620918, 0.000637179007754, 0.000311092182528], [-0.000179998853127, 0.000423724355642, 0.000392214511521, -3.80245401175e-05, -0.00042591340025, 0.000101507706859, -0.000145986923599, -0.00160212838091, 0.00140590919182, -0.00491280620918, 0.0150372870266, -0.00485124532133, 0.000300917483401], [-0.000608501897659, -0.000340624508681, -0.00026604818413, -0.00115493044723, -0.00122318696231, 0.00181317946408, 0.00039723579539, -0.000282759603579, 0.000592112075537, 0.000637179007754, -0.00485124532133, 0.0157700423151, -0.00436925934628], [0.000635980570223, -0.000365894840797, 0.000477840716485, 9.55590585363e-05, -0.000186685691006, -0.00234223762527, -0.000280097126961, 0.000124932543258, 0.0002143218735, 0.000311092182528, 0.000300917483401, -0.00436925934628, 0.0120975943282]]
    },
    "spectral_contrast_coeffs": {
        "max": [-0.347282111645, -0.390167176723, -0.431462079287, -0.581896066666, -0.648116707802, -0.536404192448],
        "mean": [-0.690959632397, -0.722881197929, -0.736613869667, -0.784005820751, -0.799003601074, -0.688261926174],
        "min": [-0.908210456371, -0.914238631725, -0.912078619003, -0.895439743996, -0.877472400665, -0.936505377293],
        "stdev": [0.0940725803375, 0.0967045649886, 0.0838393196464, 0.0520868189633, 0.0385950133204, 0.0387571454048]
    },
    "spectral_contrast_valleys": {
        "max": [-5.12698888779, -4.78121805191, -5.4806022644, -5.9974732399, -6.30319452286, -9.81737327576],
        "mean": [-7.33775663376, -6.98149347305, -7.9372882843, -8.25660228729, -8.02916431427, -11.8198852539],
        "min": [-9.17215442657, -8.8052148819, -9.85632896423, -10.0367326736, -9.35414409637, -13.346903801],
        "stdev": [0.651937842369, 0.820507645607, 0.896949887276, 0.760029673576, 0.506341993809, 0.495117604733]
    }
},
"rhythm": {
    "beats_count": 107,
    "beats_loudness": {
        "max": 0.097066745162,
        "mean": 0.0258592572063,
        "min": 0.000358544668416,
        "stdev": 0.0220317970961
    },
    "bpm": 139.051467896,
    "bpm_histogram_first_peak_bpm": 140,
    "bpm_histogram_first_peak_weight": 0.385964930058,
    "bpm_histogram_second_peak_bpm": 133,
    "bpm_histogram_second_peak_spread": 0.319999992847,
    "bpm_histogram_second_peak_weight": 0.16037735343,
    "danceability": 0.998295128345,
    "onset_rate": 2.7890625,
    "beats_loudness_band_ratio": {
        "max": [0.927233934402, 0.844973266125, 0.90205013752, 0.666667282581, 0.243242934346, 0.459373354912],
        "mean": [0.20931635797, 0.253645271063, 0.350940555334, 0.161194756627, 0.0576547645032, 0.035306353122],
        "min": [0.00359937851317, 0.00880915019661, 0.013364110142, 0.00102694786619, 0.00103340356145, 0.0013999317307],
        "stdev": [0.229990810156, 0.193067237735, 0.252561181784, 0.169095486403, 0.057478480041, 0.0639256089926]
    },
