{
"metadata": {
    "version": {
        "essentia": "2.1-beta5",
        "essentia_git_sha": "Undefined",
        "extractor": "music 2.0"
    },
    "audio_properties": {
        "analysis": {
            "equal_loudness": 0,
            "length": 12.7477550507,
            "sample_rate": 44100,
            "start_time": 0,
            "downmix": "mix"
        },
        "bit_rate": 192000,
        "length": 171.525817871,
        "lossless": 0,
        "number_channels": 2,
        "replay_gain": 3.44158744812,
        "sample_rate": 48000,
        "codec": "mp3",
        "md5_encoded": "f97a79a9699f35ffb554185b483f8f2a"
    },
    "tags": {
        "file_name": "Denmark_Uh, Jeg Ville Ønske Jeg Var Dig_Birthe Wilke.mp3",
        "encoding": ["Lavf58.29.100"]
    }
},
"lowlevel": {
    "average_loudness": 0.214740201831,
    "barkbands_crest": {
        "max": 21.6076564789,
        "mean": 8.84882259369,
        "min": 2.98263573647,
        "stdev": 4.2577214241
    },
    "barkbands_flatness_db": {
        "max": 0.301385313272,
        "mean": 0.174232512712,
        "min": 0.095976151526,
        "stdev": 0.036814711988
    },
    "barkbands_kurtosis": {
        "max": 40.1265563965,
        "mean": 3.96638941765,
        "min": -1.59277510643,
        "stdev": 7.29220104218
    },
    "barkbands_skewness": {
        "max": 5.50951719284,
        "mean": 1.18965554237,
        "min": -3.28292655945,
        "stdev": 1.40447735786
    },
    "barkbands_spread": {
        "max": 34.5147781372,
        "mean": 17.1049633026,
        "min": 2.04228973389,
        "stdev": 6.6891412735
    },
    "dissonance": {
        "max": 0.499887645245,
        "mean": 0.467192560434,
        "min": 0.311318457127,
        "stdev": 0.0278696380556
    },
    "dynamic_complexity": 8.22449016571,
    "erbbands_crest": {
        "max": 32.0983276367,
        "mean": 9.92210292816,
        "min": 2.58883309364,
        "stdev": 5.46993637085
    },
    "erbbands_flatness_db": {
        "max": 0.379081994295,
        "mean": 0.205695867538,
        "min": 0.0699309334159,
        "stdev": 0.0500272847712
    },
    "erbbands_kurtosis": {
        "max": 25.8779697418,
        "mean": 1.49608242512,
        "min": -1.4736559391,
        "stdev": 3.06501221657
    },
    "erbbands_skewness": {
        "max": 3.41424632072,
        "mean": 0.214358448982,
        "min": -2.57541584969,
        "stdev": 0.811514496803
    },
    "erbbands_spread": {
        "max": 90.2592010498,
        "mean": 28.5891990662,
        "min": 1.77438879013,
        "stdev": 19.3847103119
    },
    "hfc": {
        "max": 101.632141113,
        "mean": 8.14432239532,
        "min": 0.00524369580671,
        "stdev": 16.679983139
    },
    "loudness_ebu128": {
        "integrated": -27.2927513123,
        "loudness_range": 16.0247020721,
        "momentary": {
            "max": -18.5995407104,
            "mean": -34.7328681946,
            "min": -50.9549484253,
            "stdev": 8.21928596497
        },
        "short_term": {
            "max": -23.9825344086,
            "mean": -30.0504970551,
            "min": -41.3994293213,
            "stdev": 5.05970668793
        }
    },
    "melbands_crest": {
        "max": 31.9177589417,
        "mean": 12.6347408295,
        "min": 3.59043264389,
        "stdev": 5.56675767899
    },
    "melbands_flatness_db": {
        "max": 0.350913822651,
        "mean": 0.224071666598,
        "min": 0.127036571503,
        "stdev": 0.0491820238531
    },
    "melbands_kurtosis": {
        "max": 106.44519043,
        "mean": 10.9487161636,
        "min": -1.67279171944,
        "stdev": 18.830280304
    },
    "melbands_skewness": {
        "max": 8.49153327942,
        "mean": 2.01498007774,
        "min": -3.15006995201,
        "stdev": 1.84046018124
    },
    "melbands_spread": {
        "max": 56.4682312012,
        "mean": 21.8911437988,
        "min": 2.94705486298,
        "stdev": 12.59811306
    },
    "pitch_salience": {
        "max": 0.857585847378,
        "mean": 0.583201527596,
        "min": 0.246235966682,
        "stdev": 0.110263250768
    },
    "silence_rate_20dB": {
        "max": 1,
        "mean": 1,
        "min": 1,
        "stdev": 0
    },
    "silence_rate_30dB": {
        "max": 1,
        "mean": 0.974545478821,
        "min": 0,
        "stdev": 0.157500371337
    },
    "silence_rate_60dB": {
        "max": 1,
        "mean": 0.452727258205,
        "min": 0,
        "stdev": 0.497761458158
    },
    "spectral_centroid": {
        "max": 2482.85058594,
        "mean": 1034.17578125,
        "min": 410.978088379,
        "stdev": 351.665527344
    },
    "spectral_complexity": {
        "max": 52,
        "mean": 9.29090881348,
        "min": 0,
        "stdev": 8.73338127136
    },
    "spectral_decrease": {
        "max": -1.40105798057e-12,
        "mean": -3.33878080738e-09,
        "min": -6.56264589338e-08,
        "stdev": 7.639561872e-09
    },
    "spectral_energy": {
        "max": 0.256907910109,
        "mean": 0.0133400494233,
        "min": 5.76353249926e-06,
        "stdev": 0.0302029773593
    },
    "spectral_energyband_high": {
        "max": 0.0126462327316,
        "mean": 0.000186399003724,
        "min": 2.73101825599e-08,
        "stdev": 0.000793362909462
    },
    "spectral_energyband_low": {
        "max": 0.157441943884,
        "mean": 0.00445075705647,
        "min": 9.84258122116e-07,
        "stdev": 0.0142773268744
    },
    "spectral_energyband_middle_high": {
        "max": 0.0393032766879,
        "mean": 0.0033513547387,
        "min": 2.20003926188e-06,
        "stdev": 0.00609813211486
    },
    "spectral_energyband_middle_low": {
        "max": 0.166267052293,
        "mean": 0.00716981943697,
        "min": 1.69775262293e-06,
        "stdev": 0.0193580947816
    },
    "spectral_entropy": {
        "max": 8.37524604797,
        "mean": 7.3742351532,
        "min": 6.06920719147,
        "stdev": 0.354048490524
    },
    "spectral_flux": {
        "max": 0.331617623568,
        "mean": 0.0418033972383,
        "min": 0.00240073585883,
        "stdev": 0.0397792868316
    },
    "spectral_kurtosis": {
        "max": 20.1995887756,
        "mean": 5.28842306137,
        "min": -0.34051990509,
        "stdev": 3.87977051735
    },
    "spectral_rms": {
        "max": 0.0158316735178,
        "mean": 0.00264275656082,
        "min": 7.49863902456e-05,
        "stdev": 0.00245571136475
    },
    "spectral_rolloff": {
        "max": 4306.640625,
        "mean": 1102.34277344,
        "min": 86.1328125,
        "stdev": 561.261535645
    },
    "spectral_skewness": {
        "max": 3.44771814346,
        "mean": 1.75225627422,
        "min": 0.316594392061,
        "stdev": 0.544755995274
    },
    "spectral_spread": {
        "max": 20489006,
        "mean": 3718804.5,
        "min": 1685834.75,
        "stdev": 1401887.75
    },
    "spectral_strongpeak": {
        "max": 7.49590206146,
        "mean": 0.565628707409,
        "min": 0,
        "stdev": 0.910131514072
    },
    "zerocrossingrate": {
        "max": 0.1552734375,
        "mean": 0.0441876761615,
        "min": 0.0107421875,
        "stdev": 0.0152191063389
    },
    "barkbands": {
        "max": [0.000559364911169, 0.00313021847978, 0.0773077532649, 0.086816906929, 0.0345049872994, 0.0279478505254, 0.0399677418172, 0.0183217860758, 0.0298495553434, 0.0190056432039, 0.00907021760941, 0.0204123109579, 0.0236937589943, 0.0096383895725, 0.00327453017235, 0.00286575267091, 0.00156921870075, 0.0028348066844, 0.00224829930812, 0.00705313077196, 0.00441156560555, 0.00130546209402, 0.000426251906902, 0.000258867512457, 4.68559883302e-05, 3.33646852368e-08, 3.41011663352e-08],
        "mean": [4.90737547807e-05, 0.000704291218426, 0.00215510744601, 0.00179668469355, 0.00145510095172, 0.00113760924432, 0.00127640040591, 0.000413014175138, 0.000636283715721, 0.00080849317601, 0.000579096726142, 0.000559323758353, 0.000714358233381, 0.000375516101485, 0.00021479469433, 0.0001029905834, 4.96288412251e-05, 6.01437895966e-05, 5.24795832462e-05, 8.11984064057e-05, 5.3659954574e-05, 3.70656925952e-05, 1.93003525055e-05, 7.15878968549e-06, 1.27890280055e-06, 9.89531789841e-10, 9.55183265816e-10],
        "min": [8.44518552867e-08, 4.75937810052e-07, 2.22981725528e-07, 1.90141975054e-07, 3.90531312178e-07, 1.69004167105e-07, 7.7519075603e-08, 1.34215866865e-07, 2.48367513223e-07, 1.95661456814e-07, 1.32344197823e-07, 1.0441674192e-07, 6.11960544461e-08, 7.469710539e-08, 9.7043496794e-08, 1.71288938589e-08, 1.68168536874e-08, 2.20820339791e-08, 2.48311238238e-08, 4.77925876652e-09, 5.2396984529e-09, 1.65492941573e-09, 4.65721017306e-09, 7.06011427098e-09, 6.46322195763e-09, 2.40800240858e-10, 2.57219801014e-10],
        "stdev": [6.41062215436e-05, 0.000683607941028, 0.00761252362281, 0.00746199209243, 0.00375651661307, 0.00342808431014, 0.00391225330532, 0.00132931920234, 0.00233527016826, 0.00207140715793, 0.00120135000907, 0.00162466207985, 0.00199961196631, 0.000958332791924, 0.000404623075156, 0.000278098013951, 0.000125003847643, 0.00019781095034, 0.000161823729286, 0.000400397693738, 0.000265660113655, 0.000128340427182, 5.47142117284e-05, 2.56654584518e-05, 4.34439925812e-06, 2.10847628246e-09, 2.14159046052e-09]
    },
    "erbbands": {
        "max": [0.111285477877, 1.18808186054, 47.465171814, 294.763366699, 81.9438323975, 156.901153564, 255.844238281, 240.760116577, 502.087646484, 492.558135986, 276.928161621, 605.939575195, 828.976257324, 220.029769897, 549.68371582, 997.227233887, 867.211669922, 535.211730957, 232.164505005, 124.864837646, 134.312515259, 80.5378265381, 174.155776978, 124.914100647, 74.7528076172, 202.639907837, 376.433685303, 119.997161865, 67.4491043091, 22.9934768677, 12.3977041245, 10.3072910309, 2.72529768944, 0.993677318096, 0.12764672935, 0.00326827960089, 0.000239168017288, 4.76780078316e-05, 0.00012710824376, 0.000288731884211],
        "mean": [0.0216916464269, 0.1745737046, 1.39716625214, 6.54504203796, 3.3857562542, 5.12464332581, 7.51239061356, 9.83165931702, 18.7502994537, 12.961558342, 8.98236083984, 16.763299942, 24.9731578827, 19.8533859253, 28.5197734833, 21.060213089, 27.8330955505, 27.2908744812, 13.9721231461, 8.12239170074, 5.22879743576, 2.63288354874, 3.61491155624, 3.39916729927, 1.84507274628, 2.81189227104, 4.02439165115, 1.71894943714, 1.50789797306, 0.849565684795, 0.462863922119, 0.236151173711, 0.0793859139085, 0.0241554491222, 0.00414487719536, 0.000125750841107, 1.38604973472e-05, 3.20729122905e-06, 7.22029153621e-06, 1.54921126523e-05],
        "min": [1.90176178876e-05, 8.98431026144e-05, 0.000241707006353, 0.000491420563776, 0.000907993002329, 0.00138143519871, 0.00156868633348, 0.0012809690088, 0.00117827800568, 0.00188604590949, 0.00255460594781, 0.00760825630277, 0.00765760662034, 0.00496851280332, 0.00645066983998, 0.00470458902419, 0.00301388511434, 0.00584346288815, 0.0057349880226, 0.00463682599366, 0.00134971097577, 0.00119424099103, 0.001335437526, 0.001587188337, 0.00120998092461, 0.000186744393432, 0.000334971147822, 8.25270617497e-05, 5.86100031796e-05, 0.000124987331219, 0.000134392859763, 0.000223579991143, 6.57726777717e-05, 8.6076943262e-05, 3.3355463529e-05, 2.04334378395e-06, 7.99878591806e-07, 1.56524095019e-07, 4.74105235071e-08, 1.01052108903e-08],
        "stdev": [0.0209222882986, 0.185365021229, 4.70428228378, 25.9095287323, 8.67028903961, 14.8325386047, 23.2382659912, 29.5120105743, 53.869354248, 43.1972923279, 27.250207901, 57.4783058167, 78.6599960327, 38.7702713013, 63.534412384, 68.7595901489, 67.9340591431, 65.2527008057, 27.652765274, 15.3008804321, 13.4304714203, 6.4030380249, 12.0273189545, 10.8395881653, 5.53495979309, 12.1728687286, 21.7672519684, 7.68086004257, 5.53241014481, 2.63895225525, 1.34219360352, 0.845033168793, 0.285385012627, 0.0875186026096, 0.0118272490799, 0.000333954609232, 3.16207551805e-05, 6.84678343532e-06, 1.5871182768e-05, 3.46409942722e-05]
    },
    "gfcc": {
        "mean": [-132.756439209, 144.161834717, -140.919647217, 40.4580612183, -65.315574646, 33.3182296753, -29.4942340851, -9.96173286438, -6.32702541351, -9.10885429382, 6.61701107025, -14.6244411469, 1.90209293365],
        "cov": [[9080.46972656, 1371.63525391, -1830.31506348, -360.354431152, -51.6484146118, -703.448059082, 415.505950928, -697.124755859, -8.07779598236, -761.503601074, -108.52256012, -614.816040039, -200.121109009], [1371.63525391, 500.810791016, -83.4118881226, -26.3421535492, 5.54493808746, -170.493591309, 62.1065635681, -209.858322144, -34.6526222229, -115.576850891, 36.3640632629, -104.875839233, -68.8117370605], [-1830.31506348, -83.4118881226, 1027.85119629, 398.087432861, -145.882675171, -22.7696151733, -69.384765625, -43.358959198, -134.765777588, 210.857620239, 50.5865936279, 83.9078445435, -33.5643959045], [-360.354431152, -26.3421535492, 398.087432861, 360.341186523, -80.1528167725, -68.9276580811, 84.1869049072, -107.859657288, -89.5891952515, 85.2372589111, -11.6162805557, -17.2069683075, -37.8946647644], [-51.6484146118, 5.54493808746, -145.882675171, -80.1528167725, 232.936782837, 69.8482666016, -53.8755836487, 112.862701416, -18.9464168549, -80.0528793335, 9.63891506195, -8.75269985199, 7.29584169388], [-703.448059082, -170.493591309, -22.7696151733, -68.9276580811, 69.8482666016, 229.145568848, -40.1964416504, 72.8782806396, 59.3319206238, 12.0163383484, -27.6541366577, 55.9234046936, 25.4251537323], [415.505950928, 62.1065635681, -69.384765625, 84.1869049072, -53.8755836487, -40.1964416504, 219.802093506, -105.70275116, -28.530796051, -4.58270215988, -54.5870742798, -36.712184906, 7.69279623032], [-697.124755859, -209.858322144, -43.358959198, -107.859657288, 112.862701416, 72.8782806396, -105.70275116, 337.902801514, 31.0143871307, -37.0276451111, -32.8541412354, 53.364402771, 79.878692627], [-8.07779598236, -34.6526222229, -134.765777588, -89.5891952515, -18.9464168549, 59.3319206238, -28.530796051, 31.0143871307, 135.492340088, -3.0461499691, -15.464925766, 16.7012462616, 10.939286232], [-761.503601074, -115.576850891, 210.857620239, 85.2372589111, -80.0528793335, 12.0163383484, -4.58270215988, -37.0276451111, -3.0461499691, 201.779251099, 59.47498703, 23.3037204742, -24.6846523285], [-108.52256012, 36.3640632629, 50.5865936279, -11.6162805557, 9.63891506195, -27.6541366577, -54.5870742798, -32.8541412354, -15.464925766, 59.47498703, 128.465332031, 28.3218326569, -51.1822319031], [-614.816040039, -104.875839233, 83.9078445435, -17.2069683075, -8.75269985199, 55.9234046936, -36.712184906, 53.364402771, 16.7012462616, 23.3037204742, 28.3218326569, 122.25113678, 47.270401001], [-200.121109009, -68.8117370605, -33.5643959045, -37.8946647644, 7.29584169388, 25.4251537323, 7.69279623032, 79.878692627, 10.939286232, -24.6846523285, -51.1822319031, 47.270401001, 100.577651978]],
        "icov": [[0.00116455648094, -0.000729057588615, 0.00178710266482, -0.000598756421823, 0.00168916548137, 0.0011157784611, 0.000226275835303, 0.00106610590592, 0.000409336702432, 0.00317296665162, -0.00130041851662, 0.00292086158879, -0.000379781209631], [-0.000729057588615, 0.00905114132911, -0.00461876066402, 0.00498546008021, -0.00456153554842, 0.00449532456696, -0.00310669955797, 0.00496677355841, -0.00404762802646, 0.00429646112025, -0.00344745325856, 0.0035441420041, -0.00135894445702], [0.00178710266482, -0.00461876066402, 0.00748824002221, -0.00595309073105, 0.00553978886455, -0.00101671938319, 0.00404841918498, -0.00101264624391, 0.0047256918624, 0.000928318768274, 0.000595723453443, 0.000260097614955, 0.000896351819392], [-0.000598756421823, 0.00498546008021, -0.00595309073105, 0.0108639858663, -0.00440907012671, 0.00425601750612, -0.00470081623644, 0.00342773622833, -0.00178078224417, 0.000359251571354, 0.00187732907943, 0.000617044745013, 0.00215448765084], [0.00168916548137, -0.00456153554842, 0.00553978886455, -0.00440907012671, 0.0138582922518, -0.00545678148046, 0.00264894333668, -0.00375778740272, 0.00611787242815, 0.00597337214276, -0.00581838190556, 0.00599591713399, -0.00139465194661], [0.0011157784611, 0.00449532456696, -0.00101671938319, 0.00425601750612, -0.00545678148046, 0.0132823707536, -0.00149283593055, 0.00536563014612, -0.0048063644208, 0.00331019284204, 0.00351404980756, -0.000337689853041, 0.00273296842352], [0.000226275835303, -0.00310669955797, 0.00404841918498, -0.00470081623644, 0.00264894333668, -0.00149283593055, 0.0099947694689, 0.000397588679334, 0.00399109208956, -0.00295807863586, 0.00496517913416, -0.00216411869042, -0.000606658926699], [0.00106610590592, 0.00496677355841, -0.00101264624391, 0.00342773622833, -0.00375778740272, 0.00536563014612, 0.000397588679334, 0.0104152355343, -0.00285515841097, 0.00586812058464, -0.00125027867034, 0.00477343425155, -0.00404206430539], [0.000409336702432, -0.00404762802646, 0.0047256918624, -0.00178078224417, 0.00611787242815, -0.0048063644208, 0.00399109208956, -0.00285515841097, 0.0149181019515, -0.00287764891982, 0.00401655118912, -0.0034068080131, 0.00300113088451], [0.00317296665162, 0.00429646112025, 0.000928318768274, 0.000359251571354, 0.00597337214276, 0.00331019284204, -0.00295807863586, 0.00586812058464, -0.00287764891982, 0.0233897008002, -0.015084807761, 0.0159269981086, -0.00511477235705], [-0.00130041851662, -0.00344745325856, 0.000595723453443, 0.00187732907943, -0.00581838190556, 0.00351404980756, 0.00496517913416, -0.00125027867034, 0.00401655118912, -0.015084807761, 0.0290142968297, -0.0203204136342, 0.0162831172347], [0.00292086158879, 0.0035441420041, 0.000260097614955, 0.000617044745013, 0.00599591713399, -0.000337689853041, -0.00216411869042, 0.00477343425155, -0.0034068080131, 0.0159269981086, -0.0203204136342, 0.0322358943522, -0.0166310984641], [-0.000379781209631, -0.00135894445702, 0.000896351819392, 0.00215448765084, -0.00139465194661, 0.00273296842352, -0.000606658926699, -0.00404206430539, 0.00300113088451, -0.00511477235705, 0.0162831172347, -0.0166310984641, 0.0265558455139]]
    },
    "melbands": {
        "max": [0.000950075453147, 0.0220165867358, 0.0393471606076, 0.00594879221171, 0.00733123207465, 0.00532151991501, 0.00792932882905, 0.00544274831191, 0.00197037379257, 0.0044718417339, 0.00403565494344, 0.000894972588867, 0.0013528377749, 0.00235962332226, 0.00112426804844, 0.00275033852085, 0.00111838965677, 0.000443766999524, 0.000239076543949, 0.000219585082959, 0.00015514093684, 7.12155087967e-05, 0.000107005595055, 0.00017930973263, 0.000111860659672, 5.38874119229e-05, 4.09517342632e-05, 0.000178089452675, 0.000374006689526, 4.57459609606e-05, 8.37061088532e-05, 4.64858640044e-05, 1.81120121852e-05, 1.12244470074e-05, 7.55542896513e-06, 4.96893926538e-06, 6.99494239598e-06, 2.27129953601e-06, 1.32153070354e-06, 6.70923498092e-07],
        "mean": [0.000205476375413, 0.000667683896609, 0.000939854595345, 0.000280626903987, 0.000269831245532, 0.000225527051953, 0.000286539987428, 0.000131013381178, 8.07972319308e-05, 0.000100087236206, 0.000121866833069, 7.64772776165e-05, 8.1827318354e-05, 7.67785750213e-05, 3.60743724741e-05, 7.77020395617e-05, 4.88658006361e-05, 2.40410354309e-05, 1.56970927492e-05, 8.65599849931e-06, 5.2350860642e-06, 2.61398940893e-06, 2.90078946819e-06, 3.24125744555e-06, 2.83875897367e-06, 1.38978532505e-06, 1.06219181362e-06, 2.22536982619e-06, 3.44224827131e-06, 1.1065488934e-06, 9.70163455349e-07, 9.56768758442e-07, 5.52571350454e-07, 4.4815453748e-07, 2.77266252624e-07, 1.89566520703e-07, 1.28172985114e-07, 6.08285617432e-08, 2.93211837032e-08, 1.69135994099e-08],
        "min": [1.69125499383e-07, 1.24026101389e-07, 9.63732631476e-08, 8.30415132214e-08, 5.77047423178e-08, 2.93820683339e-08, 1.7036860811e-08, 2.37581971874e-08, 1.97477145747e-08, 4.05776319212e-08, 3.23176685413e-08, 1.73916081536e-08, 1.925144133e-08, 1.63747273518e-08, 7.23698034832e-09, 6.41722763817e-09, 9.17645515131e-09, 8.73096528409e-09, 7.98127697266e-09, 1.23511845196e-09, 1.46895740016e-09, 8.13037748237e-10, 1.09775921686e-09, 1.02797370616e-09, 1.04258357503e-09, 1.01991814994e-09, 3.08005537741e-10, 6.22707302389e-11, 2.24070900723e-10, 1.14916826055e-10, 3.33726449253e-11, 3.2050594817e-11, 3.47643649978e-11, 8.78441347441e-11, 8.09759759246e-11, 7.95039312163e-11, 1.5058776448e-10, 3.09026450263e-11, 6.25717394565e-11, 7.27470861328e-11],
        "stdev": [0.000196562337806, 0.0021156843286, 0.00350400176831, 0.000706485297997, 0.000784011557698, 0.00066773238359, 0.00084468757268, 0.000437206414063, 0.000247327057878, 0.00035835543531, 0.000387990614399, 0.000151131476741, 0.000168638958712, 0.000211127655348, 8.90483133844e-05, 0.000229585086345, 0.000118138399557, 5.10006611876e-05, 2.99751282e-05, 2.06874992728e-05, 1.36903181556e-05, 5.94544781052e-06, 8.87208352651e-06, 1.17863137348e-05, 9.26527445699e-06, 4.09041876992e-06, 3.31521050612e-06, 1.04517293948e-05, 2.05684664252e-05, 4.2307287913e-06, 4.83152098241e-06, 3.62087666872e-06, 1.89935417438e-06, 1.33840376293e-06, 7.94191464593e-07, 6.26554935934e-07, 4.98237682223e-07, 2.28421242809e-07, 1.07037244845e-07, 6.19296685045e-08]
    },
    "melbands128": {
        "max": [0.000307923619403, 0.000862698245328, 0.00143307715189, 0.00115521368571, 0.00780023308471, 0.0518624149263, 0.0761503130198, 0.0233622994274, 0.00855481158942, 0.00623756600544, 0.0107547268271, 0.0118973916396, 0.0114122414961, 0.00732286460698, 0.00796359777451, 0.00592791382223, 0.00747807649896, 0.0118426624686, 0.00970514584333, 0.00611058017239, 0.00590233178809, 0.00245959870517, 0.0029856399633, 0.00529631460086, 0.00657981354743, 0.00775467557833, 0.00516590476036, 0.0069688889198, 0.00196163821965, 0.00135498470627, 0.00126493512653, 0.00242307619192, 0.000874080695212, 0.00423810863867, 0.00192776322365, 0.00428308174014, 0.00404416536912, 0.000360752979759, 0.000382730911952, 0.00217832787894, 0.00463654939085, 0.00249095493928, 0.000800607725978, 0.002702470636, 0.000462358351797, 0.000239453045651, 0.00063840218354, 0.000349710287992, 0.000526224670466, 0.000152498760144, 0.000223939307034, 0.000492970633786, 0.000231460493524, 0.000115518632811, 7.94706720626e-05, 5.81877757213e-05, 8.39595886646e-05, 0.000164818731719, 7.85223819548e-05, 0.000248065218329, 0.000268092029728, 8.38420382934e-05, 0.000134267291287, 0.000150429579662, 4.45627338195e-05, 6.90146989655e-05, 5.29734206793e-05, 5.28503624082e-05, 3.28850765072e-05, 4.84178199258e-05, 8.06556345196e-05, 0.000139450348797, 0.000915710115805, 0.000266617600573, 8.79922008608e-05, 6.37962075416e-05, 2.26805168495e-05, 5.70176052861e-05, 0.000142885532114, 9.02913452592e-05, 4.96782595292e-05, 3.82969119528e-05, 2.56101957348e-05, 2.00114882318e-05, 2.54153437709e-05, 1.46608826981e-05, 1.26968616314e-05, 1.02977783172e-05, 6.07252513873e-06, 6.94504342391e-06, 9.76844967226e-06, 3.54012695425e-06, 4.71840075988e-06, 1.57522954396e-05, 5.56747409064e-06, 3.48623075297e-06, 2.06081676879e-06, 1.48629521846e-06, 1.84727628039e-06, 1.0054412769e-06, 1.22885728615e-06, 7.10623339728e-07, 6.36909021523e-07, 3.16170627457e-07, 3.61321994546e-08, 1.75988468243e-09, 3.51798523646e-09, 3.93180876745e-10, 2.39728875639e-10, 2.15293574635e-10, 2.25289717437e-10, 2.00583952226e-10, 1.84569040607e-10, 1.87901888493e-10, 1.78786277449e-10, 1.74517678087e-10, 1.80572085062e-10, 1.60555124751e-10, 1.55509494171e-10, 1.49049342313e-10, 1.44879414021e-10, 1.41687411803e-10, 1.4125689507e-10, 1.39829189894e-10, 1.32441432821e-10, 1.31102795287e-10, 1.29779770264e-10, 1.29607144461e-10],
        "mean": [3.26590561599e-05, 0.000140937685501, 0.000339446327416, 0.000220615387661, 0.000241947796894, 0.00140602921601, 0.00164210610092, 0.000516599742696, 0.00030147790676, 0.000262182584265, 0.000281227083178, 0.000318984821206, 0.000256751605775, 0.000223278548219, 0.000223425216973, 0.000212018450839, 0.000279953732388, 0.000347743742168, 0.000257394742221, 0.000102037025499, 0.000113064634206, 5.64274341741e-05, 6.4188905526e-05, 0.000109279499156, 0.00013726700854, 7.63032803661e-05, 7.26476937416e-05, 0.000202245209948, 7.0509253419e-05, 6.98086660122e-05, 8.53331875987e-05, 7.21246979083e-05, 3.50462360075e-05, 0.00015801176778, 8.11871650512e-05, 5.3260315326e-05, 6.50911169942e-05, 1.41875943882e-05, 3.00930296362e-05, 6.74435868859e-05, 0.000115248076327, 6.3414023316e-05, 1.98526140593e-05, 7.78017856646e-05, 2.26304600801e-05, 8.98712733033e-06, 2.80720323644e-05, 1.56909954967e-05, 1.33128232847e-05, 6.37673247184e-06, 7.72259954829e-06, 1.22339051813e-05, 4.54683049611e-06, 3.13377267958e-06, 3.72081944988e-06, 2.30829073189e-06, 1.60772026447e-06, 3.58164447789e-06, 2.32761931329e-06, 3.84553322874e-06, 3.88638909499e-06, 2.26574911721e-06, 2.92211734632e-06, 3.58231841346e-06, 1.45028866427e-06, 1.35823165692e-06, 1.17017964385e-06, 1.38618793244e-06, 8.71528357038e-07, 9.05704553134e-07, 1.31857177621e-06, 2.07449193113e-06, 7.35696721677e-06, 2.46125796366e-06, 1.4109912172e-06, 1.27278303808e-06, 8.34893626234e-07, 7.38565915981e-07, 1.08881033611e-06, 1.13997248263e-06, 9.38061759825e-07, 1.01894897853e-06, 6.24140966465e-07, 5.24998654328e-07, 4.26224062267e-07, 5.03188005041e-07, 4.54077280665e-07, 3.6274079207e-07, 2.47547546905e-07, 2.15538491943e-07, 2.71736894319e-07, 1.35081279495e-07, 1.37215891982e-07, 1.6955557669e-07, 8.95005811685e-08, 8.03731694532e-08, 5.24183043638e-08, 3.69070107809e-08, 3.07504848251e-08, 2.4713777691e-08, 1.94576728063e-08, 1.52441046453e-08, 1.46985472682e-08, 1.00622994381e-08, 1.58701518593e-09, 2.46090179484e-11, 3.19253477821e-11, 9.05432673282e-12, 6.76635136809e-12, 6.58735479359e-12, 6.33828016114e-12, 6.04362350096e-12, 5.42313719973e-12, 5.36587224306e-12, 5.23323788817e-12, 5.27265080555e-12, 5.6897026153e-12, 4.64020185123e-12, 4.34870542354e-12, 4.32535257611e-12, 4.14327860215e-12, 4.09419113195e-12, 4.11191393435e-12, 3.96169945807e-12, 3.42918293587e-12, 2.51025437416e-12, 2.02776120548e-12, 1.95027891406e-12],
        "min": [7.49276338752e-08, 1.79745057949e-07, 1.63678976151e-07, 1.44084111753e-07, 1.24497390175e-07, 1.08552555389e-07, 9.88528583434e-08, 9.40215514333e-08, 9.06912589471e-08, 8.56805471017e-08, 5.69319809074e-08, 6.71823485732e-08, 5.57096484499e-08, 4.2066350403e-08, 2.93207662594e-08, 2.23474962979e-08, 2.06089634247e-08, 1.64636322353e-08, 1.15932730083e-08, 1.16972040942e-08, 2.41938646894e-09, 8.64605986806e-09, 8.7428633222e-09, 1.52727555047e-08, 2.12054391824e-08, 9.72688329881e-09, 9.24235443733e-09, 1.18801848359e-08, 7.96427368499e-09, 1.21804930586e-08, 4.34233804469e-09, 1.03188622091e-08, 5.94064841763e-09, 1.15244827015e-08, 6.9812404746e-09, 4.45196279841e-09, 3.16681036949e-09, 3.97204535929e-09, 2.5702180384e-09, 2.84478773871e-09, 5.15988229921e-09, 4.48135706321e-09, 3.15100256998e-09, 4.2818455448e-09, 2.24868212939e-09, 6.58262688802e-09, 4.23355484003e-09, 2.59191490493e-09, 9.57540824409e-10, 1.7569967703e-09, 6.25828389111e-10, 6.28181229256e-10, 9.43008449106e-10, 3.41079497979e-10, 7.77169884003e-10, 4.11096351405e-10, 5.56888701819e-10, 5.75469560893e-10, 6.97660762494e-10, 8.56449577924e-10, 9.13108699763e-10, 7.06112668336e-10, 3.42796790953e-10, 8.77405037514e-10, 1.11383835488e-09, 5.98249449979e-10, 3.67540137214e-10, 2.55602400356e-10, 2.3953697359e-10, 4.22971067893e-11, 2.42376830412e-11, 7.6218219236e-11, 1.70126981947e-10, 2.46152681571e-10, 3.30019095385e-10, 1.18076076694e-10, 2.46606034204e-11, 2.7274522918e-11, 3.43035599926e-11, 4.3834623431e-11, 3.09964935663e-11, 2.7435590258e-11, 2.97764798929e-11, 3.35786849714e-11, 2.94326785166e-11, 9.18586109955e-11, 1.08338067684e-10, 8.81564196642e-11, 8.43327283007e-11, 7.85732728881e-11, 3.57995716405e-11, 3.1667928696e-11, 1.60926702519e-10, 2.31151375818e-10, 4.84139152379e-11, 3.48234843739e-11, 2.77497573531e-11, 2.73565683995e-11, 5.24198601193e-11, 8.22307569259e-11, 9.75594466324e-11, 6.17771736544e-11, 5.69331595757e-11, 8.80000794456e-11, 6.54755416551e-12, 1.05828453639e-12, 9.50325864009e-13, 7.99825971513e-13, 9.79902140333e-13, 8.72715528316e-13, 9.10079086744e-13, 8.58508034628e-13, 1.05394154775e-12, 9.20724867876e-13, 9.03953290259e-13, 8.71309643359e-13, 1.00150118233e-12, 9.35580714463e-13, 1.01575204411e-12, 1.0289143669e-12, 1.01275628508e-12, 8.72092328907e-13, 5.7103009387e-13, 9.86280501714e-13, 6.4801018284e-13, 2.31816492001e-13, 3.20129156745e-14, 8.30320775447e-16],
        "stdev": [3.95578608732e-05, 0.000141367854667, 0.000341692153597, 0.000224038973101, 0.000618050806224, 0.00504336412996, 0.00665995990857, 0.00205776444636, 0.000722404336557, 0.000638974481262, 0.000916986202355, 0.00106341741048, 0.000917328463402, 0.000833780155517, 0.000831286015455, 0.000620695587713, 0.000840576423798, 0.00117828010116, 0.00091972440714, 0.000417749251937, 0.000401756551582, 0.000178977905307, 0.000247162650339, 0.000423988967668, 0.000500167545397, 0.000402752222726, 0.000343697523931, 0.000641470134724, 0.000211027101614, 0.000173656517291, 0.000176765970537, 0.000214420579141, 7.96780659584e-05, 0.000431162421592, 0.000206873010029, 0.000293398159556, 0.000254140031757, 4.34673893324e-05, 5.68016148463e-05, 0.00015684281243, 0.000419851014158, 0.000220198184252, 5.68115938222e-05, 0.000242577356403, 4.97675209772e-05, 1.93363430299e-05, 7.03896948835e-05, 3.59964396921e-05, 3.86845968023e-05, 1.53012642841e-05, 2.25731891987e-05, 4.03820013162e-05, 1.45745725604e-05, 8.50201649882e-06, 8.73000772117e-06, 5.30031047674e-06, 5.11044572704e-06, 1.28633701024e-05, 6.65300103719e-06, 1.4195010408e-05, 1.68041297002e-05, 7.73987721914e-06, 1.05165891e-05, 1.20038539535e-05, 3.61841307495e-06, 5.00524856761e-06, 3.92648644265e-06, 4.77384037367e-06, 2.98640043184e-06, 3.65775326827e-06, 5.38437143405e-06, 9.38403900363e-06, 4.87011238874e-05, 1.48982317114e-05, 6.58580165691e-06, 5.08072525918e-06, 2.62704156739e-06, 3.78661616196e-06, 7.05525508238e-06, 5.18366005053e-06, 3.87742420571e-06, 3.81674317396e-06, 2.23300412472e-06, 1.98741577151e-06, 1.69338466094e-06, 1.57690817559e-06, 1.35061395667e-06, 1.13827593395e-06, 7.38092637675e-07, 6.02885847911e-07, 1.00241186374e-06, 4.38150379978e-07, 5.03163505527e-07, 8.30935334761e-07, 3.74578661422e-07, 3.24345677427e-07, 1.9464134482e-07, 1.38456670129e-07, 1.17548367484e-07, 9.07709534204e-08, 8.69517435831e-08, 5.75807561631e-08, 4.7318369667e-08, 2.68775313117e-08, 3.2621396695e-09, 1.05890525515e-10, 1.85134768627e-10, 2.69241330619e-11, 1.42848493451e-11, 1.32719755325e-11, 1.3265416543e-11, 1.23067580432e-11, 1.16778184345e-11, 1.15786625079e-11, 1.1146509063e-11, 1.08070063315e-11, 1.09114921959e-11, 1.00281458484e-11, 9.76158997384e-12, 9.48307838505e-12, 9.20623820233e-12, 9.02818878684e-12, 8.90261388914e-12, 8.79345121024e-12, 8.51037903343e-12, 8.45058311522e-12, 8.38450576329e-12, 8.35600599131e-12]
    },
    "mfcc": {
        "mean": [-757.945922852, 148.845474243, -1.32791924477, 8.19793891907, 0.595086753368, 24.3798694611, -1.17366540432, 5.23697757721, -7.13978004456, 4.12800884247, 5.52783441544, -0.769473314285, -3.85255455971],
        "cov": [[10258.3417969, 1163.00256348, -1824.36779785, -29.5124206543, -751.760437012, -72.2981262207, -219.235794067, 99.3844299316, -234.138870239, 81.6647644043, -346.345184326, -264.872741699, -401.859527588], [1163.00256348, 467.799102783, -153.569381714, 5.63313865662, -25.5805072784, -32.4038505554, -7.80423402786, -17.3769035339, -121.207695007, -44.3518371582, -8.00894069672, -25.3510398865, -60.7565231323], [-1824.36779785, -153.569381714, 1006.3190918, 397.589599609, -55.83253479, 143.348953247, 22.8847846985, -184.743545532, -106.740470886, -67.3313293457, 106.92490387, 20.3695240021, -14.9538202286], [-29.5124206543, 5.63313865662, 397.589599609, 533.347045898, -188.242355347, 80.8019332886, 112.866455078, -139.498657227, -104.056541443, 2.73156905174, 33.8004570007, -88.0440444946, -43.9010353088], [-751.760437012, -25.5805072784, -55.83253479, -188.242355347, 410.56137085, -162.38331604, 8.78484344482, 111.028808594, 20.1524448395, -4.83747434616, 43.1233711243, -29.4686279297, 1.11816215515], [-72.2981262207, -32.4038505554, 143.348953247, 80.8019332886, -162.38331604, 296.401947021, -6.89840126038, -73.299407959, -49.3029060364, -5.16434001923, 32.7923049927, 24.1787204742, -33.4535522461], [-219.235794067, -7.80423402786, 22.8847846985, 112.866455078, 8.78484344482, -6.89840126038, 154.697433472, -8.04019260406, -8.91710472107, 3.83352589607, -4.40365171432, -32.2021560669, 20.5306396484], [99.3844299316, -17.3769035339, -184.743545532, -139.498657227, 111.028808594, -73.299407959, -8.04019260406, 196.119659424, 104.990867615, -19.3241977692, -72.508102417, -27.320224762, 38.0750656128], [-234.138870239, -121.207695007, -106.740470886, -104.056541443, 20.1524448395, -49.3029060364, -8.91710472107, 104.990867615, 241.194778442, 35.3501396179, -136.443344116, 1.42824232578, 73.8366775513], [81.6647644043, -44.3518371582, -67.3313293457, 2.73156905174, -4.83747434616, -5.16434001923, 3.83352589607, -19.3241977692, 35.3501396179, 129.120239258, 16.5915794373, -49.9544525146, -29.4451236725], [-346.345184326, -8.00894069672, 106.92490387, 33.8004570007, 43.1233711243, 32.7923049927, -4.40365171432, -72.508102417, -136.443344116, 16.5915794373, 203.112472534, 8.96261978149, -60.6471939087], [-264.872741699, -25.3510398865, 20.3695240021, -88.0440444946, -29.4686279297, 24.1787204742, -32.2021560669, -27.320224762, 1.42824232578, -49.9544525146, 8.96261978149, 151.909393311, 49.190071106], [-401.859527588, -60.7565231323, -14.9538202286, -43.9010353088, 1.11816215515, -33.4535522461, 20.5306396484, 38.0750656128, 73.8366775513, -29.4451236725, -60.6471939087, 49.190071106, 120.988502502]],
        "icov": [[0.000553342571948, -0.00049308600137, 0.000989188905805, -0.000419413408963, 0.00102478300687, 0.000382161699235, 0.000741410185583, -0.000472584360978, 0.000917873869184, -1.72870895767e-05, 0.00114722817671, 0.000100938348623, 0.00164914294146], [-0.00049308600137, 0.00376530131325, -0.000240806097281, 0.00040524310316, -0.000691055029165, 0.000249468721449, -0.000548930664081, 0.000723285775166, 0.00140126736369, 0.00120782316662, 0.000523187685758, 0.000258990126895, -9.30360401981e-05], [0.000989188905805, -0.000240806097281, 0.00410626223311, -0.00287249311805, 0.000522952934261, -0.000139896001201, 0.00258424482308, 0.000766318233218, 0.000939481949899, 0.00163402641192, 0.00148769211955, -9.53321286943e-05, 0.00251548178494], [-0.000419413408963, 0.00040524310316, -0.00287249311805, 0.00647163810208, 0.0021950264927, 0.000770057667978, -0.00411767279729, 0.0012385136215, 0.000326756591676, 0.000401030818466, -0.000620498612989, 0.00345702073537, -0.000513101113029], [0.00102478300687, -0.000691055029165, 0.000522952934261, 0.0021950264927, 0.00745812011883, 0.00326197361574, -0.000734373054001, -0.00302012707107, 0.00204063905403, 0.000368159555364, 0.000356565607945, 0.00185761845205, 0.00409365771338], [0.000382161699235, 0.000249468721449, -0.000139896001201, 0.000770057667978, 0.00326197361574, 0.00548797287047, -0.000331175600877, -0.000607793743256, 0.00117532082368, 0.000252395984717, 0.000497002736665, -0.000196991255507, 0.00306487153284], [0.000741410185583, -0.000548930664081, 0.00258424482308, -0.00411767279729, -0.000734373054001, -0.000331175600877, 0.0106627736241, -6.7330453021e-05, 0.00161177176051, -0.000216093394556, 0.00160591315944, 0.00092034850968, -0.00146617728751], [-0.000472584360978, 0.000723285775166, 0.000766318233218, 0.0012385136215, -0.00302012707107, -0.000607793743256, -6.7330453021e-05, 0.0124639226124, -0.00510456366464, 0.00526332436129, -0.00102264923044, 0.00432755053043, -0.00258937897161], [0.000917873869184, 0.00140126736369, 0.000939481949899, 0.000326756591676, 0.00204063905403, 0.00117532082368, 0.00161177176051, -0.00510456366464, 0.014512908645, -0.00580902351066, 0.00904525723308, -0.00116828700993, 0.000364450213965], [-1.72870895767e-05, 0.00120782316662, 0.00163402641192, 0.000401030818466, 0.000368159555364, 0.000252395984717, -0.000216093394556, 0.00526332436129, -0.00580902351066, 0.0145372115076, -0.00378928938881, 0.00542358262464, 0.00232184492052], [0.00114722817671, 0.000523187685758, 0.00148769211955, -0.000620498612989, 0.000356565607945, 0.000497002736665, 0.00160591315944, -0.00102264923044, 0.00904525723308, -0.00378928938881, 0.0139232790098, -0.00232204631902, 0.00569636095315], [0.000100938348623, 0.000258990126895, -9.53321286943e-05, 0.00345702073537, 0.00185761845205, -0.000196991255507, 0.00092034850968, 0.00432755053043, -0.00116828700993, 0.00542358262464, -0.00232204631902, 0.0135837523267, -0.00453551812097], [0.00164914294146, -9.30360401981e-05, 0.00251548178494, -0.000513101113029, 0.00409365771338, 0.00306487153284, -0.00146617728751, -0.00258937897161, 0.000364450213965, 0.00232184492052, 0.00569636095315, -0.00453551812097, 0.0207361467183]]
    },
    "spectral_contrast_coeffs": {
        "max": [-0.453953415155, -0.472375184298, -0.514886975288, -0.605805397034, -0.658889055252, -0.555182754993],
        "mean": [-0.775540411472, -0.805271446705, -0.793292045593, -0.781651616096, -0.796878278255, -0.77103126049],
        "min": [-0.928008854389, -0.928180873394, -0.933735072613, -0.933751940727, -0.907351434231, -0.914184570312],
        "stdev": [0.0883183851838, 0.0713951438665, 0.0762859284878, 0.0744159966707, 0.0514851137996, 0.0666237547994]
    },
    "spectral_contrast_valleys": {
        "max": [-5.16067266464, -4.49388027191, -5.3972120285, -5.84845542908, -6.08907365799, -9.24125480652],
        "mean": [-7.29448843002, -7.37100982666, -7.97070407867, -8.45492362976, -9.11217975616, -11.6216974258],
        "min": [-10.247294426, -10.0114746094, -10.4869194031, -11.0006494522, -11.7182540894, -13.9822330475],
        "stdev": [0.839131236076, 1.0656607151, 1.08228349686, 1.10438394547, 1.00586915016, 0.557168066502]
    }
},
"rhythm": {
    "beats_count": 24,
    "beats_loudness": {
        "max": 0.235420390964,
        "mean": 0.0176337212324,
        "min": 0.000133732348331,
        "stdev": 0.0465624146163
    },
    "bpm": 120.592880249,
    "bpm_histogram_first_peak_bpm": 120,
    "bpm_histogram_first_peak_weight": 0.533333301544,
    "bpm_histogram_second_peak_bpm": 115,
    "bpm_histogram_second_peak_spread": 0.428571403027,
    "bpm_histogram_second_peak_weight": 0.173913046718,
    "danceability": 0.777269721031,
    "onset_rate": 1.01885950565,
    "beats_loudness_band_ratio": {
        "max": [0.86593991518, 0.854098558426, 0.478212833405, 0.505581378937, 0.372417092323, 0.0452358238399],
        "mean": [0.436515718699, 0.164908900857, 0.15006801486, 0.201795861125, 0.0886348858476, 0.015417505987],
        "min": [0.05692807585, 0.00697969878092, 0.0163245666772, 0.0150834750384, 0.00459234416485, 0.00322789698839],
        "stdev": [0.242240384221, 0.17202141881, 0.119009874761, 0.14092066884, 0.110160000622, 0.0107074594125]
    },
    "beats_position": [0.487619042397, 0.986848056316, 1.47446703911, 1.9620860815, 2.4497051239, 2.94893407822, 3.44816327095, 3.94739222527, 4.43501138687, 4.93424034119, 5.4334692955, 5.93269824982, 6.40870714188, 6.8963265419, 7.4303855896, 7.96444416046, 8.498503685, 9.0093421936, 9.52018165588, 10.0310201645, 10.5534696579, 11.0759181976, 11.5983667374, 12.1208162308],
