{
"metadata": {
    "version": {
        "essentia": "2.1-beta5",
        "essentia_git_sha": "Undefined",
        "extractor": "music 2.0"
    },
    "audio_properties": {
        "analysis": {
            "equal_loudness": 0,
            "length": 12.7477550507,
            "sample_rate": 44100,
            "start_time": 0,
            "downmix": "mix"
        },
        "bit_rate": 192000,
        "length": 189.823150635,
        "lossless": 0,
        "number_channels": 2,
        "replay_gain": 13.4310398102,
        "sample_rate": 48000,
        "codec": "mp3",
        "md5_encoded": "22fca094c71898b09afbebda845e42c9"
    },
    "tags": {
        "file_name": "Italy_Piove_Domenico Modugno.mp3",
        "encoding": ["Lavf58.29.100"]
    }
},
"lowlevel": {
    "average_loudness": 0.684892237186,
    "barkbands_crest": {
        "max": 24.6615390778,
        "mean": 11.6986322403,
        "min": 3.14474368095,
        "stdev": 5.18023967743
    },
    "barkbands_flatness_db": {
        "max": 0.377024263144,
        "mean": 0.189341023564,
        "min": 0.0411910638213,
        "stdev": 0.047403793782
    },
    "barkbands_kurtosis": {
        "max": 96.1766281128,
        "mean": 11.0457735062,
        "min": -1.55143976212,
        "stdev": 14.6414117813
    },
    "barkbands_skewness": {
        "max": 8.0170211792,
        "mean": 1.88023972511,
        "min": -2.29175281525,
        "stdev": 1.61452841759
    },
    "barkbands_spread": {
        "max": 53.1567382812,
        "mean": 12.2826280594,
        "min": 1.0697491169,
        "stdev": 7.89209079742
    },
    "dissonance": {
        "max": 0.499814689159,
        "mean": 0.455698281527,
        "min": 0.272235304117,
        "stdev": 0.040062084794
    },
    "dynamic_complexity": 5.57243204117,
    "erbbands_crest": {
        "max": 34.0732536316,
        "mean": 10.6143445969,
        "min": 2.80072689056,
        "stdev": 5.6554942131
    },
    "erbbands_flatness_db": {
        "max": 0.365300834179,
        "mean": 0.190311610699,
        "min": 0.0742913633585,
        "stdev": 0.0546560250223
    },
    "erbbands_kurtosis": {
        "max": 70.9796066284,
        "mean": 5.23546695709,
        "min": -1.83474493027,
        "stdev": 10.8958997726
    },
    "erbbands_skewness": {
        "max": 7.55387210846,
        "mean": 1.35425257683,
        "min": -4.26862478256,
        "stdev": 1.43119478226
    },
    "erbbands_spread": {
        "max": 91.8846054077,
        "mean": 31.3331489563,
        "min": 1.58361685276,
        "stdev": 20.8304672241
    },
    "hfc": {
        "max": 78.4748001099,
        "mean": 8.34321403503,
        "min": 1.24153457197e-16,
        "stdev": 12.7208547592
    },
    "loudness_ebu128": {
        "integrated": -38.6255149841,
        "loudness_range": 11.9490661621,
        "momentary": {
            "max": -31.1714439392,
            "mean": -41.899230957,
            "min": -49.9370956421,
            "stdev": 5.13675451279
        },
        "short_term": {
            "max": -35.3749847412,
            "mean": -41.2624168396,
            "min": -48.8934249878,
            "stdev": 3.9431180954
        }
    },
    "melbands_crest": {
        "max": 32.2850990295,
        "mean": 16.3429489136,
        "min": 2.46787834167,
        "stdev": 6.74376916885
    },
    "melbands_flatness_db": {
        "max": 0.460477530956,
        "mean": 0.254070490599,
        "min": 0.00936607085168,
        "stdev": 0.061996370554
    },
    "melbands_kurtosis": {
        "max": 152.295547485,
        "mean": 19.7779903412,
        "min": -1.37798666954,
        "stdev": 25.1660614014
    },
    "melbands_skewness": {
        "max": 9.01205158234,
        "mean": 2.35703325272,
        "min": -1.52088809013,
        "stdev": 2.05234575272
    },
    "melbands_spread": {
        "max": 143.458343506,
        "mean": 14.2258710861,
        "min": 1.23462796211,
        "stdev": 12.7761325836
    },
    "pitch_salience": {
        "max": 0.834840416908,
        "mean": 0.546235322952,
        "min": 0.197488605976,
        "stdev": 0.126994475722
    },
    "silence_rate_20dB": {
        "max": 1,
        "mean": 1,
        "min": 1,
        "stdev": 0
    },
    "silence_rate_30dB": {
        "max": 1,
        "mean": 0.998181819916,
        "min": 0,
        "stdev": 0.0426012948155
    },
    "silence_rate_60dB": {
        "max": 1,
        "mean": 0.181818187237,
        "min": 0,
        "stdev": 0.385694891214
    },
    "spectral_centroid": {
        "max": 10692.5205078,
        "mean": 837.1796875,
        "min": 275.5418396,
        "stdev": 638.323486328
    },
    "spectral_complexity": {
        "max": 47,
        "mean": 11.087272644,
        "min": 0,
        "stdev": 9.09323406219
    },
    "spectral_decrease": {
        "max": 4.43548406947e-29,
        "mean": -3.52338291876e-09,
        "min": -2.88711579088e-08,
        "stdev": 3.91243659692e-09
    },
    "spectral_energy": {
        "max": 0.113496385515,
        "mean": 0.0140548218042,
        "min": 1.10936835098e-20,
        "stdev": 0.0157734137028
    },
    "spectral_energyband_high": {
        "max": 0.0108470292762,
        "mean": 0.00021694348834,
        "min": 8.33480109906e-21,
        "stdev": 0.000737690075766
    },
    "spectral_energyband_low": {
        "max": 0.0345731005073,
        "mean": 0.00291318818927,
        "min": 1.23763226217e-22,
        "stdev": 0.00277810543776
    },
    "spectral_energyband_middle_high": {
        "max": 0.032512716949,
        "mean": 0.00251013063826,
        "min": 1.53474991898e-21,
        "stdev": 0.0049641802907
    },
    "spectral_energyband_middle_low": {
        "max": 0.0763178542256,
        "mean": 0.00848852843046,
        "min": 1.90929721452e-22,
        "stdev": 0.0116478195414
    },
    "spectral_entropy": {
        "max": 9.80807685852,
        "mean": 7.28996419907,
        "min": 5.55521059036,
        "stdev": 0.500596284866
    },
    "spectral_flux": {
        "max": 0.211746737361,
        "mean": 0.0565920956433,
        "min": 1.05326559974e-10,
        "stdev": 0.0365131869912
    },
    "spectral_kurtosis": {
        "max": 19.948009491,
        "mean": 5.07853984833,
        "min": -1.21892249584,
        "stdev": 3.84873700142
    },
    "spectral_rms": {
        "max": 0.0105227455497,
        "mean": 0.00327095575631,
        "min": 3.28984886208e-12,
        "stdev": 0.00173576420639
    },
    "spectral_rolloff": {
        "max": 18712.3535156,
        "mean": 781.225646973,
        "min": 64.599609375,
        "stdev": 1208.26708984
    },
    "spectral_skewness": {
        "max": 3.69324660301,
        "mean": 1.82607185841,
        "min": 0.00279147783294,
        "stdev": 0.65945571661
    },
    "spectral_spread": {
        "max": 40603860,
        "mean": 4415319,
        "min": 1993169.75,
        "stdev": 2048456.75
    },
    "spectral_strongpeak": {
        "max": 11.2122983932,
        "mean": 0.577267885208,
        "min": 0,
        "stdev": 0.901257514954
    },
    "zerocrossingrate": {
        "max": 0.50390625,
        "mean": 0.0350816771388,
        "min": 0.00634765625,
        "stdev": 0.0292418282479
    },
    "barkbands": {
        "max": [0.00621975352988, 0.0259095728397, 0.0223599262536, 0.00473568402231, 0.0359259694815, 0.0406658239663, 0.0261167939752, 0.032069966197, 0.0336656756699, 0.0102895032614, 0.0240312814713, 0.0103093283251, 0.0215445775539, 0.00585051393136, 0.00762720173225, 0.00536380754784, 0.00245420937426, 0.00278508872725, 0.00129183731042, 0.00835467688739, 0.0025371434167, 0.000657550059259, 0.000304004875943, 9.81318225968e-05, 2.03644303838e-05, 3.23418703374e-06, 3.44282943843e-06],
        "mean": [0.000433869165136, 0.00216738786548, 0.000289142713882, 0.000334632466547, 0.0025648442097, 0.00117421092, 0.00145588768646, 0.00163556169719, 0.00120787369087, 0.000449268292869, 0.000559990410693, 0.000357390992576, 0.000367003085557, 0.000247793155722, 0.000211299833609, 0.000185621640412, 8.31452998682e-05, 6.90037195454e-05, 3.3824780985e-05, 9.62126359809e-05, 7.89560363046e-05, 2.92216245725e-05, 1.25669539557e-05, 6.95726112099e-06, 3.14436101689e-06, 1.03287449704e-08, 1.10426130462e-08],
        "min": [5.93532949745e-23, 8.19556303459e-23, 4.37977941161e-24, 8.46376438276e-24, 8.50285780487e-23, 1.7507975775e-23, 3.69253862157e-23, 1.88499117941e-23, 1.3887836283e-23, 6.58005541787e-23, 2.93819669184e-23, 1.00449262578e-22, 1.43668938402e-22, 1.76675711714e-22, 1.80900610909e-22, 1.08383190112e-22, 1.29552291436e-22, 1.2475493166e-22, 2.44960698117e-22, 4.26497938709e-22, 4.13022806052e-22, 5.56520088322e-22, 5.11732832283e-22, 1.0003383328e-21, 1.28238642391e-21, 2.20868310518e-21, 2.39174467748e-21],
        "stdev": [0.000554995262064, 0.0019502742216, 0.00113341514952, 0.000416025315644, 0.00578163284808, 0.0034388769418, 0.00301670446061, 0.00417095469311, 0.00286001339555, 0.00102595682256, 0.00185646431055, 0.000959424301982, 0.00133292248938, 0.000630745838862, 0.00060440832749, 0.000593931006733, 0.000229925964959, 0.000244143651798, 0.000104071572423, 0.000496068969369, 0.000245851930231, 7.35406138119e-05, 2.55233262578e-05, 9.1549636636e-06, 2.07196308111e-06, 1.3761189166e-07, 1.46470398477e-07]
    },
    "erbbands": {
        "max": [1.4882286787, 5.02444314957, 22.4719486237, 22.5178375244, 40.9831428528, 126.574493408, 200.368133545, 415.168945312, 294.848510742, 913.31451416, 758.08190918, 780.141174316, 360.056793213, 330.891876221, 1009.53222656, 338.034057617, 1203.94213867, 265.076416016, 492.296508789, 276.506896973, 303.284851074, 108.698722839, 150.141235352, 64.0112304688, 67.0531387329, 207.119873047, 401.786193848, 63.4848861694, 17.7412281036, 22.0586433411, 7.46445465088, 2.56551265717, 1.3070333004, 0.343650192022, 0.0914737656713, 0.0130317602307, 0.00599717535079, 0.00214029964991, 0.000489321653731, 0.000127694394905],
        "mean": [0.108518898487, 0.304658353329, 0.348885655403, 0.737902760506, 1.93710756302, 8.67990684509, 14.2209653854, 11.2871189117, 18.2652626038, 31.5648517609, 35.3874015808, 27.8320121765, 13.6495018005, 17.7096729279, 23.1075077057, 14.4706087112, 17.9958782196, 12.3931493759, 13.319475174, 10.2056951523, 9.46273899078, 4.72705793381, 3.92525935173, 2.39553189278, 1.50341713428, 3.45215296745, 5.90957832336, 1.96316254139, 1.04419827461, 0.694806337357, 0.326625287533, 0.178147822618, 0.0983426943421, 0.0516868643463, 0.0131327463314, 0.000415307702497, 4.00426069973e-05, 1.01912482933e-05, 9.11541610549e-06, 1.64340708579e-05],
        "min": [3.63576494593e-21, 1.40788822131e-20, 7.42997698443e-21, 2.41914059241e-20, 1.22198629335e-19, 4.04563827089e-19, 9.38392590218e-20, 1.90922953051e-19, 4.6971911203e-19, 4.86057893682e-19, 4.92274207684e-19, 3.22218333151e-19, 1.29392233967e-18, 1.8591060043e-18, 1.41692420015e-18, 5.30966449376e-18, 6.02479894285e-18, 1.01849706576e-17, 1.01154932764e-17, 6.90386611369e-18, 5.13177930303e-18, 8.27749299224e-18, 6.12530221446e-18, 1.13344274543e-17, 1.57164961586e-17, 1.6241070942e-17, 2.07839898796e-17, 1.56893894499e-17, 1.98421736146e-17, 1.76074095322e-17, 1.41453856991e-17, 2.10850009045e-17, 1.56452180052e-17, 1.06152807656e-17, 1.11038061908e-17, 7.17384380355e-18, 4.78799890455e-18, 1.31636230212e-18, 3.25160304398e-19, 3.80878544224e-20],
        "stdev": [0.0923432484269, 0.335070848465, 1.08112978935, 1.3287872076, 3.05009412766, 19.8883285522, 32.3933525085, 35.5093536377, 36.4327049255, 84.6955795288, 83.9991378784, 67.56615448, 30.7321777344, 40.4700317383, 72.7403717041, 34.7033691406, 71.1665878296, 31.0359172821, 37.7988014221, 26.9951267242, 30.6292762756, 12.7966861725, 13.7308235168, 6.78967285156, 5.19698190689, 14.3182840347, 25.4973697662, 5.6144990921, 2.49045062065, 1.82869577408, 0.615277588367, 0.260814160109, 0.118005752563, 0.0374784432352, 0.00818379409611, 0.000586694746744, 0.00025469288812, 9.09916998353e-05, 2.22222224693e-05, 1.85625485756e-05]
    },
    "gfcc": {
        "mean": [-96.2994995117, 139.948486328, -114.301483154, 41.2287979126, -75.8015899658, 25.3593120575, -33.8646240234, 2.25697612762, -3.78398299217, -2.59470510483, 4.43439674377, -10.098200798, 11.5971412659],
        "cov": [[7184.82080078, 999.298583984, -2040.03442383, -450.364715576, -335.637359619, -319.732879639, 210.890045166, -58.2467041016, 339.106201172, 22.2517604828, 15.379734993, -135.932357788, 56.0037269592], [999.298583984, 332.598388672, -162.576568604, -183.812683105, -82.887008667, -57.1075782776, 4.54269170761, 0.971867263317, 69.7450561523, -18.3873348236, 18.4360580444, -46.4326705933, -10.4063129425], [-2040.03442383, -162.576568604, 1119.28405762, 269.36315918, 65.0452346802, 153.242752075, -190.798095703, -11.3654251099, -176.837020874, -52.3441314697, 24.0916862488, 49.9370002747, 4.83784770966], [-450.364715576, -183.812683105, 269.36315918, 385.963104248, 25.6155395508, 6.18533611298, 25.3951911926, -49.34948349, -108.256629944, 27.9515743256, -40.8628959656, 21.0726089478, 36.4509048462], [-335.637359619, -82.887008667, 65.0452346802, 25.6155395508, 199.440979004, 78.1685943604, -130.860900879, 0.434948503971, -73.6738052368, -72.6971511841, 45.6357460022, 37.8493995667, 17.9478778839], [-319.732879639, -57.1075782776, 153.242752075, 6.18533611298, 78.1685943604, 239.708847046, -97.0878982544, -15.573425293, -14.710814476, -66.5340881348, 20.5436992645, 44.7298851013, -5.77753162384], [210.890045166, 4.54269170761, -190.798095703, 25.3951911926, -130.860900879, -97.0878982544, 249.557037354, -2.25605225563, 38.7162017822, 103.499000549, -66.744430542, -42.7917175293, -10.8654489517], [-58.2467041016, 0.971867263317, -11.3654251099, -49.34948349, 0.434948503971, -15.573425293, -2.25605225563, 159.280761719, 25.3777008057, 13.4312772751, 1.14260315895, -27.6662597656, -34.1978797913], [339.106201172, 69.7450561523, -176.837020874, -108.256629944, -73.6738052368, -14.710814476, 38.7162017822, 25.3777008057, 152.293991089, 18.6669445038, -12.8161478043, -20.7135334015, -31.9531364441], [22.2517604828, -18.3873348236, -52.3441314697, 27.9515743256, -72.6971511841, -66.5340881348, 103.499000549, 13.4312772751, 18.6669445038, 111.38368988, -15.9627122879, -35.8696289062, -19.3403644562], [15.379734993, 18.4360580444, 24.0916862488, -40.8628959656, 45.6357460022, 20.5436992645, -66.744430542, 1.14260315895, -12.8161478043, -15.9627122879, 69.0587005615, 24.904964447, 0.434775084257], [-135.932357788, -46.4326705933, 49.9370002747, 21.0726089478, 37.8493995667, 44.7298851013, -42.7917175293, -27.6662597656, -20.7135334015, -35.8696289062, 24.904964447, 61.7654418945, 33.2114868164], [56.0037269592, -10.4063129425, 4.83784770966, 36.4509048462, 17.9478778839, -5.77753162384, -10.8654489517, -34.1978797913, -31.9531364441, -19.3403644562, 0.434775084257, 33.2114868164, 66.0265655518]],
        "icov": [[0.00106914865319, -0.00284853368066, 0.00229627429508, -0.00183237716556, 0.00171549408697, -0.000615056545939, 0.00140496378299, -0.00024766928982, 0.000528634584043, 5.13249287906e-05, -0.000918562349398, 0.000226531090448, -0.000766711717006], [-0.00284853368066, 0.0148328561336, -0.00593613507226, 0.0066455877386, -0.000383643084206, 0.00185557687655, -0.00401055905968, 0.00172457518056, -0.00205539818853, 0.0053971731104, -0.0040959850885, 0.00956742279232, -0.00217927177437], [0.00229627429508, -0.00593613507226, 0.00667000841349, -0.00488022249192, 0.00534942978993, -0.00202487199567, 0.00479116803035, -0.000872966949828, 0.00292851217091, 6.09742846791e-06, -0.00188975769561, 2.57061456068e-05, -0.000554281461518], [-0.00183237716556, 0.0066455877386, -0.00488022249192, 0.00846078712493, -0.00337510742247, 0.00145060976502, -0.00268964702263, 0.00152341614012, 0.000790556892753, -0.00167600717396, 0.00447942689061, -0.000560333486646, -0.000176884583198], [0.00171549408697, -0.000383643084206, 0.00534942978993, -0.00337510742247, 0.0166519731283, -0.00266089919023, 0.00597614236176, -0.00117424025666, 0.00538241304457, 0.0061355358921, -0.00826867856085, 0.00594600010663, -0.00296269287355], [-0.000615056545939, 0.00185557687655, -0.00202487199567, 0.00145060976502, -0.00266089919023, 0.00696877017617, -0.000280205858871, 0.000861257663928, -0.00124941358808, 0.00141187245026, 0.00241607590578, -0.00482738297433, 0.00411593588069], [0.00140496378299, -0.00401055905968, 0.00479116803035, -0.00268964702263, 0.00597614236176, -0.000280205858871, 0.0139087475836, -0.000112617752166, 0.00293082068674, -0.00765887275338, 0.00710536167026, -0.00350266322494, 0.00078152253991], [-0.00024766928982, 0.00172457518056, -0.000872966949828, 0.00152341614012, -0.00117424025666, 0.000861257663928, -0.000112617752166, 0.00782524701208, -0.00109720195178, -6.13415249973e-05, -0.000250577140832, 0.00305584515445, 0.00204946147278], [0.000528634584043, -0.00205539818853, 0.00292851217091, 0.000790556892753, 0.00538241304457, -0.00124941358808, 0.00293082068674, -0.00109720195178, 0.0131124928594, -0.00132306793239, 0.00314624723978, -0.00417899619788, 0.00495772948489], [5.13249287906e-05, 0.0053971731104, 6.09742846791e-06, -0.00167600717396, 0.0061355358921, 0.00141187245026, -0.00765887275338, -6.13415249973e-05, -0.00132306793239, 0.0250994414091, -0.0144418785349, 0.0157783813775, -0.00223414832726], [-0.000918562349398, -0.0040959850885, -0.00188975769561, 0.00447942689061, -0.00826867856085, 0.00241607590578, 0.00710536167026, -0.000250577140832, 0.00314624723978, -0.0144418785349, 0.0369320064783, -0.0250954721123, 0.0109698576853], [0.000226531090448, 0.00956742279232, 2.57061456068e-05, -0.000560333486646, 0.00594600010663, -0.00482738297433, -0.00350266322494, 0.00305584515445, -0.00417899619788, 0.0157783813775, -0.0250954721123, 0.0533523447812, -0.0234808512032], [-0.000766711717006, -0.00217927177437, -0.000554281461518, -0.000176884583198, -0.00296269287355, 0.00411593588069, 0.00078152253991, 0.00204946147278, 0.00495772948489, -0.00223414832726, 0.0109698576853, -0.0234808512032, 0.0314296633005]]
    },
    "melbands": {
        "max": [0.00992630235851, 0.00853088963777, 0.00422421004623, 0.00371369509958, 0.00844212528318, 0.00907644070685, 0.00466915313154, 0.00928473751992, 0.00727499928325, 0.00410908274353, 0.00175607122947, 0.00140843179543, 0.00394471269101, 0.00136744708288, 0.00120863947086, 0.00215684133582, 0.000505084288307, 0.000830112490803, 0.000411419314332, 0.000416004360886, 0.000427299062721, 0.000151156142238, 9.93482317426e-05, 0.00016796780983, 4.07968545915e-05, 7.20855459804e-05, 2.5945411835e-05, 0.000193091516849, 0.000389037741115, 7.60632319725e-05, 2.56518360402e-05, 1.2009519196e-05, 1.71714800672e-05, 1.0796483366e-05, 5.0145727073e-06, 2.00985255105e-06, 1.71918804881e-06, 1.45003741636e-06, 4.67027831519e-07, 2.78211700788e-07],
        "mean": [0.000763427000493, 0.000237866610405, 0.0001627743477, 0.000328618771164, 0.000561332330108, 0.000249435921432, 0.000284119538264, 0.000353119219653, 0.000293602643069, 0.000156809692271, 6.36107652099e-05, 6.86016064719e-05, 8.19569613668e-05, 4.44677389169e-05, 3.73762013623e-05, 3.45853513863e-05, 2.14135070564e-05, 2.25835065066e-05, 1.46073834912e-05, 1.21180628412e-05, 1.12405386972e-05, 5.1633505791e-06, 3.24454276779e-06, 3.48459639099e-06, 1.75507761924e-06, 1.27875284761e-06, 7.99002066287e-07, 2.83205895357e-06, 4.6120967454e-06, 1.96128848984e-06, 9.02112503809e-07, 6.06553157922e-07, 5.20153889738e-07, 3.20676690535e-07, 2.0050450189e-07, 1.29063991494e-07, 9.98908120664e-08, 7.40264596288e-08, 5.01396790753e-08, 4.24116031184e-08],
        "min": [3.13445234774e-23, 8.5618395148e-24, 5.52073733783e-24, 2.09515082431e-23, 6.00074578802e-24, 4.46271314744e-24, 7.01732953733e-24, 4.7864585075e-24, 3.28820555857e-24, 2.10966629884e-24, 7.25941596079e-24, 8.32031554918e-24, 3.9408552318e-24, 1.00567956168e-23, 1.52210948321e-23, 1.35926760867e-23, 1.95636084545e-23, 1.47509353103e-23, 1.28306822062e-23, 7.91405060526e-24, 4.95056169174e-24, 9.24148499428e-24, 5.52958638503e-24, 5.67466855512e-24, 9.52698874424e-24, 9.12243089533e-24, 1.4898007382e-23, 9.47484267182e-24, 1.4135619071e-23, 9.06122554427e-24, 9.42240314314e-24, 1.11002132587e-23, 1.08028505627e-23, 9.55446871387e-24, 6.61081097464e-24, 1.27642577514e-23, 1.23030683669e-23, 1.24090447298e-23, 7.70057143368e-24, 8.94146620367e-24],
        "stdev": [0.000662285194267, 0.000449051090982, 0.000275942060398, 0.000597193662543, 0.00135602697264, 0.000775599677581, 0.000559747219086, 0.000948385801166, 0.00069118704414, 0.000378458760679, 0.000148917955812, 0.000160498486366, 0.000283563771518, 0.000115039278171, 0.000106319319457, 0.000128363390104, 5.7619465224e-05, 6.54413815937e-05, 4.05982063967e-05, 3.76687130483e-05, 3.8286583731e-05, 1.4250892491e-05, 1.02006606539e-05, 1.34129932121e-05, 4.64385675514e-06, 4.99957604916e-06, 2.4032856345e-06, 1.26831719172e-05, 2.30897348956e-05, 6.69121709507e-06, 2.38259963226e-06, 1.4679646938e-06, 1.54511792516e-06, 8.09118944289e-07, 4.09863361028e-07, 1.87429520793e-07, 1.5412759069e-07, 1.04104337595e-07, 4.64861891203e-08, 3.02446636624e-08]
    },
    "melbands128": {
        "max": [0.00551990512758, 0.0150758838281, 0.0107426224276, 0.00767027586699, 0.0115106170997, 0.0101227648556, 0.00510028656572, 0.00360750406981, 0.00512399850413, 0.0034286598675, 0.00712871784344, 0.0171870701015, 0.00732983089983, 0.00186162092723, 0.00628138659522, 0.0197871048003, 0.00738686462864, 0.00419230107218, 0.00549265090376, 0.0161667652428, 0.0125512601808, 0.00901517178863, 0.00762309785932, 0.0107038281858, 0.0066613308154, 0.00326534942724, 0.0043896404095, 0.00173750496469, 0.00248032179661, 0.00194435368758, 0.00149519043043, 0.00347381690517, 0.00777579378337, 0.00256929849274, 0.00288830883801, 0.000854516867548, 0.000865185284056, 0.00179430493154, 0.00142287299968, 0.00645860983059, 0.00088313582819, 0.000593511504121, 0.000899134261999, 0.000631002418231, 0.000555671635084, 0.00116541364696, 0.000830542878248, 0.000431999040302, 0.000349705456756, 0.000445184385171, 0.000493784900755, 0.000875217141584, 0.000510649173521, 0.000542963389307, 0.000445187673904, 0.000132524917717, 0.000129130712594, 0.000145337602589, 0.000153785760631, 0.000196224864339, 0.000246036652243, 0.000159431321663, 6.72453679726e-05, 3.61818820238e-05, 5.47790368728e-05, 0.000110462431621, 7.71533013904e-05, 2.0238396246e-05, 2.37080566876e-05, 6.48851710139e-05, 0.000185303739272, 0.000121022370877, 0.00111826730426, 0.00014204638137, 0.000117552641314, 0.000131754801259, 3.11274743581e-05, 5.42870548088e-05, 2.23615443247e-05, 2.65743437922e-05, 2.35719035118e-05, 1.63003169291e-05, 1.04770942926e-05, 2.85226815322e-05, 1.94638905668e-05, 9.03947329789e-06, 1.76953963091e-05, 9.25782205741e-06, 8.33227386465e-06, 5.0053799896e-06, 2.01288548851e-06, 1.5876330508e-06, 1.55058967266e-06, 2.11299061448e-06, 2.95955828733e-06, 3.3940953017e-06, 1.10006237719e-06, 8.27859935271e-07, 6.11670827766e-07, 3.48244526549e-07, 3.1638998621e-07, 3.32528287572e-07, 3.52981658125e-07, 2.04854586627e-07, 4.41713616794e-08, 2.66578048524e-08, 2.50185916428e-08, 2.32682548784e-08, 2.22610214706e-08, 2.13321875719e-08, 2.05145873622e-08, 1.99135286039e-08, 1.89841955489e-08, 1.81963617507e-08, 1.76489098891e-08, 1.71025433815e-08, 1.66767595289e-08, 1.62174575991e-08, 1.58082755775e-08, 1.52653480967e-08, 1.48911158959e-08, 1.44180161143e-08, 1.41800713394e-08, 1.36850921706e-08, 1.3846302771e-08, 1.37129232414e-08, 1.34140574204e-08, 1.33675923664e-08],
        "mean": [0.000318449776387, 0.00104579760227, 0.000878355058376, 0.000374955649022, 0.000183354655746, 0.000133621462737, 0.000132879053126, 0.000184143544175, 0.000196628214326, 0.000148794657434, 0.000461346615339, 0.00101308210287, 0.000525212846696, 0.000111695619125, 0.000191696337424, 0.000377112417482, 0.000331913150148, 0.000229153069085, 0.000257100909948, 0.000411330605857, 0.000369079556549, 0.000290503521683, 0.000286556605715, 0.000299818726489, 0.000203685514862, 8.42692097649e-05, 7.76885426603e-05, 5.78116414545e-05, 5.54713406018e-05, 6.89887019689e-05, 7.00934033375e-05, 7.18173469068e-05, 0.00010444457439, 7.01452663634e-05, 4.94767336932e-05, 3.78556323994e-05, 3.35186559823e-05, 3.25417240674e-05, 3.92319379898e-05, 5.43257447134e-05, 2.47973730438e-05, 2.51941728493e-05, 2.14251704165e-05, 1.85402423085e-05, 2.2424652343e-05, 2.75072161458e-05, 1.69368304341e-05, 1.43650004247e-05, 1.2123509805e-05, 1.61669031513e-05, 1.0690403542e-05, 1.09182592496e-05, 1.18911693789e-05, 1.16782975965e-05, 7.78718458605e-06, 4.6508066589e-06, 2.82527116724e-06, 3.29578006131e-06, 2.87592661152e-06, 4.16801867686e-06, 3.86853071177e-06, 2.95842119158e-06, 1.87213470326e-06, 1.42615408549e-06, 1.45320098e-06, 1.46623187902e-06, 1.08021163214e-06, 6.71731982038e-07, 6.35491517187e-07, 9.85713427326e-07, 2.07906418837e-06, 2.37054405261e-06, 9.08308538783e-06, 3.03342244479e-06, 3.34515584655e-06, 2.54434712588e-06, 9.2466626711e-07, 1.00223405752e-06, 8.84889743702e-07, 9.33989440455e-07, 6.04868887422e-07, 5.45968077859e-07, 3.84393274544e-07, 6.13792110471e-07, 5.65220148019e-07, 2.58097514916e-07, 3.19116736591e-07, 2.43641267161e-07, 1.94799227415e-07, 1.64755974197e-07, 1.37899107244e-07, 1.18111785241e-07, 1.15121196131e-07, 1.00748238197e-07, 8.93869795959e-08, 8.80670611991e-08, 6.85788634769e-08, 5.84162549444e-08, 5.14563147647e-08, 4.51577584215e-08, 4.27543120907e-08, 4.21114556559e-08, 4.21392911676e-08, 3.49474937877e-08, 7.60363239038e-09, 5.29976396102e-10, 5.17747789086e-10, 1.08477074545e-10, 6.37597544206e-11, 6.204626396e-11, 6.21941456669e-11, 6.15325360109e-11, 5.98385299644e-11, 5.7020513311e-11, 5.53222745392e-11, 5.51123834069e-11, 5.36508198978e-11, 5.24777062083e-11, 5.25832710707e-11, 5.04832599335e-11, 4.91570464889e-11, 4.80329907793e-11, 4.86940349154e-11, 4.67035611573e-11, 4.18535900382e-11, 3.25615402696e-11, 2.72679726021e-11, 2.65006384892e-11],
        "min": [3.11939835731e-23, 3.28040991678e-23, 3.7211704859e-23, 1.82779860601e-23, 4.29391308537e-24, 2.41766126206e-24, 5.31458155645e-24, 3.07459129456e-24, 8.98114985151e-24, 2.84746569705e-23, 2.69137631409e-23, 7.2043637248e-24, 1.49669366674e-24, 1.51987030153e-24, 3.61968786918e-24, 5.86783298068e-24, 9.56568552708e-24, 6.36431481873e-24, 4.09451310879e-24, 8.01857783065e-24, 1.5124715751e-24, 6.09312297774e-24, 3.59144231003e-24, 9.25686462649e-25, 5.44637605485e-25, 3.85575331177e-24, 3.05598640454e-24, 4.75679102658e-24, 1.37670064581e-23, 1.28289380347e-23, 4.07867435953e-24, 4.58832938584e-24, 4.56282827378e-24, 3.09827230728e-24, 3.04116252484e-24, 1.47802698919e-23, 1.79228645464e-23, 1.30452231845e-23, 1.81822120353e-23, 8.71931902845e-24, 1.11784445946e-23, 2.29103540004e-23, 1.90405952521e-23, 2.2990912476e-23, 6.3507949261e-24, 1.13491801269e-23, 2.81747068108e-23, 1.27642159417e-23, 5.76669746276e-24, 1.03025068561e-23, 7.15696186186e-24, 7.28976186209e-24, 5.54927319778e-24, 3.71227174046e-24, 4.63566577331e-24, 1.42966744912e-23, 8.41503881123e-24, 4.40338055218e-24, 5.49185280135e-24, 4.74467215092e-24, 5.38927997886e-24, 5.79465311552e-24, 9.22038612051e-24, 1.06715943633e-23, 1.09879977949e-23, 7.07127500148e-24, 8.27203647291e-24, 1.65509092144e-23, 1.66572492422e-23, 1.18714675773e-23, 6.82301731916e-24, 7.7565553144e-24, 1.8447838857e-23, 1.13028235047e-23, 1.79367768973e-23, 6.79409057863e-24, 6.69036641364e-24, 8.12928104806e-24, 9.9237668469e-24, 1.06193417946e-23, 1.09135522024e-23, 1.204629572e-23, 1.04256567209e-23, 1.21799540009e-23, 8.90514310329e-24, 1.03226401641e-23, 9.49386841913e-24, 8.23191895158e-24, 6.45480308101e-24, 3.86796527302e-24, 1.11231304568e-23, 1.70697130551e-23, 1.33983875343e-23, 1.44468925402e-23, 8.26767880527e-24, 1.23436805041e-23, 1.67908160152e-23, 6.44384698633e-24, 7.73583509386e-24, 7.38086583031e-24, 9.51311346978e-24, 1.00533553944e-23, 6.50623365659e-24, 1.00966654358e-23, 1.50367759038e-23, 1.53048797488e-23, 1.25498295801e-23, 7.96213404402e-24, 1.60787349419e-23, 1.17810309854e-23, 9.7434064227e-24, 1.40575881057e-23, 1.6628127653e-23, 2.02208668504e-23, 1.53696988717e-23, 9.4496748535e-24, 8.6122224831e-24, 7.44665051892e-24, 9.41060967261e-24, 1.06007436099e-23, 1.18429226455e-23, 7.87401749205e-24, 1.14731401519e-23, 8.99290072355e-24, 1.43050095955e-23, 1.32440847636e-23, 9.48526194666e-24, 9.1162588476e-24],
        "stdev": [0.000416480208514, 0.000903690117411, 0.000804709736258, 0.000500373658724, 0.000538899097592, 0.000555673032068, 0.00026840576902, 0.000244687194936, 0.000376723095542, 0.000273643207038, 0.00106478075031, 0.00275546265766, 0.001205706154, 0.000153438697453, 0.000586674257647, 0.00163561885711, 0.000805585237686, 0.000502610520925, 0.00061509036459, 0.00129789905623, 0.00115722627379, 0.000817047432065, 0.000762593350373, 0.000801893009339, 0.000574192788918, 0.000279455707641, 0.000249410019023, 0.000155522910063, 0.000175511013367, 0.000189400787349, 0.000185923519894, 0.000241833040491, 0.000507410557475, 0.000224493662245, 0.000172529573319, 0.000104838705738, 9.46156433201e-05, 0.000109262189653, 0.000131252483698, 0.000347736087861, 7.4504307122e-05, 7.32938933652e-05, 7.16297436156e-05, 5.88709481235e-05, 6.72075257171e-05, 8.89507646207e-05, 6.31172079011e-05, 4.55352019344e-05, 3.61028323823e-05, 4.52000422229e-05, 3.87457148463e-05, 5.35700819455e-05, 4.48564023827e-05, 4.3746917072e-05, 2.8498860047e-05, 1.41251030072e-05, 8.90988758329e-06, 1.24728494484e-05, 1.02581270767e-05, 1.77931906364e-05, 1.73764547071e-05, 1.12362276923e-05, 5.4458505474e-06, 3.69117128685e-06, 4.52973654319e-06, 6.86236353431e-06, 5.07414097228e-06, 1.92214270101e-06, 1.93915730051e-06, 3.77552873942e-06, 9.92058812699e-06, 8.45299837238e-06, 6.21525250608e-05, 1.08762069431e-05, 1.2198780496e-05, 1.03696775113e-05, 2.37985364038e-06, 3.34309197569e-06, 2.35090487877e-06, 2.7357275485e-06, 1.66532947787e-06, 1.48760761931e-06, 9.24585663142e-07, 2.24408995564e-06, 1.83939505405e-06, 6.38034350686e-07, 1.00577767626e-06, 6.087843758e-07, 4.74386382621e-07, 3.24861730405e-07, 2.08564827631e-07, 1.69735216105e-07, 1.84599386444e-07, 1.68996351135e-07, 1.67311128507e-07, 1.88730055584e-07, 9.01938150832e-08, 7.4600123412e-08, 5.50351550999e-08, 3.74169673023e-08, 3.67059520556e-08, 3.37180345866e-08, 3.27008429224e-08, 2.34176180669e-08, 5.98616622938e-09, 1.65824420861e-09, 1.29193111764e-09, 9.92770754493e-10, 9.47404377172e-10, 9.07838526576e-10, 8.72946603891e-10, 8.47329040266e-10, 8.07745259568e-10, 7.74242336909e-10, 7.50940976069e-10, 7.27642557319e-10, 7.09509617725e-10, 6.89950097055e-10, 6.72483790876e-10, 6.49397924324e-10, 6.33478602907e-10, 6.13337658439e-10, 6.03158467616e-10, 5.8210869458e-10, 5.89189974587e-10, 5.83882719951e-10, 5.7135102205e-10, 5.69400526729e-10]
    },
    "mfcc": {
        "mean": [-726.438293457, 147.120422363, 23.7766075134, 13.9618082047, -0.865710318089, 10.7280597687, -5.30495166779, 1.30834722519, 2.74219608307, 3.29816055298, 2.84035992622, 3.32111024857, 1.04745185375],
        "cov": [[5496.17675781, 689.245361328, -1765.74047852, -296.537872314, -761.436645508, -173.268051147, -369.749450684, -98.3062438965, 192.411026001, 86.9788360596, 29.5915412903, 244.651077271, 115.393661499], [689.245361328, 432.706512451, -94.7936935425, -194.974960327, -46.3529205322, -122.242630005, -69.474609375, -6.95808029175, -19.5457706451, 21.4819965363, 35.19713974, 24.6037769318, 7.17415952682], [-1765.74047852, -94.7936935425, 896.620361328, 132.0027771, 246.6665802, 99.2380599976, 84.0759124756, 26.5429496765, -77.0618743896, -30.5426979065, -12.9618253708, -90.3307113647, -61.3018913269], [-296.537872314, -194.974960327, 132.0027771, 407.122741699, -120.336494446, 36.4059333801, 91.4907302856, -96.8713378906, 43.1263160706, -4.51070022583, -26.6321048737, -34.9915618896, 11.458987236], [-761.436645508, -46.3529205322, 246.6665802, -120.336494446, 564.991394043, -3.30694627762, 56.2367401123, 109.471427917, -151.406600952, -96.6895675659, -36.834690094, -92.9699935913, -85.0087890625], [-173.268051147, -122.242630005, 99.2380599976, 36.4059333801, -3.30694627762, 222.933349609, 12.9833955765, 5.8448882103, -19.1593647003, -17.5420074463, -63.6469421387, -26.5719738007, -13.1936330795], [-369.749450684, -69.474609375, 84.0759124756, 91.4907302856, 56.2367401123, 12.9833955765, 137.77986145, -9.17850208282, -20.3969287872, -20.4867076874, -9.69002628326, -52.3419723511, 0.856838464737], [-98.3062438965, -6.95808029175, 26.5429496765, -96.8713378906, 109.471427917, 5.8448882103, -9.17850208282, 98.9564971924, -10.9930410385, -14.5351018906, -6.72893095016, -13.8403778076, -12.6973648071], [192.411026001, -19.5457706451, -77.0618743896, 43.1263160706, -151.406600952, -19.1593647003, -20.3969287872, -10.9930410385, 108.100532532, 48.4666213989, 13.6365537643, 34.7978248596, 25.8767719269], [86.9788360596, 21.4819965363, -30.5426979065, -4.51070022583, -96.6895675659, -17.5420074463, -20.4867076874, -14.5351018906, 48.4666213989, 72.020652771, 36.881942749, 36.7972984314, 16.1473045349], [29.5915412903, 35.19713974, -12.9618253708, -26.6321048737, -36.834690094, -63.6469421387, -9.69002628326, -6.72893095016, 13.6365537643, 36.881942749, 88.5964279175, 45.9758834839, 9.86535549164], [244.651077271, 24.6037769318, -90.3307113647, -34.9915618896, -92.9699935913, -26.5719738007, -52.3419723511, -13.8403778076, 34.7978248596, 36.7972984314, 45.9758834839, 96.7813491821, 27.8826332092], [115.393661499, 7.17415952682, -61.3018913269, 11.458987236, -85.0087890625, -13.1936330795, 0.856838464737, -12.6973648071, 25.8767719269, 16.1473045349, 9.86535549164, 27.8826332092, 63.9756736755]],
        "icov": [[0.00113511877134, -0.00194702134468, 0.0021322038956, -0.00110439525452, 0.000184749194887, -0.00112267129589, 0.00137775205076, -0.000610831775703, -0.000516901200172, 0.000929989910219, -0.000424658413976, -0.000362025486538, 0.000483705487568], [-0.00194702134468, 0.00777328386903, -0.00409558834508, 0.00452213175595, 0.0010914754821, 0.00462281843647, -0.0016044343356, 0.00276215840131, 0.00290555390529, -0.00236869137734, 0.00181133928709, 0.0018206499517, -0.000771042425185], [0.0021322038956, -0.00409558834508, 0.00569641310722, -0.00320609449409, -0.000538485532161, -0.00320903165266, 0.00265291752294, -0.00171064189635, -0.0006869675708, 0.000960339733865, -0.00207612640224, 0.000124445810798, 0.00119501608424], [-0.00110439525452, 0.00452213175595, -0.00320609449409, 0.00765892956406, 0.00116904964671, 0.00248673162423, -0.00346093275584, 0.00609717750922, -0.00162950018421, 0.00089350406779, 0.00179316557478, 0.00168004236184, -0.000211473263334], [0.000184749194887, 0.0010914754821, -0.000538485532161, 0.00116904964671, 0.00562701001763, 0.00223907572217, -0.00110707140993, -0.00360186817124, 0.00510812317953, 0.00132934038993, 0.00161694793496, -1.11386752906e-05, 0.00341156870127], [-0.00112267129589, 0.00462281843647, -0.00320903165266, 0.00248673162423, 0.00223907572217, 0.0094918590039, -0.00182602740824, -0.00013067110558, 0.00444548251107, -0.0029412030708, 0.007257535588, -0.000942692742683, 0.00115344114602], [0.00137775205076, -0.0016044343356, 0.00265291752294, -0.00346093275584, -0.00110707140993, -0.00182602740824, 0.0139733329415, 0.000162484240718, -9.5696603239e-05, 0.00149403023534, -0.00443593179807, 0.0068267872557, -0.00377539219335], [-0.000610831775703, 0.00276215840131, -0.00171064189635, 0.00609717750922, -0.00360186817124, -0.00013067110558, 0.000162484240718, 0.0198925361037, -0.00664803246036, 0.00243086391129, -0.000878196849953, 0.00336361606605, -0.00206139404327], [-0.000516901200172, 0.00290555390529, -0.0006869675708, -0.00162950018421, 0.00510812317953, 0.00444548251107, -9.5696603239e-05, -0.00664803246036, 0.0231864545494, -0.0114215975627, 0.0055506201461, -0.00224057771266, 0.000251203920925], [0.000929989910219, -0.00236869137734, 0.000960339733865, 0.00089350406779, 0.00132934038993, -0.0029412030708, 0.00149403023534, 0.00243086391129, -0.0114215975627, 0.0293017812073, -0.00998036656529, -0.00128147855867, 0.00029224329046], [-0.000424658413976, 0.00181133928709, -0.00207612640224, 0.00179316557478, 0.00161694793496, 0.007257535588, -0.00443593179807, -0.000878196849953, 0.0055506201461, -0.00998036656529, 0.0246490351856, -0.0103646451607, 0.002772832755], [-0.000362025486538, 0.0018206499517, 0.000124445810798, 0.00168004236184, -1.11386752906e-05, -0.000942692742683, 0.0068267872557, 0.00336361606605, -0.00224057771266, -0.00128147855867, -0.0103646451607, 0.0235936772078, -0.00682080257684], [0.000483705487568, -0.000771042425185, 0.00119501608424, -0.000211473263334, 0.00341156870127, 0.00115344114602, -0.00377539219335, -0.00206139404327, 0.000251203920925, 0.00029224329046, 0.002772832755, -0.00682080257684, 0.0228101499379]]
    },
    "spectral_contrast_coeffs": {
        "max": [-0.513822078705, -0.625815331936, -0.583481550217, -0.607475697994, -0.661910057068, -0.543001234531],
        "mean": [-0.76934504509, -0.813975811005, -0.815172016621, -0.834162831306, -0.823226392269, -0.791585862637],
        "min": [-0.972389876842, -0.974378287792, -0.973634421825, -0.954480886459, -0.959879457951, -0.959093630314],
        "stdev": [0.0816282257438, 0.0533133670688, 0.0580816268921, 0.0442064329982, 0.0414605215192, 0.0634284242988]
    },
    "spectral_contrast_valleys": {
        "max": [-5.17872905731, -4.26588773727, -5.20206928253, -5.70346403122, -6.13445043564, -9.7083940506],
        "mean": [-6.824447155, -6.68552446365, -7.75263404846, -8.30301094055, -8.75878334045, -10.9607849121],
        "min": [-26.9144649506, -26.7065563202, -26.9747848511, -27.3310756683, -27.1707859039, -27.2871513367],
        "stdev": [0.988039076328, 1.3571703434, 1.25792467594, 1.26376533508, 1.15916228294, 0.808398067951]
    }
},
"rhythm": {
    "beats_count": 34,
    "beats_loudness": {
        "max": 0.0702265277505,
        "mean": 0.0156053444371,
        "min": 0.00169435620774,
        "stdev": 0.0162559952587
    },
    "bpm": 165.592300415,
    "bpm_histogram_first_peak_bpm": 167,
    "bpm_histogram_first_peak_weight": 0,
    "bpm_histogram_second_peak_bpm": 157,
    "bpm_histogram_second_peak_spread": 0.230769217014,
    "bpm_histogram_second_peak_weight": 0.303030312061,
    "danceability": 0.801725566387,
    "onset_rate": 1.17560708523,
    "beats_loudness_band_ratio": {
        "max": [0.948347330093, 0.865564227104, 0.726813077927, 0.77196842432, 0.0879740566015, 0.213071942329],
        "mean": [0.441124379635, 0.243274748325, 0.210296869278, 0.114971973002, 0.0194309707731, 0.0167499780655],
        "min": [0.0805643126369, 0.0342154279351, 0.00304774474353, 0.00240537384525, 0.000637365330476, 0.000841126136947],
        "stdev": [0.274531960487, 0.220538318157, 0.210648536682, 0.177350848913, 0.0232180245221, 0.0372425429523]
    },
    "beats_position": [0.371519267559, 0.754648506641, 1.13777780533, 1.52090704441, 1.90403628349, 2.28716540337, 2.67029476166, 3.05342388153, 3.43655323982, 3.8196823597, 4.20281171799, 4.52789115906, 4.85297060013, 5.17804956436, 5.50312900543, 5.8282084465, 6.18811798096, 6.54802703857, 6.91954612732, 7.2910656929, 7.66258478165, 8.0224943161, 8.38240337372, 8.73070240021, 9.0906124115, 9.45052146912, 9.81043052673, 10.1587295532, 10.5186395645, 10.866938591, 11.2268476486, 11.5867567062, 11.9350566864, 12.294965744],
