{
"metadata": {
    "version": {
        "essentia": "2.1-beta5",
        "essentia_git_sha": "Undefined",
        "extractor": "music 2.0"
    },
    "audio_properties": {
        "analysis": {
            "equal_loudness": 0,
            "length": 47.0552368164,
            "sample_rate": 44100,
            "start_time": 142.744674683,
            "downmix": "mix"
        },
        "bit_rate": 192000,
        "length": 189.823150635,
        "lossless": 0,
        "number_channels": 2,
        "replay_gain": -4.81902313232,
        "sample_rate": 48000,
        "codec": "mp3",
        "md5_encoded": "22fca094c71898b09afbebda845e42c9"
    },
    "tags": {
        "file_name": "Italy_Piove_Domenico Modugno.mp3",
        "encoding": ["Lavf58.29.100"]
    }
},
"lowlevel": {
    "average_loudness": 0.23955950141,
    "barkbands_crest": {
        "max": 26.6206626892,
        "mean": 13.6712665558,
        "min": 2.86040782928,
        "stdev": 6.72061634064
    },
    "barkbands_flatness_db": {
        "max": 0.424059003592,
        "mean": 0.237825199962,
        "min": 0.0875520259142,
        "stdev": 0.0684426873922
    },
    "barkbands_kurtosis": {
        "max": 195.851211548,
        "mean": 14.5665521622,
        "min": -1.89916360378,
        "stdev": 25.1057949066
    },
    "barkbands_skewness": {
        "max": 11.4136800766,
        "mean": 1.79623663425,
        "min": -2.90269494057,
        "stdev": 1.77573740482
    },
    "barkbands_spread": {
        "max": 111.674781799,
        "mean": 9.2270116806,
        "min": 0.401353091002,
        "stdev": 9.86279201508
    },
    "dissonance": {
        "max": 0.499999433756,
        "mean": 0.399086892605,
        "min": 0.16795539856,
        "stdev": 0.0702623575926
    },
    "dynamic_complexity": 5.68581771851,
    "erbbands_crest": {
        "max": 32.3411369324,
        "mean": 14.6856641769,
        "min": 2.63289117813,
        "stdev": 6.82361316681
    },
    "erbbands_flatness_db": {
        "max": 0.448952615261,
        "mean": 0.27515116334,
        "min": 0.065001681447,
        "stdev": 0.0679813697934
    },
    "erbbands_kurtosis": {
        "max": 99.3644943237,
        "mean": 8.95759105682,
        "min": -1.68056130409,
        "stdev": 15.3900318146
    },
    "erbbands_skewness": {
        "max": 8.43937969208,
        "mean": 1.67027580738,
        "min": -4.8359041214,
        "stdev": 1.73575079441
    },
    "erbbands_spread": {
        "max": 116.100753784,
        "mean": 17.5555725098,
        "min": 1.16175341606,
        "stdev": 14.3787260056
    },
    "hfc": {
        "max": 59.9257545471,
        "mean": 10.5159950256,
        "min": 3.90503328163e-06,
        "stdev": 12.2669420242
    },
    "loudness_ebu128": {
        "integrated": -20.4992809296,
        "loudness_range": 9.55328941345,
        "momentary": {
            "max": -14.3958148956,
            "mean": -22.6360530853,
            "min": -35.2344741821,
            "stdev": 4.37255144119
        },
        "short_term": {
            "max": -15.3264389038,
            "mean": -21.7031211853,
            "min": -26.931060791,
            "stdev": 2.73494839668
        }
    },
    "melbands_crest": {
        "max": 34.639377594,
        "mean": 16.2419643402,
        "min": 3.3723423481,
        "stdev": 6.84954500198
    },
    "melbands_flatness_db": {
        "max": 0.480018138885,
        "mean": 0.268865615129,
        "min": 0.0908366516232,
        "stdev": 0.0732472240925
    },
    "melbands_kurtosis": {
        "max": 188.705245972,
        "mean": 17.354467392,
        "min": -1.8987827301,
        "stdev": 24.8956871033
    },
    "melbands_skewness": {
        "max": 9.38338661194,
        "mean": 1.86502981186,
        "min": -1.83705067635,
        "stdev": 1.74813377857
    },
    "melbands_spread": {
        "max": 212.042266846,
        "mean": 12.3639631271,
        "min": 0.712739169598,
        "stdev": 14.1137676239
    },
    "pitch_salience": {
        "max": 0.860024690628,
        "mean": 0.524891138077,
        "min": 0.0692258030176,
        "stdev": 0.184508159757
    },
    "silence_rate_20dB": {
        "max": 1,
        "mean": 1,
        "min": 1,
        "stdev": 0
    },
    "silence_rate_30dB": {
        "max": 1,
        "mean": 1,
        "min": 1,
        "stdev": 0
    },
    "silence_rate_60dB": {
        "max": 1,
        "mean": 0.244082838297,
        "min": 0,
        "stdev": 0.429538965225
    },
    "spectral_centroid": {
        "max": 4977.70849609,
        "mean": 829.159851074,
        "min": 258.000305176,
        "stdev": 430.020172119
    },
    "spectral_complexity": {
        "max": 27,
        "mean": 8.27268218994,
        "min": 0,
        "stdev": 5.22512197495
    },
    "spectral_decrease": {
        "max": -7.52522874472e-15,
        "mean": -3.85078635645e-09,
        "min": -2.14426201239e-08,
        "stdev": 4.4160373136e-09
    },
    "spectral_energy": {
        "max": 0.0860892385244,
        "mean": 0.0154875898734,
        "min": 2.87561814361e-08,
        "stdev": 0.0177539512515
    },
    "spectral_energyband_high": {
        "max": 0.000981117133051,
        "mean": 5.80813393753e-05,
        "min": 1.27714880338e-10,
        "stdev": 8.58444109326e-05
    },
    "spectral_energyband_low": {
        "max": 0.00970547366887,
        "mean": 0.000490318343509,
        "min": 1.80549069029e-08,
        "stdev": 0.000916970311664
    },
    "spectral_energyband_middle_high": {
        "max": 0.0360807143152,
        "mean": 0.0025578988716,
        "min": 5.22808185632e-10,
        "stdev": 0.00421793479472
    },
    "spectral_energyband_middle_low": {
        "max": 0.0846939682961,
        "mean": 0.0128013491631,
        "min": 2.96248314768e-09,
        "stdev": 0.0170051380992
    },
    "spectral_entropy": {
        "max": 8.51978874207,
        "mean": 6.80264186859,
        "min": 4.92037677765,
        "stdev": 0.627455413342
    },
    "spectral_flux": {
        "max": 0.230235740542,
        "mean": 0.0410435497761,
        "min": 0.00148754345719,
        "stdev": 0.030505662784
    },
    "spectral_kurtosis": {
        "max": 53.4525756836,
        "mean": 8.08905887604,
        "min": -1.29745042324,
        "stdev": 6.26403617859
    },
    "spectral_rms": {
        "max": 0.00916457828134,
        "mean": 0.00329248956405,
        "min": 5.29667931914e-06,
        "stdev": 0.00206624157727
    },
    "spectral_rolloff": {
        "max": 8053.41796875,
        "mean": 936.299987793,
        "min": 21.533203125,
        "stdev": 712.043457031
    },
    "spectral_skewness": {
        "max": 5.58933448792,
        "mean": 2.08982872963,
        "min": -0.620596826077,
        "stdev": 0.744761526585
    },
    "spectral_spread": {
        "max": 11542423,
        "mean": 3250525.75,
        "min": 1415731.625,
        "stdev": 951550.3125
    },
    "spectral_strongpeak": {
        "max": 8.47863578796,
        "mean": 1.75780200958,
        "min": 0,
        "stdev": 1.890879035
    },
    "zerocrossingrate": {
        "max": 0.25634765625,
        "mean": 0.0384673178196,
        "min": 0.00048828125,
        "stdev": 0.0208096895367
    },
    "barkbands": {
        "max": [0.000351883820258, 0.00437111547217, 0.00587845826522, 0.00363413640298, 0.0361052267253, 0.0206346530467, 0.0478878878057, 0.0622883327305, 0.0836772099137, 0.0365757271647, 0.0180579163134, 0.0116182779893, 0.00567681808025, 0.00452680932358, 0.00271235499531, 0.00228459318168, 0.00119097740389, 0.000631951726973, 0.000230248420849, 0.000342611863744, 0.000420729629695, 0.00044588118908, 0.000250241311733, 5.09639867232e-05, 2.23828192247e-05, 4.78594586184e-07, 3.91835861535e-08],
        "mean": [2.12476861634e-05, 0.000206748503842, 0.000202954353881, 0.000123257341329, 0.00105974322651, 0.000627366767731, 0.00135409017093, 0.00212934915908, 0.00698023149744, 0.00100069039036, 0.000492256425787, 0.00046990372357, 0.000262056331849, 0.000179052280146, 0.000149916406372, 5.86339083384e-05, 5.50964250579e-05, 3.21602747135e-05, 1.74310025614e-05, 1.38108298415e-05, 1.66534664459e-05, 1.83553038369e-05, 1.34528463605e-05, 2.65259518528e-06, 4.96863151511e-07, 7.56915086164e-10, 5.43165790123e-10],
        "min": [1.43378473538e-08, 9.03362273874e-09, 1.78186110311e-09, 8.056521561e-10, 8.98437102492e-10, 5.60978152819e-10, 2.88258528158e-10, 2.1095510061e-10, 1.67460462164e-10, 1.01850132495e-10, 7.00000890586e-11, 8.10253877881e-11, 4.93757222608e-11, 5.13034024985e-11, 4.18176708539e-11, 4.03957874096e-11, 3.00887370575e-11, 3.11350389914e-11, 2.77258979664e-11, 2.35600081111e-11, 2.38798269353e-11, 1.76556685938e-11, 1.26417253402e-11, 1.60201053812e-11, 1.49853462972e-11, 1.48651178172e-11, 1.7805210431e-11],
        "stdev": [2.77641738649e-05, 0.000412032793975, 0.000488910765853, 0.00030848372262, 0.00249044620432, 0.00149977963883, 0.00422889599577, 0.00622397661209, 0.0161106586456, 0.00344811123796, 0.00141594314482, 0.00100932514761, 0.000577048689593, 0.000370886613382, 0.000288124632789, 0.000136566130095, 0.000104144368379, 6.00574603595e-05, 2.62335943262e-05, 2.74668364e-05, 3.55206284439e-05, 3.12605880026e-05, 2.03348354262e-05, 4.64300637759e-06, 1.11283918613e-06, 1.0649482185e-08, 1.23278898201e-09]
    },
    "erbbands": {
        "max": [0.145823150873, 1.32645440102, 7.46261692047, 10.8290281296, 87.4560012817, 128.435745239, 305.590026855, 180.509307861, 660.666259766, 1011.63934326, 1730.97143555, 2110.79418945, 1348.80505371, 331.212402344, 934.684020996, 400.402679443, 317.839385986, 255.784454346, 159.75567627, 112.298858643, 152.789779663, 68.9614334106, 44.3591842651, 21.780298233, 15.2240486145, 14.1956224442, 14.7181987762, 16.5541381836, 16.2305641174, 10.1382761002, 5.71056032181, 1.73639476299, 0.843298256397, 0.314826965332, 0.0606799982488, 0.00212083174847, 0.00082685390953, 0.000201659728191, 4.34845860582e-05, 9.87835373962e-05],
        "mean": [0.00374384527095, 0.0545174740255, 0.228327646852, 0.362701565027, 1.1763241291, 3.73591828346, 6.28398990631, 5.14494276047, 15.2495527267, 35.6278076172, 79.6619720459, 144.34576416, 55.0922660828, 19.2586803436, 23.4773578644, 18.3837509155, 12.0723228455, 10.1507196426, 7.40267562866, 6.36644601822, 3.43763995171, 2.76617336273, 2.0511136055, 1.26286149025, 0.688186526299, 0.588526010513, 0.604725182056, 0.702993810177, 0.647206962109, 0.561667442322, 0.35562852025, 0.100174151361, 0.0320821218193, 0.00964775308967, 0.00147696444765, 5.46288465557e-05, 9.60401848715e-06, 2.38165216615e-06, 8.01397709438e-06, 1.79063717951e-05],
        "min": [4.79547907162e-07, 1.31031936235e-06, 2.11674409911e-06, 2.64972209152e-06, 2.49127128882e-06, 3.16083469443e-06, 3.69220174434e-06, 4.86629915031e-06, 4.47535512649e-06, 4.28585690315e-06, 4.66615028927e-06, 3.80409096579e-06, 3.24513507621e-06, 3.15186707667e-06, 3.03281194647e-06, 3.13800273943e-06, 2.3988823159e-06, 2.7262135518e-06, 2.33240166381e-06, 2.20284755414e-06, 1.99435976356e-06, 1.73264277237e-06, 1.73383409674e-06, 1.45799333495e-06, 1.3626844293e-06, 1.08697099677e-06, 1.01136117792e-06, 9.01628538941e-07, 5.91361924762e-07, 4.84250392674e-07, 3.98144351266e-07, 3.1914814258e-07, 2.64005990402e-07, 1.53190100605e-07, 1.11257314472e-07, 6.33351007195e-08, 2.72152345104e-08, 8.09648614819e-09, 2.53139997852e-09, 3.10202391551e-10],
        "stdev": [0.00510392896831, 0.121737286448, 0.579694390297, 0.87481969595, 4.07318019867, 8.63964080811, 20.8629245758, 11.7027664185, 44.6664009094, 105.178787231, 158.994140625, 330.081939697, 151.272918701, 39.2712745667, 78.1801528931, 36.4549026489, 24.1684627533, 18.3386459351, 13.9786138535, 11.7616481781, 7.2295665741, 5.04907417297, 3.81183123589, 2.0309381485, 1.19394350052, 1.12385964394, 1.26067054272, 1.34236907959, 1.14372229576, 0.864178717136, 0.564940035343, 0.157554924488, 0.059804327786, 0.019914727658, 0.00317070423625, 9.65720537351e-05, 2.01924212888e-05, 4.95142376167e-06, 8.96382243809e-06, 2.04214502446e-05]
    },
    "gfcc": {
        "mean": [-131.524490356, 147.05947876, -155.664382935, 18.7896938324, -85.7445602417, 12.1010055542, -23.7676277161, -10.0325651169, 8.227684021, -17.9526119232, 2.51067638397, -14.0252866745, 1.99644708633],
        "cov": [[4520.64550781, -261.603546143, -1507.48486328, -712.635620117, -190.290802002, -198.283996582, 290.972961426, -61.2468681335, 231.254272461, -167.062057495, -26.8541316986, -130.012084961, -146.795043945], [-261.603546143, 633.066345215, 362.245330811, -26.5931510925, 123.166061401, -116.707389832, -61.5450019836, -66.6893539429, -76.7448272705, -46.0945358276, -7.03608131409, -38.3374633789, -19.680644989], [-1507.48486328, 362.245330811, 974.068908691, 361.795410156, 45.5070877075, -18.2490615845, -219.918029785, -25.1406555176, -106.715934753, 15.7968559265, -28.3883800507, 12.4666786194, 34.779712677], [-712.635620117, -26.5931510925, 361.795410156, 642.648193359, 142.42779541, 66.8078765869, -248.961914062, -140.679779053, -92.7394790649, 95.3825531006, -35.3267631531, 6.76255846024, 79.6049957275], [-190.290802002, 123.166061401, 45.5070877075, 142.42779541, 354.653991699, 45.7910232544, -252.136489868, 51.7700424194, -55.9122772217, 26.5803565979, 8.89493942261, -50.9813652039, 28.344379425], [-198.283996582, -116.707389832, -18.2490615845, 66.8078765869, 45.7910232544, 334.367401123, 13.9849863052, 8.08183193207, -32.788974762, 2.50743603706, 17.1704883575, 9.36642837524, 0.513891994953], [290.972961426, -61.5450019836, -219.918029785, -248.961914062, -252.136489868, 13.9849863052, 645.246643066, 17.2959289551, 38.0172042847, -16.3380813599, -27.2717990875, -2.15972495079, -84.259765625], [-61.2468681335, -66.6893539429, -25.1406555176, -140.679779053, 51.7700424194, 8.08183193207, 17.2959289551, 260.248687744, 7.31253194809, -33.6175193787, 32.8704910278, -26.2303028107, -28.0860824585], [231.254272461, -76.7448272705, -106.715934753, -92.7394790649, -55.9122772217, -32.788974762, 38.0172042847, 7.31253194809, 209.22416687, 12.7979364395, -26.4914836884, -12.7876167297, -33.6768951416], [-167.062057495, -46.0945358276, 15.7968559265, 95.3825531006, 26.5803565979, 2.50743603706, -16.3380813599, -33.6175193787, 12.7979364395, 136.265670776, 3.27750015259, -17.4597682953, 23.7535247803], [-26.8541316986, -7.03608131409, -28.3883800507, -35.3267631531, 8.89493942261, 17.1704883575, -27.2717990875, 32.8704910278, -26.4914836884, 3.27750015259, 81.5009994507, 41.5342178345, -0.44645267725], [-130.012084961, -38.3374633789, 12.4666786194, 6.76255846024, -50.9813652039, 9.36642837524, -2.15972495079, -26.2303028107, -12.7876167297, -17.4597682953, 41.5342178345, 106.328582764, 34.7312393188], [-146.795043945, -19.680644989, 34.779712677, 79.6049957275, 28.344379425, 0.513891994953, -84.259765625, -28.0860824585, -33.6768951416, 23.7535247803, -0.44645267725, 34.7312393188, 90.8668136597]],
        "icov": [[0.0006706804852, -0.000317724392517, 0.00119149254169, -8.55492762639e-05, 0.000541315879673, 0.000236274150666, 0.000293871096801, 0.000234985156567, -0.000130448795971, 0.000716974551324, -8.19661654532e-05, 0.00093816278968, 0.000213748411625], [-0.000317724392517, 0.00494308117777, -0.00325135304593, 0.00233165174723, -0.00373126124032, 0.00148509803694, -0.00129133986775, 0.00362489093095, 0.000550884462427, 0.00175833108369, -0.00249206786975, 0.00196208339185, -0.000180064584129], [0.00119149254169, -0.00325135304593, 0.00512665743008, -0.00226681237109, 0.0033990801312, -0.000266460468993, 0.00166686077137, -0.00225749704987, 0.000216940097744, 2.4006858439e-06, 0.00231241807342, -0.000327086600009, 0.00124953093473], [-8.55492762639e-05, 0.00233165174723, -0.00226681237109, 0.00442987913266, -0.00250858603977, 0.000101912875834, 5.26156218257e-05, 0.00295189442113, 0.00112155172974, -0.00102955603506, 0.000813775986899, -5.06976248289e-05, -0.000195106447791], [0.000541315879673, -0.00373126124032, 0.0033990801312, -0.00250858603977, 0.00818726047873, -0.00149540568236, 0.00289256847464, -0.0038085768465, 0.000515443622135, -0.00122069008648, 0.00122360524256, 0.0017074936768, -0.000213854378671], [0.000236274150666, 0.00148509803694, -0.000266460468993, 0.000101912875834, -0.00149540568236, 0.00390150817111, -0.000723472156096, 0.00115041423123, 0.000327685440425, 0.00121788762044, -0.00155212695245, 0.000792974838987, 0.00033753781463], [0.000293871096801, -0.00129133986775, 0.00166686077137, 5.26156218257e-05, 0.00289256847464, -0.000723472156096, 0.00345989502966, -0.00135478645097, 0.00102671456989, -0.00162247917615, 0.00328338099644, -0.00145120604429, 0.00277780485339], [0.000234985156567, 0.00362489093095, -0.00225749704987, 0.00295189442113, -0.0038085768465, 0.00115041423123, -0.00135478645097, 0.00854226853698, -0.000413724716054, 0.00330793997273, -0.00554017536342, 0.00476096151397, -0.000856703089084], [-0.000130448795971, 0.000550884462427, 0.000216940097744, 0.00112155172974, 0.000515443622135, 0.000327685440425, 0.00102671456989, -0.000413724716054, 0.00694738700986, -0.00261675915681, 0.00463778525591, -0.00255549419671, 0.00376296346076], [0.000716974551324, 0.00175833108369, 2.4006858439e-06, -0.00102955603506, -0.00122069008648, 0.00121788762044, -0.00162247917615, 0.00330793997273, -0.00261675915681, 0.0127122299746, -0.00754664791748, 0.00804387312382, -0.00507257319987], [-8.19661654532e-05, -0.00249206786975, 0.00231241807342, 0.000813775986899, 0.00122360524256, -0.00155212695245, 0.00328338099644, -0.00554017536342, 0.00463778525591, -0.00754664791748, 0.0266007911414, -0.0157582759857, 0.00853461120278], [0.00093816278968, 0.00196208339185, -0.000327086600009, -5.06976248289e-05, 0.0017074936768, 0.000792974838987, -0.00145120604429, 0.00476096151397, -0.00255549419671, 0.00804387312382, -0.0157582759857, 0.023802055046, -0.0105259995908], [0.000213748411625, -0.000180064584129, 0.00124953093473, -0.000195106447791, -0.000213854378671, 0.00033753781463, 0.00277780485339, -0.000856703089084, 0.00376296346076, -0.00507257319987, 0.00853461120278, -0.0105259995908, 0.0201657582074]]
    },
    "melbands": {
        "max": [0.00118035648484, 0.00291528692469, 0.00323581788689, 0.00696698017418, 0.00838909391314, 0.00386653770693, 0.00960220955312, 0.0101374406368, 0.0137728480622, 0.0139916632324, 0.0068449168466, 0.00194449303672, 0.00241836463101, 0.00146452977788, 0.000746905105188, 0.000518375600222, 0.000453697983176, 0.000345300562913, 0.000260921515292, 0.000106752384454, 0.000177941808943, 8.59527935972e-05, 4.6183111408e-05, 3.35076401825e-05, 1.82358235179e-05, 8.51578533911e-06, 1.73208773049e-05, 1.03906613731e-05, 8.68944789545e-06, 1.79254675459e-05, 9.20511138247e-06, 1.09847014755e-05, 6.24443782726e-06, 5.89633555137e-06, 3.90596642319e-06, 1.95882057596e-06, 8.84368546394e-07, 6.92071296271e-07, 4.18787891476e-07, 2.26129955649e-07],
        "mean": [4.5235214202e-05, 0.000104172242573, 8.04579758551e-05, 0.000170759652974, 0.000222572576604, 0.000125674210722, 0.000241770176217, 0.000410236913012, 0.000868317147251, 0.000871020602062, 0.000263043766608, 7.50099279685e-05, 6.80789598846e-05, 5.87392532907e-05, 3.81628815376e-05, 2.3015509214e-05, 1.87546484085e-05, 1.16208984764e-05, 1.27850325953e-05, 5.15943247592e-06, 3.79049606636e-06, 3.2318855574e-06, 1.91831782104e-06, 1.55713826189e-06, 1.00864951946e-06, 4.64764951857e-07, 5.15460669703e-07, 3.60326339433e-07, 3.45954958902e-07, 4.49063009e-07, 3.8843958805e-07, 3.58741573336e-07, 3.61266273785e-07, 2.91514965056e-07, 2.26180134177e-07, 1.12419236586e-07, 4.30881712532e-08, 2.48461091701e-08, 1.205563116e-08, 6.74315225879e-09],
        "min": [4.0821355185e-09, 1.26706456438e-09, 4.46909120821e-10, 1.98649457994e-10, 1.33834027194e-10, 1.08556240386e-10, 6.67960686762e-11, 4.67256303094e-11, 3.7246421225e-11, 2.28148056003e-11, 1.59635343139e-11, 1.28241844227e-11, 9.91589275967e-12, 9.43400652736e-12, 6.4255181037e-12, 4.97008814312e-12, 5.03254252507e-12, 3.69914385581e-12, 3.13360925749e-12, 2.94379559791e-12, 2.17783842175e-12, 1.78813647916e-12, 1.67166020609e-12, 1.43845569137e-12, 1.14040742995e-12, 1.05627334136e-12, 8.83550827988e-13, 6.63509991308e-13, 6.80253000197e-13, 5.39702885247e-13, 5.23715077382e-13, 3.20236973874e-13, 3.4106788574e-13, 2.32476527178e-13, 2.43043351287e-13, 1.78307875734e-13, 1.96971060881e-13, 1.8604116457e-13, 1.7027561815e-13, 1.13574717664e-13],
        "stdev": [7.29442908778e-05, 0.000241387373535, 0.000184573975275, 0.000413892528741, 0.000670148408972, 0.000290903815767, 0.000695794122294, 0.0012574774446, 0.00191800459288, 0.00207410170697, 0.00078180123819, 0.000176219706191, 0.000202152878046, 0.000142765071359, 7.31011241442e-05, 5.60236367164e-05, 3.59476289304e-05, 2.47921361733e-05, 2.64010486717e-05, 1.03044576463e-05, 8.52388438943e-06, 6.46475791655e-06, 3.25036353388e-06, 2.99284874927e-06, 1.69174916209e-06, 6.85866893946e-07, 1.22553467463e-06, 7.29013891032e-07, 6.9636604394e-07, 1.21104346817e-06, 6.72313035466e-07, 6.58897988615e-07, 6.258590588e-07, 4.66856874937e-07, 3.76575712835e-07, 1.73937792169e-07, 7.85909080037e-08, 4.80959698734e-08, 2.5307810958e-08, 1.50111727493e-08]
    },
    "melbands128": {
        "max": [0.000229056880926, 0.00119167403318, 0.00174386322033, 0.00286790914834, 0.00460385391489, 0.00212344992906, 0.00282434280962, 0.00265918066725, 0.0105693098158, 0.0109696127474, 0.00705386186019, 0.0168096758425, 0.0155048891902, 0.00568738533184, 0.00650549586862, 0.00857301428914, 0.0154708828777, 0.0176874324679, 0.0181201789528, 0.0171782448888, 0.0229450836778, 0.0177589468658, 0.0253946948797, 0.0348528213799, 0.0181510411203, 0.0328452326357, 0.0134811336175, 0.0140218287706, 0.0107924807817, 0.0034608237911, 0.00211739679798, 0.00224618287757, 0.00237817177549, 0.00726310024038, 0.00311897834763, 0.00133369723335, 0.00197920179926, 0.00133904989343, 0.00138970976695, 0.0015381394187, 0.00110570003744, 0.000836029241327, 0.000842173816636, 0.000981505145319, 0.000693706038874, 0.000511949532665, 0.000580586609431, 0.000596515543293, 0.000344701955328, 0.000206240976695, 0.000192813604372, 0.00026268028887, 0.00031815917464, 0.000166331941728, 0.000167182661244, 0.000138175586471, 0.00012503527978, 0.000108794498374, 4.90365855512e-05, 0.00010918546468, 3.17756166623e-05, 1.94438125618e-05, 4.20741853304e-05, 3.0800991226e-05, 1.72910531546e-05, 8.96271376405e-06, 1.2539002455e-05, 3.98984084313e-05, 3.60138365068e-05, 2.56320508925e-05, 9.85098176898e-06, 1.92293155123e-05, 1.26636869027e-05, 1.10185574158e-05, 1.0240732081e-05, 3.40945043718e-05, 2.16757653106e-05, 1.46388756548e-05, 9.90091211861e-06, 1.35577784022e-05, 1.35801565193e-05, 9.50858611759e-06, 1.44920395542e-05, 7.28424492991e-06, 1.04993023342e-05, 7.44976478018e-06, 1.12418892968e-05, 8.39288532006e-06, 4.03870490118e-06, 6.60495288685e-06, 3.16274235956e-06, 2.46974013862e-06, 1.45088642967e-06, 1.1509041542e-06, 9.87499220173e-07, 1.47715763887e-06, 8.37723632685e-07, 6.10597453488e-07, 5.78707499699e-07, 3.51591154413e-07, 1.62809868698e-07, 3.39501639246e-07, 3.60569600844e-07, 1.06284439028e-07, 1.37619711182e-08, 4.65612792766e-09, 4.40796155132e-09, 4.69798600022e-09, 4.08166256349e-09, 1.86447346451e-09, 2.37914443701e-09, 2.42105646642e-09, 2.6716986401e-09, 2.73190758904e-09, 3.05267833234e-09, 2.54357601648e-09, 1.54432455712e-09, 3.40199743376e-11, 3.31528103581e-11, 3.24154557363e-11, 3.14773901389e-11, 3.08731130938e-11, 3.02275947328e-11, 2.97196538213e-11, 2.92050723882e-11, 2.8713377162e-11, 2.8412352332e-11, 2.82478831992e-11],
        "mean": [1.20820186567e-05, 2.57304564002e-05, 4.56564048363e-05, 0.000106498242531, 0.000124779035104, 9.24625055632e-05, 7.14426423656e-05, 5.76370402996e-05, 0.000118244613986, 0.000157393005793, 0.000203873889404, 0.000300012965454, 0.000256642815657, 9.18919758988e-05, 7.20952084521e-05, 0.000151926622493, 0.00025612974423, 0.000208717727219, 0.000299290375551, 0.000380123383366, 0.000554236466996, 0.000292620592518, 0.000653184775729, 0.00197832309641, 0.000782790943049, 0.000786487013102, 0.000273187441053, 0.0002602993045, 0.000147672239109, 5.79370098421e-05, 6.92708417773e-05, 5.70506708755e-05, 3.20418839692e-05, 0.000131166307256, 5.89565388509e-05, 3.15379620588e-05, 6.35015603621e-05, 3.50343871105e-05, 2.99452240142e-05, 2.03436429729e-05, 2.72206816589e-05, 1.85323860933e-05, 1.29901436594e-05, 2.81673928839e-05, 1.09922157208e-05, 7.67121855461e-06, 1.10063256216e-05, 1.60529452842e-05, 1.37525767059e-05, 3.60317585546e-06, 4.76047762277e-06, 5.84626877753e-06, 2.69670726993e-06, 2.90717980533e-06, 5.90211357121e-06, 2.59140210801e-06, 2.07781363315e-06, 1.97732697416e-06, 1.45403919305e-06, 2.56897646977e-06, 1.56601788603e-06, 9.19852482184e-07, 1.13339478958e-06, 1.15299508252e-06, 5.81193262406e-07, 3.85386982771e-07, 3.96286452542e-07, 5.65693937915e-07, 5.87073486713e-07, 3.85256271329e-07, 2.84666157313e-07, 4.16615648646e-07, 3.76970234583e-07, 3.06301188857e-07, 3.1608888662e-07, 5.28495945673e-07, 4.33071420503e-07, 4.3838767283e-07, 3.5690973732e-07, 4.0249489075e-07, 3.17990412668e-07, 3.78654391398e-07, 3.6011945781e-07, 3.83308531582e-07, 3.27932468736e-07, 3.21788888868e-07, 2.74859957017e-07, 2.44363462798e-07, 2.28046673101e-07, 2.2083246165e-07, 1.47943438833e-07, 7.81566455998e-08, 5.15218161468e-08, 4.39147243014e-08, 3.71674815369e-08, 3.20192334868e-08, 2.19232454413e-08, 1.51018255679e-08, 1.32848185785e-08, 9.79118208733e-09, 6.89292356526e-09, 6.95369051229e-09, 5.64112045964e-09, 3.27905191888e-09, 3.14762771403e-10, 3.63507904333e-11, 4.1268485157e-11, 8.8220264427e-12, 5.34273840447e-12, 4.10437179035e-12, 4.25342963975e-12, 4.16886837551e-12, 4.18814809222e-12, 4.10704499923e-12, 4.17511294634e-12, 3.85485176765e-12, 3.28993321301e-12, 2.47863535252e-12, 2.41140419265e-12, 2.35245156688e-12, 2.28493200922e-12, 2.24336196321e-12, 2.21409674449e-12, 2.1660212686e-12, 2.06094885082e-12, 1.90423024571e-12, 1.81589303056e-12, 1.79582238836e-12],
        "min": [6.60279497744e-10, 5.00232477663e-09, 3.20091397832e-09, 1.88408977309e-09, 1.18301402008e-09, 8.35061964022e-10, 5.68152025426e-10, 3.45914158428e-10, 2.30230709497e-10, 1.98842123322e-10, 1.7534937391e-10, 1.48086584661e-10, 1.25803659157e-10, 1.1036964398e-10, 1.12325343471e-10, 1.11524581237e-10, 8.20833748194e-11, 4.19587628531e-11, 5.12393530383e-11, 4.73130250256e-11, 4.5127002829e-11, 4.30611067637e-11, 3.65341507047e-11, 3.21077678334e-11, 2.42190954791e-11, 1.9778470528e-11, 1.70136023325e-11, 1.5697814576e-11, 1.51762422074e-11, 1.33504015135e-11, 1.24432434842e-11, 1.05307021783e-11, 9.74666441306e-12, 9.21216315036e-12, 1.01665394853e-11, 9.80290501551e-12, 7.88137957675e-12, 6.70144799028e-12, 4.97453380571e-12, 5.18661502635e-12, 4.47469578752e-12, 5.53905142239e-12, 5.48704874939e-12, 4.77423439324e-12, 3.67166540227e-12, 3.3969561105e-12, 3.87099683904e-12, 3.33259938742e-12, 2.54140285205e-12, 3.01768679489e-12, 3.25879015613e-12, 2.6547739701e-12, 2.15625846171e-12, 2.08596117809e-12, 1.8861121432e-12, 1.80173183231e-12, 1.61991806687e-12, 1.71376118591e-12, 1.69779327316e-12, 1.58796185836e-12, 1.50992868382e-12, 1.20274883803e-12, 1.26693187191e-12, 1.02489056738e-12, 1.13136008808e-12, 1.09513212301e-12, 9.833990176e-13, 9.6881638996e-13, 8.13826219956e-13, 8.59840790148e-13, 5.94862104453e-13, 5.98253434639e-13, 7.56327509302e-13, 7.84076959175e-13, 4.27062682093e-13, 6.14254307141e-13, 5.15852063756e-13, 5.32580381706e-13, 5.55112108624e-13, 5.02287773006e-13, 3.19056901125e-13, 2.09588043535e-13, 3.6205348615e-13, 3.82116566036e-13, 3.14065695109e-13, 2.41498796872e-13, 1.95322748318e-13, 2.26362290999e-13, 2.49687884301e-13, 2.79873048565e-13, 1.52923477375e-13, 1.29091819157e-13, 2.46614008511e-13, 2.06955803948e-13, 1.45034741053e-13, 2.2444280592e-13, 1.65944799677e-13, 1.89429635172e-13, 1.83612876964e-13, 1.67458481435e-13, 1.08386295273e-13, 1.03645214698e-13, 1.09074831415e-13, 1.3658044422e-13, 1.30028881542e-13, 1.05964174067e-13, 1.19023917783e-13, 1.48916604959e-13, 1.01548042436e-13, 7.38664026321e-14, 1.01827441336e-13, 8.85623158467e-14, 7.48582646608e-14, 1.01974418493e-13, 8.3286987875e-14, 4.81219780007e-14, 5.7407346292e-14, 6.31807635181e-14, 6.0986365426e-14, 6.17472381819e-14, 8.95661583095e-14, 1.03449279037e-13, 1.00210170836e-13, 6.20168453809e-14, 8.60815393034e-14, 3.45953632766e-14, 5.5968015392e-15, 2.13828755914e-16],
        "stdev": [1.39703251989e-05, 3.57155840902e-05, 8.18378321128e-05, 0.000261942681391, 0.000358351389877, 0.000216004656977, 0.000211837614188, 0.000141099939356, 0.000483415933559, 0.00055443745805, 0.00051982072182, 0.000959626457188, 0.000988104264252, 0.000330216891598, 0.000251374818617, 0.000441172509454, 0.000973591930233, 0.000813026330434, 0.00137693737634, 0.00139523774851, 0.00224681687541, 0.00104927667417, 0.00168795499485, 0.00566676352173, 0.00207918230444, 0.00365447299555, 0.00112294347491, 0.00113540049642, 0.000679172342643, 0.000206279393751, 0.000212161336094, 0.000150363644934, 0.000117315044918, 0.000580507970881, 0.000214637679164, 9.59688331932e-05, 0.000190195903997, 9.58282107604e-05, 9.0414963779e-05, 7.93427461758e-05, 0.000100853103504, 6.24242602498e-05, 3.69902372768e-05, 7.45495490264e-05, 3.4599142964e-05, 2.73747646133e-05, 3.43549800164e-05, 4.39062350779e-05, 3.47266322933e-05, 1.14128706628e-05, 1.33420071506e-05, 1.51684580487e-05, 1.08544754767e-05, 8.9179184215e-06, 1.47163727888e-05, 6.7662190304e-06, 4.72931969853e-06, 4.51729601991e-06, 3.20328922498e-06, 7.59792783356e-06, 3.05790467792e-06, 1.62379137691e-06, 2.40068743551e-06, 2.38591064772e-06, 1.02116575817e-06, 6.26236101198e-07, 8.12619362023e-07, 1.89216325452e-06, 1.72915667918e-06, 1.24421114833e-06, 6.25034488166e-07, 1.14318027045e-06, 1.02543185676e-06, 7.18892181339e-07, 7.98136511548e-07, 1.82945620963e-06, 1.34861863899e-06, 9.7622978501e-07, 6.69942437526e-07, 7.97122311269e-07, 6.46785679237e-07, 7.92219225332e-07, 8.03160787655e-07, 6.97738755662e-07, 6.8234965056e-07, 5.16901025094e-07, 5.97350549469e-07, 4.57210802551e-07, 3.82131418064e-07, 5.18481556355e-07, 2.38523909957e-07, 1.55037966465e-07, 1.02935594271e-07, 8.89873845722e-08, 7.06931402306e-08, 7.09524741183e-08, 4.6062044845e-08, 3.44780737294e-08, 2.99994944442e-08, 2.2135726141e-08, 1.44238283539e-08, 1.86093291887e-08, 1.48379299958e-08, 7.01662550284e-09, 7.60264351474e-10, 1.38806521832e-10, 1.37131014877e-10, 1.04941236256e-10, 9.07453209797e-11, 4.17175911871e-11, 5.30320995451e-11, 5.39324869486e-11, 5.94564050771e-11, 6.07754610527e-11, 6.78665595943e-11, 5.65845356681e-11, 3.44958506204e-11, 4.19397979887e-12, 4.03275199692e-12, 3.92117761872e-12, 3.82462247636e-12, 3.73676003335e-12, 3.66651197251e-12, 3.60121221038e-12, 3.54421656953e-12, 3.50227550953e-12, 3.47166653064e-12, 3.4526901737e-12]
    },
    "mfcc": {
        "mean": [-754.985717773, 155.244628906, -10.6715764999, 1.5764195919, -22.602437973, 9.8565158844, -20.5153846741, 10.8371858597, -3.97886753082, 3.17207884789, 1.92538249493, 1.71624159813, -3.76647877693],
        "cov": [[5174.58740234, -258.432067871, -1487.70397949, -559.511535645, -589.899719238, -84.6309890747, -214.869308472, 134.084335327, -89.2746047974, 209.290756226, 2.17638850212, -98.0757064819, -87.9247512817], [-258.432067871, 834.163391113, 145.639007568, -7.20566987991, 41.6094894409, -154.278137207, 46.9337768555, -31.3306503296, 0.528982579708, -80.4716033936, -22.6685028076, 20.9005012512, 54.565158844], [-1487.70397949, 145.639007568, 884.727294922, 244.113571167, 175.942504883, 65.6855697632, -19.7218914032, -62.0338554382, 14.2796297073, -132.763961792, -45.7676048279, 52.0356826782, 17.4321918488], [-559.511535645, -7.20566987991, 244.113571167, 513.727050781, 94.1888122559, 74.2787094116, -29.2478466034, -162.886627197, 14.6119174957, -44.4057693481, -56.5031509399, -10.3175506592, 28.7967453003], [-589.899719238, 41.6094894409, 175.942504883, 94.1888122559, 919.334533691, -129.492675781, -82.3381347656, -191.052597046, -18.5361442566, -93.2523117065, -34.0251083374, -6.50809574127, 16.8721942902], [-84.6309890747, -154.278137207, 65.6855697632, 74.2787094116, -129.492675781, 377.643127441, 9.83603191376, -32.5158691406, 16.3066005707, 25.1616153717, -50.6695175171, 26.6718559265, -6.04089450836], [-214.869308472, 46.9337768555, -19.7218914032, -29.2478466034, -82.3381347656, 9.83603191376, 299.204681396, 73.7864761353, 5.4836974144, 17.4400863647, 15.2900028229, -18.855140686, 23.8632659912], [134.084335327, -31.3306503296, -62.0338554382, -162.886627197, -191.052597046, -32.5158691406, 73.7864761353, 254.066192627, 6.94941473007, 26.9058609009, 44.9200210571, -2.14139819145, -26.5568008423], [-89.2746047974, 0.528982579708, 14.2796297073, 14.6119174957, -18.5361442566, 16.3066005707, 5.4836974144, 6.94941473007, 96.0943908691, 45.8851890564, 14.8267049789, 6.80950927734, -8.93254375458], [209.290756226, -80.4716033936, -132.763961792, -44.4057693481, -93.2523117065, 25.1616153717, 17.4400863647, 26.9058609009, 45.8851890564, 165.707427979, 41.5334892273, -1.06215560436, -18.6291790009], [2.17638850212, -22.6685028076, -45.7676048279, -56.5031509399, -34.0251083374, -50.6695175171, 15.2900028229, 44.9200210571, 14.8267049789, 41.5334892273, 129.20602417, 12.6142292023, -3.94034743309], [-98.0757064819, 20.9005012512, 52.0356826782, -10.3175506592, -6.50809574127, 26.6718559265, -18.855140686, -2.14139819145, 6.80950927734, -1.06215560436, 12.6142292023, 88.8147735596, 15.8398675919], [-87.9247512817, 54.565158844, 17.4321918488, 28.7967453003, 16.8721942902, -6.04089450836, 23.8632659912, -26.5568008423, -8.93254375458, -18.6291790009, -3.94034743309, 15.8398675919, 81.146522522]],
        "icov": [[0.000464978511445, -1.48598610394e-05, 0.000691268825904, 0.000184530144907, 0.000206131211598, 2.85010537482e-05, 0.000426317565143, 3.85235362046e-05, 0.000301241234411, -7.03979530954e-05, 0.000295866862871, 0.000138542323839, 0.000150647145347], [-1.48598610394e-05, 0.00153026310727, -0.000276308739558, 0.000239347995375, 0.000188503414392, 0.000795783242211, -0.000342696992448, 0.000437491893535, -0.000467709003715, 0.000499894667882, 0.000435865833424, -0.000378645432647, -0.000648313609418], [0.000691268825904, -0.000276308739558, 0.00269030197524, -0.000480791932205, 2.69804804702e-05, -0.000326795940055, 0.000606404384598, -0.000368953449652, -9.46791260503e-05, 0.00107540248428, 0.000371861126041, -0.00072237662971, 0.000594002485741], [0.000184530144907, 0.000239347995375, -0.000480791932205, 0.00306365033612, 0.000294840108836, -0.000127199105918, 9.1772970336e-05, 0.00180968211498, -0.000569195195567, 0.000169398539583, 0.00048971537035, 0.00099918898195, -0.000645459629595], [0.000206131211598, 0.000188503414392, 2.69804804702e-05, 0.000294840108836, 0.00161591765936, 0.000716763606761, 0.000210995116504, 0.00127972348128, -2.85572477878e-05, 0.000465219491161, 0.000250930606853, 0.00012558727758, 0.000151635991642], [2.85010537482e-05, 0.000795783242211, -0.000326795940055, -0.000127199105918, 0.000716763606761, 0.00378411635756, -0.000448732113, 0.000855826132465, -0.00033557167626, -0.000523375056218, 0.0017536894884, -0.0014320401242, 0.000363438914064], [0.000426317565143, -0.000342696992448, 0.000606404384598, 9.1772970336e-05, 0.000210995116504, -0.000448732113, 0.00441434886307, -0.00134810258169, 0.000229551122175, -0.000480248330859, -6.05159511906e-05, 0.00154596427456, -0.00167679123115], [3.85235362046e-05, 0.000437491893535, -0.000368953449652, 0.00180968211498, 0.00127972348128, 0.000855826132465, -0.00134810258169, 0.00678158132359, -0.00045426437282, 0.000504732597619, -0.000844138325192, -5.03937953908e-05, 0.00163280649576], [0.000301241234411, -0.000467709003715, -9.46791260503e-05, -0.000569195195567, -2.85572477878e-05, -0.00033557167626, 0.000229551122175, -0.00045426437282, 0.013056484051, -0.00412026513368, -0.000452453619801, -0.000635373755358, 0.00122141407337], [-7.03979530954e-05, 0.000499894667882, 0.00107540248428, 0.000169398539583, 0.000465219491161, -0.000523375056218, -0.000480248330859, 0.000504732597619, -0.00412026513368, 0.00938578695059, -0.00215210951865, -0.00016598754155, 0.00109624362085], [0.000295866862871, 0.000435865833424, 0.000371861126041, 0.00048971537035, 0.000250930606853, 0.0017536894884, -6.05159511906e-05, -0.000844138325192, -0.000452453619801, -0.00215210951865, 0.0101372608915, -0.00189337308984, -8.83034808794e-05], [0.000138542323839, -0.000378645432647, -0.00072237662971, 0.00099918898195, 0.00012558727758, -0.0014320401242, 0.00154596427456, -5.03937953908e-05, -0.000635373755358, -0.00016598754155, -0.00189337308984, 0.0137065956369, -0.00327404472046], [0.000150647145347, -0.000648313609418, 0.000594002485741, -0.000645459629595, 0.000151635991642, 0.000363438914064, -0.00167679123115, 0.00163280649576, 0.00122141407337, 0.00109624362085, -8.83034808794e-05, -0.00327404472046, 0.0150679424405]]
    },
    "spectral_contrast_coeffs": {
        "max": [-0.365185439587, -0.33224260807, -0.429695367813, -0.621632397175, -0.660945117474, -0.464456260204],
        "mean": [-0.709711253643, -0.677018821239, -0.739251375198, -0.790721416473, -0.801113426685, -0.732744574547],
        "min": [-0.942483186722, -0.932055592537, -0.944960951805, -0.92800450325, -0.922080099583, -0.911392509937],
        "stdev": [0.0908899009228, 0.125824660063, 0.102082617581, 0.0600129142404, 0.0422913171351, 0.0746336653829]
    },
    "spectral_contrast_valleys": {
        "max": [-5.95346307755, -5.16608190536, -6.04943132401, -6.09374809265, -7.06032800674, -9.88053512573],
        "mean": [-7.99108934402, -7.46379947662, -8.0574016571, -8.63358306885, -9.08701133728, -12.045879364],
        "min": [-15.4232654572, -15.4442024231, -16.7338523865, -17.0265216827, -16.9108600616, -18.3582572937],
        "stdev": [0.624602019787, 0.862242460251, 0.940753102303, 0.93945723772, 0.817282557487, 0.704178452492]
    }
},
"rhythm": {
    "beats_count": 108,
    "beats_loudness": {
        "max": 0.0658924207091,
        "mean": 0.0183675978333,
        "min": 0.000261610199232,
        "stdev": 0.0177413318306
    },
    "bpm": 143.908554077,
    "bpm_histogram_first_peak_bpm": 144,
    "bpm_histogram_first_peak_weight": 0.423076927662,
    "bpm_histogram_second_peak_bpm": 152,
    "bpm_histogram_second_peak_spread": 0,
    "bpm_histogram_second_peak_weight": 0.130841121078,
    "danceability": 0.896588265896,
    "onset_rate": 3.42066669464,
    "beats_loudness_band_ratio": {
        "max": [0.946161866188, 0.917193949223, 0.975247502327, 0.814802587032, 0.390222787857, 0.855053842068],
        "mean": [0.136389359832, 0.206998631358, 0.520780026913, 0.15249119699, 0.0458698272705, 0.0177948251367],
        "min": [0.000492763647344, 0.00356427254155, 0.00301448069513, 0.00206572096795, 0.000382643047487, 0.000147019134602],
        "stdev": [0.198270857334, 0.223195359111, 0.311889350414, 0.178630948067, 0.067624501884, 0.082244887948]
    },
