{
"metadata": {
    "version": {
        "essentia": "2.1-beta5",
        "essentia_git_sha": "Undefined",
        "extractor": "music 2.0"
    },
    "audio_properties": {
        "analysis": {
            "equal_loudness": 0,
            "length": 31.9274368286,
            "sample_rate": 44100,
            "start_time": 191.4949646,
            "downmix": "mix"
        },
        "bit_rate": 192000,
        "length": 223.44418335,
        "lossless": 0,
        "number_channels": 1,
        "replay_gain": -12.5610122681,
        "sample_rate": 48000,
        "codec": "mp3",
        "md5_encoded": "da212fc3417f6b9bee3061ca3257cd23"
    },
    "tags": {
        "file_name": "Switzerland_Irgendwoher_Christa Williams.mp3",
        "encoding": ["Lavf58.29.100"]
    }
},
"lowlevel": {
    "average_loudness": 0.384780824184,
    "barkbands_crest": {
        "max": 26.7284145355,
        "mean": 10.5719652176,
        "min": 2.42721104622,
        "stdev": 7.77080392838
    },
    "barkbands_flatness_db": {
        "max": 0.395986706018,
        "mean": 0.194345012307,
        "min": 0.0643722862005,
        "stdev": 0.0755591988564
    },
    "barkbands_kurtosis": {
        "max": 200.822387695,
        "mean": 3.07946395874,
        "min": -1.6678494215,
        "stdev": 8.7063331604
    },
    "barkbands_skewness": {
        "max": 13.8797082901,
        "mean": 1.11128544807,
        "min": -1.47483062744,
        "stdev": 1.47403025627
    },
    "barkbands_spread": {
        "max": 117.170593262,
        "mean": 14.8819704056,
        "min": 2.28495907784,
        "stdev": 8.63977718353
    },
    "dissonance": {
        "max": 0.500000059605,
        "mean": 0.457865655422,
        "min": 0.330436587334,
        "stdev": 0.0384373888373
    },
    "dynamic_complexity": 3.894292593,
    "erbbands_crest": {
        "max": 31.1329917908,
        "mean": 11.0579614639,
        "min": 2.67632722855,
        "stdev": 7.10271263123
    },
    "erbbands_flatness_db": {
        "max": 0.414053946733,
        "mean": 0.264634877443,
        "min": 0.0436598695815,
        "stdev": 0.0598497726023
    },
    "erbbands_kurtosis": {
        "max": 12.3381900787,
        "mean": 0.643248200417,
        "min": -1.67417216301,
        "stdev": 1.61443197727
    },
    "erbbands_skewness": {
        "max": 3.59636735916,
        "mean": 0.567318439484,
        "min": -1.18860816956,
        "stdev": 0.855560302734
    },
    "erbbands_spread": {
        "max": 83.0111465454,
        "mean": 22.5216808319,
        "min": 9.11317062378,
        "stdev": 8.17110443115
    },
    "hfc": {
        "max": 59.5373001099,
        "mean": 11.3263473511,
        "min": 1.4582136032e-07,
        "stdev": 9.66335391998
    },
    "loudness_ebu128": {
        "integrated": -17.1855182648,
        "loudness_range": 7.23760890961,
        "momentary": {
            "max": -10.8318090439,
            "mean": -18.8234138489,
            "min": -41.1759109497,
            "stdev": 3.98892116547
        },
        "short_term": {
            "max": -13.6372003555,
            "mean": -18.2161769867,
            "min": -24.8293914795,
            "stdev": 2.5250313282
        }
    },
    "melbands_crest": {
        "max": 39.6234550476,
        "mean": 11.9585723877,
        "min": 3.02086615562,
        "stdev": 8.08180713654
    },
    "melbands_flatness_db": {
        "max": 0.409748017788,
        "mean": 0.187469661236,
        "min": 0.0359977036715,
        "stdev": 0.0892042219639
    },
    "melbands_kurtosis": {
        "max": 210.873977661,
        "mean": 9.14368534088,
        "min": -1.18421208858,
        "stdev": 16.4729557037
    },
    "melbands_skewness": {
        "max": 13.8914175034,
        "mean": 1.90782535076,
        "min": -0.56274420023,
        "stdev": 2.09418869019
    },
    "melbands_spread": {
        "max": 174.086074829,
        "mean": 24.1706237793,
        "min": 2.1618847847,
        "stdev": 14.3413152695
    },
    "pitch_salience": {
        "max": 0.869887292385,
        "mean": 0.581439435482,
        "min": 0.014702768065,
        "stdev": 0.226229891181
    },
    "silence_rate_20dB": {
        "max": 1,
        "mean": 1,
        "min": 1,
        "stdev": 0
    },
    "silence_rate_30dB": {
        "max": 1,
        "mean": 1,
        "min": 1,
        "stdev": 0
    },
    "silence_rate_60dB": {
        "max": 1,
        "mean": 0.210029065609,
        "min": 0,
        "stdev": 0.40732973814
    },
    "spectral_centroid": {
        "max": 4615.20849609,
        "mean": 1513,
        "min": 484.317779541,
        "stdev": 501.638305664
    },
    "spectral_complexity": {
        "max": 41,
        "mean": 15.3488368988,
        "min": 0,
        "stdev": 7.49576473236
    },
    "spectral_decrease": {
        "max": -7.98237769715e-19,
        "mean": -3.20899640194e-09,
        "min": -2.0847890525e-08,
        "stdev": 3.48459150423e-09
    },
    "spectral_energy": {
        "max": 0.0840850025415,
        "mean": 0.0131388213485,
        "min": 1.6239164527e-11,
        "stdev": 0.0139836128801
    },
    "spectral_energyband_high": {
        "max": 0.00109705922659,
        "mean": 0.000123656966025,
        "min": 1.16745510828e-11,
        "stdev": 0.000122299359646
    },
    "spectral_energyband_low": {
        "max": 0.00583158805966,
        "mean": 0.000299370469293,
        "min": 1.8658392973e-12,
        "stdev": 0.000562865636311
    },
    "spectral_energyband_middle_high": {
        "max": 0.0195374973118,
        "mean": 0.0032086011488,
        "min": 2.29215192833e-12,
        "stdev": 0.00228354078718
    },
    "spectral_energyband_middle_low": {
        "max": 0.0782916620374,
        "mean": 0.0096499202773,
        "min": 3.71843669137e-13,
        "stdev": 0.0133655527607
    },
    "spectral_entropy": {
        "max": 9.17360782623,
        "mean": 7.27492427826,
        "min": 5.34424638748,
        "stdev": 0.701817274094
    },
    "spectral_flux": {
        "max": 0.234341219068,
        "mean": 0.0534996949136,
        "min": 6.38456185698e-06,
        "stdev": 0.031893119216
    },
    "spectral_kurtosis": {
        "max": 19.9727153778,
        "mean": 4.7199306488,
        "min": -0.998970031738,
        "stdev": 3.48870205879
    },
    "spectral_rms": {
        "max": 0.00905727036297,
        "mean": 0.00315896933898,
        "min": 1.258693203e-07,
        "stdev": 0.00168501830194
    },
    "spectral_rolloff": {
        "max": 16580.5664062,
        "mean": 1688.79138184,
        "min": 21.533203125,
        "stdev": 1043.5814209
    },
    "spectral_skewness": {
        "max": 2.69988656044,
        "mean": 1.32451164722,
        "min": 0.256804436445,
        "stdev": 0.37279394269
    },
    "spectral_spread": {
        "max": 18568002,
        "mean": 2867772.25,
        "min": 2004941.875,
        "stdev": 883297.6875
    },
    "spectral_strongpeak": {
        "max": 6.3347826004,
        "mean": 1.34099602699,
        "min": 0,
        "stdev": 1.29184520245
    },
    "zerocrossingrate": {
        "max": 0.69970703125,
        "mean": 0.0632210671902,
        "min": 0,
        "stdev": 0.0313539840281
    },
    "barkbands": {
        "max": [8.78798382473e-05, 0.00133709539659, 0.00425921240821, 0.00477715674788, 0.0139500657097, 0.0281585678458, 0.0372771173716, 0.0779535993934, 0.0371230356395, 0.0217021536082, 0.00311447540298, 0.00362960528582, 0.00541486404836, 0.00600608997047, 0.00311148469336, 0.00283210445195, 0.00351721816696, 0.00241164304316, 0.00516002811491, 0.00164370215498, 0.000849216710776, 0.000256820203504, 0.000154826469952, 3.22645391861e-05, 8.90469345904e-06, 8.96463006939e-06, 9.63524053077e-06],
        "mean": [4.51704863735e-06, 0.000101773861388, 9.57761512836e-05, 0.000226072093938, 0.000437751499703, 0.000721192045603, 0.00130171247292, 0.00635249307379, 0.000522407121025, 0.000450969644589, 0.000233648621361, 0.000374557450414, 0.000350501533831, 0.000436848815298, 0.000300706014968, 0.000386370142223, 0.000154223278514, 0.000198785739485, 0.00030442213756, 9.02892134036e-05, 4.96909487993e-05, 2.26322426897e-05, 1.60525014508e-05, 5.26375788468e-06, 1.6382777801e-07, 6.9414336501e-09, 7.44364037075e-09],
        "min": [1.34397701301e-12, 5.19615437917e-13, 2.08025786131e-15, 1.59362430411e-15, 2.06367346443e-14, 2.6134750966e-14, 1.15120959369e-14, 7.24027093705e-14, 1.06280632353e-13, 8.16659294443e-14, 1.55458016794e-13, 1.23983207598e-13, 9.35111363343e-14, 2.28000371404e-13, 2.73219435357e-13, 2.00271385847e-13, 2.07638241453e-13, 3.13741084978e-13, 2.56607804667e-13, 4.79952449312e-13, 7.69587952393e-13, 6.00817193306e-13, 1.2086632693e-12, 1.27536891638e-12, 1.69957689415e-12, 2.77791331604e-12, 3.12659165051e-12],
        "stdev": [6.39886411591e-06, 0.000162076408742, 0.000288746639853, 0.000584560504649, 0.00107329338789, 0.00210938043892, 0.00342268240638, 0.0125912539661, 0.00172351184301, 0.000857973471284, 0.000330520939315, 0.000420492724515, 0.00043538826867, 0.000547366566025, 0.000341932667652, 0.000394207658246, 0.000235337865888, 0.000309824827127, 0.00065558910137, 0.000123993129819, 7.93288782006e-05, 2.39142136707e-05, 1.61841380759e-05, 5.00504575029e-06, 2.88383233737e-07, 2.41573673065e-07, 2.59644707512e-07]
    },
    "erbbands": {
        "max": [0.022485755384, 0.393959373236, 2.74968719482, 8.5977973938, 23.9036407471, 69.5678710938, 136.613769531, 274.874542236, 529.13293457, 1008.73706055, 1183.33203125, 827.506713867, 955.598815918, 158.406112671, 90.8467102051, 157.51852417, 249.621932983, 184.915527344, 301.073028564, 221.855010986, 159.761459351, 163.534591675, 143.954528809, 366.036010742, 73.7023925781, 84.5852737427, 44.889831543, 29.5201072693, 12.7120895386, 4.42092370987, 3.96102952957, 1.02978372574, 0.460268497467, 0.10016541183, 0.063824698329, 0.0355714559555, 0.016638122499, 0.00595451472327, 0.00138234929182, 0.000178167974809],
        "mean": [0.00183137157001, 0.0270259547979, 0.101012609899, 0.456190556288, 0.940854072571, 1.55545985699, 3.48157262802, 6.86610889435, 17.6773643494, 64.7204666138, 110.281921387, 16.2493743896, 12.7805204391, 12.444190979, 11.7685213089, 15.1656618118, 15.4651575089, 15.5522136688, 25.6758899689, 13.8999986649, 21.424074173, 10.3245716095, 13.6035966873, 16.7298049927, 7.56711101532, 4.52048540115, 2.68570613861, 1.39748835564, 0.907801270485, 0.610431969166, 0.4216837883, 0.187655538321, 0.0481647513807, 0.00522394804284, 0.000227355878451, 4.97002365591e-05, 2.08305445994e-05, 7.14809357305e-06, 8.36486924527e-06, 1.57826652867e-05],
        "min": [4.43034463282e-11, 3.0838307602e-11, 1.62254324559e-11, 1.33016852741e-11, 3.13872122737e-11, 8.42934819167e-11, 1.28969446234e-10, 2.083270223e-10, 1.87731941104e-10, 8.12383660342e-10, 1.76859815681e-09, 2.39334840835e-09, 2.54172549674e-09, 3.24073390345e-09, 6.72262645551e-09, 4.10571665554e-09, 4.63229765657e-09, 1.01030463995e-08, 1.3340804017e-08, 1.1402125466e-08, 1.47903120862e-08, 1.16580549658e-08, 1.34746604985e-08, 1.24975310101e-08, 1.71224598944e-08, 2.64436064157e-08, 3.3451676984e-08, 2.34716655001e-08, 1.94872598058e-08, 3.43586563645e-08, 3.24694759968e-08, 2.2772455921e-08, 2.18353726211e-08, 1.68125371403e-08, 1.33398474489e-08, 1.11275912928e-08, 4.69317695817e-09, 1.89511584203e-09, 5.06383157628e-10, 4.13856622583e-11],
        "stdev": [0.0021292346064, 0.0458829365671, 0.252801775932, 1.10445058346, 2.12955188751, 4.72258329391, 9.66435241699, 18.9498825073, 44.1311836243, 142.133026123, 215.24005127, 38.3002204895, 34.9850921631, 15.1425085068, 13.1231994629, 16.8408603668, 18.7196540833, 17.2939319611, 30.1332817078, 17.2713279724, 21.9146938324, 11.2483596802, 21.0652141571, 41.3766860962, 10.6520500183, 6.45289611816, 4.2077665329, 2.04168963432, 1.00769412518, 0.61266463995, 0.425744980574, 0.176942721009, 0.0464444942772, 0.00524459034204, 0.00172105571255, 0.000958047632594, 0.000448177597718, 0.000160400872119, 3.77401011065e-05, 1.67192811205e-05]
    },
    "gfcc": {
        "mean": [-100.389411926, 127.126670837, -203.547164917, 32.4400138855, -76.831161499, -5.51203966141, -23.6211681366, -10.2011423111, 12.514339447, -17.9493598938, 8.70131492615, -21.0368347168, -1.89054620266],
        "cov": [[8703.00097656, 2007.49487305, -988.761901855, 201.173202515, -363.875946045, -128.49659729, -211.049179077, -585.161254883, 73.4206085205, -316.828460693, 64.9239044189, -173.149642944, 105.379203796], [2007.49487305, 848.300354004, -74.2285079956, 11.2078380585, -10.292093277, -76.1128616333, -75.7337493896, -227.076248169, 7.80895757675, -80.4793319702, 6.8850569725, -58.4797935486, 43.2914390564], [-988.761901855, -74.2285079956, 390.569854736, 31.6215686798, 49.5510406494, -26.2892494202, -34.5124816895, 8.11665630341, -45.5244560242, 20.6537227631, -12.2888336182, 7.87325334549, -31.6972179413], [201.173202515, 11.2078380585, 31.6215686798, 179.867050171, 8.36361122131, 164.253967285, -43.7024078369, -93.6429748535, -45.3824424744, -29.6469917297, -8.23137187958, 47.6109542847, 58.3796920776], [-363.875946045, -10.292093277, 49.5510406494, 8.36361122131, 112.106941223, 28.532201767, 18.1330871582, 7.61869907379, 3.71899151802, 26.6435317993, -3.3504858017, 12.1336927414, 3.60493469238], [-128.49659729, -76.1128616333, -26.2892494202, 164.253967285, 28.532201767, 889.169006348, -108.145339966, -375.783660889, -155.675842285, -74.3560028076, -58.1245956421, 220.641845703, 297.129669189], [-211.049179077, -75.7337493896, -34.5124816895, -43.7024078369, 18.1330871582, -108.145339966, 113.242340088, 128.500976562, 50.4636878967, 36.3929328918, 2.4318754673, -31.3156986237, -52.5307502747], [-585.161254883, -227.076248169, 8.11665630341, -93.6429748535, 7.61869907379, -375.783660889, 128.500976562, 338.055511475, 111.044395447, 71.5099868774, 30.0589542389, -108.170219421, -168.583312988], [73.4206085205, 7.80895757675, -45.5244560242, -45.3824424744, 3.71899151802, -155.675842285, 50.4636878967, 111.044395447, 89.5040435791, 42.8401222229, 18.679101944, -45.6652412415, -63.1611709595], [-316.828460693, -80.4793319702, 20.6537227631, -29.6469917297, 26.6435317993, -74.3560028076, 36.3929328918, 71.5099868774, 42.8401222229, 68.1276016235, 23.4784469604, -11.9985256195, -31.4986343384], [64.9239044189, 6.8850569725, -12.2888336182, -8.23137187958, -3.3504858017, -58.1245956421, 2.4318754673, 30.0589542389, 18.679101944, 23.4784469604, 48.4314079285, 5.68112421036, -23.0471611023], [-173.149642944, -58.4797935486, 7.87325334549, 47.6109542847, 12.1336927414, 220.641845703, -31.3156986237, -108.170219421, -45.6652412415, -11.9985256195, 5.68112421036, 116.83265686, 96.4297637939], [105.379203796, 43.2914390564, -31.6972179413, 58.3796920776, 3.60493469238, 297.129669189, -52.5307502747, -168.583312988, -63.1611709595, -31.4986343384, -23.0471611023, 96.4297637939, 159.682617188]],
        "icov": [[0.000861121399794, -0.00154560303781, 0.00166090403218, -0.00136030872818, 0.00162856071256, 3.47999739461e-05, 0.000109783664811, 0.000683806370944, -0.000781098555308, 0.00095097447047, -0.000923035666347, 0.000635536387563, 0.000695900875144], [-0.00154560303781, 0.00899998191744, -0.00501440558583, 0.00297573488206, -0.00604202598333, 0.00261971540749, -0.00555365765467, 0.0100334035233, -0.00909651815891, 0.0110185937956, -0.0100396396592, 0.00961758941412, -0.00815732870251], [0.00166090403218, -0.00501440558583, 0.00809824094176, -0.00350640178658, 0.00297209480777, -0.000348490168108, 0.00476670498028, -0.00328638078645, 0.00636486895382, -0.00660760467872, 0.00599164608866, -0.0045687193051, 0.00667064264417], [-0.00136030872818, 0.00297573488206, -0.00350640178658, 0.00950955972075, -0.00356294238009, -0.000804967770819, 6.18271515123e-05, 5.10197533004e-05, 0.000307385140331, 0.00208880100399, -0.00113274599425, -0.000243618182139, -0.00191202026326], [0.00162856071256, -0.00604202598333, 0.00297209480777, -0.00356294238009, 0.0159479025751, -0.00171489955392, 0.000808019714896, -0.00356017332524, 0.00371351907961, -0.00982693303376, 0.00655365781859, -0.00519687822089, 0.00540867168456], [3.47999739461e-05, 0.00261971540749, -0.000348490168108, -0.000804967770819, -0.00171489955392, 0.00513896578923, -0.00283798901364, 0.00616617035121, -0.00304969423451, 0.0045453608036, -0.00232663983479, 0.00146288832184, -0.00598433474079], [0.000109783664811, -0.00555365765467, 0.00476670498028, 6.18271515123e-05, 0.000808019714896, -0.00283798901364, 0.0247784107924, -0.0173396207392, 0.00836407393217, -0.0158959887922, 0.0178654212505, -0.0129800159484, 0.00805425364524], [0.000683806370944, 0.0100334035233, -0.00328638078645, 5.10197533004e-05, -0.00356017332524, 0.00616617035121, -0.0173396207392, 0.0324353203177, -0.0229832474142, 0.0220559202135, -0.0230139810592, 0.0207716207951, -0.00730212032795], [-0.000781098555308, -0.00909651815891, 0.00636486895382, 0.000307385140331, 0.00371351907961, -0.00304969423451, 0.00836407393217, -0.0229832474142, 0.0475525930524, -0.0354674234986, 0.0217985231429, -0.0172671377659, 0.0135971298441], [0.00095097447047, 0.0110185937956, -0.00660760467872, 0.00208880100399, -0.00982693303376, 0.0045453608036, -0.0158959887922, 0.0220559202135, -0.0354674234986, 0.0610058419406, -0.0399523191154, 0.0248366817832, -0.0186298321933], [-0.000923035666347, -0.0100396396592, 0.00599164608866, -0.00113274599425, 0.00655365781859, -0.00232663983479, 0.0178654212505, -0.0230139810592, 0.0217985231429, -0.0399523191154, 0.0612475425005, -0.0357498526573, 0.0218662172556], [0.000635536387563, 0.00961758941412, -0.0045687193051, -0.000243618182139, -0.00519687822089, 0.00146288832184, -0.0129800159484, 0.0207716207951, -0.0172671377659, 0.0248366817832, -0.0357498526573, 0.0446426644921, -0.0228394605219], [0.000695900875144, -0.00815732870251, 0.00667064264417, -0.00191202026326, 0.00540867168456, -0.00598433474079, 0.00805425364524, -0.00730212032795, 0.0135971298441, -0.0186298321933, 0.0218662172556, -0.0228394605219, 0.0346433036029]]
    },
    "melbands": {
        "max": [0.000238102220464, 0.00110190501437, 0.00156266172417, 0.00215998967178, 0.00382088543847, 0.00565712852404, 0.0079248175025, 0.0131596829742, 0.00801389571279, 0.00602624146268, 0.00469943182543, 0.000652170914691, 0.00039535399992, 0.000437162671005, 0.000384087878047, 0.000561226916034, 0.000360366888344, 0.000664439750835, 0.000280101899989, 0.00030622331542, 0.000204567360925, 0.000220912261284, 0.000180201415787, 9.98666073428e-05, 0.00038205407327, 0.000126881393953, 6.37716511847e-05, 5.09251294716e-05, 3.47200802935e-05, 1.36841017593e-05, 1.96429973585e-05, 8.99695623957e-06, 4.65395442006e-06, 2.85691976387e-06, 3.26194981426e-06, 2.41599809669e-06, 5.8963024685e-07, 3.77987817046e-07, 1.12275643005e-07, 8.19799339524e-08],
        "mean": [2.29801062233e-05, 5.08026059833e-05, 9.45332067204e-05, 8.57194972923e-05, 0.000112273526611, 0.000159252638696, 0.000257459003478, 0.000983881996945, 0.000731467269361, 7.52155247028e-05, 6.54461255181e-05, 5.3952971939e-05, 3.49856636603e-05, 4.37484122813e-05, 3.9163591282e-05, 3.11981457344e-05, 2.7986787245e-05, 4.66097590106e-05, 2.02105275093e-05, 1.88874782907e-05, 2.65640464931e-05, 8.83106349647e-06, 1.32116501845e-05, 8.52231187309e-06, 1.50468549691e-05, 8.73222597875e-06, 3.37740721079e-06, 2.58452769231e-06, 1.85813189546e-06, 9.7297515822e-07, 7.19153774753e-07, 5.39980817393e-07, 3.69318144067e-07, 3.35251030492e-07, 2.66613170652e-07, 1.6798287561e-07, 9.30931278731e-08, 3.82010867384e-08, 1.16464908828e-08, 1.28698152135e-09],
        "min": [4.22761353919e-13, 1.52699457489e-15, 1.81284447767e-15, 4.79888718553e-15, 4.30516438607e-15, 4.99876832635e-15, 2.62452057564e-15, 1.05607508822e-14, 1.67733970431e-14, 1.41804928192e-14, 1.22256915488e-14, 1.19706982093e-14, 2.44254062912e-14, 1.7334900266e-14, 7.14812798254e-15, 1.36016923365e-14, 1.85481021682e-14, 2.05349382247e-14, 1.55841051869e-14, 1.06375962523e-14, 1.81539370803e-14, 1.3467893318e-14, 7.12281440291e-15, 1.62133286939e-14, 8.67345474956e-15, 1.06709354691e-14, 1.43881963093e-14, 1.7550185548e-14, 2.05303727171e-14, 1.56196094199e-14, 1.42609329971e-14, 1.0444927597e-14, 1.32358045964e-14, 1.59933457672e-14, 2.24336201742e-14, 1.17292421503e-14, 1.50840457339e-14, 1.55152752896e-14, 1.47473518315e-14, 1.38696283394e-14],
        "stdev": [3.140728586e-05, 0.000105083716335, 0.000213026010897, 0.000207294462598, 0.000291976029985, 0.00044056752813, 0.000671694229823, 0.00205582985654, 0.00141683884431, 0.00025984106469, 0.000174761618837, 6.85177292326e-05, 4.51564010291e-05, 5.04804338561e-05, 4.38293827756e-05, 4.30394757132e-05, 3.21607731166e-05, 6.21987492195e-05, 2.66019360424e-05, 2.2172487661e-05, 2.99861658277e-05, 1.16878527479e-05, 2.12520244531e-05, 1.3454130567e-05, 4.11304972658e-05, 1.58507773449e-05, 5.57331532036e-06, 3.5951143218e-06, 3.12432257488e-06, 1.26004988488e-06, 1.14885267521e-06, 6.66323614951e-07, 3.95380681084e-07, 3.55997883617e-07, 2.91805577035e-07, 1.75227725663e-07, 9.1059831675e-08, 3.92036980656e-08, 1.13941718283e-08, 2.52776821696e-09]
    },
    "melbands128": {
        "max": [4.92605067848e-05, 0.000127303937916, 0.000408096035244, 0.000891693285666, 0.00125002465211, 0.00266431248747, 0.00200625648722, 0.00272471737117, 0.00310984672979, 0.00286170677282, 0.00482846843079, 0.00560756213963, 0.00458475574851, 0.0107407160103, 0.00565489241853, 0.0119767710567, 0.0116594806314, 0.0126924049109, 0.012232859619, 0.0141049679369, 0.030693706125, 0.0202884972095, 0.00953189935535, 0.00421553198248, 0.00416853791103, 0.0110522517934, 0.00512923672795, 0.00775894103572, 0.00183583376929, 0.000940729863942, 0.000845517381094, 0.000648941204417, 0.000502822280396, 0.000568470684811, 0.000463768839836, 0.000818421249278, 0.000599986757152, 0.000556422804948, 0.000482455943711, 0.000874923367519, 0.000586438807659, 0.000582048378419, 0.000511740334332, 0.000449012266472, 0.0012255590409, 0.000802775612101, 0.000225230643991, 0.000279223371763, 0.00047817567247, 0.00050216098316, 0.000475366221508, 0.000202258132049, 0.000412848981796, 0.00031254888745, 0.000320896622725, 0.000277539191302, 0.00017037174257, 0.000379732256988, 0.000482328963699, 0.000372062058887, 7.7437980508e-05, 7.81716662459e-05, 0.000629055080935, 0.000806071970146, 0.00050617090892, 0.000172894273419, 3.71019850718e-05, 0.000112221801828, 7.00121017871e-05, 0.000115453993203, 6.85336417519e-05, 3.4118835174e-05, 1.71589472302e-05, 7.68196041463e-05, 2.09833706322e-05, 1.4137413018e-05, 1.74886154127e-05, 2.46793315455e-05, 2.56721777987e-05, 1.80451497727e-05, 1.44429104694e-05, 1.02075982795e-05, 2.74215949503e-06, 8.85446297616e-06, 4.84766360387e-06, 4.08242658523e-06, 3.38609743267e-06, 1.16800847536e-05, 2.42494934355e-06, 3.06681658913e-06, 5.27300790054e-06, 1.91706362784e-06, 1.7061164499e-06, 7.41038945762e-07, 7.08351933554e-07, 5.04789852585e-07, 8.04651904218e-07, 3.73481384486e-07, 1.59806717193e-07, 8.18284746629e-08, 8.62817444158e-08, 8.19053553869e-08, 7.86448026702e-08, 7.53096642825e-08, 7.21528436998e-08, 6.92338488761e-08, 6.64172787879e-08, 6.37890877897e-08, 6.12762036667e-08, 5.88495367992e-08, 5.66781110933e-08, 5.46629017606e-08, 5.27079748736e-08, 5.10634592388e-08, 4.9302691707e-08, 4.76836170549e-08, 4.62854607974e-08, 4.49044499362e-08, 4.370175688e-08, 4.26281729915e-08, 4.16225702793e-08, 4.07774649602e-08, 4.0017592795e-08, 3.93337700189e-08, 3.8731837293e-08, 3.82878475591e-08, 3.79814686369e-08, 3.77867941381e-08],
        "mean": [3.00238707496e-06, 9.88959254755e-06, 3.04722998408e-05, 4.94911146234e-05, 4.63154501631e-05, 5.00107234984e-05, 8.6763931904e-05, 0.000121255223348, 9.0163666755e-05, 7.67202072893e-05, 8.566496399e-05, 9.55048017204e-05, 0.000118994641525, 0.000134276255267, 0.000135294598294, 0.000164268378285, 0.000270859251032, 0.000286301219603, 0.000225323019549, 0.000451768632047, 0.00169059913605, 0.00176096137147, 0.000352059025317, 7.97815300757e-05, 6.8979243224e-05, 8.55277685332e-05, 5.92074393353e-05, 4.64467630081e-05, 9.15948694455e-05, 7.0215202868e-05, 3.52615388692e-05, 3.22331216012e-05, 3.37189158017e-05, 3.6195408029e-05, 4.8365778639e-05, 4.88683363074e-05, 2.89977197099e-05, 4.74968437629e-05, 3.69630397472e-05, 3.02572170767e-05, 3.34715186909e-05, 2.73236946668e-05, 2.34728813666e-05, 2.32873371715e-05, 5.64537258469e-05, 5.63258472539e-05, 2.85031710519e-05, 1.98920151888e-05, 1.75900859176e-05, 1.43353709063e-05, 1.94116910279e-05, 2.13891562453e-05, 3.62600221706e-05, 2.5885325158e-05, 7.6734859249e-06, 7.55811061026e-06, 8.81584492163e-06, 1.19043952509e-05, 1.31695378514e-05, 1.99144069484e-05, 5.41926465303e-06, 2.78723587144e-06, 1.01633686427e-05, 2.13605999306e-05, 1.92526622413e-05, 8.59966621647e-06, 1.83669249054e-06, 2.66557276518e-06, 3.33221964866e-06, 5.47633726455e-06, 2.22589210352e-06, 1.59048443038e-06, 1.54741985625e-06, 2.47728871727e-06, 1.52787038132e-06, 7.4483023127e-07, 7.55919870699e-07, 1.0689255987e-06, 6.67790118314e-07, 4.66285371203e-07, 5.43719124835e-07, 6.40369364646e-07, 3.67574102711e-07, 3.46899071246e-07, 3.64927274177e-07, 2.88822747052e-07, 3.36141994239e-07, 4.07396868241e-07, 2.16165460643e-07, 2.26783015478e-07, 1.95904377165e-07, 1.43007227393e-07, 1.36635051717e-07, 9.06586663518e-08, 7.53059836711e-08, 4.72508503435e-08, 3.16162100944e-08, 2.14005009269e-08, 1.19659189224e-08, 6.95445301346e-09, 2.39788100487e-09, 1.00996246089e-10, 6.19430826077e-11, 5.82951673045e-11, 5.58539776929e-11, 5.3605713618e-11, 5.15085231412e-11, 4.93792541578e-11, 4.7480262777e-11, 4.56462055654e-11, 4.38800731861e-11, 4.23084865753e-11, 4.08177450173e-11, 3.9556583703e-11, 3.81383952197e-11, 3.68804570217e-11, 3.58300264458e-11, 3.47185995231e-11, 3.37712427467e-11, 3.29315671954e-11, 3.21486517962e-11, 3.14942759372e-11, 3.09361390671e-11, 3.03831959592e-11, 2.98918320651e-11, 2.94999163986e-11, 2.92380772371e-11, 2.90840962425e-11],
        "min": [1.30645516107e-12, 5.57231723871e-13, 1.06598533982e-13, 2.14628662065e-15, 4.85464334104e-16, 1.29957226367e-15, 2.63609543968e-16, 5.93431176967e-16, 1.29591466952e-15, 3.75144708998e-15, 4.01054515119e-15, 2.33019081427e-15, 2.28093775421e-15, 5.82408716049e-15, 3.51761136292e-15, 1.94951451426e-15, 1.34679890328e-15, 3.32003034006e-15, 2.01585625227e-15, 7.87843809559e-15, 1.2633487938e-14, 1.42587645928e-14, 1.36090293358e-14, 5.92583529921e-15, 6.76705844748e-15, 9.88602307113e-15, 5.76760234488e-15, 1.3346264469e-14, 3.0919419433e-15, 5.57012889521e-15, 1.3032205828e-14, 2.12525750308e-14, 2.6214627867e-14, 7.66914048949e-15, 6.11016237403e-15, 1.50008772629e-14, 2.40713062852e-15, 8.295341783e-15, 9.17547169564e-15, 7.40762838439e-15, 1.21499007348e-14, 5.74132145363e-15, 1.64187494302e-14, 1.36831548831e-14, 1.13602042947e-14, 1.60453552842e-14, 1.60350045416e-14, 5.47191118981e-15, 1.30289854087e-14, 8.37005517115e-15, 9.49591611805e-15, 1.19450178644e-14, 1.44170360871e-14, 1.64252919127e-14, 1.35729347209e-14, 7.61663376413e-15, 1.00395537221e-14, 2.98428596152e-15, 7.45680288214e-15, 1.20510282729e-14, 1.07865664778e-14, 1.37279841019e-14, 9.5475817397e-15, 3.91458478859e-15, 7.93647001688e-15, 1.16668835847e-14, 9.13599064293e-15, 1.12629962526e-14, 9.12815050597e-15, 1.90077886428e-14, 2.03085652814e-14, 1.85350527786e-14, 9.76320583488e-15, 2.01046133002e-14, 1.98724263228e-14, 1.42362047172e-14, 7.31827996098e-15, 9.92642400162e-15, 1.83241940908e-14, 1.55837917847e-14, 1.05830227665e-14, 7.70663779103e-15, 9.16830494987e-15, 1.45190628997e-14, 7.6140520077e-15, 6.89513152317e-15, 9.14361986869e-15, 1.23024005466e-14, 1.36518460043e-14, 1.12525379368e-14, 9.02982946256e-15, 1.52562627787e-14, 1.04314961955e-14, 1.19460775026e-14, 2.18432788675e-14, 1.58547982821e-14, 1.2878416832e-14, 1.4217842737e-14, 1.56390132506e-14, 1.38253767972e-14, 1.21142821523e-14, 1.08663349586e-14, 1.56957661522e-14, 1.17490288399e-14, 1.71319393134e-14, 1.26408639009e-14, 1.94151047642e-14, 1.71058337579e-14, 2.18822322187e-14, 1.96750507054e-14, 2.10082297424e-14, 1.56933012863e-14, 1.10507772299e-14, 1.49235567074e-14, 1.31816893555e-14, 1.96553317784e-14, 1.17629438972e-14, 1.4722814981e-14, 1.62161459255e-14, 1.73911483359e-14, 1.3481209523e-14, 1.67923553345e-14, 1.29877577741e-14, 1.31373708976e-14, 1.18535772696e-14, 4.59385989603e-15, 7.27287475984e-16, 1.70783365406e-17],
        "stdev": [4.13610769101e-06, 1.1640365301e-05, 4.31909465988e-05, 9.55244104262e-05, 0.000118773175927, 0.000159539733431, 0.000234192702919, 0.000329585222062, 0.000240362947807, 0.00020968253375, 0.000335430144332, 0.000297396676615, 0.000375875213649, 0.000477400870295, 0.000381189660402, 0.000734611181542, 0.000859268708155, 0.000860275118612, 0.000881480518728, 0.00147771008778, 0.00423208670691, 0.0036921647843, 0.000988367828541, 0.000240015258896, 0.000235535058891, 0.000422749028075, 0.000247714458965, 0.000240437249886, 0.000173197389813, 0.000105957798951, 5.90100898989e-05, 5.63487992622e-05, 5.74685072934e-05, 5.08751618327e-05, 6.02814761805e-05, 7.21411342965e-05, 5.20368848811e-05, 6.16299948888e-05, 4.68162179459e-05, 5.44335925952e-05, 5.37386476935e-05, 4.86771095893e-05, 3.74768969778e-05, 3.55490410584e-05, 0.000103566671896, 8.48670460982e-05, 3.4697673982e-05, 3.04449476971e-05, 3.33493517246e-05, 2.98005143122e-05, 2.84271627606e-05, 2.67517134489e-05, 5.02261282236e-05, 3.60090016329e-05, 1.47359824041e-05, 1.35046921059e-05, 1.47414230014e-05, 3.55358206434e-05, 3.22854975821e-05, 4.83313197037e-05, 7.69014422985e-06, 4.16135344494e-06, 4.77187240904e-05, 7.93031431385e-05, 4.96690918226e-05, 2.13778112084e-05, 3.02609328173e-06, 7.44773024053e-06, 6.92038383932e-06, 1.25018350445e-05, 3.87946056435e-06, 2.53878829426e-06, 1.90407945411e-06, 6.95055405231e-06, 2.32377374232e-06, 1.09399366011e-06, 1.2897723991e-06, 2.10096231967e-06, 1.24188420614e-06, 9.07457263111e-07, 7.85982763318e-07, 9.96329731606e-07, 3.72901666879e-07, 5.61955175726e-07, 5.0566433174e-07, 3.50165663576e-07, 4.04893228279e-07, 7.45706472571e-07, 2.44943038297e-07, 2.79583730389e-07, 2.5625820399e-07, 1.63370003747e-07, 1.63470517123e-07, 1.00593254615e-07, 8.95755221109e-08, 5.39258984134e-08, 4.24870805205e-08, 2.41610962348e-08, 1.40176803498e-08, 7.42128314357e-09, 3.57036245013e-09, 2.28856311679e-09, 2.11938044892e-09, 2.02939687277e-09, 1.94431049039e-09, 1.86567428173e-09, 1.78975634313e-09, 1.71895564449e-09, 1.6512111678e-09, 1.58583779442e-09, 1.5273234899e-09, 1.47300560638e-09, 1.42034273232e-09, 1.3760113049e-09, 1.32858202218e-09, 1.28493116147e-09, 1.24727184136e-09, 1.21006227261e-09, 1.17763032659e-09, 1.14871545609e-09, 1.12162068522e-09, 1.09883824262e-09, 1.0783685056e-09, 1.05994357735e-09, 1.04371167264e-09, 1.0317542376e-09, 1.02350228293e-09, 1.01825814447e-09]
    },
    "mfcc": {
        "mean": [-702.232299805, 128.101898193, -55.3679656982, 16.7314357758, -23.8385715485, -0.341198980808, -21.83452034, 5.25134515762, -10.6316251755, 13.3085203171, -3.62780237198, 10.4823875427, -2.67647576332],
        "cov": [[4814.56298828, 970.575256348, -228.906356812, -84.3335189819, -95.4013748169, 526.936157227, -217.263412476, -26.4069156647, -124.932785034, -141.10067749, -307.501403809, -32.1732673645, -97.0259094238], [970.575256348, 715.89465332, -25.5465316772, 111.677360535, -29.3297557831, -62.3505058289, -82.701171875, -86.7125473022, -39.1820869446, 11.1680421829, -11.402135849, 8.58465862274, 13.2258396149], [-228.906356812, -25.5465316772, 283.869598389, -32.904460907, 86.3499450684, 130.976669312, 2.12426233292, -20.1241016388, -22.6377296448, -71.1831893921, -84.583946228, -40.2956237793, -12.65305233], [-84.3335189819, 111.677360535, -32.904460907, 388.29989624, -67.8409118652, -366.62020874, -22.6299247742, -20.9952049255, -48.5293464661, 118.489875793, 138.175643921, 58.6713142395, 51.5435791016], [-95.4013748169, -29.3297557831, 86.3499450684, -67.8409118652, 139.023010254, 166.356079102, 15.5108127594, -10.6663618088, -2.34610557556, -57.030254364, -59.1693344116, -36.3811264038, -17.6239299774], [526.936157227, -62.3505058289, 130.976669312, -366.62020874, 166.356079102, 671.248718262, 22.6494426727, 16.7599411011, 29.2496337891, -202.516616821, -251.57661438, -99.8990325928, -84.704208374], [-217.263412476, -82.701171875, 2.12426233292, -22.6299247742, 15.5108127594, 22.6494426727, 67.6495819092, 23.1180553436, 22.7849979401, 5.87693166733, 10.2799110413, -7.16102552414, -4.13034534454], [-26.4069156647, -86.7125473022, -20.1241016388, -20.9952049255, -10.6663618088, 16.7599411011, 23.1180553436, 74.5764312744, 19.5892810822, 6.7777094841, 8.07566356659, -2.62236857414, -4.1598649025], [-124.932785034, -39.1820869446, -22.6377296448, -48.5293464661, -2.34610557556, 29.2496337891, 22.7849979401, 19.5892810822, 75.1797561646, 14.2556905746, 2.46011710167, 1.20471417904, -5.89734840393], [-141.10067749, 11.1680421829, -71.1831893921, 118.489875793, -57.030254364, -202.516616821, 5.87693166733, 6.7777094841, 14.2556905746, 128.926956177, 112.071853638, 42.02293396, 26.1312465668], [-307.501403809, -11.402135849, -84.583946228, 138.175643921, -59.1693344116, -251.57661438, 10.2799110413, 8.07566356659, 2.46011710167, 112.071853638, 181.589279175, 54.9571800232, 40.5276527405], [-32.1732673645, 8.58465862274, -40.2956237793, 58.6713142395, -36.3811264038, -99.8990325928, -7.16102552414, -2.62236857414, 1.20471417904, 42.02293396, 54.9571800232, 66.686706543, 24.8402557373], [-97.0259094238, 13.2258396149, -12.65305233, 51.5435791016, -17.6239299774, -84.704208374, -4.13034534454, -4.1598649025, -5.89734840393, 26.1312465668, 40.5276527405, 24.8402557373, 54.4236755371]],
        "icov": [[0.000608746893704, -0.000706315680873, 0.000699455384165, -0.000409439089708, 0.000792130012996, -0.00103062007111, 0.000927146233153, -0.000772505707573, 0.00105089333374, -0.000528851465788, 0.000755859247874, -0.0003452320816, 0.000433598586824], [-0.000706315680873, 0.00272070290521, -0.000475429202197, -0.000237299769651, -0.00053600379033, 0.000793448940385, 0.00048171391245, 0.00268251239322, -0.00133263529278, 0.000276325008599, -0.000526134041138, 0.000858047103975, -0.000780160713475], [0.000699455384165, -0.000475429202197, 0.00582934403792, -0.00127211445943, -0.00124314252753, -0.00115471845493, 0.000746787525713, -2.14528754441e-05, 0.00186623795889, 0.000334010372171, 0.00245351786725, 0.000539984728675, -0.000253799080383], [-0.000409439089708, -0.000237299769651, -0.00127211445943, 0.00677984161302, -0.0017896349309, 0.00379695626907, -0.000758078473154, -0.000175031484105, 0.00225283904001, -0.00174777582288, -0.000356441392796, -0.000761249626521, -0.000433816428995], [0.000792130012996, -0.00053600379033, -0.00124314252753, -0.0017896349309, 0.0139872645959, -0.00500048976392, -0.0010810556123, 0.00200143340044, 0.00161481730174, 0.000259457941866, -0.0010713088559, 0.0022150054574, -0.000396720890421], [-0.00103062007111, 0.000793448940385, -0.00115471845493, 0.00379695626907, -0.00500048976392, 0.00817528087646, -0.00224766042084, -0.00040188850835, -0.00235072476789, 0.00332188699394, 0.00236373976804, 0.00012548736413, 0.00134141370654], [0.000927146233153, 0.00048171391245, 0.000746787525713, -0.000758078473154, -0.0010810556123, -0.00224766042084, 0.0221959501505, -0.00447217188776, -0.00277270190418, -0.00177646044176, -0.00164141331334, 0.00198139203712, 0.000792261736933], [-0.000772505707573, 0.00268251239322, -2.14528754441e-05, -0.000175031484105, 0.00200143340044, -0.00040188850835, -0.00447217188776, 0.0191188063473, -0.00344844232313, 0.000128200743347, -0.00204769778065, 0.00206894637085, -0.000578446954023], [0.00105089333374, -0.00133263529278, 0.00186623795889, 0.00225283904001, 0.00161481730174, -0.00235072476789, -0.00277270190418, -0.00344844232313, 0.0203433707356, -0.00641007348895, 0.00245218514465, -0.00208058464341, 0.00129365187604], [-0.000528851465788, 0.000276325008599, 0.000334010372171, -0.00174777582288, 0.000259457941866, 0.00332188699394, -0.00177646044176, 0.000128200743347, -0.00641007348895, 0.0223715081811, -0.00819554645568, -0.00125306146219, 0.00109083252028], [0.000755859247874, -0.000526134041138, 0.00245351786725, -0.000356441392796, -0.0010713088559, 0.00236373976804, -0.00164141331334, -0.00204769778065, 0.00245218514465, -0.00819554645568, 0.0179453510791, -0.00403832085431, -0.00188512180466], [-0.0003452320816, 0.000858047103975, 0.000539984728675, -0.000761249626521, 0.0022150054574, 0.00012548736413, 0.00198139203712, 0.00206894637085, -0.00208058464341, -0.00125306146219, -0.00403832085431, 0.0239000804722, -0.0062815384008], [0.000433598586824, -0.000780160713475, -0.000253799080383, -0.000433816428995, -0.000396720890421, 0.00134141370654, 0.000792261736933, -0.000578446954023, 0.00129365187604, 0.00109083252028, -0.00188512180466, -0.0062815384008, 0.0255512744188]]
    },
    "spectral_contrast_coeffs": {
        "max": [-0.481609940529, -0.375757277012, -0.576082289219, -0.574167728424, -0.51620644331, -0.555245697498],
        "mean": [-0.745124101639, -0.730826735497, -0.782812356949, -0.768585622311, -0.764036655426, -0.682644128799],
        "min": [-0.951979517937, -0.958401799202, -0.961037993431, -0.952294409275, -0.939972758293, -0.923041403294],
        "stdev": [0.0693912580609, 0.130823582411, 0.0655878856778, 0.0756103396416, 0.0769346058369, 0.041560985148]
    },
    "spectral_contrast_valleys": {
        "max": [-6.07631444931, -4.83453321457, -5.71155643463, -5.99059438705, -6.69860649109, -9.99109077454],
        "mean": [-8.2107000351, -6.93640327454, -7.57948637009, -7.76852607727, -8.14605808258, -12.2258453369],
        "min": [-19.5364875793, -17.9283714294, -17.9502429962, -17.5147724152, -17.0731563568, -18.3628807068],
        "stdev": [1.15710639954, 1.1379379034, 1.22892582417, 1.26033878326, 0.962196886539, 0.797663450241]
    }
},
"rhythm": {
    "beats_count": 88,
    "beats_loudness": {
        "max": 0.067992836237,
        "mean": 0.0150546785444,
        "min": 7.88261168054e-05,
        "stdev": 0.0149281574413
    },
    "bpm": 172.265625,
    "bpm_histogram_first_peak_bpm": 172,
    "bpm_histogram_first_peak_weight": 0,
    "bpm_histogram_second_peak_bpm": 178,
    "bpm_histogram_second_peak_spread": 0,
    "bpm_histogram_second_peak_weight": 0.172413796186,
    "danceability": 0.884010970592,
    "onset_rate": 1.00190842152,
    "beats_loudness_band_ratio": {
        "max": [0.38365238905, 0.601261436939, 0.952567994595, 0.594903469086, 0.456606775522, 0.157911092043],
        "mean": [0.0547279752791, 0.0964528992772, 0.471846282482, 0.199105739594, 0.162574723363, 0.0413248315454],
        "min": [0.000551069446374, 0.000790529011283, 0.0821130126715, 0.0022231482435, 0.0159567873925, 0.00330189568922],
        "stdev": [0.0715759769082, 0.125725716352, 0.29215618968, 0.157936379313, 0.121523663402, 0.033305875957]
    },
