{
"metadata": {
    "version": {
        "essentia": "2.1-beta5",
        "essentia_git_sha": "Undefined",
        "extractor": "music 2.0"
    },
    "audio_properties": {
        "analysis": {
            "equal_loudness": 0,
            "length": 12.7477550507,
            "sample_rate": 44100,
            "start_time": 0,
            "downmix": "mix"
        },
        "bit_rate": 192000,
        "length": 200.875839233,
        "lossless": 0,
        "number_channels": 1,
        "replay_gain": -6.96957397461,
        "sample_rate": 48000,
        "codec": "mp3",
        "md5_encoded": "e47cbfc377877670fb7073fe84dad28c"
    },
    "tags": {
        "file_name": "Germany_Heut_ Woll_n Wir Tanzen Geh_n_Alice and Ellen Kessler.mp3",
        "encoding": ["Lavf58.29.100"]
    }
},
"lowlevel": {
    "average_loudness": 0.783131957054,
    "barkbands_crest": {
        "max": 25.7957839966,
        "mean": 9.80978393555,
        "min": 2.42755246162,
        "stdev": 5.03790903091
    },
    "barkbands_flatness_db": {
        "max": 0.350061506033,
        "mean": 0.1635196805,
        "min": 0.0461247079074,
        "stdev": 0.0625909566879
    },
    "barkbands_kurtosis": {
        "max": 143.773773193,
        "mean": 4.20824813843,
        "min": -1.88657927513,
        "stdev": 10.1569633484
    },
    "barkbands_skewness": {
        "max": 10.8934412003,
        "mean": 1.37464988232,
        "min": -1.77669084072,
        "stdev": 1.36291956902
    },
    "barkbands_spread": {
        "max": 95.9381561279,
        "mean": 27.8993453979,
        "min": 1.26056909561,
        "stdev": 20.4024734497
    },
    "dissonance": {
        "max": 0.499998241663,
        "mean": 0.461921364069,
        "min": 0.262274593115,
        "stdev": 0.0412425585091
    },
    "dynamic_complexity": 5.88973331451,
    "erbbands_crest": {
        "max": 27.2101535797,
        "mean": 9.0858039856,
        "min": 2.52008104324,
        "stdev": 5.3417596817
    },
    "erbbands_flatness_db": {
        "max": 0.360969156027,
        "mean": 0.206793725491,
        "min": 0.0982894897461,
        "stdev": 0.0546272210777
    },
    "erbbands_kurtosis": {
        "max": 19.2532329559,
        "mean": 0.968684196472,
        "min": -1.83417928219,
        "stdev": 3.08006191254
    },
    "erbbands_skewness": {
        "max": 4.13238668442,
        "mean": 0.332913607359,
        "min": -3.29037570953,
        "stdev": 1.13321459293
    },
    "erbbands_spread": {
        "max": 117.634719849,
        "mean": 42.648223877,
        "min": 3.94117450714,
        "stdev": 22.4304161072
    },
    "hfc": {
        "max": 126.720031738,
        "mean": 9.25957584381,
        "min": 1.19099555708e-16,
        "stdev": 12.2613487244
    },
    "loudness_ebu128": {
        "integrated": -22.7043609619,
        "loudness_range": 4.71627426147,
        "momentary": {
            "max": -17.2221908569,
            "mean": -25.0556278229,
            "min": -35.7753829956,
            "stdev": 4.56962680817
        },
        "short_term": {
            "max": -20.2048225403,
            "mean": -23.6623878479,
            "min": -25.809633255,
            "stdev": 1.82037758827
        }
    },
    "melbands_crest": {
        "max": 29.5180034637,
        "mean": 13.1403770447,
        "min": 2.07236433029,
        "stdev": 5.86157178879
    },
    "melbands_flatness_db": {
        "max": 0.381960421801,
        "mean": 0.174983158708,
        "min": 0.00579586206004,
        "stdev": 0.0732261389494
    },
    "melbands_kurtosis": {
        "max": 231.471893311,
        "mean": 12.7365608215,
        "min": -1.39128029346,
        "stdev": 19.1031551361
    },
    "melbands_skewness": {
        "max": 11.0757160187,
        "mean": 2.48366332054,
        "min": -0.577762365341,
        "stdev": 1.65298914909
    },
    "melbands_spread": {
        "max": 190.44708252,
        "mean": 30.5364379883,
        "min": 1.10582947731,
        "stdev": 25.1123733521
    },
    "pitch_salience": {
        "max": 0.894021809101,
        "mean": 0.634515285492,
        "min": 0.175901398063,
        "stdev": 0.121020242572
    },
    "silence_rate_20dB": {
        "max": 1,
        "mean": 1,
        "min": 1,
        "stdev": 0
    },
    "silence_rate_30dB": {
        "max": 1,
        "mean": 0.994545459747,
        "min": 0,
        "stdev": 0.0736532881856
    },
    "silence_rate_60dB": {
        "max": 1,
        "mean": 0.419999986887,
        "min": 0,
        "stdev": 0.493558764458
    },
    "spectral_centroid": {
        "max": 10811.9111328,
        "mean": 1765.60083008,
        "min": 295.663269043,
        "stdev": 926.127807617
    },
    "spectral_complexity": {
        "max": 34,
        "mean": 9.08363628387,
        "min": 0,
        "stdev": 7.07648134232
    },
    "spectral_decrease": {
        "max": -6.337784659e-29,
        "mean": -3.24319437972e-09,
        "min": -4.79973643053e-08,
        "stdev": 5.27892840552e-09
    },
    "spectral_energy": {
        "max": 0.192647010088,
        "mean": 0.0130804423243,
        "min": 1.10418902097e-20,
        "stdev": 0.0209392234683
    },
    "spectral_energyband_high": {
        "max": 0.00175056792796,
        "mean": 0.000290279916953,
        "min": 7.70645079507e-21,
        "stdev": 0.000275542639429
    },
    "spectral_energyband_low": {
        "max": 0.0027412250638,
        "mean": 0.000432778528193,
        "min": 1.15677881566e-22,
        "stdev": 0.000368169654394
    },
    "spectral_energyband_middle_high": {
        "max": 0.0673348903656,
        "mean": 0.00233282754198,
        "min": 1.73145199443e-21,
        "stdev": 0.00502121960744
    },
    "spectral_energyband_middle_low": {
        "max": 0.182078823447,
        "mean": 0.0102203534916,
        "min": 5.10772668654e-22,
        "stdev": 0.0194059703499
    },
    "spectral_entropy": {
        "max": 9.8098859787,
        "mean": 7.64043426514,
        "min": 6.13403606415,
        "stdev": 0.515026211739
    },
    "spectral_flux": {
        "max": 0.39774531126,
        "mean": 0.0647577568889,
        "min": 1.05080395774e-10,
        "stdev": 0.0554305054247
    },
    "spectral_kurtosis": {
        "max": 14.5197639465,
        "mean": 1.7747784853,
        "min": -1.20680570602,
        "stdev": 2.21028399467
    },
    "spectral_rms": {
        "max": 0.0137094240636,
        "mean": 0.00283465324901,
        "min": 3.28216013395e-12,
        "stdev": 0.00217396975495
    },
    "spectral_rolloff": {
        "max": 19143.0175781,
        "mean": 2299.94116211,
        "min": 258.3984375,
        "stdev": 2181.41259766
    },
    "spectral_skewness": {
        "max": 2.77376413345,
        "mean": 0.826128065586,
        "min": -0.288515686989,
        "stdev": 0.497482299805
    },
    "spectral_spread": {
        "max": 40668208,
        "mean": 4035410.5,
        "min": 2022012,
        "stdev": 1856046.125
    },
    "spectral_strongpeak": {
        "max": 6.68101644516,
        "mean": 0.746726214886,
        "min": 0,
        "stdev": 1.02130973339
    },
    "zerocrossingrate": {
        "max": 0.833984375,
        "mean": 0.082198150456,
        "min": 0.01318359375,
        "stdev": 0.0720219016075
    },
    "barkbands": {
        "max": [0.000226830219617, 0.00244208495133, 0.000701144221239, 0.00955514609814, 0.0740927904844, 0.0427503176033, 0.0760419219732, 0.0480788983405, 0.155504360795, 0.063100270927, 0.0156202111393, 0.0248904991895, 0.00394831830636, 0.0036371985916, 0.00344187300652, 0.00275963917375, 0.00164988613687, 0.00118141504936, 0.00124353519641, 0.000679093471263, 0.00123697030358, 0.000582568522077, 0.000384496321203, 0.000253191334195, 8.3264640125e-06, 1.31279662696e-07, 1.59052603976e-07],
        "mean": [2.64818318101e-05, 0.000258997140918, 0.000101573648863, 0.000199684596737, 0.00348551245406, 0.00119168288074, 0.00196301471442, 0.00109819567297, 0.00200309697539, 0.000669239321724, 0.000459449831396, 0.000349641137291, 0.000173806562088, 0.000172960484633, 0.000171228413819, 0.00012439157581, 0.000110449160275, 0.00010897203174, 9.23398620216e-05, 8.45066751936e-05, 0.00012348171731, 6.06812936894e-05, 3.63660765288e-05, 1.40128568091e-05, 6.75139403938e-07, 1.04400588175e-09, 7.64200425163e-10],
        "min": [6.68933635851e-25, 3.73688222855e-24, 4.9749500366e-23, 1.05831155664e-22, 9.32175222248e-23, 1.21851510165e-23, 4.72737487674e-23, 2.58866914859e-23, 2.0962725214e-22, 3.69429020832e-23, 1.51976767072e-22, 8.23327626565e-23, 9.37820373994e-23, 6.49009687568e-23, 1.1999638384e-22, 1.69381487266e-22, 2.30954744113e-22, 1.58098643241e-22, 4.53484201322e-22, 3.49205296728e-22, 5.02546654327e-22, 5.22367737514e-22, 7.28826343658e-22, 6.93535458305e-22, 1.19081847926e-21, 1.76939648165e-21, 2.35472652753e-21],
        "stdev": [2.69744923571e-05, 0.000250505487202, 9.81644843705e-05, 0.000547912612092, 0.0085939290002, 0.00362974451855, 0.00698800198734, 0.0042310510762, 0.00906837079674, 0.00347216823138, 0.00148702471051, 0.00169745681342, 0.000431275169831, 0.000418591254856, 0.000397600611905, 0.000275535858236, 0.000213410196011, 0.000166871992406, 0.000136451883009, 0.000104387509055, 0.000157924820087, 8.18897751742e-05, 5.45899383724e-05, 1.96207402041e-05, 1.08738629478e-06, 5.63299984435e-09, 6.81012712889e-09]
    },
    "erbbands": {
        "max": [0.123150423169, 0.371429920197, 0.752155840397, 12.6370124817, 67.1546630859, 427.154022217, 496.687103271, 290.652008057, 873.241333008, 1001.99346924, 1465.56494141, 3212.95898438, 2213.00756836, 781.492919922, 862.589355469, 598.713256836, 184.378250122, 148.554550171, 190.075073242, 147.559753418, 147.784973145, 92.5252685547, 50.9039421082, 120.746658325, 45.7479057312, 34.5095901489, 50.0345153809, 52.5474319458, 25.3844203949, 20.2618160248, 10.7723846436, 5.6048374176, 3.9209125042, 0.319260239601, 0.00872057396919, 0.000592256605159, 0.000251654011663, 9.45653373492e-05, 9.6809308161e-05, 0.000221343259909],
        "mean": [0.0107178734615, 0.0454755574465, 0.127040922642, 0.36937713623, 3.10924363136, 14.9339828491, 16.3723011017, 8.68924236298, 20.0465545654, 33.1623191833, 23.9996929169, 47.1918258667, 31.5755367279, 17.901058197, 19.2647705078, 11.7421808243, 8.69465255737, 8.17198467255, 9.72780418396, 8.20826435089, 6.48180627823, 6.24765634537, 5.45263051987, 6.64802789688, 3.37218594551, 4.14761257172, 4.52800035477, 4.84672498703, 2.39603304863, 1.43927967548, 0.979122102261, 0.450213730335, 0.159887120128, 0.0206417888403, 0.000653597817291, 5.54947146156e-05, 1.31432116177e-05, 3.71101896235e-06, 7.45379611544e-06, 1.54728822963e-05],
        "min": [1.7949055675e-22, 9.97663627322e-22, 3.29072868695e-20, 2.61053186539e-19, 4.11439714232e-19, 2.01406562586e-19, 9.28981084305e-20, 2.01234172976e-19, 7.25672368202e-19, 5.25794461237e-19, 6.30158236461e-19, 5.55460466726e-18, 2.65913027734e-18, 2.71214945268e-18, 5.62739573398e-18, 3.45524860353e-18, 4.08648936092e-18, 1.91199986178e-18, 6.53989340927e-18, 6.81851596372e-18, 9.93900105784e-18, 1.39539678335e-17, 9.77142584627e-18, 1.94571938314e-17, 2.1346998783e-17, 1.44899080785e-17, 1.81035607354e-17, 2.09639595654e-17, 1.69664851782e-17, 2.47724298002e-17, 1.80821880427e-17, 1.35401707321e-17, 1.27827371616e-17, 1.20970598549e-17, 9.21047414104e-18, 6.26875270347e-18, 3.22168526539e-18, 1.26708663604e-18, 2.91660911306e-19, 3.8122444143e-20],
        "stdev": [0.011015930213, 0.0451208055019, 0.115917280316, 0.778869271278, 6.72246599197, 40.7568626404, 52.3095664978, 23.9566631317, 72.357673645, 112.483642578, 96.7829666138, 219.10697937, 128.142303467, 60.1653022766, 71.3298568726, 40.733997345, 20.4757652283, 18.558555603, 22.1357631683, 18.419095993, 13.8243141174, 12.0508766174, 7.64344978333, 11.4921636581, 4.47840261459, 5.17564916611, 5.8278875351, 6.61035776138, 3.05932545662, 2.26192712784, 1.46849095821, 0.579738259315, 0.284211069345, 0.0338256023824, 0.00101771170739, 6.63880127831e-05, 1.48845256263e-05, 4.79490790894e-06, 1.02473677543e-05, 2.37334752455e-05]
    },
    "gfcc": {
        "mean": [-103.190887451, 119.952713013, -158.660461426, 68.7670135498, -89.0955734253, 3.43759584427, -24.4259395599, -11.9455394745, 2.89993166924, -18.5984458923, 6.64392089844, -16.0063457489, 7.48096656799],
        "cov": [[9833.02539062, 2006.19396973, -1260.09338379, -254.028060913, -517.834289551, -471.175262451, 63.2131500244, -307.089813232, 103.892486572, -275.013946533, 82.2192306519, -287.657928467, 171.875198364], [2006.19396973, 850.180603027, -181.897750854, -222.657470703, -101.061347961, -366.837860107, 69.6057281494, -74.9287033081, -20.6258049011, -107.163871765, 33.1760177612, -131.290298462, 62.5076065063], [-1260.09338379, -181.897750854, 888.919067383, 444.864440918, -124.627487183, -125.607337952, -169.3046875, 30.5307312012, 4.22565746307, 14.2315673828, -33.7053146362, 29.4987564087, -47.0130233765], [-254.028060913, -222.657470703, 444.864440918, 803.803771973, 2.84028553963, 64.5632476807, -234.577987671, 59.8217582703, 67.3916168213, 27.9389514923, -12.9845876694, 26.2469940186, -72.143447876], [-517.834289551, -101.061347961, -124.627487183, 2.84028553963, 197.182678223, 79.7198410034, -28.2063217163, 25.1543273926, 21.8746604919, 11.8291749954, -8.87598896027, 0.601074755192, -23.1498622894], [-471.175262451, -366.837860107, -125.607337952, 64.5632476807, 79.7198410034, 581.522827148, 54.8143157959, 12.8557252884, -34.8953323364, 48.01014328, 34.6379508972, 58.0955810547, -54.6569290161], [63.2131500244, 69.6057281494, -169.3046875, -234.577987671, -28.2063217163, 54.8143157959, 244.033752441, 0.571748316288, -91.9699249268, -4.48459100723, 16.7178630829, -4.01199674606, 24.1142120361], [-307.089813232, -74.9287033081, 30.5307312012, 59.8217582703, 25.1543273926, 12.8557252884, 0.571748316288, 84.0647735596, 29.9894199371, 12.8854370117, -9.649269104, 5.52255153656, -8.38000774384], [103.892486572, -20.6258049011, 4.22565746307, 67.3916168213, 21.8746604919, -34.8953323364, -91.9699249268, 29.9894199371, 112.685897827, 18.1031970978, -26.3642082214, -4.25841426849, -12.720946312], [-275.013946533, -107.163871765, 14.2315673828, 27.9389514923, 11.8291749954, 48.01014328, -4.48459100723, 12.8854370117, 18.1031970978, 66.0975723267, 17.9876537323, 8.84021282196, -9.41508483887], [82.2192306519, 33.1760177612, -33.7053146362, -12.9845876694, -8.87598896027, 34.6379508972, 16.7178630829, -9.649269104, -26.3642082214, 17.9876537323, 68.9505386353, 14.8379974365, 3.90794420242], [-287.657928467, -131.290298462, 29.4987564087, 26.2469940186, 0.601074755192, 58.0955810547, -4.01199674606, 5.52255153656, -4.25841426849, 8.84021282196, 14.8379974365, 66.7111968994, 19.2446117401], [171.875198364, 62.5076065063, -47.0130233765, -72.143447876, -23.1498622894, -54.6569290161, 24.1142120361, -8.38000774384, -12.720946312, -9.41508483887, 3.90794420242, 19.2446117401, 73.3324737549]],
        "icov": [[0.000673254777212, -0.00120672478806, 0.00133647059556, -0.000820480228867, 0.00209666602314, -0.000372099573724, 0.000232601727475, 0.00116904464085, -0.00115474825725, 0.000783261319157, 0.000134202695335, 0.000349058158463, -0.000256594794337], [-0.00120672478806, 0.00849298387766, -0.00251673953608, 0.000972749548964, -0.00335506210104, 0.00250087305903, -0.00373054854572, 0.00157946709078, -0.00374664575793, 0.0085830623284, -0.0102460626513, 0.0120921675116, -0.00503071350977], [0.00133647059556, -0.00251673953608, 0.00517544290051, -0.00239968835376, 0.00594441778958, 4.74342377856e-05, 0.0022422154434, 0.00100009748712, 0.000750594364945, -0.000241902045673, 0.00262456573546, -0.00154992053285, 0.0016249140026], [-0.000820480228867, 0.000972749548964, -0.00239968835376, 0.00353324552998, -0.00236669415608, -0.000183670577826, 0.00211309758015, -0.00332778063603, 0.00245294393972, -0.00182128930464, 0.00046531969565, -0.00154896103777, 0.0016456109006], [0.00209666602314, -0.00335506210104, 0.00594441778958, -0.00236669415608, 0.0139262871817, -0.00141488050576, 0.00336998654529, 0.000863294408191, -0.00153323845007, 0.00152212183457, 0.00214704475366, 0.000807927106507, 0.00136354239658], [-0.000372099573724, 0.00250087305903, 4.74342377856e-05, -0.000183670577826, -0.00141488050576, 0.0036124130711, -0.00157980516087, 0.000486949691549, 0.000360345438821, 0.000813339662272, -0.00250518205576, 8.53330202517e-05, 0.0016890950501], [0.000232601727475, -0.00373054854572, 0.0022422154434, 0.00211309758015, 0.00336998654529, -0.00157980516087, 0.0130061134696, -0.00719862431288, 0.0124365324154, -0.00790860783309, 0.00807497743517, -0.00634890701622, 0.00331571162678], [0.00116904464085, 0.00157946709078, 0.00100009748712, -0.00332778063603, 0.000863294408191, 0.000486949691549, -0.00719862431288, 0.0213284045458, -0.013120315969, 0.00709843961522, -0.0058583477512, 0.00712268566713, -0.00420068250969], [-0.00115474825725, -0.00374664575793, 0.000750594364945, 0.00245294393972, -0.00153323845007, 0.000360345438821, 0.0124365324154, -0.013120315969, 0.0292092300951, -0.0182634368539, 0.0172694418579, -0.0141237033531, 0.0084983902052], [0.000783261319157, 0.0085830623284, -0.000241902045673, -0.00182128930464, 0.00152212183457, 0.000813339662272, -0.00790860783309, 0.00709843961522, -0.0182634368539, 0.037650283426, -0.0236439406872, 0.0210661906749, -0.00920286867768], [0.000134202695335, -0.0102460626513, 0.00262456573546, 0.00046531969565, 0.00214704475366, -0.00250518205576, 0.00807497743517, -0.0058583477512, 0.0172694418579, -0.0236439406872, 0.0369144678116, -0.0248152781278, 0.0105504067615], [0.000349058158463, 0.0120921675116, -0.00154992053285, -0.00154896103777, 0.000807927106507, 8.53330202517e-05, -0.00634890701622, 0.00712268566713, -0.0141237033531, 0.0210661906749, -0.0248152781278, 0.048591312021, -0.0215972177684], [-0.000256594794337, -0.00503071350977, 0.0016249140026, 0.0016456109006, 0.00136354239658, 0.0016890950501, 0.00331571162678, -0.00420068250969, 0.0084983902052, -0.00920286867768, 0.0105504067615, -0.0215972177684, 0.026703896001]]
    },
    "melbands": {
        "max": [0.000852132507134, 0.000353210081812, 0.00341939134523, 0.0190099403262, 0.0167429726571, 0.00621851719916, 0.0151389483362, 0.01111458987, 0.0201379265636, 0.019053613767, 0.0113419340923, 0.00303274323232, 0.00215070042759, 0.00353912450373, 0.000727960607037, 0.000350963731762, 0.000317470781738, 0.000330341106746, 0.000226403877605, 0.000190057864529, 0.000152972759679, 0.00013355158444, 5.29328317498e-05, 7.27975784685e-05, 0.000107931860839, 4.76002715004e-05, 3.55760057573e-05, 3.10249306494e-05, 3.02783428197e-05, 3.87560176023e-05, 3.52731804014e-05, 1.58087514137e-05, 8.64945650392e-06, 1.13590740511e-05, 5.8793016251e-06, 5.381891242e-06, 3.80008691536e-06, 3.93467144022e-06, 1.08201800231e-06, 7.62057439374e-08],
        "mean": [7.98855689936e-05, 6.09775488556e-05, 0.000123606660054, 0.00063584826421, 0.0006414995878, 0.000196257373318, 0.000343341147527, 0.000348066765582, 0.000201513699722, 0.000302255124552, 0.000150445688632, 7.04526173649e-05, 6.5388630901e-05, 4.40558469563e-05, 2.19161665882e-05, 1.64922257682e-05, 1.52472439368e-05, 1.60726031027e-05, 1.25706274048e-05, 9.36867854762e-06, 7.21852893548e-06, 6.91328386893e-06, 4.48513583251e-06, 5.53937707082e-06, 5.56102804694e-06, 2.66916549663e-06, 2.02556452678e-06, 2.95685003948e-06, 2.76963191936e-06, 3.04697800857e-06, 2.6843147225e-06, 1.40492136325e-06, 9.26154257286e-07, 7.43000441616e-07, 5.96521942953e-07, 4.00169255954e-07, 2.26447426144e-07, 1.28039701508e-07, 4.85511861825e-08, 5.14872056101e-09],
        "min": [1.08911270562e-24, 1.53027166922e-23, 4.81807179273e-23, 2.37040458898e-23, 3.39389379e-24, 5.27709133636e-24, 9.48452909487e-24, 6.02863596532e-24, 6.06711699471e-24, 3.66539770435e-23, 1.13968509914e-23, 9.5211338186e-24, 2.18589349423e-23, 1.1731998547e-23, 1.03915976513e-23, 5.77748158576e-24, 3.05616133444e-24, 1.03765737954e-23, 8.81519639401e-24, 1.22077826471e-23, 1.02989104392e-23, 1.65796821271e-23, 8.18163537976e-24, 8.16934413799e-24, 1.69257049191e-23, 1.57860975228e-23, 1.40941186765e-23, 8.52857088385e-24, 1.27045267814e-23, 7.85019941473e-24, 1.42429909288e-23, 8.06802047675e-24, 1.24569909068e-23, 1.46279597838e-23, 1.09194426268e-23, 8.27922299576e-24, 8.49165534893e-24, 8.88200186863e-24, 9.39636915555e-24, 1.03799438091e-23],
        "stdev": [7.97037064331e-05, 5.30694196641e-05, 0.000255635386566, 0.00163726136088, 0.00184483476914, 0.000546230468899, 0.00125330733135, 0.00117202033289, 0.00104085099883, 0.00131151347887, 0.000650011003017, 0.000252759840805, 0.000216840184294, 0.000226184274652, 6.13996817265e-05, 4.0243161493e-05, 3.66642634617e-05, 3.78363001801e-05, 2.9346683732e-05, 2.11235746974e-05, 1.57351369126e-05, 1.45946523844e-05, 6.69524251862e-06, 9.06654531718e-06, 1.03292832137e-05, 4.03744570576e-06, 2.98894883599e-06, 3.96766517952e-06, 3.88470425605e-06, 3.95632559957e-06, 4.15435897594e-06, 1.93810137716e-06, 1.4381780602e-06, 1.21021548694e-06, 9.08444746983e-07, 5.75071339881e-07, 3.05395531086e-07, 2.52378839605e-07, 9.20662515114e-08, 7.78873232576e-09]
    },
    "melbands128": {
        "max": [0.000226573916734, 0.00117868348025, 0.0011797407642, 0.000495116808452, 0.00039583563921, 0.000422419776442, 0.00147742079571, 0.00638974970207, 0.00673368340358, 0.0242099538445, 0.0320145152509, 0.0281739607453, 0.0247853230685, 0.0180872101337, 0.0100983083248, 0.00290031661279, 0.00762595236301, 0.0253744833171, 0.0222439561039, 0.0154664246365, 0.0149702709168, 0.0182303469628, 0.0120245385915, 0.0598845556378, 0.0333136096597, 0.0181608460844, 0.00952906161547, 0.0199870634824, 0.0104560693726, 0.00387559062801, 0.00620027398691, 0.00264664180577, 0.00307989749126, 0.00428655464202, 0.00720879994333, 0.00311614130624, 0.000989228137769, 0.00143348402344, 0.000830845034216, 0.00068566511618, 0.000340218684869, 0.000547954754438, 0.000338919780916, 0.000565296213608, 0.000578570528887, 0.000524636649061, 0.000360767910024, 0.000315649696859, 0.000333481788402, 0.000453554181149, 0.000157894886797, 0.000447622936917, 0.000144547579112, 0.000228642471484, 0.000161203453899, 0.000241804795223, 0.000210759273614, 6.39131903881e-05, 5.83417240705e-05, 0.000101177691249, 0.000123132311273, 0.000133526162244, 0.000235779967625, 9.68933090917e-05, 2.65322705673e-05, 0.000106435792986, 6.22349180048e-05, 2.80877557088e-05, 5.13547493028e-05, 5.18293309142e-05, 4.4652075303e-05, 4.57508976979e-05, 5.47911986359e-05, 3.84760387533e-05, 4.24234494858e-05, 5.02233742736e-05, 4.92531398777e-05, 7.10170133971e-05, 6.3038256485e-05, 4.05271239288e-05, 2.30351270147e-05, 2.33866921917e-05, 1.50318928718e-05, 1.36254666359e-05, 1.38587720357e-05, 2.00898339244e-05, 9.59425688052e-06, 7.59985596233e-06, 8.45779504743e-06, 1.13328142106e-05, 7.52698906581e-06, 4.35915853814e-06, 2.70229566013e-06, 3.06179981635e-06, 4.51596997664e-06, 6.94650361766e-06, 3.31808882947e-06, 2.30828595704e-06, 1.96508267436e-06, 4.03343989319e-07, 1.00071581244e-07, 7.75636195272e-08, 1.71153438089e-08, 8.70656491347e-10, 8.71087757481e-10, 9.64242241608e-10, 8.52149795172e-10, 8.5604290323e-10, 8.50602921432e-10, 8.33083657614e-10, 8.19525280971e-10, 8.12280964713e-10, 7.94277421612e-10, 7.82644393738e-10, 7.61373075697e-10, 7.44091177562e-10, 7.30264682058e-10, 7.24046989031e-10, 7.14919679012e-10, 7.04414193642e-10, 6.86797341221e-10, 6.77342126831e-10, 6.64782173754e-10, 6.60673182828e-10, 6.55152432305e-10, 6.49655385043e-10, 6.43130382283e-10, 6.4011657086e-10],
        "mean": [2.05703072425e-05, 9.92978384602e-05, 9.17440338526e-05, 6.83036414557e-05, 7.01234748703e-05, 4.12939953094e-05, 4.5341301302e-05, 0.000127708670334, 0.000238092165091, 0.000618133810349, 0.000953735958319, 0.000858930230606, 0.000589586037677, 0.00032666392508, 0.000194186519366, 0.000103747945104, 0.000176782763447, 0.000421647739131, 0.000525708484929, 0.000369973742636, 0.000277623650618, 0.000200963055249, 0.000142546676216, 0.000259278749581, 0.000355804222636, 0.000312884192681, 0.000207766075619, 0.000140857329825, 9.95541267912e-05, 6.10761562712e-05, 6.71001762385e-05, 6.98457151884e-05, 6.47296183161e-05, 6.19066559011e-05, 6.37437624391e-05, 3.16821569868e-05, 2.39261044044e-05, 2.28759381571e-05, 1.89566708286e-05, 2.13463426917e-05, 1.4038034351e-05, 1.33046287374e-05, 1.35807849801e-05, 1.78187656275e-05, 1.72689633473e-05, 1.5711195374e-05, 1.48132930917e-05, 1.309698564e-05, 1.07696632767e-05, 1.19203905342e-05, 8.43843372422e-06, 8.40517532197e-06, 6.64051822241e-06, 7.21052128938e-06, 7.26227972336e-06, 7.60329021432e-06, 5.99304939897e-06, 4.5195461098e-06, 3.77423225473e-06, 4.51643427368e-06, 5.56936765861e-06, 6.04881142863e-06, 7.59325166655e-06, 5.03217415826e-06, 2.89456670544e-06, 2.9515465485e-06, 2.25417079491e-06, 1.83894530892e-06, 1.86273825875e-06, 2.39076462094e-06, 3.02719354295e-06, 3.34104083777e-06, 2.87775765173e-06, 2.73268642559e-06, 2.45418891609e-06, 2.73053888122e-06, 3.81338622901e-06, 2.99083490063e-06, 2.80677204501e-06, 1.97891608877e-06, 1.38308826081e-06, 1.28473504901e-06, 1.09686880023e-06, 8.52886103075e-07, 8.03827902018e-07, 8.20850004857e-07, 7.15409385066e-07, 6.14191264958e-07, 6.05990067015e-07, 5.83401458698e-07, 4.63788268235e-07, 3.4597636045e-07, 2.88249992764e-07, 2.44225560664e-07, 1.68747547491e-07, 1.5984159063e-07, 1.21694284871e-07, 8.13003921962e-08, 5.49005854111e-08, 3.04884615332e-08, 8.48116865626e-09, 6.526554297e-10, 1.34609129399e-10, 1.02441813712e-11, 8.87813260408e-12, 1.64463876545e-11, 1.68401247808e-11, 2.04673673843e-11, 7.65775030193e-12, 4.42348588314e-12, 4.2741366002e-12, 4.2545233829e-12, 4.22121105431e-12, 4.10474865903e-12, 4.00050348751e-12, 3.93566169238e-12, 3.83602741585e-12, 3.56578373599e-12, 3.45986260475e-12, 3.3916684565e-12, 3.30136959437e-12, 3.24420742007e-12, 3.20410733536e-12, 3.15210206027e-12, 3.02130521122e-12, 2.82542674153e-12, 2.71265562096e-12, 2.68657361982e-12],
        "min": [4.20283593842e-25, 1.87885171164e-24, 5.16231020111e-25, 1.1521717812e-24, 4.07251177814e-24, 3.29976067478e-23, 5.72506083198e-23, 4.7796290231e-23, 4.43630255765e-23, 2.81903231013e-23, 5.88464952303e-24, 3.95634806555e-24, 3.50997033346e-24, 7.51963809924e-25, 3.49141514168e-24, 3.80353308643e-24, 2.02314202316e-23, 6.80027998129e-24, 2.99929432394e-24, 5.03029620216e-24, 9.92761806584e-24, 3.86890086205e-24, 9.77502100955e-25, 8.15550278455e-24, 5.12077318374e-23, 4.06945636209e-23, 2.10188327882e-23, 8.57069763391e-24, 4.3734831183e-24, 2.24278874596e-24, 6.1315531256e-24, 3.27534700749e-23, 2.71644347376e-23, 1.1181913216e-23, 1.49299751813e-23, 1.36831836761e-23, 2.83234473234e-24, 7.69289739479e-24, 2.08068358862e-23, 6.29138896677e-24, 2.27389905348e-24, 3.73189465547e-24, 1.81354152287e-24, 2.60822540486e-24, 8.47633409243e-24, 1.2160024219e-23, 1.30855489652e-23, 6.86274750979e-24, 1.05160783244e-23, 3.42075923698e-24, 1.6460560975e-23, 1.60081713339e-23, 9.20446059655e-24, 9.30607061431e-24, 9.82997128527e-24, 2.70477842978e-23, 9.63877348995e-24, 8.97154783657e-24, 4.71464731601e-24, 1.18282995309e-23, 7.42760031692e-24, 4.23835518954e-24, 1.74657401622e-23, 1.70996061502e-23, 2.44168621814e-23, 1.18548959763e-23, 1.27196389897e-23, 2.3081161319e-23, 1.15884818714e-23, 5.4632431829e-24, 1.02314983306e-23, 6.9886954642e-24, 1.26002693464e-23, 1.71926380945e-23, 8.20472060529e-24, 8.51339241117e-24, 3.67733624641e-24, 1.45238948309e-23, 1.79776493585e-23, 1.26754099253e-23, 6.25458190023e-24, 5.39560388231e-24, 1.31021434432e-23, 1.10024292163e-23, 1.49218010046e-23, 1.43054687125e-23, 1.48206027723e-23, 1.55887734337e-23, 9.06867002463e-24, 8.50848332976e-24, 1.13211077228e-23, 6.47449502136e-24, 6.68690804743e-24, 8.02877149127e-24, 1.07092940259e-23, 9.02869213168e-24, 7.82881812876e-24, 9.42708661034e-24, 7.86178462599e-24, 1.04530325609e-23, 1.1858368542e-23, 7.98359973811e-24, 1.33292517646e-23, 6.4727327061e-24, 1.19116403189e-23, 1.24347821057e-23, 7.15662028509e-24, 1.11149578578e-23, 1.1925336522e-23, 1.02544510275e-23, 1.18164484735e-23, 9.80601910161e-24, 7.1782934496e-24, 1.17548155598e-23, 1.61167359494e-23, 8.1927243975e-24, 8.51814293154e-24, 9.78177661713e-24, 1.08879386777e-23, 1.21937456561e-23, 5.52376814143e-24, 7.96761189415e-24, 9.0909876885e-24, 1.00611698505e-23, 1.59934890548e-23, 1.28111673651e-23, 1.29795481476e-23, 9.3100157077e-24],
        "stdev": [2.192683678e-05, 0.000102769066871, 0.000104613827716, 7.00325981597e-05, 6.69387518428e-05, 4.2839350499e-05, 0.000103934493382, 0.000367889384506, 0.000586411217228, 0.00189340056386, 0.00290407589637, 0.00291551463306, 0.00226112012751, 0.00129712582566, 0.00075892166933, 0.000279010098893, 0.000634068332147, 0.00193731382024, 0.00226406101137, 0.00153307197616, 0.00125005131122, 0.0010446109809, 0.000804592680652, 0.00266771856695, 0.00206396449357, 0.00126042379998, 0.000889928429388, 0.000982027617283, 0.000677966163494, 0.00026026298292, 0.000335997465299, 0.00025842039031, 0.000254552520346, 0.000344723957824, 0.00048412164324, 0.000163663469721, 9.35162825044e-05, 9.5851442893e-05, 6.03379885433e-05, 6.50895090075e-05, 3.78593358619e-05, 4.13854249928e-05, 3.48922076228e-05, 5.60375738132e-05, 4.96845277667e-05, 4.57703754364e-05, 3.99515665777e-05, 3.57729804819e-05, 3.05526300508e-05, 3.75740710297e-05, 1.95498214453e-05, 2.80477870547e-05, 1.67897869687e-05, 1.9032650016e-05, 1.68159713212e-05, 2.17540273297e-05, 1.50543010022e-05, 7.77698642196e-06, 6.70926829116e-06, 8.49459047458e-06, 1.0472215763e-05, 1.35220889206e-05, 1.99619080377e-05, 1.06278839667e-05, 3.51695393874e-06, 7.35519915906e-06, 3.91216553908e-06, 2.69900056082e-06, 3.668035788e-06, 4.48491073257e-06, 4.99951056554e-06, 5.31157547812e-06, 5.23837297806e-06, 4.44307670477e-06, 4.12038389186e-06, 4.55531835541e-06, 4.5913861868e-06, 6.07145830145e-06, 5.79367679165e-06, 3.56624195774e-06, 2.19123194256e-06, 2.03644844987e-06, 1.85422857157e-06, 1.45455169331e-06, 1.49408515426e-06, 1.61104037488e-06, 1.1760396319e-06, 9.41200823945e-07, 1.00871420727e-06, 1.09461439024e-06, 7.51029176627e-07, 4.96192001265e-07, 3.49984389914e-07, 3.3362027807e-07, 3.00158973232e-07, 3.79530405326e-07, 2.38960865317e-07, 1.72117808006e-07, 1.23658765006e-07, 5.12581586065e-08, 1.10250679697e-08, 4.30492175241e-09, 1.11340048292e-09, 4.87431622842e-11, 4.38454723917e-11, 8.51843803829e-11, 7.04918554084e-11, 4.27504351364e-11, 3.68022314012e-11, 3.57630695891e-11, 3.51676777977e-11, 3.48377021675e-11, 3.40516885522e-11, 3.35414092334e-11, 3.26289516239e-11, 3.18826492984e-11, 3.12845825634e-11, 3.1010805035e-11, 3.06139280593e-11, 3.01600480701e-11, 2.94072301232e-11, 2.89977399731e-11, 2.84597987538e-11, 2.82805567159e-11, 2.80449274914e-11, 2.78152535726e-11, 2.75401316335e-11, 2.74113856613e-11]
    },
    "mfcc": {
        "mean": [-708.92980957, 106.06968689, -4.04344797134, 39.7278060913, -20.7113265991, 7.7893242836, -15.5015888214, 4.66775655746, -6.74091672897, 5.59645748138, -7.24992465973, 5.77078723907, -10.7112026215],
        "cov": [[4587.59082031, 1313.24194336, -803.377868652, -210.658615112, -448.039245605, -148.464416504, -148.568069458, -93.7688751221, -7.65170145035, -0.603643715382, -114.8985672, 23.18791008, -202.626617432], [1313.24194336, 1001.2935791, -335.952911377, -95.3347549438, -327.627624512, -279.205657959, 7.8899064064, -123.488967896, -15.3011245728, -30.8720474243, -72.4896011353, -45.8568267822, -151.659637451], [-803.377868652, -335.952911377, 937.145690918, 417.367767334, 138.071487427, -17.6252861023, -106.374526978, -9.31406211853, -47.4082832336, -43.6187286377, 40.0050430298, -18.9858608246, 38.9683685303], [-210.658615112, -95.3347549438, 417.367767334, 619.631591797, 155.815658569, -168.168655396, -158.904434204, -64.4637145996, -0.0620101056993, -42.5793151855, 5.83316040039, 45.583896637, -23.0697898865], [-448.039245605, -327.627624512, 138.071487427, 155.815658569, 353.57119751, 76.0991287231, -121.678153992, 29.0324172974, -5.43179225922, 24.8037376404, 43.0635299683, 24.8040142059, 55.2571563721], [-148.464416504, -279.205657959, -17.6252861023, -168.168655396, 76.0991287231, 270.132171631, 96.6569747925, 81.489730835, -18.0949516296, 35.4570198059, 26.7827510834, -10.3620052338, 64.6924285889], [-148.568069458, 7.8899064064, -106.374526978, -158.904434204, -121.678153992, 96.6569747925, 249.727294922, 47.3513679504, -15.7118835449, 7.99270963669, -6.91343784332, -19.1826114655, 20.5934791565], [-93.7688751221, -123.488967896, -9.31406211853, -64.4637145996, 29.0324172974, 81.489730835, 47.3513679504, 103.361549377, 16.5211200714, 10.2399206161, 5.20654201508, -0.671280741692, 32.0000152588], [-7.65170145035, -15.3011245728, -47.4082832336, -0.0620101056993, -5.43179225922, -18.0949516296, -15.7118835449, 16.5211200714, 82.8723983765, 11.4464015961, 0.164154306054, 1.02823543549, -15.0318603516], [-0.603643715382, -30.8720474243, -43.6187286377, -42.5793151855, 24.8037376404, 35.4570198059, 7.99270963669, 10.2399206161, 11.4464015961, 73.0682525635, 29.7491588593, -5.13103532791, 5.6783323288], [-114.8985672, -72.4896011353, 40.0050430298, 5.83316040039, 43.0635299683, 26.7827510834, -6.91343784332, 5.20654201508, 0.164154306054, 29.7491588593, 73.9087600708, 10.2967863083, 8.80314064026], [23.18791008, -45.8568267822, -18.9858608246, 45.583896637, 24.8040142059, -10.3620052338, -19.1826114655, -0.671280741692, 1.02823543549, -5.13103532791, 10.2967863083, 60.6055755615, 14.8842353821], [-202.626617432, -151.659637451, 38.9683685303, -23.0697898865, 55.2571563721, 64.6924285889, 20.5934791565, 32.0000152588, -15.0318603516, 5.6783323288, 8.80314064026, 14.8842353821, 87.5148544312]],
        "icov": [[0.000600210449193, -0.000949765904807, 0.000329499482177, -0.000439660449047, 0.00073801598046, -0.00142483203672, 0.00122230569832, -0.000550112279598, 0.000223830793402, -0.000300678424537, 0.00031168962596, -0.000796837499365, 0.000144092147821], [-0.000949765904807, 0.00430945586413, 0.000294686906273, 0.000858409272041, 0.000199658621568, 0.00445802602917, -0.00174294947647, 0.00133489386644, 0.00151183421258, 0.00014105621085, -0.000114592294267, 0.00281544355676, 0.00164787983522], [0.000329499482177, 0.000294686906273, 0.00254494952969, -0.00198857742362, 0.00138600904029, -0.000865878828336, 0.00145220989361, -0.000745524535887, 0.00156261853408, 0.000942980579566, -0.00137730094139, 0.00260618282482, -0.0007855060976], [-0.000439660449047, 0.000858409272041, -0.00198857742362, 0.00459222262725, -0.00263195578009, 0.00353439641185, -0.00150672334712, 0.0014650762314, -0.00073211977724, 0.000445078680059, 0.000863093242515, -0.00253358623013, 0.00162308919244], [0.00073801598046, 0.000199658621568, 0.00138600904029, -0.00263195578009, 0.00775483436882, -0.00354396668263, 0.00518452050164, -0.00197716336697, 0.0019254765939, -0.00151632074267, -0.00108921690844, 0.000534404360224, -0.00158212799579], [-0.00142483203672, 0.00445802602917, -0.000865878828336, 0.00353439641185, -0.00354396668263, 0.0134947383776, -0.00545268598944, -0.00106248049997, 0.00211339839734, -0.000877336133271, -0.000962576537859, 0.00314580672421, -0.000340678379871], [0.00122230569832, -0.00174294947647, 0.00145220989361, -0.00150672334712, 0.00518452050164, -0.00545268598944, 0.0100046014413, -0.0034568568226, 0.0022518823389, -0.000758540409151, 8.94224649528e-05, 4.00243989134e-05, -0.00114704680163], [-0.000550112279598, 0.00133489386644, -0.000745524535887, 0.0014650762314, -0.00197716336697, -0.00106248049997, -0.0034568568226, 0.0159547626972, -0.00497557362542, 0.000986062805168, 0.000686136656441, 0.000199119458557, -0.0022503528744], [0.000223830793402, 0.00151183421258, 0.00156261853408, -0.00073211977724, 0.0019254765939, 0.00211339839734, 0.0022518823389, -0.00497557362542, 0.0163171645254, -0.00299256551079, 0.000338152196491, 0.000863312277943, 0.0035768377129], [-0.000300678424537, 0.00014105621085, 0.000942980579566, 0.000445078680059, -0.00151632074267, -0.000877336133271, -0.000758540409151, 0.000986062805168, -0.00299256551079, 0.0195447206497, -0.00808261334896, 0.00373197649606, -0.000934246054385], [0.00031168962596, -0.000114592294267, -0.00137730094139, 0.000863093242515, -0.00108921690844, -0.000962576537859, 8.94224649528e-05, 0.000686136656441, 0.000338152196491, -0.00808261334896, 0.0192887783051, -0.00544234737754, 0.00205911160447], [-0.000796837499365, 0.00281544355676, 0.00260618282482, -0.00253358623013, 0.000534404360224, 0.00314580672421, 4.00243989134e-05, 0.000199119458557, 0.000863312277943, 0.00373197649606, -0.00544234737754, 0.0245076324791, -0.0052539287135], [0.000144092147821, 0.00164787983522, -0.0007855060976, 0.00162308919244, -0.00158212799579, -0.000340678379871, -0.00114704680163, -0.0022503528744, 0.0035768377129, -0.000934246054385, 0.00205911160447, -0.0052539287135, 0.0190985836089]]
    },
    "spectral_contrast_coeffs": {
        "max": [-0.362937450409, -0.460145294666, -0.42800450325, -0.664594769478, -0.648420751095, -0.532109856606],
        "mean": [-0.712765276432, -0.76997834444, -0.796881377697, -0.827150821686, -0.813252091408, -0.673056125641],
        "min": [-0.973092317581, -0.965789377689, -0.961657762527, -0.966219544411, -0.959047615528, -0.960251450539],
        "stdev": [0.114640079439, 0.102480687201, 0.0885015651584, 0.0501780882478, 0.037605304271, 0.0453669577837]
    },
    "spectral_contrast_valleys": {
        "max": [-6.13509845734, -5.30806827545, -5.24500465393, -5.73919773102, -6.66485071182, -9.9307012558],
        "mean": [-7.63073396683, -7.25349140167, -8.09460735321, -8.27202510834, -7.894135952, -11.4773216248],
        "min": [-27.0132427216, -26.9356536865, -27.3309307098, -27.0907344818, -27.1941356659, -27.2559108734],
        "stdev": [1.25711143017, 1.30448043346, 1.35972416401, 1.30678892136, 1.14731514454, 0.957437634468]
    }
},
"rhythm": {
    "beats_count": 16,
    "beats_loudness": {
        "max": 0.0854624584317,
        "mean": 0.0301839802414,
        "min": 0.000458185299067,
        "stdev": 0.0282897986472
    },
    "bpm": 78.0938491821,
    "bpm_histogram_first_peak_bpm": 73,
    "bpm_histogram_first_peak_weight": 0.5,
    "bpm_histogram_second_peak_bpm": 78,
    "bpm_histogram_second_peak_spread": 0.5,
    "bpm_histogram_second_peak_weight": 0.20000000298,
    "danceability": 1.19572651386,
    "onset_rate": 3.76194262505,
    "beats_loudness_band_ratio": {
        "max": [0.60563313961, 0.710912525654, 0.850013554096, 0.493839770555, 0.417295515537, 0.323446124792],
        "mean": [0.129342839122, 0.255416125059, 0.37466609478, 0.119236022234, 0.0679785236716, 0.0792252421379],
        "min": [0.00694458233193, 0.0297491364181, 0.0391007848084, 0.000462941534352, 0.00144454301335, 0.00336303771473],
        "stdev": [0.177406534553, 0.222649812698, 0.315784931183, 0.167701154947, 0.096592143178, 0.0973557680845]
    },
    "beats_position": [0.824308395386, 1.66022670269, 2.48453521729, 3.30884337425, 4.13315200806, 4.91102027893, 5.6888885498, 6.44353723526, 7.19818592072, 7.94122457504, 8.66104316711, 9.42730140686, 10.2167797089, 11.0062580109, 11.7725172043, 12.538775444],
