{
"metadata": {
    "version": {
        "essentia": "2.1-beta5",
        "essentia_git_sha": "Undefined",
        "extractor": "music 2.0"
    },
    "audio_properties": {
        "analysis": {
            "equal_loudness": 0,
            "length": 19.9111118317,
            "sample_rate": 44100,
            "start_time": 191.518188477,
            "downmix": "mix"
        },
        "bit_rate": 192000,
        "length": 211.452514648,
        "lossless": 0,
        "number_channels": 1,
        "replay_gain": -9.24660682678,
        "sample_rate": 48000,
        "codec": "mp3",
        "md5_encoded": "7ea92fde089eb20931e832cb995ef580"
    },
    "tags": {
        "file_name": "Sweden_Augustin_Brita Borg.mp3",
        "encoding": ["Lavf58.29.100"]
    }
},
"lowlevel": {
    "average_loudness": 0.886757910252,
    "barkbands_crest": {
        "max": 26.8213539124,
        "mean": 6.04490041733,
        "min": 2.32721877098,
        "stdev": 3.47024178505
    },
    "barkbands_flatness_db": {
        "max": 0.397157758474,
        "mean": 0.146091848612,
        "min": 0.0390376448631,
        "stdev": 0.0336318202317
    },
    "barkbands_kurtosis": {
        "max": 394.696960449,
        "mean": 1.284527421,
        "min": -1.56353640556,
        "stdev": 14.6242694855
    },
    "barkbands_skewness": {
        "max": 19.5811328888,
        "mean": 0.415468126535,
        "min": -0.893281280994,
        "stdev": 1.03450453281
    },
    "barkbands_spread": {
        "max": 112.626296997,
        "mean": 17.272108078,
        "min": 1.31238996983,
        "stdev": 9.96328258514
    },
    "dissonance": {
        "max": 0.499997168779,
        "mean": 0.480771869421,
        "min": 0.348557770252,
        "stdev": 0.0208238270134
    },
    "dynamic_complexity": 3.41105937958,
    "erbbands_crest": {
        "max": 25.0571880341,
        "mean": 7.04517698288,
        "min": 2.75150036812,
        "stdev": 2.6339161396
    },
    "erbbands_flatness_db": {
        "max": 0.309974640608,
        "mean": 0.229872792959,
        "min": 0.0479924753308,
        "stdev": 0.0249672811478
    },
    "erbbands_kurtosis": {
        "max": 7.44266986847,
        "mean": 0.55095410347,
        "min": -1.49760437012,
        "stdev": 0.89366710186
    },
    "erbbands_skewness": {
        "max": 2.75068593025,
        "mean": 0.2657982409,
        "min": -1.46935963631,
        "stdev": 0.448691099882
    },
    "erbbands_spread": {
        "max": 61.7555160522,
        "mean": 21.3852519989,
        "min": 8.21650695801,
        "stdev": 7.82508707047
    },
    "hfc": {
        "max": 70.4973983765,
        "mean": 14.7190656662,
        "min": 2.96668254407e-08,
        "stdev": 10.4370727539
    },
    "loudness_ebu128": {
        "integrated": -19.6436347961,
        "loudness_range": 4.09029006958,
        "momentary": {
            "max": -14.1093330383,
            "mean": -21.0328159332,
            "min": -70.0642166138,
            "stdev": 4.90953779221
        },
        "short_term": {
            "max": -17.434715271,
            "mean": -19.9731349945,
            "min": -23.978017807,
            "stdev": 1.616060853
        }
    },
    "melbands_crest": {
        "max": 39.7625656128,
        "mean": 7.33639574051,
        "min": 3.04508948326,
        "stdev": 4.85804653168
    },
    "melbands_flatness_db": {
        "max": 0.369554847479,
        "mean": 0.131191298366,
        "min": 0.0432477854192,
        "stdev": 0.0468980334699
    },
    "melbands_kurtosis": {
        "max": 437.154876709,
        "mean": 2.78825998306,
        "min": -0.916130781174,
        "stdev": 18.6851844788
    },
    "melbands_skewness": {
        "max": 19.8469238281,
        "mean": 0.837468266487,
        "min": -0.788488328457,
        "stdev": 1.19930243492
    },
    "melbands_spread": {
        "max": 172.729446411,
        "mean": 30.3067264557,
        "min": 1.81412649155,
        "stdev": 14.1539993286
    },
    "pitch_salience": {
        "max": 0.868583261967,
        "mean": 0.747479140759,
        "min": 0.0160544626415,
        "stdev": 0.103549294174
    },
    "silence_rate_20dB": {
        "max": 1,
        "mean": 1,
        "min": 1,
        "stdev": 0
    },
    "silence_rate_30dB": {
        "max": 1,
        "mean": 1,
        "min": 1,
        "stdev": 0
    },
    "silence_rate_60dB": {
        "max": 1,
        "mean": 0.0814901068807,
        "min": 0,
        "stdev": 0.273587614298
    },
    "spectral_centroid": {
        "max": 4998.84570312,
        "mean": 1721.88476562,
        "min": 569.329101562,
        "stdev": 545.227905273
    },
    "spectral_complexity": {
        "max": 41,
        "mean": 24.1990680695,
        "min": 0,
        "stdev": 7.73836231232
    },
    "spectral_decrease": {
        "max": -4.77122409532e-18,
        "mean": -3.60365359775e-09,
        "min": -2.66075339539e-08,
        "stdev": 4.23848867115e-09
    },
    "spectral_energy": {
        "max": 0.105064444244,
        "mean": 0.0149360811338,
        "min": 2.0698578268e-11,
        "stdev": 0.0168734006584
    },
    "spectral_energyband_high": {
        "max": 0.00120883178897,
        "mean": 0.0002786196128,
        "min": 1.96131023748e-12,
        "stdev": 0.000160007941304
    },
    "spectral_energyband_low": {
        "max": 0.0239338129759,
        "mean": 0.000868383038323,
        "min": 7.41436859825e-12,
        "stdev": 0.00213937251829
    },
    "spectral_energyband_middle_high": {
        "max": 0.0342500805855,
        "mean": 0.00621271086857,
        "min": 6.35795452744e-12,
        "stdev": 0.00401483988389
    },
    "spectral_energyband_middle_low": {
        "max": 0.0990922302008,
        "mean": 0.00789413880557,
        "min": 5.75034648804e-13,
        "stdev": 0.0136696388945
    },
    "spectral_entropy": {
        "max": 9.03782653809,
        "mean": 7.77976465225,
        "min": 6.7807765007,
        "stdev": 0.272966653109
    },
    "spectral_flux": {
        "max": 0.25437054038,
        "mean": 0.0721882209182,
        "min": 7.79195761424e-06,
        "stdev": 0.0365796238184
    },
    "spectral_kurtosis": {
        "max": 12.8057918549,
        "mean": 3.24875664711,
        "min": -0.486812591553,
        "stdev": 1.9406440258
    },
    "spectral_rms": {
        "max": 0.010124322027,
        "mean": 0.00339121138677,
        "min": 1.42104667589e-07,
        "stdev": 0.00175256433431
    },
    "spectral_rolloff": {
        "max": 17183.4960938,
        "mean": 2061.67211914,
        "min": 21.533203125,
        "stdev": 1029.28564453
    },
    "spectral_skewness": {
        "max": 2.46576619148,
        "mean": 1.26502430439,
        "min": 0.279920399189,
        "stdev": 0.290031135082
    },
    "spectral_spread": {
        "max": 13694945,
        "mean": 3057975.25,
        "min": 2164696,
        "stdev": 887323.75
    },
    "spectral_strongpeak": {
        "max": 5.77210855484,
        "mean": 0.868360459805,
        "min": 0,
        "stdev": 0.74560958147
    },
    "zerocrossingrate": {
        "max": 0.60302734375,
        "mean": 0.076392993331,
        "min": 0,
        "stdev": 0.0340683348477
    },
    "barkbands": {
        "max": [0.000105423830973, 0.00393737340346, 0.0198463909328, 0.0128230769187, 0.0323786586523, 0.029524333775, 0.0883280783892, 0.0295182857662, 0.0294831506908, 0.00834187678993, 0.0198100470006, 0.021002009511, 0.0160850081593, 0.0213712956756, 0.0049435114488, 0.00261150370352, 0.00264308904298, 0.00098629295826, 0.00090535369236, 0.00178761035204, 0.000779907335527, 0.000386694620829, 0.00020856440824, 7.77750319685e-05, 5.34397122465e-06, 5.49793048776e-06, 5.85402949582e-06],
        "mean": [9.52196114667e-06, 0.000179854949238, 0.000453208602266, 0.00042805908015, 0.000984620768577, 0.00157788291108, 0.00254806433804, 0.0010166913271, 0.00114700384438, 0.000728032784536, 0.000776479952037, 0.000895999779459, 0.000999766285531, 0.000871224736329, 0.000804695591796, 0.000529884477146, 0.000351395137841, 0.000176508663571, 0.000116183640785, 0.000124652695376, 9.7568736237e-05, 5.6114167819e-05, 4.55362496723e-05, 1.66411409737e-05, 4.84171152948e-07, 7.13770687e-09, 7.28617788326e-09],
        "min": [5.77294375498e-12, 2.26151085705e-12, 4.03492233589e-15, 1.56136452491e-15, 2.22879864114e-14, 4.47867349489e-14, 6.09145573609e-14, 1.37341215332e-13, 6.93404277681e-14, 2.63802868439e-13, 4.1247859078e-13, 6.92096662099e-13, 4.78263967058e-13, 3.37418434122e-13, 4.83725201821e-13, 5.75034377753e-13, 5.84099229487e-13, 2.76238179466e-13, 2.90241707621e-13, 3.50198114864e-13, 3.36087088064e-13, 1.64534998039e-13, 2.38724296407e-13, 1.70856669199e-13, 3.30997843067e-13, 2.2935852436e-13, 2.31691727436e-13],
        "stdev": [1.14877711894e-05, 0.000414901820477, 0.0014393737074, 0.00115256907884, 0.0025603051763, 0.0035772966221, 0.00714466813952, 0.00260298280045, 0.00264314329252, 0.000773445877712, 0.00111211033072, 0.00107145635411, 0.00138517422602, 0.00118587969337, 0.000636075274087, 0.000353219686076, 0.000281497370452, 0.000116302566312, 0.000100213823316, 0.000143207464134, 7.92160135461e-05, 3.55703559762e-05, 2.59446969721e-05, 9.85251881502e-06, 3.99208460067e-07, 1.87454233469e-07, 1.99606304818e-07]
    },
    "erbbands": {
        "max": [0.0665970444679, 1.07685101032, 14.2615003586, 31.9554958344, 50.5978813171, 171.085098267, 203.912734985, 333.416717529, 1425.98840332, 834.786682129, 658.419433594, 726.055969238, 346.306915283, 322.871704102, 777.130371094, 684.340026855, 913.97845459, 1231.57263184, 228.957717896, 290.884063721, 132.121795654, 167.83782959, 62.8819923401, 48.3738708496, 59.8817520142, 67.7548599243, 37.9855461121, 32.8801040649, 12.8842000961, 19.3871021271, 6.44526338577, 3.03665351868, 0.728921353817, 0.0905268713832, 0.0398379564285, 0.0219532642514, 0.0101904673502, 0.00363747845404, 0.000851301359944, 0.000132264744025],
        "mean": [0.00314594805241, 0.0527100712061, 0.404150813818, 1.13940095901, 1.84484243393, 3.61198544502, 8.1477060318, 14.5994930267, 33.6334724426, 28.7869434357, 26.3525886536, 24.943687439, 21.1008548737, 27.4062271118, 34.2280693054, 36.039264679, 44.6659622192, 47.6705207825, 42.4936790466, 37.880027771, 27.3652191162, 19.7460536957, 11.0876522064, 6.61863136292, 6.12312793732, 5.62990427017, 4.63301181793, 3.27380132675, 2.11371135712, 1.67341375351, 1.2090177536, 0.583908855915, 0.156561002135, 0.0163721796125, 0.00058180448832, 7.94728257461e-05, 2.63430538325e-05, 8.81034702616e-06, 9.94407764665e-06, 1.83365027624e-05],
        "min": [1.95023205918e-10, 7.23541573877e-11, 3.8917282591e-11, 1.95555776433e-11, 2.18580605005e-11, 5.93572413443e-11, 2.17142678838e-10, 5.23809884356e-10, 7.05363434328e-10, 2.32975105874e-09, 2.11684869633e-09, 1.89802329409e-09, 2.97165092533e-09, 1.36443327747e-08, 1.94704128376e-08, 1.43858756019e-08, 2.19095639409e-08, 1.51995163122e-08, 2.72648321697e-08, 4.09856575345e-08, 3.16852712956e-08, 3.23277937753e-08, 1.48648249265e-08, 2.01363938857e-08, 1.01553414567e-08, 1.7014166076e-08, 1.37712206083e-08, 1.32216930737e-08, 6.9000174463e-09, 8.15476752791e-09, 5.18713116904e-09, 4.60340121577e-09, 2.61263455315e-09, 4.15775192053e-09, 1.59057556015e-09, 9.23609633219e-10, 4.60622096021e-10, 1.41123390751e-10, 3.14791179234e-11, 3.37295447649e-12],
        "stdev": [0.00527734961361, 0.11934992671, 1.0956209898, 3.32101249695, 4.0702958107, 11.6069974899, 19.3554897308, 35.997844696, 97.5798187256, 78.4603881836, 66.0192871094, 57.1394462585, 27.6212444305, 29.496629715, 45.2731208801, 36.8777542114, 59.8655662537, 72.2529907227, 31.3411445618, 28.4752235413, 18.5211963654, 15.1948490143, 7.17564201355, 4.37477254868, 6.97219133377, 6.12589502335, 3.88283157349, 2.62015128136, 1.32408285141, 1.12652659416, 0.696517586708, 0.338231414557, 0.0939068198204, 0.00971919577569, 0.00137043918949, 0.000747127982322, 0.000347073277226, 0.000123898571474, 2.992276859e-05, 1.96228575078e-05]
    },
    "gfcc": {
        "mean": [-64.2302932739, 119.176422119, -203.864562988, 36.8487129211, -78.5677032471, 14.4008131027, -28.4565792084, -18.5803890228, 7.47649621964, -20.1741676331, 7.79110050201, -16.8362159729, 3.50271940231],
        "cov": [[14379.6289062, 3318.82788086, -1646.99914551, 49.8376579285, -723.926452637, -388.295684814, -355.253814697, -748.69140625, 118.957893372, -538.385009766, 114.119163513, -493.312835693, 1.52338528633], [3318.82788086, 1180.03857422, -49.9666137695, 55.7317352295, -104.501983643, -302.560333252, -131.34312439, -212.175048828, 17.0904426575, -155.267791748, 36.5484237671, -145.518615723, -29.9997787476], [-1646.99914551, -49.9666137695, 577.929260254, 66.2182006836, 130.738525391, -140.8956604, -20.4130859375, 46.046245575, -42.5760231018, 41.4366607666, -5.85554790497, 32.7753219604, -35.3359260559], [49.8376579285, 55.7317352295, 66.2182006836, 190.818603516, 24.7373390198, -9.98818874359, -23.7583198547, 14.55697155, -2.01507329941, -17.1209659576, 2.04580259323, 2.40673851967, 3.93573713303], [-723.926452637, -104.501983643, 130.738525391, 24.7373390198, 114.52709198, 0.0154163744301, 12.9488105774, 31.7949237823, -13.4480848312, 17.208574295, -7.5959610939, 18.6162166595, -3.18097400665], [-388.295684814, -302.560333252, -140.8956604, -9.98818874359, 0.0154163744301, 211.52507019, 60.443031311, 44.254032135, 0.838580727577, 19.3379039764, -19.5319576263, 24.3006973267, 14.8500404358], [-355.253814697, -131.34312439, -20.4130859375, -23.7583198547, 12.9488105774, 60.443031311, 85.749382019, 45.68126297, 4.94080686569, 24.2872238159, -15.5779390335, 5.22863435745, -5.7582526207], [-748.69140625, -212.175048828, 46.046245575, 14.55697155, 31.7949237823, 44.254032135, 45.68126297, 107.701919556, 24.9382553101, 29.0195999146, -0.733035266399, 33.1410293579, 5.08147335052], [118.957893372, 17.0904426575, -42.5760231018, -2.01507329941, -13.4480848312, 0.838580727577, 4.94080686569, 24.9382553101, 47.5803413391, 10.4610958099, 9.31439304352, 2.62336564064, 1.15788888931], [-538.385009766, -155.267791748, 41.4366607666, -17.1209659576, 17.208574295, 19.3379039764, 24.2872238159, 29.0195999146, 10.4610958099, 64.8012161255, 9.65104198456, 15.1569690704, 0.55167299509], [114.119163513, 36.5484237671, -5.85554790497, 2.04580259323, -7.5959610939, -19.5319576263, -15.5779390335, -0.733035266399, 9.31439304352, 9.65104198456, 38.3905715942, 16.1877498627, 4.27991437912], [-493.312835693, -145.518615723, 32.7753219604, 2.40673851967, 18.6162166595, 24.3006973267, 5.22863435745, 33.1410293579, 2.62336564064, 15.1569690704, 16.1877498627, 60.9162826538, 22.6060943604], [1.52338528633, -29.9997787476, -35.3359260559, 3.93573713303, -3.18097400665, 14.8500404358, -5.7582526207, 5.08147335052, 1.15788888931, 0.55167299509, 4.27991437912, 22.6060943604, 42.2182655334]],
        "icov": [[0.00123886077199, -0.00331886275671, 0.00281532341614, -0.000543417176232, 0.0016729736235, -0.000971617700998, 0.000915983633604, 0.000279293366475, 0.000927062414121, -0.000405379978474, -9.82476703939e-05, 0.000173076303327, 0.000460274633951], [-0.00331886275671, 0.0174675732851, -0.0107657406479, 2.11609185499e-05, -0.00369989243336, 0.00758546730503, -0.00967905949801, 0.011540742591, -0.0156391244382, 0.0194006953388, -0.016158554703, 0.0169212110341, -0.00938393361866], [0.00281532341614, -0.0107657406479, 0.0126557396725, -0.00183546089102, 0.00088609784143, 0.000124446713016, 0.00684112962335, -0.00669372361153, 0.0120789874345, -0.0118933264166, 0.0103171681985, -0.0106602264568, 0.00926020182669], [-0.000543417176232, 2.11609185499e-05, -0.00183546089102, 0.00683340057731, -0.00175141822547, -0.00167505221907, 0.00286981812678, -0.00394466053694, 0.00118069211021, -9.17484612728e-06, 0.000870404066518, -0.000576600374188, -0.000626954773907], [0.0016729736235, -0.00369989243336, 0.00088609784143, -0.00175141822547, 0.015662111342, -0.00157906755339, -0.000227138094488, -0.000315530283842, 0.0024313593749, 5.25768191437e-05, 0.000301384163322, 0.000238202497712, -0.000267511612037], [-0.000971617700998, 0.00758546730503, 0.000124446713016, -0.00167505221907, -0.00157906755339, 0.0139149138704, -0.00714077334851, 0.0041450583376, -0.0035462519154, 0.00678219972178, -0.00233903154731, 0.00353611703031, -0.00244849524461], [0.000915983633604, -0.00967905949801, 0.00684112962335, 0.00286981812678, -0.000227138094488, -0.00714077334851, 0.0292880125344, -0.0191937107593, 0.0155783882365, -0.0218735020608, 0.0215645562857, -0.0143184876069, 0.0126863513142], [0.000279293366475, 0.011540742591, -0.00669372361153, -0.00394466053694, -0.000315530283842, 0.0041450583376, -0.0191937107593, 0.039069801569, -0.0316343046725, 0.026137271896, -0.022703493014, 0.0180147401989, -0.0126648023725], [0.000927062414121, -0.0156391244382, 0.0120789874345, 0.00118069211021, 0.0024313593749, -0.0035462519154, 0.0155783882365, -0.0316343046725, 0.0551180243492, -0.0348336398602, 0.0227009765804, -0.0257735867053, 0.0166591443121], [-0.000405379978474, 0.0194006953388, -0.0118933264166, -9.17484612728e-06, 5.25768191437e-05, 0.00678219972178, -0.0218735020608, 0.026137271896, -0.0348336398602, 0.0638836622238, -0.0461728870869, 0.0402117706835, -0.021394379437], [-9.82476703939e-05, -0.016158554703, 0.0103171681985, 0.000870404066518, 0.000301384163322, -0.00233903154731, 0.0215645562857, -0.022703493014, 0.0227009765804, -0.0461728870869, 0.0758596658707, -0.0521162264049, 0.0237913839519], [0.000173076303327, 0.0169212110341, -0.0106602264568, -0.000576600374188, 0.000238202497712, 0.00353611703031, -0.0143184876069, 0.0180147401989, -0.0257735867053, 0.0402117706835, -0.0521162264049, 0.0719890818, -0.0352803468704], [0.000460274633951, -0.00938393361866, 0.00926020182669, -0.000626954773907, -0.000267511612037, -0.00244849524461, 0.0126863513142, -0.0126648023725, 0.0166591443121, -0.021394379437, 0.0237913839519, -0.0352803468704, 0.0452084802091]]
    },
    "melbands": {
        "max": [0.000874980702065, 0.00531923957169, 0.00438164919615, 0.00602546753362, 0.0054092858918, 0.00681956205517, 0.0209750514477, 0.0081366924569, 0.00617556925863, 0.00461449474096, 0.00166888046078, 0.00121253856923, 0.0023933169432, 0.00315155414864, 0.00102285295725, 0.00165829528123, 0.00221594865434, 0.000373559305444, 0.000465713761514, 0.00022531778086, 0.000166445985087, 0.000227213997277, 0.000144502715557, 4.66977289761e-05, 3.92003385059e-05, 3.73529255739e-05, 7.001539052e-05, 4.26476835855e-05, 3.01259606204e-05, 2.04301832127e-05, 1.71821448021e-05, 8.61122589413e-06, 1.02132407847e-05, 8.76662397786e-06, 3.58463967132e-06, 3.50584514308e-06, 1.41494444961e-06, 6.56633176277e-07, 2.57521350022e-07, 5.02834467397e-08],
        "mean": [3.85826315323e-05, 0.000170673025423, 0.000213324514334, 0.000190255930647, 0.000260833563516, 0.000330939481501, 0.000524265691638, 0.000287462840788, 0.000221118243644, 0.00015020101273, 0.000103807906271, 0.000108904612716, 0.000110523353214, 0.000103744991065, 8.86449342943e-05, 0.000105744518805, 8.47049013828e-05, 6.70216031722e-05, 6.12878575339e-05, 4.05104728998e-05, 3.00661376968e-05, 2.15415257117e-05, 1.32834647957e-05, 7.58306759963e-06, 5.05441948917e-06, 4.30310046795e-06, 4.51480673291e-06, 3.559910283e-06, 3.02899502458e-06, 2.44384091275e-06, 1.68562110048e-06, 1.22178528272e-06, 9.78649154604e-07, 9.20684215089e-07, 7.37637606107e-07, 5.13185852924e-07, 2.95870080436e-07, 1.25418466723e-07, 3.66840318122e-08, 3.84507892193e-09],
        "min": [1.66112653147e-12, 5.29078547602e-15, 1.61683343038e-15, 2.26932959119e-15, 6.70463593092e-15, 1.33833966994e-14, 1.07717306957e-14, 3.81152730634e-14, 1.69768696036e-14, 1.05657051779e-14, 1.38295865509e-14, 5.11219383069e-14, 5.28742766801e-14, 6.61417264274e-14, 1.30140437475e-14, 4.5824445177e-14, 2.31094101646e-14, 4.20754197542e-14, 3.0408831784e-14, 4.85185825435e-14, 3.65374946281e-14, 3.90301499616e-14, 1.15313007149e-14, 1.30078273727e-14, 1.7489565094e-14, 7.7418167634e-15, 5.77679985214e-15, 1.37526827356e-14, 9.50614997011e-15, 8.57699124939e-15, 6.53482827136e-15, 4.48800322399e-15, 2.07522479154e-15, 6.30063382584e-15, 3.62557926457e-15, 2.2013327508e-15, 2.7554748339e-15, 1.353620589e-15, 3.81981154267e-15, 3.13461821604e-15],
        "stdev": [8.36355466163e-05, 0.000425316713518, 0.000503837305587, 0.000524633505847, 0.000603921245784, 0.000777989916969, 0.00147692754399, 0.000756201101467, 0.000570849515498, 0.000333286967361, 0.000134968722705, 0.000117140203656, 0.000143599929288, 0.000150101142935, 7.74464788265e-05, 0.000167890902958, 0.000128565006889, 5.16077052453e-05, 5.0838709285e-05, 2.90140596917e-05, 2.2993879611e-05, 1.79020717042e-05, 1.07431887955e-05, 5.26231679032e-06, 3.59481464329e-06, 4.32738670497e-06, 7.014421044e-06, 3.81788277082e-06, 2.62705975729e-06, 2.2561384867e-06, 1.38448206144e-06, 8.54862605593e-07, 6.89599801262e-07, 6.33071749689e-07, 4.43951449824e-07, 3.21520445823e-07, 1.84995741392e-07, 8.32933721995e-08, 2.29829257847e-08, 3.36451755345e-09]
    },
    "melbands128": {
        "max": [6.2954495661e-05, 0.000281115877442, 0.0015332774492, 0.00214036344551, 0.00435886066407, 0.0114948721603, 0.00832866784185, 0.00464918138459, 0.00447042053565, 0.0112325595692, 0.0123283024877, 0.0118156932294, 0.00980373378843, 0.0109749259427, 0.0080538103357, 0.0126999020576, 0.0198897868395, 0.0391632653773, 0.0235533919185, 0.0156084094197, 0.00805583782494, 0.0117700742558, 0.0101815667003, 0.0123928813264, 0.00848477706313, 0.00649597914889, 0.00318206707016, 0.0027701142244, 0.00151958293281, 0.0010033918079, 0.00229003163986, 0.00189762725495, 0.00189744133968, 0.00507283350453, 0.00382943125442, 0.00501773040742, 0.000963711820077, 0.000628223584499, 0.00180905417074, 0.00414481339976, 0.00270049297251, 0.0044686938636, 0.0044565317221, 0.00150134204887, 0.000560753978789, 0.000522448099218, 0.000587190035731, 0.000617854529992, 0.000949137262069, 0.000337105419021, 0.000338795100106, 0.000215142266825, 0.000306719739456, 0.000232577614952, 0.000168053316884, 0.000512476370204, 0.000306732370518, 0.000313294294756, 6.7978813604e-05, 0.000122610610561, 6.43393796054e-05, 4.35959809693e-05, 4.44443467131e-05, 3.42398816429e-05, 5.88136754232e-05, 5.68671493966e-05, 5.79693769396e-05, 9.97946262942e-05, 0.000116410788905, 7.62896379456e-05, 5.87709982938e-05, 5.54715916223e-05, 3.94237140426e-05, 4.39921714133e-05, 2.35133829847e-05, 3.69355548173e-05, 2.27596410696e-05, 3.0761158996e-05, 1.72275977093e-05, 1.20496297313e-05, 1.19043779705e-05, 9.09322170628e-06, 9.01263592823e-06, 8.36137314764e-06, 2.42169335252e-05, 1.47408463818e-05, 6.65598918204e-06, 5.29776980329e-06, 3.66971062249e-06, 5.554280051e-06, 3.39276721206e-06, 3.97169651478e-06, 2.2265833195e-06, 1.98394786821e-06, 1.66039342275e-06, 1.19800233733e-06, 7.14230111498e-07, 4.39742649405e-07, 3.67930255152e-07, 2.41548775648e-07, 5.81932582122e-08, 5.13318276774e-08, 4.84501789799e-08, 4.63252796123e-08, 4.44288339452e-08, 4.26115782659e-08, 4.08337292868e-08, 3.97038064648e-08, 3.76379745148e-08, 3.60823229073e-08, 3.47457138616e-08, 3.34588179385e-08, 3.22260618191e-08, 3.11140055942e-08, 3.01570040051e-08, 2.90445196782e-08, 2.82912502314e-08, 2.7398836977e-08, 2.65591442172e-08, 2.58889087945e-08, 2.52838301407e-08, 2.47612170767e-08, 2.42582220977e-08, 2.38041089062e-08, 2.34920456421e-08, 2.32280275014e-08, 2.3026375473e-08, 2.29003092045e-08],
        "mean": [6.26741802989e-06, 1.89894344658e-05, 4.26175975008e-05, 9.29225134314e-05, 0.000165987716173, 0.000241648071096, 0.000238029737375, 0.000205345655559, 0.000172359024873, 0.000187576006283, 0.000200255904929, 0.0002114331146, 0.000282969209366, 0.000316924764775, 0.000308474205667, 0.000324117223499, 0.000460393348476, 0.000642434053589, 0.000512914266437, 0.000282576482277, 0.00019448112289, 0.000214178202441, 0.000224771458306, 0.00024349965679, 0.000156589361723, 0.00011978817929, 0.000108557724161, 9.61153855314e-05, 0.000106100953417, 0.000109848777356, 0.000108151893073, 0.00011198494758, 0.000107169165858, 0.000113251771836, 0.000113234098535, 0.000100148085039, 8.90769661055e-05, 8.80737643456e-05, 8.46869588713e-05, 0.000100408178696, 0.000116331109894, 0.000106097337266, 8.86250127223e-05, 7.01920580468e-05, 7.01529206708e-05, 6.39769496047e-05, 6.68339780532e-05, 6.70282970532e-05, 5.78537037654e-05, 4.71035782539e-05, 3.78476106562e-05, 3.37642777595e-05, 3.35189179168e-05, 2.75159109151e-05, 2.40016252064e-05, 2.22569633479e-05, 1.85617300303e-05, 1.48685930981e-05, 1.14450949695e-05, 9.72263387666e-06, 7.41048916097e-06, 6.09763310422e-06, 5.45040438737e-06, 4.76714058095e-06, 4.38374490841e-06, 4.1577736738e-06, 4.31133776146e-06, 4.6458376346e-06, 4.86741873829e-06, 3.83999213227e-06, 3.35754634762e-06, 3.59571208719e-06, 3.4322981719e-06, 2.84302564069e-06, 2.62887624558e-06, 2.70880377684e-06, 2.22380481318e-06, 2.00824138119e-06, 1.63708716627e-06, 1.34352308123e-06, 1.27195369259e-06, 1.18587888664e-06, 1.04770901999e-06, 9.65690333032e-07, 9.0070193437e-07, 9.39421511248e-07, 9.57561724135e-07, 8.26282018807e-07, 7.26847076749e-07, 6.86349096668e-07, 5.82327857046e-07, 4.65835341856e-07, 3.89250828903e-07, 3.14046928906e-07, 2.33574255049e-07, 1.55150289061e-07, 1.09446666841e-07, 6.65342341222e-08, 3.85508727163e-08, 2.15232756062e-08, 7.26477633606e-09, 8.7000844029e-11, 6.07699723876e-11, 5.77303031768e-11, 5.53152489091e-11, 5.30389586417e-11, 5.35351936393e-11, 6.27894403138e-11, 4.88094807627e-11, 4.48994834368e-11, 4.32325460153e-11, 4.16641651735e-11, 4.01847617681e-11, 3.87901447074e-11, 3.75806330499e-11, 3.6222032318e-11, 3.52777390633e-11, 3.41153667816e-11, 3.30755527134e-11, 3.2234766939e-11, 3.147819852e-11, 3.08296929652e-11, 3.02151116627e-11, 2.96463270599e-11, 2.92001006708e-11, 2.87744949395e-11, 2.84727311173e-11, 2.83094034326e-11],
        "min": [2.7162183093e-12, 2.0292205416e-12, 5.2409373499e-13, 5.77787431344e-15, 1.50118526923e-15, 2.00800065696e-15, 6.88544136038e-16, 5.21200548269e-16, 1.07805303093e-15, 1.0416173793e-15, 2.31616670152e-15, 2.56874451485e-15, 5.38472344157e-16, 1.12934318405e-14, 8.03461148931e-15, 6.27457062206e-15, 1.08352624019e-14, 7.41595895343e-15, 1.5639589233e-14, 1.18835681651e-14, 2.73445122204e-14, 7.35284483446e-15, 1.87450119175e-14, 1.31918080111e-14, 1.0277717364e-14, 4.19247978144e-15, 6.3046534207e-15, 1.16089643188e-14, 1.91403696278e-14, 5.37744355338e-14, 3.7374695217e-14, 2.32988575535e-14, 2.67289479666e-14, 3.11941499107e-14, 4.35435616329e-14, 2.36379028195e-14, 5.75083659824e-15, 4.47856261828e-15, 1.45649517566e-14, 4.3616474229e-14, 2.6872206649e-14, 2.82966873674e-14, 2.00326849564e-14, 1.26404022679e-14, 2.52138228644e-14, 2.4046890984e-14, 3.77773170818e-14, 1.69195729069e-14, 2.24645656759e-14, 5.07014000012e-14, 4.35434193314e-14, 1.91443286598e-14, 2.35193673348e-14, 3.39173981056e-14, 6.22484648462e-14, 4.09898386121e-14, 1.95308687571e-14, 6.21878969083e-15, 1.12453838965e-14, 1.64413482693e-14, 1.05685037748e-14, 9.1031571048e-15, 2.64103009481e-14, 1.67561277353e-14, 1.115867991e-14, 4.7737176015e-15, 9.42123915232e-15, 4.98432217944e-15, 4.18820946484e-15, 7.74491605695e-15, 9.47078380347e-15, 2.47401722047e-14, 1.04818404458e-14, 7.2676417903e-15, 6.16807401663e-15, 5.82364755039e-15, 1.18492802714e-14, 1.09915696269e-14, 4.87816354016e-15, 2.49897949319e-15, 6.90526711942e-15, 4.37600683364e-15, 1.39279808627e-15, 1.61038094514e-15, 3.13837099551e-15, 2.18955009898e-15, 1.0616533084e-14, 8.91305241825e-15, 1.44951520066e-15, 1.34959697074e-15, 1.26922497899e-15, 1.41954336334e-15, 5.93199153467e-15, 1.88694588451e-15, 1.90254187865e-15, 2.20423934435e-15, 9.41852885864e-16, 6.67743124435e-16, 1.60348090888e-15, 9.40033437918e-15, 2.69145269561e-15, 2.0931247153e-15, 2.77584788211e-15, 2.27586550917e-15, 2.08777527872e-15, 9.59611566878e-16, 9.44459312122e-16, 1.08420503122e-15, 1.92516443461e-15, 1.90546498935e-15, 1.79726097726e-15, 1.4814902709e-15, 1.51316485621e-15, 1.5387823089e-15, 7.90905632493e-16, 8.32970347445e-16, 1.74573564544e-15, 7.91527937012e-16, 5.31003895843e-16, 1.43139324839e-15, 7.77782074586e-16, 3.90837439596e-16, 2.34240905278e-15, 1.146433789e-15, 5.70367528605e-16, 1.95217509768e-16, 7.073094363e-17, 3.50916022403e-17],
        "stdev": [7.26146072338e-06, 2.0242174287e-05, 0.000123662975966, 0.000231503727264, 0.000407175190048, 0.000829541939311, 0.000815585081, 0.000509989680722, 0.000410624081269, 0.00071129295975, 0.000786254764535, 0.0007190151955, 0.000825439870823, 0.000834295002278, 0.000870045798365, 0.00117882492486, 0.00149085104931, 0.0022719069384, 0.00183299311902, 0.000988578773104, 0.000577793864068, 0.000742791686207, 0.000745374301914, 0.000810768920928, 0.000475105945952, 0.000305283931084, 0.000230526376981, 0.00016724850866, 0.000142271324876, 0.000125285092508, 0.000157825546921, 0.000176777408342, 0.000155206304044, 0.000230939389439, 0.000213662118767, 0.000207394288736, 9.73694041022e-05, 8.61235967022e-05, 0.000114763519377, 0.000214194893488, 0.000244686030783, 0.000263203430222, 0.000212857310544, 8.40679422254e-05, 7.1198301157e-05, 6.08274858678e-05, 6.73390459269e-05, 6.86712737661e-05, 6.51027876302e-05, 4.47695638286e-05, 3.74250194e-05, 2.92543027172e-05, 3.50294831151e-05, 2.75828988379e-05, 2.43282629526e-05, 2.7673848308e-05, 2.0817409677e-05, 1.9463865101e-05, 9.83184690995e-06, 9.58640612225e-06, 6.67244285069e-06, 5.32237709194e-06, 4.79317213831e-06, 4.25934376835e-06, 5.11680582349e-06, 4.61392392026e-06, 6.01429610469e-06, 8.32351634017e-06, 9.80587446975e-06, 6.18138801656e-06, 4.33553395851e-06, 4.75478054796e-06, 3.53939503839e-06, 2.77859385278e-06, 2.68088524535e-06, 3.49216816176e-06, 2.14898500417e-06, 2.18019249587e-06, 1.52622476435e-06, 1.21060725178e-06, 1.15643217669e-06, 1.00589261365e-06, 8.05356364708e-07, 8.11088568753e-07, 1.00994623153e-06, 8.1958910414e-07, 7.61271508054e-07, 6.29497947102e-07, 5.12601786795e-07, 5.39842915259e-07, 4.31272269452e-07, 3.49464841065e-07, 2.84829667407e-07, 2.38494294535e-07, 1.77620947284e-07, 1.27821962792e-07, 8.78868888776e-08, 4.85613007584e-08, 3.02181781819e-08, 1.83237283125e-08, 6.64776145243e-09, 1.75453429563e-09, 1.65199975921e-09, 1.57956336899e-09, 1.51489498723e-09, 1.45293643783e-09, 1.39223155227e-09, 1.35338085183e-09, 1.28328470073e-09, 1.23030963195e-09, 1.18472875954e-09, 1.14085163538e-09, 1.09881836963e-09, 1.06090114471e-09, 1.02826880344e-09, 9.90333814954e-10, 9.64650692659e-10, 9.34224697602e-10, 9.05590213929e-10, 8.82737327679e-10, 8.62105220545e-10, 8.44290082291e-10, 8.27138579851e-10, 8.11650802124e-10, 8.01016475371e-10, 7.92017063045e-10, 7.85139453452e-10, 7.80843778525e-10]
    },
    "mfcc": {
        "mean": [-657.438354492, 116.135932922, -50.9697723389, 4.82128620148, -18.9004955292, 14.7996425629, -20.884431839, 5.65548419952, -10.7561531067, 8.12985706329, -10.5960264206, 8.31179428101, -5.120906353],
        "cov": [[7714.06054688, 1727.99487305, -618.399414062, -76.8579711914, -327.654418945, 108.296867371, -291.410369873, -101.192871094, -218.214309692, 23.6274490356, -204.424942017, 45.3518028259, -95.3543243408], [1727.99487305, 872.041381836, 86.4154434204, 187.561691284, -14.7227191925, -86.9480438232, -118.032722473, -93.1905212402, -115.973068237, -19.1510543823, -74.3663253784, -5.4064116478, 5.29290103912], [-618.399414062, 86.4154434204, 286.255706787, 165.505477905, 73.9530258179, -60.0857276917, -6.12303876877, -30.5469856262, -26.9292736053, -28.1837921143, 1.16408443451, -17.7489013672, 22.7296772003], [-76.8579711914, 187.561691284, 165.505477905, 259.744750977, 79.1948928833, -62.1352577209, -23.587846756, -24.6274929047, -32.7974052429, -13.7131023407, -18.2781200409, -5.55292224884, 20.0325431824], [-327.654418945, -14.7227191925, 73.9530258179, 79.1948928833, 109.926681519, -12.9253435135, 0.608443558216, 3.64343070984, -9.92568492889, -12.5608654022, -6.29009580612, -12.5742139816, 11.9395332336], [108.296867371, -86.9480438232, -60.0857276917, -62.1352577209, -12.9253435135, 96.18019104, 29.7010765076, 12.0672168732, 13.5444841385, 6.90484762192, -1.9451969862, 0.0729977115989, -22.1534252167], [-291.410369873, -118.032722473, -6.12303876877, -23.587846756, 0.608443558216, 29.7010765076, 68.8462142944, 21.873884201, 27.16106987, 8.48132610321, 11.3769874573, -1.23517382145, -4.5866765976], [-101.192871094, -93.1905212402, -30.5469856262, -24.6274929047, 3.64343070984, 12.0672168732, 21.873884201, 83.5230484009, 29.5314292908, 8.50261592865, 10.100186348, 5.29221868515, 1.17808449268], [-218.214309692, -115.973068237, -26.9292736053, -32.7974052429, -9.92568492889, 13.5444841385, 27.16106987, 29.5314292908, 66.4428329468, 18.971950531, 16.2716236115, 5.48413324356, -3.29711532593], [23.6274490356, -19.1510543823, -28.1837921143, -13.7131023407, -12.5608654022, 6.90484762192, 8.48132610321, 8.50261592865, 18.971950531, 49.2390136719, 17.0393638611, 7.43585157394, 0.684046387672], [-204.424942017, -74.3663253784, 1.16408443451, -18.2781200409, -6.29009580612, -1.9451969862, 11.3769874573, 10.100186348, 16.2716236115, 17.0393638611, 50.4302978516, 11.9261598587, 4.20313167572], [45.3518028259, -5.4064116478, -17.7489013672, -5.55292224884, -12.5742139816, 0.0729977115989, -1.23517382145, 5.29221868515, 5.48413324356, 7.43585157394, 11.9261598587, 38.3545532227, 10.6156740189], [-95.3543243408, 5.29290103912, 22.7296772003, 20.0325431824, 11.9395332336, -22.1534252167, -4.5866765976, 1.17808449268, -3.29711532593, 0.684046387672, 4.20313167572, 10.6156740189, 44.4688720703]],
        "icov": [[0.000654948409647, -0.00133966060821, 0.00141248980071, -0.000215565087274, 0.000845173432026, -0.00135227141436, 0.00105789257213, -0.000555503123906, 0.000437044916907, -4.87149081891e-05, 0.000396330869989, -0.000182515737833, 0.000201488452149], [-0.00133966060821, 0.00506941322237, -0.00291306222789, -0.00095309613971, -0.000258144893451, 0.00342610152438, -0.000218858840526, 0.00171414145734, 0.00135691277683, -0.00117425760254, 0.00152044219431, 4.32687556895e-06, 0.000124377620523], [0.00141248980071, -0.00291306222789, 0.0100039690733, -0.00396027229726, 0.000451134139439, -0.00132678356022, 0.000509803474415, 0.000459144241177, 0.00103456166107, 0.00298812845722, -0.00224854494445, 0.00232979096472, -0.00100841687527], [-0.000215565087274, -0.00095309613971, -0.00396027229726, 0.00888338964432, -0.00462238863111, 0.00263769901358, -0.0010153678013, 9.03561085579e-05, -0.000214273808524, -0.00168142328039, 0.00192416540813, -0.00237636640668, 0.000517011387274], [0.000845173432026, -0.000258144893451, 0.000451134139439, -0.00462238863111, 0.0154221234843, -0.00316074001603, 0.00225474894978, -0.00256336503662, 0.00232819234952, 0.000980661134236, 0.00141327560414, 0.00374666647986, -0.00259055919014], [-0.00135227141436, 0.00342610152438, -0.00132678356022, 0.00263769901358, -0.00316074001603, 0.0191783886403, -0.00797883234918, 0.00154785555787, 0.000719667121302, -0.00139087520074, 0.00260212784633, -0.00200440734625, 0.00602868571877], [0.00105789257213, -0.000218858840526, 0.000509803474415, -0.0010153678013, 0.00225474894978, -0.00797883234918, 0.0243276376277, -0.00309313018806, -0.00352999474853, -0.00140327913687, -6.54256509733e-05, 0.00160043220967, -0.00011378628551], [-0.000555503123906, 0.00171414145734, 0.000459144241177, 9.03561085579e-05, -0.00256336503662, 0.00154785555787, -0.00309313018806, 0.0160142648965, -0.00509893847629, 0.00046810368076, -0.000687133113388, -0.000882035237737, -0.00106426829007], [0.000437044916907, 0.00135691277683, 0.00103456166107, -0.000214273808524, 0.00232819234952, 0.000719667121302, -0.00352999474853, -0.00509893847629, 0.0251982733607, -0.00672622583807, 0.000113917747512, -0.00145728955977, 0.00215667439625], [-4.87149081891e-05, -0.00117425760254, 0.00298812845722, -0.00168142328039, 0.000980661134236, -0.00139087520074, -0.00140327913687, 0.00046810368076, -0.00672622583807, 0.0275336224586, -0.00936175975949, 0.000323761691106, -0.00196260330267], [0.000396330869989, 0.00152044219431, -0.00224854494445, 0.00192416540813, 0.00141327560414, 0.00260212784633, -6.54256509733e-05, -0.000687133113388, 0.000113917747512, -0.00936175975949, 0.0298404600471, -0.00827372632921, 0.00118680682499], [-0.000182515737833, 4.32687556895e-06, 0.00232979096472, -0.00237636640668, 0.00374666647986, -0.00200440734625, 0.00160043220967, -0.000882035237737, -0.00145728955977, 0.000323761691106, -0.00827372632921, 0.0338419601321, -0.00973808020353], [0.000201488452149, 0.000124377620523, -0.00100841687527, 0.000517011387274, -0.00259055919014, 0.00602868571877, -0.00011378628551, -0.00106426829007, 0.00215667439625, -0.00196260330267, 0.00118680682499, -0.00973808020353, 0.0293053910136]]
    },
    "spectral_contrast_coeffs": {
        "max": [-0.419586986303, -0.46392095089, -0.635481655598, -0.652749955654, -0.668558180332, -0.584794640541],
        "mean": [-0.725566923618, -0.808612167835, -0.8187251091, -0.821540176868, -0.809957206249, -0.676973462105],
        "min": [-0.961196482182, -0.956591486931, -0.962347209454, -0.949966847897, -0.943353652954, -0.924046814442],
        "stdev": [0.0808000937104, 0.0746288970113, 0.0406170077622, 0.036600805819, 0.0321640968323, 0.038511056453]
    },
    "spectral_contrast_valleys": {
        "max": [-5.59851408005, -4.64597606659, -5.22360372543, -5.74692153931, -6.51227140427, -10.0939445496],
        "mean": [-7.91470718384, -6.56381130219, -6.74532985687, -6.81650209427, -7.45987796783, -11.3814725876],
        "min": [-19.2170372009, -17.6713218689, -17.3224143982, -16.9929714203, -16.8422927856, -19.2812976837],
        "stdev": [1.41586732864, 1.41186392307, 1.36147010326, 1.317096591, 1.0978064537, 0.817011535168]
    }
},
"rhythm": {
    "beats_count": 41,
    "beats_loudness": {
        "max": 0.0746512934566,
        "mean": 0.0199768804014,
        "min": 0.000398290227167,
        "stdev": 0.0191989541054
    },
    "bpm": 125.229499817,
    "bpm_histogram_first_peak_bpm": 126,
    "bpm_histogram_first_peak_weight": 0.272727251053,
    "bpm_histogram_second_peak_bpm": 133,
    "bpm_histogram_second_peak_spread": 0.399999976158,
    "bpm_histogram_second_peak_weight": 0.15000000596,
    "danceability": 1.09734165668,
    "onset_rate": 1.30504250526,
    "beats_loudness_band_ratio": {
        "max": [0.39592191577, 0.793905794621, 0.748623788357, 0.639387786388, 0.431813240051, 0.180951267481],
        "mean": [0.075678370893, 0.135572776198, 0.265882730484, 0.318573862314, 0.206271454692, 0.0440362244844],
        "min": [0.00498885381967, 0.0128250215203, 0.04443359375, 0.0345105454326, 0.0223173610866, 0.00743203563616],
        "stdev": [0.0942894220352, 0.163819611073, 0.171142056584, 0.167669251561, 0.119283154607, 0.0294372737408]
    },
    "beats_position": [0.615328788757, 1.21904754639, 1.82276642323, 2.42648530006, 2.97215414047, 3.51782298088, 4.05188179016, 4.52789115906, 5.00390005112, 5.47990942001, 5.95591831207, 6.43192720413, 6.91954612732, 7.39555549622, 7.87156438828, 8.34757328033, 8.84680271149, 9.35764122009, 9.84526062012, 10.3328800201, 10.7856683731, 11.2268476486, 11.6680269241, 12.1208162308, 12.5736055374, 13.0263938904, 13.4443531036, 13.873922348, 14.3151016235, 14.7446708679, 15.1858501434, 15.6386394501, 16.0914287567, 16.5209980011, 16.9505672455, 17.3801364899, 17.8097057343, 18.2276649475, 18.6456241608, 19.0635814667, 19.4815406799],
