{
"metadata": {
    "version": {
        "essentia": "2.1-beta5",
        "essentia_git_sha": "Undefined",
        "extractor": "music 2.0"
    },
    "audio_properties": {
        "analysis": {
            "equal_loudness": 0,
            "length": 81.2582321167,
            "sample_rate": 44100,
            "start_time": 12.7477550507,
            "downmix": "mix"
        },
        "bit_rate": 192000,
        "length": 171.525817871,
        "lossless": 0,
        "number_channels": 2,
        "replay_gain": -0.256832122803,
        "sample_rate": 48000,
        "codec": "mp3",
        "md5_encoded": "f97a79a9699f35ffb554185b483f8f2a"
    },
    "tags": {
        "file_name": "Denmark_Uh, Jeg Ville Ønske Jeg Var Dig_Birthe Wilke.mp3",
        "encoding": ["Lavf58.29.100"]
    }
},
"lowlevel": {
    "average_loudness": 0.354910284281,
    "barkbands_crest": {
        "max": 26.6171588898,
        "mean": 14.6680212021,
        "min": 3.30845499039,
        "stdev": 5.99862575531
    },
    "barkbands_flatness_db": {
        "max": 0.484336674213,
        "mean": 0.247136309743,
        "min": 0.0913668051362,
        "stdev": 0.0744038596749
    },
    "barkbands_kurtosis": {
        "max": 391.430969238,
        "mean": 17.0047702789,
        "min": -1.96044015884,
        "stdev": 29.7053661346
    },
    "barkbands_skewness": {
        "max": 14.1763534546,
        "mean": 1.7848957777,
        "min": -3.69313836098,
        "stdev": 1.8831205368
    },
    "barkbands_spread": {
        "max": 118.712692261,
        "mean": 12.1703042984,
        "min": 0.155930325389,
        "stdev": 19.1186618805
    },
    "dissonance": {
        "max": 0.499985903502,
        "mean": 0.402269124985,
        "min": 0.143579781055,
        "stdev": 0.0658468604088
    },
    "dynamic_complexity": 7.36896800995,
    "erbbands_crest": {
        "max": 33.2021331787,
        "mean": 16.2515907288,
        "min": 3.34051299095,
        "stdev": 7.25214719772
    },
    "erbbands_flatness_db": {
        "max": 0.489739060402,
        "mean": 0.262828171253,
        "min": 0.0972520634532,
        "stdev": 0.076371692121
    },
    "erbbands_kurtosis": {
        "max": 235.305541992,
        "mean": 11.7068929672,
        "min": -1.90586102009,
        "stdev": 21.7381267548
    },
    "erbbands_skewness": {
        "max": 12.2699050903,
        "mean": 1.88794922829,
        "min": -7.07704877853,
        "stdev": 2.08706927299
    },
    "erbbands_spread": {
        "max": 134.672180176,
        "mean": 20.6392021179,
        "min": 0.388698160648,
        "stdev": 20.6867828369
    },
    "hfc": {
        "max": 110.253379822,
        "mean": 7.42640924454,
        "min": 0.000597543665208,
        "stdev": 14.137711525
    },
    "loudness_ebu128": {
        "integrated": -25.7938594818,
        "loudness_range": 8.31115913391,
        "momentary": {
            "max": -18.2145252228,
            "mean": -29.0968093872,
            "min": -48.1868362427,
            "stdev": 5.68626785278
        },
        "short_term": {
            "max": -21.3510532379,
            "mean": -27.1417751312,
            "min": -34.8034896851,
            "stdev": 2.82990121841
        }
    },
    "melbands_crest": {
        "max": 33.8858108521,
        "mean": 18.4063777924,
        "min": 4.42490005493,
        "stdev": 6.65025186539
    },
    "melbands_flatness_db": {
        "max": 0.559473156929,
        "mean": 0.295439094305,
        "min": 0.0523276329041,
        "stdev": 0.0858836174011
    },
    "melbands_kurtosis": {
        "max": 319.235412598,
        "mean": 21.0837135315,
        "min": -1.93786728382,
        "stdev": 29.884552002
    },
    "melbands_skewness": {
        "max": 13.9335393906,
        "mean": 2.06150078773,
        "min": -3.11370182037,
        "stdev": 2.01079630852
    },
    "melbands_spread": {
        "max": 285.531646729,
        "mean": 15.9116067886,
        "min": 0.318016886711,
        "stdev": 32.8242797852
    },
    "pitch_salience": {
        "max": 0.826443731785,
        "mean": 0.46911868453,
        "min": 0.0659787654877,
        "stdev": 0.166632518172
    },
    "silence_rate_20dB": {
        "max": 1,
        "mean": 1,
        "min": 1,
        "stdev": 0
    },
    "silence_rate_30dB": {
        "max": 1,
        "mean": 0.986289620399,
        "min": 0,
        "stdev": 0.116286478937
    },
    "silence_rate_60dB": {
        "max": 1,
        "mean": 0.459297329187,
        "min": 0,
        "stdev": 0.498339295387
    },
    "spectral_centroid": {
        "max": 6486.26123047,
        "mean": 820.02734375,
        "min": 208.600311279,
        "stdev": 814.516906738
    },
    "spectral_complexity": {
        "max": 25,
        "mean": 4.68780326843,
        "min": 0,
        "stdev": 3.58085370064
    },
    "spectral_decrease": {
        "max": -3.89711998566e-13,
        "mean": -3.25757110176e-09,
        "min": -5.08742949989e-08,
        "stdev": 5.99173111127e-09
    },
    "spectral_energy": {
        "max": 0.201488673687,
        "mean": 0.012968425639,
        "min": 1.52506277118e-06,
        "stdev": 0.0238023251295
    },
    "spectral_energyband_high": {
        "max": 0.00398917822167,
        "mean": 7.65222357586e-05,
        "min": 3.7837470046e-08,
        "stdev": 0.00028092530556
    },
    "spectral_energyband_low": {
        "max": 0.0401652008295,
        "mean": 0.000489460479002,
        "min": 5.5916615338e-07,
        "stdev": 0.00129604933318
    },
    "spectral_energyband_middle_high": {
        "max": 0.123507939279,
        "mean": 0.00189673155546,
        "min": 4.36649578717e-08,
        "stdev": 0.00750419916585
    },
    "spectral_energyband_middle_low": {
        "max": 0.190424323082,
        "mean": 0.0106775416061,
        "min": 8.99011013189e-07,
        "stdev": 0.021574260667
    },
    "spectral_entropy": {
        "max": 8.64947319031,
        "mean": 6.70989751816,
        "min": 3.96663928032,
        "stdev": 0.854295492172
    },
    "spectral_flux": {
        "max": 0.444739818573,
        "mean": 0.0510264858603,
        "min": 0.00229663657956,
        "stdev": 0.0521396845579
    },
    "spectral_kurtosis": {
        "max": 62.6489334106,
        "mean": 10.6920814514,
        "min": -1.54057657719,
        "stdev": 9.85523986816
    },
    "spectral_rms": {
        "max": 0.014020496048,
        "mean": 0.00267497147433,
        "min": 3.85728671972e-05,
        "stdev": 0.00234448979609
    },
    "spectral_rolloff": {
        "max": 9366.94335938,
        "mean": 1048.49902344,
        "min": 43.06640625,
        "stdev": 1697.2824707
    },
    "spectral_skewness": {
        "max": 6.73503112793,
        "mean": 2.36960792542,
        "min": -0.849639177322,
        "stdev": 1.19225382805
    },
    "spectral_spread": {
        "max": 21283926,
        "mean": 3762515.75,
        "min": 1057844.25,
        "stdev": 1824745.25
    },
    "spectral_strongpeak": {
        "max": 10.6348237991,
        "mean": 1.0632404089,
        "min": 0,
        "stdev": 1.43250918388
    },
    "zerocrossingrate": {
        "max": 0.3349609375,
        "mean": 0.0413026511669,
        "min": 0.0048828125,
        "stdev": 0.0469034947455
    },
    "barkbands": {
        "max": [0.00174559280276, 0.0331272035837, 0.0073059364222, 0.00457490421832, 0.0463047623634, 0.095312923193, 0.189990222454, 0.145268559456, 0.124727703631, 0.127872735262, 0.0387083776295, 0.0380432717502, 0.00962520390749, 0.0262144692242, 0.00911858305335, 0.00521806068718, 0.00248122983612, 0.00190831103828, 0.000499462126754, 0.000784276402555, 0.000968633568846, 0.000785907206591, 0.00246883835644, 0.00151363341138, 0.000229369237786, 2.83849352911e-08, 2.52956571245e-08],
        "mean": [7.59499598644e-05, 0.00029356579762, 0.000145698155393, 3.93351547245e-05, 0.00069981534034, 0.0038407468237, 0.00323867984116, 0.000655376876239, 0.00180539547, 0.00115999975242, 0.000261580367805, 0.000289073446766, 0.000103231999674, 0.00010187098087, 6.99742158758e-05, 4.94977321068e-05, 2.95346017083e-05, 1.91846847883e-05, 1.03819402284e-05, 7.15509622751e-06, 7.27966425984e-06, 1.24894750115e-05, 3.07696427626e-05, 1.93874529941e-05, 2.44545890382e-06, 6.46464271004e-10, 6.10457129291e-10],
        "min": [3.44426598353e-09, 2.61664240497e-07, 9.83427099754e-08, 4.23270378747e-08, 1.87054780554e-07, 2.71275695241e-07, 1.96805771679e-08, 2.57308530038e-09, 9.16199505152e-10, 1.88074800178e-09, 8.32799962325e-09, 3.09491277051e-09, 1.04107602539e-08, 4.55468196492e-09, 1.55714074968e-09, 1.57598545325e-09, 2.17402673641e-09, 1.65301250465e-09, 3.96828925275e-09, 5.93192606146e-09, 1.18880016942e-08, 1.04290522884e-08, 3.42532802122e-09, 1.19610232829e-09, 4.48727721647e-09, 1.04050629224e-10, 1.21375659523e-10],
        "stdev": [0.000135169568239, 0.000862262037117, 0.000528975564521, 0.00013943297381, 0.00252720387653, 0.00942810811102, 0.0158755779266, 0.00371693493798, 0.00808416679502, 0.00655581522733, 0.00156131503172, 0.00183253816795, 0.00045582279563, 0.000800854992121, 0.000354061514372, 0.000227188880672, 0.000121703371406, 8.17881737021e-05, 2.92589484161e-05, 3.19844657497e-05, 2.91783817374e-05, 4.85412419948e-05, 0.000149346305989, 9.80844779406e-05, 1.29016116261e-05, 1.2827250373e-09, 1.1883162232e-09]
    },
    "erbbands": {
        "max": [0.283528625965, 9.19773387909, 15.2042951584, 8.48810195923, 17.5436019897, 149.192840576, 665.528808594, 1197.39440918, 2819.06542969, 3640.69238281, 3108.93579102, 3585.52294922, 4261.07080078, 2892.8894043, 1663.11108398, 1528.19299316, 504.468048096, 500.119537354, 904.497680664, 476.194580078, 134.086212158, 133.517242432, 76.5814056396, 90.3491363525, 23.8216075897, 37.3659591675, 64.1545944214, 16.9774417877, 30.4840602875, 55.9809303284, 84.600692749, 46.8989562988, 21.8965969086, 4.44470453262, 0.648655772209, 0.0165382120758, 0.000894889293704, 0.000114022535854, 9.81987104751e-05, 0.000227801370784],
        "mean": [0.00704308180138, 0.0696785822511, 0.195378765464, 0.125919878483, 0.28808349371, 2.4410712719, 14.4339237213, 36.7360725403, 50.3818511963, 27.7283172607, 17.8116607666, 42.2815093994, 42.5872802734, 24.1500301361, 11.8884868622, 11.0950984955, 5.37465572357, 5.01031494141, 4.75167798996, 3.3902964592, 2.20665311813, 1.6775662899, 1.1126909256, 0.787685871124, 0.364760071039, 0.343048542738, 0.319006055593, 0.28703045845, 0.418121129274, 0.674923419952, 0.913130402565, 0.61557507515, 0.200150772929, 0.0503297150135, 0.00696475245059, 0.000208726341953, 1.84401633305e-05, 3.48034495801e-06, 6.97477980793e-06, 1.49559136844e-05],
        "min": [8.43020279717e-06, 5.65043774259e-05, 0.000182275020052, 0.000346631830325, 0.000665950588882, 0.00121026695706, 0.00277531309985, 0.00165773439221, 0.000396484945668, 0.000217133812839, 3.41799241141e-05, 2.03223917197e-05, 4.8879031965e-05, 0.000143988974742, 0.000305638706777, 0.00017079328245, 0.000458587805042, 0.000308575428789, 0.000109770197014, 8.48551280797e-05, 8.39915737743e-05, 0.000125343998661, 0.000105629282189, 7.86368182162e-05, 0.000311656593112, 0.000328579335473, 0.000430591258919, 0.000366638530977, 0.00041540293023, 0.000195106258616, 8.51857621456e-05, 2.33349619521e-05, 2.75100446743e-05, 5.36543848284e-05, 2.6691104722e-05, 3.25977862303e-06, 6.5023954221e-07, 1.29665352233e-07, 6.93829420584e-08, 1.04900008679e-08],
        "stdev": [0.00845622178167, 0.245068818331, 0.731821060181, 0.351415634155, 0.66294413805, 8.51006698608, 45.6324691772, 94.936882019, 207.572906494, 195.227325439, 91.8433761597, 197.895553589, 206.302047729, 134.68649292, 68.4513092041, 69.902015686, 23.7313423157, 26.1379337311, 28.4528446198, 17.0916175842, 8.20447158813, 6.95896530151, 3.96050882339, 3.22062802315, 1.08088481426, 1.54208052158, 1.48428201675, 0.958776056767, 1.55447852612, 3.14364409447, 4.61115837097, 3.12693667412, 1.03345704079, 0.259595632553, 0.0359748452902, 0.000966564752162, 5.94482880842e-05, 9.49923742155e-06, 1.18006273624e-05, 2.69868451142e-05]
    },
    "gfcc": {
        "mean": [-176.097198486, 143.487365723, -122.865219116, 22.4387874603, -85.0986022949, 14.295838356, -35.8731842041, -0.91988748312, 4.2518196106, -9.1748418808, 12.495672226, -6.15971946716, 14.0803556442],
        "cov": [[4993.91162109, -7.31100893021, -1397.81872559, -914.59765625, -116.929428101, -345.882385254, 126.696144104, -36.8369255066, 275.202026367, -290.254333496, 197.265640259, -94.5316543579, -21.0122261047], [-7.31100893021, 1043.57055664, -135.748626709, -482.380371094, 265.674438477, -388.769256592, 50.8179359436, -61.6313934326, -29.3468151093, -34.7759094238, 72.182975769, -88.5472946167, 69.2010345459], [-1397.81872559, -135.748626709, 1067.5246582, 412.639068604, -123.276153564, 130.775939941, -190.934844971, -99.8908004761, -62.7949905396, 63.1904296875, -40.1557006836, 71.4317169189, -32.2395553589], [-914.59765625, -482.380371094, 412.639068604, 790.643432617, -73.6377182007, 202.241928101, -20.4238262177, -20.6703033447, -55.6165885925, 72.2964782715, -135.469421387, 28.8638725281, -58.1821594238], [-116.929428101, 265.674438477, -123.276153564, -73.6377182007, 314.101867676, -42.6487998962, -50.2515792847, 86.4184646606, -28.3785572052, -46.1209182739, 13.9956769943, -34.3561210632, 5.80032587051], [-345.882385254, -388.769256592, 130.775939941, 202.241928101, -42.6487998962, 526.514282227, 53.1941375732, 19.5365409851, -13.5370502472, -15.0092983246, -151.733337402, -21.0017566681, -89.6280441284], [126.696144104, 50.8179359436, -190.934844971, -20.4238262177, -50.2515792847, 53.1941375732, 344.940063477, -28.9656429291, -47.8808250427, 75.1329345703, -66.6277313232, -65.5368423462, -8.60005283356], [-36.8369255066, -61.6313934326, -99.8908004761, -20.6703033447, 86.4184646606, 19.5365409851, -28.9656429291, 262.434509277, 13.5230960846, -44.5750045776, 0.193826004863, -29.7450675964, -22.0118503571], [275.202026367, -29.3468151093, -62.7949905396, -55.6165885925, -28.3785572052, -13.5370502472, -47.8808250427, 13.5230960846, 177.301147461, -9.50599002838, 21.4336471558, 23.4107971191, -14.700920105], [-290.254333496, -34.7759094238, 63.1904296875, 72.2964782715, -46.1209182739, -15.0092983246, 75.1329345703, -44.5750045776, -9.50599002838, 178.239685059, 23.9402313232, 6.83977746964, 4.03516197205], [197.265640259, 72.182975769, -40.1557006836, -135.469421387, 13.9956769943, -151.733337402, -66.6277313232, 0.193826004863, 21.4336471558, 23.9402313232, 187.625335693, 76.2028656006, 24.0432605743], [-94.5316543579, -88.5472946167, 71.4317169189, 28.8638725281, -34.3561210632, -21.0017566681, -65.5368423462, -29.7450675964, 23.4107971191, 6.83977746964, 76.2028656006, 116.355964661, 35.6745033264], [-21.0122261047, 69.2010345459, -32.2395553589, -58.1821594238, 5.80032587051, -89.6280441284, -8.60005283356, -22.0118503571, -14.700920105, 4.03516197205, 24.0432605743, 35.6745033264, 103.858566284]],
        "icov": [[0.000638935656752, 0.000705000478774, 0.000483152340166, 0.000473480729852, 3.77433789254e-05, 0.000519282068126, -0.00031423024484, 0.000801858608611, -0.000636882090475, 0.00122376752552, -0.0008375197649, 0.00129440729506, 0.000276272505289], [0.000705000478774, 0.00451720831916, -0.0007232791977, 0.00246474356391, -0.00330081698485, 0.00292436522432, -0.00194027100224, 0.0025112812873, -0.00112059607636, 0.00199096743017, -0.0004105658154, 0.00329302647151, 9.66034203884e-05], [0.000483152340166, -0.0007232791977, 0.0023906417191, -0.000751934188884, 0.00163243594579, -0.000518423505127, 0.0015495395055, 0.000441471172962, 0.000478086585645, -1.52635061568e-06, -0.000332543015247, -0.000186236313311, 0.000792533508502], [0.000473480729852, 0.00246474356391, -0.000751934188884, 0.00365486042574, -0.00172209611628, 0.00174938398413, -0.000787338998634, 0.00107062666211, 5.95117635385e-05, 1.45837211676e-05, 0.00230881036259, -0.000597506237682, 0.00171377370134], [3.77433789254e-05, -0.00330081698485, 0.00163243594579, -0.00172209611628, 0.00712637696415, -0.00207282183692, 0.00244399881922, -0.0023300498724, 0.0013537654886, -0.000180457122042, -0.00109568913467, -5.06995138494e-06, -0.00027525058249], [0.000519282068126, 0.00292436522432, -0.000518423505127, 0.00174938398413, -0.00207282183692, 0.00521488022059, -0.00160874251742, 0.00124344811775, -0.00036418507807, 0.00131101533771, 0.00302706006914, -0.000680161756463, 0.00315245334059], [-0.00031423024484, -0.00194027100224, 0.0015495395055, -0.000787338998634, 0.00244399881922, -0.00160874251742, 0.00598376616836, -0.000707491766661, 0.00206496752799, -0.0034451475367, 0.00178690755274, -0.000314848788548, 0.000210518759559], [0.000801858608611, 0.0025112812873, 0.000441471172962, 0.00107062666211, -0.0023300498724, 0.00124344811775, -0.000707491766661, 0.00637427903712, -0.00141440681182, 0.00261172046885, -0.00188182829879, 0.00401041097939, 0.000477783527458], [-0.000636882090475, -0.00112059607636, 0.000478086585645, 5.95117635385e-05, 0.0013537654886, -0.00036418507807, 0.00206496752799, -0.00141440681182, 0.00784702971578, -0.00214740633965, 0.00240411283448, -0.00430502789095, 0.00239722407423], [0.00122376752552, 0.00199096743017, -1.52635061568e-06, 1.45837211676e-05, -0.000180457122042, 0.00131101533771, -0.0034451475367, 0.00261172046885, -0.00214740633965, 0.0105673437938, -0.00516825355589, 0.00487471465021, -0.00085408432642], [-0.0008375197649, -0.0004105658154, -0.000332543015247, 0.00230881036259, -0.00109568913467, 0.00302706006914, 0.00178690755274, -0.00188182829879, 0.00240411283448, -0.00516825355589, 0.0161023940891, -0.012855171226, 0.00494594732299], [0.00129440729506, 0.00329302647151, -0.000186236313311, -0.000597506237682, -5.06995138494e-06, -0.000680161756463, -0.000314848788548, 0.00401041097939, -0.00430502789095, 0.00487471465021, -0.012855171226, 0.0247117374092, -0.0083986427635], [0.000276272505289, 9.66034203884e-05, 0.000792533508502, 0.00171377370134, -0.00027525058249, 0.00315245334059, 0.000210518759559, 0.000477783527458, 0.00239722407423, -0.00085408432642, 0.00494594732299, -0.0083986427635, 0.0157930422574]]
    },
    "melbands": {
        "max": [0.00597927719355, 0.00986632797867, 0.00183366937563, 0.00447179516777, 0.0173003748059, 0.0229472648352, 0.0388022512197, 0.0320477262139, 0.0222570430487, 0.0211905874312, 0.0221425741911, 0.0123913520947, 0.00639647850767, 0.00546618876979, 0.00453856540844, 0.00131071417127, 0.00131848396268, 0.00218726531602, 0.000734994653612, 0.000529459503014, 0.000163598262588, 0.000182640171261, 8.26311952551e-05, 8.63139939611e-05, 7.62608615332e-05, 1.35362652145e-05, 4.33831519331e-05, 2.91673550237e-05, 4.00858334615e-05, 2.81101874862e-05, 9.72583166003e-06, 1.99457790586e-05, 1.81006780622e-05, 4.02019722969e-05, 6.01708015893e-05, 3.9754271711e-05, 2.84250745608e-05, 1.58475359058e-05, 9.40072732192e-06, 3.24744769387e-06],
        "mean": [7.39702227293e-05, 9.71167173702e-05, 2.55481536442e-05, 7.67746605561e-05, 0.000432619359344, 0.000830336881336, 0.000744087272324, 0.000251355173532, 0.000148678853293, 0.000280872569419, 0.000211789330933, 0.000104193088191, 3.7206656998e-05, 3.30941620632e-05, 1.98080888367e-05, 9.95085520117e-06, 9.47108583205e-06, 8.25305323815e-06, 5.0457119869e-06, 4.09546646551e-06, 2.23122856369e-06, 1.88620992958e-06, 1.12601208002e-06, 8.53795881994e-07, 6.36171307633e-07, 3.02406903074e-07, 2.13586289988e-07, 2.28426699778e-07, 2.08600681617e-07, 1.77521783939e-07, 1.58777410775e-07, 2.24379064662e-07, 2.6577916401e-07, 4.23711327358e-07, 5.28107364062e-07, 4.98157305628e-07, 3.3346165651e-07, 1.55303595761e-07, 6.83698075932e-08, 3.27488578478e-08],
        "min": [7.94063907961e-08, 8.88993056947e-08, 6.7344153365e-08, 2.35865620368e-08, 1.08392072207e-07, 3.90743792877e-08, 5.31265742509e-09, 1.89646942594e-09, 1.73471154108e-10, 1.2993556231e-10, 2.44303105523e-10, 5.10918529706e-10, 1.146773565e-09, 3.7946160103e-10, 7.43222816624e-10, 9.98525817586e-10, 5.35705091398e-10, 1.8056714457e-10, 1.43601810998e-10, 1.17335502425e-10, 8.69049762708e-11, 1.31042121598e-10, 1.0891303831e-10, 8.43408329287e-11, 5.1433451248e-11, 1.56837487442e-10, 2.71260985896e-10, 1.37654068699e-10, 2.28668084468e-10, 1.96753377479e-10, 2.42534797801e-10, 2.58036120249e-10, 1.38005482042e-10, 8.81874434588e-11, 6.54519632937e-11, 1.15957000946e-11, 1.3601616361e-11, 9.76229253685e-12, 4.62259362732e-11, 4.21534404604e-11],
        "stdev": [0.000155135479872, 0.000346976856235, 6.70202061883e-05, 0.000255256978562, 0.00130534661002, 0.00208861357532, 0.00309927086346, 0.00175529893022, 0.000799007772002, 0.00130369910039, 0.00106525409501, 0.000624550506473, 0.00023801063071, 0.000209792953683, 0.000150761683472, 4.52095591754e-05, 5.87708891544e-05, 6.17400946794e-05, 2.68785224762e-05, 2.11228598346e-05, 8.93714968697e-06, 8.50630021887e-06, 4.48388391305e-06, 3.50943696503e-06, 2.6978502774e-06, 8.25201880161e-07, 1.1070542314e-06, 1.05730725863e-06, 9.90806711343e-07, 7.54855022933e-07, 5.7149463828e-07, 8.4496235786e-07, 1.10833241251e-06, 2.08701135307e-06, 2.71564204013e-06, 2.62090179604e-06, 1.77127083134e-06, 8.22915865228e-07, 3.99213433866e-07, 1.78888967639e-07]
    },
    "melbands128": {
        "max": [0.000568633608054, 0.000430429179687, 0.00675512384623, 0.0198280308396, 0.0121293356642, 0.00243601971306, 0.00177867000457, 0.00256870454177, 0.00186067901086, 0.00251605734229, 0.00941522791982, 0.0220971256495, 0.0322886630893, 0.0401530638337, 0.0399647913873, 0.0479091778398, 0.0781065002084, 0.0654888227582, 0.0827697664499, 0.0632947161794, 0.0249030813575, 0.0399939380586, 0.033542573452, 0.0269220918417, 0.044380620122, 0.0421950146556, 0.028417672962, 0.0382590964437, 0.0359273441136, 0.0229273736477, 0.0152948675677, 0.0033883524593, 0.0126905068755, 0.00583888310939, 0.0102682337165, 0.0100855799392, 0.00788889359683, 0.00985099840909, 0.00193767610472, 0.00118503859267, 0.00267441989854, 0.00147217744961, 0.00206979853101, 0.00344056403264, 0.00740548083559, 0.00134068052284, 0.00165964383632, 0.00141253613401, 0.00173627829645, 0.00134236505255, 0.00102850724943, 0.000495944346767, 0.000328196940245, 0.000304497982142, 0.000371926638763, 0.000410161999753, 0.000267696508672, 0.000134370027808, 0.000148506369442, 0.000119454482046, 0.000125404592836, 0.000229311393923, 0.000210199927096, 4.80173730466e-05, 2.48256292252e-05, 2.51562596532e-05, 1.90100781765e-05, 2.73784044111e-05, 0.000100015422504, 6.52988965157e-05, 6.27524277661e-05, 4.43145727331e-05, 3.86053179682e-05, 3.20718754665e-05, 6.79159420542e-05, 3.67046886822e-05, 2.56967359746e-05, 7.64504784456e-06, 1.65908168128e-05, 1.57923532242e-05, 2.51067813224e-05, 2.57261453953e-05, 1.5991005057e-05, 2.21331483772e-05, 3.1821164157e-05, 3.5002365621e-05, 5.625475751e-05, 3.99835480493e-05, 7.66338562244e-05, 8.40143475216e-05, 7.27515580365e-05, 5.1544066082e-05, 4.99616580782e-05, 3.76906245947e-05, 4.26309416071e-05, 1.87429704965e-05, 1.29924073917e-05, 3.16767473123e-05, 1.02185194919e-05, 7.88460329204e-06, 4.27383838542e-06, 3.59133150596e-06, 3.54765688826e-06, 1.81001723831e-06, 4.40929284196e-07, 2.20916565041e-08, 1.33019284476e-08, 1.66779634547e-09, 1.6438053696e-10, 1.57203472462e-10, 1.51267998127e-10, 1.45676012919e-10, 1.40241485092e-10, 1.35598102191e-10, 1.30867539028e-10, 1.26445215409e-10, 1.22104173994e-10, 1.18141330052e-10, 1.148405121e-10, 1.12314303691e-10, 1.09803013904e-10, 1.06799263877e-10, 1.05215128277e-10, 1.03032957166e-10, 1.01227082272e-10, 9.99324165085e-11, 9.87211007386e-11, 9.81428480151e-11],
        "mean": [3.25622386299e-05, 5.5016407714e-05, 7.93764702394e-05, 0.000131692519062, 0.000123580684885, 5.65653863305e-05, 2.17587985389e-05, 2.08430283237e-05, 2.2370240913e-05, 3.83483493351e-05, 0.000115676200949, 0.000276527862297, 0.000465780758532, 0.000683571619447, 0.000850402284414, 0.000871572003234, 0.000960068718996, 0.000703624100424, 0.00054569367785, 0.000272200704785, 0.000116487193736, 0.000119749507576, 0.000152512031491, 0.000163347649504, 0.000279917090666, 0.000354790739948, 0.000236463863985, 0.000201607836061, 0.000187349156477, 0.000134092799271, 7.88049510447e-05, 2.92906970571e-05, 3.72368995158e-05, 3.94703856728e-05, 3.27697416651e-05, 3.15621800837e-05, 3.29882641381e-05, 2.20098045247e-05, 9.79074957286e-06, 9.39931669564e-06, 1.12750840344e-05, 8.94327149581e-06, 7.4577428677e-06, 1.09327793325e-05, 1.18101743283e-05, 5.78991512157e-06, 7.58919259169e-06, 4.80427297589e-06, 3.84261556974e-06, 5.20539242643e-06, 4.15913791585e-06, 3.24615848513e-06, 2.05379114959e-06, 2.00730210054e-06, 2.05185301638e-06, 2.17603178498e-06, 1.45846126998e-06, 1.03867262169e-06, 1.08572010049e-06, 1.08427605028e-06, 8.33928254451e-07, 6.88712304964e-07, 7.48562513309e-07, 6.38484607407e-07, 4.33953061929e-07, 2.790787903e-07, 2.37789222979e-07, 1.96591926738e-07, 2.0168796766e-07, 2.46676165716e-07, 2.23677204758e-07, 2.22312110054e-07, 2.41787773803e-07, 2.05931925734e-07, 1.61442514468e-07, 1.97234498955e-07, 1.81986848702e-07, 1.38973305752e-07, 1.56569996079e-07, 1.71573645957e-07, 2.04007449156e-07, 2.58481804849e-07, 2.46119697067e-07, 2.33919635662e-07, 3.07252321363e-07, 3.90688427387e-07, 4.72115658567e-07, 4.84187012262e-07, 5.04560262016e-07, 6.01425540481e-07, 5.38803703876e-07, 4.72493923098e-07, 4.22221376084e-07, 3.48220652313e-07, 2.79844812212e-07, 1.89659729699e-07, 1.29098140178e-07, 1.02816883896e-07, 6.77879583577e-08, 5.42565636863e-08, 3.77850035704e-08, 3.06453351584e-08, 2.40624018488e-08, 1.53826746896e-08, 2.24447260777e-09, 7.46323974843e-11, 6.5314531561e-11, 9.5207192824e-12, 4.02523630746e-12, 3.90343703541e-12, 3.79413557863e-12, 3.67587384142e-12, 3.50632283624e-12, 3.37881892604e-12, 3.30447800199e-12, 3.27388528613e-12, 3.24680733688e-12, 2.89703222349e-12, 2.81833042147e-12, 2.7486565541e-12, 2.67264530819e-12, 2.63539710887e-12, 2.6158842887e-12, 2.53926480537e-12, 2.29362535908e-12, 1.88945647323e-12, 1.6688876843e-12, 1.63088845814e-12],
        "min": [6.4015320822e-10, 7.24439956912e-08, 8.66111520281e-08, 9.51052570031e-08, 9.33941350922e-08, 5.81218237983e-08, 3.36473497953e-08, 9.51963397e-09, 1.11891687027e-08, 1.89011828411e-09, 1.04777200249e-08, 4.3172722286e-08, 2.62294186371e-08, 1.60140931627e-08, 3.97362995841e-08, 4.82123097001e-09, 6.0694587134e-09, 3.83951448413e-09, 3.63713126283e-09, 2.6748716575e-09, 7.81722186982e-10, 1.43421385879e-10, 1.73428493788e-10, 8.52160148002e-11, 9.16304115917e-11, 1.6240538081e-10, 1.82444698238e-10, 2.2468601979e-10, 3.540998883e-10, 2.41262315681e-10, 5.1864917916e-10, 1.12640108352e-09, 1.45682776953e-09, 1.06752928719e-09, 2.84849560606e-10, 2.16682033427e-10, 4.10894013259e-10, 5.91829307783e-10, 1.08132880428e-09, 1.21545151721e-09, 1.04545672119e-09, 6.06262817726e-10, 4.87316409448e-10, 6.17876028119e-10, 2.54143150968e-10, 5.48828586744e-11, 1.19504545149e-10, 2.26584848106e-10, 1.04709671489e-10, 5.16334995593e-11, 1.54796259144e-10, 1.48843895542e-10, 6.61601537444e-11, 6.21169365944e-11, 1.20033094575e-10, 1.09770553758e-10, 9.94054005776e-11, 8.76780592574e-11, 1.02033333171e-10, 7.50563014518e-11, 1.3103496066e-10, 3.7968003741e-11, 3.25161217396e-11, 7.12286965521e-11, 5.56007843933e-11, 5.51326935494e-11, 1.15514944832e-10, 1.07822813178e-11, 3.68392686148e-12, 1.0362061903e-10, 1.81445587721e-11, 9.84850048735e-11, 1.11462783448e-10, 6.98810731503e-11, 1.24706675542e-10, 1.02738803576e-10, 1.01845677725e-10, 8.61310883726e-11, 1.28311236636e-10, 1.45986667199e-10, 1.88070531371e-10, 1.67349037405e-10, 5.12763061178e-11, 1.71495026513e-10, 1.00248420676e-10, 3.25891605368e-11, 8.86645618037e-11, 1.13152688608e-10, 7.6370472446e-11, 1.93306204377e-11, 1.28095901941e-11, 6.75169945993e-12, 1.49880316491e-11, 1.94308718421e-11, 6.84123157429e-12, 7.76913516159e-12, 9.55278391113e-12, 1.32760330507e-11, 4.03573494068e-11, 7.66150823339e-11, 4.47389833513e-11, 2.39521527612e-11, 5.78005386609e-11, 5.56071508284e-11, 6.18364387472e-12, 4.08020730917e-13, 3.54835627027e-13, 3.88234014164e-13, 2.77751427543e-13, 2.8890138979e-13, 3.47271609255e-13, 3.20932191412e-13, 3.82758332407e-13, 2.83397898248e-13, 3.48869018526e-13, 3.70374033092e-13, 3.66182453283e-13, 3.96828322155e-13, 4.2893780975e-13, 3.3033073347e-13, 3.62806925345e-13, 3.33157302744e-13, 3.87773499292e-13, 3.73719176265e-13, 2.50806970678e-13, 1.08941047643e-13, 1.32645054608e-14, 4.41442020132e-16],
        "stdev": [4.85087948618e-05, 4.15380745835e-05, 0.000178826754563, 0.000527468684595, 0.000489237601869, 0.00019017032173, 6.97685536579e-05, 7.67082892708e-05, 6.18205667706e-05, 0.00012982559565, 0.000490553909913, 0.00115107616875, 0.00193842186127, 0.00243947654963, 0.00276032276452, 0.0030068969354, 0.0045480504632, 0.00404421938583, 0.0045195329003, 0.00279609486461, 0.000749294878915, 0.000901895691641, 0.00105677475221, 0.00116372725461, 0.00179978029337, 0.0019875599537, 0.00159253668971, 0.00141535059083, 0.00153649994172, 0.00104118755553, 0.000583116256166, 0.000161351083079, 0.000418476469349, 0.000274929450825, 0.000280709704384, 0.000324940425344, 0.000279407307971, 0.000268029660219, 7.00509699527e-05, 5.63854337088e-05, 7.3426796007e-05, 5.68521281821e-05, 6.29074274912e-05, 0.000103266494989, 0.000182189935003, 3.81643985747e-05, 5.37207743037e-05, 3.89103406633e-05, 3.58490615326e-05, 4.3035721319e-05, 2.72939469141e-05, 1.80294373422e-05, 1.19864125736e-05, 1.16865085147e-05, 9.71064673649e-06, 1.48273420564e-05, 9.11543975235e-06, 5.72933322474e-06, 6.01285682933e-06, 4.51008645541e-06, 4.48999162472e-06, 4.62826164949e-06, 5.38383437743e-06, 2.28330873142e-06, 1.37776078191e-06, 9.80945173978e-07, 8.44621808938e-07, 9.10780158847e-07, 1.98928455575e-06, 1.71529541149e-06, 1.5446244106e-06, 1.25855592614e-06, 1.09803818304e-06, 1.20942831927e-06, 1.26221141272e-06, 9.50558671775e-07, 8.70984194989e-07, 4.99697250689e-07, 6.83677853885e-07, 6.82774725647e-07, 8.5773842784e-07, 1.05222659386e-06, 1.03600268631e-06, 9.9910789686e-07, 1.54507426942e-06, 1.98563498088e-06, 2.60117553808e-06, 2.38475308834e-06, 2.82845644506e-06, 3.69501844943e-06, 3.12604174724e-06, 2.61893683273e-06, 2.53984967458e-06, 1.92933839571e-06, 1.69843701769e-06, 1.05146330043e-06, 6.85124973643e-07, 8.45502313496e-07, 4.110553391e-07, 3.22591404256e-07, 2.2511193265e-07, 1.76053248424e-07, 1.39812925681e-07, 8.54895176872e-08, 1.40220235423e-08, 6.89040657864e-10, 5.21032439416e-10, 5.65279212328e-11, 7.61987434955e-12, 7.30264026333e-12, 7.03303994903e-12, 6.77028702198e-12, 6.57314003574e-12, 6.34545107431e-12, 6.1020676359e-12, 5.89292460315e-12, 5.75471918382e-12, 5.57289544373e-12, 5.42056373745e-12, 5.27849725734e-12, 5.16311602847e-12, 5.03419918599e-12, 4.9302593258e-12, 4.84201177417e-12, 4.7745253931e-12, 4.72011969441e-12, 4.68016510963e-12, 4.65463952104e-12]
    },
    "mfcc": {
        "mean": [-809.142822266, 154.92779541, 18.1589107513, 2.42489504814, -7.32795953751, 0.398373305798, -15.8883752823, 3.36822581291, -4.97064638138, 2.42949700356, -2.16556787491, 4.16195011139, 2.61175537109],
        "cov": [[5522.48388672, -5.99474239349, -1425.0546875, -624.72857666, -404.951171875, -360.768157959, -218.449859619, 170.116104126, -127.656097412, 143.653091431, -114.132240295, 94.091758728, -64.0582504272], [-5.99474239349, 1508.81396484, -521.624206543, -134.237121582, -9.91809272766, -332.05947876, 46.243938446, -182.903213501, -55.8271903992, -53.9448471069, -23.6497707367, -38.5989990234, -23.3803596497], [-1425.0546875, -521.624206543, 1160.12280273, 176.697418213, 99.484336853, 291.187042236, -84.8088378906, -9.33598804474, -20.2726669312, -71.9315414429, 14.9985170364, 5.95628070831, -3.76980185509], [-624.72857666, -134.237121582, 176.697418213, 536.068969727, -18.3438968658, 36.1015396118, 39.3581428528, -96.3699798584, 6.6848282814, -28.5737514496, -4.05951023102, -15.7600793839, 53.2248649597], [-404.951171875, -9.91809272766, 99.484336853, -18.3438968658, 520.591247559, -127.909858704, -75.6165542603, 102.444152832, -41.8113250732, -44.7445640564, 11.3346529007, -14.8121643066, -33.7958450317], [-360.768157959, -332.05947876, 291.187042236, 36.1015396118, -127.909858704, 470.432830811, 43.788936615, -1.65661633015, 76.5987243652, 15.4875974655, 6.26828527451, 2.83315992355, -5.04085254669], [-218.449859619, 46.243938446, -84.8088378906, 39.3581428528, -75.6165542603, 43.788936615, 267.27456665, -2.55891799927, 51.187915802, 22.3796157837, 29.5799884796, -39.2042503357, 2.72333526611], [170.116104126, -182.903213501, -9.33598804474, -96.3699798584, 102.444152832, -1.65661633015, -2.55891799927, 204.073730469, 39.2507171631, 19.0446357727, 4.86757612228, 5.61752080917, -28.038942337], [-127.656097412, -55.8271903992, -20.2726669312, 6.6848282814, -41.8113250732, 76.5987243652, 51.187915802, 39.2507171631, 179.395553589, 58.6679229736, 16.3004894257, -5.29480028152, -30.1416301727], [143.653091431, -53.9448471069, -71.9315414429, -28.5737514496, -44.7445640564, 15.4875974655, 22.3796157837, 19.0446357727, 58.6679229736, 115.716194153, 19.174074173, 3.38087368011, -3.09342074394], [-114.132240295, -23.6497707367, 14.9985170364, -4.05951023102, 11.3346529007, 6.26828527451, 29.5799884796, 4.86757612228, 16.3004894257, 19.174074173, 116.189819336, 18.5908126831, 9.26685810089], [94.091758728, -38.5989990234, 5.95628070831, -15.7600793839, -14.8121643066, 2.83315992355, -39.2042503357, 5.61752080917, -5.29480028152, 3.38087368011, 18.5908126831, 98.6890792847, 30.9933948517], [-64.0582504272, -23.3803596497, -3.76980185509, 53.2248649597, -33.7958450317, -5.04085254669, 2.72333526611, -28.038942337, -30.1416301727, -3.09342074394, 9.26685810089, 30.9933948517, 121.475410461]],
        "icov": [[0.000461593270302, 0.000229576180573, 0.000581290223636, 0.000262799207121, 0.00045334873721, 0.000137755225296, 0.000433194771176, -0.000276630220469, 0.000554695026949, -0.000225251278607, 0.000246950221481, -0.000232827587752, 0.000421238859417], [0.000229576180573, 0.00124544138089, 0.000631481292658, 0.00053208245663, 9.65810177149e-05, 0.000644488725811, -3.96731920773e-05, 0.00116955814883, -2.35490115301e-05, 0.000576017191634, 0.000200517781195, 2.595622027e-05, 0.000458603957668], [0.000581290223636, 0.000631481292658, 0.0020965395961, 5.67325078009e-05, 0.000207918812521, -0.000584416207857, 0.000940800004173, 1.17209347081e-05, 0.000842318346258, 0.000467468897114, -2.02932824322e-05, -0.000209111967706, 0.00075929844752], [0.000262799207121, 0.00053208245663, 5.67325078009e-05, 0.00265439483337, 4.62139578303e-05, 0.000423296354711, -0.00023582126596, 0.00140867603477, -0.00048483881983, 0.000534113380127, 0.000416234484874, 0.000321116211126, -0.000779802561738], [0.00045334873721, 9.65810177149e-05, 0.000207918812521, 4.62139578303e-05, 0.00317963771522, 0.000894789525773, 0.00103647890501, -0.00193713034969, 0.000902064202819, 0.000477591325762, -0.000442387041403, 0.000419887684984, 0.000857844890561], [0.000137755225296, 0.000644488725811, -0.000584416207857, 0.000423296354711, 0.000894789525773, 0.00347106903791, -0.000421893841121, 0.00042621139437, -0.00111494830344, 0.000292243261356, 0.000281990127405, -0.000130847591208, 0.000236561652855], [0.000433194771176, -3.96731920773e-05, 0.000940800004173, -0.00023582126596, 0.00103647890501, -0.000421893841121, 0.00532214017585, -0.00090867630206, -0.000288721814286, -0.000147536440636, -0.00136533915065, 0.00212605134584, -0.000218563494855], [-0.000276630220469, 0.00116955814883, 1.17209347081e-05, 0.00140867603477, -0.00193713034969, 0.00042621139437, -0.00090867630206, 0.0082597527653, -0.00213781790808, 0.000305175606627, 0.000362700258847, -0.000523895316292, 0.00045133108506], [0.000554695026949, -2.35490115301e-05, 0.000842318346258, -0.00048483881983, 0.000902064202819, -0.00111494830344, -0.000288721814286, -0.00213781790808, 0.00899111665785, -0.00383142707869, -0.000179810027475, -0.000647306267638, 0.00255653494969], [-0.000225251278607, 0.000576017191634, 0.000467468897114, 0.000534113380127, 0.000477591325762, 0.000292243261356, -0.000147536440636, 0.000305175606627, -0.00383142707869, 0.0119200460613, -0.00162253307644, 0.000373166287318, -0.000627261644695], [0.000246950221481, 0.000200517781195, -2.02932824322e-05, 0.000416234484874, -0.000442387041403, 0.000281990127405, -0.00136533915065, 0.000362700258847, -0.000179810027475, -0.00162253307644, 0.00997671671212, -0.00249030464329, -0.000222870439757], [-0.000232827587752, 2.595622027e-05, -0.000209111967706, 0.000321116211126, 0.000419887684984, -0.000130847591208, 0.00212605134584, -0.000523895316292, -0.000647306267638, 0.000373166287318, -0.00249030464329, 0.0129155032337, -0.00357858766802], [0.000421238859417, 0.000458603957668, 0.00075929844752, -0.000779802561738, 0.000857844890561, 0.000236561652855, -0.000218563494855, 0.00045133108506, 0.00255653494969, -0.000627261644695, -0.000222870439757, -0.00357858766802, 0.0108137372881]]
    },
    "spectral_contrast_coeffs": {
        "max": [-0.318895310163, -0.31950995326, -0.435984611511, -0.591629624367, -0.60799407959, -0.605930626392],
        "mean": [-0.728889703751, -0.705812513828, -0.759952783585, -0.819985508919, -0.820107698441, -0.804098665714],
        "min": [-0.935735940933, -0.934553444386, -0.936389863491, -0.923561930656, -0.918428480625, -0.905610740185],
        "stdev": [0.106724239886, 0.124601997435, 0.0863693803549, 0.053971696645, 0.0490910597146, 0.0508966222405]
    },
    "spectral_contrast_valleys": {
        "max": [-6.03004217148, -4.76603412628, -5.49310350418, -6.45918512344, -7.12595796585, -8.56147956848],
        "mean": [-8.06861305237, -7.69875621796, -8.63794136047, -9.22559070587, -9.67558860779, -11.8467941284],
        "min": [-9.78987312317, -11.8591127396, -12.0556869507, -12.5517320633, -12.0624809265, -13.740316391],
        "stdev": [0.484142065048, 0.802205562592, 0.852141976357, 0.804216504097, 0.812279284, 0.773659348488]
    }
},
"rhythm": {
    "beats_count": 160,
    "beats_loudness": {
        "max": 0.195358499885,
        "mean": 0.0294245183468,
        "min": 0.000149124243762,
        "stdev": 0.0408608429134
    },
    "bpm": 120.329048157,
    "bpm_histogram_first_peak_bpm": 120,
    "bpm_histogram_first_peak_weight": 0.571428596973,
    "bpm_histogram_second_peak_bpm": 103,
    "bpm_histogram_second_peak_spread": 0.5625,
    "bpm_histogram_second_peak_weight": 0.044025156647,
    "danceability": 1.10613036156,
    "onset_rate": 3.45761704445,
    "beats_loudness_band_ratio": {
        "max": [0.885779201984, 0.981603324413, 0.975236475468, 0.924352169037, 0.500119745731, 0.935614645481],
        "mean": [0.137120530009, 0.36991840601, 0.355229139328, 0.154632568359, 0.0297497417778, 0.0229496993124],
        "min": [0.00123096560128, 0.000394493428757, 0.00252123037353, 0.000645234773401, 8.21312933112e-05, 4.44233519374e-05],
        "stdev": [0.206848934293, 0.342080563307, 0.301440507174, 0.228439256549, 0.0583156086504, 0.0973397344351]
    },
