{
"metadata": {
    "version": {
        "essentia": "2.1-beta5",
        "essentia_git_sha": "Undefined",
        "extractor": "music 2.0"
    },
    "audio_properties": {
        "analysis": {
            "equal_loudness": 0,
            "length": 12.7477550507,
            "sample_rate": 44100,
            "start_time": 0,
            "downmix": "mix"
        },
        "bit_rate": 192000,
        "length": 260.028656006,
        "lossless": 0,
        "number_channels": 2,
        "replay_gain": -4.04250144958,
        "sample_rate": 48000,
        "codec": "mp3",
        "md5_encoded": "324a5e6e0f88862e55d44e1f226a0219"
    },
    "tags": {
        "file_name": "Italy_We_ll Live It All Again_Romina and Al Bano.mp3",
        "encoding": ["Lavf58.29.100"]
    }
},
"lowlevel": {
    "average_loudness": 0.133920133114,
    "barkbands_crest": {
        "max": 23.7121105194,
        "mean": 11.4350328445,
        "min": 3.62498140335,
        "stdev": 4.92668819427
    },
    "barkbands_flatness_db": {
        "max": 0.278108209372,
        "mean": 0.165857374668,
        "min": 0.0404818728566,
        "stdev": 0.0673833563924
    },
    "barkbands_kurtosis": {
        "max": 72.988319397,
        "mean": 9.49333095551,
        "min": -1.81162774563,
        "stdev": 12.0292654037
    },
    "barkbands_skewness": {
        "max": 7.9363284111,
        "mean": 1.42321276665,
        "min": -1.85747826099,
        "stdev": 1.85937130451
    },
    "barkbands_spread": {
        "max": 78.4908981323,
        "mean": 15.0057811737,
        "min": 1.8479937315,
        "stdev": 13.4390325546
    },
    "dissonance": {
        "max": 0.499846667051,
        "mean": 0.450856864452,
        "min": 0.279996782541,
        "stdev": 0.0473693832755
    },
    "dynamic_complexity": 8.49580478668,
    "erbbands_crest": {
        "max": 29.3701972961,
        "mean": 11.5358552933,
        "min": 2.85121178627,
        "stdev": 5.52801561356
    },
    "erbbands_flatness_db": {
        "max": 0.301424443722,
        "mean": 0.174259915948,
        "min": 0.067804902792,
        "stdev": 0.0551578961313
    },
    "erbbands_kurtosis": {
        "max": 36.3377876282,
        "mean": 5.41772699356,
        "min": -1.8463858366,
        "stdev": 7.91137075424
    },
    "erbbands_skewness": {
        "max": 5.26572418213,
        "mean": 1.2203258276,
        "min": -3.43972849846,
        "stdev": 1.52773916721
    },
    "erbbands_spread": {
        "max": 89.6511459351,
        "mean": 23.847328186,
        "min": 3.92506241798,
        "stdev": 16.6467876434
    },
    "hfc": {
        "max": 248.91293335,
        "mean": 8.10428524017,
        "min": 1.104085543e-16,
        "stdev": 27.1267662048
    },
    "loudness_ebu128": {
        "integrated": -23.4634113312,
        "loudness_range": 13.3961906433,
        "momentary": {
            "max": -14.6754608154,
            "mean": -29.8472118378,
            "min": -39.7381210327,
            "stdev": 6.50017881393
        },
        "short_term": {
            "max": -19.9538230896,
            "mean": -28.2653198242,
            "min": -35.2273635864,
            "stdev": 4.54055309296
        }
    },
    "melbands_crest": {
        "max": 33.3141937256,
        "mean": 16.1211891174,
        "min": 2.02469205856,
        "stdev": 6.98554039001
    },
    "melbands_flatness_db": {
        "max": 0.379603683949,
        "mean": 0.245774254203,
        "min": 0.00434497464448,
        "stdev": 0.0984818860888
    },
    "melbands_kurtosis": {
        "max": 183.974777222,
        "mean": 15.2153873444,
        "min": -1.6808835268,
        "stdev": 25.439289093
    },
    "melbands_skewness": {
        "max": 11.562661171,
        "mean": 1.89440500736,
        "min": -0.838001430035,
        "stdev": 2.26582717896
    },
    "melbands_spread": {
        "max": 141.264678955,
        "mean": 25.0481204987,
        "min": 1.72827076912,
        "stdev": 28.4302806854
    },
    "pitch_salience": {
        "max": 0.833853900433,
        "mean": 0.563403666019,
        "min": 0.142856061459,
        "stdev": 0.143638923764
    },
    "silence_rate_20dB": {
        "max": 1,
        "mean": 1,
        "min": 1,
        "stdev": 0
    },
    "silence_rate_30dB": {
        "max": 1,
        "mean": 0.972727298737,
        "min": 0,
        "stdev": 0.162877157331
    },
    "silence_rate_60dB": {
        "max": 1,
        "mean": 0.694545447826,
        "min": 0,
        "stdev": 0.460599005222
    },
    "spectral_centroid": {
        "max": 11624.9492188,
        "mean": 1196.73034668,
        "min": 321.416748047,
        "stdev": 1222.77514648
    },
    "spectral_complexity": {
        "max": 32,
        "mean": 6.69090890884,
        "min": 0,
        "stdev": 7.05839681625
    },
    "spectral_decrease": {
        "max": 5.06509945724e-29,
        "mean": -2.13301376562e-09,
        "min": -6.16438171619e-08,
        "stdev": 7.24627424731e-09
    },
    "spectral_energy": {
        "max": 0.255235522985,
        "mean": 0.00878557190299,
        "min": 1.03394224226e-20,
        "stdev": 0.0297878347337
    },
    "spectral_energyband_high": {
        "max": 0.000873810960911,
        "mean": 6.19715356152e-05,
        "min": 7.34262865045e-21,
        "stdev": 0.000111218505481
    },
    "spectral_energyband_low": {
        "max": 0.00166852935217,
        "mean": 0.000526222283952,
        "min": 5.20450004032e-23,
        "stdev": 0.000246066891123
    },
    "spectral_energyband_middle_high": {
        "max": 0.10871091485,
        "mean": 0.00291123543866,
        "min": 1.43095854305e-21,
        "stdev": 0.0101400222629
    },
    "spectral_energyband_middle_low": {
        "max": 0.16328600049,
        "mean": 0.00535387778655,
        "min": 3.00153269309e-22,
        "stdev": 0.0203435476869
    },
    "spectral_entropy": {
        "max": 9.80899429321,
        "mean": 7.30314350128,
        "min": 5.99771308899,
        "stdev": 0.667905807495
    },
    "spectral_flux": {
        "max": 0.437643021345,
        "mean": 0.0409081652761,
        "min": 6.5398506055e-11,
        "stdev": 0.0653846114874
    },
    "spectral_kurtosis": {
        "max": 36.3509941101,
        "mean": 8.35320281982,
        "min": -1.21549272537,
        "stdev": 4.62752389908
    },
    "spectral_rms": {
        "max": 0.0157800596207,
        "mean": 0.00194608909078,
        "min": 3.17604189476e-12,
        "stdev": 0.0021872415673
    },
    "spectral_rolloff": {
        "max": 19056.8847656,
        "mean": 1300.76403809,
        "min": 64.599609375,
        "stdev": 2062.94580078
    },
    "spectral_skewness": {
        "max": 4.87218904495,
        "mean": 2.22969889641,
        "min": -0.0638505294919,
        "stdev": 0.594631075859
    },
    "spectral_spread": {
        "max": 40674500,
        "mean": 4351026,
        "min": 2151365.5,
        "stdev": 3623352.25
    },
    "spectral_strongpeak": {
        "max": 8.99273109436,
        "mean": 0.468352109194,
        "min": 0,
        "stdev": 1.02495336533
    },
    "zerocrossingrate": {
        "max": 0.63671875,
        "mean": 0.0502343736589,
        "min": 0.00390625,
        "stdev": 0.0646444559097
    },
    "barkbands": {
        "max": [0.000148131628521, 0.00136835093144, 0.000314222212182, 0.000213078135857, 0.00773997791111, 0.0279012490064, 0.0548734366894, 0.111474536359, 0.112915225327, 0.0366377606988, 0.00857556425035, 0.0359208099544, 0.045467119664, 0.0549276135862, 0.0111767305061, 0.0110908988863, 0.014199742116, 0.00430802442133, 0.00179545674473, 0.000361489568604, 0.000269272713922, 0.000198191715754, 0.000148705454194, 0.000147895494592, 8.71480806381e-05, 0.000125635313452, 1.57840131578e-05],
        "mean": [3.48144421878e-05, 0.000448984646937, 3.10599862132e-05, 2.7104808396e-05, 0.000368838896975, 0.000460132956505, 0.000855680671521, 0.00148351991083, 0.00203504995443, 0.000322568317642, 0.000172401443706, 0.00043194211321, 0.000757674803026, 0.000463660428068, 0.000189176862477, 0.000142536562635, 0.000342222920153, 0.000113439957204, 3.42246166838e-05, 1.08977892523e-05, 1.50608930198e-05, 1.1579087186e-05, 9.90473563434e-06, 9.77348190645e-06, 5.07259528604e-06, 7.49966056901e-06, 7.51863751702e-07],
        "min": [5.96338454669e-24, 1.85375370751e-23, 7.94326843547e-24, 9.7416267525e-24, 1.28285120498e-23, 2.58512400768e-23, 3.48114945806e-23, 3.52921065094e-23, 5.6040451515e-23, 2.86232783651e-23, 3.27030334641e-23, 4.05127469594e-23, 1.17627213661e-22, 6.08423803737e-23, 1.02594061784e-22, 8.54946560042e-23, 7.14425063055e-23, 1.32167119212e-22, 1.99581998348e-22, 2.0846514012e-22, 3.70954431699e-22, 4.1676554084e-22, 5.01258829433e-22, 6.96335018373e-22, 1.02352624908e-21, 1.46451620633e-21, 2.34478682964e-21],
        "stdev": [1.99718288059e-05, 0.000217366803554, 3.8539263187e-05, 2.94147739623e-05, 0.000632711860817, 0.00154682446737, 0.00409013452008, 0.00879165530205, 0.0119614768773, 0.00213442463428, 0.000861286302097, 0.00259208469652, 0.00377672258765, 0.00260839075781, 0.000645449210424, 0.000680695578922, 0.00112315430306, 0.000367913395166, 0.000118404772365, 2.72898923868e-05, 3.20031649608e-05, 2.20970450755e-05, 1.95007251023e-05, 1.85830449482e-05, 9.37144159252e-06, 1.40523852679e-05, 1.57411409418e-06]
    },
    "erbbands": {
        "max": [0.073805809021, 0.231516867876, 0.344418466091, 0.629538178444, 1.63750219345, 18.0061130524, 134.009796143, 310.74005127, 586.27142334, 1154.79968262, 3038.72216797, 3076.52099609, 2095.23632812, 493.820037842, 471.148956299, 1656.6159668, 2152.68432617, 1168.01623535, 2500.61401367, 319.590698242, 767.00177002, 830.665588379, 294.125762939, 146.453552246, 47.6951675415, 12.6643037796, 11.6896829605, 8.78025245667, 9.46539783478, 3.88621640205, 4.31974315643, 3.34763050079, 2.28239250183, 1.18742918968, 0.505196332932, 0.250378698111, 0.273251235485, 0.0730286240578, 0.00154629419558, 0.000342402228853],
        "mean": [0.0224458277225, 0.0621649324894, 0.0421263203025, 0.0670206844807, 0.213294506073, 1.26134157181, 3.66548037529, 3.81819653511, 10.6541433334, 16.1687049866, 37.0547714233, 53.8015289307, 21.2127971649, 8.47331523895, 8.5020160675, 19.6308326721, 32.5510292053, 26.0349369049, 18.4541416168, 7.01011610031, 11.6876440048, 18.0888652802, 7.95108509064, 2.99240469933, 1.31514000893, 0.486904740334, 0.602132201195, 0.465756326914, 0.485273212194, 0.33640691638, 0.263199388981, 0.199442759156, 0.165066123009, 0.0791427493095, 0.0250650160015, 0.0148881943896, 0.0164622031152, 0.00421437760815, 0.000126285420265, 1.49694660649e-05],
        "min": [7.06157485224e-22, 3.73886202329e-21, 8.17948016759e-21, 5.47086335774e-20, 2.91569533698e-20, 4.91001196109e-20, 1.2352936907e-19, 2.74497275487e-19, 5.65688296506e-19, 3.98008394885e-19, 7.69637069458e-19, 1.06861715917e-18, 1.17553738777e-18, 8.28899442167e-19, 2.02930916868e-18, 2.19318688292e-18, 4.79466680747e-18, 3.08092125221e-18, 5.77918916665e-18, 5.21617033708e-18, 4.02422623544e-18, 4.28914985177e-18, 7.36991456005e-18, 9.21920916831e-18, 1.12421066533e-17, 1.03458597683e-17, 1.24078067956e-17, 1.81709776097e-17, 1.5159825113e-17, 1.3588634417e-17, 1.28451909522e-17, 1.357067219e-17, 1.21688947008e-17, 1.05029322676e-17, 7.1308816969e-18, 4.60395659493e-18, 2.82895748814e-18, 1.21259011613e-18, 2.9846677244e-19, 3.22471902783e-20],
        "stdev": [0.010271243751, 0.0363497547805, 0.044217210263, 0.0655326172709, 0.270017057657, 1.90999758244, 8.11884880066, 16.8465671539, 43.6231689453, 80.2727661133, 222.39453125, 323.658935547, 137.536499023, 42.9615898132, 43.0139770508, 116.091659546, 161.276275635, 102.376243591, 113.776802063, 23.8594589233, 51.5124473572, 58.4406738281, 24.2179164886, 11.5696058273, 3.50892615318, 1.11997067928, 1.30453336239, 0.965296089649, 0.963832497597, 0.61276948452, 0.525173485279, 0.396870404482, 0.318131387234, 0.143642932177, 0.0529841147363, 0.030025774613, 0.0308394338936, 0.00832230132073, 0.000228102944675, 4.00510616601e-05]
    },
    "gfcc": {
        "mean": [-154.393600464, 89.2478027344, -95.4391784668, 19.6460800171, -41.7875404358, 6.30945920944, -42.2585945129, 11.7277164459, -3.92451715469, 15.8096790314, -4.94085931778, 10.2497053146, -12.1889715195],
        "cov": [[20933.9296875, -1011.4864502, -3851.62207031, -1304.82897949, -509.141571045, 462.987915039, -399.560668945, 560.882080078, 153.854400635, 406.184173584, -271.899383545, 375.755615234, -316.996582031], [-1011.4864502, 1725.82971191, 1116.91442871, 152.138442993, -257.236694336, -562.185424805, -271.484558105, -225.173171997, -152.109161377, -149.83001709, 131.338623047, -2.91262030602, 69.9740905762], [-3851.62207031, 1116.91442871, 1459.44970703, 533.74822998, -97.0831985474, -391.355987549, -107.067962646, -275.774475098, -124.507041931, -127.311477661, 137.77154541, -87.7863922119, 111.177711487], [-1304.82897949, 152.138442993, 533.74822998, 566.683227539, 101.506141663, 8.2165517807, -28.7965450287, -93.0923233032, -12.0633516312, -6.98227405548, 23.3791370392, -65.4802398682, 36.3383407593], [-509.141571045, -257.236694336, -97.0831985474, 101.506141663, 188.384719849, 130.125106812, 26.9542980194, 41.8537330627, 44.1321029663, 3.73509979248, -29.1830482483, -4.40648698807, -9.79692745209], [462.987915039, -562.185424805, -391.355987549, 8.2165517807, 130.125106812, 340.968200684, 171.959838867, 100.59186554, 62.2056999207, 56.4804611206, -70.4919815063, -44.0603599548, -47.2383232117], [-399.560668945, -271.484558105, -107.067962646, -28.7965450287, 26.9542980194, 171.959838867, 192.342819214, 65.5030975342, 11.8824882507, 5.83299779892, -32.6646156311, -49.0161209106, -17.5171604156], [560.882080078, -225.173171997, -275.774475098, -93.0923233032, 41.8537330627, 100.59186554, 65.5030975342, 119.186714172, 39.8267555237, 0.333705455065, -44.4619064331, 13.7930040359, -27.0879020691], [153.854400635, -152.109161377, -124.507041931, -12.0633516312, 44.1321029663, 62.2056999207, 11.8824882507, 39.8267555237, 66.8293609619, 45.004940033, -18.5085754395, -6.84911108017, -12.2134914398], [406.184173584, -149.83001709, -127.311477661, -6.98227405548, 3.73509979248, 56.4804611206, 5.83299779892, 0.333705455065, 45.004940033, 89.8480682373, 18.7799968719, -17.3965568542, -18.1648845673], [-271.899383545, 131.338623047, 137.77154541, 23.3791370392, -29.1830482483, -70.4919815063, -32.6646156311, -44.4619064331, -18.5085754395, 18.7799968719, 84.3985977173, 17.879114151, 10.0692558289], [375.755615234, -2.91262030602, -87.7863922119, -65.4802398682, -4.40648698807, -44.0603599548, -49.0161209106, 13.7930040359, -6.84911108017, -17.3965568542, 17.879114151, 79.4200286865, 19.8619365692], [-316.996582031, 69.9740905762, 111.177711487, 36.3383407593, -9.79692745209, -47.2383232117, -17.5171604156, -27.0879020691, -12.2134914398, -18.1648845673, 10.0692558289, 19.8619365692, 58.5291557312]],
        "icov": [[0.000535460945684, -0.000982746132649, 0.00250997790135, -0.00140002171975, 0.00276640243828, -0.00126103463117, 0.0018298382638, -0.000801245565526, 0.000803732546046, -0.000553815159947, 0.000106779654743, -0.000269884098088, -0.00013239326654], [-0.000982746132649, 0.00433798832819, -0.00709442840889, 0.00382254645228, -0.00345290149562, 0.00166566704866, 0.000494256033562, -0.00127814640291, 0.00028435952845, 0.00142174039502, -0.000377734133508, 0.00156079791486, 0.000952624308411], [0.00250997790135, -0.00709442840889, 0.0217341482639, -0.0125535121188, 0.0131097584963, 0.000714499328751, 0.000131832261104, 0.00793803390115, -0.00853693392128, 0.0122761884704, -0.00901952758431, 0.00621283147484, -0.00345855788328], [-0.00140002171975, 0.00382254645228, -0.0125535121188, 0.0104711325839, -0.00938869081438, -0.0019895194564, 0.00189925823361, -0.00379116646945, 0.00565872201696, -0.00645426940173, 0.00369074009359, 0.000139704250614, -0.000676026800647], [0.00276640243828, -0.00345290149562, 0.0131097584963, -0.00938869081438, 0.0280036628246, -0.012875078246, 0.0149976816028, -0.00385754578747, -0.00689295725897, 0.0102822249755, -0.00575011130422, 0.000961019541137, -0.000546958995983], [-0.00126103463117, 0.00166566704866, 0.000714499328751, -0.0019895194564, -0.012875078246, 0.0232475064695, -0.0209308546036, 0.0091658635065, -0.00548623735085, -0.000340855272952, 0.0026935369242, 0.000779329740908, 0.00366373732686], [0.0018298382638, 0.000494256033562, 0.000131832261104, 0.00189925823361, 0.0149976816028, -0.0209308546036, 0.0345585979521, -0.0212303437293, 0.014059074223, -0.00238224002533, -0.00352377025411, 0.0104751931503, -0.00672943610698], [-0.000801245565526, -0.00127814640291, 0.00793803390115, -0.00379116646945, -0.00385754578747, 0.0091658635065, -0.0212303437293, 0.0408943593502, -0.0315130762756, 0.0258375573903, -0.00563702033833, -0.00358563521877, 0.00741753587499], [0.000803732546046, 0.00028435952845, -0.00853693392128, 0.00565872201696, -0.00689295725897, -0.00548623735085, 0.014059074223, -0.0315130762756, 0.064930178225, -0.051693495363, 0.0242483932525, -0.00824370793998, -0.00311087747104], [-0.000553815159947, 0.00142174039502, 0.0122761884704, -0.00645426940173, 0.0102822249755, -0.000340855272952, -0.00238224002533, 0.0258375573903, -0.051693495363, 0.0712896510959, -0.038692265749, 0.0257264319807, -0.0020557269454], [0.000106779654743, -0.000377734133508, -0.00901952758431, 0.00369074009359, -0.00575011130422, 0.0026935369242, -0.00352377025411, -0.00563702033833, 0.0242483932525, -0.038692265749, 0.0406833700836, -0.0249986443669, 0.00795511156321], [-0.000269884098088, 0.00156079791486, 0.00621283147484, 0.000139704250614, 0.000961019541137, 0.000779329740908, 0.0104751931503, -0.00358563521877, -0.00824370793998, 0.0257264319807, -0.0249986443669, 0.0433051660657, -0.0170812066644], [-0.00013239326654, 0.000952624308411, -0.00345855788328, -0.000676026800647, -0.000546958995983, 0.00366373732686, -0.00672943610698, 0.00741753587499, -0.00311087747104, -0.0020557269454, 0.00795511156321, -0.0170812066644, 0.0296439472586]]
    },
    "melbands": {
        "max": [0.000480920629343, 0.000170305895153, 0.000121506018331, 0.00048265355872, 0.00381538434885, 0.00653523765504, 0.00792489945889, 0.0104679977521, 0.0226048640907, 0.0211468394846, 0.0102461054921, 0.00183130940422, 0.0014012666652, 0.00408365856856, 0.00483313342556, 0.00457995291799, 0.0024691040162, 0.00520948693156, 0.000749188475311, 0.000398277305067, 0.000964316073805, 0.00115971919149, 0.000337035249686, 0.000242720183451, 0.000135706955916, 4.87591823912e-05, 2.5960171115e-05, 3.86204783354e-06, 5.85902489547e-06, 8.33225840324e-06, 3.530985623e-06, 5.47025229025e-06, 3.23962740367e-06, 2.91875790026e-06, 3.65988262274e-06, 1.97524786927e-06, 1.72210002347e-06, 1.61617003869e-06, 1.0332059901e-06, 1.10220503302e-06],
        "mean": [0.00015392350906, 3.81097015634e-05, 1.48244334923e-05, 4.55692243122e-05, 0.000118980002298, 8.87034693733e-05, 0.000167729551322, 0.000209719670238, 0.00028351493529, 0.000344189698808, 9.57232550718e-05, 3.30970724463e-05, 2.50030443567e-05, 4.08518171753e-05, 6.32371811662e-05, 7.71877530497e-05, 4.40327094111e-05, 3.39889193128e-05, 1.2212675756e-05, 7.45286752135e-06, 1.53416604007e-05, 2.07782068173e-05, 1.12059578896e-05, 4.62148909719e-06, 2.17423485083e-06, 1.05815274765e-06, 7.06178923338e-07, 2.03321960157e-07, 2.9026273296e-07, 4.62515487243e-07, 1.92865627469e-07, 2.70606960839e-07, 2.25401038279e-07, 1.95103154965e-07, 1.80951204243e-07, 1.13551251957e-07, 1.07276463268e-07, 1.19665202192e-07, 8.99557974776e-08, 5.63509274798e-08],
        "min": [6.88700813807e-24, 5.08532595562e-24, 8.09049670166e-24, 3.7453912767e-24, 3.7050449857e-24, 5.51117673809e-24, 9.47647245845e-24, 4.51295530406e-24, 6.13279045393e-24, 6.64483809536e-24, 5.63859789023e-24, 3.25081355167e-24, 4.60282194396e-24, 6.73519659002e-24, 5.38186744736e-24, 9.02564318428e-24, 4.95537058782e-24, 9.40408658179e-24, 6.73713561013e-24, 5.3376048564e-24, 4.8777435193e-24, 4.3928571477e-24, 5.57472895033e-24, 5.86293573218e-24, 6.74555827801e-24, 7.66529436286e-24, 8.88959386598e-24, 5.54082528635e-24, 7.22738347487e-24, 6.09309300103e-24, 8.38584780229e-24, 9.11705717484e-24, 6.54829926993e-24, 7.02215815493e-24, 6.4440331575e-24, 9.70447613702e-24, 6.92986616219e-24, 6.47824447724e-24, 7.37673062145e-24, 6.90637309557e-24],
        "stdev": [7.24709316273e-05, 2.61465647782e-05, 1.50011719597e-05, 6.20098071522e-05, 0.000243710470386, 0.000358836347004, 0.000687089632265, 0.000981806195341, 0.00165495206602, 0.00210391636938, 0.0006456640549, 0.000167109348695, 0.000126046812511, 0.000248025608016, 0.000360987702152, 0.000380923622288, 0.000178513582796, 0.000234718419961, 4.3069023377e-05, 3.04749864881e-05, 6.93672118359e-05, 7.47352969483e-05, 3.2728043152e-05, 1.74055512616e-05, 9.65111303231e-06, 3.23069093611e-06, 2.02871683541e-06, 4.41907616278e-07, 6.23691107648e-07, 1.04819378066e-06, 4.08651203543e-07, 5.43245448625e-07, 4.33741064398e-07, 3.76525605361e-07, 3.85144261372e-07, 2.25404519938e-07, 2.13006046579e-07, 2.3750826017e-07, 1.62367612688e-07, 1.08156307022e-07]
    },
    "melbands128": {
        "max": [0.00010904778901, 0.000716753944289, 0.000585619360209, 0.00031069223769, 0.000187425059266, 0.000152474181959, 0.000134045651066, 0.000119705422549, 0.000185093726031, 0.000236242718529, 0.00101788644679, 0.0036402749829, 0.00677326694131, 0.00220666499808, 0.00732833798975, 0.0101440399885, 0.0110568162054, 0.0143888369203, 0.0189323108643, 0.0205602534115, 0.0140341073275, 0.0421820990741, 0.0351720675826, 0.0231918469071, 0.0340169034898, 0.0412561185658, 0.014802605845, 0.0112819559872, 0.00443175248802, 0.00308120320551, 0.00209271162748, 0.00162390433252, 0.00211155181751, 0.0016925628297, 0.00317038362846, 0.00692853098735, 0.00630023563281, 0.00637991074473, 0.00553013850003, 0.00716638285667, 0.0072188959457, 0.00492500513792, 0.00152266724035, 0.00178066582885, 0.0104339551181, 0.00464530754834, 0.0015997585142, 0.00101588771213, 0.000885252084117, 0.000164065218996, 0.000465092627564, 0.000539099040907, 0.0018375844229, 0.00105241953861, 0.000955865602009, 0.00215184525587, 0.000528108153958, 0.000621575862169, 0.000380435812986, 0.000412088935263, 0.000483386858832, 0.000163602948305, 0.000213556471863, 0.000111574627226, 0.000111244611617, 6.30973954685e-05, 5.16045838594e-05, 5.05609314132e-05, 2.52938807535e-05, 9.82931123872e-06, 3.81564177587e-06, 1.12318309675e-06, 2.87105149255e-06, 5.85452153246e-06, 1.55140824063e-05, 1.24308726299e-05, 9.22546405491e-06, 8.78342780197e-06, 3.70951079276e-06, 3.92567835661e-06, 4.78334959553e-06, 8.60380350787e-06, 6.98482062944e-06, 3.33370303451e-06, 4.23607070843e-06, 2.71395811069e-06, 4.70452141599e-06, 7.37611753721e-06, 4.94467394674e-06, 2.04470416065e-06, 8.2196652329e-07, 2.59222611021e-06, 3.85337807529e-06, 2.01121724785e-06, 5.33369529876e-07, 9.8758380318e-07, 2.81557458948e-06, 2.1981595637e-06, 1.11119413759e-06, 1.65308267697e-06, 1.41087673455e-06, 1.38862003496e-06, 8.01567978215e-07, 6.84797271333e-07, 6.70457040997e-07, 6.66591233767e-07, 4.46022738743e-07, 3.12982308515e-07, 3.6591876551e-07, 7.43374471313e-07, 6.0619498754e-07, 9.05911008431e-07, 1.02195781437e-06, 1.38326788601e-06, 1.2390989923e-06, 1.33777075462e-06, 5.19756952144e-07, 2.29830376952e-07, 2.25723972846e-08, 2.31979981891e-08, 3.18752952921e-08, 4.04312743285e-08, 5.0723535594e-08, 4.59047155843e-09, 4.54790916038e-09, 4.53733850492e-09, 4.5133652371e-09, 4.49918236001e-09],
        "mean": [3.39802863891e-05, 0.000213015082409, 0.000189413301996, 7.29502280592e-05, 2.30717996601e-05, 1.42991420944e-05, 1.22876435853e-05, 1.43357583511e-05, 1.89300480997e-05, 2.75256079476e-05, 6.47132546874e-05, 0.000139051262522, 0.000155844827532, 6.71648667776e-05, 6.58053395455e-05, 0.000106205508928, 0.00014672614634, 0.000194978201762, 0.00017050896713, 0.000144985649968, 0.000216708009248, 0.000432541477494, 0.000268604722805, 0.000160425930517, 0.00038348408998, 0.000475828768685, 0.000128880637931, 6.07603651588e-05, 4.51409250672e-05, 3.7118606997e-05, 2.99053172057e-05, 2.16944663407e-05, 2.78004426946e-05, 2.23016886594e-05, 3.01909385598e-05, 4.99241941725e-05, 4.94292544317e-05, 7.42864140193e-05, 5.61820561416e-05, 7.63435746194e-05, 9.19915473787e-05, 6.59362049191e-05, 3.61170677934e-05, 3.47368550138e-05, 4.94749692734e-05, 3.28481364704e-05, 1.88757985597e-05, 1.3007128473e-05, 9.68781387201e-06, 6.14293412582e-06, 6.8656017902e-06, 7.71025315771e-06, 1.30687340061e-05, 1.91778926819e-05, 2.15378950088e-05, 2.29517972912e-05, 1.79496619239e-05, 1.40751471918e-05, 8.38402957015e-06, 6.0162342379e-06, 4.8936112762e-06, 3.14942985824e-06, 2.72674219559e-06, 1.76300511612e-06, 1.44055252349e-06, 1.00278305126e-06, 8.59976864831e-07, 9.15753844311e-07, 6.88645059199e-07, 4.05994740049e-07, 1.9997244749e-07, 7.96498156319e-08, 1.28317807935e-07, 2.94822939395e-07, 5.3071801176e-07, 5.42649729596e-07, 4.23092899382e-07, 2.64273325001e-07, 1.32279453169e-07, 1.40166960705e-07, 2.36286325617e-07, 3.3615779671e-07, 3.50019490725e-07, 2.14204391114e-07, 1.20298864204e-07, 1.36790944794e-07, 2.33118910842e-07, 2.89541446818e-07, 2.07894728987e-07, 8.16793459535e-08, 5.25052961109e-08, 1.39667633903e-07, 1.85806484865e-07, 1.14056007305e-07, 4.51333441731e-08, 8.72933725304e-08, 1.61099109164e-07, 1.39482239092e-07, 5.52988979052e-08, 9.34113444373e-08, 9.09125006388e-08, 3.97300041755e-08, 2.96996915949e-08, 3.43235413425e-08, 2.82853473976e-08, 2.14768824947e-08, 1.84589250551e-08, 2.11589785692e-08, 1.86855455553e-08, 3.04790503947e-08, 3.59902969649e-08, 4.48101644679e-08, 6.4344881423e-08, 5.57533539336e-08, 7.50547002326e-08, 5.81465755545e-08, 2.187130832e-08, 3.87589782491e-09, 9.552991731e-10, 9.67061875023e-10, 1.50274037658e-09, 1.95731941766e-09, 1.94922233909e-09, 7.88014514752e-11, 9.82957378687e-12, 9.63691973443e-12, 9.49525267441e-12, 9.45005185216e-12],
        "min": [9.39684700804e-25, 3.94269091112e-24, 4.84669079863e-24, 5.22665157008e-24, 2.78121747378e-24, 4.63744426023e-24, 1.26768164643e-23, 2.38889564637e-24, 2.48188183671e-24, 6.4927413741e-25, 3.00662698327e-24, 9.54028854467e-25, 1.36295827469e-24, 4.90409857328e-24, 4.53393900414e-24, 4.24452842055e-24, 1.4563649279e-24, 7.90681438418e-24, 4.9982798879e-24, 7.85965588484e-25, 2.6606243072e-24, 3.3080073478e-24, 1.29791156546e-24, 4.78844367597e-24, 8.39796371972e-25, 1.75744365174e-24, 6.73873463118e-24, 5.15610571148e-24, 2.88018776573e-24, 2.49066738061e-24, 2.44534179958e-24, 3.02469170078e-24, 4.46317936424e-24, 5.97184350217e-24, 5.30685505832e-24, 2.89400624221e-24, 7.08293515452e-24, 1.50684117899e-24, 3.05165200829e-24, 8.47780374029e-24, 1.07015560893e-23, 6.2180237193e-24, 1.71664435737e-24, 4.01523968756e-24, 7.07865400638e-24, 8.86527643972e-24, 7.3745241775e-24, 5.25230335457e-24, 2.27021822849e-24, 2.37708777912e-24, 4.83222900608e-24, 2.68861171161e-24, 2.86111882829e-24, 3.11580237432e-24, 3.12065801041e-24, 3.61231201971e-24, 2.53614600066e-24, 1.3604611355e-24, 8.25733526108e-24, 4.31658534222e-24, 5.33944487446e-24, 3.9509360853e-24, 3.90453134256e-24, 6.73760103806e-24, 6.74876263101e-24, 7.004468738e-24, 8.3028911895e-24, 7.88731058716e-24, 6.99442732753e-24, 4.46784902636e-24, 4.38137961596e-24, 5.5201385924e-24, 6.86134412624e-24, 6.32226656033e-24, 4.39091260557e-24, 5.05278071012e-24, 4.2446495107e-24, 1.01830756816e-23, 6.16548637187e-24, 5.74540137376e-24, 4.35746332547e-24, 5.18992536178e-24, 5.14168296755e-24, 7.01871004392e-24, 5.65639893099e-24, 4.89064691713e-24, 4.72878094241e-24, 4.75671332378e-24, 4.69282387349e-24, 4.47800639938e-24, 8.98614491876e-24, 6.82852830144e-24, 6.36472029323e-24, 5.60535450283e-24, 3.63967799894e-24, 6.08990481968e-24, 5.46368731159e-24, 5.41914664716e-24, 7.56900915621e-24, 7.71562684405e-24, 7.79862763306e-24, 5.04577286426e-24, 5.77159747227e-24, 6.780720964e-24, 5.23064399512e-24, 6.58562540695e-24, 5.05489604063e-24, 8.07762170282e-24, 6.45940766212e-24, 5.89350290897e-24, 6.82032651461e-24, 7.12687470694e-24, 8.51008787284e-24, 7.41134426025e-24, 6.46753845147e-24, 7.49930304004e-24, 7.86979393076e-24, 6.51922343468e-24, 7.92705576615e-24, 9.50607998594e-24, 6.8505596088e-24, 7.07608468642e-24, 8.0298443421e-24, 8.38195004056e-24, 7.58899810269e-24, 7.93065376074e-24, 6.56243526292e-24, 8.77813176438e-24],
        "stdev": [1.90459159057e-05, 9.68860331341e-05, 9.84175057965e-05, 4.92348808621e-05, 2.62050834863e-05, 1.74118649738e-05, 1.35830578074e-05, 1.65875062521e-05, 2.95508325507e-05, 3.49533911503e-05, 0.000101154655567, 0.000281932472717, 0.000393347145291, 0.000188931939192, 0.000408095103921, 0.000550929573365, 0.000679986260366, 0.000976849813014, 0.00105069985148, 0.00118668191135, 0.00114377005957, 0.00294334394857, 0.0020507723093, 0.0012658003252, 0.00264992052689, 0.00322197983041, 0.000976901501417, 0.000580962747335, 0.000302655418636, 0.000214067971683, 0.000173576132511, 0.000116515009722, 0.000164618875715, 0.000131575550768, 0.000186423931154, 0.000373825518182, 0.000339682679623, 0.000499955378473, 0.000341429462424, 0.000492824183311, 0.000522756017745, 0.00037794461241, 0.000131886758027, 0.000129216074129, 0.000459171191324, 0.000221313108341, 7.82378701842e-05, 5.27469674125e-05, 4.30448380939e-05, 1.72172258317e-05, 3.18639213219e-05, 4.07079896831e-05, 8.86182242539e-05, 8.93844771781e-05, 9.22180552152e-05, 0.000114374073746, 5.5227548728e-05, 4.67794125143e-05, 2.95169993478e-05, 2.40189856413e-05, 2.71953667834e-05, 1.29279205794e-05, 1.41789496411e-05, 8.21056892164e-06, 6.59767101752e-06, 3.43107626577e-06, 2.86258091364e-06, 3.26176495946e-06, 1.8976948013e-06, 1.02684316516e-06, 4.59100220951e-07, 1.60782292369e-07, 2.71377075478e-07, 6.31757245628e-07, 1.32438924538e-06, 1.35239201882e-06, 9.96499807115e-07, 7.00798238995e-07, 3.7459392388e-07, 3.3337653349e-07, 4.97996268223e-07, 7.63229991207e-07, 7.7147058164e-07, 4.2683464585e-07, 2.97798436577e-07, 2.88499478529e-07, 4.94476694257e-07, 7.13874158009e-07, 4.56559774875e-07, 1.69107536863e-07, 9.84469110676e-08, 2.99907753742e-07, 4.21812757168e-07, 2.44134184868e-07, 8.57698410073e-08, 1.66837139659e-07, 3.5194457837e-07, 2.8900626603e-07, 1.05762566704e-07, 1.72684565314e-07, 1.79700535341e-07, 9.8843806029e-08, 6.73123210504e-08, 8.47342747079e-08, 6.51085727554e-08, 5.23077225978e-08, 3.79156652741e-08, 4.01206783351e-08, 3.86737575298e-08, 8.00690571623e-08, 7.37510674753e-08, 1.06510611886e-07, 1.1993967064e-07, 1.13980597405e-07, 1.54625610094e-07, 1.22374146372e-07, 5.41755582617e-08, 1.2328815302e-08, 2.14789097619e-09, 2.34647212771e-09, 3.73374398066e-09, 4.80612749598e-09, 4.51132109447e-09, 2.72509070864e-10, 1.93818933125e-10, 1.93372484691e-10, 1.92353355466e-10, 1.91748755762e-10]
    },
    "mfcc": {
        "mean": [-801.134643555, 131.756393433, 5.30626821518, 18.7994384766, 19.1908855438, 1.84005689621, -12.9253082275, -0.841000318527, -2.47849392891, 5.39067983627, 12.888792038, 10.117978096, -1.18297350407],
        "cov": [[11182.6572266, -1077.83093262, -2876.85522461, -1844.66760254, -436.388031006, -100.907783508, -225.235290527, 285.897735596, 394.572937012, 19.283864975, 527.675048828, 276.380218506, -53.6716308594], [-1077.83093262, 1663.63183594, 856.791320801, 395.581726074, -5.07179260254, -322.243041992, -182.788223267, -166.140518188, -279.236206055, -239.073944092, -122.443519592, -89.0983276367, -5.83714532852], [-2876.85522461, 856.791320801, 1237.47692871, 735.72668457, 93.9176330566, -43.4422149658, -6.68323373795, -194.438064575, -246.477798462, -49.7436714172, -204.674133301, -99.7459030151, 1.85653567314], [-1844.66760254, 395.581726074, 735.72668457, 599.139831543, 189.80015564, 10.9562397003, -15.4588460922, -112.508323669, -138.280578613, -25.9032936096, -127.22467041, -67.9170379639, 19.3490695953], [-436.388031006, -5.07179260254, 93.9176330566, 189.80015564, 217.133575439, 62.1892700195, -25.181022644, -7.22745895386, -2.24375462532, -1.07959401608, -7.90786170959, -18.5543746948, 25.3139476776], [-100.907783508, -322.243041992, -43.4422149658, 10.9562397003, 62.1892700195, 192.766601562, 90.7750396729, 15.2026166916, 66.1848602295, 112.855209351, 19.2182159424, 17.9152736664, -5.05473089218], [-225.235290527, -182.788223267, -6.68323373795, -15.4588460922, -25.181022644, 90.7750396729, 135.118118286, 57.4260902405, 41.9598464966, 69.4738311768, 2.27351522446, 22.0862693787, -14.5218830109], [285.897735596, -166.140518188, -194.438064575, -112.508323669, -7.22745895386, 15.2026166916, 57.4260902405, 141.429107666, 89.6759109497, 6.8976688385, 28.5776138306, 13.5205469131, -14.6793489456], [394.572937012, -279.236206055, -246.477798462, -138.280578613, -2.24375462532, 66.1848602295, 41.9598464966, 89.6759109497, 147.33706665, 73.1220626831, 42.9898071289, 13.0957860947, -11.9077453613], [19.283864975, -239.073944092, -49.7436714172, -25.9032936096, -1.07959401608, 112.855209351, 69.4738311768, 6.8976688385, 73.1220626831, 146.859115601, 32.5206947327, 18.0064983368, -7.69156980515], [527.675048828, -122.443519592, -204.674133301, -127.22467041, -7.90786170959, 19.2182159424, 2.27351522446, 28.5776138306, 42.9898071289, 32.5206947327, 89.1600265503, 38.0742263794, -1.76327335835], [276.380218506, -89.0983276367, -99.7459030151, -67.9170379639, -18.5543746948, 17.9152736664, 22.0862693787, 13.5205469131, 13.0957860947, 18.0064983368, 38.0742263794, 66.0727920532, 14.1642799377], [-53.6716308594, -5.83714532852, 1.85653567314, 19.3490695953, 25.3139476776, -5.05473089218, -14.5218830109, -14.6793489456, -11.9077453613, -7.69156980515, -1.76327335835, 14.1642799377, 54.9990119934]],
        "icov": [[0.00035444405512, -0.000367353408365, 0.00129608321004, -0.000441547803348, 0.00076692859875, -0.000725544174202, 0.00103866390418, -0.000321538274875, 0.000602389802225, -0.000444817007519, 0.000140115094837, -0.00050720438594, 0.000390581204556], [-0.000367353408365, 0.00238635437563, -0.00371175329201, 0.00220276112668, -0.0020462940447, 0.00326797459275, -0.000750798906665, 0.000650074856821, -0.000632584502455, 0.00144861103036, -0.00146374420729, 0.000575326266699, 0.000333100702846], [0.00129608321004, -0.00371175329201, 0.013047600165, -0.0104338256642, 0.00775439571589, -0.00543538015336, 0.00266728922725, -0.000756570778321, 0.00465554976836, -0.00359968817793, 0.00385682075284, -0.00100936449599, 0.00142302701715], [-0.000441547803348, 0.00220276112668, -0.0104338256642, 0.0159299336374, -0.0119240805507, 0.00522699672729, -0.00257765152492, 0.00142092851456, -0.000203034214792, -0.000392671732698, 0.00199471740052, 0.000216262895265, 0.000127443418023], [0.00076692859875, -0.0020462940447, 0.00775439571589, -0.0119240805507, 0.0178326629102, -0.0115895550698, 0.00890311971307, -0.00527824321762, 0.00166738661937, 0.00164405675605, -0.00318197882734, 0.00160382990725, -0.00379051407799], [-0.000725544174202, 0.00326797459275, -0.00543538015336, 0.00522699672729, -0.0115895550698, 0.0222486015409, -0.0128360660747, 0.00788203440607, -0.0049569811672, -0.00432402687147, -0.000113484769827, -0.000304108980345, 0.00247363862582], [0.00103866390418, -0.000750798906665, 0.00266728922725, -0.00257765152492, 0.00890311971307, -0.0128360660747, 0.0276326313615, -0.0161708574742, 0.00901832152158, -0.007892774418, 0.00477394461632, -0.00678697833791, 0.00220298860222], [-0.000321538274875, 0.000650074856821, -0.000756570778321, 0.00142092851456, -0.00527824321762, 0.00788203440607, -0.0161708574742, 0.0240717604756, -0.0154543602839, 0.00985560379922, -0.00288847158663, 0.00095228489954, 0.00228415220045], [0.000602389802225, -0.000632584502455, 0.00465554976836, -0.000203034214792, 0.00166738661937, -0.0049569811672, 0.00901832152158, -0.0154543602839, 0.0261542703956, -0.0132195977494, 0.00343390950002, 0.00163889827672, 0.000970251043327], [-0.000444817007519, 0.00144861103036, -0.00359968817793, -0.000392671732698, 0.00164405675605, -0.00432402687147, -0.007892774418, 0.00985560379922, -0.0132195977494, 0.0227921456099, -0.00889918580651, 0.00200561271049, -0.0011048191227], [0.000140115094837, -0.00146374420729, 0.00385682075284, 0.00199471740052, -0.00318197882734, -0.000113484769827, 0.00477394461632, -0.00288847158663, 0.00343390950002, -0.00889918580651, 0.0271733943373, -0.0114123299718, 0.00440232316032], [-0.00050720438594, 0.000575326266699, -0.00100936449599, 0.000216262895265, 0.00160382990725, -0.000304108980345, -0.00678697833791, 0.00095228489954, 0.00163889827672, 0.00200561271049, -0.0114123299718, 0.0270753465593, -0.00948336999863], [0.000390581204556, 0.000333100702846, 0.00142302701715, 0.000127443418023, -0.00379051407799, 0.00247363862582, 0.00220298860222, 0.00228415220045, 0.000970251043327, -0.0011048191227, 0.00440232316032, -0.00948336999863, 0.0243080891669]]
    },
    "spectral_contrast_coeffs": {
        "max": [-0.503972411156, -0.466971337795, -0.508913457394, -0.636677861214, -0.497249722481, -0.735913872719],
        "mean": [-0.786184728146, -0.793356716633, -0.83442401886, -0.846765935421, -0.809067964554, -0.817358791828],
        "min": [-0.972069323063, -0.976344347, -0.974987030029, -0.964962661266, -0.969545423985, -0.96127820015],
        "stdev": [0.0843427628279, 0.0936724990606, 0.0595731548965, 0.0521186441183, 0.0752069577575, 0.0303831379861]
    },
    "spectral_contrast_valleys": {
        "max": [-6.68898820877, -5.04075670242, -4.63701534271, -5.40111494064, -6.90866756439, -9.5326757431],
        "mean": [-7.99109458923, -7.87232351303, -9.00807189941, -8.71264648438, -9.31217002869, -11.7348957062],
        "min": [-27.3409023285, -27.4521827698, -27.3123836517, -27.4422245026, -27.3297519684, -27.2798099518],
        "stdev": [1.97135102749, 2.0742764473, 2.11713862419, 2.18146657944, 1.98124921322, 1.79325723648]
    }
},
"rhythm": {
    "beats_count": 24,
    "beats_loudness": {
        "max": 0.0765751153231,
        "mean": 0.00812208000571,
        "min": 0.000352743605617,
        "stdev": 0.0159867499024
    },
    "bpm": 109.010597229,
    "bpm_histogram_first_peak_bpm": 108,
    "bpm_histogram_first_peak_weight": 0.5,
    "bpm_histogram_second_peak_bpm": 123,
    "bpm_histogram_second_peak_spread": 0.375,
    "bpm_histogram_second_peak_weight": 0.217391297221,
    "danceability": 1.28650200367,
    "onset_rate": 3.05657839775,
    "beats_loudness_band_ratio": {
        "max": [0.956000864506, 0.727668702602, 0.726126253605, 0.321091115475, 0.526134133339, 0.104027114809],
        "mean": [0.332783162594, 0.220959529281, 0.226884528995, 0.0982830002904, 0.137630015612, 0.0205724462867],
        "min": [0.00270966580138, 0.00662219338119, 0.00762933911756, 0.00202426291071, 0.0017146965256, 0.00114318192936],
        "stdev": [0.273548781872, 0.237690806389, 0.220105469227, 0.110577970743, 0.181371793151, 0.0286570899189]
    },
    "beats_position": [0.476009070873, 0.96362811327, 1.45124709606, 1.93886613846, 2.41487526894, 2.89088439941, 3.3785033226, 3.86612248421, 4.34213161469, 4.8994102478, 5.44507932663, 5.9675283432, 6.48997735977, 7.01242637634, 7.55809497833, 8.09215450287, 8.63782310486, 9.19510173798, 9.75238037109, 10.3096599579, 10.866938591, 11.4242172241, 11.9698867798, 12.5155553818],
