{
"metadata": {
    "version": {
        "essentia": "2.1-beta5",
        "essentia_git_sha": "Undefined",
        "extractor": "music 2.0"
    },
    "audio_properties": {
        "analysis": {
            "equal_loudness": 0,
            "length": 48.7502937317,
            "sample_rate": 44100,
            "start_time": 12.7477550507,
            "downmix": "mix"
        },
        "bit_rate": 192000,
        "length": 274.413421631,
        "lossless": 0,
        "number_channels": 2,
        "replay_gain": -8.45183181763,
        "sample_rate": 44100,
        "codec": "mp3",
        "md5_encoded": "6f44740c76c07b5f290ae19b93e0dad9"
    },
    "tags": {
        "file_name": "Finland_Pump-pump_Fredi and The Friends.mp3",
        "encoding": ["Lavf58.29.100"]
    }
},
"lowlevel": {
    "average_loudness": 0.864357411861,
    "barkbands_crest": {
        "max": 24.4966201782,
        "mean": 12.81681633,
        "min": 4.57788324356,
        "stdev": 3.95309042931
    },
    "barkbands_flatness_db": {
        "max": 0.339468091726,
        "mean": 0.217420846224,
        "min": 0.0902870669961,
        "stdev": 0.0417080260813
    },
    "barkbands_kurtosis": {
        "max": 142.086471558,
        "mean": 7.11764144897,
        "min": -1.79385590553,
        "stdev": 10.2997608185
    },
    "barkbands_skewness": {
        "max": 7.43604326248,
        "mean": 1.10455954075,
        "min": -2.45241999626,
        "stdev": 1.11179316044
    },
    "barkbands_spread": {
        "max": 46.2062034607,
        "mean": 9.10504436493,
        "min": 0.596397459507,
        "stdev": 7.4007692337
    },
    "dissonance": {
        "max": 0.499991744757,
        "mean": 0.423778772354,
        "min": 0.217217057943,
        "stdev": 0.052484061569
    },
    "dynamic_complexity": 5.79108524323,
    "erbbands_crest": {
        "max": 32.4275093079,
        "mean": 15.0741071701,
        "min": 4.85436248779,
        "stdev": 5.40514135361
    },
    "erbbands_flatness_db": {
        "max": 0.347960293293,
        "mean": 0.240638360381,
        "min": 0.114551469684,
        "stdev": 0.0351334661245
    },
    "erbbands_kurtosis": {
        "max": 111.382888794,
        "mean": 6.65823078156,
        "min": -1.86729300022,
        "stdev": 10.6877708435
    },
    "erbbands_skewness": {
        "max": 7.20323944092,
        "mean": 1.01262164116,
        "min": -4.57736587524,
        "stdev": 1.70091819763
    },
    "erbbands_spread": {
        "max": 69.0055084229,
        "mean": 16.5131797791,
        "min": 1.26612198353,
        "stdev": 10.6371164322
    },
    "hfc": {
        "max": 137.582366943,
        "mean": 7.83974695206,
        "min": 0.0249942280352,
        "stdev": 16.9256782532
    },
    "loudness_ebu128": {
        "integrated": -19.534286499,
        "loudness_range": 4.89517402649,
        "momentary": {
            "max": -13.0776176453,
            "mean": -22.1779518127,
            "min": -32.2429122925,
            "stdev": 4.94848203659
        },
        "short_term": {
            "max": -16.9033298492,
            "mean": -20.0436267853,
            "min": -29.4596366882,
            "stdev": 2.27011156082
        }
    },
    "melbands_crest": {
        "max": 30.944152832,
        "mean": 14.5974311829,
        "min": 5.44154453278,
        "stdev": 4.30348730087
    },
    "melbands_flatness_db": {
        "max": 0.435288220644,
        "mean": 0.307405978441,
        "min": 0.158689200878,
        "stdev": 0.0548350922763
    },
    "melbands_kurtosis": {
        "max": 90.526512146,
        "mean": 7.45866918564,
        "min": -1.82397437096,
        "stdev": 9.81731987
    },
    "melbands_skewness": {
        "max": 6.34558534622,
        "mean": 1.31553196907,
        "min": -2.33354139328,
        "stdev": 1.11686420441
    },
    "melbands_spread": {
        "max": 68.4508361816,
        "mean": 13.5144662857,
        "min": 0.768264591694,
        "stdev": 12.6121826172
    },
    "pitch_salience": {
        "max": 0.840391516685,
        "mean": 0.559652507305,
        "min": 0.200526937842,
        "stdev": 0.118634834886
    },
    "silence_rate_20dB": {
        "max": 1,
        "mean": 1,
        "min": 1,
        "stdev": 0
    },
    "silence_rate_30dB": {
        "max": 1,
        "mean": 0.996668279171,
        "min": 0,
        "stdev": 0.0576249435544
    },
    "silence_rate_60dB": {
        "max": 1,
        "mean": 0.548786282539,
        "min": 0,
        "stdev": 0.497613072395
    },
    "spectral_centroid": {
        "max": 2484.08520508,
        "mean": 712.871459961,
        "min": 247.137908936,
        "stdev": 427.418518066
    },
    "spectral_complexity": {
        "max": 37,
        "mean": 7.44502639771,
        "min": 0,
        "stdev": 6.29530096054
    },
    "spectral_decrease": {
        "max": -1.17429408211e-11,
        "mean": -2.29538965613e-09,
        "min": -3.17524957438e-08,
        "stdev": 4.35562208523e-09
    },
    "spectral_energy": {
        "max": 0.129394769669,
        "mean": 0.00937442388386,
        "min": 4.65876764792e-05,
        "stdev": 0.017922533676
    },
    "spectral_energyband_high": {
        "max": 0.000577538565267,
        "mean": 1.5267281924e-05,
        "min": 4.4076159611e-07,
        "stdev": 3.67250977433e-05
    },
    "spectral_energyband_low": {
        "max": 0.00135647272691,
        "mean": 0.000270385615295,
        "min": 6.8931090027e-06,
        "stdev": 0.000148769831867
    },
    "spectral_energyband_middle_high": {
        "max": 0.10123731941,
        "mean": 0.00287439255044,
        "min": 3.29193017023e-06,
        "stdev": 0.00730281835422
    },
    "spectral_energyband_middle_low": {
        "max": 0.0949356108904,
        "mean": 0.00632218504325,
        "min": 3.52809875039e-05,
        "stdev": 0.0119095603004
    },
    "spectral_entropy": {
        "max": 7.80886220932,
        "mean": 6.55470371246,
        "min": 5.29879426956,
        "stdev": 0.407592326403
    },
    "spectral_flux": {
        "max": 0.381650596857,
        "mean": 0.0481900945306,
        "min": 0.00546276336536,
        "stdev": 0.0555592402816
    },
    "spectral_kurtosis": {
        "max": 35.9618682861,
        "mean": 16.125995636,
        "min": 2.73074102402,
        "stdev": 5.21499729156
    },
    "spectral_rms": {
        "max": 0.0112356040627,
        "mean": 0.00235577230342,
        "min": 0.000213193314266,
        "stdev": 0.0018963420298
    },
    "spectral_rolloff": {
        "max": 3208.44726562,
        "mean": 902.488342285,
        "min": 215.33203125,
        "stdev": 640.001037598
    },
    "spectral_skewness": {
        "max": 4.91702508926,
        "mean": 3.10069274902,
        "min": 1.32220482826,
        "stdev": 0.561429142952
    },
    "spectral_spread": {
        "max": 18413888,
        "mean": 2834031.75,
        "min": 1878639.5,
        "stdev": 576038.5
    },
    "spectral_strongpeak": {
        "max": 9.04668331146,
        "mean": 0.810520350933,
        "min": 0.00656055239961,
        "stdev": 1.02082574368
    },
    "zerocrossingrate": {
        "max": 0.087890625,
        "mean": 0.0307089630514,
        "min": 0.00634765625,
        "stdev": 0.0149247515947
    },
    "barkbands": {
        "max": [0.000101027988421, 0.00126287271269, 0.000369206361938, 0.000886422581971, 0.00587182352319, 0.0289783850312, 0.0746234804392, 0.0445606708527, 0.0769384950399, 0.064619243145, 0.0201189946383, 0.0303506590426, 0.028158724308, 0.0206914003938, 0.0460938774049, 0.0246168002486, 0.00833970494568, 0.00292814476416, 0.00235711480491, 9.73179194261e-05, 0.000153699045768, 0.000173294683918, 4.71979474241e-05, 2.7138110454e-05, 8.23397422209e-05, 0.000120859018352, 7.83421728556e-06],
        "mean": [1.39638905239e-05, 0.000190401333384, 3.44850377587e-05, 6.57847995171e-05, 0.000757906935178, 0.000754862092435, 0.00172274338547, 0.00127390492707, 0.00158351892605, 0.000408880325267, 0.000237331652897, 0.000404170044931, 0.000473710242659, 0.000344300846336, 0.00039509756607, 0.000312296295306, 0.000274159101536, 7.09889354766e-05, 3.96656214434e-05, 1.6991659777e-06, 2.39610471908e-06, 3.19021273754e-06, 1.66403037838e-06, 1.25960514197e-06, 2.20580523091e-06, 3.54741155206e-06, 2.95942925277e-07],
        "min": [8.43561309694e-08, 3.71226587959e-06, 4.51717397709e-07, 2.76591066495e-07, 4.29471219832e-06, 1.48703600189e-06, 4.70613656489e-07, 4.86537260258e-07, 3.46658254102e-07, 1.28139760136e-07, 4.51640822519e-08, 7.88570275745e-08, 1.46086293284e-07, 1.64089399846e-07, 1.27243126258e-07, 1.32651223339e-07, 1.15584363414e-07, 9.75545333404e-08, 6.07732815183e-08, 6.33695620422e-08, 4.43661640759e-08, 4.10839646747e-08, 3.87426624116e-08, 5.9692226273e-08, 2.52259031441e-08, 4.49430359595e-08, 1.39464972904e-09],
        "stdev": [1.08454541987e-05, 0.00013288462651, 3.36090561177e-05, 6.54521645629e-05, 0.000564530433621, 0.0015624742955, 0.00540833873674, 0.00386473606341, 0.00629494013265, 0.00254392810166, 0.00120556342881, 0.00208220304921, 0.00192734552547, 0.00141464883927, 0.00217730435543, 0.00129514373839, 0.00082975969417, 0.000214827232412, 0.00013874155411, 5.61392471354e-06, 6.37533366898e-06, 9.79802462098e-06, 3.8061707528e-06, 2.55103623203e-06, 5.50048343939e-06, 8.51078584674e-06, 7.4112386983e-07]
    },
    "erbbands": {
        "max": [0.0535764656961, 0.212066337466, 0.278352171183, 2.18503665924, 7.34737873077, 22.3768939972, 86.9198150635, 341.848937988, 748.571411133, 1450.2310791, 1255.5513916, 1641.54614258, 2220.51586914, 916.876159668, 730.306396484, 1368.33691406, 1136.37927246, 1214.26074219, 713.234924316, 2715.42236328, 888.632629395, 470.942993164, 150.79498291, 216.334869385, 31.831609726, 4.67547798157, 4.08188819885, 6.02165174484, 8.11922645569, 3.50492167473, 1.02705252171, 0.463382482529, 0.619828343391, 1.27550029755, 0.279742687941, 0.1676094383, 0.393920511007, 0.0408802367747, 0.000857180566527, 0.000167403952219],
        "mean": [0.00888299196959, 0.0290537606925, 0.0404637567699, 0.154231235385, 0.951533377171, 3.35640454292, 4.26819705963, 6.55182218552, 17.9852294922, 30.7026119232, 30.5432262421, 36.4987373352, 19.5987243652, 9.62311077118, 11.9127922058, 17.0209140778, 21.6912078857, 18.3961811066, 17.9531879425, 21.4359512329, 17.1219482422, 15.1305932999, 5.13180589676, 3.40216302872, 0.731077313423, 0.0943330600858, 0.0967420190573, 0.094052888453, 0.113435193896, 0.0922147259116, 0.0420000813901, 0.0195966716856, 0.0270120296627, 0.029638748616, 0.0123902354389, 0.00751673057675, 0.00888157077134, 0.00164651428349, 3.67765169358e-05, 1.19625428852e-05],
        "min": [0.000162254495081, 0.000638823839836, 0.00113391503692, 0.00415971176699, 0.00726443110034, 0.0201945658773, 0.0230105184019, 0.0197796709836, 0.0137442499399, 0.0217395871878, 0.0113712297752, 0.0137669797987, 0.00752775045112, 0.00514007965103, 0.00382946059108, 0.00518070021644, 0.00917796324939, 0.0113952830434, 0.00763261830434, 0.0107518602163, 0.00716349249706, 0.00827831123024, 0.0052923145704, 0.00493978429586, 0.00316139846109, 0.00369093217887, 0.00237789796665, 0.00158055510838, 0.00165838212706, 0.0015464425087, 0.00123970967252, 0.0014509629691, 0.000916274846531, 0.000374523893697, 0.000162127456861, 9.61119658314e-05, 8.42003937578e-05, 2.5301344067e-05, 7.20205093785e-07, 2.9759996778e-07],
        "stdev": [0.00615777168423, 0.0224010981619, 0.0343509726226, 0.135741814971, 0.824875473976, 2.80130600929, 6.59170246124, 16.3657436371, 52.6158905029, 95.3564071655, 98.5942153931, 141.953353882, 103.07459259, 45.166973114, 57.8205490112, 84.7752304077, 84.5506744385, 68.2726898193, 69.0138626099, 116.986328125, 62.8740653992, 45.7740058899, 14.6976852417, 11.531419754, 2.28136992455, 0.270224779844, 0.249165683985, 0.251495093107, 0.389652192593, 0.246647953987, 0.091321349144, 0.0373407416046, 0.0584707073867, 0.0801634564996, 0.0277558229864, 0.016465222463, 0.0237854793668, 0.00373927596956, 8.10246929177e-05, 2.31903359236e-05]
    },
    "gfcc": {
        "mean": [-152.881057739, 127.095344543, -93.1169281006, -0.914295554161, -48.045375824, -6.99798107147, -49.743850708, 7.57640647888, -15.4983148575, 6.20726442337, -13.6702814102, 5.60429859161, -14.964466095],
        "cov": [[6279.27783203, -1315.64672852, -2242.76416016, -1342.41027832, 76.3488922119, -209.490234375, -439.679504395, 475.620819092, 386.595611572, 195.857955933, -128.811416626, 506.182800293, -198.894363403], [-1315.64672852, 473.238250732, 512.519226074, 147.57635498, -99.5951919556, 41.3296775818, 155.182327271, -112.705314636, -105.057945251, -45.1970596313, 66.7197189331, -119.117034912, 51.1499824524], [-2242.76416016, 512.519226074, 958.514221191, 506.741668701, -111.8670578, 9.5245513916, 175.405471802, -161.795547485, -117.117912292, -47.5211296082, 49.3250579834, -227.607971191, 87.416595459], [-1342.41027832, 147.57635498, 506.741668701, 611.655822754, 146.696166992, -76.0324783325, -98.8486633301, -78.8902282715, -21.6469478607, -40.7128868103, 17.8497486115, -61.7883796692, 53.6417961121], [76.3488922119, -99.5951919556, -111.8670578, 146.696166992, 243.81867981, 69.1487731934, -163.877059937, -64.2281265259, -2.85832095146, -2.87891721725, -6.0862736702, 81.4130630493, -18.1422939301], [-209.490234375, 41.3296775818, 9.5245513916, -76.0324783325, 69.1487731934, 290.160369873, 131.490066528, -137.084747314, -123.318374634, -17.463476181, -21.5051631927, -20.7823524475, -22.6823253632], [-439.679504395, 155.182327271, 175.405471802, -98.8486633301, -163.877059937, 131.490066528, 351.627624512, 43.7562141418, -101.627189636, -59.3084869385, -31.4382171631, -124.276435852, 9.2097530365], [475.620819092, -112.705314636, -161.795547485, -78.8902282715, -64.2281265259, -137.084747314, 43.7562141418, 251.723480225, 128.57963562, -30.3454742432, -51.3106269836, 18.9196414948, 7.76532411575], [386.595611572, -105.057945251, -117.117912292, -21.6469478607, -2.85832095146, -123.318374634, -101.627189636, 128.57963562, 204.340576172, 86.8186645508, -43.2330131531, -2.07373452187, 1.87393689156], [195.857955933, -45.1970596313, -47.5211296082, -40.7128868103, -2.87891721725, -17.463476181, -59.3084869385, -30.3454742432, 86.8186645508, 162.789642334, 51.8431282043, -33.6235733032, -47.063911438], [-128.811416626, 66.7197189331, 49.3250579834, 17.8497486115, -6.0862736702, -21.5051631927, -31.4382171631, -51.3106269836, -43.2330131531, 51.8431282043, 161.77293396, 51.5429954529, -37.2771949768], [506.182800293, -119.117034912, -227.607971191, -61.7883796692, 81.4130630493, -20.7823524475, -124.276435852, 18.9196414948, -2.07373452187, -33.6235733032, 51.5429954529, 195.404205322, 19.7839374542], [-198.894363403, 51.1499824524, 87.416595459, 53.6417961121, -18.1422939301, -22.6823253632, 9.2097530365, 7.76532411575, 1.87393689156, -47.063911438, -37.2771949768, 19.7839374542, 99.2604293823]],
        "icov": [[0.0018527766224, 0.00189461943228, 0.00120152416639, 0.00286089046858, -0.00118858437054, 0.00214769481681, 0.000213806590182, -0.000660167075694, 0.00128890783526, -0.0017437444767, 0.00142136926297, -0.00111274851952, 0.000341781997122], [0.00189461943228, 0.0136846480891, -0.00614094827324, 0.0114552490413, -0.0128501635045, 0.0107129793614, -0.00940317567438, 0.0109337391332, -0.0103687467054, 0.0104189133272, -0.00888328719884, 0.00367252435535, -0.00285365269519], [0.00120152416639, -0.00614094827324, 0.0166308861226, -0.0128808049485, 0.0152299972251, -0.00705749867484, 0.00279363011941, 0.00148748850916, -0.00160439929459, 0.000900782877579, -0.00202037440613, 0.00389290135354, -0.00239534466527], [0.00286089046858, 0.0114552490413, -0.0128808049485, 0.0242607388645, -0.0268096849322, 0.0188850369304, -0.0087079834193, 0.00553124910221, -0.00298789283261, 0.00342260510661, -0.00201730406843, 0.000569461262785, -0.0013387586223], [-0.00118858437054, -0.0128501635045, 0.0152299972251, -0.0268096849322, 0.0475907661021, -0.0351191833615, 0.030002810061, -0.0226534139365, 0.016825016588, -0.0118092317134, 0.00789825618267, -0.00196173996665, 0.00241767778061], [0.00214769481681, 0.0107129793614, -0.00705749867484, 0.0188850369304, -0.0351191833615, 0.0413583815098, -0.0359399691224, 0.0338484048843, -0.0200061686337, 0.0108096282929, 7.56996523705e-05, -0.00731539633125, 0.00550078041852], [0.000213806590182, -0.00940317567438, 0.00279363011941, -0.0087079834193, 0.030002810061, -0.0359399691224, 0.0480283647776, -0.0474700070918, 0.039771720767, -0.0230762902647, 0.00902597140521, 0.0076902625151, -0.00578743498772], [-0.000660167075694, 0.0109337391332, 0.00148748850916, 0.00553124910221, -0.0226534139365, 0.0338484048843, -0.0474700070918, 0.0636453032494, -0.0564200133085, 0.0407143048942, -0.0180776529014, -0.000840457621962, 0.00551156420261], [0.00128890783526, -0.0103687467054, -0.00160439929459, -0.00298789283261, 0.016825016588, -0.0200061686337, 0.039771720767, -0.0564200133085, 0.0671961605549, -0.0509335882962, 0.0296021364629, -0.00642535276711, -0.00284017645754], [-0.0017437444767, 0.0104189133272, 0.000900782877579, 0.00342260510661, -0.0118092317134, 0.0108096282929, -0.0230762902647, 0.0407143048942, -0.0509335882962, 0.0535034351051, -0.0340598113835, 0.018339663744, -0.00235477392562], [0.00142136926297, -0.00888328719884, -0.00202037440613, -0.00201730406843, 0.00789825618267, 7.56996523705e-05, 0.00902597140521, -0.0180776529014, 0.0296021364629, -0.0340598113835, 0.0384328998625, -0.0250891596079, 0.0150587931275], [-0.00111274851952, 0.00367252435535, 0.00389290135354, 0.000569461262785, -0.00196173996665, -0.00731539633125, 0.0076902625151, -0.000840457621962, -0.00642535276711, 0.018339663744, -0.0250891596079, 0.031432878226, -0.0174065567553], [0.000341781997122, -0.00285365269519, -0.00239534466527, -0.0013387586223, 0.00241767778061, 0.00550078041852, -0.00578743498772, 0.00551156420261, -0.00284017645754, -0.00235477392562, 0.0150587931275, -0.0174065567553, 0.0249293781817]]
    },
    "melbands": {
        "max": [0.000408456573496, 0.000144314035424, 0.000360486650607, 0.000821948517114, 0.00242678867653, 0.00684315199032, 0.0102325165644, 0.0127397608012, 0.0102108484134, 0.0113517362624, 0.0114071806893, 0.00440520932898, 0.00299756228924, 0.00310209137388, 0.00394443143159, 0.00249413168058, 0.00230317865498, 0.00138700287789, 0.00395705737174, 0.001868399675, 0.000909592141397, 0.000579546787776, 0.000294425874017, 0.000155865622219, 0.0001907885744, 5.05747229909e-05, 5.61728438697e-06, 3.12729775942e-06, 3.02707530864e-06, 5.53117843083e-06, 2.41927091338e-06, 3.90361628888e-06, 4.14461055698e-06, 1.50331698023e-06, 5.89101318837e-07, 2.99239530932e-07, 2.96109561759e-07, 3.45116035305e-07, 9.18089767765e-07, 1.1210570392e-06],
        "mean": [6.29723072052e-05, 2.61165896518e-05, 4.22493649239e-05, 0.00016040506307, 0.000149994812091, 0.00015280887601, 0.000300057028653, 0.000323459535139, 0.000257322157267, 0.000224389325012, 9.34132913244e-05, 3.86823303415e-05, 3.5830467823e-05, 4.26549304393e-05, 4.66969358968e-05, 4.84749361931e-05, 3.2084670238e-05, 2.75677302852e-05, 3.2889915019e-05, 2.27134805755e-05, 1.96469118237e-05, 1.72972631844e-05, 7.6371279647e-06, 2.97279848382e-06, 2.86143722406e-06, 9.41391817832e-07, 8.68742446869e-08, 3.98898976073e-08, 5.91180651099e-08, 5.17762579477e-08, 5.61569244439e-08, 6.26383140911e-08, 6.39113437728e-08, 4.51696351433e-08, 2.6333225378e-08, 1.2161867069e-08, 1.17714868964e-08, 1.65204969704e-08, 2.44033611096e-08, 2.54609133776e-08],
        "min": [1.37621077556e-06, 6.8097148187e-07, 1.12106079087e-06, 8.29030398108e-07, 4.86890314733e-07, 2.42507439907e-07, 1.36490157843e-07, 1.91826771356e-07, 6.97767461588e-08, 4.61996911838e-08, 2.76775065089e-08, 1.38402995731e-08, 7.11210601523e-09, 1.1282005552e-08, 1.58352797541e-08, 1.92247924247e-08, 1.51816923477e-08, 7.3850143778e-09, 1.0756380675e-08, 1.00768273725e-08, 6.31084917657e-09, 7.59328155908e-09, 6.13782624725e-09, 4.8044639378e-09, 2.7356772403e-09, 2.22800977667e-09, 2.20876117396e-09, 1.58761248592e-09, 1.045993403e-09, 9.15940712165e-10, 5.91626081459e-10, 7.36983141181e-10, 7.711384864e-10, 6.14198691906e-10, 5.82117520853e-10, 6.48915310375e-10, 7.86849807533e-10, 5.43307621115e-10, 4.81467254954e-10, 2.32706562353e-10],
        "stdev": [4.3974192522e-05, 1.76270859811e-05, 3.27513080265e-05, 0.000121368721011, 0.000192905717995, 0.00035273458343, 0.000882539025042, 0.000945207837503, 0.00088938314002, 0.000893729797099, 0.000514088314958, 0.000195075888769, 0.000183390831808, 0.000213390943827, 0.000246331066592, 0.000180689967237, 0.000130437460029, 0.000113327696454, 0.000197642759304, 0.0001087563287, 7.2601440479e-05, 5.38176645932e-05, 2.40401968767e-05, 9.47754688241e-06, 1.03606153061e-05, 3.25481391883e-06, 2.99808590398e-07, 1.39445347713e-07, 1.56118616701e-07, 1.68904165321e-07, 1.44797027701e-07, 2.09251183492e-07, 2.14842245327e-07, 1.14353433389e-07, 5.85574184697e-08, 2.3747915634e-08, 2.30304344484e-08, 3.61903929047e-08, 6.22421225671e-08, 7.08675287342e-08]
    },
    "melbands128": {
        "max": [8.46451948746e-05, 0.000464290875243, 0.000569148804061, 0.000274885358522, 0.000153229848365, 0.000233114609728, 0.000506526557729, 0.00039428123273, 0.000861248525325, 0.00113319314551, 0.00154882855713, 0.00265444419347, 0.00249250140041, 0.00730214966461, 0.0077843926847, 0.0122612453997, 0.0151839740574, 0.0145731829107, 0.0267079174519, 0.0223081819713, 0.0156280994415, 0.0138268321753, 0.0190955214202, 0.0198647063226, 0.0192050803453, 0.0257906652987, 0.0212973169982, 0.019879007712, 0.01234888006, 0.00919763371348, 0.00300194858573, 0.00420205434784, 0.00497475406155, 0.00403862819076, 0.00583883887157, 0.00521820085123, 0.0074060712941, 0.00616216333583, 0.00702207209542, 0.00289205880836, 0.0049559767358, 0.00359819014557, 0.00423447042704, 0.00224164896645, 0.00356058287434, 0.00239956052974, 0.00154457835015, 0.00478806067258, 0.00806954316795, 0.00414978619665, 0.00235287402757, 0.00220596557483, 0.00211625243537, 0.00113390164915, 0.00142355985008, 0.000783470051829, 0.000851001997944, 0.000494992011227, 0.000262921501417, 0.00020884355763, 0.000322557345498, 0.000255965685938, 0.000414334761444, 0.000219396490138, 0.0001547481952, 8.35642713355e-05, 1.09620250441e-05, 1.53859346028e-05, 9.53337621468e-06, 3.66842255062e-06, 3.78488425667e-06, 2.31640524362e-06, 4.1046782826e-06, 3.28049191012e-06, 2.7129008231e-06, 6.1126388573e-06, 7.22596178093e-06, 4.17537512476e-06, 2.31173339671e-06, 2.15161139749e-06, 3.66226481674e-06, 5.32124568053e-06, 1.25373908304e-05, 3.42825637745e-06, 1.98508496396e-06, 2.46215518018e-06, 1.54146528075e-06, 8.00875625373e-07, 7.11396182851e-07, 7.3345910323e-07, 3.64579449297e-07, 3.49191680016e-07, 4.76900936519e-07, 2.96537791655e-07, 3.50206875055e-07, 3.62927124797e-07, 4.4066550231e-07, 6.11691746144e-07, 1.09564939521e-06, 2.30954151448e-06, 8.76750505086e-07, 1.53219161803e-06, 8.40181485273e-07, 5.28272892097e-07, 2.77253036529e-07, 2.19235275267e-07, 2.07295656196e-07, 2.29063758184e-07, 1.69872151901e-07, 3.41862005371e-07, 5.96319353008e-07, 1.12467478175e-06, 2.14566921386e-06, 1.64480763942e-06, 7.49285902657e-07, 5.57123314593e-07, 2.68240142987e-07, 3.34108243294e-08, 4.71448480255e-09, 3.30016347583e-10, 3.20681953214e-10, 3.14385684153e-10, 3.08384595638e-10, 3.03140679225e-10, 2.99534064219e-10, 2.96910274145e-10, 2.94551882885e-10, 2.91660751106e-10],
        "mean": [1.35784166559e-05, 8.27552285045e-05, 7.80141417636e-05, 3.73638868041e-05, 1.968615652e-05, 1.68890528585e-05, 2.78295119642e-05, 3.34538417519e-05, 7.77309614932e-05, 0.000188734396943, 0.000210640893783, 0.000132745451992, 0.000138399671414, 0.00016780810256, 0.00012609512487, 0.000146979378769, 0.000228224540479, 0.000318668520777, 0.000403620826546, 0.000375257601263, 0.000263821682893, 0.000228272998356, 0.000260412227362, 0.000286898255581, 0.00024103144824, 0.000225169118494, 0.000124900150695, 8.00053094281e-05, 6.4176369051e-05, 4.29527353845e-05, 2.83997414954e-05, 3.04602581309e-05, 3.48378598574e-05, 4.07868283219e-05, 4.33798413724e-05, 3.91316934838e-05, 4.80945236632e-05, 4.94944506499e-05, 4.60221672256e-05, 4.55230365333e-05, 5.90422532696e-05, 3.19028986269e-05, 3.27934576489e-05, 2.88204846584e-05, 3.38128556905e-05, 2.51099681918e-05, 2.32882648561e-05, 3.60411431757e-05, 3.73435468646e-05, 2.64510908892e-05, 2.03299387067e-05, 1.82654257515e-05, 2.12786071643e-05, 1.89388811123e-05, 1.94799413293e-05, 1.80342358362e-05, 1.54621011461e-05, 9.57007978286e-06, 4.78657648273e-06, 3.57853468813e-06, 2.59127045865e-06, 2.67368614004e-06, 3.18887464346e-06, 3.05905382447e-06, 2.21547247747e-06, 8.95481605312e-07, 1.33460915208e-07, 9.07416364271e-08, 1.04248776722e-07, 4.23754151768e-08, 3.93202697069e-08, 3.05593808037e-08, 4.70442529377e-08, 6.96099107245e-08, 6.92067985142e-08, 4.92708203126e-08, 4.30469455637e-08, 5.43215357141e-08, 5.82966066531e-08, 5.86602375563e-08, 5.75420777693e-08, 6.44611120038e-08, 7.43694883454e-08, 6.04307572871e-08, 6.012304965e-08, 5.73674441284e-08, 3.7298349298e-08, 2.56981991242e-08, 2.96905433572e-08, 2.51599949763e-08, 1.11171294392e-08, 9.9251078467e-09, 1.00617354448e-08, 9.96122828667e-09, 1.53678847425e-08, 1.25060344303e-08, 1.62120947778e-08, 2.30363870202e-08, 2.14036166568e-08, 2.83649796984e-08, 2.76345257788e-08, 2.72405600299e-08, 1.94258795716e-08, 1.8558166559e-08, 1.34224693582e-08, 9.85416281907e-09, 8.25892509937e-09, 7.65524887925e-09, 8.80339179332e-09, 1.76097145754e-08, 1.92788576214e-08, 3.06820382434e-08, 3.48422659613e-08, 3.15897175085e-08, 2.70196203189e-08, 1.80109847037e-08, 1.11695923621e-08, 7.3488340413e-11, 5.20541812779e-12, 1.71977699009e-12, 1.67386818382e-12, 1.64172982934e-12, 1.60985938122e-12, 1.57629692719e-12, 1.56133146776e-12, 1.54771193691e-12, 1.53617038794e-12, 1.52465377563e-12],
        "min": [3.40901817886e-09, 3.36917167942e-07, 7.22609911463e-07, 9.21901573747e-07, 1.14814540098e-07, 1.77010917923e-07, 1.2231176072e-07, 9.46403275748e-08, 1.96540000275e-07, 3.67329590745e-07, 9.29136518835e-08, 1.32582457013e-07, 1.8525574319e-07, 1.123282658e-07, 5.66574485106e-08, 1.54038559685e-08, 3.09048786562e-08, 4.38105871581e-08, 1.89339601775e-08, 7.91048080373e-08, 4.80577000417e-08, 1.83362640627e-08, 2.19942197788e-08, 1.84901285394e-08, 1.81314110392e-08, 6.69569155676e-09, 6.49951292786e-09, 1.18735155041e-08, 6.84172096754e-09, 7.15297510112e-09, 3.62093777184e-09, 3.25619287089e-09, 2.93859936384e-09, 2.89189494573e-09, 2.99181301955e-09, 1.02731290141e-09, 3.68997588041e-09, 6.27875085257e-09, 5.52160406286e-09, 4.88564921852e-09, 7.71263763966e-09, 4.25870005927e-09, 7.80166597991e-09, 4.63083882352e-09, 5.95621774124e-09, 4.28375290795e-09, 3.76166298111e-09, 5.02454033935e-09, 4.28846380629e-09, 5.25589438638e-09, 3.27985705262e-09, 3.11459569247e-09, 3.48093021074e-09, 1.76559566967e-09, 2.02181338338e-09, 4.04452604741e-09, 3.66939012508e-09, 2.42474373913e-09, 2.81548562242e-09, 2.78131628839e-09, 3.81603504351e-09, 2.67243405183e-09, 2.35973685037e-09, 1.51781032187e-09, 1.32979383061e-09, 1.67594893519e-09, 7.06620373325e-10, 7.63289986772e-10, 2.66732524956e-10, 1.68450545179e-10, 5.75135550296e-10, 1.08148705269e-10, 4.34037750185e-10, 5.49011780482e-10, 6.32456420568e-10, 5.00115227009e-10, 4.37049785251e-10, 3.20054427405e-10, 2.96342589357e-10, 2.7577304329e-10, 3.44671124974e-10, 2.87407014854e-10, 5.93595672616e-10, 4.6056683467e-10, 1.92475230198e-10, 2.19247633937e-10, 4.19483170422e-10, 3.9356590209e-10, 4.30058488821e-10, 2.52257242872e-10, 2.76773659547e-10, 4.5176926089e-10, 7.97916177575e-10, 5.86548254411e-10, 1.30372573848e-10, 3.59707236219e-10, 3.97077398739e-10, 2.50182097261e-10, 2.06594671925e-10, 2.57481369559e-10, 2.88293777739e-10, 1.02102756805e-10, 7.51787243569e-11, 9.02962982163e-11, 9.93919599401e-11, 1.09803797999e-10, 1.42801090397e-10, 1.66167857252e-10, 1.35719158134e-10, 8.00621166586e-11, 1.05843084297e-10, 9.5264518496e-11, 2.1489675317e-10, 2.49929493767e-10, 1.94040755686e-10, 2.41987624383e-10, 6.99592259124e-11, 1.26844986337e-13, 5.54604647797e-14, 5.44790517494e-14, 5.96029302302e-14, 4.9766600888e-14, 5.35471698178e-14, 5.51840067782e-14, 5.3743281662e-14, 5.47722335694e-14, 6.19794810635e-14, 5.1104330186e-14],
        "stdev": [1.04560949694e-05, 5.72412645852e-05, 6.02945037826e-05, 3.10774703394e-05, 1.94918629859e-05, 1.72420495801e-05, 3.07040536427e-05, 3.50486225216e-05, 9.10346061573e-05, 0.000183752272278, 0.000208765646676, 0.00018463053857, 0.000252860772889, 0.000383053265978, 0.000426234386396, 0.000502990442328, 0.000790058576968, 0.00117753818631, 0.00169343664311, 0.00142536195926, 0.000961589044891, 0.000947836961132, 0.0011203577742, 0.00148850632831, 0.00114985567052, 0.00124126463197, 0.000851468415931, 0.000661600264721, 0.000493819068652, 0.00029793716385, 0.000148022678331, 0.00018449597701, 0.000242333699134, 0.000228496603086, 0.000265358190518, 0.000232261983911, 0.000333109725034, 0.00032973207999, 0.000330711220158, 0.000203259420232, 0.000251152698183, 0.000186387449503, 0.00016864661302, 0.000131543070893, 0.000193273852346, 0.000132571760332, 0.000112181754957, 0.000238128443016, 0.000304722343571, 0.000171340958332, 0.00011286597146, 9.48966116994e-05, 0.000104536447907, 7.27887527319e-05, 7.29002713342e-05, 6.35224350845e-05, 5.70732590859e-05, 3.40392325597e-05, 1.79681683221e-05, 1.43551578731e-05, 1.12891038953e-05, 1.13420819616e-05, 1.57937392942e-05, 1.23592080854e-05, 8.17863474367e-06, 3.60163335245e-06, 4.72717857747e-07, 4.55673216493e-07, 4.88329817472e-07, 1.5936990394e-07, 1.48770752162e-07, 1.27208835465e-07, 1.79996192173e-07, 1.74924110752e-07, 1.89585776411e-07, 1.84794288316e-07, 1.89378496884e-07, 1.67768604342e-07, 1.72806991827e-07, 1.66981521943e-07, 1.87859583889e-07, 2.70809522362e-07, 4.16365622868e-07, 1.98928603368e-07, 1.76418922138e-07, 1.61460874892e-07, 1.04290862168e-07, 6.0612649122e-08, 7.34243101874e-08, 5.85553472376e-08, 2.29944845387e-08, 2.08651549372e-08, 1.96023144383e-08, 1.86195325824e-08, 3.66069912161e-08, 3.09992351788e-08, 3.73747752747e-08, 5.55775976352e-08, 5.48849357074e-08, 1.04841376469e-07, 7.81392373028e-08, 8.25512458391e-08, 5.14605602575e-08, 4.48660202323e-08, 3.17901260871e-08, 2.39485711262e-08, 1.78918710958e-08, 1.69977525388e-08, 1.90986817472e-08, 4.09497538101e-08, 4.69830112593e-08, 8.23188273102e-08, 1.12080748238e-07, 9.58731618539e-08, 6.53804619333e-08, 4.61932110341e-08, 2.70215529952e-08, 7.76177955242e-10, 1.08096927243e-10, 1.08020094605e-11, 1.05031035952e-11, 1.02858858583e-11, 1.00892228599e-11, 9.91603067019e-12, 9.7951525363e-12, 9.70306994474e-12, 9.62394053339e-12, 9.53765885714e-12]
    },
    "mfcc": {
        "mean": [-814.582397461, 176.870162964, 7.12031745911, 13.2933988571, 13.3702926636, -10.125576973, -17.4178180695, -4.03599500656, -6.67862462997, -3.24124288559, 8.3907365799, 2.10643720627, -8.31491279602],
        "cov": [[7077.43017578, -681.598022461, -2390.38427734, -1367.11279297, -89.5884857178, -681.936218262, -810.238586426, 198.312011719, 255.238632202, -466.615600586, 474.671905518, -5.97083234787, 401.42376709], [-681.598022461, 336.504455566, 273.851043701, -29.5883789062, -168.477783203, 42.8662719727, 145.654708862, -25.7737941742, -56.2045059204, 61.5550460815, -84.8521575928, 56.1574745178, -48.6985435486], [-2390.38427734, 273.851043701, 981.565063477, 478.857055664, -97.8241958618, 180.567306519, 277.958496094, -109.853088379, -83.9599304199, 228.052032471, -175.82913208, 18.3156547546, -158.33190918], [-1367.11279297, -29.5883789062, 478.857055664, 591.042297363, 220.803833008, -1.58743524551, -7.39912605286, -54.9719276428, -45.7784996033, 117.769813538, -93.0689086914, -54.2735023499, -17.2929821014], [-89.5884857178, -168.477783203, -97.8241958618, 220.803833008, 424.931671143, 67.9560165405, -162.870483398, -31.9190483093, -43.4117050171, -116.294487, 37.2286224365, -87.3330612183, 88.8402252197], [-681.936218262, 42.8662719727, 180.567306519, -1.58743524551, 67.9560165405, 343.022155762, 195.11038208, -74.8997192383, -63.1834602356, -44.7891731262, -8.71956157684, -8.71396923065, -70.8952255249], [-810.238586426, 145.654708862, 277.958496094, -7.39912605286, -162.870483398, 195.11038208, 345.399749756, 49.9457359314, -70.3974838257, 14.0617446899, -76.8879776001, 49.6285820007, -110.659980774], [198.312011719, -25.7737941742, -109.853088379, -54.9719276428, -31.9190483093, -74.8997192383, 49.9457359314, 201.012405396, 68.2322769165, -65.6940689087, -35.9714775085, -13.8699712753, -21.980682373], [255.238632202, -56.2045059204, -83.9599304199, -45.7784996033, -43.4117050171, -63.1834602356, -70.3974838257, 68.2322769165, 203.951919556, 83.4267044067, 2.10804343224, -54.6952972412, -50.8145484924], [-466.615600586, 61.5550460815, 228.052032471, 117.769813538, -116.294487, -44.7891731262, 14.0617446899, -65.6940689087, 83.4267044067, 278.620269775, 17.6879882812, -7.20782232285, -89.0946884155], [474.671905518, -84.8521575928, -175.82913208, -93.0689086914, 37.2286224365, -8.71956157684, -76.8879776001, -35.9714775085, 2.10804343224, 17.6879882812, 158.842025757, 34.3514060974, 10.2203598022], [-5.97083234787, 56.1574745178, 18.3156547546, -54.2735023499, -87.3330612183, -8.71396923065, 49.6285820007, -13.8699712753, -54.6952972412, -7.20782232285, 34.3514060974, 152.477935791, 51.775062561], [401.42376709, -48.6985435486, -158.33190918, -17.2929821014, 88.8402252197, -70.8952255249, -110.659980774, -21.980682373, -50.8145484924, -89.0946884155, 10.2203598022, 51.775062561, 202.32875061]],
        "icov": [[0.0018481669249, 0.00125659245532, 0.00272864382714, 0.00121776585001, 0.00175546528772, 0.00164241890889, 0.000662999518681, 0.00119101337623, -0.000206070661079, 0.00131000683177, -0.00120540498756, 0.00114878383465, -0.000536249077413], [0.00125659245532, 0.0080881677568, -0.00126206758432, 0.00598060246557, -0.00147447129712, 0.00316694262438, -9.29549059947e-05, 0.00108730932698, 0.00217210734263, -0.0016967341071, 0.00385348428972, -0.00163231522311, 0.00082298531197], [0.00272864382714, -0.00126206758432, 0.0114154713228, -0.00595161877573, 0.00833356659859, -0.00374255236238, 0.00372734689154, 0.000457682443084, 0.00147180689964, 0.000465560500743, -0.000231725760386, 0.00102096132468, 0.000149895975483], [0.00121776585001, 0.00598060246557, -0.00595161877573, 0.0162078309804, -0.0133028440177, 0.0121436212212, -0.00641833432019, 0.00485187303275, -0.000535006343853, -0.00306934677064, 0.00493194814771, -0.00207798648626, 0.00166084733792], [0.00175546528772, -0.00147447129712, 0.00833356659859, -0.0133028440177, 0.0243282858282, -0.0174588672817, 0.0177767146379, -0.0106622036546, 0.00673762429506, 0.00295053911395, -0.00664259912446, 0.00684551987797, -0.00511360587552], [0.00164241890889, 0.00316694262438, -0.00374255236238, 0.0121436212212, -0.0174588672817, 0.030006736517, -0.0258145276457, 0.0222642458975, -0.0135207697749, 0.00918313954026, -0.00323782907799, 0.00124809483532, 0.00258527020924], [0.000662999518681, -9.29549059947e-05, 0.00372734689154, -0.00641833432019, 0.0177767146379, -0.0258145276457, 0.0331827178597, -0.0231791716069, 0.0171251222491, -0.00829709973186, 0.00474240910262, -0.00248170853592, 0.000852994096931], [0.00119101337623, 0.00108730932698, 0.000457682443084, 0.00485187303275, -0.0106622036546, 0.0222642458975, -0.0231791716069, 0.0272392220795, -0.0163977425545, 0.0119240852073, -0.00242167478427, 0.000897247751709, 0.00246150745079], [-0.000206070661079, 0.00217210734263, 0.00147180689964, -0.000535006343853, 0.00673762429506, -0.0135207697749, 0.0171251222491, -0.0163977425545, 0.0198749471456, -0.0117716751993, 0.00641344534233, -0.00055346544832, 0.00155210273806], [0.00131000683177, -0.0016967341071, 0.000465560500743, -0.00306934677064, 0.00295053911395, 0.00918313954026, -0.00829709973186, 0.0119240852073, -0.0117716751993, 0.0172372683883, -0.0103347860277, 0.00452563725412, -0.000227935714065], [-0.00120540498756, 0.00385348428972, -0.000231725760386, 0.00493194814771, -0.00664259912446, -0.00323782907799, 0.00474240910262, -0.00242167478427, 0.00641344534233, -0.0103347860277, 0.0206281282008, -0.0104311583564, 0.00635921861976], [0.00114878383465, -0.00163231522311, 0.00102096132468, -0.00207798648626, 0.00684551987797, 0.00124809483532, -0.00248170853592, 0.000897247751709, -0.00055346544832, 0.00452563725412, -0.0104311583564, 0.016183193773, -0.00763950310647], [-0.000536249077413, 0.00082298531197, 0.000149895975483, 0.00166084733792, -0.00511360587552, 0.00258527020924, 0.000852994096931, 0.00246150745079, 0.00155210273806, -0.000227935714065, 0.00635921861976, -0.00763950310647, 0.012271980755]]
    },
    "spectral_contrast_coeffs": {
        "max": [-0.481928169727, -0.416600167751, -0.460806727409, -0.569521903992, -0.512170135975, -0.713407635689],
        "mean": [-0.692286610603, -0.743199944496, -0.776194214821, -0.811188995838, -0.780355751514, -0.830846250057],
        "min": [-0.893993258476, -0.92588186264, -0.92532145977, -0.922752320766, -0.916345000267, -0.941644430161],
        "stdev": [0.061404928565, 0.0821826308966, 0.0814556330442, 0.0766567289829, 0.0914160013199, 0.0211363453418]
    },
    "spectral_contrast_valleys": {
        "max": [-6.81620788574, -4.72440385818, -4.87232542038, -5.40320014954, -7.00505828857, -9.70524120331],
        "mean": [-7.77834701538, -7.43569469452, -8.88558864594, -8.90237045288, -9.73828697205, -12.1656894684],
        "min": [-9.17347145081, -9.33860492706, -10.7528886795, -11.1116065979, -11.5529289246, -13.1904563904],
        "stdev": [0.335720926523, 0.878644645214, 1.13052093983, 1.07901418209, 0.646943867207, 0.73888105154]
    }
},
"rhythm": {
    "beats_count": 107,
    "beats_loudness": {
        "max": 0.122572138906,
        "mean": 0.0184061843902,
        "min": 0.000681803445332,
        "stdev": 0.0267156008631
    },
    "bpm": 184.570541382,
    "bpm_histogram_first_peak_bpm": 185,
    "bpm_histogram_first_peak_weight": 0,
    "bpm_histogram_second_peak_bpm": 117,
    "bpm_histogram_second_peak_spread": 0.444444417953,
    "bpm_histogram_second_peak_weight": 0.0943396240473,
    "danceability": 1.43585121632,
    "onset_rate": 3.5888671875,
    "beats_loudness_band_ratio": {
        "max": [0.629195868969, 0.938233673573, 0.946008384228, 0.704106211662, 0.704386770725, 0.0676952973008],
        "mean": [0.124078467488, 0.333296507597, 0.375071167946, 0.118191890419, 0.106777518988, 0.00453274697065],
        "min": [0.0023834137246, 0.00503825070336, 0.0073971520178, 0.00102995336056, 0.000760748051107, 0.000440319709014],
        "stdev": [0.144888415933, 0.259287983179, 0.262693732977, 0.165486529469, 0.174273535609, 0.00765988789499]
    },
