{
"metadata": {
    "version": {
        "essentia": "2.1-beta5",
        "essentia_git_sha": "Undefined",
        "extractor": "music 2.0"
    },
    "audio_properties": {
        "analysis": {
            "equal_loudness": 0,
            "length": 12.7477550507,
            "sample_rate": 44100,
            "start_time": 0,
            "downmix": "mix"
        },
        "bit_rate": 192000,
        "length": 178.213150024,
        "lossless": 0,
        "number_channels": 2,
        "replay_gain": -8.39677429199,
        "sample_rate": 44100,
        "codec": "mp3",
        "md5_encoded": "f27168b4adbbd68bc1ea48376527a3db"
    },
    "tags": {
        "file_name": "Ireland_When_Red Hurley.mp3",
        "encoding": ["Lavf58.29.100"]
    }
},
"lowlevel": {
    "average_loudness": 0.909472227097,
    "barkbands_crest": {
        "max": 24.8242816925,
        "mean": 10.4091129303,
        "min": 4.01179456711,
        "stdev": 4.63453960419
    },
    "barkbands_flatness_db": {
        "max": 0.295498400927,
        "mean": 0.155361995101,
        "min": 0.0583401247859,
        "stdev": 0.0356745012105
    },
    "barkbands_kurtosis": {
        "max": 95.3644790649,
        "mean": 5.43797302246,
        "min": -1.20875167847,
        "stdev": 12.9948806763
    },
    "barkbands_skewness": {
        "max": 8.44080924988,
        "mean": 1.25502622128,
        "min": -1.944414258,
        "stdev": 1.75672578812
    },
    "barkbands_spread": {
        "max": 31.1562004089,
        "mean": 11.8915109634,
        "min": 1.64961874485,
        "stdev": 4.28135490417
    },
    "dissonance": {
        "max": 0.499966710806,
        "mean": 0.449926197529,
        "min": 0.30267187953,
        "stdev": 0.0295693427324
    },
    "dynamic_complexity": 5.51384925842,
    "erbbands_crest": {
        "max": 25.8311252594,
        "mean": 10.6453380585,
        "min": 2.90505695343,
        "stdev": 4.24152374268
    },
    "erbbands_flatness_db": {
        "max": 0.28398925066,
        "mean": 0.194741770625,
        "min": 0.078403070569,
        "stdev": 0.0455082133412
    },
    "erbbands_kurtosis": {
        "max": 9.59041690826,
        "mean": 0.731650948524,
        "min": -1.38403153419,
        "stdev": 1.35613942146
    },
    "erbbands_skewness": {
        "max": 2.80664539337,
        "mean": 0.102838933468,
        "min": -1.48883187771,
        "stdev": 0.582258701324
    },
    "erbbands_spread": {
        "max": 77.8570785522,
        "mean": 23.6137313843,
        "min": 5.36143350601,
        "stdev": 14.9943084717
    },
    "hfc": {
        "max": 69.7716217041,
        "mean": 23.135881424,
        "min": 1.14714360261e-16,
        "stdev": 15.087313652
    },
    "loudness_ebu128": {
        "integrated": -14.6767091751,
        "loudness_range": 3.12273693085,
        "momentary": {
            "max": -10.5922708511,
            "mean": -18.2336788177,
            "min": -43.0562591553,
            "stdev": 8.49449062347
        },
        "short_term": {
            "max": -13.2543640137,
            "mean": -15.0363483429,
            "min": -16.80210495,
            "stdev": 1.16943156719
        }
    },
    "melbands_crest": {
        "max": 34.078540802,
        "mean": 12.4410142899,
        "min": 1.3897330761,
        "stdev": 6.72207593918
    },
    "melbands_flatness_db": {
        "max": 0.384375303984,
        "mean": 0.210452109575,
        "min": 0.000774503976572,
        "stdev": 0.055282343179
    },
    "melbands_kurtosis": {
        "max": 186.394546509,
        "mean": 12.7877073288,
        "min": -1.46136653423,
        "stdev": 31.2810897827
    },
    "melbands_skewness": {
        "max": 11.0943536758,
        "mean": 1.84717345238,
        "min": -0.919160425663,
        "stdev": 2.47178339958
    },
    "melbands_spread": {
        "max": 139.281234741,
        "mean": 19.3402500153,
        "min": 1.33933782578,
        "stdev": 13.3846540451
    },
    "pitch_salience": {
        "max": 0.957632482052,
        "mean": 0.52698802948,
        "min": 0.137577563524,
        "stdev": 0.11725396663
    },
    "silence_rate_20dB": {
        "max": 1,
        "mean": 1,
        "min": 1,
        "stdev": 0
    },
    "silence_rate_30dB": {
        "max": 1,
        "mean": 0.990909099579,
        "min": 0,
        "stdev": 0.0949112251401
    },
    "silence_rate_60dB": {
        "max": 1,
        "mean": 0.140000000596,
        "min": 0,
        "stdev": 0.346987009048
    },
    "spectral_centroid": {
        "max": 11514.3037109,
        "mean": 1172.44348145,
        "min": 357.536895752,
        "stdev": 916.925537109
    },
    "spectral_complexity": {
        "max": 28,
        "mean": 15.5200004578,
        "min": 0,
        "stdev": 7.04598426819
    },
    "spectral_decrease": {
        "max": 2.91779740744e-29,
        "mean": -6.34850394476e-09,
        "min": -5.21929273134e-08,
        "stdev": 5.27931787175e-09
    },
    "spectral_energy": {
        "max": 0.203226074576,
        "mean": 0.0260592345148,
        "min": 1.05936641387e-20,
        "stdev": 0.021027687937
    },
    "spectral_energyband_high": {
        "max": 0.00158099201508,
        "mean": 0.000187284924323,
        "min": 7.6692785585e-21,
        "stdev": 0.000159365488798
    },
    "spectral_energyband_low": {
        "max": 0.0107150683179,
        "mean": 0.00042444979772,
        "min": 2.37797828476e-23,
        "stdev": 0.000775294494815
    },
    "spectral_energyband_middle_high": {
        "max": 0.0608472004533,
        "mean": 0.0119799748063,
        "min": 1.54856520846e-21,
        "stdev": 0.00992215424776
    },
    "spectral_energyband_middle_low": {
        "max": 0.199236288667,
        "mean": 0.0137454997748,
        "min": 1.82717717294e-22,
        "stdev": 0.018296988681
    },
    "spectral_entropy": {
        "max": 9.80117607117,
        "mean": 7.26750802994,
        "min": 6.07024335861,
        "stdev": 0.349781930447
    },
    "spectral_flux": {
        "max": 0.224744752049,
        "mean": 0.0740724354982,
        "min": 6.84265352713e-11,
        "stdev": 0.0393441878259
    },
    "spectral_kurtosis": {
        "max": 26.1060009003,
        "mean": 7.71513652802,
        "min": -1.20995700359,
        "stdev": 2.78022193909
    },
    "spectral_rms": {
        "max": 0.0140808140859,
        "mean": 0.00454282853752,
        "min": 3.21485351361e-12,
        "stdev": 0.00218777824193
    },
    "spectral_rolloff": {
        "max": 18841.5527344,
        "mean": 1426.32128906,
        "min": 64.599609375,
        "stdev": 1716.62463379
    },
    "spectral_skewness": {
        "max": 3.84395956993,
        "mean": 2.15217971802,
        "min": -0.0634707584977,
        "stdev": 0.375911235809
    },
    "spectral_spread": {
        "max": 41151108,
        "mean": 4053273.25,
        "min": 2349895,
        "stdev": 3192917.75
    },
    "spectral_strongpeak": {
        "max": 9.08066272736,
        "mean": 2.00826501846,
        "min": 0,
        "stdev": 1.68544924259
    },
    "zerocrossingrate": {
        "max": 0.52294921875,
        "mean": 0.0529066063464,
        "min": 0.005859375,
        "stdev": 0.0454071722925
    },
    "barkbands": {
        "max": [8.81018931977e-05, 0.000934346928261, 0.00869291648269, 0.0123647591099, 0.106235615909, 0.147486582398, 0.0526027008891, 0.0269241034985, 0.0146316960454, 0.0424188263714, 0.00295875733718, 0.00836109090596, 0.0214474983513, 0.0232309103012, 0.0101760420948, 0.000513954437338, 0.00271179201081, 0.000521423993632, 0.00156992836855, 0.000555551436264, 0.000938756857067, 0.000207068325835, 0.000353638024535, 0.000194651860511, 6.24472886557e-05, 8.79401559359e-05, 7.32653870728e-06],
        "mean": [6.08303435001e-06, 8.43774905661e-05, 0.000254683138337, 0.000278079358395, 0.0028684665449, 0.00326032890007, 0.00402815919369, 0.00199606083333, 0.00106485560536, 0.00362319941632, 0.000164028286235, 0.000429683394032, 0.00334017793648, 0.0032234385144, 0.000656961346976, 4.87475299451e-05, 0.000241438101511, 0.000100880759419, 0.000135886730277, 7.7902652265e-05, 7.16312424629e-05, 2.47912139457e-05, 2.35381685343e-05, 2.5322802685e-05, 1.08574113256e-05, 1.81040195457e-05, 1.54785482209e-06],
        "min": [2.5649510594e-24, 9.01522469831e-24, 6.5039723868e-24, 4.23623985902e-24, 3.67802799854e-23, 3.60319381317e-23, 2.16308720992e-23, 1.44216521467e-23, 1.2120256163e-23, 9.89418219637e-24, 2.73353240978e-23, 4.84080644848e-23, 7.22387193944e-23, 1.26019709194e-22, 8.30886554868e-23, 1.33572465449e-22, 1.38806021129e-22, 2.01837976453e-22, 1.43913258091e-22, 3.1766075599e-22, 3.79348921472e-22, 5.11840066879e-22, 5.63325294739e-22, 5.14979051706e-22, 1.03999201023e-21, 1.58594747136e-21, 2.34095647449e-21],
        "stdev": [8.13740189187e-06, 9.73947535385e-05, 0.000593746139202, 0.000915148935746, 0.00709464913234, 0.0101653309539, 0.00572692649439, 0.00304989237338, 0.00163699802943, 0.0050726942718, 0.000310711882776, 0.000795540690888, 0.00327282282524, 0.00369744142517, 0.00124319340102, 5.96270547248e-05, 0.000332718191203, 9.39914898481e-05, 0.000163382122992, 8.69246723596e-05, 7.84297735663e-05, 2.30054174608e-05, 2.63185611402e-05, 2.39836008404e-05, 8.50497599458e-06, 1.2784136743e-05, 1.34653407713e-06]
    },
    "erbbands": {
        "max": [0.0263161882758, 0.395141899586, 7.41430234909, 17.2196731567, 112.308609009, 434.412139893, 604.793945312, 1235.55859375, 669.735107422, 483.8956604, 692.269104004, 268.680328369, 973.573364258, 629.945800781, 93.3079223633, 454.368774414, 1117.95495605, 1298.61828613, 704.156921387, 85.9588546753, 59.475933075, 122.095779419, 77.4588165283, 13.7680044174, 106.309394836, 31.4713611603, 46.8638534546, 14.7303285599, 9.69829273224, 11.7430000305, 6.1981716156, 4.82829618454, 2.35722327232, 1.09732651711, 0.32148912549, 0.227871745825, 0.17522329092, 0.0506422333419, 0.00100567552727, 0.000227407814236],
        "mean": [0.00269975326955, 0.0222762934864, 0.229995682836, 0.625835180283, 3.51420783997, 11.9354333878, 17.5902347565, 31.4650993347, 61.5512657166, 35.7645149231, 44.7453536987, 24.1489810944, 84.5526199341, 66.1271972656, 8.63485622406, 30.122297287, 147.028137207, 149.876800537, 107.644996643, 10.4576539993, 4.43116378784, 11.7611627579, 8.56223583221, 3.37951683998, 9.13576412201, 3.85757231712, 3.71915483475, 1.37650179863, 1.04836714268, 0.659552633762, 0.669352114201, 0.602794229984, 0.35395771265, 0.159731686115, 0.0615002289414, 0.0391877144575, 0.0371749177575, 0.0107688894495, 0.000214013212826, 3.63736544386e-05],
        "min": [1.77894735315e-22, 1.767285919e-21, 8.07395809394e-21, 2.06528662041e-20, 7.66246481976e-20, 1.25365684181e-19, 1.52317800553e-19, 3.67723193009e-19, 3.03837837103e-19, 5.3699836414e-19, 3.55380443348e-19, 2.48602619055e-19, 5.99130639985e-19, 7.92236470973e-19, 1.6977568778e-18, 2.04696906117e-18, 3.29505204982e-18, 7.47198368456e-18, 4.16088639881e-18, 4.93601170823e-18, 7.49006088966e-18, 7.85873694304e-18, 8.29132676081e-18, 8.16407081383e-18, 9.90118153305e-18, 1.49278505821e-17, 1.57756710053e-17, 1.72403200112e-17, 1.75779949896e-17, 1.60744254815e-17, 1.40190934175e-17, 1.31198231874e-17, 6.38643734358e-18, 8.79528158592e-18, 6.96852434063e-18, 4.55981203359e-18, 3.0226062598e-18, 1.18408154311e-18, 3.2925055743e-19, 3.16440011284e-20],
        "stdev": [0.00302540929988, 0.0336062759161, 0.523078024387, 1.50422096252, 9.24382781982, 31.2491722107, 46.4714546204, 89.5430450439, 88.0348510742, 51.1935958862, 68.9208526611, 33.0349082947, 119.088111877, 76.9373016357, 10.0262384415, 42.6659927368, 152.884658813, 170.296661377, 124.512802124, 11.6651477814, 5.92437076569, 14.076089859, 8.46982383728, 2.59569764137, 11.0813055038, 4.09999990463, 3.97097921371, 1.51722812653, 1.11438190937, 0.758888185024, 0.660444021225, 0.603466033936, 0.328755021095, 0.140440255404, 0.0425315871835, 0.0271402876824, 0.0267354864627, 0.00804522633553, 0.000152364955284, 2.60962551693e-05]
    },
    "gfcc": {
        "mean": [-43.5855331421, 83.9717483521, -130.9896698, -9.51268863678, -61.9129180908, 1.31147766113, -45.0678367615, -3.94820308685, -27.193901062, 12.6460323334, -12.1128702164, -3.01682519913, -20.0923023224],
        "cov": [[26602.2734375, 368.686431885, -3652.45263672, -2599.68139648, -2530.13012695, -943.208312988, -1003.29156494, -973.498168945, -1085.49597168, 491.701324463, -250.556777954, -501.35559082, -534.59173584], [368.686431885, 302.207489014, 142.078384399, 166.452560425, 63.7660446167, -19.731388092, -49.2840118408, 11.5242929459, 12.855506897, -38.535282135, -30.9796104431, 3.65154075623, -14.2665567398], [-3652.45263672, 142.078384399, 776.337768555, 588.867004395, 382.039733887, 109.769721985, 100.462471008, 126.343269348, 165.686553955, -103.469161987, 4.197889328, 65.7151794434, 50.9838256836], [-2599.68139648, 166.452560425, 588.867004395, 634.834838867, 392.288024902, 162.115386963, 85.8669815063, 172.843612671, 150.514587402, -94.5530776978, 2.77781128883, 83.4577941895, 31.3847522736], [-2530.13012695, 63.7660446167, 382.039733887, 392.288024902, 385.925109863, 171.282989502, 107.096199036, 146.875930786, 119.662826538, -72.5252838135, 15.6972570419, 69.3383407593, 58.967880249], [-943.208312988, -19.731388092, 109.769721985, 162.115386963, 171.282989502, 167.824234009, 87.0064315796, 95.9685897827, 51.0605278015, -29.9259700775, 4.52023220062, 36.2300987244, 36.2580757141], [-1003.29156494, -49.2840118408, 100.462471008, 85.8669815063, 107.096199036, 87.0064315796, 106.439193726, 79.6911315918, 39.863822937, -16.6152420044, 14.1569366455, 22.4714183807, 36.2588386536], [-973.498168945, 11.5242929459, 126.343269348, 172.843612671, 146.875930786, 95.9685897827, 79.6911315918, 136.61366272, 81.5581054688, -27.8053646088, 18.800863266, 34.8465805054, 28.2303142548], [-1085.49597168, 12.855506897, 165.686553955, 150.514587402, 119.662826538, 51.0605278015, 39.863822937, 81.5581054688, 107.91292572, 7.47808408737, 17.7676067352, 25.842956543, 16.0798931122], [491.701324463, -38.535282135, -103.469161987, -94.5530776978, -72.5252838135, -29.9259700775, -16.6152420044, -27.8053646088, 7.47808408737, 86.424987793, 34.6006278992, -16.8960762024, -12.7474660873], [-250.556777954, -30.9796104431, 4.197889328, 2.77781128883, 15.6972570419, 4.52023220062, 14.1569366455, 18.800863266, 17.7676067352, 34.6006278992, 63.709564209, 29.4983081818, 14.115735054], [-501.35559082, 3.65154075623, 65.7151794434, 83.4577941895, 69.3383407593, 36.2300987244, 22.4714183807, 34.8465805054, 25.842956543, -16.8960762024, 29.4983081818, 73.5656890869, 36.2833518982], [-534.59173584, -14.2665567398, 50.9838256836, 31.3847522736, 58.967880249, 36.2580757141, 36.2588386536, 28.2303142548, 16.0798931122, -12.7474660873, 14.115735054, 36.2833518982, 63.7554092407]],
        "icov": [[0.000696785515174, -0.00189080426935, 0.00250638579018, -0.00143797206692, 0.00306663825177, -0.00116336741485, 0.00149941607378, -0.000809064891655, 0.00251068198122, -0.00189562246669, 0.00127525720745, -8.97616046132e-05, 0.000210286976653], [-0.00189080426935, 0.0108341984451, -0.00845336169004, 0.00350721529685, -0.00961224734783, 0.00480383541435, 0.00192159123253, -0.00356718385592, -0.00175500800833, 0.00133776268922, 0.00143941212445, -0.00144179817289, -0.000539523549378], [0.00250638579018, -0.00845336169004, 0.0240163560957, -0.0187080428004, 0.013398386538, -0.00039299504715, -0.00919053144753, 0.0215235743672, -0.0133803626522, 0.0134962834418, -0.0106492703781, 0.0124872000888, -0.00601936550811], [-0.00143797206692, 0.00350721529685, -0.0187080428004, 0.0214792080224, -0.012858835049, -0.00135645910632, 0.0100668109953, -0.020978493616, 0.0118774035946, -0.0121487658471, 0.0113011738285, -0.014141744934, 0.00946409907192], [0.00306663825177, -0.00961224734783, 0.013398386538, -0.012858835049, 0.0271298624575, -0.0112081384286, 0.0016702611465, 0.00490115350112, 1.46718866745e-05, 0.00299369194545, -0.00384754315019, 0.00547275459394, -0.00432785972953], [-0.00116336741485, 0.00480383541435, -0.00039299504715, -0.00135645910632, -0.0112081384286, 0.0204511936754, -0.010586691089, -0.00100709404796, -0.00228217593394, 0.000374069350073, 0.00341089302674, -0.00176781439222, -0.00159409840126], [0.00149941607378, 0.00192159123253, -0.00919053144753, 0.0100668109953, 0.0016702611465, -0.010586691089, 0.044228669256, -0.0378013923764, 0.0312881208956, -0.0251656565815, 0.01774167642, -0.00872637704015, -0.000427921680966], [-0.000809064891655, -0.00356718385592, 0.0215235743672, -0.020978493616, 0.00490115350112, -0.00100709404796, -0.0378013923764, 0.0721896290779, -0.058579608798, 0.0501429177821, -0.0399489738047, 0.0253504309803, -0.00967599917203], [0.00251068198122, -0.00175500800833, -0.0133803626522, 0.0118774035946, 1.46718866745e-05, -0.00228217593394, 0.0312881208956, -0.058579608798, 0.0744767785072, -0.0575825385749, 0.0399005487561, -0.0255028437823, 0.0103236678988], [-0.00189562246669, 0.00133776268922, 0.0134962834418, -0.0121487658471, 0.00299369194545, 0.000374069350073, -0.0251656565815, 0.0501429177821, -0.0575825385749, 0.0701539963484, -0.0516000576317, 0.0311600510031, -0.00903898477554], [0.00127525720745, 0.00143941212445, -0.0106492703781, 0.0113011738285, -0.00384754315019, 0.00341089302674, 0.01774167642, -0.0399489738047, 0.0399005487561, -0.0516000576317, 0.060774769634, -0.0336745195091, 0.00851377565414], [-8.97616046132e-05, -0.00144179817289, 0.0124872000888, -0.014141744934, 0.00547275459394, -0.00176781439222, -0.00872637704015, 0.0253504309803, -0.0255028437823, 0.0311600510031, -0.0336745195091, 0.0432617925107, -0.0189203470945], [0.000210286976653, -0.000539523549378, -0.00601936550811, 0.00946409907192, -0.00432785972953, -0.00159409840126, -0.000427921680966, -0.00967599917203, 0.0103236678988, -0.00903898477554, 0.00851377565414, -0.0189203470945, 0.0313910022378]]
    },
    "melbands": {
        "max": [0.000236654188484, 0.00262631592341, 0.00590079417452, 0.0161510128528, 0.018911357969, 0.0277870409191, 0.0109725566581, 0.00424136966467, 0.00509614078328, 0.00182622508146, 0.0055569387041, 0.00353671051562, 0.000416769471485, 0.000621258164756, 0.0017989713233, 0.00232286937535, 0.00232723471709, 0.00158250378445, 0.00044358271407, 3.54063740815e-05, 0.000105414932477, 0.000115842653031, 0.000210961603443, 2.13382427319e-05, 1.17172030514e-05, 8.62853048602e-05, 4.15437898482e-05, 1.81474479177e-05, 1.76744888449e-05, 3.63125982403e-05, 4.59950433651e-06, 5.36493325853e-06, 5.28139025846e-06, 9.89696036413e-06, 4.46292733614e-06, 2.8815402402e-06, 2.44469083555e-06, 1.87841828847e-06, 1.43295255839e-06, 6.8275949161e-07],
        "mean": [2.26923420996e-05, 8.76107806107e-05, 0.000180810966413, 0.000551119854208, 0.000644866318908, 0.0007033123984, 0.000903267646208, 0.000389060442103, 0.000330817711074, 0.000138979274197, 0.000466371391667, 0.000338113954058, 2.46948275162e-05, 2.9053484468e-05, 0.00021086189372, 0.000365272047929, 0.000256640341831, 0.000208422308788, 2.93320117635e-05, 2.9255145364e-06, 5.31410523763e-06, 1.03826760096e-05, 1.57863996719e-05, 3.55843530997e-06, 2.07309790312e-06, 6.64764547764e-06, 5.49312653675e-06, 1.62698449913e-06, 2.23077972805e-06, 1.75048103301e-06, 4.93509219268e-07, 6.08650395861e-07, 4.2999167249e-07, 3.91170516423e-07, 4.34911100911e-07, 3.71732198801e-07, 3.13350852821e-07, 2.58476717363e-07, 1.8101101773e-07, 1.13703478632e-07],
        "min": [3.07616862194e-24, 3.33293969114e-24, 5.25110783587e-24, 7.83975174091e-24, 5.17677110619e-24, 8.65537159689e-24, 5.22357422369e-24, 5.66587078388e-24, 2.90221256499e-24, 1.18529486732e-24, 2.88691911584e-24, 2.36573508462e-24, 4.59536878612e-24, 4.3018829471e-24, 3.40791618702e-24, 7.49517729751e-24, 1.36444442947e-23, 4.1902551847e-24, 5.34974621459e-24, 9.28074344609e-24, 8.51521862417e-24, 7.40922301327e-24, 7.67036437189e-24, 9.17252198509e-24, 5.65025804327e-24, 5.21553809765e-24, 9.29205728919e-24, 1.0261157134e-23, 7.97136923864e-24, 8.09643130225e-24, 1.10152079741e-23, 1.12726069766e-23, 7.76578814243e-24, 7.58055255783e-24, 7.98524530196e-24, 7.01760011662e-24, 8.07839557537e-24, 3.69566030194e-24, 4.7266514124e-24, 7.4593772119e-24],
        "stdev": [2.41788820858e-05, 0.000186245626537, 0.000475409178762, 0.0013379160082, 0.00166081136558, 0.00196674722247, 0.00129503954668, 0.000538838445209, 0.0005063363933, 0.000210063764825, 0.000669645552989, 0.00041877219337, 4.257962064e-05, 4.87715115014e-05, 0.000283875007881, 0.000360615522368, 0.00029921089299, 0.00026113257627, 5.41416957276e-05, 3.95503457185e-06, 9.62690592132e-06, 1.42396329466e-05, 2.11860078707e-05, 3.26370104631e-06, 1.93977780327e-06, 8.22969377623e-06, 5.76714273848e-06, 2.168969786e-06, 2.12278905565e-06, 2.6752506983e-06, 4.61872645019e-07, 6.25899417628e-07, 4.7591018415e-07, 5.91030641317e-07, 4.69323850893e-07, 3.6413740645e-07, 3.19329956255e-07, 2.5065776299e-07, 1.74642167394e-07, 9.58539487783e-08]
    },
    "melbands128": {
        "max": [6.61370213493e-05, 0.000168847007444, 0.000322782492731, 0.000578591541853, 0.0030597622972, 0.00440239068121, 0.00202176067978, 0.0084493169561, 0.0110098747537, 0.0138667561114, 0.0263205096126, 0.0408878661692, 0.016174223274, 0.048700645566, 0.033132802695, 0.0173239503056, 0.0108987363055, 0.0176658220589, 0.0116750411689, 0.00668611191213, 0.00440124794841, 0.00759129505605, 0.00733306165785, 0.0018235410098, 0.0023924803827, 0.00156497978605, 0.00328641943634, 0.00386556517333, 0.014918923378, 0.00425551645458, 0.0011274444405, 0.000671319954563, 0.000688070547767, 3.82770776923e-05, 0.000445981568191, 0.000444076722488, 0.00262810545973, 0.00267159752548, 0.00437234155834, 0.00365038122982, 0.0029327548109, 0.00736860558391, 0.00464998558164, 0.000934692390729, 0.00441302359104, 0.00134684087243, 0.00215074629523, 0.000253991369391, 7.30349274818e-05, 0.000120583747048, 8.50452852319e-06, 1.11426388685e-05, 9.30119931581e-05, 0.000186334451428, 0.000327936781105, 0.000125848106109, 0.000185716053238, 0.000558038416784, 7.93371364125e-05, 4.30910113209e-05, 4.30609943578e-05, 1.46057991515e-05, 5.55784527023e-06, 1.30029784486e-05, 5.56796876481e-05, 5.93062177359e-05, 0.000220587782678, 9.2004891485e-05, 3.34259493684e-05, 5.61058295716e-05, 2.24171653826e-05, 1.93332448362e-06, 6.98694657331e-06, 2.08491001104e-05, 6.44674873911e-05, 5.93888908043e-05, 2.20872316277e-05, 6.4574787757e-06, 3.74568026018e-06, 2.92965796689e-06, 4.51834830528e-06, 1.03603961179e-05, 9.61380010267e-06, 5.6494150158e-06, 1.05776348391e-06, 1.99908276954e-06, 2.42102505581e-05, 6.89675880494e-06, 6.32193041383e-06, 2.98523377751e-06, 1.33099831601e-06, 3.63347908205e-06, 6.33758418189e-06, 2.35674292526e-06, 7.28849556708e-07, 1.64020912052e-06, 2.85035844172e-06, 2.88104342872e-06, 1.28409544686e-06, 2.16866260416e-06, 1.12285329124e-06, 3.1646430898e-07, 3.45838259364e-07, 4.27700200589e-07, 3.90375845427e-07, 3.68212141666e-07, 4.28090146443e-07, 5.20312028129e-07, 3.32072033871e-07, 3.50012896888e-07, 5.7334466419e-07, 6.62631350679e-07, 1.20546678772e-06, 6.24235894975e-07, 1.08427514078e-06, 1.14515205496e-06, 3.95599357716e-07, 3.89302190484e-09, 3.96492128019e-09, 3.95258803465e-09, 3.9040291e-09, 3.84292198063e-09, 3.80278031287e-09, 3.73395803166e-09, 3.6762997091e-09, 3.62994456715e-09, 3.59182794618e-09, 3.57418317165e-09],
        "mean": [5.08204038852e-06, 2.25445528486e-05, 2.5700797778e-05, 3.12029951601e-05, 9.64825085248e-05, 0.000128865678562, 9.36682044994e-05, 0.000172991800355, 0.000321933417581, 0.000552187557332, 0.000730130646843, 0.000661775353365, 0.000436774105765, 0.000887366069946, 0.000769061327446, 0.000484301941469, 0.000856922473758, 0.0012901481241, 0.000547539268155, 0.000277811312117, 0.000348446686985, 0.000544314621948, 0.000316580059007, 0.000142983510159, 0.000139760653838, 0.000108499196358, 0.000206231648917, 0.000304609915474, 0.00104630948044, 0.000451266387245, 9.38497614698e-05, 3.62839527952e-05, 2.93762204819e-05, 4.09328322348e-06, 2.56148814515e-05, 2.65043945546e-05, 4.6595443564e-05, 0.00015415874077, 0.000389226392144, 0.000344338506693, 0.000267412135145, 0.000550665135961, 0.000221294176299, 7.05718994141e-05, 0.000400852761231, 0.000176456815097, 0.000113797483209, 1.32992145154e-05, 6.04181605013e-06, 5.43290389032e-06, 1.0218271882e-06, 1.50718392433e-06, 6.31962484476e-06, 5.43584883417e-06, 7.12948531145e-06, 9.20526963455e-06, 1.01502937468e-05, 3.07260197587e-05, 1.0401581676e-05, 3.48713206222e-06, 4.42301688963e-06, 2.66320716946e-06, 7.56985230055e-07, 1.41720886404e-06, 5.14600515089e-06, 5.04977469973e-06, 1.0683450455e-05, 6.01367901254e-06, 4.26416272603e-06, 4.29427245763e-06, 1.63360539318e-06, 2.68637279532e-07, 7.32896637601e-07, 3.25886412611e-06, 3.18498950946e-06, 1.80970027941e-06, 1.29238708269e-06, 5.5798119547e-07, 3.06644892589e-07, 4.8855906698e-07, 5.63540652365e-07, 6.86602334099e-07, 6.75237288306e-07, 4.4921645781e-07, 1.70189110804e-07, 1.87784181094e-07, 6.240158541e-07, 5.21353740623e-07, 5.28136979483e-07, 2.45991657266e-07, 1.86141946301e-07, 4.3971380137e-07, 6.44599879251e-07, 3.02356795601e-07, 1.11618469134e-07, 2.05120386454e-07, 3.49421725332e-07, 2.60225476723e-07, 1.33817991355e-07, 1.7370336991e-07, 1.80257615057e-07, 7.61530074556e-08, 7.48274828766e-08, 8.12658669247e-08, 6.34422647749e-08, 6.10798949197e-08, 5.34050883516e-08, 6.57262404502e-08, 6.27169072231e-08, 6.76583624681e-08, 8.03738728905e-08, 8.70166303457e-08, 1.33180762418e-07, 1.44671929547e-07, 1.81304187663e-07, 1.59430385338e-07, 6.31586871691e-08, 4.12530079541e-11, 1.15832161571e-11, 1.14138733187e-11, 1.12068071836e-11, 1.0998615213e-11, 1.08350680858e-11, 1.06391310692e-11, 1.04778147964e-11, 1.03479785504e-11, 1.02483178194e-11, 1.01922610976e-11],
        "min": [1.27506408289e-24, 1.34119882852e-24, 1.02436586214e-24, 1.91927866366e-24, 4.13462708025e-24, 2.3253988516e-24, 3.68602673257e-24, 1.82324490643e-24, 7.60867466024e-24, 6.72017115636e-24, 6.97529113969e-24, 3.96655710895e-24, 5.35597939904e-24, 1.28418154001e-24, 4.04658310348e-24, 6.16717690079e-24, 1.35299328513e-24, 4.63943652844e-24, 3.38635385746e-24, 6.58050254423e-24, 3.18017046596e-24, 1.24495424821e-24, 2.75658844746e-24, 3.94158137826e-24, 8.41622782183e-25, 1.51957055904e-25, 1.43449050525e-24, 1.64387213608e-24, 1.14722858155e-24, 1.15523660442e-24, 2.26124079418e-24, 3.66075005145e-24, 5.59589211627e-24, 3.03344884569e-24, 4.50163909438e-24, 1.49735601408e-24, 3.14642062985e-24, 3.13310308005e-24, 2.78454705844e-24, 4.11833552484e-24, 6.39828040829e-24, 1.33319402026e-23, 1.58052100448e-23, 4.95866644868e-24, 1.95459971348e-24, 2.12598921147e-24, 7.49375024813e-24, 3.19056686383e-24, 2.52096713355e-24, 7.32847836646e-24, 9.02916465936e-24, 5.44767619623e-24, 6.78249432332e-24, 6.9042739367e-24, 3.78087976224e-24, 5.17908089092e-24, 6.45963761507e-24, 4.32271400259e-24, 2.58277576598e-24, 5.97644611113e-24, 6.47551896281e-24, 6.22507850237e-24, 4.31470114795e-24, 5.59524288374e-24, 3.17448218719e-24, 4.30115206747e-24, 5.80686231575e-24, 9.50393901745e-24, 9.41255027044e-24, 9.04613384629e-24, 8.44689143686e-24, 6.2386256107e-24, 5.47956510946e-24, 6.6801025444e-24, 6.32711608274e-24, 4.38528566073e-24, 7.01731533784e-24, 7.53522934339e-24, 9.10864633987e-24, 1.09311871879e-23, 9.55438982778e-24, 7.35724970139e-24, 7.30031208784e-24, 5.58502910717e-24, 6.35036578577e-24, 6.35790690159e-24, 5.91731033666e-24, 9.64472229004e-24, 5.45231233177e-24, 4.56607009767e-24, 4.97755256761e-24, 4.88939105057e-24, 7.09605391137e-24, 8.01326643017e-24, 6.10472948824e-24, 3.37091269411e-24, 3.14717063936e-24, 4.27665438649e-24, 3.9430506317e-24, 5.32343494239e-24, 6.7923779616e-24, 7.03741788028e-24, 3.94977212104e-24, 7.13448563695e-24, 7.75621294877e-24, 6.40381387311e-24, 6.65687137961e-24, 7.22201527641e-24, 6.20400487215e-24, 9.24293965379e-24, 1.02775891067e-23, 6.23412634252e-24, 7.31833124863e-24, 9.64821299954e-24, 8.18830914302e-24, 6.91941059975e-24, 6.86006932702e-24, 9.03379606174e-24, 9.09286754404e-24, 8.59105261185e-24, 9.34604692955e-24, 8.34075966839e-24, 1.08743860473e-23, 8.72756025833e-24, 7.73762896356e-24, 7.76850419053e-24, 6.56912598669e-24, 6.34289487857e-24],
        "stdev": [6.84914903104e-06, 2.75502334262e-05, 2.9743912819e-05, 5.11429716425e-05, 0.000231028359849, 0.000298651342746, 0.000217763124965, 0.000616460805759, 0.000988654908724, 0.00125597068109, 0.00205069035292, 0.00216687144712, 0.00105736276601, 0.00333829200827, 0.00255065481178, 0.0013807490468, 0.00150167627726, 0.00210218527354, 0.00103965005837, 0.000694492191542, 0.000569677446038, 0.000900032231584, 0.000677423086017, 0.000242748297751, 0.000285558169708, 0.000184464501217, 0.000453896907857, 0.000505761418026, 0.00181240914389, 0.000547325238585, 0.000163336386322, 7.55948058213e-05, 6.59389552311e-05, 5.36547577212e-06, 4.53485336038e-05, 4.56273228338e-05, 0.000157899179612, 0.000325331726344, 0.000616590841673, 0.000481894618133, 0.000400522054406, 0.000831643352285, 0.000381131947506, 0.000117967188999, 0.000682156940456, 0.00022864282073, 0.00026043667458, 2.5537026886e-05, 9.30430724111e-06, 1.25897868202e-05, 1.12954467113e-06, 1.72317265879e-06, 1.01796886156e-05, 1.38685572892e-05, 2.65427534032e-05, 1.61081261467e-05, 1.51158355948e-05, 5.33855527465e-05, 1.25432534333e-05, 5.49382457393e-06, 5.13875875185e-06, 2.55948793892e-06, 8.65985498422e-07, 1.74190347479e-06, 6.75372393744e-06, 6.78188325764e-06, 1.91442759387e-05, 9.69879874901e-06, 5.7852662394e-06, 6.48931290925e-06, 2.58757563643e-06, 2.76371991959e-07, 8.55148300616e-07, 3.43536385117e-06, 5.18612296219e-06, 3.85898874811e-06, 1.95584084395e-06, 8.86932866706e-07, 3.41553970884e-07, 4.58242737977e-07, 5.80001255912e-07, 1.09802965653e-06, 9.51860840814e-07, 5.19948798683e-07, 1.49410226413e-07, 1.96114896767e-07, 1.34368804083e-06, 6.67362940021e-07, 6.59228476252e-07, 2.84514783289e-07, 1.85758153748e-07, 5.06651190335e-07, 7.66173798183e-07, 3.34561377713e-07, 1.07780238068e-07, 2.17228119936e-07, 3.82856882197e-07, 2.85883601236e-07, 1.35825075631e-07, 2.17136388869e-07, 1.88927259615e-07, 5.76986174394e-08, 6.05541075061e-08, 6.17200228703e-08, 5.01948420606e-08, 5.07105148984e-08, 4.76999311161e-08, 6.20195450551e-08, 4.8109946249e-08, 4.88206879368e-08, 6.0689195891e-08, 6.70710349482e-08, 1.21359434502e-07, 1.17562748869e-07, 1.47010297269e-07, 1.41169593348e-07, 5.2470340961e-08, 1.66777772148e-10, 1.68885780361e-10, 1.68355385188e-10, 1.66284819247e-10, 1.63680652365e-10, 1.61969812562e-10, 1.59038157643e-10, 1.56582344313e-10, 1.54607729397e-10, 1.52984153123e-10, 1.52232601525e-10]
    },
    "mfcc": {
        "mean": [-686.503112793, 133.039382935, -17.1571826935, -5.56810712814, -8.71102619171, -2.5535223484, -7.29141712189, -17.2007579803, -18.2040996552, 4.86420440674, 6.27789926529, -0.171968430281, -16.6773662567],
        "cov": [[16750.5039062, 751.104370117, -1524.05200195, -1887.67163086, -2195.41796875, -780.748535156, -556.065429688, -1540.82617188, -1123.92285156, -96.2245178223, -61.0419654846, -190.459655762, -915.081787109], [751.104370117, 337.796508789, 25.4996623993, 43.4265975952, 10.1777276993, -20.2109031677, -53.7677993774, -55.3992271423, -28.2001934052, -16.1881885529, -4.07744550705, -5.55363845825, -31.6653404236], [-1524.05200195, 25.4996623993, 385.980163574, 327.719665527, 251.443817139, 88.7426071167, -0.123667441308, 128.211029053, 116.219413757, -25.032793045, -9.41913604736, 71.2057189941, 64.4053039551], [-1887.67163086, 43.4265975952, 327.719665527, 416.000213623, 347.371124268, 105.294158936, 33.9724311829, 187.499984741, 145.977142334, -9.35332012177, -3.44724416733, 64.7767028809, 114.323188782], [-2195.41796875, 10.1777276993, 251.443817139, 347.371124268, 422.893585205, 145.861694336, 77.4022369385, 246.495956421, 176.663223267, 7.83959627151, 2.80071401596, 29.0092773438, 140.534500122], [-780.748535156, -20.2109031677, 88.7426071167, 105.294158936, 145.861694336, 98.9969863892, 50.3174705505, 85.1819152832, 70.4712982178, -6.46283817291, 4.65399026871, 8.7879743576, 41.9589118958], [-556.065429688, -53.7677993774, -0.123667441308, 33.9724311829, 77.4022369385, 50.3174705505, 116.97580719, 97.585647583, 47.6372299194, 25.0536575317, -2.08197832108, -16.0244007111, 29.8577022552], [-1540.82617188, -55.3992271423, 128.211029053, 187.499984741, 246.495956421, 85.1819152832, 97.585647583, 244.691802979, 142.323898315, 19.3763065338, -8.59159851074, 9.02861595154, 103.031173706], [-1123.92285156, -28.2001934052, 116.219413757, 145.977142334, 176.663223267, 70.4712982178, 47.6372299194, 142.323898315, 141.25138855, 24.02983284, -2.940533638, 10.0618991852, 61.4017753601], [-96.2245178223, -16.1881885529, -25.032793045, -9.35332012177, 7.83959627151, -6.46283817291, 25.0536575317, 19.3763065338, 24.02983284, 104.540931702, 9.72387123108, -23.8374404907, 23.7829704285], [-61.0419654846, -4.07744550705, -9.41913604736, -3.44724416733, 2.80071401596, 4.65399026871, -2.08197832108, -8.59159851074, -2.940533638, 9.72387123108, 65.946105957, 17.6291809082, -8.13976573944], [-190.459655762, -5.55363845825, 71.2057189941, 64.7767028809, 29.0092773438, 8.7879743576, -16.0244007111, 9.02861595154, 10.0618991852, -23.8374404907, 17.6291809082, 72.5643768311, 24.5363254547], [-915.081787109, -31.6653404236, 64.4053039551, 114.323188782, 140.534500122, 41.9589118958, 29.8577022552, 103.031173706, 61.4017753601, 23.7829704285, -8.13976573944, 24.5363254547, 140.558166504]],
        "icov": [[0.000422777375206, -0.000883166969288, 0.000687244930305, 0.000168659171322, 0.00118427630514, -0.000640448648483, 0.000411970366258, 6.89363660058e-05, 0.000859335530549, -0.000500931986608, 0.000925100815948, -0.000906282337382, 0.000891587114893], [-0.000883166969288, 0.00556755345315, -0.000929057598114, -0.00156915769912, -0.00378336338326, 0.00225188047625, 0.000236258143559, 0.00108155806083, -0.00116669817362, 0.00106204720214, -0.00156991311815, 0.00272793951444, -0.000763097079471], [0.000687244930305, -0.000929057598114, 0.0112487366423, -0.00783345382661, 0.00354196550325, -0.0052541103214, 0.00416488060728, -0.00101705442648, 0.000730155094061, -0.0017049650196, 0.00424129748717, -0.00526048056781, 0.00450325105339], [0.000168659171322, -0.00156915769912, -0.00783345382661, 0.0172871053219, -0.0104966470972, 0.00572077510878, -0.00224827998318, 0.00194292305969, -0.00065473880386, 7.33031120035e-05, 0.00115776329767, -0.0045708976686, -0.000747489975765], [0.00118427630514, -0.00378336338326, 0.00354196550325, -0.0104966470972, 0.0238720085472, -0.0144377816468, 0.00479119503871, -0.00821052398533, 0.00130029884167, -0.000900084036402, -0.00104170991108, 0.00340242544189, -0.00185517850332], [-0.000640448648483, 0.00225188047625, -0.0052541103214, 0.00572077510878, -0.0144377816468, 0.0321978293359, -0.0120683573186, 0.00868395250291, -0.00918640382588, 0.00695930793881, -0.00414925720543, 0.00213582767174, -0.00266349408776], [0.000411970366258, 0.000236258143559, 0.00416488060728, -0.00224827998318, 0.00479119503871, -0.0120683573186, 0.0202846378088, -0.0108886957169, 0.00570452492684, -0.00500157801434, 0.00211099977605, 0.000244422641117, 0.00357430311851], [6.89363660058e-05, 0.00108155806083, -0.00101705442648, 0.00194292305969, -0.00821052398533, 0.00868395250291, -0.0108886957169, 0.0212052613497, -0.0111196963117, 0.00348811666481, 0.000612348550931, 0.000548580545001, -0.00382866710424], [0.000859335530549, -0.00116669817362, 0.000730155094061, -0.00065473880386, 0.00130029884167, -0.00918640382588, 0.00570452492684, -0.0111196963117, 0.025453845039, -0.00726185832173, 0.00376554578543, -0.00318056857213, 0.00479372870177], [-0.000500931986608, 0.00106204720214, -0.0017049650196, 7.33031120035e-05, -0.000900084036402, 0.00695930793881, -0.00500157801434, 0.00348811666481, -0.00726185832173, 0.0154114617035, -0.00630250340328, 0.00804185401648, -0.00617647590116], [0.000925100815948, -0.00156991311815, 0.00424129748717, 0.00115776329767, -0.00104170991108, -0.00414925720543, 0.00211099977605, 0.000612348550931, 0.00376554578543, -0.00630250340328, 0.0222152285278, -0.0119200143963, 0.00695558963344], [-0.000906282337382, 0.00272793951444, -0.00526048056781, -0.0045708976686, 0.00340242544189, 0.00213582767174, 0.000244422641117, 0.000548580545001, -0.00318056857213, 0.00804185401648, -0.0119200143963, 0.0283291656524, -0.00925779901445], [0.000891587114893, -0.000763097079471, 0.00450325105339, -0.000747489975765, -0.00185517850332, -0.00266349408776, 0.00357430311851, -0.00382866710424, 0.00479372870177, -0.00617647590116, 0.00695558963344, -0.00925779901445, 0.0169586725533]]
    },
    "spectral_contrast_coeffs": {
        "max": [-0.35493439436, -0.529086351395, -0.486650288105, -0.530483424664, -0.664305925369, -0.71803188324],
        "mean": [-0.658813655376, -0.743352890015, -0.695242226124, -0.686624526978, -0.763971149921, -0.794522702694],
        "min": [-0.960993409157, -0.973061382771, -0.969771325588, -0.967338502407, -0.961933135986, -0.961064994335],
        "stdev": [0.106667384505, 0.080565713346, 0.10071631521, 0.0910062342882, 0.0429485067725, 0.0307981856167]
    },
    "spectral_contrast_valleys": {
        "max": [-5.35226535797, -4.28522348404, -6.62298727036, -6.82891988754, -7.16774368286, -9.62554073334],
        "mean": [-7.86862230301, -6.7888584137, -8.0892868042, -8.15159702301, -8.4839963913, -10.9201641083],
        "min": [-27.7194976807, -27.5966815948, -27.3965702057, -27.5188846588, -27.4925003052, -27.2973709106],
        "stdev": [1.87753665447, 2.21848630905, 1.98894178867, 1.94470512867, 1.94815564156, 1.75228273869]
    }
},
"rhythm": {
    "beats_count": 31,
    "beats_loudness": {
        "max": 0.171929985285,
        "mean": 0.0312273595482,
        "min": 8.93026226549e-05,
        "stdev": 0.0302934814245
    },
    "bpm": 153.895324707,
    "bpm_histogram_first_peak_bpm": 152,
    "bpm_histogram_first_peak_weight": 0.0833333134651,
    "bpm_histogram_second_peak_bpm": 157,
    "bpm_histogram_second_peak_spread": 0.230769217014,
    "bpm_histogram_second_peak_weight": 0.333333343267,
    "danceability": 0.842949032784,
    "onset_rate": 1.17560708523,
    "beats_loudness_band_ratio": {
        "max": [0.962277591228, 0.897310018539, 0.598879516125, 0.645742058754, 0.250964790583, 0.0274618119001],
        "mean": [0.129814654589, 0.193552955985, 0.254113554955, 0.345537483692, 0.102207623422, 0.0143750486895],
        "min": [0.0059551182203, 0.0171107426286, 0.00718350009993, 0.0050643584691, 0.00753731513396, 0.0010681017302],
        "stdev": [0.268050014973, 0.197102576494, 0.156766653061, 0.194438830018, 0.0682450160384, 0.00664206314832]
    },
    "beats_position": [0.417959183455, 0.847528338432, 1.27709746361, 1.70666658878, 2.13623571396, 2.55419492722, 2.94893407822, 3.34367346764, 3.73841261864, 4.12154197693, 4.5046710968, 4.88780021667, 5.27092981339, 5.65405893326, 6.03718805313, 6.420317173, 6.80344676971, 7.18657588959, 7.55809497833, 7.92961454391, 8.31274318695, 8.68426322937, 9.07900238037, 9.47374153137, 9.86848068237, 10.2632198334, 10.6579589844, 11.0526981354, 11.4474372864, 11.8421764374, 12.2485256195],
