{
"metadata": {
    "version": {
        "essentia": "2.1-beta5",
        "essentia_git_sha": "Undefined",
        "extractor": "music 2.0"
    },
    "audio_properties": {
        "analysis": {
            "equal_loudness": 0,
            "length": 48.7502937317,
            "sample_rate": 44100,
            "start_time": 12.7477550507,
            "downmix": "mix"
        },
        "bit_rate": 192000,
        "length": 188.011978149,
        "lossless": 0,
        "number_channels": 2,
        "replay_gain": -4.00290679932,
        "sample_rate": 44100,
        "codec": "mp3",
        "md5_encoded": "d8506bfaee0364c8643576f5a47426a1"
    },
    "tags": {
        "file_name": "Portugal_Uma Flor De Verde Pinho_Carlos do Carmo.mp3",
        "encoding": ["Lavf58.29.100"]
    }
},
"lowlevel": {
    "average_loudness": 0.790729343891,
    "barkbands_crest": {
        "max": 25.5025939941,
        "mean": 11.1498060226,
        "min": 3.69290685654,
        "stdev": 4.06555938721
    },
    "barkbands_flatness_db": {
        "max": 0.406892329454,
        "mean": 0.243732556701,
        "min": 0.118002988398,
        "stdev": 0.03681159392
    },
    "barkbands_kurtosis": {
        "max": 92.6734085083,
        "mean": 5.53797531128,
        "min": -1.81076836586,
        "stdev": 6.90992498398
    },
    "barkbands_skewness": {
        "max": 7.71237468719,
        "mean": 1.7101316452,
        "min": -1.16876423359,
        "stdev": 0.890270888805
    },
    "barkbands_spread": {
        "max": 72.6926422119,
        "mean": 8.38783836365,
        "min": 0.571549654007,
        "stdev": 6.44747114182
    },
    "dissonance": {
        "max": 0.498724430799,
        "mean": 0.415456026793,
        "min": 0.187202855945,
        "stdev": 0.0447514019907
    },
    "dynamic_complexity": 4.16798973083,
    "erbbands_crest": {
        "max": 30.8383560181,
        "mean": 11.8006858826,
        "min": 3.63570022583,
        "stdev": 4.74784421921
    },
    "erbbands_flatness_db": {
        "max": 0.423855692148,
        "mean": 0.283568799496,
        "min": 0.12143420428,
        "stdev": 0.0413743257523
    },
    "erbbands_kurtosis": {
        "max": 39.4260063171,
        "mean": 1.57863879204,
        "min": -1.75294589996,
        "stdev": 3.68644404411
    },
    "erbbands_skewness": {
        "max": 5.40343141556,
        "mean": 0.978208243847,
        "min": -1.49929237366,
        "stdev": 0.842769980431
    },
    "erbbands_spread": {
        "max": 108.368484497,
        "mean": 19.912405014,
        "min": 2.68029427528,
        "stdev": 11.3082199097
    },
    "hfc": {
        "max": 89.1985549927,
        "mean": 11.3845186234,
        "min": 0.00419402774423,
        "stdev": 12.5579376221
    },
    "loudness_ebu128": {
        "integrated": -21.4822788239,
        "loudness_range": 5.97122383118,
        "momentary": {
            "max": -15.5732412338,
            "mean": -23.6587562561,
            "min": -48.9633560181,
            "stdev": 5.59850692749
        },
        "short_term": {
            "max": -18.4213237762,
            "mean": -22.3847293854,
            "min": -31.6826267242,
            "stdev": 2.4822614193
        }
    },
    "melbands_crest": {
        "max": 31.7702560425,
        "mean": 13.389582634,
        "min": 4.63682508469,
        "stdev": 4.66075611115
    },
    "melbands_flatness_db": {
        "max": 0.461950749159,
        "mean": 0.290826261044,
        "min": 0.0665479823947,
        "stdev": 0.049058329314
    },
    "melbands_kurtosis": {
        "max": 91.8295669556,
        "mean": 8.08930873871,
        "min": -1.55225968361,
        "stdev": 8.6147518158
    },
    "melbands_skewness": {
        "max": 7.63798189163,
        "mean": 1.85646116734,
        "min": -0.314438313246,
        "stdev": 0.913662970066
    },
    "melbands_spread": {
        "max": 113.562644958,
        "mean": 11.2934293747,
        "min": 0.889344871044,
        "stdev": 8.4545173645
    },
    "pitch_salience": {
        "max": 0.858808457851,
        "mean": 0.58335596323,
        "min": 0.210257738829,
        "stdev": 0.098544023931
    },
    "silence_rate_20dB": {
        "max": 1,
        "mean": 1,
        "min": 1,
        "stdev": 0
    },
    "silence_rate_30dB": {
        "max": 1,
        "mean": 0.996192276478,
        "min": 0,
        "stdev": 0.0615884810686
    },
    "silence_rate_60dB": {
        "max": 1,
        "mean": 0.104236081243,
        "min": 0,
        "stdev": 0.305565536022
    },
    "spectral_centroid": {
        "max": 4088.81079102,
        "mean": 708.619995117,
        "min": 309.120117188,
        "stdev": 332.047058105
    },
    "spectral_complexity": {
        "max": 32,
        "mean": 12.0547361374,
        "min": 0,
        "stdev": 5.12645721436
    },
    "spectral_decrease": {
        "max": -4.51919491412e-12,
        "mean": -4.56399007476e-09,
        "min": -3.7822779575e-08,
        "stdev": 4.30163282772e-09
    },
    "spectral_energy": {
        "max": 0.149656936526,
        "mean": 0.0182581674308,
        "min": 1.74368269654e-05,
        "stdev": 0.0172613225877
    },
    "spectral_energyband_high": {
        "max": 0.00602199463174,
        "mean": 0.000107430860226,
        "min": 4.82673030433e-08,
        "stdev": 0.000456684094388
    },
    "spectral_energyband_low": {
        "max": 0.00930078327656,
        "mean": 0.000506539596245,
        "min": 5.41220697414e-06,
        "stdev": 0.000749174505472
    },
    "spectral_energyband_middle_high": {
        "max": 0.0461639463902,
        "mean": 0.00265596946701,
        "min": 4.79666027786e-07,
        "stdev": 0.00442923279479
    },
    "spectral_energyband_middle_low": {
        "max": 0.145577654243,
        "mean": 0.0152751822025,
        "min": 4.66202573079e-06,
        "stdev": 0.0149383489043
    },
    "spectral_entropy": {
        "max": 8.02553844452,
        "mean": 6.6304101944,
        "min": 5.33193874359,
        "stdev": 0.369969695807
    },
    "spectral_flux": {
        "max": 0.263711184263,
        "mean": 0.0604373514652,
        "min": 0.00254237651825,
        "stdev": 0.0379204824567
    },
    "spectral_kurtosis": {
        "max": 65.9683837891,
        "mean": 14.5113372803,
        "min": -1.4756988287,
        "stdev": 11.06620121
    },
    "spectral_rms": {
        "max": 0.0120833264664,
        "mean": 0.00379529339261,
        "min": 0.000130428292323,
        "stdev": 0.00184623210225
    },
    "spectral_rolloff": {
        "max": 7795.01953125,
        "mean": 880.400878906,
        "min": 86.1328125,
        "stdev": 689.949279785
    },
    "spectral_skewness": {
        "max": 5.8080739975,
        "mean": 2.49097394943,
        "min": -0.188592389226,
        "stdev": 0.919231235981
    },
    "spectral_spread": {
        "max": 13239660,
        "mean": 2278873.75,
        "min": 947601.8125,
        "stdev": 924765.6875
    },
    "spectral_strongpeak": {
        "max": 10.9033765793,
        "mean": 1.20757317543,
        "min": 0.00250007375143,
        "stdev": 1.18173015118
    },
    "zerocrossingrate": {
        "max": 0.2060546875,
        "mean": 0.0339814461768,
        "min": 0.0068359375,
        "stdev": 0.0174136888236
    },
    "barkbands": {
        "max": [8.01451024017e-05, 0.000946034968365, 0.00622000684962, 0.01120121032, 0.0236204192042, 0.0440162494779, 0.119180783629, 0.120249323547, 0.0552284382284, 0.030012100935, 0.0030283301603, 0.00999026093632, 0.0300254058093, 0.0258355997503, 0.0041742795147, 0.000481387512991, 0.00874990411103, 0.00529482075945, 0.00440140208229, 0.00128983904142, 0.00449307821691, 0.00329164764844, 0.00391494389623, 0.00226102117449, 4.18934469053e-05, 3.19471325838e-07, 3.30579410956e-07],
        "mean": [4.71311795991e-06, 6.58930148347e-05, 0.000221689915634, 0.000686613842845, 0.00200077728368, 0.00379703100771, 0.0035932874307, 0.00313227740116, 0.00189717009198, 0.000617143232375, 0.000108450818516, 0.000216508560698, 0.000561324006412, 0.000733072287403, 0.000157581423991, 2.36488394876e-05, 0.000153507571667, 7.3870527558e-05, 7.57141751819e-05, 3.28101232299e-05, 3.81003446819e-05, 3.30890070472e-05, 2.32995644183e-05, 1.03257989394e-05, 2.72771956134e-07, 1.96223548521e-09, 1.12838083322e-09],
        "min": [6.29229890414e-10, 9.1677702585e-07, 5.08615194406e-08, 9.13107385259e-08, 5.15859426287e-07, 3.94912319734e-07, 2.15912606905e-07, 1.0125141614e-07, 8.779930738e-08, 5.17896836527e-08, 2.05456771596e-08, 2.39505926203e-08, 1.01892460691e-07, 3.57147520447e-08, 2.81642975608e-08, 1.45188803202e-08, 1.12525633256e-08, 1.04084749708e-08, 5.60286572693e-09, 1.49005190409e-08, 8.33528357447e-09, 9.55873691311e-09, 8.15909473317e-09, 6.19276763203e-09, 2.51102194593e-10, 4.18877710295e-11, 4.64594300531e-11],
        "stdev": [6.58788303554e-06, 7.82278657425e-05, 0.00043892863323, 0.00106933247298, 0.00236439518631, 0.00496325083077, 0.0073860171251, 0.00855085998774, 0.00421343371272, 0.00167789042462, 0.000234314924455, 0.000528858450707, 0.00134810863528, 0.00199388293549, 0.000320724211633, 4.45436671725e-05, 0.000461012910819, 0.000258199812379, 0.000216512737097, 8.98643775145e-05, 0.000190261795069, 0.000149240746396, 0.000163339762366, 8.78667051438e-05, 1.96123369278e-06, 1.13875522345e-08, 1.17459961757e-08]
    },
    "erbbands": {
        "max": [0.03765675053, 0.26472684741, 3.93580317497, 15.8613891602, 73.8307113647, 131.654693604, 179.095199585, 530.588562012, 1444.08984375, 2687.34521484, 2406.75976562, 1294.44848633, 962.264099121, 482.754730225, 72.5109481812, 376.553161621, 765.886352539, 1382.15551758, 1153.63928223, 47.765625, 48.3359222412, 294.697357178, 247.662246704, 48.0083770752, 313.710601807, 58.9044647217, 169.712875366, 114.709999084, 160.548599243, 55.0254859924, 120.639060974, 77.8760299683, 16.2702178955, 1.83239078522, 0.052249327302, 0.00306269340217, 0.000607049907558, 0.000211919978028, 7.29494640836e-05, 0.000169051694684],
        "mean": [0.00198505306616, 0.0175748877227, 0.189899414778, 1.26456928253, 4.81528663635, 6.2579369545, 14.616112709, 37.2113723755, 49.2704849243, 58.2427253723, 66.0886611938, 42.3536071777, 28.8175430298, 16.3420009613, 3.71478438377, 11.1513299942, 23.4918193817, 35.5340423584, 22.7787303925, 3.16929078102, 2.52361011505, 8.17498397827, 5.74747610092, 1.62552642822, 5.08525753021, 1.4118065834, 1.45420145988, 1.14641618729, 1.5090739727, 0.744341135025, 0.628435432911, 0.339156866074, 0.0897599384189, 0.00983173213899, 0.00034704018617, 3.93683876609e-05, 1.38458672154e-05, 3.6931012346e-06, 9.60890520219e-06, 2.10994930967e-05],
        "min": [1.78276222869e-05, 0.000205598786124, 0.000895217352081, 0.00112731161062, 0.00109295663424, 0.00139243039303, 0.00291340402327, 0.00226863310672, 0.00455122906715, 0.00277764862403, 0.00353669933975, 0.00319528067484, 0.00262665841728, 0.00131019763649, 0.00118606677279, 0.00151795055717, 0.00388065446168, 0.00235301372595, 0.00196563452482, 0.00123679661192, 0.000820168526843, 0.000699233380146, 0.000798254681285, 0.000335196818924, 0.000503808434587, 0.000775281980168, 0.000387690990465, 0.000296572397929, 0.000360332109267, 0.000311960582621, 0.000237324362388, 0.000173661261215, 6.9545727456e-05, 1.88119611266e-05, 4.39207497038e-06, 1.86982924788e-06, 1.23947029351e-06, 2.15708013229e-07, 2.02987493481e-08, 2.02797707516e-08],
        "stdev": [0.00245095719583, 0.0224937517196, 0.330118268728, 1.7874956131, 6.74375104904, 9.60984420776, 20.0369358063, 55.059967041, 89.2470855713, 120.600196838, 177.938293457, 87.5251464844, 65.4581451416, 36.4651298523, 6.50692987442, 24.122631073, 43.0860328674, 97.8121109009, 65.1238098145, 4.58420133591, 4.15109920502, 21.3200378418, 17.1772346497, 3.66236019135, 14.7631797791, 3.76905226707, 7.06030988693, 5.66055345535, 6.98577404022, 3.36169815063, 4.94225740433, 3.04447984695, 0.643913269043, 0.0699541345239, 0.00222433335148, 0.000155148052727, 3.60219892173e-05, 1.03613238025e-05, 9.24154392123e-06, 1.99557707674e-05]
    },
    "gfcc": {
        "mean": [-118.929992676, 179.134521484, -162.800567627, 10.6086969376, -73.726890564, -20.7620697021, -31.2868022919, -27.9828548431, 3.31334805489, -16.3438129425, 4.60029935837, -21.9346027374, -9.72034072876],
        "cov": [[5993.20703125, -453.607269287, -1351.42382812, 26.7684860229, -710.073303223, -289.719451904, -86.331237793, -302.064666748, 155.883636475, -445.759185791, 86.7356185913, -246.277740479, -122.463562012], [-453.607269287, 758.932983398, 33.2563858032, -422.760528564, 337.189483643, -207.744140625, 68.447769165, -14.9770870209, -30.574836731, -14.3525924683, -19.3799686432, -4.33666706085, -8.88185501099], [-1351.42382812, 33.2563858032, 586.203552246, 150.602493286, 72.6991500854, 164.83656311, -53.332572937, 52.19688797, -16.6720085144, 95.5440750122, -28.8309955597, 42.8688278198, 18.8445854187], [26.7684860229, -422.760528564, 150.602493286, 491.837921143, -147.452255249, 151.117263794, -61.4767723083, -11.5457344055, 26.0647315979, 17.4964504242, -1.38733351231, -8.77011871338, -12.8761301041], [-710.073303223, 337.189483643, 72.6991500854, -147.452255249, 303.63861084, -60.8507614136, 28.0148258209, 23.9106407166, -36.0894088745, 58.1369247437, -15.2756137848, 19.179058075, 3.81867671013], [-289.719451904, -207.744140625, 164.83656311, 151.117263794, -60.8507614136, 256.142913818, -15.2529039383, 18.7928924561, -4.94041013718, 26.3921375275, -14.4870243073, 4.22899055481, 19.8185653687], [-86.331237793, 68.447769165, -53.332572937, -61.4767723083, 28.0148258209, -15.2529039383, 183.368392944, 72.4694519043, -27.3218727112, -0.538824260235, -10.5241441727, 24.9353847504, -20.9553928375], [-302.064666748, -14.9770870209, 52.19688797, -11.5457344055, 23.9106407166, 18.7928924561, 72.4694519043, 120.931365967, -13.0093288422, 21.8892250061, 7.48623180389, 10.9926729202, 7.51884412766], [155.883636475, -30.574836731, -16.6720085144, 26.0647315979, -36.0894088745, -4.94041013718, -27.3218727112, -13.0093288422, 99.9676132202, 19.1787528992, -0.160261198878, 3.99410104752, -16.8040924072], [-445.759185791, -14.3525924683, 95.5440750122, 17.4964504242, 58.1369247437, 26.3921375275, -0.538824260235, 21.8892250061, 19.1787528992, 107.095581055, 16.9402713776, 20.0411758423, 11.4577255249], [86.7356185913, -19.3799686432, -28.8309955597, -1.38733351231, -15.2756137848, -14.4870243073, -10.5241441727, 7.48623180389, -0.160261198878, 16.9402713776, 71.3173522949, 16.1737480164, 2.21300387383], [-246.277740479, -4.33666706085, 42.8688278198, -8.77011871338, 19.179058075, 4.22899055481, 24.9353847504, 10.9926729202, 3.99410104752, 20.0411758423, 16.1737480164, 86.0396270752, 19.6782302856], [-122.463562012, -8.88185501099, 18.8445854187, -12.8761301041, 3.81867671013, 19.8185653687, -20.9553928375, 7.51884412766, -16.8040924072, 11.4577255249, 2.21300387383, 19.6782302856, 82.6490020752]],
        "icov": [[0.000869408424478, -0.000341280334396, 0.00148984009866, -0.000367544300389, 0.00127780344337, -4.86956159875e-05, 1.09715556391e-05, 0.000774594256654, -0.000882832275238, 0.00155518064275, -0.00100670009851, 0.0011528218165, 9.69329339569e-05], [-0.000341280334396, 0.0165300164372, -0.00996782165021, 0.00923584122211, -0.0158954691142, 0.00665507512167, -0.0122785046697, 0.0121138673276, -0.0100524639711, 0.0145699353889, -0.0099537614733, 0.0114484820515, -0.00661728950217], [0.00148984009866, -0.00996782165021, 0.0112867550924, -0.00633689481765, 0.0105181289837, -0.00521558569744, 0.00953871384263, -0.00791648682207, 0.00608289148659, -0.00832278374583, 0.00680861901492, -0.00720815220848, 0.00540349818766], [-0.000367544300389, 0.00923584122211, -0.00633689481765, 0.00831956136972, -0.0075642587617, 0.00259277620353, -0.00607730681077, 0.00658486969769, -0.00525540858507, 0.00697974534705, -0.00508895050734, 0.00605911621824, -0.00256575713865], [0.00127780344337, -0.0158954691142, 0.0105181289837, -0.0075642587617, 0.0220025647432, -0.00492938514799, 0.0121908346191, -0.0110198333859, 0.0112411305308, -0.0159479007125, 0.010863843374, -0.0105253634974, 0.007578920573], [-4.86956159875e-05, 0.00665507512167, -0.00521558569744, 0.00259277620353, -0.00492938514799, 0.00870266184211, -0.00537585932761, 0.00472788047045, -0.00347717641853, 0.00501607824117, -0.00301216216758, 0.00514981755987, -0.003963902127], [1.09715556391e-05, -0.0122785046697, 0.00953871384263, -0.00607730681077, 0.0121908346191, -0.00537585932761, 0.0206627771258, -0.0165421236306, 0.0119854072109, -0.013514816761, 0.0128967100754, -0.0145139396191, 0.0104655437171], [0.000774594256654, 0.0121138673276, -0.00791648682207, 0.00658486969769, -0.0110198333859, 0.00472788047045, -0.0165421236306, 0.0237812064588, -0.0101582463831, 0.0129913361743, -0.0129042966291, 0.0132080763578, -0.00836736522615], [-0.000882832275238, -0.0100524639711, 0.00608289148659, -0.00525540858507, 0.0112411305308, -0.00347717641853, 0.0119854072109, -0.0101582463831, 0.0218758713454, -0.0171459000558, 0.0118995718658, -0.0124635575339, 0.00915691070259], [0.00155518064275, 0.0145699353889, -0.00832278374583, 0.00697974534705, -0.0159479007125, 0.00501607824117, -0.013514816761, 0.0129913361743, -0.0171459000558, 0.0329490639269, -0.0177069418132, 0.0141563378274, -0.00916957203299], [-0.00100670009851, -0.0099537614733, 0.00680861901492, -0.00508895050734, 0.010863843374, -0.00301216216758, 0.0128967100754, -0.0129042966291, 0.0118995718658, -0.0177069418132, 0.0275643542409, -0.0149722062051, 0.00745850475505], [0.0011528218165, 0.0114484820515, -0.00720815220848, 0.00605911621824, -0.0105253634974, 0.00514981755987, -0.0145139396191, 0.0132080763578, -0.0124635575339, 0.0141563378274, -0.0149722062051, 0.0268379822373, -0.0105898119509], [9.69329339569e-05, -0.00661728950217, 0.00540349818766, -0.00256575713865, 0.007578920573, -0.003963902127, 0.0104655437171, -0.00836736522615, 0.00915691070259, -0.00916957203299, 0.00745850475505, -0.0105898119509, 0.0193697698414]]
    },
    "melbands": {
        "max": [0.000295454199659, 0.00162971497048, 0.00445998087525, 0.00569067243487, 0.00473689148203, 0.0104919662699, 0.021967632696, 0.0238512512296, 0.0156641211361, 0.00951736234128, 0.00483470130712, 0.00263748713769, 0.000277559272945, 0.000660182908177, 0.00179650168866, 0.00295117357746, 0.00240872520953, 0.00261039170437, 0.000172986125108, 2.91502310574e-05, 6.10813804087e-05, 0.00032798628672, 0.000685580773279, 5.14475323143e-05, 3.47028799297e-05, 0.000283523550024, 0.000120557400805, 3.27660200128e-05, 6.71556845191e-05, 0.000168989237864, 3.56299751729e-05, 0.00010493965965, 4.46380618087e-05, 4.94636260555e-05, 0.000110623084765, 5.12459700985e-05, 4.03520352847e-05, 1.23610670926e-05, 5.49598871658e-06, 5.34862181212e-07],
        "mean": [1.73984590219e-05, 7.97772663645e-05, 0.000336185126798, 0.000396990653826, 0.000459070375655, 0.000811953505035, 0.000761238392442, 0.000671095622238, 0.0004807508667, 0.000265486509306, 0.000140977237606, 6.95957496646e-05, 1.22047113109e-05, 1.99620299099e-05, 4.06981125707e-05, 6.37359698885e-05, 6.41339865979e-05, 4.32094893767e-05, 8.08452386991e-06, 1.1532483768e-06, 3.33511115969e-06, 7.68853624322e-06, 1.00554425444e-05, 2.10195025829e-06, 8.78389755599e-07, 3.84697477784e-06, 2.87109264718e-06, 4.29150759373e-07, 6.31173236343e-07, 1.28204465e-06, 3.88349320701e-07, 8.45803754146e-07, 6.58101726003e-07, 4.0546902369e-07, 4.52859893585e-07, 2.41281810531e-07, 1.6170774586e-07, 6.62637802407e-08, 2.09643591376e-08, 3.1688658364e-09],
        "min": [1.64550556292e-07, 4.39113307493e-07, 1.44870597296e-07, 1.07209139344e-07, 9.08325361593e-08, 6.35397370274e-08, 6.3304000264e-08, 2.77151102068e-08, 2.07717594236e-08, 1.40593092723e-08, 1.23680488073e-08, 4.10003009321e-09, 3.11210279769e-09, 2.36643171725e-09, 5.18770937319e-09, 9.53762313571e-09, 3.81106968206e-09, 3.42732597858e-09, 2.13065853849e-09, 9.96940752174e-10, 6.11424522123e-10, 5.64221003252e-10, 7.58737295214e-10, 3.88402809914e-10, 1.720767695e-10, 2.18796467055e-10, 5.33524002755e-10, 3.0857033595e-10, 1.32374597395e-10, 1.80567213959e-10, 1.59173452197e-10, 1.55286491998e-10, 1.77590150918e-10, 1.09702122386e-10, 1.20083609723e-10, 1.06885070239e-10, 9.04754673958e-11, 4.96405000439e-11, 2.6837943326e-11, 1.0085434007e-12],
        "stdev": [2.02719966182e-05, 0.000130245811306, 0.000449458777439, 0.000521608977579, 0.000594258948695, 0.00113324658014, 0.00139336904977, 0.00140026607551, 0.00123300973792, 0.000587060698308, 0.000336566765327, 0.000171612409758, 2.19886660489e-05, 5.0127528084e-05, 9.1822243121e-05, 0.000161121686688, 0.000171416555531, 0.0001430677803, 1.44057776197e-05, 1.80795336746e-06, 6.04429033046e-06, 1.89984202734e-05, 3.89185297536e-05, 4.47636602985e-06, 2.34828735302e-06, 1.20936556414e-05, 7.53639824325e-06, 1.47870639466e-06, 3.10746054311e-06, 6.60804062136e-06, 1.99815849555e-06, 4.19482557845e-06, 2.80121321339e-06, 2.14771625906e-06, 3.77795208806e-06, 2.27079158321e-06, 1.48065532812e-06, 4.63711643306e-07, 1.69856278376e-07, 2.28888357157e-08]
    },
    "melbands128": {
        "max": [7.53664426156e-05, 0.000325303553836, 0.000389856199035, 0.000561121327337, 0.00148232246283, 0.00397149380296, 0.00362582597882, 0.00722704362124, 0.00967465154827, 0.00901261717081, 0.00978275202215, 0.00672262581065, 0.00889649894089, 0.0106566911563, 0.0136853158474, 0.0173311047256, 0.0140248313546, 0.0401050001383, 0.0335263088346, 0.0487391501665, 0.025472747162, 0.046830624342, 0.0175622999668, 0.0174677781761, 0.0107485502958, 0.020798586309, 0.0105475261807, 0.00753678614274, 0.0106385592371, 0.0040449751541, 0.00228880601935, 0.000606587331276, 0.000274484540569, 0.000233621380175, 0.000909088354092, 0.00128107354976, 0.00141085823998, 0.00396962510422, 0.00150842906442, 0.00390883442014, 0.00389512861148, 0.00785558391362, 0.00480923475698, 0.00189362931997, 0.00673590600491, 0.00241589709185, 0.000830266915727, 0.000417250528699, 0.000115898619697, 9.25632703002e-05, 2.41122615989e-05, 2.72078414127e-05, 0.0001017395698, 0.00010761545127, 0.000294671801385, 0.000551291392185, 0.000532853009645, 0.00185077998322, 0.000765612639952, 0.000120681710541, 7.3188872193e-05, 6.00222738285e-05, 2.50482571573e-05, 2.39999353653e-05, 0.000144409976201, 0.000403146637836, 0.000419069634518, 0.000266058603302, 0.000200054142624, 0.000155214554979, 1.3398671399e-05, 4.72229839943e-06, 1.90842802112e-05, 0.00010374928388, 0.000116051509394, 0.000283893983578, 0.000120367840282, 7.24205820006e-05, 1.7856602426e-05, 2.79690229945e-05, 9.72526759142e-05, 0.000171813968336, 6.96083443472e-05, 5.30282013642e-05, 1.13611904453e-05, 1.12194011308e-05, 4.8486625019e-05, 0.000239663524553, 0.00014803528029, 0.000111593588372, 2.77297531284e-05, 7.51225816202e-05, 9.1127185442e-05, 4.26563310612e-05, 6.10282404523e-06, 7.66498214944e-06, 1.75020031747e-05, 1.67706584762e-05, 2.89408831122e-06, 1.67856558164e-06, 1.42967087413e-06, 1.80344361667e-08, 3.14316928041e-09, 2.93512836258e-09, 2.75384470783e-09, 2.58655452612e-09, 2.43981590486e-09, 2.32900254638e-09, 2.22204543654e-09, 2.11871831191e-09, 2.02695860096e-09, 1.94591565084e-09, 1.87214665992e-09, 1.80074488654e-09, 1.74059033853e-09, 1.65283431386e-09, 1.60980828667e-09, 1.55281987269e-09, 1.5057511904e-09, 1.46805390067e-09, 1.43194089919e-09, 1.39632005958e-09, 1.36161326658e-09, 1.33571465e-09, 1.32074251535e-09, 1.30361399453e-09, 1.29591004594e-09, 1.28695765156e-09],
        "mean": [4.00421640734e-06, 1.58361253852e-05, 2.03285362659e-05, 2.54346450674e-05, 6.04826200288e-05, 0.000125675520394, 0.00019702258578, 0.000417506118538, 0.000539616448805, 0.000380950572435, 0.000317415804602, 0.000357693177648, 0.000492782564834, 0.000571554643102, 0.000840318680275, 0.000984909827821, 0.000757072353736, 0.000780017289799, 0.000654713832773, 0.000641211867332, 0.000648288463708, 0.000857925100718, 0.000371089699911, 0.000260989036178, 0.000246233539656, 0.000293715245789, 0.000252980098594, 8.84923938429e-05, 8.55969046825e-05, 9.81630437309e-05, 5.8350731706e-05, 2.39715154748e-05, 7.67901110521e-06, 3.05088315145e-06, 1.39037883855e-05, 2.41094312514e-05, 3.25565233652e-05, 3.53293726221e-05, 5.52854726266e-05, 4.31348562415e-05, 5.12820915901e-05, 0.000120274540677, 5.7600918808e-05, 3.56708478648e-05, 7.22563199815e-05, 3.96194554924e-05, 2.17077431444e-05, 7.42269457987e-06, 2.87923853648e-06, 2.08033793569e-06, 4.52117262739e-07, 5.13747863806e-07, 2.91753963211e-06, 3.8549223973e-06, 6.14376585872e-06, 7.16528438716e-06, 8.58676230564e-06, 1.54566168931e-05, 9.02838655747e-06, 3.29927547682e-06, 1.9913907181e-06, 8.75054979588e-07, 1.97416355263e-07, 5.67681183838e-07, 2.45225783146e-06, 3.88108901461e-06, 5.10335894433e-06, 3.91998355553e-06, 2.40385179495e-06, 1.30740750137e-06, 2.7305088679e-07, 5.93809481586e-08, 1.63116098406e-07, 7.23797711544e-07, 1.08663334686e-06, 1.72271722931e-06, 1.18103127988e-06, 6.61755223064e-07, 1.54519554485e-07, 1.94470246129e-07, 7.03958733084e-07, 1.15566990644e-06, 1.18669765925e-06, 6.62085824388e-07, 1.52996136649e-07, 1.67079633684e-07, 5.35252013378e-07, 8.14116503989e-07, 4.86291185098e-07, 1.94996403025e-07, 1.00462166586e-07, 3.26171033294e-07, 3.38946790635e-07, 1.77341689778e-07, 3.0255339567e-08, 4.8632788463e-08, 1.02936041912e-07, 5.41543876409e-08, 9.65881685744e-09, 1.09924007674e-08, 7.79516895477e-09, 6.85285925228e-11, 1.47549195084e-11, 1.38330527588e-11, 1.31507114226e-11, 1.23636370239e-11, 1.1880461892e-11, 1.16840113973e-11, 1.14702275456e-11, 1.2048508892e-11, 1.1515025912e-11, 1.24501494184e-11, 1.29600922008e-11, 1.23135876495e-11, 1.07232391369e-11, 1.24582124131e-11, 7.43831992528e-12, 5.01016589327e-12, 4.8739155073e-12, 4.7794446352e-12, 4.6784542386e-12, 4.58328774239e-12, 4.48606082837e-12, 4.3997613712e-12, 4.36123186176e-12, 4.32047800314e-12, 4.29526596582e-12, 4.2644637821e-12],
        "min": [6.11877715162e-10, 5.39252287268e-09, 1.11808667214e-07, 4.19187173861e-08, 8.21913630489e-08, 1.55379531463e-08, 6.2510636667e-08, 5.7210883142e-08, 6.20273254981e-08, 1.64065383501e-08, 4.09288389847e-08, 2.80615672921e-08, 1.32359510019e-08, 3.89503007625e-08, 2.16201438974e-08, 3.37093588598e-08, 7.35364338311e-08, 1.61073749894e-08, 1.53777079959e-08, 1.70675962252e-09, 1.11018128024e-08, 1.32374120554e-08, 5.99218541453e-09, 6.5423022555e-09, 6.37080210808e-09, 7.30200389043e-09, 8.8967038181e-09, 1.30984378899e-09, 2.15836726269e-09, 2.29823804432e-09, 2.83802892298e-09, 1.36234989956e-09, 1.0464080713e-09, 8.31448382366e-11, 2.01916594555e-10, 1.31010713389e-09, 1.91652693715e-09, 1.87784721106e-09, 1.84813297999e-09, 1.78648296156e-09, 3.61559648887e-09, 2.33527819304e-09, 9.64934021574e-10, 1.43014000642e-09, 1.18932363957e-09, 1.12104292516e-09, 4.68358352101e-10, 5.58859569733e-10, 7.50130790816e-10, 4.95018914748e-10, 1.89118040672e-10, 1.09764947132e-10, 3.57781360094e-10, 4.13584583248e-10, 1.41741340887e-10, 3.40023231793e-10, 5.39902234031e-10, 5.50139322986e-10, 4.63889565649e-10, 2.86744739064e-10, 2.32340618966e-10, 1.58230331615e-10, 2.53547668971e-11, 6.42793526739e-11, 1.09274478355e-10, 1.44167067173e-10, 2.00048949628e-10, 2.39262026858e-10, 2.95547780693e-10, 2.95101387771e-10, 1.42035078143e-10, 1.79281838941e-12, 3.47208893581e-11, 1.48030934732e-10, 1.42681852444e-10, 1.71305122865e-10, 1.31683552951e-10, 1.72093977957e-10, 1.10191144403e-11, 2.25245464641e-11, 8.63084881342e-11, 9.01034455381e-11, 1.41271910836e-10, 1.74256942209e-10, 1.77134400897e-11, 2.41878392315e-11, 8.22293969027e-11, 1.14277934338e-10, 4.52445511612e-11, 3.99915690841e-11, 3.25949961466e-11, 5.78630962589e-11, 8.86104870035e-11, 7.7163601897e-11, 9.72061298642e-13, 1.14511655366e-11, 7.67078067732e-12, 2.09783457966e-11, 1.77719427716e-12, 1.20251584298e-12, 1.0725494928e-12, 4.25213222922e-13, 1.718141959e-13, 1.0984816572e-13, 1.42232037779e-13, 1.52426167391e-13, 2.05817879558e-13, 1.86516953141e-13, 1.75915515878e-13, 2.14375256912e-13, 2.18037488563e-13, 1.49009073852e-13, 2.16857415814e-13, 2.09304145196e-13, 2.34341924121e-13, 3.22674260358e-13, 2.11486467987e-13, 1.4885965724e-13, 1.22306773541e-13, 1.41895948659e-13, 9.908602259e-14, 1.34137750278e-13, 1.31887258276e-13, 1.23478335304e-13, 1.1539803401e-13, 1.3090471361e-13, 1.0138962017e-13, 1.17453369621e-13],
        "stdev": [5.84768804401e-06, 2.16540429392e-05, 2.74014910246e-05, 3.79803714168e-05, 0.000121655277326, 0.000259873690084, 0.000348624715116, 0.000695409602486, 0.000856889877468, 0.000708395673428, 0.000647703069262, 0.000643380742986, 0.000881556770764, 0.0010817918228, 0.00151215330698, 0.00177067925688, 0.00136379338801, 0.00220339372754, 0.00184324302245, 0.00186412013136, 0.00187099620234, 0.00319481315091, 0.00110981822945, 0.000991153880022, 0.000647703767754, 0.000992438173853, 0.000748667342123, 0.000299875624478, 0.000461738207377, 0.000282584718661, 0.00014793786977, 5.58630927117e-05, 1.74200467882e-05, 9.88333795249e-06, 5.87268114032e-05, 7.16189751984e-05, 9.45634528762e-05, 0.000155898058438, 0.000113045127364, 0.000123155390611, 0.000157572052558, 0.000519086257555, 0.000214476749534, 9.84500657069e-05, 0.000332584982971, 0.0001365494536, 5.61096312595e-05, 1.83885131264e-05, 6.01782812737e-06, 4.42547752755e-06, 9.52429786594e-07, 1.16896512736e-06, 7.09109781383e-06, 8.58035491547e-06, 1.66406953213e-05, 2.41724646912e-05, 2.82142609649e-05, 8.52621524245e-05, 4.09503081755e-05, 8.98784946912e-06, 4.60291539639e-06, 2.34873050431e-06, 7.69275345647e-07, 1.62954404459e-06, 8.68325059855e-06, 1.52876436914e-05, 2.05600226764e-05, 1.18356392704e-05, 8.6832933448e-06, 6.15140788796e-06, 7.78458627337e-07, 2.42716225785e-07, 8.18886405796e-07, 4.04129696108e-06, 5.49144942852e-06, 9.83732297755e-06, 6.37584480501e-06, 3.55490487891e-06, 9.44987391449e-07, 1.08820916012e-06, 3.9806618588e-06, 6.24989797871e-06, 5.07873483002e-06, 2.99930502479e-06, 6.54967664104e-07, 7.01392764313e-07, 2.52338281825e-06, 7.05733691575e-06, 4.60510773337e-06, 2.6709121812e-06, 9.80257595984e-07, 3.22448318002e-06, 3.37472488354e-06, 1.60352647072e-06, 2.60932097262e-07, 3.25829859094e-07, 7.20617322258e-07, 4.97018106671e-07, 8.16097980305e-08, 7.86121034935e-08, 5.80662060656e-08, 4.97516028375e-10, 1.07616353329e-10, 1.00309774376e-10, 9.46240724664e-11, 8.91562657035e-11, 8.43071237822e-11, 8.10370104354e-11, 7.77536854346e-11, 7.60052992765e-11, 7.13285611131e-11, 7.11228090311e-11, 7.24963353238e-11, 7.21270126958e-11, 6.22158366492e-11, 6.31147287211e-11, 5.71042171882e-11, 5.5082521877e-11, 5.33745131426e-11, 5.21205578696e-11, 5.08627827356e-11, 4.95736472705e-11, 4.84190569583e-11, 4.75921767273e-11, 4.7034744155e-11, 4.64522378896e-11, 4.61369761839e-11, 4.58608220844e-11]
    },
    "mfcc": {
        "mean": [-745.222595215, 195.698928833, -27.2766723633, 15.7721977234, -23.0159797668, -0.343319833279, -28.060131073, -8.77161121368, -23.0417919159, 5.23287677765, 5.06099367142, -0.931346237659, -14.6315908432],
        "cov": [[7010.5546875, -868.537902832, -822.716308594, -98.8505325317, -726.770446777, -129.13079834, -541.892333984, 152.089706421, -411.702453613, -75.0378723145, -31.6902942657, 14.0495538712, -244.009887695], [-868.537902832, 1351.51159668, -427.028686523, -110.652282715, 82.549697876, -169.133773804, 81.8448410034, -50.3022537231, 20.5934867859, 12.3155117035, -51.0414237976, -36.9616966248, 62.3518562317], [-822.716308594, -427.028686523, 633.285705566, 41.0926475525, 145.851318359, 137.616943359, 12.9416017532, -3.17722344398, 63.8604316711, -0.966039061546, 4.93429088593, 8.72154140472, 27.7192955017], [-98.8505325317, -110.652282715, 41.0926475525, 224.050750732, 20.3764305115, 13.0293912888, -11.0616483688, 4.85585308075, -8.97226333618, 10.3783178329, 29.3373985291, -18.5196113586, 15.1378860474], [-726.770446777, 82.549697876, 145.851318359, 20.3764305115, 258.017242432, 50.6327552795, 8.87178039551, -73.5743560791, 25.6852302551, 12.8892917633, -21.6944999695, -14.460849762, 25.8734474182], [-129.13079834, -169.133773804, 137.616943359, 13.0293912888, 50.6327552795, 159.687332153, -12.1854562759, -1.89417648315, 20.039850235, -13.1548204422, 14.4738302231, 5.99296379089, -3.43306088448], [-541.892333984, 81.8448410034, 12.9416017532, -11.0616483688, 8.87178039551, -12.1854562759, 211.78213501, 25.2978458405, 50.1991195679, 9.16659069061, -0.208871468902, 12.0859937668, 2.0172150135], [152.089706421, -50.3022537231, -3.17722344398, 4.85585308075, -73.5743560791, -1.89417648315, 25.2978458405, 115.929969788, 7.12616062164, -7.58935832977, 15.7893972397, 10.3067626953, -3.01824736595], [-411.702453613, 20.5934867859, 63.8604316711, -8.97226333618, 25.6852302551, 20.039850235, 50.1991195679, 7.12616062164, 115.918121338, 7.51049518585, -3.01688218117, 9.09891319275, 0.581263363361], [-75.0378723145, 12.3155117035, -0.966039061546, 10.3783178329, 12.8892917633, -13.1548204422, 9.16659069061, -7.58935832977, 7.51049518585, 97.2427139282, 8.05047035217, -7.83626317978, 8.99756717682], [-31.6902942657, -51.0414237976, 4.93429088593, 29.3373985291, -21.6944999695, 14.4738302231, -0.208871468902, 15.7893972397, -3.01688218117, 8.05047035217, 91.6113204956, 12.513504982, 1.20475161076], [14.0495538712, -36.9616966248, 8.72154140472, -18.5196113586, -14.460849762, 5.99296379089, 12.0859937668, 10.3067626953, 9.09891319275, -7.83626317978, 12.513504982, 92.1050567627, 9.4413766861], [-244.009887695, 62.3518562317, 27.7192955017, 15.1378860474, 25.8734474182, -3.43306088448, 2.0172150135, -3.01824736595, 0.581263363361, 8.99756717682, 1.20475161076, 9.4413766861, 89.5370407104]],
        "icov": [[0.00046954525169, 0.000367102766177, 0.000568058108911, 0.000190513135749, 0.000647475302685, -2.25448075071e-05, 0.000851189775858, -0.000325616536429, 0.000842141453177, -6.97523646522e-05, 0.000534749648068, -0.000135868336656, 0.000606464163866], [0.000367102766177, 0.00168936839327, 0.00151705101598, 0.000760364520829, -0.0005554711679, 0.000848549592774, 0.000292398093734, -0.000253992533544, 5.46141163795e-05, 0.000205929638469, 0.000446202320745, 0.000499613815919, -0.000676044553984], [0.000568058108911, 0.00151705101598, 0.00375451566651, 0.0004590927565, -0.00103249738459, -0.00087847962277, 0.000806873140391, -0.000955557450652, -0.000192331790458, 0.000121172095533, 0.000724098645151, 0.000144389094203, -0.000569918134715], [0.000190513135749, 0.000760364520829, 0.0004590927565, 0.00531728751957, -0.0006182952784, 0.000325785484165, 0.000368522334611, -0.00059340154985, 0.000522588263266, -0.000175680717803, -0.00148352433462, 0.00143964204472, -0.00100615131669], [0.000647475302685, -0.0005554711679, -0.00103249738459, -0.0006182952784, 0.00784709397703, -0.001858134754, 0.000856742553879, 0.00331182358786, 0.00101585115772, -0.000746568664908, 0.00183566450141, 7.09644009476e-05, 0.000365293788491], [-2.25448075071e-05, 0.000848549592774, -0.00087847962277, 0.000325785484165, -0.001858134754, 0.00890830066055, 0.000541937013622, -0.000411544519011, -0.00119172642007, 0.00139147380833, -0.00153417058755, 9.56016538112e-06, 0.000304499000777], [0.000851189775858, 0.000292398093734, 0.000806873140391, 0.000368522334611, 0.000856742553879, 0.000541937013622, 0.00719409249723, -0.00200260104612, -0.000600285129622, -0.000524420465808, 0.000903848616872, -0.000895956589375, 0.0014865064295], [-0.000325616536429, -0.000253992533544, -0.000955557450652, -0.00059340154985, 0.00331182358786, -0.000411544519011, -0.00200260104612, 0.0117573700845, -0.00121257302817, 0.000714428897481, -0.00126573187299, -0.000144772464409, -0.00087732297834], [0.000842141453177, 5.46141163795e-05, -0.000192331790458, 0.000522588263266, 0.00101585115772, -0.00119172642007, -0.000600285129622, -0.00121257302817, 0.0122660454363, -0.00110087904613, 0.00144476396963, -0.00123885483481, 0.00200379104353], [-6.97523646522e-05, 0.000205929638469, 0.000121172095533, -0.000175680717803, -0.000746568664908, 0.00139147380833, -0.000524420465808, 0.000714428897481, -0.00110087904613, 0.011041149497, -0.00153632625006, 0.0012121621985, -0.00124584638979], [0.000534749648068, 0.000446202320745, 0.000724098645151, -0.00148352433462, 0.00183566450141, -0.00153417058755, 0.000903848616872, -0.00126573187299, 0.00144476396963, -0.00153632625006, 0.0131274377927, -0.00198688195087, 0.000698818825185], [-0.000135868336656, 0.000499613815919, 0.000144389094203, 0.00143964204472, 7.09644009476e-05, 9.56016538112e-06, -0.000895956589375, -0.000144772464409, -0.00123885483481, 0.0012121621985, -0.00198688195087, 0.0122387837619, -0.00238870014437], [0.000606464163866, -0.000676044553984, -0.000569918134715, -0.00100615131669, 0.000365293788491, 0.000304499000777, 0.0014865064295, -0.00087732297834, 0.00200379104353, -0.00124584638979, 0.000698818825185, -0.00238870014437, 0.0138363689184]]
    },
    "spectral_contrast_coeffs": {
        "max": [-0.362394988537, -0.399098038673, -0.462652057409, -0.481687605381, -0.53898280859, -0.477214366198],
        "mean": [-0.628595352173, -0.695100367069, -0.703214108944, -0.721631288528, -0.733767926693, -0.694182753563],
        "min": [-0.914254963398, -0.931145906448, -0.938587546349, -0.904675662518, -0.902149915695, -0.906132161617],
        "stdev": [0.087768509984, 0.077239073813, 0.0679732337594, 0.0551624372602, 0.0533190816641, 0.0628664493561]
    },
    "spectral_contrast_valleys": {
        "max": [-6.07835197449, -4.75693798065, -5.98738908768, -6.72381162643, -6.64197635651, -9.44069480896],
        "mean": [-7.75142383575, -6.59336566925, -8.2408208847, -8.61423683167, -9.36725330353, -13.2670631409],
        "min": [-9.90809631348, -10.0365972519, -11.3098888397, -11.6789293289, -11.7772045135, -14.8665647507],
        "stdev": [0.614369571209, 0.910021543503, 0.868701577187, 0.810878574848, 0.859379947186, 0.850275576115]
    }
},
"rhythm": {
    "beats_count": 91,
    "beats_loudness": {
        "max": 0.0714976191521,
        "mean": 0.0219330508262,
        "min": 6.67709682602e-05,
        "stdev": 0.0175221245736
    },
    "bpm": 110.853507996,
    "bpm_histogram_first_peak_bpm": 110,
    "bpm_histogram_first_peak_weight": 0.421052694321,
    "bpm_histogram_second_peak_bpm": 136,
    "bpm_histogram_second_peak_spread": 0.5,
    "bpm_histogram_second_peak_weight": 0.111111111939,
    "danceability": 0.929970681667,
    "onset_rate": 2.54296875,
    "beats_loudness_band_ratio": {
        "max": [0.761454343796, 0.766880512238, 0.937632679939, 0.535268723965, 0.223034977913, 0.0966732576489],
        "mean": [0.129460141063, 0.354930907488, 0.462305426598, 0.0903035327792, 0.0368625968695, 0.00718855671585],
        "min": [0.000635245814919, 0.0117286480963, 0.0109408115968, 0.00404184311628, 0.0030275718309, 0.000252384197665],
        "stdev": [0.135258838534, 0.182148933411, 0.204085931182, 0.0791176110506, 0.0367996618152, 0.0138505883515]
    },
