{
"metadata": {
    "version": {
        "essentia": "2.1-beta5",
        "essentia_git_sha": "Undefined",
        "extractor": "music 2.0"
    },
    "audio_properties": {
        "analysis": {
            "equal_loudness": 0,
            "length": 48.7502937317,
            "sample_rate": 44100,
            "start_time": 162.493240356,
            "downmix": "mix"
        },
        "bit_rate": 192000,
        "length": 249.335876465,
        "lossless": 0,
        "number_channels": 2,
        "replay_gain": -7.7864074707,
        "sample_rate": 44100,
        "codec": "mp3",
        "md5_encoded": "de4fd75af82976d4016bfb15091c14f6"
    },
    "tags": {
        "file_name": "Yugoslavia_Ne Mogu Skriti Svoju Bol_Ambasadori.mp3",
        "encoding": ["Lavf58.29.100"]
    }
},
"lowlevel": {
    "average_loudness": 0.934289634228,
    "barkbands_crest": {
        "max": 24.0580806732,
        "mean": 9.79937267303,
        "min": 2.71229529381,
        "stdev": 3.57958030701
    },
    "barkbands_flatness_db": {
        "max": 0.304744750261,
        "mean": 0.144892126322,
        "min": 0.0434357970953,
        "stdev": 0.0406940057874
    },
    "barkbands_kurtosis": {
        "max": 87.3475646973,
        "mean": 4.86722373962,
        "min": -1.80494010448,
        "stdev": 6.46486711502
    },
    "barkbands_skewness": {
        "max": 6.43149185181,
        "mean": 1.5185738802,
        "min": -1.17789876461,
        "stdev": 0.927364468575
    },
    "barkbands_spread": {
        "max": 80.8973464966,
        "mean": 12.9035816193,
        "min": 1.03233551979,
        "stdev": 9.43448925018
    },
    "dissonance": {
        "max": 0.499927937984,
        "mean": 0.445795357227,
        "min": 0.236641407013,
        "stdev": 0.0368799641728
    },
    "dynamic_complexity": 2.15378975868,
    "erbbands_crest": {
        "max": 28.4981899261,
        "mean": 11.4136018753,
        "min": 3.1888666153,
        "stdev": 4.54119253159
    },
    "erbbands_flatness_db": {
        "max": 0.29367223382,
        "mean": 0.192004546523,
        "min": 0.0862729847431,
        "stdev": 0.0346260629594
    },
    "erbbands_kurtosis": {
        "max": 40.5645179749,
        "mean": 1.93905115128,
        "min": -1.70560956001,
        "stdev": 3.65437626839
    },
    "erbbands_skewness": {
        "max": 5.17841339111,
        "mean": 0.919608473778,
        "min": -1.40908324718,
        "stdev": 0.784537136555
    },
    "erbbands_spread": {
        "max": 96.0737915039,
        "mean": 24.3513832092,
        "min": 3.6160595417,
        "stdev": 13.8209857941
    },
    "hfc": {
        "max": 95.6925430298,
        "mean": 21.6051330566,
        "min": 0.306328386068,
        "stdev": 15.1752614975
    },
    "loudness_ebu128": {
        "integrated": -16.1989765167,
        "loudness_range": 3.18795204163,
        "momentary": {
            "max": -12.3581733704,
            "mean": -16.6034259796,
            "min": -23.1170425415,
            "stdev": 1.96137213707
        },
        "short_term": {
            "max": -13.8025989532,
            "mean": -16.2969741821,
            "min": -19.0692882538,
            "stdev": 1.08744966984
        }
    },
    "melbands_crest": {
        "max": 30.0213623047,
        "mean": 12.1647176743,
        "min": 4.04547071457,
        "stdev": 4.58803844452
    },
    "melbands_flatness_db": {
        "max": 0.401595979929,
        "mean": 0.203923985362,
        "min": 0.0594038106501,
        "stdev": 0.0535057224333
    },
    "melbands_kurtosis": {
        "max": 77.6681747437,
        "mean": 7.64423656464,
        "min": -1.27659392357,
        "stdev": 7.70980739594
    },
    "melbands_skewness": {
        "max": 6.58900213242,
        "mean": 1.8001499176,
        "min": -0.917915463448,
        "stdev": 1.02181780338
    },
    "melbands_spread": {
        "max": 108.615158081,
        "mean": 16.6541786194,
        "min": 1.14911484718,
        "stdev": 11.8387527466
    },
    "pitch_salience": {
        "max": 0.862314462662,
        "mean": 0.603363573551,
        "min": 0.203580975533,
        "stdev": 0.100250385702
    },
    "silence_rate_20dB": {
        "max": 1,
        "mean": 1,
        "min": 1,
        "stdev": 0
    },
    "silence_rate_30dB": {
        "max": 1,
        "mean": 1,
        "min": 1,
        "stdev": 0
    },
    "silence_rate_60dB": {
        "max": 1,
        "mean": 0.00285578286275,
        "min": 0,
        "stdev": 0.0533627793193
    },
    "spectral_centroid": {
        "max": 3483.38696289,
        "mean": 993.55291748,
        "min": 311.960693359,
        "stdev": 408.28717041
    },
    "spectral_complexity": {
        "max": 42,
        "mean": 17.7881965637,
        "min": 0,
        "stdev": 6.0533413887
    },
    "spectral_decrease": {
        "max": -9.09972514007e-11,
        "mean": -6.25929219567e-09,
        "min": -2.47911078333e-08,
        "stdev": 3.53989815238e-09
    },
    "spectral_energy": {
        "max": 0.0981471538544,
        "mean": 0.0255837514997,
        "min": 0.000371230358724,
        "stdev": 0.0143683552742
    },
    "spectral_energyband_high": {
        "max": 0.0113858515397,
        "mean": 0.000471848936286,
        "min": 3.38702034242e-06,
        "stdev": 0.000939708610531
    },
    "spectral_energyband_low": {
        "max": 0.00725492602214,
        "mean": 0.000647882930934,
        "min": 1.21631555885e-05,
        "stdev": 0.00063953868812
    },
    "spectral_energyband_middle_high": {
        "max": 0.0550754033029,
        "mean": 0.00641228398308,
        "min": 7.6193951827e-05,
        "stdev": 0.0073229460977
    },
    "spectral_energyband_middle_low": {
        "max": 0.0931021273136,
        "mean": 0.0185955874622,
        "min": 0.00020212198433,
        "stdev": 0.0119531918317
    },
    "spectral_entropy": {
        "max": 8.59034442902,
        "mean": 7.2471408844,
        "min": 5.71262359619,
        "stdev": 0.398583769798
    },
    "spectral_flux": {
        "max": 0.209986016154,
        "mean": 0.0877009630203,
        "min": 0.0194157306105,
        "stdev": 0.0326805524528
    },
    "spectral_kurtosis": {
        "max": 32.0337104797,
        "mean": 7.15363931656,
        "min": -0.377688646317,
        "stdev": 3.73052215576
    },
    "spectral_rms": {
        "max": 0.00978536251932,
        "mean": 0.00478948187083,
        "min": 0.000601810577791,
        "stdev": 0.00142147485167
    },
    "spectral_rolloff": {
        "max": 9733.0078125,
        "mean": 1307.27746582,
        "min": 301.46484375,
        "stdev": 1161.81445312
    },
    "spectral_skewness": {
        "max": 4.55550432205,
        "mean": 2.07367944717,
        "min": 0.50217795372,
        "stdev": 0.543966531754
    },
    "spectral_spread": {
        "max": 10741949,
        "mean": 4071012.75,
        "min": 2004024.5,
        "stdev": 1142408.625
    },
    "spectral_strongpeak": {
        "max": 11.6560382843,
        "mean": 1.7423030138,
        "min": 0.0336538664997,
        "stdev": 1.41517591476
    },
    "zerocrossingrate": {
        "max": 0.27783203125,
        "mean": 0.0520866662264,
        "min": 0.0126953125,
        "stdev": 0.0290103908628
    },
    "barkbands": {
        "max": [3.93260015699e-05, 0.000697668408975, 0.00360741303302, 0.0134668415412, 0.0299458336085, 0.0784775391221, 0.0559398010373, 0.0449948720634, 0.0447851158679, 0.0237643420696, 0.00420008087531, 0.00591842457652, 0.0286919083446, 0.0279470365494, 0.0160844027996, 0.00334288249724, 0.0086225559935, 0.00441384641454, 0.00208099605516, 0.00219315756112, 0.00264203315601, 0.00423176586628, 0.00358938309364, 0.00366068352014, 0.00118228397332, 0.00107954652049, 7.98833716544e-05],
        "mean": [3.51022686118e-06, 9.43558989093e-05, 0.00034564739326, 0.000385378312785, 0.00272597465664, 0.00379123422317, 0.00370576814748, 0.00446418905631, 0.00289447465912, 0.00145878619514, 0.000246536394116, 0.00026446103584, 0.00168571225367, 0.00161226966884, 0.000526114134118, 6.68603315717e-05, 0.000454199907836, 0.000152053034981, 0.000120933749713, 0.000138681323733, 0.000128877349198, 9.13010517252e-05, 8.49797215778e-05, 7.56927911425e-05, 2.48562719207e-05, 3.83561819035e-05, 2.50192374551e-06],
        "min": [5.83974824053e-09, 1.08794574771e-06, 1.54094368554e-06, 1.79146877599e-06, 1.60795625561e-05, 2.40939843934e-05, 3.60695303243e-05, 2.85185124085e-05, 2.01310031116e-05, 4.20855394623e-06, 1.16327328215e-06, 1.46550087265e-06, 1.02331487142e-05, 6.25512575425e-06, 2.59810667558e-06, 1.79385764909e-07, 2.82137398244e-06, 5.97537393787e-07, 7.81430742336e-07, 8.47941919346e-07, 5.43846169876e-07, 4.52849093335e-07, 4.87015768158e-07, 4.16200435893e-07, 2.41042442894e-07, 3.38189039439e-07, 2.38422099841e-08],
        "stdev": [4.00678663937e-06, 8.546103345e-05, 0.000417417642893, 0.000600352766924, 0.00281769619323, 0.00532487826422, 0.00510922214016, 0.00527720153332, 0.0039957719855, 0.00232559791766, 0.000375115807401, 0.000480710354168, 0.0035255914554, 0.00336270406842, 0.00107616558671, 0.000147742641275, 0.000725816877093, 0.000235440747929, 0.000187354555237, 0.00017571997887, 0.00020617939299, 0.000240598761593, 0.000251086021308, 0.000257291161688, 6.75516057527e-05, 8.76226768014e-05, 4.57652004116e-06]
    },
    "erbbands": {
        "max": [0.0170258395374, 0.184122517705, 2.47271108627, 24.0546264648, 37.2209243774, 138.673553467, 571.762023926, 934.288513184, 723.763793945, 777.995910645, 1061.50268555, 726.155517578, 912.930847168, 709.064575195, 63.4127731323, 240.592895508, 1303.42700195, 1676.98339844, 1029.38549805, 267.406921387, 333.742645264, 353.694030762, 267.568664551, 57.4521179199, 150.306655884, 84.431854248, 84.9850616455, 90.2681045532, 204.927886963, 86.0356292725, 96.5089187622, 117.101989746, 38.2822570801, 23.162727356, 2.97703361511, 2.76145482063, 2.75290346146, 0.622904062271, 0.0113476226106, 0.000340806815075],
        "mean": [0.00189570360817, 0.0287921614945, 0.294557183981, 1.02725744247, 3.21545433998, 9.98826885223, 23.9886169434, 29.8654346466, 54.1007537842, 68.1310501099, 100.588386536, 61.9321098328, 49.4625167847, 33.2594184875, 6.62837171555, 16.3567581177, 72.9780654907, 105.855690002, 35.9683837891, 12.9285850525, 7.88954734802, 24.1852817535, 12.5104379654, 2.80253982544, 10.4373569489, 5.75967741013, 5.82965660095, 3.29634857178, 4.09990692139, 2.38985800743, 2.35294628143, 1.92322826385, 0.992637872696, 0.401771068573, 0.117228060961, 0.0810965746641, 0.0782373547554, 0.0223769769073, 0.000423264777055, 4.17341325374e-05],
        "min": [3.69164590666e-05, 0.000335961085511, 0.00229569082148, 0.021238239482, 0.0478197149932, 0.0510860159993, 0.0944100767374, 0.235872760415, 0.430193811655, 1.20407998562, 1.26146328449, 0.46841943264, 0.414915800095, 0.0970201790333, 0.0587603822351, 0.146739542484, 0.396049797535, 0.602787792683, 0.344224542379, 0.0671024471521, 0.0399561561644, 0.150472581387, 0.0787755697966, 0.0317842625082, 0.0732506290078, 0.0323392041028, 0.0270068943501, 0.0187524911016, 0.0151654295623, 0.0145921679214, 0.0133741218597, 0.0106116309762, 0.00618647783995, 0.00230523641221, 0.00157841504551, 0.00106411532033, 0.000551852746867, 0.000230511301197, 5.0169919632e-06, 1.29939371618e-06],
        "stdev": [0.00189006444998, 0.0258897803724, 0.341303348541, 1.28926742077, 3.53472805023, 11.6701374054, 42.261920929, 47.4832267761, 72.8138504028, 90.8592453003, 116.511398315, 73.2659301758, 75.4628753662, 54.3559646606, 7.83940887451, 24.6566867828, 148.396743774, 205.66468811, 60.3237991333, 22.2312679291, 16.2738666534, 37.0310325623, 17.7277183533, 3.72787737846, 14.484333992, 7.18798446655, 8.97360610962, 5.79831123352, 10.9188089371, 6.15835142136, 7.27937555313, 7.0585565567, 3.08827471733, 1.23088383675, 0.253742277622, 0.183537781239, 0.185895979404, 0.0497199781239, 0.000886045512743, 3.22045780194e-05]
    },
    "gfcc": {
        "mean": [2.23460102081, 85.4296875, -123.327507019, -7.7766160965, -77.1266479492, -9.38683605194, -48.5634651184, -2.67522192001, -21.8618049622, 9.96628475189, -21.3886833191, -5.52158498764, -23.3963565826],
        "cov": [[2013.84338379, -828.004272461, -454.954772949, 84.5267562866, -48.4069900513, 61.2000350952, 33.8392829895, 41.1834373474, -39.7271194458, 54.8501243591, -30.275636673, 33.2547302246, -67.2059936523], [-828.004272461, 718.902954102, 153.579727173, -105.631660461, 90.9412994385, -97.605178833, 6.58521986008, -2.80463624001, 3.9526860714, -32.8896331787, 31.1732749939, -39.0877151489, 38.7042617798], [-454.954772949, 153.579727173, 371.493743896, 72.7347488403, -65.1631851196, -13.5238609314, -46.1369018555, -23.3535861969, 30.0427322388, -39.4818649292, 4.0478811264, -4.57919883728, 7.94232988358], [84.5267562866, -105.631660461, 72.7347488403, 171.052490234, 20.5996704102, -18.4674758911, -39.569732666, 6.41842412949, 14.7695455551, -3.22626042366, -13.0256843567, 23.8323955536, 2.83296370506], [-48.4069900513, 90.9412994385, -65.1631851196, 20.5996704102, 113.238822937, 7.5884976387, -3.36457681656, 8.51943492889, -2.2112300396, 12.6112232208, -0.176870405674, -4.9090681076, 7.83763694763], [61.2000350952, -97.605178833, -13.5238609314, -18.4674758911, 7.5884976387, 145.517120361, 73.8332366943, -24.3615283966, -37.189250946, -0.159186780453, -14.9448003769, -9.72601413727, -27.3874721527], [33.8392829895, 6.58521986008, -46.1369018555, -39.569732666, -3.36457681656, 73.8332366943, 129.010955811, 14.5822105408, -39.0873451233, 1.55354750156, -6.28035974503, -16.8354930878, -19.6547393799], [41.1834373474, -2.80463624001, -23.3535861969, 6.41842412949, 8.51943492889, -24.3615283966, 14.5822105408, 71.2153930664, 37.3813438416, 0.821905314922, 3.07108592987, -2.40578842163, -2.68413758278], [-39.7271194458, 3.9526860714, 30.0427322388, 14.7695455551, -2.2112300396, -37.189250946, -39.0873451233, 37.3813438416, 85.5834503174, 27.1831855774, -3.81614875793, 0.344401061535, 2.59399485588], [54.8501243591, -32.8896331787, -39.4818649292, -3.22626042366, 12.6112232208, -0.159186780453, 1.55354750156, 0.821905314922, 27.1831855774, 59.6443328857, 21.6920681, -2.77337002754, -3.35183858871], [-30.275636673, 31.1732749939, 4.0478811264, -13.0256843567, -0.176870405674, -14.9448003769, -6.28035974503, 3.07108592987, -3.81614875793, 21.6920681, 59.4250526428, 24.4812316895, 4.06549072266], [33.2547302246, -39.0877151489, -4.57919883728, 23.8323955536, -4.9090681076, -9.72601413727, -16.8354930878, -2.40578842163, 0.344401061535, -2.77337002754, 24.4812316895, 56.6013069153, 23.4982318878], [-67.2059936523, 38.7042617798, 7.94232988358, 2.83296370506, 7.83763694763, -27.3874721527, -19.6547393799, -2.68413758278, 2.59399485588, -3.35183858871, 4.06549072266, 23.4982318878, 51.1788444519]],
        "icov": [[0.0013015010627, 0.00111138459761, 0.00121192028746, -0.00053355115233, 0.000447968399385, 0.000464211741928, 1.8770348106e-05, -0.000496813212521, 0.000697577546816, -0.000191060244106, 6.20694409008e-05, 5.99065861024e-05, 0.000790706486441], [0.00111138459761, 0.00923459790647, -0.00422357907519, 0.006440482568, -0.0135514847934, 0.0110946418718, -0.0108647458255, 0.0103275682777, -0.00869469717145, 0.0119368294254, -0.00863354187459, 0.00560826342553, -0.00151048472617], [0.00121192028746, -0.00422357907519, 0.0137366317213, -0.0127076497301, 0.0136058609933, -0.00884388200939, 0.00210776715539, 0.00631075678393, -0.0114352274686, 0.0120351370424, -0.0128008332103, 0.0118080172688, -0.00535548711196], [-0.00053355115233, 0.006440482568, -0.0127076497301, 0.0205475892872, -0.0167979802936, 0.0112887965515, -0.00183333992027, -0.00501657882705, 0.00966691412032, -0.00945159606636, 0.014330512844, -0.0150600997731, 0.00757703464478], [0.000447968399385, -0.0135514847934, 0.0136058609933, -0.0167979802936, 0.036441527307, -0.021436823532, 0.01939384453, -0.0173494908959, 0.01264019683, -0.0163710732013, 0.00722432462499, 0.000447859376436, -0.00335152586922], [0.000464211741928, 0.0110946418718, -0.00884388200939, 0.0112887965515, -0.021436823532, 0.0280123893172, -0.0208987630904, 0.0171329937875, -0.00814216025174, 0.0103592416272, -0.00277410564013, -0.00136923452374, 0.00605277903378], [1.8770348106e-05, -0.0108647458255, 0.00210776715539, -0.00183333992027, 0.01939384453, -0.0208987630904, 0.0375818014145, -0.0378124527633, 0.0381214246154, -0.0372555181384, 0.0280640441924, -0.0160428527743, 0.00707617402077], [-0.000496813212521, 0.0103275682777, 0.00631075678393, -0.00501657882705, -0.0173494908959, 0.0171329937875, -0.0378124527633, 0.0686746761203, -0.0640591159463, 0.0621268115938, -0.0502032674849, 0.0334101952612, -0.0122950179502], [0.000697577546816, -0.00869469717145, -0.0114352274686, 0.00966691412032, 0.01264019683, -0.00814216025174, 0.0381214246154, -0.0640591159463, 0.0839069485664, -0.077343955636, 0.0629728734493, -0.0424813292921, 0.0189027730376], [-0.000191060244106, 0.0119368294254, 0.0120351370424, -0.00945159606636, -0.0163710732013, 0.0103592416272, -0.0372555181384, 0.0621268115938, -0.077343955636, 0.0980775803328, -0.0743332579732, 0.051353443414, -0.0209513939917], [6.20694409008e-05, -0.00863354187459, -0.0128008332103, 0.014330512844, 0.00722432462499, -0.00277410564013, 0.0280640441924, -0.0502032674849, 0.0629728734493, -0.0743332579732, 0.0832775831223, -0.0570833049715, 0.0248916652054], [5.99065861024e-05, 0.00560826342553, 0.0118080172688, -0.0150600997731, 0.000447859376436, -0.00136923452374, -0.0160428527743, 0.0334101952612, -0.0424813292921, 0.051353443414, -0.0570833049715, 0.0652976557612, -0.0303013809025], [0.000790706486441, -0.00151048472617, -0.00535548711196, 0.00757703464478, -0.00335152586922, 0.00605277903378, 0.00707617402077, -0.0122950179502, 0.0189027730376, -0.0209513939917, 0.0248916652054, -0.0303013809025, 0.0375616513193]]
    },
    "melbands": {
        "max": [0.000177422611159, 0.000949886627495, 0.0042511341162, 0.00560417119414, 0.0163738802075, 0.0187187325209, 0.0124042946845, 0.00925538595766, 0.00807491783053, 0.00397063326091, 0.00460754381493, 0.00317447795533, 0.000319026759826, 0.000637692632154, 0.00150596781168, 0.00376799586229, 0.00352968205698, 0.00167312088888, 0.000995785114355, 8.82547828951e-05, 0.000557256746106, 0.000321899453411, 0.000556020531803, 0.000290485128062, 2.65154030785e-05, 9.66787265497e-05, 0.000108940264909, 3.7213521864e-05, 5.52322126168e-05, 0.000114277543616, 3.4827629861e-05, 0.0001138621883, 8.16222163849e-05, 5.71186101297e-05, 5.53940735699e-05, 0.000102620288089, 4.91256359965e-05, 3.36435623467e-05, 2.36392097577e-05, 1.61463703989e-05],
        "mean": [2.09201898542e-05, 0.000121205477626, 0.00022446809453, 0.000455570203485, 0.000765345175751, 0.000711856933776, 0.000818492495455, 0.000776616623625, 0.00083126896061, 0.000358815595973, 0.000239446497289, 0.000138824398164, 2.44565635512e-05, 2.08590099646e-05, 8.59083083924e-05, 0.000194783744519, 0.000196187087568, 5.22054069734e-05, 3.60575977538e-05, 4.61767240267e-06, 1.0510590073e-05, 2.51471992669e-05, 2.12864360947e-05, 5.03011779074e-06, 1.36329549605e-06, 6.06816502113e-06, 8.65638048708e-06, 2.43395584221e-06, 2.80409926745e-06, 4.1536104618e-06, 1.11329927677e-06, 2.38098255068e-06, 1.66903282661e-06, 1.42845908613e-06, 1.60471108757e-06, 1.18146533623e-06, 1.01076909687e-06, 7.41242445201e-07, 4.69610540677e-07, 2.67788436759e-07],
        "min": [4.47313993845e-07, 1.52796678776e-06, 5.72695171286e-06, 3.28374289893e-06, 3.14585736305e-06, 5.39355914952e-06, 6.69164455758e-06, 6.94006439517e-06, 9.14441989153e-06, 2.50412108471e-06, 1.89504203263e-06, 3.46482693203e-07, 1.55269688662e-07, 1.57076755158e-07, 3.55282367082e-07, 1.03129877971e-06, 8.62806530222e-07, 4.9349711162e-07, 1.24107941701e-07, 1.42035485595e-08, 3.97632469173e-08, 1.65669717944e-07, 1.12475696312e-07, 2.5886855326e-08, 1.5470519088e-08, 3.75346260739e-08, 3.59162832808e-08, 1.43532448149e-08, 1.45809826435e-08, 2.02460483933e-08, 5.39598321581e-09, 5.13570252991e-09, 6.97855684351e-09, 6.31997831846e-09, 7.73179209546e-09, 5.67751357039e-09, 5.65614266534e-09, 3.83658083081e-09, 2.22854312781e-09, 1.65850788658e-09],
        "stdev": [1.91222188732e-05, 0.000125081292936, 0.000234947379795, 0.000496741500683, 0.00117460801266, 0.00101961544715, 0.00109836820047, 0.00105025887024, 0.00101874757092, 0.000438332790509, 0.000382101628929, 0.000238349355641, 3.32863492076e-05, 3.51844137185e-05, 0.000156725771376, 0.000424557889346, 0.000401922734454, 9.42054175539e-05, 7.13082699804e-05, 7.04144304109e-06, 2.6345032893e-05, 3.9366495912e-05, 3.43916326528e-05, 9.62677586358e-06, 1.92777474695e-06, 9.4498254839e-06, 1.14107997433e-05, 3.42910084328e-06, 4.27576014772e-06, 7.48324828237e-06, 2.15979116547e-06, 6.26741939413e-06, 4.82864561491e-06, 3.84431450584e-06, 5.03194178236e-06, 4.51876576335e-06, 3.73467446479e-06, 2.37264657699e-06, 1.39950168432e-06, 8.15057205727e-07]
    },
    "melbands128": {
        "max": [3.11581643473e-05, 0.000143939061672, 0.000265463429969, 0.000330806768034, 0.00112377491314, 0.00216533616185, 0.00492840679362, 0.00688829040155, 0.00431667082012, 0.00732284458354, 0.0105669703335, 0.0133222239092, 0.0276583917439, 0.0182120129466, 0.0258031152189, 0.0257297679782, 0.0138862272725, 0.01845940575, 0.0204351879656, 0.0105313817039, 0.0182235892862, 0.0103410929441, 0.0130485827103, 0.0188519712538, 0.00472804624587, 0.00483150780201, 0.0097200833261, 0.00806547421962, 0.00556723959744, 0.0066111641936, 0.00242052786052, 0.000933878007345, 0.000375396077288, 0.000362124759704, 0.000471950450446, 0.00144749414176, 0.00137232954148, 0.00202893768437, 0.00425756629556, 0.00521588372067, 0.00616450468078, 0.00698999548331, 0.00794153753668, 0.00706582097337, 0.00106932152994, 0.00335478410125, 0.00223781098612, 0.00254503753968, 0.000747354526538, 0.000201820148504, 0.000116801529657, 5.08252778673e-05, 0.000210802594665, 0.00156699097715, 0.000737712951377, 0.000604842382018, 0.000948449363932, 0.00148092734162, 0.000343294435879, 0.000347922003129, 0.000515380757861, 8.20972854854e-05, 1.49277630044e-05, 3.44234795193e-05, 5.56384547963e-05, 0.000122945741168, 0.000206232172786, 0.000222877104534, 0.00017700783792, 0.00010916901374, 7.29527382646e-05, 2.11383121496e-05, 2.66334936896e-05, 0.000106272134872, 0.000109332497232, 0.000181094248546, 0.000138002957101, 0.000110050292278, 1.52911252371e-05, 3.81059653591e-05, 0.000152963097207, 0.000169124366948, 0.000184370117495, 6.27775734756e-05, 2.83093759208e-05, 1.9088436602e-05, 9.35181451496e-05, 0.00011420455121, 7.85255251685e-05, 5.57981911697e-05, 3.11093463097e-05, 0.000201475719223, 0.000112730791443, 7.85927768447e-05, 1.45692738442e-05, 6.01785432082e-05, 5.09848359798e-05, 2.69912252406e-05, 1.08944304884e-05, 3.31100782205e-05, 3.97258372686e-05, 4.93612196806e-06, 3.25660880662e-06, 2.93347716251e-06, 3.70710313291e-06, 3.94126800529e-06, 3.79630205316e-06, 7.10729682396e-06, 6.16620809524e-06, 3.52802499037e-06, 5.1383135542e-06, 4.15718614022e-06, 1.6746307665e-05, 8.8742999651e-06, 1.10393420982e-05, 1.42574581332e-05, 3.32590184371e-06, 2.11231547809e-08, 1.96193603585e-08, 1.87758324444e-08, 1.81444406167e-08, 1.76188859058e-08, 1.71310166053e-08, 1.68201985673e-08, 1.6506760403e-08, 1.62793778458e-08, 1.61130664367e-08, 1.60042255004e-08],
        "mean": [2.96744497064e-06, 1.23445361169e-05, 2.32991806115e-05, 4.65522498416e-05, 0.000109397326014, 0.00018922140589, 0.000206950906431, 0.000185622833669, 0.000312958261929, 0.000434594432591, 0.000546838738956, 0.000725229037926, 0.000960481353104, 0.000659713638015, 0.000511366175488, 0.000873328419402, 0.000936874712352, 0.000812912650872, 0.000697301118635, 0.000710908672772, 0.000909937662072, 0.000660578371026, 0.00106286606751, 0.000691060908139, 0.000301834457787, 0.000285614602035, 0.000253283738857, 0.000293288088869, 0.000149367304402, 0.000182165167644, 0.000137640687171, 4.6156681492e-05, 1.23729123516e-05, 1.37599154186e-05, 8.07641481515e-06, 2.24238920055e-05, 4.09296771977e-05, 6.61311132717e-05, 0.000120873395645, 0.000185793935088, 0.000210299534956, 0.000206041091587, 0.000259771855781, 0.000172960033524, 2.95537411148e-05, 3.81891768484e-05, 6.38585552224e-05, 4.59707880509e-05, 2.13395396713e-05, 4.96283610119e-06, 3.07739310301e-06, 2.99682915283e-06, 4.47183492724e-06, 1.52671018441e-05, 2.22224534809e-05, 2.28042626986e-05, 3.15438119287e-05, 2.94904548355e-05, 1.55545185407e-05, 9.65739218373e-06, 4.4699108912e-06, 1.73615376298e-06, 8.7183332198e-07, 1.02587273432e-06, 2.34169760915e-06, 5.57141902391e-06, 8.65426500241e-06, 1.03218508229e-05, 9.5682871688e-06, 4.87763736601e-06, 2.53957387031e-06, 8.69098300882e-07, 1.14971044241e-06, 2.62252706307e-06, 5.36614288649e-06, 5.81112044529e-06, 2.86509862235e-06, 1.46214699726e-06, 6.56432973756e-07, 8.55645282627e-07, 2.14366491491e-06, 3.16197042594e-06, 2.85039959635e-06, 1.60701404184e-06, 5.57549697078e-07, 6.71167470045e-07, 1.97282815861e-06, 2.49813751907e-06, 1.90562002444e-06, 6.8093356731e-07, 4.88131661314e-07, 1.61498155649e-06, 1.85570627309e-06, 1.08278084099e-06, 3.31778267082e-07, 6.75934188621e-07, 9.71093754742e-07, 6.91925379215e-07, 2.6807276754e-07, 5.11967982675e-07, 5.21416325228e-07, 1.29355029799e-07, 1.10067524872e-07, 1.2779315739e-07, 1.205146134e-07, 1.2105414271e-07, 1.19974274071e-07, 1.6062985253e-07, 1.2466406929e-07, 1.24578022564e-07, 1.686226625e-07, 1.37636305908e-07, 3.50233307245e-07, 2.7260347224e-07, 3.46448018718e-07, 3.74734952402e-07, 1.11059343055e-07, 7.35469810054e-11, 1.38789023676e-11, 1.33328695306e-11, 1.2918141383e-11, 1.25715583776e-11, 1.22562845289e-11, 1.20304608289e-11, 1.18285173323e-11, 1.1675911106e-11, 1.15643588455e-11, 1.14925655798e-11],
        "min": [3.48135276163e-09, 7.14557089054e-08, 6.64605863676e-08, 1.49460362309e-07, 3.15140425755e-07, 4.70429426969e-07, 5.34604907898e-07, 1.03167258203e-06, 9.35682805903e-07, 1.48497383634e-06, 2.60813021669e-06, 3.38733957506e-06, 1.28693875467e-06, 2.74073636319e-06, 2.32390380006e-06, 2.31638068726e-06, 5.06477681483e-06, 1.81207110472e-06, 1.74718297785e-06, 2.05359765459e-06, 2.47427624345e-06, 1.53824828431e-06, 4.09651283917e-06, 1.91760273083e-06, 6.60433158828e-07, 2.47703184186e-07, 3.90941977457e-07, 7.69043140281e-07, 3.0355738545e-07, 1.20572437368e-07, 2.11952141171e-07, 8.91578295636e-08, 2.75760232427e-08, 2.02460750387e-08, 1.79939050327e-08, 4.24884341044e-08, 1.61643981755e-07, 1.1243035658e-07, 1.11694276939e-07, 2.06174235018e-07, 2.42433316089e-07, 2.73002285667e-07, 6.08353559528e-07, 3.53273833298e-07, 1.38165859198e-07, 2.18261050122e-07, 9.43422477917e-08, 5.6431478157e-08, 4.24000248245e-08, 7.77254705042e-09, 5.75417713478e-09, 6.53053033872e-09, 1.24492665066e-08, 2.55420964379e-08, 6.0880815056e-08, 6.05308514423e-08, 5.27625765301e-08, 8.08287126119e-08, 3.61171572649e-08, 3.18401092159e-08, 2.14557083211e-08, 9.3256531386e-09, 5.37686428714e-09, 8.383826966e-09, 1.31123307767e-08, 1.94679472543e-08, 2.79880012499e-08, 2.34477486316e-08, 2.35877273269e-08, 8.45593106646e-09, 7.7410833299e-09, 4.71310634964e-09, 7.15347159286e-09, 4.55471793614e-09, 1.29584805109e-08, 2.38176607326e-08, 1.41213432059e-08, 5.14136244689e-09, 2.09944195362e-09, 2.61526134082e-09, 4.27817958837e-09, 3.76088005183e-09, 6.057280455e-09, 3.99304944665e-09, 2.19748441666e-09, 2.34569719204e-09, 7.05974523285e-09, 3.92953758421e-09, 6.32816643531e-09, 4.74243533333e-09, 3.48890538682e-09, 4.97109375885e-09, 6.55554011075e-09, 4.49301973404e-09, 1.91821381001e-09, 2.94569835191e-09, 3.8569578642e-09, 2.78386824704e-09, 1.35614719454e-09, 1.52341694815e-09, 2.41199216156e-09, 9.03062735702e-10, 6.02846828013e-10, 9.60523327542e-10, 8.55185366966e-10, 1.30770894113e-09, 1.32757527194e-09, 1.65660407614e-09, 1.4394637704e-09, 8.30522872697e-10, 8.5466095312e-10, 1.16925436e-09, 1.75793535284e-09, 1.17069043348e-09, 1.61749236227e-09, 3.27745275364e-09, 1.06687414458e-09, 7.15844863854e-13, 5.83095244723e-14, 5.92426024145e-14, 7.12613697435e-14, 4.99926604291e-14, 6.50327028015e-14, 5.64665501857e-14, 6.17146917879e-14, 6.07334752693e-14, 6.5025364108e-14, 6.90506679613e-14],
        "stdev": [3.55684642273e-06, 1.47287173604e-05, 2.89526560664e-05, 4.74313565064e-05, 0.000151913991431, 0.000232732098084, 0.000294802506687, 0.000305233930703, 0.000401468074415, 0.000627376255579, 0.000793370534666, 0.000994488480501, 0.00202366826124, 0.00140558474232, 0.00135340169072, 0.0014000342926, 0.00139264529571, 0.00148181023542, 0.00131618476007, 0.00113889854401, 0.00163783761673, 0.000976418261416, 0.00152154639363, 0.00150377582759, 0.000478097848827, 0.000532773439772, 0.000544877024367, 0.000591920979787, 0.000374691240722, 0.000417039409513, 0.000244307826506, 8.48014678922e-05, 2.77289946098e-05, 2.92284694297e-05, 1.87958030438e-05, 5.60738626518e-05, 8.86738926056e-05, 0.00015929134679, 0.000329340342432, 0.000546376162674, 0.000603511405643, 0.000588264723774, 0.00070117553696, 0.000414236565121, 7.09490050212e-05, 0.000118590069178, 0.000175024339114, 0.000127567211166, 4.56413363281e-05, 1.18164389278e-05, 7.07916615283e-06, 4.86713815917e-06, 1.20840577438e-05, 5.81046078878e-05, 5.54360485694e-05, 4.68656180601e-05, 6.73473696224e-05, 6.82520258124e-05, 2.77416911558e-05, 1.8273405658e-05, 1.3999314433e-05, 3.69383474208e-06, 1.35156597025e-06, 1.66206439189e-06, 4.49089156973e-06, 1.05312165033e-05, 1.62049673236e-05, 1.59953451657e-05, 1.44643508975e-05, 9.11987808649e-06, 5.03772707816e-06, 1.49500897351e-06, 2.22092035074e-06, 5.63000321563e-06, 1.08990025183e-05, 1.26893646666e-05, 6.81226356392e-06, 3.95514098273e-06, 1.17927447718e-06, 1.86309159744e-06, 6.08805657976e-06, 8.67122435011e-06, 9.28286226554e-06, 4.94213827551e-06, 1.37594554417e-06, 1.47286459651e-06, 5.61553088119e-06, 8.39015319798e-06, 6.45568979962e-06, 2.42473674916e-06, 1.55157215431e-06, 7.23325820218e-06, 7.15633723303e-06, 4.42210739493e-06, 1.02851629435e-06, 2.60911792793e-06, 3.17878038913e-06, 2.19797766476e-06, 6.86771841174e-07, 1.71893577772e-06, 1.94492872652e-06, 2.67483557082e-07, 2.05575588552e-07, 2.63317133431e-07, 2.73751254554e-07, 2.62268287088e-07, 3.09100329332e-07, 4.61063564217e-07, 2.92656039846e-07, 2.67082555183e-07, 3.97353886683e-07, 2.34379754716e-07, 1.07952575945e-06, 6.17902628619e-07, 8.62301362758e-07, 9.13489259347e-07, 2.05767847206e-07, 4.76926831361e-10, 4.28005020314e-10, 4.09627498588e-10, 3.95870281e-10, 3.84413167964e-10, 3.73775704832e-10, 3.66998292867e-10, 3.60165619551e-10, 3.55206392078e-10, 3.51579126923e-10, 3.49207385231e-10]
    },
    "mfcc": {
        "mean": [-646.485473633, 133.630828857, -4.41683530807, -0.800850987434, -16.7963924408, -10.042632103, -21.2373790741, -17.37774086, -12.0171670914, 4.00893735886, 3.41578650475, 0.724913716316, -14.4333429337],
        "cov": [[2339.65966797, -904.556884766, -428.251190186, -54.9287109375, -112.795478821, 9.40894889832, 39.5906715393, 23.0051612854, 18.891500473, 7.84946537018, 16.8448829651, 9.11058807373, 20.0136928558], [-904.556884766, 757.666625977, 34.5365104675, 10.4051580429, 26.0102863312, -57.0023994446, 18.7880020142, -26.4985294342, -10.9631195068, 0.206754118204, 6.28163528442, -2.55205750465, -18.9433670044], [-428.251190186, 34.5365104675, 375.958435059, 45.7026939392, 17.3738193512, 8.50112724304, -50.6908988953, 13.5165576935, -31.6028766632, -2.92173504829, -11.0091791153, -12.2722930908, -21.6000499725], [-54.9287109375, 10.4051580429, 45.7026939392, 161.832595825, 69.3732070923, -41.6040344238, -49.2178230286, -12.8296880722, 8.94267654419, -3.43641161919, -29.773765564, 6.38096237183, 40.1298370361], [-112.795478821, 26.0102863312, 17.3738193512, 69.3732070923, 136.267868042, -12.9207496643, -59.8444404602, -23.5269908905, 11.0404424667, -3.90971016884, -23.0506801605, -1.97315132618, 35.1627502441], [9.40894889832, -57.0023994446, 8.50112724304, -41.6040344238, -12.9207496643, 119.854927063, 64.1511154175, 9.92074203491, 3.41420936584, -14.991812706, 9.33896160126, -1.70738339424, -24.0429496765], [39.5906715393, 18.7880020142, -50.6908988953, -49.2178230286, -59.8444404602, 64.1511154175, 141.995040894, 36.8324890137, -8.25884246826, -7.23749065399, 13.630484581, 2.44087529182, -25.7291679382], [23.0051612854, -26.4985294342, 13.5165576935, -12.8296880722, -23.5269908905, 9.92074203491, 36.8324890137, 70.2393722534, 11.3388948441, 1.55490577221, 2.90550470352, -7.7844004631, -2.63054084778], [18.891500473, -10.9631195068, -31.6028766632, 8.94267654419, 11.0404424667, 3.41420936584, -8.25884246826, 11.3388948441, 68.6349487305, 18.9327716827, -2.31663393974, 2.7490477562, 1.72248649597], [7.84946537018, 0.206754118204, -2.92173504829, -3.43641161919, -3.90971016884, -14.991812706, -7.23749065399, 1.55490577221, 18.9327716827, 69.5533370972, 23.4324378967, -1.13590407372, -5.59223985672], [16.8448829651, 6.28163528442, -11.0091791153, -29.773765564, -23.0506801605, 9.33896160126, 13.630484581, 2.90550470352, -2.31663393974, 23.4324378967, 68.7204284668, 16.2837982178, -15.7003641129], [9.11058807373, -2.55205750465, -12.2722930908, 6.38096237183, -1.97315132618, -1.70738339424, 2.44087529182, -7.7844004631, 2.7490477562, -1.13590407372, 16.2837982178, 66.8590011597, 18.478553772], [20.0136928558, -18.9433670044, -21.6000499725, 40.1298370361, 35.1627502441, -24.0429496765, -25.7291679382, -2.63054084778, 1.72248649597, -5.59223985672, -15.7003641129, 18.478553772, 83.3454589844]],
        "icov": [[0.00127178698312, 0.00150157057215, 0.00135384919122, -0.000339323974913, 0.000630285125226, 0.000592845433857, -7.52894120524e-05, -3.55330012098e-05, 0.000394711125409, 3.11781041091e-05, -0.000175165157998, 0.00012349471217, 0.00036444424768], [0.00150157057215, 0.00336312386207, 0.0011308984831, -0.000107277490315, -0.000127582796267, 0.0024719494395, -0.00172854762059, 0.00114671036135, -3.60816156899e-05, 0.000496262509841, -0.000682100711856, 0.000339112622896, 0.000848429335747], [0.00135384919122, 0.0011308984831, 0.00530625972897, -0.00195295235608, 0.00121556036174, -0.00186763494276, 0.00332081527449, -0.00301526486874, 0.00356746697798, -0.00101141771302, 0.000775479129516, -0.000433122477261, 0.00222635478713], [-0.000339323974913, -0.000107277490315, -0.00195295235608, 0.00998232327402, -0.00405300408602, 0.0031962019857, -0.00127436697949, 0.001164660207, -0.0019277256215, 0.000406312377891, 0.00198208563961, -0.000873076729476, -0.00234604766592], [0.000630285125226, -0.000127582796267, 0.00121556036174, -0.00405300408602, 0.0127755533904, -0.00362283014692, 0.00493053812534, 0.00103382766247, -0.000417819363065, -0.00028730017948, 0.00118384545203, 0.00125870923512, -0.00286082597449], [0.000592845433857, 0.0024719494395, -0.00186763494276, 0.0031962019857, -0.00362283014692, 0.0162798110396, -0.00951586663723, 0.00405008345842, -0.00447307480499, 0.00444134511054, -0.00254322588444, 0.000954612856731, 0.00151120789815], [-7.52894120524e-05, -0.00172854762059, 0.00332081527449, -0.00127436697949, 0.00493053812534, -0.00951586663723, 0.0170373767614, -0.00847454741597, 0.0051081655547, -0.00158608413767, 0.00174738804344, -0.00221113860607, 0.0018736604834], [-3.55330012098e-05, 0.00114671036135, -0.00301526486874, 0.001164660207, 0.00103382766247, 0.00405008345842, -0.00847454741597, 0.0211733262986, -0.00690140482038, 0.00188599142712, -0.00207737111486, 0.00402739970013, -0.0033038072288], [0.000394711125409, -3.60816156899e-05, 0.00356746697798, -0.0019277256215, -0.000417819363065, -0.00447307480499, 0.0051081655547, -0.00690140482038, 0.0204930137843, -0.00696408562362, 0.00368977920152, -0.00286532170139, 0.00243430095725], [3.11781041091e-05, 0.000496262509841, -0.00101141771302, 0.000406312377891, -0.00028730017948, 0.00444134511054, -0.00158608413767, 0.00188599142712, -0.00696408562362, 0.0197686124593, -0.00815868470818, 0.00280067650601, -6.76411364111e-05], [-0.000175165157998, -0.000682100711856, 0.000775479129516, 0.00198208563961, 0.00118384545203, -0.00254322588444, 0.00174738804344, -0.00207737111486, 0.00368977920152, -0.00815868470818, 0.0213907975703, -0.00679309759289, 0.00328636192717], [0.00012349471217, 0.000339112622896, -0.000433122477261, -0.000873076729476, 0.00125870923512, 0.000954612856731, -0.00221113860607, 0.00402739970013, -0.00286532170139, 0.00280067650601, -0.00679309759289, 0.0189609825611, -0.00569196324795], [0.00036444424768, 0.000848429335747, 0.00222635478713, -0.00234604766592, -0.00286082597449, 0.00151120789815, 0.0018736604834, -0.0033038072288, 0.00243430095725, -6.76411364111e-05, 0.00328636192717, -0.00569196324795, 0.0177533905953]]
    },
    "spectral_contrast_coeffs": {
        "max": [-0.376819759607, -0.516951501369, -0.485204339027, -0.556886196136, -0.646022498608, -0.654091596603],
        "mean": [-0.631180226803, -0.733334779739, -0.706771969795, -0.735429227352, -0.771250963211, -0.772442281246],
        "min": [-0.896934390068, -0.900934040546, -0.897994697094, -0.877116441727, -0.886009037495, -0.840829610825],
        "stdev": [0.0694396793842, 0.0628493055701, 0.0593240484595, 0.0568992681801, 0.0397374369204, 0.0260904002935]
    },
    "spectral_contrast_valleys": {
        "max": [-6.09049701691, -4.5140619278, -5.90785694122, -6.31141376495, -6.3091840744, -8.12001132965],
        "mean": [-7.32486200333, -5.88032436371, -7.63522815704, -7.75354909897, -7.91923093796, -10.3974142075],
        "min": [-9.03978919983, -7.36735153198, -9.30058002472, -9.70135498047, -9.73068141937, -12.3043394089],
        "stdev": [0.454783260822, 0.446043044329, 0.515352427959, 0.553435087204, 0.568456411362, 0.630407869816]
    }
},
"rhythm": {
    "beats_count": 108,
    "beats_loudness": {
        "max": 0.0761833488941,
        "mean": 0.0309465210885,
        "min": 0.00555686699226,
        "stdev": 0.0132651003078
    },
    "bpm": 133.860458374,
    "bpm_histogram_first_peak_bpm": 133,
    "bpm_histogram_first_peak_weight": 0.531914889812,
    "bpm_histogram_second_peak_bpm": 126,
    "bpm_histogram_second_peak_spread": 0,
    "bpm_histogram_second_peak_weight": 0.0747663527727,
    "danceability": 1.14081990719,
    "onset_rate": 2.6455078125,
    "beats_loudness_band_ratio": {
        "max": [0.436908662319, 0.799275994301, 0.904157519341, 0.671197831631, 0.34400421381, 0.46586561203],
        "mean": [0.0606490597129, 0.262047827244, 0.493719995022, 0.160912618041, 0.0614716149867, 0.0394191555679],
        "min": [0.00572701171041, 0.0325343087316, 0.111574530602, 0.0181003082544, 0.00209996872582, 0.00122941494919],
        "stdev": [0.0691705271602, 0.172774881124, 0.179857820272, 0.158512368798, 0.0656772255898, 0.0717370510101]
    },
