{
"metadata": {
    "version": {
        "essentia": "2.1-beta5",
        "essentia_git_sha": "Undefined",
        "extractor": "music 2.0"
    },
    "audio_properties": {
        "analysis": {
            "equal_loudness": 0,
            "length": 32.4963264465,
            "sample_rate": 44100,
            "start_time": 61.4980506897,
            "downmix": "mix"
        },
        "bit_rate": 192000,
        "length": 268.422668457,
        "lossless": 0,
        "number_channels": 2,
        "replay_gain": -8.34791374207,
        "sample_rate": 44100,
        "codec": "mp3",
        "md5_encoded": "403a9e3f8da70e4bddec6dc8f80eabbb"
    },
    "tags": {
        "file_name": "Germany_Sing, Sang, Song_Les Humphries Singers.mp3",
        "encoding": ["Lavf58.29.100"]
    }
},
"lowlevel": {
    "average_loudness": 0.681832790375,
    "barkbands_crest": {
        "max": 24.2265129089,
        "mean": 9.62783622742,
        "min": 3.12234592438,
        "stdev": 4.51620006561
    },
    "barkbands_flatness_db": {
        "max": 0.27047380805,
        "mean": 0.12301313132,
        "min": 0.0386957600713,
        "stdev": 0.0464222766459
    },
    "barkbands_kurtosis": {
        "max": 101.260574341,
        "mean": 3.62427186966,
        "min": -1.7497934103,
        "stdev": 8.34886360168
    },
    "barkbands_skewness": {
        "max": 9.45961856842,
        "mean": 0.927323281765,
        "min": -2.25247168541,
        "stdev": 1.48455810547
    },
    "barkbands_spread": {
        "max": 76.4345321655,
        "mean": 17.25440979,
        "min": 2.15237426758,
        "stdev": 10.0734500885
    },
    "dissonance": {
        "max": 0.499999701977,
        "mean": 0.469300657511,
        "min": 0.268620580435,
        "stdev": 0.0341285020113
    },
    "dynamic_complexity": 6.92562818527,
    "erbbands_crest": {
        "max": 30.438079834,
        "mean": 9.58167266846,
        "min": 3.19248771667,
        "stdev": 4.17502737045
    },
    "erbbands_flatness_db": {
        "max": 0.309149682522,
        "mean": 0.178923130035,
        "min": 0.078000202775,
        "stdev": 0.0457241311669
    },
    "erbbands_kurtosis": {
        "max": 16.892660141,
        "mean": 1.01715052128,
        "min": -1.6224206686,
        "stdev": 1.89656817913
    },
    "erbbands_skewness": {
        "max": 3.18057012558,
        "mean": 0.236250400543,
        "min": -2.15881323814,
        "stdev": 0.708780825138
    },
    "erbbands_spread": {
        "max": 105.691520691,
        "mean": 26.6795806885,
        "min": 2.84641838074,
        "stdev": 16.3424720764
    },
    "hfc": {
        "max": 143.540496826,
        "mean": 17.4638442993,
        "min": 0.00868385657668,
        "stdev": 18.7889461517
    },
    "loudness_ebu128": {
        "integrated": -16.6373825073,
        "loudness_range": 10.2831020355,
        "momentary": {
            "max": -11.5180282593,
            "mean": -21.3703403473,
            "min": -45.2950820923,
            "stdev": 8.72739696503
        },
        "short_term": {
            "max": -14.3420181274,
            "mean": -19.4423465729,
            "min": -43.510017395,
            "stdev": 6.36627960205
        }
    },
    "melbands_crest": {
        "max": 33.9115447998,
        "mean": 12.2592220306,
        "min": 3.18618941307,
        "stdev": 6.54391813278
    },
    "melbands_flatness_db": {
        "max": 0.39069634676,
        "mean": 0.165607914329,
        "min": 0.0291855446994,
        "stdev": 0.0729702785611
    },
    "melbands_kurtosis": {
        "max": 255.214385986,
        "mean": 9.47751426697,
        "min": -1.71265149117,
        "stdev": 22.9735946655
    },
    "melbands_skewness": {
        "max": 13.2491283417,
        "mean": 1.61552298069,
        "min": -1.77020287514,
        "stdev": 2.15008044243
    },
    "melbands_spread": {
        "max": 207.761825562,
        "mean": 28.7116661072,
        "min": 1.30852425098,
        "stdev": 23.1327533722
    },
    "pitch_salience": {
        "max": 0.850388109684,
        "mean": 0.614819169044,
        "min": 0.13255135715,
        "stdev": 0.148902893066
    },
    "silence_rate_20dB": {
        "max": 1,
        "mean": 1,
        "min": 1,
        "stdev": 0
    },
    "silence_rate_30dB": {
        "max": 1,
        "mean": 0.995717346668,
        "min": 0,
        "stdev": 0.0653004348278
    },
    "silence_rate_60dB": {
        "max": 1,
        "mean": 0.304782301188,
        "min": 0,
        "stdev": 0.460316687822
    },
    "spectral_centroid": {
        "max": 4649.35791016,
        "mean": 1614.07495117,
        "min": 350.837097168,
        "stdev": 641.805480957
    },
    "spectral_complexity": {
        "max": 38,
        "mean": 15.2833690643,
        "min": 0,
        "stdev": 10.1046619415
    },
    "spectral_decrease": {
        "max": -5.25839181226e-12,
        "mean": -3.44948158926e-09,
        "min": -3.42284351973e-08,
        "stdev": 4.43863967803e-09
    },
    "spectral_energy": {
        "max": 0.142205908895,
        "mean": 0.0146031705663,
        "min": 2.07199864235e-05,
        "stdev": 0.0182439684868
    },
    "spectral_energyband_high": {
        "max": 0.0121133551002,
        "mean": 0.000491841114126,
        "min": 2.25095291739e-07,
        "stdev": 0.000904963468201
    },
    "spectral_energyband_low": {
        "max": 0.0072284238413,
        "mean": 0.000253251579124,
        "min": 6.27172266832e-06,
        "stdev": 0.000514278188348
    },
    "spectral_energyband_middle_high": {
        "max": 0.0950925499201,
        "mean": 0.0056253829971,
        "min": 1.77580170657e-06,
        "stdev": 0.00733020203188
    },
    "spectral_energyband_middle_low": {
        "max": 0.0871358662844,
        "mean": 0.00841478351504,
        "min": 1.06786592369e-06,
        "stdev": 0.012947358191
    },
    "spectral_entropy": {
        "max": 8.65062046051,
        "mean": 7.57343530655,
        "min": 6.16512060165,
        "stdev": 0.457264721394
    },
    "spectral_flux": {
        "max": 0.301744699478,
        "mean": 0.061581119895,
        "min": 0.00193779321853,
        "stdev": 0.0450193211436
    },
    "spectral_kurtosis": {
        "max": 26.530632019,
        "mean": 6.4167766571,
        "min": -0.149527072906,
        "stdev": 3.38415026665
    },
    "spectral_rms": {
        "max": 0.0117786871269,
        "mean": 0.0031162428204,
        "min": 0.000142178134411,
        "stdev": 0.00212979060598
    },
    "spectral_rolloff": {
        "max": 9969.87304688,
        "mean": 2010.73303223,
        "min": 64.599609375,
        "stdev": 1616.48876953
    },
    "spectral_skewness": {
        "max": 4.17857313156,
        "mean": 1.92334389687,
        "min": 0.41175660491,
        "stdev": 0.503074884415
    },
    "spectral_spread": {
        "max": 9588148,
        "mean": 4216241.5,
        "min": 2348978.25,
        "stdev": 1153322.5
    },
    "spectral_strongpeak": {
        "max": 9.51207447052,
        "mean": 1.08360207081,
        "min": 0.00569690903649,
        "stdev": 1.1832613945
    },
    "zerocrossingrate": {
        "max": 0.32080078125,
        "mean": 0.0762300789356,
        "min": 0.0068359375,
        "stdev": 0.0455283001065
    },
    "barkbands": {
        "max": [4.96093925904e-05, 0.00116045027971, 0.00465635675937, 0.00700913742185, 0.0400819666684, 0.0366845428944, 0.0524568036199, 0.048249848187, 0.0430703014135, 0.0570427030325, 0.011020200327, 0.0284432768822, 0.0180529933423, 0.0337954424322, 0.0258928276598, 0.0177524276078, 0.00991056580096, 0.00752569688484, 0.00251060933806, 0.0022180234082, 0.00238066818565, 0.00112494139466, 0.00251826364547, 0.00465718563646, 0.00144578225445, 0.0012494919356, 5.78564104217e-05],
        "mean": [5.11436064699e-06, 8.35764149087e-05, 6.53221504763e-05, 0.000198251858819, 0.000911473995075, 0.00204929150641, 0.0018344031414, 0.00135452579707, 0.00191462913062, 0.000604665779974, 0.000232686157688, 0.000362247752491, 0.000990166445263, 0.00139951438177, 0.000650926260278, 0.000206973592867, 0.000596568745095, 0.00036390486639, 0.000160175026394, 0.000140514574014, 0.000120790522487, 8.70128860697e-05, 7.92270584498e-05, 0.000104921564343, 3.54587500624e-05, 4.84029769723e-05, 2.43145836976e-06],
        "min": [4.58334419307e-08, 3.69923270682e-07, 1.19129538234e-07, 7.59118563565e-08, 2.29115002526e-07, 7.48306234755e-08, 3.59522083215e-08, 3.20879145477e-08, 4.53798811861e-08, 3.84243641349e-08, 2.29648176031e-08, 4.14964631545e-08, 5.58792372374e-08, 4.05166673545e-08, 4.34567262175e-08, 1.26625408825e-07, 7.45124992818e-08, 1.2357170931e-07, 6.84394478867e-08, 2.53041836373e-08, 1.8838449023e-08, 3.12609138575e-08, 1.95885458965e-08, 3.54974076799e-08, 1.39834250845e-08, 1.77026588943e-08, 1.7500546845e-10],
        "stdev": [4.71438306704e-06, 0.000104097329313, 0.000234765917412, 0.000523420108948, 0.00257841334678, 0.00421191053465, 0.00489413831383, 0.00362328113988, 0.00378802069463, 0.00260433368385, 0.000830137985758, 0.00150873244274, 0.00167233101092, 0.0025451364927, 0.00155907217413, 0.000721854448784, 0.00100033776835, 0.000629101821687, 0.000246585143032, 0.00023799452174, 0.000216157757677, 0.000139056355692, 0.000162177442689, 0.00028944996302, 9.38185839914e-05, 0.000102622099803, 4.35165520685e-06]
    },
    "erbbands": {
        "max": [0.016861340031, 0.392880707979, 4.14143848419, 13.5886707306, 54.2417373657, 200.13835144, 311.045501709, 447.628997803, 684.317321777, 978.319396973, 1329.44372559, 1366.66723633, 966.181274414, 1327.79528809, 740.997802734, 796.276794434, 924.814758301, 800.534606934, 1672.11291504, 1174.43786621, 504.55859375, 552.766845703, 447.447998047, 64.1613235474, 188.939193726, 48.7938117981, 78.8933105469, 77.1098937988, 55.892868042, 40.3163528442, 75.4918441772, 162.497192383, 53.522605896, 30.0710124969, 3.1039018631, 2.7194442749, 3.28029417992, 0.684448361397, 0.0109972059727, 0.000358717661584],
        "mean": [0.00288249761797, 0.0172772891819, 0.0683042034507, 0.414601445198, 1.06694507599, 3.46714615822, 9.60357666016, 19.6225242615, 25.8385868073, 25.3774738312, 37.2831611633, 42.6132888794, 22.7780342102, 16.0459785461, 8.60288715363, 17.2548904419, 44.1787338257, 55.9137954712, 59.0856132507, 22.1797008514, 15.1374673843, 34.9715003967, 26.0660305023, 5.32090234756, 12.7431201935, 5.03993463516, 4.99578857422, 3.61964774132, 3.93041563034, 2.2327246666, 2.25645232201, 2.35133361816, 1.51975846291, 0.635496258736, 0.143837213516, 0.0894677340984, 0.103109136224, 0.0274304319173, 0.000493333674967, 3.21938568959e-05],
        "min": [2.18097175093e-05, 0.000151942105731, 0.000502797833178, 0.000712406646926, 0.00060373020824, 0.00077074021101, 0.00043733837083, 0.000601703708526, 0.00059135054471, 0.000610471470281, 0.000874142744578, 0.00109860126395, 0.000875399156939, 0.00120575400069, 0.00154715008102, 0.00231520389207, 0.00299433339387, 0.00295159965754, 0.00585405668244, 0.00722766993567, 0.00591370044276, 0.00497787818313, 0.00711279595271, 0.00657092407346, 0.00234505184926, 0.00146332732402, 0.000829782744404, 0.000735506415367, 0.0010106562404, 0.000820401590317, 0.000643981737085, 0.000690797111019, 0.000443076452939, 0.000228311866522, 6.25406537438e-05, 3.6709196138e-05, 4.11855326092e-05, 8.6013433247e-06, 2.06741859188e-07, 3.41350911981e-08],
        "stdev": [0.00239216629416, 0.0295936372131, 0.222992643714, 1.0728045702, 3.25709700584, 10.3306255341, 21.4558238983, 43.3243179321, 61.594078064, 72.772315979, 89.5599822998, 90.3539810181, 57.5002174377, 59.0343399048, 46.0253448486, 52.4302024841, 77.7268218994, 81.1246185303, 103.803909302, 63.8608398438, 32.0593757629, 55.2838172913, 42.8544044495, 7.87153816223, 20.3334636688, 6.89362621307, 9.15736103058, 6.64679479599, 6.46982479095, 3.54397296906, 4.93703985214, 7.56199598312, 4.23210144043, 1.84587585926, 0.29837796092, 0.179232254624, 0.227300435305, 0.0588096864522, 0.00100233172998, 4.11997716583e-05]
    },
    "gfcc": {
        "mean": [-61.329372406, 53.9320640564, -135.597869873, 1.77382075787, -59.2062263489, 5.56322097778, -45.8219146729, 9.58664131165, -12.785777092, 15.5006761551, -12.6927442551, 4.4675989151, -18.8655738831],
        "cov": [[14222.6660156, -2088.48974609, -1928.88122559, -1480.70617676, -1862.62280273, -1214.95593262, -767.859558105, -430.992004395, -239.240264893, 157.110519409, -223.979278564, -174.445251465, -164.774963379], [-2088.48974609, 1419.10168457, 554.999023438, -28.7483119965, 91.5550460815, -129.582214355, 115.907859802, -19.3851146698, -150.583358765, -127.075515747, 108.851821899, -37.706703186, -17.2759532928], [-1928.88122559, 554.999023438, 847.314208984, 381.32434082, 85.4997024536, 37.6175689697, 34.6599464417, -47.3721427917, -74.1319732666, -120.116363525, -4.72097110748, -40.9235649109, 8.71800231934], [-1480.70617676, -28.7483119965, 381.32434082, 567.131225586, 313.18737793, 141.914428711, -7.0472817421, 30.4841175079, 68.0075759888, -57.398979187, -78.7642211914, 10.4547767639, 35.35389328], [-1862.62280273, 91.5550460815, 85.4997024536, 313.18737793, 443.412414551, 252.962203979, 83.0985794067, 90.5745773315, 112.33014679, 10.7923288345, -8.64833164215, 50.2061386108, 39.7716331482], [-1214.95593262, -129.582214355, 37.6175689697, 141.914428711, 252.962203979, 320.525939941, 154.10446167, 50.8206596375, 58.1607437134, 43.4544296265, 2.247797966, 28.0261459351, 14.1789093018], [-767.859558105, 115.907859802, 34.6599464417, -7.0472817421, 83.0985794067, 154.10446167, 192.97895813, 46.705696106, -43.391418457, 2.49049639702, 40.0574111938, -7.54835176468, -19.6025047302], [-430.992004395, -19.3851146698, -47.3721427917, 30.4841175079, 90.5745773315, 50.8206596375, 46.705696106, 97.8316497803, 62.0899009705, 4.92581939697, 17.8233413696, 20.9726428986, 7.69290924072], [-239.240264893, -150.583358765, -74.1319732666, 68.0075759888, 112.33014679, 58.1607437134, -43.391418457, 62.0899009705, 173.47593689, 66.9378738403, -24.0977649689, 50.3446540833, 39.4254798889], [157.110519409, -127.075515747, -120.116363525, -57.398979187, 10.7923288345, 43.4544296265, 2.49049639702, 4.92581939697, 66.9378738403, 89.1330490112, 16.0716152191, 19.7582798004, 9.84116840363], [-223.979278564, 108.851821899, -4.72097110748, -78.7642211914, -8.64833164215, 2.247797966, 40.0574111938, 17.8233413696, -24.0977649689, 16.0716152191, 78.7083053589, 22.4338035583, -4.66848516464], [-174.445251465, -37.706703186, -40.9235649109, 10.4547767639, 50.2061386108, 28.0261459351, -7.54835176468, 20.9726428986, 50.3446540833, 19.7582798004, 22.4338035583, 72.0913543701, 37.4987182617], [-164.774963379, -17.2759532928, 8.71800231934, 35.35389328, 39.7716331482, 14.1789093018, -19.6025047302, 7.69290924072, 39.4254798889, 9.84116840363, -4.66848516464, 37.4987182617, 56.2328681946]],
        "icov": [[0.000569069234189, 0.000222430884605, 0.000970607972704, -0.000227446813369, 0.00169137818739, 0.000472034764243, 0.000751208863221, 0.000152444219566, 0.000917066936381, -0.000923974788748, 0.00151639187243, -0.000404578866437, 0.000568512594327], [0.000222430884605, 0.00516673363745, -0.00410326197743, 0.00586657971144, -0.00870188511908, 0.0104947155342, -0.00801910180598, 0.00690420065075, -0.00381087372079, 0.00391834089532, -0.00205295579508, 0.00155849487055, -0.000268303236226], [0.000970607972704, -0.00410326197743, 0.00996720138937, -0.00958956498653, 0.0134570021182, -0.00864581111819, 0.00487098097801, 0.00297428946942, -0.00327311153524, 0.00460390280932, -0.0053725335747, 0.00463577639312, -0.00202761916444], [-0.000227446813369, 0.00586657971144, -0.00958956498653, 0.0148674612865, -0.016680682078, 0.011750751175, -0.00590282585472, 0.00137210439425, 0.00135001365561, -4.86627359351e-05, 0.00749640306458, -0.00318144191988, 0.00167060131207], [0.00169137818739, -0.00870188511908, 0.0134570021182, -0.016680682078, 0.0314519144595, -0.0225978475064, 0.0164792090654, -0.00999322906137, 0.00371047435328, -0.0034748816397, 0.00098854326643, -0.000747671932913, -0.000164257522556], [0.000472034764243, 0.0104947155342, -0.00864581111819, 0.011750751175, -0.0225978475064, 0.0339282117784, -0.0263730119914, 0.0179444290698, -0.0094878487289, 0.00296974531375, 0.000510138692334, -4.42271120846e-05, 0.000543608039152], [0.000751208863221, -0.00801910180598, 0.00487098097801, -0.00590282585472, 0.0164792090654, -0.0263730119914, 0.0378171615303, -0.0324580259621, 0.0293189436197, -0.0217466168106, 0.0143872722983, -0.00833163410425, 0.0053118346259], [0.000152444219566, 0.00690420065075, 0.00297428946942, 0.00137210439425, -0.00999322906137, 0.0179444290698, -0.0324580259621, 0.0604048594832, -0.0493697710335, 0.0441454164684, -0.0370524190366, 0.0217685326934, -0.00649554049596], [0.000917066936381, -0.00381087372079, -0.00327311153524, 0.00135001365561, 0.00371047435328, -0.0094878487289, 0.0293189436197, -0.0493697710335, 0.0604497641325, -0.0522592924535, 0.0437613539398, -0.0286658611149, 0.0074301995337], [-0.000923974788748, 0.00391834089532, 0.00460390280932, -4.86627359351e-05, -0.0034748816397, 0.00296974531375, -0.0217466168106, 0.0441454164684, -0.0522592924535, 0.0642448887229, -0.0445132181048, 0.0265863742679, -0.0101263439283], [0.00151639187243, -0.00205295579508, -0.0053725335747, 0.00749640306458, 0.00098854326643, 0.000510138692334, 0.0143872722983, -0.0370524190366, 0.0437613539398, -0.0445132181048, 0.0617357008159, -0.0356021597981, 0.0151641368866], [-0.000404578866437, 0.00155849487055, 0.00463577639312, -0.00318144191988, -0.000747671932913, -4.42271120846e-05, -0.00833163410425, 0.0217685326934, -0.0286658611149, 0.0265863742679, -0.0356021597981, 0.0458212383091, -0.0228339936584], [0.000568512594327, -0.000268303236226, -0.00202761916444, 0.00167060131207, -0.000164257522556, 0.000543608039152, 0.0053118346259, -0.00649554049596, 0.0074301995337, -0.0101263439283, 0.0151641368866, -0.0228339936584, 0.0343985781074]]
    },
    "melbands": {
        "max": [0.000225218420383, 0.0016170978779, 0.00365284760483, 0.00717588560656, 0.00912425573915, 0.00900493282825, 0.00884108338505, 0.010248570703, 0.0111017310992, 0.00835913978517, 0.00539657752961, 0.00660815183073, 0.00178837380372, 0.00376299791969, 0.00187332055066, 0.00200483459048, 0.0020468919538, 0.00270986557007, 0.00183686579112, 0.0017739381874, 0.000487435521791, 0.000678298878483, 0.000905018125195, 0.000198314504814, 5.59224754397e-05, 0.000135373571538, 0.000135396854603, 2.07444190892e-05, 3.56860109605e-05, 8.05605013738e-05, 2.86743124889e-05, 4.30696745752e-05, 2.62187295448e-05, 2.81283391814e-05, 4.391204493e-05, 0.00011507031013, 8.16753308754e-05, 4.72505234939e-05, 3.84378981835e-05, 1.95118445845e-05],
        "mean": [2.38241864281e-05, 3.41880622727e-05, 8.58679559315e-05, 0.000152541149873, 0.000305841036607, 0.00043762542191, 0.000386522646295, 0.00027231083368, 0.000329003378283, 0.000259461347014, 0.000110159286123, 6.9004483521e-05, 2.80563599517e-05, 3.26195477101e-05, 7.42993070162e-05, 0.000101218400232, 0.000108941807412, 0.000110573455459, 4.81309252791e-05, 1.42169519677e-05, 1.82339736057e-05, 3.66040148947e-05, 3.43683277606e-05, 1.22775372802e-05, 2.91311789624e-06, 7.63951811678e-06, 1.00755578387e-05, 1.57152237534e-06, 2.46785020863e-06, 3.58066040462e-06, 1.40001202453e-06, 2.38295160671e-06, 1.49056552345e-06, 1.3293063148e-06, 1.43254510476e-06, 1.43939962527e-06, 1.2220938288e-06, 1.09866709863e-06, 7.84674682563e-07, 4.15699616951e-07],
        "min": [2.69992085578e-07, 4.20947372959e-07, 1.37329124072e-07, 5.63457334124e-08, 1.64554290194e-08, 1.49046996967e-08, 1.24958772219e-08, 6.3722707111e-09, 7.75583064438e-09, 6.36656993791e-09, 4.44512426867e-09, 4.52494219871e-09, 4.09077127728e-09, 5.13756681642e-09, 5.04046804295e-09, 5.65384983275e-09, 4.41093916947e-09, 8.65065619138e-09, 4.25208979138e-09, 5.38715427822e-09, 5.61984458969e-09, 4.38658087631e-09, 6.15043616037e-09, 5.43862554991e-09, 4.93642282606e-09, 1.45460077317e-09, 9.22512344292e-10, 8.56565041119e-10, 4.09456635264e-10, 4.27578555895e-10, 3.72680469818e-10, 3.68058472588e-10, 5.45359479798e-10, 3.3878891359e-10, 3.17885717749e-10, 3.84639320394e-10, 3.90202564704e-10, 2.88136930982e-10, 2.76915074204e-10, 1.41290312783e-10],
        "stdev": [2.38559150603e-05, 9.10538074095e-05, 0.000224454619456, 0.000451689207694, 0.000682535930537, 0.000929315458052, 0.000946685962845, 0.000761413015425, 0.000772775092628, 0.000549083633814, 0.000308359129122, 0.000285283284029, 0.000127782885102, 0.000187285098946, 0.000153906890773, 0.000167073929333, 0.000176258821739, 0.000208737983485, 0.000125908030896, 6.64727485855e-05, 3.68103355868e-05, 5.97149701207e-05, 5.89278133702e-05, 2.02630653803e-05, 5.52078927285e-06, 1.26514578369e-05, 1.6631296603e-05, 2.08767482945e-06, 4.69571887152e-06, 6.40332655166e-06, 2.68290636996e-06, 4.20873766416e-06, 2.42433611675e-06, 2.23475217354e-06, 2.90725074592e-06, 4.77496723761e-06, 3.99501959691e-06, 3.05115236188e-06, 2.29457532441e-06, 1.21955554278e-06]
    },
    "melbands128": {
        "max": [2.79413889075e-05, 0.000135150869028, 0.000286566501018, 0.000653975526802, 0.00177746242844, 0.00238256389275, 0.00322434888221, 0.00406198296696, 0.00682254089043, 0.00618618633598, 0.0139642134309, 0.0118656102568, 0.0149046927691, 0.00975661445409, 0.015198873356, 0.01747135818, 0.0193195194006, 0.013412293978, 0.0216669477522, 0.0146112963557, 0.0195613782853, 0.0161739066243, 0.0216630268842, 0.0178031530231, 0.0149464765564, 0.00914523005486, 0.00483825430274, 0.00318261655048, 0.0166651774198, 0.0139316320419, 0.00281209498644, 0.00302402558737, 0.00328766764142, 0.003945723176, 0.00952063128352, 0.0037249836605, 0.00473942235112, 0.00186400697567, 0.00390703370795, 0.00430613337085, 0.0018476069672, 0.00272809830494, 0.00133250770159, 0.00362318847328, 0.00766033492982, 0.00401105033234, 0.00380936823785, 0.00426511373371, 0.00267788837664, 0.00319331279024, 0.00186929956544, 0.000606172485277, 0.00040184133104, 0.000788626319263, 0.000769008067437, 0.000958621734753, 0.000815505860373, 0.0013374107657, 0.000964452978224, 0.000740018149372, 0.000153364308062, 0.000162784839631, 6.39908103039e-05, 7.1156420745e-05, 0.000119368334708, 0.000229138604482, 0.000187260273378, 0.000321907078614, 0.000159888804774, 7.9429402831e-05, 2.25722014875e-05, 8.503016943e-06, 1.33517951326e-05, 3.90603017877e-05, 9.94361107587e-05, 8.19446795504e-05, 9.62828489719e-05, 6.10187526036e-05, 1.13789519673e-05, 8.47795490699e-06, 8.00538109615e-05, 5.02780058014e-05, 5.04907220602e-05, 4.25043872383e-05, 1.03764414234e-05, 1.41760920087e-05, 3.83625701943e-05, 7.19000308891e-05, 5.42144480278e-05, 2.75153761322e-05, 3.93757363781e-05, 0.00019873882411, 0.00014294765424, 0.00010514522728, 1.1505097973e-05, 2.51418841799e-05, 9.08043948584e-05, 7.32058251742e-05, 1.61425195984e-05, 4.51635460195e-05, 5.10482423124e-05, 6.75297769703e-06, 2.27957548304e-06, 5.88196508033e-06, 6.4499608925e-06, 3.25886571773e-06, 6.62790216666e-06, 8.80314019014e-06, 5.68299583392e-06, 3.08938638227e-06, 2.94397273137e-06, 2.86938075078e-06, 2.07290358958e-05, 1.09345482997e-05, 2.2930202249e-05, 1.32931090775e-05, 2.40123608819e-06, 5.74259351183e-09, 3.83736376008e-10, 3.53282930687e-10, 3.37586764099e-10, 3.25887899999e-10, 3.17689652363e-10, 3.10030667805e-10, 3.03398778323e-10, 2.99242269852e-10, 2.96086960505e-10, 2.93949975472e-10],
        "mean": [4.62108664578e-06, 2.44041566475e-05, 2.97546830552e-05, 2.69976262643e-05, 2.80349340755e-05, 3.41479826602e-05, 8.30204080557e-05, 9.87756211543e-05, 9.32955445023e-05, 0.000138009927468, 0.000194795851712, 0.000248417374678, 0.000331837305566, 0.000369645829778, 0.000480294780573, 0.000418045208789, 0.000471678795293, 0.000358129298547, 0.000330448820023, 0.000265580136329, 0.000258492567809, 0.000248624564847, 0.000367141416064, 0.000388685672078, 0.000269202806521, 0.000248367432505, 0.000112884263217, 8.50664146128e-05, 0.000125625549117, 7.17541770427e-05, 6.01853607805e-05, 3.94632734242e-05, 1.86933302757e-05, 2.25181465794e-05, 3.62338178093e-05, 2.79355790553e-05, 3.86823558074e-05, 7.69843900343e-05, 9.08532747417e-05, 0.000109375330794, 0.000107411258796, 8.33135054563e-05, 8.3849823568e-05, 0.000121139273688, 0.00019299890846, 8.23608570499e-05, 5.71167875023e-05, 6.93538968335e-05, 3.1832842069e-05, 1.8001490389e-05, 1.17755280371e-05, 9.7412521427e-06, 1.51767471834e-05, 2.03459803743e-05, 2.9447108318e-05, 4.23791971116e-05, 3.90009954572e-05, 3.25932705891e-05, 3.8304948248e-05, 2.82327437162e-05, 7.99717963673e-06, 3.3556220842e-06, 1.83209363058e-06, 2.31598028222e-06, 5.38632184544e-06, 6.43762223262e-06, 8.98353573575e-06, 1.50024052346e-05, 1.02103003883e-05, 3.81692598239e-06, 1.26239694964e-06, 4.43268135086e-07, 8.09271853086e-07, 2.44317220677e-06, 5.2250193221e-06, 3.45113971889e-06, 3.28071769218e-06, 2.66197071142e-06, 4.90683532917e-07, 6.72134149227e-07, 2.74351418739e-06, 2.74926765087e-06, 2.51259734796e-06, 1.48018671098e-06, 5.26283997715e-07, 7.30681165351e-07, 1.8105018853e-06, 2.13365274249e-06, 1.69710972386e-06, 6.81500580413e-07, 5.17525961641e-07, 2.07988455259e-06, 2.31028548114e-06, 1.26202689898e-06, 4.10960780073e-07, 7.46403713947e-07, 1.51427786932e-06, 1.30279295263e-06, 4.35134126064e-07, 7.60373097819e-07, 9.05371678073e-07, 1.71640436974e-07, 1.28658925291e-07, 1.56275902441e-07, 1.6202513109e-07, 1.21981273082e-07, 1.31825103722e-07, 1.85600384839e-07, 1.3516815045e-07, 1.31002408921e-07, 1.63965680144e-07, 1.59987621373e-07, 5.00231465139e-07, 3.47805894307e-07, 5.40564883522e-07, 4.25948343263e-07, 1.04685035751e-07, 8.30625151993e-11, 3.06416545783e-12, 2.92060798289e-12, 2.82573292022e-12, 2.75366144817e-12, 2.68860302945e-12, 2.63310293708e-12, 2.59519380812e-12, 2.56471753557e-12, 2.54513662749e-12, 2.52730150176e-12],
        "min": [1.89628512892e-09, 1.07983169073e-07, 7.46878825453e-08, 1.56562109055e-07, 1.6251362922e-07, 4.29609912089e-08, 1.52166901302e-08, 2.95949149631e-08, 2.72339253371e-08, 3.53585676294e-08, 1.47828522756e-08, 5.9838112243e-09, 4.35327240922e-09, 1.25275088081e-08, 3.66758134973e-09, 2.51638554438e-09, 3.64726804314e-09, 3.34703376126e-09, 3.93026544643e-09, 3.28450311393e-09, 3.23811111258e-09, 2.39365993693e-09, 1.65072699954e-09, 3.02871772107e-09, 2.17946327652e-09, 1.9122858852e-09, 1.93485116817e-09, 1.59165858271e-09, 1.47157819264e-09, 1.45946188468e-09, 1.49608070377e-09, 2.00512051407e-09, 1.17551746115e-09, 7.68579311305e-10, 1.91892968182e-09, 2.10222617092e-09, 1.6405308223e-09, 2.53301135622e-09, 2.21934692846e-09, 3.02019143028e-09, 2.30137930934e-09, 2.74514455612e-09, 5.91626303503e-09, 3.1715883253e-09, 2.77387712799e-09, 3.85929377344e-09, 2.76195155635e-09, 1.72763148232e-09, 2.57239052281e-09, 6.26089002864e-09, 4.12079703693e-09, 1.30875998927e-09, 2.2474098138e-09, 1.35102551369e-09, 3.52623086286e-09, 2.48030751493e-09, 1.77073955498e-09, 2.12607198513e-09, 2.23226370721e-09, 3.18753645701e-09, 3.1686353541e-09, 2.15253725955e-09, 3.09754644157e-09, 1.42076350684e-09, 2.05229078176e-09, 7.86531728636e-10, 4.88044493707e-10, 2.58672749887e-10, 1.69718142318e-10, 9.48081724239e-10, 1.24937094004e-09, 1.69540298467e-10, 1.33531879998e-10, 2.05805483766e-10, 2.90453411322e-10, 2.33769475999e-10, 2.09136985507e-10, 2.46944326099e-10, 2.17309559236e-10, 1.29683971895e-10, 1.58750096402e-10, 1.65582159095e-10, 6.9062877639e-10, 6.52334242179e-10, 1.49246809356e-10, 1.72296038548e-10, 1.72187139547e-10, 1.66679295366e-10, 1.36889152791e-10, 1.67589234157e-10, 1.1770880104e-10, 2.22642612679e-10, 6.15856088348e-10, 2.96792090904e-10, 9.42268346682e-11, 2.67583927238e-10, 2.18921727968e-10, 1.97790644973e-10, 1.11121667423e-10, 2.61484944808e-10, 1.77780998256e-10, 5.18513218473e-11, 2.68616500571e-11, 3.79093319236e-11, 3.22604616632e-11, 3.05437827808e-11, 3.73372444074e-11, 4.23583286502e-11, 3.3154159973e-11, 3.15704823395e-11, 4.25509072421e-11, 4.17542389552e-11, 1.4044211627e-10, 1.07258632531e-10, 9.98680721453e-11, 7.26783633276e-11, 1.31562712113e-11, 7.36828810856e-14, 5.3842801257e-14, 4.37746627141e-14, 3.79478383666e-14, 5.52919357164e-14, 4.15675963973e-14, 4.89301050306e-14, 4.08577319655e-14, 5.18269238289e-14, 5.94493868738e-14, 4.68957385674e-14],
        "stdev": [4.1849120862e-06, 1.92889237951e-05, 3.3159769373e-05, 5.40446599189e-05, 0.000102982776298, 0.00012108014198, 0.000225013995077, 0.000273157726042, 0.00034438399598, 0.000457525224192, 0.000652028305922, 0.000729655497707, 0.000859686697368, 0.000841517583467, 0.00125638674945, 0.00109280250035, 0.00128164992202, 0.00113311444875, 0.00144294369966, 0.000947963621002, 0.000935549964197, 0.000804316136055, 0.00114895985462, 0.00104051176459, 0.00081512395991, 0.00064531766111, 0.000377190386644, 0.000225035459152, 0.000746376113966, 0.000516025407705, 0.000168909187778, 0.000149224331835, 0.000148953084135, 0.000187922079931, 0.000370892259525, 0.000186338336789, 0.000189069338376, 0.000167092701304, 0.000267389637884, 0.000288165814709, 0.00019924082153, 0.00019310087373, 0.000133268447826, 0.000274102552794, 0.000510809826665, 0.000170333107235, 0.000154036853928, 0.000219664696488, 0.000120979319036, 0.000107000574644, 7.1563583333e-05, 3.67739230569e-05, 3.42658422596e-05, 4.74952576042e-05, 6.0844609834e-05, 7.64307042118e-05, 7.48680395191e-05, 8.41533474158e-05, 7.79693436925e-05, 6.19631682639e-05, 1.40247248055e-05, 7.86940836406e-06, 5.34538867214e-06, 5.92482774664e-06, 1.08656004159e-05, 1.37475999509e-05, 1.80024653673e-05, 2.9956941944e-05, 1.83252523129e-05, 6.79047252561e-06, 1.91247590919e-06, 7.0779356065e-07, 1.38645384595e-06, 4.82816130898e-06, 1.28548672365e-05, 6.35450578557e-06, 6.69646306051e-06, 6.73873319101e-06, 8.00755685759e-07, 1.08510266728e-06, 6.08390973866e-06, 4.88555224365e-06, 4.54327573607e-06, 2.78292418443e-06, 8.63112006755e-07, 1.3060149513e-06, 3.21154220728e-06, 4.5655597205e-06, 3.78497247766e-06, 1.49497748225e-06, 1.67708583376e-06, 7.60550392442e-06, 7.42791053199e-06, 5.15581541549e-06, 1.00129614111e-06, 1.82566498097e-06, 4.52350150226e-06, 4.36501022705e-06, 1.1825469528e-06, 2.54661654253e-06, 3.03045703731e-06, 3.72180210206e-07, 1.97705531946e-07, 3.48911044057e-07, 3.84182953894e-07, 2.31325003597e-07, 3.58282818524e-07, 4.92863762247e-07, 2.87122645659e-07, 2.4221785111e-07, 2.53675892736e-07, 2.41643107302e-07, 1.37641586662e-06, 7.154518471e-07, 1.47658067817e-06, 9.24005291836e-07, 1.89454297583e-07, 2.3150925621e-10, 1.64283066317e-11, 1.54712527511e-11, 1.49191405757e-11, 1.44787827561e-11, 1.41601435438e-11, 1.38570223004e-11, 1.36070547191e-11, 1.34109641794e-11, 1.32929431351e-11, 1.32109566342e-11]
    },
    "mfcc": {
        "mean": [-705.339050293, 101.898178101, -21.8727321625, -2.92334413528, -0.203636944294, -5.06811523438, -15.8403787613, -6.52747821808, -7.1821975708, 7.89121961594, 11.3528347015, 4.54809951782, -8.47899723053],
        "cov": [[15218.8417969, -1778.20495605, -1274.69702148, -1216.96105957, -1624.99121094, -1100.29174805, -1091.52624512, -951.466186523, -628.869506836, -92.777633667, -123.807128906, -275.077392578, -536.588500977], [-1778.20495605, 1355.27148438, 342.751373291, 115.533180237, -94.3185958862, -134.235931396, 167.089706421, 36.5530662537, -171.522293091, -43.2412872314, -9.3371629715, -55.7538490295, 42.3803329468], [-1274.69702148, 342.751373291, 765.99017334, 297.077484131, 47.701751709, 30.0884284973, 78.0903778076, 11.3505439758, -71.3937072754, -25.8939285278, -83.746383667, -66.7201004028, -50.8185272217], [-1216.96105957, 115.533180237, 297.077484131, 388.549407959, 259.365753174, 78.3793106079, 21.9095973969, 70.2189254761, 47.1200561523, -1.77867901325, -58.4282302856, -39.3280448914, 9.70491313934], [-1624.99121094, -94.3185958862, 47.701751709, 259.365753174, 434.972351074, 197.800262451, 7.10586833954, 111.756492615, 179.962219238, 16.2907238007, -1.75782370567, 31.5086307526, 76.9388580322], [-1100.29174805, -134.235931396, 30.0884284973, 78.3793106079, 197.800262451, 272.960266113, 120.708572388, 75.7086181641, 139.803878784, 11.0572576523, 26.672712326, 53.80991745, 23.4319972992], [-1091.52624512, 167.089706421, 78.0903778076, 21.9095973969, 7.10586833954, 120.708572388, 277.642852783, 114.325721741, -12.3090572357, 10.4327116013, 30.5117206573, 12.271987915, 3.69433426857], [-951.466186523, 36.5530662537, 11.3505439758, 70.2189254761, 111.756492615, 75.7086181641, 114.325721741, 145.206298828, 58.5150222778, 13.7642526627, 13.2507801056, 24.1021537781, 43.4674568176], [-628.869506836, -171.522293091, -71.3937072754, 47.1200561523, 179.962219238, 139.803878784, -12.3090572357, 58.5150222778, 189.607589722, 22.5266418457, 20.4490451813, 56.898399353, 48.027923584], [-92.777633667, -43.2412872314, -25.8939285278, -1.77867901325, 16.2907238007, 11.0572576523, 10.4327116013, 13.7642526627, 22.5266418457, 69.9207992554, 20.1811294556, 0.613128840923, 0.148120895028], [-123.807128906, -9.3371629715, -83.746383667, -58.4282302856, -1.75782370567, 26.672712326, 30.5117206573, 13.2507801056, 20.4490451813, 20.1811294556, 67.6231689453, 39.5499801636, 20.8556537628], [-275.077392578, -55.7538490295, -66.7201004028, -39.3280448914, 31.5086307526, 53.80991745, 12.271987915, 24.1021537781, 56.898399353, 0.613128840923, 39.5499801636, 93.1446533203, 45.396396637], [-536.588500977, 42.3803329468, -50.8185272217, 9.70491313934, 76.9388580322, 23.4319972992, 3.69433426857, 43.4674568176, 48.027923584, 0.148120895028, 20.8556537628, 45.396396637, 92.4518356323]],
        "icov": [[0.00054576509865, 0.000586069771089, 0.000694964895956, -0.000243577247602, 0.00150337524246, 0.000278959982097, 0.00113903917372, 0.000650459434837, 0.00038394893636, 0.000488781894092, 8.94510449143e-05, 0.000532501493581, 0.00115147733595], [0.000586069771089, 0.00186540558934, 0.000293403165415, -0.000574616249651, 0.00160610384773, 0.00144939275924, -5.02291768498e-05, 0.00128537020646, 0.00052775349468, 0.00119935674593, -0.000703239580616, 0.00119476485997, -0.000242369744228], [0.000694964895956, 0.000293403165415, 0.00351480860263, -0.00267237261869, 0.00300670205615, -0.000797168060672, 0.00139278941788, 0.00115444476251, 0.00122723053209, 0.000438038696302, 0.00169518857729, 4.95656495332e-05, 0.00216803071089], [-0.000243577247602, -0.000574616249651, -0.00267237261869, 0.00902062654495, -0.00675139762461, 0.00122103281319, -0.000707428785972, -0.00137257971801, 0.00061045482289, -0.000836826453451, 0.00329070654698, 0.000567024981137, 0.00107996992301], [0.00150337524246, 0.00160610384773, 0.00300670205615, -0.00675139762461, 0.0149050829932, -0.00503934500739, 0.00711398012936, -0.00181476108264, -0.0010318494169, 0.00133545312565, -0.00168442679569, 0.00407278770581, -0.0012931303354], [0.000278959982097, 0.00144939275924, -0.000797168060672, 0.00122103281319, -0.00503934500739, 0.0152802765369, -0.00905905570835, 0.00627278955653, -0.00769133027643, 0.00248676305637, -0.000397966301534, -0.00281243678182, 0.00358439283445], [0.00113903917372, -5.02291768498e-05, 0.00139278941788, -0.000707428785972, 0.00711398012936, -0.00905905570835, 0.0160182267427, -0.00969468615949, 0.0070966607891, -0.000174392742338, -0.00301262247376, 0.00247518019751, 0.00354541279376], [0.000650459434837, 0.00128537020646, 0.00115444476251, -0.00137257971801, -0.00181476108264, 0.00627278955653, -0.00969468615949, 0.0198584552854, -0.00495371641591, -1.67519428942e-05, 0.00222357502207, -0.000516714761034, -0.00273866672069], [0.00038394893636, 0.00052775349468, 0.00122723053209, 0.00061045482289, -0.0010318494169, -0.00769133027643, 0.0070966607891, -0.00495371641591, 0.0172413866967, -0.00322355655953, 0.00130454008467, -0.0032391929999, -0.000204771145945], [0.000488781894092, 0.00119935674593, 0.000438038696302, -0.000836826453451, 0.00133545312565, 0.00248676305637, -0.000174392742338, -1.67519428942e-05, -0.00322355655953, 0.0183719154447, -0.00768401706591, 0.00432743737474, 0.00214259000495], [8.94510449143e-05, -0.000703239580616, 0.00169518857729, 0.00329070654698, -0.00168442679569, -0.000397966301534, -0.00301262247376, 0.00222357502207, 0.00130454008467, -0.00768401706591, 0.0284480992705, -0.00957409013063, -0.000376177456928], [0.000532501493581, 0.00119476485997, 4.95656495332e-05, 0.000567024981137, 0.00407278770581, -0.00281243678182, 0.00247518019751, -0.000516714761034, -0.0032391929999, 0.00432743737474, -0.00957409013063, 0.0230187568814, -0.00748916389421], [0.00115147733595, -0.000242369744228, 0.00216803071089, 0.00107996992301, -0.0012931303354, 0.00358439283445, 0.00354541279376, -0.00273866672069, -0.000204771145945, 0.00214259000495, -0.000376177456928, -0.00748916389421, 0.0238678622991]]
    },
    "spectral_contrast_coeffs": {
        "max": [-0.394367188215, -0.4442961514, -0.466592669487, -0.539071023464, -0.610262811184, -0.696736931801],
        "mean": [-0.726115167141, -0.779250621796, -0.76105004549, -0.770072877407, -0.762633383274, -0.786368310452],
        "min": [-0.950558185577, -0.944265544415, -0.929960727692, -0.920023918152, -0.909066557884, -0.874671220779],
        "stdev": [0.111494868994, 0.08973415941, 0.0842171832919, 0.075262285769, 0.0551863349974, 0.0351244732738]
    },
    "spectral_contrast_valleys": {
        "max": [-5.65555143356, -4.50817966461, -5.44741439819, -5.74156236649, -6.46614456177, -8.19105911255],
        "mean": [-8.22255802155, -6.97151708603, -8.14216899872, -7.81940841675, -8.26966953278, -10.6491718292],
        "min": [-9.81863689423, -10.631901741, -10.9973859787, -10.7213354111, -11.2589588165, -13.5528736115],
        "stdev": [0.701701462269, 1.260024786, 1.12311589718, 1.22443687916, 1.18864870071, 1.23199105263]
    }
},
"rhythm": {
    "beats_count": 69,
    "beats_loudness": {
        "max": 0.118483223021,
        "mean": 0.0220350082964,
        "min": 4.72366373288e-05,
        "stdev": 0.0252906698734
    },
    "bpm": 120.084785461,
    "bpm_histogram_first_peak_bpm": 120,
    "bpm_histogram_first_peak_weight": 0.409090936184,
    "bpm_histogram_second_peak_bpm": 148,
    "bpm_histogram_second_peak_spread": 0.549999952316,
    "bpm_histogram_second_peak_weight": 0.132352948189,
    "danceability": 0.8921636343,
    "onset_rate": 2.52246069908,
    "beats_loudness_band_ratio": {
        "max": [0.92488694191, 0.706742167473, 0.711528360844, 0.718637526035, 0.641122758389, 0.816217839718],
        "mean": [0.103353410959, 0.174122437835, 0.287647366524, 0.213012263179, 0.201436445117, 0.0676884576678],
        "min": [0.000416245515225, 0.00462917145342, 0.00799191836268, 0.00969041977078, 0.00450924504548, 0.00157980737276],
        "stdev": [0.230908319354, 0.192019417882, 0.208141043782, 0.165842816234, 0.178101226687, 0.127242609859]
    },
    "beats_position": [0.429569154978, 0.859138309956, 1.30031740665, 1.75310659409, 2.19428563118, 2.63546490669, 3.08825397491, 3.55265307426, 3.98222208023, 4.41179132462, 4.82975053787, 5.24770975113, 5.65405893326, 6.04879808426, 6.45514726639, 6.86149644852, 7.25623559952, 7.63936471939, 8.04571437836, 8.45206356049, 8.85841274261, 9.26476192474, 9.67111110687, 10.077460289, 10.47219944, 10.866938591, 11.2500677109, 11.6448068619, 12.0163259506, 12.3994560242, 12.782585144, 13.177324295, 13.572063446, 13.966802597, 14.361541748, 14.8607711792, 15.3483896255, 15.8360090256, 16.4397277832, 17.0434455872, 17.6587753296, 18.2624931335, 18.8662128448, 19.4118824005, 19.9459400177, 20.4916095734, 21.0256690979, 21.5365066528, 22.0589561462, 22.5697956085, 23.0690250397, 23.5682544708, 24.0326519012, 24.497051239, 24.984670639, 25.4839000702, 25.9715194702, 26.470746994, 26.9699764252, 27.4692058563, 27.9684352875, 28.4676647186, 28.9668922424, 29.4661216736, 29.9769611359, 30.4878005981, 30.9986381531, 31.4978675842, 31.9970970154],
