{
"metadata": {
    "version": {
        "essentia": "2.1-beta5",
        "essentia_git_sha": "Undefined",
        "extractor": "music 2.0"
    },
    "audio_properties": {
        "analysis": {
            "equal_loudness": 0,
            "length": 30.6503410339,
            "sample_rate": 44100,
            "start_time": 243.739868164,
            "downmix": "mix"
        },
        "bit_rate": 192000,
        "length": 274.413421631,
        "lossless": 0,
        "number_channels": 2,
        "replay_gain": -6.89258003235,
        "sample_rate": 44100,
        "codec": "mp3",
        "md5_encoded": "6f44740c76c07b5f290ae19b93e0dad9"
    },
    "tags": {
        "file_name": "Finland_Pump-pump_Fredi and The Friends.mp3",
        "encoding": ["Lavf58.29.100"]
    }
},
"lowlevel": {
    "average_loudness": 0.70365357399,
    "barkbands_crest": {
        "max": 22.3814582825,
        "mean": 7.1565117836,
        "min": 3.12748265266,
        "stdev": 2.70839047432
    },
    "barkbands_flatness_db": {
        "max": 0.255883604288,
        "mean": 0.0947110280395,
        "min": 0.0486312098801,
        "stdev": 0.0264981798828
    },
    "barkbands_kurtosis": {
        "max": 40.1488189697,
        "mean": 1.36718153954,
        "min": -1.29328536987,
        "stdev": 2.28875160217
    },
    "barkbands_skewness": {
        "max": 4.57145214081,
        "mean": 0.29664632678,
        "min": -1.52319347858,
        "stdev": 0.85155326128
    },
    "barkbands_spread": {
        "max": 42.5067214966,
        "mean": 18.4061260223,
        "min": 1.87365031242,
        "stdev": 5.51961708069
    },
    "dissonance": {
        "max": 0.499999970198,
        "mean": 0.480950564146,
        "min": 0.337064146996,
        "stdev": 0.019893495366
    },
    "dynamic_complexity": 4.27606725693,
    "erbbands_crest": {
        "max": 26.3779449463,
        "mean": 9.49216651917,
        "min": 4.10954236984,
        "stdev": 3.04821133614
    },
    "erbbands_flatness_db": {
        "max": 0.24852257967,
        "mean": 0.173973679543,
        "min": 0.100767187774,
        "stdev": 0.0206296183169
    },
    "erbbands_kurtosis": {
        "max": 9.16001033783,
        "mean": 1.36527776718,
        "min": -1.45067930222,
        "stdev": 1.30263829231
    },
    "erbbands_skewness": {
        "max": 2.61444687843,
        "mean": 0.403110086918,
        "min": -0.80721706152,
        "stdev": 0.422402888536
    },
    "erbbands_spread": {
        "max": 75.734916687,
        "mean": 20.5415229797,
        "min": 6.70609426498,
        "stdev": 8.01974582672
    },
    "hfc": {
        "max": 104.872283936,
        "mean": 22.5441551208,
        "min": 0.0929697677493,
        "stdev": 19.2048740387
    },
    "loudness_ebu128": {
        "integrated": -17.9389667511,
        "loudness_range": 7.739320755,
        "momentary": {
            "max": -13.1539516449,
            "mean": -19.4976768494,
            "min": -31.4852104187,
            "stdev": 3.78452563286
        },
        "short_term": {
            "max": -14.5556554794,
            "mean": -19.1016273499,
            "min": -23.9333572388,
            "stdev": 2.91905379295
        }
    },
    "melbands_crest": {
        "max": 28.6949195862,
        "mean": 8.22232913971,
        "min": 3.66349625587,
        "stdev": 3.26594543457
    },
    "melbands_flatness_db": {
        "max": 0.349370092154,
        "mean": 0.122628360987,
        "min": 0.055597230792,
        "stdev": 0.0459033995867
    },
    "melbands_kurtosis": {
        "max": 35.001449585,
        "mean": 1.96658265591,
        "min": -1.45574367046,
        "stdev": 3.62991857529
    },
    "melbands_skewness": {
        "max": 4.56305170059,
        "mean": 0.6105260849,
        "min": -1.20415985584,
        "stdev": 0.922272622585
    },
    "melbands_spread": {
        "max": 79.41381073,
        "mean": 34.9829292297,
        "min": 2.35993456841,
        "stdev": 14.3001403809
    },
    "pitch_salience": {
        "max": 0.861076414585,
        "mean": 0.685319304466,
        "min": 0.343552917242,
        "stdev": 0.0957044884562
    },
    "silence_rate_20dB": {
        "max": 1,
        "mean": 1,
        "min": 1,
        "stdev": 0
    },
    "silence_rate_30dB": {
        "max": 1,
        "mean": 1,
        "min": 1,
        "stdev": 0
    },
    "silence_rate_60dB": {
        "max": 1,
        "mean": 0.0870552584529,
        "min": 0,
        "stdev": 0.281913936138
    },
    "spectral_centroid": {
        "max": 2803.99658203,
        "mean": 1773.70019531,
        "min": 296.797576904,
        "stdev": 561.989074707
    },
    "spectral_complexity": {
        "max": 42,
        "mean": 21.4716129303,
        "min": 0,
        "stdev": 7.10349702835
    },
    "spectral_decrease": {
        "max": -5.97315183426e-11,
        "mean": -4.0995078443e-09,
        "min": -2.18747349123e-08,
        "stdev": 4.00775412857e-09
    },
    "spectral_energy": {
        "max": 0.0902815684676,
        "mean": 0.0175173170865,
        "min": 0.000233873157413,
        "stdev": 0.016714675352
    },
    "spectral_energyband_high": {
        "max": 0.00563121493906,
        "mean": 0.000676558935083,
        "min": 5.04509728216e-07,
        "stdev": 0.000677112257108
    },
    "spectral_energyband_low": {
        "max": 0.00893964152783,
        "mean": 0.00067355541978,
        "min": 1.71521460288e-05,
        "stdev": 0.00114228099119
    },
    "spectral_energyband_middle_high": {
        "max": 0.0498810037971,
        "mean": 0.00810525380075,
        "min": 1.81866089406e-05,
        "stdev": 0.00768619822338
    },
    "spectral_energyband_middle_low": {
        "max": 0.0734652876854,
        "mean": 0.00826864130795,
        "min": 0.000117880801554,
        "stdev": 0.0109139448032
    },
    "spectral_entropy": {
        "max": 8.16964435577,
        "mean": 7.75901889801,
        "min": 6.2376074791,
        "stdev": 0.265133321285
    },
    "spectral_flux": {
        "max": 0.215879172087,
        "mean": 0.0731270238757,
        "min": 0.00951820984483,
        "stdev": 0.0362716726959
    },
    "spectral_kurtosis": {
        "max": 19.4684944153,
        "mean": 5.46046972275,
        "min": 0.818954944611,
        "stdev": 2.0556063652
    },
    "spectral_rms": {
        "max": 0.00938507169485,
        "mean": 0.00368368788622,
        "min": 0.000477670313558,
        "stdev": 0.00187630171422
    },
    "spectral_rolloff": {
        "max": 4844.97070312,
        "mean": 2093.3815918,
        "min": 279.931640625,
        "stdev": 652.172241211
    },
    "spectral_skewness": {
        "max": 3.59149265289,
        "mean": 1.83458054066,
        "min": 0.872765779495,
        "stdev": 0.288872718811
    },
    "spectral_spread": {
        "max": 7425550,
        "mean": 4248119,
        "min": 2228785.75,
        "stdev": 633924.8125
    },
    "spectral_strongpeak": {
        "max": 10.6992168427,
        "mean": 1.29329133034,
        "min": 0,
        "stdev": 1.22374284267
    },
    "zerocrossingrate": {
        "max": 0.138671875,
        "mean": 0.0875986143947,
        "min": 0.01904296875,
        "stdev": 0.02505607903
    },
    "barkbands": {
        "max": [7.54871143727e-05, 0.00136827654205, 0.00748690403998, 0.00511445011944, 0.0418534092605, 0.02744641155, 0.0311815459281, 0.0422217622399, 0.053446020931, 0.0182589441538, 0.00236276071519, 0.00515431258827, 0.0241659320891, 0.0268273297697, 0.0220440849662, 0.0017529099714, 0.00840147864074, 0.00551000377163, 0.00371262733825, 0.00182373682037, 0.00160325574689, 0.00196568737738, 0.00121277023572, 0.00109960453119, 0.000409802189097, 0.000449684710475, 3.54163312295e-05],
        "mean": [9.20544152905e-06, 0.00014855331392, 0.000397210678784, 0.000273735990049, 0.00154939712957, 0.00105419172905, 0.00140006060246, 0.00133008812554, 0.00245711649768, 0.00103212310933, 9.17904326343e-05, 0.000214712214074, 0.00186569686048, 0.00212312024087, 0.00132193253376, 0.000199843183509, 0.000703944358975, 0.000344284169842, 0.000222731658141, 0.000130687330966, 0.000190707112779, 0.000130146276206, 0.000121678051073, 0.000109001914097, 3.57674725819e-05, 5.65599075344e-05, 3.03425144921e-06],
        "min": [1.5494443506e-09, 3.71738042304e-06, 1.17592882987e-07, 5.12805691244e-08, 1.39417579703e-06, 4.06261142416e-06, 3.29103727381e-06, 2.72570741799e-06, 3.60685976375e-06, 1.11691770144e-06, 1.47256656646e-07, 2.3488810541e-07, 3.11985240842e-06, 1.53527355451e-06, 1.45942863128e-06, 1.03507673543e-07, 5.09878702815e-07, 2.06666257441e-07, 1.74108194528e-07, 1.15423993918e-07, 1.49916033365e-07, 9.50901295482e-08, 5.02958243942e-08, 6.86363250679e-08, 3.67781964883e-08, 6.03017369372e-08, 1.30732236148e-09],
        "stdev": [9.26055872696e-06, 0.000132842498715, 0.000926699838601, 0.000533757498488, 0.00344706559554, 0.00207958882675, 0.00260693696328, 0.00242627388798, 0.00472232000902, 0.00181303196587, 0.000149751533172, 0.00033043010626, 0.00274219876155, 0.00289110187441, 0.00193310691975, 0.000192136867554, 0.000749980623368, 0.000351521914126, 0.000305160501739, 0.000143856523209, 0.00021966357599, 0.000149113519001, 0.000139548661537, 0.000126712839119, 3.51320413756e-05, 5.47242998437e-05, 3.6479807477e-06]
    },
    "erbbands": {
        "max": [0.0291264597327, 0.466461807489, 6.90881538391, 11.7485466003, 48.4898872375, 177.088088989, 185.358764648, 232.258789062, 474.574401855, 391.850982666, 1115.74438477, 1500.22497559, 1456.8326416, 724.590637207, 48.3106231689, 220.241638184, 1221.65002441, 1421.1171875, 1491.05175781, 221.61177063, 144.768463135, 341.477020264, 247.162902832, 53.5445022583, 253.175338745, 122.210853577, 78.759223938, 53.5974998474, 91.460899353, 46.8199005127, 32.3333587646, 24.165681839, 22.2128067017, 7.48245239258, 1.61808216572, 0.738764107227, 1.0452747345, 0.305874764919, 0.00532815279439, 0.000200280628633],
        "mean": [0.00576890725642, 0.0342208966613, 0.347904205322, 0.758769214153, 2.16897535324, 6.4864397049, 8.00719642639, 8.68147277832, 18.1250419617, 18.7582988739, 38.9365997314, 64.8870697021, 30.1930294037, 28.0263729095, 4.10109043121, 16.6503429413, 87.7746887207, 89.820854187, 118.139511108, 26.1008815765, 15.527056694, 37.3042030334, 25.5593128204, 7.23457288742, 14.7092027664, 6.4512629509, 7.60122823715, 5.51769399643, 5.87000226974, 3.50295257568, 3.26829695702, 2.56492853165, 1.59815251827, 0.593354284763, 0.168384969234, 0.108887605369, 0.115290336311, 0.0330406650901, 0.00059979170328, 3.87000436604e-05],
        "min": [4.75523265777e-05, 0.000555819075089, 0.00104244006798, 0.000767963239923, 0.00103579100687, 0.00403922935948, 0.0098248263821, 0.0407508090138, 0.0587108917534, 0.092537522316, 0.0816223844886, 0.0656857788563, 0.103745922446, 0.0327202156186, 0.0071638552472, 0.0219749230891, 0.123222380877, 0.115788944066, 0.154485836625, 0.033758956939, 0.00846738740802, 0.0293933283538, 0.0155026679859, 0.00564300362021, 0.0111942132935, 0.00587779702619, 0.00450590113178, 0.00426719617099, 0.00358336418867, 0.00215658312663, 0.00159482157324, 0.00144701951649, 0.00103931920603, 0.000529363460373, 0.00018604331126, 0.000104958984593, 0.000134740417707, 2.86090835289e-05, 6.89653404606e-07, 2.86507969349e-07],
        "stdev": [0.00553227355704, 0.0456687286496, 0.798002898693, 1.45027434826, 4.7323012352, 15.6057329178, 15.833275795, 16.6944980621, 33.7936096191, 33.9312782288, 68.1813659668, 126.327362061, 61.6588287354, 61.5146980286, 5.479408741, 20.3544769287, 137.301635742, 104.212799072, 163.240600586, 22.6561164856, 14.4000759125, 36.2728652954, 24.4805984497, 7.53081607819, 20.288860321, 7.37450027466, 8.5258026123, 6.41979885101, 6.99214696884, 3.82847285271, 3.74808168411, 3.07071137428, 1.91489481926, 0.610356211662, 0.16598521173, 0.108683273196, 0.10569075495, 0.0352425649762, 0.000625374843366, 3.48316825693e-05]
    },
    "gfcc": {
        "mean": [0.902539074421, 41.7940864563, -144.851715088, 2.56608963013, -58.6313705444, 12.0516176224, -43.6728134155, 7.74454593658, -11.6513328552, 16.9688682556, -18.1646881104, 0.325496405363, -21.245880127],
        "cov": [[3925.2199707, -235.982528687, -1.25403892994, -123.589012146, -566.455383301, -313.462005615, -230.113067627, -332.821594238, -337.7315979, -220.446655273, -179.520599365, -263.403961182, -278.115142822], [-235.982528687, 1101.65319824, 556.396057129, -111.512207031, -239.917541504, -270.440246582, -116.324577332, -280.410308838, -298.173309326, -231.945098877, -134.651367188, -228.297683716, -120.027580261], [-1.25403892994, 556.396057129, 392.568511963, -16.9182186127, -161.141540527, -140.346359253, -74.3890151978, -162.228240967, -170.636734009, -129.224060059, -80.039642334, -138.780960083, -72.5443572998], [-123.589012146, -111.512207031, -16.9182186127, 103.881225586, 98.2089309692, 52.5640449524, 19.5031929016, 58.1867599487, 62.5703353882, 44.4280319214, 24.9653358459, 45.011844635, 27.0492992401], [-566.455383301, -239.917541504, -161.141540527, 98.2089309692, 257.801177979, 160.633636475, 70.2243881226, 151.240921021, 162.120117188, 114.547149658, 77.7515411377, 126.003890991, 87.9948120117], [-313.462005615, -270.440246582, -140.346359253, 52.5640449524, 160.633636475, 166.702926636, 81.6521911621, 120.971069336, 126.062484741, 91.812828064, 55.4234237671, 89.0691986084, 56.6060028076], [-230.113067627, -116.324577332, -74.3890151978, 19.5031929016, 70.2243881226, 81.6521911621, 88.0829086304, 83.0827865601, 64.654045105, 43.1107673645, 20.8805923462, 39.6749382019, 27.5632190704], [-332.821594238, -280.410308838, -162.228240967, 58.1867599487, 151.240921021, 120.971069336, 83.0827865601, 173.406890869, 156.825286865, 93.3102111816, 58.1070594788, 102.15461731, 68.0736312866], [-337.7315979, -298.173309326, -170.636734009, 62.5703353882, 162.120117188, 126.062484741, 64.654045105, 156.825286865, 179.208129883, 117.070739746, 64.71118927, 110.930656433, 72.0806350708], [-220.446655273, -231.945098877, -129.224060059, 44.4280319214, 114.547149658, 91.812828064, 43.1107673645, 93.3102111816, 117.070739746, 109.668380737, 69.2621154785, 80.6827926636, 54.1234207153], [-179.520599365, -134.651367188, -80.039642334, 24.9653358459, 77.7515411377, 55.4234237671, 20.8805923462, 58.1070594788, 64.71118927, 69.2621154785, 70.2193908691, 68.6585769653, 38.8879623413], [-263.403961182, -228.297683716, -138.780960083, 45.011844635, 126.003890991, 89.0691986084, 39.6749382019, 102.15461731, 110.930656433, 80.6827926636, 68.6585769653, 117.49130249, 73.2175445557], [-278.115142822, -120.027580261, -72.5443572998, 27.0492992401, 87.9948120117, 56.6060028076, 27.5632190704, 68.0736312866, 72.0806350708, 54.1234207153, 38.8879623413, 73.2175445557, 75.5533828735]],
        "icov": [[0.000760574184824, 0.000591519114096, 0.00068035692675, -0.00100204301998, 0.00161116337404, -0.000252471218118, 0.00140853563789, -0.000277979444945, 0.00130925059784, -0.000460899551399, 0.00105190952308, -0.000247508840403, 0.00158023764379], [0.000591519114096, 0.0120439771563, -0.0144655909389, 0.0137585978955, -0.0155843775719, 0.0161736570299, -0.00927317142487, 0.00780879706144, -0.0043234564364, 0.00693802861497, -0.00248195580207, 0.00157887139358, 0.00377813261002], [0.00068035692675, -0.0144655909389, 0.0284526292235, -0.0271582007408, 0.0254482831806, -0.0210332069546, 0.0107057811692, -0.000462795636849, -0.00322554796003, 0.00808094348758, -0.0099391695112, 0.0130691919476, -0.011063778773], [-0.00100204301998, 0.0137585978955, -0.0271582007408, 0.0428770445287, -0.0331595279276, 0.022801740095, -0.00774992443621, -0.00418984191492, 0.00861227978021, -0.0154775260016, 0.0170155130327, -0.0159073024988, 0.0144090754911], [0.00161116337404, -0.0155843775719, 0.0254482831806, -0.0331595279276, 0.0463867411017, -0.0343535803258, 0.0186915509403, -0.00913729052991, 0.00109631556552, -0.00100822281092, -0.00368269300088, 0.00178123696242, -0.00954847130924], [-0.000252471218118, 0.0161736570299, -0.0210332069546, 0.022801740095, -0.0343535803258, 0.0481601729989, -0.0286649186164, 0.0153301833197, -0.0125564849004, 0.00616456661373, -0.00353001407348, -0.000791658647358, 0.00712642725557], [0.00140853563789, -0.00927317142487, 0.0107057811692, -0.00774992443621, 0.0186915509403, -0.0286649186164, 0.048898357898, -0.0406447276473, 0.0388220138848, -0.0355154313147, 0.0296366363764, -0.0133642656729, 0.00809691753238], [-0.000277979444945, 0.00780879706144, -0.000462795636849, -0.00418984191492, -0.00913729052991, 0.0153301833197, -0.0406447276473, 0.0775007754564, -0.0794453397393, 0.0692755803466, -0.0533675178885, 0.0312432534993, -0.0200473833829], [0.00130925059784, -0.0043234564364, -0.00322554796003, 0.00861227978021, 0.00109631556552, -0.0125564849004, 0.0388220138848, -0.0794453397393, 0.121637478471, -0.109119720757, 0.0861638784409, -0.0580862611532, 0.0313822291791], [-0.000460899551399, 0.00693802861497, 0.00808094348758, -0.0154775260016, -0.00100822281092, 0.00616456661373, -0.0355154313147, 0.0692755803466, -0.109119720757, 0.145859137177, -0.113545209169, 0.0706782490015, -0.0407132282853], [0.00105190952308, -0.00248195580207, -0.0099391695112, 0.0170155130327, -0.00368269300088, -0.00353001407348, 0.0296366363764, -0.0533675178885, 0.0861638784409, -0.113545209169, 0.124366432428, -0.0784949809313, 0.0396916531026], [-0.000247508840403, 0.00157887139358, 0.0130691919476, -0.0159073024988, 0.00178123696242, -0.000791658647358, -0.0133642656729, 0.0312432534993, -0.0580862611532, 0.0706782490015, -0.0784949809313, 0.0900660008192, -0.0470093116164], [0.00158023764379, 0.00377813261002, -0.011063778773, 0.0144090754911, -0.00954847130924, 0.00712642725557, 0.00809691753238, -0.0200473833829, 0.0313822291791, -0.0407132282853, 0.0396916531026, -0.0470093116164, 0.0545151457191]]
    },
    "melbands": {
        "max": [0.000275330326986, 0.00239507318474, 0.00232387427241, 0.00773328309879, 0.00581497466192, 0.00514119351283, 0.0069815069437, 0.00371664622799, 0.00784396100789, 0.00883810780942, 0.00716141378507, 0.00315619306639, 0.000239170913119, 0.000240439898334, 0.00185653183144, 0.00208860682324, 0.00285121635534, 0.00314933760092, 0.00109311100096, 9.01392340893e-05, 0.000244128706981, 0.000248928263318, 0.000613981974311, 0.00010928818665, 4.1504001274e-05, 0.000205331860343, 8.15983439679e-05, 7.55187284085e-05, 3.32516756316e-05, 7.35990615794e-05, 2.07498414966e-05, 5.79407205805e-05, 2.95775516861e-05, 4.03758131142e-05, 2.52105128311e-05, 1.58566890605e-05, 1.33672156153e-05, 2.07101475098e-05, 7.2715852184e-06, 4.96076972922e-06],
        "mean": [4.35673173342e-05, 0.000133594323415, 0.000165128309163, 0.000314101343974, 0.000294095225399, 0.000200808586669, 0.000279508705717, 0.000206198674277, 0.000350524729583, 0.000378625583835, 0.000139904237585, 0.000122906101751, 1.22502042359e-05, 1.45887806866e-05, 0.000126724145957, 0.000185609344044, 0.000164101133123, 0.00021023368754, 7.03819314367e-05, 1.3063078768e-05, 1.92366751435e-05, 3.59046098311e-05, 4.17461305915e-05, 1.23788868223e-05, 4.04757702199e-06, 1.10672590381e-05, 8.69330870046e-06, 2.87500483864e-06, 3.56271948476e-06, 6.25958318778e-06, 1.90311891402e-06, 3.39513530889e-06, 2.39316318584e-06, 2.14368196794e-06, 2.27994405577e-06, 1.49298637098e-06, 1.34951881137e-06, 1.21133018638e-06, 7.31802401788e-07, 3.8851123918e-07],
        "min": [8.17211798676e-07, 1.07936648419e-06, 2.50258267442e-07, 1.5278848764e-07, 4.47642463541e-07, 9.27407256768e-07, 8.16234944523e-07, 1.1203470649e-06, 7.91804041e-07, 3.73686248167e-07, 4.3007895556e-07, 1.14011911023e-07, 1.8363166987e-08, 2.57279584304e-08, 1.49995898369e-07, 2.83095516806e-07, 1.40804075954e-07, 2.40814443941e-07, 7.34563556648e-08, 1.0621575619e-08, 7.77703856869e-09, 2.7514431622e-08, 2.11240340775e-08, 7.49811679412e-09, 3.8058987073e-09, 6.79414435822e-09, 8.23238099912e-09, 2.68189093156e-09, 1.99279015511e-09, 4.16330481201e-09, 1.59045043802e-09, 1.65280100717e-09, 1.79658987687e-09, 8.53749682062e-10, 9.2917223915e-10, 7.25312365724e-10, 8.38115965518e-10, 5.95660243352e-10, 5.84494674882e-10, 3.66039171196e-10],
        "stdev": [3.75730123778e-05, 0.000284677487798, 0.000302219181322, 0.000727297505364, 0.000566255534068, 0.000379850593163, 0.00052042491734, 0.000349188951077, 0.000581825675908, 0.000742239295505, 0.000303441920551, 0.000270933232969, 1.86116139957e-05, 1.72269064933e-05, 0.000200075708563, 0.000250661949394, 0.000202924085897, 0.000306445464958, 9.03878826648e-05, 1.14164677143e-05, 2.0212990421e-05, 3.4470915125e-05, 5.07682925672e-05, 1.27017774503e-05, 4.92545859743e-06, 1.63216136571e-05, 9.75958027993e-06, 3.8143546135e-06, 4.24047675551e-06, 7.96026324679e-06, 2.16897069549e-06, 4.41271640739e-06, 2.53508392234e-06, 2.63953097601e-06, 2.71435919785e-06, 1.82359622158e-06, 1.6278017938e-06, 1.56983787747e-06, 7.57128873374e-07, 4.01374506964e-07]
    },
    "melbands128": {
        "max": [4.85629134346e-05, 0.000276232953183, 0.000287722737994, 0.00074125622632, 0.00316177378409, 0.00353435007855, 0.00262778555043, 0.00263783358969, 0.0043452042155, 0.0101777957752, 0.0116009674966, 0.0107141556218, 0.00876403134316, 0.0106580033898, 0.00718932272866, 0.00252483109944, 0.00622567115352, 0.0111371614039, 0.00596469035372, 0.00651851249859, 0.0025453933049, 0.0146801061928, 0.00981979165226, 0.012782689184, 0.0169490743428, 0.00822191592306, 0.0204045251012, 0.00474037835374, 0.00370819866657, 0.00544411689043, 0.00336127285846, 0.000629262824077, 0.000209901234484, 0.000169520557392, 0.000406976352679, 0.000211459220736, 0.000876701727975, 0.00154765683692, 0.00502523360774, 0.00513045163825, 0.00318653648719, 0.00272840959951, 0.00607295148075, 0.00237708445638, 0.00732914870605, 0.00496847461909, 0.00502197165042, 0.00103813991882, 0.00041506276466, 0.000164713885169, 0.000112483779958, 0.000127466613776, 0.000314800068736, 0.00033779675141, 0.000508402066771, 0.000317694735713, 0.000632258423138, 0.00159036542755, 0.000825579278171, 0.000144554069266, 0.000216762156924, 0.000123379490105, 3.61470811185e-05, 4.33135537605e-05, 0.00015961540339, 0.000199724032427, 0.000470048980787, 0.00011753050785, 0.00015172008716, 0.000172672109329, 0.000120424570923, 1.06130064523e-05, 2.03743238671e-05, 7.16295617167e-05, 0.000107205865788, 0.000170573897776, 8.27534895507e-05, 5.29272547283e-05, 1.05154049379e-05, 1.47589671542e-05, 7.65600343584e-05, 6.90888264216e-05, 5.05559874e-05, 3.00954088743e-05, 7.67542042013e-06, 3.70169509551e-05, 6.56882111798e-05, 6.83230828145e-05, 5.02572038386e-05, 1.08351305244e-05, 9.77481886366e-06, 2.40073040914e-05, 3.66534659406e-05, 1.88878311747e-05, 4.04336879001e-06, 1.51707863552e-05, 3.67014254152e-05, 1.62635697052e-05, 3.596280294e-06, 1.37875531436e-05, 1.2152848285e-05, 1.95269421965e-06, 1.42085582411e-06, 1.48275967149e-06, 3.19649439007e-06, 1.18143782402e-06, 1.44799412283e-06, 1.83884299076e-06, 1.31169429096e-06, 1.5029968381e-06, 2.23294568968e-06, 1.71362171386e-06, 6.64014760332e-06, 3.13273972097e-06, 7.09193318471e-06, 4.92746630698e-06, 1.23932375118e-06, 4.2289350688e-08, 2.54364129759e-09, 1.30534694165e-09, 1.2673777583e-09, 1.24459786921e-09, 1.23248933281e-09, 1.21773235939e-09, 1.20378207402e-09, 1.20147636284e-09, 1.18978116248e-09, 1.17497900298e-09],
        "mean": [8.5888286776e-06, 5.16185536981e-05, 5.00402129546e-05, 4.40055337094e-05, 0.000142963137478, 0.000203758143471, 0.000143408789882, 0.000147080150782, 0.000187732774066, 0.000337384728482, 0.000401145720389, 0.00030823861016, 0.000253836245975, 0.00029679745785, 0.000193018073332, 0.000132763496367, 0.000239008440985, 0.000363525672583, 0.000250318815233, 0.000199282629183, 0.000144360630657, 0.00031572766602, 0.000346406974131, 0.000373263377696, 0.000641540624201, 0.000222039758228, 0.000188722638995, 0.000105942686787, 0.00012419342238, 0.000199193469598, 0.00010159536032, 1.43605484482e-05, 1.10769551611e-05, 4.95724088978e-06, 6.37361199551e-06, 1.40641577673e-05, 3.19473801937e-05, 6.77280477248e-05, 0.00024151596881, 0.000252150261076, 0.000111120869406, 0.000201574745006, 0.000148687788169, 0.000132902656333, 0.000248537806328, 0.000223863942665, 0.000193266794668, 5.99633567617e-05, 2.94286983262e-05, 1.77806414285e-05, 9.3748276413e-06, 9.07879075385e-06, 1.61119332915e-05, 2.23338629439e-05, 3.01812160615e-05, 3.22713058267e-05, 4.14372625528e-05, 6.52869930491e-05, 3.26501467498e-05, 1.5289779185e-05, 1.4479278434e-05, 7.8696584751e-06, 2.23268807531e-06, 2.3974148462e-06, 7.43453392715e-06, 1.06454845081e-05, 1.59868432092e-05, 8.93035212357e-06, 8.06243770057e-06, 6.01605324846e-06, 3.34294577442e-06, 6.76289516832e-07, 1.27807379613e-06, 4.24623749495e-06, 5.73442366658e-06, 7.68960217101e-06, 6.41835504211e-06, 2.76946070699e-06, 8.34660227156e-07, 1.25032352116e-06, 3.05097933051e-06, 4.3183872549e-06, 4.29722967965e-06, 2.30979185289e-06, 7.17184718724e-07, 9.20194395349e-07, 3.17074523082e-06, 3.63142135029e-06, 2.62878370449e-06, 9.15851558148e-07, 6.70241433909e-07, 1.83799556908e-06, 2.58617728832e-06, 1.44717773765e-06, 4.16719529994e-07, 9.72556449597e-07, 1.68074222984e-06, 1.1939473552e-06, 4.18702114757e-07, 7.39799702387e-07, 7.39011682072e-07, 1.8891122977e-07, 1.81650321451e-07, 1.87696798548e-07, 1.92244058894e-07, 1.51725743081e-07, 1.55384498157e-07, 2.02855702014e-07, 1.54048308332e-07, 1.77610701257e-07, 2.55217315726e-07, 2.03098139195e-07, 4.88743694405e-07, 4.12147556972e-07, 5.70760732899e-07, 5.61440401725e-07, 1.32483393145e-07, 1.25068913559e-10, 5.95330815895e-12, 3.80686974999e-12, 3.66104976196e-12, 3.56707241869e-12, 3.48825590808e-12, 3.4197837704e-12, 3.37498215139e-12, 3.34590818593e-12, 3.31654820794e-12, 3.28465987048e-12],
        "min": [9.47425471409e-10, 6.45626059281e-08, 4.08782426575e-07, 5.83206428928e-07, 1.15540956358e-07, 7.44740589198e-08, 3.74030797445e-08, 2.41771154208e-08, 7.80332172212e-08, 9.88772868027e-08, 4.38983249751e-08, 1.08620014316e-07, 2.29736969004e-07, 3.21921334034e-07, 1.17474762362e-07, 3.63757578725e-07, 4.13706970903e-07, 2.73407778195e-07, 4.34059785448e-07, 3.19737864629e-07, 1.90503101294e-07, 3.50515563241e-07, 2.32013150026e-07, 6.17071236775e-07, 1.45850904687e-07, 1.78794351768e-07, 2.5280439786e-07, 1.85679851938e-07, 2.23779110797e-07, 1.39091582696e-07, 4.86573519254e-08, 2.71427058607e-08, 7.57661133832e-09, 7.06800173944e-09, 1.15793703515e-08, 5.9244338324e-09, 2.02767918012e-08, 6.82011034314e-08, 1.93792175196e-07, 1.48203625372e-07, 6.74930120681e-08, 1.10591685143e-07, 1.04565359038e-07, 1.0890629909e-07, 2.00484592483e-07, 1.71844334318e-07, 2.19133852397e-07, 2.01010159628e-08, 1.63494444649e-08, 9.53937906445e-09, 3.05563263581e-09, 2.98059421588e-09, 2.24483787115e-09, 6.53286669205e-09, 1.6923401347e-08, 1.63096594008e-08, 1.9583396238e-08, 1.28533228505e-08, 2.1425496044e-08, 9.08862496374e-09, 6.73189592959e-09, 1.94367921758e-09, 1.3221181927e-09, 7.03779257094e-10, 5.12223774507e-09, 3.78257292155e-09, 4.64703342473e-09, 6.47382991659e-09, 5.39991740212e-09, 4.53479032103e-09, 1.88566517956e-09, 4.96572449826e-10, 1.0122687133e-09, 1.27170929343e-09, 2.56507060037e-09, 2.95812774276e-09, 1.79905634834e-09, 1.13642539823e-09, 9.46332345819e-10, 7.00887292648e-10, 1.07437436725e-09, 1.64278668446e-09, 1.81184134362e-09, 1.96382088369e-09, 6.26975693585e-10, 7.38811456458e-10, 5.19803144972e-10, 8.62695304082e-10, 7.97492960558e-10, 6.67441601987e-10, 3.06499881031e-10, 7.89636689369e-10, 1.28230082108e-09, 8.57648452257e-10, 3.90326326816e-10, 4.80207706932e-10, 2.9835084403e-10, 6.07612127279e-10, 3.93491267348e-10, 3.73880204574e-10, 6.59090393373e-10, 1.843603048e-10, 1.15733207739e-10, 1.39741745953e-10, 1.79744857887e-10, 1.10701975364e-10, 1.66972879967e-10, 1.99370644993e-10, 1.6678967929e-10, 1.18467097243e-10, 9.62157437057e-11, 1.98009955654e-10, 5.23426635368e-10, 4.73160566283e-10, 4.0444239624e-10, 4.68200922477e-10, 1.2159900864e-10, 1.52579283843e-13, 6.20593054485e-14, 7.43194771675e-14, 8.88735293041e-14, 6.60135940594e-14, 9.37776603333e-14, 8.29419811912e-14, 5.40973244933e-14, 7.57219062301e-14, 6.71345913431e-14, 6.62854035441e-14],
        "stdev": [8.92625212146e-06, 5.4627256759e-05, 4.67394784209e-05, 7.05698257661e-05, 0.000349294481566, 0.000480191840325, 0.000297145248624, 0.000291120959446, 0.000459622417111, 0.000835358572658, 0.00105467776302, 0.000724339159206, 0.000590996351093, 0.000715723552275, 0.000449405575637, 0.00028159233625, 0.000457299785921, 0.000789292447735, 0.000562022556551, 0.000462438300019, 0.000257390754996, 0.000704946869519, 0.000713461602572, 0.00080630753655, 0.00143466319423, 0.000539803935681, 0.000764707801864, 0.000255790539086, 0.000254617800238, 0.000491338665597, 0.000266315066256, 2.66125171038e-05, 2.11106944334e-05, 8.403195352e-06, 1.35040972964e-05, 1.7504356947e-05, 5.24929091625e-05, 0.000128881278215, 0.000471910228953, 0.000486255303258, 0.000163614138728, 0.000302362139337, 0.000296767946566, 0.000209213831113, 0.000504826079123, 0.000382750673452, 0.000397399446229, 7.96529420768e-05, 3.77821852453e-05, 1.81275063369e-05, 1.10184873847e-05, 1.15160455607e-05, 2.15807158384e-05, 2.84354882751e-05, 3.72308531951e-05, 3.78424483642e-05, 5.37501691724e-05, 0.000110807937745, 4.27777522418e-05, 1.81121031346e-05, 2.0177112674e-05, 1.2552217413e-05, 3.36588550454e-06, 3.70322891285e-06, 1.29444433696e-05, 1.83560841833e-05, 3.42634411936e-05, 1.11731296784e-05, 1.1327420907e-05, 9.40350219025e-06, 5.68169934922e-06, 8.4786648813e-07, 1.78246045834e-06, 7.1839363045e-06, 7.80280151957e-06, 1.17179097288e-05, 1.07118139567e-05, 4.41338943347e-06, 9.35830883009e-07, 1.53796236191e-06, 5.24680353919e-06, 6.30419208392e-06, 5.28417467649e-06, 2.62248659055e-06, 8.34029947328e-07, 1.42891644828e-06, 4.50182415079e-06, 4.857469321e-06, 3.61115871783e-06, 1.21595826386e-06, 8.854533462e-07, 2.47639945883e-06, 3.57563590114e-06, 1.84276245818e-06, 5.12834049005e-07, 1.24160760606e-06, 2.52651238952e-06, 1.55297550464e-06, 4.41070937995e-07, 9.03375621419e-07, 8.9350868393e-07, 1.75968210669e-07, 1.80871069233e-07, 1.90134855416e-07, 2.33296674423e-07, 1.61618032735e-07, 1.79223263785e-07, 2.38704899402e-07, 1.67015599573e-07, 1.91573789721e-07, 2.72325081596e-07, 1.85180539347e-07, 4.88312537072e-07, 4.07446975714e-07, 6.72140345159e-07, 6.622692581e-07, 1.48582358861e-07, 1.17208032169e-09, 7.91723492322e-11, 3.62357782668e-11, 3.51644026397e-11, 3.45209798247e-11, 3.41744202381e-11, 3.37597554079e-11, 3.33695501786e-11, 3.32986728468e-11, 3.29746542571e-11, 3.25677401714e-11]
    },
    "mfcc": {
        "mean": [-639.09173584, 88.9030303955, -29.3341846466, -6.66065216064, -1.34326350689, 2.10188555717, -15.7953119278, -7.99883651733, -3.36800217628, 12.0548143387, 13.0299892426, 4.48305034637, -13.0436668396],
        "cov": [[3943.32983398, -451.73916626, 119.702110291, -52.3286705017, -359.148010254, -177.317321777, -168.883743286, -186.520141602, -343.09942627, -35.7901687622, -90.6472167969, -182.798492432, -282.484436035], [-451.73916626, 1020.6887207, 548.449707031, 112.352508545, -162.538375854, -93.5149993896, -8.37127113342, -156.024093628, -223.606628418, -92.6189727783, -130.811767578, -214.331268311, -187.513168335], [119.702110291, 548.449707031, 488.521911621, 87.4398880005, -153.749328613, -74.8058013916, -20.4786701202, -132.902587891, -183.59475708, -57.719455719, -99.137260437, -157.56036377, -165.790298462], [-52.3286705017, 112.352508545, 87.4398880005, 88.3005371094, 11.0040397644, -10.735496521, -4.2522110939, -19.0222225189, -20.0874214172, -14.1405878067, -19.8191261292, -14.93126297, -14.1329307556], [-359.148010254, -162.538375854, -153.749328613, 11.0040397644, 176.819656372, 66.0819396973, 17.9679355621, 63.70362854, 110.762863159, 16.6563453674, 37.48387146, 93.0119171143, 110.13759613], [-177.317321777, -93.5149993896, -74.8058013916, -10.735496521, 66.0819396973, 76.0235977173, 30.3167724609, 30.9751567841, 50.5338287354, 14.396027565, 25.2394351959, 39.846534729, 45.3397827148], [-168.883743286, -8.37127113342, -20.4786701202, -4.2522110939, 17.9679355621, 30.3167724609, 55.5294151306, 25.5008354187, 23.2821311951, 8.15705394745, 11.456782341, 14.3161487579, 17.2270469666], [-186.520141602, -156.024093628, -132.902587891, -19.0222225189, 63.70362854, 30.9751567841, 25.5008354187, 98.559677124, 95.4990997314, 22.7646274567, 39.3577232361, 61.4103622437, 59.3691520691], [-343.09942627, -223.606628418, -183.59475708, -20.0874214172, 110.762863159, 50.5338287354, 23.2821311951, 95.4990997314, 166.393829346, 40.3576927185, 49.0271682739, 99.5417175293, 101.01109314], [-35.7901687622, -92.6189727783, -57.719455719, -14.1405878067, 16.6563453674, 14.396027565, 8.15705394745, 22.7646274567, 40.3576927185, 52.8006286621, 31.7058353424, 20.5098285675, 18.7888526917], [-90.6472167969, -130.811767578, -99.137260437, -19.8191261292, 37.48387146, 25.2394351959, 11.456782341, 39.3577232361, 49.0271682739, 31.7058353424, 66.2656784058, 48.225402832, 39.3504943848], [-182.798492432, -214.331268311, -157.56036377, -14.93126297, 93.0119171143, 39.846534729, 14.3161487579, 61.4103622437, 99.5417175293, 20.5098285675, 48.225402832, 118.897018433, 96.5339584351], [-282.484436035, -187.513168335, -165.790298462, -14.1329307556, 110.13759613, 45.3397827148, 17.2270469666, 59.3691520691, 101.01109314, 18.7888526917, 39.3504943848, 96.5339584351, 134.349136353]],
        "icov": [[0.000652702932712, 0.00101052573882, -0.000117985109682, -0.000194825581275, 0.000487798679387, 0.000265475915512, 0.000844668305945, -7.42762713344e-05, 0.00136567745358, -4.19501593569e-05, 0.000669991131872, 5.98602637183e-05, 0.000791554397438], [0.00101052573882, 0.00451189652085, -0.00279046758078, -0.000704653502908, -0.000119023556181, 0.00163591606542, -0.000379741977667, 0.000326164445141, 0.00178461533505, 0.00182454334572, 0.000663221231662, 0.00279346434399, 0.000556102138944], [-0.000117985109682, -0.00279046758078, 0.00839669909328, -0.00380166084506, 0.00196877424605, -0.000855755410157, -0.000619768339675, 0.00247613992542, 0.000522032671142, -0.00075481843669, 0.00230412720703, -0.000731716281734, 0.00304308906198], [-0.000194825581275, -0.000704653502908, -0.00380166084506, 0.0171468276531, -0.00652000959963, 0.00316846417263, -0.000512057857122, 6.84698752593e-05, 6.87735446263e-05, 4.96156644658e-05, 0.000804872601293, -0.00136257440317, 0.00071507593384], [0.000487798679387, -0.000119023556181, 0.00196877424605, -0.00652000959963, 0.018661275506, -0.00932039599866, 0.0044750017114, -0.000753140600864, -0.00299364584498, 0.00169231370091, 0.000958473654464, -0.00223643356003, -0.0064503364265], [0.000265475915512, 0.00163591606542, -0.000855755410157, 0.00316846417263, -0.00932039599866, 0.0270129684359, -0.0122039057314, 0.00378830125555, -0.0010703203734, 0.000492534018122, -0.00312790693715, 0.00162509887014, 0.00101833743975], [0.000844668305945, -0.000379741977667, -0.000619768339675, -0.000512057857122, 0.0044750017114, -0.0122039057314, 0.0285663753748, -0.00860403943807, 0.00354037154466, -0.00259249610826, 0.00157110905275, -0.00100068503525, -0.00102392374538], [-7.42762713344e-05, 0.000326164445141, 0.00247613992542, 6.84698752593e-05, -0.000753140600864, 0.00378830125555, -0.00860403943807, 0.0282885283232, -0.0139749767259, 0.00471277628094, -0.00606263428926, 0.00114671280608, 0.00210318784229], [0.00136567745358, 0.00178461533505, 0.000522032671142, 6.87735446263e-05, -0.00299364584498, -0.0010703203734, 0.00354037154466, -0.0139749767259, 0.0272640306503, -0.0102653354406, 0.00675563653931, -0.00723784510046, -0.00129037443548], [-4.19501593569e-05, 0.00182454334572, -0.00075481843669, 4.96156644658e-05, 0.00169231370091, 0.000492534018122, -0.00259249610826, 0.00471277628094, -0.0102653354406, 0.0326425433159, -0.0145330308005, 0.00696095824242, 0.000636356999166], [0.000669991131872, 0.000663221231662, 0.00230412720703, 0.000804872601293, 0.000958473654464, -0.00312790693715, 0.00157110905275, -0.00606263428926, 0.00675563653931, -0.0145330308005, 0.0325601436198, -0.00965241808444, 0.00236188713461], [5.98602637183e-05, 0.00279346434399, -0.000731716281734, -0.00136257440317, -0.00223643356003, 0.00162509887014, -0.00100068503525, 0.00114671280608, -0.00723784510046, 0.00696095824242, -0.00965241808444, 0.0307886246592, -0.010942091234], [0.000791554397438, 0.000556102138944, 0.00304308906198, 0.00071507593384, -0.0064503364265, 0.00101833743975, -0.00102392374538, 0.00210318784229, -0.00129037443548, 0.000636356999166, 0.00236188713461, -0.010942091234, 0.0259119998664]]
    },
    "spectral_contrast_coeffs": {
        "max": [-0.402734011412, -0.567189693451, -0.443589180708, -0.554857373238, -0.63819372654, -0.687394559383],
        "mean": [-0.743179738522, -0.805897831917, -0.756576478481, -0.761706888676, -0.763360857964, -0.763081669807],
        "min": [-0.923586964607, -0.916492164135, -0.90257447958, -0.889769256115, -0.892416357994, -0.849075078964],
        "stdev": [0.102604754269, 0.0602219067514, 0.0689475610852, 0.0668963342905, 0.0328346416354, 0.0237033274025]
    },
    "spectral_contrast_valleys": {
        "max": [-5.42328929901, -4.62389612198, -6.3316192627, -6.04165029526, -6.54435920715, -8.741147995],
        "mean": [-7.74594831467, -6.40752315521, -7.51793527603, -7.00146532059, -7.54013824463, -9.98855876923],
        "min": [-9.35242938995, -8.38744831085, -10.376786232, -10.0510606766, -10.6331319809, -13.1445646286],
        "stdev": [0.77421849966, 0.72892677784, 0.484120100737, 0.645390927792, 0.621501207352, 0.666932821274]
    }
},
"rhythm": {
    "beats_count": 67,
    "beats_loudness": {
        "max": 0.0706582739949,
        "mean": 0.0226388312876,
        "min": 0.00200504134409,
        "stdev": 0.0194516498595
    },
    "bpm": 136.802719116,
    "bpm_histogram_first_peak_bpm": 136,
    "bpm_histogram_first_peak_weight": 0.526315808296,
    "bpm_histogram_second_peak_bpm": 123,
    "bpm_histogram_second_peak_spread": 0.375,
    "bpm_histogram_second_peak_weight": 0.151515156031,
    "danceability": 0.887289106846,
    "onset_rate": 2.11989116669,
    "beats_loudness_band_ratio": {
        "max": [0.458786487579, 0.577325105667, 0.812905967236, 0.496441155672, 0.57144087553, 0.152885913849],
        "mean": [0.0668177306652, 0.116769067943, 0.266627430916, 0.23362582922, 0.278885602951, 0.0677085444331],
        "min": [0.00809364113957, 0.00621023029089, 0.0530967004597, 0.0158830340952, 0.0048189740628, 0.00221103639342],
        "stdev": [0.0740821436048, 0.147053420544, 0.186991423368, 0.116540931165, 0.173923999071, 0.0316613875329]
    },
    "beats_position": [0.441179126501, 0.882358253002, 1.3235373497, 1.764716506, 2.19428563118, 2.62385487556, 3.04181408882, 3.47138309479, 3.90095233917, 4.31891155243, 4.73687076569, 5.15482997894, 5.58439922333, 6.01396799088, 6.45514726639, 6.88471651077, 7.31428575516, 7.75546455383, 8.18503379822, 8.62621307373, 9.04417228699, 9.47374153137, 9.89170074463, 10.3096599579, 10.7392292023, 11.1804075241, 11.6099767685, 12.0395460129, 12.4575052261, 12.8754644394, 13.3050336838, 13.7578229904, 14.1990022659, 14.6517915726, 15.1161899567, 15.5689792633, 16.0217685699, 16.4861679077, 16.9505672455, 17.4033565521, 17.8561439514, 18.2973232269, 18.7385025024, 19.179681778, 19.6208610535, 20.062040329, 20.5032196045, 20.94439888, 21.3855781555, 21.826757431, 22.2679367065, 22.7671642303, 23.2663936615, 23.7656230927, 24.2648525238, 24.7524719238, 25.2400894165, 25.7277088165, 26.2153282166, 26.7029476166, 27.1789569855, 27.6549663544, 28.142583847, 28.6302032471, 29.1178226471, 29.6054420471, 30.0930614471],
