{
"metadata": {
    "version": {
        "essentia": "2.1-beta5",
        "essentia_git_sha": "Undefined",
        "extractor": "music 2.0"
    },
    "audio_properties": {
        "analysis": {
            "equal_loudness": 0,
            "length": 32.4963264465,
            "sample_rate": 44100,
            "start_time": 61.4980506897,
            "downmix": "mix"
        },
        "bit_rate": 192000,
        "length": 260.028656006,
        "lossless": 0,
        "number_channels": 2,
        "replay_gain": -6.40380096436,
        "sample_rate": 48000,
        "codec": "mp3",
        "md5_encoded": "324a5e6e0f88862e55d44e1f226a0219"
    },
    "tags": {
        "file_name": "Italy_We_ll Live It All Again_Romina and Al Bano.mp3",
        "encoding": ["Lavf58.29.100"]
    }
},
"lowlevel": {
    "average_loudness": 0.859178125858,
    "barkbands_crest": {
        "max": 24.6567001343,
        "mean": 12.8295898438,
        "min": 3.95594644547,
        "stdev": 4.55022001266
    },
    "barkbands_flatness_db": {
        "max": 0.358435750008,
        "mean": 0.190216258168,
        "min": 0.0448180660605,
        "stdev": 0.0493808872998
    },
    "barkbands_kurtosis": {
        "max": 193.732559204,
        "mean": 21.0497722626,
        "min": -1.89900946617,
        "stdev": 22.2705974579
    },
    "barkbands_skewness": {
        "max": 10.8031396866,
        "mean": 3.12966299057,
        "min": -2.5605006218,
        "stdev": 1.96945559978
    },
    "barkbands_spread": {
        "max": 87.5514907837,
        "mean": 9.93668460846,
        "min": 0.680422604084,
        "stdev": 11.677447319
    },
    "dissonance": {
        "max": 0.499999970198,
        "mean": 0.424609065056,
        "min": 0.239877685905,
        "stdev": 0.0489394553006
    },
    "dynamic_complexity": 5.64074897766,
    "erbbands_crest": {
        "max": 32.183429718,
        "mean": 11.8802881241,
        "min": 2.70738363266,
        "stdev": 5.55360078812
    },
    "erbbands_flatness_db": {
        "max": 0.343745917082,
        "mean": 0.183285877109,
        "min": 0.0635804980993,
        "stdev": 0.0568728260696
    },
    "erbbands_kurtosis": {
        "max": 147.340377808,
        "mean": 7.2299823761,
        "min": -1.85892486572,
        "stdev": 13.2492227554
    },
    "erbbands_skewness": {
        "max": 9.47693920135,
        "mean": 1.6995177269,
        "min": -3.83722281456,
        "stdev": 1.51611423492
    },
    "erbbands_spread": {
        "max": 134.44468689,
        "mean": 31.2857341766,
        "min": 1.54801559448,
        "stdev": 24.8557071686
    },
    "hfc": {
        "max": 124.656288147,
        "mean": 12.2453699112,
        "min": 0.00746314693242,
        "stdev": 13.3612232208
    },
    "loudness_ebu128": {
        "integrated": -18.4483737946,
        "loudness_range": 7.95402145386,
        "momentary": {
            "max": -14.7444076538,
            "mean": -21.6462688446,
            "min": -45.8081512451,
            "stdev": 7.64530658722
        },
        "short_term": {
            "max": -16.4064159393,
            "mean": -20.3926620483,
            "min": -42.8561248779,
            "stdev": 5.09944677353
        }
    },
    "melbands_crest": {
        "max": 35.4432945251,
        "mean": 15.6276988983,
        "min": 5.17300081253,
        "stdev": 5.97316026688
    },
    "melbands_flatness_db": {
        "max": 0.475586920977,
        "mean": 0.275341302156,
        "min": 0.0887303799391,
        "stdev": 0.0613410919905
    },
    "melbands_kurtosis": {
        "max": 329.031890869,
        "mean": 35.5728416443,
        "min": -1.78109014034,
        "stdev": 41.3031158447
    },
    "melbands_skewness": {
        "max": 13.9294757843,
        "mean": 3.52796316147,
        "min": -1.96148574352,
        "stdev": 2.57071781158
    },
    "melbands_spread": {
        "max": 121.744041443,
        "mean": 9.60235404968,
        "min": 0.67760437727,
        "stdev": 10.9438047409
    },
    "pitch_salience": {
        "max": 0.860559880733,
        "mean": 0.558621346951,
        "min": 0.093854598701,
        "stdev": 0.140461653471
    },
    "silence_rate_20dB": {
        "max": 1,
        "mean": 1,
        "min": 1,
        "stdev": 0
    },
    "silence_rate_30dB": {
        "max": 1,
        "mean": 1,
        "min": 1,
        "stdev": 0
    },
    "silence_rate_60dB": {
        "max": 1,
        "mean": 0.141327619553,
        "min": 0,
        "stdev": 0.348359763622
    },
    "spectral_centroid": {
        "max": 3315.95532227,
        "mean": 646.911804199,
        "min": 201.487930298,
        "stdev": 351.966033936
    },
    "spectral_complexity": {
        "max": 33,
        "mean": 9.17059230804,
        "min": 0,
        "stdev": 4.6602101326
    },
    "spectral_decrease": {
        "max": -6.75450233939e-12,
        "mean": -5.32078026083e-09,
        "min": -2.90273174386e-08,
        "stdev": 4.83959716746e-09
    },
    "spectral_energy": {
        "max": 0.114798828959,
        "mean": 0.0211925599724,
        "min": 2.61699806288e-05,
        "stdev": 0.0191124230623
    },
    "spectral_energyband_high": {
        "max": 0.0129043851048,
        "mean": 0.000399221113184,
        "min": 3.3075920669e-07,
        "stdev": 0.00102264806628
    },
    "spectral_energyband_low": {
        "max": 0.0116295786574,
        "mean": 0.00118327408563,
        "min": 1.81799787242e-05,
        "stdev": 0.0017499118112
    },
    "spectral_energyband_middle_high": {
        "max": 0.0391753539443,
        "mean": 0.0013206548756,
        "min": 5.55794542834e-07,
        "stdev": 0.00262510892935
    },
    "spectral_energyband_middle_low": {
        "max": 0.105339698493,
        "mean": 0.0186192505062,
        "min": 2.40647227656e-06,
        "stdev": 0.0180047675967
    },
    "spectral_entropy": {
        "max": 8.75922298431,
        "mean": 6.9433760643,
        "min": 5.08448934555,
        "stdev": 0.580914139748
    },
    "spectral_flux": {
        "max": 0.245177835226,
        "mean": 0.0592847578228,
        "min": 0.00287439092062,
        "stdev": 0.0391030833125
    },
    "spectral_kurtosis": {
        "max": 30.6049995422,
        "mean": 7.64042615891,
        "min": -0.600713729858,
        "stdev": 5.26189184189
    },
    "spectral_rms": {
        "max": 0.0105829508975,
        "mean": 0.00400904286653,
        "min": 0.000159786388394,
        "stdev": 0.00214551459067
    },
    "spectral_rolloff": {
        "max": 11563.3300781,
        "mean": 804.920776367,
        "min": 64.599609375,
        "stdev": 1303.22839355
    },
    "spectral_skewness": {
        "max": 4.64756155014,
        "mean": 2.2640607357,
        "min": 0.455390959978,
        "stdev": 0.716089248657
    },
    "spectral_spread": {
        "max": 29401414,
        "mean": 5042324,
        "min": 2030088.25,
        "stdev": 1942682.25
    },
    "spectral_strongpeak": {
        "max": 11.2452487946,
        "mean": 1.11159312725,
        "min": 0.00299896136858,
        "stdev": 1.03796505928
    },
    "zerocrossingrate": {
        "max": 0.28955078125,
        "mean": 0.0404461361468,
        "min": 0.0048828125,
        "stdev": 0.0305832941085
    },
    "barkbands": {
        "max": [0.000136830494739, 0.0014368846314, 0.0103230644017, 0.00888744182885, 0.0807687267661, 0.0387777201831, 0.0579282604158, 0.0519732013345, 0.0202893987298, 0.0105416839942, 0.00320674362592, 0.00343017745763, 0.00551527831703, 0.0302025284618, 0.0257758535445, 0.00521667208523, 0.00497135287151, 0.00101087091025, 0.000446394726168, 0.000468581332825, 0.00114990712609, 0.00120534724556, 0.00286834221333, 0.00563441449776, 0.00240584998392, 0.00195738463663, 0.000334599957569],
        "mean": [1.00550860225e-05, 0.000172112268046, 0.000770386250224, 0.000722522905562, 0.0064433910884, 0.0047301161103, 0.00327376066707, 0.00213842326775, 0.0010929570999, 0.000349416193785, 5.55175029149e-05, 6.67490967317e-05, 0.000243260612478, 0.000373873481294, 0.000154249806656, 2.55172253674e-05, 8.75517580425e-05, 4.52658568975e-05, 1.7053584088e-05, 2.92096719932e-05, 3.80983910873e-05, 4.46387748525e-05, 9.71522094915e-05, 0.000118339041364, 3.93872214772e-05, 4.84132506244e-05, 5.14123712492e-06],
        "min": [1.284680895e-08, 4.35622587247e-06, 4.78617266708e-07, 1.22587891838e-07, 3.64093551752e-07, 2.83750438257e-07, 9.1583963524e-08, 6.25328482329e-08, 3.07372687303e-08, 2.11074624445e-08, 1.11199049968e-08, 1.6892219179e-08, 2.58711931878e-08, 2.61314330174e-08, 3.78928213252e-08, 4.81193325186e-08, 1.44265541735e-08, 1.17019975931e-08, 1.52867709602e-08, 5.24624397258e-08, 2.80397607355e-08, 4.2125748223e-08, 3.28143521244e-08, 5.67809870233e-08, 1.99778131815e-08, 2.74399063471e-08, 3.88860221801e-10],
        "stdev": [1.13302294267e-05, 0.000161803764058, 0.00149899697863, 0.000965352286585, 0.0089873149991, 0.00574161112309, 0.00561539689079, 0.00474225869402, 0.00221968325786, 0.000910442788154, 0.000184162679943, 0.000223057722906, 0.000518142536748, 0.00159994652495, 0.00104433589149, 0.0002323359804, 0.000261506036622, 9.40821337281e-05, 3.34999385814e-05, 5.20273097209e-05, 9.17228244361e-05, 0.000129283216665, 0.000214887200855, 0.00038203492295, 0.000156278270879, 0.000153479646542, 1.53640121425e-05]
    },
    "erbbands": {
        "max": [0.0387018062174, 0.432649195194, 9.11559009552, 18.9819297791, 127.359893799, 320.852142334, 674.605163574, 352.756225586, 806.899658203, 1376.6730957, 1277.20544434, 519.008239746, 456.238128662, 145.209869385, 134.624984741, 127.917068481, 209.119232178, 1628.83447266, 544.56817627, 1249.1862793, 281.598571777, 277.478118896, 60.8123245239, 55.8362045288, 26.3695259094, 16.8868370056, 41.086315155, 42.0675468445, 57.7616882324, 44.7590560913, 85.9837646484, 166.251739502, 115.860618591, 46.6798324585, 5.52841901779, 4.19366073608, 4.9534201622, 1.30726599693, 0.0565600916743, 0.00494342204183],
        "mean": [0.00537644978613, 0.0507784225047, 0.66569852829, 1.74125766754, 7.95113372803, 24.7950706482, 39.28540802, 34.9023590088, 50.2175102234, 49.6246337891, 41.2958374023, 22.470457077, 14.5009078979, 4.98310661316, 1.11617803574, 3.22863841057, 10.0162000656, 21.6033840179, 10.738284111, 4.59172391891, 1.98057365417, 5.2635679245, 3.09628582001, 0.773032784462, 1.48005902767, 1.27303826809, 1.53424489498, 1.26348233223, 1.96276581287, 1.83313381672, 3.04417848587, 2.66660809517, 1.75862634182, 0.713578164577, 0.144341379404, 0.088632799685, 0.10149794817, 0.0282280836254, 0.00110979180317, 7.68265745137e-05],
        "min": [0.000130163374706, 0.000737378140911, 0.00178473105188, 0.000958222430199, 0.000908948888537, 0.0006192366709, 0.00154196936637, 0.00228828028776, 0.00182768621016, 0.000956085976213, 0.00117383326869, 0.000781009730417, 0.000806927797385, 0.000650540692732, 0.000687083636876, 0.00103987730108, 0.00120055756997, 0.00198403862305, 0.00139488419518, 0.00336856767535, 0.0014027711004, 0.000915236305445, 0.000903601583559, 0.000744359975215, 0.00117113650776, 0.00283253728412, 0.000999565701932, 0.00109398644418, 0.00139401725028, 0.00132773583755, 0.000893303309567, 0.00110484822653, 0.000809773220681, 0.000306574715069, 8.25648749014e-05, 3.6336852645e-05, 5.95275669184e-05, 1.30210728457e-05, 4.5998223186e-07, 6.66097861313e-08],
        "stdev": [0.00535335345194, 0.0622883699834, 1.28140234947, 2.12335634232, 13.1279449463, 37.2932510376, 60.0177001953, 42.5423660278, 80.2427368164, 107.101425171, 83.1745071411, 41.5388526917, 35.5401916504, 11.4887142181, 4.46639585495, 9.0270986557, 19.8882637024, 85.6548538208, 33.6926422119, 45.8802604675, 12.6041173935, 15.0476121902, 5.95043611526, 2.44906783104, 2.59601736069, 2.19010782242, 3.26678967476, 3.37225580215, 5.76361989975, 4.32224941254, 6.61625576019, 8.52576065063, 6.31587839127, 3.03930139542, 0.428076416254, 0.235011696815, 0.364546447992, 0.0874624252319, 0.00316827534698, 0.000218928485992]
    },
    "gfcc": {
        "mean": [-70.3253707886, 90.7841796875, -77.4446640015, 5.81735372543, -72.3666381836, -4.96009874344, -53.7584381104, -5.77299404144, -15.469414711, 7.42775297165, -14.7246265411, -3.76930499077, -20.4000015259],
        "cov": [[11571.1445312, -1106.25476074, -349.14553833, -1097.67004395, -1746.36767578, -1055.89709473, -1115.23522949, -646.170166016, -256.722198486, -247.917373657, -344.181610107, -364.903747559, -454.841552734], [-1106.25476074, 859.868835449, -100.771751404, -145.836914062, 205.084213257, 6.3485994339, 144.471343994, 22.1640644073, 15.2065286636, -2.51898550987, 40.7279167175, 2.53334403038, 23.0898113251], [-349.14553833, -100.771751404, 595.492248535, 259.206634521, -132.38130188, 13.9698762894, -35.8344573975, -82.5840988159, 25.5745735168, -9.34411048889, 24.7468166351, -48.066444397, -16.2815685272], [-1097.67004395, -145.836914062, 259.206634521, 423.874511719, 196.628616333, 127.99294281, 65.8705444336, 41.2191085815, 22.5312480927, -10.9816160202, 13.0411262512, 23.8974552155, 12.1247529984], [-1746.36767578, 205.084213257, -132.38130188, 196.628616333, 512.749450684, 250.411590576, 161.62159729, 142.59866333, 35.2180900574, 1.87115466595, 31.1216850281, 88.4643554688, 81.7265625], [-1055.89709473, 6.3485994339, 13.9698762894, 127.99294281, 250.411590576, 275.823760986, 150.418273926, 40.2076072693, -9.46749305725, 12.2669353485, -5.84777784348, 28.5733566284, 31.3707122803], [-1115.23522949, 144.471343994, -35.8344573975, 65.8705444336, 161.62159729, 150.418273926, 252.344818115, 107.652946472, -4.44419384003, 31.7717018127, 18.1736354828, 27.1986885071, 35.2604598999], [-646.170166016, 22.1640644073, -82.5840988159, 41.2191085815, 142.59866333, 40.2076072693, 107.652946472, 190.035888672, 62.857749939, -0.35086530447, 25.2565689087, 56.7256622314, 52.0559883118], [-256.722198486, 15.2065286636, 25.5745735168, 22.5312480927, 35.2180900574, -9.46749305725, -4.44419384003, 62.857749939, 97.1667404175, 37.1123847961, 27.9743156433, 24.9771823883, 13.7755899429], [-247.917373657, -2.51898550987, -9.34411048889, -10.9816160202, 1.87115466595, 12.2669353485, 31.7717018127, -0.35086530447, 37.1123847961, 105.31350708, 46.7368125916, 3.0830552578, 2.67934250832], [-344.181610107, 40.7279167175, 24.7468166351, 13.0411262512, 31.1216850281, -5.84777784348, 18.1736354828, 25.2565689087, 27.9743156433, 46.7368125916, 86.2150192261, 51.6318092346, 26.542383194], [-364.903747559, 2.53334403038, -48.066444397, 23.8974552155, 88.4643554688, 28.5733566284, 27.1986885071, 56.7256622314, 24.9771823883, 3.0830552578, 51.6318092346, 129.093231201, 64.1955337524], [-454.841552734, 23.0898113251, -16.2815685272, 12.1247529984, 81.7265625, 31.3707122803, 35.2604598999, 52.0559883118, 13.7755899429, 2.67934250832, 26.542383194, 64.1955337524, 95.6393737793]],
        "icov": [[0.000479580339743, 0.00039805463166, 0.000243428599788, 0.000649351510219, 0.000617623212747, 0.000368144304957, 0.00086395413382, 0.000127241321024, 0.000305561115965, 0.000527882075403, 0.000582992681302, -0.000255724473391, 0.00105854589492], [0.00039805463166, 0.00448842020705, -0.00194677757099, 0.00517022004351, -0.0058460929431, 0.0060139275156, -0.00542996963486, 0.00545043498278, -0.00308770663105, 0.00380552024581, -0.000710117048584, 0.00055282167159, 0.00204501883127], [0.000243428599788, -0.00194677757099, 0.00774212367833, -0.00706199835986, 0.00859699212015, -0.00596664845943, 0.0023951169569, 0.00152689521201, -0.00458561303094, 0.0046121631749, -0.00613252446055, 0.00437048729509, -0.0039627244696], [0.000649351510219, 0.00517022004351, -0.00706199835986, 0.0129760270938, -0.0109716579318, 0.00850585941225, -0.00501252897084, 0.00350993312895, 0.000353188341251, 0.00122056750115, 0.00379920960404, -0.00291367666796, 0.00633214553818], [0.000617623212747, -0.0058460929431, 0.00859699212015, -0.0109716579318, 0.0194868128747, -0.0148549638689, 0.010329307057, -0.00738753704354, 0.000586980138905, 0.000771704653744, -0.00391777511686, 0.00182164111175, -0.0046051191166], [0.000368144304957, 0.0060139275156, -0.00596664845943, 0.00850585941225, -0.0148549638689, 0.0197473354638, -0.0119035728276, 0.00919594243169, -0.00145071884617, 0.000762385490816, 0.00603507971391, -0.00285395164974, 0.00423314329237], [0.00086395413382, -0.00542996963486, 0.0023951169569, -0.00501252897084, 0.010329307057, -0.0119035728276, 0.021171528846, -0.0161745678633, 0.0132200792432, -0.00987046584487, 0.00358388083987, -0.00171514158137, 0.00106789637357], [0.000127241321024, 0.00545043498278, 0.00152689521201, 0.00350993312895, -0.00738753704354, 0.00919594243169, -0.0161745678633, 0.0247960817069, -0.0190023556352, 0.0143233975396, -0.0060427589342, 0.00303013180383, -0.00315350387245], [0.000305561115965, -0.00308770663105, -0.00458561303094, 0.000353188341251, 0.000586980138905, -0.00145071884617, 0.0132200792432, -0.0190023556352, 0.0307559669018, -0.0183924976736, 0.00904106348753, -0.00703633343801, 0.0051154633984], [0.000527882075403, 0.00380552024581, 0.0046121631749, 0.00122056750115, 0.000771704653744, 0.000762385490816, -0.00987046584487, 0.0143233975396, -0.0183924976736, 0.0284320618957, -0.0177383888513, 0.00903049763292, -0.00213038735092], [0.000582992681302, -0.000710117048584, -0.00613252446055, 0.00379920960404, -0.00391777511686, 0.00603507971391, 0.00358388083987, -0.0060427589342, 0.00904106348753, -0.0177383888513, 0.0322959907353, -0.0147475907579, 0.0048850835301], [-0.000255724473391, 0.00055282167159, 0.00437048729509, -0.00291367666796, 0.00182164111175, -0.00285395164974, -0.00171514158137, 0.00303013180383, -0.00703633343801, 0.00903049763292, -0.0147475907579, 0.0197459086776, -0.0102742994204], [0.00105854589492, 0.00204501883127, -0.0039627244696, 0.00633214553818, -0.0046051191166, 0.00423314329237, 0.00106789637357, -0.00315350387245, 0.0051154633984, -0.00213038735092, 0.0048850835301, -0.0102742994204, 0.0222519896924]]
    },
    "melbands": {
        "max": [0.000342217215803, 0.00314444256946, 0.00412742933258, 0.0119148250669, 0.0238634310663, 0.00914810784161, 0.01134952344, 0.0133534437045, 0.00930489320308, 0.00370956794359, 0.00222523207776, 0.000736923131626, 0.00051631469978, 0.000194049192942, 0.000610531948041, 0.000734085857403, 0.00371154816821, 0.000634476949926, 0.00236574793234, 0.000745717727114, 0.000261459033936, 0.000309156079311, 0.000125497928821, 5.48146672372e-05, 4.76779459859e-05, 1.52780849021e-05, 2.60107754002e-05, 1.10122755359e-05, 2.03022082133e-05, 4.11579894717e-05, 1.83489064511e-05, 3.64266816177e-05, 2.40168737946e-05, 3.68605105905e-05, 5.94557604927e-05, 0.000111628651212, 8.04417795734e-05, 9.31198810576e-05, 4.16846487497e-05, 3.49007059413e-05],
        "mean": [4.54427754448e-05, 0.000249718053965, 0.000464413431473, 0.0011531803757, 0.00138065300416, 0.000851824064739, 0.000737456255592, 0.000526892661583, 0.000332325289492, 0.000127304403577, 6.96015486028e-05, 2.03262679861e-05, 4.89227113576e-06, 3.30391230818e-06, 1.43379920701e-05, 2.8000864404e-05, 4.33076893387e-05, 1.72709515027e-05, 1.10565470095e-05, 2.24688346862e-06, 2.16819580601e-06, 5.86473424846e-06, 3.84498071071e-06, 1.81084885753e-06, 4.28115640716e-07, 7.67025085224e-07, 1.4750282844e-06, 6.27716929102e-07, 7.89255182099e-07, 1.14869487788e-06, 5.27912220605e-07, 1.12024122245e-06, 8.54204472489e-07, 1.27304508624e-06, 2.21300933845e-06, 1.41884549976e-06, 1.45486774272e-06, 1.35154846248e-06, 8.26526274977e-07, 4.6425074629e-07],
        "min": [1.40439806273e-06, 1.66442191585e-06, 1.67788073213e-07, 7.59124745286e-08, 5.9340145242e-08, 5.65086715199e-08, 2.70812119396e-08, 9.00388563707e-09, 8.17854228785e-09, 4.71602801255e-09, 4.16364809297e-09, 2.73442313237e-09, 1.58242641213e-09, 1.87839166443e-09, 2.82610668201e-09, 3.01745606279e-09, 2.84280998741e-09, 1.681871864e-09, 3.49312290204e-09, 4.05273814508e-09, 8.04227406892e-10, 8.27968082984e-10, 9.49061607081e-10, 5.75772485245e-10, 4.54041165776e-10, 6.10193562345e-10, 9.63900403939e-10, 1.68347114027e-09, 4.05402073023e-10, 6.97510771364e-10, 5.09615905031e-10, 5.5259147258e-10, 8.99017027489e-10, 5.42666744874e-10, 5.09669972892e-10, 5.21531262621e-10, 6.22806695105e-10, 4.31867042128e-10, 4.19618145786e-10, 1.73326270003e-10],
        "stdev": [4.16002912971e-05, 0.000446971418569, 0.000579418498091, 0.00167001353111, 0.00201077875681, 0.00103899510577, 0.00115938019007, 0.00116869865451, 0.000673941802233, 0.000252996396739, 0.000176974455826, 5.2736759244e-05, 1.97260997084e-05, 9.93283356365e-06, 4.02150217269e-05, 6.61434387439e-05, 0.000194246385945, 4.83239637106e-05, 9.62647900451e-05, 2.59605858446e-05, 1.28177298393e-05, 1.78733025678e-05, 8.0301269918e-06, 4.02842488256e-06, 1.96293649424e-06, 1.41044688462e-06, 2.8704066608e-06, 1.11260567337e-06, 1.55042368988e-06, 3.10486643684e-06, 1.4226912981e-06, 3.36857601724e-06, 2.54670726463e-06, 3.00797000818e-06, 4.73703630632e-06, 5.2251384659e-06, 4.4694911594e-06, 4.91734090247e-06, 3.18328170579e-06, 2.11185260923e-06]
    },
    "melbands128": {
        "max": [8.92853713594e-05, 0.000372779497411, 0.000461614195956, 0.00081596581731, 0.00401130737737, 0.00503890495747, 0.00341532076709, 0.00596126541495, 0.0151170268655, 0.0194551479071, 0.0196663364768, 0.0385554172099, 0.0297599770129, 0.0120492698625, 0.00990498159081, 0.0192380528897, 0.0220722220838, 0.0182810015976, 0.0187694784254, 0.0219216700643, 0.0197432599962, 0.0153872426599, 0.0133180692792, 0.0072495858185, 0.00431782053784, 0.0079179611057, 0.00532617140561, 0.00400704797357, 0.00341109186411, 0.00153190398123, 0.000568064802792, 0.000557094463147, 0.00101980718318, 0.000300358515233, 5.77138853259e-05, 0.00032595905941, 0.00043796558748, 0.0013268343173, 0.000214001134736, 0.000481780909467, 0.00151956966147, 0.000396154035116, 0.00475765857846, 0.00584469735622, 0.0007496647886, 0.00117185583804, 0.000900177808944, 0.00343313184567, 0.00328727322631, 0.00103886227589, 0.000430717889685, 0.000396569201257, 0.000268510630121, 0.000297068589134, 0.000287130911602, 0.000392592453863, 0.000369835674064, 0.000175674023922, 8.78837599885e-05, 7.39651659387e-05, 9.04653716134e-05, 0.000111773515528, 8.256615547e-05, 3.23976200889e-05, 2.43057766056e-05, 1.76879620994e-05, 3.28856913256e-05, 3.82755570172e-05, 6.65709885652e-05, 2.43622853304e-05, 2.05720152735e-05, 6.38207984593e-06, 9.96327162284e-06, 2.29473898798e-05, 4.12362787756e-05, 4.31900880358e-05, 6.85474005877e-05, 2.72376819339e-05, 1.33951443786e-05, 1.66054633155e-05, 3.73685543309e-05, 5.70414013055e-05, 4.7586094297e-05, 3.63564831787e-05, 1.18022026072e-05, 2.05242486118e-05, 6.49747671559e-05, 0.000117957875773, 9.94324436761e-05, 2.38200373133e-05, 3.51251437678e-05, 0.000163162665558, 0.000206988785067, 7.17933071428e-05, 1.88831236301e-05, 5.52532692382e-05, 0.00017454092449, 9.57022348302e-05, 1.47744194692e-05, 7.78493704274e-05, 0.000108028914838, 9.51373840508e-06, 2.68461690212e-06, 5.66528888157e-06, 1.10398977995e-05, 5.78554227104e-06, 9.00985287444e-06, 1.33693674798e-05, 6.4737005232e-06, 4.25991765951e-06, 4.0447266656e-06, 5.02397779201e-06, 4.18916897615e-05, 1.31853412313e-05, 3.3387743315e-05, 2.26821066462e-05, 2.77944423033e-06, 1.2158196796e-06, 2.05139735954e-06, 7.86025964317e-07, 4.9471998409e-07, 2.44655666393e-06, 5.72944190935e-06, 1.59873437156e-07, 9.11616915289e-09, 8.95978313764e-09, 8.863156431e-09, 8.80701112038e-09],
        "mean": [8.82091535459e-06, 4.34707544628e-05, 5.22018162883e-05, 6.53534079902e-05, 0.00026515769423, 0.000400098448154, 0.000281843036646, 0.000436011934653, 0.000768137862906, 0.0011084593134, 0.00144015497062, 0.00162489409558, 0.00150749296881, 0.00092649133876, 0.000623557134531, 0.000914312200621, 0.00110329163726, 0.000535441911779, 0.000567032664549, 0.000566968868952, 0.000552604149561, 0.000257192645222, 0.000385926425224, 0.000309249793645, 9.58854216151e-05, 9.56699223025e-05, 6.22428487986e-05, 9.3794951681e-05, 4.49457802461e-05, 1.97627505258e-05, 1.57578233484e-05, 1.17166200653e-05, 2.67500445261e-06, 1.49327138388e-06, 9.61572027336e-07, 2.87389093501e-06, 7.08883635525e-06, 2.31031681324e-05, 1.10298442451e-05, 1.5759100279e-05, 4.67591780762e-05, 1.8728296709e-05, 4.89152480441e-05, 5.92448959651e-05, 1.24769912873e-05, 1.43957558976e-05, 1.41867640195e-05, 1.44831747093e-05, 8.43641373649e-06, 2.70736541097e-06, 1.54004339947e-06, 1.59076626005e-06, 1.48303581682e-06, 2.49532627095e-06, 3.64540892406e-06, 8.25379720482e-06, 5.54491089133e-06, 3.7057143345e-06, 3.69738859263e-06, 3.02824264509e-06, 1.86448585282e-06, 8.09798621049e-07, 4.21272801532e-07, 2.91494473004e-07, 4.47910480261e-07, 6.62822799313e-07, 1.00937381831e-06, 1.37367317166e-06, 1.9668650566e-06, 1.05132312456e-06, 6.40985717837e-07, 3.04530203721e-07, 4.45835354412e-07, 9.04072692265e-07, 1.15227658171e-06, 1.27193402477e-06, 1.20838717521e-06, 6.68049551678e-07, 3.1830717262e-07, 4.30929503636e-07, 9.92704372038e-07, 1.49934510318e-06, 1.33204275699e-06, 9.00107124835e-07, 3.00741078263e-07, 4.12769480818e-07, 1.3956686189e-06, 3.33769480676e-06, 3.11556345878e-06, 6.78369985962e-07, 4.84956501623e-07, 1.85503881767e-06, 2.61322043116e-06, 1.65474261848e-06, 4.28229782301e-07, 1.14535407647e-06, 1.88013916613e-06, 1.2519556094e-06, 3.70840126607e-07, 9.28917813781e-07, 1.08085225747e-06, 1.50920257624e-07, 9.42856814845e-08, 1.47599195088e-07, 1.63762734928e-07, 1.21014892329e-07, 1.50473113081e-07, 1.87722406508e-07, 1.15329569894e-07, 1.4195022402e-07, 1.73683304183e-07, 1.06074580231e-07, 5.54009091047e-07, 3.03353886011e-07, 5.20479829902e-07, 4.65396169602e-07, 8.02564841251e-08, 3.24138937913e-08, 2.29370922256e-08, 1.38526221605e-08, 1.95944984682e-08, 2.11852597687e-08, 4.07264337809e-08, 1.35881250696e-09, 1.66450134925e-11, 1.62713766072e-11, 1.60469450228e-11, 1.59387364418e-11],
        "min": [6.7184866559e-09, 4.00102884157e-08, 4.51921948752e-07, 4.46977935553e-07, 2.80987904944e-07, 3.05217128016e-07, 4.01727096033e-09, 6.7128326009e-08, 3.03582581296e-08, 6.03351679729e-08, 7.95228949357e-09, 1.01855963663e-08, 1.6903275224e-08, 1.70311231784e-08, 1.84506738776e-08, 7.64742846826e-09, 8.7817522143e-09, 7.36173344507e-09, 5.77824366133e-09, 9.64355795219e-09, 5.731667585e-09, 3.07787995091e-09, 2.37041675177e-09, 4.90259521868e-09, 2.11452499954e-09, 1.97781679923e-09, 2.18821361031e-09, 2.34021624301e-09, 1.74486625149e-09, 1.86290827209e-09, 1.28909161123e-09, 6.12936756905e-10, 4.94920882055e-10, 5.98057992018e-10, 9.13451203566e-10, 1.07612374567e-09, 8.1162987442e-10, 1.7106025485e-09, 1.20971632711e-09, 3.5541095067e-10, 1.65377844752e-09, 1.096266522e-09, 1.30882227278e-09, 1.27451249554e-09, 9.97106508471e-10, 9.28934540401e-10, 8.43904890413e-10, 3.57726570588e-10, 1.40312772512e-09, 5.87969584132e-09, 1.50157886125e-09, 3.67809505075e-10, 3.32501692846e-10, 3.92790633352e-10, 4.50251474993e-10, 7.01541269521e-10, 5.36839350751e-10, 6.62960797371e-10, 3.82405690447e-10, 3.05002911816e-10, 2.55957421924e-10, 2.25757926242e-10, 2.31552652052e-10, 1.95363766831e-10, 3.02107949768e-10, 3.92104737568e-10, 3.63250679536e-10, 4.08374528638e-10, 3.40087513706e-10, 1.69312275311e-09, 2.41309483506e-09, 2.53496224012e-10, 2.48273179793e-10, 2.21863763472e-10, 4.27096497058e-10, 3.43185341256e-10, 3.5864064496e-10, 1.78432685294e-10, 3.05445807536e-10, 2.75087813639e-10, 2.33136232541e-10, 1.93396923476e-10, 4.68126537534e-10, 8.94035123711e-10, 1.67316480115e-10, 2.16323778335e-10, 3.6890673849e-10, 3.80068226891e-10, 3.53202939118e-10, 2.23191465309e-10, 2.38912584161e-10, 1.95303676009e-10, 6.49744036352e-10, 4.88557583278e-10, 3.26821181229e-10, 3.05797609457e-10, 3.4519986869e-10, 4.54911663894e-10, 1.59857294069e-10, 2.38678049547e-10, 2.93676832852e-10, 4.11684714097e-11, 4.58021676142e-11, 4.76829895013e-11, 5.3915000936e-11, 4.6453157293e-11, 5.67475684499e-11, 1.64615300557e-11, 1.90924602517e-11, 2.29218588554e-11, 1.79345462092e-11, 4.00251498611e-11, 1.89227120084e-10, 1.79092865538e-10, 1.79932388433e-10, 1.38763542323e-10, 1.91157766699e-11, 4.37090169831e-13, 1.87697337599e-13, 1.79519268374e-13, 1.93775700238e-13, 2.11015409248e-13, 1.86788261182e-13, 1.05425569533e-13, 8.32680278895e-14, 3.32469816922e-14, 4.3124281171e-15, 1.43080527518e-16],
        "stdev": [1.00222723631e-05, 4.94018131576e-05, 5.41881163372e-05, 8.26413888717e-05, 0.000548990967218, 0.000765248085372, 0.000397030467866, 0.000645644788165, 0.00150301679969, 0.00212360010482, 0.00248403567821, 0.00304336915724, 0.0027144823689, 0.00147140980698, 0.000984998885542, 0.00180503353477, 0.00209010229446, 0.00121889892034, 0.001587448176, 0.00148788967635, 0.00159366684966, 0.000843813642859, 0.000937093398534, 0.000781911832746, 0.000235030485783, 0.000360960373655, 0.000228513672482, 0.000305371184368, 0.000150885418407, 8.73901371961e-05, 4.42979107902e-05, 3.59966797987e-05, 3.0834464269e-05, 8.7418984549e-06, 2.40731947088e-06, 1.41335121953e-05, 2.46325726039e-05, 8.61431544763e-05, 2.26790343731e-05, 3.91648936784e-05, 0.000126342449221, 3.91545545426e-05, 0.000247833289905, 0.00030998227885, 4.36140653619e-05, 5.95169622102e-05, 6.54321920592e-05, 0.000135564914672, 0.000111425688374, 3.73762741219e-05, 1.59831997735e-05, 1.66313948284e-05, 1.1957501556e-05, 1.30598000396e-05, 1.61112257047e-05, 2.53576054092e-05, 1.78097270691e-05, 1.05266926766e-05, 9.82223355095e-06, 7.17086822988e-06, 5.69361873204e-06, 4.0285135583e-06, 3.11621715809e-06, 1.23985489608e-06, 1.11184044727e-06, 1.36679841489e-06, 2.15876980292e-06, 2.88209753307e-06, 5.1305719353e-06, 2.30344267038e-06, 1.41248483487e-06, 5.6393378145e-07, 8.86039345005e-07, 1.88628973774e-06, 2.83446911453e-06, 3.33590901391e-06, 4.22020775659e-06, 1.89782338111e-06, 8.60469299369e-07, 1.24333178064e-06, 3.18742877425e-06, 4.823866675e-06, 4.19392699769e-06, 2.89807508125e-06, 9.33375986278e-07, 1.19231515328e-06, 3.95405777454e-06, 8.18140688352e-06, 6.68393158776e-06, 1.61726154602e-06, 1.63444406098e-06, 7.81312792242e-06, 9.49699369812e-06, 4.98079361932e-06, 1.24352231978e-06, 3.81564814234e-06, 7.63214302424e-06, 5.25068571733e-06, 1.19808964882e-06, 4.01075931222e-06, 5.5874870668e-06, 5.65440700484e-07, 2.34583282577e-07, 4.06719976809e-07, 5.55280848857e-07, 3.52194092557e-07, 4.40263193013e-07, 6.23710718628e-07, 3.54886992682e-07, 3.1681628343e-07, 3.80715903248e-07, 3.33099990257e-07, 2.52091081165e-06, 1.02221997622e-06, 1.88127705769e-06, 1.48395690758e-06, 2.07664072605e-07, 8.24641901431e-08, 8.55640820419e-08, 3.63835255257e-08, 4.27996305064e-08, 1.03352149949e-07, 2.21773333919e-07, 6.52696074965e-09, 3.44964390386e-10, 3.39071770661e-10, 3.35438066212e-10, 3.33313127099e-10]
    },
    "mfcc": {
        "mean": [-732.53314209, 137.372833252, 35.9564285278, 9.91795635223, -0.121190272272, -4.36906433105, -23.2200641632, -15.3139677048, -15.7303876877, 6.31490468979, 2.59471416473, 1.78780710697, -15.2120685577],
        "cov": [[11590.9619141, -793.078063965, 255.596939087, -774.594543457, -963.025512695, -942.287597656, -1194.80004883, -801.153198242, -811.272766113, -170.044448853, -246.77947998, -176.885009766, -821.916992188], [-793.078063965, 916.276489258, -271.013519287, -82.5091705322, -52.6637611389, -2.1201608181, 58.4219093323, 39.6201934814, 23.1959495544, 6.20436811447, 7.07983541489, 45.9606246948, 39.6582565308], [255.596939087, -271.013519287, 663.288208008, 134.473999023, -61.6607933044, 8.89570140839, -103.398773193, -116.56187439, -121.139328003, 43.5590667725, -34.4132194519, -29.9162578583, -89.0737304688], [-774.594543457, -82.5091705322, 134.473999023, 263.586883545, 121.116149902, 46.8559532166, 44.4777832031, 58.4180679321, 21.9508686066, 26.3018894196, 1.77768540382, 8.39297008514, 54.451133728], [-963.025512695, -52.6637611389, -61.6607933044, 121.116149902, 328.674316406, 111.599082947, 78.0899963379, 119.894607544, 88.0536193848, -5.18807411194, -3.61468052864, -1.41216719151, 71.0490646362], [-942.287597656, -2.1201608181, 8.89570140839, 46.8559532166, 111.599082947, 257.421325684, 160.378219604, 51.9730758667, 66.0709381104, -5.39732646942, 35.9159393311, -22.2655582428, 52.3267288208], [-1194.80004883, 58.4219093323, -103.398773193, 44.4777832031, 78.0899963379, 160.378219604, 262.266693115, 127.629463196, 120.1977005, 3.34657096863, 19.5533638, 17.9755306244, 94.9034576416], [-801.153198242, 39.6201934814, -116.56187439, 58.4180679321, 119.894607544, 51.9730758667, 127.629463196, 205.053253174, 120.137512207, -13.6163034439, -1.87448620796, 15.0875587463, 79.4700698853], [-811.272766113, 23.1959495544, -121.139328003, 21.9508686066, 88.0536193848, 66.0709381104, 120.1977005, 120.137512207, 162.853118896, 12.3607883453, 28.3157176971, 7.19328689575, 69.3209075928], [-170.044448853, 6.20436811447, 43.5590667725, 26.3018894196, -5.18807411194, -5.39732646942, 3.34657096863, -13.6163034439, 12.3607883453, 115.905479431, 11.5735263824, -0.104325652122, -24.9937648773], [-246.77947998, 7.07983541489, -34.4132194519, 1.77768540382, -3.61468052864, 35.9159393311, 19.5533638, -1.87448620796, 28.3157176971, 11.5735263824, 95.1413421631, 28.4037723541, 34.9401245117], [-176.885009766, 45.9606246948, -29.9162578583, 8.39297008514, -1.41216719151, -22.2655582428, 17.9755306244, 15.0875587463, 7.19328689575, -0.104325652122, 28.4037723541, 88.0518875122, 48.8323059082], [-821.916992188, 39.6582565308, -89.0737304688, 54.451133728, 71.0490646362, 52.3267288208, 94.9034576416, 79.4700698853, 69.3209075928, -24.9937648773, 34.9401245117, 48.8323059082, 155.96862793]],
        "icov": [[0.000434754503658, 0.000433321256423, 0.000346130866092, 0.000472487154184, 0.00053281855071, 0.000261097913608, 0.000901473977137, -7.57478919695e-05, 0.000739775015973, 0.000507118355017, 0.000303250970319, -0.000146520789713, 0.0011037561344], [0.000433321256423, 0.00177500175778, 0.000963666243479, 0.000551830569748, 0.000981383258477, -0.000160550160217, 0.000983935780823, -0.00036390835885, 0.00110578956082, 3.52189636033e-05, 0.000771384860855, -0.000829706725199, 0.000984530895948], [0.000346130866092, 0.000963666243479, 0.0030949159991, -0.00148763984907, 0.00150212738663, -0.001371822902, 0.00179500202648, 0.000294328376185, 0.00138711871114, -0.000315019569825, 0.00145313050598, -0.000867465918418, 0.00167871522717], [0.000472487154184, 0.000551830569748, -0.00148763984907, 0.00714936666191, -0.00167247164063, 0.00114407693036, 0.000176305300556, -0.00154607894365, 0.00229469803162, -0.00108783098403, -0.000313826749334, 0.000564789283089, -0.00123818335123], [0.00053281855071, 0.000981383258477, 0.00150212738663, -0.00167247164063, 0.00656114984304, -0.00312567222863, 0.00389440404251, -0.00215136795305, -0.000485891185235, 0.00029336559237, 0.0026189875789, -0.00114360346925, 0.000820691289846], [0.000261097913608, -0.000160550160217, -0.001371822902, 0.00114407693036, -0.00312567222863, 0.0105509348214, -0.00683468021452, 0.00215070089325, 0.00128689093981, 0.00188263284508, -0.00470593525097, 0.00484446482733, 0.000448052276624], [0.000901473977137, 0.000983935780823, 0.00179500202648, 0.000176305300556, 0.00389440404251, -0.00683468021452, 0.013851785101, -0.00360325002111, -0.00187807355542, -0.000594027980696, 0.00426700804383, -0.00332954595797, 0.000216430868022], [-7.57478919695e-05, -0.00036390835885, 0.000294328376185, -0.00154607894365, -0.00215136795305, 0.00215070089325, -0.00360325002111, 0.0122963702306, -0.00622328463942, 0.00202030851506, 0.00200891541317, -0.000345085660229, -0.000665418279823], [0.000739775015973, 0.00110578956082, 0.00138711871114, 0.00229469803162, -0.000485891185235, 0.00128689093981, -0.00187807355542, -0.00622328463942, 0.016840506345, -0.0021506275516, -0.0034470167011, 0.00278277485631, -0.000216908345465], [0.000507118355017, 3.52189636033e-05, -0.000315019569825, -0.00108783098403, 0.00029336559237, 0.00188263284508, -0.000594027980696, 0.00202030851506, -0.0021506275516, 0.0115221841261, -0.0016406312352, -0.000701381883118, 0.00481950864196], [0.000303250970319, 0.000771384860855, 0.00145313050598, -0.000313826749334, 0.0026189875789, -0.00470593525097, 0.00426700804383, 0.00200891541317, -0.0034470167011, -0.0016406312352, 0.0163038671017, -0.00580360833555, -0.00145903939847], [-0.000146520789713, -0.000829706725199, -0.000867465918418, 0.000564789283089, -0.00114360346925, 0.00484446482733, -0.00332954595797, -0.000345085660229, 0.00278277485631, -0.000701381883118, -0.00580360833555, 0.0179708916694, -0.00583190750331], [0.0011037561344, 0.000984530895948, 0.00167871522717, -0.00123818335123, 0.000820691289846, 0.000448052276624, 0.000216430868022, -0.000665418279823, -0.000216908345465, 0.00481950864196, -0.00145903939847, -0.00583190750331, 0.0160733982921]]
    },
    "spectral_contrast_coeffs": {
        "max": [-0.354650050402, -0.45567047596, -0.482506811619, -0.56204521656, -0.534309923649, -0.679384827614],
        "mean": [-0.632813215256, -0.72742909193, -0.743002355099, -0.777661979198, -0.81678378582, -0.802385151386],
        "min": [-0.940838158131, -0.937850296497, -0.922101974487, -0.920889377594, -0.912895560265, -0.898682713509],
        "stdev": [0.118289783597, 0.0894369706511, 0.0799249708652, 0.0604755319655, 0.0466711558402, 0.0291111208498]
    },
    "spectral_contrast_valleys": {
        "max": [-5.56819820404, -4.84597015381, -6.61026763916, -6.14557743073, -7.00677871704, -8.0774679184],
        "mean": [-7.37364721298, -6.76845359802, -8.77598667145, -8.7805185318, -8.83967113495, -10.8558616638],
        "min": [-9.63089179993, -10.465180397, -11.4139175415, -11.5666904449, -11.3741121292, -13.3505067825],
        "stdev": [0.805968821049, 1.17564535141, 0.843264937401, 0.872317492962, 0.98650354147, 1.14990150928]
    }
},
"rhythm": {
    "beats_count": 57,
    "beats_loudness": {
        "max": 0.0789504945278,
        "mean": 0.0292644388974,
        "min": 5.17996450071e-05,
        "stdev": 0.0208486318588
    },
    "bpm": 105.546180725,
    "bpm_histogram_first_peak_bpm": 105,
    "bpm_histogram_first_peak_weight": 0.529411792755,
    "bpm_histogram_second_peak_bpm": 117,
    "bpm_histogram_second_peak_spread": 0,
    "bpm_histogram_second_peak_weight": 0.0714285746217,
    "danceability": 1.03048276901,
    "onset_rate": 3.32226538658,
    "beats_loudness_band_ratio": {
        "max": [0.961767673492, 0.791575789452, 0.902781248093, 0.858936667442, 0.147225081921, 0.188736319542],
        "mean": [0.226821929216, 0.464444518089, 0.287314325571, 0.0759468227625, 0.0179738216102, 0.0191086214036],
        "min": [0.00874749850482, 0.0108903096989, 0.00389544526115, 0.00254732556641, 0.00195918907411, 0.00159703730606],
        "stdev": [0.270417153835, 0.241091966629, 0.195941790938, 0.146239519119, 0.0234602298588, 0.0261723101139]
    },
    "beats_position": [0.476009070873, 0.986848056316, 1.49768710136, 2.00852608681, 2.51936507225, 3.11147379875, 3.70358276367, 4.29569149017, 4.87619018555, 5.44507932663, 6.025578022, 6.6176867485, 7.19818592072, 7.76707458496, 8.33596324921, 8.91646194458, 9.49696159363, 10.077460289, 10.6463489532, 11.2036275864, 11.7609071732, 12.3297958374, 12.8986845016, 13.4675731659, 14.0248527527, 14.5937414169, 15.1626300812, 15.7199087143, 16.3004074097, 16.8692970276, 17.4497947693, 18.0186843872, 18.5875740051, 19.1564617157, 19.7253513336, 20.2942390442, 20.851518631, 21.4087982178, 21.9660758972, 22.5349655151, 23.1038551331, 23.6611328125, 24.2184123993, 24.7756919861, 25.3445796967, 25.8902492523, 26.4475269318, 27.0164165497, 27.5853061676, 28.142583847, 28.6998634338, 29.2687530518, 29.8376407623, 30.3949203491, 30.9638080597, 31.5326976776, 32.0899772644],
