{
"metadata": {
    "version": {
        "essentia": "2.1-beta5",
        "essentia_git_sha": "Undefined",
        "extractor": "music 2.0"
    },
    "audio_properties": {
        "analysis": {
            "equal_loudness": 0,
            "length": 48.7502937317,
            "sample_rate": 44100,
            "start_time": 61.4980506897,
            "downmix": "mix"
        },
        "bit_rate": 192000,
        "length": 178.213150024,
        "lossless": 0,
        "number_channels": 2,
        "replay_gain": -8.65663337708,
        "sample_rate": 44100,
        "codec": "mp3",
        "md5_encoded": "f27168b4adbbd68bc1ea48376527a3db"
    },
    "tags": {
        "file_name": "Ireland_When_Red Hurley.mp3",
        "encoding": ["Lavf58.29.100"]
    }
},
"lowlevel": {
    "average_loudness": 0.536378920078,
    "barkbands_crest": {
        "max": 24.7748565674,
        "mean": 10.4825344086,
        "min": 2.72337198257,
        "stdev": 4.23014736176
    },
    "barkbands_flatness_db": {
        "max": 0.300528228283,
        "mean": 0.151840820909,
        "min": 0.041484490037,
        "stdev": 0.0377982333302
    },
    "barkbands_kurtosis": {
        "max": 65.1508255005,
        "mean": 3.00359106064,
        "min": -1.86995100975,
        "stdev": 4.88584470749
    },
    "barkbands_skewness": {
        "max": 6.50458717346,
        "mean": 1.13225734234,
        "min": -1.91713261604,
        "stdev": 0.911516129971
    },
    "barkbands_spread": {
        "max": 84.1879196167,
        "mean": 14.2621736526,
        "min": 1.55436074734,
        "stdev": 11.3885478973
    },
    "dissonance": {
        "max": 0.500000059605,
        "mean": 0.44224229455,
        "min": 0.25592854619,
        "stdev": 0.0373487174511
    },
    "dynamic_complexity": 3.32654547691,
    "erbbands_crest": {
        "max": 31.3428192139,
        "mean": 12.4023008347,
        "min": 3.34252285957,
        "stdev": 5.14051485062
    },
    "erbbands_flatness_db": {
        "max": 0.33488547802,
        "mean": 0.20369143784,
        "min": 0.0828253850341,
        "stdev": 0.0391418784857
    },
    "erbbands_kurtosis": {
        "max": 40.0113296509,
        "mean": 1.35132324696,
        "min": -1.69188964367,
        "stdev": 3.10621356964
    },
    "erbbands_skewness": {
        "max": 4.51898527145,
        "mean": 0.547264575958,
        "min": -1.87445211411,
        "stdev": 0.828191041946
    },
    "erbbands_spread": {
        "max": 109.105667114,
        "mean": 23.3614749908,
        "min": 2.84315633774,
        "stdev": 14.9930276871
    },
    "hfc": {
        "max": 199.606704712,
        "mean": 17.8162918091,
        "min": 0.0199220683426,
        "stdev": 21.6676311493
    },
    "loudness_ebu128": {
        "integrated": -16.8119258881,
        "loudness_range": 7.7946472168,
        "momentary": {
            "max": -11.35841465,
            "mean": -18.0650177002,
            "min": -26.2253131866,
            "stdev": 3.51238298416
        },
        "short_term": {
            "max": -12.7752180099,
            "mean": -17.4204025269,
            "min": -24.1604385376,
            "stdev": 2.53806614876
        }
    },
    "melbands_crest": {
        "max": 32.1475486755,
        "mean": 12.557765007,
        "min": 3.84612417221,
        "stdev": 5.16055583954
    },
    "melbands_flatness_db": {
        "max": 0.364556878805,
        "mean": 0.207561820745,
        "min": 0.0370754674077,
        "stdev": 0.0484103299677
    },
    "melbands_kurtosis": {
        "max": 64.0231018066,
        "mean": 4.83355140686,
        "min": -1.66799962521,
        "stdev": 5.90950679779
    },
    "melbands_skewness": {
        "max": 6.12636613846,
        "mean": 1.45413088799,
        "min": -1.54809963703,
        "stdev": 0.908185422421
    },
    "melbands_spread": {
        "max": 189.954650879,
        "mean": 20.9756813049,
        "min": 2.03951597214,
        "stdev": 20.3907642365
    },
    "pitch_salience": {
        "max": 0.847841024399,
        "mean": 0.554890334606,
        "min": 0.153115779161,
        "stdev": 0.103046573699
    },
    "silence_rate_20dB": {
        "max": 1,
        "mean": 1,
        "min": 1,
        "stdev": 0
    },
    "silence_rate_30dB": {
        "max": 1,
        "mean": 0.999048054218,
        "min": 0,
        "stdev": 0.0308388900012
    },
    "silence_rate_60dB": {
        "max": 1,
        "mean": 0.0804378837347,
        "min": 0,
        "stdev": 0.271969258785
    },
    "spectral_centroid": {
        "max": 4167.81054688,
        "mean": 1080.37255859,
        "min": 382.956634521,
        "stdev": 472.511322021
    },
    "spectral_complexity": {
        "max": 28,
        "mean": 13.9466924667,
        "min": 0,
        "stdev": 4.35633325577
    },
    "spectral_decrease": {
        "max": -5.38856372717e-12,
        "mean": -4.21605905743e-09,
        "min": -3.51638966833e-08,
        "stdev": 3.93056476256e-09
    },
    "spectral_energy": {
        "max": 0.140998736024,
        "mean": 0.0175283607095,
        "min": 2.2144678951e-05,
        "stdev": 0.0159843303263
    },
    "spectral_energyband_high": {
        "max": 0.0193527508527,
        "mean": 0.000474507251056,
        "min": 2.71795386197e-07,
        "stdev": 0.00193215592299
    },
    "spectral_energyband_low": {
        "max": 0.00681725889444,
        "mean": 0.000375663046725,
        "min": 9.30000325639e-08,
        "stdev": 0.000571274547838
    },
    "spectral_energyband_middle_high": {
        "max": 0.0443912632763,
        "mean": 0.00499173160642,
        "min": 7.29917292119e-06,
        "stdev": 0.0058024674654
    },
    "spectral_energyband_middle_low": {
        "max": 0.1342446208,
        "mean": 0.0119023434818,
        "min": 1.46604188558e-05,
        "stdev": 0.0133742531762
    },
    "spectral_entropy": {
        "max": 8.69861030579,
        "mean": 7.15734958649,
        "min": 5.83290100098,
        "stdev": 0.406200259924
    },
    "spectral_flux": {
        "max": 0.236135080457,
        "mean": 0.0687905102968,
        "min": 0.0149232456461,
        "stdev": 0.0375439040363
    },
    "spectral_kurtosis": {
        "max": 26.5251426697,
        "mean": 8.10790061951,
        "min": -0.700209379196,
        "stdev": 3.59777855873
    },
    "spectral_rms": {
        "max": 0.011728586629,
        "mean": 0.00377538008615,
        "min": 0.000146984908497,
        "stdev": 0.00168740237132
    },
    "spectral_rolloff": {
        "max": 14061.1816406,
        "mean": 1601.53686523,
        "min": 279.931640625,
        "stdev": 1680.92407227
    },
    "spectral_skewness": {
        "max": 4.13415670395,
        "mean": 2.20948195457,
        "min": 0.369511216879,
        "stdev": 0.529351532459
    },
    "spectral_spread": {
        "max": 13339092,
        "mean": 3991443,
        "min": 2238130.75,
        "stdev": 1526298.5
    },
    "spectral_strongpeak": {
        "max": 15.4871692657,
        "mean": 1.64128887653,
        "min": 0.0041268481873,
        "stdev": 1.5954554081
    },
    "zerocrossingrate": {
        "max": 0.3642578125,
        "mean": 0.0582270175219,
        "min": 0.01171875,
        "stdev": 0.0442203804851
    },
    "barkbands": {
        "max": [7.5461655797e-05, 0.000452939071693, 0.0043700216338, 0.00376533810049, 0.0250196307898, 0.0229701921344, 0.0786285027862, 0.125568538904, 0.0892277285457, 0.0252800006419, 0.00557546922937, 0.018444981426, 0.0225600022823, 0.0226849224418, 0.0197023451328, 0.00571239041165, 0.0122585846111, 0.00358494580723, 0.000919048325159, 0.000848506344482, 0.00307428091764, 0.00266546127386, 0.00367912766524, 0.0114718349651, 0.00861807446927, 0.00442294217646, 0.000119867894682],
        "mean": [3.3098797303e-06, 3.8390775444e-05, 0.000224805888138, 0.000252548488788, 0.00155144894961, 0.0012922353344, 0.00210495572537, 0.00249034166336, 0.00393221573904, 0.0008429538575, 0.000121347380627, 0.000329337111907, 0.00133891089354, 0.00134527741466, 0.00047292560339, 9.82609271887e-05, 0.000400655699195, 0.000117602299724, 5.58378887945e-05, 4.97001055919e-05, 5.82356369705e-05, 5.85582965869e-05, 5.92080432398e-05, 0.000169098711922, 5.11754042236e-05, 6.63613755023e-05, 2.66179426944e-06],
        "min": [1.76657777295e-09, 5.07519786197e-08, 2.38689796817e-08, 3.47350841423e-08, 3.6309047573e-06, 3.09422944156e-06, 1.63262450315e-06, 3.85482326237e-06, 2.03428407985e-06, 7.60147088386e-07, 5.32025019595e-08, 6.29008809483e-07, 1.65415099218e-06, 1.51458539221e-06, 8.67512994773e-07, 2.21979462367e-07, 3.93054961023e-07, 1.01250932971e-07, 2.58402025111e-07, 4.38759570898e-08, 9.03377141981e-08, 8.65757314727e-08, 2.33649632975e-08, 9.83129222476e-09, 1.36604407786e-08, 2.57498662393e-08, 3.29967031476e-09],
        "stdev": [4.57328451375e-06, 3.6560712033e-05, 0.000464703072794, 0.0003273539769, 0.00217325915582, 0.00199819542468, 0.00488522928208, 0.00725729810074, 0.00831415411085, 0.00190778460819, 0.000320638384437, 0.00108039262705, 0.00244892109185, 0.00243844441138, 0.00138285115827, 0.000352712871972, 0.000773578940425, 0.000236020321609, 7.56168228691e-05, 7.24225465092e-05, 0.00016546502593, 0.000168994069099, 0.000232186343055, 0.000937606324442, 0.00032278810977, 0.000335551565513, 9.70323344518e-06]
    },
    "erbbands": {
        "max": [0.0144446427003, 0.117537170649, 3.40140986443, 11.5114784241, 41.0592079163, 111.245185852, 105.046325684, 231.884811401, 1024.61779785, 1232.81274414, 3477.92089844, 1966.64916992, 1158.20422363, 573.432434082, 94.6957244873, 790.208618164, 1175.2277832, 1351.90966797, 1664.20068359, 239.313323975, 328.578643799, 723.117126465, 192.390411377, 32.2181243896, 57.4171142578, 30.6527709961, 109.448532104, 98.5737075806, 129.020141602, 97.5599060059, 113.181350708, 252.576248169, 257.133148193, 175.44631958, 12.0010318756, 4.84276723862, 13.3708457947, 3.38458418846, 0.0547675229609, 0.00149413221516],
        "mean": [0.00128577172291, 0.0115282880142, 0.177989184856, 0.640926241875, 2.28654408455, 5.97203111649, 8.12832164764, 12.2885885239, 25.9270992279, 35.767326355, 75.1370315552, 84.3781280518, 41.8466720581, 17.1727542877, 4.03271484375, 19.6824703217, 60.5584411621, 68.2132949829, 47.8672180176, 9.37746429443, 8.21618461609, 23.6812438965, 9.87262821198, 2.12232542038, 3.96294879913, 2.04381346703, 2.35232782364, 1.82842206955, 2.52886843681, 1.6013906002, 1.83172214031, 3.33523607254, 2.7595179081, 0.953582525253, 0.193182215095, 0.100595697761, 0.136198118329, 0.0414795391262, 0.000721670570783, 4.15282484028e-05],
        "min": [2.28993690143e-06, 8.64566027303e-06, 2.44512975769e-05, 0.000101537953014, 0.00233595096506, 0.0148141747341, 0.0286740399897, 0.0224681645632, 0.0172701049596, 0.0462023317814, 0.0880909189582, 0.0475120693445, 0.0348084941506, 0.00936982780695, 0.00799098052084, 0.0585930608213, 0.0701448768377, 0.10929864645, 0.0620728470385, 0.0301591604948, 0.0167907439172, 0.0226063542068, 0.00583124859259, 0.0121022546664, 0.00811391975731, 0.00242858659476, 0.00173208781052, 0.00474137533456, 0.00320605328307, 0.00172947905958, 0.000741059309803, 0.000267450552201, 0.000194828768144, 0.000192578590941, 6.96689603501e-05, 4.85603995912e-05, 5.92497999605e-05, 1.2225727005e-05, 5.82511631819e-07, 7.0684833986e-08],
        "stdev": [0.0013856847072, 0.012471483089, 0.342991232872, 0.82869207859, 3.19922828674, 9.51912784576, 10.4003629684, 20.8492603302, 58.3973045349, 91.5847702026, 206.157150269, 180.841400146, 89.7117462158, 38.104927063, 6.95058584213, 52.930557251, 109.808532715, 112.966697693, 118.140159607, 20.6942195892, 21.8213100433, 47.8721809387, 17.3930797577, 2.62945818901, 4.99912500381, 2.81997275352, 6.35847330093, 5.3800740242, 7.56880474091, 5.23431539536, 7.53786182404, 17.8909072876, 16.7711849213, 6.37809181213, 0.937748372555, 0.429413288832, 0.713902235031, 0.228006899357, 0.0038001970388, 0.000111667926831]
    },
    "gfcc": {
        "mean": [-33.2705764771, 82.6551895142, -128.364273071, -12.5049371719, -70.9717788696, -4.74148988724, -49.9905853271, -2.16367483139, -22.9814891815, 6.65003204346, -21.8302459717, -4.70127439499, -25.2411022186],
        "cov": [[2427.63745117, -944.133239746, -214.687576294, -7.12209892273, -68.8463134766, 84.2548065186, -89.1197967529, 44.6568069458, 70.755279541, 6.37015199661, -107.172767639, -17.0917606354, -95.1497268677], [-944.133239746, 948.090270996, -32.1832542419, -72.8306427002, 135.577545166, -153.285263062, 38.0428886414, 11.1694583893, -8.16061306, -62.4673271179, 25.3245658875, 13.8766994476, -2.34996724129], [-214.687576294, -32.1832542419, 416.095092773, 151.427246094, -82.3549499512, 54.9647598267, -7.52418899536, -37.3978424072, -10.8872070312, -7.6863193512, 12.1174297333, 4.0590467453, 15.9517202377], [-7.12209892273, -72.8306427002, 151.427246094, 217.11491394, 36.3255081177, 24.1288967133, -33.7181930542, -29.1646404266, -13.201833725, -5.27356004715, -14.8930339813, -0.334173023701, -4.80209827423], [-68.8463134766, 135.577545166, -82.3549499512, 36.3255081177, 145.795791626, -5.71678352356, -33.3484573364, 2.79038643837, 4.54393672943, 1.61315619946, -15.9678668976, -18.0829696655, -8.77753829956], [84.2548065186, -153.285263062, 54.9647598267, 24.1288967133, -5.71678352356, 125.560493469, 49.3207778931, -19.6406898499, -37.4881591797, 14.4276332855, 15.6560678482, -2.88822317123, -9.4826593399], [-89.1197967529, 38.0428886414, -7.52418899536, -33.7181930542, -33.3484573364, 49.3207778931, 163.595962524, 43.3892021179, -47.9095573425, -0.917025387287, 27.4147491455, -3.06643033028, -13.1903648376], [44.6568069458, 11.1694583893, -37.3978424072, -29.1646404266, 2.79038643837, -19.6406898499, 43.3892021179, 98.8443984985, 41.681678772, -17.4336242676, -11.0818052292, -5.74786901474, -1.50943243504], [70.755279541, -8.16061306, -10.8872070312, -13.201833725, 4.54393672943, -37.4881591797, -47.9095573425, 41.681678772, 124.750480652, 30.8310661316, -37.0054283142, -3.75969839096, 4.01358795166], [6.37015199661, -62.4673271179, -7.6863193512, -5.27356004715, 1.61315619946, 14.4276332855, -0.917025387287, -17.4336242676, 30.8310661316, 91.301651001, 27.0415229797, -21.730134964, 2.09798502922], [-107.172767639, 25.3245658875, 12.1174297333, -14.8930339813, -15.9678668976, 15.6560678482, 27.4147491455, -11.0818052292, -37.0054283142, 27.0415229797, 84.2983169556, 32.5766601562, -0.880898892879], [-17.0917606354, 13.8766994476, 4.0590467453, -0.334173023701, -18.0829696655, -2.88822317123, -3.06643033028, -5.74786901474, -3.75969839096, -21.730134964, 32.5766601562, 87.3070526123, 21.9602298737], [-95.1497268677, -2.34996724129, 15.9517202377, -4.80209827423, -8.77753829956, -9.4826593399, -13.1903648376, -1.50943243504, 4.01358795166, 2.09798502922, -0.880898892879, 21.9602298737, 66.6574554443]],
        "icov": [[0.000945498177316, 0.00101857702248, 0.000211213773582, 0.000364762090612, -0.00024699055939, 0.00029008986894, 0.000394872680772, -0.000569177325815, 0.000399517331971, -0.000291518488666, 0.00131790654268, -0.00104579667095, 0.00178235326894], [0.00101857702248, 0.00552820554003, -0.00258695264347, 0.00368266738951, -0.00861035194248, 0.00810031872243, -0.00681561650708, 0.00697003817186, -0.00533437728882, 0.00718638533726, -0.00440824404359, 0.00110280024819, 0.00103434210178], [0.000211213773582, -0.00258695264347, 0.00747817847878, -0.00665681995451, 0.00913825724274, -0.00703521911055, 0.003913290333, -0.00165471341461, -0.00130044994876, 0.000874628894962, -0.00173259526491, 0.00310813961551, -0.00211554975249], [0.000364762090612, 0.00368266738951, -0.00665681995451, 0.0117730041966, -0.0105226794258, 0.00637114467099, -0.00327599863522, 0.00298000010662, 0.00129920360632, 0.000113961337775, 0.00270516355522, -0.00378506397828, 0.00323254126124], [-0.00024699055939, -0.00861035194248, 0.00913825724274, -0.0105226794258, 0.0265632662922, -0.0163158159703, 0.0159741379321, -0.0151852304116, 0.0103056998923, -0.0126357963309, 0.00884693674743, -0.00075886992272, 0.000536991807166], [0.00029008986894, 0.00810031872243, -0.00703521911055, 0.00637114467099, -0.0163158159703, 0.0254091471434, -0.0160378050059, 0.0140830930322, -0.00607921322808, 0.00813102535903, -0.00620897021145, 0.000710788648576, 0.00124764535576], [0.000394872680772, -0.00681561650708, 0.003913290333, -0.00327599863522, 0.0159741379321, -0.0160378050059, 0.0264274869114, -0.0257610566914, 0.021878734231, -0.0209373924881, 0.0150619428605, -0.00840386282653, 0.00592835852876], [-0.000569177325815, 0.00697003817186, -0.00165471341461, 0.00298000010662, -0.0151852304116, 0.0140830930322, -0.0257610566914, 0.0425688326359, -0.0337504334748, 0.0341690480709, -0.0260765571147, 0.0171646047384, -0.00912867113948], [0.000399517331971, -0.00533437728882, -0.00130044994876, 0.00129920360632, 0.0103056998923, -0.00607921322808, 0.021878734231, -0.0337504334748, 0.0442958585918, -0.0402168408036, 0.0352751985192, -0.0226534549147, 0.0113724060357], [-0.000291518488666, 0.00718638533726, 0.000874628894962, 0.000113961337775, -0.0126357963309, 0.00813102535903, -0.0209373924881, 0.0341690480709, -0.0402168408036, 0.0541744753718, -0.0414354428649, 0.0285270605236, -0.0134698022157], [0.00131790654268, -0.00440824404359, -0.00173259526491, 0.00270516355522, 0.00884693674743, -0.00620897021145, 0.0150619428605, -0.0260765571147, 0.0352751985192, -0.0414354428649, 0.0505652688444, -0.0298688355833, 0.014695674181], [-0.00104579667095, 0.00110280024819, 0.00310813961551, -0.00378506397828, -0.00075886992272, 0.000710788648576, -0.00840386282653, 0.0171646047384, -0.0226534549147, 0.0285270605236, -0.0298688355833, 0.0325025804341, -0.0143800489604], [0.00178235326894, 0.00103434210178, -0.00211554975249, 0.00323254126124, 0.000536991807166, 0.00124764535576, 0.00592835852876, -0.00912867113948, 0.0113724060357, -0.0134698022157, 0.014695674181, -0.0143800489604, 0.0242073927075]]
    },
    "melbands": {
        "max": [0.000125523743918, 0.00120491033886, 0.00185112596955, 0.00511886971071, 0.00461169611663, 0.00484349718317, 0.0167173929513, 0.0112935882062, 0.0267803668976, 0.0111508248374, 0.00562363117933, 0.00283125881106, 0.000579101557378, 0.000778134912252, 0.00415690010414, 0.002569738077, 0.00259878323413, 0.00325261824764, 0.00074051838601, 0.000204751311685, 0.000505546166096, 0.000634165946394, 0.000561639142688, 8.50369178806e-05, 2.04864045372e-05, 5.55660226382e-05, 4.56899651908e-05, 2.00358008442e-05, 5.36329534953e-05, 9.14632182685e-05, 3.78151598852e-05, 7.37577865948e-05, 6.74884286127e-05, 6.05685236224e-05, 7.53839049139e-05, 0.000108539614303, 0.000156818976393, 0.000221758862608, 0.00013672732166, 0.00013430492254],
        "mean": [1.06294537545e-05, 6.9885609264e-05, 0.000150804204168, 0.000301603227854, 0.000292817916488, 0.000275217695162, 0.0004030992568, 0.00040109679685, 0.000688008789439, 0.000502597191371, 0.000199065922061, 7.48281890992e-05, 1.3464937183e-05, 1.95633638214e-05, 0.000117903204227, 0.0001331808744, 0.000121665092593, 8.61559965415e-05, 2.28754579439e-05, 4.41143083663e-06, 1.04256941995e-05, 2.44205148192e-05, 1.82499679795e-05, 3.6453282064e-06, 1.20589743346e-06, 2.89067361336e-06, 2.84560769614e-06, 8.59947704157e-07, 1.25869507883e-06, 1.60412878358e-06, 7.85724068919e-07, 1.39612609473e-06, 1.19719572922e-06, 9.16977455745e-07, 1.06587538085e-06, 1.59157309554e-06, 1.90207879314e-06, 2.08474921237e-06, 1.28059275539e-06, 5.84350004829e-07],
        "min": [1.81111303732e-08, 1.14565033016e-08, 5.83507997476e-08, 5.80794562666e-07, 9.89096179183e-07, 5.06846106418e-07, 2.85431298153e-07, 5.85847715229e-07, 6.84570863996e-07, 2.74434995617e-07, 1.69569247532e-07, 4.07609874742e-08, 1.14620481995e-08, 8.58972200035e-08, 1.65101553762e-07, 1.93030459172e-07, 1.90823413959e-07, 8.01769104442e-08, 3.19839124074e-08, 1.2034813146e-08, 1.00506838407e-08, 2.58067522907e-08, 1.04184403327e-08, 3.77793929474e-09, 1.04451007843e-08, 1.1801547295e-08, 1.37479061468e-09, 1.4457968156e-09, 8.363695847e-10, 1.65564717491e-09, 2.88277623994e-09, 1.40969458329e-09, 2.3885966538e-09, 3.96622762411e-10, 4.33137220535e-10, 3.47915224408e-10, 8.72797389917e-11, 1.3572232227e-10, 1.30111976748e-10, 1.73906208878e-10],
        "stdev": [1.07555642899e-05, 0.000125726903207, 0.000172557018232, 0.000449159851996, 0.000375458883354, 0.000440645904746, 0.000902999134269, 0.000980434007943, 0.00182481866796, 0.00106131355278, 0.000450120598543, 0.000181168230483, 3.00847495964e-05, 5.44994254597e-05, 0.000289393210551, 0.000224599833018, 0.00020882357785, 0.00022570391593, 5.68860923522e-05, 1.41943810377e-05, 3.08404050884e-05, 5.04424897372e-05, 3.55214251613e-05, 6.48449758955e-06, 1.64243306244e-06, 4.02672867494e-06, 4.17734645453e-06, 1.54889289661e-06, 3.06911101688e-06, 5.39533311894e-06, 2.23256688514e-06, 4.25404732596e-06, 3.49250149156e-06, 3.43162400895e-06, 4.38532242697e-06, 8.40364100441e-06, 1.04440605355e-05, 1.32724280775e-05, 7.92981700215e-06, 4.26512724516e-06]
    },
    "melbands128": {
        "max": [4.24394602305e-05, 0.000135840091389, 0.000183472089702, 0.000158849870786, 0.00126808753703, 0.00260240002535, 0.00262270728126, 0.002116342308, 0.00416070269421, 0.00802460126579, 0.00746578723192, 0.00925198383629, 0.00512600736693, 0.00987534411252, 0.00654419790953, 0.00598321575671, 0.0093985972926, 0.0295846369117, 0.021924674511, 0.0227940026671, 0.0166175272316, 0.0294452086091, 0.0454081222415, 0.0368679650128, 0.0245641153306, 0.0155891515315, 0.0172338057309, 0.0065084756352, 0.00693878810853, 0.00614330405369, 0.00179763417691, 0.00186195073184, 0.000595144112594, 0.000339208665537, 0.000471128762001, 0.00116686837282, 0.00322365597822, 0.0087502617389, 0.0064203152433, 0.00331401103176, 0.00565478764474, 0.00448952196166, 0.00577415386215, 0.00197001802735, 0.00523454463109, 0.00683774566278, 0.00374469184317, 0.000790603633504, 0.000973187561613, 0.000583810906392, 0.000203618270461, 0.000194462394575, 0.000839092012029, 0.000902942556422, 0.000541388464626, 0.000769679201767, 0.00215706485324, 0.000809903314803, 0.000480324059026, 0.000230350487982, 0.000107609987026, 6.83643738739e-05, 2.19594094233e-05, 1.95068114408e-05, 5.07024851686e-05, 8.41121582198e-05, 8.78569480847e-05, 6.82087920723e-05, 6.20113351033e-05, 5.30672732566e-05, 3.92755755456e-05, 1.05318658825e-05, 1.39293897519e-05, 7.85706579336e-05, 0.000142137447256, 0.000130058411742, 0.000113741283712, 9.17235884117e-05, 2.09849531529e-05, 1.76138528332e-05, 7.57278467063e-05, 0.000102846744994, 0.000142976248753, 9.71352783381e-05, 1.58903076226e-05, 2.19798421313e-05, 8.79371800693e-05, 0.000138431511004, 8.37939151097e-05, 3.83388323826e-05, 4.74389707961e-05, 0.000158288472448, 0.000350651040208, 0.000272751320153, 6.34942698525e-05, 0.000339311518474, 0.000351094146026, 0.000281306332909, 0.00011584656022, 0.0002138185082, 0.00036977021955, 3.46560373146e-05, 1.15950069812e-05, 1.65729725268e-05, 2.13627408812e-05, 1.6931709979e-05, 1.7430542357e-05, 1.92874886125e-05, 1.03690199467e-05, 7.64479500504e-06, 5.63388357477e-06, 1.00474053397e-05, 0.000119381620607, 6.08685550105e-05, 0.000100646888313, 7.95096057118e-05, 9.67666528595e-06, 5.14939060281e-08, 1.50937873311e-10, 1.70366845631e-10, 1.75831113558e-10, 1.78399406359e-10, 1.79161435687e-10, 1.80710890696e-10, 1.79713299797e-10, 1.8088683329e-10, 1.80311238163e-10, 1.76887129943e-10],
        "mean": [2.5731947062e-06, 1.03209567897e-05, 1.2808684005e-05, 1.35415102704e-05, 5.8579895267e-05, 0.000126618688228, 0.000119647149404, 0.000135744077852, 0.000218097309698, 0.000324962602463, 0.000347862252966, 0.000325400935253, 0.000264710310148, 0.000270031043328, 0.000267262366833, 0.00025922653731, 0.000364513107343, 0.000472815911053, 0.000379000557587, 0.000403310143156, 0.000370891677449, 0.000511373451445, 0.000739511975553, 0.000894762866665, 0.000582565378863, 0.000327510293573, 0.000335063086823, 0.000145790327224, 0.000147782528074, 0.000102448037069, 4.47601014457e-05, 2.59886292042e-05, 1.07250652945e-05, 3.92696256313e-06, 1.09831626105e-05, 1.7826052499e-05, 3.84591730835e-05, 0.000120685333968, 0.000182277202839, 0.000120284981676, 9.7977463156e-05, 0.000187325669685, 0.000138468851219, 7.24073470337e-05, 0.000104378079413, 0.000100417906651, 5.59097134101e-05, 1.83694846783e-05, 1.20129734569e-05, 7.43508689993e-06, 1.83283350452e-06, 2.35437687479e-06, 1.07206215034e-05, 1.2475569747e-05, 1.30630514832e-05, 2.74217218248e-05, 3.37336023222e-05, 2.36083451455e-05, 1.28082356241e-05, 5.95374740442e-06, 3.51767471329e-06, 1.70959856405e-06, 5.1355755204e-07, 8.87571786734e-07, 2.49307390732e-06, 3.31727005687e-06, 2.7917526495e-06, 3.24765460391e-06, 3.20024537359e-06, 1.62213029853e-06, 1.00664078673e-06, 3.02049642187e-07, 4.18305688754e-07, 1.79781170573e-06, 1.72728493908e-06, 1.71595672782e-06, 1.53830160343e-06, 1.17349463835e-06, 4.90251750307e-07, 5.56243037408e-07, 1.20970480566e-06, 1.73769228695e-06, 1.9714229893e-06, 1.2982318367e-06, 3.70478318246e-07, 4.5865661491e-07, 1.21376149309e-06, 1.63984816481e-06, 1.25794883843e-06, 4.71575702932e-07, 4.57983361457e-07, 1.99426881409e-06, 3.40847168445e-06, 2.17760384658e-06, 5.51504797386e-07, 1.58426848884e-06, 2.91563560495e-06, 2.31084663938e-06, 6.29018757081e-07, 1.25742042201e-06, 1.296999244e-06, 2.08566959259e-07, 1.25585373212e-07, 2.0967679859e-07, 2.41923430622e-07, 1.47092748648e-07, 1.76361922399e-07, 2.30505520449e-07, 1.37076654028e-07, 1.44085333886e-07, 1.36335074785e-07, 1.48623371388e-07, 6.69213875426e-07, 4.60142672409e-07, 8.96609890333e-07, 6.80386051499e-07, 1.21394165831e-07, 1.04870521989e-10, 2.84182421519e-12, 2.6956574993e-12, 2.59844684831e-12, 2.52413563141e-12, 2.46045610101e-12, 2.40810236335e-12, 2.37460788879e-12, 2.34701819611e-12, 2.32799391743e-12, 2.30915048367e-12],
        "min": [9.32376814644e-11, 2.17219895404e-08, 1.92057623138e-08, 1.21117249563e-08, 1.09144764338e-08, 1.21525847163e-08, 6.04932193227e-09, 2.52360816688e-08, 1.75093390453e-07, 5.1646867405e-07, 7.20279729194e-07, 8.86395412181e-07, 1.05482047275e-06, 3.06077538426e-07, 4.4463655513e-07, 2.88102995682e-07, 1.71777116975e-07, 2.86910164959e-07, 4.13614884565e-07, 4.72381771033e-07, 3.37155739771e-07, 2.44697247354e-07, 2.59452463069e-07, 4.01024465191e-07, 2.67534886689e-07, 1.62472247212e-07, 9.77488312515e-08, 1.82622727607e-07, 8.44753387241e-08, 5.3823200119e-08, 1.32734001568e-08, 3.53411433451e-09, 9.09328079501e-09, 7.84777132168e-09, 1.23227650306e-08, 2.44755664625e-08, 1.4378255031e-08, 5.66710376404e-08, 1.19112108621e-07, 9.93999833554e-08, 2.1499658942e-07, 2.71352888603e-07, 1.45136112906e-07, 6.43696580482e-08, 1.37342182072e-08, 8.69854233088e-08, 1.43119143203e-08, 4.83062656542e-09, 5.34294608556e-09, 4.9830397586e-09, 2.7361481969e-09, 2.56033994006e-09, 7.47590789274e-09, 8.66549143552e-09, 1.337091593e-08, 1.24021859449e-08, 8.04420263734e-09, 7.9304216527e-09, 5.04284791703e-09, 8.31415991609e-10, 1.51370604939e-09, 3.16505910369e-09, 6.93026080967e-10, 1.44066314434e-09, 4.64806682032e-09, 6.71289557275e-09, 7.00554891875e-10, 1.06778275111e-09, 1.4015067995e-09, 2.20841234189e-09, 1.5842034351e-09, 1.04549591207e-09, 5.59863044813e-10, 6.78865685888e-10, 1.2154220963e-09, 1.11972908723e-09, 9.3563934378e-10, 8.69000538195e-10, 1.60380908554e-09, 6.67241040198e-10, 1.42058120822e-09, 1.40779943258e-09, 1.90604598771e-09, 4.05704048134e-09, 9.58604418066e-10, 2.68835370631e-10, 2.61396682077e-10, 4.47726078434e-10, 4.64414340318e-10, 3.16166426373e-10, 6.20154483322e-10, 2.46635267764e-10, 1.64289290505e-10, 6.60902721439e-11, 5.25698234943e-11, 7.43939840286e-11, 2.00517394355e-10, 1.61500299245e-10, 5.90057724903e-11, 1.45225914627e-10, 2.34665009646e-10, 2.04627981226e-10, 8.24282933576e-11, 5.28745137951e-11, 5.25292725984e-11, 1.03074576652e-10, 7.81367123781e-11, 5.71880980071e-11, 5.42295375272e-11, 1.22960280846e-10, 7.14854148098e-11, 1.87442963928e-10, 1.85592347046e-10, 2.16504564277e-10, 4.22080009832e-10, 7.14231243593e-11, 3.118843378e-11, 5.23653332068e-13, 5.55025047189e-14, 4.8334955965e-14, 4.54431990356e-14, 4.65852298414e-14, 4.31289051239e-14, 5.76804161617e-14, 5.49771782732e-14, 5.15575978449e-14, 3.44659840761e-14, 5.47443085872e-14],
        "stdev": [3.48722733179e-06, 1.22635592561e-05, 1.51714748426e-05, 1.43577171912e-05, 0.000115680821182, 0.000265132344794, 0.000181705036084, 0.000182468662388, 0.000333345727995, 0.000579439045396, 0.00063952547498, 0.000593543227296, 0.000394080590922, 0.000535006460268, 0.000557692314032, 0.000619502563495, 0.000816715066321, 0.00148197263479, 0.0011976811802, 0.00153725256678, 0.00117626972497, 0.0018006375758, 0.00276627182029, 0.00277244951576, 0.00173421239015, 0.00101926643401, 0.00113925605547, 0.00046077198931, 0.000425039906986, 0.000338526559062, 0.000126673650811, 8.27270196169e-05, 3.21400511893e-05, 1.50266232595e-05, 3.43848805642e-05, 6.39337886241e-05, 0.0001642080897, 0.000461465213448, 0.000470054481411, 0.000294676661724, 0.000309261289658, 0.000404284335673, 0.000330764858518, 0.000186579854926, 0.00035794408177, 0.000356847478542, 0.000201602757443, 5.99223894824e-05, 4.57430287497e-05, 3.24497596011e-05, 8.60952150106e-06, 9.59134740697e-06, 4.23197889177e-05, 4.85069103888e-05, 3.89195083699e-05, 7.12264372851e-05, 0.000108612177428, 5.76461534365e-05, 3.31702685799e-05, 1.57694048539e-05, 7.27067481421e-06, 3.59029831998e-06, 1.01208888736e-06, 1.78665993644e-06, 4.27785926149e-06, 5.58633882974e-06, 6.27206372883e-06, 5.754178801e-06, 6.15155568084e-06, 3.06239485326e-06, 2.47634216066e-06, 7.81084622758e-07, 9.62254034675e-07, 3.97256735596e-06, 6.07715219303e-06, 7.20750540495e-06, 5.07747927259e-06, 3.99141754315e-06, 1.4686971781e-06, 1.52777226958e-06, 4.03449848818e-06, 5.78283243158e-06, 6.39030758975e-06, 3.90083869206e-06, 1.02826379589e-06, 1.34670756324e-06, 5.05166872244e-06, 7.4168528954e-06, 5.39586517334e-06, 2.06890513255e-06, 2.24636460189e-06, 1.10784922072e-05, 1.96636901819e-05, 1.2943521142e-05, 3.08899689117e-06, 1.24602174765e-05, 1.90924292838e-05, 1.56435980898e-05, 4.22009770773e-06, 9.54312054091e-06, 1.08164986159e-05, 1.19505864404e-06, 5.10547465638e-07, 1.06732431959e-06, 1.3683927591e-06, 7.63223624745e-07, 9.09297398266e-07, 1.20209563192e-06, 6.33029344499e-07, 5.95853805407e-07, 4.46476150273e-07, 5.16882266766e-07, 4.28746398029e-06, 2.57593228525e-06, 5.5707255342e-06, 4.19417892772e-06, 5.30542081378e-07, 1.17788112597e-09, 6.03809623828e-12, 5.98527000531e-12, 5.90044853255e-12, 5.82975074465e-12, 5.75860496441e-12, 5.71648674577e-12, 5.65021033433e-12, 5.6281359781e-12, 5.59107361103e-12, 5.52327888287e-12]
    },
    "mfcc": {
        "mean": [-683.946166992, 133.763198853, -10.6407718658, -7.39465713501, -11.9412975311, -8.28229236603, -19.6505565643, -13.4962444305, -13.865978241, 1.6908711195, 7.98267745972, -0.913439810276, -19.2252979279],
        "cov": [[2646.15356445, -942.476318359, -276.773193359, -157.496551514, 29.1203613281, -25.773399353, -113.658187866, -8.82468891144, 76.5681228638, -49.6232910156, 121.723167419, 9.88426685333, -61.4160346985], [-942.476318359, 919.545837402, -144.287307739, 73.4101867676, -8.51349830627, -83.8287353516, -1.13576078415, 54.5406150818, -29.940284729, -32.5051803589, 17.6849155426, -14.3436746597, 15.3996629715], [-276.773193359, -144.287307739, 486.109405518, 57.3184204102, -11.1007528305, 67.9788818359, 22.1513786316, -2.36339521408, -11.1543512344, -6.72119426727, -73.443572998, 31.9581279755, -0.398756057024], [-157.496551514, 73.4101867676, 57.3184204102, 156.012008667, 73.0620422363, 10.0752162933, -31.4522209167, -3.24475431442, 6.06341171265, 6.0509314537, -34.3806304932, -3.23859930038, 32.1838188171], [29.1203613281, -8.51349830627, -11.1007528305, 73.0620422363, 192.180953979, 20.0150413513, -89.1462631226, -36.8672866821, 21.1485748291, 8.94426441193, -14.188785553, -22.4222774506, 10.7993965149], [-25.773399353, -83.8287353516, 67.9788818359, 10.0752162933, 20.0150413513, 115.485198975, 46.4214782715, -25.7302799225, -15.2713413239, -9.3844461441, -9.7304058075, 12.9713201523, 0.0900396406651], [-113.658187866, -1.13576078415, 22.1513786316, -31.4522209167, -89.1462631226, 46.4214782715, 212.237701416, 25.3325595856, -37.5079154968, -6.26119279861, -20.5077724457, 27.5896396637, 12.0637073517], [-8.82468891144, 54.5406150818, -2.36339521408, -3.24475431442, -36.8672866821, -25.7302799225, 25.3325595856, 119.0209198, 12.2757425308, -27.8137989044, -13.7888917923, 7.8695025444, 16.8531494141], [76.5681228638, -29.940284729, -11.1543512344, 6.06341171265, 21.1485748291, -15.2713413239, -37.5079154968, 12.2757425308, 97.9036407471, 34.1650619507, 11.1789751053, -19.3926563263, -6.02207994461], [-49.6232910156, -32.5051803589, -6.72119426727, 6.0509314537, 8.94426441193, -9.3844461441, -6.26119279861, -27.8137989044, 34.1650619507, 109.601325989, 11.7122821808, -22.3016090393, -7.90143251419], [121.723167419, 17.6849155426, -73.443572998, -34.3806304932, -14.188785553, -9.7304058075, -20.5077724457, -13.7888917923, 11.1789751053, 11.7122821808, 118.243392944, 14.8867588043, -36.4080467224], [9.88426685333, -14.3436746597, 31.9581279755, -3.23859930038, -22.4222774506, 12.9713201523, 27.5896396637, 7.8695025444, -19.3926563263, -22.3016090393, 14.8867588043, 96.6100387573, 28.0557117462], [-61.4160346985, 15.3996629715, -0.398756057024, 32.1838188171, 10.7993965149, 0.0900396406651, 12.0637073517, 16.8531494141, -6.02207994461, -7.90143251419, -36.4080467224, 28.0557117462, 120.399803162]],
        "icov": [[0.000956853968091, 0.00118960090913, 0.000725613848772, -1.91037706827e-05, -0.000138135656016, 0.000527155294549, 0.000199899819563, -0.000261964509264, -0.000363212573575, 0.0010126628913, -0.000663750106469, -0.000108532512968, 0.000244949857006], [0.00118960090913, 0.00286376476288, 0.00125924602617, -0.00111784797627, -4.84470474476e-05, 0.00157296366524, -1.4186945009e-05, -0.00073995499406, 0.000133180627017, 0.00163241766859, -0.00125351164024, 0.000188601858099, 0.000342465529684], [0.000725613848772, 0.00125924602617, 0.00345657672733, -0.00131977745332, 0.00090328726219, -0.00108292570803, 0.0007175183855, -0.000362108286936, -0.000302207510686, 0.000504760129843, 0.00148074631579, -0.00143717287574, 0.00127255893312], [-1.91037706827e-05, -0.00111784797627, -0.00131977745332, 0.00984844565392, -0.00337427132763, -0.000564191141166, 0.000536474050023, -0.000330053706421, -0.000138945979415, -0.00107048056088, 0.00142114807386, -0.000199615446036, -0.00180911994539], [-0.000138135656016, -4.84470474476e-05, 0.00090328726219, -0.00337427132763, 0.00911093410105, -0.00303009012714, 0.00351253803819, 0.00161625409964, -0.00093181169359, 5.03474693687e-05, 0.00124248780776, 0.000727939826902, -0.000389647233533], [0.000527155294549, 0.00157296366524, -0.00108292570803, -0.000564191141166, -0.00303009012714, 0.0135482251644, -0.00426881201565, 0.00259443558753, 5.34409309694e-06, 0.00261098053306, -0.00141867576167, -0.00027420790866, 0.000347673252691], [0.000199899819563, -1.4186945009e-05, 0.0007175183855, 0.000536474050023, 0.00351253803819, -0.00426881201565, 0.00806396547705, -0.00175918510649, 0.0018660192145, -0.00156809948385, 0.00176784896757, -0.00124517211225, -9.56927033258e-05], [-0.000261964509264, -0.00073995499406, -0.000362108286936, -0.000330053706421, 0.00161625409964, 0.00259443558753, -0.00175918510649, 0.011624885723, -0.00356642226689, 0.00346756074578, 0.00119434588123, -0.000172331405338, -0.00109931640327], [-0.000363212573575, 0.000133180627017, -0.000302207510686, -0.000138945979415, -0.00093181169359, 5.34409309694e-06, 0.0018660192145, -0.00356642226689, 0.0139884036034, -0.00477415043861, -0.00116441701539, 0.001610488398, -0.000111385059427], [0.0010126628913, 0.00163241766859, 0.000504760129843, -0.00107048056088, 5.03474693687e-05, 0.00261098053306, -0.00156809948385, 0.00346756074578, -0.00477415043861, 0.0133356414735, -0.00218345900066, 0.00230617146008, -0.000300407089526], [-0.000663750106469, -0.00125351164024, 0.00148074631579, 0.00142114807386, 0.00124248780776, -0.00141867576167, 0.00176784896757, 0.00119434588123, -0.00116441701539, -0.00218345900066, 0.0132302520797, -0.00458067655563, 0.00385866663419], [-0.000108532512968, 0.000188601858099, -0.00143717287574, -0.000199615446036, 0.000727939826902, -0.00027420790866, -0.00124517211225, -0.000172331405338, 0.001610488398, 0.00230617146008, -0.00458067655563, 0.0142815625295, -0.00442826282233], [0.000244949857006, 0.000342465529684, 0.00127255893312, -0.00180911994539, -0.000389647233533, 0.000347673252691, -9.56927033258e-05, -0.00109931640327, -0.000111385059427, -0.000300407089526, 0.00385866663419, -0.00442826282233, 0.011246197857]]
    },
    "spectral_contrast_coeffs": {
        "max": [-0.364399313927, -0.387031793594, -0.443914353848, -0.567973732948, -0.625229895115, -0.681640028954],
        "mean": [-0.636545419693, -0.725495278835, -0.700587034225, -0.711911976337, -0.751812756062, -0.782537400723],
        "min": [-0.826139569283, -0.93558883667, -0.861840844154, -0.89017111063, -0.856044650078, -0.855656027794],
        "stdev": [0.0660099834204, 0.0781121551991, 0.0631379112601, 0.0496014989913, 0.0399040728807, 0.0248972922564]
    },
    "spectral_contrast_valleys": {
        "max": [-6.12301063538, -4.81105184555, -6.38637685776, -6.62611722946, -6.95971393585, -7.90866565704],
        "mean": [-7.82402467728, -6.48268604279, -8.02065372467, -8.09506034851, -8.50985431671, -10.7877540588],
        "min": [-9.92928981781, -8.48275089264, -10.0216884613, -10.2463169098, -11.0760183334, -12.8581047058],
        "stdev": [0.55925732851, 0.46190854907, 0.567886412144, 0.627881765366, 0.620441675186, 0.764491260052]
    }
},
"rhythm": {
    "beats_count": 103,
    "beats_loudness": {
        "max": 0.0701582580805,
        "mean": 0.0170095842332,
        "min": 0.00198972900398,
        "stdev": 0.0141893997788
    },
    "bpm": 153.529281616,
    "bpm_histogram_first_peak_bpm": 152,
    "bpm_histogram_first_peak_weight": 0.208333313465,
    "bpm_histogram_second_peak_bpm": 157,
    "bpm_histogram_second_peak_spread": 0.136363625526,
    "bpm_histogram_second_peak_weight": 0.186274513602,
    "danceability": 0.9206174016,
    "onset_rate": 2.255859375,
    "beats_loudness_band_ratio": {
        "max": [0.487149357796, 0.603805243969, 0.890850782394, 0.802959322929, 0.518450260162, 0.751451551914],
        "mean": [0.0725785121322, 0.21101693809, 0.410911828279, 0.212088242173, 0.0786207318306, 0.0581218712032],
        "min": [0.00071495649172, 0.0119546437636, 0.050595074892, 0.0172819439322, 0.00900269020349, 0.00142260757275],
        "stdev": [0.0793092623353, 0.156467691064, 0.231420844793, 0.183106914163, 0.0817676857114, 0.15121473372]
    },
