{
"metadata": {
    "version": {
        "essentia": "2.1-beta5",
        "essentia_git_sha": "Undefined",
        "extractor": "music 2.0"
    },
    "audio_properties": {
        "analysis": {
            "equal_loudness": 0,
            "length": 52.2448997498,
            "sample_rate": 44100,
            "start_time": 110.248344421,
            "downmix": "mix"
        },
        "bit_rate": 192000,
        "length": 191.100234985,
        "lossless": 0,
        "number_channels": 2,
        "replay_gain": -8.58444023132,
        "sample_rate": 48000,
        "codec": "mp3",
        "md5_encoded": "5eab1599463c077803a77d4832ff1376"
    },
    "tags": {
        "file_name": "Switzerland_Djambo, Djambo_Peter, Sue and Marc.mp3",
        "encoding": ["Lavf58.29.100"]
    }
},
"lowlevel": {
    "average_loudness": 0.875293076038,
    "barkbands_crest": {
        "max": 22.1246566772,
        "mean": 8.21055316925,
        "min": 2.60911607742,
        "stdev": 3.21520113945
    },
    "barkbands_flatness_db": {
        "max": 0.265702724457,
        "mean": 0.116721451283,
        "min": 0.0407850630581,
        "stdev": 0.0336261428893
    },
    "barkbands_kurtosis": {
        "max": 56.6611785889,
        "mean": 1.71169924736,
        "min": -1.83509027958,
        "stdev": 3.31963396072
    },
    "barkbands_skewness": {
        "max": 6.68613243103,
        "mean": 1.16332232952,
        "min": -1.81244254112,
        "stdev": 0.710386812687
    },
    "barkbands_spread": {
        "max": 100.441192627,
        "mean": 25.9039173126,
        "min": 2.42594313622,
        "stdev": 14.4020605087
    },
    "dissonance": {
        "max": 0.499908924103,
        "mean": 0.460107296705,
        "min": 0.359020441771,
        "stdev": 0.0238316841424
    },
    "dynamic_complexity": 2.9806497097,
    "erbbands_crest": {
        "max": 30.6378707886,
        "mean": 9.15055274963,
        "min": 2.39327692986,
        "stdev": 4.02290439606
    },
    "erbbands_flatness_db": {
        "max": 0.326060622931,
        "mean": 0.15891957283,
        "min": 0.0681316182017,
        "stdev": 0.0424668379128
    },
    "erbbands_kurtosis": {
        "max": 13.1131649017,
        "mean": 0.387126207352,
        "min": -1.64880228043,
        "stdev": 1.52279889584
    },
    "erbbands_skewness": {
        "max": 3.0498483181,
        "mean": 0.634366691113,
        "min": -2.17889142036,
        "stdev": 0.614515125751
    },
    "erbbands_spread": {
        "max": 117.120956421,
        "mean": 38.9628295898,
        "min": 7.06406736374,
        "stdev": 18.0471115112
    },
    "hfc": {
        "max": 146.225036621,
        "mean": 24.9468784332,
        "min": 0.739830493927,
        "stdev": 19.1963195801
    },
    "loudness_ebu128": {
        "integrated": -15.9645719528,
        "loudness_range": 4.09915351868,
        "momentary": {
            "max": -10.5138111115,
            "mean": -16.7131710052,
            "min": -26.2985191345,
            "stdev": 2.72450375557
        },
        "short_term": {
            "max": -13.8904209137,
            "mean": -16.2191619873,
            "min": -19.5162944794,
            "stdev": 1.40764558315
        }
    },
    "melbands_crest": {
        "max": 30.6531181335,
        "mean": 10.8001871109,
        "min": 3.93066763878,
        "stdev": 3.94983100891
    },
    "melbands_flatness_db": {
        "max": 0.349701404572,
        "mean": 0.142802119255,
        "min": 0.0273107048124,
        "stdev": 0.0382705666125
    },
    "melbands_kurtosis": {
        "max": 104.839820862,
        "mean": 6.99136161804,
        "min": -1.64268553257,
        "stdev": 7.16210460663
    },
    "melbands_skewness": {
        "max": 8.11053752899,
        "mean": 1.93800103664,
        "min": -0.564272344112,
        "stdev": 0.935810863972
    },
    "melbands_spread": {
        "max": 183.715103149,
        "mean": 29.3100662231,
        "min": 1.9957498312,
        "stdev": 19.1792469025
    },
    "pitch_salience": {
        "max": 0.81798517704,
        "mean": 0.593387722969,
        "min": 0.23866507411,
        "stdev": 0.0768742337823
    },
    "silence_rate_20dB": {
        "max": 1,
        "mean": 1,
        "min": 1,
        "stdev": 0
    },
    "silence_rate_30dB": {
        "max": 1,
        "mean": 1,
        "min": 1,
        "stdev": 0
    },
    "silence_rate_60dB": {
        "max": 1,
        "mean": 0.028431808576,
        "min": 0,
        "stdev": 0.166203886271
    },
    "spectral_centroid": {
        "max": 4421.5859375,
        "mean": 1571.90527344,
        "min": 272.996002197,
        "stdev": 564.760437012
    },
    "spectral_complexity": {
        "max": 51,
        "mean": 18.6588191986,
        "min": 2,
        "stdev": 7.58896446228
    },
    "spectral_decrease": {
        "max": -2.83794904243e-10,
        "mean": -4.51940040946e-09,
        "min": -2.39486954712e-08,
        "stdev": 3.41769834655e-09
    },
    "spectral_energy": {
        "max": 0.0981898605824,
        "mean": 0.0193200223148,
        "min": 0.00126129132695,
        "stdev": 0.0143788121641
    },
    "spectral_energyband_high": {
        "max": 0.00926033873111,
        "mean": 0.00131058820989,
        "min": 1.31979822982e-05,
        "stdev": 0.00128088227939
    },
    "spectral_energyband_low": {
        "max": 0.0226340312511,
        "mean": 0.00097576493863,
        "min": 6.89053933911e-07,
        "stdev": 0.00125994626433
    },
    "spectral_energyband_middle_high": {
        "max": 0.085759550333,
        "mean": 0.00838497281075,
        "min": 0.00013517581101,
        "stdev": 0.0095653925091
    },
    "spectral_energyband_middle_low": {
        "max": 0.0587803758681,
        "mean": 0.0091904560104,
        "min": 0.000423832185334,
        "stdev": 0.00742977205664
    },
    "spectral_entropy": {
        "max": 8.68525409698,
        "mean": 7.74749088287,
        "min": 6.45149087906,
        "stdev": 0.328418761492
    },
    "spectral_flux": {
        "max": 0.257271975279,
        "mean": 0.0812133923173,
        "min": 0.0110350856557,
        "stdev": 0.0385176390409
    },
    "spectral_kurtosis": {
        "max": 14.9397945404,
        "mean": 3.01134395599,
        "min": -1.27989327908,
        "stdev": 1.79187119007
    },
    "spectral_rms": {
        "max": 0.00978749152273,
        "mean": 0.00405924534425,
        "min": 0.00110929168295,
        "stdev": 0.00153990776744
    },
    "spectral_rolloff": {
        "max": 12295.4589844,
        "mean": 2317.39892578,
        "min": 193.798828125,
        "stdev": 1897.63818359
    },
    "spectral_skewness": {
        "max": 3.05882978439,
        "mean": 1.43778324127,
        "min": 0.180641740561,
        "stdev": 0.342112451792
    },
    "spectral_spread": {
        "max": 14742516,
        "mean": 5872456.5,
        "min": 2806948.75,
        "stdev": 1955489.625
    },
    "spectral_strongpeak": {
        "max": 9.77529239655,
        "mean": 1.42440354824,
        "min": 0.0309962872416,
        "stdev": 1.36898338795
    },
    "zerocrossingrate": {
        "max": 0.33935546875,
        "mean": 0.0927788615227,
        "min": 0.0146484375,
        "stdev": 0.0418606735766
    },
    "barkbands": {
        "max": [0.00051350024296, 0.00858909077942, 0.0168447569013, 0.0190142355859, 0.0176738779992, 0.023426676169, 0.0301075279713, 0.0400302484632, 0.0302738267928, 0.0544405579567, 0.0335359163582, 0.0344903618097, 0.0373393297195, 0.0146167529747, 0.038067817688, 0.013321521692, 0.00429380731657, 0.00319749792106, 0.00372044253163, 0.00585275050253, 0.00518721248955, 0.00281733321026, 0.00204596947879, 0.00397938489914, 0.00314413174056, 0.00186049460899, 3.19160562867e-06],
        "mean": [8.70602980285e-06, 0.000383352919016, 0.0003952983825, 0.00041508427239, 0.00112102995627, 0.00180646183435, 0.00198501069099, 0.00141167431138, 0.00175469892565, 0.00280709960498, 0.00156775070354, 0.000894262338988, 0.000585201429203, 0.000566504488233, 0.000889301009011, 0.000424252386438, 0.000244852883043, 0.000341685372405, 0.00026645543403, 0.000391183595639, 0.000358745834092, 0.00013018399477, 0.000128177096485, 0.000195109125343, 0.000192787672859, 5.51296070626e-05, 4.36458336139e-08],
        "min": [4.76366146529e-09, 6.5311972719e-08, 4.80984709839e-08, 4.65518787962e-08, 2.61540708379e-06, 4.4570033424e-06, 4.58559270555e-06, 2.84486213786e-06, 4.20306878368e-06, 1.94571089196e-06, 1.2946275092e-06, 1.50489745465e-06, 8.64546393586e-07, 1.59200976668e-06, 1.09588347641e-06, 2.63810335355e-07, 2.05971673495e-06, 1.38801021876e-06, 3.10379300572e-06, 3.1738245525e-06, 1.78830293862e-06, 1.2876079154e-06, 6.38663436803e-07, 7.61359274293e-07, 9.8013117622e-07, 1.69460747657e-07, 2.50284758196e-11],
        "stdev": [1.7311758711e-05, 0.000578356964979, 0.00073534186231, 0.00109444768168, 0.00137724704109, 0.00216549122706, 0.00246285228059, 0.00326401554048, 0.0031090832781, 0.00491931336001, 0.00351200299338, 0.0022441719193, 0.001510679489, 0.00120252743363, 0.00228675501421, 0.000977371586487, 0.000347138993675, 0.000455636414699, 0.000359220837709, 0.000552916666493, 0.000525458133779, 0.00022350747895, 0.000180267423275, 0.000273809215287, 0.000291256204946, 9.1623121989e-05, 1.46903204268e-07]
    },
    "erbbands": {
        "max": [0.213130369782, 2.19662261009, 11.8125772476, 30.8916625977, 48.4339866638, 94.3387756348, 146.763076782, 225.90713501, 460.402526855, 694.471435547, 650.754638672, 746.607971191, 867.438720703, 2140.90112305, 1422.64648438, 1709.87023926, 1963.58776855, 725.851013184, 1236.81213379, 2110.60424805, 624.53137207, 228.632949829, 193.939025879, 244.062469482, 133.456054688, 283.8074646, 300.649230957, 149.976470947, 92.9551696777, 91.5544052124, 65.6295318604, 60.2162246704, 84.7795028687, 56.0672721863, 13.4005489349, 9.56091594696, 3.01611876488, 0.129570692778, 0.00308884982951, 0.000208209516131],
        "mean": [0.00634122267365, 0.105458080769, 0.436181783676, 0.957263112068, 2.12955093384, 4.18518066406, 8.83657550812, 15.8774709702, 28.4656162262, 26.8370876312, 32.0853271484, 41.3086128235, 67.5776138306, 93.6148376465, 51.1227836609, 36.6408004761, 27.4352931976, 30.6178741455, 35.045375824, 45.5655059814, 19.6895217896, 14.0877161026, 17.5161056519, 17.170873642, 11.9312124252, 19.1194019318, 20.206697464, 9.02424621582, 4.78069162369, 4.12779378891, 3.59872412682, 3.75887703896, 3.37205648422, 2.70080518723, 1.04333341122, 0.389153897762, 0.0728451684117, 0.00222688145004, 8.73448661878e-05, 3.23015083268e-05],
        "min": [2.39229234467e-06, 2.68311196123e-05, 0.000202159004402, 0.000263107795035, 0.00187986064702, 0.00819451734424, 0.0613360218704, 0.0461616702378, 0.161312788725, 0.122260771692, 0.124902255833, 0.128876119852, 0.168013602495, 0.188895955682, 0.281325131655, 0.133410289884, 0.0795948207378, 0.174797937274, 0.204399183393, 0.236418843269, 0.157775759697, 0.164781376719, 0.0948517695069, 0.192610546947, 0.100290291011, 0.126016631722, 0.107400357723, 0.0816782414913, 0.0471449568868, 0.0192252136767, 0.0182865038514, 0.0178932100534, 0.0135451219976, 0.0107995131984, 0.00669428566471, 0.00292685814202, 8.44753667479e-05, 3.95847564505e-06, 1.50486675921e-06, 1.86303714145e-06],
        "stdev": [0.0103848427534, 0.154405474663, 0.652914464474, 2.08447241783, 3.38501811028, 6.22148752213, 12.0900001526, 19.521654129, 36.9824714661, 45.6999588013, 60.0803451538, 75.3514709473, 115.483200073, 188.294021606, 103.223197937, 88.0147705078, 71.2592391968, 62.7968902588, 74.7374954224, 127.989593506, 36.6963005066, 19.7555217743, 23.2229652405, 23.7439441681, 14.1278152466, 26.3253726959, 30.1717357635, 12.7342414856, 7.97669458389, 6.35871267319, 5.19972610474, 5.43961954117, 4.92440271378, 4.45403528214, 1.40080523491, 0.578788399696, 0.138650715351, 0.00489034643397, 0.000133958179504, 2.15905965888e-05]
    },
    "gfcc": {
        "mean": [12.0265398026, 61.047088623, -132.458602905, 15.0555429459, -84.1937103271, 15.1354150772, -49.3376655579, 17.5107765198, -34.9578399658, 9.35535430908, -17.3068618774, -0.53137075901, -4.49523639679],
        "cov": [[1694.14440918, -436.733520508, -377.393280029, -176.723068237, -203.539505005, 1.52270507812, 114.712524414, 51.3567123413, 12.422958374, 39.9640617371, -7.29496097565, -16.1441287994, -32.8601570129], [-436.733520508, 712.559875488, 89.7461547852, 41.5831069946, 144.861358643, -40.9817581177, 37.4161338806, -57.1393089294, -66.1200866699, -28.2599315643, 92.6928024292, -50.5624427795, -2.59765791893], [-377.393280029, 89.7461547852, 946.04876709, 247.054000854, 147.345535278, 278.902862549, -133.840820312, -22.0218486786, -88.273979187, 15.1050605774, -43.7315826416, 1.30023562908, -154.287811279], [-176.723068237, 41.5831069946, 247.054000854, 300.302764893, 96.8381347656, 42.9432373047, -22.3272800446, -7.92861700058, 12.8566436768, -1.9183396101, -27.3479137421, -21.838924408, -12.6055793762], [-203.539505005, 144.861358643, 147.345535278, 96.8381347656, 205.746765137, 67.8864059448, -17.8539581299, 24.176651001, -7.45897579193, 15.0009899139, -10.0260953903, -9.28276634216, -3.5687687397], [1.52270507812, -40.9817581177, 278.902862549, 42.9432373047, 67.8864059448, 264.406829834, 12.4513158798, -13.1605796814, -11.0995225906, 30.6681938171, 0.0514249168336, -18.5523834229, -74.857925415], [114.712524414, 37.4161338806, -133.840820312, -22.3272800446, -17.8539581299, 12.4513158798, 199.31338501, 40.0697135925, -15.6319255829, 22.64453125, 36.6514816284, 0.878483951092, -5.72474336624], [51.3567123413, -57.1393089294, -22.0218486786, -7.92861700058, 24.176651001, -13.1605796814, 40.0697135925, 123.425567627, 45.9855690002, 2.88651275635, -14.0995588303, 16.9342937469, 19.3632469177], [12.422958374, -66.1200866699, -88.273979187, 12.8566436768, -7.45897579193, -11.0995225906, -15.6319255829, 45.9855690002, 141.194534302, 29.5249614716, -25.8131961823, 11.1344385147, 30.3207530975], [39.9640617371, -28.2599315643, 15.1050605774, -1.9183396101, 15.0009899139, 30.6681938171, 22.64453125, 2.88651275635, 29.5249614716, 86.6295013428, 32.3547286987, 10.4778203964, -6.28301477432], [-7.29496097565, 92.6928024292, -43.7315826416, -27.3479137421, -10.0260953903, 0.0514249168336, 36.6514816284, -14.0995588303, -25.8131961823, 32.3547286987, 108.539176941, 16.7329730988, 3.65452528], [-16.1441287994, -50.5624427795, 1.30023562908, -21.838924408, -9.28276634216, -18.5523834229, 0.878483951092, 16.9342937469, 11.1344385147, 10.4778203964, 16.7329730988, 78.6024627686, 24.9994754791], [-32.8601570129, -2.59765791893, -154.287811279, -12.6055793762, -3.5687687397, -74.857925415, -5.72474336624, 19.3632469177, 30.3207530975, -6.28301477432, 3.65452528, 24.9994754791, 107.488395691]],
        "icov": [[0.000912998861168, 0.000181485593203, 0.00072611233918, -0.00023862204398, 0.00084187486209, -0.000627124973107, 0.00030860354309, -0.000900528451893, 0.000913141993806, -0.000898200087249, 0.000451475003501, 2.82235014311e-05, 0.000735632784199], [0.000181485593203, 0.00491193681955, -0.003489312483, 0.00316694821231, -0.00565156107768, 0.004850985948, -0.00482148164883, 0.00543740903959, -0.0049053831026, 0.00592181039974, -0.00668357219547, 0.00539748743176, -0.00180673797149], [0.00072611233918, -0.003489312483, 0.00752182584256, -0.00564727466553, 0.00533505668864, -0.00737084029242, 0.0075224712491, -0.00739223556593, 0.0084893302992, -0.00707864947617, 0.00662748329341, -0.00684284605086, 0.00560599844903], [-0.00023862204398, 0.00316694821231, -0.00564727466553, 0.00857383571565, -0.00639921147376, 0.00568266585469, -0.00608500465751, 0.0067511848174, -0.00744679803029, 0.00614794064313, -0.00492048077285, 0.00611856905743, -0.00368789187633], [0.00084187486209, -0.00565156107768, 0.00533505668864, -0.00639921147376, 0.0148827079684, -0.00852453056723, 0.00775438779965, -0.0104980571195, 0.00949333049357, -0.0103091327474, 0.00898894201964, -0.00581928296015, 0.00165706942789], [-0.000627124973107, 0.004850985948, -0.00737084029242, 0.00568266585469, -0.00852453056723, 0.0133151998743, -0.00840024463832, 0.00894880760461, -0.00922896433622, 0.00702241715044, -0.00791621208191, 0.00753667298704, -0.00152738869656], [0.00030860354309, -0.00482148164883, 0.0075224712491, -0.00608500465751, 0.00775438779965, -0.00840024463832, 0.0146170640364, -0.0114840622991, 0.0107087595388, -0.00976820476353, 0.00626035965979, -0.00677499035373, 0.005087566562], [-0.000900528451893, 0.00543740903959, -0.00739223556593, 0.0067511848174, -0.0104980571195, 0.00894880760461, -0.0114840622991, 0.0208079982549, -0.0135518545285, 0.0110013838857, -0.00755317416042, 0.00547691946849, -0.00499047804624], [0.000913141993806, -0.0049053831026, 0.0084893302992, -0.00744679803029, 0.00949333049357, -0.00922896433622, 0.0107087595388, -0.0135518545285, 0.0213929973543, -0.0149859441444, 0.0119808884338, -0.00794056523591, 0.00290115457028], [-0.000898200087249, 0.00592181039974, -0.00707864947617, 0.00614794064313, -0.0103091327474, 0.00702241715044, -0.00976820476353, 0.0110013838857, -0.0149859441444, 0.0264969095588, -0.014986641705, 0.00626798858866, -0.0026969909668], [0.000451475003501, -0.00668357219547, 0.00662748329341, -0.00492048077285, 0.00898894201964, -0.00791621208191, 0.00626035965979, -0.00755317416042, 0.0119808884338, -0.014986641705, 0.0229474380612, -0.0103999515995, 0.00277490331791], [2.82235014311e-05, 0.00539748743176, -0.00684284605086, 0.00611856905743, -0.00581928296015, 0.00753667298704, -0.00677499035373, 0.00547691946849, -0.00794056523591, 0.00626798858866, -0.0103999515995, 0.0229308474809, -0.00763079477474], [0.000735632784199, -0.00180673797149, 0.00560599844903, -0.00368789187633, 0.00165706942789, -0.00152738869656, 0.005087566562, -0.00499047804624, 0.00290115457028, -0.0026969909668, 0.00277490331791, -0.00763079477474, 0.0179645139724]]
    },
    "melbands": {
        "max": [0.00210121739656, 0.00454196939245, 0.00587199442089, 0.00435873586684, 0.00393157638609, 0.00556951668113, 0.00603992724791, 0.00754861347377, 0.00467128492892, 0.00531961070374, 0.00461397273466, 0.0092830164358, 0.00477079069242, 0.00421260204166, 0.00295073026791, 0.00403818348423, 0.00142072944436, 0.00152968103066, 0.00254595815204, 0.00163243385032, 0.000669185712468, 0.000285378337139, 0.00029440477374, 0.000227477037697, 0.000252387399087, 0.000100076154922, 0.000166655037901, 0.000259711698163, 0.000219049747102, 0.000105776613054, 0.000114400063467, 5.58156352781e-05, 6.4895968535e-05, 4.47818711109e-05, 3.83630322176e-05, 4.25338985224e-05, 3.81412937713e-05, 5.58549181733e-05, 6.11807772657e-05, 5.08957964485e-05],
        "mean": [8.3208680735e-05, 0.000200357681024, 0.00019868608797, 0.000226366581046, 0.000283797387965, 0.000367697502952, 0.000430637737736, 0.00029899191577, 0.000260440225247, 0.000259416090557, 0.000339910911862, 0.000388417392969, 0.000194193096831, 0.000110846929601, 6.81095916661e-05, 5.89603587287e-05, 5.53843492526e-05, 5.19705790794e-05, 6.62297898089e-05, 4.52867425338e-05, 1.88977082871e-05, 1.38294799399e-05, 1.58809161803e-05, 1.60012314154e-05, 1.38754649015e-05, 8.98644066183e-06, 8.77152797329e-06, 1.34224828798e-05, 1.48892377183e-05, 7.80327627581e-06, 4.18362560595e-06, 2.6813158911e-06, 2.32864886129e-06, 2.31904641623e-06, 2.09422364605e-06, 2.05664446185e-06, 2.35228935708e-06, 2.32299862546e-06, 2.45155251832e-06, 2.21215645979e-06],
        "min": [1.77785306477e-08, 7.48987787347e-08, 7.03869318386e-08, 5.53500626665e-07, 5.02471266373e-07, 8.77135903465e-07, 1.43134980135e-06, 1.02463036455e-06, 3.40341017591e-07, 5.50377080799e-07, 5.89252863392e-07, 4.21844276843e-07, 5.61546983135e-07, 1.12666121765e-07, 1.05600591382e-07, 6.43899866759e-08, 1.74486899596e-07, 1.36652417382e-07, 4.34087290557e-08, 2.50484273323e-08, 1.29708528362e-08, 1.20140981608e-07, 3.77067479462e-08, 8.62542322011e-08, 9.46990752482e-08, 4.8347104098e-08, 2.65460400328e-08, 8.68086118544e-08, 7.05109002297e-08, 5.05400592488e-08, 3.83854406039e-08, 2.02023979767e-08, 6.10682038271e-09, 1.16287579566e-09, 6.66745725297e-09, 8.07114286516e-09, 8.02793032051e-09, 8.65377813852e-09, 9.86333770214e-09, 6.98462399029e-09],
        "stdev": [0.000127874678583, 0.0002698120079, 0.000394444447011, 0.000285293615889, 0.000371312722564, 0.000443356548203, 0.000528095697518, 0.000582458742429, 0.000463048170786, 0.00047949058353, 0.000605688779615, 0.000784476695117, 0.000411136366893, 0.000278436404187, 0.000178804562893, 0.000151270825882, 0.000121196178952, 0.000118680793094, 0.000178221671376, 0.000118236283015, 3.72880131181e-05, 2.15214968193e-05, 2.30717796512e-05, 2.40770968958e-05, 2.15132695303e-05, 1.1930635992e-05, 1.23446898215e-05, 2.00793056138e-05, 2.42820460699e-05, 1.1290083421e-05, 6.84423457642e-06, 4.82527002532e-06, 4.08409277952e-06, 3.47010109181e-06, 3.11026587951e-06, 3.11810549647e-06, 3.54900612365e-06, 3.48815774487e-06, 4.05977471019e-06, 3.76248135581e-06]
    },
    "melbands128": {
        "max": [0.000276805425528, 0.00170195370447, 0.00376338837668, 0.00367878982797, 0.00396085251123, 0.0100115463138, 0.00739133264869, 0.0105686513707, 0.00638148933649, 0.0056717870757, 0.00667938869447, 0.00396732054651, 0.00727728568017, 0.00692864926532, 0.0050485455431, 0.0109914522618, 0.0144855752587, 0.00769873056561, 0.00926582235843, 0.011908845976, 0.0168291870505, 0.0108572067693, 0.00590067217126, 0.00652755331248, 0.00648854952306, 0.0114012854174, 0.00773211475462, 0.00735610956326, 0.0139127457514, 0.0153473606333, 0.0166025515646, 0.00876790378243, 0.00955578591675, 0.00558316102251, 0.00702926656231, 0.0056197848171, 0.00926922913641, 0.00597854238003, 0.00362071953714, 0.00978149101138, 0.0032921123784, 0.00330675183795, 0.00252005597576, 0.00316103943624, 0.00318686896935, 0.00283160433173, 0.00581317394972, 0.00490832794458, 0.0059652752243, 0.00396830542013, 0.00259243370965, 0.00169601023663, 0.00157699082047, 0.000549421471078, 0.000476376939332, 0.000626228575129, 0.000527760537807, 0.00059635611251, 0.000564034155104, 0.000341466075042, 0.000519780500326, 0.000310908071697, 0.000462578929728, 0.00038789131213, 0.000251564022619, 0.000165413846844, 0.00017205432232, 0.000193327025045, 0.000271032418823, 0.000440152798546, 0.000320926395943, 0.000668173364829, 0.000401309574954, 0.000538685533684, 0.00043354392983, 0.000149420287926, 0.000221109337872, 9.26449865801e-05, 0.000166862460901, 9.86867089523e-05, 6.23630694463e-05, 5.75758822379e-05, 5.21723595739e-05, 9.14982520044e-05, 6.31187213003e-05, 5.24018723809e-05, 5.34189239261e-05, 6.65895859129e-05, 4.93236111652e-05, 4.87127254019e-05, 4.39289797214e-05, 6.2583880208e-05, 5.44457361684e-05, 4.67809695692e-05, 5.71954115003e-05, 4.85817981826e-05, 5.23073540535e-05, 9.88377505564e-05, 5.98197148065e-05, 9.69062821241e-05, 7.71482518758e-05, 7.25034551579e-05, 3.19351747748e-05, 2.3122460334e-05, 2.0889847292e-05, 1.54624158313e-05, 1.62733722391e-05, 1.53288165166e-05, 2.35303759837e-05, 1.92931111087e-05, 2.97797014355e-05, 1.714078644e-05, 6.07511765338e-06, 1.05122444438e-06, 1.31323179176e-06, 1.68442352333e-06, 2.65668347765e-07, 1.44478784492e-09, 1.35137334656e-09, 1.29384303271e-09, 1.24523269474e-09, 1.19951171218e-09, 1.18247178715e-09, 1.15688669755e-09, 1.14203124735e-09, 1.12530651464e-09, 1.11348208431e-09, 1.10621001248e-09],
        "mean": [7.09258210918e-06, 3.19906357618e-05, 0.000107931249659, 0.000193537358427, 0.000228421922657, 0.000183234660653, 0.000182808522368, 0.000217671273276, 0.0001971325255, 0.000240733017563, 0.0002319864725, 0.000220631598495, 0.000297786056763, 0.000368080916815, 0.000321733386954, 0.000389098189771, 0.000464492390165, 0.00047385765356, 0.000352175382432, 0.000260924483882, 0.000303466920741, 0.000314703444019, 0.000223477807594, 0.000238321270444, 0.000293474120554, 0.000230030404055, 0.000279869593214, 0.000352054281393, 0.000389445136534, 0.000423168385169, 0.000419284624513, 0.000254337035585, 0.000205682285014, 0.000116627306852, 0.000115727780212, 0.000114416754514, 0.000100144978205, 5.41127228644e-05, 6.08697991993e-05, 5.98441365582e-05, 5.18665910931e-05, 7.02634788468e-05, 5.63871471968e-05, 4.95283311466e-05, 4.36347327195e-05, 5.48897078261e-05, 5.88019429415e-05, 5.49639407836e-05, 8.48894414958e-05, 6.49909488857e-05, 3.87923973904e-05, 2.51589808613e-05, 2.00563627004e-05, 1.63414424605e-05, 1.52999600687e-05, 1.32581271828e-05, 1.20020367831e-05, 1.64754601428e-05, 1.81566920219e-05, 1.34617557705e-05, 1.70971088664e-05, 1.56879050337e-05, 1.66052504937e-05, 1.29031986944e-05, 1.04448272396e-05, 9.2637801572e-06, 7.97491338744e-06, 6.68774919177e-06, 7.90598005551e-06, 1.3363745893e-05, 1.28396277432e-05, 1.40157817441e-05, 1.55346697284e-05, 1.81118157343e-05, 9.69773373072e-06, 7.63894422562e-06, 7.68551217334e-06, 4.9055843192e-06, 3.74747787646e-06, 3.29349290951e-06, 2.73583236776e-06, 2.39767496168e-06, 2.53547432294e-06, 2.25308212976e-06, 2.35750144384e-06, 1.98269412977e-06, 2.63526226263e-06, 2.2891485969e-06, 2.16237367567e-06, 1.78330378731e-06, 1.86718943951e-06, 2.08838923754e-06, 2.48261108027e-06, 2.34083358919e-06, 2.34632966567e-06, 2.25368148676e-06, 2.43216459239e-06, 2.17586693907e-06, 2.43451154347e-06, 2.50447283179e-06, 2.79388405033e-06, 2.04032608053e-06, 1.80188033028e-06, 1.30298394652e-06, 1.14668500828e-06, 9.49852221765e-07, 7.73306169322e-07, 7.0277303621e-07, 6.94964853665e-07, 5.79845050197e-07, 5.92894934925e-07, 3.96671453018e-07, 1.26110492715e-07, 1.88244371202e-08, 1.03760546821e-08, 9.70534852485e-09, 2.04711803065e-09, 4.6014498635e-12, 3.56514275567e-12, 3.42912503948e-12, 3.31047212213e-12, 3.21319858741e-12, 3.14372681533e-12, 3.07192986326e-12, 2.98737011691e-12, 2.88727201869e-12, 2.82586432553e-12, 2.80283934083e-12],
        "min": [5.89920603686e-12, 3.47880879659e-09, 5.20940890425e-09, 4.22889208096e-08, 5.60796280524e-08, 2.63328008288e-08, 9.95617543964e-09, 3.35291829856e-08, 3.32820633275e-08, 7.20033170865e-08, 1.02093721921e-07, 1.65825497334e-07, 3.96665626567e-07, 3.39932341831e-07, 2.34101349861e-07, 2.29458791523e-07, 9.19231638363e-07, 1.11312476747e-06, 2.32238292597e-07, 1.53200517161e-07, 2.34281714029e-07, 1.29617518496e-07, 1.12446628009e-07, 3.61761962608e-08, 1.73690992256e-07, 9.9210069493e-08, 4.08740916669e-08, 8.56786428471e-08, 1.40473417787e-07, 1.21840955103e-07, 1.8984829353e-07, 1.78605446877e-07, 1.42838434414e-08, 9.28884347218e-08, 3.42427100009e-08, 2.1413832485e-08, 3.68326986688e-08, 3.05593523819e-08, 1.13665281631e-08, 1.47984167143e-08, 1.6997315555e-08, 3.03278397951e-08, 6.31165733012e-08, 1.63597704272e-08, 2.55606096289e-08, 4.80875890219e-08, 2.0508348797e-08, 3.14769437182e-08, 2.02330472376e-08, 3.50569564489e-08, 2.34967725277e-08, 1.59499755625e-08, 7.32238847334e-09, 2.76124811904e-09, 4.94549956542e-09, 2.30434196169e-08, 1.71463909737e-08, 1.85551769505e-08, 2.41406130641e-08, 1.46044198956e-08, 2.78213576621e-08, 3.05387182209e-08, 2.66314703623e-08, 2.03505301499e-08, 5.65694300292e-08, 2.08891943743e-08, 9.42708755503e-09, 2.01287120305e-09, 1.25621859581e-08, 2.96137478983e-08, 2.95976683162e-08, 1.98903933324e-08, 4.18197352303e-08, 4.80776805034e-08, 1.12425180276e-08, 1.68792304578e-08, 3.15570467535e-08, 1.99033802772e-08, 1.60233657454e-08, 1.52920360819e-08, 1.40035574248e-08, 1.48174832404e-08, 3.21443249796e-09, 1.58982368936e-10, 2.60900728105e-11, 1.02969681393e-11, 6.59645046919e-11, 3.35260014195e-10, 1.35960886993e-09, 1.45417577979e-09, 3.15503223547e-09, 5.40133449078e-09, 8.69376659551e-09, 8.33017921309e-09, 6.08259442814e-09, 2.35230857015e-09, 3.23583781991e-09, 9.86905579481e-09, 7.23651361056e-09, 4.95139307333e-09, 6.1115992267e-09, 4.30984004041e-09, 4.14244993863e-09, 5.54313084322e-09, 3.84960641142e-09, 1.73430103612e-09, 6.21195150874e-10, 3.82609943728e-09, 2.99825009265e-09, 9.42604397314e-11, 3.39746405922e-13, 2.07452531173e-13, 1.92763800798e-13, 9.35268708183e-14, 1.11624996898e-13, 9.29253757818e-14, 5.84740385994e-14, 6.61866937125e-14, 7.54095882418e-14, 7.79616714068e-14, 6.43918918837e-14, 7.42297052276e-14, 6.90504917784e-14, 7.60056148336e-14, 4.81421170561e-14, 2.04813481442e-14, 2.79178311294e-15, 1.13588746118e-16],
        "stdev": [1.30866374093e-05, 6.45199907012e-05, 0.000195826709387, 0.000300674000755, 0.000320844934322, 0.000393938156776, 0.000432202738011, 0.000612815609202, 0.000360701815225, 0.000352964969352, 0.000430252664955, 0.000387075095205, 0.00048701823107, 0.000606146873906, 0.000484241289087, 0.000722034310456, 0.000878426595591, 0.000734167115297, 0.000580875377636, 0.000603125372436, 0.00104241725057, 0.000863527995534, 0.000445371813839, 0.000560940068681, 0.000710160878953, 0.000664203544147, 0.000715096481144, 0.000804892100859, 0.00106953596696, 0.00104852975346, 0.00123270961922, 0.000709701504093, 0.000596253259573, 0.000374711031327, 0.000412104593124, 0.000350393122062, 0.00036785582779, 0.000233256956562, 0.000212607730646, 0.00027765345294, 0.000165458273841, 0.000212583065149, 0.000166445504874, 0.000165778343217, 0.000138069386594, 0.000168410857441, 0.000194414460566, 0.000206698226975, 0.000329087750288, 0.000244956318056, 0.000134454108775, 8.1055375631e-05, 6.92979519954e-05, 3.8526901335e-05, 3.02627231576e-05, 3.18078091368e-05, 2.8906541047e-05, 3.20170147461e-05, 3.57485187124e-05, 2.89269173663e-05, 3.94778326154e-05, 3.25223591062e-05, 3.70549896616e-05, 3.00349929603e-05, 2.07696703001e-05, 1.7182152078e-05, 1.33416242534e-05, 1.24368316392e-05, 1.54901572387e-05, 2.86057220364e-05, 2.50455032074e-05, 3.36147058988e-05, 3.2656975236e-05, 4.217863534e-05, 2.07647863135e-05, 1.45116746353e-05, 1.56379701366e-05, 8.74484703672e-06, 8.49869957165e-06, 7.59218892199e-06, 5.52910387341e-06, 4.69221231469e-06, 4.67135669169e-06, 4.50964580523e-06, 4.76168634123e-06, 3.44926229445e-06, 4.14817350247e-06, 3.77814967578e-06, 3.48197909261e-06, 3.1474592106e-06, 3.08231028612e-06, 3.53655309482e-06, 4.04805268772e-06, 3.9730230128e-06, 4.03741205446e-06, 3.82365487894e-06, 4.11168093706e-06, 3.60127842214e-06, 4.30589716416e-06, 4.93140623803e-06, 5.2544069149e-06, 3.83649012292e-06, 3.01023851534e-06, 1.91045182873e-06, 1.71180261077e-06, 1.38757707191e-06, 1.16485034596e-06, 1.05348544821e-06, 1.23288680243e-06, 9.86346094578e-07, 1.24890959796e-06, 8.38445657791e-07, 2.88606827326e-07, 4.61889193559e-08, 3.79090110414e-08, 4.78596966502e-08, 8.37397529097e-09, 3.12718045903e-11, 2.90206018938e-11, 2.77331404369e-11, 2.66623823714e-11, 2.5672580381e-11, 2.52888682217e-11, 2.47376598372e-11, 2.44125813315e-11, 2.40544546087e-11, 2.38013515147e-11, 2.36456826341e-11]
    },
    "mfcc": {
        "mean": [-626.110229492, 95.1309661865, -1.9765638113, -0.982720434666, -10.7705039978, -12.1636705399, -0.801784574986, -8.58915805817, -1.0818811655, 0.00657136691734, -8.02699565887, -1.7759822607, -2.90772199631],
        "cov": [[2011.26306152, -445.389648438, -428.914215088, -228.048339844, -386.156921387, -126.396003723, -38.5434494019, -6.87603092194, 13.0675897598, 92.8084259033, -10.6170816422, 9.19053936005, -20.8609733582], [-445.389648438, 661.068786621, 2.59756994247, 54.0301475525, 69.0305023193, 15.7376127243, 120.702362061, -18.9399318695, -85.9513549805, -38.9246406555, 22.5479412079, 35.2089195251, 3.79008245468], [-428.914215088, 2.59756994247, 731.266174316, 38.1444358826, 247.504333496, 211.031906128, 71.2972488403, 48.1805458069, -57.2130661011, -33.3592796326, 80.9213562012, 3.21223688126, 34.1330986023], [-228.048339844, 54.0301475525, 38.1444358826, 295.751708984, 75.9195175171, -14.3952198029, 10.6159763336, -1.83975243568, 37.7653007507, -21.1955890656, -30.0526103973, 30.8821640015, -23.4776153564], [-386.156921387, 69.0305023193, 247.504333496, 75.9195175171, 349.359313965, 90.9674987793, -9.12387466431, 5.38886165619, 24.4391689301, -0.802485108376, 12.0478610992, -18.6184406281, -2.2448079586], [-126.396003723, 15.7376127243, 211.031906128, -14.3952198029, 90.9674987793, 234.865585327, 67.2553405762, 13.0673589706, -36.6423110962, 26.7361125946, 63.2049217224, -10.6941261292, 14.9721784592], [-38.5434494019, 120.702362061, 71.2972488403, 10.6159763336, -9.12387466431, 67.2553405762, 234.192214966, 21.0969295502, -46.6507568359, -10.5550174713, 39.7515602112, 38.339176178, -7.94411993027], [-6.87603092194, -18.9399318695, 48.1805458069, -1.83975243568, 5.38886165619, 13.0673589706, 21.0969295502, 101.193580627, 36.2499237061, 10.5102357864, 16.716714859, -5.82679653168, 27.9941368103], [13.0675897598, -85.9513549805, -57.2130661011, 37.7653007507, 24.4391689301, -36.6423110962, -46.6507568359, 36.2499237061, 144.802597046, 33.1742095947, -20.9139404297, -6.69105005264, 2.20434713364], [92.8084259033, -38.9246406555, -33.3592796326, -21.1955890656, -0.802485108376, 26.7361125946, -10.5550174713, 10.5102357864, 33.1742095947, 112.375839233, 31.6048259735, -10.934264183, -1.94799745083], [-10.6170816422, 22.5479412079, 80.9213562012, -30.0526103973, 12.0478610992, 63.2049217224, 39.7515602112, 16.716714859, -20.9139404297, 31.6048259735, 102.871002197, 14.8089170456, 4.77563905716], [9.19053936005, 35.2089195251, 3.21223688126, 30.8821640015, -18.6184406281, -10.6941261292, 38.339176178, -5.82679653168, -6.69105005264, -10.934264183, 14.8089170456, 92.6418685913, 13.02384758], [-20.8609733582, 3.79008245468, 34.1330986023, -23.4776153564, -2.2448079586, 14.9721784592, -7.94411993027, 27.9941368103, 2.20434713364, -1.94799745083, 4.77563905716, 13.02384758, 106.684364319]],
        "icov": [[0.000836787803564, 0.000528285861947, 0.000288439361611, 0.000385778723285, 0.00046060179011, 0.00011180992442, -0.000162400057889, -0.000106015599158, 0.000285317306407, -0.000511113728862, 6.85199120198e-05, -0.000330846669385, 0.000169289050973], [0.000528285861947, 0.0023330016993, 0.000663861399516, -0.000120178970974, -0.000549246906303, 0.000373852381017, -0.00104009709321, -1.29855143314e-05, 0.00140735309105, 2.43971917371e-05, -0.000432839267887, -0.00034034717828, -0.000324203138007], [0.000288439361611, 0.000663861399516, 0.00282531231642, -0.000135446389322, -0.00147825712338, -0.0013731168583, -0.000169315098901, -0.00121045962442, 0.00123728485778, 0.00113130128011, -0.00112938787788, -0.000343217630871, -0.000346768676536], [0.000385778723285, -0.000120178970974, -0.000135446389322, 0.00449335575104, -0.000524206494447, 8.85694098542e-05, -0.000185765296919, -0.000117390947707, -0.00118191505317, 0.000164867480635, 0.00152003427502, -0.0020043652039, 0.0013094637543], [0.00046060179011, -0.000549246906303, -0.00147825712338, -0.000524206494447, 0.00504025770351, -0.000940834870562, 0.000685688399244, 0.000840991153382, -0.001718319254, -0.000386277213693, 0.000401962490287, 0.000764927535783, 0.000452729669632], [0.00011180992442, 0.000373852381017, -0.0013731168583, 8.85694098542e-05, -0.000940834870562, 0.00753711676225, -0.00182355672587, 0.000762476411182, 0.00114952563308, -0.00194979959633, -0.00226755184121, 0.00172046176158, -0.00111391197424], [-0.000162400057889, -0.00104009709321, -0.000169315098901, -0.000185765296919, 0.000685688399244, -0.00182355672587, 0.006348175928, -0.00221306481399, 0.00108026899397, 0.000532577512786, -0.0004408590612, -0.0023790160194, 0.00163981877267], [-0.000106015599158, -1.29855143314e-05, -0.00121045962442, -0.000117390947707, 0.000840991153382, 0.000762476411182, -0.00221306481399, 0.0140569079667, -0.00486093433574, 0.000314357777825, -0.00239348923787, 0.00274563371204, -0.00372334173881], [0.000285317306407, 0.00140735309105, 0.00123728485778, -0.00118191505317, -0.001718319254, 0.00114952563308, 0.00108026899397, -0.00486093433574, 0.0116422530264, -0.00338002410717, 0.00181620498188, -0.00106167106424, 0.000254339131061], [-0.000511113728862, 2.43971917371e-05, 0.00113130128011, 0.000164867480635, -0.000386277213693, -0.00194979959633, 0.000532577512786, 0.000314357777825, -0.00338002410717, 0.0126366876066, -0.00469404226169, 0.00142288464122, 0.000133196619572], [6.85199120198e-05, -0.000432839267887, -0.00112938787788, 0.00152003427502, 0.000401962490287, -0.00226755184121, -0.0004408590612, -0.00239348923787, 0.00181620498188, -0.00469404226169, 0.0153184263036, -0.003508385038, 0.00126588367857], [-0.000330846669385, -0.00034034717828, -0.000343217630871, -0.0020043652039, 0.000764927535783, 0.00172046176158, -0.0023790160194, 0.00274563371204, -0.00106167106424, 0.00142288464122, -0.003508385038, 0.0142252799124, -0.00303847971372], [0.000169289050973, -0.000324203138007, -0.000346768676536, 0.0013094637543, 0.000452729669632, -0.00111391197424, 0.00163981877267, -0.00372334173881, 0.000254339131061, 0.000133196619572, 0.00126588367857, -0.00303847971372, 0.0113935945556]]
    },
    "spectral_contrast_coeffs": {
        "max": [-0.441342622042, -0.447715699673, -0.424083083868, -0.541316747665, -0.632021486759, -0.639195859432],
        "mean": [-0.694136381149, -0.723926067352, -0.709944963455, -0.754260659218, -0.773161768913, -0.791651785374],
        "min": [-0.871022999287, -0.887077689171, -0.890702486038, -0.889127671719, -0.867835521698, -0.870566785336],
        "stdev": [0.0753561407328, 0.0679547339678, 0.0777411237359, 0.0532259792089, 0.0442478470504, 0.0398332700133]
    },
    "spectral_contrast_valleys": {
        "max": [-5.7455034256, -4.83271360397, -5.4424071312, -5.35018205643, -5.81272983551, -7.87931489944],
        "mean": [-7.3933596611, -6.59269762039, -7.27070760727, -7.70306015015, -7.51171112061, -9.55865287781],
        "min": [-10.2961330414, -8.68710517883, -9.35318946838, -9.69929504395, -9.20433330536, -11.8459539413],
        "stdev": [0.683428168297, 0.589068412781, 0.639146506786, 0.562869369984, 0.572478950024, 0.683849334717]
    }
},
"rhythm": {
    "beats_count": 83,
    "beats_loudness": {
        "max": 0.0792648643255,
        "mean": 0.0273499209434,
        "min": 0.00370164006017,
        "stdev": 0.0139960488304
    },
    "bpm": 96.7495422363,
    "bpm_histogram_first_peak_bpm": 96,
    "bpm_histogram_first_peak_weight": 0.552631616592,
    "bpm_histogram_second_peak_bpm": 91,
    "bpm_histogram_second_peak_spread": 0.399999976158,
    "bpm_histogram_second_peak_weight": 0.0365853644907,
    "danceability": 1.09363889694,
    "onset_rate": 3.59763813019,
    "beats_loudness_band_ratio": {
        "max": [0.648048579693, 0.651268184185, 0.659380912781, 0.783410310745, 0.480901449919, 0.205834150314],
        "mean": [0.0954192206264, 0.168881177902, 0.291568994522, 0.287873715162, 0.118486061692, 0.0847456604242],
        "min": [0.000527336378582, 0.00614566961303, 0.0410306192935, 0.0159839410335, 0.0111452816054, 0.0281166955829],
        "stdev": [0.126951366663, 0.140894308686, 0.14441806078, 0.191544160247, 0.107433781028, 0.0441093631089]
    },
