{
"metadata": {
    "version": {
        "essentia": "2.1-beta5",
        "essentia_git_sha": "Undefined",
        "extractor": "music 2.0"
    },
    "audio_properties": {
        "analysis": {
            "equal_loudness": 0,
            "length": 48.7502937317,
            "sample_rate": 44100,
            "start_time": 93.9943771362,
            "downmix": "mix"
        },
        "bit_rate": 192000,
        "length": 260.028656006,
        "lossless": 0,
        "number_channels": 2,
        "replay_gain": -8.47060775757,
        "sample_rate": 48000,
        "codec": "mp3",
        "md5_encoded": "324a5e6e0f88862e55d44e1f226a0219"
    },
    "tags": {
        "file_name": "Italy_We_ll Live It All Again_Romina and Al Bano.mp3",
        "encoding": ["Lavf58.29.100"]
    }
},
"lowlevel": {
    "average_loudness": 0.459791898727,
    "barkbands_crest": {
        "max": 24.9939250946,
        "mean": 11.1536979675,
        "min": 3.68162751198,
        "stdev": 4.32575416565
    },
    "barkbands_flatness_db": {
        "max": 0.311733931303,
        "mean": 0.159171104431,
        "min": 0.0499112717807,
        "stdev": 0.0378784015775
    },
    "barkbands_kurtosis": {
        "max": 82.1502609253,
        "mean": 6.69339179993,
        "min": -1.81883406639,
        "stdev": 7.6472120285
    },
    "barkbands_skewness": {
        "max": 6.87541437149,
        "mean": 1.8785777092,
        "min": -1.86572623253,
        "stdev": 1.00392699242
    },
    "barkbands_spread": {
        "max": 74.0315170288,
        "mean": 11.6806840897,
        "min": 0.901963055134,
        "stdev": 7.51737070084
    },
    "dissonance": {
        "max": 0.499999850988,
        "mean": 0.437335908413,
        "min": 0.140385806561,
        "stdev": 0.0382382646203
    },
    "dynamic_complexity": 2.75156950951,
    "erbbands_crest": {
        "max": 31.745464325,
        "mean": 12.3283023834,
        "min": 3.74624156952,
        "stdev": 5.61193227768
    },
    "erbbands_flatness_db": {
        "max": 0.31721046567,
        "mean": 0.19212205708,
        "min": 0.0888289213181,
        "stdev": 0.0358923561871
    },
    "erbbands_kurtosis": {
        "max": 57.8754692078,
        "mean": 2.24158763885,
        "min": -1.72496128082,
        "stdev": 4.50354814529
    },
    "erbbands_skewness": {
        "max": 5.6781411171,
        "mean": 1.00765275955,
        "min": -2.98800516129,
        "stdev": 1.0040923357
    },
    "erbbands_spread": {
        "max": 101.07334137,
        "mean": 25.3652915955,
        "min": 2.29041934013,
        "stdev": 12.2469139099
    },
    "hfc": {
        "max": 123.217048645,
        "mean": 13.0062580109,
        "min": 0.282118827105,
        "stdev": 14.0191736221
    },
    "loudness_ebu128": {
        "integrated": -17.0561771393,
        "loudness_range": 6.24351406097,
        "momentary": {
            "max": -10.0594825745,
            "mean": -17.9936542511,
            "min": -26.255443573,
            "stdev": 2.89146518707
        },
        "short_term": {
            "max": -12.6462421417,
            "mean": -17.486743927,
            "min": -24.0366611481,
            "stdev": 2.16033554077
        }
    },
    "melbands_crest": {
        "max": 32.1501464844,
        "mean": 13.3512687683,
        "min": 4.36079359055,
        "stdev": 4.92485952377
    },
    "melbands_flatness_db": {
        "max": 0.414099693298,
        "mean": 0.231215298176,
        "min": 0.0774396583438,
        "stdev": 0.045040845871
    },
    "melbands_kurtosis": {
        "max": 80.6115036011,
        "mean": 10.2515745163,
        "min": -1.8012701273,
        "stdev": 9.70577430725
    },
    "melbands_skewness": {
        "max": 7.21148538589,
        "mean": 2.1258327961,
        "min": -1.34086942673,
        "stdev": 1.03752982616
    },
    "melbands_spread": {
        "max": 106.996398926,
        "mean": 14.2613258362,
        "min": 1.09152591228,
        "stdev": 9.61856555939
    },
    "pitch_salience": {
        "max": 0.838792800903,
        "mean": 0.560345709324,
        "min": 0.157058000565,
        "stdev": 0.108100511134
    },
    "silence_rate_20dB": {
        "max": 1,
        "mean": 1,
        "min": 1,
        "stdev": 0
    },
    "silence_rate_30dB": {
        "max": 1,
        "mean": 0.989528775215,
        "min": 0,
        "stdev": 0.101791240275
    },
    "silence_rate_60dB": {
        "max": 1,
        "mean": 0.0452165640891,
        "min": 0,
        "stdev": 0.20777900517
    },
    "spectral_centroid": {
        "max": 3406.56738281,
        "mean": 849.288574219,
        "min": 330.802276611,
        "stdev": 369.665466309
    },
    "spectral_complexity": {
        "max": 38,
        "mean": 13.514040947,
        "min": 0,
        "stdev": 4.64949083328
    },
    "spectral_decrease": {
        "max": -4.59810939324e-11,
        "mean": -4.72960470788e-09,
        "min": -4.70761527538e-08,
        "stdev": 4.62928406719e-09
    },
    "spectral_energy": {
        "max": 0.188228592277,
        "mean": 0.0190303046256,
        "min": 0.000199132453417,
        "stdev": 0.0186227913946
    },
    "spectral_energyband_high": {
        "max": 0.0159099716693,
        "mean": 0.000185908415006,
        "min": 6.55467317756e-07,
        "stdev": 0.000613562064245
    },
    "spectral_energyband_low": {
        "max": 0.00768949370831,
        "mean": 0.000795753439888,
        "min": 1.3565000927e-06,
        "stdev": 0.000870524381753
    },
    "spectral_energyband_middle_high": {
        "max": 0.0226598344743,
        "mean": 0.00254147895612,
        "min": 7.14581474313e-05,
        "stdev": 0.00265393359587
    },
    "spectral_energyband_middle_low": {
        "max": 0.182773247361,
        "mean": 0.015840632841,
        "min": 2.80009953713e-05,
        "stdev": 0.0175397582352
    },
    "spectral_entropy": {
        "max": 8.34223556519,
        "mean": 7.03249359131,
        "min": 5.51998472214,
        "stdev": 0.338575124741
    },
    "spectral_flux": {
        "max": 0.323347449303,
        "mean": 0.0649511441588,
        "min": 0.0119798732921,
        "stdev": 0.0329001285136
    },
    "spectral_kurtosis": {
        "max": 24.7700920105,
        "mean": 8.13929653168,
        "min": -0.0233585834503,
        "stdev": 3.31740069389
    },
    "spectral_rms": {
        "max": 0.0135512966663,
        "mean": 0.00397170102224,
        "min": 0.000440767005784,
        "stdev": 0.00167086324655
    },
    "spectral_rolloff": {
        "max": 7773.48632812,
        "mean": 998.461547852,
        "min": 279.931640625,
        "stdev": 713.284667969
    },
    "spectral_skewness": {
        "max": 4.09516096115,
        "mean": 2.25737571716,
        "min": 0.520164728165,
        "stdev": 0.453794509172
    },
    "spectral_spread": {
        "max": 14505032,
        "mean": 3978166.5,
        "min": 2267296.5,
        "stdev": 921784.8125
    },
    "spectral_strongpeak": {
        "max": 9.91933822632,
        "mean": 1.4171807766,
        "min": 0.0464297048748,
        "stdev": 1.42065310478
    },
    "zerocrossingrate": {
        "max": 0.1962890625,
        "mean": 0.0433471053839,
        "min": 0.01416015625,
        "stdev": 0.0181460902095
    },
    "barkbands": {
        "max": [5.07600525452e-05, 0.00119644310325, 0.00541088916361, 0.0183189194649, 0.0443285368383, 0.0428917221725, 0.0586047172546, 0.148838609457, 0.136795267463, 0.0124178882688, 0.00334183103405, 0.0096433069557, 0.00806242320687, 0.0116965295747, 0.00779055943713, 0.00958866719157, 0.01217073109, 0.00243267905898, 0.00440531596541, 0.00572755374014, 0.00322303338908, 0.0114362919703, 0.00205174461007, 0.00221838103607, 0.000321680941852, 0.000801621004939, 6.63329628878e-05],
        "mean": [4.12251165471e-06, 8.86233974597e-05, 0.000504403724335, 0.00066654389957, 0.00260104052722, 0.00318952207454, 0.00279188621789, 0.0035782167688, 0.00274420669302, 0.000471339386422, 0.000115340255434, 0.000164745826623, 0.000462259515189, 0.000501765753143, 0.000245406728936, 7.2158385592e-05, 0.000375471019652, 8.08975892141e-05, 7.31623658794e-05, 0.000123982696095, 3.35354088747e-05, 3.53932264261e-05, 4.18896379415e-05, 3.5724555346e-05, 9.6674211818e-06, 1.66380141309e-05, 2.38688744503e-06],
        "min": [1.21329026825e-08, 5.2383967386e-07, 2.09356343817e-07, 4.11748146689e-07, 3.99192003897e-06, 2.69696300847e-07, 1.75615605258e-06, 3.75555100618e-06, 8.3664772319e-06, 2.6489137781e-06, 4.26176143264e-07, 4.84384372612e-07, 3.34583546646e-06, 2.550977797e-06, 8.71920178724e-07, 1.84852936513e-07, 1.01885802906e-06, 2.01681515932e-07, 6.40250661377e-08, 5.85771005035e-08, 7.85812446225e-08, 9.41866247217e-08, 6.36511501284e-08, 8.10989675415e-08, 8.81311308376e-08, 1.40321233744e-07, 1.63983209234e-08],
        "stdev": [4.7765392992e-06, 9.46513537201e-05, 0.000711695814971, 0.000954214425292, 0.00341551960446, 0.00415512919426, 0.00473633268848, 0.0102937249467, 0.00999284349382, 0.000889117247425, 0.000208625438972, 0.000414929061662, 0.000691906549037, 0.000954112329055, 0.000563222216442, 0.000421355711296, 0.000856876780745, 0.000151758082211, 0.000233732556808, 0.000312927732011, 0.000126224505948, 0.000341817678418, 0.00010616974032, 9.15706114029e-05, 1.93116939045e-05, 3.69923072867e-05, 4.50944071417e-06]
    },
    "erbbands": {
        "max": [0.0198839195073, 0.346080631018, 4.68129873276, 23.3922214508, 136.525161743, 242.132568359, 434.348632812, 301.281097412, 821.082458496, 1138.38964844, 4262.859375, 3376.99658203, 1169.90930176, 277.194641113, 36.459236145, 403.272583008, 366.521820068, 692.810119629, 522.794616699, 264.995391846, 650.808959961, 865.453369141, 157.910003662, 29.0606479645, 295.731658936, 132.909820557, 130.196487427, 106.681640625, 563.709106445, 182.652359009, 54.3699417114, 78.3704452515, 20.6024589539, 5.2600736618, 1.77507138252, 1.92914295197, 2.44538974762, 0.329747438431, 0.0150805460289, 0.000633384275716],
        "mean": [0.00208829250187, 0.031027270481, 0.453324407339, 1.36746907234, 4.8176574707, 9.5207452774, 19.043176651, 26.3990573883, 37.214427948, 48.3501319885, 85.6903762817, 71.6887817383, 27.9963951111, 9.3226108551, 2.11772322655, 8.71242523193, 19.0671863556, 25.639667511, 19.0228404999, 8.18499565125, 7.63202905655, 21.3695659637, 7.06144714355, 1.39610910416, 7.77420949936, 4.81103754044, 1.641045928, 0.933979153633, 1.55770277977, 1.03157699108, 1.24858057499, 0.920934021473, 0.449009478092, 0.142971292138, 0.0570211745799, 0.0422724746168, 0.031421661377, 0.0096076335758, 0.000461178424302, 3.86452229577e-05],
        "min": [1.42540302477e-05, 0.000122475728858, 0.000435938389273, 0.00202685082331, 0.00641666306183, 0.0146735878661, 0.00640770094469, 0.00226598442532, 0.0140146845952, 0.0775336399674, 0.282508015633, 0.229334279895, 0.0854917615652, 0.074417963624, 0.0309346392751, 0.0380649492145, 0.182644814253, 0.198302403092, 0.149383440614, 0.0477005988359, 0.0262724459171, 0.0636859536171, 0.033994089812, 0.00562531966716, 0.00327909854241, 0.00333217135631, 0.00294728018343, 0.00402661366388, 0.00431339582428, 0.00285983667709, 0.00156603835057, 0.00114050903358, 0.00162159977481, 0.00103426608257, 0.000445886456873, 0.000244786118856, 0.000279807922198, 5.54553189431e-05, 4.26125461672e-06, 6.09009020991e-07],
        "stdev": [0.00196746387519, 0.0353940017521, 0.623546600342, 1.53339493275, 7.05576229095, 14.4577569962, 30.9335689545, 33.1447296143, 56.9064178467, 94.3344268799, 265.830535889, 265.938812256, 76.7676239014, 16.009935379, 2.78258132935, 19.3821239471, 28.1427326202, 40.5490722656, 39.5176849365, 18.229101181, 30.5575714111, 51.8316421509, 12.4554767609, 2.24241161346, 21.0667552948, 10.8982563019, 5.28254652023, 4.1168422699, 15.683344841, 5.09916067123, 3.00741577148, 2.73414778709, 1.08035945892, 0.324410378933, 0.103123813868, 0.082242384553, 0.0859977304935, 0.0205145422369, 0.000866289425176, 4.51453233836e-05]
    },
    "gfcc": {
        "mean": [-31.6320610046, 94.0116500854, -110.824615479, -4.08474063873, -68.5686035156, -11.635764122, -53.7970657349, -3.65168094635, -18.4048118591, 4.37708806992, -19.0866966248, -7.09864759445, -24.3786811829],
        "cov": [[2552.19799805, -707.940673828, -172.675643921, 155.963562012, -136.856109619, -93.6249008179, -3.97157883644, 188.386108398, 17.3383045197, -107.499847412, -17.6244773865, -14.4339370728, -22.1775436401], [-707.940673828, 496.079803467, 90.5631637573, -58.7414474487, 82.8921737671, -7.2090382576, 29.8034648895, -44.1032142639, -7.59241247177, 4.02126932144, -0.370035618544, -26.0823612213, -23.116355896], [-172.675643921, 90.5631637573, 233.190917969, 78.5058135986, -37.1441268921, 11.4673452377, -7.13552761078, -47.2289009094, 1.06207215786, -14.8539094925, -11.7077474594, -17.0368614197, -12.0666999817], [155.963562012, -58.7414474487, 78.5058135986, 182.016860962, 43.0572929382, -22.9187297821, -27.8528347015, 2.24312877655, -6.41717433929, -28.0131053925, -18.0817775726, 3.22197771072, 2.59298944473], [-136.856109619, 82.8921737671, -37.1441268921, 43.0572929382, 148.32673645, 38.3967933655, -22.7757568359, 4.39630746841, -0.672163903713, -1.63314068317, -7.57746934891, 8.76396751404, 1.7450633049], [-93.6249008179, -7.2090382576, 11.4673452377, -22.9187297821, 38.3967933655, 167.964187622, 54.9096412659, -28.9728450775, -17.0067310333, 9.30072689056, -18.3059768677, 7.25085401535, -7.56524181366], [-3.97157883644, 29.8034648895, -7.13552761078, -27.8528347015, -22.7757568359, 54.9096412659, 122.235847473, 32.2499809265, -21.8133983612, 4.04658412933, 0.326040714979, -13.5483198166, -10.8498325348], [188.386108398, -44.1032142639, -47.2289009094, 2.24312877655, 4.39630746841, -28.9728450775, 32.2499809265, 98.6021881104, 28.3315906525, -13.3293294907, 3.76490974426, -5.49462938309, -2.64445924759], [17.3383045197, -7.59241247177, 1.06207215786, -6.41717433929, -0.672163903713, -17.0067310333, -21.8133983612, 28.3315906525, 77.7391967773, 27.5820045471, -7.1035399437, 1.4376655817, -0.52535200119], [-107.499847412, 4.02126932144, -14.8539094925, -28.0131053925, -1.63314068317, 9.30072689056, 4.04658412933, -13.3293294907, 27.5820045471, 71.802520752, 24.1570053101, -5.30026483536, -0.129388362169], [-17.6244773865, -0.370035618544, -11.7077474594, -18.0817775726, -7.57746934891, -18.3059768677, 0.326040714979, 3.76490974426, -7.1035399437, 24.1570053101, 73.151008606, 27.7127170563, -2.23237299919], [-14.4339370728, -26.0823612213, -17.0368614197, 3.22197771072, 8.76396751404, 7.25085401535, -13.5483198166, -5.49462938309, 1.4376655817, -5.30026483536, 27.7127170563, 73.8235626221, 30.7462882996], [-22.1775436401, -23.116355896, -12.0666999817, 2.59298944473, 1.7450633049, -7.56524181366, -10.8498325348, -2.64445924759, -0.52535200119, -0.129388362169, -2.23237299919, 30.7462882996, 68.5645904541]],
        "icov": [[0.000894291733857, 0.000943419057876, 0.000777170644142, -0.000844764465, 0.000648662273306, -6.56682386762e-05, -0.000201498754905, -0.000301277788822, -0.000860179832671, 0.00176844373345, -0.000810434226878, 0.000933950883336, 0.000260345201241], [0.000943419057876, 0.00796576403081, -0.00518557988107, 0.00651382515207, -0.0102329449728, 0.00758139463142, -0.00818612333387, 0.00615509366617, -0.00338373403065, 0.00434480141848, -0.000453019223642, 0.000892754236702, 0.00143797858618], [0.000777170644142, -0.00518557988107, 0.0143614066765, -0.0119776120409, 0.0128223029897, -0.00840880163014, 0.00425934512168, 0.002047277987, -0.00608668522909, 0.00625440990552, -0.00649408902973, 0.00626325933263, -0.00207255966961], [-0.000844764465, 0.00651382515207, -0.0119776120409, 0.0181180629879, -0.0159846916795, 0.0107200993225, -0.0065490254201, 0.00292903883383, 0.00290670502, -0.00134050415363, 0.00592190492898, -0.00484157493338, 0.00217968481593], [0.000648662273306, -0.0102329449728, 0.0128223029897, -0.0159846916795, 0.0279968883842, -0.0168022140861, 0.0165601987392, -0.0124517083168, 0.00412968173623, -0.00339726172388, -0.00163482280914, 0.00152927043382, -0.00151904055383], [-6.56682386762e-05, 0.00758139463142, -0.00840880163014, 0.0107200993225, -0.0168022140861, 0.0200268216431, -0.0155058987439, 0.0109658343717, -0.00163926451933, -3.62746068276e-05, 0.00625081453472, -0.00573559571058, 0.00401901034638], [-0.000201498754905, -0.00818612333387, 0.00425934512168, -0.0065490254201, 0.0165601987392, -0.0155058987439, 0.0279718916863, -0.022111248225, 0.0161753948778, -0.0125537896529, 0.00418052822351, -0.00164907972794, 0.000589200877585], [-0.000301277788822, 0.00615509366617, 0.002047277987, 0.00292903883383, -0.0124517083168, 0.0109658343717, -0.022111248225, 0.0366757512093, -0.0255925040692, 0.0220160167664, -0.0129093276337, 0.00984026491642, -0.00331779825501], [-0.000860179832671, -0.00338373403065, -0.00608668522909, 0.00290670502, 0.00412968173623, -0.00163926451933, 0.0161753948778, -0.0255925040692, 0.0393305942416, -0.0297043956816, 0.0204691309482, -0.015464018099, 0.00653266301379], [0.00176844373345, 0.00434480141848, 0.00625440990552, -0.00134050415363, -0.00339726172388, -3.62746068276e-05, -0.0125537896529, 0.0220160167664, -0.0297043956816, 0.043034940958, -0.0249424967915, 0.0192642677575, -0.0074638100341], [-0.000810434226878, -0.000453019223642, -0.00649408902973, 0.00592190492898, -0.00163482280914, 0.00625081453472, 0.00418052822351, -0.0129093276337, 0.0204691309482, -0.0249424967915, 0.0349296033382, -0.0223069582134, 0.0103633189574], [0.000933950883336, 0.000892754236702, 0.00626325933263, -0.00484157493338, 0.00152927043382, -0.00573559571058, -0.00164907972794, 0.00984026491642, -0.015464018099, 0.0192642677575, -0.0223069582134, 0.0324023477733, -0.0140032889321], [0.000260345201241, 0.00143797858618, -0.00207255966961, 0.00217968481593, -0.00151904055383, 0.00401901034638, 0.000589200877585, -0.00331779825501, 0.00653266301379, -0.0074638100341, 0.0103633189574, -0.0140032889321, 0.0218068603426]]
    },
    "melbands": {
        "max": [0.000233101265621, 0.00162283540703, 0.00867518316954, 0.0112973218784, 0.0115921767429, 0.00634396309033, 0.0129857258871, 0.0133095560595, 0.0353388264775, 0.0244782008231, 0.00596164772287, 0.00137811875902, 0.000254405109445, 0.000339728198014, 0.00217056157999, 0.00107159523759, 0.00128308113199, 0.000926949898712, 0.000699822208844, 0.000247179355938, 0.000969143409748, 0.00102369638626, 0.000379814737244, 6.25124230282e-05, 1.71889751073e-05, 0.000139444106026, 0.000370850902982, 5.0003589422e-05, 4.96004795423e-05, 0.000121063392726, 4.07816442021e-05, 0.000337441888405, 0.000275123195024, 5.63882676943e-05, 3.30452930939e-05, 5.79886582273e-05, 3.6950721551e-05, 1.82010462595e-05, 6.18859303358e-06, 4.27911481893e-06],
        "mean": [2.00838348974e-05, 0.000168653306901, 0.000348452536855, 0.000504355004523, 0.000620173115749, 0.000612443720456, 0.000576837279368, 0.000560448563192, 0.000667646992952, 0.000438114628196, 0.00012719273218, 3.69307599613e-05, 9.54523056862e-06, 1.02922804217e-05, 3.44383879565e-05, 4.95344174851e-05, 4.87024735776e-05, 3.37998790201e-05, 1.74051201611e-05, 4.48905075245e-06, 1.00868237496e-05, 2.51339370152e-05, 1.07142213892e-05, 2.98002623822e-06, 5.852969025e-07, 3.55217798642e-06, 8.01307123766e-06, 1.83472718618e-06, 8.12363566638e-07, 9.80919480753e-07, 3.56654993539e-07, 8.81117330209e-07, 6.89608839366e-07, 6.22137918072e-07, 9.09216964828e-07, 5.25915595517e-07, 4.95316839988e-07, 3.48750717194e-07, 1.71651805658e-07, 9.46827469761e-08],
        "min": [1.41869207937e-07, 2.14440390778e-07, 5.53840038719e-07, 9.18160480978e-07, 3.15176947652e-07, 4.91140781378e-08, 2.47729644798e-07, 1.05952585727e-06, 2.50778361988e-06, 1.23831671317e-06, 2.05941248055e-07, 1.60712005481e-07, 4.06470057612e-08, 4.1009673879e-08, 1.47600175637e-07, 2.19534072698e-07, 2.87991838377e-07, 1.4666565562e-07, 4.4874152394e-08, 2.39271464864e-08, 1.79103771814e-08, 6.60004602082e-08, 2.92222814835e-08, 1.01696802091e-08, 2.74865286087e-09, 2.62683297336e-09, 1.5620880145e-09, 1.84707826811e-09, 1.6168513195e-09, 2.15837281381e-09, 2.47177567303e-09, 1.97413196901e-09, 1.99103267207e-09, 1.24215326913e-09, 8.2296086612e-10, 1.04798991707e-09, 4.49507042699e-10, 1.00997221697e-09, 8.6682222511e-10, 8.04658284448e-10],
        "stdev": [1.91377239389e-05, 0.000217446242459, 0.000422558834543, 0.000729851482902, 0.000893904827535, 0.000745312543586, 0.000896839657798, 0.00115060131066, 0.0021317654755, 0.0017924613785, 0.000361789308954, 7.20209209248e-05, 1.61577663675e-05, 2.6245641493e-05, 8.48502968438e-05, 8.41163055156e-05, 8.79338695086e-05, 7.73358842707e-05, 3.90776003769e-05, 1.39342146213e-05, 4.5400181989e-05, 6.27817862551e-05, 2.4184682843e-05, 5.41547387911e-06, 1.03162983578e-06, 9.63058664638e-06, 2.1519150323e-05, 4.64217328044e-06, 2.50088874054e-06, 4.32787328464e-06, 1.56502437676e-06, 8.65822312335e-06, 7.40618361306e-06, 1.92131642507e-06, 2.15511272472e-06, 1.79616154128e-06, 1.41425471156e-06, 8.64186688432e-07, 4.05595102393e-07, 2.17955815174e-07]
    },
    "melbands128": {
        "max": [3.56343080057e-05, 0.000177349516889, 0.000217367909499, 0.000684561440721, 0.00201506959274, 0.00268492056057, 0.00393568212166, 0.0132306423038, 0.0184302739799, 0.0169727299362, 0.0174636654556, 0.00932774040848, 0.0211453493685, 0.0144051825628, 0.0112393861637, 0.0101541783661, 0.0100776776671, 0.0237502753735, 0.0231656953692, 0.0177682489157, 0.0196591168642, 0.0407653488219, 0.0672628805041, 0.0197409968823, 0.0352355651557, 0.0551135055721, 0.0104197608307, 0.00264516007155, 0.00407902058214, 0.00298667978495, 0.000756295456085, 0.000883116968907, 4.57601163362e-05, 4.42637465312e-05, 5.60289372515e-05, 0.000582192908041, 0.00113561237231, 0.00472356937826, 0.000946051150095, 0.00138239061926, 0.0019291981589, 0.00172995543107, 0.00256294710562, 0.00198212801479, 0.00277969031595, 0.0021628276445, 0.00151562970132, 0.00166478112806, 0.000569298921619, 0.000847526534926, 0.000285667687422, 0.000270587974228, 0.00163161731325, 0.00213719322346, 0.00134373584297, 0.00191782298498, 0.00124095170759, 0.000841682660393, 0.000399465876399, 0.000224425180932, 7.75145890657e-05, 3.32853305736e-05, 1.14317181215e-05, 1.10316887003e-05, 4.20646283601e-05, 0.00011677499424, 0.000270833144896, 0.000524331990164, 0.000554775295313, 0.000180081377039, 8.78425271367e-05, 5.90714580539e-06, 1.06017487269e-05, 5.85235356994e-05, 0.000137274168083, 0.000191229133634, 9.75004077191e-05, 5.00982132507e-05, 1.64100620168e-05, 4.16028015024e-05, 0.000213806852116, 0.000608251197264, 0.000560643093195, 0.000289361574687, 5.20188950759e-05, 4.3432777602e-05, 7.14507841622e-05, 6.10247880104e-05, 6.49841895211e-05, 1.40561651278e-05, 1.84201016964e-05, 9.5057177532e-05, 8.61473163241e-05, 3.4691489418e-05, 5.25727909917e-06, 1.45999156302e-05, 3.02821881633e-05, 1.14087151815e-05, 4.78120591652e-06, 6.13990641796e-06, 5.90026866121e-06, 4.77266985399e-06, 5.26983831151e-06, 2.03045760827e-06, 2.06279105441e-06, 2.32184447668e-06, 3.23903168464e-06, 6.09690960118e-06, 3.60140847988e-06, 1.7068048237e-06, 3.90574405174e-06, 5.97855887463e-06, 1.59739156516e-05, 9.63958154898e-06, 5.83238897889e-06, 5.73758052269e-06, 1.42781732393e-06, 5.75871808906e-07, 7.67795427237e-07, 2.77825478179e-07, 4.85851501253e-07, 4.03925241699e-07, 5.3313067383e-07, 3.80312421555e-08, 3.67167736215e-08, 3.6133634751e-08, 3.5744577076e-08, 3.55112881323e-08],
        "mean": [3.38957829626e-06, 1.53791024786e-05, 1.97053759621e-05, 4.2431998736e-05, 0.00018662972434, 0.000255194696365, 0.000215172331082, 0.00041069771396, 0.000500011665281, 0.000474631262477, 0.00054770935094, 0.000528010947164, 0.000703524157871, 0.000648624671157, 0.000576502177864, 0.000595963560045, 0.00065286050085, 0.00049843871966, 0.000634212512523, 0.000472090003313, 0.000533591315616, 0.000745487108361, 0.000860444153659, 0.000356681994162, 0.000414366659243, 0.000611998315435, 0.00011585377797, 0.000117188821605, 5.93670374656e-05, 3.7960428017e-05, 3.27939378622e-05, 2.82295059151e-05, 2.89969648293e-06, 1.72456930159e-06, 1.54034364641e-06, 1.18383386507e-05, 2.45780265686e-05, 5.04998424731e-05, 2.51951969403e-05, 3.43100073223e-05, 7.92119972175e-05, 2.83805457002e-05, 4.26894439443e-05, 6.69333021506e-05, 4.26734586654e-05, 3.00440915453e-05, 1.91498638742e-05, 2.07582397707e-05, 1.56991500262e-05, 6.46480384603e-06, 2.60476736003e-06, 2.55071540778e-06, 6.72675378155e-06, 1.12083716886e-05, 2.25452968152e-05, 3.19761566061e-05, 2.39171022258e-05, 1.04588498289e-05, 7.50178878661e-06, 7.13748295311e-06, 2.20767992687e-06, 6.30693421044e-07, 3.80374871156e-07, 4.55063258187e-07, 1.03646232219e-06, 2.55433906204e-06, 5.25231598658e-06, 9.28832014324e-06, 9.55576433626e-06, 5.12455926582e-06, 1.50515063524e-06, 2.7097624411e-07, 3.65540643088e-07, 9.82733354249e-07, 1.22639016809e-06, 1.27084570067e-06, 7.22709330603e-07, 4.65439313757e-07, 2.25807823995e-07, 2.98605812077e-07, 7.22229799521e-07, 1.21537527775e-06, 1.15358466246e-06, 6.71426391818e-07, 2.47249914764e-07, 2.96128746413e-07, 6.96998654348e-07, 1.34871550017e-06, 1.27218993384e-06, 2.83282304281e-07, 2.13435598084e-07, 6.81461244767e-07, 9.08282231649e-07, 5.42679799764e-07, 1.67834656395e-07, 3.25412827351e-07, 4.69135130743e-07, 2.85684251367e-07, 1.03799493445e-07, 1.6231027189e-07, 1.63145415399e-07, 5.75408058978e-08, 4.97122982779e-08, 6.20804669893e-08, 5.97052007834e-08, 6.13078867673e-08, 6.76170159863e-08, 8.66255405185e-08, 6.37677075588e-08, 6.98841873259e-08, 8.50540260444e-08, 6.54774154896e-08, 1.23670233165e-07, 9.99125759904e-08, 1.49350569245e-07, 1.54638982508e-07, 4.10201472789e-08, 1.65513185379e-08, 1.17007559197e-08, 7.71563168911e-09, 9.79376846288e-09, 8.49347436827e-09, 9.08115893594e-09, 3.92666482663e-10, 1.99952363694e-11, 1.96238008482e-11, 1.93835659329e-11, 1.92537791266e-11],
        "min": [5.88328108453e-10, 1.89172624232e-08, 1.05591169586e-07, 9.83613261951e-08, 2.0378772092e-07, 1.28361818952e-07, 3.24589365164e-07, 1.40906479373e-07, 1.0507831405e-07, 5.4056783938e-08, 5.40212283795e-07, 4.88152181788e-07, 1.94744899318e-07, 5.37138546974e-08, 3.08435268437e-08, 4.25340047627e-08, 1.08913766894e-07, 2.5025988748e-07, 4.44747485062e-07, 7.31482487026e-07, 1.68509146192e-07, 4.40125432988e-07, 8.77754018802e-07, 4.56827336848e-07, 1.92153905232e-07, 1.01780685213e-07, 1.77022556613e-07, 1.38845038578e-07, 4.76786929937e-08, 6.17042701379e-08, 6.48187636898e-08, 3.13831591825e-08, 1.04493764752e-08, 7.56276641312e-09, 4.73755612518e-09, 7.53867013259e-09, 3.33795995289e-08, 3.31113021446e-08, 2.58353320959e-08, 5.11947284565e-08, 4.21343209211e-08, 5.39230420316e-08, 1.703303667e-07, 1.59069998062e-07, 5.6432533313e-08, 1.79855348392e-08, 1.77170900173e-08, 1.5750986293e-08, 8.67794369697e-09, 4.78209249977e-09, 3.26890692293e-09, 5.90978155302e-09, 6.11267081396e-09, 6.40467234803e-09, 1.22115313417e-08, 1.43671723407e-08, 1.49376226943e-08, 1.76728001122e-08, 1.60403406113e-08, 1.18575576025e-08, 1.97444571803e-09, 1.90038007553e-09, 5.59367552277e-10, 1.1964159663e-09, 2.0198576145e-09, 1.33121180745e-09, 1.86855486639e-09, 1.45980938449e-09, 1.47165979403e-09, 1.22397225688e-09, 1.23992927037e-09, 9.78824354902e-10, 1.33189337337e-09, 1.16601239775e-09, 2.38479214154e-09, 1.5294749911e-09, 1.96526284135e-09, 1.7553042353e-09, 1.02961428272e-09, 1.75121284141e-09, 9.58441881416e-10, 9.2228513715e-10, 1.15505804921e-09, 1.59589375048e-09, 6.92415846881e-10, 8.22158452429e-10, 1.0814175111e-09, 6.60111243445e-10, 6.58060383962e-10, 5.25051779832e-10, 7.48186623767e-10, 6.376969508e-10, 8.26951673805e-10, 3.7887717963e-10, 1.78855055766e-10, 4.49746767606e-10, 7.02766067562e-10, 7.13025416488e-10, 4.32712365939e-10, 7.88753007352e-10, 8.42440672777e-10, 5.46776846022e-10, 4.78467210296e-10, 6.57456644682e-10, 1.55507703936e-10, 3.66208119384e-10, 3.7119035623e-10, 2.71251215933e-10, 1.73300859774e-10, 4.06204736514e-10, 3.6291453176e-10, 6.26836416107e-10, 7.05204783458e-10, 6.69086452909e-10, 1.14257625583e-09, 2.70401839808e-10, 1.91944224404e-10, 3.54176271644e-11, 1.42410605877e-13, 1.38996466789e-13, 1.19605036595e-13, 1.18466285501e-13, 1.4910833256e-13, 1.07519834778e-13, 4.94344555525e-14, 1.96940835357e-14, 2.93290790756e-15, 8.32343807762e-17],
        "stdev": [3.94582548324e-06, 1.65519541042e-05, 2.19013436435e-05, 5.69127478229e-05, 0.000278057879768, 0.000355597643647, 0.00025812984677, 0.000634062103927, 0.000837529427372, 0.000893311342224, 0.000984278856777, 0.000863280438352, 0.00140701245982, 0.00117154873442, 0.000972041802015, 0.0010162612889, 0.00118324102368, 0.00114431453403, 0.00158747471869, 0.00124600529671, 0.00175244256388, 0.00253964285366, 0.00364417606033, 0.00128624448553, 0.0020288201049, 0.00333218718879, 0.000480173883261, 0.000255158083746, 0.000167689562659, 0.000133676017867, 5.60074804525e-05, 5.52703277208e-05, 4.43930639449e-06, 3.56734085472e-06, 3.72493400391e-06, 4.00679709855e-05, 7.21679680282e-05, 0.000167084610439, 6.49062785669e-05, 7.44319695514e-05, 0.000150535226567, 6.41608348815e-05, 0.000111576046038, 0.0001399408211, 0.000174662098289, 9.9534590845e-05, 7.38454182283e-05, 6.365365698e-05, 4.07769584854e-05, 3.26534391206e-05, 1.30439275381e-05, 1.25766391648e-05, 6.75573683111e-05, 6.55062540318e-05, 7.77517343522e-05, 0.000103854988993, 7.6409560279e-05, 4.07039915444e-05, 1.92713141587e-05, 1.5001376596e-05, 5.58128613193e-06, 1.54075507908e-06, 7.69483165186e-07, 8.7668922788e-07, 2.26906649914e-06, 6.2112148953e-06, 1.82582061825e-05, 3.33242387569e-05, 2.94078054139e-05, 1.59977898875e-05, 5.31474006493e-06, 4.78385175029e-07, 7.69472478623e-07, 3.34207834385e-06, 5.83500604989e-06, 6.34933758192e-06, 3.57686826646e-06, 2.21559093916e-06, 6.91817149345e-07, 1.54495035076e-06, 5.22762456967e-06, 1.43895667861e-05, 1.49804272951e-05, 6.9411912591e-06, 1.54647932504e-06, 1.26485019791e-06, 2.45952196565e-06, 3.6705241655e-06, 2.99988005281e-06, 7.55105077133e-07, 7.02381214523e-07, 2.71876183433e-06, 2.99620592159e-06, 1.63463835179e-06, 3.4957915318e-07, 8.16648423552e-07, 1.27804992189e-06, 7.29783891984e-07, 2.55044113828e-07, 4.06788046803e-07, 4.22134576183e-07, 1.45098226767e-07, 1.40876181831e-07, 1.14478702073e-07, 1.13220615106e-07, 1.13861894135e-07, 1.53176117124e-07, 2.15840984197e-07, 1.35356074793e-07, 1.22254149915e-07, 1.85177043477e-07, 1.88947481661e-07, 4.61908285843e-07, 3.25327562223e-07, 3.32304438189e-07, 3.56982809535e-07, 8.52899049164e-08, 4.03307183205e-08, 3.28990203968e-08, 1.59970117153e-08, 2.04600798526e-08, 1.79277499512e-08, 2.26728040786e-08, 1.41105938045e-09, 8.00811361668e-10, 7.88092702209e-10, 7.79602604695e-10, 7.74504349543e-10]
    },
    "mfcc": {
        "mean": [-687.037109375, 143.060455322, 3.08308720589, 4.71946048737, -4.80429029465, -10.4495391846, -25.0844612122, -14.0934715271, -16.2528324127, 7.03627109528, 0.916760921478, -0.99113458395, -13.7721605301],
        "cov": [[2772.90722656, -776.610412598, -157.372299194, 53.4284973145, -39.759929657, -210.646835327, -48.5288314819, 133.340621948, 6.65964412689, 112.739471436, -177.847442627, 8.57829666138, 117.325180054], [-776.610412598, 508.286010742, 4.23815488815, -11.1397132874, -2.6963160038, 31.3581466675, 31.1440467834, -24.421245575, -8.29385852814, -27.3705215454, 78.123336792, 4.33546209335, -20.559135437], [-157.372299194, 4.23815488815, 261.283813477, 45.5165290833, -23.6324901581, 41.9518165588, -11.7287225723, -12.005314827, -14.1730155945, -10.9082221985, 4.50515508652, 5.59964704514, -48.83253479], [53.4284973145, -11.1397132874, 45.5165290833, 181.08291626, 56.5787734985, -40.4814567566, -33.4426574707, 3.95620012283, -6.59169101715, 9.77842330933, -40.2663269043, -10.5020370483, 25.2902107239], [-39.759929657, -2.6963160038, -23.6324901581, 56.5787734985, 162.370498657, 19.1825656891, -34.2143440247, -1.33403170109, 13.1053848267, -25.6182022095, -12.377743721, -15.0340480804, 15.769367218], [-210.646835327, 31.3581466675, 41.9518165588, -40.4814567566, 19.1825656891, 145.325698853, 48.4715957642, -8.1777973175, 13.9380578995, -26.8345623016, 25.2673015594, -14.4345273972, -33.40051651], [-48.5288314819, 31.1440467834, -11.7287225723, -33.4426574707, -34.2143440247, 48.4715957642, 122.657852173, 32.7214698792, -2.42297053337, 1.38323462009, -0.603136062622, 5.01461744308, -7.88677930832], [133.340621948, -24.421245575, -12.005314827, 3.95620012283, -1.33403170109, -8.1777973175, 32.7214698792, 89.9088821411, 18.5770206451, -3.46758913994, -15.6050462723, 0.613892257214, 6.84375905991], [6.65964412689, -8.29385852814, -14.1730155945, -6.59169101715, 13.1053848267, 13.9380578995, -2.42297053337, 18.5770206451, 84.0219802856, 13.7712974548, 2.79771113396, -13.7684488297, -9.23949623108], [112.739471436, -27.3705215454, -10.9082221985, 9.77842330933, -25.6182022095, -26.8345623016, 1.38323462009, -3.46758913994, 13.7712974548, 96.8373718262, 1.9439971447, -10.9142189026, -2.82852983475], [-177.847442627, 78.123336792, 4.50515508652, -40.2663269043, -12.377743721, 25.2673015594, -0.603136062622, -15.6050462723, 2.79771113396, 1.9439971447, 121.947692871, 8.06509971619, -28.8399429321], [8.57829666138, 4.33546209335, 5.59964704514, -10.5020370483, -15.0340480804, -14.4345273972, 5.01461744308, 0.613892257214, -13.7684488297, -10.9142189026, 8.06509971619, 88.5647735596, 31.5379943848], [117.325180054, -20.559135437, -48.83253479, 25.2902107239, 15.769367218, -33.40051651, -7.88677930832, 6.84375905991, -9.23949623108, -2.82852983475, -28.8399429321, 31.5379943848, 106.856620789]],
        "icov": [[0.000817726831883, 0.00109930289909, 0.00031592999585, -3.12024712912e-05, 0.000184941498446, 0.000519166933373, 0.000140072355862, -0.000880379113369, 0.000222809874685, -0.000485741737066, 0.000202302981052, 1.19023052321e-05, -0.000275367608992], [0.00109930289909, 0.00381805398501, 0.000483941781567, -0.00047763591283, 0.000238588225329, 0.000932595692575, -0.000859283783939, -0.000345115055097, 0.000191023820662, 0.000230985620874, -0.00132522301283, 0.000149446452269, -0.000302377011394], [0.00031592999585, 0.000483941781567, 0.00582863017917, -0.00281851179898, 0.00218755565584, -0.00278250942938, 0.00196845224127, -0.000709421292413, 0.00108900445048, 0.00017863206449, 0.000485550874146, -0.00180965301115, 0.00283913011663], [-3.12024712912e-05, -0.00047763591283, -0.00281851179898, 0.00886121951044, -0.00365966395475, 0.00284401350655, 6.90781671437e-05, -0.000414083770011, 0.000595120654907, -0.00150917482097, 0.00172131310683, 0.00154514971655, -0.00196219771169], [0.000184941498446, 0.000238588225329, 0.00218755565584, -0.00365966395475, 0.009441527538, -0.00350588536821, 0.0033616963774, -0.000822146364953, -0.000843750778586, 0.00207809684798, 0.000230530175031, 0.000562968722079, -0.000601606385317], [0.000519166933373, 0.000932595692575, -0.00278250942938, 0.00284401350655, -0.00350588536821, 0.0132011957467, -0.00664280122146, 0.00287937605754, -0.00263774208724, 0.00265993946232, -0.00159550190438, 0.00225786934607, 0.000379059783882], [0.000140072355862, -0.000859283783939, 0.00196845224127, 6.90781671437e-05, 0.0033616963774, -0.00664280122146, 0.0140338968486, -0.00618138676509, 0.00268343044445, -0.00214564544149, 0.00191567104775, -0.00158051110338, 0.000582062639296], [-0.000880379113369, -0.000345115055097, -0.000709421292413, -0.000414083770011, -0.000822146364953, 0.00287937605754, -0.00618138676509, 0.0158449430019, -0.00457304948941, 0.0028072767891, 0.000142834687722, 0.000347026652889, -0.000160639829119], [0.000222809874685, 0.000191023820662, 0.00108900445048, 0.000595120654907, -0.000843750778586, -0.00263774208724, 0.00268343044445, -0.00457304948941, 0.0145515501499, -0.00325393839739, 0.000127811203129, 0.000803130387794, 0.000909444992431], [-0.000485741737066, 0.000230985620874, 0.00017863206449, -0.00150917482097, 0.00207809684798, 0.00265993946232, -0.00214564544149, 0.0028072767891, -0.00325393839739, 0.0132642425597, -0.00154527078848, 0.00189797009807, 0.000295698933769], [0.000202302981052, -0.00132522301283, 0.000485550874146, 0.00172131310683, 0.000230530175031, -0.00159550190438, 0.00191567104775, 0.000142834687722, 0.000127811203129, -0.00154527078848, 0.0110421469435, -0.00219000969082, 0.00253363931552], [1.19023052321e-05, 0.000149446452269, -0.00180965301115, 0.00154514971655, 0.000562968722079, 0.00225786934607, -0.00158051110338, 0.000347026652889, 0.000803130387794, 0.00189797009807, -0.00219000969082, 0.0146428635344, -0.00548634352162], [-0.000275367608992, -0.000302377011394, 0.00283913011663, -0.00196219771169, -0.000601606385317, 0.000379059783882, 0.000582062639296, -0.000160639829119, 0.000909444992431, 0.000295698933769, 0.00253363931552, -0.00548634352162, 0.014014409855]]
    },
    "spectral_contrast_coeffs": {
        "max": [-0.400448679924, -0.436087101698, -0.4034524858, -0.595305562019, -0.615232586861, -0.632040143013],
        "mean": [-0.634014368057, -0.717244565487, -0.700134932995, -0.746313929558, -0.762220680714, -0.793561816216],
        "min": [-0.888635098934, -0.883726000786, -0.940938293934, -0.871840059757, -0.889087677002, -0.91810631752],
        "stdev": [0.0763401612639, 0.0716945528984, 0.0562552064657, 0.0416596755385, 0.0425843633711, 0.0208044555038]
    },
    "spectral_contrast_valleys": {
        "max": [-5.79146766663, -5.01319122314, -6.69469261169, -6.63611698151, -6.55576324463, -8.56691837311],
        "mean": [-7.37354040146, -6.3427939415, -8.30338764191, -8.17609882355, -8.46932125092, -10.7953920364],
        "min": [-9.33651351929, -8.59242248535, -10.3050231934, -9.82845878601, -10.7903223038, -12.7950382233],
        "stdev": [0.605295181274, 0.496536254883, 0.573269069195, 0.578754901886, 0.600607156754, 0.637355625629]
    }
},
"rhythm": {
    "beats_count": 87,
    "beats_loudness": {
        "max": 0.136620655656,
        "mean": 0.0234428141266,
        "min": 0.00164012808818,
        "stdev": 0.0234695002437
    },
    "bpm": 108.457725525,
    "bpm_histogram_first_peak_bpm": 108,
    "bpm_histogram_first_peak_weight": 0.499999940395,
    "bpm_histogram_second_peak_bpm": 115,
    "bpm_histogram_second_peak_spread": 0,
    "bpm_histogram_second_peak_weight": 0.0581395365298,
    "danceability": 0.984804749489,
    "onset_rate": 3.158203125,
    "beats_loudness_band_ratio": {
        "max": [0.510302484035, 0.789136648178, 0.89995354414, 0.570255100727, 0.543268680573, 0.284580081701],
        "mean": [0.143609076738, 0.32906472683, 0.413293421268, 0.10214868933, 0.0567374899983, 0.0266357809305],
        "min": [0.0053980294615, 0.0231412686408, 0.114005088806, 0.0076771597378, 0.00655378680676, 0.00198310124688],
        "stdev": [0.112744778395, 0.174742981791, 0.20263017714, 0.107037313282, 0.0708360821009, 0.033854842186]
    },
