{
"metadata": {
    "version": {
        "essentia": "2.1-beta5",
        "essentia_git_sha": "Undefined",
        "extractor": "music 2.0"
    },
    "audio_properties": {
        "analysis": {
            "equal_loudness": 0,
            "length": 36.5598182678,
            "sample_rate": 44100,
            "start_time": 223.991287231,
            "downmix": "mix"
        },
        "bit_rate": 192000,
        "length": 260.57434082,
        "lossless": 0,
        "number_channels": 2,
        "replay_gain": -8.94069480896,
        "sample_rate": 44100,
        "codec": "mp3",
        "md5_encoded": "270e2f6c121a3fb5cd440c197bade35b"
    },
    "tags": {
        "file_name": "Greece_Panaghia Mou, Panaghia Mou_Mariza Koch.mp3",
        "encoding": ["Lavf58.29.100"]
    }
},
"lowlevel": {
    "average_loudness": 0.392594099045,
    "barkbands_crest": {
        "max": 24.7990856171,
        "mean": 8.92206668854,
        "min": 2.77247691154,
        "stdev": 4.47610092163
    },
    "barkbands_flatness_db": {
        "max": 0.256979852915,
        "mean": 0.113291747868,
        "min": 0.0395882874727,
        "stdev": 0.0383408926427
    },
    "barkbands_kurtosis": {
        "max": 38.3547554016,
        "mean": 1.53640902042,
        "min": -1.528657794,
        "stdev": 3.1651661396
    },
    "barkbands_skewness": {
        "max": 5.04364871979,
        "mean": 0.381113350391,
        "min": -1.28856110573,
        "stdev": 0.89697933197
    },
    "barkbands_spread": {
        "max": 57.6463851929,
        "mean": 17.8353557587,
        "min": 2.16822719574,
        "stdev": 7.3842587471
    },
    "dissonance": {
        "max": 0.499986618757,
        "mean": 0.475296407938,
        "min": 0.304812073708,
        "stdev": 0.0262116733938
    },
    "dynamic_complexity": 4.80094766617,
    "erbbands_crest": {
        "max": 30.1009044647,
        "mean": 12.0933017731,
        "min": 3.73598527908,
        "stdev": 5.42860794067
    },
    "erbbands_flatness_db": {
        "max": 0.301311343908,
        "mean": 0.188185051084,
        "min": 0.104352749884,
        "stdev": 0.0330019183457
    },
    "erbbands_kurtosis": {
        "max": 17.5553588867,
        "mean": 1.60740053654,
        "min": -1.47456669807,
        "stdev": 2.28131437302
    },
    "erbbands_skewness": {
        "max": 3.79999566078,
        "mean": 0.356243312359,
        "min": -1.50431227684,
        "stdev": 0.691828429699
    },
    "erbbands_spread": {
        "max": 69.0920333862,
        "mean": 20.6544418335,
        "min": 5.0707321167,
        "stdev": 9.52466011047
    },
    "hfc": {
        "max": 209.128158569,
        "mean": 18.2263813019,
        "min": 0.0103020444512,
        "stdev": 20.3100337982
    },
    "loudness_ebu128": {
        "integrated": -16.7002773285,
        "loudness_range": 10.2131605148,
        "momentary": {
            "max": -10.9773387909,
            "mean": -19.1624755859,
            "min": -45.0204315186,
            "stdev": 5.48756170273
        },
        "short_term": {
            "max": -12.7879657745,
            "mean": -18.4097614288,
            "min": -27.1653499603,
            "stdev": 4.14292383194
        }
    },
    "melbands_crest": {
        "max": 31.9903392792,
        "mean": 10.0324859619,
        "min": 3.32663106918,
        "stdev": 5.15583753586
    },
    "melbands_flatness_db": {
        "max": 0.299927771091,
        "mean": 0.146018400788,
        "min": 0.0253746397793,
        "stdev": 0.0549587383866
    },
    "melbands_kurtosis": {
        "max": 54.6064224243,
        "mean": 2.35983657837,
        "min": -1.46616184711,
        "stdev": 4.87218284607
    },
    "melbands_skewness": {
        "max": 5.47068691254,
        "mean": 0.69169151783,
        "min": -1.18723344803,
        "stdev": 0.976774454117
    },
    "melbands_spread": {
        "max": 113.172080994,
        "mean": 32.7456092834,
        "min": 2.50376033783,
        "stdev": 14.706076622
    },
    "pitch_salience": {
        "max": 0.853144526482,
        "mean": 0.623710870743,
        "min": 0.134870067239,
        "stdev": 0.13578248024
    },
    "silence_rate_20dB": {
        "max": 1,
        "mean": 1,
        "min": 1,
        "stdev": 0
    },
    "silence_rate_30dB": {
        "max": 1,
        "mean": 1,
        "min": 1,
        "stdev": 0
    },
    "silence_rate_60dB": {
        "max": 1,
        "mean": 0.337563455105,
        "min": 0,
        "stdev": 0.472879558802
    },
    "spectral_centroid": {
        "max": 3551.5065918,
        "mean": 1760.45092773,
        "min": 505.249298096,
        "stdev": 595.63671875
    },
    "spectral_complexity": {
        "max": 45,
        "mean": 15.5513963699,
        "min": 0,
        "stdev": 7.06523990631
    },
    "spectral_decrease": {
        "max": -4.85729598904e-12,
        "mean": -3.37891736812e-09,
        "min": -2.08602219942e-08,
        "stdev": 3.56136142798e-09
    },
    "spectral_energy": {
        "max": 0.0846328064799,
        "mean": 0.0144060179591,
        "min": 1.93968935491e-05,
        "stdev": 0.0149356992915
    },
    "spectral_energyband_high": {
        "max": 0.0192971490324,
        "mean": 0.000496277585626,
        "min": 1.29614065258e-07,
        "stdev": 0.00126292766072
    },
    "spectral_energyband_low": {
        "max": 0.00976585131139,
        "mean": 0.000425578095019,
        "min": 3.8572638914e-06,
        "stdev": 0.000869115407113
    },
    "spectral_energyband_middle_high": {
        "max": 0.0523835979402,
        "mean": 0.00661107432097,
        "min": 2.42865826294e-06,
        "stdev": 0.00763091631234
    },
    "spectral_energyband_middle_low": {
        "max": 0.0800480619073,
        "mean": 0.0073468205519,
        "min": 3.51918174601e-06,
        "stdev": 0.0112535366789
    },
    "spectral_entropy": {
        "max": 8.48579692841,
        "mean": 7.57799911499,
        "min": 6.61845207214,
        "stdev": 0.361967384815
    },
    "spectral_flux": {
        "max": 0.246362566948,
        "mean": 0.0670354738832,
        "min": 0.00201135966927,
        "stdev": 0.0422629453242
    },
    "spectral_kurtosis": {
        "max": 18.3941783905,
        "mean": 5.94061183929,
        "min": 0.894655942917,
        "stdev": 2.21917891502
    },
    "spectral_rms": {
        "max": 0.00908672623336,
        "mean": 0.00325705762953,
        "min": 0.000137563794851,
        "stdev": 0.0018564062193
    },
    "spectral_rolloff": {
        "max": 9926.80664062,
        "mean": 2110.02026367,
        "min": 301.46484375,
        "stdev": 1024.0690918
    },
    "spectral_skewness": {
        "max": 3.34680366516,
        "mean": 1.84793627262,
        "min": 0.97499614954,
        "stdev": 0.342253148556
    },
    "spectral_spread": {
        "max": 15064321,
        "mean": 4076507,
        "min": 2471927.75,
        "stdev": 763394.1875
    },
    "spectral_strongpeak": {
        "max": 11.795759201,
        "mean": 1.63802623749,
        "min": 0.00226572318934,
        "stdev": 1.8270072937
    },
    "zerocrossingrate": {
        "max": 0.25341796875,
        "mean": 0.081423997879,
        "min": 0.01806640625,
        "stdev": 0.0301585104316
    },
    "barkbands": {
        "max": [4.26686819992e-05, 0.000395625305828, 0.00649788696319, 0.00959450658411, 0.027586536482, 0.0135530317202, 0.0118719264865, 0.0602114722133, 0.0777339860797, 0.0348345078528, 0.00277210911736, 0.0110184904188, 0.0426019355655, 0.0458907857537, 0.00615470670164, 0.000341970997397, 0.00232708221301, 0.00147366523743, 0.0099270530045, 0.0039313165471, 0.00290936324745, 0.00444464804605, 0.00258260825649, 0.00189993169624, 0.00545469298959, 0.00334768882021, 6.47859196761e-05],
        "mean": [3.30084139932e-06, 5.07074837515e-05, 0.000207968128962, 0.000398063653847, 0.000997663126327, 0.00096260139253, 0.000732617860194, 0.00086187326815, 0.00283723790199, 0.00128603656776, 7.41911353543e-05, 0.00032698144787, 0.00158015603665, 0.00202159490436, 0.000454280816484, 5.45244693058e-05, 0.00025883858325, 0.00012802548008, 0.000525059527718, 0.000176183006261, 0.000154747976921, 9.14342454053e-05, 5.56545601285e-05, 5.44619615539e-05, 5.79565676162e-05, 5.17299158673e-05, 2.12753798223e-06],
        "min": [1.84575768003e-08, 1.18834793739e-06, 4.61964404508e-08, 4.07425773119e-08, 8.4227686159e-08, 2.75952942275e-07, 2.84104061166e-07, 3.71527903553e-07, 5.84916961088e-07, 1.62770291467e-07, 4.99782544239e-08, 1.01379278306e-07, 2.15170089746e-07, 6.17410535142e-07, 1.13465439711e-07, 1.55789727785e-08, 3.74301194483e-08, 9.80943148932e-09, 1.98968237441e-08, 2.56641428109e-08, 1.42219720445e-08, 2.25559908529e-08, 1.22296990313e-08, 2.19860840645e-08, 9.8658583525e-09, 1.51768659862e-08, 1.27543337003e-10],
        "stdev": [3.30907278112e-06, 4.42588534497e-05, 0.00060618337011, 0.00070117082214, 0.00175212603062, 0.00142046110705, 0.00113043189049, 0.00241891411133, 0.0092091197148, 0.00417123315856, 0.000200412978302, 0.000804377079476, 0.00372859044001, 0.00376947899349, 0.000546511961147, 5.02734146721e-05, 0.000243968155701, 0.000173106789589, 0.00112655130215, 0.000319888669765, 0.000305067922454, 0.000302117754472, 0.000161002128152, 0.00012921335292, 0.000286404130748, 0.000180962437298, 4.16561533712e-06]
    },
    "erbbands": {
        "max": [0.0167460627854, 0.172945961356, 4.78221130371, 23.3658809662, 40.7300491333, 115.145118713, 76.9346313477, 93.8427276611, 194.049514771, 173.44859314, 1661.48120117, 2044.67321777, 1320.30627441, 906.282226562, 92.603302002, 560.270446777, 1354.50415039, 2180.63891602, 570.165588379, 84.0116119385, 28.3458328247, 145.981018066, 113.272483826, 70.7766647339, 704.101074219, 116.470611572, 116.938812256, 115.60635376, 221.873321533, 80.8027954102, 63.2515258789, 34.4506454468, 51.8278694153, 114.321266174, 7.10733747482, 2.77466583252, 11.840385437, 1.0726531744, 0.0193516388535, 0.000815199222416],
        "mean": [0.00177684274968, 0.0130605129525, 0.167052567005, 0.869111359119, 2.69767594337, 3.16906285286, 4.97254180908, 8.0721616745, 10.5459661484, 13.3109025955, 26.4525470734, 67.6683807373, 52.4552116394, 20.215839386, 4.19193410873, 18.9290847778, 67.3366470337, 118.928352356, 46.4912605286, 9.42410373688, 5.33446502686, 13.1512880325, 9.53888034821, 7.32570028305, 35.0517616272, 9.38334083557, 6.51291704178, 4.31785011292, 4.19951534271, 1.77117204666, 1.50681054592, 1.192029953, 0.978829026222, 1.10279667377, 0.141346022487, 0.0797548517585, 0.141868636012, 0.0238254014403, 0.000443199067377, 3.15135912388e-05],
        "min": [3.8359703467e-05, 0.000147490689415, 0.000222844770178, 0.000303075794363, 0.000395186827518, 0.000213852006709, 0.000346554908901, 0.00297637819313, 0.00524608045816, 0.00399101525545, 0.0117989387363, 0.0125250089914, 0.00564349116758, 0.00339065375738, 0.00278957164846, 0.00499569252133, 0.0113922264427, 0.032597552985, 0.0215026568621, 0.00366004975513, 0.00124124984723, 0.0021199148614, 0.000618687772658, 0.000555188104045, 0.00121633021627, 0.00112804188393, 0.000589038827457, 0.000549058546312, 0.000719592557289, 0.000566141912714, 0.000358421792043, 0.000543924572412, 0.000270328047918, 0.000153153174324, 4.4378444727e-05, 2.53721536865e-05, 3.33751850121e-05, 7.10978474672e-06, 1.4976846785e-07, 2.70844378036e-08],
        "stdev": [0.00157194305211, 0.0167263690382, 0.440819472075, 1.62473630905, 4.69084453583, 6.4194021225, 7.7077331543, 11.8305711746, 16.0524806976, 19.8953399658, 90.0087280273, 236.351074219, 150.480911255, 62.5707244873, 7.70982313156, 39.7402458191, 142.716964722, 225.974197388, 56.508731842, 7.86831092834, 4.34689569473, 12.5579004288, 12.0090017319, 11.3421840668, 76.6070251465, 14.87778759, 11.8895196915, 10.126376152, 14.4340782166, 5.21733808517, 4.10704183578, 2.83839964867, 2.8188662529, 5.87855243683, 0.398766666651, 0.174789711833, 0.632531344891, 0.0598278976977, 0.00109387363773, 5.04647323396e-05]
    },
    "gfcc": {
        "mean": [-31.9898757935, 51.55859375, -142.303344727, -0.892538011074, -60.0214691162, 5.16554164886, -43.292350769, 2.46712613106, -22.9877433777, 17.1740131378, -16.8042125702, -5.88218402863, -22.8200817108],
        "cov": [[5160.11230469, -108.01499939, 20.22564888, -53.5567855835, -479.915679932, -604.075012207, -136.982772827, -314.140045166, -769.61895752, -342.069671631, -195.763534546, -430.623168945, -304.892272949], [-108.01499939, 1146.95788574, 395.087310791, -185.189498901, -147.014846802, -292.972564697, -79.0621414185, -257.561950684, -333.390991211, -166.666625977, -74.2901611328, -275.736419678, -109.993484497], [20.22564888, 395.087310791, 330.17388916, -8.90738773346, -125.632461548, -107.383766174, -45.9352493286, -128.897384644, -146.280670166, -83.3574905396, -69.0807571411, -127.680984497, -52.3236198425], [-53.5567855835, -185.189498901, -8.90738773346, 148.480529785, 75.3675231934, 60.8248672485, 1.95907628536, 38.6853256226, 47.3708877563, 35.8577651978, 29.8076610565, 48.5493164062, -5.19097089767], [-479.915679932, -147.014846802, -125.632461548, 75.3675231934, 181.384109497, 132.527130127, 26.4493751526, 83.8339614868, 126.799949646, 76.1809158325, 64.5240936279, 93.8704833984, 38.044834137], [-604.075012207, -292.972564697, -107.383766174, 60.8248672485, 132.527130127, 221.72253418, 58.8514785767, 131.981048584, 210.239105225, 76.5262680054, 42.1621665955, 146.80140686, 75.0759887695], [-136.982772827, -79.0621414185, -45.9352493286, 1.95907628536, 26.4493751526, 58.8514785767, 85.2325668335, 69.6257019043, 55.656036377, 9.81324195862, -3.03155422211, 33.9694824219, 31.3862476349], [-314.140045166, -257.561950684, -128.897384644, 38.6853256226, 83.8339614868, 131.981048584, 69.6257019043, 178.820449829, 177.834243774, 41.9061813354, 40.8103981018, 113.812339783, 56.5864448547], [-769.61895752, -333.390991211, -146.280670166, 47.3708877563, 126.799949646, 210.239105225, 55.656036377, 177.834243774, 324.581756592, 118.035438538, 32.9185371399, 173.047439575, 98.7230072021], [-342.069671631, -166.666625977, -83.3574905396, 35.8577651978, 76.1809158325, 76.5262680054, 9.81324195862, 41.9061813354, 118.035438538, 122.064193726, 69.7476501465, 62.9859809875, 23.6984500885], [-195.763534546, -74.2901611328, -69.0807571411, 29.8076610565, 64.5240936279, 42.1621665955, -3.03155422211, 40.8103981018, 32.9185371399, 69.7476501465, 113.47403717, 59.8185272217, -0.252006053925], [-430.623168945, -275.736419678, -127.680984497, 48.5493164062, 93.8704833984, 146.80140686, 33.9694824219, 113.812339783, 173.047439575, 62.9859809875, 59.8185272217, 176.264846802, 89.9426116943], [-304.892272949, -109.993484497, -52.3236198425, -5.19097089767, 38.044834137, 75.0759887695, 31.3862476349, 56.5864448547, 98.7230072021, 23.6984500885, -0.252006053925, 89.9426116943, 91.6212005615]],
        "icov": [[0.000688659201842, 0.000685536535457, 0.00067265733378, -0.000230353456573, 0.000763386953622, 0.000829669064842, 0.000335448712576, -0.000456906214822, 0.00143500114791, 0.000460047565866, 0.000719849893358, 0.000228807082749, 0.000768364290707], [0.000685536535457, 0.00792269874364, -0.00772314053029, 0.00850943196565, -0.0103754857555, 0.0102610485628, -0.00536504480988, 0.00784574076533, -0.0071308715269, 0.0126077700406, -0.00936535466462, 0.00425203470513, 0.000979338423349], [0.00067265733378, -0.00772314053029, 0.0189238153398, -0.0165814552456, 0.0200046021491, -0.0135596217588, 0.0055004931055, -0.000440906122094, 0.00337022170424, -0.00250995531678, 0.00230475608259, 0.00795630458742, -0.0067598442547], [-0.000230353456573, 0.00850943196565, -0.0165814552456, 0.0267460793257, -0.0224307905883, 0.0124156940728, -0.00297639938071, -0.00181187980343, 0.00162709213328, -0.000821356952656, 0.00365260941908, -0.012940579094, 0.0139470985159], [0.000763386953622, -0.0103754857555, 0.0200046021491, -0.0224307905883, 0.0359386019409, -0.0224022567272, 0.00849941372871, -0.00598855921999, 0.00777370575815, -0.0101311318576, 0.002892811317, 0.00744370371103, -0.00859667919576], [0.000829669064842, 0.0102610485628, -0.0135596217588, 0.0124156940728, -0.0224022567272, 0.0343648083508, -0.0134931262583, 0.00983014516532, -0.0153529308736, 0.0156398098916, -0.00914475135505, -0.0062475502491, 0.0063391183503], [0.000335448712576, -0.00536504480988, 0.0055004931055, -0.00297639938071, 0.00849941372871, -0.0134931262583, 0.0300253238529, -0.0261869393289, 0.0222586132586, -0.023164993152, 0.0219759549946, -0.004935357254, -0.00202376837842], [-0.000456906214822, 0.00784574076533, -0.000440906122094, -0.00181187980343, -0.00598855921999, 0.00983014516532, -0.0261869393289, 0.053886782378, -0.0458367317915, 0.0514128655195, -0.0470034591854, 0.0244804602116, -0.0104045243934], [0.00143500114791, -0.0071308715269, 0.00337022170424, 0.00162709213328, 0.00777370575815, -0.0153529308736, 0.0222586132586, -0.0458367317915, 0.0568867474794, -0.0564263314009, 0.0529224351048, -0.03209233284, 0.0132170394063], [0.000460047565866, 0.0126077700406, -0.00250995531678, -0.000821356952656, -0.0101311318576, 0.0156398098916, -0.023164993152, 0.0514128655195, -0.0564263314009, 0.0806913822889, -0.0663209334016, 0.0410297401249, -0.0177712254226], [0.000719849893358, -0.00936535466462, 0.00230475608259, 0.00365260941908, 0.002892811317, -0.00914475135505, 0.0219759549946, -0.0470034591854, 0.0529224351048, -0.0663209334016, 0.0740396603942, -0.0473405644298, 0.0272758565843], [0.000228807082749, 0.00425203470513, 0.00795630458742, -0.012940579094, 0.00744370371103, -0.0062475502491, -0.004935357254, 0.0244804602116, -0.03209233284, 0.0410297401249, -0.0473405644298, 0.0605555959046, -0.0373327955604], [0.000768364290707, 0.000979338423349, -0.0067598442547, 0.0139470985159, -0.00859667919576, 0.0063391183503, -0.00202376837842, -0.0104045243934, 0.0132170394063, -0.0177712254226, 0.0272758565843, -0.0373327955604, 0.0441504083574]]
    },
    "melbands": {
        "max": [0.000128494109958, 0.00175692909397, 0.00342141464353, 0.00620203046128, 0.00278870319016, 0.00231108651496, 0.0028748291079, 0.00204095523804, 0.013174507767, 0.0129464454949, 0.00660648057237, 0.00436139432713, 0.000418568175519, 0.000947572349105, 0.00150138733443, 0.00509662181139, 0.00488213682547, 0.00131662399508, 0.0002223624615, 3.25984547089e-05, 5.20198555023e-05, 0.000163040269399, 0.000168008453329, 9.01364255697e-05, 5.48207426618e-05, 0.000413274305174, 0.000393402180634, 6.50050278637e-05, 5.27565389348e-05, 0.000113489237265, 6.58508361084e-05, 0.000168618236785, 6.80367156747e-05, 4.64320437459e-05, 4.64061704406e-05, 2.51104356721e-05, 1.64151315403e-05, 3.3624972275e-05, 7.24451383576e-05, 9.02837564354e-05],
        "mean": [1.41510072353e-05, 6.93130277796e-05, 0.000205995180295, 0.000214648083784, 0.000167617370607, 0.000186455828953, 0.000159742907272, 0.000146687612869, 0.000263859052211, 0.000423483143095, 0.000255198130617, 8.93727556104e-05, 1.06406851046e-05, 2.90546340693e-05, 7.59600152378e-05, 0.000193625179236, 0.000222665446927, 7.99782355898e-05, 2.53405560215e-05, 3.92589890907e-06, 7.09582536729e-06, 1.33219109557e-05, 1.4378862943e-05, 4.56189673059e-06, 3.82294410883e-06, 2.66865645244e-05, 1.7165855752e-05, 3.59155114893e-06, 3.16525006383e-06, 4.70442955702e-06, 1.70883538431e-06, 2.5561575967e-06, 1.45776562022e-06, 9.72239718067e-07, 1.01245723272e-06, 7.36561446502e-07, 6.21666458755e-07, 6.68380266688e-07, 8.63844036303e-07, 8.38377502532e-07],
        "min": [2.58579404999e-07, 1.97824249426e-07, 8.0168661043e-08, 2.32012347112e-08, 9.52746326277e-09, 6.82351455339e-08, 7.25224538201e-08, 4.13298941737e-08, 1.12842919009e-07, 8.14882312739e-08, 2.39541737557e-08, 1.07724069665e-08, 8.30934610008e-09, 1.15682992075e-08, 2.68202686726e-08, 2.36002346554e-08, 5.70409710576e-08, 3.46413493446e-08, 4.42847003512e-09, 1.14651355076e-09, 1.46520295896e-09, 2.21219242924e-09, 7.27354787511e-10, 3.30348359778e-10, 3.80429437952e-10, 5.73477265675e-10, 1.05752595569e-09, 5.96639848638e-10, 2.70277578096e-10, 2.91130175523e-10, 2.57842691642e-10, 3.02040531475e-10, 5.16405029849e-10, 2.23413273992e-10, 1.64980099027e-10, 2.0172861992e-10, 3.21464688202e-10, 1.55344043185e-10, 1.70735620086e-10, 1.03319713896e-10],
        "stdev": [1.14932618089e-05, 0.000167246718775, 0.000322786276229, 0.000394196598791, 0.000253833510214, 0.000270528282272, 0.000244513590587, 0.000231372760027, 0.000978849595413, 0.00143456470687, 0.000765030737966, 0.000302008469589, 2.77522722172e-05, 7.09519445081e-05, 0.000147301907418, 0.000443978671683, 0.000437220325693, 0.00011533263023, 2.74461890513e-05, 3.66087806469e-06, 6.69542305332e-06, 1.26202958199e-05, 1.82540534297e-05, 6.57982627672e-06, 7.08784364178e-06, 5.75064441364e-05, 3.66598433175e-05, 6.17413752479e-06, 6.14819828115e-06, 1.03879428934e-05, 5.08165430801e-06, 9.39887468121e-06, 4.49118988399e-06, 3.03618526232e-06, 2.97485280498e-06, 1.74573006007e-06, 1.48546860146e-06, 1.73235480361e-06, 3.95147162635e-06, 4.62380239696e-06]
    },
    "melbands128": {
        "max": [4.06095787184e-05, 0.00014599156566, 0.000171089312062, 0.000264761736616, 0.00162815896329, 0.0036941904109, 0.00579867092893, 0.00344846234657, 0.00486823823303, 0.00830617360771, 0.00698454724625, 0.00368622457609, 0.00336071383208, 0.00572560401633, 0.00263114459813, 0.00413677189499, 0.00300970114768, 0.00456359842792, 0.00237615709193, 0.00272034341469, 0.00365075049922, 0.012391583994, 0.0231165364385, 0.0260307863355, 0.0257777590305, 0.0186157599092, 0.0163004174829, 0.0133445952088, 0.00933340284973, 0.00989592727274, 0.00351642258465, 0.000586644979194, 0.00077264290303, 0.000356980395736, 0.000544191920199, 0.00107516092248, 0.00343500217423, 0.00235306168906, 0.00391822820529, 0.00616741832346, 0.0111549757421, 0.0115152653307, 0.00712184328586, 0.00974488072097, 0.00317126791924, 0.00196093018167, 0.000778017973062, 0.000392716669012, 0.000136720584123, 0.000100483026472, 2.43161102844e-05, 2.3002459784e-05, 4.51618579973e-05, 7.6867545431e-05, 0.000211594597204, 0.000271021737717, 0.000215659150854, 0.000266532239038, 0.000165020799614, 0.000216705375351, 0.000135234469781, 4.80580347357e-05, 1.55983361765e-05, 8.4071616584e-05, 0.000258542364463, 0.000717406335752, 0.0012077242136, 0.00116523134056, 0.000291687378194, 0.000250266719377, 7.0290036092e-05, 1.76262510649e-05, 2.18323912122e-05, 0.000129843960167, 0.000100349025161, 0.000289050774882, 0.000102626319858, 9.41859543673e-05, 8.29959972179e-05, 5.18572123838e-05, 0.00024691602448, 0.000200571637833, 0.000140537769767, 7.61572300689e-05, 1.514489486e-05, 1.48871358761e-05, 6.99576630723e-05, 0.000117344527098, 2.85396254185e-05, 3.37199126079e-05, 1.06250763565e-05, 4.53640423075e-05, 3.19189821312e-05, 2.31255653489e-05, 7.94382049207e-06, 2.59411935986e-05, 5.21996662428e-05, 2.22395628953e-05, 9.93610865407e-06, 0.000105382743641, 0.000265204376774, 2.12651812035e-05, 4.03902140533e-06, 4.20633205067e-06, 3.93729669668e-06, 3.69766621588e-06, 1.84882492249e-06, 2.45136516241e-06, 3.23693052451e-06, 4.00354292651e-06, 5.75082685828e-06, 9.75167131401e-06, 0.000115915689094, 2.43934755417e-05, 1.13688729471e-05, 1.37854904096e-05, 2.49352638093e-06, 2.46409070925e-09, 1.67104816096e-10, 1.49752987788e-10, 1.35224692555e-10, 1.27522270521e-10, 1.25305765764e-10, 1.21873108827e-10, 1.22722942919e-10, 1.17815784906e-10, 1.15808557188e-10, 1.1225069485e-10],
        "mean": [2.91547053166e-06, 1.5146099031e-05, 1.62835567608e-05, 1.71671144926e-05, 5.11565231136e-05, 0.000119795644423, 0.000158300375915, 0.000219290493988, 0.000308650342049, 0.000212655111682, 0.000168162383488, 0.000140338641359, 0.000152693450218, 0.000225395619054, 0.000174248183612, 0.000182962656254, 0.000175640496309, 0.000160969808348, 0.000131351334858, 0.000149319545017, 0.000158788563567, 0.000122310288134, 0.000248291180469, 0.000413814443164, 0.00054231955437, 0.000377175456379, 0.000293356541079, 0.000273136422038, 0.00019822192553, 0.000128012441564, 4.63794058305e-05, 1.21442290038e-05, 1.07279356598e-05, 6.44498913971e-06, 1.00657143776e-05, 3.25853798131e-05, 6.93917099852e-05, 4.18049894506e-05, 0.000101491852547, 0.000165212288266, 0.000193380445126, 0.000277261191513, 0.000252295285463, 0.000208249912248, 8.26078321552e-05, 6.29188507446e-05, 6.48958302918e-05, 2.44205639319e-05, 1.06724310172e-05, 6.33237914371e-06, 2.32891238738e-06, 2.09268137041e-06, 4.3190816541e-06, 8.28416341392e-06, 1.59708833962e-05, 1.13243468149e-05, 1.27450730361e-05, 2.08870187635e-05, 1.25106507767e-05, 7.30709916752e-06, 4.21685081164e-06, 2.79504183709e-06, 1.11476333586e-06, 2.48723540608e-06, 1.01195464595e-05, 2.61056593445e-05, 4.31245098298e-05, 2.33240643865e-05, 1.00414772533e-05, 8.78645096236e-06, 3.7872403027e-06, 8.35430455481e-07, 1.03063257484e-06, 4.09353879149e-06, 3.89276920032e-06, 8.15013936517e-06, 2.63706579062e-06, 2.26851943808e-06, 1.41936232012e-06, 1.17603610761e-06, 2.62424441644e-06, 3.00089004668e-06, 2.74168269243e-06, 1.31217689159e-06, 4.28616061754e-07, 4.50363444315e-07, 1.30124760744e-06, 1.7855668375e-06, 1.00214947452e-06, 4.91472917474e-07, 4.20946690838e-07, 9.07318849386e-07, 1.10535927433e-06, 6.47952845156e-07, 2.32751844464e-07, 5.44841213923e-07, 9.49171919729e-07, 6.1306269572e-07, 2.54423866863e-07, 1.18307502817e-06, 2.23343886319e-06, 2.52851805271e-07, 1.12443785838e-07, 1.16610046064e-07, 1.32587246071e-07, 1.1621285978e-07, 9.87656605389e-08, 1.20633188772e-07, 1.32989399049e-07, 1.10486091387e-07, 1.34148265829e-07, 1.77901782195e-07, 1.03601951196e-06, 3.71379172748e-07, 3.39054565757e-07, 3.54656208401e-07, 9.48305753923e-08, 6.01455760196e-11, 2.22975045545e-12, 2.13162799044e-12, 2.06261787164e-12, 2.01373509881e-12, 1.96941161296e-12, 1.93056703436e-12, 1.90693207752e-12, 1.88636454547e-12, 1.86974893034e-12, 1.85579719994e-12],
        "min": [2.6317887869e-09, 4.34555218476e-08, 1.20833320238e-07, 7.59383169679e-08, 1.11470388475e-08, 1.49585872578e-08, 9.05299923915e-09, 1.56712438582e-08, 2.41154207714e-08, 1.70558038803e-08, 8.11825628944e-09, 1.47996415123e-09, 7.00298397049e-09, 1.31538993031e-08, 2.65993129744e-08, 1.02932972368e-07, 1.09458682118e-07, 1.70511906816e-08, 2.42996360811e-08, 2.01205825334e-08, 2.64373625214e-08, 6.15808772864e-08, 8.33743172279e-08, 6.78401761434e-08, 1.46936205425e-08, 1.81016321932e-08, 2.38734028102e-08, 2.55562913054e-08, 1.53359795974e-08, 5.04697439396e-09, 4.69673855363e-09, 4.21909618353e-09, 3.92579480035e-09, 2.76960210321e-09, 2.66204036592e-09, 4.58199256315e-09, 8.49943049275e-09, 9.52480050387e-09, 1.46794398859e-08, 1.07413473671e-08, 2.55638674673e-08, 2.94763840003e-08, 3.81856288811e-08, 1.61931676956e-08, 3.12013419546e-08, 2.36188579805e-08, 5.98690919063e-09, 1.72461001036e-09, 1.36918698601e-09, 1.62712587848e-09, 4.62701044146e-10, 1.86908127864e-10, 5.78853687205e-10, 1.34357613923e-09, 2.82262035967e-09, 1.23220211812e-09, 7.45945916147e-10, 5.49880085909e-10, 5.31585941932e-10, 2.2612756112e-10, 2.54106152786e-10, 1.08067714499e-10, 2.66096727985e-10, 3.45134698598e-10, 3.15426684772e-10, 3.35318495193e-10, 5.95864135811e-10, 7.34823479842e-10, 4.34491831403e-10, 7.21292858774e-10, 6.66593502618e-10, 1.39782671549e-10, 2.14003439969e-10, 2.800766008e-10, 1.77761375064e-10, 2.85945073175e-10, 2.41666547884e-10, 1.76512832128e-10, 1.6585809115e-10, 2.43432746183e-10, 1.84778692347e-10, 6.86498080604e-11, 4.05708217022e-10, 5.93143201222e-10, 1.38037109521e-10, 1.74319614299e-10, 1.60421939621e-10, 1.2509281111e-10, 1.3871927218e-10, 1.35498501308e-10, 9.21927187369e-11, 1.09733458431e-10, 4.3308009956e-10, 2.76588474346e-10, 1.2778970937e-10, 7.65037547201e-11, 1.07934432225e-10, 1.60637503299e-10, 1.28186655735e-10, 1.23537291508e-10, 1.32948971276e-10, 5.0345130842e-11, 3.45239462018e-11, 3.38456103421e-11, 2.13614455985e-11, 3.17696285945e-11, 3.70640775016e-11, 4.43159745012e-11, 2.07774630834e-11, 3.12301885741e-11, 4.35471346483e-11, 4.5526839243e-11, 1.26855206894e-10, 8.7389269432e-11, 1.31930813496e-10, 6.16711959278e-11, 6.81458839011e-12, 8.40945829682e-14, 5.4191179132e-14, 4.66129007138e-14, 4.99738834028e-14, 4.9637773953e-14, 3.78037343454e-14, 5.2861960821e-14, 4.91993666402e-14, 5.17565624961e-14, 5.43701876869e-14, 4.71380611411e-14],
        "stdev": [2.9919467579e-06, 1.5029802853e-05, 1.53207747644e-05, 2.45379487751e-05, 0.00014075973013, 0.000353517767508, 0.000365826388588, 0.000365285377484, 0.000586578098591, 0.000480544375023, 0.00040306954179, 0.00024782953551, 0.000269221229246, 0.00048764643725, 0.000313931406708, 0.000314946693834, 0.000288706854917, 0.000344154512277, 0.000238676948356, 0.00025706976885, 0.000338427722454, 0.000390600296669, 0.00129698601086, 0.00211899331771, 0.00240099267103, 0.00168906431645, 0.00114585622214, 0.00110196601599, 0.000829619530123, 0.000552346231416, 0.000160598981893, 4.16662696807e-05, 4.29017272836e-05, 2.28090830205e-05, 3.54474468622e-05, 9.33958872338e-05, 0.000218327928451, 0.00011939851538, 0.000265644222964, 0.000514996529091, 0.000656796037219, 0.000816184678115, 0.000649494118989, 0.000504670257214, 0.00021785563149, 0.000123712612549, 0.000101359182736, 3.64303086826e-05, 1.3032192328e-05, 7.36249876354e-06, 2.86920544568e-06, 2.66124811787e-06, 5.38347239853e-06, 8.91919353307e-06, 2.22997696255e-05, 1.42382386912e-05, 1.79485668923e-05, 2.98981631204e-05, 1.94352105609e-05, 1.58823277161e-05, 7.27410406398e-06, 4.92446042699e-06, 1.77006381819e-06, 6.18659259999e-06, 2.7583215342e-05, 7.55549554015e-05, 0.000127065577544, 8.11536883703e-05, 2.54126825894e-05, 1.93231717276e-05, 7.73386000219e-06, 1.73780881596e-06, 1.93470168597e-06, 1.17372292152e-05, 8.69959967531e-06, 2.35884672293e-05, 6.70695362714e-06, 7.16017439117e-06, 5.0298763199e-06, 3.51714925273e-06, 1.07135419967e-05, 1.17415993373e-05, 9.8589252957e-06, 3.97840949518e-06, 1.12556767817e-06, 1.11231111077e-06, 4.34803041571e-06, 6.83016696712e-06, 2.47031289291e-06, 1.46648187638e-06, 8.53027813719e-07, 2.54058863902e-06, 2.76482955996e-06, 1.66551023995e-06, 5.87766578519e-07, 1.3831462411e-06, 2.75769798463e-06, 1.59374110353e-06, 6.61366357235e-07, 6.16243460172e-06, 1.33929706863e-05, 1.13736609819e-06, 2.85059797989e-07, 2.48954165727e-07, 2.86756630885e-07, 2.04164692263e-07, 1.8710343852e-07, 2.35353553535e-07, 2.33052162457e-07, 2.10672240541e-07, 3.38544538181e-07, 6.07161950938e-07, 5.75497870159e-06, 1.40052327424e-06, 7.65367246913e-07, 7.3793410138e-07, 1.72720348246e-07, 1.4107270907e-10, 6.04793819192e-12, 5.80303166631e-12, 5.6166495066e-12, 5.51546048416e-12, 5.48998216679e-12, 5.42300536074e-12, 5.40503926338e-12, 5.34284769205e-12, 5.28789251969e-12, 5.24278884195e-12]
    },
    "mfcc": {
        "mean": [-675.564331055, 100.758087158, -27.6939315796, -3.54156589508, -5.83678388596, -0.682044923306, -8.6643819809, -16.0852947235, -10.2905054092, 11.3935756683, 10.1392440796, 0.945555329323, -14.849606514],
        "cov": [[4987.97412109, -286.406738281, 77.4426956177, 250.859298706, -405.497192383, -368.232574463, 141.684616089, -264.74307251, -410.893890381, -129.662200928, -196.08984375, -348.9375, -273.676177979], [-286.406738281, 1169.11779785, 356.183227539, 94.0161209106, -170.774124146, -125.531723022, 73.2459716797, -225.891525269, -267.855682373, -24.9835643768, -159.390045166, -177.717803955, -180.844207764], [77.4426956177, 356.183227539, 387.397857666, 72.8270721436, -99.2746505737, -56.5399589539, 9.9024477005, -111.598381042, -99.0609436035, -50.6281852722, -80.3765106201, -96.4214706421, -110.296951294], [250.859298706, 94.0161209106, 72.8270721436, 125.078117371, -21.3324718475, -27.6360263824, 39.6591186523, -60.8406257629, -83.6019363403, -10.7246341705, -33.3833808899, -38.6275100708, -30.6783428192], [-405.497192383, -170.774124146, -99.2746505737, -21.3324718475, 155.675994873, 79.9993362427, -22.8092041016, 73.1689758301, 78.5211334229, 10.7282209396, 53.0963134766, 78.2502441406, 87.263633728], [-368.232574463, -125.531723022, -56.5399589539, -27.6360263824, 79.9993362427, 107.969421387, -14.0608472824, 35.4497299194, 73.3430252075, 0.0628581121564, 40.6870918274, 60.4269676208, 40.6823005676], [141.684616089, 73.2459716797, 9.9024477005, 39.6591186523, -22.8092041016, -14.0608472824, 97.8668365479, -19.090379715, -78.3474349976, 4.96152544022, -25.5973033905, -31.5440826416, 0.994183242321], [-264.74307251, -225.891525269, -111.598381042, -60.8406257629, 73.1689758301, 35.4497299194, -19.090379715, 180.508590698, 139.629928589, 21.4585971832, 35.3161582947, 64.6397094727, 69.3918914795], [-410.893890381, -267.855682373, -99.0609436035, -83.6019363403, 78.5211334229, 73.3430252075, -78.3474349976, 139.629928589, 235.156692505, 20.5401992798, 54.1757507324, 89.1255722046, 31.3798122406], [-129.662200928, -24.9835643768, -50.6281852722, -10.7246341705, 10.7282209396, 0.0628581121564, 4.96152544022, 21.4585971832, 20.5401992798, 78.0604248047, 27.8177680969, 20.6388072968, 14.389626503], [-196.08984375, -159.390045166, -80.3765106201, -33.3833808899, 53.0963134766, 40.6870918274, -25.5973033905, 35.3161582947, 54.1757507324, 27.8177680969, 92.1696548462, 55.612575531, 42.2640113831], [-348.9375, -177.717803955, -96.4214706421, -38.6275100708, 78.2502441406, 60.4269676208, -31.5440826416, 64.6397094727, 89.1255722046, 20.6388072968, 55.612575531, 140.531402588, 84.0706558228], [-273.676177979, -180.844207764, -110.296951294, -30.6783428192, 87.263633728, 40.6823005676, 0.994183242321, 69.3918914795, 31.3798122406, 14.389626503, 42.2640113831, 84.0706558228, 163.563674927]],
        "icov": [[0.000565975438803, 0.000738515693229, 0.000326595822116, -0.000435623223893, 0.000525628798641, 0.0012791788904, -0.000167448044522, 0.000275681610219, 0.000632814189885, 0.000626969442237, 0.000510007783305, 0.000310889387038, 0.000719387666322], [0.000738515693229, 0.00273898872547, -0.00053394632414, 0.000361155107385, 0.000111844470666, 0.00182799948379, -0.000276959501207, 0.000905165448785, 0.00219145603478, -0.000311383162625, 0.00245924503542, 0.000233886326896, 0.00192635122221], [0.000326595822116, -0.00053394632414, 0.00483977328986, -0.00196861685254, 0.00148166774306, 0.000353872717824, 0.000981114339083, 0.000640705984551, -0.000150602281792, 0.00216387887485, 0.000854961283039, 0.000748303777073, 0.00092719506938], [-0.000435623223893, 0.000361155107385, -0.00196861685254, 0.0132673392072, -0.00433425232768, 0.00120627926663, -0.00340167363174, 0.00212219380774, 0.00205102702603, -0.00111007294618, 0.00201966310851, -0.00115035346244, 0.00173762615304], [0.000525628798641, 0.000111844470666, 0.00148166774306, -0.00433425232768, 0.0166865624487, -0.00756476353854, 0.00309593626298, -0.0034030333627, 0.000868343515322, 0.000961063837167, -0.00201936159283, 0.000108366679342, -0.00419176649302], [0.0012791788904, 0.00182799948379, 0.000353872717824, 0.00120627926663, -0.00756476353854, 0.0236647445709, -0.00672822445631, 0.0063924905844, -0.00545577844605, 0.00504454039037, -0.00176139350515, -0.00235561025329, 0.00237393612042], [-0.000167448044522, -0.000276959501207, 0.000981114339083, -0.00340167363174, 0.00309593626298, -0.00672822445631, 0.0191370174289, -0.00628072256222, 0.00891028624028, -0.00379499001428, 0.00309242820367, 0.00160084560048, -0.000990265631117], [0.000275681610219, 0.000905165448785, 0.000640705984551, 0.00212219380774, -0.0034030333627, 0.0063924905844, -0.00628072256222, 0.0162414014339, -0.0103884916753, 0.000375116680516, 0.00154349138029, 0.00101021747105, -0.00329251307994], [0.000632814189885, 0.00219145603478, -0.000150602281792, 0.00205102702603, 0.000868343515322, -0.00545577844605, 0.00891028624028, -0.0103884916753, 0.0190239660442, -0.00214743311517, 0.0025152626913, -0.00322477775626, 0.00655856681988], [0.000626969442237, -0.000311383162625, 0.00216387887485, -0.00111007294618, 0.000961063837167, 0.00504454039037, -0.00379499001428, 0.000375116680516, -0.00214743311517, 0.0176506768912, -0.00560096884146, -0.000887299305759, 0.000814709463157], [0.000510007783305, 0.00245924503542, 0.000854961283039, 0.00201966310851, -0.00201936159283, -0.00176139350515, 0.00309242820367, 0.00154349138029, 0.0025152626913, -0.00560096884146, 0.0209911111742, -0.00240998133086, 0.001194509794], [0.000310889387038, 0.000233886326896, 0.000748303777073, -0.00115035346244, 0.000108366679342, -0.00235561025329, 0.00160084560048, 0.00101021747105, -0.00322477775626, -0.000887299305759, -0.00240998133086, 0.0157043430954, -0.0055950731039], [0.000719387666322, 0.00192635122221, 0.00092719506938, 0.00173762615304, -0.00419176649302, 0.00237393612042, -0.000990265631117, -0.00329251307994, 0.00655856681988, 0.000814709463157, 0.001194509794, -0.0055950731039, 0.0146845532581]]
    },
    "spectral_contrast_coeffs": {
        "max": [-0.460848361254, -0.452962934971, -0.399911463261, -0.538545787334, -0.628644227982, -0.680414259434],
        "mean": [-0.71146863699, -0.80132651329, -0.743824422359, -0.740787506104, -0.764116704464, -0.777710497379],
        "min": [-0.949586570263, -0.938275456429, -0.946557343006, -0.900233626366, -0.900277376175, -0.865985989571],
        "stdev": [0.101368270814, 0.0691661462188, 0.0919375270605, 0.069099009037, 0.0435842201114, 0.0270186327398]
    },
    "spectral_contrast_valleys": {
        "max": [-5.598133564, -5.15804672241, -6.26337385178, -6.50684022903, -6.28045558929, -8.034948349],
        "mean": [-8.04498767853, -6.67675304413, -7.82809114456, -7.56417369843, -7.90737533569, -10.4456529617],
        "min": [-10.3280649185, -9.61356639862, -10.7763738632, -11.2247724533, -11.6944255829, -13.809009552],
        "stdev": [0.789326310158, 0.754072189331, 0.565239489079, 0.674635708332, 0.716049015522, 0.711767375469]
    }
},
"rhythm": {
    "beats_count": 48,
    "beats_loudness": {
        "max": 0.0586376972497,
        "mean": 0.0165363736451,
        "min": 2.27971031563e-05,
        "stdev": 0.0152276195586
    },
    "bpm": 80.6797561646,
    "bpm_histogram_first_peak_bpm": 81,
    "bpm_histogram_first_peak_weight": 0.288888931274,
    "bpm_histogram_second_peak_bpm": 75,
    "bpm_histogram_second_peak_spread": 0,
    "bpm_histogram_second_peak_weight": 0.0425531901419,
    "danceability": 0.889107108116,
    "onset_rate": 2.05078125,
    "beats_loudness_band_ratio": {
        "max": [0.363353967667, 0.304703772068, 0.85632622242, 0.776841640472, 0.523826956749, 0.335176259279],
        "mean": [0.0789842456579, 0.099932603538, 0.230935588479, 0.32957175374, 0.201195910573, 0.111137710512],
        "min": [0.00788895227015, 0.00750098424032, 0.0627911984921, 0.0348763130605, 0.0260148849338, 0.00711964815855],
        "stdev": [0.090643286705, 0.0882110595703, 0.168281987309, 0.159603968263, 0.160946965218, 0.0901433080435]
    },
    "beats_position": [0.719818592072, 1.46285712719, 2.19428563118, 2.92571425438, 3.63392281532, 4.35374164581, 5.06195020676, 5.7701587677, 6.47836732864, 7.19818592072, 7.92961454391, 8.66104316711, 9.4040813446, 10.1355104446, 10.866938591, 11.5983667374, 12.3530158997, 13.1076641083, 13.8623123169, 14.6169614792, 15.3599996567, 16.114648819, 16.8692970276, 17.6239452362, 18.3669834137, 19.1216316223, 19.8646717072, 20.6077098846, 21.3507480621, 22.0937862396, 22.8484344482, 23.6030826569, 24.40417099, 25.2052612305, 25.9715194702, 26.7493877411, 27.5156459808, 28.2819042206, 29.0481624603, 29.8144207001, 30.5806789398, 31.3237190247, 32.0783653259, 32.8330154419, 33.5760536194, 34.3190917969, 35.0621299744, 35.8051681519],
