{
"metadata": {
    "version": {
        "essentia": "2.1-beta5",
        "essentia_git_sha": "Undefined",
        "extractor": "music 2.0"
    },
    "audio_properties": {
        "analysis": {
            "equal_loudness": 0,
            "length": 12.7477550507,
            "sample_rate": 44100,
            "start_time": 0,
            "downmix": "mix"
        },
        "bit_rate": 192000,
        "length": 190.206268311,
        "lossless": 0,
        "number_channels": 2,
        "replay_gain": -5.6755027771,
        "sample_rate": 48000,
        "codec": "mp3",
        "md5_encoded": "5bfceda58c38871104e9d39fe8463f28"
    },
    "tags": {
        "file_name": "Netherlands_The Party_s Over Now_Sandra Reemer.mp3",
        "encoding": ["Lavf58.29.100"]
    }
},
"lowlevel": {
    "average_loudness": 0.911978900433,
    "barkbands_crest": {
        "max": 24.9579105377,
        "mean": 13.9078893661,
        "min": 4.26190567017,
        "stdev": 5.28277730942
    },
    "barkbands_flatness_db": {
        "max": 0.329154193401,
        "mean": 0.210199594498,
        "min": 0.0699523240328,
        "stdev": 0.0414695180953
    },
    "barkbands_kurtosis": {
        "max": 143.049545288,
        "mean": 10.0636882782,
        "min": -1.44870114326,
        "stdev": 19.0361289978
    },
    "barkbands_skewness": {
        "max": 11.1405744553,
        "mean": 2.12016868591,
        "min": -2.01784300804,
        "stdev": 2.13921570778
    },
    "barkbands_spread": {
        "max": 51.5717773438,
        "mean": 15.0282068253,
        "min": 1.39284777641,
        "stdev": 9.15893554688
    },
    "dissonance": {
        "max": 0.499746441841,
        "mean": 0.446175992489,
        "min": 0.243348494172,
        "stdev": 0.0411156378686
    },
    "dynamic_complexity": 6.59444761276,
    "erbbands_crest": {
        "max": 30.1230449677,
        "mean": 12.916220665,
        "min": 2.96222424507,
        "stdev": 6.636739254
    },
    "erbbands_flatness_db": {
        "max": 0.361314564943,
        "mean": 0.224220126867,
        "min": 0.0943806245923,
        "stdev": 0.0626948326826
    },
    "erbbands_kurtosis": {
        "max": 12.0690765381,
        "mean": 0.226440310478,
        "min": -1.7003787756,
        "stdev": 1.97639679909
    },
    "erbbands_skewness": {
        "max": 3.44266796112,
        "mean": 0.537294685841,
        "min": -1.81131994724,
        "stdev": 0.775926351547
    },
    "erbbands_spread": {
        "max": 87.9505462646,
        "mean": 36.1697311401,
        "min": 4.53794384003,
        "stdev": 19.1102237701
    },
    "hfc": {
        "max": 108.36782074,
        "mean": 16.8655548096,
        "min": 1.15822120537e-16,
        "stdev": 16.5114898682
    },
    "loudness_ebu128": {
        "integrated": -18.7156963348,
        "loudness_range": 4.05426216125,
        "momentary": {
            "max": -15.396771431,
            "mean": -22.8019733429,
            "min": -39.7222137451,
            "stdev": 7.87517786026
        },
        "short_term": {
            "max": -17.8401699066,
            "mean": -19.7513065338,
            "min": -28.6407928467,
            "stdev": 2.07596492767
        }
    },
    "melbands_crest": {
        "max": 34.6394882202,
        "mean": 19.0660457611,
        "min": 2.19991588593,
        "stdev": 7.62527799606
    },
    "melbands_flatness_db": {
        "max": 0.416338413954,
        "mean": 0.232988059521,
        "min": 0.00596239604056,
        "stdev": 0.0661480426788
    },
    "melbands_kurtosis": {
        "max": 303.202728271,
        "mean": 29.3720188141,
        "min": -1.56649518013,
        "stdev": 52.2954788208
    },
    "melbands_skewness": {
        "max": 14.1311531067,
        "mean": 3.30814886093,
        "min": -0.81671577692,
        "stdev": 3.25686693192
    },
    "melbands_spread": {
        "max": 150.811172485,
        "mean": 19.052406311,
        "min": 0.924045979977,
        "stdev": 15.4466047287
    },
    "pitch_salience": {
        "max": 0.797052025795,
        "mean": 0.404469102621,
        "min": 0.104612261057,
        "stdev": 0.117563419044
    },
    "silence_rate_20dB": {
        "max": 1,
        "mean": 1,
        "min": 1,
        "stdev": 0
    },
    "silence_rate_30dB": {
        "max": 1,
        "mean": 1,
        "min": 1,
        "stdev": 0
    },
    "silence_rate_60dB": {
        "max": 1,
        "mean": 0.221818178892,
        "min": 0,
        "stdev": 0.415468305349
    },
    "spectral_centroid": {
        "max": 10828.4746094,
        "mean": 1346.68688965,
        "min": 551.323181152,
        "stdev": 678.019165039
    },
    "spectral_complexity": {
        "max": 35,
        "mean": 11.1581821442,
        "min": 0,
        "stdev": 7.14694070816
    },
    "spectral_decrease": {
        "max": 6.16094817892e-29,
        "mean": -4.41175762589e-09,
        "min": -2.6919268592e-08,
        "stdev": 4.30577440369e-09
    },
    "spectral_energy": {
        "max": 0.106935799122,
        "mean": 0.0181807484478,
        "min": 1.02728796197e-20,
        "stdev": 0.0174953397363
    },
    "spectral_energyband_high": {
        "max": 0.00878666993231,
        "mean": 0.00059228844475,
        "min": 7.65525526218e-21,
        "stdev": 0.00116344180424
    },
    "spectral_energyband_low": {
        "max": 0.0210909470916,
        "mean": 0.00111577252392,
        "min": 1.18426096255e-22,
        "stdev": 0.00186039181426
    },
    "spectral_energyband_middle_high": {
        "max": 0.0278771184385,
        "mean": 0.00439179269597,
        "min": 1.41287739672e-21,
        "stdev": 0.00459014484659
    },
    "spectral_energyband_middle_low": {
        "max": 0.0991916731,
        "mean": 0.0122445449233,
        "min": 2.33801156207e-22,
        "stdev": 0.0147040616721
    },
    "spectral_entropy": {
        "max": 9.80207633972,
        "mean": 7.0967001915,
        "min": 5.75988769531,
        "stdev": 0.552174150944
    },
    "spectral_flux": {
        "max": 0.252903968096,
        "mean": 0.0627216547728,
        "min": 1.01355215887e-10,
        "stdev": 0.0426804050803
    },
    "spectral_kurtosis": {
        "max": 30.7501525879,
        "mean": 4.62329292297,
        "min": -1.23129367828,
        "stdev": 4.38088035583
    },
    "spectral_rms": {
        "max": 0.0102140884846,
        "mean": 0.00366313895211,
        "min": 3.16580507469e-12,
        "stdev": 0.00207815342583
    },
    "spectral_rolloff": {
        "max": 18863.0859375,
        "mean": 1375.81604004,
        "min": 64.599609375,
        "stdev": 1493.63366699
    },
    "spectral_skewness": {
        "max": 5.07238817215,
        "mean": 1.42718267441,
        "min": -0.00468952581286,
        "stdev": 0.564602196217
    },
    "spectral_spread": {
        "max": 40833936,
        "mean": 3698912.5,
        "min": 1560342.75,
        "stdev": 1894476.375
    },
    "spectral_strongpeak": {
        "max": 9.08565616608,
        "mean": 1.58029615879,
        "min": 0,
        "stdev": 1.41390109062
    },
    "zerocrossingrate": {
        "max": 0.65087890625,
        "mean": 0.0530051477253,
        "min": 0.00341796875,
        "stdev": 0.045049443841
    },
    "barkbands": {
        "max": [0.000347238674294, 0.00923852808774, 0.0113440100104, 0.0154335042462, 0.0409639924765, 0.037358738482, 0.0675925314426, 0.0614323429763, 0.0612238496542, 0.0146484132856, 0.0033745393157, 0.0116762584075, 0.0191277042031, 0.0155425239354, 0.00200944184326, 0.000730349565856, 0.00250259786844, 0.00487759150565, 0.00329330842942, 0.00715487170964, 0.00420869840309, 0.00396004877985, 0.00282599730417, 0.00241023674607, 0.000477705849335, 4.10047903188e-07, 4.35117385678e-07],
        "mean": [2.38484844886e-05, 0.000487362034619, 0.000454581226222, 0.000392162357457, 0.000803906994406, 0.000747180602048, 0.00530232163146, 0.00319728720933, 0.00178810651414, 0.000597356876824, 0.000216591419303, 0.000405337050324, 0.00114549743012, 0.000957810960244, 0.000164566008607, 5.37368068763e-05, 0.000284727721009, 0.000158766124514, 0.000185846918612, 0.000238675580476, 0.000238104927121, 0.000122339522932, 0.000101155404991, 9.32998518692e-05, 2.01874299819e-05, 1.5394175934e-09, 1.42516909385e-09],
        "min": [7.21748090393e-24, 7.48951043631e-23, 2.23500182108e-23, 1.74012823376e-23, 1.03753731491e-23, 4.0320182857e-23, 7.11457557656e-23, 2.98338296004e-23, 4.1970047575e-23, 7.10485049932e-23, 6.52248750445e-23, 7.88298100297e-23, 1.5974001666e-22, 7.18172720335e-23, 1.76984402453e-22, 1.94407739763e-22, 9.95376296728e-23, 1.37826508321e-22, 1.74849416677e-22, 3.71913509854e-22, 3.22781738064e-22, 4.55394330185e-22, 6.40770382512e-22, 8.84861919994e-22, 1.2064088951e-21, 1.74447039555e-21, 2.40519908518e-21],
        "stdev": [2.98126924463e-05, 0.000731928390451, 0.00110229454003, 0.00111568858847, 0.00234084250405, 0.00262516387738, 0.00888350233436, 0.00593462027609, 0.00523882871494, 0.00162777758669, 0.000397088617319, 0.00136042409576, 0.00245134951547, 0.00151669990737, 0.000289101677481, 7.71344493842e-05, 0.000412593362853, 0.000368853914551, 0.000415170361521, 0.000725579098798, 0.00045468218741, 0.000349134701537, 0.000275213154964, 0.000283813104033, 6.35164033156e-05, 1.74794489993e-08, 1.85406872077e-08]
    },
    "erbbands": {
        "max": [0.166587099433, 2.77918624878, 13.4986782074, 25.0963840485, 159.562149048, 88.5544433594, 168.414321899, 281.912445068, 366.769500732, 1921.29882812, 758.748779297, 1177.78320312, 89.4816894531, 571.153076172, 115.178710938, 459.143310547, 970.363769531, 706.618896484, 199.458709717, 54.3615608215, 48.1176071167, 147.122695923, 246.244506836, 38.2313346863, 255.05809021, 202.729049683, 98.9473953247, 185.450210571, 199.044906616, 68.292137146, 77.3248519897, 73.1485519409, 26.5594062805, 10.2702322006, 0.346630394459, 0.0119921006262, 0.00120343791787, 0.00027111225063, 8.48334020702e-05, 0.000121437064081],
        "mean": [0.0147638386115, 0.110246092081, 0.46318474412, 0.926947057247, 2.18004846573, 2.94348073006, 3.84639382362, 7.49793148041, 32.2671699524, 144.326644897, 44.2013435364, 44.3638305664, 6.81090927124, 24.4074935913, 9.63612174988, 24.2357196808, 61.1372299194, 50.4673423767, 17.2270240784, 5.64568328857, 3.33357572556, 16.5554981232, 11.1982851028, 3.80389785767, 18.8520908356, 8.53542327881, 8.84948444366, 7.01999044418, 5.82122612, 2.97737622261, 2.83698415756, 2.70138144493, 0.959049940109, 0.485583782196, 0.0170080289245, 0.000634542258922, 6.95639755577e-05, 1.4190984075e-05, 1.2906095435e-05, 2.27372802328e-05],
        "min": [2.26281092872e-21, 1.62326311148e-20, 2.93376794089e-20, 5.24895115579e-20, 3.51642685579e-20, 2.87333011868e-20, 2.47934799958e-19, 3.07542934163e-19, 1.0223744542e-18, 6.09012553173e-19, 7.44642049491e-19, 1.05853754981e-18, 1.52402857984e-18, 3.03952148294e-18, 2.40234570466e-18, 3.40703741551e-18, 8.45415974593e-18, 4.10581933107e-18, 5.80178319149e-18, 1.14921923038e-17, 8.32274308047e-18, 6.19519194518e-18, 7.45962229748e-18, 7.89247184996e-18, 1.16532269982e-17, 1.7041429396e-17, 1.32226864053e-17, 1.43523545601e-17, 1.60593889923e-17, 1.5805631487e-17, 1.83112310456e-17, 2.23594695071e-17, 1.22517972234e-17, 1.12684490471e-17, 9.49712696488e-18, 5.56918289837e-18, 3.42301523622e-18, 1.42936292861e-18, 2.99309281743e-19, 3.84365821365e-20],
        "stdev": [0.0162111278623, 0.206975907087, 1.1262447834, 1.97788715363, 8.73550224304, 6.96510457993, 11.5576953888, 21.4138679504, 48.7034263611, 258.393096924, 75.2014923096, 123.645118713, 11.6739320755, 64.010848999, 14.068775177, 60.9297904968, 126.612174988, 76.7249832153, 23.1660251617, 7.26563358307, 4.81278896332, 24.6727142334, 21.5613460541, 5.08554315567, 41.2258644104, 16.906167984, 15.3142118454, 17.0046825409, 17.7043228149, 7.31152057648, 7.75720930099, 8.81861400604, 2.9415948391, 1.46887242794, 0.0513897277415, 0.00180380209349, 0.000171576888533, 3.20456238114e-05, 1.42299004438e-05, 2.17192864511e-05]
    },
    "gfcc": {
        "mean": [-99.1746292114, 125.577857971, -157.491912842, 48.1476593018, -74.7453308105, 14.1929235458, -29.2443656921, -4.35889196396, 4.18767213821, -4.94712495804, 16.0609607697, -25.531288147, -3.14300489426],
        "cov": [[16375.5322266, -144.297302246, -2640.57861328, -1252.14160156, -2508.30419922, -1000.1071167, -274.863494873, -632.735473633, -234.561798096, 357.943206787, 3.37963724136, -571.431152344, -807.263671875], [-144.297302246, 797.382629395, -77.3047943115, -135.16104126, 284.687866211, -167.692245483, 30.9906082153, -106.543357849, 121.58417511, -20.8505496979, 86.7744293213, -22.3361682892, 6.65984106064], [-2640.57861328, -77.3047943115, 836.350769043, 443.233673096, 400.254211426, 341.037780762, -61.4885864258, 141.064086914, 1.43733716011, -112.694122314, -82.8719024658, 31.3463439941, 88.7873840332], [-1252.14160156, -135.16104126, 443.233673096, 548.540466309, 255.865066528, 259.343444824, 8.80411338806, 108.791625977, -28.2660617828, -86.7021255493, -57.7572059631, 40.5258407593, 95.6527404785], [-2508.30419922, 284.687866211, 400.254211426, 255.865066528, 614.516662598, 174.798248291, 70.7094421387, 101.414535522, 50.5493774414, -87.5010604858, 47.4132728577, 74.0084152222, 123.462890625], [-1000.1071167, -167.692245483, 341.037780762, 259.343444824, 174.798248291, 300.70614624, 6.7466878891, 102.254699707, -38.675907135, -54.0832710266, -37.8577003479, 11.0515127182, 41.2513999939], [-274.863494873, 30.9906082153, -61.4885864258, 8.80411338806, 70.7094421387, 6.7466878891, 183.139572144, 21.0921478271, -30.1079769135, 4.06968975067, 8.15407657623, -15.0243015289, -3.59972310066], [-632.735473633, -106.543357849, 141.064086914, 108.791625977, 101.414535522, 102.254699707, 21.0921478271, 140.646438599, 6.91290044785, -32.1927032471, -5.01625585556, 33.6177101135, 69.1139984131], [-234.561798096, 121.58417511, 1.43733716011, -28.2660617828, 50.5493774414, -38.675907135, -30.1079769135, 6.91290044785, 180.771148682, 42.4074668884, 33.3842124939, 32.9265823364, 19.1922359467], [357.943206787, -20.8505496979, -112.694122314, -86.7021255493, -87.5010604858, -54.0832710266, 4.06968975067, -32.1927032471, 42.4074668884, 87.5313186646, 28.2136688232, -4.19570446014, -27.4508571625], [3.37963724136, 86.7744293213, -82.8719024658, -57.7572059631, 47.4132728577, -37.8577003479, 8.15407657623, -5.01625585556, 33.3842124939, 28.2136688232, 91.7361068726, 35.2729263306, 7.00735759735], [-571.431152344, -22.3361682892, 31.3463439941, 40.5258407593, 74.0084152222, 11.0515127182, -15.0243015289, 33.6177101135, 32.9265823364, -4.19570446014, 35.2729263306, 144.170593262, 123.716827393], [-807.263671875, 6.65984106064, 88.7873840332, 95.6527404785, 123.462890625, 41.2513999939, -3.59972310066, 69.1139984131, 19.1922359467, -27.4508571625, 7.00735759735, 123.716827393, 186.145294189]],
        "icov": [[0.000549962802324, -0.00103606563061, 0.00148849305697, -0.000857410195749, 0.00202199677005, -0.00069792533759, 0.00104085844941, -0.000910642673261, 0.000655772979371, -0.000163231408806, -4.86096032546e-05, 0.000165006538737, 0.00112499762326], [-0.00103606563061, 0.00613989541307, -0.00282544875517, 0.00241111498326, -0.00623157061636, 0.0031186460983, -0.00243279454298, 0.00606402987614, -0.00391402980313, 0.00384406675585, -0.00271677109413, 0.0041735204868, -0.00516175990924], [0.00148849305697, -0.00282544875517, 0.0082948403433, -0.00340930419043, 0.00312776304781, -0.00390822021291, 0.00520300399512, -0.00353221758269, 0.00167888973374, -0.000898806320038, 0.0035312641412, -0.000301699939882, 0.00431734416634], [-0.000857410195749, 0.00241111498326, -0.00340930419043, 0.00545269809663, -0.00375277292915, -0.000359208323061, -0.0022627916187, 0.00246909307316, -0.00156928983051, 0.00178558472544, 0.000327321176883, 0.000456072419183, -0.00326254731044], [0.00202199677005, -0.00623157061636, 0.00312776304781, -0.00375277292915, 0.0138120194897, -0.00401639100164, 0.00115414615721, -0.00447817286476, 0.00196553370915, 0.00158647820354, -0.00415522744879, -0.000420213415055, 0.00330947735347], [-0.00069792533759, 0.0031186460983, -0.00390822021291, -0.000359208323061, -0.00401639100164, 0.01007391233, -0.00154292781372, -0.000418308394728, 1.5221803551e-05, 0.000244105583988, -0.000755386834498, 0.00112989987247, -0.00122074538376], [0.00104085844941, -0.00243279454298, 0.00520300399512, -0.0022627916187, 0.00115414615721, -0.00154292781372, 0.010127925314, -0.00465239072219, 0.00382207939401, -0.0039271209389, 0.00259640789591, 0.000262496934738, 0.00353627395816], [-0.000910642673261, 0.00606402987614, -0.00353221758269, 0.00246909307316, -0.00447817286476, -0.000418308394728, -0.00465239072219, 0.0186460725963, -0.00594912841916, 0.0072024972178, -0.00556138856336, 0.0065668518655, -0.0101799461991], [0.000655772979371, -0.00391402980313, 0.00167888973374, -0.00156928983051, 0.00196553370915, 1.5221803551e-05, 0.00382207939401, -0.00594912841916, 0.0108783775941, -0.00829420890659, 0.00238969433121, -0.00414200266823, 0.00428345892578], [-0.000163231408806, 0.00384406675585, -0.000898806320038, 0.00178558472544, 0.00158647820354, 0.000244105583988, -0.0039271209389, 0.0072024972178, -0.00829420890659, 0.0243352074176, -0.0092226266861, 0.00447356654331, -0.00337294768542], [-4.86096032546e-05, -0.00271677109413, 0.0035312641412, 0.000327321176883, -0.00415522744879, -0.000755386834498, 0.00259640789591, -0.00556138856336, 0.00238969433121, -0.0092226266861, 0.0238639116287, -0.0112990550697, 0.00807719957083], [0.000165006538737, 0.0041735204868, -0.000301699939882, 0.000456072419183, -0.000420213415055, 0.00112989987247, 0.000262496934738, 0.0065668518655, -0.00414200266823, 0.00447356654331, -0.0112990550697, 0.025596069172, -0.0174286682159], [0.00112499762326, -0.00516175990924, 0.00431734416634, -0.00326254731044, 0.00330947735347, -0.00122074538376, 0.00353627395816, -0.0101799461991, 0.00428345892578, -0.00337294768542, 0.00807719957083, -0.0174286682159, 0.0223168618977]]
    },
    "melbands": {
        "max": [0.00167016242631, 0.00567989656702, 0.00863415841013, 0.0103776911274, 0.00492239044979, 0.0065462840721, 0.00557634513825, 0.0180384162813, 0.00952980760485, 0.00636544311419, 0.000420330208726, 0.00249518756755, 0.000524577742908, 0.000818487023935, 0.00221324944869, 0.00127280363813, 0.00163273222279, 0.000491176324431, 0.000126955579617, 5.61184788239e-05, 6.76884374116e-05, 0.000167141522979, 0.00038739934098, 6.48114655633e-05, 2.77727885987e-05, 0.00019199057715, 0.000463694945211, 4.79653208458e-05, 6.92229295964e-05, 0.000145153608173, 6.96599017829e-05, 0.000127686420456, 5.43491441931e-05, 5.212290489e-05, 6.33115996607e-05, 4.76607165183e-05, 4.10149805248e-05, 1.87492551049e-05, 1.30995795189e-05, 7.27549559087e-06],
        "mean": [0.000131526438054, 0.000206808690564, 0.000203263916774, 0.000186749733984, 0.000139248251799, 0.000171298641362, 0.000608175352681, 0.00143261800986, 0.000334785203449, 0.000236451916862, 2.47672269325e-05, 0.000103232319816, 3.40182123182e-05, 2.64536829491e-05, 0.0001404392533, 9.5865005278e-05, 9.51686379267e-05, 3.00989304378e-05, 9.83174595603e-06, 4.5425845201e-06, 3.23899712384e-06, 1.52910779434e-05, 2.02206465474e-05, 4.41624752057e-06, 1.63515278473e-06, 1.15693710541e-05, 1.51503509187e-05, 2.64085633717e-06, 5.19876175531e-06, 6.44148258289e-06, 2.50268385571e-06, 3.61692673323e-06, 1.92096558749e-06, 1.82376493285e-06, 1.98713541977e-06, 1.380910021e-06, 1.50464893522e-06, 6.0044141037e-07, 5.39313532499e-07, 3.20264490483e-07],
        "min": [2.12849045274e-23, 1.75638444821e-23, 7.84365739125e-24, 1.78656149383e-24, 7.11994771933e-24, 7.69588165559e-24, 1.5145932165e-23, 6.27742573432e-24, 6.56689429919e-24, 6.3044801135e-24, 7.34783227991e-24, 1.18961762786e-23, 8.50020975658e-24, 6.61097584657e-24, 1.65558790381e-23, 1.41863917366e-23, 7.10251704877e-24, 7.10243185179e-24, 1.75960221184e-23, 1.25774720551e-23, 9.83310542965e-24, 5.85461916609e-24, 6.99712207639e-24, 6.06524699993e-24, 6.15651268464e-24, 8.04809858344e-24, 1.12389013167e-23, 1.0893721817e-23, 8.78986133718e-24, 7.39564198393e-24, 8.902087845e-24, 9.90762596392e-24, 7.81038954915e-24, 9.08815488899e-24, 8.9451178408e-24, 1.55728352879e-23, 1.22766920137e-23, 8.72883663527e-24, 8.02529340354e-24, 9.41774413064e-24],
        "stdev": [0.000168215396116, 0.000457744434243, 0.000546895491425, 0.000576434948016, 0.000364472798537, 0.000492013990879, 0.000897331396118, 0.00253281509504, 0.00072688650107, 0.000676111900248, 5.00058595208e-05, 0.000278829131275, 6.16880570306e-05, 8.73098397278e-05, 0.000292843353236, 0.000176468864083, 0.000159173447173, 4.67709323857e-05, 1.58726506925e-05, 7.2488319347e-06, 6.10647794019e-06, 2.73012192338e-05, 3.931808169e-05, 8.97817790246e-06, 2.75628872259e-06, 2.54219048657e-05, 4.66829442303e-05, 5.06803053213e-06, 1.0613410268e-05, 1.50026362462e-05, 6.33032504993e-06, 1.21932462207e-05, 4.67942072646e-06, 4.98890449308e-06, 5.60698981644e-06, 4.34692674389e-06, 5.11093276145e-06, 1.97287636183e-06, 1.59723197157e-06, 1.01132775399e-06]
    },
    "melbands128": {
        "max": [0.000307464244543, 0.00113689247519, 0.002548111137, 0.00551963131875, 0.00797834061086, 0.00551663339138, 0.00350414519198, 0.00998383574188, 0.0191343408078, 0.0135922050104, 0.00403501372784, 0.00427963165566, 0.0024944988545, 0.0168809778988, 0.00835976190865, 0.00197197217494, 0.00589507259429, 0.00945435091853, 0.0132714398205, 0.0373379327357, 0.0243210922927, 0.00525620300323, 0.00783943105489, 0.0258231852204, 0.0131230466068, 0.00202271644957, 0.00047617329983, 0.00032228755299, 0.000521593028679, 0.0046716616489, 0.00241553783417, 0.000450389867183, 0.00104100070894, 0.000305787631078, 7.99535773695e-05, 0.00146619859152, 0.00180311815348, 0.00486763520166, 0.00507365632802, 0.00267210882157, 0.000312834803481, 0.00128743087407, 0.00227382266894, 0.0041270814836, 0.000831949990243, 0.000290147872875, 0.000504345574882, 0.00019135371258, 5.04487688886e-05, 0.000187742203707, 1.88627473108e-05, 1.97958361241e-05, 0.000137095732498, 5.74658988626e-05, 5.09689925821e-05, 0.000357185024768, 0.00025830353843, 0.000537494779564, 0.000887302856427, 0.000103388229036, 7.49742175685e-05, 9.438804409e-05, 1.7333210053e-05, 5.70449919906e-05, 4.84153752041e-05, 0.000286296359263, 0.000423648016294, 0.000458368333057, 0.00105429755058, 0.0001115434643, 7.83390423749e-05, 4.93366314913e-06, 2.5474028007e-05, 0.000162384400028, 6.64427061565e-05, 0.000205287127756, 0.000311925978167, 0.000140171207022, 8.84284509084e-06, 3.38422760251e-05, 0.000146274847793, 0.000260143482592, 7.22875847714e-05, 5.023121048e-05, 3.01965319522e-05, 3.24856191583e-05, 8.70885050972e-05, 0.000117178562505, 6.8502369686e-05, 5.60869520996e-05, 1.9722210709e-05, 7.52460910007e-05, 0.000109904831334, 6.70220324537e-05, 1.51233716679e-05, 1.29124236992e-05, 2.878397936e-05, 4.25428152084e-05, 8.88311024028e-06, 1.51632948473e-05, 2.4617109375e-05, 3.36980605198e-07, 2.12421618073e-08, 3.57944651697e-09, 3.38659411625e-09, 3.22700022259e-09, 3.09326009251e-09, 2.94480817509e-09, 2.81877321484e-09, 2.72265365808e-09, 2.59259613777e-09, 2.50680476377e-09, 2.38964048549e-09, 2.31835461939e-09, 2.23935869847e-09, 2.15920437086e-09, 2.09800066209e-09, 2.04257366576e-09, 1.97691707449e-09, 1.92952587241e-09, 1.87968973719e-09, 1.8374223254e-09, 1.80166281893e-09, 1.77132830625e-09, 1.74644543272e-09, 1.72260172793e-09, 1.71289071815e-09, 1.70192582249e-09],
        "mean": [2.10912585317e-05, 0.000117319861602, 0.000168964674231, 0.000176587709575, 0.000226977324928, 0.000218295812374, 0.000166616897332, 0.000221137452172, 0.000225950250751, 0.000189096259419, 0.000169886290678, 0.000108877844468, 7.16278154869e-05, 0.00026373178116, 0.000175415974809, 6.00367311563e-05, 0.000327429297613, 0.000509412260726, 0.000961761048529, 0.00252941227518, 0.00102422724012, 0.000196803055587, 0.000197703731828, 0.000530851422809, 0.000421967793955, 4.30332329415e-05, 1.45284475366e-05, 7.75769331085e-06, 2.65163926088e-05, 0.000171095685801, 0.000102448640973, 2.60504530161e-05, 5.27667580172e-05, 1.84511791304e-05, 4.92040408062e-06, 2.82397959381e-05, 5.81734711886e-05, 0.000110971901449, 0.000255062012002, 0.000133050212753, 1.22491146612e-05, 0.000107897780254, 0.000113003276056, 9.87921812339e-05, 3.29736431013e-05, 1.54833323904e-05, 2.70046821242e-05, 5.17839043823e-06, 4.17133151132e-06, 1.21118055176e-05, 2.08423102777e-06, 7.90147964835e-07, 3.41809118254e-06, 4.09629410569e-06, 3.51813150701e-06, 2.11300066439e-05, 1.59960218298e-05, 3.03418928524e-05, 2.08274814213e-05, 2.95483505397e-06, 4.27493750976e-06, 4.59877810499e-06, 6.51464802104e-07, 1.07723246856e-06, 2.11895053326e-06, 1.27524072013e-05, 1.72452109837e-05, 1.54685585585e-05, 1.85761655302e-05, 6.29022679277e-06, 2.87483294414e-06, 2.59845819528e-07, 1.75323930307e-06, 9.2704913186e-06, 4.07062816521e-06, 5.28204236616e-06, 9.89541240415e-06, 4.76821151096e-06, 4.50775047511e-07, 7.18022420187e-07, 3.47078253071e-06, 5.42646648682e-06, 2.78498691841e-06, 1.75755485543e-06, 8.95556070191e-07, 7.485703577e-07, 2.30916361943e-06, 3.72035333385e-06, 2.01228635888e-06, 9.06616833163e-07, 3.67900639731e-07, 1.51486904088e-06, 3.03258639178e-06, 1.93342202692e-06, 2.61269661905e-07, 2.96130679089e-07, 8.27797634884e-07, 8.72314956268e-07, 2.30477539276e-07, 4.64403512979e-07, 1.01291823285e-06, 1.57342086027e-08, 4.59814269993e-10, 4.86116806531e-11, 1.22207764741e-11, 1.22033017372e-11, 1.26340006165e-11, 1.34405472862e-11, 1.21602571762e-11, 1.0921939568e-11, 9.86898150007e-12, 9.05205164298e-12, 7.9082773316e-12, 7.61937735128e-12, 7.36407462787e-12, 7.12233180419e-12, 6.93096795235e-12, 6.70252568724e-12, 6.49419537244e-12, 6.33219518487e-12, 6.16994476343e-12, 6.03639230615e-12, 5.92984385553e-12, 5.82039147781e-12, 5.67514568325e-12, 5.49146145223e-12, 5.39462788676e-12, 5.3535552727e-12],
        "min": [6.75772882406e-24, 1.72872808927e-23, 2.89797803854e-23, 2.62496889869e-23, 1.72569129033e-23, 9.87438809854e-24, 1.27358918909e-23, 5.39250799768e-24, 3.91033223122e-24, 8.631341316e-25, 1.10048630494e-24, 2.32016259013e-24, 7.31875328922e-24, 1.61933690532e-23, 6.28208316911e-24, 1.37818822054e-24, 1.36786224823e-23, 2.25421168852e-23, 1.12285404176e-23, 4.28151455852e-24, 5.00079872077e-24, 6.92033751131e-24, 5.85042952582e-24, 6.660668956e-24, 9.42864382177e-24, 3.28042600954e-24, 7.29589841107e-24, 9.33247299995e-24, 3.70181144485e-24, 1.34222032451e-23, 1.45635240473e-23, 1.02929427065e-23, 9.00967821728e-24, 6.08456857009e-24, 6.42527601733e-24, 7.15814830866e-24, 4.47856175746e-24, 1.88569468556e-23, 1.73485343643e-23, 3.05450602816e-23, 6.2117341313e-24, 5.66777469967e-24, 6.43163739167e-24, 9.70810726377e-24, 5.63956069497e-24, 4.274575738e-24, 9.90397432679e-24, 2.3938749364e-23, 1.53933189449e-23, 1.60414880854e-23, 1.55519509843e-23, 5.36663099341e-24, 7.49676290793e-24, 1.63905858572e-23, 4.7552046273e-24, 3.12625892283e-24, 8.46836580842e-24, 6.16759578593e-24, 5.68297407717e-24, 9.77370341462e-24, 4.57048259115e-24, 5.84410483351e-24, 4.13193864229e-24, 5.86498913712e-24, 1.0860209428e-23, 7.37406663817e-24, 7.2700072073e-24, 7.12518496688e-24, 1.28907192542e-23, 1.59199372417e-23, 9.92910664637e-24, 9.82988214399e-24, 9.73761697251e-24, 9.84461254367e-24, 5.59655515386e-24, 6.8916040417e-24, 8.7765453651e-24, 6.3104991222e-24, 7.29557655582e-24, 1.49588932444e-23, 9.04790168358e-24, 9.04225580608e-24, 8.01363403936e-24, 6.49801924798e-24, 8.52301572535e-24, 1.00854549335e-23, 8.57549233049e-24, 9.61425490416e-24, 6.85169083534e-24, 1.14118748474e-23, 1.01118770406e-23, 1.97732040639e-23, 1.97569756173e-23, 8.96065445633e-24, 1.11125045004e-23, 9.32828809285e-24, 8.57369136104e-24, 7.64569274708e-24, 5.24993243312e-24, 9.42151804121e-24, 1.29992089279e-23, 8.89271854403e-24, 5.80567231907e-24, 8.71430423968e-24, 1.31277695897e-23, 1.13988980855e-23, 1.29408071885e-23, 7.85237745969e-24, 7.14593989729e-24, 1.28842829381e-23, 7.6016798306e-24, 1.22422274696e-23, 1.06057465658e-23, 1.02633146686e-23, 1.34501573201e-23, 1.38338119328e-23, 9.39920353278e-24, 9.97925216753e-24, 1.29276939537e-23, 8.62846434028e-24, 7.3527760712e-24, 7.68732567022e-24, 1.18379425666e-23, 1.51523598037e-23, 1.11896653521e-23, 8.22753604039e-24, 9.13074627813e-24, 9.87309988868e-24],
        "stdev": [2.59433054453e-05, 0.000125106962514, 0.000248156517046, 0.000377046351787, 0.000593357370235, 0.000514428131282, 0.000331291375915, 0.000721827847883, 0.00104181002825, 0.000698314514011, 0.000401648750994, 0.000295360048767, 0.000180504401214, 0.00113453506492, 0.000646481814329, 0.000161541931448, 0.000702726480085, 0.00105016562156, 0.00185980228707, 0.00488315988332, 0.00218046992086, 0.000560747168493, 0.000687666295562, 0.0017630236689, 0.00129159702919, 0.000139663097798, 3.95454735553e-05, 1.94941221707e-05, 5.74653640797e-05, 0.000505130272359, 0.000291331612971, 5.38765416422e-05, 0.00012424896704, 4.14225396526e-05, 1.11057679533e-05, 0.000135058653541, 0.000215211228351, 0.000456057867268, 0.000601420702878, 0.000352971721441, 2.65682210738e-05, 0.000212079641642, 0.000203376475838, 0.00029461766826, 6.96236238582e-05, 2.95416139124e-05, 6.32521696389e-05, 1.41812706715e-05, 7.27039468984e-06, 2.34494291362e-05, 3.13752821057e-06, 1.67599932865e-06, 1.05946273834e-05, 8.06928073871e-06, 6.8218528213e-06, 4.98940971738e-05, 3.41233826475e-05, 6.39235004201e-05, 6.33464806015e-05, 8.76442572917e-06, 1.02530639197e-05, 1.28694555315e-05, 1.59932255883e-06, 3.55244037564e-06, 4.51184087069e-06, 3.06251349684e-05, 5.01141439599e-05, 6.06712128501e-05, 7.47754675103e-05, 1.26900631585e-05, 7.02566921973e-06, 5.55319047635e-07, 4.02697651225e-06, 2.3291711841e-05, 8.91694799066e-06, 1.5797206288e-05, 3.28604946844e-05, 1.26007535073e-05, 9.42376459534e-07, 2.23670031119e-06, 1.30614971567e-05, 2.18852146645e-05, 7.40788300391e-06, 4.56122825199e-06, 2.52477252616e-06, 2.80662516161e-06, 7.05708407622e-06, 1.09871325549e-05, 5.75636022404e-06, 3.77770243176e-06, 1.49394088567e-06, 5.46437422599e-06, 1.06986553874e-05, 6.92483990861e-06, 1.09145116767e-06, 1.11083625143e-06, 2.81701886706e-06, 3.34303967975e-06, 6.73652891692e-07, 1.61249158737e-06, 3.23618155562e-06, 4.90133693631e-08, 1.786529924e-09, 2.56743598603e-10, 1.44624603959e-10, 1.37796996036e-10, 1.32233626826e-10, 1.25971247322e-10, 1.20408349957e-10, 1.161624269e-10, 1.10547695997e-10, 1.06846385906e-10, 1.01826470866e-10, 9.87876100367e-11, 9.54206783033e-11, 9.20048898179e-11, 8.93951510039e-11, 8.70348099147e-11, 8.42377972932e-11, 8.22176979276e-11, 8.00947155821e-11, 7.82936007693e-11, 7.67690425119e-11, 7.54765208666e-11, 7.44187073076e-11, 7.34076827102e-11, 7.29958871126e-11, 7.25290938419e-11]
    },
    "mfcc": {
        "mean": [-719.225036621, 123.211181641, -6.21470785141, 19.298866272, -4.17680215836, 5.92718982697, -7.48371982574, -6.23091173172, -8.10475730896, 11.1683425903, 13.8061590195, 12.4495830536, -1.52323246002],
        "cov": [[13508.8525391, -374.084869385, -875.765014648, -991.273254395, -2296.55419922, -737.894104004, -968.137207031, -1113.1574707, -811.386230469, 60.4423942566, 239.621520996, 215.186798096, -195.058853149], [-374.084869385, 941.895812988, -336.850799561, 48.4479942322, 46.9907073975, -40.5234336853, -37.4142570496, -54.6856765747, -60.3755531311, -10.2129678726, 6.15390825272, 52.9990158081, 127.072532654], [-875.765014648, -336.850799561, 525.037963867, 108.12612915, 263.204742432, 134.531509399, 106.771400452, 127.931297302, 86.045753479, 8.56444644928, 3.62729477882, -70.1456222534, -104.280502319], [-991.273254395, 48.4479942322, 108.12612915, 266.537384033, 225.575042725, 105.512329102, 93.7170333862, 102.255439758, 86.1038589478, -11.2466478348, -13.9713125229, -28.7229175568, -11.635014534], [-2296.55419922, 46.9907073975, 263.204742432, 225.575042725, 607.77331543, 153.110824585, 191.217010498, 247.5831604, 139.616653442, -1.22048163414, -76.6285934448, -25.9170398712, 42.1614265442], [-737.894104004, -40.5234336853, 134.531509399, 105.512329102, 153.110824585, 168.868621826, 100.460571289, 78.9057693481, 47.2270126343, 10.0445833206, 22.8877048492, -21.4351978302, -15.6838674545], [-968.137207031, -37.4142570496, 106.771400452, 93.7170333862, 191.217010498, 100.460571289, 237.003967285, 116.318786621, 68.8359603882, 5.78973150253, -42.4325675964, -9.33719062805, 42.3077545166], [-1113.1574707, -54.6856765747, 127.931297302, 102.255439758, 247.5831604, 78.9057693481, 116.318786621, 189.502258301, 95.345916748, 1.31251728535, -36.7732009888, -19.4351234436, 10.6627388], [-811.386230469, -60.3755531311, 86.045753479, 86.1038589478, 139.616653442, 47.2270126343, 68.8359603882, 95.345916748, 157.645172119, -14.9009723663, -9.52762985229, -36.540397644, -38.6480445862], [60.4423942566, -10.2129678726, 8.56444644928, -11.2466478348, -1.22048163414, 10.0445833206, 5.78973150253, 1.31251728535, -14.9009723663, 115.738090515, 27.5332183838, 15.5563840866, 34.4307518005], [239.621520996, 6.15390825272, 3.62729477882, -13.9713125229, -76.6285934448, 22.8877048492, -42.4325675964, -36.7732009888, -9.52762985229, 27.5332183838, 122.563583374, 9.65189361572, -17.1352901459], [215.186798096, 52.9990158081, -70.1456222534, -28.7229175568, -25.9170398712, -21.4351978302, -9.33719062805, -19.4351234436, -36.540397644, 15.5563840866, 9.65189361572, 74.681427002, 53.8360061646], [-195.058853149, 127.072532654, -104.280502319, -11.635014534, 42.1614265442, -15.6838674545, 42.3077545166, 10.6627388, -38.6480445862, 34.4307518005, -17.1352901459, 53.8360061646, 188.93850708]],
        "icov": [[0.000292148673907, 0.000107570456748, -0.000100399221992, -3.66520034731e-05, 0.000755047658458, 0.000240498833591, 0.000219465888222, 0.000311722193146, 0.00053727539489, -0.000144645993714, 0.000166875426657, -0.000494758365676, 0.000248705968261], [0.000107570456748, 0.00185501400847, 0.00147078046575, -0.000555943872314, -0.000931484275497, 0.000272722245427, 0.000106944724394, 0.000971513043623, 0.000840726948809, 0.000212091472349, -0.000735940935556, 0.000158802780788, -0.000185969853192], [-0.000100399221992, 0.00147078046575, 0.00482553523034, 7.92602440924e-05, -0.00271539017558, -0.000775793974753, -0.000750910723582, 0.00016515396419, 0.00103089411277, -0.000426833285019, -0.00150229572318, 0.00205088267103, 0.00184378586709], [-3.66520034731e-05, -0.000555943872314, 7.92602440924e-05, 0.00666189659387, -0.00153766095173, -0.00247170380317, -0.000188654244994, -9.40905920288e-07, -0.00159670005087, 0.000387238105759, 7.45862271287e-05, 0.000730357365683, 0.000371784641175], [0.000755047658458, -0.000931484275497, -0.00271539017558, -0.00153766095173, 0.00795433204621, -0.00080881343456, 0.00102838349994, -0.00347474426962, 2.91159376502e-05, -0.000373063376173, 0.00305427308194, -0.0024816384539, -0.00100567261688], [0.000240498833591, 0.000272722245427, -0.000775793974753, -0.00247170380317, -0.00080881343456, 0.0127964131534, -0.00385142839514, -0.000636931043118, 0.00232324074022, -0.000328478694428, -0.00477957259864, 0.000952477392275, 0.00145578396041], [0.000219465888222, 0.000106944724394, -0.000750910723582, -0.000188654244994, 0.00102838349994, -0.00385142839514, 0.00852385908365, -0.00172109971754, -0.00138442777097, -0.000213273160625, 0.00305500859395, -0.000970044347923, -0.00232302513905], [0.000311722193146, 0.000971513043623, 0.00016515396419, -9.40905920288e-07, -0.00347474426962, -0.000636931043118, -0.00172109971754, 0.0150082968175, -0.00337224011309, -0.000686860526912, 0.00108853692655, -0.000575671845581, -0.000281452463241], [0.00053727539489, 0.000840726948809, 0.00103089411277, -0.00159670005087, 2.91159376502e-05, 0.00232324074022, -0.00138442777097, -0.00337224011309, 0.0127923982218, 0.000466792378575, -0.00209641712718, 0.00220743264072, 0.00285911955871], [-0.000144645993714, 0.000212091472349, -0.000426833285019, 0.000387238105759, -0.000373063376173, -0.000328478694428, -0.000213273160625, -0.000686860526912, 0.000466792378575, 0.0102709308267, -0.00268772128038, -0.00032978435047, -0.00228721089661], [0.000166875426657, -0.000735940935556, -0.00150229572318, 7.45862271287e-05, 0.00305427308194, -0.00477957259864, 0.00305500859395, 0.00108853692655, -0.00209641712718, -0.00268772128038, 0.0128269745037, -0.00322884810157, 0.000163143544341], [-0.000494758365676, 0.000158802780788, 0.00205088267103, 0.000730357365683, -0.0024816384539, 0.000952477392275, -0.000970044347923, -0.000575671845581, 0.00220743264072, -0.00032978435047, -0.00322884810157, 0.0206650346518, -0.004227606114], [0.000248705968261, -0.000185969853192, 0.00184378586709, 0.000371784641175, -0.00100567261688, 0.00145578396041, -0.00232302513905, -0.000281452463241, 0.00285911955871, -0.00228721089661, 0.000163143544341, -0.004227606114, 0.00981747638434]]
    },
    "spectral_contrast_coeffs": {
        "max": [-0.485584080219, -0.445271700621, -0.480671495199, -0.556482434273, -0.545252978802, -0.479083567858],
        "mean": [-0.756579875946, -0.692942202091, -0.738001525402, -0.736145853996, -0.721661031246, -0.671619534492],
        "min": [-0.971185743809, -0.956295073032, -0.955751240253, -0.96297198534, -0.960123419762, -0.958157300949],
        "stdev": [0.080678448081, 0.111489370465, 0.098179847002, 0.0888314247131, 0.088780850172, 0.0733310505748]
    },
    "spectral_contrast_valleys": {
        "max": [-5.5359005928, -5.18904733658, -6.68682003021, -6.67079734802, -6.59697771072, -8.7022228241],
        "mean": [-7.57264184952, -7.27416610718, -8.68322658539, -8.56426715851, -8.96958351135, -12.5074653625],
        "min": [-27.1871948242, -26.9942245483, -27.3150959015, -27.2364692688, -27.1498012543, -27.2947998047],
        "stdev": [1.17142367363, 1.52912604809, 1.23477089405, 1.17629885674, 1.31254196167, 1.50108492374]
    }
},
"rhythm": {
    "beats_count": 23,
    "beats_loudness": {
        "max": 0.0755054801702,
        "mean": 0.0268442872912,
        "min": 0.000488690973725,
        "stdev": 0.0169510133564
    },
    "bpm": 111.498649597,
    "bpm_histogram_first_peak_bpm": 112,
    "bpm_histogram_first_peak_weight": 0.368421018124,
    "bpm_histogram_second_peak_bpm": 105,
    "bpm_histogram_second_peak_spread": 0,
    "bpm_histogram_second_peak_weight": 0.0909090936184,
    "danceability": 1.0263273716,
    "onset_rate": 2.66470932961,
    "beats_loudness_band_ratio": {
        "max": [0.976973295212, 0.660914182663, 0.876982390881, 0.535092711449, 0.124205999076, 0.156376689672],
        "mean": [0.246798262, 0.114803574979, 0.422512054443, 0.128169000149, 0.042750980705, 0.0607860200107],
        "min": [0.00147265521809, 0.0075142509304, 0.00253010052256, 0.00397230079398, 0.0062949587591, 0.00167324906215],
        "stdev": [0.338555246592, 0.133784919977, 0.27919486165, 0.138792261481, 0.0263095162809, 0.0493745915592]
    },
    "beats_position": [0.557278871536, 1.1261677742, 1.68344664574, 2.24072551727, 2.80961441994, 3.36689329147, 3.92417216301, 4.43501138687, 4.96907043457, 5.50312900543, 6.025578022, 6.54802703857, 7.08208608627, 7.61614513397, 8.15020370483, 8.68426322937, 9.21832180023, 9.75238037109, 10.2980499268, 10.8321084976, 11.3661680222, 11.900226593, 12.4342851639],
