{
"metadata": {
    "version": {
        "essentia": "2.1-beta5",
        "essentia_git_sha": "Undefined",
        "extractor": "music 2.0"
    },
    "audio_properties": {
        "analysis": {
            "equal_loudness": 0,
            "length": 12.7477550507,
            "sample_rate": 44100,
            "start_time": 0,
            "downmix": "mix"
        },
        "bit_rate": 192000,
        "length": 152.624755859,
        "lossless": 0,
        "number_channels": 2,
        "replay_gain": -10.0132217407,
        "sample_rate": 44100,
        "codec": "mp3",
        "md5_encoded": "25adc230ea3a7f18514f870cfec3ff58"
    },
    "tags": {
        "file_name": "Monaco_Toi, La Musique Et Moi_Mary Christy.mp3",
        "encoding": ["Lavf58.29.100"]
    }
},
"lowlevel": {
    "average_loudness": 0.967268586159,
    "barkbands_crest": {
        "max": 26.1396808624,
        "mean": 9.92904376984,
        "min": 3.144135952,
        "stdev": 4.57142686844
    },
    "barkbands_flatness_db": {
        "max": 0.352012991905,
        "mean": 0.174987599254,
        "min": 0.0718628540635,
        "stdev": 0.0466191209853
    },
    "barkbands_kurtosis": {
        "max": 107.580215454,
        "mean": 5.61103391647,
        "min": -1.90641582012,
        "stdev": 10.5910959244
    },
    "barkbands_skewness": {
        "max": 9.47805976868,
        "mean": 1.58730018139,
        "min": -4.1484951973,
        "stdev": 1.54472184181
    },
    "barkbands_spread": {
        "max": 75.4049835205,
        "mean": 18.3662395477,
        "min": 1.07828068733,
        "stdev": 13.3771762848
    },
    "dissonance": {
        "max": 0.49905821681,
        "mean": 0.456846505404,
        "min": 0.300439417362,
        "stdev": 0.0327359884977
    },
    "dynamic_complexity": 4.64286422729,
    "erbbands_crest": {
        "max": 29.6562900543,
        "mean": 9.4491481781,
        "min": 3.4267642498,
        "stdev": 4.84253168106
    },
    "erbbands_flatness_db": {
        "max": 0.333014577627,
        "mean": 0.209445267916,
        "min": 0.0983187407255,
        "stdev": 0.0357910618186
    },
    "erbbands_kurtosis": {
        "max": 40.578956604,
        "mean": 1.95252931118,
        "min": -1.81134593487,
        "stdev": 3.98218846321
    },
    "erbbands_skewness": {
        "max": 5.43721723557,
        "mean": 0.690193295479,
        "min": -4.41615056992,
        "stdev": 1.183770895
    },
    "erbbands_spread": {
        "max": 134.531509399,
        "mean": 29.5529937744,
        "min": 5.38019752502,
        "stdev": 14.4639501572
    },
    "hfc": {
        "max": 206.489486694,
        "mean": 18.2169971466,
        "min": 1.16874889846e-16,
        "stdev": 25.8548965454
    },
    "loudness_ebu128": {
        "integrated": -14.6713399887,
        "loudness_range": 2.53942966461,
        "momentary": {
            "max": -11.6966724396,
            "mean": -17.3917675018,
            "min": -40.0101318359,
            "stdev": 7.40063619614
        },
        "short_term": {
            "max": -13.7274847031,
            "mean": -14.990983963,
            "min": -19.0683937073,
            "stdev": 1.13950788975
        }
    },
    "melbands_crest": {
        "max": 31.4142227173,
        "mean": 13.1638679504,
        "min": 2.03797101974,
        "stdev": 5.82141208649
    },
    "melbands_flatness_db": {
        "max": 0.382743299007,
        "mean": 0.172409594059,
        "min": 0.00512851495296,
        "stdev": 0.0543750077486
    },
    "melbands_kurtosis": {
        "max": 152.056716919,
        "mean": 13.709944725,
        "min": -1.90583777428,
        "stdev": 21.687828064
    },
    "melbands_skewness": {
        "max": 10.2532224655,
        "mean": 2.45442342758,
        "min": -1.50754904747,
        "stdev": 1.71261572838
    },
    "melbands_spread": {
        "max": 245.049407959,
        "mean": 27.0267982483,
        "min": 1.12505602837,
        "stdev": 32.896320343
    },
    "pitch_salience": {
        "max": 0.993087053299,
        "mean": 0.589803159237,
        "min": 0.128755539656,
        "stdev": 0.138400956988
    },
    "silence_rate_20dB": {
        "max": 1,
        "mean": 1,
        "min": 1,
        "stdev": 0
    },
    "silence_rate_30dB": {
        "max": 1,
        "mean": 1,
        "min": 1,
        "stdev": 0
    },
    "silence_rate_60dB": {
        "max": 1,
        "mean": 0.150909096003,
        "min": 0,
        "stdev": 0.357960432768
    },
    "spectral_centroid": {
        "max": 11078.3193359,
        "mean": 1329.90466309,
        "min": 334.334991455,
        "stdev": 1025.17883301
    },
    "spectral_complexity": {
        "max": 42,
        "mean": 15.2945451736,
        "min": 0,
        "stdev": 8.77768516541
    },
    "spectral_decrease": {
        "max": 3.37016400964e-27,
        "mean": -4.5097681145e-09,
        "min": -2.33108607972e-08,
        "stdev": 4.01517663562e-09
    },
    "spectral_energy": {
        "max": 0.0938353314996,
        "mean": 0.0186732448637,
        "min": 1.0881228955e-20,
        "stdev": 0.0161135755479
    },
    "spectral_energyband_high": {
        "max": 0.0344196297228,
        "mean": 0.00106052891351,
        "min": 7.88905656985e-21,
        "stdev": 0.00389037677087
    },
    "spectral_energyband_low": {
        "max": 0.012783838436,
        "mean": 0.000775015039835,
        "min": 4.16101786963e-23,
        "stdev": 0.00166908185929
    },
    "spectral_energyband_middle_high": {
        "max": 0.0246596336365,
        "mean": 0.0035665743053,
        "min": 1.26403426284e-21,
        "stdev": 0.00376583496109
    },
    "spectral_energyband_middle_low": {
        "max": 0.078423269093,
        "mean": 0.0137563450262,
        "min": 3.11851407579e-22,
        "stdev": 0.0136107392609
    },
    "spectral_entropy": {
        "max": 9.79033279419,
        "mean": 7.426653862,
        "min": 5.60551166534,
        "stdev": 0.41382214427
    },
    "spectral_flux": {
        "max": 0.210462972522,
        "mean": 0.0697304159403,
        "min": 6.71085617632e-11,
        "stdev": 0.0411066934466
    },
    "spectral_kurtosis": {
        "max": 18.4911308289,
        "mean": 3.87423825264,
        "min": -1.32804977894,
        "stdev": 2.50388336182
    },
    "spectral_rms": {
        "max": 0.00956800207496,
        "mean": 0.00376992952079,
        "min": 3.25819471229e-12,
        "stdev": 0.00200135470368
    },
    "spectral_rolloff": {
        "max": 19143.0175781,
        "mean": 1806.16699219,
        "min": 236.865234375,
        "stdev": 2216.84301758
    },
    "spectral_skewness": {
        "max": 3.1602241993,
        "mean": 1.48794209957,
        "min": -0.737841367722,
        "stdev": 0.487980633974
    },
    "spectral_spread": {
        "max": 40817280,
        "mean": 4201383.5,
        "min": 1937407,
        "stdev": 2718212.75
    },
    "spectral_strongpeak": {
        "max": 15.49614048,
        "mean": 1.16160190105,
        "min": 0,
        "stdev": 1.2978695631
    },
    "zerocrossingrate": {
        "max": 0.52880859375,
        "mean": 0.0692720189691,
        "min": 0.013671875,
        "stdev": 0.0608941614628
    },
    "barkbands": {
        "max": [0.000127045117551, 0.00244827964343, 0.008764189668, 0.0132247973233, 0.0513985231519, 0.0519062243402, 0.047804351896, 0.0264100078493, 0.0284301843494, 0.00972688943148, 0.00945909973234, 0.0145760625601, 0.00876365043223, 0.00797276012599, 0.00586727447808, 0.0022405507043, 0.00334873329848, 0.00160545832478, 0.00169199204538, 0.00581700913608, 0.0133715355769, 0.0113797821105, 0.00823094323277, 0.00830563623458, 0.00779839139432, 9.93474077404e-06, 1.05412709672e-05],
        "mean": [6.18861076873e-06, 0.000175511682755, 0.000246298353886, 0.000604159955401, 0.0025463628117, 0.00451140897349, 0.00282919406891, 0.00126720755361, 0.0017378909979, 0.000506449199747, 0.000621441984549, 0.000682937563397, 0.000443324970547, 0.000380481156753, 0.000302811007714, 0.000180088973138, 0.000192324689124, 0.000156573878485, 0.000141755197546, 0.00016233624774, 0.00025299389381, 0.000211194754229, 0.000210360303754, 0.00019375255215, 0.0001101564485, 1.85908426431e-08, 1.97012237635e-08],
        "min": [8.90620964323e-24, 1.0125940064e-23, 1.13228408502e-23, 2.34210948937e-24, 3.80379230612e-23, 1.9643617883e-23, 2.28027139298e-23, 2.34383733141e-23, 5.53209346388e-23, 4.03866585878e-23, 5.74444093561e-23, 4.84623854467e-23, 4.66838448933e-23, 4.48452404707e-23, 1.44586516164e-22, 1.61452387561e-22, 9.46558680905e-23, 1.56206033401e-22, 2.66622010781e-22, 2.87458919622e-22, 5.31660291786e-22, 3.66084092822e-22, 6.8472051198e-22, 8.45405495652e-22, 1.08853979776e-21, 1.65481964796e-21, 2.33367360964e-21],
        "stdev": [1.12009747681e-05, 0.000309964292683, 0.000884458015207, 0.00141842989251, 0.00574621232226, 0.00719211809337, 0.00529454927891, 0.00245024403557, 0.0025222687982, 0.000892090902198, 0.00081054092152, 0.0014025666751, 0.000732232525479, 0.000849592091981, 0.000629128247965, 0.000259481894318, 0.000351116730599, 0.000232384787523, 0.000159094444825, 0.000435016205302, 0.00132295989897, 0.00107175461017, 0.000865251233336, 0.000658798962831, 0.00061707891291, 4.23211957923e-07, 4.49050588713e-07]
    },
    "erbbands": {
        "max": [0.0512104220688, 0.671792328358, 6.3949508667, 30.2520656586, 50.195148468, 181.531448364, 435.724822998, 641.246337891, 983.49407959, 422.945343018, 322.833465576, 496.141021729, 640.236206055, 323.191864014, 627.529296875, 424.841308594, 341.58770752, 384.223724365, 295.60647583, 208.180664062, 112.084754944, 229.662017822, 104.230453491, 107.670181274, 72.2031326294, 198.629241943, 646.406311035, 592.07598877, 389.64050293, 334.441986084, 201.764328003, 124.022773743, 154.406036377, 175.943374634, 10.0863733292, 0.272767275572, 0.0183977559209, 0.00654325075448, 0.00149958732072, 0.000164185737958],
        "mean": [0.00334117747843, 0.0474220588803, 0.232614263892, 1.39310336113, 3.10282492638, 10.6631822586, 19.6867675781, 42.0904388428, 41.5711593628, 35.6773681641, 29.0976276398, 40.1461677551, 27.1751194, 22.6417236328, 23.8894290924, 24.0168380737, 19.0487060547, 22.2572288513, 16.6748695374, 11.4299106598, 11.3819885254, 10.6433725357, 10.4380846024, 7.31015872955, 7.02762317657, 6.96177005768, 9.88658428192, 9.17462062836, 7.33477973938, 7.65897464752, 5.79300880432, 3.72963953018, 3.4595682621, 2.44810652733, 0.127133518457, 0.00380143336952, 0.000323685409967, 5.58989704587e-05, 2.20314741455e-05, 2.54979622696e-05],
        "min": [4.81198437401e-22, 1.94296021913e-21, 1.49813508017e-20, 2.07735360227e-20, 3.37626142411e-20, 1.18200089953e-19, 1.42011582485e-19, 1.70401119041e-19, 3.27739143355e-19, 2.84440942877e-19, 7.66783761634e-19, 1.39299159028e-18, 1.29166672153e-18, 1.25223812366e-18, 2.43041194284e-18, 2.47058148775e-18, 2.0176988616e-18, 2.50931773545e-18, 5.07488664768e-18, 8.11984642956e-18, 7.54491868071e-18, 6.45346172066e-18, 8.93005660467e-18, 1.25458193993e-17, 1.23705952486e-17, 1.46288644953e-17, 1.83788381715e-17, 2.16581940556e-17, 1.41908673979e-17, 1.7905805012e-17, 1.85020500324e-17, 1.66468162674e-17, 1.61316018598e-17, 1.3218806101e-17, 6.81197834175e-18, 4.90378268361e-18, 3.54261934894e-18, 1.12281320572e-18, 3.41137840766e-19, 3.20490417475e-20],
        "stdev": [0.00579211674631, 0.0850988849998, 0.691388785839, 3.26846694946, 6.76514482498, 23.312707901, 54.0477867126, 70.3633041382, 95.0747451782, 63.4729881287, 42.8913192749, 54.6505470276, 42.5636940002, 28.7529964447, 45.9283294678, 46.6442070007, 29.4466934204, 43.2129669189, 29.9254131317, 18.0960693359, 14.5023488998, 21.0136432648, 15.5421724319, 8.92281246185, 9.17905807495, 19.3643875122, 49.3121681213, 49.2625198364, 37.1617660522, 36.5419807434, 21.1966381073, 11.5324869156, 13.2766714096, 13.3638515472, 0.720440506935, 0.0201277788728, 0.00160007982049, 0.000333541742293, 7.47116355342e-05, 2.45604642259e-05]
    },
    "gfcc": {
        "mean": [-72.1934127808, 106.36492157, -163.383468628, 29.8882732391, -98.5132751465, 11.7871160507, -46.8555755615, 0.298596262932, -8.06485557556, -15.6541728973, 10.5611982346, -15.8980436325, 8.25387096405],
        "cov": [[19516.6660156, 381.938903809, -1109.24389648, -762.837646484, -2225.8972168, -261.479736328, -801.040100098, -328.863983154, -392.23336792, -96.5459060669, 73.5459747314, -361.815551758, 207.891174316], [381.938903809, 1170.10437012, -181.342178345, -33.950012207, 344.192474365, -29.541973114, -15.8239412308, -182.517272949, -12.6979551315, -147.028610229, -38.4680633545, -175.063156128, 8.9430809021], [-1109.24389648, -181.342178345, 978.665527344, 174.021331787, 36.4310951233, 145.813201904, -5.31995391846, -24.6273593903, -129.455337524, -61.010887146, -82.9180603027, 54.4599456787, 26.6700973511], [-762.837646484, -33.950012207, 174.021331787, 529.780761719, 239.373031616, 119.476875305, 72.8472900391, 15.2232236862, -11.6026411057, -71.3099136353, -72.3806991577, 39.757724762, -59.4320716858], [-2225.8972168, 344.192474365, 36.4310951233, 239.373031616, 591.86315918, 132.31098938, 87.5446853638, -12.8144187927, 22.262304306, -67.7375411987, -88.6967697144, -45.0879096985, -77.84400177], [-261.479736328, -29.541973114, 145.813201904, 119.476875305, 132.31098938, 224.755599976, 6.41690731049, 19.590133667, -51.9063644409, -19.0653457642, -76.7665252686, -24.5575351715, -37.6713562012], [-801.040100098, -15.8239412308, -5.31995391846, 72.8472900391, 87.5446853638, 6.41690731049, 125.094558716, 24.783531189, 39.7939987183, 17.3994731903, 9.64876937866, 21.6025371552, -12.8889417648], [-328.863983154, -182.517272949, -24.6273593903, 15.2232236862, -12.8144187927, 19.590133667, 24.783531189, 117.969650269, 39.3555259705, 42.9082832336, 31.6180229187, 47.526348114, 5.30067157745], [-392.23336792, -12.6979551315, -129.455337524, -11.6026411057, 22.262304306, -51.9063644409, 39.7939987183, 39.3555259705, 106.464172363, 41.2526168823, 46.7367706299, 29.4315261841, -3.62729787827], [-96.5459060669, -147.028610229, -61.010887146, -71.3099136353, -67.7375411987, -19.0653457642, 17.3994731903, 42.9082832336, 41.2526168823, 91.7026290894, 55.8757820129, 24.0423812866, 5.29162597656], [73.5459747314, -38.4680633545, -82.9180603027, -72.3806991577, -88.6967697144, -76.7665252686, 9.64876937866, 31.6180229187, 46.7367706299, 55.8757820129, 127.713386536, 64.3397903442, 33.9674720764], [-361.815551758, -175.063156128, 54.4599456787, 39.757724762, -45.0879096985, -24.5575351715, 21.6025371552, 47.526348114, 29.4315261841, 24.0423812866, 64.3397903442, 111.003952026, 28.0352478027], [207.891174316, 8.9430809021, 26.6700973511, -59.4320716858, -77.84400177, -37.6713562012, -12.8889417648, 5.30067157745, -3.62729787827, 5.29162597656, 33.9674720764, 28.0352478027, 68.5587158203]],
        "icov": [[0.000240868437686, -0.000303827167954, 0.000315828481689, -0.00034626267734, 0.00123088015243, -0.000423273915658, 0.000676583265886, 4.0946099034e-05, 0.000322333857184, 0.000191898172488, -0.000134843212436, 0.000470115075586, 5.20636131114e-05], [-0.000303827167954, 0.00354691362008, -0.00016845879145, 0.000614082207903, -0.00337419565767, 7.61220726417e-05, -0.000891643110663, 0.00262087164447, -0.00219162786379, 0.00464179739356, -0.00424961186945, 0.0051013440825, -0.00355793675408], [0.000315828481689, -0.00016845879145, 0.00199566036463, -0.000615217490122, 0.00143544736784, -0.00113770295866, 0.000677836767863, 0.000787595694419, 0.00189540849533, 0.000247637944994, 0.000676432566252, -0.000803288130555, -0.00109959859401], [-0.00034626267734, 0.000614082207903, -0.000615217490122, 0.00397203164175, -0.00240515707992, -0.000173382752109, -0.00220691156574, -0.000146637830767, -0.000588502851315, 0.00242147082463, 0.00088480632985, -0.00321039115079, 0.00207912782207], [0.00123088015243, -0.00337419565767, 0.00143544736784, -0.00240515707992, 0.0103739583865, -0.00341211701743, 0.00196765759028, -0.000960929202847, 0.000549833406694, 0.00050781655591, 0.0015960119199, 0.000270013755653, 0.00350138451904], [-0.000423273915658, 7.61220726417e-05, -0.00113770295866, -0.000173382752109, -0.00341211701743, 0.00930361542851, -0.000636219105218, -0.00357283418998, 0.00412482535467, -0.00405450398102, 0.00398361776024, -0.00136196997482, 0.00207477854565], [0.000676583265886, -0.000891643110663, 0.000677836767863, -0.00220691156574, 0.00196765759028, -0.000636219105218, 0.0130592770875, -0.000214518106077, -0.00174257170875, -0.00237843580544, 1.93846644834e-05, 0.000389708584407, 0.000166578800417], [4.0946099034e-05, 0.00262087164447, 0.000787595694419, -0.000146637830767, -0.000960929202847, -0.00357283418998, -0.000214518106077, 0.016032923013, -0.00487903365865, -0.000274220190477, -0.00243252818473, -0.00025683050626, -0.00416047731414], [0.000322333857184, -0.00219162786379, 0.00189540849533, -0.000588502851315, 0.000549833406694, 0.00412482535467, -0.00174257170875, -0.00487903365865, 0.0207970701158, -0.00765864085406, 0.00161739019677, -0.00538790272549, 0.00409474549815], [0.000191898172488, 0.00464179739356, 0.000247637944994, 0.00242147082463, 0.00050781655591, -0.00405450398102, -0.00237843580544, -0.000274220190477, -0.00765864085406, 0.0302910339087, -0.0147704696283, 0.0111975939944, -0.0012658983469], [-0.000134843212436, -0.00424961186945, 0.000676432566252, 0.00088480632985, 0.0015960119199, 0.00398361776024, 1.93846644834e-05, -0.00243252818473, 0.00161739019677, -0.0147704696283, 0.0262830555439, -0.01799553819, 0.00122233608272], [0.000470115075586, 0.0051013440825, -0.000803288130555, -0.00321039115079, 0.000270013755653, -0.00136196997482, 0.000389708584407, -0.00025683050626, -0.00538790272549, 0.0111975939944, -0.01799553819, 0.0319888405502, -0.0102245798334], [5.20636131114e-05, -0.00355793675408, -0.00109959859401, 0.00207912782207, 0.00350138451904, 0.00207477854565, 0.000166578800417, -0.00416047731414, 0.00409474549815, -0.0012658983469, 0.00122233608272, -0.0102245798334, 0.02648082003]]
    },
    "melbands": {
        "max": [0.000507909106091, 0.00239743525162, 0.0043881861493, 0.0085336053744, 0.0139661477879, 0.0124751077965, 0.0125713888556, 0.00562668824568, 0.00389220775105, 0.00392977055162, 0.00324215181172, 0.00120099680498, 0.00140576693229, 0.0017249948578, 0.00170007231645, 0.000382194848498, 0.000879383413121, 0.000384746439522, 0.000627364206593, 0.000161405361723, 0.000125231061247, 0.000282834487734, 0.000112307177915, 6.69129221933e-05, 0.000104820086563, 3.30616312567e-05, 9.68542735791e-05, 0.000168668178958, 0.000419875752414, 0.000353111856384, 0.000332728435751, 0.000242987967795, 0.000253299658652, 0.000226833726629, 0.000135557318572, 8.0439633166e-05, 0.000119591204566, 0.000139939787914, 0.000128292347654, 0.000165091420058],
        "mean": [4.06043618568e-05, 0.000116001108836, 0.000264924077783, 0.000483879062813, 0.000646651023999, 0.00093615608057, 0.000650703615975, 0.000373420538381, 0.000221169146243, 0.000268337520538, 0.000129550797283, 8.43785601319e-05, 7.49786122469e-05, 8.13367587398e-05, 4.17383416789e-05, 4.83254661958e-05, 4.08608029829e-05, 2.51372584898e-05, 2.49990644079e-05, 1.163100751e-05, 1.3253281395e-05, 1.1884720152e-05, 9.34536546993e-06, 6.72529768053e-06, 5.97421421844e-06, 5.04643321619e-06, 5.33534284841e-06, 4.36592245023e-06, 5.92235619479e-06, 6.52245989841e-06, 4.69897486255e-06, 4.0720292418e-06, 4.20838614446e-06, 4.2285651034e-06, 3.64424158761e-06, 2.42836608777e-06, 2.20679589802e-06, 2.56380144492e-06, 2.25314420277e-06, 1.96427254195e-06],
        "min": [4.05392976509e-24, 5.78538439431e-24, 3.48444082242e-24, 9.22586239291e-24, 4.88093446166e-24, 3.75577465837e-24, 5.04160610096e-24, 2.90315722592e-24, 6.26248865308e-24, 8.4678254387e-24, 5.94350998504e-24, 4.40712843034e-24, 7.27360125759e-24, 6.0351428845e-24, 5.00320553539e-24, 4.98784759685e-24, 4.3341367085e-24, 6.66876976864e-24, 1.18742278016e-23, 9.44178151128e-24, 9.09381496599e-24, 5.27304881865e-24, 8.83520032885e-24, 7.29997287765e-24, 1.11722425702e-23, 6.94624212572e-24, 1.089213384e-23, 8.94134787453e-24, 9.03157147398e-24, 1.34848072465e-23, 1.14492700097e-23, 8.42204547379e-24, 6.38521923828e-24, 1.09357215604e-23, 1.10026706077e-23, 1.02652489556e-23, 9.56913048266e-24, 1.05715273574e-23, 1.15079005188e-23, 1.11722520365e-23],
        "stdev": [6.94933260093e-05, 0.000281731918221, 0.00056981225498, 0.00104648573324, 0.00163477659225, 0.0015501944581, 0.00127996061929, 0.000679105811287, 0.00035148760071, 0.000374927505618, 0.000213747363887, 0.000109692242404, 0.00011600284779, 0.000158648676006, 0.000116814073408, 6.81257006363e-05, 9.38290322665e-05, 4.42330128863e-05, 5.37027917744e-05, 1.71249448613e-05, 1.71332558239e-05, 2.48603246291e-05, 1.42515773405e-05, 9.7045167422e-06, 7.88230408943e-06, 5.61671959076e-06, 1.00189236036e-05, 1.40733382068e-05, 2.94348410534e-05, 3.48253124685e-05, 2.55886679952e-05, 2.07920202229e-05, 2.14603060158e-05, 2.09417012229e-05, 1.33463909151e-05, 8.25820188766e-06, 7.72039311414e-06, 1.02542371678e-05, 1.00457564258e-05, 1.16125793284e-05]
    },
    "melbands128": {
        "max": [0.000112397348857, 0.000504110299516, 0.000758085981943, 0.00129112089053, 0.00204284954816, 0.00505814468488, 0.00737496512011, 0.00524577964097, 0.00509298639372, 0.0117889493704, 0.0115098087117, 0.0209630057216, 0.0218647439033, 0.0174762550741, 0.0199634172022, 0.0183950252831, 0.0315174944699, 0.00605023419484, 0.0123485894874, 0.00516696320847, 0.0110817058012, 0.00530163338408, 0.00406500790268, 0.0087696807459, 0.00367923057638, 0.00764760747552, 0.00782285258174, 0.00345625169575, 0.00131884356961, 0.000881128420588, 0.00219811708666, 0.0022715900559, 0.000566796865314, 0.00371590675786, 0.00409334991127, 0.00124442356173, 0.00247855600901, 0.0029130068142, 0.00178315280937, 0.000411815388361, 0.000729605555534, 0.00111870362889, 0.00158134312369, 0.00208499399014, 0.000710984168109, 0.00043461061432, 0.00147616059985, 0.00139199476689, 0.000319841725286, 0.000160851559485, 0.000176277128048, 0.000456407957245, 0.000190643535461, 0.000142393590068, 0.000393079011701, 0.000547667616047, 0.000418843352236, 0.000122515572002, 0.000233707440202, 0.000257335952483, 0.000110843262519, 6.83757971274e-05, 0.000113747715659, 0.000162350363098, 6.18190897512e-05, 4.06375547755e-05, 5.5320593674e-05, 9.91125489236e-05, 0.000163134245668, 0.000110608030809, 0.000157326183398, 0.000335319753503, 0.000509740319103, 0.000712709035724, 0.000465442513814, 0.000453604327049, 0.000524879316799, 0.000472863466712, 0.000376518553821, 0.000406225502957, 0.000241728630499, 0.000257598381722, 0.000229794939514, 0.000319386832416, 0.000204041032703, 0.000221353562665, 0.000326075940393, 0.000196240609512, 0.000162331678439, 0.000108890373667, 0.000108139764052, 8.08309268905e-05, 4.78987421957e-05, 5.55392362003e-05, 0.000269079930149, 0.000273990386631, 0.000133867026307, 0.00015417119721, 8.14008017187e-05, 0.000229073222727, 0.00028597965138, 0.000196870285436, 4.44372653874e-06, 8.78199770682e-08, 8.24282508916e-08, 7.83167379836e-08, 7.46782760075e-08, 7.13067080937e-08, 6.82947955966e-08, 6.55098091329e-08, 6.29040926015e-08, 6.04904855095e-08, 5.8300070549e-08, 5.62169937268e-08, 5.4225459678e-08, 5.24524104151e-08, 5.08392474785e-08, 4.93355898357e-08, 4.79448161173e-08, 4.66452370063e-08, 4.55580568826e-08, 4.45569803276e-08, 4.36627836109e-08, 4.29009361369e-08, 4.2275527079e-08, 4.17803356356e-08, 4.14289367257e-08, 4.12110736647e-08],
        "mean": [4.49755589216e-06, 1.76968169399e-05, 5.67686402064e-05, 8.24401722639e-05, 8.55562248034e-05, 0.000139094510814, 0.000299507752061, 0.000275125028566, 0.00023863518436, 0.000502713839523, 0.000655593874399, 0.000556798477191, 0.000716214359272, 0.000622011197265, 0.000941013218835, 0.00117497181054, 0.000828221847769, 0.000385484221624, 0.000748472404666, 0.000293742894428, 0.000285931135295, 0.00029768011882, 0.000197665925953, 0.000173223554157, 0.000208923782338, 0.000411214772612, 0.000167242382304, 0.000118834497698, 5.79214574827e-05, 4.4839707698e-05, 0.00012846296886, 0.000102900718048, 2.64447407972e-05, 9.47911175899e-05, 0.000109365733806, 6.38670753688e-05, 6.26776309218e-05, 4.68510625069e-05, 2.35860370594e-05, 3.239468424e-05, 7.90432604845e-05, 2.58564778051e-05, 4.15078611695e-05, 5.26759540662e-05, 2.05924388865e-05, 1.9885799702e-05, 2.59301195911e-05, 4.17397568526e-05, 1.38171280923e-05, 5.83787596042e-06, 1.22846895465e-05, 1.79321777978e-05, 1.09231077658e-05, 1.31435826916e-05, 1.41544460348e-05, 1.25575061247e-05, 9.78109983407e-06, 5.37367077413e-06, 9.45605734159e-06, 1.71520150616e-05, 3.28317628373e-06, 2.72842476079e-06, 5.66213157072e-06, 7.33990373192e-06, 6.37971015749e-06, 4.37507287643e-06, 4.78099855172e-06, 5.08534139954e-06, 6.23544565315e-06, 4.01056558985e-06, 3.24827965414e-06, 5.90103627474e-06, 4.92394838147e-06, 6.20473474555e-06, 6.48806189929e-06, 6.60018213239e-06, 6.5291978899e-06, 6.14660439169e-06, 4.27826716987e-06, 3.38945210387e-06, 4.3584263949e-06, 4.37493599748e-06, 3.30683610628e-06, 4.65470930067e-06, 4.37693506683e-06, 4.39935638497e-06, 4.12042118114e-06, 3.85674729841e-06, 4.29919009548e-06, 2.84026464215e-06, 2.42908845394e-06, 2.48888932219e-06, 2.11654833038e-06, 1.83905956419e-06, 2.5840604394e-06, 2.69884412774e-06, 2.66174174612e-06, 2.18727041101e-06, 1.88229330433e-06, 2.43026715907e-06, 3.20497451867e-06, 2.14427586798e-06, 5.73628824441e-08, 4.01119498727e-10, 1.55834650739e-10, 1.47098389025e-10, 1.4006697191e-10, 1.33629107779e-10, 1.27906102376e-10, 1.22632834443e-10, 1.1771231212e-10, 1.13161306714e-10, 1.09039992313e-10, 1.05123867944e-10, 1.01391200991e-10, 9.80674708106e-11, 9.5038484027e-11, 9.22153187144e-11, 8.96079807577e-11, 8.71809083258e-11, 8.51443776595e-11, 8.32741237078e-11, 8.15996575865e-11, 8.01709323928e-11, 7.9004143505e-11, 7.80785852639e-11, 7.74210626164e-11, 7.70137842387e-11],
        "min": [6.21328424298e-24, 3.77751250947e-24, 2.72440371138e-24, 2.84233802228e-24, 7.29394124717e-24, 3.78232140555e-24, 4.4307023552e-24, 9.02969043516e-25, 1.19315744396e-24, 7.7687952802e-24, 6.60227431636e-24, 4.40024798552e-24, 5.57848668926e-24, 3.42197881594e-24, 2.57740756752e-24, 4.24125780324e-24, 4.16671163099e-24, 6.44571737554e-24, 3.92496481215e-24, 2.52999446332e-24, 2.51909003903e-24, 3.98213553411e-24, 3.18701837026e-24, 1.09464114146e-23, 6.98837439781e-24, 6.72665322642e-24, 5.67230907216e-24, 8.85899316261e-24, 2.39027003928e-24, 3.49886001648e-24, 3.38975384797e-24, 4.1746061565e-24, 6.55915360155e-24, 1.13092558765e-23, 1.83546672844e-24, 5.01195124181e-24, 1.0140384896e-23, 3.34085748805e-24, 3.7755001253e-24, 2.69433686963e-24, 6.04623545212e-24, 3.37920125564e-24, 5.07491614712e-24, 3.31252475978e-24, 5.35382028674e-24, 4.63520428969e-24, 1.30838592251e-23, 7.54285605062e-24, 8.08209296643e-24, 8.57567140192e-24, 1.07517449978e-23, 3.87885825883e-24, 7.73613249442e-24, 7.31314133274e-24, 1.83592407055e-24, 1.92677580049e-24, 9.76545271842e-24, 7.30258242952e-24, 1.01911086522e-23, 6.59282652372e-24, 6.07518309747e-24, 4.18984892134e-24, 8.74523153147e-24, 1.59002267631e-23, 7.45326748419e-24, 3.95376099621e-24, 4.38011941066e-24, 1.39376986031e-23, 7.85583661476e-24, 1.28888969855e-23, 1.05482528053e-23, 6.49402090648e-24, 5.52535651286e-24, 7.61286903368e-24, 1.49121895234e-23, 1.15968769291e-23, 1.30123142742e-23, 1.43307769481e-23, 1.00307718844e-23, 6.96566388121e-24, 7.26827407989e-24, 9.79986361996e-24, 5.62651845762e-24, 4.71284989643e-24, 5.91471340656e-24, 1.15084755984e-23, 1.20417739693e-23, 6.99972373965e-24, 1.28183002454e-23, 8.00641044005e-24, 9.9796260876e-24, 9.03789261642e-24, 8.74028774017e-24, 1.30799606745e-23, 4.69570597681e-24, 1.36701769375e-23, 1.07206236463e-23, 8.52411776404e-24, 1.33485977894e-23, 1.09979918737e-23, 1.18118754468e-23, 1.04924669287e-23, 1.20223806128e-23, 7.86617463693e-24, 5.9928110306e-24, 7.83738121389e-24, 6.63246007889e-24, 3.85350979136e-24, 9.24872673739e-24, 5.98655063046e-24, 7.93868594247e-24, 1.10017223969e-23, 7.98454242689e-24, 9.53929181892e-24, 7.05442887685e-24, 9.24556892719e-24, 7.96683092185e-24, 5.16235506757e-24, 1.07248006648e-23, 1.48385572465e-23, 8.9723745628e-24, 8.61770348867e-24, 8.1319418759e-24, 8.64765969268e-24, 8.90918522657e-24, 1.20174754757e-23, 1.05401512038e-23, 8.55454176257e-24],
        "stdev": [8.21899720904e-06, 3.78487093258e-05, 0.000104293350887, 0.000156830225023, 0.000242165202508, 0.000505244359374, 0.000745524477679, 0.000631604343653, 0.000607209978625, 0.00126584584359, 0.00150911335368, 0.00181895960122, 0.00248966156505, 0.0016864357749, 0.00201146234758, 0.00234317057766, 0.0030529354699, 0.000689990702085, 0.00146015523933, 0.000660033372696, 0.000829343858641, 0.000550503085833, 0.000386008206988, 0.000524304807186, 0.000358611985575, 0.000669502420351, 0.000398491742089, 0.000282060966128, 0.000105883460492, 8.16247556941e-05, 0.0001915130415, 0.000169047372765, 5.16961299581e-05, 0.000250541750574, 0.000340937607689, 0.000130247499328, 0.000208939745789, 0.00016973237507, 0.000118086471048, 5.26408366568e-05, 0.000120957098261, 6.32764786133e-05, 0.000124201076687, 0.000161065472639, 5.26032781636e-05, 3.56799318979e-05, 0.000106544786831, 0.000106548577605, 2.54704027611e-05, 1.13227551992e-05, 2.04742027563e-05, 3.64783954865e-05, 1.9066123059e-05, 1.96748569579e-05, 3.41101040249e-05, 3.5668239434e-05, 3.60380472557e-05, 1.0303469935e-05, 1.88433787116e-05, 3.22855448758e-05, 7.34171499062e-06, 5.98562701271e-06, 9.94028505374e-06, 1.15641205412e-05, 8.38117830426e-06, 5.8977457229e-06, 7.15148053132e-06, 1.02501189758e-05, 1.38744208016e-05, 9.97932056634e-06, 1.16654391604e-05, 2.15097334149e-05, 2.64662030531e-05, 4.00793796871e-05, 3.49811634806e-05, 3.56616728823e-05, 4.04117963626e-05, 3.60265767085e-05, 2.2700340196e-05, 2.24993145821e-05, 2.16455027839e-05, 2.26851807383e-05, 1.91132166947e-05, 2.50004522968e-05, 2.10732996493e-05, 2.20864512812e-05, 2.25295189011e-05, 1.99920723389e-05, 1.31775850605e-05, 1.09206303023e-05, 9.51168749452e-06, 8.14128543425e-06, 5.93390723225e-06, 6.09352491665e-06, 1.29947538881e-05, 1.42651360875e-05, 1.04048385765e-05, 8.5583596956e-06, 7.09362166162e-06, 1.35772515932e-05, 1.88675858226e-05, 1.32690020109e-05, 3.09188834535e-07, 4.5451509223e-09, 3.51133544463e-09, 3.33621064108e-09, 3.18122284071e-09, 3.03760128162e-09, 2.909299468e-09, 2.79066370013e-09, 2.67966382417e-09, 2.57684762417e-09, 2.48353826393e-09, 2.39480146824e-09, 2.30996399786e-09, 2.23443374914e-09, 2.16571471867e-09, 2.10166062331e-09, 2.04241490387e-09, 1.98705363275e-09, 1.94074067927e-09, 1.89809545859e-09, 1.86000359559e-09, 1.82754944511e-09, 1.80090731217e-09, 1.77981263061e-09, 1.76484327152e-09, 1.75556258419e-09]
    },
    "mfcc": {
        "mean": [-679.989501953, 108.338569641, -5.749376297, -3.65255212784, -12.5091285706, -13.8653964996, -12.9557752609, -3.74671912193, -9.33880233765, -2.4453997612, -2.92718648911, -0.295313984156, -2.20566368103],
        "cov": [[12129.3173828, 55.1836585999, 508.726593018, -841.355163574, -1052.71936035, -663.552124023, -362.192108154, -717.339782715, -374.689422607, 118.178382874, -627.964416504, -17.6706981659, 52.5411071777], [55.1836585999, 1148.56555176, -250.110198975, -28.2851963043, 194.835891724, 80.4419403076, 31.4580955505, -71.5745162964, -32.0910720825, 50.4006767273, -44.3437728882, -120.937614441, -76.4457855225], [508.726593018, -250.110198975, 854.303405762, -2.96431064606, -19.326423645, 40.7995986938, 61.6587562561, 2.91550397873, -25.100479126, -78.8348464966, -110.181221008, -31.8250656128, -64.0752563477], [-841.355163574, -28.2851963043, -2.96431064606, 377.038208008, 154.160812378, 144.112854004, 47.569934845, 131.231277466, 35.8429336548, -52.4953727722, 53.3467063904, 3.45078134537, -34.8736038208], [-1052.71936035, 194.835891724, -19.326423645, 154.160812378, 373.088226318, 205.322662354, 96.1065750122, 115.269226074, 51.8734970093, -19.1668491364, 69.283744812, -61.7129516602, -89.4875869751], [-663.552124023, 80.4419403076, 40.7995986938, 144.112854004, 205.322662354, 250.83164978, 92.0027313232, 90.358795166, 53.479385376, -16.6503391266, 42.3299026489, -36.1156158447, -52.4491691589], [-362.192108154, 31.4580955505, 61.6587562561, 47.569934845, 96.1065750122, 92.0027313232, 112.513397217, 42.3011245728, 25.1219463348, -5.16034126282, 10.220990181, -13.898226738, -25.2178974152], [-717.339782715, -71.5745162964, 2.91550397873, 131.231277466, 115.269226074, 90.358795166, 42.3011245728, 141.707214355, 47.5889930725, -33.3824691772, 56.2741241455, 5.3900809288, -7.00517654419], [-374.689422607, -32.0910720825, -25.100479126, 35.8429336548, 51.8734970093, 53.479385376, 25.1219463348, 47.5889930725, 80.9987182617, 8.23400497437, 28.5150966644, -3.3404238224, -8.03888511658], [118.178382874, 50.4006767273, -78.8348464966, -52.4953727722, -19.1668491364, -16.6503391266, -5.16034126282, -33.3824691772, 8.23400497437, 82.0531539917, 6.83383607864, -8.61823749542, 4.18363046646], [-627.964416504, -44.3437728882, -110.181221008, 53.3467063904, 69.283744812, 42.3299026489, 10.220990181, 56.2741241455, 28.5150966644, 6.83383607864, 111.054153442, 31.6891860962, 12.2389192581], [-17.6706981659, -120.937614441, -31.8250656128, 3.45078134537, -61.7129516602, -36.1156158447, -13.898226738, 5.3900809288, -3.3404238224, -8.61823749542, 31.6891860962, 79.6435623169, 46.1718521118], [52.5411071777, -76.4457855225, -64.0752563477, -34.8736038208, -89.4875869751, -52.4491691589, -25.2178974152, -7.00517654419, -8.03888511658, 4.18363046646, 12.2389192581, 46.1718521118, 85.6487197876]],
        "icov": [[0.000161761956406, -2.8733900308e-06, -2.5173460017e-05, 0.000105742772575, 0.000214217405301, -0.000112596302642, 0.000226754506002, 0.000199089306989, 0.000259508233285, -0.000177166133653, 0.000608509231824, -0.000224260496907, 0.000227292955969], [-2.8733900308e-06, 0.00141191843431, 0.000560842745472, 3.60724443453e-05, -0.000922482518945, -0.000224133342272, -0.000230891164392, 0.000969663960859, 0.000735832727514, -0.000192513252841, 0.000769475765992, 0.00118412985466, -6.33552335785e-05], [-2.5173460017e-05, 0.000560842745472, 0.0019157192437, 0.000323895161273, 0.000238437132793, -0.000489949074108, -0.00103349040728, -0.000276451581158, 0.000633892195765, 0.00124811322894, 0.00168530317023, 6.19270431343e-05, 0.00142759352457], [0.000105742772575, 3.60724443453e-05, 0.000323895161273, 0.00469504250214, 9.25891072256e-05, -0.00179429282434, 0.000724434212316, -0.00318723660894, 0.0010322680464, 0.00111081451178, 0.000778072222602, -0.0016339502763, 0.00188417546451], [0.000214217405301, -0.000922482518945, 0.000238437132793, 9.25891072256e-05, 0.00896070152521, -0.00295884883963, -0.00170978554524, -0.00290537322871, 0.000838721229229, 0.000986141501926, -0.00343276676722, 0.00279889930971, 0.00508290110156], [-0.000112596302642, -0.000224133342272, -0.000489949074108, -0.00179429282434, -0.00295884883963, 0.00977465324104, -0.00378951733001, -0.000217529668589, -0.00267009646632, 0.000264376169071, -0.00157224922441, 0.00184118177276, -0.000498773006257], [0.000226754506002, -0.000230891164392, -0.00103349040728, 0.000724434212316, -0.00170978554524, -0.00378951733001, 0.0145654827356, -0.00136291899253, -0.000621875631623, -0.00197736779228, 0.00267952913418, -0.00265259877779, 0.000331982562784], [0.000199089306989, 0.000969663960859, -0.000276451581158, -0.00318723660894, -0.00290537322871, -0.000217529668589, -0.00136291899253, 0.0184803791344, -0.00536065874621, 0.00473609799519, -0.00353676872328, 0.00169926567469, -0.00396495498717], [0.000259508233285, 0.000735832727514, 0.000633892195765, 0.0010322680464, 0.000838721229229, -0.00267009646632, -0.000621875631623, -0.00536065874621, 0.018617214635, -0.00408695312217, 0.000369839719497, 0.000237656393438, 0.00177782797255], [-0.000177166133653, -0.000192513252841, 0.00124811322894, 0.00111081451178, 0.000986141501926, 0.000264376169071, -0.00197736779228, 0.00473609799519, -0.00408695312217, 0.0178112816066, -0.0044927499257, 0.00420433934778, -0.000557828112505], [0.000608509231824, 0.000769475765992, 0.00168530317023, 0.000778072222602, -0.00343276676722, -0.00157224922441, 0.00267952913418, -0.00353676872328, 0.000369839719497, -0.0044927499257, 0.0212989337742, -0.00989048276097, 0.000383778708056], [-0.000224260496907, 0.00118412985466, 6.19270431343e-05, -0.0016339502763, 0.00279889930971, 0.00184118177276, -0.00265259877779, 0.00169926567469, 0.000237656393438, 0.00420433934778, -0.00989048276097, 0.0264768265188, -0.00905766524374], [0.000227292955969, -6.33552335785e-05, 0.00142759352457, 0.00188417546451, 0.00508290110156, -0.000498773006257, 0.000331982562784, -0.00396495498717, 0.00177782797255, -0.000557828112505, 0.000383778708056, -0.00905766524374, 0.0231156591326]]
    },
    "spectral_contrast_coeffs": {
        "max": [-0.407382428646, -0.454371720552, -0.504631817341, -0.603743672371, -0.65225815773, -0.570076525211],
        "mean": [-0.687867939472, -0.743122696877, -0.757858812809, -0.794566333294, -0.76494717598, -0.717897117138],
        "min": [-0.977746725082, -0.997026503086, -0.989634275436, -0.957036674023, -0.960635781288, -0.960598826408],
        "stdev": [0.0957240611315, 0.0954355970025, 0.071335978806, 0.0522116087377, 0.0448794104159, 0.0565866455436]
    },
    "spectral_contrast_valleys": {
        "max": [-5.38649559021, -5.15806913376, -5.68427419662, -6.12929487228, -6.26733160019, -7.55959796906],
        "mean": [-8.00538158417, -6.74886465073, -7.55850076675, -8.05795478821, -8.35892391205, -11.3060455322],
        "min": [-27.3168392181, -27.8205299377, -27.4869747162, -27.3397426605, -27.3210639954, -27.3087730408],
        "stdev": [1.71251535416, 1.84022891521, 1.71888279915, 1.63218557835, 1.6548050642, 1.67650556564]
    }
},
"rhythm": {
    "beats_count": 16,
    "beats_loudness": {
        "max": 0.0647249221802,
        "mean": 0.0312334410846,
        "min": 6.97810173733e-05,
        "stdev": 0.0176414661109
    },
    "bpm": 76.393196106,
    "bpm_histogram_first_peak_bpm": 76,
    "bpm_histogram_first_peak_weight": 0.266666650772,
    "bpm_histogram_second_peak_bpm": 0,
    "bpm_histogram_second_peak_spread": 0,
    "bpm_histogram_second_peak_weight": 0,
    "danceability": 1.31548726559,
    "onset_rate": 2.58633565903,
    "beats_loudness_band_ratio": {
        "max": [0.309954315424, 0.821958720684, 0.660674333572, 0.310867398977, 0.223400056362, 0.880621373653],
        "mean": [0.0933915376663, 0.328643530607, 0.327341198921, 0.153023421764, 0.0682112574577, 0.0910911858082],
        "min": [0.0018385698786, 0.050859183073, 0.0418788306415, 0.0148558206856, 0.013326712884, 0.0100312419236],
        "stdev": [0.101055704057, 0.21326097846, 0.190383896232, 0.0708026587963, 0.0471365489066, 0.204824492335]
    },
    "beats_position": [0.777868449688, 1.5673469305, 2.35682535172, 3.14630389214, 3.93578219414, 4.73687076569, 5.51473903656, 6.28099775314, 7.05886602402, 7.8251247406, 8.59138298035, 9.38086128235, 10.1703395844, 10.95981884, 11.749297142, 12.5619955063],
