{
"metadata": {
    "version": {
        "essentia": "2.1-beta5",
        "essentia_git_sha": "Undefined",
        "extractor": "music 2.0"
    },
    "audio_properties": {
        "analysis": {
            "equal_loudness": 0,
            "length": 48.7502937317,
            "sample_rate": 44100,
            "start_time": 12.7477550507,
            "downmix": "mix"
        },
        "bit_rate": 192000,
        "length": 260.57434082,
        "lossless": 0,
        "number_channels": 2,
        "replay_gain": -7.65347671509,
        "sample_rate": 44100,
        "codec": "mp3",
        "md5_encoded": "270e2f6c121a3fb5cd440c197bade35b"
    },
    "tags": {
        "file_name": "Greece_Panaghia Mou, Panaghia Mou_Mariza Koch.mp3",
        "encoding": ["Lavf58.29.100"]
    }
},
"lowlevel": {
    "average_loudness": 0.430719614029,
    "barkbands_crest": {
        "max": 25.8382606506,
        "mean": 11.5955858231,
        "min": 2.89762711525,
        "stdev": 4.33167743683
    },
    "barkbands_flatness_db": {
        "max": 0.339133441448,
        "mean": 0.176539033651,
        "min": 0.0291457120329,
        "stdev": 0.0539164319634
    },
    "barkbands_kurtosis": {
        "max": 100.958183289,
        "mean": 3.46969270706,
        "min": -1.82208764553,
        "stdev": 5.99119949341
    },
    "barkbands_skewness": {
        "max": 7.01676225662,
        "mean": 0.769843935966,
        "min": -2.58077597618,
        "stdev": 1.18085885048
    },
    "barkbands_spread": {
        "max": 56.6937637329,
        "mean": 13.2255458832,
        "min": 0.795841634274,
        "stdev": 8.75453948975
    },
    "dissonance": {
        "max": 0.499989956617,
        "mean": 0.444150984287,
        "min": 0.161813184619,
        "stdev": 0.0528703592718
    },
    "dynamic_complexity": 9.91361618042,
    "erbbands_crest": {
        "max": 31.8684177399,
        "mean": 13.5055122375,
        "min": 3.35982275009,
        "stdev": 5.98367834091
    },
    "erbbands_flatness_db": {
        "max": 0.383006423712,
        "mean": 0.212149769068,
        "min": 0.0841111391783,
        "stdev": 0.0539979748428
    },
    "erbbands_kurtosis": {
        "max": 138.706893921,
        "mean": 6.54753494263,
        "min": -1.8250105381,
        "stdev": 13.010436058
    },
    "erbbands_skewness": {
        "max": 7.74140501022,
        "mean": 0.976983129978,
        "min": -3.44676589966,
        "stdev": 1.5334700346
    },
    "erbbands_spread": {
        "max": 62.3518943787,
        "mean": 17.5026035309,
        "min": 0.848532021046,
        "stdev": 10.8927612305
    },
    "hfc": {
        "max": 172.436325073,
        "mean": 8.01580142975,
        "min": 0.0275762937963,
        "stdev": 19.7614555359
    },
    "loudness_ebu128": {
        "integrated": -19.0709152222,
        "loudness_range": 21.0905056,
        "momentary": {
            "max": -12.6468906403,
            "mean": -26.1633453369,
            "min": -40.8503723145,
            "stdev": 8.12921524048
        },
        "short_term": {
            "max": -15.6400623322,
            "mean": -23.6704998016,
            "min": -39.8798751831,
            "stdev": 7.14776611328
        }
    },
    "melbands_crest": {
        "max": 32.8530540466,
        "mean": 15.2256689072,
        "min": 3.43676972389,
        "stdev": 6.08227920532
    },
    "melbands_flatness_db": {
        "max": 0.430058538914,
        "mean": 0.25796225667,
        "min": 0.0528911501169,
        "stdev": 0.0783822759986
    },
    "melbands_kurtosis": {
        "max": 98.2538146973,
        "mean": 4.91788911819,
        "min": -1.85311973095,
        "stdev": 8.9179983139
    },
    "melbands_skewness": {
        "max": 8.34403705597,
        "mean": 1.16004431248,
        "min": -3.90961194038,
        "stdev": 1.4015904665
    },
    "melbands_spread": {
        "max": 110.142677307,
        "mean": 20.2745723724,
        "min": 1.33753061295,
        "stdev": 17.4160461426
    },
    "pitch_salience": {
        "max": 0.911937534809,
        "mean": 0.564142048359,
        "min": 0.103420220315,
        "stdev": 0.147748723626
    },
    "silence_rate_20dB": {
        "max": 1,
        "mean": 1,
        "min": 1,
        "stdev": 0
    },
    "silence_rate_30dB": {
        "max": 1,
        "mean": 0.990480720997,
        "min": 0,
        "stdev": 0.0971015021205
    },
    "silence_rate_60dB": {
        "max": 1,
        "mean": 0.701570689678,
        "min": 0,
        "stdev": 0.457564026117
    },
    "spectral_centroid": {
        "max": 2983.45288086,
        "mean": 1039.54736328,
        "min": 338.212371826,
        "stdev": 605.230651855
    },
    "spectral_complexity": {
        "max": 36,
        "mean": 6.51213693619,
        "min": 0,
        "stdev": 7.51943683624
    },
    "spectral_decrease": {
        "max": -6.0550024196e-12,
        "mean": -2.06092676258e-09,
        "min": -4.5466901355e-08,
        "stdev": 5.06313257986e-09
    },
    "spectral_energy": {
        "max": 0.187243014574,
        "mean": 0.00850548036397,
        "min": 2.75763231912e-05,
        "stdev": 0.0208434406668
    },
    "spectral_energyband_high": {
        "max": 0.000744732213207,
        "mean": 3.08014459733e-05,
        "min": 3.83186318231e-07,
        "stdev": 6.44700267003e-05
    },
    "spectral_energyband_low": {
        "max": 0.00155364442617,
        "mean": 0.000242754962528,
        "min": 3.79610173695e-06,
        "stdev": 0.000162605472724
    },
    "spectral_energyband_middle_high": {
        "max": 0.105181731284,
        "mean": 0.00288002938032,
        "min": 3.69858048543e-06,
        "stdev": 0.00793240685016
    },
    "spectral_energyband_middle_low": {
        "max": 0.123506851494,
        "mean": 0.00544689456001,
        "min": 3.70355610357e-06,
        "stdev": 0.0141489608213
    },
    "spectral_entropy": {
        "max": 8.723528862,
        "mean": 7.06450986862,
        "min": 5.1288933754,
        "stdev": 0.535293161869
    },
    "spectral_flux": {
        "max": 0.402340114117,
        "mean": 0.043731957674,
        "min": 0.00322297262028,
        "stdev": 0.0579854398966
    },
    "spectral_kurtosis": {
        "max": 34.3212776184,
        "mean": 12.3485965729,
        "min": 1.24938488007,
        "stdev": 5.71287536621
    },
    "spectral_rms": {
        "max": 0.0135157732293,
        "mean": 0.00192163314205,
        "min": 0.000164023571415,
        "stdev": 0.00214600539766
    },
    "spectral_rolloff": {
        "max": 5684.765625,
        "mean": 1155.11523438,
        "min": 64.599609375,
        "stdev": 854.881286621
    },
    "spectral_skewness": {
        "max": 4.75319766998,
        "mean": 2.67754387856,
        "min": 1.12832546234,
        "stdev": 0.630452334881
    },
    "spectral_spread": {
        "max": 21929906,
        "mean": 3280739.5,
        "min": 1807354.75,
        "stdev": 832053.9375
    },
    "spectral_strongpeak": {
        "max": 9.87483787537,
        "mean": 0.650107562542,
        "min": 0,
        "stdev": 1.0480325222
    },
    "zerocrossingrate": {
        "max": 0.13427734375,
        "mean": 0.0410384014249,
        "min": 0.00537109375,
        "stdev": 0.0275395270437
    },
    "barkbands": {
        "max": [8.59628926264e-05, 0.00141104764771, 0.000309613998979, 0.000283151224721, 0.00598675664514, 0.0427666343749, 0.0530680678785, 0.0546173006296, 0.0953477546573, 0.0537866465747, 0.0307271443307, 0.0332007519901, 0.0275608450174, 0.0172662716359, 0.0299303978682, 0.0374898836017, 0.0152588896453, 0.00474374322221, 0.00173765805084, 0.000184232922038, 0.000145024809171, 0.000179943323019, 0.000171502499143, 0.000114771471999, 0.000147153798025, 0.000140317366458, 1.09709753815e-05],
        "mean": [1.50045825649e-05, 0.000201857459615, 1.98337129405e-05, 1.06400493678e-05, 0.000140082949656, 0.000438998395111, 0.00110240769573, 0.00137643783819, 0.00215542968363, 0.000521087262314, 0.000248417607509, 0.000257827719906, 0.000465079356218, 0.000342156650731, 0.000333745381795, 0.000381928606657, 0.000322482548654, 0.000100069002656, 3.78341974283e-05, 4.62848583993e-06, 6.36006279819e-06, 6.30955173619e-06, 4.32430670116e-06, 3.79966354558e-06, 3.30706211571e-06, 5.0227090469e-06, 3.99971753495e-07],
        "min": [2.16048636759e-08, 2.27437840294e-06, 7.50595106069e-08, 4.63790499339e-08, 3.83519420666e-07, 4.76993932352e-07, 1.12071006697e-07, 3.13800001095e-07, 2.91892263249e-07, 8.76496883961e-08, 4.74256509619e-08, 7.38615639762e-08, 1.20978540963e-07, 1.49055622956e-07, 1.27647297177e-07, 1.63612440929e-07, 1.76996593382e-07, 1.83613863669e-07, 9.9492453387e-08, 5.3544749079e-08, 2.73740354828e-08, 4.62605065366e-08, 3.57489682301e-08, 5.9013377296e-08, 2.58181618307e-08, 3.72860071707e-08, 5.22237919576e-10],
        "stdev": [1.13966179924e-05, 0.000145567784784, 2.41541001742e-05, 1.597676237e-05, 0.000338313024258, 0.001691873651, 0.0037600833457, 0.00463869655505, 0.00882029999048, 0.00314504466951, 0.00142885302193, 0.00142064259853, 0.00205349992029, 0.00136151805054, 0.00152942887507, 0.00201607798226, 0.00099977478385, 0.000293772260193, 0.000117864234198, 1.23189738588e-05, 1.43061179187e-05, 1.5082752725e-05, 9.66072275332e-06, 8.28415340948e-06, 7.73995907366e-06, 1.09751272248e-05, 9.6567998753e-07]
    },
    "erbbands": {
        "max": [0.051044780761, 0.268729478121, 0.296487063169, 0.664031624794, 0.88453823328, 17.8462371826, 402.339019775, 225.340957642, 734.633178711, 1334.92480469, 1446.94970703, 2002.74804688, 3059.08422852, 1985.25048828, 1020.97351074, 1583.80700684, 1345.25976562, 1055.95617676, 828.216430664, 2046.85327148, 1437.28881836, 853.717102051, 242.792755127, 149.437362671, 43.7041969299, 7.27711725235, 8.72720146179, 4.91805362701, 7.30037546158, 5.43598365784, 4.75239467621, 2.57075786591, 2.51828575134, 2.60582923889, 0.348495304585, 0.190153032541, 0.444407939911, 0.0479453280568, 0.000949867244344, 0.000242200156208],
        "mean": [0.00969001185149, 0.0294993240386, 0.0257954150438, 0.0327877253294, 0.0617748275399, 0.497531622648, 2.15482974052, 3.96611690521, 11.2045984268, 24.7027015686, 33.7259597778, 49.2347679138, 28.2999782562, 12.4624109268, 9.63461208344, 11.7799320221, 19.8565444946, 20.5961971283, 15.8053922653, 20.8303050995, 19.1291236877, 18.0419197083, 7.19358634949, 3.32008719444, 0.94366812706, 0.226867929101, 0.261701196432, 0.206685006618, 0.247871756554, 0.176346689463, 0.113376617432, 0.0753810182214, 0.0676920413971, 0.0487201474607, 0.016631571576, 0.0101411147043, 0.0121032474563, 0.00254040630534, 5.28502714587e-05, 1.15242464744e-05],
        "min": [5.6622116972e-05, 0.000387285545003, 0.00056794018019, 0.000424325087806, 0.000406898325309, 0.00179954024497, 0.00268486351706, 0.00459451042116, 0.001312988461, 0.00747349811718, 0.0198077056557, 0.00785005558282, 0.00393611751497, 0.00313814589754, 0.00353991566226, 0.00395991560072, 0.00520406337455, 0.0109339663759, 0.00984490476549, 0.0116092879325, 0.0100381085649, 0.0130033008754, 0.0105918347836, 0.00902170594782, 0.00346249481663, 0.00223378930241, 0.00107146275695, 0.00106526527088, 0.00166137365159, 0.00136235321406, 0.00101725035347, 0.00122112501413, 0.000904335931409, 0.000321407802403, 0.000111328285129, 7.21495671314e-05, 6.85338236508e-05, 1.87117057067e-05, 3.72168017293e-07, 8.30311677191e-08],
        "stdev": [0.00672128610313, 0.0244852807373, 0.0283035449684, 0.0443274900317, 0.0813064202666, 1.20596599579, 10.7942171097, 13.1688394547, 39.7685241699, 81.3642883301, 115.539611816, 200.123168945, 157.603622437, 73.4879608154, 47.745464325, 64.911895752, 88.3909072876, 80.4404373169, 57.5541381836, 105.724868774, 85.840637207, 54.172416687, 20.0324840546, 10.2044801712, 2.53392577171, 0.571494519711, 0.606938719749, 0.453512996435, 0.594906330109, 0.402626544237, 0.255624562502, 0.176290646195, 0.147834852338, 0.123630985618, 0.0354068875313, 0.0213866904378, 0.0294019319117, 0.00529113737866, 0.000110129825771, 2.71810531558e-05]
    },
    "gfcc": {
        "mean": [-169.282501221, 104.013832092, -108.502410889, -0.604730904102, -47.7845306396, 3.65170836449, -40.0987319946, 23.9417858124, -0.303773283958, 15.5079746246, -8.3353395462, 9.4295835495, -15.3284759521],
        "cov": [[9159.0625, -2256.10668945, -2770.82836914, -1526.30651855, -171.194610596, -419.963745117, -578.741760254, 131.747940063, 151.937362671, 212.916397095, -122.552330017, 633.509338379, 92.2015533447], [-2256.10668945, 1392.13122559, 981.077148438, 11.5673274994, -96.2211532593, -148.858856201, 137.016067505, 21.7078285217, -41.9979133606, -139.020629883, 71.3268737793, -138.89932251, -21.358083725], [-2770.82836914, 981.077148438, 1090.43078613, 401.354217529, -45.7683143616, -22.5368518829, 170.286209106, -16.6445999146, -35.4699401855, -91.2859954834, 45.7529830933, -216.035171509, -28.0431976318], [-1526.30651855, 11.5673274994, 401.354217529, 632.605712891, 193.559585571, 91.3355407715, -53.6255607605, -73.5636367798, -11.5322713852, -18.1036701202, -3.52729177475, -70.7537994385, -4.61141633987], [-171.194610596, -96.2211532593, -45.7683143616, 193.559585571, 190.260818481, 56.5935630798, -99.808303833, -27.88879776, 12.0640277863, -7.84707975388, -22.0402393341, 37.1500663757, 2.92177534103], [-419.963745117, -148.858856201, -22.5368518829, 91.3355407715, 56.5935630798, 273.062011719, 153.997055054, -59.9248733521, -62.0590896606, 15.5599060059, -5.94277906418, -62.8456115723, -15.7917222977], [-578.741760254, 137.016067505, 170.286209106, -53.6255607605, -99.808303833, 153.997055054, 294.704925537, 50.1880187988, -66.0072937012, -27.9965858459, 19.7776737213, -110.014556885, -35.2614364624], [131.747940063, 21.7078285217, -16.6445999146, -73.5636367798, -27.88879776, -59.9248733521, 50.1880187988, 126.114715576, 41.338092804, -28.0658931732, -10.3475198746, 9.58858776093, -13.0294075012], [151.937362671, -41.9979133606, -35.4699401855, -11.5322713852, 12.0640277863, -62.0590896606, -66.0072937012, 41.338092804, 118.216407776, 64.5439147949, -19.5683422089, -6.44649076462, -5.29982376099], [212.916397095, -139.020629883, -91.2859954834, -18.1036701202, -7.84707975388, 15.5599060059, -27.9965858459, -28.0658931732, 64.5439147949, 112.490310669, 22.941368103, -26.0157222748, -20.2097911835], [-122.552330017, 71.3268737793, 45.7529830933, -3.52729177475, -22.0402393341, -5.94277906418, 19.7776737213, -10.3475198746, -19.5683422089, 22.941368103, 79.2627182007, 18.9730262756, -13.4487781525], [633.509338379, -138.89932251, -216.035171509, -70.7537994385, 37.1500663757, -62.8456115723, -110.014556885, 9.58858776093, -6.44649076462, -26.0157222748, 18.9730262756, 161.136489868, 54.9839706421], [92.2015533447, -21.358083725, -28.0431976318, -4.61141633987, 2.92177534103, -15.7917222977, -35.2614364624, -13.0294075012, -5.29982376099, -20.2097911835, -13.4487781525, 54.9839706421, 75.9146881104]],
        "icov": [[0.00139282061718, 0.00180422142148, 0.000790454563685, 0.00273149181157, -0.00132772745565, 0.00333990948275, -0.000843483780045, 0.00152829557192, 0.00067011808278, -0.000463677250082, 0.00123639206868, -0.00122784287669, 0.000921960163396], [0.00180422142148, 0.0121595840901, -0.00973998568952, 0.0141413016245, -0.0116126164794, 0.00747916195542, -0.00136918772478, 0.00783813651651, -0.00542109971866, 0.0114027783275, -0.00869524199516, 0.00343852653168, -0.000170952262124], [0.000790454563685, -0.00973998568952, 0.0181148666888, -0.0127925025299, 0.00959395896643, 0.00342908338644, -0.00645939027891, 0.00390841020271, -0.00473420973867, 0.00125219707843, 0.00198450963944, 0.00163222895935, -0.000598905957304], [0.00273149181157, 0.0141413016245, -0.0127925025299, 0.0217023808509, -0.0168209951371, 0.00678068259731, 0.00276869069785, 0.00504413526505, -0.000838667969219, 0.0082755535841, -0.00827015377581, 0.00463208882138, -0.00121210282668], [-0.00132772745565, -0.0116126164794, 0.00959395896643, -0.0168209951371, 0.0328453220427, -0.0225028302521, 0.0183337964118, -0.0165225248784, 0.00322881154716, -0.00455360254273, 0.00694829598069, -0.00514709297568, 0.00457464298233], [0.00333990948275, 0.00747916195542, 0.00342908338644, 0.00678068259731, -0.0225028302521, 0.0395117886364, -0.035181928426, 0.0310972966254, -0.00671956595033, 0.00035114356433, 0.00666354689747, -0.00651488918811, 0.00333088613115], [-0.000843483780045, -0.00136918772478, -0.00645939027891, 0.00276869069785, 0.0183337964118, -0.035181928426, 0.0479050129652, -0.0405130647123, 0.0211858712137, -0.00489859236404, -0.00919330120087, 0.0153450658545, -0.00687282951549], [0.00152829557192, 0.00783813651651, 0.00390841020271, 0.00504413526505, -0.0165225248784, 0.0310972966254, -0.0405130647123, 0.0604009144008, -0.0470377169549, 0.0403602384031, -0.0117053557187, -0.00424538366497, 0.00921483431011], [0.00067011808278, -0.00542109971866, -0.00473420973867, -0.000838667969219, 0.00322881154716, -0.00671956595033, 0.0211858712137, -0.0470377169549, 0.0722011625767, -0.0696493983269, 0.0382655449212, -0.0124383168295, -0.00160693703219], [-0.000463677250082, 0.0114027783275, 0.00125219707843, 0.0082755535841, -0.00455360254273, 0.00035114356433, -0.00489859236404, 0.0403602384031, -0.0696493983269, 0.093553468585, -0.059196356684, 0.0333985649049, -0.00499743316323], [0.00123639206868, -0.00869524199516, 0.00198450963944, -0.00827015377581, 0.00694829598069, 0.00666354689747, -0.00919330120087, -0.0117053557187, 0.0382655449212, -0.059196356684, 0.0630671083927, -0.0394227989018, 0.0177607350051], [-0.00122784287669, 0.00343852653168, 0.00163222895935, 0.00463208882138, -0.00514709297568, -0.00651488918811, 0.0153450658545, -0.00424538366497, -0.0124383168295, 0.0333985649049, -0.0394227989018, 0.0449583977461, -0.0229390151799], [0.000921960163396, -0.000170952262124, -0.000598905957304, -0.00121210282668, 0.00457464298233, 0.00333088613115, -0.00687282951549, 0.00921483431011, -0.00160693703219, -0.00499743316323, 0.0177607350051, -0.0229390151799, 0.0289342552423]]
    },
    "melbands": {
        "max": [0.000423875957495, 0.000174002329004, 0.000111302368168, 0.000453391345218, 0.0105075789616, 0.00659835198894, 0.0117347734049, 0.0126955304295, 0.0113600902259, 0.0135362762958, 0.014921288006, 0.00801986176521, 0.00454200617969, 0.00372932502069, 0.00453762151301, 0.00309803965501, 0.00223248079419, 0.00161122821737, 0.00228729331866, 0.00363282626495, 0.00142823404167, 0.00103182857856, 0.000376737472834, 0.00014187268971, 0.000121816512547, 5.85698908253e-05, 1.08131553134e-05, 3.45167882188e-06, 6.54068026051e-06, 5.277350283e-06, 2.57698707173e-06, 3.63185358765e-06, 4.68825601274e-06, 2.93674747809e-06, 3.88956777897e-06, 1.95835536942e-06, 1.32819764076e-06, 1.90448656667e-06, 1.8662143475e-06, 2.22032508645e-06],
        "mean": [6.78120777593e-05, 2.03609706659e-05, 5.97164398641e-06, 1.61859534273e-05, 6.62999300403e-05, 9.27392393351e-05, 0.000187008859939, 0.000279433093965, 0.000292088574497, 0.000308974238578, 0.00013396218128, 4.96983229823e-05, 3.31804221787e-05, 2.82561577478e-05, 3.53131727024e-05, 4.86256139993e-05, 3.62008649972e-05, 2.40376539296e-05, 2.61551303993e-05, 2.91514352284e-05, 2.05309352168e-05, 1.97557728825e-05, 1.1187524251e-05, 3.91785442844e-06, 2.60677893493e-06, 1.03461945855e-06, 2.75711187214e-07, 9.81326522265e-08, 1.37797741218e-07, 1.81172538305e-07, 9.60531494343e-08, 1.38305608743e-07, 1.25544374896e-07, 9.34701702704e-08, 7.54755475896e-08, 4.46785826114e-08, 4.14818863703e-08, 4.70081964465e-08, 4.53629098729e-08, 3.87600564977e-08],
        "min": [5.23523397078e-07, 3.57966627007e-07, 7.12771921485e-08, 6.92827200055e-08, 9.73371498958e-08, 1.02564413851e-07, 1.99705567638e-08, 1.06641095954e-07, 7.65843424233e-08, 3.85981593354e-08, 1.84729334052e-08, 1.08708384516e-08, 9.11400821479e-09, 6.30706020743e-09, 7.31201144077e-09, 1.38457378895e-08, 1.7727696644e-08, 9.71892522017e-09, 1.03187396405e-08, 1.18758558543e-08, 6.96207891338e-09, 1.11621378807e-08, 8.15701284296e-09, 7.53205764426e-09, 5.99532645751e-09, 2.89626833627e-09, 1.39564126922e-09, 1.03958130993e-09, 5.4203053157e-10, 6.6279587374e-10, 4.69128513814e-10, 6.89067913839e-10, 9.2133617402e-10, 4.46856301961e-10, 5.14428333265e-10, 5.86658832624e-10, 6.05750727356e-10, 5.56221235737e-10, 3.5519351349e-10, 1.92888649497e-10],
        "stdev": [4.80513917864e-05, 1.73969856405e-05, 7.07830940883e-06, 3.45573644154e-05, 0.000290594529361, 0.000327242305502, 0.000639526813757, 0.000882891356014, 0.00101402832661, 0.00127630517818, 0.00077531777788, 0.000307261914713, 0.000186561708688, 0.000151742264279, 0.000191258193809, 0.000209030462429, 0.000149761661305, 8.97213321878e-05, 0.000125174876302, 0.000169366583577, 8.68647694006e-05, 6.23805390205e-05, 3.2641179132e-05, 1.19791284305e-05, 8.50726064527e-06, 3.25706059812e-06, 7.46888872527e-07, 2.65950035327e-07, 3.34945667646e-07, 4.35202196059e-07, 2.11828449892e-07, 3.27084876517e-07, 3.32390015956e-07, 2.07796290397e-07, 1.79862880145e-07, 1.0774144954e-07, 9.39596276339e-08, 1.07231954871e-07, 1.02573572747e-07, 1.04501481246e-07]
    },
    "melbands128": {
        "max": [8.52691809996e-05, 0.000439587660367, 0.000609892420471, 0.000392380548874, 0.000153376895469, 0.000158660259331, 0.000147532788105, 0.000127926148707, 0.000114552130981, 0.000176415313035, 0.000943991122767, 0.0027275623288, 0.0178854204714, 0.0158938020468, 0.0045262100175, 0.0118929389864, 0.0227967724204, 0.0219257064164, 0.014184593223, 0.0263412352651, 0.0172831770033, 0.0200334452093, 0.0166930742562, 0.0249298922718, 0.0241084974259, 0.0220264680684, 0.0300611909479, 0.0185782648623, 0.0139959137887, 0.011914244853, 0.0134342759848, 0.00511975819245, 0.00809068605304, 0.0017264400376, 0.00404102634639, 0.00611514085904, 0.00628523109481, 0.0065187565051, 0.00531024020165, 0.00488658994436, 0.00501196552068, 0.00320049631409, 0.00413157371804, 0.00310704554431, 0.00185725162737, 0.0024569274392, 0.0028755008243, 0.00335551402532, 0.00288006197661, 0.00484716473147, 0.00596809200943, 0.00256006931886, 0.00196723686531, 0.00136137276422, 0.00178928289097, 0.00178358249832, 0.000888947688509, 0.000712800305337, 0.000453734654002, 0.000201981631108, 0.000235038634855, 0.000196036984562, 0.000148057195474, 0.000204604395549, 0.000101884994365, 0.000101076489955, 1.56663827511e-05, 1.10548189696e-05, 1.52634802362e-05, 7.82097049523e-06, 3.54517692358e-06, 3.68190399058e-06, 8.01235455583e-06, 7.03483647158e-06, 5.89498176851e-06, 7.38580729376e-06, 5.39893062523e-06, 3.87373302146e-06, 2.76193850368e-06, 2.15023169403e-06, 4.0711524889e-06, 5.07137110617e-06, 7.33867818781e-06, 6.74806733514e-06, 3.00837655232e-06, 3.64269271813e-06, 4.20149035563e-06, 7.10623362465e-06, 4.36140317106e-06, 1.39787096032e-06, 9.09678249172e-07, 3.69588656213e-06, 2.9281075058e-06, 1.30810337851e-06, 4.68818825539e-07, 1.04591197214e-06, 3.57840985998e-06, 2.40281724473e-06, 6.74580803661e-07, 3.94417020289e-06, 3.16789487442e-06, 2.02485102818e-06, 7.21722528851e-07, 6.48551690574e-07, 4.98081590194e-07, 4.12573740505e-07, 1.96427350829e-07, 2.27466429692e-07, 4.11637671505e-07, 5.82670281801e-07, 5.44570241345e-07, 1.74144531684e-06, 2.47480056714e-06, 1.40879308219e-06, 1.15839054615e-06, 9.42179497088e-07, 3.93603443172e-07, 1.32998136948e-08, 2.90114510193e-09, 4.8941695141e-10, 4.94426055653e-10, 4.99378260965e-10, 4.96709284814e-10, 4.9060555618e-10, 4.90562090949e-10, 4.85617102086e-10, 4.83994844203e-10, 4.83770079551e-10],
        "mean": [1.46655720528e-05, 9.0897170594e-05, 8.41295695864e-05, 3.66617714462e-05, 1.44433870446e-05, 9.10454582481e-06, 6.80504854245e-06, 4.69688302474e-06, 4.98742838317e-06, 7.79569290899e-06, 2.51022029261e-05, 5.56281120225e-05, 7.70418919274e-05, 8.29758719192e-05, 7.35800495022e-05, 0.000101085694041, 0.000150370062329, 0.000183589625522, 0.00025764098973, 0.000294276134809, 0.000284338166239, 0.000259639986325, 0.000278058258118, 0.000342372513842, 0.000347478169715, 0.000299879990052, 0.000217745560803, 0.00010884180665, 7.485516835e-05, 5.20687426615e-05, 4.26164224336e-05, 3.93716691178e-05, 3.47924615198e-05, 2.66733368335e-05, 2.56809616985e-05, 2.99225812341e-05, 3.06181937049e-05, 3.36917328241e-05, 3.8898022467e-05, 4.37910821347e-05, 5.72498429392e-05, 4.50111037935e-05, 3.98749070882e-05, 3.01150594169e-05, 2.22966391448e-05, 2.31029989664e-05, 2.51128385571e-05, 2.55723680311e-05, 2.58051804849e-05, 3.09879469569e-05, 3.10634204652e-05, 2.63476813416e-05, 2.09087538678e-05, 1.74658434844e-05, 2.00530303118e-05, 2.02939572773e-05, 2.04586776817e-05, 1.42687449625e-05, 7.8356524682e-06, 4.70017766929e-06, 3.76295952265e-06, 3.21827496919e-06, 2.86346721623e-06, 2.52326140071e-06, 2.09602399082e-06, 1.00185013707e-06, 3.73762389927e-07, 3.43820062199e-07, 2.61065054019e-07, 1.82113623737e-07, 9.48964427039e-08, 4.70077168302e-08, 8.07508371281e-08, 1.52630306616e-07, 2.07993480217e-07, 2.10795391808e-07, 1.64354091226e-07, 1.06821993029e-07, 7.7424303413e-08, 9.10368669338e-08, 1.2348426992e-07, 1.65236016869e-07, 1.65790467577e-07, 1.29905359358e-07, 7.9763026406e-08, 8.67796146053e-08, 1.00030746353e-07, 1.03724971723e-07, 8.75847945281e-08, 4.58197106923e-08, 2.53738132727e-08, 5.23255430096e-08, 6.18044921907e-08, 4.19689989428e-08, 2.63383306276e-08, 3.72353383682e-08, 5.8201475639e-08, 5.4027736951e-08, 3.10264667291e-08, 5.26303551851e-08, 5.42393863157e-08, 3.44316042344e-08, 2.33532038152e-08, 2.26538539039e-08, 1.77502954557e-08, 1.46900474007e-08, 1.12597504653e-08, 1.19855823044e-08, 1.29162618379e-08, 2.17036397743e-08, 2.45662974407e-08, 3.83642806412e-08, 5.09940107918e-08, 4.01501800695e-08, 4.08792111273e-08, 3.32016085736e-08, 1.56072896829e-08, 1.10537981546e-10, 8.73043477789e-12, 2.02311041184e-12, 1.98806249241e-12, 1.96469793559e-12, 1.93458053396e-12, 1.89608745371e-12, 1.88195834784e-12, 1.8661294298e-12, 1.85246848243e-12, 1.84393017348e-12],
        "min": [2.58775423312e-09, 4.56103776969e-07, 2.91895162263e-07, 5.96552297338e-07, 6.21495743758e-08, 3.39447581155e-08, 2.79593912467e-08, 2.09420107922e-08, 2.70364477473e-08, 3.2121263871e-08, 2.61271821955e-08, 2.82494951875e-08, 1.38911238068e-08, 4.76703903018e-08, 2.38977548861e-08, 1.91381133163e-08, 1.0312628973e-08, 9.51125755932e-09, 2.7467329744e-08, 5.58270585316e-08, 2.87701560353e-08, 3.57289096087e-08, 2.73981566323e-08, 2.11654622717e-08, 2.04171133333e-08, 1.11960041238e-08, 5.3141060441e-09, 8.59121396246e-09, 3.95628019234e-09, 3.72035002805e-09, 3.40401662413e-09, 2.35520447589e-09, 1.75263725755e-09, 1.00415342708e-09, 2.07473527247e-09, 3.18152126866e-09, 2.16106910145e-09, 1.74101999484e-09, 1.74047343204e-09, 3.41197869957e-09, 2.15526529956e-09, 5.47641576532e-09, 5.53776402512e-09, 6.64563692965e-09, 1.06824860069e-09, 4.09982137128e-09, 3.67760466524e-09, 3.8731489127e-09, 3.57171936471e-09, 5.04510122568e-09, 4.78185002706e-09, 2.32185826121e-09, 3.33948491082e-09, 3.22980042711e-09, 3.3232763208e-09, 4.57074067484e-09, 3.10964898276e-09, 2.50043119543e-09, 3.51293261147e-09, 2.10903672304e-09, 3.80779319187e-09, 2.950164113e-09, 3.44477912861e-09, 2.24054641507e-09, 2.32552621604e-09, 1.31670985226e-09, 3.5764713413e-10, 2.55458737497e-10, 2.57825177874e-10, 1.29206412236e-09, 1.51907555979e-10, 9.62385865444e-11, 2.53371795766e-10, 2.6668087183e-10, 4.53314746851e-10, 4.29659252621e-10, 3.53556767196e-10, 2.53712190146e-10, 1.32582278489e-10, 1.89254029115e-10, 2.47025427891e-10, 3.90332627331e-10, 7.22257587071e-10, 7.01111224632e-10, 2.69259337049e-10, 2.88052748321e-10, 3.13126691243e-10, 3.09569314627e-10, 3.51793705278e-10, 2.74564510017e-10, 1.8040202665e-10, 3.67451846728e-10, 6.9075850595e-10, 5.49499445945e-10, 2.13733669652e-10, 3.22745635772e-10, 4.12593598176e-10, 3.72009728578e-10, 1.61851462788e-10, 1.73164191319e-10, 2.4890617345e-10, 5.90356097341e-11, 5.47689602004e-11, 7.86526399565e-11, 6.0231555854e-11, 5.96334925884e-11, 6.95537030748e-11, 7.45684139436e-11, 6.52441156657e-11, 5.7736142256e-11, 7.96186380714e-11, 3.943408447e-11, 2.48812775938e-10, 1.71079109212e-10, 1.89806823037e-10, 1.82686449302e-10, 3.95136527664e-11, 8.76045926339e-14, 5.79009767649e-14, 5.22023491599e-14, 5.65978165756e-14, 6.55078205222e-14, 5.88097753547e-14, 6.17771960432e-14, 5.06865599839e-14, 6.52884118838e-14, 4.91358120641e-14, 6.12710565878e-14],
        "stdev": [1.11802828542e-05, 6.24497915851e-05, 6.53072056593e-05, 3.40896003763e-05, 1.74462074938e-05, 1.13192982099e-05, 1.0573245163e-05, 6.92417825121e-06, 8.15234761831e-06, 1.39859112096e-05, 6.74165348755e-05, 0.00015286038979, 0.000443865370471, 0.000540668144822, 0.000286320020678, 0.000491829705425, 0.000791352998931, 0.00083174475003, 0.00109143578447, 0.00125521316659, 0.00107503309846, 0.00119734578766, 0.0011988329934, 0.0016723445151, 0.00173619075213, 0.00161753001157, 0.0016590335872, 0.000824664253742, 0.00057228206424, 0.000395201524952, 0.000379506032914, 0.000260611792328, 0.000279756903183, 0.000127615989186, 0.000146923019201, 0.000209092482692, 0.000227287586313, 0.000221594993491, 0.000236284875427, 0.000261198612861, 0.000282599736238, 0.000214115221752, 0.000205618882319, 0.000143234065035, 9.42486221902e-05, 0.000105713719677, 0.000134101588628, 0.0001535974734, 0.000143169978401, 0.00020961771952, 0.000229587429203, 0.000149257364683, 0.00010216121882, 7.25818317733e-05, 8.80285078892e-05, 7.24520796211e-05, 6.71723173582e-05, 4.66556157335e-05, 2.55272534559e-05, 1.53094970301e-05, 1.35728023452e-05, 1.14333361125e-05, 1.0683522305e-05, 1.02435315057e-05, 7.31269756216e-06, 3.845403171e-06, 1.0539571349e-06, 9.99667804535e-07, 7.85701615769e-07, 5.24348990893e-07, 2.65207063421e-07, 1.82204303201e-07, 2.84974333908e-07, 3.80195587013e-07, 5.01729402913e-07, 5.68079826735e-07, 4.21399818151e-07, 2.7000126579e-07, 2.0403412293e-07, 2.28172496008e-07, 3.05747676066e-07, 4.38184969198e-07, 4.47288215355e-07, 4.08341350067e-07, 2.23561741564e-07, 2.17512877043e-07, 2.43672104716e-07, 2.93622150593e-07, 2.1594711086e-07, 1.0175360643e-07, 5.95762976729e-08, 1.47944192008e-07, 1.69609407408e-07, 1.07025002194e-07, 5.42838627382e-08, 8.47341752319e-08, 1.58424825258e-07, 1.25021259123e-07, 6.7295140127e-08, 1.48799415456e-07, 1.54601963231e-07, 1.04357098962e-07, 5.60717232645e-08, 5.36552526853e-08, 3.96360206878e-08, 3.58330574102e-08, 2.25689138489e-08, 2.4075744065e-08, 2.93257311768e-08, 5.0965233811e-08, 5.39098401475e-08, 1.03658379658e-07, 1.4989083752e-07, 9.9141502119e-08, 9.03665835494e-08, 7.41396348758e-08, 3.60540575173e-08, 5.83694759193e-10, 1.09843217855e-10, 1.61707973401e-11, 1.62805706416e-11, 1.63609594622e-11, 1.62556322569e-11, 1.60496772122e-11, 1.60060159571e-11, 1.58407037487e-11, 1.57766421455e-11, 1.57642943838e-11]
    },
    "mfcc": {
        "mean": [-823.72076416, 153.110977173, -5.46783781052, 4.74658203125, 11.4761981964, -11.1378412247, -16.9198913574, 4.14225625992, 2.58718705177, 8.62591743469, 18.3515319824, 10.1905374527, -0.99378746748],
        "cov": [[10313.7695312, -1715.43994141, -2881.02807617, -1538.21081543, -407.751953125, -571.836730957, -871.104492188, -140.907989502, 79.1670837402, -636.806274414, 154.356201172, -59.2754096985, 106.036209106], [-1715.43994141, 1335.1583252, 672.272094727, 89.8584747314, -128.191009521, -226.408782959, 47.4482345581, 55.8408813477, -54.013256073, -11.6039123535, -1.37636363506, 36.0428085327, -24.9139881134], [-2881.02807617, 672.272094727, 1005.9541626, 458.165802002, 2.5066819191, 72.3315734863, 227.911468506, 8.13893413544, -47.2971725464, 194.765914917, -58.6480979919, 43.1304855347, -47.5938110352], [-1538.21081543, 89.8584747314, 458.165802002, 479.282440186, 244.560852051, 43.0815429688, 16.5410633087, 1.38731348515, -28.8886165619, 65.3918457031, -32.2701301575, -35.4224319458, 21.0500392914], [-407.751953125, -128.191009521, 2.5066819191, 244.560852051, 343.777770996, 75.5418395996, -109.182312012, -18.9367389679, 1.67330574989, -55.4927139282, 0.34353530407, -84.3612060547, 57.2935791016], [-571.836730957, -226.408782959, 72.3315734863, 43.0815429688, 75.5418395996, 284.335510254, 157.552612305, -39.823223114, -3.52161812782, 79.1787948608, -21.6474761963, -5.81706571579, -24.8772163391], [-871.104492188, 47.4482345581, 227.911468506, 16.5410633087, -109.182312012, 157.552612305, 298.58013916, 76.680229187, -26.1784534454, 93.3136291504, -32.6858825684, 45.1726646423, -70.7771224976], [-140.907989502, 55.8408813477, 8.13893413544, 1.38731348515, -18.9367389679, -39.823223114, 76.680229187, 146.544784546, 25.4875335693, -40.5754394531, -16.8490085602, -0.865360677242, -16.1998100281], [79.1670837402, -54.013256073, -47.2971725464, -28.8886165619, 1.67330574989, -3.52161812782, -26.1784534454, 25.4875335693, 94.4001998901, 33.9823913574, 0.995933651924, -18.6331558228, 2.20966911316], [-636.806274414, -11.6039123535, 194.765914917, 65.3918457031, -55.4927139282, 79.1787948608, 93.3136291504, -40.5754394531, 33.9823913574, 204.312591553, 35.7824783325, 33.4269065857, -47.4993934631], [154.356201172, -1.37636363506, -58.6480979919, -32.2701301575, 0.34353530407, -21.6474761963, -32.6858825684, -16.8490085602, 0.995933651924, 35.7824783325, 97.7109146118, 37.3102035522, -5.75434589386], [-59.2754096985, 36.0428085327, 43.1304855347, -35.4224319458, -84.3612060547, -5.81706571579, 45.1726646423, -0.865360677242, -18.6331558228, 33.4269065857, 37.3102035522, 106.31300354, 9.25369548798], [106.036209106, -24.9139881134, -47.5938110352, 21.0500392914, 57.2935791016, -24.8772163391, -70.7771224976, -16.1998100281, 2.20966911316, -47.4993934631, -5.75434589386, 9.25369548798, 104.40512085]],
        "icov": [[0.00130983500276, 0.000768618949223, 0.00236169877462, 0.000327275512973, 0.00210165348835, 0.000968677690253, 0.00145197985694, 0.0011082412675, 0.000150655600009, 0.00170341797639, -0.000327267043758, 0.000267051334959, 0.000827579409815], [0.000768618949223, 0.00418105442077, -0.00436381483451, 0.00660712644458, -0.00317956809886, 0.00595200294629, -0.00119114981499, 0.00164322694764, 0.000411118235206, 0.00252869189717, -0.00171894859523, 0.0011459243251, 0.000451642350527], [0.00236169877462, -0.00436381483451, 0.016801206395, -0.0141220735386, 0.012864026241, -0.00548519846052, 0.00285662198439, 0.00279879849404, -0.00151305226609, 0.00103800510988, 0.00212302268483, -0.00150407012552, 0.00182540563401], [0.000327275512973, 0.00660712644458, -0.0141220735386, 0.0263710152358, -0.0212244149297, 0.0147024635226, -0.0032129297033, -0.000897478195839, 0.00652257818729, -0.00542797334492, 0.00415047770366, -0.000829585944302, 1.75530858542e-05], [0.00210165348835, -0.00317956809886, 0.012864026241, -0.0212244149297, 0.0323507264256, -0.0201080758125, 0.0166744552553, -0.00629212008789, 0.000167296879226, 0.00825852807611, -0.00903287064284, 0.00820847321302, -0.00243818527088], [0.000968677690253, 0.00595200294629, -0.00548519846052, 0.0147024635226, -0.0201080758125, 0.0295043587685, -0.0229487102479, 0.0187075603753, -0.00703634787351, 0.00275288592093, 0.00215633632615, -0.00182749447413, 0.00206424016505], [0.00145197985694, -0.00119114981499, 0.00285662198439, -0.0032129297033, 0.0166744552553, -0.0229487102479, 0.0352521911263, -0.0252855196595, 0.0167114883661, -0.00787531305104, 0.00353758619167, -0.000220030618948, 0.00182493973989], [0.0011082412675, 0.00164322694764, 0.00279879849404, -0.000897478195839, -0.00629212008789, 0.0187075603753, -0.0252855196595, 0.0322212576866, -0.0195963159204, 0.0151825519279, -0.00360490335152, -0.00160706439056, 0.00375791918486], [0.000150655600009, 0.000411118235206, -0.00151305226609, 0.00652257818729, 0.000167296879226, -0.00703634787351, 0.0167114883661, -0.0195963159204, 0.0280185583979, -0.0159029662609, 0.00569918751717, 0.0034222365357, -0.00335717550479], [0.00170341797639, 0.00252869189717, 0.00103800510988, -0.00542797334492, 0.00825852807611, 0.00275288592093, -0.00787531305104, 0.0151825519279, -0.0159029662609, 0.0244225878268, -0.0123863862827, 0.00155088549946, 0.00420951470733], [-0.000327267043758, -0.00171894859523, 0.00212302268483, 0.00415047770366, -0.00903287064284, 0.00215633632615, 0.00353758619167, -0.00360490335152, 0.00569918751717, -0.0123863862827, 0.0234848186374, -0.0113489245996, 0.00390710728243], [0.000267051334959, 0.0011459243251, -0.00150407012552, -0.000829585944302, 0.00820847321302, -0.00182749447413, -0.000220030618948, -0.00160706439056, 0.0034222365357, 0.00155088549946, -0.0113489245996, 0.020758472383, -0.00768684828654], [0.000827579409815, 0.000451642350527, 0.00182540563401, 1.75530858542e-05, -0.00243818527088, 0.00206424016505, 0.00182493973989, 0.00375791918486, -0.00335717550479, 0.00420951470733, 0.00390710728243, -0.00768684828654, 0.01620683074]]
    },
    "spectral_contrast_coeffs": {
        "max": [-0.346084564924, -0.464727312326, -0.408491551876, -0.557210445404, -0.491757661104, -0.741304039955],
        "mean": [-0.794173538685, -0.77493339777, -0.799700379372, -0.826064527035, -0.779205441475, -0.831347227097],
        "min": [-0.942338883877, -0.92978566885, -0.925159573555, -0.921322882175, -0.89218044281, -0.891208410263],
        "stdev": [0.0798234269023, 0.0896354913712, 0.0741842612624, 0.0652221888304, 0.0879508033395, 0.027273375541]
    },
    "spectral_contrast_valleys": {
        "max": [-6.83181715012, -4.88051700592, -4.60501527786, -5.52377939224, -6.75242996216, -9.43287944794],
        "mean": [-8.20060825348, -7.5228509903, -8.90233135223, -8.80230426788, -9.68569278717, -12.0419721603],
        "min": [-9.9595785141, -9.44291114807, -10.8017864227, -10.5483121872, -10.9380722046, -13.3455085754],
        "stdev": [0.417556107044, 0.928596794605, 1.20273113251, 1.24828577042, 0.985443592072, 0.98605132103]
    }
},
"rhythm": {
    "beats_count": 110,
    "beats_loudness": {
        "max": 0.182531893253,
        "mean": 0.0185148827732,
        "min": 0.000107219282654,
        "stdev": 0.0319999568164
    },
    "bpm": 128.569488525,
    "bpm_histogram_first_peak_bpm": 129,
    "bpm_histogram_first_peak_weight": 0.482758581638,
    "bpm_histogram_second_peak_bpm": 157,
    "bpm_histogram_second_peak_spread": 0.399999976158,
    "bpm_histogram_second_peak_weight": 0.0825688093901,
    "danceability": 1.2412610054,
    "onset_rate": 3.85546875,
    "beats_loudness_band_ratio": {
        "max": [0.781116485596, 0.615529954433, 0.952420473099, 0.575240433216, 0.648714184761, 0.162435546517],
        "mean": [0.206469386816, 0.122963182628, 0.431359529495, 0.118422150612, 0.137254670262, 0.0134131638333],
        "min": [0.000591262592934, 0.00228750263341, 0.0445054806769, 0.0014913660707, 0.000583062472288, 0.000601931707934],
        "stdev": [0.24337567389, 0.132618799806, 0.266501694918, 0.135957494378, 0.191430300474, 0.0280526336282]
    },
