{
"metadata": {
    "version": {
        "essentia": "2.1-beta5",
        "essentia_git_sha": "Undefined",
        "extractor": "music 2.0"
    },
    "audio_properties": {
        "analysis": {
            "equal_loudness": 0,
            "length": 12.7477550507,
            "sample_rate": 44100,
            "start_time": 0,
            "downmix": "mix"
        },
        "bit_rate": 192000,
        "length": 268.422668457,
        "lossless": 0,
        "number_channels": 2,
        "replay_gain": 3.80655860901,
        "sample_rate": 44100,
        "codec": "mp3",
        "md5_encoded": "403a9e3f8da70e4bddec6dc8f80eabbb"
    },
    "tags": {
        "file_name": "Germany_Sing, Sang, Song_Les Humphries Singers.mp3",
        "encoding": ["Lavf58.29.100"]
    }
},
"lowlevel": {
    "average_loudness": 0.256831020117,
    "barkbands_crest": {
        "max": 20.8921699524,
        "mean": 8.12601184845,
        "min": 2.92496275902,
        "stdev": 3.70565462112
    },
    "barkbands_flatness_db": {
        "max": 0.264451593161,
        "mean": 0.100895084441,
        "min": 0.0216799434274,
        "stdev": 0.0459221936762
    },
    "barkbands_kurtosis": {
        "max": 21.4171962738,
        "mean": 1.91458809376,
        "min": -1.4399728775,
        "stdev": 2.51433372498
    },
    "barkbands_skewness": {
        "max": 4.3710770607,
        "mean": -0.13549503684,
        "min": -2.07280111313,
        "stdev": 0.850045740604
    },
    "barkbands_spread": {
        "max": 49.4120063782,
        "mean": 18.4964408875,
        "min": 2.62727332115,
        "stdev": 7.51369667053
    },
    "dissonance": {
        "max": 0.499999970198,
        "mean": 0.474302858114,
        "min": 0.292243272066,
        "stdev": 0.037467751652
    },
    "dynamic_complexity": 3.79561400414,
    "erbbands_crest": {
        "max": 24.8144207001,
        "mean": 10.2090082169,
        "min": 3.06653141975,
        "stdev": 4.00207901001
    },
    "erbbands_flatness_db": {
        "max": 0.301589459181,
        "mean": 0.179695233703,
        "min": 0.0817477852106,
        "stdev": 0.0319080539048
    },
    "erbbands_kurtosis": {
        "max": 16.7174396515,
        "mean": 2.98601460457,
        "min": -1.34025323391,
        "stdev": 2.85514426231
    },
    "erbbands_skewness": {
        "max": 3.46415519714,
        "mean": 0.645092010498,
        "min": -1.57263791561,
        "stdev": 0.879103302956
    },
    "erbbands_spread": {
        "max": 67.5648880005,
        "mean": 16.2626056671,
        "min": 4.16399669647,
        "stdev": 7.5476732254
    },
    "hfc": {
        "max": 1638.47875977,
        "mean": 48.2185134888,
        "min": 1.10550994802e-16,
        "stdev": 150.686462402
    },
    "loudness_ebu128": {
        "integrated": -24.1434345245,
        "loudness_range": 7.40129470825,
        "momentary": {
            "max": -12.4369049072,
            "mean": -28.6505870819,
            "min": -40.4371566772,
            "stdev": 5.09193563461
        },
        "short_term": {
            "max": -20.3790035248,
            "mean": -25.6967868805,
            "min": -33.8856277466,
            "stdev": 3.63943958282
        }
    },
    "melbands_crest": {
        "max": 30.7162284851,
        "mean": 9.72921180725,
        "min": 1.74924623966,
        "stdev": 5.56041097641
    },
    "melbands_flatness_db": {
        "max": 0.354605555534,
        "mean": 0.137621805072,
        "min": 0.00488190306351,
        "stdev": 0.0769638195634
    },
    "melbands_kurtosis": {
        "max": 62.3392791748,
        "mean": 1.28153502941,
        "min": -1.41569757462,
        "stdev": 4.01863288879
    },
    "melbands_skewness": {
        "max": 6.70809078217,
        "mean": 0.186517715454,
        "min": -1.1234279871,
        "stdev": 0.828896820545
    },
    "melbands_spread": {
        "max": 156.165863037,
        "mean": 40.5619926453,
        "min": 4.17070484161,
        "stdev": 22.6128158569
    },
    "pitch_salience": {
        "max": 0.857391297817,
        "mean": 0.670874536037,
        "min": 0.226104527712,
        "stdev": 0.131525486708
    },
    "silence_rate_20dB": {
        "max": 1,
        "mean": 0.976363658905,
        "min": 0,
        "stdev": 0.151913583279
    },
    "silence_rate_30dB": {
        "max": 1,
        "mean": 0.974545478821,
        "min": 0,
        "stdev": 0.157500788569
    },
    "silence_rate_60dB": {
        "max": 1,
        "mean": 0.0945454537868,
        "min": 0,
        "stdev": 0.29258581996
    },
    "spectral_centroid": {
        "max": 11447.4521484,
        "mean": 1915.27478027,
        "min": 387.424713135,
        "stdev": 1340.52307129
    },
    "spectral_complexity": {
        "max": 57,
        "mean": 26.4872722626,
        "min": 0,
        "stdev": 13.895939827
    },
    "spectral_decrease": {
        "max": 1.36420322605e-28,
        "mean": -8.51516990252e-09,
        "min": -4.03785975323e-07,
        "stdev": 3.65310057759e-08
    },
    "spectral_energy": {
        "max": 1.67259550095,
        "mean": 0.0365117713809,
        "min": 1.02600276241e-20,
        "stdev": 0.151417180896
    },
    "spectral_energyband_high": {
        "max": 0.0126060834154,
        "mean": 0.000928159512114,
        "min": 7.33386732143e-21,
        "stdev": 0.00128506741021
    },
    "spectral_energyband_low": {
        "max": 0.00855169910938,
        "mean": 0.00126334000379,
        "min": 2.13881380209e-23,
        "stdev": 0.00092040724121
    },
    "spectral_energyband_middle_high": {
        "max": 0.68112295866,
        "mean": 0.0183729361743,
        "min": 1.13123421213e-21,
        "stdev": 0.0555990338326
    },
    "spectral_energyband_middle_low": {
        "max": 1.10669457912,
        "mean": 0.0165014714003,
        "min": 1.89258434427e-22,
        "stdev": 0.100700177252
    },
    "spectral_entropy": {
        "max": 9.81489467621,
        "mean": 7.74807548523,
        "min": 5.95549201965,
        "stdev": 0.496146172285
    },
    "spectral_flux": {
        "max": 1.24182426929,
        "mean": 0.0931906998158,
        "min": 6.57254320413e-11,
        "stdev": 0.112966775894
    },
    "spectral_kurtosis": {
        "max": 20.0414600372,
        "mean": 6.46761894226,
        "min": -1.23291409016,
        "stdev": 2.7500872612
    },
    "spectral_rms": {
        "max": 0.0403955504298,
        "mean": 0.00435762340203,
        "min": 3.16382402048e-12,
        "stdev": 0.0040782764554
    },
    "spectral_rolloff": {
        "max": 19143.0175781,
        "mean": 2334.71020508,
        "min": 107.666015625,
        "stdev": 2395.1171875
    },
    "spectral_skewness": {
        "max": 3.63368988037,
        "mean": 1.96643137932,
        "min": -0.0648091137409,
        "stdev": 0.457164615393
    },
    "spectral_spread": {
        "max": 41569884,
        "mean": 4547351.5,
        "min": 2585516.5,
        "stdev": 4722766
    },
    "spectral_strongpeak": {
        "max": 25.5516471863,
        "mean": 1.60972309113,
        "min": 0,
        "stdev": 2.08685493469
    },
    "zerocrossingrate": {
        "max": 0.5205078125,
        "mean": 0.0860191732645,
        "min": 0.01220703125,
        "stdev": 0.0631116777658
    },
    "barkbands": {
        "max": [0.00739823887125, 0.00635768985376, 0.00283062155358, 0.00235495669767, 0.0106746377423, 0.0210087113082, 0.0936182141304, 0.298284858465, 1.02365207672, 0.463543206453, 0.0717997997999, 0.147968143225, 0.260641753674, 0.207402646542, 0.151391088963, 0.0269296448678, 0.0663783103228, 0.0341602489352, 0.021796412766, 0.0028919109609, 0.00640860712156, 0.00291528576054, 0.00142138381489, 0.00106212566607, 0.000643220962957, 0.000650417176075, 0.000220985661144],
        "mean": [0.000112968780741, 0.00106175069232, 8.02670037956e-05, 5.60351691092e-05, 0.000314203207381, 0.000573059543967, 0.00131448311731, 0.00406502140686, 0.00867664813995, 0.00225297920406, 0.000932478229515, 0.00162872194778, 0.00355079839937, 0.00371318566613, 0.00245980499312, 0.00112002494279, 0.0021818978712, 0.000928408000618, 0.000408208637964, 0.000198016074137, 0.000286014168523, 0.000193272091565, 0.000128924264573, 0.000131151726237, 5.69210860704e-05, 8.08169934317e-05, 5.61511160413e-06],
        "min": [2.86060468819e-24, 2.0561186178e-24, 3.78438979884e-24, 4.57322151621e-24, 1.3300319502e-23, 1.76331680007e-23, 8.65676866956e-24, 1.82997365329e-23, 1.77211244139e-23, 2.4336223242e-23, 2.68133411477e-23, 4.60808964154e-23, 7.18546135533e-23, 4.76293199318e-23, 5.56974358607e-23, 6.27865501627e-23, 1.07371037394e-22, 7.91490651935e-23, 2.07600119428e-22, 2.49631133329e-22, 3.83423937095e-22, 3.06126902737e-22, 5.09045252599e-22, 6.30834572126e-22, 9.41892549718e-22, 1.3816857608e-21, 2.06323179552e-21],
        "stdev": [0.000423565157689, 0.000697751180269, 0.000169712337083, 0.000168081125594, 0.000802445691079, 0.00187135185115, 0.00614430755377, 0.0209289751947, 0.0751650705934, 0.0219227336347, 0.00515247927979, 0.0106883551925, 0.0179374068975, 0.0101647870615, 0.00822383258492, 0.00222196383402, 0.0054303468205, 0.00241189985536, 0.00158176722471, 0.000333417527145, 0.000508678378537, 0.00029990891926, 0.000169175749761, 0.000151108848513, 7.50153922127e-05, 9.75762304734e-05, 1.56577843882e-05]
    },
    "erbbands": {
        "max": [0.233374744654, 1.26833319664, 4.28320741653, 4.48205661774, 35.814250946, 21.2351036072, 195.662490845, 162.293457031, 1301.74658203, 6056.51220703, 6940.18066406, 18822.203125, 18856.5664062, 2919.61865234, 3528.29101562, 6020.54296875, 10228.2470703, 10230.8466797, 7029.44189453, 6989.08935547, 1793.38317871, 3714.09716797, 1924.07446289, 1569.37451172, 421.841918945, 126.626502991, 228.711746216, 195.389465332, 140.468734741, 54.6324958801, 38.8471755981, 24.7462291718, 17.0609779358, 8.14747142792, 4.91627645493, 2.09439229965, 1.43780589104, 0.496211856604, 0.0395783409476, 0.00403458578512],
        "mean": [0.0525966063142, 0.149064451456, 0.109166197479, 0.149045467377, 0.346721053123, 1.04660093784, 4.08309984207, 4.63492584229, 16.5771312714, 52.0939598083, 93.6431503296, 154.69821167, 169.343887329, 43.8080711365, 36.43542099, 77.3923721313, 155.620010376, 191.652648926, 161.043869019, 90.6390380859, 72.352722168, 121.886405945, 68.6821060181, 23.1193580627, 19.3480491638, 8.97913837433, 11.6767482758, 8.35094165802, 8.590051651, 4.29616832733, 3.52699637413, 2.88022470474, 2.06503224373, 0.932279586792, 0.258821278811, 0.150414422154, 0.177376687527, 0.0453454069793, 0.00103442010004, 8.01979113021e-05],
        "min": [1.63286243041e-22, 6.39338063544e-22, 3.41668648382e-21, 9.26120622661e-21, 3.29155263639e-20, 5.73425575935e-20, 1.41473643668e-19, 1.35574372485e-19, 7.9203118801e-20, 3.58594246823e-19, 3.30497222011e-19, 4.79848765812e-19, 1.0471250423e-18, 5.34907510046e-19, 1.29884509829e-18, 2.2105270701e-18, 3.56998744669e-18, 2.45603510309e-18, 2.41063260683e-18, 3.6203792896e-18, 5.94116891497e-18, 5.09102742297e-18, 5.95957947386e-18, 8.69134386041e-18, 1.08168671624e-17, 1.22505456991e-17, 1.50259790181e-17, 1.46980085227e-17, 1.06531846628e-17, 1.37831748894e-17, 1.5055348893e-17, 1.18976754129e-17, 1.19566798603e-17, 9.58726070033e-18, 7.7281300874e-18, 4.77268076038e-18, 2.34334890862e-18, 1.11695387185e-18, 2.92405658201e-19, 3.05233200324e-20],
        "stdev": [0.0311465766281, 0.125053673983, 0.236506253481, 0.328862935305, 1.64967477322, 2.26898002625, 15.7203826904, 13.6058263779, 89.5045394897, 292.20413208, 601.644104004, 1275.01879883, 1472.92932129, 242.113021851, 250.683898926, 489.063995361, 773.58215332, 570.307800293, 417.753051758, 322.789764404, 145.770355225, 297.487762451, 173.748977661, 108.110946655, 39.4999771118, 14.8051605225, 20.2286491394, 15.5078887939, 13.5491342545, 5.9024477005, 4.60904598236, 3.55972599983, 2.43310260773, 1.11433494091, 0.451115727425, 0.221985429525, 0.21760840714, 0.0574640780687, 0.00263564498164, 0.000296949787298]
    },
    "gfcc": {
        "mean": [-14.5815877914, 50.9135437012, -136.639526367, 6.64788341522, -46.3921890259, 19.569229126, -34.7054481506, 18.6602973938, -2.00760412216, 21.0190391541, -11.5023965836, 8.93378734589, -14.2475709915],
        "cov": [[32982.2539062, -931.242736816, -4568.22265625, 46.8898506165, -691.62097168, 704.258300781, -981.538269043, 146.356079102, -176.845565796, 591.882080078, -340.555786133, 423.233520508, -191.770095825], [-931.242736816, 1508.3951416, 764.611816406, -149.720046997, -316.982818604, -243.357437134, 103.699295044, 138.601318359, 61.1846199036, -73.7467193604, 44.8350906372, -131.750747681, -84.2320480347], [-4568.22265625, 764.611816406, 1031.38757324, -7.14724826813, -90.9569625854, -206.253479004, 178.049819946, 43.152545929, 47.382144928, -109.793495178, 57.3376083374, -130.325271606, -24.7133750916], [46.8898506165, -149.720046997, -7.14724826813, 161.033447266, 59.563621521, 32.9383392334, -30.5519809723, -5.59395551682, -2.20383262634, 12.0430717468, -6.29239606857, 14.1422672272, -0.866908669472], [-691.62097168, -316.982818604, -90.9569625854, 59.563621521, 173.60836792, 64.3560562134, -29.7918949127, -44.7816200256, -6.53462171555, 1.06350207329, 5.62079334259, 32.30493927, 27.7612514496], [704.258300781, -243.357437134, -206.253479004, 32.9383392334, 64.3560562134, 147.282836914, 11.3371286392, -19.9262313843, -24.1238327026, 12.3502655029, -26.3196372986, 30.3891563416, 10.8922958374], [-981.538269043, 103.699295044, 178.049819946, -30.5519809723, -29.7918949127, 11.3371286392, 149.407272339, 33.641910553, -10.6457300186, -38.8543663025, -12.2501869202, -33.005405426, 2.6365582943], [146.356079102, 138.601318359, 43.152545929, -5.59395551682, -44.7816200256, -19.9262313843, 33.641910553, 79.5106582642, 32.2351341248, -8.25381565094, -4.91598463058, -16.558303833, -12.7885780334], [-176.845565796, 61.1846199036, 47.382144928, -2.20383262634, -6.53462171555, -24.1238327026, -10.6457300186, 32.2351341248, 60.0835533142, 24.6301460266, 6.15058517456, -14.9079999924, -11.1808729172], [591.882080078, -73.7467193604, -109.793495178, 12.0430717468, 1.06350207329, 12.3502655029, -38.8543663025, -8.25381565094, 24.6301460266, 59.5349349976, 9.4084405899, 3.60675859451, -6.41771364212], [-340.555786133, 44.8350906372, 57.3376083374, -6.29239606857, 5.62079334259, -26.3196372986, -12.2501869202, -4.91598463058, 6.15058517456, 9.4084405899, 40.0447044373, 11.2031822205, 2.34849262238], [423.233520508, -131.750747681, -130.325271606, 14.1422672272, 32.30493927, 30.3891563416, -33.005405426, -16.558303833, -14.9079999924, 3.60675859451, 11.2031822205, 62.4245948792, 26.7299118042], [-191.770095825, -84.2320480347, -24.7133750916, -0.866908669472, 27.7612514496, 10.8922958374, 2.6365582943, -12.7885780334, -11.1808729172, -6.41771364212, 2.34849262238, 26.7299118042, 39.8836364746]],
        "icov": [[0.000475775217637, -0.000682908983435, 0.00223252596334, -0.00103897019289, 0.00248741731048, -0.000930332753342, 0.00135644141119, -0.000863397901412, 0.00125595985446, -0.000904425280169, 0.00083458860172, -0.000192248597159, 0.000648587127216], [-0.000682908983435, 0.00349717005156, -0.00618414394557, 0.00417657615617, -0.0018520593876, 0.000590340059716, 0.0010169679299, -0.00360289704986, 0.00209909700789, -0.00174065225292, 0.000820063520223, -0.00191248802003, 0.00180834752973], [0.00223252596334, -0.00618414394557, 0.0247076842934, -0.0172468591481, 0.0175530556589, -0.00139993592165, -0.00554271275178, 0.0173772983253, -0.0215818844736, 0.0285793431103, -0.024051329121, 0.0213604904711, -0.00763932848349], [-0.00103897019289, 0.00417657615617, -0.0172468591481, 0.021010203287, -0.0140705779195, -2.26140782615e-05, 0.00832047406584, -0.0196252316236, 0.0238996129483, -0.0290369540453, 0.0247020944953, -0.0199688579887, 0.0105083640665], [0.00248741731048, -0.0018520593876, 0.0175530556589, -0.0140705779195, 0.0323367714882, -0.0107355155051, 0.00517549738288, 0.0109934816137, -0.0159855205566, 0.0227414444089, -0.0193414930254, 0.0146633228287, -0.00728450249881], [-0.000930332753342, 0.000590340059716, -0.00139993592165, -2.26140782615e-05, -0.0107355155051, 0.0188845489174, -0.0112197883427, 0.00444430345669, -0.000564209360164, -0.00308776297607, 0.00688282540068, -0.00653328187764, 0.00370570691302], [0.00135644141119, 0.0010169679299, -0.00554271275178, 0.00832047406584, 0.00517549738288, -0.0112197883427, 0.0272266790271, -0.0253732353449, 0.0277742128819, -0.0214793458581, 0.0192784257233, -0.00679680192843, 0.00269215879962], [-0.000863397901412, -0.00360289704986, 0.0173772983253, -0.0196252316236, 0.0109934816137, 0.00444430345669, -0.0253732353449, 0.060824777931, -0.063444070518, 0.0605232603848, -0.0418681465089, 0.0286536738276, -0.0138898612931], [0.00125595985446, 0.00209909700789, -0.0215818844736, 0.0238996129483, -0.0159855205566, -0.000564209360164, 0.0277742128819, -0.063444070518, 0.0979750901461, -0.0901050493121, 0.0616783611476, -0.0405726544559, 0.0232474058867], [-0.000904425280169, -0.00174065225292, 0.0285793431103, -0.0290369540453, 0.0227414444089, -0.00308776297607, -0.0214793458581, 0.0605232603848, -0.0901050493121, 0.120996303856, -0.0858349725604, 0.0616626143456, -0.0271687302738], [0.00083458860172, 0.000820063520223, -0.024051329121, 0.0247020944953, -0.0193414930254, 0.00688282540068, 0.0192784257233, -0.0418681465089, 0.0616783611476, -0.0858349725604, 0.104835793376, -0.065827049315, 0.0296853557229], [-0.000192248597159, -0.00191248802003, 0.0213604904711, -0.0199688579887, 0.0146633228287, -0.00653328187764, -0.00679680192843, 0.0286536738276, -0.0405726544559, 0.0616626143456, -0.065827049315, 0.0780494809151, -0.0408312231302], [0.000648587127216, 0.00180834752973, -0.00763932848349, 0.0105083640665, -0.00728450249881, 0.00370570691302, 0.00269215879962, -0.0138898612931, 0.0232474058867, -0.0271687302738, 0.0296853557229, -0.0408312231302, 0.0546944774687]]
    },
    "melbands": {
        "max": [0.00184830417857, 0.0019647735171, 0.00165982858744, 0.00195520138368, 0.00506279245019, 0.0047079641372, 0.0174939651042, 0.0731142312288, 0.0712226480246, 0.149047851562, 0.0919174104929, 0.0102333091199, 0.00876497291028, 0.0207217279822, 0.0245594158769, 0.0282437093556, 0.0219881366938, 0.0114265345037, 0.0144500704482, 0.00344826397486, 0.00227344944142, 0.00372590380721, 0.00361278932542, 0.000573414727114, 0.00144836609252, 0.000524203118403, 0.000179184193257, 6.9293040724e-05, 9.83296267805e-05, 0.000232255886658, 8.09708362794e-05, 8.15284220153e-05, 5.52932724531e-05, 3.23943822877e-05, 2.58657801169e-05, 1.47412456499e-05, 1.39475141623e-05, 1.42727631101e-05, 6.95842982168e-06, 6.78262313158e-06],
        "mean": [0.000364218256436, 9.46561558521e-05, 3.09243259835e-05, 4.4066022383e-05, 0.000124302663608, 0.000116484814498, 0.000243978414801, 0.000640101148747, 0.000813614227809, 0.00113616895396, 0.000844875059556, 0.000156027599587, 0.000114412498078, 0.000151930566062, 0.0002815000189, 0.000367273809388, 0.000358184042852, 0.000269784592092, 0.000176182482392, 7.56580484449e-05, 8.64736430231e-05, 0.000124293612316, 0.000111588968139, 3.0302147934e-05, 1.69921695488e-05, 1.47443670357e-05, 1.22540577649e-05, 3.94652943214e-06, 5.75031162953e-06, 9.04661828827e-06, 3.13595978696e-06, 4.98404187965e-06, 3.49140873368e-06, 2.32944262279e-06, 2.41411839852e-06, 1.64421521731e-06, 1.53979601691e-06, 1.53333166963e-06, 1.066622076e-06, 6.41205986085e-07],
        "min": [1.30343733889e-24, 1.5684733038e-24, 3.73921291809e-24, 2.15352459858e-24, 4.96648406025e-24, 3.02267063914e-24, 1.1892243807e-24, 4.34917318621e-24, 2.57187962473e-24, 2.62309819394e-24, 4.78749585959e-24, 1.58911947002e-24, 4.10431904427e-24, 4.75594694541e-24, 5.90284617753e-24, 7.29385052816e-24, 4.16716325386e-24, 3.73567172149e-24, 4.11601154061e-24, 4.20394389356e-24, 5.64619698733e-24, 5.495793556e-24, 6.52811192493e-24, 4.04090961585e-24, 7.08661519064e-24, 8.99160699166e-24, 6.64373132351e-24, 7.57524273508e-24, 9.05559781057e-24, 5.61556788497e-24, 7.69583037964e-24, 4.84876195293e-24, 6.74621855459e-24, 7.59436630115e-24, 7.82036548416e-24, 7.6591956792e-24, 6.02347839273e-24, 7.32587670319e-24, 7.50425787539e-24, 7.53997276401e-24],
        "stdev": [0.000229543860769, 0.000124821497593, 9.33978662943e-05, 0.000110661996587, 0.000428465893492, 0.000398162868805, 0.00120501639321, 0.00357844587415, 0.00575914978981, 0.00993658602238, 0.0073958998546, 0.00079830235336, 0.00071235850919, 0.00116755312774, 0.00169665296562, 0.00178119703196, 0.00109715899453, 0.00068631360773, 0.000690740242135, 0.00018446269678, 0.000175769833731, 0.000290225463687, 0.00033216146403, 6.31386283203e-05, 9.75480288616e-05, 4.1601506382e-05, 1.99188998522e-05, 7.29536623112e-06, 1.0382947039e-05, 1.66717545653e-05, 6.61662033963e-06, 7.994644875e-06, 5.53616018806e-06, 3.17477451972e-06, 3.29591421178e-06, 2.05267883757e-06, 1.92826337297e-06, 1.88878436802e-06, 1.20528613934e-06, 8.05850731922e-07]
    },
    "melbands128": {
        "max": [0.00318548455834, 0.00221183756366, 0.00277317361906, 0.0025992593728, 0.0028957799077, 0.000915401265956, 0.0010672948556, 0.00171705731191, 0.00484901992604, 0.00207026535645, 0.00109870068263, 0.00489888340235, 0.00872115790844, 0.00782251730561, 0.00244462536648, 0.00304551841691, 0.0224465094507, 0.0262376647443, 0.0065836510621, 0.0830289945006, 0.117722474039, 0.0497726798058, 0.117914095521, 0.134473383427, 0.0410933308303, 0.328550219536, 0.263617962599, 0.175317376852, 0.0280812699348, 0.0104028023779, 0.0102664325386, 0.0121689569205, 0.00919918064028, 0.0128920339048, 0.0237049963325, 0.0300191957504, 0.0237573776394, 0.037801515311, 0.0314898788929, 0.0412248522043, 0.0598269067705, 0.0236189439893, 0.0269519872963, 0.0316858962178, 0.010001800023, 0.0139356618747, 0.0173367690295, 0.013298612088, 0.0223892908543, 0.00329204811715, 0.0020675198175, 0.00144789740443, 0.0022245857399, 0.00319637707435, 0.0025602793321, 0.00373152666725, 0.00547375530005, 0.00733457226306, 0.00451611820608, 0.000862673972733, 0.000594441662543, 0.000564044807106, 0.0019887953531, 0.00187360483687, 0.00114635122009, 0.000679008546285, 0.000231644240557, 0.000191888728295, 0.000263141759206, 0.000113947833597, 9.30243331823e-05, 9.5343166322e-05, 8.18927583168e-05, 0.000163620512467, 0.000157655362273, 0.000369096349459, 0.000197725428734, 9.31552494876e-05, 0.000111957415356, 8.66863483679e-05, 7.75601656642e-05, 0.000130379688926, 0.00010066905088, 6.91308014211e-05, 2.0731913537e-05, 2.53567668551e-05, 5.14407875016e-05, 4.89227677463e-05, 3.81618847314e-05, 1.85344615602e-05, 1.21971115732e-05, 1.92944535229e-05, 4.97511609865e-05, 2.16102562263e-05, 1.41402142617e-05, 1.3113642126e-05, 2.43238919211e-05, 1.740839798e-05, 6.92265621183e-06, 1.07165051304e-05, 1.53151013365e-05, 4.92155322718e-06, 7.38385460863e-06, 1.22127312352e-05, 7.12195515007e-06, 4.83127905682e-06, 3.63723302144e-06, 3.2441764688e-06, 3.4639358546e-06, 5.46429419046e-06, 6.83862845108e-06, 5.96023755861e-06, 9.00345185073e-06, 5.28398186361e-06, 7.5343627941e-06, 1.02131980384e-05, 3.69570216208e-06, 7.85439567608e-07, 1.09790698843e-06, 2.09392646866e-06, 1.05529727534e-06, 5.05105617776e-07, 5.37187986538e-07, 6.29495332305e-07, 4.32205837342e-07, 2.14065110526e-07, 1.60242421998e-07, 1.70341209582e-07],
        "mean": [9.3663125881e-05, 0.000499173766002, 0.000443876866484, 0.000179167589522, 6.12918011029e-05, 3.65082596545e-05, 2.86250942736e-05, 2.82249293377e-05, 3.63740909961e-05, 3.1348583434e-05, 5.0510319852e-05, 0.000103765225504, 0.000161394811585, 0.00013604554988, 7.3952251114e-05, 9.19706217246e-05, 0.000258719577687, 0.000273108948022, 0.000224578005145, 0.000584271503612, 0.000960897014011, 0.000479113339679, 0.000992103596218, 0.000918327248655, 0.00042379819206, 0.00173890660517, 0.00165836373344, 0.000675220333505, 0.000218554196181, 0.00010807558283, 0.000185415905435, 0.000142626318848, 8.38193009258e-05, 0.000116118790174, 0.000122263198136, 0.000162769661983, 0.000192018022062, 0.000322221138049, 0.000268663075985, 0.000377873220714, 0.000419180229073, 0.000315594050335, 0.000358218938345, 0.000403127371101, 0.00028837134596, 0.000246743642492, 0.000245612085564, 0.000191005718079, 0.000152896842337, 8.77840720932e-05, 6.15217140876e-05, 6.30229333183e-05, 8.33670565044e-05, 9.38964003581e-05, 0.000103570593637, 0.000122993835248, 0.000143712997669, 0.00015021119907, 9.47509761318e-05, 4.87180732307e-05, 2.54891583609e-05, 1.62426131283e-05, 1.73493772309e-05, 1.75130444404e-05, 1.62991691468e-05, 1.43040424518e-05, 1.37730303322e-05, 1.50159894474e-05, 1.25965034385e-05, 7.77134573582e-06, 3.82426969736e-06, 1.61788716468e-06, 2.7039525321e-06, 6.43754674456e-06, 9.17936722544e-06, 1.10703795144e-05, 8.73374119692e-06, 4.25957841799e-06, 1.78973016318e-06, 2.24353379963e-06, 4.59163084088e-06, 6.35863762e-06, 5.88782086197e-06, 3.4471863728e-06, 1.15019793157e-06, 1.34768060889e-06, 3.00020974464e-06, 3.78319100491e-06, 2.84751308754e-06, 1.03486365788e-06, 7.73849762936e-07, 1.93918185687e-06, 2.92097161037e-06, 1.5901163124e-06, 5.52211417926e-07, 1.21946857234e-06, 2.10551388591e-06, 1.58157638452e-06, 6.11083180502e-07, 1.14103079341e-06, 1.20659251479e-06, 3.50805265725e-07, 2.83322151517e-07, 3.18297992408e-07, 2.99416200278e-07, 2.23416606104e-07, 2.04695894013e-07, 2.54732128724e-07, 2.03749095817e-07, 2.58687634869e-07, 3.43971350958e-07, 3.54533398195e-07, 8.04950957445e-07, 6.19966385784e-07, 7.9372438222e-07, 7.01890087385e-07, 1.99893264607e-07, 6.68347066579e-09, 7.0746914993e-09, 1.03384287797e-08, 6.19191320439e-09, 3.33254557283e-09, 3.0951536889e-09, 3.352090161e-09, 2.50708254157e-09, 1.7780185102e-09, 1.47160650332e-09, 1.60199908894e-09],
        "min": [1.37198392813e-24, 1.34217543832e-24, 3.98186811026e-25, 2.65342511327e-25, 1.0468608225e-24, 2.11858693517e-24, 7.53717151893e-25, 2.85543725483e-24, 9.05077668715e-25, 6.18881150972e-25, 3.56474173498e-24, 4.80449817868e-24, 3.89649797753e-24, 4.63752669619e-24, 1.53082324077e-24, 3.40347282936e-25, 4.02779879691e-25, 3.058562134e-25, 1.42075978955e-24, 1.92482376418e-24, 4.7704249096e-24, 3.06573613368e-24, 1.29553117768e-24, 6.6158307924e-25, 2.0298720322e-24, 1.98613324488e-24, 1.25761546574e-24, 3.53525332548e-24, 2.24299601916e-24, 1.07341131677e-24, 1.53976517634e-24, 1.79409610155e-24, 1.44115223838e-24, 3.78325620572e-24, 1.4345183126e-24, 3.26280364578e-24, 2.01122809356e-24, 4.00037597039e-24, 4.17667297207e-24, 5.24220120182e-24, 5.58012397006e-24, 4.89199508041e-24, 2.77295474744e-24, 1.88893572059e-24, 1.23155219168e-24, 1.97201953721e-24, 1.8682977388e-24, 3.26473300234e-24, 2.20888429311e-24, 2.41297601993e-24, 2.16677765901e-24, 4.13503373805e-24, 4.22287458314e-24, 3.97676063033e-24, 1.9914194018e-24, 2.29890259151e-24, 2.01979748958e-24, 4.88682804148e-24, 2.47241609749e-24, 5.02269316076e-24, 2.78683791051e-24, 1.90569566217e-24, 3.1311569602e-24, 5.19496657739e-24, 7.27935520903e-24, 5.49349520976e-24, 3.71193095255e-24, 4.35393908937e-24, 3.97403353818e-24, 5.33885362322e-24, 7.66423650038e-24, 5.1230283793e-24, 6.369434526e-24, 5.4575933611e-24, 3.97578125951e-24, 5.43012404109e-24, 4.19950102894e-24, 5.23290920921e-24, 9.87611885937e-24, 3.30691122557e-24, 4.96169725228e-24, 3.2426397694e-24, 5.31745537673e-24, 7.02556682291e-24, 5.35584765927e-24, 3.41093831315e-24, 5.34788686944e-24, 6.23087978547e-24, 6.14708855784e-24, 5.39035598513e-24, 5.73552522966e-24, 7.97172895921e-24, 5.36531754e-24, 6.56598671472e-24, 4.67294812856e-24, 5.67018388088e-24, 6.51186336244e-24, 9.34677662588e-24, 4.18367450703e-24, 7.57020822478e-24, 4.47140600019e-24, 5.37479136504e-24, 6.27369166123e-24, 6.71472249409e-24, 6.65738098375e-24, 7.14298403548e-24, 6.42860540478e-24, 5.35721593851e-24, 5.04954716927e-24, 4.49423997352e-24, 8.43584265102e-24, 5.56256471518e-24, 5.01801955433e-24, 5.87273811779e-24, 6.55813597099e-24, 7.07384905461e-24, 7.05625114554e-24, 5.94548529275e-24, 7.65131022559e-24, 5.18053357827e-24, 7.1656416984e-24, 7.60179263771e-24, 6.53797820828e-24, 6.19949219334e-24, 6.84750435052e-24, 7.91357492214e-24, 8.63785494049e-24, 8.10581401385e-24],
        "stdev": [0.000196342036361, 0.000294088968076, 0.000294761528494, 0.00020841541118, 0.000158546259627, 7.10553576937e-05, 6.01189130975e-05, 0.000109083615826, 0.000219435460167, 9.45231731748e-05, 0.000115017210192, 0.000309753086185, 0.000680420373101, 0.000660641060676, 0.000163906166563, 0.0002072447096, 0.00165148510132, 0.0016127206618, 0.000675413990393, 0.00382639886811, 0.00585179356858, 0.00309007335454, 0.00865696649998, 0.00842727348208, 0.00271479855292, 0.018636289984, 0.0164039377123, 0.00803566444665, 0.00163896463346, 0.000600935250986, 0.000934908923227, 0.000755018380005, 0.000685550330672, 0.000888092385139, 0.00116365752183, 0.00152032612823, 0.00136652379297, 0.00222622510046, 0.00171143456828, 0.00247677927837, 0.00283303949982, 0.00111442385241, 0.00122060161084, 0.00147309200838, 0.000697570038028, 0.000713589950465, 0.00091022514971, 0.000666165258735, 0.000967833620962, 0.000194224368897, 0.000136296846904, 0.000137530907523, 0.000189958809642, 0.000209734789678, 0.000198182198801, 0.000284755806206, 0.000422133191023, 0.000552974117454, 0.000305034802295, 9.71175322775e-05, 4.72423635074e-05, 4.82921968796e-05, 0.000124281883473, 0.000124741942273, 8.14442828414e-05, 4.5099775889e-05, 2.36701689573e-05, 2.55627928709e-05, 2.36156683968e-05, 1.24499765661e-05, 8.22596120997e-06, 6.09886774328e-06, 6.34567004454e-06, 1.30851312861e-05, 1.58434813784e-05, 2.30170899158e-05, 1.71690244315e-05, 8.44138867251e-06, 6.33504623693e-06, 5.86645774092e-06, 8.00745874585e-06, 1.1255251593e-05, 9.86307441053e-06, 6.21887465968e-06, 1.80547829132e-06, 2.1570097033e-06, 4.45031855634e-06, 5.54865664526e-06, 4.1800794861e-06, 1.70297528257e-06, 1.17781792142e-06, 2.5400904633e-06, 4.86635872221e-06, 2.13945463656e-06, 9.65498657024e-07, 1.63761376371e-06, 2.73413593277e-06, 2.07514926842e-06, 7.61870524002e-07, 1.40874965382e-06, 1.60942727234e-06, 5.29378553438e-07, 4.95388007948e-07, 8.0476598896e-07, 5.94985351654e-07, 4.20945752921e-07, 3.04763773329e-07, 3.56766946652e-07, 3.13788234507e-07, 5.24121844592e-07, 5.5553744005e-07, 5.59968555081e-07, 1.07116420622e-06, 7.79801666795e-07, 9.66476136455e-07, 9.23583570511e-07, 3.5556067246e-07, 5.3895242047e-08, 6.77436915453e-08, 1.12119195705e-07, 6.16981665758e-08, 3.12914423262e-08, 3.01818303683e-08, 3.37475398737e-08, 2.43954545454e-08, 1.54995838386e-08, 1.25045387378e-08, 1.35107134369e-08]
    },
    "mfcc": {
        "mean": [-644.372680664, 96.5425109863, -29.1332588196, -4.10881471634, 6.68718242645, 4.64695167542, -10.7484397888, 1.90022015572, 6.47022199631, 13.0279026031, 14.6926927567, 11.3874397278, -1.87659597397],
        "cov": [[13252.3837891, -1132.56176758, -2145.11450195, -604.356445312, 254.691574097, 467.794036865, -175.997894287, -175.404190063, 70.5983963013, -139.551773071, 34.5318832397, 172.104934692, -52.2652778625], [-1132.56176758, 1542.25219727, 752.826843262, 137.719787598, -201.629745483, -295.397674561, -38.4404449463, 65.0247802734, -22.2952194214, 118.523849487, 82.2213058472, -13.0407009125, -20.0233840942], [-2145.11450195, 752.826843262, 740.793762207, 194.729675293, -150.423248291, -182.012557983, 14.7156534195, 50.9822235107, -20.7616691589, 92.9505691528, 26.4649391174, -34.6676902771, -13.4216852188], [-604.356445312, 137.719787598, 194.729675293, 149.001052856, 13.3600692749, -54.5476913452, -11.323723793, 5.39223480225, -14.1334428787, 23.4972190857, 8.04867839813, -1.44638431072, 3.61466026306], [254.691574097, -201.629745483, -150.423248291, 13.3600692749, 168.708816528, 64.3430633545, -36.1600036621, -28.1538162231, -16.7925510406, -25.283493042, -0.136094614863, 18.1119098663, 19.9322223663], [467.794036865, -295.397674561, -182.012557983, -54.5476913452, 64.3430633545, 148.018737793, 35.2712173462, -12.534532547, 9.4425868988, -28.5657234192, -16.1714229584, 0.352168083191, 5.27940654755], [-175.997894287, -38.4404449463, 14.7156534195, -11.323723793, -36.1600036621, 35.2712173462, 86.3162841797, 38.7807998657, 16.6588859558, -6.05714273453, -16.4917144775, -15.137635231, -1.68193674088], [-175.404190063, 65.0247802734, 50.9822235107, 5.39223480225, -28.1538162231, -12.534532547, 38.7807998657, 79.8301696777, 30.3787612915, 5.4267578125, -7.54835033417, -7.33893537521, -1.5287116766], [70.5983963013, -22.2952194214, -20.7616691589, -14.1334428787, -16.7925510406, 9.4425868988, 16.6588859558, 30.3787612915, 57.5835952759, 26.8793334961, 4.01004457474, -2.76523828506, -3.35602927208], [-139.551773071, 118.523849487, 92.9505691528, 23.4972190857, -25.283493042, -28.5657234192, -6.05714273453, 5.4267578125, 26.8793334961, 74.9614639282, 30.5614299774, 3.98377919197, -6.44816923141], [34.5318832397, 82.2213058472, 26.4649391174, 8.04867839813, -0.136094614863, -16.1714229584, -16.4917144775, -7.54835033417, 4.01004457474, 30.5614299774, 53.7972488403, 14.3045940399, -1.72248721123], [172.104934692, -13.0407009125, -34.6676902771, -1.44638431072, 18.1119098663, 0.352168083191, -15.137635231, -7.33893537521, -2.76523828506, 3.98377919197, 14.3045940399, 40.1969223022, 10.124502182], [-52.2652778625, -20.0233840942, -13.4216852188, 3.61466026306, 19.9322223663, 5.27940654755, -1.68193674088, -1.5287116766, -3.35602927208, -6.44816923141, -1.72248721123, 10.124502182, 36.3994255066]],
        "icov": [[0.000219647001359, -0.000327678018948, 0.00105825148057, -0.000362646329449, 0.000534403021447, -0.000641899649054, 0.000531958474312, -0.000154125606059, 0.000261556793703, -0.000376769370632, 0.000134298272314, -0.000310870353132, 0.000430122745456], [-0.000327678018948, 0.00227534375153, -0.00322726019658, 0.00185143842828, -0.000816853542347, 0.0025679662358, -0.000254918762948, -0.000658531440422, 0.000190403137822, 0.000529095414095, -0.00177118962165, 0.000299108767649, -0.000613011594396], [0.00105825148057, -0.00322726019658, 0.0108726946637, -0.00711281877011, 0.00542837101966, -0.00331022962928, 0.00176243227907, -0.00221118051559, 0.00516137667, -0.00589005509391, 0.00184231204912, 0.00139568408486, 0.00108722737059], [-0.000362646329449, 0.00185143842828, -0.00711281877011, 0.0152082145214, -0.00715584633872, 0.00550887035206, -0.00240576965734, 0.000795837608166, -0.000510617159307, 0.000158005015692, -0.000182076633791, -0.000911959272344, -0.000367505301256], [0.000534403021447, -0.000816853542347, 0.00542837101966, -0.00715584633872, 0.0149296885356, -0.0086511541158, 0.00894024595618, -0.00341843091883, 0.00456697726622, -0.00111270404886, -0.000662420643494, -0.000552466604859, -0.00327463820577], [-0.000641899649054, 0.0025679662358, -0.00331022962928, 0.00550887035206, -0.0086511541158, 0.0195114146918, -0.0120228994638, 0.00549928378314, -0.00404589995742, 0.00203061336651, -0.000889856077265, 0.000970122870058, -1.91578528757e-05], [0.000531958474312, -0.000254918762948, 0.00176243227907, -0.00240576965734, 0.00894024595618, -0.0120228994638, 0.0260197743773, -0.0115347597748, 0.00262394268066, -0.000544911599718, 0.00160657742526, 0.0028841283638, -0.0015023900196], [-0.000154125606059, -0.000658531440422, -0.00221118051559, 0.000795837608166, -0.00341843091883, 0.00549928378314, -0.0115347597748, 0.0247829128057, -0.0155283221975, 0.0064842896536, 0.00174089206848, -0.00222083344124, 0.000521300942637], [0.000261556793703, 0.000190403137822, 0.00516137667, -0.000510617159307, 0.00456697726622, -0.00404589995742, 0.00262394268066, -0.0155283221975, 0.0371267348528, -0.0189024880528, 0.00147751905024, 0.00362775824033, -0.000875410041772], [-0.000376769370632, 0.000529095414095, -0.00589005509391, 0.000158005015692, -0.00111270404886, 0.00203061336651, -0.000544911599718, 0.0064842896536, -0.0189024880528, 0.0307905022055, -0.0116922277957, -0.00251770252362, 0.00198318762705], [0.000134298272314, -0.00177118962165, 0.00184231204912, -0.000182076633791, -0.000662420643494, -0.000889856077265, 0.00160657742526, 0.00174089206848, 0.00147751905024, -0.0116922277957, 0.0295787472278, -0.00818188115954, 0.00229551782832], [-0.000310870353132, 0.000299108767649, 0.00139568408486, -0.000911959272344, -0.000552466604859, 0.000970122870058, 0.0028841283638, -0.00222083344124, 0.00362775824033, -0.00251770252362, -0.00818188115954, 0.0341974012554, -0.00948553904891], [0.000430122745456, -0.000613011594396, 0.00108722737059, -0.000367505301256, -0.00327463820577, -1.91578528757e-05, -0.0015023900196, 0.000521300942637, -0.000875410041772, 0.00198318762705, 0.00229551782832, -0.00948553904891, 0.0329568125308]]
    },
    "spectral_contrast_coeffs": {
        "max": [-0.504566669464, -0.40767210722, -0.422121942043, -0.609192728996, -0.557558894157, -0.646735489368],
        "mean": [-0.809094727039, -0.79303342104, -0.781731903553, -0.809405267239, -0.7725918293, -0.771450400352],
        "min": [-0.974278151989, -0.984996676445, -0.968207895756, -0.968759715557, -0.962812423706, -0.962694108486],
        "stdev": [0.0634958446026, 0.0830877870321, 0.0707469433546, 0.0446164682508, 0.055602978915, 0.0423663817346]
    },
    "spectral_contrast_valleys": {
        "max": [-6.03766536713, -4.50485610962, -3.97678279877, -4.65170669556, -5.22794914246, -8.15240478516],
        "mean": [-7.72438192368, -6.81424951553, -7.51634216309, -7.01995563507, -7.76265621185, -10.2709331512],
        "min": [-27.6183929443, -27.7862892151, -27.4136009216, -27.5099411011, -27.3397006989, -27.3460121155],
        "stdev": [2.57631778717, 2.70223641396, 2.71691441536, 2.86670875549, 2.70464539528, 2.38375163078]
    }
},
"rhythm": {
    "beats_count": 22,
    "beats_loudness": {
        "max": 1.66724157333,
        "mean": 0.0921443402767,
        "min": 0.00207545049489,
        "stdev": 0.343838125467
    },
    "bpm": 105.228172302,
    "bpm_histogram_first_peak_bpm": 103,
    "bpm_histogram_first_peak_weight": 0.333333313465,
    "bpm_histogram_second_peak_bpm": 108,
    "bpm_histogram_second_peak_spread": 0.5,
    "bpm_histogram_second_peak_weight": 0.285714298487,
    "danceability": 1.16877603531,
    "onset_rate": 3.60519504547,
    "beats_loudness_band_ratio": {
        "max": [0.759700357914, 0.566601157188, 0.699513614178, 0.464457273483, 0.622192323208, 0.137239843607],
        "mean": [0.131615415215, 0.0589153207839, 0.217802032828, 0.258004665375, 0.3094150424, 0.0563369989395],
        "min": [0.0098806861788, 0.00365255679935, 0.0423215664923, 0.013360273093, 0.00825820211321, 0.00175780174322],
        "stdev": [0.171335339546, 0.112911976874, 0.219787314534, 0.138488441706, 0.220684677362, 0.0413463041186]
    },
    "beats_position": [0.568888902664, 1.14938771725, 1.74149656296, 2.32199549675, 2.90249419212, 3.48299312592, 4.06349182129, 4.63238096237, 5.20126962662, 5.78176879883, 6.33904743195, 6.8963265419, 7.45360517502, 8.01088428497, 8.55655288696, 9.10222244263, 9.65950107574, 10.2167797089, 10.7624483109, 11.3081178665, 11.8537864685, 12.3994560242],
    "bpm_histogram": [0, 0, 0, 0, 0, 0, 0, 0, 0, 0, 0, 0, 0, 0, 0, 0, 0, 0, 0, 0, 0, 0, 0, 0, 0, 0, 0, 0, 0, 0, 0, 0, 0, 0, 0, 0, 0, 0, 0, 0, 0, 0, 0, 0, 0, 0, 0, 0, 0, 0, 0, 0, 0, 0, 0, 0, 0, 0, 0, 0, 0, 0, 0, 0, 0, 0, 0, 0, 0, 0, 0, 0, 0, 0, 0, 0, 0, 0, 0, 0, 0, 0, 0, 0, 0, 0, 0, 0, 0, 0, 0, 0, 0, 0, 0, 0, 0, 0, 0, 0, 0, 0.047619048506, 0, 0.285714298487, 0, 0.095238097012, 0, 0, 0.285714298487, 0, 0.285714298487, 0, 0, 0, 0, 0, 0, 0, 0, 0, 0, 0, 0, 0, 0, 0, 0, 0, 0, 0, 0, 0, 0, 0, 0, 0, 0, 0, 0, 0, 0, 0, 0, 0, 0, 0, 0, 0, 0, 0, 0, 0, 0, 0, 0, 0, 0, 0, 0, 0, 0, 0, 0, 0, 0, 0, 0, 0, 0, 0, 0, 0, 0, 0, 0, 0, 0, 0, 0, 0, 0, 0, 0, 0, 0, 0, 0, 0, 0, 0, 0, 0, 0, 0, 0, 0, 0, 0, 0, 0, 0, 0, 0, 0, 0, 0, 0, 0, 0, 0, 0, 0, 0, 0, 0, 0, 0, 0, 0, 0, 0, 0, 0, 0, 0, 0, 0, 0, 0, 0, 0, 0, 0, 0, 0, 0, 0, 0, 0, 0, 0, 0, 0, 0, 0, 0, 0, 0, 0, 0]
},
"tonal": {
