{
"metadata": {
    "version": {
        "essentia": "2.1-beta5",
        "essentia_git_sha": "Undefined",
        "extractor": "music 2.0"
    },
    "audio_properties": {
        "analysis": {
            "equal_loudness": 0,
            "length": 48.7502937317,
            "sample_rate": 44100,
            "start_time": 93.9943771362,
            "downmix": "mix"
        },
        "bit_rate": 192000,
        "length": 188.011978149,
        "lossless": 0,
        "number_channels": 2,
        "replay_gain": -6.00051879883,
        "sample_rate": 44100,
        "codec": "mp3",
        "md5_encoded": "d8506bfaee0364c8643576f5a47426a1"
    },
    "tags": {
        "file_name": "Portugal_Uma Flor De Verde Pinho_Carlos do Carmo.mp3",
        "encoding": ["Lavf58.29.100"]
    }
},
"lowlevel": {
    "average_loudness": 0.516434073448,
    "barkbands_crest": {
        "max": 24.6626911163,
        "mean": 10.4714269638,
        "min": 3.78522443771,
        "stdev": 3.82574892044
    },
    "barkbands_flatness_db": {
        "max": 0.397618949413,
        "mean": 0.236458539963,
        "min": 0.117184437811,
        "stdev": 0.036526363343
    },
    "barkbands_kurtosis": {
        "max": 83.0546340942,
        "mean": 4.85380506516,
        "min": -1.85460019112,
        "stdev": 5.6540813446
    },
    "barkbands_skewness": {
        "max": 6.49405241013,
        "mean": 1.64213752747,
        "min": -1.18424499035,
        "stdev": 0.80833953619
    },
    "barkbands_spread": {
        "max": 73.9697723389,
        "mean": 9.56433391571,
        "min": 0.640749752522,
        "stdev": 7.31922006607
    },
    "dissonance": {
        "max": 0.500000059605,
        "mean": 0.430963933468,
        "min": 0.192171245813,
        "stdev": 0.0381630472839
    },
    "dynamic_complexity": 3.09663939476,
    "erbbands_crest": {
        "max": 30.7620220184,
        "mean": 11.7109327316,
        "min": 3.7341632843,
        "stdev": 4.86317539215
    },
    "erbbands_flatness_db": {
        "max": 0.435613453388,
        "mean": 0.279597729445,
        "min": 0.160449936986,
        "stdev": 0.0376496948302
    },
    "erbbands_kurtosis": {
        "max": 47.0651245117,
        "mean": 1.63101828098,
        "min": -1.75987696648,
        "stdev": 3.27183389664
    },
    "erbbands_skewness": {
        "max": 5.8323340416,
        "mean": 1.03217947483,
        "min": -1.51882398129,
        "stdev": 0.781443715096
    },
    "erbbands_spread": {
        "max": 104.885162354,
        "mean": 21.0353050232,
        "min": 1.99138367176,
        "stdev": 12.7519683838
    },
    "hfc": {
        "max": 92.0862731934,
        "mean": 11.3297586441,
        "min": 0.350241094828,
        "stdev": 12.0420017242
    },
    "loudness_ebu128": {
        "integrated": -19.920217514,
        "loudness_range": 6.57217597961,
        "momentary": {
            "max": -12.1006307602,
            "mean": -21.0846004486,
            "min": -29.8141117096,
            "stdev": 3.09899973869
        },
        "short_term": {
            "max": -15.5277452469,
            "mean": -20.4336509705,
            "min": -24.1181240082,
            "stdev": 2.19199085236
        }
    },
    "melbands_crest": {
        "max": 30.9574546814,
        "mean": 12.9222393036,
        "min": 5.50023937225,
        "stdev": 4.4628367424
    },
    "melbands_flatness_db": {
        "max": 0.468345791101,
        "mean": 0.273410916328,
        "min": 0.109916426241,
        "stdev": 0.0490957461298
    },
    "melbands_kurtosis": {
        "max": 132.914642334,
        "mean": 7.81476354599,
        "min": -1.36069130898,
        "stdev": 7.86517286301
    },
    "melbands_skewness": {
        "max": 9.68352985382,
        "mean": 1.86148250103,
        "min": -0.511169791222,
        "stdev": 0.860373616219
    },
    "melbands_spread": {
        "max": 125.53666687,
        "mean": 12.3338928223,
        "min": 1.15239107609,
        "stdev": 8.49581050873
    },
    "pitch_salience": {
        "max": 0.886921525002,
        "mean": 0.587752342224,
        "min": 0.193995982409,
        "stdev": 0.105723500252
    },
    "silence_rate_20dB": {
        "max": 1,
        "mean": 1,
        "min": 1,
        "stdev": 0
    },
    "silence_rate_30dB": {
        "max": 1,
        "mean": 0.990956664085,
        "min": 0,
        "stdev": 0.0946664065123
    },
    "silence_rate_60dB": {
        "max": 1,
        "mean": 0.0452165640891,
        "min": 0,
        "stdev": 0.207779124379
    },
    "spectral_centroid": {
        "max": 3163.0949707,
        "mean": 794.131408691,
        "min": 351.129058838,
        "stdev": 326.020385742
    },
    "spectral_complexity": {
        "max": 34,
        "mean": 12.9776296616,
        "min": 1,
        "stdev": 4.57015037537
    },
    "spectral_decrease": {
        "max": -1.00968157446e-10,
        "mean": -4.39797886997e-09,
        "min": -4.27957864702e-08,
        "stdev": 4.60972682248e-09
    },
    "spectral_energy": {
        "max": 0.167381346226,
        "mean": 0.0176266413182,
        "min": 0.000421313394327,
        "stdev": 0.0184077247977
    },
    "spectral_energyband_high": {
        "max": 0.00610508024693,
        "mean": 0.000117426199722,
        "min": 3.31280318733e-07,
        "stdev": 0.000406421750085
    },
    "spectral_energyband_low": {
        "max": 0.0169975925237,
        "mean": 0.000717668037396,
        "min": 3.63842468687e-06,
        "stdev": 0.00148004142102
    },
    "spectral_energyband_middle_high": {
        "max": 0.0312709510326,
        "mean": 0.00258310022764,
        "min": 3.15429861075e-05,
        "stdev": 0.00323272286914
    },
    "spectral_energyband_middle_low": {
        "max": 0.162164062262,
        "mean": 0.0147499153391,
        "min": 0.000140223055496,
        "stdev": 0.0165604893118
    },
    "spectral_entropy": {
        "max": 8.07197093964,
        "mean": 6.74249601364,
        "min": 5.34918022156,
        "stdev": 0.358245164156
    },
    "spectral_flux": {
        "max": 0.245213344693,
        "mean": 0.0631241649389,
        "min": 0.00560452509671,
        "stdev": 0.0355908758938
    },
    "spectral_kurtosis": {
        "max": 63.4182128906,
        "mean": 11.7641849518,
        "min": -1.32375431061,
        "stdev": 9.72174167633
    },
    "spectral_rms": {
        "max": 0.0127788446844,
        "mean": 0.00376907596365,
        "min": 0.000641122052912,
        "stdev": 0.00172938371543
    },
    "spectral_rolloff": {
        "max": 7988.81835938,
        "mean": 964.024414062,
        "min": 279.931640625,
        "stdev": 707.881958008
    },
    "spectral_skewness": {
        "max": 5.94041633606,
        "mean": 2.22516322136,
        "min": -0.109374724329,
        "stdev": 0.880537629128
    },
    "spectral_spread": {
        "max": 10279770,
        "mean": 2462765.25,
        "min": 1105941.375,
        "stdev": 1006655.8125
    },
    "spectral_strongpeak": {
        "max": 8.82469272614,
        "mean": 1.1800917387,
        "min": 0.0144298747182,
        "stdev": 1.00641834736
    },
    "zerocrossingrate": {
        "max": 0.2548828125,
        "mean": 0.0377584807575,
        "min": 0.0126953125,
        "stdev": 0.0182610265911
    },
    "barkbands": {
        "max": [4.9087087973e-05, 0.000639466335997, 0.010394513607, 0.011729599908, 0.036921903491, 0.141351252794, 0.0845863223076, 0.104003548622, 0.0766227841377, 0.0390077084303, 0.00292748212814, 0.00876726489514, 0.0254495553672, 0.0140563501045, 0.00412806589156, 0.000699856667779, 0.00411578267813, 0.00224208296277, 0.00501607265323, 0.003450906137, 0.00413923198357, 0.00234761927277, 0.00334891839884, 0.0016455934383, 0.000259181979345, 2.7503907063e-07, 2.90295531613e-07],
        "mean": [2.64777531811e-06, 4.77466746815e-05, 0.000455349654658, 0.000535556522664, 0.00164167536423, 0.00306576816365, 0.00391566427425, 0.00315197487362, 0.00181610300206, 0.000940136087593, 0.000100836652564, 0.000194482330699, 0.000494423089549, 0.000566944654565, 0.000117536794278, 1.54099452629e-05, 0.000211357182707, 5.92609248997e-05, 0.000104830323835, 7.61981063988e-05, 3.3237705793e-05, 3.5119450331e-05, 2.96162834275e-05, 1.41996133607e-05, 5.54507209927e-07, 1.45446099609e-09, 8.05205901955e-10],
        "min": [4.53296455927e-10, 3.7620603166e-07, 1.37740798323e-07, 2.16465551262e-07, 1.12621082735e-05, 1.36649532578e-06, 7.49638047637e-07, 2.05330451308e-07, 6.13373799752e-07, 1.10126154595e-06, 1.29322312858e-08, 2.31983250387e-08, 2.46282041871e-07, 1.64947505255e-06, 2.72184745853e-08, 7.25344477814e-08, 9.5452730875e-07, 9.16848961197e-08, 3.1219663299e-08, 1.94156910993e-07, 1.32405517661e-07, 2.64092072655e-08, 8.09340239272e-09, 5.45934719653e-09, 9.15347797559e-11, 2.95227731151e-11, 2.60725035311e-11],
        "stdev": [3.9738479245e-06, 6.09463859291e-05, 0.00113219371997, 0.000875555735547, 0.00206772936508, 0.00770454946905, 0.00655949115753, 0.00741847511381, 0.00467038527131, 0.00219683186151, 0.000222611895879, 0.000469675171189, 0.0012949926313, 0.000948353263084, 0.000243623217102, 3.13327691401e-05, 0.000391023000702, 0.000131342356326, 0.000312075600959, 0.000264467351371, 0.000146331833093, 0.000126533312141, 0.000158107970492, 8.55969483382e-05, 6.3089928517e-06, 6.59561383287e-09, 6.44435793618e-09]
    },
    "erbbands": {
        "max": [0.0134387295693, 0.348493933678, 7.91499185562, 29.8308887482, 60.7941169739, 182.77116394, 536.079040527, 1258.50927734, 586.351074219, 1262.19885254, 2969.56860352, 1479.45300293, 1483.39038086, 407.175292969, 54.2711105347, 447.714172363, 738.838867188, 880.545593262, 350.454162598, 155.964050293, 78.104019165, 215.830505371, 145.9112854, 65.9216537476, 321.514068604, 108.851882935, 100.474494934, 156.170379639, 120.103523254, 41.3020095825, 110.005714417, 69.9642105103, 10.3308286667, 5.34570837021, 0.164190337062, 0.0068148272112, 0.000931542599574, 0.000181138791959, 7.97562679509e-05, 0.000186684192158],
        "mean": [0.00110385916196, 0.0192093886435, 0.36537194252, 1.28559613228, 3.91591882706, 5.09607601166, 12.2303571701, 27.629699707, 46.6140861511, 70.5283432007, 64.1595001221, 45.3721351624, 39.7921905518, 12.1538715363, 2.80183768272, 10.3224191666, 20.9619350433, 30.7912864685, 14.0298271179, 3.11654257774, 3.44564676285, 10.7897148132, 4.86163568497, 1.73066496849, 8.36975097656, 2.86881232262, 1.28300392628, 1.07481491566, 1.6001803875, 0.861741840839, 0.804987132549, 0.47179800272, 0.115399390459, 0.0165805090219, 0.000561181339435, 4.77279791085e-05, 1.41534983413e-05, 3.69904637409e-06, 9.39496931096e-06, 2.04616953852e-05],
        "min": [1.58746570378e-05, 0.000195841377717, 0.000903149601072, 0.000970523164142, 0.0150623787194, 0.0375391431153, 0.036336183548, 0.0216944776475, 0.0122342212126, 0.0245385579765, 0.0253324899822, 0.0489211939275, 0.0419564209878, 0.0199996419251, 0.00464358180761, 0.00894633028656, 0.0802505165339, 0.134595409036, 0.0709602385759, 0.0246601328254, 0.0263456981629, 0.0664753243327, 0.0122929401696, 0.00332994852215, 0.00460695521906, 0.0126150473952, 0.00523734278977, 0.00319785042666, 0.00128445890732, 0.000814639613964, 0.000296547223115, 0.000202421215363, 5.44856629858e-05, 1.89920083358e-05, 4.9252394092e-06, 2.30550404012e-06, 1.25207077417e-06, 3.13992870815e-07, 2.58158138422e-07, 5.25604207269e-07],
        "stdev": [0.00126492150594, 0.0322885662317, 0.850336670876, 2.29220438004, 5.422498703, 7.8993844986, 29.8290500641, 68.5913925171, 62.1263999939, 116.763427734, 194.583892822, 106.740180969, 91.6219482422, 20.9988059998, 4.92807006836, 23.6003780365, 46.1669273376, 53.4257583618, 22.5076522827, 7.68806886673, 6.1307849884, 20.4081897736, 9.55074691772, 4.03907489777, 24.0309028625, 8.63292312622, 4.65609073639, 5.14082574844, 5.80887174606, 3.42745828629, 4.64090394974, 3.15511846542, 0.593337476254, 0.140690147877, 0.00440944824368, 0.000214464875171, 3.6409808672e-05, 8.54147310747e-06, 9.66536845226e-06, 2.11830065382e-05]
    },
    "gfcc": {
        "mean": [-102.843566895, 171.381332397, -169.964553833, 15.2328739166, -81.7257995605, -21.7583751678, -31.5158176422, -26.5451889038, 5.04588317871, -19.5505561829, 3.9907977581, -26.5704612732, -10.3988866806],
        "cov": [[2649.65698242, -647.339294434, -288.744537354, 384.886260986, -382.832946777, 97.8954544067, -12.7102193832, 28.3108348846, 13.3730916977, -108.714324951, 25.8658332825, -98.9680252075, -119.23878479], [-647.339294434, 631.870544434, 59.4621276855, -291.209899902, 293.369018555, -205.776779175, 88.2247695923, -6.20143079758, -23.6737804413, 6.39426708221, 30.4693927765, 8.31543731689, -53.4562339783], [-288.744537354, 59.4621276855, 298.904388428, 27.1184082031, -15.4701404572, 102.161178589, -59.2072105408, 7.96161270142, -9.71849060059, 11.1776380539, -3.63376688957, 2.48600506783, 7.9415678978], [384.886260986, -291.209899902, 27.1184082031, 395.38470459, -83.4170150757, 147.198974609, -28.5956802368, -20.8949165344, 16.8420753479, -31.4353752136, -50.3952903748, -34.0071296692, 17.6877918243], [-382.832946777, 293.369018555, -15.4701404572, -83.4170150757, 239.258956909, -91.6180114746, 46.9851112366, -0.603011846542, -4.03477334976, 13.4455280304, -3.21369290352, -0.818601489067, -21.4562530518], [97.8954544067, -205.776779175, 102.161178589, 147.198974609, -91.6180114746, 266.606445312, -39.0363197327, -1.6159542799, 0.266250401735, -7.70835542679, -24.4320907593, -24.9777622223, 37.1895828247], [-12.7102193832, 88.2247695923, -59.2072105408, -28.5956802368, 46.9851112366, -39.0363197327, 141.305511475, 38.5500450134, -6.92417526245, -2.68915939331, -4.03147697449, 5.67917013168, -36.1313858032], [28.3108348846, -6.20143079758, 7.96161270142, -20.8949165344, -0.603011846542, -1.6159542799, 38.5500450134, 99.857383728, 6.39830064774, -6.43257665634, 17.7490501404, -5.32258987427, -11.2385692596], [13.3730916977, -23.6737804413, -9.71849060059, 16.8420753479, -4.03477334976, 0.266250401735, -6.92417526245, 6.39830064774, 72.7763748169, 23.1709518433, -8.48536968231, 12.3722877502, 0.63574051857], [-108.714324951, 6.39426708221, 11.1776380539, -31.4353752136, 13.4455280304, -7.70835542679, -2.68915939331, -6.43257665634, 23.1709518433, 81.8970184326, 22.354391098, 4.68306541443, 5.84851074219], [25.8658332825, 30.4693927765, -3.63376688957, -50.3952903748, -3.21369290352, -24.4320907593, -4.03147697449, 17.7490501404, -8.48536968231, 22.354391098, 80.2404937744, 16.7658195496, -24.1600837708], [-98.9680252075, 8.31543731689, 2.48600506783, -34.0071296692, -0.818601489067, -24.9777622223, 5.67917013168, -5.32258987427, 12.3722877502, 4.68306541443, 16.7658195496, 77.4917144775, 18.4784965515], [-119.23878479, -53.4562339783, 7.9415678978, 17.6877918243, -21.4562530518, 37.1895828247, -36.1313858032, -11.2385692596, 0.63574051857, 5.84851074219, -24.1600837708, 18.4784965515, 109.028175354]],
        "icov": [[0.000844925176352, -6.10939459875e-05, 0.000944373663515, -0.000670323031954, 0.00125469837803, 5.85136649534e-06, 0.000249470904237, -0.000265964219579, -0.000137660987093, 0.000596088997554, -0.000512907281518, 0.000601214938797, 0.000987513223663], [-6.10939459875e-05, 0.0160696208477, -0.0100873215124, 0.00780675886199, -0.0143553297967, 0.0063884020783, -0.0110664255917, 0.0107070188969, -0.00699028000236, 0.0110867107287, -0.010356313549, 0.00920788571239, -0.00469694985077], [0.000944373663515, -0.0100873215124, 0.0121000986546, -0.00545537797734, 0.00961354188621, -0.00604959577322, 0.0101539473981, -0.0090643344447, 0.00651297951117, -0.00826226826757, 0.00802192371339, -0.00739498902112, 0.00591291347519], [-0.000670323031954, 0.00780675886199, -0.00545537797734, 0.00794908776879, -0.00727644562721, 0.00140717520844, -0.00566101819277, 0.00622027087957, -0.00461527006701, 0.00615005800501, -0.00365742761642, 0.00503938319162, -0.0029120517429], [0.00125469837803, -0.0143553297967, 0.00961354188621, -0.00727644562721, 0.0199076402932, -0.00399600109085, 0.00844884384423, -0.00910814385861, 0.00598268443719, -0.00965649727732, 0.00926803704351, -0.00638762069866, 0.00557531323284], [5.85136649534e-06, 0.0063884020783, -0.00604959577322, 0.00140717520844, -0.00399600109085, 0.00894420593977, -0.00506551982835, 0.0044080093503, -0.00311560183764, 0.00460610166192, -0.00447943899781, 0.00576889561489, -0.00390987191349], [0.000249470904237, -0.0110664255917, 0.0101539473981, -0.00566101819277, 0.00844884384423, -0.00506551982835, 0.0199391171336, -0.0136291244999, 0.00930191855878, -0.010763947852, 0.0127659030259, -0.0109462281689, 0.00882639270276], [-0.000265964219579, 0.0107070188969, -0.0090643344447, 0.00622027087957, -0.00910814385861, 0.0044080093503, -0.0136291244999, 0.0217256620526, -0.00999050680548, 0.0119678126648, -0.0135274054483, 0.0106607517228, -0.00635145045817], [-0.000137660987093, -0.00699028000236, 0.00651297951117, -0.00461527006701, 0.00598268443719, -0.00311560183764, 0.00930191855878, -0.00999050680548, 0.023247661069, -0.0138792172074, 0.0125838760287, -0.0110575268045, 0.00626090914011], [0.000596088997554, 0.0110867107287, -0.00826226826757, 0.00615005800501, -0.00965649727732, 0.00460610166192, -0.010763947852, 0.0119678126648, -0.0138792172074, 0.0264906901866, -0.0164234861732, 0.0113714728504, -0.00701992306858], [-0.000512907281518, -0.010356313549, 0.00802192371339, -0.00365742761642, 0.00926803704351, -0.00447943899781, 0.0127659030259, -0.0135274054483, 0.0125838760287, -0.0164234861732, 0.0292899906635, -0.0144270276651, 0.0103016989306], [0.000601214938797, 0.00920788571239, -0.00739498902112, 0.00503938319162, -0.00638762069866, 0.00576889561489, -0.0109462281689, 0.0106607517228, -0.0110575268045, 0.0113714728504, -0.0144270276651, 0.0247573088855, -0.0087986541912], [0.000987513223663, -0.00469694985077, 0.00591291347519, -0.0029120517429, 0.00557531323284, -0.00390987191349, 0.00882639270276, -0.00635145045817, 0.00626090914011, -0.00701992306858, 0.0103016989306, -0.0087986541912, 0.0168060287833]]
    },
    "melbands": {
        "max": [0.000115075730719, 0.00273957801983, 0.00482318084687, 0.00852103251964, 0.0164949484169, 0.0273802559823, 0.0123916808516, 0.0115242181346, 0.0256313830614, 0.0111788408831, 0.007406714838, 0.00188603869174, 0.000265743292402, 0.000763417279813, 0.00208562333137, 0.00256374967285, 0.0013944109669, 0.000703934230842, 0.000433832785347, 7.32672051527e-05, 0.000137036389788, 0.000312416086672, 0.000181583192898, 7.93486542534e-05, 5.59455002076e-05, 0.000280999753159, 0.000254962273175, 5.62886962143e-05, 3.55168776878e-05, 0.000165881545399, 5.21192232554e-05, 7.9187360825e-05, 3.76530770154e-05, 3.56515738531e-05, 9.53047201619e-05, 6.51184163871e-05, 2.91793003271e-05, 5.24188772033e-06, 6.17335081188e-06, 3.21618585986e-06],
        "mean": [1.07023897726e-05, 0.000140507007018, 0.00030404975405, 0.000322768697515, 0.000394778442569, 0.000638929952402, 0.000753403990529, 0.000753490196075, 0.00049413513625, 0.000270612479653, 0.000191993633052, 4.88359182782e-05, 9.86750637821e-06, 1.56872119987e-05, 3.80714991479e-05, 4.9573922297e-05, 6.09770904703e-05, 2.67400446319e-05, 7.47367948861e-06, 1.06134564248e-06, 5.22095388078e-06, 1.22901246868e-05, 7.73034571466e-06, 1.96800988306e-06, 8.4984304749e-07, 5.42639281775e-06, 5.98229780735e-06, 8.66902610142e-07, 5.05002958562e-07, 1.17453714665e-06, 3.70657545545e-07, 9.12422876809e-07, 6.73035003729e-07, 5.03318062783e-07, 5.82737527566e-07, 3.29534401544e-07, 2.23285780976e-07, 8.48892298677e-08, 2.9271367552e-08, 6.89575019308e-09],
        "min": [9.94466589077e-08, 4.30382442573e-07, 1.52221915073e-07, 2.51999654211e-06, 5.69412861751e-07, 1.94799739006e-07, 1.53653161306e-07, 1.24415649339e-07, 4.66828780077e-08, 1.63086582461e-07, 1.95905514033e-07, 5.93515387948e-08, 1.81137915778e-09, 1.5693868427e-09, 1.70745249051e-08, 7.14934671464e-08, 2.14601442394e-07, 1.22484308918e-07, 9.69485824953e-10, 9.064883566e-11, 1.16793685834e-08, 5.23525187646e-08, 1.34544340114e-08, 3.69390362742e-09, 1.28695543111e-09, 7.51717799119e-10, 8.52355341863e-09, 3.44493056303e-09, 2.23847740344e-09, 3.17296589003e-09, 5.94138738208e-10, 6.17022322125e-10, 4.86865381344e-10, 1.7442323974e-10, 1.77726555695e-10, 1.27060847954e-10, 9.20662088233e-11, 2.8806002722e-11, 2.38004806835e-11, 7.4276202593e-13],
        "stdev": [1.19329688459e-05, 0.000314858625643, 0.000459659961052, 0.000422734534368, 0.000921662256587, 0.00152420834638, 0.00107520085294, 0.00119463028386, 0.00160610501189, 0.000643838080578, 0.000456668465631, 9.19175872696e-05, 2.02551273105e-05, 4.40575422544e-05, 8.78552091308e-05, 0.000135744732688, 0.000106969375338, 4.78064066556e-05, 1.94163840206e-05, 2.55228133028e-06, 1.03347765616e-05, 2.36855994444e-05, 1.73530406755e-05, 3.99963983e-06, 2.30286968872e-06, 1.64457069332e-05, 1.94707972696e-05, 2.71000953944e-06, 1.89964850961e-06, 5.4104980336e-06, 1.86545014458e-06, 3.36842708748e-06, 2.52300333159e-06, 2.3862010039e-06, 3.62043397217e-06, 2.45939509114e-06, 1.43870556712e-06, 4.27263302072e-07, 1.93919944991e-07, 7.90393741568e-08]
    },
    "melbands128": {
        "max": [3.62756145478e-05, 0.000104626102257, 0.000140361036756, 0.000455272267573, 0.00333840632811, 0.00661899149418, 0.0075127328746, 0.00654095737264, 0.00767065444961, 0.00991330109537, 0.0128995841369, 0.00954584777355, 0.0123705519363, 0.0536078363657, 0.0419702865183, 0.0122623164207, 0.0178999062628, 0.0145182162523, 0.0331038981676, 0.0201730784029, 0.0173261202872, 0.0354849100113, 0.050402238965, 0.0313008315861, 0.014042628929, 0.0253096781671, 0.012730460614, 0.0148239657283, 0.00479553546757, 0.00438372883946, 0.00119078531861, 0.00093032757286, 0.000295612466289, 0.000208013196243, 0.000748516933527, 0.00148938619532, 0.00246633915231, 0.00276727997698, 0.0032754286658, 0.00256600650027, 0.00383642711677, 0.00598646793514, 0.000987530336715, 0.00375137897208, 0.00182440655772, 0.00104513741098, 0.000603764492553, 0.000785971409641, 0.0004752597888, 0.000120682379929, 2.95797217404e-05, 2.30163404922e-05, 6.00444291194e-05, 0.000216820903006, 0.00060282938648, 0.000581271480769, 0.000673318631016, 0.000411604647525, 0.000279633328319, 0.000244930793997, 7.8478231444e-05, 1.72838463186e-05, 7.01574117556e-06, 3.38556601491e-05, 0.000240968933213, 0.000425949518103, 0.000531536177732, 0.000498139183037, 0.000410136708524, 0.000240296547418, 2.991796282e-05, 5.03674891661e-06, 2.05570249818e-05, 4.63208598376e-05, 4.64321601612e-05, 0.000151980362716, 0.000279246567516, 8.64051762619e-05, 1.97090357688e-05, 2.83821500489e-05, 6.15535027464e-05, 0.000140587013448, 0.000123574121972, 5.11266698595e-05, 1.30580692712e-05, 2.53493126365e-05, 5.85403104196e-05, 0.000177790658199, 0.000142038334161, 2.31141257245e-05, 3.28711394104e-05, 0.000116388800961, 7.37529044272e-05, 3.3803149563e-05, 4.39352288595e-06, 5.0368371376e-06, 9.15237615118e-06, 5.17851322002e-06, 2.26137626669e-06, 1.1131298379e-05, 7.81928247306e-06, 2.17179412232e-08, 2.4564048573e-09, 2.39243691524e-09, 2.21336970974e-09, 2.08866035578e-09, 2.08174477656e-09, 1.94935489972e-09, 1.92597982007e-09, 1.80507986336e-09, 1.74959424726e-09, 1.6402684766e-09, 1.60531021809e-09, 1.54648904793e-09, 1.52548107479e-09, 1.46080270103e-09, 1.39562084112e-09, 1.36850486498e-09, 1.31995170349e-09, 1.28404709088e-09, 1.25473431645e-09, 1.22619980836e-09, 1.20439258566e-09, 1.18440490748e-09, 1.16258058735e-09, 1.15487619468e-09, 1.14252574068e-09, 1.12996190182e-09],
        "mean": [2.13697217077e-06, 7.48477123125e-06, 1.06484530988e-05, 2.3419259378e-05, 0.000124317579321, 0.000253205391346, 0.00023277841683, 0.000299771432765, 0.000452435691841, 0.000306656351313, 0.000249541539233, 0.00031401173328, 0.000359748140909, 0.000600942294113, 0.000583619053941, 0.000704070494976, 0.000765712757129, 0.000641172518954, 0.000942691229284, 0.000820808927529, 0.000672279915307, 0.000498009438161, 0.000596794765443, 0.000309401453706, 0.000265693699475, 0.00028330044006, 0.000173899825313, 0.000271108583547, 0.000102880505437, 5.20095200045e-05, 3.7257137592e-05, 2.18995046453e-05, 5.33239517608e-06, 3.89151273339e-06, 5.17235093866e-06, 1.93267424038e-05, 3.24932007061e-05, 4.0366237954e-05, 3.93408663513e-05, 4.53923494206e-05, 6.18536796537e-05, 4.03765479859e-05, 5.04358431499e-05, 9.70782712102e-05, 2.89367853838e-05, 1.82314252015e-05, 1.21715238492e-05, 8.58938801684e-06, 5.44965769222e-06, 1.53861390118e-06, 4.20810096102e-07, 5.36580557764e-07, 1.1706948726e-06, 6.60366049487e-06, 1.62848282343e-05, 1.11305325845e-05, 1.20004688142e-05, 9.56127678364e-06, 6.15501221546e-06, 4.19689513365e-06, 1.55710654326e-06, 5.61044316782e-07, 2.79497839983e-07, 5.78047661293e-07, 2.22317180487e-06, 5.44014119441e-06, 7.47352169128e-06, 7.87063163443e-06, 6.16847046331e-06, 2.46590207098e-06, 6.52043922855e-07, 9.92477069417e-08, 1.95552900095e-07, 4.90368961437e-07, 9.02302531358e-07, 1.55991779138e-06, 1.17554191092e-06, 5.40921121228e-07, 1.49337765265e-07, 2.45818654321e-07, 7.86849170709e-07, 1.22178153106e-06, 1.24504299492e-06, 6.47323190606e-07, 1.62177911989e-07, 2.15265842485e-07, 6.63694606828e-07, 9.90373337117e-07, 7.10870040166e-07, 1.81082810968e-07, 1.34661519269e-07, 4.70692867793e-07, 4.9225860721e-07, 2.31132531781e-07, 3.68470978174e-08, 7.02380873463e-08, 1.26316777482e-07, 6.46560920359e-08, 1.40737919097e-08, 2.21399663047e-08, 1.74571184175e-08, 1.23815235842e-10, 1.03452879943e-11, 8.9139537765e-12, 8.70652768631e-12, 8.21420449021e-12, 8.64858445276e-12, 9.05412897434e-12, 7.74107514201e-12, 9.14522884504e-12, 8.59197088476e-12, 8.98215442996e-12, 1.06721905618e-11, 9.1912501915e-12, 7.07633647859e-12, 8.85231124514e-12, 5.29501139115e-12, 3.59063234874e-12, 3.49028553455e-12, 3.40985421322e-12, 3.33461752135e-12, 3.2717812834e-12, 3.20812777385e-12, 3.15195005512e-12, 3.11360182428e-12, 3.08573717793e-12, 3.05994639349e-12, 3.03808670929e-12],
        "min": [5.84350623445e-11, 4.16953493954e-09, 9.4998418021e-09, 8.56185877751e-08, 2.61292232295e-08, 5.47527427841e-08, 7.78913360477e-08, 1.17011254019e-07, 2.30071734109e-07, 1.25155884234e-06, 1.62613702059e-07, 5.23173291356e-08, 4.94302661025e-08, 5.52808643306e-08, 1.25014906871e-07, 3.5460530512e-08, 1.73128967162e-07, 9.5274579337e-08, 3.30646976465e-08, 5.97441811578e-08, 1.07018056639e-08, 7.17625567859e-08, 4.89395191039e-08, 4.56022419826e-09, 4.15765954997e-09, 8.39543190523e-09, 2.37627574506e-07, 1.19264228715e-07, 8.24044192882e-08, 8.34000957184e-09, 1.88094828601e-09, 1.05558228825e-09, 3.38788164189e-10, 2.8523070017e-10, 5.34124966478e-10, 9.31241972424e-10, 1.55397139601e-09, 1.03794111084e-08, 4.05120159641e-09, 1.82381256764e-08, 5.99993166261e-09, 4.64632812225e-08, 1.22399328006e-07, 2.42736266642e-08, 4.44568755142e-08, 2.35868435894e-09, 3.90172255615e-10, 8.02369226616e-10, 2.23904464414e-10, 2.66193039833e-11, 3.82750740824e-11, 1.20284254779e-10, 1.2899934454e-09, 3.45507267241e-09, 1.8517201994e-08, 7.43729078323e-09, 3.02932590124e-09, 2.24957874551e-09, 6.15628881206e-09, 4.86683848777e-09, 5.58214918733e-10, 1.76233624916e-10, 8.23313205806e-12, 2.41824546499e-11, 2.41561881609e-10, 3.52188556096e-10, 4.11030598446e-10, 4.86899853769e-10, 2.27383489815e-09, 3.4011844452e-09, 5.96958094068e-10, 1.60114768666e-11, 1.54306099148e-11, 4.35207009319e-11, 1.8745633934e-09, 1.05005271145e-09, 9.28356280738e-10, 2.58587543739e-11, 4.45954774844e-12, 9.46946427521e-12, 1.26021165725e-10, 7.46500417037e-10, 4.04158512213e-10, 1.0359609004e-10, 1.23945940317e-11, 3.0170619475e-11, 1.3523845932e-10, 1.54204482516e-10, 1.14270995444e-10, 1.18810777189e-11, 1.53700262153e-12, 1.05114965343e-10, 5.43062574077e-11, 1.09717946534e-11, 9.98394617847e-13, 6.95930205824e-12, 2.74938388029e-11, 1.3271197509e-11, 2.03328261346e-12, 1.01109203475e-12, 1.00182644298e-12, 1.25321533207e-13, 1.34873327242e-13, 1.18571209166e-13, 1.32160531434e-13, 1.72360864188e-13, 1.41066290051e-13, 1.10751211262e-13, 1.68299144694e-13, 1.37266622222e-13, 1.67696368944e-13, 1.81403760828e-13, 2.19991342851e-13, 1.17354707224e-13, 1.65500059946e-13, 1.92316852005e-13, 9.31048586752e-14, 5.75861786641e-14, 8.69553655968e-14, 7.28274252427e-14, 9.1354163546e-14, 1.09657786595e-13, 8.64502900147e-14, 9.01591220301e-14, 8.7461884523e-14, 1.00182611772e-13, 7.69466142279e-14, 9.13707044053e-14],
        "stdev": [3.20787899e-06, 1.02291251096e-05, 1.36537282742e-05, 3.79953635274e-05, 0.000306621164782, 0.000651538197417, 0.000500010384712, 0.000493464118335, 0.000687686202582, 0.000494133040775, 0.000514356128406, 0.000549433170818, 0.000656444171909, 0.00283971917816, 0.00215634913184, 0.00121817307081, 0.00123792968225, 0.00117687601596, 0.00238238531165, 0.00163665658329, 0.00132378202397, 0.00169323547743, 0.00275043630973, 0.00141091679689, 0.000849252275657, 0.000854290730786, 0.000625927175861, 0.000796888081823, 0.000257413310464, 0.000156628055265, 8.66371265147e-05, 5.70128941035e-05, 1.60842337209e-05, 1.1878542864e-05, 2.86846934614e-05, 6.58476637909e-05, 0.000110361892439, 0.000122184108477, 0.000137993411045, 0.000142172561027, 0.00020757810853, 0.000216837303014, 8.98209764273e-05, 0.000213055463973, 7.85231168265e-05, 4.75746637676e-05, 2.98538780044e-05, 3.12211050186e-05, 2.20563160838e-05, 4.21582581112e-06, 1.13918042643e-06, 1.12698353405e-06, 3.01314889839e-06, 1.47636410475e-05, 4.09896420024e-05, 2.88635728793e-05, 3.76378229703e-05, 3.07441187033e-05, 1.67668204085e-05, 1.03538295662e-05, 3.84683153243e-06, 1.27840337427e-06, 5.64363972444e-07, 1.77303513738e-06, 8.25943607197e-06, 2.22815597226e-05, 2.62914873019e-05, 2.87964958261e-05, 2.7257405236e-05, 9.46816180658e-06, 1.86804606983e-06, 3.22950796772e-07, 7.82541917488e-07, 2.24971881835e-06, 3.52644201485e-06, 5.96317613599e-06, 7.78684625402e-06, 2.95336258205e-06, 7.47305534787e-07, 1.31801289172e-06, 2.97202882393e-06, 5.10761492478e-06, 4.97268092658e-06, 2.79715118268e-06, 6.60578621137e-07, 1.06640743525e-06, 3.19164200846e-06, 6.45075851935e-06, 5.12908945893e-06, 9.4931709782e-07, 1.03148238395e-06, 4.12423833041e-06, 3.42277235177e-06, 1.515029453e-06, 2.30865310868e-07, 3.44982424849e-07, 6.63595471906e-07, 3.50947118477e-07, 8.83340902647e-08, 2.66194547294e-07, 1.97143492642e-07, 8.19232459648e-10, 5.60577070874e-11, 5.37522942823e-11, 4.95387723898e-11, 4.66817175193e-11, 4.78548381477e-11, 4.97979261993e-11, 4.27845363304e-11, 4.47512929491e-11, 4.06961339627e-11, 4.01066437006e-11, 5.46390051259e-11, 4.94021143438e-11, 3.41429801098e-11, 4.12894544943e-11, 3.1588370808e-11, 3.03689330627e-11, 2.92973943716e-11, 2.8497273985e-11, 2.78497624268e-11, 2.72117259281e-11, 2.67215763405e-11, 2.62748971885e-11, 2.57951784932e-11, 2.56180927166e-11, 2.53445528453e-11, 2.50683432346e-11]
    },
    "mfcc": {
        "mean": [-726.069213867, 183.468704224, -26.9206848145, 16.9496002197, -27.7080078125, -3.82157039642, -30.6918449402, -8.27502632141, -22.1715698242, 8.05626487732, 2.79528093338, 1.27891290188, -16.6025238037],
        "cov": [[3231.55053711, -1047.97351074, 2.1428129673, 70.1378555298, -232.105728149, 31.1081199646, -89.2789535522, 157.330230713, -148.800735474, 26.7545375824, 49.0528907776, -0.508438289165, 14.4528875351], [-1047.97351074, 1118.82885742, -329.822967529, -33.4309692383, 36.3376426697, -163.737609863, 81.4764099121, -44.5874862671, -48.5054588318, -32.1249694824, 58.9184265137, -3.11386322975, 68.9716644287], [2.1428129673, -329.822967529, 442.574707031, -72.6509780884, 77.030708313, 98.7413787842, -4.46400547028, -4.20532608032, 43.0167121887, -15.184053421, -24.0312347412, 9.5140838623, -42.185508728], [70.1378555298, -33.4309692383, -72.6509780884, 219.879440308, 1.4571378231, 19.5377597809, -18.7119274139, 21.3754959106, 5.70634508133, 22.8704013824, -0.954875588417, -34.3766174316, 6.73796415329], [-232.105728149, 36.3376426697, 77.030708313, 1.4571378231, 165.015029907, 34.9241790771, -1.16746246815, -24.4994869232, 16.4146518707, 11.9352235794, -24.0952262878, -14.797712326, -0.541263341904], [31.1081199646, -163.737609863, 98.7413787842, 19.5377597809, 34.9241790771, 164.10874939, -9.37651634216, -0.899199128151, 30.6397628784, 8.65579605103, -27.3374042511, 1.41498303413, -26.8911590576], [-89.2789535522, 81.4764099121, -4.46400547028, -18.7119274139, -1.16746246815, -9.37651634216, 129.985824585, 19.4034233093, 7.4461684227, -1.57984936237, 17.8111839294, 9.00796318054, 1.09824407101], [157.330230713, -44.5874862671, -4.20532608032, 21.3754959106, -24.4994869232, -0.899199128151, 19.4034233093, 116.909164429, -6.98659133911, 3.88143372536, 16.2099990845, -8.59679317474, 6.60948801041], [-148.800735474, -48.5054588318, 43.0167121887, 5.70634508133, 16.4146518707, 30.6397628784, 7.4461684227, -6.98659133911, 119.907089233, 10.6604576111, -23.9447460175, 4.81996250153, -32.6698760986], [26.7545375824, -32.1249694824, -15.184053421, 22.8704013824, 11.9352235794, 8.65579605103, -1.57984936237, 3.88143372536, 10.6604576111, 84.289932251, -7.27412414551, -3.23586845398, -6.93771266937], [49.0528907776, 58.9184265137, -24.0312347412, -0.954875588417, -24.0952262878, -27.3374042511, 17.8111839294, 16.2099990845, -23.9447460175, -7.27412414551, 125.692184448, 6.16845941544, 21.7226295471], [-0.508438289165, -3.11386322975, 9.5140838623, -34.3766174316, -14.797712326, 1.41498303413, 9.00796318054, -8.59679317474, 4.81996250153, -3.23586845398, 6.16845941544, 95.7694473267, -0.577975988388], [14.4528875351, 68.9716644287, -42.185508728, 6.73796415329, -0.541263341904, -26.8911590576, 1.09824407101, 6.60948801041, -32.6698760986, -6.93771266937, 21.7226295471, -0.577975988388, 109.153121948]],
        "icov": [[0.000633948948234, 0.000737007765565, 0.000363248487702, 4.55170120404e-05, 0.000364298641216, 0.000120595672342, 5.26595249539e-05, -0.000416385708377, 0.000781831739005, -3.57848730346e-05, -0.000219656241825, -7.13732288204e-06, -8.04562005214e-05], [0.000737007765565, 0.00241494528018, 0.00163096841425, 0.000443246361101, -0.00069315492874, 0.000971222878434, -0.000785370415542, 4.57319547422e-05, 0.000900861865375, 0.000645239721052, -0.000655878044199, 5.27009615325e-05, -0.000338151090546], [0.000363248487702, 0.00163096841425, 0.00431026378646, 0.0015053760726, -0.00189673225395, -0.000896714394912, -0.000343294232152, -0.000331405288307, -0.000118248543004, 0.00124567607418, -0.00056392676197, -2.31252270169e-05, 0.000443318538601], [4.55170120404e-05, 0.000443246361101, 0.0015053760726, 0.00571433734149, -0.000487135403091, -0.00101414008532, 0.000634991913103, -0.000904012296814, -0.00051351916045, -0.000828530290164, -0.000345169595676, 0.00173284672201, -0.000389451102819], [0.000364298641216, -0.00069315492874, -0.00189673225395, -0.000487135403091, 0.00840544886887, -0.0012675911421, 0.00012552991393, 0.00106283789501, 0.000157444548677, -0.00165344716515, 0.00102611200418, 0.00125870946795, -0.000904961198103], [0.000120595672342, 0.000971222878434, -0.000896714394912, -0.00101414008532, -0.0012675911421, 0.00833551958203, -0.000130384694785, -3.60942467523e-05, -0.000659051060211, -4.59949551441e-05, 0.000672555470373, -0.000559593667276, 0.000800152949523], [5.26595249539e-05, -0.000785370415542, -0.000343294232152, 0.000634991913103, 0.00012552991393, -0.000130384694785, 0.00879153050482, -0.00190972629935, -0.000873046461493, -0.000276904989732, -0.000904068816453, -0.00064616126474, 0.000210688653169], [-0.000416385708377, 4.57319547422e-05, -0.000331405288307, -0.000904012296814, 0.00106283789501, -3.60942467523e-05, -0.00190972629935, 0.0100388908759, -6.94047339493e-05, -0.000371069763787, -0.000749263737816, 0.000989258289337, -0.00052833603695], [0.000781831739005, 0.000900861865375, -0.000118248543004, -0.00051351916045, 0.000157444548677, -0.000659051060211, -0.000873046461493, -6.94047339493e-05, 0.0108176870272, -0.00088959565619, 0.0009341610712, -0.000650840753224, 0.00215651444159], [-3.57848730346e-05, 0.000645239721052, 0.00124567607418, -0.000828530290164, -0.00165344716515, -4.59949551441e-05, -0.000276904989732, -0.000371069763787, -0.00088959565619, 0.0129962209612, 0.000181581141078, -0.000186262535863, 0.000657973869238], [-0.000219656241825, -0.000655878044199, -0.00056392676197, -0.000345169595676, 0.00102611200418, 0.000672555470373, -0.000904068816453, -0.000749263737816, 0.0009341610712, 0.000181581141078, 0.00920786242932, -0.000564403075259, -0.00107218464836], [-7.13732288204e-06, 5.27009615325e-05, -2.31252270169e-05, 0.00173284672201, 0.00125870946795, -0.000559593667276, -0.00064616126474, 0.000989258289337, -0.000650840753224, -0.000186262535863, -0.000564403075259, 0.0114806611091, -0.000366806343663], [-8.04562005214e-05, -0.000338151090546, 0.000443318538601, -0.000389451102819, -0.000904961198103, 0.000800152949523, 0.000210688653169, -0.00052833603695, 0.00215651444159, 0.000657973869238, -0.00107218464836, -0.000366806343663, 0.0107023585588]]
    },
    "spectral_contrast_coeffs": {
        "max": [-0.331227719784, -0.448724389076, -0.488843232393, -0.466252595186, -0.521164357662, -0.488703131676],
        "mean": [-0.635537385941, -0.711485505104, -0.68754953146, -0.722216367722, -0.726374089718, -0.673446595669],
        "min": [-0.832308709621, -0.947749614716, -0.945817172527, -0.904431700706, -0.840754032135, -0.874528825283],
        "stdev": [0.0710699856281, 0.069375321269, 0.0592648088932, 0.0515358820558, 0.0454676039517, 0.0487725436687]
    },
    "spectral_contrast_valleys": {
        "max": [-5.77877902985, -4.46664333344, -6.23527956009, -6.79946374893, -6.56897258759, -9.60681533813],
        "mean": [-7.69946050644, -6.33739948273, -8.18009090424, -8.54257678986, -9.05971717834, -13.1711835861],
        "min": [-9.65091705322, -9.8182144165, -11.602022171, -12.0754070282, -11.4683046341, -15.5758934021],
        "stdev": [0.61651301384, 0.674850702286, 0.723750174046, 0.637358546257, 0.747472643852, 0.971182048321]
    }
},
"rhythm": {
    "beats_count": 107,
    "beats_loudness": {
        "max": 0.134735271335,
        "mean": 0.0199673790485,
        "min": 0.00318238697946,
        "stdev": 0.0203034002334
    },
    "bpm": 128.569656372,
    "bpm_histogram_first_peak_bpm": 129,
    "bpm_histogram_first_peak_weight": 0.54166662693,
    "bpm_histogram_second_peak_bpm": 152,
    "bpm_histogram_second_peak_spread": 0.214285731316,
    "bpm_histogram_second_peak_weight": 0.103773586452,
    "danceability": 0.881683945656,
    "onset_rate": 2.8095703125,
    "beats_loudness_band_ratio": {
        "max": [0.565990388393, 0.746263623238, 0.921011924744, 0.429109454155, 0.252455562353, 0.135190784931],
        "mean": [0.100466147065, 0.294600635767, 0.559087276459, 0.107967481017, 0.0396410934627, 0.015584022738],
        "min": [0.00102461711504, 0.0258739311248, 0.176618680358, 0.00694511411712, 0.00359064457007, 0.00039602216566],
        "stdev": [0.0978028029203, 0.176752090454, 0.17733168602, 0.082071788609, 0.0378294363618, 0.0228783655912]
    },
