{
"metadata": {
    "version": {
        "essentia": "2.1-beta5",
        "essentia_git_sha": "Undefined",
        "extractor": "music 2.0"
    },
    "audio_properties": {
        "analysis": {
            "equal_loudness": 0,
            "length": 48.7502937317,
            "sample_rate": 44100,
            "start_time": 12.7477550507,
            "downmix": "mix"
        },
        "bit_rate": 192000,
        "length": 260.028656006,
        "lossless": 0,
        "number_channels": 2,
        "replay_gain": -8.41351890564,
        "sample_rate": 48000,
        "codec": "mp3",
        "md5_encoded": "324a5e6e0f88862e55d44e1f226a0219"
    },
    "tags": {
        "file_name": "Italy_We_ll Live It All Again_Romina and Al Bano.mp3",
        "encoding": ["Lavf58.29.100"]
    }
},
"lowlevel": {
    "average_loudness": 0.766599178314,
    "barkbands_crest": {
        "max": 23.9646244049,
        "mean": 10.3303785324,
        "min": 3.35246133804,
        "stdev": 3.61950039864
    },
    "barkbands_flatness_db": {
        "max": 0.328422963619,
        "mean": 0.181810870767,
        "min": 0.0373509153724,
        "stdev": 0.0590418949723
    },
    "barkbands_kurtosis": {
        "max": 47.2308158875,
        "mean": 4.09897565842,
        "min": -1.82796978951,
        "stdev": 6.05645704269
    },
    "barkbands_skewness": {
        "max": 5.88283920288,
        "mean": 0.826685786247,
        "min": -2.17548465729,
        "stdev": 1.02717757225
    },
    "barkbands_spread": {
        "max": 54.8498535156,
        "mean": 14.3103284836,
        "min": 1.40096533298,
        "stdev": 11.4055213928
    },
    "dissonance": {
        "max": 0.500000059605,
        "mean": 0.434045910835,
        "min": 0.188823327422,
        "stdev": 0.0584445819259
    },
    "dynamic_complexity": 6.80634689331,
    "erbbands_crest": {
        "max": 31.9920749664,
        "mean": 12.4040174484,
        "min": 3.47508645058,
        "stdev": 5.06910610199
    },
    "erbbands_flatness_db": {
        "max": 0.342586189508,
        "mean": 0.221814900637,
        "min": 0.0669680908322,
        "stdev": 0.0473062582314
    },
    "erbbands_kurtosis": {
        "max": 64.213180542,
        "mean": 4.99919176102,
        "min": -1.8375569582,
        "stdev": 8.24220466614
    },
    "erbbands_skewness": {
        "max": 6.81893253326,
        "mean": 0.842514753342,
        "min": -4.14972782135,
        "stdev": 1.57564949989
    },
    "erbbands_spread": {
        "max": 87.0798492432,
        "mean": 18.577709198,
        "min": 2.53688383102,
        "stdev": 11.6543579102
    },
    "hfc": {
        "max": 140.975524902,
        "mean": 9.17753601074,
        "min": 0.0336345806718,
        "stdev": 17.5825576782
    },
    "loudness_ebu128": {
        "integrated": -18.7705860138,
        "loudness_range": 9.21368789673,
        "momentary": {
            "max": -12.8012475967,
            "mean": -22.3977012634,
            "min": -38.0398254395,
            "stdev": 6.08518886566
        },
        "short_term": {
            "max": -16.5041313171,
            "mean": -20.5991611481,
            "min": -33.717918396,
            "stdev": 3.94951486588
        }
    },
    "melbands_crest": {
        "max": 34.4409332275,
        "mean": 14.0793886185,
        "min": 3.77760648727,
        "stdev": 5.16396427155
    },
    "melbands_flatness_db": {
        "max": 0.427437871695,
        "mean": 0.259679824114,
        "min": 0.0515588484704,
        "stdev": 0.0819087922573
    },
    "melbands_kurtosis": {
        "max": 102.556915283,
        "mean": 5.12822341919,
        "min": -1.84682202339,
        "stdev": 8.20701694489
    },
    "melbands_skewness": {
        "max": 9.29447555542,
        "mean": 1.19063091278,
        "min": -1.13240230083,
        "stdev": 1.1154499054
    },
    "melbands_spread": {
        "max": 96.0096740723,
        "mean": 22.4130210876,
        "min": 1.81846010685,
        "stdev": 21.2829055786
    },
    "pitch_salience": {
        "max": 0.872681438923,
        "mean": 0.608578383923,
        "min": 0.137607038021,
        "stdev": 0.12187372148
    },
    "silence_rate_20dB": {
        "max": 1,
        "mean": 1,
        "min": 1,
        "stdev": 0
    },
    "silence_rate_30dB": {
        "max": 1,
        "mean": 0.996668279171,
        "min": 0,
        "stdev": 0.05762520805
    },
    "silence_rate_60dB": {
        "max": 1,
        "mean": 0.550690174103,
        "min": 0,
        "stdev": 0.497419953346
    },
    "spectral_centroid": {
        "max": 2930.16845703,
        "mean": 1066.82434082,
        "min": 286.84274292,
        "stdev": 655.614562988
    },
    "spectral_complexity": {
        "max": 37,
        "mean": 8.4245595932,
        "min": 0,
        "stdev": 7.92995738983
    },
    "spectral_decrease": {
        "max": -2.58660714375e-11,
        "mean": -2.40036168719e-09,
        "min": -3.67783563604e-08,
        "stdev": 4.65690463969e-09
    },
    "spectral_energy": {
        "max": 0.150114148855,
        "mean": 0.00989194959402,
        "min": 0.000108376938442,
        "stdev": 0.0191098451614
    },
    "spectral_energyband_high": {
        "max": 0.0012237848714,
        "mean": 4.85267082695e-05,
        "min": 3.16169973757e-07,
        "stdev": 0.000129864783958
    },
    "spectral_energyband_low": {
        "max": 0.000853392295539,
        "mean": 0.000213941850234,
        "min": 9.92083550955e-06,
        "stdev": 9.72722336883e-05
    },
    "spectral_energyband_middle_high": {
        "max": 0.0999384373426,
        "mean": 0.00348230102099,
        "min": 2.8919550914e-06,
        "stdev": 0.00752318603918
    },
    "spectral_energyband_middle_low": {
        "max": 0.10154722631,
        "mean": 0.00625413376838,
        "min": 6.28041061645e-06,
        "stdev": 0.0127992406487
    },
    "spectral_entropy": {
        "max": 8.23295783997,
        "mean": 6.94841957092,
        "min": 5.41402244568,
        "stdev": 0.579004347324
    },
    "spectral_flux": {
        "max": 0.324031114578,
        "mean": 0.0542531386018,
        "min": 0.00315840332769,
        "stdev": 0.0588075257838
    },
    "spectral_kurtosis": {
        "max": 38.7393608093,
        "mean": 13.9494991302,
        "min": 1.6021270752,
        "stdev": 6.13685035706
    },
    "spectral_rms": {
        "max": 0.0121017694473,
        "mean": 0.00231081130914,
        "min": 0.000325167027768,
        "stdev": 0.00207625725307
    },
    "spectral_rolloff": {
        "max": 4543.50585938,
        "mean": 1271.5546875,
        "min": 64.599609375,
        "stdev": 848.788635254
    },
    "spectral_skewness": {
        "max": 5.04696750641,
        "mean": 2.79222345352,
        "min": 1.07464396954,
        "stdev": 0.677916765213
    },
    "spectral_spread": {
        "max": 7393183.5,
        "mean": 3063514,
        "min": 1862406,
        "stdev": 697108.8125
    },
    "spectral_strongpeak": {
        "max": 11.1216011047,
        "mean": 0.723926842213,
        "min": 0.0118453279138,
        "stdev": 1.06393384933
    },
    "zerocrossingrate": {
        "max": 0.1337890625,
        "mean": 0.0425620414317,
        "min": 0.00830078125,
        "stdev": 0.0266230292618
    },
    "barkbands": {
        "max": [0.000104627994006, 0.000775833206717, 0.000236331252381, 0.000206181051908, 0.00409799814224, 0.0199415292591, 0.0585408657789, 0.0578740462661, 0.0898744463921, 0.0601134076715, 0.0337207838893, 0.0343522541225, 0.0259926095605, 0.015430027619, 0.0408011712134, 0.0101380450651, 0.0107956621796, 0.00462208781391, 0.00165268674027, 0.000342471117619, 0.000329465285176, 0.000380318291718, 0.000195770291612, 0.000223814175115, 9.63023412623e-05, 0.000130519882077, 1.00081851997e-05],
        "mean": [1.44205523611e-05, 0.000180620758329, 1.37497518153e-05, 1.5596699086e-05, 0.000382426544093, 0.000743374053854, 0.00131826044526, 0.00153564079665, 0.00203078333288, 0.000601842242759, 0.000464774406282, 0.000417225004639, 0.000493529136293, 0.000354215531843, 0.000389275024645, 0.000302368338453, 0.000413635629229, 0.000121663251775, 4.36160735262e-05, 8.45692829898e-06, 1.14358235805e-05, 9.51341280597e-06, 6.77287380313e-06, 6.73227350489e-06, 4.52277254226e-06, 6.89894250172e-06, 6.08311665928e-07],
        "min": [2.21445262127e-07, 3.15518241223e-06, 2.5750248156e-08, 9.37229405196e-09, 1.67279097241e-07, 3.0516315519e-07, 6.12623409779e-07, 1.09250201774e-07, 8.01632893399e-08, 2.70691042914e-08, 2.93186630529e-08, 5.53850156848e-08, 1.15878556528e-07, 8.89310527441e-08, 1.15464573014e-07, 1.27824321794e-07, 1.56547699248e-07, 2.02773321689e-07, 7.2157519071e-08, 3.92107573077e-08, 3.70938657568e-08, 2.84924617233e-08, 2.89466424164e-08, 4.84345825669e-08, 2.54813183886e-08, 3.2438105535e-08, 2.00699878938e-09],
        "stdev": [8.79168510437e-06, 8.83525353856e-05, 1.69286395248e-05, 1.93926498468e-05, 0.000470612721983, 0.00140760012437, 0.0040519037284, 0.0048306658864, 0.00761509453878, 0.00283857318573, 0.00207718624733, 0.00189593015239, 0.00187107117381, 0.00113025237806, 0.0018253272865, 0.000959548924584, 0.000928167137317, 0.000293708610116, 0.000107627580292, 3.00605388475e-05, 3.60329177056e-05, 2.82360779238e-05, 1.93100240722e-05, 2.10155885725e-05, 9.85866063274e-06, 1.42992512338e-05, 1.22523510981e-06]
    },
    "erbbands": {
        "max": [0.0379295200109, 0.138813138008, 0.239829272032, 0.48596778512, 2.94603157043, 20.2346973419, 109.133140564, 244.366500854, 662.501464844, 1511.73730469, 1316.18994141, 2304.36425781, 1815.75830078, 1369.53747559, 1055.04724121, 1702.78259277, 1195.72851562, 720.484680176, 1793.22741699, 1678.35888672, 563.247009277, 569.713684082, 348.999908447, 130.993041992, 34.4670753479, 16.9735069275, 19.8080501556, 10.6647157669, 18.0861625671, 5.95042657852, 6.66210365295, 6.28278875351, 4.58277273178, 1.71792566776, 0.398040652275, 0.213129088283, 0.342295348644, 0.0642411708832, 0.00255094026215, 0.000253338075709],
        "mean": [0.0091339237988, 0.0246860999614, 0.0176557712257, 0.0363615565002, 0.241983920336, 1.38073480129, 4.82929611206, 5.98074388504, 15.2739238739, 25.8706283569, 38.2205619812, 47.0245285034, 26.0075378418, 17.4948444366, 18.8546562195, 18.0023612976, 22.3948822021, 20.305398941, 17.7209205627, 18.966588974, 19.0233249664, 22.867307663, 8.98030948639, 3.77048301697, 1.20415759087, 0.378989458084, 0.46251219511, 0.359750449657, 0.393453001976, 0.260641902685, 0.178248628974, 0.13648802042, 0.114171117544, 0.0676467418671, 0.0226779300719, 0.0137838581577, 0.015872657299, 0.0035115131177, 0.000113199552288, 1.61239768204e-05],
        "min": [0.000117657727969, 0.000485700904392, 0.000994048430584, 0.000298266415484, 0.000665742496494, 0.00063839770155, 0.00151168124285, 0.00306592439301, 0.00859084445983, 0.00905087031424, 0.00697789434344, 0.00382861564867, 0.00234040874057, 0.00343823828734, 0.00250312010758, 0.00442606303841, 0.0053385021165, 0.00602771574631, 0.0050240107812, 0.0099171185866, 0.00875371787697, 0.00949247553945, 0.011085879989, 0.00838244426996, 0.00392444198951, 0.00200308812782, 0.00165803951677, 0.00122281780932, 0.00126190122683, 0.00108675227966, 0.000845495145768, 0.000745453173295, 0.000747387995943, 0.000389039021684, 0.00012386594608, 6.36720069451e-05, 6.37042612652e-05, 1.58520851983e-05, 8.26137863896e-07, 2.28524299928e-07],
        "stdev": [0.00428643682972, 0.0143668055534, 0.0178684722632, 0.036678403616, 0.31855943799, 1.75872540474, 7.77490901947, 14.3232250214, 42.7124557495, 79.3667221069, 118.97303009, 172.830825806, 110.471832275, 71.7094650269, 79.3111038208, 80.0918121338, 84.9767532349, 63.1927719116, 66.4183959961, 83.2881469727, 54.8949394226, 51.8501205444, 21.2576637268, 9.40353775024, 3.08585858345, 1.27406394482, 1.52196896076, 1.06162822247, 1.26127326488, 0.681871771812, 0.522816002369, 0.457517445087, 0.341367006302, 0.163246512413, 0.0437672734261, 0.0263155177236, 0.0339108556509, 0.0076008932665, 0.000249054457527, 2.89650306513e-05]
    },
    "gfcc": {
        "mean": [-140.17829895, 102.348869324, -108.489204407, -1.14057767391, -45.6843528748, -7.19166707993, -50.5435943604, 16.062959671, -4.55435419083, 11.9725160599, -6.09895896912, 16.5057792664, -10.4026269913],
        "cov": [[8758.45507812, -2106.35107422, -2830.42553711, -1676.66845703, -214.818054199, 173.693969727, -63.3773574829, 391.971588135, 24.244140625, -52.4322776794, -420.90637207, 412.085021973, -110.530967712], [-2106.35107422, 1379.63208008, 950.145874023, -64.1585159302, -212.640197754, -345.032043457, -3.24423766136, -86.4493789673, -124.607345581, -149.994873047, 101.612068176, -73.5711135864, 21.9416637421], [-2830.42553711, 950.145874023, 1205.96838379, 513.773803711, -101.911590576, -260.316986084, -15.6358728409, -160.326293945, -55.5774803162, -40.2220878601, 145.110931396, -160.930892944, 56.1443595886], [-1676.66845703, -64.1585159302, 513.773803711, 821.578796387, 268.675537109, -14.167596817, -169.0128479, -125.235984802, 66.3850479126, 74.2292480469, 54.444984436, -80.9776992798, 21.7631187439], [-214.818054199, -212.640197754, -101.911590576, 268.675537109, 284.560516357, 108.435531616, -146.631256104, -42.961730957, 56.2680740356, 42.563331604, -32.6716499329, 27.5560855865, -15.6135473251], [173.693969727, -345.032043457, -260.316986084, -14.167596817, 108.435531616, 377.727142334, 175.812652588, -49.2151107788, -12.2265081406, 77.3856277466, -8.333735466, -45.1979484558, -20.1941242218], [-63.3773574829, -3.24423766136, -15.6358728409, -169.0128479, -146.631256104, 175.812652588, 332.99105835, 66.7544784546, -63.2708091736, -8.95783996582, 43.5712471008, -70.0162811279, -8.62128448486], [391.971588135, -86.4493789673, -160.326293945, -125.235984802, -42.961730957, -49.2151107788, 66.7544784546, 185.014633179, 41.1494140625, -49.0594711304, -30.8391456604, 47.7509651184, -15.7851953506], [24.244140625, -124.607345581, -55.5774803162, 66.3850479126, 56.2680740356, -12.2265081406, -63.2708091736, 41.1494140625, 122.731941223, 75.2579879761, -24.6160507202, -6.13902759552, -3.45456027985], [-52.4322776794, -149.994873047, -40.2220878601, 74.2292480469, 42.563331604, 77.3856277466, -8.95783996582, -49.0594711304, 75.2579879761, 140.005752563, 31.3792304993, -49.5135726929, -10.905169487], [-420.90637207, 101.612068176, 145.110931396, 54.444984436, -32.6716499329, -8.333735466, 43.5712471008, -30.8391456604, -24.6160507202, 31.3792304993, 114.500610352, 8.23582077026, 4.66799449921], [412.085021973, -73.5711135864, -160.930892944, -80.9776992798, 27.5560855865, -45.1979484558, -70.0162811279, 47.7509651184, -6.13902759552, -49.5135726929, 8.23582077026, 154.887634277, 31.687292099], [-110.530967712, 21.9416637421, 56.1443595886, 21.7631187439, -15.6135473251, -20.1941242218, -8.62128448486, -15.7851953506, -3.45456027985, -10.905169487, 4.66799449921, 31.687292099, 66.9459991455]],
        "icov": [[0.00175959407352, 0.00226333946921, 0.00192395038903, 0.00208348501474, 0.00154466519598, 0.00221299147233, 0.000606703979429, 0.00150265253615, 0.00140472035855, 6.1567479861e-05, 0.00207651546225, -0.00069877813803, 0.00160124257673], [0.00226333946921, 0.0120632909238, -0.00903000868857, 0.0139801241457, -0.00973945390433, 0.00876606814563, -0.00243960670196, 0.00424094917253, 0.00261654076166, 0.00123870559037, 0.00245410366915, -0.00104178965557, 0.00452878093347], [0.00192395038903, -0.00903000868857, 0.0213929023594, -0.0139863528311, 0.0161070637405, -0.000269460579148, 0.00013915092859, 0.00617407495156, -0.00654066819698, 0.00716102076694, -0.00269504450262, 0.00345373852178, -0.00272714253515], [0.00208348501474, 0.0139801241457, -0.0139863528311, 0.0211471579969, -0.0180983152241, 0.00985277537256, -0.001986697549, 0.00243726652116, 0.00367539003491, 1.99391652131e-05, 0.000459700182546, 0.00176295626443, 0.00210928800516], [0.00154466519598, -0.00973945390433, 0.0161070637405, -0.0180983152241, 0.0404387675226, -0.0252330098301, 0.0262998435646, -0.0128941731527, 0.00141166371759, 0.00322893471457, -0.00193560775369, 0.000915208598599, 0.000584759924095], [0.00221299147233, 0.00876606814563, -0.000269460579148, 0.00985277537256, -0.0252330098301, 0.0378273464739, -0.0364379510283, 0.0293570198119, -0.00585995102301, -0.00329159107059, 0.0133864963427, -0.010649509728, 0.00882753822953], [0.000606703979429, -0.00243960670196, 0.00013915092859, -0.001986697549, 0.0262998435646, -0.0364379510283, 0.0500815920532, -0.0382278934121, 0.0187019631267, 0.000252784200711, -0.0162999816239, 0.0196393169463, -0.0122444620356], [0.00150265253615, 0.00424094917253, 0.00617407495156, 0.00243726652116, -0.0128941731527, 0.0293570198119, -0.0382278934121, 0.0486589968204, -0.0333110541105, 0.0206145867705, 0.00645332736894, -0.0139184081927, 0.015296372585], [0.00140472035855, 0.00261654076166, -0.00654066819698, 0.00367539003491, 0.00141166371759, -0.00585995102301, 0.0187019631267, -0.0333110541105, 0.0539856478572, -0.0419373288751, 0.0167141892016, -0.00162069115322, -0.00557610578835], [6.1567479861e-05, 0.00123870559037, 0.00716102076694, 1.99391652131e-05, 0.00322893471457, -0.00329159107059, 0.000252784200711, 0.0206145867705, -0.0419373288751, 0.0536449849606, -0.0287343226373, 0.0173824764788, -0.00131254165899], [0.00207651546225, 0.00245410366915, -0.00269504450262, 0.000459700182546, -0.00193560775369, 0.0133864963427, -0.0162999816239, 0.00645332736894, 0.0167141892016, -0.0287343226373, 0.0384977832437, -0.0253000538796, 0.0132165700197], [-0.00069877813803, -0.00104178965557, 0.00345373852178, 0.00176295626443, 0.000915208598599, -0.010649509728, 0.0196393169463, -0.0139184081927, -0.00162069115322, 0.0173824764788, -0.0253000538796, 0.0329810269177, -0.0191322676837], [0.00160124257673, 0.00452878093347, -0.00272714253515, 0.00210928800516, 0.000584759924095, 0.00882753822953, -0.0122444620356, 0.015296372585, -0.00557610578835, -0.00131254165899, 0.0132165700197, -0.0191322676837, 0.0301600266248]]
    },
    "melbands": {
        "max": [0.000263451656792, 8.94383629202e-05, 8.63728200784e-05, 0.000686804356519, 0.00285881315358, 0.0047216406092, 0.0105477711186, 0.0168881416321, 0.0126749519259, 0.0126794958487, 0.00930308923125, 0.00584155879915, 0.00467234617099, 0.00413567665964, 0.0027063570451, 0.00223599537276, 0.00137092138175, 0.00230616447516, 0.00309043540619, 0.0011849104194, 0.000870528514497, 0.000539725297131, 0.000810847384855, 0.000134120622533, 0.000123632853501, 2.90958087135e-05, 2.52983008977e-05, 8.96396613825e-06, 1.34028423417e-05, 1.20157574202e-05, 4.65343237011e-06, 9.31263912207e-06, 8.11852351035e-06, 3.62795663023e-06, 4.8675196922e-06, 2.82035625787e-06, 3.49448851011e-06, 3.28299825014e-06, 2.77055983133e-06, 1.12759732929e-06],
        "mean": [6.23095038463e-05, 1.5332521798e-05, 1.04356968222e-05, 5.28006821696e-05, 0.000146883365232, 0.000140406948049, 0.000247459916864, 0.000297159946058, 0.000329808768583, 0.000286097027129, 0.000123020057799, 6.91434615874e-05, 6.454045797e-05, 4.89876401844e-05, 4.74956468679e-05, 4.83467119921e-05, 3.58761462849e-05, 2.68036947091e-05, 3.02676235151e-05, 1.98903053388e-05, 2.32897073147e-05, 2.54782225966e-05, 1.43477336678e-05, 4.45175601271e-06, 2.96765642815e-06, 1.12928375984e-06, 5.15345277563e-07, 1.60378846203e-07, 2.3478817468e-07, 3.4153677575e-07, 1.53872093733e-07, 2.20460108835e-07, 1.8544129432e-07, 1.42231783684e-07, 1.18024438223e-07, 7.93466270466e-08, 7.39778158731e-08, 8.18207652742e-08, 6.89644394924e-08, 5.12781959117e-08],
        "min": [1.05585354504e-06, 7.84183498581e-07, 5.64587381291e-08, 3.67459378481e-08, 7.0580071565e-08, 7.46539541296e-08, 1.39353460327e-07, 6.99990039266e-08, 3.01105309575e-08, 1.05080601998e-08, 8.38115710167e-09, 1.1186258142e-08, 5.16621989632e-09, 6.64512178616e-09, 7.12641234912e-09, 1.35282087754e-08, 9.21322840242e-09, 6.30664676038e-09, 1.30994548542e-08, 8.27145107962e-09, 7.14879178076e-09, 8.15340239768e-09, 9.71468949729e-09, 6.93487667291e-09, 5.51419532258e-09, 2.57266807857e-09, 1.48093703967e-09, 1.13369369448e-09, 7.87263365609e-10, 8.35408853206e-10, 4.61245014405e-10, 5.75081482435e-10, 6.08047723283e-10, 4.60992521933e-10, 3.88024723463e-10, 5.08918962527e-10, 4.2399420086e-10, 4.31504970644e-10, 4.78229456036e-10, 2.12881906547e-10],
        "stdev": [2.99503481074e-05, 9.91852357402e-06, 1.0738461242e-05, 6.92744433763e-05, 0.000219837485929, 0.000307511567371, 0.000714619527571, 0.000897847465239, 0.00108479859773, 0.00106748903636, 0.000544588197954, 0.000297703692922, 0.000283265893813, 0.000229338183999, 0.000197923829546, 0.000171944819158, 0.000116936556878, 9.79229953373e-05, 0.000150572974235, 7.59752147133e-05, 6.8830246164e-05, 5.74414261791e-05, 3.99620694225e-05, 1.01757232187e-05, 8.1333455455e-06, 2.661440476e-06, 1.94963376998e-06, 5.73136730964e-07, 7.78018261371e-07, 1.16277738016e-06, 4.07705982752e-07, 7.1015733738e-07, 5.64386880342e-07, 3.82166064128e-07, 3.56734204843e-07, 2.64723269083e-07, 2.44383187464e-07, 2.53582072673e-07, 1.8616054831e-07, 1.17998176563e-07]
    },
    "melbands128": {
        "max": [8.97224817891e-05, 0.000350306247128, 0.000368370674551, 0.000190334161744, 0.00012434850214, 0.000114994771138, 0.000104725331767, 0.000124411875731, 0.000174828848685, 0.000907235080376, 0.00143835134804, 0.00185568723828, 0.00538580259308, 0.00700303306803, 0.0084706582129, 0.00755189172924, 0.00910847540945, 0.0193623155355, 0.0248320810497, 0.0247409828007, 0.0243977457285, 0.0199596807361, 0.019713955, 0.0368622988462, 0.0283159445971, 0.0201299283653, 0.0182323027402, 0.0143872676417, 0.0195720437914, 0.00886001810431, 0.0070609212853, 0.00862975884229, 0.00740131130442, 0.00652378471568, 0.00747267436236, 0.00820765923709, 0.00610994640738, 0.00287166936323, 0.006666877307, 0.00451457966119, 0.00277896085754, 0.00227200239897, 0.00262810266577, 0.00260296324268, 0.00196491088718, 0.00217742053792, 0.0070366715081, 0.00691260164604, 0.00513268494979, 0.0028451893013, 0.00093992712209, 0.00138989719562, 0.00132735620718, 0.00154046562966, 0.00108086003456, 0.000687730032951, 0.00115862407256, 0.00148884928785, 0.000675430637784, 0.000168329512235, 0.000147267521243, 0.000134786518174, 0.00022352320957, 0.000193004845642, 9.81052871794e-05, 2.9968608942e-05, 4.12029621657e-05, 6.217189366e-05, 3.32185736625e-05, 1.77222409548e-05, 1.1764212104e-05, 5.70890188101e-06, 1.43001443575e-05, 1.49893139678e-05, 1.73719217855e-05, 2.17240467464e-05, 1.42352027979e-05, 8.84659857547e-06, 5.04605532115e-06, 3.71117334907e-06, 8.39166295918e-06, 1.23363251987e-05, 2.21245609282e-05, 7.95612049842e-06, 2.80305835076e-06, 5.81058839089e-06, 5.85564339417e-06, 6.57009604765e-06, 7.68309928389e-06, 1.94336666937e-06, 1.34403626362e-06, 5.27985412191e-06, 1.05930148493e-05, 2.87168199975e-06, 9.15568648452e-07, 1.97997928808e-06, 5.50727509108e-06, 7.44335693525e-06, 1.99895657715e-06, 2.7585447242e-06, 2.33709806707e-06, 1.15190857741e-06, 1.09937082016e-06, 8.58571638673e-07, 5.52314872948e-07, 3.65119007029e-07, 4.3615241907e-07, 5.61633498819e-07, 4.31727869454e-07, 6.95129301675e-07, 7.2517315175e-07, 1.75690070137e-06, 1.85757926374e-06, 1.5974519556e-06, 1.42772387335e-06, 1.27618602619e-06, 2.35307112462e-07, 7.56091935727e-08, 6.76156517443e-08, 3.40685524236e-08, 5.95121676383e-08, 9.87821167087e-08, 1.15276399981e-07, 9.90140680557e-09, 1.67359359704e-09, 1.66080016406e-09, 1.649589354e-09, 1.64416136261e-09],
        "mean": [1.40107831612e-05, 8.69383802637e-05, 7.64765791246e-05, 2.83676581603e-05, 9.18133991945e-06, 6.45969657853e-06, 5.6410367506e-06, 9.09202663024e-06, 1.88282865565e-05, 4.61585113953e-05, 7.28888335289e-05, 0.000121998469695, 0.000201359012863, 0.000134165966301, 0.000108813488623, 0.000154765628395, 0.000201904069399, 0.00027200562181, 0.000298702914733, 0.000276847393252, 0.000310434261337, 0.000314065255225, 0.000312102522003, 0.000379034550861, 0.000337016768754, 0.000250515644439, 0.000166514655575, 0.000110912733362, 8.53212259244e-05, 6.89710359438e-05, 6.22963998467e-05, 6.93384572514e-05, 6.99600132066e-05, 5.88850271015e-05, 4.69996884931e-05, 4.97108339914e-05, 4.58367539977e-05, 4.30510444858e-05, 5.27610791323e-05, 5.15124884259e-05, 4.72445026389e-05, 4.39257419202e-05, 3.86242136301e-05, 3.09962051688e-05, 2.55520426435e-05, 2.58264371951e-05, 2.70316122624e-05, 3.46253618773e-05, 3.00235205941e-05, 2.38544962485e-05, 1.61675216077e-05, 1.86633005796e-05, 2.16913522308e-05, 2.52987792919e-05, 2.7166257496e-05, 2.59916014329e-05, 2.47211992246e-05, 1.83925221791e-05, 1.05703002191e-05, 5.88984039496e-06, 4.02788509746e-06, 3.33915863848e-06, 3.43193460139e-06, 2.94545225188e-06, 2.12126974475e-06, 9.58405507845e-07, 6.21014294211e-07, 6.21211313501e-07, 5.48023137981e-07, 2.93411147823e-07, 1.50630143025e-07, 7.32844682716e-08, 1.282058264e-07, 2.55696306795e-07, 3.72467127363e-07, 3.98627179266e-07, 3.20758175576e-07, 1.99134206014e-07, 1.11925210433e-07, 1.19626321293e-07, 1.92892230189e-07, 2.70653629286e-07, 2.81904590338e-07, 1.75948557057e-07, 1.04043671456e-07, 1.22960997828e-07, 1.61196510362e-07, 1.70515349396e-07, 1.37650673082e-07, 6.31084162706e-08, 3.97380759409e-08, 9.67246762684e-08, 1.23396517893e-07, 7.51230615492e-08, 3.73643267437e-08, 6.50639435662e-08, 1.05855214372e-07, 8.98981724617e-08, 4.6202753623e-08, 7.81625431046e-08, 7.43603436604e-08, 4.1432816289e-08, 3.1389220112e-08, 3.02942915198e-08, 2.51138700946e-08, 1.94015328248e-08, 1.62304711893e-08, 1.76724821443e-08, 1.80858314991e-08, 2.8048036782e-08, 3.38256143095e-08, 4.75323673754e-08, 6.4638719266e-08, 5.36219246783e-08, 5.99678102731e-08, 5.05960926489e-08, 1.54443426936e-08, 2.17737405883e-09, 1.09846942653e-09, 1.14060649814e-09, 1.5544109333e-09, 1.9423387343e-09, 2.21444929061e-09, 9.28943241774e-11, 2.26805813713e-12, 2.18718988233e-12, 2.13818719674e-12, 2.12351772451e-12],
        "min": [5.42035003548e-08, 9.31189163111e-07, 3.44156376286e-07, 5.66618837183e-07, 1.37106141551e-07, 8.45733527655e-09, 1.17050120707e-08, 3.66509333993e-09, 1.60751181255e-08, 5.6334754639e-09, 1.7322868473e-08, 1.51087000688e-08, 3.35437277954e-08, 4.48110704099e-08, 3.5131378695e-08, 2.1071150158e-08, 7.14793557677e-08, 3.82741234262e-08, 2.3031034857e-08, 3.69959458624e-08, 1.27971464536e-08, 2.00631582459e-08, 1.8965110371e-08, 1.56038062471e-08, 7.38440597559e-09, 2.97453639497e-09, 3.04020697506e-09, 4.13572331937e-09, 1.98060767787e-09, 2.98751379191e-09, 3.61004404148e-09, 3.16176329562e-09, 2.69986522028e-09, 1.26091670438e-09, 2.74381339871e-09, 2.04148054017e-09, 1.24348886743e-09, 2.28194418916e-09, 1.98454741529e-09, 4.80666972891e-09, 5.87022785936e-09, 1.78319137234e-09, 6.02267302696e-09, 6.26355545208e-09, 3.14360271148e-09, 3.55073948022e-09, 2.68051136842e-09, 2.94287350044e-09, 2.89619350724e-09, 5.10933872988e-09, 4.44644587816e-09, 1.57232382669e-09, 1.32253918927e-09, 3.84869869308e-09, 3.80601861139e-09, 3.34343064345e-09, 3.22333382208e-09, 4.12840961417e-09, 4.10171763221e-09, 3.92599908139e-09, 3.85484622001e-09, 2.68893929345e-09, 1.69494107638e-09, 2.34717112413e-09, 1.9851109645e-09, 1.55260704293e-09, 7.4632405811e-10, 4.04457356495e-10, 2.90462570662e-10, 5.35088029441e-10, 2.06979794415e-10, 2.90076768161e-10, 3.8252229162e-10, 3.54125090363e-10, 4.46369358142e-10, 3.74367953304e-10, 4.28954816112e-10, 2.10241518639e-10, 2.14870038429e-10, 2.0201505746e-10, 2.45914233421e-10, 2.92129570534e-10, 4.54948190232e-10, 6.13570860786e-10, 1.21134102748e-10, 2.36302338807e-10, 3.23098353627e-10, 2.88637003187e-10, 3.33398725294e-10, 2.46950043747e-10, 1.37090977459e-10, 3.87662513202e-10, 2.37880659615e-10, 3.09518966013e-10, 2.19253851186e-10, 2.51604709289e-10, 2.21581378246e-10, 3.50576928598e-10, 1.93363866585e-10, 2.39256836565e-10, 2.42272396589e-10, 8.15918166364e-11, 6.24468116106e-11, 6.23194620908e-11, 6.69642397089e-11, 4.99638629081e-11, 7.47322134731e-11, 5.03378380645e-11, 3.99573291121e-11, 3.30970945095e-11, 5.20483794952e-11, 5.68922998989e-11, 1.96646379735e-10, 1.52571358325e-10, 1.50121054476e-10, 1.62745955601e-10, 2.55096950508e-11, 4.39481621668e-13, 9.27804315039e-14, 7.34767403713e-14, 6.13476758e-14, 6.91782853332e-14, 7.54300864391e-14, 5.96780789933e-14, 3.99680627678e-14, 1.61619561457e-14, 2.12262983747e-15, 8.62565149227e-17],
        "stdev": [8.41798191686e-06, 4.06107392337e-05, 4.05646969739e-05, 1.89858146769e-05, 1.02256108221e-05, 8.11899917608e-06, 7.1866916187e-06, 1.2405027519e-05, 2.63319398073e-05, 8.86483758222e-05, 0.000107951309474, 0.000180165021447, 0.000354939082172, 0.000318300910294, 0.000392548536183, 0.000455684465123, 0.000598131795414, 0.00101545325015, 0.00130384368822, 0.00109549774788, 0.00126769056078, 0.00128280348144, 0.00134734122548, 0.00192034989595, 0.00152339634951, 0.00130212749355, 0.000913996074814, 0.000622184888925, 0.000594675831962, 0.000377912190743, 0.000324239197653, 0.000414109032135, 0.000370585126802, 0.000315460958518, 0.000278138904832, 0.000324388587615, 0.00024956749985, 0.000195798944333, 0.000301351974485, 0.000239863598836, 0.000191912346054, 0.000165687946719, 0.000160487965331, 0.000124903468532, 8.80256193341e-05, 0.000108495310997, 0.000184500793694, 0.000227957527386, 0.000182923278771, 0.000128473853692, 6.36683689663e-05, 7.7869692177e-05, 8.02737267804e-05, 8.53217352415e-05, 7.2605573223e-05, 6.22841253062e-05, 7.04321209923e-05, 6.09472408541e-05, 3.28961614287e-05, 1.48672352225e-05, 1.02189933386e-05, 9.61311343417e-06, 1.13965479613e-05, 9.11254301172e-06, 5.72973794988e-06, 2.42815485763e-06, 2.56623138739e-06, 2.75013508144e-06, 2.16151534005e-06, 1.13035014238e-06, 6.01555427693e-07, 2.69178883627e-07, 4.99003363075e-07, 8.8891829364e-07, 1.30996681946e-06, 1.50547862177e-06, 1.13751082154e-06, 6.4414894041e-07, 2.9222780995e-07, 3.03277033709e-07, 6.20261630502e-07, 9.74780391516e-07, 1.08013887257e-06, 5.55323708795e-07, 2.37220888266e-07, 3.15757660019e-07, 5.13162319749e-07, 5.68396501421e-07, 4.50032388244e-07, 1.65325602097e-07, 1.15023169656e-07, 3.59099004754e-07, 4.94349649216e-07, 2.67669548748e-07, 8.8244014762e-08, 2.04130003567e-07, 3.57432696774e-07, 3.0853266253e-07, 1.13061588536e-07, 2.23125979915e-07, 2.06221571375e-07, 9.30419759015e-08, 6.78350247085e-08, 6.26697058692e-08, 5.15576736859e-08, 4.02923738818e-08, 3.48322330979e-08, 4.30111199989e-08, 3.73644617468e-08, 5.5761116613e-08, 6.81117029444e-08, 1.04958388647e-07, 1.57265574785e-07, 1.26093354424e-07, 1.39291515211e-07, 1.2829444529e-07, 3.02214182568e-08, 4.86922724363e-09, 3.79006426243e-09, 3.15211035051e-09, 4.59750459925e-09, 6.13774231439e-09, 8.4756521801e-09, 4.33962615842e-10, 3.67466231055e-11, 3.64662675056e-11, 3.62196592163e-11, 3.60993977766e-11]
    },
    "mfcc": {
        "mean": [-795.560913086, 154.617950439, -8.34178161621, 9.20443820953, 16.1350517273, -14.1829452515, -22.9654846191, 0.0226726643741, -3.60120677948, -3.5822994709, 11.6462612152, 8.3323431015, 0.909110844135],
        "cov": [[9971.15429688, -1619.49169922, -2845.69775391, -1976.14135742, -657.229064941, -382.840270996, -396.157531738, 359.658660889, 444.687988281, -414.049560547, 252.225601196, -67.3763580322, -59.1353416443], [-1619.49169922, 1403.39587402, 651.866760254, 45.8405532837, -247.497116089, -326.178771973, -7.62712860107, -9.36097049713, -158.080200195, -144.826583862, -114.442131042, 2.73486828804, -35.0521316528], [-2845.69775391, 651.866760254, 1107.1541748, 621.21887207, 0.103035949171, -9.64568996429, 112.623809814, -159.232315063, -192.79246521, 120.767219543, -156.600326538, 30.6907672882, -18.3832778931], [-1976.14135742, 45.8405532837, 621.21887207, 752.326660156, 372.017730713, 15.9379968643, -81.7933273315, -126.981246948, -117.772949219, 67.9989013672, -59.7042388916, -56.38621521, 51.751449585], [-657.229064941, -247.497116089, 0.103035949171, 372.017730713, 516.973999023, 150.854766846, -165.330718994, -84.1425323486, -12.2939481735, -33.7388076782, 54.173374176, -98.8805007935, 64.1257400513], [-382.840270996, -326.178771973, -9.64568996429, 15.9379968643, 150.854766846, 389.192108154, 147.652801514, -101.514602661, 0.97117215395, 115.884544373, 31.3588733673, 13.2810678482, -23.6253795624], [-396.157531738, -7.62712860107, 112.623809814, -81.7933273315, -165.330718994, 147.652801514, 283.737762451, 57.2547645569, -27.4180965424, 91.0157623291, -31.6264953613, 75.4804229736, -59.7127914429], [359.658660889, -9.36097049713, -159.232315063, -126.981246948, -84.1425323486, -101.514602661, 57.2547645569, 206.922454834, 62.3580970764, -73.0769042969, -6.25010633469, 18.7208614349, -4.79440069199], [444.687988281, -158.080200195, -192.79246521, -117.772949219, -12.2939481735, 0.97117215395, -27.4180965424, 62.3580970764, 135.805450439, 29.3651771545, 23.7912693024, -9.22992897034, 9.57589912415], [-414.049560547, -144.826583862, 120.767219543, 67.9989013672, -33.7388076782, 115.884544373, 91.0157623291, -73.0769042969, 29.3651771545, 222.940643311, 32.231010437, 26.8628425598, -30.9350814819], [252.225601196, -114.442131042, -156.600326538, -59.7042388916, 54.173374176, 31.3588733673, -31.6264953613, -6.25010633469, 23.7912693024, 32.231010437, 118.697120667, 12.0541095734, -5.25679016113], [-67.3763580322, 2.73486828804, 30.6907672882, -56.38621521, -98.8805007935, 13.2810678482, 75.4804229736, 18.7208614349, -9.22992897034, 26.8628425598, 12.0541095734, 108.809577942, 17.557264328], [-59.1353416443, -35.0521316528, -18.3832778931, 51.751449585, 64.1257400513, -23.6253795624, -59.7127914429, -4.79440069199, 9.57589912415, -30.9350814819, -5.25679016113, 17.557264328, 113.599220276]],
        "icov": [[0.00161309540272, 0.00184160389472, 0.00235673855059, 0.00131088786293, 0.00249418406747, 0.00134105794132, 0.00176429620478, 0.00150761567056, 0.000691564870067, 0.00189325015526, 0.000491193321068, 0.000898475351278, 0.00139526417479], [0.00184160389472, 0.00540162110701, -0.00213048816659, 0.00696102762595, -0.00100621266756, 0.00646945275366, -0.000592000258621, 0.00351296830922, 0.000743455719203, 0.00374742178246, -0.000572335848119, 0.00228422041982, 0.00143828277942], [0.00235673855059, -0.00213048816659, 0.0149108916521, -0.0112911211327, 0.0125526655465, -0.00517336372286, 0.00445871381089, 0.00242644548416, 0.000793768325821, 0.00192491302732, 0.00348104466684, -0.00133130932227, 0.0032346600201], [0.00131088786293, 0.00696102762595, -0.0112911211327, 0.0235729496926, -0.0176346860826, 0.0155782336369, -0.0037394601386, 0.00252318149433, 0.00481789698824, -0.00385251548141, 0.00392347155139, 0.00117205048446, 0.000144652294694], [0.00249418406747, -0.00100621266756, 0.0125526655465, -0.0176346860826, 0.0301224067807, -0.0196101255715, 0.0179526694119, -0.00688773952425, 0.00276276282966, 0.00738030439243, -0.00596332550049, 0.00652530742809, -0.000390783534385], [0.00134105794132, 0.00646945275366, -0.00517336372286, 0.0155782336369, -0.0196101255715, 0.0293467491865, -0.0236997380853, 0.0206778217107, -0.00827735941857, 0.00431553926319, 0.00101997843012, -0.000581283064093, 0.00235835160129], [0.00176429620478, -0.000592000258621, 0.00445871381089, -0.0037394601386, 0.0179526694119, -0.0236997380853, 0.037625849247, -0.0251147951931, 0.0182318687439, -0.009482011199, 0.00571327097714, -0.00193208956625, 0.00325972866267], [0.00150761567056, 0.00351296830922, 0.00242644548416, 0.00252318149433, -0.00688773952425, 0.0206778217107, -0.0251147951931, 0.0308212954551, -0.0181472878903, 0.014850622043, -0.00294459029101, -0.000546568364371, 0.00292180711403], [0.000691564870067, 0.000743455719203, 0.000793768325821, 0.00481789698824, 0.00276276282966, -0.00827735941857, 0.0182318687439, -0.0181472878903, 0.0257520992309, -0.0135045452043, 0.00578376930207, 0.00184748927131, -0.00180662807543], [0.00189325015526, 0.00374742178246, 0.00192491302732, -0.00385251548141, 0.00738030439243, 0.00431553926319, -0.009482011199, 0.014850622043, -0.0135045452043, 0.0213201809675, -0.0093251876533, 0.00293929176405, 0.00264083710499], [0.000491193321068, -0.000572335848119, 0.00348104466684, 0.00392347155139, -0.00596332550049, 0.00101997843012, 0.00571327097714, -0.00294459029101, 0.00578376930207, -0.0093251876533, 0.0195649582893, -0.00771223101765, 0.0043826457113], [0.000898475351278, 0.00228422041982, -0.00133130932227, 0.00117205048446, 0.00652530742809, -0.000581283064093, -0.00193208956625, -0.000546568364371, 0.00184748927131, 0.00293929176405, -0.00771223101765, 0.0195469595492, -0.00715314503759], [0.00139526417479, 0.00143828277942, 0.0032346600201, 0.000144652294694, -0.000390783534385, 0.00235835160129, 0.00325972866267, 0.00292180711403, -0.00180662807543, 0.00264083710499, 0.0043826457113, -0.00715314503759, 0.0151581754908]]
    },
    "spectral_contrast_coeffs": {
        "max": [-0.44084841013, -0.445624470711, -0.4848729074, -0.544538617134, -0.488744199276, -0.721070289612],
        "mean": [-0.718075633049, -0.745083928108, -0.816855609417, -0.821924328804, -0.754422783852, -0.826573729515],
        "min": [-0.922398388386, -0.93619787693, -0.938869595528, -0.924810767174, -0.896219491959, -0.877768814564],
        "stdev": [0.086986348033, 0.0875794515014, 0.0758315697312, 0.0710827931762, 0.0922743156552, 0.0270246677101]
    },
    "spectral_contrast_valleys": {
        "max": [-7.12692070007, -4.94979190826, -4.96053123474, -5.68172264099, -6.32758283615, -9.13348484039],
        "mean": [-8.15905284882, -7.4620923996, -8.5608997345, -8.49597263336, -9.43428897858, -11.8157625198],
        "min": [-9.78427219391, -9.81349086761, -11.0031051636, -10.6110782623, -11.5811738968, -13.402097702],
        "stdev": [0.404934942722, 1.01649141312, 1.28954827785, 1.20765149593, 0.945491969585, 0.978587269783]
    }
},
"rhythm": {
    "beats_count": 104,
    "beats_loudness": {
        "max": 0.103449903429,
        "mean": 0.0195564813912,
        "min": 0.000195210333914,
        "stdev": 0.0262549910694
    },
    "bpm": 146.640945435,
    "bpm_histogram_first_peak_bpm": 148,
    "bpm_histogram_first_peak_weight": 0.333333313465,
    "bpm_histogram_second_peak_bpm": 126,
    "bpm_histogram_second_peak_spread": 0.481481492519,
    "bpm_histogram_second_peak_weight": 0.135922327638,
    "danceability": 1.24888980389,
    "onset_rate": 3.9375,
    "beats_loudness_band_ratio": {
        "max": [0.725365638733, 0.83962059021, 0.905980467796, 0.62139415741, 0.858248353004, 0.212711066008],
        "mean": [0.112020388246, 0.200032100081, 0.399090707302, 0.14860881865, 0.163250222802, 0.0170135106891],
        "min": [0.000835380866192, 0.00343826343305, 0.0243082065135, 0.00120957638137, 0.00107672554441, 0.000519026187249],
        "stdev": [0.164055407047, 0.199205830693, 0.252680271864, 0.130785182118, 0.197336927056, 0.0329354070127]
    },
