{
"metadata": {
    "version": {
        "essentia": "2.1-beta5",
        "essentia_git_sha": "Undefined",
        "extractor": "music 2.0"
    },
    "audio_properties": {
        "analysis": {
            "equal_loudness": 0,
            "length": 32.4963264465,
            "sample_rate": 44100,
            "start_time": 191.4949646,
            "downmix": "mix"
        },
        "bit_rate": 192000,
        "length": 257.973693848,
        "lossless": 0,
        "number_channels": 2,
        "replay_gain": -7.68182373047,
        "sample_rate": 44100,
        "codec": "mp3",
        "md5_encoded": "2f22d7ccc319a2792e162dd9ac80d109"
    },
    "tags": {
        "file_name": "Spain_Sobran Las Palabras_Braulio.mp3",
        "encoding": ["Lavf58.29.100"]
    }
},
"lowlevel": {
    "average_loudness": 0.940269291401,
    "barkbands_crest": {
        "max": 24.6927928925,
        "mean": 11.4872102737,
        "min": 3.38209104538,
        "stdev": 4.30345344543
    },
    "barkbands_flatness_db": {
        "max": 0.342045485973,
        "mean": 0.158798769116,
        "min": 0.0589675754309,
        "stdev": 0.0390415936708
    },
    "barkbands_kurtosis": {
        "max": 67.0082397461,
        "mean": 5.33286476135,
        "min": -1.78887176514,
        "stdev": 6.28590297699
    },
    "barkbands_skewness": {
        "max": 6.31044101715,
        "mean": 1.72853386402,
        "min": -0.712647676468,
        "stdev": 0.891361773014
    },
    "barkbands_spread": {
        "max": 75.1352920532,
        "mean": 11.7305603027,
        "min": 1.04741680622,
        "stdev": 8.74380207062
    },
    "dissonance": {
        "max": 0.499367296696,
        "mean": 0.439831912518,
        "min": 0.290365040302,
        "stdev": 0.0350826308131
    },
    "dynamic_complexity": 2.65954184532,
    "erbbands_crest": {
        "max": 30.8380413055,
        "mean": 12.0579633713,
        "min": 4.25781774521,
        "stdev": 4.86930751801
    },
    "erbbands_flatness_db": {
        "max": 0.322950929403,
        "mean": 0.202790245414,
        "min": 0.101052932441,
        "stdev": 0.0356569066644
    },
    "erbbands_kurtosis": {
        "max": 47.6786155701,
        "mean": 1.61926662922,
        "min": -1.75279915333,
        "stdev": 3.14701843262
    },
    "erbbands_skewness": {
        "max": 5.62799501419,
        "mean": 1.01587331295,
        "min": -1.41132450104,
        "stdev": 0.735821306705
    },
    "erbbands_spread": {
        "max": 108.533195496,
        "mean": 23.9142494202,
        "min": 2.73914861679,
        "stdev": 13.3055706024
    },
    "hfc": {
        "max": 118.75844574,
        "mean": 20.5810661316,
        "min": 0.618258178234,
        "stdev": 15.2162418365
    },
    "loudness_ebu128": {
        "integrated": -16.3913555145,
        "loudness_range": 3.91282844543,
        "momentary": {
            "max": -13.0207214355,
            "mean": -17.1046562195,
            "min": -27.0677261353,
            "stdev": 2.7692027092
        },
        "short_term": {
            "max": -14.5986595154,
            "mean": -16.728559494,
            "min": -21.3411617279,
            "stdev": 1.51803469658
        }
    },
    "melbands_crest": {
        "max": 32.5883140564,
        "mean": 14.2634372711,
        "min": 5.39915513992,
        "stdev": 5.38719463348
    },
    "melbands_flatness_db": {
        "max": 0.418843388557,
        "mean": 0.217718869448,
        "min": 0.0603409148753,
        "stdev": 0.0489092171192
    },
    "melbands_kurtosis": {
        "max": 69.0074996948,
        "mean": 8.53041934967,
        "min": -1.15783441067,
        "stdev": 7.69964456558
    },
    "melbands_skewness": {
        "max": 6.81528329849,
        "mean": 1.9643445015,
        "min": -1.11806845665,
        "stdev": 0.951124668121
    },
    "melbands_spread": {
        "max": 130.983779907,
        "mean": 14.7542924881,
        "min": 1.21822702885,
        "stdev": 10.8440685272
    },
    "pitch_salience": {
        "max": 0.906006574631,
        "mean": 0.556181430817,
        "min": 0.189628332853,
        "stdev": 0.118701659143
    },
    "silence_rate_20dB": {
        "max": 1,
        "mean": 1,
        "min": 1,
        "stdev": 0
    },
    "silence_rate_30dB": {
        "max": 1,
        "mean": 0.995717346668,
        "min": 0,
        "stdev": 0.0653001442552
    },
    "silence_rate_60dB": {
        "max": 1,
        "mean": 0.0314061380923,
        "min": 0,
        "stdev": 0.174413383007
    },
    "spectral_centroid": {
        "max": 3691.73852539,
        "mean": 974.842346191,
        "min": 305.572692871,
        "stdev": 392.292633057
    },
    "spectral_complexity": {
        "max": 39,
        "mean": 16.0999279022,
        "min": 1,
        "stdev": 5.27176427841
    },
    "spectral_decrease": {
        "max": -1.43349540571e-10,
        "mean": -6.27567198208e-09,
        "min": -3.27383595788e-08,
        "stdev": 4.32448343801e-09
    },
    "spectral_energy": {
        "max": 0.130968376994,
        "mean": 0.0255526360124,
        "min": 0.000597112521064,
        "stdev": 0.0174308344722
    },
    "spectral_energyband_high": {
        "max": 0.0135491807014,
        "mean": 0.000340135709848,
        "min": 1.52056759362e-06,
        "stdev": 0.000878277234733
    },
    "spectral_energyband_low": {
        "max": 0.00368161895312,
        "mean": 0.000470191909699,
        "min": 3.34982973982e-06,
        "stdev": 0.000549552030861
    },
    "spectral_energyband_middle_high": {
        "max": 0.0351111926138,
        "mean": 0.00497678061947,
        "min": 8.81466621649e-05,
        "stdev": 0.00493037607521
    },
    "spectral_energyband_middle_low": {
        "max": 0.125119373202,
        "mean": 0.0201218277216,
        "min": 0.000406446954003,
        "stdev": 0.0154467141256
    },
    "spectral_entropy": {
        "max": 8.53377151489,
        "mean": 7.14968919754,
        "min": 5.52732229233,
        "stdev": 0.38098976016
    },
    "spectral_flux": {
        "max": 0.24698638916,
        "mean": 0.0860771462321,
        "min": 0.0136737534776,
        "stdev": 0.039525963366
    },
    "spectral_kurtosis": {
        "max": 24.2335834503,
        "mean": 7.88625717163,
        "min": -0.348553657532,
        "stdev": 3.83490228653
    },
    "spectral_rms": {
        "max": 0.0113037172705,
        "mean": 0.00469696801156,
        "min": 0.000763248826843,
        "stdev": 0.00169349450152
    },
    "spectral_rolloff": {
        "max": 9948.33984375,
        "mean": 1232.98840332,
        "min": 279.931640625,
        "stdev": 1168.49487305
    },
    "spectral_skewness": {
        "max": 3.88366508484,
        "mean": 2.14937591553,
        "min": 0.480022072792,
        "stdev": 0.539754390717
    },
    "spectral_spread": {
        "max": 19154414,
        "mean": 3955351,
        "min": 2243153.25,
        "stdev": 1242848.125
    },
    "spectral_strongpeak": {
        "max": 9.15275192261,
        "mean": 1.78935873508,
        "min": 0.0193422622979,
        "stdev": 1.44411098957
    },
    "zerocrossingrate": {
        "max": 0.25048828125,
        "mean": 0.0483597107232,
        "min": 0.01171875,
        "stdev": 0.027536816895
    },
    "barkbands": {
        "max": [3.61860184057e-05, 0.000412638357375, 0.00296808080748, 0.00717937899753, 0.0553955808282, 0.0339605621994, 0.0630788505077, 0.119064517319, 0.0526828020811, 0.0303766559809, 0.00575190177187, 0.00569152785465, 0.0305091254413, 0.0234426632524, 0.00994155462831, 0.00329872174188, 0.00538118137047, 0.00152367679402, 0.00514059141278, 0.00406446587294, 0.00223107170314, 0.00368394725956, 0.00243914104067, 0.00381469703279, 0.00210729008541, 0.00180109613575, 4.27402592322e-05],
        "mean": [2.94911137644e-06, 4.59899674752e-05, 0.000289238058031, 0.000396575051127, 0.00291601708159, 0.00271068094298, 0.00325101148337, 0.00515072699636, 0.00525527819991, 0.000897160323802, 0.000213755571167, 0.000334751326591, 0.00150708470028, 0.00100713653956, 0.000429651379818, 5.56675622647e-05, 0.000279031432001, 9.26146749407e-05, 0.000186457386008, 0.000214662708458, 6.80474040564e-05, 6.18536214461e-05, 5.28021009814e-05, 6.79812801536e-05, 2.69112970273e-05, 3.65934647562e-05, 1.99998476091e-06],
        "min": [6.13329165233e-09, 6.13578663433e-07, 3.97035194055e-07, 3.86161275401e-07, 4.97356450069e-06, 2.31391859415e-05, 2.96402431559e-05, 1.05347598947e-05, 2.98797276628e-05, 2.80087692772e-06, 2.36441493939e-07, 4.7545694315e-07, 6.00431849307e-06, 6.20019636699e-06, 4.02987780035e-06, 4.1233607817e-07, 1.47972127706e-06, 3.53197151526e-07, 3.72419634687e-07, 2.82690109543e-07, 2.15592251607e-07, 1.44642456235e-07, 1.53775246758e-07, 1.9571442067e-07, 1.23377475347e-07, 1.91252198078e-07, 1.79368413455e-08],
        "stdev": [3.22398591379e-06, 4.17575647589e-05, 0.000436380854808, 0.000662125239614, 0.00417428230867, 0.00362797547132, 0.00567628629506, 0.0112265078351, 0.00797983910888, 0.00244587287307, 0.000523041177075, 0.00059126666747, 0.00271289236844, 0.00183994276449, 0.000752656545956, 0.000184541771887, 0.000397281401092, 0.000124567988678, 0.000319526327075, 0.000328901805915, 0.000135504829814, 0.000218811444938, 0.000138782954309, 0.000236946783843, 0.000107123581984, 0.000118780459161, 3.09229244522e-06]
    },
    "erbbands": {
        "max": [0.0181452967227, 0.103708565235, 2.27958369255, 8.9266204834, 66.0925445557, 258.882080078, 315.102752686, 416.851470947, 1163.88879395, 716.23614502, 3238.02490234, 1358.5057373, 1284.23937988, 310.35723877, 87.9457550049, 281.477142334, 760.795532227, 840.260375977, 562.047241211, 235.038467407, 152.264404297, 309.541381836, 74.1527709961, 40.1471443176, 358.060241699, 109.249954224, 87.5544281006, 100.288658142, 179.124908447, 70.2230072021, 79.461730957, 71.2781677246, 66.7668838501, 44.6230392456, 3.84613060951, 2.11493873596, 5.90015602112, 1.0426415205, 0.0174014102668, 0.000558274448849],
        "mean": [0.00135212112218, 0.0150451194495, 0.238161787391, 0.884843230247, 3.91512417793, 10.8895568848, 19.8042488098, 23.0505447388, 38.5864295959, 64.1009674072, 128.305923462, 118.364784241, 65.9859466553, 19.1504039764, 5.73012590408, 18.4816150665, 57.5754051208, 68.018699646, 34.3170814514, 10.2104349136, 5.52788972855, 14.8000564575, 7.43642091751, 2.95788955688, 16.8533840179, 8.54647731781, 3.19269657135, 1.88900959492, 2.83805799484, 1.48433113098, 1.5284858942, 1.40931129456, 1.11285126209, 0.465049982071, 0.111752182245, 0.0686814188957, 0.0788128897548, 0.0211543701589, 0.000392179383198, 4.09153399232e-05],
        "min": [1.37691331474e-05, 0.000169896171428, 0.00113107054494, 0.0050634322688, 0.0163026191294, 0.0171709284186, 0.0395992025733, 0.257835060358, 0.68621724844, 0.425001502037, 0.598649859428, 0.578383743763, 0.423840820789, 0.127343714237, 0.0345251224935, 0.117926493287, 0.482646554708, 0.502594172955, 0.166671767831, 0.191940873861, 0.0686341151595, 0.080801859498, 0.0336182191968, 0.0194079652429, 0.0321998782456, 0.0195971913636, 0.0111964261159, 0.00718800118193, 0.00525551941246, 0.00509315030649, 0.00412918813527, 0.00403115944937, 0.00249368534423, 0.00141964689828, 0.000921926635783, 0.000581721134949, 0.000411002227338, 0.000111669869511, 3.09731353809e-06, 1.52172901835e-06],
        "stdev": [0.0012664910173, 0.015443271026, 0.346192926168, 1.10788834095, 5.70533752441, 18.2449169159, 31.2906246185, 36.3903541565, 72.7839050293, 97.9799499512, 280.689453125, 168.207107544, 145.687988281, 29.499786377, 9.40427684784, 28.9107189178, 95.6760177612, 105.618057251, 53.076461792, 20.0786914825, 10.0797042847, 20.0324935913, 8.69714260101, 3.74097967148, 26.1514282227, 11.992351532, 5.22197961807, 4.54383230209, 10.1110105515, 4.28049230576, 4.16900730133, 4.58708810806, 4.32961845398, 2.11039447784, 0.29045560956, 0.145376816392, 0.303114533424, 0.0648504495621, 0.00110304704867, 4.00861827075e-05]
    },
    "gfcc": {
        "mean": [-11.970287323, 85.1180419922, -126.67930603, -11.7746572495, -75.3125457764, -10.5685949326, -49.7394866943, -1.2607126236, -24.0950298309, 9.47788715363, -20.0215129852, -10.6351394653, -25.0329589844],
        "cov": [[2746.05004883, -945.035095215, -382.422485352, 92.0867385864, -212.18421936, 58.924621582, 204.620849609, 153.617904663, -163.007354736, -58.1095657349, -17.5887451172, -17.9465274811, -126.51159668], [-945.035095215, 713.311218262, 110.452987671, -30.1935958862, 162.211578369, -104.100364685, -74.6867599487, -54.5811386108, 19.5588054657, -30.0252399445, 4.51155853271, -24.7095870972, 45.1644210815], [-382.422485352, 110.452987671, 323.686279297, 76.2836532593, -26.2099723816, 9.11437988281, -94.9582443237, -55.2913513184, 47.130657196, -11.7752304077, -7.73308801651, 11.5183029175, 14.9607114792], [92.0867385864, -30.1935958862, 76.2836532593, 157.680328369, 34.3546409607, -20.6577529907, -42.0379981995, -0.347564190626, -19.7157516479, -24.2381954193, -4.72201061249, 8.26504993439, -0.568758606911], [-212.18421936, 162.211578369, -26.2099723816, 34.3546409607, 151.763320923, 13.6330118179, -20.8473205566, 3.30609965324, -0.194348171353, -4.84514760971, -12.6303977966, -26.4580612183, 8.2787771225], [58.924621582, -104.100364685, 9.11437988281, -20.6577529907, 13.6330118179, 142.157867432, 57.3990058899, -0.154830217361, 10.8003692627, 11.0436029434, -23.6850757599, -6.07847738266, -22.5651664734], [204.620849609, -74.6867599487, -94.9582443237, -42.0379981995, -20.8473205566, 57.3990058899, 151.253967285, 60.196395874, -29.5637950897, -1.32599103451, -5.66230392456, -10.7678537369, -27.8566265106], [153.617904663, -54.5811386108, -55.2913513184, -0.347564190626, 3.30609965324, -0.154830217361, 60.196395874, 90.1516494751, 7.85562849045, -8.7717962265, 6.96633863449, -6.23115444183, -15.3200073242], [-163.007354736, 19.5588054657, 47.130657196, -19.7157516479, -0.194348171353, 10.8003692627, -29.5637950897, 7.85562849045, 88.4933319092, 39.2457733154, -4.17588853836, 6.14122819901, 5.07763624191], [-58.1095657349, -30.0252399445, -11.7752304077, -24.2381954193, -4.84514760971, 11.0436029434, -1.32599103451, -8.7717962265, 39.2457733154, 75.2953414917, 32.3596878052, 3.05709648132, -0.186204046011], [-17.5887451172, 4.51155853271, -7.73308801651, -4.72201061249, -12.6303977966, -23.6850757599, -5.66230392456, 6.96633863449, -4.17588853836, 32.3596878052, 67.7646179199, 29.1355304718, 0.792242884636], [-17.9465274811, -24.7095870972, 11.5183029175, 8.26504993439, -26.4580612183, -6.07847738266, -10.7678537369, -6.23115444183, 6.14122819901, 3.05709648132, 29.1355304718, 62.9210319519, 24.5259017944], [-126.51159668, 45.1644210815, 14.9607114792, -0.568758606911, 8.2787771225, -22.5651664734, -27.8566265106, -15.3200073242, 5.07763624191, -0.186204046011, 0.792242884636, 24.5259017944, 59.2205429077]],
        "icov": [[0.00104916654527, 0.00085037673125, 0.00116008392069, -0.00111760699656, 0.00117311940994, -0.000228226534091, 0.000129173189634, -0.00048531522043, 0.000528740056325, 0.000821785943117, -0.000239892964601, 0.000797229935415, 0.000603515363764], [0.00085037673125, 0.0074166492559, -0.00307701644488, 0.00376019324176, -0.00998190231621, 0.0087189655751, -0.00844276044518, 0.00967419054359, -0.00767910666764, 0.0106627335772, -0.00791212450713, 0.00343438610435, -0.000401792873163], [0.00116008392069, -0.00307701644488, 0.0115370675921, -0.00994712579995, 0.0117621067911, -0.00908508617431, 0.00415592314675, 0.00172374129761, -0.00687939720228, 0.00681399041787, -0.00682815769687, 0.0081599233672, -0.00356716034003], [-0.00111760699656, 0.00376019324176, -0.00994712579995, 0.018074920401, -0.0139341875911, 0.00940932985395, 0.000497412576806, -0.00354353990406, 0.00936917774379, -0.00614549126476, 0.00926699116826, -0.0119714401662, 0.00629309518263], [0.00117311940994, -0.00998190231621, 0.0117621067911, -0.0139341875911, 0.0299510806799, -0.0193634033203, 0.0153600582853, -0.0143547756597, 0.00746528571472, -0.0083256913349, 0.00407685758546, 0.00774768413976, -0.00496942922473], [-0.000228226534091, 0.0087189655751, -0.00908508617431, 0.00940932985395, -0.0193634033203, 0.025246411562, -0.0169989001006, 0.0140284691006, -0.00771588413045, 0.00524933822453, 0.000731883454137, -0.0057108188048, 0.00624156277627], [0.000129173189634, -0.00844276044518, 0.00415592314675, 0.000497412576806, 0.0153600582853, -0.0169989001006, 0.0336177535355, -0.0329034142196, 0.030451964587, -0.028246210888, 0.0248444564641, -0.0124138575047, 0.00645565707237], [-0.00048531522043, 0.00967419054359, 0.00172374129761, -0.00354353990406, -0.0143547756597, 0.0140284691006, -0.0329034142196, 0.053215418011, -0.0457037314773, 0.0459741614759, -0.0415963828564, 0.0235167685896, -0.00836266949773], [0.000528740056325, -0.00767910666764, -0.00687939720228, 0.00936917774379, 0.00746528571472, -0.00771588413045, 0.030451964587, -0.0457037314773, 0.0651617497206, -0.0592318549752, 0.0529942549765, -0.033520322293, 0.014731246978], [0.000821785943117, 0.0106627335772, 0.00681399041787, -0.00614549126476, -0.0083256913349, 0.00524933822453, -0.028246210888, 0.0459741614759, -0.0592318549752, 0.0776351243258, -0.064146861434, 0.0387553907931, -0.0162556152791], [-0.000239892964601, -0.00791212450713, -0.00682815769687, 0.00926699116826, 0.00407685758546, 0.000731883454137, 0.0248444564641, -0.0415963828564, 0.0529942549765, -0.064146861434, 0.0763488933444, -0.0470961146057, 0.0217081662267], [0.000797229935415, 0.00343438610435, 0.0081599233672, -0.0119714401662, 0.00774768413976, -0.0057108188048, -0.0124138575047, 0.0235167685896, -0.033520322293, 0.0387553907931, -0.0470961146057, 0.0532121397555, -0.024518892169], [0.000603515363764, -0.000401792873163, -0.00356716034003, 0.00629309518263, -0.00496942922473, 0.00624156277627, 0.00645565707237, -0.00836266949773, 0.014731246978, -0.0162556152791, 0.0217081662267, -0.024518892169, 0.0319393798709]]
    },
    "melbands": {
        "max": [0.000134646572405, 0.000821817375254, 0.00275064771995, 0.0116710755974, 0.00879726093262, 0.00801245402545, 0.0152249569073, 0.0133381737396, 0.0235075242817, 0.00945691019297, 0.00643424410373, 0.00130993139464, 0.000525209470652, 0.000535504950676, 0.00118828343693, 0.00332936737686, 0.0019154996844, 0.0012726795394, 0.000493629602715, 0.000296746904496, 0.000242426656769, 0.000456389476312, 0.000154161316459, 4.02386467613e-05, 3.54166622856e-05, 0.000196682653041, 0.000250557379331, 4.75333290524e-05, 3.60750600521e-05, 7.22631157259e-05, 4.35008587374e-05, 9.52846021391e-05, 7.70964252297e-05, 3.39409598382e-05, 5.9287649492e-05, 3.44403160852e-05, 3.77019387088e-05, 5.44862887182e-05, 3.36130287906e-05, 3.41142513207e-05],
        "mean": [1.16759720186e-05, 9.14233241929e-05, 0.000235026178416, 0.000519692897797, 0.000671619549394, 0.000518336950336, 0.000617732352111, 0.000757407222409, 0.0010402117623, 0.00075328478124, 0.000315773970215, 7.50001127017e-05, 2.22979451792e-05, 2.73206514976e-05, 6.83185062371e-05, 0.000173372973222, 0.000118181756989, 5.81035055802e-05, 2.62678331637e-05, 4.50401512353e-06, 7.32486478228e-06, 1.65982200997e-05, 1.0824034689e-05, 3.64316315427e-06, 1.44771081523e-06, 9.21123137232e-06, 1.46431148096e-05, 3.29458839587e-06, 1.4920326521e-06, 2.20415677177e-06, 6.37221774014e-07, 1.63400864039e-06, 1.14432350529e-06, 8.44389887789e-07, 1.03194258827e-06, 8.05033664619e-07, 7.46210218949e-07, 8.6131876742e-07, 5.34406069619e-07, 3.08587516429e-07],
        "min": [1.51665432213e-07, 5.70931092625e-07, 1.32129878239e-06, 1.29188663323e-06, 1.16372166303e-06, 5.75792228119e-06, 5.3222565839e-06, 1.40579641084e-06, 3.8054365632e-06, 3.99749387725e-06, 6.81415144754e-07, 3.14245227173e-07, 3.97990902457e-08, 3.84250711249e-08, 6.50575600503e-07, 1.07798723548e-06, 8.06406546872e-07, 1.79195964733e-07, 2.3539570293e-07, 5.59977593184e-08, 4.94678147334e-08, 8.86517526055e-08, 4.13852170311e-08, 9.50747480744e-09, 5.3675561773e-09, 1.71147647166e-08, 2.2606478467e-08, 7.13540027064e-09, 6.06812466941e-09, 6.47687858901e-09, 2.96569546698e-09, 2.82498113791e-09, 3.0178239907e-09, 1.8971646476e-09, 2.0499781872e-09, 2.35671149262e-09, 2.24840457363e-09, 1.54341572856e-09, 1.7097876448e-09, 9.36878019608e-10],
        "stdev": [1.05155550045e-05, 0.000123641468235, 0.000306102796458, 0.00079450244084, 0.00100152543746, 0.000759709917475, 0.0011104362784, 0.00125318905339, 0.00221199868247, 0.00117367168423, 0.000733914028388, 0.000127316860016, 5.10756399308e-05, 5.04248564539e-05, 0.000115617433039, 0.000319189799484, 0.000196882378077, 0.000100904457213, 4.48331447842e-05, 1.7647875211e-05, 1.49669076563e-05, 2.61769346253e-05, 1.44933219417e-05, 4.66391429654e-06, 2.31320291277e-06, 1.51014028233e-05, 2.24802297453e-05, 5.1335923672e-06, 2.19663979806e-06, 4.98665394844e-06, 1.79357152774e-06, 5.73182205699e-06, 4.36860909758e-06, 2.18941409003e-06, 2.91857782031e-06, 2.40044528255e-06, 2.52535915024e-06, 3.46462434209e-06, 2.14933652387e-06, 1.47003731854e-06]
    },
    "melbands128": {
        "max": [3.47461937054e-05, 0.000162020907737, 0.000174011525814, 0.000185065247933, 0.000937426870223, 0.00174171756953, 0.00166745390743, 0.00505517190322, 0.00632465211675, 0.0111978370696, 0.0179365426302, 0.0139158796519, 0.0162294656038, 0.0089029353112, 0.0147078223526, 0.00945614092052, 0.0299117323011, 0.0156047875062, 0.0141863562167, 0.01017010957, 0.0279133394361, 0.0356036797166, 0.0385433472693, 0.0142689272761, 0.0110330926254, 0.018631098792, 0.0211920756847, 0.0110615370795, 0.00738295866176, 0.00188680028077, 0.00185860483907, 0.00187942245975, 0.000745455443393, 0.000168817961821, 0.000268370029517, 0.001088815392, 0.00175348680932, 0.00212444714271, 0.0024062693119, 0.0035816533491, 0.00659474777058, 0.00476160505787, 0.00259999348782, 0.00510580185801, 0.00328434864059, 0.00169962539803, 0.00247737276368, 0.000841465138365, 0.000634518451989, 0.000909772934392, 0.00016448830138, 6.58992430544e-05, 0.00025006866781, 0.000476248940686, 0.000942915619817, 0.000867603463121, 0.000252388243098, 0.000295963400276, 0.000194938693312, 0.000153836605023, 6.26132386969e-05, 1.66273621289e-05, 8.69435189088e-06, 2.83766948996e-05, 0.000156702139066, 0.00013162457617, 0.000535810482688, 0.000389807799365, 0.000444712524768, 0.000201280548936, 8.91159215826e-05, 1.40183092299e-05, 1.27505190903e-05, 2.70117070613e-05, 9.73602582235e-05, 0.000110395281808, 8.5514075181e-05, 9.45327847148e-05, 1.4313540305e-05, 3.23068998114e-05, 0.000102005316876, 0.000160872688866, 0.000191470899154, 6.19257189101e-05, 1.6153917386e-05, 1.11453482532e-05, 4.21120603278e-05, 7.78687535785e-05, 9.04656699277e-05, 1.5060685655e-05, 1.21023831525e-05, 5.87066679145e-05, 8.63082022988e-05, 4.04917336709e-05, 1.11775270852e-05, 5.55205588171e-05, 7.95828527771e-05, 5.53183999727e-05, 1.42061180668e-05, 4.07937222917e-05, 0.000100118952105, 8.62017623149e-06, 2.82994756162e-06, 4.63785272586e-06, 5.02087686982e-06, 2.67352424999e-06, 3.35266668117e-06, 5.22703385286e-06, 2.15686168303e-06, 3.520278824e-06, 4.34320645581e-06, 3.62159948963e-06, 5.46334958926e-05, 1.47787732203e-05, 2.07247958315e-05, 2.15645795834e-05, 1.95507800527e-06, 4.70245460349e-08, 4.01542230577e-08, 3.75223585536e-08, 3.58673091228e-08, 3.46606228163e-08, 3.37082539659e-08, 3.2929516891e-08, 3.23193063423e-08, 3.18606829808e-08, 3.15547623586e-08, 3.13698969023e-08],
        "mean": [2.46971058004e-06, 1.05799927042e-05, 1.27911471282e-05, 1.88427784451e-05, 8.37982152007e-05, 0.00015856284881, 0.000144606383401, 0.000236321458942, 0.000393307447666, 0.000495091895573, 0.000630287569948, 0.00069643749157, 0.00075511680916, 0.000533916405402, 0.00053788931109, 0.000463811273221, 0.000528705422767, 0.000650198664516, 0.000746729434468, 0.000637290242594, 0.00078697828576, 0.00103402079549, 0.00132007198408, 0.000717469432857, 0.000608787639067, 0.000981973833404, 0.000556650396902, 0.00022177916253, 0.000115040435048, 7.60391631047e-05, 6.99611700838e-05, 4.91648715979e-05, 1.58323036885e-05, 6.43828434477e-06, 9.4846900538e-06, 3.15618090099e-05, 6.12996300333e-05, 6.39571371721e-05, 7.33783963369e-05, 0.000110838722321, 0.000252521247603, 0.000180398885277, 9.42894184845e-05, 0.000119165029901, 5.85089364904e-05, 4.48255123047e-05, 6.04306369496e-05, 2.5150455258e-05, 1.4423155335e-05, 8.74938905326e-06, 2.00823842533e-06, 1.66883205566e-06, 3.79399148187e-06, 8.54249537952e-06, 1.84429663932e-05, 1.73519056261e-05, 1.57496888278e-05, 1.42499065987e-05, 7.44771296013e-06, 7.33393517294e-06, 3.47902300746e-06, 1.28828673951e-06, 5.72931355691e-07, 1.20814786442e-06, 3.17056765198e-06, 7.12836936145e-06, 1.4890066268e-05, 1.6673018763e-05, 1.69465747604e-05, 8.30052340461e-06, 2.82577184407e-06, 6.7599370368e-07, 7.98632356691e-07, 1.52376253482e-06, 2.32800402955e-06, 3.09454685521e-06, 1.76878313596e-06, 8.52102800764e-07, 3.36492689712e-07, 5.03157878029e-07, 1.22391077184e-06, 2.43173303716e-06, 2.03885019801e-06, 1.0300982467e-06, 3.32899588784e-07, 4.22127328648e-07, 1.13355758913e-06, 1.47529158312e-06, 1.31443812279e-06, 4.41194970335e-07, 3.29290173795e-07, 1.05652702587e-06, 1.3736114397e-06, 7.58113458232e-07, 2.70492819254e-07, 6.75781166137e-07, 1.24678001612e-06, 7.99655822448e-07, 2.59710276396e-07, 5.78253036565e-07, 6.79652657709e-07, 1.25181799149e-07, 8.39163192268e-08, 1.15923910471e-07, 1.28729794824e-07, 1.08874253613e-07, 1.01280470233e-07, 1.31529304781e-07, 1.08124893927e-07, 1.09626107303e-07, 1.14151426089e-07, 1.06506277575e-07, 4.19628378268e-07, 2.5359116762e-07, 3.67002712665e-07, 3.50252435055e-07, 8.60940545522e-08, 9.43252420615e-11, 3.64999384883e-11, 3.44262326979e-11, 3.30813050564e-11, 3.20879954552e-11, 3.12820776227e-11, 3.06100630953e-11, 3.00881923543e-11, 2.96816529688e-11, 2.94215866947e-11, 2.92555007997e-11],
        "min": [1.19784016039e-09, 1.87876079139e-08, 8.7394020909e-08, 1.61445129265e-07, 1.18985113318e-07, 1.70167794522e-07, 2.0207369289e-07, 2.35282598737e-07, 7.8718937857e-07, 5.05294678987e-07, 3.22722769397e-07, 2.13524174342e-07, 6.85295276526e-07, 2.62836783804e-06, 3.0603059713e-06, 1.25241570004e-06, 2.05649507734e-06, 9.95458094621e-07, 2.1789121547e-06, 1.45367721416e-06, 9.17336819839e-07, 1.05492290459e-06, 5.28100486008e-07, 9.1482309017e-07, 5.51159018869e-07, 2.74059487992e-07, 1.67903635884e-07, 3.88864123124e-07, 2.44864480692e-07, 8.28994899393e-08, 3.97641244376e-08, 3.07917105147e-08, 1.38555655838e-08, 2.19601687945e-08, 3.69248343013e-09, 3.36692522751e-08, 8.87114879333e-08, 1.20105340784e-07, 2.02817673767e-07, 3.30230705003e-07, 2.54295827062e-07, 2.11668705674e-07, 7.16959931424e-08, 1.1486280016e-07, 4.55294824064e-08, 1.38634149494e-07, 1.3633066942e-07, 2.17115552203e-08, 3.74501567535e-08, 2.80929359775e-08, 1.05572137699e-08, 2.3975894603e-09, 8.30389446094e-09, 3.58100784581e-08, 5.13104474464e-08, 1.02077297726e-08, 1.47437351217e-08, 1.51558250394e-08, 1.23752990078e-08, 4.7173638329e-09, 3.39366956759e-09, 1.21072873949e-09, 7.91609777728e-10, 3.28932903138e-09, 4.32598268318e-09, 1.05734700995e-08, 1.70001168698e-08, 6.50977272088e-09, 5.10486186656e-09, 1.26039978454e-08, 3.43142581016e-09, 1.96437155431e-09, 5.23705345756e-09, 3.76187081486e-09, 8.07854227958e-09, 9.22416276694e-09, 2.24423812867e-09, 9.44860190089e-10, 2.4913202612e-09, 1.42339096065e-09, 3.23364757193e-09, 1.80699533114e-09, 2.14807793775e-09, 2.25414420463e-09, 1.12848352884e-09, 1.33688626835e-09, 1.72251135577e-09, 1.28304433744e-09, 1.76646952621e-09, 1.61660862474e-09, 1.39545952571e-09, 1.90558879787e-09, 1.95491556276e-09, 1.65782820805e-09, 1.08362818718e-09, 1.12273035313e-09, 1.11255171742e-09, 1.85530657504e-09, 1.45605971724e-09, 8.96421548102e-10, 8.75392647259e-10, 7.22989224045e-10, 7.59352747348e-10, 7.92561904994e-10, 6.55303422636e-10, 1.05102082593e-09, 8.80155004435e-10, 8.56901050117e-10, 8.9947560511e-10, 6.63029908754e-10, 5.96718285895e-10, 8.14311951203e-10, 8.94494089909e-10, 1.40021194639e-09, 1.74209102699e-09, 1.2620736678e-09, 7.70777275338e-10, 5.41968271477e-13, 7.53691339482e-14, 5.92647946777e-14, 6.91542973602e-14, 8.18682415697e-14, 7.58801726422e-14, 6.26828436704e-14, 6.71798432313e-14, 6.47519960827e-14, 7.33069814162e-14, 7.28423262463e-14],
        "stdev": [2.72397505796e-06, 1.11040208139e-05, 1.40301681313e-05, 2.07829380088e-05, 0.000136990085593, 0.000238286069361, 0.000198433408514, 0.000435514259152, 0.000631022499874, 0.000918524398003, 0.0012627420947, 0.00139572937042, 0.00145476520993, 0.000895608682185, 0.00119577813894, 0.000837876286823, 0.00139383249916, 0.00154310313519, 0.00159224658273, 0.00129188073333, 0.00221007759683, 0.00287964590825, 0.00364859076217, 0.00173689459916, 0.00120950303972, 0.00218525901437, 0.00182849226985, 0.000850010605063, 0.000418427836848, 0.000155703281052, 0.000156174515723, 0.000139249794302, 5.54702055524e-05, 1.39263665915e-05, 2.34530107264e-05, 7.72248968133e-05, 0.000133373381686, 0.000155461224495, 0.000188960257219, 0.000281596352579, 0.000588091788813, 0.000438732997281, 0.000227759010158, 0.00030946242623, 0.000199709451408, 0.000107295731141, 0.000147258862853, 5.98454389547e-05, 3.70049383491e-05, 5.48799143871e-05, 8.75326895766e-06, 3.89365277442e-06, 1.1385957805e-05, 2.12952891161e-05, 5.61631240998e-05, 3.82886937587e-05, 2.78305651591e-05, 2.67673913186e-05, 1.41775335578e-05, 1.21186039905e-05, 5.41569806956e-06, 1.72563477463e-06, 7.19833678886e-07, 2.229629672e-06, 7.75226635596e-06, 1.37557008202e-05, 3.38433419529e-05, 3.1546682294e-05, 3.32177733071e-05, 1.67944490386e-05, 6.5455569711e-06, 1.16932892524e-06, 1.24498239984e-06, 2.53679331763e-06, 5.5408731896e-06, 7.13784993422e-06, 5.18019896845e-06, 3.20370099871e-06, 7.97269706254e-07, 1.59609783168e-06, 4.88255091113e-06, 8.72101372806e-06, 9.08852234716e-06, 3.90400646211e-06, 1.06233164843e-06, 9.14852194001e-07, 2.90502794087e-06, 4.66421442979e-06, 4.029937827e-06, 1.01287741927e-06, 8.42596023176e-07, 3.43571673511e-06, 4.68981397717e-06, 2.84914631266e-06, 8.30847170619e-07, 2.79828486782e-06, 5.26712119608e-06, 3.11004464493e-06, 8.42049360017e-07, 2.53619464274e-06, 3.92524043491e-06, 4.19468364043e-07, 1.89108305904e-07, 2.8533000318e-07, 3.6884418364e-07, 2.11893123492e-07, 2.38120151153e-07, 3.08158462303e-07, 1.88885636021e-07, 2.18837570287e-07, 2.60831939158e-07, 2.40725341882e-07, 2.23189726967e-06, 8.65517733928e-07, 1.23367794913e-06, 1.1658286212e-06, 1.45931750239e-07, 1.26463917116e-09, 1.07663022941e-09, 1.00654840018e-09, 9.62432133989e-10, 9.30262367138e-10, 9.04840702365e-10, 8.84043116489e-10, 8.67723393139e-10, 8.55443216263e-10, 8.47288350592e-10, 8.42338754303e-10]
    },
    "mfcc": {
        "mean": [-661.60144043, 135.162155151, -9.41164875031, -3.30066871643, -15.0037441254, -13.1813077927, -18.9216079712, -19.564409256, -16.2783107758, 9.39925289154, 4.14615869522, -2.26728057861, -15.4234113693],
        "cov": [[3020.01635742, -1010.00109863, -267.477752686, -49.021446228, -310.152038574, -111.061218262, 227.471633911, 167.555221558, -44.3985595703, 46.3177337646, -12.6849460602, 2.70926332474, 58.7384986877], [-1010.00109863, 703.804382324, -23.5368251801, 69.6415405273, 112.682533264, -12.5703878403, -47.4253387451, -49.5289230347, -14.5496034622, -5.70604991913, -26.0429992676, -24.4563140869, -21.3951263428], [-267.477752686, -23.5368251801, 323.337860107, 13.5551252365, 42.4382629395, 30.0654525757, -79.6359939575, -17.3562736511, 2.33157920837, -48.693069458, -10.6624231339, 16.8480834961, -17.4780902863], [-49.021446228, 69.6415405273, 13.5551252365, 161.48840332, 68.3194732666, -41.7610931396, -14.8345718384, -3.06829929352, -25.5347156525, 3.12656354904, -61.972858429, -28.92943573, 39.7717704773], [-310.152038574, 112.682533264, 42.4382629395, 68.3194732666, 189.930557251, 29.7211055756, -61.321144104, -32.6237068176, 6.04473495483, 4.97859144211, -31.7143573761, -36.0909614563, 11.080786705], [-111.061218262, -12.5703878403, 30.0654525757, -41.7610931396, 29.7211055756, 113.592788696, 9.38365650177, -15.3553123474, 27.3893852234, -9.87519168854, 29.6845169067, 0.428084641695, -30.7961711884], [227.471633911, -47.4253387451, -79.6359939575, -14.8345718384, -61.321144104, 9.38365650177, 137.293701172, 54.6475830078, -3.4343931675, 18.7916603088, 14.0954017639, -8.62234401703, -0.968318641186], [167.555221558, -49.5289230347, -17.3562736511, -3.06829929352, -32.6237068176, -15.3553123474, 54.6475830078, 95.9350967407, 16.627155304, 5.09341716766, 2.6030523777, -8.4835062027, 1.97634780407], [-44.3985595703, -14.5496034622, 2.33157920837, -25.5347156525, 6.04473495483, 27.3893852234, -3.4343931675, 16.627155304, 77.0454788208, 18.2141876221, 19.6398086548, 1.31644117832, -24.9889259338], [46.3177337646, -5.70604991913, -48.693069458, 3.12656354904, 4.97859144211, -9.87519168854, 18.7916603088, 5.09341716766, 18.2141876221, 79.5104980469, 13.2201976776, -9.57411766052, 8.18312263489], [-12.6849460602, -26.0429992676, -10.6624231339, -61.972858429, -31.7143573761, 29.6845169067, 14.0954017639, 2.6030523777, 19.6398086548, 13.2201976776, 94.787689209, 36.2309265137, -24.2185344696], [2.70926332474, -24.4563140869, 16.8480834961, -28.92943573, -36.0909614563, 0.428084641695, -8.62234401703, -8.4835062027, 1.31644117832, -9.57411766052, 36.2309265137, 87.153465271, 15.2292490005], [58.7384986877, -21.3951263428, -17.4780902863, 39.7717704773, 11.080786705, -30.7961711884, -0.968318641186, 1.97634780407, -24.9889259338, 8.18312263489, -24.2185344696, 15.2292490005, 104.251396179]],
        "icov": [[0.000971885630861, 0.00134945416357, 0.000697056588251, -0.000282617635094, 0.000480346614495, 0.000437678390881, -0.00037780252751, -0.000561118475161, 0.000627782312222, -0.000146562364534, 0.000485033495352, -5.89339979342e-05, 0.000322668638546], [0.00134945416357, 0.00358961173333, 0.00132460449822, -0.000836452643853, -0.000376177398721, 0.00114848511294, -0.000556628685445, -0.000167932390468, 0.00102073606104, 0.000127454506583, 0.000577980361413, -0.00027063669404, 0.00130327057559], [0.000697056588251, 0.00132460449822, 0.00478114094585, -0.00102413794957, 0.000129652733449, -0.00125570851378, 0.00244406587444, -0.00164048164152, 0.000943331746385, 0.00140024861321, 0.000817869207822, -0.00118580274284, 0.00121988833416], [-0.000282617635094, -0.000836452643853, -0.00102413794957, 0.0111828381196, -0.0038729601074, 0.00333176576532, -0.00152349972632, 0.000171519597643, 0.000899146485608, -0.000561029009987, 0.0039969952777, 0.000535859900992, -0.00196207989939], [0.000480346614495, -0.000376177398721, 0.000129652733449, -0.0038729601074, 0.0105949966237, -0.00491388980299, 0.00431884080172, -0.000342312036082, -0.000185509619769, -0.00183669151738, 0.000535313272849, 0.00323750590906, -0.00162856408861], [0.000437678390881, 0.00114848511294, -0.00125570851378, 0.00333176576532, -0.00491388980299, 0.0160256959498, -0.00621868809685, 0.00490405457094, -0.00478795124218, 0.00396662531421, -0.00305471825413, 0.000955839408562, 0.00130481889937], [-0.00037780252751, -0.000556628685445, 0.00244406587444, -0.00152349972632, 0.00431884080172, -0.00621868809685, 0.0150742409751, -0.00778738874942, 0.00416422029957, -0.00311242090538, -0.000433811190305, 0.00119683297817, 4.80299422634e-05], [-0.000561118475161, -0.000167932390468, -0.00164048164152, 0.000171519597643, -0.000342312036082, 0.00490405457094, -0.00778738874942, 0.0174649618566, -0.00695495307446, 0.0029439420905, -0.00145955663174, 0.00241727055982, -0.00156751007307], [0.000627782312222, 0.00102073606104, 0.000943331746385, 0.000899146485608, -0.000185509619769, -0.00478795124218, 0.00416422029957, -0.00695495307446, 0.0198816470802, -0.00616795523092, 0.000569929543417, -0.00186683516949, 0.00410163309425], [-0.000146562364534, 0.000127454506583, 0.00140024861321, -0.000561029009987, -0.00183669151738, 0.00396662531421, -0.00311242090538, 0.0029439420905, -0.00616795523092, 0.0175602212548, -0.00473329843953, 0.00322405458428, -0.00258761201985], [0.000485033495352, 0.000577980361413, 0.000817869207822, 0.0039969952777, 0.000535313272849, -0.00305471825413, -0.000433811190305, -0.00145955663174, 0.000569929543417, -0.00473329843953, 0.0191466491669, -0.00775155331939, 0.00361042097211], [-5.89339979342e-05, -0.00027063669404, -0.00118580274284, 0.000535859900992, 0.00323750590906, 0.000955839408562, 0.00119683297817, 0.00241727055982, -0.00186683516949, 0.00322405458428, -0.00775155331939, 0.0180916078389, -0.00566619308665], [0.000322668638546, 0.00130327057559, 0.00121988833416, -0.00196207989939, -0.00162856408861, 0.00130481889937, 4.80299422634e-05, -0.00156751007307, 0.00410163309425, -0.00258761201985, 0.00361042097211, -0.00566619308665, 0.014072349295]]
    },
    "spectral_contrast_coeffs": {
        "max": [-0.338110268116, -0.47414830327, -0.470814347267, -0.546805500984, -0.64254128933, -0.710063993931],
        "mean": [-0.618443191051, -0.717675924301, -0.70129597187, -0.726544320583, -0.764565944672, -0.787008285522],
        "min": [-0.901836872101, -0.923431456089, -0.859452545643, -0.878134191036, -0.890677630901, -0.900155186653],
        "stdev": [0.0765792056918, 0.0724261179566, 0.0711829289794, 0.0499507077038, 0.0408761315048, 0.0249284151942]
    },
    "spectral_contrast_valleys": {
        "max": [-6.08677196503, -4.66400718689, -6.25609588623, -6.77260828018, -6.61822223663, -8.11800003052],
        "mean": [-7.58935499191, -6.11959218979, -7.77094221115, -7.86803770065, -8.07542419434, -10.5632343292],
        "min": [-9.48763847351, -7.79021263123, -9.7764339447, -9.71732902527, -10.1555194855, -12.6022520065],
        "stdev": [0.545134723186, 0.485823214054, 0.587351500988, 0.520409286022, 0.663277804852, 0.695631504059]
    }
},
"rhythm": {
    "beats_count": 48,
    "beats_loudness": {
        "max": 0.100568890572,
        "mean": 0.0303323473781,
        "min": 0.00240110815503,
        "stdev": 0.0165975075215
    },
    "bpm": 90.9030151367,
    "bpm_histogram_first_peak_bpm": 91,
    "bpm_histogram_first_peak_weight": 0.236842095852,
    "bpm_histogram_second_peak_bpm": 81,
    "bpm_histogram_second_peak_spread": 0.428571462631,
    "bpm_histogram_second_peak_weight": 0.0851063802838,
    "danceability": 1.03801548481,
    "onset_rate": 2.64550757408,
    "beats_loudness_band_ratio": {
        "max": [0.430615067482, 0.684476196766, 0.823637783527, 0.559096038342, 0.223720476031, 0.121493518353],
        "mean": [0.0696154311299, 0.247885227203, 0.490208774805, 0.161556437612, 0.0531964860857, 0.0253093410283],
        "min": [0.00299165584147, 0.0283866599202, 0.0372457578778, 0.0088774561882, 0.00530455913395, 0.00136927422136],
        "stdev": [0.0864168852568, 0.168153464794, 0.193084716797, 0.126255303621, 0.0534400269389, 0.0238972138613]
    },
    "beats_position": [0.684988677502, 1.39319729805, 2.08979582787, 2.80961441994, 3.55265307426, 4.29569149017, 5.02712011337, 5.75854873657, 6.45514726639, 7.16335582733, 7.8251247406, 8.498503685, 9.18349170685, 9.86848068237, 10.5070295334, 11.1571884155, 11.7957363129, 12.4342851639, 13.0728340149, 13.7346029282, 14.3847618103, 15.0349206924, 15.6850786209, 16.3352375031, 16.99700737, 17.6471652985, 18.2973232269, 18.9474830627, 19.6092510223, 20.2710208893, 20.9327888489, 21.5945568085, 22.2563266754, 22.9064846039, 23.5682544708, 24.2416324615, 24.9034004211, 25.5767803192, 26.2385482788, 26.9003162384, 27.5620861053, 28.2238540649, 28.8740139008, 29.5357818604, 30.1975498199, 30.8593196869, 31.5210876465, 32.1828575134],
