{
"metadata": {
    "version": {
        "essentia": "2.1-beta5",
        "essentia_git_sha": "Undefined",
        "extractor": "music 2.0"
    },
    "audio_properties": {
        "analysis": {
            "equal_loudness": 0,
            "length": 48.7502937317,
            "sample_rate": 44100,
            "start_time": 12.7477550507,
            "downmix": "mix"
        },
        "bit_rate": 192000,
        "length": 268.422668457,
        "lossless": 0,
        "number_channels": 2,
        "replay_gain": -7.1178150177,
        "sample_rate": 44100,
        "codec": "mp3",
        "md5_encoded": "403a9e3f8da70e4bddec6dc8f80eabbb"
    },
    "tags": {
        "file_name": "Germany_Sing, Sang, Song_Les Humphries Singers.mp3",
        "encoding": ["Lavf58.29.100"]
    }
},
"lowlevel": {
    "average_loudness": 0.736280977726,
    "barkbands_crest": {
        "max": 25.3966674805,
        "mean": 10.942440033,
        "min": 3.41474032402,
        "stdev": 3.75509476662
    },
    "barkbands_flatness_db": {
        "max": 0.296230196953,
        "mean": 0.180295005441,
        "min": 0.0885824412107,
        "stdev": 0.0342688933015
    },
    "barkbands_kurtosis": {
        "max": 35.0093650818,
        "mean": 2.68659257889,
        "min": -1.81508636475,
        "stdev": 4.46221780777
    },
    "barkbands_skewness": {
        "max": 5.41028594971,
        "mean": 0.592107474804,
        "min": -4.18532037735,
        "stdev": 0.888491392136
    },
    "barkbands_spread": {
        "max": 46.1818656921,
        "mean": 12.8707265854,
        "min": 1.47232735157,
        "stdev": 8.33337593079
    },
    "dissonance": {
        "max": 0.499848395586,
        "mean": 0.430258929729,
        "min": 0.218053489923,
        "stdev": 0.0524150542915
    },
    "dynamic_complexity": 7.50492429733,
    "erbbands_crest": {
        "max": 33.3884620667,
        "mean": 13.7371673584,
        "min": 3.55920124054,
        "stdev": 5.35150623322
    },
    "erbbands_flatness_db": {
        "max": 0.348753154278,
        "mean": 0.231416553259,
        "min": 0.0842013433576,
        "stdev": 0.0405810698867
    },
    "erbbands_kurtosis": {
        "max": 100.229827881,
        "mean": 3.9264588356,
        "min": -1.77306199074,
        "stdev": 7.08450889587
    },
    "erbbands_skewness": {
        "max": 5.04423332214,
        "mean": 0.644320428371,
        "min": -4.70774507523,
        "stdev": 1.34325003624
    },
    "erbbands_spread": {
        "max": 65.6221542358,
        "mean": 16.0589618683,
        "min": 1.06694829464,
        "stdev": 9.67899227142
    },
    "hfc": {
        "max": 192.688583374,
        "mean": 8.02617454529,
        "min": 0.0152930850163,
        "stdev": 18.5570030212
    },
    "loudness_ebu128": {
        "integrated": -20.3815441132,
        "loudness_range": 12.8703517914,
        "momentary": {
            "max": -13.673866272,
            "mean": -24.3994483948,
            "min": -39.2665863037,
            "stdev": 6.05917358398
        },
        "short_term": {
            "max": -16.9663829803,
            "mean": -22.3546390533,
            "min": -33.9929275513,
            "stdev": 4.38391590118
        }
    },
    "melbands_crest": {
        "max": 29.7467689514,
        "mean": 13.8610506058,
        "min": 4.77357244492,
        "stdev": 4.6903128624
    },
    "melbands_flatness_db": {
        "max": 0.390651792288,
        "mean": 0.262444287539,
        "min": 0.143758386374,
        "stdev": 0.0399816781282
    },
    "melbands_kurtosis": {
        "max": 89.6125106812,
        "mean": 3.2514629364,
        "min": -1.82022035122,
        "stdev": 4.94129657745
    },
    "melbands_skewness": {
        "max": 8.36981868744,
        "mean": 0.90237146616,
        "min": -2.92555832863,
        "stdev": 0.954746425152
    },
    "melbands_spread": {
        "max": 95.1833190918,
        "mean": 19.0499668121,
        "min": 2.1965444088,
        "stdev": 13.9779205322
    },
    "pitch_salience": {
        "max": 0.87010872364,
        "mean": 0.56667971611,
        "min": 0.150393918157,
        "stdev": 0.118675783277
    },
    "silence_rate_20dB": {
        "max": 1,
        "mean": 1,
        "min": 1,
        "stdev": 0
    },
    "silence_rate_30dB": {
        "max": 1,
        "mean": 0.988576889038,
        "min": 0,
        "stdev": 0.106265053153
    },
    "silence_rate_60dB": {
        "max": 1,
        "mean": 0.606377899647,
        "min": 0,
        "stdev": 0.488553673029
    },
    "spectral_centroid": {
        "max": 2819.39208984,
        "mean": 939.506591797,
        "min": 333.05758667,
        "stdev": 426.069366455
    },
    "spectral_complexity": {
        "max": 35,
        "mean": 7.22084712982,
        "min": 0,
        "stdev": 6.51103639603
    },
    "spectral_decrease": {
        "max": -1.26788640351e-11,
        "mean": -2.31492802705e-09,
        "min": -4.65180391984e-08,
        "stdev": 5.17802023481e-09
    },
    "spectral_energy": {
        "max": 0.193047195673,
        "mean": 0.00946508627385,
        "min": 4.92400031362e-05,
        "stdev": 0.0211901813745
    },
    "spectral_energyband_high": {
        "max": 0.00058680359507,
        "mean": 1.43772895171e-05,
        "min": 1.15952317969e-07,
        "stdev": 3.34412616212e-05
    },
    "spectral_energyband_low": {
        "max": 0.0017832966987,
        "mean": 0.000236690655584,
        "min": 8.12912549009e-06,
        "stdev": 0.000147378217662
    },
    "spectral_energyband_middle_high": {
        "max": 0.084432952106,
        "mean": 0.00297856400721,
        "min": 1.7597567421e-06,
        "stdev": 0.0076328990981
    },
    "spectral_energyband_middle_low": {
        "max": 0.128612339497,
        "mean": 0.00639628572389,
        "min": 9.2011241577e-06,
        "stdev": 0.0148992203176
    },
    "spectral_entropy": {
        "max": 7.90274715424,
        "mean": 6.87353801727,
        "min": 5.56191539764,
        "stdev": 0.343389302492
    },
    "spectral_flux": {
        "max": 0.362544327974,
        "mean": 0.048469658941,
        "min": 0.00367006636225,
        "stdev": 0.05742091313
    },
    "spectral_kurtosis": {
        "max": 35.7773475647,
        "mean": 14.901550293,
        "min": 3.82410335541,
        "stdev": 5.09297609329
    },
    "spectral_rms": {
        "max": 0.0137236556038,
        "mean": 0.00216840417124,
        "min": 0.00021917806589,
        "stdev": 0.0021289086435
    },
    "spectral_rolloff": {
        "max": 3273.046875,
        "mean": 1129.62805176,
        "min": 86.1328125,
        "stdev": 617.11126709
    },
    "spectral_skewness": {
        "max": 4.74377822876,
        "mean": 2.95702958107,
        "min": 1.57258403301,
        "stdev": 0.533437848091
    },
    "spectral_spread": {
        "max": 19944150,
        "mean": 2909195.25,
        "min": 1766039.625,
        "stdev": 657169.6875
    },
    "spectral_strongpeak": {
        "max": 7.5778055191,
        "mean": 0.807070493698,
        "min": 0.00491495523602,
        "stdev": 1.04023206234
    },
    "zerocrossingrate": {
        "max": 0.103515625,
        "mean": 0.0381124317646,
        "min": 0.0068359375,
        "stdev": 0.014065832831
    },
    "barkbands": {
        "max": [7.69176622271e-05, 0.0017129535554, 0.000400072778575, 0.000117660572869, 0.00638502463698, 0.110409572721, 0.0730541273952, 0.0900938659906, 0.0791883170605, 0.0650848224759, 0.0248130522668, 0.0296417996287, 0.0256428327411, 0.0242535639554, 0.0314531847835, 0.0309418961406, 0.00917178578675, 0.00562621280551, 0.00185843533836, 0.000123043224448, 5.98573788011e-05, 0.000139981755638, 8.02399517852e-05, 0.000294472265523, 9.67926316662e-05, 0.000139773721457, 1.03542970464e-05],
        "mean": [1.46609199874e-05, 0.000193901185412, 2.18558507186e-05, 1.26227751025e-05, 0.000168685335666, 0.000675530987792, 0.00145571003668, 0.00179122574627, 0.0019436647417, 0.000627961824648, 0.000341758073773, 0.00048426882131, 0.000508185941726, 0.000311678886646, 0.000292674725642, 0.000239506494836, 0.000267159222858, 7.49538085074e-05, 2.40537428908e-05, 1.14716897315e-06, 2.23703614211e-06, 2.47188040703e-06, 1.7073359686e-06, 1.79440144166e-06, 2.04076832233e-06, 3.30442935592e-06, 3.21276246495e-07],
        "min": [6.99734385989e-08, 3.32556373905e-06, 1.94214251792e-07, 7.96189212338e-08, 1.04846094473e-06, 8.66967127422e-07, 1.08280278255e-06, 7.97755490112e-07, 3.87728675832e-07, 2.07637668836e-07, 5.06674915357e-08, 1.08621172501e-07, 2.51743955459e-07, 4.67534277959e-08, 1.43597958413e-07, 2.07670485253e-08, 6.16965394329e-08, 9.98298510524e-09, 3.5597615522e-08, 3.6470577669e-08, 1.80901160718e-08, 1.51224135436e-08, 1.19177858693e-08, 1.66440070615e-08, 1.06683000212e-08, 1.38029125907e-08, 2.00194985589e-10],
        "stdev": [1.08163712866e-05, 0.000132450353703, 2.52585541602e-05, 1.29731233756e-05, 0.000305216235574, 0.0032729851082, 0.00418098038062, 0.00640503177419, 0.00764859188348, 0.00364867644385, 0.00144033774268, 0.00208606082015, 0.00215088692494, 0.00135769392364, 0.00152856775094, 0.00133374822326, 0.000701000797562, 0.000236881009187, 9.10863091121e-05, 3.36363609676e-06, 5.71650116399e-06, 7.00072041582e-06, 3.89543083656e-06, 9.53103608481e-06, 5.02480406794e-06, 7.89615478425e-06, 8.64618357355e-07]
    },
    "erbbands": {
        "max": [0.0633248314261, 0.323774755001, 0.42160141468, 0.315810382366, 1.62668466568, 15.420706749, 270.909454346, 1191.39099121, 1293.19067383, 1791.875, 2048.72558594, 2344.31298828, 3231.69873047, 1061.65979004, 864.539123535, 1295.47363281, 1343.19921875, 1180.24645996, 924.367370605, 2507.45800781, 1475.97473145, 563.822265625, 408.312194824, 116.415588379, 26.131855011, 5.47670841217, 2.7425160408, 2.50928640366, 5.59803104401, 5.15917348862, 1.44600343704, 10.6205825806, 0.607285261154, 1.62694740295, 0.236462846398, 0.191290155053, 0.468562960625, 0.0366476848722, 0.000883059285115, 0.000257576903095],
        "mean": [0.00915445201099, 0.0289616715163, 0.0280378907919, 0.0370889790356, 0.108652666211, 0.617669522762, 2.51844382286, 6.55777740479, 16.6867523193, 30.6227073669, 39.9905090332, 47.2702827454, 29.9196014404, 13.5964994431, 14.9733133316, 20.7251434326, 24.5226306915, 16.638420105, 15.5338363647, 14.7975406647, 13.4798603058, 14.6546812057, 5.69110536575, 2.31439399719, 0.457156300545, 0.0661562979221, 0.0848067849874, 0.0851308554411, 0.0894285440445, 0.0829109027982, 0.0437706895173, 0.038362916559, 0.0280757751316, 0.0262181982398, 0.0122961839661, 0.0075521832332, 0.0077699618414, 0.00167095265351, 3.74424744223e-05, 1.20530548884e-05],
        "min": [8.4680832515e-05, 0.000644181796815, 0.00110830238555, 0.000757007743232, 0.00240416452289, 0.00354245002382, 0.00698375562206, 0.00940541177988, 0.0175792369992, 0.0150566035882, 0.0193163063377, 0.00734576117247, 0.00595573848113, 0.00908451806754, 0.00429834425449, 0.0053765559569, 0.0139649249613, 0.00526883732527, 0.00834202393889, 0.00305805285461, 0.00179349840619, 0.00347433891147, 0.000881516374648, 0.00129556830507, 0.00172589882277, 0.00164587295149, 0.00107129546814, 0.000591123651247, 0.000642982660793, 0.000319288461469, 0.000337675068295, 0.000306398840621, 0.000291386182653, 0.000157377478899, 6.48939458188e-05, 4.70328450319e-05, 2.54616988968e-05, 8.07350352261e-06, 5.93893901168e-07, 1.23083168546e-07],
        "stdev": [0.00597910350189, 0.0231942106038, 0.0291795674711, 0.0337779819965, 0.13613499701, 1.05626225471, 8.75539779663, 33.1895828247, 53.1229057312, 91.2123184204, 144.908325195, 188.79699707, 166.917449951, 52.0184745789, 65.3438491821, 85.1873168945, 102.897270203, 68.4480285645, 56.2892036438, 90.4967498779, 58.4576072693, 38.7182655334, 16.9825115204, 7.45991706848, 1.50899505615, 0.170264855027, 0.20523160696, 0.21506716311, 0.266935348511, 0.220315143466, 0.0989477261901, 0.333926349878, 0.0611296966672, 0.0728496238589, 0.0277916938066, 0.0171314068139, 0.0212082099169, 0.00394035410136, 8.70990552357e-05, 2.69014653895e-05]
    },
    "gfcc": {
        "mean": [-149.627197266, 116.589698792, -113.610374451, -14.3426113129, -49.9407234192, 2.97824692726, -40.5713043213, 20.6253681183, -4.56450414658, 14.3861913681, -7.55038309097, 12.8879747391, -15.342467308],
        "cov": [[5718.97607422, -892.465881348, -1469.97058105, -1105.80615234, -0.0801826417446, -411.709442139, -454.169067383, 247.326782227, 258.00100708, 58.6567764282, -5.36089849472, 515.76550293, 15.1977119446], [-892.465881348, 372.092163086, 319.490936279, 47.1543159485, -118.000244141, 28.7930622101, 148.130691528, -59.4398956299, -87.6432800293, -25.5041847229, 46.7596473694, -97.439704895, 10.7211027145], [-1469.97058105, 319.490936279, 533.007751465, 298.649230957, -91.5524139404, 48.9415969849, 131.420272827, -82.2782516479, -73.9603424072, -17.098077774, 7.54680538177, -170.515350342, 12.3751468658], [-1105.80615234, 47.1543159485, 298.649230957, 513.66986084, 170.422943115, 3.7125313282, -117.128036499, -48.7523117065, 4.13452911377, -22.7852153778, -27.6668643951, -43.1584472656, 0.210986211896], [-0.0801826417446, -118.000244141, -91.5524139404, 170.422943115, 235.141067505, 45.0697784424, -155.248901367, -21.3556880951, 49.5169334412, 16.3067932129, -35.2998962402, 64.2831039429, -3.57239246368], [-411.709442139, 28.7930622101, 48.9415969849, 3.7125313282, 45.0697784424, 233.32862854, 134.196929932, -75.7886352539, -70.6952896118, 11.5712985992, -15.4438800812, -54.8162841797, -10.6719074249], [-454.169067383, 148.130691528, 131.420272827, -117.128036499, -155.248901367, 134.196929932, 328.539215088, 45.7392463684, -109.486038208, -39.9977874756, 32.7903137207, -102.014122009, -22.5488586426], [247.326782227, -59.4398956299, -82.2782516479, -48.7523117065, -21.3556880951, -75.7886352539, 45.7392463684, 166.766403198, 64.8117446899, -35.4769058228, -2.55413889885, 30.2309589386, -9.40774345398], [258.00100708, -87.6432800293, -73.9603424072, 4.13452911377, 49.5169334412, -70.6952896118, -109.486038208, 64.8117446899, 176.896850586, 81.0902099609, -47.1572303772, -9.46248245239, 2.08302927017], [58.6567764282, -25.5041847229, -17.098077774, -22.7852153778, 16.3067932129, 11.5712985992, -39.9977874756, -35.4769058228, 81.0902099609, 121.010971069, 10.7713050842, -52.5736808777, -24.1550273895], [-5.36089849472, 46.7596473694, 7.54680538177, -27.6668643951, -35.2998962402, -15.4438800812, 32.7903137207, -2.55413889885, -47.1572303772, 10.7713050842, 103.849006653, 42.1121864319, -21.5940876007], [515.76550293, -97.439704895, -170.515350342, -43.1584472656, 64.2831039429, -54.8162841797, -102.014122009, 30.2309589386, -9.46248245239, -52.5736808777, 42.1121864319, 200.932312012, 49.0264472961], [15.1977119446, 10.7211027145, 12.3751468658, 0.210986211896, -3.57239246368, -10.6719074249, -22.5488586426, -9.40774345398, 2.08302927017, -24.1550273895, -21.5940876007, 49.0264472961, 82.183921814]],
        "icov": [[0.00125235854648, 0.0015110373497, 0.000705443206243, 0.00241028144956, -0.00050474551972, 0.00175240251701, 0.000356631848263, 0.000635144999251, -0.000114262613351, 0.000289805291686, 0.000271894969046, -0.000732249754947, 0.00043138579349], [0.0015110373497, 0.0146774053574, -0.00912740081549, 0.0112428963184, -0.0115999644622, 0.00911776907742, -0.00718399276957, 0.013458208181, -0.0122725255787, 0.0167658515275, -0.0127566335723, 0.00538683729246, -0.00192590313964], [0.000705443206243, -0.00912740081549, 0.0226102601737, -0.0156826097518, 0.0138893071562, -0.00116235658061, -0.004656244535, 0.00583539530635, -0.00430499576032, -0.000741857104003, 0.00122877140529, 0.00172433210537, -0.00327557045966], [0.00241028144956, 0.0112428963184, -0.0156826097518, 0.0229938607663, -0.0188406612724, 0.0068790926598, 0.0041344598867, 0.00112110434566, -0.00222515151836, 0.0115225156769, -0.00894141942263, 0.00564811192453, -0.000548641313799], [-0.00050474551972, -0.0115999644622, 0.0138893071562, -0.0188406612724, 0.037079282105, -0.0232765749097, 0.0202580504119, -0.0218587368727, 0.0160564463586, -0.0222531706095, 0.0165209565312, -0.0110204229131, 0.00517636863515], [0.00175240251701, 0.00911776907742, -0.00116235658061, 0.0068790926598, -0.0232765749097, 0.0352548733354, -0.0344326011837, 0.0348312333226, -0.0178840905428, 0.011801186949, -0.000366560503608, -0.00358235090971, 0.00271250819787], [0.000356631848263, -0.00718399276957, -0.004656244535, 0.0041344598867, 0.0202580504119, -0.0344326011837, 0.0533013008535, -0.0544528774917, 0.0405812971294, -0.024759054184, 0.005197474733, 0.00749182514846, -0.00504706753418], [0.000635144999251, 0.013458208181, 0.00583539530635, 0.00112110434566, -0.0218587368727, 0.0348312333226, -0.0544528774917, 0.0807164236903, -0.0708007365465, 0.061717286706, -0.0285235922784, 0.00438012788072, 0.00494411354885], [-0.000114262613351, -0.0122725255787, -0.00430499576032, -0.00222515151836, 0.0160564463586, -0.0178840905428, 0.0405812971294, -0.0708007365465, 0.0852115899324, -0.0791252627969, 0.0461828932166, -0.0147191602737, -0.000819142267574], [0.000289805291686, 0.0167658515275, -0.000741857104003, 0.0115225156769, -0.0222531706095, 0.011801186949, -0.024759054184, 0.061717286706, -0.0791252627969, 0.0975393205881, -0.0624963194132, 0.0344700701535, -0.00763212470338], [0.000271894969046, -0.0127566335723, 0.00122877140529, -0.00894141942263, 0.0165209565312, -0.000366560503608, 0.005197474733, -0.0285235922784, 0.0461828932166, -0.0624963194132, 0.0635676756501, -0.0387315787375, 0.0205518584698], [-0.000732249754947, 0.00538683729246, 0.00172433210537, 0.00564811192453, -0.0110204229131, -0.00358235090971, 0.00749182514846, 0.00438012788072, -0.0147191602737, 0.0344700701535, -0.0387315787375, 0.0398076325655, -0.0226483419538], [0.00043138579349, -0.00192590313964, -0.00327557045966, -0.000548641313799, 0.00517636863515, 0.00271250819787, -0.00504706753418, 0.00494411354885, -0.000819142267574, -0.00763212470338, 0.0205518584698, -0.0226483419538, 0.02928077057]]
    },
    "melbands": {
        "max": [0.000523272028659, 0.00017327790556, 5.8481196902e-05, 0.000391357432818, 0.00795033667237, 0.0254530496895, 0.0171319711953, 0.0218736026436, 0.0164588782936, 0.0145014077425, 0.0156479999423, 0.00457949470729, 0.00377087038942, 0.00355602265336, 0.00408744672313, 0.00208161910996, 0.00249821483158, 0.00112291180994, 0.00283776619472, 0.00329792662524, 0.0013504261151, 0.000601930951234, 0.000498760025948, 0.00019618049555, 0.000107198509795, 4.41500487796e-05, 4.5618362492e-06, 3.53227665073e-06, 1.84618602361e-06, 1.52818438437e-06, 1.78578955001e-06, 2.56627254203e-06, 3.85664134228e-06, 2.64960067398e-06, 5.74776379381e-07, 5.35139633939e-06, 5.3472408581e-06, 3.64775758044e-07, 1.11799170099e-06, 1.45883120695e-06],
        "mean": [6.46690969006e-05, 2.09925074159e-05, 7.77225704951e-06, 2.24954801524e-05, 7.72871280788e-05, 0.000149140818394, 0.000270912540145, 0.000354691728717, 0.000329310860252, 0.000287923990982, 0.000140525880852, 5.19440764037e-05, 4.81419083371e-05, 4.97386972711e-05, 6.38871279079e-05, 4.32070883107e-05, 2.99579787679e-05, 2.50949306064e-05, 2.19743160415e-05, 1.74618398887e-05, 1.55579255079e-05, 1.60963645612e-05, 9.07734283828e-06, 2.91881497105e-06, 1.8064389451e-06, 5.76429556531e-07, 5.74554199773e-08, 2.90388353363e-08, 5.03539787644e-08, 4.6899209849e-08, 5.19120817444e-08, 4.94344263302e-08, 4.96969754238e-08, 4.41526886164e-08, 2.62350781099e-08, 2.07979180544e-08, 2.16921982599e-08, 1.7737468383e-08, 2.20894325054e-08, 2.22974918529e-08],
        "min": [1.17881847927e-06, 1.02974081528e-06, 1.83095593798e-07, 2.00058892119e-07, 2.15223423083e-07, 1.59615680673e-07, 2.61643151589e-07, 1.59683224865e-07, 1.4356581346e-07, 4.15531431486e-08, 3.16820312207e-08, 2.25480949467e-08, 4.92276708286e-09, 1.00515569201e-08, 1.84307964446e-08, 2.81113479161e-08, 6.25365048634e-09, 1.20646701518e-08, 9.73809122229e-09, 1.10320530489e-09, 2.29885399605e-09, 4.15708178991e-09, 1.51929957504e-09, 3.66882690894e-10, 1.09737308129e-09, 1.51871393239e-09, 1.12210996051e-09, 1.09201359066e-09, 5.35949395974e-10, 4.17446521794e-10, 3.20913934315e-10, 4.00113109311e-10, 2.27674837316e-10, 1.65071581404e-10, 2.03826566736e-10, 1.86343995789e-10, 1.92432181301e-10, 2.09903483483e-10, 1.62028404582e-10, 1.30284907862e-10],
        "stdev": [4.32569067925e-05, 1.70812672877e-05, 6.62442835164e-06, 3.40696715284e-05, 0.000252483063377, 0.000722509226762, 0.000807650270872, 0.00108355400153, 0.00115334568545, 0.00118317943998, 0.000812241458334, 0.000209766818443, 0.00021756667411, 0.000220466361498, 0.000284081586869, 0.000173564723809, 0.000135122783831, 9.28216832108e-05, 0.000130314700073, 0.00011848028953, 6.01861684117e-05, 4.28260682384e-05, 2.7523654353e-05, 9.37329423323e-06, 6.41437736704e-06, 2.27870918934e-06, 1.52513479179e-07, 9.40061539723e-08, 1.20262114933e-07, 1.19899880247e-07, 1.39965010248e-07, 1.40921073921e-07, 1.67093091363e-07, 1.12423080623e-07, 5.72609692995e-08, 1.63441612244e-07, 1.71159570073e-07, 3.9621525616e-08, 5.60465629462e-08, 6.47158131528e-08]
    },
    "melbands128": {
        "max": [7.65829099691e-05, 0.00049615604803, 0.000808484328445, 0.000437823153334, 0.000223048511543, 0.000172217522049, 6.32585943094e-05, 6.70288936817e-05, 0.000163604025147, 0.000302338798065, 0.000650233123451, 0.00297400029376, 0.00534440483898, 0.0249778367579, 0.0221281442791, 0.050011485815, 0.0277052931488, 0.0223495718092, 0.0201271548867, 0.0249798912555, 0.0352301076055, 0.0305131040514, 0.0292498320341, 0.0212227124721, 0.0290997009724, 0.0280778333545, 0.0248437393457, 0.0238351207227, 0.0132319033146, 0.00869228690863, 0.00390428118408, 0.00666657928377, 0.00785236340016, 0.00415830966085, 0.00617846334353, 0.00500265602022, 0.00563568621874, 0.00632715364918, 0.00660479580984, 0.00449707964435, 0.00240005576052, 0.00419129338115, 0.00208394485526, 0.00491405045614, 0.00298345275223, 0.00103001878597, 0.00189589615911, 0.00590108754113, 0.00500853732228, 0.00386739359237, 0.00398163963109, 0.00541641470045, 0.00139634136576, 0.00118953920901, 0.000880757463165, 0.000791207654402, 0.0010070328135, 0.000598104903474, 0.000560473708902, 0.000528257049154, 0.000132815082907, 0.000155219007866, 0.000171750740265, 0.000209478050238, 0.000122391851619, 3.98594020226e-05, 5.43753048987e-06, 5.06902097186e-06, 4.88851401315e-06, 3.18561092172e-06, 3.53226278094e-06, 4.25643611379e-06, 1.56331452672e-06, 1.99783289645e-06, 2.53175471698e-06, 2.31892704505e-06, 1.42439512274e-06, 2.18074296754e-06, 2.95157360597e-06, 2.34073422689e-06, 2.15547879634e-06, 3.39970392815e-06, 6.62145066599e-06, 5.14485236636e-06, 2.07495281757e-06, 4.09381800637e-06, 2.60279284703e-06, 8.70315943757e-07, 1.11549206849e-06, 6.87462659243e-07, 3.74403242631e-07, 1.9795247681e-06, 2.47250482062e-05, 9.73975716079e-07, 3.77362425752e-07, 5.36852155619e-07, 4.64784307042e-07, 7.41129440485e-07, 7.79677463925e-07, 2.546686801e-06, 1.34409390284e-06, 1.80606741651e-06, 9.24193386709e-07, 5.77565629101e-07, 3.52126846792e-07, 3.11673773012e-07, 3.08287070538e-07, 1.00266765912e-06, 2.0439989612e-07, 4.77176968161e-07, 6.96673396305e-07, 1.89182276245e-06, 2.2505673769e-06, 1.91860067389e-06, 7.62575382396e-07, 5.52526103093e-07, 4.31248309951e-07, 1.68661582478e-08, 5.19682474831e-09, 4.26922885932e-10, 4.18104301181e-10, 4.13200557103e-10, 4.09037081983e-10, 4.02517436049e-10, 4.01655986249e-10, 3.92534033056e-10, 3.89718562976e-10, 3.90595722433e-10],
        "mean": [1.42462376971e-05, 8.54589598021e-05, 8.04081064416e-05, 3.67323773389e-05, 1.57229096658e-05, 1.00011047834e-05, 7.21130072634e-06, 6.09398648521e-06, 9.45679948927e-06, 1.57416998263e-05, 3.17558078677e-05, 6.01729589107e-05, 8.25428578537e-05, 0.000108726067992, 0.000128917934489, 0.000177949827048, 0.000224977731705, 0.000286745198537, 0.000336668657837, 0.000332479830831, 0.000384970102459, 0.000355552852852, 0.000310375238769, 0.000304683606373, 0.000364716164768, 0.000251587247476, 0.000186525809113, 0.000157386893989, 7.13522531441e-05, 4.96021420986e-05, 4.86165226903e-05, 4.70960185339e-05, 5.01552895003e-05, 4.63753640361e-05, 4.71163875773e-05, 5.01737486047e-05, 5.26241783518e-05, 6.81137025822e-05, 7.16911672498e-05, 5.37955020263e-05, 3.42524763255e-05, 3.20752405969e-05, 2.4925057005e-05, 3.61855381925e-05, 2.58861145994e-05, 2.20471429202e-05, 2.50503926509e-05, 2.15664731513e-05, 2.16098342207e-05, 1.95287957467e-05, 1.71136962308e-05, 1.52619522851e-05, 1.44644554894e-05, 1.66877198353e-05, 1.58796610776e-05, 1.57856211445e-05, 1.75634995685e-05, 1.14087843031e-05, 5.97157895754e-06, 4.07278730563e-06, 2.68569510808e-06, 2.18106833927e-06, 1.8965391746e-06, 1.87943021501e-06, 1.40406439186e-06, 4.907078619e-07, 1.08522769438e-07, 5.9629428506e-08, 5.66097675403e-08, 3.6532444625e-08, 3.01574587525e-08, 1.94042613089e-08, 3.45550503766e-08, 5.96172711198e-08, 6.7185055741e-08, 4.52209292234e-08, 3.78802447187e-08, 4.55638442531e-08, 6.17988291651e-08, 4.75219898988e-08, 4.77602419835e-08, 5.04318045103e-08, 5.28751087359e-08, 4.79058464009e-08, 4.7080604304e-08, 5.62316877506e-08, 4.02985769199e-08, 2.64205510803e-08, 2.93162116805e-08, 2.45194016202e-08, 1.04077999552e-08, 1.29334729593e-08, 5.18461291676e-08, 1.1628182861e-08, 1.70000440392e-08, 1.39211264738e-08, 1.79299615155e-08, 2.33696511032e-08, 1.89220070723e-08, 2.49787053264e-08, 2.31851231547e-08, 2.39478623598e-08, 1.82273289795e-08, 1.74596479496e-08, 1.36736755252e-08, 1.07079287659e-08, 8.74697381192e-09, 9.35403754454e-09, 8.98480490008e-09, 1.73111853741e-08, 1.80349744028e-08, 2.84111152382e-08, 2.76031517643e-08, 2.64312305376e-08, 2.66831747808e-08, 1.9955578523e-08, 1.2133138938e-08, 6.33575414355e-11, 5.28673502545e-12, 1.76683862853e-12, 1.72658556289e-12, 1.69488739449e-12, 1.66201676987e-12, 1.62976468258e-12, 1.61579506285e-12, 1.5980917761e-12, 1.58717852229e-12, 1.57893891104e-12],
        "min": [1.3793441056e-08, 2.15982169038e-07, 4.88945147481e-07, 8.705081882e-07, 5.45648077832e-08, 6.96267719036e-08, 4.99764141182e-08, 4.27358486377e-08, 3.76156918946e-08, 3.89943224377e-08, 2.6586432611e-08, 1.59839146363e-08, 8.9454850638e-08, 7.42720160929e-08, 2.895971285e-08, 2.93961424092e-08, 5.05535169282e-08, 3.50586604192e-09, 5.09060456011e-08, 5.19505860552e-08, 6.62579608957e-08, 9.09824748874e-09, 1.15270779588e-08, 2.46349838307e-08, 2.54293439639e-08, 1.21115126817e-08, 1.18739107435e-08, 1.70509544262e-08, 1.23413164133e-08, 5.89149085073e-09, 2.98534152954e-09, 5.94851989888e-09, 2.22104556968e-09, 1.9291026554e-09, 2.69313704671e-09, 3.85683884829e-09, 1.04517217103e-09, 4.8717474499e-09, 8.01891442137e-09, 6.9251395729e-09, 7.25464932572e-09, 5.39457145621e-09, 3.07343994699e-09, 2.50044474015e-09, 2.95087598801e-09, 3.0409150753e-09, 4.78260497871e-09, 4.38120961732e-09, 3.13950132558e-09, 8.25122303816e-10, 1.02187547313e-09, 7.26586457667e-10, 1.81840964508e-09, 2.97737390298e-09, 3.51847773139e-09, 4.8904285066e-09, 3.11521830554e-09, 2.11094475233e-09, 7.61192220367e-10, 5.06159225644e-10, 3.03374658728e-10, 3.42418926547e-10, 4.71819694425e-10, 1.1693235269e-09, 2.04429762007e-09, 1.56507173887e-09, 9.80206249501e-10, 7.17536863259e-10, 5.37696331904e-10, 3.02592756407e-10, 2.03803779408e-10, 9.88445436612e-11, 1.85497742167e-10, 3.15905940296e-10, 6.11092842995e-10, 4.73040606686e-10, 1.93964455608e-10, 2.52968562764e-10, 2.43528391897e-10, 2.88705448437e-10, 4.17456846868e-10, 4.46988779323e-10, 3.43063744079e-10, 1.85456594526e-10, 1.49949927475e-10, 1.4324917641e-10, 1.34705677168e-10, 2.72571493154e-10, 2.26265339798e-10, 1.42747647036e-10, 1.75220615795e-10, 2.51101917037e-10, 1.05172995313e-10, 2.10554240709e-10, 2.24707752405e-10, 1.79219167284e-10, 2.27397184416e-10, 2.1643685455e-10, 2.07328140767e-10, 7.08940267602e-11, 1.42699407846e-10, 7.61509327818e-11, 8.60476342956e-11, 7.28854893106e-11, 5.66834461313e-11, 3.53407303422e-11, 9.8829708306e-11, 1.02990553585e-10, 6.63460744676e-11, 7.36629229836e-11, 8.95383003852e-11, 1.02889675946e-10, 7.2214109692e-11, 6.13972761521e-11, 7.28042140463e-11, 9.38856839494e-11, 4.69893290944e-11, 1.25441879648e-13, 4.94598089427e-14, 6.43384881504e-14, 5.89726767311e-14, 5.53746196846e-14, 7.17526962867e-14, 5.54929874567e-14, 6.43323488556e-14, 5.59890844895e-14, 5.10749889647e-14, 7.4212696806e-14],
        "stdev": [1.05438657556e-05, 5.52666570002e-05, 6.0161233705e-05, 3.28081259795e-05, 1.77811543836e-05, 1.15414331958e-05, 7.58633495934e-06, 6.84355791236e-06, 1.29976460812e-05, 2.84455072688e-05, 5.98403712502e-05, 0.000135351510835, 0.000248795899097, 0.000685172795784, 0.00075402262155, 0.00122741970699, 0.00101395451929, 0.00106604106259, 0.00117238063831, 0.00126606342383, 0.00160595122725, 0.00175637134816, 0.00149265327491, 0.00129444722552, 0.00182551960461, 0.00145282794256, 0.00132916413713, 0.00118169200141, 0.000463320728159, 0.000308732647682, 0.000195086424355, 0.00023467488063, 0.000325427594362, 0.000247023999691, 0.000272012810456, 0.000272547651548, 0.000279113533907, 0.000368343287846, 0.000391922687413, 0.000275825703284, 0.00014747773821, 0.000182978692465, 0.000121586024761, 0.000223656883463, 0.000125620383187, 8.99701772141e-05, 0.000118950476462, 0.000171559280716, 0.000188158970559, 0.000142235148815, 0.000142012155266, 0.000140508433105, 6.44468600512e-05, 6.31981602055e-05, 4.97036016895e-05, 4.76184395666e-05, 5.69108851778e-05, 3.9005139115e-05, 2.20664169319e-05, 1.79016169568e-05, 9.20461570786e-06, 7.8049433796e-06, 7.36624360798e-06, 8.27739131637e-06, 6.27192548563e-06, 2.10498114939e-06, 3.34231316401e-07, 1.86627531207e-07, 1.65303049471e-07, 1.00712334472e-07, 9.99857903139e-08, 1.02857271145e-07, 8.67038565389e-08, 1.50510302888e-07, 2.09897123682e-07, 1.31550706328e-07, 9.99438114491e-08, 1.3650192443e-07, 2.05912343176e-07, 1.45197645907e-07, 1.41989090707e-07, 1.73781089075e-07, 2.67622596084e-07, 1.84960313732e-07, 1.30563904577e-07, 1.65561942822e-07, 1.14025546338e-07, 5.93138800298e-08, 7.54648681323e-08, 5.92261812926e-08, 2.10372288478e-08, 5.38724265198e-08, 7.70310464304e-07, 3.25002105228e-08, 4.18231529409e-08, 3.63767931333e-08, 4.01106561299e-08, 6.11324466604e-08, 4.93584835226e-08, 9.28635870423e-08, 6.85078518359e-08, 7.56819602543e-08, 4.9183238815e-08, 4.55998012683e-08, 3.30340377275e-08, 2.86697314777e-08, 2.08014192538e-08, 3.48323503374e-08, 2.09383497207e-08, 4.37913456608e-08, 4.35909193186e-08, 8.18279417558e-08, 9.56729877544e-08, 8.29398629776e-08, 6.77622367107e-08, 5.35925259726e-08, 3.1839537229e-08, 5.28568577796e-10, 1.17752738116e-10, 1.04368987411e-11, 1.02044431932e-11, 1.00573230299e-11, 9.93551334955e-12, 9.77271041869e-12, 9.7290812559e-12, 9.52635279688e-12, 9.45525602258e-12, 9.46259563761e-12]
    },
    "mfcc": {
        "mean": [-805.634216309, 170.302566528, -9.99844264984, -4.93975353241, 5.39526081085, -12.3181505203, -16.4919509888, 3.58263444901, -0.262723535299, 2.33968067169, 17.380651474, 10.0237350464, -1.13374066353],
        "cov": [[6122.29101562, -322.732971191, -1634.55529785, -934.344543457, -28.367105484, -605.558837891, -714.390930176, 77.9931259155, 95.7939987183, -575.972717285, 189.968215942, 100.923332214, 263.857055664], [-322.732971191, 306.503692627, 177.379959106, -71.623374939, -209.23765564, -20.5584411621, 115.517440796, -6.162068367, -45.0682601929, 42.4782905579, -48.369354248, 46.4989891052, -46.0473899841], [-1634.55529785, 177.379959106, 631.271850586, 262.742919922, -132.190261841, 118.065185547, 210.166488647, -59.2302513123, -50.2949523926, 198.897689819, -101.093162537, -12.1276865005, -105.474388123], [-934.344543457, -71.623374939, 262.742919922, 406.333007812, 212.813064575, 5.90284109116, -38.4630241394, -16.9818058014, -30.4715194702, 60.7632026672, -21.8244457245, -60.1247787476, -7.47244739532], [-28.367105484, -209.23765564, -132.190261841, 212.813064575, 427.420074463, 74.9780883789, -202.822998047, -46.9144859314, 25.2801132202, -89.6344909668, 48.9290885925, -77.5552062988, 76.6541366577], [-605.558837891, -20.5584411621, 118.065185547, 5.90284109116, 74.9780883789, 276.616088867, 126.268318176, -78.2593002319, -6.72475767136, 32.3666763306, -8.88338279724, -30.0038261414, -20.5181045532], [-714.390930176, 115.517440796, 210.166488647, -38.4630241394, -202.822998047, 126.268318176, 330.402404785, 79.3774490356, -66.043586731, 52.1008377075, -56.0380897522, 37.6474075317, -72.3043518066], [77.9931259155, -6.162068367, -59.2302513123, -16.9818058014, -46.9144859314, -78.2593002319, 79.3774490356, 184.297805786, 19.0727119446, -70.4497680664, -36.3122024536, 24.0839767456, 3.56360006332], [95.7939987183, -45.0682601929, -50.2949523926, -30.4715194702, 25.2801132202, -6.72475767136, -66.043586731, 19.0727119446, 139.755859375, 55.7572059631, 0.766942441463, -34.2421112061, 12.0480241776], [-575.972717285, 42.4782905579, 198.897689819, 60.7632026672, -89.6344909668, 32.3666763306, 52.1008377075, -70.4497680664, 55.7572059631, 268.196563721, 43.4453353882, -21.3107643127, -81.4686889648], [189.968215942, -48.369354248, -101.093162537, -21.8244457245, 48.9290885925, -8.88338279724, -56.0380897522, -36.3122024536, 0.766942441463, 43.4453353882, 140.646942139, 28.6172599792, -15.6862926483], [100.923332214, 46.4989891052, -12.1276865005, -60.1247787476, -77.5552062988, -30.0038261414, 37.6474075317, 24.0839767456, -34.2421112061, -21.3107643127, 28.6172599792, 130.629577637, 28.7859172821], [263.857055664, -46.0473899841, -105.474388123, -7.47244739532, 76.6541366577, -20.5181045532, -72.3043518066, 3.56360006332, 12.0480241776, -81.4686889648, -15.6862926483, 28.7859172821, 129.450515747]],
        "icov": [[0.00125086074695, 0.00081741908798, 0.00198442162946, 0.00121844303794, 0.00115993875079, 0.00102560396772, 0.00157449685503, 0.000673814152833, 0.000482820090838, 0.000867211376317, 0.000450994557468, -7.09524247213e-05, 0.000336217461154], [0.00081741908798, 0.00722900591791, -0.00258239265531, 0.00520329829305, -0.00108396587893, 0.0046626967378, -0.00107724429108, 0.00228888285346, 0.000941091508139, 0.0010051500285, 0.00106545188464, -0.000699135765899, 0.000647370179649], [0.00198442162946, -0.00258239265531, 0.0168167781085, -0.0131609737873, 0.0130012119189, -0.00771317398176, 0.00489315856248, 0.00280568795279, -0.00106824480463, 0.000431039952673, 0.00503306556493, -0.00315086101182, 0.00339479139075], [0.00121844303794, 0.00520329829305, -0.0131609737873, 0.0265787485987, -0.0214730072767, 0.0175521671772, -0.00593596044928, 0.000318745849654, 0.00602075271308, -0.00426410092041, 0.00189028424211, 0.0018586613005, -0.00107696873602], [0.00115993875079, -0.00108396587893, 0.0130012119189, -0.0214730072767, 0.0332472622395, -0.0255930759013, 0.022955916822, -0.0106977280229, 0.0033042342402, 0.00431742006913, -0.00509568257257, 0.00337431370281, -0.00298183015548], [0.00102560396772, 0.0046626967378, -0.00771317398176, 0.0175521671772, -0.0255930759013, 0.0355845689774, -0.0296166501939, 0.0239349938929, -0.0117364879698, 0.00528567703441, 0.00192758266348, -0.00124617153779, 0.00282015535049], [0.00157449685503, -0.00107724429108, 0.00489315856248, -0.00593596044928, 0.022955916822, -0.0296166501939, 0.0397106222808, -0.028501033783, 0.019674602896, -0.00729833682999, 0.00023282589973, 0.001901958487, -0.00208998448215], [0.000673814152833, 0.00228888285346, 0.00280568795279, 0.000318745849654, -0.0106977280229, 0.0239349938929, -0.028501033783, 0.0335486419499, -0.0200983919203, 0.0119640761986, 0.00254637026228, -0.00491279456764, 0.00583192333579], [0.000482820090838, 0.000941091508139, -0.00106824480463, 0.00602075271308, 0.0033042342402, -0.0117364879698, 0.019674602896, -0.0200983919203, 0.0256001483649, -0.0131876319647, 0.00316368043423, 0.00416062772274, -0.00467056035995], [0.000867211376317, 0.0010051500285, 0.000431039952673, -0.00426410092041, 0.00431742006913, 0.00528567703441, -0.00729833682999, 0.0119640761986, -0.0131876319647, 0.0162954125553, -0.00694572366774, 0.000778049172368, 0.00303848646581], [0.000450994557468, 0.00106545188464, 0.00503306556493, 0.00189028424211, -0.00509568257257, 0.00192758266348, 0.00023282589973, 0.00254637026228, 0.00316368043423, -0.00694572366774, 0.0179180987179, -0.00814213883132, 0.00636873254552], [-7.09524247213e-05, -0.000699135765899, -0.00315086101182, 0.0018586613005, 0.00337431370281, -0.00124617153779, 0.001901958487, -0.00491279456764, 0.00416062772274, 0.000778049172368, -0.00814213883132, 0.0153288263828, -0.00785497482866], [0.000336217461154, 0.000647370179649, 0.00339479139075, -0.00107696873602, -0.00298183015548, 0.00282015535049, -0.00208998448215, 0.00583192333579, -0.00467056035995, 0.00303848646581, 0.00636873254552, -0.00785497482866, 0.0157239660621]]
    },
    "spectral_contrast_coeffs": {
        "max": [-0.448150008917, -0.399248987436, -0.452464938164, -0.558504223824, -0.512397348881, -0.758356332779],
        "mean": [-0.778457283974, -0.748928248882, -0.758315384388, -0.796758711338, -0.764838933945, -0.831017911434],
        "min": [-0.925952613354, -0.918079674244, -0.944633066654, -0.914158761501, -0.890975773335, -0.954919815063],
        "stdev": [0.0743215531111, 0.0813946798444, 0.0742564871907, 0.0601048283279, 0.0887202396989, 0.0171238332987]
    },
    "spectral_contrast_valleys": {
        "max": [-6.78863859177, -4.68837690353, -4.80068874359, -5.7357635498, -6.89472198486, -9.8772354126],
        "mean": [-8.05566692352, -7.24560070038, -8.64281749725, -8.77820110321, -9.72014045715, -12.065366745],
        "min": [-9.19278240204, -9.36360645294, -10.7427997589, -10.6614952087, -12.144733429, -13.2078990936],
        "stdev": [0.340286016464, 0.842219293118, 1.11168527603, 1.04347324371, 0.597258627415, 0.683162689209]
    }
},
"rhythm": {
    "beats_count": 77,
    "beats_loudness": {
        "max": 0.145106822252,
        "mean": 0.021584874019,
        "min": 0.000225727446377,
        "stdev": 0.0340763442218
    },
    "bpm": 91.0665512085,
    "bpm_histogram_first_peak_bpm": 91,
    "bpm_histogram_first_peak_weight": 0.454545497894,
    "bpm_histogram_second_peak_bpm": 115,
    "bpm_histogram_second_peak_spread": 0.375,
    "bpm_histogram_second_peak_weight": 0.065789476037,
    "danceability": 1.38997936249,
    "onset_rate": 4.2451171875,
    "beats_loudness_band_ratio": {
        "max": [0.706900238991, 0.650000333786, 0.908167541027, 0.715086460114, 0.854835748672, 0.0279234591872],
        "mean": [0.11891438067, 0.147751122713, 0.517211258411, 0.15791977942, 0.105497062206, 0.00336388498545],
        "min": [0.000712681794539, 0.00134990119841, 0.0124837253243, 0.00451172422618, 0.00241921236739, 0.000588102149777],
        "stdev": [0.16381894052, 0.152983620763, 0.250615566969, 0.148039415479, 0.17408876121, 0.00383255258203]
    },
