{
"metadata": {
    "version": {
        "essentia": "2.1-beta5",
        "essentia_git_sha": "Undefined",
        "extractor": "music 2.0"
    },
    "audio_properties": {
        "analysis": {
            "equal_loudness": 0,
            "length": 48.7502937317,
            "sample_rate": 44100,
            "start_time": 12.7477550507,
            "downmix": "mix"
        },
        "bit_rate": 192000,
        "length": 249.335876465,
        "lossless": 0,
        "number_channels": 2,
        "replay_gain": -8.19127655029,
        "sample_rate": 44100,
        "codec": "mp3",
        "md5_encoded": "de4fd75af82976d4016bfb15091c14f6"
    },
    "tags": {
        "file_name": "Yugoslavia_Ne Mogu Skriti Svoju Bol_Ambasadori.mp3",
        "encoding": ["Lavf58.29.100"]
    }
},
"lowlevel": {
    "average_loudness": 0.639211893082,
    "barkbands_crest": {
        "max": 25.9690265656,
        "mean": 12.9471893311,
        "min": 4.36859464645,
        "stdev": 4.81255245209
    },
    "barkbands_flatness_db": {
        "max": 0.34292319417,
        "mean": 0.208509430289,
        "min": 0.110628083348,
        "stdev": 0.0378986150026
    },
    "barkbands_kurtosis": {
        "max": 81.0156860352,
        "mean": 4.62519979477,
        "min": -1.77597236633,
        "stdev": 7.87240743637
    },
    "barkbands_skewness": {
        "max": 5.68696212769,
        "mean": 0.646856129169,
        "min": -3.17211389542,
        "stdev": 1.02834796906
    },
    "barkbands_spread": {
        "max": 54.7638435364,
        "mean": 9.76251983643,
        "min": 0.986045956612,
        "stdev": 6.8794054985
    },
    "dissonance": {
        "max": 0.499985843897,
        "mean": 0.416227996349,
        "min": 0.188673257828,
        "stdev": 0.0586782731116
    },
    "dynamic_complexity": 6.13659143448,
    "erbbands_crest": {
        "max": 33.7071876526,
        "mean": 13.8641710281,
        "min": 2.94615340233,
        "stdev": 5.50874519348
    },
    "erbbands_flatness_db": {
        "max": 0.380164176226,
        "mean": 0.249791935086,
        "min": 0.0895271003246,
        "stdev": 0.045758895576
    },
    "erbbands_kurtosis": {
        "max": 118.992477417,
        "mean": 5.7480969429,
        "min": -1.80996870995,
        "stdev": 12.1426305771
    },
    "erbbands_skewness": {
        "max": 7.83996200562,
        "mean": 1.0871950388,
        "min": -3.04333972931,
        "stdev": 1.39265561104
    },
    "erbbands_spread": {
        "max": 50.2408180237,
        "mean": 14.0468502045,
        "min": 1.06034529209,
        "stdev": 9.15720462799
    },
    "hfc": {
        "max": 143.453018188,
        "mean": 8.6035451889,
        "min": 0.0375043973327,
        "stdev": 18.0540142059
    },
    "loudness_ebu128": {
        "integrated": -19.3263225555,
        "loudness_range": 9.87400054932,
        "momentary": {
            "max": -12.2915706635,
            "mean": -22.1024093628,
            "min": -34.178237915,
            "stdev": 5.00511360168
        },
        "short_term": {
            "max": -16.1453094482,
            "mean": -20.6381969452,
            "min": -28.5042247772,
            "stdev": 3.40768551826
        }
    },
    "melbands_crest": {
        "max": 32.7317810059,
        "mean": 15.6989526749,
        "min": 5.49603223801,
        "stdev": 5.68475151062
    },
    "melbands_flatness_db": {
        "max": 0.428707540035,
        "mean": 0.29633551836,
        "min": 0.171209827065,
        "stdev": 0.0444069355726
    },
    "melbands_kurtosis": {
        "max": 72.7056045532,
        "mean": 4.52721309662,
        "min": -1.8571870327,
        "stdev": 6.85119581223
    },
    "melbands_skewness": {
        "max": 7.41961097717,
        "mean": 0.803559362888,
        "min": -3.19690728188,
        "stdev": 1.31538379192
    },
    "melbands_spread": {
        "max": 106.777450562,
        "mean": 14.1104755402,
        "min": 1.48893642426,
        "stdev": 10.8134565353
    },
    "pitch_salience": {
        "max": 0.878566682339,
        "mean": 0.514933526516,
        "min": 0.111013069749,
        "stdev": 0.135888919234
    },
    "silence_rate_20dB": {
        "max": 1,
        "mean": 1,
        "min": 1,
        "stdev": 0
    },
    "silence_rate_30dB": {
        "max": 1,
        "mean": 0.990004777908,
        "min": 0,
        "stdev": 0.0994742587209
    },
    "silence_rate_60dB": {
        "max": 1,
        "mean": 0.444074243307,
        "min": 0,
        "stdev": 0.496863096952
    },
    "spectral_centroid": {
        "max": 2784.15258789,
        "mean": 806.311950684,
        "min": 349.925964355,
        "stdev": 355.210479736
    },
    "spectral_complexity": {
        "max": 38,
        "mean": 7.1875295639,
        "min": 0,
        "stdev": 6.46522188187
    },
    "spectral_decrease": {
        "max": -2.87501775859e-11,
        "mean": -2.6477413595e-09,
        "min": -4.15025809275e-08,
        "stdev": 5.01221553151e-09
    },
    "spectral_energy": {
        "max": 0.169652208686,
        "mean": 0.0107735684142,
        "min": 0.000116107941722,
        "stdev": 0.0205087438226
    },
    "spectral_energyband_high": {
        "max": 0.000462147116195,
        "mean": 1.52046559379e-05,
        "min": 1.65068129832e-07,
        "stdev": 3.6601908505e-05
    },
    "spectral_energyband_low": {
        "max": 0.00112579669803,
        "mean": 0.000304761517327,
        "min": 8.91857041552e-07,
        "stdev": 0.000135513677378
    },
    "spectral_energyband_middle_high": {
        "max": 0.0969948619604,
        "mean": 0.0027774295304,
        "min": 6.74209968565e-06,
        "stdev": 0.00734326941893
    },
    "spectral_energyband_middle_low": {
        "max": 0.121050700545,
        "mean": 0.00783241633326,
        "min": 1.92042189155e-05,
        "stdev": 0.0146421929821
    },
    "spectral_entropy": {
        "max": 8.12168598175,
        "mean": 6.6471991539,
        "min": 5.19887256622,
        "stdev": 0.457592129707
    },
    "spectral_flux": {
        "max": 0.376096129417,
        "mean": 0.0485099367797,
        "min": 0.00387743790634,
        "stdev": 0.0575431063771
    },
    "spectral_kurtosis": {
        "max": 38.5018692017,
        "mean": 18.6199893951,
        "min": 3.40092182159,
        "stdev": 5.76107645035
    },
    "spectral_rms": {
        "max": 0.0128652378917,
        "mean": 0.0025070104748,
        "min": 0.000336565048201,
        "stdev": 0.00205564615317
    },
    "spectral_rolloff": {
        "max": 3251.51367188,
        "mean": 933.940124512,
        "min": 64.599609375,
        "stdev": 552.441650391
    },
    "spectral_skewness": {
        "max": 4.92323589325,
        "mean": 3.30898833275,
        "min": 1.70460617542,
        "stdev": 0.60366410017
    },
    "spectral_spread": {
        "max": 25117794,
        "mean": 2626474,
        "min": 1802564.5,
        "stdev": 634188.1875
    },
    "spectral_strongpeak": {
        "max": 9.03579330444,
        "mean": 0.989630818367,
        "min": 0.0109401410446,
        "stdev": 1.11631143093
    },
    "zerocrossingrate": {
        "max": 0.09228515625,
        "mean": 0.0315137803555,
        "min": 0.0048828125,
        "stdev": 0.0113114640117
    },
    "barkbands": {
        "max": [0.000119462223665, 0.00106229982339, 0.000226147603826, 0.000285758724203, 0.00745821418241, 0.0647884532809, 0.07672213763, 0.0949706584215, 0.0917617380619, 0.0975690111518, 0.0257926695049, 0.0298667289317, 0.0259544607252, 0.0159131791443, 0.0248986184597, 0.0301188584417, 0.0120654124767, 0.00529190851375, 0.00177538208663, 8.47704213811e-05, 0.000109208085632, 0.000116390438052, 7.64189389884e-05, 2.41112429649e-05, 5.49976393813e-05, 7.95073792688e-05, 9.35888328968e-06],
        "mean": [2.1530131562e-05, 0.000267755938694, 1.13343930934e-05, 1.10072433017e-05, 0.000304241344566, 0.000661747471895, 0.00186757743359, 0.00219810754061, 0.00244072312489, 0.00075050489977, 0.000259391439613, 0.000316493591527, 0.00047185033327, 0.000254909187788, 0.000271415541647, 0.000249281874858, 0.000288493320113, 8.1545978901e-05, 2.9037864806e-05, 2.13529096982e-06, 2.74725221061e-06, 2.68498661171e-06, 1.83693828149e-06, 1.27222358515e-06, 2.10872372008e-06, 3.47262243849e-06, 3.70670335315e-07],
        "min": [1.93489498201e-07, 3.10235861889e-07, 4.81155630894e-08, 3.47098918496e-08, 7.43333544051e-07, 5.93596837462e-07, 7.06305741005e-07, 4.11773584119e-07, 4.03786543757e-07, 2.10658114952e-07, 8.32602751188e-08, 2.2652832854e-07, 2.2397767907e-07, 2.61509597976e-07, 1.8461777529e-07, 2.3122547077e-07, 1.5591143665e-07, 1.82512820857e-07, 1.33851258965e-07, 2.07095354199e-08, 2.53442760112e-08, 2.13867785703e-08, 1.51232608658e-08, 2.02459098375e-08, 1.02631316778e-08, 1.92381328645e-08, 3.52687518079e-10],
        "stdev": [1.22813844428e-05, 0.000125570120872, 1.38249451993e-05, 1.65453257068e-05, 0.000607980415225, 0.00217459956184, 0.00499981781468, 0.00599935883656, 0.00782473757863, 0.00419588154182, 0.00117258029059, 0.00142056506593, 0.00198156153783, 0.00118063180707, 0.00131131336093, 0.00131073372904, 0.000890810391866, 0.000324465188896, 0.000114311333164, 5.54309144718e-06, 7.06396849637e-06, 8.35302489577e-06, 4.72712918054e-06, 2.76305013358e-06, 5.2541063269e-06, 8.34283855511e-06, 9.06073353235e-07]
    },
    "erbbands": {
        "max": [0.0497927479446, 0.175035431981, 0.164598494768, 0.685682833195, 3.97847771645, 30.3957042694, 141.609298706, 727.089416504, 761.503662109, 1316.83068848, 2573.63574219, 2849.41503906, 2979.36987305, 1573.29699707, 980.746948242, 1260.67041016, 1353.83129883, 887.318664551, 775.415527344, 1523.93273926, 1136.89819336, 726.877929688, 328.630218506, 172.495330811, 24.352350235, 4.4370765686, 2.8917889595, 5.00264453888, 4.71682882309, 3.69962763786, 1.48454868793, 0.357661366463, 0.469984352589, 0.85896897316, 0.233764842153, 0.159680023789, 0.231520920992, 0.0367379188538, 0.000794940569904, 0.000216718181036],
        "mean": [0.0137410257012, 0.0357077158988, 0.0167963709682, 0.0277639981359, 0.151114627719, 1.05926251411, 3.15446162224, 6.52307033539, 19.8938694, 39.6373977661, 48.0887145996, 50.5743637085, 42.6372070312, 16.0313529968, 10.0676736832, 13.8716373444, 22.5606613159, 14.8911943436, 12.4713497162, 15.3711671829, 13.7720317841, 16.099281311, 6.03597164154, 2.76500511169, 0.543418467045, 0.104932054877, 0.116132833064, 0.093875810504, 0.0946808457375, 0.0913883447647, 0.0452421046793, 0.0206110663712, 0.0262721888721, 0.0264889597893, 0.0129405567423, 0.00818622950464, 0.008091497235, 0.00182369991671, 4.17761584686e-05, 1.35939490065e-05],
        "min": [1.48469180203e-05, 5.17465741723e-05, 0.000182491814485, 0.000540929962881, 0.000388270476833, 0.00207077874802, 0.00471866782755, 0.010164655745, 0.0132699068636, 0.0202765185386, 0.0168514177203, 0.0128588462248, 0.0110024949536, 0.00571599788964, 0.00503025157377, 0.0126904919744, 0.0187066942453, 0.0210497211665, 0.0217112582177, 0.0169436894357, 0.0116543592885, 0.00979440566152, 0.0124065196142, 0.0112735703588, 0.00416480656713, 0.00133068487048, 0.00106084253639, 0.000984151964076, 0.00069169542985, 0.000620656530373, 0.000454707245808, 0.000411169487052, 0.000307015347062, 0.000152337597683, 6.83100879542e-05, 4.47381826234e-05, 3.87279324059e-05, 6.71894576953e-06, 2.68473883125e-07, 1.91559678342e-07],
        "stdev": [0.0062254643999, 0.0195536613464, 0.014176286757, 0.0348473265767, 0.244986459613, 2.12852597237, 6.99675750732, 23.2400112152, 54.5414428711, 94.6978530884, 146.643676758, 186.842178345, 153.173492432, 74.8753433228, 47.8278427124, 56.9091148376, 90.0757980347, 65.5769882202, 53.84034729, 79.5409088135, 59.2094192505, 50.3273162842, 22.0457782745, 10.3813886642, 1.72548985481, 0.269560903311, 0.282093971968, 0.262062013149, 0.305296570063, 0.269944936037, 0.106525674462, 0.0409933328629, 0.0597456768155, 0.0747751295567, 0.0287999808788, 0.0179849211127, 0.0219983626157, 0.00410836236551, 9.07310168259e-05, 2.62019257207e-05]
    },
    "gfcc": {
        "mean": [-148.85848999, 123.663597107, -112.875411987, -22.8551101685, -50.3246192932, 0.892478168011, -34.1842880249, 23.5810241699, -3.20114827156, 17.1696777344, -5.34099817276, 11.882232666, -13.2915735245],
        "cov": [[6237.29785156, -1294.27246094, -1419.95117188, -1046.28857422, -418.581237793, -494.595550537, -436.855285645, 205.237380981, 119.499824524, 32.3500709534, -144.601654053, 362.017669678, 16.3237514496], [-1294.27246094, 586.719482422, 421.756072998, 91.336555481, -1.58888065815, 77.1137084961, 72.7671432495, -170.358001709, -111.212875366, -19.0004711151, 45.9071235657, -107.748680115, 14.5405817032], [-1419.95117188, 421.756072998, 483.792907715, 187.370834351, 1.47787225246, 72.3911743164, 122.261947632, -89.4670333862, -65.4451522827, -7.29559135437, 31.5645427704, -140.42048645, 4.82798433304], [-1046.28857422, 91.336555481, 187.370834351, 435.111236572, 233.828735352, 10.2322206497, -116.309906006, -27.1226062775, 28.1720695496, -37.0543060303, 3.5184905529, 24.8282680511, 2.93635368347], [-418.581237793, -1.58888065815, 1.47787225246, 233.828735352, 206.081039429, 36.0250549316, -119.041145325, -23.1236553192, 36.3356590271, -15.8263950348, -14.0642461777, 53.4806060791, -0.628050267696], [-494.595550537, 77.1137084961, 72.3911743164, 10.2322206497, 36.0250549316, 189.875061035, 175.52003479, -20.6520729065, -48.5671844482, -0.627446234226, -10.6204538345, -68.1781387329, -14.3386459351], [-436.855285645, 72.7671432495, 122.261947632, -116.309906006, -119.041145325, 175.52003479, 390.221130371, 91.2630233765, -76.449546814, -11.8185634613, 9.64034843445, -149.757888794, -28.1663513184], [205.237380981, -170.358001709, -89.4670333862, -27.1226062775, -23.1236553192, -20.6520729065, 91.2630233765, 173.417221069, 65.7724761963, -14.2991027832, -9.58409976959, 7.05987882614, -12.0147895813], [119.499824524, -111.212875366, -65.4451522827, 28.1720695496, 36.3356590271, -48.5671844482, -76.449546814, 65.7724761963, 139.191055298, 67.9968566895, -5.85642337799, 16.136341095, -10.2104215622], [32.3500709534, -19.0004711151, -7.29559135437, -37.0543060303, -15.8263950348, -0.627446234226, -11.8185634613, -14.2991027832, 67.9968566895, 113.720550537, 44.483379364, -34.2255325317, -35.5385551453], [-144.601654053, 45.9071235657, 31.5645427704, 3.5184905529, -14.0642461777, -10.6204538345, 9.64034843445, -9.58409976959, -5.85642337799, 44.483379364, 99.012878418, 27.0941448212, -27.6641254425], [362.017669678, -107.748680115, -140.42048645, 24.8282680511, 53.4806060791, -68.1781387329, -149.757888794, 7.05987882614, 16.136341095, -34.2255325317, 27.0941448212, 181.149230957, 45.3699684143], [16.3237514496, 14.5405817032, 4.82798433304, 2.93635368347, -0.628050267696, -14.3386459351, -28.1663513184, -12.0147895813, -10.2104215622, -35.5385551453, -27.6641254425, 45.3699684143, 83.6739959717]],
        "icov": [[0.0019398246659, 0.00184655829798, 0.00189077458344, 0.0032341235783, -8.97445061128e-05, 0.00352374976501, 0.000424583558924, 0.000249496311881, 0.0029242860619, -0.00220233597793, 0.00358445593156, -0.00161012634635, 0.00133958237711], [0.00184655829798, 0.0122164459899, -0.00663585402071, 0.010921401903, -0.0102122267708, 0.0083745950833, -0.00470245815814, 0.0132213067263, -0.00663398811594, 0.0116100562736, -0.00637790327892, 0.00247218017466, -0.000137135080877], [0.00189077458344, -0.00663585402071, 0.0175683945417, -0.00918918009847, 0.0131946625188, 2.58919044427e-05, 0.000169379098224, -0.00021565183124, 0.00115150376223, -0.0030907606706, 0.00269214319997, 0.0027084692847, -0.00152814341709], [0.0032341235783, 0.010921401903, -0.00918918009847, 0.0259079188108, -0.0274806730449, 0.0176716297865, -0.0063083646819, 0.00963036995381, -0.00262055755593, 0.00875952746719, -0.00258949003182, 0.000437203299953, 0.00148095178884], [-8.97445061128e-05, -0.0102122267708, 0.0131946625188, -0.0274806730449, 0.0580119304359, -0.0435902997851, 0.0364612527192, -0.0286867693067, 0.0104334224015, -0.00779854739085, 0.00186681631021, 0.00314933527261, -1.42377966768e-05], [0.00352374976501, 0.0083745950833, 2.58919044427e-05, 0.0176716297865, -0.0435902997851, 0.0676351040602, -0.0572133585811, 0.0466199144721, -0.0128651391715, -0.00285936216824, 0.0211076866835, -0.020640252158, 0.0113194724545], [0.000424583558924, -0.00470245815814, 0.000169379098224, -0.0063083646819, 0.0364612527192, -0.0572133585811, 0.0676556378603, -0.0601317174733, 0.0347449369729, -0.0112075163051, -0.0128442617133, 0.02295666188, -0.0116592422128], [0.000249496311881, 0.0132213067263, -0.00021565183124, 0.00963036995381, -0.0286867693067, 0.0466199144721, -0.0601317174733, 0.0806175991893, -0.0612752661109, 0.0474275052547, -0.011980897747, -0.00698512326926, 0.00892917066813], [0.0029242860619, -0.00663398811594, 0.00115150376223, -0.00262055755593, 0.0104334224015, -0.0128651391715, 0.0347449369729, -0.0612752661109, 0.0782783925533, -0.0701364353299, 0.0367442518473, -0.0108630405739, -0.000819416716695], [-0.00220233597793, 0.0116100562736, -0.0030907606706, 0.00875952746719, -0.00779854739085, -0.00285936216824, -0.0112075163051, 0.0474275052547, -0.0701364353299, 0.0901339128613, -0.058492552489, 0.0313057973981, -0.00581767549738], [0.00358445593156, -0.00637790327892, 0.00269214319997, -0.00258949003182, 0.00186681631021, 0.0211076866835, -0.0128442617133, -0.011980897747, 0.0367442518473, -0.058492552489, 0.0657510980964, -0.0408005788922, 0.0214336365461], [-0.00161012634635, 0.00247218017466, 0.0027084692847, 0.000437203299953, 0.00314933527261, -0.020640252158, 0.02295666188, -0.00698512326926, -0.0108630405739, 0.0313057973981, -0.0408005788922, 0.0410018451512, -0.0208265036345], [0.00133958237711, -0.000137135080877, -0.00152814341709, 0.00148095178884, -1.42377966768e-05, 0.0113194724545, -0.0116592422128, 0.00892917066813, -0.000819416716695, -0.00581767549738, 0.0214336365461, -0.0208265036345, 0.0268549304456]]
    },
    "melbands": {
        "max": [0.000355039490387, 8.55042017065e-05, 0.000191592087504, 0.000896850659046, 0.00379433017224, 0.0150393946096, 0.0111771523952, 0.0148594817147, 0.020089790225, 0.018209060654, 0.0157151184976, 0.00816169474274, 0.00375898345374, 0.00405056541786, 0.0021513053216, 0.00269513973035, 0.0017561573768, 0.00142099452205, 0.00208456930704, 0.00286920904182, 0.00114113802556, 0.000679846620187, 0.00070848694304, 0.000266331015155, 0.000130069820443, 3.86657084164e-05, 5.0725152505e-06, 2.41786256083e-06, 1.8463355218e-06, 1.85251633411e-06, 3.20021649713e-06, 2.4155722258e-06, 2.65457879323e-06, 2.27873488257e-06, 9.38468303957e-07, 2.681858291e-07, 2.14197413584e-07, 3.75968681965e-07, 5.98555743636e-07, 7.82065853855e-07],
        "mean": [9.31633112486e-05, 1.90737591765e-05, 7.35938010621e-06, 3.71777423425e-05, 0.000103686776129, 0.000147780781845, 0.000333561678417, 0.000458698254079, 0.000390172353946, 0.000325931148836, 0.000207408214919, 6.41273727524e-05, 3.40650258295e-05, 3.17347585224e-05, 4.81703864352e-05, 4.37836715719e-05, 2.5736160751e-05, 1.88991252799e-05, 2.1337536964e-05, 1.83121046575e-05, 1.57472695719e-05, 1.77964157047e-05, 9.88628562482e-06, 3.05942285195e-06, 2.22303742703e-06, 6.34925470422e-07, 1.11543549508e-07, 4.51438246785e-08, 6.95311754839e-08, 5.98160667664e-08, 5.54590755542e-08, 5.10453510572e-08, 5.4823868112e-08, 4.83223381309e-08, 2.85394996524e-08, 1.26477130991e-08, 1.28733024241e-08, 1.70434439895e-08, 2.15540811865e-08, 2.28706706906e-08],
        "min": [1.26321012317e-07, 9.20986238384e-08, 6.40759552084e-08, 9.10801674081e-08, 1.73046942109e-07, 1.75738421149e-07, 1.87439979982e-07, 1.1470817185e-07, 9.02582684148e-08, 5.8172762607e-08, 4.66831053814e-08, 2.00027550079e-08, 1.36026958586e-08, 1.84331785391e-08, 3.41808856774e-08, 3.01211642295e-08, 2.88918347024e-08, 2.45256970288e-08, 1.20619212396e-08, 1.50038275137e-08, 1.0156214536e-08, 8.23478796264e-09, 1.35297142378e-08, 8.00189248196e-09, 8.43064729139e-09, 3.38043326664e-09, 9.10458208825e-10, 5.21681142729e-10, 5.45109180017e-10, 6.52238651977e-10, 3.83980514052e-10, 3.15235781922e-10, 3.76801728708e-10, 2.55680560057e-10, 2.38833258726e-10, 2.4410476418e-10, 2.17950602011e-10, 1.88023902004e-10, 1.9118147343e-10, 8.71898664379e-11],
        "stdev": [4.31057087553e-05, 1.06734514702e-05, 9.97635288513e-06, 6.71923990012e-05, 0.00021588911477, 0.000504877825733, 0.000881409388967, 0.00104593299329, 0.00125125842169, 0.00114776450209, 0.000765029166359, 0.000343495921697, 0.00016609368322, 0.000164160956047, 0.000174835717189, 0.000191251398064, 0.000124805796077, 8.95014454727e-05, 0.000109371983854, 0.000105565137346, 6.66018240736e-05, 5.57723833481e-05, 3.77953365387e-05, 1.25904580273e-05, 8.71592965268e-06, 2.37616200138e-06, 3.09534641474e-07, 1.34965787879e-07, 1.63712414292e-07, 1.59766244678e-07, 1.65196652802e-07, 1.63508488527e-07, 1.86876533803e-07, 1.44014720149e-07, 6.93761279535e-08, 2.6414307186e-08, 2.56150123334e-08, 3.83836322726e-08, 5.79585091032e-08, 6.65280452949e-08]
    },
    "melbands128": {
        "max": [8.05369345471e-05, 0.00045349742868, 0.000501894683111, 0.000210519749089, 7.01227327227e-05, 0.00014442698739, 0.000174711836735, 0.000219277877477, 0.000558140280191, 0.000585421512369, 0.00184095883742, 0.00339523609728, 0.00693558435887, 0.00834039971232, 0.0147779583931, 0.0287899747491, 0.0130672333762, 0.0200299341232, 0.0281387642026, 0.0210786387324, 0.0264921747148, 0.0239696502686, 0.0360909663141, 0.0264172349125, 0.0274279676378, 0.0222736988217, 0.0213966239244, 0.0224711727351, 0.0266710985452, 0.0156452134252, 0.00511059723794, 0.00712848640978, 0.0073288474232, 0.00350674055517, 0.00639413762838, 0.00676626618952, 0.00297687505372, 0.00379992346279, 0.00615174882114, 0.00395642686635, 0.00602306053042, 0.00280077848583, 0.00301651982591, 0.00302603747696, 0.00150918762665, 0.00313044409268, 0.00200591864996, 0.00315219140612, 0.00398512883112, 0.00327570550144, 0.0045479987748, 0.00294407247566, 0.00219119992107, 0.00186742004007, 0.00114035943989, 0.000993403838947, 0.00139692623634, 0.000905633671209, 0.000497551343869, 0.000429347506724, 0.000367372704204, 0.000407442596043, 0.000253807171248, 0.000193735919311, 0.000110411267087, 3.25388900819e-05, 1.00161287264e-05, 9.19684225664e-06, 6.16868828729e-06, 3.24801385432e-06, 3.53546738552e-06, 1.9222636638e-06, 1.19279116007e-06, 2.96998791782e-06, 3.15306488119e-06, 3.60351873496e-06, 1.75304842287e-06, 3.52572146767e-06, 4.19161369791e-06, 2.59117427959e-06, 2.63371498477e-06, 2.68190638053e-06, 6.66389360049e-06, 2.79222172139e-06, 1.932935902e-06, 2.9078901207e-06, 2.74636408903e-06, 1.27191708543e-06, 1.48050639837e-06, 8.45912836667e-07, 3.84604447845e-07, 2.39527963686e-07, 3.25486496422e-07, 1.66224751297e-07, 4.18801761271e-07, 5.50614117856e-07, 4.46703126045e-07, 6.13106465153e-07, 6.26615303645e-07, 1.28564090573e-06, 9.21959554034e-07, 9.43717736845e-07, 6.9644136147e-07, 4.0133951984e-07, 3.36753231522e-07, 3.01912848499e-07, 1.95168809114e-07, 2.23678625844e-07, 2.75366659253e-07, 4.50759074511e-07, 6.80608764014e-07, 1.08653114239e-06, 1.29204659061e-06, 9.51213792177e-07, 7.04819058228e-07, 8.1469096358e-07, 3.35257709594e-07, 7.0997807633e-09, 1.93041871377e-09, 4.27948204651e-10, 4.14032502727e-10, 4.01486510704e-10, 3.92039262165e-10, 3.84892090421e-10, 3.78919479127e-10, 3.73559683187e-10, 3.70165842423e-10, 3.67214675334e-10],
        "mean": [2.10817124753e-05, 0.000131165783387, 0.000114470298286, 3.98888041673e-05, 9.02040846995e-06, 5.31434761797e-06, 4.64781896881e-06, 6.03189664616e-06, 1.38112745844e-05, 2.11756960198e-05, 5.51588418602e-05, 0.000116944880574, 0.000113057030831, 9.26950378926e-05, 0.000121826742543, 0.000184314325452, 0.000245334114879, 0.000347470282577, 0.000478581961943, 0.000417626230046, 0.000495077867527, 0.000449057493825, 0.00035655600368, 0.000358918856364, 0.000327637302689, 0.000283322238829, 0.000389947497752, 0.000172293424839, 0.000105193670606, 6.97693831171e-05, 5.36286934221e-05, 4.16119873989e-05, 3.41225677403e-05, 2.56468047155e-05, 3.12129050144e-05, 3.34534051945e-05, 3.11048643198e-05, 4.91196406074e-05, 5.93861223024e-05, 5.44580252608e-05, 4.0765688027e-05, 2.72564757324e-05, 2.76570826827e-05, 2.41888556047e-05, 1.74440629053e-05, 1.86581892194e-05, 1.9351080482e-05, 2.00099930225e-05, 2.40126319113e-05, 2.16338012251e-05, 1.66473691934e-05, 1.60582512763e-05, 1.52357088155e-05, 1.49496536324e-05, 1.80343140528e-05, 1.84738655662e-05, 1.84267009899e-05, 1.27731727844e-05, 6.8312001531e-06, 3.66989320355e-06, 2.7552193842e-06, 2.66330130216e-06, 2.43306544689e-06, 2.33871355704e-06, 1.48730941874e-06, 5.40473479305e-07, 1.33573095695e-07, 1.03306462051e-07, 1.42634391409e-07, 6.23636040586e-08, 4.30335624912e-08, 2.97616455924e-08, 4.74278856188e-08, 7.91087870766e-08, 9.67837294752e-08, 6.28214706921e-08, 4.10958165276e-08, 4.73107597543e-08, 6.54557226198e-08, 5.52144996391e-08, 4.35890576966e-08, 5.05989987687e-08, 6.37626200728e-08, 4.93883511865e-08, 5.22352330279e-08, 6.51284537412e-08, 4.19625472148e-08, 2.57888537192e-08, 3.3568436919e-08, 2.73811746609e-08, 1.0954222418e-08, 1.10162119427e-08, 9.52246725916e-09, 9.19772880081e-09, 1.93070501808e-08, 1.52725512237e-08, 1.48292080837e-08, 2.26750493937e-08, 1.78777401771e-08, 2.55868037868e-08, 2.25595027104e-08, 2.56175578528e-08, 1.81295654045e-08, 1.80903967362e-08, 1.39393341314e-08, 1.26406094481e-08, 9.25808762986e-09, 9.03109853567e-09, 1.04862314387e-08, 1.92692333201e-08, 1.88163244985e-08, 3.09892485006e-08, 2.90510424605e-08, 2.59016434967e-08, 2.56948897714e-08, 2.24082956635e-08, 1.49019676599e-08, 7.27211554863e-11, 5.30957959891e-12, 2.40058038552e-12, 2.3330068346e-12, 2.27998067474e-12, 2.23090491393e-12, 2.18528407175e-12, 2.15642456149e-12, 2.13552266148e-12, 2.12163966951e-12, 2.10148218271e-12],
        "min": [1.06788128562e-07, 1.48606574157e-07, 1.10419676957e-07, 7.51280708755e-08, 6.79782488078e-08, 1.46680481095e-08, 1.67372800064e-08, 2.18061231294e-08, 2.28279777303e-08, 4.53886670471e-08, 6.35294483686e-09, 3.90822485485e-08, 1.89608329038e-08, 2.10465032069e-08, 1.54378305695e-08, 2.6196444125e-08, 4.88348206318e-08, 5.68223796904e-08, 6.98437787605e-08, 2.00879473056e-08, 1.82827051276e-08, 2.3700360785e-08, 1.67223035419e-08, 2.4788747055e-08, 1.98773992821e-08, 1.88954771829e-08, 5.89278492669e-09, 5.53736700937e-09, 1.05846300613e-08, 4.56017446027e-09, 1.35750664043e-08, 3.58523100097e-09, 1.73789682645e-09, 4.71473482477e-09, 4.0446210825e-09, 4.37128022668e-09, 6.57482246424e-09, 1.13934843782e-08, 1.02542081493e-08, 1.00216048793e-08, 1.85269133368e-08, 8.59654480934e-09, 1.43818565945e-08, 6.45811715216e-09, 7.59897478275e-09, 7.02242886064e-09, 3.27573435044e-09, 7.26901738801e-09, 4.90690732491e-09, 4.80350159648e-09, 5.75020520088e-09, 5.24647880695e-09, 5.74657699204e-09, 5.89481263802e-09, 3.62046703728e-09, 5.59178481296e-09, 3.16825810032e-09, 5.43452749469e-09, 4.95401630829e-09, 3.57871843271e-09, 2.09736383816e-09, 4.16109235957e-09, 3.62663676867e-09, 3.53114781859e-09, 3.27562177382e-09, 1.43815459541e-09, 4.77936301646e-10, 6.25187887571e-11, 2.18179543876e-10, 2.4054572223e-10, 7.03009039871e-11, 1.31300428863e-10, 1.61254745668e-10, 3.30212052146e-10, 4.19827506093e-10, 4.64094151997e-10, 3.9491410142e-10, 2.60045596168e-10, 6.679215514e-11, 1.68412520041e-10, 2.21133084066e-10, 2.77703776641e-10, 3.4850891617e-10, 3.44814427011e-10, 1.40485845179e-10, 1.58689020258e-10, 2.17324908069e-10, 2.53856463628e-10, 1.35094269105e-10, 1.20179588503e-10, 1.33901598143e-10, 1.58337329359e-10, 2.510198438e-10, 1.44913345212e-10, 1.15839143833e-10, 1.36908706594e-10, 1.14252982075e-10, 1.42166348138e-10, 1.03585993949e-10, 1.57445625981e-10, 9.65881541415e-11, 5.82304066077e-11, 5.68216515506e-11, 5.46316880623e-11, 4.9815995079e-11, 5.38883798695e-11, 4.97527297139e-11, 4.96888259705e-11, 4.51982791472e-11, 6.57733312259e-11, 6.05341471394e-11, 5.58636401027e-11, 1.12422661458e-10, 1.12931712593e-10, 9.83053499715e-11, 8.52868331513e-11, 9.98921431683e-12, 7.28433291334e-14, 5.35484539197e-14, 5.58083920331e-14, 4.64247374267e-14, 5.65533676746e-14, 4.84317650546e-14, 5.03546856989e-14, 6.26441918629e-14, 5.2240323341e-14, 5.83548712282e-14, 5.84605064011e-14],
        "stdev": [1.18902353279e-05, 5.91439238633e-05, 5.7949044276e-05, 2.42963724304e-05, 8.3727782112e-06, 7.20446087144e-06, 7.27745964468e-06, 1.01626756077e-05, 2.79627147393e-05, 4.05059290642e-05, 0.000122661687783, 0.000271782657364, 0.000294823286822, 0.000306034868117, 0.000519787776284, 0.000890867551789, 0.000925018102862, 0.00118361541536, 0.0015580347972, 0.0013330708025, 0.00142320373561, 0.00142472388688, 0.00176798191387, 0.00168038730044, 0.00178177107591, 0.00111907662358, 0.00134297867771, 0.000988433952443, 0.000878008024301, 0.00056721403962, 0.000259583030129, 0.00022676831577, 0.000233274069615, 0.000143494777149, 0.000197154935449, 0.000220836009248, 0.000147058264702, 0.000192870633327, 0.000280472420854, 0.000260143599007, 0.00025865441421, 0.000140816991916, 0.000166709520272, 0.000145345708006, 9.4905597507e-05, 0.000114759786811, 0.000102362224425, 0.000119347008877, 0.00016843873891, 0.000139533818583, 0.000132764573209, 0.000114159425721, 8.8326378318e-05, 6.85115519445e-05, 6.37296834611e-05, 6.50123984087e-05, 6.9964225986e-05, 5.3854430007e-05, 3.10552059091e-05, 1.73070729943e-05, 1.37630859172e-05, 1.38339019031e-05, 1.07287260107e-05, 1.07125933937e-05, 6.41717133476e-06, 2.04877528631e-06, 4.91614287057e-07, 4.00824688995e-07, 4.18304978211e-07, 2.09727033962e-07, 1.55758883125e-07, 1.08466061022e-07, 1.17071692785e-07, 1.96789471829e-07, 2.7360604804e-07, 1.9893363401e-07, 1.22200106034e-07, 1.58222917435e-07, 2.07782804296e-07, 1.93025329054e-07, 1.56871067247e-07, 1.80426411589e-07, 3.06401290118e-07, 1.87639770388e-07, 1.65860598145e-07, 2.10912375564e-07, 1.39100592378e-07, 7.82409799172e-08, 8.80608936882e-08, 6.55338823208e-08, 2.50476368535e-08, 2.51043772437e-08, 1.94140472587e-08, 1.73940399861e-08, 4.33734257399e-08, 3.99788895322e-08, 3.47544748536e-08, 5.79551304725e-08, 5.20905452106e-08, 8.77829648971e-08, 7.30562064177e-08, 7.76072894837e-08, 5.1678465951e-08, 4.44777974451e-08, 3.19099413559e-08, 2.9998851403e-08, 1.90690805368e-08, 1.98561203035e-08, 2.36728698866e-08, 4.43658763061e-08, 4.89422191663e-08, 9.07961563712e-08, 9.53982421947e-08, 7.84491973604e-08, 6.49532552188e-08, 5.61661472886e-08, 3.34894174614e-08, 3.72015918071e-10, 6.40376154881e-11, 1.57285712232e-11, 1.50546450306e-11, 1.45120625586e-11, 1.41068007969e-11, 1.37690830959e-11, 1.35099613788e-11, 1.33145031458e-11, 1.31995751135e-11, 1.30524488787e-11]
    },
    "mfcc": {
        "mean": [-807.847839355, 181.557769775, -11.5992431641, -6.54428243637, 0.709003925323, -14.5137491226, -13.788441658, 3.43785572052, 0.884413659573, 6.84711170197, 18.670589447, 13.1492681503, -1.68624770641],
        "cov": [[6693.65136719, -835.666564941, -1356.6373291, -883.481933594, -343.059997559, -741.722351074, -736.379150391, -81.6687088013, 85.8155136108, -496.447387695, 55.1559867859, -30.3614788055, 203.170715332], [-835.666564941, 498.418182373, 309.947357178, -23.0914897919, -118.65486145, 101.623283386, 139.535491943, -77.8435897827, -90.3060455322, 45.4357719421, -74.0760955811, 17.2075386047, -103.305450439], [-1356.6373291, 309.947357178, 449.701263428, 146.922607422, -76.338218689, 131.382415771, 194.826675415, -38.6995010376, -53.4547042847, 150.696212769, -55.1533508301, 21.9896450043, -112.089523315], [-883.481933594, -23.0914897919, 146.922607422, 321.850494385, 248.356063843, 48.2261238098, -27.9835662842, 15.803311348, -24.820848465, 6.89232063293, -7.35947132111, -53.0565261841, 25.1272220612], [-343.059997559, -118.65486145, -76.338218689, 248.356063843, 426.110443115, 65.3791885376, -194.27281189, -12.8440408707, -6.01229000092, -140.189498901, 30.7174663544, -100.01008606, 91.2886123657], [-741.722351074, 101.623283386, 131.382415771, 48.2261238098, 65.3791885376, 219.139572144, 122.904586792, -35.5591697693, -13.7793951035, 35.7054023743, 6.81867599487, -23.2566127777, -44.7987861633], [-736.379150391, 139.535491943, 194.826675415, -27.9835662842, -194.27281189, 122.904586792, 319.135253906, 76.2369232178, -15.4928531647, 132.417160034, -25.6226062775, 55.9885597229, -97.8936080933], [-81.6687088013, -77.8435897827, -38.6995010376, 15.803311348, -12.8440408707, -35.5591697693, 76.2369232178, 163.682235718, 52.3740310669, -21.3583488464, -15.4618864059, 5.37704992294, 5.9474568367], [85.8155136108, -90.3060455322, -53.4547042847, -24.820848465, -6.01229000092, -13.7793951035, -15.4928531647, 52.3740310669, 118.406341553, 54.642993927, 3.8679921627, -20.5374908447, -0.83506333828], [-496.447387695, 45.4357719421, 150.696212769, 6.89232063293, -140.189498901, 35.7054023743, 132.417160034, -21.3583488464, 54.642993927, 267.477996826, 40.1983528137, 40.3083267212, -82.6832046509], [55.1559867859, -74.0760955811, -55.1533508301, -7.35947132111, 30.7174663544, 6.81867599487, -25.6226062775, -15.4618864059, 3.8679921627, 40.1983528137, 119.063262939, 41.1035308838, 4.04380941391], [-30.3614788055, 17.2075386047, 21.9896450043, -53.0565261841, -100.01008606, -23.2566127777, 55.9885597229, 5.37704992294, -20.5374908447, 40.3083267212, 41.1035308838, 146.759994507, 42.1242370605], [203.170715332, -103.305450439, -112.089523315, 25.1272220612, 91.2886123657, -44.7987861633, -97.8936080933, 5.9474568367, -0.83506333828, -82.6832046509, 4.04380941391, 42.1242370605, 179.101486206]],
        "icov": [[0.00169245409779, 0.00144956517033, 0.00270524551161, 0.00149159913417, 0.00208662520163, 0.00233268551528, 0.000910993141588, 0.00253383629024, -5.50949298486e-05, 0.00207185186446, 0.000349944311893, 0.000667615502607, 0.00112501089461], [0.00144956517033, 0.00738999200985, -0.00367770087905, 0.00733620580286, -0.00209776638076, 0.00351850339212, -0.000244140581344, 0.00283496733755, 0.00280268955976, 0.0015395503724, 0.00246404670179, 0.000591740128584, 0.00153799902182], [0.00270524551161, -0.00367770087905, 0.0197875574231, -0.0126558877528, 0.0142795871943, -0.00515039311722, 0.00622484227642, 0.00322997616604, -0.00044036982581, 0.00181585375685, 0.00353139080107, -0.00316964928061, 0.00519990408793], [0.00149159913417, 0.00733620580286, -0.0126558877528, 0.029495915398, -0.0224400293082, 0.0148881245404, -0.00730105955154, 0.000440162577434, 0.00747963413596, -0.00542498705909, 0.00355726177804, 0.00391109194607, -0.00183261313941], [0.00208662520163, -0.00209776638076, 0.0142795871943, -0.0224400293082, 0.035910114646, -0.0220141112804, 0.0251253414899, -0.00879544392228, 0.00310148159042, 0.00520709902048, -0.00330752204172, 0.00185121735558, 0.000780843605753], [0.00233268551528, 0.00351850339212, -0.00515039311722, 0.0148881245404, -0.0220141112804, 0.0392178557813, -0.0349846594036, 0.0295906309038, -0.0170231834054, 0.012554410845, -0.00626994483173, 0.0057694488205, -0.000502085953485], [0.000910993141588, -0.000244140581344, 0.00622484227642, -0.00730105955154, 0.0251253414899, -0.0349846594036, 0.0479924790561, -0.0344854965806, 0.0248769633472, -0.0147775122896, 0.0089682880789, -0.00488710682839, 0.00380643457174], [0.00253383629024, 0.00283496733755, 0.00322997616604, 0.000440162577434, -0.00879544392228, 0.0295906309038, -0.0344854965806, 0.0420566797256, -0.0274148341268, 0.0210228506476, -0.00616336474195, 0.00182041269727, 0.00164791778661], [-5.50949298486e-05, 0.00280268955976, -0.00044036982581, 0.00747963413596, 0.00310148159042, -0.0170231834054, 0.0248769633472, -0.0274148341268, 0.0346727743745, -0.0199489947408, 0.00918363686651, 0.00127143762074, -0.000531365687493], [0.00207185186446, 0.0015395503724, 0.00181585375685, -0.00542498705909, 0.00520709902048, 0.012554410845, -0.0147775122896, 0.0210228506476, -0.0199489947408, 0.0224884450436, -0.00953553244472, 0.00146026955917, 0.00230695796199], [0.000349944311893, 0.00246404670179, 0.00353139080107, 0.00355726177804, -0.00330752204172, -0.00626994483173, 0.0089682880789, -0.00616336474195, 0.00918363686651, -0.00953553244472, 0.0198411811143, -0.00907277315855, 0.00528603466228], [0.000667615502607, 0.000591740128584, -0.00316964928061, 0.00391109194607, 0.00185121735558, 0.0057694488205, -0.00488710682839, 0.00182041269727, 0.00127143762074, 0.00146026955917, -0.00907277315855, 0.017475547269, -0.00840583443642], [0.00112501089461, 0.00153799902182, 0.00519990408793, -0.00183261313941, 0.000780843605753, -0.000502085953485, 0.00380643457174, 0.00164791778661, -0.000531365687493, 0.00230695796199, 0.00528603466228, -0.00840583443642, 0.0131282219663]]
    },
    "spectral_contrast_coeffs": {
        "max": [-0.455492675304, -0.423079133034, -0.381245017052, -0.565411925316, -0.502100765705, -0.743610978127],
        "mean": [-0.764611303806, -0.723513901234, -0.727753520012, -0.792101144791, -0.771791398525, -0.833390712738],
        "min": [-0.93879365921, -0.912344634533, -0.915823280811, -0.92147064209, -0.928896069527, -0.958815693855],
        "stdev": [0.0906325429678, 0.0895693674684, 0.0965383648872, 0.0613628514111, 0.0794684365392, 0.0192971564829]
    },
    "spectral_contrast_valleys": {
        "max": [-7.19652175903, -4.81084299088, -4.72448444366, -5.4544377327, -6.9993262291, -9.85592746735],
        "mean": [-8.13601589203, -7.24711561203, -8.61406421661, -8.82619762421, -9.77366447449, -12.2474155426],
        "min": [-9.47295570374, -9.4708814621, -10.478313446, -10.2893266678, -11.0492582321, -13.6733503342],
        "stdev": [0.333948612213, 0.904273152351, 1.01249969006, 0.939202487469, 0.709255337715, 0.786355912685]
    }
},
"rhythm": {
    "beats_count": 110,
    "beats_loudness": {
        "max": 0.121781863272,
        "mean": 0.0203700233251,
        "min": 0.000396060378989,
        "stdev": 0.0306731853634
    },
    "bpm": 147.633270264,
    "bpm_histogram_first_peak_bpm": 148,
    "bpm_histogram_first_peak_weight": 0.642857134342,
    "bpm_histogram_second_peak_bpm": 117,
    "bpm_histogram_second_peak_spread": 0.416666686535,
    "bpm_histogram_second_peak_weight": 0.128440365195,
    "danceability": 1.23711276054,
    "onset_rate": 4.142578125,
    "beats_loudness_band_ratio": {
        "max": [0.880801439285, 0.735929429531, 0.978967785835, 0.719223320484, 0.568623065948, 0.0262214839458],
        "mean": [0.0978090986609, 0.162224784493, 0.587799429893, 0.127364933491, 0.0543388426304, 0.00264733214863],
        "min": [0.00104803324211, 0.00116849353071, 0.0507267415524, 0.0040322211571, 0.000570561329369, 0.000520716363098],
        "stdev": [0.150395154953, 0.172088235617, 0.238554045558, 0.128076389432, 0.103503331542, 0.00387256778777]
    },
