{
"metadata": {
    "version": {
        "essentia": "2.1-beta5",
        "essentia_git_sha": "Undefined",
        "extractor": "music 2.0"
    },
    "audio_properties": {
        "analysis": {
            "equal_loudness": 0,
            "length": 52.2448997498,
            "sample_rate": 44100,
            "start_time": 110.248344421,
            "downmix": "mix"
        },
        "bit_rate": 192000,
        "length": 249.335876465,
        "lossless": 0,
        "number_channels": 2,
        "replay_gain": -7.08919143677,
        "sample_rate": 44100,
        "codec": "mp3",
        "md5_encoded": "de4fd75af82976d4016bfb15091c14f6"
    },
    "tags": {
        "file_name": "Yugoslavia_Ne Mogu Skriti Svoju Bol_Ambasadori.mp3",
        "encoding": ["Lavf58.29.100"]
    }
},
"lowlevel": {
    "average_loudness": 0.89178198576,
    "barkbands_crest": {
        "max": 25.371389389,
        "mean": 10.1297693253,
        "min": 3.16331791878,
        "stdev": 4.04674434662
    },
    "barkbands_flatness_db": {
        "max": 0.343247383833,
        "mean": 0.161184459925,
        "min": 0.0468089543283,
        "stdev": 0.0490408800542
    },
    "barkbands_kurtosis": {
        "max": 109.747062683,
        "mean": 7.47620677948,
        "min": -1.855504632,
        "stdev": 11.6112251282
    },
    "barkbands_skewness": {
        "max": 8.33159351349,
        "mean": 1.73251664639,
        "min": -2.13451147079,
        "stdev": 1.20857083797
    },
    "barkbands_spread": {
        "max": 75.480506897,
        "mean": 11.3095350266,
        "min": 0.718104600906,
        "stdev": 10.0964889526
    },
    "dissonance": {
        "max": 0.499999850988,
        "mean": 0.43861246109,
        "min": 0.2728946805,
        "stdev": 0.0407583788037
    },
    "dynamic_complexity": 2.30127024651,
    "erbbands_crest": {
        "max": 29.0154266357,
        "mean": 11.7770967484,
        "min": 3.30430817604,
        "stdev": 4.87271213531
    },
    "erbbands_flatness_db": {
        "max": 0.329200655222,
        "mean": 0.202694877982,
        "min": 0.0885940119624,
        "stdev": 0.0375829264522
    },
    "erbbands_kurtosis": {
        "max": 47.3118209839,
        "mean": 2.77587938309,
        "min": -1.77297580242,
        "stdev": 4.55314970016
    },
    "erbbands_skewness": {
        "max": 5.59970808029,
        "mean": 1.05834460258,
        "min": -2.6878516674,
        "stdev": 0.914521634579
    },
    "erbbands_spread": {
        "max": 98.9705123901,
        "mean": 21.7277355194,
        "min": 2.610496521,
        "stdev": 13.7046060562
    },
    "hfc": {
        "max": 104.985244751,
        "mean": 19.0273685455,
        "min": 0.386317968369,
        "stdev": 15.1634235382
    },
    "loudness_ebu128": {
        "integrated": -17.2195568085,
        "loudness_range": 4.7709312439,
        "momentary": {
            "max": -12.8760890961,
            "mean": -17.8317584991,
            "min": -25.896528244,
            "stdev": 2.44919729233
        },
        "short_term": {
            "max": -14.2217006683,
            "mean": -17.5576171875,
            "min": -23.202747345,
            "stdev": 1.68412685394
        }
    },
    "melbands_crest": {
        "max": 31.2378082275,
        "mean": 12.562461853,
        "min": 4.565284729,
        "stdev": 5.08090925217
    },
    "melbands_flatness_db": {
        "max": 0.437624722719,
        "mean": 0.22574660182,
        "min": 0.0574814453721,
        "stdev": 0.064349450171
    },
    "melbands_kurtosis": {
        "max": 177.469467163,
        "mean": 9.37002849579,
        "min": -1.8403583765,
        "stdev": 13.6112480164
    },
    "melbands_skewness": {
        "max": 9.71384239197,
        "mean": 1.84654474258,
        "min": -0.871094822884,
        "stdev": 1.16415679455
    },
    "melbands_spread": {
        "max": 201.557693481,
        "mean": 15.2280826569,
        "min": 0.847527265549,
        "stdev": 14.9611682892
    },
    "pitch_salience": {
        "max": 0.853761434555,
        "mean": 0.602019906044,
        "min": 0.152171894908,
        "stdev": 0.109622061253
    },
    "silence_rate_20dB": {
        "max": 1,
        "mean": 1,
        "min": 1,
        "stdev": 0
    },
    "silence_rate_30dB": {
        "max": 1,
        "mean": 0.999111533165,
        "min": 0,
        "stdev": 0.0297950878739
    },
    "silence_rate_60dB": {
        "max": 1,
        "mean": 0.0111061753705,
        "min": 0,
        "stdev": 0.104800447822
    },
    "spectral_centroid": {
        "max": 4580.66357422,
        "mean": 883.445495605,
        "min": 311.760803223,
        "stdev": 457.930908203
    },
    "spectral_complexity": {
        "max": 40,
        "mean": 15.9764547348,
        "min": 4,
        "stdev": 6.23784399033
    },
    "spectral_decrease": {
        "max": -2.19825116443e-10,
        "mean": -6.01803451517e-09,
        "min": -3.39718688736e-08,
        "stdev": 3.97250232709e-09
    },
    "spectral_energy": {
        "max": 0.134851977229,
        "mean": 0.0244393143803,
        "min": 0.000864711299073,
        "stdev": 0.015933541581
    },
    "spectral_energyband_high": {
        "max": 0.0104597043246,
        "mean": 0.000410529057262,
        "min": 2.65845687863e-06,
        "stdev": 0.00101980648469
    },
    "spectral_energyband_low": {
        "max": 0.0070318384096,
        "mean": 0.000545093265828,
        "min": 1.70522198459e-05,
        "stdev": 0.00061230600113
    },
    "spectral_energyband_middle_high": {
        "max": 0.0479283407331,
        "mean": 0.00512651680037,
        "min": 3.26326262439e-05,
        "stdev": 0.00638931663707
    },
    "spectral_energyband_middle_low": {
        "max": 0.126305803657,
        "mean": 0.0188473425806,
        "min": 0.000749931845348,
        "stdev": 0.0139863938093
    },
    "spectral_entropy": {
        "max": 8.60007667542,
        "mean": 7.09182214737,
        "min": 5.46370697021,
        "stdev": 0.491049051285
    },
    "spectral_flux": {
        "max": 0.211280360818,
        "mean": 0.0813072249293,
        "min": 0.0159836281091,
        "stdev": 0.0343050286174
    },
    "spectral_kurtosis": {
        "max": 40.0211296082,
        "mean": 8.89874744415,
        "min": -0.476324796677,
        "stdev": 5.18435907364
    },
    "spectral_rms": {
        "max": 0.0114700878039,
        "mean": 0.00463122315705,
        "min": 0.000918488309253,
        "stdev": 0.00154758302961
    },
    "spectral_rolloff": {
        "max": 8936.27929688,
        "mean": 1214.79711914,
        "min": 301.46484375,
        "stdev": 1236.6932373
    },
    "spectral_skewness": {
        "max": 5.1765127182,
        "mean": 2.31892800331,
        "min": 0.268696069717,
        "stdev": 0.685663342476
    },
    "spectral_spread": {
        "max": 16476412,
        "mean": 3874834.75,
        "min": 1918023.25,
        "stdev": 1258113.5
    },
    "spectral_strongpeak": {
        "max": 10.5616989136,
        "mean": 1.60879707336,
        "min": 0.0546303130686,
        "stdev": 1.28572630882
    },
    "zerocrossingrate": {
        "max": 0.30810546875,
        "mean": 0.0474615432322,
        "min": 0.01123046875,
        "stdev": 0.0324003733695
    },
    "barkbands": {
        "max": [0.000251282210229, 0.000724588986486, 0.00250468566082, 0.00871392805129, 0.0375907681882, 0.0677981823683, 0.0703187659383, 0.0612626448274, 0.0380278788507, 0.0238493904471, 0.00370559701696, 0.0184963624924, 0.0284695550799, 0.0342111028731, 0.0133922444656, 0.00280507770367, 0.00919025018811, 0.00223016249947, 0.00269550830126, 0.00146222230978, 0.00250965310261, 0.00334955728613, 0.00394478673115, 0.00366476201452, 0.00119154038839, 0.00104223727249, 5.79199659114e-05],
        "mean": [4.20312062488e-06, 8.18718617666e-05, 0.00024760546512, 0.000435236084741, 0.00322205992416, 0.00473372079432, 0.00325576518662, 0.00404805736616, 0.00261423876509, 0.0012007051846, 0.000186077362741, 0.000205289295991, 0.00127337244339, 0.00140329194255, 0.000398293370381, 5.76038764848e-05, 0.000374290073523, 0.000116629780678, 9.15678901947e-05, 9.76575465756e-05, 9.06747445697e-05, 8.42557565193e-05, 8.33747690194e-05, 7.57908637752e-05, 2.1912943339e-05, 3.36047560268e-05, 2.16229864236e-06],
        "min": [4.85780393689e-09, 1.24559437609e-06, 1.098195753e-06, 6.13156544205e-07, 6.37791090412e-05, 5.31755867996e-05, 3.20998042298e-05, 2.56347157119e-05, 1.15955153888e-05, 5.87316708334e-06, 1.86588962947e-07, 3.99946600282e-07, 3.28001488015e-06, 8.10584060673e-06, 8.21740115953e-07, 1.99710683546e-07, 1.30785349484e-06, 5.07901518176e-07, 5.40932376225e-07, 3.09901480477e-07, 4.83530925521e-07, 2.15436088524e-07, 2.6187677804e-07, 2.03755064376e-07, 1.38929252103e-07, 2.83557682224e-07, 2.18573941169e-08],
        "stdev": [7.29521843823e-06, 7.84938893048e-05, 0.00029887619894, 0.00069590145722, 0.00398915819824, 0.00785887427628, 0.00466418778524, 0.00559023255482, 0.0037831752561, 0.00209135422483, 0.000335315970005, 0.000518717220984, 0.00274128792807, 0.00309370970353, 0.000874068937264, 0.000162495518452, 0.000787186203524, 0.000193271116586, 0.000182655043318, 0.000153354165377, 0.000189970931388, 0.0002211992105, 0.000308383867377, 0.000314971257467, 7.06701976014e-05, 9.38679950195e-05, 4.80630978927e-06]
    },
    "erbbands": {
        "max": [0.0229809246957, 0.201728999615, 1.98481416702, 18.2075443268, 58.9113273621, 216.667205811, 656.307495117, 873.347290039, 1283.42199707, 1049.16394043, 1738.5032959, 897.320739746, 882.509765625, 472.891845703, 71.1837463379, 952.080078125, 1524.7623291, 1914.27197266, 829.776367188, 333.191741943, 261.635925293, 471.204986572, 164.285964966, 37.6756744385, 178.687835693, 76.9349746704, 122.225791931, 68.8389892578, 171.021392822, 99.2989883423, 117.668136597, 127.015136719, 39.692237854, 22.3229351044, 3.19478201866, 2.95850157738, 2.34035491943, 0.566121816635, 0.00983744580299, 0.00034404816688],
        "mean": [0.00204974389635, 0.0226721279323, 0.212733373046, 1.03622853756, 4.0892496109, 11.4616270065, 33.2682228088, 33.4863586426, 49.0029258728, 57.7501335144, 91.5406494141, 58.3487052917, 44.3353843689, 27.0078659058, 4.84457540512, 12.8206510544, 52.6371040344, 90.8614959717, 30.1157341003, 9.14853382111, 6.73314189911, 19.5130329132, 9.88390541077, 2.11391711235, 7.82708358765, 4.10900783539, 4.17854309082, 2.36078715324, 3.7569630146, 2.39143633842, 2.27479338646, 2.05440092087, 0.890981912613, 0.351021677256, 0.104791618884, 0.0759157985449, 0.067842066288, 0.0188462752849, 0.000358813354978, 3.84951163142e-05],
        "min": [4.84297888761e-05, 0.000360845122486, 0.00360440718941, 0.0152105363086, 0.0427949652076, 0.154141619802, 0.313036888838, 0.529047012329, 0.454432725906, 1.32393717766, 0.702460467815, 0.493080288172, 0.184111699462, 0.166494265199, 0.0147000253201, 0.0379312708974, 0.222856730223, 0.385706633329, 0.18044295907, 0.0464137494564, 0.0243764594197, 0.0746616348624, 0.0364170707762, 0.0225616134703, 0.0321022234857, 0.0170929953456, 0.0244765020907, 0.0139299416915, 0.00961102172732, 0.00588865857571, 0.00872847810388, 0.00506360409781, 0.00322647579014, 0.0016137304483, 0.000817430380266, 0.000792995560914, 0.000508093042299, 0.000185908764252, 3.95876395487e-06, 1.07527250748e-06],
        "stdev": [0.00224292138591, 0.020986078307, 0.24018420279, 1.44858288765, 4.92574262619, 16.7079429626, 69.1146316528, 60.381111145, 70.0491256714, 87.6528091431, 118.974098206, 80.9705352783, 71.0512161255, 47.3693733215, 6.72490215302, 28.1346111298, 108.357437134, 184.105560303, 51.2104187012, 19.3097286224, 18.3066215515, 39.454208374, 15.9982671738, 3.16292405128, 14.1832342148, 6.42537593842, 8.90775489807, 4.80181026459, 10.125289917, 7.74360561371, 8.54321479797, 9.39455032349, 3.32388281822, 1.24505829811, 0.285408377647, 0.229433298111, 0.186739787459, 0.0507374256849, 0.00090399797773, 3.37654091709e-05]
    },
    "gfcc": {
        "mean": [-15.5627622604, 94.2060928345, -117.694648743, -11.1395807266, -77.8533782959, -9.87515258789, -50.1625938416, -4.56312799454, -21.2717132568, 8.80559253693, -21.1022090912, -5.33006381989, -23.367767334],
        "cov": [[2746.82421875, -1201.26879883, -672.014526367, 150.347335815, -91.041809082, 91.0808105469, 19.5363311768, 61.7219429016, -33.8838691711, 45.7899551392, -86.9867095947, 12.5011577606, -106.616378784], [-1201.26879883, 940.762451172, 247.292831421, -154.353393555, 125.146247864, -124.607093811, 5.7009267807, -16.2924900055, 0.760392189026, -33.8159828186, 61.0905609131, -30.0743255615, 68.9270935059], [-672.014526367, 247.292831421, 461.489990234, 56.3419914246, -53.8347625732, -12.0861654282, -52.2657318115, -33.0436286926, 32.0015983582, -37.6514701843, 27.2582817078, 10.6634016037, 31.9442882538], [150.347335815, -154.353393555, 56.3419914246, 177.992950439, 11.2802734375, -9.54214859009, -31.2678050995, 7.23969936371, 6.02506923676, -7.65793418884, -16.45013237, 18.1691188812, -9.7514257431], [-91.041809082, 125.146247864, -53.8347625732, 11.2802734375, 109.887260437, -4.98126602173, -2.3536438942, 11.9037294388, -6.69571113586, 4.8563170433, 2.06238102913, -11.6878757477, 7.67171621323], [91.0808105469, -124.607093811, -12.0861654282, -9.54214859009, -4.98126602173, 137.529251099, 55.2559928894, -12.4349803925, -17.9914550781, 4.11291027069, -16.2556285858, -8.65835189819, -27.1343479156], [19.5363311768, 5.7009267807, -52.2657318115, -31.2678050995, -2.3536438942, 55.2559928894, 112.501655579, 20.2057113647, -27.4336128235, 4.86952877045, -9.26177215576, -14.2403678894, -19.521402359], [61.7219429016, -16.2924900055, -33.0436286926, 7.23969936371, 11.9037294388, -12.4349803925, 20.2057113647, 70.2713241577, 29.0012359619, 0.162986144423, -1.48013269901, -3.61812329292, -4.2952580452], [-33.8838691711, 0.760392189026, 32.0015983582, 6.02506923676, -6.69571113586, -17.9914550781, -27.4336128235, 29.0012359619, 72.4669723511, 26.0555934906, -0.287285417318, 4.08166217804, 0.507155358791], [45.7899551392, -33.8159828186, -37.6514701843, -7.65793418884, 4.8563170433, 4.11291027069, 4.86952877045, 0.162986144423, 26.0555934906, 56.9897956848, 19.3970756531, -4.06329202652, -5.44809627533], [-86.9867095947, 61.0905609131, 27.2582817078, -16.45013237, 2.06238102913, -16.2556285858, -9.26177215576, -1.48013269901, -0.287285417318, 19.3970756531, 58.0987854004, 24.597869873, 14.023434639], [12.5011577606, -30.0743255615, 10.6634016037, 18.1691188812, -11.6878757477, -8.65835189819, -14.2403678894, -3.61812329292, 4.08166217804, -4.06329202652, 24.597869873, 58.5868186951, 28.2284488678], [-106.616378784, 68.9270935059, 31.9442882538, -9.7514257431, 7.67171621323, -27.1343479156, -19.521402359, -4.2952580452, 0.507155358791, -5.44809627533, 14.023434639, 28.2284488678, 61.6676940918]],
        "icov": [[0.00120235863142, 0.00118690205272, 0.00146879837848, -0.0006561614573, 0.000475931767141, 0.000212891711271, -0.000105466649984, 0.000237426385866, -0.000619651807938, 0.0013081508223, -0.00115521647967, 0.0011344224913, -0.000230786958127], [0.00118690205272, 0.00891927815974, -0.00338620971888, 0.00626761838794, -0.0124796014279, 0.00930280797184, -0.0101073691621, 0.00939858984202, -0.0095772286877, 0.0117508489639, -0.00863640289754, 0.00593816814944, -0.0017085095169], [0.00146879837848, -0.00338620971888, 0.0114098899066, -0.0103159407154, 0.011564899236, -0.00703445402905, 0.00177412224002, 0.00449272990227, -0.00959787890315, 0.0105142239481, -0.0107848159969, 0.00982175581157, -0.00591243477538], [-0.0006561614573, 0.00626761838794, -0.0103159407154, 0.0182300936431, -0.0152210211381, 0.00950718577951, -0.00177386053838, -0.0026476716157, 0.0068522002548, -0.00611452339217, 0.0104157011956, -0.0116761103272, 0.00779707124457], [0.000475931767141, -0.0124796014279, 0.011564899236, -0.0152210211381, 0.0338549427688, -0.0165747851133, 0.0168095007539, -0.0150287868455, 0.0125902080908, -0.0131292520091, 0.005348355975, 0.00146771944128, -0.00400796160102], [0.000212891711271, 0.00930280797184, -0.00703445402905, 0.00950718577951, -0.0165747851133, 0.0218082685024, -0.0162531342357, 0.0124593516812, -0.00792010966688, 0.00814432185143, -0.00284779444337, 0.0002768515551, 0.00380348879844], [-0.000105466649984, -0.0101073691621, 0.00177412224002, -0.00177386053838, 0.0168095007539, -0.0162531342357, 0.0355634987354, -0.0319371558726, 0.0363674946129, -0.0338977575302, 0.0254943817854, -0.0169352777302, 0.00836689583957], [0.000237426385866, 0.00939858984202, 0.00449272990227, -0.0026476716157, -0.0150287868455, 0.0124593516812, -0.0319371558726, 0.0542397871614, -0.0530399307609, 0.0488962121308, -0.0375955104828, 0.0274079032242, -0.011061293073], [-0.000619651807938, -0.0095772286877, -0.00959787890315, 0.0068522002548, 0.0125902080908, -0.00792010966688, 0.0363674946129, -0.0530399307609, 0.078708820045, -0.0693356767297, 0.0533525943756, -0.0394289381802, 0.01759878546], [0.0013081508223, 0.0117508489639, 0.0105142239481, -0.00611452339217, -0.0131292520091, 0.00814432185143, -0.0338977575302, 0.0488962121308, -0.0693356767297, 0.0874791815877, -0.0627688840032, 0.0446727834642, -0.0172703135759], [-0.00115521647967, -0.00863640289754, -0.0107848159969, 0.0104157011956, 0.005348355975, -0.00284779444337, 0.0254943817854, -0.0375955104828, 0.0533525943756, -0.0627688840032, 0.0718174502254, -0.0478294156492, 0.0180011875927], [0.0011344224913, 0.00593816814944, 0.00982175581157, -0.0116761103272, 0.00146771944128, 0.0002768515551, -0.0169352777302, 0.0274079032242, -0.0394289381802, 0.0446727834642, -0.0478294156492, 0.0584170110524, -0.0267156921327], [-0.000230786958127, -0.0017085095169, -0.00591243477538, 0.00779707124457, -0.00400796160102, 0.00380348879844, 0.00836689583957, -0.011061293073, 0.01759878546, -0.0172703135759, 0.0180011875927, -0.0267156921327, 0.0325376540422]]
    },
    "melbands": {
        "max": [0.000165195669979, 0.000711487082299, 0.00342558999546, 0.00904376059771, 0.0181602332741, 0.0167422294617, 0.0183924343437, 0.0131044965237, 0.0147313484922, 0.00583861768246, 0.00445306953043, 0.00207799929194, 0.000314794393489, 0.00174771982711, 0.002014369471, 0.00306562101468, 0.00424696970731, 0.00126955006272, 0.00084956351202, 6.14738601143e-05, 0.000441503390903, 0.000638208352029, 0.000361353799235, 0.000138695511851, 2.16771259147e-05, 0.000137632916449, 8.96288693184e-05, 3.99687633035e-05, 7.87969402154e-05, 9.21233804547e-05, 2.34412655118e-05, 0.000112683570478, 6.52327362332e-05, 7.66759039834e-05, 7.83335563028e-05, 9.43183113122e-05, 7.51412080717e-05, 3.21896914102e-05, 2.2813806936e-05, 1.56391324708e-05],
        "mean": [1.99844453164e-05, 9.07917783479e-05, 0.000249489123235, 0.000542092544492, 0.00101879809517, 0.000806231400929, 0.000740641204175, 0.00066219875589, 0.000745781115256, 0.000344533502357, 0.000212809783989, 0.000111921777716, 1.78240170499e-05, 1.73369062395e-05, 6.13192969467e-05, 0.00014833334717, 0.000171012157807, 4.55523477285e-05, 2.56032799371e-05, 3.4659387893e-06, 9.13990879781e-06, 2.03998170036e-05, 1.69503182406e-05, 4.07825564253e-06, 9.85256633612e-07, 4.51524329037e-06, 6.29799478702e-06, 1.73053467734e-06, 2.0749075702e-06, 2.84736188405e-06, 8.1761106685e-07, 2.14511555896e-06, 1.61814557487e-06, 1.45774026805e-06, 1.54150859544e-06, 1.18972729979e-06, 1.10537575893e-06, 6.51899028981e-07, 4.10727665212e-07, 2.33172343655e-07],
        "min": [4.44646673259e-07, 2.57757983491e-06, 4.38412598669e-06, 8.59437750478e-06, 9.71055851551e-06, 1.55358175107e-05, 6.21912749921e-06, 1.18190773719e-05, 5.30098259333e-06, 2.47555772148e-06, 6.26219559763e-07, 7.00199848325e-07, 3.42530448449e-08, 3.78333773199e-08, 2.9740627383e-07, 4.21748097779e-07, 7.35373816951e-07, 3.31549756538e-07, 5.6465811582e-08, 1.15172031911e-08, 2.42318023425e-08, 6.65039152636e-08, 4.12698533125e-08, 1.52896699745e-08, 1.1846309711e-08, 2.28105285771e-08, 1.63428168776e-08, 8.9353582311e-09, 1.04991570993e-08, 1.3764040574e-08, 5.16328269029e-09, 4.56664217552e-09, 3.4764353618e-09, 2.34787744802e-09, 5.41216849115e-09, 2.95155389018e-09, 2.67612665361e-09, 2.35181008001e-09, 1.84923543145e-09, 1.14572673571e-09],
        "stdev": [1.98743255169e-05, 9.42738697631e-05, 0.000283536151983, 0.000707567320205, 0.00188192829955, 0.00131336390041, 0.00104466243647, 0.00104735069908, 0.00102339568548, 0.000508565048221, 0.000356631062459, 0.000204972646316, 2.85758305836e-05, 4.80645758216e-05, 0.00012832248467, 0.000317939469824, 0.000367575878045, 8.40920838527e-05, 6.02108339081e-05, 6.29685018794e-06, 2.96193702525e-05, 4.47860511485e-05, 3.30647380906e-05, 7.37248683436e-06, 1.51613926391e-06, 8.9827726697e-06, 1.0454529729e-05, 3.10736550091e-06, 4.42508689957e-06, 6.64265371597e-06, 1.6963821281e-06, 5.78324397793e-06, 4.67660538561e-06, 5.30193938175e-06, 5.77565060667e-06, 5.44885915588e-06, 5.14950397701e-06, 2.48925243795e-06, 1.48197943872e-06, 8.06804735021e-07]
    },
    "melbands128": {
        "max": [0.000117600815429, 0.000224163639359, 0.000260009372141, 0.000429517502198, 0.000779545982368, 0.00142500002403, 0.00416887085885, 0.00430121226236, 0.00704132858664, 0.0103843342513, 0.0164121668786, 0.0134418392554, 0.0337715633214, 0.0230704434216, 0.0282911621034, 0.0181149262935, 0.0226601399481, 0.0250603891909, 0.0145282298326, 0.0128856152296, 0.024288777262, 0.00943900085986, 0.0261028446257, 0.0146131571382, 0.00768264709041, 0.00969916023314, 0.0101662352681, 0.00823293253779, 0.00558288255706, 0.00343880150467, 0.00305319251493, 0.000788854726125, 0.000220105896005, 0.000446227728389, 0.000207819015486, 0.00215924833901, 0.00534882675856, 0.00131639325991, 0.00516069494188, 0.00813962798566, 0.0050126472488, 0.00655510975048, 0.00735270511359, 0.00698052765802, 0.00255597708747, 0.00221309252083, 0.00225071050227, 0.00199469737709, 0.0010980166262, 0.000135732465424, 7.01505632605e-05, 0.000132658227812, 0.000313646713039, 0.0012118659215, 0.00131564540789, 0.00118368002586, 0.000820167711936, 0.000871784985065, 0.000302898348309, 0.000188710750081, 0.00029700921732, 0.000129981286591, 1.63529566635e-05, 1.41278160299e-05, 4.56652487628e-05, 0.000145295707625, 0.00024851996568, 0.000241071553319, 0.000145944330143, 0.000188671736396, 5.0401496992e-05, 1.97556400963e-05, 4.17215669586e-05, 0.000133401044877, 0.000155707079102, 0.000191832834389, 9.35515126912e-05, 6.1360100517e-05, 1.01847699625e-05, 1.49430097736e-05, 9.90783591988e-05, 0.000196937282453, 0.000163265242008, 5.92941069044e-05, 3.94281050831e-05, 6.51997179375e-05, 0.000114860173198, 0.000194113948965, 0.000102301804873, 7.11018365109e-05, 5.3174484492e-05, 0.000134780741064, 0.000148871753481, 0.000108457461465, 1.97241897695e-05, 4.07267762057e-05, 5.18479537277e-05, 3.73136463168e-05, 1.23281715787e-05, 3.40341539413e-05, 3.82545731554e-05, 5.24394408785e-06, 2.67263476417e-06, 3.52361689693e-06, 3.74019759874e-06, 4.08975256505e-06, 8.81378491613e-06, 9.90661010292e-06, 5.06203241457e-06, 4.28622661275e-06, 6.37469565845e-06, 2.95524978355e-06, 1.60474992299e-05, 6.73736531098e-06, 1.59789578902e-05, 1.24501739265e-05, 2.59908551925e-06, 2.46232492174e-08, 2.3068917443e-08, 2.20705445031e-08, 2.12983106707e-08, 2.0661831357e-08, 2.01499279484e-08, 1.97237799426e-08, 1.93515816704e-08, 1.9101811688e-08, 1.88855118211e-08, 1.87698034892e-08],
        "mean": [3.64123161489e-06, 1.50384094013e-05, 2.34294529946e-05, 3.56969612767e-05, 7.38280796213e-05, 0.000138339775731, 0.000198053399799, 0.000220880741836, 0.00040800718125, 0.000548925017938, 0.000599905150011, 0.000814773316961, 0.0013655135408, 0.0010082438821, 0.000606105255429, 0.000843765912578, 0.000818941567559, 0.000754792359658, 0.000631816277746, 0.000573383877054, 0.00076486938633, 0.000616797828116, 0.00099497649353, 0.000532926234882, 0.00029787234962, 0.000316278048558, 0.000253047124716, 0.000248521857429, 0.000115587747132, 0.000148681938299, 0.000111967630801, 3.56362397724e-05, 7.74755426391e-06, 8.69187806529e-06, 5.81621225137e-06, 2.08421497518e-05, 3.46383203578e-05, 4.62962671008e-05, 8.73059179867e-05, 0.000118879928777, 0.000162123658811, 0.000191384679056, 0.000213523788261, 0.000157337461133, 2.78811785392e-05, 3.50924456143e-05, 4.87333236379e-05, 3.1952993595e-05, 1.36703783937e-05, 3.58848387805e-06, 2.33597938859e-06, 2.69353449767e-06, 4.25736425314e-06, 1.29225281853e-05, 1.92154948309e-05, 1.80365914275e-05, 2.46153103944e-05, 2.49264467129e-05, 1.14735348689e-05, 7.35189269108e-06, 3.96585119233e-06, 1.54385600126e-06, 6.55123017168e-07, 7.12801977443e-07, 1.55457917117e-06, 3.83557380701e-06, 6.86898147251e-06, 7.92953233031e-06, 6.52325661576e-06, 3.47312789017e-06, 1.79582616511e-06, 6.23878861461e-07, 8.72903910931e-07, 2.09819131669e-06, 3.7413717564e-06, 3.95820825361e-06, 1.93070809473e-06, 1.06288598545e-06, 4.53714534387e-07, 6.72121018397e-07, 1.84323960184e-06, 2.90694788418e-06, 2.76582954939e-06, 1.56879116275e-06, 5.4100178204e-07, 7.27574956727e-07, 2.0327661332e-06, 2.42158307628e-06, 1.84889711363e-06, 5.97730092977e-07, 4.75394813293e-07, 1.52892982896e-06, 2.10692883229e-06, 1.25247277083e-06, 3.11602548209e-07, 5.79306629334e-07, 8.69485120347e-07, 5.90728404859e-07, 2.39221463971e-07, 4.56661410908e-07, 4.44211707418e-07, 1.13936621915e-07, 9.9375618845e-08, 1.12444332956e-07, 1.0371336856e-07, 1.01068657443e-07, 1.28109533648e-07, 1.6618240295e-07, 1.08720556113e-07, 1.12719291678e-07, 1.56567523391e-07, 1.23484639403e-07, 3.01577472328e-07, 2.32036214243e-07, 2.93940615848e-07, 3.11922860874e-07, 9.40374036418e-08, 6.60151516785e-11, 1.41355078684e-11, 1.35565447756e-11, 1.31142657497e-11, 1.27520103851e-11, 1.2448031321e-11, 1.21890587901e-11, 1.19798598125e-11, 1.18329816431e-11, 1.17113905379e-11, 1.16423858401e-11],
        "min": [7.89040055515e-10, 2.58969095057e-08, 1.5509989737e-07, 1.81386695886e-07, 2.40000503027e-07, 4.39398377239e-07, 6.13296933238e-08, 2.61811891278e-07, 2.12819031731e-06, 1.80690858542e-06, 7.69568600845e-07, 1.52888696903e-06, 7.90648300608e-07, 4.50344850833e-06, 1.18327500331e-06, 7.44799081076e-07, 1.76337482571e-06, 3.28938449456e-06, 1.88544686353e-06, 1.35940467771e-06, 8.27367330203e-07, 1.68468966422e-06, 2.10114512811e-06, 3.8744698827e-07, 5.97971506977e-07, 1.77947782731e-07, 6.07409731401e-07, 2.50913757327e-07, 1.94559135025e-07, 1.965552201e-07, 1.06504650432e-07, 3.27126521427e-08, 1.76508372363e-08, 1.25394548078e-08, 1.23592638346e-08, 5.73761553824e-08, 5.70119134125e-08, 1.04068995199e-07, 1.1807102851e-07, 2.47445314017e-07, 9.34136608066e-08, 4.06880758419e-07, 4.45581946451e-07, 2.25913538543e-07, 3.77177542532e-08, 1.30566405687e-07, 5.00518844149e-08, 3.9900733384e-08, 3.05832905667e-08, 1.41466784953e-08, 7.35605132363e-09, 4.61682514441e-09, 1.06835793545e-08, 2.32974546321e-08, 1.67255578276e-08, 1.20069323373e-08, 4.98600876142e-08, 3.1935588396e-08, 2.31883809931e-08, 9.82729364551e-09, 1.21613901172e-08, 4.26372359641e-09, 3.02930902585e-09, 4.45798509219e-09, 7.54682893955e-09, 2.07744150771e-08, 1.87658617534e-08, 1.6717375928e-08, 6.66563648721e-09, 5.82510661928e-09, 4.43709602393e-09, 2.48569942407e-09, 5.50457812665e-09, 6.14385653464e-09, 1.07215596401e-08, 1.35018849434e-08, 5.20167553475e-09, 2.98847524505e-09, 2.68460143005e-09, 2.40491249137e-09, 3.37272898498e-09, 2.73302913634e-09, 3.17294635011e-09, 2.14968687295e-09, 1.99156158232e-09, 1.05007791351e-09, 2.72090416864e-09, 3.02527136675e-09, 3.49097262209e-09, 2.98826563494e-09, 1.85508719497e-09, 2.36400610198e-09, 1.70859426607e-09, 2.39868835905e-09, 1.63279423315e-09, 1.8605278429e-09, 2.26240914891e-09, 1.62175184393e-09, 1.10175735202e-09, 1.30409816279e-09, 9.38692013008e-10, 6.80883793791e-10, 7.01854518947e-10, 6.6359917561e-10, 7.14038661531e-10, 9.4979979437e-10, 7.79549702568e-10, 1.0083783808e-09, 1.17119847154e-09, 1.10499587258e-09, 1.16117870874e-09, 1.17194987048e-09, 9.28163879088e-10, 1.24409837987e-09, 1.63300828415e-09, 2.50495779675e-09, 1.01265229535e-09, 7.2558414355e-13, 7.99264287025e-14, 6.50524488335e-14, 7.07889828569e-14, 7.93862791801e-14, 6.91274430276e-14, 7.95948525731e-14, 8.13009463354e-14, 6.94492206799e-14, 8.25720310811e-14, 6.90540222117e-14],
        "stdev": [5.22171558259e-06, 1.89892816707e-05, 2.93780194625e-05, 3.83390142815e-05, 0.000100653880509, 0.000172694562934, 0.000328599329805, 0.000353499432094, 0.000564689864404, 0.000873603916261, 0.00115996703971, 0.00141420576256, 0.00326900323853, 0.00242315488867, 0.00183406029828, 0.00151045806706, 0.00140760629438, 0.00143956509419, 0.00109416351188, 0.00108322594315, 0.00176549796015, 0.000913455034606, 0.00164579285774, 0.00118918379303, 0.000603617634624, 0.000700166099705, 0.000548312731553, 0.000549423857592, 0.000321706495015, 0.000334836659022, 0.00022797085694, 7.06887294655e-05, 1.79185135494e-05, 2.21520185733e-05, 1.3446660887e-05, 6.52300368529e-05, 0.000136253744131, 0.000113007954496, 0.000268597068498, 0.000374082679627, 0.000467283884063, 0.000506650016177, 0.000603447144385, 0.000418325624196, 9.36909636948e-05, 0.000100627163192, 0.000129139865749, 0.000102775586129, 4.275059473e-05, 8.45046633913e-06, 5.65633536098e-06, 6.60760633764e-06, 1.53115906869e-05, 5.83497385378e-05, 7.06306745997e-05, 5.61369452043e-05, 5.98459300818e-05, 6.41881706542e-05, 2.25677758863e-05, 1.45857966345e-05, 1.0361844943e-05, 4.31860917161e-06, 1.11372946776e-06, 1.15039711091e-06, 3.21276752402e-06, 8.48333638714e-06, 1.64840621437e-05, 1.6232870621e-05, 1.20725917441e-05, 8.91921263246e-06, 4.33199465988e-06, 1.36043991006e-06, 2.0477000362e-06, 5.88961938774e-06, 1.11349709186e-05, 1.09478605737e-05, 5.20059256814e-06, 3.04454715661e-06, 8.63454999944e-07, 1.26812972212e-06, 4.99666703035e-06, 8.89785042091e-06, 8.7825983428e-06, 4.84667225464e-06, 1.77781294042e-06, 2.78035145129e-06, 7.88754914538e-06, 9.45146803133e-06, 7.46941987018e-06, 2.55189547715e-06, 2.12476606976e-06, 7.28000168237e-06, 1.05087956399e-05, 6.4162122726e-06, 1.18118248338e-06, 2.35003835769e-06, 3.60850526704e-06, 2.31791614169e-06, 7.9308409795e-07, 1.85251008133e-06, 1.79168489467e-06, 2.84602151623e-07, 2.32311450077e-07, 2.84599366296e-07, 2.87990644665e-07, 2.59444448147e-07, 4.96993493471e-07, 6.66461119181e-07, 3.17242125902e-07, 3.13417558573e-07, 4.51249576372e-07, 2.70702997796e-07, 9.8530631476e-07, 5.91038713083e-07, 9.24980042782e-07, 9.16686019536e-07, 2.07866122537e-07, 5.34595756552e-10, 4.86072682104e-10, 4.65036481545e-10, 4.48764969629e-10, 4.35353808559e-10, 4.24567825341e-10, 4.15588757852e-10, 4.07746170161e-10, 4.02483268935e-10, 3.97925636886e-10, 3.95487614879e-10]
    },
    "mfcc": {
        "mean": [-666.343322754, 143.368927002, 0.231998771429, -2.57984614372, -16.2455368042, -9.87871456146, -23.1641330719, -17.652507782, -13.6902093887, 2.87882447243, 4.81604194641, -0.303570777178, -16.3837547302],
        "cov": [[3238.82324219, -1346.77954102, -593.307189941, -84.2779388428, -146.54524231, 15.3580694199, -0.779933869839, 51.9584922791, 38.8689041138, 61.3386611938, 18.8271503448, -35.1063804626, 10.3199625015], [-1346.77954102, 1012.55169678, 88.3966903687, 24.46326828, 53.8235435486, -68.0835800171, 31.570892334, -47.6040000916, -20.4057769775, -27.7118549347, -9.73128032684, 22.4037342072, -7.32562828064], [-593.307189941, 88.3966903687, 432.998596191, 43.7634086609, 36.6285400391, 17.0766658783, -48.9874725342, 8.15142536163, -36.4545860291, -16.9338798523, -9.23986244202, -2.2271323204, -19.3456878662], [-84.2779388428, 24.46326828, 43.7634086609, 157.272369385, 56.9798088074, -33.8270950317, -29.4110584259, -8.5342540741, 3.30941867828, -14.3113155365, -24.2403011322, 10.3567485809, 28.4384555817], [-146.54524231, 53.8235435486, 36.6285400391, 56.9798088074, 127.458724976, -11.0617694855, -39.2287483215, -18.2364616394, 7.12508487701, -7.33817434311, -22.860874176, 4.77565479279, 23.9893760681], [15.3580694199, -68.0835800171, 17.0766658783, -33.8270950317, -11.0617694855, 99.7877655029, 40.4056816101, 7.87126398087, -1.43119812012, -4.54599761963, 13.515294075, -7.53453397751, -19.1067733765], [-0.779933869839, 31.570892334, -48.9874725342, -29.4110584259, -39.2287483215, 40.4056816101, 116.309425354, 26.6040973663, -1.40184020996, 0.332380264997, 4.35990333557, 0.445289433002, -17.3046092987], [51.9584922791, -47.6040000916, 8.15142536163, -8.5342540741, -18.2364616394, 7.87126398087, 26.6040973663, 70.3506774902, 14.1692905426, 0.746555507183, 3.13063383102, -4.94122123718, -0.485035359859], [38.8689041138, -20.4057769775, -36.4545860291, 3.30941867828, 7.12508487701, -1.43119812012, -1.40184020996, 14.1692905426, 64.9967575073, 17.5329093933, 1.56430327892, 1.54069781303, 1.69306588173], [61.3386611938, -27.7118549347, -16.9338798523, -14.3113155365, -7.33817434311, -4.54599761963, 0.332380264997, 0.746555507183, 17.5329093933, 73.0687942505, 27.0547714233, -3.6851978302, -3.38869524002], [18.8271503448, -9.73128032684, -9.23986244202, -24.2403011322, -22.860874176, 13.515294075, 4.35990333557, 3.13063383102, 1.56430327892, 27.0547714233, 68.8799591064, 11.0229845047, -11.7582006454], [-35.1063804626, 22.4037342072, -2.2271323204, 10.3567485809, 4.77565479279, -7.53453397751, 0.445289433002, -4.94122123718, 1.54069781303, -3.6851978302, 11.0229845047, 57.4343566895, 16.6735248566], [10.3199625015, -7.32562828064, -19.3456878662, 28.4384555817, 23.9893760681, -19.1067733765, -17.3046092987, -0.485035359859, 1.69306588173, -3.38869524002, -11.7582006454, 16.6735248566, 69.7301864624]],
        "icov": [[0.00117530475836, 0.00146275188308, 0.00135326688178, -3.12392730848e-05, 0.000341494393069, 0.00061266933335, 0.000192987688933, -0.000211956270505, 0.000591633608565, -0.000244700815529, 0.000203321804293, 3.25947112287e-05, 0.000464960117824], [0.00146275188308, 0.00311474618502, 0.00119372608606, 0.000266593473498, -0.000350326183252, 0.00241272896528, -0.00131481897552, 0.000971764849965, 0.000485074822791, 0.000420517520979, -0.00029724847991, -3.33718489856e-05, 0.000761813775171], [0.00135326688178, 0.00119372608606, 0.00475868070498, -0.00104797747917, 0.000139738229336, -0.00125619745813, 0.00278556812555, -0.00241838069633, 0.00300193368457, -0.000875733734574, 0.00104254565667, -0.00063711812254, 0.00216763210483], [-3.12392730848e-05, 0.000266593473498, -0.00104797747917, 0.00882873684168, -0.00304835755378, 0.00282508484088, -0.000769344158471, 0.000688537140377, -0.00102260895073, 0.0013410988031, 0.000727335049305, -0.000547212839592, -0.00187859649304], [0.000341494393069, -0.000350326183252, 0.000139738229336, -0.00304835755378, 0.0116981910542, -0.00242705340497, 0.00345796067268, 0.00124442600645, -0.00139200768899, -0.000857324339449, 0.00294866086915, -0.000293397228234, -0.0020686222706], [0.00061266933335, 0.00241272896528, -0.00125619745813, 0.00282508484088, -0.00242705340497, 0.0162971429527, -0.00723983161151, 0.00256228051148, -0.00147375138476, 0.00349966646172, -0.00416084565222, 0.00221809092909, 0.00115768588148], [0.000192987688933, -0.00131481897552, 0.00278556812555, -0.000769344158471, 0.00345796067268, -0.00723983161151, 0.0153854638338, -0.00641653221101, 0.00277847819962, -0.00222099456005, 0.0034190104343, -0.00264559383504, 0.00255369464867], [-0.000211956270505, 0.000971764849965, -0.00241838069633, 0.000688537140377, 0.00124442600645, 0.00256228051148, -0.00641653221101, 0.0193113405257, -0.00600474560633, 0.00250848685391, -0.00221287272871, 0.00276804412715, -0.00276968302205], [0.000591633608565, 0.000485074822791, 0.00300193368457, -0.00102260895073, -0.00139200768899, -0.00147375138476, 0.00277847819962, -0.00600474560633, 0.0198688879609, -0.00563706411049, 0.00232361629605, -0.00208405801095, 0.00206990656443], [-0.000244700815529, 0.000420517520979, -0.000875733734574, 0.0013410988031, -0.000857324339449, 0.00349966646172, -0.00222099456005, 0.00250848685391, -0.00563706411049, 0.0188516639173, -0.00851095188409, 0.00352051109076, -0.0012133003911], [0.000203321804293, -0.00029724847991, 0.00104254565667, 0.000727335049305, 0.00294866086915, -0.00416084565222, 0.0034190104343, -0.00221287272871, 0.00232361629605, -0.00851095188409, 0.0213964208961, -0.00653427327052, 0.00331019959413], [3.25947112287e-05, -3.33718489856e-05, -0.00063711812254, -0.000547212839592, -0.000293397228234, 0.00221809092909, -0.00264559383504, 0.00276804412715, -0.00208405801095, 0.00352051109076, -0.00653427327052, 0.0213325433433, -0.00587156694382], [0.000464960117824, 0.000761813775171, 0.00216763210483, -0.00187859649304, -0.0020686222706, 0.00115768588148, 0.00255369464867, -0.00276968302205, 0.00206990656443, -0.0012133003911, 0.00331019959413, -0.00587156694382, 0.0192160494626]]
    },
    "spectral_contrast_coeffs": {
        "max": [-0.337800085545, -0.461229741573, -0.503105998039, -0.560805439949, -0.632800579071, -0.673704206944],
        "mean": [-0.617338716984, -0.734145104885, -0.706909716129, -0.739303469658, -0.783217608929, -0.78005117178],
        "min": [-0.799740612507, -0.884358942509, -0.846297502518, -0.88880687952, -0.875036716461, -0.901345610619],
        "stdev": [0.0756427571177, 0.0629761666059, 0.0574749857187, 0.0546446181834, 0.0418631993234, 0.028457256034]
    },
    "spectral_contrast_valleys": {
        "max": [-6.01869773865, -4.43038606644, -6.00897026062, -6.1492023468, -6.50623273849, -8.19665908813],
        "mean": [-7.37962722778, -5.95875787735, -7.76034021378, -7.94618272781, -8.17278289795, -10.6151647568],
        "min": [-8.93319225311, -7.71193361282, -9.99208164215, -9.78210544586, -9.83285617828, -12.478269577],
        "stdev": [0.446757555008, 0.469099491835, 0.560044825077, 0.643463909626, 0.667637944221, 0.741296947002]
    }
},
"rhythm": {
    "beats_count": 115,
    "beats_loudness": {
        "max": 0.116303578019,
        "mean": 0.0290680136532,
        "min": 0.00456458935514,
        "stdev": 0.0156269818544
    },
    "bpm": 132.809646606,
    "bpm_histogram_first_peak_bpm": 133,
    "bpm_histogram_first_peak_weight": 0.471698105335,
    "bpm_histogram_second_peak_bpm": 140,
    "bpm_histogram_second_peak_spread": 0,
    "bpm_histogram_second_peak_weight": 0.0701754391193,
    "danceability": 1.08478987217,
    "onset_rate": 2.83218312263,
    "beats_loudness_band_ratio": {
        "max": [0.41162186861, 0.929442644119, 0.873007655144, 0.674591064453, 0.393172323704, 0.325532019138],
        "mean": [0.0691233351827, 0.343844980001, 0.430154651403, 0.160195231438, 0.057481829077, 0.0248417519033],
        "min": [0.00410529971123, 0.0309133976698, 0.0372274853289, 0.00337606715038, 0.00105773366522, 0.000479873415316],
        "stdev": [0.0642917528749, 0.230395376682, 0.169017702341, 0.162404432893, 0.0726032108068, 0.0428680926561]
    },
