{
"metadata": {
    "version": {
        "essentia": "2.1-beta5",
        "essentia_git_sha": "Undefined",
        "extractor": "music 2.0"
    },
    "audio_properties": {
        "analysis": {
            "equal_loudness": 0,
            "length": 35.4452362061,
            "sample_rate": 44100,
            "start_time": 142.744674683,
            "downmix": "mix"
        },
        "bit_rate": 192000,
        "length": 178.213150024,
        "lossless": 0,
        "number_channels": 2,
        "replay_gain": -8.63398361206,
        "sample_rate": 44100,
        "codec": "mp3",
        "md5_encoded": "f27168b4adbbd68bc1ea48376527a3db"
    },
    "tags": {
        "file_name": "Ireland_When_Red Hurley.mp3",
        "encoding": ["Lavf58.29.100"]
    }
},
"lowlevel": {
    "average_loudness": 0.715074777603,
    "barkbands_crest": {
        "max": 25.3717155457,
        "mean": 11.2289209366,
        "min": 3.40173316002,
        "stdev": 4.57825994492
    },
    "barkbands_flatness_db": {
        "max": 0.298864483833,
        "mean": 0.156217470765,
        "min": 0.053282931447,
        "stdev": 0.0400087498128
    },
    "barkbands_kurtosis": {
        "max": 51.9965400696,
        "mean": 3.82483673096,
        "min": -1.86102688313,
        "stdev": 4.81483125687
    },
    "barkbands_skewness": {
        "max": 5.39072179794,
        "mean": 1.32722401619,
        "min": -0.738471031189,
        "stdev": 0.762644886971
    },
    "barkbands_spread": {
        "max": 70.9937515259,
        "mean": 12.4040794373,
        "min": 1.7454893589,
        "stdev": 9.82329273224
    },
    "dissonance": {
        "max": 0.499999850988,
        "mean": 0.439513146877,
        "min": 0.269705802202,
        "stdev": 0.0383178219199
    },
    "dynamic_complexity": 3.41810798645,
    "erbbands_crest": {
        "max": 30.1732597351,
        "mean": 12.7251272202,
        "min": 4.06337738037,
        "stdev": 5.0801115036
    },
    "erbbands_flatness_db": {
        "max": 0.32569205761,
        "mean": 0.207167640328,
        "min": 0.0958482846618,
        "stdev": 0.0398111715913
    },
    "erbbands_kurtosis": {
        "max": 26.4243907928,
        "mean": 1.62101912498,
        "min": -1.67065954208,
        "stdev": 2.8019349575
    },
    "erbbands_skewness": {
        "max": 4.36474752426,
        "mean": 0.822948455811,
        "min": -1.23690271378,
        "stdev": 0.750468015671
    },
    "erbbands_spread": {
        "max": 97.6601791382,
        "mean": 21.1507701874,
        "min": 4.34154415131,
        "stdev": 12.9361982346
    },
    "hfc": {
        "max": 93.1827468872,
        "mean": 16.5667190552,
        "min": 0.0623916871846,
        "stdev": 15.4481449127
    },
    "loudness_ebu128": {
        "integrated": -16.5953502655,
        "loudness_range": 8.16393661499,
        "momentary": {
            "max": -11.5071525574,
            "mean": -17.9823112488,
            "min": -27.246213913,
            "stdev": 3.63752508163
        },
        "short_term": {
            "max": -12.9508476257,
            "mean": -17.3141498566,
            "min": -24.1052780151,
            "stdev": 2.66636872292
        }
    },
    "melbands_crest": {
        "max": 32.1348228455,
        "mean": 12.9796466827,
        "min": 4.39595317841,
        "stdev": 5.02023363113
    },
    "melbands_flatness_db": {
        "max": 0.365058124065,
        "mean": 0.212362319231,
        "min": 0.0571787618101,
        "stdev": 0.0490338131785
    },
    "melbands_kurtosis": {
        "max": 57.601436615,
        "mean": 5.27174520493,
        "min": -1.25476896763,
        "stdev": 5.18904829025
    },
    "melbands_skewness": {
        "max": 5.24863243103,
        "mean": 1.47589170933,
        "min": -0.328086912632,
        "stdev": 0.755499005318
    },
    "melbands_spread": {
        "max": 132.678451538,
        "mean": 17.2050228119,
        "min": 2.02808737755,
        "stdev": 13.6813611984
    },
    "pitch_salience": {
        "max": 0.892386317253,
        "mean": 0.564777076244,
        "min": 0.130946949124,
        "stdev": 0.111209519207
    },
    "silence_rate_20dB": {
        "max": 1,
        "mean": 1,
        "min": 1,
        "stdev": 0
    },
    "silence_rate_30dB": {
        "max": 1,
        "mean": 1,
        "min": 1,
        "stdev": 0
    },
    "silence_rate_60dB": {
        "max": 1,
        "mean": 0.0772251337767,
        "min": 0,
        "stdev": 0.266951352358
    },
    "spectral_centroid": {
        "max": 3398.73193359,
        "mean": 979.98815918,
        "min": 404.023590088,
        "stdev": 386.018676758
    },
    "spectral_complexity": {
        "max": 30,
        "mean": 14.2172775269,
        "min": 0,
        "stdev": 4.94259691238
    },
    "spectral_decrease": {
        "max": -1.34960653764e-11,
        "mean": -4.64989691196e-09,
        "min": -2.76708007618e-08,
        "stdev": 4.20436663262e-09
    },
    "spectral_energy": {
        "max": 0.11288793385,
        "mean": 0.0190524477512,
        "min": 5.65964110137e-05,
        "stdev": 0.0170914996415
    },
    "spectral_energyband_high": {
        "max": 0.00828271917999,
        "mean": 0.000280952255707,
        "min": 6.80546747844e-07,
        "stdev": 0.000783112714998
    },
    "spectral_energyband_low": {
        "max": 0.00456511322409,
        "mean": 0.000366999971448,
        "min": 1.97312556338e-06,
        "stdev": 0.000603801454417
    },
    "spectral_energyband_middle_high": {
        "max": 0.0224706474692,
        "mean": 0.00413339911029,
        "min": 1.73819280462e-05,
        "stdev": 0.00398359587416
    },
    "spectral_energyband_middle_low": {
        "max": 0.0980597361922,
        "mean": 0.0144204180688,
        "min": 3.56101154466e-05,
        "stdev": 0.0143646756187
    },
    "spectral_entropy": {
        "max": 8.60687351227,
        "mean": 7.14622306824,
        "min": 5.98048353195,
        "stdev": 0.380142658949
    },
    "spectral_flux": {
        "max": 0.224828764796,
        "mean": 0.0712081417441,
        "min": 0.00918594561517,
        "stdev": 0.0377895049751
    },
    "spectral_kurtosis": {
        "max": 26.1102867126,
        "mean": 8.78157043457,
        "min": -0.470503091812,
        "stdev": 3.84374642372
    },
    "spectral_rms": {
        "max": 0.0104945022613,
        "mean": 0.00392380636185,
        "min": 0.000234980863752,
        "stdev": 0.00178648158908
    },
    "spectral_rolloff": {
        "max": 10938.8671875,
        "mean": 1421.32836914,
        "min": 409.130859375,
        "stdev": 1308.9666748
    },
    "spectral_skewness": {
        "max": 4.09841680527,
        "mean": 2.32059693336,
        "min": 0.458865910769,
        "stdev": 0.532871842384
    },
    "spectral_spread": {
        "max": 17241572,
        "mean": 3837860.75,
        "min": 2053758.75,
        "stdev": 1255971.875
    },
    "spectral_strongpeak": {
        "max": 8.22727870941,
        "mean": 1.62530791759,
        "min": 0.0123088276014,
        "stdev": 1.38881707191
    },
    "zerocrossingrate": {
        "max": 0.29736328125,
        "mean": 0.0517117977142,
        "min": 0.0166015625,
        "stdev": 0.033030487597
    },
    "barkbands": {
        "max": [4.71743041999e-05, 0.000258217216469, 0.00392803316936, 0.00498078251258, 0.0283754877746, 0.0216140821576, 0.0558562278748, 0.0532200485468, 0.0958080589771, 0.00806173495948, 0.00187585840467, 0.00457497965544, 0.0200393684208, 0.0144748417661, 0.0120069468394, 0.00392666831613, 0.00759641034529, 0.00321668898687, 0.000860274303705, 0.000606014044024, 0.00101769983303, 0.00196188059635, 0.00209560594521, 0.00471647595987, 0.00178453652188, 0.00171461817808, 6.5076208557e-05],
        "mean": [3.23727385876e-06, 3.97965668526e-05, 0.000218053857679, 0.000291156349704, 0.00164609041531, 0.00158518378157, 0.00174398662057, 0.00180901319254, 0.00721310870722, 0.000603783410043, 6.4187355747e-05, 0.000137377952342, 0.00108776951674, 0.00129892467521, 0.000333572592353, 0.000127583742142, 0.000376324547688, 0.000106224993942, 5.50564545847e-05, 3.89031956729e-05, 5.50605618628e-05, 4.69837505079e-05, 4.5550543291e-05, 6.76658964949e-05, 2.41158195422e-05, 3.19217288052e-05, 1.81233008334e-06],
        "min": [6.1129512563e-10, 5.76229410854e-07, 2.05684571597e-07, 5.44859517504e-07, 5.08204493599e-06, 9.6272015071e-06, 4.20660853706e-06, 2.79034293271e-06, 1.17906729429e-05, 1.23059078305e-06, 5.27771589987e-07, 3.63347965049e-07, 1.61677735377e-06, 7.10299536877e-06, 9.86331770036e-07, 2.96556407875e-07, 2.02979595088e-06, 4.74512603432e-07, 2.51818676134e-07, 9.55017256388e-08, 1.04465563311e-07, 1.11082407273e-07, 7.31102289819e-08, 8.0870378838e-08, 5.99060570039e-08, 1.12637451366e-07, 8.68024230272e-09],
        "stdev": [3.93718664782e-06, 3.60167796316e-05, 0.000495632120874, 0.000479910813738, 0.00247689103708, 0.00221945345402, 0.00332226394676, 0.00384351820685, 0.0123072694987, 0.000823446200229, 0.00014517371892, 0.000303751905449, 0.0017328428803, 0.0019903127104, 0.000728800543584, 0.000349820096744, 0.000721068296116, 0.000217816050281, 7.94728621258e-05, 6.2169136072e-05, 9.34150884859e-05, 0.00010908387776, 0.000143639190355, 0.000305300927721, 0.000106654122646, 0.00011880731472, 4.00204316975e-06]
    },
    "erbbands": {
        "max": [0.00954864639789, 0.119254007936, 2.99550938606, 8.25558376312, 35.4515380859, 132.671859741, 163.687408447, 225.481063843, 939.28704834, 383.647094727, 1446.85449219, 2436.54663086, 1697.97827148, 171.256835938, 37.9039344788, 232.699707031, 940.325195312, 559.07244873, 713.751220703, 274.762756348, 404.81741333, 299.307373047, 164.218536377, 19.2422294617, 64.9481506348, 21.2650985718, 45.5144119263, 35.9401473999, 88.6872558594, 57.9471282959, 56.0756950378, 127.476127625, 73.713760376, 29.5135765076, 4.11082410812, 3.00340342522, 4.64141511917, 0.941035866737, 0.0157790891826, 0.000510177924298],
        "mean": [0.00127980357502, 0.012096866034, 0.180756419897, 0.658630907536, 2.53788614273, 6.45096158981, 9.81590175629, 13.9360027313, 25.8145256042, 20.6501140594, 75.7124862671, 170.300918579, 46.7102050781, 16.3368663788, 2.62998723984, 11.2959394455, 51.3713684082, 52.9552116394, 45.9371414185, 8.61295986176, 12.2673530579, 18.8094749451, 8.15263175964, 2.01073098183, 3.5694475174, 1.78128898144, 2.34378314018, 1.50804543495, 2.04284691811, 1.27306306362, 1.33995842934, 1.49316680431, 1.00680553913, 0.427762776613, 0.0939377918839, 0.0569318197668, 0.0691907852888, 0.0184633992612, 0.000338448153343, 3.19901118928e-05],
        "min": [1.52513839566e-05, 0.000166421232279, 0.000914222327992, 0.00306561728939, 0.00922385044396, 0.0180574506521, 0.0440939217806, 0.0871594250202, 0.0719031244516, 0.0471179969609, 0.102643497288, 0.282526016235, 0.113515488803, 0.0330765396357, 0.0287741497159, 0.025747006759, 0.0768883153796, 0.287009656429, 0.298207819462, 0.0324376486242, 0.0287142079324, 0.112050227821, 0.0515333637595, 0.010258032009, 0.0148272020742, 0.00592971639708, 0.00547475880012, 0.00312045356259, 0.00474811578169, 0.0022828602232, 0.00197833706625, 0.00138506735675, 0.0012414988596, 0.000768485362642, 0.000326784764184, 0.000191088853171, 0.000252640602412, 6.2563798565e-05, 1.47857042521e-06, 5.37095615982e-07],
        "stdev": [0.00118461786769, 0.0141171701252, 0.370918303728, 0.956782758236, 3.64143848419, 11.2950925827, 14.3503484726, 19.4048690796, 53.1241493225, 30.5787181854, 129.11177063, 293.566894531, 124.317459106, 20.5949440002, 3.22688174248, 20.5232810974, 77.5663375854, 73.7855987549, 78.8947753906, 16.9630966187, 29.3827819824, 34.29529953, 12.7410917282, 2.41723370552, 5.36598730087, 2.4554271698, 3.77027606964, 2.79194545746, 4.98746585846, 3.40706157684, 4.30855369568, 6.51756048203, 4.8711400032, 2.05024623871, 0.317443907261, 0.174088165164, 0.275426417589, 0.0675183460116, 0.00114238052629, 4.07460101997e-05]
    },
    "gfcc": {
        "mean": [-33.4538116455, 86.3266906738, -127.780853271, -15.5333051682, -72.8176422119, -5.38893079758, -50.7508125305, -0.907972991467, -19.1743965149, 6.97539758682, -24.2081127167, -6.51980113983, -23.9347896576],
        "cov": [[3308.96630859, -992.329956055, -300.153564453, 100.093307495, -110.707809448, 106.897262573, -89.3070678711, -4.36047792435, 27.0219020844, -46.1243209839, -210.201156616, -32.2695884705, -48.7175331116], [-992.329956055, 758.927001953, 51.7018699646, -98.7172546387, 116.339004517, -103.869514465, 26.2943763733, -14.7744503021, -18.8843669891, -22.3366966248, 63.7684440613, -7.2116560936, -22.0700721741], [-300.153564453, 51.7018699646, 279.943939209, 98.9075622559, -58.9199714661, 13.173491478, 3.83590102196, -28.8459148407, -33.8736457825, 4.2176527977, 54.423034668, 9.09848880768, -0.321458339691], [100.093307495, -98.7172546387, 98.9075622559, 212.469711304, 30.3112850189, -9.42052555084, -60.6284828186, -16.791891098, -20.6660442352, -8.8304681778, 6.85251617432, 21.9937229156, -1.3123537302], [-110.707809448, 116.339004517, -58.9199714661, 30.3112850189, 130.153610229, -3.99397826195, -32.0936775208, 14.8198299408, 12.6722602844, -8.70137023926, -13.5446863174, -7.01407527924, -7.50367927551], [106.897262573, -103.869514465, 13.173491478, -9.42052555084, -3.99397826195, 118.21006012, 81.5084381104, 11.481045723, -21.7918491364, 7.19971036911, -5.22375965118, -20.8586196899, -8.5139131546], [-89.3070678711, 26.2943763733, 3.83590102196, -60.6284828186, -32.0936775208, 81.5084381104, 178.534484863, 40.749961853, -36.4682388306, 11.6256008148, 6.0317902565, -36.5242576599, -11.6437282562], [-4.36047792435, -14.7744503021, -28.8459148407, -16.791891098, 14.8198299408, 11.481045723, 40.749961853, 75.5808258057, 34.0351905823, -11.4679708481, -16.4137535095, -6.90976762772, -0.832421422005], [27.0219020844, -18.8843669891, -33.8736457825, -20.6660442352, 12.6722602844, -21.7918491364, -36.4682388306, 34.0351905823, 93.2295150757, 19.3102588654, -27.2255573273, 6.79856395721, 2.73655962944], [-46.1243209839, -22.3366966248, 4.2176527977, -8.8304681778, -8.70137023926, 7.19971036911, 11.6256008148, -11.4679708481, 19.3102588654, 72.564414978, 30.3790721893, -15.6918935776, 7.84409666061], [-210.201156616, 63.7684440613, 54.423034668, 6.85251617432, -13.5446863174, -5.22375965118, 6.0317902565, -16.4137535095, -27.2255573273, 30.3790721893, 87.018737793, 34.4609184265, 8.55739116669], [-32.2695884705, -7.2116560936, 9.09848880768, 21.9937229156, -7.01407527924, -20.8586196899, -36.5242576599, -6.90976762772, 6.79856395721, -15.6918935776, 34.4609184265, 88.8482818604, 24.9681072235], [-48.7175331116, -22.0700721741, -0.321458339691, -1.3123537302, -7.50367927551, -8.5139131546, -11.6437282562, -0.832421422005, 2.73655962944, 7.84409666061, 8.55739116669, 24.9681072235, 56.8475036621]],
        "icov": [[0.000660996767692, 0.000496600114275, 0.000808933400549, -0.000409508618759, 0.000791497586761, -0.000473203341244, 0.000539055385161, -2.51635774475e-05, 0.000420189608121, -0.000132276050863, 0.000987883773632, -0.000203918971238, 0.000836909690406], [0.000496600114275, 0.00723284110427, -0.00366521067917, 0.00467707077041, -0.0110731776804, 0.00995419360697, -0.00891214329749, 0.00982333626598, -0.00697915116325, 0.0101107023656, -0.0081381117925, 0.00400282815099, 7.62715717428e-05], [0.000808933400549, -0.00366521067917, 0.0113906729966, -0.00884911697358, 0.0121411271393, -0.00844117347151, 0.00401580426842, -0.000413954810938, -0.00276584504172, 0.00276558799669, -0.0041637038812, 0.00427157152444, -0.00121255917475], [-0.000409508618759, 0.00467707077041, -0.00884911697358, 0.0137845370919, -0.0123230377212, 0.00778060685843, -0.0012588952668, -0.000340760714607, 0.00586309283972, -0.00300708017312, 0.00318009057082, -0.00497943488881, 0.00284988619387], [0.000791497586761, -0.0110731776804, 0.0121411271393, -0.0123230377212, 0.031893696636, -0.0199912898242, 0.0186806768179, -0.017934622243, 0.0102460365742, -0.0133412564173, 0.0112466933206, -0.00269849132746, 0.00178282731213], [-0.000473203341244, 0.00995419360697, -0.00844117347151, 0.00778060685843, -0.0199912898242, 0.0293491426855, -0.0206636209041, 0.0148847363889, -0.00829917006195, 0.011251533404, -0.00883110892028, 0.00361957750283, -8.02004069556e-05], [0.000539055385161, -0.00891214329749, 0.00401580426842, -0.0012588952668, 0.0186806768179, -0.0206636209041, 0.0317121557891, -0.0312204863876, 0.0280107595026, -0.02757383883, 0.0208331681788, -0.0102372933179, 0.00622156169266], [-2.51635774475e-05, 0.00982333626598, -0.000413954810938, -0.000340760714607, -0.017934622243, 0.0148847363889, -0.0312204863876, 0.0545818507671, -0.0448852293193, 0.0449061952531, -0.0337351001799, 0.0218005608767, -0.010484052822], [0.000420189608121, -0.00697915116325, -0.00276584504172, 0.00586309283972, 0.0102460365742, -0.00829917006195, 0.0280107595026, -0.0448852293193, 0.0603419877589, -0.0545033924282, 0.0469250790775, -0.0311270710081, 0.0141832893714], [-0.000132276050863, 0.0101107023656, 0.00276558799669, -0.00300708017312, -0.0133412564173, 0.011251533404, -0.02757383883, 0.0449061952531, -0.0545033924282, 0.0737091973424, -0.0567949898541, 0.0391095504165, -0.0174828730524], [0.000987883773632, -0.0081381117925, -0.0041637038812, 0.00318009057082, 0.0112466933206, -0.00883110892028, 0.0208331681788, -0.0337351001799, 0.0469250790775, -0.0567949898541, 0.063892878592, -0.0383824631572, 0.0144900809973], [-0.000203918971238, 0.00400282815099, 0.00427157152444, -0.00497943488881, -0.00269849132746, 0.00361957750283, -0.0102372933179, 0.0218005608767, -0.0311270710081, 0.0391095504165, -0.0383824631572, 0.0389678478241, -0.0155386924744], [0.000836909690406, 7.62715717428e-05, -0.00121255917475, 0.00284988619387, 0.00178282731213, -8.02004069556e-05, 0.00622156169266, -0.010484052822, 0.0141832893714, -0.0174828730524, 0.0144900809973, -0.0155386924744, 0.0261139720678]]
    },
    "melbands": {
        "max": [7.57418820285e-05, 0.00108146993443, 0.00217584054917, 0.00553437089548, 0.00519487448037, 0.00475529907271, 0.0133836781606, 0.00542346155271, 0.0109005607665, 0.0131936371326, 0.00843318644911, 0.000784010626376, 0.000202803377761, 0.000219712121179, 0.00192673958372, 0.00136000162456, 0.00107484706677, 0.00154602969997, 0.00101059745066, 0.000190028367797, 0.000690702465363, 0.000409759755712, 0.000256789528066, 4.42060772912e-05, 1.45446847455e-05, 4.85557575303e-05, 3.79202028853e-05, 1.09237826109e-05, 1.84528198588e-05, 3.72592985514e-05, 1.58727780217e-05, 4.54730907222e-05, 4.4199237891e-05, 4.15344948124e-05, 4.24612335337e-05, 5.44043796253e-05, 7.32508196961e-05, 4.62228817923e-05, 4.97236505907e-05, 1.97315712285e-05],
        "mean": [1.06617881102e-05, 6.98394869687e-05, 0.000163526012329, 0.000328297086526, 0.000344252359355, 0.0003145171504, 0.000385270512197, 0.000227848460781, 0.000803690520115, 0.00101306906436, 0.000198428038857, 6.83049365762e-05, 7.96796666691e-06, 9.68909080257e-06, 8.71100346558e-05, 0.000100567995105, 0.000100577883131, 9.02118845261e-05, 1.84104719665e-05, 5.15961846759e-06, 1.76343473868e-05, 2.1485331672e-05, 1.39521216624e-05, 3.0531145967e-06, 1.22160133742e-06, 2.69802785624e-06, 2.33512196246e-06, 7.73793601638e-07, 1.17972365388e-06, 1.68142196344e-06, 5.55255041945e-07, 1.13301200599e-06, 9.47917556005e-07, 7.34962611659e-07, 8.74665488482e-07, 8.2287931491e-07, 8.07701781014e-07, 7.28142026674e-07, 5.38457413768e-07, 2.74484136753e-07],
        "min": [1.59516119425e-07, 2.49136689945e-07, 6.97976588526e-07, 9.78494199444e-07, 1.40320389619e-06, 1.93280675376e-06, 1.04553021174e-06, 4.70705458611e-07, 1.01008447473e-06, 1.80446932063e-06, 5.08989501213e-07, 1.16674172546e-07, 7.51248379061e-08, 5.06681985257e-08, 5.73265879211e-08, 2.61638774646e-07, 5.62604782317e-07, 5.42866189335e-07, 6.9634559452e-08, 1.63396087771e-08, 1.57260942046e-08, 9.48538527723e-08, 3.46198589796e-08, 8.06377631335e-09, 3.47749073981e-09, 9.99905225285e-09, 7.59781659809e-09, 2.87469381632e-09, 3.68881236668e-09, 1.84547455095e-09, 1.70158598323e-09, 3.1637892306e-09, 1.50249845898e-09, 1.13014864134e-09, 1.08922515452e-09, 7.88917764449e-10, 7.81908315872e-10, 7.35699889898e-10, 9.88938486657e-10, 5.47422496222e-10],
        "stdev": [9.44570001593e-06, 0.000135248221341, 0.000209094956517, 0.000515354855452, 0.000480052258354, 0.00044064890244, 0.000766257697251, 0.000364435225492, 0.00136104400735, 0.00174294412136, 0.000621803395916, 9.28978988668e-05, 1.44903897308e-05, 1.63752338267e-05, 0.000164073688211, 0.000145050158608, 0.000148837105371, 0.000166052021086, 4.58461909147e-05, 1.20733238873e-05, 4.59841176053e-05, 4.51055348094e-05, 2.3192147637e-05, 4.51893129139e-06, 1.61350556027e-06, 4.1219468585e-06, 4.07854986406e-06, 1.14739816581e-06, 1.73934472514e-06, 3.289845381e-06, 1.03431386833e-06, 2.81619850284e-06, 2.26449355978e-06, 2.3261068236e-06, 2.82914038507e-06, 3.4170464005e-06, 3.59807154382e-06, 3.47040872839e-06, 2.81949064629e-06, 1.25973156173e-06]
    },
    "melbands128": {
        "max": [2.72310298897e-05, 9.41489852266e-05, 0.00011008643196, 0.000173177861143, 0.00105170952156, 0.00216990383342, 0.00168929761276, 0.00306769856252, 0.00433037243783, 0.00619726488367, 0.00890632066876, 0.0115158353001, 0.00682426616549, 0.00746389804408, 0.00626401603222, 0.0104090366513, 0.0192741136998, 0.0238618832082, 0.00843012705445, 0.00745001761243, 0.0126331774518, 0.0132212620229, 0.0186728332192, 0.0290159005672, 0.0280272886157, 0.0177802871913, 0.0272322297096, 0.00337011297233, 0.00212409486994, 0.00171563681215, 0.000914469361305, 0.000479187001474, 0.000260023225565, 4.73462241644e-05, 0.000228814373259, 0.000318235019222, 0.000847439980134, 0.00276145804673, 0.00526239490137, 0.00323891150765, 0.0022020037286, 0.00378443277441, 0.00198382372037, 0.00248864828609, 0.0033660910558, 0.00306098116562, 0.00156142772175, 0.00214466149919, 0.000800059293397, 0.000365055428119, 0.000116459843412, 0.000382912898203, 0.000474826520076, 0.00157563772518, 0.00126106513198, 0.000826140108984, 0.000553506426513, 0.000465431658085, 0.000623580883257, 9.05944179976e-05, 8.61299340613e-05, 6.37794510112e-05, 9.16926546779e-06, 2.39691580646e-05, 4.82014002046e-05, 5.32609519723e-05, 0.000117054893053, 4.53774482594e-05, 6.09869457548e-05, 2.65979742835e-05, 1.54461122293e-05, 6.69367545925e-06, 5.26780695509e-06, 2.24130671995e-05, 5.15686297149e-05, 5.6547782151e-05, 4.35976435256e-05, 2.72106208286e-05, 9.00433587958e-06, 1.566278479e-05, 5.81831154705e-05, 5.25460891367e-05, 0.000113543275802, 5.14218263561e-05, 1.14674330689e-05, 1.27420489662e-05, 7.78931716923e-05, 6.66772320983e-05, 5.18002816534e-05, 1.9921686544e-05, 1.65718720382e-05, 8.1802783825e-05, 0.000179015885806, 7.67646197346e-05, 1.35406044137e-05, 2.88240862574e-05, 6.30775466561e-05, 0.000123630597955, 3.08606031467e-05, 9.46004001889e-05, 4.92681283504e-05, 6.25491429673e-06, 3.65527921531e-06, 9.45660121943e-06, 5.27297697772e-06, 2.77775529867e-06, 7.67818801251e-06, 1.23886866277e-05, 3.12139695779e-06, 4.02543264499e-06, 3.53686027665e-06, 2.79030700767e-06, 2.53687612712e-05, 2.69082047453e-05, 2.80025560642e-05, 1.41088294185e-05, 2.76902028418e-06, 3.52114248869e-09, 2.52662091249e-09, 2.54862442262e-09, 2.53525089811e-09, 2.48958120785e-09, 2.47045250923e-09, 2.44617659462e-09, 2.41551756375e-09, 2.38629094262e-09, 2.37465735964e-09, 2.36930564057e-09],
        "mean": [2.54529436461e-06, 1.04022537926e-05, 1.20576714835e-05, 1.49251245602e-05, 6.42235536361e-05, 0.000118938551168, 0.00011358246411, 0.000168108032085, 0.000238001186517, 0.000356388132786, 0.000377719115932, 0.000330968410708, 0.000301383261103, 0.000412911729654, 0.000320067279972, 0.000243259040872, 0.000341258943081, 0.000537132378668, 0.000262549234321, 0.000176896675839, 0.000198510329938, 0.000381548830774, 0.000700537115335, 0.00143679440953, 0.0015347659355, 0.000592432101257, 0.000461992080091, 8.29892087495e-05, 8.15172097646e-05, 0.000114391943498, 4.65063058073e-05, 1.40094298331e-05, 6.11048199062e-06, 2.31008084484e-06, 7.1702816058e-06, 8.6352119979e-06, 1.81702707778e-05, 5.41548870387e-05, 0.000174307089765, 0.000130071814056, 4.94926716783e-05, 0.000112824403914, 8.89737784746e-05, 9.36366559472e-05, 0.00015013855591, 8.06438620202e-05, 3.99808523071e-05, 1.7370639398e-05, 1.0382086657e-05, 7.07910112396e-06, 2.57539909398e-06, 4.76924878967e-06, 1.2421417523e-05, 2.42388614424e-05, 2.88858354907e-05, 2.10559664993e-05, 1.40648107845e-05, 2.03817126021e-05, 1.26910754261e-05, 4.22914808951e-06, 2.84569637188e-06, 1.81183315817e-06, 5.02727971252e-07, 9.30872829485e-07, 2.50786661127e-06, 2.6942407203e-06, 3.22431424138e-06, 2.39768792198e-06, 2.387879249e-06, 1.58628756708e-06, 9.40436052588e-07, 1.84932474667e-07, 4.03357034884e-07, 1.43161844335e-06, 1.94310700863e-06, 2.08885467146e-06, 1.5007416323e-06, 7.09020810064e-07, 3.10101285095e-07, 4.41956359509e-07, 9.5739437711e-07, 1.43633940297e-06, 1.61000423304e-06, 9.90753164842e-07, 2.98871867699e-07, 3.25467254925e-07, 1.05027231712e-06, 1.24792052247e-06, 1.08782364805e-06, 3.92399527982e-07, 2.77119767134e-07, 1.08844392344e-06, 1.51439951424e-06, 8.84025666892e-07, 2.50293027193e-07, 5.41115639408e-07, 9.87201815406e-07, 8.27049518648e-07, 3.09177920599e-07, 5.85699581279e-07, 5.66978371808e-07, 1.12841043176e-07, 8.32418862728e-08, 1.04492592357e-07, 1.01835922806e-07, 8.15545533328e-08, 8.88707489821e-08, 1.16526052807e-07, 7.74712844986e-08, 9.33262924718e-08, 1.01903388838e-07, 9.69412567997e-08, 3.36461852157e-07, 2.50397249602e-07, 3.51149395783e-07, 2.84899726921e-07, 7.50463371446e-08, 5.13240214217e-11, 4.86818398093e-12, 4.73943193718e-12, 4.62815549773e-12, 4.51784963607e-12, 4.43997226138e-12, 4.35956956299e-12, 4.30014747768e-12, 4.24814827413e-12, 4.21774941362e-12, 4.1964725965e-12],
        "min": [1.14612000446e-10, 3.01903675393e-08, 3.38367129871e-08, 6.07847780998e-08, 5.65610918102e-08, 8.41337097768e-08, 5.6886584332e-08, 2.2576850256e-07, 3.03017230863e-07, 1.02477383734e-06, 3.3779650721e-07, 6.18514945927e-07, 5.28013742951e-07, 1.1147440091e-06, 4.87057889131e-07, 1.23582253764e-06, 7.40464770388e-07, 4.33431353031e-07, 6.49807134323e-07, 5.0843794952e-07, 3.14334442919e-07, 5.07486618062e-07, 1.02001706637e-06, 1.42677731674e-06, 1.6810345187e-06, 2.96844177683e-07, 1.61864235793e-07, 3.20054056147e-07, 1.19247232533e-07, 5.77109489086e-08, 1.52113898366e-07, 4.67944225591e-08, 2.48386786694e-08, 8.29269453106e-09, 7.61290053219e-09, 5.16624254487e-09, 2.33430075269e-08, 4.12132692418e-08, 3.83425202699e-08, 1.87773224525e-07, 1.88934905054e-07, 4.70085865345e-07, 3.16912007747e-07, 1.09035731555e-07, 2.38599028535e-07, 2.18144677433e-07, 2.61420964875e-08, 4.9455950446e-09, 3.58686547131e-09, 3.26949400886e-09, 2.21695284353e-09, 2.93830804132e-09, 8.40128944191e-09, 9.70090230368e-09, 8.66342819705e-09, 1.45382728078e-08, 2.42984246057e-08, 2.37638051459e-08, 2.01573158165e-08, 5.8057292307e-09, 6.45069553329e-09, 9.22310228191e-10, 3.66134067509e-10, 1.17678788936e-09, 1.82718296049e-09, 8.17765322125e-09, 1.11945555048e-08, 3.1517508603e-09, 3.31857674674e-09, 2.18830220611e-09, 1.16634535363e-09, 4.97832941537e-10, 1.07944975181e-09, 4.07826039606e-09, 3.54162232874e-09, 1.58290081043e-09, 1.15802745171e-09, 1.05283781693e-09, 1.60194579824e-09, 1.25187060718e-09, 2.08888839559e-09, 2.68049671348e-09, 1.09049402841e-09, 9.59863855066e-10, 7.95712773449e-10, 8.24227686103e-10, 1.05944042428e-09, 5.10537945253e-10, 1.06548747603e-09, 8.17219625304e-10, 6.67066180071e-10, 2.98856023262e-10, 4.47625686517e-10, 5.60709312314e-10, 5.16688913876e-10, 5.14666864682e-10, 6.01315552906e-10, 7.78995590256e-10, 8.49794123958e-10, 4.15175616109e-10, 4.25207202781e-10, 5.36074851176e-10, 5.82237869029e-10, 3.97090471616e-10, 1.2926004711e-10, 2.20624893355e-10, 2.23700655222e-10, 2.32340438555e-10, 2.11317921495e-10, 2.27121238483e-10, 4.2727477112e-10, 5.5528592835e-10, 5.44104095113e-10, 8.46609449212e-10, 1.12426845611e-09, 5.68123992295e-10, 3.14775844279e-10, 3.42021089185e-13, 4.92022702691e-14, 5.57611072659e-14, 4.86477245748e-14, 5.51257342996e-14, 5.07624676885e-14, 5.98836505015e-14, 5.36191439014e-14, 5.29888971785e-14, 4.94506542106e-14, 4.30725367753e-14],
        "stdev": [3.01574664263e-06, 1.05053049992e-05, 1.26034274217e-05, 1.75583700184e-05, 0.000129224194097, 0.00027981470339, 0.000193600179045, 0.000287763978122, 0.000381710124202, 0.000632480543572, 0.000779902620707, 0.000634351570625, 0.000566288188566, 0.000733703724109, 0.000539196480531, 0.000528440927155, 0.000890238501597, 0.00129171949811, 0.000494242762215, 0.000414457841543, 0.000543457688764, 0.000955755938776, 0.0016203513369, 0.00317479367368, 0.00316221755929, 0.00143391359597, 0.00200981623493, 0.000235717991018, 0.000164832861628, 0.000178143338417, 7.75865482865e-05, 3.69080407836e-05, 1.52640786837e-05, 4.04082720706e-06, 1.41697219078e-05, 1.80116858246e-05, 5.13597115059e-05, 0.00018353696214, 0.000344826315995, 0.000251607911196, 0.000129933629069, 0.000250584533205, 0.000172722429852, 0.000225063457037, 0.000329254398821, 0.000204226540518, 0.000101653655292, 7.96885069576e-05, 3.44840336766e-05, 2.00823396881e-05, 7.93026902102e-06, 2.08662440855e-05, 3.82817415812e-05, 8.43554225867e-05, 9.07933208509e-05, 6.60484438413e-05, 3.89483248e-05, 3.57348908437e-05, 3.64740735677e-05, 8.05708350526e-06, 5.29987300979e-06, 3.76440971195e-06, 7.99513941274e-07, 1.68753467733e-06, 4.42082773588e-06, 5.11294547323e-06, 7.2262841968e-06, 4.46157719125e-06, 5.96304971623e-06, 2.5934120913e-06, 1.57712599957e-06, 3.60708440894e-07, 5.74068963033e-07, 2.23805272981e-06, 3.92193078369e-06, 4.48658556707e-06, 3.60514718523e-06, 1.48639537656e-06, 6.38607673409e-07, 8.73054091244e-07, 2.53796906691e-06, 4.03837384511e-06, 4.69690530736e-06, 2.29754823522e-06, 7.16011300028e-07, 8.3238114712e-07, 3.78850199922e-06, 4.31245052823e-06, 3.73151351596e-06, 1.19321919101e-06, 9.4841544751e-07, 4.85419786855e-06, 7.59701606512e-06, 4.04345655625e-06, 9.78383354777e-07, 2.37361541622e-06, 4.84538759338e-06, 5.14532302986e-06, 1.54555641529e-06, 3.60314447789e-06, 2.81179654849e-06, 3.93132950194e-07, 2.1854133081e-07, 4.05592089692e-07, 3.78881821916e-07, 2.26169774464e-07, 3.4452887121e-07, 4.92832327836e-07, 2.2964329105e-07, 2.59489894461e-07, 2.55838131125e-07, 1.99142178303e-07, 1.56303144649e-06, 1.12086547688e-06, 1.65087840287e-06, 1.03987622424e-06, 1.76677929176e-07, 1.82238557578e-10, 6.52117318478e-11, 6.56636342522e-11, 6.52674372881e-11, 6.4067383343e-11, 6.35522953707e-11, 6.29123211859e-11, 6.2113300614e-11, 6.13579534403e-11, 6.10535441647e-11, 6.09118311345e-11]
    },
    "mfcc": {
        "mean": [-683.086853027, 137.253555298, -10.5685873032, -8.89657115936, -11.944152832, -10.1938695908, -23.710319519, -14.5694742203, -10.8899345398, 5.10224819183, 8.35579490662, -1.44755232334, -20.5079574585],
        "cov": [[3600.23510742, -1091.87756348, -241.605331421, -87.5169754028, 24.3545913696, 26.317987442, -144.899734497, -9.60386657715, 129.523803711, -36.3285255432, 7.67077875137, -42.2146835327, -106.579086304], [-1091.87756348, 805.436218262, -64.9465179443, 12.175784111, -10.5040836334, -44.0005264282, 32.1893348694, 12.9559717178, -54.0071220398, -20.82995224, 32.7848052979, 15.6681594849, 19.8913898468], [-241.605331421, -64.9465179443, 324.458282471, 48.87707901, -43.1147270203, 25.2606220245, 52.5785293579, -12.486995697, -48.8089485168, -10.9995803833, -40.4680709839, 27.1811485291, 15.8175830841], [-87.5169754028, 12.175784111, 48.87707901, 162.768005371, 85.9247589111, -8.23474884033, -32.6176109314, -13.4273395538, -28.0464878082, -21.4921302795, -38.6365966797, 0.580306410789, 43.7815170288], [24.3545913696, -10.5040836334, -43.1147270203, 85.9247589111, 188.126815796, -6.3098320961, -90.0637893677, -12.5595378876, -2.52530407906, -15.5590257645, -32.5124282837, -18.5235347748, 50.7054519653], [26.317987442, -44.0005264282, 25.2606220245, -8.23474884033, -6.3098320961, 79.1173400879, 49.3153915405, -11.2799491882, -0.359758466482, 7.12364912033, 9.00752258301, 2.60843682289, -15.7634963989], [-144.899734497, 32.1893348694, 52.5785293579, -32.6176109314, -90.0637893677, 49.3153915405, 192.200378418, 19.6191673279, -13.6937494278, 25.5581684113, 9.68039417267, 15.748342514, -39.5715484619], [-9.60386657715, 12.9559717178, -12.486995697, -13.4273395538, -12.5595378876, -11.2799491882, 19.6191673279, 104.433807373, 20.8634662628, -7.67454910278, 6.70215368271, -1.03612375259, -6.68791675568], [129.523803711, -54.0071220398, -48.8089485168, -28.0464878082, -2.52530407906, -0.359758466482, -13.6937494278, 20.8634662628, 92.3137054443, 36.3961677551, 15.8323230743, -14.8167562485, -19.8563194275], [-36.3285255432, -20.82995224, -10.9995803833, -21.4921302795, -15.5590257645, 7.12364912033, 25.5581684113, -7.67454910278, 36.3961677551, 98.6363449097, 15.8484067917, -13.8022327423, -11.1738243103], [7.67077875137, 32.7848052979, -40.4680709839, -38.6365966797, -32.5124282837, 9.00752258301, 9.68039417267, 6.70215368271, 15.8323230743, 15.8484067917, 89.6721725464, 13.8019571304, -29.4375896454], [-42.2146835327, 15.6681594849, 27.1811485291, 0.580306410789, -18.5235347748, 2.60843682289, 15.748342514, -1.03612375259, -14.8167562485, -13.8022327423, 13.8019571304, 68.6094741821, 13.8702049255], [-106.579086304, 19.8913898468, 15.8175830841, 43.7815170288, 50.7054519653, -15.7634963989, -39.5715484619, -6.68791675568, -19.8563194275, -11.1738243103, -29.4375896454, 13.8702049255, 88.790512085]],
        "icov": [[0.000612991105299, 0.000862344168127, 0.000594554468989, -1.55697071023e-05, 0.000116724651889, 2.29651450354e-05, 0.000235373634496, 8.98787329788e-05, -0.000140964213642, 0.000526022864506, 3.60593876394e-05, -0.000122124896734, 0.00055916729616], [0.000862344168127, 0.0026880488731, 0.00124019116629, -0.000228750970564, 0.000159914561664, 0.00110502925236, -0.000356189761078, 6.07740475971e-05, 0.000727610953618, 0.000902438361663, -0.000798124994617, -4.9195230531e-05, 0.000294828321785], [0.000594554468989, 0.00124019116629, 0.00497042294592, -0.00175359449349, 0.00206505111419, -0.00127477024216, 5.46018709429e-05, -6.11205468886e-05, 0.00156471435912, 1.01211016954e-05, 0.00185741484165, -0.00135488179512, 0.000207831617445], [-1.55697071023e-05, -0.000228750970564, -0.00175359449349, 0.00992882717401, -0.00457620667294, 0.0011285149958, -0.00062579929363, 0.000488857680466, 0.000910834874958, 0.000625729444437, 0.00115181913134, -0.0001211055569, -0.00129600556102], [0.000116724651889, 0.000159914561664, 0.00206505111419, -0.00457620667294, 0.0108059905469, -0.0035520195961, 0.00398296909407, -0.000474253174616, 5.66764028918e-05, -0.000172849118826, 0.00163117074408, 0.00159985059872, -0.0027875083033], [2.29651450354e-05, 0.00110502925236, -0.00127477024216, 0.0011285149958, -0.0035520195961, 0.0182207394391, -0.00623753434047, 0.0031608059071, -0.00112594570965, 0.00141264568083, -0.00296639581211, 0.00051367218839, 0.00103436270729], [0.000235373634496, -0.000356189761078, 5.46018709429e-05, -0.00062579929363, 0.00398296909407, -0.00623753434047, 0.0104045346379, -0.00294799474068, 0.00281259673648, -0.00334315677173, 0.00244495994411, -0.00208163121715, 0.00303825433366], [8.98787329788e-05, 6.07740475971e-05, -6.11205468886e-05, 0.000488857680466, -0.000474253174616, 0.0031608059071, -0.00294799474068, 0.0115669164807, -0.00415126839653, 0.00323896063492, -0.00109093287028, 0.000791324302554, -0.000752546766307], [-0.000140964213642, 0.000727610953618, 0.00156471435912, 0.000910834874958, 5.66764028918e-05, -0.00112594570965, 0.00281259673648, -0.00415126839653, 0.0170765481889, -0.0064286030829, -0.000108370644739, 0.000367144442862, 0.00256503559649], [0.000526022864506, 0.000902438361663, 1.01211016954e-05, 0.000625729444437, -0.000172849118826, 0.00141264568083, -0.00334315677173, 0.00323896063492, -0.0064286030829, 0.0147240236402, -0.00275226682425, 0.00331395003013, -0.00179245008621], [3.60593876394e-05, -0.000798124994617, 0.00185741484165, 0.00115181913134, 0.00163117074408, -0.00296639581211, 0.00244495994411, -0.00109093287028, -0.000108370644739, -0.00275226682425, 0.0163887292147, -0.00540593452752, 0.00477997539565], [-0.000122124896734, -4.9195230531e-05, -0.00135488179512, -0.0001211055569, 0.00159985059872, 0.00051367218839, -0.00208163121715, 0.000791324302554, 0.000367144442862, 0.00331395003013, -0.00540593452752, 0.0189530160278, -0.00577887706459], [0.00055916729616, 0.000294828321785, 0.000207831617445, -0.00129600556102, -0.0027875083033, 0.00103436270729, 0.00303825433366, -0.000752546766307, 0.00256503559649, -0.00179245008621, 0.00477997539565, -0.00577887706459, 0.0183780454099]]
    },
    "spectral_contrast_coeffs": {
        "max": [-0.364784836769, -0.463576585054, -0.458012700081, -0.582606554031, -0.615907907486, -0.689626455307],
        "mean": [-0.633545339108, -0.732081770897, -0.701817154884, -0.72369903326, -0.766145944595, -0.785919487476],
        "min": [-0.901602745056, -0.928500413895, -0.893025755882, -0.868462622166, -0.862568259239, -0.880716502666],
        "stdev": [0.06939791888, 0.0756919458508, 0.0601920671761, 0.0472496263683, 0.0404995493591, 0.0265197549015]
    },
    "spectral_contrast_valleys": {
        "max": [-6.13107156754, -4.65744400024, -6.5466170311, -6.32568740845, -6.99854040146, -8.15505695343],
        "mean": [-7.83119726181, -6.24672603607, -8.01947402954, -7.96788549423, -8.45107364655, -10.7888813019],
        "min": [-9.73480606079, -8.17453384399, -10.1901845932, -9.92739200592, -10.6633224487, -12.9451847076],
        "stdev": [0.59238922596, 0.50196403265, 0.561308205128, 0.675605177879, 0.640463590622, 0.759606182575]
    }
},
"rhythm": {
    "beats_count": 87,
    "beats_loudness": {
        "max": 0.0702000409365,
        "mean": 0.0205676686019,
        "min": 0.00103775830939,
        "stdev": 0.0168845076114
    },
    "bpm": 154.825454712,
    "bpm_histogram_first_peak_bpm": 157,
    "bpm_histogram_first_peak_weight": 0.341463387012,
    "bpm_histogram_second_peak_bpm": 152,
    "bpm_histogram_second_peak_spread": 0.346153795719,
    "bpm_histogram_second_peak_weight": 0.197674423456,
    "danceability": 0.860681772232,
    "onset_rate": 2.11524581909,
    "beats_loudness_band_ratio": {
        "max": [0.362031698227, 0.68077892065, 0.896339714527, 0.604167699814, 0.345764815807, 0.432679146528],
        "mean": [0.0667814910412, 0.220659986138, 0.51028585434, 0.132696270943, 0.0789770334959, 0.0306473001838],
        "min": [0.00111673562787, 0.0177646297961, 0.0774394720793, 0.00790004059672, 0.00495550222695, 0.0011908900924],
        "stdev": [0.0703667551279, 0.158072292805, 0.199803486466, 0.10703138262, 0.0689423978329, 0.0701605975628]
    },
