{
"metadata": {
    "version": {
        "essentia": "2.1-beta5",
        "essentia_git_sha": "Undefined",
        "extractor": "music 2.0"
    },
    "audio_properties": {
        "analysis": {
            "equal_loudness": 0,
            "length": 48.7502937317,
            "sample_rate": 44100,
            "start_time": 12.7477550507,
            "downmix": "mix"
        },
        "bit_rate": 192000,
        "length": 257.973693848,
        "lossless": 0,
        "number_channels": 2,
        "replay_gain": -9.27728843689,
        "sample_rate": 44100,
        "codec": "mp3",
        "md5_encoded": "2f22d7ccc319a2792e162dd9ac80d109"
    },
    "tags": {
        "file_name": "Spain_Sobran Las Palabras_Braulio.mp3",
        "encoding": ["Lavf58.29.100"]
    }
},
"lowlevel": {
    "average_loudness": 0.765633821487,
    "barkbands_crest": {
        "max": 25.4796524048,
        "mean": 10.5181818008,
        "min": 2.9306409359,
        "stdev": 4.0919175148
    },
    "barkbands_flatness_db": {
        "max": 0.312010258436,
        "mean": 0.1748418957,
        "min": 0.0337023176253,
        "stdev": 0.0504369363189
    },
    "barkbands_kurtosis": {
        "max": 80.0276412964,
        "mean": 3.36565995216,
        "min": -1.76469516754,
        "stdev": 5.51387739182
    },
    "barkbands_skewness": {
        "max": 5.4130821228,
        "mean": 0.749477207661,
        "min": -2.91626048088,
        "stdev": 0.918810069561
    },
    "barkbands_spread": {
        "max": 57.0323066711,
        "mean": 12.2341871262,
        "min": 0.886447608471,
        "stdev": 8.58305549622
    },
    "dissonance": {
        "max": 0.499999046326,
        "mean": 0.438333690166,
        "min": 0.171147063375,
        "stdev": 0.0559813454747
    },
    "dynamic_complexity": 6.0839881897,
    "erbbands_crest": {
        "max": 31.7342567444,
        "mean": 11.9512348175,
        "min": 3.2904458046,
        "stdev": 4.68962287903
    },
    "erbbands_flatness_db": {
        "max": 0.352095723152,
        "mean": 0.229790434241,
        "min": 0.105026945472,
        "stdev": 0.0443675816059
    },
    "erbbands_kurtosis": {
        "max": 43.7622337341,
        "mean": 2.84581327438,
        "min": -1.7572863102,
        "stdev": 5.67703151703
    },
    "erbbands_skewness": {
        "max": 5.56790208817,
        "mean": 0.719488143921,
        "min": -3.4268887043,
        "stdev": 1.17672049999
    },
    "erbbands_spread": {
        "max": 58.0581665039,
        "mean": 16.9066123962,
        "min": 1.69865560532,
        "stdev": 9.11989212036
    },
    "hfc": {
        "max": 133.468475342,
        "mean": 10.7245407104,
        "min": 0.024867542088,
        "stdev": 18.7479286194
    },
    "loudness_ebu128": {
        "integrated": -17.7135639191,
        "loudness_range": 4.81449699402,
        "momentary": {
            "max": -11.047249794,
            "mean": -20.2761230469,
            "min": -37.0330200195,
            "stdev": 5.27719259262
        },
        "short_term": {
            "max": -14.1211128235,
            "mean": -18.3194389343,
            "min": -24.2200317383,
            "stdev": 1.53542757034
        }
    },
    "melbands_crest": {
        "max": 30.6059684753,
        "mean": 13.0135059357,
        "min": 4.03598356247,
        "stdev": 5.02364301682
    },
    "melbands_flatness_db": {
        "max": 0.406019032001,
        "mean": 0.246891096234,
        "min": 0.0453323796391,
        "stdev": 0.0748816132545
    },
    "melbands_kurtosis": {
        "max": 67.3790283203,
        "mean": 3.88121366501,
        "min": -1.85370564461,
        "stdev": 5.23997735977
    },
    "melbands_skewness": {
        "max": 6.75722455978,
        "mean": 0.998250365257,
        "min": -2.25785493851,
        "stdev": 0.99255412817
    },
    "melbands_spread": {
        "max": 93.8460845947,
        "mean": 19.9867897034,
        "min": 1.29256260395,
        "stdev": 17.0560092926
    },
    "pitch_salience": {
        "max": 0.879626631737,
        "mean": 0.630496621132,
        "min": 0.131918415427,
        "stdev": 0.118755869567
    },
    "silence_rate_20dB": {
        "max": 1,
        "mean": 1,
        "min": 1,
        "stdev": 0
    },
    "silence_rate_30dB": {
        "max": 1,
        "mean": 0.994288444519,
        "min": 0,
        "stdev": 0.0753580853343
    },
    "silence_rate_60dB": {
        "max": 1,
        "mean": 0.460257023573,
        "min": 0,
        "stdev": 0.498414635658
    },
    "spectral_centroid": {
        "max": 3058.05371094,
        "mean": 1069.16589355,
        "min": 330.020141602,
        "stdev": 644.915100098
    },
    "spectral_complexity": {
        "max": 43,
        "mean": 9.94907188416,
        "min": 0,
        "stdev": 8.38600921631
    },
    "spectral_decrease": {
        "max": -1.08541491767e-11,
        "mean": -2.71479794201e-09,
        "min": -3.94561041617e-08,
        "stdev": 5.00357844047e-09
    },
    "spectral_energy": {
        "max": 0.159676581621,
        "mean": 0.0112190311775,
        "min": 4.95277236041e-05,
        "stdev": 0.0204769019037
    },
    "spectral_energyband_high": {
        "max": 0.002814282896,
        "mean": 9.25953136175e-05,
        "min": 2.66184969178e-07,
        "stdev": 0.000282426306512
    },
    "spectral_energyband_low": {
        "max": 0.000707490195055,
        "mean": 0.000160089868587,
        "min": 4.26937594966e-06,
        "stdev": 8.73597891768e-05
    },
    "spectral_energyband_middle_high": {
        "max": 0.072213254869,
        "mean": 0.00384507374838,
        "min": 3.34056653628e-06,
        "stdev": 0.00756624573842
    },
    "spectral_energyband_middle_low": {
        "max": 0.122770681977,
        "mean": 0.00728588411584,
        "min": 7.64910782891e-06,
        "stdev": 0.0146358534694
    },
    "spectral_entropy": {
        "max": 8.4395236969,
        "mean": 6.96739578247,
        "min": 5.45868825912,
        "stdev": 0.51681137085
    },
    "spectral_flux": {
        "max": 0.413504958153,
        "mean": 0.0578994899988,
        "min": 0.00314608751796,
        "stdev": 0.0586170218885
    },
    "spectral_kurtosis": {
        "max": 38.435634613,
        "mean": 15.8270931244,
        "min": 2.05886650085,
        "stdev": 6.72932958603
    },
    "spectral_rms": {
        "max": 0.012481267564,
        "mean": 0.00251495745033,
        "min": 0.000219817491597,
        "stdev": 0.00214950926602
    },
    "spectral_rolloff": {
        "max": 6610.69335938,
        "mean": 1325.4510498,
        "min": 86.1328125,
        "stdev": 856.1015625
    },
    "spectral_skewness": {
        "max": 5.00940418243,
        "mean": 2.98942661285,
        "min": 1.11531305313,
        "stdev": 0.731254160404
    },
    "spectral_spread": {
        "max": 14305968,
        "mean": 2871747.25,
        "min": 1805855,
        "stdev": 717006.9375
    },
    "spectral_strongpeak": {
        "max": 10.6303987503,
        "mean": 0.861658215523,
        "min": 0.00609001191333,
        "stdev": 1.06995129585
    },
    "zerocrossingrate": {
        "max": 0.14990234375,
        "mean": 0.045795250684,
        "min": 0.00927734375,
        "stdev": 0.02945609577
    },
    "barkbands": {
        "max": [4.573302067e-05, 0.000618670950644, 0.000262814952293, 0.000315493438393, 0.00406960817054, 0.0195415653288, 0.0941239893436, 0.11175968498, 0.065871976316, 0.0396193116903, 0.0296470113099, 0.041327226907, 0.0262676551938, 0.0147426370531, 0.0217338837683, 0.0160285886377, 0.0153168402612, 0.0051782685332, 0.00185977050569, 0.00110222911462, 0.00101638538763, 0.000679233693518, 0.000624051608611, 0.000704282778315, 0.000245918432483, 0.000251287390711, 1.36308344736e-05],
        "mean": [1.00991346699e-05, 0.000130664018798, 1.44341802297e-05, 1.10521405077e-05, 0.000251564604696, 0.000618209247477, 0.00169331219513, 0.0019925578963, 0.00235850317404, 0.000684995029587, 0.000326839071931, 0.000467646867037, 0.000762911804486, 0.000510974961799, 0.000429336738307, 0.000248960946919, 0.000395849579945, 0.000144544363138, 5.82097418373e-05, 1.9647883164e-05, 2.30777677643e-05, 1.83357369679e-05, 1.43807055792e-05, 1.42593989949e-05, 7.22764207239e-06, 1.07096966531e-05, 7.19594311249e-07],
        "min": [1.02378781008e-08, 2.27027408073e-06, 9.78110108463e-08, 9.0621725235e-08, 1.17260844945e-06, 3.77765474013e-07, 6.86263433636e-07, 4.74393630157e-07, 2.88318091179e-07, 8.64363869368e-08, 6.75290579011e-08, 5.66974911465e-08, 2.56099525586e-07, 7.06845284526e-08, 2.17619017917e-07, 1.20310886587e-07, 1.66733315154e-07, 1.93450659935e-07, 7.31201694748e-08, 3.64578696121e-08, 1.99729104366e-08, 3.53150646504e-08, 2.66307189634e-08, 4.60210998199e-08, 2.0190427108e-08, 2.96212956385e-08, 4.51722242945e-10],
        "stdev": [6.9370539677e-06, 7.86710297689e-05, 1.76109788299e-05, 1.70954135683e-05, 0.000408142688684, 0.00119988014922, 0.00460523413494, 0.0072322729975, 0.00769914034754, 0.00292504322715, 0.001368490397, 0.00210221437737, 0.00220578582957, 0.00133942300454, 0.00142011570279, 0.000865704438183, 0.00098843628075, 0.000379921140848, 0.00015469569189, 7.74455911596e-05, 7.82508141128e-05, 5.85483612667e-05, 4.78420879517e-05, 4.87502366013e-05, 1.97654917429e-05, 2.70242198894e-05, 1.48721392179e-06]
    },
    "erbbands": {
        "max": [0.0268598627299, 0.10927272588, 0.274157136679, 0.662306666374, 1.69828820229, 13.0508069992, 101.954833984, 190.884109497, 1341.44262695, 1889.78125, 3058.87353516, 2056.4440918, 1853.01550293, 1293.79956055, 899.442871094, 1953.89672852, 1223.49267578, 641.325378418, 885.856567383, 1088.47753906, 815.73425293, 881.914611816, 366.682342529, 105.411727905, 95.4346847534, 46.1463890076, 40.3988227844, 24.9026107788, 30.4900150299, 16.5444355011, 16.192533493, 16.2164096832, 9.4091501236, 4.18420600891, 0.713367640972, 0.410483270884, 0.578038990498, 0.156886696815, 0.00272123888135, 0.00019841271569],
        "mean": [0.00634855031967, 0.0188440866768, 0.0177474413067, 0.0298558864743, 0.118387080729, 0.903696835041, 3.45457601547, 5.27382040024, 16.708688736, 37.8796653748, 47.5375213623, 54.592048645, 31.9397277832, 15.2443399429, 14.2052793503, 20.5234737396, 34.0166969299, 28.6025218964, 25.0636062622, 16.7809658051, 16.5902881622, 21.678483963, 10.39245224, 3.86261749268, 2.42535424232, 0.868611812592, 0.953724861145, 0.686753571033, 0.790074944496, 0.484634160995, 0.385276734829, 0.299473106861, 0.235276848078, 0.114710018039, 0.0338541083038, 0.0207657366991, 0.0238559972495, 0.00589750194922, 0.000113993664854, 1.64878456417e-05],
        "min": [4.42049276899e-05, 0.000108604232082, 0.000780838658102, 0.000914109463338, 0.000657037599012, 0.00400259112939, 0.00488416245207, 0.00334290671162, 0.00631993217394, 0.0166918821633, 0.0137938950211, 0.00884684547782, 0.0118308514357, 0.00468962593004, 0.00417472282425, 0.00279257399961, 0.016233952716, 0.00991702266037, 0.0120148994029, 0.0138409296051, 0.00798123702407, 0.0106437578797, 0.0135951265693, 0.00649469066411, 0.00298193958588, 0.00193692347966, 0.00097857718356, 0.000918398320209, 0.00113121804316, 0.00117540138308, 0.000891563598998, 0.000925999891479, 0.000607109279372, 0.000253832229646, 8.72220552992e-05, 5.2173887525e-05, 7.22433032934e-05, 1.66760128195e-05, 3.87513352962e-07, 9.91108350945e-08],
        "stdev": [0.00382970832288, 0.0128431366757, 0.0187484044582, 0.0359859205782, 0.156337335706, 1.40484166145, 6.18030452728, 11.3397769928, 49.6439056396, 115.674964905, 164.944198608, 183.302658081, 128.147460938, 58.3832702637, 55.6747894287, 86.8214797974, 95.3843383789, 71.0726089478, 68.5834579468, 61.5357017517, 52.7897109985, 52.4702911377, 26.6893367767, 9.55448436737, 7.5170340538, 3.24129605293, 3.25497770309, 2.22774195671, 2.61583685875, 1.50955200195, 1.27770102024, 1.06780993938, 0.789343059063, 0.34366068244, 0.0783340334892, 0.0479493029416, 0.0598974339664, 0.0152263818309, 0.000273425976047, 2.78618408629e-05]
    },
    "gfcc": {
        "mean": [-126.740745544, 103.948616028, -122.567955017, -16.4310646057, -50.9349899292, -1.3170491457, -46.0485534668, 18.7496147156, -4.40604686737, 15.8730401993, -7.49348926544, 12.7233018875, -14.9897422791],
        "cov": [[8015.14306641, -2712.06665039, -2265.45800781, -847.440124512, -165.832702637, 15.8944749832, -161.033035278, 152.830413818, 156.454269409, 187.571716309, -201.654830933, 301.58303833, -20.6790523529], [-2712.06665039, 1835.40722656, 945.800476074, -282.62411499, -137.493103027, -247.513885498, 33.3816490173, -88.3018417358, -105.590629578, -130.930877686, 100.629394531, -66.1620559692, 46.7914810181], [-2265.45800781, 945.800476074, 798.435119629, 194.637252808, -41.5633277893, -75.4382019043, 56.1125335693, -65.5946807861, -53.9123344421, -50.3620948792, 69.6541290283, -114.089599609, 24.1484470367], [-847.440124512, -282.62411499, 194.637252808, 660.610168457, 239.626113892, 74.214881897, -109.157470703, -19.5008583069, 25.3400230408, 9.67445850372, -12.6546859741, -32.7425956726, -14.8630418777], [-165.832702637, -137.493103027, -41.5633277893, 239.626113892, 210.603591919, 46.5357437134, -119.574226379, -8.5012922287, 23.5088214874, -11.0935554504, -33.0528945923, 39.0828323364, -13.0560979843], [15.8944749832, -247.513885498, -75.4382019043, 74.214881897, 46.5357437134, 270.511779785, 155.797851562, -41.1421928406, -38.2385368347, 28.0049667358, -10.9294300079, -46.2254600525, -18.8735179901], [-161.033035278, 33.3816490173, 56.1125335693, -109.157470703, -119.574226379, 155.797851562, 280.042633057, 33.1381263733, -66.5279693604, -4.80345678329, 33.5347595215, -82.1950073242, -21.4246234894], [152.830413818, -88.3018417358, -65.5946807861, -19.5008583069, -8.5012922287, -41.1421928406, 33.1381263733, 115.93371582, 34.401473999, -27.2375087738, -6.98697519302, 17.7127666473, -16.46352005], [156.454269409, -105.590629578, -53.9123344421, 25.3400230408, 23.5088214874, -38.2385368347, -66.5279693604, 34.401473999, 111.199180603, 65.4434356689, -21.8043403625, -3.49944400787, -0.0487212389708], [187.571716309, -130.930877686, -50.3620948792, 9.67445850372, -11.0935554504, 28.0049667358, -4.80345678329, -27.2375087738, 65.4434356689, 117.828292847, 22.8711681366, -44.3332328796, -12.4710521698], [-201.654830933, 100.629394531, 69.6541290283, -12.6546859741, -33.0528945923, -10.9294300079, 33.5347595215, -6.98697519302, -21.8043403625, 22.8711681366, 75.9144592285, 4.11838579178, -9.41088199615], [301.58303833, -66.1620559692, -114.089599609, -32.7425956726, 39.0828323364, -46.2254600525, -82.1950073242, 17.7127666473, -3.49944400787, -44.3332328796, 4.11838579178, 129.681289673, 35.2225875854], [-20.6790523529, 46.7914810181, 24.1484470367, -14.8630418777, -13.0560979843, -18.8735179901, -21.4246234894, -16.46352005, -0.0487212389708, -12.4710521698, -9.41088199615, 35.2225875854, 65.7276687622]],
        "icov": [[0.0012501886813, 0.00159216346219, 0.00132803933229, 0.00155721092597, -2.22499493248e-05, 0.00212707417086, -0.000690689892508, 0.00120518682525, 0.00105317425914, -0.0012729523005, 0.00173771835398, -0.000916139106266, 0.00030618859455], [0.00159216346219, 0.0122915655375, -0.011483698152, 0.0142062939703, -0.0131938252598, 0.00855378061533, -0.0034597797785, 0.00800267141312, -0.00309449015185, 0.00692993728444, -0.00460915127769, 0.00242847017944, -0.000754423905164], [0.00132803933229, -0.011483698152, 0.0244414824992, -0.0160970762372, 0.0138523187488, 0.00134201545734, -0.00599685544148, 0.0066743157804, -0.00793521106243, 0.0042129647918, -0.000685124134179, 0.00170855387114, -0.00139300851151], [0.00155721092597, 0.0142062939703, -0.0160970762372, 0.0208408012986, -0.01805036515, 0.00471901753917, 0.00277240667492, 0.00166969059501, 0.00137824937701, 0.00486795976758, -0.00650485185906, 0.00615839054808, -0.00321213318966], [-2.22499493248e-05, -0.0131938252598, 0.0138523187488, -0.01805036515, 0.0404429212213, -0.0263122580945, 0.0268962830305, -0.0239932872355, 0.0137362377718, -0.0129985706881, 0.0103692272678, -0.00628326553851, 0.00584553973749], [0.00212707417086, 0.00855378061533, 0.00134201545734, 0.00471901753917, -0.0263122580945, 0.0433370284736, -0.0457368381321, 0.0414559133351, -0.0184438936412, 0.00742176547647, 0.00623721210286, -0.00898751616478, 0.00495066400617], [-0.000690689892508, -0.0034597797785, -0.00599685544148, 0.00277240667492, 0.0268962830305, -0.0457368381321, 0.0622118264437, -0.0551757663488, 0.0361053273082, -0.0163727831095, -0.00531949941069, 0.0156784597784, -0.00849983189255], [0.00120518682525, 0.00800267141312, 0.0066743157804, 0.00166969059501, -0.0239932872355, 0.0414559133351, -0.0551757663488, 0.0777511149645, -0.0640105605125, 0.0530147589743, -0.0193228404969, -0.00152493140195, 0.0092975012958], [0.00105317425914, -0.00309449015185, -0.00793521106243, 0.00137824937701, 0.0137362377718, -0.0184438936412, 0.0361053273082, -0.0640105605125, 0.0886582732201, -0.0807022154331, 0.0464222207665, -0.0161417368799, -0.00102038285695], [-0.0012729523005, 0.00692993728444, 0.0042129647918, 0.00486795976758, -0.0129985706881, 0.00742176547647, -0.0163727831095, 0.0530147589743, -0.0807022154331, 0.0980926603079, -0.0637946054339, 0.0359714478254, -0.0081481738016], [0.00173771835398, -0.00460915127769, -0.000685124134179, -0.00650485185906, 0.0103692272678, 0.00623721210286, -0.00531949941069, -0.0193228404969, 0.0464222207665, -0.0637946054339, 0.0661917701364, -0.0376794598997, 0.0174849145114], [-0.000916139106266, 0.00242847017944, 0.00170855387114, 0.00615839054808, -0.00628326553851, -0.00898751616478, 0.0156784597784, -0.00152493140195, -0.0161417368799, 0.0359714478254, -0.0376794598997, 0.0418319813907, -0.0213513877243], [0.00030618859455, -0.000754423905164, -0.00139300851151, -0.00321213318966, 0.00584553973749, 0.00495066400617, -0.00849983189255, 0.0092975012958, -0.00102038285695, -0.0081481738016, 0.0174849145114, -0.0213513877243, 0.0301727280021]]
    },
    "melbands": {
        "max": [0.000200537135242, 0.000109948116005, 0.000125151447719, 0.000410457985708, 0.00265292264521, 0.00503305159509, 0.0207733605057, 0.022572638467, 0.0228891335428, 0.0127213289961, 0.0089149447158, 0.00522254453972, 0.00408896105364, 0.0052367951721, 0.00396442785859, 0.00309242238291, 0.00131651770789, 0.00139741401654, 0.00197941972874, 0.00124745594803, 0.00114732049406, 0.00100493081845, 0.000525445037056, 0.000167956561199, 8.47875271575e-05, 9.57152587944e-05, 6.81255478412e-05, 1.98388461286e-05, 2.17401302507e-05, 4.0744398575e-05, 9.18390378501e-06, 2.18646364374e-05, 1.56832793436e-05, 1.15439816e-05, 1.20420700114e-05, 7.79421770858e-06, 9.05073557078e-06, 7.97771281213e-06, 4.58793329017e-06, 2.78573497781e-06],
        "mean": [4.41406191385e-05, 1.34136780616e-05, 6.81161691318e-06, 3.07363407046e-05, 0.00010689287592, 0.000123001664178, 0.00028717785608, 0.000421453092713, 0.000409897213103, 0.000328498106683, 0.000150072388351, 5.94714292674e-05, 4.59696748294e-05, 4.81845672766e-05, 6.98580624885e-05, 7.17289149179e-05, 5.0587397709e-05, 4.04494130635e-05, 3.05244320771e-05, 1.59999926836e-05, 2.0526957087e-05, 2.37359799939e-05, 1.53390537889e-05, 5.53674908588e-06, 2.81826669379e-06, 2.09671452467e-06, 1.28809051603e-06, 3.54537917246e-07, 4.78278025184e-07, 7.02964143784e-07, 2.72862081374e-07, 4.4590896664e-07, 3.56044267846e-07, 2.72656933475e-07, 2.61957950443e-07, 1.73126423419e-07, 1.61078475003e-07, 1.7371650074e-07, 1.27222833157e-07, 8.12759211044e-08],
        "min": [5.24824599779e-07, 3.34393348567e-07, 2.05973549328e-07, 1.47444083609e-07, 2.46745742061e-07, 6.30599359397e-08, 1.35624034669e-07, 1.38260517701e-07, 1.40952749916e-07, 4.14644354407e-08, 3.37186953914e-08, 1.01495478688e-08, 1.00069668107e-08, 6.40954489484e-09, 1.0700023978e-08, 2.32130403788e-08, 9.52790202291e-09, 2.01947951695e-08, 1.53946722037e-08, 9.5876746542e-09, 7.92391663396e-09, 8.96032847919e-09, 1.05348325619e-08, 7.57432694343e-09, 4.20786339106e-09, 2.50651077671e-09, 1.11576270445e-09, 8.41706482291e-10, 5.4715865172e-10, 5.98516958217e-10, 4.44552006318e-10, 5.64493285449e-10, 6.84131085116e-10, 4.07876649122e-10, 4.4005496469e-10, 5.82321746379e-10, 5.17485276852e-10, 3.56518897737e-10, 2.94061358597e-10, 1.63821942123e-10],
        "stdev": [2.66430197371e-05, 9.71510235104e-06, 7.86984583101e-06, 4.5154694817e-05, 0.00017899039085, 0.00026834543678, 0.000811767939012, 0.00132628413849, 0.00138759368565, 0.00111916160677, 0.000620323931798, 0.000233441212913, 0.000188773570699, 0.000227266835282, 0.000256215251284, 0.000201666247449, 0.000132880668389, 0.000111809589725, 0.000111440960609, 6.37279372313e-05, 6.75088813296e-05, 5.87414833717e-05, 4.0516100853e-05, 1.40412585097e-05, 7.70613769419e-06, 6.19994216322e-06, 5.06842479808e-06, 1.3502336742e-06, 1.59507840181e-06, 2.58469822256e-06, 8.04788328423e-07, 1.49102697833e-06, 1.17455294912e-06, 8.88815804956e-07, 8.96340509371e-07, 6.07628692251e-07, 5.77623779918e-07, 6.02310819886e-07, 3.98838039928e-07, 2.34081497297e-07]
    },
    "melbands128": {
        "max": [4.52150889032e-05, 0.000254284910625, 0.000284206937067, 0.000158823240781, 0.000144190606079, 0.000118475101772, 0.000135496549774, 0.000160104813403, 0.000238797016209, 0.000261136330664, 0.000884911627509, 0.00187207665294, 0.00503054540604, 0.00419463776052, 0.00265610846691, 0.00963128823787, 0.0130245815963, 0.0364521406591, 0.0306727588177, 0.0280621107668, 0.0347168594599, 0.0303384345025, 0.042728934437, 0.0256296917796, 0.0232970099896, 0.0218869708478, 0.0186173375696, 0.0132548967376, 0.00734071852639, 0.0060410653241, 0.00815936923027, 0.0062054367736, 0.00651254598051, 0.00379023654386, 0.00649681361392, 0.00990574620664, 0.0112859150395, 0.00576478149742, 0.0060283257626, 0.00445010326803, 0.00405232096091, 0.00375609076582, 0.00231487373821, 0.00217910576612, 0.00237106927671, 0.00243438687176, 0.00348752411082, 0.00420001987368, 0.00244884961285, 0.0025036400184, 0.00190506468061, 0.00176225637551, 0.0019932766445, 0.00230892142281, 0.00152298482135, 0.00144271447789, 0.00120159389917, 0.000928806082811, 0.000582746171858, 0.00043703353731, 0.000298667146126, 0.000167956430232, 0.000139295123518, 0.000138365721796, 0.000225606825552, 0.000136590315378, 7.81915005064e-05, 8.56507904246e-05, 0.000100538025436, 5.5234926549e-05, 1.82829990081e-05, 5.50997538085e-06, 1.59931569215e-05, 2.76357914117e-05, 3.73264483642e-05, 7.78653557063e-05, 3.01951113215e-05, 1.24903608594e-05, 5.96993140789e-06, 6.80106495565e-06, 3.68271867046e-05, 2.07604371099e-05, 3.38505160471e-05, 1.44803807416e-05, 5.55522774448e-06, 6.64063099975e-06, 2.02152968996e-05, 2.39206565311e-05, 1.53220426e-05, 5.48681509827e-06, 3.27144584844e-06, 9.58090095082e-06, 1.76704852493e-05, 1.05207864181e-05, 2.33601917898e-06, 6.99051361153e-06, 1.52368802446e-05, 7.62114132158e-06, 2.9725144941e-06, 6.38941264697e-06, 6.89538455845e-06, 1.34868002988e-06, 1.01472960523e-06, 8.94157210496e-07, 9.22045842344e-07, 6.73814611218e-07, 9.22449203244e-07, 1.13231612886e-06, 8.52981600019e-07, 9.02127453628e-07, 1.55364398324e-06, 1.14432953069e-06, 3.85576367989e-06, 1.92013294509e-06, 3.320938049e-06, 2.92510640065e-06, 6.82541042352e-07, 2.993273851e-09, 1.83677073551e-09, 1.77649428501e-09, 1.72312553115e-09, 1.67736990964e-09, 1.63835711664e-09, 1.60163016183e-09, 1.57747748197e-09, 1.56450774558e-09, 1.5494936445e-09, 1.54049140111e-09],
        "mean": [9.75554030447e-06, 5.98302976869e-05, 5.44004433323e-05, 2.31096018979e-05, 9.46200816543e-06, 6.82793233864e-06, 5.50888535145e-06, 5.69368194192e-06, 9.79960532277e-06, 1.8012993678e-05, 4.69670194434e-05, 9.48290035012e-05, 0.000130619620904, 0.000117688301543, 9.04192493181e-05, 0.000141535390867, 0.000189043799764, 0.000295029487461, 0.000440957170213, 0.000446653662948, 0.000409293686971, 0.000343548861565, 0.00042046213639, 0.000466300785774, 0.000389964901842, 0.000265171227511, 0.000199322486878, 0.000164019525982, 8.18940388854e-05, 5.4178010032e-05, 5.74466212129e-05, 5.43233218195e-05, 4.08604064432e-05, 4.24159552495e-05, 5.19490604347e-05, 4.50216721219e-05, 5.04261770402e-05, 6.85449558659e-05, 8.61911466927e-05, 7.73520296207e-05, 7.09293890395e-05, 5.94291232119e-05, 5.13548584422e-05, 4.63252763439e-05, 4.08782871091e-05, 3.87210056942e-05, 4.1375431465e-05, 3.40094593412e-05, 2.57228548435e-05, 1.81169434654e-05, 1.33758967422e-05, 1.43868583109e-05, 1.98085763259e-05, 2.25000330829e-05, 2.4454026061e-05, 2.40790523094e-05, 2.37259919231e-05, 1.90716946236e-05, 1.2193961993e-05, 7.93961953605e-06, 5.40916153113e-06, 3.6416633975e-06, 2.57725560004e-06, 2.73855698651e-06, 2.89722538582e-06, 2.10748521567e-06, 1.60040542596e-06, 1.58336433742e-06, 1.317867941e-06, 7.48655622829e-07, 3.26312090237e-07, 1.26247925891e-07, 2.33783794101e-07, 5.36872960311e-07, 7.62149568345e-07, 8.49733964969e-07, 6.5653978254e-07, 3.58135110901e-07, 1.81969710411e-07, 1.93404332549e-07, 4.01925234428e-07, 5.52950837118e-07, 5.80833614094e-07, 3.50431378138e-07, 1.51652997715e-07, 1.84107250334e-07, 3.34086337261e-07, 4.13050031511e-07, 2.99920742464e-07, 1.23775095062e-07, 8.18172480876e-08, 2.16437740619e-07, 2.75158043905e-07, 1.70382989495e-07, 6.87800039145e-08, 1.36196533163e-07, 2.37064924136e-07, 1.80024954943e-07, 7.6934007609e-08, 1.39488960826e-07, 1.4092853462e-07, 5.13598727991e-08, 4.03634814461e-08, 4.23688035767e-08, 3.81088582913e-08, 2.93597253176e-08, 2.72218727559e-08, 3.10250563018e-08, 2.75601212962e-08, 4.00130737432e-08, 4.87670668292e-08, 5.57626762543e-08, 1.03538255303e-07, 8.09500875221e-08, 1.04457882344e-07, 8.71524008517e-08, 2.92553377079e-08, 7.80561656977e-11, 3.81655427747e-12, 2.95849195836e-12, 2.85755945816e-12, 2.77745621641e-12, 2.71194004753e-12, 2.64874016817e-12, 2.61037719218e-12, 2.58130214252e-12, 2.55760018199e-12, 2.54222511098e-12],
        "min": [5.8986246998e-09, 4.94460579148e-08, 1.25961662434e-07, 4.23834229935e-08, 8.54667163708e-08, 5.31309289897e-08, 8.11938161149e-09, 5.08711650582e-08, 2.59635779543e-08, 3.34986474115e-08, 7.82656996989e-08, 4.68596361713e-08, 4.8826194643e-08, 7.27711437776e-08, 3.98271886581e-08, 9.96773241724e-09, 4.40409522184e-08, 3.60432110824e-08, 8.23796071359e-08, 4.13647143205e-08, 3.61545886562e-08, 3.60827350221e-08, 5.43141425169e-08, 1.25131833784e-08, 2.13645829916e-08, 3.85936047564e-08, 6.02587046927e-09, 9.74004521481e-09, 9.51081169376e-09, 5.89689852504e-09, 5.83899062434e-09, 4.32049240828e-09, 5.00778485346e-09, 1.47332934741e-09, 3.92393495474e-09, 3.24446514099e-09, 6.28278939985e-09, 4.85326268063e-09, 3.45235595667e-09, 9.18273279638e-09, 3.2503546521e-09, 3.58011331691e-09, 4.03209465816e-09, 5.83729953263e-09, 6.75249589577e-09, 7.83450992969e-09, 4.53921078503e-09, 5.18097342805e-09, 3.28115601356e-09, 3.06431990893e-09, 3.49054918303e-09, 4.43571979147e-09, 2.56055909809e-09, 2.87843437974e-09, 4.9128590085e-09, 3.33634719851e-09, 1.22172094663e-09, 6.88170942453e-09, 2.78721734581e-09, 5.0837467569e-09, 3.82170251001e-09, 3.47478645857e-09, 1.99995886518e-09, 1.8643793176e-09, 2.71422906373e-09, 1.10444120516e-09, 3.77937542373e-10, 2.9229044185e-10, 1.21849336177e-10, 3.74579429974e-11, 7.89518936339e-11, 9.02706590034e-11, 1.60436497421e-10, 3.09812286936e-10, 3.42461586866e-10, 2.49617410075e-10, 2.90892282484e-10, 2.20497106684e-10, 9.8350438904e-11, 1.80998535604e-10, 3.71309788472e-10, 2.84279655371e-10, 5.62809798765e-10, 5.32055843827e-10, 1.32109156947e-10, 2.013325201e-10, 2.41377862142e-10, 2.55823057183e-10, 2.69106154027e-10, 2.80898915239e-10, 2.64366195601e-10, 2.58673110709e-10, 5.95104965306e-10, 3.63274521575e-10, 2.02802635796e-10, 2.85036799719e-10, 2.80409390152e-10, 2.77188605402e-10, 1.36115840821e-10, 2.61507510091e-10, 1.63673338771e-10, 8.3321856359e-11, 5.7094155792e-11, 6.94454216355e-11, 6.07799435781e-11, 6.65653990262e-11, 6.71525821061e-11, 7.96637408818e-11, 6.9446365325e-11, 6.43323866401e-11, 6.40375738548e-11, 7.67239258237e-11, 2.21080723173e-10, 1.53757340193e-10, 1.71534952909e-10, 1.5342135895e-10, 2.69256839047e-11, 1.24745984484e-13, 5.07468179078e-14, 4.5317905922e-14, 3.79225290222e-14, 4.08757297216e-14, 3.91485956608e-14, 3.78652086086e-14, 4.19713736151e-14, 4.1500772274e-14, 3.41717316065e-14, 4.91603285857e-14],
        "stdev": [6.71250154483e-06, 3.61984602932e-05, 3.6248799006e-05, 1.75557524926e-05, 1.09188604256e-05, 8.52068205859e-06, 7.62987019698e-06, 9.94641050056e-06, 1.59113878908e-05, 2.70865148195e-05, 8.27026742627e-05, 0.000177013076609, 0.000270790304057, 0.000273751065833, 0.00023180039716, 0.000465059070848, 0.000705321959686, 0.00118923967239, 0.001388053759, 0.00168564717751, 0.00190224777907, 0.00156463880558, 0.00204309076071, 0.00188310106751, 0.00171144062188, 0.0012962995097, 0.00100561964791, 0.000898362952285, 0.000401839904953, 0.000267860508757, 0.000307842274196, 0.000293403689284, 0.000224552088184, 0.000207018238143, 0.000300362153212, 0.000295228586765, 0.00033132173121, 0.000348582456354, 0.000350036774762, 0.000267566298135, 0.000260531815002, 0.000205565287615, 0.00016008754028, 0.00015417081886, 0.000131921464344, 0.000124503261759, 0.000163548087585, 0.000150476451381, 0.000126446568174, 9.67825108091e-05, 6.70295994496e-05, 6.79185686749e-05, 8.56552360347e-05, 8.19741981104e-05, 7.52186169848e-05, 6.53452952974e-05, 6.65777115501e-05, 5.39313041372e-05, 3.80850142392e-05, 2.46091185545e-05, 1.59669089044e-05, 1.04112423287e-05, 8.57739451021e-06, 9.16027147468e-06, 1.01191262729e-05, 6.80745051795e-06, 6.28045063422e-06, 6.52404241919e-06, 5.65449226997e-06, 3.39117923431e-06, 1.28349449824e-06, 4.23634617164e-07, 8.09604216556e-07, 1.88929459455e-06, 2.68997519015e-06, 3.57683097718e-06, 2.51612459579e-06, 1.22232313515e-06, 4.99729594594e-07, 5.37497840014e-07, 1.50356788708e-06, 1.91426215679e-06, 2.21118966692e-06, 1.21161940569e-06, 4.09055587625e-07, 5.21926949659e-07, 1.22262395053e-06, 1.60416470862e-06, 1.04040543647e-06, 3.81269217087e-07, 2.77343843891e-07, 8.07281196558e-07, 1.08308483959e-06, 6.64533843064e-07, 1.9377046101e-07, 4.95047913773e-07, 8.89980924512e-07, 6.06188734764e-07, 2.25305527124e-07, 4.68736146786e-07, 4.88108184982e-07, 1.20374096468e-07, 9.22782064094e-08, 9.46245251043e-08, 9.20993841191e-08, 6.99315592101e-08, 7.35296552534e-08, 8.81567743249e-08, 6.91923389695e-08, 8.57617692418e-08, 1.19021798639e-07, 1.18956322126e-07, 3.01060168795e-07, 2.09413173025e-07, 2.97127144222e-07, 2.50259176937e-07, 6.17705566697e-08, 2.38913611117e-10, 4.41763084447e-11, 4.01837625674e-11, 3.88626630876e-11, 3.77617763447e-11, 3.68455717326e-11, 3.59947696649e-11, 3.54304606487e-11, 3.51132976861e-11, 3.47648715371e-11, 3.45606043783e-11]
    },
    "mfcc": {
        "mean": [-779.659790039, 159.933639526, -18.9160079956, -7.08633565903, 6.31046676636, -14.8540706635, -21.3513832092, -0.694605350494, -2.57980132103, 1.78381216526, 17.2318267822, 9.27077388763, -2.09237337112],
        "cov": [[9215.41308594, -2549.65063477, -2258.87988281, -1158.70446777, -403.848510742, -162.238388062, -413.919250488, -2.67780280113, 257.574829102, -248.257476807, 141.51184082, 42.3502159119, 79.5186309814], [-2549.65063477, 1959.28186035, 708.244995117, -47.7273139954, -208.049194336, -262.298706055, 7.05841445923, -44.0476875305, -134.349578857, -118.614776611, -91.7621002197, 3.41520452499, -18.6872730255], [-2258.87988281, 708.244995117, 733.936279297, 288.560760498, -36.7915687561, 30.1090946198, 144.409744263, -49.639629364, -85.090133667, 117.732635498, -78.5527114868, 22.0249137878, -46.6831817627], [-1158.70446777, -47.7273139954, 288.560760498, 456.508728027, 292.023529053, 24.1510944366, -37.9266624451, -13.1071529388, -48.4521636963, 54.931968689, -5.84969425201, -67.603729248, 15.0506868362], [-403.848510742, -208.049194336, -36.7915687561, 292.023529053, 421.088165283, 68.4549865723, -146.905593872, -3.52556729317, 2.12286019325, -66.2414779663, 43.6023674011, -106.288909912, 47.7930717468], [-162.238388062, -262.298706055, 30.1090946198, 24.1510944366, 68.4549865723, 262.016845703, 127.628303528, -38.42603302, 12.6351051331, 71.2194519043, 13.6087474823, 7.40440034866, -42.25258255], [-413.919250488, 7.05841445923, 144.409744263, -37.9266624451, -146.905593872, 127.628303528, 266.521514893, 62.1039237976, -26.4804649353, 82.4663085938, -24.6764621735, 62.3668441772, -73.8955612183], [-2.67780280113, -44.0476875305, -49.639629364, -13.1071529388, -3.52556729317, -38.42603302, 62.1039237976, 159.949264526, 27.6581993103, -63.1412200928, -14.6432151794, 8.0372800827, -3.84026932716], [257.574829102, -134.349578857, -85.090133667, -48.4521636963, 2.12286019325, 12.6351051331, -26.4804649353, 27.6581993103, 97.2317733765, 21.7119121552, -3.52285218239, -9.10088539124, 17.4198760986], [-248.257476807, -118.614776611, 117.732635498, 54.931968689, -66.2414779663, 71.2194519043, 82.4663085938, -63.1412200928, 21.7119121552, 216.493469238, 29.2939128876, 23.2173461914, -39.3452949524], [141.51184082, -91.7621002197, -78.5527114868, -5.84969425201, 43.6023674011, 13.6087474823, -24.6764621735, -14.6432151794, -3.52285218239, 29.2939128876, 103.227218628, 14.7753143311, -16.1853256226], [42.3502159119, 3.41520452499, 22.0249137878, -67.603729248, -106.288909912, 7.40440034866, 62.3668441772, 8.0372800827, -9.10088539124, 23.2173461914, 14.7753143311, 106.762611389, 4.5654797554], [79.5186309814, -18.6872730255, -46.6831817627, 15.0506868362, 47.7930717468, -42.25258255, -73.8955612183, -3.84026932716, 17.4198760986, -39.3452949524, -16.1853256226, 4.5654797554, 105.82258606]],
        "icov": [[0.00123636040371, 0.00115551799536, 0.00245178071782, 0.000252998928772, 0.00223416299559, 0.000440882431576, 0.00116944976617, 0.0013485000236, 2.94186465908e-05, 0.00121374067385, 0.000447702681413, 0.000175814144313, 0.000860512140207], [0.00115551799536, 0.00409469101578, -0.00313720991835, 0.00620156154037, -0.00203731982037, 0.00574679998681, -0.00157496577594, 0.00360437203199, 0.000151265689055, 0.00286380457692, -0.000677948642988, 0.00166066735983, 0.000699038209859], [0.00245178071782, -0.00313720991835, 0.0182650629431, -0.0144145200029, 0.013776413165, -0.007675150875, 0.00429843598977, 0.00163031939883, -0.00146172998939, 0.000845658883918, 0.00397906638682, -0.00313214119524, 0.00278441328555], [0.000252998928772, 0.00620156154037, -0.0144145200029, 0.027834083885, -0.022859627381, 0.0152019802481, -0.00480277091265, 0.000886470312253, 0.00778476893902, -0.0068286289461, 0.0045840269886, 0.000718687020708, 0.000509519712068], [0.00223416299559, -0.00203731982037, 0.013776413165, -0.022859627381, 0.0350609980524, -0.0223234780133, 0.0191867463291, -0.00848955381662, 0.000987240462564, 0.00762832956389, -0.00786420423537, 0.00739751802757, -0.0032162363641], [0.000440882431576, 0.00574679998681, -0.007675150875, 0.0152019802481, -0.0223234780133, 0.0314021855593, -0.0272685121745, 0.0226981509477, -0.0120017491281, 0.00587144494057, 0.000302059925161, -0.00183617114089, 0.00382209196687], [0.00116944976617, -0.00157496577594, 0.00429843598977, -0.00480277091265, 0.0191867463291, -0.0272685121745, 0.0397392585874, -0.0286164265126, 0.0205842684954, -0.0116586824879, 0.00533947208896, -0.000930795795284, 0.00171425845474], [0.0013485000236, 0.00360437203199, 0.00163031939883, 0.000886470312253, -0.00848955381662, 0.0226981509477, -0.0286164265126, 0.0344700291753, -0.0217742715031, 0.0167898666114, -0.00341230211779, -0.00152518809773, 0.00375229516067], [2.94186465908e-05, 0.000151265689055, -0.00146172998939, 0.00778476893902, 0.000987240462564, -0.0120017491281, 0.0205842684954, -0.0217742715031, 0.0309490058571, -0.0159001145512, 0.00718619860709, 0.0018907582853, -0.00339040951803], [0.00121374067385, 0.00286380457692, 0.000845658883918, -0.0068286289461, 0.00762832956389, 0.00587144494057, -0.0116586824879, 0.0167898666114, -0.0159001145512, 0.0214602909982, -0.0101319663227, 0.0029899738729, 0.00122289685532], [0.000447702681413, -0.000677948642988, 0.00397906638682, 0.0045840269886, -0.00786420423537, 0.000302059925161, 0.00533947208896, -0.00341230211779, 0.00718619860709, -0.0101319663227, 0.0213104691356, -0.00920344609767, 0.00663068844005], [0.000175814144313, 0.00166066735983, -0.00313214119524, 0.000718687020708, 0.00739751802757, -0.00183617114089, -0.000930795795284, -0.00152518809773, 0.0018907582853, 0.0029899738729, -0.00920344609767, 0.0196032859385, -0.00755517976359], [0.000860512140207, 0.000699038209859, 0.00278441328555, 0.000509519712068, -0.0032162363641, 0.00382209196687, 0.00171425845474, 0.00375229516067, -0.00339040951803, 0.00122289685532, 0.00663068844005, -0.00755517976359, 0.016747225076]]
    },
    "spectral_contrast_coeffs": {
        "max": [-0.458763867617, -0.386114418507, -0.423561841249, -0.530820548534, -0.471766471863, -0.70548593998],
        "mean": [-0.738472104073, -0.761562824249, -0.780961334705, -0.79447042942, -0.752968072891, -0.826360225677],
        "min": [-0.931810736656, -0.941489934921, -0.949617445469, -0.917848467827, -0.883224904537, -0.872992277145],
        "stdev": [0.0838992744684, 0.0918692648411, 0.0722099840641, 0.0591406561434, 0.0814430117607, 0.0308061912656]
    },
    "spectral_contrast_valleys": {
        "max": [-7.15874814987, -4.62027311325, -5.23132181168, -5.44593286514, -6.2045083046, -8.86708831787],
        "mean": [-8.21162796021, -6.99819803238, -8.35384559631, -8.33592510223, -9.41530799866, -11.7598381042],
        "min": [-9.84089183807, -9.51917648315, -10.6337013245, -10.501036644, -11.2310371399, -13.4075431824],
        "stdev": [0.338712692261, 0.791567325592, 1.13897275925, 1.18794417381, 1.0845695734, 1.04569840431]
    }
},
"rhythm": {
    "beats_count": 96,
    "beats_loudness": {
        "max": 0.136931985617,
        "mean": 0.0245210323483,
        "min": 0.000286738242721,
        "stdev": 0.0304617527872
    },
    "bpm": 117.976249695,
    "bpm_histogram_first_peak_bpm": 117,
    "bpm_histogram_first_peak_weight": 0.606060624123,
    "bpm_histogram_second_peak_bpm": 126,
    "bpm_histogram_second_peak_spread": 0.47058826685,
    "bpm_histogram_second_peak_weight": 0.0947368443012,
    "danceability": 1.3740581274,
    "onset_rate": 4.0400390625,
    "beats_loudness_band_ratio": {
        "max": [0.881536185741, 0.640055298805, 0.95898771286, 0.487169444561, 0.567071855068, 0.207588747144],
        "mean": [0.0600935481489, 0.141292884946, 0.528894245625, 0.155488342047, 0.133978664875, 0.0161689314991],
        "min": [0.000348849076545, 0.00278199510649, 0.0431763753295, 0.00599960796535, 0.00192570814397, 0.000648621993605],
        "stdev": [0.118368662894, 0.161280408502, 0.244575187564, 0.116763807833, 0.175699263811, 0.0367867462337]
    },
