{
"metadata": {
    "version": {
        "essentia": "2.1-beta5",
        "essentia_git_sha": "Undefined",
        "extractor": "music 2.0"
    },
    "audio_properties": {
        "analysis": {
            "equal_loudness": 0,
            "length": 12.7477550507,
            "sample_rate": 44100,
            "start_time": 0,
            "downmix": "mix"
        },
        "bit_rate": 192000,
        "length": 206.042266846,
        "lossless": 0,
        "number_channels": 2,
        "replay_gain": -8.37980270386,
        "sample_rate": 48000,
        "codec": "mp3",
        "md5_encoded": "984b835210b7c0c5b2dd88d0e2b201f5"
    },
    "tags": {
        "file_name": "Luxembourg_Chansons Pour Ceux Qui S_aiment_Jürgen Marcus.mp3",
        "encoding": ["Lavf58.29.100"]
    }
},
"lowlevel": {
    "average_loudness": 0.890150129795,
    "barkbands_crest": {
        "max": 22.446521759,
        "mean": 9.02726364136,
        "min": 3.80274391174,
        "stdev": 4.27518796921
    },
    "barkbands_flatness_db": {
        "max": 0.303747713566,
        "mean": 0.213602334261,
        "min": 0.0808653086424,
        "stdev": 0.0429057180882
    },
    "barkbands_kurtosis": {
        "max": 94.1355895996,
        "mean": 5.99610614777,
        "min": -1.78685355186,
        "stdev": 16.4561004639
    },
    "barkbands_skewness": {
        "max": 8.83870124817,
        "mean": 0.300916850567,
        "min": -2.97383904457,
        "stdev": 2.19643974304
    },
    "barkbands_spread": {
        "max": 53.0917778015,
        "mean": 10.6952819824,
        "min": 2.94003009796,
        "stdev": 9.19507789612
    },
    "dissonance": {
        "max": 0.500000238419,
        "mean": 0.483657062054,
        "min": 0.34055557847,
        "stdev": 0.0252326373011
    },
    "dynamic_complexity": 7.02928543091,
    "erbbands_crest": {
        "max": 18.4053173065,
        "mean": 8.96298789978,
        "min": 4.04503107071,
        "stdev": 2.25945329666
    },
    "erbbands_flatness_db": {
        "max": 0.394061684608,
        "mean": 0.283097147942,
        "min": 0.0587470531464,
        "stdev": 0.0786959901452
    },
    "erbbands_kurtosis": {
        "max": 13.660238266,
        "mean": 1.51722002029,
        "min": -1.71491587162,
        "stdev": 2.02589225769
    },
    "erbbands_skewness": {
        "max": 1.81411373615,
        "mean": -0.44790071249,
        "min": -2.2190387249,
        "stdev": 0.686493337154
    },
    "erbbands_spread": {
        "max": 133.030593872,
        "mean": 19.7482643127,
        "min": 2.98701739311,
        "stdev": 28.5153579712
    },
    "hfc": {
        "max": 229.786376953,
        "mean": 17.0286540985,
        "min": 0.00470031704754,
        "stdev": 19.1517219543
    },
    "loudness_ebu128": {
        "integrated": -16.5289611816,
        "loudness_range": 9.27022171021,
        "momentary": {
            "max": -11.4964818954,
            "mean": -21.833026886,
            "min": -48.2130126953,
            "stdev": 10.2865715027
        },
        "short_term": {
            "max": -15.0700054169,
            "mean": -18.1487541199,
            "min": -31.9746303558,
            "stdev": 3.87989115715
        }
    },
    "melbands_crest": {
        "max": 30.857963562,
        "mean": 10.9710693359,
        "min": 3.88538455963,
        "stdev": 6.99630689621
    },
    "melbands_flatness_db": {
        "max": 0.409942299128,
        "mean": 0.20478874445,
        "min": 0.104325897992,
        "stdev": 0.0539783909917
    },
    "melbands_kurtosis": {
        "max": 367.20904541,
        "mean": 20.1328735352,
        "min": -1.68984305859,
        "stdev": 65.2476348877
    },
    "melbands_skewness": {
        "max": 14.3265514374,
        "mean": 1.06444084644,
        "min": -1.89893209934,
        "stdev": 3.41871118546
    },
    "melbands_spread": {
        "max": 80.116973877,
        "mean": 20.939245224,
        "min": 1.34728944302,
        "stdev": 15.0093631744
    },
    "pitch_salience": {
        "max": 0.881498992443,
        "mean": 0.724446713924,
        "min": 0.341551631689,
        "stdev": 0.125990718603
    },
    "silence_rate_20dB": {
        "max": 1,
        "mean": 1,
        "min": 1,
        "stdev": 0
    },
    "silence_rate_30dB": {
        "max": 1,
        "mean": 0.990909099579,
        "min": 0,
        "stdev": 0.0949115231633
    },
    "silence_rate_60dB": {
        "max": 1,
        "mean": 0.249090909958,
        "min": 0,
        "stdev": 0.43248668313
    },
    "spectral_centroid": {
        "max": 2724.20654297,
        "mean": 1885.0402832,
        "min": 314.645294189,
        "stdev": 554.563903809
    },
    "spectral_complexity": {
        "max": 39,
        "mean": 20.3272724152,
        "min": 0,
        "stdev": 11.1789703369
    },
    "spectral_decrease": {
        "max": -5.5296843493e-12,
        "mean": -3.00289282329e-09,
        "min": -5.22416634396e-08,
        "stdev": 4.79919659568e-09
    },
    "spectral_energy": {
        "max": 0.218014597893,
        "mean": 0.0128781581298,
        "min": 2.13331768464e-05,
        "stdev": 0.0197437740862
    },
    "spectral_energyband_high": {
        "max": 0.000157376998686,
        "mean": 3.31388582708e-05,
        "min": 2.3477802813e-07,
        "stdev": 2.673247036e-05
    },
    "spectral_energyband_low": {
        "max": 0.000396482006181,
        "mean": 9.16125372896e-06,
        "min": 6.34443875214e-09,
        "stdev": 2.1733208996e-05
    },
    "spectral_energyband_middle_high": {
        "max": 0.0924600288272,
        "mean": 0.00744071882218,
        "min": 1.01584646472e-07,
        "stdev": 0.00777496397495
    },
    "spectral_energyband_middle_low": {
        "max": 0.125508874655,
        "mean": 0.00544472364709,
        "min": 3.3079311379e-06,
        "stdev": 0.0135834133253
    },
    "spectral_entropy": {
        "max": 8.11898994446,
        "mean": 7.38653659821,
        "min": 6.7128033638,
        "stdev": 0.248177364469
    },
    "spectral_flux": {
        "max": 0.297075629234,
        "mean": 0.0632465109229,
        "min": 0.000777156848926,
        "stdev": 0.0475032292306
    },
    "spectral_kurtosis": {
        "max": 44.4545249939,
        "mean": 15.3347940445,
        "min": 0.459408044815,
        "stdev": 7.13137340546
    },
    "spectral_rms": {
        "max": 0.0145841408521,
        "mean": 0.00289368862286,
        "min": 0.000144266610732,
        "stdev": 0.00204710336402
    },
    "spectral_rolloff": {
        "max": 3122.31445312,
        "mean": 2138.5612793,
        "min": 86.1328125,
        "stdev": 737.569030762
    },
    "spectral_skewness": {
        "max": 4.42476606369,
        "mean": 2.67506694794,
        "min": 0.993900716305,
        "stdev": 0.652624130249
    },
    "spectral_spread": {
        "max": 12372398,
        "mean": 2563165.25,
        "min": 1075587.375,
        "stdev": 1866068
    },
    "spectral_strongpeak": {
        "max": 5.96118164062,
        "mean": 1.14031100273,
        "min": 0.00353715871461,
        "stdev": 0.965907752514
    },
    "zerocrossingrate": {
        "max": 0.11474609375,
        "mean": 0.0759969800711,
        "min": 0.00341796875,
        "stdev": 0.025454044342
    },
    "barkbands": {
        "max": [4.5008109737e-05, 0.000123881996842, 0.000126730679767, 0.000257960346062, 0.0113828321919, 0.025493517518, 0.106668494642, 0.0451006293297, 0.0467124991119, 0.0135592566803, 0.0120948031545, 0.0227321553975, 0.00659314449877, 0.0353629179299, 0.0181099511683, 0.0375145711005, 0.0124327111989, 0.00786356907338, 0.0014390940778, 3.93125155824e-05, 4.68348407594e-05, 4.87989309477e-05, 2.95777590509e-05, 2.48128944804e-05, 2.43452777795e-05, 1.47943392221e-05, 1.07738742372e-06],
        "mean": [5.71125724491e-07, 4.61036097477e-06, 1.21159337141e-06, 6.43937028144e-06, 0.000358574441634, 0.000868830247782, 0.00220262352377, 0.000994341215119, 0.000916557619348, 0.000391826441046, 0.000270469987299, 0.000449836661573, 0.000685161270667, 0.00106355256867, 0.00131007016171, 0.00158055953216, 0.00107414007653, 0.00053627055604, 0.000126413404359, 6.16342504145e-06, 6.60391606289e-06, 6.5510330387e-06, 5.25448831468e-06, 5.54468260816e-06, 4.65986659037e-06, 1.32603543079e-06, 2.9884565933e-09],
        "min": [3.20735243919e-11, 1.10882615589e-10, 2.3112024794e-10, 5.18603870958e-09, 7.77270585672e-08, 2.67287649791e-08, 7.35475103042e-09, 3.53404594478e-09, 2.25928364905e-09, 5.41236300222e-09, 3.41805472814e-09, 2.51306042642e-09, 3.73688885391e-10, 2.18634643723e-09, 3.12162073968e-10, 2.07355177473e-09, 3.66210461955e-09, 3.80740861061e-09, 1.30752821903e-08, 1.45116469952e-08, 1.89004349949e-08, 2.26273755288e-08, 3.11555687915e-08, 3.53587168433e-08, 4.78562895978e-08, 3.61041729846e-09, 2.27666704933e-11],
        "stdev": [2.17381216316e-06, 1.11506124085e-05, 5.49963306185e-06, 1.99819987756e-05, 0.00112033984624, 0.00248827342875, 0.0091505618766, 0.00371215259656, 0.00361026148312, 0.00130993546918, 0.000850773882121, 0.0011989751365, 0.000664491089992, 0.0023635472171, 0.00164034136105, 0.00227723410353, 0.00103781709913, 0.000701618904714, 0.000158237497089, 5.52905930817e-06, 6.08824211668e-06, 5.82610891797e-06, 4.58104705103e-06, 4.67412246508e-06, 4.09116637456e-06, 1.43811882936e-06, 4.59165789835e-08]
    },
    "erbbands": {
        "max": [0.00406563375145, 0.0271276775748, 0.124063715339, 0.551518917084, 1.4223344326, 37.3569488525, 200.977767944, 233.591293335, 1867.44091797, 1213.16589355, 726.962036133, 1475.56652832, 411.301269531, 496.990509033, 512.358642578, 752.303710938, 288.016174316, 1283.66320801, 1114.26525879, 726.410095215, 2202.80419922, 621.591247559, 473.752227783, 150.963790894, 32.0962295532, 1.82975172997, 1.62309086323, 2.44352531433, 1.81231153011, 1.01026511192, 0.728649914265, 0.547605097294, 0.537875473499, 0.323445528746, 0.143668502569, 0.0798410102725, 0.0211704019457, 0.00462206080556, 0.000158841576194, 0.00026489578886],
        "mean": [0.000234134597122, 0.000652195711154, 0.00134949875064, 0.0141686173156, 0.131391197443, 1.35501873493, 4.04679965973, 8.59001159668, 26.263458252, 28.855802536, 23.3620376587, 21.2298221588, 13.2399358749, 12.722992897, 12.3482427597, 19.7045288086, 30.0050182343, 48.9384880066, 63.2099723816, 79.2536392212, 83.0135803223, 61.3602638245, 34.3573455811, 14.1269350052, 2.46386647224, 0.352626055479, 0.273391544819, 0.26648196578, 0.238652378321, 0.186462327838, 0.147313922644, 0.117733888328, 0.090736053884, 0.0577851459384, 0.0299632195383, 0.0114116687328, 0.00104717107024, 3.61365455319e-05, 9.51867150434e-06, 1.63813238032e-05],
        "min": [2.03246344199e-08, 1.78056282607e-07, 2.6897951102e-06, 1.62298601936e-05, 3.21212537528e-05, 0.000331676041242, 0.00019229624013, 0.000240968540311, 0.000131390799652, 0.000127324849018, 0.00023237404821, 8.74756151461e-05, 0.000100654891867, 0.000189183396287, 0.00031533499714, 0.000145447658724, 5.28848322574e-05, 8.60658619786e-05, 6.15335156908e-05, 4.27500999649e-05, 0.000293252727715, 0.000292037264444, 0.000149593965034, 0.000558517407626, 0.000524721632246, 0.000667852233164, 0.000820777961053, 0.000696747156326, 0.000712766894139, 0.000798253109679, 0.000807146308944, 0.000739089096896, 0.000589662988205, 0.000395262817619, 0.000363098981325, 6.95808630553e-05, 2.37620770349e-06, 2.92765065524e-07, 4.85448801157e-08, 3.4925825787e-08],
        "stdev": [0.000553232675884, 0.00169896311127, 0.00540925282985, 0.036641728133, 0.242386505008, 3.68791747093, 14.6502065659, 24.8997573853, 118.157348633, 107.966499329, 79.8925323486, 93.0868148804, 42.3371887207, 44.229839325, 35.5707321167, 41.4157714844, 29.4456233978, 85.4441757202, 104.178146362, 83.5177307129, 128.125244141, 58.9773635864, 42.5549850464, 16.0527458191, 3.11568975449, 0.289433866739, 0.250383853912, 0.25180581212, 0.215373873711, 0.161590486765, 0.129356741905, 0.101893670857, 0.0777439549565, 0.0509516894817, 0.0271491669118, 0.0110968230292, 0.00150401773863, 0.000198671405087, 1.29111458591e-05, 2.35983661696e-05]
    },
    "gfcc": {
        "mean": [-141.724731445, 47.6910209656, -206.974975586, -10.236084938, -49.8052635193, 7.58424377441, -72.8489227295, 6.93374347687, -20.8204307556, -8.49033164978, -13.5423326492, 0.201066121459, -8.96023845673],
        "cov": [[12097.8535156, -240.500595093, -4823.72607422, -3450.80664062, -1407.0201416, -1991.7265625, -2052.58618164, -860.589538574, -55.504119873, -497.399810791, 43.2134552002, -117.710945129, 21.0258560181], [-240.500595093, 1262.04223633, 971.326721191, 136.296798706, -236.718475342, -335.449493408, -34.8199539185, -54.9852905273, 127.047515869, 78.2874069214, 104.713363647, 42.5015716553, 124.974555969], [-4823.72607422, 971.326721191, 3264.50268555, 1589.68615723, 178.085189819, 479.922515869, 747.953918457, 266.974975586, -0.29580950737, 297.422271729, 5.59293460846, 69.7367706299, 54.8937759399], [-3450.80664062, 136.296798706, 1589.68615723, 1176.80065918, 435.417266846, 581.769470215, 571.299499512, 223.248809814, -18.3684940338, 163.997070312, -4.3907866478, 50.2896614075, -12.2738790512], [-1407.0201416, -236.718475342, 178.085189819, 435.417266846, 431.728820801, 394.331573486, 284.069458008, 137.375076294, 14.4166097641, 32.3512649536, -5.71595430374, 26.5008583069, -30.9742012024], [-1991.7265625, -335.449493408, 479.922515869, 581.769470215, 394.331573486, 565.237060547, 447.117584229, 215.69569397, -3.85184621811, 50.222492218, -63.0674095154, -0.321395248175, -42.8942375183], [-2052.58618164, -34.8199539185, 747.953918457, 571.299499512, 284.069458008, 447.117584229, 497.183288574, 249.925491333, 44.1091537476, 66.5841522217, -45.3446464539, -9.26543426514, -25.9404563904], [-860.589538574, -54.9852905273, 266.974975586, 223.248809814, 137.375076294, 215.69569397, 249.925491333, 170.07711792, 47.3686599731, 33.7603607178, -26.0510921478, -11.9221353531, -22.9007892609], [-55.504119873, 127.047515869, -0.29580950737, -18.3684940338, 14.4166097641, -3.85184621811, 44.1091537476, 47.3686599731, 100.429832458, 40.1913490295, 27.7026138306, 3.64212322235, 12.637802124], [-497.399810791, 78.2874069214, 297.422271729, 163.997070312, 32.3512649536, 50.222492218, 66.5841522217, 33.7603607178, 40.1913490295, 99.908493042, 31.2391986847, 31.9121265411, 5.40071773529], [43.2134552002, 104.713363647, 5.59293460846, -4.3907866478, -5.71595430374, -63.0674095154, -45.3446464539, -26.0510921478, 27.7026138306, 31.2391986847, 70.1179351807, 31.6761436462, 23.0750236511], [-117.710945129, 42.5015716553, 69.7367706299, 50.2896614075, 26.5008583069, -0.321395248175, -9.26543426514, -11.9221353531, 3.64212322235, 31.9121265411, 31.6761436462, 62.7246360779, 26.665512085], [21.0258560181, 124.974555969, 54.8937759399, -12.2738790512, -30.9742012024, -42.8942375183, -25.9404563904, -22.9007892609, 12.637802124, 5.40071773529, 23.0750236511, 26.665512085, 58.2384567261]],
        "icov": [[0.00094147096388, -0.000478392466903, 0.000706869002897, 0.000895545235835, 0.00066221243469, 0.000177934402018, 0.0018318927614, -0.00107060873415, 0.000632796320133, -0.000119779819215, 0.000840676482767, -0.000362658727681, 0.000794124149252], [-0.000478392466903, 0.00426062988117, -0.00220894673839, -0.000682037672959, -0.00134502653964, 0.0044837994501, -0.00238730851561, 0.00283752172254, -0.00669427774847, 0.00380922830664, -0.000553949328605, 4.09185850003e-05, -0.00309218699113], [0.000706869002897, -0.00220894673839, 0.00438443245366, -0.00395306851715, 0.00364282960072, 0.00142833252903, -0.00173305987846, -0.000992645625956, 0.00416161911562, -0.00414025783539, 0.00274458550848, -0.000334007316269, -0.000107213323645], [0.000895545235835, -0.000682037672959, -0.00395306851715, 0.0126926498488, -0.00576083688065, -0.00460889562964, 0.00192597764544, 0.000489477592055, 0.00499760080129, -0.00269472110085, -0.00361908250488, 0.00111256923992, 0.00222310773097], [0.00066221243469, -0.00134502653964, 0.00364282960072, -0.00576083688065, 0.0136098144576, -0.00698470696807, 0.00240795547143, -0.00115692720283, -0.0031087831594, 0.00454091047868, -0.0029104789719, -0.00557213556021, 0.00466907350346], [0.000177934402018, 0.0044837994501, 0.00142833252903, -0.00460889562964, -0.00698470696807, 0.0246643908322, -0.0147363469005, 0.00360149913467, -7.62067284086e-05, -0.00374801759608, 0.00971841160208, 0.000771818158682, -0.00654004281387], [0.0018318927614, -0.00238730851561, -0.00173305987846, 0.00192597764544, 0.00240795547143, -0.0147363469005, 0.0323336869478, -0.0222584176809, -0.00299457134679, 0.0065508489497, -0.000741727068089, 0.00107739085797, 0.00242032925598], [-0.00107060873415, 0.00283752172254, -0.000992645625956, 0.000489477592055, -0.00115692720283, 0.00360149913467, -0.0222584176809, 0.0353899560869, -0.0119497450069, 0.000374904542696, 0.00249655125663, -0.00159453065135, 0.00367468805052], [0.000632796320133, -0.00669427774847, 0.00416161911562, 0.00499760080129, -0.0031087831594, -7.62067284086e-05, -0.00299457134679, -0.0119497450069, 0.0371086746454, -0.0210624225438, -0.0047571696341, 0.008624503389, -0.00463821878657], [-0.000119779819215, 0.00380922830664, -0.00414025783539, -0.00269472110085, 0.00454091047868, -0.00374801759608, 0.0065508489497, 0.000374904542696, -0.0210624225438, 0.0334875881672, -0.00780344987288, -0.012254380621, 0.00809124670923], [0.000840676482767, -0.000553949328605, 0.00274458550848, -0.00361908250488, -0.0029104789719, 0.00971841160208, -0.000741727068089, 0.00249655125663, -0.0047571696341, -0.00780344987288, 0.0330901518464, -0.00720626069233, -0.00425859261304], [-0.000362658727681, 4.09185850003e-05, -0.000334007316269, 0.00111256923992, -0.00557213556021, 0.000771818158682, 0.00107739085797, -0.00159453065135, 0.008624503389, -0.012254380621, -0.00720626069233, 0.0325678549707, -0.0147414309904], [0.000794124149252, -0.00309218699113, -0.000107213323645, 0.00222310773097, 0.00466907350346, -0.00654004281387, 0.00242032925598, 0.00367468805052, -0.00463821878657, 0.00809124670923, -0.00425859261304, -0.0147414309904, 0.0329716950655]]
    },
    "melbands": {
        "max": [3.72791255359e-05, 5.85597190366e-05, 0.000113762282126, 0.00106198329013, 0.00545675773174, 0.0054824068211, 0.0254146996886, 0.0106376716867, 0.00537625188008, 0.00863243173808, 0.0020223876927, 0.00219721999019, 0.00186578463763, 0.00186865997966, 0.00180963543244, 0.000569179304875, 0.00282736471854, 0.00238004047424, 0.00122704007663, 0.00128335342743, 0.00282706739381, 0.000808480428532, 0.000553380523343, 0.000475124368677, 9.6247647889e-05, 4.59488364868e-05, 1.55474117491e-06, 1.09858910946e-06, 1.07572600427e-06, 1.19100479878e-06, 1.52803045239e-06, 1.0141934581e-06, 8.23201332878e-07, 5.99209784014e-07, 4.25138779292e-07, 3.78824466907e-07, 3.49680533418e-07, 4.12795571947e-07, 2.68987292884e-07, 2.90489253985e-07],
        "mean": [1.60093316026e-06, 7.8472982068e-07, 4.11149221691e-06, 4.58738977613e-05, 0.000129482286866, 0.000196473891265, 0.000425261969212, 0.00029313142295, 0.000188506470295, 0.000127234874526, 6.34218013147e-05, 5.19130771863e-05, 3.82531579817e-05, 4.60968221887e-05, 5.77926039114e-05, 7.38451853977e-05, 9.29510351853e-05, 0.000100922203274, 9.99011099339e-05, 0.000110889232019, 9.34241252253e-05, 6.63422761136e-05, 4.26321348641e-05, 2.22389680857e-05, 1.05499084384e-05, 2.98405620924e-06, 2.67265477305e-07, 1.77508667321e-07, 1.69351267232e-07, 1.55717714279e-07, 1.53451694018e-07, 1.38172580932e-07, 1.18783923142e-07, 9.73287512807e-08, 8.5948869355e-08, 7.51339683802e-08, 7.06137655015e-08, 6.45731716986e-08, 5.68614559882e-08, 4.60594407059e-08],
        "min": [5.2608205986e-11, 7.27581661586e-10, 2.54871035388e-09, 1.96266380925e-08, 5.8557882987e-09, 5.91117998994e-09, 1.73375103163e-09, 9.56333345847e-10, 1.43069556202e-09, 3.32254862512e-10, 3.07787850762e-10, 8.34610935918e-10, 8.64516347399e-10, 5.66202196239e-10, 3.80709380687e-10, 3.88718050803e-11, 1.89091034497e-10, 1.28978522307e-10, 1.93893859302e-11, 1.09808107052e-10, 4.20022155945e-10, 1.7897253124e-10, 1.53107387879e-10, 1.6398199465e-10, 4.4435657931e-10, 3.6545691473e-10, 3.30131699755e-10, 4.26314428204e-10, 4.16057160946e-10, 3.28575583408e-10, 3.63835322981e-10, 3.16112941379e-10, 3.80249859377e-10, 3.99565686093e-10, 4.13235196062e-10, 4.36713776253e-10, 3.69960173607e-10, 3.44984985023e-10, 2.75670847261e-10, 3.17183279641e-10],
        "stdev": [3.84045733881e-06, 2.64003324446e-06, 8.61042008182e-06, 0.000111035587906, 0.00043365379679, 0.000567062874325, 0.0018023182638, 0.00104174087755, 0.000646326050628, 0.000560430402402, 0.000204881129321, 0.000184116186574, 0.000119104348414, 0.000123024903587, 9.20106176636e-05, 7.48121165088e-05, 0.000185246070032, 0.00019319014973, 0.000118112307973, 0.000122728582937, 0.000156919151777, 6.65532934363e-05, 4.54910405097e-05, 3.24155807903e-05, 1.19824908325e-05, 4.29148440162e-06, 2.51341305102e-07, 1.64231323652e-07, 1.6324135288e-07, 1.50485206518e-07, 1.51281184912e-07, 1.29295969487e-07, 1.10345787618e-07, 8.71952536841e-08, 7.75333148795e-08, 6.6311969249e-08, 6.34582306702e-08, 5.70543043921e-08, 4.94135790063e-08, 4.28534647767e-08]
    },
    "melbands128": {
        "max": [2.65635972028e-05, 3.54143303412e-05, 3.95769820898e-05, 4.49385443062e-05, 5.21655019838e-05, 6.70094595989e-05, 0.000106905179564, 0.000134572808747, 0.000107998203021, 0.000434203160694, 0.00190061121248, 0.00544099323452, 0.0100647592917, 0.00392673630267, 0.00338413310237, 0.0130196316168, 0.0318258926272, 0.0398173220456, 0.0312591232359, 0.015222969465, 0.0146611947566, 0.0132814440876, 0.00935648102313, 0.0096721155569, 0.0177650060505, 0.00951186846942, 0.00636798841879, 0.00225623277947, 0.00309739541262, 0.00447400985286, 0.00382124632597, 0.00308234523982, 0.00242390763015, 0.00238659768365, 0.00296029425226, 0.00205911975354, 0.00227269623429, 0.00327340327203, 0.00086911971448, 0.00078788533574, 0.000749266939238, 0.00177603168413, 0.00316834915429, 0.00348563841544, 0.00680310465395, 0.00326779671013, 0.00135918229353, 0.00141047989018, 0.00164830801077, 0.00140312092844, 0.00129506748635, 0.00321112480015, 0.00527025014162, 0.00182652135845, 0.0014178872807, 0.000875034485944, 0.000551408855245, 0.00036324292887, 0.00102383212652, 0.000655607378576, 0.000716020935215, 0.000208753233892, 0.000187958285096, 8.78109713085e-05, 0.000102526864794, 6.36237818981e-05, 1.25506048789e-05, 2.63445213022e-06, 2.0824791136e-06, 1.19296930734e-06, 1.2177267763e-06, 1.30675618948e-06, 1.36747246415e-06, 1.17039371617e-06, 1.29241834657e-06, 1.47833134179e-06, 1.41684222399e-06, 2.00653903448e-06, 1.25262511119e-06, 1.6113010588e-06, 1.37458187055e-06, 8.64921162247e-07, 1.92162519852e-06, 9.61719479164e-07, 7.73836234202e-07, 8.71141708103e-07, 6.27074371096e-07, 5.10171048518e-07, 5.15137571711e-07, 8.33732826777e-07, 5.58875797196e-07, 3.92767447011e-07, 4.61905869997e-07, 3.87942179714e-07, 4.57611292859e-07, 4.2606782813e-07, 5.06118851717e-07, 4.86672320221e-07, 3.01626897681e-07, 3.54787317747e-07, 3.0060485301e-07, 4.24115739861e-07, 2.57269277881e-07, 2.49690316423e-07, 2.34377310449e-07, 1.78056254185e-07, 1.7585034584e-07, 2.05776672146e-07, 1.49354107748e-07, 1.37023263846e-07, 1.37625278285e-07, 5.92283448952e-08, 3.33248060258e-08, 6.81511806988e-08, 7.25338367147e-08, 5.00665322534e-08, 3.14851149597e-08, 1.29141364269e-08, 1.36735267553e-09, 9.8533281534e-10, 5.86504844691e-10, 5.28529942034e-10, 4.8293918864e-10, 4.44251274656e-10, 3.68356983804e-10, 2.32452362914e-10, 9.69284305596e-11, 5.12979519973e-11],
        "mean": [4.84444285576e-07, 2.23695246859e-06, 1.89107652204e-06, 7.583689694e-07, 4.22227174113e-07, 6.75601711464e-07, 2.30723208006e-06, 3.43058763974e-06, 7.71406939748e-06, 2.93649463856e-05, 7.56629451644e-05, 0.00013167844736, 0.000150874766405, 0.000118032257888, 0.000154144116095, 0.000244909082539, 0.000357521348633, 0.000475067325169, 0.000509206147399, 0.000295777397696, 0.00020953528292, 0.000207019344089, 0.000185341035831, 0.000174636938027, 0.000145847676322, 0.000106597981357, 7.93263752712e-05, 5.22642767464e-05, 5.99779123149e-05, 5.53654062969e-05, 5.23785929545e-05, 3.70563284378e-05, 3.61302190868e-05, 3.9067290345e-05, 4.26083024649e-05, 4.55189510831e-05, 5.55303449801e-05, 6.10593197052e-05, 5.53975442017e-05, 6.3463114202e-05, 7.88543693488e-05, 8.79193466972e-05, 8.62673987285e-05, 9.97208771878e-05, 0.000106572653749, 0.000102316094853, 9.38734810916e-05, 9.2020338343e-05, 0.000107162966742, 0.000110664615931, 0.000115028757136, 0.000106013307231, 0.000104922968603, 8.37930783746e-05, 7.38776871003e-05, 6.75547853461e-05, 5.94472221565e-05, 4.66598285129e-05, 3.83448023058e-05, 2.97063015751e-05, 2.25036819756e-05, 1.606431033e-05, 1.2407770555e-05, 9.42143014981e-06, 6.69820474286e-06, 2.89728473035e-06, 6.26738369647e-07, 2.82424139186e-07, 2.26797340019e-07, 1.77624770004e-07, 1.74382378759e-07, 1.7746926062e-07, 1.78387182359e-07, 1.69519935866e-07, 1.58020597496e-07, 1.52610880377e-07, 1.54384807161e-07, 1.60643509162e-07, 1.51008322291e-07, 1.5044932411e-07, 1.46108874333e-07, 1.28262072963e-07, 1.29367066393e-07, 1.22757640497e-07, 1.04850236937e-07, 1.01746827852e-07, 9.55508951961e-08, 8.68100826779e-08, 8.68198029025e-08, 8.37968769929e-08, 7.85919098689e-08, 7.03840257188e-08, 7.37322096711e-08, 7.22059994018e-08, 6.82831355903e-08, 6.54070646533e-08, 6.4940472555e-08, 6.13607511468e-08, 5.88293787018e-08, 5.36582014377e-08, 4.93313656591e-08, 4.57025883804e-08, 4.09726652606e-08, 3.8249197587e-08, 3.61253320591e-08, 2.8607557212e-08, 2.62047912258e-08, 2.26329355257e-08, 1.98459471079e-08, 1.89250748406e-08, 1.11751532472e-08, 2.26970597872e-09, 2.11580183929e-10, 1.67676483809e-10, 1.68890040841e-10, 1.27516330828e-10, 7.07866404381e-11, 2.78722045444e-11, 1.00926203159e-11, 8.07837911149e-12, 3.58270466246e-12, 2.68771224894e-12, 2.58022206032e-12, 2.46990123666e-12, 2.27849791985e-12, 1.95101400313e-12, 1.659369365e-12, 1.52809633436e-12],
        "min": [5.16551124791e-12, 4.0665342621e-11, 4.68798715125e-11, 2.62616040025e-11, 9.06588831784e-11, 1.32285460364e-10, 2.89362622752e-09, 1.94371230222e-09, 8.48108527851e-10, 3.96102040057e-09, 3.37555672303e-09, 6.19249007627e-09, 3.10991943309e-09, 2.54760768037e-09, 2.23926499565e-09, 8.98932983606e-10, 7.64900198735e-10, 7.33916483142e-10, 1.46845213767e-09, 8.45776892966e-10, 5.19708387436e-10, 1.74877376469e-10, 7.7326545167e-10, 4.82462403362e-10, 2.08489794873e-10, 1.59178920045e-10, 7.39985850373e-11, 1.62000426962e-10, 2.85959311785e-10, 4.56053639297e-10, 3.18738313521e-10, 2.51458714962e-10, 2.35105102053e-10, 4.2655365351e-10, 3.25161481074e-10, 2.75556216733e-10, 2.10213096929e-10, 1.53227250332e-10, 2.17147185649e-11, 4.25157027639e-11, 2.60761603282e-11, 5.655786256e-11, 1.72978173452e-10, 3.75276060227e-11, 1.10166833989e-10, 5.46412672053e-11, 3.96086982657e-11, 1.91382604209e-11, 4.3936295574e-12, 2.90055739843e-11, 1.67959576802e-10, 1.17527973464e-10, 1.96701488431e-10, 2.51417248132e-10, 1.15251579114e-10, 5.84651840829e-11, 2.17114659584e-10, 9.33044683182e-11, 4.41396467987e-11, 9.55588802531e-11, 4.2539177042e-11, 1.00281609405e-10, 2.21724846816e-10, 1.92546895095e-10, 1.97974234228e-10, 1.57292456837e-10, 2.23665960752e-10, 1.47164710973e-10, 1.76891487569e-10, 9.86454251617e-11, 1.44163000981e-10, 1.25625454483e-10, 1.61620772321e-10, 1.64943669834e-10, 2.53334547784e-10, 2.08032729931e-10, 1.88300430803e-10, 1.72578992763e-10, 1.85235410344e-10, 1.30816205091e-10, 2.4731011683e-10, 2.52836279691e-10, 2.24630133938e-10, 2.05496966665e-10, 1.70875688599e-10, 3.38976013925e-10, 2.73122163774e-10, 2.41715952809e-10, 2.2395228727e-10, 2.60734933644e-10, 2.22567200781e-10, 3.06837277808e-10, 2.04265465653e-10, 2.3745680422e-10, 2.56163118495e-10, 2.18717197131e-10, 1.874342348e-10, 2.84199497269e-10, 1.88895121767e-10, 1.22094404031e-10, 1.7139228925e-10, 2.26882040932e-10, 1.78854694943e-10, 1.82517584379e-10, 2.23961418855e-10, 3.19844151164e-10, 3.14228393306e-10, 1.42431982875e-10, 5.71838028318e-11, 2.34006173813e-13, 1.04448757586e-13, 1.04952898043e-13, 8.60780969615e-14, 8.99461576184e-14, 1.13708630185e-13, 8.60858151257e-14, 9.6839359177e-14, 6.11878847286e-14, 8.919647925e-14, 7.80095389327e-14, 6.93260891944e-14, 6.19312815007e-14, 7.38081403179e-14, 6.60381512386e-14, 5.2857383455e-14, 1.61003514394e-14, 2.68466944401e-15, 8.18034178735e-17],
        "stdev": [1.47980063048e-06, 5.31316482011e-06, 4.57136502519e-06, 2.328893288e-06, 2.25191934078e-06, 2.92925460599e-06, 6.99906922819e-06, 1.08817503133e-05, 1.80751740118e-05, 6.53153983876e-05, 0.000214216372115, 0.000514777377248, 0.000700516335201, 0.000363605155144, 0.000472028856166, 0.00107094843406, 0.00179884803947, 0.00270382175222, 0.00258806999773, 0.00135526596569, 0.00101951742545, 0.00108045351226, 0.000808806449641, 0.000797890068498, 0.000919579237234, 0.000559840351343, 0.000410530687077, 0.000185133278137, 0.000258214800851, 0.000259052932961, 0.00025380437728, 0.00016487474204, 0.000150995852891, 0.000121581892017, 0.000180230650585, 0.00011686381913, 0.000125684178784, 0.000150184976519, 6.56739575788e-05, 7.34050263418e-05, 9.16611097637e-05, 0.000129953972646, 0.000172489744727, 0.000242142705247, 0.000356940145139, 0.000209196965443, 0.000149048384628, 0.000130859043566, 0.000135826456244, 0.000130547457957, 0.000135348018375, 0.000184112868737, 0.000271509081358, 0.000117336632684, 9.94690417429e-05, 7.83439390943e-05, 6.2965300458e-05, 5.00835085404e-05, 5.77180144319e-05, 4.89459089295e-05, 4.23341225542e-05, 1.97781409952e-05, 1.65237088368e-05, 1.18868902064e-05, 1.0491017747e-05, 4.95985386806e-06, 9.27146800223e-07, 3.13800285312e-07, 2.53492316915e-07, 1.88850791005e-07, 1.79405674317e-07, 1.86565785043e-07, 2.03814664701e-07, 1.86198761298e-07, 1.77740488994e-07, 1.65666548924e-07, 1.66491687992e-07, 1.8558927195e-07, 1.63007712217e-07, 1.66334103824e-07, 1.57346661922e-07, 1.27505344949e-07, 1.53186846319e-07, 1.29334679855e-07, 9.92751765239e-08, 1.05427353958e-07, 9.81590915217e-08, 8.46879828487e-08, 8.67746337008e-08, 8.95266012435e-08, 7.97660391072e-08, 6.6171608637e-08, 7.30648324065e-08, 7.17785155757e-08, 6.78057574532e-08, 6.44571542807e-08, 6.48060520803e-08, 5.89839892484e-08, 5.62391626602e-08, 5.08815922728e-08, 4.79802686471e-08, 4.91207572395e-08, 4.11356673169e-08, 3.7717533985e-08, 3.79068012535e-08, 2.87715771208e-08, 2.67366964124e-08, 2.35496813161e-08, 2.11242117132e-08, 2.14226503203e-08, 1.69428790997e-08, 5.45840128652e-09, 1.79254355803e-09, 2.91635315897e-09, 3.1016464952e-09, 2.14801998411e-09, 1.34192468249e-09, 5.50049117365e-10, 6.09860703604e-11, 5.15340131679e-11, 2.88586116809e-11, 2.27827496452e-11, 2.0859043659e-11, 1.92295328966e-11, 1.60609615885e-11, 1.05026855268e-11, 5.46103266774e-12, 3.84773332987e-12]
    },
    "mfcc": {
        "mean": [-761.358093262, 92.6795501709, -88.5790710449, -26.305141449, 18.3310947418, -13.7887058258, -26.930185318, -0.707668662071, -10.7452039719, -15.0020112991, 0.920925557613, -4.2262468338, -8.8893661499],
        "cov": [[14710.3994141, 393.988677979, -4884.76953125, -2994.53466797, -1064.99072266, -2154.10961914, -2320.88305664, -1351.67370605, -1218.56835938, -962.356811523, -632.370605469, -352.263061523, -424.066162109], [393.988677979, 1090.93835449, 570.864318848, 148.961471558, -165.767959595, -297.857299805, -322.129333496, -220.010452271, -113.482788086, -62.1002960205, -23.9196968079, -37.4860343933, 0.715184807777], [-4884.76953125, 570.864318848, 2750.38378906, 1322.1394043, 157.975875854, 511.250335693, 611.231811523, 206.731445312, 299.745666504, 292.206207275, 113.496520996, 89.6853103638, 137.348709106], [-2994.53466797, 148.961471558, 1322.1394043, 819.191467285, 235.599975586, 410.414489746, 426.240814209, 196.183395386, 187.687759399, 167.449081421, 114.396514893, 64.6620559692, 98.3847808838], [-1064.99072266, -165.767959595, 157.975875854, 235.599975586, 234.873580933, 252.012802124, 211.205001831, 135.872772217, 82.0904083252, 52.4893455505, 60.5258407593, 30.3893508911, 42.8180885315], [-2154.10961914, -297.857299805, 511.250335693, 410.414489746, 252.012802124, 464.934326172, 433.520629883, 274.338470459, 222.560073853, 154.064910889, 110.277610779, 65.5373916626, 65.8760528564], [-2320.88305664, -322.129333496, 611.231811523, 426.240814209, 211.205001831, 433.520629883, 516.057373047, 333.266448975, 261.483306885, 192.028320312, 117.377738953, 60.007106781, 56.6080932617], [-1351.67370605, -220.010452271, 206.731445312, 196.183395386, 135.872772217, 274.338470459, 333.266448975, 298.253387451, 216.112197876, 140.76776123, 108.330276489, 42.1983833313, 30.901266098], [-1218.56835938, -113.482788086, 299.745666504, 187.687759399, 82.0904083252, 222.560073853, 261.483306885, 216.112197876, 218.898376465, 147.559371948, 93.9391174316, 48.1895561218, 33.2453765869], [-962.356811523, -62.1002960205, 292.206207275, 167.449081421, 52.4893455505, 154.064910889, 192.028320312, 140.76776123, 147.559371948, 141.813232422, 81.2725830078, 40.6560592651, 29.2288341522], [-632.370605469, -23.9196968079, 113.496520996, 114.396514893, 60.5258407593, 110.277610779, 117.377738953, 108.330276489, 93.9391174316, 81.2725830078, 103.73147583, 46.3828735352, 32.9277610779], [-352.263061523, -37.4860343933, 89.6853103638, 64.6620559692, 30.3893508911, 65.5373916626, 60.007106781, 42.1983833313, 48.1895561218, 40.6560592651, 46.3828735352, 59.3454589844, 37.3647499084], [-424.066162109, 0.715184807777, 137.348709106, 98.3847808838, 42.8180885315, 65.8760528564, 56.6080932617, 30.901266098, 33.2453765869, 29.2288341522, 32.9277610779, 37.3647499084, 59.3378181458]],
        "icov": [[0.000748453428969, -0.000110882487206, 0.000675222021528, 0.000489592610393, 0.000182946998393, 0.000978521653451, 0.00065984018147, 0.000312986841891, 0.000283242115984, -3.0711205909e-05, 0.000824152608402, -0.000542571709957, 0.000705484068021], [-0.000110882487206, 0.00334417121485, -0.00175158143975, -0.000635375618003, -0.000807391712442, 0.00161707110237, 0.005357935559, -0.00225009373389, -0.00153297267389, 0.00112042098772, -0.00268609821796, 0.00265212100931, -0.000749682483729], [0.000675222021528, -0.00175158143975, 0.005443634931, -0.00675000343472, 0.00494273239747, 0.000538548629265, -0.00339641585015, 0.00374023849145, -0.00126883434132, -0.00218652188778, 0.00540974270552, -0.00267297821119, 0.00103509740438], [0.000489592610393, -0.000635375618003, -0.00675000343472, 0.0175662133843, -0.00875803641975, -0.00113601225894, -0.00162392877974, 0.000132541419589, 0.00410665245727, 0.00221667136066, -0.00725286919624, 0.00307876896113, -0.00224029296078], [0.000182946998393, -0.000807391712442, 0.00494273239747, -0.00875803641975, 0.018720138818, -0.0090881511569, 0.000179351933184, -0.00112034438644, 0.00374282128178, 0.000260934932157, 0.00175897125155, 0.000433648412582, -0.00208372343332], [0.000978521653451, 0.00161707110237, 0.000538548629265, -0.00113601225894, -0.0090881511569, 0.0206432919949, -0.00755888130516, 0.00380114954896, -0.00783889554441, 0.00368437496945, 0.000114383932669, -0.00259365746751, 0.000629159505479], [0.00065984018147, 0.005357935559, -0.00339641585015, -0.00162392877974, 0.000179351933184, -0.00755888130516, 0.0323439352214, -0.0202064048499, 0.00365513772704, -0.00667923595756, 0.0038880170323, 0.00214446359314, 0.000868767383508], [0.000312986841891, -0.00225009373389, 0.00374023849145, 0.000132541419589, -0.00112034438644, 0.00380114954896, -0.0202064048499, 0.0317642986774, -0.0175721719861, 0.00705105019733, -0.00835555512458, 0.00412310939282, 0.00112247047946], [0.000283242115984, -0.00153297267389, -0.00126883434132, 0.00410665245727, 0.00374282128178, -0.00783889554441, 0.00365513772704, -0.0175721719861, 0.0352911427617, -0.0186566859484, 0.00339063745923, -0.00526277488098, 0.000686231011059], [-3.0711205909e-05, 0.00112042098772, -0.00218652188778, 0.00221667136066, 0.000260934932157, 0.00368437496945, -0.00667923595756, 0.00705105019733, -0.0186566859484, 0.0345605425537, -0.0149961989373, 0.0021732901223, -4.37673115812e-05], [0.000824152608402, -0.00268609821796, 0.00540974270552, -0.00725286919624, 0.00175897125155, 0.000114383932669, 0.0038880170323, -0.00835555512458, 0.00339063745923, -0.0149961989373, 0.0350913703442, -0.0167955439538, 0.00126225629356], [-0.000542571709957, 0.00265212100931, -0.00267297821119, 0.00307876896113, 0.000433648412582, -0.00259365746751, 0.00214446359314, 0.00412310939282, -0.00526277488098, 0.0021732901223, -0.0167955439538, 0.0417492836714, -0.0195447038859], [0.000705484068021, -0.000749682483729, 0.00103509740438, -0.00224029296078, -0.00208372343332, 0.000629159505479, 0.000868767383508, 0.00112247047946, 0.000686231011059, -4.37673115812e-05, 0.00126225629356, -0.0195447038859, 0.0338577330112]]
    },
    "spectral_contrast_coeffs": {
        "max": [-0.347945988178, -0.42165145278, -0.594048380852, -0.674325346947, -0.482346951962, -0.781172513962],
        "mean": [-0.686248004436, -0.801395893097, -0.82550406456, -0.823434829712, -0.673544108868, -0.824359238148],
        "min": [-0.917504489422, -0.940621256828, -0.928162157536, -0.926347911358, -0.916395843029, -0.886698901653],
        "stdev": [0.148675113916, 0.108335800469, 0.05161434412, 0.0375672392547, 0.0800978243351, 0.020276511088]
    },
    "spectral_contrast_valleys": {
        "max": [-7.01524734497, -4.95442581177, -5.64767599106, -4.89685153961, -7.23388433456, -9.68641281128],
        "mean": [-10.0000400543, -8.00340366364, -7.74997520447, -7.00645828247, -8.80217170715, -11.1999826431],
        "min": [-12.9668569565, -11.7817955017, -12.1857709885, -13.4624433517, -11.8897285461, -13.205655098],
        "stdev": [0.603108942509, 1.34893548489, 1.43382275105, 1.72728765011, 1.09886157513, 0.896344661713]
    }
},
"rhythm": {
    "beats_count": 22,
    "beats_loudness": {
        "max": 0.0717633590102,
        "mean": 0.0176669266075,
        "min": 3.31688206643e-05,
        "stdev": 0.0198477376252
    },
    "bpm": 104.438438416,
    "bpm_histogram_first_peak_bpm": 103,
    "bpm_histogram_first_peak_weight": 0.58333337307,
    "bpm_histogram_second_peak_bpm": 123,
    "bpm_histogram_second_peak_spread": 0.428571462631,
    "bpm_histogram_second_peak_weight": 0.190476194024,
    "danceability": 1.06662201881,
    "onset_rate": 1.56747615337,
    "beats_loudness_band_ratio": {
        "max": [0.980743050575, 0.794885218143, 0.755616903305, 0.323557674885, 0.857070326805, 0.0392178930342],
        "mean": [0.0966100022197, 0.120782785118, 0.193574234843, 0.174675405025, 0.433231562376, 0.0154184708372],
        "min": [1.54730514623e-05, 0.000615447526798, 0.00243441294879, 0.00111111579463, 0.000470396771561, 0.000791190948803],
        "stdev": [0.262811034918, 0.193157851696, 0.230225220323, 0.0881295651197, 0.269285023212, 0.0117943547666]
    },
    "beats_position": [0.557278871536, 1.11455774307, 1.67183673382, 2.24072551727, 2.80961441994, 3.39011335373, 3.97061228752, 4.55111122131, 5.13160991669, 5.70049858093, 6.26938772202, 6.83827638626, 7.41877555847, 8.01088428497, 8.60299301147, 9.10222244263, 9.58984088898, 10.077460289, 10.5650787354, 11.0526981354, 11.5519275665, 12.051156044],
