{
"metadata": {
    "version": {
        "essentia": "2.1-beta5",
        "essentia_git_sha": "Undefined",
        "extractor": "music 2.0"
    },
    "audio_properties": {
        "analysis": {
            "equal_loudness": 0,
            "length": 12.7477550507,
            "sample_rate": 44100,
            "start_time": 0,
            "downmix": "mix"
        },
        "bit_rate": 192000,
        "length": 188.011978149,
        "lossless": 0,
        "number_channels": 2,
        "replay_gain": -6.02544975281,
        "sample_rate": 44100,
        "codec": "mp3",
        "md5_encoded": "d8506bfaee0364c8643576f5a47426a1"
    },
    "tags": {
        "file_name": "Portugal_Uma Flor De Verde Pinho_Carlos do Carmo.mp3",
        "encoding": ["Lavf58.29.100"]
    }
},
"lowlevel": {
    "average_loudness": 0.874240458012,
    "barkbands_crest": {
        "max": 24.4174404144,
        "mean": 11.3437948227,
        "min": 3.83214616776,
        "stdev": 4.98717355728
    },
    "barkbands_flatness_db": {
        "max": 0.338358193636,
        "mean": 0.212407067418,
        "min": 0.0641307532787,
        "stdev": 0.041634965688
    },
    "barkbands_kurtosis": {
        "max": 78.5352478027,
        "mean": 5.94677114487,
        "min": -1.47385179996,
        "stdev": 8.15190887451
    },
    "barkbands_skewness": {
        "max": 8.50151824951,
        "mean": 1.88849568367,
        "min": -2.18443346024,
        "stdev": 1.2803684473
    },
    "barkbands_spread": {
        "max": 49.6630973816,
        "mean": 11.4671230316,
        "min": 2.02152180672,
        "stdev": 5.74311494827
    },
    "dissonance": {
        "max": 0.500000119209,
        "mean": 0.447067379951,
        "min": 0.308772087097,
        "stdev": 0.0377031043172
    },
    "dynamic_complexity": 4.95879936218,
    "erbbands_crest": {
        "max": 27.1148319244,
        "mean": 10.2365522385,
        "min": 2.58487963676,
        "stdev": 4.94785070419
    },
    "erbbands_flatness_db": {
        "max": 0.339646816254,
        "mean": 0.244110628963,
        "min": 0.0921496301889,
        "stdev": 0.0440551228821
    },
    "erbbands_kurtosis": {
        "max": 13.3900566101,
        "mean": 0.641195118427,
        "min": -1.45425105095,
        "stdev": 2.03837370872
    },
    "erbbands_skewness": {
        "max": 3.0969119072,
        "mean": 0.631855368614,
        "min": -1.39104259014,
        "stdev": 0.842798948288
    },
    "erbbands_spread": {
        "max": 65.7665863037,
        "mean": 27.1808795929,
        "min": 6.50627279282,
        "stdev": 9.76183414459
    },
    "hfc": {
        "max": 99.0978775024,
        "mean": 9.20499420166,
        "min": 1.10775372506e-16,
        "stdev": 14.241484642
    },
    "loudness_ebu128": {
        "integrated": -20.3008918762,
        "loudness_range": 6.03124809265,
        "momentary": {
            "max": -15.8469057083,
            "mean": -23.2682132721,
            "min": -48.6288070679,
            "stdev": 6.91518735886
        },
        "short_term": {
            "max": -17.6373615265,
            "mean": -20.8691387177,
            "min": -24.3401432037,
            "stdev": 2.33268785477
        }
    },
    "melbands_crest": {
        "max": 34.44272995,
        "mean": 13.9148893356,
        "min": 1.66435813904,
        "stdev": 7.07006263733
    },
    "melbands_flatness_db": {
        "max": 0.45461255312,
        "mean": 0.249983429909,
        "min": 0.00364388222806,
        "stdev": 0.0663505792618
    },
    "melbands_kurtosis": {
        "max": 187.06539917,
        "mean": 12.9458847046,
        "min": -1.30332148075,
        "stdev": 19.9707870483
    },
    "melbands_skewness": {
        "max": 12.1261081696,
        "mean": 2.49741220474,
        "min": -0.217188730836,
        "stdev": 1.76448059082
    },
    "melbands_spread": {
        "max": 147.481292725,
        "mean": 15.7876310349,
        "min": 1.41260147095,
        "stdev": 17.9536323547
    },
    "pitch_salience": {
        "max": 0.856725215912,
        "mean": 0.558863997459,
        "min": 0.103007115424,
        "stdev": 0.141975566745
    },
    "silence_rate_20dB": {
        "max": 1,
        "mean": 1,
        "min": 1,
        "stdev": 0
    },
    "silence_rate_30dB": {
        "max": 1,
        "mean": 0.98727273941,
        "min": 0,
        "stdev": 0.112095527351
    },
    "silence_rate_60dB": {
        "max": 1,
        "mean": 0.176363632083,
        "min": 0,
        "stdev": 0.381130069494
    },
    "spectral_centroid": {
        "max": 11548.7070312,
        "mean": 1116.78649902,
        "min": 293.505340576,
        "stdev": 1357.41760254
    },
    "spectral_complexity": {
        "max": 44,
        "mean": 11.8127269745,
        "min": 0,
        "stdev": 7.59422063828
    },
    "spectral_decrease": {
        "max": 2.07373278982e-28,
        "mean": -3.61524055137e-09,
        "min": -3.93960206679e-08,
        "stdev": 5.33484278975e-09
    },
    "spectral_energy": {
        "max": 0.157678350806,
        "mean": 0.0144796827808,
        "min": 1.01402253757e-20,
        "stdev": 0.0213591922075
    },
    "spectral_energyband_high": {
        "max": 0.00149753631558,
        "mean": 9.87598759821e-05,
        "min": 7.32527805243e-21,
        "stdev": 0.00019281526329
    },
    "spectral_energyband_low": {
        "max": 0.0570436306298,
        "mean": 0.00174176739529,
        "min": 5.08406212157e-23,
        "stdev": 0.00532292108983
    },
    "spectral_energyband_middle_high": {
        "max": 0.0327265486121,
        "mean": 0.00255411816761,
        "min": 1.26618097425e-21,
        "stdev": 0.00499735353515
    },
    "spectral_energyband_middle_low": {
        "max": 0.112213224173,
        "mean": 0.0104657001793,
        "min": 2.01584998227e-22,
        "stdev": 0.0137639101595
    },
    "spectral_entropy": {
        "max": 9.81577587128,
        "mean": 6.97995567322,
        "min": 5.78014421463,
        "stdev": 0.537146449089
    },
    "spectral_flux": {
        "max": 0.275347650051,
        "mean": 0.0528001785278,
        "min": 6.80474218639e-11,
        "stdev": 0.0424703843892
    },
    "spectral_kurtosis": {
        "max": 95.4188919067,
        "mean": 7.55417346954,
        "min": -1.27910923958,
        "stdev": 7.02901983261
    },
    "spectral_rms": {
        "max": 0.012402924709,
        "mean": 0.00312635209411,
        "min": 3.1452984748e-12,
        "stdev": 0.00208624824882
    },
    "spectral_rolloff": {
        "max": 19250.6835938,
        "mean": 1258.20715332,
        "min": 64.599609375,
        "stdev": 2530.14111328
    },
    "spectral_skewness": {
        "max": 7.26469087601,
        "mean": 1.76310169697,
        "min": -0.0560205318034,
        "stdev": 0.666845798492
    },
    "spectral_spread": {
        "max": 42640756,
        "mean": 3281240.75,
        "min": 952301.75,
        "stdev": 4956004
    },
    "spectral_strongpeak": {
        "max": 8.69526958466,
        "mean": 0.746452867985,
        "min": 0,
        "stdev": 0.761398136616
    },
    "zerocrossingrate": {
        "max": 0.52392578125,
        "mean": 0.0468457043171,
        "min": 0.00634765625,
        "stdev": 0.0662743970752
    },
    "barkbands": {
        "max": [0.000145387777593, 0.00199247105047, 0.0460066534579, 0.0217549912632, 0.0602197609842, 0.0278261527419, 0.037112146616, 0.0192020218819, 0.0225316975266, 0.0129230152816, 0.00170301715843, 0.0244591906667, 0.0134850554168, 0.0221729129553, 0.00568061461672, 0.0022818823345, 0.0153967998922, 0.00255114142783, 0.00295225367881, 0.00467810826376, 0.000693300913554, 0.00031434893026, 0.000485857483, 0.000107215972093, 8.55768303154e-06, 1.53734731612e-07, 1.67216427371e-07],
        "mean": [5.35855724593e-06, 8.96911587915e-05, 0.00133609795012, 0.000758008507546, 0.00235577486455, 0.00232104817405, 0.00221602059901, 0.00166239659302, 0.00101468921639, 0.000454993511084, 0.000105673687358, 0.000246662239078, 0.000430925720138, 0.000609175127465, 0.000187577708857, 5.45785587747e-05, 0.000268650212092, 8.47395640449e-05, 0.000115245922643, 7.0926049375e-05, 4.4434593292e-05, 2.10085490835e-05, 1.86892611964e-05, 7.03162959326e-06, 2.86375581027e-07, 1.35635291887e-09, 8.75334471573e-10],
        "min": [4.61689522251e-25, 4.22493982099e-24, 1.09198615119e-23, 4.75007939799e-24, 8.70942592384e-24, 1.89103953374e-23, 1.13312556294e-23, 2.36019956876e-23, 2.73733345716e-23, 3.0998548017e-23, 3.50961755487e-23, 5.16552526289e-23, 2.42123563027e-23, 6.03680540886e-23, 7.81374993884e-23, 1.02170064824e-22, 8.1619588222e-23, 1.4748578825e-22, 1.39493365102e-22, 2.43801792027e-22, 2.83469201951e-22, 4.11051007199e-22, 4.88163233535e-22, 6.71321640085e-22, 9.8547291168e-22, 1.4332037043e-21, 2.11521149402e-21],
        "stdev": [1.00474680949e-05, 0.000161453383043, 0.00450625037774, 0.00182886305265, 0.00482841208577, 0.00382727733813, 0.00433652615175, 0.00243233237416, 0.00201733852737, 0.00118992617354, 0.000212847546209, 0.00142635253724, 0.00114639988169, 0.00147424987517, 0.000461011659354, 0.000163258198882, 0.00103294989094, 0.000186203120393, 0.000258907850366, 0.000236898544244, 9.06658387976e-05, 4.2764157115e-05, 4.46851481684e-05, 1.51485219249e-05, 7.74475211074e-07, 6.62456312028e-09, 7.19290893514e-09]
    },
    "erbbands": {
        "max": [0.0494421571493, 0.994698882103, 33.3963737488, 77.8851470947, 200.963409424, 127.488128662, 157.700408936, 285.285522461, 384.387359619, 866.66809082, 346.93762207, 478.443664551, 355.284759521, 415.936676025, 65.6569061279, 1211.44775391, 677.764343262, 1086.80944824, 353.944671631, 94.6814193726, 158.779037476, 546.673156738, 408.874847412, 52.8899536133, 217.861450195, 94.8083877563, 34.904296875, 17.8787994385, 16.4873027802, 11.334900856, 11.7971658707, 3.7127559185, 1.33307218552, 0.18227340281, 0.00587237998843, 0.000613431737293, 0.000284880865365, 0.000102750462247, 8.38456035126e-05, 0.000183611206012],
        "mean": [0.00280264928006, 0.0419076904655, 1.01662564278, 2.37935733795, 4.96833896637, 8.67483234406, 11.6712245941, 21.1298160553, 23.0055809021, 46.6713066101, 30.5902557373, 21.0209388733, 19.7293491364, 12.7927207947, 3.41174244881, 13.417555809, 21.9417438507, 27.9115276337, 19.852689743, 4.60129737854, 5.28139925003, 12.6843147278, 8.1090297699, 2.64363479614, 8.18527030945, 2.93975543976, 1.9630972147, 1.12361431122, 0.962495207787, 0.601663708687, 0.464017778635, 0.17801168561, 0.094477109611, 0.0109691368416, 0.000371543981601, 3.45210683008e-05, 1.08751446533e-05, 3.07954019263e-06, 7.7218255683e-06, 1.68109891092e-05],
        "min": [1.67199636841e-22, 9.23696191829e-22, 1.00314091199e-20, 2.25526997383e-20, 3.62212793649e-20, 2.52036310402e-20, 7.62646501478e-20, 1.3954804475e-19, 1.96677002337e-19, 3.28348749617e-19, 5.95554066113e-19, 7.42916137143e-19, 6.84857105429e-19, 1.10320406212e-18, 1.69279524169e-18, 2.42972641691e-18, 1.38715469369e-18, 3.07247118867e-18, 4.14484405801e-18, 4.62570110529e-18, 5.85776388022e-18, 5.03349039393e-18, 7.29040347803e-18, 1.01231355981e-17, 9.9770563291e-18, 1.18359958633e-17, 1.13717134475e-17, 1.19709495531e-17, 1.41219797964e-17, 1.33034423941e-17, 1.35579931656e-17, 1.38904618692e-17, 1.31354395302e-17, 1.0209877893e-17, 7.91953140934e-18, 4.88511900745e-18, 2.68697462433e-18, 9.50198292866e-19, 2.99057224301e-19, 3.24663575977e-20],
        "stdev": [0.00464079808444, 0.10938795656, 3.37613654137, 6.48935079575, 13.9116888046, 16.6053638458, 19.9806442261, 34.9754104614, 38.0049209595, 96.9170227051, 43.4066085815, 42.5257301331, 40.5732841492, 32.2536048889, 7.25988101959, 71.7098007202, 59.0467987061, 70.7741775513, 40.2728538513, 9.87993240356, 14.5828962326, 41.4109725952, 27.1704883575, 5.4609670639, 18.6978874207, 7.18960380554, 4.19754695892, 2.33213067055, 1.96241831779, 1.22360479832, 1.19354569912, 0.417595177889, 0.204164966941, 0.0244041439146, 0.000798300316092, 5.99265076744e-05, 1.84363670996e-05, 6.03933267485e-06, 1.13757341751e-05, 2.48236738116e-05]
    },
    "gfcc": {
        "mean": [-143.893844604, 158.520782471, -166.140090942, 29.3937339783, -71.9584579468, -15.9869813919, -30.3851203918, -20.7415237427, 1.76560938358, -16.2508678436, 5.25718212128, -24.9812221527, -5.57599306107],
        "cov": [[33133.5742188, 3548.81591797, -4497.36279297, 683.171020508, -3328.70092773, -872.807067871, -1090.25305176, -1314.55407715, -74.9611358643, -745.143066406, 199.244110107, -1246.02355957, -174.198852539], [3548.81591797, 1385.00915527, -381.290588379, -137.418441772, 32.3567237854, -245.067596436, 69.3434143066, -259.340362549, -45.1174354553, -121.755851746, -123.976234436, -175.080001831, -73.2276687622], [-4497.36279297, -381.290588379, 885.465820312, -21.3508625031, 534.877624512, 188.482147217, 143.91229248, 215.600830078, -1.00038707256, 64.441619873, -41.7733039856, 161.015930176, 4.2536315918], [683.171020508, -137.418441772, -21.3508625031, 258.839447021, -19.3807868958, 136.000228882, -33.5360183716, 75.5546340942, 21.0248165131, -14.2533226013, 40.9836158752, 19.0980739594, -7.68471240997], [-3328.70092773, 32.3567237854, 534.877624512, -19.3807868958, 758.952941895, 214.049942017, 211.615188599, 209.028045654, 17.3682308197, 65.4230499268, -67.9787216187, 192.040603638, -13.681637764], [-872.807067871, -245.067596436, 188.482147217, 136.000228882, 214.049942017, 298.840484619, 43.9354324341, 159.684158325, 25.4216194153, 15.7861270905, 23.3516998291, 109.199035645, -2.06040453911], [-1090.25305176, 69.3434143066, 143.91229248, -33.5360183716, 211.615188599, 43.9354324341, 160.368499756, 36.9025611877, -6.38174915314, 16.35962677, -40.6192016602, 38.1491203308, -15.1270437241], [-1314.55407715, -259.340362549, 215.600830078, 75.5546340942, 209.028045654, 159.684158325, 36.9025611877, 226.761611938, 43.593170166, 48.8763504028, 32.738193512, 110.631057739, 20.9411888123], [-74.9611358643, -45.1174354553, -1.00038707256, 21.0248165131, 17.3682308197, 25.4216194153, -6.38174915314, 43.593170166, 78.5945053101, 29.718744278, 14.9989147186, 26.2581768036, -10.8447990417], [-745.143066406, -121.755851746, 64.441619873, -14.2533226013, 65.4230499268, 15.7861270905, 16.35962677, 48.8763504028, 29.718744278, 84.3075942993, 31.2626361847, 38.9373779297, 13.9832925797], [199.244110107, -123.976234436, -41.7733039856, 40.9836158752, -67.9787216187, 23.3516998291, -40.6192016602, 32.738193512, 14.9989147186, 31.2626361847, 87.8543395996, 30.3607368469, 12.821428299], [-1246.02355957, -175.080001831, 161.015930176, 19.0980739594, 192.040603638, 109.199035645, 38.1491203308, 110.631057739, 26.2581768036, 38.9373779297, 30.3607368469, 152.029022217, 29.4540042877], [-174.198852539, -73.2276687622, 4.2536315918, -7.68471240997, -13.681637764, -2.06040453911, -15.1270437241, 20.9411888123, -10.8447990417, 13.9832925797, 12.821428299, 29.4540042877, 66.1790542603]],
        "icov": [[0.000601284962613, -0.00154804694466, 0.00138050038368, -0.00123690487817, 0.00142595067155, -0.00108639558312, 0.00133120035753, -0.000348439236404, -3.75333584088e-05, 0.000816460757051, -0.000691217312124, 0.000679247488733, -3.41098275385e-05], [-0.00154804694466, 0.00580071704462, -0.00253421976231, 0.00336061813869, -0.00562181416899, 0.00378578482196, -0.00399886164814, 0.0020635065157, -0.00089463085169, 0.000401363591664, 0.000972594018094, 2.39371656789e-05, -0.000145033336594], [0.00138050038368, -0.00253421976231, 0.00596679467708, -0.00237278523855, 0.00122881797142, -0.00213274965063, 0.00297689158469, -0.00142516347114, 0.000682369689457, 0.00242483080365, -0.00108096760232, 0.00204621744342, 0.000387876090826], [-0.00123690487817, 0.00336061813869, -0.00237278523855, 0.00908278301358, -0.00291548180394, -0.000802721420769, -0.00199172203429, -0.000616738689132, -0.00079849967733, 0.000803829054348, -0.000887056346983, 0.000323035026668, 0.000509483623318], [0.00142595067155, -0.00562181416899, 0.00122881797142, -0.00291548180394, 0.0104318261147, -0.00434396136552, 0.00136816513259, -0.00357939908281, 0.00247200345621, -0.00311035849154, 0.00377424200997, -0.00446403538808, 0.0028999557253], [-0.00108639558312, 0.00378578482196, -0.00213274965063, -0.000802721420769, -0.00434396136552, 0.0103382403031, -0.00315385917202, -0.00147875677794, 0.000194519976503, 0.00112090748735, 0.000520761532243, -0.00298371142708, 0.00156614929438], [0.00133120035753, -0.00399886164814, 0.00297689158469, -0.00199172203429, 0.00136816513259, -0.00315385917202, 0.0142883611843, -0.00124837702606, 0.00251347525045, -0.0014103121357, 0.00225674244575, 0.000220538742724, 0.00267682992853], [-0.000348439236404, 0.0020635065157, -0.00142516347114, -0.000616738689132, -0.00357939908281, -0.00147875677794, -0.00124837702606, 0.0124980760738, -0.00490240845829, 0.00044290261576, -0.00304851261899, 1.771618372e-05, -0.00395429320633], [-3.75333584088e-05, -0.00089463085169, 0.000682369689457, -0.00079849967733, 0.00247200345621, 0.000194519976503, 0.00251347525045, -0.00490240845829, 0.0205793604255, -0.00966361816972, 0.005139158573, -0.0060433675535, 0.00852588564157], [0.000816460757051, 0.000401363591664, 0.00242483080365, 0.000803829054348, -0.00311035849154, 0.00112090748735, -0.0014103121357, 0.00044290261576, -0.00966361816972, 0.0265152603388, -0.0131170898676, 0.00629780394956, -0.00598769634962], [-0.000691217312124, 0.000972594018094, -0.00108096760232, -0.000887056346983, 0.00377424200997, 0.000520761532243, 0.00225674244575, -0.00304851261899, 0.005139158573, -0.0131170898676, 0.0258747749031, -0.0103891063482, 0.0047248089686], [0.000679247488733, 2.39371656789e-05, 0.00204621744342, 0.000323035026668, -0.00446403538808, -0.00298371142708, 0.000220538742724, 1.771618372e-05, -0.0060433675535, 0.00629780394956, -0.0103891063482, 0.0209006629884, -0.00886096712202], [-3.41098275385e-05, -0.000145033336594, 0.000387876090826, 0.000509483623318, 0.0028999557253, 0.00156614929438, 0.00267682992853, -0.00395429320633, 0.00852588564157, -0.00598769634962, 0.0047248089686, -0.00886096712202, 0.0230965465307]]
    },
    "melbands": {
        "max": [0.00046455959091, 0.012367663905, 0.0143833225593, 0.0126669509336, 0.00549702392891, 0.00589185487479, 0.00592783046886, 0.00823701824993, 0.00233090296388, 0.00346222985536, 0.00174351234455, 0.0019103155937, 0.000248608819675, 0.00185016833711, 0.00222945096903, 0.00109874492045, 0.00245103053749, 0.00069677119609, 0.000237209518673, 7.65357617638e-05, 0.000241571848164, 0.000470355094876, 0.0011483397102, 4.40715084551e-05, 3.36179109581e-05, 0.000154528126586, 0.000299444625853, 2.90579209832e-05, 2.40347490035e-05, 2.91541746265e-05, 8.63768855197e-06, 1.16287992569e-05, 6.04816887062e-06, 9.95605296339e-06, 1.03240845419e-05, 2.49843219535e-06, 1.82825669981e-06, 1.35904440413e-06, 5.6776616475e-07, 1.15582857063e-07],
        "mean": [2.29336583288e-05, 0.000377966964152, 0.000496011343785, 0.000476538582006, 0.0004244511656, 0.00046481055324, 0.000385768158594, 0.000504388532136, 0.000209271340282, 0.000138036673889, 9.75428265519e-05, 5.35043109267e-05, 1.20995036923e-05, 2.0786683308e-05, 4.59044931631e-05, 4.52956483059e-05, 5.34758037247e-05, 3.67115062545e-05, 1.05325807453e-05, 2.43549789047e-06, 7.37369327908e-06, 1.30152357087e-05, 1.40264164656e-05, 3.09596134684e-06, 1.45992726175e-06, 6.15124918113e-06, 5.04386844113e-06, 1.05972026176e-06, 1.09077450361e-06, 1.23174436339e-06, 3.91450839743e-07, 5.32805017883e-07, 4.1269436224e-07, 3.82464889981e-07, 3.52948802629e-07, 1.08863460468e-07, 8.5713821818e-08, 8.03298760843e-08, 2.18330047375e-08, 3.96493327059e-09],
        "min": [3.10746115632e-24, 7.13384034873e-24, 4.46737768197e-24, 2.98010449356e-24, 2.05307677015e-24, 3.22424195537e-24, 3.13626227076e-24, 3.81007392662e-24, 4.63865516172e-24, 3.95370893139e-24, 3.05202612558e-24, 3.51849318668e-24, 4.57524494443e-24, 4.67551232093e-24, 4.74960647588e-24, 3.43311516534e-24, 5.22740808769e-24, 5.98538390518e-24, 5.66692982964e-24, 3.28176233992e-24, 6.87047124691e-24, 4.59644045366e-24, 5.46793651086e-24, 5.98562569105e-24, 7.91041553421e-24, 4.47257075331e-24, 5.92681808272e-24, 7.18679421471e-24, 6.94621924875e-24, 6.19671264194e-24, 6.96348741397e-24, 7.10229932316e-24, 5.31265042496e-24, 7.8810888412e-24, 5.84337434832e-24, 7.70478473977e-24, 6.24772669896e-24, 8.41001771157e-24, 7.15310433204e-24, 7.57685516677e-24],
        "stdev": [3.80037527066e-05, 0.00122846709564, 0.00127950147726, 0.00103236036375, 0.000700621400028, 0.000761332805268, 0.000630743335932, 0.000927424174733, 0.000300348649034, 0.000288148672553, 0.000202449402423, 0.000143909899634, 2.36783253058e-05, 0.000114342103188, 0.000154858324095, 0.000100118173577, 0.00015074161638, 7.79273686931e-05, 2.46410581894e-05, 6.15010594629e-06, 2.25785115617e-05, 4.1375082219e-05, 6.89340085955e-05, 6.00124167249e-06, 3.28994224219e-06, 1.4197584278e-05, 1.54047666001e-05, 2.94229471365e-06, 2.46498598244e-06, 2.76024570667e-06, 8.57998543324e-07, 1.13828582471e-06, 8.93729350082e-07, 8.90404237452e-07, 9.60166062214e-07, 2.5618072641e-07, 2.13394045545e-07, 1.79315208015e-07, 5.72043248326e-08, 1.12179163736e-08]
    },
    "melbands128": {
        "max": [0.000112792346044, 0.000366968597518, 0.000619520316832, 0.000896640936844, 0.0102557120845, 0.0265450403094, 0.0161376222968, 0.0110333487391, 0.0265283472836, 0.0133338477463, 0.00899689644575, 0.00765965553001, 0.00612774956971, 0.00808140169829, 0.00909284781665, 0.00698326807469, 0.00934951379895, 0.0063165766187, 0.00732597941533, 0.0169324520975, 0.00505081284791, 0.00597898196429, 0.00132390088402, 0.00322187272832, 0.00297694839537, 0.00543490098789, 0.00395954353735, 0.00294890697114, 0.00140414433554, 0.00407387409359, 0.00105957931373, 0.000479539157823, 0.000423850869993, 9.71602275968e-05, 0.000215525185922, 0.00112920382526, 0.00787189044058, 0.0015132635599, 0.00277814641595, 0.00182480108924, 0.000569584022742, 0.00219669868238, 0.00228819274344, 0.00500111654401, 0.00161814282183, 0.000929724250454, 0.000907007080968, 0.000383811857319, 0.00026192489895, 0.00023172951478, 8.85780827957e-05, 2.86486429104e-05, 0.000234587671002, 0.000577045662794, 0.000999569194391, 0.000698071729857, 0.000166903424542, 0.00315281120129, 0.000509848177899, 0.000147763508721, 6.11288487562e-05, 3.25371765939e-05, 1.69822505995e-05, 2.78735878965e-05, 0.000102603269625, 0.000185500277439, 0.000360835110769, 0.000440811214503, 0.000405013997806, 9.86994782579e-05, 4.66431411041e-05, 4.60664068669e-06, 1.26487730086e-05, 4.80807320855e-05, 3.62062164641e-05, 5.58961291972e-05, 2.54112492257e-05, 1.69411941897e-05, 3.83136102755e-06, 6.53845199849e-06, 1.20744416563e-05, 2.24599662033e-05, 1.57317335834e-05, 7.18207957107e-06, 2.08606707019e-06, 3.72210615751e-06, 2.69900228886e-05, 2.43393715209e-05, 2.17245997192e-05, 6.0594425122e-06, 3.11342364512e-06, 2.41226393882e-06, 5.71422879148e-06, 2.34607750826e-06, 5.00303031004e-07, 1.77098195309e-06, 3.14661315315e-06, 2.05170977097e-06, 4.30461795986e-07, 3.38950570722e-07, 3.02180751532e-07, 2.54277110479e-09, 1.36583711008e-09, 1.32125477226e-09, 1.2446899067e-09, 1.17154563828e-09, 1.15331033612e-09, 1.12615228254e-09, 1.058194532e-09, 9.95065252418e-10, 9.40543087857e-10, 9.2306434718e-10, 8.93726648243e-10, 8.90280127397e-10, 8.63873916845e-10, 8.06133493292e-10, 7.92108767467e-10, 7.842829719e-10, 7.56304574523e-10, 7.37142624718e-10, 7.26058491107e-10, 7.09089453821e-10, 6.97833624219e-10, 6.81954770432e-10, 6.73870459433e-10, 6.68273880677e-10, 6.65939636768e-10, 6.56906307128e-10],
        "mean": [4.47708634965e-06, 2.01031652978e-05, 2.64334557869e-05, 3.62306927855e-05, 0.000338350218954, 0.000750930572394, 0.000458410882857, 0.000418026349507, 0.000545737100765, 0.000409525033319, 0.000519093126059, 0.00045967605547, 0.000332781986799, 0.000483694340801, 0.000474212982226, 0.000511623162311, 0.000314813660225, 0.000324484717567, 0.000469723832794, 0.000651268695947, 0.000419597781729, 0.000412575871451, 0.000113741618406, 0.000114104150271, 0.000124846948893, 0.000145968733705, 0.00018149537209, 7.0477493864e-05, 5.04538875248e-05, 7.76759625296e-05, 4.76873974549e-05, 2.09606314456e-05, 1.2086859897e-05, 2.49122581408e-06, 6.12019539403e-06, 1.89891470654e-05, 6.12030635239e-05, 2.38545217144e-05, 6.69618457323e-05, 5.01149152115e-05, 2.54222068179e-05, 6.12518633716e-05, 5.09356650582e-05, 5.18872220709e-05, 5.72884746362e-05, 2.93160373985e-05, 2.33498831221e-05, 9.61949899647e-06, 5.68956147617e-06, 4.68614416604e-06, 9.14631925752e-07, 1.00824775018e-06, 6.26915789326e-06, 8.17826821731e-06, 1.46835773194e-05, 1.35696063808e-05, 6.75150340612e-06, 2.71922217507e-05, 9.7919610198e-06, 5.05855177835e-06, 2.96279881695e-06, 1.63331912972e-06, 3.40779081398e-07, 1.04529965483e-06, 3.6585597627e-06, 7.00526516084e-06, 7.30156807549e-06, 6.49339790471e-06, 4.52404401585e-06, 2.86271847472e-06, 1.06608297301e-06, 1.05439873721e-07, 4.1752849711e-07, 1.62209971677e-06, 1.31753779442e-06, 1.35735115236e-06, 1.26968279801e-06, 6.75796059113e-07, 1.45835400645e-07, 1.74417991161e-07, 5.18782485415e-07, 5.56920554118e-07, 8.89886337063e-07, 3.80375468012e-07, 6.62883294922e-08, 1.21847932633e-07, 7.15823716746e-07, 5.08073696892e-07, 4.04307940016e-07, 1.47150771568e-07, 4.38106120271e-08, 1.05727167465e-07, 2.00974909603e-07, 8.07286326676e-08, 1.84741448805e-08, 6.2760150854e-08, 1.29448224584e-07, 5.3433485192e-08, 1.16593339428e-08, 9.89675541518e-09, 1.10679581056e-08, 7.81689296625e-11, 9.86283624216e-12, 8.87398401289e-12, 8.63897842152e-12, 8.23040767484e-12, 8.23608802686e-12, 8.41104616511e-12, 8.10024096409e-12, 8.77998368454e-12, 8.44331028704e-12, 7.77930411061e-12, 7.54146311371e-12, 7.16615959281e-12, 7.04768188253e-12, 1.04078646743e-11, 6.02351111698e-12, 3.93702518503e-12, 3.8210398387e-12, 3.72887267938e-12, 3.6572268651e-12, 3.58934691864e-12, 3.52617566222e-12, 3.45439670792e-12, 3.41331932337e-12, 3.38968458337e-12, 3.36689291898e-12, 3.34145038028e-12],
        "min": [1.00773387627e-25, 1.09074540118e-25, 1.62732134125e-24, 4.29376152547e-25, 4.36472400124e-24, 6.45479913671e-24, 1.34089383517e-24, 1.9078798208e-24, 1.64864435013e-24, 1.69967674816e-24, 1.30489633713e-24, 2.03870858089e-25, 2.40555027501e-24, 9.47675467344e-25, 2.08805131282e-24, 1.88886965349e-24, 2.64847367989e-24, 1.66990139051e-24, 2.36834838358e-24, 2.16808046279e-24, 2.87403642561e-24, 5.1367423317e-24, 2.49845343775e-24, 3.19701619616e-24, 4.75141336179e-24, 1.34962553932e-24, 1.02101852811e-24, 2.56089414498e-24, 4.19117539095e-24, 2.43443540313e-24, 1.13742106835e-24, 2.94045318902e-24, 3.39788148187e-24, 4.61761624137e-24, 2.31886136406e-24, 1.43322467932e-24, 5.03679247172e-24, 3.39560759031e-24, 1.38335456922e-24, 9.71074560907e-25, 2.04996116401e-24, 1.93482159008e-24, 2.73568461954e-24, 2.18004689108e-24, 3.67430741496e-24, 5.68880888685e-24, 2.95979507234e-24, 3.81967594156e-24, 3.56584732353e-24, 1.59179617367e-24, 3.78910048174e-24, 2.1198165721e-24, 3.39592392354e-24, 5.00790675195e-24, 3.56164506149e-24, 3.85304357456e-24, 1.76654789545e-24, 2.84854655482e-24, 2.77726567507e-24, 3.18109895524e-24, 4.16572121612e-24, 4.65097006931e-24, 6.93814446853e-24, 5.55068683653e-24, 3.52530815605e-24, 3.95561245275e-24, 3.80822996426e-24, 3.93770807122e-24, 4.15344851259e-24, 5.05251052526e-24, 4.04452338766e-24, 6.68866247409e-24, 4.33515039476e-24, 4.04896625227e-24, 3.63196412258e-24, 5.37948784844e-24, 4.32962324083e-24, 5.67178487409e-24, 7.31221678776e-24, 4.26134811834e-24, 3.09045666787e-24, 5.17175473969e-24, 2.97050760621e-24, 3.51856260644e-24, 2.30640367265e-24, 5.28205366589e-24, 7.6239422742e-24, 6.01426213077e-24, 3.5560808311e-24, 4.62706048413e-24, 6.55259185655e-24, 6.64441605477e-24, 4.80767965471e-24, 4.21371117486e-24, 3.46862771114e-24, 6.01751933745e-24, 7.53207784407e-24, 6.92583587182e-24, 5.43447894772e-24, 6.71831417779e-24, 7.85044001731e-24, 5.10743812123e-24, 5.72291883796e-24, 7.353452125e-24, 5.94735331537e-24, 6.81668355495e-24, 4.60579989387e-24, 8.39682243521e-24, 7.38019529854e-24, 7.02733387133e-24, 6.89921891602e-24, 5.88957240951e-24, 7.306697128e-24, 7.38342568395e-24, 7.69443094039e-24, 5.01769572693e-24, 4.67402650141e-24, 7.01112120201e-24, 6.73825894806e-24, 8.1608812382e-24, 7.10605666765e-24, 8.28206447274e-24, 7.69735761435e-24, 8.38881549702e-24, 6.26887882084e-24, 7.0329016516e-24, 5.01774739732e-24, 7.01538341748e-24],
        "stdev": [8.01215537649e-06, 3.28400601575e-05, 4.8817419156e-05, 8.07051037555e-05, 0.00113720912486, 0.00253406213596, 0.00135363498703, 0.00100909965113, 0.0017513212515, 0.00111883413047, 0.00104415579699, 0.000867573719006, 0.000654033676255, 0.0010714182863, 0.000876978505403, 0.00102403922938, 0.000670516164973, 0.000734699133318, 0.000981157296337, 0.00179095601197, 0.00065537635237, 0.000742691860069, 0.000190756298252, 0.000287449831376, 0.000326219538692, 0.000379290868295, 0.000407301762607, 0.000248769443715, 0.000141453900142, 0.000277020531939, 0.000112534784421, 4.65745179099e-05, 3.28931564582e-05, 7.50170192987e-06, 1.67738817254e-05, 8.71363154147e-05, 0.000447767379228, 8.49161951919e-05, 0.000235763436649, 0.000164728306117, 5.12850892846e-05, 0.000145427460666, 0.000147751881741, 0.00027496763505, 0.000151458880282, 7.27124061086e-05, 7.02547622495e-05, 3.12511983793e-05, 1.87862078747e-05, 1.53784167196e-05, 4.35165975432e-06, 2.5195561193e-06, 1.80295119208e-05, 3.65978776244e-05, 7.13094705134e-05, 4.63221040263e-05, 1.66292920767e-05, 0.000179411916179, 3.19770952046e-05, 1.31488332045e-05, 6.52888002151e-06, 4.282620921e-06, 1.20173228879e-06, 2.75833644992e-06, 9.48175875237e-06, 1.92657043954e-05, 2.36607265833e-05, 2.21473437705e-05, 2.02287446882e-05, 8.26967334433e-06, 4.16211378251e-06, 3.39091940305e-07, 1.05725712274e-06, 4.10411394114e-06, 3.51136986865e-06, 4.11163728131e-06, 2.91949686471e-06, 1.577770945e-06, 4.33619760543e-07, 5.6120239833e-07, 1.22758819998e-06, 1.64652828971e-06, 2.12765121432e-06, 8.9657009994e-07, 1.95600179609e-07, 3.31516503138e-07, 1.85674400655e-06, 1.6965635723e-06, 1.37675340284e-06, 4.563157745e-07, 1.66448330674e-07, 2.50588982453e-07, 5.32366925654e-07, 2.44887473855e-07, 5.95346172361e-08, 1.85428234545e-07, 3.04984069999e-07, 1.81748987416e-07, 3.93353509764e-08, 2.68451678664e-08, 3.31769349771e-08, 2.22497617552e-10, 5.91098836544e-11, 5.6961355771e-11, 5.3684036383e-11, 5.04930472434e-11, 4.96186390586e-11, 4.85487275381e-11, 4.54546608686e-11, 4.34754593437e-11, 4.07064069952e-11, 3.96276032821e-11, 3.83760488665e-11, 3.81886813838e-11, 3.70412971129e-11, 4.31587716954e-11, 3.44630955718e-11, 3.37443233078e-11, 3.25460838835e-11, 3.17206365341e-11, 3.12368915456e-11, 3.05067603124e-11, 3.00193411795e-11, 2.9339655705e-11, 2.89895399352e-11, 2.87463039483e-11, 2.86423298274e-11, 2.82598944246e-11]
    },
    "mfcc": {
        "mean": [-751.938720703, 165.65713501, -28.2656421661, 24.5893592834, -17.7617454529, -1.83972895145, -21.2504673004, -8.02278137207, -17.5101604462, 7.92194223404, 2.7963783741, 0.464136570692, -14.3196840286],
        "cov": [[15526.0332031, 862.18536377, -247.677261353, 64.5142669678, -1601.57116699, -211.626220703, -1020.60699463, -725.651672363, -926.138916016, 41.1775398254, -400.748596191, -76.1231842041, -525.301086426], [862.18536377, 1673.42211914, -272.654144287, 164.062225342, -59.719745636, 80.8545455933, -4.92748689651, -79.3312606812, 10.5957984924, 35.1875305176, -70.6697845459, -49.8697052002, -76.3138198853], [-247.677261353, -272.654144287, 248.941680908, -8.99028015137, 87.2171554565, -10.9530982971, 21.5897541046, 48.5283737183, 17.5961933136, -18.5546684265, 21.6653404236, 20.0548324585, 17.7516765594], [64.5142669678, 164.062225342, -8.99028015137, 127.987915039, 26.4610900879, 14.3349952698, 19.850774765, 5.75985097885, 5.78115320206, 20.10820961, -3.66147065163, -6.30558109283, -3.09853482246], [-1601.57116699, -59.719745636, 87.2171554565, 26.4610900879, 461.406555176, 89.842300415, 185.762008667, 201.124649048, 176.057250977, -23.5642299652, 81.6293182373, 53.8609085083, 91.9503479004], [-211.626220703, 80.8545455933, -10.9530982971, 14.3349952698, 89.842300415, 140.388122559, 71.1146469116, 70.7001190186, 48.4798431396, -8.33998584747, -0.532583653927, 14.7202596664, 20.4877719879], [-1020.60699463, -4.92748689651, 21.5897541046, 19.850774765, 185.762008667, 71.1146469116, 200.790054321, 111.282478333, 102.377326965, -5.22159290314, 22.4289264679, 12.3449316025, 45.2550354004], [-725.651672363, -79.3312606812, 48.5283737183, 5.75985097885, 201.124649048, 70.7001190186, 111.282478333, 189.794143677, 95.010635376, -0.980887234211, 34.8412704468, 28.7701683044, 53.4843788147], [-926.138916016, 10.5957984924, 17.5961933136, 5.78115320206, 176.057250977, 48.4798431396, 102.377326965, 95.010635376, 154.896469116, -4.23166894913, 26.6144390106, 18.2392787933, 44.149055481], [41.1775398254, 35.1875305176, -18.5546684265, 20.10820961, -23.5642299652, -8.33998584747, -5.22159290314, -0.980887234211, -4.23166894913, 93.6444168091, -6.95892477036, -5.72125291824, -1.97693562508], [-400.748596191, -70.6697845459, 21.6653404236, -3.66147065163, 81.6293182373, -0.532583653927, 22.4289264679, 34.8412704468, 26.6144390106, -6.95892477036, 105.716247559, 28.6131210327, 19.5301570892], [-76.1231842041, -49.8697052002, 20.0548324585, -6.30558109283, 53.8609085083, 14.7202596664, 12.3449316025, 28.7701683044, 18.2392787933, -5.72125291824, 28.6131210327, 79.0542526245, 18.5490779877], [-525.301086426, -76.3138198853, 17.7516765594, -3.09853482246, 91.9503479004, 20.4877719879, 45.2550354004, 53.4843788147, 44.149055481, -1.97693562508, 19.5301570892, 18.5490779877, 84.4325714111]],
        "icov": [[0.000149335028254, -4.86404933326e-05, -5.04091913172e-05, -0.000128609011881, 0.000232667589444, -0.000175403576577, 0.000414855661802, -0.000167033547768, 0.000418841053033, 6.15514290985e-05, 0.000233542465139, -0.000273544719676, 0.000352145230863], [-4.86404933326e-05, 0.000945484440308, 0.000887796340976, -0.000979501521215, -0.000281394284684, -0.0004548150755, 1.38297937156e-05, 0.000473305437481, -0.000494690553751, -3.10788527713e-05, 0.000237530504819, 0.000235693674767, 0.000590147159528], [-5.04091913172e-05, 0.000887796340976, 0.00547255342826, -0.000680456869304, -0.00121264369227, 0.000818833417725, 0.000143515178934, -0.000624694337603, 0.000276844191831, 0.000717990857083, 0.000324417109368, -0.000327928020852, 0.000623019179329], [-0.000128609011881, -0.000979501521215, -0.000680456869304, 0.00981799606234, -0.00115048571024, -3.03982360492e-05, -0.00119364145212, 0.000478676956845, 0.000747565587517, -0.00210733502172, -0.000192994775716, 0.000797147746198, -0.000155957895913], [0.000232667589444, -0.000281394284684, -0.00121264369227, -0.00115048571024, 0.00700054690242, -0.000418691633968, -0.00117802643217, -0.00323399528861, -0.00257993815467, 0.00126833468676, -0.00183046609163, -0.00140790361911, -0.00132488063537], [-0.000175403576577, -0.0004548150755, 0.000818833417725, -3.03982360492e-05, -0.000418691633968, 0.010533683002, -0.00247160112485, -0.00276881782338, -0.000529288779944, 0.00107583205681, 0.00125940446742, -0.0011000164086, -0.000444707577117], [0.000414855661802, 1.38297937156e-05, 0.000143515178934, -0.00119364145212, -0.00117802643217, -0.00247160112485, 0.0110002951697, -0.00227529578842, -0.00161408970598, 0.00021625989757, 0.00100989919156, 0.000569476862438, 0.000437819573563], [-0.000167033547768, 0.000473305437481, -0.000624694337603, 0.000478676956845, -0.00323399528861, -0.00276881782338, -0.00227529578842, 0.0123357763514, -0.00193952664267, -0.00156142027117, -0.000525976647623, -0.000149658386363, -0.00173119851388], [0.000418841053033, -0.000494690553751, 0.000276844191831, 0.000747565587517, -0.00257993815467, -0.000529288779944, -0.00161408970598, -0.00193952664267, 0.0143270427361, -0.000249366712524, 0.000817049411125, -0.0006335414364, -0.000387360167224], [6.15514290985e-05, -3.10788527713e-05, 0.000717990857083, -0.00210733502172, 0.00126833468676, 0.00107583205681, 0.00021625989757, -0.00156142027117, -0.000249366712524, 0.0116788316518, 0.000378633936634, 1.8086889213e-06, -0.000326711655362], [0.000233542465139, 0.000237530504819, 0.000324417109368, -0.000192994775716, -0.00183046609163, 0.00125940446742, 0.00100989919156, -0.000525976647623, 0.000817049411125, 0.000378633936634, 0.0124707696959, -0.00347648607567, 0.000532901205588], [-0.000273544719676, 0.000235693674767, -0.000327928020852, 0.000797147746198, -0.00140790361911, -0.0011000164086, 0.000569476862438, -0.000149658386363, -0.0006335414364, 1.8086889213e-06, -0.00347648607567, 0.0157125815749, -0.00211733882315], [0.000352145230863, 0.000590147159528, 0.000623019179329, -0.000155957895913, -0.00132488063537, -0.000444707577117, 0.000437819573563, -0.00173119851388, -0.000387360167224, -0.000326711655362, 0.000532901205588, -0.00211733882315, 0.0173808671534]]
    },
    "spectral_contrast_coeffs": {
        "max": [-0.459610790014, -0.511070787907, -0.545601665974, -0.613358438015, -0.614198088646, -0.575269281864],
        "mean": [-0.664811789989, -0.741339802742, -0.735759556293, -0.75003516674, -0.731133818626, -0.683318674564],
        "min": [-0.97795432806, -0.973742008209, -0.971516489983, -0.971047818661, -0.964923083782, -0.963056266308],
        "stdev": [0.0981993675232, 0.0960041210055, 0.0773874148726, 0.0660352855921, 0.0535977222025, 0.0695199295878]
    },
    "spectral_contrast_valleys": {
        "max": [-5.16780328751, -4.57225131989, -5.81979179382, -6.3134970665, -6.57622146606, -10.1764497757],
        "mean": [-8.11472702026, -7.21114301682, -8.64618873596, -8.86168479919, -9.49037361145, -13.5292291641],
        "min": [-27.8211326599, -27.4917182922, -27.4525756836, -27.3141994476, -27.3334331512, -27.3962192535],
        "stdev": [2.72654867172, 2.89323472977, 2.6151034832, 2.54452133179, 2.55001711845, 2.08341813087]
    }
},
"rhythm": {
    "beats_count": 28,
    "beats_loudness": {
        "max": 0.12012924999,
        "mean": 0.0311693903059,
        "min": 0.000104223916424,
        "stdev": 0.035971429199
    },
    "bpm": 139.47064209,
    "bpm_histogram_first_peak_bpm": 140,
    "bpm_histogram_first_peak_weight": 0.466666698456,
    "bpm_histogram_second_peak_bpm": 129,
    "bpm_histogram_second_peak_spread": 0.142857134342,
    "bpm_histogram_second_peak_weight": 0.222222223878,
    "danceability": 1.12541103363,
    "onset_rate": 2.97820472717,
    "beats_loudness_band_ratio": {
        "max": [0.911786496639, 0.774463117123, 0.867308020592, 0.374489396811, 0.163558170199, 0.0390543863177],
        "mean": [0.20340295136, 0.34709212184, 0.354673355818, 0.0880962014198, 0.0479809045792, 0.0166993457824],
        "min": [0.00493424618617, 0.0152811212465, 0.0210779458284, 0.0118853291497, 0.00725394440815, 0.0018016253598],
        "stdev": [0.241498291492, 0.191242560744, 0.192414581776, 0.0792913213372, 0.0352810248733, 0.0102881714702]
    },
    "beats_position": [0.452789098024, 0.917188167572, 1.39319729805, 1.83437633514, 2.26394557953, 2.68190479279, 3.11147379875, 3.5758728981, 3.99383211136, 4.42340135574, 4.86458063126, 5.2941493988, 5.72371864319, 6.15328788757, 6.59446716309, 7.03564596176, 7.50004529953, 7.96444416046, 8.42884349823, 8.893242836, 9.287981987, 9.682721138, 10.0890703201, 10.4954195023, 10.9017686844, 11.3197278976, 11.749297142, 12.1788663864],
