{
"metadata": {
    "version": {
        "essentia": "2.1-beta5",
        "essentia_git_sha": "Undefined",
        "extractor": "music 2.0"
    },
    "audio_properties": {
        "analysis": {
            "equal_loudness": 0,
            "length": 48.7502937317,
            "sample_rate": 44100,
            "start_time": 61.4980506897,
            "downmix": "mix"
        },
        "bit_rate": 192000,
        "length": 249.335876465,
        "lossless": 0,
        "number_channels": 2,
        "replay_gain": -8.48003959656,
        "sample_rate": 44100,
        "codec": "mp3",
        "md5_encoded": "de4fd75af82976d4016bfb15091c14f6"
    },
    "tags": {
        "file_name": "Yugoslavia_Ne Mogu Skriti Svoju Bol_Ambasadori.mp3",
        "encoding": ["Lavf58.29.100"]
    }
},
"lowlevel": {
    "average_loudness": 0.906454324722,
    "barkbands_crest": {
        "max": 24.9392318726,
        "mean": 10.9381389618,
        "min": 2.77045559883,
        "stdev": 4.56662893295
    },
    "barkbands_flatness_db": {
        "max": 0.376577705145,
        "mean": 0.169858053327,
        "min": 0.0335071347654,
        "stdev": 0.0549356974661
    },
    "barkbands_kurtosis": {
        "max": 251.096878052,
        "mean": 9.46761894226,
        "min": -1.85435009003,
        "stdev": 14.6358995438
    },
    "barkbands_skewness": {
        "max": 13.8092012405,
        "mean": 1.73702025414,
        "min": -5.09337949753,
        "stdev": 1.68421435356
    },
    "barkbands_spread": {
        "max": 81.1677474976,
        "mean": 12.7394685745,
        "min": 0.626609325409,
        "stdev": 12.8512096405
    },
    "dissonance": {
        "max": 0.499999761581,
        "mean": 0.439844101667,
        "min": 0.226384833455,
        "stdev": 0.0469402335584
    },
    "dynamic_complexity": 4.98676538467,
    "erbbands_crest": {
        "max": 30.6468601227,
        "mean": 11.8550786972,
        "min": 3.38108921051,
        "stdev": 5.11902141571
    },
    "erbbands_flatness_db": {
        "max": 0.34084251523,
        "mean": 0.203579425812,
        "min": 0.0815435871482,
        "stdev": 0.0457514487207
    },
    "erbbands_kurtosis": {
        "max": 38.5456695557,
        "mean": 3.50398516655,
        "min": -1.82990479469,
        "stdev": 4.86150074005
    },
    "erbbands_skewness": {
        "max": 4.79782819748,
        "mean": 0.993849635124,
        "min": -3.94814252853,
        "stdev": 1.13464677334
    },
    "erbbands_spread": {
        "max": 119.870658875,
        "mean": 22.0246753693,
        "min": 2.79592633247,
        "stdev": 17.3825378418
    },
    "hfc": {
        "max": 153.44140625,
        "mean": 14.5663251877,
        "min": 0.00624397117645,
        "stdev": 19.565530777
    },
    "loudness_ebu128": {
        "integrated": -16.4897727966,
        "loudness_range": 5.15733337402,
        "momentary": {
            "max": -11.4232540131,
            "mean": -19.0601043701,
            "min": -42.6750259399,
            "stdev": 6.2385635376
        },
        "short_term": {
            "max": -14.4721851349,
            "mean": -17.3986644745,
            "min": -28.5530490875,
            "stdev": 2.45782637596
        }
    },
    "melbands_crest": {
        "max": 35.9819755554,
        "mean": 14.0353498459,
        "min": 3.93457794189,
        "stdev": 5.81023740768
    },
    "melbands_flatness_db": {
        "max": 0.501779854298,
        "mean": 0.236995279789,
        "min": 0.0433579571545,
        "stdev": 0.0752301439643
    },
    "melbands_kurtosis": {
        "max": 411.473937988,
        "mean": 12.9697322845,
        "min": -1.80658555031,
        "stdev": 24.2034626007
    },
    "melbands_skewness": {
        "max": 15.4969062805,
        "mean": 1.9764674902,
        "min": -2.32478475571,
        "stdev": 1.82728326321
    },
    "melbands_spread": {
        "max": 224.463424683,
        "mean": 19.0933170319,
        "min": 0.471489787102,
        "stdev": 22.2471694946
    },
    "pitch_salience": {
        "max": 0.848941028118,
        "mean": 0.585933089256,
        "min": 0.107222273946,
        "stdev": 0.128395348787
    },
    "silence_rate_20dB": {
        "max": 1,
        "mean": 1,
        "min": 1,
        "stdev": 0
    },
    "silence_rate_30dB": {
        "max": 1,
        "mean": 0.992860555649,
        "min": 0,
        "stdev": 0.0841908454895
    },
    "silence_rate_60dB": {
        "max": 1,
        "mean": 0.19466920197,
        "min": 0,
        "stdev": 0.395952641964
    },
    "spectral_centroid": {
        "max": 6298.58496094,
        "mean": 989.779907227,
        "min": 198.821228027,
        "stdev": 692.852844238
    },
    "spectral_complexity": {
        "max": 35,
        "mean": 11.5011901855,
        "min": 0,
        "stdev": 6.30190610886
    },
    "spectral_decrease": {
        "max": -6.89197397069e-12,
        "mean": -4.75284256396e-09,
        "min": -4.11972074232e-08,
        "stdev": 4.80065676101e-09
    },
    "spectral_energy": {
        "max": 0.166697904468,
        "mean": 0.0192595385015,
        "min": 2.66885344899e-05,
        "stdev": 0.0194400791079
    },
    "spectral_energyband_high": {
        "max": 0.0130058610812,
        "mean": 0.000340519822203,
        "min": 9.18285607554e-08,
        "stdev": 0.00119405146688
    },
    "spectral_energyband_low": {
        "max": 0.0135811315849,
        "mean": 0.000596873986069,
        "min": 5.80591904509e-06,
        "stdev": 0.00116592133418
    },
    "spectral_energyband_middle_high": {
        "max": 0.108285866678,
        "mean": 0.00329127116129,
        "min": 4.41723358335e-07,
        "stdev": 0.00781516637653
    },
    "spectral_energyband_middle_low": {
        "max": 0.146982997656,
        "mean": 0.0154954167083,
        "min": 2.55578993347e-06,
        "stdev": 0.0158926676959
    },
    "spectral_entropy": {
        "max": 8.82568645477,
        "mean": 7.09580469131,
        "min": 5.61991405487,
        "stdev": 0.548831284046
    },
    "spectral_flux": {
        "max": 0.415522009134,
        "mean": 0.0661697387695,
        "min": 0.00238201604225,
        "stdev": 0.0464883632958
    },
    "spectral_kurtosis": {
        "max": 38.3844795227,
        "mean": 9.45194911957,
        "min": -0.480819940567,
        "stdev": 5.00114202499
    },
    "spectral_rms": {
        "max": 0.012752729468,
        "mean": 0.00379772251472,
        "min": 0.000161361691426,
        "stdev": 0.00208976073191
    },
    "spectral_rolloff": {
        "max": 14362.6464844,
        "mean": 1315.43457031,
        "min": 64.599609375,
        "stdev": 1647.99633789
    },
    "spectral_skewness": {
        "max": 5.04029941559,
        "mean": 2.36291003227,
        "min": 0.200212627649,
        "stdev": 0.663038790226
    },
    "spectral_spread": {
        "max": 26104052,
        "mean": 3804770,
        "min": 1822077.875,
        "stdev": 1557532.625
    },
    "spectral_strongpeak": {
        "max": 14.1583786011,
        "mean": 1.28550708294,
        "min": 0.00320965819992,
        "stdev": 1.27714276314
    },
    "zerocrossingrate": {
        "max": 0.4287109375,
        "mean": 0.0495420694351,
        "min": 0.00390625,
        "stdev": 0.0442363135517
    },
    "barkbands": {
        "max": [0.000142814998981, 0.00144572148565, 0.0101266456768, 0.00755422981456, 0.0413113310933, 0.0753707587719, 0.0650421008468, 0.0690243169665, 0.08477101475, 0.101083792746, 0.0106002343819, 0.0159268528223, 0.0272934809327, 0.0413745194674, 0.0376730784774, 0.0357119552791, 0.0113472659141, 0.00599415414035, 0.00194335263222, 0.00161009572912, 0.00769635150209, 0.00212361710146, 0.0026822462678, 0.00629456806928, 0.00263589969836, 0.00194045936223, 6.39174686512e-05],
        "mean": [6.50261063129e-06, 0.000107103674964, 0.000313680735417, 0.000337815145031, 0.00262083974667, 0.0035885698162, 0.00275228079408, 0.00335436500609, 0.00224630115554, 0.00112127058674, 0.000111958332127, 0.000149111554492, 0.000543219561223, 0.000602839980274, 0.000372269278159, 0.000232652571867, 0.000263181311311, 0.000110940331069, 4.95755812153e-05, 4.5205000788e-05, 7.18292576494e-05, 5.16024410899e-05, 4.81051683892e-05, 8.48832933116e-05, 3.39343423548e-05, 3.77434262191e-05, 1.76469143298e-06],
        "min": [1.11534284031e-08, 7.55452106205e-07, 3.09899128581e-08, 3.96551165238e-08, 6.37212522747e-08, 9.27777108473e-08, 1.9770145343e-07, 6.95132627015e-08, 1.42129366054e-07, 2.19425562165e-08, 1.6640644418e-08, 1.70593299487e-08, 1.33353212917e-08, 2.69087134797e-08, 2.54471892447e-08, 1.31335742282e-08, 2.51271163876e-08, 1.33482149778e-08, 7.99197330537e-09, 1.37903084507e-08, 1.28070141159e-08, 1.28959403156e-08, 1.06132400646e-08, 1.41111469176e-08, 5.34709476696e-09, 7.2251982175e-09, 4.90183171831e-11],
        "stdev": [7.93473009253e-06, 9.82665078482e-05, 0.000841047090944, 0.000607271387707, 0.00418625585735, 0.00741416634992, 0.00502748833969, 0.00569915398955, 0.00615501450375, 0.0050574876368, 0.000574872305151, 0.000578316219617, 0.00177574914414, 0.00180694949813, 0.00180063419975, 0.0020498582162, 0.000779965892434, 0.00035139801912, 0.000133091554744, 0.000111324327008, 0.000351044494892, 0.000174532629899, 0.000190163162188, 0.000451195781352, 0.000173364693183, 0.000163172895554, 5.07474032929e-06]
    },
    "erbbands": {
        "max": [0.0689206644893, 0.249039664865, 6.51250648499, 18.6946773529, 56.5812416077, 192.590866089, 538.373779297, 980.812561035, 1088.65820312, 1660.42431641, 1301.22045898, 2563.43994141, 3726.68188477, 1071.67907715, 411.626647949, 780.309204102, 1368.19750977, 2375.89672852, 1157.69604492, 2408.6105957, 1928.85498047, 842.764526367, 335.078094482, 117.184509277, 188.507614136, 57.1216621399, 384.063995361, 102.909225464, 100.902503967, 57.5358657837, 73.6425857544, 219.471847534, 111.362564087, 49.1126556396, 5.97720241547, 3.97157120705, 5.15288543701, 1.56215894222, 0.0251300726086, 0.000703066645656],
        "mean": [0.00361395301297, 0.0259987451136, 0.254914432764, 0.914610803127, 3.19429564476, 9.42146205902, 26.2420806885, 26.1507759094, 38.274520874, 52.3145294189, 72.8439712524, 53.1626167297, 43.7801055908, 18.1186637878, 3.86310052872, 8.59829902649, 22.5094585419, 37.2838630676, 18.9421253204, 19.3282489777, 10.8410072327, 14.5828075409, 8.33224868774, 2.32459640503, 3.34897637367, 1.91238355637, 3.24044299126, 1.79774093628, 2.31191253662, 1.3048517704, 1.41184961796, 2.11457943916, 1.13658487797, 0.609077632427, 0.108457811177, 0.0665613114834, 0.0861683115363, 0.0207345373929, 0.000382298283512, 3.33679236064e-05],
        "min": [1.90647788259e-05, 0.000207218516152, 0.00060864072293, 0.000349747686414, 0.000224244286073, 0.000310888281092, 0.00119466381148, 0.00128483364824, 0.00267577078193, 0.00155039399397, 0.00291478680447, 0.00313720852137, 0.00145726127084, 0.00167504197452, 0.00114642141853, 0.00112025428098, 0.00114253931679, 0.00167975807562, 0.0010482496582, 0.00135802302975, 0.000822443922516, 0.00127966294531, 0.000876993930433, 0.000519721652381, 0.000730155967176, 0.000782338087447, 0.000615503173321, 0.00049810949713, 0.000456687441329, 0.000335946853738, 0.000285986374365, 0.000322351290379, 0.000205474396353, 9.06605346245e-05, 2.28286480706e-05, 1.48316466948e-05, 1.40773045132e-05, 4.31348371421e-06, 1.03303463561e-07, 3.63243799484e-08],
        "stdev": [0.00436579901725, 0.0260410495102, 0.568869233131, 1.83487606049, 5.21871089935, 17.5336780548, 59.0752716064, 65.0939254761, 72.4377059937, 98.9388198853, 122.9323349, 151.676025391, 194.406661987, 61.2900161743, 19.8478927612, 30.5484809875, 73.1080245972, 105.642539978, 51.837638855, 143.627258301, 79.804145813, 46.1008300781, 23.4715690613, 8.20815944672, 7.72901821136, 4.20334434509, 17.4393959045, 6.30645942688, 7.92461109161, 4.45276069641, 5.77263641357, 12.3753080368, 6.31350374222, 3.2945523262, 0.447676062584, 0.268166840076, 0.394707262516, 0.0919057875872, 0.00157495227177, 5.33809688932e-05]
    },
    "gfcc": {
        "mean": [-64.0531921387, 92.346031189, -114.833335876, -4.42033720016, -67.5067672729, -6.33918142319, -47.5940170288, 3.26356387138, -14.6364765167, 11.5508432388, -17.3405952454, -0.902589082718, -20.4839038849],
        "cov": [[8037.11035156, -854.715881348, -663.602966309, -1036.57580566, -1399.61669922, -750.163146973, -473.872680664, -443.022094727, -336.672485352, -44.5011405945, -287.400817871, -289.735137939, -283.728637695], [-854.715881348, 1469.96936035, 408.589141846, -178.151779175, -32.6840705872, -306.45803833, -18.224445343, -152.049880981, -141.395233154, -182.765975952, -46.8181228638, -205.369628906, -55.2714309692], [-663.602966309, 408.589141846, 743.419921875, 136.072113037, -198.491409302, -66.7635345459, -48.8833732605, -169.047317505, -92.3010406494, -120.051170349, -50.6323623657, -137.6953125, -60.0699157715], [-1036.57580566, -178.151779175, 136.072113037, 401.854919434, 267.194000244, 193.669708252, 60.4824066162, 58.8677940369, 52.059753418, 21.4394359589, 18.2325000763, 56.1047325134, 25.3240013123], [-1399.61669922, -32.6840705872, -198.491409302, 267.194000244, 546.223999023, 248.877182007, 115.191810608, 196.867340088, 127.997200012, 62.949760437, 83.4799118042, 138.619873047, 86.1886062622], [-750.163146973, -306.45803833, -66.7635345459, 193.669708252, 248.877182007, 311.491027832, 137.930145264, 105.908721924, 72.0732727051, 58.8547782898, 39.0498161316, 76.8692321777, 30.8907165527], [-473.872680664, -18.224445343, -48.8833732605, 60.4824066162, 115.191810608, 137.930145264, 181.181015015, 95.2552490234, 14.2544631958, 13.9667062759, 11.4401273727, -0.438933521509, -0.197843641043], [-443.022094727, -152.049880981, -169.047317505, 58.8677940369, 196.867340088, 105.908721924, 95.2552490234, 195.557678223, 112.270759583, 49.462890625, 57.2114868164, 94.3954544067, 47.9002113342], [-336.672485352, -141.395233154, -92.3010406494, 52.059753418, 127.997200012, 72.0732727051, 14.2544631958, 112.270759583, 142.011199951, 83.3707733154, 50.053237915, 86.5950469971, 47.1199493408], [-44.5011405945, -182.765975952, -120.051170349, 21.4394359589, 62.949760437, 58.8547782898, 13.9667062759, 49.462890625, 83.3707733154, 112.870643616, 48.0050697327, 48.2740478516, 27.8380832672], [-287.400817871, -46.8181228638, -50.6323623657, 18.2325000763, 83.4799118042, 39.0498161316, 11.4401273727, 57.2114868164, 50.053237915, 48.0050697327, 83.5719528198, 75.5687637329, 37.2702140808], [-289.735137939, -205.369628906, -137.6953125, 56.1047325134, 138.619873047, 76.8692321777, -0.438933521509, 94.3954544067, 86.5950469971, 48.2740478516, 75.5687637329, 158.18812561, 80.8587417603], [-283.728637695, -55.2714309692, -60.0699157715, 25.3240013123, 86.1886062622, 30.8907165527, -0.197843641043, 47.9002113342, 47.1199493408, 27.8380832672, 37.2702140808, 80.8587417603, 85.5663452148]],
        "icov": [[0.000624984910246, 0.000364108738722, 0.000740477989893, 0.000404107180657, 0.00101307069417, 0.000355443771696, 0.000891748117283, -0.000314932665788, 0.000878608436324, -0.000463911157567, 0.000994645874016, -0.000120791475638, 0.00108541804366], [0.000364108738722, 0.00383355189115, -0.00159039103892, 0.00340314139612, -0.00475454563275, 0.00555054051802, -0.00410436745733, 0.00527617381886, -0.0033564674668, 0.00412591081113, -0.00231336941943, 0.00302741513588, 3.49402762367e-05], [0.000740477989893, -0.00159039103892, 0.00688137346879, -0.00517563382164, 0.00720308162272, -0.00317381019704, 0.00275932019576, 0.00116342143156, -0.00394266657531, 0.00601234287024, -0.00500158919021, 0.00506875896826, -0.00136009813286], [0.000404107180657, 0.00340314139612, -0.00517563382164, 0.0106476480141, -0.00844171084464, 0.00348386331461, -0.00249209278263, 0.00265086069703, 0.00177614355925, -0.00274015078321, 0.00520672975108, -0.00330767105334, 0.00328037515283], [0.00101307069417, -0.00475454563275, 0.00720308162272, -0.00844171084464, 0.0164550431073, -0.00966413319111, 0.0086220279336, -0.00932685472071, 0.00294130900875, -0.000853307486977, -0.000886192545295, 0.000727564503904, -0.00164514733478], [0.000355443771696, 0.00555054051802, -0.00317381019704, 0.00348386331461, -0.00966413319111, 0.0175478663296, -0.0131291123107, 0.0107542155311, -0.00571933714673, 0.00260042399168, -0.000349801033735, -0.00158306316007, 0.00280543765984], [0.000891748117283, -0.00410436745733, 0.00275932019576, -0.00249209278263, 0.0086220279336, -0.0131291123107, 0.0233233012259, -0.020139131695, 0.0155248502269, -0.00962754059583, 0.00506745046005, 0.00215842202306, 0.000699365744367], [-0.000314932665788, 0.00527617381886, 0.00116342143156, 0.00265086069703, -0.00932685472071, 0.0107542155311, -0.020139131695, 0.0352026708424, -0.0284358523786, 0.0209845658392, -0.0136274816468, 0.00465960847214, -0.001480244915], [0.000878608436324, -0.0033564674668, -0.00394266657531, 0.00177614355925, 0.00294130900875, -0.00571933714673, 0.0155248502269, -0.0284358523786, 0.0442804843187, -0.0335392393172, 0.0202963426709, -0.0160271618515, 0.00534015800804], [-0.000463911157567, 0.00412591081113, 0.00601234287024, -0.00274015078321, -0.000853307486977, 0.00260042399168, -0.00962754059583, 0.0209845658392, -0.0335392393172, 0.0434225201607, -0.0280608404428, 0.0205091871321, -0.0085059935227], [0.000994645874016, -0.00231336941943, -0.00500158919021, 0.00520672975108, -0.000886192545295, -0.000349801033735, 0.00506745046005, -0.0136274816468, 0.0202963426709, -0.0280608404428, 0.0430949181318, -0.0262069087476, 0.00935755111277], [-0.000120791475638, 0.00302741513588, 0.00506875896826, -0.00330767105334, 0.000727564503904, -0.00158306316007, 0.00215842202306, 0.00465960847214, -0.0160271618515, 0.0205091871321, -0.0262069087476, 0.0374703072011, -0.0185128413141], [0.00108541804366, 3.49402762367e-05, -0.00136009813286, 0.00328037515283, -0.00164514733478, 0.00280543765984, 0.000699365744367, -0.001480244915, 0.00534015800804, -0.0085059935227, 0.00935755111277, -0.0185128413141, 0.0281024668366]]
    },
    "melbands": {
        "max": [0.000492256891448, 0.0026201789733, 0.0029457975179, 0.00765459053218, 0.0148318912834, 0.0187078677118, 0.0144993849099, 0.0192565321922, 0.0107694463804, 0.0154378963634, 0.0181847084314, 0.00598726794124, 0.00132698717061, 0.00212954240851, 0.00315787084401, 0.00261123315431, 0.00461664656177, 0.00185639539268, 0.00273838220164, 0.00306079303846, 0.00208225217648, 0.000898745958693, 0.000631490896922, 0.000160211871844, 0.000115932896733, 7.29486055207e-05, 0.000167101432453, 2.35036186496e-05, 0.000145405647345, 0.000301516673062, 2.39278451772e-05, 6.15836397628e-05, 4.20695760113e-05, 4.1238967242e-05, 4.93839033879e-05, 0.000127450402942, 0.000124752477859, 0.000102204394352, 4.56553134427e-05, 3.52240494976e-05],
        "mean": [2.95734371321e-05, 0.00010542441305, 0.000210365920793, 0.000432133296272, 0.000816723739263, 0.000615163415205, 0.000586197129451, 0.000595465418883, 0.000585131871048, 0.000316840858432, 0.000211867052712, 7.59489630582e-05, 1.28272895381e-05, 1.37633660415e-05, 3.64393636119e-05, 5.77106693527e-05, 7.03181794961e-05, 2.79560190393e-05, 2.70758955594e-05, 2.1316080165e-05, 1.1111827007e-05, 1.50673486132e-05, 1.26525919768e-05, 4.0396971599e-06, 1.51072481458e-06, 1.99174905902e-06, 2.69978772849e-06, 8.1999246504e-07, 1.61324078363e-06, 2.2913382054e-06, 6.04438696428e-07, 1.32372895223e-06, 9.71614554146e-07, 7.50551237161e-07, 8.51545394198e-07, 1.09664892989e-06, 1.18373543501e-06, 8.38678943182e-07, 6.3185569843e-07, 4.16325264041e-07],
        "min": [2.17653038703e-07, 7.67358244502e-07, 4.95926855137e-08, 3.66930343887e-08, 4.54949997675e-08, 3.10211483168e-08, 4.47437109585e-08, 1.43347760329e-08, 1.32568844791e-08, 1.88558857417e-08, 6.51131726315e-09, 6.49228715233e-09, 2.71669398089e-09, 2.24091567524e-09, 1.4756490474e-09, 1.88950677327e-09, 3.02093305926e-09, 1.41352507477e-09, 1.79503178988e-09, 9.59067714135e-10, 7.06501579462e-10, 1.26358723485e-09, 9.18401132921e-10, 4.52343967838e-10, 3.06908776171e-10, 3.22597615288e-10, 4.73961758729e-10, 3.89819565516e-10, 3.62588931102e-10, 2.69515992857e-10, 2.04440658846e-10, 2.23382604081e-10, 2.55067161836e-10, 1.39339845218e-10, 1.47062806377e-10, 1.59492863361e-10, 1.66940947177e-10, 1.14558293407e-10, 1.0180568194e-10, 5.26493154629e-11],
        "stdev": [3.04698169202e-05, 0.00022404579795, 0.000329652248183, 0.000719041912816, 0.00165514438413, 0.0013498403132, 0.0010535052279, 0.00113434367813, 0.00103840639349, 0.000973607704509, 0.000967397412751, 0.000282145716483, 6.8874185672e-05, 6.57793498249e-05, 0.000134543472086, 0.000171578241861, 0.000211535792914, 7.86286545917e-05, 0.000147520535393, 0.000183475029189, 8.26113173389e-05, 4.78258043586e-05, 3.97902913392e-05, 1.1779754459e-05, 6.96963115843e-06, 4.52813173979e-06, 7.10436142981e-06, 1.87581440514e-06, 7.60509283282e-06, 1.33891617224e-05, 1.75191337348e-06, 4.62054413219e-06, 3.4160038922e-06, 2.73344562629e-06, 3.25561768477e-06, 6.50660149404e-06, 6.91718923918e-06, 5.10660538566e-06, 3.33843104272e-06, 2.27997793445e-06]
    },
    "melbands128": {
        "max": [0.00013665840379, 0.000629055488389, 0.00065361201996, 0.000340192316798, 0.00183095980901, 0.00634696986526, 0.00458498578519, 0.00343942688778, 0.00732702668756, 0.0119427032769, 0.0147624267265, 0.0195084959269, 0.0273930262774, 0.0209726169705, 0.0323334857821, 0.0195937827229, 0.0227378774434, 0.0195502527058, 0.023138999939, 0.025555273518, 0.0260140728205, 0.0181463696063, 0.0207573883235, 0.0193100050092, 0.0296117700636, 0.0261325836182, 0.0278859846294, 0.0295898281038, 0.030675848946, 0.00615076627582, 0.00225908542052, 0.00257855909877, 0.00188820238691, 0.00238786428235, 0.00161823502276, 0.0031772532966, 0.00293896766379, 0.00252950447612, 0.00630131317303, 0.00489073200151, 0.00514935376123, 0.00633752858266, 0.00923352688551, 0.00327861076221, 0.0011450513266, 0.00360769126564, 0.00229308661073, 0.00187037838623, 0.00658616889268, 0.00671253213659, 0.00389204570092, 0.0043842275627, 0.00289000337943, 0.00288956053555, 0.000952859118115, 0.001223502215, 0.000858666317072, 0.000979302218184, 0.000623320171144, 0.000369015615433, 0.000206159253139, 0.000118200303405, 0.000205014061066, 0.000207690100069, 0.000166372105014, 7.47780140955e-05, 8.55550824781e-05, 0.000416759663494, 0.000137170020025, 6.24462118139e-05, 4.85987729917e-05, 1.39860712807e-05, 8.06108582765e-05, 9.31614631554e-05, 0.000565864669625, 0.000684256665409, 0.000237664295128, 4.73247600894e-05, 1.6351659724e-05, 1.65704786923e-05, 7.37441441743e-05, 9.35547795962e-05, 0.000111521992949, 6.94692935213e-05, 1.55415200425e-05, 1.88846515812e-05, 5.37111700396e-05, 0.000100144949101, 5.42514353583e-05, 2.3416343538e-05, 3.43465035257e-05, 0.000156737136422, 0.000323268206557, 0.000151923464728, 2.73881378234e-05, 8.4898150817e-05, 0.000176561850822, 6.98636504239e-05, 1.77797573997e-05, 8.71152733453e-05, 8.21926951176e-05, 1.09320772026e-05, 6.17343403064e-06, 4.96376287629e-06, 1.04566588561e-05, 5.52991832592e-06, 1.23138179333e-05, 1.73234857357e-05, 4.66483606942e-06, 3.56879581886e-06, 4.96529492011e-06, 6.46762600809e-06, 4.28940256825e-05, 1.47470345837e-05, 3.2163457945e-05, 3.38292848028e-05, 3.23301946992e-06, 2.70051092599e-08, 2.73155698061e-09, 2.60450505607e-09, 2.51360310344e-09, 2.44206077582e-09, 2.38863973046e-09, 2.33739272382e-09, 2.30169328042e-09, 2.27252039409e-09, 2.24455964926e-09, 2.23978036118e-09],
        "mean": [6.02810814598e-06, 3.07208065351e-05, 3.43121100741e-05, 3.71645000996e-05, 8.75323894434e-05, 0.000176664063474, 0.000179260139703, 0.000168240745552, 0.000327215500874, 0.000405336235417, 0.000505659496412, 0.000692658300977, 0.00106365361717, 0.000786813732702, 0.000527162803337, 0.00057703955099, 0.000570534321014, 0.000643549952656, 0.000539125467185, 0.000562163826544, 0.0006693401956, 0.00052418425912, 0.000737061025575, 0.000416967493948, 0.000302036409266, 0.000315367447911, 0.000212213984923, 0.000268762843916, 0.000126987957628, 0.000102886471723, 5.61485721846e-05, 2.08186411328e-05, 9.5359473562e-06, 7.63244952395e-06, 7.56429244575e-06, 1.59356532095e-05, 2.37752155954e-05, 3.0047918699e-05, 5.56780069019e-05, 4.07191328122e-05, 5.82578031754e-05, 7.97239626991e-05, 8.63109889906e-05, 6.4466818003e-05, 1.70288858499e-05, 2.66616298177e-05, 3.24290958815e-05, 2.20457841351e-05, 2.73024743365e-05, 3.24342872773e-05, 1.96943783521e-05, 1.19529768199e-05, 9.51945639827e-06, 1.12001598609e-05, 1.36015514727e-05, 1.46748061525e-05, 1.73355219886e-05, 1.65966885106e-05, 9.64184800978e-06, 7.26106054572e-06, 3.88976832255e-06, 1.7033861468e-06, 1.53024461724e-06, 1.51074198129e-06, 1.36746007229e-06, 1.64700452387e-06, 2.48832725447e-06, 3.46065735357e-06, 2.87466696136e-06, 1.45945034546e-06, 8.35238779473e-07, 3.40598830917e-07, 7.82326537774e-07, 1.40449196806e-06, 3.09810047838e-06, 3.25153428093e-06, 1.53688404225e-06, 7.97237589722e-07, 3.34596563789e-07, 4.65033224373e-07, 1.15532145628e-06, 1.74504532424e-06, 1.72174213731e-06, 9.28940210088e-07, 2.9535206636e-07, 3.8608644104e-07, 1.03983927602e-06, 1.22845517581e-06, 1.04674859358e-06, 3.77679640451e-07, 3.58447522331e-07, 1.36380799631e-06, 2.24863720177e-06, 1.36347512125e-06, 3.22844499578e-07, 7.38688470392e-07, 1.17786441933e-06, 6.88256648118e-07, 2.81941481717e-07, 8.52514858707e-07, 9.49383320403e-07, 1.49471375721e-07, 8.17727539015e-08, 9.26197856188e-08, 1.12095293048e-07, 9.35555704018e-08, 1.18788094028e-07, 1.57410426027e-07, 9.24541083691e-08, 8.62616147401e-08, 9.87398820484e-08, 1.0907206871e-07, 5.11859127528e-07, 2.77773210655e-07, 3.23926485635e-07, 3.48997417632e-07, 8.20157808334e-08, 8.49661105362e-11, 4.91683343345e-12, 4.18635525551e-12, 4.05379202428e-12, 3.95201536427e-12, 3.86605331082e-12, 3.78556994779e-12, 3.73116598382e-12, 3.6871001044e-12, 3.6532053424e-12, 3.63502847614e-12],
        "min": [3.56626217446e-09, 3.31766116801e-08, 1.94553706478e-07, 1.93437259099e-07, 1.54323984702e-08, 1.50362051698e-08, 1.00098915823e-08, 1.51927110892e-08, 8.26162693812e-09, 3.48436923758e-09, 1.96994998092e-09, 4.15617984473e-09, 1.94900984241e-08, 1.00702015615e-08, 7.78367237331e-09, 1.14964482378e-09, 1.52932422282e-08, 2.65393413912e-08, 4.4560253265e-09, 5.03918951011e-09, 4.27134150272e-09, 5.32837418632e-09, 3.70698205465e-09, 8.05951749783e-09, 1.15409104495e-08, 4.35614522232e-09, 3.58576368598e-09, 2.14252549036e-09, 3.13209369551e-09, 3.25180171679e-09, 2.45060394199e-09, 2.75798361926e-09, 8.84637529897e-10, 1.16689635732e-09, 8.98746743694e-10, 1.29019084305e-09, 5.60181290243e-10, 1.23371957095e-09, 1.40491951406e-09, 5.72806579946e-10, 5.65737512392e-10, 1.2449328235e-09, 1.99402383494e-09, 2.17128670599e-09, 1.02482600184e-09, 7.22267301523e-10, 7.02354119309e-10, 6.74738209749e-10, 8.70422844912e-10, 1.07647846193e-09, 5.17618503615e-10, 2.7006971659e-10, 3.60740770589e-10, 1.77265077617e-10, 5.51015455486e-10, 4.76086225998e-10, 8.74824102048e-10, 5.17372533704e-10, 4.8440745859e-10, 3.09113068475e-10, 3.0534402784e-10, 1.53540943848e-10, 1.51227724787e-10, 1.83560819322e-10, 2.07673683805e-10, 2.11320974608e-10, 2.26275914672e-10, 3.27064902939e-10, 2.37879882459e-10, 3.22008308906e-10, 3.54254486856e-10, 1.10909781359e-10, 8.16191697561e-11, 2.81161038895e-10, 1.77035025528e-10, 2.44545245165e-10, 1.65892508064e-10, 1.04571191983e-10, 8.12416869889e-11, 7.46350273251e-11, 1.31025384986e-10, 1.76781519978e-10, 2.15659171077e-10, 2.07003456043e-10, 1.12202039326e-10, 5.30980988345e-11, 9.69286179098e-11, 9.66076524334e-11, 1.06824098178e-10, 3.50369559754e-11, 5.75041125828e-11, 7.28641799674e-11, 1.67340280521e-10, 1.11050259266e-10, 4.36294785022e-11, 5.9532274943e-11, 6.98002003419e-11, 9.97720517315e-11, 5.37332470185e-11, 7.54978857209e-11, 8.89819884442e-11, 1.45579225758e-11, 1.38146594858e-11, 1.39566804294e-11, 2.04148711824e-11, 1.74849492524e-11, 1.76516613826e-11, 2.42884688056e-11, 1.67598487172e-11, 1.06388708607e-11, 1.44052946655e-11, 1.41943228005e-11, 4.86491819052e-11, 4.19618229053e-11, 5.70558149338e-11, 5.00431883432e-11, 4.32022603455e-12, 5.54514286322e-14, 5.31459777445e-14, 4.78548949599e-14, 5.01363714271e-14, 4.15795361737e-14, 6.10087948585e-14, 5.62723085902e-14, 4.93129063246e-14, 4.32857722376e-14, 5.33044203395e-14, 4.41834069331e-14],
        "stdev": [7.63237676438e-06, 4.17022565671e-05, 4.14153691963e-05, 4.0800703573e-05, 0.000162025593454, 0.00051783118397, 0.000435263093095, 0.000293891615001, 0.000617579731625, 0.00082398270024, 0.00118640472647, 0.00152102881111, 0.00271241529845, 0.00223978306167, 0.00210735760629, 0.00135751441121, 0.00141687795985, 0.00150639691856, 0.00114781083539, 0.00142880226485, 0.00172543665394, 0.00109156244434, 0.00163913960569, 0.00127256370615, 0.00132069445681, 0.00145971728489, 0.00113959028386, 0.00152046314906, 0.000945977400988, 0.000430639338447, 0.000177373833139, 0.00012209302804, 7.439959154e-05, 7.83627474448e-05, 5.95955061726e-05, 9.03626714717e-05, 9.55110808718e-05, 0.000114686241432, 0.000285522255581, 0.000179357113666, 0.000252881465713, 0.000272211473202, 0.000357053737389, 0.000212134225876, 5.87834147154e-05, 0.000115730894322, 0.000117567607958, 0.000101084282505, 0.000271832483122, 0.000337201781804, 0.000201327391551, 0.000147868166096, 0.000102015670564, 7.98854962341e-05, 4.62244097434e-05, 5.45813527424e-05, 6.10267306911e-05, 5.89162664255e-05, 3.84956329071e-05, 2.35563547903e-05, 1.36960288728e-05, 6.55354233459e-06, 8.80343577592e-06, 9.44168277783e-06, 6.61165313431e-06, 4.31685202784e-06, 5.96854988544e-06, 1.22440233099e-05, 8.62279284775e-06, 3.47840796167e-06, 2.79555797533e-06, 1.0134671129e-06, 3.89989008909e-06, 5.60948046768e-06, 2.51577566814e-05, 2.73464593192e-05, 8.36127128423e-06, 2.65735639005e-06, 9.61535988608e-07, 1.40990073305e-06, 4.24139807365e-06, 6.60657497065e-06, 6.71768884786e-06, 3.58575857717e-06, 9.4586312116e-07, 1.30678222376e-06, 4.05743003284e-06, 5.02287593918e-06, 4.14623082179e-06, 1.54255963025e-06, 1.83133852261e-06, 8.22148285806e-06, 1.57308932103e-05, 8.18318858364e-06, 1.61421314715e-06, 4.50612697023e-06, 7.83600535215e-06, 3.96497944166e-06, 1.39593691983e-06, 4.90776483275e-06, 5.67137203689e-06, 6.72482997288e-07, 2.87588392212e-07, 3.46619259517e-07, 5.43133410247e-07, 3.57463619594e-07, 5.93630716139e-07, 8.92152513643e-07, 3.50878536892e-07, 2.83429443471e-07, 3.12835339855e-07, 3.86369976013e-07, 2.75911088465e-06, 1.22097219446e-06, 1.71123122072e-06, 1.74135027464e-06, 2.56845140711e-07, 6.62512433802e-10, 6.43379446941e-11, 5.69973755693e-11, 5.50106696307e-11, 5.34466082502e-11, 5.2278022189e-11, 5.11577134821e-11, 5.03763801507e-11, 4.97378666031e-11, 4.91271641423e-11, 4.90214362159e-11]
    },
    "mfcc": {
        "mean": [-715.517700195, 140.951766968, -1.91446912289, 2.55281996727, -6.68798208237, -9.00458145142, -21.4851493835, -11.9744462967, -8.57171440125, 4.78350782394, 8.15963554382, 4.34591388702, -11.6906032562],
        "cov": [[8258.95996094, -719.369567871, -264.393707275, -763.782531738, -1112.15563965, -627.353637695, -629.197143555, -640.871948242, -438.99798584, -128.416091919, -131.053771973, -131.034545898, -392.396820068], [-719.369567871, 1461.46020508, 256.687805176, 94.0334472656, -139.942977905, -196.19883728, -30.8555850983, -113.093200684, -148.558319092, -47.2764015198, -103.844764709, -68.7951202393, -104.354804993], [-264.393707275, 256.687805176, 868.06829834, 110.368309021, -172.553878784, -11.5389757156, -62.1371688843, -147.548934937, -156.135513306, -43.3088417053, -119.896598816, -59.5968437195, -127.753143311], [-763.782531738, 94.0334472656, 110.368309021, 230.579589844, 141.887161255, 60.3969230652, 47.0705184937, 39.0935401917, 25.5351257324, 1.73778951168, -18.5370044708, 0.181575417519, 27.3851070404], [-1112.15563965, -139.942977905, -172.553878784, 141.887161255, 385.251617432, 148.623550415, 76.0250930786, 145.016891479, 122.276725769, 2.69001722336, 57.60313797, 36.5577659607, 128.443710327], [-627.353637695, -196.19883728, -11.5389757156, 60.3969230652, 148.623550415, 214.664505005, 118.816116333, 73.1823120117, 67.2790756226, 29.0284919739, 35.8043136597, 17.9502925873, 28.941280365], [-629.197143555, -30.8555850983, -62.1371688843, 47.0705184937, 76.0250930786, 118.816116333, 193.474578857, 112.963569641, 63.0107955933, 43.3716850281, 22.8541297913, 23.1858444214, 12.3102264404], [-640.871948242, -113.093200684, -147.548934937, 39.0935401917, 145.016891479, 73.1823120117, 112.963569641, 197.9112854, 102.783805847, 23.2821407318, 48.0919532776, 28.1684989929, 69.8074798584], [-438.99798584, -148.558319092, -156.135513306, 25.5351257324, 122.276725769, 67.2790756226, 63.0107955933, 102.783805847, 144.853378296, 47.1799240112, 47.3233718872, 36.292098999, 64.2302398682], [-128.416091919, -47.2764015198, -43.3088417053, 1.73778951168, 2.69001722336, 29.0284919739, 43.3716850281, 23.2821407318, 47.1799240112, 89.9873733521, 32.0517082214, 21.8794898987, 5.83582019806], [-131.053771973, -103.844764709, -119.896598816, -18.5370044708, 57.60313797, 35.8043136597, 22.8541297913, 48.0919532776, 47.3233718872, 32.0517082214, 87.0892715454, 37.3063621521, 39.3920707703], [-131.034545898, -68.7951202393, -59.5968437195, 0.181575417519, 36.5577659607, 17.9502925873, 23.1858444214, 28.1684989929, 36.292098999, 21.8794898987, 37.3063621521, 85.8195648193, 42.3929100037], [-392.396820068, -104.354804993, -127.753143311, 27.3851070404, 128.443710327, 28.941280365, 12.3102264404, 69.8074798584, 64.2302398682, 5.83582019806, 39.3920707703, 42.3929100037, 127.501953125]],
        "icov": [[0.000508334720507, 0.000454530876596, 0.0005484817666, 0.000250931479968, 0.000848538475111, 0.000378951925086, 0.000721834483556, 0.000445244775619, 0.000520768167917, 0.000212732076761, 0.000243278496782, -6.16428515059e-05, 0.00085108645726], [0.000454530876596, 0.00140736857429, 0.000371549424017, -0.000267064955551, 0.00043671001913, 0.00179014587775, -0.000362260616384, 0.000848710420541, 0.000935535412282, 0.000231344762142, 0.000232772435993, 0.000257777253864, 0.00106489891186], [0.0005484817666, 0.000371549424017, 0.00271526561119, -0.00130739144515, 0.00210681930184, -0.00119840423577, 0.00197659269907, 0.000185613200301, 0.00184014765546, 9.43497871049e-05, 0.00168695405591, -0.0005316385068, 0.00157495436724], [0.000250931479968, -0.000267064955551, -0.00130739144515, 0.00832023844123, -0.00374598475173, 0.000778768095188, -0.00103010900784, 0.000585410336498, -2.91072828986e-05, -0.00126017769799, 0.00259543699212, -9.93121429929e-05, 0.000135997368488], [0.000848538475111, 0.00043671001913, 0.00210681930184, -0.00374598475173, 0.0102065652609, -0.00425050733611, 0.00379932671785, -0.0016395333223, -0.000889869115781, 0.00303588877432, -0.000877923797816, 0.000359221186955, -0.00244078505784], [0.000378951925086, 0.00179014587775, -0.00119840423577, 0.000778768095188, -0.00425050733611, 0.0132325841114, -0.00759410345927, 0.00401084497571, -0.000999225652777, 0.000374175579054, -0.00274391518906, 0.00153860903811, 0.00190133368596], [0.000721834483556, -0.000362260616384, 0.00197659269907, -0.00103010900784, 0.00379932671785, -0.00759410345927, 0.0156840737909, -0.00748619064689, 0.00197412702255, -0.00328628136776, 0.00353601016104, -0.00296402676031, 0.00365650095046], [0.000445244775619, 0.000848710420541, 0.000185613200301, 0.000585410336498, -0.0016395333223, 0.00401084497571, -0.00748619064689, 0.0140993474051, -0.00468635931611, 0.00300853187218, -0.00302801444195, 0.00209761946462, -0.00166906754021], [0.000520768167917, 0.000935535412282, 0.00184014765546, -2.91072828986e-05, -0.000889869115781, -0.000999225652777, 0.00197412702255, -0.00468635931611, 0.017479820177, -0.00649589160457, 0.00137635087594, -0.00157612154726, -0.000692617264576], [0.000212732076761, 0.000231344762142, 9.43497871049e-05, -0.00126017769799, 0.00303588877432, 0.000374175579054, -0.00328628136776, 0.00300853187218, -0.00649589160457, 0.0177594739944, -0.00572600448504, -0.000790636928286, 0.00122755719349], [0.000243278496782, 0.000232772435993, 0.00168695405591, 0.00259543699212, -0.000877923797816, -0.00274391518906, 0.00353601016104, -0.00302801444195, 0.00137635087594, -0.00572600448504, 0.0213119089603, -0.00553861120716, -0.000278384599369], [-6.16428515059e-05, 0.000257777253864, -0.0005316385068, -9.93121429929e-05, 0.000359221186955, 0.00153860903811, -0.00296402676031, 0.00209761946462, -0.00157612154726, -0.000790636928286, -0.00553861120716, 0.016838664189, -0.00512079661712], [0.00085108645726, 0.00106489891186, 0.00157495436724, 0.000135997368488, -0.00244078505784, 0.00190133368596, 0.00365650095046, -0.00166906754021, -0.000692617264576, 0.00122755719349, -0.000278384599369, -0.00512079661712, 0.0175520796329]]
    },
    "spectral_contrast_coeffs": {
        "max": [-0.357128858566, -0.406597465277, -0.453321516514, -0.544570982456, -0.500079274178, -0.671264946461],
        "mean": [-0.665961205959, -0.747142791748, -0.741848349571, -0.774407625198, -0.786142766476, -0.793317556381],
        "min": [-0.927832663059, -0.943851709366, -0.947581589222, -0.924450576305, -0.90880304575, -0.930647730827],
        "stdev": [0.119310453534, 0.0881701260805, 0.0816142112017, 0.0622501596808, 0.0493899621069, 0.0291982460767]
    },
    "spectral_contrast_valleys": {
        "max": [-5.89877605438, -4.85146617889, -5.0454750061, -5.89795017242, -6.71341705322, -7.99518203735],
        "mean": [-7.71362924576, -6.52306413651, -8.17192363739, -8.21798801422, -8.56214141846, -11.0209875107],
        "min": [-10.1145334244, -10.3070011139, -11.4766902924, -11.575925827, -11.6448431015, -14.0197753906],
        "stdev": [0.751852214336, 1.05741345882, 0.797227501869, 0.853449225426, 0.854226946831, 0.976537048817]
    }
},
"rhythm": {
    "beats_count": 101,
    "beats_loudness": {
        "max": 0.150719046593,
        "mean": 0.025983992964,
        "min": 4.09242929891e-05,
        "stdev": 0.0249572023749
    },
    "bpm": 129.56854248,
    "bpm_histogram_first_peak_bpm": 129,
    "bpm_histogram_first_peak_weight": 0.415584445,
    "bpm_histogram_second_peak_bpm": 117,
    "bpm_histogram_second_peak_spread": 0.400000035763,
    "bpm_histogram_second_peak_weight": 0.0599999986589,
    "danceability": 1.0288285017,
    "onset_rate": 2.7685546875,
    "beats_loudness_band_ratio": {
        "max": [0.954460144043, 0.934400200844, 0.925827741623, 0.697450578213, 0.644815027714, 0.655129015446],
        "mean": [0.138126462698, 0.260768413544, 0.435756772757, 0.119024254382, 0.0821448564529, 0.0294657703489],
        "min": [0.000898992468137, 0.00441218959168, 0.0113527271897, 0.00278044887818, 0.00162228546105, 0.000645453925245],
        "stdev": [0.21521961689, 0.211328268051, 0.227157309651, 0.135949850082, 0.141342371702, 0.0816846117377]
    },
