{
"metadata": {
    "version": {
        "essentia": "2.1-beta5",
        "essentia_git_sha": "Undefined",
        "extractor": "music 2.0"
    },
    "audio_properties": {
        "analysis": {
            "equal_loudness": 0,
            "length": 45.2556915283,
            "sample_rate": 44100,
            "start_time": 16.2423591614,
            "downmix": "mix"
        },
        "bit_rate": 192000,
        "length": 259.773254395,
        "lossless": 0,
        "number_channels": 2,
        "replay_gain": -6.30589866638,
        "sample_rate": 48000,
        "codec": "mp3",
        "md5_encoded": "4621dc0188ec002d65fc51ee99e752d3"
    },
    "tags": {
        "file_name": "Belgium_Judy Et Cie._Pierre Rapsat.mp3",
        "encoding": ["Lavf58.29.100"]
    }
},
"lowlevel": {
    "average_loudness": 0.174754485488,
    "barkbands_crest": {
        "max": 25.8707408905,
        "mean": 10.8373832703,
        "min": 2.51339936256,
        "stdev": 4.72152757645
    },
    "barkbands_flatness_db": {
        "max": 0.386772930622,
        "mean": 0.197296053171,
        "min": 0.0489824339747,
        "stdev": 0.0610406883061
    },
    "barkbands_kurtosis": {
        "max": 61.9884109497,
        "mean": 2.72608375549,
        "min": -1.86905348301,
        "stdev": 5.59226846695
    },
    "barkbands_skewness": {
        "max": 4.76875925064,
        "mean": 0.650008320808,
        "min": -7.22397565842,
        "stdev": 1.16072106361
    },
    "barkbands_spread": {
        "max": 46.4286422729,
        "mean": 12.595621109,
        "min": 0.686577498913,
        "stdev": 7.35448884964
    },
    "dissonance": {
        "max": 0.499999016523,
        "mean": 0.453699678183,
        "min": 0.165384158492,
        "stdev": 0.0457167848945
    },
    "dynamic_complexity": 6.9550113678,
    "erbbands_crest": {
        "max": 33.095035553,
        "mean": 11.837518692,
        "min": 2.94292259216,
        "stdev": 5.70337057114
    },
    "erbbands_flatness_db": {
        "max": 0.441004872322,
        "mean": 0.272513359785,
        "min": 0.112630963326,
        "stdev": 0.0581744350493
    },
    "erbbands_kurtosis": {
        "max": 56.4559555054,
        "mean": 1.8199211359,
        "min": -1.85157179832,
        "stdev": 5.02458667755
    },
    "erbbands_skewness": {
        "max": 4.11724901199,
        "mean": 0.248065963387,
        "min": -4.97192621231,
        "stdev": 1.11500287056
    },
    "erbbands_spread": {
        "max": 58.8217201233,
        "mean": 19.0179138184,
        "min": 1.03661906719,
        "stdev": 10.1043739319
    },
    "hfc": {
        "max": 486.511779785,
        "mean": 10.8771762848,
        "min": 0.0804545432329,
        "stdev": 28.2247238159
    },
    "loudness_ebu128": {
        "integrated": -20.0271244049,
        "loudness_range": 14.9031028748,
        "momentary": {
            "max": -12.2471914291,
            "mean": -24.8122634888,
            "min": -38.3109741211,
            "stdev": 6.16592979431
        },
        "short_term": {
            "max": -13.8466653824,
            "mean": -23.2630348206,
            "min": -33.2725601196,
            "stdev": 4.40232801437
        }
    },
    "melbands_crest": {
        "max": 33.0676727295,
        "mean": 13.142745018,
        "min": 3.45435786247,
        "stdev": 5.73233556747
    },
    "melbands_flatness_db": {
        "max": 0.456123739481,
        "mean": 0.233041018248,
        "min": 0.0465129204094,
        "stdev": 0.0702946633101
    },
    "melbands_kurtosis": {
        "max": 44.2902412415,
        "mean": 4.10430812836,
        "min": -1.81407248974,
        "stdev": 5.85070896149
    },
    "melbands_skewness": {
        "max": 5.89648532867,
        "mean": 1.0387288332,
        "min": -4.21960306168,
        "stdev": 1.24977982044
    },
    "melbands_spread": {
        "max": 92.2175521851,
        "mean": 21.3507919312,
        "min": 1.66387033463,
        "stdev": 14.4501199722
    },
    "pitch_salience": {
        "max": 0.917417943478,
        "mean": 0.632597267628,
        "min": 0.139321774244,
        "stdev": 0.141648590565
    },
    "silence_rate_20dB": {
        "max": 1,
        "mean": 1,
        "min": 1,
        "stdev": 0
    },
    "silence_rate_30dB": {
        "max": 1,
        "mean": 0.982051253319,
        "min": 0,
        "stdev": 0.132765471935
    },
    "silence_rate_60dB": {
        "max": 1,
        "mean": 0.604615390301,
        "min": 0,
        "stdev": 0.488937556744
    },
    "spectral_centroid": {
        "max": 3186.59692383,
        "mean": 1302.29003906,
        "min": 365.009094238,
        "stdev": 574.76751709
    },
    "spectral_complexity": {
        "max": 40,
        "mean": 8.72512817383,
        "min": 0,
        "stdev": 9.38614177704
    },
    "spectral_decrease": {
        "max": -1.79289048885e-11,
        "mean": -2.64099675462e-09,
        "min": -7.41830561424e-08,
        "stdev": 6.46784226177e-09
    },
    "spectral_energy": {
        "max": 0.32411211729,
        "mean": 0.0109543176368,
        "min": 7.71568156779e-05,
        "stdev": 0.026799954474
    },
    "spectral_energyband_high": {
        "max": 0.000579060288146,
        "mean": 1.5545540009e-05,
        "min": 9.002149568e-07,
        "stdev": 5.05358329974e-05
    },
    "spectral_energyband_low": {
        "max": 0.000333655218128,
        "mean": 2.75189322565e-05,
        "min": 1.35752156893e-06,
        "stdev": 2.74049816653e-05
    },
    "spectral_energyband_middle_high": {
        "max": 0.223080128431,
        "mean": 0.00437682820484,
        "min": 2.01284728973e-05,
        "stdev": 0.0120118949562
    },
    "spectral_energyband_middle_low": {
        "max": 0.160280451179,
        "mean": 0.00661798613146,
        "min": 2.18901386688e-05,
        "stdev": 0.0172057840973
    },
    "spectral_entropy": {
        "max": 8.43550014496,
        "mean": 7.07867336273,
        "min": 5.28992080688,
        "stdev": 0.411765366793
    },
    "spectral_flux": {
        "max": 0.474831670523,
        "mean": 0.0511277876794,
        "min": 0.00517380610108,
        "stdev": 0.0596738122404
    },
    "spectral_kurtosis": {
        "max": 106.580047607,
        "mean": 15.6645774841,
        "min": 1.03536844254,
        "stdev": 12.1463451385
    },
    "spectral_rms": {
        "max": 0.0177822094411,
        "mean": 0.00227165641263,
        "min": 0.000274362799246,
        "stdev": 0.00235089682974
    },
    "spectral_rolloff": {
        "max": 6459.9609375,
        "mean": 1593.86791992,
        "min": 279.931640625,
        "stdev": 756.219238281
    },
    "spectral_skewness": {
        "max": 7.67669296265,
        "mean": 2.41938638687,
        "min": 0.368879854679,
        "stdev": 0.867481589317
    },
    "spectral_spread": {
        "max": 6927293,
        "mean": 2194923.25,
        "min": 590678.25,
        "stdev": 684530.625
    },
    "spectral_strongpeak": {
        "max": 8.8683013916,
        "mean": 0.848548531532,
        "min": 0.00305831362493,
        "stdev": 0.980439245701
    },
    "zerocrossingrate": {
        "max": 0.13623046875,
        "mean": 0.0538989901543,
        "min": 0.01318359375,
        "stdev": 0.0217655040324
    },
    "barkbands": {
        "max": [0.00016432684788, 0.000186988414498, 9.20667371247e-05, 0.000297919410514, 0.0143609344959, 0.0480415411294, 0.119945593178, 0.114793181419, 0.130535393953, 0.0586481541395, 0.066037401557, 0.0228654742241, 0.0332922786474, 0.0537997931242, 0.102367311716, 0.0664203837514, 0.0240427590907, 0.0187951531261, 0.0118918046355, 0.000310466159135, 0.000196494132979, 0.00012836480164, 7.88313191151e-05, 9.95466471068e-05, 0.000117581097584, 4.59164439235e-05, 1.01636544514e-06],
        "mean": [2.87084867523e-06, 1.2951242752e-05, 6.02927821092e-06, 1.44945306602e-05, 0.000593171571381, 0.00104762241244, 0.00185354007408, 0.00173425709363, 0.00123628543224, 0.000460644747363, 0.000474046362797, 0.000382542784791, 0.000331133400323, 0.000553755497094, 0.000795950996689, 0.00063637731364, 0.000513827020768, 0.000209830002859, 7.79371403041e-05, 3.09679671773e-06, 3.29628346663e-06, 3.17465105582e-06, 2.31587068811e-06, 2.4418141038e-06, 2.16127546082e-06, 5.7844249568e-07, 1.2912165781e-09],
        "min": [2.84938206363e-09, 8.20575678517e-08, 3.71084141193e-08, 1.19361116546e-08, 4.19794560003e-07, 5.71029374896e-07, 6.93498293458e-07, 5.14030546128e-07, 8.37849995605e-07, 9.00229565559e-07, 3.27735051542e-07, 6.87860392645e-07, 8.1001894614e-07, 1.30937849008e-06, 8.43185944177e-07, 9.73467649601e-07, 1.90229866348e-06, 2.12149598156e-06, 1.07137475425e-06, 4.0644042798e-08, 2.58221064087e-07, 3.46043265154e-07, 6.64035724185e-08, 5.68844065185e-08, 4.66449314729e-08, 6.50765552557e-10, 3.52574497375e-11],
        "stdev": [6.05157219979e-06, 1.27373414216e-05, 8.95266384759e-06, 2.43023787334e-05, 0.00146133603994, 0.00303202262148, 0.00691323773935, 0.00795893464237, 0.00556071382016, 0.00227196421474, 0.00231890147552, 0.00150508305524, 0.00125698989723, 0.002164630685, 0.00439778389409, 0.00269749737345, 0.00165817746893, 0.000911762239411, 0.00035810211557, 1.2493768736e-05, 1.14834956548e-05, 9.43779105e-06, 7.73293777456e-06, 8.60895488586e-06, 8.2363085312e-06, 2.49142385655e-06, 2.53725396249e-08]
    },
    "erbbands": {
        "max": [0.00637912843376, 0.037999946624, 0.122714288533, 0.596177697182, 3.66537308693, 44.5537490845, 310.984283447, 584.854492188, 1547.55078125, 2421.11523438, 3186.41650391, 2225.43432617, 1535.75415039, 1013.11712646, 3327.09765625, 628.344299316, 1608.98413086, 1726.42224121, 4610.48193359, 3739.09057617, 3712.80737305, 1213.77990723, 1107.39501953, 1584.1907959, 122.425750732, 13.2417211533, 12.3469247818, 6.59387207031, 4.31042337418, 3.78495693207, 2.42543554306, 2.05506157875, 1.74671125412, 1.64065206051, 0.624339997768, 0.325598925352, 0.0454854667187, 0.00344826001674, 0.000248281721724, 0.000417272851337],
        "mean": [0.000620204140432, 0.00200267648324, 0.00579069321975, 0.0345544815063, 0.276070535183, 2.13731074333, 6.49349689484, 9.35074806213, 22.5264377594, 32.5138893127, 37.3973922729, 29.6682548523, 17.3817062378, 15.3010435104, 20.0765247345, 14.5001888275, 15.7317934036, 24.2919826508, 39.6562232971, 38.9612426758, 33.9190254211, 28.4097518921, 13.6737232208, 7.34105634689, 1.54169523716, 0.186176210642, 0.137795835733, 0.131236225367, 0.118445254862, 0.0889466404915, 0.0620512962341, 0.0523554943502, 0.03964664042, 0.0270401611924, 0.013560895808, 0.00479774223641, 0.00053113035392, 1.7862104869e-05, 6.85487339069e-06, 1.32758150357e-05],
        "min": [5.12820543008e-06, 4.99742200191e-05, 9.29868037929e-05, 0.000232573394896, 0.00124848075211, 0.00113997061271, 0.00287459325045, 0.00803722720593, 0.0122882528231, 0.0176437925547, 0.0280150771141, 0.0277722422034, 0.0243898481131, 0.0538054220378, 0.0445889234543, 0.0340722613037, 0.0728784352541, 0.0816055312753, 0.0718186274171, 0.0775521621108, 0.0947452113032, 0.125574633479, 0.135136663914, 0.108450450003, 0.0327751152217, 0.00380961759947, 0.00442064693198, 0.0155253913254, 0.0126900374889, 0.00582335377112, 0.00222797575407, 0.00130293960683, 0.000866171438247, 0.000547051837202, 0.000315840938129, 4.42479795311e-05, 1.92337643057e-06, 1.96052354795e-07, 8.34324538346e-08, 1.03593272627e-07],
        "stdev": [0.000599028135184, 0.00222171284258, 0.00813621096313, 0.0492960438132, 0.448841154575, 5.02477645874, 20.1398868561, 29.7386436462, 80.9443435669, 122.706062317, 185.378555298, 126.186088562, 73.0495071411, 58.2316665649, 110.482131958, 49.7244377136, 58.1297264099, 80.752571106, 220.836273193, 178.405090332, 148.919799805, 88.8052368164, 53.2819595337, 41.7981071472, 5.09734678268, 0.612513184547, 0.573230326176, 0.384321659803, 0.357400774956, 0.282087355852, 0.207506433129, 0.183536589146, 0.141790181398, 0.103151381016, 0.0523316301405, 0.019412279129, 0.00256855273619, 0.000110342603875, 1.64779448824e-05, 3.23081512761e-05]
    },
    "gfcc": {
        "mean": [-165.091583252, 126.542831421, -175.221420288, -3.87825036049, -58.1837654114, -5.49549913406, -53.9269828796, 9.60335540771, -12.7802877426, -8.85597229004, -5.56067943573, 3.24430608749, -1.77431356907],
        "cov": [[4260.57958984, -230.037338257, -620.354431152, -906.763671875, 199.224121094, -487.01083374, -602.160339355, -228.477386475, 232.056747437, 36.7628746033, 80.1207122803, -16.2130355835, 53.1986923218], [-230.037338257, 1225.59179688, 320.629455566, -411.690887451, -140.033279419, -453.939880371, 47.1550788879, -173.309555054, 136.682754517, -143.875274658, 82.4322280884, -14.1617288589, 85.7355804443], [-620.354431152, 320.629455566, 388.760650635, 96.1883926392, -196.364059448, -29.6401519775, 52.5072860718, -35.4228973389, -33.9644012451, -12.9118795395, -19.4674549103, 25.2746753693, 28.4455795288], [-906.763671875, -411.690887451, 96.1883926392, 637.702026367, 110.320838928, 214.876937866, -25.0420093536, 118.180480957, -79.6121520996, 76.2166137695, -59.9924507141, 17.4295654297, -35.2588882446], [199.224121094, -140.033279419, -196.364059448, 110.320838928, 317.04510498, 9.13427639008, -109.232978821, 10.9145431519, 38.7581176758, 19.232334137, 14.8100299835, 10.517077446, -23.1388950348], [-487.01083374, -453.939880371, -29.6401519775, 214.876937866, 9.13427639008, 460.381713867, 173.276000977, 72.1020889282, -141.570587158, 49.6570472717, -58.133556366, 5.0568780899, -53.8727111816], [-602.160339355, 47.1550788879, 52.5072860718, -25.0420093536, -109.232978821, 173.276000977, 357.164215088, 110.652893066, -77.8953399658, -64.5529174805, -1.98112010956, -24.255022049, -16.7830982208], [-228.477386475, -173.309555054, -35.4228973389, 118.180480957, 10.9145431519, 72.1020889282, 110.652893066, 185.603775024, 37.5102500916, 24.0847663879, -34.5459518433, -22.5069847107, -34.6237373352], [232.056747437, 136.682754517, -33.9644012451, -79.6121520996, 38.7581176758, -141.570587158, -77.8953399658, 37.5102500916, 182.131011963, 48.4130973816, 0.107359729707, -32.4735794067, 4.03529548645], [36.7628746033, -143.875274658, -12.9118795395, 76.2166137695, 19.232334137, 49.6570472717, -64.5529174805, 24.0847663879, 48.4130973816, 125.62374115, 15.6229352951, -3.60923171043, -40.550617218], [80.1207122803, 82.4322280884, -19.4674549103, -59.9924507141, 14.8100299835, -58.133556366, -1.98112010956, -34.5459518433, 0.107359729707, 15.6229352951, 100.597206116, 37.0953369141, -3.00173687935], [-16.2130355835, -14.1617288589, 25.2746753693, 17.4295654297, 10.517077446, 5.0568780899, -24.255022049, -22.5069847107, -32.4735794067, -3.60923171043, 37.0953369141, 85.4955291748, 31.6692466736], [53.1986923218, 85.7355804443, 28.4455795288, -35.2588882446, -23.1388950348, -53.8727111816, -16.7830982208, -34.6237373352, 4.03529548645, -40.550617218, -3.00173687935, 31.6692466736, 83.1401977539]],
        "icov": [[0.000997315393761, 0.00117172149476, -0.000683420861606, 0.00230707623996, -0.00084387359675, 0.000331530667609, 0.00174857093953, -0.00069899612572, 0.000243992850301, 0.000357269949745, -0.00101576861925, 0.00143498240504, -0.0010132411262], [0.00117172149476, 0.00708261318505, -0.00675238156691, 0.00442826282233, -0.00391788082197, 0.00351272337139, -0.00196846923791, 0.00410644710064, -0.00468849763274, 0.00391149474308, -0.00326741393656, 0.00331413908862, -0.000611715950072], [-0.000683420861606, -0.00675238156691, 0.0142672471702, -0.00729785952717, 0.00840187910944, -0.000284495821688, -0.00178918533493, 0.00222175568342, 0.00178360089194, -0.00501447962597, 0.00809509679675, -0.00923018530011, 0.00341805419885], [0.00230707623996, 0.00442826282233, -0.00729785952717, 0.0109486747533, -0.00629377830774, -0.000112742091005, 0.00638533430174, -0.00650150375441, 0.0038767834194, 0.000125472986838, -0.00447902688757, 0.00733524654061, -0.00522865215316], [-0.00084387359675, -0.00391788082197, 0.00840187910944, -0.00629377830774, 0.0104276631027, -0.00251217395999, 0.00107729563024, 0.00127401482314, -0.00290982611477, 0.00245656259358, 0.00107877573464, -0.00567608838901, 0.00459919637069], [0.000331530667609, 0.00351272337139, -0.000284495821688, -0.000112742091005, -0.00251217395999, 0.0113440165296, -0.00961459055543, 0.00737302750349, 0.00165142386686, -0.00761939259246, 0.00906865205616, -0.00491467630491, 0.0023991886992], [0.00174857093953, -0.00196846923791, -0.00178918533493, 0.00638533430174, 0.00107729563024, -0.00961459055543, 0.0201839841902, -0.0168857034296, 0.00613362714648, 0.00813487358391, -0.013106781058, 0.0114688146859, -0.00582848349586], [-0.00069899612572, 0.00410644710064, 0.00222175568342, -0.00650150375441, 0.00127401482314, 0.00737302750349, -0.0168857034296, 0.0253889411688, -0.0135610913858, -0.000826450588647, 0.0106677664444, -0.0109255053103, 0.00979389529675], [0.000243992850301, -0.00468849763274, 0.00178360089194, 0.0038767834194, -0.00290982611477, 0.00165142386686, 0.00613362714648, -0.0135610913858, 0.0231616385281, -0.0139735145494, 0.00253408029675, 0.00677421037108, -0.0088649969548], [0.000357269949745, 0.00391149474308, -0.00501447962597, 0.000125472986838, 0.00245656259358, -0.00761939259246, 0.00813487358391, -0.000826450588647, -0.0139735145494, 0.0283117871732, -0.0150273172185, 0.00427541043609, 0.0068669822067], [-0.00101576861925, -0.00326741393656, 0.00809509679675, -0.00447902688757, 0.00107877573464, 0.00906865205616, -0.013106781058, 0.0106677664444, 0.00253408029675, -0.0150273172185, 0.0307735782117, -0.0200033579022, 0.00860172137618], [0.00143498240504, 0.00331413908862, -0.00923018530011, 0.00733524654061, -0.00567608838901, -0.00491467630491, 0.0114688146859, -0.0109255053103, 0.00677421037108, 0.00427541043609, -0.0200033579022, 0.0326503962278, -0.016468770802], [-0.0010132411262, -0.000611715950072, 0.00341805419885, -0.00522865215316, 0.00459919637069, 0.0023991886992, -0.00582848349586, 0.00979389529675, -0.0088649969548, 0.0068669822067, 0.00860172137618, -0.016468770802, 0.0260201841593]]
    },
    "melbands": {
        "max": [5.25641917193e-05, 5.69168041693e-05, 0.00015372892085, 0.00126518402249, 0.00818283390254, 0.0114000532776, 0.025502981618, 0.0217209160328, 0.0260790102184, 0.0140081103891, 0.00844945479184, 0.00501781050116, 0.00985408108681, 0.00464200647548, 0.00273398193531, 0.002932428848, 0.00344130117446, 0.00736263301224, 0.00698814215139, 0.00451905606315, 0.00426893215626, 0.00138939195313, 0.00141109677497, 0.000802462513093, 0.00142529723234, 0.000136865666718, 9.20384991332e-06, 8.59170722833e-06, 9.44075691223e-06, 4.32225715485e-06, 3.75164040634e-06, 2.53960047303e-06, 2.54864926319e-06, 1.99170222004e-06, 1.43313445733e-06, 1.46816216784e-06, 1.24120754208e-06, 1.42132159908e-06, 1.28114959352e-06, 1.48473100126e-06],
        "mean": [4.46414787802e-06, 2.97600945487e-06, 1.02219819382e-05, 7.56251029088e-05, 0.000208738521906, 0.000218860688619, 0.000355233176379, 0.000363965868019, 0.000297592283459, 0.0001743909379, 8.34869715618e-05, 6.05998975516e-05, 6.43211969873e-05, 4.73893269373e-05, 3.42757630278e-05, 3.56047130481e-05, 4.56141024188e-05, 6.21467988822e-05, 5.87173708482e-05, 4.68078469567e-05, 3.82698453905e-05, 3.13112323056e-05, 1.84893997357e-05, 8.48063609737e-06, 5.85899579164e-06, 1.95002303371e-06, 1.54614610892e-07, 8.71967458238e-08, 8.40576532823e-08, 8.01906807624e-08, 7.4334266742e-08, 6.89134154186e-08, 5.64790667568e-08, 4.68939376219e-08, 3.59938354677e-08, 3.18178514647e-08, 3.1836819403e-08, 2.80677241449e-08, 2.54818033341e-08, 2.187297099e-08],
        "min": [3.42704709055e-08, 9.20355631706e-08, 1.09188547981e-07, 9.71811928707e-08, 9.06595545302e-08, 1.71602152932e-07, 2.03149298272e-07, 1.8632132992e-07, 1.57273987611e-07, 1.11542952652e-07, 9.55711882966e-08, 1.79675396339e-07, 5.07931972038e-08, 6.51807212648e-08, 6.38658121943e-08, 4.63659119987e-08, 1.32137898845e-07, 8.74073009527e-08, 6.76577727177e-08, 7.1518201139e-08, 9.93589566178e-08, 1.14933286e-07, 1.17533481614e-07, 7.81506486192e-08, 8.56090025536e-08, 3.93129440113e-08, 2.69282707244e-09, 7.61599061594e-10, 1.07281761252e-09, 5.8491744781e-09, 7.80549758161e-09, 6.91410262377e-09, 4.21452117649e-09, 1.67364433423e-09, 1.06892794616e-09, 5.39208178107e-10, 5.4972726371e-10, 4.26434554335e-10, 2.1308577125e-10, 3.18727100268e-10],
        "stdev": [4.30930322182e-06, 3.68328369404e-06, 1.41095342769e-05, 0.000159063944011, 0.000593165052123, 0.000656682648696, 0.00128125993069, 0.00138488586526, 0.0014820023207, 0.000729699444491, 0.000366273452528, 0.000238413136685, 0.000336916389642, 0.00021577932057, 0.000109058171802, 0.00013205895084, 0.000156828595209, 0.000347369845258, 0.000310192117468, 0.000204885611311, 0.000171463005245, 0.000100785335235, 6.81269957568e-05, 3.69031295122e-05, 3.64950174117e-05, 6.32558658253e-06, 4.7033051942e-07, 3.69937396272e-07, 3.94297302364e-07, 2.85836506464e-07, 2.10945373169e-07, 2.10355281638e-07, 1.75871846864e-07, 1.5615651705e-07, 1.20747586152e-07, 1.14808884177e-07, 1.13406343871e-07, 1.02426795934e-07, 9.37557658176e-08, 8.67061160648e-08]
    },
    "melbands128": {
        "max": [6.5711523348e-05, 5.69052972423e-05, 5.74692458031e-05, 6.4476604166e-05, 7.34503992135e-05, 5.05526222696e-05, 0.000146500111441, 0.00021861604182, 0.000424704136094, 0.00138180749491, 0.00257485848852, 0.00685219140723, 0.0149011723697, 0.0124057522044, 0.0198054686189, 0.0148159191012, 0.0259696692228, 0.0459066964686, 0.0332996062934, 0.0417203865945, 0.0327713750303, 0.0325120985508, 0.0498113781214, 0.0378114022315, 0.020450187847, 0.0118612572551, 0.00907982606441, 0.0124123413116, 0.0197839085013, 0.00412153359503, 0.0057433815673, 0.00425531156361, 0.00933982431889, 0.018267614767, 0.0061849267222, 0.00371480709873, 0.00189565087203, 0.00247881677933, 0.00396397756413, 0.00540169281885, 0.00206435285509, 0.00348663446493, 0.00346459029242, 0.00469484506175, 0.00557051924989, 0.0119397165254, 0.0170013085008, 0.011686693877, 0.00485750334337, 0.00722626503557, 0.00540771847591, 0.00340000493452, 0.00766644021496, 0.00437211524695, 0.00269345496781, 0.00241456297226, 0.00136673194356, 0.00150930834934, 0.0020819355268, 0.00152378482744, 0.000775353750214, 0.000901994237211, 0.00338226556778, 0.000678215059452, 0.00032650702633, 0.000108875326987, 2.80789499811e-05, 8.74341185408e-06, 1.08701096906e-05, 7.92613991507e-06, 8.35443552205e-06, 8.23450227472e-06, 1.10860928544e-05, 1.10603014036e-05, 6.65793322696e-06, 6.84322458255e-06, 3.66550648323e-06, 3.91886260331e-06, 4.21093682235e-06, 3.39641042046e-06, 3.13957707476e-06, 3.24796883433e-06, 2.63403444478e-06, 2.65343442152e-06, 2.91390097118e-06, 2.83579743154e-06, 2.31472995438e-06, 1.36787275551e-06, 1.81086477369e-06, 1.73176829321e-06, 1.63121819696e-06, 2.27054215429e-06, 2.04580214813e-06, 1.43299484989e-06, 1.70231010088e-06, 1.73630189693e-06, 1.34010281272e-06, 1.64929758739e-06, 1.62204958087e-06, 1.0899341305e-06, 1.49674315253e-06, 1.7031624111e-06, 1.51326457853e-06, 1.35841798965e-06, 8.76193382737e-07, 1.0737452385e-06, 8.99418637346e-07, 7.95202424797e-07, 8.22873232664e-07, 6.36772028884e-07, 4.95380504617e-07, 2.37383190438e-07, 1.13383464395e-07, 4.7899529676e-08, 4.13324272586e-08, 3.42630421812e-08, 3.83666574066e-08, 6.78997791326e-09, 2.08010253466e-09, 2.03090855244e-09, 1.99154870373e-09, 1.94391902575e-09, 1.91509208491e-09, 1.86320581186e-09, 1.83932746811e-09, 1.82117787517e-09, 1.80392101257e-09, 1.79430292846e-09],
        "mean": [2.04560160455e-06, 5.92441256231e-06, 5.02661669088e-06, 2.60263482232e-06, 2.12276540879e-06, 3.33065713676e-06, 5.77898072152e-06, 7.68342579249e-06, 2.13467701542e-05, 5.17448206665e-05, 0.000114739435958, 0.000214530853555, 0.000251019519055, 0.0001830165711, 0.000175787921762, 0.000238482927671, 0.000352059665602, 0.000362913007848, 0.000395247567212, 0.000351702270564, 0.000371935311705, 0.000330514856614, 0.000308676244458, 0.000234885534155, 0.000200405731448, 0.000157483344083, 9.04591433937e-05, 7.51813640818e-05, 8.0750665802e-05, 5.22035079484e-05, 6.21724175289e-05, 5.85692323511e-05, 5.53394456801e-05, 8.34819875308e-05, 5.5612581491e-05, 3.50833397533e-05, 3.25588662236e-05, 3.90308559872e-05, 2.89774925477e-05, 3.57183962478e-05, 3.33374628099e-05, 4.17948649556e-05, 4.52915228379e-05, 4.46101730631e-05, 5.81490930927e-05, 6.40102152829e-05, 7.11488173692e-05, 6.04093911534e-05, 5.17410662724e-05, 5.32389494765e-05, 4.68236721645e-05, 3.99604905397e-05, 4.00618373533e-05, 3.72159884137e-05, 3.47192908521e-05, 3.18920792779e-05, 2.80679323623e-05, 2.21722984861e-05, 1.50760943143e-05, 1.04331638795e-05, 8.14667600935e-06, 6.75778892401e-06, 7.12768633093e-06, 5.47856188859e-06, 4.35504080087e-06, 1.9241431346e-06, 4.49688712933e-07, 1.55153671244e-07, 1.20890447874e-07, 9.18819154094e-08, 8.58094679757e-08, 8.28808737197e-08, 9.1201371788e-08, 8.19961414322e-08, 8.03784985237e-08, 8.20060677142e-08, 7.7943148824e-08, 7.74906112611e-08, 7.44861807789e-08, 6.96351705187e-08, 7.26663458295e-08, 6.78783820263e-08, 6.34468477756e-08, 5.66321283202e-08, 4.82323230244e-08, 5.04747532659e-08, 4.79498929451e-08, 3.72218735833e-08, 3.66901033999e-08, 3.3321700954e-08, 3.10595069664e-08, 3.09172101254e-08, 3.38728796123e-08, 3.28261968718e-08, 3.02339593361e-08, 2.86648447201e-08, 2.83044752081e-08, 2.60808601382e-08, 2.55841481334e-08, 2.49836862309e-08, 2.42933300143e-08, 2.15172395457e-08, 1.88410407276e-08, 1.79457018135e-08, 1.55372532618e-08, 1.35152982139e-08, 1.12154001641e-08, 9.59400558997e-09, 7.71321584381e-09, 7.42818473398e-09, 6.00691318908e-09, 1.604881672e-09, 2.34262637067e-10, 8.79184780533e-11, 7.60434284985e-11, 6.51924209061e-11, 2.88413164878e-11, 6.50744822611e-12, 3.37726331276e-12, 2.88698643984e-12, 2.81687477163e-12, 2.75749106708e-12, 2.71567534085e-12, 2.65098338247e-12, 2.56386426846e-12, 2.44033330869e-12, 2.36730882293e-12, 2.34720055892e-12],
        "min": [4.78165396167e-10, 1.93515461433e-08, 1.64984896855e-08, 2.07988506418e-08, 9.35840027694e-09, 1.74848704404e-08, 1.37248399312e-08, 2.75546363504e-09, 5.29801980065e-08, 3.44718671386e-08, 1.18267573512e-08, 1.32483934934e-08, 3.23235838096e-08, 3.96921251422e-08, 2.42499744729e-08, 3.34837721994e-08, 6.93427608667e-08, 2.01126244548e-08, 3.27412408296e-08, 1.31839206219e-08, 4.82402171542e-08, 5.37153646007e-08, 5.0922711381e-08, 5.69629037273e-08, 3.34109131472e-08, 3.73699577949e-08, 3.03886089625e-08, 3.42141852627e-08, 1.89372606485e-08, 6.11054673527e-08, 4.45098038426e-08, 1.88840250104e-08, 2.77430629581e-08, 4.69381546964e-08, 3.12879464559e-08, 1.14911387072e-08, 2.41410020863e-08, 1.59939972377e-08, 1.57985180493e-08, 3.81850213671e-08, 2.27071801362e-08, 3.65930930002e-08, 4.95037966175e-08, 1.72533738407e-08, 3.18152473255e-08, 2.17326956431e-08, 3.56465434947e-08, 4.21435117914e-08, 3.82914286945e-08, 4.15317238378e-08, 3.72558695005e-08, 1.68460410066e-08, 3.90727734612e-08, 3.24962137199e-08, 3.73829216471e-08, 2.59872230401e-08, 3.54374272149e-08, 2.42478090939e-08, 3.66246553085e-08, 3.45110606759e-08, 3.60666234656e-08, 6.10477268737e-09, 3.49517854659e-08, 3.98843127414e-08, 4.33007905087e-08, 4.14792360459e-08, 5.71178571107e-09, 4.61783250527e-10, 1.65927604989e-10, 4.17887363602e-10, 1.61561361511e-10, 1.09083971023e-10, 2.25901297668e-10, 5.66496072274e-10, 8.11530675993e-10, 1.65382585404e-09, 2.25594321002e-09, 6.48278586368e-09, 4.48906423145e-09, 4.14222567358e-09, 4.57942084253e-09, 3.31284888411e-09, 2.76084555217e-09, 1.60945834438e-09, 1.44810330394e-09, 9.81642545028e-10, 2.14593801062e-10, 1.65264607555e-10, 2.70305527961e-10, 2.28345592435e-10, 1.83148860661e-11, 5.88617349306e-11, 2.08893569109e-10, 1.84537801706e-10, 4.82440233596e-11, 1.62011876137e-10, 4.30192895196e-11, 6.50710318961e-11, 5.6086604111e-11, 2.33242505171e-11, 6.04261640724e-11, 9.31092772327e-11, 6.19192960793e-11, 4.70909353179e-11, 4.57980667279e-11, 7.48562392627e-11, 3.9843833094e-11, 4.26826152547e-12, 6.74534321628e-13, 2.2865219375e-13, 1.17112062777e-13, 6.65652564536e-14, 9.30019340077e-14, 7.69795943027e-14, 9.4479294993e-14, 1.08367653772e-13, 9.95000387421e-14, 9.89437007261e-14, 9.82348900033e-14, 1.0074228371e-13, 1.03840770889e-13, 8.58066669476e-14, 1.08865804013e-13, 1.0579472682e-13, 6.1354025159e-14, 2.48323497182e-14, 4.26847938912e-15, 1.28938875712e-16],
        "stdev": [3.20948674926e-06, 5.82385882808e-06, 5.04720992467e-06, 3.50776667801e-06, 3.74354181076e-06, 5.07021422891e-06, 1.03197780845e-05, 1.37627548611e-05, 4.03606354666e-05, 0.000120514647278, 0.000303893437376, 0.000661210215185, 0.000904250598978, 0.000711324682925, 0.000792945094872, 0.000903790467419, 0.001460847212, 0.00175754365046, 0.00198667962104, 0.00161157594994, 0.00194605381694, 0.00185997702647, 0.00212221592665, 0.00153299910016, 0.00100376189221, 0.000680444645695, 0.000363402621588, 0.00044138127123, 0.000579220068175, 0.000225993891945, 0.000267369905487, 0.000248387921602, 0.000348653557012, 0.000577285245527, 0.000324130232912, 0.000182936419151, 0.000123198580695, 0.000131725944811, 0.000120916622109, 0.000194537118659, 0.000122605793877, 0.000159405375598, 0.000166277517565, 0.000184018004802, 0.000290689669782, 0.000419135816628, 0.000606975052506, 0.000387485662941, 0.00025835444103, 0.000293942575809, 0.000207277465961, 0.000164600292919, 0.000248995318543, 0.000159851260833, 0.000130224303575, 0.000113345166028, 9.58533128141e-05, 8.27226394904e-05, 7.30826868676e-05, 5.23775452166e-05, 3.70939051209e-05, 2.84090292553e-05, 7.88887045928e-05, 2.58330182987e-05, 1.57626527653e-05, 5.87128124607e-06, 1.30952787458e-06, 5.25359041603e-07, 4.55554328482e-07, 3.99436146381e-07, 3.79450426635e-07, 3.897572185e-07, 4.74381153026e-07, 4.33537621802e-07, 3.5614075955e-07, 3.5181656699e-07, 2.53179848642e-07, 2.18034415411e-07, 2.34503787055e-07, 2.15831406081e-07, 2.26018144645e-07, 2.29298677823e-07, 2.16525748442e-07, 1.81923240916e-07, 1.61433618473e-07, 1.86310884942e-07, 1.7389889706e-07, 1.27520195292e-07, 1.29545711047e-07, 1.23896114701e-07, 1.21223322935e-07, 1.22569559835e-07, 1.27388858573e-07, 1.21823632071e-07, 1.16106711801e-07, 1.10281874299e-07, 1.06704803216e-07, 1.00129241787e-07, 9.90441435533e-08, 9.54005301423e-08, 1.00861562657e-07, 9.21097722539e-08, 8.15538143684e-08, 7.86597524893e-08, 6.2427737646e-08, 5.52916823437e-08, 4.97523018339e-08, 4.23462971355e-08, 3.31602159065e-08, 3.36423724434e-08, 2.89321508973e-08, 1.15548575153e-08, 3.27298210756e-09, 1.38877842559e-09, 1.30788957442e-09, 9.77721903439e-10, 8.7448859265e-10, 1.61307939228e-10, 5.13555725723e-11, 4.63307968379e-11, 4.54289696139e-11, 4.434352191e-11, 4.36827032879e-11, 4.25061895404e-11, 4.19606675794e-11, 4.15474078752e-11, 4.11553360835e-11, 4.09359525444e-11]
    },
    "mfcc": {
        "mean": [-794.797424316, 163.201095581, -54.6586112976, -4.6696844101, 4.0321726799, -17.6973686218, -26.332403183, 6.67021036148, -7.90521764755, -15.2431917191, 10.5267925262, -6.54160881042, -7.11791801453],
        "cov": [[4355.22851562, 43.6890563965, -899.941955566, -599.470825195, 300.901611328, -342.008422852, -523.687194824, -433.623352051, -156.247024536, -6.72836637497, -210.503326416, 88.522026062, 75.4676208496], [43.6890563965, 1551.42211914, 135.785812378, -119.247825623, -251.459960938, -306.197509766, -315.546325684, -89.2398529053, -89.0528411865, -174.876708984, -4.73729896545, -36.681892395, 3.61259865761], [-899.941955566, 135.785812378, 582.165161133, 121.739532471, -246.213119507, 42.9329681396, 74.9750518799, 13.0583658218, 17.9825572968, -34.3656311035, -28.5918979645, -14.7032899857, -22.2978305817], [-599.470825195, -119.247825623, 121.739532471, 342.37121582, 151.179000854, -3.25230932236, -30.2489910126, 22.5552482605, 5.83188581467, 2.64157390594, 33.6582717896, -33.4340133667, -22.0673503876], [300.901611328, -251.459960938, -246.213119507, 151.179000854, 396.630218506, 49.7299575806, -128.517028809, -67.6046142578, -21.3813438416, -1.01556289196, 20.5580539703, 8.53579330444, -2.08869600296], [-342.008422852, -306.197509766, 42.9329681396, -3.25230932236, 49.7299575806, 238.207382202, 170.169128418, 28.6582984924, 7.89520168304, 10.7350959778, -3.20649409294, 13.8884334564, -4.53652000427], [-523.687194824, -315.546325684, 74.9750518799, -30.2489910126, -128.517028809, 170.169128418, 341.582489014, 167.217712402, 20.8410129547, 21.8163948059, 8.76646995544, -8.59939670563, 5.79394245148], [-433.623352051, -89.2398529053, 13.0583658218, 22.5552482605, -67.6046142578, 28.6582984924, 167.217712402, 189.946533203, 67.1163635254, 15.5207567215, 23.0306682587, -24.5656490326, -1.88302659988], [-156.247024536, -89.0528411865, 17.9825572968, 5.83188581467, -21.3813438416, 7.89520168304, 20.8410129547, 67.1163635254, 126.915405273, 80.7059707642, 16.6562538147, -15.1752262115, -17.9048614502], [-6.72836637497, -174.876708984, -34.3656311035, 2.64157390594, -1.01556289196, 10.7350959778, 21.8163948059, 15.5207567215, 80.7059707642, 147.528808594, 66.2054214478, -1.65344190598, -24.9366569519], [-210.503326416, -4.73729896545, -28.5918979645, 33.6582717896, 20.5580539703, -3.20649409294, 8.76646995544, 23.0306682587, 16.6562538147, 66.2054214478, 127.076080322, 37.5251541138, -4.5448474884], [88.522026062, -36.681892395, -14.7032899857, -33.4340133667, 8.53579330444, 13.8884334564, -8.59939670563, -24.5656490326, -15.1752262115, -1.65344190598, 37.5251541138, 96.8202514648, 52.5165214539], [75.4676208496, 3.61259865761, -22.2978305817, -22.0673503876, -2.08869600296, -4.53652000427, 5.79394245148, -1.88302659988, -17.9048614502, -24.9366569519, -4.5448474884, 52.5165214539, 92.6939544678]],
        "icov": [[0.00127678073477, 8.3962266217e-05, 0.00037422022433, 0.00250753294677, -0.00214680749923, 0.00303598796017, -0.000923729734495, 0.00145571900066, 0.000997107825242, -0.00191802333575, 0.0031046718359, -0.00154092593584, 0.000533587008249], [8.3962266217e-05, 0.00195675110444, 0.000102373203845, 0.000624256615993, 0.00209169532172, -0.000404918187996, 0.00330387195572, -0.000835530459881, 0.000450432475191, 0.00279432022944, -0.0026209957432, 0.0024406502489, -0.00084009062266], [0.00037422022433, 0.000102373203845, 0.00667910045013, -0.00514812488109, 0.00726806838065, -0.00360648846254, 0.0017356753815, 0.00291933864355, -0.00231692730449, 0.00248432625085, 0.00114864029456, -0.00175732735079, 0.00128324376419], [0.00250753294677, 0.000624256615993, -0.00514812488109, 0.014398352243, -0.0124689759687, 0.0103809181601, -0.00306624826044, 6.37036500848e-05, 0.00391705799848, -0.00467627122998, 0.0033323278185, 0.000893920194358, -0.000300916581182], [-0.00214680749923, 0.00209169532172, 0.00726806838065, -0.0124689759687, 0.0208018627018, -0.0162105336785, 0.013695878908, -0.00401152577251, -0.000895850884262, 0.0077453032136, -0.00771732162684, 0.00409656390548, -0.00160468032118], [0.00303598796017, -0.000404918187996, -0.00360648846254, 0.0103809181601, -0.0162105336785, 0.0247897747904, -0.0186666809022, 0.0126704359427, -0.00407370505854, -0.00236835167743, 0.00738538242877, -0.00605991575867, 0.00379132176749], [-0.000923729734495, 0.00330387195572, 0.0017356753815, -0.00306624826044, 0.013695878908, -0.0186666809022, 0.028179988265, -0.02078268677, 0.0129767674953, -0.0024403880816, -0.00319130672142, 0.00527721643448, -0.0037739444524], [0.00145571900066, -0.000835530459881, 0.00291933864355, 6.37036500848e-05, -0.00401152577251, 0.0126704359427, -0.02078268677, 0.0293579790741, -0.0189890004694, 0.0107690822333, -0.00339665217325, 0.00131385261193, 0.000308209040668], [0.000997107825242, 0.000450432475191, -0.00231692730449, 0.00391705799848, -0.000895850884262, -0.00407370505854, 0.0129767674953, -0.0189890004694, 0.0285675153136, -0.0197778213769, 0.0100643765181, -0.00268993666396, 0.000344325177139], [-0.00191802333575, 0.00279432022944, 0.00248432625085, -0.00467627122998, 0.0077453032136, -0.00236835167743, -0.0024403880816, 0.0107690822333, -0.0197778213769, 0.0299896206707, -0.0201881881803, 0.00934833846986, -0.000671728572343], [0.0031046718359, -0.0026209957432, 0.00114864029456, 0.0033323278185, -0.00771732162684, 0.00738538242877, -0.00319130672142, -0.00339665217325, 0.0100643765181, -0.0201881881803, 0.0293419733644, -0.0180401168764, 0.00713452883065], [-0.00154092593584, 0.0024406502489, -0.00175732735079, 0.000893920194358, 0.00409656390548, -0.00605991575867, 0.00527721643448, 0.00131385261193, -0.00268993666396, 0.00934833846986, -0.0180401168764, 0.0287308096886, -0.0147248003632], [0.000533587008249, -0.00084009062266, 0.00128324376419, -0.000300916581182, -0.00160468032118, 0.00379132176749, -0.0037739444524, 0.000308209040668, 0.000344325177139, -0.000671728572343, 0.00713452883065, -0.0147248003632, 0.0195931717753]]
    },
    "spectral_contrast_coeffs": {
        "max": [-0.349761039019, -0.418149828911, -0.51417183876, -0.611217498779, -0.404193580151, -0.690008759499],
        "mean": [-0.675932645798, -0.774487674236, -0.784615635872, -0.823589622974, -0.678694725037, -0.786560356617],
        "min": [-0.92052936554, -0.937760233879, -0.937805294991, -0.922640502453, -0.866289138794, -0.890001296997],
        "stdev": [0.107502743602, 0.0854818075895, 0.0715845301747, 0.0503459125757, 0.0745012611151, 0.0200938675553]
    },
    "spectral_contrast_valleys": {
        "max": [-7.24760055542, -4.16507196426, -4.86945343018, -4.79906988144, -6.6520318985, -9.23224067688],
        "mean": [-8.94065952301, -7.41445970535, -8.01106834412, -8.0063123703, -9.78450202942, -12.5058908463],
        "min": [-10.3678855896, -9.28188514709, -9.60723972321, -9.58344745636, -10.715880394, -13.5577535629],
        "stdev": [0.468220680952, 0.893137812614, 0.836893737316, 0.966506898403, 0.769818425179, 0.838680803776]
    }
},
"rhythm": {
    "beats_count": 82,
    "beats_loudness": {
        "max": 0.207640394568,
        "mean": 0.0196128562093,
        "min": 0.000220814792556,
        "stdev": 0.0392493829131
    },
    "bpm": 120.215950012,
    "bpm_histogram_first_peak_bpm": 120,
    "bpm_histogram_first_peak_weight": 0.470588207245,
    "bpm_histogram_second_peak_bpm": 96,
    "bpm_histogram_second_peak_spread": 0.444444417953,
    "bpm_histogram_second_peak_weight": 0.123456791043,
    "danceability": 1.2003673315,
    "onset_rate": 3.97638010979,
    "beats_loudness_band_ratio": {
        "max": [0.16457977891, 0.806459963322, 0.880947709084, 0.976069688797, 0.576336324215, 0.136827737093],
        "mean": [0.0225999411196, 0.255813002586, 0.410544425249, 0.206970795989, 0.140503376722, 0.0109488274902],
        "min": [0.000507302640472, 0.00267983251251, 0.00246741017327, 0.00449338275939, 0.00129271741025, 0.000111184213893],
        "stdev": [0.0296869706362, 0.232842832804, 0.253711849451, 0.225125312805, 0.134254425764, 0.0202960260212]
    },
