{
"metadata": {
    "version": {
        "essentia": "2.1-beta5",
        "essentia_git_sha": "Undefined",
        "extractor": "music 2.0"
    },
    "audio_properties": {
        "analysis": {
            "equal_loudness": 0,
            "length": 32.4963264465,
            "sample_rate": 44100,
            "start_time": 45.2440834045,
            "downmix": "mix"
        },
        "bit_rate": 192000,
        "length": 201.108047485,
        "lossless": 0,
        "number_channels": 2,
        "replay_gain": -8.52568054199,
        "sample_rate": 48000,
        "codec": "mp3",
        "md5_encoded": "00de84baa7a6ee15ff9ee9d1d3063ff0"
    },
    "tags": {
        "file_name": "Norway_Mata Hari_Anne-Karine Ström.mp3",
        "encoding": ["Lavf58.29.100"]
    }
},
"lowlevel": {
    "average_loudness": 0.958287775517,
    "barkbands_crest": {
        "max": 22.0905570984,
        "mean": 9.12960910797,
        "min": 2.83383870125,
        "stdev": 3.62474179268
    },
    "barkbands_flatness_db": {
        "max": 0.238067775965,
        "mean": 0.127912953496,
        "min": 0.031055804342,
        "stdev": 0.0291795320809
    },
    "barkbands_kurtosis": {
        "max": 26.7124710083,
        "mean": 1.81312787533,
        "min": -1.58581840992,
        "stdev": 2.95732522011
    },
    "barkbands_skewness": {
        "max": 4.25745534897,
        "mean": 0.905623614788,
        "min": -0.919837772846,
        "stdev": 0.763969242573
    },
    "barkbands_spread": {
        "max": 74.779083252,
        "mean": 18.3201179504,
        "min": 3.23356819153,
        "stdev": 7.81883144379
    },
    "dissonance": {
        "max": 0.49972987175,
        "mean": 0.457917183638,
        "min": 0.299235284328,
        "stdev": 0.0283912234008
    },
    "dynamic_complexity": 2.05452895164,
    "erbbands_crest": {
        "max": 29.9902305603,
        "mean": 11.3700017929,
        "min": 3.3852455616,
        "stdev": 4.79706716537
    },
    "erbbands_flatness_db": {
        "max": 0.292759150267,
        "mean": 0.177044391632,
        "min": 0.0965083986521,
        "stdev": 0.0320503264666
    },
    "erbbands_kurtosis": {
        "max": 14.2915611267,
        "mean": 1.33476686478,
        "min": -1.73764610291,
        "stdev": 1.85757040977
    },
    "erbbands_skewness": {
        "max": 3.18752217293,
        "mean": 0.591957688332,
        "min": -1.53764975071,
        "stdev": 0.602518379688
    },
    "erbbands_spread": {
        "max": 120.800842285,
        "mean": 25.3670291901,
        "min": 5.75869846344,
        "stdev": 12.0427894592
    },
    "hfc": {
        "max": 89.7678833008,
        "mean": 26.1697483063,
        "min": 0.575894534588,
        "stdev": 16.1055641174
    },
    "loudness_ebu128": {
        "integrated": -15.1075563431,
        "loudness_range": 2.63480377197,
        "momentary": {
            "max": -12.3350820541,
            "mean": -15.4419078827,
            "min": -20.1422538757,
            "stdev": 1.79830896854
        },
        "short_term": {
            "max": -14.0166282654,
            "mean": -15.3438358307,
            "min": -18.3581104279,
            "stdev": 1.06570792198
        }
    },
    "melbands_crest": {
        "max": 28.8748016357,
        "mean": 11.2637691498,
        "min": 3.79774260521,
        "stdev": 4.51347494125
    },
    "melbands_flatness_db": {
        "max": 0.299918800592,
        "mean": 0.161692857742,
        "min": 0.0591943077743,
        "stdev": 0.0390162505209
    },
    "melbands_kurtosis": {
        "max": 50.2034912109,
        "mean": 4.10554742813,
        "min": -1.45856952667,
        "stdev": 5.97158002853
    },
    "melbands_skewness": {
        "max": 5.90587568283,
        "mean": 1.27927327156,
        "min": -0.581849694252,
        "stdev": 0.970822930336
    },
    "melbands_spread": {
        "max": 72.2797088623,
        "mean": 25.5796947479,
        "min": 4.73222732544,
        "stdev": 10.7672729492
    },
    "pitch_salience": {
        "max": 0.858406364918,
        "mean": 0.565405786037,
        "min": 0.246046498418,
        "stdev": 0.0924759879708
    },
    "silence_rate_20dB": {
        "max": 1,
        "mean": 1,
        "min": 1,
        "stdev": 0
    },
    "silence_rate_30dB": {
        "max": 1,
        "mean": 1,
        "min": 1,
        "stdev": 0
    },
    "silence_rate_60dB": {
        "max": 1,
        "mean": 0.000713775865734,
        "min": 0,
        "stdev": 0.0267070475966
    },
    "spectral_centroid": {
        "max": 2683.96166992,
        "mean": 1297.45471191,
        "min": 426.587646484,
        "stdev": 422.803009033
    },
    "spectral_complexity": {
        "max": 44,
        "mean": 20.9129199982,
        "min": 0,
        "stdev": 5.59796667099
    },
    "spectral_decrease": {
        "max": -6.69025182476e-11,
        "mean": -6.13601791599e-09,
        "min": -1.97981524508e-08,
        "stdev": 3.26345928059e-09
    },
    "spectral_energy": {
        "max": 0.0806348919868,
        "mean": 0.0255324337631,
        "min": 0.0003047415521,
        "stdev": 0.0134988296777
    },
    "spectral_energyband_high": {
        "max": 0.0102319736034,
        "mean": 0.000650950241834,
        "min": 1.35680511448e-05,
        "stdev": 0.000726410013158
    },
    "spectral_energyband_low": {
        "max": 0.0134356627241,
        "mean": 0.00228085578419,
        "min": 1.88801786862e-05,
        "stdev": 0.00221289391629
    },
    "spectral_energyband_middle_high": {
        "max": 0.0609656646848,
        "mean": 0.0115764560178,
        "min": 0.000171944251633,
        "stdev": 0.00988072529435
    },
    "spectral_energyband_middle_low": {
        "max": 0.0597830601037,
        "mean": 0.0118451751769,
        "min": 9.75941075012e-05,
        "stdev": 0.0093494746834
    },
    "spectral_entropy": {
        "max": 8.58315658569,
        "mean": 7.53414535522,
        "min": 6.51907968521,
        "stdev": 0.262079536915
    },
    "spectral_flux": {
        "max": 0.217259153724,
        "mean": 0.0915846899152,
        "min": 0.0274030808359,
        "stdev": 0.0328702703118
    },
    "spectral_kurtosis": {
        "max": 20.3266544342,
        "mean": 4.9649181366,
        "min": -0.625693082809,
        "stdev": 2.1511631012
    },
    "spectral_rms": {
        "max": 0.00886950828135,
        "mean": 0.00481233512983,
        "min": 0.000545260321815,
        "stdev": 0.00132330309134
    },
    "spectral_rolloff": {
        "max": 11154.1992188,
        "mean": 1570.77001953,
        "min": 279.931640625,
        "stdev": 860.272094727
    },
    "spectral_skewness": {
        "max": 3.53825259209,
        "mean": 1.80973517895,
        "min": 0.314569324255,
        "stdev": 0.332210689783
    },
    "spectral_spread": {
        "max": 15167434,
        "mean": 4659407,
        "min": 2178303.5,
        "stdev": 1240529.25
    },
    "spectral_strongpeak": {
        "max": 9.13462352753,
        "mean": 2.02104854584,
        "min": 0.0515087880194,
        "stdev": 1.67780423164
    },
    "zerocrossingrate": {
        "max": 0.228515625,
        "mean": 0.0655610784888,
        "min": 0.01318359375,
        "stdev": 0.0223612450063
    },
    "barkbands": {
        "max": [0.000196465858608, 0.00269369455054, 0.0115477982908, 0.0071391062811, 0.0517964139581, 0.0311842635274, 0.0505642518401, 0.0269350260496, 0.0546539053321, 0.0485429577529, 0.0268967654556, 0.02210694924, 0.0286162104458, 0.0161147881299, 0.0160925146192, 0.0133148245513, 0.0126695958897, 0.00360349053517, 0.00471309479326, 0.00283074146137, 0.00207776483148, 0.00249747093767, 0.0032171336934, 0.00139706057962, 0.00174820364919, 0.00080951146083, 3.19374271385e-06],
        "mean": [5.24358756593e-06, 0.000303922046442, 0.00159526604693, 0.000804220733698, 0.00244241487235, 0.00212644226849, 0.00237895129248, 0.000936540018301, 0.00225581182167, 0.00339257414453, 0.00219057197683, 0.00114534934983, 0.00123870803509, 0.00100247561932, 0.00103849568404, 0.000937862787396, 0.000385791645385, 0.00027141397004, 0.000295986799756, 0.000254405458691, 0.000109825661639, 9.69237225945e-05, 0.000113475158287, 9.56586445682e-05, 7.47209924157e-05, 3.93574919144e-05, 3.23945670289e-08],
        "min": [9.43435374268e-09, 1.80554337703e-07, 4.15748036176e-06, 1.89309616871e-06, 2.70068703685e-05, 5.46892351849e-06, 5.6726321418e-06, 6.06021649219e-06, 5.88292823522e-06, 3.54029384653e-06, 6.6861475716e-06, 8.64378944243e-06, 8.48127547215e-06, 2.96524876831e-06, 1.55223494858e-06, 1.46112984112e-06, 1.74701881406e-07, 1.52153518229e-06, 4.84991119265e-07, 3.22022879118e-06, 2.57245551438e-06, 1.20075867471e-06, 1.44803470903e-06, 7.60692387303e-07, 3.07466820004e-07, 1.64982893125e-07, 2.26533288655e-11],
        "stdev": [1.03516567833e-05, 0.00033588858787, 0.00185587210581, 0.000879261235241, 0.00366601138376, 0.00290915486403, 0.00416658772156, 0.00179353216663, 0.00471517862752, 0.00595525885001, 0.00383687438443, 0.00234471587464, 0.00234514544718, 0.00173162389547, 0.00170866062399, 0.00168291188311, 0.000831011566333, 0.000358766672434, 0.00048262157361, 0.000316449441016, 0.000146235135617, 0.00016283930745, 0.000170897197677, 0.000123608464492, 0.000128210842377, 5.44641188753e-05, 1.18032815521e-07]
    },
    "erbbands": {
        "max": [0.0696572214365, 0.739991128445, 9.16680526733, 14.9559392929, 66.4995193481, 294.896453857, 133.989349365, 308.447387695, 594.390258789, 784.462463379, 784.348022461, 1411.15393066, 1226.89001465, 2336.78125, 959.460754395, 926.725769043, 1371.69421387, 933.462158203, 868.318908691, 1038.91247559, 800.440551758, 385.861877441, 139.95135498, 351.752868652, 223.871704102, 163.50567627, 101.683486938, 101.733604431, 90.0978546143, 70.2090988159, 90.6096954346, 45.4449501038, 21.6770057678, 26.5822601318, 19.1170940399, 5.68890285492, 1.2066860199, 0.0301952753216, 0.00103284046054, 0.000111222558189],
        "mean": [0.00366116012447, 0.112452633679, 1.40585458279, 2.53325557709, 4.80157995224, 9.00138759613, 12.8190565109, 18.2790241241, 29.0456962585, 29.3601799011, 28.1916160583, 50.4223861694, 80.5259628296, 123.507728577, 68.038192749, 53.623336792, 58.169254303, 54.7415504456, 50.8366851807, 51.2816696167, 53.7847557068, 19.7102165222, 13.9190998077, 16.7483863831, 13.5664777756, 12.9973258972, 5.92855215073, 4.00086832047, 3.34929299355, 3.27171230316, 3.24804401398, 2.31327438354, 1.42966067791, 0.910973966122, 0.491225302219, 0.263354599476, 0.0528922192752, 0.0015252251178, 6.40936414129e-05, 3.57160715794e-05],
        "min": [2.79348223557e-05, 0.0006670858711, 0.00637186085805, 0.010995645076, 0.0617713220417, 0.0913150012493, 0.0426229983568, 0.0582490861416, 0.0975723937154, 0.103215493262, 0.141160875559, 0.421431720257, 0.734519302845, 0.546103835106, 0.179382517934, 0.445277899504, 0.723558843136, 0.721721947193, 0.585305511951, 0.34074100852, 0.0941509231925, 0.119248829782, 0.189742520452, 0.125227078795, 0.19889126718, 0.1656665802, 0.0873623564839, 0.0558899194002, 0.0426111519337, 0.0552302971482, 0.0449818186462, 0.0189871378243, 0.00948010571301, 0.004629005678, 0.00159888516646, 0.0013372747926, 0.000102700585558, 4.4191597226e-06, 2.96160419566e-06, 2.72319334726e-06],
        "stdev": [0.00444774422795, 0.112283475697, 1.56004822254, 2.55730843544, 5.71879816055, 17.7441139221, 16.2213916779, 26.8879299164, 45.51512146, 54.3188476562, 57.9272994995, 115.246276855, 128.973083496, 232.109603882, 116.519546509, 98.5831985474, 102.510169983, 89.7854690552, 84.0205307007, 80.5230407715, 102.6746521, 31.1007213593, 17.1378173828, 24.9136791229, 20.8919906616, 16.3948898315, 7.60901689529, 6.14175271988, 5.90347337723, 4.87789440155, 4.85136938095, 3.2624130249, 1.92046964169, 1.52275729179, 1.00831055641, 0.375120848417, 0.0724801644683, 0.00216095801443, 7.08085717633e-05, 1.88979465747e-05]
    },
    "gfcc": {
        "mean": [22.3590660095, 82.8717346191, -137.510467529, 11.2881937027, -71.9813156128, 18.3933315277, -50.7160339355, 7.6814789772, -35.8760375977, -0.521292328835, -21.9231090546, -3.25679373741, -12.4273548126],
        "cov": [[1273.30065918, -461.438049316, -164.962509155, 72.3810882568, 31.6731147766, 53.045425415, -1.76716244221, 85.750579834, -77.5425643921, 20.5322341919, -41.8833694458, 69.4888839722, -0.418013691902], [-461.438049316, 593.727172852, 100.358909607, -28.0562725067, 46.1338005066, -57.5521278381, 66.2407150269, -38.9730262756, 70.6957702637, -70.0400543213, 44.7615776062, -64.4319076538, 14.8688907623], [-164.962509155, 100.358909607, 422.172241211, 15.6151218414, -52.1539955139, -2.07288622856, -34.597278595, 12.4135169983, 9.55421638489, 63.0553894043, -21.81208992, 9.3377571106, -51.968662262], [72.3810882568, -28.0562725067, 15.6151218414, 181.253662109, 45.747959137, 13.8994197845, -3.9011797905, 4.00888061523, 20.036151886, -13.3264770508, -3.42594194412, 3.80632710457, 1.15154290199], [31.6731147766, 46.1338005066, -52.1539955139, 45.747959137, 189.815917969, 50.733745575, 34.7088508606, 42.6403160095, -5.25929117203, -28.4257392883, -35.0568695068, -11.9180402756, 20.1995811462], [53.045425415, -57.5521278381, -2.07288622856, 13.8994197845, 50.733745575, 129.48979187, 30.0416107178, -5.16757822037, -19.1115760803, 7.50494432449, -4.24382209778, -17.3261203766, -6.93968200684], [-1.76716244221, 66.2407150269, -34.597278595, -3.9011797905, 34.7088508606, 30.0416107178, 109.064529419, 49.2423095703, 7.72371530533, -20.1029777527, -6.11843824387, -14.6118307114, 2.97220778465], [85.750579834, -38.9730262756, 12.4135169983, 4.00888061523, 42.6403160095, -5.16757822037, 49.2423095703, 137.761947632, 47.9241790771, -12.1272163391, -40.759311676, 5.09379339218, 4.40593004227], [-77.5425643921, 70.6957702637, 9.55421638489, 20.036151886, -5.25929117203, -19.1115760803, 7.72371530533, 47.9241790771, 116.763000488, 4.71708917618, -7.42446565628, -5.62435531616, -3.59482169151], [20.5322341919, -70.0400543213, 63.0553894043, -13.3264770508, -28.4257392883, 7.50494432449, -20.1029777527, -12.1272163391, 4.71708917618, 111.870834351, 34.5140151978, 8.89497280121, -35.7056808472], [-41.8833694458, 44.7615776062, -21.81208992, -3.42594194412, -35.0568695068, -4.24382209778, -6.11843824387, -40.759311676, -7.42446565628, 34.5140151978, 109.11390686, 20.9795455933, -6.29949140549], [69.4888839722, -64.4319076538, 9.3377571106, 3.80632710457, -11.9180402756, -17.3261203766, -14.6118307114, 5.09379339218, -5.62435531616, 8.89497280121, 20.9795455933, 84.3048019409, 20.6385936737], [-0.418013691902, 14.8688907623, -51.968662262, 1.15154290199, 20.1995811462, -6.93968200684, 2.97220778465, 4.40593004227, -3.59482169151, -35.7056808472, -6.29949140549, 20.6385936737, 68.9885253906]],
        "icov": [[0.00127081992105, 0.000197452420252, 0.000791152066085, -0.000732397427782, 0.000457607937278, -0.000538549444173, 0.000450944527984, -0.00139297358692, 0.00129410729278, -0.000548414245714, 0.000661665457301, -0.00100176036358, 0.000598413695116], [0.000197452420252, 0.0110639790073, -0.00741290161386, 0.00484558194876, -0.00878653861582, 0.00906853284687, -0.010622235015, 0.0117072816938, -0.0105524333194, 0.00984037294984, -0.0102129094303, 0.00871007237583, -0.00384867680259], [0.000791152066085, -0.00741290161386, 0.00869409460574, -0.00436759600416, 0.00721733178943, -0.00686792377383, 0.0082903765142, -0.00962514989078, 0.00834596063942, -0.00842600781471, 0.00878996122628, -0.00736226281151, 0.00475710909814], [-0.000732397427782, 0.00484558194876, -0.00436759600416, 0.00901809241623, -0.00616309139878, 0.003943010699, -0.00438785739243, 0.00689498195425, -0.00724691618234, 0.00612417561933, -0.00558554055169, 0.00374315027148, -0.00137736578472], [0.000457607937278, -0.00878653861582, 0.00721733178943, -0.00616309139878, 0.0150819029659, -0.0101543003693, 0.00842847675085, -0.0124892452732, 0.0103684756905, -0.00816091522574, 0.00995503552258, -0.00668349815533, 0.00165825791191], [-0.000538549444173, 0.00906853284687, -0.00686792377383, 0.003943010699, -0.0101543003693, 0.0178864244372, -0.0121687455103, 0.0122932046652, -0.00820484850556, 0.00673633720726, -0.00841685943305, 0.00893348362297, -0.00306780962273], [0.000450944527984, -0.010622235015, 0.0082903765142, -0.00438785739243, 0.00842847675085, -0.0121687455103, 0.0240516960621, -0.0178694035858, 0.0115396762267, -0.00747691746801, 0.0076563321054, -0.00670992350206, 0.00446156412363], [-0.00139297358692, 0.0117072816938, -0.00962514989078, 0.00689498195425, -0.0124892452732, 0.0122932046652, -0.0178694035858, 0.0275707021356, -0.0177810434252, 0.0107340468094, -0.00757040409371, 0.00746376253664, -0.0042900131084], [0.00129410729278, -0.0105524333194, 0.00834596063942, -0.00724691618234, 0.0103684756905, -0.00820484850556, 0.0115396762267, -0.0177810434252, 0.0228855907917, -0.0112637365237, 0.0101114138961, -0.00766665907577, 0.00404704082757], [-0.000548414245714, 0.00984037294984, -0.00842600781471, 0.00612417561933, -0.00816091522574, 0.00673633720726, -0.00747691746801, 0.0107340468094, -0.0112637365237, 0.0228051524609, -0.013642587699, 0.0066353357397, 0.00211537070572], [0.000661665457301, -0.0102129094303, 0.00878996122628, -0.00558554055169, 0.00995503552258, -0.00841685943305, 0.0076563321054, -0.00757040409371, 0.0101114138961, -0.013642587699, 0.0233236048371, -0.0124332681298, 0.00462727900594], [-0.00100176036358, 0.00871007237583, -0.00736226281151, 0.00374315027148, -0.00668349815533, 0.00893348362297, -0.00670992350206, 0.00746376253664, -0.00766665907577, 0.0066353357397, -0.0124332681298, 0.0235943719745, -0.00998291186988], [0.000598413695116, -0.00384867680259, 0.00475710909814, -0.00137736578472, 0.00165825791191, -0.00306780962273, 0.00446156412363, -0.0042900131084, 0.00404704082757, 0.00211537070572, 0.00462727900594, -0.00998291186988, 0.0229371376336]]
    },
    "melbands": {
        "max": [0.000478506117361, 0.0032934283372, 0.00360558740795, 0.0126727679744, 0.00447060726583, 0.00663750944659, 0.00761071918532, 0.00689181406051, 0.00632274569944, 0.00998278148472, 0.0062068621628, 0.00930853467435, 0.00410019792616, 0.00286846770905, 0.00281609548256, 0.00370540237054, 0.00157615181524, 0.00160126201808, 0.00122674799059, 0.000915170065127, 0.000993746332824, 0.00062720576534, 0.000142970704474, 0.000215174950426, 0.0003524410713, 0.000307752168737, 8.79682484083e-05, 0.000137727620313, 9.94234869722e-05, 4.85541931994e-05, 6.73279355397e-05, 6.01645333518e-05, 4.11775981775e-05, 4.33985587733e-05, 5.46823175682e-05, 4.46925223514e-05, 2.21753307414e-05, 1.65079873113e-05, 2.51554920396e-05, 2.59975404333e-05],
        "mean": [5.47605595784e-05, 0.000532459933311, 0.000506058626343, 0.000491890183184, 0.000450573134003, 0.000418211071519, 0.000473352934932, 0.000280159641989, 0.000244761176873, 0.00033157033613, 0.00040156324394, 0.000503613962792, 0.000272362842225, 0.00012396859529, 0.000146535938256, 0.000116350864118, 9.82858982752e-05, 7.83152645454e-05, 7.50304971007e-05, 6.22088991804e-05, 6.17823316134e-05, 2.06322001759e-05, 1.360612805e-05, 1.32368786581e-05, 1.3467350982e-05, 1.13413116196e-05, 8.3740142145e-06, 8.45049271447e-06, 4.12215285905e-06, 2.50705693361e-06, 2.21349591811e-06, 1.92688389689e-06, 1.76664775609e-06, 1.85970429811e-06, 1.94057588487e-06, 1.69400959749e-06, 1.26538907352e-06, 1.04027287762e-06, 8.22951903956e-07, 7.56439817451e-07],
        "min": [6.05710113177e-08, 2.90923594548e-06, 4.28507200922e-06, 6.18833746557e-06, 2.17217552745e-06, 1.31556555516e-06, 1.37762685881e-06, 1.22187293528e-06, 1.22402320812e-06, 8.15233306639e-07, 8.69399571002e-07, 2.23310917136e-06, 7.02715055922e-07, 7.0180720968e-07, 7.65938352743e-07, 7.100595667e-07, 1.77628436404e-07, 1.86284282222e-07, 1.36288662134e-07, 1.38770374747e-07, 5.16646494475e-08, 8.52655990258e-09, 2.67789808106e-08, 8.2455159145e-08, 5.04764550158e-08, 1.366101543e-08, 6.67980373237e-08, 4.87640647862e-08, 1.18509255742e-08, 6.69027500066e-08, 2.42642084203e-08, 1.68504676878e-08, 2.98471789506e-08, 2.61456545303e-08, 2.36900916661e-08, 9.30386701015e-09, 8.39918889994e-09, 6.92231960642e-09, 3.90400245465e-09, 2.18440643351e-09],
        "stdev": [5.92338874412e-05, 0.000553414050955, 0.000474979809951, 0.000801124842837, 0.00056900922209, 0.000603390915785, 0.000758126378059, 0.00049820705317, 0.000540342298336, 0.00076445058221, 0.000664940162096, 0.000983197125606, 0.000476326444186, 0.000253143865848, 0.000270845775958, 0.0002354222961, 0.000167227553902, 0.000146849968587, 0.000128354935441, 9.95554437395e-05, 0.000128405270516, 4.4537755457e-05, 1.73061143869e-05, 2.02563023777e-05, 2.26314077736e-05, 2.41794496105e-05, 9.6332778412e-06, 1.19226469906e-05, 6.48523928248e-06, 3.41716190633e-06, 3.89799743061e-06, 3.67064262718e-06, 2.81874372376e-06, 2.8801832741e-06, 2.97113615488e-06, 2.58685099652e-06, 1.82041526386e-06, 1.42131523262e-06, 1.37475456086e-06, 1.33993989948e-06]
    },
    "melbands128": {
        "max": [0.000163168413565, 0.000636306824163, 0.00070683460217, 0.00171553168911, 0.00428913952783, 0.00620288867503, 0.00343468063511, 0.00424437085167, 0.00777334906161, 0.0148854088038, 0.0220207385719, 0.00739993713796, 0.00553493900225, 0.00713610090315, 0.00770549476147, 0.0148343965411, 0.0166201926768, 0.0113202109933, 0.0193835217506, 0.00955598708242, 0.00277897692285, 0.00569274555892, 0.0107666393742, 0.0130322743207, 0.0128945568576, 0.0196799002588, 0.00980793870986, 0.0127023654059, 0.0152140753344, 0.0155033860356, 0.018373157829, 0.00798498094082, 0.00850261561573, 0.00645952206105, 0.005108889658, 0.00339158717543, 0.0049799582921, 0.00473045278341, 0.00588634610176, 0.00582780130208, 0.00480912765488, 0.00500580994412, 0.00214450643398, 0.0026360063348, 0.00432157889009, 0.00269664847292, 0.00309425289743, 0.00180284318049, 0.00316799129359, 0.00215595774353, 0.00161557353567, 0.00230557285249, 0.00228873407468, 0.00214438862167, 0.00228807050735, 0.00100128934719, 0.000192159961443, 0.00034796592081, 0.000213609018829, 0.000236254069023, 0.000478544272482, 0.000549860007595, 0.000612925796304, 0.000388083368307, 0.000479338807054, 0.000747286365367, 0.000292718817946, 0.000179072696483, 0.000111490990093, 0.000390639528632, 0.00027310999576, 0.000304180633975, 0.000321189814713, 0.000101519042801, 4.06761355407e-05, 4.6927776566e-05, 5.45823932043e-05, 6.83531106915e-05, 8.10751516838e-05, 8.58034254634e-05, 0.000104294886114, 5.23162743775e-05, 6.88783984515e-05, 4.48110004072e-05, 3.58513461833e-05, 4.6309458412e-05, 5.77672763029e-05, 5.21558431501e-05, 5.93085605942e-05, 5.34954560862e-05, 4.8575893743e-05, 4.99384077557e-05, 4.21394724981e-05, 2.31266076298e-05, 3.16329824273e-05, 2.23408733291e-05, 1.70365383383e-05, 2.29380657402e-05, 3.21480874845e-05, 3.97998155677e-05, 2.13187613554e-05, 4.14095266024e-05, 1.34911742862e-05, 2.22407288675e-05, 3.91796311305e-05, 2.84644156636e-05, 9.24837695493e-06, 1.20802860692e-05, 1.0434196156e-05, 9.47835997067e-06, 9.90195258055e-06, 7.75702392275e-06, 2.1277974156e-06, 1.81762487728e-07, 2.56701071066e-07, 1.7749086112e-07, 5.81585162251e-08, 1.48483074724e-08, 1.44691103543e-08, 1.4117107483e-08, 1.3795705911e-08, 1.35375683996e-08, 1.32483144455e-08, 1.30300028545e-08, 1.28498580665e-08, 1.27030972408e-08, 1.25868773182e-08, 1.25228778458e-08],
        "mean": [3.83563838113e-06, 1.57271315402e-05, 4.61096242361e-05, 0.000182375573786, 0.000597508682404, 0.000815347477328, 0.000499714980833, 0.000416146096541, 0.000491340062581, 0.000480581453303, 0.000531198340468, 0.00045159086585, 0.000429164938396, 0.000446914142231, 0.000383272330509, 0.000437405222328, 0.000432702188846, 0.00045066702296, 0.000599126971792, 0.000310891598929, 0.000117102761578, 0.000170319428435, 0.000296194368275, 0.000264021829935, 0.000321388681186, 0.000337691308232, 0.000393832597183, 0.000416176044382, 0.000359403027687, 0.000588818278629, 0.000552337849513, 0.000355181109626, 0.000326149311149, 0.000139932977618, 9.53989874688e-05, 0.000123022313346, 0.000168420301634, 0.000126133963931, 0.000173652500962, 0.000112162051664, 9.16129210964e-05, 0.000139633149956, 9.55788127612e-05, 8.59393840074e-05, 7.19118470442e-05, 7.36686997698e-05, 9.52451082412e-05, 6.31996881566e-05, 7.72674684413e-05, 7.40616887924e-05, 4.09429449064e-05, 7.06403297954e-05, 8.70689254953e-05, 4.74242660857e-05, 3.4367742046e-05, 1.47797345562e-05, 1.05448898466e-05, 1.97509871214e-05, 1.16076480481e-05, 8.44230726216e-06, 1.38118102768e-05, 1.57289123308e-05, 1.65465789905e-05, 1.1362618352e-05, 1.08486910904e-05, 1.375496322e-05, 1.02441163108e-05, 6.41086717224e-06, 7.16751901564e-06, 1.21714929264e-05, 9.60820307228e-06, 6.19972979621e-06, 5.2569989748e-06, 3.99757300329e-06, 2.23873485083e-06, 2.69712609224e-06, 2.50221933129e-06, 2.28610542763e-06, 2.06386471291e-06, 2.36697587752e-06, 2.00368026526e-06, 1.6327311414e-06, 1.85646808859e-06, 1.82117389613e-06, 1.67857831457e-06, 1.69690281382e-06, 2.04536922865e-06, 1.96994710677e-06, 2.06286745197e-06, 1.72485863459e-06, 1.79795699751e-06, 1.62357093814e-06, 1.69803865901e-06, 1.2033681287e-06, 1.09289214834e-06, 1.01845694189e-06, 1.13286023407e-06, 8.66762150054e-07, 8.54753125168e-07, 7.58391138334e-07, 7.75336673087e-07, 7.97879295078e-07, 6.95456151334e-07, 5.57145256153e-07, 5.62109676139e-07, 4.55096994756e-07, 5.58464932965e-07, 4.72249894301e-07, 4.35794021314e-07, 4.5484301836e-07, 4.79614470805e-07, 2.68866699571e-07, 9.2929788309e-08, 1.17758762741e-08, 6.53035447939e-09, 5.81758463625e-09, 1.330029753e-09, 1.60754656114e-11, 1.49962490342e-11, 1.46025865011e-11, 1.42468120634e-11, 1.39566648169e-11, 1.36630507255e-11, 1.34238575117e-11, 1.31984197876e-11, 1.29854052858e-11, 1.28347931241e-11, 1.27624317364e-11],
        "min": [4.97784313769e-10, 4.74021266683e-10, 1.10752935711e-08, 8.74325465361e-08, 2.91118396945e-07, 1.64123389368e-06, 1.49759364376e-06, 1.1582121715e-06, 3.42121234098e-06, 1.94203039428e-06, 1.19179514968e-06, 4.00005944812e-07, 1.19255537356e-06, 1.88338518115e-07, 7.26766415937e-07, 1.8610268171e-06, 2.22023027163e-06, 1.05235949377e-06, 5.38795234206e-07, 1.01645014183e-06, 9.39581639159e-07, 2.55929080595e-07, 6.69904693495e-07, 7.45370357436e-07, 4.06083898952e-07, 1.48640552311e-07, 1.60122354487e-07, 5.67883034819e-07, 1.79240672082e-07, 4.28791935292e-07, 8.75153546076e-07, 1.15975080917e-06, 4.00100844899e-07, 2.3661458215e-07, 1.60527918069e-07, 4.55671710142e-07, 4.45907829771e-07, 1.35468553708e-07, 9.88543504832e-08, 2.17085244003e-07, 2.27481493198e-07, 1.46299214521e-07, 1.59922677767e-07, 1.17857091197e-07, 4.36403624349e-08, 1.68053929883e-07, 4.14724325992e-08, 4.43701964059e-08, 6.93763695381e-08, 6.03583245606e-08, 5.55251347123e-08, 8.65274429884e-09, 3.05011949031e-09, 4.81546713615e-09, 2.36362414086e-08, 1.71160552398e-09, 4.91464557939e-09, 1.71223124568e-09, 2.09780681715e-09, 2.38638087069e-09, 1.21886314375e-08, 2.21086828844e-08, 2.34157564449e-08, 3.75243303097e-09, 4.20939905155e-09, 5.76388359264e-09, 5.55161472349e-09, 5.67518343431e-09, 6.71878410685e-08, 1.65674283181e-08, 3.55177469658e-08, 1.06853876858e-08, 1.05168529441e-09, 2.01169103597e-09, 1.67382143701e-08, 1.86911801592e-08, 2.81601462149e-08, 7.96685917237e-09, 4.92849938638e-09, 3.36726174721e-10, 3.38288619339e-10, 9.63192103853e-09, 1.69858811461e-08, 2.8411626829e-08, 2.80123053642e-08, 2.29308732003e-08, 1.23506849192e-08, 1.42090348376e-08, 2.07150456788e-08, 1.34837083721e-08, 1.08954774092e-08, 6.40617470182e-09, 8.25999535436e-09, 9.20856013664e-09, 6.66528032767e-09, 8.0608479891e-09, 3.21430460026e-09, 2.81885292885e-09, 3.19402615467e-09, 4.71002303826e-09, 6.36722174985e-10, 1.77817691127e-10, 1.52547849352e-10, 1.2746531261e-11, 3.26816481863e-12, 2.35352484029e-11, 2.10405165513e-11, 2.85829115931e-09, 1.85641380046e-09, 8.32382340138e-12, 5.73202509763e-13, 2.73302918925e-13, 2.07548591486e-13, 1.1990827439e-13, 8.15532808385e-14, 9.669114874e-14, 8.97276637756e-14, 8.49149648708e-14, 9.26343894712e-14, 7.26047504453e-14, 8.24758623484e-14, 8.54173367237e-14, 8.30705675688e-14, 8.25129149577e-14, 5.51367016822e-14, 2.05867275131e-14, 2.94998112716e-15, 9.33726173836e-17],
        "stdev": [8.11620611785e-06, 3.29453505401e-05, 6.77711432218e-05, 0.000216338754399, 0.000700137868989, 0.000988076208159, 0.000571332755499, 0.000506372947711, 0.000626640510745, 0.000921986356843, 0.00126351497602, 0.000751937099267, 0.000657085969578, 0.000736401998438, 0.00064966827631, 0.00101584079675, 0.000888028996997, 0.000922919542063, 0.00149057293311, 0.000609840091784, 0.000192662861082, 0.000374894967536, 0.000846312497742, 0.000787630619016, 0.00104211573489, 0.00115543056745, 0.000991907552816, 0.00102197704837, 0.000925517641008, 0.00149208295625, 0.00147337000817, 0.000735876266845, 0.000791523139924, 0.000446432997705, 0.000350970687578, 0.000343528809026, 0.000470294733532, 0.000361468468327, 0.000459257455077, 0.000296851038001, 0.000333039148245, 0.00040742487181, 0.000212527244003, 0.000201953866053, 0.00025053700665, 0.000197206289158, 0.000244879425736, 0.000174488377525, 0.000218814413529, 0.000176201516297, 0.00011558082042, 0.000204597861739, 0.000255397550063, 0.000164256081916, 0.000115481641842, 4.90085185447e-05, 1.84551299753e-05, 3.4160890209e-05, 1.86081942957e-05, 2.01281509362e-05, 3.24987449858e-05, 3.14519638778e-05, 3.64272345905e-05, 2.93103948934e-05, 3.30746188411e-05, 4.81088864035e-05, 2.10472680919e-05, 1.24285597849e-05, 1.17581839731e-05, 2.16338612518e-05, 1.72440722963e-05, 1.56355763465e-05, 1.4843196368e-05, 7.04731837686e-06, 3.56236182597e-06, 4.39733730673e-06, 4.55391000287e-06, 4.59342209069e-06, 4.5611313908e-06, 5.24011193193e-06, 4.92038134325e-06, 3.7621557567e-06, 3.45792182088e-06, 3.25048699779e-06, 2.88428464046e-06, 2.78875745607e-06, 3.69197255168e-06, 3.53336918124e-06, 3.48766411662e-06, 3.12777410727e-06, 2.87332795779e-06, 3.17282342621e-06, 2.70018176707e-06, 1.85504779893e-06, 1.9111828351e-06, 1.67163170772e-06, 1.57673287049e-06, 1.46274510371e-06, 1.6218870087e-06, 1.61559501066e-06, 1.45370665905e-06, 1.74115223217e-06, 1.23959068787e-06, 1.10959661015e-06, 1.86887496056e-06, 1.14481451874e-06, 8.9170771389e-07, 8.09980122085e-07, 6.56378574604e-07, 6.96916004017e-07, 7.43678413073e-07, 3.86817475828e-07, 1.6456465346e-07, 1.9979712107e-08, 1.56472630408e-08, 1.33417152881e-08, 3.25180016247e-09, 3.97403943087e-10, 3.87209819763e-10, 3.77770870141e-10, 3.69158703606e-10, 3.62239516161e-10, 3.54494655852e-10, 3.48647194448e-10, 3.43824968496e-10, 3.39896805146e-10, 3.36785516142e-10, 3.35072664059e-10]
    },
    "mfcc": {
        "mean": [-615.968261719, 117.165916443, -11.7274589539, -3.41136622429, -3.58446574211, -1.50775969028, -3.67447781563, -2.10504817963, -8.28895950317, 1.45161938667, -11.5516576767, -8.33889579773, -3.17377543449],
        "cov": [[1407.08813477, -512.442565918, -251.097518921, 24.7491569519, -1.94284915924, -15.580909729, 56.9007606506, 52.6619377136, 14.6370449066, -27.0355377197, -9.02704620361, -39.8705673218, 14.1978321075], [-512.442565918, 564.35546875, 81.4415740967, 5.33427238464, -3.16754817963, -22.0040435791, 3.631046772, 15.8576669693, -3.58542203903, 42.9521636963, -13.9297876358, 7.3468542099, 17.2563476562], [-251.097518921, 81.4415740967, 394.952423096, 7.78655529022, -22.3688049316, 11.4150724411, -46.1600799561, -50.4006347656, -23.0394287109, -17.1948928833, 54.2133140564, 44.0576820374, -2.56749010086], [24.7491569519, 5.33427238464, 7.78655529022, 159.066711426, 44.0083007812, -12.2541770935, -16.9138183594, 31.0637168884, 28.6621685028, -5.48339128494, -10.3903255463, 11.949546814, 15.0367498398], [-1.94284915924, -3.16754817963, -22.3688049316, 44.0083007812, 143.516036987, 28.1070423126, 9.39044475555, 21.8567695618, 42.3832511902, 7.25238752365, -22.3237228394, -6.7240562439, 10.9710130692], [-15.580909729, -22.0040435791, 11.4150724411, -12.2541770935, 28.1070423126, 131.02104187, 38.2714118958, -25.2060127258, -23.1120967865, -4.99436187744, 11.9007062912, -0.783396720886, -17.1058540344], [56.9007606506, 3.631046772, -46.1600799561, -16.9138183594, 9.39044475555, 38.2714118958, 136.468994141, 15.111158371, -3.08879160881, 9.07311153412, -4.92936086655, -10.9137535095, -2.34369826317], [52.6619377136, 15.8576669693, -50.4006347656, 31.0637168884, 21.8567695618, -25.2060127258, 15.111158371, 131.285705566, 70.5281066895, 24.2352733612, -30.1958732605, -15.0384998322, 21.3622989655], [14.6370449066, -3.58542203903, -23.0394287109, 28.6621685028, 42.3832511902, -23.1120967865, -3.08879160881, 70.5281066895, 141.5415802, 38.8867721558, -20.7232475281, -16.6953163147, 10.0873794556], [-27.0355377197, 42.9521636963, -17.1948928833, -5.48339128494, 7.25238752365, -4.99436187744, 9.07311153412, 24.2352733612, 38.8867721558, 103.444015503, 19.9061431885, -13.7314214706, -5.39209604263], [-9.02704620361, -13.9297876358, 54.2133140564, -10.3903255463, -22.3237228394, 11.9007062912, -4.92936086655, -30.1958732605, -20.7232475281, 19.9061431885, 99.1933898926, 31.9999256134, -5.94732427597], [-39.8705673218, 7.3468542099, 44.0576820374, 11.949546814, -6.7240562439, -0.783396720886, -10.9137535095, -15.0384998322, -16.6953163147, -13.7314214706, 31.9999256134, 85.5308227539, 31.5287437439], [14.1978321075, 17.2563476562, -2.56749010086, 15.0367498398, 10.9710130692, -17.1058540344, -2.34369826317, 21.3622989655, 10.0873794556, -5.39209604263, -5.94732427597, 31.5287437439, 84.6793670654]],
        "icov": [[0.00125289859716, 0.00109266699292, 0.000476127082948, -0.00031257441151, 0.000175926048541, 0.000301456224406, -0.000461534975329, -0.000374136288883, 0.000238616994466, 8.80312363734e-05, -0.000332939176587, 0.000547584088054, -0.000493167608511], [0.00109266699292, 0.00297370995395, -0.000190991471754, -0.000306463713059, 0.000135854803375, 0.000610715651419, -0.000626721652225, -0.000554332917091, 0.000828474992886, -0.00123830244411, 0.000653917784803, 0.000219740046305, -0.000725737016182], [0.000476127082948, -0.000190991471754, 0.00337759847753, -0.000363764731446, 0.000377846736228, -0.000374983239453, 0.000740083109122, 0.00062719581183, -0.000455263594631, 0.00088921218412, -0.00158236024436, -0.000606668589171, 8.9252833277e-05], [-0.00031257441151, -0.000306463713059, -0.000363764731446, 0.00764145329595, -0.00233263988048, 0.000550737371668, 0.00096866779495, -0.00148774764966, -0.000404954218538, 0.000792226346675, 0.000149529325427, -0.00139403017238, 0.000190742735867], [0.000175926048541, 0.000135854803375, 0.000377846736228, -0.00233263988048, 0.00936117302626, -0.00284526869655, -0.000124056765344, 0.000576638616621, -0.00258820177987, -0.000335135671776, 0.00154037994798, 0.000340832571965, -0.00129974831361], [0.000301456224406, 0.000610715651419, -0.000374983239453, 0.000550737371668, -0.00284526869655, 0.010064072907, -0.00292851310223, 0.000979386270046, 0.00143563339952, 0.000227365526371, -0.000959094904829, -3.50099508069e-05, 0.00157849199604], [-0.000461534975329, -0.000626721652225, 0.000740083109122, 0.00096866779495, -0.000124056765344, -0.00292851310223, 0.00896009989083, -0.00144045904744, 0.000598093960434, -0.000471675768495, 3.36460761901e-05, 0.000239699598751, -9.6764844784e-05], [-0.000374136288883, -0.000554332917091, 0.00062719581183, -0.00148774764966, 0.000576638616621, 0.000979386270046, -0.00144045904744, 0.0124675445259, -0.00498197274283, -0.00114438170567, 0.0019344210159, 0.000762964366004, -0.00223067123443], [0.000238616994466, 0.000828474992886, -0.000455263594631, -0.000404954218538, -0.00258820177987, 0.00143563339952, 0.000598093960434, -0.00498197274283, 0.0117939943448, -0.00355869764462, 0.00104869180359, 0.000706575228833, -7.30138417566e-05], [8.80312363734e-05, -0.00123830244411, 0.00088921218412, 0.000792226346675, -0.000335135671776, 0.000227365526371, -0.000471675768495, -0.00114438170567, -0.00355869764462, 0.013459472917, -0.00529335113242, 0.00257810438052, 0.000438164744992], [-0.000332939176587, 0.000653917784803, -0.00158236024436, 0.000149529325427, 0.00154037994798, -0.000959094904829, 3.36460761901e-05, 0.0019344210159, 0.00104869180359, -0.00529335113242, 0.015420566313, -0.00605423655361, 0.00184288015589], [0.000547584088054, 0.000219740046305, -0.000606668589171, -0.00139403017238, 0.000340832571965, -3.50099508069e-05, 0.000239699598751, 0.000762964366004, 0.000706575228833, 0.00257810438052, -0.00605423655361, 0.018109517172, -0.00723246205598], [-0.000493167608511, -0.000725737016182, 8.9252833277e-05, 0.000190742735867, -0.00129974831361, 0.00157849199604, -9.6764844784e-05, -0.00223067123443, -7.30138417566e-05, 0.000438164744992, 0.00184288015589, -0.00723246205598, 0.0159148890525]]
    },
    "spectral_contrast_coeffs": {
        "max": [-0.416390895844, -0.47573953867, -0.464836388826, -0.525255978107, -0.640494704247, -0.640631198883],
        "mean": [-0.682774364948, -0.747506558895, -0.704733431339, -0.739980459213, -0.765724956989, -0.79188734293],
        "min": [-0.95621573925, -0.901814460754, -0.890299260616, -0.887693107128, -0.87207108736, -0.857462286949],
        "stdev": [0.0637004598975, 0.0662477612495, 0.0718222633004, 0.0568420216441, 0.0369155555964, 0.0264892168343]
    },
    "spectral_contrast_valleys": {
        "max": [-5.37828779221, -5.05104017258, -5.60543441772, -6.09941244125, -6.29134654999, -8.24453735352],
        "mean": [-6.90954971313, -6.37534856796, -6.94751167297, -7.34341192245, -7.63553524017, -9.84231376648],
        "min": [-8.8143529892, -8.57971477509, -8.66801548004, -9.31785964966, -10.250705719, -12.004278183],
        "stdev": [0.494576066732, 0.426566541195, 0.413267284632, 0.460274189711, 0.50814718008, 0.532598137856]
    }
},
"rhythm": {
    "beats_count": 69,
    "beats_loudness": {
        "max": 0.0696833506227,
        "mean": 0.0316781289876,
        "min": 0.00688694557175,
        "stdev": 0.0137213468552
    },
    "bpm": 131.627532959,
    "bpm_histogram_first_peak_bpm": 133,
    "bpm_histogram_first_peak_weight": 0.490909099579,
    "bpm_histogram_second_peak_bpm": 126,
    "bpm_histogram_second_peak_spread": 0.33333337307,
    "bpm_histogram_second_peak_weight": 0.088235296309,
    "danceability": 1.13797318935,
    "onset_rate": 2.55322241783,
    "beats_loudness_band_ratio": {
        "max": [0.537816822529, 0.543159484863, 0.721505820751, 0.741115272045, 0.40733975172, 0.136997282505],
        "mean": [0.160200491548, 0.181193083525, 0.250306665897, 0.301621824503, 0.119539499283, 0.0486175604165],
        "min": [0.00940588768572, 0.0222075507045, 0.0206353366375, 0.0226143375039, 0.00849366374314, 0.00884798355401],
        "stdev": [0.107826583087, 0.122706912458, 0.175359338522, 0.175514101982, 0.0916691198945, 0.0358001813293]
    },
    "beats_position": [0.49922901392, 1.01006805897, 1.50929701328, 2.03174591064, 2.53097510338, 3.01859402657, 3.50621318817, 3.99383211136, 4.45823097229, 4.93424034119, 5.41024923325, 5.87464857101, 6.31582736969, 6.76861667633, 7.20979595184, 7.66258478165, 8.10376358032, 8.54494285583, 9.0093421936, 9.47374153137, 9.92653083801, 10.379319191, 10.8321084976, 11.2848978043, 11.749297142, 12.2136955261, 12.6664848328, 13.1192741394, 13.572063446, 14.0248527527, 14.4776411057, 14.9304304123, 15.3948297501, 15.8360090256, 16.2887973785, 16.7531967163, 17.2175960541, 17.693605423, 18.1463947296, 18.5991840363, 19.0635814667, 19.5279808044, 19.9923801422, 20.45677948, 20.9095687866, 21.3623580933, 21.8151473999, 22.2679367065, 22.7207260132, 23.1735134125, 23.6263027191, 24.0790920258, 24.5202713013, 24.9730606079, 25.4258499146, 25.8902492523, 26.343038559, 26.8074378967, 27.2718353271, 27.7246246338, 28.1890239716, 28.6534233093, 29.1178226471, 29.593832016, 30.0466213226, 30.5110206604, 30.9754180908, 31.4514274597, 31.9274368286],
