{
"metadata": {
    "version": {
        "essentia": "2.1-beta5",
        "essentia_git_sha": "Undefined",
        "extractor": "music 2.0"
    },
    "audio_properties": {
        "analysis": {
            "equal_loudness": 0,
            "length": 12.7477550507,
            "sample_rate": 44100,
            "start_time": 0,
            "downmix": "mix"
        },
        "bit_rate": 192000,
        "length": 257.973693848,
        "lossless": 0,
        "number_channels": 2,
        "replay_gain": -6.17125511169,
        "sample_rate": 44100,
        "codec": "mp3",
        "md5_encoded": "2f22d7ccc319a2792e162dd9ac80d109"
    },
    "tags": {
        "file_name": "Spain_Sobran Las Palabras_Braulio.mp3",
        "encoding": ["Lavf58.29.100"]
    }
},
"lowlevel": {
    "average_loudness": 0.122309155762,
    "barkbands_crest": {
        "max": 25.0627632141,
        "mean": 11.123456955,
        "min": 4.10046720505,
        "stdev": 4.33842849731
    },
    "barkbands_flatness_db": {
        "max": 0.302671939135,
        "mean": 0.158794492483,
        "min": 0.0499740205705,
        "stdev": 0.0571832843125
    },
    "barkbands_kurtosis": {
        "max": 58.5699043274,
        "mean": 4.45949983597,
        "min": -1.65367746353,
        "stdev": 6.76266670227
    },
    "barkbands_skewness": {
        "max": 5.94441747665,
        "mean": 0.809033811092,
        "min": -2.16734623909,
        "stdev": 1.07472658157
    },
    "barkbands_spread": {
        "max": 53.0979881287,
        "mean": 16.7394561768,
        "min": 1.02543854713,
        "stdev": 13.3352594376
    },
    "dissonance": {
        "max": 0.499883234501,
        "mean": 0.450280845165,
        "min": 0.259341239929,
        "stdev": 0.0502111911774
    },
    "dynamic_complexity": 8.60574531555,
    "erbbands_crest": {
        "max": 25.2343578339,
        "mean": 10.9994382858,
        "min": 2.72325897217,
        "stdev": 4.4020190239
    },
    "erbbands_flatness_db": {
        "max": 0.331688374281,
        "mean": 0.193664014339,
        "min": 0.0920376107097,
        "stdev": 0.0530935116112
    },
    "erbbands_kurtosis": {
        "max": 46.6436958313,
        "mean": 5.20279455185,
        "min": -1.65667998791,
        "stdev": 7.3754696846
    },
    "erbbands_skewness": {
        "max": 5.44076395035,
        "mean": 0.95876032114,
        "min": -3.4459643364,
        "stdev": 1.35818481445
    },
    "erbbands_spread": {
        "max": 54.2008018494,
        "mean": 17.4471626282,
        "min": 2.39294052124,
        "stdev": 9.63774204254
    },
    "hfc": {
        "max": 203.23223877,
        "mean": 6.89406728745,
        "min": 1.14694785859e-16,
        "stdev": 24.872549057
    },
    "loudness_ebu128": {
        "integrated": -21.4147834778,
        "loudness_range": 15.6126060486,
        "momentary": {
            "max": -12.6761245728,
            "mean": -29.0280094147,
            "min": -39.1371231079,
            "stdev": 6.65265512466
        },
        "short_term": {
            "max": -17.4065799713,
            "mean": -25.8050060272,
            "min": -33.8074493408,
            "stdev": 6.01470041275
        }
    },
    "melbands_crest": {
        "max": 32.7190513611,
        "mean": 15.5843095779,
        "min": 1.00054991245,
        "stdev": 6.36274862289
    },
    "melbands_flatness_db": {
        "max": 0.392731815577,
        "mean": 0.2375305444,
        "min": -4.31432667369e-08,
        "stdev": 0.0791819021106
    },
    "melbands_kurtosis": {
        "max": 52.55493927,
        "mean": 5.19269657135,
        "min": -1.81409442425,
        "stdev": 6.89321136475
    },
    "melbands_skewness": {
        "max": 5.91207742691,
        "mean": 1.17206716537,
        "min": -1.2620613575,
        "stdev": 1.17750561237
    },
    "melbands_spread": {
        "max": 159.881347656,
        "mean": 25.1650772095,
        "min": 1.45385098457,
        "stdev": 25.8400173187
    },
    "pitch_salience": {
        "max": 0.996098637581,
        "mean": 0.571554481983,
        "min": 0.196540474892,
        "stdev": 0.122078821063
    },
    "silence_rate_20dB": {
        "max": 1,
        "mean": 1,
        "min": 1,
        "stdev": 0
    },
    "silence_rate_30dB": {
        "max": 1,
        "mean": 0.978181838989,
        "min": 0,
        "stdev": 0.146089196205
    },
    "silence_rate_60dB": {
        "max": 1,
        "mean": 0.803636372089,
        "min": 0,
        "stdev": 0.397246688604
    },
    "spectral_centroid": {
        "max": 11873.0576172,
        "mean": 1205.91503906,
        "min": 336.271697998,
        "stdev": 1253.64538574
    },
    "spectral_complexity": {
        "max": 34,
        "mean": 5.11454534531,
        "min": 0,
        "stdev": 6.00087404251
    },
    "spectral_decrease": {
        "max": 1.14625428055e-28,
        "mean": -1.8530652568e-09,
        "min": -5.78273855467e-08,
        "stdev": 6.27582874557e-09
    },
    "spectral_energy": {
        "max": 0.235596626997,
        "mean": 0.00761921191588,
        "min": 1.0385931945e-20,
        "stdev": 0.0258421208709
    },
    "spectral_energyband_high": {
        "max": 0.000661950791255,
        "mean": 2.86418671749e-05,
        "min": 7.01958715627e-21,
        "stdev": 6.87757637934e-05
    },
    "spectral_energyband_low": {
        "max": 0.000927737622987,
        "mean": 0.000260723609244,
        "min": 3.7413385038e-23,
        "stdev": 0.00013283790031
    },
    "spectral_energyband_middle_high": {
        "max": 0.087351039052,
        "mean": 0.00257670204155,
        "min": 1.31292869478e-21,
        "stdev": 0.0100401509553
    },
    "spectral_energyband_middle_low": {
        "max": 0.157493412495,
        "mean": 0.00480038579553,
        "min": 1.85897457831e-22,
        "stdev": 0.0169941019267
    },
    "spectral_entropy": {
        "max": 9.82275009155,
        "mean": 7.19947624207,
        "min": 5.62317419052,
        "stdev": 0.68874835968
    },
    "spectral_flux": {
        "max": 0.468301475048,
        "mean": 0.0352377705276,
        "min": 6.61421750703e-11,
        "stdev": 0.0613203719258
    },
    "spectral_kurtosis": {
        "max": 34.0839424133,
        "mean": 11.0008106232,
        "min": -1.23738014698,
        "stdev": 6.15791320801
    },
    "spectral_rms": {
        "max": 0.0151608167216,
        "mean": 0.00169824494515,
        "min": 3.18317702926e-12,
        "stdev": 0.00213291728869
    },
    "spectral_rolloff": {
        "max": 19401.4160156,
        "mean": 1387.36315918,
        "min": 86.1328125,
        "stdev": 2254.64282227
    },
    "spectral_skewness": {
        "max": 4.82043743134,
        "mean": 2.54279637337,
        "min": -0.0748078674078,
        "stdev": 0.730988442898
    },
    "spectral_spread": {
        "max": 41820440,
        "mean": 3929148.5,
        "min": 1900013.125,
        "stdev": 3982834.25
    },
    "spectral_strongpeak": {
        "max": 9.59051036835,
        "mean": 0.458099097013,
        "min": 0,
        "stdev": 0.966733574867
    },
    "zerocrossingrate": {
        "max": 0.515625,
        "mean": 0.0486017391086,
        "min": 0.01025390625,
        "stdev": 0.059478610754
    },
    "barkbands": {
        "max": [5.68191571801e-05, 0.00075873977039, 0.000310909934342, 0.000229705925449, 0.00821697898209, 0.0883185714483, 0.0603563115001, 0.125787511468, 0.106709264219, 0.0413050763309, 0.0211207717657, 0.0456620007753, 0.0239721927792, 0.0358895994723, 0.0554224736989, 0.0324899815023, 0.0182117857039, 0.0107505079359, 0.00349577865563, 0.000195211265236, 0.000202316194191, 0.000168499827851, 8.63563400344e-05, 4.38966562797e-05, 8.51455915836e-05, 0.000129194319015, 1.23416384668e-05],
        "mean": [1.62709457072e-05, 0.00021408048633, 2.27459458984e-05, 1.34438387249e-05, 0.000219707246288, 0.00120682152919, 0.00119347672444, 0.00121509016026, 0.000800589332357, 0.000231186451856, 0.000261881883489, 0.000549514777958, 0.000292118638754, 0.000317506870488, 0.000349488953361, 0.000171915089595, 0.000331095652655, 0.000128493717057, 5.19733293913e-05, 4.73694944958e-06, 6.39010340819e-06, 5.20047069585e-06, 3.95193728764e-06, 3.70015891349e-06, 2.98695590573e-06, 4.54838846053e-06, 2.93307238053e-07],
        "min": [2.95056618861e-24, 1.33514424219e-23, 6.37857347959e-24, 2.91974381532e-24, 2.94920603463e-23, 2.67915054778e-23, 4.01657175809e-23, 1.79323087891e-23, 3.57373143608e-23, 3.69287720067e-23, 3.81967049842e-23, 5.89343845903e-23, 5.62585936434e-23, 5.31205933148e-23, 8.98847426724e-23, 6.77423636959e-23, 1.25291975542e-22, 1.20067709488e-22, 1.66848398101e-22, 2.03012836466e-22, 3.16108605895e-22, 3.86766511144e-22, 3.41579649725e-22, 4.87996929034e-22, 9.82342004789e-22, 1.49249221801e-21, 2.22406147521e-21],
        "stdev": [1.01507239378e-05, 0.000118219883007, 3.85151033697e-05, 2.02155097213e-05, 0.000651199952699, 0.00662952894345, 0.00445002969354, 0.0068372990936, 0.00654307147488, 0.00193410995416, 0.00181924423669, 0.00363926473074, 0.00170645175967, 0.00192931725178, 0.00302625843324, 0.00147769169416, 0.00157846882939, 0.000693641544785, 0.000232717866311, 1.39552466862e-05, 1.73191019712e-05, 1.47341943375e-05, 9.10213930183e-06, 6.96898086971e-06, 8.93296964932e-06, 1.33704115797e-05, 9.57184170147e-07]
    },
    "erbbands": {
        "max": [0.0338755957782, 0.130541786551, 0.34103757143, 0.61734521389, 1.59482491016, 17.6069526672, 143.983535767, 1144.2220459, 548.56439209, 1811.26342773, 1352.06689453, 2727.35693359, 2506.02368164, 518.582519531, 1223.94885254, 1791.05554199, 961.338134766, 1109.64831543, 1554.49279785, 3149.80688477, 1681.91918945, 812.858398438, 640.763427734, 340.726776123, 31.2698860168, 10.4089298248, 9.73016738892, 5.69596147537, 6.67680120468, 3.73805069923, 2.68898248672, 1.15796136856, 0.991302788258, 1.57744085789, 0.525523662567, 0.282332271338, 0.36700040102, 0.0538995228708, 0.00116325786803, 0.000297506019706],
        "mean": [0.010716102086, 0.0297383628786, 0.0263265222311, 0.0421498864889, 0.109930373728, 0.80320340395, 3.24528431892, 12.3371601105, 15.5984869003, 24.5806083679, 22.9976825714, 16.9566135406, 14.1947021484, 6.38454961777, 13.4124917984, 22.9244995117, 15.2526044846, 15.6565217972, 16.6275367737, 15.1610603333, 13.0600814819, 16.8182296753, 7.71312665939, 5.8504486084, 0.989295661449, 0.237791657448, 0.27086186409, 0.19914381206, 0.202056705952, 0.153848484159, 0.107373602688, 0.0734975114465, 0.0650845691562, 0.0441843867302, 0.0154678123072, 0.00931723322719, 0.010683295317, 0.00224261102267, 4.61040726805e-05, 1.02965368569e-05],
        "min": [3.58127957276e-22, 3.03397691391e-21, 9.57806244545e-21, 5.35102815143e-21, 2.55323109334e-20, 8.83151077843e-20, 7.73742160043e-20, 2.61952202618e-19, 4.56005284655e-19, 3.15162715171e-19, 4.02403153781e-19, 6.12544252497e-19, 6.6830785801e-19, 1.1280151378e-18, 1.67932801753e-18, 2.60452250164e-18, 2.44351344977e-18, 2.67297335169e-18, 5.04137838825e-18, 3.64507063089e-18, 4.6096455296e-18, 7.40774566537e-18, 7.40138630082e-18, 8.17423355483e-18, 1.21097016562e-17, 1.17265731032e-17, 1.30003551459e-17, 1.13074539217e-17, 1.66233044856e-17, 1.04904385317e-17, 1.02046343951e-17, 9.08459627697e-18, 8.76811035716e-18, 1.13563030727e-17, 6.45163944177e-18, 5.37126752911e-18, 2.89349680786e-18, 1.05216536396e-18, 2.88198565906e-19, 2.92436457754e-20],
        "stdev": [0.00609910255298, 0.0178931783885, 0.0391394607723, 0.0613985657692, 0.165554583073, 1.89632320404, 11.4639492035, 79.4972686768, 58.1545143127, 118.995414734, 116.9661026, 133.230072021, 136.331954956, 37.9112510681, 94.9959640503, 148.689575195, 82.4695587158, 83.9936599731, 95.8857574463, 156.984466553, 87.7857055664, 77.6726379395, 40.9052238464, 28.3202819824, 3.20940566063, 0.71562898159, 0.767554819584, 0.520722091198, 0.5328758955, 0.428235977888, 0.238755807281, 0.1375451684, 0.134946197271, 0.136030107737, 0.0492272078991, 0.0284680295736, 0.0351336710155, 0.0059520136565, 0.000125524500618, 3.36771736329e-05]
    },
    "gfcc": {
        "mean": [-175.734100342, 99.8468170166, -105.256004333, 4.41158246994, -48.931930542, 6.38883256912, -42.5610313416, 16.0151329041, -2.31965875626, 19.341386795, -6.28566026688, 7.0891494751, -15.2394866943],
        "cov": [[22209.2246094, 227.590194702, -3185.81176758, -675.625854492, -559.411987305, 13.5807390213, -799.957458496, 412.446533203, 32.2179718018, 419.389587402, -106.27066803, 507.285125732, -141.735397339], [227.590194702, 1490.12438965, 684.439697266, -253.204971313, -497.684753418, -468.150299072, -132.606231689, -89.7497558594, -111.217781067, -87.9036941528, 85.1840515137, -151.138549805, -79.0755004883], [-3185.81176758, 684.439697266, 949.731811523, 58.8103065491, -224.672897339, -203.413528442, 81.2028579712, -121.200279236, -53.5468406677, -87.3791656494, 43.8619613647, -213.762832642, -40.7377243042], [-675.625854492, -253.204971313, 58.8103065491, 414.143127441, 193.489746094, 237.204772949, 48.6889076233, -1.7429100275, 29.156747818, 8.62272548676, -53.7273216248, -28.7077960968, 2.41034603119], [-559.411987305, -497.684753418, -224.672897339, 193.489746094, 323.805053711, 212.766433716, 31.4268951416, 39.7045669556, 55.6736831665, 10.3653736115, -44.8208427429, 69.4208755493, 40.6934928894], [13.5807390213, -468.150299072, -203.413528442, 237.204772949, 212.766433716, 367.744537354, 109.174102783, 20.0482540131, 44.4434547424, 38.657497406, -68.1846466064, 11.3032016754, 21.7473373413], [-799.957458496, -132.606231689, 81.2028579712, 48.6889076233, 31.4268951416, 109.174102783, 135.229202271, 14.1064958572, 7.23533821106, 1.18757915497, -8.13840866089, -41.3581809998, -3.92607736588], [412.446533203, -89.7497558594, -121.200279236, -1.7429100275, 39.7045669556, 20.0482540131, 14.1064958572, 79.8466491699, 26.1135787964, 4.53039932251, -2.42321848869, 20.7387218475, -12.2257051468], [32.2179718018, -111.217781067, -53.5468406677, 29.156747818, 55.6736831665, 44.4434547424, 7.23533821106, 26.1135787964, 69.8124465942, 50.7458457947, -17.1078872681, -13.818731308, -3.85289311409], [419.389587402, -87.9036941528, -87.3791656494, 8.62272548676, 10.3653736115, 38.657497406, 1.18757915497, 4.53039932251, 50.7458457947, 79.5146255493, 1.0018081665, -15.1002197266, -4.97404527664], [-106.27066803, 85.1840515137, 43.8619613647, -53.7273216248, -44.8208427429, -68.1846466064, -8.13840866089, -2.42321848869, -17.1078872681, 1.0018081665, 58.9860954285, 23.4936561584, -1.23181760311], [507.285125732, -151.138549805, -213.762832642, -28.7077960968, 69.4208755493, 11.3032016754, -41.3581809998, 20.7387218475, -13.818731308, -15.1002197266, 23.4936561584, 125.019950867, 43.0481681824], [-141.735397339, -79.0755004883, -40.7377243042, 2.41034603119, 40.6934928894, 21.7473373413, -3.92607736588, -12.2257051468, -3.85289311409, -4.97404527664, -1.23181760311, 43.0481681824, 57.9940414429]],
        "icov": [[0.000618493009824, -0.000820905901492, 0.00215329998173, -0.000527832831722, 0.00251440657303, -0.000949884066358, 0.00188452028669, -0.002200151328, 0.00213967519812, -0.00307302549481, 0.00236466899514, -0.00118309748359, 0.000989429769106], [-0.000820905901492, 0.00364799308591, -0.00494918879122, 0.00156207289547, -0.00138374255039, 0.00038641539868, 0.00150253018364, 0.000464931188617, -0.000685272505507, 0.00350380432792, -0.0031013393309, 0.00201540719718, -0.000854768557474], [0.00215329998173, -0.00494918879122, 0.0218160469085, -0.00897922646254, 0.0116219818592, 0.00276288529858, -0.00337789184414, 0.00938523095101, -0.015568876639, 0.0175185073167, -0.0124791665003, 0.0154225034639, -0.004473852925], [-0.000527832831722, 0.00156207289547, -0.00897922646254, 0.00937860272825, -0.0063663162291, -0.00608323700726, 0.00623060623184, -0.0065615423955, 0.0103749474511, -0.00957168824971, 0.00554704433307, -0.00397258391604, 0.00286448956467], [0.00251440657303, -0.00138374255039, 0.0116219818592, -0.0063663162291, 0.0227200370282, -0.00503896875307, 0.00762083055452, -0.00517579400912, -0.00667412346229, 0.00188620702829, 0.00388086750172, -0.00369226187468, 0.000600409402978], [-0.000949884066358, 0.00038641539868, 0.00276288529858, -0.00608323700726, -0.00503896875307, 0.0164050962776, -0.0171711705625, 0.0123210148886, -0.0082359528169, 0.00684483535588, 0.000114411093818, 0.00186560349539, -0.00212455634028], [0.00188452028669, 0.00150253018364, -0.00337789184414, 0.00623060623184, 0.00762083055452, -0.0171711705625, 0.0342293605208, -0.0245273001492, 0.0212598219514, -0.0177169907838, 0.00501205353066, 0.00138045870699, 0.00123560999054], [-0.002200151328, 0.000464931188617, 0.00938523095101, -0.0065615423955, -0.00517579400912, 0.0123210148886, -0.0245273001492, 0.0500079803169, -0.0485265776515, 0.0496709048748, -0.0300216190517, 0.016216840595, -0.00162355182692], [0.00213967519812, -0.000685272505507, -0.015568876639, 0.0103749474511, -0.00667412346229, -0.0082359528169, 0.0212598219514, -0.0485265776515, 0.0952911525965, -0.0891196578741, 0.053201649338, -0.0290091335773, 0.013258555904], [-0.00307302549481, 0.00350380432792, 0.0175185073167, -0.00957168824971, 0.00188620702829, 0.00684483535588, -0.0177169907838, 0.0496709048748, -0.0891196578741, 0.113461852074, -0.0731720477343, 0.0540494173765, -0.0225115045905], [0.00236466899514, -0.0031013393309, -0.0124791665003, 0.00554704433307, 0.00388086750172, 0.000114411093818, 0.00501205353066, -0.0300216190517, 0.053201649338, -0.0731720477343, 0.0818634778261, -0.0555503107607, 0.0240300800651], [-0.00118309748359, 0.00201540719718, 0.0154225034639, -0.00397258391604, -0.00369226187468, 0.00186560349539, 0.00138045870699, 0.016216840595, -0.0290091335773, 0.0540494173765, -0.0555503107607, 0.064450725913, -0.0300538055599], [0.000989429769106, -0.000854768557474, -0.004473852925, 0.00286448956467, 0.000600409402978, -0.00212455634028, 0.00123560999054, -0.00162355182692, 0.013258555904, -0.0225115045905, 0.0240300800651, -0.0300538055599, 0.0371198840439]]
    },
    "melbands": {
        "max": [0.000249943288509, 0.000170416795299, 9.71939880401e-05, 0.000410312088206, 0.00418028095737, 0.0218781214207, 0.00733642838895, 0.0251336358488, 0.013630435802, 0.0154004432261, 0.0119733745232, 0.00183110055514, 0.00304077798501, 0.00623625703156, 0.00525454571471, 0.00246696686372, 0.00240374263376, 0.00226146541536, 0.00475681060925, 0.00219969125465, 0.00193221960217, 0.00102626055013, 0.00077429227531, 0.000546792056412, 0.000308956805384, 4.30451436841e-05, 6.32673800283e-06, 6.76716126691e-06, 4.76224386148e-06, 6.30546401226e-06, 3.48552043761e-06, 3.1413051147e-06, 4.06494791605e-06, 2.11682777262e-06, 1.91865569832e-06, 6.9927534696e-07, 6.87742442551e-07, 7.98519863565e-07, 9.10227925033e-07, 1.45104797866e-06],
        "mean": [7.33688211767e-05, 2.03826457437e-05, 8.20855893835e-06, 2.76886567008e-05, 9.98909235932e-05, 0.000268893578323, 0.00024936554837, 0.000276720355032, 0.000177062305738, 0.000107418789412, 6.70795852784e-05, 2.22373619181e-05, 3.92400979763e-05, 5.3816496802e-05, 5.28386444785e-05, 2.93109296763e-05, 2.86270005745e-05, 2.59829157585e-05, 2.67839168373e-05, 1.2913399587e-05, 1.66650606843e-05, 1.9747782062e-05, 9.45581086853e-06, 6.01853980697e-06, 4.81247798234e-06, 1.03964327991e-06, 2.36151308286e-07, 1.12392513074e-07, 1.45812862229e-07, 1.78893927227e-07, 9.15054272355e-08, 1.12147787945e-07, 1.01698901744e-07, 8.38034566186e-08, 7.2653435268e-08, 4.22033323844e-08, 4.02537345678e-08, 4.57405349152e-08, 4.18074854736e-08, 3.46676287677e-08],
        "min": [4.50336236103e-24, 5.20763252809e-24, 1.78120848094e-24, 5.0203143507e-24, 2.78685704039e-24, 6.1501382941e-24, 8.14917612009e-24, 3.15538268138e-24, 3.44188217101e-24, 4.00033100532e-24, 2.82094332567e-24, 3.72066285391e-24, 5.16115363241e-24, 5.1175690674e-24, 6.50461806945e-24, 4.75893870039e-24, 4.56281012998e-24, 6.2462933387e-24, 6.57118333593e-24, 3.04869910471e-24, 5.74284585886e-24, 7.34693613392e-24, 6.51332314954e-24, 4.26651989044e-24, 6.1153873935e-24, 6.72733716883e-24, 7.49809687172e-24, 7.55794459315e-24, 7.08423598615e-24, 6.80534683488e-24, 6.2490910339e-24, 9.28118599706e-24, 6.02253728167e-24, 5.42223306545e-24, 6.11952496895e-24, 4.73202907719e-24, 5.7120290076e-24, 6.07445221784e-24, 6.99619832027e-24, 9.00564950464e-24],
        "stdev": [4.10639586335e-05, 1.74101551238e-05, 1.05770377559e-05, 5.77672290092e-05, 0.000339321733918, 0.00159071187954, 0.000875413650647, 0.00144121912308, 0.000998361269012, 0.000826980976854, 0.000656113610603, 0.000129629988805, 0.0002722517238, 0.000362246064469, 0.000349125417415, 0.000178801870788, 0.000161555275554, 0.000149434650666, 0.000257511914242, 0.000128283092636, 0.000106513638457, 9.31348622544e-05, 5.37351843377e-05, 3.38629142789e-05, 2.37412132265e-05, 3.97163421439e-06, 5.86658870816e-07, 4.26492590577e-07, 4.32009585438e-07, 4.8849904033e-07, 2.72533924317e-07, 2.92349540132e-07, 3.09397051979e-07, 2.273692985e-07, 1.68771862263e-07, 7.92880783251e-08, 7.55019442522e-08, 9.56352508297e-08, 1.04161053116e-07, 1.18697919049e-07]
    },
    "melbands128": {
        "max": [5.5934269767e-05, 0.000314507778967, 0.00034940923797, 0.000215799344005, 0.000198791443836, 0.000182942821993, 0.000153754328494, 9.76993178483e-05, 0.000196499400772, 0.000338295241818, 0.000675241986755, 0.00381887820549, 0.00702503230423, 0.00837287027389, 0.036838516593, 0.0266469661146, 0.0170573052019, 0.0103039331734, 0.0186501313001, 0.0202005375177, 0.0514590516686, 0.0151863079518, 0.0227444991469, 0.0261800810695, 0.0268670190126, 0.00774798495695, 0.0291547644883, 0.0150208622217, 0.000834494829178, 0.00150658912025, 0.00251570576802, 0.0049842922017, 0.00426340196282, 0.00905762892216, 0.00718337437138, 0.0091215800494, 0.00942568108439, 0.00916333682835, 0.00324586569332, 0.00373340584338, 0.00332230841741, 0.00442785443738, 0.00311328726821, 0.00183647125959, 0.00622399430722, 0.00124304136261, 0.00521589396521, 0.0056729009375, 0.0114409169182, 0.0020680797752, 0.00205082073808, 0.00208114250563, 0.00206159893423, 0.0025100458879, 0.00208826805465, 0.00124472181778, 0.000933340750635, 0.00164440774824, 0.000566129921935, 0.000598486920353, 0.000659566663671, 0.000475106062368, 0.000590411305893, 0.00032015069155, 8.38244013721e-05, 6.34902607999e-05, 1.33880384965e-05, 1.00485995063e-05, 4.58788827018e-06, 8.66600021254e-06, 6.87272722644e-06, 6.30928389e-06, 7.06325317879e-06, 5.25140512764e-06, 1.19965279737e-05, 6.4861797e-06, 5.58281544727e-06, 4.43469707534e-06, 4.43123599325e-06, 4.16696275352e-06, 5.88170132687e-06, 4.76641025671e-06, 9.05527303985e-06, 3.54182498086e-06, 5.09840901941e-06, 2.6745683499e-06, 2.37024755734e-06, 2.31498256653e-06, 2.50671996582e-06, 1.96928112928e-06, 5.04079253005e-07, 5.86253065649e-07, 1.71088697698e-06, 9.74014255917e-07, 6.61091689835e-07, 4.9231198318e-07, 1.62511810231e-06, 9.88617671283e-07, 8.53614949392e-07, 1.77024480763e-06, 3.05573917103e-06, 1.24277153191e-06, 9.83003701549e-07, 9.36832407206e-07, 9.27508779114e-07, 4.82776613353e-07, 3.21098042377e-07, 2.38620685877e-07, 4.05630743217e-07, 1.08812707822e-06, 9.02207034414e-07, 1.30459000047e-06, 2.21328400585e-06, 1.50941480115e-06, 1.17449690151e-06, 6.80801008457e-07, 4.93742106755e-07, 4.345465765e-09, 3.75147246601e-09, 3.62704022372e-09, 3.53076501369e-09, 3.42521833119e-09, 3.34633676324e-09, 3.27168914183e-09, 3.23650017897e-09, 3.18327697535e-09, 3.16491699515e-09, 3.14247539102e-09],
        "mean": [1.59157225426e-05, 0.000101718185761, 9.02666215552e-05, 3.46810775227e-05, 1.32250052047e-05, 1.10940673039e-05, 8.69619361765e-06, 5.99379472987e-06, 8.60326963448e-06, 1.74896831595e-05, 4.16641087213e-05, 8.20790737635e-05, 0.000103054422652, 0.000128196348669, 0.000275870639598, 0.000370770896552, 0.000260126806097, 0.000193155821762, 0.000290902215056, 0.000267551018624, 0.000307209033053, 0.000200198541279, 0.000178638365469, 0.000123036603327, 9.80169716058e-05, 9.59488097578e-05, 0.000132246874273, 6.46105982014e-05, 1.5555846403e-05, 1.62492342497e-05, 2.3529801183e-05, 3.5682831367e-05, 3.06613910652e-05, 5.59786822123e-05, 4.39219511463e-05, 4.29321517004e-05, 8.77290440258e-05, 6.07207366556e-05, 2.46482995863e-05, 3.32116251229e-05, 2.71306926152e-05, 2.92252479994e-05, 3.27908492181e-05, 2.31125613936e-05, 3.00129195239e-05, 2.3288970624e-05, 2.63964684564e-05, 2.74785634247e-05, 3.39728976542e-05, 1.22402398119e-05, 1.02257627077e-05, 9.97128972813e-06, 1.40071715578e-05, 1.82778821909e-05, 2.6613850423e-05, 1.93253235921e-05, 1.53484506882e-05, 1.2767233784e-05, 6.26646396995e-06, 5.36861807632e-06, 5.6978228713e-06, 6.53992492516e-06, 7.05356387698e-06, 3.75958848053e-06, 2.34242770603e-06, 9.1878200692e-07, 2.7055060059e-07, 2.59326469632e-07, 2.49777400541e-07, 1.83379626151e-07, 1.11311187823e-07, 6.87819863288e-08, 8.92703013733e-08, 1.55233394139e-07, 2.21576286208e-07, 2.04962105954e-07, 1.55573133043e-07, 1.11308594342e-07, 7.44111545714e-08, 7.69697123815e-08, 1.01266905972e-07, 1.30503565288e-07, 1.37342539119e-07, 9.43873956771e-08, 7.87503466881e-08, 7.35825480547e-08, 8.68388951858e-08, 1.00506873935e-07, 8.66404050726e-08, 4.15774756846e-08, 2.45149145428e-08, 4.49256276625e-08, 6.67694166623e-08, 4.06513365192e-08, 2.23473968219e-08, 3.52315936425e-08, 5.84383421653e-08, 5.1941903223e-08, 2.91441750733e-08, 4.54568152009e-08, 5.18714919906e-08, 2.87927441889e-08, 2.05651904395e-08, 2.18918447814e-08, 1.77728729511e-08, 1.26072627893e-08, 1.03655377615e-08, 1.05041095821e-08, 1.15424194647e-08, 2.11995523358e-08, 2.34194637017e-08, 3.17175583575e-08, 4.47446453222e-08, 3.52299238671e-08, 3.87731233786e-08, 3.02530906993e-08, 1.20254615155e-08, 8.22289042413e-11, 8.10188634931e-12, 7.84664347386e-12, 7.64214993371e-12, 7.43610294868e-12, 7.27049280155e-12, 7.11221706529e-12, 7.03835600913e-12, 6.93288352074e-12, 6.90015405924e-12, 6.84508873194e-12],
        "min": [2.13090894251e-24, 1.48454511019e-24, 2.72499397656e-24, 6.22942512596e-24, 5.00437028851e-24, 2.38207081625e-24, 2.43672995299e-25, 2.14722909413e-24, 1.21306139067e-24, 3.01233143369e-24, 3.77789984018e-24, 1.79099134224e-24, 2.29530025819e-24, 1.49804084395e-24, 2.69367797356e-24, 8.26389700609e-24, 3.8927130229e-24, 6.67225022295e-24, 4.39823954566e-24, 1.96510438251e-24, 4.61998065472e-25, 2.18688828728e-24, 4.30748070408e-24, 2.93466610542e-24, 1.49230720568e-24, 3.49270492926e-24, 2.95453613111e-24, 1.45614562457e-24, 2.3204304084e-24, 7.53001655052e-25, 1.95590823651e-24, 5.93661060756e-24, 2.28130093535e-24, 3.12227004767e-24, 1.42562775159e-24, 2.96289056253e-24, 2.73818964735e-24, 3.26550687489e-24, 2.35606700258e-24, 3.19915972845e-24, 3.08182100754e-24, 5.04273219991e-24, 3.84841532763e-24, 5.36615235206e-25, 4.30410359055e-24, 3.72464778477e-24, 7.52978620314e-24, 3.92696457455e-24, 2.8206561803e-24, 2.33472890674e-24, 2.30447786596e-24, 2.20445227533e-24, 4.61486390567e-24, 3.41231960859e-24, 2.36529411137e-24, 6.39116409407e-24, 3.86861963314e-24, 5.02513113539e-24, 3.3718258006e-24, 5.50769352276e-24, 2.99672579283e-24, 2.54563165861e-24, 5.260002637e-24, 5.30516413497e-24, 4.04696175671e-24, 5.23408500639e-24, 5.4357726796e-24, 6.35334491898e-24, 4.71292838809e-24, 2.71880555997e-24, 5.63776919185e-24, 6.97739187628e-24, 5.23969854059e-24, 6.78855435279e-24, 4.05975116414e-24, 6.26707824583e-24, 5.24594355795e-24, 5.89875553931e-24, 4.66445643534e-24, 4.87814386621e-24, 5.91516976259e-24, 6.56353375173e-24, 5.69911653787e-24, 4.45641448754e-24, 4.80218089977e-24, 5.7908811771e-24, 4.32593058293e-24, 6.93506475555e-24, 4.99146886284e-24, 5.08832914909e-24, 3.86912095424e-24, 3.33328284564e-24, 5.74203727643e-24, 4.47372604011e-24, 5.79376919687e-24, 6.23767227229e-24, 5.88671397202e-24, 4.66313627662e-24, 6.26949294906e-24, 8.92537975209e-24, 7.15910677466e-24, 6.80012142025e-24, 6.32804851633e-24, 7.66918423598e-24, 5.76205817177e-24, 5.4946485244e-24, 5.46348417991e-24, 6.34485480349e-24, 9.00879784851e-24, 6.01739548629e-24, 6.64391276152e-24, 7.44527159006e-24, 6.57963124736e-24, 8.00275328089e-24, 8.20947191452e-24, 7.10927048698e-24, 8.84696224494e-24, 7.15775308935e-24, 5.08220758846e-24, 7.99876953332e-24, 9.38448023285e-24, 7.58945564201e-24, 7.63798005401e-24, 5.13278737755e-24, 5.18844861417e-24, 8.48992695468e-24, 7.81654266421e-24, 8.07000130648e-24],
        "stdev": [9.9698527265e-06, 5.8624540543e-05, 5.33856000402e-05, 2.44666025537e-05, 2.17159722524e-05, 1.91164399439e-05, 1.44608629853e-05, 8.80513925949e-06, 1.67386315297e-05, 3.33717980538e-05, 9.97348615783e-05, 0.000293285556836, 0.0004503649252, 0.000597238948103, 0.00239315233193, 0.00225019780919, 0.00139643158764, 0.000883329368662, 0.00126965425443, 0.00151891272981, 0.00249061314389, 0.00112734409049, 0.00127049349248, 0.001347945421, 0.00115874386393, 0.000575766665861, 0.00164773711003, 0.000696037022863, 7.7796918049e-05, 0.000101083351183, 0.000172938176547, 0.00030777612119, 0.000261184235569, 0.000555752427317, 0.000378729804652, 0.000414558453485, 0.000669527973514, 0.000518542365171, 0.000166546000401, 0.000262246438069, 0.000185255936231, 0.00022889644606, 0.000225689596846, 0.00012250879081, 0.000281094573438, 0.000107634245069, 0.00024291977752, 0.000278778665233, 0.000511849066243, 0.00012345155119, 9.98446485028e-05, 9.23910993151e-05, 0.000105007064121, 0.000128997620777, 0.000155252258992, 0.000101084260677, 7.84839430708e-05, 8.97296413314e-05, 3.50851696567e-05, 3.31847513735e-05, 3.74347400793e-05, 3.58507604687e-05, 4.2492254579e-05, 1.95509910554e-05, 1.0030195881e-05, 4.17963155996e-06, 7.79739536938e-07, 7.19942761407e-07, 6.10792426414e-07, 6.19044726591e-07, 4.30788389849e-07, 3.98730918505e-07, 4.06332219427e-07, 4.71667902957e-07, 7.44148110243e-07, 5.62352681754e-07, 4.41262443474e-07, 3.47866091488e-07, 2.98078333572e-07, 2.83256781586e-07, 3.16304380021e-07, 3.58758939001e-07, 4.9032229299e-07, 2.73502479331e-07, 3.58298478886e-07, 2.66555360895e-07, 2.26949410376e-07, 2.42377780069e-07, 2.14770452089e-07, 1.16937052042e-07, 5.33355795085e-08, 8.82516815182e-08, 1.45099150473e-07, 8.32817121932e-08, 5.75636107669e-08, 7.04178191313e-08, 1.35980130267e-07, 1.21040642398e-07, 7.90243106508e-08, 1.37525802302e-07, 1.95527789515e-07, 1.19850014357e-07, 7.86329934499e-08, 8.3196830758e-08, 6.35706669527e-08, 4.25383355207e-08, 2.7428237459e-08, 2.45945237509e-08, 3.51547484456e-08, 7.91323984117e-08, 8.02555817359e-08, 1.2678079031e-07, 1.68463202499e-07, 1.207517073e-07, 1.11630193089e-07, 7.7728984138e-08, 3.863614495e-08, 4.18685836001e-10, 1.59827137636e-10, 1.54525725549e-10, 1.5042453394e-10, 1.45927922524e-10, 1.4256738845e-10, 1.39387723586e-10, 1.37888048202e-10, 1.35620500941e-10, 1.34837724319e-10, 1.33882238629e-10]
    },
    "mfcc": {
        "mean": [-819.089538574, 145.690292358, -1.58093822002, 6.0180888176, 11.6140823364, -4.12922430038, -16.212852478, -2.93144130707, -2.30983781815, 11.0956983566, 16.4336414337, 10.9049015045, -2.61519122124],
        "cov": [[8929.04980469, -355.837341309, -1873.11401367, -760.725463867, 62.3677864075, -138.693054199, -316.972747803, 101.582641602, 217.268417358, -258.214416504, 178.50440979, 96.8487625122, 251.089141846], [-355.837341309, 1692.73535156, 730.076965332, 101.58442688, -312.795318604, -475.175689697, -187.566040039, -192.712783813, -302.168579102, -49.3043479919, 13.2152023315, -30.0495357513, -98.1139984131], [-1873.11401367, 730.076965332, 891.350036621, 247.691314697, -202.554092407, -112.710723877, 17.9603996277, -144.171936035, -170.998687744, 107.2109375, -55.325214386, 7.76975107193, -118.620849609], [-760.725463867, 101.58442688, 247.691314697, 211.604141235, 64.2996368408, 13.4023742676, 11.1653585434, -15.1326751709, -31.8811836243, 46.6076965332, -3.38559865952, -14.1145000458, -36.1583824158], [62.3677864075, -312.795318604, -202.554092407, 64.2996368408, 250.218383789, 159.334243774, 18.0933094025, 76.212852478, 83.4634170532, 4.01549386978, 22.2568626404, -31.4794692993, 13.7653226852], [-138.693054199, -475.175689697, -112.710723877, 13.4023742676, 159.334243774, 313.476867676, 116.768814087, 53.0234222412, 129.736480713, 77.31690979, -9.55744457245, 19.8836593628, 3.21515464783], [-316.972747803, -187.566040039, 17.9603996277, 11.1653585434, 18.0933094025, 116.768814087, 119.762611389, 55.523235321, 40.2105407715, 34.399433136, -21.0030136108, 26.7545452118, -5.47067594528], [101.582641602, -192.712783813, -144.171936035, -15.1326751709, 76.212852478, 53.0234222412, 55.523235321, 124.394439697, 47.5491333008, -22.2337379456, -0.433081865311, 3.65123319626, 12.0071601868], [217.268417358, -302.168579102, -170.998687744, -31.8811836243, 83.4634170532, 129.736480713, 40.2105407715, 47.5491333008, 126.695953369, 50.1416549683, 5.23963260651, 8.69581699371, 21.8341445923], [-258.214416504, -49.3043479919, 107.2109375, 46.6076965332, 4.01549386978, 77.31690979, 34.399433136, -22.2337379456, 50.1416549683, 153.82901001, 14.5641717911, 27.136505127, -21.4023857117], [178.50440979, 13.2152023315, -55.325214386, -3.38559865952, 22.2568626404, -9.55744457245, -21.0030136108, -0.433081865311, 5.23963260651, 14.5641717911, 65.3689575195, 12.4314699173, 1.52816128731], [96.8487625122, -30.0495357513, 7.76975107193, -14.1145000458, -31.4794692993, 19.8836593628, 26.7545452118, 3.65123319626, 8.69581699371, 27.136505127, 12.4314699173, 78.6265029907, 21.5025463104], [251.089141846, -98.1139984131, -118.620849609, -36.1583824158, 13.7653226852, 3.21515464783, -5.47067594528, 12.0071601868, 21.8341445923, -21.4023857117, 1.52816128731, 21.5025463104, 68.7009429932]],
        "icov": [[0.000349769747118, -0.000399511191063, 0.00126077188179, -0.000162487034686, 0.000613435520791, -0.000531303987373, 0.000862598826643, -5.85042762395e-05, 3.93599329982e-05, -0.000181126000825, 0.00034519037581, -0.000748747552279, 0.000381066754926], [-0.000399511191063, 0.0024759885855, -0.00352017581463, 0.00187144277152, -0.00190127780661, 0.0027694166638, -0.00011744407675, 0.000261171080638, 0.000449386920081, 0.000607805384789, -0.00157715252135, 0.000687687599566, -3.41632767231e-05], [0.00126077188179, -0.00352017581463, 0.0124208340421, -0.00856063980609, 0.00834861025214, -0.00549089023843, 0.00194037926849, 0.000810856523458, 0.0038635705132, -0.00348927942105, 0.00523365987465, -0.0028751604259, 0.00437092874199], [-0.000162487034686, 0.00187144277152, -0.00856063980609, 0.0176863446832, -0.0142329223454, 0.00720720971003, -0.00369502953254, 0.0021273388993, 0.000752855092287, -0.00130798108876, -0.00116198917385, -0.000663582119159, -0.00077064265497], [0.000613435520791, -0.00190127780661, 0.00834861025214, -0.0142329223454, 0.0243289545178, -0.0153552712873, 0.0120494971052, -0.00972315948457, 0.00142140011303, 0.000499166548252, -0.00295106926933, 0.00566993793473, -0.00153577467427], [-0.000531303987373, 0.0027694166638, -0.00549089023843, 0.00720720971003, -0.0153552712873, 0.019936202094, -0.0148534318432, 0.00949564296752, -0.00757342902943, 3.41047852999e-05, 0.00118720217142, -0.00318113900721, 0.00289757433347], [0.000862598826643, -0.00011744407675, 0.00194037926849, -0.00369502953254, 0.0120494971052, -0.0148534318432, 0.0312718003988, -0.0158378966153, 0.00383798452094, -0.00169801083393, 0.00359038100578, -0.00397820724174, 0.00104077567812], [-5.85042762395e-05, 0.000261171080638, 0.000810856523458, 0.0021273388993, -0.00972315948457, 0.00949564296752, -0.0158378966153, 0.0213496703655, -0.00590443518013, 0.00381075008772, 0.000805048737675, -0.00321589712985, 0.0036700614728], [3.93599329982e-05, 0.000449386920081, 0.0038635705132, 0.000752855092287, 0.00142140011303, -0.00757342902943, 0.00383798452094, -0.00590443518013, 0.0266372635961, -0.0105453273281, 0.00251401984133, 0.00262506701984, -0.00365611515008], [-0.000181126000825, 0.000607805384789, -0.00348927942105, -0.00130798108876, 0.000499166548252, 3.41047852999e-05, -0.00169801083393, 0.00381075008772, -0.0105453273281, 0.0149635765702, -0.00536043848842, -0.00279174186289, 0.00292014097795], [0.00034519037581, -0.00157715252135, 0.00523365987465, -0.00116198917385, -0.00295106926933, 0.00118720217142, 0.00359038100578, 0.000805048737675, 0.00251401984133, -0.00536043848842, 0.0237912870944, -0.00808556657284, 0.00512449769303], [-0.000748747552279, 0.000687687599566, -0.0028751604259, -0.000663582119159, 0.00566993793473, -0.00318113900721, -0.00397820724174, -0.00321589712985, 0.00262506701984, -0.00279174186289, -0.00808556657284, 0.023680401966, -0.0112726707011], [0.000381066754926, -3.41632767231e-05, 0.00437092874199, -0.00077064265497, -0.00153577467427, 0.00289757433347, 0.00104077567812, 0.0036700614728, -0.00365611515008, 0.00292014097795, 0.00512449769303, -0.0112726707011, 0.025355136022]]
    },
    "spectral_contrast_coeffs": {
        "max": [-0.399743676186, -0.382264792919, -0.464664518833, -0.562442719936, -0.526193141937, -0.760368585587],
        "mean": [-0.783627688885, -0.802400350571, -0.812273561954, -0.837729215622, -0.809681177139, -0.826389789581],
        "min": [-0.971552431583, -0.997823953629, -0.998929321766, -0.986558973789, -0.989693462849, -0.964608073235],
        "stdev": [0.0920870602131, 0.0926963165402, 0.0695055127144, 0.0467098578811, 0.0770050808787, 0.0285709183663]
    },
    "spectral_contrast_valleys": {
        "max": [-6.70963954926, -4.5780415535, -4.57787084579, -5.55911540985, -6.756067276, -9.56169509888],
        "mean": [-8.36787700653, -7.65889358521, -9.16191196442, -8.87359333038, -9.67688751221, -12.104344368],
        "min": [-27.9130096436, -27.2368602753, -27.2777404785, -27.3018836975, -27.7297134399, -27.3137302399],
        "stdev": [2.14723801613, 2.27605628967, 2.20236778259, 2.27941513062, 2.09558081627, 1.85410058498]
    }
},
"rhythm": {
    "beats_count": 30,
    "beats_loudness": {
        "max": 0.200599744916,
        "mean": 0.0133107509464,
        "min": 0.000276418344583,
        "stdev": 0.0378895103931
    },
    "bpm": 142.945007324,
    "bpm_histogram_first_peak_bpm": 144,
    "bpm_histogram_first_peak_weight": 0.5,
    "bpm_histogram_second_peak_bpm": 152,
    "bpm_histogram_second_peak_spread": 0,
    "bpm_histogram_second_peak_weight": 0.206896558404,
    "danceability": 0.980697989464,
    "onset_rate": 3.13495230675,
    "beats_loudness_band_ratio": {
        "max": [0.601571500301, 0.576634883881, 0.946856737137, 0.354142129421, 0.461053490639, 0.0838982090354],
        "mean": [0.232211023569, 0.198706075549, 0.367740482092, 0.111124955118, 0.115358710289, 0.0146461790428],
        "min": [0.00225191167556, 0.00834012962878, 0.0416664555669, 0.00654189987108, 0.00264310115017, 0.000505157804582],
        "stdev": [0.196212336421, 0.195107683539, 0.264857769012, 0.102852866054, 0.141022741795, 0.021473614499]
    },
    "beats_position": [0.383129239082, 0.789478421211, 1.18421769142, 1.57895684242, 1.9620860815, 2.34521532059, 2.73995471001, 3.13469386101, 3.52943301201, 3.92417216301, 4.3073015213, 4.69043064117, 5.0967798233, 5.50312900543, 5.94430828094, 6.37387752533, 6.80344676971, 7.23301553726, 7.66258478165, 8.09215450287, 8.52172279358, 8.93968200684, 9.35764122009, 9.77560043335, 10.1935596466, 10.6115188599, 11.0294780731, 11.4474372864, 11.8653964996, 12.2833557129],
