{
"metadata": {
    "version": {
        "essentia": "2.1-beta5",
        "essentia_git_sha": "Undefined",
        "extractor": "music 2.0"
    },
    "audio_properties": {
        "analysis": {
            "equal_loudness": 0,
            "length": 48.7502937317,
            "sample_rate": 44100,
            "start_time": 12.7477550507,
            "downmix": "mix"
        },
        "bit_rate": 192000,
        "length": 253.120727539,
        "lossless": 0,
        "number_channels": 2,
        "replay_gain": -4.70118331909,
        "sample_rate": 44100,
        "codec": "mp3",
        "md5_encoded": "6a503686b442f023adcb672d463decbe"
    },
    "tags": {
        "file_name": "United KingdomUK_Save Your Kisses For Me_Brotherhood of Man.mp3",
        "encoding": ["Lavf58.29.100"]
    }
},
"lowlevel": {
    "average_loudness": 0.493490338326,
    "barkbands_crest": {
        "max": 24.1258487701,
        "mean": 10.7647428513,
        "min": 2.88812398911,
        "stdev": 3.94931697845
    },
    "barkbands_flatness_db": {
        "max": 0.288481503725,
        "mean": 0.172177955508,
        "min": 0.0399431698024,
        "stdev": 0.0465010628104
    },
    "barkbands_kurtosis": {
        "max": 70.1813812256,
        "mean": 3.35758090019,
        "min": -1.82330954075,
        "stdev": 5.00357818604
    },
    "barkbands_skewness": {
        "max": 5.21370315552,
        "mean": 0.82614505291,
        "min": -4.04455280304,
        "stdev": 0.969342768192
    },
    "barkbands_spread": {
        "max": 48.6368789673,
        "mean": 12.764122963,
        "min": 1.1932502985,
        "stdev": 8.85336303711
    },
    "dissonance": {
        "max": 0.5,
        "mean": 0.437482386827,
        "min": 0.181625843048,
        "stdev": 0.051521345973
    },
    "dynamic_complexity": 8.24990367889,
    "erbbands_crest": {
        "max": 33.7014045715,
        "mean": 12.4340715408,
        "min": 3.08831644058,
        "stdev": 5.0032992363
    },
    "erbbands_flatness_db": {
        "max": 0.340943187475,
        "mean": 0.215777412057,
        "min": 0.0939428433776,
        "stdev": 0.0493738204241
    },
    "erbbands_kurtosis": {
        "max": 62.3311691284,
        "mean": 3.17356061935,
        "min": -1.81506109238,
        "stdev": 5.84139728546
    },
    "erbbands_skewness": {
        "max": 5.85699510574,
        "mean": 0.73028409481,
        "min": -3.90344190598,
        "stdev": 1.11040759087
    },
    "erbbands_spread": {
        "max": 74.7490081787,
        "mean": 17.5536880493,
        "min": 1.44799137115,
        "stdev": 9.98781108856
    },
    "hfc": {
        "max": 151.19934082,
        "mean": 7.88682031631,
        "min": 0.0137969385833,
        "stdev": 18.0263977051
    },
    "loudness_ebu128": {
        "integrated": -22.5762996674,
        "loudness_range": 14.7153148651,
        "momentary": {
            "max": -15.6931266785,
            "mean": -28.5954093933,
            "min": -47.2284545898,
            "stdev": 7.78755331039
        },
        "short_term": {
            "max": -19.2008476257,
            "mean": -26.337726593,
            "min": -43.6379852295,
            "stdev": 5.74105930328
        }
    },
    "melbands_crest": {
        "max": 31.186876297,
        "mean": 13.7592029572,
        "min": 3.72415781021,
        "stdev": 5.03483867645
    },
    "melbands_flatness_db": {
        "max": 0.378465950489,
        "mean": 0.251462101936,
        "min": 0.0431223288178,
        "stdev": 0.0624774545431
    },
    "melbands_kurtosis": {
        "max": 70.398223877,
        "mean": 4.33146619797,
        "min": -1.85787558556,
        "stdev": 6.31873178482
    },
    "melbands_skewness": {
        "max": 7.13614940643,
        "mean": 1.12821054459,
        "min": -3.19755387306,
        "stdev": 1.09136283398
    },
    "melbands_spread": {
        "max": 87.5803070068,
        "mean": 19.2218780518,
        "min": 2.14852690697,
        "stdev": 16.3094940186
    },
    "pitch_salience": {
        "max": 0.850841999054,
        "mean": 0.590323209763,
        "min": 0.183544278145,
        "stdev": 0.118150472641
    },
    "silence_rate_20dB": {
        "max": 1,
        "mean": 1,
        "min": 1,
        "stdev": 0
    },
    "silence_rate_30dB": {
        "max": 1,
        "mean": 0.990004777908,
        "min": 0,
        "stdev": 0.0994758009911
    },
    "silence_rate_60dB": {
        "max": 1,
        "mean": 0.624464511871,
        "min": 0,
        "stdev": 0.484258681536
    },
    "spectral_centroid": {
        "max": 3117.76611328,
        "mean": 978.96081543,
        "min": 322.832946777,
        "stdev": 549.144897461
    },
    "spectral_complexity": {
        "max": 33,
        "mean": 7.05616378784,
        "min": 0,
        "stdev": 7.0715265274
    },
    "spectral_decrease": {
        "max": -7.0911753032e-12,
        "mean": -2.13633377655e-09,
        "min": -4.3605556499e-08,
        "stdev": 5.0193853518e-09
    },
    "spectral_energy": {
        "max": 0.178016468883,
        "mean": 0.00877836812288,
        "min": 2.81360189547e-05,
        "stdev": 0.020534126088
    },
    "spectral_energyband_high": {
        "max": 0.000979785341769,
        "mean": 3.02089938486e-05,
        "min": 2.37216013943e-07,
        "stdev": 7.63167190598e-05
    },
    "spectral_energyband_low": {
        "max": 0.00125197065063,
        "mean": 0.000176684203325,
        "min": 9.973800843e-06,
        "stdev": 0.00013256740931
    },
    "spectral_energyband_middle_high": {
        "max": 0.0992087945342,
        "mean": 0.00278054270893,
        "min": 3.43716624229e-06,
        "stdev": 0.00672458158806
    },
    "spectral_energyband_middle_low": {
        "max": 0.130692303181,
        "mean": 0.00589183764532,
        "min": 2.81962684312e-06,
        "stdev": 0.0147925363854
    },
    "spectral_entropy": {
        "max": 8.61701107025,
        "mean": 6.99785232544,
        "min": 5.74368429184,
        "stdev": 0.494108498096
    },
    "spectral_flux": {
        "max": 0.373202651739,
        "mean": 0.0453470908105,
        "min": 0.00251551019028,
        "stdev": 0.0589153729379
    },
    "spectral_kurtosis": {
        "max": 39.2322921753,
        "mean": 13.8046979904,
        "min": 1.04604053497,
        "stdev": 6.27934503555
    },
    "spectral_rms": {
        "max": 0.0131785664707,
        "mean": 0.00200734962709,
        "min": 0.000165679739439,
        "stdev": 0.00212950911373
    },
    "spectral_rolloff": {
        "max": 5727.83203125,
        "mean": 1145.73779297,
        "min": 86.1328125,
        "stdev": 754.334289551
    },
    "spectral_skewness": {
        "max": 5.12942409515,
        "mean": 2.82549095154,
        "min": 0.91155230999,
        "stdev": 0.688697636127
    },
    "spectral_spread": {
        "max": 24886596,
        "mean": 3098421.5,
        "min": 1882627.875,
        "stdev": 870779.75
    },
    "spectral_strongpeak": {
        "max": 9.76926803589,
        "mean": 0.721037745476,
        "min": 0.00330669502728,
        "stdev": 1.12712466717
    },
    "zerocrossingrate": {
        "max": 0.14794921875,
        "mean": 0.0403879024088,
        "min": 0.009765625,
        "stdev": 0.0220080427825
    },
    "barkbands": {
        "max": [7.89834593888e-05, 0.00111719570123, 0.00028309575282, 0.000165434801602, 0.00419535860419, 0.0244978684932, 0.0510881841183, 0.106208287179, 0.110251873732, 0.0438419170678, 0.0531487725675, 0.0302647594362, 0.0187658593059, 0.0291050914675, 0.0190879404545, 0.0394170805812, 0.00793658196926, 0.00545579474419, 0.00176892941818, 0.000267004186753, 0.00049852358643, 0.000196293520276, 0.000138419782161, 0.000121065895655, 6.91889581503e-05, 9.72628113232e-05, 1.17788440548e-05],
        "mean": [1.03002075775e-05, 0.000140916279634, 1.96472738025e-05, 1.29126383399e-05, 0.000214030194911, 0.000505647913087, 0.00106394232716, 0.00175436469726, 0.00213464489207, 0.000450124993222, 0.000304597633658, 0.000301915424643, 0.00041045609396, 0.000469864637125, 0.00031514922739, 0.000241724948864, 0.000274402351351, 8.79584549693e-05, 3.22855375998e-05, 4.40073245045e-06, 6.60345176584e-06, 6.11378254689e-06, 4.17152614318e-06, 3.91091089114e-06, 3.11390726893e-06, 4.7689090934e-06, 4.0653793576e-07],
        "min": [1.97307965522e-08, 2.589215228e-06, 2.30304841864e-08, 3.27062501526e-08, 1.17947514866e-07, 2.65718540504e-07, 1.38917528147e-07, 2.26880615628e-07, 1.54267667085e-07, 9.51469587562e-08, 4.80034216821e-08, 7.655003742e-08, 1.32969262268e-07, 1.7855212775e-07, 1.38399741445e-07, 1.06616390383e-07, 1.43974688172e-07, 1.76318891931e-07, 7.01246989365e-08, 2.60491717086e-08, 3.14262038614e-08, 3.7328351965e-08, 2.40069883972e-08, 3.70911799052e-08, 1.65587348278e-08, 2.29152572473e-08, 1.15045681315e-10],
        "stdev": [9.42650603974e-06, 0.000116425588203, 2.31613175856e-05, 1.54463450599e-05, 0.000368935114238, 0.00118455034681, 0.00325754866935, 0.00707572605461, 0.00864729657769, 0.00196301238611, 0.00205945852213, 0.00146652502008, 0.00165006692987, 0.00190740800463, 0.00136262760498, 0.00119694240857, 0.000749289465602, 0.0002605705522, 0.000106690036773, 1.45512640302e-05, 2.1535632186e-05, 1.6648984456e-05, 1.18008492791e-05, 1.13443111331e-05, 6.94976006343e-06, 1.01155665106e-05, 1.0496341929e-06]
    },
    "erbbands": {
        "max": [0.0437441878021, 0.223230794072, 0.321138322353, 0.312140852213, 1.37597429752, 13.1112852097, 71.4677276611, 230.114562988, 386.612579346, 1202.95031738, 2887.3984375, 3327.30078125, 1377.13098145, 1162.24060059, 3450.92895508, 876.524230957, 772.640686035, 1206.06848145, 735.233825684, 1589.62329102, 778.264404297, 438.712249756, 340.532348633, 228.310440063, 26.070186615, 12.8059625626, 24.4703731537, 9.78693771362, 8.42071342468, 4.9659781456, 3.75922894478, 2.61933517456, 2.10534191132, 1.25537908077, 0.236225768924, 0.159009799361, 0.295458823442, 0.0412176325917, 0.000837976054754, 0.000226921532885],
        "mean": [0.00625290768221, 0.0225735232234, 0.0253971815109, 0.0355712100863, 0.122492849827, 0.761363327503, 2.99951934814, 4.24114322662, 10.8107643127, 26.25740242, 43.0549278259, 50.4784812927, 23.6037960052, 11.3840932846, 14.0329236984, 13.1665382385, 18.3037433624, 25.0970516205, 19.0444927216, 14.3095445633, 13.8160676956, 15.1380624771, 6.13845300674, 2.86542415619, 0.814165949821, 0.213499292731, 0.270253896713, 0.209066838026, 0.245631784201, 0.163030534983, 0.111760109663, 0.0754606351256, 0.0699351131916, 0.0460815355182, 0.0158567707986, 0.00968535803258, 0.0112685514614, 0.00250147725455, 5.20430658071e-05, 1.17563677122e-05],
        "min": [6.72961687087e-05, 0.000270881602773, 0.000299395847833, 0.000125063423184, 0.000694771762937, 0.000340627128026, 0.00134724040981, 0.00221483618952, 0.0030936494004, 0.00216762465425, 0.00445951102301, 0.00348593760282, 0.00360775971785, 0.00289592333138, 0.00379420001991, 0.00713030714542, 0.0074915071018, 0.00989308487624, 0.00775149697438, 0.0111666638404, 0.00692966999486, 0.00974558014423, 0.00929599627852, 0.00740823382512, 0.00321707362309, 0.00153016694821, 0.00125628302339, 0.000924723863136, 0.00130650145002, 0.000914603588171, 0.000731128675397, 0.000828855205327, 0.000572844757698, 0.000228444943787, 7.37681039027e-05, 4.77079011034e-05, 4.87729666929e-05, 1.12473435365e-05, 2.39681298808e-07, 4.04199163029e-08],
        "stdev": [0.00512689165771, 0.0209873896092, 0.0284782219678, 0.0359008461237, 0.164262861013, 1.31712138653, 6.3416595459, 11.6333026886, 31.111951828, 88.760055542, 171.441207886, 216.869003296, 92.5833587646, 46.2862548828, 110.602851868, 58.0966720581, 68.2918930054, 97.2910842896, 68.6598892212, 66.7122421265, 47.511932373, 41.2050590515, 17.1484298706, 9.93215656281, 2.1752474308, 0.644694149494, 0.924655377865, 0.608148992062, 0.720327019691, 0.400713384151, 0.329049706459, 0.235261052847, 0.196102440357, 0.112832844257, 0.0326273925602, 0.0197527781129, 0.0252788458019, 0.00541104888543, 0.000109888256702, 2.6293022529e-05]
    },
    "gfcc": {
        "mean": [-161.126495361, 110.163337708, -113.009742737, -8.25834369659, -50.5870018005, 2.84026241302, -41.1629486084, 18.4859046936, -6.61637830734, 12.280497551, -10.8153533936, 10.3198385239, -13.6595010757],
        "cov": [[8785.46875, -1757.73120117, -2119.26538086, -1409.58618164, -149.790267944, -413.433654785, -448.143890381, 226.825622559, 285.784240723, 228.098953247, -132.930679321, 376.50668335, -69.3918075562], [-1757.73120117, 1141.72644043, 700.250915527, -95.434463501, -142.0831604, -98.4804992676, 105.68649292, -129.349685669, -129.414764404, -87.1871261597, 79.3792877197, -107.492919922, 45.1879196167], [-2119.26538086, 700.250915527, 756.534729004, 311.626739502, -65.3175354004, 6.59543561935, 105.153579712, -112.435722351, -104.287261963, -64.5678863525, 56.5469970703, -122.594718933, 37.7101135254], [-1409.58618164, -95.434463501, 311.626739502, 656.703552246, 204.559066772, 72.7673492432, -77.0984725952, -22.3752975464, -2.73396635056, -37.793926239, -7.27294158936, -9.93097686768, 3.91250085831], [-149.790267944, -142.0831604, -65.3175354004, 204.559066772, 206.433197021, 39.3139381409, -102.729507446, 24.5634403229, 26.3063774109, -30.2590293884, -33.5575447083, 56.4837760925, -1.92774796486], [-413.433654785, -98.4804992676, 6.59543561935, 72.7673492432, 39.3139381409, 244.691085815, 173.180770874, -13.7848844528, -28.3609294891, 20.5739154816, -12.5774488449, -58.4288978577, -4.4759645462], [-448.143890381, 105.68649292, 105.153579712, -77.0984725952, -102.729507446, 173.180770874, 310.513580322, 36.6698989868, -73.4517974854, -12.3976707458, 11.2531776428, -99.3194656372, -7.05136680603], [226.825622559, -129.349685669, -112.435722351, -22.3752975464, 24.5634403229, -13.7848844528, 36.6698989868, 127.684043884, 43.4176025391, -25.8094615936, -23.3836174011, 21.5195980072, -22.0040950775], [285.784240723, -129.414764404, -104.287261963, -2.73396635056, 26.3063774109, -28.3609294891, -73.4517974854, 43.4176025391, 137.517044067, 84.5107040405, -21.2787055969, -5.40131092072, -18.0665073395], [228.098953247, -87.1871261597, -64.5678863525, -37.793926239, -30.2590293884, 20.5739154816, -12.3976707458, -25.8094615936, 84.5107040405, 136.390182495, 31.7274932861, -42.0116500854, -23.1871757507], [-132.930679321, 79.3792877197, 56.5469970703, -7.27294158936, -33.5575447083, -12.5774488449, 11.2531776428, -23.3836174011, -21.2787055969, 31.7274932861, 86.8611373901, 20.8825950623, -7.82849788666], [376.50668335, -107.492919922, -122.594718933, -9.93097686768, 56.4837760925, -58.4288978577, -99.3194656372, 21.5195980072, -5.40131092072, -42.0116500854, 20.8825950623, 149.402023315, 38.0045509338], [-69.3918075562, 45.1879196167, 37.7101135254, 3.91250085831, -1.92774796486, -4.4759645462, -7.05136680603, -22.0040950775, -18.0665073395, -23.1871757507, -7.82849788666, 38.0045509338, 78.0743484497]],
        "icov": [[0.000737822323572, 0.00113341002725, 0.000324211549014, 0.00151233864017, -0.000663882354274, 0.00182501331437, -0.000573248194996, 0.000895745586604, 0.000421550037572, -0.000874077610206, 0.000942533835769, -0.000664425140712, 0.000312195188599], [0.00113341002725, 0.0119594214484, -0.0109950639307, 0.0122764231637, -0.0127721903846, 0.00965186674148, -0.0068037416786, 0.0105937933549, -0.007684845943, 0.00823078956455, -0.0064422506839, 0.0030531224329, -7.58589885663e-05], [0.000324211549014, -0.0109950639307, 0.0203489772975, -0.0141391260549, 0.0124738803133, -0.00138537795283, -0.00111376482528, 0.00180155853741, -0.00217242375948, 0.00329360459, -0.00121020642109, 0.00247122114524, -0.00268126442097], [0.00151233864017, 0.0122764231637, -0.0141391260549, 0.0174962691963, -0.0154866212979, 0.00648487219587, -0.00178842653986, 0.00502343708649, -0.00274340226315, 0.00328326108865, -0.00413017114624, 0.00241519790143, 0.000185376760783], [-0.000663882354274, -0.0127721903846, 0.0124738803133, -0.0154866212979, 0.0331724248827, -0.0230950657278, 0.022699592635, -0.0224481131881, 0.0132028535008, -0.00855121575296, 0.00933207012713, -0.00495296483859, 0.00063415186014], [0.00182501331437, 0.00965186674148, -0.00138537795283, 0.00648487219587, -0.0230950657278, 0.0360906347632, -0.034577280283, 0.0326476208866, -0.016526568681, 0.00687586329877, -0.000628713460173, -0.0026440944057, 0.00339890574105], [-0.000573248194996, -0.0068037416786, -0.00111376482528, -0.00178842653986, 0.022699592635, -0.034577280283, 0.0457298792899, -0.0447699651122, 0.0319474004209, -0.0179594494402, 0.00359253911301, 0.00768934143707, -0.00717730121687], [0.000895745586604, 0.0105937933549, 0.00180155853741, 0.00502343708649, -0.0224481131881, 0.0326476208866, -0.0447699651122, 0.06504868716, -0.0527507178485, 0.0442233793437, -0.0181114394218, 0.000295302947052, 0.00811718497425], [0.000421550037572, -0.007684845943, -0.00217242375948, -0.00274340226315, 0.0132028535008, -0.016526568681, 0.0319474004209, -0.0527507178485, 0.0706655234098, -0.0652794986963, 0.0373157076538, -0.0122066047043, 5.45007278561e-05], [-0.000874077610206, 0.00823078956455, 0.00329360459, 0.00328326108865, -0.00855121575296, 0.00687586329877, -0.0179594494402, 0.0442233793437, -0.0652794986963, 0.080142185092, -0.0512470602989, 0.0275563076138, -0.00612800568342], [0.000942533835769, -0.0064422506839, -0.00121020642109, -0.00413017114624, 0.00933207012713, -0.000628713460173, 0.00359253911301, -0.0181114394218, 0.0373157076538, -0.0512470602989, 0.0542401112616, -0.0315037444234, 0.0149612352252], [-0.000664425140712, 0.0030531224329, 0.00247122114524, 0.00241519790143, -0.00495296483859, -0.0026440944057, 0.00768934143707, 0.000295302947052, -0.0122066047043, 0.0275563076138, -0.0315037444234, 0.0349446199834, -0.0179781634361], [0.000312195188599, -7.58589885663e-05, -0.00268126442097, 0.000185376760783, 0.00063415186014, 0.00339890574105, -0.00717730121687, 0.00811718497425, 5.45007278561e-05, -0.00612800568342, 0.0149612352252, -0.0179781634361, 0.0247095767409]]
    },
    "melbands": {
        "max": [0.00035261848825, 0.000169749502675, 7.10180247552e-05, 0.000417998933699, 0.00193663151003, 0.0053823008202, 0.00607090489939, 0.0128637338057, 0.0211727824062, 0.0219519529492, 0.00688933394849, 0.00546046625823, 0.00872948672622, 0.00591096561402, 0.00260884175077, 0.00178383185994, 0.00271892850287, 0.00146948057227, 0.00175324082375, 0.00411208160222, 0.000877939513884, 0.000521965906955, 0.000520189816598, 0.000285613466986, 0.000177271125722, 3.1924842915e-05, 1.22733290482e-05, 6.53747656543e-06, 1.34656538648e-05, 1.48707658809e-05, 3.07136110678e-06, 4.81486495119e-06, 4.65168659503e-06, 2.94579626825e-06, 2.93382981909e-06, 1.92319612324e-06, 1.36252072025e-06, 1.78197274181e-06, 1.21156188015e-06, 1.05010212792e-06],
        "mean": [4.56805864815e-05, 1.78640912054e-05, 7.92290302343e-06, 2.68177755061e-05, 9.16477511055e-05, 9.68074018601e-05, 0.00018288307183, 0.000309073337121, 0.000370170280803, 0.000303418171825, 0.000108710955828, 4.365490895e-05, 4.39023569925e-05, 3.6196779547e-05, 3.51638191205e-05, 4.34899011452e-05, 4.69921178592e-05, 3.09923052555e-05, 2.32708662224e-05, 1.64904558915e-05, 1.62328142324e-05, 1.69217128132e-05, 9.21784521779e-06, 3.44973796018e-06, 2.25173289436e-06, 8.42030544845e-07, 2.73809746432e-07, 8.9866503572e-08, 1.39136076882e-07, 1.91506728697e-07, 9.36128046192e-08, 1.41509602258e-07, 1.15026260517e-07, 8.72338361546e-08, 7.47654951283e-08, 4.40290222059e-08, 4.17968237798e-08, 4.95525753763e-08, 4.47096653033e-08, 3.58701583991e-08],
        "min": [9.35164962357e-07, 6.44549459139e-07, 4.29682032177e-08, 3.70225379243e-08, 4.55238939878e-08, 4.77526960196e-08, 4.18970600435e-08, 2.76686904499e-08, 2.63112980292e-08, 2.35076154098e-08, 1.6210050191e-08, 8.84536266454e-09, 9.03205776837e-09, 9.05790553674e-09, 1.19326433179e-08, 8.14497624901e-09, 1.75277126147e-08, 1.01623163218e-08, 1.13382059297e-08, 9.61770130203e-09, 4.25012292027e-09, 8.48265635511e-09, 5.37603295214e-09, 7.00305502477e-09, 5.09729458642e-09, 2.38631225891e-09, 8.95253926547e-10, 8.57160731282e-10, 5.25047283428e-10, 6.49741649372e-10, 3.84348913807e-10, 5.81698800239e-10, 7.20768389417e-10, 3.25980464844e-10, 3.48507334103e-10, 4.78717510077e-10, 4.54027454522e-10, 3.37236794046e-10, 2.6984933732e-10, 1.41050324198e-10],
        "stdev": [3.74793526134e-05, 1.66228619491e-05, 8.17335057945e-06, 4.23521087214e-05, 0.000181561103091, 0.000252333236858, 0.00052445451729, 0.00108324270695, 0.00146190763917, 0.0013175830245, 0.00044439456542, 0.000189576909179, 0.000319741258863, 0.000208411380299, 0.000149719126057, 0.000169014441781, 0.000192371269804, 0.000117823394248, 0.000109524815343, 0.000109450389573, 5.57045641472e-05, 4.70915219921e-05, 2.76381360891e-05, 1.1313172763e-05, 8.2842007032e-06, 2.48859100793e-06, 9.26178984173e-07, 2.86895442514e-07, 4.78561275941e-07, 6.81600170083e-07, 2.38958875798e-07, 4.18490401444e-07, 3.27779275722e-07, 2.20004693574e-07, 2.31953805496e-07, 1.40668035442e-07, 1.27194851984e-07, 1.47946920492e-07, 1.13239870814e-07, 8.6467281335e-08]
    },
    "melbands128": {
        "max": [7.57795787649e-05, 0.000354499614332, 0.000530929886736, 0.000317524943966, 0.000187593715964, 0.000124065569253, 6.83435646351e-05, 0.000117646239232, 0.000187793455552, 0.000343648018315, 0.000952017493546, 0.00194882054348, 0.00339040718973, 0.00369242043234, 0.00707678962499, 0.0123598761857, 0.00817311368883, 0.0111113935709, 0.0159165412188, 0.0208325088024, 0.0293132718652, 0.0305717103183, 0.0364285223186, 0.036058627069, 0.0349707379937, 0.0316421091557, 0.0187181364745, 0.00862315390259, 0.00905764475465, 0.0100116217509, 0.00395545223728, 0.00450367666781, 0.00960380304605, 0.0243931300938, 0.00873152166605, 0.00464763073251, 0.00523930508643, 0.00380748044699, 0.0049442187883, 0.00347527768463, 0.00360678159632, 0.00499852187932, 0.00528047513217, 0.00550886709243, 0.00431324820966, 0.00273688673042, 0.00219545210712, 0.00349020725116, 0.00268158107065, 0.00225544371642, 0.00863297283649, 0.000918911944609, 0.00136471458245, 0.00137558218557, 0.000901808205526, 0.000744710036088, 0.000980926910415, 0.000982529018074, 0.00046806212049, 0.000169742954313, 0.000318745383993, 0.000422026554588, 0.000201898772502, 0.000187966739759, 7.86325399531e-05, 2.74271897069e-05, 4.34697576566e-05, 1.43492479765e-05, 1.29076179292e-05, 1.22394840218e-05, 6.98704525348e-06, 2.02447540687e-06, 6.4601053964e-06, 1.54096578626e-05, 2.07686625799e-05, 2.22692178795e-05, 9.3565286079e-06, 6.84235692461e-06, 1.81587097359e-06, 2.33607329392e-06, 5.00634359923e-06, 7.79243146098e-06, 8.22126276034e-06, 6.41777660348e-06, 3.40872611559e-06, 1.68756048424e-06, 5.49736341782e-06, 5.25992663825e-06, 4.25384359914e-06, 1.48267304212e-06, 1.24988139305e-06, 3.25810606228e-06, 2.50767971011e-06, 1.68199449035e-06, 5.61347576422e-07, 2.07164544008e-06, 2.86686395157e-06, 1.83115821528e-06, 8.69824532401e-07, 1.91319986698e-06, 1.92826223611e-06, 9.66565153249e-07, 4.04152956435e-07, 4.97510484365e-07, 4.33033392255e-07, 3.11117645424e-07, 1.78054889943e-07, 2.54414686651e-07, 2.41887846641e-07, 5.02029138261e-07, 5.0596293022e-07, 7.89906778209e-07, 1.89518323168e-06, 9.55053224061e-07, 8.86598684247e-07, 8.5303116748e-07, 3.22769921013e-07, 7.36366922993e-09, 7.41639505364e-09, 7.47071204898e-09, 7.39230276992e-09, 7.30638261004e-09, 7.22939574871e-09, 7.11524705821e-09, 7.04536118334e-09, 6.99291735629e-09, 6.91822021892e-09, 6.88348844591e-09],
        "mean": [9.91625165625e-06, 5.71812452108e-05, 5.76616002945e-05, 3.04677087115e-05, 1.45677176988e-05, 8.95801076695e-06, 6.60361138216e-06, 6.60209843772e-06, 1.10825867523e-05, 1.67069756571e-05, 4.01052493544e-05, 7.58267124183e-05, 0.000117563417007, 9.78209427558e-05, 8.3562634245e-05, 0.000103398640931, 0.000119158794405, 0.000195593078388, 0.000262654211838, 0.000292151496978, 0.000339630525559, 0.000342223793268, 0.000377368240152, 0.000386504776543, 0.00038435717579, 0.000246512005106, 0.000172586471308, 9.7333904705e-05, 5.20201538166e-05, 4.90472921229e-05, 4.09676504205e-05, 3.10930299747e-05, 4.48925457022e-05, 5.74163059355e-05, 3.22034720739e-05, 3.3172473195e-05, 3.54191761289e-05, 3.182202272e-05, 3.72657013941e-05, 4.09973545175e-05, 4.36048503616e-05, 4.99329798913e-05, 4.97265755257e-05, 4.77625835629e-05, 3.16610348818e-05, 2.87167131319e-05, 2.79271298496e-05, 2.6933477784e-05, 1.94840104086e-05, 1.58793609444e-05, 1.84606105904e-05, 1.3396963368e-05, 1.54924255185e-05, 1.77299480129e-05, 1.74719298229e-05, 1.77184665517e-05, 1.62802280101e-05, 1.12808720587e-05, 6.96167080605e-06, 4.04305637858e-06, 3.30631019096e-06, 2.96638017971e-06, 2.45588671532e-06, 2.16824173549e-06, 1.71308090557e-06, 7.35848857403e-07, 3.92218453271e-07, 3.13805799124e-07, 2.78902092532e-07, 1.64873384279e-07, 9.27843046838e-08, 3.58179015336e-08, 6.72341400332e-08, 1.60137886951e-07, 2.21227139718e-07, 2.22763404167e-07, 1.74403268716e-07, 1.0920881266e-07, 6.87662691234e-08, 8.63308429189e-08, 1.3675746402e-07, 1.66305596849e-07, 1.5844830159e-07, 1.13961753812e-07, 7.36667118417e-08, 7.51544106947e-08, 9.72421290157e-08, 1.00726779806e-07, 8.72046612699e-08, 4.63684415308e-08, 2.48402365344e-08, 5.13474773811e-08, 6.08402572766e-08, 4.29762074816e-08, 2.64075410428e-08, 3.92720167497e-08, 6.2518950017e-08, 5.49723395693e-08, 3.16149417756e-08, 4.96318364185e-08, 5.2270582529e-08, 2.97033544427e-08, 2.23070113492e-08, 2.16531326203e-08, 1.74228826921e-08, 1.35573392512e-08, 1.10330526937e-08, 1.17445049241e-08, 1.22386074608e-08, 2.09171613363e-08, 2.39632313992e-08, 3.36676109214e-08, 4.56103208535e-08, 3.96584880491e-08, 4.04127504794e-08, 3.32928848934e-08, 1.53822909965e-08, 5.77691748604e-11, 6.76171445224e-12, 5.15287508843e-12, 5.08167553176e-12, 5.01748946211e-12, 4.95495658392e-12, 4.8696762768e-12, 4.82920431075e-12, 4.80113128074e-12, 4.75331839861e-12, 4.72766574153e-12],
        "min": [1.25488397451e-09, 2.69285038712e-07, 1.07131290861e-06, 2.17181252538e-07, 5.37659659017e-08, 8.83008244301e-09, 1.23922214712e-08, 2.06912833534e-08, 1.9598962453e-08, 1.44495526655e-08, 3.05931746603e-09, 3.45528317069e-09, 1.1664114119e-08, 1.52927412955e-08, 2.1737648126e-08, 6.78226541595e-09, 2.04532693004e-08, 1.46356171626e-08, 1.81256361032e-08, 7.63004770477e-09, 2.10491784003e-08, 1.97901730559e-08, 8.15384915143e-09, 8.30549673481e-09, 9.41271149912e-09, 1.04808108858e-08, 8.23858137267e-09, 5.11357178823e-09, 4.04256939035e-09, 1.89193527511e-09, 2.58625565408e-09, 3.19271187266e-09, 2.30876540108e-09, 4.85798912209e-09, 3.41113537417e-09, 2.21602158845e-09, 1.50046908232e-09, 4.725652758e-09, 3.582727226e-09, 2.74992162375e-09, 4.89980056528e-10, 2.69846633927e-09, 5.00900743106e-09, 4.10972367249e-09, 2.92481949771e-09, 4.47448522678e-09, 5.66891200648e-09, 3.74328612551e-09, 3.73283981503e-09, 2.54738696803e-09, 4.32034541475e-09, 3.43592820862e-09, 2.85361689834e-09, 1.70994307602e-09, 4.07007361147e-09, 4.5522297043e-09, 2.09094519477e-09, 1.64126789937e-09, 2.72566613724e-09, 1.53675927539e-09, 2.6019479904e-09, 2.14895012896e-09, 2.26087837341e-09, 1.80307213604e-09, 1.74572190037e-09, 1.18066956212e-09, 7.99115384975e-10, 4.16568501915e-10, 1.17094431373e-10, 3.4939998117e-10, 8.88508100427e-10, 1.51606449617e-10, 2.65725275117e-10, 4.25273094518e-10, 1.91568233499e-10, 3.88642257265e-10, 3.28561650109e-10, 2.21057949723e-10, 1.7132648078e-10, 1.75611816755e-10, 2.81446727035e-10, 3.03092939635e-10, 5.0046966571e-10, 7.89984189176e-10, 1.73153047456e-10, 1.04157647784e-10, 2.26850330187e-10, 2.31835162179e-10, 2.41903413967e-10, 1.28873064997e-10, 1.68869987438e-10, 2.74651579257e-10, 6.01649563503e-10, 2.05651148888e-10, 1.21435680955e-10, 1.85936419039e-10, 2.30763380626e-10, 2.41940911749e-10, 1.80226736313e-10, 2.18528778406e-10, 2.15947454363e-10, 5.76114121686e-11, 4.21820668672e-11, 4.59271683184e-11, 4.91396610902e-11, 5.33619433363e-11, 4.74903415204e-11, 6.77202044441e-11, 4.48316418711e-11, 4.99505506402e-11, 5.334943598e-11, 5.23961707355e-11, 2.00050406796e-10, 1.60195884336e-10, 1.34241714966e-10, 1.15130266432e-10, 7.97695850346e-12, 1.27156314991e-13, 1.07572513451e-13, 9.47742657465e-14, 8.67609884761e-14, 1.16546908843e-13, 1.09201710174e-13, 1.03140593126e-13, 1.03849085364e-13, 1.1361003555e-13, 1.19625284071e-13, 1.06440084611e-13],
        "stdev": [9.11497500056e-06, 4.72746251035e-05, 5.16282634635e-05, 3.12915290124e-05, 1.80507286132e-05, 1.03248230516e-05, 7.76671822678e-06, 8.77835555002e-06, 1.96107612283e-05, 2.75275870081e-05, 8.37862680783e-05, 0.000158827853738, 0.000286011956632, 0.000273577723419, 0.000311766547384, 0.000399128941353, 0.000420048163505, 0.00072411634028, 0.000977133749984, 0.00121155881789, 0.00169256306253, 0.00177047983743, 0.00208071619272, 0.002028118819, 0.00213577807881, 0.00147288374137, 0.000932600931264, 0.00049376883544, 0.000336313183652, 0.000291104399366, 0.000176873858436, 0.000147776576341, 0.000355697848136, 0.000671241024975, 0.000252534198808, 0.000210582627915, 0.000202029914362, 0.000185244891327, 0.000196096123545, 0.000202552750125, 0.000215982960071, 0.000250088545727, 0.000249790813541, 0.00025165171246, 0.000169623977854, 0.000130085085402, 0.000138213959872, 0.000160658950335, 0.000113326932478, 9.70544133452e-05, 0.000206331926165, 5.62892018934e-05, 6.91750683472e-05, 7.01039170963e-05, 5.79701954848e-05, 5.57655584998e-05, 5.6209966715e-05, 3.91909670725e-05, 2.21037971642e-05, 1.24031330415e-05, 1.29580294015e-05, 1.34862793857e-05, 1.00550587376e-05, 8.9484392447e-06, 6.18838430455e-06, 2.29632109949e-06, 1.74493925442e-06, 1.22369101518e-06, 9.71791450866e-07, 5.77435059768e-07, 3.20192924619e-07, 1.05918473992e-07, 2.24989918252e-07, 5.66896005694e-07, 8.17818772703e-07, 9.15471161989e-07, 6.43096768727e-07, 3.75249896933e-07, 1.68980179183e-07, 2.28488232779e-07, 4.20669948653e-07, 5.55627707399e-07, 5.65647553685e-07, 3.56496002496e-07, 1.90336351125e-07, 1.78067097067e-07, 2.97986332498e-07, 3.47544045098e-07, 2.9730833262e-07, 1.2737584143e-07, 7.570233862e-08, 1.94012102384e-07, 2.10860150673e-07, 1.49158438489e-07, 6.24218827738e-08, 1.25000440221e-07, 2.11571062891e-07, 1.55329033191e-07, 7.31864417958e-08, 1.46947002122e-07, 1.50769650986e-07, 7.30199261056e-08, 4.96592669208e-08, 4.81195705504e-08, 4.05405202741e-08, 3.01709945916e-08, 2.28089991339e-08, 2.55327989862e-08, 2.63346215945e-08, 4.71602312757e-08, 5.21008800547e-08, 7.76795303636e-08, 1.22276617276e-07, 9.51896055312e-08, 9.33309323159e-08, 8.12395342109e-08, 3.69241099918e-08, 3.20265758358e-10, 1.69222025281e-10, 1.62960187011e-10, 1.61249472108e-10, 1.59375068698e-10, 1.57695509428e-10, 1.55205875929e-10, 1.5368113726e-10, 1.52536594467e-10, 1.50907647489e-10, 1.50150170075e-10]
    },
    "mfcc": {
        "mean": [-815.354919434, 161.417160034, -8.82587718964, -0.941280424595, 6.45401525497, -10.7071790695, -16.4477596283, 2.35852456093, 0.632801532745, 3.95652413368, 13.7060537338, 5.77058839798, -3.20083880424],
        "cov": [[9456.35644531, -1198.59570312, -2206.03100586, -1285.19226074, -307.3855896, -597.564025879, -808.297607422, -106.412513733, 148.367706299, -392.316436768, 341.948181152, 87.7277603149, 100.813858032], [-1198.59570312, 1153.32995605, 480.147979736, -51.6862106323, -229.774246216, -115.471786499, 75.3799057007, -73.6340942383, -119.635322571, -17.2270183563, -88.5338745117, -6.41438436508, -62.8808250427], [-2206.03100586, 480.147979736, 767.520202637, 321.191558838, -67.7249755859, 121.129180908, 210.508132935, -56.9163093567, -89.3702926636, 125.410491943, -122.346206665, 4.45395040512, -60.0712013245], [-1285.19226074, -51.6862106323, 321.191558838, 442.445129395, 253.080001831, 47.6342887878, 10.2935314178, 24.3046398163, -45.4637451172, 5.34635734558, -47.5696372986, -56.9640541077, 19.5007305145], [-307.3855896, -229.774246216, -67.7249755859, 253.080001831, 392.694000244, 39.8806304932, -138.430587769, 26.4882602692, 5.43449211121, -97.8059310913, 26.9480686188, -73.9659500122, 65.0049743652], [-597.564025879, -115.471786499, 121.129180908, 47.6342887878, 39.8806304932, 228.901794434, 133.919128418, -32.4461784363, 19.9930877686, 84.0413131714, -18.9761695862, 4.80287599564, -12.3421020508], [-808.297607422, 75.3799057007, 210.508132935, 10.2935314178, -138.430587769, 133.919128418, 290.106750488, 74.6725463867, -8.41182804108, 90.7144470215, -68.6361541748, 26.2230224609, -48.3489723206], [-106.412513733, -73.6340942383, -56.9163093567, 24.3046398163, 26.4882602692, -32.4461784363, 74.6725463867, 183.445617676, 47.5042266846, -53.7756500244, -28.5892848969, -21.6169700623, 6.95250225067], [148.367706299, -119.635322571, -89.3702926636, -45.4637451172, 5.43449211121, 19.9930877686, -8.41182804108, 47.5042266846, 120.275604248, 50.6169204712, 8.78379821777, -27.6780185699, 0.216688767076], [-392.316436768, -17.2270183563, 125.410491943, 5.34635734558, -97.8059310913, 84.0413131714, 90.7144470215, -53.7756500244, 50.6169204712, 224.748260498, 37.849281311, 16.101266861, -62.245223999], [341.948181152, -88.5338745117, -122.346206665, -47.5696372986, 26.9480686188, -18.9761695862, -68.6361541748, -28.5892848969, 8.78379821777, 37.849281311, 126.906982422, 41.2505187988, -3.50874495506], [87.7277603149, -6.41438436508, 4.45395040512, -56.9640541077, -73.9659500122, 4.80287599564, 26.2230224609, -21.6169700623, -27.6780185699, 16.101266861, 41.2505187988, 119.203819275, 23.3401069641], [100.813858032, -62.8808250427, -60.0712013245, 19.5007305145, 65.0049743652, -12.3421020508, -48.3489723206, 6.95250225067, 0.216688767076, -62.245223999, -3.50874495506, 23.3401069641, 112.142623901]],
        "icov": [[0.000693182693794, 0.000494168780278, 0.00135928962845, 0.00025948532857, 0.00126038992312, 0.00040437883581, 0.000834971433505, 0.000759138085414, 7.04691847204e-05, 0.000801239919383, 2.29130746447e-05, 0.000135032547405, 0.000380974757718], [0.000494168780278, 0.00329090468585, -0.00326487887651, 0.00478599825874, -0.00160810863599, 0.00433587376028, -0.00125191791449, 0.00181658111978, 0.000545056012925, 0.00126416259445, -0.000696228002198, 0.00187797471881, -0.000135138892801], [0.00135928962845, -0.00326487887651, 0.0137576665729, -0.0118117872626, 0.00965311564505, -0.00581987388432, 0.00274090119638, 0.00228259060532, -0.000758186681196, 0.0011823446257, 0.00274608889595, -0.00308687239885, 0.00256109074689], [0.00025948532857, 0.00478599825874, -0.0118117872626, 0.021666739136, -0.0156622342765, 0.0102396002039, -0.00200986210257, -0.00223088380881, 0.0065452940762, -0.00622271327302, 0.00320124276914, 0.00241975230165, -0.00203703343868], [0.00126038992312, -0.00160810863599, 0.00965311564505, -0.0156622342765, 0.0238588023931, -0.0149586144835, 0.0127533441409, -0.00465446943417, 0.00075435556937, 0.0070372200571, -0.00616688793525, 0.00446177180856, -0.00104671553709], [0.00040437883581, 0.00433587376028, -0.00581987388432, 0.0102396002039, -0.0149586144835, 0.0253337156028, -0.0202720258385, 0.0167940892279, -0.00933228712529, 0.00247234385461, -4.01889701607e-05, -0.000296419166261, 0.000298228173051], [0.000834971433505, -0.00125191791449, 0.00274090119638, -0.00200986210257, 0.0127533441409, -0.0202720258385, 0.0306573919952, -0.0228515602648, 0.0160862300545, -0.00927809253335, 0.00655944040045, -0.00131621491164, 0.000673933711369], [0.000759138085414, 0.00181658111978, 0.00228259060532, -0.00223088380881, -0.00465446943417, 0.0167940892279, -0.0228515602648, 0.0288731567562, -0.0194660015404, 0.0139198582619, -0.00441046152264, -0.000284394947812, 0.00253598135896], [7.04691847204e-05, 0.000545056012925, -0.000758186681196, 0.0065452940762, 0.00075435556937, -0.00933228712529, 0.0160862300545, -0.0194660015404, 0.0281908456236, -0.0156871117651, 0.00587356928736, 0.00434495322406, -0.00410637678578], [0.000801239919383, 0.00126416259445, 0.0011823446257, -0.00622271327302, 0.0070372200571, 0.00247234385461, -0.00927809253335, 0.0139198582619, -0.0156871117651, 0.0210310332477, -0.011167652905, 0.00189221184701, 0.00399415520951], [2.29130746447e-05, -0.000696228002198, 0.00274608889595, 0.00320124276914, -0.00616688793525, -4.01889701607e-05, 0.00655944040045, -0.00441046152264, 0.00587356928736, -0.011167652905, 0.0212852340192, -0.00991167500615, 0.00369396992028], [0.000135032547405, 0.00187797471881, -0.00308687239885, 0.00241975230165, 0.00446177180856, -0.000296419166261, -0.00131621491164, -0.000284394947812, 0.00434495322406, 0.00189221184701, -0.00991167500615, 0.0183111056685, -0.00739077478647], [0.000380974757718, -0.000135138892801, 0.00256109074689, -0.00203703343868, -0.00104671553709, 0.000298228173051, 0.000673933711369, 0.00253598135896, -0.00410637678578, 0.00399415520951, 0.00369396992028, -0.00739077478647, 0.0148766888306]]
    },
    "spectral_contrast_coeffs": {
        "max": [-0.493904083967, -0.400517106056, -0.441336035728, -0.542441129684, -0.453358650208, -0.731465578079],
        "mean": [-0.765436947346, -0.771020829678, -0.767791152, -0.811928391457, -0.778041005135, -0.828645884991],
        "min": [-0.940841972828, -0.939922511578, -0.934668540955, -0.924334228039, -0.891361415386, -0.917809247971],
        "stdev": [0.0844580307603, 0.0893139541149, 0.0837210938334, 0.0654113888741, 0.0902060270309, 0.0245991721749]
    },
    "spectral_contrast_valleys": {
        "max": [-7.1034655571, -4.88108587265, -5.34080123901, -5.50297737122, -6.86224222183, -9.51959323883],
        "mean": [-8.19122695923, -7.44745349884, -8.76840496063, -8.79846286774, -9.69768619537, -12.0717554092],
        "min": [-10.1418046951, -10.1650848389, -11.0497283936, -10.5621356964, -11.2117004395, -13.5228872299],
        "stdev": [0.446808218956, 0.935828626156, 1.08638858795, 1.16609525681, 0.873585343361, 0.935829877853]
    }
},
"rhythm": {
    "beats_count": 69,
    "beats_loudness": {
        "max": 0.119871601462,
        "mean": 0.0194800775498,
        "min": 7.25013378542e-05,
        "stdev": 0.0304604191333
    },
    "bpm": 83.4227371216,
    "bpm_histogram_first_peak_bpm": 85,
    "bpm_histogram_first_peak_weight": 0.612903237343,
    "bpm_histogram_second_peak_bpm": 91,
    "bpm_histogram_second_peak_spread": 0.176470577717,
    "bpm_histogram_second_peak_weight": 0.205882355571,
    "danceability": 1.32280182838,
    "onset_rate": 3.7529296875,
    "beats_loudness_band_ratio": {
        "max": [0.818448483944, 0.784918069839, 0.841011404991, 0.543359339237, 0.592947602272, 0.134521126747],
        "mean": [0.176455125213, 0.154867455363, 0.475580453873, 0.124909237027, 0.0966648757458, 0.012221253477],
        "min": [0.000765488657635, 0.00690439529717, 0.0340293012559, 0.00637322664261, 0.00157681712881, 0.000439269118942],
        "stdev": [0.24661912024, 0.159432068467, 0.251143068075, 0.106282442808, 0.145794048905, 0.0262459516525]
    },
