{
"metadata": {
    "version": {
        "essentia": "2.1-beta5",
        "essentia_git_sha": "Undefined",
        "extractor": "music 2.0"
    },
    "audio_properties": {
        "analysis": {
            "equal_loudness": 0,
            "length": 32.4963264465,
            "sample_rate": 44100,
            "start_time": 142.744674683,
            "downmix": "mix"
        },
        "bit_rate": 192000,
        "length": 259.773254395,
        "lossless": 0,
        "number_channels": 2,
        "replay_gain": -6.82616233826,
        "sample_rate": 48000,
        "codec": "mp3",
        "md5_encoded": "4621dc0188ec002d65fc51ee99e752d3"
    },
    "tags": {
        "file_name": "Belgium_Judy Et Cie._Pierre Rapsat.mp3",
        "encoding": ["Lavf58.29.100"]
    }
},
"lowlevel": {
    "average_loudness": 0.907980501652,
    "barkbands_crest": {
        "max": 25.5548095703,
        "mean": 11.4024047852,
        "min": 3.45931649208,
        "stdev": 5.03338766098
    },
    "barkbands_flatness_db": {
        "max": 0.373716145754,
        "mean": 0.160178259015,
        "min": 0.0512104481459,
        "stdev": 0.0488849245012
    },
    "barkbands_kurtosis": {
        "max": 195.344406128,
        "mean": 9.16373252869,
        "min": -1.93196308613,
        "stdev": 17.062412262
    },
    "barkbands_skewness": {
        "max": 9.33674716949,
        "mean": 2.2820789814,
        "min": -2.06747508049,
        "stdev": 1.48394274712
    },
    "barkbands_spread": {
        "max": 112.029922485,
        "mean": 20.7488803864,
        "min": 0.630962312222,
        "stdev": 16.4511795044
    },
    "dissonance": {
        "max": 0.499999850988,
        "mean": 0.450914889574,
        "min": 0.243072971702,
        "stdev": 0.0311299040914
    },
    "dynamic_complexity": 3.47415757179,
    "erbbands_crest": {
        "max": 24.4244613647,
        "mean": 9.43165969849,
        "min": 2.64736580849,
        "stdev": 4.10974931717
    },
    "erbbands_flatness_db": {
        "max": 0.264787495136,
        "mean": 0.152184888721,
        "min": 0.0705360844731,
        "stdev": 0.0359944179654
    },
    "erbbands_kurtosis": {
        "max": 38.2502250671,
        "mean": 0.568134367466,
        "min": -1.82898175716,
        "stdev": 2.67809057236
    },
    "erbbands_skewness": {
        "max": 5.31743717194,
        "mean": 0.591830849648,
        "min": -2.80367803574,
        "stdev": 0.850434780121
    },
    "erbbands_spread": {
        "max": 171.53288269,
        "mean": 48.479385376,
        "min": 7.43413496017,
        "stdev": 24.0801811218
    },
    "hfc": {
        "max": 138.480178833,
        "mean": 15.9872703552,
        "min": 0.126960083842,
        "stdev": 15.4340610504
    },
    "loudness_ebu128": {
        "integrated": -17.8303489685,
        "loudness_range": 5.77957344055,
        "momentary": {
            "max": -12.6216869354,
            "mean": -18.8135528564,
            "min": -26.5457439423,
            "stdev": 3.09095096588
        },
        "short_term": {
            "max": -15.1571187973,
            "mean": -18.3001060486,
            "min": -22.1443061829,
            "stdev": 2.02628970146
        }
    },
    "melbands_crest": {
        "max": 29.8318557739,
        "mean": 14.7700376511,
        "min": 3.92996716499,
        "stdev": 5.35154771805
    },
    "melbands_flatness_db": {
        "max": 0.479191154242,
        "mean": 0.217935040593,
        "min": 0.0534055568278,
        "stdev": 0.0606957226992
    },
    "melbands_kurtosis": {
        "max": 262.490142822,
        "mean": 25.5392303467,
        "min": -1.80994296074,
        "stdev": 33.9375572205
    },
    "melbands_skewness": {
        "max": 12.6241970062,
        "mean": 3.61729383469,
        "min": 0.053325843066,
        "stdev": 1.94102716446
    },
    "melbands_spread": {
        "max": 210.434051514,
        "mean": 17.7245674133,
        "min": 0.58574962616,
        "stdev": 18.8077373505
    },
    "pitch_salience": {
        "max": 0.850055873394,
        "mean": 0.523654997349,
        "min": 0.133701652288,
        "stdev": 0.121423132718
    },
    "silence_rate_20dB": {
        "max": 1,
        "mean": 1,
        "min": 1,
        "stdev": 0
    },
    "silence_rate_30dB": {
        "max": 1,
        "mean": 0.996431112289,
        "min": 0,
        "stdev": 0.0596335157752
    },
    "silence_rate_60dB": {
        "max": 1,
        "mean": 0.0185581725091,
        "min": 0,
        "stdev": 0.134960800409
    },
    "spectral_centroid": {
        "max": 4643.05615234,
        "mean": 907.066040039,
        "min": 168.572219849,
        "stdev": 544.573608398
    },
    "spectral_complexity": {
        "max": 40,
        "mean": 13.2776584625,
        "min": 0,
        "stdev": 5.21247053146
    },
    "spectral_decrease": {
        "max": -9.96321150581e-11,
        "mean": -5.88191140238e-09,
        "min": -3.00302573919e-08,
        "stdev": 4.90282259236e-09
    },
    "spectral_energy": {
        "max": 0.118634462357,
        "mean": 0.0236497782171,
        "min": 0.000441436248366,
        "stdev": 0.0193459670991
    },
    "spectral_energyband_high": {
        "max": 0.0194094572216,
        "mean": 0.000858667423017,
        "min": 7.58248347665e-07,
        "stdev": 0.00156948831864
    },
    "spectral_energyband_low": {
        "max": 0.0767133384943,
        "mean": 0.00396339548752,
        "min": 8.12815123936e-05,
        "stdev": 0.00470915762708
    },
    "spectral_energyband_middle_high": {
        "max": 0.0134912803769,
        "mean": 0.00239156140015,
        "min": 7.39565439289e-06,
        "stdev": 0.00221756426618
    },
    "spectral_energyband_middle_low": {
        "max": 0.110980913043,
        "mean": 0.0175775960088,
        "min": 0.00021038815612,
        "stdev": 0.0179194100201
    },
    "spectral_entropy": {
        "max": 8.66374397278,
        "mean": 7.37731075287,
        "min": 5.26071500778,
        "stdev": 0.512456715107
    },
    "spectral_flux": {
        "max": 0.290002912283,
        "mean": 0.0661196857691,
        "min": 0.011298539117,
        "stdev": 0.0356094352901
    },
    "spectral_kurtosis": {
        "max": 28.4766902924,
        "mean": 3.89105153084,
        "min": -1.23711931705,
        "stdev": 3.25065040588
    },
    "spectral_rms": {
        "max": 0.0107582965866,
        "mean": 0.00443756347522,
        "min": 0.000656254123896,
        "stdev": 0.00183874275535
    },
    "spectral_rolloff": {
        "max": 11864.7949219,
        "mean": 1284.85913086,
        "min": 107.666015625,
        "stdev": 1736.41845703
    },
    "spectral_skewness": {
        "max": 4.05036306381,
        "mean": 1.60552155972,
        "min": 0.0947100892663,
        "stdev": 0.519461035728
    },
    "spectral_spread": {
        "max": 16001534,
        "mean": 5722442.5,
        "min": 2030570.75,
        "stdev": 2425480
    },
    "spectral_strongpeak": {
        "max": 6.60083627701,
        "mean": 0.838193058968,
        "min": 0.00473610963672,
        "stdev": 0.845411717892
    },
    "zerocrossingrate": {
        "max": 0.333984375,
        "mean": 0.0576562210917,
        "min": 0.00537109375,
        "stdev": 0.0428873710334
    },
    "barkbands": {
        "max": [0.000362292485079, 0.023624593392, 0.0456575155258, 0.0408224835992, 0.107611842453, 0.0403358191252, 0.0617260225117, 0.0327484570444, 0.0476584285498, 0.0033790639136, 0.00939357187599, 0.00542301172391, 0.00409077992663, 0.00848521105945, 0.00710345106199, 0.00472053419799, 0.00291092810221, 0.00397376948968, 0.00197929586284, 0.00151019729674, 0.00257460889407, 0.00545650534332, 0.00727901654318, 0.00463058613241, 0.00175772234797, 0.000616800505668, 7.74020827521e-06],
        "mean": [3.21377228829e-05, 0.00161370937712, 0.00122727698181, 0.00299011613242, 0.00944349914789, 0.00164268515073, 0.00186808500439, 0.000515452062245, 0.00101420050487, 0.00021022160945, 0.000462202762719, 0.000145022437209, 0.000213138133404, 0.000424533005571, 0.000284063396975, 0.000180273287697, 0.000196015549591, 0.000175919485628, 0.000120531272842, 7.61040355428e-05, 9.3881993962e-05, 0.000152897046064, 0.000213564970181, 0.00018863286823, 0.000130419386551, 3.5180903069e-05, 1.68708389481e-08],
        "min": [6.67619417527e-08, 1.16449564302e-05, 6.91025832111e-07, 3.77063952328e-06, 8.83409484231e-06, 8.72746022651e-06, 7.10649510438e-06, 2.14373676499e-06, 1.54782344453e-06, 5.62954426186e-07, 2.67452833214e-07, 5.2809718909e-07, 1.30855141833e-06, 4.83092435388e-07, 3.69929118449e-08, 4.9252687262e-08, 7.95574521817e-08, 9.93127642346e-08, 6.13392074911e-08, 5.57916131072e-08, 1.27003787043e-07, 1.1056536664e-07, 1.30158355205e-07, 1.41685717381e-07, 1.27376253545e-07, 6.90600954201e-09, 3.42415817922e-11],
        "stdev": [3.81504978577e-05, 0.00184001983143, 0.00252754287794, 0.00503620225936, 0.0146816782653, 0.00305821094662, 0.00353290978819, 0.00168563076295, 0.00348006328568, 0.000271415832685, 0.000813891703729, 0.000289747404167, 0.000404006743338, 0.000776264467277, 0.000619230675511, 0.000448924140073, 0.000331664341502, 0.00043106454541, 0.000229816214414, 0.000140429896419, 0.00020198636048, 0.000363804923836, 0.000478919828311, 0.000411270739278, 0.000232542748563, 6.74896728015e-05, 2.12361030094e-07]
    },
    "erbbands": {
        "max": [0.285697281361, 6.8811340332, 30.2400970459, 127.742080688, 188.276062012, 552.29888916, 485.346191406, 413.989074707, 1033.02087402, 595.898742676, 995.078796387, 1370.39123535, 267.82220459, 149.595016479, 334.682159424, 244.944717407, 130.732467651, 529.195068359, 249.511459351, 474.510070801, 328.539581299, 162.50592041, 218.039108276, 142.431945801, 109.114570618, 80.3242263794, 83.5810165405, 111.842033386, 202.217330933, 259.606842041, 149.814788818, 108.358062744, 69.4501037598, 21.7938117981, 12.2362012863, 4.88608312607, 0.778082489967, 0.018664419651, 0.00111974333413, 0.00015436099784],
        "mean": [0.0354477465153, 0.405415892601, 1.31125354767, 5.82451915741, 20.7503967285, 37.3130073547, 17.3189048767, 15.055644989, 22.6073265076, 25.3650455475, 12.5835380554, 21.1097126007, 15.2664451599, 9.85175228119, 15.5452594757, 7.00636386871, 9.26676750183, 25.2037754059, 12.4141311646, 14.2097158432, 11.1129188538, 11.0772666931, 10.3521595001, 5.87163543701, 5.86322546005, 4.15755987167, 3.30089139938, 4.25358057022, 5.89196634293, 5.60684251785, 6.0943646431, 4.1887421608, 2.97325468063, 1.66901803017, 0.81674259901, 0.292543232441, 0.034654609859, 0.000965182727668, 5.51788871235e-05, 3.31832743541e-05],
        "min": [0.000583583547268, 0.00385544775054, 0.0271830949932, 0.0505107678473, 0.125972479582, 0.0399578288198, 0.0469098724425, 0.0891775935888, 0.0803985670209, 0.0782160907984, 0.0611555017531, 0.0245869606733, 0.0328234583139, 0.013877151534, 0.0198946744204, 0.0367074124515, 0.0610608756542, 0.059941586107, 0.0149486474693, 0.00326111121103, 0.00327294529416, 0.00393202668056, 0.00622731540352, 0.00413700379431, 0.00326502905227, 0.00279162940569, 0.00372114288621, 0.00544674228877, 0.00470473943278, 0.00313549302518, 0.00445396313444, 0.00290035107173, 0.00270837894641, 0.00149765319657, 0.00085578073049, 0.000201884555281, 1.04568125607e-05, 4.47178791774e-07, 3.77763029746e-07, 8.26697885259e-07],
        "stdev": [0.0345293730497, 0.498269677162, 2.19947242737, 9.42249202728, 29.0065288544, 69.006439209, 41.0051307678, 27.7575454712, 46.345916748, 45.0186309814, 44.3972969055, 94.5504455566, 28.3472309113, 13.7677440643, 27.4914207458, 13.5280294418, 14.5331096649, 47.9088516235, 25.8109397888, 31.1063289642, 28.9653129578, 19.9749031067, 23.3250751495, 10.0999069214, 11.0835466385, 8.17673397064, 6.91035270691, 9.36487007141, 13.6774787903, 14.6926202774, 13.0086965561, 9.57874584198, 6.26579189301, 3.04200744629, 1.52161228657, 0.555048465729, 0.0681490451097, 0.00191985513084, 8.54772297316e-05, 2.62726480287e-05]
    },
    "gfcc": {
        "mean": [-15.9651031494, 100.888046265, -103.64868927, 40.3922348022, -70.4976654053, 22.61369133, -53.6630249023, 3.63320422173, -26.5788269043, -0.806056916714, -15.3642139435, -3.71476626396, -8.28448677063],
        "cov": [[3430.76928711, -1289.6048584, -102.073669434, -42.5654335022, -362.789306641, -43.8391723633, -411.833709717, 113.630683899, -164.297958374, 74.4013595581, -185.733779907, 198.844863892, -114.125991821], [-1289.6048584, 1324.66491699, -453.3309021, -120.60684967, 253.543457031, -188.253921509, 287.514709473, -179.221801758, 139.995376587, -115.02848053, 134.991027832, -173.184051514, 93.8234024048], [-102.073669434, -453.3309021, 735.83215332, 0.117695659399, -148.188552856, 194.586380005, -94.2937698364, 48.5454750061, -81.5775985718, 71.0474853516, -75.5191268921, 24.9104270935, -103.512153625], [-42.5654335022, -120.60684967, 0.117695659399, 309.132110596, 53.616607666, -51.178855896, -27.8673381805, -12.1604881287, 27.6330699921, -69.9338302612, 24.3698711395, 38.5842819214, 26.8098545074], [-362.789306641, 253.543457031, -148.188552856, 53.616607666, 237.950439453, -9.18360233307, 58.6204528809, 17.2701721191, 24.1274299622, -7.62016105652, 30.4274406433, -15.2901439667, 61.3917198181], [-43.8391723633, -188.253921509, 194.586380005, -51.178855896, -9.18360233307, 202.238037109, 27.7993335724, 57.2163772583, -34.9793281555, 75.1320571899, -14.6998729706, 1.95471942425, -10.9829139709], [-411.833709717, 287.514709473, -94.2937698364, -27.8673381805, 58.6204528809, 27.7993335724, 200.25138855, 8.88726043701, 33.5702629089, 13.209271431, 25.7834663391, -47.7847976685, 12.0682325363], [113.630683899, -179.221801758, 48.5454750061, -12.1604881287, 17.2701721191, 57.2163772583, 8.88726043701, 145.242111206, -2.3357667923, 47.2462768555, -24.5480213165, 27.5219535828, -7.0619096756], [-164.297958374, 139.995376587, -81.5775985718, 27.6330699921, 24.1274299622, -34.9793281555, 33.5702629089, -2.3357667923, 80.6575698853, -7.83573961258, 19.6021156311, -13.3076410294, 15.5712013245], [74.4013595581, -115.02848053, 71.0474853516, -69.9338302612, -7.62016105652, 75.1320571899, 13.209271431, 47.2462768555, -7.83573961258, 124.717308044, -3.21889162064, 4.97475814819, -14.4053916931], [-185.733779907, 134.991027832, -75.5191268921, 24.3698711395, 30.4274406433, -14.6998729706, 25.7834663391, -24.5480213165, 19.6021156311, -3.21889162064, 82.7315826416, 2.77907252312, 25.1890010834], [198.844863892, -173.184051514, 24.9104270935, 38.5842819214, -15.2901439667, 1.95471942425, -47.7847976685, 27.5219535828, -13.3076410294, 4.97475814819, 2.77907252312, 86.2226715088, 7.84055519104], [-114.125991821, 93.8234024048, -103.512153625, 26.8098545074, 61.3917198181, -10.9829139709, 12.0682325363, -7.0619096756, 15.5712013245, -14.4053916931, 25.1890010834, 7.84055519104, 91.5677261353]],
        "icov": [[0.000881226675119, 0.000330730603309, 0.0011374092428, -0.000160981755471, 0.000959414755926, -0.000135856447741, 0.00109847867861, -0.000186092365766, 0.000986912637018, -0.00065948034171, 0.00129930954427, -0.000698717136402, 0.000704523641616], [0.000330730603309, 0.00899043306708, -0.00169334153179, 0.00754973851144, -0.0073884986341, 0.00679344404489, -0.00790678430349, 0.00625416915864, -0.00697020022199, 0.00614379812032, -0.00714213587344, 0.00554428203031, -0.00198971782811], [0.0011374092428, -0.00169334153179, 0.00484677078202, -0.0029656086117, 0.00400425959378, -0.004533322528, 0.00443740561604, -0.00153399410192, 0.00375051400624, -0.00274697435088, 0.00452751107514, -0.00205610832199, 0.00342909572646], [-0.000160981755471, 0.00754973851144, -0.0029656086117, 0.0113182496279, -0.00819319207221, 0.00656117964536, -0.00708845769987, 0.00543343555182, -0.00829517096281, 0.00822935812175, -0.00781197007746, 0.0027735196054, -0.00235255574808], [0.000959414755926, -0.0073884986341, 0.00400425959378, -0.00819319207221, 0.0140813346952, -0.00649351719767, 0.00760622834787, -0.0071417959407, 0.0081545561552, -0.00675478205085, 0.00746898865327, -0.00397415878251, -0.000244909111643], [-0.000135856447741, 0.00679344404489, -0.004533322528, 0.00656117964536, -0.00649351719767, 0.0154560431838, -0.0089018419385, 0.00287498347461, -0.00298463110812, 0.0016863939818, -0.00676423963159, 0.00503654731438, -0.0043710982427], [0.00109847867861, -0.00790678430349, 0.00443740561604, -0.00708845769987, 0.00760622834787, -0.0089018419385, 0.016629697755, -0.00692749302834, 0.00603226339445, -0.00663666846231, 0.00711334962398, -0.00281491945498, 0.00388336903416], [-0.000186092365766, 0.00625416915864, -0.00153399410192, 0.00543343555182, -0.0071417959407, 0.00287498347461, -0.00692749302834, 0.0146269183606, -0.00710874656215, 0.00224452605471, -0.00200974592008, 6.31676084595e-05, -0.00068156584166], [0.000986912637018, -0.00697020022199, 0.00375051400624, -0.00829517096281, 0.0081545561552, -0.00298463110812, 0.00603226339445, -0.00710874656215, 0.0238820631057, -0.00755116576329, 0.00568240648136, -0.00270059076138, 0.00129089411348], [-0.00065948034171, 0.00614379812032, -0.00274697435088, 0.00822935812175, -0.00675478205085, 0.0016863939818, -0.00663666846231, 0.00224452605471, -0.00755116576329, 0.0177623778582, -0.00831631198525, 0.00349077256396, -0.000785774434917], [0.00129930954427, -0.00714213587344, 0.00452751107514, -0.00781197007746, 0.00746898865327, -0.00676423963159, 0.00711334962398, -0.00200974592008, 0.00568240648136, -0.00831631198525, 0.0246066581458, -0.00863125454634, 0.00112688622903], [-0.000698717136402, 0.00554428203031, -0.00205610832199, 0.0027735196054, -0.00397415878251, 0.00503654731438, -0.00281491945498, 6.31676084595e-05, -0.00270059076138, 0.00349077256396, -0.00863125454634, 0.0213673841208, -0.00449048541486], [0.000704523641616, -0.00198971782811, 0.00342909572646, -0.00235255574808, -0.000244909111643, -0.0043710982427, 0.00388336903416, -0.00068156584166, 0.00129089411348, -0.000785774434917, 0.00112688622903, -0.00449048541486, 0.0172098111361]]
    },
    "melbands": {
        "max": [0.00427906215191, 0.0127258542925, 0.0177099518478, 0.0244352668524, 0.0224802717566, 0.00924818310887, 0.0142664797604, 0.00519084045663, 0.00844097975641, 0.00765131600201, 0.00136665848549, 0.000570170697756, 0.00144221726805, 0.00068145833211, 0.000307065201923, 0.000740232877433, 0.000892460462637, 0.000450184306828, 0.000510788755491, 0.000348508183379, 0.00044047634583, 0.000192902778508, 0.000290574651444, 0.000226503776503, 0.000106985695311, 8.95873745321e-05, 5.43354399269e-05, 7.11670218152e-05, 4.86286407977e-05, 6.32306182524e-05, 6.20173668722e-05, 9.76913215709e-05, 0.000153306100401, 0.000140930249472, 9.53494891291e-05, 8.52436860441e-05, 7.18400260666e-05, 5.98507285758e-05, 2.571092773e-05, 1.96516866708e-05],
        "mean": [0.0003912273678, 0.000668409455102, 0.00145354669075, 0.00212296377867, 0.000896191515494, 0.00033277089824, 0.000360584730515, 0.000236239691731, 0.000104268699943, 0.000137651659315, 7.33731430955e-05, 3.42444254784e-05, 6.78273863741e-05, 1.59895589604e-05, 1.60821964528e-05, 3.10757168336e-05, 4.60792871309e-05, 1.87650239241e-05, 1.76767225639e-05, 1.44734613059e-05, 1.33097373691e-05, 1.09638685899e-05, 1.28601050164e-05, 6.66439473207e-06, 4.39822815679e-06, 4.81111919726e-06, 2.88241722046e-06, 2.76945843325e-06, 1.78529307959e-06, 2.27195005209e-06, 2.45686942435e-06, 3.43615715792e-06, 2.80019526144e-06, 3.3850969885e-06, 3.97671101382e-06, 2.58190016211e-06, 2.53517691817e-06, 2.07388507079e-06, 1.84881855603e-06, 1.26415352497e-06],
        "min": [3.63526942238e-06, 1.01131545307e-05, 1.55919988174e-05, 7.11210759619e-06, 1.72910199581e-06, 1.84848170193e-06, 1.04828484382e-06, 4.62183379568e-07, 5.07236279645e-07, 1.27671029304e-07, 1.48303101355e-07, 5.33414592496e-08, 5.01871397773e-08, 7.19531101367e-08, 6.83672141122e-08, 1.23366831417e-07, 7.91624756857e-08, 2.58588510604e-08, 2.18657714157e-09, 3.74804365322e-09, 4.16431245043e-09, 4.21904688963e-09, 4.76527528548e-09, 5.28576071801e-09, 2.74912181908e-09, 1.95893945509e-09, 2.47936826625e-09, 1.25368160298e-09, 1.74498537842e-09, 2.24724017173e-09, 3.00208014004e-09, 2.76792122555e-09, 1.75551473358e-09, 1.59858681847e-09, 2.64087485213e-09, 1.55092738652e-09, 7.82075182393e-10, 1.67186409161e-09, 1.82448778308e-09, 1.01106079065e-09],
        "stdev": [0.000403600162826, 0.000923617684748, 0.00195748894475, 0.00310944393277, 0.00208941963501, 0.000619188940618, 0.00070627767127, 0.000422446493758, 0.000409003347158, 0.000537725922186, 0.000142004486406, 4.98301378684e-05, 0.000122700745123, 3.31195260515e-05, 2.58228592429e-05, 6.74218536005e-05, 8.58598068589e-05, 4.15692520619e-05, 4.07414190704e-05, 2.82546225208e-05, 3.89607739635e-05, 2.03392919502e-05, 3.08744092763e-05, 1.40235861181e-05, 7.99301506049e-06, 9.8890686786e-06, 4.9646359912e-06, 6.49719822832e-06, 3.98489828513e-06, 5.03209003e-06, 5.6301892073e-06, 7.83418272476e-06, 7.79282981966e-06, 8.68604729476e-06, 8.42342797114e-06, 6.23752612228e-06, 6.01185047344e-06, 4.67806466986e-06, 3.53404107045e-06, 2.33392779592e-06]
    },
    "melbands128": {
        "max": [0.000356463831849, 0.00197024759836, 0.0055843074806, 0.014084498398, 0.0149609241635, 0.0287826992571, 0.031987991184, 0.0261266138405, 0.025713507086, 0.0347934998572, 0.0409962423146, 0.0495092384517, 0.0154325207695, 0.0116621181369, 0.00927381124347, 0.0190618094057, 0.0183552578092, 0.0207947399467, 0.0199471861124, 0.0102997301146, 0.00897279474884, 0.0067832255736, 0.0148725043982, 0.0141588486731, 0.0171633865684, 0.00450327852741, 0.00445202039555, 0.00127313705161, 0.000408258842072, 0.00047257510596, 0.000974865572061, 0.00129839568399, 0.00290382257663, 0.000616788864136, 0.000579893356189, 0.00123786076438, 0.000865866953973, 0.000209313555388, 0.000883075466845, 0.000556604296435, 0.00063152378425, 0.00309684127569, 0.00100981199648, 0.00105272326618, 0.000300389307085, 0.00105769617949, 0.000649858557153, 0.000749567348976, 0.00125079462305, 0.000921828555875, 0.000434884801507, 0.000636935699731, 0.00102386588696, 0.000510698417202, 0.000472858926514, 0.000420972472057, 0.000184040865861, 0.000467459263746, 0.000766111654229, 0.000171578605659, 0.000347187335137, 0.000210326717934, 0.000121217577544, 0.000152914668433, 0.000154690729687, 0.000163448319654, 0.000194511536392, 0.000133745154017, 7.82510105637e-05, 5.9968966525e-05, 0.000157346163178, 4.77543981106e-05, 4.70684317406e-05, 7.92726641521e-05, 0.000103969687189, 6.49243302178e-05, 0.000118092044431, 7.4535717431e-05, 6.7640641646e-05, 8.17048130557e-05, 0.000100747543911, 0.000125122896861, 0.000178243979462, 0.000161156596732, 0.000138685601996, 0.000256325001828, 9.2559173936e-05, 0.00017060652317, 0.000115918526717, 8.8297027105e-05, 0.000111792382086, 0.000121014905744, 6.68805441819e-05, 0.000103882790427, 8.51338190841e-05, 6.99690644979e-05, 7.20965035725e-05, 3.77752512577e-05, 3.60311496479e-05, 3.0474328014e-05, 2.18828754441e-05, 3.00193605653e-05, 2.19332232518e-05, 1.88736430573e-05, 2.41759262281e-05, 1.05158233055e-05, 1.76045068656e-05, 1.28481124193e-05, 8.47068622534e-06, 8.86055568117e-06, 6.23605046712e-06, 3.28744954459e-06, 2.83403846879e-06, 2.66066678023e-07, 1.45319617673e-07, 8.62393036982e-08, 3.61071990085e-08, 3.62046641555e-08, 3.54501459299e-08, 3.45986315153e-08, 3.37784626936e-08, 3.31012266486e-08, 3.24268718543e-08, 3.18201855976e-08, 3.13603365498e-08, 3.09941903254e-08, 3.07313179349e-08, 3.05594056726e-08],
        "mean": [2.65025846602e-05, 0.000214276617044, 0.000562284898479, 0.000698307878338, 0.000611895462498, 0.000632599170785, 0.000981033779681, 0.00172580045182, 0.00216368981637, 0.00210147094913, 0.00232850969769, 0.0014735708246, 0.000362567399861, 0.000390514789615, 0.000325502362102, 0.000325304805301, 0.000321936735418, 0.000387545413105, 0.000356700533303, 0.000361854094081, 9.93471694528e-05, 8.60904037836e-05, 9.57411539275e-05, 0.000125435195514, 0.000161004936672, 0.000113333146146, 0.000171767344, 5.01997456013e-05, 1.57465728989e-05, 2.81540524156e-05, 2.55808263319e-05, 7.30411557015e-05, 0.000118764553918, 1.56292699103e-05, 1.2850046005e-05, 1.76052544703e-05, 2.16896351048e-05, 1.16210721899e-05, 1.91425533558e-05, 1.21366047097e-05, 1.4074239516e-05, 9.5019750006e-05, 4.49114195362e-05, 3.48385656253e-05, 7.78729099693e-06, 2.49157219514e-05, 1.80980496225e-05, 7.83709583629e-06, 2.30986879615e-05, 2.84727721009e-05, 6.57356531519e-06, 7.74179170548e-06, 1.92627085198e-05, 9.0356952569e-06, 1.45553458424e-05, 1.13455271276e-05, 7.01389717506e-06, 1.51068215928e-05, 1.69259765244e-05, 6.05855848335e-06, 6.75335923006e-06, 5.58987630939e-06, 4.70535951536e-06, 3.92513538827e-06, 3.86768897442e-06, 5.13041459271e-06, 5.69303801967e-06, 3.33418029186e-06, 1.94068388737e-06, 2.2240940325e-06, 4.47021920991e-06, 1.60590229825e-06, 1.36159223985e-06, 2.04238790502e-06, 2.05825472221e-06, 2.05056062441e-06, 2.56689668277e-06, 2.50855532613e-06, 2.21720279114e-06, 2.5562733299e-06, 3.25008886648e-06, 4.2519550334e-06, 3.17357171298e-06, 2.56253633779e-06, 2.37117183133e-06, 3.00596457237e-06, 3.49136212208e-06, 4.60798946733e-06, 4.78482843391e-06, 2.82169412458e-06, 2.54428937296e-06, 2.56798443843e-06, 2.48451488005e-06, 2.75725551546e-06, 2.45835599344e-06, 1.99707142201e-06, 1.99195369532e-06, 2.17917272494e-06, 1.95435950445e-06, 1.66965014614e-06, 1.38204393352e-06, 1.17176386993e-06, 1.12630903004e-06, 1.03929073703e-06, 1.03900663362e-06, 7.30028659746e-07, 7.12751614174e-07, 5.54673079023e-07, 4.58918009372e-07, 5.22224127053e-07, 2.97423696338e-07, 1.38431673236e-07, 3.01024485339e-08, 6.55935705751e-09, 3.57566309894e-09, 2.7671229752e-09, 5.53472379039e-10, 3.03001547464e-11, 2.93015368913e-11, 2.85178478054e-11, 2.78010461874e-11, 2.72116565392e-11, 2.66463726084e-11, 2.61330644624e-11, 2.5700835557e-11, 2.53001092299e-11, 2.50346045977e-11, 2.48852431717e-11],
        "min": [4.13681089384e-09, 6.07409447184e-07, 3.03074284602e-06, 1.7474831111e-06, 3.47851664628e-06, 4.18968312488e-07, 3.12054771712e-06, 1.54636632033e-06, 3.10274594995e-06, 4.36829481032e-07, 4.00342457851e-07, 2.10045257631e-07, 4.42831549208e-07, 8.311185411e-07, 5.43869305147e-07, 1.28290650991e-07, 1.86140823644e-07, 7.01706198925e-07, 5.19604668625e-07, 4.41543136276e-07, 7.66993579759e-08, 7.51352047246e-08, 1.93653363567e-07, 1.87706177712e-07, 4.15026129019e-08, 1.34564812626e-08, 6.19883309128e-08, 6.18424067511e-08, 3.77558393438e-08, 2.5084954558e-08, 4.7115744195e-08, 2.76366289853e-08, 3.04628642311e-08, 7.30426918949e-09, 2.70807305469e-08, 2.01567846858e-08, 3.44128814334e-08, 1.66119207279e-08, 4.78659636372e-08, 2.27205205761e-08, 6.48917506396e-08, 9.87619586112e-08, 2.59281041082e-08, 1.91458155996e-08, 6.40320374501e-09, 9.186180705e-09, 2.35778729873e-09, 1.16527199001e-09, 1.12598386171e-09, 2.06715955464e-09, 1.84270276815e-09, 1.69995595378e-09, 2.65543320666e-09, 1.52994727998e-09, 4.01222344237e-09, 2.41646525012e-09, 2.44612419209e-09, 3.10470515963e-09, 2.2948722922e-09, 1.75058578744e-09, 1.40787637104e-09, 1.16401754902e-09, 2.07229233773e-09, 1.22197674202e-09, 1.0026153241e-09, 1.02317665451e-09, 1.45984291322e-09, 1.44646727929e-09, 1.11241316159e-09, 6.86534940009e-10, 8.14191936094e-10, 3.43861827901e-10, 7.00168867329e-10, 9.99739069307e-10, 1.44441680838e-09, 1.70053904291e-09, 4.93459717532e-10, 2.64415889184e-09, 2.694985346e-09, 1.15363474329e-09, 1.44577194661e-09, 8.71081762277e-10, 1.26555144142e-09, 1.71813382965e-10, 3.82278764199e-10, 8.22267753886e-10, 8.76068495526e-10, 2.24145493832e-10, 2.56481014205e-09, 6.23084139839e-10, 8.45549741335e-10, 4.44850462022e-10, 6.7562450079e-10, 1.36317165889e-10, 9.86619466681e-11, 1.93265584092e-10, 1.13342668584e-10, 5.0647649269e-11, 4.99044916502e-10, 2.63612270901e-10, 2.64379462767e-10, 2.06049760587e-10, 1.18915627345e-10, 1.69058975152e-10, 5.27323254507e-11, 4.38031416694e-11, 8.36798269566e-11, 3.21138879378e-11, 9.86853610982e-13, 2.87942304548e-13, 1.18804922497e-13, 1.029140152e-13, 1.32865845604e-13, 1.13440683171e-13, 1.00035417775e-13, 8.80639148843e-14, 9.34183963909e-14, 1.19277472014e-13, 9.30651362181e-14, 1.14280045388e-13, 1.16606241806e-13, 1.06194336636e-13, 1.13938535256e-13, 1.00751885676e-13, 7.66345605138e-14, 2.55761835593e-14, 3.55920703337e-15, 1.36279594105e-16],
        "stdev": [3.34687319992e-05, 0.000232997990679, 0.000618960126303, 0.000988884014077, 0.00106800033245, 0.00139419105835, 0.00202839053236, 0.00291222636588, 0.00353339547291, 0.00449893902987, 0.00480496231467, 0.00454366393387, 0.00117488694377, 0.0010029982077, 0.000770804646891, 0.000788791512605, 0.000786635326222, 0.00106451520696, 0.00090443744557, 0.000700154574588, 0.000331027724314, 0.000398689735448, 0.000533998885658, 0.000697712879628, 0.00114026095252, 0.000310567498673, 0.000450581981568, 8.87520000106e-05, 2.80183157884e-05, 5.13155755471e-05, 6.39363133814e-05, 0.000121473371109, 0.000238797423663, 3.65307896573e-05, 3.61829552276e-05, 4.88308724016e-05, 6.20199862169e-05, 1.83910742635e-05, 5.3068062698e-05, 2.51956134889e-05, 3.50814698322e-05, 0.000266417948296, 8.97184581845e-05, 9.02145620785e-05, 1.78618574864e-05, 7.69798643887e-05, 5.36805891898e-05, 3.88394364563e-05, 8.1516111095e-05, 5.96548088652e-05, 2.24247178267e-05, 3.24547218042e-05, 7.49902537791e-05, 3.08309572574e-05, 3.56991840817e-05, 3.25094079017e-05, 1.48788803926e-05, 3.51686176145e-05, 6.68174034217e-05, 1.70803214132e-05, 1.79281614692e-05, 1.22625488075e-05, 1.0939049389e-05, 9.1368028734e-06, 1.15618031487e-05, 1.20619861264e-05, 1.43572597153e-05, 8.13734914118e-06, 4.62239859189e-06, 3.79387620342e-06, 1.37810848173e-05, 3.73677062271e-06, 3.5299171941e-06, 4.86803628519e-06, 5.99243139732e-06, 4.95084441354e-06, 6.80344101056e-06, 5.86892292631e-06, 5.70313068238e-06, 6.33428271613e-06, 7.46429532228e-06, 1.12821735456e-05, 8.61612170411e-06, 8.02800877864e-06, 7.79073616286e-06, 1.05583212644e-05, 8.55339021655e-06, 1.1253534467e-05, 1.04474529508e-05, 6.80488119542e-06, 7.13638746674e-06, 7.21891183275e-06, 5.73955503569e-06, 7.31388399799e-06, 5.93870890953e-06, 5.37029063707e-06, 4.98701956531e-06, 4.56527050119e-06, 4.09692438552e-06, 3.25494329445e-06, 2.60854585576e-06, 2.41934776568e-06, 2.42000737671e-06, 2.18004470298e-06, 2.12373947761e-06, 1.39861640491e-06, 1.49721461185e-06, 1.16995829558e-06, 9.25603728774e-07, 1.05777439785e-06, 5.7825394606e-07, 3.08580467845e-07, 1.16115046467e-07, 2.02084162737e-08, 1.03451176514e-08, 8.22158607861e-09, 2.09952943919e-09, 9.66932645063e-10, 9.46748568431e-10, 9.23990883805e-10, 9.02078411968e-10, 8.83992101741e-10, 8.6597745641e-10, 8.4976625736e-10, 8.37489577687e-10, 8.27716339913e-10, 8.20698287107e-10, 8.16108014501e-10]
    },
    "mfcc": {
        "mean": [-658.672302246, 121.922241211, 24.0092391968, 17.7393608093, 10.1274032593, 8.26144123077, -7.34655427933, -0.476400405169, -6.96681785583, -2.36431193352, -2.8098282814, -4.9282913208, -5.14806747437],
        "cov": [[3559.85205078, -1123.41162109, -153.651275635, -114.720123291, -34.9091873169, -251.236495972, -260.008117676, -59.4242858887, -104.087623596, -114.283248901, -49.6740531921, -161.744735718, -23.4089202881], [-1123.41162109, 1191.65026855, -427.881622314, 7.86767625809, -121.375823975, 63.673915863, 74.1940536499, -25.8722877502, 23.8734512329, 65.8313980103, 40.2055625916, 0.642938256264, -7.40994262695], [-153.651275635, -427.881622314, 752.228820801, -134.685684204, 16.7325344086, 44.1682853699, 8.61633205414, -15.1044893265, -27.0963554382, -37.0074501038, 53.868938446, 43.0596389771, -61.8225708008], [-114.720123291, 7.86767625809, -134.685684204, 298.767120361, 56.8652191162, -5.20133924484, -49.3020553589, 55.9216423035, -10.4069061279, -42.7520713806, -30.1755180359, -11.9347391129, 60.5427780151], [-34.9091873169, -121.375823975, 16.7325344086, 56.8652191162, 196.387878418, -5.78202724457, -0.264842003584, 9.56858634949, 9.29911327362, -1.61684167385, -67.4943313599, 1.22816073895, 45.7466697693], [-251.236495972, 63.673915863, 44.1682853699, -5.20133924484, -5.78202724457, 121.305625916, 48.5812263489, -7.58171653748, 4.63989162445, 24.0751361847, 2.64893388748, 16.1177139282, -9.3383102417], [-260.008117676, 74.1940536499, 8.61633205414, -49.3020553589, -0.264842003584, 48.5812263489, 144.574905396, 8.62629795074, 35.6825904846, 56.0101661682, -2.60373234749, 33.073841095, -6.38908529282], [-59.4242858887, -25.8722877502, -15.1044893265, 55.9216423035, 9.56858634949, -7.58171653748, 8.62629795074, 92.5375518799, 19.5621566772, -14.4684734344, -4.75560283661, 7.37993431091, 20.8707408905], [-104.087623596, 23.8734512329, -27.0963554382, -10.4069061279, 9.29911327362, 4.63989162445, 35.6825904846, 19.5621566772, 93.6242599487, 53.4724235535, -11.9345941544, 10.1319665909, 5.33606529236], [-114.283248901, 65.8313980103, -37.0074501038, -42.7520713806, -1.61684167385, 24.0751361847, 56.0101661682, -14.4684734344, 53.4724235535, 110.924690247, 0.448269307613, 10.9335136414, -7.34072256088], [-49.6740531921, 40.2055625916, 53.868938446, -30.1755180359, -67.4943313599, 2.64893388748, -2.60373234749, -4.75560283661, -11.9345941544, 0.448269307613, 124.899719238, 14.358537674, -42.747795105], [-161.744735718, 0.642938256264, 43.0596389771, -11.9347391129, 1.22816073895, 16.1177139282, 33.073841095, 7.37993431091, 10.1319665909, 10.9335136414, 14.358537674, 79.917098999, 15.9058647156], [-23.4089202881, -7.40994262695, -61.8225708008, 60.5427780151, 45.7466697693, -9.3383102417, -6.38908529282, 20.8707408905, 5.33606529236, -7.34072256088, -42.747795105, 15.9058647156, 91.3435211182]],
        "icov": [[0.00079220283078, 0.000998427043669, 0.000771490216721, 0.000631693226751, 0.000497215602081, 0.000542417576071, 0.000554430065677, 0.000330229609972, 0.000427204824518, 9.17198121897e-05, 4.81294518977e-05, 0.000817685795482, 1.97993649635e-05], [0.000998427043669, 0.0025303256698, 0.00177404622082, 0.000814593513496, 0.00115095928777, -2.28463486565e-05, 0.000236756313825, 0.000825751165394, 0.000466732104542, 0.000123239311506, -0.000395016541006, 0.000973930000328, -7.70793178617e-07], [0.000771490216721, 0.00177404622082, 0.00303733092733, 0.00152866914868, -1.32274872158e-05, -0.000697317125741, 0.000588052906096, 0.000279480213067, 0.000441242795205, 0.00112316582818, -0.000740510760807, -0.000277545768768, 0.00106300180778], [0.000631693226751, 0.000814593513496, 0.00152866914868, 0.0057793953456, -0.000845441303682, -0.00100808707066, 0.00212027132511, -0.00244909687899, 0.000684008875396, 0.00116002582945, -0.000472744141007, 0.00109366641846, -0.00189818243962], [0.000497215602081, 0.00115095928777, -1.32274872158e-05, -0.000845441303682, 0.00759201636538, 0.000718757626601, -0.000216408676351, 0.000907406851184, -9.33952378546e-06, -0.000502723618411, 0.00304160593078, 0.000520944595337, -0.00188615033403], [0.000542417576071, -2.28463486565e-05, -0.000697317125741, -0.00100808707066, 0.000718757626601, 0.011141682975, -0.00280879368074, 0.0012755326461, 0.00140146363992, -0.00147373520304, 0.000882870808709, -0.000198542024009, 0.000871978059877], [0.000554430065677, 0.000236756313825, 0.000588052906096, 0.00212027132511, -0.000216408676351, -0.00280879368074, 0.0118397306651, -0.00257061375305, -0.000307739770506, -0.00375912967138, 0.00120983412489, -0.00287013780326, 0.00117254303768], [0.000330229609972, 0.000825751165394, 0.000279480213067, -0.00244909687899, 0.000907406851184, 0.0012755326461, -0.00257061375305, 0.0150370039046, -0.00475905416533, 0.00415880093351, -0.000979830045253, 0.000126886254293, -0.00184397294652], [0.000427204824518, 0.000466732104542, 0.000441242795205, 0.000684008875396, -9.33952378546e-06, 0.00140146363992, -0.000307739770506, -0.00475905416533, 0.0173795055598, -0.00852019805461, 0.00162160571199, -0.000385660096072, 0.000332491385052], [9.17198121897e-05, 0.000123239311506, 0.00112316582818, 0.00116002582945, -0.000502723618411, -0.00147373520304, -0.00375912967138, 0.00415880093351, -0.00852019805461, 0.0167124345899, -0.00121574290097, 0.000212139435462, 0.000147664977703], [4.81294518977e-05, -0.000395016541006, -0.000740510760807, -0.000472744141007, 0.00304160593078, 0.000882870808709, 0.00120983412489, -0.000979830045253, 0.00162160571199, -0.00121574290097, 0.0121414195746, -0.00337101891637, 0.00474452599883], [0.000817685795482, 0.000973930000328, -0.000277545768768, 0.00109366641846, 0.000520944595337, -0.000198542024009, -0.00287013780326, 0.000126886254293, -0.000385660096072, 0.000212139435462, -0.00337101891637, 0.0174431577325, -0.00571055850014], [1.97993649635e-05, -7.70793178617e-07, 0.00106300180778, -0.00189818243962, -0.00188615033403, 0.000871978059877, 0.00117254303768, -0.00184397294652, 0.000332491385052, 0.000147664977703, 0.00474452599883, -0.00571055850014, 0.0176745988429]]
    },
    "spectral_contrast_coeffs": {
        "max": [-0.383166611195, -0.478554546833, -0.552280068398, -0.579210758209, -0.612165212631, -0.60497200489],
        "mean": [-0.657712340355, -0.735086083412, -0.745022833347, -0.765896737576, -0.773652374744, -0.766841232777],
        "min": [-0.932200551033, -0.934929788113, -0.899062395096, -0.898023247719, -0.910611391068, -0.895131409168],
        "stdev": [0.0953493714333, 0.0618204027414, 0.0553672574461, 0.0477444157004, 0.0457696057856, 0.0525277033448]
    },
    "spectral_contrast_valleys": {
        "max": [-5.02116441727, -5.24002408981, -6.23179626465, -6.74462938309, -6.11398172379, -7.72745037079],
        "mean": [-6.63977718353, -6.88892650604, -7.86277246475, -8.13050937653, -8.29025173187, -10.3391561508],
        "min": [-8.64591598511, -8.81003379822, -9.93654537201, -10.9011220932, -11.2391462326, -13.1647129059],
        "stdev": [0.430954068899, 0.603299975395, 0.581949472427, 0.654284775257, 0.750203669071, 1.21499288082]
    }
},
"rhythm": {
    "beats_count": 77,
    "beats_loudness": {
        "max": 0.101021371782,
        "mean": 0.0298522170633,
        "min": 0.00397736765444,
        "stdev": 0.0220129191875
    },
    "bpm": 144.421768188,
    "bpm_histogram_first_peak_bpm": 144,
    "bpm_histogram_first_peak_weight": 0.424657583237,
    "bpm_histogram_second_peak_bpm": 136,
    "bpm_histogram_second_peak_spread": 0,
    "bpm_histogram_second_peak_weight": 0.039473682642,
    "danceability": 0.93865942955,
    "onset_rate": 4.27587842941,
    "beats_loudness_band_ratio": {
        "max": [0.986835002899, 0.940701544285, 0.70407885313, 0.367122858763, 0.245801478624, 0.273886054754],
        "mean": [0.441908687353, 0.341384530067, 0.151048600674, 0.0644047856331, 0.0418402664363, 0.0599486045539],
        "min": [0.0104845035821, 0.00930200703442, 0.00291011785157, 0.0014252862893, 0.000160093637533, 0.000439267401816],
        "stdev": [0.248383358121, 0.219059258699, 0.139697924256, 0.0663203820586, 0.0464748963714, 0.059759773314]
    },
