{
"metadata": {
    "version": {
        "essentia": "2.1-beta5",
        "essentia_git_sha": "Undefined",
        "extractor": "music 2.0"
    },
    "audio_properties": {
        "analysis": {
            "equal_loudness": 0,
            "length": 33.9591827393,
            "sample_rate": 44100,
            "start_time": 223.991287231,
            "downmix": "mix"
        },
        "bit_rate": 192000,
        "length": 257.973693848,
        "lossless": 0,
        "number_channels": 2,
        "replay_gain": -7.81827926636,
        "sample_rate": 44100,
        "codec": "mp3",
        "md5_encoded": "2f22d7ccc319a2792e162dd9ac80d109"
    },
    "tags": {
        "file_name": "Spain_Sobran Las Palabras_Braulio.mp3",
        "encoding": ["Lavf58.29.100"]
    }
},
"lowlevel": {
    "average_loudness": 0.775339484215,
    "barkbands_crest": {
        "max": 23.4078369141,
        "mean": 9.94089698792,
        "min": 2.87258005142,
        "stdev": 4.48565483093
    },
    "barkbands_flatness_db": {
        "max": 0.246252819896,
        "mean": 0.123505972326,
        "min": 0.0439170561731,
        "stdev": 0.0410523340106
    },
    "barkbands_kurtosis": {
        "max": 40.9163551331,
        "mean": 2.4098880291,
        "min": -1.58863508701,
        "stdev": 3.70711255074
    },
    "barkbands_skewness": {
        "max": 5.51989793777,
        "mean": 0.687919735909,
        "min": -2.16061854362,
        "stdev": 1.06645619869
    },
    "barkbands_spread": {
        "max": 48.7423934937,
        "mean": 15.5430021286,
        "min": 2.09323787689,
        "stdev": 7.27181529999
    },
    "dissonance": {
        "max": 0.500000059605,
        "mean": 0.462756305933,
        "min": 0.289065629244,
        "stdev": 0.0359488464892
    },
    "dynamic_complexity": 4.80141687393,
    "erbbands_crest": {
        "max": 30.6467456818,
        "mean": 11.0637674332,
        "min": 4.02070379257,
        "stdev": 4.33817005157
    },
    "erbbands_flatness_db": {
        "max": 0.306339412928,
        "mean": 0.198175609112,
        "min": 0.109578855336,
        "stdev": 0.033678162843
    },
    "erbbands_kurtosis": {
        "max": 30.8549575806,
        "mean": 1.649538517,
        "min": -1.58082485199,
        "stdev": 2.38744163513
    },
    "erbbands_skewness": {
        "max": 4.59156990051,
        "mean": 0.552281439304,
        "min": -2.7914223671,
        "stdev": 0.820861279964
    },
    "erbbands_spread": {
        "max": 56.0122718811,
        "mean": 19.2798366547,
        "min": 3.39879250526,
        "stdev": 8.50075244904
    },
    "hfc": {
        "max": 87.2483825684,
        "mean": 18.2196712494,
        "min": 0.0140752177685,
        "stdev": 16.7481613159
    },
    "loudness_ebu128": {
        "integrated": -17.2167339325,
        "loudness_range": 9.90537071228,
        "momentary": {
            "max": -13.3651657104,
            "mean": -19.0737876892,
            "min": -32.4240036011,
            "stdev": 4.3938498497
        },
        "short_term": {
            "max": -13.986784935,
            "mean": -18.2643985748,
            "min": -25.7369861603,
            "stdev": 3.03293013573
        }
    },
    "melbands_crest": {
        "max": 32.2148170471,
        "mean": 12.0113077164,
        "min": 3.39789795876,
        "stdev": 5.41002082825
    },
    "melbands_flatness_db": {
        "max": 0.311885565519,
        "mean": 0.159212678671,
        "min": 0.0538676567376,
        "stdev": 0.0550289601088
    },
    "melbands_kurtosis": {
        "max": 48.772354126,
        "mean": 3.67004132271,
        "min": -1.80279958248,
        "stdev": 5.64031028748
    },
    "melbands_skewness": {
        "max": 5.06348276138,
        "mean": 0.953064858913,
        "min": -1.02449715137,
        "stdev": 1.05877828598
    },
    "melbands_spread": {
        "max": 78.0215148926,
        "mean": 28.2218132019,
        "min": 2.66419243813,
        "stdev": 17.1439971924
    },
    "pitch_salience": {
        "max": 0.846164464951,
        "mean": 0.610756933689,
        "min": 0.164900362492,
        "stdev": 0.144661575556
    },
    "silence_rate_20dB": {
        "max": 1,
        "mean": 1,
        "min": 1,
        "stdev": 0
    },
    "silence_rate_30dB": {
        "max": 1,
        "mean": 1,
        "min": 1,
        "stdev": 0
    },
    "silence_rate_60dB": {
        "max": 1,
        "mean": 0.306694000959,
        "min": 0,
        "stdev": 0.461120337248
    },
    "spectral_centroid": {
        "max": 2901.4699707,
        "mean": 1548.22937012,
        "min": 429.534240723,
        "stdev": 547.25402832
    },
    "spectral_complexity": {
        "max": 36,
        "mean": 15.4542350769,
        "min": 0,
        "stdev": 6.60223436356
    },
    "spectral_decrease": {
        "max": -2.44959564785e-12,
        "mean": -4.41444214516e-09,
        "min": -2.5669564252e-08,
        "stdev": 4.43415837381e-09
    },
    "spectral_energy": {
        "max": 0.104284144938,
        "mean": 0.0183137338609,
        "min": 1.05219842226e-05,
        "stdev": 0.0181873030961
    },
    "spectral_energyband_high": {
        "max": 0.00305881001987,
        "mean": 0.000224004426855,
        "min": 4.00937949507e-07,
        "stdev": 0.000246759562287
    },
    "spectral_energyband_low": {
        "max": 0.00354756833985,
        "mean": 0.000341233564541,
        "min": 2.74942681244e-06,
        "stdev": 0.000507517659571
    },
    "spectral_energyband_middle_high": {
        "max": 0.0459901764989,
        "mean": 0.0057777245529,
        "min": 5.36612105861e-06,
        "stdev": 0.006197639741
    },
    "spectral_energyband_middle_low": {
        "max": 0.0824342444539,
        "mean": 0.0123460916802,
        "min": 1.04466369066e-06,
        "stdev": 0.0143038993701
    },
    "spectral_entropy": {
        "max": 8.30861473083,
        "mean": 7.51794242859,
        "min": 6.40104532242,
        "stdev": 0.355408340693
    },
    "spectral_flux": {
        "max": 0.303846150637,
        "mean": 0.0735520720482,
        "min": 0.0114824511111,
        "stdev": 0.0448246411979
    },
    "spectral_kurtosis": {
        "max": 19.8272724152,
        "mean": 6.749563694,
        "min": 1.2089099884,
        "stdev": 2.47989845276
    },
    "spectral_rms": {
        "max": 0.0100866565481,
        "mean": 0.00364570599049,
        "min": 0.000101318066299,
        "stdev": 0.00213912688196
    },
    "spectral_rolloff": {
        "max": 4629.63867188,
        "mean": 1815.40588379,
        "min": 430.6640625,
        "stdev": 696.43359375
    },
    "spectral_skewness": {
        "max": 3.19143629074,
        "mean": 1.99239015579,
        "min": 1.23020732403,
        "stdev": 0.322682410479
    },
    "spectral_spread": {
        "max": 9929700,
        "mean": 3920060.75,
        "min": 2319273.5,
        "stdev": 674168.5
    },
    "spectral_strongpeak": {
        "max": 9.5144443512,
        "mean": 1.68083798885,
        "min": 0,
        "stdev": 1.62123286724
    },
    "zerocrossingrate": {
        "max": 0.13232421875,
        "mean": 0.0710459202528,
        "min": 0.01513671875,
        "stdev": 0.0257056038827
    },
    "barkbands": {
        "max": [3.20818580803e-05, 0.00026862550294, 0.00303658540361, 0.00320307537913, 0.0292266346514, 0.010601490736, 0.0331831425428, 0.0663404539227, 0.061336286366, 0.0511823035777, 0.00397573970258, 0.0164460390806, 0.0276008844376, 0.0175431836396, 0.0131650073454, 0.0149285737425, 0.00834937300533, 0.00442805560306, 0.00204326282255, 0.00447273766622, 0.0012176099699, 0.000412641093135, 0.000301560823573, 0.000769822159782, 0.000162669661222, 0.000250247947406, 1.43286306411e-05],
        "mean": [4.49507615485e-06, 5.93144795857e-05, 0.000204975571251, 0.000164779397892, 0.000746552599594, 0.000994310132228, 0.0012447979534, 0.00252896151505, 0.00602255249396, 0.000917185505386, 0.000167800710187, 0.000386488769436, 0.00198326981626, 0.000998211908154, 0.000560290704016, 0.000177548805368, 0.000450051389635, 0.000181197247002, 0.000137894647196, 0.000175377674168, 6.21643848717e-05, 3.94140261051e-05, 3.33302086801e-05, 3.46236301993e-05, 1.42222870636e-05, 2.23947681661e-05, 1.50948051214e-06],
        "min": [3.30414051675e-09, 1.27849148157e-06, 3.10753094368e-08, 1.19446204039e-08, 1.7468664737e-07, 2.79578387108e-07, 3.04351033265e-07, 9.80107515147e-08, 9.31902377488e-08, 3.57377416549e-08, 7.83609834798e-08, 2.4169412427e-07, 5.07548918449e-07, 8.20195737106e-07, 1.1668694242e-06, 7.25227948806e-07, 1.5535877651e-07, 4.20616402153e-07, 1.57584779004e-07, 5.55936097157e-08, 4.04075208849e-08, 1.2870478372e-07, 8.919750627e-08, 5.09072428656e-08, 4.36241158752e-08, 3.21340110077e-08, 3.329761189e-10],
        "stdev": [4.12560120822e-06, 4.35450929217e-05, 0.000417700764956, 0.000309826253215, 0.0018748708535, 0.00143261416815, 0.00260614021681, 0.00593310361728, 0.0100436424837, 0.00403374992311, 0.000381360150641, 0.000876566395164, 0.00364172901027, 0.00157825439237, 0.00105367763899, 0.000771204358898, 0.000685348466504, 0.000330797251081, 0.000194274442038, 0.000326447072439, 8.89253278729e-05, 4.05266291637e-05, 3.5377455788e-05, 5.16827421961e-05, 1.50581463458e-05, 2.35837342188e-05, 1.60577155839e-06]
    },
    "erbbands": {
        "max": [0.0113163636997, 0.132840558887, 2.62931919098, 5.36700105667, 42.3651161194, 114.758758545, 101.343841553, 122.307365417, 229.532730103, 746.196899414, 1862.73498535, 1424.45825195, 1983.92370605, 405.399627686, 200.253143311, 772.658996582, 1214.11230469, 947.790100098, 632.953918457, 977.094543457, 582.398681641, 412.228393555, 283.818756104, 120.404579163, 175.057662964, 119.943443298, 55.6855201721, 36.7479438782, 21.2092952728, 8.62708568573, 9.76885032654, 17.0837554932, 12.1135149002, 2.90685749054, 0.857996404171, 0.641506135464, 0.443303346634, 0.211099311709, 0.0038309013471, 0.000145884623635],
        "mean": [0.00256013567559, 0.0133206835017, 0.164610639215, 0.453982710838, 1.19525444508, 2.89801549911, 5.68669700623, 8.53774929047, 12.7114315033, 29.3427410126, 74.951965332, 121.327087402, 87.4111099243, 13.9292316437, 6.41605424881, 21.1085510254, 74.5217132568, 75.384475708, 38.0092658997, 18.0344696045, 12.3348360062, 24.629907608, 13.406835556, 4.53109836578, 12.2488517761, 6.64686441422, 3.03064489365, 1.51349961758, 1.78174674511, 1.05161309242, 0.875200629234, 0.70870423317, 0.579597711563, 0.224684044719, 0.072355620563, 0.0458839386702, 0.0455404482782, 0.0133904851973, 0.000252920697676, 2.87898837996e-05],
        "min": [4.33540117228e-05, 0.000234511200688, 0.000300274521578, 0.000174070388312, 0.000325131404679, 0.000662109407131, 0.00116444716696, 0.00275213597342, 0.00423072185367, 0.00332853524014, 0.0028057822492, 0.00216834386811, 0.000925752334297, 0.00136575498618, 0.0050216303207, 0.0105019910261, 0.017759019509, 0.0348318964243, 0.0530146621168, 0.0964394360781, 0.0614570863545, 0.0131611842662, 0.0206134170294, 0.0101442970335, 0.00907264649868, 0.00221550255083, 0.0015514169354, 0.00187986344099, 0.00595516292378, 0.00268141855486, 0.00261020194739, 0.00132907938678, 0.000710159423761, 0.000754169886932, 0.00017473839398, 8.82804160938e-05, 6.55162366456e-05, 1.29647833091e-05, 2.28735743235e-07, 2.11973958386e-08],
        "stdev": [0.00225779507309, 0.0137040540576, 0.339617490768, 0.762272536755, 2.98983740807, 8.50428676605, 9.91158008575, 12.8548440933, 21.9686088562, 60.1921577454, 169.821258545, 203.491989136, 213.595916748, 29.1285133362, 15.2556715012, 41.7163314819, 131.838729858, 111.405761719, 60.634803772, 52.2227210999, 33.1175804138, 36.6388244629, 20.6508617401, 8.8085603714, 18.7283668518, 10.9215583801, 4.1035490036, 2.09451174736, 1.94881570339, 1.03238070011, 0.975922167301, 1.06176054478, 0.858339130878, 0.261541485786, 0.0712692290545, 0.0453737974167, 0.0450783483684, 0.0159972887486, 0.000286296795821, 2.60509441432e-05]
    },
    "gfcc": {
        "mean": [-30.1557064056, 52.4173278809, -147.539138794, -6.83324670792, -61.3875236511, 5.07499265671, -42.8247299194, 10.3663053513, -13.5175971985, 16.4771156311, -15.3215904236, 0.552875816822, -20.6289081573],
        "cov": [[3185.47094727, 624.532470703, 236.855331421, -394.02822876, -630.395019531, -541.964782715, -5.6743927002, -274.806488037, -511.787811279, -296.450500488, -255.660247803, -550.99597168, -336.13381958], [624.532470703, 758.191101074, 294.389068604, -192.864105225, -265.918731689, -300.382263184, -68.6976852417, -198.633499146, -241.783477783, -136.170257568, -92.5410995483, -238.580566406, -128.389419556], [236.855331421, 294.389068604, 281.99307251, 43.1193389893, -136.400680542, -113.906303406, -65.1631240845, -151.41569519, -150.705444336, -72.2114105225, -71.6901931763, -159.445129395, -78.588973999], [-394.02822876, -192.864105225, 43.1193389893, 270.037322998, 154.846939087, 86.2823944092, -52.9782028198, -9.05160999298, 40.492565155, 43.2563743591, 9.01665401459, 44.1977653503, 38.8570747375], [-630.395019531, -265.918731689, -136.400680542, 154.846939087, 279.545135498, 190.532196045, 2.23370933533, 107.688079834, 163.693054199, 85.1091690063, 55.5772666931, 159.439453125, 93.380027771], [-541.964782715, -300.382263184, -113.906303406, 86.2823944092, 190.532196045, 284.910827637, 113.578453064, 97.6479873657, 113.428848267, 58.2536735535, 35.6761131287, 113.976867676, 55.8923225403], [-5.6743927002, -68.6976852417, -65.1631240845, -52.9782028198, 2.23370933533, 113.578453064, 173.479476929, 73.6787872314, -12.6717643738, -17.1811180115, -5.76550006866, -14.7256116867, -18.5184116364], [-274.806488037, -198.633499146, -151.41569519, -9.05160999298, 107.688079834, 97.6479873657, 73.6787872314, 176.491073608, 148.660675049, 50.6471786499, 62.8311004639, 130.603805542, 60.0908889771], [-511.787811279, -241.783477783, -150.705444336, 40.492565155, 163.693054199, 113.428848267, -12.6717643738, 148.660675049, 236.321105957, 117.00743103, 83.3627319336, 188.933700562, 99.6838150024], [-296.450500488, -136.170257568, -72.2114105225, 43.2563743591, 85.1091690063, 58.2536735535, -17.1811180115, 50.6471786499, 117.00743103, 98.0717697144, 66.5254898071, 92.6808700562, 49.4209365845], [-255.660247803, -92.5410995483, -71.6901931763, 9.01665401459, 55.5772666931, 35.6761131287, -5.76550006866, 62.8311004639, 83.3627319336, 66.5254898071, 104.042175293, 130.291595459, 49.305141449], [-550.99597168, -238.580566406, -159.445129395, 44.1977653503, 159.439453125, 113.976867676, -14.7256116867, 130.603805542, 188.933700562, 92.6808700562, 130.291595459, 272.566741943, 136.68397522], [-336.13381958, -128.389419556, -78.588973999, 38.8570747375, 93.380027771, 55.8923225403, -18.5184116364, 60.0908889771, 99.6838150024, 49.4209365845, 49.305141449, 136.68397522, 116.120300293]],
        "icov": [[0.000909035094082, 0.000501176225953, 8.10768033261e-05, 0.000862587650772, 0.000391270179534, 0.00111709407065, 0.000427029794082, -0.0010632276535, 0.00214448827319, -0.00121025484987, 0.00203427555971, -0.000712214387022, 0.00136643531732], [0.000501176225953, 0.0110782645643, -0.0131330154836, 0.0123907718807, -0.0142342979088, 0.0143020264804, -0.010108185932, 0.0103318849578, -0.00398674281314, 0.0054384926334, -0.00455114105716, 0.000733761407901, 0.000445576239144], [8.10768033261e-05, -0.0131330154836, 0.0279874540865, -0.0205425526947, 0.023165108636, -0.0178159214556, 0.0124844051898, -0.00295773148537, -0.00555880088359, 0.00900548696518, -0.0057541844435, 0.00903434026986, -0.00225365976803], [0.000862587650772, 0.0123907718807, -0.0205425526947, 0.0248101316392, -0.0226098820567, 0.0144731886685, -0.00564848352224, 0.00242360681295, 0.0103353681043, -0.00985166430473, 0.00635326653719, -0.00592056941241, 0.00264435214922], [0.000391270179534, -0.0142342979088, 0.023165108636, -0.0226098820567, 0.0382088981569, -0.0277577117085, 0.0224774535745, -0.0203774534166, 0.006906343624, -0.00724365515634, 0.00880307052284, -0.000379995035473, -0.000734212866519], [0.00111709407065, 0.0143020264804, -0.0178159214556, 0.0144731886685, -0.0277577117085, 0.036998976022, -0.0318817384541, 0.0262785349041, -0.0148350382224, 0.00936796236783, -0.00390654476359, -0.00430624373257, 0.00345164141618], [0.000427029794082, -0.010108185932, 0.0124844051898, -0.00564848352224, 0.0224774535745, -0.0318817384541, 0.0452177599072, -0.0452242866158, 0.039156652987, -0.0286744832993, 0.0209988635033, -0.00457545509562, 0.00334289274178], [-0.0010632276535, 0.0103318849578, -0.00295773148537, 0.00242360681295, -0.0203774534166, 0.0262785349041, -0.0452242866158, 0.0768907889724, -0.0750169828534, 0.0697111487389, -0.0554253123701, 0.0266254190356, -0.0108083309606], [0.00214448827319, -0.00398674281314, -0.00555880088359, 0.0103353681043, 0.006906343624, -0.0148350382224, 0.039156652987, -0.0750169828534, 0.104758918285, -0.100944951177, 0.0800109133124, -0.0499889478087, 0.019130917266], [-0.00121025484987, 0.0054384926334, 0.00900548696518, -0.00985166430473, -0.00724365515634, 0.00936796236783, -0.0286744832993, 0.0697111487389, -0.100944951177, 0.127399653196, -0.0996898785233, 0.0612997598946, -0.0248218663037], [0.00203427555971, -0.00455114105716, -0.0057541844435, 0.00635326653719, 0.00880307052284, -0.00390654476359, 0.0209988635033, -0.0554253123701, 0.0800109133124, -0.0996898785233, 0.108831420541, -0.068834759295, 0.0302251763642], [-0.000712214387022, 0.000733761407901, 0.00903434026986, -0.00592056941241, -0.000379995035473, -0.00430624373257, -0.00457545509562, 0.0266254190356, -0.0499889478087, 0.0612997598946, -0.068834759295, 0.0595565438271, -0.0293364878744], [0.00136643531732, 0.000445576239144, -0.00225365976803, 0.00264435214922, -0.000734212866519, 0.00345164141618, 0.00334289274178, -0.0108083309606, 0.019130917266, -0.0248218663037, 0.0302251763642, -0.0293364878744, 0.0315442159772]]
    },
    "melbands": {
        "max": [7.74592845119e-05, 0.000921267666854, 0.00185982615221, 0.0059884567745, 0.00403021881357, 0.00234973290935, 0.00421022204682, 0.00772717874497, 0.0149897681549, 0.0092893447727, 0.00994814839214, 0.00189941539429, 0.000568828661926, 0.00141088257078, 0.00243135285564, 0.00305030611344, 0.00209558638744, 0.000962967285886, 0.00125717162155, 0.00132383476011, 0.000490596692543, 0.000574587786105, 0.000341995153576, 0.000232938720728, 9.29771849769e-05, 0.000102092679299, 0.000292431941489, 3.17419871863e-05, 2.07442899409e-05, 5.50796248717e-05, 8.51505865285e-06, 1.08668627945e-05, 8.24470316729e-06, 5.898501513e-06, 7.31062482373e-06, 1.01703290056e-05, 8.937574421e-06, 1.07784180727e-05, 3.91243793274e-06, 1.80425638518e-06],
        "mean": [1.84743585123e-05, 6.39748905087e-05, 9.8234602774e-05, 0.00014332254068, 0.000185156255611, 0.000190772974747, 0.000217745982809, 0.000337844830938, 0.000665462925099, 0.000830508419313, 0.000426787533797, 4.77095672977e-05, 2.01567254408e-05, 3.15382967528e-05, 8.55058970046e-05, 0.000225339579629, 0.000123916615848, 6.1790109612e-05, 3.6165376514e-05, 1.44333034768e-05, 1.47409173223e-05, 2.68295807473e-05, 1.86762681551e-05, 7.40302857594e-06, 2.76750620287e-06, 6.24970516583e-06, 1.16209785119e-05, 2.41508155341e-06, 1.47829791786e-06, 1.96782661988e-06, 4.8169317779e-07, 1.04391267541e-06, 7.01298517924e-07, 6.25946881883e-07, 5.75187925733e-07, 4.36663782466e-07, 3.6743608689e-07, 4.42364068931e-07, 2.76733885585e-07, 1.49634544755e-07],
        "min": [4.05906916967e-07, 2.00962134045e-07, 4.13163085966e-08, 3.38170487169e-08, 3.99012449748e-08, 6.09820318687e-08, 6.53594156574e-08, 3.09847223434e-08, 2.46640041723e-08, 1.14391633943e-08, 4.36385949598e-09, 4.942878995e-09, 1.37931843724e-08, 2.06479011666e-08, 3.51348425909e-08, 5.30290868994e-08, 6.69366855277e-08, 8.52693986531e-08, 9.97839535444e-08, 5.22814787018e-08, 4.8596135116e-08, 9.50436618297e-09, 1.8732327689e-08, 1.74328409486e-08, 6.95202606593e-09, 7.02909153105e-09, 4.55211601746e-09, 8.04627420248e-10, 9.37653177324e-10, 1.20884902088e-09, 8.55340243078e-10, 3.39481642797e-09, 2.390563969e-09, 1.38007560935e-09, 1.70824021595e-09, 1.25858645728e-09, 5.29974730767e-10, 4.16748663357e-10, 5.98502747362e-10, 6.08885386555e-10],
        "stdev": [1.48474709931e-05, 0.000120657408843, 0.000171976964339, 0.000410169392126, 0.000317472789902, 0.000275037804386, 0.000397802068619, 0.000680741213728, 0.00152521510608, 0.00142350199167, 0.00107143842615, 0.000115858012578, 4.71526800538e-05, 7.55008513806e-05, 0.000177350870217, 0.000433259177953, 0.000190118415048, 0.000106554783997, 7.50103135942e-05, 7.16079739504e-05, 3.55322554242e-05, 4.39664909209e-05, 2.7844664146e-05, 1.44220739458e-05, 7.00093505657e-06, 9.03441741684e-06, 2.13742787309e-05, 4.1377065827e-06, 1.95703660211e-06, 3.35509935212e-06, 5.36949642083e-07, 1.15685861601e-06, 7.60404645916e-07, 6.68570180551e-07, 6.47083425065e-07, 6.24530741788e-07, 5.69667577111e-07, 6.88934846949e-07, 3.67190978068e-07, 1.60846283848e-07]
    },
    "melbands128": {
        "max": [2.30297755479e-05, 0.000106778301415, 0.000100443088741, 0.0001505556138, 0.00112916808575, 0.00159518595319, 0.0011642309837, 0.00205539865419, 0.0042185401544, 0.00708304205909, 0.00861685909331, 0.00528268609196, 0.00400511547923, 0.00482505839318, 0.00393099151552, 0.00298403250054, 0.00735304923728, 0.00563117768615, 0.0109226936474, 0.0125900218263, 0.0144251249731, 0.0141729898751, 0.0277735851705, 0.0178512986749, 0.0177680663764, 0.0203728154302, 0.0183699168265, 0.0195924378932, 0.00560257863253, 0.00437674531713, 0.00139079126529, 0.000824922521133, 0.000728199025616, 0.00103252218105, 0.00141157174949, 0.00154355750419, 0.00368983484805, 0.00335294939578, 0.00369083648548, 0.00556863006204, 0.00623502675444, 0.00524964556098, 0.00319167086855, 0.00348760583438, 0.00220892904326, 0.00170780031476, 0.0018816209631, 0.00160492141731, 0.00245947274379, 0.00298596383072, 0.00183077005204, 0.00191898189951, 0.000421424279921, 0.000639599340502, 0.00115172774531, 0.000938314769883, 0.00049963046331, 0.000445229932666, 0.000497824396007, 0.000290670897812, 0.000346158369211, 0.000177919035195, 0.000144934412674, 9.25260319491e-05, 3.23329950334e-05, 9.65715444181e-05, 0.000263993919361, 0.000289797142614, 0.000653228664305, 0.000120235112263, 6.17973928456e-05, 5.67658116779e-06, 1.32995919557e-05, 3.30921211571e-05, 7.87760072853e-05, 6.69462533551e-05, 7.58955866331e-05, 1.2424072338e-05, 2.94394772027e-06, 3.99773625759e-06, 1.14741724246e-05, 1.96595683519e-05, 2.02670817089e-05, 9.63423462963e-06, 2.01278771783e-06, 3.77568153453e-06, 1.19922860904e-05, 1.13664427772e-05, 1.20599233924e-05, 4.70939949082e-06, 2.83391364064e-06, 1.45789035741e-05, 2.1295996703e-05, 7.65773074818e-06, 3.84459099223e-06, 1.21561079141e-05, 1.54627214215e-05, 9.06506465981e-06, 3.96236737288e-06, 4.82036784888e-06, 4.59702323496e-06, 5.89557373587e-07, 7.95507617113e-07, 9.46843272231e-07, 1.17399747523e-06, 1.30497483042e-06, 1.38924031035e-06, 2.16169632949e-06, 9.73215378508e-07, 5.38470942502e-07, 8.62731155848e-07, 7.76368267452e-07, 2.96916982734e-06, 2.71552198683e-06, 3.16456817018e-06, 5.31921205038e-06, 8.8971586365e-07, 1.70619784967e-08, 1.62565072515e-08, 1.60650603931e-08, 1.58927377925e-08, 1.56536295037e-08, 1.54680908082e-08, 1.52922243757e-08, 1.51290340256e-08, 1.49378873715e-08, 1.4865678466e-08, 1.48057806015e-08],
        "mean": [4.10307757193e-06, 2.32436796068e-05, 2.17557008e-05, 1.48174513015e-05, 5.81042186241e-05, 0.000112716283184, 8.71904194355e-05, 8.79100552993e-05, 0.000120475051517, 0.00013721032883, 0.000173213862581, 0.000153677290655, 0.000210968762985, 0.000190718841623, 0.000200658440008, 0.000186092249351, 0.000159446979524, 0.000186743185623, 0.000355502299499, 0.000305444205878, 0.000325853005052, 0.000430553976912, 0.000856104539707, 0.000719986972399, 0.000561910390388, 0.00113373750355, 0.000876059639268, 0.000302427361021, 8.26977557153e-05, 4.61451963929e-05, 4.33022287325e-05, 3.0389859603e-05, 1.45775829878e-05, 1.68763235706e-05, 1.75778986886e-05, 3.03305405396e-05, 6.33736999589e-05, 8.5284220404e-05, 9.4407958386e-05, 0.000146179634612, 0.000331067160005, 0.000225826224778, 0.000100362587546, 9.75103321252e-05, 5.68853611185e-05, 5.90613126406e-05, 6.23497835477e-05, 3.58434044756e-05, 2.79042851616e-05, 1.84068394447e-05, 1.28510291688e-05, 9.69218217506e-06, 1.03813481473e-05, 1.65265137184e-05, 2.59988883045e-05, 2.72257420875e-05, 2.98315117107e-05, 2.23617953452e-05, 1.40394486152e-05, 1.26825107145e-05, 7.0326864261e-06, 3.80816436518e-06, 2.91174001177e-06, 2.42026953856e-06, 2.4316912004e-06, 5.06266087541e-06, 8.86342149897e-06, 1.32566465254e-05, 1.42929247886e-05, 6.41090537101e-06, 1.88621913821e-06, 4.31058992945e-07, 6.9704208272e-07, 1.59477554007e-06, 2.40219947045e-06, 2.85248847831e-06, 1.34289427933e-06, 6.10133497503e-07, 2.94926422839e-07, 3.9730329604e-07, 8.2619595787e-07, 1.53791086177e-06, 1.11571216621e-06, 6.64030437747e-07, 2.57652402524e-07, 3.95260485675e-07, 9.17492741337e-07, 7.68008362684e-07, 7.03799628354e-07, 2.68090303734e-07, 2.30583268035e-07, 5.60772548397e-07, 6.586377026e-07, 3.58181722504e-07, 1.58764322578e-07, 3.4255714354e-07, 6.18882324943e-07, 4.49254400792e-07, 1.63712186918e-07, 2.80398381847e-07, 2.61395825873e-07, 8.86644002662e-08, 6.90898218636e-08, 8.71727934282e-08, 7.8360521627e-08, 7.70235857317e-08, 6.06111072443e-08, 7.92504124547e-08, 7.51186490788e-08, 7.74397790337e-08, 8.6725023607e-08, 9.51304031105e-08, 1.85156963539e-07, 1.60031717655e-07, 2.30835382808e-07, 2.15858236174e-07, 6.49404299224e-08, 6.26642071566e-11, 1.38594188209e-11, 1.36354894389e-11, 1.34418049608e-11, 1.32211810944e-11, 1.3039401156e-11, 1.2869783364e-11, 1.27258776433e-11, 1.25708818355e-11, 1.25047394314e-11, 1.24505145777e-11],
        "min": [8.8591745051e-10, 4.37629630312e-08, 4.0580054872e-08, 1.06405060762e-07, 2.64856900856e-08, 1.38142386419e-08, 4.14772438617e-09, 8.81136141828e-09, 1.76972747568e-08, 3.08298844232e-08, 2.28804548641e-08, 3.977039853e-08, 3.65477603737e-08, 4.38035421269e-08, 6.16979676238e-08, 2.01975902669e-09, 6.55722516285e-08, 6.67308768243e-08, 6.01540932621e-08, 3.75805058184e-08, 1.36453293109e-08, 1.54919739259e-08, 3.06980467712e-08, 2.92278521385e-08, 1.55220689635e-08, 3.58984242332e-09, 1.46404999235e-09, 5.00146857263e-09, 6.46968656426e-09, 4.82008122304e-09, 3.48934525718e-09, 6.66152244477e-09, 1.38172158159e-08, 1.03830997134e-08, 2.0981246962e-08, 1.4431330797e-08, 2.98494917672e-08, 4.96617467149e-08, 3.07249123921e-08, 1.43261331687e-08, 7.73827935063e-08, 8.18258811819e-08, 2.84177215093e-08, 8.54987121102e-08, 1.1155114521e-07, 6.98882374195e-08, 7.40059107329e-08, 9.30502608298e-08, 1.05010428797e-07, 4.5019252326e-08, 5.2321582622e-09, 5.33693089722e-09, 4.25171116092e-08, 1.99532070866e-08, 7.71193864324e-09, 7.92195642418e-09, 1.32311361867e-08, 9.13347708575e-09, 3.08110905678e-08, 1.72862062442e-08, 1.33623201393e-08, 9.50648537668e-09, 5.78073677815e-09, 1.80266779282e-09, 6.72536160096e-09, 6.94851154392e-09, 7.5665207433e-09, 8.39453306867e-09, 2.78376077745e-09, 1.06049447002e-09, 7.62218621553e-10, 4.15003170717e-10, 1.37965427971e-09, 1.05766262415e-09, 4.19449613931e-10, 1.00638042344e-09, 2.12819251111e-09, 6.11200090539e-10, 5.67284441644e-10, 7.29347804374e-10, 2.54588705673e-09, 5.36409183738e-09, 4.38960512383e-09, 1.78402104201e-09, 9.6503893765e-10, 8.46595682447e-10, 1.51999401954e-09, 2.28530216972e-09, 2.02783523306e-09, 1.09207620724e-09, 8.36200053644e-10, 1.83648252161e-09, 1.13098641563e-09, 3.581432928e-10, 2.37055403085e-10, 1.90218688023e-10, 3.7896902283e-10, 9.19930298604e-10, 2.13338291477e-10, 5.42473621579e-10, 1.42252198909e-09, 2.78887385408e-10, 2.29601698765e-10, 3.42542133547e-10, 8.53682610713e-11, 1.9663781714e-10, 6.03840449864e-11, 8.46625200501e-11, 1.43256961849e-10, 2.32194319327e-10, 1.87749982228e-10, 1.23713678191e-10, 2.33033842223e-10, 2.74205713691e-10, 2.61781069044e-10, 2.13456641251e-10, 1.08000232021e-11, 3.30550582565e-13, 6.43402228739e-14, 6.31161586211e-14, 7.29962897311e-14, 5.30597938362e-14, 6.29047730788e-14, 5.09489064165e-14, 4.03079398201e-14, 3.60412688463e-14, 3.54777581553e-14, 3.6269476463e-14],
        "stdev": [3.89851174987e-06, 2.23970382649e-05, 1.91145900317e-05, 1.57550730364e-05, 0.000137325783726, 0.000224940406042, 0.000156906520715, 0.000182427713298, 0.000311637500999, 0.000453843415016, 0.000590508745518, 0.000353095529135, 0.000413840112742, 0.000398815172957, 0.000395015726099, 0.00032889470458, 0.000392820104025, 0.000426170037827, 0.000930796959437, 0.000857240171172, 0.000941074162256, 0.00121315079741, 0.00245462800376, 0.00206977780908, 0.00156236661132, 0.0025226783473, 0.00237085460685, 0.00151615682989, 0.000398054718971, 0.000175536129973, 0.000108636864752, 6.91321838531e-05, 4.93832303619e-05, 6.44147512503e-05, 6.26044493401e-05, 8.97036952665e-05, 0.000164590222994, 0.00023988749308, 0.000252691330388, 0.000403721554903, 0.000749322818592, 0.000513319799211, 0.000217637469177, 0.000233525381191, 0.000141889904626, 0.000152043256094, 0.000143829529407, 8.63552995725e-05, 0.000106134975795, 0.000100417288195, 9.36147989705e-05, 6.02007748967e-05, 2.82935252471e-05, 4.21167096647e-05, 6.74415423418e-05, 5.66117305425e-05, 4.95992571814e-05, 4.15491595049e-05, 2.96610214718e-05, 2.1370495233e-05, 1.67715279531e-05, 1.09434758997e-05, 9.99348412734e-06, 7.08091738488e-06, 3.70547309103e-06, 1.01296818684e-05, 1.70163548319e-05, 2.76373539236e-05, 3.81077334168e-05, 1.37907254611e-05, 4.29185411122e-06, 6.36823585864e-07, 1.09190045805e-06, 2.81820871351e-06, 4.50821926279e-06, 5.15163537784e-06, 3.36051311933e-06, 7.48749926061e-07, 3.05123023736e-07, 4.57937005649e-07, 9.42998156006e-07, 2.03913214136e-06, 1.44760713283e-06, 8.24157609713e-07, 2.48124308655e-07, 4.3853316356e-07, 1.1926526895e-06, 9.21735875181e-07, 9.1031034799e-07, 3.52650175728e-07, 3.07484839368e-07, 8.85275369455e-07, 1.1523949297e-06, 5.81225037877e-07, 2.09649442695e-07, 6.39005691028e-07, 1.03856905298e-06, 6.71292013976e-07, 2.34812176814e-07, 4.08112043715e-07, 3.32764642508e-07, 8.43850855858e-08, 6.27795913033e-08, 8.9952877147e-08, 8.83493527226e-08, 8.80804051917e-08, 7.56003615265e-08, 1.06428302615e-07, 8.39612042114e-08, 7.41821324368e-08, 7.78859714501e-08, 8.54315089782e-08, 2.11822225538e-07, 1.77894122544e-07, 2.86578341502e-07, 3.16066490313e-07, 6.96393129829e-08, 4.54372789394e-10, 4.24683843647e-10, 4.19684509367e-10, 4.15182305202e-10, 4.08930500573e-10, 4.04085848116e-10, 3.99493826908e-10, 3.95232013783e-10, 3.90239313086e-10, 3.88349408187e-10, 3.86784160256e-10]
    },
    "mfcc": {
        "mean": [-671.975769043, 102.942474365, -32.5916862488, -9.56344223022, -6.05354833603, -6.14811325073, -14.9787855148, -8.73114204407, -5.44616365433, 10.1609802246, 11.9603261948, 5.07566642761, -9.13472652435],
        "cov": [[2797.05566406, 530.886901855, 327.519744873, -5.69122648239, -588.712463379, -357.570129395, 39.8976325989, -254.656951904, -311.596130371, 12.6843309402, -116.55002594, -225.379608154, -289.250518799], [530.886901855, 793.656005859, 304.679870605, 7.6238079071, -275.739837646, -200.233917236, -19.8532276154, -177.968231201, -195.977172852, -47.3525886536, -75.5289764404, -129.705932617, -123.644836426], [327.519744873, 304.679870605, 395.809051514, 97.7717666626, -154.281005859, -41.411895752, 21.0021343231, -163.147750854, -153.972412109, 3.00937318802, -98.765953064, -116.818984985, -114.511161804], [-5.69122648239, 7.6238079071, 97.7717666626, 174.276153564, 69.5976638794, 1.30412900448, -27.1139240265, -74.0096511841, -50.8635063171, 15.1564159393, -61.1109619141, -54.0828399658, 4.76659870148], [-588.712463379, -275.739837646, -154.281005859, 69.5976638794, 325.195739746, 119.601768494, -79.1658935547, 60.1963806152, 109.613380432, -15.155374527, 28.6420345306, 59.5836791992, 117.007667542], [-357.570129395, -200.233917236, -41.411895752, 1.30412900448, 119.601768494, 185.46321106, 61.2953491211, 41.9313430786, 63.6065483093, 18.6034832001, 21.1403217316, 25.5855617523, 2.27427792549], [39.8976325989, -19.8532276154, 21.0021343231, -27.1139240265, -79.1658935547, 61.2953491211, 156.956268311, 49.4824562073, -4.55383586884, 30.517118454, 5.29379034042, -7.93269586563, -66.2333908081], [-254.656951904, -177.968231201, -163.147750854, -74.0096511841, 60.1963806152, 41.9313430786, 49.4824562073, 172.93598938, 108.163040161, -10.3608894348, 60.3397789001, 80.1620941162, 47.1047935486], [-311.596130371, -195.977172852, -153.972412109, -50.8635063171, 109.613380432, 63.6065483093, -4.55383586884, 108.163040161, 157.507354736, 19.7917118073, 51.0061416626, 65.4036636353, 48.4411315918], [12.6843309402, -47.3525886536, 3.00937318802, 15.1564159393, -15.155374527, 18.6034832001, 30.517118454, -10.3608894348, 19.7917118073, 87.7274703979, 9.30750274658, -12.158367157, -23.2701377869], [-116.55002594, -75.5289764404, -98.765953064, -61.1109619141, 28.6420345306, 21.1403217316, 5.29379034042, 60.3397789001, 51.0061416626, 9.30750274658, 97.3417510986, 63.662197113, 19.6624317169], [-225.379608154, -129.705932617, -116.818984985, -54.0828399658, 59.5836791992, 25.5855617523, -7.93269586563, 80.1620941162, 65.4036636353, -12.158367157, 63.662197113, 119.024887085, 79.3756332397], [-289.250518799, -123.644836426, -114.511161804, 4.76659870148, 117.007667542, 2.27427792549, -66.2333908081, 47.1047935486, 48.4411315918, -23.2701377869, 19.6624317169, 79.3756332397, 158.900115967]],
        "icov": [[0.000790513178799, 0.000382523634471, 0.000282133987639, -0.000154139779625, 0.000971163623035, 0.00105505564716, -4.79822410853e-05, 0.000658995937556, 0.000303601846099, 0.000342120736605, -5.21062866028e-05, 0.0003214852768, 0.00080241280375], [0.000382523634471, 0.00329593499191, -0.00130855862517, 0.000994924805127, 0.0005726715317, 0.00318891974166, -0.00109004811384, 0.00216566235758, 5.12644874107e-05, 0.00207502883859, -0.00111239717808, 0.00148764823098, 0.000407210114645], [0.000282133987639, -0.00130855862517, 0.00745398038998, -0.00363665213808, 0.00340042007156, -0.00291093718261, 0.00121389189735, 0.00181478424929, 0.00152625143528, 0.000485425931402, 0.00244456110522, -0.00109960627742, 0.00233447272331], [-0.000154139779625, 0.000994924805127, -0.00363665213808, 0.0158656332642, -0.00970328319818, 0.00510252825916, -0.00381774432026, 0.00232016202062, 0.00416276697069, -0.00471139140427, 0.00455626472831, 0.00208743847907, -0.00137565552723], [0.000971163623035, 0.0005726715317, 0.00340042007156, -0.00970328319818, 0.016975145787, -0.00941229145974, 0.00924531929195, -0.00256273709238, -0.003034026362, 0.00385269639082, -0.00262212520465, 0.00206623948179, -0.00201524188742], [0.00105505564716, 0.00318891974166, -0.00291093718261, 0.00510252825916, -0.00941229145974, 0.0198034383357, -0.0133468313143, 0.00869522988796, -0.00352131668478, 0.00208053435199, -0.000838787935209, -0.000280659325654, 0.00227974774316], [-4.79822410853e-05, -0.00109004811384, 0.00121389189735, -0.00381774432026, 0.00924531929195, -0.0133468313143, 0.0232839621603, -0.0149892829359, 0.00740397302434, -0.00629021832719, 0.00270419637673, -0.00121118023526, 0.00467780744657], [0.000658995937556, 0.00216566235758, 0.00181478424929, 0.00232016202062, -0.00256273709238, 0.00869522988796, -0.0149892829359, 0.0249510463327, -0.0115365860984, 0.00873936060816, -0.00323253520764, -0.00191444891971, -0.00160570780281], [0.000303601846099, 5.12644874107e-05, 0.00152625143528, 0.00416276697069, -0.003034026362, -0.00352131668478, 0.00740397302434, -0.0115365860984, 0.0214953515679, -0.00916186440736, 0.0032448489219, -0.00194786465727, 0.00303506432101], [0.000342120736605, 0.00207502883859, 0.000485425931402, -0.00471139140427, 0.00385269639082, 0.00208053435199, -0.00629021832719, 0.00873936060816, -0.00916186440736, 0.0197583530098, -0.00626644771546, 0.00333970901556, -0.000557161867619], [-5.21062866028e-05, -0.00111239717808, 0.00244456110522, 0.00455626472831, -0.00262212520465, -0.000838787935209, 0.00270419637673, -0.00323253520764, 0.0032448489219, -0.00626644771546, 0.0226270705462, -0.0112575786188, 0.00560955610126], [0.0003214852768, 0.00148764823098, -0.00109960627742, 0.00208743847907, 0.00206623948179, -0.000280659325654, -0.00121118023526, -0.00191444891971, -0.00194786465727, 0.00333970901556, -0.0112575786188, 0.0253349915147, -0.0107467714697], [0.00080241280375, 0.000407210114645, 0.00233447272331, -0.00137565552723, -0.00201524188742, 0.00227974774316, 0.00467780744657, -0.00160570780281, 0.00303506432101, -0.000557161867619, 0.00560955610126, -0.0107467714697, 0.0173388961703]]
    },
    "spectral_contrast_coeffs": {
        "max": [-0.392231345177, -0.453153640032, -0.465606808662, -0.5544231534, -0.582626402378, -0.709669351578],
        "mean": [-0.722554922104, -0.76414090395, -0.739810824394, -0.755653083324, -0.755904376507, -0.784368693829],
        "min": [-0.940075993538, -0.936013579369, -0.907967865467, -0.914282202721, -0.859241485596, -0.84672832489],
        "stdev": [0.100383207202, 0.0919950604439, 0.0944501161575, 0.0780458971858, 0.0410415008664, 0.0176015105098]
    },
    "spectral_contrast_valleys": {
        "max": [-6.12070989609, -4.82876396179, -5.38625669479, -6.00972032547, -6.74984264374, -9.04203414917],
        "mean": [-8.15454387665, -6.66557598114, -7.66757202148, -7.43760347366, -7.9169216156, -10.4132223129],
        "min": [-11.5840196609, -9.70143508911, -10.7917079926, -9.44076633453, -10.8281793594, -12.8849544525],
        "stdev": [0.77534198761, 0.742815077305, 0.552955448627, 0.496253788471, 0.449438661337, 0.448740690947]
    }
},
"rhythm": {
    "beats_count": 77,
    "beats_loudness": {
        "max": 0.0761473625898,
        "mean": 0.0254256594926,
        "min": 0.0004633012868,
        "stdev": 0.0203438252211
    },
    "bpm": 184.570327759,
    "bpm_histogram_first_peak_bpm": 185,
    "bpm_histogram_first_peak_weight": 0,
    "bpm_histogram_second_peak_bpm": 105,
    "bpm_histogram_second_peak_spread": 0.400000035763,
    "bpm_histogram_second_peak_weight": 0.118421055377,
    "danceability": 0.928340375423,
    "onset_rate": 2.47271227837,
    "beats_loudness_band_ratio": {
        "max": [0.287222802639, 0.78446161747, 0.932199776173, 0.515856444836, 0.614718139172, 0.190287977457],
        "mean": [0.0421507805586, 0.135371685028, 0.447955280542, 0.210323557258, 0.164433807135, 0.0414979234338],
        "min": [0.00146090914495, 0.00426272815093, 0.0381045900285, 0.0131758572534, 0.00981493480504, 0.00315451365896],
        "stdev": [0.0494432933629, 0.172239422798, 0.242967605591, 0.123534627259, 0.165424644947, 0.0372758246958]
    },
    "beats_position": [0.301859408617, 0.626938760281, 0.952018141747, 1.27709746361, 1.60217678547, 1.92725622654, 2.2523355484, 2.57741498947, 2.90249419212, 3.22757363319, 3.55265307426, 3.87773227692, 4.20281171799, 4.52789115906, 4.85297060013, 5.18965959549, 5.52634906769, 5.86303853989, 6.28099775314, 6.6989569664, 7.11691617966, 7.51165533066, 7.91800451279, 8.32435321808, 8.73070240021, 9.12544155121, 9.52018165588, 9.91492080688, 10.2980499268, 10.6811790466, 11.0643081665, 11.4474372864, 11.8189563751, 12.1672563553, 12.5155553818, 12.8638544083, 13.2121543884, 13.6301136017, 14.0480718613, 14.4660310745, 14.8607711792, 15.2671203613, 15.6734695435, 16.0682086945, 16.4745578766, 16.8809070587, 17.2756462097, 17.6703853607, 18.1115646362, 18.5643539429, 19.0055332184, 19.5047607422, 20.0156002045, 20.5264396667, 21.0953292847, 21.6526069641, 22.221496582, 22.7903842926, 23.3592739105, 23.8701133728, 24.3925609589, 24.9150104523, 25.4722900391, 26.0411777496, 26.6216773987, 27.1905670166, 27.747844696, 28.316734314, 28.8856239319, 29.4429016113, 30.0117912292, 30.5574588776, 31.1031284332, 31.6487979889, 32.2060775757, 32.7517471313, 33.2974128723],
