{
"metadata": {
    "version": {
        "essentia": "2.1-beta5",
        "essentia_git_sha": "Undefined",
        "extractor": "music 2.0"
    },
    "audio_properties": {
        "analysis": {
            "equal_loudness": 0,
            "length": 32.4963264465,
            "sample_rate": 44100,
            "start_time": 61.4980506897,
            "downmix": "mix"
        },
        "bit_rate": 192000,
        "length": 274.413421631,
        "lossless": 0,
        "number_channels": 2,
        "replay_gain": -8.54860687256,
        "sample_rate": 44100,
        "codec": "mp3",
        "md5_encoded": "6f44740c76c07b5f290ae19b93e0dad9"
    },
    "tags": {
        "file_name": "Finland_Pump-pump_Fredi and The Friends.mp3",
        "encoding": ["Lavf58.29.100"]
    }
},
"lowlevel": {
    "average_loudness": 0.0597773790359,
    "barkbands_crest": {
        "max": 24.7997188568,
        "mean": 12.5222358704,
        "min": 2.89646267891,
        "stdev": 5.90231227875
    },
    "barkbands_flatness_db": {
        "max": 0.335530072451,
        "mean": 0.174695089459,
        "min": 0.0470985919237,
        "stdev": 0.0699368342757
    },
    "barkbands_kurtosis": {
        "max": 172.395095825,
        "mean": 11.9212770462,
        "min": -1.82432806492,
        "stdev": 20.3629207611
    },
    "barkbands_skewness": {
        "max": 11.6419630051,
        "mean": 1.56704437733,
        "min": -4.12743282318,
        "stdev": 2.39982461929
    },
    "barkbands_spread": {
        "max": 48.0811767578,
        "mean": 13.2174758911,
        "min": 0.711641609669,
        "stdev": 8.93825340271
    },
    "dissonance": {
        "max": 0.499999940395,
        "mean": 0.461102515459,
        "min": 0.223511368036,
        "stdev": 0.0428323373199
    },
    "dynamic_complexity": 11.6102380753,
    "erbbands_crest": {
        "max": 32.7728233337,
        "mean": 11.8907184601,
        "min": 2.72724199295,
        "stdev": 6.32964706421
    },
    "erbbands_flatness_db": {
        "max": 0.368539243937,
        "mean": 0.184734538198,
        "min": 0.0615410730243,
        "stdev": 0.0656074881554
    },
    "erbbands_kurtosis": {
        "max": 113.474250793,
        "mean": 5.38641119003,
        "min": -1.68017697334,
        "stdev": 11.5187578201
    },
    "erbbands_skewness": {
        "max": 6.09192371368,
        "mean": 0.470618605614,
        "min": -5.09529352188,
        "stdev": 1.58141577244
    },
    "erbbands_spread": {
        "max": 101.620765686,
        "mean": 26.7440338135,
        "min": 0.883950173855,
        "stdev": 22.9131355286
    },
    "hfc": {
        "max": 194.703857422,
        "mean": 10.713932991,
        "min": 0.00353588839062,
        "stdev": 24.7263698578
    },
    "loudness_ebu128": {
        "integrated": -17.7364711761,
        "loudness_range": 13.7930030823,
        "momentary": {
            "max": -10.1390333176,
            "mean": -26.6692295074,
            "min": -47.5960388184,
            "stdev": 10.3102865219
        },
        "short_term": {
            "max": -12.5250759125,
            "mean": -24.2964172363,
            "min": -45.3243713379,
            "stdev": 9.19453907013
        }
    },
    "melbands_crest": {
        "max": 35.0213623047,
        "mean": 15.4291772842,
        "min": 3.73271584511,
        "stdev": 7.46487760544
    },
    "melbands_flatness_db": {
        "max": 0.447649925947,
        "mean": 0.248450219631,
        "min": 0.0471922978759,
        "stdev": 0.104275487363
    },
    "melbands_kurtosis": {
        "max": 380.358398438,
        "mean": 24.8140506744,
        "min": -1.86228442192,
        "stdev": 46.665687561
    },
    "melbands_skewness": {
        "max": 15.753575325,
        "mean": 2.38146781921,
        "min": -3.03082704544,
        "stdev": 3.18152880669
    },
    "melbands_spread": {
        "max": 81.6070022583,
        "mean": 22.2835426331,
        "min": 0.879091382027,
        "stdev": 20.7837371826
    },
    "pitch_salience": {
        "max": 0.841129124165,
        "mean": 0.516427457333,
        "min": 0.0948858931661,
        "stdev": 0.171636626124
    },
    "silence_rate_20dB": {
        "max": 1,
        "mean": 1,
        "min": 1,
        "stdev": 0
    },
    "silence_rate_30dB": {
        "max": 1,
        "mean": 0.990720927715,
        "min": 0,
        "stdev": 0.0958792194724
    },
    "silence_rate_60dB": {
        "max": 1,
        "mean": 0.613847255707,
        "min": 0,
        "stdev": 0.48686388135
    },
    "spectral_centroid": {
        "max": 2857.59130859,
        "mean": 1152.25024414,
        "min": 263.857666016,
        "stdev": 738.988098145
    },
    "spectral_complexity": {
        "max": 51,
        "mean": 8.4189863205,
        "min": 0,
        "stdev": 10.7636995316
    },
    "spectral_decrease": {
        "max": -1.95844924479e-12,
        "mean": -2.24192930887e-09,
        "min": -4.63312623822e-08,
        "stdev": 4.90997775771e-09
    },
    "spectral_energy": {
        "max": 0.190082356334,
        "mean": 0.0094333384186,
        "min": 7.71232589614e-06,
        "stdev": 0.0205506067723
    },
    "spectral_energyband_high": {
        "max": 0.00630822498351,
        "mean": 0.000235675528529,
        "min": 1.9356977532e-07,
        "stdev": 0.000677564647049
    },
    "spectral_energyband_low": {
        "max": 0.019382217899,
        "mean": 0.000826458679512,
        "min": 4.74819034935e-06,
        "stdev": 0.00237504998222
    },
    "spectral_energyband_middle_high": {
        "max": 0.137052610517,
        "mean": 0.00423599360511,
        "min": 3.46862293554e-07,
        "stdev": 0.0109724914655
    },
    "spectral_energyband_middle_low": {
        "max": 0.122055411339,
        "mean": 0.00484142079949,
        "min": 1.52575205448e-06,
        "stdev": 0.0117830466479
    },
    "spectral_entropy": {
        "max": 8.20756435394,
        "mean": 7.20783615112,
        "min": 5.32270622253,
        "stdev": 0.7138890028
    },
    "spectral_flux": {
        "max": 0.367041260004,
        "mean": 0.0371935367584,
        "min": 0.00140134221874,
        "stdev": 0.0501645207405
    },
    "spectral_kurtosis": {
        "max": 32.0750732422,
        "mean": 8.66097164154,
        "min": 1.74986362457,
        "stdev": 5.37237930298
    },
    "spectral_rms": {
        "max": 0.0136178629473,
        "mean": 0.00210036640055,
        "min": 8.67422641022e-05,
        "stdev": 0.00218900176696
    },
    "spectral_rolloff": {
        "max": 4672.70507812,
        "mean": 1184.17358398,
        "min": 64.599609375,
        "stdev": 1014.20404053
    },
    "spectral_skewness": {
        "max": 4.62897539139,
        "mean": 2.29261612892,
        "min": 1.19186866283,
        "stdev": 0.699598491192
    },
    "spectral_spread": {
        "max": 11182373,
        "mean": 4093771.5,
        "min": 2033189.625,
        "stdev": 1103033.25
    },
    "spectral_strongpeak": {
        "max": 10.3261375427,
        "mean": 0.76831638813,
        "min": 0.0023563830182,
        "stdev": 1.32771062851
    },
    "zerocrossingrate": {
        "max": 0.1455078125,
        "mean": 0.0494059771299,
        "min": 0.00537109375,
        "stdev": 0.0358364135027
    },
    "barkbands": {
        "max": [9.21195824048e-05, 0.00100141949952, 0.0081299720332, 0.0163075178862, 0.0193459857255, 0.0550477840006, 0.0340458527207, 0.0542307943106, 0.0692465752363, 0.0966120734811, 0.0117712868378, 0.0311150085181, 0.0224016737193, 0.0339929014444, 0.0194906052202, 0.0417936034501, 0.0139947356656, 0.00683116726577, 0.00483221607283, 0.00280333659612, 0.00324165122584, 0.00188013468869, 0.0010937404586, 0.00104034191463, 0.000567617476918, 0.000476552406326, 6.11447831034e-05],
        "mean": [1.31930355565e-05, 0.000183923024451, 0.00020786980167, 0.000541219429579, 0.00086749374168, 0.000745175755583, 0.000693170004524, 0.000629740417935, 0.000897437625099, 0.000858903629705, 0.000132646600832, 0.000260799075477, 0.000508629716933, 0.00128041382413, 0.000435895839473, 0.000205825563171, 0.000411935645388, 0.000199488727958, 8.18724583951e-05, 5.21266447322e-05, 6.1820166593e-05, 4.68004836875e-05, 3.63494109479e-05, 4.0044542402e-05, 1.63410441019e-05, 2.30861896853e-05, 1.14422596198e-06],
        "min": [1.49657193305e-08, 7.3399280609e-07, 4.46287913292e-08, 1.68757949837e-08, 2.60721662926e-07, 9.57245376298e-08, 3.45218467146e-08, 1.61105973007e-08, 3.7368021566e-08, 1.12187086287e-08, 5.12776754391e-09, 8.21257195582e-09, 2.17759499321e-08, 1.28250894349e-08, 1.77569283721e-08, 3.79189231126e-08, 2.07120880447e-08, 1.28822117418e-08, 1.14618066149e-08, 3.51642839291e-08, 1.41045148894e-08, 2.44903137769e-08, 1.69351555002e-08, 3.26126041728e-08, 1.18020118123e-08, 1.48071430672e-08, 8.63390123285e-11],
        "stdev": [1.09556631287e-05, 0.000137705341331, 0.000780510075856, 0.00203353143297, 0.00178950408008, 0.00251448363997, 0.00241414597258, 0.0030838388484, 0.0048397067003, 0.00543738063425, 0.000668314343784, 0.00169444782659, 0.00155791302677, 0.00330248777755, 0.0014096890809, 0.00174181908369, 0.00135490926914, 0.000683607184328, 0.000289098417852, 0.00019231645274, 0.000192978492123, 0.000148952720338, 0.000112081201223, 0.000115336828458, 4.7037130571e-05, 6.27354020253e-05, 3.61041497854e-06]
    },
    "erbbands": {
        "max": [0.0410710573196, 0.235109657049, 5.183573246, 44.2453651428, 37.719127655, 81.5704498291, 239.810668945, 465.656921387, 454.364105225, 499.784729004, 1363.53027344, 2163.85546875, 3229.14208984, 2229.45214844, 459.995483398, 1374.53625488, 867.285705566, 1616.79199219, 1095.71911621, 1776.25024414, 1520.8137207, 780.163452148, 467.231872559, 109.594947815, 359.46572876, 121.533233643, 140.831695557, 77.7024307251, 96.4246139526, 33.5513496399, 32.8223152161, 20.6592636108, 19.3476963043, 10.3089380264, 1.50864136219, 1.00132322311, 1.29709470272, 0.339448064566, 0.00616940530017, 0.00030177005101],
        "mean": [0.00868448894471, 0.0294298864901, 0.153208836913, 1.44904279709, 1.38155007362, 3.54609441757, 3.78426122665, 6.59100484848, 11.3061103821, 10.5183734894, 15.2707424164, 20.6652736664, 31.9048023224, 11.6475086212, 5.8961224556, 12.178694725, 23.5244445801, 64.7803268433, 33.103099823, 17.6582164764, 12.911359787, 22.8671226501, 14.2570161819, 3.06902503967, 5.43281078339, 2.36106228828, 2.53910279274, 1.8215007782, 2.08300614357, 1.16171956062, 0.978697538376, 0.815908312798, 0.675523161888, 0.283424496651, 0.0681137293577, 0.0396748892963, 0.0504622086883, 0.0132021810859, 0.000239577129832, 1.83486863534e-05],
        "min": [1.30285625346e-05, 0.000259634514805, 0.000533278100193, 0.000279753352515, 0.000323652959196, 0.000697166135069, 0.000860882631969, 0.000516563595738, 0.000553597754333, 0.000817436375655, 0.000521834415849, 0.000712786219083, 0.000455419532955, 0.000308133370709, 0.000303625478409, 0.00050367397489, 0.000794773572125, 0.000801114772912, 0.000982624362223, 0.00300117582083, 0.000882305786945, 0.00147780508269, 0.000801159534603, 0.00046587450197, 0.000883404689375, 0.00217492156662, 0.000733574095648, 0.000534863385838, 0.000881830579601, 0.000715240661521, 0.000495499349199, 0.000779865018558, 0.000386117375456, 0.000207384553505, 3.62089231203e-05, 2.24756931857e-05, 3.04157329083e-05, 7.34716377337e-06, 1.50624359208e-07, 1.51075827404e-08],
        "stdev": [0.0064159585163, 0.0269351769239, 0.527075946331, 5.44088411331, 3.84866833687, 7.33757066727, 11.1041898727, 22.7321014404, 37.8210411072, 38.4288368225, 87.7202911377, 114.841316223, 169.786056519, 89.0680084229, 32.3391304016, 72.3497543335, 66.8257293701, 163.982299805, 83.4253768921, 87.0684661865, 66.8914794922, 76.3212890625, 47.2031517029, 9.55144786835, 20.0198440552, 8.32144546509, 8.0812921524, 5.54620170593, 6.78684043884, 3.53656005859, 3.00264406204, 2.36949753761, 1.99669611454, 0.838557600975, 0.186092734337, 0.108098506927, 0.140195116401, 0.0363862477243, 0.00065191462636, 3.99504060624e-05]
    },
    "gfcc": {
        "mean": [-162.651733398, 85.0955505371, -101.139877319, 16.5608100891, -43.9489631653, 14.2303609848, -40.8912506104, 7.08849430084, -13.4609098434, 13.0162277222, -13.3857107162, 4.06156349182, -12.5945653915],
        "cov": [[19360.4277344, -3019.94189453, -4082.24511719, -2388.43579102, -1156.46008301, -442.49887085, -750.234741211, -342.175628662, -27.7558822632, 504.477264404, -238.60736084, 7.78591775894, -328.814605713], [-3019.94189453, 1988.76818848, 1474.5065918, 28.2642688751, -113.283370972, -278.887145996, 66.8695373535, -223.286560059, -281.218322754, -339.08795166, -79.6856384277, -225.171859741, 57.1570777893], [-4082.24511719, 1474.5065918, 1631.22802734, 491.018035889, -5.2840013504, -156.745635986, 61.2287063599, -168.526535034, -192.325332642, -279.560058594, -73.0523910522, -222.112884521, 54.4440956116], [-2388.43579102, 28.2642688751, 491.018035889, 627.720031738, 254.568862915, 68.4210128784, -6.28661680222, 35.6904067993, 52.0671920776, -30.7412967682, 22.1864948273, -3.04655718803, 31.1827430725], [-1156.46008301, -113.283370972, -5.2840013504, 254.568862915, 377.491424561, 213.671234131, -4.86854457855, -7.89914464951, 31.164484024, 32.2047386169, 41.1103134155, 91.6673431396, 25.953496933], [-442.49887085, -278.887145996, -156.745635986, 68.4210128784, 213.671234131, 288.819732666, 79.4588928223, 2.14589262009, 1.87835609913, 42.3445739746, 21.2306404114, 73.2185287476, -16.7063522339], [-750.234741211, 66.8695373535, 61.2287063599, -6.28661680222, -4.86854457855, 79.4588928223, 223.851699829, 145.76776123, 6.53796863556, -48.1217918396, 16.5490589142, 18.3588008881, 13.2286329269], [-342.175628662, -223.286560059, -168.526535034, 35.6904067993, -7.89914464951, 2.14589262009, 145.76776123, 265.815734863, 142.213241577, 14.4081840515, 43.1854858398, 49.6593132019, 13.5803546906], [-27.7558822632, -281.218322754, -192.325332642, 52.0671920776, 31.164484024, 1.87835609913, 6.53796863556, 142.213241577, 173.855987549, 106.246574402, 38.5371856689, 29.8698539734, -5.09906959534], [504.477264404, -339.08795166, -279.560058594, -30.7412967682, 32.2047386169, 42.3445739746, -48.1217918396, 14.4081840515, 106.246574402, 180.504058838, 64.7058792114, 29.6588230133, -33.4252586365], [-238.60736084, -79.6856384277, -73.0523910522, 22.1864948273, 41.1103134155, 21.2306404114, 16.5490589142, 43.1854858398, 38.5371856689, 64.7058792114, 123.899650574, 84.6256713867, 0.0820104032755], [7.78591775894, -225.171859741, -222.112884521, -3.04655718803, 91.6673431396, 73.2185287476, 18.3588008881, 49.6593132019, 29.8698539734, 29.6588230133, 84.6256713867, 151.827941895, 45.7341804504], [-328.814605713, 57.1570777893, 54.4440956116, 31.1827430725, 25.953496933, -16.7063522339, 13.2286329269, 13.5803546906, -5.09906959534, -33.4252586365, 0.0820104032755, 45.7341804504, 78.2684020996]],
        "icov": [[0.000527181313373, 0.000713301938958, 0.000940340803936, 0.00100431300234, 0.00012213383161, 0.00131916371174, -3.33018069796e-05, 0.00159580551554, -0.000157325383043, 0.0011144549353, -0.000136835631565, 0.000927736342419, 0.000533161044586], [0.000713301938958, 0.00892279855907, -0.0064682494849, 0.00996060110629, -0.00810783915222, 0.00932565238327, -0.00416622776538, 0.00617330148816, -0.00323635991663, 0.00733512453735, -0.00451101502404, 0.0039495206438, 0.00194232026115], [0.000940340803936, -0.0064682494849, 0.0132149904966, -0.00910153053701, 0.00835502985865, -0.00360567751341, -0.00131689163391, 0.00734791299328, -0.00325377169065, 0.00367641518824, -0.00301208486781, 0.00679278373718, -0.00409273104742], [0.00100431300234, 0.00996060110629, -0.00910153053701, 0.0159956477582, -0.0110651198775, 0.00908814463764, -1.9865025024e-05, 0.00181178411003, -0.00195938232355, 0.00662987586111, -0.00395366782323, 0.00394405703992, 0.00260484497994], [0.00012213383161, -0.00810783915222, 0.00835502985865, -0.0110651198775, 0.0173564124852, -0.0144813712686, 0.00733722979203, -0.00327469268814, 0.00108754308894, -0.00386174442247, 0.0024171252735, -0.0028161725495, -0.00442297616974], [0.00131916371174, 0.00932565238327, -0.00360567751341, 0.00908814463764, -0.0144813712686, 0.0267360545695, -0.0173384267837, 0.016770388931, -0.00467300741002, 0.00467615760863, 0.00370896677487, -0.00472445925698, 0.0125977629796], [-3.33018069796e-05, -0.00416622776538, -0.00131689163391, -1.9865025024e-05, 0.00733722979203, -0.0173384267837, 0.0296363160014, -0.0311475209892, 0.0209341198206, -0.0111006135121, 0.00276475027204, 0.000648600107525, -0.00567065086216], [0.00159580551554, 0.00617330148816, 0.00734791299328, 0.00181178411003, -0.00327469268814, 0.016770388931, -0.0311475209892, 0.0539122074842, -0.0426535792649, 0.0324113555253, -0.0160516183823, 0.0102836806327, 0.00200909329578], [-0.000157325383043, -0.00323635991663, -0.00325377169065, -0.00195938232355, 0.00108754308894, -0.00467300741002, 0.0209341198206, -0.0426535792649, 0.051080968231, -0.0358802825212, 0.0184013433754, -0.0102386027575, 0.00121922360267], [0.0011144549353, 0.00733512453735, 0.00367641518824, 0.00662987586111, -0.00386174442247, 0.00467615760863, -0.0111006135121, 0.0324113555253, -0.0358802825212, 0.0440190210938, -0.0291496794671, 0.0231822580099, -0.00439649214968], [-0.000136835631565, -0.00451101502404, -0.00301208486781, -0.00395366782323, 0.0024171252735, 0.00370896677487, 0.00276475027204, -0.0160516183823, 0.0184013433754, -0.0291496794671, 0.0420497879386, -0.0365087278187, 0.018736872822], [0.000927736342419, 0.0039495206438, 0.00679278373718, 0.00394405703992, -0.0028161725495, -0.00472445925698, 0.000648600107525, 0.0102836806327, -0.0102386027575, 0.0231822580099, -0.0365087278187, 0.0487579591572, -0.0264707561582], [0.000533161044586, 0.00194232026115, -0.00409273104742, 0.00260484497994, -0.00442297616974, 0.0125977629796, -0.00567065086216, 0.00200909329578, 0.00121922360267, -0.00439649214968, 0.018736872822, -0.0264707561582, 0.0338223651052]]
    },
    "melbands": {
        "max": [0.000323906249832, 0.00226259091869, 0.00650127325207, 0.00415977323428, 0.00729749258608, 0.0102766295895, 0.00620241835713, 0.00694545451552, 0.0125225251541, 0.0138277970254, 0.0163364298642, 0.00942645221949, 0.00126598740462, 0.00251459982246, 0.00403724936768, 0.00175875320565, 0.00371574284509, 0.00190755305812, 0.00184825318865, 0.00380963622592, 0.00146380474325, 0.000922204868402, 0.000628022709861, 0.000227720563998, 7.82282149885e-05, 0.000249346718192, 0.000231139682001, 6.05443528912e-05, 7.36848523957e-05, 9.59729368333e-05, 2.69689626293e-05, 5.85969391977e-05, 3.29896247422e-05, 2.35999377765e-05, 2.38347001869e-05, 1.22950068544e-05, 1.16030623758e-05, 1.46573975144e-05, 1.01335881482e-05, 7.20924072084e-06],
        "mean": [6.1174709117e-05, 8.57928389451e-05, 0.000218643705011, 0.000177850335604, 0.000143823417602, 0.000156758338562, 0.000167313424754, 0.000117297910037, 0.00013155459601, 0.000129786712932, 0.000159389441251, 4.97143955727e-05, 1.78945083462e-05, 2.42300993705e-05, 3.84883787774e-05, 6.28776106169e-05, 0.000131521694129, 5.82623506489e-05, 3.19905120705e-05, 1.58619550348e-05, 1.53442815645e-05, 2.44676593866e-05, 2.02584596991e-05, 6.79917275193e-06, 1.71487999978e-06, 3.70805287275e-06, 3.61453544429e-06, 9.91492470348e-07, 1.2338017541e-06, 1.96097585103e-06, 6.76259958254e-07, 1.19259618714e-06, 8.70722942636e-07, 6.64969263653e-07, 6.65341076456e-07, 4.61044692202e-07, 4.40466465079e-07, 5.06578373916e-07, 3.39103422675e-07, 1.89607263223e-07],
        "min": [1.67973283283e-07, 6.81914627876e-07, 4.40261409551e-08, 5.24187839801e-08, 3.9203445823e-08, 1.21208723058e-08, 8.76296812891e-09, 8.55074144823e-09, 3.2806788397e-09, 4.47909220824e-09, 2.2769215402e-09, 1.27037746989e-09, 7.47772288534e-10, 6.73341160606e-10, 1.09176823138e-09, 1.80454484688e-09, 1.31950550486e-09, 9.2222052217e-10, 3.57005025542e-09, 2.80562328925e-09, 4.39468100799e-10, 1.37281419565e-09, 8.24241008779e-10, 4.8572579292e-10, 2.70581140827e-10, 4.14057815812e-10, 8.21570034226e-10, 1.41705058798e-09, 2.86713264241e-10, 3.27781829457e-10, 2.69579053525e-10, 3.56243978761e-10, 6.28588070484e-10, 2.36405839349e-10, 2.5242613555e-10, 3.01542846248e-10, 4.79575823498e-10, 1.95310254081e-10, 2.81154433068e-10, 1.11759761168e-10],
        "stdev": [4.53354878118e-05, 0.000269286538241, 0.000781910668593, 0.000396012153942, 0.000364388019079, 0.000535405182745, 0.0005533877993, 0.000439784984337, 0.00080833066022, 0.000700105039869, 0.000871234864462, 0.000418644078309, 9.32975744945e-05, 0.000148115839693, 0.000201305374503, 0.000176142915734, 0.000346983113559, 0.000149334955495, 0.000115996474051, 0.00014456124336, 6.79334552842e-05, 8.29251221148e-05, 6.81589663145e-05, 2.21457794396e-05, 5.79449579163e-06, 1.35663594847e-05, 1.36325043059e-05, 3.61941397387e-06, 4.07389234169e-06, 6.09502467341e-06, 2.09176846511e-06, 3.91576168113e-06, 2.80521749119e-06, 2.1001251298e-06, 2.1079056296e-06, 1.35852826588e-06, 1.29509840008e-06, 1.51091194311e-06, 9.99631765808e-07, 5.66303697269e-07]
    },
    "melbands128": {
        "max": [8.14667000668e-05, 0.000335907883709, 0.00048337422777, 0.000348793430021, 0.000889764109161, 0.0052802064456, 0.0114614292979, 0.00598886329681, 0.00310119870119, 0.00620291987434, 0.00507784681395, 0.00429992983118, 0.00935547985137, 0.0214431304485, 0.0148448701948, 0.0101009821519, 0.011907950975, 0.0101400436834, 0.0140431523323, 0.00893531087786, 0.0138709824532, 0.0134241525084, 0.0234001390636, 0.0244211480021, 0.0202055890113, 0.017638290301, 0.0208525583148, 0.0265700854361, 0.0281331967562, 0.0163273736835, 0.0126667125151, 0.00164924084675, 0.00188628130127, 0.00258629070595, 0.00391957908869, 0.00250617554411, 0.00828215107322, 0.00657597230747, 0.00443686638027, 0.00255219708197, 0.00254078325815, 0.00481534795836, 0.00296433269978, 0.0093209631741, 0.00227269669995, 0.00158433127217, 0.00240110396408, 0.00287904473953, 0.00335113750771, 0.00354782212526, 0.00648427335545, 0.00244882469997, 0.00191035098396, 0.000958213408012, 0.000971452391241, 0.00133375101723, 0.00116859690752, 0.000825865310617, 0.000771672115661, 0.000641359307338, 0.000300529878587, 9.59458120633e-05, 9.40698591876e-05, 7.81557537266e-05, 0.000182966134162, 0.000179405178642, 0.000569586816709, 0.000376942683943, 0.000236183361267, 0.000108844033093, 8.96523488336e-05, 1.78328427864e-05, 2.68183193839e-05, 9.09027221496e-05, 0.000114557129564, 0.000129171196022, 7.09816958988e-05, 6.39455902274e-05, 1.22635447042e-05, 2.46932595473e-05, 4.43551289209e-05, 9.80277181952e-05, 6.85700215399e-05, 4.07318875659e-05, 1.18563812066e-05, 1.12165116661e-05, 3.93732589146e-05, 4.66320743726e-05, 3.47422428604e-05, 1.65992914845e-05, 1.21122029668e-05, 1.61097414093e-05, 1.85764565686e-05, 1.90350037883e-05, 6.56207339489e-06, 1.16147120934e-05, 2.67650502792e-05, 1.66168210853e-05, 5.13686472914e-06, 1.77185083885e-05, 1.57118138304e-05, 2.58299610323e-06, 1.74455374236e-06, 1.98634188564e-06, 2.68308917839e-06, 1.79066876171e-06, 1.57492297603e-06, 1.81024631729e-06, 2.26639349421e-06, 2.11945734918e-06, 2.24574341701e-06, 1.82665166903e-06, 8.88682097866e-06, 4.77511048302e-06, 6.17667637925e-06, 6.39168274574e-06, 2.129916993e-06, 6.03166583346e-08, 1.22956391735e-08, 2.09313744115e-09, 2.03763561579e-09, 1.99331262607e-09, 1.95083926791e-09, 1.92126270449e-09, 1.89249593774e-09, 1.86897630705e-09, 1.85404691599e-09, 1.8466540519e-09],
        "mean": [1.27786188386e-05, 8.02986251074e-05, 7.6793396147e-05, 3.49980437022e-05, 2.11558708543e-05, 0.000137880459079, 0.00035987017327, 0.000183158670552, 9.50664907577e-05, 0.000206530690775, 0.000203833289561, 0.000190488382941, 0.000125489386846, 9.25157582969e-05, 0.000100488039607, 0.000239181725192, 0.000236069681705, 0.000135227746796, 0.000115630798973, 0.000109674248961, 0.000128492669319, 0.000102340280137, 0.000145048717968, 0.000142945937114, 0.000130572603666, 0.000122424971778, 0.00012362866255, 0.000224361734581, 0.000130806962261, 5.03420196765e-05, 3.05626817863e-05, 1.97591834876e-05, 1.5174242435e-05, 1.81015930139e-05, 1.90346727322e-05, 2.16491462197e-05, 4.04183811042e-05, 3.90653367504e-05, 3.6397970689e-05, 4.80222734041e-05, 6.46295011393e-05, 9.04223197722e-05, 0.000121591489005, 0.000205271484447, 5.09129386046e-05, 3.92495057895e-05, 3.98787778977e-05, 3.85935964005e-05, 2.4827722882e-05, 2.00314916583e-05, 1.6123871319e-05, 9.3423323051e-06, 1.21475559354e-05, 1.69815921254e-05, 2.51199671766e-05, 2.56586808973e-05, 2.39755208895e-05, 2.28718072321e-05, 2.02895389521e-05, 1.259144301e-05, 6.05465174885e-06, 2.51168785326e-06, 1.24324458284e-06, 1.3469981468e-06, 2.55425766227e-06, 3.35269874085e-06, 4.95867743666e-06, 4.73134423373e-06, 3.25570431414e-06, 2.18457853407e-06, 9.47165176512e-07, 3.22434573263e-07, 5.70871463879e-07, 1.36238111281e-06, 1.99802343559e-06, 2.45453225034e-06, 1.80366839686e-06, 1.00992099306e-06, 3.52556781991e-07, 4.4499003593e-07, 1.06807385691e-06, 1.57075010065e-06, 1.48534195432e-06, 8.27663939162e-07, 3.15900678061e-07, 3.67220422959e-07, 8.91395359304e-07, 1.05369520043e-06, 7.6842462704e-07, 2.81880090824e-07, 2.32589627558e-07, 5.72401404497e-07, 7.39545157558e-07, 4.98192946452e-07, 1.60842134278e-07, 3.7440705114e-07, 7.14397060619e-07, 5.38823599072e-07, 1.83605976645e-07, 3.53953680587e-07, 3.76660892698e-07, 9.39500210961e-08, 6.99322910691e-08, 7.70780985704e-08, 8.14878617916e-08, 5.60328210497e-08, 5.53820491689e-08, 6.48968239148e-08, 5.79581858062e-08, 6.46041655727e-08, 8.85063400347e-08, 8.8249400676e-08, 2.37573900108e-07, 1.74677722953e-07, 2.45012330424e-07, 2.12579408299e-07, 4.96259779936e-08, 1.08386848108e-10, 1.30950111865e-11, 3.60625700309e-12, 3.54503080537e-12, 3.49901683148e-12, 3.44991830242e-12, 3.40472572011e-12, 3.36770411904e-12, 3.3420575335e-12, 3.32051595421e-12, 3.30386586145e-12],
        "min": [7.18850590165e-10, 4.81603805724e-08, 6.16273609921e-08, 4.36622173083e-07, 6.03541110422e-08, 2.60877222047e-08, 5.62520074965e-09, 6.88799417503e-09, 9.88535742152e-09, 1.21792806951e-08, 9.56917389772e-09, 8.66328786486e-09, 1.19832526124e-08, 6.11217787494e-09, 1.42957712335e-09, 4.1836778486e-09, 2.61012100822e-09, 3.30082006172e-09, 4.90604445957e-09, 5.11030240347e-09, 3.28389870852e-09, 1.03795150252e-09, 9.09814223959e-10, 1.4974119722e-09, 1.58159774166e-09, 1.06123487775e-09, 1.05391051441e-09, 6.23877338679e-10, 7.58505092069e-10, 4.01353339452e-10, 3.53503698536e-10, 2.74230305131e-10, 1.52228576966e-10, 2.09750675162e-10, 6.44739428513e-10, 3.74172637319e-10, 6.51149023589e-10, 4.23868773414e-10, 6.09869876822e-10, 5.50835377311e-10, 1.31849275942e-09, 1.77758763265e-09, 5.62161261985e-10, 8.76411387907e-10, 4.89805529469e-10, 4.87651585779e-10, 5.71651670445e-10, 3.6261002534e-10, 8.50615022863e-10, 3.74687170179e-09, 1.15419562796e-09, 3.19638121526e-10, 3.90849463905e-10, 2.09884512548e-10, 6.52949139202e-10, 1.60550928108e-09, 6.49434561684e-10, 3.45539680202e-10, 6.48312126206e-10, 3.0171384835e-10, 1.35770644727e-10, 1.72205388838e-10, 1.14565572307e-10, 1.24371998811e-10, 1.60909910396e-10, 1.96619970305e-10, 2.70891642451e-10, 2.05462258318e-10, 2.51055121137e-10, 1.23913412864e-09, 1.05003983286e-09, 1.97066321594e-10, 1.5859270841e-10, 1.64404476144e-10, 1.49668166749e-10, 2.61903859711e-10, 1.89548224339e-10, 2.01536204392e-10, 1.33728791929e-10, 1.01981235956e-10, 1.83262030551e-10, 2.19468027085e-10, 5.77856429373e-10, 6.80815792631e-10, 1.34245184413e-10, 1.40367259482e-10, 1.38305561448e-10, 2.1204132894e-10, 1.661264043e-10, 1.41893233274e-10, 9.6935799665e-11, 1.39374095598e-10, 5.39412570166e-10, 3.08966713325e-10, 2.07098491134e-10, 1.60886651224e-10, 1.5641599127e-10, 1.81126294518e-10, 2.31183225341e-10, 1.79619943919e-10, 1.47726914035e-10, 3.65398683533e-11, 3.00754213201e-11, 2.25693838618e-11, 2.25163949985e-11, 2.48815135162e-11, 3.0287754943e-11, 3.64860225366e-11, 2.38569216465e-11, 2.26613536963e-11, 1.84480434401e-11, 3.08489171708e-11, 1.0050748428e-10, 9.60875198852e-11, 8.48928566333e-11, 6.70423438986e-11, 1.11891034632e-11, 7.12547832153e-14, 4.67375670229e-14, 3.69053949185e-14, 4.94281332986e-14, 3.50015359036e-14, 4.85274323438e-14, 4.63173810829e-14, 4.04264160125e-14, 4.56325075112e-14, 4.50861814246e-14, 4.64975416026e-14],
        "stdev": [1.05286835606e-05, 6.07400434092e-05, 6.14013624727e-05, 3.57006356353e-05, 5.77435312152e-05, 0.000528660253622, 0.0013742869487, 0.000676824245602, 0.00028451406979, 0.000561599270441, 0.000433184060967, 0.000433476059698, 0.000396378047299, 0.000627315079328, 0.000509717036039, 0.000884334323928, 0.000941812526435, 0.000539219065104, 0.000617810699623, 0.000475831824588, 0.000603113847319, 0.000694824149832, 0.00110473448876, 0.00129114033189, 0.000989274005406, 0.000782013870776, 0.000714926747605, 0.00132896821015, 0.00129007152282, 0.000593795673922, 0.000351209338987, 0.000103383412352, 9.20305246837e-05, 0.000134211877594, 0.000143868019222, 0.000130717380671, 0.000327595276758, 0.000282640743535, 0.000173146268935, 0.000169278049725, 0.000201646660571, 0.000381594232749, 0.00032806469244, 0.000712888664566, 0.000167782360222, 0.000129239415401, 0.000133833891596, 0.000170317507582, 0.000130900167278, 0.000149883737322, 0.000215173276956, 8.50626674946e-05, 7.44710268918e-05, 6.64667750243e-05, 8.44138558023e-05, 0.000100234363344, 8.69924988365e-05, 7.9397301306e-05, 7.55191795179e-05, 4.53844986623e-05, 2.13745515794e-05, 8.30063527246e-06, 5.00866372022e-06, 5.15692590852e-06, 9.98135965347e-06, 1.30581311168e-05, 2.20403562707e-05, 1.99115638679e-05, 1.29379013742e-05, 8.07643664302e-06, 4.09974973081e-06, 1.22408380321e-06, 1.98471548174e-06, 4.88303612656e-06, 6.70211375109e-06, 8.3033928604e-06, 5.76236925554e-06, 3.61395564141e-06, 1.12954649012e-06, 1.40777945035e-06, 3.44139016306e-06, 5.6701774156e-06, 5.12876977155e-06, 2.78479819826e-06, 9.5898303698e-07, 1.16905653158e-06, 2.99558882944e-06, 3.66139465768e-06, 2.49657182394e-06, 9.82036567621e-07, 7.89829471159e-07, 1.71348699496e-06, 2.17106116907e-06, 1.62162825745e-06, 4.82232394461e-07, 1.08965537038e-06, 2.2719405024e-06, 1.72600357473e-06, 5.27498002612e-07, 1.11980216388e-06, 1.20407003124e-06, 2.73784507954e-07, 1.85849344803e-07, 2.12079427797e-07, 2.45297115953e-07, 1.60406102623e-07, 1.60090451118e-07, 1.81494442586e-07, 1.71526437498e-07, 1.84477329412e-07, 2.49027777954e-07, 2.42926461169e-07, 7.20072023341e-07, 4.88350792693e-07, 7.08450727416e-07, 6.02283819262e-07, 1.46931029121e-07, 1.63102631401e-09, 3.34455768636e-10, 5.89790785654e-11, 5.77662015444e-11, 5.67758236258e-11, 5.58043923571e-11, 5.50801626531e-11, 5.43590311652e-11, 5.3779584952e-11, 5.33997915331e-11, 5.31878811827e-11]
    },
    "mfcc": {
        "mean": [-816.549133301, 128.179473877, 3.83564329147, 12.3298425674, 15.5363645554, 8.05500507355, -6.33427524567, -2.88787055016, -0.556202113628, 7.03067302704, 8.29073238373, 3.50728654861, -7.51710557938],
        "cov": [[21475.6523438, -2661.05273438, -3713.03686523, -2477.98583984, -1406.55822754, -729.879089355, -1081.62512207, -845.707763672, -335.556488037, -174.630569458, 370.406036377, 39.9875793457, -535.316894531], [-2661.05273438, 1855.94702148, 1129.60620117, 286.28338623, -110.965103149, -104.955192566, 119.006576538, -47.2037887573, -123.786453247, -124.667602539, -194.743377686, -187.525741577, -194.277359009], [-3713.03686523, 1129.60620117, 1389.82702637, 594.573547363, 71.5482635498, 11.4480428696, 127.977813721, -35.6055259705, -62.7592124939, 6.00778675079, -206.935806274, -147.638702393, -118.075187683], [-2477.98583984, 286.28338623, 594.573547363, 524.200744629, 236.498199463, 27.0432682037, 48.8944320679, 40.3835411072, 15.0597066879, 52.7612266541, -87.7177276611, -43.2472343445, 30.2644176483], [-1406.55822754, -110.965103149, 71.5482635498, 236.498199463, 379.248931885, 206.550552368, 41.4000167847, 28.0506954193, 20.6136608124, -21.2232971191, 12.0681324005, -27.4238777161, 97.0835266113], [-729.879089355, -104.955192566, 11.4480428696, 27.0432682037, 206.550552368, 290.129211426, 113.416130066, -3.64581990242, 0.6728297472, -59.7584533691, 13.2959680557, -19.2690200806, 39.9050598145], [-1081.62512207, 119.006576538, 127.977813721, 48.8944320679, 41.4000167847, 113.416130066, 197.565109253, 128.195617676, 17.2083587646, -36.1544685364, -27.3274478912, 17.260017395, 21.0083351135], [-845.707763672, -47.2037887573, -35.6055259705, 40.3835411072, 28.0506954193, -3.64581990242, 128.195617676, 236.852371216, 86.4437561035, 4.78711080551, -10.5063486099, 44.6104393005, 42.2365074158], [-335.556488037, -123.786453247, -62.7592124939, 15.0597066879, 20.6136608124, 0.6728297472, 17.2083587646, 86.4437561035, 122.80305481, 68.0834579468, 16.6908950806, 6.81633806229, 13.3632144928], [-174.630569458, -124.667602539, 6.00778675079, 52.7612266541, -21.2232971191, -59.7584533691, -36.1544685364, 4.78711080551, 68.0834579468, 152.457763672, 50.9903945923, 23.5362281799, 9.42391872406], [370.406036377, -194.743377686, -206.935806274, -87.7177276611, 12.0681324005, 13.2959680557, -27.3274478912, -10.5063486099, 16.6908950806, 50.9903945923, 126.465744019, 64.1486968994, 37.106388092], [39.9875793457, -187.525741577, -147.638702393, -43.2472343445, -27.4238777161, -19.2690200806, 17.260017395, 44.6104393005, 6.81633806229, 23.5362281799, 64.1486968994, 135.852737427, 89.799369812], [-535.316894531, -194.277359009, -118.075187683, 30.2644176483, 97.0835266113, 39.9050598145, 21.0083351135, 42.2365074158, 13.3632144928, 9.42391872406, 37.106388092, 89.799369812, 193.375778198]],
        "icov": [[0.00043995885062, 0.000381455436582, 0.000774393847678, 0.000504642724991, 0.000640726997517, 0.00045728762052, 0.000558257859666, 0.000767387333326, 0.000778291141614, 0.000447291793535, 0.000220569301746, 0.000339027959853, 0.00107538211159], [0.000381455436582, 0.00214635906741, -0.00110617792234, 0.00139057578053, -4.80416092614e-05, 0.00285262428224, -0.00146530766506, 0.00158038688824, 0.000144656194607, 0.0025208031293, -0.00132030190434, 0.00175454921555, 0.00087446445832], [0.000774393847678, -0.00110617792234, 0.00593241257593, -0.00418972084299, 0.00420764274895, -0.0021260981448, 0.000821761670522, 0.00186381628737, 0.00235670479015, -0.000883420230821, 0.00195774110034, 0.000796367821749, 0.002275101142], [0.000504642724991, 0.00139057578053, -0.00418972084299, 0.0138000883162, -0.0108862817287, 0.00734275998548, -0.00169353105593, 0.00153597665485, 0.00131178542506, -0.00417798990384, 0.00606022495776, -0.00372729194351, 0.00255562271923], [0.000640726997517, -4.80416092614e-05, 0.00420764274895, -0.0108862817287, 0.0190083757043, -0.0124458242208, 0.0091421213001, -0.00479016918689, 0.00255511142313, 0.00445751519874, -0.00667067617178, 0.00809392333031, -0.00379572901875], [0.00045728762052, 0.00285262428224, -0.0021260981448, 0.00734275998548, -0.0124458242208, 0.0214794538915, -0.0167288556695, 0.0128439236432, -0.00578134600073, 0.00554412091151, -0.00147728726733, 0.000527449941728, 0.00268027884886], [0.000558257859666, -0.00146530766506, 0.000821761670522, -0.00169353105593, 0.0091421213001, -0.0167288556695, 0.0261022802442, -0.0158395171165, 0.00797017104924, -0.00268680113368, 0.00228567351587, -0.00164107396267, 0.000230000834563], [0.000767387333326, 0.00158038688824, 0.00186381628737, 0.00153597665485, -0.00479016918689, 0.0128439236432, -0.0158395171165, 0.0203149951994, -0.010620251298, 0.00615772372112, 0.000852239201777, -0.00221901410259, 0.00294857821427], [0.000778291141614, 0.000144656194607, 0.00235670479015, 0.00131178542506, 0.00255511142313, -0.00578134600073, 0.00797017104924, -0.010620251298, 0.0227486081421, -0.0110671808943, 0.00322949863039, 0.00321172736585, 0.00175372208469], [0.000447291793535, 0.0025208031293, -0.000883420230821, -0.00417798990384, 0.00445751519874, 0.00554412091151, -0.00268680113368, 0.00615772372112, -0.0110671808943, 0.0208391696215, -0.011561027728, 0.00365076819435, -0.000277466431726], [0.000220569301746, -0.00132030190434, 0.00195774110034, 0.00606022495776, -0.00667067617178, -0.00147728726733, 0.00228567351587, 0.000852239201777, 0.00322949863039, -0.011561027728, 0.022936662659, -0.0116591872647, 0.00410369923338], [0.000339027959853, 0.00175454921555, 0.000796367821749, -0.00372729194351, 0.00809392333031, 0.000527449941728, -0.00164107396267, -0.00221901410259, 0.00321172736585, 0.00365076819435, -0.0116591872647, 0.0221229922026, -0.00817458424717], [0.00107538211159, 0.00087446445832, 0.002275101142, 0.00255562271923, -0.00379572901875, 0.00268027884886, 0.000230000834563, 0.00294857821427, 0.00175372208469, -0.000277466431726, 0.00410369923338, -0.00817458424717, 0.0136004751548]]
    },
    "spectral_contrast_coeffs": {
        "max": [-0.417148947716, -0.468348503113, -0.50375688076, -0.540110886097, -0.611347198486, -0.699032366276],
        "mean": [-0.756315529346, -0.810732722282, -0.792527496815, -0.817146241665, -0.819512009621, -0.813899755478],
        "min": [-0.932810783386, -0.947045266628, -0.937685966492, -0.924861073494, -0.922840237617, -0.874199509621],
        "stdev": [0.105811208487, 0.0815019384027, 0.0919593721628, 0.0764467939734, 0.0523595921695, 0.0370885282755]
    },
    "spectral_contrast_valleys": {
        "max": [-5.9238910675, -4.68289518356, -4.77933835983, -5.1415977478, -5.95231819153, -8.56579685211],
        "mean": [-8.17353248596, -8.02362060547, -9.08274269104, -8.85825443268, -9.34387779236, -11.7222766876],
        "min": [-10.0569982529, -10.9637737274, -11.9513244629, -11.7406225204, -11.6392650604, -13.6091833115],
        "stdev": [0.774668753147, 1.38361108303, 1.43978023529, 1.61712908745, 1.47030436993, 1.38599872589]
    }
},
"rhythm": {
    "beats_count": 75,
    "beats_loudness": {
        "max": 0.18022865057,
        "mean": 0.0182449966669,
        "min": 2.35977258853e-05,
        "stdev": 0.0358087420464
    },
    "bpm": 136.048019409,
    "bpm_histogram_first_peak_bpm": 136,
    "bpm_histogram_first_peak_weight": 0.518518567085,
    "bpm_histogram_second_peak_bpm": 152,
    "bpm_histogram_second_peak_spread": 0.249999940395,
    "bpm_histogram_second_peak_weight": 0.121621623635,
    "danceability": 0.90431034565,
    "onset_rate": 2.33789038658,
    "beats_loudness_band_ratio": {
        "max": [0.968584001064, 0.920585751534, 0.774049580097, 0.765101194382, 0.773888766766, 0.170325219631],
        "mean": [0.321468800306, 0.220464453101, 0.177321374416, 0.16580863297, 0.137788489461, 0.0246256142855],
        "min": [0.000325730856275, 0.00484088016674, 0.00210524653085, 0.00112690404058, 0.00066796579631, 0.000290622760076],
        "stdev": [0.329013139009, 0.250759571791, 0.213692873716, 0.184649482369, 0.197535470128, 0.0380954258144]
    },
