{
"metadata": {
    "version": {
        "essentia": "2.1-beta5",
        "essentia_git_sha": "Undefined",
        "extractor": "music 2.0"
    },
    "audio_properties": {
        "analysis": {
            "equal_loudness": 0,
            "length": 32.4963264465,
            "sample_rate": 44100,
            "start_time": 45.2440834045,
            "downmix": "mix"
        },
        "bit_rate": 192000,
        "length": 190.206268311,
        "lossless": 0,
        "number_channels": 2,
        "replay_gain": -10.2515830994,
        "sample_rate": 48000,
        "codec": "mp3",
        "md5_encoded": "5bfceda58c38871104e9d39fe8463f28"
    },
    "tags": {
        "file_name": "Netherlands_The Party_s Over Now_Sandra Reemer.mp3",
        "encoding": ["Lavf58.29.100"]
    }
},
"lowlevel": {
    "average_loudness": 0.887749195099,
    "barkbands_crest": {
        "max": 25.2656421661,
        "mean": 10.4661769867,
        "min": 3.91147303581,
        "stdev": 3.99473929405
    },
    "barkbands_flatness_db": {
        "max": 0.341943651438,
        "mean": 0.198813632131,
        "min": 0.0763038620353,
        "stdev": 0.0343634113669
    },
    "barkbands_kurtosis": {
        "max": 73.6580886841,
        "mean": 1.80472743511,
        "min": -1.91268718243,
        "stdev": 4.49006032944
    },
    "barkbands_skewness": {
        "max": 7.67718362808,
        "mean": 0.948007643223,
        "min": -1.63576388359,
        "stdev": 0.964466273785
    },
    "barkbands_spread": {
        "max": 78.0230789185,
        "mean": 14.1211271286,
        "min": 1.21241736412,
        "stdev": 8.31182289124
    },
    "dissonance": {
        "max": 0.499861329794,
        "mean": 0.447297424078,
        "min": 0.190971001983,
        "stdev": 0.0320518985391
    },
    "dynamic_complexity": 3.08701515198,
    "erbbands_crest": {
        "max": 29.7560863495,
        "mean": 12.2568979263,
        "min": 4.24812746048,
        "stdev": 4.58124303818
    },
    "erbbands_flatness_db": {
        "max": 0.347399622202,
        "mean": 0.251190125942,
        "min": 0.149317711592,
        "stdev": 0.0342443734407
    },
    "erbbands_kurtosis": {
        "max": 20.248090744,
        "mean": 0.664555966854,
        "min": -1.71406018734,
        "stdev": 1.70517873764
    },
    "erbbands_skewness": {
        "max": 4.3026304245,
        "mean": 0.358049601316,
        "min": -1.52303493023,
        "stdev": 0.669138371944
    },
    "erbbands_spread": {
        "max": 114.653594971,
        "mean": 23.3612041473,
        "min": 4.26791715622,
        "stdev": 12.4902925491
    },
    "hfc": {
        "max": 205.881256104,
        "mean": 19.6156349182,
        "min": 0.294719904661,
        "stdev": 19.8203010559
    },
    "loudness_ebu128": {
        "integrated": -14.4716739655,
        "loudness_range": 4.11114692688,
        "momentary": {
            "max": -9.12671947479,
            "mean": -15.5117835999,
            "min": -24.4850997925,
            "stdev": 3.28250145912
        },
        "short_term": {
            "max": -11.5865287781,
            "mean": -14.7593841553,
            "min": -21.9697246552,
            "stdev": 2.10069346428
        }
    },
    "melbands_crest": {
        "max": 32.9456138611,
        "mean": 13.258026123,
        "min": 4.68524074554,
        "stdev": 5.4481883049
    },
    "melbands_flatness_db": {
        "max": 0.374220460653,
        "mean": 0.197019845247,
        "min": 0.0757277756929,
        "stdev": 0.0430076308548
    },
    "melbands_kurtosis": {
        "max": 103.741355896,
        "mean": 4.71381759644,
        "min": -1.51087296009,
        "stdev": 8.28389072418
    },
    "melbands_skewness": {
        "max": 7.79435920715,
        "mean": 1.45902240276,
        "min": -1.28966963291,
        "stdev": 1.17814171314
    },
    "melbands_spread": {
        "max": 143.313186646,
        "mean": 21.2391033173,
        "min": 1.29549479485,
        "stdev": 12.0179405212
    },
    "pitch_salience": {
        "max": 0.828174173832,
        "mean": 0.514342904091,
        "min": 0.149537742138,
        "stdev": 0.0982549116015
    },
    "silence_rate_20dB": {
        "max": 1,
        "mean": 1,
        "min": 1,
        "stdev": 0
    },
    "silence_rate_30dB": {
        "max": 1,
        "mean": 0.997144877911,
        "min": 0,
        "stdev": 0.053356487304
    },
    "silence_rate_60dB": {
        "max": 1,
        "mean": 0.0685224831104,
        "min": 0,
        "stdev": 0.252637445927
    },
    "spectral_centroid": {
        "max": 3007.14135742,
        "mean": 1151.10327148,
        "min": 375.078216553,
        "stdev": 377.482727051
    },
    "spectral_complexity": {
        "max": 34,
        "mean": 14.9664525986,
        "min": 3,
        "stdev": 4.9262547493
    },
    "spectral_decrease": {
        "max": -1.45440659516e-10,
        "mean": -4.72314898303e-09,
        "min": -3.21883142362e-08,
        "stdev": 4.17200229919e-09
    },
    "spectral_energy": {
        "max": 0.140160113573,
        "mean": 0.0196054540575,
        "min": 0.000579031999223,
        "stdev": 0.0173133220524
    },
    "spectral_energyband_high": {
        "max": 0.010715755634,
        "mean": 0.000342027808074,
        "min": 7.96459062258e-07,
        "stdev": 0.000763222284149
    },
    "spectral_energyband_low": {
        "max": 0.00173223053571,
        "mean": 0.000212442915654,
        "min": 4.88384739583e-06,
        "stdev": 0.000235020299442
    },
    "spectral_energyband_middle_high": {
        "max": 0.12561237812,
        "mean": 0.00831622537225,
        "min": 8.6416315753e-05,
        "stdev": 0.0113257132471
    },
    "spectral_energyband_middle_low": {
        "max": 0.100737996399,
        "mean": 0.0109374644235,
        "min": 0.000239046203205,
        "stdev": 0.0113433776423
    },
    "spectral_entropy": {
        "max": 8.36243343353,
        "mean": 7.10532236099,
        "min": 5.74433326721,
        "stdev": 0.328754812479
    },
    "spectral_flux": {
        "max": 0.287564694881,
        "mean": 0.0714353397489,
        "min": 0.0125296330079,
        "stdev": 0.0379182957113
    },
    "spectral_kurtosis": {
        "max": 28.9064102173,
        "mean": 5.85032224655,
        "min": -1.26266109943,
        "stdev": 3.85298728943
    },
    "spectral_rms": {
        "max": 0.0116936545819,
        "mean": 0.00401702476665,
        "min": 0.000751604442485,
        "stdev": 0.00172939512413
    },
    "spectral_rolloff": {
        "max": 8850.14648438,
        "mean": 1576.5189209,
        "min": 322.998046875,
        "stdev": 1048.98291016
    },
    "spectral_skewness": {
        "max": 3.68383932114,
        "mean": 1.744140625,
        "min": 0.0639909133315,
        "stdev": 0.474293082952
    },
    "spectral_spread": {
        "max": 14370236,
        "mean": 3256544,
        "min": 1640736.375,
        "stdev": 1146251.5
    },
    "spectral_strongpeak": {
        "max": 12.986243248,
        "mean": 1.86759507656,
        "min": 0.0143285430968,
        "stdev": 1.80337500572
    },
    "zerocrossingrate": {
        "max": 0.2841796875,
        "mean": 0.0575021766126,
        "min": 0.01513671875,
        "stdev": 0.0260589886457
    },
    "barkbands": {
        "max": [6.10872230027e-05, 0.00105204759166, 0.00126543128863, 0.00180994998664, 0.0179228913039, 0.0502139404416, 0.0943185538054, 0.0275491755456, 0.0279467310756, 0.0518850311637, 0.00778649793938, 0.0140143642202, 0.0270415171981, 0.0845569297671, 0.0426121987402, 0.00452644983307, 0.00759591488168, 0.004163404461, 0.000848222756758, 0.00103960419074, 0.00202094716951, 0.00205630250275, 0.00316585646942, 0.0044357823208, 0.00123995426111, 1.56044870891e-06, 1.54460656177e-06],
        "mean": [4.45776640845e-06, 7.89880141383e-05, 8.32515361253e-05, 0.000138466115459, 0.00101689144503, 0.00247780559584, 0.00443683704361, 0.00111760327127, 0.00138067128137, 0.00209932308644, 0.000131194567075, 0.000365197367501, 0.00123771186918, 0.00279639754444, 0.00109475222416, 8.34358943393e-05, 0.000385395251215, 0.000197389454115, 6.99125012034e-05, 8.26586110634e-05, 0.000115780203487, 4.40832991444e-05, 6.32096780464e-05, 8.83590910234e-05, 1.56893220264e-05, 3.31095595385e-09, 3.17573745079e-09],
        "min": [1.51805519266e-08, 1.72381623997e-06, 1.05990622501e-07, 1.25982467125e-07, 9.67056962509e-07, 1.05721301225e-05, 1.23149438878e-05, 2.4519517865e-06, 2.31949434237e-06, 5.33984757567e-06, 5.82293750995e-07, 1.85966564459e-06, 1.4534985894e-05, 6.37605444354e-06, 3.25705582327e-06, 9.92473587758e-08, 1.10260089059e-06, 3.32286873572e-07, 1.58606809464e-07, 1.87460216239e-07, 2.23328697757e-07, 1.58186082899e-07, 6.65233983455e-08, 1.00247326884e-07, 2.98504332363e-08, 1.08389972345e-11, 1.51601543819e-11],
        "stdev": [5.76350339543e-06, 9.63121492532e-05, 0.000129222244141, 0.000203649920877, 0.0013953804737, 0.00462344614789, 0.00908919423819, 0.00209631328471, 0.0026609224733, 0.00420514075086, 0.000553930818569, 0.000888452923391, 0.00199937657453, 0.00603418424726, 0.00283310073428, 0.000203790623345, 0.000697283423506, 0.000410435226513, 8.86644047569e-05, 0.00011376702605, 0.000199117479497, 0.000101334728242, 0.000222578426474, 0.000344221829437, 6.60331279505e-05, 5.98969194243e-08, 5.94957008104e-08]
    },
    "erbbands": {
        "max": [0.0256176646799, 0.270065486431, 1.17496705055, 2.8142414093, 14.19094944, 43.5152359009, 181.03894043, 537.22668457, 1598.97631836, 411.503265381, 572.834228516, 853.918334961, 1076.12695312, 1536.96960449, 204.015945435, 655.819274902, 1209.20666504, 2495.17553711, 4673.75927734, 613.844726562, 268.163391113, 459.999450684, 234.451766968, 95.5767669678, 62.5333557129, 56.8716964722, 130.313568115, 45.7000198364, 80.378288269, 64.6943054199, 106.288314819, 108.104133606, 58.771812439, 27.0660820007, 0.922477900982, 0.0324338711798, 0.00291736726649, 0.000997099792585, 0.000244347465923, 0.000179211056093],
        "mean": [0.00228119408712, 0.0183647684753, 0.0776382237673, 0.29604062438, 1.4212539196, 3.03019475937, 9.1575050354, 27.2184314728, 75.3457794189, 27.4332542419, 24.9267883301, 25.6835098267, 57.5463180542, 48.095539093, 6.11323451996, 20.7271080017, 55.9474945068, 97.832862854, 138.08493042, 17.6470623016, 7.15287780762, 21.8818454742, 13.8260812759, 3.96408367157, 5.75157356262, 3.60480546951, 5.69199371338, 2.25383019447, 2.0630967617, 1.48131132126, 1.85270130634, 2.13524794579, 1.19156956673, 0.378365308046, 0.0123771689832, 0.000511936959811, 6.2933897425e-05, 1.36785520226e-05, 1.34375977723e-05, 2.43538797804e-05],
        "min": [5.45496441191e-05, 0.000337787263561, 0.00108275318053, 0.00252589699812, 0.00499327620491, 0.0126262251288, 0.0593272075057, 0.11492215842, 0.111859306693, 0.0691139250994, 0.0658967494965, 0.0664907246828, 0.319223731756, 0.108812600374, 0.102947033942, 0.15597602725, 0.665761172771, 0.489481836557, 0.349434047937, 0.125190034509, 0.027937958017, 0.0711966231465, 0.0265849437565, 0.00680433213711, 0.0202231537551, 0.010351027362, 0.00964169111103, 0.00747829535976, 0.00746383750811, 0.00457683065906, 0.00156738585792, 0.00191932788584, 0.00189801899251, 0.000702824443579, 2.40153967752e-05, 1.67912901361e-06, 4.36339945509e-07, 1.05077880619e-07, 2.98736438253e-07, 6.63155560687e-07],
        "stdev": [0.00260882382281, 0.0245639402419, 0.118573255837, 0.355412334204, 1.66564881802, 4.26284742355, 16.1107788086, 50.0192527771, 150.177261353, 44.4087944031, 43.5363388062, 49.0937690735, 107.112998962, 103.265052795, 14.1122817993, 40.2503318787, 87.391456604, 194.097640991, 313.694732666, 36.7752876282, 14.5298318863, 38.8198776245, 24.2946395874, 7.28670692444, 6.85757160187, 4.9169383049, 10.5241727829, 3.61008453369, 4.3836979866, 4.5314116478, 6.80349349976, 8.30875682831, 4.91155338287, 1.51798808575, 0.0494941063225, 0.00191054597963, 0.000215033913264, 4.97218170494e-05, 1.53877026605e-05, 2.12027898669e-05]
    },
    "gfcc": {
        "mean": [-57.0484085083, 123.669822693, -180.647293091, 21.8742408752, -89.5610046387, 7.83025741577, -45.8829154968, -16.3326320648, -0.319396197796, -9.81986045837, 12.7084493637, -25.8494987488, 6.09643411636],
        "cov": [[2395.12792969, -750.740966797, -315.947021484, 79.576499939, -129.106750488, 32.566532135, -116.927902222, 98.0287704468, -24.0819644928, 22.4529418945, -77.5421676636, 19.4067134857, 41.4108772278], [-750.740966797, 713.746948242, 35.4794807434, -77.2853546143, 175.780807495, -156.962036133, 150.66468811, -100.937530518, 39.6683921814, -54.805809021, 20.7806606293, -56.9084358215, -12.65554142], [-315.947021484, 35.4794807434, 374.490814209, 70.7180709839, -94.9696350098, 35.7553901672, -115.818649292, 27.2576961517, 4.85842037201, 8.44912242889, -6.7750787735, 15.1773433685, -25.6382846832], [79.576499939, -77.2853546143, 70.7180709839, 189.997833252, 7.04919242859, 21.8461856842, -30.5794887543, 36.925819397, 3.35631394386, -22.4188709259, -24.3008403778, 18.5960083008, -11.1365365982], [-129.106750488, 175.780807495, -94.9696350098, 7.04919242859, 182.650772095, -5.2556552887, 87.1488876343, -17.0373935699, -4.44344568253, -15.7436771393, -0.141065239906, -23.2601852417, 7.4756193161], [32.566532135, -156.962036133, 35.7553901672, 21.8461856842, -5.2556552887, 215.525222778, 26.1964454651, 14.763999939, -42.5062332153, -2.39388585091, -21.6442623138, -7.99304533005, -14.238910675], [-116.927902222, 150.66468811, -115.818649292, -30.5794887543, 87.1488876343, 26.1964454651, 173.58442688, -19.9213314056, -5.46957015991, -15.7611589432, -9.25765132904, -30.8983516693, 5.95085287094], [98.0287704468, -100.937530518, 27.2576961517, 36.925819397, -17.0373935699, 14.763999939, -19.9213314056, 113.415611267, 20.5950660706, 6.23181295395, -12.5732603073, 5.91140842438, 3.28990936279], [-24.0819644928, 39.6683921814, 4.85842037201, 3.35631394386, -4.44344568253, -42.5062332153, -5.46957015991, 20.5950660706, 88.9104766846, 28.2453746796, 20.7260360718, 16.8380146027, -3.86153078079], [22.4529418945, -54.805809021, 8.44912242889, -22.4188709259, -15.7436771393, -2.39388585091, -15.7611589432, 6.23181295395, 28.2453746796, 90.2380981445, 41.8260955811, 11.5750055313, 16.0025577545], [-77.5421676636, 20.7806606293, -6.7750787735, -24.3008403778, -0.141065239906, -21.6442623138, -9.25765132904, -12.5732603073, 20.7260360718, 41.8260955811, 89.5718612671, 46.1096458435, 1.93807339668], [19.4067134857, -56.9084358215, 15.1773433685, 18.5960083008, -23.2601852417, -7.99304533005, -30.8983516693, 5.91140842438, 16.8380146027, 11.5750055313, 46.1096458435, 83.9157409668, 23.1285877228], [41.4108772278, -12.65554142, -25.6382846832, -11.1365365982, 7.4756193161, -14.238910675, 5.95085287094, 3.28990936279, -3.86153078079, 16.0025577545, 1.93807339668, 23.1285877228, 66.514755249]],
        "icov": [[0.000791276281234, 0.000794257153757, 0.00068637856748, -0.000236254374613, 0.000101011355582, 0.000354118354153, 0.00023339917243, 2.14877090912e-05, -0.000172069252585, 5.64304173167e-05, 0.000496932829265, 0.000237323140027, -0.00019456105656], [0.000794257153757, 0.00994533579797, -0.00653816293925, 0.00301181362011, -0.00678891828284, 0.0068271686323, -0.00743453996256, 0.0051627359353, -0.00539759220555, 0.00846052914858, -0.0056637795642, 0.0064343214035, -0.00240498036146], [0.00068637856748, -0.00653816293925, 0.0101855089888, -0.00388251920231, 0.00662932638079, -0.00557071762159, 0.00824861694127, -0.0039739664644, 0.0036197595764, -0.00676289852709, 0.00525144441053, -0.00426098192111, 0.00229146680795], [-0.000236254374613, 0.00301181362011, -0.00388251920231, 0.0085173510015, -0.00448977388442, 0.00198829686269, -0.00203597405925, 0.000134451343911, -0.0017987054307, 0.00316552608274, 0.00143861433025, -0.00221438286826, 0.00161747424863], [0.000101011355582, -0.00678891828284, 0.00662932638079, -0.00448977388442, 0.0135429278016, -0.00466805603355, 0.00273780664429, -0.003289030632, 0.00348935369402, -0.00449409801513, 0.00149395840708, -0.00103022274561, -0.000556182581931], [0.000354118354153, 0.0068271686323, -0.00557071762159, 0.00198829686269, -0.00466805603355, 0.0110383955762, -0.00760000292212, 0.00245808716863, 0.000343054125551, 0.00314108328894, -0.00144919438753, 0.00181306560989, 0.00138618203346], [0.00023339917243, -0.00743453996256, 0.00824861694127, -0.00203597405925, 0.00273780664429, -0.00760000292212, 0.0164433382452, -0.00345532479696, 0.00222005276009, -0.00474461400881, 0.00397335318848, -0.00172193848994, -0.000202802184504], [2.14877090912e-05, 0.0051627359353, -0.0039739664644, 0.000134451343911, -0.003289030632, 0.00245808716863, -0.00345532479696, 0.0134829450399, -0.00613319361582, 0.00414850842208, -0.00159282062668, 0.0035173187498, -0.00253300718032], [-0.000172069252585, -0.00539759220555, 0.0036197595764, -0.0017987054307, 0.00348935369402, 0.000343054125551, 0.00222005276009, -0.00613319361582, 0.0196823794395, -0.0113877765834, 0.00556023046374, -0.00893156789243, 0.00678633386269], [5.64304173167e-05, 0.00846052914858, -0.00676289852709, 0.00316552608274, -0.00449409801513, 0.00314108328894, -0.00474461400881, 0.00414850842208, -0.0113877765834, 0.0281073134392, -0.0187131222337, 0.0150415692478, -0.0112137272954], [0.000496932829265, -0.0056637795642, 0.00525144441053, 0.00143861433025, 0.00149395840708, -0.00144919438753, 0.00397335318848, -0.00159282062668, 0.00556023046374, -0.0187131222337, 0.0326550193131, -0.0231732055545, 0.0120544573292], [0.000237323140027, 0.0064343214035, -0.00426098192111, -0.00221438286826, -0.00103022274561, 0.00181306560989, -0.00172193848994, 0.0035173187498, -0.00893156789243, 0.0150415692478, -0.0231732055545, 0.0332036800683, -0.0154604157433], [-0.00019456105656, -0.00240498036146, 0.00229146680795, 0.00161747424863, -0.000556182581931, 0.00138618203346, -0.000202802184504, -0.00253300718032, 0.00678633386269, -0.0112137272954, 0.0120544573292, -0.0154604157433, 0.024471078068]]
    },
    "melbands": {
        "max": [0.000253236154094, 0.000454798369901, 0.000860503816511, 0.00160756206606, 0.00561926001683, 0.0112521592528, 0.0213515777141, 0.00372823281214, 0.00373239652254, 0.00500935735181, 0.0052277171053, 0.00728666177019, 0.00103160634171, 0.000996384886093, 0.00191793462727, 0.00315381912515, 0.00562867382541, 0.0101835485548, 0.00284044607542, 0.000152370455908, 0.000420101365307, 0.000552088895347, 0.00050980161177, 0.000326867011609, 5.84989938943e-05, 5.30261277163e-05, 6.72850801493e-05, 3.58832912752e-05, 8.23739101179e-05, 8.12057260191e-05, 1.36283388201e-05, 4.48133359896e-05, 4.9455480621e-05, 5.78289218538e-05, 8.09244738775e-05, 6.657326594e-05, 6.11423311057e-05, 4.80675844301e-05, 2.43746781052e-05, 1.8300699594e-05],
        "mean": [2.12597260543e-05, 3.6118846765e-05, 8.24514136184e-05, 0.000159606002853, 0.000283997447696, 0.000622182851657, 0.00107079546433, 0.000263411697233, 0.00018317271315, 0.000181920317118, 0.000303359469399, 0.000222462040256, 1.6978046915e-05, 2.66415881924e-05, 0.000109508902824, 0.000125078673591, 0.000187038051081, 0.000263183086645, 5.15444735356e-05, 4.83554958919e-06, 8.29075361253e-06, 2.11578280869e-05, 2.04513708013e-05, 9.31272370508e-06, 2.03661761589e-06, 3.66880476577e-06, 4.66374785901e-06, 1.51084714162e-06, 3.24943835039e-06, 3.17690455631e-06, 6.22583229415e-07, 1.1501267636e-06, 8.48409115406e-07, 9.81921743914e-07, 1.24619009512e-06, 1.12887096293e-06, 1.16468470424e-06, 9.02726355889e-07, 5.09030428475e-07, 2.19154330239e-07],
        "min": [5.44474914932e-07, 5.06330309236e-07, 8.42709823701e-07, 2.97487133594e-07, 1.24644793686e-06, 2.70489476861e-06, 1.96685368792e-06, 3.48916898929e-07, 4.12359895563e-07, 3.32936991754e-07, 6.87511942488e-07, 3.78719590799e-07, 1.2931215565e-07, 2.45056895665e-07, 3.91581949089e-07, 7.90704575593e-07, 6.45258694476e-07, 2.18979124611e-07, 2.2168040914e-07, 1.89665065875e-08, 1.12190905455e-08, 6.97446296272e-08, 3.69477959339e-08, 1.60331978805e-08, 2.3639026292e-09, 8.84175133109e-09, 1.44114418177e-08, 4.21675228068e-09, 3.45495942966e-09, 6.08511552258e-09, 2.97845392794e-09, 5.03800157148e-09, 1.92426385937e-09, 2.12884354589e-09, 9.86106307721e-10, 8.30192928292e-11, 1.00416497339e-09, 2.94385904542e-10, 9.55754586585e-10, 4.00146665802e-10],
        "stdev": [2.45762985287e-05, 4.91150458402e-05, 9.74896684056e-05, 0.000179969196324, 0.000500069349073, 0.00108216935769, 0.00212795240805, 0.000423635123298, 0.00031335875974, 0.000360570382327, 0.0005662960466, 0.000485733209644, 6.24947278993e-05, 7.15675050742e-05, 0.00018182893109, 0.000215696694795, 0.000397207273636, 0.000644313753583, 0.000143000390381, 1.07571331682e-05, 2.19074900087e-05, 3.96587784053e-05, 4.12436202168e-05, 2.40732078964e-05, 4.00501266995e-06, 4.73014097224e-06, 6.42790701022e-06, 2.57846909335e-06, 6.17369551037e-06, 6.22645075055e-06, 1.00958368421e-06, 2.36520213548e-06, 2.29943498198e-06, 3.26729877997e-06, 4.63696869701e-06, 4.53713846582e-06, 4.54016480944e-06, 3.92954962081e-06, 1.96847099687e-06, 9.14208271752e-07]
    },
    "melbands128": {
        "max": [4.88993500767e-05, 0.000204440628295, 0.00040876143612, 0.000457772985101, 0.00060565728927, 0.000601326115429, 0.000677733041812, 0.0013081766665, 0.00185276055709, 0.00239606387913, 0.00295855943114, 0.00851383712143, 0.00914675462991, 0.0157618112862, 0.0128064230084, 0.0224172938615, 0.0321628153324, 0.0384942218661, 0.0141884284094, 0.00585779361427, 0.00525275804102, 0.0109463874251, 0.0041304002516, 0.00646071368828, 0.0101087791845, 0.00718365050852, 0.0117905028164, 0.00662758899853, 0.0142021691427, 0.017468277365, 0.00544266821817, 0.0021132119, 0.00181161623914, 0.000296577811241, 0.00177149451338, 0.00175537203904, 0.00419274484739, 0.00264488533139, 0.00361183518544, 0.00568161765113, 0.00458799628541, 0.00702267512679, 0.00948889739811, 0.00802779663354, 0.0154473036528, 0.0146723100916, 0.00966271851212, 0.00378300761804, 0.00129188608844, 0.000510851619765, 0.000123254110804, 0.00015224647359, 0.000477603432955, 0.000664299004711, 0.000445711746579, 0.000913589959964, 0.000837086176034, 0.00133542332333, 0.000630939903203, 0.000412029155996, 0.000709424959496, 0.000446274731075, 3.40203514497e-05, 2.94889741781e-05, 5.05486314069e-05, 8.11997015262e-05, 8.64090179675e-05, 0.000111419969471, 0.000149213898112, 9.59201424848e-05, 5.55316837563e-05, 1.46540214701e-05, 3.27322159137e-05, 0.000143028839375, 0.000157602073159, 0.000187055760762, 6.30899594398e-05, 2.00740687433e-05, 1.06707066152e-05, 1.09019420051e-05, 3.647196354e-05, 5.76520578761e-05, 8.93563119462e-05, 7.64139695093e-05, 2.16495609493e-05, 3.07903173962e-05, 0.00011295000877, 8.76274789334e-05, 0.000153524524649, 2.31374215218e-05, 2.0391336875e-05, 0.000111264518637, 0.000130075481138, 6.92795001669e-05, 1.66264144354e-05, 5.56971826882e-05, 8.14764061943e-05, 3.93986811105e-05, 1.39937983477e-05, 3.54744624929e-05, 5.58664251002e-05, 4.30383778394e-07, 4.41667857842e-08, 1.67192464318e-08, 1.49770986724e-08, 1.3698410406e-08, 1.26827757185e-08, 1.18367129431e-08, 1.1107286646e-08, 1.04823119074e-08, 9.92361481877e-09, 9.42501543477e-09, 8.9704732531e-09, 8.56121395998e-09, 8.20685297498e-09, 7.88023601928e-09, 7.57957696607e-09, 7.31206650784e-09, 7.07944147749e-09, 6.86095669167e-09, 6.66842803199e-09, 6.50350218123e-09, 6.35685548644e-09, 6.23364826424e-09, 6.12739858852e-09, 6.04651972935e-09, 5.98548410835e-09, 5.94914162377e-09],
        "mean": [3.57169710696e-06, 1.70229050127e-05, 2.89629097097e-05, 2.90967745968e-05, 3.22650448652e-05, 4.4731721573e-05, 4.73002546642e-05, 8.22984802653e-05, 0.000149038387462, 0.000170007217093, 0.000132501969347, 0.000271006399998, 0.000327870831825, 0.000284064240986, 0.000494437175803, 0.000777716457378, 0.00128708605189, 0.00141178607009, 0.000417291827034, 0.000198309207917, 0.000218859466258, 0.000303993932903, 0.000150826366735, 0.000108081098006, 0.00012120071915, 0.00019798433641, 0.000361145677743, 0.00021288341668, 0.000389885972254, 0.000353875628207, 0.000131074964884, 2.4048213163e-05, 1.18068965094e-05, 5.02309012518e-06, 2.04456646316e-05, 2.38534212258e-05, 5.04508316226e-05, 9.92026689346e-05, 0.000178123285878, 0.000104591919808, 7.53912245273e-05, 0.000207600940485, 0.000183382682735, 0.000114169226435, 0.000382073631044, 0.000292049051495, 0.00015629355039, 4.21246513724e-05, 1.50124933498e-05, 6.46811713523e-06, 2.83320628114e-06, 3.20484059557e-06, 8.36748768052e-06, 9.94169931801e-06, 9.64306855167e-06, 2.10635171243e-05, 3.17888843711e-05, 3.07210902974e-05, 1.27313805933e-05, 7.20660909792e-06, 1.35859963848e-05, 7.06654145688e-06, 1.21480684356e-06, 7.58814337587e-07, 2.57510282609e-06, 3.75867557523e-06, 4.2709907575e-06, 5.10776999363e-06, 5.15032934345e-06, 3.34159562954e-06, 1.62524133884e-06, 3.31480549676e-07, 1.04310015558e-06, 4.45966225016e-06, 4.99522366226e-06, 3.59974524144e-06, 2.55014469985e-06, 9.97279471449e-07, 2.13532857174e-07, 2.70563788263e-07, 9.01854946278e-07, 1.6418996438e-06, 1.57157398917e-06, 7.59712918352e-07, 2.55066879618e-07, 3.47215717511e-07, 1.39812595989e-06, 1.93383357328e-06, 1.57415684043e-06, 4.44200026095e-07, 3.29458629267e-07, 1.44626415022e-06, 2.28310909733e-06, 1.34211381919e-06, 2.60758582726e-07, 6.80970401845e-07, 1.323445872e-06, 8.81138362274e-07, 2.08348552633e-07, 5.170866757e-07, 6.21141566626e-07, 6.96364388375e-09, 2.2701009128e-10, 5.24613442965e-11, 2.99211558308e-11, 2.86026324153e-11, 2.73769496656e-11, 2.63872847184e-11, 2.42512555176e-11, 2.28408455344e-11, 2.12557419582e-11, 1.97464475327e-11, 1.83996810843e-11, 1.74833880012e-11, 1.68140813772e-11, 1.61674493238e-11, 1.55151516634e-11, 1.49801143712e-11, 1.45249428804e-11, 1.40966465931e-11, 1.3721123196e-11, 1.33989928527e-11, 1.31096860798e-11, 1.2857804231e-11, 1.26278883184e-11, 1.24321620706e-11, 1.22903831209e-11, 1.22156772545e-11],
        "min": [2.57556111855e-11, 7.40119077136e-08, 1.84049184782e-07, 2.41437646764e-07, 1.34232777782e-07, 6.88793306836e-08, 6.7714125862e-08, 6.04758056966e-08, 2.90777620648e-07, 2.45318233283e-07, 1.31494388711e-07, 5.97586122808e-08, 4.59058213664e-08, 5.59009379231e-07, 1.24190876249e-06, 2.38890919491e-07, 4.09586476735e-07, 1.28726725279e-07, 2.73490940117e-07, 2.86222281431e-08, 8.92147582476e-08, 4.24802379939e-08, 2.52901770637e-07, 3.86696434873e-08, 8.09709277405e-08, 7.16653190125e-08, 2.93876620816e-08, 4.80524278146e-08, 7.97329349211e-08, 4.11747890894e-07, 3.66110910477e-08, 7.04637725946e-09, 6.92552015735e-09, 1.81976691493e-08, 8.95815155388e-09, 1.79508958809e-08, 2.24532108462e-08, 6.71359998705e-08, 1.33751697717e-07, 3.10771071099e-07, 2.59435893213e-07, 4.72195637258e-07, 1.79816680657e-07, 2.38403742969e-07, 1.3569820112e-07, 1.66091197684e-07, 3.64150452015e-08, 3.48811219908e-08, 1.81616321981e-08, 1.51584256258e-08, 2.45534748089e-09, 6.4626204388e-10, 7.56261453461e-09, 5.54137091768e-09, 5.84973625095e-10, 9.54473655668e-09, 2.79104543921e-08, 2.94938189427e-08, 1.40222864431e-08, 1.04748487662e-09, 1.06659800991e-08, 2.27000795938e-09, 6.51567272358e-11, 4.43175329767e-10, 5.62482682653e-09, 1.37889910601e-09, 4.7992987362e-10, 1.46260887846e-08, 7.2339605417e-09, 6.17476692e-09, 1.98902982973e-09, 5.81796451293e-11, 5.11632611278e-11, 4.92169804911e-10, 1.5946398646e-09, 2.22942400652e-10, 5.62654145497e-09, 3.2632965774e-10, 1.47545933804e-10, 8.02231475694e-11, 1.17007270539e-09, 2.50912690625e-09, 2.70802846813e-09, 1.06604769456e-09, 1.39591685433e-10, 3.51468194826e-11, 2.03652317232e-09, 1.98092564574e-09, 9.39729405403e-10, 8.24365020691e-11, 7.05905169388e-12, 6.03754476969e-11, 1.74261688413e-10, 6.33785524062e-11, 2.21438666015e-12, 5.48011358514e-11, 5.95597599018e-11, 8.17130391129e-11, 7.819704953e-12, 3.50355799927e-10, 1.4092152445e-10, 9.42469192966e-13, 7.71150789167e-14, 4.40816714999e-14, 2.51694874659e-14, 5.16623216104e-14, 4.95509937335e-14, 4.7979019168e-14, 4.52059315545e-14, 4.27540828804e-14, 5.37399172471e-14, 4.44717742178e-14, 5.29379972746e-14, 3.67778656379e-14, 4.26866488934e-14, 4.73630263156e-14, 4.60574097307e-14, 5.32950182738e-14, 4.89314433427e-14, 4.89205843803e-14, 5.19604772078e-14, 3.65744964154e-14, 4.1453545105e-14, 5.01708524443e-14, 3.48550432494e-14, 1.32239571466e-14, 1.52241689121e-15, 5.6339509749e-17],
        "stdev": [4.67136123916e-06, 2.07916382351e-05, 3.77632386517e-05, 4.36161753896e-05, 5.804895045e-05, 6.83259640937e-05, 6.89729204169e-05, 0.000139299649163, 0.000206749522476, 0.000259407883277, 0.000231432146393, 0.000611080729868, 0.000688102096319, 0.000814197468571, 0.00113637396134, 0.00185204215813, 0.00262813991867, 0.00340331788175, 0.00110290851444, 0.000505384698045, 0.000484090152895, 0.000704340462107, 0.00033615148277, 0.000308528600726, 0.000425743026426, 0.000500153924804, 0.000971078407019, 0.000591603922658, 0.00106403080281, 0.00087914703181, 0.000438970484538, 0.000120725671877, 8.7260203145e-05, 1.58311486302e-05, 9.62880876614e-05, 8.19606066216e-05, 0.000195483720745, 0.000226479576668, 0.000367644388461, 0.000290814379696, 0.000244429364102, 0.000474148604553, 0.000655644922517, 0.000405018072343, 0.00112602277659, 0.000886126945261, 0.000531624187715, 0.000167410049471, 6.60412624711e-05, 2.39183882513e-05, 8.07191190688e-06, 9.56419989961e-06, 2.47687694355e-05, 3.67675675079e-05, 3.40184487868e-05, 5.42353300261e-05, 7.59433023632e-05, 8.45064787427e-05, 4.22298144258e-05, 2.39775490627e-05, 4.5247568778e-05, 2.43058148044e-05, 3.24184588862e-06, 1.65310586908e-06, 4.54216888102e-06, 6.43350949758e-06, 7.72327985032e-06, 8.80204697751e-06, 9.80741333478e-06, 7.73026204115e-06, 3.58563875125e-06, 7.49217576868e-07, 2.55778877545e-06, 1.01246469058e-05, 1.31993137984e-05, 1.08535577965e-05, 5.35163280801e-06, 1.69642635228e-06, 4.85468603983e-07, 6.12591747995e-07, 1.93950995708e-06, 3.51517792296e-06, 4.08645246353e-06, 2.79194318864e-06, 9.28144856971e-07, 1.52973143486e-06, 4.76945797345e-06, 6.42258510197e-06, 7.16197837392e-06, 1.66427230397e-06, 1.50842618041e-06, 6.276111435e-06, 9.2204190878e-06, 5.27196380062e-06, 1.05197807443e-06, 3.54364556188e-06, 6.02665386396e-06, 3.41125564773e-06, 8.82477081632e-07, 2.35700963458e-06, 2.63181664195e-06, 2.74351545926e-08, 1.60441604447e-09, 6.77705946917e-10, 5.71767244661e-10, 5.24267518287e-10, 4.86022944113e-10, 4.53835385938e-10, 4.25694812733e-10, 4.02384237042e-10, 3.81034620522e-10, 3.61893570666e-10, 3.44589523582e-10, 3.28957833196e-10, 3.15522885597e-10, 3.03054747963e-10, 2.91622226367e-10, 2.81454720641e-10, 2.72563777104e-10, 2.64207766776e-10, 2.56872606519e-10, 2.50600734608e-10, 2.44965159268e-10, 2.40223202441e-10, 2.36151681543e-10, 2.33101121738e-10, 2.30755747843e-10, 2.29369134797e-10]
    },
    "mfcc": {
        "mean": [-670.534179688, 127.324714661, -21.9127120972, -6.13279628754, -13.5204000473, -1.9538718462, -18.2026729584, -16.8223323822, -16.8171596527, 6.33431148529, 4.15954303741, 2.39569711685, -16.7927303314],
        "cov": [[2672.33251953, -852.346496582, -252.37437439, -24.7206363678, -14.3926105499, -114.442146301, -76.6905975342, -5.38441562653, 59.4464797974, 5.85769462585, -73.3654403687, -32.649772644, -44.3828620911], [-852.346496582, 783.690917969, -124.210617065, 96.8699874878, -50.5506744385, 22.350402832, 33.1066398621, -17.580537796, -11.672747612, 5.55136156082, 26.7955360413, 1.11940228939, -7.74911117554], [-252.37437439, -124.210617065, 433.193603516, -33.6280021667, 62.9804916382, -16.2644863129, -70.2820510864, 8.15237617493, -26.7093105316, -15.4371652603, 4.03526067734, 14.6287155151, 20.3094997406], [-24.7206363678, 96.8699874878, -33.6280021667, 189.548355103, 25.187040329, -30.9775867462, -27.9993419647, 9.48558712006, 22.0157737732, -16.9784431458, -7.52872753143, 12.8647241592, 20.0989055634], [-14.3926105499, -50.5506744385, 62.9804916382, 25.187040329, 118.791252136, -6.49777603149, -12.8806190491, 7.12966585159, 4.56404304504, -12.9517536163, -9.52240276337, 13.4160814285, 21.9576625824], [-114.442146301, 22.350402832, -16.2644863129, -30.9775867462, -6.49777603149, 147.172775269, 71.4902496338, 24.4824829102, -8.82548332214, 14.314324379, -5.0198392868, -17.2273292542, -15.5809803009], [-76.6905975342, 33.1066398621, -70.2820510864, -27.9993419647, -12.8806190491, 71.4902496338, 150.843002319, 25.2863903046, 20.203496933, 13.1222143173, -3.20778465271, -24.5674743652, -34.6097259521], [-5.38441562653, -17.580537796, 8.15237617493, 9.48558712006, 7.12966585159, 24.4824829102, 25.2863903046, 101.185829163, 17.3594036102, 8.15298366547, -5.40795946121, -10.1261644363, -3.06263613701], [59.4464797974, -11.672747612, -26.7093105316, 22.0157737732, 4.56404304504, -8.82548332214, 20.203496933, 17.3594036102, 97.0305099487, 22.5586681366, -2.82412624359, -19.4078941345, -15.627245903], [5.85769462585, 5.55136156082, -15.4371652603, -16.9784431458, -12.9517536163, 14.314324379, 13.1222143173, 8.15298366547, 22.5586681366, 82.5358963013, 17.4676380157, -15.0190877914, -18.5518894196], [-73.3654403687, 26.7955360413, 4.03526067734, -7.52872753143, -9.52240276337, -5.0198392868, -3.20778465271, -5.40795946121, -2.82412624359, 17.4676380157, 77.9941482544, 20.7689495087, -4.28308725357], [-32.649772644, 1.11940228939, 14.6287155151, 12.8647241592, 13.4160814285, -17.2273292542, -24.5674743652, -10.1261644363, -19.4078941345, -15.0190877914, 20.7689495087, 90.8469161987, 29.6255893707], [-44.3828620911, -7.74911117554, 20.3094997406, 20.0989055634, 21.9576625824, -15.5809803009, -34.6097259521, -3.06263613701, -15.627245903, -18.5518894196, -4.28308725357, 29.6255893707, 109.558982849]],
        "icov": [[0.000824658258352, 0.00101291004103, 0.000792856735643, -0.000189941027202, 0.000163152290042, 0.000368003704352, 0.000513008562848, 1.3181615941e-05, -8.09097036836e-05, -9.71487315837e-05, 0.000453646411188, 8.79457002156e-05, 0.000441613054136], [0.00101291004103, 0.00277854106389, 0.0011999856215, -0.00126174662728, 0.000790693389717, 0.000200936105102, 0.000267336610705, 0.000379664852517, 0.000370087160263, -0.000224496703595, -4.10634629588e-06, 0.000219153400394, 0.000536408624612], [0.000792856735643, 0.0011999856215, 0.00368623319082, 0.000564539514016, -0.00132617901545, 0.000122464989545, 0.00197700480931, -0.000575156824198, 0.000388779386412, 0.000236133957515, 1.54407407535e-05, 0.000226904478041, 0.000545515737031], [-0.000189941027202, -0.00126174662728, 0.000564539514016, 0.0070632994175, -0.00165591668338, 0.000658470089547, 0.00141190004069, -0.00116185483057, -0.00195366190746, 0.00135662301909, 0.000487711222377, -0.000635770033114, -0.000585522968322], [0.000163152290042, 0.000790693389717, -0.00132617901545, -0.00165591668338, 0.0103291580454, -0.000144339937833, -0.000411855580751, -0.000167067817529, -0.000912446586881, 0.00061485322658, 0.00107415171806, -0.00112211715896, -0.0012344289571], [0.000368003704352, 0.000200936105102, 0.000122464989545, 0.000658470089547, -0.000144339937833, 0.00984393525869, -0.00414346950129, -0.00150139187463, 0.00221853610128, -0.00148575578351, 0.000924295454752, 0.000624219537713, 2.99872499454e-05], [0.000513008562848, 0.000267336610705, 0.00197700480931, 0.00141190004069, -0.000411855580751, -0.00414346950129, 0.0110267195851, -0.00149911281187, -0.00214237603359, 0.00083010608796, 0.000130838496261, 0.000688204891048, 0.0021899426356], [1.3181615941e-05, 0.000379664852517, -0.000575156824198, -0.00116185483057, -0.000167067817529, -0.00150139187463, -0.00149911281187, 0.0112175000831, -0.00148551957682, -0.000687512336299, 0.000349703943357, 0.000471435079817, -0.000430190237239], [-8.09097036836e-05, 0.000370087160263, 0.000388779386412, -0.00195366190746, -0.000912446586881, 0.00221853610128, -0.00214237603359, -0.00148551957682, 0.013251083903, -0.00352271646261, 0.000235010040342, 0.00190973456483, 0.000846186769195], [-9.71487315837e-05, -0.000224496703595, 0.000236133957515, 0.00135662301909, 0.00061485322658, -0.00148575578351, 0.00083010608796, -0.000687512336299, -0.00352271646261, 0.0150816459209, -0.00386691722088, 0.00182214938104, 0.000968046311755], [0.000453646411188, -4.10634629588e-06, 1.54407407535e-05, 0.000487711222377, 0.00107415171806, 0.000924295454752, 0.000130838496261, 0.000349703943357, 0.000235010040342, -0.00386691722088, 0.0156248742715, -0.00438054837286, 0.00123252416961], [8.79457002156e-05, 0.000219153400394, 0.000226904478041, -0.000635770033114, -0.00112211715896, 0.000624219537713, 0.000688204891048, 0.000471435079817, 0.00190973456483, 0.00182214938104, -0.00438054837286, 0.01422571484, -0.00276709697209], [0.000441613054136, 0.000536408624612, 0.000545515737031, -0.000585522968322, -0.0012344289571, 2.99872499454e-05, 0.0021899426356, -0.000430190237239, 0.000846186769195, 0.000968046311755, 0.00123252416961, -0.00276709697209, 0.0113631272689]]
    },
    "spectral_contrast_coeffs": {
        "max": [-0.427680552006, -0.439858824015, -0.473255127668, -0.519889473915, -0.567121982574, -0.528051912785],
        "mean": [-0.668606698513, -0.692459702492, -0.682545542717, -0.696185231209, -0.73625099659, -0.666866123676],
        "min": [-0.983190000057, -0.898050904274, -0.878958821297, -0.843098759651, -0.868964314461, -0.864497900009],
        "stdev": [0.0797102749348, 0.071804895997, 0.0748415291309, 0.0563534535468, 0.0539843514562, 0.0520404838026]
    },
    "spectral_contrast_valleys": {
        "max": [-6.41129493713, -5.11577367783, -6.36424684525, -6.43057441711, -6.85052919388, -8.25050926208],
        "mean": [-7.91814422607, -6.70217895508, -7.8750705719, -7.88244724274, -8.46086788177, -12.1465196609],
        "min": [-9.72121810913, -9.12724971771, -10.0161247253, -9.921626091, -10.9162111282, -14.5283088684],
        "stdev": [0.52300709486, 0.544508755207, 0.570314764977, 0.583224415779, 0.787711977959, 1.16538178921]
    }
},
"rhythm": {
    "beats_count": 58,
    "beats_loudness": {
        "max": 0.0911401361227,
        "mean": 0.0261203832924,
        "min": 0.00192277738824,
        "stdev": 0.0191726312041
    },
    "bpm": 108.962173462,
    "bpm_histogram_first_peak_bpm": 110,
    "bpm_histogram_first_peak_weight": 0.462962925434,
    "bpm_histogram_second_peak_bpm": 105,
    "bpm_histogram_second_peak_spread": 0,
    "bpm_histogram_second_peak_weight": 0.0526315793395,
    "danceability": 1.00945258141,
    "onset_rate": 2.95312476158,
    "beats_loudness_band_ratio": {
        "max": [0.102305106819, 0.728846013546, 0.922859549522, 0.591672718525, 0.453037858009, 0.353186100721],
        "mean": [0.0224762074649, 0.21406468749, 0.414660960436, 0.226249739528, 0.144833728671, 0.0315052233636],
        "min": [0.000894159718882, 0.00803780555725, 0.0511828772724, 0.0166164506227, 0.0128265554085, 0.00189350370783],
        "stdev": [0.0191510524601, 0.170443490148, 0.222227036953, 0.155179157853, 0.12442138046, 0.0465412996709]
    },
    "beats_position": [0.557278871536, 1.1261677742, 1.69505667686, 2.26394557953, 2.82122445107, 3.36689329147, 3.9125623703, 4.45823097229, 5.01551008224, 5.5727891922, 6.11845779419, 6.67573690414, 7.22140598297, 7.77868461609, 8.33596324921, 8.893242836, 9.43891143799, 9.98458003998, 10.5302495956, 11.0875282288, 11.6331968307, 12.1788663864, 12.7245349884, 13.2818136215, 13.8390922546, 14.3963718414, 14.9536504745, 15.4993190765, 16.0449886322, 16.5906581879, 17.1363258362, 17.693605423, 18.2276649475, 18.7733325958, 19.3073921204, 19.8646717072, 20.4103393555, 20.9676189423, 21.5132884979, 22.0705661774, 22.6278457642, 23.1735134125, 23.7191829681, 24.2648525238, 24.8221302032, 25.3677997589, 25.9134693146, 26.470746994, 27.0164165497, 27.5620861053, 28.1193637848, 28.6534233093, 29.199092865, 29.7447605133, 30.290430069, 30.8360996246, 31.3933773041, 31.9506568909],
