{
"metadata": {
    "version": {
        "essentia": "2.1-beta5",
        "essentia_git_sha": "Undefined",
        "extractor": "music 2.0"
    },
    "audio_properties": {
        "analysis": {
            "equal_loudness": 0,
            "length": 12.7477550507,
            "sample_rate": 44100,
            "start_time": 0,
            "downmix": "mix"
        },
        "bit_rate": 192000,
        "length": 253.120727539,
        "lossless": 0,
        "number_channels": 2,
        "replay_gain": -1.93673706055,
        "sample_rate": 44100,
        "codec": "mp3",
        "md5_encoded": "6a503686b442f023adcb672d463decbe"
    },
    "tags": {
        "file_name": "United KingdomUK_Save Your Kisses For Me_Brotherhood of Man.mp3",
        "encoding": ["Lavf58.29.100"]
    }
},
"lowlevel": {
    "average_loudness": 0.818322777748,
    "barkbands_crest": {
        "max": 22.0255069733,
        "mean": 6.75632333755,
        "min": 3.00716638565,
        "stdev": 2.19673061371
    },
    "barkbands_flatness_db": {
        "max": 0.23328833282,
        "mean": 0.0878304615617,
        "min": 0.0397999621928,
        "stdev": 0.0284910295159
    },
    "barkbands_kurtosis": {
        "max": 6.814037323,
        "mean": 1.17691171169,
        "min": -1.47850012779,
        "stdev": 1.18794047832
    },
    "barkbands_skewness": {
        "max": 2.71116471291,
        "mean": -0.140162527561,
        "min": -1.89746117592,
        "stdev": 0.466784477234
    },
    "barkbands_spread": {
        "max": 46.2609481812,
        "mean": 17.3962879181,
        "min": 3.53023910522,
        "stdev": 6.64662265778
    },
    "dissonance": {
        "max": 0.499998956919,
        "mean": 0.488609850407,
        "min": 0.348460048437,
        "stdev": 0.0182725805789
    },
    "dynamic_complexity": 4.0424489975,
    "erbbands_crest": {
        "max": 20.3788795471,
        "mean": 9.11278152466,
        "min": 2.65652084351,
        "stdev": 2.44411849976
    },
    "erbbands_flatness_db": {
        "max": 0.303786635399,
        "mean": 0.185289785266,
        "min": 0.0912029519677,
        "stdev": 0.0276723951101
    },
    "erbbands_kurtosis": {
        "max": 7.28853225708,
        "mean": 1.92953431606,
        "min": -1.58299052715,
        "stdev": 1.25003409386
    },
    "erbbands_skewness": {
        "max": 1.42643511295,
        "mean": 0.300722718239,
        "min": -1.92145395279,
        "stdev": 0.421658098698
    },
    "erbbands_spread": {
        "max": 43.841381073,
        "mean": 15.7701530457,
        "min": 7.06402683258,
        "stdev": 4.93858385086
    },
    "hfc": {
        "max": 368.283935547,
        "mean": 31.1673145294,
        "min": 1.15807535689e-16,
        "stdev": 35.8553085327
    },
    "loudness_ebu128": {
        "integrated": -21.2271747589,
        "loudness_range": 2.76093864441,
        "momentary": {
            "max": -15.2262859344,
            "mean": -24.0225410461,
            "min": -36.9607391357,
            "stdev": 5.47669792175
        },
        "short_term": {
            "max": -20.3506736755,
            "mean": -22.066198349,
            "min": -26.9845485687,
            "stdev": 1.38051879406
        }
    },
    "melbands_crest": {
        "max": 27.540594101,
        "mean": 7.83971834183,
        "min": 2.14002418518,
        "stdev": 3.09493136406
    },
    "melbands_flatness_db": {
        "max": 0.281663358212,
        "mean": 0.0994878560305,
        "min": 0.00437557883561,
        "stdev": 0.0357859320939
    },
    "melbands_kurtosis": {
        "max": 18.8564720154,
        "mean": 0.692745566368,
        "min": -1.5654976368,
        "stdev": 1.3494604826
    },
    "melbands_skewness": {
        "max": 4.12861728668,
        "mean": 0.0505452603102,
        "min": -0.812328577042,
        "stdev": 0.51552760601
    },
    "melbands_spread": {
        "max": 153.968780518,
        "mean": 38.5919723511,
        "min": 5.51438331604,
        "stdev": 16.0568275452
    },
    "pitch_salience": {
        "max": 0.872234582901,
        "mean": 0.74798822403,
        "min": 0.325304985046,
        "stdev": 0.0587551146746
    },
    "silence_rate_20dB": {
        "max": 1,
        "mean": 1,
        "min": 1,
        "stdev": 0
    },
    "silence_rate_30dB": {
        "max": 1,
        "mean": 0.972727298737,
        "min": 0,
        "stdev": 0.162877097726
    },
    "silence_rate_60dB": {
        "max": 1,
        "mean": 0.218181818724,
        "min": 0,
        "stdev": 0.413011401892
    },
    "spectral_centroid": {
        "max": 11071.3759766,
        "mean": 2185.99731445,
        "min": 839.64642334,
        "stdev": 890.583740234
    },
    "spectral_complexity": {
        "max": 49,
        "mean": 24.9745445251,
        "min": 0,
        "stdev": 13.0733261108
    },
    "spectral_decrease": {
        "max": 9.20196929254e-29,
        "mean": -4.32382352145e-09,
        "min": -8.05190651931e-08,
        "stdev": 8.0792039725e-09
    },
    "spectral_energy": {
        "max": 0.337301820517,
        "mean": 0.0191460866481,
        "min": 1.05570185835e-20,
        "stdev": 0.0335136838257
    },
    "spectral_energyband_high": {
        "max": 0.0032844345551,
        "mean": 0.000740536430385,
        "min": 7.63084374058e-21,
        "stdev": 0.000607440131716
    },
    "spectral_energyband_low": {
        "max": 0.000738056958653,
        "mean": 0.000180941569852,
        "min": 1.61280939687e-23,
        "stdev": 0.000120933051221
    },
    "spectral_energyband_middle_high": {
        "max": 0.153432935476,
        "mean": 0.0125456787646,
        "min": 1.50160816842e-21,
        "stdev": 0.0142531078309
    },
    "spectral_energyband_middle_low": {
        "max": 0.19878180325,
        "mean": 0.00577203510329,
        "min": 2.38544873442e-22,
        "stdev": 0.021989159286
    },
    "spectral_entropy": {
        "max": 9.81603908539,
        "mean": 7.91442537308,
        "min": 6.6836476326,
        "stdev": 0.278698414564
    },
    "spectral_flux": {
        "max": 0.460116356611,
        "mean": 0.0819880738854,
        "min": 6.6839839219e-11,
        "stdev": 0.0601183027029
    },
    "spectral_kurtosis": {
        "max": 20.549282074,
        "mean": 5.9079208374,
        "min": -1.23423159122,
        "stdev": 2.14144539833
    },
    "spectral_rms": {
        "max": 0.0181404221803,
        "mean": 0.00362839340232,
        "min": 3.20928808702e-12,
        "stdev": 0.00234816293232
    },
    "spectral_rolloff": {
        "max": 18970.7519531,
        "mean": 2716.00268555,
        "min": 559.86328125,
        "stdev": 1968.05200195
    },
    "spectral_skewness": {
        "max": 4.16806077957,
        "mean": 1.88773322105,
        "min": -0.0106214927509,
        "stdev": 0.316294282675
    },
    "spectral_spread": {
        "max": 41584384,
        "mean": 4305846.5,
        "min": 2197324.25,
        "stdev": 3525028.75
    },
    "spectral_strongpeak": {
        "max": 11.3647298813,
        "mean": 1.41014361382,
        "min": 0,
        "stdev": 1.25489664078
    },
    "zerocrossingrate": {
        "max": 0.51123046875,
        "mean": 0.103772193193,
        "min": 0.02099609375,
        "stdev": 0.047216527164
    },
    "barkbands": {
        "max": [6.47901397315e-05, 0.000647729204502, 8.79841754795e-05, 9.50756148086e-05, 0.00128457241226, 0.0179431568831, 0.166507124901, 0.163519352674, 0.128744378686, 0.0074404347688, 0.00577006815001, 0.0228389576077, 0.0441703982651, 0.0497047454119, 0.120141431689, 0.0375091247261, 0.0183233339339, 0.00746483448893, 0.00262156617828, 0.00133443600498, 0.00144728890155, 0.00071173888864, 0.000690720684361, 0.000709986721631, 0.000297978869639, 0.000267800234724, 2.6175088351e-05],
        "mean": [1.2489308574e-05, 0.000149491228512, 1.3878890968e-05, 1.14442400445e-05, 7.08209481672e-05, 0.000390716741094, 0.00170045008417, 0.00161459424999, 0.00180941016879, 0.000516161730047, 0.00020557262178, 0.000601904292125, 0.00230184290558, 0.00326924794354, 0.00239704805426, 0.000636483426206, 0.00171816069633, 0.00062216486549, 0.000240380759351, 0.000154010616825, 0.000206186683499, 0.000151088126586, 0.000116463503218, 0.000115106282465, 4.86039680254e-05, 6.91391833243e-05, 3.22130290442e-06],
        "min": [6.57175092135e-24, 2.78186966453e-24, 3.54154409677e-24, 5.90531334001e-24, 1.756077108e-23, 1.32830671141e-23, 4.80536261246e-23, 1.21971921894e-23, 5.42669912258e-23, 3.84832129541e-23, 2.20501769139e-23, 7.2858757755e-23, 5.36094914385e-23, 4.34161716092e-23, 8.1533343637e-23, 1.46419854151e-22, 1.13484015212e-22, 2.07909062602e-22, 2.00545279554e-22, 2.84560278625e-22, 2.83886553547e-22, 4.07260158207e-22, 4.94684147104e-22, 7.12416522216e-22, 1.06835445016e-21, 1.58946652306e-21, 1.97063320725e-21],
        "stdev": [1.02158037407e-05, 0.000108062347863, 1.43141714943e-05, 1.28441743072e-05, 0.000111835099233, 0.00130263809115, 0.0121777495369, 0.0100306952372, 0.00879373773932, 0.000740354764275, 0.000417169649154, 0.00167706387583, 0.00387403834611, 0.00372970290482, 0.00672284001485, 0.00176473997999, 0.0019484203076, 0.000694537069649, 0.000297752965707, 0.000152990920469, 0.000196322740521, 0.000132761837449, 0.000102863632492, 0.000102305515611, 4.21480217483e-05, 5.49184114789e-05, 3.25356131725e-06]
    },
    "erbbands": {
        "max": [0.0325773432851, 0.128745645285, 0.15240830183, 0.214943006635, 1.3309776783, 7.02873039246, 31.982509613, 202.024078369, 2617.96289062, 2522.80151367, 2272.23364258, 3763.93017578, 1373.72583008, 246.836975098, 251.016967773, 942.997070312, 1712.15710449, 2852.97314453, 7420.23925781, 2165.31005859, 2371.26855469, 1008.62200928, 484.024505615, 260.195617676, 91.9562835693, 44.5539207458, 70.8285217285, 40.2483482361, 33.6086235046, 21.6786994934, 18.3684158325, 15.3474330902, 10.358464241, 5.3546462059, 0.934677362442, 0.505209028721, 0.771925806999, 0.165850088, 0.00296544912271, 0.000474225031212],
        "mean": [0.00720953941345, 0.0217516254634, 0.0180538091809, 0.0301362127066, 0.0746963694692, 0.2720053792, 1.03919577599, 4.61852693558, 21.8514728546, 29.4993457794, 34.3260040283, 39.6820259094, 24.90899086, 14.2467632294, 8.70828151703, 31.2497158051, 97.2333755493, 165.724502563, 162.9269104, 65.111579895, 49.8902702332, 96.2305755615, 45.6808815002, 11.4922122955, 14.9429330826, 6.93076515198, 8.47588825226, 6.01739168167, 6.69515562057, 3.74460220337, 3.13012766838, 2.47692394257, 1.86331140995, 0.830999493599, 0.198400765657, 0.11981382966, 0.152837470174, 0.0382353365421, 0.000690151762683, 4.48192367912e-05],
        "min": [2.72988358099e-22, 7.01890871065e-22, 2.46081082551e-21, 1.26349770616e-20, 3.47789251771e-20, 7.55154765444e-20, 7.91265399708e-20, 1.49039489915e-19, 3.28083819176e-19, 8.8865615869e-19, 3.84195641878e-19, 1.27920627958e-18, 1.01092234542e-18, 1.39080597231e-18, 1.48769053553e-18, 3.34531650692e-18, 2.61136866198e-18, 1.90661243445e-18, 3.38376717052e-18, 6.27234142655e-18, 8.40621056736e-18, 6.59157234522e-18, 1.077662648e-17, 1.23709691342e-17, 1.00206967239e-17, 1.21059503921e-17, 9.15826332796e-18, 1.28487031611e-17, 1.19535837233e-17, 1.51942490614e-17, 1.55054823843e-17, 1.44848391158e-17, 1.17771427899e-17, 9.7776536891e-18, 7.75531455105e-18, 5.30819790254e-18, 2.89237535775e-18, 1.07139576224e-18, 2.39548222522e-19, 3.3457087327e-20],
        "stdev": [0.00499487435445, 0.0180354677141, 0.0172286890447, 0.0306392498314, 0.0947064384818, 0.479116231203, 2.25460076332, 16.5408382416, 170.54460144, 174.786392212, 170.598297119, 207.451248169, 85.6996459961, 24.3605308533, 21.4482955933, 72.9868621826, 159.105209351, 197.647659302, 392.725067139, 138.107513428, 116.311355591, 106.836479187, 45.5806999207, 21.5452289581, 14.3463125229, 6.5340013504, 8.41307544708, 5.4728603363, 6.03629922867, 3.22205853462, 2.74668097496, 2.28055405617, 1.67778337002, 0.74137377739, 0.160539627075, 0.0950062945485, 0.124578259885, 0.0315914265811, 0.000562993227504, 4.88182959089e-05]
    },
    "gfcc": {
        "mean": [-21.3076171875, 21.7166824341, -159.922409058, 0.0339114293456, -47.9496231079, 19.6954898834, -41.2146530151, 15.1146535873, -3.26368403435, 22.6047420502, -12.4939632416, 9.48323059082, -15.7898759842],
        "cov": [[24167.28125, 92.706741333, -2822.59545898, -370.380828857, -942.740478516, -37.1336593628, -722.43182373, 101.476646423, 0.828108310699, 428.52243042, -139.861740112, 77.6045227051, -310.674621582], [92.706741333, 379.883911133, 32.3296775818, -61.3635444641, -11.6442928314, -39.2423019409, -50.0013618469, 18.3003406525, 8.73428821564, -22.7379150391, 2.03554606438, 34.3790130615, -5.70981359482], [-2822.59545898, 32.3296775818, 396.235717773, 80.5834732056, 113.90045166, 11.9456167221, 79.1448974609, -22.1318759918, -2.67096471786, -54.4049797058, 13.0700082779, -14.1002120972, 37.4812850952], [-370.380828857, -61.3635444641, 80.5834732056, 174.18661499, 77.6862869263, 83.498664856, 20.7019786835, -12.1862688065, -11.2400722504, 2.16892719269, -13.8745317459, -9.09955406189, 12.3313331604], [-942.740478516, -11.6442928314, 113.90045166, 77.6862869263, 102.537406921, 54.3454208374, 37.6540679932, -3.06397414207, -2.13294863701, -18.721113205, -4.7839384079, -4.00099277496, 15.906001091], [-37.1336593628, -39.2423019409, 11.9456167221, 83.498664856, 54.3454208374, 133.556640625, 67.0771636963, 13.2189073563, -10.7282800674, -6.35518074036, -20.4146308899, -9.26932430267, 4.43456602097], [-722.43182373, -50.0013618469, 79.1448974609, 20.7019786835, 37.6540679932, 67.0771636963, 105.464546204, 22.7065906525, -5.96482276917, -18.0815162659, -2.85812592506, -15.1650180817, 4.04650878906], [101.476646423, 18.3003406525, -22.1318759918, -12.1862688065, -3.06397414207, 13.2189073563, 22.7065906525, 42.6313285828, 14.3397598267, 0.357898294926, 1.42618346214, 1.45939099789, -8.26603794098], [0.828108310699, 8.73428821564, -2.67096471786, -11.2400722504, -2.13294863701, -10.7282800674, -5.96482276917, 14.3397598267, 36.8430900574, 22.6136398315, 6.52575683594, 2.58211565018, -3.3369038105], [428.52243042, -22.7379150391, -54.4049797058, 2.16892719269, -18.721113205, -6.35518074036, -18.0815162659, 0.357898294926, 22.6136398315, 46.2885818481, 15.9862537384, 0.285150200129, -7.62859869003], [-139.861740112, 2.03554606438, 13.0700082779, -13.8745317459, -4.7839384079, -20.4146308899, -2.85812592506, 1.42618346214, 6.52575683594, 15.9862537384, 34.420627594, 14.7558603287, -1.22080373764], [77.6045227051, 34.3790130615, -14.1002120972, -9.09955406189, -4.00099277496, -9.26932430267, -15.1650180817, 1.45939099789, 2.58211565018, 0.285150200129, 14.7558603287, 36.7204551697, 14.2193126678], [-310.674621582, -5.70981359482, 37.4812850952, 12.3313331604, 15.906001091, 4.43456602097, 4.04650878906, -8.26603794098, -3.3369038105, -7.62859869003, -1.22080373764, 14.2193126678, 37.0011863708]],
        "icov": [[0.000447384925792, -0.000492266088258, 0.00276554957964, -0.00102238287218, 0.00186242524069, -0.000768856203649, 0.000748288817704, 0.000336084776791, -0.000102028141555, -8.64202011144e-05, 9.90959088085e-05, 0.000482084171381, 0.000295495177852], [-0.000492266088258, 0.00539815891534, -0.00739557854831, 0.00534209515899, -0.00277105765417, -0.00136883009691, 0.00510660046712, -0.00696202088147, 0.00605694577098, -0.00580238038674, 0.00779898511246, -0.0091566639021, 0.00477857142687], [0.00276554957964, -0.00739557854831, 0.0329261161387, -0.0171789228916, 0.0104145985097, 0.00114711665083, -0.00753195025027, 0.0199232380837, -0.0267276670784, 0.0322063267231, -0.0275730155408, 0.0238540917635, -0.0107359066606], [-0.00102238287218, 0.00534209515899, -0.0171789228916, 0.0231427829713, -0.0129907131195, -0.00780364219099, 0.0107741151005, -0.013203878887, 0.0243102200329, -0.0295223146677, 0.0222883876413, -0.0152726275846, 0.00703108264133], [0.00186242524069, -0.00277105765417, 0.0104145985097, -0.0129907131195, 0.0329025685787, -0.0101649248973, 0.00276173721068, 0.00711728492752, -0.0162378586829, 0.0187298487872, -0.0125888297334, 0.00896178651601, -0.00411038612947], [-0.000768856203649, -0.00136883009691, 0.00114711665083, -0.00780364219099, -0.0101649248973, 0.0272594876587, -0.0206031594425, 0.00131748849526, 0.00355954095721, -0.00571092637256, 0.0109623437747, -0.00608911318704, 0.000267342373263], [0.000748288817704, 0.00510660046712, -0.00753195025027, 0.0107741151005, 0.00276173721068, -0.0206031594425, 0.0372599773109, -0.0230652932078, 0.01583725214, -0.00906435027719, 0.00261014839634, 0.00192632083781, 0.00206969375722], [0.000336084776791, -0.00696202088147, 0.0199232380837, -0.013203878887, 0.00711728492752, 0.00131748849526, -0.0230652932078, 0.0617936365306, -0.0528939291835, 0.0478318184614, -0.033698156476, 0.0176445022225, -0.00372521183454], [-0.000102028141555, 0.00605694577098, -0.0267276670784, 0.0243102200329, -0.0162378586829, 0.00355954095721, 0.01583725214, -0.0528939291835, 0.109709560871, -0.101848639548, 0.0687551349401, -0.0443160161376, 0.0202504210174], [-8.64202011144e-05, -0.00580238038674, 0.0322063267231, -0.0295223146677, 0.0187298487872, -0.00571092637256, -0.00906435027719, 0.0478318184614, -0.101848639548, 0.141841158271, -0.102508127689, 0.0636729076505, -0.0278892144561], [9.90959088085e-05, 0.00779898511246, -0.0275730155408, 0.0222883876413, -0.0125888297334, 0.0109623437747, 0.00261014839634, -0.033698156476, 0.0687551349401, -0.102508127689, 0.12377153337, -0.0770985707641, 0.0376010015607], [0.000482084171381, -0.0091566639021, 0.0238540917635, -0.0152726275846, 0.00896178651601, -0.00608911318704, 0.00192632083781, 0.0176445022225, -0.0443160161376, 0.0636729076505, -0.0770985707641, 0.0903184041381, -0.0439521335065], [0.000295495177852, 0.00477857142687, -0.0107359066606, 0.00703108264133, -0.00411038612947, 0.000267342373263, 0.00206969375722, -0.00372521183454, 0.0202504210174, -0.0278892144561, 0.0376010015607, -0.0439521335065, 0.0536603778601]]
    },
    "melbands": {
        "max": [0.000211736987694, 0.000108012412966, 6.26839173492e-05, 0.000227506723604, 0.000936405151151, 0.00405816733837, 0.0390518642962, 0.0334550775588, 0.0180827509612, 0.0214039329439, 0.00711216498166, 0.00101556349546, 0.00066372868605, 0.00273155397736, 0.00333616975695, 0.0058492408134, 0.00630196882412, 0.0116202384233, 0.00641924282536, 0.00118716561701, 0.00323638133705, 0.00130558863748, 0.000399487500545, 0.00038753944682, 0.000221974682063, 8.45899703563e-05, 7.37744630896e-05, 2.05171909329e-05, 3.32673771481e-05, 4.79446753161e-05, 1.92785082618e-05, 1.98097077373e-05, 1.4316882698e-05, 1.35628069984e-05, 1.36924181788e-05, 8.67395010573e-06, 7.86280725151e-06, 8.07630931376e-06, 5.73332181375e-06, 3.66358221981e-06],
        "mean": [5.0490591093e-05, 1.47290847963e-05, 6.11339874013e-06, 1.1431454368e-05, 3.11582261929e-05, 9.97786701191e-05, 0.00034294577199, 0.00032918859506, 0.000292990298476, 0.000247765594395, 0.000120451732073, 5.84353183513e-05, 2.58663749264e-05, 5.02120456076e-05, 0.000135310168844, 0.000259150954662, 0.000313341035508, 0.000273451005341, 0.000149155297549, 4.12153603975e-05, 6.32195587968e-05, 0.000106320505438, 6.96021743352e-05, 2.18920704356e-05, 7.02660508978e-06, 1.05583558252e-05, 1.00173847386e-05, 2.94941810353e-06, 4.11313203585e-06, 6.51097298032e-06, 2.2298145268e-06, 3.85829480365e-06, 2.80364997707e-06, 2.12707368519e-06, 2.14389069697e-06, 1.46106651755e-06, 1.30554235511e-06, 1.37381425702e-06, 9.78239427241e-07, 5.64037804907e-07],
        "min": [2.55592609621e-24, 1.53892681441e-24, 4.20055336939e-24, 3.41963944893e-24, 3.38862064928e-24, 4.06028798399e-24, 6.43281871087e-24, 8.1262636551e-24, 2.91535695982e-24, 9.06343119936e-24, 4.9163050125e-24, 5.21070040815e-24, 2.83098118626e-24, 7.51838400762e-24, 4.73662261424e-24, 4.61033268864e-24, 3.3632189337e-24, 5.10890066934e-24, 6.62020354701e-24, 1.04438368093e-23, 9.23696639902e-24, 5.45030468077e-24, 6.80359004165e-24, 1.07425271582e-23, 9.3075560394e-24, 4.62298483426e-24, 6.47760707763e-24, 6.64866170417e-24, 4.53940738794e-24, 7.8011953753e-24, 5.87356997161e-24, 5.45432866024e-24, 6.71788977063e-24, 7.54574249267e-24, 7.58618739128e-24, 8.95675985004e-24, 8.35226599356e-24, 7.59734977309e-24, 8.47857051309e-24, 7.58343505558e-24],
        "stdev": [3.57471144525e-05, 1.19414889923e-05, 5.9478361436e-06, 1.70874500327e-05, 6.61336234771e-05, 0.000357094220817, 0.00266311643645, 0.00211128685623, 0.00144672067836, 0.00125847617164, 0.000427858816693, 9.66601655819e-05, 5.55385195184e-05, 0.000153753280756, 0.000260739558144, 0.000436201837147, 0.000396157527575, 0.000616347009782, 0.00036961492151, 8.45125396154e-05, 0.000156437337864, 0.000130979722599, 6.72346795909e-05, 2.80346084764e-05, 1.85036260518e-05, 1.14329241114e-05, 9.78280422714e-06, 2.90291086458e-06, 4.17560158894e-06, 6.3801367105e-06, 2.04572029361e-06, 3.55950533049e-06, 2.5206202281e-06, 1.94042831936e-06, 1.9449530555e-06, 1.38334632993e-06, 1.2014514823e-06, 1.28157637391e-06, 8.53621941133e-07, 5.15095052833e-07]
    },
    "melbands128": {
        "max": [5.4773343436e-05, 0.000319964223308, 0.000284210807877, 0.000208140991163, 0.000107995263534, 4.33063396486e-05, 5.28145974386e-05, 6.13212250755e-05, 0.000157979506184, 0.000133197230753, 0.000511238817126, 0.000481785449665, 0.000722647295333, 0.00280040851794, 0.00616560969502, 0.00468015437946, 0.0221753381193, 0.0742720067501, 0.0452098585665, 0.0353162325919, 0.065013833344, 0.0188847482204, 0.0331069417298, 0.0220650676638, 0.0441907458007, 0.01968360506, 0.0223150160164, 0.00160084874369, 0.0014933005441, 0.00181505153887, 0.00153188756667, 0.00104902184103, 0.000522785587236, 0.00106898788363, 0.00162867899053, 0.00493889162317, 0.00349590461701, 0.00614781118929, 0.00469369394705, 0.0052313436754, 0.0120356697589, 0.00423431582749, 0.0106892203912, 0.0061023728922, 0.00535375438631, 0.0200611762702, 0.0180321205407, 0.0101263774559, 0.00537179457024, 0.000974107882939, 0.000993666704744, 0.00220307474956, 0.00291960895993, 0.00501808477566, 0.00197830493562, 0.00165356521029, 0.000927080807742, 0.00060223415494, 0.000463118019979, 0.000958951073699, 0.00026772095589, 0.000376492389478, 0.000511889636982, 0.000211238133488, 0.000245669099968, 0.00013007002417, 0.000123037418234, 7.78277972131e-05, 0.000108718035335, 5.30124561919e-05, 2.57442134171e-05, 8.69532323122e-06, 1.25786327771e-05, 4.11693144997e-05, 8.68380157044e-05, 6.49595967843e-05, 4.13797388319e-05, 3.54095718649e-05, 1.17694116852e-05, 9.65154777077e-06, 2.14041483559e-05, 3.48000576196e-05, 2.8498334359e-05, 2.20883448492e-05, 1.18018997455e-05, 1.25419937831e-05, 1.77145393536e-05, 2.1383195417e-05, 1.73640801222e-05, 4.75758133689e-06, 6.19596812612e-06, 1.17521840366e-05, 2.07530429179e-05, 9.07623507374e-06, 2.90165598926e-06, 7.00962254996e-06, 1.26320555864e-05, 9.4476445156e-06, 3.2417208331e-06, 7.85445445217e-06, 8.24829385238e-06, 2.2652534426e-06, 2.40724830292e-06, 1.11337135422e-06, 1.39475184824e-06, 1.02059698293e-06, 8.26493305794e-07, 1.1623995988e-06, 9.20093611967e-07, 1.09825487016e-06, 1.09748691557e-06, 2.24082850764e-06, 4.32256456406e-06, 3.40954443345e-06, 3.97408621211e-06, 3.79613425139e-06, 9.27872861212e-07, 1.32971473832e-08, 1.39586848746e-08, 1.40248275216e-08, 1.39780329533e-08, 1.38386573312e-08, 1.36153310848e-08, 1.34307036603e-08, 1.33188411411e-08, 1.31855184549e-08, 1.30747261906e-08, 1.30305055634e-08],
        "mean": [1.15573175208e-05, 6.76380077493e-05, 6.27043045824e-05, 2.67668729066e-05, 9.90374974208e-06, 6.51346817904e-06, 5.98536053076e-06, 5.55329006602e-06, 6.62806405671e-06, 1.03223173937e-05, 1.48006529344e-05, 1.98838624783e-05, 3.0556551792e-05, 4.82212490169e-05, 9.15026830626e-05, 0.000112611975055, 0.000224596311455, 0.000504761526827, 0.000329795380821, 0.000306276575429, 0.000381225137971, 0.000217334658373, 0.000324881082634, 0.000292609038297, 0.000265706854407, 0.000231607584283, 0.00020349760598, 8.97960417205e-05, 7.35266876291e-05, 6.82923200657e-05, 5.41971749044e-05, 3.6996545532e-05, 1.92683073692e-05, 1.98526340682e-05, 3.46126653312e-05, 5.25388823007e-05, 8.42064400786e-05, 0.00012436095858, 0.000172195257619, 0.000214168539969, 0.000291444594041, 0.000307022157358, 0.000326776586007, 0.000316453602863, 0.000264008383965, 0.000289169780444, 0.0002623674809, 0.000161086267326, 0.000107657215267, 4.91648061143e-05, 2.82534383587e-05, 3.31877890858e-05, 4.97190994793e-05, 7.49014943722e-05, 9.98513351078e-05, 0.000118441203085, 0.000105746308691, 8.35999962874e-05, 5.86791611568e-05, 3.509797898e-05, 2.15313975787e-05, 1.05330200313e-05, 6.79926597513e-06, 5.26876010554e-06, 8.43029465614e-06, 1.03525208033e-05, 1.23746649479e-05, 1.22796836877e-05, 1.00590068541e-05, 6.20848277322e-06, 2.91488709081e-06, 9.50137177824e-07, 1.71840883922e-06, 4.48527407571e-06, 7.18043338566e-06, 7.72182283981e-06, 6.1790624386e-06, 3.27789757648e-06, 1.14187685085e-06, 1.49047048126e-06, 3.54240978595e-06, 4.92187382406e-06, 4.78602169096e-06, 2.68631720246e-06, 1.03552872588e-06, 1.24675807456e-06, 2.7358596526e-06, 3.43073270415e-06, 2.52908489529e-06, 8.72057967172e-07, 6.49805599551e-07, 1.92945390154e-06, 2.30238561016e-06, 1.42953831528e-06, 4.48698784794e-07, 1.0148404499e-06, 1.93765777112e-06, 1.45956198594e-06, 5.52695667011e-07, 1.06756658624e-06, 1.06493882868e-06, 3.02480685832e-07, 2.3115929082e-07, 2.33327682508e-07, 2.22060421606e-07, 1.60656540515e-07, 1.57414817181e-07, 2.00948051088e-07, 1.65916034689e-07, 1.97738742713e-07, 2.82208247881e-07, 3.03565428794e-07, 6.87763133556e-07, 5.50195750293e-07, 7.03890634668e-07, 6.07881304404e-07, 1.41210307447e-07, 1.43026396282e-10, 2.88728919245e-11, 2.8823192097e-11, 2.86348531692e-11, 2.83161393638e-11, 2.78274799037e-11, 2.74185934374e-11, 2.71873669411e-11, 2.6930851646e-11, 2.67142957061e-11, 2.66076431721e-11],
        "min": [5.64431673737e-24, 2.98007293912e-24, 1.58695384962e-24, 8.15049805375e-25, 1.5645022273e-25, 1.73833428518e-24, 1.76318498141e-24, 3.10940076807e-24, 2.15365140797e-24, 2.02139907443e-24, 3.94970191242e-24, 1.68192777222e-24, 1.64066975524e-24, 9.74180799329e-25, 1.22541613574e-24, 4.59138977172e-24, 3.14494624882e-24, 2.83955216e-24, 1.3002401448e-23, 1.22902919757e-23, 2.1268522253e-24, 2.36801272327e-24, 3.09005533488e-24, 3.34184356418e-24, 6.81073317714e-24, 9.9666272376e-24, 2.34914021219e-24, 1.24730534953e-24, 4.59866464699e-24, 2.24769388307e-24, 3.77388808804e-24, 3.47725548286e-24, 5.05963699607e-25, 4.32238228658e-24, 5.52695750607e-24, 7.09228631169e-24, 6.89361800359e-24, 4.75553082128e-24, 1.90767432253e-24, 9.24625641947e-25, 4.12727529104e-24, 1.89885623812e-24, 2.15950810855e-24, 3.99274807986e-24, 7.77225522413e-24, 1.90679020667e-24, 4.95743976997e-24, 2.21564739487e-24, 7.81718953016e-24, 6.32673979609e-24, 1.09360560374e-23, 4.31359477053e-24, 3.38947932437e-24, 6.57641190601e-24, 2.79315372813e-24, 4.73630233672e-24, 4.49280819098e-24, 3.74359937916e-24, 5.24797448035e-24, 2.59228370926e-24, 9.68580695484e-24, 8.87781932811e-24, 9.3631084132e-24, 8.69113381717e-24, 6.20398751721e-24, 3.39219340032e-24, 2.74823579098e-24, 3.45321573564e-24, 5.92809682624e-24, 5.17983109764e-24, 5.53294259375e-24, 5.02417621926e-24, 4.25370642275e-24, 2.90207865585e-24, 5.39062262012e-24, 7.98632998571e-24, 6.70443180358e-24, 7.5507178384e-24, 2.7113829705e-24, 5.54766747141e-24, 3.82461460526e-24, 4.59006882413e-24, 7.005818479e-24, 4.95468585655e-24, 5.31844776375e-24, 6.02005631412e-24, 4.90129062289e-24, 7.50628130361e-24, 4.65793018907e-24, 9.93440384735e-24, 8.12185392264e-24, 7.42248692053e-24, 1.06074702269e-23, 6.35164176828e-24, 9.23169444159e-24, 7.28455064695e-24, 6.60675386301e-24, 3.41070836019e-24, 8.05556278533e-24, 8.12374876653e-24, 3.76080956309e-24, 7.07291267672e-24, 5.03328874601e-24, 5.87442825228e-24, 7.3374911023e-24, 1.04776331882e-23, 6.97777447382e-24, 6.83003502577e-24, 8.31688794854e-24, 1.00221733005e-23, 5.1845867456e-24, 9.02356216921e-24, 9.00301628694e-24, 7.24199081225e-24, 7.01209623409e-24, 7.49475841236e-24, 6.68416833351e-24, 7.51225850269e-24, 7.31219548851e-24, 8.3549709976e-24, 5.53107496556e-24, 7.11757719231e-24, 6.73363543429e-24, 9.47368856832e-24, 8.72239637484e-24, 6.11707792242e-24, 9.88107448357e-24, 8.08343245225e-24],
        "stdev": [9.52828304435e-06, 4.65105949843e-05, 4.8408172006e-05, 2.46408271778e-05, 1.09041693577e-05, 6.81959136273e-06, 6.97016685081e-06, 6.55477515465e-06, 1.01848027043e-05, 1.5482204617e-05, 3.15725010296e-05, 4.21355543949e-05, 6.6312502895e-05, 0.000163442382473, 0.000415989459725, 0.000433792301919, 0.00157931621652, 0.00472979014739, 0.00251205801032, 0.0020853294991, 0.00354662910104, 0.00126957078464, 0.00218827021308, 0.00151297415141, 0.0020388555713, 0.00130168837495, 0.00123198132496, 0.000142834731378, 0.00011472019105, 0.000150203864905, 0.000107534280687, 7.34049463063e-05, 4.38680690422e-05, 7.82673232607e-05, 0.000119828677271, 0.00022989345598, 0.00022997216729, 0.000355345284333, 0.00034484200296, 0.000409438769566, 0.000764734111726, 0.000402607896831, 0.000584993278608, 0.000456861045677, 0.000364273728337, 0.000948246684857, 0.00091893831268, 0.000466530385893, 0.000310250848997, 8.74417528394e-05, 6.1753729824e-05, 0.000107071224193, 0.000137016701046, 0.000231129364693, 0.000170834988239, 0.000173504944541, 0.000122208643006, 9.1217312729e-05, 6.58941935399e-05, 5.5497734138e-05, 2.71380158665e-05, 2.34094986808e-05, 3.15749130095e-05, 1.62380856636e-05, 1.92673560377e-05, 1.2599774891e-05, 1.4721399566e-05, 1.27852008518e-05, 1.19786827781e-05, 6.78976630297e-06, 3.24162260767e-06, 1.0989498378e-06, 1.79663675226e-06, 4.95336644235e-06, 8.66223308549e-06, 8.11034169601e-06, 6.50341144137e-06, 3.58701618097e-06, 1.21465416214e-06, 1.45381886796e-06, 3.53741143044e-06, 5.15086321684e-06, 4.79004347653e-06, 2.64851337306e-06, 1.17067395422e-06, 1.25568101339e-06, 2.79974892692e-06, 3.38904487762e-06, 2.49656432061e-06, 8.22420361146e-07, 6.45864304261e-07, 2.0064032924e-06, 2.39116525336e-06, 1.38641212288e-06, 4.30926746731e-07, 9.81337962003e-07, 1.96174346456e-06, 1.39231724461e-06, 5.06557739754e-07, 1.04842547444e-06, 1.08182473468e-06, 2.93248291428e-07, 2.12754287077e-07, 1.98762450054e-07, 2.04838627837e-07, 1.45602314205e-07, 1.40753044775e-07, 1.78663242423e-07, 1.44240914324e-07, 1.73408650994e-07, 2.29174190736e-07, 2.78268998954e-07, 6.32744274753e-07, 4.76997456644e-07, 6.17082093868e-07, 5.53577592655e-07, 1.30933500486e-07, 6.17310813578e-10, 5.94563953626e-10, 5.97384752776e-10, 5.95392901648e-10, 5.89456261579e-10, 5.79944703372e-10, 5.72081659822e-10, 5.67316360556e-10, 5.61636792629e-10, 5.56916734951e-10, 5.55033685679e-10]
    },
    "mfcc": {
        "mean": [-647.971069336, 71.4792098999, -49.2896461487, -14.8865394592, 5.33147764206, 4.31773042679, -15.2033348083, -3.02034497261, 3.4621181488, 10.3988046646, 14.7940807343, 11.2933244705, -2.97959661484],
        "cov": [[10242.0595703, 63.1746711731, -904.202514648, -385.267669678, -311.088867188, -204.713973999, -336.915344238, -265.719848633, -114.728790283, 118.479377747, 216.967590332, 137.906936646, -138.109680176], [63.1746711731, 433.700897217, -5.04019641876, -46.8883628845, 2.57380723953, -82.8484344482, -63.3305587769, 15.472029686, -7.22001838684, -49.3248786926, 25.4469509125, 7.26799583435, 24.4251861572], [-904.202514648, -5.04019641876, 144.846740723, 55.3375968933, 31.1537132263, 33.2148780823, 32.5205535889, 20.1781520844, 6.69717884064, -1.81935667992, -28.3975524902, -12.7291612625, 6.52024078369], [-385.267669678, -46.8883628845, 55.3375968933, 87.0518875122, 56.2747917175, 32.4519615173, 12.6173086166, -2.81172919273, 0.148098438978, 4.28661441803, -14.1513834, -9.50296592712, 4.69011116028], [-311.088867188, 2.57380723953, 31.1537132263, 56.2747917175, 95.8698806763, 50.0499763489, 10.6299057007, 8.43095016479, 13.3312778473, -0.194273367524, -12.1743116379, -10.2403812408, 9.39350605011], [-204.713973999, -82.8484344482, 33.2148780823, 32.4519615173, 50.0499763489, 113.847137451, 64.5684738159, 26.5459346771, 30.1378364563, 26.5248508453, -20.3343448639, -3.65692806244, -0.350000709295], [-336.915344238, -63.3305587769, 32.5205535889, 12.6173086166, 10.6299057007, 64.5684738159, 95.3031539917, 50.093421936, 25.0157909393, 17.6053962708, -16.6230926514, -1.7606959343, -2.17439198494], [-265.719848633, 15.472029686, 20.1781520844, -2.81172919273, 8.43095016479, 26.5459346771, 50.093421936, 68.0573272705, 27.136505127, 2.76464915276, -6.39755678177, 1.69058132172, 2.1689479351], [-114.728790283, -7.22001838684, 6.69717884064, 0.148098438978, 13.3312778473, 30.1378364563, 25.0157909393, 27.136505127, 48.252910614, 17.6930046082, -5.57519102097, -2.18351435661, 1.54835700989], [118.479377747, -49.3248786926, -1.81935667992, 4.28661441803, -0.194273367524, 26.5248508453, 17.6053962708, 2.76464915276, 17.6930046082, 51.6718215942, 10.1477632523, 4.96922111511, -5.50309514999], [216.967590332, 25.4469509125, -28.3975524902, -14.1513834, -12.1743116379, -20.3343448639, -16.6230926514, -6.39755678177, -5.57519102097, 10.1477632523, 48.0282554626, 22.9529399872, 0.824100673199], [137.906936646, 7.26799583435, -12.7291612625, -9.50296592712, -10.2403812408, -3.65692806244, -1.7606959343, 1.69058132172, -2.18351435661, 4.96922111511, 22.9529399872, 41.8748931885, 7.06553125381], [-138.109680176, 24.4251861572, 6.52024078369, 4.69011116028, 9.39350605011, -0.350000709295, -2.17439198494, 2.1689479351, 1.54835700989, -5.50309514999, 0.824100673199, 7.06553125381, 37.1758384705]],
        "icov": [[0.000314722099574, -0.000223624520004, 0.00176598643884, -7.41006879252e-05, 0.000600418890826, -0.000736542337108, 0.000767457939219, 0.00024455357925, 0.000537740415893, -0.000872032658663, 0.000369697954739, -0.000585487461649, 0.000839315063786], [-0.000223624520004, 0.00403514504433, -0.00263209827244, 0.00326587283053, -0.00311385048553, 0.00269863242283, 0.00158975622617, -0.00263914861716, -0.000848866126034, 0.00262462231331, -0.0021732293535, 0.000806866271887, -0.00205445080064], [0.00176598643884, -0.00263209827244, 0.021082656458, -0.00864950660616, 0.00610208045691, -0.00526913441718, 0.00275432015769, -0.000573308963794, 0.00377403572202, -0.00513904727995, 0.00648233667016, -0.00313340662979, 0.00382059020922], [-7.41006879252e-05, 0.00326587283053, -0.00864950660616, 0.0282682031393, -0.0166389271617, 0.00395932327956, -0.00209132255986, 0.00344411307015, 0.00354116759263, -0.00224007479846, -0.000207899618545, 0.000258731626673, -0.0010756617412], [0.000600418890826, -0.00311385048553, 0.00610208045691, -0.0166389271617, 0.0278968978673, -0.0148502308875, 0.00837386772037, -0.00272132875398, -0.00207659695297, 0.00280178827234, -0.00135352450889, 0.00315008475445, -0.00130227359477], [-0.000736542337108, 0.00269863242283, -0.00526913441718, 0.00395932327956, -0.0148502308875, 0.0274721197784, -0.0154857840389, 0.00380320684053, -0.00588009739295, -0.0040513635613, 0.00454824976623, -0.00291583524086, -0.00110283552203], [0.000767457939219, 0.00158975622617, 0.00275432015769, -0.00209132255986, 0.00837386772037, -0.0154857840389, 0.0334125496447, -0.0191433895379, 0.00426632724702, -0.00414577964693, 0.00299973553047, -0.000782131857704, 0.00168764567934], [0.00024455357925, -0.00263914861716, -0.000573308963794, 0.00344411307015, -0.00272132875398, 0.00380320684053, -0.0191433895379, 0.0342933759093, -0.012654193677, 0.00436934549361, -0.00109390169382, -0.00312907900661, 0.00170428259298], [0.000537740415893, -0.000848866126034, 0.00377403572202, 0.00354116759263, -0.00207659695297, -0.00588009739295, 0.00426632724702, -0.012654193677, 0.0360117182136, -0.0133995302022, 0.00456588063389, 0.00111186061986, -0.000891985255294], [-0.000872032658663, 0.00262462231331, -0.00513904727995, -0.00224007479846, 0.00280178827234, -0.0040513635613, -0.00414577964693, 0.00436934549361, -0.0133995302022, 0.034062474966, -0.0130450185388, 0.00267570465803, 0.000357339333277], [0.000369697954739, -0.0021732293535, 0.00648233667016, -0.000207899618545, -0.00135352450889, 0.00454824976623, 0.00299973553047, -0.00109390169382, 0.00456588063389, -0.0130450185388, 0.03866026178, -0.0185688212514, 0.00286561297253], [-0.000585487461649, 0.000806866271887, -0.00313340662979, 0.000258731626673, 0.00315008475445, -0.00291583524086, -0.000782131857704, -0.00312907900661, 0.00111186061986, 0.00267570465803, -0.0185688212514, 0.0368408113718, -0.00911536160856], [0.000839315063786, -0.00205445080064, 0.00382059020922, -0.0010756617412, -0.00130227359477, -0.00110283552203, 0.00168764567934, 0.00170428259298, -0.000891985255294, 0.000357339333277, 0.00286561297253, -0.00911536160856, 0.032909616828]]
    },
    "spectral_contrast_coeffs": {
        "max": [-0.559227645397, -0.4267757833, -0.556264936924, -0.617144346237, -0.57115060091, -0.691718876362],
        "mean": [-0.801786780357, -0.828252613544, -0.803282022476, -0.80020236969, -0.75872862339, -0.768247544765],
        "min": [-0.970411062241, -0.977721452713, -0.971185922623, -0.965303599834, -0.96760392189, -0.962824344635],
        "stdev": [0.0622323863208, 0.0673748329282, 0.046175301075, 0.0456389561296, 0.0452852882445, 0.0320345647633]
    },
    "spectral_contrast_valleys": {
        "max": [-7.20050573349, -4.7906165123, -4.98312473297, -4.95053768158, -6.19778108597, -8.87928390503],
        "mean": [-8.41412353516, -6.89029598236, -7.39902877808, -6.71616268158, -7.57161235809, -10.0616378784],
        "min": [-27.5950546265, -27.3691139221, -27.4799594879, -27.2395248413, -27.3097476959, -27.3178253174],
        "stdev": [1.97868967056, 2.21307873726, 2.1364274025, 2.19052004814, 2.11944079399, 1.87317156792]
    }
},
"rhythm": {
    "beats_count": 26,
    "beats_loudness": {
        "max": 0.0882491245866,
        "mean": 0.0157041680068,
        "min": 0.000531745841727,
        "stdev": 0.0167427770793
    },
    "bpm": 136.024307251,
    "bpm_histogram_first_peak_bpm": 136,
    "bpm_histogram_first_peak_weight": 0.266666650772,
    "bpm_histogram_second_peak_bpm": 123,
    "bpm_histogram_second_peak_spread": 0,
    "bpm_histogram_second_peak_weight": 0.239999994636,
    "danceability": 1.23528218269,
    "onset_rate": 1.56747615337,
    "beats_loudness_band_ratio": {
        "max": [0.141776546836, 0.419207364321, 0.793821513653, 0.492138922215, 0.642057597637, 0.141060173512],
        "mean": [0.0307627618313, 0.0460911393166, 0.158300146461, 0.294589012861, 0.427308380604, 0.078813046217],
        "min": [0.00182321621105, 0.00652070017532, 0.0564927235246, 0.0677252784371, 0.106363154948, 0.0138386907056],
        "stdev": [0.0384254008532, 0.088877633214, 0.145168066025, 0.105453312397, 0.106632016599, 0.0330937430263]
    },
    "beats_position": [0.49922901392, 1.01006805897, 1.53251695633, 2.0549659729, 2.57741498947, 3.06503391266, 3.55265307426, 4.04027223587, 4.52789115906, 5.01551008224, 5.50312900543, 5.94430828094, 6.37387752533, 6.81505680084, 7.25623559952, 7.69741487503, 8.13859367371, 8.57977294922, 9.0093421936, 9.45052146912, 9.90331077576, 10.3560991287, 10.7972784042, 11.2384576797, 11.6796369553, 12.1208162308],
