{
"metadata": {
    "version": {
        "essentia": "2.1-beta5",
        "essentia_git_sha": "Undefined",
        "extractor": "music 2.0"
    },
    "audio_properties": {
        "analysis": {
            "equal_loudness": 0,
            "length": 40.2634010315,
            "sample_rate": 44100,
            "start_time": 142.756286621,
            "downmix": "mix"
        },
        "bit_rate": 192000,
        "length": 183.042907715,
        "lossless": 0,
        "number_channels": 2,
        "replay_gain": -12.3154258728,
        "sample_rate": 44100,
        "codec": "mp3",
        "md5_encoded": "9ca9b2296a0dbe34d2f396ad71ba8f1b"
    },
    "tags": {
        "file_name": "Israel_Emor Shalom_Chocolate, Menta, Mastik.mp3",
        "encoding": ["Lavf58.29.100"]
    }
},
"lowlevel": {
    "average_loudness": 0.904119193554,
    "barkbands_crest": {
        "max": 25.181060791,
        "mean": 10.3938932419,
        "min": 3.07783699036,
        "stdev": 4.36467552185
    },
    "barkbands_flatness_db": {
        "max": 0.353458970785,
        "mean": 0.181455478072,
        "min": 0.0741078704596,
        "stdev": 0.0416186861694
    },
    "barkbands_kurtosis": {
        "max": 74.1145477295,
        "mean": 4.13437843323,
        "min": -1.79879868031,
        "stdev": 6.02198886871
    },
    "barkbands_skewness": {
        "max": 5.92831087112,
        "mean": 1.3079020977,
        "min": -1.86032533646,
        "stdev": 0.896054089069
    },
    "barkbands_spread": {
        "max": 88.1674804688,
        "mean": 13.4359359741,
        "min": 0.771549582481,
        "stdev": 8.08772945404
    },
    "dissonance": {
        "max": 0.500000178814,
        "mean": 0.448495954275,
        "min": 0.223444357514,
        "stdev": 0.0398558564484
    },
    "dynamic_complexity": 3.38386321068,
    "erbbands_crest": {
        "max": 30.2944087982,
        "mean": 11.5691251755,
        "min": 3.69342374802,
        "stdev": 4.95557355881
    },
    "erbbands_flatness_db": {
        "max": 0.384511530399,
        "mean": 0.225434631109,
        "min": 0.113963119686,
        "stdev": 0.0397998131812
    },
    "erbbands_kurtosis": {
        "max": 63.2869720459,
        "mean": 2.37937569618,
        "min": -1.65003407001,
        "stdev": 5.24563217163
    },
    "erbbands_skewness": {
        "max": 5.69224786758,
        "mean": 0.882148742676,
        "min": -2.45982098579,
        "stdev": 0.892140507698
    },
    "erbbands_spread": {
        "max": 122.678291321,
        "mean": 23.7486495972,
        "min": 1.99237442017,
        "stdev": 11.6936769485
    },
    "hfc": {
        "max": 177.884460449,
        "mean": 18.3966369629,
        "min": 0.0359544232488,
        "stdev": 20.0856742859
    },
    "loudness_ebu128": {
        "integrated": -12.349158287,
        "loudness_range": 3.90624237061,
        "momentary": {
            "max": -5.98846912384,
            "mean": -13.4617080688,
            "min": -35.1282501221,
            "stdev": 3.75850939751
        },
        "short_term": {
            "max": -10.2859477997,
            "mean": -12.5945215225,
            "min": -15.0000457764,
            "stdev": 1.37375330925
        }
    },
    "melbands_crest": {
        "max": 31.6591949463,
        "mean": 12.5001535416,
        "min": 3.77390813828,
        "stdev": 4.9368057251
    },
    "melbands_flatness_db": {
        "max": 0.392331540585,
        "mean": 0.20204244554,
        "min": 0.038322199136,
        "stdev": 0.0543271899223
    },
    "melbands_kurtosis": {
        "max": 72.96875,
        "mean": 7.09856939316,
        "min": -1.74243366718,
        "stdev": 7.67638587952
    },
    "melbands_skewness": {
        "max": 6.85588741302,
        "mean": 1.6263923645,
        "min": -1.15347206593,
        "stdev": 0.998802125454
    },
    "melbands_spread": {
        "max": 171.380111694,
        "mean": 18.8222942352,
        "min": 1.30085122585,
        "stdev": 15.3431787491
    },
    "pitch_salience": {
        "max": 0.861901819706,
        "mean": 0.576521635056,
        "min": 0.182337686419,
        "stdev": 0.116400845349
    },
    "silence_rate_20dB": {
        "max": 1,
        "mean": 1,
        "min": 1,
        "stdev": 0
    },
    "silence_rate_30dB": {
        "max": 1,
        "mean": 0.992507219315,
        "min": 0,
        "stdev": 0.0862361118197
    },
    "silence_rate_60dB": {
        "max": 1,
        "mean": 0.0974063426256,
        "min": 0,
        "stdev": 0.296512007713
    },
    "spectral_centroid": {
        "max": 4383.18261719,
        "mean": 1044.71411133,
        "min": 270.190093994,
        "stdev": 510.934570312
    },
    "spectral_complexity": {
        "max": 52,
        "mean": 15.061671257,
        "min": 0,
        "stdev": 6.9883556366
    },
    "spectral_decrease": {
        "max": -1.39327438475e-11,
        "mean": -5.03915664751e-09,
        "min": -5.93448952202e-08,
        "stdev": 4.90135709796e-09
    },
    "spectral_energy": {
        "max": 0.235286012292,
        "mean": 0.020687578246,
        "min": 6.34200041532e-05,
        "stdev": 0.0200164113194
    },
    "spectral_energyband_high": {
        "max": 0.0232007745653,
        "mean": 0.000432890432421,
        "min": 9.24490109355e-07,
        "stdev": 0.0013042029459
    },
    "spectral_energyband_low": {
        "max": 0.0202420484275,
        "mean": 0.00108625728171,
        "min": 4.21321459498e-07,
        "stdev": 0.00171716348268
    },
    "spectral_energyband_middle_high": {
        "max": 0.0762308835983,
        "mean": 0.00588497566059,
        "min": 6.78354172123e-06,
        "stdev": 0.00858252122998
    },
    "spectral_energyband_middle_low": {
        "max": 0.2000323385,
        "mean": 0.014136293903,
        "min": 1.44402820297e-05,
        "stdev": 0.0157824773341
    },
    "spectral_entropy": {
        "max": 8.18149662018,
        "mean": 7.17425870895,
        "min": 5.57742595673,
        "stdev": 0.379102557898
    },
    "spectral_flux": {
        "max": 0.340777337551,
        "mean": 0.0797737464309,
        "min": 0.00448591541499,
        "stdev": 0.0443244427443
    },
    "spectral_kurtosis": {
        "max": 32.4437599182,
        "mean": 5.396089077,
        "min": -1.47187817097,
        "stdev": 3.87063097954
    },
    "spectral_rms": {
        "max": 0.0151508189738,
        "mean": 0.00406108098105,
        "min": 0.00024874319206,
        "stdev": 0.00192110531498
    },
    "spectral_rolloff": {
        "max": 9130.078125,
        "mean": 1287.78625488,
        "min": 129.19921875,
        "stdev": 912.265197754
    },
    "spectral_skewness": {
        "max": 4.62237167358,
        "mean": 1.80682265759,
        "min": -0.22419321537,
        "stdev": 0.557288110256
    },
    "spectral_spread": {
        "max": 13261535,
        "mean": 3667530,
        "min": 1561174,
        "stdev": 858295.1875
    },
    "spectral_strongpeak": {
        "max": 10.6177101135,
        "mean": 1.44099569321,
        "min": 0.00668814731762,
        "stdev": 1.46219968796
    },
    "zerocrossingrate": {
        "max": 0.2626953125,
        "mean": 0.0524464733899,
        "min": 0.013671875,
        "stdev": 0.0255435053259
    },
    "barkbands": {
        "max": [0.000602466519922, 0.00139098265208, 0.0152091300115, 0.0236424133182, 0.09631305933, 0.0422314181924, 0.0356313325465, 0.0877719074488, 0.109353616834, 0.0575770772994, 0.0107693625614, 0.0105198808014, 0.0265222378075, 0.0386049337685, 0.0152982529253, 0.00212904717773, 0.00616174610332, 0.00417219474912, 0.00333061884157, 0.00243253540248, 0.00527175050229, 0.00711937109008, 0.00741034699604, 0.00404273672029, 0.000987643143162, 7.8997682067e-06, 4.33293791957e-07],
        "mean": [6.40082134851e-06, 0.000124781872728, 0.00068954564631, 0.000507937686052, 0.00236728135496, 0.00216967356391, 0.00185663474258, 0.00231743347831, 0.00373601354659, 0.0019801533781, 0.000148124527186, 0.000215645020944, 0.000855193007737, 0.00201573828235, 0.000574636331294, 4.31830594607e-05, 0.000276339618722, 0.000160107898409, 0.000118624659081, 0.000114496608148, 0.000127660139697, 7.03564655851e-05, 9.56905496423e-05, 9.55716022872e-05, 2.02411647479e-05, 1.06989027415e-07, 1.14091736059e-09],
        "min": [1.21116698892e-08, 1.53077152731e-07, 1.46059477402e-07, 7.1491015774e-08, 6.0871172991e-07, 5.30245301888e-07, 5.18255490078e-07, 6.93806157415e-07, 3.06379047288e-06, 5.06350602336e-07, 1.15002450229e-07, 2.22374993086e-07, 3.26368393644e-07, 8.5728237309e-07, 3.03271974644e-07, 1.16469564659e-07, 7.21723907304e-08, 7.47610897633e-08, 7.60682254963e-08, 1.94951141452e-07, 7.52619584432e-08, 1.50273024246e-07, 1.14506342186e-07, 1.99742785867e-07, 3.90766992098e-08, 9.17771414422e-12, 1.02783901182e-11],
        "stdev": [1.65938090504e-05, 0.000147545040818, 0.00125650083646, 0.00100356270559, 0.00473457109183, 0.00363782024942, 0.00369459949434, 0.00597029691562, 0.00826187618077, 0.00483670271933, 0.000539984903298, 0.000531727622729, 0.00190892722458, 0.00399564532563, 0.00139278685674, 0.000113957088615, 0.000509646954015, 0.000284930370981, 0.00020532788767, 0.000192007937585, 0.000348494708305, 0.000370807305444, 0.000363964558346, 0.000250567885814, 5.21048641531e-05, 3.61249675507e-07, 1.13598774831e-08]
    },
    "erbbands": {
        "max": [0.0467261709273, 0.468227863312, 10.5102529526, 34.9089317322, 317.136138916, 296.943908691, 431.737792969, 461.686767578, 679.083190918, 1302.04968262, 1539.27050781, 3150.14282227, 2185.54345703, 818.929077148, 176.229644775, 525.251831055, 1254.87145996, 1773.86071777, 1848.68359375, 413.653076172, 136.037002563, 343.109436035, 273.929382324, 55.8745765686, 240.502319336, 111.263252258, 244.29510498, 165.714401245, 309.367675781, 192.365859985, 192.054000854, 130.678451538, 51.9604110718, 21.0803527832, 0.634289205074, 0.0405769720674, 0.0275813620538, 0.00216453033499, 0.000238921275013, 0.000275369820883],
        "mean": [0.00325046014041, 0.0382631495595, 0.528573274612, 1.56736087799, 3.78571176529, 8.50113201141, 12.5873327255, 19.6939868927, 24.7937755585, 45.0520439148, 46.8626174927, 80.2643814087, 92.181060791, 23.5028076172, 4.65037918091, 11.9082117081, 35.5070114136, 97.6768035889, 56.6703605652, 14.9229469299, 4.89082527161, 15.3287096024, 11.5345773697, 3.6603512764, 8.68462085724, 5.14581775665, 6.02289485931, 2.96654129028, 3.23421001434, 2.19233465195, 2.79531955719, 2.28595685959, 1.35650753975, 0.466135472059, 0.0148630784824, 0.000687943422236, 0.000477351277368, 3.7300727854e-05, 1.43320939969e-05, 2.54917849816e-05],
        "min": [7.71043687564e-06, 2.47476727964e-05, 0.000138390212669, 0.000234104736592, 0.000447772501502, 0.00213189353235, 0.00651611853391, 0.00388761400245, 0.0107854455709, 0.0145487263799, 0.0335467606783, 0.0647303387523, 0.0267635583878, 0.0117530785501, 0.00711396709085, 0.00887468736619, 0.0180088356137, 0.0683310031891, 0.0482867918909, 0.0219881664962, 0.00678753433749, 0.00536439893767, 0.00480399467051, 0.00277157593518, 0.00537154544145, 0.0101418988779, 0.00421312218532, 0.0033770177979, 0.00503383995965, 0.00439351983368, 0.003464770969, 0.0051692626439, 0.00264794379473, 0.00094046985032, 3.23285457853e-05, 1.68195276729e-06, 3.51170996282e-07, 6.55593552779e-08, 6.10465633599e-08, 1.06560570146e-07],
        "stdev": [0.00370372878388, 0.0475976467133, 0.881836235523, 2.72362160683, 10.9743108749, 17.3244438171, 22.0179710388, 34.9751548767, 42.5413742065, 100.481971741, 101.375854492, 196.388366699, 187.182693481, 62.5451316833, 10.0932779312, 28.012172699, 73.7345962524, 175.601928711, 122.273765564, 35.300163269, 9.70294570923, 28.4479751587, 19.5840034485, 5.71137142181, 14.6647815704, 8.572722435, 15.3274536133, 9.68438816071, 16.7089443207, 9.76451015472, 9.90550231934, 6.51682806015, 3.53600168228, 1.1490945816, 0.0364319719374, 0.0020809834823, 0.00134333269671, 9.88124811556e-05, 1.65076526173e-05, 2.47164516622e-05]
    },
    "gfcc": {
        "mean": [-51.5217704773, 121.649055481, -152.899795532, 26.0865783691, -91.7418441772, 11.6475019455, -47.1122055054, -7.42792224884, -5.27710437775, -11.8109130859, 3.57406997681, -31.0325679779, -3.57381772995],
        "cov": [[4604.66894531, -1056.08764648, -777.79095459, 16.6648197174, -186.511520386, -147.10333252, -215.121383667, 78.2230987549, -258.459869385, -72.4442138672, -194.649551392, -75.1625366211, -91.106086731], [-1056.08764648, 908.910583496, 370.316741943, -111.748306274, 102.346733093, -88.5518798828, 69.6016616821, -103.542182922, 71.4338989258, -97.748374939, 58.0909805298, -38.8422050476, 1.39939165115], [-777.79095459, 370.316741943, 590.599914551, 63.6623802185, -41.9031181335, 17.3918647766, -42.0489120483, -27.6031169891, 18.8033123016, -13.3928747177, 1.36539542675, 31.7020397186, -21.6576919556], [16.6648197174, -111.748306274, 63.6623802185, 246.267730713, 50.5891456604, 38.4842224121, -23.0657310486, 3.68128561974, 9.49976158142, 11.5098428726, -32.2158241272, 15.9189033508, -36.4088745117], [-186.511520386, 102.346733093, -41.9031181335, 50.5891456604, 173.871551514, 59.1599578857, 13.0875873566, 2.6057498455, 17.6379737854, -5.13247537613, -23.0096569061, -38.6048049927, -14.7029762268], [-147.10333252, -88.5518798828, 17.3918647766, 38.4842224121, 59.1599578857, 177.637924194, 39.0151023865, -0.6224629879, -10.146443367, 29.8795051575, -26.5913448334, -18.3930988312, -13.8360490799], [-215.121383667, 69.6016616821, -42.0489120483, -23.0657310486, 13.0875873566, 39.0151023865, 143.310821533, 6.51466703415, 11.4194860458, -4.23881959915, 26.1687049866, -31.5629005432, 3.84330272675], [78.2230987549, -103.542182922, -27.6031169891, 3.68128561974, 2.6057498455, -0.6224629879, 6.51466703415, 126.810874939, 24.7833385468, -4.5187702179, -23.0511817932, 13.9721298218, 5.35613441467], [-258.459869385, 71.4338989258, 18.8033123016, 9.49976158142, 17.6379737854, -10.146443367, 11.4194860458, 24.7833385468, 97.9659805298, 7.77007341385, 9.03078460693, 11.1857557297, -0.638924717903], [-72.4442138672, -97.748374939, -13.3928747177, 11.5098428726, -5.13247537613, 29.8795051575, -4.23881959915, -4.5187702179, 7.77007341385, 100.070968628, 32.6703643799, 9.8063621521, 4.89793395996], [-194.649551392, 58.0909805298, 1.36539542675, -32.2158241272, -23.0096569061, -26.5913448334, 26.1687049866, -23.0511817932, 9.03078460693, 32.6703643799, 97.6997756958, 34.747795105, 15.727558136], [-75.1625366211, -38.8422050476, 31.7020397186, 15.9189033508, -38.6048049927, -18.3930988312, -31.5629005432, 13.9721298218, 11.1857557297, 9.8063621521, 34.747795105, 92.5624084473, 35.6676826477], [-91.106086731, 1.39939165115, -21.6576919556, -36.4088745117, -14.7029762268, -13.8360490799, 3.84330272675, 5.35613441467, -0.638924717903, 4.89793395996, 15.727558136, 35.6676826477, 73.2199401855]],
        "icov": [[0.000543300528079, 1.53821019921e-05, 0.000804133480415, -0.000247584219323, 0.00081614474766, 0.000184004195035, 0.000754401844461, -0.000355506577762, 0.00107195414603, 0.000222178423428, 0.000553368707187, 0.000263276684564, 0.000722908822354], [1.53821019921e-05, 0.0083064250648, -0.00650421436876, 0.00544691458344, -0.00968253985047, 0.00667677726597, -0.00546869169921, 0.00637572677806, -0.0040712649934, 0.00511181773618, -0.00180010299664, -5.3463565564e-05, -0.000181734008947], [0.000804133480415, -0.00650421436876, 0.00829751975834, -0.00516602303833, 0.00970120262355, -0.00576377846301, 0.00618511764333, -0.00507320370525, 0.00403366237879, -0.00279426481575, 0.00171037798282, 0.000283249130007, 0.0016324785538], [-0.000247584219323, 0.00544691458344, -0.00516602303833, 0.00974378082901, -0.00911720842123, 0.00485957786441, -0.00518978573382, 0.00515156146139, -0.00280981929973, 0.00116388336755, 0.00250994157977, -0.00543176569045, 0.00389245385304], [0.00081614474766, -0.00968253985047, 0.00970120262355, -0.00911720842123, 0.0213645137846, -0.0110887000337, 0.00976615678519, -0.0084835216403, 0.00373416091315, -0.00301190884784, 0.000207964141737, 0.00636572716758, -0.00107234460302], [0.000184004195035, 0.00667677726597, -0.00576377846301, 0.00485957786441, -0.0110887000337, 0.0149855772033, -0.00909649673849, 0.00602559512481, -0.000532666454092, -0.00110576464795, 0.00491311727092, -0.00420079985633, 0.00251502776518], [0.000754401844461, -0.00546869169921, 0.00618511764333, -0.00518978573382, 0.00976615678519, -0.00909649673849, 0.017103517428, -0.00709235621616, 0.00178648985457, 0.00164462416433, -0.00715592363849, 0.00977565441281, -0.00316407508217], [-0.000355506577762, 0.00637572677806, -0.00507320370525, 0.00515156146139, -0.0084835216403, 0.00602559512481, -0.00709235621616, 0.0150779867545, -0.00592203019187, 0.00254189386033, 0.00374400406145, -0.00498951412737, 0.000605847279076], [0.00107195414603, -0.0040712649934, 0.00403366237879, -0.00280981929973, 0.00373416091315, -0.000532666454092, 0.00178648985457, -0.00592203019187, 0.0164720211178, -0.00425497954711, 0.00273224012926, -0.00262498646043, 0.0033163568005], [0.000222178423428, 0.00511181773618, -0.00279426481575, 0.00116388336755, -0.00301190884784, -0.00110576464795, 0.00164462416433, 0.00254189386033, -0.00425497954711, 0.0182682070881, -0.0101589979604, 0.00525114499032, -0.00279004941694], [0.000553368707187, -0.00180010299664, 0.00171037798282, 0.00250994157977, 0.000207964141737, 0.00491311727092, -0.00715592363849, 0.00374400406145, 0.00273224012926, -0.0101589979604, 0.0245827678591, -0.0139750400558, 0.0057795769535], [0.000263276684564, -5.3463565564e-05, 0.000283249130007, -0.00543176569045, 0.00636572716758, -0.00420079985633, 0.00977565441281, -0.00498951412737, -0.00262498646043, 0.00525114499032, -0.0139750400558, 0.0276817437261, -0.0128092151135], [0.000722908822354, -0.000181734008947, 0.0016324785538, 0.00389245385304, -0.00107234460302, 0.00251502776518, -0.00316407508217, 0.000605847279076, 0.0033163568005, -0.00279004941694, 0.0057795769535, -0.0128092151135, 0.0225744377822]]
    },
    "melbands": {
        "max": [0.000390706758481, 0.00407770182937, 0.0153740914539, 0.0210800860077, 0.0132206548005, 0.00969761889428, 0.00901882722974, 0.0165630746633, 0.0115703362972, 0.0210938081145, 0.0109675964341, 0.00338562624529, 0.00107375287917, 0.000459167233203, 0.00345070194453, 0.00317036081105, 0.00352172460407, 0.00381704769097, 0.00138321158011, 0.000231255922699, 0.000171110354131, 0.000414493057178, 0.000366607739124, 0.000155220390297, 4.03146623285e-05, 0.000167557154782, 0.000144543882925, 5.01706599607e-05, 0.000123024728964, 0.000155668210937, 6.76040581311e-05, 0.000176198023837, 0.000182512041647, 0.000129052787088, 0.000136454880703, 9.18783480301e-05, 6.22923398623e-05, 4.60049450339e-05, 2.65061480604e-05, 1.25654114527e-05],
        "mean": [3.01668278553e-05, 0.000211794380448, 0.000325509492541, 0.000427490158472, 0.000461352290586, 0.000444869860075, 0.000381825666409, 0.00052053068066, 0.000397997733671, 0.000536320963874, 0.000455852859886, 9.81730045169e-05, 1.61719053722e-05, 1.69405975612e-05, 5.14568346262e-05, 9.91866836557e-05, 0.000198717054445, 0.000106501400296, 3.64272273146e-05, 5.18799333804e-06, 5.8713449107e-06, 1.63432960107e-05, 1.3571719137e-05, 7.33364777261e-06, 1.98923999051e-06, 5.82522352488e-06, 6.62859520162e-06, 2.30620071306e-06, 3.25078849528e-06, 3.87125010093e-06, 9.02773535927e-07, 1.8105909021e-06, 1.36616540658e-06, 1.4259001091e-06, 1.98140378416e-06, 1.37895096941e-06, 1.15801458378e-06, 1.02684350622e-06, 6.35683193195e-07, 2.64795772864e-07],
        "min": [6.13968964558e-08, 5.74590046654e-08, 4.43075371948e-08, 7.93428469592e-08, 3.10288186256e-07, 8.35801969856e-08, 1.46472018514e-07, 1.47795660155e-07, 2.67149772526e-07, 4.1435617959e-07, 1.19229142115e-07, 3.26609566059e-08, 2.16976445699e-08, 2.31286882979e-08, 1.58734216882e-08, 4.35567244494e-08, 1.22043545048e-07, 8.81851747181e-08, 2.34242811814e-08, 1.54299932831e-08, 5.03173014366e-09, 4.28625845927e-09, 6.41348707475e-09, 3.1743521145e-09, 1.83788917418e-09, 2.83377965538e-09, 6.23688389823e-09, 5.64680213699e-09, 2.19460294382e-09, 1.72075609317e-09, 1.40724376596e-09, 1.92509075347e-09, 3.44792083773e-09, 1.79553927282e-09, 1.99553684688e-09, 2.51453369238e-09, 2.79708900486e-09, 1.81697146218e-09, 1.44218870179e-09, 4.84045525884e-10],
        "stdev": [3.32214440277e-05, 0.000342270621331, 0.000646015512757, 0.000975877745077, 0.000766974582803, 0.000755989574827, 0.000672351859976, 0.00123423570767, 0.000880078936461, 0.0013238749234, 0.000944088562392, 0.00029500896926, 5.23947346664e-05, 3.65882187907e-05, 0.000148177146912, 0.000227414537221, 0.000372451031581, 0.000251722667599, 9.46343061514e-05, 1.4067473785e-05, 1.35496629809e-05, 3.1033243431e-05, 2.49911190622e-05, 1.37151455419e-05, 3.62285368283e-06, 1.02885733213e-05, 1.13055684778e-05, 4.04856427849e-06, 8.16952160676e-06, 1.13618343676e-05, 3.43428018823e-06, 9.34976014833e-06, 7.74224463385e-06, 6.05606510362e-06, 7.28474651623e-06, 4.34706271335e-06, 3.2202001421e-06, 2.84276734419e-06, 1.6086347614e-06, 6.53817721741e-07]
    },
    "melbands128": {
        "max": [0.000242151203565, 0.00033503715531, 0.000568941526581, 0.000804191920906, 0.00279751000926, 0.00912898033857, 0.00639642681926, 0.0169132146984, 0.0414576083422, 0.0325657054782, 0.0153581220657, 0.0138494698331, 0.0177443809807, 0.0198496561497, 0.0122396340594, 0.0180712789297, 0.0197691693902, 0.0118017541245, 0.0113389631733, 0.0184641107917, 0.0357721783221, 0.0286337025464, 0.0173103380948, 0.0275088585913, 0.0241317413747, 0.0350064970553, 0.0110897580162, 0.0223304163665, 0.0135438591242, 0.00616955338046, 0.00551923923194, 0.00335385999642, 0.000737655733246, 0.000324902066495, 0.000481390481582, 0.000830803008284, 0.00175869138911, 0.00638007791713, 0.00299616367556, 0.00519533734769, 0.00504046585411, 0.00751326559111, 0.00801449920982, 0.0097501128912, 0.00517514115199, 0.00568575132638, 0.00207281229086, 0.00328384595923, 0.00144520937465, 0.000725821359083, 0.000118606374599, 8.62797169248e-05, 0.000247341551585, 0.000335236632964, 0.000463965901872, 0.000643273931928, 0.000647345092148, 0.000615018652752, 0.000405934930313, 0.000365631683962, 0.000251540041063, 9.3059046776e-05, 3.08496673824e-05, 4.05446480727e-05, 0.000183808253496, 0.000143313329318, 0.000291082629701, 0.000177715541213, 0.000151194282807, 0.000166410914971, 4.86561548314e-05, 1.48387043737e-05, 6.77491989336e-05, 0.000173146559973, 0.000263182912022, 0.000238779131905, 0.000131908149342, 0.000102612400951, 2.51098172157e-05, 8.31710640341e-05, 0.000158339593327, 0.000229726050748, 0.000302507105516, 0.000228864271776, 3.62978535122e-05, 4.53331304016e-05, 0.000154462337377, 0.000305125460727, 0.000156704860274, 4.27771119575e-05, 3.9677372115e-05, 0.000160125491675, 0.000127515959321, 8.60045620357e-05, 2.07478442462e-05, 5.59814470762e-05, 7.35988724045e-05, 3.98948468501e-05, 1.53869768837e-05, 4.06409089919e-05, 3.16515979648e-05, 3.11682498477e-07, 4.38397265157e-08, 1.0036855258e-07, 2.29356032833e-07, 1.22520106061e-07, 7.2666885842e-08, 4.03340152388e-08, 5.83264210263e-08, 3.34184697692e-08, 5.80494123881e-08, 4.43833982899e-08, 2.23487077733e-07, 8.01787223281e-08, 3.26095062064e-08, 5.81089798501e-09, 4.59282567533e-09, 3.72197028753e-09, 2.57333443443e-09, 1.95041272022e-09, 1.64251134915e-09, 1.13221165776e-09, 1.13428355597e-09, 8.35049418502e-10, 7.18533343935e-10, 6.7010874627e-10, 6.53557208352e-10, 7.17668868777e-10],
        "mean": [5.3648022913e-06, 2.48347805609e-05, 3.26681474689e-05, 5.481351036e-05, 0.000171581588802, 0.00039683826617, 0.000320465303957, 0.000246686598985, 0.000415794405853, 0.000371928821551, 0.00047903417726, 0.000591504620388, 0.000407382904086, 0.000377419026336, 0.000424855446909, 0.000514047103934, 0.00045361960656, 0.000293076620437, 0.000388235115679, 0.00051202432951, 0.000670356792398, 0.000329681788571, 0.000333953328663, 0.000502431881614, 0.000444463017629, 0.000642651459202, 0.000543419911992, 0.000543412577827, 0.000269623065833, 0.000106451647298, 5.29263234057e-05, 3.1937543099e-05, 1.13824708023e-05, 7.42713382351e-06, 8.86090401764e-06, 1.87482364709e-05, 3.05961038976e-05, 5.51085722691e-05, 6.43578459858e-05, 5.97741018282e-05, 0.000113143345516, 0.000142556149513, 0.00018220389029, 0.000285179150524, 0.000130656088004, 8.09909688542e-05, 5.40141409147e-05, 4.47336824436e-05, 2.65050439339e-05, 8.70384701557e-06, 1.81532266197e-06, 1.61332934567e-06, 3.10332279696e-06, 7.15210126145e-06, 1.39151043186e-05, 1.77178408194e-05, 1.83053743967e-05, 1.53934051923e-05, 1.07828664113e-05, 1.2591529412e-05, 8.31833585835e-06, 2.8036954518e-06, 1.00729221231e-06, 1.67678877006e-06, 3.46218439518e-06, 6.12017856838e-06, 7.16757222108e-06, 7.13240706318e-06, 6.98479016137e-06, 5.42868247067e-06, 2.05951528187e-06, 6.32140483958e-07, 1.59092610375e-06, 4.03773447033e-06, 4.57897021988e-06, 5.34414857611e-06, 2.84773705062e-06, 1.45208139202e-06, 3.88632628301e-07, 5.25608982116e-07, 1.49736092681e-06, 2.4642763492e-06, 2.48348533205e-06, 1.33502385324e-06, 3.20734955039e-07, 5.22278753579e-07, 1.73658509084e-06, 3.36191146744e-06, 2.4486644179e-06, 6.53280437746e-07, 5.38478388989e-07, 1.79726191618e-06, 2.47942489295e-06, 1.17181355108e-06, 2.48275767945e-07, 7.74134662151e-07, 1.51573669882e-06, 9.90118110167e-07, 2.69163109579e-07, 7.52029620799e-07, 7.07165725089e-07, 4.42177539028e-09, 9.18359277513e-11, 1.68966229896e-10, 3.1912236742e-10, 2.62734556333e-10, 2.06728092977e-10, 9.98279722775e-11, 1.12367684602e-10, 6.21137932755e-11, 6.42732186917e-11, 2.080041972e-10, 3.8066518826e-09, 1.07919295722e-09, 2.68593536301e-10, 4.37368023742e-11, 7.31450837399e-12, 6.33941250189e-12, 5.43271027123e-12, 5.28657499721e-12, 4.65199146565e-12, 4.33093578361e-12, 4.44583606041e-12, 3.8548031954e-12, 4.02298376903e-12, 3.79812240686e-12, 3.70756637197e-12, 3.86218747955e-12],
        "min": [6.98321567238e-10, 2.49355096571e-08, 4.69278873538e-08, 3.60351286588e-08, 6.3538315942e-08, 7.19914297065e-08, 4.84998494699e-08, 3.29204894456e-08, 3.93856183223e-08, 5.89890021274e-08, 1.04063730078e-07, 1.10620547389e-07, 1.31087034561e-07, 9.22997429598e-08, 3.84451297464e-08, 1.81024901735e-08, 4.75714401205e-08, 1.79922263754e-08, 4.02485937911e-08, 7.91336844941e-08, 1.01130851249e-07, 9.33634041189e-08, 1.85721987123e-07, 1.47298266029e-07, 1.36459462396e-07, 9.01745167425e-08, 1.38847653375e-07, 5.23200114344e-08, 8.16207830212e-08, 3.97775536953e-08, 1.18730936194e-08, 5.91908033698e-09, 9.30062871163e-09, 1.01246921957e-08, 7.18036829994e-09, 1.2437117114e-08, 9.92308990533e-09, 1.12233156102e-08, 8.61841975563e-09, 1.08784563579e-08, 3.46934427853e-08, 2.80453118506e-08, 8.5638603764e-08, 1.08987151748e-07, 2.63174015913e-08, 2.65164299407e-08, 2.84252195115e-08, 5.37107158749e-09, 7.97050958568e-09, 5.21377163665e-09, 3.97080412995e-09, 7.01665281433e-10, 1.62862745512e-09, 2.10427164582e-09, 2.03048133862e-09, 2.7910658229e-09, 2.45313258596e-09, 3.9905243554e-09, 3.56724161321e-09, 2.64105448622e-09, 2.52539700263e-09, 8.22024781577e-10, 4.26437524181e-10, 7.43746231269e-10, 1.22935794877e-09, 1.37509481579e-09, 3.10608694321e-09, 2.7187141427e-09, 8.05700506312e-10, 8.29767898836e-09, 2.42223396896e-09, 1.54622759041e-10, 5.38290523266e-10, 1.54326251778e-09, 1.32082078608e-09, 1.34622102355e-09, 9.5235108688e-10, 1.47175316378e-09, 9.07427050167e-11, 3.82947597244e-11, 3.4367833579e-10, 9.4533425532e-10, 3.5336582549e-09, 3.86498566485e-09, 4.51394199796e-11, 3.96915028622e-10, 1.38699673968e-09, 9.41601574489e-10, 1.4291497985e-09, 4.63773547343e-10, 3.02305597222e-10, 1.35046374083e-09, 4.30089253101e-09, 2.1149813012e-09, 1.59685847878e-10, 1.05154929209e-09, 1.75314107675e-09, 1.32309307954e-09, 3.83891168854e-10, 1.19447363112e-09, 1.18243959069e-09, 3.27366779518e-12, 2.85439600016e-14, 3.79721617648e-14, 2.99024924288e-14, 3.78319100494e-14, 2.64830051741e-14, 3.32017467447e-14, 3.19828392286e-14, 3.25658079605e-14, 2.88347972344e-14, 3.29184074476e-14, 4.84803034306e-14, 3.46096374758e-14, 3.41525480043e-14, 3.19157338904e-14, 3.42727182626e-14, 3.44239543012e-14, 3.29620533613e-14, 2.51480084044e-14, 2.95579600834e-14, 2.83977621149e-14, 3.44586792639e-14, 3.69439992921e-14, 3.7717316656e-14, 3.63730787568e-14, 3.14332063254e-14, 3.49356164115e-14],
        "stdev": [9.1171477834e-06, 3.1241474062e-05, 4.17914525315e-05, 8.24953312986e-05, 0.000279174710158, 0.000761135364883, 0.000577974657062, 0.000605564157013, 0.00133717106655, 0.00117418251466, 0.00107104657218, 0.0011540352134, 0.000834065082017, 0.000942709855735, 0.000962353835348, 0.00107482436579, 0.000960155331995, 0.000611020135693, 0.00110605650116, 0.00132061203476, 0.00205438956618, 0.00127374578733, 0.000901145976968, 0.00164071458858, 0.00141305103898, 0.0022117162589, 0.00129340495914, 0.00144380389247, 0.000920974533074, 0.000458972062916, 0.000227262018598, 0.0001451188582, 4.10119937442e-05, 2.15378113353e-05, 2.97316018987e-05, 5.39147004019e-05, 8.51474469528e-05, 0.000233112543356, 0.000184910240932, 0.000198553767405, 0.000340890022926, 0.000407759682275, 0.000442314019892, 0.000710935040843, 0.000411840592278, 0.000295195088256, 0.000168967133504, 0.000162037526025, 9.49098248384e-05, 3.03170527332e-05, 6.47439219392e-06, 4.45672367277e-06, 1.08162339529e-05, 2.14126703213e-05, 3.47520326613e-05, 4.06340659538e-05, 5.05995194544e-05, 3.86363899452e-05, 2.38505763264e-05, 2.97990372928e-05, 1.99235801119e-05, 6.7508722168e-06, 2.21835171033e-06, 3.77222113457e-06, 9.11646839086e-06, 1.22392257254e-05, 1.71790925378e-05, 1.51592985276e-05, 1.37812558023e-05, 1.13779797175e-05, 4.28417160947e-06, 1.33775210998e-06, 4.19441266786e-06, 1.17948093248e-05, 1.45340118252e-05, 1.68139813468e-05, 9.24003416003e-06, 5.96435393163e-06, 1.59945193445e-06, 2.719590384e-06, 7.9717628978e-06, 1.30997132146e-05, 1.44515388456e-05, 8.39048880152e-06, 1.76571359134e-06, 2.29255101658e-06, 7.42621568861e-06, 1.47828768604e-05, 8.20223795017e-06, 2.30488103625e-06, 1.91382900994e-06, 6.55365010971e-06, 6.89179296387e-06, 3.63141543858e-06, 7.48670061057e-07, 2.5931287837e-06, 4.37808466813e-06, 2.56149019151e-06, 8.35778280361e-07, 2.13408611671e-06, 1.69764985003e-06, 1.37670639333e-08, 1.52840662349e-09, 3.33858918289e-09, 6.6193561743e-09, 4.30647961736e-09, 3.25434479365e-09, 1.69058811395e-09, 2.06861461294e-09, 1.2070271449e-09, 1.49485468448e-09, 1.28868060667e-09, 1.04599617856e-08, 3.90848553522e-09, 1.07607756039e-09, 2.07661624008e-10, 1.13631611065e-10, 9.16403411488e-11, 6.44161390895e-11, 5.31458974051e-11, 4.28403874875e-11, 3.27534319111e-11, 3.48451371923e-11, 2.49981580575e-11, 2.65051158105e-11, 2.36671359594e-11, 2.23406883271e-11, 2.60257232432e-11]
    },
    "mfcc": {
        "mean": [-672.483215332, 126.669090271, 1.89296174049, -2.86556172371, -7.87343645096, -6.7334856987, -14.6711883545, -12.6853275299, -13.5674123764, 13.1675615311, 4.05427408218, -0.561741411686, -19.3305835724],
        "cov": [[5100.29882812, -1194.61914062, -713.762084961, -36.5262641907, -132.091888428, -278.648956299, -49.1639442444, -83.6280822754, -68.2393188477, -11.813533783, -144.859863281, -102.574951172, -188.03793335], [-1194.61914062, 987.249450684, 225.246505737, -10.9483127594, 30.6358184814, 4.01666164398, -12.5418405533, 12.6194076538, -18.2668609619, -55.2110900879, 12.7843112946, 11.4828681946, 40.6573638916], [-713.762084961, 225.246505737, 519.221557617, 45.2871551514, 20.8577594757, 41.3174476624, -37.9773254395, 5.1083741188, -9.23012828827, -74.1132049561, 18.7655181885, 16.4307975769, 48.2234573364], [-36.5262641907, -10.9483127594, 45.2871551514, 167.312759399, 43.4817962646, 9.42232704163, -20.9976577759, 17.4639377594, 6.4257478714, -24.3668880463, -0.769696176052, 29.6025695801, 9.06082248688], [-132.091888428, 30.6358184814, 20.8577594757, 43.4817962646, 173.455871582, 36.6800918579, -21.5488014221, 17.5388793945, 45.5235290527, -10.7548561096, 1.65991199017, 1.42372298241, 1.88433790207], [-278.648956299, 4.01666164398, 41.3174476624, 9.42232704163, 36.6800918579, 176.59552002, 47.891544342, -3.83582854271, 1.30305671692, 26.8263721466, 13.6769380569, -8.55306625366, 6.16906642914], [-49.1639442444, -12.5418405533, -37.9773254395, -20.9976577759, -21.5488014221, 47.891544342, 127.636108398, 0.701066195965, -11.3694658279, 46.4795722961, -1.61424219608, -20.5865859985, -1.03285109997], [-83.6280822754, 12.6194076538, 5.1083741188, 17.4639377594, 17.5388793945, -3.83582854271, 0.701066195965, 99.2860107422, 33.4490394592, 7.26634073257, 3.77269887924, 4.29168176651, -0.991671264172], [-68.2393188477, -18.2668609619, -9.23012828827, 6.4257478714, 45.5235290527, 1.30305671692, -11.3694658279, 33.4490394592, 100.574623108, 21.9052257538, 3.52823424339, -1.55201530457, -1.74773228168], [-11.813533783, -55.2110900879, -74.1132049561, -24.3668880463, -10.7548561096, 26.8263721466, 46.4795722961, 7.26634073257, 21.9052257538, 112.769241333, 10.2831354141, -23.4703521729, -6.14269685745], [-144.859863281, 12.7843112946, 18.7655181885, -0.769696176052, 1.65991199017, 13.6769380569, -1.61424219608, 3.77269887924, 3.52823424339, 10.2831354141, 71.6986160278, 24.6066379547, 4.57738828659], [-102.574951172, 11.4828681946, 16.4307975769, 29.6025695801, 1.42372298241, -8.55306625366, -20.5865859985, 4.29168176651, -1.55201530457, -23.4703521729, 24.6066379547, 91.0716171265, 29.7952079773], [-188.03793335, 40.6573638916, 48.2234573364, 9.06082248688, 1.88433790207, 6.16906642914, -1.03285109997, -0.991671264172, -1.74773228168, -6.14269685745, 4.57738828659, 29.7952079773, 85.0050582886]],
        "icov": [[0.00039922434371, 0.00039783117245, 0.000336594705004, -5.29894787178e-05, 5.61738488614e-05, 0.000433441105997, 9.41476537264e-05, 0.000160723779118, 0.000236970503465, 0.000292220007395, 0.000390607019654, 0.000254568934906, 0.000393577240175], [0.00039783117245, 0.00156492961105, -0.000124404992675, 0.000265807640972, -0.000250425859122, 0.000573638826609, -6.20838982286e-05, -7.73166611907e-05, 0.000517332460731, 0.000600268307608, 0.000236370746279, 0.000311569892801, 6.81217134115e-05], [0.000336594705004, -0.000124404992675, 0.00291003030725, -0.000581356522162, 0.000379961536964, -0.000522744143382, 0.000627086497843, -2.51760993706e-05, 3.30061629938e-05, 0.00188385439105, -0.000545613584109, 0.00109616899863, -0.000966006948147], [-5.29894787178e-05, 0.000265807640972, -0.000581356522162, 0.00724124303088, -0.00168054073583, -0.000400310818804, 0.000398021133151, -0.00118829787243, 0.000531645608135, 0.000471490086056, 0.000982327503152, -0.00241023954004, 0.000207796663744], [5.61738488614e-05, -0.000250425859122, 0.000379961536964, -0.00168054073583, 0.00780223077163, -0.00199250504375, 0.0012401228305, -6.93807014613e-05, -0.00348579813726, 0.00133917795029, -4.27194499935e-05, 0.000872027536388, -8.47287083161e-05], [0.000433441105997, 0.000573638826609, -0.000522744143382, -0.000400310818804, -0.00199250504375, 0.00789106450975, -0.0027519040741, 0.000861848820932, 0.000845847651362, -0.00104093330447, -0.000784399162512, 0.000631072791293, 0.000234980703681], [9.41476537264e-05, -6.20838982286e-05, 0.000627086497843, 0.000398021133151, 0.0012401228305, -0.0027519040741, 0.0109739704058, -0.00086854264373, 0.00181357143447, -0.00342394039035, 0.000851084652822, 0.00121216441039, -0.000545628368855], [0.000160723779118, -7.73166611907e-05, -2.51760993706e-05, -0.00118829787243, -6.93807014613e-05, 0.000861848820932, -0.00086854264373, 0.011795161292, -0.00377696473151, -0.000200635011424, -0.000170269006048, -0.000370064226445, 0.000646225525998], [0.000236970503465, 0.000517332460731, 3.30061629938e-05, 0.000531645608135, -0.00348579813726, 0.000845847651362, 0.00181357143447, -0.00377696473151, 0.0139168733731, -0.00335574080236, 0.000342076877132, -5.35579420102e-05, 0.000239219240029], [0.000292220007395, 0.000600268307608, 0.00188385439105, 0.000471490086056, 0.00133917795029, -0.00104093330447, -0.00342394039035, -0.000200635011424, -0.00335574080236, 0.0139195844531, -0.00286985444836, 0.00347150093876, -0.000883135711774], [0.000390607019654, 0.000236370746279, -0.000545613584109, 0.000982327503152, -4.27194499935e-05, -0.000784399162512, 0.000851084652822, -0.000170269006048, 0.000342076877132, -0.00286985444836, 0.017255935818, -0.00569766480476, 0.00188958528452], [0.000254568934906, 0.000311569892801, 0.00109616899863, -0.00241023954004, 0.000872027536388, 0.000631072791293, 0.00121216441039, -0.000370064226445, -5.35579420102e-05, 0.00347150093876, -0.00569766480476, 0.0162691324949, -0.00515150092542], [0.000393577240175, 6.81217134115e-05, -0.000966006948147, 0.000207796663744, -8.47287083161e-05, 0.000234980703681, -0.000545628368855, 0.000646225525998, 0.000239219240029, -0.000883135711774, 0.00188958528452, -0.00515150092542, 0.0147586567327]]
    },
    "spectral_contrast_coeffs": {
        "max": [-0.403204202652, -0.444449335337, -0.409867376089, -0.510651528835, -0.638752996922, -0.581399559975],
        "mean": [-0.674287080765, -0.749138593674, -0.690014779568, -0.722682476044, -0.769623577595, -0.724235117435],
        "min": [-0.897290110588, -0.94370251894, -0.89052939415, -0.909305512905, -0.891638636589, -0.834653556347],
        "stdev": [0.0783964395523, 0.0750443637371, 0.0865570679307, 0.0629252269864, 0.0437254533172, 0.0364635810256]
    },
    "spectral_contrast_valleys": {
        "max": [-5.38603401184, -4.33539056778, -5.83482599258, -5.54513931274, -5.94623374939, -8.51800441742],
        "mean": [-7.38556432724, -6.35992145538, -7.97673749924, -8.094789505, -8.27901268005, -11.304104805],
        "min": [-9.97139644623, -9.27978897095, -10.4067173004, -10.5317440033, -10.8531723022, -13.1308755875],
        "stdev": [0.662982702255, 0.689814269543, 0.650425672531, 0.734768271446, 0.855691492558, 0.807567238808]
    }
},
"rhythm": {
    "beats_count": 66,
    "beats_loudness": {
        "max": 0.126259624958,
        "mean": 0.0350294187665,
        "min": 0.000131371140014,
        "stdev": 0.023589162156
    },
    "bpm": 99.7861557007,
    "bpm_histogram_first_peak_bpm": 99,
    "bpm_histogram_first_peak_weight": 0.369230747223,
    "bpm_histogram_second_peak_bpm": 0,
    "bpm_histogram_second_peak_spread": 0,
    "bpm_histogram_second_peak_weight": 0,
    "danceability": 1.50118613243,
    "onset_rate": 3.17814922333,
    "beats_loudness_band_ratio": {
        "max": [0.818052947521, 0.680329680443, 0.884984195232, 0.609217345715, 0.625567793846, 0.116094708443],
        "mean": [0.127071201801, 0.230569943786, 0.456365466118, 0.171585187316, 0.079512603581, 0.0265871006995],
        "min": [0.00927050504833, 0.0283247698098, 0.0525088496506, 0.0198296755552, 0.00497753173113, 0.00277350307442],
        "stdev": [0.131787180901, 0.135194987059, 0.198232203722, 0.150272384286, 0.104445569217, 0.0214332714677]
    },
