{
"metadata": {
    "version": {
        "essentia": "2.1-beta5",
        "essentia_git_sha": "Undefined",
        "extractor": "music 2.0"
    },
    "audio_properties": {
        "analysis": {
            "equal_loudness": 0,
            "length": 81.2466201782,
            "sample_rate": 44100,
            "start_time": 12.7477550507,
            "downmix": "mix"
        },
        "bit_rate": 192000,
        "length": 195.210159302,
        "lossless": 0,
        "number_channels": 2,
        "replay_gain": -6.10079574585,
        "sample_rate": 48000,
        "codec": "mp3",
        "md5_encoded": "c5af86f4bf28a8f5951c3e82c1825ff3"
    },
    "tags": {
        "file_name": "France_Printemps (avril Carillonne)_Jean-Paul Mauric.mp3",
        "encoding": ["Lavf58.29.100"]
    }
},
"lowlevel": {
    "average_loudness": 0.725922822952,
    "barkbands_crest": {
        "max": 25.473733902,
        "mean": 9.68501663208,
        "min": 2.36069202423,
        "stdev": 4.10414934158
    },
    "barkbands_flatness_db": {
        "max": 0.354425221682,
        "mean": 0.200202271342,
        "min": 0.0716569796205,
        "stdev": 0.0426322035491
    },
    "barkbands_kurtosis": {
        "max": 49.3183860779,
        "mean": 1.29260838032,
        "min": -1.90226233006,
        "stdev": 4.12840509415
    },
    "barkbands_skewness": {
        "max": 5.80965232849,
        "mean": 0.728488922119,
        "min": -4.6552696228,
        "stdev": 1.10379898548
    },
    "barkbands_spread": {
        "max": 87.7998962402,
        "mean": 19.0714187622,
        "min": 1.22605884075,
        "stdev": 10.0662527084
    },
    "dissonance": {
        "max": 0.5,
        "mean": 0.455899447203,
        "min": 0.257532417774,
        "stdev": 0.0345598310232
    },
    "dynamic_complexity": 5.07234096527,
    "erbbands_crest": {
        "max": 28.9341144562,
        "mean": 10.5197477341,
        "min": 2.97996616364,
        "stdev": 4.33424043655
    },
    "erbbands_flatness_db": {
        "max": 0.389690190554,
        "mean": 0.263789236546,
        "min": 0.135588780046,
        "stdev": 0.0462615415454
    },
    "erbbands_kurtosis": {
        "max": 35.6763496399,
        "mean": 0.604237318039,
        "min": -1.84785234928,
        "stdev": 3.14047932625
    },
    "erbbands_skewness": {
        "max": 4.25930976868,
        "mean": -0.0166684575379,
        "min": -4.86856126785,
        "stdev": 1.09536969662
    },
    "erbbands_spread": {
        "max": 98.4648513794,
        "mean": 27.7732658386,
        "min": 4.37988471985,
        "stdev": 12.4583568573
    },
    "hfc": {
        "max": 142.309692383,
        "mean": 13.7453556061,
        "min": 0.0330585353076,
        "stdev": 17.5410747528
    },
    "loudness_ebu128": {
        "integrated": -20.4271602631,
        "loudness_range": 6.33505821228,
        "momentary": {
            "max": -13.8818569183,
            "mean": -22.0500869751,
            "min": -38.0246887207,
            "stdev": 3.99228644371
        },
        "short_term": {
            "max": -16.9288768768,
            "mean": -21.0668373108,
            "min": -29.0457859039,
            "stdev": 2.41512346268
        }
    },
    "melbands_crest": {
        "max": 31.7973976135,
        "mean": 12.4817733765,
        "min": 2.9662539959,
        "stdev": 5.02466487885
    },
    "melbands_flatness_db": {
        "max": 0.387833535671,
        "mean": 0.196424379945,
        "min": 0.0413520075381,
        "stdev": 0.0532400421798
    },
    "melbands_kurtosis": {
        "max": 74.8625030518,
        "mean": 4.33042812347,
        "min": -1.90123236179,
        "stdev": 7.20072746277
    },
    "melbands_skewness": {
        "max": 7.08199548721,
        "mean": 1.49649202824,
        "min": -1.59369659424,
        "stdev": 1.08440852165
    },
    "melbands_spread": {
        "max": 242.02204895,
        "mean": 32.5192718506,
        "min": 1.65019261837,
        "stdev": 26.0815601349
    },
    "pitch_salience": {
        "max": 0.847216308117,
        "mean": 0.607966005802,
        "min": 0.170011147857,
        "stdev": 0.111978016794
    },
    "silence_rate_20dB": {
        "max": 1,
        "mean": 1,
        "min": 1,
        "stdev": 0
    },
    "silence_rate_30dB": {
        "max": 1,
        "mean": 0.998857140541,
        "min": 0,
        "stdev": 0.0337868072093
    },
    "silence_rate_60dB": {
        "max": 1,
        "mean": 0.334857136011,
        "min": 0,
        "stdev": 0.471940249205
    },
    "spectral_centroid": {
        "max": 5340.10253906,
        "mean": 1701.83508301,
        "min": 323.232910156,
        "stdev": 725.692199707
    },
    "spectral_complexity": {
        "max": 49,
        "mean": 12.0877141953,
        "min": 0,
        "stdev": 8.31590175629
    },
    "spectral_decrease": {
        "max": -6.17328670821e-12,
        "mean": -2.67362865181e-09,
        "min": -3.54701477079e-08,
        "stdev": 3.34007688174e-09
    },
    "spectral_energy": {
        "max": 0.13998773694,
        "mean": 0.0113376490772,
        "min": 2.88918981823e-05,
        "stdev": 0.0140718827024
    },
    "spectral_energyband_high": {
        "max": 0.00386527343653,
        "mean": 0.000174182408955,
        "min": 3.74275657578e-07,
        "stdev": 0.000380039593438
    },
    "spectral_energyband_low": {
        "max": 0.00409279810265,
        "mean": 0.000139502240927,
        "min": 3.08242135816e-07,
        "stdev": 0.000237738437136
    },
    "spectral_energyband_middle_high": {
        "max": 0.0827716514468,
        "mean": 0.00525036733598,
        "min": 5.83052860748e-06,
        "stdev": 0.00783179700375
    },
    "spectral_energyband_middle_low": {
        "max": 0.134070068598,
        "mean": 0.00589221948758,
        "min": 1.95673305825e-06,
        "stdev": 0.00837472639978
    },
    "spectral_entropy": {
        "max": 8.32139015198,
        "mean": 7.26401948929,
        "min": 5.89485168457,
        "stdev": 0.394549965858
    },
    "spectral_flux": {
        "max": 0.357178390026,
        "mean": 0.0576193854213,
        "min": 0.00258236797526,
        "stdev": 0.0425527878106
    },
    "spectral_kurtosis": {
        "max": 36.9487686157,
        "mean": 5.73542833328,
        "min": -1.25488996506,
        "stdev": 4.51135587692
    },
    "spectral_rms": {
        "max": 0.011686462909,
        "mean": 0.00277504674159,
        "min": 0.000167890495504,
        "stdev": 0.001833088696
    },
    "spectral_rolloff": {
        "max": 8031.88476562,
        "mean": 2181.61962891,
        "min": 236.865234375,
        "stdev": 1300.13879395
    },
    "spectral_skewness": {
        "max": 3.83374166489,
        "mean": 1.27853024006,
        "min": -0.708923399448,
        "stdev": 0.544797182083
    },
    "spectral_spread": {
        "max": 7009166.5,
        "mean": 2760891.25,
        "min": 1126095.5,
        "stdev": 806782.75
    },
    "spectral_strongpeak": {
        "max": 11.5491819382,
        "mean": 1.22987151146,
        "min": 0.00452647032216,
        "stdev": 1.38083589077
    },
    "zerocrossingrate": {
        "max": 0.29052734375,
        "mean": 0.0708032920957,
        "min": 0.01171875,
        "stdev": 0.0359949618578
    },
    "barkbands": {
        "max": [2.12132363231e-05, 0.000807822099887, 0.0014775757445, 0.00496801827103, 0.0117565849796, 0.0351674444973, 0.132074579597, 0.0659311711788, 0.0418722890317, 0.0427142232656, 0.0277986954898, 0.0270188227296, 0.0629764124751, 0.0284635797143, 0.0129448873922, 0.0102715454996, 0.0169209465384, 0.0185602549464, 0.00889088772237, 0.00169604981784, 0.00179847842082, 0.00187901989557, 0.00201617181301, 0.000586066336837, 9.33200567488e-07, 4.40437673888e-07, 4.65283704898e-07],
        "mean": [1.12481643555e-06, 4.70271552331e-05, 5.80638443353e-05, 8.93813266885e-05, 0.000394643197069, 0.000692810455803, 0.00147891696543, 0.00171769922599, 0.0012995620491, 0.000544097507372, 0.000535472936463, 0.00056246703025, 0.000710720720235, 0.000495485088322, 0.000415829446865, 0.000346012180671, 0.000708941312041, 0.000777106266469, 0.000265591457719, 4.55113513453e-05, 6.47461347398e-05, 4.25279649789e-05, 3.55875381501e-05, 8.28471365821e-06, 4.48161863176e-08, 5.40273104033e-10, 5.75380854073e-10],
        "min": [2.75156297747e-09, 8.16411755977e-08, 4.10438047993e-08, 2.10640749287e-08, 1.9772788562e-07, 2.38018404985e-08, 3.89108478771e-08, 3.50263675841e-08, 5.36796846973e-08, 5.54681633957e-08, 5.84313788465e-08, 3.90701977437e-08, 4.87730389409e-08, 6.54338805361e-08, 4.34519158432e-08, 1.08892315609e-07, 1.30076898586e-07, 2.25666781262e-07, 1.06254574916e-07, 4.83680580032e-08, 5.55065788888e-08, 4.32127293948e-08, 5.53453247676e-08, 6.12840409531e-08, 2.64244372911e-11, 2.66752748362e-11, 3.37327839273e-11],
        "stdev": [1.67611096913e-06, 8.4077626525e-05, 0.000126365717733, 0.000223848488531, 0.000652221089695, 0.0015178443864, 0.00463542388752, 0.00485153915361, 0.00336041790433, 0.00191826699302, 0.00189135223627, 0.00185912812594, 0.00278594018891, 0.00148633692879, 0.00115092657506, 0.00080096203601, 0.00139370735269, 0.00146806484554, 0.000594405515585, 0.000108230953629, 0.000141178432386, 0.000117578892969, 0.000113292648166, 3.30067377945e-05, 3.87925922496e-08, 7.86591058954e-09, 8.29407742486e-09]
    },
    "erbbands": {
        "max": [0.0131078818813, 0.230324938893, 1.49541211128, 9.70446109772, 14.8168287277, 65.7992248535, 99.1765975952, 430.609558105, 1181.09655762, 2059.44873047, 1452.27954102, 1188.68725586, 1197.88781738, 1812.30505371, 953.40032959, 972.420532227, 3045.21923828, 983.995544434, 1094.43688965, 549.966308594, 591.291381836, 1099.7713623, 936.284729004, 571.386535645, 274.062683105, 110.695579529, 71.194694519, 79.4296951294, 52.3777999878, 74.3447113037, 71.9211196899, 27.1439743042, 3.25918054581, 0.0956165269017, 0.0068103573285, 0.00176513299812, 0.000816986488644, 0.000288751500193, 7.87682947703e-05, 0.000163756893016],
        "mean": [0.000784559873864, 0.0130987474695, 0.0606861747801, 0.188124999404, 0.695754349232, 1.48815107346, 2.45266628265, 7.09542798996, 15.6569366455, 32.6105995178, 36.8452911377, 27.8565540314, 22.4483165741, 16.897315979, 22.9594573975, 23.4485473633, 31.2714157104, 26.1342201233, 27.7051410675, 16.5214138031, 24.518901825, 41.6123313904, 42.5167198181, 25.7285385132, 7.0789103508, 2.54552006721, 2.29443049431, 2.59105730057, 1.53342854977, 1.29929316044, 0.971519172192, 0.354683041573, 0.0492937974632, 0.00229318556376, 0.000262162648141, 3.05712273985e-05, 1.07621135612e-05, 3.96555878979e-06, 7.23841048966e-06, 1.42664321174e-05],
        "min": [1.93279311134e-06, 4.04423226428e-05, 0.000136368296808, 0.000248756288784, 0.000334930751706, 0.000426878948929, 0.000277452141745, 0.000527017749846, 0.000665691739414, 0.00171844742727, 0.00337744038552, 0.00157949898858, 0.00275505450554, 0.00201350310817, 0.00294761103578, 0.00172808219213, 0.00268957624212, 0.00282968161628, 0.00377634144388, 0.00258429301903, 0.00862748827785, 0.0147735308856, 0.0121149737388, 0.00955869723111, 0.00466170441359, 0.00398469809443, 0.00179659377318, 0.00275736837648, 0.00178289634641, 0.00183105480392, 0.0013830747921, 0.00185888586566, 0.000562107772566, 0.000264611880993, 5.21373040101e-05, 2.42610121859e-06, 2.41231134623e-07, 5.15967357728e-08, 3.2696281238e-08, 3.98280803893e-08],
        "stdev": [0.00132905866485, 0.0237174369395, 0.12822958827, 0.443138450384, 1.03690838814, 3.01833629608, 5.42733383179, 16.0900478363, 45.9452590942, 85.7079086304, 104.490112305, 75.875289917, 70.9931259155, 65.7738418579, 70.8902206421, 71.2140197754, 118.80116272, 71.6334991455, 80.7701339722, 37.8922576904, 51.0561065674, 79.6916809082, 82.3357467651, 46.7682685852, 16.2210998535, 6.31765365601, 5.07284545898, 5.6198348999, 4.03636169434, 3.67446947098, 3.50173354149, 1.37765538692, 0.180098623037, 0.0054628928192, 0.000352943490725, 5.88350631006e-05, 2.02762312256e-05, 7.21512060409e-06, 8.64899357111e-06, 1.7442393073e-05]
    },
    "gfcc": {
        "mean": [-122.117103577, 128.172302246, -193.448135376, 38.6735305786, -77.2306594849, -13.8545179367, -33.947052002, -13.3568639755, 6.58377218246, -28.0884418488, 5.92452716827, -11.2164573669, -7.9797410965],
        "cov": [[5220.29150391, 96.4696426392, -1391.63830566, -726.750061035, -16.0354385376, -511.036773682, 420.334014893, -321.447235107, 302.447296143, -136.837677002, 62.6141700745, 39.2696037292, -356.170806885], [96.4696426392, 809.079956055, 151.199874878, -332.471130371, 139.565979004, -178.740356445, -53.7500190735, 78.7390441895, -6.18792104721, -44.9883804321, 60.5960044861, 12.6696157455, -18.7153701782], [-1391.63830566, 151.199874878, 846.893310547, 338.302581787, -120.218582153, 197.329742432, -117.104270935, 55.8326797485, -87.401222229, 24.2844009399, 0.569359362125, 25.9450206757, 102.172042847], [-726.750061035, -332.471130371, 338.302581787, 594.092102051, 30.855588913, 202.779525757, -128.638748169, -72.3244171143, -21.3617610931, 66.8054122925, -28.7869987488, -11.6997375488, 85.4120025635], [-16.0354385376, 139.565979004, -120.218582153, 30.855588913, 381.667419434, -83.2839889526, -182.010498047, 15.428645134, 55.1124343872, 39.8575706482, 14.6708192825, -16.6844615936, -9.51916027069], [-511.036773682, -178.740356445, 197.329742432, 202.779525757, -83.2839889526, 359.013366699, 107.178398132, -35.2635192871, -73.1298370361, 51.8927230835, -9.71876430511, -27.2814693451, 57.1680793762], [420.334014893, -53.7500190735, -117.104270935, -128.638748169, -182.010498047, 107.178398132, 430.73236084, 107.226097107, -60.5667419434, -54.9175262451, -7.61258172989, -2.91706156731, -24.8102588654], [-321.447235107, 78.7390441895, 55.8326797485, -72.3244171143, 15.428645134, -35.2635192871, 107.226097107, 243.912460327, 10.2606039047, -54.7633132935, -2.87609529495, 5.5187830925, 10.3901004791], [302.447296143, -6.18792104721, -87.401222229, -21.3617610931, 55.1124343872, -73.1298370361, -60.5667419434, 10.2606039047, 144.270828247, 40.5974845886, -7.62984085083, -5.82787227631, -29.8669815063], [-136.837677002, -44.9883804321, 24.2844009399, 66.8054122925, 39.8575706482, 51.8927230835, -54.9175262451, -54.7633132935, 40.5974845886, 138.634063721, 25.9193401337, -33.5700950623, -1.06210482121], [62.6141700745, 60.5960044861, 0.569359362125, -28.7869987488, 14.6708192825, -9.71876430511, -7.61258172989, -2.87609529495, -7.62984085083, 25.9193401337, 82.7327270508, 33.9948425293, -23.1490001678], [39.2696037292, 12.6696157455, 25.9450206757, -11.6997375488, -16.6844615936, -27.2814693451, -2.91706156731, 5.5187830925, -5.82787227631, -33.5700950623, 33.9948425293, 93.8890914917, 14.3437318802], [-356.170806885, -18.7153701782, 102.172042847, 85.4120025635, -9.51916027069, 57.1680793762, -24.8102588654, 10.3901004791, -29.8669815063, -1.06210482121, -23.1490001678, 14.3437318802, 119.557662964]],
        "icov": [[0.00119358056691, -0.000122308701975, 0.000541757675819, 1.94834065042e-05, -0.000503875780851, 0.00118148606271, -0.0025799870491, 0.00354605680332, -0.00353207811713, 0.00276684341952, -0.00217826687731, 0.000859003339428, 0.000228502656682], [-0.000122308701975, 0.00498563610017, -0.00438314070925, 0.00437480164692, -0.00402850052342, 0.00203522364609, -0.00205037579872, 0.00267881853506, -0.00147010060027, 0.00296246889047, -0.00448480527848, 0.00377473887056, -0.00257788412273], [0.000541757675819, -0.00438314070925, 0.00668742321432, -0.00475511653349, 0.00490444386378, -0.00237965770066, 0.00292011839338, -0.00337596284226, 0.00168953684624, -0.00257194414735, 0.00346268923022, -0.00407144566998, 0.00259575014934], [1.94834065042e-05, 0.00437480164692, -0.00475511653349, 0.00690489308909, -0.00426466623321, 0.000589022878557, -0.00169836974237, 0.003536749864, -0.00210820836946, 0.00258511141874, -0.00306043610908, 0.00306888786145, -0.00287178857252], [-0.000503875780851, -0.00402850052342, 0.00490444386378, -0.00426466623321, 0.00817476864904, -0.00255364598706, 0.00583289563656, -0.00644138175994, 0.00370644661598, -0.00492094783112, 0.00432850979269, -0.00333838746883, 0.00248667900451], [0.00118148606271, 0.00203522364609, -0.00237965770066, 0.000589022878557, -0.00255364598706, 0.0079872040078, -0.00635370286182, 0.00636259652674, -0.00311769894324, 0.00238899886608, -0.00450149970129, 0.00393710285425, -0.00254436116666], [-0.0025799870491, -0.00205037579872, 0.00292011839338, -0.00169836974237, 0.00583289563656, -0.00635370286182, 0.0129381688312, -0.0130792846903, 0.0108586354181, -0.00812104530632, 0.00816286634654, -0.00492178881541, 0.00284643354826], [0.00354605680332, 0.00267881853506, -0.00337596284226, 0.003536749864, -0.00644138175994, 0.00636259652674, -0.0130792846903, 0.0204479489475, -0.0151309771463, 0.0140941264108, -0.0119260270149, 0.00758988456801, -0.00357915600762], [-0.00353207811713, -0.00147010060027, 0.00168953684624, -0.00210820836946, 0.00370644661598, -0.00311769894324, 0.0108586354181, -0.0151309771463, 0.0235050246119, -0.0163472816348, 0.0143056232482, -0.00827457942069, 0.00415322743356], [0.00276684341952, 0.00296246889047, -0.00257194414735, 0.00258511141874, -0.00492094783112, 0.00238899886608, -0.00812104530632, 0.0140941264108, -0.0163472816348, 0.0243231933564, -0.018202021718, 0.0131529299542, -0.00435672188178], [-0.00217826687731, -0.00448480527848, 0.00346268923022, -0.00306043610908, 0.00432850979269, -0.00450149970129, 0.00816286634654, -0.0119260270149, 0.0143056232482, -0.018202021718, 0.0318872518837, -0.0179472602904, 0.00900269765407], [0.000859003339428, 0.00377473887056, -0.00407144566998, 0.00306888786145, -0.00333838746883, 0.00393710285425, -0.00492178881541, 0.00758988456801, -0.00827457942069, 0.0131529299542, -0.0179472602904, 0.0230880845338, -0.00758761493489], [0.000228502656682, -0.00257788412273, 0.00259575014934, -0.00287178857252, 0.00248667900451, -0.00254436116666, 0.00284643354826, -0.00357915600762, 0.00415322743356, -0.00435672188178, 0.00900269765407, -0.00758761493489, 0.0144432662055]]
    },
    "melbands": {
        "max": [0.000153672415763, 0.000539913424291, 0.00157063757069, 0.00211747246794, 0.00284256716259, 0.00834889989346, 0.0231237523258, 0.0210416950285, 0.00947548169643, 0.00656132400036, 0.00596481142566, 0.00704228505492, 0.00432131998241, 0.00388390687294, 0.00643886579201, 0.00815289840102, 0.00175487308297, 0.00253692199476, 0.000970908207819, 0.000973068876192, 0.000876014935784, 0.00133945979178, 0.00153691822197, 0.000914141593967, 0.000516480009537, 0.000433103035903, 6.65597908664e-05, 6.75834307913e-05, 6.41827864456e-05, 4.19218922616e-05, 4.98772642459e-05, 3.35526528943e-05, 5.07352415298e-05, 3.23425920215e-05, 4.79881819047e-05, 2.53807029367e-05, 1.27452849483e-05, 2.49722984336e-06, 5.9514380979e-08, 1.73863607955e-08],
        "mean": [1.02238263935e-05, 2.74553531199e-05, 4.67574172944e-05, 7.93616709416e-05, 8.38984196889e-05, 0.000158478025696, 0.000256253551925, 0.000378737080609, 0.000286980357487, 0.000169896855368, 0.000108870488475, 6.48773420835e-05, 7.89330661064e-05, 6.00100975134e-05, 7.2452450695e-05, 6.57373821014e-05, 4.50064871984e-05, 4.68493672088e-05, 2.70715427177e-05, 1.80823917617e-05, 3.16627410939e-05, 4.40636104031e-05, 3.90246605093e-05, 3.72063550458e-05, 1.95116372197e-05, 7.99900954007e-06, 1.72457077952e-06, 1.51847700636e-06, 1.35970913107e-06, 1.50364587626e-06, 1.4726806512e-06, 8.7434989382e-07, 7.51049981318e-07, 7.19471586308e-07, 6.41511974209e-07, 3.26146647467e-07, 1.70789505205e-07, 3.82643925434e-08, 1.5322880742e-09, 6.29140406438e-10],
        "min": [2.71150835118e-08, 7.74239268253e-08, 5.5288676748e-08, 3.80646874021e-08, 7.27708560078e-09, 1.38581741638e-08, 8.99406593646e-09, 9.45972811195e-09, 1.74889134286e-08, 8.47897130285e-09, 1.06348654327e-08, 7.61462715104e-09, 1.1322257798e-08, 3.64944940934e-09, 4.68015537436e-09, 6.28569463146e-09, 3.77561271137e-09, 5.91194870836e-09, 2.92745916397e-09, 3.17666981609e-09, 2.42490005853e-09, 5.71395020188e-09, 1.19484795391e-08, 9.72137925714e-09, 7.47008499502e-09, 3.59029894703e-09, 1.98288452324e-09, 1.71563907525e-09, 1.05057607058e-09, 1.02556352299e-09, 1.34295330412e-09, 8.99875285398e-10, 7.41271877214e-10, 8.2558249126e-10, 6.87106593844e-10, 9.09809783067e-10, 9.33935484504e-10, 3.6792546787e-10, 2.6031539771e-11, 2.62616615737e-13],
        "stdev": [1.75738005055e-05, 5.09514029545e-05, 8.30276112538e-05, 0.000129097490571, 0.000170274812263, 0.000349817622919, 0.000793360115495, 0.000935704330914, 0.000782207353041, 0.000455571804196, 0.000353983428795, 0.000262906396529, 0.000262698653387, 0.000203602830879, 0.000283615401713, 0.000261634791968, 0.000131866036099, 0.000151114683831, 7.28438099031e-05, 4.47039928986e-05, 7.19931122148e-05, 8.85681729415e-05, 9.01746971067e-05, 7.11124885129e-05, 3.83974293072e-05, 2.25237381528e-05, 4.16490274802e-06, 3.98827978643e-06, 3.26323356603e-06, 3.43614306075e-06, 3.21676952808e-06, 2.32944012168e-06, 2.43639351538e-06, 1.95161260308e-06, 2.33156470131e-06, 1.3349542769e-06, 6.85902932673e-07, 1.42876359632e-07, 3.24469606738e-09, 5.80331005473e-10]
    },
    "melbands128": {
        "max": [1.34820284075e-05, 8.72074306244e-05, 0.000257397681708, 0.000481837778352, 0.000806823372841, 0.000965619750787, 0.00222429260612, 0.0024705384858, 0.00184805225581, 0.00213119224645, 0.00492440955713, 0.00446833157912, 0.0048797163181, 0.00654152082279, 0.0161391403526, 0.00886553898454, 0.0182678904384, 0.031542211771, 0.0512291677296, 0.0382037125528, 0.0168252345175, 0.0277890041471, 0.0148772224784, 0.013250879012, 0.0151438843459, 0.00837541837245, 0.0104724224657, 0.0109840324149, 0.0112615544349, 0.00760918390006, 0.0153922857717, 0.00738464528695, 0.00863751489669, 0.00503142457455, 0.0079544428736, 0.00487730372697, 0.00528854317963, 0.00906162057072, 0.0142768668011, 0.0132328569889, 0.0102546848357, 0.00588965741917, 0.00406979536638, 0.00471283402294, 0.00804036855698, 0.00388308451511, 0.00222656107508, 0.00196886900812, 0.00211921310984, 0.00109037896618, 0.00206615868956, 0.000623499043286, 0.00152608181816, 0.00188034214079, 0.00149655842688, 0.00260473135859, 0.00233352277428, 0.00302489753813, 0.00315698445775, 0.00199727714062, 0.00201075547375, 0.00118347723037, 0.00137505307794, 0.000630624417681, 0.00132384279277, 0.000748048187234, 0.000219046341954, 0.000138798161061, 6.47355846013e-05, 0.000166959987837, 0.000108087086119, 4.2555759137e-05, 5.77137907385e-05, 0.000108802785689, 6.36542681605e-05, 4.5060809498e-05, 6.38832061668e-05, 0.00011991829524, 5.12200786034e-05, 4.53820503026e-05, 5.86400055909e-05, 3.63954422937e-05, 3.77569231205e-05, 5.97629477852e-05, 7.31153122615e-05, 4.00923090638e-05, 3.8795031287e-05, 6.17606710875e-05, 6.36128897895e-05, 5.40307773917e-05, 3.7616406189e-05, 2.80692802335e-05, 2.20693655137e-05, 1.88466219697e-05, 8.93338983587e-06, 5.27376914761e-06, 2.06808590519e-06, 2.18932910911e-07, 5.32164747824e-08, 2.89952986066e-08, 2.33681785033e-08, 2.02239860414e-08, 4.58716655771e-08, 1.87232291893e-08, 3.3938643007e-09, 3.44526718266e-09, 3.30674176929e-09, 3.16014925339e-09, 3.03746849895e-09, 2.90326274133e-09, 2.78480927207e-09, 2.69236277717e-09, 2.58404764253e-09, 2.49047538148e-09, 2.40254616202e-09, 2.30689156666e-09, 2.23394835963e-09, 2.17467044372e-09, 2.11395123628e-09, 2.05036987388e-09, 2.01846916958e-09, 1.97519733902e-09, 1.93308369312e-09, 1.89258209105e-09, 1.86598181351e-09, 1.8459317408e-09, 1.82638770774e-09, 1.81599757454e-09],
        "mean": [6.05285606525e-07, 3.84117811336e-06, 1.35834543471e-05, 2.35787083511e-05, 2.9339647881e-05, 2.83863391815e-05, 3.21359293594e-05, 5.09830424562e-05, 6.9420239015e-05, 8.33954327391e-05, 8.4272622189e-05, 7.96219901531e-05, 6.92092799e-05, 0.000107010724605, 0.00014821892546, 0.000188269361388, 0.000221449750825, 0.000250801618677, 0.000310684816213, 0.000396380055463, 0.000387806998333, 0.000415164337028, 0.000221262554987, 0.000253652367974, 0.000175463370397, 0.000134011163027, 0.00016319831775, 0.000102627229353, 7.2696369898e-05, 5.88228504057e-05, 6.20812279521e-05, 7.33750202926e-05, 9.85983788269e-05, 6.17359910393e-05, 6.75045012031e-05, 5.46676201338e-05, 5.32634439878e-05, 8.05295567261e-05, 8.29618729767e-05, 6.13777519902e-05, 6.53904498904e-05, 6.59312718199e-05, 4.24494974141e-05, 3.22236446664e-05, 4.94951964356e-05, 5.37214509677e-05, 4.0573941078e-05, 2.70026157523e-05, 2.08838191611e-05, 2.10584694287e-05, 1.60172821779e-05, 1.55865927809e-05, 2.9490198358e-05, 3.72117392544e-05, 4.09378917539e-05, 4.93834522786e-05, 4.26561637141e-05, 3.61636884918e-05, 4.02497717005e-05, 3.86546635127e-05, 4.11796900153e-05, 3.3673040889e-05, 2.21103928197e-05, 1.52208340296e-05, 1.51703688971e-05, 8.67225026013e-06, 3.39889811585e-06, 1.6223991679e-06, 1.1634351722e-06, 2.01562670554e-06, 1.83519205166e-06, 1.04756372821e-06, 1.1634843986e-06, 1.5728244307e-06, 1.35675782076e-06, 1.30887679006e-06, 1.66956772318e-06, 1.83336851478e-06, 1.42853241414e-06, 1.16983505904e-06, 9.47249134242e-07, 7.21756634903e-07, 7.25696793324e-07, 8.06198102055e-07, 7.2876429158e-07, 6.45296893254e-07, 7.55116275286e-07, 7.87133103586e-07, 6.79448930896e-07, 5.11844234552e-07, 3.83831718409e-07, 2.59488928123e-07, 2.49214394898e-07, 1.9468258472e-07, 1.1026401836e-07, 6.09922778949e-08, 2.27538734521e-08, 2.69697841837e-09, 9.3525698297e-10, 7.36642247201e-10, 6.55432763619e-10, 6.3063043676e-10, 5.9437271771e-10, 3.61632251922e-10, 5.79726995575e-11, 4.88411394661e-12, 4.75554361515e-12, 3.91278329182e-12, 3.69372891648e-12, 3.54629997243e-12, 3.41198055052e-12, 3.30089558118e-12, 3.17652263e-12, 3.05900292076e-12, 2.95555116839e-12, 2.86107942893e-12, 2.77567248699e-12, 2.70251334332e-12, 2.63604806386e-12, 2.569224564e-12, 2.50595833147e-12, 2.45613924164e-12, 2.41625339528e-12, 2.36469871462e-12, 2.27757005963e-12, 2.15128566003e-12, 2.07794415355e-12, 2.05869002401e-12],
        "min": [2.50006015889e-10, 4.01806943273e-09, 6.6064700377e-09, 2.22706191266e-08, 1.18410863337e-08, 2.24584884023e-08, 1.29484041267e-08, 7.73291475298e-09, 1.73192269415e-08, 1.2319068432e-08, 1.5534994402e-09, 4.80670436787e-09, 2.97328228704e-09, 2.03037409108e-09, 2.21258034117e-09, 4.7254840041e-09, 4.80424233729e-09, 1.90268401035e-09, 3.46178286037e-09, 3.87882215236e-09, 1.78431203146e-09, 4.27204627229e-09, 2.9285385228e-09, 6.67766597573e-09, 5.81721248949e-09, 4.59590854263e-09, 1.50737777815e-09, 4.86534901256e-09, 5.44972245109e-09, 6.27090823713e-09, 2.58196175551e-09, 3.68882835389e-09, 8.54631299063e-09, 2.24654961301e-09, 1.22751142584e-09, 1.12534070951e-09, 2.51965226461e-09, 2.86667067861e-09, 2.71411026986e-09, 2.17841988892e-09, 2.97749558342e-09, 3.65288643778e-09, 1.56233836979e-09, 2.29936114593e-09, 2.14501527651e-09, 2.35612529487e-09, 2.8954914022e-09, 2.25798735265e-09, 3.19289816808e-09, 2.2390964638e-09, 1.23709986699e-09, 2.27750751591e-09, 1.77935932655e-09, 1.24879417918e-09, 2.05968975209e-09, 2.65575494929e-09, 2.56833487811e-09, 8.75646488652e-09, 3.04325520339e-09, 3.31383098739e-09, 8.31543456314e-09, 8.38981417672e-09, 5.68046631955e-09, 4.51594228679e-09, 2.75127653993e-09, 1.68249070231e-09, 1.6223530297e-09, 8.04546651523e-10, 5.22005161319e-10, 1.07769515534e-09, 1.432850949e-09, 8.91143714377e-10, 1.13443288097e-09, 7.3306288817e-10, 4.47285763983e-10, 4.25273344318e-10, 9.57973145255e-10, 1.11943831982e-09, 9.48289335945e-10, 5.07749897682e-10, 7.20172699253e-10, 4.39992015044e-10, 5.95569427109e-10, 6.55007492689e-10, 3.64039631773e-10, 7.41699424101e-10, 5.87861537227e-10, 5.4252818904e-10, 4.15573075951e-10, 3.98786642597e-10, 4.12411743644e-10, 4.68488026151e-10, 1.05553310537e-09, 1.03797503925e-09, 4.02255062593e-10, 2.73244094018e-10, 2.03195280046e-10, 2.86476155298e-11, 1.08501998618e-12, 2.67649888797e-13, 1.6029815279e-13, 1.2765836836e-13, 1.79407947916e-13, 1.6237708335e-13, 1.62370388402e-13, 1.07846864035e-13, 8.21847676176e-14, 1.07837844828e-13, 9.73920786683e-14, 7.22275226282e-14, 1.0548877852e-13, 8.04366949024e-14, 1.02358761387e-13, 9.21236421566e-14, 9.69457465152e-14, 9.87920547235e-14, 9.56700132526e-14, 9.7520461758e-14, 9.67313726406e-14, 8.89472414993e-14, 1.11761599595e-13, 9.28942117456e-14, 1.10978825955e-13, 9.89027585416e-14, 7.81324671303e-14, 3.05053867637e-14, 4.04030184214e-15, 1.40746594406e-16],
        "stdev": [8.50903461469e-07, 6.92383855494e-06, 2.60196811723e-05, 4.63153046439e-05, 6.86683997628e-05, 6.02986292506e-05, 9.69789471128e-05, 0.000114383561595, 0.000114866845252, 0.000159297633218, 0.000210077254451, 0.000207279445021, 0.000194193518837, 0.000346871704096, 0.000470795755973, 0.000510065990966, 0.000701752782334, 0.00108596112113, 0.00152300531045, 0.00137955707032, 0.00110302469693, 0.0016890297411, 0.000826344359666, 0.00096938497154, 0.000733719556592, 0.00051167194033, 0.000590416020714, 0.00050785986241, 0.000347325432813, 0.000258108106209, 0.000475317705423, 0.000317832396831, 0.000433532957686, 0.000286696857074, 0.000329697038978, 0.000253248319495, 0.000261629553279, 0.000375520176021, 0.000558017229196, 0.000354135903763, 0.000385570252547, 0.000287290400593, 0.000168587401276, 0.000175078836037, 0.000246059149504, 0.000233618731727, 0.000163797667483, 0.000100706281955, 7.69494872657e-05, 6.43954408588e-05, 6.65317784296e-05, 4.08309388149e-05, 8.52463563206e-05, 0.000112320194603, 0.000109729640826, 0.000132651490276, 0.000123574907775, 0.000117270537885, 0.000128517276607, 0.000111591711175, 0.000102078680356, 7.59791728342e-05, 5.56400955247e-05, 4.00040080422e-05, 5.19415953022e-05, 3.30130715156e-05, 1.14098884296e-05, 4.9650902838e-06, 3.21285483551e-06, 8.08004642749e-06, 5.62106697544e-06, 2.82199926005e-06, 2.97623728329e-06, 4.7049056775e-06, 3.6171213651e-06, 3.54779035661e-06, 4.28117300544e-06, 4.62894513475e-06, 3.44243994732e-06, 2.87496777673e-06, 2.73894283964e-06, 2.30475598073e-06, 2.50566404247e-06, 2.91123023999e-06, 2.73632667813e-06, 1.83796964848e-06, 2.07662787943e-06, 2.72774673249e-06, 2.70424811788e-06, 2.31097305914e-06, 1.72689271949e-06, 1.20858885566e-06, 1.08363894924e-06, 8.68525887654e-07, 4.09378372979e-07, 2.51906470794e-07, 9.23712448753e-08, 8.31884783281e-09, 1.66800673274e-09, 7.60417950829e-10, 6.64243715587e-10, 6.33237684511e-10, 1.16945131357e-09, 4.46393699782e-10, 8.7509936797e-11, 6.16387774155e-11, 5.91876339606e-11, 5.65046065493e-11, 5.42230912948e-11, 5.18548780304e-11, 4.9714003747e-11, 4.81005200947e-11, 4.61380378347e-11, 4.44766688756e-11, 4.28916659134e-11, 4.11999497019e-11, 3.98685459646e-11, 3.87569108751e-11, 3.76577311001e-11, 3.65815225334e-11, 3.5971444573e-11, 3.51850389102e-11, 3.44552476828e-11, 3.37229480452e-11, 3.32795388469e-11, 3.29039399893e-11, 3.25590145123e-11, 3.23737182895e-11]
    },
    "mfcc": {
        "mean": [-732.475097656, 132.756164551, -49.5116119385, 28.4048423767, -20.1521053314, -2.63336777687, -34.0495986938, 15.4834089279, -20.1199111938, -0.816652417183, -2.31737923622, 7.37768173218, -11.5601949692],
        "cov": [[5728.84521484, 303.575012207, -1659.02587891, -161.908111572, -833.695251465, 81.6316146851, -430.620544434, 197.510742188, -316.655548096, 111.367393494, -5.53575944901, 389.046936035, -289.057159424], [303.575012207, 1084.62243652, -157.284988403, -220.169616699, 107.949440002, -371.74230957, 6.3646903038, -16.2256679535, 34.4996185303, -205.805282593, 182.031585693, 25.5113296509, 32.4251823425], [-1659.02587891, -157.284988403, 1053.48571777, 116.068519592, 48.6576881409, 133.775619507, 147.828018188, 7.64588546753, 63.8080940247, -34.8526420593, -83.4686279297, -41.6037445068, 60.1910133362], [-161.908111572, -220.169616699, 116.068519592, 287.774169922, 167.435745239, 62.2761383057, -62.4775695801, -26.2714366913, -10.9717254639, 32.0426139832, -43.8514099121, -40.6169929504, 17.3611412048], [-833.695251465, 107.949440002, 48.6576881409, 167.435745239, 664.160217285, -32.9145088196, -144.399047852, -180.79498291, 4.80551624298, -48.5802383423, 31.0427131653, -75.8173370361, 86.4923477173], [81.6316146851, -371.74230957, 133.775619507, 62.2761383057, -32.9145088196, 401.040466309, 37.6148414612, -70.9287490845, -54.5308074951, 102.793899536, -98.5194854736, 44.8491172791, -9.79611778259], [-430.620544434, 6.3646903038, 147.828018188, -62.4775695801, -144.399047852, 37.6148414612, 322.886901855, 94.3376235962, 56.0768966675, 24.0341949463, 7.77221393585, -46.2263450623, 24.0590686798], [197.510742188, -16.2256679535, 7.64588546753, -26.2714366913, -180.79498291, -70.9287490845, 94.3376235962, 240.850097656, 43.4618186951, -6.58945894241, -0.663117587566, 9.42150974274, -30.0488796234], [-316.655548096, 34.4996185303, 63.8080940247, -10.9717254639, 4.80551624298, -54.5308074951, 56.0768966675, 43.4618186951, 142.369644165, 30.9131546021, 9.00243186951, -52.5528373718, 12.7963104248], [111.367393494, -205.805282593, -34.8526420593, 32.0426139832, -48.5802383423, 102.793899536, 24.0341949463, -6.58945894241, 30.9131546021, 212.971191406, -16.3448925018, -44.2853775024, -18.1020717621], [-5.53575944901, 182.031585693, -83.4686279297, -43.8514099121, 31.0427131653, -98.5194854736, 7.77221393585, -0.663117587566, 9.00243186951, -16.3448925018, 187.558517456, 38.8106307983, -16.227935791], [389.046936035, 25.5113296509, -41.6037445068, -40.6169929504, -75.8173370361, 44.8491172791, -46.2263450623, 9.42150974274, -52.5528373718, -44.2853775024, 38.8106307983, 199.380065918, -6.86038303375], [-289.057159424, 32.4251823425, 60.1910133362, 17.3611412048, 86.4923477173, -9.79611778259, 24.0590686798, -30.0488796234, 12.7963104248, -18.1020717621, -16.227935791, -6.86038303375, 124.833015442]],
        "icov": [[0.00176529178862, -0.00201509403996, 0.00239358190447, -0.00193290249445, 0.00237949192524, -0.0020884226542, 0.00231804605573, -0.00180195190478, 0.00167329388205, -0.00127873767633, 0.00113403808791, -0.00112137221731, 0.000761518254876], [-0.00201509403996, 0.00429295841604, -0.00267993332818, 0.00335911591537, -0.00311794900335, 0.00371297844686, -0.00304784323089, 0.00262401462533, -0.00208690017462, 0.00246127368882, -0.00200551049784, 0.0010116834892, -0.00091966841137], [0.00239358190447, -0.00267993332818, 0.00450148852542, -0.00316233327612, 0.00322756380774, -0.00327677233145, 0.00256505701691, -0.0023146062158, 0.00151951168664, -0.000999683397822, 0.00178740022238, -0.00150558713358, 0.000811843376141], [-0.00193290249445, 0.00335911591537, -0.00316233327612, 0.00790090486407, -0.00421760650352, 0.00237597431988, -0.00162433076184, 0.000947677064687, -0.00103695096914, 0.00101240247022, -0.00120453222189, 0.00188096740749, -0.0010725412285], [0.00237949192524, -0.00311794900335, 0.00322756380774, -0.00421760650352, 0.00626306980848, -0.00332180946134, 0.00422673346475, -0.00103025068529, 0.00159821100533, -0.000847466522828, 0.000416777504142, -0.000139455805765, -0.000552911835257], [-0.0020884226542, 0.00371297844686, -0.00327677233145, 0.00237597431988, -0.00332180946134, 0.00856241025031, -0.00483069289476, 0.0044438643381, -0.000517668260727, -0.000554492115043, 0.0010340618901, -0.00156451831572, 0.000444545468781], [0.00231804605573, -0.00304784323089, 0.00256505701691, -0.00162433076184, 0.00422673346475, -0.00483069289476, 0.00863675959408, -0.00449341721833, 0.00143355771434, -0.00143037515227, -0.00034404543112, 0.00106407667045, -0.00124610750936], [-0.00180195190478, 0.00262401462533, -0.0023146062158, 0.000947677064687, -0.00103025068529, 0.0044438643381, -0.00449341721833, 0.00905490666628, -0.00338963675313, 0.00182681367733, -0.000213624996832, -0.000389136839658, 0.00080155703472], [0.00167329388205, -0.00208690017462, 0.00151951168664, -0.00103695096914, 0.00159821100533, -0.000517668260727, 0.00143355771434, -0.00338963675313, 0.0115835824981, -0.00366798648611, 0.000947799824644, 0.00037895879359, 1.27669900394e-05], [-0.00127873767633, 0.00246127368882, -0.000999683397822, 0.00101240247022, -0.000847466522828, -0.000554492115043, -0.00143037515227, 0.00182681367733, -0.00366798648611, 0.00863661896437, -0.00245204032399, 0.00297309132293, -0.00052696763305], [0.00113403808791, -0.00200551049784, 0.00178740022238, -0.00120453222189, 0.000416777504142, 0.0010340618901, -0.00034404543112, -0.000213624996832, 0.000947799824644, -0.00245204032399, 0.00911029521376, -0.00394514622167, 0.00277457176708], [-0.00112137221731, 0.0010116834892, -0.00150558713358, 0.00188096740749, -0.000139455805765, -0.00156451831572, 0.00106407667045, -0.000389136839658, 0.00037895879359, 0.00297309132293, -0.00394514622167, 0.00915500335395, -0.00233736797236], [0.000761518254876, -0.00091966841137, 0.000811843376141, -0.0010725412285, -0.000552911835257, 0.000444545468781, -0.00124610750936, 0.00080155703472, 1.27669900394e-05, -0.00052696763305, 0.00277457176708, -0.00233736797236, 0.0107762264088]]
    },
    "spectral_contrast_coeffs": {
        "max": [-0.39041364193, -0.418683230877, -0.477168411016, -0.56911367178, -0.489675402641, -0.460479319096],
        "mean": [-0.699139714241, -0.713477671146, -0.755774497986, -0.773468732834, -0.726136505604, -0.678645789623],
        "min": [-0.922146916389, -0.937772035599, -0.935570001602, -0.911953151226, -0.890438616276, -0.861067116261],
        "stdev": [0.0768728032708, 0.0966701582074, 0.0795838609338, 0.0645120218396, 0.0780795142055, 0.0701297745109]
    },
    "spectral_contrast_valleys": {
        "max": [-6.15872430801, -4.83494091034, -5.32959318161, -5.85351276398, -5.9651799202, -10.4286785126],
        "mean": [-8.37386703491, -7.38681745529, -8.1751537323, -8.19574546814, -8.37654018402, -12.3224897385],
        "min": [-11.0549125671, -10.5522384644, -11.0068216324, -11.1310043335, -10.6243038177, -13.1621732712],
        "stdev": [0.695189118385, 0.845530211926, 0.941040098667, 0.909591197968, 0.851911842823, 0.341969370842]
    }
},
"rhythm": {
    "beats_count": 143,
    "beats_loudness": {
        "max": 0.105155028403,
        "mean": 0.0205849092454,
        "min": 0.000188753547263,
        "stdev": 0.0188096798956
    },
    "bpm": 93.6962356567,
    "bpm_histogram_first_peak_bpm": 94,
    "bpm_histogram_first_peak_weight": 0.66666662693,
    "bpm_histogram_second_peak_bpm": 191,
    "bpm_histogram_second_peak_spread": 0,
    "bpm_histogram_second_peak_weight": 0.0774647891521,
    "danceability": 1.20520067215,
    "onset_rate": 3.43349838257,
    "beats_loudness_band_ratio": {
        "max": [0.327560335398, 0.749294936657, 0.896278083324, 0.783489704132, 0.813320934772, 0.727495014668],
        "mean": [0.0500736311078, 0.145641028881, 0.376829117537, 0.194187045097, 0.236029222608, 0.0421290695667],
        "min": [0.000401848083129, 0.000996748683974, 0.00986671168357, 0.00214596814476, 0.0128519721329, 0.000756735971663],
        "stdev": [0.0603036247194, 0.166148096323, 0.216827467084, 0.176386132836, 0.184907108545, 0.0763861313462]
    },
