{
"metadata": {
    "version": {
        "essentia": "2.1-beta5",
        "essentia_git_sha": "Undefined",
        "extractor": "music 2.0"
    },
    "audio_properties": {
        "analysis": {
            "equal_loudness": 0,
            "length": 48.7502937317,
            "sample_rate": 44100,
            "start_time": 93.9943771362,
            "downmix": "mix"
        },
        "bit_rate": 192000,
        "length": 202.605728149,
        "lossless": 0,
        "number_channels": 2,
        "replay_gain": -5.1739025116,
        "sample_rate": 48000,
        "codec": "mp3",
        "md5_encoded": "c5b84bcefb6a0147af6c12ef26aea9e0"
    },
    "tags": {
        "file_name": "Finland_Valoa Ikkunassa_Laila Kinnunen.mp3",
        "encoding": ["Lavf58.29.100"]
    }
},
"lowlevel": {
    "average_loudness": 0.217784076929,
    "barkbands_crest": {
        "max": 26.2347145081,
        "mean": 13.6980991364,
        "min": 3.09487390518,
        "stdev": 5.4130988121
    },
    "barkbands_flatness_db": {
        "max": 0.454973697662,
        "mean": 0.254079163074,
        "min": 0.0956161171198,
        "stdev": 0.0582919828594
    },
    "barkbands_kurtosis": {
        "max": 144.924041748,
        "mean": 6.87805747986,
        "min": -1.89568424225,
        "stdev": 12.9255418777
    },
    "barkbands_skewness": {
        "max": 10.5023651123,
        "mean": 1.60322320461,
        "min": -1.7366566658,
        "stdev": 1.57310795784
    },
    "barkbands_spread": {
        "max": 75.5373840332,
        "mean": 9.25098991394,
        "min": 0.624581217766,
        "stdev": 8.35657501221
    },
    "dissonance": {
        "max": 0.5,
        "mean": 0.418556630611,
        "min": 0.225035890937,
        "stdev": 0.0485359467566
    },
    "dynamic_complexity": 3.77285456657,
    "erbbands_crest": {
        "max": 30.4789524078,
        "mean": 14.5541830063,
        "min": 3.14937591553,
        "stdev": 5.93620252609
    },
    "erbbands_flatness_db": {
        "max": 0.440208375454,
        "mean": 0.301049619913,
        "min": 0.147544711828,
        "stdev": 0.0472045317292
    },
    "erbbands_kurtosis": {
        "max": 35.9601478577,
        "mean": 2.21558022499,
        "min": -1.79095780849,
        "stdev": 3.96147799492
    },
    "erbbands_skewness": {
        "max": 5.37829017639,
        "mean": 0.874966561794,
        "min": -3.0765311718,
        "stdev": 0.992245972157
    },
    "erbbands_spread": {
        "max": 111.708122253,
        "mean": 18.2017383575,
        "min": 2.19388723373,
        "stdev": 12.1953315735
    },
    "hfc": {
        "max": 143.136459351,
        "mean": 13.3519573212,
        "min": 0.0739022493362,
        "stdev": 18.1409072876
    },
    "loudness_ebu128": {
        "integrated": -20.4798259735,
        "loudness_range": 8.08684444427,
        "momentary": {
            "max": -12.1535453796,
            "mean": -22.019241333,
            "min": -38.0725784302,
            "stdev": 3.68288135529
        },
        "short_term": {
            "max": -15.0189399719,
            "mean": -21.1877822876,
            "min": -25.7316684723,
            "stdev": 2.13532662392
        }
    },
    "melbands_crest": {
        "max": 32.5267753601,
        "mean": 16.9673671722,
        "min": 4.0695643425,
        "stdev": 6.64735889435
    },
    "melbands_flatness_db": {
        "max": 0.500734269619,
        "mean": 0.274382323027,
        "min": 0.0840220674872,
        "stdev": 0.0707998499274
    },
    "melbands_kurtosis": {
        "max": 230.278320312,
        "mean": 11.5796394348,
        "min": -1.40366065502,
        "stdev": 22.1814575195
    },
    "melbands_skewness": {
        "max": 12.5327262878,
        "mean": 1.98427927494,
        "min": -1.71335446835,
        "stdev": 1.89102470875
    },
    "melbands_spread": {
        "max": 150.546600342,
        "mean": 13.880320549,
        "min": 0.685896575451,
        "stdev": 12.6797513962
    },
    "pitch_salience": {
        "max": 0.884080350399,
        "mean": 0.499417304993,
        "min": 0.0820432081819,
        "stdev": 0.152710825205
    },
    "silence_rate_20dB": {
        "max": 1,
        "mean": 1,
        "min": 1,
        "stdev": 0
    },
    "silence_rate_30dB": {
        "max": 1,
        "mean": 0.989528775215,
        "min": 0,
        "stdev": 0.101789474487
    },
    "silence_rate_60dB": {
        "max": 1,
        "mean": 0.143741071224,
        "min": 0,
        "stdev": 0.350826412439
    },
    "spectral_centroid": {
        "max": 4184.70605469,
        "mean": 935.489868164,
        "min": 282.911376953,
        "stdev": 482.22555542
    },
    "spectral_complexity": {
        "max": 33,
        "mean": 10.4654922485,
        "min": 0,
        "stdev": 5.71271085739
    },
    "spectral_decrease": {
        "max": -3.35090531711e-11,
        "mean": -4.27163504568e-09,
        "min": -3.80287232815e-08,
        "stdev": 4.792557462e-09
    },
    "spectral_energy": {
        "max": 0.15651203692,
        "mean": 0.017333207652,
        "min": 0.000133821347845,
        "stdev": 0.0196697544307
    },
    "spectral_energyband_high": {
        "max": 0.00117681862321,
        "mean": 5.79577063036e-05,
        "min": 6.18315823431e-07,
        "stdev": 0.000129047766677
    },
    "spectral_energyband_low": {
        "max": 0.00164804328233,
        "mean": 8.00045090728e-05,
        "min": 6.84324277245e-07,
        "stdev": 0.00013815719285
    },
    "spectral_energyband_middle_high": {
        "max": 0.102169170976,
        "mean": 0.0054774559103,
        "min": 7.9532919699e-06,
        "stdev": 0.00927231553942
    },
    "spectral_energyband_middle_low": {
        "max": 0.121327325702,
        "mean": 0.0120550878346,
        "min": 5.73737961531e-05,
        "stdev": 0.01435169857
    },
    "spectral_entropy": {
        "max": 8.07495307922,
        "mean": 6.74770402908,
        "min": 4.54592752457,
        "stdev": 0.54388654232
    },
    "spectral_flux": {
        "max": 0.221885100007,
        "mean": 0.052803248167,
        "min": 0.00517639238387,
        "stdev": 0.0343679115176
    },
    "spectral_kurtosis": {
        "max": 45.04895401,
        "mean": 10.558590889,
        "min": -1.36976504326,
        "stdev": 7.32804918289
    },
    "spectral_rms": {
        "max": 0.0123569685966,
        "mean": 0.00363674992695,
        "min": 0.000361327285646,
        "stdev": 0.00191949796863
    },
    "spectral_rolloff": {
        "max": 7041.35742188,
        "mean": 1173.24511719,
        "min": 215.33203125,
        "stdev": 935.688171387
    },
    "spectral_skewness": {
        "max": 5.36784315109,
        "mean": 2.06678509712,
        "min": -0.684292793274,
        "stdev": 0.805145561695
    },
    "spectral_spread": {
        "max": 7058918.5,
        "mean": 2479855.5,
        "min": 1191582.5,
        "stdev": 741936.6875
    },
    "spectral_strongpeak": {
        "max": 10.5176000595,
        "mean": 1.81361949444,
        "min": 0.0126894610003,
        "stdev": 1.6545945406
    },
    "zerocrossingrate": {
        "max": 0.20751953125,
        "mean": 0.0417532771826,
        "min": 0.01123046875,
        "stdev": 0.0242447759956
    },
    "barkbands": {
        "max": [2.52243535215e-05, 0.000494457257446, 0.00128571793903, 0.00121588702314, 0.0220036990941, 0.0431043505669, 0.0353800244629, 0.0667519718409, 0.0875699445605, 0.0852065980434, 0.0483203940094, 0.0400638654828, 0.0156141854823, 0.0136612551287, 0.00915054790676, 0.00578532367945, 0.00386111461557, 0.00259309401736, 0.00324778934009, 0.0011927097803, 0.000623534608167, 0.000566712929867, 0.000519282300957, 8.57983905007e-05, 2.30320665651e-07, 2.58630237226e-08, 2.75406861761e-08],
        "mean": [1.84507518952e-06, 1.58090915647e-05, 3.2778167224e-05, 7.2211085353e-05, 0.0016256114468, 0.00325143430382, 0.000685457140207, 0.0017375475727, 0.00389674957842, 0.00191605382133, 0.000806513009593, 0.00133711937815, 0.000559846754186, 0.000507091870531, 0.000317381724017, 0.000185692726518, 0.000101316305518, 9.96888484224e-05, 9.77545423666e-05, 4.67083409603e-05, 1.31818096634e-05, 1.11487415779e-05, 1.25315355035e-05, 1.66268137036e-06, 7.84625200367e-08, 6.04804428761e-10, 6.44680531181e-10],
        "min": [1.72030545365e-09, 1.77756035669e-07, 9.38531741213e-08, 3.94268582227e-08, 8.81765686245e-07, 1.66365509813e-06, 5.06195192429e-07, 5.25352447767e-07, 8.64576009008e-07, 3.70143823147e-07, 3.04934815176e-07, 2.67011017741e-07, 1.61332678772e-07, 1.42167138506e-07, 1.74411951548e-07, 1.81961866019e-07, 1.26148890445e-07, 1.92941740806e-07, 1.51660486836e-07, 1.24038209037e-07, 9.86469643749e-08, 8.15667036136e-08, 8.42452791971e-08, 5.12421820531e-08, 9.49454914689e-09, 3.13336752378e-11, 4.80147761828e-11],
        "stdev": [2.36743790083e-06, 2.08932651731e-05, 7.17077637091e-05, 0.000116761410027, 0.00260999868624, 0.00554677564651, 0.00219629681669, 0.00481250882149, 0.0112837823108, 0.00627175485715, 0.00276742968708, 0.00341567723081, 0.00159699982032, 0.00120790791698, 0.000782532442827, 0.000418055889895, 0.000209813559195, 0.000204920521355, 0.000272667908575, 0.000112459551019, 3.49401125277e-05, 3.9753234887e-05, 4.63334181404e-05, 5.42839097761e-06, 1.96452436541e-08, 1.33167632477e-09, 1.4196746001e-09]
    },
    "erbbands": {
        "max": [0.00374199822545, 0.166647315025, 1.19510638714, 3.48405456543, 7.96845293045, 78.5939025879, 427.880096436, 458.885498047, 337.607177734, 674.471740723, 1625.04919434, 2084.42675781, 3432.72167969, 2292.85498047, 1682.93847656, 1159.6673584, 799.262390137, 804.622924805, 540.229492188, 529.900756836, 234.64666748, 190.180130005, 169.583755493, 170.572341919, 110.054275513, 51.5736541748, 39.1014976501, 19.3354053497, 22.4083805084, 28.9650974274, 15.0386362076, 2.96971344948, 0.518391728401, 0.0150888320059, 0.00149299856275, 0.000211392747588, 0.000101748373709, 3.57833741873e-05, 8.42325607664e-05, 0.000185662924196],
        "mean": [0.000414862908656, 0.00407935166731, 0.0294905863702, 0.155293464661, 0.639496386051, 5.54034328461, 25.9281806946, 22.1827716827, 9.04103469849, 20.8570823669, 41.7786712646, 70.9727478027, 101.939651489, 45.7641868591, 43.4399642944, 45.6746749878, 25.0978393555, 29.4558639526, 20.6908054352, 12.5549249649, 10.4880990982, 5.71288394928, 5.46789264679, 5.145652771, 4.12020778656, 2.31638240814, 0.711017847061, 0.497152924538, 0.391562372446, 0.476924180984, 0.302561730146, 0.0800800174475, 0.00973262265325, 0.00154962192755, 0.000352648319677, 2.43268914346e-05, 8.81615778781e-06, 2.65660833065e-06, 9.16636508919e-06, 2.02749015443e-05],
        "min": [5.80784353588e-06, 6.27250483376e-05, 0.000313965138048, 0.000918495876249, 0.00311028864235, 0.0033201049082, 0.0106950644404, 0.023645689711, 0.0410950109363, 0.0387816429138, 0.0242716539651, 0.0174984429032, 0.0169031359255, 0.0164110101759, 0.0178240723908, 0.0120135182515, 0.0086166607216, 0.0100013492629, 0.00822196993977, 0.0124682597816, 0.0198613796383, 0.0162990894169, 0.0103231398389, 0.00921561662108, 0.00779638439417, 0.00631388043985, 0.00388685893267, 0.00383654935285, 0.00316435727291, 0.00260355975479, 0.00249855499715, 0.00141761731356, 0.000781419978011, 0.000137039474794, 6.64920298732e-05, 3.87133013646e-06, 4.39876060909e-07, 1.02996835949e-07, 8.78186625641e-08, 1.56990239475e-07],
        "stdev": [0.000373512943042, 0.00629435153678, 0.0592026747763, 0.276802510023, 0.90163487196, 9.7431230545, 47.7440185547, 42.4426269531, 22.6147994995, 60.8606414795, 107.150657654, 177.627868652, 319.206420898, 148.313217163, 100.790367126, 102.825950623, 63.5964889526, 72.1414794922, 43.606590271, 33.0710258484, 22.5333461761, 11.5753774643, 11.5970993042, 12.7574119568, 10.4024047852, 5.5669465065, 1.62610137463, 1.51307141781, 1.28423988819, 2.0501499176, 1.05678892136, 0.246294334531, 0.0280687771738, 0.00092915026471, 0.000125865757582, 2.03224317374e-05, 9.78575371846e-06, 3.37169672093e-06, 1.05467015601e-05, 2.3242271709e-05]
    },
    "gfcc": {
        "mean": [-122.268547058, 149.612609863, -186.592514038, 3.40135169029, -79.1267623901, -16.2723560333, -31.6210517883, -19.6016292572, -7.81629943848, -25.0074501038, 5.825548172, -14.457444191, 5.95747041702],
        "cov": [[2459.68798828, -114.066719055, -1071.9296875, -473.698425293, 86.9526443481, -116.529418945, 334.553863525, -94.3785018921, 48.7487869263, -144.096923828, 23.6038722992, -57.3499145508, -168.345581055], [-114.066719055, 437.429534912, 168.672531128, -221.21522522, 149.82069397, -100.349319458, -86.9452896118, 3.66212677956, -90.7814102173, -25.3573722839, -1.96931922436, -32.7301063538, 23.9625720978], [-1071.9296875, 168.672531128, 836.858520508, 270.000305176, -119.720657349, -19.1264743805, -216.988800049, -33.9273605347, -12.2835874557, 7.77771854401, -23.8622226715, 59.8709335327, 87.0624084473], [-473.698425293, -221.21522522, 270.000305176, 602.083129883, -70.4432678223, 99.7884292603, -136.663131714, -29.3176708221, 101.337905884, -7.19775438309, -84.3388748169, 36.4182510376, -15.0368080139], [86.9526443481, 149.82069397, -119.720657349, -70.4432678223, 254.658660889, -5.26306438446, -43.0007171631, 23.883556366, -47.0070610046, -16.0032711029, -15.9596729279, -26.2896442413, -10.8705558777], [-116.529418945, -100.349319458, -19.1264743805, 99.7884292603, -5.26306438446, 283.237213135, 85.363899231, -17.2073059082, 8.19335651398, 18.2459373474, -50.3218727112, -34.3680152893, -57.0869064331], [334.553863525, -86.9452896118, -216.988800049, -136.663131714, -43.0007171631, 85.363899231, 254.408187866, 52.3656311035, -36.7540359497, 14.867726326, 29.8784713745, -29.9786453247, -33.4822692871], [-94.3785018921, 3.66212677956, -33.9273605347, -29.3176708221, 23.883556366, -17.2073059082, 52.3656311035, 124.345176697, 21.7300758362, 25.6623630524, 7.61135482788, -27.9792289734, 3.64997076988], [48.7487869263, -90.7814102173, -12.2835874557, 101.337905884, -47.0070610046, 8.19335651398, -36.7540359497, 21.7300758362, 146.600341797, 41.0040740967, -35.8500823975, -17.7260284424, -14.9640235901], [-144.096923828, -25.3573722839, 7.77771854401, -7.19775438309, -16.0032711029, 18.2459373474, 14.867726326, 25.6623630524, 41.0040740967, 112.180648804, 29.0001945496, -25.9859142303, 11.2519311905], [23.6038722992, -1.96931922436, -23.8622226715, -84.3388748169, -15.9596729279, -50.3218727112, 29.8784713745, 7.61135482788, -35.8500823975, 29.0001945496, 115.64012146, 50.2617340088, 18.729549408], [-57.3499145508, -32.7301063538, 59.8709335327, 36.4182510376, -26.2896442413, -34.3680152893, -29.9786453247, -27.9792289734, -17.7260284424, -25.9859142303, 50.2617340088, 118.709617615, 52.7462501526], [-168.345581055, 23.9625720978, 87.0624084473, -15.0368080139, -10.8705558777, -57.0869064331, -33.4822692871, 3.64997076988, -14.9640235901, 11.2519311905, 18.729549408, 52.7462501526, 115.593643188]],
        "icov": [[0.00377085804939, -0.00103193160612, 0.00284482212737, 0.000317621743307, -0.00202825642191, 0.00359284481965, -0.00679668132216, 0.00795303378254, -0.00757534895092, 0.0061720632948, -0.00212974776514, 0.00138759240508, 0.00109856424388], [-0.00103193160612, 0.00814932584763, -0.00418027536944, 0.00363675691187, -0.00401503499597, 0.000485744414618, 0.00258182245307, -0.00165739003569, 0.00292830448598, -0.000708988460246, 0.0015180563787, 0.00165339501109, 0.000539498636499], [0.00284482212737, -0.00418027536944, 0.00613322481513, -0.00189810851589, 0.00251197838224, 0.00142734462861, -0.00249097542837, 0.00427880650386, -0.00349993049167, 0.00325401639566, -0.00125619838946, -8.56059559737e-05, -0.000299382954836], [0.000317621743307, 0.00363675691187, -0.00189810851589, 0.00484887044877, -0.0017308590468, -0.000185038647032, 0.00115319225006, 0.000189080572454, -0.00126403651666, 0.000676036637742, 0.00220269151032, -0.00126299692784, 0.00183291570283], [-0.00202825642191, -0.00401503499597, 0.00251197838224, -0.0017308590468, 0.0109560070559, -0.00411767326295, 0.0083620371297, -0.00842970050871, 0.00839621666819, -0.00495825242251, 0.00258990027942, -0.00221784529276, -0.000391679350287], [0.00359284481965, 0.000485744414618, 0.00142734462861, -0.000185038647032, -0.00411767326295, 0.0100833177567, -0.0104031972587, 0.0099823763594, -0.00667410902679, 0.00316468579695, 0.00170710857492, 0.000254754209891, 0.00373173039407], [-0.00679668132216, 0.00258182245307, -0.00249097542837, 0.00115319225006, 0.0083620371297, -0.0104031972587, 0.0239166133106, -0.0203503016382, 0.0189075432718, -0.0118082379922, 0.00357850897126, -0.00238023279235, -0.00108527357224], [0.00795303378254, -0.00165739003569, 0.00427880650386, 0.000189080572454, -0.00842970050871, 0.0099823763594, -0.0203503016382, 0.0297449119389, -0.0209643393755, 0.0137508222833, -0.00712443143129, 0.00698381755501, -5.35367944394e-05], [-0.00757534895092, 0.00292830448598, -0.00349993049167, -0.00126403651666, 0.00839621666819, -0.00667410902679, 0.0189075432718, -0.0209643393755, 0.0305350832641, -0.020161356777, 0.0117787877098, -0.00639722496271, 0.00139032921288], [0.0061720632948, -0.000708988460246, 0.00325401639566, 0.000676036637742, -0.00495825242251, 0.00316468579695, -0.0118082379922, 0.0137508222833, -0.020161356777, 0.0285635460168, -0.0155409183353, 0.0129561992362, -0.0047693667002], [-0.00212974776514, 0.0015180563787, -0.00125619838946, 0.00220269151032, 0.00258990027942, 0.00170710857492, 0.00357850897126, -0.00712443143129, 0.0117787877098, -0.0155409183353, 0.0241551268846, -0.0149443326518, 0.00610736897215], [0.00138759240508, 0.00165339501109, -8.56059559737e-05, -0.00126299692784, -0.00221784529276, 0.000254754209891, -0.00238023279235, 0.00698381755501, -0.00639722496271, 0.0129561992362, -0.0149443326518, 0.0230905674398, -0.0096187479794], [0.00109856424388, 0.000539498636499, -0.000299382954836, 0.00183291570283, -0.000391679350287, 0.00373173039407, -0.00108527357224, -5.35367944394e-05, 0.00139032921288, -0.0047693667002, 0.00610736897215, -0.0096187479794, 0.0161401964724]]
    },
    "melbands": {
        "max": [7.48375969124e-05, 0.000450456456747, 0.00046380222193, 0.00249673612416, 0.0112102646381, 0.0096787288785, 0.00543261738494, 0.00789849460125, 0.0129689993337, 0.0121932597831, 0.0166263412684, 0.0107598686591, 0.00760788377374, 0.00567989284173, 0.00109535339288, 0.00206731609069, 0.00152289110702, 0.00109386024997, 0.000470690254588, 0.000559100823011, 0.000359077879693, 0.000177895271918, 0.000151163039845, 0.000103002261312, 0.000160818235599, 0.000135210080771, 4.82302821183e-05, 3.65218147635e-05, 2.07764223887e-05, 1.87695823115e-05, 1.48959998114e-05, 1.33389294206e-05, 1.34424481075e-05, 1.5390194676e-05, 1.15786815513e-05, 3.19320747622e-06, 2.09479685509e-06, 4.19990669798e-07, 7.58709717275e-09, 3.79973252862e-09],
        "mean": [3.99120699512e-06, 1.296188384e-05, 3.62281170965e-05, 0.00017838345957, 0.000785647367593, 0.000513325678185, 0.000140115051181, 0.000262210029177, 0.000335244461894, 0.000519049994182, 0.000508299679495, 0.000183299052878, 0.000129292631755, 0.000178704765858, 4.92360522912e-05, 6.90825763741e-05, 4.95370404678e-05, 3.3160802559e-05, 2.19493667828e-05, 1.18157931865e-05, 1.29236641442e-05, 5.86432724958e-06, 4.56394582216e-06, 5.08052153236e-06, 4.07481638831e-06, 3.81394283977e-06, 2.17056185647e-06, 1.38458108268e-06, 4.47850339924e-07, 2.84169118459e-07, 2.92464051199e-07, 2.14798646425e-07, 2.20494555947e-07, 2.92696881843e-07, 2.00200176437e-07, 8.52111483596e-08, 3.3309678571e-08, 6.62855503819e-09, 1.28155286383e-09, 1.07024866747e-09],
        "min": [4.40137171154e-08, 1.2262134419e-07, 1.10491505723e-07, 2.14312976254e-07, 2.23492591545e-07, 4.88484715788e-07, 1.67234276205e-07, 5.11269284686e-08, 1.5027856648e-07, 1.05750373791e-07, 6.11680803786e-08, 6.38089971972e-08, 4.71575454242e-08, 3.01983895667e-08, 2.35676189675e-08, 1.45828824571e-08, 1.43513876338e-08, 1.28624915163e-08, 1.37677504952e-08, 1.34214905856e-08, 1.44386547163e-08, 1.58988662236e-08, 4.15782430707e-09, 1.02013846259e-08, 6.5434626606e-09, 5.42640776757e-09, 4.085473293e-09, 3.01788904977e-09, 2.29722108003e-09, 1.73723468944e-09, 2.31365593351e-09, 1.56154433828e-09, 1.37087363683e-09, 1.37491129593e-09, 1.21327281555e-09, 1.07101927327e-09, 6.58314902591e-10, 3.60353302753e-10, 6.29351987191e-11, 1.1048237325e-10],
        "stdev": [4.27522400059e-06, 2.39343153225e-05, 5.01113136124e-05, 0.000316380610457, 0.00130726862699, 0.000923336308915, 0.000365778454579, 0.000737561495043, 0.000829001830425, 0.0014147736365, 0.00159892765805, 0.000665423285682, 0.000363555795047, 0.000485333206598, 0.000109194632387, 0.000186878693057, 0.00012955229613, 7.30262399884e-05, 5.11637081217e-05, 3.36332268489e-05, 3.04674376821e-05, 1.19115338748e-05, 1.1347419786e-05, 9.83760946838e-06, 1.11681029011e-05, 1.11506415124e-05, 5.31159594175e-06, 3.53736004399e-06, 1.04463492789e-06, 8.07755384358e-07, 1.0296137134e-06, 7.07485867224e-07, 8.97186566817e-07, 1.29050943087e-06, 7.33096840122e-07, 2.44092888124e-07, 1.19576000657e-07, 2.06313863771e-08, 5.42165978779e-10, 3.01004027259e-10]
    },
    "melbands128": {
        "max": [1.12039324449e-05, 2.65569069597e-05, 6.57321943436e-05, 0.000333125819452, 0.000716881477274, 0.000723616103642, 0.000904380227439, 0.000474405707791, 0.00102729536593, 0.00257523800246, 0.00575155578554, 0.0103690829128, 0.0215055644512, 0.01645007357, 0.0130610736087, 0.020167812705, 0.0109239574522, 0.00574854575098, 0.0148636121303, 0.0120819639415, 0.0168733038008, 0.0281490273774, 0.0239262022078, 0.0136995762587, 0.0256584472954, 0.0263955742121, 0.0437269806862, 0.0248760543764, 0.0207721423358, 0.0256804134697, 0.01394108776, 0.0112458607182, 0.0153621686623, 0.00749448640272, 0.0122609408572, 0.0093453861773, 0.00325212231837, 0.0021436328534, 0.00268080830574, 0.00415475014597, 0.00470812804997, 0.00376073596999, 0.00361311621964, 0.00265644933097, 0.00204779440537, 0.00178405502811, 0.00224531488493, 0.000781035923865, 0.00100844167173, 0.00180163094774, 0.000827478594147, 0.000606985064223, 0.000654334609862, 0.000832665711641, 0.000363008701243, 0.000161518517416, 0.000440654868726, 0.000395226554247, 0.000327151938109, 0.00035328118247, 0.00012327634613, 0.000137834620546, 0.000102126621641, 0.000339989288477, 0.000379270059057, 0.000298719183775, 0.000140355943586, 0.000120189732115, 9.61167679634e-05, 0.000102100420918, 7.07368162693e-05, 6.16324105067e-05, 1.51893091243e-05, 9.31806880544e-06, 6.86109851813e-05, 1.72401651071e-05, 1.20127706396e-05, 1.66717927641e-05, 2.69547617791e-05, 2.14768169826e-05, 1.22313776956e-05, 1.51476351675e-05, 1.44540299516e-05, 1.84461787285e-05, 2.7267542464e-05, 2.68672592938e-05, 1.93359082914e-05, 1.7446503989e-05, 1.44188761624e-05, 1.13122514449e-05, 5.56705253985e-06, 3.26426788888e-06, 2.49817071563e-06, 2.75879074252e-06, 2.23749862016e-06, 6.308855518e-07, 1.6138253045e-07, 1.65209765868e-08, 5.73692071626e-09, 3.49710527203e-09, 6.68865141051e-09, 3.69286690116e-09, 3.40765304863e-09, 6.08725114759e-09, 1.01386632423e-09, 2.03261782405e-10, 1.9367449311e-10, 1.85381557327e-10, 1.77762735087e-10, 1.70474537264e-10, 1.63618382731e-10, 1.5757128935e-10, 1.51871959453e-10, 1.46459525063e-10, 1.4142458038e-10, 1.36733166456e-10, 1.32944613651e-10, 1.29143598593e-10, 1.25155719122e-10, 1.21751358995e-10, 1.1900361252e-10, 1.16452347765e-10, 1.14118159367e-10, 1.12088234527e-10, 1.10326948966e-10, 1.08943319643e-10, 1.07968335661e-10, 1.07379945213e-10],
        "mean": [9.75041416496e-07, 3.12003703584e-06, 4.7111020649e-06, 6.66338291921e-06, 1.06936904558e-05, 1.81294817594e-05, 2.78546995105e-05, 3.93794762203e-05, 5.065726873e-05, 9.17155630304e-05, 0.000272851990303, 0.000630157999694, 0.00104255764745, 0.000859284366015, 0.000527914904524, 0.000352326547727, 0.000141839263961, 7.55326982471e-05, 0.000152760534547, 0.000237734639086, 0.000292918499326, 0.000419081014115, 0.000329388072714, 0.000251698278589, 0.000370931491489, 0.000577060214709, 0.00101104623172, 0.000393427850213, 0.000248471624218, 0.000229116485571, 0.000140466698213, 0.000126077022287, 0.00013800142915, 9.06605491764e-05, 0.000241062574787, 0.000205295800697, 8.16555984784e-05, 3.57841636287e-05, 3.38365862262e-05, 4.6583249059e-05, 8.57687700773e-05, 8.8127773779e-05, 5.30433135282e-05, 2.55738559645e-05, 3.54134172085e-05, 2.93112007057e-05, 4.20007745561e-05, 1.74643246282e-05, 1.7104044673e-05, 1.82145959116e-05, 8.68051029101e-06, 7.58370060794e-06, 1.71781230165e-05, 1.28144693008e-05, 8.54362770042e-06, 4.28548946729e-06, 4.98482449984e-06, 4.40690610048e-06, 4.25019607064e-06, 5.36508150617e-06, 5.2553164096e-06, 5.30367969986e-06, 2.68286476057e-06, 3.55307247446e-06, 6.67992890158e-06, 3.55339784619e-06, 2.52930294664e-06, 2.67106452156e-06, 1.90054674931e-06, 1.72137117715e-06, 1.71905810475e-06, 1.10926498564e-06, 4.50042733746e-07, 3.75394449748e-07, 3.53459995495e-07, 2.76323902426e-07, 2.53681122331e-07, 2.79789702518e-07, 3.38924394327e-07, 2.60768160842e-07, 2.08132973967e-07, 2.10424559555e-07, 1.84300077422e-07, 2.33670348848e-07, 2.23010118816e-07, 2.91202383096e-07, 3.35742583957e-07, 2.63108887566e-07, 1.96501645178e-07, 1.61473607818e-07, 9.53549914584e-08, 6.90064752007e-08, 5.16609368617e-08, 3.74956421467e-08, 1.91393070281e-08, 9.60147072959e-09, 4.02362809737e-09, 1.50283940847e-09, 1.21551280152e-09, 1.14182485689e-09, 1.09167319629e-09, 1.05479347479e-09, 1.05654018867e-09, 8.76860639654e-10, 1.63380350915e-10, 4.87111436256e-12, 4.44161764659e-12, 4.27466785927e-12, 4.11526108329e-12, 3.96075446746e-12, 3.82516934794e-12, 3.70003116687e-12, 3.56615930362e-12, 3.43748792452e-12, 3.33360465968e-12, 3.24908329408e-12, 3.16663947668e-12, 3.02919820304e-12, 2.94798690667e-12, 2.87480000742e-12, 2.79896592015e-12, 2.74343655432e-12, 2.70316928563e-12, 2.6470698463e-12, 2.54395853341e-12, 2.39277434672e-12, 2.30517384694e-12, 2.2830147061e-12],
        "min": [2.1420844265e-10, 2.43740561068e-09, 1.71568643736e-08, 4.01861015575e-08, 2.9215065922e-08, 4.33960671842e-08, 1.35694513403e-08, 2.09667039286e-08, 7.1501041532e-08, 9.61058930216e-08, 3.39185959319e-08, 2.02926919712e-08, 3.05596756789e-08, 2.96101944741e-07, 2.0930252731e-07, 2.00548377904e-08, 7.40962775581e-08, 3.83542868576e-08, 1.90832540881e-08, 2.72442619575e-08, 1.67731784018e-08, 2.83420327207e-08, 5.15177376315e-08, 4.25149195848e-08, 3.12094599053e-08, 3.29951959088e-08, 2.33742465383e-08, 2.45296334356e-08, 2.924387843e-08, 2.96983682091e-08, 1.73457461727e-08, 7.45368566868e-09, 1.35410012092e-08, 9.65667279473e-09, 8.45712211373e-09, 1.15300871073e-08, 8.85594708677e-09, 8.68933014431e-09, 6.85297463221e-09, 9.02967656202e-09, 8.75296368719e-09, 1.35171935867e-08, 1.6506058742e-08, 6.28208995934e-09, 2.88500734413e-09, 6.0769203003e-09, 1.26334294137e-08, 8.37320168756e-09, 6.45663478238e-09, 1.37105145015e-08, 6.85746837092e-09, 4.6705066481e-09, 5.30644594932e-09, 5.55106138833e-09, 5.12835818256e-09, 4.5769117385e-09, 7.77983633071e-09, 4.34741620481e-09, 1.44437595218e-09, 3.6933758274e-09, 7.19891835033e-09, 6.84166945319e-09, 3.24730398127e-09, 4.00767952158e-09, 1.146813422e-09, 2.72891753639e-09, 3.11827852428e-09, 2.0753845309e-09, 2.03926342479e-09, 2.3784743064e-09, 2.02183958464e-09, 2.12949613498e-09, 9.01761165739e-10, 1.41759737282e-09, 1.57308888138e-09, 1.46816347968e-09, 5.81519166154e-10, 1.16617271395e-09, 1.40300149276e-09, 1.18930654214e-09, 1.09807962723e-09, 8.70228777927e-10, 8.35810642918e-10, 7.4245304349e-10, 9.31238530733e-10, 8.06072986137e-10, 8.17617529236e-10, 1.14907128257e-09, 6.2720834082e-10, 6.74743705353e-10, 6.13136819094e-10, 5.99323146666e-10, 5.02509478473e-10, 3.63382823831e-10, 4.20357831876e-10, 2.20775911441e-10, 3.07194381044e-10, 8.19874029778e-11, 3.4314322217e-11, 4.68149373434e-11, 1.16444964782e-10, 1.23064280988e-10, 1.05127288819e-10, 1.0776439463e-10, 9.20363004558e-12, 1.35072996624e-13, 1.29260019572e-13, 8.15088149969e-14, 1.18137026854e-13, 1.14777328267e-13, 1.07863669168e-13, 1.31759878073e-13, 1.2161593347e-13, 1.24721318885e-13, 1.06341503528e-13, 1.3327307194e-13, 1.35278873064e-13, 1.42061953564e-13, 1.47834503428e-13, 1.2944497091e-13, 1.30828467092e-13, 1.41999530624e-13, 1.24814668692e-13, 1.34153918443e-13, 8.47224037887e-14, 3.87523197668e-14, 5.45971560944e-15, 1.30517917179e-16],
        "stdev": [1.13548799163e-06, 2.83188410322e-06, 5.89335058976e-06, 1.21966886582e-05, 2.53314883594e-05, 4.12193403463e-05, 6.66682026349e-05, 5.77094760956e-05, 8.25711540529e-05, 0.000235165731283, 0.000656431016978, 0.00114923878573, 0.0022659630049, 0.00188151886687, 0.00126778555568, 0.00118858576752, 0.000555731938221, 0.000312175718136, 0.000673421425745, 0.000971480680164, 0.00110647536349, 0.00150641705841, 0.00113694556057, 0.00098684465047, 0.00138912792318, 0.00217461981811, 0.00428106030449, 0.00158714118879, 0.00123472127598, 0.00119746057317, 0.000667542975862, 0.000616052944679, 0.000571179552935, 0.000364941981388, 0.000838822044898, 0.000644187792204, 0.000242017005803, 0.00012144826178, 0.000161645424669, 0.00021533058316, 0.000319123006193, 0.000320179067785, 0.000202413008083, 0.000127652179799, 0.000106701154436, 8.00850175438e-05, 0.000158967202879, 5.16384570801e-05, 6.59210563754e-05, 8.39220301714e-05, 3.09695351461e-05, 3.12538941216e-05, 5.08953162353e-05, 4.46715821454e-05, 2.20218498725e-05, 1.09052807602e-05, 2.00469839911e-05, 1.47485752677e-05, 1.48788503793e-05, 1.84329910553e-05, 1.22178043966e-05, 1.24567814055e-05, 7.56861345508e-06, 1.60734252859e-05, 2.61228178715e-05, 1.49423131006e-05, 7.35209187042e-06, 8.8255992523e-06, 6.22945663054e-06, 6.32951605439e-06, 5.56755276193e-06, 4.11666587752e-06, 1.11626081889e-06, 8.32303953757e-07, 1.98383986572e-06, 8.05315778507e-07, 7.44235535421e-07, 9.89952468444e-07, 1.49676850469e-06, 9.96982635115e-07, 7.32229636924e-07, 7.07359163243e-07, 7.86266753039e-07, 9.81550670076e-07, 1.21706455047e-06, 1.50119035425e-06, 1.4763800209e-06, 1.09296695427e-06, 7.8245034274e-07, 6.03714624958e-07, 2.94820551971e-07, 2.01711330305e-07, 1.76193722723e-07, 1.60045473763e-07, 8.06269895293e-08, 3.19527302395e-08, 1.02122639234e-08, 1.11040621142e-09, 5.83323611636e-10, 4.69398131475e-10, 4.50072507041e-10, 4.216972882e-10, 4.23309526321e-10, 3.96084415266e-10, 1.15408238521e-10, 1.04250280283e-11, 9.96488221799e-12, 9.53559713829e-12, 9.13849811796e-12, 8.77855427239e-12, 8.43617450202e-12, 8.11308832616e-12, 7.82206330957e-12, 7.54415800663e-12, 7.28631564806e-12, 7.03555139495e-12, 6.83111336594e-12, 6.64302597306e-12, 6.45551667677e-12, 6.28632475935e-12, 6.13629199536e-12, 6.00268489429e-12, 5.88734659981e-12, 5.77853650346e-12, 5.69689434515e-12, 5.63551896121e-12, 5.58511266749e-12, 5.55479837475e-12]
    },
    "mfcc": {
        "mean": [-742.078979492, 167.292892456, -48.2028923035, 6.39931869507, -28.4006080627, -8.75178527832, -20.4410381317, -0.0676221400499, -21.3731689453, 0.14964170754, -11.6120996475, -9.76435470581, -6.60893201828],
        "cov": [[3015.59790039, -68.0228424072, -1242.50683594, -295.62411499, -445.378417969, 56.5997314453, -12.3949518204, 212.240783691, -156.378692627, 226.457626343, -71.8603134155, 5.71222448349, -35.2325935364], [-68.0228424072, 760.455383301, -134.191375732, -193.474411011, 109.856864929, -218.655715942, 136.657791138, -117.775993347, -19.2225265503, -110.008132935, 39.6742744446, -102.461494446, -25.6180763245], [-1242.50683594, -134.191375732, 914.019348145, 238.405990601, 115.824638367, 90.2437210083, -143.863891602, -39.0947494507, 34.4973716736, -100.319114685, -2.71588373184, 8.74244499207, -27.2831764221], [-295.62411499, -193.474411011, 238.405990601, 305.812042236, 125.770324707, -3.12779068947, -121.474052429, 3.50011992455, 21.316991806, -39.5634727478, -24.3322238922, 15.0295305252, 11.6136875153], [-445.378417969, 109.856864929, 115.824638367, 125.770324707, 313.220092773, -9.30076408386, -65.0071182251, -48.402507782, 49.4085350037, -87.9189300537, 5.89499282837, -6.46836614609, -10.0700521469], [56.5997314453, -218.655715942, 90.2437210083, -3.12779068947, -9.30076408386, 256.321716309, -7.42045354843, 43.7421989441, 32.2465934753, 15.3047876358, 9.21511650085, 30.1028957367, -35.0986976624], [-12.3949518204, 136.657791138, -143.863891602, -121.474052429, -65.0071182251, -7.42045354843, 262.033935547, 14.5875701904, -21.460855484, 13.540312767, 27.4760341644, -22.8721199036, 11.730052948], [212.240783691, -117.775993347, -39.0947494507, 3.50011992455, -48.402507782, 43.7421989441, 14.5875701904, 136.643173218, -2.61486291885, 5.95792818069, -15.6622228622, 5.41207122803, 5.75211906433], [-156.378692627, -19.2225265503, 34.4973716736, 21.316991806, 49.4085350037, 32.2465934753, -21.460855484, -2.61486291885, 138.220123291, 30.3258399963, 12.0051994324, 3.40664386749, -16.4365749359], [226.457626343, -110.008132935, -100.319114685, -39.5634727478, -87.9189300537, 15.3047876358, 13.540312767, 5.95792818069, 30.3258399963, 205.18296814, 38.5496292114, -4.08008098602, -20.4351730347], [-71.8603134155, 39.6742744446, -2.71588373184, -24.3322238922, 5.89499282837, 9.21511650085, 27.4760341644, -15.6622228622, 12.0051994324, 38.5496292114, 113.600997925, 18.0446548462, -14.5738239288], [5.71222448349, -102.461494446, 8.74244499207, 15.0295305252, -6.46836614609, 30.1028957367, -22.8721199036, 5.41207122803, 3.40664386749, -4.08008098602, 18.0446548462, 101.551544189, 36.1518096924], [-35.2325935364, -25.6180763245, -27.2831764221, 11.6136875153, -10.0700521469, -35.0986976624, 11.730052948, 5.75211906433, -16.4365749359, -20.4351730347, -14.5738239288, 36.1518096924, 113.317893982]],
        "icov": [[0.00464577414095, -0.00519931735471, 0.00689196307212, -0.00480769341812, 0.00621898379177, -0.00647484324872, 0.00598003296182, -0.00528232939541, 0.00450765993446, -0.00374192278832, 0.00346028548665, -0.00308241974562, 0.00202483078465], [-0.00519931735471, 0.0109164826572, -0.00784111022949, 0.00914400070906, -0.00905186403543, 0.0109711084515, -0.00796557031572, 0.00786419026554, -0.00559081463143, 0.00702442321926, -0.00574307702482, 0.00654916092753, -0.00132674176712], [0.00689196307212, -0.00784111022949, 0.0118582407013, -0.00844754371792, 0.00963688176125, -0.0104027800262, 0.00927249714732, -0.0071964384988, 0.00645198160782, -0.00474349036813, 0.0046954145655, -0.00427300622687, 0.0031782661099], [-0.00480769341812, 0.00914400070906, -0.00844754371792, 0.0134407710284, -0.00999520346522, 0.0101092075929, -0.00562396645546, 0.00552467489615, -0.00485231354833, 0.00520469993353, -0.00404217140749, 0.0048919627443, -0.00214008195326], [0.00621898379177, -0.00905186403543, 0.00963688176125, -0.00999520346522, 0.0144826518372, -0.0103613073006, 0.00892006233335, -0.00618300586939, 0.00427567539737, -0.00358774699271, 0.00407034810632, -0.0044420757331, 0.00261389976367], [-0.00647484324872, 0.0109711084515, -0.0104027800262, 0.0101092075929, -0.0103613073006, 0.0168641153723, -0.00951524078846, 0.00695009715855, -0.0074602952227, 0.0068918238394, -0.00581751670688, 0.00425073038787, -8.23169248179e-05], [0.00598003296182, -0.00796557031572, 0.00927249714732, -0.00562396645546, 0.00892006233335, -0.00951524078846, 0.0132302874699, -0.00778174865991, 0.00616624578834, -0.00501330010593, 0.0032724190969, -0.00293190660886, 0.00108491140418], [-0.00528232939541, 0.00786419026554, -0.0071964384988, 0.00552467489615, -0.00618300586939, 0.00695009715855, -0.00778174865991, 0.0156238013878, -0.00562902865931, 0.0058890026994, -0.00377288577147, 0.00493042869493, -0.00236035278067], [0.00450765993446, -0.00559081463143, 0.00645198160782, -0.00485231354833, 0.00427567539737, -0.0074602952227, 0.00616624578834, -0.00562902865931, 0.013150322251, -0.00606650393456, 0.00359984580427, -0.00372763886116, 0.00237061525695], [-0.00374192278832, 0.00702442321926, -0.00474349036813, 0.00520469993353, -0.00358774699271, 0.0068918238394, -0.00501330010593, 0.0058890026994, -0.00606650393456, 0.0117164226249, -0.00638624792919, 0.00519447308034, -0.000460637675133], [0.00346028548665, -0.00574307702482, 0.0046954145655, -0.00404217140749, 0.00407034810632, -0.00581751670688, 0.0032724190969, -0.00377288577147, 0.00359984580427, -0.00638624792919, 0.0144947199151, -0.00696206046268, 0.00319063477218], [-0.00308241974562, 0.00654916092753, -0.00427300622687, 0.0048919627443, -0.0044420757331, 0.00425073038787, -0.00293190660886, 0.00493042869493, -0.00372763886116, 0.00519447308034, -0.00696206046268, 0.0175609569997, -0.00613468326628], [0.00202483078465, -0.00132674176712, 0.0031782661099, -0.00214008195326, 0.00261389976367, -8.23169248179e-05, 0.00108491140418, -0.00236035278067, 0.00237061525695, -0.000460637675133, 0.00319063477218, -0.00613468326628, 0.0129814799875]]
    },
    "spectral_contrast_coeffs": {
        "max": [-0.320388287306, -0.398434609175, -0.407565444708, -0.560236930847, -0.608465075493, -0.521228313446],
        "mean": [-0.601298630238, -0.699690699577, -0.698263287544, -0.754418492317, -0.775564551353, -0.744106531143],
        "min": [-0.869596123695, -0.908057868481, -0.898301064968, -0.914341270924, -0.894674479961, -0.866282224655],
        "stdev": [0.107636861503, 0.0928259566426, 0.080890186131, 0.0617573671043, 0.047582924366, 0.0546241812408]
    },
    "spectral_contrast_valleys": {
        "max": [-6.87171506882, -5.27640199661, -5.27847337723, -6.5685968399, -6.98945236206, -11.1808252335],
        "mean": [-8.4718503952, -7.23210144043, -7.80551099777, -8.36003112793, -8.67451572418, -12.3546848297],
        "min": [-10.3142366409, -9.38191604614, -10.1621055603, -10.5525407791, -10.4866847992, -12.8685293198],
        "stdev": [0.54111456871, 0.630195975304, 0.79466432333, 0.68054497242, 0.616179704666, 0.231194242835]
    }
},
"rhythm": {
    "beats_count": 80,
    "beats_loudness": {
        "max": 0.135215356946,
        "mean": 0.0194397568703,
        "min": 0.0004206506419,
        "stdev": 0.0201195850968
    },
    "bpm": 101.443328857,
    "bpm_histogram_first_peak_bpm": 101,
    "bpm_histogram_first_peak_weight": 0.666666686535,
    "bpm_histogram_second_peak_bpm": 110,
    "bpm_histogram_second_peak_spread": 0.411764740944,
    "bpm_histogram_second_peak_weight": 0.126582279801,
    "danceability": 0.959191441536,
    "onset_rate": 2.0302734375,
    "beats_loudness_band_ratio": {
        "max": [0.75591301918, 0.956396520138, 0.856627583504, 0.800088405609, 0.366120994091, 0.395118951797],
        "mean": [0.0325714871287, 0.385774314404, 0.326061278582, 0.208313584328, 0.0634862780571, 0.0155553938821],
        "min": [0.000293215183774, 0.0215306971222, 0.0242422930896, 0.00507931225002, 0.000397466676077, 0.000134516812977],
        "stdev": [0.0916119515896, 0.317529797554, 0.242057770491, 0.196687668562, 0.0746809840202, 0.0491851270199]
    },
