{
"metadata": {
    "version": {
        "essentia": "2.1-beta5",
        "essentia_git_sha": "Undefined",
        "extractor": "music 2.0"
    },
    "audio_properties": {
        "analysis": {
            "equal_loudness": 0,
            "length": 48.7502937317,
            "sample_rate": 44100,
            "start_time": 45.2440834045,
            "downmix": "mix"
        },
        "bit_rate": 192000,
        "length": 199.563919067,
        "lossless": 0,
        "number_channels": 2,
        "replay_gain": -10.1916484833,
        "sample_rate": 48000,
        "codec": "mp3",
        "md5_encoded": "14d0479f6b01aaa3a24dcf997fd2b15a"
    },
    "tags": {
        "file_name": "Italy_Al Di Là_Betty Curtis.mp3",
        "encoding": ["Lavf58.29.100"]
    }
},
"lowlevel": {
    "average_loudness": 0.153450042009,
    "barkbands_crest": {
        "max": 25.8551540375,
        "mean": 13.135424614,
        "min": 3.19246053696,
        "stdev": 5.40916347504
    },
    "barkbands_flatness_db": {
        "max": 0.395424515009,
        "mean": 0.238018661737,
        "min": 0.0555218681693,
        "stdev": 0.0501522757113
    },
    "barkbands_kurtosis": {
        "max": 50.6047210693,
        "mean": 3.27566719055,
        "min": -1.81277990341,
        "stdev": 5.43547725677
    },
    "barkbands_skewness": {
        "max": 6.48672533035,
        "mean": 1.31721901894,
        "min": -1.70635986328,
        "stdev": 1.18046784401
    },
    "barkbands_spread": {
        "max": 49.1456298828,
        "mean": 13.0343418121,
        "min": 1.26573550701,
        "stdev": 7.55501270294
    },
    "dissonance": {
        "max": 0.5,
        "mean": 0.442732572556,
        "min": 0.28655141592,
        "stdev": 0.0363697856665
    },
    "dynamic_complexity": 6.42854833603,
    "erbbands_crest": {
        "max": 30.8947372437,
        "mean": 13.3813266754,
        "min": 3.63260746002,
        "stdev": 5.61667728424
    },
    "erbbands_flatness_db": {
        "max": 0.418768048286,
        "mean": 0.294892460108,
        "min": 0.113121636212,
        "stdev": 0.0437440350652
    },
    "erbbands_kurtosis": {
        "max": 28.620475769,
        "mean": 0.681699514389,
        "min": -1.78169238567,
        "stdev": 2.58123469353
    },
    "erbbands_skewness": {
        "max": 4.3096613884,
        "mean": 0.591650485992,
        "min": -1.94778966904,
        "stdev": 0.92232632637
    },
    "erbbands_spread": {
        "max": 61.4826545715,
        "mean": 24.5502872467,
        "min": 3.07833909988,
        "stdev": 11.2475881577
    },
    "hfc": {
        "max": 143.081939697,
        "mean": 11.2790470123,
        "min": 0.00164203217719,
        "stdev": 19.083864212
    },
    "loudness_ebu128": {
        "integrated": -16.4008369446,
        "loudness_range": 16.3941230774,
        "momentary": {
            "max": -8.41168022156,
            "mean": -20.994764328,
            "min": -51.2901763916,
            "stdev": 6.7842297554
        },
        "short_term": {
            "max": -10.58177948,
            "mean": -19.681886673,
            "min": -31.305891037,
            "stdev": 5.57032203674
        }
    },
    "melbands_crest": {
        "max": 32.5261154175,
        "mean": 15.8915252686,
        "min": 3.71511793137,
        "stdev": 6.50256633759
    },
    "melbands_flatness_db": {
        "max": 0.407384485006,
        "mean": 0.244334042072,
        "min": 0.0811594054103,
        "stdev": 0.0572464428842
    },
    "melbands_kurtosis": {
        "max": 95.0157394409,
        "mean": 8.20987892151,
        "min": -1.62767004967,
        "stdev": 11.1146221161
    },
    "melbands_skewness": {
        "max": 8.75666999817,
        "mean": 1.98373472691,
        "min": -1.70245289803,
        "stdev": 1.507989645
    },
    "melbands_spread": {
        "max": 115.921394348,
        "mean": 19.5250606537,
        "min": 1.55734622478,
        "stdev": 13.9591054916
    },
    "pitch_salience": {
        "max": 0.899456202984,
        "mean": 0.500779747963,
        "min": 0.101573549211,
        "stdev": 0.134564757347
    },
    "silence_rate_20dB": {
        "max": 1,
        "mean": 1,
        "min": 1,
        "stdev": 0
    },
    "silence_rate_30dB": {
        "max": 1,
        "mean": 0.999048054218,
        "min": 0,
        "stdev": 0.0308391470462
    },
    "silence_rate_60dB": {
        "max": 1,
        "mean": 0.420276045799,
        "min": 0,
        "stdev": 0.493608295918
    },
    "spectral_centroid": {
        "max": 3820.38110352,
        "mean": 1363.57336426,
        "min": 364.409088135,
        "stdev": 592.762390137
    },
    "spectral_complexity": {
        "max": 39,
        "mean": 8.69728660583,
        "min": 0,
        "stdev": 6.16885757446
    },
    "spectral_decrease": {
        "max": -3.0683493398e-13,
        "mean": -2.40121611483e-09,
        "min": -2.95339415146e-08,
        "stdev": 3.51097018125e-09
    },
    "spectral_energy": {
        "max": 0.122512601316,
        "mean": 0.0100857838988,
        "min": 1.30699936562e-06,
        "stdev": 0.0148909427226
    },
    "spectral_energyband_high": {
        "max": 0.00264021591283,
        "mean": 0.000137873008498,
        "min": 1.09375555724e-07,
        "stdev": 0.000290577037958
    },
    "spectral_energyband_low": {
        "max": 0.000540125882253,
        "mean": 4.01377183152e-05,
        "min": 4.80097099853e-08,
        "stdev": 6.13411903032e-05
    },
    "spectral_energyband_middle_high": {
        "max": 0.116588681936,
        "mean": 0.00591587135568,
        "min": 3.64531018704e-07,
        "stdev": 0.0129634691402
    },
    "spectral_energyband_middle_low": {
        "max": 0.066570147872,
        "mean": 0.00439339736477,
        "min": 3.5245085428e-07,
        "stdev": 0.0065718521364
    },
    "spectral_entropy": {
        "max": 8.43142223358,
        "mean": 6.92424678802,
        "min": 5.64464044571,
        "stdev": 0.357789099216
    },
    "spectral_flux": {
        "max": 0.332195907831,
        "mean": 0.0410593152046,
        "min": 0.000594168319367,
        "stdev": 0.0397492088377
    },
    "spectral_kurtosis": {
        "max": 29.8706245422,
        "mean": 7.12333059311,
        "min": -0.397850036621,
        "stdev": 4.73073291779
    },
    "spectral_rms": {
        "max": 0.0109327258542,
        "mean": 0.00253629637882,
        "min": 3.57088429155e-05,
        "stdev": 0.00184580264613
    },
    "spectral_rolloff": {
        "max": 5684.765625,
        "mean": 1509.81835938,
        "min": 279.931640625,
        "stdev": 893.317199707
    },
    "spectral_skewness": {
        "max": 3.74002385139,
        "mean": 1.41189551353,
        "min": -0.358593642712,
        "stdev": 0.567682147026
    },
    "spectral_spread": {
        "max": 27611530,
        "mean": 2437836,
        "min": 1481392.625,
        "stdev": 751676.8125
    },
    "spectral_strongpeak": {
        "max": 14.5052585602,
        "mean": 1.52383303642,
        "min": 0.00128117925487,
        "stdev": 1.93542063236
    },
    "zerocrossingrate": {
        "max": 0.185546875,
        "mean": 0.0526662804186,
        "min": 0.0078125,
        "stdev": 0.0227083228528
    },
    "barkbands": {
        "max": [1.29182626551e-05, 0.000230423087487, 0.000338791229296, 0.000639564415906, 0.00494656246156, 0.0346190072596, 0.0181115679443, 0.0304369591177, 0.0527573190629, 0.103198647499, 0.0700897723436, 0.0661794617772, 0.0549602508545, 0.0142042292282, 0.0263890586793, 0.0323643013835, 0.0234119128436, 0.00764080137014, 0.0086661959067, 0.00252649281174, 0.00178914889693, 0.000491225917358, 0.000260559958406, 2.28372464335e-05, 1.34477636493e-06, 7.10889977995e-08, 7.52722897346e-08],
        "mean": [4.30224758929e-07, 1.10531445898e-05, 1.21654120449e-05, 3.23454660247e-05, 0.000288382987492, 0.00138222624082, 0.000958620861638, 0.000533981539775, 0.000555710517801, 0.00199416396208, 0.000675417715684, 0.000700761389453, 0.000731615524273, 0.000374496361474, 0.000307752023218, 0.000538300839253, 0.000252137833741, 0.000235029583564, 0.000321752857417, 0.000125793812913, 4.35152869613e-05, 4.90590718982e-06, 4.42771397502e-06, 7.87946191849e-07, 2.20452651689e-08, 3.63289648364e-10, 3.82606085703e-10],
        "min": [5.39557176715e-10, 1.70041030145e-08, 7.47800665835e-09, 1.01628154781e-08, 1.7047543821e-08, 2.17726441321e-08, 7.45824557669e-09, 1.53782568901e-08, 8.5936324723e-09, 1.34206334934e-08, 2.03646148833e-08, 1.41066394121e-08, 1.48906105224e-08, 1.36285649432e-08, 2.75637361824e-08, 9.12872444303e-09, 1.42105189838e-08, 2.74414624357e-08, 3.18193400517e-08, 2.5648631663e-08, 1.7355867854e-08, 1.25064971712e-08, 1.08582591807e-08, 1.43116611895e-08, 4.09961664616e-09, 1.08723524975e-11, 1.47342225226e-11],
        "stdev": [7.44728879454e-07, 2.3470935048e-05, 2.22801882046e-05, 6.78496508044e-05, 0.000535078928806, 0.00386596703902, 0.00213708542287, 0.00178399484139, 0.00233534770086, 0.00654143188149, 0.00374474958517, 0.00376208708622, 0.00376174738631, 0.00108113407623, 0.00128310883883, 0.00196774513461, 0.000840500055347, 0.000573739293031, 0.000774502172135, 0.000254408922046, 0.000132873101393, 2.01263319468e-05, 1.18911557365e-05, 1.65701089827e-06, 3.92609749156e-08, 2.29733876367e-09, 2.43264230981e-09]
    },
    "erbbands": {
        "max": [0.00420750537887, 0.0601211488247, 0.387190669775, 1.42151749134, 3.23242306709, 17.7910633087, 106.825515747, 445.54510498, 372.57421875, 532.182739258, 388.438232422, 1449.87158203, 2160.23779297, 1876.46606445, 3362.03540039, 3273.19433594, 2019.99975586, 320.479644775, 618.728942871, 2132.72607422, 1291.45812988, 1492.21557617, 465.849487305, 519.261779785, 209.990615845, 84.3788757324, 123.132209778, 41.5123100281, 21.5128936768, 5.95181083679, 7.81836462021, 1.7394194603, 0.115548782051, 0.0113540943712, 0.0107838958502, 0.000320899358485, 0.000131622975459, 4.69413571409e-05, 6.76161216688e-05, 0.000146936115925],
        "mean": [0.000193105151993, 0.0030170683749, 0.0125363497064, 0.0711636096239, 0.224712729454, 1.00119149685, 3.98403143883, 14.9212236404, 14.4117479324, 14.7067127228, 9.44231414795, 12.0770921707, 53.3187179565, 37.0048789978, 34.9463729858, 30.4078922272, 30.8665943146, 12.8454780579, 18.9593772888, 25.4841117859, 24.3930873871, 15.4464693069, 14.5387210846, 20.2398967743, 8.01336479187, 5.25395011902, 4.21419143677, 0.663803875446, 0.19771027565, 0.139700338244, 0.117573276162, 0.0390643440187, 0.00447172345594, 0.000503766408656, 0.000111151188321, 1.41326963785e-05, 6.42693476038e-06, 2.46213016908e-06, 5.98214955971e-06, 1.24078005683e-05],
        "min": [6.53056304145e-07, 2.93598873213e-06, 1.2867901205e-05, 9.44748608163e-05, 6.51570517221e-05, 5.75880621909e-05, 0.000186823221156, 0.000137510185596, 0.000113718291686, 0.000144688543514, 0.00068459357135, 0.000209512989386, 0.000618961057626, 0.0013394075213, 0.000798149732873, 0.000554124766495, 0.00090609525796, 0.000793666753452, 0.00156050536316, 0.00131020986009, 0.000761577219237, 0.00119968713261, 0.00159219268244, 0.00117326539475, 0.00149813829921, 0.00142877013423, 0.000712613866199, 0.000603751221206, 0.000372947280994, 0.000368485052604, 0.000323912827298, 0.0003520133032, 0.000196376990061, 9.78759489954e-05, 1.82536859938e-05, 7.07159870217e-07, 9.19749965078e-08, 2.02625400902e-08, 5.43352740578e-09, 2.21959073343e-09],
        "stdev": [0.000378338707378, 0.00633903685957, 0.0230875890702, 0.13501149416, 0.36187812686, 1.81574857235, 8.19773578644, 47.1725234985, 28.2450256348, 41.0320892334, 26.0041027069, 45.0744056702, 190.234848022, 125.943130493, 177.42074585, 144.72857666, 145.799713135, 29.4986782074, 53.9617843628, 101.100364685, 81.0138549805, 51.9041976929, 32.0623207092, 47.4526939392, 20.1656150818, 10.3744115829, 10.2316064835, 1.89658296108, 0.833701074123, 0.361799865961, 0.343844711781, 0.0876558348536, 0.00813792552799, 0.00051324366359, 0.00029027290293, 2.1342519176e-05, 1.01429304777e-05, 4.15439717472e-06, 8.96400615602e-06, 1.84936870937e-05]
    },
    "gfcc": {
        "mean": [-164.399810791, 137.478225708, -206.279251099, 17.4052257538, -71.0675201416, -29.56133461, -31.1696681976, -14.9047079086, -5.38318967819, -21.5409698486, 8.5689163208, -15.7331905365, 4.38379812241],
        "cov": [[6406.71533203, -482.041473389, -1530.09362793, 26.7517852783, 245.005859375, -457.151428223, 642.899291992, -438.5519104, 99.4449996948, -103.382316589, 242.94380188, 233.488571167, -281.837127686], [-482.041473389, 486.747772217, 357.53112793, -79.1415786743, 33.1359672546, -66.3017883301, -126.20174408, 52.5845222473, -44.5176506042, -40.5449371338, -7.23484420776, -41.900428772, 28.0553512573], [-1530.09362793, 357.53112793, 704.345214844, 92.7344589233, -81.0662612915, 38.3102684021, -291.481964111, 103.480781555, 24.5108833313, 16.6548709869, -35.7052726746, -34.3829040527, 54.7619972229], [26.7517852783, -79.1415786743, 92.7344589233, 401.82019043, 36.9952774048, 44.012298584, -89.2144165039, -20.4332180023, 114.069259644, 19.7221908569, -13.6254730225, 57.1080856323, -49.0402412415], [245.005859375, 33.1359672546, -81.0662612915, 36.9952774048, 202.225662231, 30.0382156372, 43.4761352539, 19.4529037476, -19.409324646, -0.486491471529, -16.0724811554, -11.4019565582, -10.6957063675], [-457.151428223, -66.3017883301, 38.3102684021, 44.012298584, 30.0382156372, 296.287963867, 91.08228302, 18.0218315125, -56.2968330383, -2.24664497375, -21.3749809265, -10.5804605484, -14.5536146164], [642.899291992, -126.20174408, -291.481964111, -89.2144165039, 43.4761352539, 91.08228302, 312.401245117, 12.1378412247, -70.9478683472, -4.67289876938, 20.7887496948, -6.81839704514, -34.2718429565], [-438.5519104, 52.5845222473, 103.480781555, -20.4332180023, 19.4529037476, 18.0218315125, 12.1378412247, 153.361099243, 29.0581569672, -7.34277534485, -40.5322570801, -44.4530181885, 6.17471027374], [99.4449996948, -44.5176506042, 24.5108833313, 114.069259644, -19.409324646, -56.2968330383, -70.9478683472, 29.0581569672, 173.737686157, 44.4796638489, -6.2875289917, 7.82912111282, -21.8694972992], [-103.382316589, -40.5449371338, 16.6548709869, 19.7221908569, -0.486491471529, -2.24664497375, -4.67289876938, -7.34277534485, 44.4796638489, 110.41783905, 50.4614486694, -6.93214797974, 3.36221790314], [242.94380188, -7.23484420776, -35.7052726746, -13.6254730225, -16.0724811554, -21.3749809265, 20.7887496948, -40.5322570801, -6.2875289917, 50.4614486694, 121.575393677, 46.5966033936, -28.7740325928], [233.488571167, -41.900428772, -34.3829040527, 57.1080856323, -11.4019565582, -10.5804605484, -6.81839704514, -44.4530181885, 7.82912111282, -6.93214797974, 46.5966033936, 110.619529724, 19.3063983917], [-281.837127686, 28.0553512573, 54.7619972229, -49.0402412415, -10.6957063675, -14.5536146164, -34.2718429565, 6.17471027374, -21.8694972992, 3.36221790314, -28.7740325928, 19.3063983917, 138.910980225]],
        "icov": [[0.001208288013, 5.93847362325e-05, 0.000405120284995, -6.90376400598e-05, -0.00167511298787, 0.00211163517088, -0.00304132676683, 0.00353957549669, -0.00282370997593, 0.00316201569512, -0.00174906058237, -6.60588557366e-05, 0.000565790804103], [5.93847362325e-05, 0.00706755043939, -0.0060488008894, 0.00216102786362, -0.00448003225029, 0.00276776659302, -0.00267220195383, 0.00298480899073, -0.00171576626599, 0.00567357661203, -0.00333187892102, 0.00234927027486, -0.00043047737563], [0.000405120284995, -0.0060488008894, 0.00961151719093, -0.00296347774565, 0.00490203220397, -0.00289493659511, 0.00566980522126, -0.00513710826635, 0.00289455009624, -0.00473979534581, 0.00131842528936, -0.00115765875671, -8.59357096488e-05], [-6.90376400598e-05, 0.00216102786362, -0.00296347774565, 0.00565081369132, -0.0027925579343, -0.00027356724604, -0.00041692587547, 0.00233406526968, -0.00323089305311, 0.000403031386668, 0.00197525578551, -0.00328751420602, 0.00248403497972], [-0.00167511298787, -0.00448003225029, 0.00490203220397, -0.0027925579343, 0.0113608445972, -0.00479884957895, 0.00674508977681, -0.00910207349807, 0.00750463362783, -0.00927133578807, 0.00520093459636, -0.000967035302892, -0.00035386197851], [0.00211163517088, 0.00276776659302, -0.00289493659511, -0.00027356724604, -0.00479884957895, 0.00970354862511, -0.00885493122041, 0.00751097360626, -0.0036249787081, 0.00619448535144, -0.00220133201219, 1.04352093331e-05, 0.00172051647678], [-0.00304132676683, -0.00267220195383, 0.00566980522126, -0.00041692587547, 0.00674508977681, -0.00885493122041, 0.0178076885641, -0.0146472426131, 0.0113750807941, -0.0118407383561, 0.00484095327556, -0.00111689046025, -0.000141622076626], [0.00353957549669, 0.00298480899073, -0.00513710826635, 0.00233406526968, -0.00910207349807, 0.00751097360626, -0.0146472426131, 0.0238079838455, -0.0146040162072, 0.0144605655223, -0.00554099073634, 0.00347837712616, 0.000561474880669], [-0.00282370997593, -0.00171576626599, 0.00289455009624, -0.00323089305311, 0.00750463362783, -0.0036249787081, 0.0113750807941, -0.0146040162072, 0.0203389599919, -0.0163777172565, 0.00926649942994, -0.00358203565702, 0.00200520805083], [0.00316201569512, 0.00567357661203, -0.00473979534581, 0.000403031386668, -0.00927133578807, 0.00619448535144, -0.0118407383561, 0.0144605655223, -0.0163777172565, 0.0320688858628, -0.0203741937876, 0.0112196197733, -0.00548289017752], [-0.00174906058237, -0.00333187892102, 0.00131842528936, 0.00197525578551, 0.00520093459636, -0.00220133201219, 0.00484095327556, -0.00554099073634, 0.00926649942994, -0.0203741937876, 0.0260521546006, -0.0141249112785, 0.00822389870882], [-6.60588557366e-05, 0.00234927027486, -0.00115765875671, -0.00328751420602, -0.000967035302892, 1.04352093331e-05, -0.00111689046025, 0.00347837712616, -0.00358203565702, 0.0112196197733, -0.0141249112785, 0.0210269410163, -0.00850000977516], [0.000565790804103, -0.00043047737563, -8.59357096488e-05, 0.00248403497972, -0.00035386197851, 0.00172051647678, -0.000141622076626, 0.000561474880669, 0.00200520805083, -0.00548289017752, 0.00822389870882, -0.00850000977516, 0.0127709340304]]
    },
    "melbands": {
        "max": [5.29775061295e-05, 0.000142705190228, 0.000235335392063, 0.00057811208535, 0.00284927897155, 0.00855920556933, 0.0048088459298, 0.00683804741129, 0.00252820504829, 0.00987225584686, 0.0109345968813, 0.0101247923449, 0.0114919692278, 0.0079660275951, 0.00881362892687, 0.00294321845286, 0.000647385662887, 0.00139881018549, 0.00182014564052, 0.00256427400745, 0.00103037199005, 0.002135732444, 0.00049776333617, 0.000438883522293, 0.000470021477668, 0.000266896036919, 7.35177163733e-05, 8.03740258561e-05, 8.06116804597e-05, 3.83857732231e-05, 2.59234129771e-05, 1.4391302102e-05, 5.92081960349e-06, 3.83733686249e-06, 4.92723756906e-06, 2.74250191978e-06, 4.72891144909e-07, 8.29709847494e-08, 3.04446068355e-09, 1.47335743605e-08],
        "mean": [2.49646291195e-06, 6.29825990472e-06, 1.54814642883e-05, 3.88601038139e-05, 0.000123981473735, 0.000317748606903, 0.000215458145249, 0.000157402086188, 7.02037650626e-05, 8.03885050118e-05, 0.000284597539576, 0.000167755788425, 0.000104974176793, 7.73239808041e-05, 0.000116750539746, 3.50213049387e-05, 2.38589782384e-05, 3.55266056431e-05, 2.32218299061e-05, 4.67748068331e-05, 2.14376941585e-05, 1.5391395209e-05, 1.24397920445e-05, 1.31550032165e-05, 1.79479720828e-05, 8.35510945763e-06, 2.99145222016e-06, 3.76193906959e-06, 3.67064671991e-06, 8.05810543625e-07, 2.32579225212e-07, 1.14517746397e-07, 6.62333405899e-08, 8.41215239689e-08, 7.53296092171e-08, 4.27677129267e-08, 1.63112741092e-08, 3.0278233254e-09, 4.07283679005e-10, 2.95154484187e-10],
        "min": [4.43918590776e-09, 6.09174399813e-09, 8.30066770874e-09, 4.48038850465e-09, 6.20159879006e-09, 3.42895423167e-09, 1.56224577719e-09, 1.86830928506e-09, 4.70324534874e-09, 1.11847142659e-09, 2.95162805308e-09, 4.37370806239e-09, 2.93629920378e-09, 1.95079818965e-09, 7.62692575762e-10, 1.48831436064e-09, 1.31228738987e-09, 2.17337725594e-09, 1.93448546071e-09, 1.24186094741e-09, 6.82891299064e-10, 8.99107788221e-10, 1.42130018865e-09, 1.22468313268e-09, 8.21527124106e-10, 1.16130427497e-09, 8.26964441369e-10, 9.33062960229e-10, 3.77385594996e-10, 3.84485360216e-10, 2.80763690075e-10, 1.66003377711e-10, 1.70896616303e-10, 1.58128649064e-10, 1.52611187576e-10, 1.81666279242e-10, 1.87095450244e-10, 1.05922166871e-10, 6.40638861404e-11, 4.78662560977e-11],
        "stdev": [5.20440880791e-06, 1.01745954453e-05, 2.45553183049e-05, 6.41785154585e-05, 0.000235950414208, 0.000926694483496, 0.000411591725424, 0.000446241843747, 0.000204263793421, 0.000339176564012, 0.000987766426988, 0.000594910990912, 0.00057784182718, 0.000454387423815, 0.000583124521654, 0.000162393771461, 6.08622794971e-05, 0.000114447386295, 9.84231446637e-05, 0.000174414439243, 7.01771059539e-05, 6.50510701234e-05, 2.9196999094e-05, 3.28442911268e-05, 4.57687783637e-05, 2.38173488469e-05, 6.7682531153e-06, 8.17421732791e-06, 8.84909422894e-06, 2.72498709819e-06, 9.43367126638e-07, 5.51213645394e-07, 2.38843796296e-07, 2.13211251321e-07, 2.28435027338e-07, 1.13543556779e-07, 3.48395090555e-08, 5.54234080852e-09, 2.89915647045e-10, 4.63787258598e-10]
    },
    "melbands128": {
        "max": [5.23605740455e-06, 2.24576979235e-05, 8.9084598585e-05, 0.00010781903984, 0.000220367597649, 0.000130718224682, 0.000336860568495, 0.000343444582541, 0.000335957389325, 0.000532831414603, 0.00107968552038, 0.0022067015525, 0.00353847933002, 0.00812938157469, 0.0132575323805, 0.0125654404983, 0.0115803722292, 0.00592796085402, 0.00711398432031, 0.00721593294293, 0.0123506905511, 0.00683799339458, 0.00286991498433, 0.00562261790037, 0.00998069811612, 0.0173888001591, 0.0221402030438, 0.0178274866194, 0.0331945940852, 0.0202428884804, 0.00856661889702, 0.0143564967439, 0.0215406119823, 0.0218725129962, 0.0215172450989, 0.0114309256896, 0.0162979308516, 0.0142724253237, 0.0108852442354, 0.00749832810834, 0.00369942188263, 0.00138520088512, 0.00132616166957, 0.00180970574729, 0.00274748192169, 0.00189384340774, 0.000773070030846, 0.00245939940214, 0.00339590432122, 0.00668086204678, 0.00407562544569, 0.00594053091481, 0.00138926971704, 0.000632613664493, 0.00120384129696, 0.00476993340999, 0.00159761251416, 0.000901853491087, 0.000573263794649, 0.000761103990953, 0.000964836624917, 0.000484239455545, 0.000721826450899, 0.000878188642673, 0.000819545297418, 0.000378747878131, 0.000295996287605, 0.000133711131639, 0.000157626418513, 8.59478750499e-05, 8.5163890617e-05, 0.000178347647307, 0.000268614356173, 0.000149029991007, 0.000172316882527, 5.82047468924e-05, 7.45502184145e-05, 1.39233106893e-05, 3.06639158225e-05, 4.2549585487e-05, 1.88575831999e-05, 1.26767199617e-05, 1.18005473269e-05, 4.86922408527e-06, 3.21133006764e-06, 3.19132664117e-06, 6.32873252471e-06, 6.26766814094e-06, 4.07371862821e-06, 6.77367279422e-06, 3.79436141884e-06, 1.3638383507e-06, 1.19611570426e-06, 5.88592115491e-07, 3.30876872567e-07, 1.24279267766e-07, 4.97129946098e-08, 5.90724402727e-09, 3.14769099674e-09, 3.16416537416e-09, 2.0292147962e-09, 4.88224705109e-09, 5.39438964609e-08, 4.18116634648e-08, 1.56673474194e-09, 5.60885893286e-10, 5.36095334791e-10, 5.15645970367e-10, 4.88201978843e-10, 4.68214467197e-10, 4.50615628145e-10, 4.3114722903e-10, 4.13877043748e-10, 4.00288691083e-10, 3.87630261223e-10, 3.76693065629e-10, 3.64076935266e-10, 3.52736367892e-10, 3.41345257615e-10, 3.33519184492e-10, 3.25087429198e-10, 3.18318288395e-10, 3.12087716781e-10, 3.06889624824e-10, 3.01187547125e-10, 2.97895458301e-10, 2.95547669671e-10, 2.93921553762e-10],
        "mean": [2.25900976147e-07, 8.97787401755e-07, 3.55608199243e-06, 5.34569699084e-06, 5.23003336639e-06, 6.52583185001e-06, 1.41824948514e-05, 1.58718012244e-05, 2.04247735383e-05, 2.91600626952e-05, 4.88249497721e-05, 0.000102538833744, 0.000117693562061, 0.000173422129592, 0.000368340464775, 0.000383177801268, 0.000267114228336, 0.000170542509295, 0.000169253777131, 0.000166582030943, 0.000169011385879, 9.46748259594e-05, 4.18743111368e-05, 6.78029537085e-05, 4.7688055929e-05, 9.19599915505e-05, 0.000141047930811, 0.000323473184835, 0.000406878738431, 0.000237084706896, 5.70146221435e-05, 7.41748590372e-05, 9.37230506679e-05, 0.00015756826906, 9.51398469624e-05, 4.44733923359e-05, 5.31065379619e-05, 0.000161328920512, 0.000131449414766, 3.85433158954e-05, 2.22383405344e-05, 1.25191309053e-05, 1.10522751129e-05, 3.70257148461e-05, 5.03750015923e-05, 4.03263911721e-05, 9.21872015169e-06, 1.46116199176e-05, 3.60562044079e-05, 3.20398430631e-05, 4.5678258175e-05, 7.58576570661e-05, 1.4481765902e-05, 6.35404467175e-06, 1.07031728476e-05, 1.6286436221e-05, 2.14535575651e-05, 1.23427753351e-05, 7.2577508945e-06, 1.53107685037e-05, 1.54572626343e-05, 9.15927648748e-06, 1.68677634065e-05, 2.21155496547e-05, 1.57278645929e-05, 8.76245849213e-06, 3.64297807209e-06, 2.65191465587e-06, 3.51161793333e-06, 2.29631791626e-06, 2.18711488742e-06, 5.91590696786e-06, 5.76023603571e-06, 2.84258635475e-06, 1.83925737929e-06, 8.6721831849e-07, 3.39410718198e-07, 2.62013372776e-07, 2.36130631492e-07, 1.93961867012e-07, 1.17171907732e-07, 8.74076988566e-08, 8.22673413836e-08, 5.45600720159e-08, 6.01426890512e-08, 8.00889452535e-08, 9.31319377173e-08, 9.75009797344e-08, 6.78215670291e-08, 7.0618028758e-08, 5.1076298746e-08, 3.51868223447e-08, 2.57375933899e-08, 1.86724786744e-08, 8.77922801124e-09, 4.49874493214e-09, 1.83798687381e-09, 5.21532650399e-10, 3.79987652455e-10, 3.32116778523e-10, 2.96827229462e-10, 2.80059170299e-10, 3.09744618843e-10, 2.38930264462e-10, 4.39699283927e-11, 2.94283998212e-12, 2.79326605249e-12, 2.61400623369e-12, 2.50229741441e-12, 2.40965190509e-12, 2.2951211244e-12, 2.20968078904e-12, 2.124560727e-12, 2.0474962871e-12, 1.9789634341e-12, 1.92197603319e-12, 1.86593210501e-12, 1.79713308037e-12, 1.74657597413e-12, 1.7018075317e-12, 1.65803059216e-12, 1.62336756451e-12, 1.59592196229e-12, 1.56361197861e-12, 1.51762673609e-12, 1.46092220352e-12, 1.42725870185e-12, 1.41639206874e-12],
        "min": [1.61003502197e-10, 7.60449758719e-10, 1.91799554017e-09, 4.45376446834e-09, 6.04633587642e-09, 2.96409918832e-09, 5.25327292777e-09, 2.9094517906e-09, 3.58916740772e-09, 1.72034875234e-09, 1.69407543549e-09, 2.14497669626e-10, 4.64421390234e-09, 4.61288207632e-09, 1.30498623019e-09, 1.52005263931e-09, 2.24760121625e-09, 1.57391577549e-09, 7.12668590808e-10, 7.87130360891e-10, 2.5431843298e-09, 7.34592831009e-10, 3.17064841049e-09, 1.40885458855e-09, 1.02557418113e-09, 4.42559239255e-10, 9.82646186642e-10, 1.14683584851e-09, 1.11193498853e-09, 1.11138687142e-09, 2.3708599528e-09, 2.10390482813e-09, 1.65065339175e-09, 1.13437459426e-09, 1.00624975019e-09, 1.20668341985e-09, 3.26311561105e-10, 7.27694904334e-10, 4.38653752211e-10, 1.00777775014e-09, 6.24806151261e-10, 1.0824400265e-09, 7.1334327334e-10, 8.74699146447e-10, 1.51404133675e-09, 7.85634224343e-10, 1.78561376796e-09, 1.48161793945e-09, 1.80914727643e-09, 1.37496547481e-09, 3.56106366617e-10, 5.52805690113e-10, 1.1347979223e-09, 3.48722439814e-10, 3.69080960239e-10, 7.3488654051e-10, 7.34720562168e-10, 9.23711496181e-10, 5.97218663412e-10, 1.1430684177e-09, 6.47597087067e-10, 5.37897837383e-10, 5.37429045711e-10, 6.42773556603e-10, 7.79949715923e-10, 9.55932444313e-10, 7.11021130861e-10, 4.46109676977e-10, 5.38418032381e-10, 5.09899955592e-10, 8.56650805847e-10, 3.91827653656e-10, 2.43685072121e-10, 3.33287952792e-10, 1.87703713683e-10, 2.19256238165e-10, 1.6985771123e-10, 1.1200942257e-10, 1.49067730382e-10, 1.38540665051e-10, 1.47990633637e-10, 8.63742757873e-11, 8.15562964385e-11, 7.29584656578e-11, 7.56931253787e-11, 9.55389795054e-11, 1.03250609451e-10, 9.4137246609e-11, 1.01478665748e-10, 6.70420940985e-11, 9.1254198642e-11, 9.23936899211e-11, 2.57453058872e-10, 1.76612641178e-10, 7.78842268456e-11, 7.1316209882e-11, 5.77173794869e-11, 3.68829966568e-11, 9.6574154923e-12, 4.0247489369e-11, 3.12162934391e-11, 3.63617434773e-11, 2.88348546429e-11, 1.86886738723e-11, 8.96636985579e-13, 4.31694915546e-14, 3.11445002275e-14, 4.80275948135e-14, 4.2008185667e-14, 3.79796054903e-14, 4.19560389306e-14, 5.20974051659e-14, 4.20896194145e-14, 3.79928801906e-14, 3.7312814378e-14, 3.84139029993e-14, 4.47748866521e-14, 4.89063881081e-14, 3.86802846968e-14, 4.72259120102e-14, 4.03283804192e-14, 3.85637431276e-14, 3.90455896782e-14, 3.61787863394e-14, 3.00712010631e-14, 1.25051192478e-14, 1.48166963013e-15, 6.89824889558e-17],
        "stdev": [3.44013727727e-07, 1.61944012689e-06, 8.45335307531e-06, 1.19050255307e-05, 1.26350932987e-05, 1.12301195259e-05, 3.025442129e-05, 3.32732124662e-05, 3.79620723834e-05, 5.68058094359e-05, 0.000101819394331, 0.000230042714975, 0.000305256689899, 0.000493386818562, 0.00136269524228, 0.00132085813675, 0.000686292594764, 0.000452438980574, 0.000620419916231, 0.000634640746284, 0.000653409981169, 0.000378673023079, 0.000175445020432, 0.000336217693985, 0.000254572631093, 0.000553635181859, 0.000956780742854, 0.00159036065452, 0.00153109582607, 0.00105513818562, 0.000424989120802, 0.000612818286754, 0.000869883398991, 0.000903149368241, 0.00078059011139, 0.000491297687404, 0.000511052145157, 0.000902383471839, 0.000798527442385, 0.000333384406986, 0.000128743922687, 5.9625999711e-05, 5.49706746824e-05, 0.000124140118714, 0.000202614435693, 0.000163315286045, 4.49358522019e-05, 6.99131560395e-05, 0.00018342754629, 0.000267530878773, 0.000241065674345, 0.000330786511768, 7.11464890628e-05, 3.18538113788e-05, 5.92982651142e-05, 0.000127957289806, 7.85975280451e-05, 4.31316366303e-05, 2.81347001874e-05, 5.19132154295e-05, 5.39216671314e-05, 3.36772027367e-05, 5.913865607e-05, 6.75218980177e-05, 5.61561937502e-05, 3.02165753965e-05, 1.753354627e-05, 8.90585579327e-06, 8.68340066518e-06, 6.43663042865e-06, 6.62177899358e-06, 1.74591204996e-05, 1.72343861777e-05, 1.142124529e-05, 8.67565631779e-06, 3.22141204379e-06, 1.94439689949e-06, 8.81176106304e-07, 1.12723830625e-06, 1.16064848044e-06, 6.39763925392e-07, 4.20750581043e-07, 4.21971975584e-07, 2.20283908448e-07, 1.66923911138e-07, 1.85060756053e-07, 2.94708058846e-07, 3.00419884525e-07, 2.24842764851e-07, 2.72540518154e-07, 1.53339101416e-07, 8.16824936578e-08, 6.35233945445e-08, 4.37352163374e-08, 1.93805931303e-08, 8.70339889048e-09, 3.41118511216e-09, 5.16013010099e-10, 3.0178448629e-10, 2.36647312857e-10, 2.04936345671e-10, 2.21924381649e-10, 1.56243273874e-09, 9.95641125101e-10, 5.69647905235e-11, 1.81462102289e-11, 1.73547998888e-11, 1.6644702977e-11, 1.57837510423e-11, 1.51533993686e-11, 1.45634025672e-11, 1.39404278052e-11, 1.33833213609e-11, 1.29421065878e-11, 1.25282119748e-11, 1.21638836156e-11, 1.17600026939e-11, 1.13968721613e-11, 1.10333998882e-11, 1.07775238387e-11, 1.05066623804e-11, 1.02852795725e-11, 1.00843977266e-11, 9.91245627247e-12, 9.73336255344e-12, 9.62908485586e-12, 9.55220624821e-12, 9.49961290186e-12]
    },
    "mfcc": {
        "mean": [-779.058288574, 152.174163818, -70.4918060303, 25.0144901276, -24.6746273041, -15.922709465, -21.1885547638, -1.97161746025, -21.4315395355, 4.43463039398, -16.0144138336, -0.728009939194, -6.22506427765],
        "cov": [[7124.44873047, -523.153503418, -1682.64880371, 508.861083984, -736.026062012, 291.127166748, -87.1822509766, 277.086517334, -447.731689453, 8.3845281601, -295.912689209, 497.696472168, 184.127975464], [-523.153503418, 593.267150879, 193.00958252, -102.899215698, 109.176841736, -183.619888306, 76.3041534424, -76.6459884644, 12.8023796082, -66.4225769043, 58.524848938, -126.053703308, -17.3711299896], [-1682.64880371, 193.00958252, 735.473999023, -23.3704242706, 230.033828735, -55.1551933289, -119.554389954, -55.5159683228, 61.7085418701, -67.5391082764, 104.831443787, -58.784992218, -19.7281322479], [508.861083984, -102.899215698, -23.3704242706, 279.002807617, 85.5450286865, 14.9958658218, -134.015167236, 10.1762266159, 7.81172513962, -11.4867334366, -18.8013515472, 110.790885925, 55.760509491], [-736.026062012, 109.176841736, 230.033828735, 85.5450286865, 305.084259033, -35.3149795532, -89.4933166504, -42.036655426, 75.3519821167, -16.1218662262, 26.554933548, -23.0595092773, 3.93611335754], [291.127166748, -183.619888306, -55.1551933289, 14.9958658218, -35.3149795532, 235.664230347, 59.6934967041, 48.3872413635, -17.8131656647, -2.70070052147, 6.87311935425, 38.1579780579, 13.2941083908], [-87.1822509766, 76.3041534424, -119.554389954, -134.015167236, -89.4933166504, 59.6934967041, 310.436218262, 38.1137619019, -0.551137983799, 32.6542053223, 21.1282024384, -77.6105804443, -30.4403018951], [277.086517334, -76.6459884644, -55.5159683228, 10.1762266159, -42.036655426, 48.3872413635, 38.1137619019, 157.688461304, 24.22631073, -0.962569892406, 10.9757795334, -4.03862190247, 18.773683548], [-447.731689453, 12.8023796082, 61.7085418701, 7.81172513962, 75.3519821167, -17.8131656647, -0.551137983799, 24.22631073, 166.916015625, 41.1327972412, -12.3913574219, -46.8012123108, -8.09775924683], [8.3845281601, -66.4225769043, -67.5391082764, -11.4867334366, -16.1218662262, -2.70070052147, 32.6542053223, -0.962569892406, 41.1327972412, 158.851165771, 2.95412921906, 4.34490728378, -27.6456794739], [-295.912689209, 58.524848938, 104.831443787, -18.8013515472, 26.554933548, 6.87311935425, 21.1282024384, 10.9757795334, -12.3913574219, 2.95412921906, 146.571334839, 14.5949668884, 1.27480494976], [497.696472168, -126.053703308, -58.784992218, 110.790885925, -23.0595092773, 38.1579780579, -77.6105804443, -4.03862190247, -46.8012123108, 4.34490728378, 14.5949668884, 203.004730225, 65.6969680786], [184.127975464, -17.3711299896, -19.7281322479, 55.760509491, 3.93611335754, 13.2941083908, -30.4403018951, 18.773683548, -8.09775924683, -27.6456794739, 1.27480494976, 65.6969680786, 105.264572144]],
        "icov": [[0.00154729594942, -0.002214809414, 0.00268117082305, -0.00252280500717, 0.00225598248653, -0.00217606150545, 0.0019990443252, -0.00255594868213, 0.00253444979899, -0.000784848292824, 0.00172922457568, -0.00143701839261, 0.000856007507537], [-0.002214809414, 0.00698159635067, -0.00411886814982, 0.00395617634058, -0.00425657257438, 0.0059691038914, -0.00463290046901, 0.00487610325217, -0.00343715283088, 0.00271156104282, -0.00366198737174, 0.00325307366438, -0.00218361476436], [0.00268117082305, -0.00411886814982, 0.00706944987178, -0.00357875437476, 0.00266091735102, -0.00406983261928, 0.0045820241794, -0.00409520464018, 0.00372913992032, -0.000492213002872, 0.00142781320028, -0.00222392496653, 0.00184923305642], [-0.00252280500717, 0.00395617634058, -0.00357875437476, 0.0107818692923, -0.00608668196946, 0.00342359882779, -0.00153163960204, 0.0031845155172, -0.00435379939154, 0.00160690315533, -0.00215732236393, -0.000296206882922, -0.0022338849958], [0.00225598248653, -0.00425657257438, 0.00266091735102, -0.00608668196946, 0.00955805275589, -0.00398888252676, 0.00377003895119, -0.00237370212562, 0.00154615775682, -0.00131666148081, 0.00190278701484, -0.000953503884375, 0.00107945897616], [-0.00217606150545, 0.0059691038914, -0.00406983261928, 0.00342359882779, -0.00398888252676, 0.0103067532182, -0.00551867717877, 0.00309844571166, -0.0030289310962, 0.00258026830852, -0.0030703751836, 0.00152691849507, -0.00155702757183], [0.0019990443252, -0.00463290046901, 0.0045820241794, -0.00153163960204, 0.00377003895119, -0.00551867717877, 0.00881281774491, -0.00422341609374, 0.00300571578555, -0.00232037412934, 0.00138643116225, -0.000630725931842, 0.00126521370839], [-0.00255594868213, 0.00487610325217, -0.00409520464018, 0.0031845155172, -0.00237370212562, 0.00309844571166, -0.00422341609374, 0.0128101585433, -0.00631914939731, 0.00245953630656, -0.00479508610442, 0.0040634018369, -0.00330553227104], [0.00253444979899, -0.00343715283088, 0.00372913992032, -0.00435379939154, 0.00154615775682, -0.0030289310962, 0.00300571578555, -0.00631914939731, 0.0130304675549, -0.00420924602076, 0.00439761672169, -0.000501618196722, 0.000482377246954], [-0.000784848292824, 0.00271156104282, -0.000492213002872, 0.00160690315533, -0.00131666148081, 0.00258026830852, -0.00232037412934, 0.00245953630656, -0.00420924602076, 0.00926671270281, -0.00234948052093, -0.000515456718858, 0.0019506480312], [0.00172922457568, -0.00366198737174, 0.00142781320028, -0.00215732236393, 0.00190278701484, -0.0030703751836, 0.00138643116225, -0.00479508610442, 0.00439761672169, -0.00234948052093, 0.011229920201, -0.00387778505683, 0.00135946727823], [-0.00143701839261, 0.00325307366438, -0.00222392496653, -0.000296206882922, -0.000953503884375, 0.00152691849507, -0.000630725931842, 0.0040634018369, -0.000501618196722, -0.000515456718858, -0.00387778505683, 0.0113877542317, -0.00550795439631], [0.000856007507537, -0.00218361476436, 0.00184923305642, -0.0022338849958, 0.00107945897616, -0.00155702757183, 0.00126521370839, -0.00330553227104, 0.000482377246954, 0.0019506480312, 0.00135946727823, -0.00550795439631, 0.0142543176189]]
    },
    "spectral_contrast_coeffs": {
        "max": [-0.408007979393, -0.404237151146, -0.450330972672, -0.535858690739, -0.594583690166, -0.4840888381],
        "mean": [-0.667353928089, -0.69040197134, -0.714195132256, -0.739410102367, -0.750426650047, -0.733909547329],
        "min": [-0.900544881821, -0.928570747375, -0.926949441433, -0.926381886005, -0.902948081493, -0.955545604229],
        "stdev": [0.0854070559144, 0.089066080749, 0.079505585134, 0.06327919662, 0.0488130897284, 0.0648243650794]
    },
    "spectral_contrast_valleys": {
        "max": [-7.07553482056, -5.98110485077, -5.98748683929, -6.31445407867, -6.01322507858, -11.1697788239],
        "mean": [-9.02610206604, -7.83726501465, -8.52061748505, -8.71281814575, -8.68045139313, -12.9655065536],
        "min": [-11.6211767197, -11.3181085587, -11.7595863342, -11.9155282974, -11.3966159821, -13.7942714691],
        "stdev": [0.747131168842, 0.822596669197, 0.895763635635, 0.819693386555, 0.956435263157, 0.387700855732]
    }
},
"rhythm": {
    "beats_count": 97,
    "beats_loudness": {
        "max": 0.074050553143,
        "mean": 0.0117721660063,
        "min": 7.9151650425e-06,
        "stdev": 0.0150616224855
    },
    "bpm": 131.675765991,
    "bpm_histogram_first_peak_bpm": 133,
    "bpm_histogram_first_peak_weight": 0.518518507481,
    "bpm_histogram_second_peak_bpm": 126,
    "bpm_histogram_second_peak_spread": 0.466666638851,
    "bpm_histogram_second_peak_weight": 0.0833333358169,
    "danceability": 0.936197221279,
    "onset_rate": 2.009765625,
    "beats_loudness_band_ratio": {
        "max": [0.16803330183, 0.914514362812, 0.924987077713, 0.828028202057, 0.674301981926, 0.237102076411],
        "mean": [0.0215414240956, 0.262928158045, 0.36986926198, 0.218763485551, 0.155911818147, 0.0390084013343],
        "min": [0.000443655211711, 0.00243277242407, 0.0157266575843, 0.0103556634858, 0.00879758875817, 0.00145198754035],
        "stdev": [0.0341977924109, 0.27182534337, 0.276239305735, 0.236934840679, 0.153843060136, 0.0477054230869]
    },
