{
"metadata": {
    "version": {
        "essentia": "2.1-beta5",
        "essentia_git_sha": "Undefined",
        "extractor": "music 2.0"
    },
    "audio_properties": {
        "analysis": {
            "equal_loudness": 0,
            "length": 48.7502937317,
            "sample_rate": 44100,
            "start_time": 12.7477550507,
            "downmix": "mix"
        },
        "bit_rate": 192000,
        "length": 208.608978271,
        "lossless": 0,
        "number_channels": 2,
        "replay_gain": -8.10456848145,
        "sample_rate": 48000,
        "codec": "mp3",
        "md5_encoded": "fc8a0ad76b2dad3734327d28456bd369"
    },
    "tags": {
        "file_name": "Denmark_Angelique_Dario Campeotto.mp3",
        "encoding": ["Lavf58.29.100"]
    }
},
"lowlevel": {
    "average_loudness": 0.0647118762136,
    "barkbands_crest": {
        "max": 25.5199832916,
        "mean": 10.3588237762,
        "min": 2.23448133469,
        "stdev": 4.86044073105
    },
    "barkbands_flatness_db": {
        "max": 0.383809059858,
        "mean": 0.210053890944,
        "min": 0.0608382672071,
        "stdev": 0.0524055473506
    },
    "barkbands_kurtosis": {
        "max": 105.997428894,
        "mean": 3.42397880554,
        "min": -1.87758481503,
        "stdev": 7.10316324234
    },
    "barkbands_skewness": {
        "max": 8.60933685303,
        "mean": 1.21978831291,
        "min": -5.17089653015,
        "stdev": 1.1214979887
    },
    "barkbands_spread": {
        "max": 66.4512405396,
        "mean": 13.3966875076,
        "min": 0.984426558018,
        "stdev": 8.47513484955
    },
    "dissonance": {
        "max": 0.499954462051,
        "mean": 0.440967589617,
        "min": 0.250905513763,
        "stdev": 0.0422673374414
    },
    "dynamic_complexity": 6.43827056885,
    "erbbands_crest": {
        "max": 31.1255702972,
        "mean": 10.894613266,
        "min": 3.2522854805,
        "stdev": 5.27118873596
    },
    "erbbands_flatness_db": {
        "max": 0.405624866486,
        "mean": 0.261594235897,
        "min": 0.126034349203,
        "stdev": 0.0474241673946
    },
    "erbbands_kurtosis": {
        "max": 20.9257469177,
        "mean": 0.949058771133,
        "min": -1.78326904774,
        "stdev": 2.64898395538
    },
    "erbbands_skewness": {
        "max": 4.15306663513,
        "mean": 0.551689267159,
        "min": -3.01595902443,
        "stdev": 0.906990170479
    },
    "erbbands_spread": {
        "max": 89.7417831421,
        "mean": 23.3873176575,
        "min": 4.40959644318,
        "stdev": 10.601266861
    },
    "hfc": {
        "max": 180.619171143,
        "mean": 10.0166883469,
        "min": 0.0111631620675,
        "stdev": 18.6185035706
    },
    "loudness_ebu128": {
        "integrated": -18.8009357452,
        "loudness_range": 12.4801654816,
        "momentary": {
            "max": -9.74927711487,
            "mean": -22.902677536,
            "min": -39.2774581909,
            "stdev": 5.63895845413
        },
        "short_term": {
            "max": -12.695971489,
            "mean": -20.9654121399,
            "min": -28.4577789307,
            "stdev": 3.86671280861
        }
    },
    "melbands_crest": {
        "max": 29.6293430328,
        "mean": 12.889172554,
        "min": 2.58745837212,
        "stdev": 5.7317905426
    },
    "melbands_flatness_db": {
        "max": 0.419997245073,
        "mean": 0.220914766192,
        "min": 0.0424467772245,
        "stdev": 0.0624844022095
    },
    "melbands_kurtosis": {
        "max": 146.125045776,
        "mean": 5.96654367447,
        "min": -1.79551315308,
        "stdev": 8.68955516815
    },
    "melbands_skewness": {
        "max": 8.72529506683,
        "mean": 1.62761366367,
        "min": -2.36497449875,
        "stdev": 1.0468788147
    },
    "melbands_spread": {
        "max": 177.221893311,
        "mean": 21.5518283844,
        "min": 1.15609908104,
        "stdev": 20.5302658081
    },
    "pitch_salience": {
        "max": 0.842267215252,
        "mean": 0.585843801498,
        "min": 0.16684179008,
        "stdev": 0.104086041451
    },
    "silence_rate_20dB": {
        "max": 1,
        "mean": 1,
        "min": 1,
        "stdev": 0
    },
    "silence_rate_30dB": {
        "max": 1,
        "mean": 0.982865273952,
        "min": 0,
        "stdev": 0.129773527384
    },
    "silence_rate_60dB": {
        "max": 1,
        "mean": 0.471204191446,
        "min": 0,
        "stdev": 0.499175131321
    },
    "spectral_centroid": {
        "max": 4771.15039062,
        "mean": 1220.46130371,
        "min": 272.549346924,
        "stdev": 658.551086426
    },
    "spectral_complexity": {
        "max": 34,
        "mean": 9.75011920929,
        "min": 0,
        "stdev": 6.31376123428
    },
    "spectral_decrease": {
        "max": -2.00864758854e-12,
        "mean": -2.73638156578e-09,
        "min": -5.0046658373e-08,
        "stdev": 5.30800958742e-09
    },
    "spectral_energy": {
        "max": 0.205270111561,
        "mean": 0.0112362802029,
        "min": 9.35061052587e-06,
        "stdev": 0.0216774698347
    },
    "spectral_energyband_high": {
        "max": 0.00429289555177,
        "mean": 7.82270071795e-05,
        "min": 6.56997883652e-07,
        "stdev": 0.000282731401967
    },
    "spectral_energyband_low": {
        "max": 0.00398781849071,
        "mean": 0.000147125072544,
        "min": 5.701060104e-07,
        "stdev": 0.000357702898327
    },
    "spectral_energyband_middle_high": {
        "max": 0.0874029919505,
        "mean": 0.00367855117656,
        "min": 2.95081576951e-06,
        "stdev": 0.00747925369069
    },
    "spectral_energyband_middle_low": {
        "max": 0.187317490578,
        "mean": 0.0075631304644,
        "min": 1.89638330994e-06,
        "stdev": 0.0165002848953
    },
    "spectral_entropy": {
        "max": 8.24806404114,
        "mean": 7.10136699677,
        "min": 5.3667807579,
        "stdev": 0.435047030449
    },
    "spectral_flux": {
        "max": 0.253186047077,
        "mean": 0.0404996462166,
        "min": 0.00181307131425,
        "stdev": 0.0351547449827
    },
    "spectral_kurtosis": {
        "max": 37.1035614014,
        "mean": 7.33824062347,
        "min": -1.01800704002,
        "stdev": 5.02287864685
    },
    "spectral_rms": {
        "max": 0.0141514493152,
        "mean": 0.00254836212844,
        "min": 9.55120267463e-05,
        "stdev": 0.00211378210224
    },
    "spectral_rolloff": {
        "max": 7816.55273438,
        "mean": 1488.82397461,
        "min": 172.265625,
        "stdev": 1164.41418457
    },
    "spectral_skewness": {
        "max": 4.26187038422,
        "mean": 1.68777000904,
        "min": -0.363390266895,
        "stdev": 0.624057292938
    },
    "spectral_spread": {
        "max": 6217043.5,
        "mean": 2686346.5,
        "min": 1461856.375,
        "stdev": 669721.3125
    },
    "spectral_strongpeak": {
        "max": 13.2440690994,
        "mean": 1.12779855728,
        "min": 0.00127591914497,
        "stdev": 1.49557721615
    },
    "zerocrossingrate": {
        "max": 0.26953125,
        "mean": 0.0521487146616,
        "min": 0.00537109375,
        "stdev": 0.0324401296675
    },
    "barkbands": {
        "max": [2.67554241873e-05, 0.000630814116448, 0.00143867603038, 0.00361844548024, 0.0183454230428, 0.010342377238, 0.033664625138, 0.111745260656, 0.153703153133, 0.0499326512218, 0.0129194390029, 0.0163022987545, 0.0295057501644, 0.0187581311911, 0.00354689289816, 0.00494427699596, 0.00642947014421, 0.0150455385447, 0.00305306701921, 0.000628661189694, 0.000710997439455, 0.00123717205133, 0.00191779818852, 0.000869966403116, 2.3686048678e-07, 6.36145429667e-08, 7.78074564778e-08],
        "mean": [9.47426883613e-07, 1.38115656227e-05, 4.72397405247e-05, 0.000195982240257, 0.000771218095906, 0.000387925480027, 0.00071789737558, 0.00347707699984, 0.00169912632555, 0.00120359344874, 0.000175771681825, 0.000406359264161, 0.000809056742582, 0.000250858662184, 0.000180770846782, 0.000144226971315, 0.000178736911039, 0.000378531898605, 0.000107760744868, 2.54480819422e-05, 1.87062269106e-05, 1.89619950106e-05, 2.13192724914e-05, 4.85600730826e-06, 9.43962419342e-08, 4.35666253074e-10, 4.69718874907e-10],
        "min": [1.42670963932e-09, 7.16677632795e-08, 4.4696491841e-08, 8.13288565382e-08, 3.27110427634e-07, 9.96379228013e-08, 1.024166707e-07, 7.7767090545e-08, 1.76807262164e-07, 1.48137431211e-07, 3.94141217441e-08, 1.04556789893e-07, 1.0315455512e-07, 8.91138469683e-08, 5.00644361523e-08, 5.48489786922e-08, 5.22256371482e-08, 6.30053094142e-08, 6.94750070807e-08, 4.85710671683e-08, 5.50223262508e-08, 8.28784507689e-08, 7.86755904869e-08, 5.74780365525e-08, 2.03200212212e-08, 1.67023218173e-11, 2.37805001385e-11],
        "stdev": [1.71343026523e-06, 2.90216376015e-05, 0.00011990225903, 0.000390582426917, 0.00133153132629, 0.000706720224116, 0.00231550936587, 0.0120567567647, 0.00955153815448, 0.00413273880258, 0.000711046042852, 0.00107091537211, 0.00250393291935, 0.000834721955471, 0.000376174662961, 0.000376880925614, 0.000406450766604, 0.00105961167719, 0.000232749269344, 7.04635604052e-05, 5.33136990271e-05, 6.93805268384e-05, 0.000113130750833, 3.31952505803e-05, 3.30613723065e-08, 2.40122344231e-09, 2.70633448984e-09]
    },
    "erbbands": {
        "max": [0.0213055703789, 0.128269389272, 0.935031056404, 8.784532547, 26.9445781708, 75.3455657959, 158.706481934, 90.4208450317, 417.880737305, 686.399719238, 3027.09838867, 4138.25390625, 4725.30175781, 1179.9083252, 515.070373535, 537.280029297, 1436.09155273, 1037.5982666, 717.455627441, 245.704605103, 212.640319824, 255.172653198, 1058.64440918, 207.969161987, 99.0232391357, 33.7333564758, 36.5076522827, 31.9713973999, 52.9074134827, 48.3883132935, 52.0494003296, 37.8925437927, 2.12643265724, 0.0719729885459, 0.0054325084202, 0.000816684798338, 0.000184354721569, 5.29951539647e-05, 0.000109244050691, 0.000242534049903],
        "mean": [0.000310032628477, 0.00396201200783, 0.0404169224203, 0.388548523188, 1.20790803432, 2.68959498405, 3.69294857979, 3.58089208603, 9.45257091522, 23.9395427704, 83.6229400635, 41.0018920898, 39.9860687256, 22.4033374786, 12.3046350479, 16.5526390076, 33.3043136597, 20.2231845856, 14.0986747742, 6.91968584061, 7.74323558807, 11.3118963242, 23.1611480713, 8.82937431335, 3.87166976929, 1.37358510494, 0.908562242985, 0.719406783581, 0.698174774647, 0.685325741768, 0.578267097473, 0.232277646661, 0.0208839904517, 0.00228996924125, 0.000362168386346, 2.45506162173e-05, 7.69109647081e-06, 2.47759953709e-06, 6.32637011222e-06, 1.34334186441e-05],
        "min": [3.3426194932e-06, 3.67391949112e-05, 8.86949928827e-05, 0.000677035714034, 0.00115809193812, 0.000781205890235, 0.000458218855783, 0.000774292624556, 0.00106828648131, 0.00222000316717, 0.0023402357474, 0.00412880443037, 0.00467087840661, 0.00628032116219, 0.00225252425298, 0.00634743273258, 0.00501221418381, 0.00622497685254, 0.00561645347625, 0.00492130033672, 0.00278085074387, 0.00320015009493, 0.004416749347, 0.00372801302001, 0.00321579026058, 0.00256540765986, 0.00253709033132, 0.00270386622287, 0.00296053732745, 0.00251431576908, 0.00213821558282, 0.00135746155865, 0.000809460529126, 0.000384337676223, 4.71103230666e-05, 2.85731607619e-06, 3.8829759319e-07, 6.52585399052e-08, 1.95818508075e-08, 1.46449812277e-08],
        "stdev": [0.00062679691473, 0.00798470620066, 0.0840339511633, 0.855695962906, 1.98115110397, 5.57018661499, 8.8800868988, 6.88420152664, 30.6273021698, 62.6345863342, 295.651489258, 230.699508667, 192.537796021, 67.5768661499, 32.9758491516, 40.2976837158, 94.7347259521, 68.2721405029, 32.5124511719, 14.7482452393, 19.350107193, 23.3453521729, 64.6898880005, 20.4499378204, 8.1289434433, 3.45921516418, 2.6837515831, 2.02464866638, 2.62431144714, 3.0264737606, 3.14414095879, 1.56710231304, 0.117894552648, 0.00386786228046, 0.000293022691039, 4.65734956379e-05, 1.45370204336e-05, 4.72185456601e-06, 1.15678931252e-05, 2.55112190644e-05]
    },
    "gfcc": {
        "mean": [-141.604660034, 142.834716797, -185.85256958, 20.3059024811, -79.8536682129, -11.143245697, -37.8144683838, -14.8016395569, -5.55777931213, -28.5129947662, 0.764891088009, -20.1476726532, -4.53239536285],
        "cov": [[3975.19799805, -151.371276855, -1307.14379883, -492.507843018, 163.951019287, -412.450683594, 480.501800537, -229.408370972, 245.199829102, -290.9559021, 16.3377571106, 135.441055298, -448.684753418], [-151.371276855, 605.406799316, 168.748184204, -236.710906982, 161.335372925, -93.9517440796, -80.7884674072, 33.6993331909, -40.2455482483, -19.6499290466, 8.15234565735, -38.3568153381, 37.6538314819], [-1307.14379883, 168.748184204, 772.245666504, 194.544052124, -151.645309448, 93.9318695068, -181.771972656, 50.0873413086, -41.7299385071, 93.6178207397, -20.5030765533, -33.9202461243, 142.0128479], [-492.507843018, -236.710906982, 194.544052124, 523.107910156, -18.9070415497, 123.056838989, -53.9273834229, -45.9881057739, -40.4152946472, 48.3370018005, -36.2335700989, -23.0493679047, 76.4624786377], [163.951019287, 161.335372925, -151.645309448, -18.9070415497, 277.45803833, -3.53700900078, -27.4834194183, 13.5280733109, -16.7053337097, -17.0624485016, -5.54740095139, -30.4302558899, -19.9200744629], [-412.450683594, -93.9517440796, 93.9318695068, 123.056838989, -3.53700900078, 278.949493408, 57.6915054321, 1.59784567356, -76.8534698486, 65.4361419678, 23.4050102234, -26.837688446, 43.7859268188], [480.501800537, -80.7884674072, -181.771972656, -53.9273834229, -27.4834194183, 57.6915054321, 262.58682251, 23.0556297302, -38.5196342468, -32.4899482727, 28.2108592987, 21.0949802399, -79.2055282593], [-229.408370972, 33.6993331909, 50.0873413086, -45.9881057739, 13.5280733109, 1.59784567356, 23.0556297302, 132.667831421, 11.2387609482, 14.2449674606, 11.8269920349, -3.54969334602, 7.57729482651], [245.199829102, -40.2455482483, -41.7299385071, -40.4152946472, -16.7053337097, -76.8534698486, -38.5196342468, 11.2387609482, 145.764038086, 16.0436458588, -14.1351261139, 17.1146621704, -31.6914920807], [-290.9559021, -19.6499290466, 93.6178207397, 48.3370018005, -17.0624485016, 65.4361419678, -32.4899482727, 14.2449674606, 16.0436458588, 102.810188293, 29.5134239197, -21.8663234711, 30.7051067352], [16.3377571106, 8.15234565735, -20.5030765533, -36.2335700989, -5.54740095139, 23.4050102234, 28.2108592987, 11.8269920349, -14.1351261139, 29.5134239197, 67.7883911133, 22.1755867004, -10.2250175476], [135.441055298, -38.3568153381, -33.9202461243, -23.0493679047, -30.4302558899, -26.837688446, 21.0949802399, -3.54969334602, 17.1146621704, -21.8663234711, 22.1755867004, 84.204246521, 7.06188154221], [-448.684753418, 37.6538314819, 142.0128479, 76.4624786377, -19.9200744629, 43.7859268188, -79.2055282593, 7.57729482651, -31.6914920807, 30.7051067352, -10.2250175476, 7.06188154221, 128.46786499]],
        "icov": [[0.00221247179434, -0.000189753758605, 0.00139748875517, 0.000217215085286, -0.000992711866274, 0.00155115942471, -0.00369973876514, 0.00431143166497, -0.0042271502316, 0.0028769208584, -0.00186072138604, 0.000233976359596, 0.00099943683017], [-0.000189753758605, 0.00667403824627, -0.00439300108701, 0.0038688685745, -0.00605717068538, 0.00307359104045, -0.00250124721788, 0.00253273220733, -0.00026397590409, 0.00254463474266, -0.00434525776654, 0.00443748803809, -0.00500680087134], [0.00139748875517, -0.00439300108701, 0.00636940123513, -0.00278836931102, 0.00510593969375, -0.0015902078012, 0.00169154931791, -0.00100346328691, -0.000616825709585, -0.00139162293635, 0.0030794898048, -0.00294063286856, 0.00381008186378], [0.000217215085286, 0.0038688685745, -0.00278836931102, 0.0049562281929, -0.0039195609279, 0.00123144127429, -0.00208674697205, 0.00315509666689, -0.000332230265485, 0.000575515674427, -0.000550790922716, 0.00190111016855, -0.0031108323019], [-0.000992711866274, -0.00605717068538, 0.00510593969375, -0.0039195609279, 0.0113743226975, -0.00437900098041, 0.00685272738338, -0.00659020571038, 0.00404933467507, -0.00334762758575, 0.00522053893656, -0.00296522560529, 0.00524423783645], [0.00155115942471, 0.00307359104045, -0.0015902078012, 0.00123144127429, -0.00437900098041, 0.00924625061452, -0.00680795172229, 0.00521493889391, -0.00105551024899, -0.00078326970106, -0.00359786837362, 0.00312894233502, -0.00332529097795], [-0.00369973876514, -0.00250124721788, 0.00169154931791, -0.00208674697205, 0.00685272738338, -0.00680795172229, 0.0163817834109, -0.011972756125, 0.0111147100106, -0.00573991425335, 0.00627138232812, -0.00530796777457, 0.00627740705386], [0.00431143166497, 0.00253273220733, -0.00100346328691, 0.00315509666689, -0.00659020571038, 0.00521493889391, -0.011972756125, 0.0197520125657, -0.0115111712366, 0.00730308936909, -0.00830997247249, 0.00449160672724, -0.00329238804989], [-0.0042271502316, -0.00026397590409, -0.000616825709585, -0.000332230265485, 0.00404933467507, -0.00105551024899, 0.0111147100106, -0.0115111712366, 0.0228628125042, -0.0161934792995, 0.0143897328526, -0.00893622171134, 0.00585946300998], [0.0028769208584, 0.00254463474266, -0.00139162293635, 0.000575515674427, -0.00334762758575, -0.00078326970106, -0.00573991425335, 0.00730308936909, -0.0161934792995, 0.0308361593634, -0.0226469952613, 0.0143221253529, -0.00767858466133], [-0.00186072138604, -0.00434525776654, 0.0030794898048, -0.000550790922716, 0.00522053893656, -0.00359786837362, 0.00627138232812, -0.00830997247249, 0.0143897328526, -0.0226469952613, 0.0375134795904, -0.0186914242804, 0.0110668446869], [0.000233976359596, 0.00443748803809, -0.00294063286856, 0.00190111016855, -0.00296522560529, 0.00312894233502, -0.00530796777457, 0.00449160672724, -0.00893622171134, 0.0143221253529, -0.0186914242804, 0.0257624629885, -0.0119594484568], [0.00099943683017, -0.00500680087134, 0.00381008186378, -0.0031108323019, 0.00524423783645, -0.00332529097795, 0.00627740705386, -0.00329238804989, 0.00585946300998, -0.00767858466133, 0.0110668446869, -0.0119594484568, 0.0212118402123]]
    },
    "melbands": {
        "max": [0.000185714554391, 0.000469583814265, 0.00122871506028, 0.00305853923783, 0.00548882735893, 0.00226081977598, 0.0066394219175, 0.00951627641916, 0.0233887601644, 0.0226642787457, 0.0231605917215, 0.00596382422373, 0.00185932673048, 0.00243983441032, 0.00124420155771, 0.00377017213032, 0.00170973292552, 0.00168201606721, 0.000256811763393, 0.000305530440528, 0.000333053350914, 0.000268627656624, 0.000579019892029, 0.000782150658779, 0.000202682349482, 6.77283824189e-05, 4.05244391004e-05, 2.76951595879e-05, 2.55107479461e-05, 1.90764440049e-05, 1.86065535672e-05, 3.65633641195e-05, 2.13236762647e-05, 3.31218798237e-05, 2.55087670666e-05, 3.42774837918e-05, 1.78053614945e-05, 1.34258743856e-06, 3.92542105487e-08, 4.10279898944e-09],
        "mean": [3.25931659972e-06, 1.91288945643e-05, 8.87268033694e-05, 0.000140772681334, 0.000135235415655, 8.03717848612e-05, 0.000142267366755, 0.000393656897359, 0.000621277897153, 0.000230685647693, 0.000202288094442, 0.000103545891761, 3.10955765599e-05, 5.26910553162e-05, 3.79382399842e-05, 8.96605997696e-05, 2.9316301152e-05, 2.41383786488e-05, 1.00212255347e-05, 9.10045946512e-06, 8.76956892171e-06, 8.86135785549e-06, 2.17856195377e-05, 1.67809521372e-05, 6.22761490376e-06, 3.3860781059e-06, 1.35031609716e-06, 8.36783783598e-07, 6.03106002472e-07, 4.60866004914e-07, 4.01868391009e-07, 4.15134678633e-07, 3.26996115518e-07, 4.03217200073e-07, 3.48375209569e-07, 2.49327456459e-07, 9.59163060088e-08, 1.20796883607e-08, 1.9129400286e-09, 1.35122391054e-09],
        "min": [3.87090999254e-08, 5.91656075244e-08, 1.72508876517e-07, 6.6327181969e-08, 1.92185272141e-08, 1.77231811449e-08, 1.76722458889e-08, 2.29678249752e-08, 1.97435952032e-08, 2.3760181378e-08, 2.2256537946e-08, 2.34120474119e-08, 5.13618347853e-09, 1.19562511003e-08, 1.49078243084e-08, 6.84972922826e-09, 7.097006538e-09, 8.66807603472e-09, 4.51053239203e-09, 3.72508024427e-09, 3.07766323537e-09, 2.99521585312e-09, 3.43876127573e-09, 2.50560083792e-09, 2.70387801038e-09, 2.84903189929e-09, 2.07888284365e-09, 1.33438560201e-09, 1.47632783776e-09, 1.33987898554e-09, 1.34740762991e-09, 1.348239409e-09, 1.44461465013e-09, 1.28562593904e-09, 9.5422825197e-10, 8.92921125928e-10, 7.76621267295e-10, 5.17347331641e-10, 3.69459962624e-10, 2.54876453276e-10],
        "stdev": [6.52913013255e-06, 4.1724062612e-05, 0.000146111793583, 0.000243101734668, 0.000307642651023, 0.000160573414178, 0.000463235192001, 0.00112275138963, 0.00211414322257, 0.00137042568531, 0.000970239751041, 0.000346494285623, 0.000107488493086, 0.000148209524923, 9.22984472709e-05, 0.000301188818412, 0.00010609257879, 6.49896828691e-05, 2.02255432669e-05, 2.23641109187e-05, 2.44403636316e-05, 1.91045346583e-05, 5.18792621733e-05, 5.06818869326e-05, 1.5983790945e-05, 6.58896760797e-06, 3.25478299601e-06, 2.42568671638e-06, 1.9033989247e-06, 1.3666635823e-06, 1.13294345283e-06, 1.56119017447e-06, 1.35367474741e-06, 1.9015064936e-06, 1.82982807928e-06, 1.67774680904e-06, 6.79129698256e-07, 6.51422382703e-08, 1.59819391055e-09, 5.13405207236e-10]
    },
    "melbands128": {
        "max": [2.02602259378e-05, 0.000157668546308, 0.000292963988613, 0.000180832110345, 0.000285309157334, 0.000981425284408, 0.00222532800399, 0.00203102175146, 0.0031975118909, 0.00405744463205, 0.00609446968883, 0.00853014737368, 0.00722800334916, 0.00255209091119, 0.00238796276972, 0.00525063602254, 0.00860479287803, 0.0118250288069, 0.0105127850547, 0.0131456516683, 0.0184069983661, 0.0429417602718, 0.0406445004046, 0.0260753408074, 0.0531074330211, 0.0291901603341, 0.0726218596101, 0.0154411708936, 0.0167144536972, 0.0129636293277, 0.00132265780121, 0.00370983988978, 0.0038342748303, 0.002572955098, 0.00347428885289, 0.00429861666635, 0.00213055661879, 0.00130121724214, 0.00376866734587, 0.00644794851542, 0.00698369042948, 0.00669102510437, 0.00118734932039, 0.00106468715239, 0.00540524628013, 0.00111867487431, 0.000890710216481, 0.000415874324972, 0.000350609974703, 0.000908828573301, 0.000520964968018, 0.000589467934333, 0.000543761183508, 0.000614649441559, 0.000121467506688, 0.000532803067472, 0.000621443905402, 0.00128051475622, 0.00133429467678, 0.00275532947853, 0.000977815361694, 0.000725775258616, 0.000255646940786, 0.000324851775076, 0.00020977431268, 5.2816401876e-05, 0.00020440890512, 6.12520598224e-05, 3.2954121707e-05, 5.29939352418e-05, 4.77532375953e-05, 3.52161951014e-05, 4.28442872362e-05, 2.96768703265e-05, 2.61607092398e-05, 2.9084207199e-05, 1.69778159034e-05, 1.76670637302e-05, 1.70146649907e-05, 2.61306195171e-05, 4.29661522503e-05, 4.25951584475e-05, 3.07992013404e-05, 2.31163157878e-05, 2.28375265579e-05, 3.63038343494e-05, 4.95072345075e-05, 3.5854842281e-05, 3.11703624902e-05, 4.11455330322e-05, 5.19300920132e-05, 3.09209244733e-05, 4.94176747452e-05, 1.54023491632e-05, 4.50203606306e-06, 1.85416058684e-06, 9.5306086223e-07, 8.95613894158e-08, 1.25812116281e-08, 9.77532099711e-09, 6.64677113349e-09, 4.84741669027e-09, 4.76147077322e-09, 3.40745698324e-09, 7.68192287559e-10, 4.51221421338e-10, 3.98489213849e-10, 4.03513583658e-10, 4.00983829474e-10, 4.01751409917e-10, 3.96439103767e-10, 3.92000432115e-10, 3.8741748698e-10, 3.84132170517e-10, 3.7884148596e-10, 3.67673363977e-10, 3.63938656989e-10, 3.56009527414e-10, 3.49276940703e-10, 3.42981254509e-10, 3.34623162512e-10, 3.28338828348e-10, 3.25977550508e-10, 3.2417715734e-10, 3.18177345582e-10, 3.15501125225e-10, 3.13259140849e-10, 3.11899089889e-10],
        "mean": [5.45668910945e-07, 2.01385228138e-06, 4.01079341827e-06, 6.34039497527e-06, 1.00474535429e-05, 2.86760678136e-05, 7.24590136087e-05, 0.000105196006189, 0.000114255999506, 0.000146129023051, 0.000144756078953, 0.000184105869266, 0.000143572789966, 5.68475661566e-05, 7.02938923496e-05, 8.9141591161e-05, 0.000130625732709, 0.000176404355443, 0.000118065123388, 0.000148511840962, 0.000507685355842, 0.00117793411482, 0.000508803117555, 0.000290282274364, 0.000311366427923, 0.000126462749904, 0.000241167988861, 0.000172019048478, 0.00024019688135, 0.000160561598022, 3.90718632843e-05, 1.55444631673e-05, 3.07627997245e-05, 3.85172461392e-05, 5.86648457102e-05, 6.25672619208e-05, 3.38052777806e-05, 2.04958614631e-05, 4.87906181661e-05, 8.63342429511e-05, 0.000119904361782, 6.44129686407e-05, 1.68615370058e-05, 1.6453968783e-05, 2.75260881608e-05, 2.62496960204e-05, 2.29490888159e-05, 5.48366142539e-06, 6.4296364144e-06, 1.12445468403e-05, 8.18444095785e-06, 8.93783362699e-06, 1.10134469651e-05, 7.96434051153e-06, 4.71526391266e-06, 7.87251883594e-06, 1.16824230645e-05, 2.00236718229e-05, 2.47968837357e-05, 2.88222399831e-05, 1.56722508109e-05, 9.65511117101e-06, 6.90544266035e-06, 5.79998140893e-06, 4.11631026509e-06, 2.36819005295e-06, 4.68319740321e-06, 1.20919185065e-06, 6.65828451929e-07, 1.03275237961e-06, 7.08730965471e-07, 9.19188437365e-07, 7.49617868223e-07, 4.80203368625e-07, 5.12072290348e-07, 4.75704979408e-07, 4.57565533907e-07, 3.70246141301e-07, 3.97699039922e-07, 4.35071711991e-07, 3.92639293523e-07, 4.60926230517e-07, 3.36828463787e-07, 2.75631407476e-07, 3.3585203596e-07, 4.48058727898e-07, 4.33868365235e-07, 3.09331767312e-07, 3.58213355867e-07, 3.72204027599e-07, 2.77796658565e-07, 2.20591900302e-07, 1.88727682371e-07, 9.74593561409e-08, 3.90138090722e-08, 1.720817977e-08, 7.00448232749e-09, 2.35569408424e-09, 1.83647219654e-09, 1.60793423021e-09, 1.49057144405e-09, 1.36990019328e-09, 1.13292442094e-09, 7.22422621724e-10, 1.15326137529e-10, 3.58568491739e-12, 3.29485570771e-12, 3.08599695277e-12, 2.9696783227e-12, 2.85346486023e-12, 2.75478186269e-12, 2.66150144458e-12, 2.56631738429e-12, 2.48178062302e-12, 2.40367383116e-12, 2.33062636031e-12, 2.27220911357e-12, 2.19892333508e-12, 2.14372096463e-12, 2.09369891216e-12, 2.03808150911e-12, 1.99814297053e-12, 1.96678849422e-12, 1.92951275617e-12, 1.8669772759e-12, 1.78264998249e-12, 1.7334252523e-12, 1.71930904843e-12],
        "min": [1.04449185412e-10, 6.39172093031e-09, 1.04528581346e-08, 2.72660933831e-08, 7.28143634277e-09, 2.17744045017e-08, 5.06613559992e-08, 2.55704613039e-08, 3.83135727589e-08, 3.32554890292e-08, 2.7552344406e-08, 2.52560461433e-08, 9.95537341453e-09, 6.32937480205e-09, 9.95443993901e-09, 1.63676816545e-09, 9.90982851334e-09, 1.33537536584e-08, 1.02567430105e-08, 7.05365010845e-09, 4.69056526953e-09, 4.15404999288e-09, 7.56076889985e-09, 1.52672701148e-08, 1.14250306993e-08, 9.54888790261e-09, 4.30413660268e-09, 2.44561393359e-09, 1.04023909486e-08, 1.75489311971e-08, 7.08489977796e-09, 6.39019059889e-09, 1.22074372833e-09, 1.77603909357e-09, 5.82707482266e-09, 8.88097417828e-09, 3.49160855784e-09, 7.27294802161e-09, 5.19396037291e-09, 3.25449711625e-09, 5.08602182592e-09, 2.83417134206e-09, 2.55556642514e-09, 4.12902645408e-09, 4.40875957963e-09, 3.91035293035e-09, 4.45499992452e-09, 2.081557815e-09, 2.1910540049e-09, 2.0597017425e-09, 3.50496431878e-09, 1.72547975907e-09, 2.01945860034e-09, 1.57497359599e-09, 2.00453942334e-09, 2.01007499534e-09, 1.39853273406e-09, 2.2126367405e-09, 2.83967671599e-09, 1.67124714068e-09, 1.24854593331e-09, 2.14411932653e-09, 1.67009306384e-09, 2.09121275851e-09, 7.59603935307e-10, 1.9388033401e-09, 1.65351188297e-09, 1.11482489906e-09, 9.23639331685e-10, 6.58236909423e-10, 7.7810469179e-10, 1.28117394471e-09, 1.0834186881e-09, 8.41467728829e-10, 1.05917541404e-09, 7.78065278872e-10, 1.03237085547e-09, 9.09546993277e-10, 1.38946187889e-09, 8.0317902329e-10, 8.34604885203e-10, 7.51882389682e-10, 8.52433956755e-10, 9.05684360841e-10, 1.04508302012e-09, 5.50636480856e-10, 9.04179231487e-10, 8.87759810109e-10, 3.90810772632e-10, 8.00198518558e-10, 7.86878007197e-10, 4.18058365703e-10, 7.53877626991e-10, 8.60603477371e-10, 3.87746862396e-10, 4.90968543598e-10, 3.89396709322e-10, 3.03381209044e-10, 2.38773889549e-10, 2.24390436787e-10, 1.92419968847e-10, 1.57703045067e-10, 1.18340240385e-10, 1.44491996493e-11, 1.74359420131e-12, 7.18538455732e-14, 7.04174267724e-14, 6.06532985187e-14, 7.53255354684e-14, 5.59335970552e-14, 6.47663685378e-14, 4.86786988756e-14, 8.19005236893e-14, 6.82467794842e-14, 5.48479684793e-14, 7.60786426262e-14, 7.2936719598e-14, 7.72303567127e-14, 7.30919366915e-14, 6.71869244268e-14, 6.56240876527e-14, 6.69859336728e-14, 7.13302098052e-14, 6.35701005182e-14, 4.62154321973e-14, 2.01693892978e-14, 2.33479549713e-15, 7.75006493201e-17],
        "stdev": [1.05077720036e-06, 4.40047870143e-06, 9.78319621936e-06, 1.57645608851e-05, 2.39638829953e-05, 8.06934403954e-05, 0.000207912875339, 0.000202708848519, 0.000220911810175, 0.000347000197507, 0.000383702194085, 0.00048411579337, 0.000410144944908, 0.000133950699819, 0.000173214139068, 0.000258333398961, 0.000502704526298, 0.000744147691876, 0.000506359443534, 0.000738256785553, 0.00168345519342, 0.00450782896951, 0.0024152295664, 0.001697406522, 0.00274709402584, 0.00101332273334, 0.00248204916716, 0.00095145177329, 0.00109120330308, 0.000639090838376, 0.000106431944005, 0.000104269776784, 0.000177739566425, 0.000146540201968, 0.000206492171856, 0.000224720206461, 0.000125853315694, 8.39794156491e-05, 0.000182476956979, 0.000312453106744, 0.000510277808644, 0.000403502926929, 6.65620100335e-05, 7.45257057133e-05, 0.000160107112606, 7.30158499209e-05, 6.04177694186e-05, 2.13914518099e-05, 1.96467499336e-05, 3.9221096813e-05, 2.72404013231e-05, 3.4074553696e-05, 3.76257048629e-05, 3.26051522279e-05, 1.0559164366e-05, 2.28099961532e-05, 3.59404803021e-05, 6.24464300927e-05, 8.45101458253e-05, 0.000123582591186, 6.42352897557e-05, 3.61168058589e-05, 2.04680436582e-05, 2.09671870834e-05, 1.12767920655e-05, 4.48119453722e-06, 1.45207577589e-05, 4.18061199525e-06, 2.09817289942e-06, 3.49747620021e-06, 2.24095742851e-06, 3.43709803019e-06, 3.14950898428e-06, 1.64088532983e-06, 1.78924540251e-06, 1.60517640779e-06, 1.43859062973e-06, 1.25672147533e-06, 1.15066450235e-06, 1.30082878513e-06, 1.61022910561e-06, 1.9990943656e-06, 1.56048179178e-06, 1.22973210637e-06, 1.45234309912e-06, 2.08090000342e-06, 2.32106458498e-06, 1.75018362825e-06, 1.83300107892e-06, 2.18152376874e-06, 2.10107191378e-06, 1.56710336796e-06, 1.50349580963e-06, 7.04766648596e-07, 2.55716656739e-07, 9.42581479535e-08, 3.91944503519e-08, 3.43150330373e-09, 1.08925113373e-09, 7.78342224006e-10, 7.30126903381e-10, 6.55065335309e-10, 5.58195101252e-10, 3.52481210886e-10, 8.60434778982e-11, 1.78837430975e-11, 1.67137640533e-11, 1.64461621405e-11, 1.59955451662e-11, 1.55750880942e-11, 1.51309086788e-11, 1.47091731156e-11, 1.43159642127e-11, 1.39486833542e-11, 1.35738868062e-11, 1.31344518595e-11, 1.28376970512e-11, 1.25281989644e-11, 1.22126284779e-11, 1.19928121253e-11, 1.16905209471e-11, 1.14535646592e-11, 1.12573578931e-11, 1.11230165703e-11, 1.09573157839e-11, 1.08506207491e-11, 1.07599606308e-11, 1.07076075437e-11]
    },
    "mfcc": {
        "mean": [-755.580200195, 152.357559204, -42.8997421265, 12.3458347321, -19.3579101562, -7.77672863007, -24.1846618652, 4.06666517258, -17.6236801147, -2.44061183929, -3.61320519447, -4.83974599838, -12.305773735],
        "cov": [[4387.2421875, -72.6417770386, -1530.94873047, -29.3677978516, -566.64239502, 129.283035278, -261.185852051, 448.136566162, -282.925842285, -35.4326210022, 204.305084229, 111.231765747, -273.317016602], [-72.6417770386, 849.506347656, -71.7753067017, -187.589004517, 152.545822144, -220.760009766, 36.2935333252, -58.9101676941, 38.2933502197, -136.673202515, 113.517951965, -37.4275550842, -25.3315563202], [-1530.94873047, -71.7753067017, 903.265075684, 89.2436904907, 71.333984375, 14.8573007584, 16.8508739471, -153.107269287, 78.0879898071, 21.2394104004, -110.732841492, -4.6816368103, 91.008392334], [-29.3677978516, -187.589004517, 89.2436904907, 289.960235596, 57.5333786011, 35.5292129517, -47.5875701904, -12.4407997131, 13.0075130463, 24.0598888397, -76.6176376343, -13.0622339249, 37.3769378662], [-566.64239502, 152.545822144, 71.333984375, 57.5333786011, 340.619506836, -26.9753723145, -25.1290817261, -108.400764465, 58.3646850586, 0.321220636368, -41.6386375427, -29.2670345306, 49.8957748413], [129.283035278, -220.760009766, 14.8573007584, 35.5292129517, -26.9753723145, 233.231079102, 76.3072052002, 0.065376251936, -21.5532360077, 59.3302383423, -68.5073394775, 15.7771759033, 35.5166015625], [-261.185852051, 36.2935333252, 16.8508739471, -47.5875701904, -25.1290817261, 76.3072052002, 301.636230469, 21.9413318634, 11.4088764191, 16.2178153992, -23.5996932983, -3.92501068115, 53.065158844], [448.136566162, -58.9101676941, -153.107269287, -12.4407997131, -108.400764465, 0.065376251936, 21.9413318634, 172.51512146, -14.4824409485, -26.119846344, 52.2865219116, 16.0117893219, -48.2835731506], [-282.925842285, 38.2933502197, 78.0879898071, 13.0075130463, 58.3646850586, -21.5532360077, 11.4088764191, -14.4824409485, 92.1254272461, 17.6301364899, -15.2361726761, -13.0401000977, 14.5675859451], [-35.4326210022, -136.673202515, 21.2394104004, 24.0598888397, 0.321220636368, 59.3302383423, 16.2178153992, -26.119846344, 17.6301364899, 133.719573975, -16.3792324066, 3.73650813103, 15.7255659103], [204.305084229, 113.517951965, -110.732841492, -76.6176376343, -41.6386375427, -68.5073394775, -23.5996932983, 52.2865219116, -15.2361726761, -16.3792324066, 178.364715576, 38.4148178101, -69.2646255493], [111.231765747, -37.4275550842, -4.6816368103, -13.0622339249, -29.2670345306, 15.7771759033, -3.92501068115, 16.0117893219, -13.0401000977, 3.73650813103, 38.4148178101, 91.5105056763, 11.1699151993], [-273.317016602, -25.3315563202, 91.008392334, 37.3769378662, 49.8957748413, 35.5166015625, 53.065158844, -48.2835731506, 14.5675859451, 15.7255659103, -69.2646255493, 11.1699151993, 118.666381836]],
        "icov": [[0.0032403212972, -0.0029841796495, 0.00443740328774, -0.00260390457697, 0.00431202212349, -0.00379701214842, 0.0038448467385, -0.00337524968199, 0.003195166355, -0.00215531140566, 0.00247124303132, -0.00326714199036, 0.0021172456909], [-0.0029841796495, 0.00549926003441, -0.00382313528098, 0.00357120018452, -0.00491916341707, 0.00503930542618, -0.0044174217619, 0.00442294357345, -0.00368552375585, 0.00415642699227, -0.00360447750427, 0.00386254186742, -0.00212286133319], [0.00443740328774, -0.00382313528098, 0.00763003947213, -0.0038350885734, 0.00628091022372, -0.00504090171307, 0.00506317010149, -0.0030564032495, 0.00297998264432, -0.00236716191284, 0.00363634573296, -0.00481252418831, 0.00264396960847], [-0.00260390457697, 0.00357120018452, -0.0038350885734, 0.00706309219822, -0.00467847846448, 0.00336666009389, -0.00230217399076, 0.00177901796997, -0.002559134271, 0.00187301740516, -0.00104644324165, 0.00327357579954, -0.0026586574968], [0.00431202212349, -0.00491916341707, 0.00628091022372, -0.00467847846448, 0.0106084328145, -0.00560380751267, 0.00565736554563, -0.00206537125632, 0.00177852064371, -0.0026125474833, 0.00315821147524, -0.0038116753567, 0.00171467068139], [-0.00379701214842, 0.00503930542618, -0.00504090171307, 0.00336666009389, -0.00560380751267, 0.0120270801708, -0.00653510959819, 0.00406653108075, -0.00179082818795, 0.000937005213927, -0.000618758494966, 0.00225282274187, -0.0020081163384], [0.0038448467385, -0.0044174217619, 0.00506317010149, -0.00230217399076, 0.00565736554563, -0.00653510959819, 0.00934236310422, -0.00566466897726, 0.00323985260911, -0.00322365807369, 0.00273860455491, -0.00274588633329, -0.000264289497864], [-0.00337524968199, 0.00442294357345, -0.0030564032495, 0.00177901796997, -0.00206537125632, 0.00406653108075, -0.00566466897726, 0.0144077800214, -0.00610919576138, 0.00565898092464, -0.00450221309438, 0.00265698973089, 0.00012264335237], [0.003195166355, -0.00368552375585, 0.00297998264432, -0.002559134271, 0.00177852064371, -0.00179082818795, 0.00323985260911, -0.00610919576138, 0.0182097330689, -0.0058319400996, 0.00364351202734, -0.00243965769187, 0.00184049457312], [-0.00215531140566, 0.00415642699227, -0.00236716191284, 0.00187301740516, -0.0026125474833, 0.000937005213927, -0.00322365807369, 0.00565898092464, -0.0058319400996, 0.0127125205472, -0.00377810397185, 0.00278699980117, -0.00172558391932], [0.00247124303132, -0.00360447750427, 0.00363634573296, -0.00104644324165, 0.00315821147524, -0.000618758494966, 0.00273860455491, -0.00450221309438, 0.00364351202734, -0.00377810397185, 0.0135193159804, -0.00827404111624, 0.0069872722961], [-0.00326714199036, 0.00386254186742, -0.00481252418831, 0.00327357579954, -0.0038116753567, 0.00225282274187, -0.00274588633329, 0.00265698973089, -0.00243965769187, 0.00278699980117, -0.00827404111624, 0.018429338932, -0.00743734976277], [0.0021172456909, -0.00212286133319, 0.00264396960847, -0.0026586574968, 0.00171467068139, -0.0020081163384, -0.000264289497864, 0.00012264335237, 0.00184049457312, -0.00172558391932, 0.0069872722961, -0.00743734976277, 0.0164893828332]]
    },
    "spectral_contrast_coeffs": {
        "max": [-0.390148758888, -0.372831761837, -0.390368402004, -0.594131708145, -0.547736406326, -0.497969985008],
        "mean": [-0.642274558544, -0.731537044048, -0.736787736416, -0.772780716419, -0.760413765907, -0.742645740509],
        "min": [-0.884432911873, -0.917183101177, -0.910995006561, -0.904966115952, -0.913970291615, -0.87373226881],
        "stdev": [0.0822742953897, 0.106085211039, 0.0740671232343, 0.0634105950594, 0.0725918859243, 0.0637676939368]
    },
    "spectral_contrast_valleys": {
        "max": [-6.95417118073, -5.16024160385, -6.56990814209, -6.71358060837, -6.89775514603, -10.2301454544],
        "mean": [-8.59497451782, -7.32622528076, -8.21757793427, -8.4214887619, -8.78275108337, -12.2631263733],
        "min": [-10.6919584274, -10.2493038177, -10.8379936218, -10.841668129, -10.8646860123, -13.4973497391],
        "stdev": [0.61784529686, 0.686471581459, 0.75215446949, 0.698079824448, 0.672794878483, 0.277045279741]
    }
},
"rhythm": {
    "beats_count": 93,
    "beats_loudness": {
        "max": 0.133259549737,
        "mean": 0.0158624053001,
        "min": 3.04728037008e-05,
        "stdev": 0.0255466606468
    },
    "bpm": 109.772979736,
    "bpm_histogram_first_peak_bpm": 110,
    "bpm_histogram_first_peak_weight": 0.531249940395,
    "bpm_histogram_second_peak_bpm": 103,
    "bpm_histogram_second_peak_spread": 0.61904758215,
    "bpm_histogram_second_peak_weight": 0.0869565233588,
    "danceability": 0.894954502583,
    "onset_rate": 2.3583984375,
    "beats_loudness_band_ratio": {
        "max": [0.815899014473, 0.787304222584, 0.945800602436, 0.594088852406, 0.438361763954, 0.664937317371],
        "mean": [0.113637410104, 0.218043208122, 0.412243783474, 0.172548443079, 0.102243989706, 0.032333727926],
        "min": [0.000162035299581, 0.00457735639066, 0.0457348302007, 0.00270302058198, 0.000391578971175, 0.000577537401114],
        "stdev": [0.156911239028, 0.202569916844, 0.260321497917, 0.16890540719, 0.0942651256919, 0.0952190905809]
    },
