{
"metadata": {
    "version": {
        "essentia": "2.1-beta5",
        "essentia_git_sha": "Undefined",
        "extractor": "music 2.0"
    },
    "audio_properties": {
        "analysis": {
            "equal_loudness": 0,
            "length": 29.0017242432,
            "sample_rate": 44100,
            "start_time": 0,
            "downmix": "mix"
        },
        "bit_rate": 192000,
        "length": 200.527542114,
        "lossless": 0,
        "number_channels": 2,
        "replay_gain": 4.16192054749,
        "sample_rate": 48000,
        "codec": "mp3",
        "md5_encoded": "5a48b4effde3ece8c21fa68d3cce2c56"
    },
    "tags": {
        "file_name": "Luxembourg_Nous Les Amoureux_Jean-Claude Pascal.mp3",
        "encoding": ["Lavf58.29.100"]
    }
},
"lowlevel": {
    "average_loudness": 0.436097025871,
    "barkbands_crest": {
        "max": 24.7541351318,
        "mean": 10.4642086029,
        "min": 3.10067081451,
        "stdev": 4.58359909058
    },
    "barkbands_flatness_db": {
        "max": 0.429560542107,
        "mean": 0.212649896741,
        "min": 0.049088831991,
        "stdev": 0.0794195085764
    },
    "barkbands_kurtosis": {
        "max": 30.835193634,
        "mean": 1.94579064846,
        "min": -1.88406550884,
        "stdev": 4.0429058075
    },
    "barkbands_skewness": {
        "max": 5.11313772202,
        "mean": 0.806775391102,
        "min": -2.38812923431,
        "stdev": 1.12543094158
    },
    "barkbands_spread": {
        "max": 51.1194076538,
        "mean": 12.7786931992,
        "min": 0.813626110554,
        "stdev": 7.56880664825
    },
    "dissonance": {
        "max": 0.499933511019,
        "mean": 0.451386272907,
        "min": 0,
        "stdev": 0.0492219626904
    },
    "dynamic_complexity": 9.03185653687,
    "erbbands_crest": {
        "max": 30.4147644043,
        "mean": 10.6694087982,
        "min": 2.76516413689,
        "stdev": 4.65318012238
    },
    "erbbands_flatness_db": {
        "max": 0.48907661438,
        "mean": 0.29752600193,
        "min": 0.092464402318,
        "stdev": 0.0733951181173
    },
    "erbbands_kurtosis": {
        "max": 22.7076396942,
        "mean": 0.818954765797,
        "min": -1.87002432346,
        "stdev": 2.85789704323
    },
    "erbbands_skewness": {
        "max": 3.891736269,
        "mean": 0.282503426075,
        "min": -3.34191513062,
        "stdev": 0.930940926075
    },
    "erbbands_spread": {
        "max": 58.4226837158,
        "mean": 19.2966632843,
        "min": 1.57707047462,
        "stdev": 9.58758354187
    },
    "hfc": {
        "max": 147.801605225,
        "mean": 8.47575092316,
        "min": 1.23375682428e-16,
        "stdev": 16.0114955902
    },
    "loudness_ebu128": {
        "integrated": -30.6292552948,
        "loudness_range": 13.5851840973,
        "momentary": {
            "max": -24.2919139862,
            "mean": -36.217754364,
            "min": -60.2610626221,
            "stdev": 8.05416107178
        },
        "short_term": {
            "max": -27.4933414459,
            "mean": -33.5970878601,
            "min": -47.6629104614,
            "stdev": 4.81478786469
        }
    },
    "melbands_crest": {
        "max": 32.643081665,
        "mean": 13.780962944,
        "min": 1.00016629696,
        "stdev": 5.93004131317
    },
    "melbands_flatness_db": {
        "max": 0.498807519674,
        "mean": 0.245859131217,
        "min": 2.02773705382e-07,
        "stdev": 0.092114046216
    },
    "melbands_kurtosis": {
        "max": 43.6888961792,
        "mean": 4.15059566498,
        "min": -1.81234204769,
        "stdev": 5.82849311829
    },
    "melbands_skewness": {
        "max": 6.11800765991,
        "mean": 1.38522994518,
        "min": -1.9072971344,
        "stdev": 1.22088932991
    },
    "melbands_spread": {
        "max": 147.009521484,
        "mean": 21.193069458,
        "min": 1.34053421021,
        "stdev": 14.9029121399
    },
    "pitch_salience": {
        "max": 0.997746288776,
        "mean": 0.630745828152,
        "min": 0.210618793964,
        "stdev": 0.132621064782
    },
    "silence_rate_20dB": {
        "max": 1,
        "mean": 1,
        "min": 1,
        "stdev": 0
    },
    "silence_rate_30dB": {
        "max": 1,
        "mean": 0.989600002766,
        "min": 0,
        "stdev": 0.101447850466
    },
    "silence_rate_60dB": {
        "max": 1,
        "mean": 0.502399981022,
        "min": 0,
        "stdev": 0.499995559454
    },
    "spectral_centroid": {
        "max": 10618.8037109,
        "mean": 1356.36291504,
        "min": 295.180145264,
        "stdev": 629.99987793
    },
    "spectral_complexity": {
        "max": 34,
        "mean": 7.93039989471,
        "min": 0,
        "stdev": 7.61948919296
    },
    "spectral_decrease": {
        "max": 7.26496886209e-29,
        "mean": -2.75853206944e-09,
        "min": -4.54492123936e-08,
        "stdev": 5.27059507149e-09
    },
    "spectral_energy": {
        "max": 0.184941798449,
        "mean": 0.0111800869927,
        "min": 1.09163364712e-20,
        "stdev": 0.0212865918875
    },
    "spectral_energyband_high": {
        "max": 0.000678076175973,
        "mean": 2.84994312096e-05,
        "min": 7.92172374169e-21,
        "stdev": 7.3232477007e-05
    },
    "spectral_energyband_low": {
        "max": 0.0149681894109,
        "mean": 0.000282888184302,
        "min": 9.04563449734e-23,
        "stdev": 0.00111916614696
    },
    "spectral_energyband_middle_high": {
        "max": 0.0849511995912,
        "mean": 0.00269391248003,
        "min": 1.38110657281e-21,
        "stdev": 0.00571973901242
    },
    "spectral_energyband_middle_low": {
        "max": 0.137163996696,
        "mean": 0.00851141661406,
        "min": 4.21525388702e-22,
        "stdev": 0.0171397272497
    },
    "spectral_entropy": {
        "max": 9.81323051453,
        "mean": 7.07420301437,
        "min": 5.12985658646,
        "stdev": 0.530498504639
    },
    "spectral_flux": {
        "max": 0.36180973053,
        "mean": 0.0500246398151,
        "min": 1.04481270857e-10,
        "stdev": 0.0542920939624
    },
    "spectral_kurtosis": {
        "max": 129.316162109,
        "mean": 17.3504638672,
        "min": -1.22407591343,
        "stdev": 19.1057357788
    },
    "spectral_rms": {
        "max": 0.0134324608371,
        "mean": 0.0023134551011,
        "min": 3.26344680446e-12,
        "stdev": 0.00235697533935
    },
    "spectral_rolloff": {
        "max": 19056.8847656,
        "mean": 1722.38183594,
        "min": 215.33203125,
        "stdev": 1089.76342773
    },
    "spectral_skewness": {
        "max": 9.11631679535,
        "mean": 2.26988172531,
        "min": 0.0432517305017,
        "stdev": 1.3436576128
    },
    "spectral_spread": {
        "max": 41448632,
        "mean": 2116622.75,
        "min": 602796.4375,
        "stdev": 1389326.75
    },
    "spectral_strongpeak": {
        "max": 8.65564250946,
        "mean": 0.825799584389,
        "min": 0,
        "stdev": 1.09672617912
    },
    "zerocrossingrate": {
        "max": 0.68017578125,
        "mean": 0.0579488277435,
        "min": 0.017578125,
        "stdev": 0.0363519862294
    },
    "barkbands": {
        "max": [0.000124313228298, 0.000261863751803, 0.00301046995446, 0.0237363073975, 0.0141397165135, 0.0365647189319, 0.121382266283, 0.100242823362, 0.0817167162895, 0.0547789782286, 0.0152978962287, 0.0308698564768, 0.0068077351898, 0.0219064466655, 0.0220108143985, 0.0141997030005, 0.0073433239013, 0.00165655999444, 0.00106440542731, 0.000238438806264, 0.000447517581051, 0.000132200322696, 5.73261131649e-05, 5.57577368454e-06, 4.50896465054e-07, 2.74791943866e-07, 9.73802372073e-08],
        "mean": [2.0019533622e-06, 5.24151528225e-06, 5.79366278544e-05, 0.00059778400464, 0.000395113573177, 0.000719400763046, 0.00240176543593, 0.00234411307611, 0.00182249129284, 0.000517552602105, 0.000330079317791, 0.000299820909277, 0.000275470811175, 0.000452787789982, 0.000360151665518, 0.000269320880761, 0.00019199225062, 6.06976282143e-05, 4.19113239332e-05, 1.36655044116e-05, 1.50765836224e-05, 3.58075840268e-06, 1.82212716027e-06, 3.03434831039e-07, 3.32028342598e-08, 3.20912851848e-09, 1.39275169175e-09],
        "min": [8.73816049786e-23, 3.0175368507e-23, 1.90510965684e-23, 1.10867489807e-23, 1.71325379376e-23, 1.17605176042e-22, 1.54847362487e-22, 1.32456388195e-23, 1.02722008712e-22, 6.61487510714e-23, 4.83205040797e-23, 9.37498960507e-23, 1.07657362348e-22, 6.52221802957e-23, 1.02640680308e-22, 2.62736826646e-22, 1.04676812346e-22, 1.3522132358e-22, 2.47246400502e-22, 2.52583618816e-22, 2.35239861793e-22, 4.29572401024e-22, 7.75093527998e-22, 9.25225244077e-22, 1.20744478938e-21, 1.96385258805e-21, 2.54059296104e-21],
        "stdev": [7.26937514628e-06, 1.60954405146e-05, 0.000230036588619, 0.00244756741449, 0.0013819062151, 0.00211163191125, 0.00814714003354, 0.00835846643895, 0.0062332265079, 0.00261639035307, 0.000952418486122, 0.00127534277271, 0.000645996653475, 0.00179453135934, 0.00127015809994, 0.000722731871065, 0.000504620373249, 0.000127171704662, 0.000104847938928, 2.86994545604e-05, 4.47781785624e-05, 1.05868366518e-05, 4.82657378598e-06, 6.91316586199e-07, 2.38390303053e-08, 1.5437290557e-08, 2.93478641389e-09]
    },
    "erbbands": {
        "max": [0.00600655563176, 0.0844085291028, 2.51358556747, 45.2414398193, 79.1710510254, 56.9026298523, 89.2297744751, 339.111175537, 1105.19140625, 1599.31530762, 2353.22631836, 2309.45507812, 1780.8885498, 625.102600098, 679.075195312, 1286.43640137, 407.043426514, 728.656311035, 1087.2479248, 705.901245117, 814.690490723, 375.11227417, 87.9299163818, 38.2722129822, 72.7314224243, 13.1124725342, 24.4434490204, 9.76104068756, 5.47370672226, 1.92531633377, 1.70044434071, 0.297958761454, 0.0330367237329, 0.00611465331167, 0.00277896272019, 0.00242027966306, 0.000426050217357, 6.23568412266e-05, 9.6703057352e-05, 0.000215637177462],
        "mean": [0.000172260944964, 0.00192956312094, 0.0518778637052, 0.997608959675, 1.71477282047, 1.17994105816, 2.91037082672, 7.37661075592, 26.5771312714, 43.3519859314, 54.0300559998, 44.0932655334, 21.8981056213, 11.5953998566, 14.3173160553, 12.5864171982, 13.556189537, 18.9570789337, 22.5727806091, 17.3934421539, 14.1749410629, 10.1823959351, 4.35155439377, 2.22921395302, 1.70323061943, 0.749399006367, 0.764478385448, 0.374559104443, 0.151065528393, 0.0647831782699, 0.053517639637, 0.0151997515932, 0.00176157383248, 0.000430705404142, 0.000234834093135, 4.48000391771e-05, 8.27941585158e-06, 2.48298215411e-06, 6.03010948907e-06, 1.30639227791e-05],
        "min": [1.9863601402e-21, 3.57170126152e-21, 1.28079781709e-20, 3.56935381341e-20, 2.47145815056e-20, 6.32877114511e-20, 3.0896638275e-19, 1.319516135e-18, 2.73721095729e-18, 6.17944242632e-19, 1.0193579333e-18, 2.4171704356e-18, 1.35375417453e-18, 2.34569892874e-18, 2.55265000543e-18, 3.94471928933e-18, 4.59752195695e-18, 3.64754638246e-18, 4.31893827999e-18, 5.83305847686e-18, 1.62408426402e-17, 6.58990847142e-18, 7.99593725534e-18, 1.02798375205e-17, 1.35016547212e-17, 1.21768182639e-17, 8.25471657407e-18, 1.11590602013e-17, 1.53280719953e-17, 1.89912893144e-17, 2.22921734012e-17, 1.73998235944e-17, 1.85484945695e-17, 1.35102747704e-17, 7.97231132269e-18, 9.21767557546e-18, 2.98455305649e-18, 1.36665167804e-18, 3.14866868855e-19, 3.76803968849e-20],
        "stdev": [0.000442858814495, 0.00589738320559, 0.191696688533, 3.98113036156, 7.00235748291, 4.44789743423, 7.96750402451, 21.3216133118, 90.1665878296, 136.582260132, 196.242996216, 144.296295166, 97.0965118408, 36.506401062, 40.86195755, 51.9972000122, 31.9858856201, 66.1569061279, 81.1479492188, 48.9247932434, 42.5533676147, 24.5914955139, 8.39082145691, 4.53395366669, 5.57367229462, 1.60296285152, 2.28026843071, 1.00365638733, 0.434894740582, 0.171626791358, 0.14976978302, 0.0369573570788, 0.0032227691263, 0.00032130361069, 0.000194071311853, 0.000120478274766, 2.09177978832e-05, 3.99559257858e-06, 1.0918526641e-05, 2.46679901466e-05]
    },
    "gfcc": {
        "mean": [-207.392715454, 126.375549316, -198.1537323, -11.4930152893, -58.5474624634, -14.7083330154, -37.6180038452, -2.28744745255, -1.38792133331, -8.1124048233, -2.45943808556, -7.61781549454, -1.41595375538],
        "cov": [[10992.890625, 2425.46875, -1880.90576172, -782.181030273, -840.484375, -1548.9675293, 352.4453125, -941.990905762, 652.68560791, -542.531677246, 60.4264526367, -593.381408691, -114.974945068], [2425.46875, 1436.67236328, 221.431365967, -633.831665039, 61.0859565735, -561.932250977, -236.079162598, -183.355529785, 162.273391724, -88.3087158203, 49.2890396118, -120.72555542, -26.441368103], [-1880.90576172, 221.431365967, 1093.7677002, 121.049438477, 240.921386719, 194.896148682, -259.033843994, 99.4381790161, -201.011199951, 41.2261543274, -58.7444000244, 105.264526367, -14.5863819122], [-782.181030273, -633.831665039, 121.049438477, 1257.66918945, -29.4238014221, 381.586730957, 146.544708252, -233.494598389, -350.164245605, -156.018341064, -189.844497681, -72.2004470825, -59.6212768555], [-840.484375, 61.0859565735, 240.921386719, -29.4238014221, 478.593078613, 149.510162354, -253.918502808, 105.010780334, -18.6974086761, 72.5588378906, -27.5836925507, 21.7022590637, -46.8418617249], [-1548.9675293, -561.932250977, 194.896148682, 381.586730957, 149.510162354, 635.304870605, 129.244796753, 70.6034393311, -224.502349854, -32.0343551636, -96.9860839844, 42.3968315125, -71.7992172241], [352.4453125, -236.079162598, -259.033843994, 146.544708252, -253.918502808, 129.244796753, 450.852172852, -26.4445743561, -111.01965332, -105.083053589, -34.8441238403, -64.112197876, -17.2945137024], [-941.990905762, -183.355529785, 99.4381790161, -233.494598389, 105.010780334, 70.6034393311, -26.4445743561, 313.220611572, 50.7454528809, 103.20223999, 39.0258407593, 84.8554534912, 22.4588661194], [652.68560791, 162.273391724, -201.011199951, -350.164245605, -18.6974086761, -224.502349854, -111.01965332, 50.7454528809, 323.794067383, 80.8773117065, 58.4410591125, -6.87529325485, 11.088095665], [-542.531677246, -88.3087158203, 41.2261543274, -156.018341064, 72.5588378906, -32.0343551636, -105.083053589, 103.20223999, 80.8773117065, 215.812225342, 81.9264907837, 62.7394676208, 46.1228637695], [60.4264526367, 49.2890396118, -58.7444000244, -189.844497681, -27.5836925507, -96.9860839844, -34.8441238403, 39.0258407593, 58.4410591125, 81.9264907837, 140.284408569, 66.5367736816, 20.9216270447], [-593.381408691, -120.72555542, 105.264526367, -72.2004470825, 21.7022590637, 42.3968315125, -64.112197876, 84.8554534912, -6.87529325485, 62.7394676208, 66.5367736816, 139.341918945, 48.0043945312], [-114.974945068, -26.441368103, -14.5863819122, -59.6212768555, -46.8418617249, -71.7992172241, -17.2945137024, 22.4588661194, 11.088095665, 46.1228637695, 20.9216270447, 48.0043945312, 101.158538818]],
        "icov": [[0.00112691824324, -0.00265634711832, 0.00226656859741, -0.00080495828297, 0.00107344670687, 0.000110590037366, -0.000318084232276, 0.000300818908727, -0.000682422192767, -5.80873529543e-06, 0.00107349816244, -0.00115221878514, 0.00129549705889], [-0.00265634711832, 0.00982328038663, -0.00715487217531, 0.00388980447315, -0.00403661141172, 0.00201905099675, 0.000425569131039, 0.0020246617496, 0.00156297907233, 0.00244217808358, -0.00418506702408, 0.00564040383324, -0.00309934443794], [0.00226656859741, -0.00715487217531, 0.00718930223957, -0.00242508319207, 0.00329628353938, -0.000870664138347, 0.000882815627847, -0.00124512810726, 0.000322965352098, -0.0018031365471, 0.00460084853694, -0.0050196852535, 0.00386631605215], [-0.00080495828297, 0.00388980447315, -0.00242508319207, 0.00335337617435, -0.00115495524369, 0.000624766806141, 0.000416860362748, 0.00228459713981, 0.00180139066651, 0.000840658671223, -3.38803401974e-05, 0.00216672662646, -0.000400683929911], [0.00107344670687, -0.00403661141172, 0.00329628353938, -0.00115495524369, 0.00676816236228, -0.00227310392074, 0.00364719214849, -0.00236572348513, 0.000976603943855, -0.00199981103651, 0.00271708727814, -0.00071317498805, 0.00321019859985], [0.000110590037366, 0.00201905099675, -0.000870664138347, 0.000624766806141, -0.00227310392074, 0.00568243302405, -0.00229043560103, 0.00143849756569, 0.00104929623194, 0.000195146305487, 0.00233184616081, -0.00251863058656, 0.00367476511747], [-0.000318084232276, 0.000425569131039, 0.000882815627847, 0.000416860362748, 0.00364719214849, -0.00229043560103, 0.00694634439424, -0.002356370911, 0.00286869937554, 0.00070082541788, -0.000861545559019, 0.00366299762391, -0.000297463091556], [0.000300818908727, 0.0020246617496, -0.00124512810726, 0.00228459713981, -0.00236572348513, 0.00143849756569, -0.002356370911, 0.00813826732337, -0.00130333320703, 5.20626817888e-05, 0.000543643953279, -0.00145209045149, 0.000449716986623], [-0.000682422192767, 0.00156297907233, 0.000322965352098, 0.00180139066651, 0.000976603943855, 0.00104929623194, 0.00286869937554, -0.00130333320703, 0.00800656992942, -0.00228688004427, 0.0016764793545, 0.000633775780443, 0.00223557860591], [-5.80873529543e-06, 0.00244217808358, -0.0018031365471, 0.000840658671223, -0.00199981103651, 0.000195146305487, 0.00070082541788, 5.20626817888e-05, -0.00228688004427, 0.0110576059669, -0.00754914386198, 0.00477318326011, -0.00530682317913], [0.00107349816244, -0.00418506702408, 0.00460084853694, -3.38803401974e-05, 0.00271708727814, 0.00233184616081, -0.000861545559019, 0.000543643953279, 0.0016764793545, -0.00754914386198, 0.0207831580192, -0.0139487320557, 0.00899406895041], [-0.00115221878514, 0.00564040383324, -0.0050196852535, 0.00216672662646, -0.00071317498805, -0.00251863058656, 0.00366299762391, -0.00145209045149, 0.000633775780443, 0.00477318326011, -0.0139487320557, 0.0239046793431, -0.0111560737714], [0.00129549705889, -0.00309934443794, 0.00386631605215, -0.000400683929911, 0.00321019859985, 0.00367476511747, -0.000297463091556, 0.000449716986623, 0.00223557860591, -0.00530682317913, 0.00899406895041, -0.0111560737714, 0.0204216558486]]
    },
    "melbands": {
        "max": [6.4451887738e-05, 0.00140297412872, 0.00844753161073, 0.00310398312286, 0.00301246182062, 0.00791727937758, 0.0200178641826, 0.0160722881556, 0.0243537127972, 0.0141350682825, 0.00883612502366, 0.00350584788248, 0.0018133840058, 0.0016201218823, 0.003608309431, 0.000701630720869, 0.00168395030778, 0.00168781774119, 0.00129833887331, 0.000904669286683, 0.000962321530096, 0.000548956391867, 9.63994316407e-05, 9.0301851742e-05, 3.75406707462e-05, 4.60768278572e-05, 4.47802922281e-05, 1.05455028461e-05, 1.68435126398e-05, 1.39555577334e-05, 3.397091632e-06, 3.15659190164e-06, 2.35157699535e-06, 9.11206370802e-07, 1.06602146843e-06, 5.18452623055e-07, 1.22506364164e-07, 2.90151138671e-08, 5.93871263277e-09, 5.30285282352e-09],
        "mean": [1.46952868363e-06, 2.7139127269e-05, 0.000210929254536, 8.85404006112e-05, 9.53796843532e-05, 0.000166577869095, 0.000439113558969, 0.000486397068016, 0.000445421610493, 0.000252071185969, 0.000102035533928, 4.61600175186e-05, 4.457981413e-05, 3.55367774318e-05, 3.4315387893e-05, 2.53512534982e-05, 3.80831443181e-05, 3.89208980778e-05, 2.65594862867e-05, 1.97695062525e-05, 1.61105745065e-05, 1.13132036859e-05, 6.5328463279e-06, 2.16020430344e-06, 1.76623029802e-06, 1.38416407935e-06, 7.78220623943e-07, 4.30200856272e-07, 4.872166528e-07, 3.88852612332e-07, 1.68300317682e-07, 8.72730723245e-08, 5.35523909662e-08, 3.06214076318e-08, 3.56323219819e-08, 1.81383139619e-08, 5.7184972313e-09, 1.20339305187e-09, 3.19828136197e-10, 3.19662796233e-10],
        "min": [1.72232411645e-23, 6.18215460837e-24, 6.19163789974e-24, 2.47025008266e-24, 9.68160627052e-24, 2.93473485464e-23, 3.85091475452e-23, 4.43488292357e-24, 1.28124539972e-23, 1.31266012867e-23, 6.52317720554e-24, 9.78237694028e-24, 6.75763100531e-24, 9.04280958644e-24, 1.51464607018e-23, 7.428666068e-24, 6.58757507668e-24, 6.13365307333e-24, 7.86021479279e-24, 9.61841377885e-24, 2.06861843439e-23, 5.69484801151e-24, 7.782231948e-24, 6.75898153518e-24, 8.58946463484e-24, 8.34360587854e-24, 1.0457585866e-23, 7.31989950411e-24, 4.97685521457e-24, 5.35022071443e-24, 6.5335294272e-24, 8.19800897671e-24, 8.87588504117e-24, 1.18738112831e-23, 1.32606208659e-23, 1.10642751224e-23, 1.05477069136e-23, 1.09813248205e-23, 1.64591662689e-23, 9.49748219094e-24],
        "stdev": [4.16268903791e-06, 0.000103215337731, 0.000842997571453, 0.000321066501783, 0.000276254955679, 0.000484224117827, 0.00149961060379, 0.00154272059444, 0.00166464492213, 0.000858864863403, 0.00048663339112, 0.000168083875906, 0.000131576336571, 0.00010927371477, 0.000148356761201, 5.90786585235e-05, 0.000143433149788, 0.000150557825691, 8.9458473667e-05, 5.22270674992e-05, 5.20120593137e-05, 3.23130552715e-05, 1.27585053633e-05, 5.00328724229e-06, 3.98950032832e-06, 3.85301291317e-06, 2.90462730845e-06, 9.79438141258e-07, 1.46577735904e-06, 1.336106493e-06, 4.1674988438e-07, 2.54619180851e-07, 1.73846416374e-07, 7.63474972132e-08, 1.02121617829e-07, 5.07731954258e-08, 1.31407826842e-08, 2.40999442624e-09, 2.66954791606e-10, 2.77355444167e-10]
    },
    "melbands128": {
        "max": [5.59242798772e-05, 4.02179612138e-05, 8.51311124279e-05, 0.000143284123624, 0.000150690131704, 0.00207124627195, 0.0094653936103, 0.0147733977064, 0.00825716275722, 0.00207251356915, 0.00365705881268, 0.00466046435758, 0.00353369303048, 0.00309835933149, 0.0046612713486, 0.0186280868948, 0.0181902498007, 0.0329841226339, 0.0493683852255, 0.0282158590853, 0.031133454293, 0.0362370163202, 0.0406923480332, 0.0330808013678, 0.0259193051606, 0.0146110784262, 0.0155070498586, 0.0166623983532, 0.0181715134531, 0.00369381881319, 0.00188588409219, 0.00352551299147, 0.0032686307095, 0.00415312685072, 0.00296847592108, 0.00236785272136, 0.00646652467549, 0.00609113648534, 0.00177032873034, 0.000878184800968, 0.000940924626775, 0.00191031838767, 0.0027739694342, 0.0037059164606, 0.00448331376538, 0.00241710245609, 0.00411529559642, 0.00180312083103, 0.00190474803094, 0.001092681312, 0.000807108939625, 0.000866703456268, 0.00185589352623, 0.00071689824108, 0.00112770241685, 0.000657682539895, 0.000231829631957, 0.000181506096851, 0.000175363034941, 0.000151235668454, 0.000107620267954, 6.9187648478e-05, 6.30996655673e-05, 8.48698036862e-05, 9.47153748712e-05, 8.39410204208e-05, 9.85243459581e-05, 0.000120032746054, 1.14178492368e-05, 1.17105255413e-05, 1.5458510461e-05, 3.26599983964e-05, 2.34270228248e-05, 2.48658616329e-05, 1.92354036699e-05, 3.2906744309e-05, 2.22285416385e-05, 5.0185717555e-06, 5.78515073357e-06, 5.01958265886e-06, 3.46396723216e-06, 3.01673912873e-06, 4.18205900132e-06, 2.59541548076e-06, 1.81839436664e-06, 8.23341906653e-07, 9.37810341384e-07, 1.29939473936e-06, 1.54519807438e-06, 1.58132229444e-06, 1.19422691114e-06, 5.021328775e-07, 2.07691414289e-07, 1.44879919617e-07, 1.94931089936e-07, 3.97760864246e-08, 1.42107960954e-08, 5.35375388466e-09, 6.1404294982e-09, 4.92284080167e-09, 8.69572946982e-09, 4.9947654901e-09, 1.15645768517e-08, 5.85384141161e-09, 3.69646357967e-09, 8.32752267144e-09, 2.24919327607e-09, 3.42722050739e-09, 1.04778221655e-08, 5.55725465645e-09, 1.3446258551e-09, 9.12559694477e-10, 5.21107046403e-10, 4.78040851348e-09, 1.59478785733e-09, 4.7394732583e-10, 4.42264197487e-10, 4.30790292327e-10, 4.3006326278e-10, 4.44763670338e-10, 4.24929369469e-10, 4.18837076133e-10, 4.11520900689e-10, 4.02945093958e-10, 3.9347644587e-10, 3.98651667233e-10, 3.84275028464e-10, 3.82329723436e-10],
        "mean": [1.00175680018e-06, 1.24132543533e-06, 1.53039923134e-06, 2.14826877709e-06, 4.3351919885e-06, 3.87601176044e-05, 0.000175004941411, 0.000345244188793, 0.000164158875123, 3.3135049307e-05, 6.11022114754e-05, 9.49991735979e-05, 9.31666218094e-05, 0.000112054171041, 0.000142505581607, 0.000188230842468, 0.00030960017466, 0.000517588923685, 0.000574510078877, 0.000452231499366, 0.000486889708554, 0.00045489706099, 0.000472102750791, 0.000387723412132, 0.000328784284648, 0.000176953108166, 0.00010727213521, 0.000113586196676, 8.15502135083e-05, 4.14818969148e-05, 4.02267396566e-05, 3.81035060855e-05, 3.68275250366e-05, 6.49687281111e-05, 3.36182965839e-05, 2.70162454399e-05, 3.42139501299e-05, 3.5629964259e-05, 3.46589331457e-05, 3.01853087876e-05, 2.02173832804e-05, 2.31500216614e-05, 3.43486462953e-05, 4.72946630907e-05, 5.08268822159e-05, 3.29515023623e-05, 3.23816166201e-05, 2.76771752397e-05, 2.2823076506e-05, 2.52352037933e-05, 1.74450069608e-05, 1.70161692949e-05, 1.69855466083e-05, 1.55108136823e-05, 1.4976843886e-05, 1.01648865893e-05, 9.22002527659e-06, 8.36883373267e-06, 5.45646071259e-06, 3.19205605592e-06, 1.7811721591e-06, 1.38190989674e-06, 1.97483609554e-06, 1.86156159998e-06, 1.62315177477e-06, 1.0316019825e-06, 1.61619573191e-06, 1.25399674289e-06, 3.37890242008e-07, 4.92555841447e-07, 5.10219877015e-07, 3.07902496388e-07, 4.60446898387e-07, 5.62695163353e-07, 4.51430622661e-07, 5.1517281463e-07, 3.12688655413e-07, 1.33702059202e-07, 1.96639334149e-07, 1.38146972972e-07, 8.04732778192e-08, 6.4765046659e-08, 9.38986843835e-08, 4.393648112e-08, 3.6954705962e-08, 2.25396803444e-08, 2.90684454285e-08, 4.01987705345e-08, 4.31569695536e-08, 2.47249296592e-08, 2.63195421013e-08, 1.46136533985e-08, 9.67450031197e-09, 4.92167595567e-09, 4.008164467e-09, 1.78132708584e-09, 4.86855999959e-10, 3.30670602011e-10, 3.15046516652e-10, 3.11940751008e-10, 3.40191486092e-10, 3.11325798474e-10, 3.11560915955e-10, 3.1572605641e-10, 2.69938821296e-10, 2.29836677468e-10, 1.76822403941e-10, 5.03900358939e-11, 5.807751155e-11, 1.83558359484e-11, 8.15560900064e-12, 7.64306846979e-12, 7.16182581989e-12, 1.5599316977e-11, 9.55890835236e-12, 6.54496422337e-12, 7.90315209109e-12, 1.00373745773e-11, 1.19738967005e-11, 5.83774695251e-12, 5.18108125847e-12, 5.12767649521e-12, 4.81379866524e-12, 4.18087309564e-12, 3.53963689956e-12, 2.46235345482e-12, 1.87023595395e-12, 1.78036318327e-12],
        "min": [3.6931135434e-23, 2.17231940687e-23, 1.15613277013e-23, 3.69694377864e-24, 3.05298084449e-24, 1.19210143531e-23, 7.20745921499e-24, 6.26287440606e-24, 1.49551027677e-24, 9.69104578011e-25, 3.12892468105e-24, 6.94893845229e-24, 7.59903477998e-24, 1.68853452175e-23, 3.12259419061e-23, 3.02378084254e-23, 4.77991900837e-23, 5.06651533068e-23, 1.39095331133e-23, 2.6002058449e-24, 1.23363744688e-24, 2.02344932392e-24, 8.79270833619e-24, 3.20040427486e-23, 2.15084266872e-23, 3.4773193806e-24, 1.27580462606e-24, 5.75353058539e-24, 1.35838913316e-23, 7.30279305538e-24, 1.35847338351e-23, 3.49472875192e-24, 3.0835328357e-24, 1.20309720969e-23, 1.12128704845e-23, 5.85722437923e-24, 7.74470504588e-24, 2.14117344283e-23, 1.67456979046e-23, 5.43723246671e-24, 6.640898524e-24, 6.60546328657e-24, 7.52616375386e-24, 6.81731464368e-24, 3.82270240643e-24, 4.8743384012e-24, 9.93008404503e-24, 8.84731881007e-24, 5.59456012463e-24, 8.33698339124e-24, 3.42366066739e-24, 1.85991139796e-23, 3.04419782494e-23, 1.78245519672e-23, 6.59444447744e-24, 4.95741768187e-24, 2.6970241243e-24, 9.96249912849e-24, 1.03202041617e-23, 3.72438312193e-24, 8.50136701553e-24, 6.80604655451e-24, 5.08679875893e-24, 1.41074456927e-23, 4.85375425917e-24, 5.80703152641e-24, 1.23571408377e-23, 1.19599572605e-23, 8.29008166612e-24, 1.03511393421e-23, 8.70776773822e-24, 4.99458091911e-24, 5.05908252546e-24, 5.37045933538e-24, 4.38222133055e-24, 4.5425245718e-24, 5.10604617616e-24, 8.69304917145e-24, 5.64919308105e-24, 5.57456644499e-24, 8.71040568909e-24, 6.59712739338e-24, 1.34579859757e-23, 6.54727808949e-24, 9.23362872853e-24, 1.0108353199e-23, 1.22283790164e-23, 1.47535559062e-23, 1.33182944866e-23, 1.23205116593e-23, 1.43531742869e-23, 8.76401115418e-24, 8.69232341942e-24, 1.38288073992e-23, 8.62878777325e-24, 7.93599671565e-24, 1.21467500565e-23, 1.46922014604e-23, 1.67904547169e-23, 2.02213480555e-23, 9.06367337966e-24, 7.03265316042e-24, 9.47053233583e-24, 9.64167728694e-24, 7.66839143077e-24, 7.39536903806e-24, 9.68991534244e-24, 1.23510176993e-23, 2.83442140867e-23, 1.50097542624e-23, 7.43665012923e-24, 8.98173439744e-24, 7.20551467286e-24, 1.08747157912e-23, 1.11468948916e-23, 8.04280611563e-24, 1.04227418798e-23, 1.41998228824e-23, 1.23917647317e-23, 9.5179436651e-24, 8.93824765117e-24, 6.95600664601e-24, 1.11709314834e-23, 1.0654014598e-23, 1.36592543694e-23, 1.19678726908e-23, 7.97720444275e-24, 1.28956930222e-23],
        "stdev": [3.44646923622e-06, 3.41381928592e-06, 5.08283574163e-06, 7.72452585807e-06, 1.44551841004e-05, 0.0001570773602, 0.000720160023775, 0.00144938728772, 0.000692414410878, 0.000135780413984, 0.000260767759755, 0.000371541682398, 0.00030068407068, 0.000298266502796, 0.000419754098402, 0.000929932866711, 0.00114393257536, 0.00227551045828, 0.00257455045357, 0.00179554941133, 0.00227500125766, 0.00210558320396, 0.00254650018178, 0.00173678726424, 0.00126588065177, 0.000908456393518, 0.000635757343844, 0.000655554293189, 0.000682689540554, 0.000172449814272, 0.000126418410218, 0.000165078177815, 0.000166920392076, 0.000221024791244, 0.000132255445351, 0.000113884154416, 0.000222075352212, 0.000246038136538, 0.000101037046988, 6.98916337569e-05, 6.631508586e-05, 9.70301698544e-05, 0.000167737249285, 0.000204956319067, 0.000274961697869, 0.000148232196807, 0.000165503632161, 0.000114667360322, 9.15440905374e-05, 6.91790482961e-05, 5.00361056766e-05, 5.1853057812e-05, 6.9874789915e-05, 5.59681029699e-05, 6.35824326309e-05, 3.53463656211e-05, 2.40638946707e-05, 1.8753531549e-05, 1.36765511343e-05, 1.01757841549e-05, 5.26551684743e-06, 3.76571369998e-06, 5.86720352658e-06, 5.85719863011e-06, 5.78908293392e-06, 3.82420057576e-06, 6.86262910676e-06, 7.15082660463e-06, 8.63355182901e-07, 1.22537028346e-06, 1.32432899136e-06, 1.28472106553e-06, 1.51506935708e-06, 1.9795256776e-06, 1.48308834014e-06, 2.16636294681e-06, 1.24543078073e-06, 3.81351014767e-07, 5.82511233915e-07, 3.98701587301e-07, 2.45946296218e-07, 2.34683938061e-07, 3.53849884505e-07, 1.45927657513e-07, 1.30850239088e-07, 5.76315990486e-08, 7.22340871562e-08, 1.1939516753e-07, 1.32039858158e-07, 8.19337842017e-08, 8.82361774757e-08, 4.56505766522e-08, 2.58872780989e-08, 1.35282851588e-08, 1.13603002561e-08, 4.06075351123e-09, 8.51955339609e-10, 3.7100328365e-10, 3.81793180404e-10, 3.18166992752e-10, 3.81725678844e-10, 3.38601729988e-10, 4.13503731256e-10, 3.25066473739e-10, 2.71763528348e-10, 4.73693861913e-10, 1.74424530375e-10, 1.38842451425e-10, 5.20080756239e-10, 1.73564912442e-10, 4.15378391405e-11, 3.05587152805e-11, 1.89531203232e-11, 1.92665064458e-10, 6.65948338141e-11, 1.44966911739e-11, 1.38826415641e-11, 1.45258891721e-11, 1.62781819274e-11, 1.35822854699e-11, 1.28358209478e-11, 1.2630218052e-11, 1.23800466406e-11, 1.21220767799e-11, 1.18638822724e-11, 1.20037252707e-11, 1.16239214434e-11, 1.15662514288e-11]
    },
    "mfcc": {
        "mean": [-828.672729492, 163.296905518, -77.7506408691, -3.87738990784, -14.8213825226, -12.7977819443, -26.1875667572, -2.0230486393, -6.41278219223, -0.048490498215, -1.97084331512, 5.54880523682, -3.38879919052],
        "cov": [[10158.0927734, 1737.26538086, -1403.86218262, 377.877746582, -1690.89733887, -195.516021729, -1008.4465332, -233.768508911, -438.341430664, 267.197753906, -320.475067139, 62.993309021, -230.175872803], [1737.26538086, 2244.08105469, -92.1085128784, -471.901123047, 202.971359253, -629.800842285, -488.876312256, -290.700836182, -45.035194397, -107.677528381, 146.948287964, 45.0742683411, 53.3500289917], [-1403.86218262, -92.1085128784, 789.134094238, 194.738449097, 178.052886963, 145.975479126, 188.676757812, 57.1756324768, -18.2035598755, -112.727706909, -98.6044235229, -58.5494155884, -7.38560771942], [377.877746582, -471.901123047, 194.738449097, 655.434753418, -59.6523284912, 244.300216675, 100.595977783, -20.0575618744, -95.455039978, -4.57202386856, -195.385650635, -95.395980835, -83.993019104], [-1690.89733887, 202.971359253, 178.052886963, -59.6523284912, 870.403137207, 13.3908662796, -39.4101638794, -47.0457382202, 42.252822876, -80.1159133911, 131.366394043, -89.4487915039, 45.7429924011], [-195.516021729, -629.800842285, 145.975479126, 244.300216675, 13.3908662796, 518.452636719, 241.680343628, 126.061325073, -48.8572616577, 18.2823352814, -103.266395569, -108.188323975, -74.7776184082], [-1008.4465332, -488.876312256, 188.676757812, 100.595977783, -39.4101638794, 241.680343628, 504.134796143, 156.862884521, 22.4820251465, -34.0637931824, -45.5210838318, -59.286605835, -48.1490097046], [-233.768508911, -290.700836182, 57.1756324768, -20.0575618744, -47.0457382202, 126.061325073, 156.862884521, 253.26739502, 29.5147018433, 3.89754295349, -10.912607193, -29.3109855652, -23.0574207306], [-438.341430664, -45.035194397, -18.2035598755, -95.455039978, 42.252822876, -48.8572616577, 22.4820251465, 29.5147018433, 152.413360596, 35.2287521362, 33.0617637634, 14.0807971954, -6.09810829163], [267.197753906, -107.677528381, -112.727706909, -4.57202386856, -80.1159133911, 18.2823352814, -34.0637931824, 3.89754295349, 35.2287521362, 136.682723999, 31.9389667511, -6.93313264847, -9.72243118286], [-320.475067139, 146.948287964, -98.6044235229, -195.385650635, 131.366394043, -103.266395569, -45.5210838318, -10.912607193, 33.0617637634, 31.9389667511, 178.375808716, 37.5421943665, 44.257232666], [62.993309021, 45.0742683411, -58.5494155884, -95.395980835, -89.4487915039, -108.188323975, -59.286605835, -29.3109855652, 14.0807971954, -6.93313264847, 37.5421943665, 148.279434204, 49.6675262451], [-230.175872803, 53.3500289917, -7.38560771942, -83.993019104, 45.7429924011, -74.7776184082, -48.1490097046, -23.0574207306, -6.09810829163, -9.72243118286, 44.257232666, 49.6675262451, 144.654098511]],
        "icov": [[0.0021768619772, -0.0030580421444, 0.00335493823513, -0.00289622927085, 0.00355812115595, -0.0028905980289, 0.00305875902995, -0.00245959823951, 0.00224292138591, -0.0015181779163, 0.00121199514251, -0.000664595689159, 0.0009378407849], [-0.0030580421444, 0.00532248662785, -0.00492344330996, 0.00475138938054, -0.00504041044042, 0.00496533652768, -0.00383211532608, 0.00404145009816, -0.00249184598215, 0.0026554656215, -0.00171871157363, 0.00169881468173, -0.000776179425884], [0.00335493823513, -0.00492344330996, 0.00701037375256, -0.00495329825208, 0.00507653597742, -0.00467064697295, 0.00416956143454, -0.00412298506126, 0.00313623179682, -0.00146663666237, 0.0025875561405, -0.00119702809025, 0.000999939045869], [-0.00289622927085, 0.00475138938054, -0.00495329825208, 0.00728414207697, -0.00509299524128, 0.003981648013, -0.00408050091937, 0.00439938390628, -0.00115130410995, 0.000983758945949, 0.00118266453501, 0.00152363756206, -0.000239844957832], [0.00355812115595, -0.00504041044042, 0.00507653597742, -0.00509299524128, 0.00806531775743, -0.00547260884196, 0.00567167950794, -0.00344749260694, 0.00217870553024, -0.000193325962755, -0.00086528272368, 0.000941750535276, 0.000801767455414], [-0.0028905980289, 0.00496533652768, -0.00467064697295, 0.003981648013, -0.00547260884196, 0.00846309494227, -0.00502299237996, 0.00257088406943, -0.000728711194824, 0.000456173846032, -1.35084237627e-05, 0.00196523056366, -0.000184724704013], [0.00305875902995, -0.00383211532608, 0.00416956143454, -0.00408050091937, 0.00567167950794, -0.00502299237996, 0.007917445153, -0.00425201561302, 0.00207682349719, -0.000105371109385, 0.000368882348994, 0.000132184417453, 0.00161375338212], [-0.00245959823951, 0.00404145009816, -0.00412298506126, 0.00439938390628, -0.00344749260694, 0.00257088406943, -0.00425201561302, 0.00873636920005, -0.00327839236706, 0.00236877868883, -0.00177050603088, 0.00197284016758, -0.000778574147262], [0.00224292138591, -0.00249184598215, 0.00313623179682, -0.00115130410995, 0.00217870553024, -0.000728711194824, 0.00207682349719, -0.00327839236706, 0.0123104788363, -0.00564832612872, 0.00328394118696, -0.00196616607718, 0.0028923721984], [-0.0015181779163, 0.0026554656215, -0.00146663666237, 0.000983758945949, -0.000193325962755, 0.000456173846032, -0.000105371109385, 0.00236877868883, -0.00564832612872, 0.0139263914898, -0.00609340704978, 0.00357372756116, -0.000924187421333], [0.00121199514251, -0.00171871157363, 0.0025875561405, 0.00118266453501, -0.00086528272368, -1.35084237627e-05, 0.000368882348994, -0.00177050603088, 0.00328394118696, -0.00609340704978, 0.0136385522783, -0.00302149308845, 8.2048936747e-05], [-0.000664595689159, 0.00169881468173, -0.00119702809025, 0.00152363756206, 0.000941750535276, 0.00196523056366, 0.000132184417453, 0.00197284016758, -0.00196616607718, 0.00357372756116, -0.00302149308845, 0.0114650204778, -0.00263872579671], [0.0009378407849, -0.000776179425884, 0.000999939045869, -0.000239844957832, 0.000801767455414, -0.000184724704013, 0.00161375338212, -0.000778574147262, 0.0028923721984, -0.000924187421333, 8.2048936747e-05, -0.00263872579671, 0.00960814766586]]
    },
    "spectral_contrast_coeffs": {
        "max": [-0.361784994602, -0.452637821436, -0.470113277435, -0.579010248184, -0.453304290771, -0.488943040371],
        "mean": [-0.71608120203, -0.760645091534, -0.79369199276, -0.808570683002, -0.752634108067, -0.73820489645],
        "min": [-0.973997294903, -0.998995959759, -0.998352468014, -0.984162092209, -0.987920999527, -0.96070432663],
        "stdev": [0.0949615761638, 0.104034736753, 0.0822431445122, 0.0628248229623, 0.0783594995737, 0.0888578519225]
    },
    "spectral_contrast_valleys": {
        "max": [-6.26294946671, -4.59741783142, -5.19313430786, -5.55544948578, -6.92168521881, -11.724363327],
        "mean": [-9.5915555954, -7.65913438797, -8.21083068848, -8.23018550873, -9.4724187851, -13.608124733],
        "min": [-26.7843284607, -26.6486988068, -27.341796875, -27.2705802917, -27.2099208832, -27.1845970154],
        "stdev": [1.23696398735, 1.56491589546, 1.27001667023, 1.24530315399, 1.25853204727, 0.588126122952]
    }
},
"rhythm": {
    "beats_count": 57,
    "beats_loudness": {
        "max": 0.118992395699,
        "mean": 0.016015375033,
        "min": 3.96200448449e-06,
        "stdev": 0.0260705891997
    },
    "bpm": 127.973770142,
    "bpm_histogram_first_peak_bpm": 129,
    "bpm_histogram_first_peak_weight": 0.388888895512,
    "bpm_histogram_second_peak_bpm": 115,
    "bpm_histogram_second_peak_spread": 0.444444417953,
    "bpm_histogram_second_peak_weight": 0.178571432829,
    "danceability": 0.993982851505,
    "onset_rate": 3.48115801811,
    "beats_loudness_band_ratio": {
        "max": [0.599630832672, 0.512584686279, 0.907797336578, 0.901149272919, 0.659746289253, 0.0666247755289],
        "mean": [0.0892166569829, 0.123573459685, 0.455393642187, 0.189838260412, 0.175891518593, 0.0142431221902],
        "min": [5.44521171832e-05, 0.00456668296829, 0.0531485229731, 0.00292752380483, 0.000748124788515, 4.48021601187e-05],
        "stdev": [0.172364711761, 0.132890641689, 0.271065533161, 0.172580361366, 0.160054087639, 0.0176262632012]
    },
    "beats_position": [0.417959183455, 0.859138309956, 1.30031740665, 1.74149656296, 2.18267560005, 2.62385487556, 3.08825397491, 3.55265307426, 4.02866220474, 4.53950119019, 5.06195020676, 5.58439922333, 6.11845779419, 6.66412687302, 7.19818592072, 7.67419481277, 8.13859367371, 8.6146030426, 9.18349170685, 9.75238037109, 10.2980499268, 10.8437185287, 11.3777770996, 11.9118366241, 12.4691152573, 13.0263938904, 13.5952835083, 14.1409521103, 14.6750106812, 15.1858501434, 15.696688652, 16.2191371918, 16.7183666229, 17.2175960541, 17.7168254852, 18.2160549164, 18.7036724091, 19.1912918091, 19.6556911469, 20.1200904846, 20.5844898224, 21.0604991913, 21.5248966217, 22.0009059906, 22.4769153595, 22.9413146973, 23.405714035, 23.8701133728, 24.3345127106, 24.8105201721, 25.3329696655, 25.8554191589, 26.3778686523, 26.9003162384, 27.4227657318, 27.9452152252, 28.4676647186],
