{
"metadata": {
    "version": {
        "essentia": "2.1-beta5",
        "essentia_git_sha": "Undefined",
        "extractor": "music 2.0"
    },
    "audio_properties": {
        "analysis": {
            "equal_loudness": 0,
            "length": 12.7477550507,
            "sample_rate": 44100,
            "start_time": 0,
            "downmix": "mix"
        },
        "bit_rate": 192000,
        "length": 195.210159302,
        "lossless": 0,
        "number_channels": 2,
        "replay_gain": -5.36096572876,
        "sample_rate": 48000,
        "codec": "mp3",
        "md5_encoded": "c5af86f4bf28a8f5951c3e82c1825ff3"
    },
    "tags": {
        "file_name": "France_Printemps (avril Carillonne)_Jean-Paul Mauric.mp3",
        "encoding": ["Lavf58.29.100"]
    }
},
"lowlevel": {
    "average_loudness": 0.943882226944,
    "barkbands_crest": {
        "max": 21.2267608643,
        "mean": 6.61309719086,
        "min": 2.26939058304,
        "stdev": 3.67757606506
    },
    "barkbands_flatness_db": {
        "max": 0.254662394524,
        "mean": 0.161116555333,
        "min": 0.0650972649455,
        "stdev": 0.0324719175696
    },
    "barkbands_kurtosis": {
        "max": 15.0085792542,
        "mean": 0.478715598583,
        "min": -1.45875263214,
        "stdev": 1.9875254631
    },
    "barkbands_skewness": {
        "max": 3.71711206436,
        "mean": 0.53164690733,
        "min": -2.25307941437,
        "stdev": 0.75558000803
    },
    "barkbands_spread": {
        "max": 47.5658035278,
        "mean": 19.4618644714,
        "min": 4.71499347687,
        "stdev": 6.91973590851
    },
    "dissonance": {
        "max": 0.499934077263,
        "mean": 0.479793816805,
        "min": 0.396107137203,
        "stdev": 0.0171519462019
    },
    "dynamic_complexity": 6.2904047966,
    "erbbands_crest": {
        "max": 23.6068649292,
        "mean": 7.0575799942,
        "min": 2.70016288757,
        "stdev": 3.45556378365
    },
    "erbbands_flatness_db": {
        "max": 0.324379295111,
        "mean": 0.229366108775,
        "min": 0.0986171290278,
        "stdev": 0.0307653378695
    },
    "erbbands_kurtosis": {
        "max": 4.63640975952,
        "mean": 0.0036488273181,
        "min": -1.71368420124,
        "stdev": 0.849403917789
    },
    "erbbands_skewness": {
        "max": 2.01006698608,
        "mean": 0.204623028636,
        "min": -0.745165348053,
        "stdev": 0.385145157576
    },
    "erbbands_spread": {
        "max": 65.9900512695,
        "mean": 27.0678157806,
        "min": 7.66758108139,
        "stdev": 9.44116592407
    },
    "hfc": {
        "max": 100.955223083,
        "mean": 19.1064453125,
        "min": 1.22337537672e-16,
        "stdev": 19.0893688202
    },
    "loudness_ebu128": {
        "integrated": -19.2226295471,
        "loudness_range": 3.64711952209,
        "momentary": {
            "max": -15.931974411,
            "mean": -23.1089038849,
            "min": -50.4219741821,
            "stdev": 8.12842082977
        },
        "short_term": {
            "max": -17.5974369049,
            "mean": -19.6189060211,
            "min": -26.9964675903,
            "stdev": 1.95802426338
        }
    },
    "melbands_crest": {
        "max": 28.6821556091,
        "mean": 8.93245506287,
        "min": 2.0504784584,
        "stdev": 5.0393409729
    },
    "melbands_flatness_db": {
        "max": 0.301845669746,
        "mean": 0.143473207951,
        "min": 0.00359954591841,
        "stdev": 0.0413660407066
    },
    "melbands_kurtosis": {
        "max": 34.4330558777,
        "mean": 2.47508001328,
        "min": -1.24243581295,
        "stdev": 3.71062636375
    },
    "melbands_skewness": {
        "max": 5.35229873657,
        "mean": 1.12186431885,
        "min": -0.946403324604,
        "stdev": 0.882735848427
    },
    "melbands_spread": {
        "max": 132.413772583,
        "mean": 32.0285987854,
        "min": 5.17864561081,
        "stdev": 13.059337616
    },
    "pitch_salience": {
        "max": 0.933770418167,
        "mean": 0.663926124573,
        "min": 0.268714815378,
        "stdev": 0.111231438816
    },
    "silence_rate_20dB": {
        "max": 1,
        "mean": 1,
        "min": 1,
        "stdev": 0
    },
    "silence_rate_30dB": {
        "max": 1,
        "mean": 1,
        "min": 1,
        "stdev": 0
    },
    "silence_rate_60dB": {
        "max": 1,
        "mean": 0.247272729874,
        "min": 0,
        "stdev": 0.431424826384
    },
    "spectral_centroid": {
        "max": 11464.9208984,
        "mean": 1830.67553711,
        "min": 426.688262939,
        "stdev": 664.219299316
    },
    "spectral_complexity": {
        "max": 52,
        "mean": 21.8672733307,
        "min": 0,
        "stdev": 14.4987325668
    },
    "spectral_decrease": {
        "max": 1.03172512492e-28,
        "mean": -3.55449092382e-09,
        "min": -1.82995893994e-08,
        "stdev": 3.37805938777e-09
    },
    "spectral_energy": {
        "max": 0.0782238319516,
        "mean": 0.0151484943926,
        "min": 1.07069693033e-20,
        "stdev": 0.0143683739007
    },
    "spectral_energyband_high": {
        "max": 0.00428309338167,
        "mean": 0.000722520344425,
        "min": 7.58823909228e-21,
        "stdev": 0.000822670292109
    },
    "spectral_energyband_low": {
        "max": 0.013731000945,
        "mean": 0.000554382393602,
        "min": 4.42135585231e-23,
        "stdev": 0.00130820542108
    },
    "spectral_energyband_middle_high": {
        "max": 0.0460233353078,
        "mean": 0.00738500338048,
        "min": 1.34876312423e-21,
        "stdev": 0.00799244362861
    },
    "spectral_energyband_middle_low": {
        "max": 0.0425057336688,
        "mean": 0.00684156361967,
        "min": 3.08277173481e-22,
        "stdev": 0.00722720706835
    },
    "spectral_entropy": {
        "max": 9.80213356018,
        "mean": 7.73052120209,
        "min": 6.72386026382,
        "stdev": 0.253794670105
    },
    "spectral_flux": {
        "max": 0.187311440706,
        "mean": 0.0616860203445,
        "min": 1.03474485924e-10,
        "stdev": 0.0401034280658
    },
    "spectral_kurtosis": {
        "max": 10.8977718353,
        "mean": 2.67493104935,
        "min": -1.19026041031,
        "stdev": 2.13635492325
    },
    "spectral_rms": {
        "max": 0.00873589888215,
        "mean": 0.0032967031002,
        "min": 3.23199995413e-12,
        "stdev": 0.00197756197304
    },
    "spectral_rolloff": {
        "max": 19810.546875,
        "mean": 2270.10864258,
        "min": 193.798828125,
        "stdev": 1244.62683105
    },
    "spectral_skewness": {
        "max": 2.59320163727,
        "mean": 1.05376291275,
        "min": -0.0234179720283,
        "stdev": 0.363238662481
    },
    "spectral_spread": {
        "max": 39956316,
        "mean": 3180627.5,
        "min": 1924884.875,
        "stdev": 1719568.25
    },
    "spectral_strongpeak": {
        "max": 6.34438991547,
        "mean": 0.996178865433,
        "min": 0,
        "stdev": 1.00669717789
    },
    "zerocrossingrate": {
        "max": 0.71484375,
        "mean": 0.0799875706434,
        "min": 0.01220703125,
        "stdev": 0.0415855459869
    },
    "barkbands": {
        "max": [2.66962015303e-05, 0.00379111990333, 0.00537660997361, 0.0146584864706, 0.01607657969, 0.00943621061742, 0.0234611034393, 0.0215642619878, 0.0100879603997, 0.0121499393135, 0.00720874127001, 0.0112730655819, 0.00908579397947, 0.0127900652587, 0.0107014272362, 0.00549974897876, 0.00462123705074, 0.00269988388754, 0.00237417337485, 0.00234617874958, 0.00163478439208, 0.000878884282429, 0.00118072575424, 0.000212358208955, 5.12906922268e-07, 1.72099333895e-07, 1.79028390335e-07],
        "mean": [1.5250082015e-06, 0.000100060606201, 0.000185326323844, 0.000565748196095, 0.00121914257761, 0.000889931281563, 0.00179309106898, 0.00108044140507, 0.00114063429646, 0.00108186318539, 0.000618538993876, 0.00117218098603, 0.00102721911389, 0.00100621581078, 0.000719313684385, 0.000588518800214, 0.000394393660827, 0.000350900809281, 0.000326133827912, 0.000303191045532, 0.000255428923992, 0.00016078891349, 0.000138756178785, 2.9123188142e-05, 2.33149926032e-08, 8.12991507448e-10, 8.54235959746e-10],
        "min": [3.02987510857e-24, 3.3678870181e-23, 6.80709810609e-24, 7.18508159769e-24, 5.44657463086e-23, 4.07088956458e-23, 4.21952168763e-23, 9.15515615889e-23, 6.65299034172e-23, 2.22011222926e-23, 1.07187478928e-22, 6.4564926633e-23, 1.66234740048e-22, 5.80005121181e-23, 7.51596567562e-23, 1.38763334288e-22, 1.98011635032e-22, 1.71052723803e-22, 2.32177819304e-22, 2.97508881337e-22, 3.59258565348e-22, 6.77674936489e-22, 6.96046686556e-22, 8.13404299114e-22, 1.29456320512e-21, 1.54677867201e-21, 2.66856442571e-21],
        "stdev": [2.38584811996e-06, 0.000270987104159, 0.000442610995378, 0.00173571216874, 0.0017776528839, 0.00127895490732, 0.00250973110087, 0.00215387903154, 0.00141140969936, 0.00166069227271, 0.000880861538462, 0.00167297164444, 0.00155983283184, 0.001413871767, 0.000967177387793, 0.000766199431382, 0.000500672729686, 0.000433408655226, 0.000385715131415, 0.000370455702068, 0.000307037640596, 0.000189753322047, 0.00018014528905, 3.86505780625e-05, 3.48517410487e-08, 7.36655758615e-09, 7.66331798019e-09]
    },
    "erbbands": {
        "max": [0.0457760803401, 1.10951888561, 4.72280406952, 26.2425117493, 52.426322937, 70.3700027466, 62.6627616882, 96.3476638794, 173.046920776, 539.467407227, 323.685913086, 152.002716064, 296.133605957, 247.481521606, 399.262786865, 426.12197876, 461.20199585, 491.138214111, 525.156616211, 561.744018555, 267.806182861, 198.174209595, 181.763977051, 119.288978577, 129.264862061, 99.0720062256, 65.4259185791, 72.8015823364, 32.9210891724, 42.7775764465, 28.3614082336, 7.99846792221, 1.43071329594, 0.0446662455797, 0.00243580690585, 0.000696932955179, 0.00031819625292, 0.000112261230242, 5.180086373e-05, 9.97362585622e-05],
        "mean": [0.00166609964799, 0.0290255732834, 0.18715082109, 1.15111112595, 2.79719138145, 4.8039431572, 3.78105521202, 9.0443315506, 16.6179332733, 37.7192420959, 20.1482162476, 22.1708259583, 32.4998550415, 29.2689933777, 36.1532783508, 43.4789810181, 48.5924186707, 44.4754829407, 41.7994842529, 43.7337341309, 28.8904571533, 22.7269973755, 19.6436214447, 18.6382255554, 15.4970808029, 14.1487503052, 11.6763734818, 8.79233932495, 6.06828260422, 4.72348737717, 3.66015124321, 1.29441833496, 0.188158228993, 0.00628497870639, 0.000460629787995, 7.39147071727e-05, 2.31564135902e-05, 8.09407629276e-06, 1.07468749775e-05, 1.95995744434e-05],
        "min": [1.18201585179e-21, 6.54896662417e-21, 9.84647043732e-21, 1.44673275212e-20, 1.51268108355e-19, 1.31127255641e-19, 2.5202934399e-19, 3.80923186128e-19, 3.87961304069e-19, 8.46942577772e-19, 2.53642713246e-18, 1.16727499083e-18, 1.27848363392e-18, 2.55349745196e-18, 3.59023227859e-18, 3.53055037021e-18, 6.76540724608e-18, 4.17146686602e-18, 2.86236317717e-18, 5.90764287115e-18, 6.83489993012e-18, 1.14120434655e-17, 1.10872443805e-17, 1.39429911468e-17, 1.01808885213e-17, 1.57019758301e-17, 1.47176557166e-17, 1.40819111676e-17, 2.50840039215e-17, 2.36911972061e-17, 1.9672106935e-17, 1.42840377133e-17, 1.38705772744e-17, 1.21220704879e-17, 1.05875627705e-17, 4.55475713287e-18, 3.32111878567e-18, 1.35110099271e-18, 3.23942022452e-19, 3.74185909899e-20],
        "stdev": [0.00368018355221, 0.0794373601675, 0.437157779932, 3.35836744308, 5.2754445076, 7.08407831192, 5.90018510818, 13.0445899963, 23.0917301178, 63.139919281, 32.9490280151, 26.4922275543, 44.8265075684, 41.0298233032, 47.6736373901, 62.0969238281, 72.2139358521, 62.4132232666, 56.9390068054, 58.7798194885, 36.0784988403, 28.5419902802, 23.4963226318, 21.9102554321, 18.581697464, 16.8790340424, 14.0353689194, 11.3186883926, 7.23335075378, 5.86914777756, 4.73218345642, 1.66239881516, 0.251593410969, 0.00769950542599, 0.000455967732705, 8.39667918626e-05, 2.70453092526e-05, 9.52518166741e-06, 1.02282447187e-05, 1.85570279427e-05]
    },
    "gfcc": {
        "mean": [-85.9048538208, 115.843467712, -207.032775879, 41.6773490906, -83.0700454712, 3.50431990623, -25.9310035706, -23.180519104, 3.14938783646, -25.8555526733, 1.38865065575, -17.4549350739, -4.27667045593],
        "cov": [[17756.3046875, 1836.85644531, -1354.23535156, 153.689666748, -1672.96166992, -1182.21813965, 57.7579727173, -1649.47119141, 271.386566162, -453.721984863, 327.272857666, -315.761901855, -367.552642822], [1836.85644531, 857.313903809, 211.297653198, -20.3511962891, -80.3970718384, -203.901565552, -91.6604919434, -286.346862793, 4.19185590744, -46.2232437134, 21.7485561371, -83.0244827271, -99.3155136108], [-1354.23535156, 211.297653198, 550.735046387, 47.9573097229, 133.993850708, 20.1042308807, -56.7831001282, 72.3269882202, -54.7074127197, 36.4317550659, -43.2686767578, -7.18644237518, -19.6936016083], [153.689666748, -20.3511962891, 47.9573097229, 159.071578979, 9.51766586304, 28.9361896515, 27.0643997192, 9.76097202301, -3.71198415756, -12.2500810623, -16.7961559296, -9.02942180634, 8.57930850983], [-1672.96166992, -80.3970718384, 133.993850708, 9.51766586304, 275.098388672, 171.134872437, -3.09478259087, 155.031997681, -28.7559947968, 50.3429832458, -27.7123641968, 31.2003612518, 34.8818244934], [-1182.21813965, -203.901565552, 20.1042308807, 28.9361896515, 171.134872437, 230.860061646, 8.75368118286, 151.526245117, -18.8661193848, 64.3973388672, 6.4176530838, 50.6898117065, 36.1993751526], [57.7579727173, -91.6604919434, -56.7831001282, 27.0643997192, -3.09478259087, 8.75368118286, 121.291229248, 66.4391937256, 34.2563591003, -19.5643825531, -14.7627296448, -9.90934467316, 17.7904167175], [-1649.47119141, -286.346862793, 72.3269882202, 9.76097202301, 155.031997681, 151.526245117, 66.4391937256, 322.731018066, 11.7868432999, 30.519411087, -44.6449775696, 31.8494644165, 71.4321365356], [271.386566162, 4.19185590744, -54.7074127197, -3.71198415756, -28.7559947968, -18.8661193848, 34.2563591003, 11.7868432999, 68.1706848145, 11.1095848083, 7.00516319275, -7.27300214767, -0.509253501892], [-453.721984863, -46.2232437134, 36.4317550659, -12.2500810623, 50.3429832458, 64.3973388672, -19.5643825531, 30.519411087, 11.1095848083, 85.7785568237, 37.0470466614, 37.7557220459, 6.64862442017], [327.272857666, 21.7485561371, -43.2686767578, -16.7961559296, -27.7123641968, 6.4176530838, -14.7627296448, -44.6449775696, 7.00516319275, 37.0470466614, 68.6233978271, 37.0482177734, -3.3226044178], [-315.761901855, -83.0244827271, -7.18644237518, -9.02942180634, 31.2003612518, 50.6898117065, -9.90934467316, 31.8494644165, -7.27300214767, 37.7557220459, 37.0482177734, 64.788269043, 26.4251403809], [-367.552642822, -99.3155136108, -19.6936016083, 8.57930850983, 34.8818244934, 36.1993751526, 17.7904167175, 71.4321365356, -0.509253501892, 6.64862442017, -3.3226044178, 26.4251403809, 56.1811752319]],
        "icov": [[0.000515213352628, -0.00096537778154, 0.000972599722445, -0.00101749319583, 0.00180951808579, -0.000239758315729, -0.000453143322375, 0.000574103323743, -0.000429903069744, 0.000965462822933, -0.00135764782317, 0.000252785190241, 0.000287599454168], [-0.00096537778154, 0.00499881990254, -0.00366056291386, 0.0023824502714, -0.00509898131713, 0.00141519564204, 0.00197926629335, 0.00117354642134, -0.00188085425179, 0.00115828297567, -0.00192373327445, 0.00323273334652, -0.000779275374953], [0.000972599722445, -0.00366056291386, 0.00620983820409, -0.00388977117836, 0.00263265077956, 0.00191935454495, -0.000484149204567, -0.00187582429498, 0.00346615980379, -0.00297442777082, 0.00158284185454, -0.00204528798349, 0.00376887735911], [-0.00101749319583, 0.0023824502714, -0.00388977117836, 0.0102100819349, -0.00223068054765, -0.003183985129, -0.00121201679576, 0.00144913757686, -0.000412576657254, 0.000333250645781, 0.00324766966514, 0.00120943656657, -0.00380992167629], [0.00180951808579, -0.00509898131713, 0.00263265077956, -0.00223068054765, 0.016755996272, -0.00764714647084, -0.00236166641116, 0.000856853381265, 0.000661731057335, 0.000127822058857, 0.00229546078481, -0.0015609934926, -0.000868917210028], [-0.000239758315729, 0.00141519564204, 0.00191935454495, -0.003183985129, -0.00764714647084, 0.0150163816288, 0.000658440461848, -0.00444946670905, 0.00466470979154, -0.00603683339432, -0.00222630775534, -0.00169517588802, 0.00403580907732], [-0.000453143322375, 0.00197926629335, -0.000484149204567, -0.00121201679576, -0.00236166641116, 0.000658440461848, 0.01426432468, -0.00314116454683, -0.00641926657408, 0.00471519120038, -0.00254870462231, 0.00286983069964, -0.00104813103098], [0.000574103323743, 0.00117354642134, -0.00187582429498, 0.00144913757686, 0.000856853381265, -0.00444946670905, -0.00314116454683, 0.0114282164723, -0.00570850679651, 0.00288549810648, 0.00195121648721, 0.00060627493076, -0.00681223301217], [-0.000429903069744, -0.00188085425179, 0.00346615980379, -0.000412576657254, 0.000661731057335, 0.00466470979154, -0.00641926657408, -0.00570850679651, 0.0273148734123, -0.0142749417573, 0.00316306273453, 0.00244220788591, 0.00199023797177], [0.000965462822933, 0.00115828297567, -0.00297442777082, 0.000333250645781, 0.000127822058857, -0.00603683339432, 0.00471519120038, 0.00288549810648, -0.0142749417573, 0.0336968302727, -0.0197139475495, -0.000439400813775, 0.000842425914016], [-0.00135764782317, -0.00192373327445, 0.00158284185454, 0.00324766966514, 0.00229546078481, -0.00222630775534, -0.00254870462231, 0.00195121648721, 0.00316306273453, -0.0197139475495, 0.0514078401029, -0.0287796072662, 0.00505016231909], [0.000252785190241, 0.00323273334652, -0.00204528798349, 0.00120943656657, -0.0015609934926, -0.00169517588802, 0.00286983069964, 0.00060627493076, 0.00244220788591, -0.000439400813775, -0.0287796072662, 0.0468080155551, -0.0167956203222], [0.000287599454168, -0.000779275374953, 0.00376887735911, -0.00380992167629, -0.000868917210028, 0.00403580907732, -0.00104813103098, -0.00681223301217, 0.00199023797177, 0.000842425914016, 0.00505016231909, -0.0167956203222, 0.0352558791637]]
    },
    "melbands": {
        "max": [0.000742583652027, 0.00217691226862, 0.00482346769422, 0.0041622351855, 0.00204767961986, 0.00224010273814, 0.00317526445724, 0.00553708290681, 0.00209811027162, 0.0012203870574, 0.00164010515437, 0.001189359813, 0.00106145278551, 0.00138766423333, 0.00195474573411, 0.00104850588832, 0.000981524237432, 0.00106326292735, 0.000790392397903, 0.000494464475196, 0.000310924806399, 0.000227805008763, 0.000351394002791, 0.000143313925946, 9.61008408922e-05, 0.00014870861196, 0.000143430501339, 6.62751699565e-05, 6.50688598398e-05, 5.06429023517e-05, 5.20639878232e-05, 2.01612074306e-05, 2.21178288484e-05, 3.06293732137e-05, 1.84419313882e-05, 8.47428600537e-06, 5.18357592227e-06, 1.29969396312e-06, 4.44694734369e-08, 7.99907606819e-09],
        "mean": [2.14704687096e-05, 8.60755098984e-05, 0.000243964081164, 0.000272900273558, 0.000152652472025, 0.000200798851438, 0.000283828849206, 0.000385119987186, 0.000153181230417, 0.000145675658132, 0.000169902152265, 0.000127510313177, 0.000107894309622, 0.000128922009026, 0.000126903294586, 9.27465225686e-05, 8.09277407825e-05, 7.28529485059e-05, 5.6314151152e-05, 4.80754388263e-05, 3.00446317851e-05, 2.22221933655e-05, 2.09023219213e-05, 1.72781474248e-05, 1.46812790263e-05, 1.29753743749e-05, 1.06676552605e-05, 8.58613566379e-06, 8.2033493527e-06, 5.20920275449e-06, 5.06151536683e-06, 3.44231671079e-06, 2.87957823275e-06, 2.70472310149e-06, 2.32167235481e-06, 1.31670128667e-06, 6.06039179729e-07, 1.50726577886e-07, 3.51586093572e-09, 2.79101963763e-10],
        "min": [9.93819590172e-24, 6.15492391878e-24, 6.57483063432e-24, 1.14741349055e-23, 7.73925165044e-24, 7.83114763501e-24, 7.03563426578e-24, 1.01690118694e-23, 1.9924340347e-23, 7.69992299001e-24, 6.02356082869e-24, 9.26353760089e-24, 1.29158586736e-23, 8.92145201364e-24, 1.43961135637e-23, 1.25097010147e-23, 7.23226336843e-24, 3.49426135183e-24, 7.60328437368e-24, 9.1165191717e-24, 7.58400697974e-24, 1.07989614785e-23, 1.3192393075e-23, 7.34266050781e-24, 1.26080175382e-23, 5.71103740944e-24, 8.39747482318e-24, 1.12490650006e-23, 8.06501255011e-24, 9.03003003978e-24, 7.77391735406e-24, 1.60624165652e-23, 1.0711641676e-23, 1.47566782177e-23, 1.14287943361e-23, 1.04331453775e-23, 7.78570293598e-24, 9.73031922028e-24, 1.0723573986e-23, 9.27408309347e-24],
        "stdev": [5.38009771844e-05, 0.000196693174075, 0.00060645560734, 0.000405423372285, 0.000218934044824, 0.000287733098958, 0.000384629587643, 0.000661825004499, 0.000233124548686, 0.000179283335456, 0.000241471178015, 0.000187095240108, 0.00014275671856, 0.000203315066756, 0.0002336549951, 0.000137400595122, 0.000116536837595, 0.000107129897515, 7.67935052863e-05, 6.54871328152e-05, 4.0081275074e-05, 2.99132952932e-05, 3.0360330129e-05, 2.23086826736e-05, 1.7620919607e-05, 1.66133741004e-05, 1.48470899148e-05, 1.05027647805e-05, 1.05294093373e-05, 6.49425237498e-06, 6.93040783517e-06, 4.15371005147e-06, 3.63295907846e-06, 3.64630750482e-06, 3.10260884362e-06, 1.70169823832e-06, 8.36092624468e-07, 2.16122117536e-07, 5.3590203386e-09, 5.21530207909e-10]
    },
    "melbands128": {
        "max": [1.50728583321e-05, 0.000146358957863, 0.000922878040001, 0.00211008312181, 0.00277887121774, 0.00319339497946, 0.00533287134022, 0.0076083317399, 0.00566163053736, 0.00630620680749, 0.00534759229049, 0.00323010282591, 0.00276047503576, 0.00141687004361, 0.00242459517904, 0.00458417413756, 0.00450253859162, 0.00265128863975, 0.00595759274438, 0.00918233767152, 0.00627856515348, 0.0046317842789, 0.00138268899173, 0.00181645143311, 0.00130221084692, 0.00139512412716, 0.00321306870319, 0.00149168539792, 0.00394477322698, 0.00198100646958, 0.00110664055683, 0.000989528023638, 0.00161654991098, 0.00236186990514, 0.00206786138006, 0.00186413805932, 0.00171004212461, 0.00398838147521, 0.00184621510562, 0.00194360909518, 0.00123399856966, 0.0020807152614, 0.00108627229929, 0.00118097744416, 0.00284760887735, 0.00084707379574, 0.000834835926071, 0.000878591788933, 0.00142855616286, 0.00133502169047, 0.000516542175319, 0.000307407171931, 0.000788437318988, 0.00024624762591, 0.000184559889021, 0.000382623984478, 0.000266768387519, 0.000821720692329, 0.000182736708666, 8.18682092358e-05, 0.000238369830186, 0.000222196060349, 0.000152881184476, 0.000103076505184, 0.000207405886613, 0.000282086082734, 7.49047394493e-05, 0.000113365618745, 0.000285255548079, 0.000111077242764, 0.000125919061247, 6.29469577689e-05, 0.00019760322175, 8.26317409519e-05, 5.72888748138e-05, 5.34985992999e-05, 6.53323731967e-05, 6.33178060525e-05, 8.97851859918e-05, 5.90050585743e-05, 3.45245498465e-05, 2.73500936601e-05, 4.72631036246e-05, 3.15905017487e-05, 1.46467418745e-05, 2.02147748496e-05, 5.6215965742e-05, 4.73566178698e-05, 1.8920394723e-05, 2.86196773231e-05, 1.86475772352e-05, 8.34017464513e-06, 8.42181088956e-06, 1.19793285194e-05, 4.76187233289e-06, 2.50427706305e-06, 1.40342956456e-06, 1.43304063727e-07, 1.97738483365e-08, 5.74655256713e-09, 7.64701280076e-09, 7.81389708493e-09, 1.94630942474e-08, 5.47590417455e-09, 1.63586511004e-09, 1.3805373511e-09, 1.30194188763e-09, 1.25205956714e-09, 1.1924843335e-09, 1.13099207777e-09, 1.09582332097e-09, 1.04757758024e-09, 1.01025932064e-09, 9.66056123985e-10, 9.31861365849e-10, 8.97098784147e-10, 8.71720917672e-10, 8.45985170805e-10, 8.20823242709e-10, 7.9085477056e-10, 7.6926182091e-10, 7.50038975372e-10, 7.43611061615e-10, 7.26998017342e-10, 7.1262046264e-10, 7.06862346433e-10, 6.99669655546e-10, 6.95018542718e-10],
        "mean": [1.01670980257e-06, 8.13452516013e-06, 2.78668576357e-05, 5.07604127051e-05, 7.46278674342e-05, 9.70623223111e-05, 0.000224624483963, 0.000291485339403, 0.000279454689007, 0.000264787609922, 0.00029972041375, 0.000188765581697, 0.00010993808246, 0.000105697006802, 0.000180200833711, 0.000272893026704, 0.00025648236624, 0.000212033570278, 0.00038205346209, 0.000565556809306, 0.000287042057607, 0.00017791929713, 0.000116648487165, 0.000153210537974, 0.000142873250297, 0.000116841118142, 0.00022091701976, 0.00010320932779, 0.00023050053278, 0.000177812282345, 6.12420772086e-05, 7.91004131315e-05, 0.000130701388116, 8.31855140859e-05, 0.000193933112314, 0.000112725661893, 7.03563709976e-05, 0.000162162716151, 0.00013688049512, 9.39246310736e-05, 6.48203276796e-05, 0.000124161932035, 6.65941115585e-05, 5.43844580534e-05, 0.000124607337057, 6.23834639555e-05, 3.83331134799e-05, 5.33667771379e-05, 5.62797904422e-05, 8.5464627773e-05, 3.30474540533e-05, 2.84618108708e-05, 4.86482967972e-05, 1.97305380425e-05, 1.53938217409e-05, 2.51820183621e-05, 2.22460585064e-05, 2.93070115731e-05, 1.71084866452e-05, 1.33470830406e-05, 1.85648877959e-05, 1.93825999304e-05, 1.28130159283e-05, 1.19207161333e-05, 2.09076388273e-05, 1.27517459987e-05, 8.09025641502e-06, 1.10416258394e-05, 1.01724590422e-05, 1.22273813759e-05, 8.9651248345e-06, 5.86634951105e-06, 9.16767203307e-06, 9.82642541203e-06, 5.55393307877e-06, 4.87695524498e-06, 5.29101180291e-06, 5.18133674632e-06, 5.46086812392e-06, 4.34796038462e-06, 3.60107810593e-06, 2.78585389424e-06, 3.5929679143e-06, 3.129215429e-06, 2.09882182389e-06, 2.02894784707e-06, 3.61503566637e-06, 2.72982288152e-06, 2.05701735467e-06, 2.19560592996e-06, 1.78769971626e-06, 8.90502064976e-07, 8.45362819746e-07, 6.93277797836e-07, 4.1332467049e-07, 2.36375086615e-07, 1.00621477372e-07, 6.74943745338e-09, 8.85943429729e-10, 4.2773429243e-10, 2.68709166029e-10, 2.7189042684e-10, 2.86515172698e-10, 1.75164840965e-10, 4.17573510492e-11, 6.73647249094e-12, 6.30785137665e-12, 5.8758492863e-12, 5.59489130372e-12, 5.34660640414e-12, 5.15388122804e-12, 4.95154481653e-12, 4.77007192426e-12, 4.58460353014e-12, 4.43137323711e-12, 4.28324173005e-12, 4.14858512127e-12, 4.02850018968e-12, 3.92206406241e-12, 3.80415707615e-12, 3.69747505183e-12, 3.61910631672e-12, 3.58473862573e-12, 3.50028860063e-12, 3.37784617985e-12, 3.22557258681e-12, 3.13048220159e-12, 3.10246728481e-12],
        "min": [2.95704155335e-24, 1.00704870867e-23, 1.24896600034e-23, 1.05336612451e-23, 6.27822958358e-24, 2.81273522795e-24, 1.08601386277e-24, 5.22388542932e-24, 1.88324069706e-23, 1.47151778232e-23, 4.78297055901e-24, 4.87236112134e-24, 9.75916391928e-24, 8.39278583395e-24, 1.22248346644e-23, 4.51309887675e-24, 2.08008578983e-24, 7.71440332079e-24, 1.33561172116e-23, 7.93478660302e-24, 6.37699496892e-24, 2.17795187373e-23, 2.92343268668e-23, 8.81195733114e-24, 2.16939312734e-24, 8.83519875113e-24, 1.53888113937e-23, 3.26943619106e-24, 1.67583894933e-24, 1.96821308612e-24, 1.40383951199e-23, 1.97512674198e-23, 1.02359372509e-23, 1.28577519681e-23, 7.91667672322e-24, 9.4418880075e-24, 6.47641668652e-24, 1.06963922058e-23, 2.52481937801e-23, 1.39987848361e-23, 9.39516298723e-24, 1.10328705698e-23, 7.28776919944e-24, 5.58202749143e-24, 3.46663189305e-24, 2.74811115095e-24, 3.62689450798e-24, 1.04784110051e-23, 6.75262804945e-24, 5.95584895289e-24, 1.40533314123e-23, 7.02817716364e-24, 5.20436112191e-24, 1.11148292735e-23, 5.02277756888e-24, 1.1135294692e-23, 1.26944743268e-23, 1.91961286459e-23, 9.00957014334e-24, 1.12278951293e-23, 6.70177965322e-24, 4.13781250059e-24, 1.31064624566e-23, 1.78052422299e-23, 6.6467037514e-24, 2.64024980495e-24, 6.82222372509e-24, 1.0303857386e-23, 7.10044707775e-24, 6.83214128439e-24, 1.78143425293e-23, 8.64861973641e-24, 4.68112703842e-24, 9.67260221215e-24, 9.3549160927e-24, 1.17318305196e-23, 7.10072791223e-24, 5.253202656e-24, 7.34291925419e-24, 1.05517435148e-23, 1.69842226211e-23, 2.27356165767e-23, 4.84745481041e-24, 1.15664623969e-23, 1.28328641954e-23, 9.5253329252e-24, 2.17451985547e-23, 1.27845085997e-23, 8.67465924603e-24, 1.16815958572e-23, 1.0928980744e-23, 1.02034432814e-23, 1.0949471406e-23, 5.85581271264e-24, 5.4952468754e-24, 1.220666562e-23, 1.07908338445e-23, 6.30225552574e-24, 1.15834670826e-23, 1.33628667055e-23, 9.14853272496e-24, 8.72209345226e-24, 7.73415008697e-24, 1.65023374708e-23, 1.48996308577e-23, 9.90957129491e-24, 8.66637305108e-24, 6.89319754073e-24, 8.96667030959e-24, 6.69144320878e-24, 4.42502452883e-24, 9.5634151854e-24, 1.49416014133e-23, 8.58228915605e-24, 1.45173236195e-23, 1.09567241932e-23, 7.32295160696e-24, 1.19353968651e-23, 1.35827679937e-23, 1.01439473919e-23, 8.61983814628e-24, 9.94323356746e-24, 8.49272346659e-24, 4.34197325273e-24, 1.38307827069e-23, 2.49888242031e-23, 1.29551991669e-23, 7.29568384091e-24],
        "stdev": [1.63875427006e-06, 1.6765536202e-05, 7.1010850661e-05, 0.000152537468239, 0.000210476384382, 0.000236144391238, 0.000715321744792, 0.000851254735608, 0.000586541893426, 0.000498403096572, 0.000483669020468, 0.000295391510008, 0.000231600992265, 0.000176078348886, 0.000289500341751, 0.000463844859041, 0.000443204509793, 0.000360631674994, 0.000652394955978, 0.000992607790977, 0.00063326919917, 0.000389347173041, 0.000194880834897, 0.000219888868742, 0.000216638305574, 0.000179596536327, 0.000380779616535, 0.000173695487319, 0.000474688684335, 0.000306529458612, 0.000128125859192, 0.000123300589621, 0.000203005925869, 0.000186011573533, 0.000329900474753, 0.000220484202146, 0.000148932347656, 0.000448718346888, 0.000262784014922, 0.000194465261302, 0.000129792082589, 0.00021983323677, 0.000116689996503, 0.000102856189187, 0.000245834788075, 9.60832840065e-05, 6.97916548233e-05, 9.32966577238e-05, 0.000103710139228, 0.00014585768804, 5.89120536461e-05, 4.38554852735e-05, 7.85407464718e-05, 3.10681607516e-05, 2.37694912357e-05, 4.79634254589e-05, 3.44541331287e-05, 6.3104009314e-05, 2.52581321547e-05, 1.68308379216e-05, 2.86488048005e-05, 3.07391455863e-05, 2.11441110878e-05, 1.61100469995e-05, 3.03370034089e-05, 2.22266480705e-05, 1.22147212096e-05, 1.77058464033e-05, 2.12430586544e-05, 1.79591588676e-05, 1.44496279972e-05, 8.91236504685e-06, 1.59856663231e-05, 1.42488215715e-05, 7.99768986326e-06, 7.18630872143e-06, 7.6823607742e-06, 8.13669066702e-06, 9.10562084755e-06, 6.26826977168e-06, 5.3225044212e-06, 3.96212681153e-06, 5.20216553923e-06, 4.60500950794e-06, 2.67031327894e-06, 2.86620820589e-06, 5.81257427257e-06, 4.71715111416e-06, 3.01841282635e-06, 3.2924374409e-06, 2.56405564869e-06, 1.36413075325e-06, 1.27462510591e-06, 1.16039370823e-06, 6.56855206671e-07, 3.64001351727e-07, 1.59347294471e-07, 1.26286456847e-08, 1.60284496786e-09, 5.6799598358e-10, 4.68042993251e-10, 5.3719034776e-10, 9.83141790201e-10, 3.14333309381e-10, 8.92510440553e-11, 5.90847232251e-11, 5.57248518163e-11, 5.35937613733e-11, 5.10456781011e-11, 4.8417509585e-11, 4.69040674356e-11, 4.48400067077e-11, 4.32395785843e-11, 4.13505653329e-11, 3.98864795359e-11, 3.83995162057e-11, 3.73112721275e-11, 3.62087131112e-11, 3.51320326997e-11, 3.3852424336e-11, 3.29303563584e-11, 3.21083021282e-11, 3.18268952859e-11, 3.11177195123e-11, 3.05071107265e-11, 3.02638851479e-11, 2.99589901498e-11, 2.97606037036e-11]
    },
    "mfcc": {
        "mean": [-686.511291504, 117.903083801, -59.448184967, 22.2195205688, -34.4336853027, 18.6794681549, -29.6364498138, 14.336643219, -21.9071006775, 12.674238205, -16.3805789948, 5.78564929962, -12.1045541763],
        "cov": [[15331.0380859, 1312.90405273, -513.198059082, 835.238830566, -2076.75805664, 615.364440918, -1407.2166748, -162.297241211, -1445.16821289, 403.239349365, -920.155578613, 589.105407715, -567.673522949], [1312.90405273, 784.854309082, 193.978912354, 87.8592681885, -25.8453731537, 41.9156036377, -146.049758911, -154.564697266, -138.370040894, -79.8071289062, -21.3510742188, 53.4583778381, -43.9816551208], [-513.198059082, 193.978912354, 347.623291016, 97.644821167, 105.380226135, -42.7457008362, 33.6351394653, -38.6902656555, 42.059463501, -48.0023078918, 28.2640705109, -21.1653671265, -0.27480661869], [835.238830566, 87.8592681885, 97.644821167, 191.63142395, -111.738273621, 19.3389892578, -63.3644981384, 6.86273479462, -54.9173927307, 33.3535957336, -63.1068992615, -6.17320203781, -32.3403015137], [-2076.75805664, -25.8453731537, 105.380226135, -111.738273621, 412.865142822, -28.9364242554, 203.493453979, -10.6473855972, 190.735794067, -89.757850647, 143.249679565, -67.7862701416, 81.0850830078], [615.364440918, 41.9156036377, -42.7457008362, 19.3389892578, -28.9364242554, 155.172332764, -41.0562438965, -30.6293754578, -83.6572494507, -4.22379350662, -24.6341133118, 66.1158828735, -19.8343219757], [-1407.2166748, -146.049758911, 33.6351394653, -63.3644981384, 203.493453979, -41.0562438965, 205.540542603, 60.4049987793, 157.27494812, -18.6234836578, 86.4247207642, -74.1667556763, 65.9066925049], [-162.297241211, -154.564697266, -38.6902656555, 6.86273479462, -10.6473855972, -30.6293754578, 60.4049987793, 120.352249146, 63.7874488831, 56.7893486023, 4.90805482864, -27.5849170685, 7.67153072357], [-1445.16821289, -138.370040894, 42.059463501, -54.9173927307, 190.735794067, -83.6572494507, 157.27494812, 63.7874488831, 214.841812134, 6.29186439514, 98.4521560669, -86.8061141968, 67.3487548828], [403.239349365, -79.8071289062, -48.0023078918, 33.3535957336, -89.757850647, -4.22379350662, -18.6234836578, 56.7893486023, 6.29186439514, 101.811859131, -18.8081321716, -0.923714756966, -13.0797624588], [-920.155578613, -21.3510742188, 28.2640705109, -63.1068992615, 143.249679565, -24.6341133118, 86.4247207642, 4.90805482864, 98.4521560669, -18.8081321716, 113.252334595, -9.72073173523, 42.6749839783], [589.105407715, 53.4583778381, -21.1653671265, -6.17320203781, -67.7862701416, 66.1158828735, -74.1667556763, -27.5849170685, -86.8061141968, -0.923714756966, -9.72073173523, 124.452713013, -20.1071014404], [-567.673522949, -43.9816551208, -0.27480661869, -32.3403015137, 81.0850830078, -19.8343219757, 65.9066925049, 7.67153072357, 67.3487548828, -13.0797624588, 42.6749839783, -20.1071014404, 72.1520767212]],
        "icov": [[0.0012790360488, -0.00187896634452, 0.00149919255637, -0.00181040982716, 0.00233366852626, -0.00169117434416, 0.00154753238894, -0.00156542530749, 0.0019718578551, -0.00182000268251, 0.00207841861993, -0.00078759144526, 0.000158069829922], [-0.00187896634452, 0.00499680824578, -0.00323113566265, 0.00230359146371, -0.00377773912624, 0.00239765504375, -0.000741739291698, 0.00339860352688, -0.00174006028101, 0.00312030594796, -0.00421008002013, 0.00171856430825, -0.000337470351951], [0.00149919255637, -0.00323113566265, 0.00825230032206, -0.00741597963497, 0.00102441431955, 0.000956243020482, -0.000515633379109, 0.000411521701608, 0.000686403887812, -0.000778643530793, 0.00259879161604, -0.00372448470443, 0.00271506421268], [-0.00181040982716, 0.00230359146371, -0.00741597963497, 0.0145874163136, -0.000825226306915, -0.00138018082362, 0.000272940320428, -0.000802580616437, -0.00225605675951, 0.000251439836575, -0.000509764766321, 0.00537736015394, -0.00199393718503], [0.00233366852626, -0.00377773912624, 0.00102441431955, -0.000825226306915, 0.0145671218634, -0.00634589930996, -0.00165629340336, -0.000785371987149, -0.00157023465727, 0.00151567719877, 0.000385138409911, -9.33819319471e-05, 0.000659877550788], [-0.00169117434416, 0.00239765504375, 0.000956243020482, -0.00138018082362, -0.00634589930996, 0.0141661884263, -0.00549193564802, 0.00464104767889, 0.00178631115705, 0.000589684350416, -0.00146224023774, -0.00485248770565, 0.00104182586074], [0.00154753238894, -0.000741739291698, -0.000515633379109, 0.000272940320428, -0.00165629340336, -0.00549193564802, 0.022742126137, -0.0108373928815, 0.000260287255514, 0.00063480285462, -0.000832115125377, 0.00530469417572, -0.00558329047635], [-0.00156542530749, 0.00339860352688, 0.000411521701608, -0.000802580616437, -0.000785371987149, 0.00464104767889, -0.0108373928815, 0.022472506389, -0.00743531901389, -0.00463755289093, 0.000610362971202, -0.00291855609976, 0.00399081688374], [0.0019718578551, -0.00174006028101, 0.000686403887812, -0.00225605675951, -0.00157023465727, 0.00178631115705, 0.000260287255514, -0.00743531901389, 0.0269891899079, -0.00859310105443, -0.005503710825, 0.0055315932259, -0.00570021849126], [-0.00182000268251, 0.00312030594796, -0.000778643530793, 0.000251439836575, 0.00151567719877, 0.000589684350416, 0.00063480285462, -0.00463755289093, -0.00859310105443, 0.022878607735, -0.00517467642203, 0.00104549247772, 0.0015849241754], [0.00207841861993, -0.00421008002013, 0.00259879161604, -0.000509764766321, 0.000385138409911, -0.00146224023774, -0.000832115125377, 0.000610362971202, -0.005503710825, -0.00517467642203, 0.0273404940963, -0.00889413617551, -0.00102218450047], [-0.00078759144526, 0.00171856430825, -0.00372448470443, 0.00537736015394, -9.33819319471e-05, -0.00485248770565, 0.00530469417572, -0.00291855609976, 0.0055315932259, 0.00104549247772, -0.00889413617551, 0.0183684937656, -0.00311152986251], [0.000158069829922, -0.000337470351951, 0.00271506421268, -0.00199393718503, 0.000659877550788, 0.00104182586074, -0.00558329047635, 0.00399081688374, -0.00570021849126, 0.0015849241754, -0.00102218450047, -0.00311152986251, 0.0235801972449]]
    },
    "spectral_contrast_coeffs": {
        "max": [-0.498059421778, -0.549701213837, -0.592329919338, -0.652684569359, -0.67801886797, -0.510212600231],
        "mean": [-0.702848017216, -0.79840785265, -0.781649947166, -0.800458014011, -0.795959949493, -0.626728117466],
        "min": [-0.967896699905, -0.971491038799, -0.954628109932, -0.962162494659, -0.968204140663, -0.957604646683],
        "stdev": [0.0919885858893, 0.0696643814445, 0.0712758526206, 0.0578591711819, 0.0416048951447, 0.0853957906365]
    },
    "spectral_contrast_valleys": {
        "max": [-5.58118247986, -4.68610811234, -5.41951704025, -5.59393358231, -6.14004659653, -10.6182699203],
        "mean": [-8.18557548523, -6.86389732361, -7.27558612823, -7.34702730179, -7.61604595184, -12.1082715988],
        "min": [-27.2563667297, -27.0601940155, -27.4818153381, -27.3259429932, -27.1111793518, -27.2860469818],
        "stdev": [1.51869678497, 1.71696782112, 1.48868262768, 1.41734707355, 1.46728563309, 0.921127557755]
    }
},
"rhythm": {
    "beats_count": 20,
    "beats_loudness": {
        "max": 0.0514155700803,
        "mean": 0.0198000073433,
        "min": 1.93504583876e-05,
        "stdev": 0.0160980541259
    },
    "bpm": 96.5726165771,
    "bpm_histogram_first_peak_bpm": 98,
    "bpm_histogram_first_peak_weight": 0.47058826685,
    "bpm_histogram_second_peak_bpm": 92,
    "bpm_histogram_second_peak_spread": 0,
    "bpm_histogram_second_peak_weight": 0.105263158679,
    "danceability": 1.02688479424,
    "onset_rate": 3.29169988632,
    "beats_loudness_band_ratio": {
        "max": [0.680277526379, 0.376567691565, 0.691642820835, 0.434598237276, 0.752124667168, 0.191368162632],
        "mean": [0.112468019128, 0.129180878401, 0.215181678534, 0.250239193439, 0.251704275608, 0.0893211811781],
        "min": [0.0036923957523, 0.00194492400624, 0.0132292630151, 0.0138108115643, 0.0477048121393, 0.0118537228554],
        "stdev": [0.150131851435, 0.103756546974, 0.163413226604, 0.1162840873, 0.157822996378, 0.041593670845]
    },
    "beats_position": [0.626938760281, 1.26548755169, 1.91564619541, 2.56580495834, 3.19274377823, 3.83129239082, 4.45823097229, 5.08516979218, 5.72371864319, 6.32743740082, 6.9543762207, 7.58131504059, 8.19664382935, 8.8119726181, 9.42730140686, 10.0426301956, 10.6579589844, 11.261677742, 11.8770065308, 12.4923353195],
