{
"metadata": {
    "version": {
        "essentia": "2.1-beta5",
        "essentia_git_sha": "Undefined",
        "extractor": "music 2.0"
    },
    "audio_properties": {
        "analysis": {
            "equal_loudness": 0,
            "length": 19.945941925,
            "sample_rate": 44100,
            "start_time": 175.240997314,
            "downmix": "mix"
        },
        "bit_rate": 192000,
        "length": 195.210159302,
        "lossless": 0,
        "number_channels": 2,
        "replay_gain": -6.1533870697,
        "sample_rate": 48000,
        "codec": "mp3",
        "md5_encoded": "c5af86f4bf28a8f5951c3e82c1825ff3"
    },
    "tags": {
        "file_name": "France_Printemps (avril Carillonne)_Jean-Paul Mauric.mp3",
        "encoding": ["Lavf58.29.100"]
    }
},
"lowlevel": {
    "average_loudness": 0.922479391098,
    "barkbands_crest": {
        "max": 24.458026886,
        "mean": 8.37071037292,
        "min": 2.37880373001,
        "stdev": 3.82302975655
    },
    "barkbands_flatness_db": {
        "max": 0.332699298859,
        "mean": 0.194102779031,
        "min": 0.109723605216,
        "stdev": 0.0438673570752
    },
    "barkbands_kurtosis": {
        "max": 11.0718603134,
        "mean": 0.663088679314,
        "min": -1.78186440468,
        "stdev": 1.75369250774
    },
    "barkbands_skewness": {
        "max": 3.04063272476,
        "mean": 0.619671046734,
        "min": -1.54320180416,
        "stdev": 0.639916956425
    },
    "barkbands_spread": {
        "max": 121.620582581,
        "mean": 15.2854948044,
        "min": 3.20902276039,
        "stdev": 7.22375679016
    },
    "dissonance": {
        "max": 0.499999552965,
        "mean": 0.463075578213,
        "min": 0.31477689743,
        "stdev": 0.0325767993927
    },
    "dynamic_complexity": 4.2086391449,
    "erbbands_crest": {
        "max": 24.3408641815,
        "mean": 9.14109992981,
        "min": 3.04952168465,
        "stdev": 3.92459392548
    },
    "erbbands_flatness_db": {
        "max": 0.384582519531,
        "mean": 0.265154272318,
        "min": 0.0509935095906,
        "stdev": 0.0427054092288
    },
    "erbbands_kurtosis": {
        "max": 7.80311012268,
        "mean": 0.222789779305,
        "min": -1.81949818134,
        "stdev": 1.26627910137
    },
    "erbbands_skewness": {
        "max": 2.05817627907,
        "mean": 0.379353612661,
        "min": -2.14076399803,
        "stdev": 0.560974776745
    },
    "erbbands_spread": {
        "max": 72.5803985596,
        "mean": 22.2922229767,
        "min": 6.13575077057,
        "stdev": 7.82722139359
    },
    "hfc": {
        "max": 81.2213287354,
        "mean": 21.9307231903,
        "min": 9.95062350739e-07,
        "stdev": 18.0659561157
    },
    "loudness_ebu128": {
        "integrated": -18.3673305511,
        "loudness_range": 7.49465942383,
        "momentary": {
            "max": -14.187541008,
            "mean": -20.4613437653,
            "min": -34.3833312988,
            "stdev": 4.82265090942
        },
        "short_term": {
            "max": -16.6139717102,
            "mean": -18.9719619751,
            "min": -27.9313373566,
            "stdev": 2.94155025482
        }
    },
    "melbands_crest": {
        "max": 36.7028808594,
        "mean": 10.1972522736,
        "min": 3.09785652161,
        "stdev": 5.04559326172
    },
    "melbands_flatness_db": {
        "max": 0.319613188505,
        "mean": 0.170417487621,
        "min": 0.0682364031672,
        "stdev": 0.0500638969243
    },
    "melbands_kurtosis": {
        "max": 19.1073360443,
        "mean": 2.436866045,
        "min": -1.62356507778,
        "stdev": 2.77941966057
    },
    "melbands_skewness": {
        "max": 4.05445432663,
        "mean": 1.05777513981,
        "min": -0.751006245613,
        "stdev": 0.714570820332
    },
    "melbands_spread": {
        "max": 124.576324463,
        "mean": 25.8372840881,
        "min": 6.22883081436,
        "stdev": 11.7297964096
    },
    "pitch_salience": {
        "max": 0.864112973213,
        "mean": 0.661512851715,
        "min": 0.0929313451052,
        "stdev": 0.105186671019
    },
    "silence_rate_20dB": {
        "max": 1,
        "mean": 1,
        "min": 1,
        "stdev": 0
    },
    "silence_rate_30dB": {
        "max": 1,
        "mean": 1,
        "min": 1,
        "stdev": 0
    },
    "silence_rate_60dB": {
        "max": 1,
        "mean": 0.245348840952,
        "min": 0,
        "stdev": 0.430293977261
    },
    "spectral_centroid": {
        "max": 4091.22192383,
        "mean": 1763.74645996,
        "min": 627.98449707,
        "stdev": 490.074127197
    },
    "spectral_complexity": {
        "max": 49,
        "mean": 19.1499996185,
        "min": 0,
        "stdev": 12.0934114456
    },
    "spectral_decrease": {
        "max": -4.39236577948e-17,
        "mean": -4.01311428533e-09,
        "min": -1.35486999397e-08,
        "stdev": 3.12297099292e-09
    },
    "spectral_energy": {
        "max": 0.0558320507407,
        "mean": 0.0171355996281,
        "min": 2.56033527712e-10,
        "stdev": 0.013342032209
    },
    "spectral_energyband_high": {
        "max": 0.00343917030841,
        "mean": 0.000446719379397,
        "min": 7.2222679226e-11,
        "stdev": 0.000613028183579
    },
    "spectral_energyband_low": {
        "max": 0.00765924714506,
        "mean": 0.000222838672926,
        "min": 8.49946293902e-11,
        "stdev": 0.00060651707463
    },
    "spectral_energyband_middle_high": {
        "max": 0.0388152822852,
        "mean": 0.0100414697081,
        "min": 7.12091280039e-12,
        "stdev": 0.00878631696105
    },
    "spectral_energyband_middle_low": {
        "max": 0.0429953858256,
        "mean": 0.00671732053161,
        "min": 4.39881985004e-12,
        "stdev": 0.00635847775266
    },
    "spectral_entropy": {
        "max": 8.89107990265,
        "mean": 7.47480010986,
        "min": 6.30219316483,
        "stdev": 0.409901112318
    },
    "spectral_flux": {
        "max": 0.198984384537,
        "mean": 0.0688313692808,
        "min": 2.05978103622e-05,
        "stdev": 0.0378316231072
    },
    "spectral_kurtosis": {
        "max": 30.9621276855,
        "mean": 4.24697875977,
        "min": -0.219099521637,
        "stdev": 3.82893466949
    },
    "spectral_rms": {
        "max": 0.00738039938733,
        "mean": 0.00364773604088,
        "min": 4.99788768593e-07,
        "stdev": 0.0018470629584
    },
    "spectral_rolloff": {
        "max": 13350.5859375,
        "mean": 2104.5949707,
        "min": 21.533203125,
        "stdev": 857.442626953
    },
    "spectral_skewness": {
        "max": 3.17527461052,
        "mean": 1.20350170135,
        "min": -0.0832913964987,
        "stdev": 0.408802062273
    },
    "spectral_spread": {
        "max": 12281974,
        "mean": 2783876.5,
        "min": 1514712.75,
        "stdev": 640652.875
    },
    "spectral_strongpeak": {
        "max": 9.95321559906,
        "mean": 1.76275086403,
        "min": 0,
        "stdev": 1.70155537128
    },
    "zerocrossingrate": {
        "max": 0.3349609375,
        "mean": 0.071659244597,
        "min": 0.017578125,
        "stdev": 0.0220185033977
    },
    "barkbands": {
        "max": [2.99774110317e-05, 0.00311444653198, 0.00345233781263, 0.00993863400072, 0.00791013240814, 0.00732716731727, 0.022590238601, 0.026846550405, 0.0369872711599, 0.00740531086922, 0.0130633227527, 0.0331305377185, 0.0189353395253, 0.0235858354717, 0.0121749155223, 0.00381126906723, 0.0107851577923, 0.00765402568504, 0.00496625714004, 0.00201369542629, 0.00124364823569, 0.00119538896251, 0.00109025253914, 0.00025197074865, 3.51548720801e-07, 1.56693040765e-08, 9.29412902195e-09],
        "mean": [1.11670101433e-06, 6.75989431329e-05, 8.87297646841e-05, 0.000172799977008, 0.000680649885908, 0.000516317610163, 0.00119938305579, 0.0023149929475, 0.00151253421791, 0.00124908832368, 0.000897612771951, 0.00304700969718, 0.000847429619171, 0.000908214075025, 0.000526918622199, 0.000411719782278, 0.000743769400287, 0.00100758497138, 0.000420127034886, 0.00016414836864, 0.000149001687532, 0.000110649976705, 8.07619217085e-05, 1.74168308149e-05, 3.17199457811e-08, 5.65626656623e-10, 5.858562524e-10],
        "min": [1.43113770834e-10, 5.81555029827e-12, 4.14534637898e-14, 4.4686446248e-14, 4.96423140496e-14, 3.4610603771e-13, 2.40455767277e-13, 2.46370740649e-13, 2.54325179623e-13, 3.53585975603e-13, 5.6415814945e-13, 4.92623520101e-13, 3.88325737668e-13, 1.03441192244e-12, 3.47965688381e-13, 4.1904394993e-13, 4.77348520954e-13, 9.84135299295e-13, 1.29882508828e-12, 2.83072870699e-12, 1.67331502387e-12, 1.8400090479e-12, 3.41360186645e-12, 4.15987079852e-12, 1.20158136913e-11, 2.26263955488e-11, 2.52789022354e-11],
        "stdev": [1.9942583549e-06, 0.000229712517466, 0.000252736354014, 0.000581972592045, 0.000954537536018, 0.000847847550176, 0.00243436498567, 0.00317339948379, 0.00357980770059, 0.00142047158442, 0.00160703936126, 0.00441809184849, 0.00152670871466, 0.00282845296897, 0.0008778385818, 0.000566704256926, 0.0014062973205, 0.00129507516976, 0.000581452797633, 0.000247697433224, 0.000192995910766, 0.000174873275682, 0.00012745973072, 2.93406010314e-05, 2.72671201174e-08, 1.13719700323e-09, 1.07119224602e-09]
    },
    "erbbands": {
        "max": [0.0304646659642, 0.884183108807, 2.8171672821, 17.4348087311, 20.0702152252, 29.1968536377, 40.6312446594, 71.8282089233, 275.490264893, 592.065246582, 625.803955078, 1100.26904297, 315.863800049, 267.753356934, 739.382446289, 1001.01287842, 753.960754395, 801.626708984, 892.536621094, 326.346008301, 317.425628662, 674.66809082, 452.65447998, 318.629699707, 350.253173828, 76.9529876709, 52.0608177185, 58.9651832581, 39.4373092651, 36.3250694275, 27.6276340485, 10.0747232437, 1.35699892044, 0.0415968447924, 0.0030229112599, 0.000392084737541, 0.000101749668829, 3.31168448611e-05, 3.41863087669e-05, 6.77219723002e-05],
        "mean": [0.00104131340049, 0.0191154144704, 0.0922206416726, 0.353304922581, 1.3591196537, 2.25111341476, 3.03433346748, 5.12966775894, 14.1615142822, 29.5546760559, 48.1071090698, 39.8176727295, 36.0650939941, 30.0961818695, 94.3564605713, 83.422958374, 40.5361022949, 40.0716705322, 40.5657653809, 24.333738327, 23.0256767273, 45.6587104797, 59.4761810303, 30.0466499329, 14.7796907425, 8.39742660522, 7.00844192505, 5.37399673462, 3.77018427849, 3.23544120789, 2.0944211483, 0.743607580662, 0.107173994184, 0.00385258370079, 0.000342938583344, 5.27647134732e-05, 1.83885367733e-05, 6.76697891322e-06, 1.13259939098e-05, 2.18383029278e-05],
        "min": [1.91037741182e-09, 2.99657409997e-10, 8.94690849185e-11, 9.94818047384e-11, 1.1117419485e-10, 2.29978869282e-10, 3.68165775644e-10, 3.68466812617e-09, 4.35763114481e-09, 5.11923170521e-09, 4.58054039143e-09, 5.01288299759e-09, 1.12610774039e-08, 1.44218104126e-08, 2.60767105686e-08, 1.58324535704e-08, 1.85943527242e-08, 5.66498279397e-08, 1.9971931664e-08, 1.91596800647e-08, 2.4848294089e-08, 3.06646015247e-08, 4.69575027751e-08, 7.15314456556e-08, 6.41455741857e-08, 1.46655878552e-07, 7.57511458005e-08, 6.99030735518e-08, 6.36322283754e-08, 8.22280199486e-08, 9.57625445608e-08, 7.7893069772e-08, 7.46775299376e-08, 1.27049190723e-07, 8.3929158734e-08, 7.7806895149e-08, 4.31000373169e-08, 1.3735317772e-08, 4.5915511393e-09, 2.98599450721e-10],
        "stdev": [0.00273568835109, 0.0657334923744, 0.260701060295, 1.10116052628, 2.63537359238, 3.1979534626, 4.66425895691, 8.43987369537, 24.7440452576, 46.730682373, 64.7189712524, 101.059532166, 41.4254341125, 31.3265113831, 124.746398926, 113.217727661, 64.3809967041, 81.8035507202, 87.7085037231, 36.8577766418, 34.9571075439, 83.4280700684, 74.5913925171, 41.689907074, 25.26121521, 12.3864269257, 9.08947944641, 7.47695350647, 5.78010129929, 5.13721513748, 3.25085616112, 1.22898280621, 0.173101484776, 0.00514399865642, 0.000312547752401, 5.6663826399e-05, 1.76067205757e-05, 6.37387574898e-06, 8.92006119102e-06, 1.70314815477e-05]
    },
    "gfcc": {
        "mean": [-79.5140380859, 115.821182251, -217.980529785, 27.0999202728, -85.3988571167, -5.01719331741, -21.5956230164, -18.6537952423, 2.91824603081, -30.0078105927, 7.64720201492, -11.4664812088, -8.22310638428],
        "cov": [[8741.46875, 1007.11071777, -770.154541016, 256.386291504, -480.544342041, -341.692047119, 282.044067383, -476.195983887, 4.10131454468, -552.124511719, -3.39808726311, -82.3235244751, -238.743164062], [1007.11071777, 813.539489746, 313.153778076, -23.1386966705, -76.6768188477, -235.131240845, -51.846736908, -33.2882423401, -100.735671997, -140.173355103, 4.92114877701, -56.515171051, -55.3509788513], [-770.154541016, 313.153778076, 546.375793457, 88.7821121216, -14.9289522171, -51.5673103333, -56.5649871826, 34.3393058777, -107.412605286, 0.871568977833, -9.56979179382, -29.6641807556, 7.9205493927], [256.386291504, -23.1386966705, 88.7821121216, 298.795593262, 26.2136440277, 160.6925354, -24.637670517, -85.9367141724, -2.61407017708, 31.8386611938, -29.8598060608, -38.2077598572, 51.8579063416], [-480.544342041, -76.6768188477, -14.9289522171, 26.2136440277, 182.597091675, 98.1455841064, -38.9821243286, 16.8865337372, 51.9210319519, 71.377166748, -10.8287010193, -2.99637889862, 9.29656219482], [-341.692047119, -235.131240845, -51.5673103333, 160.6925354, 98.1455841064, 330.655456543, 32.6758918762, -34.917137146, 31.4697799683, 89.0131149292, -5.43435144424, -9.68495559692, 80.3863983154], [282.044067383, -51.846736908, -56.5649871826, -24.637670517, -38.9821243286, 32.6758918762, 216.253189087, 67.2965698242, -31.1020717621, -75.6519470215, 29.7303962708, 61.329826355, -36.2733306885], [-476.195983887, -33.2882423401, 34.3393058777, -85.9367141724, 16.8865337372, -34.917137146, 67.2965698242, 138.758483887, 3.0196352005, -10.1836051941, 27.0268974304, 37.9663314819, -24.4195041656], [4.10131454468, -100.735671997, -107.412605286, -2.61407017708, 51.9210319519, 31.4697799683, -31.1020717621, 3.0196352005, 106.023117065, 71.8302230835, -11.4785442352, -13.026968956, 7.82877779007], [-552.124511719, -140.173355103, 0.871568977833, 31.8386611938, 71.377166748, 89.0131149292, -75.6519470215, -10.1836051941, 71.8302230835, 141.813323975, -0.452153980732, -23.6741104126, 43.2084541321], [-3.39808726311, 4.92114877701, -9.56979179382, -29.8598060608, -10.8287010193, -5.43435144424, 29.7303962708, 27.0268974304, -11.4785442352, -0.452153980732, 60.8841552734, 37.8313522339, -14.3728923798], [-82.3235244751, -56.515171051, -29.6641807556, -38.2077598572, -2.99637889862, -9.68495559692, 61.329826355, 37.9663314819, -13.026968956, -23.6741104126, 37.8313522339, 69.8929595947, -6.62834501266], [-238.743164062, -55.3509788513, 7.9205493927, 51.8579063416, 9.29656219482, 80.3863983154, -36.2733306885, -24.4195041656, 7.82877779007, 43.2084541321, -14.3728923798, -6.62834501266, 90.4368057251]],
        "icov": [[0.000781337323133, -0.00105582154356, 0.0012690135045, -0.00128735869657, 0.000896692392416, 0.000453744403785, -0.00124578212854, 0.00225397595204, -0.00233621522784, 0.00217809109017, -0.00136863032822, 0.000978442025371, 0.000672734167892], [-0.00105582154356, 0.00557977054268, -0.00485137896612, 0.00269204564393, -0.00366799812764, 0.00179268151987, 0.000542008259799, 0.000270510470727, -0.000632802839391, 0.00439730333164, -0.00572146289051, 0.00624654768035, -0.00391455926001], [0.0012690135045, -0.00485137896612, 0.00844896957278, -0.00511571438983, 0.00312689854763, 0.000589253846556, -0.00036073528463, -0.00210655434057, 0.00562939606607, -0.00551020726562, 0.00476397154853, -0.00300732045434, 0.00369761767797], [-0.00128735869657, 0.00269204564393, -0.00511571438983, 0.00931934732944, -0.0018463114975, -0.0037686584983, 0.00144110992551, 0.0011539706029, 9.06674995349e-06, 0.000570221629459, 0.000584976281971, 0.000747003068682, -0.00234292866662], [0.000896692392416, -0.00366799812764, 0.00312689854763, -0.0018463114975, 0.0127542549744, -0.00551208807155, 0.00354633200914, -0.00234024599195, -0.00219395500608, -0.00371499289759, 0.00794286932796, -0.0088704014197, 0.00786303542554], [0.000453744403785, 0.00179268151987, 0.000589253846556, -0.0037686584983, -0.00551208807155, 0.0113653456792, -0.00711598107591, 0.00421450939029, -9.44624844124e-05, 0.000353012525011, -0.00761243375018, 0.00897270347923, -0.00756007898599], [-0.00124578212854, 0.000542008259799, -0.00036073528463, 0.00144110992551, 0.00354633200914, -0.00711598107591, 0.0149745177478, -0.010003038682, 0.0046977722086, -0.000725441379473, 0.00710676657036, -0.0116077456623, 0.00573263084516], [0.00225397595204, 0.000270510470727, -0.00210655434057, 0.0011539706029, -0.00234024599195, 0.00421450939029, -0.010003038682, 0.0239045824856, -0.0148560302332, 0.0130348857492, -0.0132650276646, 0.00753032555804, -0.00192241929471], [-0.00233621522784, -0.000632802839391, 0.00562939606607, 9.06674995349e-06, -0.00219395500608, -9.44624844124e-05, 0.0046977722086, -0.0148560302332, 0.03768254444, -0.0289430823177, 0.0183495208621, -0.00936868879944, 0.00392529647797], [0.00217809109017, 0.00439730333164, -0.00551020726562, 0.000570221629459, -0.00371499289759, 0.000353012525011, -0.000725441379473, 0.0130348857492, -0.0289430823177, 0.042561814189, -0.026576153934, 0.0201231259853, -0.00868463981897], [-0.00136863032822, -0.00572146289051, 0.00476397154853, 0.000584976281971, 0.00794286932796, -0.00761243375018, 0.00710676657036, -0.0132650276646, 0.0183495208621, -0.026576153934, 0.0488473549485, -0.0343633815646, 0.0137047348544], [0.000978442025371, 0.00624654768035, -0.00300732045434, 0.000747003068682, -0.0088704014197, 0.00897270347923, -0.0116077456623, 0.00753032555804, -0.00936868879944, 0.0201231259853, -0.0343633815646, 0.0489316731691, -0.0141232581809], [0.000672734167892, -0.00391455926001, 0.00369761767797, -0.00234292866662, 0.00786303542554, -0.00756007898599, 0.00573263084516, -0.00192241929471, 0.00392529647797, -0.00868463981897, 0.0137047348544, -0.0141232581809, 0.0241014268249]]
    },
    "melbands": {
        "max": [0.000579716055654, 0.00150581402704, 0.0031623437535, 0.00202653091401, 0.00130038452335, 0.00168902636506, 0.00417697988451, 0.00626392522827, 0.00438367715105, 0.00736289843917, 0.00153752765618, 0.00107339897659, 0.00194975011982, 0.00501872366294, 0.0027992373798, 0.00202678865753, 0.00185093237087, 0.00209734286182, 0.00111007061787, 0.000342798681231, 0.000486763485242, 0.000895342847798, 0.000630658876617, 0.000419201300247, 0.000308586575557, 0.000248016323894, 0.000161729592946, 5.21366528119e-05, 3.20357576129e-05, 3.51415001205e-05, 3.41157247021e-05, 2.32489310292e-05, 2.00318063435e-05, 2.36481519096e-05, 1.86078941624e-05, 1.03531265268e-05, 4.84153133584e-06, 1.09061693365e-06, 3.11663193031e-08, 1.94098759287e-09],
        "mean": [1.42392864291e-05, 4.21076911152e-05, 8.98748548934e-05, 0.000135332113132, 0.000107270585431, 0.000113540038001, 0.000229095574468, 0.000396720861318, 0.000365118641639, 0.000234510240261, 0.000180503018782, 0.000123481382616, 0.000221373091335, 0.000408109423006, 8.18435437395e-05, 8.40290522319e-05, 7.73808351369e-05, 7.38822200219e-05, 3.73124566977e-05, 3.09540482704e-05, 2.44780894718e-05, 4.43994322268e-05, 6.19811908109e-05, 4.09356107411e-05, 2.3242106181e-05, 1.26870454551e-05, 6.81596930008e-06, 5.27500151293e-06, 4.52022823083e-06, 3.60899366569e-06, 3.14648605126e-06, 2.19764319809e-06, 1.80356641977e-06, 1.82362873602e-06, 1.32963066335e-06, 7.07821072865e-07, 3.51347807737e-07, 8.81107311557e-08, 2.19313789351e-09, 4.11006201295e-10],
        "min": [1.90123177618e-11, 4.054990664e-14, 1.60519113192e-14, 1.14411094937e-14, 1.05408345965e-14, 8.67062633714e-14, 6.7554001401e-14, 5.86284560939e-14, 4.03066015081e-14, 3.06070341055e-14, 5.51402829375e-14, 5.18163460815e-14, 8.32708874727e-14, 6.53809756443e-14, 2.38511823275e-14, 6.71310338048e-14, 1.04694200629e-13, 3.10448722122e-14, 2.75137510973e-14, 2.20834381191e-14, 3.09073343904e-14, 3.25917576618e-14, 2.41933954966e-14, 5.83611053906e-14, 5.76145034459e-14, 4.86164385659e-14, 5.22207229986e-14, 1.15148423565e-13, 4.25277895582e-14, 5.39997564622e-14, 3.14090760508e-14, 3.88873097135e-14, 3.14790985704e-14, 5.37952183342e-14, 5.81135820347e-14, 5.26544072558e-14, 4.75151263279e-14, 5.050058543e-14, 6.46433861301e-14, 1.28021942006e-13],
        "stdev": [4.48303908342e-05, 0.000120449381939, 0.000219314359128, 0.000212538885535, 0.000152149339556, 0.000185660217539, 0.000421631732024, 0.000557828461751, 0.000485773955006, 0.000643919513095, 0.000210973041249, 0.000133388573886, 0.00030500095454, 0.00061085872585, 0.000168719503563, 0.000141662021633, 0.00019651625189, 0.000203282063012, 7.0814807259e-05, 4.40562798758e-05, 4.38585921074e-05, 0.000107036175905, 7.38846720196e-05, 5.85989109823e-05, 3.56361306331e-05, 1.89897200471e-05, 1.37277802423e-05, 7.90101148596e-06, 5.85182942814e-06, 5.12994620294e-06, 4.69044471174e-06, 3.37238407155e-06, 2.97725227938e-06, 2.9939558317e-06, 2.05990772884e-06, 1.1943179743e-06, 5.87028011978e-07, 1.47008904605e-07, 3.20916715424e-09, 3.79327430577e-10]
    },
    "melbands128": {
        "max": [2.84433317574e-05, 0.000129152889713, 0.000691539200488, 0.00181806168985, 0.00141351495404, 0.00190532905981, 0.00349552556872, 0.00518877664581, 0.00264574051835, 0.00330198509619, 0.00153925421182, 0.00187102588825, 0.00178923737258, 0.00116688758135, 0.00204108236358, 0.00358479376882, 0.0037925876677, 0.00783096067607, 0.00901206489652, 0.00876826047897, 0.00592441717163, 0.0102175753564, 0.00522740045562, 0.00611664075404, 0.0108145931736, 0.0112307397649, 0.00309462239966, 0.00194982299581, 0.00208354531787, 0.00127509539016, 0.00147158920299, 0.00232541840523, 0.00402160640806, 0.00475930096582, 0.00712486263365, 0.00712718022987, 0.00241546495818, 0.00412927940488, 0.00392522709444, 0.00327203562483, 0.00257344357669, 0.00144568795804, 0.0021243924275, 0.00560407154262, 0.00667016534135, 0.000852762546856, 0.00104197533801, 0.00256605818868, 0.000524988223333, 0.000797311484348, 0.000502466224134, 0.000481130322441, 0.000570612435695, 0.00122271559667, 0.00164532777853, 0.00193553522695, 0.00146699661855, 0.000624573091045, 0.00134164339397, 0.00112170760985, 0.000606195884757, 0.000504368625116, 0.000361319544027, 0.000683351303451, 0.000475590175483, 0.000145703234011, 0.000752379768528, 0.000415930873714, 9.25082276808e-05, 6.42351587885e-05, 8.79280923982e-05, 9.69685133896e-05, 6.3461739046e-05, 5.19629502378e-05, 4.98498047818e-05, 8.26549367048e-05, 4.02312507504e-05, 4.47807033197e-05, 4.10176398873e-05, 6.2949162384e-05, 2.35717707255e-05, 3.0076236726e-05, 2.93514276564e-05, 2.30286950682e-05, 3.38871068379e-05, 3.45091430063e-05, 4.01930228691e-05, 2.12533068407e-05, 1.7552774807e-05, 2.08608489629e-05, 1.4573088265e-05, 1.52845950652e-05, 1.0055859093e-05, 5.35172011951e-06, 2.63462084149e-06, 2.36794880948e-06, 6.71796669849e-07, 8.13466840555e-08, 1.36801148187e-08, 6.58220100647e-09, 3.55718254852e-09, 2.52716225724e-09, 3.31556782029e-09, 1.1302903502e-08, 8.37635905082e-10, 2.27793214846e-10, 1.90579177439e-10, 1.67594271794e-10, 1.43079395554e-10, 1.22177490347e-10, 1.05919391313e-10, 8.97774424247e-11, 7.71434860436e-11, 6.49687317833e-11, 5.63588030411e-11, 4.66627951556e-11, 4.51081429154e-11, 4.35660847675e-11, 4.23826113094e-11, 4.12969450303e-11, 4.01658185878e-11, 3.92170115826e-11, 3.84413265109e-11, 3.77581368949e-11, 3.71106131936e-11, 3.65756418208e-11, 3.61618165967e-11, 3.59417148821e-11],
        "mean": [6.83696782744e-07, 4.74969692732e-06, 1.83676238521e-05, 3.50645277649e-05, 4.30838299508e-05, 4.43582066509e-05, 6.0170168581e-05, 9.82933706837e-05, 0.000141692726174, 0.000151874744915, 0.000115771850687, 0.000127800100017, 0.000112105517474, 6.6362968937e-05, 0.000105809187517, 0.000136201793794, 0.000171630148543, 0.000264319736743, 0.000289644347504, 0.000230997160543, 0.000550383061636, 0.000625368906185, 0.000246402138146, 0.000239408953348, 0.000299981940771, 0.000231612473726, 8.78773789736e-05, 0.000190926759387, 0.000256947736489, 0.00013492211292, 7.95130181359e-05, 7.55156288506e-05, 0.000130560307298, 0.000332170369802, 0.000727004720829, 0.000325662200339, 9.49206732912e-05, 6.03857879469e-05, 7.92081991676e-05, 0.000101130368421, 8.81540254341e-05, 5.90455274505e-05, 4.63092583232e-05, 0.000109866166895, 0.000116018069093, 4.55097324448e-05, 6.08382106293e-05, 3.68775617972e-05, 2.50711327681e-05, 3.51803209924e-05, 2.89742310997e-05, 3.43690553564e-05, 2.03177351068e-05, 1.92597090063e-05, 3.43501487805e-05, 5.54417601961e-05, 3.96858049498e-05, 5.73666911805e-05, 7.64667056501e-05, 6.1781356635e-05, 3.78193799406e-05, 2.68383973889e-05, 2.32173715631e-05, 2.46000872721e-05, 1.95657503355e-05, 8.73996577866e-06, 1.25146079881e-05, 9.25594486034e-06, 3.74566752726e-06, 5.93768209001e-06, 5.432443686e-06, 5.12399583386e-06, 4.89863487019e-06, 4.21058575739e-06, 3.97899793825e-06, 4.90255388286e-06, 2.45787282438e-06, 2.68847725238e-06, 3.25455630446e-06, 4.060363608e-06, 1.69475276834e-06, 1.85451892776e-06, 2.06172580874e-06, 1.60179035902e-06, 1.83233510143e-06, 1.78893935754e-06, 2.06417780646e-06, 1.50278685851e-06, 1.23407414776e-06, 1.2950567907e-06, 8.1337964275e-07, 5.02083537413e-07, 5.8226208921e-07, 3.40882621686e-07, 2.50345493669e-07, 1.46996271155e-07, 4.77361687956e-08, 4.39686775877e-09, 8.0747919462e-10, 5.32490662675e-10, 4.03471006605e-10, 4.05142613902e-10, 4.11396333666e-10, 2.91354995685e-10, 4.50096591942e-11, 4.89728136516e-12, 4.684645033e-12, 4.14162671172e-12, 3.92169803576e-12, 3.74438154094e-12, 3.58913549922e-12, 3.44632590694e-12, 3.30056945316e-12, 3.16828139245e-12, 3.05433564725e-12, 2.94967522629e-12, 2.85613850279e-12, 2.77232316964e-12, 2.69509458153e-12, 2.61885803841e-12, 2.5485119657e-12, 2.49532122396e-12, 2.45027175633e-12, 2.39682037238e-12, 2.3027582445e-12, 2.17705129098e-12, 2.10302565293e-12, 2.08302537545e-12],
        "min": [5.67815829078e-11, 2.27044442275e-11, 1.38753472687e-12, 6.43491404368e-14, 3.62810367686e-14, 1.34121839611e-14, 1.78958817166e-14, 2.18275443835e-14, 6.2644888124e-15, 1.1685221001e-14, 1.53612372659e-14, 6.77074473487e-15, 1.034679883e-14, 1.12014965784e-14, 4.751898541e-14, 1.5575670094e-13, 8.48482118983e-14, 3.02727711876e-14, 5.4731860591e-14, 4.05331319995e-14, 8.21087379403e-14, 3.26148274512e-14, 2.38147514404e-14, 5.91837776703e-14, 3.25846832426e-14, 9.61021813208e-15, 4.73295346329e-14, 7.61116023722e-14, 5.25481554429e-14, 2.00748909141e-14, 8.12974972173e-14, 5.42827129004e-14, 4.58115770525e-14, 4.20898430312e-14, 9.94199162016e-14, 5.05551885619e-14, 2.59107293862e-14, 2.37452066473e-14, 1.79874256494e-14, 3.33310344657e-14, 4.25961078476e-14, 1.69487172777e-13, 1.4413260353e-13, 4.85707462206e-14, 4.94559532487e-14, 2.05649604605e-14, 1.89063361185e-14, 3.61375731043e-14, 1.97574585409e-14, 3.16370837676e-14, 1.55197781167e-14, 2.30030363789e-14, 3.00535082389e-14, 3.77865023071e-14, 2.56883679909e-14, 3.80289976755e-14, 3.28086082607e-14, 1.98776203288e-14, 9.64987536764e-15, 5.21594520234e-14, 5.55156506703e-14, 7.15426050108e-14, 7.01486869352e-14, 3.7426191432e-14, 6.70077464652e-14, 5.70751535226e-14, 2.9313330192e-14, 3.63604139202e-14, 5.81783224569e-14, 6.66928738255e-14, 1.50286074275e-13, 1.29430103787e-13, 5.22997071269e-14, 1.59498082737e-14, 4.6206734863e-14, 4.79717414609e-14, 5.99640102112e-14, 5.63164593355e-14, 1.59713246046e-14, 1.97737385141e-14, 5.51921484589e-14, 3.14441093335e-14, 3.46610523757e-14, 2.30755068238e-14, 4.10668474595e-14, 4.08953198996e-14, 4.98614956832e-14, 1.005417944e-13, 4.6164444202e-14, 3.47360859423e-14, 7.38245388757e-14, 4.95175494846e-14, 3.60438675434e-14, 3.52176580541e-14, 6.67639297254e-14, 5.38801079762e-14, 5.44398849459e-14, 2.10802715886e-14, 7.74642733314e-14, 6.65173753751e-14, 8.87675349892e-14, 1.35420429211e-13, 8.42391274466e-14, 9.13274515149e-14, 3.89860568145e-14, 9.39615952319e-14, 1.0032291431e-13, 1.26671134519e-13, 8.61611671767e-14, 9.76522668609e-14, 1.16147949548e-13, 8.79548848033e-14, 9.2214457641e-14, 7.64913509594e-14, 9.00592127999e-14, 8.57700615717e-14, 6.00563164737e-14, 1.09204556205e-13, 1.2494963831e-13, 1.03116774559e-13, 1.0673894494e-13, 1.16168291891e-13, 9.89100159198e-14, 1.096622386e-13, 4.33079001263e-14, 2.41272439175e-14, 3.03691105975e-15, 1.26836619346e-16],
        "stdev": [1.30749037908e-06, 9.54477673076e-06, 5.93836921325e-05, 0.000130262182211, 0.000136564442073, 0.000127000253997, 0.000227243886911, 0.00030630393303, 0.000303584616631, 0.000290845579002, 0.000181872906978, 0.000192130435607, 0.000201260831091, 0.000122324345284, 0.00020121979469, 0.000269883108558, 0.000319915503496, 0.000587012094911, 0.000768674130086, 0.000623008585535, 0.000839906337205, 0.0010686905589, 0.000583110959269, 0.000617376179434, 0.00100076117087, 0.000868200499099, 0.000226175528951, 0.000304310349748, 0.000351331371348, 0.000188941849046, 0.0001353740372, 0.000215892927372, 0.000376211217372, 0.000607008114457, 0.00121620495338, 0.000657887489069, 0.000174223037902, 0.000233314043726, 0.000236335894442, 0.000228327364312, 0.00020608874911, 0.000125004386064, 0.000111615954665, 0.000430731161032, 0.000614739430603, 7.88248362369e-05, 0.000108693893708, 0.000128262065118, 4.87176985189e-05, 7.80102127464e-05, 4.80605413031e-05, 6.05669847573e-05, 4.44586694357e-05, 5.39083048352e-05, 0.000126930826809, 0.000200410970137, 0.000118217438285, 9.02193205548e-05, 0.000124448895804, 0.000129838939756, 7.28995437385e-05, 5.05980569869e-05, 4.00951139454e-05, 5.21850197401e-05, 3.89795568481e-05, 1.3680280972e-05, 3.84884951927e-05, 2.59020125668e-05, 6.80277935317e-06, 1.07048872451e-05, 9.6387020676e-06, 8.62705201143e-06, 7.49896980778e-06, 6.13853171672e-06, 6.25654229225e-06, 9.07706635189e-06, 3.45046214534e-06, 4.41640804638e-06, 5.123885785e-06, 7.7127788245e-06, 2.62525668404e-06, 3.19076025335e-06, 3.76407888325e-06, 2.97269730254e-06, 3.30546549776e-06, 3.12840120387e-06, 4.09817084801e-06, 2.55220697909e-06, 2.01499619834e-06, 2.27737609748e-06, 1.53130224589e-06, 1.00511579149e-06, 1.08939332222e-06, 6.01358010499e-07, 4.45978400876e-07, 2.70719823448e-07, 8.4604224071e-08, 8.30247692818e-09, 1.07234909841e-09, 5.78705250387e-10, 4.82499151744e-10, 4.26492730021e-10, 4.23838575347e-10, 4.93033780469e-10, 6.55802218086e-11, 1.10456218824e-11, 9.95165842094e-12, 9.19203862332e-12, 8.45633025409e-12, 7.8271269674e-12, 7.31564461787e-12, 6.83521078279e-12, 6.44698357199e-12, 6.09516213543e-12, 5.80615850537e-12, 5.51560186413e-12, 5.27836238259e-12, 5.08499622617e-12, 4.91015821752e-12, 4.76109039346e-12, 4.6301534655e-12, 4.51454498784e-12, 4.42111928664e-12, 4.33613258147e-12, 4.27041041418e-12, 4.21992562422e-12, 4.18170402819e-12, 4.15859404204e-12]
    },
    "mfcc": {
        "mean": [-680.859008789, 122.382232666, -70.4923248291, 15.0177936554, -40.4979286194, 7.06363964081, -28.7010555267, 19.9713096619, -24.415845871, 4.29418516159, -9.80783843994, 10.7310400009, -13.3176336288],
        "cov": [[6972.49316406, 514.107421875, -487.635925293, 547.914794922, -831.579101562, 434.503204346, -346.523620605, 476.014251709, -477.715209961, 237.426116943, -485.747589111, 186.316299438, -308.383270264], [514.107421875, 793.612121582, 272.690002441, 114.131713867, -38.1871261597, -271.316589355, 6.52547645569, -1.19552457333, -72.7052154541, -150.78968811, 43.3086624146, -12.2583808899, -27.629201889], [-487.635925293, 272.690002441, 513.600097656, 130.762359619, 43.5316925049, -75.7518463135, 71.019821167, -75.3018188477, -7.19276714325, -55.4903945923, -41.3150863647, -41.5588874817, 23.875125885], [547.914794922, 114.131713867, 130.762359619, 199.363357544, -35.8490333557, 24.7803421021, -28.6501522064, 21.6137161255, -50.7136993408, 6.09781551361, -61.9910354614, 9.32563114166, -35.8820457458], [-831.579101562, -38.1871261597, 43.5316925049, -35.8490333557, 322.661346436, 49.0974197388, -20.7331752777, -166.063369751, 88.8759536743, 22.3167457581, 44.0531921387, -17.6450786591, 69.2086105347], [434.503204346, -271.316589355, -75.7518463135, 24.7803421021, 49.0974197388, 365.838439941, -19.768781662, -22.4840869904, 11.0876436234, 159.00138855, -138.990234375, 18.9873981476, 32.8445358276], [-346.523620605, 6.52547645569, 71.019821167, -28.6501522064, -20.7331752777, -19.768781662, 146.882202148, 79.8390426636, 18.620721817, -40.5814781189, 24.548406601, -3.53875827789, 16.7728595734], [476.014251709, -1.19552457333, -75.3018188477, 21.6137161255, -166.063369751, -22.4840869904, 79.8390426636, 229.37651062, -34.872215271, -27.7877731323, 5.75984621048, 30.4811878204, -41.7076072693], [-477.715209961, -72.7052154541, -7.19276714325, -50.7136993408, 88.8759536743, 11.0876436234, 18.620721817, -34.872215271, 110.640960693, 24.8720436096, 34.7863464355, -21.0975227356, 26.9572868347], [237.426116943, -150.78968811, -55.4903945923, 6.09781551361, 22.3167457581, 159.00138855, -40.5814781189, -27.7877731323, 24.8720436096, 136.038772583, -61.7609291077, 4.96633148193, 7.55076599121], [-485.747589111, 43.3086624146, -41.3150863647, -61.9910354614, 44.0531921387, -138.990234375, 24.548406601, 5.75984621048, 34.7863464355, -61.7609291077, 177.884338379, 22.5169143677, 4.35123205185], [186.316299438, -12.2583808899, -41.5588874817, 9.32563114166, -17.6450786591, 18.9873981476, -3.53875827789, 30.4811878204, -21.0975227356, 4.96633148193, 22.5169143677, 94.7164459229, -5.51630830765], [-308.383270264, -27.629201889, 23.875125885, -35.8820457458, 69.2086105347, 32.8445358276, 16.7728595734, -41.7076072693, 26.9572868347, 7.55076599121, 4.35123205185, -5.51630830765, 89.0193328857]],
        "icov": [[0.00136772135738, -0.00197365577333, 0.00180800305679, -0.00191953103058, 0.00196871999651, -0.00193278747611, 0.00200177473016, -0.00131124572363, 0.00138798076659, -0.00126654014457, 0.00107777758967, -0.00055491947569, 0.000657946395222], [-0.00197365577333, 0.00513679580763, -0.00343387806788, 0.00211817235686, -0.0031234617345, 0.00418436573818, -0.00236857379787, 0.00164294382557, -0.00114117946941, 0.00253465562128, -0.0013353060931, 0.000658507226035, -0.00113091233652], [0.00180800305679, -0.00343387806788, 0.00736285978928, -0.00642740353942, 0.00303476233967, -0.00113409885671, -0.00245220540091, 0.00208332808688, 0.00132573896553, -0.00200607767329, 0.0029821365606, -0.000431295338785, -0.000274576625088], [-0.00191953103058, 0.00211817235686, -0.00642740353942, 0.0132057666779, -0.00413813861087, 0.000931255111936, 0.00225384207442, -0.00239429692738, 3.41043851222e-05, 0.00188479304779, -0.00053526845295, -6.88869522492e-06, 0.00223728502169], [0.00196871999651, -0.0031234617345, 0.00303476233967, -0.00413813861087, 0.0103158941492, -0.0048999954015, 0.00205560028553, 0.00317044206895, -0.00196902547032, -0.000129276624648, -0.000892938056495, -0.000863726774696, -0.0011480593821], [-0.00193278747611, 0.00418436573818, -0.00113409885671, 0.000931255111936, -0.0048999954015, 0.0127144223079, -0.00608133291826, 0.00216559879482, -0.000361676793545, -0.00580560788512, 0.00400841329247, -0.00154279766139, -0.00312804128043], [0.00200177473016, -0.00236857379787, -0.00245220540091, 0.00225384207442, 0.00205560028553, -0.00608133291826, 0.0196962691844, -0.0109211392701, -0.000349643582013, 0.00320593244396, -0.000180434333743, 7.41784388083e-05, -0.000569317722693], [-0.00131124572363, 0.00164294382557, 0.00208332808688, -0.00239429692738, 0.00317044206895, 0.00216559879482, -0.0109211392701, 0.0144467419013, -0.00222537480295, 0.00155224092305, -0.00127162411809, -0.00120244431309, 0.000535976840183], [0.00138798076659, -0.00114117946941, 0.00132573896553, 3.41043851222e-05, -0.00196902547032, -0.000361676793545, -0.000349643582013, -0.00222537480295, 0.0179686956108, -0.00710844853893, -0.00163961038925, 0.00288689951412, 0.000220402493142], [-0.00126654014457, 0.00253465562128, -0.00200607767329, 0.00188479304779, -0.000129276624648, -0.00580560788512, 0.00320593244396, 0.00155224092305, -0.00710844853893, 0.0206796880811, -0.000316698395181, -5.11663056386e-05, 0.000473450374557], [0.00107777758967, -0.0013353060931, 0.0029821365606, -0.00053526845295, -0.000892938056495, 0.00400841329247, -0.000180434333743, -0.00127162411809, -0.00163961038925, -0.000316698395181, 0.0136546716094, -0.00506479572505, 0.000499233079609], [-0.00055491947569, 0.000658507226035, -0.000431295338785, -6.88869522492e-06, -0.000863726774696, -0.00154279766139, 7.41784388083e-05, -0.00120244431309, 0.00288689951412, -5.11663056386e-05, -0.00506479572505, 0.0138930054381, -0.000703102152329], [0.000657946395222, -0.00113091233652, -0.000274576625088, 0.00223728502169, -0.0011480593821, -0.00312804128043, -0.000569317722693, 0.000535976840183, 0.000220402493142, 0.000473450374557, 0.000499233079609, -0.000703102152329, 0.0163674354553]]
    },
    "spectral_contrast_coeffs": {
        "max": [-0.441535443068, -0.404506415129, -0.515657246113, -0.547684013844, -0.553801357746, -0.466196149588],
        "mean": [-0.689475119114, -0.732399642467, -0.731179833412, -0.792543649673, -0.755768716335, -0.632963359356],
        "min": [-0.949739694595, -0.952463388443, -0.961684346199, -0.946884334087, -0.938146233559, -0.925690770149],
        "stdev": [0.0803061053157, 0.110994264483, 0.0915512666106, 0.059126406908, 0.0675321593881, 0.0667765215039]
    },
    "spectral_contrast_valleys": {
        "max": [-5.89168167114, -4.81067228317, -5.54210996628, -5.87157344818, -6.10970306396, -10.8657836914],
        "mean": [-8.48844242096, -6.99582195282, -7.27069473267, -7.46720981598, -7.62604284286, -12.1561946869],
        "min": [-18.3352069855, -17.1287879944, -16.7534828186, -16.7318840027, -16.3347759247, -17.5586833954],
        "stdev": [1.15971601009, 1.13951814175, 1.05523073673, 1.01178884506, 0.971965551376, 0.521170854568]
    }
},
"rhythm": {
    "beats_count": 37,
    "beats_loudness": {
        "max": 0.0519082136452,
        "mean": 0.0214497949928,
        "min": 0.000520228699315,
        "stdev": 0.0151011338457
    },
    "bpm": 96.2070465088,
    "bpm_histogram_first_peak_bpm": 96,
    "bpm_histogram_first_peak_weight": 0.533333361149,
    "bpm_histogram_second_peak_bpm": 133,
    "bpm_histogram_second_peak_spread": 0.461538434029,
    "bpm_histogram_second_peak_weight": 0.194444447756,
    "danceability": 0.959392786026,
    "onset_rate": 2.20467925072,
    "beats_loudness_band_ratio": {
        "max": [0.233869865537, 0.391407847404, 0.84299993515, 0.626411318779, 0.783661842346, 0.180343672633],
        "mean": [0.041484657675, 0.108728095889, 0.286691397429, 0.341719686985, 0.217848137021, 0.0544985644519],
        "min": [0.000124431899167, 0.00496287737042, 0.0333860814571, 0.0271481536329, 0.0445464812219, 0.00680092768744],
        "stdev": [0.0594789348543, 0.115514807403, 0.199968457222, 0.162696659565, 0.171926319599, 0.0415563285351]
    },
    "beats_position": [0.429569154978, 0.870748281479, 1.31192743778, 1.75310659409, 2.19428563118, 2.6470746994, 3.09986400604, 3.55265307426, 4.00544214249, 4.45823097229, 4.88780021667, 5.31736946106, 5.74693870544, 6.15328788757, 6.57124710083, 7.00081634521, 7.45360517502, 7.91800451279, 8.37079334259, 8.8119726181, 9.33442115784, 9.85687065125, 10.47219944, 11.0759181976, 11.6796369553, 12.294965744, 12.9102945328, 13.5372333527, 14.1641721725, 14.8027210236, 15.4296598434, 16.0565986633, 16.6951465607, 17.3220863342, 17.9490242004, 18.5875740051, 19.2145118713],
