{
"metadata": {
    "version": {
        "essentia": "2.1-beta5",
        "essentia_git_sha": "Undefined",
        "extractor": "music 2.0"
    },
    "audio_properties": {
        "analysis": {
            "equal_loudness": 0,
            "length": 32.4963264465,
            "sample_rate": 44100,
            "start_time": 110.248344421,
            "downmix": "mix"
        },
        "bit_rate": 192000,
        "length": 187.361831665,
        "lossless": 0,
        "number_channels": 2,
        "replay_gain": -4.99900627136,
        "sample_rate": 48000,
        "codec": "mp3",
        "md5_encoded": "ae5bdd2fefff27bdf8cf7533102d3041"
    },
    "tags": {
        "file_name": "Switzerland_Nous Aurons Demain_Franca di Rienzo.mp3",
        "encoding": ["Lavf58.29.100"]
    }
},
"lowlevel": {
    "average_loudness": 0.162365674973,
    "barkbands_crest": {
        "max": 26.4717445374,
        "mean": 14.8245325089,
        "min": 3.43701601028,
        "stdev": 6.120054245
    },
    "barkbands_flatness_db": {
        "max": 0.470572382212,
        "mean": 0.254648506641,
        "min": 0.0843750908971,
        "stdev": 0.0700919479132
    },
    "barkbands_kurtosis": {
        "max": 373.116027832,
        "mean": 18.7413101196,
        "min": -1.95193648338,
        "stdev": 35.9863243103
    },
    "barkbands_skewness": {
        "max": 15.6723136902,
        "mean": 2.70132827759,
        "min": -1.50194323063,
        "stdev": 2.30044746399
    },
    "barkbands_spread": {
        "max": 77.4212646484,
        "mean": 8.93956279755,
        "min": 0.262585371733,
        "stdev": 9.52738761902
    },
    "dissonance": {
        "max": 0.499344468117,
        "mean": 0.413762152195,
        "min": 0.190745830536,
        "stdev": 0.0592430494726
    },
    "dynamic_complexity": 6.53826761246,
    "erbbands_crest": {
        "max": 30.6725177765,
        "mean": 14.8045778275,
        "min": 3.19995927811,
        "stdev": 6.38656330109
    },
    "erbbands_flatness_db": {
        "max": 0.429573059082,
        "mean": 0.277084767818,
        "min": 0.106515556574,
        "stdev": 0.0516755208373
    },
    "erbbands_kurtosis": {
        "max": 83.7147598267,
        "mean": 5.5745100975,
        "min": -1.85052108765,
        "stdev": 10.2740058899
    },
    "erbbands_skewness": {
        "max": 7.60849714279,
        "mean": 1.4900444746,
        "min": -3.53193306923,
        "stdev": 1.43526005745
    },
    "erbbands_spread": {
        "max": 129.289306641,
        "mean": 20.6231536865,
        "min": 2.26458072662,
        "stdev": 14.1488542557
    },
    "hfc": {
        "max": 202.327697754,
        "mean": 8.77225399017,
        "min": 0.0135206943378,
        "stdev": 18.0069255829
    },
    "loudness_ebu128": {
        "integrated": -21.4579658508,
        "loudness_range": 12.4052467346,
        "momentary": {
            "max": -13.2590007782,
            "mean": -25.2744312286,
            "min": -38.7948608398,
            "stdev": 5.64387512207
        },
        "short_term": {
            "max": -16.1091384888,
            "mean": -23.5372371674,
            "min": -31.4107208252,
            "stdev": 3.84575796127
        }
    },
    "melbands_crest": {
        "max": 32.6070861816,
        "mean": 17.5513153076,
        "min": 3.45741963387,
        "stdev": 6.5509724617
    },
    "melbands_flatness_db": {
        "max": 0.52002209425,
        "mean": 0.286264181137,
        "min": 0.0622117482126,
        "stdev": 0.0812381878495
    },
    "melbands_kurtosis": {
        "max": 280.292449951,
        "mean": 25.2960071564,
        "min": -1.69328808784,
        "stdev": 39.9871940613
    },
    "melbands_skewness": {
        "max": 12.9479188919,
        "mean": 2.97833228111,
        "min": -0.649661779404,
        "stdev": 2.23216843605
    },
    "melbands_spread": {
        "max": 194.875534058,
        "mean": 11.8247318268,
        "min": 0.430293917656,
        "stdev": 16.5713977814
    },
    "pitch_salience": {
        "max": 0.8393689394,
        "mean": 0.492406368256,
        "min": 0.0579886324704,
        "stdev": 0.171911507845
    },
    "silence_rate_20dB": {
        "max": 1,
        "mean": 1,
        "min": 1,
        "stdev": 0
    },
    "silence_rate_30dB": {
        "max": 1,
        "mean": 0.987865805626,
        "min": 0,
        "stdev": 0.109483882785
    },
    "silence_rate_60dB": {
        "max": 1,
        "mean": 0.390435397625,
        "min": 0,
        "stdev": 0.487848311663
    },
    "spectral_centroid": {
        "max": 4202.73193359,
        "mean": 768.376403809,
        "min": 272.928497314,
        "stdev": 523.039672852
    },
    "spectral_complexity": {
        "max": 45,
        "mean": 7.27551746368,
        "min": 0,
        "stdev": 5.98367357254
    },
    "spectral_decrease": {
        "max": -4.71459199805e-12,
        "mean": -3.21601278941e-09,
        "min": -5.07302146957e-08,
        "stdev": 5.18479836842e-09
    },
    "spectral_energy": {
        "max": 0.209819197655,
        "mean": 0.0129336575046,
        "min": 1.90329446923e-05,
        "stdev": 0.021120801568
    },
    "spectral_energyband_high": {
        "max": 0.00438305456191,
        "mean": 0.000105012099084,
        "min": 3.8059556573e-07,
        "stdev": 0.000318025879096
    },
    "spectral_energyband_low": {
        "max": 0.00340107269585,
        "mean": 0.000134865695145,
        "min": 1.18297202789e-06,
        "stdev": 0.000282846798655
    },
    "spectral_energyband_middle_high": {
        "max": 0.184361129999,
        "mean": 0.00296387216076,
        "min": 1.3405970094e-06,
        "stdev": 0.0113430740312
    },
    "spectral_energyband_middle_low": {
        "max": 0.148667886853,
        "mean": 0.0100861852989,
        "min": 1.09607872218e-05,
        "stdev": 0.0155063103884
    },
    "spectral_entropy": {
        "max": 8.18696880341,
        "mean": 6.65187597275,
        "min": 4.36403226852,
        "stdev": 0.691665768623
    },
    "spectral_flux": {
        "max": 0.321810036898,
        "mean": 0.0412314273417,
        "min": 0.0018846206367,
        "stdev": 0.0387426353991
    },
    "spectral_kurtosis": {
        "max": 45.2038040161,
        "mean": 9.2319984436,
        "min": -1.34444904327,
        "stdev": 7.0631980896
    },
    "spectral_rms": {
        "max": 0.014307398349,
        "mean": 0.00282337586395,
        "min": 0.000136267117341,
        "stdev": 0.00215563434176
    },
    "spectral_rolloff": {
        "max": 7385.88867188,
        "mean": 928.569213867,
        "min": 258.3984375,
        "stdev": 971.609802246
    },
    "spectral_skewness": {
        "max": 5.05200529099,
        "mean": 2.12701559067,
        "min": -0.827305912971,
        "stdev": 0.900062739849
    },
    "spectral_spread": {
        "max": 7973239.5,
        "mean": 3031412.25,
        "min": 1435617,
        "stdev": 838439.1875
    },
    "spectral_strongpeak": {
        "max": 14.8328838348,
        "mean": 1.1038351059,
        "min": 0.00788027327508,
        "stdev": 1.47668945789
    },
    "zerocrossingrate": {
        "max": 0.2734375,
        "mean": 0.0356110744178,
        "min": 0.0078125,
        "stdev": 0.0261083189398
    },
    "barkbands": {
        "max": [3.10240393446e-05, 0.000600655796006, 0.00100882549305, 0.00298102595843, 0.017116304487, 0.0713847577572, 0.0395316332579, 0.0944384336472, 0.10439877212, 0.16430658102, 0.01812607795, 0.0123429419473, 0.0110263722017, 0.0118215810508, 0.0189930107445, 0.00723765837029, 0.0158714521676, 0.0105486894026, 0.00413956446573, 0.00270823505707, 0.00251067755744, 0.00106536550447, 0.00109444011468, 0.000264684989816, 2.52460040429e-07, 3.35499663606e-08, 3.55723486223e-08],
        "mean": [1.62085621014e-06, 3.26455774484e-05, 4.96487191413e-05, 0.000100847348222, 0.00119261466898, 0.00459064496681, 0.000828049087431, 0.00113123818301, 0.00149478984531, 0.00198213779368, 0.000219358553295, 0.000202362833079, 0.000170225248439, 0.000145812038681, 0.000215367050259, 0.000110988134111, 0.000119153162814, 0.000155707311933, 6.51642258163e-05, 4.91431092087e-05, 2.78638290183e-05, 1.64362354553e-05, 2.69573229161e-05, 4.79907293993e-06, 8.41272154162e-08, 4.78146133798e-10, 4.96132745997e-10],
        "min": [1.35201583262e-09, 9.76344267656e-08, 4.5036426144e-08, 2.27073485348e-07, 5.11095663569e-07, 1.21833323874e-07, 3.25356097619e-07, 1.0821647578e-07, 1.10459900782e-07, 4.27569801786e-08, 6.01876024575e-08, 4.49905321886e-08, 2.96707511893e-08, 2.42971047726e-08, 3.7650206508e-08, 4.11091178876e-08, 7.25991142758e-08, 5.71506006963e-08, 5.06925488253e-08, 6.17004900505e-08, 4.67632759182e-08, 4.50950210507e-08, 4.47320758212e-08, 7.4857034349e-08, 2.27979324308e-08, 3.5076618693e-11, 4.30586989675e-11],
        "stdev": [2.74804187939e-06, 6.06052271905e-05, 9.50493194978e-05, 0.000269592710538, 0.00208464381285, 0.00856579001993, 0.00266738142818, 0.0048756301403, 0.00677423505113, 0.0104680592194, 0.00098130106926, 0.000794338528067, 0.000706552586053, 0.000628369161859, 0.00100364012178, 0.000464989745524, 0.000722524593584, 0.000658182136249, 0.000210874015465, 0.000181569732376, 0.000120035874716, 6.66342675686e-05, 9.36362484936e-05, 1.63922504726e-05, 3.64426036015e-08, 1.60124558057e-09, 1.70750646955e-09]
    },
    "erbbands": {
        "max": [0.0168921668082, 0.143414929509, 0.684510529041, 7.91438865662, 41.9398651123, 64.0116348267, 282.950653076, 860.717651367, 643.34954834, 1790.59655762, 1504.36975098, 2652.83984375, 3215.08862305, 6649.98681641, 834.973937988, 310.380981445, 548.728393555, 700.110046387, 516.753723145, 1209.85522461, 546.849243164, 396.957427979, 702.218261719, 307.695404053, 131.678192139, 109.968139648, 71.4349060059, 139.262252808, 36.7128448486, 32.3367614746, 34.7057609558, 8.05169773102, 1.19315445423, 0.0347046218812, 0.00200552516617, 0.000276764360024, 9.66788866208e-05, 3.31082337652e-05, 0.000114644382847, 0.000250606914051],
        "mean": [0.000524103234056, 0.00922524742782, 0.0508449971676, 0.235659793019, 0.989750683308, 4.17623901367, 18.8541564941, 44.000415802, 19.2488613129, 15.6565074921, 25.9063816071, 30.7267303467, 54.3962478638, 47.2849731445, 11.4595556259, 8.10266399384, 8.63125038147, 8.41604995728, 9.13167953491, 9.99513816833, 6.72553348541, 5.59311962128, 7.75572538376, 6.14703035355, 2.31156206131, 2.49954628944, 1.53949165344, 0.943920910358, 0.592585802078, 0.744522929192, 0.722610592842, 0.235371664166, 0.0245656073093, 0.00218019774184, 0.00036058423575, 2.5482442652e-05, 8.00302768766e-06, 2.30043360716e-06, 6.8834715421e-06, 1.50591286001e-05],
        "min": [2.99114344671e-06, 4.41757547378e-05, 0.000140291653224, 0.00125506671611, 0.00100173871033, 0.00292140105739, 0.00879141129553, 0.00114677345846, 0.00304391933605, 0.00545467855409, 0.00503896130249, 0.00341777666472, 0.0022729546763, 0.00188017205801, 0.00250736251473, 0.0016730123898, 0.00163637066726, 0.00199286616407, 0.00282787089236, 0.00301256962121, 0.00359753496014, 0.00460173888132, 0.00382101000287, 0.00382525008172, 0.00325454864651, 0.00279289903119, 0.00176163727883, 0.00194922427181, 0.0016437030863, 0.00120976706967, 0.00131543132011, 0.00198390241712, 0.000813002814539, 0.000416241382482, 8.71234224178e-05, 3.26134818351e-06, 3.67164489035e-07, 7.52108775259e-08, 3.22860103097e-08, 2.72152398395e-08],
        "stdev": [0.00118256348651, 0.0165362879634, 0.0846009626985, 0.646569311619, 2.65427350998, 7.72594356537, 31.305803299, 98.24659729, 50.6090507507, 81.9731826782, 96.8537902832, 136.65687561, 252.936004639, 343.437011719, 46.238067627, 25.2422580719, 35.3462104797, 36.3368797302, 30.451166153, 59.0052337646, 30.9017333984, 22.3328800201, 36.1951751709, 21.3972434998, 6.85575246811, 8.59728336334, 6.07118320465, 5.08614444733, 2.48356866837, 2.46522283554, 2.56369543076, 0.745351195335, 0.0753569975495, 0.00236121960916, 0.000201123111765, 3.59149998985e-05, 1.34629508466e-05, 4.46746207672e-06, 1.14432723421e-05, 2.49049880949e-05]
    },
    "gfcc": {
        "mean": [-164.172805786, 145.338592529, -155.302764893, 20.097158432, -90.0952453613, -13.9301939011, -44.0448379517, -17.4877357483, -5.8341255188, -25.827293396, 9.84224891663, -13.6694116592, 7.28849172592],
        "cov": [[6441.73144531, -85.2719726562, -2204.08544922, -185.944793701, 43.5219268799, -615.226806641, 560.721435547, -412.114746094, 427.492645264, -354.777038574, 76.6863632202, -18.046705246, -276.07019043], [-85.2719726562, 655.857849121, 159.322036743, -274.480743408, 243.746902466, 12.7462596893, -16.8567123413, 72.7107391357, -73.7185134888, 21.085144043, 59.5765686035, -90.4962768555, -13.3131303787], [-2204.08544922, 159.322036743, 1251.04211426, 36.2455368042, -138.656265259, 126.103981018, -245.99508667, 105.476707458, -157.370788574, 33.297908783, 2.8852865696, 49.862487793, 112.392585754], [-185.944793701, -274.480743408, 36.2455368042, 525.370544434, 68.1158370972, 53.6002349854, -35.5399475098, -21.1094646454, 52.9584274292, 22.6601772308, -73.6269378662, 39.6192092896, -33.0936012268], [43.5219268799, 243.746902466, -138.656265259, 68.1158370972, 346.131286621, 49.9408798218, -36.6586418152, 46.1050605774, 8.64241790771, 54.4192733765, 3.8347735405, -35.4305648804, -16.7659339905], [-615.226806641, 12.7462596893, 126.103981018, 53.6002349854, 49.9408798218, 388.107269287, 75.2337493896, 27.4846000671, -96.9199752808, 79.6553649902, -50.8455848694, -70.3018722534, -23.5353012085], [560.721435547, -16.8567123413, -245.99508667, -35.5399475098, -36.6586418152, 75.2337493896, 252.638900757, 3.68821668625, -42.7582206726, -15.0783634186, 0.499432504177, -40.0193138123, -44.9338569641], [-412.114746094, 72.7107391357, 105.476707458, -21.1094646454, 46.1050605774, 27.4846000671, 3.68821668625, 167.510421753, -0.993105113506, 16.7202205658, 5.15736103058, -12.7496538162, 18.5708026886], [427.492645264, -73.7185134888, -157.370788574, 52.9584274292, 8.64241790771, -96.9199752808, -42.7582206726, -0.993105113506, 158.096359253, -2.57918381691, 0.249165430665, 32.7264862061, -5.59015226364], [-354.777038574, 21.085144043, 33.297908783, 22.6601772308, 54.4192733765, 79.6553649902, -15.0783634186, 16.7202205658, -2.57918381691, 109.522132874, 11.1392803192, -19.8723678589, -0.624899923801], [76.6863632202, 59.5765686035, 2.8852865696, -73.6269378662, 3.8347735405, -50.8455848694, 0.499432504177, 5.15736103058, 0.249165430665, 11.1392803192, 87.9312591553, 39.5539398193, 7.98907709122], [-18.046705246, -90.4962768555, 49.862487793, 39.6192092896, -35.4305648804, -70.3018722534, -40.0193138123, -12.7496538162, 32.7264862061, -19.8723678589, 39.5539398193, 111.029037476, 42.5856895447], [-276.07019043, -13.3131303787, 112.392585754, -33.0936012268, -16.7659339905, -23.5353012085, -44.9338569641, 18.5708026886, -5.59015226364, -0.624899923801, 7.98907709122, 42.5856895447, 105.278770447]],
        "icov": [[0.00185985164717, -0.000658951001242, 0.00149870186578, -1.90407706668e-06, -0.0005537160323, 0.000901152729057, -0.00321603287011, 0.00358339911327, -0.00427301879972, 0.00468100374565, -0.00210790243, 0.0013055971358, 0.000734427710995], [-0.000658951001242, 0.00787330418825, -0.00400258833542, 0.00438731117174, -0.00783492997289, 0.00124027836137, -0.00183059892152, 0.000234067891142, -0.000178743197466, 0.000399779994041, -0.00211164262146, 0.00451301736757, 0.00145435996819], [0.00149870186578, -0.00400258833542, 0.0048824227415, -0.00252246507443, 0.00465647038072, -0.000767154735513, 0.00147124892101, 0.000580483058002, -0.000233757556998, 0.00288699730299, -0.00122914439999, -0.00137114070822, -0.000833158264868], [-1.90407706668e-06, 0.00438731117174, -0.00252246507443, 0.00578238116577, -0.00572014320642, 0.000938808894716, -0.00239533162676, 0.0013643882703, -0.00182747363579, -0.00016489130212, 0.00288130389526, -0.00103681616019, 0.00319900549948], [-0.0005537160323, -0.00783492997289, 0.00465647038072, -0.00572014320642, 0.0132105294615, -0.00268618762493, 0.00668626558036, -0.00456605944782, 0.00442491518334, -0.00424082065001, 0.00138146686368, -0.00374991842546, -0.00242765969597], [0.000901152729057, 0.00124027836137, -0.000767154735513, 0.000938808894716, -0.00268618762493, 0.00574683723971, -0.00435550371185, 0.00215040752664, -0.000687682651915, -0.000998370582238, 0.00188497733325, 0.00140282115899, 0.00149972981308], [-0.00321603287011, -0.00183059892152, 0.00147124892101, -0.00239533162676, 0.00668626558036, -0.00435550371185, 0.0153469974175, -0.00918780919164, 0.0116122998297, -0.00711316103116, 0.001915014931, -0.00291808438487, -0.00111696135718], [0.00358339911327, 0.000234067891142, 0.000580483058002, 0.0013643882703, -0.00456605944782, 0.00215040752664, -0.00918780919164, 0.0151040777564, -0.0111507307738, 0.00939323101193, -0.00498473178595, 0.00501342397183, 0.00021726063278], [-0.00427301879972, -0.000178743197466, -0.000233757556998, -0.00182747363579, 0.00442491518334, -0.000687682651915, 0.0116122998297, -0.0111507307738, 0.0218763593584, -0.0133426981047, 0.00735082663596, -0.00744912121445, -0.000540634908248], [0.00468100374565, 0.000399779994041, 0.00288699730299, -0.00016489130212, -0.00424082065001, -0.000998370582238, -0.00711316103116, 0.00939323101193, -0.0133426981047, 0.0265885535628, -0.0132070826367, 0.00973078515381, 0.000115520400868], [-0.00210790243, -0.00211164262146, -0.00122914439999, 0.00288130389526, 0.00138146686368, 0.00188497733325, 0.001915014931, -0.00498473178595, 0.00735082663596, -0.0132070826367, 0.0270882006735, -0.0163632594049, 0.00363674969412], [0.0013055971358, 0.00451301736757, -0.00137114070822, -0.00103681616019, -0.00374991842546, 0.00140282115899, -0.00291808438487, 0.00501342397183, -0.00744912121445, 0.00973078515381, -0.0163632594049, 0.0254195518792, -0.00665954779834], [0.000734427710995, 0.00145435996819, -0.000833158264868, 0.00319900549948, -0.00242765969597, 0.00149972981308, -0.00111696135718, 0.00021726063278, -0.000540634908248, 0.000115520400868, 0.00363674969412, -0.00665954779834, 0.0153268389404]]
    },
    "melbands": {
        "max": [0.000170707018697, 0.000361448212061, 0.00142147112638, 0.00304767140187, 0.00734958192334, 0.0170323122293, 0.00951516535133, 0.0223246663809, 0.0117963459343, 0.0144056919962, 0.0155640216544, 0.0287291575223, 0.00275920028798, 0.00142855523154, 0.000909290916752, 0.000866617949214, 0.00136635743547, 0.000667989253998, 0.00150273740292, 0.000779251102358, 0.000981144257821, 0.000657267926726, 0.000251500750892, 0.000681116012856, 0.000316232384648, 0.0001033587032, 5.31450095878e-05, 7.97648463049e-05, 7.29280218366e-05, 6.48712302791e-05, 8.19766573841e-05, 2.34492817981e-05, 1.73058524524e-05, 2.09128102142e-05, 2.28945555136e-05, 1.30467396957e-05, 4.80769949718e-06, 1.00152135474e-06, 1.21662999675e-08, 4.07542888325e-09],
        "mean": [6.84984252075e-06, 2.33146074606e-05, 5.77904684178e-05, 0.000159862145665, 0.000580440217163, 0.00093157304218, 0.000267573836027, 0.000180231858394, 0.000222634902457, 0.00020187246264, 0.000270311051281, 0.000200523878448, 3.27140005538e-05, 2.65849266725e-05, 1.76809280674e-05, 1.6268237232e-05, 1.55805009854e-05, 1.32518043756e-05, 1.47760219988e-05, 1.05179506136e-05, 7.95898085926e-06, 6.04954038863e-06, 6.45264071863e-06, 7.18176806913e-06, 4.90965067002e-06, 1.79944049705e-06, 1.31126409997e-06, 1.74465867531e-06, 1.13508997401e-06, 5.94164418999e-07, 5.39353038675e-07, 3.39816722317e-07, 2.91901983474e-07, 4.7920752877e-07, 4.6373116902e-07, 2.66123691972e-07, 9.47465679246e-08, 1.65657088047e-08, 1.67558034114e-09, 1.17946885592e-09],
        "min": [1.77088388398e-08, 8.70614798032e-08, 1.89030529896e-07, 8.08967257626e-08, 2.86862331222e-07, 1.40164395646e-08, 5.75911371925e-08, 4.74519872284e-08, 1.90476665551e-08, 1.9242222038e-08, 7.76124142732e-09, 6.90162060835e-09, 8.77320349701e-09, 4.25963264661e-09, 2.62416599561e-09, 2.48214782061e-09, 2.48608045261e-09, 3.41551475991e-09, 3.8885006326e-09, 3.5138820742e-09, 2.49221221438e-09, 4.7227675104e-09, 2.60562105225e-09, 1.56922064232e-09, 2.94189428374e-09, 1.84939452641e-09, 1.37903721775e-09, 1.51474621735e-09, 9.86668413638e-10, 1.16715270781e-09, 1.01846964196e-09, 7.20484560901e-10, 5.35553712488e-10, 6.49927334173e-10, 6.45006992261e-10, 8.11867684192e-10, 1.11174891515e-09, 4.72695216303e-10, 4.08785810757e-10, 2.66202920818e-10],
        "stdev": [1.37689266921e-05, 3.88504922739e-05, 0.000131978202262, 0.000294602941722, 0.000887812231667, 0.00195407308638, 0.000712139357347, 0.000995617825538, 0.000874115037732, 0.000916203192901, 0.00126374082174, 0.00151112640742, 0.000132422705065, 0.000103170299553, 6.10198912909e-05, 6.46405096631e-05, 7.05643833498e-05, 4.3843559979e-05, 7.46056466596e-05, 5.01431240991e-05, 4.83790208818e-05, 3.25248402078e-05, 2.22590533667e-05, 3.58895231329e-05, 1.84238997463e-05, 5.48442585568e-06, 4.09837957704e-06, 6.18663489149e-06, 5.30478200744e-06, 2.60235538008e-06, 3.17281637763e-06, 1.58515945259e-06, 1.14351746561e-06, 1.64905497968e-06, 1.69198756339e-06, 9.47196042489e-07, 3.13816030939e-07, 5.75300589389e-08, 1.06281261569e-09, 5.48173006987e-10]
    },
    "melbands128": {
        "max": [1.18987582027e-05, 9.64103965089e-05, 0.000311088690069, 0.000296366546536, 0.000370800175006, 0.000701704469975, 0.0020154742524, 0.00140646158252, 0.00544563960284, 0.00471446290612, 0.00419893814251, 0.00809401180595, 0.0128509933129, 0.0209604948759, 0.026114821434, 0.0258248951286, 0.0181615706533, 0.0180549230427, 0.00805733911693, 0.0238176900893, 0.0377336926758, 0.0144522897899, 0.0206428412348, 0.0254878159612, 0.0304686240852, 0.020746383816, 0.0416282899678, 0.0267553906888, 0.0285939592868, 0.0496757924557, 0.0324017331004, 0.00208576559089, 0.00426080403849, 0.00387898972258, 0.00354462885298, 0.001105587231, 0.00161115638912, 0.000943978724536, 0.00221971911378, 0.00201616925187, 0.000496279681101, 0.00316936941817, 0.0030967714265, 0.00232046376914, 0.000576535763685, 0.000758017878979, 0.00267274258658, 0.000891880423296, 0.00419967388734, 0.00190831627697, 0.000682732730638, 0.0009788738098, 0.000805658055469, 0.00203967490233, 0.00208713649772, 0.00032083329279, 0.00016568567662, 0.000319582788507, 0.000377725227736, 0.00126980012283, 0.00107284705155, 0.000596977595706, 0.000573692843318, 0.000470640603453, 0.000213311126572, 5.5816348322e-05, 0.000289620191325, 3.62147366104e-05, 5.36261213711e-05, 0.000229256067541, 0.000133826542879, 0.000112395668111, 0.000233101469348, 0.000120804077596, 2.8618851502e-05, 4.02654877689e-05, 0.000107632775325, 0.000124463564134, 8.93571850611e-05, 6.14207383478e-05, 5.87309114053e-05, 2.92283639283e-05, 1.58842576639e-05, 3.08689450321e-05, 1.72317177203e-05, 2.8591719456e-05, 1.74717588379e-05, 3.84684535675e-05, 2.68580024567e-05, 2.32944148593e-05, 1.87716905202e-05, 1.25372052935e-05, 5.95223491473e-06, 5.91096159042e-06, 4.67896416012e-06, 1.34614322178e-06, 4.65046866793e-07, 3.44714443656e-08, 6.93974921973e-09, 6.69997390901e-09, 6.27622487315e-09, 4.76268446903e-09, 3.78008557789e-09, 3.68019348329e-09, 6.96301238889e-10, 2.52549925417e-10, 2.45521297737e-10, 2.38484509918e-10, 2.31470440037e-10, 2.21766952024e-10, 2.11001577322e-10, 2.07132408447e-10, 1.97830932192e-10, 1.91453117249e-10, 1.80696957397e-10, 1.76466161128e-10, 1.70508759889e-10, 1.66249167211e-10, 1.61491806039e-10, 1.5755874383e-10, 1.54852713985e-10, 1.50656903619e-10, 1.47713938303e-10, 1.45642331528e-10, 1.42755640642e-10, 1.41128456144e-10, 1.40053690867e-10, 1.39241798647e-10],
        "mean": [7.7775587215e-07, 2.81871029983e-06, 7.9192004705e-06, 1.71583142219e-05, 2.22809485422e-05, 2.55026225204e-05, 4.51252526545e-05, 4.96318098158e-05, 0.00010555733752, 0.00010704252054, 0.000204913449124, 0.000418441806687, 0.000609723269008, 0.000851608696394, 0.00122035422828, 0.000885328685399, 0.000339540158166, 0.000195105269086, 9.61699261097e-05, 0.000174779212102, 0.000230506731896, 0.000163005621289, 0.000262997462414, 0.000219829351408, 0.000175836627022, 0.00016146802227, 0.000329762493493, 0.000323525833664, 0.000135876311106, 0.000344944739481, 0.00017289655807, 2.33191040024e-05, 2.55939648923e-05, 3.97430230805e-05, 2.85944588541e-05, 2.40218869294e-05, 2.12670602195e-05, 8.16860756458e-06, 2.4281849619e-05, 2.42184469244e-05, 7.44885346649e-06, 1.77257570613e-05, 1.45742451423e-05, 2.02312148758e-05, 5.03456885781e-06, 1.23655290736e-05, 2.293432226e-05, 8.7921262093e-06, 1.69959203049e-05, 1.53785913426e-05, 7.98009568825e-06, 7.73901047069e-06, 5.68402174395e-06, 8.91955642146e-06, 1.17014651551e-05, 3.97154508391e-06, 2.80856943391e-06, 6.96018514645e-06, 6.77005118632e-06, 7.44296039557e-06, 7.38429571356e-06, 6.82129757479e-06, 7.12471455699e-06, 3.85746216125e-06, 2.29262991525e-06, 1.43869158364e-06, 2.05103106055e-06, 9.52431662427e-07, 8.95421464975e-07, 2.12137229028e-06, 1.79706751169e-06, 1.53060386765e-06, 1.64305527051e-06, 1.03192087408e-06, 5.91164791786e-07, 6.8654350116e-07, 5.28582802417e-07, 4.90186948809e-07, 6.29852195289e-07, 4.86944202294e-07, 3.68148135976e-07, 2.86614238121e-07, 2.30473517604e-07, 3.14130431889e-07, 2.7646612466e-07, 4.76358451351e-07, 5.12745941705e-07, 5.67283450437e-07, 4.57626811112e-07, 4.28768231586e-07, 3.1341983231e-07, 2.31999820244e-07, 1.54398122731e-07, 1.02598903595e-07, 5.09738207199e-08, 2.51771847815e-08, 9.10011266342e-09, 2.16225637395e-09, 1.50137813293e-09, 1.36778155468e-09, 1.27579746767e-09, 1.18851106734e-09, 1.02575814509e-09, 7.51785744768e-10, 1.38060507471e-10, 3.84329807562e-12, 3.4271216507e-12, 3.34924405918e-12, 3.25188248725e-12, 3.1372677893e-12, 3.02787525955e-12, 2.93100331332e-12, 2.81963276512e-12, 2.72479760109e-12, 2.63926012121e-12, 2.5740768024e-12, 2.52834450425e-12, 2.3419439131e-12, 2.2675227581e-12, 2.21172190805e-12, 2.15934366742e-12, 2.11832201086e-12, 2.07720494451e-12, 2.02603016829e-12, 1.9278038367e-12, 1.7781318952e-12, 1.69511930534e-12, 1.6761038087e-12],
        "min": [2.26234156409e-10, 5.80715919796e-09, 7.99061972145e-09, 2.53771723635e-08, 3.69901509423e-09, 1.84272224146e-08, 7.07451732751e-08, 8.64031335368e-08, 2.28485586007e-08, 8.40157277082e-09, 2.993952819e-08, 2.58748524828e-08, 1.80423604945e-08, 9.98412907904e-09, 6.74835964887e-09, 2.74768696684e-09, 8.39207103809e-09, 7.83430031959e-09, 4.05152995597e-08, 2.03910577312e-08, 2.64234429892e-08, 1.66662630363e-08, 4.59434179589e-09, 4.45216885581e-09, 1.14258922324e-08, 5.14156894837e-09, 2.65402722022e-09, 6.00276894858e-09, 2.07501371641e-09, 2.91974511235e-09, 5.25567678267e-09, 5.47703038478e-09, 4.12901979274e-09, 3.51106077545e-09, 2.07417794051e-09, 1.59307067538e-09, 2.33034080921e-09, 2.3837753993e-09, 1.1873151351e-09, 1.19600496173e-09, 6.98838265034e-10, 6.85932310951e-10, 1.19496135209e-09, 6.21372509002e-10, 8.29998958451e-10, 1.1861965854e-09, 1.2527224813e-09, 1.42424694261e-09, 9.01293262245e-10, 1.61798663356e-09, 9.65661217656e-10, 2.43403630584e-09, 1.64854041529e-09, 2.37034725181e-09, 1.54659918206e-09, 8.84655126931e-10, 1.75301018146e-09, 7.99723343103e-10, 1.12093689886e-09, 1.62305502371e-09, 1.18140452976e-09, 1.38865663413e-09, 9.31018206973e-10, 1.25657284578e-09, 1.51227574907e-09, 1.09094189238e-09, 8.10469635848e-10, 4.59716431589e-10, 6.31992680411e-10, 7.59897256231e-10, 9.68576441274e-10, 8.63388527339e-10, 6.54413523371e-10, 1.00469810249e-09, 4.41645803262e-10, 6.27429053157e-10, 6.95365487413e-10, 7.030649396e-10, 6.03461391968e-10, 5.83491366335e-10, 3.9757142023e-10, 5.25283372355e-10, 5.0593046419e-10, 3.60663970911e-10, 3.04211045243e-10, 4.31750274421e-10, 4.25829843609e-10, 5.00618879684e-10, 4.84996764971e-10, 2.92002200197e-10, 5.29277677241e-10, 5.07956954277e-10, 1.10842424128e-09, 9.8316199626e-10, 4.44191877724e-10, 2.16233822514e-10, 3.39737432631e-10, 2.5232563261e-10, 1.0682088547e-10, 2.01592159632e-10, 1.68235717024e-10, 2.07166311883e-10, 1.44612641306e-10, 4.82674490654e-11, 4.01979231152e-12, 1.80348411986e-13, 1.28101671523e-13, 1.47392718148e-13, 1.3769718601e-13, 1.5757854006e-13, 1.7078497633e-13, 1.59366768913e-13, 1.57728065092e-13, 1.43545684237e-13, 1.48807059882e-13, 1.80852064552e-13, 1.46025878021e-13, 1.64735941359e-13, 1.51937531024e-13, 1.40205135371e-13, 1.47295248372e-13, 1.43614124499e-13, 1.75150285985e-13, 1.46948154599e-13, 9.76995855094e-14, 3.22748216499e-14, 5.06159233653e-15, 1.6555984226e-16],
        "stdev": [1.19708556667e-06, 6.24821404926e-06, 2.3308184609e-05, 3.20399412885e-05, 4.28513303632e-05, 5.93244076299e-05, 0.000159236602485, 0.000126094426378, 0.000346345099388, 0.000305200956063, 0.000477632042021, 0.000902742322069, 0.00130786094815, 0.00181510241237, 0.00308510288596, 0.00253291521221, 0.00121694826521, 0.000857992621604, 0.000385204708437, 0.00117353361566, 0.00160919944756, 0.000731787004042, 0.00131947046611, 0.00129788485356, 0.00127811927814, 0.00119432783686, 0.00215024873614, 0.00192360708024, 0.000991079024971, 0.00284435111098, 0.00146386248525, 0.000125717720948, 0.000155501373229, 0.000244873517659, 0.000193997882889, 0.000106135303213, 8.8380627858e-05, 3.60804733646e-05, 0.000123635356431, 0.000126707323943, 3.07301925204e-05, 0.000136746442877, 9.51424444793e-05, 0.000115566312161, 2.07699758903e-05, 4.97178880323e-05, 0.000117995317851, 4.19530333602e-05, 0.000177672613063, 0.00010868487152, 3.94177368435e-05, 4.37170165242e-05, 3.43481515301e-05, 9.09050795599e-05, 0.00010295973334, 1.56312180479e-05, 9.75284274318e-06, 2.75435795629e-05, 2.91854430543e-05, 6.22636725893e-05, 5.23610397067e-05, 3.16980185744e-05, 3.62704740837e-05, 1.83252177521e-05, 1.04141063275e-05, 4.21219556301e-06, 1.13469313874e-05, 2.98781446872e-06, 3.24662528328e-06, 1.16465062092e-05, 6.82818790665e-06, 6.44992360321e-06, 1.20273862194e-05, 6.52151175018e-06, 2.34634831031e-06, 2.8580259368e-06, 3.39312327924e-06, 3.82465441362e-06, 4.09950735047e-06, 2.60027331933e-06, 2.49571826316e-06, 1.28902797769e-06, 9.5549978596e-07, 1.55703457949e-06, 1.05957838059e-06, 1.92591824089e-06, 1.77238143806e-06, 2.46519925895e-06, 1.72628017481e-06, 1.74415743004e-06, 1.16978981168e-06, 9.38757750646e-07, 4.91385208079e-07, 3.76871014396e-07, 2.12220683693e-07, 8.9799897296e-08, 2.83647416666e-08, 2.36953745514e-09, 9.06127395339e-10, 7.84729281555e-10, 7.6214856648e-10, 6.31736329915e-10, 5.31512667212e-10, 3.92975152419e-10, 9.54173476342e-11, 1.22093541874e-11, 1.18152536366e-11, 1.13959649009e-11, 1.10050831295e-11, 1.05688652274e-11, 1.01163114344e-11, 9.82931184362e-12, 9.44219528953e-12, 9.11009202104e-12, 8.69069659987e-12, 8.44554461088e-12, 8.19151170506e-12, 7.97060507873e-12, 7.74666875786e-12, 7.54472699593e-12, 7.41109604241e-12, 7.23465558294e-12, 7.09186919259e-12, 6.9822394394e-12, 6.8593078266e-12, 6.79233405632e-12, 6.74051873345e-12, 6.70306345152e-12]
    },
    "mfcc": {
        "mean": [-788.458435059, 155.635238647, -12.6133317947, 13.9404802322, -18.0481014252, -11.1998767853, -26.0330085754, -1.16802835464, -24.170463562, -0.199631333351, -15.663274765, -3.54437685013, -7.93611335754],
        "cov": [[7700.57373047, -186.64352417, -2392.70166016, 333.541381836, -898.574890137, 211.706680298, -541.75012207, 424.211425781, -495.508422852, 523.568237305, -248.64302063, 56.3394851685, -224.998031616], [-186.64352417, 967.918457031, -6.55395698547, -271.959564209, 193.034103394, -172.084213257, 203.860092163, -105.094566345, 12.1212816238, -10.7187366486, 71.9041595459, -25.8805561066, 108.312034607], [-2392.70166016, -6.55395698547, 1186.66699219, -76.2014694214, 162.477584839, -59.7511444092, 98.1097335815, -71.8574295044, 98.8683242798, -199.498748779, -0.613129734993, -10.3798131943, 71.8972702026], [333.541381836, -271.959564209, -76.2014694214, 393.615081787, 67.5643081665, 12.5742464066, -132.615921021, 58.0377502441, -3.2913403511, -20.0006313324, -17.6157417297, 7.31841182709, 13.0078763962], [-898.574890137, 193.034103394, 162.477584839, 67.5643081665, 429.304992676, -15.0660362244, 8.60817146301, -69.1613540649, 89.6435470581, -57.4782028198, 63.5584487915, -11.2974281311, 72.0114898682], [211.706680298, -172.084213257, -59.7511444092, 12.5742464066, -15.0660362244, 296.439819336, 64.8469161987, -0.777947068214, 19.9584388733, 42.9963951111, 26.2008228302, 3.38522005081, -29.4577140808], [-541.75012207, 203.860092163, 98.1097335815, -132.615921021, 8.60817146301, 64.8469161987, 339.78326416, -16.1024417877, 67.3388977051, 7.36560821533, 64.4980621338, -16.6865615845, 7.39063596725], [424.211425781, -105.094566345, -71.8574295044, 58.0377502441, -69.1613540649, -0.777947068214, -16.1024417877, 139.768218994, -9.39307403564, 27.467666626, -27.0876178741, 7.55123949051, -20.4963779449], [-495.508422852, 12.1212816238, 98.8683242798, -3.2913403511, 89.6435470581, 19.9584388733, 67.3388977051, -9.39307403564, 136.680389404, 4.26895475388, 25.1259422302, -15.2697763443, 2.39793348312], [523.568237305, -10.7187366486, -199.498748779, -20.0006313324, -57.4782028198, 42.9963951111, 7.36560821533, 27.467666626, 4.26895475388, 158.303436279, 20.7924880981, -17.260925293, -43.157169342], [-248.64302063, 71.9041595459, -0.613129734993, -17.6157417297, 63.5584487915, 26.2008228302, 64.4980621338, -27.0876178741, 25.1259422302, 20.7924880981, 134.484634399, 15.2468385696, 7.649974823], [56.3394851685, -25.8805561066, -10.3798131943, 7.31841182709, -11.2974281311, 3.38522005081, -16.6865615845, 7.55123949051, -15.2697763443, -17.260925293, 15.2468385696, 70.3366775513, 17.0840682983], [-224.998031616, 108.312034607, 71.8972702026, 13.0078763962, 72.0114898682, -29.4577140808, 7.39063596725, -20.4963779449, 2.39793348312, -43.157169342, 7.649974823, 17.0840682983, 101.860115051]],
        "icov": [[0.0026693653781, -0.00320750614628, 0.00315499911085, -0.00266597373411, 0.00368942925707, -0.00346621824428, 0.00341888447292, -0.00398390041664, 0.00312599958852, -0.0027804938145, 0.00273805274628, -0.00155414943583, 0.00156347639859], [-0.00320750614628, 0.00649121170864, -0.0032786950469, 0.00476919673383, -0.00574061227962, 0.00577149912715, -0.00553326867521, 0.00533101474866, -0.00277695758268, 0.00295176473446, -0.00349722639658, 0.00273427809589, -0.00396044040099], [0.00315499911085, -0.0032786950469, 0.00505390251055, -0.00257293111645, 0.00402164971456, -0.0037227103021, 0.00365013116971, -0.00453858217224, 0.00310394121334, -0.00183276564348, 0.00321383262053, -0.00131761096418, 0.00124889786821], [-0.00266597373411, 0.00476919673383, -0.00257293111645, 0.00713311834261, -0.0051375455223, 0.0038183555007, -0.00277591263875, 0.00244714482687, -0.00289635173976, 0.00347702181898, -0.00314615201205, 0.00253964215517, -0.00327311921865], [0.00368942925707, -0.00574061227962, 0.00402164971456, -0.0051375455223, 0.00959805585444, -0.00553697301075, 0.00598995527253, -0.00457237288356, 0.00161517492961, -0.00283286115155, 0.00220551830716, -0.00132072460838, 0.00114736671094], [-0.00346621824428, 0.00577149912715, -0.0037227103021, 0.0038183555007, -0.00553697301075, 0.00937300734222, -0.00626777810976, 0.0060751833953, -0.00369331706315, 0.00249736849219, -0.00374675309286, 0.00163095956668, -0.00219831918366], [0.00341888447292, -0.00553326867521, 0.00365013116971, -0.00277591263875, 0.00598995527253, -0.00626777810976, 0.00968479271978, -0.00617455784231, 0.00163994135801, -0.00271127861924, 0.001527682296, -0.000864621892106, 0.00206424482167], [-0.00398390041664, 0.00533101474866, -0.00453858217224, 0.00244714482687, -0.00457237288356, 0.0060751833953, -0.00617455784231, 0.015419238247, -0.00492335017771, 0.00242626247928, -0.00228555686772, 0.000543653906789, -0.00181320565753], [0.00312599958852, -0.00277695758268, 0.00310394121334, -0.00289635173976, 0.00161517492961, -0.00369331706315, 0.00163994135801, -0.00492335017771, 0.0143809504807, -0.00488656852394, 0.00309965899214, -0.0006928719813, 0.00219166278839], [-0.0027804938145, 0.00295176473446, -0.00183276564348, 0.00347702181898, -0.00283286115155, 0.00249736849219, -0.00271127861924, 0.00242626247928, -0.00488656852394, 0.0132510364056, -0.00529158813879, 0.00445301597938, 0.000358900433639], [0.00273805274628, -0.00349722639658, 0.00321383262053, -0.00314615201205, 0.00220551830716, -0.00374675309286, 0.001527682296, -0.00228555686772, 0.00309965899214, -0.00529158813879, 0.0132056744769, -0.00558697897941, 0.00231690332294], [-0.00155414943583, 0.00273427809589, -0.00131761096418, 0.00253964215517, -0.00132072460838, 0.00163095956668, -0.000864621892106, 0.000543653906789, -0.0006928719813, 0.00445301597938, -0.00558697897941, 0.0188212767243, -0.00499132042751], [0.00156347639859, -0.00396044040099, 0.00124889786821, -0.00327311921865, 0.00114736671094, -0.00219831918366, 0.00206424482167, -0.00181320565753, 0.00219166278839, 0.000358900433639, 0.00231690332294, -0.00499132042751, 0.015820780769]]
    },
    "spectral_contrast_coeffs": {
        "max": [-0.326023906469, -0.369040280581, -0.444585621357, -0.600666344166, -0.582068264484, -0.451817244291],
        "mean": [-0.602764010429, -0.69220238924, -0.749936044216, -0.798483371735, -0.798130095005, -0.768249630928],
        "min": [-0.881132185459, -0.92796754837, -0.916061401367, -0.916530311108, -0.91050606966, -0.878452777863],
        "stdev": [0.107089340687, 0.101429596543, 0.082163721323, 0.0601422712207, 0.056886009872, 0.0796986296773]
    },
    "spectral_contrast_valleys": {
        "max": [-6.66346645355, -4.68996047974, -5.96400260925, -5.9769616127, -6.43290042877, -11.0108327866],
        "mean": [-8.55542087555, -7.63690185547, -8.58574295044, -8.99438095093, -9.16092681885, -12.2940578461],
        "min": [-10.5246143341, -10.1591014862, -10.8875188828, -11.1758909225, -10.8434906006, -12.9812231064],
        "stdev": [0.762350559235, 0.973956406116, 0.95854383707, 0.973277449608, 0.941301882267, 0.29320910573]
    }
},
"rhythm": {
    "beats_count": 77,
    "beats_loudness": {
        "max": 0.172993212938,
        "mean": 0.0164784789085,
        "min": 0.00016012742708,
        "stdev": 0.0277738533914
    },
    "bpm": 155.792358398,
    "bpm_histogram_first_peak_bpm": 157,
    "bpm_histogram_first_peak_weight": 0.263157904148,
    "bpm_histogram_second_peak_bpm": 172,
    "bpm_histogram_second_peak_spread": 0,
    "bpm_histogram_second_peak_weight": 0.157894730568,
    "danceability": 0.979793488979,
    "onset_rate": 2.49169898033,
    "beats_loudness_band_ratio": {
        "max": [0.555675625801, 0.989221870899, 0.827883183956, 0.788296222687, 0.30973392725, 0.771775305271],
        "mean": [0.0651121288538, 0.537688851357, 0.278757512569, 0.102951951325, 0.0368442684412, 0.0358921177685],
        "min": [9.74415161181e-05, 0.0148197431117, 0.00279338052496, 0.000956508331001, 6.08863883826e-05, 0.000260284548858],
        "stdev": [0.101355046034, 0.27715241909, 0.20557102561, 0.154346391559, 0.0550360158086, 0.124993219972]
    },
