{
"metadata": {
    "version": {
        "essentia": "2.1-beta5",
        "essentia_git_sha": "Undefined",
        "extractor": "music 2.0"
    },
    "audio_properties": {
        "analysis": {
            "equal_loudness": 0,
            "length": 32.4963264465,
            "sample_rate": 44100,
            "start_time": 12.7477550507,
            "downmix": "mix"
        },
        "bit_rate": 192000,
        "length": 192.214782715,
        "lossless": 0,
        "number_channels": 2,
        "replay_gain": -9.42273712158,
        "sample_rate": 44100,
        "codec": "mp3",
        "md5_encoded": "8ff11d1ea782c408fe21f6d518b59470"
    },
    "tags": {
        "file_name": "Netherlands_Wat Een Dag_Greetje Kauffeld.mp3",
        "encoding": ["Lavf58.29.100"]
    }
},
"lowlevel": {
    "average_loudness": 0.0558084324002,
    "barkbands_crest": {
        "max": 25.9608078003,
        "mean": 12.2890977859,
        "min": 2.85241603851,
        "stdev": 5.74651527405
    },
    "barkbands_flatness_db": {
        "max": 0.467019379139,
        "mean": 0.229797035456,
        "min": 0.073989443481,
        "stdev": 0.0760130509734
    },
    "barkbands_kurtosis": {
        "max": 97.9441833496,
        "mean": 6.34122228622,
        "min": -1.90413367748,
        "stdev": 10.7431716919
    },
    "barkbands_skewness": {
        "max": 8.57133102417,
        "mean": 1.40640413761,
        "min": -2.09523153305,
        "stdev": 1.36121225357
    },
    "barkbands_spread": {
        "max": 77.8607635498,
        "mean": 13.4162893295,
        "min": 0.695581555367,
        "stdev": 14.7060632706
    },
    "dissonance": {
        "max": 0.499817818403,
        "mean": 0.420262783766,
        "min": 0.147493883967,
        "stdev": 0.0566841065884
    },
    "dynamic_complexity": 8.50079154968,
    "erbbands_crest": {
        "max": 33.5933837891,
        "mean": 14.2980155945,
        "min": 3.0094769001,
        "stdev": 7.05205535889
    },
    "erbbands_flatness_db": {
        "max": 0.48271009326,
        "mean": 0.280431389809,
        "min": 0.151197627187,
        "stdev": 0.0742502510548
    },
    "erbbands_kurtosis": {
        "max": 61.1095962524,
        "mean": 3.34435224533,
        "min": -1.78204703331,
        "stdev": 6.42688798904
    },
    "erbbands_skewness": {
        "max": 5.96820926666,
        "mean": 0.94013351202,
        "min": -3.83589434624,
        "stdev": 1.10540783405
    },
    "erbbands_spread": {
        "max": 111.016937256,
        "mean": 22.8104667664,
        "min": 1.14875245094,
        "stdev": 19.7649993896
    },
    "hfc": {
        "max": 146.886978149,
        "mean": 9.68104362488,
        "min": 0.023695198819,
        "stdev": 20.800693512
    },
    "loudness_ebu128": {
        "integrated": -17.0593357086,
        "loudness_range": 12.8110332489,
        "momentary": {
            "max": -7.68114423752,
            "mean": -22.9486694336,
            "min": -38.0064239502,
            "stdev": 6.962246418
        },
        "short_term": {
            "max": -11.8493700027,
            "mean": -20.4941444397,
            "min": -27.2517852783,
            "stdev": 4.11666059494
        }
    },
    "melbands_crest": {
        "max": 33.7149810791,
        "mean": 15.1119222641,
        "min": 3.38780426979,
        "stdev": 6.99893140793
    },
    "melbands_flatness_db": {
        "max": 0.436657041311,
        "mean": 0.23971273005,
        "min": 0.0788048878312,
        "stdev": 0.0830841213465
    },
    "melbands_kurtosis": {
        "max": 127.993774414,
        "mean": 9.02746200562,
        "min": -1.89544415474,
        "stdev": 13.3171195984
    },
    "melbands_skewness": {
        "max": 9.04681587219,
        "mean": 1.62574028969,
        "min": -1.24391233921,
        "stdev": 1.39737331867
    },
    "melbands_spread": {
        "max": 218.266220093,
        "mean": 20.0781097412,
        "min": 0.848154366016,
        "stdev": 26.0145797729
    },
    "pitch_salience": {
        "max": 0.897154331207,
        "mean": 0.559640228748,
        "min": 0.0963530912995,
        "stdev": 0.145715624094
    },
    "silence_rate_20dB": {
        "max": 1,
        "mean": 1,
        "min": 1,
        "stdev": 0
    },
    "silence_rate_30dB": {
        "max": 1,
        "mean": 0.982155621052,
        "min": 0,
        "stdev": 0.132385909557
    },
    "silence_rate_60dB": {
        "max": 1,
        "mean": 0.554603874683,
        "min": 0,
        "stdev": 0.497009396553
    },
    "spectral_centroid": {
        "max": 4925.23632812,
        "mean": 1091.86242676,
        "min": 297.47164917,
        "stdev": 592.186462402
    },
    "spectral_complexity": {
        "max": 28,
        "mean": 4.93076372147,
        "min": 0,
        "stdev": 4.27668142319
    },
    "spectral_decrease": {
        "max": -4.83322019559e-12,
        "mean": -2.63153099311e-09,
        "min": -3.999111442e-08,
        "stdev": 5.54509593798e-09
    },
    "spectral_energy": {
        "max": 0.164258733392,
        "mean": 0.0108100948855,
        "min": 2.03908894036e-05,
        "stdev": 0.0227906964719
    },
    "spectral_energyband_high": {
        "max": 0.00113834545482,
        "mean": 5.08992779942e-05,
        "min": 1.05966499575e-07,
        "stdev": 0.000117731186037
    },
    "spectral_energyband_low": {
        "max": 0.000545843678992,
        "mean": 2.94227756967e-05,
        "min": 7.23838184058e-07,
        "stdev": 4.41263473476e-05
    },
    "spectral_energyband_middle_high": {
        "max": 0.160286694765,
        "mean": 0.00659278267995,
        "min": 3.12053521156e-06,
        "stdev": 0.019210703671
    },
    "spectral_energyband_middle_low": {
        "max": 0.126715913415,
        "mean": 0.00442131049931,
        "min": 1.00247088994e-05,
        "stdev": 0.0102340849116
    },
    "spectral_entropy": {
        "max": 8.37217140198,
        "mean": 6.973716259,
        "min": 5.1564617157,
        "stdev": 0.695912241936
    },
    "spectral_flux": {
        "max": 0.315145134926,
        "mean": 0.0351531468332,
        "min": 0.00364450528286,
        "stdev": 0.039817828685
    },
    "spectral_kurtosis": {
        "max": 53.0662956238,
        "mean": 8.27038574219,
        "min": -1.54658997059,
        "stdev": 8.10167217255
    },
    "spectral_rms": {
        "max": 0.0126590849832,
        "mean": 0.00228427606635,
        "min": 0.000141044496559,
        "stdev": 0.00230836076662
    },
    "spectral_rolloff": {
        "max": 8376.41601562,
        "mean": 1647.52539062,
        "min": 279.931640625,
        "stdev": 1763.37841797
    },
    "spectral_skewness": {
        "max": 5.70587778091,
        "mean": 1.90521156788,
        "min": -0.54658305645,
        "stdev": 0.951789438725
    },
    "spectral_spread": {
        "max": 19914964,
        "mean": 3283846,
        "min": 1316337.625,
        "stdev": 1542015.5
    },
    "spectral_strongpeak": {
        "max": 13.982837677,
        "mean": 1.40840780735,
        "min": 0.00370712764561,
        "stdev": 2.26283407211
    },
    "zerocrossingrate": {
        "max": 0.2998046875,
        "mean": 0.0588317923248,
        "min": 0.01171875,
        "stdev": 0.0457524135709
    },
    "barkbands": {
        "max": [1.57214653882e-05, 0.000154021850904, 0.000390176021028, 0.000374354713131, 0.00716760149226, 0.0124450409785, 0.0115494383499, 0.0200098082423, 0.125611528754, 0.156828090549, 0.0553490072489, 0.0423893071711, 0.0263143405318, 0.0128370178863, 0.0124413343146, 0.0171123854816, 0.00277753686532, 0.00240159872919, 0.00263064098544, 0.000233285449212, 0.00020719449094, 0.000325780769344, 0.000693086709362, 0.000422800570959, 6.47446199764e-07, 1.29865128429e-07, 1.39942869737e-07],
        "mean": [8.03870477739e-07, 5.2739937928e-06, 1.16263609016e-05, 2.31520789384e-05, 0.00032438072958, 0.00062043935759, 0.000466266239528, 0.000462398544187, 0.00200088624842, 0.00430228281766, 0.000949633715209, 0.00049995147856, 0.00033051968785, 0.000278991268715, 0.000231857033214, 0.00013883196516, 3.36844568665e-05, 4.78758956888e-05, 2.72230172413e-05, 8.36089475342e-06, 6.91645391271e-06, 8.52921039041e-06, 2.19629328058e-05, 8.22702440928e-06, 3.34987930728e-08, 4.02617744699e-10, 4.3457779042e-10],
        "min": [3.43707218242e-09, 1.06940902356e-07, 1.59735584759e-08, 6.0919056466e-08, 3.39622829415e-07, 7.69104929077e-07, 4.46534073717e-07, 3.49055454762e-07, 3.98141992264e-07, 1.32442607992e-07, 8.74581047583e-08, 2.44051733489e-07, 8.7818328609e-08, 6.25950065114e-08, 3.05311090187e-07, 6.35641654867e-08, 6.11796195926e-08, 4.57825812816e-08, 2.96868947203e-08, 4.06309794698e-08, 2.13098552138e-08, 1.70833782676e-08, 1.58278687934e-08, 2.13836131024e-08, 1.33352539081e-11, 1.36002693482e-11, 2.08596664247e-11],
        "stdev": [1.45400144902e-06, 9.37411186896e-06, 2.64637110376e-05, 3.7040841562e-05, 0.00074214534834, 0.00132237502839, 0.00134182057809, 0.00134330033325, 0.00922661926597, 0.0173810403794, 0.00429607089609, 0.0023625723552, 0.00149090506602, 0.00115725013893, 0.000897601712495, 0.00066918542143, 0.000109701199108, 0.000139033742016, 0.00011688174709, 1.91278941202e-05, 1.71926931216e-05, 2.47496918746e-05, 6.69864748488e-05, 3.05808607663e-05, 2.38487185555e-08, 3.61880059252e-09, 3.89238019594e-09]
    },
    "erbbands": {
        "max": [0.00290266703814, 0.0392235070467, 0.261990964413, 0.79998844862, 5.5268201828, 30.3850460052, 103.337120056, 153.056671143, 167.446731567, 434.568786621, 438.772033691, 3982.18945312, 2644.85424805, 5969.92578125, 2325.12744141, 584.276306152, 1051.47241211, 846.407836914, 787.703796387, 661.148254395, 485.419067383, 126.327987671, 124.765937805, 239.579467773, 17.4105186462, 11.9355096817, 12.4434041977, 8.24882221222, 11.2055463791, 30.9120769501, 21.0956134796, 17.2115688324, 1.71555662155, 0.0485094562173, 0.00286037335172, 0.000515546475071, 0.000241046174779, 8.62679225975e-05, 8.60390864545e-05, 0.000193325584405],
        "mean": [0.000153254703037, 0.00131942809094, 0.00990487914532, 0.0548918172717, 0.185782194138, 1.21591734886, 4.3312830925, 4.68387651443, 6.86715126038, 6.30370330811, 15.0917339325, 46.2819900513, 61.4632453918, 156.517929077, 43.0986099243, 18.2678604126, 15.898519516, 15.9217472076, 15.4346103668, 6.564494133, 7.46479654312, 2.12131714821, 2.00756502151, 2.94720077515, 0.614199101925, 0.430345207453, 0.349813997746, 0.236093848944, 0.260444879532, 0.58608520031, 0.592796325684, 0.344291210175, 0.0411256551743, 0.00180394016206, 0.000192590538063, 2.1457695766e-05, 7.27423957869e-06, 2.24995983444e-06, 5.98456927037e-06, 1.28531701193e-05],
        "min": [4.30060526924e-06, 3.40793776559e-05, 6.02600703132e-05, 0.000261542969383, 0.000271523342235, 0.000959493219852, 0.0034849033691, 0.00704942969605, 0.0111630791798, 0.0210164003074, 0.0207041539252, 0.0172608029097, 0.012227316387, 0.00606250343844, 0.0134281059727, 0.00981376040727, 0.00514369131997, 0.0102386670187, 0.013707883656, 0.00811739824712, 0.00407817075029, 0.00311873899773, 0.00287649524398, 0.00265868124552, 0.00175360706635, 0.00208700587973, 0.00121136463713, 0.000686136540025, 0.000612644769717, 0.000489966303576, 0.000481829047203, 0.000564205693081, 0.00027788314037, 0.000181399314897, 3.29794420395e-05, 1.17562353807e-06, 1.79056300453e-07, 3.89932459655e-08, 3.52162530248e-08, 5.93597064835e-08],
        "stdev": [0.000186490506167, 0.00252845045179, 0.0196621138602, 0.0836659818888, 0.400565326214, 3.04024839401, 9.51055622101, 11.9491920471, 18.6762561798, 19.7112808228, 41.828742981, 263.135803223, 175.155960083, 670.639709473, 178.600723267, 63.7202835083, 64.9324035645, 66.5925216675, 57.3538246155, 25.4662952423, 31.365190506, 6.58745670319, 5.80630970001, 11.1764144897, 1.50303947926, 1.01178264618, 0.903882741928, 0.552685499191, 0.722850143909, 2.05272912979, 1.72492396832, 1.23863172531, 0.137680917978, 0.00391646102071, 0.00022567922133, 3.78679142159e-05, 1.31722817969e-05, 4.29635065302e-06, 1.20627737488e-05, 2.68744934147e-05]
    },
    "gfcc": {
        "mean": [-182.302856445, 131.030029297, -179.854064941, 10.8503303528, -90.9998779297, 1.26211357117, -34.5739440918, -17.1408977509, 0.244803249836, -28.8351764679, 5.44942951202, -15.140827179, 2.77696061134],
        "cov": [[4075.68579102, -293.861968994, -1163.91308594, -944.917602539, 47.1686553955, -163.054580688, 503.867279053, -223.930786133, 284.931121826, -389.021881104, 25.6556186676, 113.62776947, -123.663963318], [-293.861968994, 730.542663574, 32.9196166992, -233.08656311, 242.188140869, -285.363250732, -58.4554672241, 38.3763999939, -100.118545532, 17.8753356934, 16.6033878326, -108.682365417, 86.8629760742], [-1163.91308594, 32.9196166992, 823.734802246, 472.587371826, -201.978103638, 67.8357543945, -282.847595215, -12.1725540161, -32.0725822449, 50.4955253601, -54.7285118103, -30.5724697113, -10.0849637985], [-944.917602539, -233.08656311, 472.587371826, 910.528015137, -173.675125122, 151.574157715, -223.288497925, -28.6112327576, -19.6486873627, 83.4286346436, -109.368995667, -51.2839050293, -53.9085273743], [47.1686553955, 242.188140869, -201.978103638, -173.675125122, 264.871459961, -82.8153686523, 19.6943588257, 66.4102554321, -52.1125564575, -10.8635158539, 15.8683691025, -25.256980896, 31.4369258881], [-163.054580688, -285.363250732, 67.8357543945, 151.574157715, -82.8153686523, 397.457672119, 94.6335906982, -41.0022583008, -36.9149131775, 40.071231842, -23.2963943481, -20.9984264374, -72.2278823853], [503.867279053, -58.4554672241, -282.847595215, -223.288497925, 19.6943588257, 94.6335906982, 288.983001709, 18.768945694, -16.3909454346, -28.5923881531, 11.1170015335, 20.453578949, -4.59862804413], [-223.930786133, 38.3763999939, -12.1725540161, -28.6112327576, 66.4102554321, -41.0022583008, 18.768945694, 167.688842773, 14.529419899, -14.9462385178, 12.3471221924, 20.8330154419, 26.3558349609], [284.931121826, -100.118545532, -32.0725822449, -19.6486873627, -52.1125564575, -36.9149131775, -16.3909454346, 14.529419899, 151.631134033, -9.95754146576, -4.97677993774, 37.5537452698, -7.94122219086], [-389.021881104, 17.8753356934, 50.4955253601, 83.4286346436, -10.8635158539, 40.071231842, -28.5923881531, -14.9462385178, -9.95754146576, 146.40171814, 32.7245941162, -28.0252323151, 22.239982605], [25.6556186676, 16.6033878326, -54.7285118103, -109.368995667, 15.8683691025, -23.2963943481, 11.1170015335, 12.3471221924, -4.97677993774, 32.7245941162, 103.360717773, 42.6199874878, 6.73401594162], [113.62776947, -108.682365417, -30.5724697113, -51.2839050293, -25.256980896, -20.9984264374, 20.453578949, 20.8330154419, 37.5537452698, -28.0252323151, 42.6199874878, 118.418685913, 31.4908084869], [-123.663963318, 86.8629760742, -10.0849637985, -53.9085273743, 31.4369258881, -72.2278823853, -4.59862804413, 26.3558349609, -7.94122219086, 22.239982605, 6.73401594162, 31.4908084869, 108.208885193]],
        "icov": [[0.001688339049, 0.000878001563251, 0.000738036585972, 0.000166847705259, -0.000990172615275, 0.00102466042154, -0.00225867633708, 0.00365027668886, -0.00343144731596, 0.00431333854795, -0.00219766912051, 0.00213616876863, -0.000260111875832], [0.000878001563251, 0.0069975219667, -0.00305049447343, 0.000927563698497, -0.00616125157103, 0.00480774929747, -0.00407750019804, 0.00374784413725, -0.00146950909402, 0.00270346319303, -0.00405825581402, 0.00822882913053, -0.00332867191173], [0.000738036585972, -0.00305049447343, 0.00539418123662, -0.00052567437524, 0.00521768722683, -0.00248213042505, 0.00380171113648, -0.000966657185927, 0.000264111673459, 0.00143064616714, 0.00158538017422, -0.00279062753543, 0.00119621388149], [0.000166847705259, 0.000927563698497, -0.00052567437524, 0.00269185309298, 0.000297426478937, 0.000189286045497, 0.00123108667322, -0.00039057986578, 0.00103388994467, -0.00175385840703, 0.00301862345077, -0.000506442273036, 0.00132141099311], [-0.000990172615275, -0.00616125157103, 0.00521768722683, 0.000297426478937, 0.0136272152886, -0.00415941653773, 0.00698885088786, -0.00746498070657, 0.00562706170604, -0.00334773003124, 0.00506666535512, -0.00598007859662, 0.00235460326076], [0.00102466042154, 0.00480774929747, -0.00248213042505, 0.000189286045497, -0.00415941653773, 0.00782362464815, -0.00583899114281, 0.0038888012059, -0.000857748906128, 0.000745940138586, -0.00178162730299, 0.00452185701579, 0.000988537329249], [-0.00225867633708, -0.00407750019804, 0.00380171113648, 0.00123108667322, 0.00698885088786, -0.00583899114281, 0.0132965892553, -0.00840376596898, 0.00746498536319, -0.00641474174336, 0.00700807012618, -0.00733876600862, 0.0019094326999], [0.00365027668886, 0.00374784413725, -0.000966657185927, -0.00039057986578, -0.00746498070657, 0.0038888012059, -0.00840376596898, 0.0168495811522, -0.0101705268025, 0.0111925052479, -0.00813646242023, 0.00679257605225, -0.00333540374413], [-0.00343144731596, -0.00146950909402, 0.000264111673459, 0.00103388994467, 0.00562706170604, -0.000857748906128, 0.00746498536319, -0.0101705268025, 0.0177707672119, -0.0118865780532, 0.00976028479636, -0.00906029809266, 0.00416137930006], [0.00431333854795, 0.00270346319303, 0.00143064616714, -0.00175385840703, -0.00334773003124, 0.000745940138586, -0.00641474174336, 0.0111925052479, -0.0118865780532, 0.0248013548553, -0.0163365658373, 0.0143232680857, -0.00863080006093], [-0.00219766912051, -0.00405825581402, 0.00158538017422, 0.00301862345077, 0.00506666535512, -0.00178162730299, 0.00700807012618, -0.00813646242023, 0.00976028479636, -0.0163365658373, 0.0263500642031, -0.0179297085851, 0.00966813135892], [0.00213616876863, 0.00822882913053, -0.00279062753543, -0.000506442273036, -0.00598007859662, 0.00452185701579, -0.00733876600862, 0.00679257605225, -0.00906029809266, 0.0143232680857, -0.0179297085851, 0.0287090335041, -0.0127352019772], [-0.000260111875832, -0.00332867191173, 0.00119621388149, 0.00132141099311, 0.00235460326076, 0.000988537329249, 0.0019094326999, -0.00333540374413, 0.00416137930006, -0.00863080006093, 0.00966813135892, -0.0127352019772, 0.0184390526265]]
    },
    "melbands": {
        "max": [3.67874272342e-05, 0.000101076882856, 0.000249689328484, 0.000947582477238, 0.00270158960484, 0.00299047585577, 0.00230620917864, 0.00465557631105, 0.00699999835342, 0.0250272229314, 0.0133589673787, 0.0263423211873, 0.00829355139285, 0.00483893649653, 0.00137399404775, 0.00357905961573, 0.00165799329989, 0.00129624886904, 0.000873881974258, 0.00170946109574, 0.000662885548081, 0.000126708007883, 0.000126827580971, 0.000118352065329, 0.000225224910537, 2.05028500204e-05, 7.27447149984e-06, 8.63515106175e-06, 9.15398504731e-06, 4.05996252084e-06, 4.98834742757e-06, 5.72562839807e-06, 8.87554142537e-06, 2.24026352953e-05, 1.23867566799e-05, 1.30253556563e-05, 9.27927703742e-06, 1.27838711705e-06, 2.11421973262e-08, 7.51465112359e-09],
        "mean": [1.41992984481e-06, 4.46399099019e-06, 1.17402141768e-05, 4.31571643276e-05, 0.000133623150759, 0.000106517371023, 0.000106107581814, 6.92652683938e-05, 0.000144369856571, 0.000303474487737, 0.000304054497974, 0.000666057516355, 0.000142344477354, 7.02725446899e-05, 2.94338315143e-05, 3.70488924091e-05, 2.74498052022e-05, 2.48881060543e-05, 1.34464589792e-05, 7.69324833527e-06, 8.47976025398e-06, 1.85433020761e-06, 1.84202042419e-06, 2.14093097384e-06, 2.5360602649e-06, 5.35370929811e-07, 2.31786984273e-07, 2.91253570595e-07, 2.48956951054e-07, 1.42507275314e-07, 1.30842693125e-07, 1.26850039806e-07, 1.98472463353e-07, 3.87894147025e-07, 3.52302436113e-07, 2.91680095188e-07, 1.76256307327e-07, 2.89399597619e-08, 1.07367337243e-09, 4.65813942974e-10],
        "min": [2.5807231907e-08, 8.60717079831e-08, 6.35337187305e-08, 3.50049127462e-08, 1.04949236857e-07, 1.58125303074e-07, 1.2582110287e-07, 1.07342273736e-07, 1.26649140952e-07, 5.48401786205e-08, 5.91483484413e-08, 1.97609395514e-08, 2.27789520579e-08, 3.9286952358e-08, 1.11177422824e-08, 1.18304850361e-08, 5.281867832e-09, 2.00026413211e-08, 2.08495105625e-08, 3.82316533987e-09, 5.27578025711e-09, 3.30839911022e-09, 1.87387283468e-09, 2.58637133932e-09, 1.31810606874e-09, 1.0926006766e-09, 1.0772942538e-09, 8.96562379893e-10, 6.83011758262e-10, 6.29030383337e-10, 3.34994393336e-10, 3.12117609536e-10, 3.68221203528e-10, 2.49311377098e-10, 2.73291972386e-10, 2.99682945126e-10, 3.34853145212e-10, 1.73989642138e-10, 2.76074284961e-11, 1.22432961122e-13],
        "stdev": [2.21739719564e-06, 7.93792514742e-06, 1.92519182747e-05, 0.00010033199942, 0.000275311729638, 0.000256678962614, 0.000292304175673, 0.000223362600082, 0.00048884836724, 0.00163338053972, 0.000897442223504, 0.00292533566244, 0.000626403430942, 0.000321340630762, 0.000105378720036, 0.000177515496034, 0.000121455559565, 9.71208282863e-05, 4.93802654091e-05, 5.11841790285e-05, 3.751805707e-05, 6.24837275609e-06, 5.92589094595e-06, 6.26788732916e-06, 1.02232334029e-05, 1.50999426296e-06, 5.35032711468e-07, 7.16387830835e-07, 6.57302052787e-07, 3.94809234194e-07, 3.17500365554e-07, 3.46122305928e-07, 6.41866904516e-07, 1.44905266097e-06, 1.0247595128e-06, 1.013685619e-06, 6.62537615881e-07, 1.03867741075e-07, 1.63859670277e-09, 3.15764747683e-10]
    },
    "melbands128": {
        "max": [5.20641196999e-06, 1.35614354804e-05, 5.73866127525e-05, 7.11553584551e-05, 9.85820734059e-05, 0.000245978852035, 0.000195359054487, 0.000231297701248, 0.000680617638864, 0.000867351016495, 0.00220756675117, 0.00332068884745, 0.00504859443754, 0.00339627242647, 0.00431238068268, 0.00571594294161, 0.0055528874509, 0.00405719596893, 0.00407349644229, 0.00781827419996, 0.00576816499233, 0.00595396338031, 0.00646879849955, 0.0197203923017, 0.0426016189158, 0.0320470742881, 0.0164405498654, 0.0269008874893, 0.0146807674319, 0.0526353679597, 0.0254666134715, 0.0120340706781, 0.0157436281443, 0.0120089631528, 0.0128037761897, 0.00377606484108, 0.0025430880487, 0.00295122643001, 0.00297277793288, 0.00361614488065, 0.00687005277723, 0.00516479462385, 0.00315341772512, 0.00232794717886, 0.00257846689783, 0.00296505563892, 0.00249123526737, 0.00154961494263, 0.000312454882078, 0.000795217929408, 0.00349276862107, 0.000923413899727, 0.00110845884774, 0.000832607620396, 0.000342922925483, 9.74497233983e-05, 0.000156118534505, 0.000188576683286, 0.000192379637156, 0.000101901809103, 0.000191497907508, 0.000126743150759, 0.000541659770533, 0.000138031318784, 5.13295926794e-05, 2.71403914667e-05, 1.11526060209e-05, 1.28532556118e-05, 4.58365093436e-06, 1.01579280454e-05, 1.07850155473e-05, 1.37724919114e-05, 9.72210364125e-06, 1.41625059769e-05, 6.83415555613e-06, 5.63692037758e-06, 3.65582877748e-06, 6.69627615935e-06, 6.83909502186e-06, 5.65031223232e-06, 4.22440507464e-06, 8.29663895274e-06, 9.45803549257e-06, 7.2965367508e-06, 1.41818445627e-05, 2.07609136851e-05, 3.21540246659e-05, 1.88150552276e-05, 9.94108449959e-06, 2.1896290491e-05, 1.38944697028e-05, 1.77844940481e-05, 2.54696624324e-05, 1.41549426189e-05, 4.82204950458e-06, 2.54755104834e-06, 9.19813089695e-07, 5.45514460271e-08, 2.70696940419e-08, 1.55469273011e-08, 1.42624054789e-08, 5.36856381572e-09, 2.17762496924e-09, 1.32978605905e-09, 1.05556796637e-09, 1.00743269282e-09, 9.61583812575e-10, 9.21344611715e-10, 8.85108764059e-10, 8.52974413323e-10, 8.18154599624e-10, 7.93907051211e-10, 7.65598751062e-10, 7.36621375008e-10, 7.13236025796e-10, 6.94094060005e-10, 6.68769317702e-10, 6.51477871649e-10, 6.31576957399e-10, 6.22491169722e-10, 6.05009875532e-10, 5.8997851049e-10, 5.84233883494e-10, 5.70820335444e-10, 5.62372037827e-10, 5.5965554413e-10, 5.55020696069e-10, 5.50151479928e-10],
        "mean": [3.79505934234e-07, 1.16173919196e-06, 1.8106547941e-06, 2.00886256607e-06, 3.21404650094e-06, 6.67308040647e-06, 1.10260552901e-05, 1.12483448902e-05, 1.50366104208e-05, 2.87469265459e-05, 6.57732016407e-05, 0.000114497735922, 0.000173846594407, 0.000134064364829, 0.000101174184238, 0.000101074110717, 7.85181327956e-05, 0.000144277975778, 8.91678137123e-05, 5.74938167119e-05, 6.05476634519e-05, 8.60741711222e-05, 0.000143548604683, 0.000192142120795, 0.000354558433173, 0.000301472202409, 0.000308562273858, 0.000242904687184, 0.000201371469302, 0.00111717032269, 0.000673513044603, 0.000115874165203, 0.000154805107741, 0.000114414913696, 8.83875036379e-05, 5.94132179685e-05, 3.39375728799e-05, 2.42161586357e-05, 2.64129357674e-05, 4.24162899435e-05, 3.38550053129e-05, 4.20038486482e-05, 2.81248758256e-05, 2.04339703487e-05, 1.90359987755e-05, 2.79931555269e-05, 3.06670081045e-05, 1.43214001582e-05, 5.00198075315e-06, 6.90286606186e-06, 7.48755155655e-06, 7.61480669098e-06, 1.52843567776e-05, 4.90496404382e-06, 2.7868086363e-06, 1.33385378831e-06, 1.20962988603e-06, 2.43523754762e-06, 1.825413392e-06, 1.21211655824e-06, 1.61451532676e-06, 2.82183418676e-06, 4.72930241813e-06, 1.56649707606e-06, 8.76933768268e-07, 5.16266140949e-07, 3.54957990112e-07, 2.08142225233e-07, 1.76112436634e-07, 2.78891889138e-07, 3.44898779758e-07, 2.54653855336e-07, 2.78966837186e-07, 2.77371185575e-07, 1.76479787228e-07, 1.3401893284e-07, 1.21282113241e-07, 1.57539929546e-07, 1.23357480675e-07, 1.23766938032e-07, 1.06400925404e-07, 1.44880871744e-07, 1.39251085329e-07, 1.83292556244e-07, 2.52496761277e-07, 3.60557152135e-07, 4.90652780627e-07, 3.52340322252e-07, 3.30877782062e-07, 3.67531100665e-07, 3.02727187318e-07, 2.71077198022e-07, 2.65976524361e-07, 2.08303703175e-07, 1.02115606637e-07, 4.44050023418e-08, 1.4272063531e-08, 1.75944270264e-09, 7.31408211774e-10, 5.87862203361e-10, 5.10735453929e-10, 4.6372369833e-10, 3.96108756906e-10, 2.65121563592e-10, 4.00312873128e-11, 3.18110164946e-12, 2.99364114227e-12, 2.86686061175e-12, 2.75262755298e-12, 2.64758484234e-12, 2.54260479858e-12, 2.44873132188e-12, 2.36609104705e-12, 2.28641606516e-12, 2.21285728456e-12, 2.14886029977e-12, 2.08131103498e-12, 2.0175731745e-12, 1.96214247107e-12, 1.92578657014e-12, 1.88057924268e-12, 1.83943160183e-12, 1.80898341012e-12, 1.77136994309e-12, 1.75139460226e-12, 1.73630857955e-12, 1.72286566524e-12, 1.7123764429e-12],
        "min": [4.02846818404e-11, 4.24307700087e-09, 8.5632381186e-09, 8.28005575215e-09, 5.035963202e-09, 6.81285428072e-09, 3.17520658655e-08, 2.59651056211e-08, 1.15131664202e-08, 9.47371603388e-09, 2.95026296726e-08, 6.84718699517e-08, 6.27057694658e-09, 5.529552638e-08, 3.39490995316e-08, 1.7928106999e-08, 2.19377618293e-08, 4.5518667946e-08, 3.25103144405e-08, 2.08934025636e-08, 2.59369539179e-08, 4.45527383874e-08, 1.53271066949e-08, 2.58947636667e-08, 1.20081269372e-08, 1.92714040281e-08, 1.914023251e-08, 8.25921020464e-09, 7.69015251478e-09, 8.03073696432e-09, 6.35264196802e-09, 1.25471384393e-08, 4.33519575793e-09, 1.0564507491e-08, 9.68291935521e-09, 9.98222393633e-09, 9.73890479372e-09, 5.30350297012e-09, 3.63979202334e-09, 6.13651351955e-09, 5.93454796416e-09, 5.1453090677e-09, 4.41029879283e-09, 3.40052364045e-09, 3.5401794829e-09, 2.6056974356e-09, 3.25784021982e-09, 3.47575657145e-09, 3.99060429146e-09, 2.04129535497e-09, 2.53725263022e-09, 1.54267376651e-09, 1.18220044865e-09, 2.32512564757e-09, 1.11338316344e-09, 1.02505004484e-09, 1.58515889304e-09, 1.70641123454e-09, 1.58196944433e-09, 8.87239670622e-10, 2.12753792361e-09, 1.71345615474e-09, 1.56543134011e-09, 7.99575405885e-10, 8.63342342061e-10, 8.58136672832e-10, 8.13581757519e-10, 1.13709008875e-09, 5.52256129716e-10, 1.0035751119e-09, 5.26219401387e-10, 5.26908017218e-10, 6.92267132507e-10, 2.37877828546e-10, 6.31105612214e-10, 7.6812289862e-10, 2.15915701984e-10, 4.99618013627e-10, 2.47007969634e-10, 3.55625889847e-10, 2.63439686732e-10, 2.21814858148e-10, 4.82512141353e-10, 3.23693322146e-10, 2.13107809177e-10, 2.65132610311e-10, 2.08866673956e-10, 3.02000258134e-10, 2.6430510558e-10, 2.94466839801e-10, 2.3943647065e-10, 1.86598916874e-10, 5.95436699946e-10, 4.00280808499e-10, 1.42855630103e-10, 1.5949738752e-10, 7.74016475913e-11, 4.22626083435e-12, 3.22822199745e-13, 1.49571259783e-13, 1.0621988315e-13, 6.91108276293e-14, 9.17733567634e-14, 8.1521927067e-14, 7.64323093748e-14, 5.75112873991e-14, 5.96121188436e-14, 5.66328803514e-14, 6.09437698332e-14, 4.64618781274e-14, 5.73454586768e-14, 4.90027906219e-14, 5.55392456201e-14, 5.18406389864e-14, 5.76625742597e-14, 5.57711429122e-14, 5.27646875574e-14, 5.23729348193e-14, 5.30900600175e-14, 5.34065521841e-14, 5.24436383534e-14, 6.5707212078e-14, 4.74235112443e-14, 5.60539265557e-14, 4.81337686993e-14, 6.43135718292e-14, 6.00483882453e-14, 6.0104631233e-14],
        "stdev": [5.85494888128e-07, 1.13620706088e-06, 3.61473439625e-06, 4.47883940069e-06, 6.8595763878e-06, 1.56743881234e-05, 1.86206216313e-05, 2.05793730856e-05, 4.34587673226e-05, 7.33570559532e-05, 0.000197932153242, 0.000319146580296, 0.000448514416348, 0.000343861203874, 0.00031659490196, 0.000413479225244, 0.000268056988716, 0.000502728798892, 0.000322491250699, 0.000296655925922, 0.000297269987641, 0.000314739096211, 0.000482863659272, 0.00110938667785, 0.00284412247129, 0.00188594940118, 0.00117377797142, 0.00132833304815, 0.000869315466844, 0.00538755673915, 0.00306025869213, 0.000643417879473, 0.00102252711076, 0.000826303323265, 0.000621504266746, 0.000313538534101, 0.000191308572539, 0.000160351657541, 0.000135466849315, 0.000245569273829, 0.000273695506621, 0.000281495420495, 0.000162066324265, 0.000136351562105, 0.00012573042477, 0.000170598097611, 0.000138000788866, 8.08442709967e-05, 1.92999159481e-05, 4.07633378927e-05, 9.70992914517e-05, 4.16001857957e-05, 7.7856486314e-05, 3.71162241208e-05, 1.20825270642e-05, 4.8046745178e-06, 5.40697283213e-06, 9.21306582313e-06, 7.93754497863e-06, 4.24363543061e-06, 6.8941394602e-06, 9.85529823083e-06, 2.41067828028e-05, 7.16125668987e-06, 3.13850409839e-06, 1.67736311596e-06, 9.19364822494e-07, 6.17204591435e-07, 4.50820550668e-07, 7.94153038441e-07, 9.23893651361e-07, 7.96959852778e-07, 7.91603838479e-07, 8.47857450026e-07, 5.91621869717e-07, 4.63225518388e-07, 3.23703829963e-07, 3.99353723424e-07, 3.48987271082e-07, 3.28261563709e-07, 2.91129083507e-07, 4.79779203033e-07, 5.05074353896e-07, 5.73344266286e-07, 9.23039806366e-07, 1.42568615047e-06, 2.0229851998e-06, 1.30471642024e-06, 9.38771734127e-07, 1.22417134207e-06, 1.03791558104e-06, 1.11432837002e-06, 1.20605989196e-06, 8.56885037592e-07, 3.92783334746e-07, 1.65407342934e-07, 5.34306998645e-08, 3.82894516093e-09, 9.06891450825e-10, 5.6655424796e-10, 5.14287112896e-10, 3.23020749038e-10, 2.52809467804e-10, 1.85865475788e-10, 4.90726626001e-11, 2.81198519331e-11, 2.68403251014e-11, 2.57067058612e-11, 2.46868931547e-11, 2.37826373178e-11, 2.28177199357e-11, 2.21126277011e-11, 2.13232955598e-11, 2.05155770844e-11, 1.98591993544e-11, 1.93165119317e-11, 1.86165284577e-11, 1.81263389715e-11, 1.75780189016e-11, 1.73091367628e-11, 1.68317876997e-11, 1.64113046069e-11, 1.62357280398e-11, 1.58676474737e-11, 1.56423120984e-11, 1.55567728838e-11, 1.54242486838e-11, 1.52908241624e-11]
    },
    "mfcc": {
        "mean": [-799.658752441, 143.080093384, -31.6565475464, -2.86720323563, -26.8629798889, -0.512865841389, -27.3159122467, 9.21004676819, -21.3516426086, 6.6531162262, -14.2484264374, -3.37179112434, -10.5607280731],
        "cov": [[4132.86181641, -0.0428916700184, -1328.25402832, -449.611419678, -602.098205566, 194.050506592, -258.581573486, 476.018890381, -246.035095215, 276.615753174, -293.394561768, -7.11397457123, -167.494018555], [-0.0428916700184, 994.273376465, -369.545166016, -175.698806763, 136.762191772, -360.214141846, 160.960449219, -183.113143921, 39.4554252625, -106.37651825, 74.4776306152, -128.203430176, 0.093575373292], [-1328.25402832, -369.545166016, 1079.87194824, 310.356719971, 122.331214905, 138.619934082, -133.395843506, -85.2870788574, -3.10222649574, -31.3587493896, 6.71471977234, 64.0991973877, -19.3912143707], [-449.611419678, -175.698806763, 310.356719971, 443.976470947, 141.917480469, -43.4288063049, -100.576889038, -74.1879348755, 58.1500892639, -57.6301689148, -3.82680106163, 23.0582408905, 20.2849788666], [-602.098205566, 136.762191772, 122.331214905, 141.917480469, 293.946075439, -117.207809448, -12.5473632812, -88.2437438965, 32.7018013, -53.6862678528, 30.3391571045, -18.67304039, 30.4666519165], [194.050506592, -360.214141846, 138.619934082, -43.4288063049, -117.207809448, 370.642303467, 28.0599727631, 44.9186706543, -36.5554275513, 71.8406066895, -21.314704895, 54.6826515198, -55.4912223816], [-258.581573486, 160.960449219, -133.395843506, -100.576889038, -12.5473632812, 28.0599727631, 307.268066406, -33.6006965637, 46.0100097656, -43.6732711792, 70.4096374512, -26.6849155426, -13.3318529129], [476.018890381, -183.113143921, -85.2870788574, -74.1879348755, -88.2437438965, 44.9186706543, -33.6006965637, 269.998565674, -23.8239765167, 47.1722259521, -68.3987197876, 15.4689874649, -5.27401733398], [-246.035095215, 39.4554252625, -3.10222649574, 58.1500892639, 32.7018013, -36.5554275513, 46.0100097656, -23.8239765167, 162.37940979, -15.1204071045, 9.50648593903, -35.8525772095, 28.6829566956], [276.615753174, -106.37651825, -31.3587493896, -57.6301689148, -53.6862678528, 71.8406066895, -43.6732711792, 47.1722259521, -15.1204071045, 149.165786743, -5.41670846939, 7.85893392563, -32.4733161926], [-293.394561768, 74.4776306152, 6.71471977234, -3.82680106163, 30.3391571045, -21.314704895, 70.4096374512, -68.3987197876, 9.50648593903, -5.41670846939, 124.451583862, 17.3366909027, -1.30542075634], [-7.11397457123, -128.203430176, 64.0991973877, 23.0582408905, -18.67304039, 54.6826515198, -26.6849155426, 15.4689874649, -35.8525772095, 7.85893392563, 17.3366909027, 93.5099868774, 2.06548190117], [-167.494018555, 0.093575373292, -19.3912143707, 20.2849788666, 30.4666519165, -55.4912223816, -13.3318529129, -5.27401733398, 28.6829566956, -32.4733161926, -1.30542075634, 2.06548190117, 114.592834473]],
        "icov": [[0.00272926222533, -0.0020156793762, 0.0034146301914, -0.00194818992168, 0.0033031005878, -0.00275245541707, 0.00318978098221, -0.00247142696753, 0.00206168857403, -0.00151981937233, 0.00282128457911, -0.000478101806948, 0.00205386267044], [-0.0020156793762, 0.00470019085333, -0.00210076267831, 0.00302946963347, -0.00324884825386, 0.00458712084219, -0.0030730466824, 0.00355988484807, -0.00151173886843, 0.00207869405858, -0.00213476619683, 0.00182897341438, -4.02506047976e-05], [0.0034146301914, -0.00210076267831, 0.00573419919237, -0.0029407159891, 0.00360020273365, -0.00394852878526, 0.0044804289937, -0.00268102088012, 0.0025811214, -0.00133095739875, 0.00321057299152, -0.000636742392089, 0.00303702731617], [-0.00194818992168, 0.00302946963347, -0.0029407159891, 0.00606278562918, -0.00388617254794, 0.00336325052194, -0.00145386578515, 0.00306642893702, -0.00318719772622, 0.00266145495698, -0.00163433665875, -0.000276091566775, -0.000248712400207], [0.0033031005878, -0.00324884825386, 0.00360020273365, -0.00388617254794, 0.00924364104867, -0.00270087691024, 0.00385625683703, -0.00270589906722, 0.00266564800404, -0.00186568626668, 0.00277905771509, -0.000109215034172, 0.00152408226859], [-0.00275245541707, 0.00458712084219, -0.00394852878526, 0.00336325052194, -0.00270087691024, 0.0093266684562, -0.00531207118183, 0.00406796997413, -0.0019059801707, 0.00036564967013, -0.00115013169125, -0.000775680760853, 9.48936431087e-05], [0.00318978098221, -0.0030730466824, 0.0044804289937, -0.00145386578515, 0.00385625683703, -0.00531207118183, 0.00951029080898, -0.00345143326558, 0.00069146376336, 0.000796155829448, -0.000128867774038, 0.000632372510154, 0.00307001685724], [-0.00247142696753, 0.00355988484807, -0.00268102088012, 0.00306642893702, -0.00270589906722, 0.00406796997413, -0.00345143326558, 0.00826179981232, -0.00191139010713, 0.000752132677007, 0.00034342057188, -0.000328863621689, -0.00124232645612], [0.00206168857403, -0.00151173886843, 0.0025811214, -0.00318719772622, 0.00266564800404, -0.0019059801707, 0.00069146376336, -0.00191139010713, 0.00985748507082, -0.00215107132681, 0.00185242202133, 0.0028941964265, -0.000731541658752], [-0.00151981937233, 0.00207869405858, -0.00133095739875, 0.00266145495698, -0.00186568626668, 0.00036564967013, 0.000796155829448, 0.000752132677007, -0.00215107132681, 0.0107767200097, -0.00374537729658, 0.00143966265023, 0.00140456377994], [0.00282128457911, -0.00213476619683, 0.00321057299152, -0.00163433665875, 0.00277905771509, -0.00115013169125, -0.000128867774038, 0.00034342057188, 0.00185242202133, -0.00374537729658, 0.0155859105289, -0.00529385916889, 0.0024109936785], [-0.000478101806948, 0.00182897341438, -0.000636742392089, -0.000276091566775, -0.000109215034172, -0.000775680760853, 0.000632372510154, -0.000328863621689, 0.0028941964265, 0.00143966265023, -0.00529385916889, 0.0163445360959, -0.00171869713813], [0.00205386267044, -4.02506047976e-05, 0.00303702731617, -0.000248712400207, 0.00152408226859, 9.48936431087e-05, 0.00307001685724, -0.00124232645612, -0.000731541658752, 0.00140456377994, 0.0024109936785, -0.00171869713813, 0.0128668621182]]
    },
    "spectral_contrast_coeffs": {
        "max": [-0.374853909016, -0.374062359333, -0.39269310236, -0.546724081039, -0.634027183056, -0.535502910614],
        "mean": [-0.673973560333, -0.729767978191, -0.719400763512, -0.777764081955, -0.805046737194, -0.741022586823],
        "min": [-0.866229891777, -0.934634923935, -0.903248548508, -0.912318468094, -0.917286932468, -0.872716188431],
        "stdev": [0.0958224087954, 0.0960426703095, 0.107653319836, 0.0657532438636, 0.0476857498288, 0.0627198964357]
    },
    "spectral_contrast_valleys": {
        "max": [-7.16950178146, -5.18315601349, -6.02650165558, -6.50189113617, -6.79369258881, -10.8898029327],
        "mean": [-9.05566120148, -7.87813520432, -8.49790859222, -8.95998668671, -9.29338741302, -12.5436096191],
        "min": [-10.5291957855, -9.59840869904, -10.4282922745, -10.7516670227, -11.1542263031, -13.5765790939],
        "stdev": [0.550533056259, 0.609464466572, 0.787544131279, 0.769838452339, 0.681129574776, 0.358379364014]
    }
},
"rhythm": {
    "beats_count": 82,
    "beats_loudness": {
        "max": 0.141844063997,
        "mean": 0.0157590899616,
        "min": 7.58834721637e-05,
        "stdev": 0.0276917740703
    },
    "bpm": 151.745483398,
    "bpm_histogram_first_peak_bpm": 152,
    "bpm_histogram_first_peak_weight": 0.419354856014,
    "bpm_histogram_second_peak_bpm": 167,
    "bpm_histogram_second_peak_spread": 0,
    "bpm_histogram_second_peak_weight": 0.172839507461,
    "danceability": 0.921289086342,
    "onset_rate": 2.86083960533,
    "beats_loudness_band_ratio": {
        "max": [0.316753536463, 0.903327465057, 0.946062862873, 0.940462470055, 0.426406949759, 0.653535842896],
        "mean": [0.0456520318985, 0.239817246795, 0.347456634045, 0.287709057331, 0.075735874474, 0.0536437854171],
        "min": [0.000123571386212, 0.000900475308299, 0.0303838886321, 0.00427295453846, 0.00219477433711, 0.000234603416175],
        "stdev": [0.0719954296947, 0.242239385843, 0.226923197508, 0.269812822342, 0.0943623110652, 0.123445421457]
    },
