{
"metadata": {
    "version": {
        "essentia": "2.1-beta5",
        "essentia_git_sha": "Undefined",
        "extractor": "music 2.0"
    },
    "audio_properties": {
        "analysis": {
            "equal_loudness": 0,
            "length": 32.4963264465,
            "sample_rate": 44100,
            "start_time": 110.248344421,
            "downmix": "mix"
        },
        "bit_rate": 192000,
        "length": 176.80897522,
        "lossless": 0,
        "number_channels": 2,
        "replay_gain": -6.67680168152,
        "sample_rate": 48000,
        "codec": "mp3",
        "md5_encoded": "0c1fe4da542f2b0767a41bc073803df4"
    },
    "tags": {
        "file_name": "Austria_Sehnsucht_Jimmy Makulis.mp3",
        "encoding": ["Lavf58.29.100"]
    }
},
"lowlevel": {
    "average_loudness": 0.228360444307,
    "barkbands_crest": {
        "max": 25.9657325745,
        "mean": 11.5458116531,
        "min": 3.43709778786,
        "stdev": 4.41875267029
    },
    "barkbands_flatness_db": {
        "max": 0.417931944132,
        "mean": 0.222902700305,
        "min": 0.0895513296127,
        "stdev": 0.0469796396792
    },
    "barkbands_kurtosis": {
        "max": 116.586090088,
        "mean": 5.60030698776,
        "min": -1.84385836124,
        "stdev": 9.14624977112
    },
    "barkbands_skewness": {
        "max": 8.95757007599,
        "mean": 1.58701598644,
        "min": -4.05566978455,
        "stdev": 1.36086642742
    },
    "barkbands_spread": {
        "max": 47.3021507263,
        "mean": 12.46484375,
        "min": 1.29424774647,
        "stdev": 7.82255029678
    },
    "dissonance": {
        "max": 0.499826043844,
        "mean": 0.440752118826,
        "min": 0.202176913619,
        "stdev": 0.0416921898723
    },
    "dynamic_complexity": 7.64159011841,
    "erbbands_crest": {
        "max": 33.4666557312,
        "mean": 12.4401197433,
        "min": 3.3952524662,
        "stdev": 5.85176515579
    },
    "erbbands_flatness_db": {
        "max": 0.420436263084,
        "mean": 0.26566362381,
        "min": 0.131686702371,
        "stdev": 0.0468005500734
    },
    "erbbands_kurtosis": {
        "max": 43.6239242554,
        "mean": 1.55987870693,
        "min": -1.74231529236,
        "stdev": 4.28295278549
    },
    "erbbands_skewness": {
        "max": 4.41262817383,
        "mean": 0.614110589027,
        "min": -4.25262212753,
        "stdev": 1.13146269321
    },
    "erbbands_spread": {
        "max": 82.8383178711,
        "mean": 26.2268810272,
        "min": 1.42872297764,
        "stdev": 13.4416952133
    },
    "hfc": {
        "max": 136.348083496,
        "mean": 9.43396186829,
        "min": 0.0100195286795,
        "stdev": 16.8624153137
    },
    "loudness_ebu128": {
        "integrated": -19.4761600494,
        "loudness_range": 13.8059949875,
        "momentary": {
            "max": -11.8891954422,
            "mean": -25.1200370789,
            "min": -38.9956207275,
            "stdev": 6.86236524582
        },
        "short_term": {
            "max": -15.4305744171,
            "mean": -23.2978229523,
            "min": -32.6393165588,
            "stdev": 4.834420681
        }
    },
    "melbands_crest": {
        "max": 32.7457237244,
        "mean": 14.3244447708,
        "min": 4.14774847031,
        "stdev": 5.1752371788
    },
    "melbands_flatness_db": {
        "max": 0.435478836298,
        "mean": 0.249583214521,
        "min": 0.0800687819719,
        "stdev": 0.0574201606214
    },
    "melbands_kurtosis": {
        "max": 165.917694092,
        "mean": 10.6235513687,
        "min": -1.76599442959,
        "stdev": 13.6812019348
    },
    "melbands_skewness": {
        "max": 8.81499862671,
        "mean": 2.12181425095,
        "min": -2.77859711647,
        "stdev": 1.42051708698
    },
    "melbands_spread": {
        "max": 92.1552734375,
        "mean": 16.9785346985,
        "min": 1.12701165676,
        "stdev": 12.2208623886
    },
    "pitch_salience": {
        "max": 0.868701159954,
        "mean": 0.574865400791,
        "min": 0.137640550733,
        "stdev": 0.120918802917
    },
    "silence_rate_20dB": {
        "max": 1,
        "mean": 1,
        "min": 1,
        "stdev": 0
    },
    "silence_rate_30dB": {
        "max": 1,
        "mean": 0.990720927715,
        "min": 0,
        "stdev": 0.0958789139986
    },
    "silence_rate_60dB": {
        "max": 1,
        "mean": 0.493932902813,
        "min": 0,
        "stdev": 0.499963283539
    },
    "spectral_centroid": {
        "max": 2996.7019043,
        "mean": 1049.31091309,
        "min": 215.036590576,
        "stdev": 498.353546143
    },
    "spectral_complexity": {
        "max": 49,
        "mean": 9.91506099701,
        "min": 0,
        "stdev": 8.34944248199
    },
    "spectral_decrease": {
        "max": -4.30044541644e-12,
        "mean": -2.71995648227e-09,
        "min": -4.84653810418e-08,
        "stdev": 4.73654360178e-09
    },
    "spectral_energy": {
        "max": 0.194145560265,
        "mean": 0.0111214378849,
        "min": 1.7139587726e-05,
        "stdev": 0.0193272233009
    },
    "spectral_energyband_high": {
        "max": 0.00184378318954,
        "mean": 5.12863625772e-05,
        "min": 2.85965910507e-07,
        "stdev": 0.000165459437994
    },
    "spectral_energyband_low": {
        "max": 0.00291366223246,
        "mean": 0.000151873915456,
        "min": 2.04164234674e-06,
        "stdev": 0.000244305963861
    },
    "spectral_energyband_middle_high": {
        "max": 0.0502087213099,
        "mean": 0.00314090657048,
        "min": 1.00024919902e-06,
        "stdev": 0.00616705371067
    },
    "spectral_energyband_middle_low": {
        "max": 0.174850076437,
        "mean": 0.00793040636927,
        "min": 1.06796123873e-05,
        "stdev": 0.0150152891874
    },
    "spectral_entropy": {
        "max": 8.56227779388,
        "mean": 7.00071954727,
        "min": 5.6445441246,
        "stdev": 0.391090303659
    },
    "spectral_flux": {
        "max": 0.300017863512,
        "mean": 0.0478442497551,
        "min": 0.00202287361026,
        "stdev": 0.0463676117361
    },
    "spectral_kurtosis": {
        "max": 32.2677726746,
        "mean": 7.43283128738,
        "min": -0.431243658066,
        "stdev": 5.3913269043
    },
    "spectral_rms": {
        "max": 0.0137626416981,
        "mean": 0.00252669421025,
        "min": 0.000129311825731,
        "stdev": 0.00211328919977
    },
    "spectral_rolloff": {
        "max": 5361.76757812,
        "mean": 1192.2902832,
        "min": 193.798828125,
        "stdev": 767.989990234
    },
    "spectral_skewness": {
        "max": 3.77203297615,
        "mean": 1.66045439243,
        "min": 0.256981611252,
        "stdev": 0.635465443134
    },
    "spectral_spread": {
        "max": 28189520,
        "mean": 2741863.5,
        "min": 1483859.375,
        "stdev": 1055942.75
    },
    "spectral_strongpeak": {
        "max": 8.8346824646,
        "mean": 0.959165871143,
        "min": 0.00561730843037,
        "stdev": 1.13545107841
    },
    "zerocrossingrate": {
        "max": 0.14453125,
        "mean": 0.0434646978974,
        "min": 0.009765625,
        "stdev": 0.0178704857826
    },
    "barkbands": {
        "max": [5.26961448486e-05, 0.000415446702391, 0.00118769914843, 0.00805487949401, 0.0281097441912, 0.0496000051498, 0.0975748151541, 0.171795576811, 0.0341075062752, 0.0155240185559, 0.0355012007058, 0.0148035474122, 0.0119423391297, 0.0178178641945, 0.0153393549845, 0.0136905871332, 0.00821828562766, 0.00968067068607, 0.00534759322181, 0.000928384659346, 0.000715344969649, 0.000504028983414, 0.000264493166469, 6.18557314738e-05, 2.09833515896e-07, 1.33771891342e-07, 1.41405777754e-07],
        "mean": [1.4475098169e-06, 1.89830061572e-05, 6.36940312688e-05, 0.000194114909391, 0.00133169908077, 0.00112005078699, 0.00163360277656, 0.00229134387337, 0.0011822321685, 0.00038482749369, 0.000471078441478, 0.000306955567794, 0.000324254884617, 0.000300508720102, 0.000310925097438, 0.000420289114118, 0.000253035424976, 0.000233214552281, 0.000220458387048, 2.72250199487e-05, 1.37845581776e-05, 1.01326504591e-05, 6.53287906971e-06, 1.00943532289e-06, 4.62519551547e-08, 5.64496782651e-10, 5.91711846187e-10],
        "min": [2.62564858744e-09, 6.95117350347e-08, 2.93202635504e-08, 1.19966870216e-07, 3.39395597848e-07, 1.83564949907e-07, 2.15549334825e-07, 1.91110373748e-07, 7.03978670913e-08, 4.64540832468e-08, 4.97178085368e-08, 4.71975134531e-08, 2.13032862462e-08, 2.22526086446e-08, 5.41083586825e-08, 6.92967532245e-08, 2.59339802966e-08, 3.17946131645e-08, 3.86235115002e-08, 4.66509035846e-08, 4.5624595657e-08, 4.49306867267e-08, 3.68242325521e-08, 3.51886093597e-08, 1.3411128208e-08, 2.45476781263e-11, 3.32587152263e-11],
        "stdev": [2.64365871772e-06, 3.7883353798e-05, 0.000115603659651, 0.00054692372214, 0.00278710573912, 0.00351535854861, 0.00578624010086, 0.0105109103024, 0.0032176063396, 0.00112195766997, 0.00221685157157, 0.00103779800702, 0.000896109966561, 0.00104905560147, 0.000956155534368, 0.00119049265049, 0.000725826015696, 0.000723562785424, 0.00052622432122, 8.53635865496e-05, 4.93765437568e-05, 3.5273773392e-05, 2.07565117307e-05, 3.79967605113e-06, 1.53079611209e-08, 5.16980858123e-09, 5.4671147609e-09]
    },
    "erbbands": {
        "max": [0.0108404466882, 0.121220082045, 1.10706043243, 11.0905885696, 78.1086502075, 108.189888, 558.173400879, 298.160980225, 1262.24438477, 1749.31799316, 2863.69213867, 971.236206055, 570.634643555, 278.360839844, 1729.16918945, 401.437286377, 457.728637695, 1014.10998535, 1000.67419434, 393.294128418, 777.983764648, 388.067260742, 337.082275391, 402.425415039, 111.641586304, 43.8067169189, 28.4690628052, 39.0282287598, 15.9199619293, 9.69086074829, 5.97795629501, 2.45997595787, 0.311278790236, 0.0107529545203, 0.00190069782548, 0.00054096209351, 0.000249390519457, 8.83737448021e-05, 9.78797615971e-05, 0.000222555841901],
        "mean": [0.000439277820988, 0.00548679661006, 0.0556155368686, 0.383001238108, 1.89564490318, 4.94284009933, 8.89664554596, 8.56817340851, 16.7506351471, 41.9827728271, 43.0755805969, 28.305513382, 17.4062671661, 9.03171730042, 25.7325897217, 11.1510028839, 15.1692180634, 16.0568408966, 16.9303379059, 16.1577281952, 23.6840171814, 13.9695320129, 11.4718875885, 17.242767334, 4.56143045425, 1.4138866663, 0.742964982986, 0.640036046505, 0.345289200544, 0.261326432228, 0.163463458419, 0.0481686219573, 0.00674427021295, 0.000964704726357, 0.000201542017749, 1.66319496202e-05, 6.51708569421e-06, 2.16013836507e-06, 6.13722477283e-06, 1.32096638481e-05],
        "min": [7.02026318322e-06, 0.000102172118204, 0.00027430159389, 0.000375043018721, 0.00161624304019, 0.00240370794199, 0.00165719760116, 0.0014193370007, 0.00265476922505, 0.00504958396778, 0.00398332485929, 0.00414898339659, 0.00256490753964, 0.00203905114904, 0.00188148580492, 0.00193115358707, 0.0031689889729, 0.00129870325327, 0.00235067610629, 0.00315440539271, 0.00359011348337, 0.00206651422195, 0.00183705601376, 0.00202118512243, 0.00192723842338, 0.00264442712069, 0.00209288555197, 0.00169220019598, 0.00148319476284, 0.00144702126272, 0.00110276136547, 0.000867179536726, 0.000453610002296, 0.000308123533614, 6.29210699117e-05, 1.95433995032e-06, 2.29223033443e-07, 5.81680161815e-08, 2.83169683257e-08, 2.14867750259e-08],
        "stdev": [0.000701016047969, 0.0111268078908, 0.0978881940246, 0.830662846565, 5.13241243362, 11.4553565979, 32.8714065552, 22.4841098785, 60.1284484863, 152.74836731, 181.483016968, 75.0982818604, 53.3479118347, 19.8175525665, 120.0259552, 31.4559383392, 37.4825286865, 54.5458259583, 56.9536323547, 37.1333084106, 66.4505157471, 36.9217262268, 32.5291213989, 46.3079147339, 8.60738372803, 3.77300715446, 2.408223629, 2.50241780281, 1.19652366638, 0.798909902573, 0.493832409382, 0.165361523628, 0.0226358640939, 0.000772895175032, 9.98764153337e-05, 2.79844989564e-05, 1.35213877002e-05, 4.77792673337e-06, 1.04757782537e-05, 2.28447552217e-05]
    },
    "gfcc": {
        "mean": [-162.64642334, 150.832260132, -173.141357422, 29.258228302, -73.7188949585, -20.3313598633, -40.3692893982, -16.2347164154, -3.63313341141, -22.6598243713, 2.63665938377, -20.554725647, -3.72267913818],
        "cov": [[7224.91503906, 149.124359131, -2567.82397461, -1017.35778809, 237.471206665, -959.879394531, 411.448974609, -248.828140259, 584.846252441, -602.694152832, -90.6007156372, 230.936050415, -355.626495361], [149.124359131, 325.096618652, 112.375770569, -173.873809814, 48.9668540955, -99.470123291, -1.78933608532, 14.2394533157, -9.84055137634, -43.6323547363, -0.0308105032891, -43.5431098938, -34.3293457031], [-2567.82397461, 112.375770569, 1314.76477051, 462.441162109, -107.491996765, 259.078094482, -248.255050659, 54.8194046021, -189.57951355, 151.617584229, 5.42847537994, -78.8196105957, 144.601150513], [-1017.35778809, -173.873809814, 462.441162109, 594.947692871, 4.19357681274, 113.655326843, -160.719680786, -25.8400173187, -61.3849258423, 46.3282432556, -50.0502357483, 13.5710754395, 150.145050049], [237.471206665, 48.9668540955, -107.491996765, 4.19357681274, 245.790405273, -66.7614593506, -117.774253845, -48.5212936401, 32.7493515015, 1.86142528057, -20.6672229767, -26.7385654449, -23.0805473328], [-959.879394531, -99.470123291, 259.078094482, 113.655326843, -66.7614593506, 405.033538818, 128.545074463, 20.8826503754, -138.024536133, 126.785690308, 52.4745368958, -36.727973938, 28.6336975098], [411.448974609, -1.78933608532, -248.255050659, -160.719680786, -117.774253845, 128.545074463, 357.897735596, 85.5167922974, -72.0163192749, -31.6453437805, 37.5412597656, 34.2897415161, -29.0115375519], [-248.828140259, 14.2394533157, 54.8194046021, -25.8400173187, -48.5212936401, 20.8826503754, 85.5167922974, 137.35446167, -12.9639339447, 0.689196586609, 2.97190475464, 0.93591850996, 2.03894424438], [584.846252441, -9.84055137634, -189.57951355, -61.3849258423, 32.7493515015, -138.024536133, -72.0163192749, -12.9639339447, 171.308151245, -6.87872505188, -24.6465091705, 4.00995254517, -37.4172096252], [-602.694152832, -43.6323547363, 151.617584229, 46.3282432556, 1.86142528057, 126.785690308, -31.6453437805, 0.689196586609, -6.87872505188, 171.811279297, 56.0899658203, -36.3643989563, 14.2738618851], [-90.6007156372, -0.0308105032891, 5.42847537994, -50.0502357483, -20.6672229767, 52.4745368958, 37.5412597656, 2.97190475464, -24.6465091705, 56.0899658203, 90.8409729004, 21.6682949066, -11.1846628189], [230.936050415, -43.5431098938, -78.8196105957, 13.5710754395, -26.7385654449, -36.727973938, 34.2897415161, 0.93591850996, 4.00995254517, -36.3643989563, 21.6682949066, 100.75088501, 38.3266906738], [-355.626495361, -34.3293457031, 144.601150513, 150.145050049, -23.0805473328, 28.6336975098, -29.0115375519, 2.03894424438, -37.4172096252, 14.2738618851, -11.1846628189, 38.3266906738, 108.911407471]],
        "icov": [[0.00228107115254, -0.000669301196467, 0.00160121475346, -9.81993507594e-05, -0.00135439494625, 0.00204215710983, -0.00437151361257, 0.00496174953878, -0.00551815191284, 0.00421913387254, -0.0015714452602, -0.000642008031718, 0.000781335344072], [-0.000669301196467, 0.0104458015412, -0.00560454279184, 0.00465903943405, -0.00485293241218, 0.00406278576702, -0.00499538145959, 0.00158759241458, -0.00100098899566, 0.00301580014639, -0.00349462288432, 0.0066032288596, -0.00475341500714], [0.00160121475346, -0.00560454279184, 0.00624538445845, -0.00307390722446, 0.00339818419889, -0.00186380941886, 0.00333133363165, -0.000218700326513, -7.9529316281e-05, 0.000569972558878, 0.000517570530064, -0.00249358126894, 0.00233783712611], [-9.81993507594e-05, 0.00465903943405, -0.00307390722446, 0.00582205457613, -0.00266671180725, 0.000734701112378, -0.0016164293047, 0.00154597940855, -0.00124279677402, 0.00181433197577, 0.000350757298293, 0.00177908921614, -0.00526978168637], [-0.00135439494625, -0.00485293241218, 0.00339818419889, -0.00266671180725, 0.00989702437073, -0.00380075653084, 0.00949693005532, -0.00508504640311, 0.00689554912969, -0.00553100882098, 0.00388274458237, -0.00224916939624, 0.0032181579154], [0.00204215710983, 0.00406278576702, -0.00186380941886, 0.000734701112378, -0.00380075653084, 0.0108518414199, -0.0109134064987, 0.00766319129616, -0.0035150879994, 0.00107468513306, -0.00271992944181, 0.00324728176929, -6.90465749358e-05], [-0.00437151361257, -0.00499538145959, 0.00333133363165, -0.0016164293047, 0.00949693005532, -0.0109134064987, 0.0230204034597, -0.0168665871024, 0.0165853649378, -0.00914537906647, 0.00555853126571, -0.00449603144079, 0.00233592628501], [0.00496174953878, 0.00158759241458, -0.000218700326513, 0.00154597940855, -0.00508504640311, 0.00766319129616, -0.0168665871024, 0.0226374845952, -0.0150173762813, 0.00965955667198, -0.00383637612686, 0.000929031870328, -0.000294206343824], [-0.00551815191284, -0.00100098899566, -7.9529316281e-05, -0.00124279677402, 0.00689554912969, -0.0035150879994, 0.0165853649378, -0.0150173762813, 0.0278614405543, -0.0173767246306, 0.010991724208, -0.0043063852936, 0.00506323063746], [0.00421913387254, 0.00301580014639, 0.000569972558878, 0.00181433197577, -0.00553100882098, 0.00107468513306, -0.00914537906647, 0.00965955667198, -0.0173767246306, 0.0255347080529, -0.0170190129429, 0.0100951390341, -0.00721913063899], [-0.0015714452602, -0.00349462288432, 0.000517570530064, 0.000350757298293, 0.00388274458237, -0.00271992944181, 0.00555853126571, -0.00383637612686, 0.010991724208, -0.0170190129429, 0.0284412540495, -0.0159564167261, 0.0102296806872], [-0.000642008031718, 0.0066032288596, -0.00249358126894, 0.00177908921614, -0.00224916939624, 0.00324728176929, -0.00449603144079, 0.000929031870328, -0.0043063852936, 0.0100951390341, -0.0159564167261, 0.0274239256978, -0.0157941859215], [0.000781335344072, -0.00475341500714, 0.00233783712611, -0.00526978168637, 0.0032181579154, -6.90465749358e-05, 0.00233592628501, -0.000294206343824, 0.00506323063746, -0.00721913063899, 0.0102296806872, -0.0157941859215, 0.0250178873539]]
    },
    "melbands": {
        "max": [0.000104167418613, 0.000428900326369, 0.00363671733066, 0.00635402463377, 0.0146465105936, 0.00616365112364, 0.0208527818322, 0.0245495010167, 0.0186531059444, 0.00625522341579, 0.00278519210406, 0.00141845201142, 0.00518266903237, 0.00238321605138, 0.000915461976547, 0.00156680296641, 0.00181154930033, 0.00188416731544, 0.000733417226002, 0.000954501330853, 0.00103096337989, 0.000499513233081, 0.000339258462191, 0.000416886410676, 0.000375718140276, 0.000175517561729, 2.10618763958e-05, 4.07516017731e-05, 2.49132972385e-05, 1.62474061653e-05, 3.41641680279e-05, 1.10766586658e-05, 5.68371069676e-06, 6.69869450576e-06, 4.20048581873e-06, 2.36808637055e-06, 1.18974264751e-06, 2.81378220279e-07, 9.68710445193e-09, 2.23401563915e-09],
        "mean": [4.44828856416e-06, 2.38400389208e-05, 0.000106582941953, 0.000242435984546, 0.000301281776046, 0.000202380717383, 0.000273270532489, 0.000497486442327, 0.000320163177093, 0.000167639736901, 8.26593386591e-05, 3.26014524035e-05, 7.51107145334e-05, 4.70396371384e-05, 2.30042824114e-05, 3.68562650692e-05, 2.79423529719e-05, 2.64452955889e-05, 2.27984201047e-05, 2.518288602e-05, 2.7914516977e-05, 1.4962332898e-05, 1.03130032585e-05, 1.11514982564e-05, 1.52422207975e-05, 4.96884285894e-06, 8.54280074236e-07, 9.82246206149e-07, 5.8444862816e-07, 2.75549581374e-07, 4.40543374225e-07, 2.18982165734e-07, 1.28658214749e-07, 1.50055711856e-07, 1.04115549959e-07, 5.42170042195e-08, 1.99622469665e-08, 5.0919037875e-09, 8.43380310034e-10, 6.29510499284e-10],
        "min": [2.24666116821e-08, 2.51437114684e-07, 1.04702202464e-07, 8.65690736873e-08, 5.2263001038e-08, 3.37704868514e-08, 4.06506721617e-08, 6.19474818109e-08, 3.66283181563e-08, 2.10147081958e-08, 8.42340863727e-09, 7.65145902193e-09, 5.89489612679e-09, 4.96613949963e-09, 3.34718897044e-09, 2.69034616807e-09, 1.96424521093e-09, 2.83667511702e-09, 4.42394432199e-09, 3.83701426188e-09, 3.72648045754e-09, 1.6380338197e-09, 1.37695899127e-09, 1.32074406967e-09, 1.34008448782e-09, 1.23331267421e-09, 1.15138021339e-09, 1.50711143565e-09, 1.48602530281e-09, 8.74114169935e-10, 7.76812836278e-10, 7.25406845703e-10, 7.68517083305e-10, 6.27266960596e-10, 5.17340226214e-10, 5.51144185845e-10, 3.9831279941e-10, 3.01369984523e-10, 2.26493365729e-10, 1.94940313891e-10],
        "stdev": [8.00217549113e-06, 3.9647489757e-05, 0.000264213362243, 0.000522196758538, 0.000936520751566, 0.000542636029422, 0.000955038587563, 0.00191406998783, 0.00122546835337, 0.000472438812722, 0.000263846770395, 8.05653908174e-05, 0.000347904599039, 0.000179929411388, 5.94771081524e-05, 0.000108805194031, 9.82768542599e-05, 0.000101086021459, 6.74767652526e-05, 6.92979447194e-05, 8.37020779727e-05, 4.26042315667e-05, 2.75850688922e-05, 3.51505259459e-05, 4.14733440266e-05, 1.04367345557e-05, 1.70992166204e-06, 3.22916594087e-06, 2.12215695683e-06, 8.89330976861e-07, 1.92071911442e-06, 8.24925280085e-07, 3.75535591957e-07, 4.91241053169e-07, 3.25491640751e-07, 1.70873406091e-07, 7.75784130269e-08, 1.9067508461e-08, 5.49847167797e-10, 2.12111814224e-10]
    },
    "melbands128": {
        "max": [2.35199768213e-05, 6.84856131556e-05, 0.000178180445801, 0.000223697759793, 0.000466243451228, 0.000611554365605, 0.0016983167734, 0.0056128478609, 0.00921888742596, 0.0108291665092, 0.0073951408267, 0.0132104409859, 0.02720605582, 0.0189620051533, 0.0083728833124, 0.0119122648612, 0.0220413245261, 0.0379369147122, 0.0249523427337, 0.0291602127254, 0.0530525892973, 0.0551407970488, 0.0123754804954, 0.0106290634722, 0.00914536882192, 0.0113075971603, 0.00634454190731, 0.00356736942194, 0.00473274942487, 0.00280718924478, 0.000755672808737, 0.000749463099055, 0.00714813824743, 0.0104593709111, 0.00391009729356, 0.00201435876079, 0.00161582464352, 0.00148008647375, 0.00134566868655, 0.00168662110809, 0.00328491185792, 0.00290362141095, 0.00353493541479, 0.00092170498101, 0.00157089601271, 0.00436514057219, 0.00212614471093, 0.00171080511063, 0.000777568609919, 0.00101257290225, 0.00117497437168, 0.00281782564707, 0.00225253938697, 0.00260665384121, 0.00116166169755, 0.00107526965439, 0.000857407751027, 0.000456914451206, 0.00082378188381, 0.000503487419337, 0.000615518423729, 0.000957987038419, 0.000766137207393, 0.000637367949821, 0.00042442639824, 0.000228583536227, 0.000116093768156, 2.65312392003e-05, 1.72213585756e-05, 2.21269201575e-05, 2.40756653511e-05, 0.000119454947708, 6.57265118207e-05, 2.08594756259e-05, 8.95383436728e-06, 1.85259632417e-05, 2.15984273382e-05, 1.99966561922e-05, 8.00196503405e-05, 3.51349699486e-05, 1.49819334183e-05, 8.70119492902e-06, 5.07720596943e-06, 4.95364292874e-06, 6.6273532866e-06, 7.45584793549e-06, 8.36067829368e-06, 8.05655145086e-06, 4.16255716118e-06, 3.99934606321e-06, 3.59924547411e-06, 2.98521536024e-06, 2.76543141808e-06, 1.46657441746e-06, 1.06372033315e-06, 5.57312887395e-07, 2.28276903158e-07, 1.834195551e-08, 7.69723218497e-09, 6.84057166467e-09, 3.69266617284e-09, 2.05177341783e-09, 2.21940754663e-09, 5.80054493327e-09, 1.10592857094e-09, 1.03500030768e-09, 9.97715354778e-10, 9.57226520271e-10, 9.20625686796e-10, 8.77665162768e-10, 8.47528491832e-10, 8.10996991785e-10, 7.85113196677e-10, 7.64985574886e-10, 7.3156042335e-10, 7.04119096362e-10, 6.79207357024e-10, 6.60870913549e-10, 6.44402808891e-10, 6.29781560235e-10, 6.12127737387e-10, 5.97530747104e-10, 5.85176407331e-10, 5.74818193044e-10, 5.67064284418e-10, 5.60961166407e-10, 5.56166390719e-10, 5.52936585407e-10],
        "mean": [8.01786029569e-07, 3.09100255436e-06, 5.0198068493e-06, 8.77915590536e-06, 1.79001308425e-05, 3.62014361599e-05, 6.15557219135e-05, 0.000113626651, 0.000192203660845, 0.000237655796809, 0.000276499020401, 0.000322791194776, 0.000339862948749, 0.000244514027145, 0.000167676320416, 0.000186061835848, 0.000243812392, 0.00025358540006, 0.000340362719726, 0.00050749728689, 0.000581412867177, 0.000494365347549, 0.000245745352004, 0.000200998416403, 0.000201785820536, 0.000142966673593, 0.000115330411063, 8.30714707263e-05, 4.83681360492e-05, 4.04519269068e-05, 2.4469818527e-05, 1.9748133127e-05, 7.41309704608e-05, 0.000136731759994, 5.29711724084e-05, 2.35918614635e-05, 2.47157713602e-05, 1.61287152878e-05, 2.39964538196e-05, 4.26772276114e-05, 3.79169578082e-05, 3.27239722537e-05, 3.16782825394e-05, 2.34209564951e-05, 2.13025450648e-05, 2.81377342617e-05, 2.99300590996e-05, 2.62688972725e-05, 1.67440448422e-05, 1.88542671822e-05, 2.42005444306e-05, 3.64962324966e-05, 2.79513824353e-05, 2.76838400168e-05, 1.90267201106e-05, 1.32834202304e-05, 1.1938116586e-05, 1.10578084787e-05, 9.61254499998e-06, 8.51286222314e-06, 1.02022095234e-05, 1.33453058879e-05, 1.79573580681e-05, 1.70427247213e-05, 8.65775564307e-06, 4.66523351861e-06, 2.91333390123e-06, 8.62664535362e-07, 3.41804991422e-07, 6.97401958405e-07, 8.12822349872e-07, 1.46370484799e-06, 9.64766400102e-07, 3.20933224884e-07, 2.00938700345e-07, 3.46282575947e-07, 2.55628293644e-07, 2.36420035549e-07, 5.79046002258e-07, 5.54654036478e-07, 1.94717628688e-07, 1.17753650386e-07, 1.19666253795e-07, 1.2176110431e-07, 1.40759155443e-07, 1.67918486227e-07, 1.46162946635e-07, 1.3267600707e-07, 1.02061484597e-07, 8.26629289463e-08, 7.82191946769e-08, 3.90991132804e-08, 2.96201640992e-08, 2.03783621089e-08, 1.47419809693e-08, 7.46399386742e-09, 3.00620306426e-09, 1.02039143801e-09, 8.09497024967e-10, 7.27074456197e-10, 6.71209254843e-10, 6.1596178158e-10, 5.80607506517e-10, 4.7100789935e-10, 9.42724856512e-11, 4.3890073867e-12, 4.12746573031e-12, 4.0070980388e-12, 3.86277988762e-12, 3.70621372134e-12, 3.58246548746e-12, 3.43976670064e-12, 3.31460553449e-12, 3.21428756007e-12, 3.10019826651e-12, 3.00794241945e-12, 2.92451956749e-12, 2.78018732168e-12, 2.70260658471e-12, 2.63664806134e-12, 2.56561070132e-12, 2.51218468771e-12, 2.47230794864e-12, 2.41880929348e-12, 2.33196946996e-12, 2.21984496757e-12, 2.1541165119e-12, 2.13548666597e-12],
        "min": [1.30194699466e-09, 9.6804999572e-09, 8.8203329085e-09, 6.36357500028e-09, 2.15852402619e-08, 1.43291876142e-08, 3.01779401468e-08, 6.95881254842e-08, 6.24391631732e-08, 3.92842522956e-08, 3.73864743608e-08, 1.99264391654e-08, 1.19020597822e-08, 2.21932587863e-08, 2.32293473346e-08, 3.66597703305e-08, 1.5393862185e-08, 1.7742387115e-08, 1.20872867271e-08, 3.31630971573e-08, 2.55187586617e-08, 1.69511285009e-08, 8.24775625574e-09, 1.20343361942e-08, 5.80014314355e-10, 3.19797432979e-09, 7.12284187188e-09, 2.36841590784e-09, 2.20310281129e-09, 3.07471381689e-09, 2.62770138981e-09, 7.51602335924e-10, 1.11991538265e-09, 2.30635022191e-09, 8.64979088355e-10, 2.54042120673e-09, 1.77118009148e-09, 2.34347563577e-09, 9.91134840866e-10, 2.38383979223e-09, 2.84089507474e-09, 1.84333404096e-09, 1.08724584891e-09, 5.14021325504e-10, 5.39258082632e-10, 1.6359809063e-09, 1.50942691679e-09, 2.89031065748e-09, 1.2036953656e-09, 9.14747722014e-10, 1.79395320821e-09, 2.08861328233e-09, 1.23578836053e-09, 2.03612793293e-09, 8.93068341501e-10, 1.32681798881e-09, 1.53838852768e-09, 1.32384214702e-09, 1.3383062436e-09, 1.00133490388e-09, 2.92919882794e-10, 6.32254526511e-10, 5.68651292721e-10, 1.02148822734e-09, 1.01547836806e-09, 1.3061576265e-09, 1.042424147e-09, 6.16095674477e-10, 4.39152741949e-10, 1.05274344797e-09, 8.14102785185e-10, 8.85462814182e-10, 1.11508879908e-09, 7.61944340955e-10, 4.200520487e-10, 6.29367835625e-10, 6.32053798189e-10, 3.55110024719e-10, 4.65258165327e-10, 7.39064365263e-10, 5.31966970474e-10, 4.71274019809e-10, 3.45510120514e-10, 4.22144291745e-10, 5.47171807863e-10, 3.6525749092e-10, 4.37695241162e-10, 3.38872929717e-10, 4.28005575426e-10, 2.50211101838e-10, 3.80965398117e-10, 3.08971875862e-10, 3.25344778895e-10, 2.92339402685e-10, 1.79761594499e-10, 2.05486516691e-10, 2.08789652234e-10, 1.30305349844e-10, 9.17682735357e-11, 1.29843122365e-10, 8.23919890647e-11, 1.24000323898e-10, 1.11447080731e-10, 9.35207467023e-11, 7.01642520126e-12, 1.31672843744e-13, 9.98354908943e-14, 9.91453081201e-14, 8.43985187185e-14, 1.00648662852e-13, 9.76510471334e-14, 9.96139545091e-14, 1.07949795478e-13, 9.19039556914e-14, 9.4504129999e-14, 7.3912623526e-14, 1.0314624453e-13, 9.48342966656e-14, 1.08727893496e-13, 1.13972240391e-13, 8.67711460952e-14, 8.84722321987e-14, 1.01344015916e-13, 9.41255333766e-14, 6.38982885159e-14, 2.36167422424e-14, 4.51621280927e-15, 9.31616929448e-17],
        "stdev": [1.21690391097e-06, 4.56529232906e-06, 1.10815999506e-05, 2.10382331716e-05, 3.9840786485e-05, 6.55694457237e-05, 0.000120652002806, 0.000361424667062, 0.000606903806329, 0.000701295852195, 0.000760390365031, 0.000997715396807, 0.00151021697093, 0.00113868538756, 0.000516094558407, 0.000730979256332, 0.00112479901873, 0.00133790727705, 0.00155125383753, 0.00224822130986, 0.00317971478216, 0.00321957119741, 0.000847041606903, 0.000724518846255, 0.000672632420901, 0.000640890270006, 0.000523238675669, 0.000320024235407, 0.000219738329179, 0.000131403881824, 5.98514598096e-05, 6.01139181526e-05, 0.000429526437074, 0.000746184552554, 0.000242427602643, 9.7253920103e-05, 9.29332454689e-05, 7.16019276297e-05, 7.65923614381e-05, 0.000125878010294, 0.000176791712875, 0.000167687234352, 0.000180767165148, 6.97243231116e-05, 9.08253205125e-05, 0.000186872217455, 0.000118853786262, 0.000123230493045, 6.00922794547e-05, 5.74546502321e-05, 8.04828450782e-05, 0.00014662015019, 0.000123629637528, 0.00012474542018, 6.74041439197e-05, 5.20560497534e-05, 4.62124371552e-05, 3.24001157423e-05, 3.41069826391e-05, 3.41523809766e-05, 3.97702679038e-05, 5.45553448319e-05, 6.34249809082e-05, 5.33469319635e-05, 2.50845805567e-05, 1.1557628568e-05, 6.86037901687e-06, 2.3408274501e-06, 1.16217495361e-06, 1.61467733051e-06, 2.0815427888e-06, 7.41938401916e-06, 3.93790878661e-06, 1.22275253034e-06, 6.54779512388e-07, 1.03453839984e-06, 1.02344336028e-06, 9.57855718298e-07, 3.38538325195e-06, 2.42773330683e-06, 8.52316588862e-07, 4.30641051707e-07, 3.73756591898e-07, 3.81020242912e-07, 4.35640146179e-07, 5.36825211839e-07, 5.53491190658e-07, 5.13538623181e-07, 3.21395077663e-07, 2.47943233944e-07, 2.63194351646e-07, 1.55402318569e-07, 1.30633225126e-07, 7.69158248204e-08, 6.73129392226e-08, 2.99588762687e-08, 1.06383408749e-08, 1.12244014083e-09, 5.0595266865e-10, 3.79809100837e-10, 3.12611769804e-10, 2.65735017324e-10, 2.50020948389e-10, 2.54775978092e-10, 7.61612370392e-11, 4.00282550161e-11, 3.85871681829e-11, 3.70209314593e-11, 3.55678750341e-11, 3.39530278892e-11, 3.27481687601e-11, 3.13642445349e-11, 3.03479082142e-11, 2.95186167176e-11, 2.82862153839e-11, 2.72273523172e-11, 2.62648704868e-11, 2.55432272556e-11, 2.49032617444e-11, 2.43212082418e-11, 2.36630836453e-11, 2.31126541517e-11, 2.26254518593e-11, 2.22275964995e-11, 2.19233554921e-11, 2.1688338625e-11, 2.15063088865e-11, 2.13833898505e-11]
    },
    "mfcc": {
        "mean": [-781.918334961, 159.693344116, -35.3711166382, 29.0026187897, -13.7670135498, -9.46234321594, -27.4176425934, -2.05216479301, -18.8131656647, 1.39955317974, -5.79992055893, -4.05914545059, -6.46421766281],
        "cov": [[8455.25683594, 479.038024902, -3084.54418945, -344.83215332, -858.418395996, -277.114440918, -882.328491211, 745.527893066, -317.921325684, 125.763626099, -58.9716415405, -178.293579102, -126.547187805], [479.038024902, 587.732849121, -167.55229187, -155.430709839, -30.396856308, -194.406448364, -31.1252098083, 15.8775491714, -38.8778877258, -27.2434234619, 65.7803726196, -15.7850904465, 8.48569107056], [-3084.54418945, -167.55229187, 1489.19726562, 212.87322998, 262.059295654, 137.408248901, 303.870300293, -235.408035278, 112.072242737, -67.6430435181, -74.854598999, 86.6105270386, 81.5163650513], [-344.83215332, -155.430709839, 212.87322998, 339.716583252, 216.25428772, 11.0242996216, -89.8445663452, -56.4596138, 28.8405666351, -35.6710472107, -93.8010406494, -93.8511734009, 2.83600282669], [-858.418395996, -30.396856308, 262.059295654, 216.25428772, 462.916473389, 31.3817749023, -127.710037231, -180.155990601, -6.37788724899, -2.42533946037, -3.70507335663, -93.5477142334, -21.2141094208], [-277.114440918, -194.406448364, 137.408248901, 11.0242996216, 31.3817749023, 228.852142334, 94.389175415, -49.1321220398, 15.863199234, 12.6674470901, -20.6986503601, 47.5077514648, 0.795185089111], [-882.328491211, -31.1252098083, 303.870300293, -89.8445663452, -127.710037231, 94.389175415, 402.511260986, 19.9177627563, 60.6839332581, -25.0638923645, 25.4994087219, 107.112670898, 19.8332653046], [745.527893066, 15.8775491714, -235.408035278, -56.4596138, -180.155990601, -49.1321220398, 19.9177627563, 217.440093994, 2.71650242805, -14.2519769669, -20.0669326782, -9.86161708832, -9.29634094238], [-317.921325684, -38.8778877258, 112.072242737, 28.8405666351, -6.37788724899, 15.863199234, 60.6839332581, 2.71650242805, 118.869735718, -0.87008446455, -15.8462753296, 12.6998729706, 3.33170127869], [125.763626099, -27.2434234619, -67.6430435181, -35.6710472107, -2.42533946037, 12.6674470901, -25.0638923645, -14.2519769669, -0.87008446455, 105.679969788, 44.043258667, -1.9717810154, -21.38256073], [-58.9716415405, 65.7803726196, -74.854598999, -93.8010406494, -3.70507335663, -20.6986503601, 25.4994087219, -20.0669326782, -15.8462753296, 44.043258667, 145.456665039, 50.357208252, -25.652715683], [-178.293579102, -15.7850904465, 86.6105270386, -93.8511734009, -93.5477142334, 47.5077514648, 107.112670898, -9.86161708832, 12.6998729706, -1.9717810154, 50.357208252, 157.037918091, 37.6661834717], [-126.547187805, 8.48569107056, 81.5163650513, 2.83600282669, -21.2141094208, 0.795185089111, 19.8332653046, -9.29634094238, 3.33170127869, -21.38256073, -25.652715683, 37.6661834717, 91.0891647339]],
        "icov": [[0.00301484158263, -0.00339844287373, 0.0043126787059, -0.00358041841537, 0.00397233711556, -0.00420693261549, 0.00462961662561, -0.00442343065515, 0.00294526712969, -0.002870650962, 0.00323705398478, -0.00292981090024, 0.00160096073523], [-0.00339844287373, 0.00704369228333, -0.00470871664584, 0.00604314124212, -0.0052665732801, 0.00740428082645, -0.00561977364123, 0.0054780668579, -0.00319822202437, 0.00448631355539, -0.00397242186591, 0.00404171552509, -0.00248019513674], [0.0043126787059, -0.00470871664584, 0.00760844815522, -0.00558448396623, 0.00492278859019, -0.00556267332286, 0.00529495393857, -0.00526520889252, 0.00379948667251, -0.00404739147052, 0.00558165693656, -0.00503249140456, 0.00186375924386], [-0.00358041841537, 0.00604314124212, -0.00558448396623, 0.0116182807833, -0.0074797058478, 0.00649759033695, -0.00488910311833, 0.00489759491757, -0.0047131725587, 0.00494147231802, -0.00158552872017, 0.00532669434324, -0.00245238188654], [0.00397233711556, -0.0052665732801, 0.00492278859019, -0.0074797058478, 0.0113490307704, -0.00739298481494, 0.00766523648053, -0.00287370989099, 0.00401297817007, -0.0028996381443, 0.00131050718483, -0.00100652792025, 0.00253991084173], [-0.00420693261549, 0.00740428082645, -0.00556267332286, 0.00649759033695, -0.00739298481494, 0.0144750401378, -0.00867682695389, 0.00762767111883, -0.0035159366671, 0.00291915982962, -0.00127597723622, 0.00153155066073, -0.00111778080463], [0.00462961662561, -0.00561977364123, 0.00529495393857, -0.00488910311833, 0.00766523648053, -0.00867682695389, 0.0122483316809, -0.00777218211442, 0.00305131264031, -0.00293039064854, 0.00309000653215, -0.0047492091544, 0.00280442391522], [-0.00442343065515, 0.0054780668579, -0.00526520889252, 0.00489759491757, -0.00287370989099, 0.00762767111883, -0.00777218211442, 0.0152587359771, -0.00483388127759, 0.00551914982498, -0.00374765694141, 0.00561850192025, -0.00148891238496], [0.00294526712969, -0.00319822202437, 0.00379948667251, -0.0047131725587, 0.00401297817007, -0.0035159366671, 0.00305131264031, -0.00483388127759, 0.0129495104775, -0.00423512374982, 0.00440735882148, -0.00389222917147, 0.00232670665719], [-0.002870650962, 0.00448631355539, -0.00404739147052, 0.00494147231802, -0.0028996381443, 0.00291915982962, -0.00293039064854, 0.00551914982498, -0.00423512374982, 0.0158508326858, -0.0077662137337, 0.00537719810382, -0.000972195877694], [0.00323705398478, -0.00397242186591, 0.00558165693656, -0.00158552872017, 0.00131050718483, -0.00127597723622, 0.00309000653215, -0.00374765694141, 0.00440735882148, -0.0077662137337, 0.0178759489208, -0.00960025377572, 0.00620234617963], [-0.00292981090024, 0.00404171552509, -0.00503249140456, 0.00532669434324, -0.00100652792025, 0.00153155066073, -0.0047492091544, 0.00561850192025, -0.00389222917147, 0.00537719810382, -0.00960025377572, 0.0171048864722, -0.00712138647214], [0.00160096073523, -0.00248019513674, 0.00186375924386, -0.00245238188654, 0.00253991084173, -0.00111778080463, 0.00280442391522, -0.00148891238496, 0.00232670665719, -0.000972195877694, 0.00620234617963, -0.00712138647214, 0.0160587970167]]
    },
    "spectral_contrast_coeffs": {
        "max": [-0.327053010464, -0.388754248619, -0.570522904396, -0.555569529533, -0.509388804436, -0.523057579994],
        "mean": [-0.640100598335, -0.733809232712, -0.773082196712, -0.779406130314, -0.76484054327, -0.746004283428],
        "min": [-0.867134988308, -0.921491384506, -0.93930208683, -0.911491811275, -0.921574950218, -0.954361259937],
        "stdev": [0.0947526991367, 0.0856607109308, 0.0653634145856, 0.0661153718829, 0.0744741931558, 0.0669603273273]
    },
    "spectral_contrast_valleys": {
        "max": [-6.18228006363, -5.04501771927, -5.52493810654, -5.856092453, -6.2169752121, -10.931977272],
        "mean": [-8.53337574005, -7.36901521683, -8.55152130127, -8.65730190277, -8.95358657837, -12.6109075546],
        "min": [-10.456155777, -9.86984157562, -11.1027317047, -11.2899074554, -10.9418210983, -13.2573394775],
        "stdev": [0.647619366646, 1.00316250324, 1.20286619663, 1.1925791502, 0.883161604404, 0.280562341213]
    }
},
"rhythm": {
    "beats_count": 49,
    "beats_loudness": {
        "max": 0.120714694262,
        "mean": 0.0148573629558,
        "min": 0.00026651340886,
        "stdev": 0.0205260869116
    },
    "bpm": 74.6733322144,
    "bpm_histogram_first_peak_bpm": 75,
    "bpm_histogram_first_peak_weight": 0,
    "bpm_histogram_second_peak_bpm": 86,
    "bpm_histogram_second_peak_spread": 0.181818187237,
    "bpm_histogram_second_peak_weight": 0.1875,
    "danceability": 1.00675606728,
    "onset_rate": 2.79931616783,
    "beats_loudness_band_ratio": {
        "max": [0.60906714201, 0.794558823109, 0.794858634472, 0.430231451988, 0.437565863132, 0.121160462499],
        "mean": [0.108522966504, 0.303624778986, 0.409450232983, 0.127553507686, 0.1085588485, 0.0223335027695],
        "min": [0.000267870840617, 0.0332496240735, 0.0422186851501, 0.00171369453892, 0.0022942116484, 0.00126321159769],
        "stdev": [0.129026204348, 0.227050602436, 0.233656272292, 0.12341567874, 0.10029284656, 0.0267070438713]
    },
    "beats_position": [0.476009070873, 0.952018141747, 1.43963718414, 1.92725622654, 2.41487526894, 2.91410422325, 3.42494320869, 3.94739222527, 4.446621418, 4.98067998886, 5.51473903656, 6.03718805313, 6.57124710083, 7.0936961174, 7.65097475052, 8.20825386047, 8.76553249359, 9.32281208038, 9.8800907135, 10.5186395645, 11.1571884155, 11.7957363129, 12.4342851639, 13.0728340149, 13.7694330215, 14.4776411057, 15.1974601746, 15.9056682587, 16.602268219, 17.298866272, 17.995464325, 18.6920623779, 19.4002723694, 20.0968704224, 20.7818584442, 21.5829467773, 22.3840351105, 23.1735134125, 23.974603653, 24.7873020172, 25.6000003815, 26.4126987457, 27.22539711, 28.0380954742, 28.8391838074, 29.6402721405, 30.4413604736, 31.2308387756, 32.0319252014],
