{
"metadata": {
    "version": {
        "essentia": "2.1-beta5",
        "essentia_git_sha": "Undefined",
        "extractor": "music 2.0"
    },
    "audio_properties": {
        "analysis": {
            "equal_loudness": 0,
            "length": 32.4963264465,
            "sample_rate": 44100,
            "start_time": 12.7477550507,
            "downmix": "mix"
        },
        "bit_rate": 192000,
        "length": 228.646896362,
        "lossless": 0,
        "number_channels": 2,
        "replay_gain": -8.87847900391,
        "sample_rate": 48000,
        "codec": "mp3",
        "md5_encoded": "1b56279e1ec2d87442366d6966f42441"
    },
    "tags": {
        "file_name": "Belgium_September, Gouden Roos_Bob Benny.mp3",
        "encoding": ["Lavf58.29.100"]
    }
},
"lowlevel": {
    "average_loudness": 0.0367403402925,
    "barkbands_crest": {
        "max": 25.8574733734,
        "mean": 12.6529273987,
        "min": 2.7955698967,
        "stdev": 5.2543387413
    },
    "barkbands_flatness_db": {
        "max": 0.43339446187,
        "mean": 0.235235109925,
        "min": 0.0793749392033,
        "stdev": 0.0609435252845
    },
    "barkbands_kurtosis": {
        "max": 82.8671340942,
        "mean": 7.92697381973,
        "min": -1.88462817669,
        "stdev": 10.1871509552
    },
    "barkbands_skewness": {
        "max": 7.88834667206,
        "mean": 1.77856075764,
        "min": -2.64813423157,
        "stdev": 1.33631122112
    },
    "barkbands_spread": {
        "max": 72.9026412964,
        "mean": 11.7053012848,
        "min": 0.854470789433,
        "stdev": 11.0874929428
    },
    "dissonance": {
        "max": 0.499987900257,
        "mean": 0.423233807087,
        "min": 0.165992707014,
        "stdev": 0.059411522001
    },
    "dynamic_complexity": 7.52106618881,
    "erbbands_crest": {
        "max": 32.3681221008,
        "mean": 13.3178195953,
        "min": 2.83480572701,
        "stdev": 5.93743181229
    },
    "erbbands_flatness_db": {
        "max": 0.454027801752,
        "mean": 0.268743216991,
        "min": 0.146357476711,
        "stdev": 0.0575137734413
    },
    "erbbands_kurtosis": {
        "max": 76.1128768921,
        "mean": 3.61478829384,
        "min": -1.7837896347,
        "stdev": 6.16480207443
    },
    "erbbands_skewness": {
        "max": 7.52487754822,
        "mean": 1.04109025002,
        "min": -5.39012718201,
        "stdev": 1.27658045292
    },
    "erbbands_spread": {
        "max": 115.856086731,
        "mean": 23.2427101135,
        "min": 2.42548537254,
        "stdev": 16.5628795624
    },
    "hfc": {
        "max": 140.528900146,
        "mean": 7.25823354721,
        "min": 0.0468167997897,
        "stdev": 16.8522434235
    },
    "loudness_ebu128": {
        "integrated": -18.6325283051,
        "loudness_range": 14.1646366119,
        "momentary": {
            "max": -8.52004814148,
            "mean": -24.0894966125,
            "min": -37.7629852295,
            "stdev": 6.06533002853
        },
        "short_term": {
            "max": -11.9326782227,
            "mean": -21.750787735,
            "min": -28.3220806122,
            "stdev": 4.41925430298
        }
    },
    "melbands_crest": {
        "max": 34.1258659363,
        "mean": 15.2444658279,
        "min": 4.05157184601,
        "stdev": 6.04792070389
    },
    "melbands_flatness_db": {
        "max": 0.433738380671,
        "mean": 0.260929107666,
        "min": 0.0608618892729,
        "stdev": 0.0684166997671
    },
    "melbands_kurtosis": {
        "max": 123.085891724,
        "mean": 11.4136238098,
        "min": -1.84599423409,
        "stdev": 12.8498821259
    },
    "melbands_skewness": {
        "max": 8.80435276031,
        "mean": 2.06906986237,
        "min": -1.25599992275,
        "stdev": 1.35578942299
    },
    "melbands_spread": {
        "max": 205.555648804,
        "mean": 15.7813472748,
        "min": 1.18129563332,
        "stdev": 17.943365097
    },
    "pitch_salience": {
        "max": 0.882477462292,
        "mean": 0.577115356922,
        "min": 0.170570760965,
        "stdev": 0.130104035139
    },
    "silence_rate_20dB": {
        "max": 1,
        "mean": 1,
        "min": 1,
        "stdev": 0
    },
    "silence_rate_30dB": {
        "max": 1,
        "mean": 0.986438274384,
        "min": 0,
        "stdev": 0.115660682321
    },
    "silence_rate_60dB": {
        "max": 1,
        "mean": 0.605995714664,
        "min": 0,
        "stdev": 0.488636523485
    },
    "spectral_centroid": {
        "max": 4734.74755859,
        "mean": 946.966369629,
        "min": 293.795349121,
        "stdev": 588.902770996
    },
    "spectral_complexity": {
        "max": 25,
        "mean": 5.77087783813,
        "min": 0,
        "stdev": 4.41069698334
    },
    "spectral_decrease": {
        "max": -1.12594239488e-11,
        "mean": -2.35347341615e-09,
        "min": -5.11467455055e-08,
        "stdev": 5.29109200897e-09
    },
    "spectral_energy": {
        "max": 0.203984618187,
        "mean": 0.00954089034349,
        "min": 4.98084591527e-05,
        "stdev": 0.0214694719762
    },
    "spectral_energyband_high": {
        "max": 0.00140196620487,
        "mean": 3.00836363749e-05,
        "min": 2.14922607711e-07,
        "stdev": 8.97208228707e-05
    },
    "spectral_energyband_low": {
        "max": 0.00238531152718,
        "mean": 7.58309397497e-05,
        "min": 6.24107542535e-07,
        "stdev": 0.000141650365549
    },
    "spectral_energyband_middle_high": {
        "max": 0.058010391891,
        "mean": 0.00187504966743,
        "min": 4.81014330944e-06,
        "stdev": 0.00482850056142
    },
    "spectral_energyband_middle_low": {
        "max": 0.191868439317,
        "mean": 0.00773778324947,
        "min": 3.44360091731e-06,
        "stdev": 0.0183757133782
    },
    "spectral_entropy": {
        "max": 8.76117801666,
        "mean": 6.87218523026,
        "min": 5.35259485245,
        "stdev": 0.538291752338
    },
    "spectral_flux": {
        "max": 0.328976660967,
        "mean": 0.0372682623565,
        "min": 0.00407239282504,
        "stdev": 0.0406573079526
    },
    "spectral_kurtosis": {
        "max": 46.3619155884,
        "mean": 8.67466640472,
        "min": -1.16921937466,
        "stdev": 6.68852186203
    },
    "spectral_rms": {
        "max": 0.0141070690006,
        "mean": 0.0021911689546,
        "min": 0.000220439600525,
        "stdev": 0.00212296331301
    },
    "spectral_rolloff": {
        "max": 7407.421875,
        "mean": 1151.9576416,
        "min": 236.865234375,
        "stdev": 1044.82275391
    },
    "spectral_skewness": {
        "max": 5.16297769547,
        "mean": 1.96401810646,
        "min": -0.465557426214,
        "stdev": 0.839811861515
    },
    "spectral_spread": {
        "max": 15008288,
        "mean": 2906316,
        "min": 1312020.875,
        "stdev": 974465.875
    },
    "spectral_strongpeak": {
        "max": 10.016831398,
        "mean": 0.977808237076,
        "min": 0.0120658660308,
        "stdev": 1.48162543774
    },
    "zerocrossingrate": {
        "max": 0.26806640625,
        "mean": 0.0426425337791,
        "min": 0.01171875,
        "stdev": 0.0272967070341
    },
    "barkbands": {
        "max": [3.18974707625e-05, 0.000253800302744, 0.000730968953576, 0.00197819736786, 0.0143469944596, 0.0190039370209, 0.0298837628216, 0.15999352932, 0.166342586279, 0.025525406003, 0.0317680723965, 0.0132540967315, 0.00909570325166, 0.0122601464391, 0.00586774200201, 0.010410211049, 0.00389627786353, 0.00404977612197, 0.00352000375278, 0.00104541704059, 0.000179710128577, 0.000417106581153, 0.000715780770406, 0.000126683167764, 1.51935140025e-07, 4.42733636419e-08, 4.3347839096e-08],
        "mean": [9.20125785342e-07, 2.78056577372e-05, 2.34464878304e-05, 6.07583133387e-05, 0.000906241009943, 0.000592877739109, 0.000870660238434, 0.00133247429039, 0.00370502495207, 0.00053560937522, 0.000398523261538, 0.000153910281369, 0.000231018726481, 8.23264417704e-05, 6.65797124384e-05, 0.000183245181688, 9.33805058594e-05, 0.000115492293844, 0.000120563381643, 1.30870021167e-05, 5.06489732288e-06, 7.75224179961e-06, 1.22749461298e-05, 1.80946437922e-06, 5.07545721007e-08, 3.70053987453e-10, 3.91236321118e-10],
        "min": [1.52651291607e-09, 9.41703746093e-08, 9.45105824712e-08, 5.07921811277e-08, 7.92839273345e-07, 1.01362985561e-07, 3.07676856437e-07, 1.2236563407e-07, 6.13203837929e-07, 2.11182211274e-07, 3.54865818508e-07, 1.16263279892e-07, 2.76445803138e-07, 1.6403228642e-07, 2.59928214064e-07, 1.12039366229e-07, 1.53546437787e-07, 1.45668835216e-07, 1.5415501764e-07, 5.92151323531e-08, 2.70563695892e-08, 2.58183483481e-08, 2.51199328005e-08, 3.82929314924e-08, 1.36125608563e-08, 1.54271630193e-11, 1.93320845443e-11],
        "stdev": [1.8343487227e-06, 4.40153271484e-05, 5.77009486733e-05, 0.000140105359606, 0.00177595659625, 0.00159101991449, 0.00232754903845, 0.00832119956613, 0.0146853951737, 0.00239818147384, 0.00200796499848, 0.000685070466716, 0.000864137371536, 0.000470080180094, 0.000277545826975, 0.000764144351706, 0.000345277047018, 0.000340072147083, 0.000374021794414, 5.79614461458e-05, 1.56461937877e-05, 2.2137992346e-05, 4.50483203167e-05, 8.27347685117e-06, 2.26466241315e-08, 1.7131149832e-09, 1.78475867418e-09]
    },
    "erbbands": {
        "max": [0.00691736349836, 0.0729716867208, 0.510807573795, 5.42553853989, 15.257566452, 58.9269638062, 80.8791885376, 211.929016113, 249.148513794, 3365.72436523, 1064.08618164, 4374.95263672, 2165.09130859, 563.787902832, 1719.43640137, 286.781646729, 495.8671875, 714.00769043, 183.165023804, 276.253234863, 472.056335449, 198.449752808, 180.349945068, 184.313735962, 173.962295532, 19.3166866302, 9.86517333984, 10.8840761185, 12.0634708405, 28.8278636932, 21.2804603577, 6.10943412781, 0.664051771164, 0.0234027523547, 0.00171303574461, 0.000272778997896, 9.58926102612e-05, 2.82007385977e-05, 0.00010106661648, 0.000232657635934],
        "mean": [0.000558093830477, 0.00721489451826, 0.0233437959105, 0.131276518106, 0.869456470013, 3.90407109261, 3.80925917625, 6.10779953003, 10.1574430466, 27.74883461, 28.2813396454, 95.0320510864, 33.5904006958, 11.5193386078, 17.7925872803, 5.65109348297, 10.842997551, 5.15426158905, 3.95422148705, 5.41139316559, 10.0104207993, 5.42074489594, 6.01105594635, 7.14439964294, 4.19272661209, 0.601354956627, 0.240121468902, 0.199296623468, 0.235080167651, 0.415738970041, 0.322279304266, 0.0932115316391, 0.00993603095412, 0.00117874669377, 0.000201815579203, 1.5207469005e-05, 5.36126754014e-06, 1.61745572314e-06, 5.09791152581e-06, 1.11770432341e-05],
        "min": [8.19129490992e-06, 4.85504133394e-05, 0.000105409242678, 0.0004698256962, 0.00177347892895, 0.00287321954966, 0.00172993121669, 0.000781098846346, 0.00375189911574, 0.00435522058979, 0.00515343667939, 0.0191544815898, 0.0125562027097, 0.00964172370732, 0.0095233945176, 0.0068888887763, 0.0225300639868, 0.0162183567882, 0.0115552553907, 0.00706021720544, 0.00715357391164, 0.00969398580492, 0.0108458735049, 0.00711190188304, 0.00772548606619, 0.0047636157833, 0.00187078304589, 0.00119442935102, 0.000971896341071, 0.000736430985853, 0.000758319685701, 0.00085627369117, 0.000422034034273, 0.000263532623649, 4.51993037132e-05, 1.61845855473e-06, 2.05984321155e-07, 4.15036005563e-08, 4.80261270752e-08, 7.13200094538e-08],
        "stdev": [0.000950311427005, 0.0112317213789, 0.0453558266163, 0.307750105858, 1.68823051453, 8.03895378113, 8.11569881439, 17.8352050781, 26.2403621674, 163.177886963, 91.1638641357, 391.275268555, 134.675125122, 38.2168388367, 97.2933883667, 20.6465129852, 42.08801651, 26.4187927246, 13.542963028, 23.8766098022, 37.1465759277, 18.8733062744, 17.3966350555, 20.5273685455, 14.4644203186, 1.87492454052, 0.721283495426, 0.620481669903, 0.671489715576, 1.4523794651, 1.19055366516, 0.403749555349, 0.0370400622487, 0.00127748935483, 0.000115871465823, 2.35642364714e-05, 1.07407422547e-05, 3.40592441717e-06, 1.12495181384e-05, 2.50584307651e-05]
    },
    "gfcc": {
        "mean": [-183.341171265, 150.200469971, -160.975738525, 21.950252533, -87.4306793213, -12.3073139191, -37.301410675, -11.8382005692, -2.35714507103, -27.8611125946, 6.42877435684, -16.1483306885, -2.76119470596],
        "cov": [[4374.08789062, -394.364807129, -1300.03442383, -466.015075684, -108.41104126, -544.581726074, 446.681793213, -51.0320358276, 410.274688721, -441.834197998, 167.756912231, 267.306488037, -435.174102783], [-394.364807129, 545.072509766, 246.867416382, -311.250366211, 132.843017578, -80.6973800659, -68.1641159058, 60.0547714233, -83.7687149048, -17.1232337952, 29.2708435059, -55.5998954773, 8.66267585754], [-1300.03442383, 246.867416382, 789.274108887, 150.992614746, -115.877754211, 125.366722107, -151.522415161, -44.6676902771, -151.448577881, 54.5292243958, -46.7961425781, -69.6776580811, 70.8462753296], [-466.015075684, -311.250366211, 150.992614746, 735.469238281, 87.6746063232, 213.437561035, -126.859451294, -72.7895355225, 43.5884513855, 111.992576599, -74.0158309937, 31.72382164, 117.871101379], [-108.41104126, 132.843017578, -115.877754211, 87.6746063232, 394.396209717, 19.8891296387, -134.733673096, 52.7443084717, 25.6113510132, 45.7265090942, -16.5314216614, -3.41221237183, 82.3424758911], [-544.581726074, -80.6973800659, 125.366722107, 213.437561035, 19.8891296387, 360.131286621, 72.8352584839, -22.062582016, -65.2601013184, 127.997512817, -20.9022846222, -43.45860672, 68.249206543], [446.681793213, -68.1641159058, -151.522415161, -126.859451294, -134.733673096, 72.8352584839, 330.309875488, 75.2031860352, -19.0927047729, -19.4309597015, 62.5946998596, 6.2455997467, -86.9539031982], [-51.0320358276, 60.0547714233, -44.6676902771, -72.7895355225, 52.7443084717, -22.062582016, 75.2031860352, 161.361831665, 21.2671337128, -5.33803653717, 24.5234851837, -8.67528629303, -15.1357154846], [410.274688721, -83.7687149048, -151.448577881, 43.5884513855, 25.6113510132, -65.2601013184, -19.0927047729, 21.2671337128, 181.359649658, 13.4574899673, -8.60366249084, 50.0709877014, -9.69672870636], [-441.834197998, -17.1232337952, 54.5292243958, 111.992576599, 45.7265090942, 127.997512817, -19.4309597015, -5.33803653717, 13.4574899673, 188.31640625, 12.2043991089, -47.1662330627, 70.1274414062], [167.756912231, 29.2708435059, -46.7961425781, -74.0158309937, -16.5314216614, -20.9022846222, 62.5946998596, 24.5234851837, -8.60366249084, 12.2043991089, 93.6242446899, 23.9486103058, -43.6306343079], [267.306488037, -55.5998954773, -69.6776580811, 31.72382164, -3.41221237183, -43.45860672, 6.2455997467, -8.67528629303, 50.0709877014, -47.1662330627, 23.9486103058, 102.760848999, 4.08547735214], [-435.174102783, 8.66267585754, 70.8462753296, 117.871101379, 82.3424758911, 68.249206543, -86.9539031982, -15.1357154846, -9.69672870636, 70.1274414062, -43.6306343079, 4.08547735214, 147.611038208]],
        "icov": [[0.00256565609016, 0.000412622088334, 0.00148545089178, -8.40026914375e-05, -0.00183737068437, 0.00154049135745, -0.00408175913617, 0.00554121891037, -0.00580393709242, 0.00568434456363, -0.00413507781923, 0.00224970607087, 0.00100387039129], [0.000412622088334, 0.0077477269806, -0.00436181854457, 0.00396476825699, -0.005735155195, 0.00156327674631, -0.00227598729543, 0.00194965454284, -0.00227300985716, 0.00239980826154, -0.00379735068418, 0.00286302878521, -0.00146614725236], [0.00148545089178, -0.00436181854457, 0.00614639883861, -0.00268302718177, 0.0039776135236, -0.000778381712735, 0.00102344166953, 0.00098532019183, -0.00041311600944, 0.00192729779519, -0.000175249268068, -0.000344618019881, 0.0016876735026], [-8.40026914375e-05, 0.00396476825699, -0.00268302718177, 0.00443658605218, -0.00297649856657, -0.000734018685762, 1.02842277556e-05, 0.000567457871512, -0.000835640297737, -0.000597172533162, 0.000384230661439, -0.00113180838525, -0.00029760049074], [-0.00183737068437, -0.005735155195, 0.0039776135236, -0.00297649856657, 0.010217779316, -0.00344840157777, 0.00781889632344, -0.00798250827938, 0.00599308637902, -0.00492229033262, 0.00419655675068, -0.00309867295437, -0.000872125499882], [0.00154049135745, 0.00156327674631, -0.000778381712735, -0.000734018685762, -0.00344840157777, 0.00800853036344, -0.00677605066448, 0.0050228019245, -0.00147400039714, -0.000387682724977, -0.000142682401929, 0.00121264904737, 0.00016538874479], [-0.00408175913617, -0.00227598729543, 0.00102344166953, 1.02842277556e-05, 0.00781889632344, -0.00677605066448, 0.0158997680992, -0.0139755234122, 0.0115390196443, -0.00941031426191, 0.00596433412284, -0.00606517679989, 0.00146459252574], [0.00554121891037, 0.00194965454284, 0.00098532019183, 0.000567457871512, -0.00798250827938, 0.0050228019245, -0.0139755234122, 0.0226460397243, -0.016597667709, 0.0150259509683, -0.0128114111722, 0.00975451432168, -0.000769921112806], [-0.00580393709242, -0.00227300985716, -0.00041311600944, -0.000835640297737, 0.00599308637902, -0.00147400039714, 0.0115390196443, -0.016597667709, 0.0265047196299, -0.0218563377857, 0.019182600081, -0.0162799861282, 0.00456734374166], [0.00568434456363, 0.00239980826154, 0.00192729779519, -0.000597172533162, -0.00492229033262, -0.000387682724977, -0.00941031426191, 0.0150259509683, -0.0218563377857, 0.0312627889216, -0.0246143843979, 0.0206112023443, -0.00904259178787], [-0.00413507781923, -0.00379735068418, -0.000175249268068, 0.000384230661439, 0.00419655675068, -0.000142682401929, 0.00596433412284, -0.0128114111722, 0.019182600081, -0.0246143843979, 0.0358033664525, -0.0223621185869, 0.0118898535147], [0.00224970607087, 0.00286302878521, -0.000344618019881, -0.00113180838525, -0.00309867295437, 0.00121264904737, -0.00606517679989, 0.00975451432168, -0.0162799861282, 0.0206112023443, -0.0223621185869, 0.030234804377, -0.012179271318], [0.00100387039129, -0.00146614725236, 0.0016876735026, -0.00029760049074, -0.000872125499882, 0.00016538874479, 0.00146459252574, -0.000769921112806, 0.00456734374166, -0.00904259178787, 0.0118898535147, -0.012179271318, 0.0188890919089]]
    },
    "melbands": {
        "max": [6.44538667984e-05, 0.000265286944341, 0.000752776977606, 0.00311212823726, 0.00337831047364, 0.00424560857937, 0.00484361499548, 0.0401373580098, 0.0119440574199, 0.0291748531163, 0.0113047445193, 0.0024660564959, 0.00438322080299, 0.00243824603967, 0.000696541275829, 0.000947330379859, 0.00159775628708, 0.000290153198875, 0.000554907484911, 0.000615380064119, 0.000558561412618, 0.00025400382583, 0.000167253267136, 0.000226222691708, 0.000162306372658, 0.000160828029038, 6.80847151671e-05, 9.4041970442e-06, 7.35456615075e-06, 3.75446711587e-06, 7.468505828e-06, 6.37295215711e-06, 9.44079692999e-06, 1.77906076715e-05, 1.4366330106e-05, 6.64106255499e-06, 2.47039201895e-06, 4.70036752631e-07, 1.77283112635e-08, 2.47334819292e-09],
        "mean": [6.65103789288e-06, 1.22327746794e-05, 3.75914532924e-05, 0.000170747807715, 0.000158800263307, 0.000132848799694, 0.000156285459525, 0.000317031226587, 0.000277313549304, 0.000594354700297, 0.00014930186444, 4.33335662819e-05, 5.74173864152e-05, 2.64735299425e-05, 1.53025139298e-05, 2.18533023144e-05, 8.49841399031e-06, 6.47804472464e-06, 5.59422824153e-06, 1.0586364624e-05, 1.11775316327e-05, 5.32215699423e-06, 5.34360788151e-06, 5.46355158804e-06, 5.90961872149e-06, 4.2953161028e-06, 1.18587172437e-06, 2.03604699323e-07, 1.53226778821e-07, 1.18654178038e-07, 1.13156190196e-07, 1.15601388018e-07, 1.81063128935e-07, 2.51339685065e-07, 2.05606468739e-07, 1.0880638257e-07, 3.65688670456e-08, 6.54493570451e-09, 9.96168814105e-10, 7.18970549762e-10],
        "min": [7.32061096187e-08, 5.95660516467e-08, 1.18719242437e-07, 1.75357129706e-07, 7.63654242064e-08, 1.9656249961e-08, 5.91264210925e-08, 4.28893294213e-08, 5.70299221181e-08, 1.35113168653e-07, 4.32669793327e-08, 2.02843803976e-08, 4.92738010394e-08, 1.24698686932e-08, 1.23993153522e-08, 3.17563326746e-08, 1.94121803077e-08, 1.36152777941e-08, 9.92116344634e-09, 8.53313775195e-09, 9.37650490584e-09, 7.78829711834e-09, 8.15293343948e-09, 7.72563879536e-09, 4.55558879509e-09, 5.74708414192e-09, 3.68880015422e-09, 1.41035449985e-09, 8.99759877715e-10, 5.92382365383e-10, 4.80217976495e-10, 4.33618502216e-10, 3.15253184668e-10, 4.11561701386e-10, 3.50665552151e-10, 4.35608271676e-10, 4.29964341908e-10, 2.65743094197e-10, 2.22721979748e-10, 1.2886595957e-10],
        "stdev": [1.08873127829e-05, 2.08697965718e-05, 6.56908814562e-05, 0.000328861555317, 0.000337759702234, 0.000366307707736, 0.000397473719204, 0.00199445942417, 0.000917787663639, 0.00253521418199, 0.000661859288812, 0.000164140015841, 0.000291880627628, 0.000134819769301, 5.74909827264e-05, 8.65049441927e-05, 5.57985185878e-05, 2.39264936681e-05, 2.61410714302e-05, 4.83805015392e-05, 4.10939974245e-05, 2.05882715818e-05, 1.57675531227e-05, 1.67748603417e-05, 1.72923773789e-05, 1.50030336954e-05, 4.91566197525e-06, 6.18979299816e-07, 5.13237012001e-07, 3.62256656672e-07, 3.77888852654e-07, 3.3227553331e-07, 5.40379232916e-07, 9.33540547976e-07, 7.69759594732e-07, 4.38150209447e-07, 1.70970778868e-07, 2.51500136272e-08, 7.65837560035e-10, 3.46853934463e-10]
    },
    "melbands128": {
        "max": [1.35478931043e-05, 4.41245028924e-05, 0.000119373420603, 0.000158813971211, 0.000244877999648, 0.000504451163579, 0.00139033782762, 0.000845488684718, 0.00169849174563, 0.00509788887575, 0.00382583332248, 0.00681954110041, 0.00300485384651, 0.0049837147817, 0.00817463826388, 0.0053210426122, 0.00713857728988, 0.00639160070568, 0.0125868115574, 0.0502121821046, 0.0619323030114, 0.0149719379842, 0.0127803981304, 0.0289079919457, 0.0477736257017, 0.0616554170847, 0.0345849767327, 0.00968853291124, 0.00742789776996, 0.00474253483117, 0.00268591358326, 0.0042958795093, 0.00635428261012, 0.0135293221101, 0.00362581782974, 0.00110327207949, 0.00166918965988, 0.000381433404982, 0.00162088242359, 0.0019763270393, 0.00147562089842, 0.00119718024507, 0.00291142775677, 0.00136468384881, 0.000654506031424, 0.00062988413265, 0.000652107817587, 0.00139429001138, 0.00061234930763, 0.00100112392101, 0.00119058776181, 0.00116774206981, 0.001095934771, 0.000534216116648, 0.000547828967683, 0.000503727875184, 0.000336564931786, 0.000225694602705, 0.000345571781509, 0.000342714251019, 0.000480449583847, 0.000310669624014, 0.000332698749844, 0.000223360184464, 0.000411829125369, 0.000291935459245, 0.0002906145819, 0.000219382025534, 5.66693743167e-05, 4.06105791626e-05, 7.46974319554e-06, 9.52983828029e-06, 1.15301027108e-05, 1.04178525362e-05, 8.5199071691e-06, 5.98883707426e-06, 8.07382184576e-06, 8.47271257953e-06, 8.37559127831e-06, 7.02841361999e-06, 6.95043718224e-06, 5.70431075175e-06, 9.25177300815e-06, 6.95673224982e-06, 1.52271159095e-05, 2.75184720522e-05, 1.78652280738e-05, 1.80842962436e-05, 1.3129776562e-05, 1.71266001416e-05, 6.57457940179e-06, 7.36829451853e-06, 6.22547622697e-06, 2.84486895907e-06, 1.48960509705e-06, 7.39426070595e-07, 3.35415904829e-07, 4.72131951312e-08, 7.25164639448e-09, 3.74991726559e-09, 3.31852900715e-09, 3.06351055634e-09, 2.86148660322e-09, 1.65854274758e-09, 5.05357811154e-10, 3.88989701561e-10, 3.62783053598e-10, 3.40591166381e-10, 3.17306125819e-10, 2.98822938616e-10, 2.83763290643e-10, 2.67557725975e-10, 2.53060544742e-10, 2.39788494616e-10, 2.31110408588e-10, 2.21111726151e-10, 2.14678913535e-10, 2.07316483425e-10, 1.98433727783e-10, 1.94753282945e-10, 1.87791407424e-10, 1.81695797297e-10, 1.77715134275e-10, 1.71783975933e-10, 1.71222938605e-10, 1.68749139662e-10, 1.67181185562e-10, 1.65947061648e-10],
        "mean": [4.85564214614e-07, 2.86499380309e-06, 1.00719644252e-05, 1.23826039271e-05, 9.56860640144e-06, 1.31299584609e-05, 2.17355645873e-05, 3.40128826792e-05, 6.74679031363e-05, 0.000172693384229, 0.000242949769017, 0.000229039520491, 0.00010450740956, 0.000109501539555, 0.000157919013873, 0.000117443669296, 0.000152257751324, 0.000156421738211, 0.000162424956216, 0.000357652257662, 0.000419936375692, 0.000123346340843, 0.000171835068613, 0.000492737221066, 0.00079266942339, 0.000644483952783, 0.00017005216796, 0.000128811545437, 7.77659079176e-05, 4.2571726226e-05, 3.11323819915e-05, 4.07551051467e-05, 5.65389345866e-05, 8.35093160276e-05, 3.40295227943e-05, 1.05527897176e-05, 7.73441934143e-06, 7.42229258321e-06, 2.49811637332e-05, 3.49050969817e-05, 1.95049869944e-05, 7.66821722209e-06, 6.77077014188e-06, 1.07715623017e-05, 6.95098015058e-06, 5.86849000683e-06, 5.16033969689e-06, 5.84101599088e-06, 4.90790398544e-06, 7.23986750018e-06, 9.32849707169e-06, 1.66267982422e-05, 1.51043932419e-05, 7.158531389e-06, 6.43053090243e-06, 4.77460980619e-06, 4.68707321488e-06, 5.82911934544e-06, 5.02956663695e-06, 5.41396457265e-06, 5.65609570913e-06, 4.77986441183e-06, 7.26741654944e-06, 5.47362424186e-06, 5.35225444764e-06, 4.98786539538e-06, 3.3766582419e-06, 1.678772378e-06, 7.45997965623e-07, 3.01265941971e-07, 1.58706527031e-07, 1.78621263558e-07, 1.819259694e-07, 1.45239866356e-07, 1.22687794146e-07, 1.22404230751e-07, 1.15150541546e-07, 1.10971740241e-07, 1.12088066828e-07, 1.21569854628e-07, 9.68454756389e-08, 1.20907401424e-07, 1.38935234872e-07, 1.74420009103e-07, 2.20090058178e-07, 2.7544393788e-07, 2.58174480905e-07, 2.2059718674e-07, 2.08804380009e-07, 1.97646940592e-07, 1.35325294082e-07, 8.47152605843e-08, 5.99884373287e-08, 3.97955517428e-08, 1.9241824134e-08, 9.50369294372e-09, 4.03175182129e-09, 1.25322363598e-09, 9.16679787633e-10, 8.46881009764e-10, 7.94525722991e-10, 7.18214265838e-10, 6.14315043279e-10, 4.21298801401e-10, 7.41570346796e-11, 3.0107613451e-12, 2.80467316038e-12, 2.63728188593e-12, 2.53590464599e-12, 2.43329401767e-12, 2.34100390982e-12, 2.25642204574e-12, 2.17652241716e-12, 2.09593020023e-12, 2.02895968256e-12, 1.97577175974e-12, 1.92785392684e-12, 1.83560978917e-12, 1.78231637348e-12, 1.74126414242e-12, 1.69589787092e-12, 1.65913008159e-12, 1.63212986962e-12, 1.59917489407e-12, 1.54942508476e-12, 1.47892473008e-12, 1.43806993223e-12, 1.42619867739e-12],
        "min": [8.65076676959e-10, 5.27664933969e-09, 1.45509622129e-08, 2.2747775219e-08, 8.28719759483e-09, 4.85823790086e-08, 7.5122791543e-08, 1.98980938393e-08, 7.34631768751e-08, 2.12986837056e-08, 1.28437406488e-07, 2.95264737105e-08, 6.061934954e-08, 1.50540593324e-08, 5.05797670414e-09, 2.50209506447e-08, 5.50572352154e-08, 6.90231019007e-08, 3.39367574043e-08, 4.93648535382e-08, 3.54358213883e-08, 1.25969386033e-08, 2.78003362553e-08, 4.15013303723e-08, 3.59991894072e-08, 4.97349716966e-08, 1.74572285516e-08, 3.25452340633e-08, 2.00566034891e-08, 5.3528306232e-09, 1.00036086081e-08, 1.016634954e-08, 1.80299366548e-08, 5.2110409321e-09, 9.92652093856e-09, 9.71964109198e-09, 4.9039527994e-09, 5.83625903161e-09, 7.29030702473e-09, 5.75398972913e-09, 4.65872806998e-09, 3.88761023373e-09, 1.63683888665e-09, 3.62663588049e-09, 3.79901754499e-09, 4.25328350317e-09, 7.84774911722e-09, 3.07070679995e-09, 2.46683828919e-09, 3.51987283764e-09, 4.42304726178e-09, 2.96357072216e-09, 3.65828745075e-09, 3.37080807711e-09, 5.4413673567e-09, 3.66142050012e-09, 3.67180574834e-09, 1.89492133096e-09, 3.27615357065e-09, 5.47475798029e-09, 3.45583250905e-09, 1.23334209512e-09, 3.12951287107e-09, 3.19044746178e-09, 3.49272499811e-09, 1.67186731126e-09, 3.44024675414e-09, 2.04959582639e-09, 1.12618603332e-09, 1.5103464035e-09, 9.63156998601e-10, 7.4079048451e-10, 6.96780244613e-10, 3.5756250738e-10, 4.69947747384e-10, 5.5203791538e-10, 1.75498671151e-10, 2.2319641968e-10, 4.02025274182e-10, 2.567087376e-10, 2.49240905692e-10, 2.80660800156e-10, 2.35475333676e-10, 2.64272798089e-10, 3.21350168697e-10, 2.90439200468e-10, 2.02854469333e-10, 1.77725847927e-10, 2.49622877924e-10, 1.87791393547e-10, 1.82439938157e-10, 2.43012554524e-10, 4.66472194205e-10, 2.91567575639e-10, 1.65275376718e-10, 1.32537175679e-10, 1.26890109531e-10, 1.82111076219e-10, 7.45920478162e-11, 8.01438151954e-11, 9.59929982725e-11, 5.58108628756e-11, 8.65662888594e-11, 7.97406238262e-11, 3.11291270538e-12, 8.03349425285e-14, 3.59969012606e-14, 5.44472507445e-14, 5.39286734572e-14, 5.29313124906e-14, 6.65191507562e-14, 5.97906801652e-14, 4.52422591036e-14, 5.74991307822e-14, 5.66785862493e-14, 5.69149219941e-14, 5.39896733819e-14, 6.1469174206e-14, 4.83288505515e-14, 5.45411121594e-14, 5.74952344306e-14, 6.04597684309e-14, 4.36101011531e-14, 5.96907506062e-14, 3.4623396679e-14, 1.5343654556e-14, 2.05921269247e-15, 8.35246483793e-17],
        "stdev": [8.63536172346e-07, 4.83294797959e-06, 1.93319101527e-05, 2.01182829187e-05, 1.87508394447e-05, 3.55377196684e-05, 7.23212069715e-05, 7.2149472544e-05, 0.000151432745042, 0.000448207982117, 0.000533005339094, 0.000670589448418, 0.000272433302598, 0.000369122368284, 0.000631256378256, 0.000344890810084, 0.00053765863413, 0.00054666568758, 0.000622687803116, 0.00229366798885, 0.0032421243377, 0.000640157028101, 0.000842862355057, 0.00217820634134, 0.00367764569819, 0.0039928262122, 0.0012739187805, 0.000742949661799, 0.00046914620907, 0.000248883879976, 0.000151292493683, 0.00022486722446, 0.000375114555936, 0.000645774474833, 0.000185917859199, 6.06479588896e-05, 5.5844149756e-05, 3.3942204027e-05, 0.000124775920995, 0.000171319654328, 0.000107231055154, 5.57693747396e-05, 9.35526404646e-05, 6.81921083014e-05, 3.91114335798e-05, 3.07182854158e-05, 3.01887648675e-05, 4.93554325658e-05, 2.82350429188e-05, 5.66098970012e-05, 7.01746175764e-05, 8.3497579908e-05, 6.82836907799e-05, 3.93623813579e-05, 3.20116741932e-05, 2.65055477939e-05, 2.34038325289e-05, 2.18068926188e-05, 2.05222277145e-05, 2.07383400266e-05, 2.43126141868e-05, 1.86093275261e-05, 2.59146636381e-05, 1.95481861738e-05, 2.25681214943e-05, 2.17605957005e-05, 1.65934816323e-05, 1.05896779132e-05, 3.7199961298e-06, 1.65025358001e-06, 4.89177807594e-07, 6.71998236612e-07, 6.44095621283e-07, 5.87097133575e-07, 4.90844854539e-07, 3.9240580918e-07, 4.20282106006e-07, 4.2402510303e-07, 4.18131463675e-07, 4.31161623737e-07, 3.04939220541e-07, 3.49789814891e-07, 4.58229777678e-07, 5.0037795063e-07, 7.54148857141e-07, 1.11133851988e-06, 1.03398599549e-06, 9.19451679238e-07, 7.87570343164e-07, 8.06768412076e-07, 5.1365299214e-07, 4.00446594995e-07, 3.21852354546e-07, 1.90793031152e-07, 8.67907772317e-08, 3.87456751128e-08, 1.52157948463e-08, 1.82871040533e-09, 5.80966663666e-10, 5.17006049083e-10, 4.76022110618e-10, 4.03668487525e-10, 3.27360416552e-10, 2.12979037184e-10, 5.56316936962e-11, 1.40209016272e-11, 1.32897495092e-11, 1.26106789941e-11, 1.19426855558e-11, 1.13799664136e-11, 1.09045524346e-11, 1.04046545685e-11, 9.96227926542e-12, 9.56039327565e-12, 9.23669127295e-12, 8.89121762326e-12, 8.64602400091e-12, 8.38832909383e-12, 8.1167416538e-12, 7.93806860522e-12, 7.73039271484e-12, 7.53305664375e-12, 7.37182797445e-12, 7.21104382803e-12, 7.14497992022e-12, 7.05402403156e-12, 6.99481661828e-12, 6.95333330844e-12]
    },
    "mfcc": {
        "mean": [-804.725646973, 160.430480957, -17.1395530701, 15.6041545868, -20.5263309479, -11.7764024734, -25.9876937866, 7.43814754486, -21.9258995056, 1.33461070061, -4.48480701447, -6.96634101868, -4.11139726639],
        "cov": [[4710.25, -387.041290283, -1375.94665527, -4.87511777878, -647.73626709, -142.034515381, -505.76940918, 772.999450684, -524.536010742, 190.638565063, 180.388778687, -80.6423416138, -53.1006622314], [-387.041290283, 961.452880859, -21.4781913757, -291.071105957, 84.8690032959, -338.357666016, 114.929405212, -54.5552520752, -52.2165794373, -79.4093399048, 108.2159729, -115.497665405, 38.7572784424], [-1375.94665527, -21.4781913757, 907.927124023, 54.9255981445, 0.309331715107, 139.356719971, 99.7912521362, -178.997955322, 82.2548599243, -86.3802719116, -51.7328796387, 21.3079299927, -39.0564804077], [-4.87511777878, -291.071105957, 54.9255981445, 326.300415039, 178.167434692, 80.6681671143, -96.8376464844, -10.6521539688, 50.9427185059, -26.6903915405, -45.0653419495, 22.9746513367, 20.3645172119], [-647.73626709, 84.8690032959, 0.309331715107, 178.167434692, 548.237670898, 48.1871376038, -54.7673339844, -155.119354248, 146.067703247, -82.6360397339, -80.2878494263, 19.8953914642, 69.2335586548], [-142.034515381, -338.357666016, 139.356719971, 80.6681671143, 48.1871376038, 354.844360352, 62.5083808899, -75.2701339722, 90.3800811768, 23.8114089966, -81.745262146, 102.274642944, -2.67345309258], [-505.76940918, 114.929405212, 99.7912521362, -96.8376464844, -54.7673339844, 62.5083808899, 348.570678711, -30.3740596771, 43.311252594, 42.6103248596, 8.550116539, 31.9339675903, -10.670460701], [772.999450684, -54.5552520752, -178.997955322, -10.6521539688, -155.119354248, -75.2701339722, -30.3740596771, 296.377807617, -94.0028533936, 21.0644512177, 64.1611633301, -47.8601264954, -5.76003646851], [-524.536010742, -52.2165794373, 82.2548599243, 50.9427185059, 146.067703247, 90.3800811768, 43.311252594, -94.0028533936, 213.101089478, 13.2864732742, -58.3468971252, 52.978477478, 26.6178627014], [190.638565063, -79.4093399048, -86.3802719116, -26.6903915405, -82.6360397339, 23.8114089966, 42.6103248596, 21.0644512177, 13.2864732742, 154.824874878, 34.3952980042, 23.6528568268, -4.34048986435], [180.388778687, 108.2159729, -51.7328796387, -45.0653419495, -80.2878494263, -81.745262146, 8.550116539, 64.1611633301, -58.3468971252, 34.3952980042, 158.578125, -14.4336633682, -14.4251728058], [-80.6423416138, -115.497665405, 21.3079299927, 22.9746513367, 19.8953914642, 102.274642944, 31.9339675903, -47.8601264954, 52.978477478, 23.6528568268, -14.4336633682, 136.962371826, 24.18891716], [-53.1006622314, 38.7572784424, -39.0564804077, 20.3645172119, 69.2335586548, -2.67345309258, -10.670460701, -5.76003646851, 26.6178627014, -4.34048986435, -14.4251728058, 24.18891716, 98.4064254761]],
        "icov": [[0.00250455620699, -0.00197314098477, 0.00305668334477, -0.00242746458389, 0.00264301197603, -0.00320724816993, 0.00339005375281, -0.00363419484347, 0.00288932654075, -0.0016148701543, 0.00122565671336, -0.00131726753898, 0.00170305906795], [-0.00197314098477, 0.00556003814563, -0.00273548765108, 0.00528238201514, -0.0038909050636, 0.00537083065137, -0.00402457686141, 0.00373828690499, -0.00200025527738, 0.00270281243138, -0.00282283127308, 0.00242570298724, -0.00311738974415], [0.00305668334477, -0.00273548765108, 0.00537415128201, -0.00378605932929, 0.00408317148685, -0.00459873117507, 0.00380340125412, -0.00345931411721, 0.00295138172805, -0.000793895102106, 0.00133054016624, -0.00127392890863, 0.00253035104834], [-0.00242746458389, 0.00528238201514, -0.00378605932929, 0.00987019762397, -0.00577982515097, 0.00463021593168, -0.0030907143373, 0.00301430863328, -0.00254166126251, 0.00229600467719, -0.00238804356195, 0.00197014468722, -0.00294764526188], [0.00264301197603, -0.0038909050636, 0.00408317148685, -0.00577982515097, 0.00741175515577, -0.00466492772102, 0.00413806317374, -0.00244826683775, 0.00103649171069, -0.000418242794694, 0.00191523286048, -0.00110646721441, 0.000993336900137], [-0.00320724816993, 0.00537083065137, -0.00459873117507, 0.00463021593168, -0.00466492772102, 0.0108656901866, -0.00586467608809, 0.00518186856061, -0.00386906857602, 0.00218232255429, -0.000871405936778, -0.000242677691858, -0.00231003318913], [0.00339005375281, -0.00402457686141, 0.00380340125412, -0.0030907143373, 0.00413806317374, -0.00586467608809, 0.00870848540217, -0.00536338053644, 0.00315486104228, -0.0034404611215, 0.00197584694251, -0.00255140010267, 0.00303487526253], [-0.00363419484347, 0.00373828690499, -0.00345931411721, 0.00301430863328, -0.00244826683775, 0.00518186856061, -0.00536338053644, 0.0109415967017, -0.00361946295016, 0.00325996172614, -0.00343907019123, 0.00375314219855, -0.00381183461286], [0.00288932654075, -0.00200025527738, 0.00295138172805, -0.00254166126251, 0.00103649171069, -0.00386906857602, 0.00315486104228, -0.00361946295016, 0.0110345929861, -0.00371759897098, 0.00287089170888, -0.00283508049324, 0.00130915082991], [-0.0016148701543, 0.00270281243138, -0.000793895102106, 0.00229600467719, -0.000418242794694, 0.00218232255429, -0.0034404611215, 0.00325996172614, -0.00371759897098, 0.0106447106227, -0.0035892103333, 0.000987175735645, -0.00184852792881], [0.00122565671336, -0.00282283127308, 0.00133054016624, -0.00238804356195, 0.00191523286048, -0.000871405936778, 0.00197584694251, -0.00343907019123, 0.00287089170888, -0.0035892103333, 0.0102350143716, -0.00263527221978, 0.00265045976266], [-0.00131726753898, 0.00242570298724, -0.00127392890863, 0.00197014468722, -0.00110646721441, -0.000242677691858, -0.00255140010267, 0.00375314219855, -0.00283508049324, 0.000987175735645, -0.00263527221978, 0.0121160885319, -0.00441870419309], [0.00170305906795, -0.00311738974415, 0.00253035104834, -0.00294764526188, 0.000993336900137, -0.00231003318913, 0.00303487526253, -0.00381183461286, 0.00130915082991, -0.00184852792881, 0.00265045976266, -0.00441870419309, 0.0143063319847]]
    },
    "spectral_contrast_coeffs": {
        "max": [-0.374903768301, -0.325760483742, -0.457653164864, -0.569241762161, -0.52850061655, -0.566186368465],
        "mean": [-0.657071709633, -0.733281135559, -0.762900412083, -0.799010157585, -0.782304167747, -0.760947525501],
        "min": [-0.901276171207, -0.915838718414, -0.904464840889, -0.908056557178, -0.90465927124, -0.880331337452],
        "stdev": [0.0950066968799, 0.108874171972, 0.0806900039315, 0.0698148906231, 0.076440833509, 0.0639274865389]
    },
    "spectral_contrast_valleys": {
        "max": [-6.89510631561, -5.34396839142, -6.193110466, -7.19752645493, -7.19904899597, -10.5202312469],
        "mean": [-8.62678527832, -7.46607542038, -8.5732383728, -9.09239673615, -9.34655189514, -12.5744667053],
        "min": [-10.4053144455, -10.1154499054, -10.516336441, -10.5530605316, -10.8403902054, -13.3087005615],
        "stdev": [0.544950962067, 0.624732673168, 0.697009205818, 0.653480112553, 0.656220078468, 0.340158998966]
    }
},
"rhythm": {
    "beats_count": 67,
    "beats_loudness": {
        "max": 0.143919825554,
        "mean": 0.0136683322489,
        "min": 0.000161388787092,
        "stdev": 0.0244786757976
    },
    "bpm": 100.703025818,
    "bpm_histogram_first_peak_bpm": 99,
    "bpm_histogram_first_peak_weight": 0.555555582047,
    "bpm_histogram_second_peak_bpm": 161,
    "bpm_histogram_second_peak_spread": 0.0909090638161,
    "bpm_histogram_second_peak_weight": 0.151515156031,
    "danceability": 0.843332052231,
    "onset_rate": 2.36865210533,
    "beats_loudness_band_ratio": {
        "max": [0.499036133289, 0.873202085495, 0.922238349915, 0.39076179266, 0.40801641345, 0.409440010786],
        "mean": [0.0935188904405, 0.317638933659, 0.485886305571, 0.106290198863, 0.0508023425937, 0.020581677556],
        "min": [0.000231466066907, 0.0182612556964, 0.045360006392, 0.00572175486013, 0.00128601409961, 0.000277833489235],
        "stdev": [0.114888377488, 0.250828206539, 0.262231618166, 0.10291428864, 0.0799084380269, 0.0558260045946]
    },
