{
"metadata": {
    "version": {
        "essentia": "2.1-beta5",
        "essentia_git_sha": "Undefined",
        "extractor": "music 2.0"
    },
    "audio_properties": {
        "analysis": {
            "equal_loudness": 0,
            "length": 12.7477550507,
            "sample_rate": 44100,
            "start_time": 0,
            "downmix": "mix"
        },
        "bit_rate": 192000,
        "length": 136.846817017,
        "lossless": 0,
        "number_channels": 2,
        "replay_gain": -2.00495529175,
        "sample_rate": 48000,
        "codec": "mp3",
        "md5_encoded": "78b395d8fadd410a407e1fb3c58bc56a"
    },
    "tags": {
        "file_name": "Monaco_Allons, Allons Les Enfants_Colette Deréal.mp3",
        "encoding": ["Lavf58.29.100"]
    }
},
"lowlevel": {
    "average_loudness": 0.731726109982,
    "barkbands_crest": {
        "max": 22.2855911255,
        "mean": 8.34707355499,
        "min": 2.77039933205,
        "stdev": 4.05175590515
    },
    "barkbands_flatness_db": {
        "max": 0.473291397095,
        "mean": 0.179191082716,
        "min": 0.0743431150913,
        "stdev": 0.064016379416
    },
    "barkbands_kurtosis": {
        "max": 22.5110683441,
        "mean": 1.08337271214,
        "min": -1.80327677727,
        "stdev": 3.50644898415
    },
    "barkbands_skewness": {
        "max": 4.28124189377,
        "mean": 0.419106543064,
        "min": -2.45913052559,
        "stdev": 0.98249232769
    },
    "barkbands_spread": {
        "max": 66.1496200562,
        "mean": 17.8180809021,
        "min": 0.933729112148,
        "stdev": 9.14307689667
    },
    "dissonance": {
        "max": 0.499999850988,
        "mean": 0.465296626091,
        "min": 0.158188477159,
        "stdev": 0.0453849621117
    },
    "dynamic_complexity": 7.20788812637,
    "erbbands_crest": {
        "max": 23.9422702789,
        "mean": 9.85370445251,
        "min": 3.60104227066,
        "stdev": 3.9645447731
    },
    "erbbands_flatness_db": {
        "max": 0.482864022255,
        "mean": 0.257914662361,
        "min": 0.154060378671,
        "stdev": 0.0586851648986
    },
    "erbbands_kurtosis": {
        "max": 16.8769798279,
        "mean": 0.676889896393,
        "min": -1.78209793568,
        "stdev": 1.69146585464
    },
    "erbbands_skewness": {
        "max": 2.49335122108,
        "mean": 0.165678098798,
        "min": -3.21223282814,
        "stdev": 0.711386680603
    },
    "erbbands_spread": {
        "max": 118.089187622,
        "mean": 21.7714538574,
        "min": 2.83091568947,
        "stdev": 11.4744262695
    },
    "hfc": {
        "max": 295.413024902,
        "mean": 13.8692827225,
        "min": 0.00352529808879,
        "stdev": 24.3566493988
    },
    "loudness_ebu128": {
        "integrated": -23.3649272919,
        "loudness_range": 9.43070983887,
        "momentary": {
            "max": -19.0963973999,
            "mean": -27.4195365906,
            "min": -38.7943267822,
            "stdev": 5.88841772079
        },
        "short_term": {
            "max": -21.8113155365,
            "mean": -25.5313911438,
            "min": -35.0022735596,
            "stdev": 3.85734367371
        }
    },
    "melbands_crest": {
        "max": 27.0024623871,
        "mean": 10.0013551712,
        "min": 3.63028764725,
        "stdev": 4.56019973755
    },
    "melbands_flatness_db": {
        "max": 0.541947722435,
        "mean": 0.17947474122,
        "min": 0.0624239817262,
        "stdev": 0.0819434821606
    },
    "melbands_kurtosis": {
        "max": 47.8120574951,
        "mean": 2.41005516052,
        "min": -1.83659696579,
        "stdev": 5.60779809952
    },
    "melbands_skewness": {
        "max": 5.89862155914,
        "mean": 0.926944255829,
        "min": -2.13470435143,
        "stdev": 1.05493783951
    },
    "melbands_spread": {
        "max": 145.664077759,
        "mean": 32.7031669617,
        "min": 1.80912828445,
        "stdev": 18.2461204529
    },
    "pitch_salience": {
        "max": 0.903163313866,
        "mean": 0.622101545334,
        "min": 0.328986287117,
        "stdev": 0.10254983604
    },
    "silence_rate_20dB": {
        "max": 1,
        "mean": 0.998181819916,
        "min": 0,
        "stdev": 0.0426010861993
    },
    "silence_rate_30dB": {
        "max": 1,
        "mean": 0.990909099579,
        "min": 0,
        "stdev": 0.094911172986
    },
    "silence_rate_60dB": {
        "max": 1,
        "mean": 0.47090908885,
        "min": 0,
        "stdev": 0.499153465033
    },
    "spectral_centroid": {
        "max": 4312.06835938,
        "mean": 1719.71154785,
        "min": 289.853027344,
        "stdev": 685.193908691
    },
    "spectral_complexity": {
        "max": 49,
        "mean": 13.1509094238,
        "min": 0,
        "stdev": 11.4777612686
    },
    "spectral_decrease": {
        "max": -5.20758620687e-13,
        "mean": -3.27143867551e-09,
        "min": -9.6890119039e-08,
        "stdev": 6.95675961282e-09
    },
    "spectral_energy": {
        "max": 0.39184910059,
        "mean": 0.0136051364243,
        "min": 2.28521366807e-06,
        "stdev": 0.0283772889525
    },
    "spectral_energyband_high": {
        "max": 0.00222516572103,
        "mean": 0.000209524383536,
        "min": 2.03210293037e-09,
        "stdev": 0.000326290173689
    },
    "spectral_energyband_low": {
        "max": 0.0127014368773,
        "mean": 0.000384928542189,
        "min": 3.93887900074e-09,
        "stdev": 0.0011159357382
    },
    "spectral_energyband_middle_high": {
        "max": 0.0633309185505,
        "mean": 0.00636178813875,
        "min": 2.04745811061e-06,
        "stdev": 0.00964728463441
    },
    "spectral_energyband_middle_low": {
        "max": 0.354264855385,
        "mean": 0.00712444260716,
        "min": 2.46684777494e-07,
        "stdev": 0.0231013335288
    },
    "spectral_entropy": {
        "max": 8.45613479614,
        "mean": 7.43453073502,
        "min": 4.93582296371,
        "stdev": 0.489201158285
    },
    "spectral_flux": {
        "max": 0.570705115795,
        "mean": 0.0538860782981,
        "min": 0.0015116923023,
        "stdev": 0.0520596243441
    },
    "spectral_kurtosis": {
        "max": 152.072128296,
        "mean": 8.75770950317,
        "min": -1.19729101658,
        "stdev": 16.9320487976
    },
    "spectral_rms": {
        "max": 0.019552282989,
        "mean": 0.00273252255283,
        "min": 4.72173378512e-05,
        "stdev": 0.00240969355218
    },
    "spectral_rolloff": {
        "max": 7019.82421875,
        "mean": 2085.62744141,
        "min": 258.3984375,
        "stdev": 968.037841797
    },
    "spectral_skewness": {
        "max": 9.80351638794,
        "mean": 1.48969173431,
        "min": -0.0728719756007,
        "stdev": 1.19809603691
    },
    "spectral_spread": {
        "max": 26389986,
        "mean": 2775473.25,
        "min": 597934.75,
        "stdev": 1299833.125
    },
    "spectral_strongpeak": {
        "max": 13.3518886566,
        "mean": 1.22201371193,
        "min": 0.00153032690287,
        "stdev": 1.4322309494
    },
    "zerocrossingrate": {
        "max": 0.15576171875,
        "mean": 0.0717613622546,
        "min": 0.0107421875,
        "stdev": 0.024823859334
    },
    "barkbands": {
        "max": [3.13258315146e-05, 0.000441649870481, 0.00682685058564, 0.0101020149887, 0.0130350803956, 0.0344760008156, 0.0625937208533, 0.0868214741349, 0.299172639847, 0.0141979670152, 0.0218029040843, 0.0149733023718, 0.0108287381008, 0.0340363606811, 0.00849123112857, 0.0070394705981, 0.00553867593408, 0.00297502684407, 0.00170449982397, 0.00155176012777, 0.000917938654311, 0.000433244364103, 0.000423712190241, 0.000103780017525, 3.69485064766e-07, 2.8123690754e-07, 2.98362380136e-07],
        "mean": [1.71607837274e-06, 1.91097697098e-05, 0.000154578854563, 0.000426899205195, 0.000725122459698, 0.000757860543672, 0.00127410690766, 0.00162901543081, 0.00193908368237, 0.000785230833571, 0.0017529692268, 0.000757729983889, 0.000685478444211, 0.000901557039469, 0.000513900769874, 0.00022175857157, 0.000386359810364, 0.000237113723415, 0.000172606043634, 0.000100774021121, 7.40418690839e-05, 4.3497842853e-05, 3.83818296541e-05, 6.21360777586e-06, 4.51695640891e-08, 1.04923492117e-09, 1.10894049499e-09],
        "min": [3.44543282793e-09, 1.60661395299e-09, 4.70668060082e-10, 6.81727174712e-10, 7.10045711116e-09, 3.0128962436e-08, 5.90845701254e-08, 4.00910522558e-08, 7.85809959325e-08, 1.19652170838e-07, 8.31797350997e-08, 1.26116532329e-07, 2.02712200803e-07, 2.68240739842e-07, 1.26756134478e-07, 7.49998250171e-08, 4.71671235402e-08, 6.32037568948e-08, 1.95945926151e-08, 4.64642879727e-10, 1.46352430175e-10, 1.9518184291e-10, 1.38953071271e-10, 3.07887992879e-10, 9.33477295462e-10, 7.23121215684e-11, 8.40058439477e-11],
        "stdev": [3.32620447807e-06, 4.2264964577e-05, 0.000535194587428, 0.00107970205136, 0.00139119848609, 0.00303115858696, 0.00410551251844, 0.00757855456322, 0.0173202939332, 0.00157082488295, 0.00386879732832, 0.00151511759032, 0.0014141544234, 0.00228125206195, 0.000935992400628, 0.000502546667121, 0.000765378994402, 0.000431161053712, 0.000273710233159, 0.000172564599779, 0.000124307349324, 7.43567507016e-05, 6.63229875499e-05, 1.15917982839e-05, 2.48243292589e-08, 1.20675363036e-08, 1.28039694403e-08]
    },
    "erbbands": {
        "max": [0.0186884719878, 0.134753718972, 4.22995185852, 22.9984989166, 45.4584312439, 38.063041687, 80.6249694824, 440.718170166, 346.154174805, 1098.53552246, 2503.87646484, 7748.29443359, 1698.63720703, 697.413452148, 431.763153076, 773.969665527, 448.933258057, 1235.65026855, 1195.50244141, 353.674346924, 371.04498291, 221.927825928, 196.112930298, 111.133277893, 90.5017852783, 53.7960243225, 49.1263885498, 24.6600894928, 18.1302089691, 15.7315330505, 11.8773117065, 3.77769804001, 0.492347031832, 0.01584873721, 0.00341552821919, 0.00112702557817, 0.000519655121025, 0.000185120312381, 0.000198359135538, 0.000453402783023],
        "mean": [0.000474746484542, 0.00622391654179, 0.11052531004, 0.945023059845, 2.19684004784, 2.17060112953, 2.83154129982, 8.31256198883, 12.0196914673, 27.9345760345, 41.2630882263, 49.4301261902, 29.4134693146, 57.148059845, 35.3869361877, 35.403591156, 31.2259368896, 46.2547149658, 31.9358234406, 18.8454990387, 16.9212818146, 17.7677936554, 14.5706386566, 11.3611869812, 6.90552616119, 4.52232408524, 3.38420581818, 2.41989135742, 1.70660758018, 1.55349338055, 0.910691022873, 0.282442778349, 0.0363377071917, 0.0018674605526, 0.000292849756079, 3.20125473081e-05, 1.15468001241e-05, 4.02594878324e-06, 8.14023951534e-06, 1.66085374076e-05],
        "min": [8.50389483276e-08, 2.45401963639e-07, 4.74375923432e-07, 1.70602675098e-06, 3.6274109334e-06, 2.77454673778e-05, 9.74653303274e-05, 0.000308829679852, 0.000751537794713, 0.000877606100403, 0.00107253552414, 0.00173836189788, 0.00299528590403, 0.00427339598536, 0.00190742337145, 0.00629966938868, 0.0144852651283, 0.0193559769541, 0.0113350898027, 0.00615177256986, 0.00480269920081, 0.00276577658951, 0.00377986580133, 0.00152893713675, 0.000697875279002, 4.76499662909e-05, 7.45831766835e-06, 6.62623369863e-06, 6.3673742261e-06, 5.25987752553e-06, 4.63945934825e-06, 8.53071924212e-06, 4.05105902246e-06, 8.21913454274e-06, 8.32318983157e-06, 4.33948542877e-07, 1.73339472553e-07, 6.72869688856e-08, 1.49712402475e-08, 3.84909393247e-09],
        "stdev": [0.00117425678764, 0.0130755444989, 0.33788818121, 2.43953967094, 5.46413326263, 3.98816680908, 6.18891954422, 37.9769477844, 29.6630687714, 97.3512954712, 189.960540771, 456.677337646, 101.076293945, 116.635032654, 66.5520401001, 72.9725036621, 60.2665481567, 99.9673156738, 70.1105728149, 34.5969161987, 34.6023368835, 32.7158279419, 27.3627490997, 17.9735736847, 11.5084314346, 7.19184827805, 5.78326368332, 3.78788208961, 2.91148781776, 2.88825917244, 1.53239285946, 0.505131959915, 0.0635063126683, 0.0020948110614, 0.000251872610534, 5.92501528445e-05, 2.66780079983e-05, 9.37332151807e-06, 1.52602297021e-05, 3.33813659381e-05]
    },
    "gfcc": {
        "mean": [-129.779724121, 128.324035645, -199.902786255, 30.0900211334, -72.3967514038, -0.785840451717, -28.9637851715, -21.8352470398, -7.01843595505, -26.5155391693, 2.72071218491, -16.6717987061, -6.44952774048],
        "cov": [[8590.68652344, 446.536102295, -1353.13232422, -242.535949707, -727.593200684, -296.871612549, 516.416442871, -842.626586914, 386.723754883, -731.253356934, -302.625793457, -204.882415771, -191.047012329], [446.536102295, 626.547119141, 121.483108521, -697.402282715, -22.4608478546, -250.31489563, -117.766082764, 57.4831123352, 121.407485962, 16.6980323792, 17.1069869995, 22.1162834167, 30.4127674103], [-1353.13232422, 121.483108521, 619.721496582, 58.8181610107, -59.9265861511, 22.725353241, -106.468200684, 102.822235107, -98.3743362427, 73.3790664673, 40.5411872864, 34.540813446, 39.9722137451], [-242.535949707, -697.402282715, 58.8181610107, 1520.96203613, -87.8345870972, 469.934112549, 252.4425354, -282.631958008, -292.92477417, -152.591033936, -103.374313354, -111.703849792, -42.9893875122], [-727.593200684, -22.4608478546, -59.9265861511, -87.8345870972, 394.563690186, 22.2373714447, -83.7355499268, 158.950195312, 4.66419839859, 105.16809845, 29.6989955902, 8.73248004913, -11.1840848923], [-296.871612549, -250.31489563, 22.725353241, 469.934112549, 22.2373714447, 289.661102295, 106.598114014, -72.9318084717, -100.016365051, -26.1966705322, -46.5440635681, -30.272611618, -16.3997077942], [516.416442871, -117.766082764, -106.468200684, 252.4425354, -83.7355499268, 106.598114014, 198.239303589, -91.4869613647, -54.7343864441, -74.6405029297, -39.833366394, -31.6191234589, -21.4498462677], [-842.626586914, 57.4831123352, 102.822235107, -282.631958008, 158.950195312, -72.9318084717, -91.4869613647, 233.719161987, 39.5011482239, 97.8068618774, 61.0872612, 58.5013313293, 22.7734241486], [386.723754883, 121.407485962, -98.3743362427, -292.92477417, 4.66419839859, -100.016365051, -54.7343864441, 39.5011482239, 157.724716187, 50.5217056274, 11.4768333435, 17.5580444336, 4.79392957687], [-731.253356934, 16.6980323792, 73.3790664673, -152.591033936, 105.16809845, -26.1966705322, -74.6405029297, 97.8068618774, 50.5217056274, 194.262237549, 69.4418869019, 13.7361364365, 13.8034305573], [-302.625793457, 17.1069869995, 40.5411872864, -103.374313354, 29.6989955902, -46.5440635681, -39.833366394, 61.0872612, 11.4768333435, 69.4418869019, 100.974723816, 33.1650886536, -8.7607717514], [-204.882415771, 22.1162834167, 34.540813446, -111.703849792, 8.73248004913, -30.272611618, -31.6191234589, 58.5013313293, 17.5580444336, 13.7361364365, 33.1650886536, 91.3499526978, 42.2797431946], [-191.047012329, 30.4127674103, 39.9722137451, -42.9893875122, -11.1840848923, -16.3997077942, -21.4498462677, 22.7734241486, 4.79392957687, 13.8034305573, -8.7607717514, 42.2797431946, 72.2020263672]],
        "icov": [[0.00106203241739, -0.00035116012441, 0.000514772429597, 0.000187107842066, -0.000338736630511, 0.00106252206024, -0.00205527432263, 0.00297242193483, -0.00341830728576, 0.00299691362306, -0.000466017227154, 0.000237172702327, 0.000883813889232], [-0.00035116012441, 0.00705438153818, -0.00443267356604, 0.00378094962798, -0.00315524521284, 0.00138083798811, -0.00182094145566, 0.00452027795836, -0.00215761270374, 0.00283021829091, -0.0016716014361, 0.0034719882533, -0.00397099321708], [0.000514772429597, -0.00443267356604, 0.00645532179624, -0.00247207446955, 0.00450067361817, -0.00125549919903, 0.00343100377358, -0.00474072992802, 0.00392429018393, -0.00270838500001, 0.00189490476623, -0.00224008574151, 0.00290900003165], [0.000187107842066, 0.00378094962798, -0.00247207446955, 0.00415672315285, -0.00208658445626, -0.00103367527481, -0.0021383468993, 0.00493076769635, -0.000875025580171, 0.00307340524159, -0.00172032543924, 0.00295534264296, -0.00247127260081], [-0.000338736630511, -0.00315524521284, 0.00450067361817, -0.00208658445626, 0.00798120629042, -0.00267668883316, 0.00523324357346, -0.00862620491534, 0.00584397884086, -0.00551180401817, 0.0033097951673, -0.00177672889549, 0.00371029041708], [0.00106252206024, 0.00138083798811, -0.00125549919903, -0.00103367527481, -0.00267668883316, 0.0103731751442, -0.00548933679238, 0.00515585765243, -0.00345799792558, 0.00151424517389, 0.00290423422121, -0.0020052685868, 0.00246065831743], [-0.00205527432263, -0.00182094145566, 0.00343100377358, -0.0021383468993, 0.00523324357346, -0.00548933679238, 0.0153555413708, -0.00961282104254, 0.0109330303967, -0.00714677479118, 0.00261862715706, -0.00141620764043, 0.00110117555596], [0.00297242193483, 0.00452027795836, -0.00474072992802, 0.00493076769635, -0.00862620491534, 0.00515585765243, -0.00961282104254, 0.0246977247298, -0.0137375211343, 0.0111117037013, -0.00492828665301, 7.03342884663e-05, -0.00114086596295], [-0.00341830728576, -0.00215761270374, 0.00392429018393, -0.000875025580171, 0.00584397884086, -0.00345799792558, 0.0109330303967, -0.0137375211343, 0.0274889841676, -0.0169664695859, 0.00745661044493, -0.00533279916272, 0.00231716618873], [0.00299691362306, 0.00283021829091, -0.00270838500001, 0.00307340524159, -0.00551180401817, 0.00151424517389, -0.00714677479118, 0.0111117037013, -0.0169664695859, 0.0229217410088, -0.011899237521, 0.00925748050213, -0.00619113491848], [-0.000466017227154, -0.0016716014361, 0.00189490476623, -0.00172032543924, 0.0033097951673, 0.00290423422121, 0.00261862715706, -0.00492828665301, 0.00745661044493, -0.011899237521, 0.0233707223088, -0.0129424659535, 0.0130967209116], [0.000237172702327, 0.0034719882533, -0.00224008574151, 0.00295534264296, -0.00177672889549, -0.0020052685868, -0.00141620764043, 7.03342884663e-05, -0.00533279916272, 0.00925748050213, -0.0129424659535, 0.026508776471, -0.0175177678466], [0.000883813889232, -0.00397099321708, 0.00290900003165, -0.00247127260081, 0.00371029041708, 0.00246065831743, 0.00110117555596, -0.00114086596295, 0.00231716618873, -0.00619113491848, 0.0130967209116, -0.0175177678466, 0.0294768419117]]
    },
    "melbands": {
        "max": [0.00013092586596, 0.00188829086255, 0.00355146010406, 0.00333487195894, 0.00249461829662, 0.00848295912147, 0.00804793834686, 0.0105349989608, 0.0309412907809, 0.0486068986356, 0.00562146585435, 0.00258888141252, 0.00187700043898, 0.0015328116715, 0.0016969111748, 0.00127014901955, 0.00273225829005, 0.00255959760398, 0.000612302217633, 0.000358332501492, 0.000482554954942, 0.000321270781569, 0.000115613671369, 0.000188204736332, 0.000100029290479, 5.71662421862e-05, 7.91739294073e-05, 2.67397535936e-05, 3.27726011164e-05, 3.36081102432e-05, 1.42345315908e-05, 1.27075090859e-05, 6.6289753704e-06, 1.0020231457e-05, 7.696557077e-06, 3.23162430504e-06, 2.10157850233e-06, 4.75959836876e-07, 1.01110497752e-08, 3.0139615248e-09],
        "mean": [4.68532152809e-06, 5.14464882144e-05, 0.000199166068342, 0.000157554328325, 0.00010060553177, 0.000170358704054, 0.000215065534576, 0.00032807973912, 0.000349675799953, 0.000288379436824, 0.000132146320539, 0.00021516160632, 0.000160503768711, 7.73427163949e-05, 9.36010183068e-05, 6.32613591733e-05, 9.34395211516e-05, 5.45653310837e-05, 3.97594740207e-05, 1.65200308402e-05, 2.20417587116e-05, 2.19972334889e-05, 1.16277797133e-05, 1.2198695913e-05, 9.2359014161e-06, 4.74752459922e-06, 4.35714764535e-06, 2.6954128316e-06, 2.03155855161e-06, 2.20364881898e-06, 1.14519878025e-06, 1.03338686586e-06, 6.99710824392e-07, 9.23434924971e-07, 5.78801518714e-07, 2.75794974414e-07, 1.27869881794e-07, 2.762612894e-08, 1.33968791616e-09, 5.73136149651e-10],
        "min": [7.72474140209e-10, 2.81853929085e-10, 3.13522346973e-10, 9.51913214919e-10, 3.04478375845e-09, 7.02838764965e-09, 1.17544765033e-08, 9.20621534561e-09, 9.60015711371e-09, 1.10178142165e-08, 1.5110726892e-08, 1.3755189876e-08, 8.90025386724e-09, 5.71068037303e-09, 2.65194213256e-08, 2.82485608238e-08, 2.36139516829e-08, 2.04860874931e-08, 9.69413438412e-09, 6.37539221415e-09, 5.68507019238e-09, 2.82942735907e-09, 2.19091100817e-09, 3.70430552898e-09, 9.07698693986e-10, 8.64493920893e-10, 8.00281022006e-11, 1.24901608153e-11, 3.63966886144e-12, 2.84654591565e-12, 4.14866535223e-12, 3.9061371325e-12, 3.42639306684e-12, 2.27122877797e-12, 1.99178781107e-12, 4.32418033672e-12, 5.61159278767e-12, 2.57124833578e-12, 3.62756135894e-12, 6.56630218948e-12],
        "stdev": [1.0471870155e-05, 0.000154722176376, 0.000460690062027, 0.000319276383379, 0.000203799339943, 0.000733452790882, 0.000591674412135, 0.00122584693599, 0.00177012162749, 0.0027564978227, 0.000378166063456, 0.000432968168752, 0.00032923129038, 0.000150991487317, 0.000213874518522, 0.000133236535476, 0.000213806517422, 0.000140116841067, 7.37524824217e-05, 3.19888640661e-05, 4.87482939207e-05, 4.43586686742e-05, 2.01004349947e-05, 2.34435065067e-05, 1.57829326781e-05, 7.65733875596e-06, 8.34162983665e-06, 4.16186503571e-06, 3.77263154405e-06, 4.07115476264e-06, 1.89954118923e-06, 1.83867109627e-06, 1.19685046229e-06, 1.78066431999e-06, 9.91003162198e-07, 4.77385924569e-07, 2.37161344785e-07, 5.13895130894e-08, 1.40645417535e-09, 2.70765521115e-10]
    },
    "melbands128": {
        "max": [2.99720250041e-05, 0.000170934348716, 0.000170748433447, 0.000277935527265, 0.000525797018781, 0.00451068906114, 0.0059050777927, 0.0056188502349, 0.00613720249385, 0.00474240165204, 0.00180681468919, 0.00278170523234, 0.00369410845451, 0.00436780741438, 0.0140312444419, 0.0114976912737, 0.00570011511445, 0.00518737686798, 0.0230409670621, 0.0180116165429, 0.0218065474182, 0.0368805602193, 0.0252406876534, 0.0698415637016, 0.0799823328853, 0.0436149388552, 0.0103394091129, 0.00486884545535, 0.0028728460893, 0.00176141131669, 0.00427009304985, 0.00601788284257, 0.000694127869792, 0.00190688576549, 0.000609137350693, 0.00243970635347, 0.00376101071015, 0.00334267644212, 0.00218330742791, 0.00135718425736, 0.00280900369398, 0.00345090823248, 0.00148875894956, 0.0060379714705, 0.00299537344836, 0.00263302284293, 0.000880917708855, 0.000922395964153, 0.000841469154693, 0.000313490629196, 0.000413096509874, 0.000427347549703, 0.000458689784864, 0.000815866689663, 0.0010472437134, 0.000261632027104, 0.000289708346827, 0.00020565034356, 0.000109228873043, 0.000485009659315, 0.000263837835519, 0.000125889549963, 0.000230579418712, 0.000155711066327, 0.00014307712263, 4.73700347356e-05, 0.000152399763465, 6.85106861056e-05, 0.000123588950373, 3.41347877111e-05, 5.06870783283e-05, 3.58666366083e-05, 4.19198404416e-05, 3.9107108023e-05, 2.30063160416e-05, 8.72554228408e-05, 1.99944279302e-05, 1.65500514413e-05, 2.84998095594e-05, 1.20771856018e-05, 1.10266137199e-05, 2.36734667851e-05, 1.21369603221e-05, 6.03039052294e-06, 1.20495051306e-05, 2.15373293031e-05, 1.3439785107e-05, 8.09010271041e-06, 1.02897511169e-05, 8.72638156579e-06, 4.7091371016e-06, 4.88921341457e-06, 4.07373499911e-06, 2.32961110669e-06, 1.66203960816e-06, 1.09124925984e-06, 1.724901324e-07, 2.57174299634e-08, 4.92397855822e-09, 2.43783992993e-09, 2.20550333552e-09, 2.58989829582e-09, 8.47252312752e-09, 1.52885384352e-08, 2.35784103353e-09, 2.18153584086e-09, 2.1052253274e-09, 2.02979011377e-09, 1.94321669866e-09, 1.85613191483e-09, 1.77360481857e-09, 1.70776193187e-09, 1.64131408464e-09, 1.59665924926e-09, 1.53780088663e-09, 1.48676193579e-09, 1.44074696617e-09, 1.39167288804e-09, 1.35142164126e-09, 1.31240407431e-09, 1.27970489761e-09, 1.26168575587e-09, 1.24273513702e-09, 1.21633292327e-09, 1.19836385259e-09, 1.18780196789e-09, 1.17597331872e-09, 1.16862342026e-09],
        "mean": [9.95502091428e-07, 3.03819570036e-06, 5.91815341977e-06, 8.41208384372e-06, 1.82935054909e-05, 9.99494368443e-05, 0.000189726182725, 0.000215302075958, 0.000249659264227, 0.000147020269651, 0.000113694775791, 9.79854521574e-05, 8.10953206383e-05, 0.00010815031419, 0.000235168074141, 0.0001687042095, 0.000107869054773, 0.000204787051189, 0.000387611013139, 0.000276925449725, 0.000329441361828, 0.000397244875785, 0.00030124996556, 0.000375307805371, 0.000417548231781, 0.000202191193239, 8.97349673323e-05, 0.000184753618669, 0.000109474305646, 6.15350436419e-05, 0.00032527509029, 0.000402650737669, 5.47208219359e-05, 0.000109366286779, 4.14146343246e-05, 7.98895998742e-05, 0.000106992258225, 0.000122712561279, 5.91238531342e-05, 5.04824893142e-05, 8.49744901643e-05, 5.00396927237e-05, 5.76589045522e-05, 0.000184782140423, 4.39724972239e-05, 3.10128634737e-05, 5.20158428117e-05, 4.82329232909e-05, 3.3392199839e-05, 1.01334208011e-05, 1.77257352334e-05, 1.97264416784e-05, 1.22665533127e-05, 2.07547127502e-05, 4.87210963911e-05, 1.40295551319e-05, 1.14954782475e-05, 1.10603568828e-05, 8.23630125524e-06, 2.06233198696e-05, 1.08845570139e-05, 7.24847359379e-06, 1.32219029183e-05, 9.22307026485e-06, 4.30505406257e-06, 3.55459201273e-06, 6.75120327287e-06, 4.30378622696e-06, 4.32513434134e-06, 2.76456285064e-06, 2.64241793957e-06, 2.92819140668e-06, 2.41414613811e-06, 1.66890481523e-06, 1.24871701246e-06, 3.87403179047e-06, 1.41502948736e-06, 1.10730650249e-06, 1.25075212054e-06, 1.14633701287e-06, 8.41500309434e-07, 1.22587925944e-06, 7.86007603892e-07, 4.86011344947e-07, 6.87455383286e-07, 1.2718629705e-06, 8.35705861846e-07, 6.25631514595e-07, 6.53438519294e-07, 4.88722093905e-07, 2.99103504631e-07, 2.34361110074e-07, 1.93580007135e-07, 1.33752678266e-07, 8.97473952932e-08, 3.90008878526e-08, 1.6911767986e-08, 2.29632468596e-09, 8.83769224469e-10, 6.5816829764e-10, 5.6245658131e-10, 5.71905744984e-10, 5.68658176103e-10, 5.48728673611e-10, 1.5056135505e-10, 8.15145086847e-12, 7.69687178576e-12, 7.42544307292e-12, 7.17003973555e-12, 6.8810903156e-12, 6.6167744027e-12, 6.40358165799e-12, 6.17424080612e-12, 5.97292874882e-12, 5.79609320608e-12, 5.6470305862e-12, 5.48461233027e-12, 5.21354227151e-12, 5.10982705801e-12, 4.96175453155e-12, 4.81199542018e-12, 4.74605727982e-12, 4.68188378691e-12, 4.53442968937e-12, 4.32069701198e-12, 4.01864869506e-12, 3.84508310608e-12, 3.80315570703e-12],
        "min": [4.27980068052e-10, 8.89147255823e-10, 5.79892300845e-10, 3.54959561744e-10, 2.09769479564e-10, 2.60484939174e-10, 3.6235764389e-10, 3.14812897972e-10, 2.43256054189e-10, 5.80433645592e-10, 1.56518620287e-09, 2.55529108983e-09, 3.11813441733e-09, 3.9980232458e-09, 6.01968253022e-09, 8.83418849185e-09, 1.1642105946e-08, 1.26373596032e-08, 1.16454375032e-08, 1.00215498122e-08, 4.86695928004e-09, 7.08791159099e-09, 4.68823735389e-09, 1.25099131054e-08, 1.13745217689e-08, 9.60551815865e-09, 1.20432552819e-08, 1.5823381716e-08, 1.5335245962e-08, 7.78248132605e-09, 1.19619514294e-08, 1.8725019757e-08, 8.85097062309e-09, 1.57876689499e-09, 5.35881838903e-10, 1.89960625008e-09, 2.0457319394e-08, 2.17189253249e-08, 1.12130340568e-08, 1.19993934788e-08, 1.09318243346e-08, 2.36388899566e-08, 7.42171302193e-09, 9.67119095918e-09, 2.70923372625e-08, 1.08651247999e-08, 4.33714530956e-09, 1.40617633093e-08, 5.57797630307e-09, 3.50883144762e-09, 5.12208808701e-09, 2.61618104958e-09, 4.47453007979e-09, 5.05525177275e-09, 3.68238928239e-09, 1.96844518463e-09, 2.38279440623e-09, 1.21547727439e-09, 1.66036262517e-09, 1.47798528971e-09, 5.08294695223e-09, 1.89617854751e-09, 5.69286395802e-10, 7.74721453656e-10, 1.11815001702e-09, 1.22460219742e-09, 4.52252790772e-10, 8.06847227919e-11, 2.63467390266e-11, 1.85799535479e-11, 1.25784677812e-11, 1.07817825848e-11, 3.03005060279e-12, 2.61991795446e-12, 3.7526678813e-12, 2.24641767861e-12, 2.93115661951e-12, 3.08370473254e-12, 5.42936008652e-12, 3.44267279614e-12, 5.11302328601e-12, 3.68340601076e-12, 1.6566010716e-12, 3.04633878886e-12, 6.13671006372e-12, 2.18130006245e-12, 1.09600403839e-12, 1.61653362137e-12, 1.55299590462e-12, 2.29108420603e-12, 4.67710809318e-12, 3.63526916902e-12, 6.08551533818e-12, 6.55041776029e-12, 5.36339072113e-12, 2.50967150707e-12, 2.49367085141e-12, 1.70350495862e-12, 1.22927427786e-12, 5.49315237394e-12, 9.62235152668e-12, 4.95830026342e-12, 4.67625287451e-12, 2.60264119284e-11, 6.56795277887e-12, 2.6149297571e-13, 2.95503422079e-13, 9.81517723543e-14, 2.99667571573e-13, 2.6771092938e-13, 3.1837848872e-13, 2.6427764057e-13, 2.73539410523e-13, 2.99015695017e-13, 2.36777665617e-13, 3.15999884679e-13, 2.52409367279e-13, 3.3049805297e-13, 2.99908752346e-13, 2.61780722967e-13, 2.75261259099e-13, 2.92711086489e-13, 2.82476516136e-13, 2.75240957413e-13, 1.81901761991e-13, 5.38653933198e-14, 1.14659868514e-14, 3.2225887286e-16],
        "stdev": [2.28345220421e-06, 9.70590917859e-06, 1.4627429664e-05, 2.02965238714e-05, 4.74386142741e-05, 0.000354950927431, 0.000561546999961, 0.000576828315388, 0.000688568339683, 0.000345119042322, 0.000238550084759, 0.000217266264372, 0.000216392232687, 0.000389318767702, 0.00129365583416, 0.000737658061553, 0.000311938056257, 0.000539688568097, 0.00148058845662, 0.00123511150014, 0.00179498642683, 0.00260904431343, 0.00136008043773, 0.00322379800491, 0.00457497918978, 0.00199442729354, 0.000602875254117, 0.000468101061415, 0.000250145152677, 0.000165924284374, 0.000710279098712, 0.000979779521003, 9.66269362834e-05, 0.000278774707112, 7.36722795409e-05, 0.000235827290453, 0.000278750463622, 0.000387159670936, 0.000177062975126, 0.000122910161735, 0.000201763061341, 0.000205883930903, 0.000129027321236, 0.00048170395894, 0.000159871779033, 0.00012628773402, 0.000121129349282, 0.000106009567389, 7.72523198975e-05, 2.57571973634e-05, 3.71040732716e-05, 4.42634736828e-05, 3.72429640265e-05, 6.34802490822e-05, 0.000128404411953, 3.1170577131e-05, 2.92579534289e-05, 2.63688543782e-05, 1.39326966746e-05, 5.42999550817e-05, 2.41905981966e-05, 1.32751274577e-05, 2.72000343102e-05, 1.87714558706e-05, 8.93170908967e-06, 6.05443528912e-06, 1.62414980878e-05, 8.54692370922e-06, 1.10760483949e-05, 4.70578015666e-06, 4.96174970976e-06, 5.19279547007e-06, 4.81204415337e-06, 4.13013094658e-06, 2.3634986519e-06, 8.54849076859e-06, 2.57988790509e-06, 2.16167245526e-06, 2.43511249209e-06, 2.01195553018e-06, 1.6325765273e-06, 2.69544625553e-06, 1.48283402268e-06, 8.74018496688e-07, 1.46545585267e-06, 2.88218416244e-06, 1.78825780495e-06, 1.201310738e-06, 1.28619581119e-06, 9.42407837101e-07, 5.32154615485e-07, 5.33336162789e-07, 4.12824533669e-07, 2.57231420164e-07, 1.80343278089e-07, 8.43763530156e-08, 2.95871700473e-08, 3.450022934e-09, 6.87194023907e-10, 3.56231238952e-10, 3.04938074791e-10, 2.93836593945e-10, 5.2612503243e-10, 7.58622054065e-10, 1.53941401293e-10, 9.36473606994e-11, 9.0339485892e-11, 8.7086851619e-11, 8.33750013474e-11, 7.96460258856e-11, 7.61076618394e-11, 7.3281145041e-11, 7.04369548798e-11, 6.85084072805e-11, 6.59824347937e-11, 6.37953440075e-11, 6.18200560187e-11, 5.97222757359e-11, 5.79977420256e-11, 5.63254165531e-11, 5.49240340708e-11, 5.41419860334e-11, 5.33245114731e-11, 5.21971632583e-11, 5.14313140687e-11, 5.09871138366e-11, 5.04864205997e-11, 5.01723870783e-11]
    },
    "mfcc": {
        "mean": [-738.361999512, 136.026031494, -58.1289787292, 15.9879789352, -22.7632045746, 10.1192235947, -19.0647583008, 8.77643108368, -21.7644233704, 2.09825277328, -9.0390996933, -0.66145581007, -10.5579833984],
        "cov": [[9757.70605469, -27.3447399139, -1070.58227539, 104.623252869, -1429.30322266, 708.00201416, -700.772766113, 479.059661865, -346.84866333, 323.539154053, -851.888183594, 68.0080108643, -483.171844482], [-27.3447399139, 1634.56774902, -255.331802368, -826.635437012, 84.7933120728, -690.450134277, -357.120178223, -182.606811523, 117.563499451, -132.998062134, 186.315811157, 118.071525574, 152.934265137], [-1070.58227539, -255.331802368, 746.306030273, 246.895751953, -31.3616313934, 90.0152740479, 142.606719971, -13.5617809296, -45.2421417236, -39.1715240479, -75.878868103, -35.6599693298, 6.7108745575], [104.623252869, -826.635437012, 246.895751953, 615.247619629, -28.9891090393, 389.113311768, 226.865188599, 85.8012390137, -78.3139572144, 57.5184516907, -123.455162048, -94.5087432861, -94.2963638306], [-1429.30322266, 84.7933120728, -31.3616313934, -28.9891090393, 450.470489502, -120.903419495, 75.7932434082, -60.3268585205, 74.6926193237, -48.6470794678, 186.260787964, -20.2122478485, 70.2196884155], [708.00201416, -690.450134277, 90.0152740479, 389.113311768, -120.903419495, 508.647888184, 153.737167358, 89.670135498, -54.6941184998, 91.3388519287, -152.836212158, -58.4286003113, -120.226676941], [-700.772766113, -357.120178223, 142.606719971, 226.865188599, 75.7932434082, 153.737167358, 272.833892822, 37.7749023438, -12.7720317841, 2.37998962402, 27.2037906647, -57.4931564331, -14.4556417465], [479.059661865, -182.606811523, -13.5617809296, 85.8012390137, -60.3268585205, 89.670135498, 37.7749023438, 158.772506714, -11.9609489441, -7.9367313385, -81.8714370728, -26.0221157074, -29.2284526825], [-346.84866333, 117.563499451, -45.2421417236, -78.3139572144, 74.6926193237, -54.6941184998, -12.7720317841, -11.9609489441, 121.99836731, -19.6756019592, 29.842130661, -5.90360021591, 32.4179458618], [323.539154053, -132.998062134, -39.1715240479, 57.5184516907, -48.6470794678, 91.3388519287, 2.37998962402, -7.9367313385, -19.6756019592, 124.458175659, 6.75065517426, -2.83970999718, -58.2821273804], [-851.888183594, 186.315811157, -75.878868103, -123.455162048, 186.260787964, -152.836212158, 27.2037906647, -81.8714370728, 29.842130661, 6.75065517426, 220.335830688, 41.0467567444, 48.1650009155], [68.0080108643, 118.071525574, -35.6599693298, -94.5087432861, -20.2122478485, -58.4286003113, -57.4931564331, -26.0221157074, -5.90360021591, -2.83970999718, 41.0467567444, 81.3734512329, 30.6533603668], [-483.171844482, 152.934265137, 6.7108745575, -94.2963638306, 70.2196884155, -120.226676941, -14.4556417465, -29.2284526825, 32.4179458618, -58.2821273804, 48.1650009155, 30.6533603668, 123.079322815]],
        "icov": [[0.00201146444306, -0.00264644995332, 0.00291994982399, -0.0027880652342, 0.00275849271566, -0.00259230937809, 0.00323883793317, -0.00388892018236, 0.00300425174646, -0.00211383774877, 0.00314098014496, -0.00201998348348, 0.00172203197144], [-0.00264644995332, 0.00617849361151, -0.00392496958375, 0.00600152881816, -0.00347219896503, 0.0049229352735, -0.00357008865103, 0.0062265987508, -0.0043036788702, 0.00381182017736, -0.00410172622651, 0.00314794201404, -0.00164542882703], [0.00291994982399, -0.00392496958375, 0.0061344569549, -0.00490067573264, 0.0041156723164, -0.00320140132681, 0.00358648272231, -0.00461371149868, 0.00458654155955, -0.00258320430294, 0.0057214833796, -0.00347504066303, 0.00229624402709], [-0.0027880652342, 0.00600152881816, -0.00490067573264, 0.0106925880536, -0.00463062385097, 0.0025924986694, -0.00557148130611, 0.0059871035628, -0.00269708083943, 0.00293142627925, -0.00313119660132, 0.00477140070871, -0.00186589430086], [0.00275849271566, -0.00347219896503, 0.0041156723164, -0.00463062385097, 0.0087704481557, -0.00378675898537, 0.0050720856525, -0.00514927133918, 0.00251553067937, -0.000610940973274, -0.00088214490097, 0.000684478029143, 0.00126432743855], [-0.00259230937809, 0.0049229352735, -0.00320140132681, 0.0025924986694, -0.00378675898537, 0.0103587293997, -0.00654410384595, 0.00583893153816, -0.00480679282919, 0.000572903256398, 0.000123330944916, -0.000125817430671, 0.000284599023871], [0.00323883793317, -0.00357008865103, 0.00358648272231, -0.00557148130611, 0.0050720856525, -0.00654410384595, 0.0143687305972, -0.00809687189758, 0.00497623952106, -0.00099864625372, -0.00129761919379, 0.0021704393439, 0.0013489293633], [-0.00388892018236, 0.0062265987508, -0.00461371149868, 0.0059871035628, -0.00514927133918, 0.00583893153816, -0.00809687189758, 0.0170508753508, -0.00611306214705, 0.00577950756997, -0.00235485192388, 0.0035031766165, -0.00202958472073], [0.00300425174646, -0.0043036788702, 0.00458654155955, -0.00269708083943, 0.00251553067937, -0.00480679282919, 0.00497623952106, -0.00611306214705, 0.015203198418, -0.00341694126837, 0.00501076411456, -0.000320019229548, 0.000323557411321], [-0.00211383774877, 0.00381182017736, -0.00258320430294, 0.00293142627925, -0.000610940973274, 0.000572903256398, -0.00099864625372, 0.00577950756997, -0.00341694126837, 0.0164672899991, -0.00877631269395, 0.00363091053441, 0.002743372228], [0.00314098014496, -0.00410172622651, 0.0057214833796, -0.00313119660132, -0.00088214490097, 0.000123330944916, -0.00129761919379, -0.00235485192388, 0.00501076411456, -0.00877631269395, 0.0214587971568, -0.0117579866201, 0.00368359102868], [-0.00201998348348, 0.00314794201404, -0.00347504066303, 0.00477140070871, 0.000684478029143, -0.000125817430671, 0.0021704393439, 0.0035031766165, -0.000320019229548, 0.00363091053441, -0.0117579866201, 0.0249174851924, -0.00722374487668], [0.00172203197144, -0.00164542882703, 0.00229624402709, -0.00186589430086, 0.00126432743855, 0.000284599023871, 0.0013489293633, -0.00202958472073, 0.000323557411321, 0.002743372228, 0.00368359102868, -0.00722374487668, 0.0161793958396]]
    },
    "spectral_contrast_coeffs": {
        "max": [-0.471748828888, -0.496569216251, -0.546750187874, -0.64718914032, -0.500680446625, -0.543195068836],
        "mean": [-0.692549586296, -0.80527806282, -0.771925210953, -0.795263171196, -0.774893760681, -0.690783381462],
        "min": [-0.870507180691, -0.976212501526, -0.914024055004, -0.94776403904, -0.895723342896, -0.909760475159],
        "stdev": [0.0802197605371, 0.081640727818, 0.0741095840931, 0.0505312792957, 0.0690325722098, 0.0879754647613]
    },
    "spectral_contrast_valleys": {
        "max": [-6.20063877106, -4.77000951767, -5.29694890976, -5.6414937973, -6.22456789017, -10.5196056366],
        "mean": [-8.4417552948, -7.22577857971, -7.67179489136, -7.84504890442, -8.30161094666, -12.3775672913],
        "min": [-13.1622171402, -10.2886953354, -10.9132804871, -10.5916166306, -13.0471944809, -15.4922351837],
        "stdev": [0.865320980549, 1.20287227631, 1.10539579391, 1.03910958767, 1.14575791359, 0.485195666552]
    }
},
"rhythm": {
    "beats_count": 26,
    "beats_loudness": {
        "max": 0.105083562434,
        "mean": 0.0167704354972,
        "min": 0.000488761230372,
        "stdev": 0.0229809731245
    },
    "bpm": 138.694656372,
    "bpm_histogram_first_peak_bpm": 140,
    "bpm_histogram_first_peak_weight": 0.266666710377,
    "bpm_histogram_second_peak_bpm": 110,
    "bpm_histogram_second_peak_spread": 0,
    "bpm_histogram_second_peak_weight": 0.159999996424,
    "danceability": 0.970562517643,
    "onset_rate": 3.13495230675,
    "beats_loudness_band_ratio": {
        "max": [0.244521930814, 0.535414338112, 0.864904820919, 0.720054864883, 0.590761184692, 0.359937101603],
        "mean": [0.0604186430573, 0.11107186228, 0.245410069823, 0.396775722504, 0.182888761163, 0.0724867731333],
        "min": [0.000231917772908, 0.00697364471853, 0.0165332164615, 0.0197987314314, 0.00315177813172, 0.000320564548019],
        "stdev": [0.0588828250766, 0.114864729345, 0.221820756793, 0.189206123352, 0.124532423913, 0.0851743966341]
    },
    "beats_position": [0.603718817234, 1.19582760334, 1.78793644905, 2.33360528946, 2.87927436829, 3.42494320869, 3.97061228752, 4.45823097229, 4.92263031006, 5.38702917099, 5.85142850876, 6.29260778427, 6.72217655182, 7.1517457962, 7.58131504059, 8.01088428497, 8.45206356049, 8.88163280487, 9.32281208038, 9.75238037109, 10.1819496155, 10.6115188599, 11.0410881042, 11.4706573486, 11.9118366241, 12.3414058685],
