{
"metadata": {
    "version": {
        "essentia": "2.1-beta5",
        "essentia_git_sha": "Undefined",
        "extractor": "music 2.0"
    },
    "audio_properties": {
        "analysis": {
            "equal_loudness": 0,
            "length": 48.7502937317,
            "sample_rate": 44100,
            "start_time": 61.4980506897,
            "downmix": "mix"
        },
        "bit_rate": 192000,
        "length": 176.80897522,
        "lossless": 0,
        "number_channels": 2,
        "replay_gain": -6.83001708984,
        "sample_rate": 48000,
        "codec": "mp3",
        "md5_encoded": "0c1fe4da542f2b0767a41bc073803df4"
    },
    "tags": {
        "file_name": "Austria_Sehnsucht_Jimmy Makulis.mp3",
        "encoding": ["Lavf58.29.100"]
    }
},
"lowlevel": {
    "average_loudness": 0.0467305667698,
    "barkbands_crest": {
        "max": 26.0724716187,
        "mean": 11.0030355453,
        "min": 3.32282447815,
        "stdev": 4.4847035408
    },
    "barkbands_flatness_db": {
        "max": 0.405501514673,
        "mean": 0.211635157466,
        "min": 0.0770178586245,
        "stdev": 0.0441917404532
    },
    "barkbands_kurtosis": {
        "max": 66.9029998779,
        "mean": 3.64547610283,
        "min": -1.70408570766,
        "stdev": 6.37529373169
    },
    "barkbands_skewness": {
        "max": 7.16852617264,
        "mean": 1.33501851559,
        "min": -3.32507491112,
        "stdev": 1.14575278759
    },
    "barkbands_spread": {
        "max": 66.1089324951,
        "mean": 14.2200298309,
        "min": 1.25497019291,
        "stdev": 7.46076107025
    },
    "dissonance": {
        "max": 0.499798715115,
        "mean": 0.447365373373,
        "min": 0.257636338472,
        "stdev": 0.0371623709798
    },
    "dynamic_complexity": 6.67786216736,
    "erbbands_crest": {
        "max": 34.1226081848,
        "mean": 11.8518743515,
        "min": 3.55829954147,
        "stdev": 5.74934625626
    },
    "erbbands_flatness_db": {
        "max": 0.417762190104,
        "mean": 0.26113319397,
        "min": 0.128319188952,
        "stdev": 0.0443837530911
    },
    "erbbands_kurtosis": {
        "max": 56.0788536072,
        "mean": 1.06180715561,
        "min": -1.80956935883,
        "stdev": 4.35948133469
    },
    "erbbands_skewness": {
        "max": 3.76690220833,
        "mean": 0.527485370636,
        "min": -2.84471011162,
        "stdev": 0.867661952972
    },
    "erbbands_spread": {
        "max": 93.5825805664,
        "mean": 27.8079891205,
        "min": 1.43781363964,
        "stdev": 13.6215543747
    },
    "hfc": {
        "max": 208.551116943,
        "mean": 11.3826475143,
        "min": 0.0156991463155,
        "stdev": 20.6677150726
    },
    "loudness_ebu128": {
        "integrated": -19.0236759186,
        "loudness_range": 13.7553606033,
        "momentary": {
            "max": -8.82562160492,
            "mean": -23.6569271088,
            "min": -41.2787246704,
            "stdev": 6.28673553467
        },
        "short_term": {
            "max": -13.0180902481,
            "mean": -22.0954761505,
            "min": -31.3768081665,
            "stdev": 4.61175632477
        }
    },
    "melbands_crest": {
        "max": 31.0408420563,
        "mean": 13.3117399216,
        "min": 4.60879945755,
        "stdev": 4.94946575165
    },
    "melbands_flatness_db": {
        "max": 0.43555060029,
        "mean": 0.229442447424,
        "min": 0.0817257836461,
        "stdev": 0.0559766851366
    },
    "melbands_kurtosis": {
        "max": 84.474395752,
        "mean": 7.98311805725,
        "min": -1.71439099312,
        "stdev": 9.75015449524
    },
    "melbands_skewness": {
        "max": 7.75647449493,
        "mean": 1.9320127964,
        "min": -2.48900747299,
        "stdev": 1.29086112976
    },
    "melbands_spread": {
        "max": 95.6503295898,
        "mean": 19.493894577,
        "min": 1.43591845036,
        "stdev": 12.1398563385
    },
    "pitch_salience": {
        "max": 0.847695708275,
        "mean": 0.568323671818,
        "min": 0.156776979566,
        "stdev": 0.117593348026
    },
    "silence_rate_20dB": {
        "max": 1,
        "mean": 1,
        "min": 1,
        "stdev": 0
    },
    "silence_rate_30dB": {
        "max": 1,
        "mean": 0.982865273952,
        "min": 0,
        "stdev": 0.129773288965
    },
    "silence_rate_60dB": {
        "max": 1,
        "mean": 0.408376961946,
        "min": 0,
        "stdev": 0.49153611064
    },
    "spectral_centroid": {
        "max": 3345.57202148,
        "mean": 1199.68737793,
        "min": 264.03314209,
        "stdev": 531.247497559
    },
    "spectral_complexity": {
        "max": 48,
        "mean": 11.4455022812,
        "min": 0,
        "stdev": 8.71813392639
    },
    "spectral_decrease": {
        "max": -4.53130198294e-12,
        "mean": -3.26222182601e-09,
        "min": -7.39551069273e-08,
        "stdev": 6.94441615323e-09
    },
    "spectral_energy": {
        "max": 0.297720819712,
        "mean": 0.0133448205888,
        "min": 1.88383892237e-05,
        "stdev": 0.0280246417969
    },
    "spectral_energyband_high": {
        "max": 0.00190341239795,
        "mean": 0.000124520098325,
        "min": 2.87048607106e-07,
        "stdev": 0.000240992885665
    },
    "spectral_energyband_low": {
        "max": 0.00781641341746,
        "mean": 0.000205728007131,
        "min": 8.66928530741e-07,
        "stdev": 0.000481784663862
    },
    "spectral_energyband_middle_high": {
        "max": 0.0680916234851,
        "mean": 0.00393667491153,
        "min": 1.27601015265e-06,
        "stdev": 0.00682217953727
    },
    "spectral_energyband_middle_low": {
        "max": 0.281014800072,
        "mean": 0.00944362673908,
        "min": 9.25807853491e-06,
        "stdev": 0.0238038059324
    },
    "spectral_entropy": {
        "max": 8.87085342407,
        "mean": 7.11948728561,
        "min": 5.85213565826,
        "stdev": 0.34382340312
    },
    "spectral_flux": {
        "max": 0.416491180658,
        "mean": 0.0488273054361,
        "min": 0.00276930374093,
        "stdev": 0.0456150732934
    },
    "spectral_kurtosis": {
        "max": 35.3180770874,
        "mean": 6.28686952591,
        "min": -0.924478054047,
        "stdev": 4.84178543091
    },
    "spectral_rms": {
        "max": 0.0170428678393,
        "mean": 0.00278056156822,
        "min": 0.000135568858241,
        "stdev": 0.00229952181689
    },
    "spectral_rolloff": {
        "max": 6890.625,
        "mean": 1368.75585938,
        "min": 236.865234375,
        "stdev": 800.549987793
    },
    "spectral_skewness": {
        "max": 3.90417933464,
        "mean": 1.48693656921,
        "min": -0.0370559282601,
        "stdev": 0.555364370346
    },
    "spectral_spread": {
        "max": 21818912,
        "mean": 2835458.75,
        "min": 1394034.875,
        "stdev": 862053.75
    },
    "spectral_strongpeak": {
        "max": 12.1565027237,
        "mean": 1.10585200787,
        "min": 0.00279547041282,
        "stdev": 1.37471067905
    },
    "zerocrossingrate": {
        "max": 0.1416015625,
        "mean": 0.0497491434216,
        "min": 0.00927734375,
        "stdev": 0.0200130455196
    },
    "barkbands": {
        "max": [9.45578940446e-05, 0.000557794934139, 0.00389478169382, 0.0185620188713, 0.0406417809427, 0.0376966148615, 0.268241852522, 0.199112147093, 0.250870257616, 0.0653579309583, 0.0284098386765, 0.0457517951727, 0.00952493865043, 0.0160381626338, 0.00785176176578, 0.00556420488283, 0.0084364656359, 0.00686698313802, 0.00514416769147, 0.00156070536468, 0.000979299191386, 0.00103624316398, 0.000465467834147, 8.48385461723e-05, 2.23884271122e-07, 1.87000651408e-07, 1.99024029257e-07],
        "mean": [1.67935206719e-06, 2.45072205871e-05, 8.74522520462e-05, 0.000227853874094, 0.00117349426728, 0.00141089071985, 0.00177354377229, 0.00249527208507, 0.00189220521133, 0.0011475601932, 0.000333952106303, 0.000516918953508, 0.000462997995783, 0.000378650758648, 0.000280302425381, 0.000233262340771, 0.000234284321778, 0.000241616100539, 0.000278755178442, 5.51003213332e-05, 3.38915415341e-05, 4.18257768615e-05, 1.64743414643e-05, 2.28365229304e-06, 4.51255637302e-08, 5.65556601551e-10, 5.98886773506e-10],
        "min": [2.35721486774e-09, 7.78147892788e-08, 7.14408727731e-08, 7.54551479076e-08, 1.24185089589e-06, 3.9593427914e-07, 2.21048466642e-07, 1.10199401604e-07, 1.20322425801e-07, 5.43789013818e-08, 4.70377159445e-08, 4.65188456644e-08, 3.93778805119e-08, 4.99053527392e-08, 4.65968170715e-08, 4.32926867688e-08, 7.63018803696e-08, 9.70106057707e-08, 5.61669253329e-08, 6.64299051323e-08, 5.35763824416e-08, 5.53157661898e-08, 4.44507968211e-08, 4.02079294304e-08, 5.41941025389e-09, 2.50322367001e-11, 3.13701599419e-11],
        "stdev": [3.64356947102e-06, 4.92002000101e-05, 0.000162882017321, 0.000811837031506, 0.0027975498233, 0.0027625572402, 0.00803009234369, 0.0120824445039, 0.0120563749224, 0.00403794972226, 0.0011907935841, 0.00184487528168, 0.00101838435512, 0.00100517238025, 0.000648664776236, 0.0005172759993, 0.000493147352245, 0.000533717276994, 0.000540250912309, 0.00012838334078, 7.85764786997e-05, 9.18961013667e-05, 3.99493947043e-05, 5.31851128471e-06, 1.58890962609e-08, 4.29796909174e-09, 4.57373960927e-09]
    },
    "erbbands": {
        "max": [0.00635062111542, 0.218406841159, 3.15987420082, 29.5409870148, 157.686355591, 168.329696655, 399.758117676, 354.022003174, 2640.01977539, 2559.7956543, 5058.52246094, 6391.07763672, 2586.7487793, 2050.20581055, 544.819946289, 2018.18481445, 490.866424561, 726.242492676, 598.990722656, 261.018981934, 478.139556885, 363.845794678, 445.016204834, 344.949462891, 200.15071106, 99.809928894, 30.6346416473, 47.4047431946, 24.899848938, 21.8507537842, 9.31374359131, 3.21337413788, 0.345985263586, 0.0109345503151, 0.00150924583431, 0.000753183034249, 0.000345841312082, 0.000123198828078, 0.000151273881784, 0.000343156367308],
        "mean": [0.000498811015859, 0.00740656815469, 0.078043602407, 0.486723124981, 2.43721222878, 3.74383330345, 6.07087278366, 13.3861265182, 25.5426769257, 27.6480636597, 68.3779296875, 43.1319847107, 31.2984733582, 28.7751312256, 14.9286937714, 23.3587608337, 22.7243862152, 20.6606712341, 17.4145965576, 12.0027065277, 14.1677751541, 12.1220350266, 14.1784524918, 14.6797266006, 9.54402446747, 3.38269782066, 1.49203646183, 1.75484836102, 1.29562544823, 0.914492666721, 0.314017236233, 0.0916370823979, 0.0171269364655, 0.00126416562125, 0.000221292488277, 2.1461637516e-05, 8.34527418192e-06, 2.77277172245e-06, 7.44866929381e-06, 1.58974744409e-05],
        "min": [2.04325306186e-06, 3.68508844986e-05, 0.0001106790005, 0.000420432799729, 0.00168789655436, 0.00249679898843, 0.00487245526165, 0.0031936892774, 0.00427139317617, 0.00671547092497, 0.00598459644243, 0.00449017761275, 0.00304803601466, 0.00322961364873, 0.00385560467839, 0.00191050511785, 0.0027076296974, 0.00292726536281, 0.00345666194335, 0.00388243608177, 0.00330263120122, 0.00539516238496, 0.00582654355094, 0.00317642791197, 0.00291636399925, 0.00430972129107, 0.00266653695144, 0.00171302375384, 0.00159927806817, 0.00175402348395, 0.00116990401875, 0.00123091228306, 0.000579536776058, 8.11889985926e-05, 4.148203152e-05, 2.12589588955e-06, 2.34977420632e-07, 5.11880990928e-08, 2.33965344876e-08, 2.561520418e-08],
        "stdev": [0.000640983926132, 0.0155620323494, 0.146538093686, 1.47071397305, 7.93751573563, 9.78775024414, 16.7485961914, 26.907037735, 92.4366989136, 105.479034424, 351.618896484, 241.318252563, 117.30695343, 108.444160461, 38.8208808899, 83.5762176514, 47.117351532, 47.5595207214, 38.4322929382, 21.4105625153, 30.646156311, 23.2866210938, 31.4118652344, 30.7691574097, 22.0413150787, 8.02334880829, 3.17149090767, 3.984988451, 2.81354784966, 2.20147490501, 0.686730980873, 0.207064628601, 0.0378982909024, 0.00120241008699, 0.00011931793415, 3.19738392136e-05, 1.53530145326e-05, 5.04104491483e-06, 1.45664907905e-05, 3.25395776599e-05]
    },
    "gfcc": {
        "mean": [-139.393096924, 145.675476074, -181.557357788, 32.5647926331, -76.5267028809, -17.8116970062, -37.512462616, -19.8874740601, -0.980050683022, -23.9241962433, 3.62098550797, -17.0853538513, -4.67188358307],
        "cov": [[7216.81201172, 40.8236198425, -2217.76318359, -892.170959473, -110.53969574, -620.309936523, 782.96282959, -288.253082275, 308.131896973, -410.279785156, 108.579032898, 167.064743042, -318.452850342], [40.8236198425, 463.627685547, 184.673522949, -217.211120605, 108.545036316, -149.514007568, -65.6593017578, 75.8264312744, 32.493057251, -57.0783538818, -24.650094986, -64.0785522461, -26.0686569214], [-2217.76318359, 184.673522949, 1010.48461914, 304.459228516, -17.755941391, 143.168838501, -314.405975342, 85.5693817139, -73.1666183472, 83.3603210449, -61.6750946045, -77.2699508667, 98.2594833374], [-892.170959473, -217.211120605, 304.459228516, 533.289550781, 25.2310504913, 139.191848755, -141.435089111, -56.5988807678, -67.26146698, 43.0481300354, -52.9047775269, -2.16142058372, 94.9999160767], [-110.53969574, 108.545036316, -17.755941391, 25.2310504913, 276.42288208, -82.0565261841, -153.533843994, 0.713319838047, 21.5088787079, 8.61257266998, -29.5263156891, -55.2736740112, -22.5239048004], [-620.309936523, -149.514007568, 143.168838501, 139.191848755, -82.0565261841, 344.782409668, 111.132667542, -27.842748642, -79.013168335, 104.201698303, 31.4739246368, -0.94472694397, 43.0885238647], [782.96282959, -65.6593017578, -314.405975342, -141.435089111, -153.533843994, 111.132667542, 387.158172607, 25.446521759, -50.8787155151, -42.2101478577, 43.9103927612, 66.9663238525, -10.4977722168], [-288.253082275, 75.8264312744, 85.5693817139, -56.5988807678, 0.713319838047, -27.842748642, 25.446521759, 156.586975098, 22.9515552521, -16.5321674347, -7.70588445663, 2.88162660599, -0.725036621094], [308.131896973, 32.493057251, -73.1666183472, -67.26146698, 21.5088787079, -79.013168335, -50.8787155151, 22.9515552521, 140.269668579, 35.5901947021, -1.64150989056, -15.694475174, -32.117313385], [-410.279785156, -57.0783538818, 83.3603210449, 43.0481300354, 8.61257266998, 104.201698303, -42.2101478577, -16.5321674347, 35.5901947021, 159.455978394, 43.6711425781, -22.7407741547, 10.2311496735], [108.579032898, -24.650094986, -61.6750946045, -52.9047775269, -29.5263156891, 31.4739246368, 43.9103927612, -7.70588445663, -1.64150989056, 43.6711425781, 86.9880828857, 35.3195953369, -12.3896903992], [167.064743042, -64.0785522461, -77.2699508667, -2.16142058372, -55.2736740112, -0.94472694397, 66.9663238525, 2.88162660599, -15.694475174, -22.7407741547, 35.3195953369, 99.73021698, 40.7965736389], [-318.452850342, -26.0686569214, 98.2594833374, 94.9999160767, -22.5239048004, 43.0885238647, -10.4977722168, -0.725036621094, -32.117313385, 10.2311496735, -12.3896903992, 40.7965736389, 105.578094482]],
        "icov": [[0.00161546375602, -0.00127785373479, 0.00197742064483, -0.000614328251686, 0.000406792969443, 0.00119760469534, -0.00253792991862, 0.00374386436306, -0.0039844987914, 0.00296680838801, -0.00145455729216, -9.67091182247e-06, 0.000974416616373], [-0.00127785373479, 0.0102645950392, -0.00747379520908, 0.00508447503671, -0.00639400584623, 0.002766585676, -0.00381187465973, -0.000102176927612, -0.00113204307854, 0.00283520948142, -0.0035403536167, 0.00592332985252, -0.00513556180522], [0.00197742064483, -0.00747379520908, 0.00954503938556, -0.00397094339132, 0.00653061550111, -0.00240792077966, 0.00459577003494, -0.000520481728017, 0.000311330892146, -0.000133782479679, 0.0017612723168, -0.00199948716909, 0.00272509641945], [-0.000614328251686, 0.00508447503671, -0.00397094339132, 0.00594378402457, -0.00339878979139, -0.000144272315083, -0.000567798677366, 0.000903643027414, 0.000120036689623, 0.00109768414404, 0.000737752707209, 0.00122674054001, -0.00342390988953], [0.000406792969443, -0.00639400584623, 0.00653061550111, -0.00339878979139, 0.0105632673949, -0.00208438374102, 0.00724240439013, -0.00334886484779, 0.00427287677303, -0.00371993333101, 0.0036017743405, -0.00144244148396, 0.00307028903626], [0.00119760469534, 0.002766585676, -0.00240792077966, -0.000144272315083, -0.00208438374102, 0.010428186506, -0.0088402107358, 0.00538095831871, -0.00207521300763, -0.00122297834605, -0.00308710429817, 0.00357854622416, -0.0011342742946], [-0.00253792991862, -0.00381187465973, 0.00459577003494, -0.000567798677366, 0.00724240439013, -0.0088402107358, 0.0178849417716, -0.0121809029952, 0.0125122359022, -0.00653002550825, 0.0061714486219, -0.0046774870716, 0.00145577103831], [0.00374386436306, -0.000102176927612, -0.000520481728017, 0.000903643027414, -0.00334886484779, 0.00538095831871, -0.0121809029952, 0.0197785329074, -0.0143942087889, 0.00963020417839, -0.00480771251023, 0.000326221750583, 0.000950495072175], [-0.0039844987914, -0.00113204307854, 0.000311330892146, 0.000120036689623, 0.00427287677303, -0.00207521300763, 0.0125122359022, -0.0143942087889, 0.0262090805918, -0.0176397040486, 0.0111490795389, -0.00449286494404, 0.00293489266187], [0.00296680838801, 0.00283520948142, -0.000133782479679, 0.00109768414404, -0.00371993333101, -0.00122297834605, -0.00653002550825, 0.00963020417839, -0.0176397040486, 0.0254497621208, -0.0171456858516, 0.0103293489665, -0.00592781417072], [-0.00145455729216, -0.0035403536167, 0.0017612723168, 0.000737752707209, 0.0036017743405, -0.00308710429817, 0.0061714486219, -0.00480771251023, 0.0111490795389, -0.0171456858516, 0.0302854552865, -0.0176618434489, 0.0104762809351], [-9.67091182247e-06, 0.00592332985252, -0.00199948716909, 0.00122674054001, -0.00144244148396, 0.00357854622416, -0.0046774870716, 0.000326221750583, -0.00449286494404, 0.0103293489665, -0.0176618434489, 0.0290150083601, -0.0156927071512], [0.000974416616373, -0.00513556180522, 0.00272509641945, -0.00342390988953, 0.00307028903626, -0.0011342742946, 0.00145577103831, 0.000950495072175, 0.00293489266187, -0.00592781417072, 0.0104762809351, -0.0156927071512, 0.0217170957476]]
    },
    "melbands": {
        "max": [8.94988697837e-05, 0.00133510609157, 0.0078461477533, 0.0097131151706, 0.0105616403744, 0.00863472465426, 0.0491505265236, 0.0252260696143, 0.0480232648551, 0.0345099791884, 0.0126977656037, 0.00886195059866, 0.00220319884829, 0.00501075480133, 0.00273608951829, 0.00113501306623, 0.00160517543554, 0.00106336188037, 0.000581731030252, 0.000285181740765, 0.000760847295169, 0.000484222196974, 0.000444112898549, 0.00034055870492, 0.000352185481461, 0.000178131449502, 0.000100522272987, 6.71883899486e-05, 2.18384811888e-05, 4.35368492617e-05, 3.85503662983e-05, 1.94923140953e-05, 8.06570096756e-06, 1.49139896166e-05, 6.75334376865e-06, 2.61937361756e-06, 1.65843948707e-06, 3.04046380961e-07, 7.94370080826e-09, 2.21126672528e-09],
        "mean": [5.36558127351e-06, 3.31601440848e-05, 0.000136722519528, 0.000234044433455, 0.000204661831958, 0.000308795802994, 0.000387843785575, 0.000333022733685, 0.00058359222021, 0.000235591665842, 0.000150332620251, 0.000119078147691, 4.28917810495e-05, 5.96560566919e-05, 4.62469870399e-05, 5.05158859596e-05, 3.82832731702e-05, 2.90562165901e-05, 1.96862620214e-05, 1.5540565073e-05, 1.70020502992e-05, 1.23218724184e-05, 1.55745983648e-05, 9.51234051172e-06, 1.27373969008e-05, 8.02826161816e-06, 3.52268148163e-06, 1.99013493329e-06, 8.02499926067e-07, 1.0117759075e-06, 1.11830127025e-06, 9.15025509585e-07, 4.02871393135e-07, 5.44469855868e-07, 1.8733021534e-07, 7.75924036134e-08, 4.56875319799e-08, 1.49899381796e-08, 9.84201831145e-10, 6.11235395631e-10],
        "min": [2.51001992524e-08, 9.37118045385e-08, 1.96391496843e-07, 1.59956442758e-07, 1.59714247161e-07, 7.13495893478e-08, 5.46830953851e-08, 1.7126032148e-08, 5.6379587221e-08, 1.97022202997e-08, 1.14695559716e-08, 1.06790674081e-08, 1.2035216379e-08, 4.7156225591e-09, 4.04682376498e-09, 3.5634926121e-09, 4.11976008863e-09, 5.09115949399e-09, 4.60455096274e-09, 4.20372670007e-09, 3.39977845876e-09, 4.02893451934e-09, 5.81923398357e-09, 3.92248278303e-09, 2.12052486681e-09, 2.00237337822e-09, 1.58570612196e-09, 2.25460250469e-09, 1.55700929927e-09, 1.32520450169e-09, 9.7497154794e-10, 7.70296881836e-10, 1.03684305586e-09, 8.79205042104e-10, 6.56553700296e-10, 6.00363925241e-10, 5.59259416555e-10, 2.61109689426e-10, 8.79982961499e-11, 5.10134365306e-11],
        "stdev": [8.89544025995e-06, 6.36184558971e-05, 0.000408335792599, 0.000604575907346, 0.000526649761014, 0.000618345860858, 0.00155323615763, 0.00135594757739, 0.0031797606498, 0.00129450531676, 0.000588697090279, 0.000468258716865, 0.000118052441394, 0.000208866171306, 0.000131483320729, 0.000116096336569, 9.98087052722e-05, 6.67853164487e-05, 4.25353537139e-05, 3.11870717269e-05, 3.860671859e-05, 2.65357030003e-05, 4.19463176513e-05, 2.19197081606e-05, 2.97458955174e-05, 1.66565769177e-05, 9.23988955037e-06, 5.57237808607e-06, 1.9224269181e-06, 2.61695390691e-06, 2.82233895632e-06, 2.08260757972e-06, 8.48347269766e-07, 1.45117314787e-06, 4.19680418418e-07, 1.81375142461e-07, 1.08188807246e-07, 3.57585463462e-08, 7.12634062872e-10, 2.25332114079e-10]
    },
    "melbands128": {
        "max": [3.30614675477e-05, 6.03145854257e-05, 0.000129162159283, 0.000364868028555, 0.00102307146881, 0.00223080068827, 0.00447571277618, 0.0115751149133, 0.0205383896828, 0.0129731111228, 0.0128064863384, 0.0104075968266, 0.0186728555709, 0.0129050519317, 0.00909554027021, 0.0143917948008, 0.0276653133333, 0.0725437551737, 0.0945980101824, 0.0198019947857, 0.0549336522818, 0.0739544853568, 0.0902717784047, 0.0909557491541, 0.0684220418334, 0.00599337834865, 0.0111591052264, 0.0249963607639, 0.0136142149568, 0.0154395820573, 0.0122775016353, 0.0077579128556, 0.000664634688292, 0.00414818106219, 0.00197063363157, 0.010137132369, 0.00545286200941, 0.0029520355165, 0.00111681572162, 0.00234772823751, 0.00209655123763, 0.00163871352561, 0.00133242271841, 0.00330894929357, 0.00113192189019, 0.00139469583519, 0.00121575768571, 0.00107005424798, 0.000730104278773, 0.000471395906061, 0.000572851451579, 0.0010194707429, 0.000753968546633, 0.00143647438381, 0.000924488820601, 0.000503067451064, 0.000313112715958, 0.00100319227204, 0.000930603244342, 0.000695540511515, 0.000473213061923, 0.000197031971766, 0.000407610990806, 0.000591239426285, 0.000184949007235, 0.000300214916933, 0.000363665953046, 0.000252604106208, 4.8043577408e-05, 0.000133012261358, 0.00011703834025, 3.93075024476e-05, 5.36716870556e-05, 3.2723761251e-05, 2.15156414924e-05, 8.54009267641e-05, 5.23306334799e-05, 1.88079611689e-05, 4.63145697722e-05, 8.19949054858e-05, 2.02421615541e-05, 3.19548053085e-05, 7.91726688476e-06, 8.1095531641e-06, 1.29416757773e-05, 2.00198446692e-05, 2.45828523475e-05, 7.809680028e-06, 9.91093747871e-06, 3.68168002751e-06, 3.17918306791e-06, 3.41327950082e-06, 2.18030322685e-06, 2.021941782e-06, 1.1943559457e-06, 4.67168518981e-07, 1.67091997127e-07, 2.2486522866e-08, 4.61905980131e-09, 3.64534558095e-09, 2.28017826842e-09, 2.45687270528e-09, 4.06353173332e-09, 3.61369001389e-09, 1.68894331853e-09, 1.49005330297e-09, 1.41538214482e-09, 1.34948807684e-09, 1.28997645898e-09, 1.2275644945e-09, 1.19272081101e-09, 1.13209919217e-09, 1.09659692438e-09, 1.05546338336e-09, 1.02269082092e-09, 9.84353265565e-10, 9.58887524938e-10, 9.28217558371e-10, 9.06666797196e-10, 8.84062045792e-10, 8.63039417709e-10, 8.46904490981e-10, 8.25823742723e-10, 8.06903266426e-10, 7.90950860363e-10, 7.87224396781e-10, 7.79378839244e-10, 7.7593725889e-10],
        "mean": [9.54180222834e-07, 3.45130342794e-06, 5.37713731319e-06, 1.23250347315e-05, 2.68106705335e-05, 4.85727141495e-05, 8.29874916235e-05, 0.000126131737488, 0.000274558813544, 0.00026603526203, 0.000182953284821, 0.000210745361983, 0.000208316123462, 0.000193521336769, 0.000267762981821, 0.000386321364203, 0.000454154447652, 0.000379284407245, 0.000346994958818, 0.00023466013954, 0.000348134723026, 0.000535799365025, 0.000718308496289, 0.00052880885778, 0.00025138221099, 0.000136343340273, 0.00010107288108, 0.000212894039578, 0.000105400336906, 0.000157861431944, 0.000123808611534, 4.12943372794e-05, 2.37585318246e-05, 6.53723691357e-05, 3.42698767781e-05, 6.83441248839e-05, 8.62934975885e-05, 2.55682334682e-05, 3.62602768291e-05, 6.22962616035e-05, 6.00833191129e-05, 2.43773629336e-05, 2.83770514216e-05, 6.24159001745e-05, 2.69960601145e-05, 2.08152432606e-05, 3.23236854456e-05, 2.08686342376e-05, 1.27325947687e-05, 1.52483826241e-05, 1.40235279105e-05, 1.93155246961e-05, 1.59400842676e-05, 1.46484690049e-05, 2.27771342907e-05, 9.03916497919e-06, 5.84717054153e-06, 1.76165958692e-05, 1.89364454855e-05, 1.23534246086e-05, 8.88723297976e-06, 6.41298356641e-06, 1.27401226564e-05, 1.76359681063e-05, 7.06491346136e-06, 6.23058122073e-06, 1.13559362944e-05, 4.37033941125e-06, 1.04211233065e-06, 2.49643471761e-06, 2.9640102639e-06, 1.05643505321e-06, 9.75223201749e-07, 7.05390277744e-07, 5.46374849364e-07, 1.42708381645e-06, 1.03025604403e-06, 5.1755637287e-07, 9.9575652257e-07, 2.19607954932e-06, 6.8990601676e-07, 7.31712248125e-07, 3.29453456516e-07, 3.32067685349e-07, 4.82888310671e-07, 6.40614359781e-07, 6.45764544061e-07, 2.01883452178e-07, 1.73817852556e-07, 1.47877514678e-07, 8.73700543025e-08, 5.3770950359e-08, 6.44337418976e-08, 4.52396271555e-08, 4.10310363463e-08, 2.23192877513e-08, 9.62026636131e-09, 1.33467947805e-09, 8.08788092055e-10, 7.04597435952e-10, 6.31108720839e-10, 6.03409266997e-10, 5.81912795727e-10, 4.65031374519e-10, 9.28688376201e-11, 4.49017429141e-12, 4.1936593087e-12, 4.03289684633e-12, 3.87304728219e-12, 3.71463753854e-12, 3.58643496845e-12, 3.4485576287e-12, 3.32176495511e-12, 3.20621936119e-12, 3.10185536111e-12, 3.01121952893e-12, 2.93409784316e-12, 2.81229336693e-12, 2.73489716117e-12, 2.66729845676e-12, 2.59721541149e-12, 2.54763961663e-12, 2.50119217872e-12, 2.45053456693e-12, 2.3676653086e-12, 2.25858025858e-12, 2.19258877547e-12, 2.17461573922e-12],
        "min": [3.02491994127e-12, 7.33001925823e-09, 1.51545478388e-08, 3.27903215691e-08, 1.032838437e-08, 3.68075063761e-08, 1.73387686431e-08, 5.1727131023e-08, 5.97327698415e-08, 1.53436925387e-08, 2.28146284087e-08, 2.89798709474e-08, 6.46358273571e-08, 4.71817784842e-08, 2.17545199632e-08, 3.37249943527e-08, 2.2581364334e-08, 2.14602415838e-08, 1.96700327137e-08, 1.46824898906e-08, 1.6424642979e-08, 1.75356049681e-08, 1.40982914232e-08, 9.48993239547e-09, 2.92382695832e-09, 2.05558237099e-09, 5.91251225757e-09, 9.84977255314e-09, 2.5406858839e-09, 3.91055099414e-09, 3.20374571317e-09, 5.21073539872e-09, 3.4522291692e-09, 4.98692287465e-09, 3.57725626898e-09, 6.06314665141e-10, 2.07538342067e-09, 1.11481357479e-09, 2.39282615944e-09, 9.06464625583e-10, 1.96577154554e-09, 2.02260874715e-09, 9.42621092292e-10, 1.4962984185e-09, 1.46765288811e-09, 1.27481725176e-09, 2.85260592925e-09, 1.28735955229e-09, 2.2515709297e-09, 1.93796201309e-09, 3.44322947932e-09, 2.64169219832e-09, 1.15360310193e-09, 1.44828660176e-09, 2.84760659497e-09, 2.68883382226e-09, 1.91453386478e-09, 2.34405694854e-09, 3.62541019427e-09, 1.68379743481e-09, 2.77305134411e-09, 1.90650073506e-09, 9.69527347294e-10, 9.47193656842e-10, 1.46715706251e-09, 1.73081693422e-09, 1.62477120647e-09, 1.00784891544e-09, 9.1945900893e-10, 1.2025493934e-09, 1.48822121293e-09, 9.65311941492e-10, 6.80107137274e-10, 8.35608859884e-10, 8.7432511231e-10, 1.07062281263e-09, 9.13018549653e-10, 6.76588507442e-10, 6.99648228242e-10, 9.70122093769e-10, 5.58253665517e-10, 4.22588436466e-10, 8.57340365368e-10, 6.50265619129e-10, 6.91966761668e-10, 6.16662110264e-10, 3.99112298766e-10, 3.73805930654e-10, 4.98602548138e-10, 5.47465739409e-10, 5.25935239803e-10, 4.26548907306e-10, 3.50641682356e-10, 3.08491121537e-10, 2.32840441372e-10, 1.92516905195e-10, 1.60376475988e-10, 1.17441639746e-10, 2.8242847297e-11, 4.05197091158e-11, 4.43892943236e-11, 5.70832270341e-11, 5.52298033696e-11, 4.34363031654e-11, 1.58687017519e-12, 1.02524603661e-13, 8.4795268951e-14, 7.97679251211e-14, 7.5206571385e-14, 8.5751996053e-14, 9.60827419147e-14, 8.24795757409e-14, 9.27267634963e-14, 1.00285238284e-13, 8.07990013871e-14, 1.1543289111e-13, 9.70496266358e-14, 9.94724525731e-14, 9.616900375e-14, 9.4378132154e-14, 9.75674686985e-14, 9.2712025123e-14, 8.7464378188e-14, 7.34611685176e-14, 5.65998223496e-14, 2.40624408148e-14, 4.2283681439e-15, 1.35417764551e-16],
        "stdev": [1.77641697974e-06, 4.23268920713e-06, 9.93176217889e-06, 3.06127440126e-05, 6.09098970017e-05, 9.26515422179e-05, 0.000279205094557, 0.000475148466649, 0.00100217817817, 0.000827894720715, 0.000626137014478, 0.000722644035704, 0.000754741369747, 0.000536324863788, 0.000622488034423, 0.00103952363133, 0.00133556255605, 0.00220379629172, 0.00250619230792, 0.000989486346953, 0.00212089973502, 0.00337171764113, 0.00487352441996, 0.00455876300111, 0.00204281997867, 0.00041142309783, 0.000531434372533, 0.00102826394141, 0.000586966285482, 0.000771062448621, 0.000559169391636, 0.000249990582233, 5.26132134837e-05, 0.00025031727273, 0.000129334497615, 0.000374059949536, 0.000324013410136, 0.000143394689076, 0.000106481420517, 0.000168583253981, 0.000193101164768, 7.93949220679e-05, 8.66167392815e-05, 0.000221727765165, 8.58063722262e-05, 7.09545056452e-05, 9.4621507742e-05, 6.24230669928e-05, 3.44448417309e-05, 3.56419623131e-05, 3.57468779839e-05, 6.26299006399e-05, 5.18164124514e-05, 4.90389102197e-05, 6.28290508757e-05, 2.49627391895e-05, 1.71921692527e-05, 5.72369935981e-05, 6.45485852147e-05, 3.69684166799e-05, 3.056443893e-05, 1.41886739584e-05, 3.12856718665e-05, 5.11620528414e-05, 1.50466776176e-05, 1.54236240633e-05, 3.39005237038e-05, 1.79435428436e-05, 2.79297250927e-06, 8.2923897935e-06, 1.017671093e-05, 2.82634550786e-06, 3.18771321872e-06, 1.98240172722e-06, 1.5198301071e-06, 4.36921482105e-06, 2.75432239505e-06, 1.30924593122e-06, 2.85658234134e-06, 6.49495495963e-06, 1.94115887098e-06, 2.27545979214e-06, 7.96843949047e-07, 7.57276268359e-07, 1.17982779102e-06, 1.70662360688e-06, 2.13237808566e-06, 5.05084472024e-07, 4.52497260994e-07, 3.4259588233e-07, 2.28692471183e-07, 1.48461452909e-07, 1.57898114139e-07, 1.14453172273e-07, 1.16349077928e-07, 5.51945298355e-08, 2.19124789425e-08, 1.5609331605e-09, 4.79062567393e-10, 3.62310764723e-10, 2.95938246131e-10, 2.84073847778e-10, 2.92668334012e-10, 2.56087623329e-10, 7.71511812769e-11, 3.41999310816e-11, 3.2509977349e-11, 3.10013993643e-11, 2.96397247024e-11, 2.82267074297e-11, 2.73931519829e-11, 2.60351462611e-11, 2.52058408867e-11, 2.42640837977e-11, 2.35008557753e-11, 2.26312007329e-11, 2.2032781849e-11, 2.13366962987e-11, 2.08313834932e-11, 2.03101997026e-11, 1.98269317631e-11, 1.94492460331e-11, 1.89758608132e-11, 1.85521147056e-11, 1.81953029033e-11, 1.8098212165e-11, 1.7920940773e-11, 1.78400870465e-11]
    },
    "mfcc": {
        "mean": [-755.117980957, 151.966094971, -40.1297645569, 29.0437335968, -18.4847755432, -3.49749612808, -30.656627655, 1.69453632832, -21.1815757751, 0.45496070385, -5.03963661194, -4.07864665985, -7.76760816574],
        "cov": [[8274.12402344, 283.255950928, -2449.23583984, -361.985778809, -1302.09741211, 8.88132572174, -364.915771484, 604.716125488, -435.758270264, 200.900970459, -33.82837677, -33.3213119507, -256.029724121], [283.255950928, 783.702575684, -135.988388062, -148.611053467, 92.81690979, -293.669372559, -74.2974472046, 19.2504425049, 1.8366560936, 11.5856933594, 65.2278671265, -56.8083076477, 29.4942016602], [-2449.23583984, -135.988388062, 1106.82128906, 133.813858032, 265.505706787, 80.7431640625, 124.533500671, -157.711151123, 122.835075378, -67.8137435913, -45.6320800781, 46.7771492004, 62.8145828247], [-361.985778809, -148.611053467, 133.813858032, 277.833831787, 203.358215332, 15.183131218, -53.5075912476, -46.0086212158, 17.5932331085, -29.3605594635, -52.9901275635, -84.6915130615, -34.3684463501], [-1302.09741211, 92.81690979, 265.505706787, 203.358215332, 590.191101074, -64.9255905151, -129.091156006, -190.604751587, 42.5259666443, -9.80560588837, 27.8949966431, -99.0880432129, 9.79246044159], [8.88132572174, -293.669372559, 80.7431640625, 15.183131218, -64.9255905151, 286.547088623, 95.2492218018, -53.8493843079, 4.62281227112, 15.461523056, -34.2701301575, 60.1397857666, -11.47240448], [-364.915771484, -74.2974472046, 124.533500671, -53.5075912476, -129.091156006, 95.2492218018, 268.225250244, 50.6714439392, 43.2179107666, -28.3549842834, -16.4806289673, 69.3045654297, 24.0006484985], [604.716125488, 19.2504425049, -157.711151123, -46.0086212158, -190.604751587, -53.8493843079, 50.6714439392, 192.911773682, 2.01530694962, -19.9315414429, -20.6331729889, 7.87832784653, -12.3855323792], [-435.758270264, 1.8366560936, 122.835075378, 17.5932331085, 42.5259666443, 4.62281227112, 43.2179107666, 2.01530694962, 115.515846252, 6.75708770752, -15.4300527573, 8.49653816223, 17.5320262909], [200.900970459, 11.5856933594, -67.8137435913, -29.3605594635, -9.80560588837, 15.461523056, -28.3549842834, -19.9315414429, 6.75708770752, 122.476287842, 44.6571464539, -13.5514202118, -14.8259916306], [-33.82837677, 65.2278671265, -45.6320800781, -52.9901275635, 27.8949966431, -34.2701301575, -16.4806289673, -20.6331729889, -15.4300527573, 44.6571464539, 134.448638916, 34.0155029297, -9.8924407959], [-33.3213119507, -56.8083076477, 46.7771492004, -84.6915130615, -99.0880432129, 60.1397857666, 69.3045654297, 7.87832784653, 8.49653816223, -13.5514202118, 34.0155029297, 161.575012207, 44.7463302612], [-256.029724121, 29.4942016602, 62.8145828247, -34.3684463501, 9.79246044159, -11.47240448, 24.0006484985, -12.3855323792, 17.5320262909, -14.8259916306, -9.8924407959, 44.7463302612, 116.54586792]],
        "icov": [[0.00205633183941, -0.00217324821278, 0.00279795611277, -0.00220756302588, 0.00316124805249, -0.00338821928017, 0.00340721616521, -0.00311853992753, 0.00313484109938, -0.00191584473941, 0.00151149672456, -0.00140024197754, 0.0012267564889], [-0.00217324821278, 0.00503240665421, -0.0027554766275, 0.00436719274148, -0.00411252770573, 0.00617151428014, -0.00402944581583, 0.00374272488989, -0.00357208098285, 0.00196527666412, -0.00138637819327, 0.00212249881588, -0.00123944424558], [0.00279795611277, -0.0027554766275, 0.00528895482421, -0.00330371782184, 0.00392416957766, -0.00424937717617, 0.0038019628264, -0.00305927707814, 0.00322590908036, -0.002106502885, 0.00243352516554, -0.00243643345311, 0.00155177048873], [-0.00220756302588, 0.00436719274148, -0.00330371782184, 0.0106049468741, -0.00627546198666, 0.00414457684383, -0.00313079217449, 0.00235589942895, -0.00368008762598, 0.00307696522214, 0.000360443926184, 0.00371587183326, 0.000332415715093], [0.00316124805249, -0.00411252770573, 0.00392416957766, -0.00627546198666, 0.00974743254483, -0.00501204933971, 0.00618837215006, -0.00131112884264, 0.00309836189263, -0.0016154354671, -1.94293133973e-05, -0.000484262825921, 0.00080643320689], [-0.00338821928017, 0.00617151428014, -0.00424937717617, 0.00414457684383, -0.00501204933971, 0.0143667627126, -0.00836762413383, 0.00899165961891, -0.00470640417188, 0.000945694511756, 0.000591588206589, -0.000186555829714, -2.84276757156e-05], [0.00340721616521, -0.00402944581583, 0.0038019628264, -0.00313079217449, 0.00618837215006, -0.00836762413383, 0.0120433149859, -0.00716576771811, 0.00327051547356, -0.00145660084672, 0.00136103411205, -0.00229382095858, 0.00126601720694], [-0.00311853992753, 0.00374272488989, -0.00305927707814, 0.00235589942895, -0.00131112884264, 0.00899165961891, -0.00716576771811, 0.0159909948707, -0.00691182073206, 0.00439161900431, -0.00140961492434, 0.00213840114884, -0.000626348948572], [0.00313484109938, -0.00357208098285, 0.00322590908036, -0.00368008762598, 0.00309836189263, -0.00470640417188, 0.00327051547356, -0.00691182073206, 0.0166761875153, -0.00629882793874, 0.00468941312283, -0.00364499492571, 0.00132270588074], [-0.00191584473941, 0.00196527666412, -0.002106502885, 0.00307696522214, -0.0016154354671, 0.000945694511756, -0.00145660084672, 0.00439161900431, -0.00629882793874, 0.0139235956594, -0.00653824117035, 0.00483918562531, -0.00136203959119], [0.00151149672456, -0.00138637819327, 0.00243352516554, 0.000360443926184, -1.94293133973e-05, 0.000591588206589, 0.00136103411205, -0.00140961492434, 0.00468941312283, -0.00653824117035, 0.0142012154683, -0.00639124587178, 0.00421788077801], [-0.00140024197754, 0.00212249881588, -0.00243643345311, 0.00371587183326, -0.000484262825921, -0.000186555829714, -0.00229382095858, 0.00213840114884, -0.00364499492571, 0.00483918562531, -0.00639124587178, 0.0132668828592, -0.00495454575866], [0.0012267564889, -0.00123944424558, 0.00155177048873, 0.000332415715093, 0.00080643320689, -2.84276757156e-05, 0.00126601720694, -0.000626348948572, 0.00132270588074, -0.00136203959119, 0.00421788077801, -0.00495454575866, 0.0123407803476]]
    },
    "spectral_contrast_coeffs": {
        "max": [-0.343953371048, -0.347661435604, -0.491451561451, -0.574747860432, -0.554917633533, -0.5389944911],
        "mean": [-0.646531581879, -0.729930698872, -0.75890225172, -0.774425625801, -0.753698945045, -0.710868537426],
        "min": [-0.918013989925, -0.934372901917, -0.936627686024, -0.920582652092, -0.907676756382, -0.87502014637],
        "stdev": [0.0869338288903, 0.0874259546399, 0.078509233892, 0.0610560625792, 0.0691268593073, 0.0744366943836]
    },
    "spectral_contrast_valleys": {
        "max": [-6.02706098557, -4.34514188766, -5.59765291214, -5.47457361221, -5.89419746399, -10.7784748077],
        "mean": [-8.42055511475, -7.23400115967, -8.33183574677, -8.40824222565, -8.71352863312, -12.5065736771],
        "min": [-10.4475345612, -9.92596817017, -11.0050497055, -11.1588077545, -10.8019008636, -13.1996908188],
        "stdev": [0.682118535042, 0.972905158997, 1.13940107822, 1.06666243076, 0.910268902779, 0.326141357422]
    }
},
"rhythm": {
    "beats_count": 106,
    "beats_loudness": {
        "max": 0.180767059326,
        "mean": 0.0146425804123,
        "min": 8.052339399e-05,
        "stdev": 0.0240792091936
    },
    "bpm": 151.876235962,
    "bpm_histogram_first_peak_bpm": 152,
    "bpm_histogram_first_peak_weight": 0.424242436886,
    "bpm_histogram_second_peak_bpm": 157,
    "bpm_histogram_second_peak_spread": 0,
    "bpm_histogram_second_peak_weight": 0.114285714924,
    "danceability": 0.949566602707,
    "onset_rate": 2.4814453125,
    "beats_loudness_band_ratio": {
        "max": [0.564894855022, 0.832378923893, 0.875734508038, 0.934115827084, 0.321516633034, 0.185863807797],
        "mean": [0.109472431242, 0.336478859186, 0.352289438248, 0.184131458402, 0.0925403833389, 0.0266734678298],
        "min": [0.000778850808274, 0.0271960739046, 0.0194923728704, 0.00221653119661, 0.0031672201585, 0.00134134606924],
        "stdev": [0.127756863832, 0.23785802722, 0.250153362751, 0.20080769062, 0.0779114887118, 0.0307894703001]
    },
