{
"metadata": {
    "version": {
        "essentia": "2.1-beta5",
        "essentia_git_sha": "Undefined",
        "extractor": "music 2.0"
    },
    "audio_properties": {
        "analysis": {
            "equal_loudness": 0,
            "length": 20.8863487244,
            "sample_rate": 44100,
            "start_time": 207.737319946,
            "downmix": "mix"
        },
        "bit_rate": 192000,
        "length": 228.646896362,
        "lossless": 0,
        "number_channels": 2,
        "replay_gain": -6.7344455719,
        "sample_rate": 48000,
        "codec": "mp3",
        "md5_encoded": "1b56279e1ec2d87442366d6966f42441"
    },
    "tags": {
        "file_name": "Belgium_September, Gouden Roos_Bob Benny.mp3",
        "encoding": ["Lavf58.29.100"]
    }
},
"lowlevel": {
    "average_loudness": 0.94055044651,
    "barkbands_crest": {
        "max": 26.6606616974,
        "mean": 10.9348154068,
        "min": 3.38384532928,
        "stdev": 4.56503725052
    },
    "barkbands_flatness_db": {
        "max": 0.382640689611,
        "mean": 0.203711912036,
        "min": 0.0673571974039,
        "stdev": 0.0404073633254
    },
    "barkbands_kurtosis": {
        "max": 440.712677002,
        "mean": 1.45823085308,
        "min": -1.91605365276,
        "stdev": 14.9311132431
    },
    "barkbands_skewness": {
        "max": 20.5914363861,
        "mean": 0.868853509426,
        "min": -0.942632734776,
        "stdev": 0.974051475525
    },
    "barkbands_spread": {
        "max": 73.926864624,
        "mean": 15.1265802383,
        "min": 1.18845844269,
        "stdev": 6.86106777191
    },
    "dissonance": {
        "max": 0.499999880791,
        "mean": 0.460230141878,
        "min": 0.345217108727,
        "stdev": 0.029395326972
    },
    "dynamic_complexity": 4.40973567963,
    "erbbands_crest": {
        "max": 25.1928424835,
        "mean": 11.0458726883,
        "min": 2.0761692524,
        "stdev": 4.16736364365
    },
    "erbbands_flatness_db": {
        "max": 0.355348110199,
        "mean": 0.276658296585,
        "min": 0.0268638860434,
        "stdev": 0.0353895351291
    },
    "erbbands_kurtosis": {
        "max": 7.08339881897,
        "mean": 0.0393965728581,
        "min": -1.78792393208,
        "stdev": 1.31402802467
    },
    "erbbands_skewness": {
        "max": 2.11220049858,
        "mean": 0.501451253891,
        "min": -1.26133155823,
        "stdev": 0.521243810654
    },
    "erbbands_spread": {
        "max": 119.269088745,
        "mean": 23.5170288086,
        "min": 6.31723117828,
        "stdev": 10.0706853867
    },
    "hfc": {
        "max": 69.1916809082,
        "mean": 22.9484081268,
        "min": 1.40023828976e-07,
        "stdev": 16.0979995728
    },
    "loudness_ebu128": {
        "integrated": -17.0944099426,
        "loudness_range": 7.72391033173,
        "momentary": {
            "max": -14.4055366516,
            "mean": -19.4189472198,
            "min": -32.5988235474,
            "stdev": 5.11620092392
        },
        "short_term": {
            "max": -15.6109275818,
            "mean": -18.1725463867,
            "min": -28.5279159546,
            "stdev": 3.32506036758
        }
    },
    "melbands_crest": {
        "max": 39.2936820984,
        "mean": 13.9854850769,
        "min": 3.55115032196,
        "stdev": 6.26166772842
    },
    "melbands_flatness_db": {
        "max": 0.377707958221,
        "mean": 0.182954996824,
        "min": 0.073199801147,
        "stdev": 0.0446559637785
    },
    "melbands_kurtosis": {
        "max": 628.070007324,
        "mean": 4.47475385666,
        "min": -1.54425013065,
        "stdev": 21.377035141
    },
    "melbands_skewness": {
        "max": 23.2284622192,
        "mean": 1.37095046043,
        "min": -0.963727653027,
        "stdev": 1.16491246223
    },
    "melbands_spread": {
        "max": 89.5765304565,
        "mean": 23.2619037628,
        "min": 1.20917224884,
        "stdev": 9.6066608429
    },
    "pitch_salience": {
        "max": 0.878604531288,
        "mean": 0.638362824917,
        "min": 0.0348145700991,
        "stdev": 0.115212790668
    },
    "silence_rate_20dB": {
        "max": 1,
        "mean": 1,
        "min": 1,
        "stdev": 0
    },
    "silence_rate_30dB": {
        "max": 1,
        "mean": 1,
        "min": 1,
        "stdev": 0
    },
    "silence_rate_60dB": {
        "max": 1,
        "mean": 0.254162043333,
        "min": 0,
        "stdev": 0.435388952494
    },
    "spectral_centroid": {
        "max": 4182.73828125,
        "mean": 1772.48742676,
        "min": 287.804351807,
        "stdev": 346.462249756
    },
    "spectral_complexity": {
        "max": 51,
        "mean": 17.4583797455,
        "min": 0,
        "stdev": 8.72083473206
    },
    "spectral_decrease": {
        "max": -2.46489446387e-16,
        "mean": -4.79470463333e-09,
        "min": -1.28897310603e-08,
        "stdev": 3.41792816272e-09
    },
    "spectral_energy": {
        "max": 0.0540976673365,
        "mean": 0.0201778318733,
        "min": 9.43007782972e-10,
        "stdev": 0.0143128726631
    },
    "spectral_energyband_high": {
        "max": 0.00260640727356,
        "mean": 0.000255330727668,
        "min": 5.88968457338e-12,
        "stdev": 0.000312540243613
    },
    "spectral_energyband_low": {
        "max": 0.00617632130161,
        "mean": 0.000372059468646,
        "min": 5.88457560458e-10,
        "stdev": 0.000836535415146
    },
    "spectral_energyband_middle_high": {
        "max": 0.044097520411,
        "mean": 0.00793924741447,
        "min": 1.7229821736e-11,
        "stdev": 0.00671097496524
    },
    "spectral_energyband_middle_low": {
        "max": 0.0450008176267,
        "mean": 0.0119636999443,
        "min": 9.54421680577e-11,
        "stdev": 0.00950512848794
    },
    "spectral_entropy": {
        "max": 8.94263362885,
        "mean": 7.38834476471,
        "min": 6.59241676331,
        "stdev": 0.318642705679
    },
    "spectral_flux": {
        "max": 0.200037240982,
        "mean": 0.0718593224883,
        "min": 0.000264194357442,
        "stdev": 0.0409052930772
    },
    "spectral_kurtosis": {
        "max": 21.6478939056,
        "mean": 4.31418418884,
        "min": -1.42524552345,
        "stdev": 2.91158723831
    },
    "spectral_rms": {
        "max": 0.00726486137137,
        "mean": 0.00398339424282,
        "min": 9.59170279202e-07,
        "stdev": 0.00195403117687
    },
    "spectral_rolloff": {
        "max": 7299.75585938,
        "mean": 2097.8503418,
        "min": 21.533203125,
        "stdev": 753.759643555
    },
    "spectral_skewness": {
        "max": 2.66418170929,
        "mean": 1.16664004326,
        "min": 0.0414971671999,
        "stdev": 0.33234539628
    },
    "spectral_spread": {
        "max": 12528360,
        "mean": 2717575,
        "min": 1835473.625,
        "stdev": 662302.5
    },
    "spectral_strongpeak": {
        "max": 8.16632843018,
        "mean": 2.2219119072,
        "min": 0,
        "stdev": 1.4917485714
    },
    "zerocrossingrate": {
        "max": 0.18115234375,
        "mean": 0.0680022388697,
        "min": 0.00048828125,
        "stdev": 0.0173599217087
    },
    "barkbands": {
        "max": [2.05497126444e-05, 0.000458001712104, 0.0040823277086, 0.0108807068318, 0.0141850048676, 0.00561123620719, 0.00853865593672, 0.0287228226662, 0.0345004051924, 0.0257503669709, 0.0140257552266, 0.0377598330379, 0.00680348742753, 0.00605231383815, 0.00518337870017, 0.00102329440415, 0.00287237204611, 0.00628845579922, 0.00352378352545, 0.00159231666476, 0.00101346825249, 0.000754950102419, 0.00082477950491, 0.000157044123625, 3.10335508402e-07, 1.37709903925e-07, 1.17050397819e-07],
        "mean": [9.42942335769e-07, 1.85294920811e-05, 0.000213127234019, 0.000309600756736, 0.000588294467889, 0.000955850817263, 0.000350747257471, 0.00120112928562, 0.00808101519942, 0.00133511982858, 0.00120652012993, 0.00144146510866, 0.000580841093324, 0.000256270985119, 0.000641521881334, 0.000175497538294, 0.000260100146988, 0.00134343246464, 0.000910274800844, 0.000100836470665, 6.60818841425e-05, 6.55549010844e-05, 6.78333017277e-05, 7.1916010711e-06, 5.02505344002e-08, 8.65358174007e-10, 8.86025031122e-10],
        "min": [4.7536352632e-10, 2.96565577651e-10, 5.23484519621e-11, 2.62662773476e-11, 3.30454066888e-11, 1.52439727508e-11, 8.40855943901e-12, 5.262557317e-12, 5.49295678387e-12, 3.49964154878e-12, 2.93041133893e-12, 2.19308707479e-12, 1.6992334189e-12, 1.65692568173e-12, 1.25300540343e-12, 1.16596738774e-12, 9.80238351427e-13, 1.02563465533e-12, 8.39017440593e-13, 9.00107137262e-13, 9.38422083097e-13, 1.09734248598e-12, 4.56028552594e-13, 4.90033306901e-13, 6.91764299923e-13, 1.02266470032e-12, 7.98919361656e-13],
        "stdev": [1.43988586387e-06, 3.93511945731e-05, 0.000561051303521, 0.000743064563721, 0.000992689980194, 0.00101170013659, 0.000699307769537, 0.00302183511667, 0.00835883617401, 0.00317721627653, 0.00193691265304, 0.00378212146461, 0.000619718048256, 0.000348820816725, 0.000865014793817, 0.000147967701196, 0.000302899105009, 0.001200627652, 0.00084124103887, 0.000135942769703, 9.29941452341e-05, 8.33391968627e-05, 9.63205748121e-05, 1.58871262101e-05, 2.1268105499e-08, 5.425250027e-09, 4.97148899825e-09]
    },
    "erbbands": {
        "max": [0.0076971873641, 0.139295682311, 2.52664279938, 16.3909378052, 60.3147277832, 24.5313301086, 41.3942222595, 69.4515304565, 41.9135627747, 271.910980225, 822.943725586, 1030.62182617, 949.185852051, 670.460021973, 713.898010254, 1089.84887695, 243.756469727, 276.406921387, 273.406097412, 126.042800903, 53.9586830139, 110.145500183, 342.490722656, 250.838775635, 116.656219482, 60.4865493774, 28.5669174194, 57.3823814392, 33.7993125916, 29.0253829956, 21.0453529358, 6.67744922638, 0.761962354183, 0.0256519857794, 0.00245910207741, 0.000525501731317, 0.00028426659992, 9.03286054381e-05, 3.26366680383e-05, 6.75131886965e-05],
        "mean": [0.000348353467416, 0.0074241370894, 0.150493010879, 0.749647676945, 1.59922027588, 1.6672873497, 4.25114870071, 9.76418781281, 4.74358463287, 10.6989479065, 42.3150291443, 186.949203491, 96.9099960327, 47.6065864563, 72.6394577026, 40.1104431152, 24.6995296478, 19.7636566162, 34.3741188049, 15.0575904846, 9.20916843414, 17.2941646576, 75.4461212158, 67.1732711792, 22.8180370331, 5.11391973495, 3.21951079369, 2.60142230988, 2.43122720718, 2.10382246971, 1.97597503662, 0.401977568865, 0.0395440906286, 0.00224790745415, 0.000312017160468, 4.4094693294e-05, 1.71572137333e-05, 6.31842158327e-06, 1.25108354041e-05, 2.50892662734e-05],
        "min": [1.58620068191e-08, 4.25495159107e-08, 6.34642205455e-08, 8.23269274974e-08, 9.20760925283e-08, 1.09474306953e-07, 1.19948694532e-07, 1.22504090427e-07, 1.22971982819e-07, 1.20625315958e-07, 1.22823820448e-07, 1.23371520999e-07, 1.15722244232e-07, 1.12698003818e-07, 1.16756694979e-07, 8.73041443583e-08, 8.15262524156e-08, 7.82356011086e-08, 7.55819868914e-08, 6.64126815764e-08, 6.11953012708e-08, 5.90482223117e-08, 5.68893057107e-08, 4.94118310712e-08, 4.03541555727e-08, 4.48693526778e-08, 3.80941038713e-08, 3.6223184452e-08, 3.57357130554e-08, 2.5660947145e-08, 1.37805553635e-08, 1.04982849081e-08, 7.71840635849e-09, 7.42749906024e-09, 5.17091791608e-09, 3.45371531374e-09, 1.93169169549e-09, 6.42601527545e-10, 1.19504059426e-10, 1.11045591125e-11],
        "stdev": [0.000542525434867, 0.013647810556, 0.364171743393, 1.58344376087, 4.03649330139, 2.36134815216, 6.57007884979, 11.2722625732, 5.75085449219, 22.9444446564, 98.9485244751, 211.838821411, 125.295524597, 107.831787109, 99.4462432861, 93.59815979, 24.9793224335, 20.4194087982, 45.918964386, 14.3558158875, 7.14790248871, 16.3835887909, 66.6728515625, 60.370552063, 20.5464477539, 5.69733572006, 3.56565523148, 4.62687826157, 3.27578163147, 3.06633114815, 2.59497189522, 0.684394478798, 0.0703011080623, 0.00244554481469, 0.000211378282984, 4.10530847148e-05, 1.64149914781e-05, 5.76874708713e-06, 8.71780412126e-06, 1.7659545847e-05]
    },
    "gfcc": {
        "mean": [-78.874961853, 116.181137085, -220.45741272, 25.3455219269, -83.570892334, -8.42267990112, -18.1051006317, -17.5740871429, -1.65151011944, -38.2142066956, 3.47064757347, -13.678812027, -9.50207042694],
        "cov": [[6401.48876953, 928.611083984, -396.927886963, -50.8905525208, -480.806518555, -942.120117188, 449.443115234, 35.7869720459, -85.275970459, -734.513977051, 60.4197044373, -20.9885902405, -395.524169922], [928.611083984, 711.336791992, 280.667297363, 55.6877708435, 94.7858047485, -228.76763916, 24.6857700348, -57.3777008057, -111.814918518, -133.467010498, -54.9974250793, -116.378349304, -116.368888855], [-396.927886963, 280.667297363, 509.680511475, 157.684738159, 39.6684036255, -18.6708507538, -64.181427002, -37.8227157593, -71.8371734619, -9.45616531372, -67.7895431519, -56.8546066284, -24.0526866913], [-50.8905525208, 55.6877708435, 157.684738159, 216.264862061, 47.0480918884, 102.190696716, -61.2979774475, -62.7954292297, -7.91217374802, 15.7217721939, -53.4911842346, -68.3065795898, 10.0496997833], [-480.806518555, 94.7858047485, 39.6684036255, 47.0480918884, 222.559951782, 129.333374023, -38.8280639648, -32.0808982849, -15.0552339554, 77.0028533936, -41.9522209167, -71.7680892944, 1.7817851305], [-942.120117188, -228.76763916, -18.6708507538, 102.190696716, 129.333374023, 348.469360352, -88.6853637695, -54.668422699, 44.2102775574, 160.949829102, -23.9570064545, -40.8598060608, 89.9435043335], [449.443115234, 24.6857700348, -64.181427002, -61.2979774475, -38.8280639648, -88.6853637695, 131.211975098, 76.4805145264, 6.54940080643, -65.3211364746, 34.9439697266, 53.2344398499, -37.5665435791], [35.7869720459, -57.3777008057, -37.8227157593, -62.7954292297, -32.0808982849, -54.668422699, 76.4805145264, 104.031105042, 34.1134414673, -19.5314674377, 38.725063324, 62.9207954407, -13.3846330643], [-85.275970459, -111.814918518, -71.8371734619, -7.91217374802, -15.0552339554, 44.2102775574, 6.54940080643, 34.1134414673, 72.043762207, 37.9972000122, 19.4911155701, 23.4381713867, 12.4052267075], [-734.513977051, -133.467010498, -9.45616531372, 15.7217721939, 77.0028533936, 160.949829102, -65.3211364746, -19.5314674377, 37.9972000122, 144.595840454, 0.259016245604, -17.133890152, 64.1713562012], [60.4197044373, -54.9974250793, -67.7895431519, -53.4911842346, -41.9522209167, -23.9570064545, 34.9439697266, 38.725063324, 19.4911155701, 0.259016245604, 57.4995307922, 57.9099769592, 3.95758485794], [-20.9885902405, -116.378349304, -56.8546066284, -68.3065795898, -71.7680892944, -40.8598060608, 53.2344398499, 62.9207954407, 23.4381713867, -17.133890152, 57.9099769592, 111.724182129, 20.8359661102], [-395.524169922, -116.368888855, -24.0526866913, 10.0496997833, 1.7817851305, 89.9435043335, -37.5665435791, -13.3846330643, 12.4052267075, 64.1713562012, 3.95758485794, 20.8359661102, 84.6041488647]],
        "icov": [[0.00134286750108, -0.00146229146048, 0.0019525809912, -0.00188857980538, 0.00187310925685, 0.00100780976936, -0.00281963218004, 0.00226466474123, -0.00194493751042, 0.00320602720603, -0.00145944370888, 0.00176557223313, 0.00052835472161], [-0.00146229146048, 0.00936827994883, -0.00722868880257, 0.00356735661626, -0.00985225010663, 0.00511648878455, -0.00149640836753, 0.0053623332642, -0.00320175173692, 0.00467249844223, -0.00999687798321, 0.0089651979506, -0.00629230495542], [0.0019525809912, -0.00722868880257, 0.0106182545424, -0.00765889463946, 0.00884561240673, -0.00143595284317, 0.0011178572895, -0.00557979661971, 0.0071411379613, -0.00512481480837, 0.0103047499433, -0.00786004029214, 0.00836174469441], [-0.00188857980538, 0.00356735661626, -0.00765889463946, 0.0140727739781, -0.0047354483977, -0.00409593945369, 0.00243684626184, 0.00260803801939, -0.00526700960472, 0.00454594753683, -0.00115074589849, 0.00432385737076, -0.00550942635164], [0.00187310925685, -0.00985225010663, 0.00884561240673, -0.0047354483977, 0.0203227382153, -0.00763387652114, -0.000346492015524, -0.00823956914246, 0.0101180206984, -0.0112359793857, 0.015114008449, -0.00727263838053, 0.0126359174028], [0.00100780976936, 0.00511648878455, -0.00143595284317, -0.00409593945369, -0.00763387652114, 0.0151376705617, -0.00682493904606, 0.0104718906805, -0.00817954726517, 0.00234426511452, -0.00911474600434, 0.00851184222847, -0.00772737665102], [-0.00281963218004, -0.00149640836753, 0.0011178572895, 0.00243684626184, -0.000346492015524, -0.00682493904606, 0.0292844530195, -0.0223874114454, 0.0114717427641, -0.00533753400669, 0.0075141848065, -0.0124430302531, 0.0065919496119], [0.00226466474123, 0.0053623332642, -0.00557979661971, 0.00260803801939, -0.00823956914246, 0.0104718906805, -0.0223874114454, 0.0426667556167, -0.0249695628881, 0.0144606474787, -0.0165711194277, 0.00717679504305, -0.00638239458203], [-0.00194493751042, -0.00320175173692, 0.0071411379613, -0.00526700960472, 0.0101180206984, -0.00817954726517, 0.0114717427641, -0.0249695628881, 0.0429056733847, -0.0263825189322, 0.0167640596628, -0.0158317014575, 0.0156201161444], [0.00320602720603, 0.00467249844223, -0.00512481480837, 0.00454594753683, -0.0112359793857, 0.00234426511452, -0.00533753400669, 0.0144606474787, -0.0263825189322, 0.0495406389236, -0.0317446961999, 0.0273462235928, -0.0218773111701], [-0.00145944370888, -0.00999687798321, 0.0103047499433, -0.00115074589849, 0.015114008449, -0.00911474600434, 0.0075141848065, -0.0165711194277, 0.0167640596628, -0.0317446961999, 0.0705140605569, -0.0429605618119, 0.0214813835919], [0.00176557223313, 0.0089651979506, -0.00786004029214, 0.00432385737076, -0.00727263838053, 0.00851184222847, -0.0124430302531, 0.00717679504305, -0.0158317014575, 0.0273462235928, -0.0429605618119, 0.0519745908678, -0.0246594361961], [0.00052835472161, -0.00629230495542, 0.00836174469441, -0.00550942635164, 0.0126359174028, -0.00772737665102, 0.0065919496119, -0.00638239458203, 0.0156201161444, -0.0218773111701, 0.0214813835919, -0.0246594361961, 0.0379044897854]]
    },
    "melbands": {
        "max": [0.000101951685792, 0.00105961819645, 0.0039743562229, 0.00340498541482, 0.00113560864702, 0.00134140823502, 0.000848401512485, 0.00305550033227, 0.00821759458631, 0.00654942775145, 0.00460876151919, 0.00297451158985, 0.00147528853267, 0.00571280298755, 0.000390156346839, 0.000870670075528, 0.000611230090726, 0.000383486360079, 0.000305790134007, 8.39219865156e-05, 7.37582304282e-05, 9.25250060391e-05, 0.000349886948243, 0.000412890163716, 0.000217384542339, 0.000105814840936, 7.76426386437e-05, 2.84662910417e-05, 2.10053349292e-05, 2.16381849896e-05, 3.66900894733e-05, 1.90720675164e-05, 1.26617487695e-05, 2.16810476559e-05, 1.4847397324e-05, 5.89125920669e-06, 3.43420833815e-06, 6.84757822e-07, 2.27269811859e-08, 3.29703331303e-09],
        "mean": [3.93653954234e-06, 6.30773065495e-05, 0.000157136732014, 0.000113164795039, 0.000135999493068, 0.000198673296836, 7.4119954661e-05, 0.000125496517285, 0.00038995873183, 0.00129968114197, 0.000462746625999, 0.000178117261385, 0.000197268993361, 0.000203418254387, 4.26544793299e-05, 6.2489460106e-05, 3.13605742122e-05, 4.87707038701e-05, 3.93646550947e-05, 1.39783187478e-05, 9.16917360883e-06, 1.23907111629e-05, 4.51999985671e-05, 7.29822349967e-05, 5.5052103562e-05, 2.2074647859e-05, 6.31279135632e-06, 2.70410123449e-06, 2.23590632231e-06, 1.55385555445e-06, 1.47521029703e-06, 1.40922963965e-06, 1.14321460387e-06, 1.20325637454e-06, 1.35347283958e-06, 5.1355090136e-07, 1.38183409604e-07, 2.70387694457e-08, 1.57421875535e-09, 6.86745937895e-10],
        "min": [1.34772387694e-10, 3.63507210444e-11, 1.45677150898e-11, 7.47261801048e-12, 4.3214286316e-12, 2.78836741023e-12, 1.86002255265e-12, 1.29102967466e-12, 9.91105851902e-13, 7.64095709448e-13, 5.70422019081e-13, 4.51515425525e-13, 4.0521741778e-13, 2.64582816377e-13, 2.007036437e-13, 1.61787128291e-13, 1.45282034016e-13, 1.28869910077e-13, 9.35895783614e-14, 8.72928845094e-14, 6.43362587597e-14, 5.82656888232e-14, 6.75958244998e-14, 3.8956864671e-14, 4.0747634623e-14, 2.76810129993e-14, 3.28500146193e-14, 2.80330009287e-14, 2.30183795337e-14, 2.07043702251e-14, 2.2313273733e-14, 1.9694732363e-14, 2.21222949085e-14, 1.07174375779e-14, 9.75421119201e-15, 4.99479785941e-15, 6.0939933621e-15, 4.48612450492e-15, 6.64861317178e-15, 6.35351748087e-15],
        "stdev": [7.68844984123e-06, 0.00014845993428, 0.000333719945047, 0.000218853514525, 0.000186739605851, 0.000220715606702, 0.000102108693682, 0.000275878119282, 0.000959241238888, 0.00143060577102, 0.00063982733991, 0.000453741697129, 0.000243800444878, 0.000526824209373, 5.83582732361e-05, 7.04747653799e-05, 3.79903904104e-05, 6.29126807326e-05, 5.09203200636e-05, 1.2027199773e-05, 7.98044584371e-06, 1.2880263057e-05, 4.40100448031e-05, 7.19599775039e-05, 5.20269713888e-05, 2.14953761315e-05, 7.54829943617e-06, 3.22195342051e-06, 2.50588209383e-06, 2.15827435568e-06, 2.9215966606e-06, 1.86555109849e-06, 1.47018238295e-06, 2.01902662411e-06, 1.78510936166e-06, 7.47587705519e-07, 2.86562539031e-07, 5.13882554287e-08, 1.55808110858e-09, 2.90007129422e-10]
    },
    "melbands128": {
        "max": [1.04756836663e-05, 3.41461636708e-05, 0.00014879880473, 0.000267886556685, 0.000531555444468, 0.00264197727665, 0.00245731370524, 0.006743313279, 0.00795940216631, 0.00370764033869, 0.00111277750693, 0.0016243448481, 0.00208718981594, 0.00264495960437, 0.00226336671039, 0.00146847753786, 0.00100726285018, 0.00111756194383, 0.00271686958149, 0.00398982781917, 0.00339928898029, 0.00499011389911, 0.0139802023768, 0.0111066251993, 0.0122370105237, 0.0125025259331, 0.0118360035121, 0.00595029303804, 0.00793533213437, 0.00613823486492, 0.0054404004477, 0.00464942213148, 0.00242722011171, 0.00371275818907, 0.010722710751, 0.00744960969314, 0.00112424581312, 0.000675851944834, 0.000848801224492, 0.000704372010659, 0.00170961895492, 0.000566884409636, 0.000393944006646, 0.00135984423105, 0.000312119664159, 0.000471686944366, 0.00139732728712, 0.000503726419993, 0.000356769829523, 0.000182157658855, 0.0001058759226, 0.00013242836576, 0.000147742888657, 0.000100175428088, 0.000124774989672, 0.000147359169205, 0.000274194462691, 0.000620796869043, 0.000764647033066, 0.000798124994617, 0.000897709629498, 0.000421943870606, 0.00057118863333, 0.000475138716865, 0.000384508108255, 0.000189995116671, 0.000166901983903, 0.000166873025591, 9.34811760089e-05, 7.16959184501e-05, 1.98508732865e-05, 4.53330030723e-05, 4.9838970881e-05, 1.67853431776e-05, 1.43865008795e-05, 1.79111393663e-05, 3.15342949762e-05, 4.84436204715e-05, 4.59761831735e-05, 2.59057815128e-05, 1.85285989573e-05, 2.19571884372e-05, 2.79464693449e-05, 9.72946054389e-06, 1.40982838275e-05, 2.67004506895e-05, 2.90371444862e-05, 3.48349021806e-05, 1.55845355039e-05, 1.52413031174e-05, 7.19025683793e-06, 1.07376299638e-05, 5.355583653e-06, 4.83324720335e-06, 1.44958585224e-06, 1.34150525355e-06, 5.15776719112e-07, 4.30888320579e-08, 1.28521859821e-08, 3.94536936454e-09, 3.38199890315e-09, 2.95818014528e-09, 3.12980441564e-09, 1.00232817601e-08, 1.48959111712e-09, 1.17903231622e-09, 9.84027748174e-10, 8.61635263139e-10, 8.87473428079e-10, 7.79259934358e-10, 8.98147500816e-10, 1.03334407697e-09, 1.01604646918e-09, 8.4878304385e-10, 6.52510157018e-10, 6.30374030752e-10, 5.8725702079e-10, 8.51938297686e-10, 8.41733571733e-10, 6.51870946111e-10, 9.95670323967e-10, 9.53025547368e-10, 3.69478836415e-10, 3.59896196178e-10, 3.5578176516e-10, 3.53685442045e-10, 3.48412299012e-10, 3.46444900545e-10],
        "mean": [5.44297620308e-07, 1.73899309175e-06, 4.50322477263e-06, 9.64850823948e-06, 3.53710493073e-05, 0.000131623673951, 0.000147120459587, 0.000163437842275, 0.000182860894711, 9.42805709201e-05, 7.72541534388e-05, 0.000117486633826, 0.000145905534737, 0.000153063156176, 0.0002912566124, 0.000181016890565, 4.55098161183e-05, 7.00865639374e-05, 7.97212851467e-05, 0.000115684735647, 0.000139834228321, 0.000175381836016, 0.000464501557872, 0.000492928898893, 0.0010396935977, 0.00215136795305, 0.000809415767435, 0.000228290620726, 0.000109541746497, 0.000203526389669, 0.00021727749845, 0.000104035920231, 0.000113885187602, 0.000338921381626, 0.000343312654877, 0.000115818729682, 5.8937810536e-05, 3.13506570819e-05, 4.15523500124e-05, 4.62520947622e-05, 9.43004270084e-05, 4.40729163529e-05, 2.51835717791e-05, 3.04805362248e-05, 1.5717714632e-05, 3.77700162062e-05, 0.000120056218293, 3.17606863973e-05, 1.45191352203e-05, 1.12820425784e-05, 1.50714367919e-05, 1.69252398337e-05, 7.54787652113e-06, 6.58433009448e-06, 1.00026672953e-05, 1.08137219286e-05, 1.35049149321e-05, 3.07633563352e-05, 4.60771843791e-05, 9.53966446104e-05, 9.01271851035e-05, 3.70567759092e-05, 6.60770674585e-05, 6.66637497488e-05, 2.89846720989e-05, 1.99993064598e-05, 1.91870167328e-05, 7.91901584307e-06, 3.64797665497e-06, 2.90804791803e-06, 2.12743248085e-06, 3.17961962537e-06, 2.9391269436e-06, 1.9601961867e-06, 1.48091578467e-06, 1.59918147347e-06, 1.58581804044e-06, 1.46532249801e-06, 1.44743273722e-06, 1.54622193804e-06, 1.23489098769e-06, 1.55489215103e-06, 1.34821311804e-06, 9.89353452496e-07, 1.11182998808e-06, 1.10426719857e-06, 1.20840434192e-06, 1.38373547998e-06, 1.57666659106e-06, 1.24720577332e-06, 6.20011405772e-07, 3.28073127775e-07, 2.52555537372e-07, 1.33675214897e-07, 7.42228252193e-08, 4.03800619608e-08, 1.8251220979e-08, 2.75411382589e-09, 1.09142150873e-09, 8.31776647559e-10, 7.07716218962e-10, 6.98510083108e-10, 6.18511408756e-10, 4.54126430904e-10, 8.81563502753e-11, 7.0433030068e-12, 6.48013110185e-12, 6.06517050125e-12, 5.88206523419e-12, 5.56104988447e-12, 5.50432486049e-12, 5.49026405935e-12, 5.31891327857e-12, 4.97372195513e-12, 4.61197356347e-12, 4.46597663364e-12, 4.3124926373e-12, 4.49989221232e-12, 4.39903712415e-12, 4.10314837662e-12, 4.39871576663e-12, 4.27848208251e-12, 3.47862363914e-12, 3.10186533577e-12, 2.98733585612e-12, 2.86904202652e-12, 2.79454931418e-12, 2.77245956228e-12],
        "min": [2.23394691634e-10, 1.65705144051e-10, 1.05473525747e-10, 5.36740096813e-11, 3.34250127576e-11, 2.46986771313e-11, 1.71998318366e-11, 1.14238930815e-11, 8.38748601822e-12, 7.81360046109e-12, 5.58885316498e-12, 4.6998334044e-12, 4.25606338367e-12, 2.79624544006e-12, 2.72412864835e-12, 2.59190282084e-12, 2.12579910272e-12, 1.62530535905e-12, 1.33959922148e-12, 1.32071014281e-12, 1.1654174804e-12, 8.81730073069e-13, 9.43713206539e-13, 9.27998671831e-13, 6.80964670503e-13, 7.25325940802e-13, 6.39006696949e-13, 5.57725849011e-13, 5.19859058145e-13, 4.30986572385e-13, 4.4228002879e-13, 4.24414897757e-13, 4.33601071714e-13, 3.79375133738e-13, 2.81641219678e-13, 2.42182440552e-13, 2.12238443508e-13, 2.01546570232e-13, 1.89953087981e-13, 1.85792936483e-13, 1.53335514858e-13, 1.2697724545e-13, 1.37002185313e-13, 1.58240215094e-13, 1.62589979999e-13, 1.19302137613e-13, 9.43476254154e-14, 9.47432507881e-14, 9.80466182961e-14, 7.97933835434e-14, 8.34579394525e-14, 9.9091267418e-14, 7.49883011589e-14, 4.05273687873e-14, 5.63280094768e-14, 6.90006726886e-14, 4.518591786e-14, 7.60069836388e-14, 8.12782661812e-14, 4.10850146222e-14, 3.36946724862e-14, 3.71457218825e-14, 4.28267989648e-14, 4.71462739725e-14, 2.97931370872e-14, 2.55129677963e-14, 2.56276272583e-14, 2.90816023064e-14, 3.72518957684e-14, 3.41304878782e-14, 3.34928448636e-14, 2.16564013765e-14, 1.48466122344e-14, 2.9754851198e-14, 2.27903853694e-14, 2.32757200016e-14, 1.6718429687e-14, 1.71568217532e-14, 2.35220863105e-14, 3.06378085066e-14, 1.773055952e-14, 1.47237026716e-14, 2.09636046586e-14, 3.02969827774e-14, 1.53741833175e-14, 1.04052669733e-14, 1.089863656e-14, 7.533025683e-15, 1.702217909e-14, 2.99376891889e-15, 1.79818233735e-15, 5.66677874262e-15, 1.03664948872e-14, 6.5295999605e-15, 3.48526719807e-15, 2.88963659417e-15, 5.51912480629e-15, 5.16537462488e-15, 7.90063205288e-15, 6.97101974601e-15, 4.55240779765e-15, 6.48437560089e-15, 7.69938380087e-15, 7.40144589091e-15, 7.73762225625e-15, 3.85541233745e-15, 2.13771189437e-15, 3.34138848758e-15, 5.01999454849e-15, 7.24907567513e-15, 1.40906260116e-14, 8.62546863903e-15, 3.7954428283e-15, 3.26276096019e-15, 5.54679652564e-15, 6.92927160963e-15, 4.52567713191e-15, 3.6989810222e-15, 5.59039415847e-15, 3.27822862884e-15, 2.87291934017e-15, 3.33513717267e-15, 4.2413535825e-15, 3.6452935329e-15, 2.1503447555e-15, 8.01652733589e-16, 8.04130304959e-16, 1.42556544995e-16],
        "stdev": [7.7559593592e-07, 2.70272857961e-06, 9.86978739093e-06, 2.25741532631e-05, 7.90785561549e-05, 0.000353675568476, 0.00033597816946, 0.00045100110583, 0.00050250737695, 0.00021173703135, 0.000120327553304, 0.000196038134163, 0.00030791037716, 0.000251792487688, 0.000370604248019, 0.000254605722148, 6.9280846219e-05, 0.000124023135868, 0.000215799052967, 0.000348649540683, 0.000427496503107, 0.00055758462986, 0.00159165740479, 0.00150921719614, 0.00193179957569, 0.00270632188767, 0.00148891145363, 0.000789692392573, 0.000440381845692, 0.000699937401805, 0.000680955650751, 0.000351339229383, 0.000239614731981, 0.00049115990987, 0.0010935558239, 0.000514123181347, 0.000142554446938, 7.13571789674e-05, 8.13199076219e-05, 7.5037998613e-05, 0.000141593118315, 6.64493491058e-05, 3.86779356631e-05, 6.9178720878e-05, 2.56376861216e-05, 4.88583864353e-05, 0.00021300734079, 4.86693243147e-05, 3.18351158057e-05, 1.65541223396e-05, 1.59732808243e-05, 1.8570719476e-05, 1.07605401354e-05, 8.78273749549e-06, 1.52964203153e-05, 1.50107734953e-05, 2.52676472883e-05, 5.21645742992e-05, 7.69479520386e-05, 0.000112736583105, 0.000142579898238, 6.53896131553e-05, 9.3020084023e-05, 8.16640604171e-05, 4.97244036524e-05, 2.98462564388e-05, 2.4122547984e-05, 1.27197045003e-05, 7.01254930391e-06, 5.25878249391e-06, 2.97816586681e-06, 4.06055232816e-06, 4.53297616332e-06, 2.48331184594e-06, 2.00274848794e-06, 2.31206581702e-06, 2.68030998996e-06, 3.67454936168e-06, 3.46192837242e-06, 2.46013632932e-06, 1.76336072855e-06, 2.20643210014e-06, 2.31958142649e-06, 1.33103424105e-06, 1.43391491747e-06, 2.10405391954e-06, 2.27120835916e-06, 2.45884621108e-06, 2.13358453038e-06, 1.74291892563e-06, 8.42228132569e-07, 7.82910717589e-07, 5.67090921777e-07, 2.9872290952e-07, 1.336972133e-07, 8.3604561496e-08, 4.06098124017e-08, 3.80686016044e-09, 9.18961629015e-10, 5.12882403214e-10, 4.23691165485e-10, 3.62030821988e-10, 3.22566334754e-10, 4.05677769155e-10, 9.03944141761e-11, 4.57497859041e-11, 3.94026027084e-11, 3.55680623843e-11, 3.57917445681e-11, 3.22945385711e-11, 3.50064179033e-11, 3.85929344038e-11, 3.78655995448e-11, 3.26636565018e-11, 2.68563921102e-11, 2.59295588473e-11, 2.44636862851e-11, 3.17914999881e-11, 3.13838260935e-11, 2.56459957437e-11, 3.57367468951e-11, 3.42520560526e-11, 1.60476042177e-11, 1.26134692968e-11, 1.24557820655e-11, 1.237740032e-11, 1.2201718802e-11, 1.21332128372e-11]
    },
    "mfcc": {
        "mean": [-680.960693359, 122.385940552, -73.4649429321, 15.9048070908, -40.2018432617, 2.61436295509, -24.1213779449, 23.6000366211, -26.9172401428, 6.03701114655, -7.79520320892, -7.20103693008, -17.8319969177],
        "cov": [[5389.69677734, 787.854553223, -287.229156494, 652.354980469, -808.008056641, -501.454040527, -157.932983398, 590.363098145, -517.438781738, 44.7721862793, -7.87646913528, -319.008575439, -416.343933105], [787.854553223, 733.56036377, 113.39175415, 231.81867981, -18.2627563477, -155.806213379, 50.4736938477, 26.368227005, -99.279548645, -46.8948516846, 54.9250984192, -134.76625061, -92.1025619507], [-287.229156494, 113.39175415, 421.989959717, 137.681655884, 74.3439407349, 39.5639762878, -5.0353717804, -54.289188385, -3.71332740784, -9.36065387726, -54.2044792175, -42.3095474243, -21.9879817963], [652.354980469, 231.81867981, 137.681655884, 243.02180481, -63.107585907, -87.3828811646, -9.65012931824, 71.8798141479, -77.7761459351, -9.96921634674, -4.71012115479, -94.3014144897, -84.0404586792], [-808.008056641, -18.2627563477, 74.3439407349, -63.107585907, 283.971099854, 182.826660156, 54.7687683105, -169.27947998, 117.226165771, 23.8157081604, -15.9948568344, 26.5939712524, 45.6527328491], [-501.454040527, -155.806213379, 39.5639762878, -87.3828811646, 182.826660156, 244.492843628, 39.7268371582, -129.171920776, 100.051902771, 47.627243042, -54.8285560608, 45.3642654419, 41.5910453796], [-157.932983398, 50.4736938477, -5.0353717804, -9.65012931824, 54.7687683105, 39.7268371582, 84.2887115479, -17.915063858, 30.6076431274, -0.421386033297, 5.8904004097, 2.71046829224, 9.94035243988], [590.363098145, 26.368227005, -54.289188385, 71.8798141479, -169.27947998, -129.171920776, -17.915063858, 206.828720093, -78.6587600708, -15.1214885712, 38.5205192566, -27.0515384674, -24.6652412415], [-517.438781738, -99.279548645, -3.71332740784, -77.7761459351, 117.226165771, 100.051902771, 30.6076431274, -78.6587600708, 110.172431946, 23.5926837921, -11.9332284927, 41.1970748901, 45.2311973572], [44.7721862793, -46.8948516846, -9.36065387726, -9.96921634674, 23.8157081604, 47.627243042, -0.421386033297, -15.1214885712, 23.5926837921, 61.3746299744, 2.24889039993, 9.22859764099, -4.76256561279], [-7.87646913528, 54.9250984192, -54.2044792175, -4.71012115479, -15.9948568344, -54.8285560608, 5.8904004097, 38.5205192566, -11.9332284927, 2.24889039993, 84.2977981567, 13.6054592133, 7.79547691345], [-319.008575439, -134.76625061, -42.3095474243, -94.3014144897, 26.5939712524, 45.3642654419, 2.71046829224, -27.0515384674, 41.1970748901, 9.22859764099, 13.6054592133, 100.64302063, 53.6467971802], [-416.343933105, -92.1025619507, -21.9879817963, -84.0404586792, 45.6527328491, 41.5910453796, 9.94035243988, -24.6652412415, 45.2311973572, -4.76256561279, 7.79547691345, 53.6467971802, 83.5055465698]],
        "icov": [[0.00180361350067, -0.00193203950766, 0.00245339982212, -0.0026233617682, 0.00273946207017, -0.00211964990012, 0.0017528324388, -0.00201088073663, 0.00254804687575, -0.00348154245876, 0.00320286885835, -0.00112534407526, 0.00246806815267], [-0.00193203950766, 0.00531345466152, -0.00271603139117, 0.000854169775266, -0.00373578816652, 0.00390482181683, -0.00448100781068, 0.00390218244866, -0.000992311397567, 0.00445341691375, -0.00551186967641, 0.00315720192157, -0.00256658392027], [0.00245339982212, -0.00271603139117, 0.00723780924454, -0.00682278163731, 0.00260773557238, -0.00310737732798, 0.00321675185114, -0.00197881902568, 0.00383242662065, -0.00415941048414, 0.00625145249069, -0.00218151626177, 0.00193530262914], [-0.0026233617682, 0.000854169775266, -0.00682278163731, 0.0164519920945, -0.00521443225443, 0.00415521487594, -0.00211710762233, -0.001151567325, -0.00219408422709, 0.00312768481672, -0.00320485956036, 0.00458782585338, 0.00203503551893], [0.00273946207017, -0.00373578816652, 0.00260773557238, -0.00521443225443, 0.0191332101822, -0.0110475085676, 0.00159790285397, 0.00332877994515, -0.00364007498138, -0.0019576291088, -0.00200790632516, 0.00164779636543, 0.00180094689131], [-0.00211964990012, 0.00390482181683, -0.00310737732798, 0.00415521487594, -0.0110475085676, 0.0183030106127, -0.00626883516088, 0.00281922356226, -0.00136120186653, -0.00431792950258, 0.00488265790045, -0.0010492260335, -0.00368586182594], [0.0017528324388, -0.00448100781068, 0.00321675185114, -0.00211710762233, 0.00159790285397, -0.00626883516088, 0.0191634707153, -0.00492617301643, -0.00265301833861, 1.25293763631e-05, 0.00172020879108, -0.00135014788248, 0.00317030516453], [-0.00201088073663, 0.00390218244866, -0.00197881902568, -0.001151567325, 0.00332877994515, 0.00281922356226, -0.00492617301643, 0.0151110226288, -0.00134549383074, 0.00398236699402, -0.00847080163658, 0.00358358607627, -0.00613171607256], [0.00254804687575, -0.000992311397567, 0.00383242662065, -0.00219408422709, -0.00364007498138, -0.00136120186653, -0.00265301833861, -0.00134549383074, 0.0288258641958, -0.0113006364554, 0.00752160418779, -0.00316203059629, -0.00193193159066], [-0.00348154245876, 0.00445341691375, -0.00415941048414, 0.00312768481672, -0.0019576291088, -0.00431792950258, 1.25293763631e-05, 0.00398236699402, -0.0113006364554, 0.03184447065, -0.0137047450989, 0.00226068613119, 0.00176594324876], [0.00320286885835, -0.00551186967641, 0.00625145249069, -0.00320485956036, -0.00200790632516, 0.00488265790045, 0.00172020879108, -0.00847080163658, 0.00752160418779, -0.0137047450989, 0.0287345349789, -0.00845720712095, 0.00216436153278], [-0.00112534407526, 0.00315720192157, -0.00218151626177, 0.00458782585338, 0.00164779636543, -0.0010492260335, -0.00135014788248, 0.00358358607627, -0.00316203059629, 0.00226068613119, -0.00845720712095, 0.0218607597053, -0.00865772087127], [0.00246806815267, -0.00256658392027, 0.00193530262914, 0.00203503551893, 0.00180094689131, -0.00368586182594, 0.00317030516453, -0.00613171607256, -0.00193193159066, 0.00176594324876, 0.00216436153278, -0.00865772087127, 0.0291772503406]]
    },
    "spectral_contrast_coeffs": {
        "max": [-0.457084178925, -0.451532721519, -0.479122638702, -0.632610857487, -0.588135898113, -0.533665597439],
        "mean": [-0.678119242191, -0.738340198994, -0.705761790276, -0.788760125637, -0.733939409256, -0.640907466412],
        "min": [-0.940987169743, -0.961416065693, -0.939086854458, -0.94553822279, -0.945930361748, -0.918775081635],
        "stdev": [0.0763731822371, 0.103612653911, 0.104800768197, 0.0505255796015, 0.0672950670123, 0.0515151917934]
    },
    "spectral_contrast_valleys": {
        "max": [-6.34030866623, -5.45181035995, -5.72272396088, -6.2862200737, -6.41613912582, -10.8038721085],
        "mean": [-8.49954986572, -7.05794382095, -7.24503707886, -7.49301147461, -7.65589618683, -12.1658191681],
        "min": [-20.199546814, -18.7736263275, -19.1056098938, -18.4431800842, -17.7284851074, -19.0016536713],
        "stdev": [1.05169975758, 0.90494543314, 0.781104922295, 0.739228546619, 0.771543681622, 0.433584749699]
    }
},
"rhythm": {
    "beats_count": 50,
    "beats_loudness": {
        "max": 0.0521773658693,
        "mean": 0.0227004736662,
        "min": 0.000449980754638,
        "stdev": 0.0150783648714
    },
    "bpm": 166.014083862,
    "bpm_histogram_first_peak_bpm": 167,
    "bpm_histogram_first_peak_weight": 0,
    "bpm_histogram_second_peak_bpm": 136,
    "bpm_histogram_second_peak_spread": 0.523809552193,
    "bpm_histogram_second_peak_weight": 0.204081639647,
    "danceability": 0.911172151566,
    "onset_rate": 1.8662109375,
    "beats_loudness_band_ratio": {
        "max": [0.437301516533, 0.19679813087, 0.796375513077, 0.711842119694, 0.495390206575, 0.105324462056],
        "mean": [0.0508157759905, 0.064207971096, 0.383701920509, 0.269576311111, 0.201209872961, 0.0491647422314],
        "min": [0.00030122345197, 0.00403484376147, 0.0444161705673, 0.0778666064143, 0.0484015718102, 0.00832811929286],
        "stdev": [0.0915147438645, 0.0517560206354, 0.221366226673, 0.157585889101, 0.121781386435, 0.0234205145389]
    },
    "beats_position": [0.452789098024, 0.893968224525, 1.35836732388, 1.8111563921, 2.27555561066, 2.71673464775, 3.15791368484, 3.59909296036, 4.02866220474, 4.45823097229, 4.88780021667, 5.31736946106, 5.75854873657, 6.17650794983, 6.59446716309, 7.02403593063, 7.45360517502, 7.89478445053, 8.33596324921, 8.75392246246, 9.17188167572, 9.61306095123, 10.0542402267, 10.5186395645, 10.9714279175, 11.4242172241, 11.8886165619, 12.3297958374, 12.782585144, 13.235373497, 13.6068935394, 13.966802597, 14.3383216858, 14.6982307434, 15.0465307236, 15.3948297501, 15.7547388077, 16.114648819, 16.4745578766, 16.8228569031, 17.1711559296, 17.5310649872, 17.8909740448, 18.2392749786, 18.5991840363, 18.9590930939, 19.3190021515, 19.6789112091, 20.0388202667, 20.3987293243],
