{
"metadata": {
    "version": {
        "essentia": "2.1-beta5",
        "essentia_git_sha": "Undefined",
        "extractor": "music 2.0"
    },
    "audio_properties": {
        "analysis": {
            "equal_loudness": 0,
            "length": 32.4963264465,
            "sample_rate": 44100,
            "start_time": 12.7477550507,
            "downmix": "mix"
        },
        "bit_rate": 192000,
        "length": 136.846817017,
        "lossless": 0,
        "number_channels": 2,
        "replay_gain": -4.0006980896,
        "sample_rate": 48000,
        "codec": "mp3",
        "md5_encoded": "78b395d8fadd410a407e1fb3c58bc56a"
    },
    "tags": {
        "file_name": "Monaco_Allons, Allons Les Enfants_Colette Deréal.mp3",
        "encoding": ["Lavf58.29.100"]
    }
},
"lowlevel": {
    "average_loudness": 0.684739649296,
    "barkbands_crest": {
        "max": 26.346944809,
        "mean": 12.6896429062,
        "min": 2.66678452492,
        "stdev": 5.74611854553
    },
    "barkbands_flatness_db": {
        "max": 0.405567526817,
        "mean": 0.223849684,
        "min": 0.0841722637415,
        "stdev": 0.0644215196371
    },
    "barkbands_kurtosis": {
        "max": 90.9249649048,
        "mean": 5.3047580719,
        "min": -1.92250812054,
        "stdev": 8.45248222351
    },
    "barkbands_skewness": {
        "max": 8.86080169678,
        "mean": 1.65964460373,
        "min": -4.422955513,
        "stdev": 1.35566067696
    },
    "barkbands_spread": {
        "max": 79.0010910034,
        "mean": 14.0599603653,
        "min": 1.18913590908,
        "stdev": 10.8240251541
    },
    "dissonance": {
        "max": 0.499907195568,
        "mean": 0.436388254166,
        "min": 0.235843062401,
        "stdev": 0.0472739003599
    },
    "dynamic_complexity": 5.44235181808,
    "erbbands_crest": {
        "max": 32.5257492065,
        "mean": 12.6374559402,
        "min": 2.70491170883,
        "stdev": 5.98933839798
    },
    "erbbands_flatness_db": {
        "max": 0.422000944614,
        "mean": 0.271404892206,
        "min": 0.130284562707,
        "stdev": 0.0564547553658
    },
    "erbbands_kurtosis": {
        "max": 42.3673744202,
        "mean": 1.45337152481,
        "min": -1.81752836704,
        "stdev": 3.5768840313
    },
    "erbbands_skewness": {
        "max": 5.14204311371,
        "mean": 0.78143709898,
        "min": -5.62652206421,
        "stdev": 1.00723254681
    },
    "erbbands_spread": {
        "max": 134.835708618,
        "mean": 27.6260318756,
        "min": 3.94417023659,
        "stdev": 16.0879859924
    },
    "hfc": {
        "max": 254.600219727,
        "mean": 12.2369441986,
        "min": 0.0198070798069,
        "stdev": 21.6192436218
    },
    "loudness_ebu128": {
        "integrated": -21.9916381836,
        "loudness_range": 6.63554382324,
        "momentary": {
            "max": -15.2868814468,
            "mean": -24.2330703735,
            "min": -37.4433898926,
            "stdev": 4.62155151367
        },
        "short_term": {
            "max": -18.9211215973,
            "mean": -22.7714443207,
            "min": -27.6963939667,
            "stdev": 2.31637239456
        }
    },
    "melbands_crest": {
        "max": 33.5837249756,
        "mean": 15.6304855347,
        "min": 3.76132678986,
        "stdev": 6.68349695206
    },
    "melbands_flatness_db": {
        "max": 0.427310794592,
        "mean": 0.233417883515,
        "min": 0.0590820349753,
        "stdev": 0.0743690058589
    },
    "melbands_kurtosis": {
        "max": 187.83203125,
        "mean": 12.0611448288,
        "min": -1.89505922794,
        "stdev": 17.4812412262
    },
    "melbands_skewness": {
        "max": 11.9003944397,
        "mean": 2.3492193222,
        "min": -1.51176440716,
        "stdev": 1.74059534073
    },
    "melbands_spread": {
        "max": 246.863098145,
        "mean": 19.7988777161,
        "min": 1.21814203262,
        "stdev": 19.9668121338
    },
    "pitch_salience": {
        "max": 0.87342107296,
        "mean": 0.556483983994,
        "min": 0.0945879146457,
        "stdev": 0.151262462139
    },
    "silence_rate_20dB": {
        "max": 1,
        "mean": 1,
        "min": 1,
        "stdev": 0
    },
    "silence_rate_30dB": {
        "max": 1,
        "mean": 0.987865805626,
        "min": 0,
        "stdev": 0.10948356241
    },
    "silence_rate_60dB": {
        "max": 1,
        "mean": 0.306923627853,
        "min": 0,
        "stdev": 0.461220324039
    },
    "spectral_centroid": {
        "max": 5634.81054688,
        "mean": 1233.89147949,
        "min": 326.702819824,
        "stdev": 615.108764648
    },
    "spectral_complexity": {
        "max": 47,
        "mean": 9.48394012451,
        "min": 0,
        "stdev": 7.54949855804
    },
    "spectral_decrease": {
        "max": -6.17188288324e-12,
        "mean": -3.62597774028e-09,
        "min": -6.51187832545e-08,
        "stdev": 5.77983483296e-09
    },
    "spectral_energy": {
        "max": 0.268866539001,
        "mean": 0.01479519438,
        "min": 2.50906068686e-05,
        "stdev": 0.0237099379301
    },
    "spectral_energyband_high": {
        "max": 0.00196544267237,
        "mean": 0.000121523073176,
        "min": 3.40931109122e-07,
        "stdev": 0.000201649701921
    },
    "spectral_energyband_low": {
        "max": 0.00392701430246,
        "mean": 6.99510419508e-05,
        "min": 9.91688580143e-07,
        "stdev": 0.000213933933992
    },
    "spectral_energyband_middle_high": {
        "max": 0.262372046709,
        "mean": 0.00517019396648,
        "min": 2.84254338112e-06,
        "stdev": 0.015553092584
    },
    "spectral_energyband_middle_low": {
        "max": 0.222713142633,
        "mean": 0.0098940320313,
        "min": 1.30940543386e-05,
        "stdev": 0.0166938379407
    },
    "spectral_entropy": {
        "max": 8.36868667603,
        "mean": 7.11625003815,
        "min": 5.41644001007,
        "stdev": 0.544297218323
    },
    "spectral_flux": {
        "max": 0.302127927542,
        "mean": 0.0609172694385,
        "min": 0.00374359241687,
        "stdev": 0.0472926162183
    },
    "spectral_kurtosis": {
        "max": 28.4902801514,
        "mean": 5.62209415436,
        "min": -1.44468069077,
        "stdev": 4.96316623688
    },
    "spectral_rms": {
        "max": 0.0161959510297,
        "mean": 0.0030644023791,
        "min": 0.000156456517288,
        "stdev": 0.00224583619274
    },
    "spectral_rolloff": {
        "max": 7838.0859375,
        "mean": 1438.65344238,
        "min": 258.3984375,
        "stdev": 1177.75561523
    },
    "spectral_skewness": {
        "max": 3.83455610275,
        "mean": 1.38932049274,
        "min": -0.382548183203,
        "stdev": 0.631294965744
    },
    "spectral_spread": {
        "max": 8900394,
        "mean": 2983983.75,
        "min": 1598592.75,
        "stdev": 878174.8125
    },
    "spectral_strongpeak": {
        "max": 15.4094419479,
        "mean": 1.36048305035,
        "min": 0.00778635684401,
        "stdev": 1.755423069
    },
    "zerocrossingrate": {
        "max": 0.3212890625,
        "mean": 0.0528992265463,
        "min": 0.009765625,
        "stdev": 0.0314463451505
    },
    "barkbands": {
        "max": [2.66699771601e-05, 0.000311238778522, 0.0020276971627, 0.00629667472094, 0.0336194783449, 0.0589703768492, 0.0430705323815, 0.0609227530658, 0.103670865297, 0.248538210988, 0.0632382184267, 0.0254254080355, 0.0243233013898, 0.0135957486928, 0.0218900926411, 0.00826958194375, 0.00715161347762, 0.00624488154426, 0.00207930686884, 0.00237977155484, 0.00101761973929, 0.000471554260002, 0.000846728158649, 0.000398255273467, 3.5946038679e-07, 1.7744248737e-07, 1.88419448932e-07],
        "mean": [1.26740508222e-06, 8.78987248143e-06, 3.2443775126e-05, 8.96519195521e-05, 0.00131758698262, 0.00181766645983, 0.00185614987276, 0.00150100595783, 0.00245015905239, 0.00228512240574, 0.00100354175083, 0.00053688272601, 0.000372499722289, 0.00029648351483, 0.000325197295751, 0.000155726200319, 0.000201194285182, 0.000243757982389, 0.000124742786284, 0.000102417317976, 3.01939198835e-05, 1.73577918758e-05, 2.01491093321e-05, 5.18458818988e-06, 3.88143277519e-08, 8.03083488599e-10, 8.53341619589e-10],
        "min": [2.03975192292e-09, 7.20096835494e-08, 2.22096190328e-08, 6.19358360154e-08, 1.8201697003e-06, 4.17552087129e-07, 2.90895826538e-07, 4.64439509074e-08, 1.66072069874e-07, 1.53923167545e-07, 1.27805861894e-07, 1.34198927526e-07, 9.81807914968e-08, 6.47684146315e-08, 3.96569390659e-08, 2.44460398591e-08, 2.59708610173e-08, 5.30234842699e-08, 3.17375317138e-08, 6.23429912139e-08, 4.88424447553e-08, 4.03315674191e-08, 4.84591566874e-08, 4.39299405741e-08, 1.30310224833e-08, 4.4765070123e-11, 6.05258135278e-11],
        "stdev": [2.09011113839e-06, 1.75279383257e-05, 0.000102736550616, 0.000301547523122, 0.00305447611026, 0.0053429347463, 0.00500429375097, 0.00483269616961, 0.00840400904417, 0.0150494715199, 0.00509774731472, 0.00155833538156, 0.00178689230233, 0.000929506204557, 0.00102452840656, 0.000431097956607, 0.000486639153678, 0.000536010076758, 0.000215354884858, 0.000190905702766, 7.21113392501e-05, 3.82127436751e-05, 5.44419890502e-05, 1.80383449333e-05, 2.17739710706e-08, 6.67920296848e-09, 7.14165926397e-09]
    },
    "erbbands": {
        "max": [0.00451025227085, 0.0878002271056, 1.4527784586, 11.2108573914, 44.1748275757, 102.84462738, 287.44619751, 575.118591309, 872.623168945, 1435.63867188, 978.930053711, 3177.01733398, 8182.71630859, 9598.86035156, 3258.60766602, 614.587158203, 1335.55053711, 815.872558594, 1480.76123047, 897.698730469, 392.070373535, 425.333404541, 350.855621338, 158.983474731, 80.8942260742, 109.391723633, 43.7458724976, 34.0548629761, 21.1795787811, 15.8795032501, 26.5921726227, 16.0983428955, 1.7396774292, 0.0520785562694, 0.00286113237962, 0.000712984940037, 0.000328086549416, 0.000116836017696, 0.000144320641994, 0.000319373823004],
        "mean": [0.000204208743526, 0.00266257370822, 0.0283462554216, 0.178464815021, 1.15021288395, 4.95293664932, 10.470823288, 16.0609073639, 24.0082035065, 32.2146148682, 33.5621948242, 62.1578445435, 64.8363800049, 63.9589653015, 35.0287590027, 21.4408836365, 17.5641498566, 17.4739513397, 16.1294994354, 13.9680137634, 9.45412635803, 11.0378732681, 14.4221191406, 8.7211933136, 5.21073198318, 4.78126478195, 2.00596141815, 0.951004505157, 0.659608364105, 0.6287561059, 0.539927899837, 0.227156728506, 0.0311941169202, 0.00161038513761, 0.000218577450141, 2.51526998909e-05, 9.5773002613e-06, 3.06136303152e-06, 8.16985448182e-06, 1.75256700459e-05],
        "min": [2.74090666608e-06, 4.44922443421e-05, 0.00016314315144, 0.000392727495637, 0.00162586884107, 0.00621601520106, 0.00221871421672, 0.00325039029121, 0.00517903128639, 0.00647943234071, 0.00415746914223, 0.00541268056259, 0.00840266235173, 0.00794518273324, 0.0115682994947, 0.00906792283058, 0.00549951475114, 0.00357135338709, 0.00206337450072, 0.00236663781106, 0.00125397834927, 0.0013637986267, 0.00188214913942, 0.00266318675131, 0.00232485402375, 0.00304798944853, 0.0019548649434, 0.00148923520464, 0.00150442833547, 0.00120538123883, 0.00132453418337, 0.00080743979197, 0.000554732920136, 0.000275253609288, 6.53211536701e-05, 2.34689241552e-06, 3.34373538635e-07, 9.12764264172e-08, 3.79949121054e-08, 3.24839888322e-08],
        "stdev": [0.000299769599224, 0.00572115881369, 0.0819023773074, 0.571349084377, 3.26670122147, 10.9609069824, 25.8748664856, 51.933795929, 80.6771087646, 92.82081604, 90.4312820435, 228.788818359, 432.123931885, 388.937713623, 209.563034058, 54.910446167, 77.0280075073, 53.4345626831, 54.2783927917, 43.521774292, 23.2282371521, 24.3584861755, 30.4380683899, 15.9332141876, 8.48917007446, 8.95276355743, 4.06691884995, 2.26783180237, 1.55796563625, 1.37418341637, 1.53999733925, 0.754888594151, 0.101957574487, 0.0031160202343, 0.000198512178031, 4.05438222515e-05, 1.7061989638e-05, 5.89943192608e-06, 1.27688308567e-05, 2.80453641608e-05]
    },
    "gfcc": {
        "mean": [-133.086654663, 132.600082397, -189.918869019, 25.7450180054, -86.9722442627, -20.546579361, -33.2000465393, -19.861082077, -5.83833599091, -30.2000102997, 5.7471871376, -16.6942310333, -1.76655375957],
        "cov": [[4928.48486328, 41.8976325989, -1438.32495117, -687.766113281, -60.5350608826, -546.747375488, 359.016815186, -159.915161133, 281.920410156, -221.575576782, 52.2633972168, -47.8691749573, 4.6622710228], [41.8976325989, 484.974822998, 73.6374359131, -299.201690674, 58.628818512, -147.199829102, 39.2993507385, 45.1380729675, -59.542755127, -7.05087947845, 14.8131332397, -61.181022644, 2.59789705276], [-1438.32495117, 73.6374359131, 851.530029297, 330.59942627, -125.282920837, 116.516220093, -204.459106445, 0.319205850363, -69.6258773804, 5.66599655151, -35.2962150574, 26.6221733093, -19.0005760193], [-687.766113281, -299.201690674, 330.59942627, 779.614624023, -14.464969635, 163.697372437, -212.343887329, -116.272575378, 55.4598312378, 20.4993591309, -110.316703796, 35.5993270874, -12.8127985001], [-60.5350608826, 58.628818512, -125.282920837, -14.464969635, 233.396636963, -9.05318641663, -5.89477491379, 45.5076637268, -20.7447757721, 31.5159740448, -4.00188112259, -17.2756996155, 22.9100074768], [-546.747375488, -147.199829102, 116.516220093, 163.697372437, -9.05318641663, 487.266296387, 52.1417617798, -79.0721740723, -80.2417907715, 33.5618667603, -39.3704338074, -1.78486263752, -39.1899299622], [359.016815186, 39.2993507385, -204.459106445, -212.343887329, -5.89477491379, 52.1417617798, 276.578460693, 70.5403366089, -87.9592437744, -19.2410526276, 24.9935569763, -23.1749973297, -13.3957271576], [-159.915161133, 45.1380729675, 0.319205850363, -116.272575378, 45.5076637268, -79.0721740723, 70.5403366089, 171.303161621, -1.58569478989, -2.41239500046, 21.0642204285, -12.794383049, 4.92988014221], [281.920410156, -59.542755127, -69.6258773804, 55.4598312378, -20.7447757721, -80.2417907715, -87.9592437744, -1.58569478989, 201.738952637, 43.3437423706, -39.7279663086, -3.65265369415, -6.35402679443], [-221.575576782, -7.05087947845, 5.66599655151, 20.4993591309, 31.5159740448, 33.5618667603, -19.2410526276, -2.41239500046, 43.3437423706, 118.540077209, 12.576415062, -14.1660871506, -5.12535095215], [52.2633972168, 14.8131332397, -35.2962150574, -110.316703796, -4.00188112259, -39.3704338074, 24.9935569763, 21.0642204285, -39.7279663086, 12.576415062, 123.911338806, 41.4532966614, 3.15847969055], [-47.8691749573, -61.181022644, 26.6221733093, 35.5993270874, -17.2756996155, -1.78486263752, -23.1749973297, -12.794383049, -3.65265369415, -14.1660871506, 41.4532966614, 89.7105484009, 36.3842887878], [4.6622710228, 2.59789705276, -19.0005760193, -12.8127985001, 22.9100074768, -39.1899299622, -13.3957271576, 4.92988014221, -6.35402679443, -5.12535095215, 3.15847969055, 36.3842887878, 98.0411834717]],
        "icov": [[0.00110758829396, 3.39058315149e-05, 0.000731899461243, 0.000168574551935, -0.000443152355729, 0.000887594826054, -0.002152049914, 0.00286418409087, -0.00286157568917, 0.00293602375314, -0.00154376064893, 0.0013127742568, -0.000338829995599], [3.39058315149e-05, 0.00513068260625, -0.00272921239957, 0.00249087973498, -0.00308229052462, 0.00187303603161, -0.00204281834885, 0.00315709924325, -0.000734669738449, 0.000714280526154, -0.000124730227981, 0.00302298855968, -0.000437986833276], [0.000731899461243, -0.00272921239957, 0.00521941483021, -0.00178926461376, 0.00423957500607, -0.000933617993724, 0.00348167656921, -0.0030498127453, 0.00222066184506, -0.000164419208886, 0.000846780254506, -0.0017075589858, 0.00082213623682], [0.000168574551935, 0.00249087973498, -0.00178926461376, 0.00360464537516, -0.0020107536111, 0.000597620324697, -0.000390949222492, 0.0026649297215, -0.000954201794229, 0.00043631347944, 0.00179525150452, -0.0002343202068, 0.000561726628803], [-0.000443152355729, -0.00308229052462, 0.00423957500607, -0.0020107536111, 0.00979535933584, -0.00191398779862, 0.0062856269069, -0.00757392495871, 0.00624046800658, -0.00492765381932, 0.00293405004777, -0.002166492166, -0.00029642530717], [0.000887594826054, 0.00187303603161, -0.000933617993724, 0.000597620324697, -0.00191398779862, 0.00468638446182, -0.00417306600139, 0.00513112684712, -0.00139488873538, 0.000936943746638, 0.000245075440034, 0.000754498527385, 0.000968350737821], [-0.002152049914, -0.00204281834885, 0.00348167656921, -0.000390949222492, 0.0062856269069, -0.00417306600139, 0.0157704818994, -0.0129615329206, 0.0123536223546, -0.00801934208721, 0.00591676682234, -0.00450136093423, 0.00231106230058], [0.00286418409087, 0.00315709924325, -0.0030498127453, 0.0026649297215, -0.00757392495871, 0.00513112684712, -0.0129615329206, 0.0206635054201, -0.0125686200336, 0.0101677458733, -0.00691105471924, 0.0068989447318, -0.00207241298631], [-0.00286157568917, -0.000734669738449, 0.00222066184506, -0.000954201794229, 0.00624046800658, -0.00139488873538, 0.0123536223546, -0.0125686200336, 0.0203307494521, -0.0142057724297, 0.0109451171011, -0.00778002198786, 0.00387494172901], [0.00293602375314, 0.000714280526154, -0.000164419208886, 0.00043631347944, -0.00492765381932, 0.000936943746638, -0.00801934208721, 0.0101677458733, -0.0142057724297, 0.0211632102728, -0.0107122659683, 0.00937347486615, -0.00316219031811], [-0.00154376064893, -0.000124730227981, 0.000846780254506, 0.00179525150452, 0.00293405004777, 0.000245075440034, 0.00591676682234, -0.00691105471924, 0.0109451171011, -0.0107122659683, 0.0196392536163, -0.0133113740012, 0.00550038786605], [0.0013127742568, 0.00302298855968, -0.0017075589858, -0.0002343202068, -0.002166492166, 0.000754498527385, -0.00450136093423, 0.0068989447318, -0.00778002198786, 0.00937347486615, -0.0133113740012, 0.0251219142228, -0.00956658273935], [-0.000338829995599, -0.000437986833276, 0.00082213623682, 0.000561726628803, -0.00029642530717, 0.000968350737821, 0.00231106230058, -0.00207241298631, 0.00387494172901, -0.00316219031811, 0.00550038786605, -0.00956658273935, 0.0147954793647]]
    },
    "melbands": {
        "max": [6.08486225246e-05, 0.000612952804659, 0.00286636617966, 0.0060401991941, 0.0100478492677, 0.0128045575693, 0.0110843861476, 0.0167564675212, 0.010880257003, 0.0195323582739, 0.0399682819843, 0.0421264283359, 0.0080478368327, 0.00543096009642, 0.00144648656715, 0.00328315491788, 0.00167181913275, 0.00254410412163, 0.00121026870329, 0.000773956708144, 0.000487060955493, 0.000592348980717, 0.00042035675142, 0.000400748191169, 0.000129349078634, 5.69379881199e-05, 7.48245802242e-05, 7.71232516854e-05, 2.92301447189e-05, 2.87384427793e-05, 1.69908907992e-05, 1.27118119053e-05, 7.89423847891e-06, 1.00787428892e-05, 1.75389013748e-05, 1.14946969916e-05, 8.57194117998e-06, 1.62159346928e-06, 3.09402636844e-08, 5.28826848978e-09],
        "mean": [2.12714280678e-06, 1.16751980386e-05, 5.44801914657e-05, 0.000204061987461, 0.000357758195605, 0.000369648187188, 0.000377194985049, 0.000355929892976, 0.000276831677184, 0.000396537740016, 0.000319968763506, 0.000265095412033, 0.000114712864161, 7.11671164026e-05, 4.07556872233e-05, 4.21862132498e-05, 3.09326096612e-05, 2.50631328527e-05, 2.28022763622e-05, 1.37965816975e-05, 1.07179148472e-05, 1.14455033327e-05, 1.29520885821e-05, 1.1418745089e-05, 6.75066758049e-06, 3.7348324895e-06, 3.71084456674e-06, 3.0733017411e-06, 1.42508520184e-06, 7.67910023569e-07, 4.61524933826e-07, 3.80461841587e-07, 3.08913968183e-07, 3.72765725842e-07, 3.35509923843e-07, 2.2410137035e-07, 1.05996740274e-07, 2.42423165986e-08, 1.21115217855e-09, 5.11035547213e-10],
        "min": [2.03157881629e-08, 8.92017055776e-08, 9.39432993619e-08, 3.57076260116e-07, 8.52018686714e-08, 7.23873583297e-08, 8.39146210296e-08, 8.04219695283e-08, 2.2111896314e-08, 3.16108241805e-08, 2.73377089854e-08, 2.52946712465e-08, 3.04441947208e-08, 3.7504150896e-08, 1.32043291856e-08, 1.02359685172e-08, 6.24065288335e-09, 3.35698491227e-09, 3.22563842303e-09, 2.2502293362e-09, 1.18097376323e-09, 1.24150634218e-09, 1.23510279781e-09, 2.32403629674e-09, 2.12830908453e-09, 1.34227762238e-09, 1.71256286929e-09, 1.8736001639e-09, 1.09688580441e-09, 9.0641721906e-10, 6.21069196072e-10, 7.199454366e-10, 7.03528235668e-10, 7.27211124651e-10, 7.89374343668e-10, 4.9936355051e-10, 4.9758330789e-10, 2.90175244944e-10, 1.88714641136e-10, 1.51165815976e-10],
        "stdev": [3.75927197638e-06, 3.36419288942e-05, 0.00016862002667, 0.000416187598603, 0.000856041209772, 0.00121279165614, 0.00113854883239, 0.00104629178531, 0.00077086040983, 0.00147781881969, 0.00216416781768, 0.00172427203506, 0.000601994572207, 0.00031438053702, 0.000116048882774, 0.000227154261665, 0.000105514991446, 9.37113945838e-05, 6.40674406895e-05, 4.16471993958e-05, 2.88755109068e-05, 3.02754197037e-05, 2.71959434031e-05, 2.91080577881e-05, 1.31209026222e-05, 6.34018715573e-06, 7.1921331255e-06, 6.24581434749e-06, 2.98518648378e-06, 1.99498140319e-06, 1.19430023915e-06, 9.56344365477e-07, 6.51531365747e-07, 8.70801272868e-07, 9.86191594166e-07, 7.05493562236e-07, 3.85579028261e-07, 8.32264674955e-08, 2.04144456895e-09, 2.86630996715e-10]
    },
    "melbands128": {
        "max": [9.76828232524e-06, 2.23413480853e-05, 0.00010251277854, 0.000175218476215, 0.000559038773645, 0.00124610471539, 0.00182553741615, 0.003707325086, 0.00510520907119, 0.00869072414935, 0.00644984934479, 0.0160739105195, 0.0128879873082, 0.014206125401, 0.0174977108836, 0.0300855189562, 0.02843272686, 0.0119586195797, 0.0163323041052, 0.0215895734727, 0.0234571844339, 0.0153382597491, 0.0155057124794, 0.0214393567294, 0.0395719334483, 0.0346438214183, 0.0409526154399, 0.0791354700923, 0.0299686901271, 0.0808985382318, 0.0392565093935, 0.0185074452311, 0.0115359341726, 0.025832304731, 0.00705469725654, 0.00154670502525, 0.00380569836125, 0.00260273111053, 0.00347065390088, 0.00722974119708, 0.00685741472989, 0.00103919010144, 0.00390070397407, 0.00210089213215, 0.00138899951708, 0.00541703682393, 0.00201038573869, 0.000970833934844, 0.00339368195273, 0.00169206305873, 0.00150363473222, 0.000682253215928, 0.00113065855112, 0.000853689329233, 0.000971967994701, 0.00108512223233, 0.000593301141635, 0.000555453530978, 0.00105437461752, 0.000414051726693, 0.000843482092023, 0.000324469758198, 0.000368482520571, 0.000160261814017, 0.000136339775054, 0.000114107366244, 0.000152890876052, 0.00017779909831, 0.000147226368426, 0.000127287523355, 0.000132919260068, 0.000171303428942, 8.79346989677e-05, 4.26618680649e-05, 4.29618557973e-05, 5.84175286349e-05, 2.77206891042e-05, 2.98937538901e-05, 1.95409866137e-05, 1.04294831544e-05, 1.19697288028e-05, 1.57623107953e-05, 1.54368517542e-05, 6.96064671502e-06, 7.07808794687e-06, 9.47460102907e-06, 1.2052184502e-05, 2.10334201256e-05, 2.38251122937e-05, 1.3363322978e-05, 1.60221388796e-05, 1.8106366042e-05, 1.35960253829e-05, 9.91275464912e-06, 5.01738259118e-06, 2.76973719338e-06, 9.4107554105e-07, 8.42840393034e-08, 2.22562857033e-08, 1.40446259067e-08, 9.49423384355e-09, 4.66701344237e-09, 3.59825524932e-09, 2.37144637261e-09, 1.51628853917e-09, 1.40109668312e-09, 1.34078026459e-09, 1.28299515456e-09, 1.21928478425e-09, 1.16890064294e-09, 1.11541209602e-09, 1.07305286878e-09, 1.03836073073e-09, 1.006910888e-09, 9.76432379396e-10, 9.38636723902e-10, 9.02776797762e-10, 8.77108496944e-10, 8.60154114601e-10, 8.40122194035e-10, 8.06153033217e-10, 7.97010457632e-10, 7.82388376308e-10, 7.720773465e-10, 7.57425733244e-10, 7.46301076493e-10, 7.42889749716e-10, 7.3790457078e-10],
        "mean": [5.82102870794e-07, 1.33390733481e-06, 2.57054875874e-06, 4.01073248213e-06, 9.47261014517e-06, 1.81105842785e-05, 2.62060748355e-05, 5.44745380466e-05, 0.000108948719571, 0.00016600676463, 0.000281296059256, 0.000406810635468, 0.000374144554371, 0.000306878442643, 0.000326809851686, 0.000436358124716, 0.000432920787716, 0.000305311375996, 0.000414241250837, 0.000350657472154, 0.000358609191608, 0.000284149282379, 0.000236962121562, 0.000287348229904, 0.000445591256721, 0.000457245216239, 0.00025307998294, 0.000377828982892, 0.000252302124863, 0.000349958310835, 0.000256646744674, 0.000141752825584, 5.7940640545e-05, 0.000170062441612, 6.21993676759e-05, 4.74537155242e-05, 6.3195679104e-05, 4.61494346382e-05, 2.02716637432e-05, 3.62772225344e-05, 6.27982226433e-05, 2.35106253967e-05, 3.35296244884e-05, 3.29593567585e-05, 2.01098919206e-05, 2.81661959889e-05, 2.51462333836e-05, 2.07184948522e-05, 2.64979662461e-05, 1.50826472236e-05, 1.25423939608e-05, 1.11372082756e-05, 9.36875494517e-06, 9.76087903837e-06, 1.55060879479e-05, 1.06124316517e-05, 9.02307237993e-06, 1.17092758956e-05, 1.4507947526e-05, 1.60185736604e-05, 1.19907017506e-05, 6.87004012434e-06, 8.5466690507e-06, 6.67876201987e-06, 4.02316845793e-06, 3.56854184247e-06, 3.68402857021e-06, 3.32264880853e-06, 4.00144926971e-06, 3.78645404453e-06, 3.08412654704e-06, 2.90103162115e-06, 2.06517552215e-06, 9.93541789285e-07, 8.25744507438e-07, 9.90046714833e-07, 6.00644682436e-07, 5.33412503501e-07, 4.56527118331e-07, 3.80110122933e-07, 3.67322456896e-07, 4.16104427359e-07, 3.16714761084e-07, 2.89702683176e-07, 2.94123026379e-07, 3.75228978555e-07, 4.0734465756e-07, 3.59342266165e-07, 3.53532840336e-07, 2.96334832228e-07, 2.68490481403e-07, 2.04997391506e-07, 1.47114960214e-07, 1.16773023251e-07, 7.42006704968e-08, 3.71475223915e-08, 1.423501228e-08, 2.03370120744e-09, 8.63272509033e-10, 6.58003707077e-10, 5.5757198858e-10, 4.98894259238e-10, 4.43345637979e-10, 3.7060379765e-10, 9.90185572425e-11, 6.20778385294e-12, 5.88844424609e-12, 5.67956922812e-12, 5.46308137617e-12, 5.26034250881e-12, 5.07681917339e-12, 4.90363695829e-12, 4.74042550005e-12, 4.56832488505e-12, 4.42118650718e-12, 4.31708184825e-12, 4.17918000553e-12, 3.99941624957e-12, 3.91593615173e-12, 3.82619803896e-12, 3.7038683752e-12, 3.63980590459e-12, 3.58231261495e-12, 3.49860873779e-12, 3.35857622095e-12, 3.15852877707e-12, 3.04688175731e-12, 3.01737823095e-12],
        "min": [7.93817511724e-11, 6.52540865786e-09, 7.64412888543e-09, 2.13148538819e-08, 3.89233134612e-09, 1.37626985364e-08, 2.41043736082e-08, 3.08968566287e-08, 4.42982646121e-08, 5.24919272493e-08, 6.49750830917e-08, 6.87215759854e-08, 5.57997168471e-08, 4.40969003535e-08, 1.24895862541e-08, 3.90855987575e-08, 2.72578173366e-08, 2.92068804697e-08, 4.75757921947e-08, 2.83064842677e-08, 1.08095115081e-08, 1.10461773062e-08, 9.1578318262e-09, 7.00515112584e-09, 4.93259166845e-09, 1.87315141176e-08, 1.03218287251e-08, 1.14381979444e-08, 1.1898872998e-08, 1.46652068267e-08, 2.27452936485e-08, 1.1437315095e-08, 4.8792130336e-09, 2.92567192695e-09, 8.98989416243e-09, 6.52802922829e-09, 7.41336592114e-09, 6.28599794439e-09, 6.27063512226e-09, 9.83092984796e-09, 7.88580134525e-09, 4.33625579888e-09, 3.70953290307e-09, 1.83921766705e-09, 4.6592667502e-09, 1.15873077799e-09, 2.28194330099e-09, 2.64066724043e-09, 2.17682272208e-09, 7.42627570549e-10, 2.27587482193e-09, 1.67215263858e-09, 7.28959226315e-10, 9.34399668751e-10, 8.2759804565e-10, 1.10756748217e-09, 8.52757864322e-10, 1.7362155047e-09, 8.7736096166e-10, 7.58690610336e-10, 1.58793700411e-09, 1.20384935354e-09, 1.98539407137e-09, 8.63436599996e-10, 1.02698705096e-09, 9.02994401475e-10, 5.76965364374e-10, 1.59692614687e-09, 1.59800528365e-09, 6.75919042958e-10, 1.93926696923e-09, 1.18707399466e-09, 7.44498296346e-10, 7.3908257292e-10, 3.92027743601e-10, 4.22315793447e-10, 8.24617540918e-10, 5.59356505558e-10, 3.80947495771e-10, 7.09917236108e-10, 5.49621570478e-10, 4.38853675622e-10, 5.01426677957e-10, 4.9404064173e-10, 3.81805531635e-10, 3.48894579894e-10, 5.03577235467e-10, 3.23586629714e-10, 5.92770166286e-10, 3.47381456933e-10, 4.22490459284e-10, 3.4049926767e-10, 3.02324942858e-10, 3.41524197811e-10, 2.35594294073e-10, 2.32752150886e-10, 2.1651652693e-10, 9.37245489552e-11, 3.15099786541e-11, 9.27741217183e-11, 9.06306349413e-11, 9.02186658713e-11, 6.86978321451e-11, 6.35260941073e-11, 4.21009624732e-12, 1.50535725378e-13, 1.65636167976e-13, 1.75752736475e-13, 1.43042289168e-13, 1.57001378586e-13, 1.28945695809e-13, 1.52290127124e-13, 1.75476685049e-13, 1.65951372652e-13, 1.72363479826e-13, 1.95472205588e-13, 1.58360886795e-13, 1.85720891248e-13, 1.62029122216e-13, 1.88231144538e-13, 1.60607082646e-13, 1.43474628337e-13, 1.77210798661e-13, 1.92460834054e-13, 1.44377158883e-13, 5.45590861985e-14, 7.53782158355e-15, 1.87662425865e-16],
        "stdev": [8.58429416439e-07, 1.68182782545e-06, 5.62560717299e-06, 9.44364364841e-06, 2.59400239884e-05, 6.02120344411e-05, 9.97364477371e-05, 0.000185497512575, 0.000386744301068, 0.000418124778662, 0.000657693773974, 0.00133843242656, 0.00108727486804, 0.00107477989513, 0.00121011945885, 0.00221407902427, 0.00245728902519, 0.00093388784444, 0.00138311053161, 0.00134968874045, 0.0015307944268, 0.00112442998216, 0.000938572338782, 0.00127031712327, 0.00215444643982, 0.00211291294545, 0.00186434783973, 0.00399003177881, 0.00172498216853, 0.00340040167794, 0.00158677075524, 0.000921925762668, 0.000421995151555, 0.00154898047913, 0.000346093584085, 0.000136878385092, 0.000220201036427, 0.000167708029039, 0.000119168173114, 0.000261384702753, 0.000428198021837, 7.94441875769e-05, 0.000177783789695, 0.000127269580844, 8.83972315933e-05, 0.000177002439159, 0.000104439830466, 6.30022259429e-05, 0.000128944884636, 6.61114390823e-05, 5.91882489971e-05, 3.50215887011e-05, 4.12345689256e-05, 3.96029245167e-05, 6.27783883829e-05, 4.09272070101e-05, 2.72311099252e-05, 3.34793840011e-05, 4.90833044751e-05, 4.06694744015e-05, 5.22652480868e-05, 2.16550724872e-05, 2.30002096941e-05, 1.51406102304e-05, 9.32555030886e-06, 8.27400344861e-06, 8.90876435733e-06, 8.06210573501e-06, 1.08431922854e-05, 9.04228454601e-06, 8.17057480162e-06, 8.90087176231e-06, 5.41839108337e-06, 2.59099647337e-06, 2.62662047135e-06, 3.25937389789e-06, 1.55300040205e-06, 1.60560250606e-06, 1.35080540531e-06, 9.56993858381e-07, 9.86156123872e-07, 1.20939341741e-06, 7.94577772467e-07, 6.34105617792e-07, 6.4283295842e-07, 9.03498232674e-07, 1.01765147065e-06, 1.09007760329e-06, 1.19540379728e-06, 8.47239789437e-07, 9.23985680856e-07, 7.66363370985e-07, 5.31296791451e-07, 4.53061716144e-07, 2.99071587051e-07, 1.29112095237e-07, 4.92577783007e-08, 4.7372425982e-09, 1.21248733276e-09, 6.24619245215e-10, 4.40098846255e-10, 2.9693031367e-10, 2.40312242328e-10, 1.96363661442e-10, 8.70330404967e-11, 5.2186199806e-11, 4.99822301603e-11, 4.79898551453e-11, 4.57782943497e-11, 4.39549195652e-11, 4.21164943198e-11, 4.05893756106e-11, 3.91813977096e-11, 3.78418962832e-11, 3.66197072665e-11, 3.54557494475e-11, 3.42284013632e-11, 3.32260850777e-11, 3.25530678802e-11, 3.18515318287e-11, 3.07140909928e-11, 3.02300580401e-11, 2.96429547575e-11, 2.91757347448e-11, 2.86517996828e-11, 2.83373307458e-11, 2.81515592088e-11, 2.79763278516e-11]
    },
    "mfcc": {
        "mean": [-746.68762207, 140.617767334, -45.7830886841, 22.6085071564, -30.1913528442, -8.44383525848, -26.0904121399, 5.68910551071, -26.7659130096, 2.94179940224, -16.8796672821, -1.11820340157, -9.37211608887],
        "cov": [[5499.68164062, 106.111732483, -1582.03210449, -156.829055786, -680.09564209, -83.9272460938, -364.93182373, 169.259002686, -173.357727051, 311.632232666, -251.854888916, 32.7273216248, -218.200180054], [106.111732483, 845.756713867, -190.755783081, -254.766067505, -82.0344009399, -329.647918701, 166.462493896, -69.7953643799, 10.791144371, -21.4925537109, 53.4225120544, -40.7965431213, 45.7036018372], [-1582.03210449, -190.755783081, 1006.85198975, 156.759292603, 146.732711792, 165.909347534, -53.0986061096, -13.8994598389, -0.86865323782, -135.148529053, 9.28665924072, 21.0964698792, 38.413269043], [-156.829055786, -254.766067505, 156.759292603, 422.697906494, 146.479248047, -13.1605844498, -149.961898804, -21.7876548767, 19.3133220673, -19.3223991394, -43.2862167358, -3.63191127777, 44.9340133667], [-680.09564209, -82.0344009399, 146.732711792, 146.479248047, 326.900054932, 38.5128974915, -72.9276580811, -57.2706756592, 31.2488422394, -26.6806297302, 14.0078639984, -16.7113666534, 17.7869720459], [-83.9272460938, -329.647918701, 165.909347534, -13.1605844498, 38.5128974915, 433.656921387, -13.6389904022, -10.5940227509, 26.6924133301, -15.4890136719, 3.50891327858, 11.8467130661, -52.4759941101], [-364.93182373, 166.462493896, -53.0986061096, -149.961898804, -72.9276580811, -13.6389904022, 383.880889893, 52.207572937, -6.37276315689, -29.435174942, 32.5080375671, -39.2114982605, 13.7331628799], [169.259002686, -69.7953643799, -13.8994598389, -21.7876548767, -57.2706756592, -10.5940227509, 52.207572937, 144.33883667, -14.5571956635, 0.355687826872, -15.3771181107, -14.0394392014, -16.8831653595], [-173.357727051, 10.791144371, -0.86865323782, 19.3133220673, 31.2488422394, 26.6924133301, -6.37276315689, -14.5571956635, 149.979782104, 28.4457035065, 15.5665664673, -10.2995986938, 7.06835508347], [311.632232666, -21.4925537109, -135.148529053, -19.3223991394, -26.6806297302, -15.4890136719, -29.435174942, 0.355687826872, 28.4457035065, 132.994674683, 12.655090332, 7.79364728928, -11.2892274857], [-251.854888916, 53.4225120544, 9.28665924072, -43.2862167358, 14.0078639984, 3.50891327858, 32.5080375671, -15.3771181107, 15.5665664673, 12.655090332, 140.21824646, 20.5224552155, -2.68391537666], [32.7273216248, -40.7965431213, 21.0964698792, -3.63191127777, -16.7113666534, 11.8467130661, -39.2114982605, -14.0394392014, -10.2995986938, 7.79364728928, 20.5224552155, 92.7547149658, 10.9469041824], [-218.200180054, 45.7036018372, 38.413269043, 44.9340133667, 17.7869720459, -52.4759941101, 13.7331628799, -16.8831653595, 7.06835508347, -11.2892274857, -2.68391537666, 10.9469041824, 121.950836182]],
        "icov": [[0.00166426494252, -0.00174288335256, 0.00232991459779, -0.00166663632262, 0.00255026179366, -0.00215225550346, 0.00231189420447, -0.0022865771316, 0.00198721606284, -0.00172452814877, 0.00208532600664, -0.00085432745982, 0.00148391479161], [-0.00174288335256, 0.00508410250768, -0.00242964504287, 0.00374523270875, -0.00248826015741, 0.00481161940843, -0.00296050310135, 0.0046540661715, -0.00291727436706, 0.00295485905372, -0.00273145129904, 0.00221373979002, -0.0020435906481], [0.00232991459779, -0.00242964504287, 0.00462705036625, -0.00264125410467, 0.00326982396655, -0.00350113748573, 0.00336038600653, -0.00342129939236, 0.00274759810418, -0.00114146550186, 0.00264389184304, -0.00149053533096, 0.00168659584597], [-0.00166663632262, 0.00374523270875, -0.00264125410467, 0.00642182817683, -0.00364839611575, 0.00395912164822, -0.00147728715092, 0.00325847719796, -0.00277812988497, 0.0025364048779, -0.00155987334438, 0.00195673597045, -0.00288076908328], [0.00255026179366, -0.00248826015741, 0.00326982396655, -0.00364839611575, 0.00818737596273, -0.00340681616217, 0.00386802828871, -0.00207296316512, 0.00253722118214, -0.00205795420334, 0.00226640235633, 5.20839676028e-05, 0.00213483837433], [-0.00215225550346, 0.00481161940843, -0.00350113748573, 0.00395912164822, -0.00340681616217, 0.00754224089906, -0.00351018458605, 0.0049347076565, -0.00382388336584, 0.00316588603891, -0.00284395320341, 0.00155504874419, -0.000876779202372], [0.00231189420447, -0.00296050310135, 0.00336038600653, -0.00147728715092, 0.00386802828871, -0.00351018458605, 0.00698431488127, -0.00465044332668, 0.00281981239095, -0.00150090560783, 0.00196344638243, 0.000348183995811, 0.000936518597882], [-0.0022865771316, 0.0046540661715, -0.00342129939236, 0.00325847719796, -0.00207296316512, 0.0049347076565, -0.00465044332668, 0.0128365959972, -0.00283867772669, 0.00277995318174, -0.00245393649675, 0.00285921199247, -0.0011205872288], [0.00198721606284, -0.00291727436706, 0.00274759810418, -0.00277812988497, 0.00253722118214, -0.00382388336584, 0.00281981239095, -0.00283867772669, 0.0101090362296, -0.00427785236388, 0.00181357597467, -6.44843457849e-05, 0.00114482408389], [-0.00172452814877, 0.00295485905372, -0.00114146550186, 0.0025364048779, -0.00205795420334, 0.00316588603891, -0.00150090560783, 0.00277995318174, -0.00427785236388, 0.0119390208274, -0.00331476912834, 0.000690807879437, -0.00133347313385], [0.00208532600664, -0.00273145129904, 0.00264389184304, -0.00155987334438, 0.00226640235633, -0.00284395320341, 0.00196344638243, -0.00245393649675, 0.00181357597467, -0.00331476912834, 0.0110604520887, -0.0036363969557, 0.00253948778845], [-0.00085432745982, 0.00221373979002, -0.00149053533096, 0.00195673597045, 5.20839676028e-05, 0.00155504874419, 0.000348183995811, 0.00285921199247, -6.44843457849e-05, 0.000690807879437, -0.0036363969557, 0.0139389317483, -0.00285511952825], [0.00148391479161, -0.0020435906481, 0.00168659584597, -0.00288076908328, 0.00213483837433, -0.000876779202372, 0.000936518597882, -0.0011205872288, 0.00114482408389, -0.00133347313385, 0.00253948778845, -0.00285511952825, 0.0113243078813]]
    },
    "spectral_contrast_coeffs": {
        "max": [-0.35762566328, -0.375070542097, -0.412930309772, -0.566837191582, -0.610829770565, -0.550679564476],
        "mean": [-0.622945606709, -0.700902104378, -0.742618262768, -0.784554719925, -0.774518549442, -0.708530902863],
        "min": [-0.881114721298, -0.942209780216, -0.9114112854, -0.92390525341, -0.901814162731, -0.919133365154],
        "stdev": [0.095671877265, 0.119473226368, 0.0934235677123, 0.0645949244499, 0.0585914589465, 0.0615035668015]
    },
    "spectral_contrast_valleys": {
        "max": [-6.09857034683, -5.01935815811, -5.35710430145, -5.76122808456, -6.21545267105, -10.7615566254],
        "mean": [-8.66163730621, -7.47020101547, -8.07674312592, -8.4408788681, -8.3495092392, -12.4270153046],
        "min": [-10.2647848129, -9.93633747101, -10.4637126923, -11.1564130783, -10.9629392624, -13.2038621902],
        "stdev": [0.635381817818, 0.845278143883, 0.927131414413, 0.883228123188, 0.822258710861, 0.382751584053]
    }
},
"rhythm": {
    "beats_count": 71,
    "beats_loudness": {
        "max": 0.26790329814,
        "mean": 0.0232983343303,
        "min": 7.43421187508e-05,
        "stdev": 0.0375831015408
    },
    "bpm": 135.487991333,
    "bpm_histogram_first_peak_bpm": 136,
    "bpm_histogram_first_peak_weight": 0.423076927662,
    "bpm_histogram_second_peak_bpm": 129,
    "bpm_histogram_second_peak_spread": 0,
    "bpm_histogram_second_peak_weight": 0.0714285746217,
    "danceability": 1.13876700401,
    "onset_rate": 4.1220703125,
    "beats_loudness_band_ratio": {
        "max": [0.422359615564, 0.94756925106, 0.897575378418, 0.944141209126, 0.56866389513, 0.246842876077],
        "mean": [0.0296999774873, 0.267129153013, 0.419353842735, 0.189955279231, 0.104298636317, 0.0307264421135],
        "min": [0.000144073797856, 0.00598750263453, 0.00902511086315, 0.00124640401918, 0.00273440708406, 0.0012573095737],
        "stdev": [0.0617088451982, 0.287471801043, 0.298296749592, 0.234436064959, 0.117103800178, 0.0440170168877]
    },
