{
"metadata": {
    "version": {
        "essentia": "2.1-beta5",
        "essentia_git_sha": "Undefined",
        "extractor": "music 2.0"
    },
    "audio_properties": {
        "analysis": {
            "equal_loudness": 0,
            "length": 12.7477550507,
            "sample_rate": 44100,
            "start_time": 0,
            "downmix": "mix"
        },
        "bit_rate": 192000,
        "length": 176.80897522,
        "lossless": 0,
        "number_channels": 2,
        "replay_gain": 1.29946327209,
        "sample_rate": 48000,
        "codec": "mp3",
        "md5_encoded": "0c1fe4da542f2b0767a41bc073803df4"
    },
    "tags": {
        "file_name": "Austria_Sehnsucht_Jimmy Makulis.mp3",
        "encoding": ["Lavf58.29.100"]
    }
},
"lowlevel": {
    "average_loudness": 0.749250113964,
    "barkbands_crest": {
        "max": 23.306886673,
        "mean": 9.78319835663,
        "min": 3.61668252945,
        "stdev": 4.21314144135
    },
    "barkbands_flatness_db": {
        "max": 0.316176384687,
        "mean": 0.198800846934,
        "min": 0.0709974095225,
        "stdev": 0.047580704093
    },
    "barkbands_kurtosis": {
        "max": 44.7670440674,
        "mean": 2.57438588142,
        "min": -1.5449501276,
        "stdev": 4.97037172318
    },
    "barkbands_skewness": {
        "max": 5.67572975159,
        "mean": 0.882676661015,
        "min": -2.0714392662,
        "stdev": 0.955720722675
    },
    "barkbands_spread": {
        "max": 40.0700912476,
        "mean": 11.5741386414,
        "min": 1.73116195202,
        "stdev": 7.36556720734
    },
    "dissonance": {
        "max": 0.49950414896,
        "mean": 0.451300948858,
        "min": 0.239056497812,
        "stdev": 0.0407953262329
    },
    "dynamic_complexity": 7.75114631653,
    "erbbands_crest": {
        "max": 32.5414962769,
        "mean": 11.9303264618,
        "min": 2.90809702873,
        "stdev": 6.60539770126
    },
    "erbbands_flatness_db": {
        "max": 0.388123363256,
        "mean": 0.267172336578,
        "min": 0.0909426659346,
        "stdev": 0.0547855086625
    },
    "erbbands_kurtosis": {
        "max": 19.5521335602,
        "mean": 1.64756083488,
        "min": -1.53066492081,
        "stdev": 2.85527014732
    },
    "erbbands_skewness": {
        "max": 3.01543354988,
        "mean": 0.500217735767,
        "min": -4.20490837097,
        "stdev": 0.917726635933
    },
    "erbbands_spread": {
        "max": 74.7204208374,
        "mean": 17.8214931488,
        "min": 3.17509627342,
        "stdev": 10.3071174622
    },
    "hfc": {
        "max": 93.9586029053,
        "mean": 12.5918836594,
        "min": 0.00143880734686,
        "stdev": 16.0008831024
    },
    "loudness_ebu128": {
        "integrated": -27.1186618805,
        "loudness_range": 10.9320049286,
        "momentary": {
            "max": -22.2110137939,
            "mean": -32.1359901428,
            "min": -56.2570800781,
            "stdev": 8.42122650146
        },
        "short_term": {
            "max": -24.3635387421,
            "mean": -28.686958313,
            "min": -36.1018600464,
            "stdev": 4.07392168045
        }
    },
    "melbands_crest": {
        "max": 30.1527805328,
        "mean": 11.9539699554,
        "min": 4.12629175186,
        "stdev": 4.92422580719
    },
    "melbands_flatness_db": {
        "max": 0.35659596324,
        "mean": 0.222030729055,
        "min": 0.125959694386,
        "stdev": 0.050445266068
    },
    "melbands_kurtosis": {
        "max": 118.165901184,
        "mean": 4.19234085083,
        "min": -1.77352976799,
        "stdev": 8.08837032318
    },
    "melbands_skewness": {
        "max": 8.5509262085,
        "mean": 1.20073616505,
        "min": -1.20888292789,
        "stdev": 1.01837563515
    },
    "melbands_spread": {
        "max": 91.7042770386,
        "mean": 18.9612922668,
        "min": 2.6905298233,
        "stdev": 15.78540802
    },
    "pitch_salience": {
        "max": 0.89454638958,
        "mean": 0.600327670574,
        "min": 0.227970197797,
        "stdev": 0.109482593834
    },
    "silence_rate_20dB": {
        "max": 1,
        "mean": 1,
        "min": 1,
        "stdev": 0
    },
    "silence_rate_30dB": {
        "max": 1,
        "mean": 0.994545459747,
        "min": 0,
        "stdev": 0.0736531987786
    },
    "silence_rate_60dB": {
        "max": 1,
        "mean": 0.332727283239,
        "min": 0,
        "stdev": 0.471189290285
    },
    "spectral_centroid": {
        "max": 3072.23461914,
        "mean": 1132.79199219,
        "min": 294.973236084,
        "stdev": 549.357299805
    },
    "spectral_complexity": {
        "max": 37,
        "mean": 13.7472724915,
        "min": 0,
        "stdev": 9.98852920532
    },
    "spectral_decrease": {
        "max": -2.23688689099e-13,
        "mean": -3.45159678616e-09,
        "min": -3.04715044308e-08,
        "stdev": 4.308329693e-09
    },
    "spectral_energy": {
        "max": 0.123437859118,
        "mean": 0.014169245027,
        "min": 9.74758108896e-07,
        "stdev": 0.0176886208355
    },
    "spectral_energyband_high": {
        "max": 0.000788187375292,
        "mean": 7.40121249692e-05,
        "min": 4.41083480851e-09,
        "stdev": 0.000119581265608
    },
    "spectral_energyband_low": {
        "max": 0.00159931031521,
        "mean": 0.000135697307996,
        "min": 9.86698296401e-08,
        "stdev": 0.000220635789447
    },
    "spectral_energyband_middle_high": {
        "max": 0.0398109406233,
        "mean": 0.0068438523449,
        "min": 7.80203663453e-07,
        "stdev": 0.00883224699646
    },
    "spectral_energyband_middle_low": {
        "max": 0.102580554783,
        "mean": 0.00886533502489,
        "min": 8.3015088137e-08,
        "stdev": 0.011956250295
    },
    "spectral_entropy": {
        "max": 8.20046615601,
        "mean": 7.14656496048,
        "min": 5.70610904694,
        "stdev": 0.463650494814
    },
    "spectral_flux": {
        "max": 0.185736134648,
        "mean": 0.0392480790615,
        "min": 0.000987298437394,
        "stdev": 0.0300836488605
    },
    "spectral_kurtosis": {
        "max": 38.7175521851,
        "mean": 8.07340240479,
        "min": 0.392606496811,
        "stdev": 5.76728630066
    },
    "spectral_rms": {
        "max": 0.0109739322215,
        "mean": 0.00302681117319,
        "min": 3.08380222123e-05,
        "stdev": 0.00215918105096
    },
    "spectral_rolloff": {
        "max": 3165.38085938,
        "mean": 1303.73754883,
        "min": 150.732421875,
        "stdev": 623.222351074
    },
    "spectral_skewness": {
        "max": 4.66890001297,
        "mean": 1.91305708885,
        "min": 0.737311303616,
        "stdev": 0.670221149921
    },
    "spectral_spread": {
        "max": 10981138,
        "mean": 2725485.5,
        "min": 1408008.125,
        "stdev": 893281.4375
    },
    "spectral_strongpeak": {
        "max": 6.42065382004,
        "mean": 1.40171432495,
        "min": 0,
        "stdev": 1.29242193699
    },
    "zerocrossingrate": {
        "max": 0.18212890625,
        "mean": 0.0506605096161,
        "min": 0.0126953125,
        "stdev": 0.0240629110485
    },
    "barkbands": {
        "max": [0.000240114022745, 0.00134660233743, 0.000763863732573, 0.000900575949345, 0.00398690113798, 0.0176513530314, 0.0148976063356, 0.0867032855749, 0.0113090965897, 0.0383821353316, 0.00525434361771, 0.01809110865, 0.00947573035955, 0.00659807072952, 0.0044248169288, 0.0088144140318, 0.00183110660873, 0.00502132344991, 0.00171239161864, 0.000541382993106, 0.000398613687139, 0.000105305029138, 0.000142621269333, 1.40064375955e-05, 2.37474736764e-07, 1.13148317382e-07, 1.14255492178e-07],
        "mean": [1.75964589744e-06, 3.99878845201e-05, 5.67196366319e-05, 7.97341781436e-05, 0.000339327380061, 0.00152890430763, 0.00147849449422, 0.00196223100647, 0.000911306357011, 0.00377763411961, 0.000590968178585, 0.00117447983939, 0.000495576241519, 0.000556994171347, 0.000366009306163, 0.000224867937504, 0.000191199753317, 0.000147584709339, 0.000142233999213, 5.44077956874e-05, 2.61284676526e-05, 1.17193994811e-05, 9.26313350647e-06, 1.63176173373e-06, 9.23452603274e-08, 9.93112703185e-10, 9.68632285492e-10],
        "min": [6.46036157903e-09, 4.6812402843e-08, 2.45844749003e-08, 1.28949491085e-08, 1.14959028963e-08, 4.33287716817e-09, 9.78151071251e-09, 5.27419707907e-09, 2.97293407669e-08, 3.24146753883e-08, 5.4870149313e-08, 7.85191858199e-08, 7.14455410389e-08, 7.01100333345e-08, 4.56990107978e-08, 4.91521987556e-08, 5.38117781446e-08, 4.50375630123e-08, 4.29938573632e-09, 1.33538036184e-09, 4.35843611202e-10, 9.52185108538e-10, 4.00333266537e-10, 5.11547360027e-10, 9.77394498669e-10, 1.25538704432e-10, 8.87545939521e-11],
        "stdev": [1.03200727608e-05, 0.00011474074563, 0.00010432167619, 0.000119355070638, 0.000446289195679, 0.00220401096158, 0.00217985361814, 0.00738792540506, 0.00159349723253, 0.00627525709569, 0.00089726888109, 0.00201266771182, 0.00101972010452, 0.000902517815121, 0.000625134969596, 0.000665876956191, 0.000294036784908, 0.000379807519494, 0.000209829944652, 8.45643298817e-05, 4.70652958029e-05, 1.76064222615e-05, 1.58545462909e-05, 2.24545510719e-06, 2.70027982197e-08, 4.85046536269e-09, 4.91285012671e-09]
    },
    "erbbands": {
        "max": [0.0202693641186, 0.355528235435, 0.543263077736, 2.58207583427, 8.82727336884, 12.0433082581, 30.5903434753, 161.113098145, 253.736831665, 734.35369873, 1415.28295898, 316.203613281, 1424.87023926, 685.773986816, 369.791564941, 758.131408691, 389.426849365, 279.249023438, 270.90246582, 359.303466797, 305.818511963, 131.653213501, 286.740478516, 128.835693359, 35.0350151062, 23.8631420135, 26.0862808228, 11.9647674561, 5.01090717316, 4.84712600708, 3.34653735161, 0.733154177666, 0.1220991835, 0.00568015547469, 0.00169092789292, 0.000492293853313, 0.000223677576287, 7.77204113547e-05, 6.4128296799e-05, 0.000143919503898],
        "mean": [0.000814945844468, 0.0105095095932, 0.0478534512222, 0.202846184373, 0.738198041916, 0.917160689831, 2.46878600121, 13.9030685425, 31.2014350891, 23.8348121643, 34.0074005127, 31.0388202667, 123.137130737, 39.7553443909, 36.6802177429, 49.6233139038, 26.4709835052, 27.8658485413, 20.4087924957, 20.9012756348, 11.5323486328, 9.04147434235, 8.7958984375, 9.45900917053, 4.00918960571, 2.80673456192, 1.52428507805, 0.820849776268, 0.437211155891, 0.349239736795, 0.240613982081, 0.0744322687387, 0.0122278789058, 0.00180294713937, 0.000436454516603, 2.6910141969e-05, 8.90562478162e-06, 2.90773300549e-06, 7.83327141107e-06, 1.68436563399e-05],
        "min": [1.7982870304e-06, 9.16977569432e-06, 2.66059159912e-05, 4.02147561545e-05, 3.6460620322e-05, 3.82226899092e-05, 4.50342849945e-05, 3.28785135935e-05, 9.63886122918e-05, 0.00017535747611, 0.00013969061547, 0.000680377183016, 0.00108095491305, 0.00173655687831, 0.00432624202222, 0.00337591231801, 0.00377292069606, 0.00405317125842, 0.00416767271236, 0.00264256028458, 0.00366627168842, 0.00354304676875, 0.00314225209877, 0.000790088786744, 0.00012944752234, 6.49451321806e-05, 3.24096399709e-05, 2.58414274867e-05, 2.72892411886e-05, 2.00115555344e-05, 1.3535142898e-05, 1.13961332318e-05, 9.14742213354e-06, 1.44905079651e-05, 4.48705895906e-06, 5.53329698505e-07, 2.0206688589e-07, 8.64325500061e-08, 1.47120342575e-08, 2.52004972445e-09],
        "stdev": [0.0018739416264, 0.0301687419415, 0.0756234973669, 0.331838011742, 1.21575570107, 1.16487324238, 3.96461725235, 19.8299884796, 46.1731185913, 64.9287109375, 131.218307495, 47.6610450745, 218.754013062, 64.7289428711, 55.515247345, 85.226890564, 46.0245094299, 44.7866401672, 31.0099658966, 41.3161621094, 25.258014679, 15.3964700699, 22.4366645813, 14.9882316589, 5.81164455414, 4.24230098724, 2.6590590477, 1.42982780933, 0.651907622814, 0.560267746449, 0.414877414703, 0.111362330616, 0.0163217876107, 0.000733686494641, 0.000155562214786, 2.68744515779e-05, 1.28210285766e-05, 4.43003591499e-06, 9.71142708295e-06, 2.10196358239e-05]
    },
    "gfcc": {
        "mean": [-136.886749268, 141.603683472, -184.755874634, 8.94617652893, -79.0690078735, -0.842379629612, -27.0465831757, -12.7709178925, -5.86155509949, -18.6126766205, 6.44304323196, -13.9370183945, 0.384002387524],
        "cov": [[10407.3271484, 1023.99194336, -3406.62011719, -1204.08544922, -866.690612793, -1395.46118164, 841.482116699, -1102.78686523, 844.221069336, -326.436340332, 276.250061035, -19.5288295746, 106.281089783], [1023.99194336, 628.606994629, 30.7472953796, -326.911102295, -125.166053772, -91.645690918, 32.2756080627, -228.777801514, 67.4077301025, -39.3380699158, -42.2411155701, -66.0750427246, 31.9402961731], [-3406.62011719, 30.7472953796, 1564.30029297, 370.606811523, 180.479278564, 519.594543457, -329.802490234, 240.642822266, -313.07723999, 83.9048461914, -158.099761963, -72.8844299316, -52.626865387], [-1204.08544922, -326.911102295, 370.606811523, 451.844818115, 135.250366211, 185.264541626, -84.7510757446, 165.075744629, -94.4993896484, 36.9316101074, -22.0468616486, -11.2371644974, -62.3879432678], [-866.690612793, -125.166053772, 180.479278564, 135.250366211, 292.403991699, 103.2292099, -81.7941741943, 198.253356934, -23.1476650238, 48.4760818481, -8.03174686432, 28.4517707825, -25.2827548981], [-1395.46118164, -91.645690918, 519.594543457, 185.264541626, 103.2292099, 338.305450439, -95.7804946899, 101.848709106, -96.4399185181, 38.7623100281, -97.1874923706, -26.0524520874, -16.5479660034], [841.482116699, 32.2756080627, -329.802490234, -84.7510757446, -81.7941741943, -95.7804946899, 166.102752686, -62.0508956909, 51.7215614319, -34.6472434998, 28.5095386505, 17.300245285, 37.3504676819], [-1102.78686523, -228.777801514, 240.642822266, 165.075744629, 198.253356934, 101.848709106, -62.0508956909, 250.302474976, -60.6527938843, 43.3439903259, 15.7241611481, 31.2157859802, -25.5379066467], [844.221069336, 67.4077301025, -313.07723999, -94.4993896484, -23.1476650238, -96.4399185181, 51.7215614319, -60.6527938843, 141.686355591, 10.0371313095, 15.0708694458, 15.2244844437, 9.75095748901], [-326.436340332, -39.3380699158, 83.9048461914, 36.9316101074, 48.4760818481, 38.7623100281, -34.6472434998, 43.3439903259, 10.0371313095, 65.4245529175, 11.9409379959, 20.6425762177, 8.51766490936], [276.250061035, -42.2411155701, -158.099761963, -22.0468616486, -8.03174686432, -97.1874923706, 28.5095386505, 15.7241611481, 15.0708694458, 11.9409379959, 88.5495529175, 31.7129440308, 2.95642518997], [-19.5288295746, -66.0750427246, -72.8844299316, -11.2371644974, 28.4517707825, -26.0524520874, 17.300245285, 31.2157859802, 15.2244844437, 20.6425762177, 31.7129440308, 73.2724761963, 36.581577301], [106.281089783, 31.9402961731, -52.626865387, -62.3879432678, -25.2827548981, -16.5479660034, 37.3504676819, -25.5379066467, 9.75095748901, 8.51766490936, 2.95642518997, 36.581577301, 71.4520263672]],
        "icov": [[0.00299339951016, -0.00252573797479, 0.00285159889609, -0.00128433725331, 0.000231359255849, 0.00250805099495, -0.00328503758647, 0.00474667362869, -0.0064914142713, 0.00489421980456, -0.00278467684984, 0.00109764875378, 0.00158755597658], [-0.00252573797479, 0.0146100921556, -0.0116009069607, 0.00872389785945, -0.00874837581068, 0.00239830766805, -0.00523905269802, 0.00948924571276, -0.00586599251255, 0.00170231808443, -0.00375575269572, 0.00777633581311, -0.00333948503248], [0.00285159889609, -0.0116009069607, 0.0127644287422, -0.00689685065299, 0.00764225143939, -0.00262136524543, 0.00600783713162, -0.00680519035086, 0.00649196980521, -0.00241746101528, 0.0043582841754, -0.00412432802841, 0.00218143151142], [-0.00128433725331, 0.00872389785945, -0.00689685065299, 0.00914875790477, -0.00535708479583, 0.000470519036753, -0.00416002888232, 0.00506174471229, -0.00278731854632, 6.46202097414e-05, -0.00240224599838, 0.00396273797378, 0.00155946030281], [0.000231359255849, -0.00874837581068, 0.00764225143939, -0.00535708479583, 0.0150621961802, -0.00361868157052, 0.00828038901091, -0.0160608030856, 0.00644205277786, -0.00512568606064, 0.00715407682583, -0.00735570956022, 0.00214239931665], [0.00250805099495, 0.00239830766805, -0.00262136524543, 0.000470519036753, -0.00361868157052, 0.0130664892495, -0.00781226623803, 0.00839228183031, -0.00778569001704, 0.00153215788305, 0.003601067001, 0.00352954422124, 0.00143020495307], [-0.00328503758647, -0.00523905269802, 0.00600783713162, -0.00416002888232, 0.00828038901091, -0.00781226623803, 0.0232706125826, -0.0164855588228, 0.0138306282461, -0.00366898626089, 0.00515727186576, -0.00472458638251, -0.0081595107913], [0.00474667362869, 0.00948924571276, -0.00680519035086, 0.00506174471229, -0.0160608030856, 0.00839228183031, -0.0164855588228, 0.035088762641, -0.0206841602921, 0.0133954230696, -0.0153882391751, 0.00737445475534, 0.00361156207509], [-0.0064914142713, -0.00586599251255, 0.00649196980521, -0.00278731854632, 0.00644205277786, -0.00778569001704, 0.0138306282461, -0.0206841602921, 0.0438240543008, -0.0288302395493, 0.020267508924, -0.012116250582, 0.00330025656149], [0.00489421980456, 0.00170231808443, -0.00241746101528, 6.46202097414e-05, -0.00512568606064, 0.00153215788305, -0.00366898626089, 0.0133954230696, -0.0288302395493, 0.0436351634562, -0.0211226195097, 0.00460879364982, -0.00727106211707], [-0.00278467684984, -0.00375575269572, 0.0043582841754, -0.00240224599838, 0.00715407682583, 0.003601067001, 0.00515727186576, -0.0153882391751, 0.020267508924, -0.0211226195097, 0.03497781232, -0.0133322421461, 0.00723363785073], [0.00109764875378, 0.00777633581311, -0.00412432802841, 0.00396273797378, -0.00735570956022, 0.00352954422124, -0.00472458638251, 0.00737445475534, -0.012116250582, 0.00460879364982, -0.0133322421461, 0.0354488343, -0.0178595781326], [0.00158755597658, -0.00333948503248, 0.00218143151142, 0.00155946030281, 0.00214239931665, 0.00143020495307, -0.0081595107913, 0.00361156207509, 0.00330025656149, -0.00727106211707, 0.00723363785073, -0.0178595781326, 0.0320012494922]]
    },
    "melbands": {
        "max": [0.000302542321151, 0.000292591721518, 0.000377738004318, 0.000504824682139, 0.0010576939676, 0.00406340742484, 0.00359216448851, 0.0127558046952, 0.00924538448453, 0.00176876212936, 0.00720565952361, 0.00301688490435, 0.000848872819915, 0.00225689075887, 0.000866336689796, 0.000986240920611, 0.000621145707555, 0.000424745376222, 0.000308902177494, 0.000632427050732, 0.000259926047875, 8.53770397953e-05, 0.000332402240019, 0.00015971979883, 0.000120043194329, 2.48151154665e-05, 2.129049426e-05, 1.56738133228e-05, 1.85175867955e-05, 1.13583637358e-05, 5.56130225959e-06, 2.85944020106e-06, 1.87314276445e-06, 3.29223598783e-06, 2.17883166442e-06, 1.04521291178e-06, 2.7526718327e-07, 1.43464177427e-07, 4.53719062321e-09, 3.02302027855e-09],
        "mean": [9.52222126216e-06, 2.32774400502e-05, 4.98641238664e-05, 5.97244179517e-05, 7.56052104407e-05, 0.000365499901818, 0.000421396980528, 0.000320318591548, 0.000253198260907, 0.000172322790604, 0.00062348227948, 0.000162836222444, 9.95380542008e-05, 0.000141035168781, 7.75752196205e-05, 5.09192686877e-05, 5.48088464711e-05, 3.55768897862e-05, 2.57918527495e-05, 2.41728630499e-05, 1.23295021695e-05, 9.93285266304e-06, 9.70943619905e-06, 6.00141493123e-06, 8.37171864987e-06, 2.79255277746e-06, 2.11573433262e-06, 1.77928438916e-06, 1.06509548914e-06, 6.84196265865e-07, 4.08126510365e-07, 2.55470922639e-07, 1.84518569313e-07, 2.02969587804e-07, 1.58987361942e-07, 7.83863072229e-08, 3.23401536662e-08, 9.79709646742e-09, 1.57096502473e-09, 1.21091958682e-09],
        "min": [1.65064939495e-08, 1.3247386299e-08, 6.79646072754e-09, 2.54945375922e-09, 1.64738722663e-09, 7.60299045943e-10, 1.65109692585e-09, 1.81933124122e-09, 1.31786082047e-09, 4.60793536661e-09, 5.48106982023e-09, 6.59471499631e-09, 6.99396451864e-09, 1.37760789443e-08, 6.02802874283e-09, 6.87780765674e-09, 6.92437307492e-09, 7.79139863738e-09, 2.77927636461e-09, 3.66809960184e-09, 2.03102001883e-09, 3.38733729954e-09, 2.66596211773e-09, 1.62739588472e-09, 4.44539433042e-10, 1.45738754398e-10, 2.88595258802e-11, 4.63168392528e-11, 2.80353830429e-11, 6.06655307586e-12, 2.04548253335e-11, 1.59060160876e-11, 1.693673847e-11, 7.96929449515e-12, 7.29829391366e-12, 6.9552020393e-12, 6.96404349118e-12, 5.59704669764e-12, 9.86202786102e-12, 1.17578793923e-11],
        "stdev": [2.58463096543e-05, 3.79714874725e-05, 6.42193626845e-05, 7.70905462559e-05, 0.000125834994833, 0.000534066290129, 0.000620687322225, 0.00107146042865, 0.000868971983436, 0.000266858522082, 0.00111325539183, 0.000285687769065, 0.000146898426465, 0.000244748021942, 0.000113133057312, 0.000118414893223, 9.09442387638e-05, 5.42726957065e-05, 4.5745731768e-05, 5.81423664698e-05, 2.34877879848e-05, 1.53498021973e-05, 2.66398201347e-05, 1.2672212506e-05, 1.33353669298e-05, 4.2738583943e-06, 3.25308269566e-06, 2.80603399005e-06, 1.89223021607e-06, 1.33392950374e-06, 7.31024385914e-07, 3.83067316534e-07, 2.77279866623e-07, 3.45202863627e-07, 2.83574365767e-07, 1.29973159346e-07, 4.62826506009e-08, 1.49951038253e-08, 6.37500552347e-10, 3.93076876604e-10]
    },
    "melbands128": {
        "max": [0.000124154612422, 0.000128593266709, 0.000499743968248, 0.000649645575322, 0.000263110938249, 0.000487884914037, 0.000641027931124, 0.000339354621246, 0.00122560444288, 0.00061404844746, 0.000565375667065, 0.00189896067604, 0.00139230897184, 0.00200792052783, 0.00213867239654, 0.00899823568761, 0.00823858194053, 0.00650923978537, 0.00215798802674, 0.0043969899416, 0.0286351926625, 0.0265677422285, 0.00773459998891, 0.00209250021726, 0.00382163003087, 0.00124610471539, 0.00236283498816, 0.0147275840864, 0.00495147146285, 0.0059406333603, 0.00256644561887, 0.000671147892717, 0.00159168196842, 0.00196389947087, 0.00195968104526, 0.00270939385518, 0.00302445050329, 0.000305988272885, 0.000781876675319, 0.0019625891, 0.00190916273277, 0.00139022758231, 0.000746572215576, 0.00135310331825, 0.000481055612909, 0.000681645236909, 0.000652718241327, 0.000459000904812, 0.000565074675251, 0.000960095785558, 0.000871099997312, 0.00107510702219, 0.000207030549063, 0.000118325835501, 0.000268238043645, 8.05648232927e-05, 0.000175972498255, 0.00022639465169, 0.000558494823053, 0.000261946901446, 0.000141037104186, 5.74413643335e-05, 0.000266420218395, 0.000119627700769, 8.32707664813e-05, 2.3188194973e-05, 4.65427947347e-05, 6.11303476035e-05, 1.07812302304e-05, 2.49940785579e-05, 1.88610301848e-05, 3.65100095223e-05, 2.14125939237e-05, 2.48285487032e-05, 1.91145682038e-05, 2.14404935832e-05, 7.91530419519e-06, 6.8192184699e-06, 7.39137203709e-06, 6.51887830827e-06, 3.45584021488e-06, 4.41535166829e-06, 2.85218425233e-06, 1.60287095241e-06, 2.64781920123e-06, 2.6180414352e-06, 4.94250843985e-06, 3.74892374566e-06, 2.820462214e-06, 1.99200599127e-06, 1.49838149355e-06, 1.11802137326e-06, 5.59718557724e-07, 3.53226283778e-07, 3.05430120306e-07, 3.39467419508e-07, 7.64677210441e-08, 9.57156043313e-09, 7.75640440764e-09, 4.39266356622e-09, 4.27479163179e-09, 3.74712305629e-09, 3.14400128154e-09, 6.24017504336e-09, 1.56753332536e-09, 8.71625216448e-10, 8.64582405669e-10, 8.27031387818e-10, 7.95317367519e-10, 7.56988860484e-10, 7.18573034408e-10, 6.92642276867e-10, 6.6197808346e-10, 6.28851803963e-10, 6.02621119672e-10, 5.82803638682e-10, 5.69004454665e-10, 5.42453582053e-10, 5.20842813323e-10, 5.16566955877e-10, 4.95438190473e-10, 4.79628614602e-10, 4.61041371747e-10, 4.56556015216e-10, 4.47296394368e-10, 4.49747072917e-10, 4.37193503622e-10, 4.33512836739e-10],
        "mean": [1.16640353554e-06, 4.57685064248e-06, 1.35138889163e-05, 1.8092119717e-05, 1.70777002495e-05, 3.33299249178e-05, 3.8510414015e-05, 4.10484753957e-05, 9.10405651666e-05, 5.73028701183e-05, 3.84948616556e-05, 7.29192033759e-05, 7.48360107536e-05, 9.22992257983e-05, 0.000124626210891, 0.000658948149066, 0.00086739147082, 0.000242048452492, 9.13489857339e-05, 0.000189407539438, 0.000544680166058, 0.000417930685217, 0.000155621033628, 0.000134147587232, 0.000258237327216, 8.60228828969e-05, 0.000223505325266, 0.0011426374549, 0.000438125309302, 0.000196342545678, 7.17687144061e-05, 4.54350374639e-05, 9.68924214249e-05, 0.00014991806529, 0.000122525612824, 0.000132842891617, 0.000195400294615, 3.23881395161e-05, 4.97045148222e-05, 6.69713190291e-05, 5.43039677723e-05, 2.14413103095e-05, 4.32616398029e-05, 9.72837515292e-05, 3.52237329935e-05, 2.63758811343e-05, 2.67219566012e-05, 2.06707409234e-05, 2.4679247872e-05, 4.1741070163e-05, 1.95851262106e-05, 1.5204279407e-05, 8.86674570211e-06, 1.00112065411e-05, 2.21584577957e-05, 5.1702154451e-06, 5.41966164747e-06, 9.85270617093e-06, 1.31000078909e-05, 7.31931913833e-06, 3.85850580642e-06, 3.78511936105e-06, 1.48803674165e-05, 7.23872744857e-06, 2.53510552284e-06, 1.9951505692e-06, 4.12934605265e-06, 2.41042585003e-06, 8.81353628301e-07, 2.86232511826e-06, 1.61169464263e-06, 1.57014380875e-06, 1.44883381381e-06, 9.38500875236e-07, 5.14129681051e-07, 1.07474897959e-06, 4.63084859348e-07, 4.19108488359e-07, 4.56687729411e-07, 3.38985103099e-07, 2.7195687835e-07, 2.11651581594e-07, 2.22219441071e-07, 1.49763550894e-07, 2.0244911525e-07, 1.73962646954e-07, 2.24516398362e-07, 2.17527841073e-07, 1.58835462116e-07, 1.13172688998e-07, 1.03587090905e-07, 6.07566406075e-08, 4.86292996982e-08, 3.19378123947e-08, 2.52540690582e-08, 1.54264920837e-08, 5.91212190315e-09, 1.95930827118e-09, 1.47384737748e-09, 1.31600896847e-09, 1.26662469402e-09, 1.2087206791e-09, 1.13310194561e-09, 1.09339792775e-09, 3.00005770226e-10, 7.10356556563e-12, 6.73155541725e-12, 6.79042846258e-12, 6.65260554977e-12, 6.50743738409e-12, 6.30745585969e-12, 6.1627413242e-12, 5.84575096663e-12, 5.65960646404e-12, 5.53860646582e-12, 5.48922062318e-12, 5.37421843139e-12, 4.76223487728e-12, 4.54635201014e-12, 4.40436229154e-12, 4.31393159042e-12, 4.23825557982e-12, 4.06701885711e-12, 3.80175144837e-12, 3.4718636386e-12, 2.89669742186e-12, 2.56885810367e-12, 2.51195592105e-12],
        "min": [1.63747723714e-10, 1.69170242259e-08, 1.56184984945e-08, 1.50519809949e-08, 6.25364648954e-09, 1.17608944805e-08, 8.66184635129e-09, 5.65091218263e-09, 3.421454009e-09, 2.27819429988e-09, 2.07254924334e-09, 1.97776861555e-09, 1.62525848335e-09, 1.15086340458e-09, 6.71982913758e-10, 4.92237917094e-10, 9.55877266229e-10, 1.92540472455e-09, 2.45943576616e-09, 2.12034789726e-09, 1.50610868221e-09, 9.01221708371e-10, 6.04269412285e-10, 1.15683662649e-09, 3.49194273497e-09, 3.95002430764e-09, 4.81783368755e-09, 3.30567861972e-09, 1.98964156262e-09, 4.02792821319e-09, 6.27285690058e-09, 6.06871441988e-09, 4.4564947288e-09, 4.78356954048e-09, 4.85817697182e-09, 9.08607233896e-09, 4.30527524742e-09, 2.53185761245e-09, 3.21710658113e-09, 4.71863614848e-09, 3.84569620593e-09, 4.98574692642e-09, 5.74132563713e-09, 3.011010552e-09, 2.94738167206e-09, 4.57183935154e-09, 2.70307398686e-09, 1.06307729286e-09, 1.89979876275e-09, 2.54342635841e-09, 1.55989376971e-09, 1.89009252693e-09, 1.20559562333e-09, 8.45866432453e-10, 8.86477169448e-10, 2.71724553969e-09, 1.10439235534e-09, 9.146366442e-10, 1.81176096348e-09, 1.6264858349e-09, 9.14400555274e-10, 1.44541356661e-09, 3.72942843274e-10, 1.8179445449e-10, 3.62749330574e-10, 1.54901313998e-10, 1.66067229412e-11, 3.92323985798e-11, 2.07411275654e-11, 3.36562201719e-11, 5.36868431655e-11, 4.26132983067e-11, 5.5990202058e-11, 1.96503178312e-11, 5.69762292901e-12, 5.30044367772e-12, 7.71145040185e-12, 5.54851390527e-12, 2.08627646409e-11, 4.10344501434e-11, 1.38488474161e-11, 5.19285872982e-12, 1.76144480946e-11, 1.83305037815e-11, 1.93906436047e-11, 8.03333267962e-12, 4.5826233433e-12, 4.52919255919e-12, 5.76634833632e-12, 1.33025855956e-11, 4.95272529585e-12, 6.01923025312e-12, 8.01411107615e-12, 6.80346881263e-12, 7.59420391155e-12, 3.47762443842e-12, 7.11872704881e-12, 5.26067167259e-12, 3.43086908709e-12, 1.51203216614e-11, 2.3722324452e-11, 5.2501210844e-12, 7.20982084798e-12, 1.08268559049e-11, 5.05082824523e-12, 7.7145782167e-13, 5.66761969387e-13, 7.33976627306e-13, 6.00132194373e-13, 5.56047016157e-13, 6.91596302796e-13, 3.99483641696e-13, 6.05082878333e-13, 4.62415858642e-13, 7.12417212896e-13, 7.04300875433e-13, 4.89481719046e-13, 3.58778680593e-13, 2.89154713628e-13, 3.61758013953e-13, 4.73752493398e-13, 5.15122883585e-13, 5.16337840539e-13, 3.62535793486e-13, 3.5486701468e-13, 1.116684463e-13, 1.22211692399e-14, 3.98800422803e-16],
        "stdev": [5.38622998647e-06, 9.04943590285e-06, 4.11637411162e-05, 5.65859627386e-05, 3.1255367503e-05, 6.57255804981e-05, 8.13609003671e-05, 5.50275435671e-05, 0.000168938742718, 9.47164226091e-05, 5.69795374759e-05, 0.000164444514667, 0.000168105820194, 0.000172987827682, 0.000184558521141, 0.00113519316074, 0.00137976417318, 0.000598140992224, 0.000227709431783, 0.000411052256823, 0.00225761556067, 0.00230391137302, 0.000516175292432, 0.00026935263304, 0.000557225663215, 0.000143634446431, 0.000378357886802, 0.00220669992268, 0.000824898364954, 0.000476788671222, 0.000195720916963, 8.23145455797e-05, 0.000173545078724, 0.00029963706038, 0.00027584383497, 0.000269486743491, 0.000376280630007, 4.56786910945e-05, 9.48310480453e-05, 0.000163097312907, 0.000189544298337, 7.71169143263e-05, 7.85408337833e-05, 0.000189006779692, 7.0411057095e-05, 5.25249815837e-05, 5.86245951126e-05, 5.25299801666e-05, 6.15717945038e-05, 9.28247172851e-05, 6.33036761428e-05, 6.53013630654e-05, 2.33548616961e-05, 1.73659718712e-05, 3.79662669729e-05, 9.45501506067e-06, 1.53511773533e-05, 2.51019155257e-05, 4.38961142208e-05, 2.11325004784e-05, 1.02249387055e-05, 6.79084678268e-06, 2.44554648816e-05, 1.23122299556e-05, 6.24345466349e-06, 3.4934271298e-06, 6.52015023661e-06, 5.75400872549e-06, 1.53054497787e-06, 4.69642600365e-06, 2.59781427303e-06, 3.88005810237e-06, 2.71495923698e-06, 1.88825629266e-06, 1.17583294923e-06, 2.4456810479e-06, 8.78949379057e-07, 7.91320474036e-07, 9.15527095913e-07, 6.77849072872e-07, 4.49461168728e-07, 3.43564181549e-07, 3.93822318756e-07, 2.25501125328e-07, 3.49141174638e-07, 2.8639109928e-07, 4.34809521721e-07, 4.29455639051e-07, 3.07331418981e-07, 2.04620505428e-07, 1.85633368233e-07, 1.08741872396e-07, 8.07227067412e-08, 4.79789648011e-08, 4.2806025391e-08, 2.85722361326e-08, 8.34020674745e-09, 1.25147825436e-09, 7.56866402885e-10, 6.23320839388e-10, 5.89481741198e-10, 5.01473196302e-10, 4.58996674002e-10, 4.95838536896e-10, 1.96138896791e-10, 3.74887516863e-11, 3.71905804764e-11, 3.54734956687e-11, 3.41005279569e-11, 3.24579078892e-11, 3.08114402048e-11, 2.96944586975e-11, 2.83932356793e-11, 2.69756422061e-11, 2.5851621191e-11, 2.49926104118e-11, 2.44270836197e-11, 2.33286064077e-11, 2.24093261308e-11, 2.22111096876e-11, 2.13086770451e-11, 2.06350058568e-11, 1.98432624499e-11, 1.96597148283e-11, 1.92752931671e-11, 1.93931051773e-11, 1.88738781548e-11, 1.87183150924e-11]
    },
    "mfcc": {
        "mean": [-753.168518066, 156.62071228, -44.2763061523, 0.506669223309, -26.6119709015, -0.311087310314, -15.8129425049, 3.55772805214, -15.3137235641, 1.98598921299, -5.77667856216, -1.70862984657, -5.67073631287],
        "cov": [[12821.7675781, 977.676330566, -3395.87524414, -230.498855591, -2399.10668945, -89.8760223389, -1237.96337891, -83.749671936, -595.134277344, 378.921905518, -688.230834961, 273.339324951, 234.820877075], [977.676330566, 778.746765137, -11.2292985916, -210.771743774, -167.48135376, -11.2716302872, -122.01700592, -124.494033813, -9.97356700897, -49.9857749939, -84.3136520386, 3.45251107216, 66.8360137939], [-3395.87524414, -11.2292985916, 1400.63525391, 27.8717288971, 542.827453613, 132.426330566, 315.550720215, -60.9410514832, 126.937385559, -134.088272095, 128.589752197, -77.9992218018, -97.4308700562], [-230.498855591, -210.771743774, 27.8717288971, 207.664306641, 96.9679946899, -21.4235801697, 45.2028694153, 39.3767585754, -9.71420383453, 20.3643341064, 41.5636901855, -4.64408445358, -11.6426115036], [-2399.10668945, -167.48135376, 542.827453613, 96.9679946899, 635.903869629, 5.25452804565, 204.194122314, 46.6722068787, 129.81729126, -39.1941757202, 185.520751953, -35.5684814453, -43.89220047], [-89.8760223389, -11.2716302872, 132.426330566, -21.4235801697, 5.25452804565, 151.635467529, 13.1123657227, -13.0331830978, 44.519569397, 6.72972154617, -42.7973480225, 20.9355697632, 16.4394702911], [-1237.96337891, -122.01700592, 315.550720215, 45.2028694153, 204.194122314, 13.1123657227, 193.511016846, 37.8742713928, 58.7578582764, -36.1829833984, 57.8977508545, -48.8949241638, -34.7834396362], [-83.749671936, -124.494033813, -60.9410514832, 39.3767585754, 46.6722068787, -13.0331830978, 37.8742713928, 84.2820892334, 20.8048057556, 17.5037059784, 27.9484558105, -3.98981761932, -19.7002925873], [-595.134277344, -9.97356700897, 126.937385559, -9.71420383453, 129.81729126, 44.519569397, 58.7578582764, 20.8048057556, 107.144493103, -3.05768060684, 9.701628685, -2.71644544601, 21.2455482483], [378.921905518, -49.9857749939, -134.088272095, 20.3643341064, -39.1941757202, 6.72972154617, -36.1829833984, 17.5037059784, -3.05768060684, 81.7534713745, 18.5909881592, 0.386142104864, -17.0166969299], [-688.230834961, -84.3136520386, 128.589752197, 41.5636901855, 185.520751953, -42.7973480225, 57.8977508545, 27.9484558105, 9.701628685, 18.5909881592, 138.864974976, -17.603937149, -57.8578643799], [273.339324951, 3.45251107216, -77.9992218018, -4.64408445358, -35.5684814453, 20.9355697632, -48.8949241638, -3.98981761932, -2.71644544601, 0.386142104864, -17.603937149, 73.7586746216, 55.6216812134], [234.820877075, 66.8360137939, -97.4308700562, -11.6426115036, -43.89220047, 16.4394702911, -34.7834396362, -19.7002925873, 21.2455482483, -17.0166969299, -57.8578643799, 55.6216812134, 122.661987305]],
        "icov": [[0.00398078002036, -0.00500027975067, 0.00462953187525, -0.004736085888, 0.00602404540405, -0.0045602847822, 0.00673365453258, -0.00618905294687, 0.00656712939963, -0.00512460293248, 0.00409064115956, -0.00292855035514, 0.00342289241962], [-0.00500027975067, 0.00873899739236, -0.0061362744309, 0.00765992421657, -0.00725691765547, 0.00644109444693, -0.00684774946421, 0.00949282199144, -0.00900640431792, 0.00717671308666, -0.00547721097246, 0.00536251906306, -0.00567315146327], [0.00462953187525, -0.0061362744309, 0.00782797299325, -0.00604030955583, 0.00615094136447, -0.00731621403247, 0.00532998656854, -0.00396838551387, 0.00697386870161, -0.00342829222791, 0.00391703704372, -0.00406815530732, 0.00618978822604], [-0.004736085888, 0.00765992421657, -0.00604030955583, 0.0135930692777, -0.00867780297995, 0.00670294417068, -0.00847844220698, 0.00581235531718, -0.00414346111938, 0.00290651200339, -0.0035711072851, 0.00418841186911, -0.00655182218179], [0.00602404540405, -0.00725691765547, 0.00615094136447, -0.00867780297995, 0.0149113712832, -0.00715531408787, 0.0102395433933, -0.00947126746178, 0.00490689976141, -0.00464591057971, -0.000665546162054, -0.00343032018282, 0.0039082900621], [-0.0045602847822, 0.00644109444693, -0.00731621403247, 0.00670294417068, -0.00715531408787, 0.0184693560004, -0.00896193645895, 0.00891424156725, -0.0115094603971, -0.00077982066432, 0.0033110792283, -0.00379460118711, -0.000932205584832], [0.00673365453258, -0.00684774946421, 0.00532998656854, -0.00847844220698, 0.0102395433933, -0.00896193645895, 0.0279019121081, -0.0171707365662, 0.00849949661642, -0.00303267990239, 0.00331484153867, 0.00555010326207, 0.00144290842582], [-0.00618905294687, 0.00949282199144, -0.00396838551387, 0.00581235531718, -0.00947126746178, 0.00891424156725, -0.0171707365662, 0.0336123891175, -0.0171624477953, 0.00765119632706, -0.00650216173381, -0.00147391983774, 0.00165613729041], [0.00656712939963, -0.00900640431792, 0.00697386870161, -0.00414346111938, 0.00490689976141, -0.0115094603971, 0.00849949661642, -0.0171624477953, 0.0327837094665, -0.0142156844959, 0.0104117542505, -0.00145412329584, -0.00164620112628], [-0.00512460293248, 0.00717671308666, -0.00342829222791, 0.00290651200339, -0.00464591057971, -0.00077982066432, -0.00303267990239, 0.00765119632706, -0.0142156844959, 0.0314414575696, -0.0162261910737, 0.00904941931367, -0.00266948062927], [0.00409064115956, -0.00547721097246, 0.00391703704372, -0.0035711072851, -0.000665546162054, 0.0033110792283, 0.00331484153867, -0.00650216173381, 0.0104117542505, -0.0162261910737, 0.0283142831177, -0.0122048268095, 0.0119749410078], [-0.00292855035514, 0.00536251906306, -0.00406815530732, 0.00418841186911, -0.00343032018282, -0.00379460118711, 0.00555010326207, -0.00147391983774, -0.00145412329584, 0.00904941931367, -0.0122048268095, 0.0349225662649, -0.019616547972], [0.00342289241962, -0.00567315146327, 0.00618978822604, -0.00655182218179, 0.0039082900621, -0.000932205584832, 0.00144290842582, 0.00165613729041, -0.00164620112628, -0.00266948062927, 0.0119749410078, -0.019616547972, 0.0256426893175]]
    },
    "spectral_contrast_coeffs": {
        "max": [-0.514455854893, -0.490647554398, -0.518324315548, -0.641516447067, -0.530693948269, -0.580391168594],
        "mean": [-0.706366717815, -0.749273121357, -0.744565427303, -0.80441993475, -0.79759901762, -0.740828990936],
        "min": [-0.951976537704, -0.932476043701, -0.949183106422, -0.944590389729, -0.906516373158, -0.938298225403],
        "stdev": [0.0787910819054, 0.0829993635416, 0.083065316081, 0.05157308653, 0.0607465542853, 0.080091021955]
    },
    "spectral_contrast_valleys": {
        "max": [-6.20863246918, -5.09484577179, -5.34584712982, -6.17268419266, -6.71202611923, -9.28421974182],
        "mean": [-8.50095462799, -7.11699438095, -7.5796289444, -8.13646697998, -8.67937278748, -12.2624797821],
        "min": [-11.5182514191, -11.5153551102, -10.7911128998, -10.9115848541, -12.5866794586, -15.1548557281],
        "stdev": [0.752909481525, 1.34779131413, 1.29540193081, 1.28494310379, 1.18633925915, 0.341105550528]
    }
},
"rhythm": {
    "beats_count": 17,
    "beats_loudness": {
        "max": 0.0658088624477,
        "mean": 0.0168974231929,
        "min": 3.12777447107e-05,
        "stdev": 0.0180618874729
    },
    "bpm": 78.0938415527,
    "bpm_histogram_first_peak_bpm": 85,
    "bpm_histogram_first_peak_weight": 0.142857134342,
    "bpm_histogram_second_peak_bpm": 78,
    "bpm_histogram_second_peak_spread": 0.444444417953,
    "bpm_histogram_second_peak_weight": 0.3125,
    "danceability": 0.780065476894,
    "onset_rate": 1.80259752274,
    "beats_loudness_band_ratio": {
        "max": [0.549419403076, 0.540813446045, 0.72179967165, 0.569376587868, 0.525033414364, 0.032412186265],
        "mean": [0.102188080549, 0.21001803875, 0.405007332563, 0.363725185394, 0.116757579148, 0.011856016703],
        "min": [0.00181529368274, 0.0792330950499, 0.078074760735, 0.0891523435712, 0.0079352343455, 0.000957584998105],
        "stdev": [0.156002372503, 0.110946968198, 0.172707587481, 0.141257107258, 0.134315103292, 0.00815540365875]
    },
    "beats_position": [0.766258478165, 1.55573689938, 2.34521532059, 3.12308382988, 3.90095233917, 4.66721057892, 5.42185926437, 6.17650794983, 6.91954612732, 7.6858048439, 8.45206356049, 9.14866161346, 9.85687065125, 10.5650787354, 11.2732877731, 11.9814968109, 12.6780948639],
