{
"metadata": {
    "version": {
        "essentia": "2.1-beta5",
        "essentia_git_sha": "Undefined",
        "extractor": "music 2.0"
    },
    "audio_properties": {
        "analysis": {
            "equal_loudness": 0,
            "length": 32.4963264465,
            "sample_rate": 44100,
            "start_time": 12.7477550507,
            "downmix": "mix"
        },
        "bit_rate": 192000,
        "length": 210.883651733,
        "lossless": 0,
        "number_channels": 2,
        "replay_gain": -4.88904380798,
        "sample_rate": 48000,
        "codec": "mp3",
        "md5_encoded": "299c34ec500419da4233f095f0c598f2"
    },
    "tags": {
        "file_name": "Norway_Sommer i Palma_Nora Brockstedt.mp3",
        "encoding": ["Lavf58.29.100"]
    }
},
"lowlevel": {
    "average_loudness": 0.630506515503,
    "barkbands_crest": {
        "max": 25.8792991638,
        "mean": 13.58573246,
        "min": 2.7986228466,
        "stdev": 5.72109222412
    },
    "barkbands_flatness_db": {
        "max": 0.405277371407,
        "mean": 0.24558390677,
        "min": 0.0977585539222,
        "stdev": 0.0620265305042
    },
    "barkbands_kurtosis": {
        "max": 386.588989258,
        "mean": 10.8870801926,
        "min": -1.94519269466,
        "stdev": 28.2131156921
    },
    "barkbands_skewness": {
        "max": 16.3329792023,
        "mean": 1.84917318821,
        "min": -3.874553442,
        "stdev": 1.99907886982
    },
    "barkbands_spread": {
        "max": 84.970123291,
        "mean": 12.0305080414,
        "min": 0.326121747494,
        "stdev": 12.2101259232
    },
    "dissonance": {
        "max": 0.499877929688,
        "mean": 0.426239162683,
        "min": 0.185852319002,
        "stdev": 0.0505770072341
    },
    "dynamic_complexity": 6.13754653931,
    "erbbands_crest": {
        "max": 30.0244216919,
        "mean": 13.3292636871,
        "min": 3.48928689957,
        "stdev": 5.28821611404
    },
    "erbbands_flatness_db": {
        "max": 0.450452893972,
        "mean": 0.281631022692,
        "min": 0.0965519845486,
        "stdev": 0.0556810498238
    },
    "erbbands_kurtosis": {
        "max": 97.6079177856,
        "mean": 3.41338539124,
        "min": -1.86687231064,
        "stdev": 6.95753717422
    },
    "erbbands_skewness": {
        "max": 8.61787605286,
        "mean": 0.952889025211,
        "min": -5.64022445679,
        "stdev": 1.29310512543
    },
    "erbbands_spread": {
        "max": 125.060768127,
        "mean": 23.8194026947,
        "min": 1.53691005707,
        "stdev": 16.2990264893
    },
    "hfc": {
        "max": 149.877883911,
        "mean": 12.2674121857,
        "min": 0.00867901463062,
        "stdev": 19.4200649261
    },
    "loudness_ebu128": {
        "integrated": -20.8396434784,
        "loudness_range": 9.02237701416,
        "momentary": {
            "max": -12.8352813721,
            "mean": -24.4717922211,
            "min": -45.1383743286,
            "stdev": 6.05325126648
        },
        "short_term": {
            "max": -17.531452179,
            "mean": -22.3423557281,
            "min": -30.2295017242,
            "stdev": 3.12701892853
        }
    },
    "melbands_crest": {
        "max": 29.9478187561,
        "mean": 15.8665475845,
        "min": 3.19608950615,
        "stdev": 5.73424816132
    },
    "melbands_flatness_db": {
        "max": 0.456624001265,
        "mean": 0.262053877115,
        "min": 0.0551335774362,
        "stdev": 0.077058263123
    },
    "melbands_kurtosis": {
        "max": 287.917877197,
        "mean": 14.5252103806,
        "min": -1.86038219929,
        "stdev": 25.2907371521
    },
    "melbands_skewness": {
        "max": 10.1095333099,
        "mean": 2.1901049614,
        "min": -1.35837721825,
        "stdev": 1.79981851578
    },
    "melbands_spread": {
        "max": 230.275558472,
        "mean": 19.1530914307,
        "min": 0.448754906654,
        "stdev": 29.0386009216
    },
    "pitch_salience": {
        "max": 0.852726340294,
        "mean": 0.525300979614,
        "min": 0.111816354096,
        "stdev": 0.149118602276
    },
    "silence_rate_20dB": {
        "max": 1,
        "mean": 1,
        "min": 1,
        "stdev": 0
    },
    "silence_rate_30dB": {
        "max": 1,
        "mean": 0.990007162094,
        "min": 0,
        "stdev": 0.0994646251202
    },
    "silence_rate_60dB": {
        "max": 1,
        "mean": 0.313347607851,
        "min": 0,
        "stdev": 0.463854908943
    },
    "spectral_centroid": {
        "max": 5641.40429688,
        "mean": 1091.39074707,
        "min": 258.339080811,
        "stdev": 760.477661133
    },
    "spectral_complexity": {
        "max": 26,
        "mean": 9.03140640259,
        "min": 0,
        "stdev": 5.88799667358
    },
    "spectral_decrease": {
        "max": -3.52684808441e-12,
        "mean": -3.84632148354e-09,
        "min": -3.87903824617e-08,
        "stdev": 5.25551691055e-09
    },
    "spectral_energy": {
        "max": 0.159840494394,
        "mean": 0.0156295914203,
        "min": 1.40983238452e-05,
        "stdev": 0.021532529965
    },
    "spectral_energyband_high": {
        "max": 0.00409255735576,
        "mean": 0.000137228809763,
        "min": 5.26182077465e-07,
        "stdev": 0.000311255193083
    },
    "spectral_energyband_low": {
        "max": 0.0054121860303,
        "mean": 5.50842705707e-05,
        "min": 8.99642031982e-07,
        "stdev": 0.00022853531118
    },
    "spectral_energyband_middle_high": {
        "max": 0.151695370674,
        "mean": 0.00627750111744,
        "min": 1.02059493656e-06,
        "stdev": 0.0170288197696
    },
    "spectral_energyband_middle_low": {
        "max": 0.0781410187483,
        "mean": 0.00992831401527,
        "min": 4.92568506161e-06,
        "stdev": 0.0120321186259
    },
    "spectral_entropy": {
        "max": 8.28536987305,
        "mean": 6.84360837936,
        "min": 5.17234277725,
        "stdev": 0.587520241737
    },
    "spectral_flux": {
        "max": 0.369359403849,
        "mean": 0.0483486875892,
        "min": 0.00193080643658,
        "stdev": 0.0457896031439
    },
    "spectral_kurtosis": {
        "max": 46.9642562866,
        "mean": 7.7841053009,
        "min": -1.48143041134,
        "stdev": 6.92792606354
    },
    "spectral_rms": {
        "max": 0.012487671338,
        "mean": 0.00319122639485,
        "min": 0.000117279421829,
        "stdev": 0.00225043226965
    },
    "spectral_rolloff": {
        "max": 8204.15039062,
        "mean": 1409.72399902,
        "min": 172.265625,
        "stdev": 1552.39550781
    },
    "spectral_skewness": {
        "max": 5.35129117966,
        "mean": 1.77196085453,
        "min": -0.949255883694,
        "stdev": 0.936651349068
    },
    "spectral_spread": {
        "max": 15374363,
        "mean": 3024247.25,
        "min": 1536089.25,
        "stdev": 1158362.875
    },
    "spectral_strongpeak": {
        "max": 11.3423271179,
        "mean": 1.48623466492,
        "min": 0.00321816815995,
        "stdev": 1.73677933216
    },
    "zerocrossingrate": {
        "max": 0.298828125,
        "mean": 0.0501657575369,
        "min": 0.01025390625,
        "stdev": 0.0449648872018
    },
    "barkbands": {
        "max": [0.00014140404528, 0.00403799628839, 0.00205440446734, 0.00138341309503, 0.0301258545369, 0.0456862971187, 0.0307791288942, 0.0647383406758, 0.0686342939734, 0.12328235805, 0.080724157393, 0.0627475902438, 0.0137154608965, 0.0118193253875, 0.00585432490334, 0.00462458468974, 0.00643230974674, 0.00304375262931, 0.00177965546027, 0.000991813489236, 0.000883942353539, 0.00112427189015, 0.00157808919903, 0.00129191402812, 6.70634744893e-06, 6.52524795441e-06, 6.91888817528e-06],
        "mean": [1.47104674397e-06, 2.295302329e-05, 1.58927377925e-05, 6.2073871959e-05, 0.00189973553643, 0.00253348681144, 0.0009630988352, 0.00122066342738, 0.00194456474856, 0.00337481731549, 0.00116297870409, 0.00106049864553, 0.000372452195734, 0.000164846540429, 0.000148803097545, 0.000127847859403, 0.000137656301376, 0.000119449716294, 0.000127018734929, 5.68669856875e-05, 3.98850861529e-05, 2.45495812123e-05, 3.51932940248e-05, 1.2696588783e-05, 8.70819292231e-08, 5.67711211374e-09, 6.01994143423e-09],
        "min": [2.75193445809e-09, 9.66033724126e-08, 1.86027708793e-08, 1.26563662661e-07, 8.41396570195e-07, 4.50515727834e-07, 8.30018009879e-08, 4.46181047664e-08, 9.67652695749e-08, 1.27257521854e-07, 4.71957015691e-08, 5.63169244572e-08, 5.63758355554e-08, 4.07750953002e-08, 5.00919092872e-08, 3.40686518996e-08, 4.79105430884e-08, 2.74062301742e-08, 5.06871842276e-08, 6.75900579949e-08, 6.67505872798e-08, 5.56803883001e-08, 6.45801918608e-08, 1.06418454493e-07, 2.15268958215e-08, 3.68164283782e-11, 5.05553862662e-11],
        "stdev": [6.87657484377e-06, 0.000145633981447, 8.3741331764e-05, 0.000138296949444, 0.00388337112963, 0.00585654797032, 0.00283857597969, 0.00387018662877, 0.00648087309673, 0.0115624004975, 0.00503452168778, 0.00448328070343, 0.00109166407492, 0.000792226579506, 0.000425445876317, 0.000272686156677, 0.000371397007257, 0.000256383500528, 0.000214484287426, 0.000103907950688, 7.41479088902e-05, 9.46314103203e-05, 0.000137237642775, 5.8231602452e-05, 1.79096034003e-07, 1.7472555669e-07, 1.852798448e-07]
    },
    "erbbands": {
        "max": [0.143630117178, 0.801821410656, 2.33908987045, 4.28899049759, 16.3336467743, 122.844642639, 363.426269531, 305.847625732, 337.848327637, 1303.1048584, 1057.99316406, 1882.25878906, 2113.27807617, 4202.53662109, 1735.66320801, 2277.9777832, 469.101348877, 641.957336426, 223.421310425, 246.750671387, 328.377349854, 188.215438843, 184.718688965, 104.935287476, 84.2846679688, 39.1015586853, 39.294883728, 39.0577087402, 41.5685195923, 49.5469474792, 46.8420677185, 44.7506866455, 6.60435914993, 0.190935745835, 0.0490437522531, 0.026136778295, 0.0120713282377, 0.00429485412315, 0.000988899031654, 0.000189445825526],
        "mean": [0.000542610359844, 0.00556286843494, 0.0183745771646, 0.114586949348, 1.0443469286, 7.51241159439, 20.0796890259, 18.2928524017, 12.3002624512, 23.8445243835, 23.0343589783, 41.1583480835, 103.594528198, 75.2499313354, 46.7159996033, 36.9468841553, 18.2861461639, 9.19679260254, 6.26137733459, 8.06737327576, 7.56879138947, 8.07681560516, 7.33126497269, 7.8410449028, 4.10933160782, 2.29268574715, 1.79551720619, 1.48485839367, 0.897965490818, 1.01311826706, 0.947086155415, 0.503297328949, 0.0900038927794, 0.00417891843244, 0.000464573036879, 5.80126506975e-05, 2.07985958696e-05, 6.72514897815e-06, 9.37915956456e-06, 1.85253393283e-05],
        "min": [2.3054740268e-06, 3.36106968462e-05, 0.000107370782644, 0.000848360592499, 0.00110378302634, 0.00194673927035, 0.00458705471829, 0.00400899210945, 0.000859912950546, 0.00117881898768, 0.00168919563293, 0.00189549091738, 0.00382932112552, 0.002009521937, 0.0023086394649, 0.00371006503701, 0.00421412335709, 0.00338613195345, 0.00379185238853, 0.00418522255495, 0.00289022200741, 0.00340891373344, 0.00224926089868, 0.00306064961478, 0.00306543451734, 0.00320469634607, 0.00321691343561, 0.00221409951337, 0.00169204967096, 0.00209768279456, 0.00209345365874, 0.00234706187621, 0.000894032767974, 0.000605208391789, 0.000112731708214, 4.00916314902e-06, 4.44298962066e-07, 8.47846095553e-08, 2.50613325647e-08, 1.93454603448e-08],
        "stdev": [0.00469696102664, 0.0323553048074, 0.0929773002863, 0.225648716092, 1.87331771851, 15.3452777863, 38.2566947937, 40.5444946289, 28.9322719574, 81.0946350098, 56.7593803406, 144.533233643, 286.092956543, 322.62411499, 138.405456543, 151.41645813, 49.6160888672, 40.4696006775, 17.9791908264, 16.590341568, 16.9944458008, 19.0684204102, 15.182059288, 12.4735069275, 8.30377006531, 3.82132768631, 3.24953055382, 3.03995537758, 3.32685899734, 4.26712703705, 3.77717709541, 2.17697882652, 0.398411482573, 0.0120588568971, 0.00143283396028, 0.000702952034771, 0.000323425745592, 0.000115043701953, 2.86241483991e-05, 2.54706919804e-05]
    },
    "gfcc": {
        "mean": [-142.349609375, 135.127044678, -174.952911377, 17.6504459381, -93.2680969238, -19.6755390167, -33.2835845947, -17.4289131165, -12.1008224487, -29.3838195801, 4.88513278961, -11.1502876282, 9.0312538147],
        "cov": [[5522.07714844, -182.292037964, -2116.00683594, -566.94909668, -45.7750778198, -798.740539551, 676.174133301, -382.81137085, 164.435714722, -142.912872314, 23.1643981934, 35.8327178955, -10.9244613647], [-182.292037964, 858.934814453, 103.004219055, -419.249969482, 155.535614014, -292.982574463, 44.8404922485, 89.4423904419, -108.725532532, -4.24047374725, -0.359061181545, -133.686859131, 45.4044914246], [-2116.00683594, 103.004219055, 1484.01916504, 359.943725586, -146.697784424, 315.464202881, -353.512664795, 121.171852112, 0.939310491085, -38.6945114136, -53.6379585266, 0.0876683071256, -27.4151954651], [-566.94909668, -419.249969482, 359.943725586, 861.516540527, 71.1384506226, 180.128570557, -301.165557861, 62.2479248047, 184.389297485, -61.3125114441, -85.0476303101, 51.2735824585, -60.3146018982], [-45.7750778198, 155.535614014, -146.697784424, 71.1384506226, 283.090545654, -15.2801532745, -19.3291873932, 65.3331832886, -8.54138946533, 0.496511489153, -26.1605472565, -27.7077903748, 16.4541301727], [-798.740539551, -292.982574463, 315.464202881, 180.128570557, -15.2801532745, 529.002075195, -9.89945411682, 8.49293899536, -21.201593399, 33.4454307556, 8.60539245605, 46.1098937988, -42.6746177673], [676.174133301, 44.8404922485, -353.512664795, -301.165557861, -19.3291873932, -9.89945411682, 362.81539917, -19.8427200317, -97.7829208374, 28.1387386322, 27.3842887878, 11.3595781326, 19.2679538727], [-382.81137085, 89.4423904419, 121.171852112, 62.2479248047, 65.3331832886, 8.49293899536, -19.8427200317, 184.532272339, 42.6114387512, -5.00846242905, -33.8665466309, -36.9089050293, -17.1221466064], [164.435714722, -108.725532532, 0.939310491085, 184.389297485, -8.54138946533, -21.201593399, -97.7829208374, 42.6114387512, 174.84274292, -5.29173898697, -49.8881187439, -11.1446285248, -32.4249000549], [-142.912872314, -4.24047374725, -38.6945114136, -61.3125114441, 0.496511489153, 33.4454307556, 28.1387386322, -5.00846242905, -5.29173898697, 101.054718018, 27.6330108643, -11.9785881042, 18.5253772736], [23.1643981934, -0.359061181545, -53.6379585266, -85.0476303101, -26.1605472565, 8.60539245605, 27.3842887878, -33.8665466309, -49.8881187439, 27.6330108643, 114.693809509, 57.9043006897, 19.5262317657], [35.8327178955, -133.686859131, 0.0876683071256, 51.2735824585, -27.7077903748, 46.1098937988, 11.3595781326, -36.9089050293, -11.1446285248, -11.9785881042, 57.9043006897, 128.705123901, 39.2638969421], [-10.9244613647, 45.4044914246, -27.4151954651, -60.3146018982, 16.4541301727, -42.6746177673, 19.2679538727, -17.1221466064, -32.4249000549, 18.5253772736, 19.5262317657, 39.2638969421, 105.875198364]],
        "icov": [[0.00147978868335, 0.0005572954542, 0.000684599101078, 0.000332695111865, -0.00078999059042, 0.00145979889203, -0.0029590621125, 0.00308149820194, -0.00390013982542, 0.00339237996377, -0.00149206328206, 0.00110236241017, 0.000106856430648], [0.0005572954542, 0.00511835329235, -0.00194035493769, 0.00258221523836, -0.00448611145839, 0.00312068546191, -0.00213862839155, 0.00104710075539, -0.00202274578623, 0.00286074238829, -0.0031195958145, 0.00427317293361, -0.000784738920629], [0.000684599101078, -0.00194035493769, 0.00292772753164, -0.00113856897224, 0.00301266601309, -0.00125340162776, 0.000912764400709, -0.0001127361611, 0.000222352653509, 0.000920209626202, 0.0014511506306, -0.00131174374837, -1.9587454517e-05], [0.000332695111865, 0.00258221523836, -0.00113856897224, 0.00399299478158, -0.00319532142021, 0.000988116138615, 0.000218520901399, 0.000686335202772, -0.00281731318682, 0.00193880847655, -3.07035916194e-05, -0.000136277856654, 0.000727072940208], [-0.00078999059042, -0.00448611145839, 0.00301266601309, -0.00319532142021, 0.00968008302152, -0.00341694778763, 0.00404441962019, -0.00445440551266, 0.00544248055667, -0.00338825653307, 0.0041970917955, -0.00293397135101, -0.000962235673796], [0.00145979889203, 0.00312068546191, -0.00125340162776, 0.000988116138615, -0.00341694778763, 0.00579548999667, -0.00438228389248, 0.0033290782012, -0.00336428242736, 0.00207984587178, -0.00227462640032, 0.00135561183561, 0.0017760876799], [-0.0029590621125, -0.00213862839155, 0.000912764400709, 0.000218520901399, 0.00404441962019, -0.00438228389248, 0.0125857545063, -0.00832816772163, 0.011346263811, -0.00824832264334, 0.00653955759481, -0.00547989876941, 0.000684742466547], [0.00308149820194, 0.00104710075539, -0.0001127361611, 0.000686335202772, -0.00445440551266, 0.0033290782012, -0.00832816772163, 0.0146825537086, -0.0116421487182, 0.00770884240046, -0.00423774914816, 0.00422765314579, 0.000454294146039], [-0.00390013982542, -0.00202274578623, 0.000222352653509, -0.00281731318682, 0.00544248055667, -0.00336428242736, 0.011346263811, -0.0116421487182, 0.0225655995309, -0.0124938488007, 0.0096630025655, -0.00613129045814, 0.00235677347519], [0.00339237996377, 0.00286074238829, 0.000920209626202, 0.00193880847655, -0.00338825653307, 0.00207984587178, -0.00824832264334, 0.00770884240046, -0.0124938488007, 0.0227044988424, -0.0106202010065, 0.0100492211059, -0.00498848687857], [-0.00149206328206, -0.0031195958145, 0.0014511506306, -3.07035916194e-05, 0.0041970917955, -0.00227462640032, 0.00653955759481, -0.00423774914816, 0.0096630025655, -0.0106202010065, 0.0209747739136, -0.0137395774946, 0.00414223503321], [0.00110236241017, 0.00427317293361, -0.00131174374837, -0.000136277856654, -0.00293397135101, 0.00135561183561, -0.00547989876941, 0.00422765314579, -0.00613129045814, 0.0100492211059, -0.0137395774946, 0.0217511765659, -0.00862134527415], [0.000106856430648, -0.000784738920629, -1.9587454517e-05, 0.000727072940208, -0.000962235673796, 0.0017760876799, 0.000684742466547, 0.000454294146039, 0.00235677347519, -0.00498848687857, 0.00414223503321, -0.00862134527415, 0.0150439646095]]
    },
    "melbands": {
        "max": [0.00124071887694, 0.00116781855468, 0.000628222187515, 0.00361880194396, 0.00965570192784, 0.00710380356759, 0.00596195319667, 0.0143964830786, 0.010871514678, 0.0118732852861, 0.0111425146461, 0.0181099437177, 0.00689635332674, 0.0096543263644, 0.00280785257928, 0.000583844259381, 0.00144931813702, 0.000432720873505, 0.000507864402607, 0.00016139865329, 0.000536430685315, 0.000278288236586, 0.000134965521283, 0.000218803339521, 0.000109052358312, 0.00010640144319, 6.05173991062e-05, 3.48368448613e-05, 2.94466080959e-05, 1.90935243154e-05, 2.64746940957e-05, 2.2537778932e-05, 2.80584263237e-05, 3.33168318321e-05, 2.65963244601e-05, 2.61788318312e-05, 2.91840460704e-05, 4.91058290208e-06, 1.5794267938e-07, 6.00753082836e-08],
        "mean": [5.59877571504e-06, 9.13024814508e-06, 4.0389073547e-05, 0.000266792078037, 0.000680471712258, 0.000428856175859, 0.000184090647963, 0.000276884733466, 0.000186260862392, 0.000282397435512, 0.000532168895006, 0.000321200495819, 0.00014738572645, 0.000139928728458, 6.3936902734e-05, 2.45657902269e-05, 1.71766732819e-05, 9.35975003813e-06, 1.34228366733e-05, 9.068721738e-06, 8.50000560604e-06, 8.41439577925e-06, 6.57493728795e-06, 6.18260128249e-06, 6.70618510412e-06, 3.68594714928e-06, 2.27968507716e-06, 1.32376737838e-06, 1.22037215533e-06, 9.35114485401e-07, 8.29599457575e-07, 5.0309620292e-07, 4.41563571485e-07, 6.23273422207e-07, 5.67507697724e-07, 4.40087632114e-07, 2.63272198708e-07, 7.65938779068e-08, 3.3805112043e-09, 1.16995779731e-09],
        "min": [3.53259110852e-08, 1.01973292033e-07, 1.97211505792e-07, 1.67545920249e-07, 1.03995645873e-07, 8.78754420341e-08, 1.47412144713e-08, 1.14842340082e-08, 1.63934696928e-08, 1.08928714937e-08, 1.35583348992e-08, 8.72365824023e-09, 6.46125641879e-09, 8.04436961488e-09, 6.92747015307e-09, 4.03061672927e-09, 4.37547464927e-09, 5.96606541947e-09, 3.10474490561e-09, 3.80956599599e-09, 2.69175304268e-09, 2.58764654149e-09, 2.70331024232e-09, 1.32259336816e-09, 2.26240226553e-09, 2.1575150555e-09, 2.20055973443e-09, 1.95181670826e-09, 1.96886040804e-09, 1.34159394705e-09, 1.2681155015e-09, 1.01206787395e-09, 8.48227321715e-10, 9.59721968563e-10, 1.0928898897e-09, 1.38028322105e-09, 1.42599043684e-09, 5.58516399796e-10, 3.40876882277e-10, 1.55254642475e-10],
        "stdev": [4.07834922953e-05, 4.43904245913e-05, 7.38123198971e-05, 0.000478079135064, 0.00120248191524, 0.000943417660892, 0.000475150067359, 0.000937922042795, 0.000483682466438, 0.00102596648503, 0.00150500657037, 0.00142576126382, 0.000497553613968, 0.00061217637267, 0.000214631465496, 6.56385018374e-05, 8.98946454981e-05, 2.94769597531e-05, 3.84161139664e-05, 1.67492908076e-05, 2.41584511969e-05, 2.14844149014e-05, 1.34768406497e-05, 1.44856030602e-05, 1.14468839456e-05, 8.88567410584e-06, 5.58325336897e-06, 2.31680678553e-06, 2.34416756939e-06, 1.68588576344e-06, 1.95074630938e-06, 1.79776168352e-06, 2.14962210521e-06, 2.62656340055e-06, 2.35095626522e-06, 1.76817206921e-06, 1.25719532207e-06, 3.49347288875e-07, 9.43474187665e-09, 1.61630342443e-09]
    },
    "melbands128": {
        "max": [0.000140985765029, 0.00103566050529, 0.00209333281964, 0.00137954740785, 0.00130911008455, 0.000991893699393, 0.00101285486016, 0.000800572859589, 0.00188607047312, 0.00299581093714, 0.00746952928603, 0.0139843802899, 0.0137504413724, 0.0207478459924, 0.0093261692673, 0.00877895392478, 0.00431521236897, 0.00928862020373, 0.0111682182178, 0.0229092091322, 0.026614440605, 0.0111438613385, 0.0180130787194, 0.0147663801908, 0.019553527236, 0.0228770356625, 0.0233827996999, 0.0216471608728, 0.0318311154842, 0.0419809855521, 0.0253573115915, 0.0249295420945, 0.0097034657374, 0.00892410054803, 0.017325989902, 0.0187681242824, 0.0100840199739, 0.00461956392974, 0.00280230841599, 0.00152330822311, 0.00101181387436, 0.00056246278109, 0.00216919719242, 0.0033414803911, 0.000491800368764, 0.000635299074929, 0.00110398419201, 0.00110723241232, 0.00098904571496, 0.000168762169778, 0.000224190269364, 0.0006102368352, 0.00037298782263, 0.00139168323949, 0.000816221581772, 0.000260512228124, 0.000387551728636, 0.000334792071953, 0.000249941425864, 0.00029653517413, 0.000445656536613, 0.000107368126919, 0.000155480956892, 0.000176711939275, 0.000173067906871, 0.000259104097495, 9.86398372333e-05, 0.000147340717376, 0.000116236136819, 6.99612210155e-05, 2.8686310543e-05, 6.26478285994e-05, 4.70041413791e-05, 3.16056066367e-05, 2.7245388992e-05, 2.09870686376e-05, 2.64810751105e-05, 3.07651207549e-05, 3.82964935852e-05, 2.40345980274e-05, 3.51995113306e-05, 3.00818755932e-05, 3.68443652405e-05, 3.01806685457e-05, 4.58341964986e-05, 4.36301088484e-05, 4.4103115215e-05, 3.0453893487e-05, 3.4763936128e-05, 4.11760083807e-05, 4.03410413128e-05, 2.46520921792e-05, 3.15013530781e-05, 4.03720841859e-05, 2.163089448e-05, 1.24435373436e-05, 2.33536206906e-06, 4.24537745403e-07, 6.74904399034e-08, 6.24473273092e-08, 6.03741057148e-08, 6.05473218229e-08, 5.7332123049e-08, 6.33010230899e-08, 5.622282373e-08, 5.15126536982e-08, 4.90939946474e-08, 4.69249101798e-08, 4.49066668295e-08, 4.30043911592e-08, 4.13010425859e-08, 3.9729972201e-08, 3.82542175714e-08, 3.68513433102e-08, 3.56425253756e-08, 3.44720305634e-08, 3.33543646036e-08, 3.23320712425e-08, 3.14636636745e-08, 3.06254506199e-08, 2.9930408374e-08, 2.91788335716e-08, 2.86872641198e-08, 2.82187855305e-08, 2.77553962036e-08, 2.74041571657e-08, 2.71831623877e-08, 2.70415565495e-08],
        "mean": [1.03031652543e-06, 3.86123929275e-06, 6.8904660111e-06, 1.00678080344e-05, 8.62978231453e-06, 8.08538516139e-06, 1.33847697725e-05, 4.01872821385e-05, 9.10389935598e-05, 0.000159323841217, 0.000425914069638, 0.000705720100086, 0.000625234330073, 0.000894240045454, 0.000435463036411, 0.00018153039855, 0.000182123752893, 0.000179590715561, 0.000191935250768, 0.000270338961855, 0.000367470202036, 0.000176413013833, 0.000154281558935, 0.000203004485229, 0.000195570290089, 0.000347737281118, 0.000403687445214, 0.000645172607619, 0.000555651786271, 0.000360977079254, 0.000256631174125, 0.000197566187126, 8.43417947181e-05, 0.000169599341461, 0.000178631220479, 0.000136508693686, 6.14564269199e-05, 7.01253084117e-05, 5.9971727751e-05, 3.22788437188e-05, 1.90667997231e-05, 8.5705132733e-06, 1.55709240062e-05, 2.67390987574e-05, 9.2778391263e-06, 6.32761157249e-06, 6.86587509335e-06, 1.57995309564e-05, 1.7759108232e-05, 4.94982532473e-06, 7.64256128605e-06, 1.44769019244e-05, 6.50752963338e-06, 7.81485505286e-06, 7.83188534115e-06, 7.81454855314e-06, 1.08245058072e-05, 5.72046792513e-06, 4.61667877971e-06, 8.19959223008e-06, 7.17974444342e-06, 3.44176078215e-06, 7.0686487561e-06, 7.7641225289e-06, 5.81137373956e-06, 4.1211401367e-06, 1.97714416572e-06, 2.12916870623e-06, 3.03138745039e-06, 1.31654996949e-06, 9.10917265173e-07, 1.65632889093e-06, 1.5159182567e-06, 1.07935943561e-06, 9.2494508408e-07, 9.88163492366e-07, 8.51489858178e-07, 9.56198277891e-07, 9.0379910489e-07, 6.59853128582e-07, 4.55837863456e-07, 4.96490258683e-07, 4.40074671815e-07, 3.77371122795e-07, 4.86830970203e-07, 6.12921212451e-07, 6.9761335908e-07, 6.17178670836e-07, 5.3379756082e-07, 5.52886490368e-07, 5.41478584637e-07, 3.74632492139e-07, 3.2306016351e-07, 3.04690956909e-07, 2.03368443863e-07, 1.26214516172e-07, 4.61230236226e-08, 6.31917762561e-09, 2.09577333266e-09, 1.50965517864e-09, 1.31086397293e-09, 1.15610199192e-09, 9.64313406904e-10, 7.01067370823e-10, 1.70851943704e-10, 4.47062734055e-11, 4.2489047003e-11, 4.07221617538e-11, 3.90167030628e-11, 3.73865556569e-11, 3.59301546848e-11, 3.45762030118e-11, 3.32991932639e-11, 3.21005513837e-11, 3.10588568753e-11, 3.00521690866e-11, 2.9111268951e-11, 2.81492607002e-11, 2.73830593617e-11, 2.66586891451e-11, 2.60517128703e-11, 2.54258263749e-11, 2.49889570841e-11, 2.4560553244e-11, 2.40989537353e-11, 2.36698161071e-11, 2.34034874813e-11, 2.32709337911e-11],
        "min": [2.24835650098e-10, 3.80424314272e-09, 3.25394777789e-09, 1.1596970495e-08, 1.27567894026e-08, 1.17720091453e-08, 4.03034370322e-08, 3.08971053187e-08, 2.33766659363e-08, 3.26453033495e-08, 1.81095707319e-08, 3.97316028966e-08, 3.73791770869e-08, 6.76588456372e-08, 2.03899919171e-08, 9.77620739917e-09, 7.26102333815e-09, 7.22562099043e-09, 1.44295864146e-08, 1.18776037894e-08, 9.88275772329e-09, 6.87872825367e-09, 7.46777040206e-09, 1.41911131735e-08, 4.79307038503e-09, 1.72235359308e-09, 2.61450860961e-09, 1.07294404472e-08, 1.30246018415e-08, 2.32807351175e-09, 2.96691449186e-09, 3.38637295982e-09, 4.80545780945e-09, 9.26806453805e-09, 1.59395863175e-09, 1.70296166058e-09, 2.24792695569e-09, 2.43454478799e-09, 1.23054755274e-09, 3.29561156143e-09, 1.25294341569e-09, 1.21958887433e-09, 1.28144150846e-09, 2.273351285e-09, 1.56483659364e-09, 1.31929767111e-09, 2.33819741347e-09, 1.6267680536e-09, 1.41040557011e-09, 2.281679512e-09, 2.58686538857e-09, 1.57211765828e-09, 1.22941090641e-09, 1.33449162831e-09, 2.76299982893e-09, 1.63070912329e-09, 1.52417845012e-09, 1.48316647852e-09, 1.71696823426e-09, 1.82566883833e-09, 4.60030569194e-10, 9.03242758366e-10, 1.03989206135e-09, 7.39357075563e-10, 1.8120512868e-09, 1.73293590588e-09, 1.2373752023e-09, 6.87120915721e-10, 8.72208083535e-10, 9.73457647824e-10, 8.12413969431e-10, 1.05284103658e-09, 5.29520316483e-10, 5.41261535592e-10, 7.92629295532e-10, 8.18076162368e-10, 7.21027570982e-10, 6.94275636981e-10, 9.79673120405e-10, 1.0589900068e-09, 7.77045039424e-10, 4.26467944292e-10, 6.03803784749e-10, 5.95641924672e-10, 8.0583539841e-10, 6.24734208809e-10, 8.27514834434e-10, 6.01422245339e-10, 6.36589558844e-10, 5.07087760671e-10, 5.86916071299e-10, 6.58623711125e-10, 1.79513282017e-09, 1.2236059943e-09, 4.0313133387e-10, 5.18851628328e-10, 4.33522856502e-10, 3.42492978422e-10, 1.42283337889e-10, 1.47531764583e-10, 6.87058326898e-11, 2.25475757856e-12, 1.36248976511e-12, 8.67308221769e-12, 7.09868687269e-13, 2.31697040026e-13, 1.13346072979e-13, 1.56133406985e-13, 1.42772309275e-13, 1.73121703063e-13, 1.68956889495e-13, 1.86336840055e-13, 1.66386069961e-13, 1.46716582568e-13, 1.66301746137e-13, 1.52085619489e-13, 1.50426519114e-13, 1.54006446268e-13, 1.71916178667e-13, 1.89695210494e-13, 1.59581684889e-13, 1.39511042692e-13, 1.38818495002e-13, 1.50699751614e-13, 1.25337728477e-13, 4.54609392936e-14, 5.30761009145e-15, 1.59778987979e-16],
        "stdev": [6.45614954919e-06, 3.67305146938e-05, 6.24571330263e-05, 5.60406406294e-05, 5.20533685631e-05, 3.98875599785e-05, 4.05380233133e-05, 9.42628612393e-05, 0.000206211159821, 0.000343352294294, 0.00094696006272, 0.00180630851537, 0.00127122667618, 0.00255672470666, 0.00115545548033, 0.000604409258813, 0.00045564386528, 0.00064715615008, 0.000902503961697, 0.00120773015078, 0.00144470040686, 0.000625019078143, 0.000649237364996, 0.000707987695932, 0.00114658160601, 0.00172752549406, 0.00166355387773, 0.00222778483294, 0.00248500448652, 0.00241040997207, 0.00160287355538, 0.00129220506642, 0.000425019825343, 0.000619601632934, 0.000919273763429, 0.000946830725297, 0.000429696490755, 0.0003165146627, 0.000226323551033, 0.000129358522827, 6.46658736514e-05, 3.43482388416e-05, 0.00011465420539, 0.000179160153493, 2.84126217593e-05, 2.64325954049e-05, 5.48514290131e-05, 5.93304212089e-05, 5.44669383089e-05, 1.26091454149e-05, 1.95677639567e-05, 3.84944869438e-05, 2.18332097575e-05, 4.68864855065e-05, 3.81093013857e-05, 2.18045097427e-05, 3.44317304553e-05, 1.88882404473e-05, 1.37790993904e-05, 2.19822122745e-05, 2.48138512688e-05, 8.42144163471e-06, 1.48851913764e-05, 1.79780872713e-05, 1.57031008712e-05, 1.55186626216e-05, 6.79299364492e-06, 8.30451699585e-06, 9.05616707314e-06, 4.11479140894e-06, 2.03008130484e-06, 4.05911077905e-06, 3.38098698194e-06, 2.70656755674e-06, 2.12787745113e-06, 1.97549957193e-06, 1.87689636277e-06, 2.39885321207e-06, 2.75039406006e-06, 1.6846681774e-06, 1.74504953065e-06, 2.19025491788e-06, 2.4721250611e-06, 2.02406909011e-06, 2.40120175476e-06, 2.67760674433e-06, 3.15916167892e-06, 2.68613257504e-06, 2.41869770434e-06, 2.56814905697e-06, 2.26282918447e-06, 1.5211309119e-06, 1.48752360474e-06, 1.60996296472e-06, 1.0038960454e-06, 6.38488415916e-07, 2.05793284636e-07, 2.47961171596e-08, 3.27518967502e-09, 1.81547510358e-09, 1.67631764025e-09, 1.65610403169e-09, 1.55875778951e-09, 1.71410374783e-09, 1.50381707087e-09, 1.37918398924e-09, 1.31446342699e-09, 1.25644616933e-09, 1.20241672175e-09, 1.1514902365e-09, 1.10591336089e-09, 1.06383868381e-09, 1.02432529125e-09, 9.86792203506e-10, 9.54430867672e-10, 9.23075671455e-10, 8.93179252781e-10, 8.65805926953e-10, 8.42553360414e-10, 8.20104484323e-10, 8.01491761848e-10, 7.81400111283e-10, 7.68205110635e-10, 7.55662588059e-10, 7.43275829773e-10, 7.33875848979e-10, 7.27952087498e-10, 7.24161730581e-10]
    },
    "mfcc": {
        "mean": [-761.901916504, 147.282058716, -28.9379520416, 14.8824319839, -33.7833747864, -14.2294998169, -21.0811786652, 1.4932101965, -18.1663799286, -9.02813148499, -18.5221157074, -2.6899702549, -11.2217683792],
        "cov": [[6558.984375, -149.999145508, -2443.88745117, 78.1717300415, -1156.6817627, -32.2634277344, -211.963439941, 81.3222961426, -234.017929077, 161.506835938, -210.532394409, 74.7884216309, -268.639373779], [-149.999145508, 1263.08166504, -207.601715088, -248.578414917, -123.904174805, -399.271392822, 274.763580322, -243.39692688, 91.7555236816, -115.360549927, 109.628761292, -128.519805908, -58.8547210693], [-2443.88745117, -207.601715088, 1577.87841797, 68.2841339111, 429.049285889, 115.765403748, -113.589309692, 111.068992615, 38.1412887573, -56.916519165, 7.72389507294, 75.4344177246, 28.2438373566], [78.1717300415, -248.578414917, 68.2841339111, 473.192993164, 236.298522949, -64.2067184448, -170.086380005, 67.0606842041, 67.6036529541, -6.32911682129, -48.6387214661, 69.9314956665, 6.99905920029], [-1156.6817627, -123.904174805, 429.049285889, 236.298522949, 589.830505371, 23.6519393921, -125.598518372, 49.810333252, 77.469291687, 13.6854257584, 9.08131408691, 23.6593742371, 68.5618286133], [-32.2634277344, -399.271392822, 115.765403748, -64.2067184448, 23.6519393921, 361.045013428, 18.1213245392, 83.3804321289, -53.4320030212, 46.108631134, -19.318813324, -2.95041966438, 30.6575202942], [-211.963439941, 274.763580322, -113.589309692, -170.086380005, -125.598518372, 18.1213245392, 332.396850586, -31.2379436493, 11.2479076385, -25.4343910217, 48.6874160767, -69.8950958252, 18.8621425629], [81.3222961426, -243.39692688, 111.068992615, 67.0606842041, 49.810333252, 83.3804321289, -31.2379436493, 199.841567993, 11.6619529724, 13.0204334259, -19.3288536072, 41.4797515869, 28.9158992767], [-234.017929077, 91.7555236816, 38.1412887573, 67.6036529541, 77.469291687, -53.4320030212, 11.2479076385, 11.6619529724, 169.844512939, 25.2242660522, 25.1845207214, -6.07170677185, -4.90664148331], [161.506835938, -115.360549927, -56.916519165, -6.32911682129, 13.6854257584, 46.108631134, -25.4343910217, 13.0204334259, 25.2242660522, 152.603164673, 18.2621879578, -16.200422287, -25.0012245178], [-210.532394409, 109.628761292, 7.72389507294, -48.6387214661, 9.08131408691, -19.318813324, 48.6874160767, -19.3288536072, 25.1845207214, 18.2621879578, 107.399765015, -0.764388859272, 0.30684030056], [74.7884216309, -128.519805908, 75.4344177246, 69.9314956665, 23.6593742371, -2.95041966438, -69.8950958252, 41.4797515869, -6.07170677185, -16.200422287, -0.764388859272, 125.104766846, 9.32534217834], [-268.639373779, -58.8547210693, 28.2438373566, 6.99905920029, 68.5618286133, 30.6575202942, 18.8621425629, 28.9158992767, -4.90664148331, -25.0012245178, 0.30684030056, 9.32534217834, 134.283859253]],
        "icov": [[0.00247157434933, -0.00242393626831, 0.00326522579417, -0.00233461987227, 0.00356641644612, -0.00286399153993, 0.0032533549238, -0.00361670251004, 0.00233048037626, -0.0025892117992, 0.00295251468197, -0.00272910599597, 0.00225762650371], [-0.00242393626831, 0.00536083942279, -0.00309021607973, 0.00369070540182, -0.00409332849085, 0.00561220897362, -0.00462298560888, 0.00483916699886, -0.00336241186596, 0.00435361079872, -0.00392805505544, 0.00394191406667, -0.0012030681828], [0.00326522579417, -0.00309021607973, 0.00524065410718, -0.00261979363859, 0.00390019477345, -0.00392565969378, 0.00440852437168, -0.00507326610386, 0.00287718349136, -0.00272556277923, 0.00379501911812, -0.00395471975207, 0.00345383421518], [-0.00233461987227, 0.00369070540182, -0.00261979363859, 0.00672076549381, -0.00513261044398, 0.00463686697185, -0.00275975372642, 0.00314202229492, -0.00379156018607, 0.00374250952154, -0.00175770220812, 0.00188177567907, -0.00114756904077], [0.00356641644612, -0.00409332849085, 0.00390019477345, -0.00513261044398, 0.00852998439223, -0.00498401280493, 0.00566575489938, -0.00510286632925, 0.00288200401701, -0.00452505936846, 0.0035267570056, -0.0032184435986, 0.00135181471705], [-0.00286399153993, 0.00561220897362, -0.00392565969378, 0.00463686697185, -0.00498401280493, 0.009804809466, -0.0055952873081, 0.00390001083724, -0.00233538937755, 0.00312923733145, -0.00348357972689, 0.00444462615997, -0.00223681493662], [0.0032533549238, -0.00462298560888, 0.00440852437168, -0.00275975372642, 0.00566575489938, -0.0055952873081, 0.00972682610154, -0.00555983465165, 0.00249827699736, -0.00279775587842, 0.00250434689224, -0.00208210456185, 0.0016237051459], [-0.00361670251004, 0.00483916699886, -0.00507326610386, 0.00314202229492, -0.00510286632925, 0.00390001083724, -0.00555983465165, 0.0125693827868, -0.00466974964365, 0.00386743922718, -0.00385721866041, 0.00277225626633, -0.00405604764819], [0.00233048037626, -0.00336241186596, 0.00287718349136, -0.00379156018607, 0.00288200401701, -0.00233538937755, 0.00249827699736, -0.00466974964365, 0.010285448283, -0.00464155850932, 0.00179410574492, -0.00237147998996, 0.00216954783536], [-0.0025892117992, 0.00435361079872, -0.00272556277923, 0.00374250952154, -0.00452505936846, 0.00312923733145, -0.00279775587842, 0.00386743922718, -0.00464155850932, 0.0123769072816, -0.00569956563413, 0.00499382754788, 6.3660707383e-05], [0.00295251468197, -0.00392805505544, 0.00379501911812, -0.00175770220812, 0.0035267570056, -0.00348357972689, 0.00250434689224, -0.00385721866041, 0.00179410574492, -0.00569956563413, 0.0157848093659, -0.00590537954122, 0.00233029667288], [-0.00272910599597, 0.00394191406667, -0.00395471975207, 0.00188177567907, -0.0032184435986, 0.00444462615997, -0.00208210456185, 0.00277225626633, -0.00237147998996, 0.00499382754788, -0.00590537954122, 0.0143432794139, -0.0028137085028], [0.00225762650371, -0.0012030681828, 0.00345383421518, -0.00114756904077, 0.00135181471705, -0.00223681493662, 0.0016237051459, -0.00405604764819, 0.00216954783536, 6.3660707383e-05, 0.00233029667288, -0.0028137085028, 0.0115164555609]]
    },
    "spectral_contrast_coeffs": {
        "max": [-0.297962784767, -0.421855211258, -0.415239661932, -0.568574666977, -0.634935498238, -0.495059549809],
        "mean": [-0.580648958683, -0.721341669559, -0.711663544178, -0.771115899086, -0.776676476002, -0.731145143509],
        "min": [-0.897260427475, -0.929307937622, -0.915703177452, -0.915380835533, -0.905224561691, -0.879202902317],
        "stdev": [0.108033560216, 0.0891504362226, 0.0911951512098, 0.0656720772386, 0.0527586489916, 0.0736024081707]
    },
    "spectral_contrast_valleys": {
        "max": [-6.38519716263, -5.27216959, -5.5541138649, -6.91962480545, -6.72725343704, -10.0562019348],
        "mean": [-8.79860115051, -7.3830332756, -8.23079586029, -8.91257953644, -8.79903888702, -12.2206335068],
        "min": [-10.9394245148, -10.33207798, -10.9192581177, -11.0300006866, -10.7840719223, -12.8639173508],
        "stdev": [0.606864154339, 0.815810859203, 1.02092576027, 0.911131501198, 0.92142444849, 0.428580462933]
    }
},
"rhythm": {
    "beats_count": 75,
    "beats_loudness": {
        "max": 0.15853920579,
        "mean": 0.0189372058958,
        "min": 4.17878582084e-05,
        "stdev": 0.02617472969
    },
    "bpm": 125.566589355,
    "bpm_histogram_first_peak_bpm": 126,
    "bpm_histogram_first_peak_weight": 0.416666686535,
    "bpm_histogram_second_peak_bpm": 178,
    "bpm_histogram_second_peak_spread": 0,
    "bpm_histogram_second_peak_weight": 0.162162154913,
    "danceability": 0.876536786556,
    "onset_rate": 1.96874988079,
    "beats_loudness_band_ratio": {
        "max": [0.368784248829, 0.968436837196, 0.856993854046, 0.960850059986, 0.467762500048, 0.787582874298],
        "mean": [0.0522330030799, 0.344876796007, 0.334218978882, 0.216658532619, 0.0646413639188, 0.0517662875354],
        "min": [0.000424375350121, 0.0119969975203, 0.00913236290216, 0.00157900713384, 0.000617603596766, 0.000210658152355],
        "stdev": [0.0798454284668, 0.278266012669, 0.263071089983, 0.263822764158, 0.084481343627, 0.135777711868]
    },
