{
"metadata": {
    "version": {
        "essentia": "2.1-beta5",
        "essentia_git_sha": "Undefined",
        "extractor": "music 2.0"
    },
    "audio_properties": {
        "analysis": {
            "equal_loudness": 0,
            "length": 48.7502937317,
            "sample_rate": 44100,
            "start_time": 61.4980506897,
            "downmix": "mix"
        },
        "bit_rate": 192000,
        "length": 187.361831665,
        "lossless": 0,
        "number_channels": 2,
        "replay_gain": -5.32627868652,
        "sample_rate": 48000,
        "codec": "mp3",
        "md5_encoded": "ae5bdd2fefff27bdf8cf7533102d3041"
    },
    "tags": {
        "file_name": "Switzerland_Nous Aurons Demain_Franca di Rienzo.mp3",
        "encoding": ["Lavf58.29.100"]
    }
},
"lowlevel": {
    "average_loudness": 0.0938768908381,
    "barkbands_crest": {
        "max": 26.7764816284,
        "mean": 13.1986160278,
        "min": 2.8971426487,
        "stdev": 5.41749620438
    },
    "barkbands_flatness_db": {
        "max": 0.476081073284,
        "mean": 0.243918210268,
        "min": 0.0536650381982,
        "stdev": 0.0690639913082
    },
    "barkbands_kurtosis": {
        "max": 667.82043457,
        "mean": 12.2490444183,
        "min": -1.96256732941,
        "stdev": 35.5918464661
    },
    "barkbands_skewness": {
        "max": 22.7438697815,
        "mean": 2.03602743149,
        "min": -2.66240239143,
        "stdev": 1.94650185108
    },
    "barkbands_spread": {
        "max": 82.8514633179,
        "mean": 10.7079133987,
        "min": 0.184741899371,
        "stdev": 10.8217506409
    },
    "dissonance": {
        "max": 0.498965352774,
        "mean": 0.412623256445,
        "min": 0.14407864213,
        "stdev": 0.0614250488579
    },
    "dynamic_complexity": 7.29915428162,
    "erbbands_crest": {
        "max": 31.9036941528,
        "mean": 13.7958602905,
        "min": 2.2362678051,
        "stdev": 6.21183109283
    },
    "erbbands_flatness_db": {
        "max": 0.442589253187,
        "mean": 0.272326558828,
        "min": 0.0924754962325,
        "stdev": 0.0558492913842
    },
    "erbbands_kurtosis": {
        "max": 151.44380188,
        "mean": 4.15982151031,
        "min": -1.8396281004,
        "stdev": 10.0870952606
    },
    "erbbands_skewness": {
        "max": 11.0173139572,
        "mean": 1.07877910137,
        "min": -4.13299322128,
        "stdev": 1.31377315521
    },
    "erbbands_spread": {
        "max": 118.935432434,
        "mean": 21.8425159454,
        "min": 1.20617568493,
        "stdev": 15.3296642303
    },
    "hfc": {
        "max": 218.543991089,
        "mean": 7.82698917389,
        "min": 0.00237625022419,
        "stdev": 16.8085708618
    },
    "loudness_ebu128": {
        "integrated": -21.5824337006,
        "loudness_range": 13.4027175903,
        "momentary": {
            "max": -11.313706398,
            "mean": -26.5261211395,
            "min": -56.450920105,
            "stdev": 6.6893529892
        },
        "short_term": {
            "max": -15.6040267944,
            "mean": -24.7267990112,
            "min": -35.1960830688,
            "stdev": 4.76057624817
        }
    },
    "melbands_crest": {
        "max": 33.480140686,
        "mean": 16.2580127716,
        "min": 3.69527935982,
        "stdev": 6.01352834702
    },
    "melbands_flatness_db": {
        "max": 0.51046037674,
        "mean": 0.273431032896,
        "min": 0.0625662505627,
        "stdev": 0.0799523368478
    },
    "melbands_kurtosis": {
        "max": 442.035003662,
        "mean": 15.1182193756,
        "min": -1.83333110809,
        "stdev": 30.6851577759
    },
    "melbands_skewness": {
        "max": 14.0347385406,
        "mean": 2.29889440536,
        "min": -0.372850954533,
        "stdev": 1.7473679781
    },
    "melbands_spread": {
        "max": 210.333526611,
        "mean": 14.1980209351,
        "min": 0.336438655853,
        "stdev": 16.9561367035
    },
    "pitch_salience": {
        "max": 0.825365483761,
        "mean": 0.508705437183,
        "min": 0.0660092756152,
        "stdev": 0.137308657169
    },
    "silence_rate_20dB": {
        "max": 1,
        "mean": 1,
        "min": 1,
        "stdev": 0
    },
    "silence_rate_30dB": {
        "max": 1,
        "mean": 0.989528775215,
        "min": 0,
        "stdev": 0.101789012551
    },
    "silence_rate_60dB": {
        "max": 1,
        "mean": 0.470252275467,
        "min": 0,
        "stdev": 0.49911403656
    },
    "spectral_centroid": {
        "max": 5107.11621094,
        "mean": 827.10736084,
        "min": 262.545837402,
        "stdev": 531.911315918
    },
    "spectral_complexity": {
        "max": 24,
        "mean": 6.58162784576,
        "min": 0,
        "stdev": 4.83016061783
    },
    "spectral_decrease": {
        "max": -5.18277207175e-13,
        "mean": -2.78752954053e-09,
        "min": -7.11385226282e-08,
        "stdev": 5.35542765689e-09
    },
    "spectral_energy": {
        "max": 0.288315922022,
        "mean": 0.0112307071686,
        "min": 2.25991880143e-06,
        "stdev": 0.0216607283801
    },
    "spectral_energyband_high": {
        "max": 0.00364110362716,
        "mean": 7.78289104346e-05,
        "min": 5.3726267879e-08,
        "stdev": 0.000233750906773
    },
    "spectral_energyband_low": {
        "max": 0.0094309123233,
        "mean": 0.000223274575546,
        "min": 6.48455440455e-08,
        "stdev": 0.000647043227218
    },
    "spectral_energyband_middle_high": {
        "max": 0.108094371855,
        "mean": 0.00243158033118,
        "min": 3.33698380928e-07,
        "stdev": 0.00799332465976
    },
    "spectral_energyband_middle_low": {
        "max": 0.260353982449,
        "mean": 0.00899391341954,
        "min": 6.9622655019e-07,
        "stdev": 0.018664073199
    },
    "spectral_entropy": {
        "max": 8.39604187012,
        "mean": 6.74797439575,
        "min": 4.51310110092,
        "stdev": 0.697090506554
    },
    "spectral_flux": {
        "max": 0.334246873856,
        "mean": 0.0389849878848,
        "min": 0.000694552611094,
        "stdev": 0.0379739031196
    },
    "spectral_kurtosis": {
        "max": 48.7443351746,
        "mean": 8.9602098465,
        "min": -1.42685055733,
        "stdev": 7.3995513916
    },
    "spectral_rms": {
        "max": 0.016771517694,
        "mean": 0.00250900327228,
        "min": 4.69552833238e-05,
        "stdev": 0.00215909676626
    },
    "spectral_rolloff": {
        "max": 8182.6171875,
        "mean": 1038.5345459,
        "min": 215.33203125,
        "stdev": 1017.08740234
    },
    "spectral_skewness": {
        "max": 5.59789419174,
        "mean": 2.09800553322,
        "min": -0.694918096066,
        "stdev": 0.939015209675
    },
    "spectral_spread": {
        "max": 19673786,
        "mean": 3073642,
        "min": 1346736.75,
        "stdev": 1024517.625
    },
    "spectral_strongpeak": {
        "max": 14.0899524689,
        "mean": 1.02015388012,
        "min": 0.000669495784678,
        "stdev": 1.470495224
    },
    "zerocrossingrate": {
        "max": 0.298828125,
        "mean": 0.0397631973028,
        "min": 0.0087890625,
        "stdev": 0.027337577194
    },
    "barkbands": {
        "max": [3.22477171721e-05, 0.000638821395114, 0.00266858469695, 0.00938167609274, 0.0160991251469, 0.111065462232, 0.0999969393015, 0.0898990854621, 0.22334164381, 0.144857719541, 0.00965368561447, 0.0121710449457, 0.0126799121499, 0.0102106668055, 0.0276803970337, 0.0204671788961, 0.00320366676897, 0.00893700122833, 0.0016908403486, 0.00168272689916, 0.00138154544402, 0.000528596166987, 0.00224332278594, 0.00107777211815, 3.17410297157e-07, 2.51107667992e-08, 2.4111132646e-08],
        "mean": [1.40877818922e-06, 2.80150798062e-05, 6.73292015563e-05, 0.000196740031242, 0.000938233162742, 0.00288062775508, 0.00151666835882, 0.00085660937475, 0.00187121727504, 0.00145788758527, 0.00014673449914, 0.000195188011276, 0.000124957296066, 0.00013593355834, 0.000250048935413, 0.000262069719611, 6.85108316247e-05, 0.000100083983853, 4.22537632403e-05, 3.24050633935e-05, 1.46066831803e-05, 1.06701963887e-05, 2.61350251094e-05, 6.34747220829e-06, 4.70794461194e-08, 4.03737876464e-10, 4.15456641312e-10],
        "min": [2.94035795712e-09, 1.17322365156e-08, 1.50813175281e-08, 5.61198127969e-08, 3.7443065537e-08, 5.20003240467e-08, 3.26733307077e-08, 1.1418941348e-08, 1.87336173241e-08, 1.14053317901e-08, 9.69433866516e-09, 1.90163547131e-08, 1.66986993122e-08, 1.31044224361e-08, 1.03597033174e-08, 1.15995115735e-08, 1.77017867031e-08, 1.81624297824e-08, 1.39296325585e-08, 2.01236574071e-08, 8.45584402498e-09, 1.60883200095e-08, 7.87508902533e-09, 4.28035251687e-09, 4.02943234334e-09, 3.47014743329e-11, 4.47081677235e-11],
        "stdev": [2.80477865999e-06, 4.75697597722e-05, 0.000195565502509, 0.00059378053993, 0.00176829122938, 0.00786939170212, 0.00698505574837, 0.0032619391568, 0.00998966675252, 0.00835759937763, 0.000470430153655, 0.000906173721887, 0.000568338611629, 0.000605562701821, 0.00112175662071, 0.00130730436649, 0.000209332298255, 0.000384058919735, 0.000105562568933, 0.000113348047307, 5.60549924558e-05, 3.26076078636e-05, 0.000113483474706, 3.84335726267e-05, 1.5262626718e-08, 1.05692754548e-09, 1.09972853046e-09]
    },
    "erbbands": {
        "max": [0.0169448200613, 0.155324727297, 1.84359896183, 23.0516242981, 14.7003164291, 61.2515029907, 519.22088623, 1412.38000488, 1064.80737305, 1039.54003906, 1961.44812012, 3619.91503906, 5784.80957031, 3218.7890625, 410.485839844, 596.858764648, 370.119354248, 746.857055664, 1319.06237793, 1451.83178711, 1162.76623535, 127.519607544, 603.575683594, 121.195983887, 76.964553833, 72.7022094727, 83.1499710083, 25.5716648102, 21.0932102203, 38.1358680725, 65.1089782715, 51.9726066589, 4.25820684433, 0.131720349193, 0.00873756315559, 0.00122557615396, 0.000264678674284, 7.31252584956e-05, 0.00014920195099, 0.000335040735081],
        "mean": [0.000532420992386, 0.0078435279429, 0.0569644980133, 0.475259572268, 0.90747821331, 3.43341040611, 12.7949228287, 27.5120296478, 22.4844646454, 19.952671051, 19.5371856689, 40.5520782471, 55.6686019897, 28.6839675903, 7.61044740677, 7.97440767288, 6.17899656296, 7.31256484985, 10.8350896835, 15.5602226257, 10.1532402039, 4.15365314484, 5.68484067917, 3.07406878471, 1.69633173943, 1.66836833954, 0.963357150555, 0.413918465376, 0.319030046463, 0.724178016186, 0.679143488407, 0.290620625019, 0.0339720100164, 0.001816670876, 0.000251468532952, 2.23405313591e-05, 7.22497043171e-06, 2.076445071e-06, 6.00819885221e-06, 1.31020269691e-05],
        "min": [4.25508233093e-07, 2.64775030701e-06, 2.08207129617e-05, 0.000118105839647, 0.000261850247625, 0.000119726217235, 0.000259958527749, 0.000350433721906, 0.000338023528457, 0.000372603361029, 0.000392865884351, 0.000340861646691, 0.000261198729277, 0.000606415094808, 0.000402668374591, 0.000783035706263, 0.000799671455752, 0.000962772814091, 0.000936284137424, 0.000934749899898, 0.00086736906087, 0.00114868383389, 0.000809047021903, 0.000827189302072, 0.000724286830518, 0.00111174897756, 0.000482126837596, 0.0003186610993, 0.000520009896718, 0.000432804779848, 0.000211566904909, 0.000113384507131, 6.0295813455e-05, 6.12636722508e-05, 1.88471130969e-05, 2.51148549069e-06, 3.0994775102e-07, 6.6559387335e-08, 1.44147680459e-08, 5.0450426059e-09],
        "stdev": [0.0010907757096, 0.0124919321388, 0.134702548385, 1.51588714123, 1.65085208416, 7.07101202011, 30.8265972137, 92.3798294067, 82.3646316528, 76.4818344116, 77.7718887329, 176.845733643, 350.777618408, 169.381439209, 22.3107299805, 35.8686676025, 22.1655731201, 38.1629295349, 46.1578788757, 76.4606628418, 46.8258743286, 12.5784921646, 22.8413391113, 8.49025344849, 4.7318353653, 5.72533988953, 3.55417871475, 1.27637219429, 1.02311611176, 2.51768922806, 3.07416296005, 1.86683630943, 0.176721706986, 0.00549916690215, 0.000349432550138, 5.32443409611e-05, 1.501288898e-05, 4.51508003607e-06, 1.13810174298e-05, 2.5233017368e-05]
    },
    "gfcc": {
        "mean": [-176.383712769, 145.106811523, -158.267791748, 19.4996910095, -90.4085693359, -8.87570571899, -41.1383171082, -19.4640388489, -3.38238596916, -26.3138561249, 6.85298871994, -16.2163143158, 4.52362632751],
        "cov": [[7849.34765625, 131.282989502, -2259.59570312, -96.3620223999, 252.27041626, -763.57043457, 350.738830566, -345.163787842, 712.655090332, -387.751159668, 7.07112360001, -108.943901062, -224.884811401], [131.282989502, 745.68939209, 166.344284058, -311.802734375, 191.966690063, -59.2190093994, 22.9038219452, 2.17298293114, -88.0139541626, -15.5836553574, 42.6551551819, -118.481552124, -13.1925363541], [-2259.59570312, 166.344284058, 1212.34924316, 0.554575264454, -191.414093018, 146.284698486, -151.925888062, 69.7269821167, -189.444046021, 58.0387229919, 7.6947312355, 11.7358350754, 52.2078399658], [-96.3620223999, -311.802734375, 0.554575264454, 588.136047363, 117.076797485, 110.688682556, -36.9037590027, 10.4793052673, 71.3367080688, 20.9618167877, -109.028007507, 2.76592326164, -45.1395683289], [252.27041626, 191.966690063, -191.414093018, 117.076797485, 341.062805176, 50.6491928101, 0.749071419239, 46.5119056702, 21.6161727905, 21.6906147003, -39.6066246033, -44.7443885803, -14.2397060394], [-763.57043457, -59.2190093994, 146.284698486, 110.688682556, 50.6491928101, 398.16998291, 72.7027664185, 51.0191726685, -82.8692245483, 61.8544235229, -20.0100708008, -16.7052879333, -9.42482376099], [350.738830566, 22.9038219452, -151.925888062, -36.9037590027, 0.749071419239, 72.7027664185, 203.618087769, 31.8338279724, -22.8732566833, 0.0527996644378, 22.7403793335, -0.516421020031, -3.44700980186], [-345.163787842, 2.17298293114, 69.7269821167, 10.4793052673, 46.5119056702, 51.0191726685, 31.8338279724, 138.527877808, 21.3656368256, 27.6035690308, -3.1909506321, 17.3215789795, 18.4715003967], [712.655090332, -88.0139541626, -189.444046021, 71.3367080688, 21.6161727905, -82.8692245483, -22.8732566833, 21.3656368256, 218.705703735, -3.82138943672, -19.8110351562, 17.7314033508, -15.4918308258], [-387.751159668, -15.5836553574, 58.0387229919, 20.9618167877, 21.6906147003, 61.8544235229, 0.0527996644378, 27.6035690308, -3.82138943672, 128.613235474, 38.4765853882, 5.67664146423, 9.81919574738], [7.07112360001, 42.6551551819, 7.6947312355, -109.028007507, -39.6066246033, -20.0100708008, 22.7403793335, -3.1909506321, -19.8110351562, 38.4765853882, 106.669769287, 48.5824966431, 20.2366294861], [-108.943901062, -118.481552124, 11.7358350754, 2.76592326164, -44.7443885803, -16.7052879333, -0.516421020031, 17.3215789795, 17.7314033508, 5.67664146423, 48.5824966431, 135.607879639, 74.9414291382], [-224.884811401, -13.1925363541, 52.2078399658, -45.1395683289, -14.2397060394, -9.42482376099, -3.44700980186, 18.4715003967, -15.4918308258, 9.81919574738, 20.2366294861, 74.9414291382, 119.787315369]],
        "icov": [[0.00121233065147, -0.000224862102186, 0.000922537816223, -0.000174472123035, -0.00073072174564, 0.000989561784081, -0.00236188364215, 0.00278014387004, -0.00345299486071, 0.00268808938563, -0.00189273722935, 0.00110154191498, 0.000241416826611], [-0.000224862102186, 0.00639571389183, -0.0031403650064, 0.00362200010568, -0.0067604961805, 0.00136683962774, -0.00255864323117, 0.00219836179167, -0.000572183926124, 0.00165934115648, -0.00297908089124, 0.00475202174857, -0.000772631610744], [0.000922537816223, -0.0031403650064, 0.00375876086764, -0.00213137757964, 0.0039573777467, -0.00045183027396, 0.00142385333311, -0.000860120460857, -0.000607699272223, 0.000893629156053, -0.000288822397124, -0.000717847899068, -0.000100757089967], [-0.000174472123035, 0.00362200010568, -0.00213137757964, 0.00511796399951, -0.00479134405032, 0.000229996468988, -0.00154095783364, 0.00222371099517, -0.000917341327295, -0.000646973552648, 0.00255805952474, -0.000507760152686, 0.00181008432992], [-0.00073072174564, -0.0067604961805, 0.0039573777467, -0.00479134405032, 0.0125071303919, -0.00273604784161, 0.00613516429439, -0.00712891574949, 0.00425944989547, -0.00422158045694, 0.00422859424725, -0.00351241230965, -0.000719349307474], [0.000989561784081, 0.00136683962774, -0.00045183027396, 0.000229996468988, -0.00273604784161, 0.0050812298432, -0.0044396170415, 0.00251514767297, -0.00178461766336, 0.000874391349498, -0.000856151862536, 0.00149248796515, 0.000759273883887], [-0.00236188364215, -0.00255864323117, 0.00142385333311, -0.00154095783364, 0.00613516429439, -0.0044396170415, 0.0138554628938, -0.00992559827864, 0.0088743660599, -0.00492826802656, 0.00258892518468, -0.00295035354793, -0.00064778077649], [0.00278014387004, 0.00219836179167, -0.000860120460857, 0.00222371099517, -0.00712891574949, 0.00251514767297, -0.00992559827864, 0.0184493139386, -0.0111477822065, 0.00520070083439, -0.00311759323813, 0.00190323288552, 0.000362140446668], [-0.00345299486071, -0.000572183926124, -0.000607699272223, -0.000917341327295, 0.00425944989547, -0.00178461766336, 0.0088743660599, -0.0111477822065, 0.0173334628344, -0.00907183904201, 0.00747064873576, -0.00566464383155, 0.000981109798886], [0.00268808938563, 0.00165934115648, 0.000893629156053, -0.000646973552648, -0.00422158045694, 0.000874391349498, -0.00492826802656, 0.00520070083439, -0.00907183904201, 0.0184984765947, -0.0133423721418, 0.00799437053502, -0.00221782480367], [-0.00189273722935, -0.00297908089124, -0.000288822397124, 0.00255805952474, 0.00422859424725, -0.000856151862536, 0.00258892518468, -0.00311759323813, 0.00747064873576, -0.0133423721418, 0.02620681189, -0.0152174066752, 0.00535179069266], [0.00110154191498, 0.00475202174857, -0.000717847899068, -0.000507760152686, -0.00351241230965, 0.00149248796515, -0.00295035354793, 0.00190323288552, -0.00566464383155, 0.00799437053502, -0.0152174066752, 0.0234369598329, -0.0114453723654], [0.000241416826611, -0.000772631610744, -0.000100757089967, 0.00181008432992, -0.000719349307474, 0.000759273883887, -0.00064778077649, 0.000362140446668, 0.000981109798886, -0.00221782480367, 0.00535179069266, -0.0114453723654, 0.0159070435911]]
    },
    "melbands": {
        "max": [0.000157768925419, 0.00098614115268, 0.0033398529049, 0.0021152663976, 0.0135150933638, 0.0270940270275, 0.0191919934005, 0.0092781316489, 0.0146881118417, 0.0309321582317, 0.0280698873103, 0.0137842325494, 0.000980233773589, 0.00132249959279, 0.00199610413983, 0.00135590543505, 0.00124087464064, 0.00168268417474, 0.00181442499161, 0.00176634977106, 0.00112911057658, 0.000107312283944, 0.00050916778855, 0.000298933009617, 0.000124292782857, 6.6080589022e-05, 5.89908886468e-05, 5.50118020328e-05, 6.5838044975e-05, 2.12305458263e-05, 1.18169627967e-05, 1.11386434583e-05, 1.13540027087e-05, 3.07284863084e-05, 3.54328622052e-05, 4.77099056297e-05, 2.62807079707e-05, 2.55461600318e-06, 8.42206944185e-08, 3.10384473678e-09],
        "mean": [6.38930259811e-06, 2.89989420708e-05, 8.60555592226e-05, 0.000138761286507, 0.000397710886318, 0.000587269780226, 0.00034756414243, 0.00020854450122, 0.000162298165378, 0.000279888336081, 0.000274011428701, 0.000117632422189, 2.25018793572e-05, 2.15863201447e-05, 1.69341601577e-05, 1.33953708428e-05, 1.27427811094e-05, 1.5704681573e-05, 1.82205076271e-05, 2.35990446527e-05, 8.66858044901e-06, 3.57648673344e-06, 6.04016577199e-06, 4.01158604291e-06, 2.374018095e-06, 1.33379160161e-06, 9.39333574479e-07, 1.16355693081e-06, 7.13407359854e-07, 3.31744359983e-07, 2.04810547189e-07, 1.60051015996e-07, 2.35485288158e-07, 4.87340628297e-07, 4.33306269088e-07, 2.74796406075e-07, 1.37397861977e-07, 2.37549926396e-08, 1.24514665245e-09, 6.38736119551e-10],
        "min": [3.83868359322e-09, 9.26113497002e-09, 2.45201885463e-08, 1.21398215924e-08, 7.72819586103e-09, 8.20326118145e-09, 5.7228928263e-09, 4.18433820926e-09, 3.94238997004e-09, 1.73396308423e-09, 1.16861897936e-09, 1.95949234616e-09, 1.39204114902e-09, 1.39977229807e-09, 1.23440491162e-09, 1.94727634018e-09, 1.05827280272e-09, 1.55844803729e-09, 8.62371063448e-10, 5.82499937174e-10, 8.3484874569e-10, 9.12369291228e-10, 7.59296792108e-10, 6.82775946892e-10, 6.12147110779e-10, 5.95839766415e-10, 5.69165492514e-10, 7.29908966601e-10, 2.92437962734e-10, 2.17831697125e-10, 1.83714807256e-10, 2.86332874078e-10, 3.22002396969e-10, 2.14662898568e-10, 1.42803005532e-10, 5.1178221383e-11, 8.38385819102e-11, 3.94611565646e-11, 4.38401918934e-11, 5.15634653031e-11],
        "stdev": [1.15930934044e-05, 7.0569331001e-05, 0.00021745749109, 0.000252404191997, 0.000862105283886, 0.00182994315401, 0.00137227203231, 0.000763292773627, 0.000656690914184, 0.00138177571353, 0.00175429589581, 0.000730139843654, 6.61311933072e-05, 9.02832907741e-05, 9.41012476687e-05, 6.566758384e-05, 6.46299085929e-05, 6.58150893287e-05, 8.38191263028e-05, 0.000125465812744, 4.13799243688e-05, 1.06574725578e-05, 2.49704025919e-05, 1.40393458423e-05, 7.15700434739e-06, 3.71584587811e-06, 3.05284993374e-06, 4.27221448263e-06, 2.80001108877e-06, 1.13278542813e-06, 6.82953782416e-07, 5.40360531431e-07, 7.66132416175e-07, 1.8228998897e-06, 1.8921651872e-06, 1.87320381428e-06, 8.7152540118e-07, 1.18994279319e-07, 3.08575920371e-09, 2.10706854742e-10]
    },
    "melbands128": {
        "max": [2.96844082186e-05, 0.000141252763569, 0.000242092937697, 0.000270227610599, 0.000304550747387, 0.00184636178892, 0.00565068982542, 0.00350099662319, 0.00200314843096, 0.00326360436156, 0.00486152153462, 0.00756081845611, 0.0256048310548, 0.0157320648432, 0.0515652820468, 0.026789739728, 0.0283654071391, 0.03127008304, 0.0335352830589, 0.00805160775781, 0.0149264158681, 0.0308257713914, 0.0269513353705, 0.0120625831187, 0.0192174296826, 0.06776432693, 0.0702744871378, 0.0561398528516, 0.0156016638502, 0.023308256641, 0.0171976052225, 0.00310013815761, 0.00197385484353, 0.00216785306111, 0.00334375491366, 0.00222498551011, 0.00370494951494, 0.00449906662107, 0.00186130555812, 0.00162841356359, 0.00136993161868, 0.00485299807042, 0.00132570636924, 0.000499579473399, 0.0011223568581, 0.00166646239813, 0.00651924079284, 0.00220434134826, 0.00185659644194, 0.00535788433626, 0.00401549553499, 0.00418492779136, 0.00140073802322, 0.000485446245875, 0.00027585963835, 0.000186486751772, 0.00030477688415, 0.000647168431897, 0.00106435373891, 0.00105054792948, 0.000239486194914, 0.000478776695672, 0.000199840564164, 0.000179984155693, 0.0001004741207, 9.21075916267e-05, 0.000129605585244, 6.84711558279e-05, 9.3989270681e-05, 7.70039478084e-05, 0.00010948041745, 6.03767584835e-05, 6.02160798735e-05, 0.000151630985783, 3.33097741532e-05, 1.82150943147e-05, 2.60851138592e-05, 1.41602840813e-05, 1.102522765e-05, 8.41960354592e-06, 1.18768793982e-05, 1.69056420418e-05, 1.15250513772e-05, 1.20886870718e-05, 2.55583654507e-05, 2.58806066995e-05, 4.66000637971e-05, 6.03255830356e-05, 5.26955845999e-05, 3.39390790032e-05, 5.20205176144e-05, 6.27154149697e-05, 3.98107695219e-05, 3.76031239284e-05, 8.72932196216e-06, 3.54960070581e-06, 1.54182794176e-06, 2.05622001204e-07, 2.6078952331e-08, 1.40843496865e-08, 6.1061831147e-09, 2.19584461725e-09, 2.55907095514e-09, 1.78507097992e-09, 8.32044710908e-10, 2.42002140549e-10, 2.16825501997e-10, 1.95273019976e-10, 1.83073625704e-10, 1.71140462912e-10, 1.61661448117e-10, 1.51619508615e-10, 1.40324835085e-10, 1.33669103564e-10, 1.30550611988e-10, 1.25110033444e-10, 1.16934989469e-10, 1.13899459309e-10, 1.12433791444e-10, 1.07282044359e-10, 1.0564859404e-10, 1.01972728872e-10, 1.0174595888e-10, 9.60485788126e-11, 9.38848998544e-11, 9.29666899019e-11, 9.19414197553e-11, 9.16773185144e-11],
        "mean": [7.36239144317e-07, 2.83888698505e-06, 8.62316301209e-06, 1.340108156e-05, 1.45963940668e-05, 4.15218055423e-05, 0.000107589476102, 8.17073087092e-05, 8.16133833723e-05, 0.000109811611765, 0.000178237969521, 0.000303197448375, 0.000438041373855, 0.000519479217473, 0.000752348161768, 0.000545159040485, 0.00031725250301, 0.000352331553586, 0.000354379124474, 0.000182454590686, 0.000178005619091, 0.000128507555928, 0.000183555370313, 0.000142223361763, 0.000241787725827, 0.000338190089678, 0.000373778137146, 0.000323936430505, 0.000109263644845, 0.000174753091414, 0.000112078523671, 1.66945083038e-05, 1.91959261429e-05, 2.3337714083e-05, 2.04400639632e-05, 2.02021074074e-05, 2.58662239503e-05, 1.53106866492e-05, 1.29225454657e-05, 1.37014940265e-05, 8.39956555865e-06, 2.31112280744e-05, 1.11959989226e-05, 1.05155450001e-05, 8.49978732731e-06, 1.57445574587e-05, 2.63802267e-05, 1.44285450006e-05, 1.42716999108e-05, 2.78256611637e-05, 2.51731526077e-05, 2.19691864913e-05, 8.60819000081e-06, 4.18521494794e-06, 4.50678862762e-06, 2.88801743409e-06, 3.05336743622e-06, 6.19941738478e-06, 7.3735427577e-06, 5.52354231331e-06, 3.53739983439e-06, 3.19588593811e-06, 2.94940241474e-06, 2.09719109989e-06, 1.49288962348e-06, 1.10481528282e-06, 1.63584275015e-06, 8.09228083654e-07, 6.31829664144e-07, 1.25071801449e-06, 1.26569625536e-06, 1.12812767838e-06, 9.29370287395e-07, 6.63231674025e-07, 4.19660437956e-07, 3.57265264483e-07, 2.89948644649e-07, 2.07938029462e-07, 1.98208766733e-07, 1.98867908807e-07, 1.55764269039e-07, 1.45798139783e-07, 1.57600425155e-07, 2.12974455849e-07, 3.22369686501e-07, 4.38397535163e-07, 5.71056887111e-07, 5.44509703104e-07, 4.35977767665e-07, 3.46288203446e-07, 3.19632789569e-07, 2.52146890034e-07, 1.97231372567e-07, 1.64861987173e-07, 8.29125141877e-08, 3.39287318241e-08, 1.31664554814e-08, 1.98712979405e-09, 8.84363082765e-10, 7.55815243725e-10, 6.78113287744e-10, 6.35435426499e-10, 5.78803893703e-10, 4.55390447573e-10, 9.91072987566e-11, 3.11544063117e-12, 2.85383565737e-12, 2.83188880332e-12, 2.74342267653e-12, 2.64258276719e-12, 2.55831683962e-12, 2.4757897555e-12, 2.37863721775e-12, 2.29606589817e-12, 2.22881088585e-12, 2.18242784955e-12, 2.12208874605e-12, 1.96053590029e-12, 1.90722784787e-12, 1.86496391247e-12, 1.81539841753e-12, 1.77789814121e-12, 1.74789523133e-12, 1.68983154292e-12, 1.60023621958e-12, 1.46291713552e-12, 1.38618316044e-12, 1.36975337756e-12],
        "min": [3.85038750883e-10, 3.88343268654e-09, 3.61817309447e-09, 4.0780649968e-09, 5.90974380543e-09, 4.76201122979e-09, 1.10952367294e-08, 2.27809451303e-08, 1.58498405511e-08, 5.45530465246e-09, 2.18101647853e-09, 3.22823989762e-09, 7.90455079169e-09, 3.17984594211e-09, 3.0253886063e-09, 6.74208133766e-10, 1.41645695173e-09, 2.31119900995e-09, 2.70169597805e-09, 2.65228328189e-09, 2.36251618269e-09, 1.25449639565e-09, 2.80446754708e-09, 2.74389311272e-09, 8.35094216001e-10, 5.54448598145e-10, 1.45994327738e-10, 1.43433254163e-09, 9.16790643402e-10, 1.14254927741e-09, 9.48603084971e-10, 1.09310216434e-09, 1.25559052044e-09, 1.01360964067e-09, 1.34387734274e-09, 4.24561885648e-10, 1.19232024254e-09, 9.31638988177e-10, 4.89884133259e-10, 7.51319784165e-10, 8.29398438817e-10, 9.74692326849e-10, 4.75372019526e-10, 7.36544270019e-10, 5.53996182262e-10, 3.69420355417e-10, 4.09585754202e-10, 6.39513997314e-10, 5.50707035529e-10, 6.59358845301e-10, 4.67127614368e-10, 2.14799164566e-10, 2.59958582438e-10, 5.26891918984e-10, 3.86594645185e-10, 3.37879724199e-10, 2.24283452921e-10, 4.12225614754e-10, 3.27022853241e-10, 4.09546591085e-10, 2.52644155596e-10, 4.49193016117e-10, 3.66226438064e-10, 3.66115027184e-10, 2.30049590488e-10, 3.70072611444e-10, 4.19497186988e-10, 3.14237635912e-10, 2.35256675252e-10, 4.34011493411e-10, 3.91225440932e-10, 3.52808421367e-10, 2.53144172291e-10, 2.25842358703e-10, 3.54390294888e-10, 2.20147317043e-10, 1.76206563229e-10, 1.33993524609e-10, 1.24790414113e-10, 3.05450859051e-10, 2.87223078654e-10, 1.88865603712e-10, 3.24126586682e-10, 2.64475857881e-10, 1.92193011506e-10, 1.09428938133e-10, 2.76646483499e-10, 1.78745615531e-10, 1.26900004394e-10, 1.25367563553e-10, 5.99497812503e-11, 2.34361939577e-11, 3.38117936427e-11, 1.27579474762e-10, 7.04320005096e-11, 5.86838008743e-11, 2.38657912877e-11, 3.54243301359e-11, 2.19653548822e-11, 5.07611348788e-11, 8.08905928351e-11, 4.29111433886e-12, 2.50255545453e-11, 2.47751749671e-11, 1.95937970709e-12, 1.50785498454e-13, 9.62401748464e-14, 1.37123087407e-13, 1.43939086995e-13, 1.35583330587e-13, 1.18705501158e-13, 1.3222491949e-13, 1.07237366231e-13, 1.04270020081e-13, 1.27257850525e-13, 1.19841446879e-13, 1.12111397097e-13, 1.26789813999e-13, 1.14872832926e-13, 1.21832557064e-13, 1.33159095187e-13, 1.1485011889e-13, 1.27620055365e-13, 1.40649482078e-13, 8.6273626047e-14, 3.82910256237e-14, 4.87764303841e-15, 1.42408645102e-16],
        "stdev": [1.81405039257e-06, 7.18614319339e-06, 1.90742739505e-05, 2.27516156883e-05, 2.86366102955e-05, 0.000134769303259, 0.000382219237508, 0.000219984416617, 0.000191751445527, 0.000270640040981, 0.000465126446215, 0.000757309724577, 0.00139276776463, 0.00139709969517, 0.00304867420346, 0.00205595139414, 0.00160023081116, 0.00186913227662, 0.00238296855241, 0.000730041239876, 0.000766166544054, 0.000791744329035, 0.00103998417035, 0.000682599493302, 0.00125730340369, 0.00243220897391, 0.00327497464605, 0.00276684411801, 0.000758727546781, 0.00123328529298, 0.000838465930428, 0.000103604965261, 7.53190979594e-05, 9.12297546165e-05, 0.000149135972606, 0.000112186462502, 0.000164734228747, 0.00016646059521, 7.30258107069e-05, 5.72892022319e-05, 5.30199795321e-05, 0.000226948715863, 6.51273076073e-05, 3.48152534571e-05, 4.69388505735e-05, 7.84169969847e-05, 0.000188432546565, 0.000107752763142, 0.000101301273389, 0.000218131186557, 0.000204579089768, 0.000147817117977, 5.60011503694e-05, 2.1607032977e-05, 1.73009102582e-05, 1.24505386339e-05, 1.59975606948e-05, 2.86178510578e-05, 4.38092611148e-05, 3.40377191606e-05, 1.39957510328e-05, 1.75505938387e-05, 1.1921278201e-05, 7.5695529631e-06, 5.3099042816e-06, 3.97235407945e-06, 7.09630012352e-06, 3.36762150255e-06, 3.34559945259e-06, 4.98070721733e-06, 5.92366177443e-06, 4.95472340845e-06, 3.95502638639e-06, 4.4039848035e-06, 1.99565442927e-06, 1.22519099932e-06, 1.18361833756e-06, 8.13517374354e-07, 8.02773456599e-07, 6.49331695968e-07, 5.6085906408e-07, 6.10627694186e-07, 5.94309483404e-07, 7.50157653329e-07, 1.19364642615e-06, 1.58481054768e-06, 2.544926474e-06, 2.46234549195e-06, 2.26477914111e-06, 1.64813900483e-06, 2.03196782422e-06, 2.28442695516e-06, 1.34548884034e-06, 1.14896431569e-06, 4.16032037265e-07, 1.7462348012e-07, 7.44365422634e-08, 7.76891528886e-09, 9.51655976245e-10, 5.0671644658e-10, 3.26827981345e-10, 2.74860495475e-10, 2.48637416211e-10, 2.03021058298e-10, 6.65756824669e-11, 8.86340740386e-12, 8.29444585931e-12, 7.76236627059e-12, 7.38283652962e-12, 7.02806909891e-12, 6.73417398234e-12, 6.42860894726e-12, 6.12552890356e-12, 5.88855179895e-12, 5.70004330194e-12, 5.50036014998e-12, 5.28867097685e-12, 5.15486091313e-12, 5.03006230418e-12, 4.87737194382e-12, 4.77150437217e-12, 4.64976841752e-12, 4.58185139135e-12, 4.46635697177e-12, 4.39092338878e-12, 4.34191354745e-12, 4.30186442024e-12, 4.28099873259e-12]
    },
    "mfcc": {
        "mean": [-799.617614746, 154.996749878, -13.8765697479, 11.0022544861, -20.5550003052, -5.1622505188, -27.4492797852, 0.83434265852, -23.1710948944, 4.08222723007, -16.1596870422, -5.17227315903, -8.00634288788],
        "cov": [[9067.53222656, -48.1285324097, -2535.2109375, 494.216217041, -536.791809082, 124.919525146, -848.561950684, 418.953338623, -354.195587158, 592.774841309, -301.594787598, 133.871383667, -221.878036499], [-48.1285324097, 1056.8236084, 39.5013237, -252.904022217, 84.8563919067, -194.820129395, 191.816665649, -138.483642578, -18.6701412201, -44.5135154724, 52.4757423401, -59.8267250061, 51.60704422], [-2535.2109375, 39.5013237, 1178.84472656, -108.90537262, 71.5667419434, -23.4681873322, 147.151763916, -80.4058609009, 38.8780822754, -139.850021362, 29.1330547333, -10.223649025, 47.4270057678], [494.216217041, -252.904022217, -108.90537262, 390.293182373, 92.5235290527, 39.0096931458, -131.89491272, 40.5956954956, 45.5088844299, 25.986246109, -15.9405879974, 18.9346580505, -12.6030797958], [-536.791809082, 84.8563919067, 71.5667419434, 92.5235290527, 327.912384033, 43.4164237976, 19.0675792694, -27.7966213226, 97.4234313965, -19.4466323853, 47.3718261719, -5.75435638428, 6.63736724854], [124.919525146, -194.820129395, -23.4681873322, 39.0096931458, 43.4164237976, 256.607391357, 65.8438568115, 43.1005020142, 23.09167099, 49.7211608887, 31.3959255219, 8.45419597626, -39.1831932068], [-848.561950684, 191.816665649, 147.151763916, -131.89491272, 19.0675792694, 65.8438568115, 363.910461426, -27.3971004486, 37.9844551086, -39.7858963013, 69.814453125, -32.2335205078, 19.9613761902], [418.953338623, -138.483642578, -80.4058609009, 40.5956954956, -27.7966213226, 43.1005020142, -27.3971004486, 167.688232422, 26.4442996979, 45.2851486206, -37.0674095154, 2.73365187645, -6.95219182968], [-354.195587158, -18.6701412201, 38.8780822754, 45.5088844299, 97.4234313965, 23.09167099, 37.9844551086, 26.4442996979, 150.695343018, 4.3560423851, 20.2305469513, -5.97550153732, 16.8930892944], [592.774841309, -44.5135154724, -139.850021362, 25.986246109, -19.4466323853, 49.7211608887, -39.7858963013, 45.2851486206, 4.3560423851, 171.38092041, 26.7178668976, -2.52771878242, -36.7470741272], [-301.594787598, 52.4757423401, 29.1330547333, -15.9405879974, 47.3718261719, 31.3959255219, 69.814453125, -37.0674095154, 20.2305469513, 26.7178668976, 133.472381592, 15.551735878, -1.02034270763], [133.871383667, -59.8267250061, -10.223649025, 18.9346580505, -5.75435638428, 8.45419597626, -32.2335205078, 2.73365187645, -5.97550153732, -2.52771878242, 15.551735878, 112.898025513, 36.6534614563], [-221.878036499, 51.60704422, 47.4270057678, -12.6030797958, 6.63736724854, -39.1831932068, 19.9613761902, -6.95219182968, 16.8930892944, -36.7470741272, -1.02034270763, 36.6534614563, 112.310646057]],
        "icov": [[0.00286157848313, -0.00367542612366, 0.00414380058646, -0.0033297596965, 0.00383784435689, -0.00392861757427, 0.00403228402138, -0.0035637896508, 0.00312384427525, -0.00375543627888, 0.00381809961982, -0.00386517541483, 0.00228140526451], [-0.00367542612366, 0.00653445906937, -0.00510434713215, 0.00514212576672, -0.00595043459907, 0.0065766829066, -0.00612134952098, 0.00529015017673, -0.0034771503415, 0.0042696306482, -0.00490593630821, 0.00551385991275, -0.00339364167303], [0.00414380058646, -0.00510434713215, 0.00703338347375, -0.00451896572486, 0.00531643722206, -0.00553407287225, 0.00554851582274, -0.00486125517637, 0.00436680205166, -0.00481948582456, 0.0054225018248, -0.00547468289733, 0.00312489783391], [-0.0033297596965, 0.00514212576672, -0.00451896572486, 0.00776220532134, -0.00579266436398, 0.00471248710528, -0.00379675789736, 0.00408987421542, -0.00416331458837, 0.00426294375211, -0.00432922272012, 0.00448895432055, -0.00273057259619], [0.00383784435689, -0.00595043459907, 0.00531643722206, -0.00579266436398, 0.010208837688, -0.00684839766473, 0.00630927132443, -0.00413899961859, 0.00128308997955, -0.00392121076584, 0.00388491572812, -0.00491492124274, 0.00321425707079], [-0.00392861757427, 0.0065766829066, -0.00553407287225, 0.00471248710528, -0.00684839766473, 0.0120010999963, -0.00789810623974, 0.00421011634171, -0.00361107825302, 0.00356484972872, -0.00546802952886, 0.00435078702867, -0.00142148614395], [0.00403228402138, -0.00612134952098, 0.00554851582274, -0.00379675789736, 0.00630927132443, -0.00789810623974, 0.0106531782076, -0.00537872826681, 0.00309735187329, -0.00366693013348, 0.00314193055965, -0.00389526272193, 0.00228911149316], [-0.0035637896508, 0.00529015017673, -0.00486125517637, 0.00408987421542, -0.00413899961859, 0.00421011634171, -0.00537872826681, 0.0128546329215, -0.00583662139252, 0.00258619012311, -0.00191663263831, 0.00461194897071, -0.0032929147128], [0.00312384427525, -0.0034771503415, 0.00436680205166, -0.00416331458837, 0.00128308997955, -0.00361107825302, 0.00309735187329, -0.00583662139252, 0.0131046539173, -0.00482333451509, 0.00348952412605, -0.00322912633419, 0.000746732635889], [-0.00375543627888, 0.0042696306482, -0.00481948582456, 0.00426294375211, -0.00392121076584, 0.00356484972872, -0.00366693013348, 0.00258619012311, -0.00482333451509, 0.0135157164186, -0.00804794300348, 0.00557387340814, -0.00132468144875], [0.00381809961982, -0.00490593630821, 0.0054225018248, -0.00432922272012, 0.00388491572812, -0.00546802952886, 0.00314193055965, -0.00191663263831, 0.00348952412605, -0.00804794300348, 0.01609717682, -0.00778491701931, 0.00373604684137], [-0.00386517541483, 0.00551385991275, -0.00547468289733, 0.00448895432055, -0.00491492124274, 0.00435078702867, -0.00389526272193, 0.00461194897071, -0.00322912633419, 0.00557387340814, -0.00778491701931, 0.0168854314834, -0.00783977843821], [0.00228140526451, -0.00339364167303, 0.00312489783391, -0.00273057259619, 0.00321425707079, -0.00142148614395, 0.00228911149316, -0.0032929147128, 0.000746732635889, -0.00132468144875, 0.00373604684137, -0.00783977843821, 0.0140945343301]]
    },
    "spectral_contrast_coeffs": {
        "max": [-0.347632884979, -0.342241346836, -0.416229248047, -0.504066348076, -0.590698957443, -0.488205850124],
        "mean": [-0.619669258595, -0.702239096165, -0.744585216045, -0.792016923428, -0.808394789696, -0.758782088757],
        "min": [-0.890022695065, -0.94856017828, -0.927752494812, -0.922617971897, -0.923785626888, -0.906351089478],
        "stdev": [0.103722430766, 0.0998772755265, 0.0827165544033, 0.0669044777751, 0.0551984794438, 0.0717902556062]
    },
    "spectral_contrast_valleys": {
        "max": [-6.63284683228, -5.77555847168, -6.53930568695, -6.87017393112, -6.73900365829, -10.1757593155],
        "mean": [-8.70782375336, -7.75623464584, -8.64220046997, -9.04233264923, -9.27240562439, -12.4755544662],
        "min": [-11.1034317017, -11.4102268219, -11.7589025497, -11.6198167801, -11.4892749786, -13.2229833603],
        "stdev": [0.839642584324, 0.969889163971, 0.938937366009, 1.02629971504, 0.980811417103, 0.361976534128]
    }
},
"rhythm": {
    "beats_count": 90,
    "beats_loudness": {
        "max": 0.222089529037,
        "mean": 0.0162695646286,
        "min": 4.7396674745e-06,
        "stdev": 0.0297209471464
    },
    "bpm": 101.380371094,
    "bpm_histogram_first_peak_bpm": 101,
    "bpm_histogram_first_peak_weight": 0.555555522442,
    "bpm_histogram_second_peak_bpm": 126,
    "bpm_histogram_second_peak_spread": 0.5,
    "bpm_histogram_second_peak_weight": 0.0898876413703,
    "danceability": 0.862605929375,
    "onset_rate": 2.830078125,
    "beats_loudness_band_ratio": {
        "max": [0.683934211731, 0.984314143658, 0.929209291935, 0.712417781353, 0.400971114635, 0.171036884189],
        "mean": [0.0875314101577, 0.454826653004, 0.320653289557, 0.121079839766, 0.0584798455238, 0.01322982274],
        "min": [0.000232929072808, 0.00561257312074, 0.00811696518213, 0.000777885201387, 0.000192474399228, 0.000384347629733],
        "stdev": [0.145847469568, 0.277264982462, 0.227603942156, 0.153056114912, 0.0820760205388, 0.0272000189871]
    },
