{
"metadata": {
    "version": {
        "essentia": "2.1-beta5",
        "essentia_git_sha": "Undefined",
        "extractor": "music 2.0"
    },
    "audio_properties": {
        "analysis": {
            "equal_loudness": 0,
            "length": 32.7517471313,
            "sample_rate": 44100,
            "start_time": 93.9943771362,
            "downmix": "mix"
        },
        "bit_rate": 192000,
        "length": 126.769355774,
        "lossless": 0,
        "number_channels": 2,
        "replay_gain": -6.35124206543,
        "sample_rate": 48000,
        "codec": "mp3",
        "md5_encoded": "b94a7dcfe9b128d373a3770a6ce30190"
    },
    "tags": {
        "file_name": "United KingdomUK_Are You Sure_The Allisons.mp3",
        "encoding": ["Lavf58.29.100"]
    }
},
"lowlevel": {
    "average_loudness": 0.729429960251,
    "barkbands_crest": {
        "max": 24.6796970367,
        "mean": 10.1686849594,
        "min": 2.62782335281,
        "stdev": 4.14931488037
    },
    "barkbands_flatness_db": {
        "max": 0.33220359683,
        "mean": 0.218039751053,
        "min": 0.0708458051085,
        "stdev": 0.0432473197579
    },
    "barkbands_kurtosis": {
        "max": 43.6374473572,
        "mean": 2.40107059479,
        "min": -1.86723995209,
        "stdev": 4.35002374649
    },
    "barkbands_skewness": {
        "max": 5.7952208519,
        "mean": 1.00391209126,
        "min": -1.6592246294,
        "stdev": 0.987813591957
    },
    "barkbands_spread": {
        "max": 117.030334473,
        "mean": 15.550784111,
        "min": 1.96716630459,
        "stdev": 10.8764514923
    },
    "dissonance": {
        "max": 0.499957770109,
        "mean": 0.451540082693,
        "min": 0.292797058821,
        "stdev": 0.0433484874666
    },
    "dynamic_complexity": 4.6499209404,
    "erbbands_crest": {
        "max": 26.3068294525,
        "mean": 10.2330799103,
        "min": 3.37295842171,
        "stdev": 4.32367134094
    },
    "erbbands_flatness_db": {
        "max": 0.372449845076,
        "mean": 0.276908218861,
        "min": 0.028602745384,
        "stdev": 0.0425266958773
    },
    "erbbands_kurtosis": {
        "max": 13.0820064545,
        "mean": 1.01514112949,
        "min": -1.81635832787,
        "stdev": 2.35647177696
    },
    "erbbands_skewness": {
        "max": 2.91201543808,
        "mean": 0.338804453611,
        "min": -2.17710828781,
        "stdev": 1.0077599287
    },
    "erbbands_spread": {
        "max": 108.736328125,
        "mean": 25.4938259125,
        "min": 4.77889919281,
        "stdev": 14.4066677094
    },
    "hfc": {
        "max": 145.872970581,
        "mean": 15.6563358307,
        "min": 8.09182907346e-08,
        "stdev": 16.2406082153
    },
    "loudness_ebu128": {
        "integrated": -18.950969696,
        "loudness_range": 6.19285774231,
        "momentary": {
            "max": -14.2519760132,
            "mean": -20.65858078,
            "min": -45.9634857178,
            "stdev": 4.66927433014
        },
        "short_term": {
            "max": -15.6438798904,
            "mean": -19.538143158,
            "min": -24.5119152069,
            "stdev": 1.98416125774
        }
    },
    "melbands_crest": {
        "max": 38.729057312,
        "mean": 12.4789247513,
        "min": 3.27510666847,
        "stdev": 5.13299703598
    },
    "melbands_flatness_db": {
        "max": 0.392731517553,
        "mean": 0.221657276154,
        "min": 0.0669015571475,
        "stdev": 0.0574354529381
    },
    "melbands_kurtosis": {
        "max": 103.551055908,
        "mean": 5.72192573547,
        "min": -1.63653957844,
        "stdev": 8.30917453766
    },
    "melbands_skewness": {
        "max": 8.61464977264,
        "mean": 1.56186521053,
        "min": -0.874665021896,
        "stdev": 1.25654101372
    },
    "melbands_spread": {
        "max": 121.906867981,
        "mean": 22.8930339813,
        "min": 2.10314512253,
        "stdev": 16.868598938
    },
    "pitch_salience": {
        "max": 0.917080819607,
        "mean": 0.574419677258,
        "min": 0.0824496597052,
        "stdev": 0.131947815418
    },
    "silence_rate_20dB": {
        "max": 1,
        "mean": 1,
        "min": 1,
        "stdev": 0
    },
    "silence_rate_30dB": {
        "max": 1,
        "mean": 0.997167110443,
        "min": 0,
        "stdev": 0.0531494431198
    },
    "silence_rate_60dB": {
        "max": 1,
        "mean": 0.187677055597,
        "min": 0,
        "stdev": 0.390451729298
    },
    "spectral_centroid": {
        "max": 5275.35595703,
        "mean": 1447.90087891,
        "min": 289.116790771,
        "stdev": 642.084106445
    },
    "spectral_complexity": {
        "max": 36,
        "mean": 14.4745044708,
        "min": 0,
        "stdev": 7.96335887909
    },
    "spectral_decrease": {
        "max": -3.36901316352e-18,
        "mean": -4.02736866079e-09,
        "min": -3.1284098867e-08,
        "stdev": 4.10843981058e-09
    },
    "spectral_energy": {
        "max": 0.131304457784,
        "mean": 0.0166202895343,
        "min": 2.0054973307e-11,
        "stdev": 0.0168866589665
    },
    "spectral_energyband_high": {
        "max": 0.00109056290239,
        "mean": 0.00011383810488,
        "min": 5.536342218e-12,
        "stdev": 0.000140575182741
    },
    "spectral_energyband_low": {
        "max": 0.0097188949585,
        "mean": 0.00014145897876,
        "min": 9.06985424265e-12,
        "stdev": 0.000355053780368
    },
    "spectral_energyband_middle_high": {
        "max": 0.10015168041,
        "mean": 0.00745120784268,
        "min": 3.31703794206e-13,
        "stdev": 0.0110510000959
    },
    "spectral_energyband_middle_low": {
        "max": 0.0569960810244,
        "mean": 0.00989448465407,
        "min": 1.13188581771e-12,
        "stdev": 0.0100041152909
    },
    "spectral_entropy": {
        "max": 9.3006029129,
        "mean": 7.19005489349,
        "min": 6.12737226486,
        "stdev": 0.399954736233
    },
    "spectral_flux": {
        "max": 0.2737236619,
        "mean": 0.0555727630854,
        "min": 2.10950784094e-05,
        "stdev": 0.0353565998375
    },
    "spectral_kurtosis": {
        "max": 35.9881668091,
        "mean": 5.97203302383,
        "min": -0.87876200676,
        "stdev": 4.17654466629
    },
    "spectral_rms": {
        "max": 0.0113182114437,
        "mean": 0.00353024969809,
        "min": 1.39877897709e-07,
        "stdev": 0.00193707796279
    },
    "spectral_rolloff": {
        "max": 14771.7773438,
        "mean": 1724.65319824,
        "min": 21.533203125,
        "stdev": 1025.39538574
    },
    "spectral_skewness": {
        "max": 4.17870426178,
        "mean": 1.31339740753,
        "min": -0.277153670788,
        "stdev": 0.565965116024
    },
    "spectral_spread": {
        "max": 18927838,
        "mean": 2524123.5,
        "min": 1414767.625,
        "stdev": 732580.375
    },
    "spectral_strongpeak": {
        "max": 8.08281612396,
        "mean": 1.37450909615,
        "min": 0,
        "stdev": 1.36418485641
    },
    "zerocrossingrate": {
        "max": 0.3935546875,
        "mean": 0.0577700361609,
        "min": 0.0029296875,
        "stdev": 0.025611102581
    },
    "barkbands": {
        "max": [7.61191913625e-05, 0.000396806368371, 0.00175342848524, 0.0283048022538, 0.0215874053538, 0.0438628345728, 0.0298428200185, 0.0437093265355, 0.0449869446456, 0.047649871558, 0.0445024557412, 0.0566751658916, 0.0399559475482, 0.0111786304042, 0.0106772910804, 0.00754413148388, 0.00831118132919, 0.00485161691904, 0.00460010347888, 0.00216132681817, 0.000710955588147, 0.00042493242654, 0.000268477364443, 2.72277993645e-05, 6.69674761866e-07, 3.75694710897e-08, 3.99057888956e-08],
        "mean": [1.30296405132e-06, 2.91661417577e-05, 4.03414233006e-05, 0.00025027434458, 0.00239519076422, 0.00106868136209, 0.0014209424844, 0.00174224679358, 0.00153084925842, 0.00300201145001, 0.00088579574367, 0.000939633813687, 0.000749330676626, 0.00034231893369, 0.000344877102179, 0.000371473870473, 0.000519309192896, 0.000476379937027, 0.000300667044939, 0.000132573666633, 4.33335189882e-05, 1.80934548553e-05, 1.40096344694e-05, 1.46876493545e-06, 3.25935083367e-08, 5.59785162668e-10, 5.92703053304e-10],
        "min": [7.17636800679e-12, 4.58677757234e-12, 2.91515007358e-15, 3.11730791191e-14, 8.01755580329e-14, 1.53121005458e-13, 1.17213096867e-13, 8.24477340783e-14, 7.17881225927e-14, 6.3025607411e-14, 3.00349412767e-14, 4.80549980234e-14, 5.09081505792e-14, 3.89494683793e-14, 3.93290780531e-14, 8.67344627923e-15, 7.722062261e-15, 2.36653704039e-14, 1.62851824989e-14, 1.87951359391e-14, 7.81445153269e-14, 1.05189077934e-13, 1.98525210485e-13, 4.47413861602e-13, 7.76806462037e-13, 1.50646769365e-12, 2.45750186693e-12],
        "stdev": [2.7996325116e-06, 3.71417045244e-05, 9.12178657018e-05, 0.000966106017586, 0.00281410710886, 0.00339623284526, 0.00297404127195, 0.00336101441644, 0.00328278890811, 0.00718240858987, 0.00298338988796, 0.00270447833464, 0.00221405900083, 0.000869987357873, 0.000797323242296, 0.000726266531274, 0.000908895628527, 0.000714441761374, 0.000435214664321, 0.000175349385245, 6.33736126474e-05, 3.09735733026e-05, 2.08320598176e-05, 2.37606059272e-06, 2.29105339145e-08, 1.42034251027e-09, 1.46764733699e-09]
    },
    "erbbands": {
        "max": [0.00542690698057, 0.124433040619, 1.86248087883, 42.9165229797, 118.917984009, 72.7899398804, 304.742797852, 222.755874634, 341.547485352, 545.79901123, 1174.20166016, 1065.5814209, 1623.29089355, 1219.40673828, 2425.30761719, 1495.03381348, 1732.29284668, 476.217773438, 556.344848633, 368.724151611, 344.637634277, 524.503845215, 297.38293457, 261.940246582, 224.524261475, 73.3855285645, 41.0162467957, 17.789981842, 14.6099796295, 8.99399375916, 7.80302000046, 1.80318808556, 0.129808336496, 0.0103124659508, 0.00294198910706, 0.000154978246428, 7.87757089711e-05, 2.92456406896e-05, 7.57097805035e-05, 0.000159898554557],
        "mean": [0.000499790534377, 0.00822782609612, 0.0456001460552, 0.434254795313, 2.78027272224, 8.34018707275, 14.2734289169, 7.49113273621, 18.4496212006, 28.5538902283, 37.3776626587, 34.3675117493, 94.1750717163, 45.9456138611, 38.3398170471, 37.6424102783, 34.9672279358, 18.6286144257, 17.9964485168, 18.0383529663, 23.7598590851, 28.3691730499, 27.0909194946, 21.8335189819, 11.3449811935, 6.1281619072, 2.16615509987, 1.49071919918, 0.66961568594, 0.571032762527, 0.35251224041, 0.079086817801, 0.00857681687921, 0.000821634661406, 0.000173714972334, 2.22316302825e-05, 9.84615235211e-06, 3.47155696545e-06, 9.41506186791e-06, 1.99976238946e-05],
        "min": [2.42573794385e-10, 6.08809280767e-10, 8.21934464934e-11, 6.9538777514e-11, 2.5499768963e-10, 3.0694660702e-10, 5.28601606931e-10, 1.373010039e-09, 1.77513992394e-09, 1.78718828625e-09, 1.70380010101e-09, 1.49272139094e-09, 1.95777039025e-09, 2.01735872452e-09, 1.24633792176e-09, 1.88667526047e-09, 2.17402496006e-09, 2.33278041328e-09, 2.24882734656e-09, 9.99344496044e-10, 5.46881540053e-10, 5.39516542553e-10, 1.09773812262e-09, 1.20074150622e-09, 9.521784472e-10, 8.04311839353e-10, 2.01760141927e-09, 3.70833208585e-09, 3.870387566e-09, 4.4465018334e-09, 5.84604720189e-09, 7.88275666963e-09, 9.61358725959e-09, 9.16590625621e-09, 4.79805040143e-09, 2.59966115301e-09, 3.10976400186e-09, 1.50770973484e-09, 4.62885119124e-10, 2.90751069054e-11],
        "stdev": [0.000607802707236, 0.0107490513474, 0.0915775299072, 1.47637438774, 5.16799688339, 10.2172222137, 29.8779716492, 20.3241386414, 35.4871940613, 52.5695648193, 71.9617614746, 78.8688430786, 217.411590576, 122.60899353, 123.33972168, 100.111961365, 100.666687012, 43.2355194092, 40.5420417786, 33.9978370667, 41.2199249268, 48.1330337524, 42.1072502136, 28.9878425598, 15.9236030579, 7.7220582962, 3.20880699158, 2.14535045624, 1.19354152679, 0.803854048252, 0.531801104546, 0.125866264105, 0.0125780822709, 0.000537650252227, 0.000132177141495, 1.76110206667e-05, 8.84972359927e-06, 3.24708162225e-06, 9.23407242226e-06, 2.00867616513e-05]
    },
    "gfcc": {
        "mean": [-107.653503418, 140.794921875, -198.816635132, 30.7560272217, -75.9467010498, -25.7549381256, -24.2981643677, -21.3807830811, -7.10542392731, -32.3173370361, 2.34210133553, -14.517821312, -6.1198143959],
        "cov": [[5992.57568359, 544.025939941, -1097.90625, -387.617858887, -404.010955811, -864.949707031, 322.630584717, -292.272369385, 92.6327056885, -396.710296631, 48.6046905518, 54.7633285522, -159.172302246], [544.025939941, 925.908508301, 520.379516602, -193.4503479, -95.3685302734, -249.278884888, 50.1268615723, 15.6979255676, -125.544395447, -71.7492675781, 32.216255188, -55.8010101318, -38.5863342285], [-1097.90625, 520.379516602, 944.39074707, 175.231765747, -47.9678916931, -109.5054245, -102.56338501, 65.2261505127, -134.251464844, 4.47340011597, 16.5214767456, 8.32203197479, 4.19910573959], [-387.617858887, -193.4503479, 175.231765747, 671.011413574, 220.649978638, -86.9771118164, -340.363006592, -29.5684604645, 78.8015823364, 16.6917877197, -49.1979217529, 81.515625, 87.4991149902], [-404.010955811, -95.3685302734, -47.9678916931, 220.649978638, 350.518188477, 72.449760437, -196.288070679, -1.3432328701, 53.9081382751, 49.3895111084, -50.0408630371, 15.2043800354, 67.4042739868], [-864.949707031, -249.278884888, -109.5054245, -86.9771118164, 72.449760437, 583.527282715, 188.906799316, 34.3273849487, -31.4261169434, 92.8166427612, -15.8699531555, -81.9799194336, -9.14474964142], [322.630584717, 50.1268615723, -102.56338501, -340.363006592, -196.288070679, 188.906799316, 437.306793213, 60.7680931091, -109.498794556, -45.6798782349, 37.2565460205, -41.1949424744, -90.738571167], [-292.272369385, 15.6979255676, 65.2261505127, -29.5684604645, -1.3432328701, 34.3273849487, 60.7680931091, 112.707862854, 6.60505628586, 14.3897666931, 2.07911133766, -11.3188228607, -1.03159117699], [92.6327056885, -125.544395447, -134.251464844, 78.8015823364, 53.9081382751, -31.4261169434, -109.498794556, 6.60505628586, 148.868682861, 50.7506828308, -23.6846981049, -0.695730865002, 25.870880127], [-396.710296631, -71.7492675781, 4.47340011597, 16.6917877197, 49.3895111084, 92.8166427612, -45.6798782349, 14.3897666931, 50.7506828308, 107.069465637, 9.86881542206, -27.9695491791, 9.52281188965], [48.6046905518, 32.216255188, 16.5214767456, -49.1979217529, -50.0408630371, -15.8699531555, 37.2565460205, 2.07911133766, -23.6846981049, 9.86881542206, 73.1545639038, 31.57056427, -16.8088741302], [54.7633285522, -55.8010101318, 8.32203197479, 81.515625, 15.2043800354, -81.9799194336, -41.1949424744, -11.3188228607, -0.695730865002, -27.9695491791, 31.57056427, 109.67628479, 39.8433113098], [-159.172302246, -38.5863342285, 4.19910573959, 87.4991149902, 67.4042739868, -9.14474964142, -90.738571167, -1.03159117699, 25.870880127, 9.52281188965, -16.8088741302, 39.8433113098, 82.6601715088]],
        "icov": [[0.00153134181164, -0.00221008295193, 0.00265594851226, -0.00141109689139, 0.000563872046769, 0.00160862377379, -0.00235552689992, 0.00301816756837, -0.00247580022551, 0.00241018249653, -0.000699151714798, 2.22370217671e-05, 0.000790298974607], [-0.00221008295193, 0.00696610286832, -0.00666661048308, 0.00345786940306, -0.0031654573977, -0.000214867948671, 0.00130715721752, -0.00212189694867, 0.00175588729326, 0.000122255267343, -0.00357021274976, 0.00582252535969, -0.00445587933064], [0.00265594851226, -0.00666661048308, 0.00883784610778, -0.00411564297974, 0.00388791458681, 0.00152035907377, -0.00103521952406, 0.00127921032254, 0.000807868666016, -0.000362819322618, 0.00321737164631, -0.00462230900303, 0.00445858296007], [-0.00141109689139, 0.00345786940306, -0.00411564297974, 0.00505170458928, -0.00200739176944, -0.00142324552871, 0.00352993095294, -0.00203957618214, 0.000797453103587, -0.000129947875394, 0.000703030091245, -0.000623453932349, -0.000703676138073], [0.000563872046769, -0.0031654573977, 0.00388791458681, -0.00200739176944, 0.00762238772586, -0.00202988041565, 0.00386014697142, -0.00265383673832, 0.00292347813956, -0.00332573265769, 0.00616900250316, -0.00570558849722, 0.00277245766483], [0.00160862377379, -0.000214867948671, 0.00152035907377, -0.00142324552871, -0.00202988041565, 0.00667827297002, -0.00685921637341, 0.00520665338263, -0.00217843684368, 0.000388040265534, -0.00256038550287, 0.00518597941846, -0.00302716041915], [-0.00235552689992, 0.00130715721752, -0.00103521952406, 0.00352993095294, 0.00386014697142, -0.00685921637341, 0.0148810707033, -0.0114595117047, 0.0092647569254, -0.00351833621971, 0.0053567327559, -0.00670149549842, 0.00650133844465], [0.00301816756837, -0.00212189694867, 0.00127921032254, -0.00203957618214, -0.00265383673832, 0.00520665338263, -0.0114595117047, 0.0207309424877, -0.0113402288407, 0.00689391465858, -0.0062167448923, 0.00585468579084, -0.00399651518092], [-0.00247580022551, 0.00175588729326, 0.000807868666016, 0.000797453103587, 0.00292347813956, -0.00217843684368, 0.0092647569254, -0.0113402288407, 0.0224503856152, -0.0156390462071, 0.0109972683713, -0.00619249604642, 0.00256713130511], [0.00241018249653, 0.000122255267343, -0.000362819322618, -0.000129947875394, -0.00332573265769, 0.000388040265534, -0.00351833621971, 0.00689391465858, -0.0156390462071, 0.0304999686778, -0.0188164841384, 0.0142019530758, -0.00545801827684], [-0.000699151714798, -0.00357021274976, 0.00321737164631, 0.000703030091245, 0.00616900250316, -0.00256038550287, 0.0053567327559, -0.0062167448923, 0.0109972683713, -0.0188164841384, 0.03627916798, -0.0239727515727, 0.0142267905176], [2.22370217671e-05, 0.00582252535969, -0.00462230900303, -0.000623453932349, -0.00570558849722, 0.00518597941846, -0.00670149549842, 0.00585468579084, -0.00619249604642, 0.0142019530758, -0.0239727515727, 0.0329753831029, -0.0188689287752], [0.000790298974607, -0.00445587933064, 0.00445858296007, -0.000703676138073, 0.00277245766483, -0.00302716041915, 0.00650133844465, -0.00399651518092, 0.00256713130511, -0.00545801827684, 0.0142267905176, -0.0188689287752, 0.0283624697477]]
    },
    "melbands": {
        "max": [7.09767773515e-05, 0.000906873610802, 0.0109373843297, 0.00439738063142, 0.00920698884875, 0.00598954595625, 0.00541089801118, 0.0060385777615, 0.00859290361404, 0.00572590529919, 0.00804826524109, 0.00542294140905, 0.00629194825888, 0.00753286946565, 0.00466370256618, 0.00335108395666, 0.00104933523107, 0.0012193886796, 0.000858907063957, 0.000567218346987, 0.000402857578592, 0.00048383596004, 0.000464713724796, 0.000342856481439, 0.000225865718676, 0.000177782014362, 0.00010781675519, 3.15414836223e-05, 3.35512158927e-05, 1.72516920429e-05, 1.37795241244e-05, 9.20020647754e-06, 6.61598278384e-06, 6.11791392657e-06, 5.45049897482e-06, 2.52455743066e-06, 5.33503396127e-07, 9.84735493148e-08, 2.60731702895e-09, 1.26532508915e-08],
        "mean": [6.32894898445e-06, 2.105034946e-05, 0.000139884563396, 0.000382657803129, 0.000519267516211, 0.000183710086276, 0.000279522006167, 0.000348063273123, 0.000311414594762, 0.000206888435059, 0.000485341675812, 0.00019980352954, 0.00011411459127, 0.000107460189611, 0.00010546217527, 6.03567787039e-05, 3.12115262204e-05, 2.87543716695e-05, 2.85151236312e-05, 2.34612707573e-05, 2.90262269118e-05, 3.04581244563e-05, 2.28415574384e-05, 2.53086727753e-05, 1.72622294485e-05, 9.04473836272e-06, 6.90303795636e-06, 3.23103677147e-06, 1.35657762712e-06, 1.0814402458e-06, 7.63514492519e-07, 3.81777795155e-07, 3.00898420846e-07, 3.26373424286e-07, 2.37195536101e-07, 9.27756715896e-08, 2.99644504764e-08, 5.7717337576e-09, 6.32661090183e-10, 4.38507313794e-10],
        "min": [2.0637658249e-12, 5.90699220427e-15, 1.45007364948e-14, 1.957068947e-14, 1.79508168855e-14, 3.17916062941e-14, 2.65679236152e-14, 1.94393400709e-14, 1.29707070009e-14, 9.79856691933e-15, 9.83244484909e-15, 8.36831875361e-15, 4.01797955936e-15, 5.11670961745e-15, 4.91950891238e-15, 5.21820025815e-15, 3.99431261179e-15, 3.53848776045e-15, 2.55052229506e-15, 4.97584952062e-16, 6.65459364791e-16, 5.40389550294e-16, 6.69948904109e-16, 1.15253359089e-15, 9.77328849157e-16, 5.81926987236e-16, 9.1322888972e-16, 3.59765729992e-16, 9.01521094444e-16, 2.18315034155e-15, 1.89999103893e-15, 2.41221367323e-15, 1.6709669884e-15, 2.77911954686e-15, 2.78725042788e-15, 5.23514854039e-15, 3.96077137762e-15, 6.18533951271e-15, 9.03327265149e-15, 6.59381988098e-15],
        "stdev": [7.69370944909e-06, 4.06875660701e-05, 0.000391328067053, 0.000435967522208, 0.000924405816477, 0.00049548241077, 0.000559192267247, 0.000634422816802, 0.000601714535151, 0.000495814310852, 0.00113107089419, 0.000559859734494, 0.000361053040251, 0.00033719354542, 0.000286626134766, 0.00019526205142, 7.5718977314e-05, 7.15265268809e-05, 6.8714543886e-05, 4.94021223858e-05, 5.29224198544e-05, 5.30607721885e-05, 3.72129106836e-05, 4.18766976509e-05, 2.41738307523e-05, 1.48929102579e-05, 9.96960625343e-06, 4.43700992037e-06, 2.33085074797e-06, 1.5501307189e-06, 1.24564985526e-06, 7.67220683429e-07, 4.55071244687e-07, 4.79206846649e-07, 3.70815428141e-07, 1.58211648227e-07, 4.89561990946e-08, 9.39144229051e-09, 3.12374431877e-10, 3.83486964406e-10]
    },
    "melbands128": {
        "max": [4.11450419051e-05, 5.23020971741e-05, 8.62716842676e-05, 0.000238581400481, 0.000516974076163, 0.00111963017844, 0.00621549552307, 0.0177592318505, 0.0139207979664, 0.0047314139083, 0.00401306850836, 0.00844847783446, 0.0132879381999, 0.0202299263328, 0.00586961209774, 0.00491803698242, 0.00659270212054, 0.00840110890567, 0.0111223105341, 0.0091582685709, 0.0118116252124, 0.0138051565737, 0.0134788639843, 0.0153298852965, 0.0103138396516, 0.0103371301666, 0.00762601848692, 0.0144063849002, 0.0148576498032, 0.00932477973402, 0.00823173765093, 0.00935908965766, 0.00596523657441, 0.0146699827164, 0.0106878429651, 0.00598662160337, 0.00370996189304, 0.00487090554088, 0.0104667898268, 0.00911557208747, 0.00345835322514, 0.00230107037351, 0.00125143036712, 0.00243306509219, 0.00214647944085, 0.00154188869055, 0.00172506156377, 0.00159396720119, 0.00127299968153, 0.000683101185132, 0.00109184079338, 0.00128531630617, 0.000877222977579, 0.000931263144594, 0.00100222870242, 0.000690560380463, 0.00128279009368, 0.000854948011693, 0.000411025888752, 0.000642896804493, 0.000729416729882, 0.000254854938248, 0.000492658757139, 0.000374412193196, 0.000258939224295, 0.000333087489707, 0.000172248939634, 0.000286662951112, 0.000184986798558, 0.000102064295788, 4.5114873501e-05, 5.06246105942e-05, 4.70295926789e-05, 5.00366804772e-05, 2.4634962756e-05, 2.00882168429e-05, 1.53594992298e-05, 1.869431253e-05, 1.82322692126e-05, 1.4219050172e-05, 9.88779993349e-06, 7.30894316803e-06, 9.88384636003e-06, 6.75404544381e-06, 4.87879287903e-06, 5.90992567595e-06, 7.30963392925e-06, 9.9377011793e-06, 7.51713059799e-06, 5.86392707191e-06, 3.65813730241e-06, 2.139122671e-06, 1.35665015932e-06, 5.49206447431e-07, 3.7281208165e-07, 1.7520673623e-07, 7.32020595251e-08, 6.55969856211e-09, 3.40249428632e-09, 2.09343875568e-09, 1.59364788033e-09, 1.65645346328e-08, 2.80689000931e-08, 6.7257261982e-09, 1.24778876121e-09, 2.90291152227e-10, 2.8425908849e-10, 2.7397786817e-10, 2.5747345922e-10, 2.47653175744e-10, 2.37045605367e-10, 2.28751975695e-10, 2.1924692617e-10, 2.09659262174e-10, 2.06035785655e-10, 2.00818778273e-10, 1.90921098375e-10, 1.86314644268e-10, 1.81121173615e-10, 1.92034416147e-10, 1.72354255867e-10, 1.70154682011e-10, 1.67576508225e-10, 1.62573468576e-10, 1.61266847098e-10, 1.56025109499e-10, 1.55246732136e-10, 1.54448717704e-10],
        "mean": [7.41467999887e-07, 2.5944070785e-06, 7.90341073298e-06, 1.48092449308e-05, 1.80747592822e-05, 2.0828736524e-05, 5.8190067648e-05, 0.000156311623869, 0.000290315743769, 0.000326162873534, 0.000443471799372, 0.000725515244994, 0.00052752031479, 0.000315540499287, 0.00013025267981, 0.000100568591733, 0.000279935426079, 0.000326371344272, 0.000281744432868, 0.000253919220995, 0.000485412427224, 0.000341941835359, 0.000250761309871, 0.000362139806384, 0.000163671182236, 0.000175773107912, 0.00020737752493, 0.000705226848368, 0.000554258178454, 0.000183803334949, 0.000120070952107, 0.000111290639325, 6.75231276546e-05, 0.000181478666491, 0.000107043117168, 9.56080475589e-05, 7.56027802709e-05, 0.000139600466355, 9.47891894612e-05, 6.68689390295e-05, 5.73317483941e-05, 4.21981712861e-05, 2.3897682695e-05, 3.03041870211e-05, 3.5778106394e-05, 2.61729892372e-05, 2.1966836357e-05, 3.70306079276e-05, 2.84866146103e-05, 1.38313180287e-05, 2.55286286119e-05, 3.10201285174e-05, 2.29229754041e-05, 3.08536364173e-05, 3.52790048055e-05, 2.63415804511e-05, 3.37224300893e-05, 2.26331194426e-05, 1.64140437846e-05, 2.7000949558e-05, 3.05893809127e-05, 1.84734526556e-05, 2.32019265241e-05, 1.43844636113e-05, 1.21972643683e-05, 9.50975754677e-06, 6.0211523305e-06, 8.7768321464e-06, 6.33086483504e-06, 6.26854625807e-06, 2.75128786598e-06, 2.47967886935e-06, 1.37629058372e-06, 1.23463382806e-06, 1.08503979845e-06, 1.1289489521e-06, 1.02574722405e-06, 1.02269291347e-06, 7.31681950583e-07, 5.39668064903e-07, 4.04093697171e-07, 3.23688340131e-07, 2.79714384988e-07, 2.99817031646e-07, 3.13862585699e-07, 3.24224060932e-07, 3.43532633451e-07, 3.13251518946e-07, 2.41295367687e-07, 1.8204966068e-07, 1.1747074069e-07, 6.7569509099e-08, 4.64814391421e-08, 3.31358300798e-08, 1.72520522312e-08, 8.65796501159e-09, 3.46047213107e-09, 8.90502005468e-10, 5.59726376359e-10, 4.78967476791e-10, 4.31077701313e-10, 4.37932606845e-10, 4.4512010744e-10, 3.55962453957e-10, 7.64731888925e-11, 4.41816245048e-12, 4.18805051403e-12, 4.00545395463e-12, 3.8471296461e-12, 3.66048380843e-12, 3.52986194961e-12, 3.40549333525e-12, 3.29385650699e-12, 3.1928184055e-12, 3.06358410862e-12, 2.98264689856e-12, 2.91027163306e-12, 2.80387583811e-12, 2.73791189373e-12, 2.74544059362e-12, 2.55046287909e-12, 2.51067873089e-12, 2.45886037226e-12, 2.39702984024e-12, 2.31311085737e-12, 2.18689042569e-12, 2.11836711367e-12, 2.0995804921e-12],
        "min": [3.37768810317e-12, 2.52543537298e-12, 1.63054997022e-12, 1.21992344747e-14, 3.835952179e-15, 1.1748009224e-15, 3.89038886894e-15, 2.17031830062e-14, 2.70357246654e-14, 1.84825316537e-14, 1.92332196854e-14, 5.15220072145e-15, 3.19384275971e-15, 5.48224389062e-14, 2.98218040702e-14, 2.16553391972e-14, 3.21845685953e-14, 2.22267543997e-14, 1.85366248718e-14, 2.01260212109e-14, 1.86794837546e-14, 1.69767069733e-14, 1.18054776566e-14, 9.36341814224e-15, 7.61959075614e-15, 1.09365082501e-14, 1.25804120065e-14, 8.74245235938e-15, 8.5119662241e-15, 9.48058143357e-15, 8.52135558432e-15, 5.88118056926e-15, 2.94107118759e-15, 2.73880649605e-15, 6.05530047355e-15, 5.63261917441e-15, 3.96475709116e-15, 6.07012439716e-15, 4.22691336482e-15, 4.24533124922e-15, 5.43888495168e-15, 6.92151532893e-15, 3.40902533897e-15, 3.65254032328e-15, 2.25207044785e-15, 3.90398290071e-15, 4.41770160695e-15, 2.9963222997e-15, 1.75433122991e-15, 5.76088600889e-16, 2.33524865976e-16, 4.70211758883e-16, 7.33794330146e-16, 8.39175657877e-16, 3.0812790161e-16, 7.4125563162e-16, 4.41011171529e-16, 3.37964028372e-16, 7.27318604445e-16, 1.41141269408e-15, 7.27795748692e-16, 1.73901570956e-15, 7.53223995406e-16, 1.09603850501e-15, 7.23908926256e-16, 4.27841397386e-16, 5.50839448704e-16, 7.47625266444e-16, 1.28275887142e-15, 6.9894083019e-16, 2.40361930637e-16, 2.19606738224e-16, 4.25897165605e-16, 9.89554710959e-16, 1.51569293192e-15, 1.45694071499e-15, 3.0630068743e-15, 3.0416288215e-15, 1.06420234817e-15, 1.51897232585e-15, 2.71528227352e-15, 2.82310787364e-15, 1.6757829001e-15, 8.56331410251e-16, 2.37703660669e-15, 2.72981545307e-15, 3.09662857659e-15, 2.81252356169e-15, 1.88708479791e-15, 4.27670662014e-15, 2.27677776365e-15, 7.18014752201e-15, 7.27621206966e-15, 3.36515983197e-15, 1.86594687896e-15, 4.75374625867e-15, 7.65866523303e-15, 7.41769960613e-15, 6.0546846806e-15, 1.26867696985e-14, 1.14001283457e-14, 3.48729732428e-15, 3.25148250474e-15, 6.96695314083e-15, 5.87074385281e-15, 4.39929219288e-15, 6.1029939342e-15, 4.48957616418e-15, 3.54473166382e-15, 3.53648812742e-15, 5.23458399293e-15, 7.37150835842e-15, 6.20559079993e-15, 1.58647339786e-14, 2.407018439e-14, 1.15505935844e-14, 8.45663718495e-15, 1.01516881788e-14, 8.67974227513e-15, 1.72371780749e-14, 2.01749661628e-14, 8.60413272612e-15, 1.77408441941e-14, 3.80196921716e-15, 7.54445215746e-15, 2.06134192154e-15, 2.17657093372e-16, 4.66813886215e-17],
        "stdev": [1.52877248638e-06, 3.77609808311e-06, 1.10095743366e-05, 2.08179280889e-05, 3.36990124197e-05, 5.209955998e-05, 0.000216841028305, 0.00060974311782, 0.000618253077846, 0.000412719033193, 0.000594650395215, 0.00107950426172, 0.00116626254749, 0.00142080511432, 0.000529891869519, 0.000348642992321, 0.000641251215711, 0.000763996853493, 0.00100921862759, 0.000584676337894, 0.000982648343779, 0.000914093572646, 0.000680707278661, 0.000885322166141, 0.000648528628517, 0.00072789384285, 0.00061171525158, 0.00186000100803, 0.00171437347308, 0.000718012044672, 0.000590235926211, 0.000522265734617, 0.000246693874942, 0.000754939159378, 0.00043519915198, 0.000429249950685, 0.000293032411719, 0.000449366023531, 0.000399663578719, 0.000330893381033, 0.00022235455981, 0.000163943797816, 7.64679498388e-05, 0.000100370598375, 0.000112135399831, 7.83173672971e-05, 8.44549504109e-05, 0.000111327732156, 7.72076527937e-05, 4.15537178924e-05, 7.21550095477e-05, 8.4395367594e-05, 5.92105207033e-05, 7.27173101041e-05, 8.76843041624e-05, 5.74165896978e-05, 8.2322563685e-05, 5.20701905771e-05, 2.95003701467e-05, 5.30471952516e-05, 7.12011969881e-05, 3.28702408297e-05, 3.74965165975e-05, 2.89391300612e-05, 2.30326022574e-05, 2.08232886507e-05, 1.19873066069e-05, 1.66372683452e-05, 1.31204405989e-05, 1.10625460366e-05, 4.32683054896e-06, 5.70790052734e-06, 2.69422457677e-06, 3.0419603263e-06, 2.00660679184e-06, 1.91226240531e-06, 1.5405795466e-06, 1.78500738457e-06, 1.49725246956e-06, 1.14988006317e-06, 8.91996080554e-07, 7.21169556073e-07, 5.739340736e-07, 4.70857486334e-07, 4.47568965001e-07, 5.05587138377e-07, 5.48335492567e-07, 5.74791386043e-07, 4.17703887479e-07, 3.08281926209e-07, 2.16538339259e-07, 1.31657373004e-07, 8.55099528962e-08, 5.66853159967e-08, 2.96383202425e-08, 1.63143454301e-08, 5.39616795692e-09, 7.06010971907e-10, 3.63544666593e-10, 2.3919896619e-10, 2.09177786203e-10, 4.75446071402e-10, 9.10389430508e-10, 3.23613302822e-10, 5.99475677432e-11, 1.12692659024e-11, 1.09709585167e-11, 1.05218013122e-11, 9.97691165794e-12, 9.15630939125e-12, 8.8585961483e-12, 8.52409809404e-12, 8.30067004715e-12, 8.26145575561e-12, 7.67751487385e-12, 7.52983699698e-12, 7.3704800943e-12, 7.04743945493e-12, 6.9752099062e-12, 8.09592930889e-12, 6.21767698092e-12, 6.14332066121e-12, 5.99972458867e-12, 5.85182379984e-12, 5.78815901459e-12, 5.6564926354e-12, 5.61918437128e-12, 5.58955269223e-12]
    },
    "mfcc": {
        "mean": [-716.815795898, 149.567230225, -60.7322158813, 34.6333312988, -33.424785614, -5.42694473267, -23.4739837646, 10.8241901398, -24.6678657532, 0.0200909469277, -12.4315290451, -3.52696537971, -8.31307792664],
        "cov": [[5144.00292969, 260.006652832, -1074.20861816, 158.753723145, -860.301757812, -240.555450439, -399.280395508, 246.016326904, -355.986724854, 61.0853462219, -199.879257202, -43.0100021362, -90.8895263672], [260.006652832, 1141.74243164, 419.67010498, -74.9688339233, -222.791442871, -275.382232666, 163.786621094, -20.8809871674, -85.2082061768, -39.7736320496, 70.2101898193, -100.793273926, 20.0426940918], [-1074.20861816, 419.67010498, 856.213745117, 199.438247681, 27.9788455963, -116.932807922, 106.063438416, -39.239364624, -31.1146507263, -79.1325759888, 30.3228340149, -40.8413085938, 54.2085342407], [158.753723145, -74.9688339233, 199.438247681, 689.617492676, 335.97744751, -177.408432007, -276.945556641, -58.5237426758, -38.0673789978, -173.600326538, -109.117736816, 1.7124196291, 64.34375], [-860.301757812, -222.791442871, 27.9788455963, 335.97744751, 704.53918457, 75.7296600342, -199.41444397, -161.259338379, 122.94871521, -100.967597961, -40.3658294678, 48.0271148682, 28.5338134766], [-240.555450439, -275.382232666, -116.932807922, -177.408432007, 75.7296600342, 319.576965332, 108.44493866, 11.3104000092, 71.5782852173, 56.2659912109, 26.2676296234, 46.0870895386, -52.4022254944], [-399.280395508, 163.786621094, 106.063438416, -276.945556641, -199.41444397, 108.44493866, 374.734191895, 105.744400024, 19.0959224701, 39.5996627808, 75.412979126, -10.1855611801, -14.7672843933], [246.016326904, -20.8809871674, -39.239364624, -58.5237426758, -161.259338379, 11.3104000092, 105.744400024, 152.31678772, -2.03020119667, 4.74514579773, -6.91716527939, -6.36403083801, 9.92984485626], [-355.986724854, -85.2082061768, -31.1146507263, -38.0673789978, 122.94871521, 71.5782852173, 19.0959224701, -2.03020119667, 138.723510742, 36.2413864136, 13.3935441971, 7.10080385208, -20.3533649445], [61.0853462219, -39.7736320496, -79.1325759888, -173.600326538, -100.967597961, 56.2659912109, 39.5996627808, 4.74514579773, 36.2413864136, 182.336578369, 67.996131897, -24.2374515533, -49.1132545471], [-199.879257202, 70.2101898193, 30.3228340149, -109.117736816, -40.3658294678, 26.2676296234, 75.412979126, -6.91716527939, 13.3935441971, 67.996131897, 114.746841431, 7.87207365036, -27.3621768951], [-43.0100021362, -100.793273926, -40.8413085938, 1.7124196291, 48.0271148682, 46.0870895386, -10.1855611801, -6.36403083801, 7.10080385208, -24.2374515533, 7.87207365036, 87.613067627, 23.8939990997], [-90.8895263672, 20.0426940918, 54.2085342407, 64.34375, 28.5338134766, -52.4022254944, -14.7672843933, 9.92984485626, -20.3533649445, -49.1132545471, -27.3621768951, 23.8939990997, 116.606460571]],
        "icov": [[0.00318839936517, -0.00406807661057, 0.00507025979459, -0.00473338086158, 0.00464485445991, -0.00416915677488, 0.00443334970623, -0.00400421163067, 0.00383253372274, -0.00326998322271, 0.00383243267424, -0.00292562600225, 0.00212196423672], [-0.00406807661057, 0.00704013416544, -0.00697445124388, 0.00660508824512, -0.0058574010618, 0.00700732786208, -0.00649960385635, 0.00596330780536, -0.0047020027414, 0.00502280704677, -0.00568184722215, 0.00490791397169, -0.00257606129162], [0.00507025979459, -0.00697445124388, 0.0100621785969, -0.00879730470479, 0.00779375433922, -0.00690116966143, 0.00580721069127, -0.00505666341633, 0.00568237015978, -0.00491205370054, 0.00538974162191, -0.0039892331697, 0.00249012373388], [-0.00473338086158, 0.00660508824512, -0.00879730470479, 0.0115797910839, -0.00911607313901, 0.00807726848871, -0.00447456212714, 0.00345889944583, -0.00401913048699, 0.00618929415941, -0.00491548888385, 0.00453481916338, -0.0023027616553], [0.00464485445991, -0.0058574010618, 0.00779375433922, -0.00911607313901, 0.0115792844445, -0.00821580179036, 0.00689455866814, -0.00166861480102, 0.00121474952903, -0.00254966295324, 0.00420992542058, -0.00355017534457, 0.0013774469262], [-0.00416915677488, 0.00700732786208, -0.00690116966143, 0.00807726848871, -0.00821580179036, 0.0133729223162, -0.00864351447672, 0.00504312198609, -0.00455077551305, 0.00300944992341, -0.00324663519859, 0.000874889432453, 0.000325223430991], [0.00443334970623, -0.00649960385635, 0.00580721069127, -0.00447456212714, 0.00689455866814, -0.00864351447672, 0.0138549050316, -0.00997408851981, 0.00463887583464, -0.00241070077755, 0.00221462128684, -0.00270659057423, 0.00224331347272], [-0.00400421163067, 0.00596330780536, -0.00505666341633, 0.00345889944583, -0.00166861480102, 0.00504312198609, -0.00997408851981, 0.0187385063618, -0.00825985334814, 0.00526230875403, -0.00371700525284, 0.00474466243759, -0.00495791388676], [0.00383253372274, -0.0047020027414, 0.00568237015978, -0.00401913048699, 0.00121474952903, -0.00455077551305, 0.00463887583464, -0.00825985334814, 0.017062805593, -0.00733091542497, 0.00586335686967, -0.00428880564868, 0.00446538487449], [-0.00326998322271, 0.00502280704677, -0.00491205370054, 0.00618929415941, -0.00254966295324, 0.00300944992341, -0.00241070077755, 0.00526230875403, -0.00733091542497, 0.0153605416417, -0.010616119951, 0.00809857994318, -0.00228147860616], [0.00383243267424, -0.00568184722215, 0.00538974162191, -0.00491548888385, 0.00420992542058, -0.00324663519859, 0.00221462128684, -0.00371700525284, 0.00586335686967, -0.010616119951, 0.0209280606359, -0.00950304139405, 0.00568858208135], [-0.00292562600225, 0.00490791397169, -0.0039892331697, 0.00453481916338, -0.00355017534457, 0.000874889432453, -0.00270659057423, 0.00474466243759, -0.00428880564868, 0.00809857994318, -0.00950304139405, 0.0205520931631, -0.0070355408825], [0.00212196423672, -0.00257606129162, 0.00249012373388, -0.0023027616553, 0.0013774469262, 0.000325223430991, 0.00224331347272, -0.00495791388676, 0.00446538487449, -0.00228147860616, 0.00568858208135, -0.0070355408825, 0.0138960517943]]
    },
    "spectral_contrast_coeffs": {
        "max": [-0.34002289176, -0.432807743549, -0.485342770815, -0.559130728245, -0.609373688698, -0.488151609898],
        "mean": [-0.618722081184, -0.716433882713, -0.730831682682, -0.7720515728, -0.753494739532, -0.669831514359],
        "min": [-0.966867566109, -0.969194352627, -0.955540120602, -0.946037530899, -0.939792573452, -0.938906729221],
        "stdev": [0.107330337167, 0.101530708373, 0.101683199406, 0.0682656988502, 0.0607935674489, 0.0591923370957]
    },
    "spectral_contrast_valleys": {
        "max": [-6.43272161484, -5.55898523331, -4.99983501434, -5.47133207321, -6.49187374115, -11.5289363861],
        "mean": [-8.28210926056, -7.2247095108, -7.79703474045, -8.02605342865, -7.94647216797, -12.6036968231],
        "min": [-18.7216873169, -18.7499427795, -19.0381755829, -18.6657524109, -18.3787631989, -18.6860790253],
        "stdev": [0.858112633228, 0.85259193182, 0.971701979637, 0.942034363747, 0.8445494771, 0.370841056108]
    }
},
"rhythm": {
    "beats_count": 62,
    "beats_loudness": {
        "max": 0.10791028291,
        "mean": 0.0233350843191,
        "min": 2.45893788815e-05,
        "stdev": 0.0224061459303
    },
    "bpm": 89.1161727905,
    "bpm_histogram_first_peak_bpm": 89,
    "bpm_histogram_first_peak_weight": 0.249999940395,
    "bpm_histogram_second_peak_bpm": 172,
    "bpm_histogram_second_peak_spread": 0,
    "bpm_histogram_second_peak_weight": 0.147540986538,
    "danceability": 0.99508613348,
    "onset_rate": 2.28914284706,
    "beats_loudness_band_ratio": {
        "max": [0.639726579189, 0.902594089508, 0.854293644428, 0.745263576508, 0.573644936085, 0.203576892614],
        "mean": [0.0733884051442, 0.257232755423, 0.343417823315, 0.230342999101, 0.150346234441, 0.029432002455],
        "min": [0.00170988903847, 0.00341408350505, 0.0155910784379, 0.0085547119379, 0.00449618278071, 0.00205376395024],
        "stdev": [0.108357064426, 0.223150849342, 0.231967449188, 0.207339689136, 0.161072403193, 0.0323143340647]
    },
    "beats_position": [0.336689323187, 0.673378646374, 1.01006805897, 1.34675729275, 1.68344664574, 2.03174591064, 2.36843538284, 2.71673464775, 3.05342388153, 3.41333317757, 3.7732424736, 4.13315200806, 4.5046710968, 4.88780021667, 5.27092981339, 5.65405893326, 6.01396799088, 6.3622674942, 6.71056699753, 7.05886602402, 7.41877555847, 7.77868461609, 8.12698364258, 8.47528362274, 8.8119726181, 9.17188167572, 9.52018165588, 9.86848068237, 10.4025392532, 10.9365987778, 11.4822673798, 12.0627660751, 12.6432647705, 13.2237634659, 13.9087524414, 14.5937414169, 15.2671203613, 15.9404983521, 16.6138763428, 17.298866272, 17.9722442627, 18.6340141296, 19.2957820892, 19.96916008, 20.642539978, 21.3275279999, 22.0009059906, 22.6626758575, 23.3360538483, 24.009431839, 24.6828117371, 25.3561897278, 26.0179595947, 26.6913375854, 27.3647155762, 28.0497055054, 28.7346935272, 29.4196815491, 30.0930614471, 30.7548294067, 31.4165973663, 32.0783653259],
