{
"metadata": {
    "version": {
        "essentia": "2.1-beta5",
        "essentia_git_sha": "Undefined",
        "extractor": "music 2.0"
    },
    "audio_properties": {
        "analysis": {
            "equal_loudness": 0,
            "length": 12.7477550507,
            "sample_rate": 44100,
            "start_time": 0,
            "downmix": "mix"
        },
        "bit_rate": 192000,
        "length": 199.563919067,
        "lossless": 0,
        "number_channels": 2,
        "replay_gain": -3.03063583374,
        "sample_rate": 48000,
        "codec": "mp3",
        "md5_encoded": "14d0479f6b01aaa3a24dcf997fd2b15a"
    },
    "tags": {
        "file_name": "Italy_Al Di Là_Betty Curtis.mp3",
        "encoding": ["Lavf58.29.100"]
    }
},
"lowlevel": {
    "average_loudness": 0.832527458668,
    "barkbands_crest": {
        "max": 22.4515628815,
        "mean": 8.2820224762,
        "min": 2.86224031448,
        "stdev": 4.46547842026
    },
    "barkbands_flatness_db": {
        "max": 0.395636230707,
        "mean": 0.177300408483,
        "min": 0.0685922205448,
        "stdev": 0.0502514317632
    },
    "barkbands_kurtosis": {
        "max": 102.60105896,
        "mean": 3.95759677887,
        "min": -1.55108010769,
        "stdev": 10.5503835678
    },
    "barkbands_skewness": {
        "max": 7.37349462509,
        "mean": 0.709913849831,
        "min": -1.66338968277,
        "stdev": 1.57367622852
    },
    "barkbands_spread": {
        "max": 41.3072090149,
        "mean": 16.1183834076,
        "min": 0.934127092361,
        "stdev": 7.79224348068
    },
    "dissonance": {
        "max": 0.499653637409,
        "mean": 0.47622692585,
        "min": 0.343985915184,
        "stdev": 0.0227487571537
    },
    "dynamic_complexity": 8.79217433929,
    "erbbands_crest": {
        "max": 18.8769340515,
        "mean": 7.36124229431,
        "min": 2.47653841972,
        "stdev": 2.88602161407
    },
    "erbbands_flatness_db": {
        "max": 0.331305980682,
        "mean": 0.234425544739,
        "min": 0.0905631557107,
        "stdev": 0.0560242570937
    },
    "erbbands_kurtosis": {
        "max": 17.4004611969,
        "mean": 0.8742582798,
        "min": -1.36504554749,
        "stdev": 2.57071447372
    },
    "erbbands_skewness": {
        "max": 3.62396740913,
        "mean": 0.00685126241297,
        "min": -1.52639853954,
        "stdev": 0.802726924419
    },
    "erbbands_spread": {
        "max": 85.700553894,
        "mean": 25.3246955872,
        "min": 5.22339439392,
        "stdev": 16.3191356659
    },
    "hfc": {
        "max": 93.4154968262,
        "mean": 18.5207691193,
        "min": 0.00421821884811,
        "stdev": 19.022228241
    },
    "loudness_ebu128": {
        "integrated": -21.2425022125,
        "loudness_range": 18.2379512787,
        "momentary": {
            "max": -17.5143890381,
            "mean": -28.541929245,
            "min": -55.6328887939,
            "stdev": 11.3475732803
        },
        "short_term": {
            "max": -19.4759159088,
            "mean": -25.7343235016,
            "min": -38.955909729,
            "stdev": 6.85280990601
        }
    },
    "melbands_crest": {
        "max": 28.5553417206,
        "mean": 10.950879097,
        "min": 3.29159188271,
        "stdev": 5.97629022598
    },
    "melbands_flatness_db": {
        "max": 0.496370911598,
        "mean": 0.18147072196,
        "min": 0.0999639853835,
        "stdev": 0.0790702030063
    },
    "melbands_kurtosis": {
        "max": 115.660072327,
        "mean": 8.02298164368,
        "min": -1.48643922806,
        "stdev": 17.4609203339
    },
    "melbands_skewness": {
        "max": 9.07169723511,
        "mean": 1.3878172636,
        "min": -1.2147475481,
        "stdev": 1.91314911842
    },
    "melbands_spread": {
        "max": 76.3120117188,
        "mean": 29.0230007172,
        "min": 0.877902030945,
        "stdev": 15.8425302505
    },
    "pitch_salience": {
        "max": 0.904856622219,
        "mean": 0.619353950024,
        "min": 0.272407114506,
        "stdev": 0.110362015665
    },
    "silence_rate_20dB": {
        "max": 1,
        "mean": 1,
        "min": 1,
        "stdev": 0
    },
    "silence_rate_30dB": {
        "max": 1,
        "mean": 1,
        "min": 1,
        "stdev": 0
    },
    "silence_rate_60dB": {
        "max": 1,
        "mean": 0.35454544425,
        "min": 0,
        "stdev": 0.47837471962
    },
    "spectral_centroid": {
        "max": 2937.85351562,
        "mean": 1736.44360352,
        "min": 187.802963257,
        "stdev": 717.016479492
    },
    "spectral_complexity": {
        "max": 48,
        "mean": 18.7945461273,
        "min": 0,
        "stdev": 14.5659580231
    },
    "spectral_decrease": {
        "max": -1.64660873912e-12,
        "mean": -3.00656100016e-09,
        "min": -1.28469075378e-08,
        "stdev": 2.69585420654e-09
    },
    "spectral_energy": {
        "max": 0.0569602549076,
        "mean": 0.0130273355171,
        "min": 6.66953337713e-06,
        "stdev": 0.0117901712656
    },
    "spectral_energyband_high": {
        "max": 0.00219046208076,
        "mean": 0.000337817938998,
        "min": 2.5777470114e-07,
        "stdev": 0.000414900598116
    },
    "spectral_energyband_low": {
        "max": 0.0115830823779,
        "mean": 0.000529379118234,
        "min": 2.93906996518e-08,
        "stdev": 0.00139669107739
    },
    "spectral_energyband_middle_high": {
        "max": 0.0489381179214,
        "mean": 0.00812274497002,
        "min": 6.21687377134e-07,
        "stdev": 0.0088501367718
    },
    "spectral_energyband_middle_low": {
        "max": 0.0331840626895,
        "mean": 0.00452506542206,
        "min": 1.41443638313e-06,
        "stdev": 0.00476085301489
    },
    "spectral_entropy": {
        "max": 8.42234325409,
        "mean": 7.47864723206,
        "min": 5.56241464615,
        "stdev": 0.467031478882
    },
    "spectral_flux": {
        "max": 0.141515940428,
        "mean": 0.0523838177323,
        "min": 0.00103864399716,
        "stdev": 0.0345334000885
    },
    "spectral_kurtosis": {
        "max": 48.4474601746,
        "mean": 5.65930080414,
        "min": 0.119714975357,
        "stdev": 5.78042459488
    },
    "spectral_rms": {
        "max": 0.00745459459722,
        "mean": 0.00297821499407,
        "min": 8.06651223684e-05,
        "stdev": 0.0019595506601
    },
    "spectral_rolloff": {
        "max": 3768.31054688,
        "mean": 1902.04956055,
        "min": 107.666015625,
        "stdev": 1030.69042969
    },
    "spectral_skewness": {
        "max": 5.30042266846,
        "mean": 1.34851431847,
        "min": 0.342568546534,
        "stdev": 0.797196388245
    },
    "spectral_spread": {
        "max": 17476514,
        "mean": 2841023.75,
        "min": 1295815.625,
        "stdev": 1203225.375
    },
    "spectral_strongpeak": {
        "max": 7.7923207283,
        "mean": 1.40553665161,
        "min": 0.00236836029217,
        "stdev": 1.65771722794
    },
    "zerocrossingrate": {
        "max": 0.1611328125,
        "mean": 0.0678639933467,
        "min": 0.0068359375,
        "stdev": 0.0278420764953
    },
    "barkbands": {
        "max": [1.79782600753e-05, 0.00290418136865, 0.00322399754077, 0.0171323399991, 0.0210919678211, 0.012511305511, 0.0158987957984, 0.00340302824043, 0.00727799488232, 0.0119719468057, 0.00454717408866, 0.00766076287255, 0.0215656645596, 0.0125718330964, 0.00876412168145, 0.0110208783299, 0.00495484564453, 0.0100120557472, 0.00453413045034, 0.00176736887079, 0.000914059579372, 0.000372878654161, 0.000428259314504, 3.8442263758e-05, 4.80126982438e-06, 3.99786040362e-06, 3.99338659918e-06],
        "mean": [1.01330761026e-06, 5.13928061991e-05, 0.000118974094221, 0.0007299411227, 0.00085604400374, 0.000606757181231, 0.00112145161256, 0.000373085815227, 0.000641060294583, 0.000688169675414, 0.000432110158727, 0.000847730203532, 0.00170341436751, 0.000921730475966, 0.000632034090813, 0.000829893688206, 0.000602808897384, 0.000791685830336, 0.00055044220062, 0.000321380590321, 0.000112096298835, 5.45245529793e-05, 3.44053623849e-05, 5.1159981922e-06, 6.36814334598e-08, 7.8541004811e-09, 7.88197507262e-09],
        "min": [3.17099502212e-09, 5.92908300234e-09, 1.04104698195e-08, 2.34281891665e-08, 9.71925331328e-08, 3.85998006891e-08, 3.53896325578e-08, 1.96356104709e-08, 2.90705024497e-08, 2.82850933786e-08, 2.31221637392e-08, 1.31755175659e-08, 2.14655457853e-08, 1.29137305294e-08, 3.41427757178e-08, 3.86674940955e-08, 2.70114455247e-08, 5.21775653795e-08, 5.35355262343e-08, 4.25734860698e-08, 4.10721199273e-08, 2.9662944101e-08, 2.25009788579e-08, 4.33947846545e-08, 6.50019704729e-10, 5.57648406618e-11, 8.36180083508e-11],
        "stdev": [1.49030142893e-06, 0.000163851000252, 0.000293496181257, 0.00203091837466, 0.00153563555796, 0.00095423287712, 0.00175262382254, 0.000494972104207, 0.000894569151569, 0.00118231610395, 0.000655586190987, 0.00127549283206, 0.00284155830741, 0.00153920718003, 0.00103443476837, 0.00124110130128, 0.000764242140576, 0.00129113369621, 0.000702346733306, 0.000381843012292, 0.000147359824041, 7.39834431442e-05, 5.66996895941e-05, 7.1743920671e-06, 2.04305479201e-07, 1.70291826862e-07, 1.70099980323e-07]
    },
    "erbbands": {
        "max": [0.0399770326912, 0.771051347256, 3.1147134304, 34.3067741394, 30.3449840546, 106.667953491, 76.7942886353, 73.9669799805, 176.340057373, 215.671173096, 118.47366333, 127.294471741, 452.143218994, 170.321914673, 215.989624023, 293.740447998, 866.045715332, 382.265838623, 704.381164551, 359.719390869, 308.631011963, 326.333099365, 692.142089844, 167.098419189, 252.136291504, 71.6469421387, 42.883846283, 38.6080245972, 15.6518697739, 21.1695594788, 7.61953735352, 1.72007751465, 0.204123362899, 0.0595325566828, 0.031983949244, 0.0165000539273, 0.00733473710716, 0.00253715389408, 0.000578658538871, 7.64073556638e-05],
        "mean": [0.000782183662523, 0.0154426572844, 0.123891115189, 1.40625464916, 2.46309089661, 3.15397047997, 3.25220894814, 6.77014780045, 17.4268226624, 9.43274497986, 10.6787014008, 13.6663236618, 18.640455246, 15.3496284485, 19.4071464539, 36.5575790405, 71.1931991577, 46.0620880127, 55.6608505249, 36.6278305054, 34.1210250854, 37.3537635803, 51.2432441711, 28.7212619781, 26.640996933, 12.4138717651, 6.12775993347, 4.34121274948, 2.25149130821, 1.51180386543, 0.856575131416, 0.23041151464, 0.0297171324492, 0.0019422932528, 0.000377157266485, 6.39914651401e-05, 2.61709028564e-05, 9.81086941465e-06, 9.8683676697e-06, 1.69933136931e-05],
        "min": [2.34820362266e-07, 1.26379404719e-06, 9.16230419534e-06, 4.98296467413e-05, 0.000153328408487, 0.000265391019639, 0.000313465803629, 0.000509164645337, 0.000734727014787, 0.00058581790654, 0.000489649130031, 0.000689275795594, 0.000587886490393, 0.000865489360876, 0.000736696762033, 0.000726556580048, 0.001029540319, 0.00167722592596, 0.00189419894014, 0.00228765816428, 0.00210418365896, 0.00174935546238, 0.00308263069019, 0.00203309068456, 0.00214915559627, 0.00232717487961, 0.00163122091908, 0.00153365428559, 0.000936717959121, 0.000737626804039, 0.000705498154275, 0.00119196181186, 0.000135544905788, 1.2020936083e-05, 4.70178383694e-06, 5.6500402934e-07, 2.33625016222e-07, 7.75074724402e-08, 2.49028104804e-08, 1.15119922484e-08],
        "stdev": [0.00214269175194, 0.0448888503015, 0.274791151285, 4.0441775322, 4.12391471863, 6.99687194824, 5.71180963516, 10.4549894333, 27.8146152496, 14.7765617371, 14.2932748795, 18.0948104858, 36.3604507446, 22.0438709259, 26.936340332, 51.9931678772, 113.767578125, 62.4799499512, 96.008140564, 46.0743980408, 43.7666816711, 46.5697975159, 84.0657196045, 33.6863555908, 36.0335350037, 14.2583780289, 7.5214266777, 5.82355213165, 3.00380969048, 2.58454036713, 1.2107514143, 0.31350633502, 0.0376769825816, 0.00284746312536, 0.00137019576505, 0.000702185672708, 0.000312181888148, 0.000107997257146, 2.56515486399e-05, 1.57317535923e-05]
    },
    "gfcc": {
        "mean": [-130.60118103, 126.438339233, -191.607971191, 40.3287658691, -66.4537811279, -2.60692381859, -29.0573043823, -19.0150623322, -5.35391712189, -21.4794063568, 2.23637461662, -17.2689533234, -5.18408918381],
        "cov": [[19383.0488281, 534.991699219, -6224.43798828, -757.24206543, -808.366210938, -2370.00390625, 645.137512207, -2144.67431641, 670.124572754, -985.258789062, 409.476654053, 9.61409664154, -620.260864258], [534.991699219, 796.463134766, 530.856445312, -191.273376465, -132.739837646, -231.787887573, -23.9223365784, -147.818664551, -84.9097671509, -185.293762207, -89.0669174194, -144.681091309, -20.275806427], [-6224.43798828, 530.856445312, 3143.36352539, 309.046966553, 27.9146652222, 546.084228516, -287.137451172, 616.35760498, -372.682159424, 165.373352051, -208.700790405, -156.62890625, 135.36932373], [-757.24206543, -191.273376465, 309.046966553, 287.290222168, 32.0020065308, 122.873901367, -19.7747535706, 107.876907349, -23.0451927185, 61.5826301575, 11.2555570602, 28.917798996, -3.11032128334], [-808.366210938, -132.739837646, 27.9146652222, 32.0020065308, 197.598739624, 203.24911499, 13.6068544388, 121.440475464, 16.631105423, 79.1002349854, 3.8228263855, 34.2944869995, 45.7523803711], [-2370.00390625, -231.787887573, 546.084228516, 122.873901367, 203.24911499, 440.312316895, -20.7310123444, 293.515838623, -41.6000137329, 162.655029297, -35.5738372803, 29.605928421, 87.3289642334], [645.137512207, -23.9223365784, -287.137451172, -19.7747535706, 13.6068544388, -20.7310123444, 96.2447052002, -32.9135894775, 44.4682807922, -25.6697788239, 9.5148525238, 8.04864406586, -15.741558075], [-2144.67431641, -147.818664551, 616.35760498, 107.876907349, 121.440475464, 293.515838623, -32.9135894775, 307.737945557, -36.3095664978, 137.29510498, -27.8007946014, 18.7972068787, 68.535987854], [670.124572754, -84.9097671509, -372.682159424, -23.0451927185, 16.631105423, -41.6000137329, 44.4682807922, -36.3095664978, 94.1106719971, 11.4567079544, 35.6768608093, 24.1951656342, -11.0718603134], [-985.258789062, -185.293762207, 165.373352051, 61.5826301575, 79.1002349854, 162.655029297, -25.6697788239, 137.29510498, 11.4567079544, 137.498275757, 32.6074485779, 37.8238639832, 33.5944633484], [409.476654053, -89.0669174194, -208.700790405, 11.2555570602, 3.8228263855, -35.5738372803, 9.5148525238, -27.8007946014, 35.6768608093, 32.6074485779, 74.0142440796, 41.2493667603, -11.8638248444], [9.61409664154, -144.681091309, -156.62890625, 28.917798996, 34.2944869995, 29.605928421, 8.04864406586, 18.7972068787, 24.1951656342, 37.8238639832, 41.2493667603, 59.6549568176, 16.2749347687], [-620.260864258, -20.275806427, 135.36932373, -3.11032128334, 45.7523803711, 87.3289642334, -15.741558075, 68.535987854, -11.0718603134, 33.5944633484, -11.8638248444, 16.2749347687, 56.3673286438]],
        "icov": [[0.00152819533832, -0.000510671234224, 0.00110958865844, -0.000755237531848, 0.000107127067167, 0.002336043166, -0.00324523216113, 0.00386619311757, -0.00223847408779, 0.00209096889012, -0.00269036390819, 0.000642279279418, 0.00217516417615], [-0.000510671234224, 0.0106404516846, -0.00651465728879, 0.00608116295189, -0.00545957498252, 0.00442325277254, -0.00513418903574, 0.00688362400979, -0.00510393315926, 0.00650067767128, -0.00322289881296, 0.00701202033088, -0.005615754053], [0.00110958865844, -0.00651465728879, 0.00656638294458, -0.00520600471646, 0.00437399558723, -0.00150646758266, 0.0034175820183, -0.00561249488965, 0.00601422367617, -0.00228716316633, -0.00126635225024, 0.00270236213692, 0.00186950410716], [-0.000755237531848, 0.00608116295189, -0.00520600471646, 0.00949945207685, -0.00268830847926, 8.52944867802e-06, -0.00202453811653, 0.00317015848123, -0.00379183283076, 0.00348151195794, 3.27615562128e-05, -0.00410527270287, 0.0030249399133], [0.000107127067167, -0.00545957498252, 0.00437399558723, -0.00268830847926, 0.0155409537256, -0.00979009270668, 0.00372991967015, -0.00549979601055, 0.00124141364358, -0.000982795725577, -0.00137714238372, -0.00225433311425, 3.48965259036e-05], [0.002336043166, 0.00442325277254, -0.00150646758266, 8.52944867802e-06, -0.00979009270668, 0.0200699400157, -0.0123200379312, 0.00674571655691, -0.00117601815145, -0.00333589268848, 0.00208926293999, 0.0034751072526, -0.00268159760162], [-0.00324523216113, -0.00513418903574, 0.0034175820183, -0.00202453811653, 0.00372991967015, -0.0123200379312, 0.0302854292095, -0.0177447348833, 0.00315582985058, 0.00131491210777, 0.00432330882177, -0.00202438491397, 0.0015473155072], [0.00386619311757, 0.00688362400979, -0.00561249488965, 0.00317015848123, -0.00549979601055, 0.00674571655691, -0.0177447348833, 0.0341039299965, -0.0156968254596, 0.00221600546502, -0.00231359759346, -0.00277089606971, 0.00217332853936], [-0.00223847408779, -0.00510393315926, 0.00601422367617, -0.00379183283076, 0.00124141364358, -0.00117601815145, 0.00315582985058, -0.0156968254596, 0.0354964137077, -0.0152560845017, 0.00325935403816, 0.00434515345842, -0.00484321219847], [0.00209096889012, 0.00650067767128, -0.00228716316633, 0.00348151195794, -0.000982795725577, -0.00333589268848, 0.00131491210777, 0.00221600546502, -0.0152560845017, 0.0400982759893, -0.0265667289495, 0.00827027205378, -0.00020354805747], [-0.00269036390819, -0.00322289881296, -0.00126635225024, 3.27615562128e-05, -0.00137714238372, 0.00208926293999, 0.00432330882177, -0.00231359759346, 0.00325935403816, -0.0265667289495, 0.0514667667449, -0.0339695587754, 0.0112947477028], [0.000642279279418, 0.00701202033088, 0.00270236213692, -0.00410527270287, -0.00225433311425, 0.0034751072526, -0.00202438491397, -0.00277089606971, 0.00434515345842, 0.00827027205378, -0.0339695587754, 0.0677731782198, -0.0286702830344], [0.00217516417615, -0.005615754053, 0.00186950410716, 0.0030249399133, 3.48965259036e-05, -0.00268159760162, 0.0015473155072, 0.00217332853936, -0.00484321219847, -0.00020354805747, 0.0112947477028, -0.0286702830344, 0.0470742806792]]
    },
    "melbands": {
        "max": [0.00062491040444, 0.0011014775373, 0.00554294511676, 0.00523859122768, 0.00227847555652, 0.00184339645784, 0.0027337167412, 0.0020466374699, 0.00133301015012, 0.000698405259755, 0.00227163056843, 0.000630518479738, 0.000572503369767, 0.000463828677312, 0.00170947401784, 0.00270956847817, 0.00057935010409, 0.00147359387483, 0.000958967255428, 0.0010990955634, 0.00021511799423, 0.000317580095725, 0.000426322221756, 0.000588245340623, 0.000144936479046, 0.000256022351095, 0.000123811871163, 5.53385398234e-05, 2.96916969091e-05, 2.96709622489e-05, 1.76506582648e-05, 1.02487256299e-05, 8.32839941722e-06, 1.32116801979e-05, 5.73527358938e-06, 1.73376565726e-06, 7.90131025497e-07, 1.77702389692e-07, 6.09846821931e-08, 4.54590605159e-08],
        "mean": [1.06043589767e-05, 6.2868835812e-05, 0.000272929668427, 0.000202892973903, 0.000120567608974, 0.000157095942996, 0.000244895665674, 9.27832297748e-05, 9.9263539596e-05, 8.24386879685e-05, 9.7611649835e-05, 6.71765083098e-05, 5.52876699658e-05, 5.61075830774e-05, 0.000149947198224, 0.000183826457942, 7.02556790202e-05, 9.95585651253e-05, 4.42516575276e-05, 7.31575710233e-05, 2.79587147816e-05, 3.73305811081e-05, 4.04667371185e-05, 4.0991941205e-05, 2.09208046726e-05, 2.09519021155e-05, 1.52784996317e-05, 7.02175066181e-06, 4.53515804111e-06, 2.81612869912e-06, 2.26095562539e-06, 1.33874698349e-06, 8.18191267626e-07, 8.27454016417e-07, 5.8035453776e-07, 2.2658835519e-07, 9.93708013652e-08, 2.30787371436e-08, 1.34653899142e-09, 8.17117651319e-10],
        "min": [2.14283168987e-09, 4.06457179025e-09, 1.13765761256e-08, 1.77173742344e-08, 9.27203114287e-09, 1.08534656817e-08, 1.18814771355e-08, 6.4862462068e-09, 4.06431022171e-09, 4.12129752547e-09, 2.49707698963e-09, 3.18034687474e-09, 2.58410559617e-09, 2.01808436628e-09, 2.75288014606e-09, 1.93094251699e-09, 2.34658670273e-09, 2.74530065347e-09, 2.54828935731e-09, 2.31161245701e-09, 2.03233141427e-09, 1.79189252325e-09, 1.80784176518e-09, 1.98835836684e-09, 1.43366118976e-09, 1.0157986674e-09, 1.43402034691e-09, 1.37636313458e-09, 9.21461351666e-10, 9.22430409833e-10, 6.82817580255e-10, 5.20422815953e-10, 4.73035943749e-10, 2.3836141394e-10, 3.22477822223e-10, 5.79473968809e-10, 6.34529706556e-10, 7.00450739077e-11, 9.8905345719e-12, 5.9168824354e-12],
        "stdev": [3.41085105902e-05, 0.000138384260936, 0.000665677885991, 0.000361968472134, 0.000215912165004, 0.000229588462389, 0.000382451777114, 0.000144745499711, 0.000145027777762, 0.000110797998786, 0.000188574471395, 9.76266746875e-05, 7.81935086707e-05, 7.06794162397e-05, 0.000237558444496, 0.000362371763913, 9.11665483727e-05, 0.000186957098776, 8.09489647509e-05, 0.000113629430416, 3.41959530488e-05, 4.85261807626e-05, 5.48553725821e-05, 7.01296085026e-05, 2.57230130956e-05, 3.20442850352e-05, 1.96587679966e-05, 8.93023116078e-06, 5.64216634302e-06, 4.20830792791e-06, 3.02491002913e-06, 1.80150163942e-06, 1.23836059629e-06, 1.55575344252e-06, 8.28711847589e-07, 3.06015749629e-07, 1.40407991012e-07, 3.04374836446e-08, 2.67079824923e-09, 1.94393168229e-09]
    },
    "melbands128": {
        "max": [8.23496702651e-06, 0.000101131437987, 0.00096815690631, 0.00147219165228, 0.00149523722939, 0.00147015985567, 0.00767906941473, 0.00783224683255, 0.00340961082838, 0.00649659801275, 0.00743587594479, 0.002687797416, 0.00310600642115, 0.0029992936179, 0.00241870479658, 0.00215107970871, 0.00373949436471, 0.00324390036985, 0.00438012415543, 0.00238795904443, 0.00104498723522, 0.00127548025921, 0.00142789946403, 0.00297217001207, 0.00130474567413, 0.00122049532365, 0.000943475461099, 0.00448700226843, 0.00242973444983, 0.00105465261731, 0.00126334803645, 0.00105569628067, 0.000624553824309, 0.00152550800703, 0.000382419530069, 0.000597198610194, 0.00130123703275, 0.00330647197552, 0.00130126613658, 0.00167896749917, 0.00536209903657, 0.000831600860693, 0.00046481366735, 0.00141917122528, 0.0029037387576, 0.00150057382416, 0.000798062130343, 0.0020776395686, 0.000554212660063, 0.000307285255985, 0.00238290731795, 0.00117016129661, 0.000179045004188, 0.000469549268018, 0.000259182648733, 0.000495657441206, 0.000942469690926, 0.000298406521324, 0.00059577455977, 0.0014995400561, 0.000964248611126, 0.000160831448738, 0.000175070963451, 0.000274108053418, 0.000218422326725, 0.000443190074293, 0.0002587736235, 0.000247743388172, 0.000210329119, 5.13806298841e-05, 2.63065212494e-05, 0.00015149601677, 6.35114338365e-05, 2.33685459534e-05, 5.41612607776e-05, 4.12931949541e-05, 3.32390227413e-05, 5.19424356753e-05, 1.64058728842e-05, 1.63634122146e-05, 1.04691152956e-05, 1.37856122819e-05, 1.63405875355e-05, 7.0973419497e-06, 1.77242254722e-05, 2.64373138634e-05, 1.4772650502e-05, 1.04693062895e-05, 7.47826879888e-06, 3.91760158891e-06, 1.85622604931e-06, 2.19138109969e-06, 1.92963057088e-06, 9.5587904525e-07, 9.87521957541e-07, 2.96794183896e-07, 1.69525847582e-07, 7.07780287712e-08, 5.98129901164e-08, 5.54117107754e-08, 4.99244521279e-08, 4.43604974976e-08, 3.89364736009e-08, 3.88320593459e-08, 3.61112952874e-08, 3.36480034946e-08, 3.15873336376e-08, 2.97954745321e-08, 2.82819883068e-08, 2.67819366684e-08, 2.5421847738e-08, 2.42317881316e-08, 2.31131966899e-08, 2.21252847155e-08, 2.11943831374e-08, 2.0343357221e-08, 1.95676879144e-08, 1.8908560051e-08, 1.82893558076e-08, 1.77332388773e-08, 1.72676948296e-08, 1.68388467614e-08, 1.64418167969e-08, 1.61286966005e-08, 1.5830460498e-08, 1.56249289063e-08, 1.54689452359e-08, 1.53726347207e-08],
        "mean": [6.9678287673e-07, 3.47002060153e-06, 1.29859563458e-05, 2.73290152109e-05, 3.69814588339e-05, 6.78460346535e-05, 0.000284967885818, 0.000368817651179, 0.00021695169562, 0.000213593331864, 0.000176943154656, 0.000128344938275, 0.000100636032585, 0.0001081583614, 0.000157281436259, 0.000118155287055, 0.000339344725944, 0.000281878747046, 0.000127159320982, 8.53510209708e-05, 9.22493636608e-05, 5.91231764702e-05, 9.60878023761e-05, 0.000161666452186, 6.8586996349e-05, 8.17156324047e-05, 3.12101765303e-05, 0.000104214450403, 0.000158059920068, 7.27574661141e-05, 4.15765243815e-05, 3.87924446841e-05, 3.54920848622e-05, 0.000104765153083, 3.85854946217e-05, 2.99576695397e-05, 7.25158679415e-05, 0.000281245273072, 7.26447760826e-05, 0.000113525282359, 0.000331651215674, 7.16646827641e-05, 3.63376821042e-05, 5.83443943469e-05, 0.000152278647874, 0.00010049357661, 5.75123995077e-05, 5.57050479983e-05, 3.26818590111e-05, 1.53212404257e-05, 0.00012552177941, 7.99424669822e-05, 1.28562578539e-05, 1.89112997759e-05, 2.07024640986e-05, 4.27162558481e-05, 5.02406837768e-05, 2.61678360403e-05, 3.57476164936e-05, 7.18022201909e-05, 4.56602901977e-05, 1.3006948393e-05, 2.598660285e-05, 2.00182275876e-05, 2.033898636e-05, 2.15178260987e-05, 2.10351754504e-05, 1.93588657567e-05, 1.61507014127e-05, 5.95957317273e-06, 3.50660889126e-06, 1.19761152746e-05, 6.42079294266e-06, 2.24869518206e-06, 2.87062403004e-06, 2.79649293589e-06, 2.6255981993e-06, 3.51675157617e-06, 1.9693197828e-06, 1.45592457557e-06, 1.24828386561e-06, 1.49784887071e-06, 1.0436467619e-06, 4.71341024877e-07, 8.85141048457e-07, 1.06950619738e-06, 6.7115507818e-07, 6.82456857248e-07, 7.10337474175e-07, 3.86178442113e-07, 2.55455347542e-07, 1.85226539884e-07, 1.71167187091e-07, 8.73322107964e-08, 7.69333539097e-08, 3.1076101692e-08, 1.39546934008e-08, 2.02428362961e-09, 1.07973507912e-09, 8.90772233753e-10, 8.10085998282e-10, 8.14059486487e-10, 8.22298562575e-10, 6.93053558987e-10, 2.03940364596e-10, 6.56876636418e-11, 6.16371328976e-11, 5.83050344116e-11, 5.53949768001e-11, 5.25130425255e-11, 4.99358297767e-11, 4.76505432334e-11, 4.54595285027e-11, 4.35536121057e-11, 4.17616843884e-11, 4.01726568677e-11, 3.88462283174e-11, 3.73745444315e-11, 3.61618165967e-11, 3.50786621972e-11, 3.41294770223e-11, 3.32975383377e-11, 3.24919223471e-11, 3.17793950877e-11, 3.10892110666e-11, 3.0485721586e-11, 3.00775064577e-11, 2.98762334316e-11],
        "min": [2.72080219466e-10, 2.25726326519e-09, 1.82909176694e-09, 1.94804750109e-09, 3.19733484133e-09, 5.82574166685e-09, 9.28781940246e-09, 1.25844641374e-08, 1.52057317848e-08, 6.37754027366e-09, 4.50044357336e-09, 6.20377305083e-09, 3.19885851141e-09, 4.64474148032e-09, 1.00879447018e-08, 2.27127983088e-09, 2.42366127168e-09, 3.71547859146e-09, 1.89071380774e-09, 1.4967503903e-09, 2.91874746594e-09, 1.67441593923e-09, 1.36062339173e-09, 1.32454069934e-09, 1.51508194879e-09, 1.88089166464e-09, 9.53112699875e-10, 7.48142270357e-10, 2.10929629318e-09, 1.90386773014e-09, 1.57495860797e-09, 2.80389800267e-09, 6.31649510474e-10, 6.22719709131e-10, 1.19040011182e-09, 8.74933292483e-10, 4.35193492354e-10, 1.22189447449e-09, 1.0749431345e-09, 9.30940380339e-10, 1.42254552582e-09, 8.42151459679e-10, 1.07870545829e-09, 1.01564523458e-09, 9.46313805095e-10, 1.1946945655e-09, 1.73305492179e-09, 3.67023272885e-10, 1.39386191478e-09, 1.55490464948e-09, 1.48751277962e-09, 1.24587040684e-09, 1.02864983198e-09, 9.01056340652e-10, 1.39617317707e-09, 1.17658571774e-09, 1.33730271301e-09, 8.99199215088e-10, 1.13368847643e-09, 1.53454349228e-09, 1.12953180142e-09, 1.38720601672e-09, 1.08255115983e-09, 7.83914821945e-10, 7.99128374585e-10, 1.04978681303e-09, 6.92027324334e-10, 1.26269505962e-09, 6.98044511083e-10, 9.95112436897e-10, 7.54051709961e-10, 7.52431728035e-10, 4.33948460499e-10, 3.67856550776e-10, 6.42025155262e-10, 5.13755482601e-10, 6.19561513204e-10, 4.62744925711e-10, 3.02900621252e-10, 3.79254849747e-10, 2.78119860475e-10, 2.23547180767e-10, 2.65740512928e-10, 2.38122105367e-10, 1.46486461849e-10, 2.63092853059e-10, 1.71356123735e-10, 1.75243555778e-10, 2.57945664828e-10, 2.44186421083e-10, 2.11342610079e-10, 2.79017392524e-10, 8.82755812892e-10, 5.25957166708e-10, 2.20533633022e-10, 5.05600838974e-11, 6.69143074283e-11, 1.33004900496e-11, 8.24136765776e-12, 8.18463179175e-12, 5.043146456e-12, 5.44856260803e-12, 6.60908740929e-12, 1.14082831723e-11, 2.46851259052e-12, 2.950771951e-13, 2.11087468035e-13, 3.00436541964e-13, 2.7659466514e-13, 2.60985840144e-13, 2.73537079489e-13, 2.99816025956e-13, 2.45933075337e-13, 2.01728783959e-13, 2.18833780849e-13, 3.41645006556e-13, 2.65592371229e-13, 2.82271656136e-13, 2.31266584659e-13, 2.32564672815e-13, 2.65864912551e-13, 2.15498747861e-13, 2.46880749351e-13, 2.18565955807e-13, 1.53188754542e-13, 5.76577766651e-14, 7.34889766093e-15, 2.37096221579e-16],
        "stdev": [8.79650201568e-07, 6.22931293037e-06, 5.12324768351e-05, 8.7185188022e-05, 0.00010027422104, 0.000176896923222, 0.000907583569642, 0.000956708739977, 0.000372889655409, 0.00042511994252, 0.000477952155052, 0.000293424876872, 0.000214135754504, 0.000191393701243, 0.000308874383336, 0.000212404003832, 0.000591945892666, 0.000481554976432, 0.000323079206282, 0.000159916686243, 0.000132708330057, 0.000131487846375, 0.000152857493958, 0.000307126290863, 0.000106484483695, 0.000156823225552, 6.98444346199e-05, 0.000324129243381, 0.000272728415439, 0.000128389205202, 0.000111259207188, 0.000107190498966, 6.13378142589e-05, 0.00017912806652, 6.31756411167e-05, 6.05341338087e-05, 0.000125018021208, 0.00049402739387, 0.000133851106511, 0.000230931836995, 0.000713244022336, 0.000122034703963, 5.875345596e-05, 0.00012000460265, 0.000352909177309, 0.000206413547858, 0.000137232273119, 0.000160507042892, 6.23005980742e-05, 2.84718371404e-05, 0.000218542292714, 0.00013403876801, 1.98659272428e-05, 4.01966644858e-05, 3.35483200615e-05, 6.53119204799e-05, 8.98389844224e-05, 4.09693857364e-05, 6.42055092612e-05, 0.000147999482579, 9.34445924941e-05, 2.04783573281e-05, 3.59898294846e-05, 3.1445579225e-05, 3.23192180076e-05, 4.43133430963e-05, 3.81313802791e-05, 3.02870794258e-05, 2.44774673774e-05, 9.07795492822e-06, 4.75999922855e-06, 1.92316401808e-05, 9.50527737587e-06, 3.02294779431e-06, 4.95834865433e-06, 5.10592690262e-06, 4.46452577307e-06, 5.34812124897e-06, 2.89060085379e-06, 2.40281724473e-06, 1.75738477992e-06, 2.14552574107e-06, 1.85040505585e-06, 7.67379049194e-07, 1.5863470253e-06, 2.41895713771e-06, 1.45137687468e-06, 1.22523238133e-06, 1.03923696315e-06, 6.31046191302e-07, 3.53500439587e-07, 2.7348849585e-07, 2.7204748676e-07, 1.39561080914e-07, 1.20859311892e-07, 4.39870682101e-08, 2.06503347755e-08, 3.41598949127e-09, 2.60483190573e-09, 2.37371144962e-09, 2.12778217268e-09, 1.91678806161e-09, 1.83977832968e-09, 1.7758505777e-09, 1.53542301096e-09, 1.43327760771e-09, 1.34550282027e-09, 1.26916910315e-09, 1.20469856313e-09, 1.14080034308e-09, 1.08286257738e-09, 1.03216912795e-09, 9.84522019465e-10, 9.4243968185e-10, 9.0278584608e-10, 8.66532345878e-10, 8.33483559948e-10, 8.05415345528e-10, 7.79039999177e-10, 7.55351392545e-10, 7.35522753814e-10, 7.17255255189e-10, 7.00344671145e-10, 6.87011447731e-10, 6.74312272686e-10, 6.6556604672e-10, 6.58926191388e-10, 6.54824250379e-10]
    },
    "mfcc": {
        "mean": [-739.967834473, 132.11428833, -54.2349624634, 27.8521614075, -17.2234973907, 10.0728378296, -16.772441864, 5.67673778534, -17.5078792572, 4.7848443985, -8.62281131744, 1.85379981995, -8.72752761841],
        "cov": [[23319.5957031, -38.3070297241, -6247.49902344, 537.486694336, -3042.05615234, 202.00894165, -2055.55175781, 178.403305054, -1901.27612305, 62.016620636, -781.958190918, 149.466110229, -548.323852539], [-38.3070297241, 937.607849121, 564.353637695, -26.2301445007, -41.9086036682, -146.252914429, -13.9137773514, -86.1000366211, -7.77635478973, -96.0232543945, -69.4557571411, -134.452911377, -77.5522384644], [-6247.49902344, 564.353637695, 2583.80419922, 118.334732056, 738.671875, -191.250640869, 520.144897461, -113.567985535, 402.663848877, -74.9759902954, 126.951591492, -117.159729004, 58.0489730835], [537.486694336, -26.2301445007, 118.334732056, 219.780853271, -65.3776702881, -21.203950882, -51.2047119141, 10.0408000946, -90.3913116455, -4.12228155136, -27.4941158295, 14.621544838, -29.4750347137], [-3042.05615234, -41.9086036682, 738.671875, -65.3776702881, 481.986907959, 17.1357841492, 286.56842041, -7.84146261215, 259.297210693, -2.0862557888, 121.328056335, 0.0688177794218, 85.3079147339], [202.00894165, -146.252914429, -191.250640869, -21.203950882, 17.1357841492, 115.606178284, 16.5371189117, 31.0265045166, 8.47791385651, 26.8088741302, 6.61544895172, 16.7814311981, 16.6247196198], [-2055.55175781, -13.9137773514, 520.144897461, -51.2047119141, 286.56842041, 16.5371189117, 242.461639404, 14.3709974289, 181.622894287, 3.7520775795, 80.6257019043, -9.18443012238, 52.5572547913], [178.403305054, -86.1000366211, -113.567985535, 10.0408000946, -7.84146261215, 31.0265045166, 14.3709974289, 73.6218795776, 23.9139919281, 18.1518497467, 1.39492380619, 12.0308837891, 4.48858880997], [-1901.27612305, -7.77635478973, 402.663848877, -90.3913116455, 259.297210693, 8.47791385651, 181.622894287, 23.9139919281, 232.825210571, 19.1797771454, 69.3827438354, -14.6049060822, 54.3392524719], [62.016620636, -96.0232543945, -74.9759902954, -4.12228155136, -2.0862557888, 26.8088741302, 3.7520775795, 18.1518497467, 19.1797771454, 57.8588523865, 27.0851306915, 16.4354724884, 8.9099779129], [-781.958190918, -69.4557571411, 126.951591492, -27.4941158295, 121.328056335, 6.61544895172, 80.6257019043, 1.39492380619, 69.3827438354, 27.0851306915, 88.5761566162, 26.2127552032, 28.5072631836], [149.466110229, -134.452911377, -117.159729004, 14.621544838, 0.0688177794218, 16.7814311981, -9.18443012238, 12.0308837891, -14.6049060822, 16.4354724884, 26.2127552032, 65.7015533447, 22.1698417664], [-548.323852539, -77.5522384644, 58.0489730835, -29.4750347137, 85.3079147339, 16.6247196198, 52.5572547913, 4.48858880997, 54.3392524719, 8.9099779129, 28.5072631836, 22.1698417664, 57.2307281494]],
        "icov": [[0.00247283838689, -0.00297820172273, 0.00364135252312, -0.00387154589407, 0.00380741036497, -0.00255677942187, 0.00276113906875, -0.00290554016829, 0.00513454852626, -0.0036969599314, 0.00278902542777, -0.00252577965148, 0.00201828195713], [-0.00297820172273, 0.00596672203392, -0.00526703707874, 0.0060092206113, -0.00353824673221, 0.00363684189506, -0.00233214511536, 0.00347341969609, -0.00616193935275, 0.00648526940495, -0.00390429282561, 0.00534205324948, -0.00120807788335], [0.00364135252312, -0.00526703707874, 0.00775412935764, -0.00884723383933, 0.00398317398503, -0.00152222672477, 0.000519190682098, -0.00108625751454, 0.006033831276, -0.00625220453367, 0.00540053239092, -0.00291399681009, 0.00312521820888], [-0.00387154589407, 0.0060092206113, -0.00884723383933, 0.0170878656209, -0.0065899011679, 0.00377508276142, -0.000365501182387, -0.00262251030654, -0.000952165690251, 0.00425248919055, -0.00306921359152, 0.00114204373676, -0.000579683517572], [0.00380741036497, -0.00353824673221, 0.00398317398503, -0.0065899011679, 0.0193690620363, -0.00804207101464, -3.19635228152e-06, -0.000738663598895, 0.000741324620321, 0.00160390010569, -0.00255353492685, -0.00430091610178, -0.000240152789047], [-0.00255677942187, 0.00363684189506, -0.00152222672477, 0.00377508276142, -0.00804207101464, 0.0182959269732, -0.00764864310622, 0.00140094268136, -0.00220042956062, -0.00276260985993, 0.0025349566713, 0.00382117694244, -0.00271650520153], [0.00276113906875, -0.00233214511536, 0.000519190682098, -0.000365501182387, -3.19635228152e-06, -0.00764864310622, 0.0257749948651, -0.0116236573085, 0.00401779310778, -8.37631087052e-05, -0.00428337464109, 0.000153564833454, 0.000319565238897], [-0.00290554016829, 0.00347341969609, -0.00108625751454, -0.00262251030654, -0.000738663598895, 0.00140094268136, -0.0116236573085, 0.0294701270759, -0.0164793357253, 0.00319898617454, 0.000573946104851, 0.000128293773741, 0.00049046712229], [0.00513454852626, -0.00616193935275, 0.006033831276, -0.000952165690251, 0.000741324620321, -0.00220042956062, 0.00401779310778, -0.0164793357253, 0.0320413224399, -0.0157790724188, 0.00728898355737, -0.00108204968274, 0.000192825362319], [-0.0036969599314, 0.00648526940495, -0.00625220453367, 0.00425248919055, 0.00160390010569, -0.00276260985993, -8.37631087052e-05, 0.00319898617454, -0.0157790724188, 0.0375949330628, -0.0188823267817, 0.00547872902825, -0.00345073873177], [0.00278902542777, -0.00390429282561, 0.00540053239092, -0.00306921359152, -0.00255353492685, 0.0025349566713, -0.00428337464109, 0.000573946104851, 0.00728898355737, -0.0188823267817, 0.0337412655354, -0.0145764313638, 0.00618952745572], [-0.00252577965148, 0.00534205324948, -0.00291399681009, 0.00114204373676, -0.00430091610178, 0.00382117694244, 0.000153564833454, 0.000128293773741, -0.00108204968274, 0.00547872902825, -0.0145764313638, 0.034464482218, -0.0141823627055], [0.00201828195713, -0.00120807788335, 0.00312521820888, -0.000579683517572, -0.000240152789047, -0.00271650520153, 0.000319565238897, 0.00049046712229, 0.000192825362319, -0.00345073873177, 0.00618952745572, -0.0141823627055, 0.035284794867]]
    },
    "spectral_contrast_coeffs": {
        "max": [-0.457286119461, -0.591460168362, -0.566220760345, -0.608180940151, -0.646849691868, -0.527397632599],
        "mean": [-0.70240521431, -0.798135995865, -0.78383153677, -0.787546634674, -0.787897646427, -0.687620818615],
        "min": [-0.911078751087, -0.958225011826, -0.931082487106, -0.927509367466, -0.905621290207, -0.895783782005],
        "stdev": [0.0997464433312, 0.0756873711944, 0.0835449621081, 0.0896796807647, 0.0711958408356, 0.110410392284]
    },
    "spectral_contrast_valleys": {
        "max": [-5.98685789108, -5.32316303253, -5.81768369675, -6.22809648514, -6.07009363174, -8.46323871613],
        "mean": [-8.31752872467, -7.3634428978, -7.89990520477, -7.9563202858, -8.08914375305, -12.3604106903],
        "min": [-11.9348697662, -10.9625654221, -11.5808544159, -11.3091630936, -10.9782409668, -14.1950979233],
        "stdev": [0.947474300861, 1.40922820568, 1.42161118984, 1.50741028786, 1.56799614429, 0.502715587616]
    }
},
"rhythm": {
    "beats_count": 18,
    "beats_loudness": {
        "max": 0.0504042766988,
        "mean": 0.0180365871638,
        "min": 1.143694044e-05,
        "stdev": 0.0153632778674
    },
    "bpm": 91.3637466431,
    "bpm_histogram_first_peak_bpm": 92,
    "bpm_histogram_first_peak_weight": 0.25,
    "bpm_histogram_second_peak_bpm": 86,
    "bpm_histogram_second_peak_spread": 0,
    "bpm_histogram_second_peak_weight": 0.29411765933,
    "danceability": 0.698863089085,
    "onset_rate": 1.25398087502,
    "beats_loudness_band_ratio": {
        "max": [0.817961156368, 0.537722527981, 0.44613429904, 0.551409542561, 0.531511366367, 0.113607920706],
        "mean": [0.1855674088, 0.179570913315, 0.178356066346, 0.225558757782, 0.230647459626, 0.0561163686216],
        "min": [0.00750497775152, 0.00483733415604, 0.0243511721492, 0.00353381270543, 0.00226587825455, 0.00202185916714],
        "stdev": [0.246307611465, 0.154679402709, 0.116816624999, 0.167634651065, 0.171012178063, 0.033550158143]
    },
    "beats_position": [0.684988677502, 1.38158726692, 2.07818579674, 2.77478456497, 3.47138309479, 4.1679816246, 4.85297060013, 5.52634906769, 6.19972801208, 6.84988641739, 7.50004529953, 8.15020370483, 8.80036258698, 9.45052146912, 10.1006803513, 10.7508392334, 11.4009971619, 12.051156044],
