{
"metadata": {
    "version": {
        "essentia": "2.1-beta5",
        "essentia_git_sha": "Undefined",
        "extractor": "music 2.0"
    },
    "audio_properties": {
        "analysis": {
            "equal_loudness": 0,
            "length": 33.3554649353,
            "sample_rate": 44100,
            "start_time": 175.240997314,
            "downmix": "mix"
        },
        "bit_rate": 192000,
        "length": 208.608978271,
        "lossless": 0,
        "number_channels": 2,
        "replay_gain": -7.55459976196,
        "sample_rate": 48000,
        "codec": "mp3",
        "md5_encoded": "fc8a0ad76b2dad3734327d28456bd369"
    },
    "tags": {
        "file_name": "Denmark_Angelique_Dario Campeotto.mp3",
        "encoding": ["Lavf58.29.100"]
    }
},
"lowlevel": {
    "average_loudness": 0.3296854496,
    "barkbands_crest": {
        "max": 26.5276679993,
        "mean": 10.2821025848,
        "min": 2.92180919647,
        "stdev": 4.29643106461
    },
    "barkbands_flatness_db": {
        "max": 0.366426020861,
        "mean": 0.22366514802,
        "min": 0.0963351354003,
        "stdev": 0.0561831779778
    },
    "barkbands_kurtosis": {
        "max": 164.885025024,
        "mean": 0.839784681797,
        "min": -1.90840995312,
        "stdev": 5.24372339249
    },
    "barkbands_skewness": {
        "max": 12.2640295029,
        "mean": 0.15406319499,
        "min": -3.51635122299,
        "stdev": 1.28933334351
    },
    "barkbands_spread": {
        "max": 56.435092926,
        "mean": 17.4124221802,
        "min": 2.04310441017,
        "stdev": 7.55526924133
    },
    "dissonance": {
        "max": 0.499992251396,
        "mean": 0.461819827557,
        "min": 0.259295970201,
        "stdev": 0.0363299287856
    },
    "dynamic_complexity": 5.54913425446,
    "erbbands_crest": {
        "max": 27.6740722656,
        "mean": 11.5385093689,
        "min": 2.0963010788,
        "stdev": 4.37542676926
    },
    "erbbands_flatness_db": {
        "max": 0.432581156492,
        "mean": 0.298384517431,
        "min": 0.0592935681343,
        "stdev": 0.0534448958933
    },
    "erbbands_kurtosis": {
        "max": 39.9254684448,
        "mean": 2.45763611794,
        "min": -1.82038652897,
        "stdev": 5.71300792694
    },
    "erbbands_skewness": {
        "max": 3.62803864479,
        "mean": -0.732758283615,
        "min": -5.76421403885,
        "stdev": 1.48489618301
    },
    "erbbands_spread": {
        "max": 88.8271484375,
        "mean": 21.3091411591,
        "min": 3.68876981735,
        "stdev": 11.0551176071
    },
    "hfc": {
        "max": 77.8184432983,
        "mean": 11.8968887329,
        "min": 2.56483019712e-07,
        "stdev": 15.1290864944
    },
    "loudness_ebu128": {
        "integrated": -19.370262146,
        "loudness_range": 11.4631643295,
        "momentary": {
            "max": -13.0437030792,
            "mean": -22.9744262695,
            "min": -36.5368118286,
            "stdev": 5.65767335892
        },
        "short_term": {
            "max": -15.289732933,
            "mean": -21.3366298676,
            "min": -29.9409713745,
            "stdev": 3.82775878906
        }
    },
    "melbands_crest": {
        "max": 38.0340423584,
        "mean": 12.8535146713,
        "min": 3.46313023567,
        "stdev": 6.12866163254
    },
    "melbands_flatness_db": {
        "max": 0.374698102474,
        "mean": 0.213226824999,
        "min": 0.0661717578769,
        "stdev": 0.0589307658374
    },
    "melbands_kurtosis": {
        "max": 69.4096069336,
        "mean": 1.96778225899,
        "min": -1.92740380764,
        "stdev": 4.91103219986
    },
    "melbands_skewness": {
        "max": 7.94679403305,
        "mean": 0.94030046463,
        "min": -1.99074161053,
        "stdev": 1.17168939114
    },
    "melbands_spread": {
        "max": 212.783157349,
        "mean": 35.6222839355,
        "min": 3.09452700615,
        "stdev": 20.804397583
    },
    "pitch_salience": {
        "max": 0.886501908302,
        "mean": 0.576577663422,
        "min": 0.0487417951226,
        "stdev": 0.112845547497
    },
    "silence_rate_20dB": {
        "max": 1,
        "mean": 1,
        "min": 1,
        "stdev": 0
    },
    "silence_rate_30dB": {
        "max": 1,
        "mean": 1,
        "min": 1,
        "stdev": 0
    },
    "silence_rate_60dB": {
        "max": 1,
        "mean": 0.429763555527,
        "min": 0,
        "stdev": 0.49503993988
    },
    "spectral_centroid": {
        "max": 4572.22558594,
        "mean": 1792.7232666,
        "min": 418.501617432,
        "stdev": 574.824462891
    },
    "spectral_complexity": {
        "max": 34,
        "mean": 9.18358802795,
        "min": 0,
        "stdev": 6.22111129761
    },
    "spectral_decrease": {
        "max": -5.02905166004e-16,
        "mean": -1.99540450829e-09,
        "min": -2.33211530087e-08,
        "stdev": 2.85901724517e-09
    },
    "spectral_energy": {
        "max": 0.0943310856819,
        "mean": 0.00861019454896,
        "min": 1.9213484137e-09,
        "stdev": 0.0120082153007
    },
    "spectral_energyband_high": {
        "max": 0.00126016081776,
        "mean": 4.79555892525e-05,
        "min": 8.86130752109e-12,
        "stdev": 0.000112513211207
    },
    "spectral_energyband_low": {
        "max": 0.00360403000377,
        "mean": 6.27361805527e-05,
        "min": 1.22258858593e-09,
        "stdev": 0.000208215133171
    },
    "spectral_energyband_middle_high": {
        "max": 0.0305242836475,
        "mean": 0.00433743745089,
        "min": 3.13628706339e-11,
        "stdev": 0.00541402958333
    },
    "spectral_energyband_middle_low": {
        "max": 0.0811272040009,
        "mean": 0.00418469123542,
        "min": 1.91073615263e-10,
        "stdev": 0.00860778428614
    },
    "spectral_entropy": {
        "max": 9.57322406769,
        "mean": 7.01800394058,
        "min": 5.83906555176,
        "stdev": 0.492801040411
    },
    "spectral_flux": {
        "max": 0.210976794362,
        "mean": 0.045949395746,
        "min": 0.000346662302036,
        "stdev": 0.0369180329144
    },
    "spectral_kurtosis": {
        "max": 44.039894104,
        "mean": 9.58457279205,
        "min": -0.982380867004,
        "stdev": 7.53464508057
    },
    "spectral_rms": {
        "max": 0.0095932437107,
        "mean": 0.00237801414914,
        "min": 1.36911876325e-06,
        "stdev": 0.0016568772262
    },
    "spectral_rolloff": {
        "max": 7708.88671875,
        "mean": 2215.86499023,
        "min": 21.533203125,
        "stdev": 815.858703613
    },
    "spectral_skewness": {
        "max": 3.97556424141,
        "mean": 1.53311944008,
        "min": -0.306696206331,
        "stdev": 0.596672415733
    },
    "spectral_spread": {
        "max": 31828826,
        "mean": 2218587.75,
        "min": 1013156.4375,
        "stdev": 1099846
    },
    "spectral_strongpeak": {
        "max": 15.341334343,
        "mean": 1.91809773445,
        "min": 0,
        "stdev": 2.16833853722
    },
    "zerocrossingrate": {
        "max": 0.27392578125,
        "mean": 0.0730143487453,
        "min": 0,
        "stdev": 0.0270082503557
    },
    "barkbands": {
        "max": [1.78438749572e-05, 0.000276889913948, 0.0028034131974, 0.00191539688967, 0.00623424770311, 0.0145662138239, 0.00674708420411, 0.0437811762094, 0.0660092681646, 0.00516064977273, 0.00529078673571, 0.0211194138974, 0.0191720798612, 0.00922713801265, 0.00383747811429, 0.00802986510098, 0.0113364458084, 0.0198159944266, 0.00152727460954, 0.000605030683801, 0.000494141480885, 0.00027721884544, 0.000251682737144, 6.80537923472e-05, 1.35402842716e-05, 1.31516726469e-05, 1.3917956494e-05],
        "mean": [4.00159734681e-07, 7.48502770875e-06, 4.30439213233e-05, 3.21179250022e-05, 0.000248046417255, 0.000454264984, 0.000202621755307, 0.000893964199349, 0.00232621468604, 0.000220631773118, 0.000186924226, 0.000484771007905, 0.000341889186529, 0.000170612256625, 0.000188453661394, 0.000487416662509, 0.000942272832617, 0.00124646315817, 7.67506062402e-05, 1.79636190296e-05, 1.76360008481e-05, 1.18200814541e-05, 6.89831358613e-06, 1.47482671764e-06, 3.6527914915e-08, 1.05815329832e-08, 1.07097886115e-08],
        "min": [9.4990204591e-10, 6.22581042276e-10, 1.18275181316e-10, 5.11740268216e-11, 6.77355532774e-11, 2.74917519305e-11, 1.5504715567e-11, 1.02646545777e-11, 9.86580088458e-12, 6.13044988038e-12, 4.65441964484e-12, 4.49636725422e-12, 3.60601392496e-12, 2.74889529542e-12, 2.75705131468e-12, 2.13714592898e-12, 2.23608132878e-12, 1.56070458206e-12, 1.33194117628e-12, 1.31817744654e-12, 1.26395519485e-12, 9.51507535957e-13, 8.82755782534e-13, 9.83360203162e-13, 1.41964326579e-12, 1.33061053495e-12, 1.42250989633e-12],
        "stdev": [8.46945454214e-07, 1.68141305039e-05, 0.000170136365341, 9.46098734858e-05, 0.000373412447516, 0.000795311178081, 0.000551596458536, 0.00290516973473, 0.0075057214126, 0.000440021540271, 0.000540493638255, 0.00187424942851, 0.00117746798787, 0.000599144375883, 0.000337249744916, 0.000910470960662, 0.00169830932282, 0.00249097356573, 0.000129954845761, 3.99356613343e-05, 4.57155692857e-05, 2.48432370427e-05, 1.91745402844e-05, 5.28233113073e-06, 3.5908431073e-07, 3.49418570522e-07, 3.67931761502e-07]
    },
    "erbbands": {
        "max": [0.00386537867598, 0.127939715981, 2.29695630074, 4.416908741, 14.3055372238, 22.1153354645, 33.2104530334, 155.401504517, 115.921615601, 609.04675293, 761.29473877, 2078.79125977, 811.146911621, 214.994155884, 331.121948242, 921.309265137, 684.079040527, 451.087158203, 442.722351074, 257.599273682, 435.151824951, 544.83380127, 1135.03625488, 323.9480896, 46.0923118591, 38.3320045471, 23.3792743683, 20.8329219818, 12.3862924576, 8.22326183319, 10.1497240067, 2.85331654549, 0.315523922443, 0.152497321367, 0.0958364829421, 0.0526383407414, 0.0243171900511, 0.00865031126887, 0.00199032900855, 0.000237965970882],
        "mean": [0.000132280183607, 0.00279540289193, 0.0382645651698, 0.0848582461476, 0.361010372639, 0.912701368332, 2.49734520912, 3.92049193382, 2.51592135429, 7.27316713333, 31.5275936127, 49.7287025452, 16.2157268524, 9.34070968628, 10.0114412308, 20.8803749084, 15.7548418045, 9.95666790009, 11.4240236282, 17.4083461761, 28.0769786835, 50.686706543, 77.7592544556, 12.4504966736, 2.96224546432, 0.953648328781, 0.900625228882, 0.548758149147, 0.444938659668, 0.271189063787, 0.196486964822, 0.0661245957017, 0.0074131982401, 0.000793032522779, 0.00019849727687, 5.62455170439e-05, 2.55574414041e-05, 9.36083233682e-06, 7.04385229255e-06, 1.11339850264e-05],
        "min": [3.25664402112e-08, 9.15998654705e-08, 1.43625101146e-07, 1.78043080723e-07, 2.08038059668e-07, 2.22449656917e-07, 2.28175110806e-07, 2.15854740304e-07, 2.20979089249e-07, 2.28246108236e-07, 2.29757930015e-07, 2.22336822731e-07, 2.04928056746e-07, 1.90641898712e-07, 1.95775868406e-07, 1.78702478593e-07, 1.68861816974e-07, 1.43573700484e-07, 1.46822969782e-07, 1.36541146389e-07, 1.1236251396e-07, 1.27496846858e-07, 9.83077228511e-08, 5.82181982622e-08, 7.49959028212e-08, 6.13075101796e-08, 5.49834417995e-08, 4.34602753785e-08, 3.52270177473e-08, 2.94761370867e-08, 2.65786752607e-08, 2.01441103798e-08, 1.62596336395e-08, 1.43751126558e-08, 1.13487654829e-08, 5.3927937671e-09, 2.69782374218e-09, 9.46855038819e-10, 1.86601720187e-10, 2.23092412599e-11],
        "stdev": [0.000229571654927, 0.00753784459084, 0.142731055617, 0.244095891714, 0.896694898605, 1.50852251053, 3.93380331993, 8.00240421295, 6.39940357208, 28.4061908722, 92.2351989746, 165.545806885, 70.7634963989, 17.7491340637, 24.3802509308, 82.7092819214, 49.1216087341, 25.5530509949, 27.9838256836, 28.9005680084, 49.4742050171, 84.3815002441, 138.192626953, 27.5963726044, 4.73503398895, 2.13171648979, 2.23268413544, 1.48607861996, 0.881247699261, 0.692116439342, 0.614867329597, 0.225834056735, 0.0226009916514, 0.00410153344274, 0.00254213763401, 0.00139884685632, 0.00064608163666, 0.000229269950069, 5.3086423577e-05, 1.59529863595e-05]
    },
    "gfcc": {
        "mean": [-155.820648193, 127.312736511, -209.970504761, 25.0564346313, -64.3375701904, -23.7444992065, -39.5692443848, -14.1187381744, 5.22495603561, -32.8451576233, -0.978249132633, -6.97636413574, -2.20259213448],
        "cov": [[4367.43847656, -112.413925171, -1030.30847168, -470.539703369, 24.0978717804, -229.030639648, 501.923461914, -32.5516662598, 132.674407959, -222.95211792, 111.512886047, 97.0221633911, -308.742553711], [-112.413925171, 521.62701416, 207.75843811, -77.8840942383, 17.0131111145, 6.05359888077, -7.35606622696, -15.3343553543, -59.6167945862, 17.4675559998, -36.7701644897, -126.357475281, -29.1851558685], [-1030.30847168, 207.75843811, 629.318481445, 274.174133301, -57.7324943542, -55.5168876648, -266.334838867, 7.93064022064, -38.9911346436, -12.6720514297, -92.9213104248, -62.3491973877, 42.2653923035], [-470.539703369, -77.8840942383, 274.174133301, 536.505310059, 75.2907714844, -10.944729805, -228.826522827, -40.8868331909, 3.16981506348, -47.951259613, -74.3392028809, 12.3502635956, 106.710777283], [24.0978717804, 17.0131111145, -57.7324943542, 75.2907714844, 322.766693115, -108.355125427, -125.348991394, 66.4862060547, 89.3910980225, -42.7560768127, -37.6128692627, 88.5692138672, 60.0762481689], [-229.030639648, 6.05359888077, -55.5168876648, -10.944729805, -108.355125427, 430.761779785, 284.699829102, -66.9673233032, -100.640525818, 121.519973755, 50.7292861938, -124.877754211, -24.1959457397], [501.923461914, -7.35606622696, -266.334838867, -228.826522827, -125.348991394, 284.699829102, 480.556335449, -7.02336883545, -102.078552246, 71.0118713379, 85.8206634521, -76.0726470947, -134.029418945], [-32.5516662598, -15.3343553543, 7.93064022064, -40.8868331909, 66.4862060547, -66.9673233032, -7.02336883545, 109.282249451, 39.5327072144, -27.9726543427, -3.47888946533, 39.86561203, -5.79561853409], [132.674407959, -59.6167945862, -38.9911346436, 3.16981506348, 89.3910980225, -100.640525818, -102.078552246, 39.5327072144, 139.459640503, -4.72865772247, -19.4926548004, 51.6941070557, 17.8292770386], [-222.95211792, 17.4675559998, -12.6720514297, -47.951259613, -42.7560768127, 121.519973755, 71.0118713379, -27.9726543427, -4.72865772247, 125.692611694, 40.1761741638, -45.7623558044, 14.6749048233], [111.512886047, -36.7701644897, -92.9213104248, -74.3392028809, -37.6128692627, 50.7292861938, 85.8206634521, -3.47888946533, -19.4926548004, 40.1761741638, 87.1379089355, 30.1525993347, -13.1325120926], [97.0221633911, -126.357475281, -62.3491973877, 12.3502635956, 88.5692138672, -124.877754211, -76.0726470947, 39.86561203, 51.6941070557, -45.7623558044, 30.1525993347, 157.258575439, 50.4295883179], [-308.742553711, -29.1851558685, 42.2653923035, 106.710777283, 60.0762481689, -24.1959457397, -134.029418945, -5.79561853409, 17.8292770386, 14.6749048233, -13.1325120926, 50.4295883179, 142.921340942]],
        "icov": [[0.000827413459774, -0.000438942835899, 0.000929602247197, -0.00032180629205, 0.000161088202731, 0.00104455207475, -0.00141218537465, 0.00141036114655, -0.00186853460036, 0.00222912011668, -0.00128081347793, 0.000689669745043, 0.000148302846355], [-0.000438942835899, 0.00525730988011, -0.00430743629113, 0.00270840921439, -0.00392811698839, 0.00170052121393, -0.00194339221343, 0.00284017180093, 0.000409360975027, 0.00186997221317, -0.00374274258502, 0.00667321123183, -0.00333291012794], [0.000929602247197, -0.00430743629113, 0.00881290715188, -0.00390477897599, 0.00510832574219, -0.00172228331212, 0.00509091699496, -0.00557586969808, 0.00276258727536, -0.0038918426726, 0.00642392132431, -0.00588493747637, 0.0062688048929], [-0.00032180629205, 0.00270840921439, -0.00390477897599, 0.00512136006728, -0.00295649515465, -0.000613927433733, -0.000462841213448, 0.00353405065835, -0.000457122718217, 0.00332259573042, -0.00178112811409, 0.0030602645129, -0.00349070434459], [0.000161088202731, -0.00392811698839, 0.00510832574219, -0.00295649515465, 0.00870867539197, -0.00248647411354, 0.00377779803239, -0.00622915150598, 0.000283244473394, -0.00357862166129, 0.00729912985116, -0.00806271564215, 0.00329891196452], [0.00104455207475, 0.00170052121393, -0.00172228331212, -0.000613927433733, -0.00248647411354, 0.0104247322306, -0.00906768720597, 0.00593402795494, -0.003346971469, 0.00258753937669, -0.0067505966872, 0.00876843370497, -0.00544380908832], [-0.00141218537465, -0.00194339221343, 0.00509091699496, -0.000462841213448, 0.00377779803239, -0.00906768720597, 0.0160773508251, -0.0103221489117, 0.010412696749, -0.00989815685898, 0.00821304600686, -0.00881861243397, 0.0105116469786], [0.00141036114655, 0.00284017180093, -0.00557586969808, 0.00353405065835, -0.00622915150598, 0.00593402795494, -0.0103221489117, 0.0219127144665, -0.0100399898365, 0.0116344643757, -0.00953916925937, 0.0069744461216, -0.0058110053651], [-0.00186853460036, 0.000409360975027, 0.00276258727536, -0.000457122718217, 0.000283244473394, -0.003346971469, 0.010412696749, -0.0100399898365, 0.021399596706, -0.0154502419755, 0.0126858567819, -0.00898948125541, 0.00749792857096], [0.00222912011668, 0.00186997221317, -0.0038918426726, 0.00332259573042, -0.00357862166129, 0.00258753937669, -0.00989815685898, 0.0116344643757, -0.0154502419755, 0.0307289548218, -0.0214251484722, 0.0166571196169, -0.0120747508481], [-0.00128081347793, -0.00374274258502, 0.00642392132431, -0.00178112811409, 0.00729912985116, -0.0067505966872, 0.00821304600686, -0.00953916925937, 0.0126858567819, -0.0214251484722, 0.0382826849818, -0.024087626487, 0.011637548916], [0.000689669745043, 0.00667321123183, -0.00588493747637, 0.0030602645129, -0.00806271564215, 0.00876843370497, -0.00881861243397, 0.0069744461216, -0.00898948125541, 0.0166571196169, -0.024087626487, 0.0313125662506, -0.0146564226598], [0.000148302846355, -0.00333291012794, 0.0062688048929, -0.00349070434459, 0.00329891196452, -0.00544380908832, 0.0105116469786, -0.0058110053651, 0.00749792857096, -0.0120747508481, 0.011637548916, -0.0146564226598, 0.0212480947375]]
    },
    "melbands": {
        "max": [5.15441206517e-05, 0.000840705411974, 0.000965350132901, 0.00157949328423, 0.000864545465447, 0.00321088219061, 0.0016755356919, 0.00731155881658, 0.00891633145511, 0.0129667688161, 0.00402970379218, 0.00091969629284, 0.000886600057129, 0.00254567526281, 0.00273825228214, 0.0012178592151, 0.00102999294177, 0.000973093730863, 0.000208093770198, 0.000822550384328, 0.000690623070113, 0.000535205123015, 0.00143992493395, 0.00078155240044, 0.000270115531748, 4.04269958381e-05, 2.20772872126e-05, 2.2908225219e-05, 2.1453570298e-05, 1.09730672193e-05, 1.03682214103e-05, 8.50064861879e-06, 4.59610419057e-06, 4.84480278828e-06, 8.524817531e-06, 3.98761221732e-06, 1.42098792821e-06, 2.43520986487e-07, 1.39605006666e-07, 1.24859838024e-07],
        "mean": [1.5769063566e-06, 1.42086182677e-05, 2.16030384763e-05, 4.70476188639e-05, 7.86409218563e-05, 8.54264580994e-05, 3.78436307074e-05, 9.61255791481e-05, 0.000300501473248, 0.000314711738611, 7.47857775423e-05, 3.66636668332e-05, 2.92187214654e-05, 5.23554226675e-05, 4.5723587391e-05, 3.10297400574e-05, 1.64089433383e-05, 1.82420808414e-05, 1.42146309372e-05, 3.14141761919e-05, 3.63491526514e-05, 3.94976195821e-05, 0.000106947372842, 3.86877145502e-05, 6.47961132927e-06, 2.55355962508e-06, 8.82439337602e-07, 5.46120020317e-07, 6.7612853627e-07, 3.29284063127e-07, 3.15980514642e-07, 2.70578340178e-07, 1.83412637966e-07, 1.35496051712e-07, 1.32135525632e-07, 6.08018027037e-08, 2.94222797237e-08, 4.959057609e-09, 6.54685028412e-10, 4.51741172247e-10],
        "min": [2.77370681978e-10, 8.71956881698e-11, 3.18730007665e-11, 1.552536745e-11, 8.32456239358e-12, 4.92705138841e-12, 3.36435350065e-12, 2.45154677808e-12, 1.8424630311e-12, 1.37139345019e-12, 1.00867068604e-12, 7.67482973875e-13, 6.55130192716e-13, 5.30422006231e-13, 4.16305526293e-13, 3.36614904787e-13, 2.58013662519e-13, 2.34725813005e-13, 2.0766809767e-13, 1.610516733e-13, 1.23799787696e-13, 1.302563065e-13, 1.19320067607e-13, 6.59552910876e-14, 4.25436866725e-14, 5.69839788962e-14, 4.90618051014e-14, 3.91406945375e-14, 3.19384072683e-14, 3.51675408087e-14, 2.20856810623e-14, 1.93452685918e-14, 1.83287392696e-14, 1.52276550879e-14, 1.54617733005e-14, 1.24900827189e-14, 1.29485681007e-14, 1.06520203763e-14, 1.07443554379e-14, 1.28930993011e-14],
        "stdev": [3.13273039865e-06, 5.12148581038e-05, 5.83277214901e-05, 8.72673699632e-05, 0.000108228530735, 0.000168202735949, 9.49922032305e-05, 0.000400621036533, 0.000940940750297, 0.00110541353934, 0.000358874065569, 7.3268522101e-05, 8.28044649097e-05, 0.000207977733226, 0.000190095699509, 9.68501917669e-05, 5.02658040205e-05, 5.43539863429e-05, 2.12718387047e-05, 7.29527673684e-05, 7.14465058991e-05, 6.88293657731e-05, 0.000195717162569, 8.95095217857e-05, 1.75082986971e-05, 4.15835120293e-06, 1.57071872309e-06, 1.41918485497e-06, 1.83325187209e-06, 8.60480668052e-07, 8.58202838572e-07, 5.57359385311e-07, 4.08907141036e-07, 3.64146870879e-07, 4.48803945119e-07, 2.07192528023e-07, 1.00481905463e-07, 1.67599800704e-08, 3.71808672739e-09, 3.31250649133e-09]
    },
    "melbands128": {
        "max": [9.34798208618e-06, 1.28015590235e-05, 5.42458765267e-05, 0.000160513402079, 0.000915792887099, 0.00155454152264, 0.000840254535433, 0.00124526757281, 0.00162032735534, 0.00244550034404, 0.0011452633189, 0.00113765848801, 0.00163654715288, 0.00120709859766, 0.00298966583796, 0.00732674635947, 0.00334285688587, 0.00124473602045, 0.00131843984127, 0.00872802734375, 0.0166121851653, 0.0102365212515, 0.0104936221614, 0.0201011467725, 0.0223616473377, 0.0183271002024, 0.0131300268695, 0.00170340493787, 0.000986149418168, 0.00146721152123, 0.0011252098484, 0.00121391715948, 0.00158802384976, 0.00131188018713, 0.00319714169018, 0.00570846162736, 0.00466936640441, 0.00556922983378, 0.00460230046883, 0.0033114515245, 0.00216289469972, 0.0012661771616, 0.00120299716946, 0.00203996733762, 0.00173142715357, 0.00122493552044, 0.00073976040585, 0.000348740199115, 0.000295130186714, 0.000439311232185, 0.00184700940736, 0.000750585924834, 0.000712222827133, 0.00124799297191, 0.00177220744081, 0.000888853275683, 0.000686685030814, 0.00209250696935, 0.00373234879225, 0.00194790726528, 0.00153376359958, 0.00115008058492, 0.000777217501309, 0.000104384933366, 5.95157143835e-05, 4.40246876678e-05, 9.53200360527e-05, 3.23967906297e-05, 1.00103816294e-05, 6.50890506222e-05, 2.76072314591e-05, 2.52877307503e-05, 2.51245073741e-05, 3.94567141484e-05, 1.07426485556e-05, 6.81829033056e-06, 2.42637179326e-05, 1.7294756617e-05, 1.11675644803e-05, 2.5578749046e-05, 8.15934345155e-06, 1.46973934534e-05, 3.81255949833e-06, 6.81333767716e-06, 7.27384758648e-06, 9.84964026429e-06, 3.08136873173e-06, 2.78244874607e-06, 1.89359652722e-05, 5.3360658967e-06, 4.72089777759e-06, 4.95080257679e-06, 4.4806056394e-06, 1.48991478e-06, 8.82049334905e-07, 4.21283203877e-07, 1.66744754893e-07, 1.55421631121e-07, 1.35821110803e-07, 1.39983853842e-07, 1.21130739217e-07, 1.29370661739e-07, 1.16753092527e-07, 1.13080673714e-07, 1.0898169478e-07, 1.03601479395e-07, 9.90336488371e-08, 9.46804021851e-08, 9.05824038e-08, 8.67576943619e-08, 8.3285499386e-08, 7.9954446619e-08, 7.70267618577e-08, 7.42847845459e-08, 7.17629333735e-08, 6.93734634183e-08, 6.71622686355e-08, 6.51628937476e-08, 6.33475991663e-08, 6.16238935436e-08, 6.01505902864e-08, 5.8785463608e-08, 5.75964627103e-08, 5.66182016826e-08, 5.58272716944e-08, 5.51457262077e-08, 5.46662732859e-08, 5.43705063194e-08],
        "mean": [2.21907939135e-07, 7.02253146301e-07, 1.7585026626e-06, 3.93242908103e-06, 1.60760864674e-05, 2.17450033233e-05, 1.46394195326e-05, 1.84138552868e-05, 3.35643526341e-05, 5.63949579373e-05, 4.77708599647e-05, 5.1163489843e-05, 8.18778426037e-05, 0.000117346782645, 0.000114523216325, 4.97245528095e-05, 3.29314389091e-05, 3.75394665753e-05, 3.64436637028e-05, 6.76335621392e-05, 0.000127700157464, 0.000182530042366, 0.000332877098117, 0.000428917672252, 0.00029224701575, 0.000363799277693, 0.000147232887684, 1.80701863428e-05, 2.38433785853e-05, 4.87064389745e-05, 3.43280262314e-05, 2.67936138698e-05, 3.37893543474e-05, 2.22574981308e-05, 4.14125715906e-05, 6.93598340149e-05, 5.93970871705e-05, 4.59358234366e-05, 3.7649373553e-05, 3.01261497953e-05, 3.43007159245e-05, 2.53750640695e-05, 1.27825824165e-05, 1.29800146169e-05, 1.75378700078e-05, 1.91850685951e-05, 2.13758448808e-05, 8.90557112143e-06, 8.96129131434e-06, 3.12455595122e-05, 4.66819947178e-05, 1.66210193129e-05, 1.91441631614e-05, 5.42397647223e-05, 5.58376923436e-05, 1.98560264835e-05, 2.63200126938e-05, 0.000132853907417, 0.000140972013469, 5.69971816731e-05, 3.64327461284e-05, 1.88420217455e-05, 7.571115475e-06, 3.5004561596e-06, 3.01489171761e-06, 2.38635084315e-06, 2.94128062706e-06, 8.6945590283e-07, 4.42771266762e-07, 6.07572872013e-07, 5.29342457867e-07, 5.19762181739e-07, 6.92942876412e-07, 8.85570386799e-07, 3.77700359877e-07, 3.06661291916e-07, 3.38406067613e-07, 2.65286530521e-07, 3.21342440657e-07, 3.7707292222e-07, 2.3356662382e-07, 2.69661654784e-07, 2.30043255556e-07, 1.6907141287e-07, 1.49833567775e-07, 1.46033826809e-07, 1.35670248369e-07, 1.05029513975e-07, 1.78048935595e-07, 1.03517983518e-07, 6.38229877836e-08, 4.71094629972e-08, 5.95488351962e-08, 2.9490315967e-08, 1.34831630305e-08, 7.0961010401e-09, 3.47232087528e-09, 8.2650158939e-10, 5.91833582142e-10, 5.35648359001e-10, 4.87351825562e-10, 4.48659609464e-10, 3.97297750254e-10, 3.31152355537e-10, 1.39381992059e-10, 8.31118576738e-11, 7.87641479816e-11, 7.59796808802e-11, 7.34871191677e-11, 7.06922922977e-11, 6.72219363507e-11, 6.45379374942e-11, 6.2002708523e-11, 6.02283223294e-11, 5.7030883488e-11, 5.4606069666e-11, 5.30718698155e-11, 5.11417991289e-11, 5.02179305084e-11, 4.87791335102e-11, 4.76874928435e-11, 4.64109861653e-11, 4.58566205841e-11, 4.08507463967e-11, 3.99718383393e-11, 3.94146867921e-11, 3.9033207222e-11, 3.88163702569e-11],
        "min": [4.47875930787e-10, 3.37855743382e-10, 2.21374432674e-10, 1.32603525382e-10, 8.14970174678e-11, 5.48754514051e-11, 3.65011978976e-11, 1.76975968602e-11, 2.04126889003e-11, 1.53548718879e-11, 1.17420387649e-11, 9.24265178281e-12, 8.09714968686e-12, 6.22843313383e-12, 4.7683367671e-12, 4.45367484211e-12, 3.72648353147e-12, 3.11857354177e-12, 3.01750183e-12, 2.50770151172e-12, 2.21676496603e-12, 2.11352615097e-12, 1.74089150214e-12, 1.68440543631e-12, 1.43358306996e-12, 1.27615398717e-12, 1.14564759589e-12, 9.93258318475e-13, 8.986486685e-13, 7.73468257758e-13, 7.44756903717e-13, 6.85452129084e-13, 6.65086963367e-13, 6.26073466074e-13, 5.74617610438e-13, 5.17652001993e-13, 4.33105266061e-13, 4.13617816213e-13, 4.08379899992e-13, 3.72109244459e-13, 3.30619727559e-13, 2.70831425862e-13, 2.46029596435e-13, 2.65775872447e-13, 2.43156514888e-13, 2.18092620244e-13, 2.38917447024e-13, 2.19497542971e-13, 1.9122743211e-13, 1.77328976698e-13, 1.62871628619e-13, 1.38140584041e-13, 1.23800045194e-13, 1.17141688602e-13, 1.22319174104e-13, 1.28360023348e-13, 1.40811610961e-13, 1.3901454586e-13, 1.08400159508e-13, 8.73667254536e-14, 6.58068028238e-14, 5.02568296766e-14, 3.89933243572e-14, 3.98301420871e-14, 4.74822275682e-14, 6.21133393742e-14, 6.2618997715e-14, 4.6456751884e-14, 5.26652187843e-14, 4.07478446872e-14, 3.77192953249e-14, 4.05668472989e-14, 3.23618898606e-14, 2.63297362564e-14, 3.48977404862e-14, 4.46975322152e-14, 3.16675498487e-14, 2.20642003068e-14, 2.2300315823e-14, 1.9497134823e-14, 1.71693002426e-14, 1.90810332758e-14, 2.49443884602e-14, 1.48173658808e-14, 1.62894041111e-14, 2.00720076139e-14, 1.08832298777e-14, 1.38106257184e-14, 1.46651184848e-14, 2.03949033497e-14, 1.13200718737e-14, 1.29261496797e-14, 8.62430566279e-15, 1.39093482554e-14, 1.59463218861e-14, 8.75190948223e-15, 7.05377444144e-15, 1.74198288715e-14, 8.98039069052e-15, 8.01363387134e-15, 1.30459548668e-14, 1.49877922979e-14, 1.10813695188e-14, 1.22532938115e-14, 1.42358963973e-14, 1.38539565358e-14, 1.0929460089e-14, 1.11685935836e-14, 1.06060425809e-14, 4.84973499687e-15, 6.8573712179e-15, 1.18935106379e-14, 8.22628233978e-15, 9.51410360949e-15, 4.53670973604e-15, 6.05470839752e-15, 8.93784930778e-15, 9.30300097618e-15, 4.71248770732e-15, 6.2647048058e-15, 3.40566685333e-15, 7.39156948674e-15, 5.29747110707e-15, 9.22631908346e-15, 4.45402746193e-15, 2.90968311118e-15, 3.04811052937e-15, 1.0177368206e-16],
        "stdev": [4.59671412045e-07, 1.02432363747e-06, 3.85767998523e-06, 1.01110863397e-05, 5.81880849495e-05, 8.84138789843e-05, 4.54732762591e-05, 5.93230870436e-05, 0.000103476442746, 0.000128835381474, 0.000100702891359, 9.19176745811e-05, 0.000189592974493, 0.000185632452485, 0.000233751954511, 0.000273255718639, 0.000146217964357, 9.33071496547e-05, 0.000113635396701, 0.000347096269252, 0.000773056002799, 0.000749077240471, 0.00124798971228, 0.00182675197721, 0.0013058554614, 0.00194017414469, 0.000969906686805, 7.59429312893e-05, 7.6291791629e-05, 0.000115406015539, 8.66287082317e-05, 9.70474939095e-05, 0.000141606651596, 6.84644473949e-05, 0.000189749218407, 0.000390172295738, 0.000321411702316, 0.000298730359646, 0.00022909254767, 0.000146054182551, 0.000150863546878, 9.24120759009e-05, 5.18778906553e-05, 7.89755576989e-05, 9.68786771409e-05, 6.58263306832e-05, 5.93903823756e-05, 2.4504142857e-05, 1.97913086595e-05, 5.8695262851e-05, 0.000152604741743, 5.12808001076e-05, 5.35197832505e-05, 0.000144627512782, 0.000160256560775, 5.56283230253e-05, 6.26420951448e-05, 0.000281453278149, 0.000380728335585, 0.00018095690757, 0.000135675043566, 7.78678513598e-05, 3.31770497723e-05, 8.07169726613e-06, 5.3701910474e-06, 4.70007125841e-06, 7.35771118343e-06, 1.89952106666e-06, 8.11874656392e-07, 2.24497739509e-06, 1.62483627264e-06, 1.818899932e-06, 2.30995624406e-06, 2.78678908217e-06, 9.55322661866e-07, 7.28442216769e-07, 1.3894255062e-06, 9.88200895335e-07, 8.84124858658e-07, 1.15868317607e-06, 5.74434409373e-07, 7.0082143111e-07, 4.77778598906e-07, 4.79187633573e-07, 4.71255162893e-07, 5.18505146374e-07, 3.44443833455e-07, 2.7116595902e-07, 8.21838284537e-07, 3.32348150778e-07, 2.16783192286e-07, 2.06928206126e-07, 2.72223275033e-07, 8.45403107519e-08, 4.97566503554e-08, 2.68520548019e-08, 1.1621626328e-08, 4.18313028661e-09, 3.61632901402e-09, 3.71756181394e-09, 3.22053006485e-09, 3.43277917203e-09, 3.09659098363e-09, 2.99879920895e-09, 2.89227330974e-09, 2.75126721405e-09, 2.62708588217e-09, 2.51439802312e-09, 2.40947373165e-09, 2.30958652203e-09, 2.21385865196e-09, 2.12529460697e-09, 2.04665107084e-09, 1.97588256867e-09, 1.90349558338e-09, 1.83795911823e-09, 1.78015280294e-09, 1.72585457037e-09, 1.67973301934e-09, 1.6337308173e-09, 1.59493085405e-09, 1.5579751933e-09, 1.5280233745e-09, 1.4925479741e-09, 1.47164580522e-09, 1.45368328486e-09, 1.44105216648e-09, 1.43326017721e-09]
    },
    "mfcc": {
        "mean": [-766.102478027, 139.316360474, -74.8928909302, 24.5806350708, -12.7962932587, -9.14284133911, -38.926399231, 13.7029008865, -14.9884958267, -7.81389904022, -8.49028682709, 0.515524685383, -11.0468130112],
        "cov": [[4184.46582031, 39.3166503906, -1081.63061523, -184.429275513, -604.029968262, 114.939697266, 31.9682598114, 369.718811035, -208.806411743, 89.1980667114, 49.256816864, 232.619995117, -252.513702393], [39.3166503906, 630.155944824, 18.0612831116, -104.450592041, 22.8382587433, -103.210227966, 43.4423217773, -60.6529655457, 26.2609138489, -11.2249689102, 94.6751708984, -41.8505554199, -9.99358654022], [-1081.63061523, 18.0612831116, 730.619750977, 156.097290039, 82.4284667969, 5.98695802689, -3.3954501152, -135.941452026, 0.872831285, 5.84903526306, -49.9375228882, -89.2615737915, 45.7756385803], [-184.429275513, -104.450592041, 156.097290039, 419.319458008, 310.161529541, -130.448120117, -221.522232056, 12.0794801712, 40.0542564392, -106.542739868, -139.210968018, -25.3361244202, 47.8768196106], [-604.029968262, 22.8382587433, 82.4284667969, 310.161529541, 558.608398438, -193.867431641, -309.589019775, -23.2961006165, 110.710876465, -121.239463806, -136.384048462, -38.960811615, 78.0893936157], [114.939697266, -103.210227966, 5.98695802689, -130.448120117, -193.867431641, 336.449127197, 231.332489014, -28.946975708, -11.2162275314, 154.274414062, -11.6505851746, 22.4645519257, 15.4236488342], [31.9682598114, 43.4423217773, -3.3954501152, -221.522232056, -309.589019775, 231.332489014, 402.943237305, 12.2816877365, -32.895816803, 122.967010498, 82.034324646, 8.34515953064, -18.6773071289], [369.718811035, -60.6529655457, -135.941452026, 12.0794801712, -23.2961006165, -28.946975708, 12.2816877365, 174.288604736, -0.177487105131, -50.2583885193, 35.7203445435, 44.1366081238, -38.0234451294], [-208.806411743, 26.2609138489, 0.872831285, 40.0542564392, 110.710876465, -11.2162275314, -32.895816803, -0.177487105131, 102.525856018, 8.7720823288, -31.2184562683, -14.7299003601, 23.6108150482], [89.1980667114, -11.2249689102, 5.84903526306, -106.542739868, -121.239463806, 154.274414062, 122.967010498, -50.2583885193, 8.7720823288, 179.432800293, 16.7444496155, 2.01951360703, -4.68480014801], [49.256816864, 94.6751708984, -49.9375228882, -139.210968018, -136.384048462, -11.6505851746, 82.034324646, 35.7203445435, -31.2184562683, 16.7444496155, 198.62171936, 17.7718086243, -60.2547531128], [232.619995117, -41.8505554199, -89.2615737915, -25.3361244202, -38.960811615, 22.4645519257, 8.34515953064, 44.1366081238, -14.7299003601, 2.01951360703, 17.7718086243, 82.7374343872, 7.44201993942], [-252.513702393, -9.99358654022, 45.7756385803, 47.8768196106, 78.0893936157, 15.4236488342, -18.6773071289, -38.0234451294, 23.6108150482, -4.68480014801, -60.2547531128, 7.44201993942, 110.421562195]],
        "icov": [[0.00148387206718, -0.00144492089748, 0.00174394552596, -0.00144101830665, 0.00220259302296, -0.000868924311362, 0.00193277583458, -0.00234175682999, 0.0022222395055, -0.00171857012901, 0.0020171480719, -0.00130087381694, 0.00188897247426], [-0.00144492089748, 0.00368710001931, -0.00164012447931, 0.00200392189436, -0.0026788492687, 0.00211558514275, -0.0029084708076, 0.00342514552176, -0.00282273674384, 0.00185260211583, -0.00284524355084, 0.00163210940082, -0.00185348745435], [0.00174394552596, -0.00164012447931, 0.00408971030265, -0.0029049476143, 0.00269634462893, -0.00112512998749, 0.00175998476334, -0.00132168119308, 0.00288241100498, -0.00187594641466, 0.00180047564209, -9.61962941801e-05, 0.00178971537389], [-0.00144101830665, 0.00200392189436, -0.0029049476143, 0.00738377543166, -0.00424014730379, 0.00125981704332, -0.00100272952113, 0.000467963342089, -0.00137344468385, 0.00216988078319, 0.000231072379393, 0.00152767787222, -0.00188816105947], [0.00220259302296, -0.0026788492687, 0.00269634462893, -0.00424014730379, 0.0090389912948, -0.00114721257705, 0.00530767673627, -0.00319801783189, -0.000616920005996, -0.00155576947145, 0.00342173012905, -0.00110323168337, 0.00108704378363], [-0.000868924311362, 0.00211558514275, -0.00112512998749, 0.00125981704332, -0.00114721257705, 0.00890740659088, -0.00490088574588, 0.00209736800753, -0.00138688646257, -0.00317936809734, 0.000808392360341, -0.00108470208943, -0.00173914036714], [0.00193277583458, -0.0029084708076, 0.00175998476334, -0.00100272952113, 0.00530767673627, -0.00490088574588, 0.00982083566487, -0.00551536725834, 0.00257370783947, -0.00254526827484, 0.00175945239607, 0.000536730571184, 0.000820390123408], [-0.00234175682999, 0.00342514552176, -0.00132168119308, 0.000467963342089, -0.00319801783189, 0.00209736800753, -0.00551536725834, 0.0148022100329, -0.00639923848212, 0.00645263772458, -0.0045857867226, -0.00276151136495, 0.000758523703553], [0.0022222395055, -0.00282273674384, 0.00288241100498, -0.00137344468385, -0.000616920005996, -0.00138688646257, 0.00257370783947, -0.00639923848212, 0.0184307731688, -0.00620884355158, 0.00375474127941, 0.000800764362793, 0.000879286089912], [-0.00171857012901, 0.00185260211583, -0.00187594641466, 0.00216988078319, -0.00155576947145, -0.00317936809734, -0.00254526827484, 0.00645263772458, -0.00620884355158, 0.0137004442513, -0.00307947234251, 0.000612599076703, -0.000402598350774], [0.0020171480719, -0.00284524355084, 0.00180047564209, 0.000231072379393, 0.00342173012905, 0.000808392360341, 0.00175945239607, -0.0045857867226, 0.00375474127941, -0.00307947234251, 0.0118449898437, -0.00372984586284, 0.00547594996169], [-0.00130087381694, 0.00163210940082, -9.61962941801e-05, 0.00152767787222, -0.00110323168337, -0.00108470208943, 0.000536730571184, -0.00276151136495, 0.000800764362793, 0.000612599076703, -0.00372984586284, 0.0196755174547, -0.00688465917483], [0.00188897247426, -0.00185348745435, 0.00178971537389, -0.00188816105947, 0.00108704378363, -0.00173914036714, 0.000820390123408, 0.000758523703553, 0.000879286089912, -0.000402598350774, 0.00547594996169, -0.00688465917483, 0.0164060797542]]
    },
    "spectral_contrast_coeffs": {
        "max": [-0.403535991907, -0.402508080006, -0.447946608067, -0.533417403698, -0.513470113277, -0.534420490265],
        "mean": [-0.668724954128, -0.737648308277, -0.757683873177, -0.74679595232, -0.705669105053, -0.706976354122],
        "min": [-0.991927683353, -0.953122973442, -0.941274166107, -0.946657836437, -0.963092088699, -0.945715665817],
        "stdev": [0.0862157791853, 0.107241049409, 0.0801313072443, 0.072735093534, 0.0871980190277, 0.0511034317315]
    },
    "spectral_contrast_valleys": {
        "max": [-6.5385389328, -5.43602848053, -6.06697654724, -6.43510818481, -6.73559951782, -9.78839969635],
        "mean": [-8.93815135956, -7.72127485275, -8.39444255829, -8.37224292755, -8.7032327652, -12.8028039932],
        "min": [-16.1843833923, -17.7637062073, -18.5204277039, -18.8565788269, -17.7094783783, -19.0687980652],
        "stdev": [0.750529229641, 0.774042367935, 0.939029872417, 0.857480049133, 0.746269464493, 0.384185314178]
    }
},
"rhythm": {
    "beats_count": 66,
    "beats_loudness": {
        "max": 0.0553115047514,
        "mean": 0.0100381691009,
        "min": 0.000237980828388,
        "stdev": 0.0116913150996
    },
    "bpm": 128.496887207,
    "bpm_histogram_first_peak_bpm": 129,
    "bpm_histogram_first_peak_weight": 0.538461565971,
    "bpm_histogram_second_peak_bpm": 112,
    "bpm_histogram_second_peak_spread": 0.466666698456,
    "bpm_histogram_second_peak_weight": 0.123076923192,
    "danceability": 0.836719691753,
    "onset_rate": 2.51745176315,
    "beats_loudness_band_ratio": {
        "max": [0.293226033449, 0.643672823906, 0.90684992075, 0.684284031391, 0.905622839928, 0.42154404521],
        "mean": [0.0330702587962, 0.16929230094, 0.234046727419, 0.168190702796, 0.388915389776, 0.0279461145401],
        "min": [0.000123039368191, 0.00595205184072, 0.00661957589909, 0.00180759921204, 0.0148263806477, 0.000646755797789],
        "stdev": [0.0514610335231, 0.167939960957, 0.225886002183, 0.172534063458, 0.265016049147, 0.0555565282702]
    },
