{
"metadata": {
    "version": {
        "essentia": "2.1-beta5",
        "essentia_git_sha": "Undefined",
        "extractor": "music 2.0"
    },
    "audio_properties": {
        "analysis": {
            "equal_loudness": 0,
            "length": 12.7477550507,
            "sample_rate": 44100,
            "start_time": 0,
            "downmix": "mix"
        },
        "bit_rate": 192000,
        "length": 187.361831665,
        "lossless": 0,
        "number_channels": 2,
        "replay_gain": -3.33209991455,
        "sample_rate": 48000,
        "codec": "mp3",
        "md5_encoded": "ae5bdd2fefff27bdf8cf7533102d3041"
    },
    "tags": {
        "file_name": "Switzerland_Nous Aurons Demain_Franca di Rienzo.mp3",
        "encoding": ["Lavf58.29.100"]
    }
},
"lowlevel": {
    "average_loudness": 0.659305870533,
    "barkbands_crest": {
        "max": 25.3609828949,
        "mean": 8.4279499054,
        "min": 3.14363503456,
        "stdev": 4.36626291275
    },
    "barkbands_flatness_db": {
        "max": 0.403492927551,
        "mean": 0.179997190833,
        "min": 0.0672740191221,
        "stdev": 0.0605442337692
    },
    "barkbands_kurtosis": {
        "max": 169.587646484,
        "mean": 3.6121006012,
        "min": -1.78961515427,
        "stdev": 14.3964338303
    },
    "barkbands_skewness": {
        "max": 11.3966369629,
        "mean": 0.525970339775,
        "min": -1.98425114155,
        "stdev": 1.51262390614
    },
    "barkbands_spread": {
        "max": 67.773399353,
        "mean": 15.6310386658,
        "min": 1.11773955822,
        "stdev": 7.87685823441
    },
    "dissonance": {
        "max": 0.499999940395,
        "mean": 0.46292412281,
        "min": 0.128547698259,
        "stdev": 0.059080556035
    },
    "dynamic_complexity": 6.18833780289,
    "erbbands_crest": {
        "max": 30.7522506714,
        "mean": 10.0012598038,
        "min": 2.6403465271,
        "stdev": 4.94534158707
    },
    "erbbands_flatness_db": {
        "max": 0.411489635706,
        "mean": 0.249094069004,
        "min": 0.0986287891865,
        "stdev": 0.0473163798451
    },
    "erbbands_kurtosis": {
        "max": 48.2680473328,
        "mean": 1.88898944855,
        "min": -1.81071591377,
        "stdev": 5.21589851379
    },
    "erbbands_skewness": {
        "max": 3.4097468853,
        "mean": 0.3143004179,
        "min": -1.32894229889,
        "stdev": 0.692109525204
    },
    "erbbands_spread": {
        "max": 114.275810242,
        "mean": 20.9056873322,
        "min": 2.06639647484,
        "stdev": 14.4142398834
    },
    "hfc": {
        "max": 167.592803955,
        "mean": 15.9445524216,
        "min": 0.0109484298155,
        "stdev": 21.2960014343
    },
    "loudness_ebu128": {
        "integrated": -22.1970310211,
        "loudness_range": 12.4998073578,
        "momentary": {
            "max": -16.6194801331,
            "mean": -26.1508998871,
            "min": -46.4674835205,
            "stdev": 6.89552688599
        },
        "short_term": {
            "max": -19.2658882141,
            "mean": -23.6947536469,
            "min": -33.6547012329,
            "stdev": 4.60117292404
        }
    },
    "melbands_crest": {
        "max": 26.7658004761,
        "mean": 10.0570402145,
        "min": 3.30133533478,
        "stdev": 5.34733915329
    },
    "melbands_flatness_db": {
        "max": 0.442419201136,
        "mean": 0.168886587024,
        "min": 0.0757493898273,
        "stdev": 0.0840556621552
    },
    "melbands_kurtosis": {
        "max": 355.529144287,
        "mean": 7.03611183167,
        "min": -1.3964407444,
        "stdev": 33.2098007202
    },
    "melbands_skewness": {
        "max": 15.066078186,
        "mean": 0.935201883316,
        "min": -1.37941336632,
        "stdev": 1.90608382225
    },
    "melbands_spread": {
        "max": 76.2722167969,
        "mean": 29.6972732544,
        "min": 0.763312220573,
        "stdev": 15.2896585464
    },
    "pitch_salience": {
        "max": 0.882726609707,
        "mean": 0.622314274311,
        "min": 0.131257981062,
        "stdev": 0.137798801064
    },
    "silence_rate_20dB": {
        "max": 1,
        "mean": 1,
        "min": 1,
        "stdev": 0
    },
    "silence_rate_30dB": {
        "max": 1,
        "mean": 0.996363639832,
        "min": 0,
        "stdev": 0.0601925440133
    },
    "silence_rate_60dB": {
        "max": 1,
        "mean": 0.340000003576,
        "min": 0,
        "stdev": 0.473709255457
    },
    "spectral_centroid": {
        "max": 2870.71289062,
        "mean": 1715.48059082,
        "min": 216.244613647,
        "stdev": 643.342529297
    },
    "spectral_complexity": {
        "max": 48,
        "mean": 15.7600002289,
        "min": 0,
        "stdev": 12.1023139954
    },
    "spectral_decrease": {
        "max": -2.7817067226e-12,
        "mean": -2.94114421706e-09,
        "min": -4.0271427082e-08,
        "stdev": 3.77049502731e-09
    },
    "spectral_energy": {
        "max": 0.160626485944,
        "mean": 0.0125467739999,
        "min": 1.14918611871e-05,
        "stdev": 0.0158768612891
    },
    "spectral_energyband_high": {
        "max": 0.00520377699286,
        "mean": 0.000405903876526,
        "min": 8.11916891053e-07,
        "stdev": 0.000723473494872
    },
    "spectral_energyband_low": {
        "max": 0.00385582935996,
        "mean": 0.000195271975826,
        "min": 3.22005284659e-08,
        "stdev": 0.000355571130058
    },
    "spectral_energyband_middle_high": {
        "max": 0.0790228843689,
        "mean": 0.00681311776862,
        "min": 1.48379456277e-06,
        "stdev": 0.00934980157763
    },
    "spectral_energyband_middle_low": {
        "max": 0.156200870872,
        "mean": 0.00532118789852,
        "min": 1.72595491676e-06,
        "stdev": 0.0110492128879
    },
    "spectral_entropy": {
        "max": 8.29264736176,
        "mean": 7.45150232315,
        "min": 4.98948669434,
        "stdev": 0.6184502244
    },
    "spectral_flux": {
        "max": 0.274423629045,
        "mean": 0.0521216318011,
        "min": 0.00229949341156,
        "stdev": 0.0366191789508
    },
    "spectral_kurtosis": {
        "max": 33.9968185425,
        "mean": 4.92589950562,
        "min": -0.844078540802,
        "stdev": 4.84099006653
    },
    "spectral_rms": {
        "max": 0.0125183369964,
        "mean": 0.00292452354915,
        "min": 0.000105884711957,
        "stdev": 0.00192039425019
    },
    "spectral_rolloff": {
        "max": 6223.09570312,
        "mean": 1998.35888672,
        "min": 86.1328125,
        "stdev": 863.490112305
    },
    "spectral_skewness": {
        "max": 4.72027587891,
        "mean": 1.42230176926,
        "min": -0.157532468438,
        "stdev": 0.708468675613
    },
    "spectral_spread": {
        "max": 8676732,
        "mean": 2987394.5,
        "min": 1825271.875,
        "stdev": 762243.875
    },
    "spectral_strongpeak": {
        "max": 9.14873218536,
        "mean": 1.40972936153,
        "min": 0.00361978053115,
        "stdev": 1.57672202587
    },
    "zerocrossingrate": {
        "max": 0.1845703125,
        "mean": 0.0720250383019,
        "min": 0.00439453125,
        "stdev": 0.0259463377297
    },
    "barkbands": {
        "max": [1.63053609867e-05, 0.00178374350071, 0.00193397863768, 0.00202129385434, 0.02664142102, 0.0215410590172, 0.0196551792324, 0.0621140673757, 0.079858481884, 0.0182362385094, 0.0197056531906, 0.0131804551929, 0.0338392034173, 0.0246162135154, 0.00442199828103, 0.00687675597146, 0.00600247364491, 0.00572988670319, 0.0148788811639, 0.00212871632539, 0.00170845561661, 0.00146145513281, 0.00182347150985, 0.000296157522826, 7.88747684055e-07, 2.27171426559e-07, 2.41207231966e-07],
        "mean": [1.11501685751e-06, 8.32123332657e-05, 8.0535239249e-05, 0.000197628745809, 0.00148460688069, 0.000712396053132, 0.000878165301401, 0.000885110988747, 0.000932486378588, 0.00100155430846, 0.000820383196697, 0.000843455258291, 0.000739817158319, 0.000973538903054, 0.000509715871885, 0.000550160941202, 0.00049624760868, 0.00029524526326, 0.000599326915108, 0.000177348076249, 0.000102355654235, 8.54413301568e-05, 7.95769883553e-05, 1.72396412381e-05, 1.12396705276e-07, 9.00273688931e-10, 9.51138723337e-10],
        "min": [3.61298768681e-09, 8.42100078557e-09, 1.35252484768e-08, 1.4853084096e-08, 1.54934497232e-07, 1.05249782223e-07, 5.72470923998e-08, 4.6330669079e-08, 6.25676221944e-08, 1.85437940559e-08, 8.11569975667e-08, 8.08636215766e-08, 8.5259422633e-08, 1.14249800731e-07, 1.26769563735e-07, 6.65909354325e-08, 6.33807957229e-08, 1.16547539619e-07, 6.00491176783e-08, 1.20299347373e-07, 9.64372830481e-08, 9.3687503977e-08, 1.21691670074e-07, 9.80051737542e-08, 2.20529150496e-09, 4.2564552577e-11, 5.38136583905e-11],
        "stdev": [1.48696574342e-06, 0.000162871234352, 0.000175390028744, 0.00033261597855, 0.00329041760415, 0.00172748288605, 0.00238011730835, 0.00384217896499, 0.00495592085645, 0.00181034987327, 0.00155910197645, 0.00184007291682, 0.00215589697473, 0.00270276330411, 0.000712695880793, 0.00103208131623, 0.000804614392109, 0.000563892652281, 0.00120342487935, 0.00029801268829, 0.000197057932382, 0.000173765962245, 0.000176816058229, 3.55654810846e-05, 4.51674111446e-08, 9.71065272637e-09, 1.03094688342e-08]
    },
    "erbbands": {
        "max": [0.0150145683438, 0.545947790146, 2.50274443626, 2.81271457672, 30.7348442078, 105.513664246, 218.702270508, 102.13419342, 85.5976715088, 624.14239502, 2415.30688477, 1273.70336914, 329.748535156, 743.663330078, 1357.09020996, 600.125793457, 1870.015625, 937.870239258, 959.271179199, 420.974975586, 334.27444458, 236.966949463, 355.593597412, 1023.85455322, 261.202087402, 121.052856445, 88.5660629272, 62.7691307068, 43.1151809692, 73.9689941406, 38.3407783508, 10.6048030853, 2.76556634903, 0.0804457291961, 0.0041994866915, 0.000900268263649, 0.0004220828705, 0.000150403822772, 8.01294809207e-05, 0.000183211377589],
        "mean": [0.000920807244256, 0.0242688246071, 0.10892803967, 0.316849321127, 2.73178386688, 5.38960361481, 4.97080373764, 6.63699293137, 8.20624351501, 22.1407642365, 20.5212726593, 21.5426559448, 17.9227409363, 36.0537033081, 47.4060440063, 30.8190307617, 40.2276115417, 47.2407073975, 37.8840942383, 24.5191249847, 28.3054409027, 23.2643165588, 19.2429714203, 30.0981140137, 19.5185279846, 9.0176153183, 5.53048229218, 4.37886428833, 2.82143354416, 2.78190159798, 2.02935862541, 0.732479274273, 0.123354256153, 0.00569330714643, 0.000603628868703, 5.62637869734e-05, 1.66026020452e-05, 5.87563044974e-06, 8.57662507769e-06, 1.6087815311e-05],
        "min": [2.76990277825e-07, 1.95163897843e-06, 1.23815789266e-05, 3.84930208384e-05, 0.000135013309773, 0.000616022909526, 0.000501210102811, 0.00101537571754, 0.00098771660123, 0.000865969748702, 0.00153501913883, 0.00136802927591, 0.00216812384315, 0.00262183719315, 0.00343528715894, 0.00439925212413, 0.00447976728901, 0.00898053310812, 0.00522256968543, 0.00536978291348, 0.00487686088309, 0.00417516892776, 0.00593722378835, 0.00382533390075, 0.00399068184197, 0.00528161088005, 0.00504300137982, 0.00343950768001, 0.00311602186412, 0.00384060898796, 0.00318554951809, 0.00364641984925, 0.000782332674135, 5.27433803654e-05, 9.25486710912e-06, 6.0434962279e-07, 1.89909016513e-07, 6.76655389498e-08, 3.05384340038e-08, 1.79139458822e-08],
        "stdev": [0.00156830437481, 0.0489553660154, 0.230956703424, 0.463847637177, 3.79766058922, 14.3047437668, 19.6487045288, 11.6067171097, 12.2918891907, 70.8232116699, 138.545120239, 86.7890625, 29.4912223816, 73.6611785889, 102.645996094, 68.8557052612, 117.101997375, 118.833641052, 74.4140167236, 44.1440467834, 45.9811706543, 35.1609230042, 37.0741539001, 68.8412094116, 37.1158370972, 15.8140411377, 9.30489349365, 8.4951505661, 5.73562145233, 6.21944236755, 4.4883389473, 1.47060728073, 0.287856161594, 0.00890233740211, 0.000517094740644, 8.7320288003e-05, 2.92789809464e-05, 1.05283043013e-05, 1.08339245344e-05, 2.01450638997e-05]
    },
    "gfcc": {
        "mean": [-106.127967834, 117.220237732, -198.247940063, 35.2665176392, -77.2817230225, 8.84404373169, -29.8459339142, -19.4833316803, -4.31138181686, -27.378742218, 4.53727197647, -17.8927593231, -0.430142492056],
        "cov": [[9203.15527344, 558.410339355, -1714.20996094, 196.683151245, -438.437774658, -1157.30187988, 386.462310791, -796.697998047, -91.0014724731, -805.891296387, 88.6697998047, 67.1330947876, -367.715423584], [558.410339355, 695.967651367, 474.319091797, -196.390075684, -181.503143311, -375.506164551, -44.072845459, -51.1852836609, -122.9920578, -168.402954102, 33.7274169922, -89.7127914429, -16.8153038025], [-1714.20996094, 474.319091797, 1332.83093262, -79.5303192139, -175.522949219, -55.681640625, -124.649475098, 187.758499146, -77.6394042969, 51.0732841492, 35.203163147, -60.1146278381, 35.6279449463], [196.683151245, -196.390075684, -79.5303192139, 433.082885742, 242.342926025, 182.470016479, 62.972869873, 32.9733924866, 27.63322258, 50.4177093506, -31.2852020264, 21.4929428101, -31.4002304077], [-438.437774658, -181.503143311, -175.522949219, 242.342926025, 353.335083008, 267.121124268, 23.6597270966, 70.1615142822, 31.0679531097, 108.336296082, -38.3911399841, -13.3599281311, 17.178571701], [-1157.30187988, -375.506164551, -55.681640625, 182.470016479, 267.121124268, 481.519195557, 17.4916191101, 123.270332336, 85.961227417, 207.183380127, -26.4264545441, 3.53500032425, 42.4099998474], [386.462310791, -44.072845459, -124.649475098, 62.972869873, 23.6597270966, 17.4916191101, 125.270294189, 11.0918102264, 14.5082931519, -13.0448436737, 20.726644516, 43.3000946045, -6.87709188461], [-796.697998047, -51.1852836609, 187.758499146, 32.9733924866, 70.1615142822, 123.270332336, 11.0918102264, 138.116943359, 24.643655777, 80.5919876099, 6.05098772049, 4.95663833618, 29.7726078033], [-91.0014724731, -122.9920578, -77.6394042969, 27.63322258, 31.0679531097, 85.961227417, 14.5082931519, 24.643655777, 90.9115753174, 61.5115776062, -3.76671457291, 12.6491336823, -0.851082086563], [-805.891296387, -168.402954102, 51.0732841492, 50.4177093506, 108.336296082, 207.183380127, -13.0448436737, 80.5919876099, 61.5115776062, 162.404830933, 2.94458866119, -2.16109371185, 20.4383201599], [88.6697998047, 33.7274169922, 35.203163147, -31.2852020264, -38.3911399841, -26.4264545441, 20.726644516, 6.05098772049, -3.76671457291, 2.94458866119, 55.6563072205, 21.9229736328, -6.52643680573], [67.1330947876, -89.7127914429, -60.1146278381, 21.4929428101, -13.3599281311, 3.53500032425, 43.3000946045, 4.95663833618, 12.6491336823, -2.16109371185, 21.9229736328, 89.967376709, 20.1872196198], [-367.715423584, -16.8153038025, 35.6279449463, -31.4002304077, 17.178571701, 42.4099998474, -6.87709188461, 29.7726078033, -0.851082086563, 20.4383201599, -6.52643680573, 20.1872196198, 56.3020782471]],
        "icov": [[0.00105429929681, -0.00119767151773, 0.00115283858031, -0.00158251239918, 0.000902104715351, 0.000402223173296, -0.00143830908928, 0.00249651353806, -0.00171247613616, 0.00209509860724, -0.0015426997561, 9.3691109214e-05, 0.00184303463902], [-0.00119767151773, 0.0107314903289, -0.00572500005364, 0.00464588217437, -0.00715179136023, 0.00560395419598, -0.00281853461638, 0.00226604682393, 0.00075740693137, 0.00256431545131, -0.00428340118378, 0.00910341460258, -0.00666487822309], [0.00115283858031, -0.00572500005364, 0.00521770585328, -0.00432625133544, 0.00606121635064, -0.0020852915477, 0.00216577481478, -0.00311401975341, 0.000538973719813, -0.000803190632723, 0.000141873766552, -0.00274959602393, 0.00303959636949], [-0.00158251239918, 0.00464588217437, -0.00432625133544, 0.0094259288162, -0.00793574471027, 0.000258637679508, -0.00117603689432, -0.00058407796314, 0.00178477365989, -0.000567069626413, 0.00407972559333, -0.00180429953616, 0.00279094534926], [0.000902104715351, -0.00715179136023, 0.00606121635064, -0.00793574471027, 0.0148572390899, -0.00546548608691, 0.00253274547867, -0.005138754379, 0.00280522112735, -0.00376445334405, 0.00297972536646, -0.00168894720264, 0.000464836106403], [0.000402223173296, 0.00560395419598, -0.0020852915477, 0.000258637679508, -0.00546548608691, 0.011167075485, -0.00437636533752, 0.00318258837797, -0.00205021188594, -0.00260525289923, -0.00292872916907, 0.00656956108287, -0.00497740926221], [-0.00143830908928, -0.00281853461638, 0.00216577481478, -0.00117603689432, 0.00253274547867, -0.00437636533752, 0.0178297832608, -0.0106914993376, 0.00182379141916, -0.000675167073496, -0.000446512742201, -0.00787228159606, 0.00113685859833], [0.00249651353806, 0.00226604682393, -0.00311401975341, -0.00058407796314, -0.005138754379, 0.00318258837797, -0.0106914993376, 0.0268501173705, -0.00775873474777, 0.0044754203409, -0.00753836007789, 0.00472138635814, -0.00201570731588], [-0.00171247613616, 0.00075740693137, 0.000538973719813, 0.00178477365989, 0.00280522112735, -0.00205021188594, 0.00182379141916, -0.00775873474777, 0.0224514845759, -0.0126374606043, 0.00797876995057, -0.00382453738712, 0.00193328759633], [0.00209509860724, 0.00256431545131, -0.000803190632723, -0.000567069626413, -0.00376445334405, -0.00260525289923, -0.000675167073496, 0.0044754203409, -0.0126374606043, 0.0281253941357, -0.0131413452327, 0.00555783230811, 0.00138616003096], [-0.0015426997561, -0.00428340118378, 0.000141873766552, 0.00407972559333, 0.00297972536646, -0.00292872916907, -0.000446512742201, -0.00753836007789, 0.00797876995057, -0.0131413452327, 0.0353357568383, -0.0152167445049, 0.0105024948716], [9.3691109214e-05, 0.00910341460258, -0.00274959602393, -0.00180429953616, -0.00168894720264, 0.00656956108287, -0.00787228159606, 0.00472138635814, -0.00382453738712, 0.00555783230811, -0.0152167445049, 0.0302712786943, -0.0185201726854], [0.00184303463902, -0.00666487822309, 0.00303959636949, 0.00279094534926, 0.000464836106403, -0.00497740926221, 0.00113685859833, -0.00201570731588, 0.00193328759633, 0.00138616003096, 0.0105024948716, -0.0185201726854, 0.0396370664239]]
    },
    "melbands": {
        "max": [0.00028973253211, 0.0010705627501, 0.00143439508975, 0.00330612855032, 0.00580608937889, 0.0024835569784, 0.00164253544062, 0.0063086040318, 0.0247955154628, 0.00688674207777, 0.00156494986732, 0.00319841061719, 0.00336805102415, 0.00240810634568, 0.00190177629702, 0.00359401968308, 0.00209080474451, 0.00216078059748, 0.000342057173839, 0.000498848385178, 0.000320690131048, 0.000272034463705, 0.000681517471094, 0.000140009826282, 0.00105581153184, 0.000282954715658, 9.0765322966e-05, 9.5830328064e-05, 4.01678189519e-05, 5.96656864218e-05, 3.57639437425e-05, 3.15583274642e-05, 2.54858641711e-05, 4.59887196484e-05, 2.36623600358e-05, 1.79108119482e-05, 6.19528555035e-06, 2.85198711936e-06, 6.56982663827e-08, 4.67966998485e-09],
        "mean": [1.51550111696e-05, 4.67584177386e-05, 0.000126757862745, 0.00029820567579, 0.000203824718483, 0.000146321224747, 0.000138520248584, 0.000228218385018, 0.00018618402828, 0.000120614466141, 8.4960644017e-05, 0.000144618505146, 0.000131804481498, 0.000110234541353, 7.66697485233e-05, 7.03408659319e-05, 9.72575508058e-05, 6.5189335146e-05, 3.26791050611e-05, 4.34146677435e-05, 2.9951786928e-05, 2.33042355831e-05, 2.96528869512e-05, 9.29184534471e-06, 2.7517133276e-05, 1.64046487043e-05, 7.16675685908e-06, 6.13990641796e-06, 3.95236338591e-06, 2.6479178814e-06, 2.66343090516e-06, 1.8034426148e-06, 1.22310075312e-06, 1.64948983183e-06, 1.28172860059e-06, 6.89895784944e-07, 3.61879386901e-07, 1.04300838188e-07, 3.94310939456e-09, 1.55475621266e-09],
        "min": [2.65013544443e-09, 5.33351895982e-09, 8.52179926625e-09, 2.51952680941e-08, 2.84274381812e-08, 2.29354650827e-08, 1.45673499929e-08, 1.59858721815e-08, 1.4815589644e-08, 7.57644968985e-09, 9.05595687328e-09, 8.27922175262e-09, 9.54597290104e-09, 8.06452149504e-09, 1.12573461664e-08, 6.63422961011e-09, 1.51607277843e-08, 6.49200071479e-09, 8.88865603343e-09, 4.24497326179e-09, 5.15846609872e-09, 3.47317774541e-09, 5.65893776283e-09, 4.6551877908e-09, 2.46929587888e-09, 2.44528575166e-09, 3.2408535855e-09, 3.12465919805e-09, 2.9515654365e-09, 2.32645458453e-09, 1.64002011971e-09, 1.82009807226e-09, 1.6020645921e-09, 2.02402916649e-09, 1.62205715526e-09, 2.366853602e-09, 2.23247176301e-09, 6.88430423779e-10, 4.32908119075e-11, 2.16480219167e-11],
        "stdev": [2.82474884443e-05, 9.63248603512e-05, 0.00018440054555, 0.000495214306284, 0.000742647913285, 0.000268226664048, 0.000247185729677, 0.000707160681486, 0.00138295069337, 0.000460354000097, 0.000145931597217, 0.000308393733576, 0.000259744178038, 0.000236630003201, 0.000185100449016, 0.000216210872168, 0.000258831423707, 0.000155170899234, 4.73525142297e-05, 8.26890027383e-05, 4.77510475321e-05, 3.79583179893e-05, 6.60374789732e-05, 1.55904053827e-05, 6.77869247738e-05, 3.3503267332e-05, 1.34438341775e-05, 1.17531180877e-05, 6.6028155743e-06, 6.35066726318e-06, 5.22849632034e-06, 3.75381569029e-06, 2.77972685581e-06, 3.77219612346e-06, 2.83678900814e-06, 1.51568326601e-06, 7.5244929576e-07, 2.72485721098e-07, 5.73355096734e-09, 5.43131151165e-10]
    },
    "melbands128": {
        "max": [8.12104281067e-06, 5.57601197215e-05, 0.000381932972232, 0.00115136487875, 0.00155673001427, 0.000711691682227, 0.000283366884105, 0.00153726199642, 0.00419863685966, 0.00440525542945, 0.00632023159415, 0.0123395482078, 0.0101585891098, 0.00751984817907, 0.00317737460136, 0.00212722131982, 0.0019158704672, 0.00212264386937, 0.00490407971665, 0.0123345069587, 0.00780499819666, 0.00768649438396, 0.0418956503272, 0.032781869173, 0.00603400822729, 0.00242276117206, 0.00371119799092, 0.00154496671166, 0.000901491614059, 0.00520577793941, 0.00447386922315, 0.00186752446461, 0.0012101867469, 0.00999246072024, 0.00335797923617, 0.00235192314722, 0.00305159715936, 0.00169957068283, 0.00262265559286, 0.00993230845779, 0.00149421696551, 0.000585640780628, 0.00251467060298, 0.00535475322977, 0.00376176065765, 0.00207548681647, 0.000867094262503, 0.00047532087774, 0.000411477638409, 0.00152259157039, 0.000913549214602, 0.00115893944167, 0.000471288396511, 0.000550177122932, 0.000626578170341, 0.000410241336795, 0.000199447255, 0.00114146154374, 0.000842272071168, 0.000232972786762, 0.00017878615472, 0.000123220583191, 0.000662580714561, 0.00212735473178, 0.000718373979907, 0.000303855515085, 0.00045341506484, 0.000246171490289, 4.29356987297e-05, 9.01708262973e-05, 0.000192443912965, 0.000201753544388, 0.000111015127914, 3.51986382157e-05, 0.000117159732326, 8.45750182634e-05, 8.7092310423e-05, 7.23462799215e-05, 4.64753793494e-05, 8.62422384671e-05, 5.27307383891e-05, 3.02082135022e-05, 1.97711542569e-05, 4.95789245178e-05, 2.55171416939e-05, 0.000102951227746, 4.83521944261e-05, 3.03174383589e-05, 2.2156358682e-05, 5.07411496073e-05, 3.39267098752e-05, 9.95518621494e-06, 1.02140729723e-05, 8.32143268781e-06, 6.52927838019e-06, 5.76132242713e-06, 1.87584146261e-06, 1.50713731273e-07, 3.81378058023e-08, 2.04897130374e-08, 7.50532347382e-09, 6.28601171115e-09, 6.743287706e-09, 3.20420023847e-09, 1.55591506346e-09, 1.75163217264e-09, 1.68581815174e-09, 1.61832558465e-09, 1.55542090319e-09, 1.48802048461e-09, 1.43197298463e-09, 1.38986100406e-09, 1.33343858177e-09, 1.29247024194e-09, 1.25632071413e-09, 1.20394394454e-09, 1.15799347888e-09, 1.13766240872e-09, 1.0961659358e-09, 1.06784803222e-09, 1.03877018098e-09, 1.01701980171e-09, 9.97924631818e-10, 9.85367121231e-10, 9.69083702174e-10, 9.55245105239e-10, 9.48170764126e-10, 9.43516598184e-10],
        "mean": [7.41390465464e-07, 3.99712962462e-06, 1.38702853292e-05, 4.94057894684e-05, 6.51014997857e-05, 2.95141235256e-05, 2.64021582552e-05, 0.000138142131618, 0.000306491507217, 0.000297162594507, 0.000309080875013, 0.000295602862025, 0.000145479978528, 0.000131827153382, 0.000158325492521, 0.000151248241309, 0.000129602980451, 9.43163977354e-05, 0.000186776989722, 0.000334573880536, 0.000195880988031, 7.81023190939e-05, 0.000223444920266, 0.000239565531956, 0.00016159369261, 5.75919257244e-05, 5.3048657719e-05, 0.000110134460556, 6.44030660624e-05, 0.000188111327589, 0.000172260886757, 5.5480741139e-05, 8.26978503028e-05, 0.000264374393737, 0.000127680366859, 5.56470622541e-05, 8.80186635186e-05, 4.43855315098e-05, 9.39726596698e-05, 0.000129453110276, 4.62948228233e-05, 2.05370961339e-05, 8.18332846393e-05, 0.000184046875802, 4.96093707625e-05, 4.55869012512e-05, 7.46966907172e-05, 2.49805270869e-05, 1.72362124431e-05, 3.18211968988e-05, 4.64668446511e-05, 6.54173345538e-05, 1.77443125722e-05, 1.90797127289e-05, 4.32521155744e-05, 1.71138945007e-05, 8.55846883496e-06, 4.75530396216e-05, 3.03160068142e-05, 9.56995063461e-06, 5.58346027901e-06, 6.95491007718e-06, 3.20092076436e-05, 3.5434448364e-05, 1.70747971424e-05, 1.10169658001e-05, 2.49351305683e-05, 7.25675954527e-06, 2.69545262199e-06, 5.2916147979e-06, 5.7524798649e-06, 7.35925186746e-06, 6.69102837492e-06, 2.2666993118e-06, 2.04336220122e-06, 3.52222355104e-06, 2.36590813074e-06, 1.80400502359e-06, 2.81111283584e-06, 3.76358934773e-06, 1.75335082986e-06, 1.22996323171e-06, 9.01911619167e-07, 1.17457545912e-06, 1.42175599649e-06, 2.00722661248e-06, 1.43994191149e-06, 1.62665003245e-06, 1.14759234293e-06, 1.29850434405e-06, 8.59506087636e-07, 4.45686652029e-07, 4.80240316847e-07, 4.22046269932e-07, 2.6266769737e-07, 1.69889958102e-07, 6.65305535108e-08, 7.16527281952e-09, 2.56354715233e-09, 1.96789740059e-09, 1.69423919338e-09, 1.58758117763e-09, 1.2785156267e-09, 8.68528360343e-10, 1.74782813223e-10, 7.46917545175e-12, 7.05862842135e-12, 6.41134194346e-12, 6.1576386351e-12, 5.88218926692e-12, 5.69352334376e-12, 5.51801920129e-12, 5.27982909129e-12, 5.11028806077e-12, 4.96478119033e-12, 4.81579880141e-12, 4.69496446928e-12, 4.50701715532e-12, 4.36824144565e-12, 4.23390532703e-12, 4.12300315417e-12, 4.03846877814e-12, 3.98046482927e-12, 3.90797030153e-12, 3.74038170228e-12, 3.5016677058e-12, 3.37418222703e-12, 3.34211282781e-12],
        "min": [5.15773312948e-10, 2.50101672705e-09, 2.44422260209e-09, 3.218151301e-09, 5.15324583006e-09, 7.136233382e-09, 7.54765761002e-09, 7.38183381088e-09, 1.12805125241e-08, 2.24661782511e-08, 2.61747032937e-08, 2.68786948254e-08, 4.3967882668e-09, 8.08680766795e-09, 1.39439375602e-08, 4.91439555717e-09, 7.76953168469e-09, 5.68544900048e-09, 3.180611996e-09, 2.13853024178e-09, 7.73115971242e-09, 3.40853367753e-09, 1.37227411656e-08, 3.52107543122e-09, 4.87386930814e-09, 5.0265631657e-09, 9.28226384644e-09, 4.02006250511e-09, 2.62675770024e-09, 1.68409164392e-09, 2.95238344883e-09, 6.41113251376e-09, 5.59019674995e-09, 7.31468707826e-09, 3.11781800377e-09, 3.14801296142e-09, 2.95361424207e-09, 8.51911874378e-09, 6.14436324042e-09, 4.95516250254e-09, 4.96799357208e-09, 3.14354231534e-09, 6.29943430752e-09, 8.36663716086e-09, 2.42625119995e-09, 3.23082671727e-09, 6.75631328662e-09, 3.6845309026e-09, 3.90711196729e-09, 3.85333009945e-09, 3.72133257542e-09, 3.35162253506e-09, 3.04431346798e-09, 3.3908869046e-09, 1.67007585539e-09, 2.56850274383e-09, 1.63471514103e-09, 2.73264344486e-09, 3.08242542602e-09, 3.64005758868e-09, 2.14804196652e-09, 4.06092892646e-09, 2.53024401431e-09, 1.31900845801e-09, 1.02514796652e-09, 1.75880210396e-09, 2.81646062028e-09, 1.43952783027e-09, 1.90643234532e-09, 2.86432633168e-09, 2.33663954852e-09, 1.7338130931e-09, 1.84327064723e-09, 1.88494797548e-09, 2.12249351428e-09, 1.34823863185e-09, 1.7023753518e-09, 7.90026044584e-10, 9.8799646242e-10, 8.10091438375e-10, 1.47898326919e-09, 1.40134592819e-09, 8.16613276999e-10, 1.54050017187e-09, 1.09874254139e-09, 1.45215484082e-09, 1.53022949867e-09, 1.1091322305e-09, 8.1689538467e-10, 9.44691103122e-10, 1.59463253713e-09, 1.52337553683e-09, 1.82289416895e-09, 2.84688272956e-09, 9.38507160875e-10, 6.62892740699e-10, 2.43871506322e-10, 3.70493288826e-11, 2.89720782087e-11, 6.507332867e-11, 1.74777258638e-11, 2.13046663644e-11, 8.73277925667e-12, 2.15652738722e-11, 8.14207121863e-12, 3.11455505483e-13, 1.54225915892e-13, 1.53564037571e-13, 1.66647891233e-13, 1.69264450546e-13, 2.31076307177e-13, 2.07656537365e-13, 1.93109105638e-13, 1.63695581612e-13, 1.76644086186e-13, 2.52168430451e-13, 1.54508350558e-13, 2.81809704695e-13, 1.66939080832e-13, 1.44199620777e-13, 2.05684590453e-13, 2.36882480862e-13, 2.29329413532e-13, 1.93100567546e-13, 1.20151623568e-13, 3.98359696738e-14, 6.87771440819e-15, 3.4449531414e-16],
        "stdev": [9.41182520364e-07, 6.08884329267e-06, 3.22996747855e-05, 0.000102896097815, 0.000143345750985, 6.27131448709e-05, 4.28318162449e-05, 0.000237818501773, 0.000495398009662, 0.000434532325016, 0.00096281117294, 0.00139327300712, 0.000775328022428, 0.000654271279927, 0.000337986217346, 0.000234225750319, 0.000221862152102, 0.000211689111893, 0.000648313842248, 0.00128676567692, 0.000649986497592, 0.000376020965632, 0.00229722936638, 0.00198325444944, 0.000509448116645, 0.000183586205821, 0.000206692348002, 0.000211578197195, 0.000112398403871, 0.000431638851296, 0.000445972284069, 0.000153620174387, 0.00014157370606, 0.000726988422684, 0.000319760845741, 0.000196308930754, 0.00027636368759, 0.000142243719893, 0.000260482775047, 0.000529994489625, 0.000144091740367, 3.99119344365e-05, 0.000241646528593, 0.000549729447812, 0.000244825670961, 0.000121426404803, 0.000127607781906, 4.6823581215e-05, 3.41080922226e-05, 0.000120452612464, 9.643012163e-05, 0.000153576533194, 3.90455788875e-05, 4.14761670982e-05, 8.31729557831e-05, 3.93944428652e-05, 1.6637828594e-05, 0.000117684845463, 7.51419720473e-05, 2.23296883632e-05, 1.19940004879e-05, 1.31591477839e-05, 6.05588502367e-05, 0.00011597561388, 6.75714472891e-05, 2.64050941041e-05, 6.0370828578e-05, 1.86462657439e-05, 5.1912707022e-06, 1.1206322597e-05, 1.71856700035e-05, 1.75574732566e-05, 1.378431989e-05, 4.0188742787e-06, 6.79116556057e-06, 8.98467442312e-06, 7.15541546015e-06, 5.10348991156e-06, 5.89942010265e-06, 8.560608876e-06, 4.65477569378e-06, 3.13996997647e-06, 2.12692862078e-06, 3.77133710572e-06, 3.22613573189e-06, 5.93680579186e-06, 3.65342111763e-06, 3.82791358788e-06, 2.45307910518e-06, 3.90501600123e-06, 2.09615382118e-06, 1.01468344837e-06, 1.07142420802e-06, 9.37354286634e-07, 6.1359673964e-07, 4.83782059746e-07, 1.93525508507e-07, 1.37992524074e-08, 2.78569811663e-09, 1.24737498108e-09, 8.21845591581e-10, 7.57167717413e-10, 6.54342247053e-10, 4.46327641512e-10, 1.46967757408e-10, 7.49003498113e-11, 7.21148557536e-11, 6.91915413853e-11, 6.64951496643e-11, 6.36150229716e-11, 6.12140130252e-11, 5.94069238247e-11, 5.69986037535e-11, 5.52426819567e-11, 5.36924914252e-11, 5.14550797803e-11, 4.94907656523e-11, 4.86209857098e-11, 4.68516163366e-11, 4.5641063845e-11, 4.43990851029e-11, 4.34681561579e-11, 4.265091752e-11, 4.21136216178e-11, 4.14219561429e-11, 4.08394359996e-11, 4.05405951864e-11, 4.03419207762e-11]
    },
    "mfcc": {
        "mean": [-712.397033691, 119.949699402, -50.5919723511, 11.1168851852, -20.4484844208, 12.5683803558, -17.5624904633, 10.3842926025, -18.664691925, 7.63654470444, -14.7689847946, -0.876121819019, -8.60542201996],
        "cov": [[10420.1933594, 83.4430084229, -1884.78295898, 909.007507324, -1213.5411377, 137.525512695, -623.06829834, 463.187988281, -866.11895752, -110.45652771, -646.503662109, 39.0679855347, -295.832275391], [83.4430084229, 843.156616211, 512.486877441, 28.2854957581, -135.806518555, -381.087097168, -25.657585144, -84.0781707764, -161.811889648, -49.8194122314, -73.4807052612, -159.366271973, -88.4559249878], [-1884.78295898, 512.486877441, 1164.76513672, 2.88712072372, 87.6456832886, -278.4324646, 68.8421936035, -76.5596008301, 9.28068447113, -8.65942382812, 75.1603012085, -73.1173019409, 14.1475734711], [909.007507324, 28.2854957581, 2.88712072372, 358.015075684, -18.4931850433, 18.5636539459, 2.46677923203, 83.4900665283, -57.7191200256, -23.4502620697, -56.1893043518, 12.4037923813, -12.6744422913], [-1213.5411377, -135.806518555, 87.6456832886, -18.4931850433, 370.006134033, 143.113372803, 138.859649658, -47.2493782043, 172.047866821, 68.6018295288, 97.4985656738, 32.6652679443, 28.1765193939], [137.525512695, -381.087097168, -278.4324646, 18.5636539459, 143.113372803, 316.080505371, 60.3790397644, 44.6788368225, 98.258605957, 64.6639175415, 46.5590934753, 90.7707748413, 30.0830516815], [-623.06829834, -25.657585144, 68.8421936035, 2.46677923203, 138.859649658, 60.3790397644, 168.152099609, 11.5993299484, 73.6874237061, 33.3896789551, 53.5682678223, 3.26787662506, 31.0493717194], [463.187988281, -84.0781707764, -76.5596008301, 83.4900665283, -47.2493782043, 44.6788368225, 11.5993299484, 109.092803955, -4.03344583511, -7.12569046021, -26.9992847443, 23.4782619476, 25.1767177582], [-866.11895752, -161.811889648, 9.28068447113, -57.7191200256, 172.047866821, 98.258605957, 73.6874237061, -4.03344583511, 180.83921814, 35.7262611389, 63.7601661682, 37.2548828125, 57.5667266846], [-110.45652771, -49.8194122314, -8.65942382812, -23.4502620697, 68.6018295288, 64.6639175415, 33.3896789551, -7.12569046021, 35.7262611389, 99.222114563, 45.3422927856, 12.2764444351, -13.3982982635], [-646.503662109, -73.4807052612, 75.1603012085, -56.1893043518, 97.4985656738, 46.5590934753, 53.5682678223, -26.9992847443, 63.7601661682, 45.3422927856, 134.53364563, 30.5929431915, 11.7616291046], [39.0679855347, -159.366271973, -73.1173019409, 12.4037923813, 32.6652679443, 90.7707748413, 3.26787662506, 23.4782619476, 37.2548828125, 12.2764444351, 30.5929431915, 105.896774292, 55.3824615479], [-295.832275391, -88.4559249878, 14.1475734711, -12.6744422913, 28.1765193939, 30.0830516815, 31.0493717194, 25.1767177582, 57.5667266846, -13.3982982635, 11.7616291046, 55.3824615479, 112.503967285]],
        "icov": [[0.00224526459351, -0.0026570642367, 0.0028886529617, -0.00321856932715, 0.00301423738711, -0.00357497739606, 0.0034159081988, -0.0039278534241, 0.00446992414072, -0.00279867113568, 0.00250312662683, -0.00229847454466, 0.00147559051402], [-0.0026570642367, 0.00702289817855, -0.00425065588206, 0.00336645706557, -0.00342551805079, 0.00735353399068, -0.00550067517906, 0.00627500796691, -0.00392109714448, 0.00235777790658, -0.00147876306437, 0.00379330315627, -0.000971414847299], [0.0028886529617, -0.00425065588206, 0.00532484380528, -0.00438627321273, 0.0032006832771, -0.00353574333712, 0.00443035690114, -0.00525777693838, 0.00557768857107, -0.00367978028953, 0.00199529272504, -0.00289296545088, 0.00111097493209], [-0.00321856932715, 0.00336645706557, -0.00438627321273, 0.00894758570939, -0.0059564630501, 0.00469713751227, -0.00475763389841, 0.00168557825964, -0.00446520512924, 0.00497976830229, -0.00243931706063, 0.00193214113824, -0.000903516542166], [0.00301423738711, -0.00342551805079, 0.0032006832771, -0.0059564630501, 0.0127903232351, -0.00713004264981, 0.000632001901977, 0.000258851825492, 0.00013129938452, -0.00454590143636, 0.00331103149801, -0.00353117845953, 0.00341363390908], [-0.00357497739606, 0.00735353399068, -0.00353574333712, 0.00469713751227, -0.00713004264981, 0.0165799632668, -0.00732363201678, 0.00484377611428, -0.00715214712545, 0.00136891554575, -0.00292436988093, -0.000195705841179, -0.000130712767714], [0.0034159081988, -0.00550067517906, 0.00443035690114, -0.00475763389841, 0.000632001901977, -0.00732363201678, 0.0167652517557, -0.0101862205192, 0.0071535166353, -0.00485028559342, 0.000547910865862, 0.00061616289895, -0.00158176582772], [-0.0039278534241, 0.00627500796691, -0.00525777693838, 0.00168557825964, 0.000258851825492, 0.00484377611428, -0.0101862205192, 0.0246731601655, -0.0100228795782, 0.00385668105446, -0.00163907255046, 0.00366649427451, -0.00465958798304], [0.00446992414072, -0.00392109714448, 0.00557768857107, -0.00446520512924, 0.00013129938452, -0.00715214712545, 0.0071535166353, -0.0100228795782, 0.0235708970577, -0.00625552749261, 0.00357882562093, -0.0024520624429, -0.00235827825963], [-0.00279867113568, 0.00235777790658, -0.00367978028953, 0.00497976830229, -0.00454590143636, 0.00136891554575, -0.00485028559342, 0.00385668105446, -0.00625552749261, 0.0183127354831, -0.00630258070305, 0.00189982820302, 0.00187180412468], [0.00250312662683, -0.00147876306437, 0.00199529272504, -0.00243931706063, 0.00331103149801, -0.00292436988093, 0.000547910865862, -0.00163907255046, 0.00357882562093, -0.00630258070305, 0.0162586532533, -0.00712038343772, 0.00428554276004], [-0.00229847454466, 0.00379330315627, -0.00289296545088, 0.00193214113824, -0.00353117845953, -0.000195705841179, 0.00061616289895, 0.00366649427451, -0.0024520624429, 0.00189982820302, -0.00712038343772, 0.0229773335159, -0.0116195539013], [0.00147559051402, -0.000971414847299, 0.00111097493209, -0.000903516542166, 0.00341363390908, -0.000130712767714, -0.00158176582772, -0.00465958798304, -0.00235827825963, 0.00187180412468, 0.00428554276004, -0.0116195539013, 0.0191242713481]]
    },
    "spectral_contrast_coeffs": {
        "max": [-0.332371473312, -0.406534194946, -0.563329041004, -0.63355243206, -0.643709421158, -0.52250546217],
        "mean": [-0.687505841255, -0.781816780567, -0.769765555859, -0.788144111633, -0.78689289093, -0.696006953716],
        "min": [-0.920841574669, -0.947059571743, -0.926601231098, -0.911281824112, -0.903366684914, -0.874060750008],
        "stdev": [0.117405325174, 0.103339798748, 0.0775019153953, 0.0607973299921, 0.0560561940074, 0.0826091617346]
    },
    "spectral_contrast_valleys": {
        "max": [-6.09266281128, -5.13422346115, -5.61815166473, -5.84486579895, -5.98965406418, -10.4367647171],
        "mean": [-8.40995693207, -7.3028011322, -7.51490497589, -7.71295881271, -8.01982307434, -11.8377304077],
        "min": [-11.5898675919, -10.7268867493, -10.9377155304, -10.6636638641, -10.6264019012, -13.5920095444],
        "stdev": [0.935821950436, 1.03429400921, 1.03086006641, 1.04822468758, 1.08863115311, 0.402465343475]
    }
},
"rhythm": {
    "beats_count": 21,
    "beats_loudness": {
        "max": 0.0763010084629,
        "mean": 0.0209092162549,
        "min": 0.000416557944845,
        "stdev": 0.0221710316837
    },
    "bpm": 104.225540161,
    "bpm_histogram_first_peak_bpm": 105,
    "bpm_histogram_first_peak_weight": 0.533333420753,
    "bpm_histogram_second_peak_bpm": 99,
    "bpm_histogram_second_peak_spread": 0,
    "bpm_histogram_second_peak_weight": 0.25,
    "danceability": 0.817578911781,
    "onset_rate": 1.95934510231,
    "beats_loudness_band_ratio": {
        "max": [0.989573061466, 0.364949941635, 0.806219637394, 0.485516518354, 0.5373929739, 0.182999774814],
        "mean": [0.115017153323, 0.128369987011, 0.209603607655, 0.319470137358, 0.253375947475, 0.0604275166988],
        "min": [0.000369747751392, 0.00333985546604, 0.00164454453625, 0.00186345784459, 0.000354375137249, 0.000416972092353],
        "stdev": [0.204937189817, 0.102794088423, 0.212451159954, 0.142386868596, 0.168392539024, 0.0501002781093]
    },
    "beats_position": [0.557278871536, 1.13777780533, 1.70666658878, 2.27555561066, 2.8444442749, 3.41333317757, 3.99383211136, 4.5627207756, 5.13160991669, 5.6888885498, 6.26938772202, 6.84988641739, 7.41877555847, 8.01088428497, 8.60299301147, 9.21832180023, 9.81043052673, 10.4141492844, 11.017868042, 11.6215867996, 12.2253055573],
