{
"metadata": {
    "version": {
        "essentia": "2.1-beta5",
        "essentia_git_sha": "Undefined",
        "extractor": "music 2.0"
    },
    "audio_properties": {
        "analysis": {
            "equal_loudness": 0,
            "length": 12.7477550507,
            "sample_rate": 44100,
            "start_time": 0,
            "downmix": "mix"
        },
        "bit_rate": 192000,
        "length": 202.605728149,
        "lossless": 0,
        "number_channels": 2,
        "replay_gain": -3.29018974304,
        "sample_rate": 48000,
        "codec": "mp3",
        "md5_encoded": "c5b84bcefb6a0147af6c12ef26aea9e0"
    },
    "tags": {
        "file_name": "Finland_Valoa Ikkunassa_Laila Kinnunen.mp3",
        "encoding": ["Lavf58.29.100"]
    }
},
"lowlevel": {
    "average_loudness": 0.352900981903,
    "barkbands_crest": {
        "max": 25.0574378967,
        "mean": 8.6741437912,
        "min": 3.12871551514,
        "stdev": 4.46482372284
    },
    "barkbands_flatness_db": {
        "max": 0.307307511568,
        "mean": 0.175426051021,
        "min": 0.0690339133143,
        "stdev": 0.0432611741126
    },
    "barkbands_kurtosis": {
        "max": 36.1807785034,
        "mean": 1.11822211742,
        "min": -1.45276355743,
        "stdev": 3.94371938705
    },
    "barkbands_skewness": {
        "max": 5.44863510132,
        "mean": 0.14701294899,
        "min": -3.33030939102,
        "stdev": 1.04987335205
    },
    "barkbands_spread": {
        "max": 38.5730247498,
        "mean": 15.9288244247,
        "min": 2.77611207962,
        "stdev": 6.80498409271
    },
    "dissonance": {
        "max": 0.500000059605,
        "mean": 0.474241167307,
        "min": 0.286556094885,
        "stdev": 0.0227996520698
    },
    "dynamic_complexity": 9.92973804474,
    "erbbands_crest": {
        "max": 33.0757904053,
        "mean": 11.1935968399,
        "min": 2.79871821404,
        "stdev": 6.23953771591
    },
    "erbbands_flatness_db": {
        "max": 0.39835652709,
        "mean": 0.253713905811,
        "min": 0.109261378646,
        "stdev": 0.0594779588282
    },
    "erbbands_kurtosis": {
        "max": 23.6914081573,
        "mean": 0.944078505039,
        "min": -1.49780845642,
        "stdev": 2.27409720421
    },
    "erbbands_skewness": {
        "max": 2.18123054504,
        "mean": -0.01868776232,
        "min": -0.988971710205,
        "stdev": 0.444884508848
    },
    "erbbands_spread": {
        "max": 59.8622703552,
        "mean": 20.0904369354,
        "min": 1.91089487076,
        "stdev": 12.5485029221
    },
    "hfc": {
        "max": 126.073768616,
        "mean": 14.8287172318,
        "min": 0.00210718181916,
        "stdev": 19.330324173
    },
    "loudness_ebu128": {
        "integrated": -21.1192207336,
        "loudness_range": 21.4661216736,
        "momentary": {
            "max": -16.6228427887,
            "mean": -30.0134124756,
            "min": -53.2354125977,
            "stdev": 10.7094430923
        },
        "short_term": {
            "max": -18.6066703796,
            "mean": -28.0781517029,
            "min": -41.3938903809,
            "stdev": 8.26999664307
        }
    },
    "melbands_crest": {
        "max": 27.4418563843,
        "mean": 9.64521503448,
        "min": 3.16440439224,
        "stdev": 4.24954938889
    },
    "melbands_flatness_db": {
        "max": 0.354104012251,
        "mean": 0.186661541462,
        "min": 0.107263609767,
        "stdev": 0.0421424210072
    },
    "melbands_kurtosis": {
        "max": 82.5161209106,
        "mean": 2.59921765327,
        "min": -1.44753623009,
        "stdev": 8.43959236145
    },
    "melbands_skewness": {
        "max": 7.86398077011,
        "mean": 0.674102842808,
        "min": -2.81191492081,
        "stdev": 1.32454073429
    },
    "melbands_spread": {
        "max": 58.4616279602,
        "mean": 27.8217773438,
        "min": 2.62155461311,
        "stdev": 9.50343799591
    },
    "pitch_salience": {
        "max": 0.878201186657,
        "mean": 0.595254004002,
        "min": 0.172832533717,
        "stdev": 0.131918862462
    },
    "silence_rate_20dB": {
        "max": 1,
        "mean": 1,
        "min": 1,
        "stdev": 0
    },
    "silence_rate_30dB": {
        "max": 1,
        "mean": 1,
        "min": 1,
        "stdev": 0
    },
    "silence_rate_60dB": {
        "max": 1,
        "mean": 0.489090919495,
        "min": 0,
        "stdev": 0.499881982803
    },
    "spectral_centroid": {
        "max": 2691.56054688,
        "mean": 1578.75646973,
        "min": 512.600036621,
        "stdev": 417.31463623
    },
    "spectral_complexity": {
        "max": 44,
        "mean": 13.9436359406,
        "min": 0,
        "stdev": 13.1428050995
    },
    "spectral_decrease": {
        "max": -4.0853363986e-13,
        "mean": -2.88546475602e-09,
        "min": -1.93524858361e-08,
        "stdev": 3.53783047302e-09
    },
    "spectral_energy": {
        "max": 0.0844759643078,
        "mean": 0.0122354216874,
        "min": 1.73302714757e-06,
        "stdev": 0.0150638986379
    },
    "spectral_energyband_high": {
        "max": 0.0059604793787,
        "mean": 0.000325002562022,
        "min": 2.05935766218e-08,
        "stdev": 0.000775378255639
    },
    "spectral_energyband_low": {
        "max": 0.00946197472513,
        "mean": 0.00045091661741,
        "min": 3.20476356563e-09,
        "stdev": 0.00101665710099
    },
    "spectral_energyband_middle_high": {
        "max": 0.0779250264168,
        "mean": 0.00720576196909,
        "min": 1.23942561459e-06,
        "stdev": 0.00999765563756
    },
    "spectral_energyband_middle_low": {
        "max": 0.0305166356266,
        "mean": 0.00471053645015,
        "min": 5.3656236787e-07,
        "stdev": 0.00618974724784
    },
    "spectral_entropy": {
        "max": 8.14410591125,
        "mean": 7.3314166069,
        "min": 6.10532808304,
        "stdev": 0.407380729914
    },
    "spectral_flux": {
        "max": 0.185481846333,
        "mean": 0.0449310354888,
        "min": 0.0013164448319,
        "stdev": 0.0406523868442
    },
    "spectral_kurtosis": {
        "max": 36.9393501282,
        "mean": 7.18965768814,
        "min": -0.517863273621,
        "stdev": 6.00770282745
    },
    "spectral_rms": {
        "max": 0.00907830242068,
        "mean": 0.00265999487601,
        "min": 4.11188302678e-05,
        "stdev": 0.00220486498438
    },
    "spectral_rolloff": {
        "max": 4328.17382812,
        "mean": 1788.03808594,
        "min": 86.1328125,
        "stdev": 634.405944824
    },
    "spectral_skewness": {
        "max": 4.32116699219,
        "mean": 1.61851429939,
        "min": 0.314630419016,
        "stdev": 0.659385979176
    },
    "spectral_spread": {
        "max": 5174021.5,
        "mean": 2681187.75,
        "min": 1439320,
        "stdev": 874453.5
    },
    "spectral_strongpeak": {
        "max": 9.97590255737,
        "mean": 1.46396028996,
        "min": 0.00164455571212,
        "stdev": 1.6622287035
    },
    "zerocrossingrate": {
        "max": 0.158203125,
        "mean": 0.0643226206303,
        "min": 0.00732421875,
        "stdev": 0.0149466497824
    },
    "barkbands": {
        "max": [3.62218670489e-05, 0.000746007077396, 0.00178527354728, 0.0149065200239, 0.0166915040463, 0.0064386120066, 0.00698536261916, 0.015375662595, 0.00542983226478, 0.00711070140824, 0.029011528939, 0.0147747136652, 0.0307767409831, 0.00616031093523, 0.0481891408563, 0.00599926104769, 0.00829913467169, 0.00689011998475, 0.00627040117979, 0.00366308400407, 0.00347610446624, 0.000666439300403, 0.000269334559562, 4.36886148236e-05, 5.9814431097e-07, 2.59064716346e-08, 2.72603291052e-08],
        "mean": [1.60624699674e-06, 5.20289104315e-05, 9.24675405258e-05, 0.000821011839435, 0.000899006321561, 0.000642313389108, 0.000516430707648, 0.000884679728188, 0.000713144079782, 0.000764321128372, 0.00110679341014, 0.000721333606634, 0.00192168622743, 0.000609911396168, 0.000768407189753, 0.000316168298014, 0.0002703476639, 0.000332906551193, 0.00039780602674, 0.000193975662114, 0.000142978315125, 4.12382578361e-05, 2.22513863264e-05, 2.53617463386e-06, 7.77634099336e-08, 5.25631149717e-10, 5.31011401517e-10],
        "min": [1.38447101006e-10, 7.34325933394e-10, 1.3536948229e-09, 2.13958983863e-09, 2.27432539468e-09, 3.62360985662e-09, 4.26896704653e-08, 5.35725419581e-08, 8.13111142861e-08, 1.0730209965e-07, 9.06930424094e-08, 1.38673854622e-07, 1.34594046131e-07, 8.81583588352e-08, 9.39282855938e-08, 4.22171027026e-08, 2.97869746646e-08, 1.78887553659e-08, 6.00741190127e-09, 1.47606513679e-08, 4.45894032808e-09, 5.66723512563e-09, 1.03345199065e-09, 1.53676316117e-09, 3.48320233767e-10, 5.1954180541e-11, 4.86365496488e-11],
        "stdev": [2.73774503512e-06, 8.94709446584e-05, 0.000215831852984, 0.00185118929949, 0.00173348549288, 0.00104035693221, 0.000859511608724, 0.00180888862815, 0.00112702243496, 0.00101257977076, 0.0028149546124, 0.00130914291367, 0.0036612667609, 0.000831086363178, 0.0030738057103, 0.000649668974802, 0.000613240001258, 0.000632901501376, 0.000837634725031, 0.000416247698013, 0.000422410375904, 9.34284107643e-05, 4.56838388345e-05, 5.15763122166e-06, 4.05280857763e-08, 1.3606187288e-09, 1.43951084386e-09]
    },
    "erbbands": {
        "max": [0.0151447225362, 0.194939345121, 1.32231748104, 28.4680423737, 54.734954834, 51.0950202942, 57.5404167175, 50.5106391907, 74.7656097412, 245.656600952, 179.762115479, 166.168884277, 243.046173096, 499.877075195, 1528.60021973, 222.114273071, 1688.72619629, 337.131622314, 1401.88305664, 1259.88867188, 365.177459717, 388.870269775, 402.044372559, 292.181915283, 399.550964355, 101.930267334, 245.598754883, 34.7492790222, 23.0973510742, 11.2602834702, 9.75226593018, 2.36085987091, 0.411687344313, 0.0147505952045, 0.00409063976258, 0.000170847881236, 6.64660328766e-05, 2.75443780993e-05, 5.4673262639e-05, 0.000108482847281],
        "mean": [0.0013207126176, 0.0133340451866, 0.0851859971881, 1.43025374413, 3.70837759972, 2.24991440773, 4.55746507645, 4.63719797134, 6.17991638184, 13.8601551056, 17.0352916718, 18.3616485596, 20.2988929749, 29.118812561, 53.1276092529, 30.3328380585, 100.869812012, 37.9060173035, 26.8148975372, 35.0700492859, 17.6674938202, 14.7692222595, 19.2779846191, 17.646987915, 17.3828773499, 8.38905334473, 10.0960741043, 2.81187081337, 1.52567017078, 0.661073982716, 0.680578708649, 0.160172253847, 0.0192670654505, 0.00187127827667, 0.000386276340578, 2.97340102406e-05, 1.03286265585e-05, 3.93547952626e-06, 7.70615861256e-06, 1.5359803001e-05],
        "min": [1.6712611739e-08, 1.9550010677e-07, 1.23097845517e-06, 4.87412626171e-06, 8.34942693473e-06, 6.41248470856e-06, 1.0382954315e-05, 4.5421122195e-05, 0.0004133185721, 0.00096134073101, 0.00153481261805, 0.0023542472627, 0.00371838291176, 0.0038795825094, 0.00509523041546, 0.00470888474956, 0.00733913108706, 0.00798181444407, 0.00788410939276, 0.00496405316517, 0.00169169704895, 0.00141815491952, 0.00101297616493, 0.000478583853692, 0.000506474229041, 0.000654461036902, 0.000227505675866, 0.000215107836993, 0.000266581308097, 5.32610320079e-05, 2.79600790236e-05, 4.91800674354e-05, 1.44012756209e-05, 5.04846912008e-06, 2.38945585807e-06, 2.20114486638e-07, 1.23976207078e-07, 3.86661831442e-08, 8.12575962073e-09, 2.70554956217e-09],
        "stdev": [0.00211480190046, 0.0231975670904, 0.178209647536, 3.2496111393, 7.87310743332, 4.70173358917, 8.02827167511, 7.07913970947, 9.40609741211, 25.4402141571, 28.09333992, 29.9281005859, 29.266292572, 45.4438247681, 146.306549072, 40.1940689087, 196.473770142, 44.5904273987, 90.5376586914, 92.6117324829, 33.462978363, 30.3299560547, 36.9067115784, 33.6743087769, 44.2314147949, 15.8542423248, 30.7173156738, 6.08960723877, 3.44594311714, 1.34905564785, 1.55853509903, 0.309456944466, 0.0453015193343, 0.0017655150732, 0.000295040867059, 3.36402990797e-05, 1.33548437589e-05, 5.26083795194e-06, 9.64232367551e-06, 1.90496248251e-05]
    },
    "gfcc": {
        "mean": [-149.278686523, 135.496200562, -194.126251221, 24.8877563477, -60.9238128662, 6.93729877472, -26.3909473419, -15.0092153549, -10.1923313141, -16.1870059967, 4.50022554398, -16.88804245, -2.89293503761],
        "cov": [[15938.9121094, 1450.38586426, -2895.37255859, -86.4111557007, -804.347717285, -2104.62036133, 1079.4486084, -1768.13842773, 55.9688796997, -1290.2467041, -111.075256348, -535.370605469, -668.168823242], [1450.38586426, 392.369598389, -206.825042725, -216.313308716, -80.8111038208, -270.545043945, 82.5715789795, -175.800354004, -38.2092628479, -105.233848572, -11.2954864502, -64.5123519897, -41.8860321045], [-2895.37255859, -206.825042725, 979.395935059, 278.119720459, 23.9111003876, 391.981048584, -228.964202881, 309.884033203, -69.414855957, 178.949005127, -73.7799987793, 67.1290054321, 96.7911987305], [-86.4111557007, -216.313308716, 278.119720459, 468.503295898, -29.5003013611, 114.129707336, 4.75991392136, 27.1736602783, 10.5728816986, -46.7015686035, -56.9094810486, 3.45864415169, -28.3460540771], [-804.347717285, -80.8111038208, 23.9111003876, -29.5003013611, 202.180786133, 139.629898071, -35.7581634521, 110.755752563, 3.68299293518, 69.2525177002, 68.4901199341, 49.6559066772, 37.060295105], [-2104.62036133, -270.545043945, 391.981048584, 114.129707336, 139.629898071, 430.099975586, -101.329185486, 241.726715088, 29.2865066528, 167.280776978, -0.732213139534, 70.985168457, 98.5706939697], [1079.4486084, 82.5715789795, -228.964202881, 4.75991392136, -35.7581634521, -101.329185486, 172.648742676, -102.21321106, 12.7969789505, -60.6879692078, 2.48011064529, -47.3483772278, -43.8887023926], [-1768.13842773, -175.800354004, 309.884033203, 27.1736602783, 110.755752563, 241.726715088, -102.21321106, 254.58190918, 11.650220871, 134.003082275, 26.9130840302, 71.8422546387, 67.1623840332], [55.9688796997, -38.2092628479, -69.414855957, 10.5728816986, 3.68299293518, 29.2865066528, 12.7969789505, 11.650220871, 84.9931869507, 29.7716236115, 14.072479248, 5.49539756775, 5.90294075012], [-1290.2467041, -105.233848572, 178.949005127, -46.7015686035, 69.2525177002, 167.280776978, -60.6879692078, 134.003082275, 29.7716236115, 186.412353516, 46.0822982788, 40.3669509888, 77.2237167358], [-111.075256348, -11.2954864502, -73.7799987793, -56.9094810486, 68.4901199341, -0.732213139534, 2.48011064529, 26.9130840302, 14.072479248, 46.0822982788, 91.1890335083, 41.3854255676, 11.6475791931], [-535.370605469, -64.5123519897, 67.1290054321, 3.45864415169, 49.6559066772, 70.985168457, -47.3483772278, 71.8422546387, 5.49539756775, 40.3669509888, 41.3854255676, 75.4078674316, 38.1320266724], [-668.168823242, -41.8860321045, 96.7911987305, -28.3460540771, 37.060295105, 98.5706939697, -43.8887023926, 67.1623840332, 5.90294075012, 77.2237167358, 11.6475791931, 38.1320266724, 82.9713363647]],
        "icov": [[0.00220133387484, -0.00348964659497, 0.00292826606892, -0.00317940698005, 0.00193110818509, 0.00136938411742, -0.00222556409426, 0.00410639541224, -0.00234255590476, 0.00480655021966, -0.00265682255849, 0.00142691133078, -0.000116870935017], [-0.00348964659497, 0.0196338612586, -0.0135473329574, 0.0148877324536, -0.00767101766542, 0.00513801909983, -0.00409300997853, 0.00127585884184, -0.00339825055562, 0.0016170485178, 0.00213896064088, 0.000563785084523, -0.00499857868999], [0.00292826606892, -0.0135473329574, 0.0149402804673, -0.0131916701794, 0.00813606195152, -0.00415963260457, 0.00513186631724, -0.00303936726414, 0.00738242967054, -0.00326442415826, 0.000191994404304, 0.000489680620376, 0.0035502850078], [-0.00317940698005, 0.0148877324536, -0.0131916701794, 0.0159086622298, -0.00651149917394, 0.00192206352949, -0.00420319149271, 0.0014094451908, -0.0049843150191, 0.00264237681404, 0.0023015527986, -0.00183801003732, -0.00158651208039], [0.00193110818509, -0.00767101766542, 0.00813606195152, -0.00651149917394, 0.0156148038805, -0.00634142989293, 0.00266040442511, -0.00293733389117, 0.00462987506762, 0.00348796695471, -0.0115387393162, 0.00429751724005, 0.000375972886104], [0.00136938411742, 0.00513801909983, -0.00415963260457, 0.00192206352949, -0.00634142989293, 0.0140096973628, -0.00685496116057, 0.00392967602238, -0.00799990817904, 0.00400947779417, 0.00419928412884, -0.000711454893462, -0.00491264136508], [-0.00222556409426, -0.00409300997853, 0.00513186631724, -0.00420319149271, 0.00266040442511, -0.00685496116057, 0.017637822777, -0.00854677800089, 0.00812673475593, -0.0098825385794, 0.000113291709567, 0.00345656159334, 0.00280747003853], [0.00410639541224, 0.00127585884184, -0.00303936726414, 0.0014094451908, -0.00293733389117, 0.00392967602238, -0.00854677800089, 0.0265546347946, -0.0114827351645, 0.0115691013634, -0.00482057454064, -0.00234002131037, 0.000168985439814], [-0.00234255590476, -0.00339825055562, 0.00738242967054, -0.0049843150191, 0.00462987506762, -0.00799990817904, 0.00812673475593, -0.0114827351645, 0.0263114180416, -0.0165855921805, 0.00434781424701, -0.00305442279205, 0.0044927066192], [0.00480655021966, 0.0016170485178, -0.00326442415826, 0.00264237681404, 0.00348796695471, 0.00400947779417, -0.0098825385794, 0.0115691013634, -0.0165855921805, 0.0378489159048, -0.0225120615214, 0.0157937873155, -0.0148244379088], [-0.00265682255849, 0.00213896064088, 0.000191994404304, 0.0023015527986, -0.0115387393162, 0.00419928412884, 0.000113291709567, -0.00482057454064, 0.00434781424701, -0.0225120615214, 0.0403070449829, -0.0248345863074, 0.0107723111287], [0.00142691133078, 0.000563785084523, 0.000489680620376, -0.00183801003732, 0.00429751724005, -0.000711454893462, 0.00345656159334, -0.00234002131037, -0.00305442279205, 0.0157937873155, -0.0248345863074, 0.0391256548464, -0.015752915293], [-0.000116870935017, -0.00499857868999, 0.0035502850078, -0.00158651208039, 0.000375972886104, -0.00491264136508, 0.00280747003853, 0.000168985439814, 0.0044927066192, -0.0148244379088, 0.0107723111287, -0.015752915293, 0.0301261264831]]
    },
    "melbands": {
        "max": [0.000169764403836, 0.000790470978245, 0.00554459355772, 0.00361795653589, 0.00185092329048, 0.00113673275337, 0.00117906590458, 0.00328477146104, 0.00122158916201, 0.00096764031332, 0.0012502776226, 0.00189469801262, 0.00405481364578, 0.00203872309066, 0.00224129878916, 0.00251270504668, 0.000593867735006, 0.00134608894587, 0.00462320959195, 0.000357866461854, 0.000372249371139, 0.00058413867373, 0.000443843950052, 0.000190302816918, 0.000282630760921, 0.000248422817094, 0.000188164820429, 8.70298608788e-05, 0.000197806817596, 6.19676720817e-05, 2.36276064243e-05, 1.44236564665e-05, 8.54858626553e-06, 4.51208279628e-06, 7.24021811038e-06, 3.38846211889e-06, 8.72209056979e-07, 4.0217034325e-07, 1.77526580103e-08, 6.92848223238e-09],
        "mean": [1.36668259074e-05, 4.71538660349e-05, 0.000334953423589, 0.000199997462914, 0.000146206104546, 0.000109391345177, 9.88609826891e-05, 0.000168217738974, 0.000135940499604, 0.000110610686534, 9.90026819636e-05, 0.000112083071144, 0.000157211528858, 0.000102339741716, 0.000151834115968, 0.000175530207343, 6.12658768659e-05, 3.41807681252e-05, 7.10328749847e-05, 2.90723310172e-05, 1.86483302969e-05, 1.52272305058e-05, 2.10007201531e-05, 1.14754548122e-05, 1.51564499902e-05, 1.2465279724e-05, 9.44943167269e-06, 4.92876824865e-06, 7.89726618677e-06, 2.7184200917e-06, 1.37327924676e-06, 1.01364105376e-06, 4.63798215833e-07, 3.18708998748e-07, 4.26697795319e-07, 2.43112737053e-07, 5.12851663359e-08, 1.43341392089e-08, 1.55443935501e-09, 1.03550512609e-09],
        "min": [1.83305953749e-10, 5.49138401418e-10, 9.56924761653e-10, 5.27799914884e-10, 3.18982340541e-10, 1.10852882429e-09, 7.01777436163e-09, 1.08970228396e-08, 1.39871954019e-08, 1.20837757578e-08, 1.67602252077e-08, 1.55782871047e-08, 1.41453959657e-08, 1.43276599474e-08, 1.2678715855e-08, 1.22553140969e-08, 1.3027476875e-08, 1.01947099651e-08, 6.82697454124e-09, 4.81361439597e-09, 1.69240399472e-09, 1.84589088459e-09, 7.38772376607e-10, 8.20786993927e-10, 3.46514678062e-10, 2.06324873853e-10, 5.4986082354e-10, 4.27273660897e-10, 1.5592341307e-10, 1.00045353946e-10, 1.20818050009e-10, 1.65092162163e-10, 7.77594516554e-11, 1.36588622357e-11, 1.1488317242e-11, 2.92741560159e-11, 2.98945139476e-11, 1.17396266319e-11, 3.56614130587e-12, 4.5036353119e-12],
        "stdev": [2.29623638006e-05, 9.85198203125e-05, 0.000716583512258, 0.000408343388699, 0.000251633202424, 0.000167272388353, 0.000154738096171, 0.000338791869581, 0.000214633459109, 0.00018471670046, 0.000145805737702, 0.000173289154191, 0.000394611794036, 0.000223168666707, 0.000274968158919, 0.000301889900584, 8.12567377579e-05, 9.53994531301e-05, 0.000290265626973, 5.17300723004e-05, 3.54137482645e-05, 3.95459101128e-05, 4.30488908023e-05, 1.96141936613e-05, 3.13939235639e-05, 2.81118082057e-05, 2.41963407461e-05, 1.07683135866e-05, 2.48172782449e-05, 7.11317488822e-06, 3.20528374687e-06, 2.31984404309e-06, 1.17391459753e-06, 5.97538473812e-07, 1.01783609807e-06, 5.34131686436e-07, 1.08108771713e-07, 4.10775271575e-08, 1.59698232416e-09, 5.23921850348e-10]
    },
    "melbands128": {
        "max": [1.95344582608e-05, 8.86541020009e-05, 0.000282969791442, 0.000353620096575, 0.000178409914952, 0.00121498643421, 0.00624118279666, 0.00899944268167, 0.00602053990588, 0.00384696037509, 0.00270498800091, 0.00210448401049, 0.00229081348516, 0.00233216048218, 0.00145581306424, 0.00156621285714, 0.00105206738226, 0.00164365640376, 0.00261536682956, 0.00243942835368, 0.0064842379652, 0.00212169531733, 0.00176120095421, 0.000990744912997, 0.00186283420771, 0.00172296352684, 0.0011242562905, 0.00211366103031, 0.00155500415713, 0.000892617274076, 0.00407025497407, 0.00217940215953, 0.00342854065821, 0.0111532444134, 0.00437903311104, 0.000452856125776, 0.000662725477014, 0.00164766365197, 0.00528293289244, 0.00674701854587, 0.0012876969995, 0.00122195482254, 0.00103721593041, 0.0011075391667, 0.000719337782357, 0.00012696358317, 0.00389813724905, 0.011340117082, 0.00220810598694, 0.000550886208657, 0.000541759480257, 0.000880202918779, 0.00071283034049, 0.000197481567739, 0.00152631127276, 0.000572700810153, 0.000107214938907, 0.000342584447935, 0.00114270462655, 0.000348812289303, 0.000171825347934, 6.59881770844e-05, 0.000283928238787, 0.000669514236506, 0.000296922633424, 0.000132535860757, 0.000783971510828, 0.0005418365472, 0.000150333275087, 6.96268180036e-05, 0.000100346311228, 0.000180646835361, 0.000417782517616, 0.00033370780875, 0.000188362988411, 7.11807515472e-05, 3.07182272081e-05, 2.8216818464e-05, 3.7991154386e-05, 2.919270446e-05, 2.60977485596e-05, 1.61196076078e-05, 1.78325062734e-05, 7.61637966207e-06, 1.76181365532e-05, 6.50125002721e-06, 3.34358105647e-06, 5.53637437406e-06, 1.25363085317e-05, 1.20845998026e-05, 7.5768843999e-06, 1.45801311646e-06, 1.90800551536e-06, 1.31947149384e-06, 1.04224852748e-06, 7.01164140082e-07, 2.50259404311e-07, 3.81571716446e-08, 6.47961861944e-09, 4.18342072095e-09, 3.74355524357e-09, 3.57232377013e-09, 2.20233040693e-08, 1.33550814851e-08, 8.7972418239e-10, 2.30838556603e-10, 2.01536995426e-10, 1.91894417023e-10, 1.84217627264e-10, 1.76374359562e-10, 1.63053112678e-10, 1.56525431505e-10, 1.48717108073e-10, 1.46160153425e-10, 1.37334810191e-10, 1.3193461601e-10, 1.30770186346e-10, 1.27285904039e-10, 1.2457701537e-10, 1.20788892777e-10, 1.1821957302e-10, 1.13484006914e-10, 1.12203329961e-10, 1.12551246101e-10, 1.09094920597e-10, 1.08658006204e-10, 1.0743968909e-10, 1.06854872173e-10],
        "mean": [1.08252140762e-06, 7.64213655202e-06, 2.19611447392e-05, 1.98476700461e-05, 1.25913020383e-05, 6.09577800788e-05, 0.000246522715315, 0.000471301784273, 0.000433915876783, 0.000120660930406, 0.000107669075078, 0.000128870175104, 0.000167126461747, 0.000165657533216, 9.42554179346e-05, 9.16000353754e-05, 8.5819803644e-05, 9.35549178394e-05, 0.000126500381157, 0.000136640344863, 0.000233506099903, 0.000150027422933, 0.000126746715978, 0.00010147242574, 0.000133103138069, 0.000115351809654, 6.0888378357e-05, 0.000120248019812, 0.000103931139165, 9.14632764761e-05, 0.000137995841214, 0.000102778554719, 0.000100567689515, 0.000291539123282, 0.000134026544401, 3.56892487616e-05, 5.045677608e-05, 6.30024660495e-05, 0.000286259979475, 0.000342983810697, 8.39047279442e-05, 5.96866411797e-05, 6.77810967318e-05, 6.39915378997e-05, 3.5965727875e-05, 9.57162592385e-06, 4.50888874184e-05, 0.000113516594865, 6.05759778409e-05, 2.85947080556e-05, 2.28689023061e-05, 3.51576200046e-05, 1.21745806609e-05, 1.21169214253e-05, 2.99645489577e-05, 1.30704438561e-05, 5.42376710655e-06, 1.70057373907e-05, 3.31034461851e-05, 1.7669668523e-05, 7.64858032198e-06, 7.88228226156e-06, 1.25039478007e-05, 2.05189826374e-05, 1.46283900904e-05, 6.05818695476e-06, 1.70203984453e-05, 1.58896782523e-05, 5.59522004551e-06, 3.47082709595e-06, 3.88953958463e-06, 5.15850661031e-06, 1.0088894669e-05, 9.04097032617e-06, 5.57512339583e-06, 2.4279236186e-06, 1.72154898337e-06, 9.63328716352e-07, 1.28607018723e-06, 1.92632955986e-06, 1.15880402518e-06, 6.16388661001e-07, 6.4704443048e-07, 3.99967746034e-07, 3.96180752205e-07, 3.01354191379e-07, 2.6604834602e-07, 3.78917349053e-07, 4.38803255065e-07, 4.65592535193e-07, 4.29533969282e-07, 1.10650418605e-07, 6.9009921333e-08, 5.8953954607e-08, 3.45582300554e-08, 2.1339067402e-08, 1.04434274562e-08, 2.21199236705e-09, 1.28566723934e-09, 1.14272458163e-09, 1.01845187839e-09, 9.86389636637e-10, 1.10975828527e-09, 8.96152096974e-10, 1.68819833113e-10, 4.1069096908e-12, 3.69245606313e-12, 3.70256299578e-12, 3.59103502143e-12, 3.46503750172e-12, 3.33398087783e-12, 3.19407694738e-12, 3.07376064705e-12, 2.98762685598e-12, 2.90000987634e-12, 2.84707955996e-12, 2.81568475133e-12, 2.529161559e-12, 2.44364663053e-12, 2.39213705268e-12, 2.30684720458e-12, 2.26272841609e-12, 2.22974113132e-12, 2.14973698565e-12, 2.01198931647e-12, 1.79580753479e-12, 1.67814525297e-12, 1.65453956959e-12],
        "min": [7.45566455795e-11, 1.16643569803e-10, 2.16228035477e-10, 3.33051558554e-10, 4.88174445312e-10, 7.33226201977e-10, 9.82039782826e-10, 1.08575504143e-09, 8.7694917994e-10, 5.04479846786e-10, 2.95594548838e-10, 2.84282708485e-10, 3.58517632248e-10, 3.25407756296e-10, 3.44244022177e-10, 1.39464650939e-09, 4.4866670379e-09, 8.05219535494e-09, 6.85344936358e-09, 2.30995089723e-09, 1.00674686365e-08, 6.56913812236e-09, 1.08279678557e-08, 1.0372609438e-08, 5.88032111892e-09, 2.82072321056e-09, 5.53800383329e-09, 1.10955724608e-08, 7.64722773994e-09, 5.0053508005e-09, 4.55298909685e-09, 4.69162042549e-09, 4.10401312934e-09, 6.24545215544e-09, 4.03954203421e-09, 5.18956211337e-09, 1.31532651437e-09, 5.78492542758e-09, 3.50795414938e-09, 5.49027978636e-09, 9.19389542275e-09, 7.26299109743e-09, 4.94494933889e-09, 3.31997007663e-09, 4.14097023338e-09, 2.87330848003e-09, 3.53828522037e-09, 4.00980004756e-09, 1.90899984709e-09, 5.08057240722e-09, 4.59633842098e-09, 7.39934336025e-10, 2.88636586854e-10, 2.98976576829e-09, 3.07700531721e-09, 1.76454817424e-09, 7.99124100226e-10, 1.99037328286e-10, 9.04842700766e-10, 1.44768774746e-09, 5.64122581981e-10, 7.10456360409e-10, 4.97137664368e-10, 1.73377714963e-10, 2.18392845475e-10, 8.14381964642e-11, 2.06283184978e-10, 7.07103597897e-10, 6.40834163512e-10, 2.99676755633e-10, 6.05764050032e-10, 3.36942973522e-10, 2.41440228921e-10, 1.39531400323e-10, 4.80720394047e-11, 5.74110550766e-11, 1.59472240968e-10, 1.30590135927e-10, 1.15722778582e-10, 1.16343594481e-10, 9.20819323569e-11, 2.9946756186e-10, 9.64996832442e-11, 6.97677401962e-11, 2.66140651184e-11, 8.67262164861e-12, 1.15142409496e-11, 1.74321963115e-11, 7.62553475225e-12, 1.04051021271e-11, 2.24917098834e-11, 3.59444592146e-11, 3.48725839872e-11, 3.7553946064e-11, 1.94128168401e-11, 2.01074105283e-11, 8.70935615294e-12, 2.71216859735e-12, 6.03426770357e-12, 1.20550119366e-12, 2.70803583551e-12, 6.95382510255e-12, 3.95224694985e-12, 6.05249054e-12, 2.99998632707e-12, 2.88897242717e-13, 1.9598838069e-13, 1.91378244632e-13, 1.67419504367e-13, 2.47728107559e-13, 1.85113751584e-13, 2.45630772666e-13, 2.80771282959e-13, 2.32799077324e-13, 1.54083058704e-13, 2.53733611812e-13, 2.88513895934e-13, 2.78207822448e-13, 2.24641946754e-13, 2.0874204058e-13, 1.55343253994e-13, 1.54437755444e-13, 1.93258779748e-13, 1.41805878563e-13, 8.31209829699e-14, 5.42166172254e-14, 8.36942582567e-15, 2.5845942483e-16],
        "stdev": [1.5142417169e-06, 1.17948329716e-05, 3.98746196879e-05, 3.69942245015e-05, 2.13518815144e-05, 0.000146153266542, 0.000621827610303, 0.00106230017263, 0.000939321238548, 0.000322928390233, 0.000262850895524, 0.00024181776098, 0.00030813695048, 0.000352746021235, 0.000169534687302, 0.000167709964444, 0.000140165153425, 0.000183685144293, 0.000282820430584, 0.000246106326813, 0.000682893558405, 0.000331841409206, 0.000238651555264, 0.000168931641383, 0.000265177426627, 0.000244676106377, 0.000111907575047, 0.000234944891417, 0.000179276845302, 0.000148758699652, 0.000302420376102, 0.000252893572906, 0.000284611684037, 0.00102068367414, 0.000364331441233, 5.19760214956e-05, 9.07200665097e-05, 0.00015718312352, 0.000632957031485, 0.000764473050367, 0.00017021864187, 0.00012422115833, 0.000126717626699, 0.000121343815408, 7.62571071391e-05, 1.50291989485e-05, 0.000255113583989, 0.000660935824271, 0.000196954526473, 6.21335639153e-05, 5.60084663448e-05, 0.000102956561022, 4.20260039391e-05, 2.09065383387e-05, 9.98605537461e-05, 3.80532437703e-05, 1.16848905236e-05, 3.86546234949e-05, 9.22418985283e-05, 3.91949834011e-05, 1.81640352821e-05, 1.12368807095e-05, 2.96484795399e-05, 5.50760996703e-05, 3.85684797948e-05, 1.35493792186e-05, 6.83281905367e-05, 5.08450211782e-05, 1.46470592881e-05, 7.87138924352e-06, 9.61594741966e-06, 1.72710570041e-05, 3.35111471941e-05, 3.44658074027e-05, 1.98890411411e-05, 5.93797039983e-06, 3.94219796362e-06, 2.85406986222e-06, 4.13564248447e-06, 4.54022938357e-06, 3.24087591252e-06, 1.6104002043e-06, 2.0298864456e-06, 9.83489826467e-07, 1.32047284751e-06, 7.06044772869e-07, 4.95548931667e-07, 8.39182575874e-07, 1.35895777476e-06, 1.39777114327e-06, 1.16169053399e-06, 2.25680167887e-07, 1.76114411943e-07, 1.59221443141e-07, 9.71531690652e-08, 6.74753621865e-08, 3.21828892424e-08, 3.78440079274e-09, 7.95859822489e-10, 6.1730948131e-10, 5.19266463161e-10, 4.91486351617e-10, 1.33766508981e-09, 7.78375364163e-10, 1.1750121709e-10, 1.17285512899e-11, 1.05532605224e-11, 1.00015629459e-11, 9.58455363687e-12, 9.17626391539e-12, 8.58282975941e-12, 8.24784077841e-12, 7.87431144594e-12, 7.67913423821e-12, 7.27429661646e-12, 7.00299800788e-12, 6.88873784405e-12, 6.72655334211e-12, 6.56738162116e-12, 6.38110354487e-12, 6.23933890664e-12, 6.02920231102e-12, 5.94555264397e-12, 5.92663635182e-12, 5.78024997658e-12, 5.74465648662e-12, 5.68906553811e-12, 5.65852226186e-12]
    },
    "mfcc": {
        "mean": [-763.75958252, 147.879837036, -57.6935577393, 10.8806476593, -14.9148435593, 10.8266410828, -5.99260377884, 3.03690242767, -14.6024799347, 1.44759893417, 0.154275357723, -0.0711004212499, -7.759953022],
        "cov": [[17861.7207031, 1234.43457031, -2771.82617188, 1263.78039551, -2571.37988281, 212.504714966, -964.856872559, 298.198944092, -1236.90283203, 187.881942749, -1263.39953613, 62.2662086487, -332.416748047], [1234.43457031, 615.157592773, -302.488922119, -126.176681519, -232.509933472, -124.704521179, -32.9508056641, -102.860794067, -116.786003113, -67.0851745605, -33.9203071594, -75.924407959, 2.50841116905], [-2771.82617188, -302.488922119, 912.017333984, 38.8028144836, 376.89352417, 33.4200248718, 115.541175842, -17.3911361694, 222.211776733, -11.1656265259, 60.2313575745, 35.4701728821, 33.7446556091], [1263.78039551, -126.176681519, 38.8028144836, 369.970489502, -140.901168823, 52.2862663269, -62.9480171204, 77.0253601074, -90.949432373, 22.1216201782, -121.910209656, 26.911989212, -65.0263824463], [-2571.37988281, -232.509933472, 376.89352417, -140.901168823, 489.367889404, -9.44597911835, 137.84161377, 8.78822612762, 156.91607666, -27.9294109344, 181.001693726, -13.298500061, 47.7125320435], [212.504714966, -124.704521179, 33.4200248718, 52.2862663269, -9.44597911835, 149.234481812, 6.74449300766, 37.6797218323, 27.488740921, 47.7592201233, -50.352848053, 30.0810852051, -0.471554070711], [-964.856872559, -32.9508056641, 115.541175842, -62.9480171204, 137.84161377, 6.74449300766, 147.959655762, -4.70727872849, 68.0076980591, -20.1270656586, 106.420639038, -9.7874622345, 0.624750196934], [298.198944092, -102.860794067, -17.3911361694, 77.0253601074, 8.78822612762, 37.6797218323, -4.70727872849, 121.870941162, -11.147526741, 13.9280576706, -37.1291427612, 16.8006458282, -2.94389295578], [-1236.90283203, -116.786003113, 222.211776733, -90.949432373, 156.91607666, 27.488740921, 68.0076980591, -11.147526741, 161.224655151, 20.7515106201, 55.1343193054, 23.0970993042, 34.9459686279], [187.881942749, -67.0851745605, -11.1656265259, 22.1216201782, -27.9294109344, 47.7592201233, -20.1270656586, 13.9280576706, 20.7515106201, 88.257194519, -27.0596103668, 1.7578792572, 10.7167396545], [-1263.39953613, -33.9203071594, 60.2313575745, -121.910209656, 181.001693726, -50.352848053, 106.420639038, -37.1291427612, 55.1343193054, -27.0596103668, 252.639312744, -21.8152122498, -13.7278966904], [62.2662086487, -75.924407959, 35.4701728821, 26.911989212, -13.298500061, 30.0810852051, -9.7874622345, 16.8006458282, 23.0970993042, 1.7578792572, -21.8152122498, 105.789802551, 16.9412899017], [-332.416748047, 2.50841116905, 33.7446556091, -65.0263824463, 47.7125320435, -0.471554070711, 0.624750196934, -2.94389295578, 34.9459686279, 10.7167396545, -13.7278966904, 16.9412899017, 80.6070632935]],
        "icov": [[0.0032184056472, -0.00431055342779, 0.00459079723805, -0.00559226982296, 0.00521575845778, -0.00421145465225, 0.00398840242997, -0.00390929263085, 0.00472052255645, -0.00307998503558, 0.00344640598632, -0.00305556156673, 0.00327989365906], [-0.00431055342779, 0.0100390957668, -0.00602010264993, 0.00909680314362, -0.00463364226744, 0.00734120327979, -0.00689379032701, 0.00692560430616, -0.00488325161859, 0.00624627107754, -0.00372645165771, 0.00615843059495, -0.00578041141853], [0.00459079723805, -0.00602010264993, 0.00934497546405, -0.00993993040174, 0.00562790967524, -0.00574637902901, 0.00542723527178, -0.00392609694973, 0.00339306122623, -0.00339496438392, 0.00584980566055, -0.00436409935355, 0.00453218398616], [-0.00559226982296, 0.00909680314362, -0.00993993040174, 0.01679408364, -0.00720059685409, 0.00756640406325, -0.00758917722851, 0.00447270693257, -0.00317065720446, 0.00410628924146, -0.00433960696682, 0.00445362785831, -0.00195389403962], [0.00521575845778, -0.00463364226744, 0.00562790967524, -0.00720059685409, 0.015690272674, -0.00641125906259, 0.00514302449301, -0.00814591813833, 0.00709111895412, -0.00219089072198, 0.00290475110523, -0.00211612647399, 0.00198304583319], [-0.00421145465225, 0.00734120327979, -0.00574637902901, 0.00756640406325, -0.00641125906259, 0.0167441163212, -0.00858965981752, 0.00448275823146, -0.00670374976471, -0.000394698115997, -0.00137501372956, 0.00229821144603, -0.00272188102826], [0.00398840242997, -0.00689379032701, 0.00542723527178, -0.00758917722851, 0.00514302449301, -0.00858965981752, 0.0184265896678, -0.0064508295618, 0.00169673783239, -0.000694162037689, -0.000457966321846, -0.00255781691521, 0.00461148610339], [-0.00390929263085, 0.00692560430616, -0.00392609694973, 0.00447270693257, -0.00814591813833, 0.00448275823146, -0.0064508295618, 0.0170779190958, -0.00522116804495, 0.00394089054316, -0.00198731315322, 0.00328407902271, -0.00485278479755], [0.00472052255645, -0.00488325161859, 0.00339306122623, -0.00317065720446, 0.00709111895412, -0.00670374976471, 0.00169673783239, -0.00522116804495, 0.0250701103359, -0.00994916353375, 0.0057477587834, -0.00763193517923, 0.00423724250868], [-0.00307998503558, 0.00624627107754, -0.00339496438392, 0.00410628924146, -0.00219089072198, -0.000394698115997, -0.000694162037689, 0.00394089054316, -0.00994916353375, 0.0215993952006, -0.004685329739, 0.00761227402836, -0.00767450360581], [0.00344640598632, -0.00372645165771, 0.00584980566055, -0.00433960696682, 0.00290475110523, -0.00137501372956, -0.000457966321846, -0.00198731315322, 0.0057477587834, -0.004685329739, 0.0130503391847, -0.00427142158151, 0.00783385150135], [-0.00305556156673, 0.00615843059495, -0.00436409935355, 0.00445362785831, -0.00211612647399, 0.00229821144603, -0.00255781691521, 0.00328407902271, -0.00763193517923, 0.00761227402836, -0.00427142158151, 0.0162331890315, -0.00780956493691], [0.00327989365906, -0.00578041141853, 0.00453218398616, -0.00195389403962, 0.00198304583319, -0.00272188102826, 0.00461148610339, -0.00485278479755, 0.00423724250868, -0.00767450360581, 0.00783385150135, -0.00780956493691, 0.0233943574131]]
    },
    "spectral_contrast_coeffs": {
        "max": [-0.444791793823, -0.586631059647, -0.593276321888, -0.590552330017, -0.63869291544, -0.539949119091],
        "mean": [-0.726038515568, -0.807598054409, -0.766373097897, -0.761605024338, -0.774240791798, -0.733753442764],
        "min": [-0.912071168423, -0.970908761024, -0.945528268814, -0.921292304993, -0.904741644859, -0.885790705681],
        "stdev": [0.106538422406, 0.0684618279338, 0.0841309800744, 0.0810819342732, 0.0657064840198, 0.0963285714388]
    },
    "spectral_contrast_valleys": {
        "max": [-6.2788105011, -5.07047748566, -5.90408563614, -6.30815649033, -6.16384124756, -11.1383771896],
        "mean": [-8.4035358429, -7.46889638901, -7.87817382812, -8.19152259827, -8.71828079224, -12.441075325],
        "min": [-12.9319896698, -10.6236715317, -10.6851911545, -10.8868741989, -11.7301797867, -15.1288366318],
        "stdev": [0.974122405052, 1.43328309059, 1.31247961521, 1.21097552776, 1.35592091084, 0.416806668043]
    }
},
"rhythm": {
    "beats_count": 28,
    "beats_loudness": {
        "max": 0.0504382774234,
        "mean": 0.0124464482069,
        "min": 1.74070919456e-05,
        "stdev": 0.0140883689746
    },
    "bpm": 140.887283325,
    "bpm_histogram_first_peak_bpm": 140,
    "bpm_histogram_first_peak_weight": 0.3125,
    "bpm_histogram_second_peak_bpm": 133,
    "bpm_histogram_second_peak_spread": 0,
    "bpm_histogram_second_peak_weight": 0.222222223878,
    "danceability": 0.621563851833,
    "onset_rate": 1.56747615337,
    "beats_loudness_band_ratio": {
        "max": [0.843941152096, 0.607393801212, 0.375268369913, 0.7726572752, 0.541012167931, 0.0974713563919],
        "mean": [0.167306378484, 0.134235084057, 0.16617025435, 0.395323008299, 0.164757594466, 0.0289089363068],
        "min": [0.00354820373468, 0.014662313275, 0.0470067374408, 0.0318647101521, 0.00892426259816, 0.00174142501783],
        "stdev": [0.214686021209, 0.115616701543, 0.08137255162, 0.19073574245, 0.131879165769, 0.0278096888214]
    },
    "beats_position": [0.46439909935, 0.952018141747, 1.42802715302, 1.90403628349, 2.38004541397, 2.86766433716, 3.32045340538, 3.7732424736, 4.22603178024, 4.67882061005, 5.13160991669, 5.58439922333, 6.01396799088, 6.44353723526, 6.87310647964, 7.30267572403, 7.72063493729, 8.15020370483, 8.57977294922, 8.99773216248, 9.42730140686, 9.84526062012, 10.2632198334, 10.6811790466, 11.110748291, 11.5403175354, 11.9698867798, 12.3994560242],
