{
"metadata": {
    "version": {
        "essentia": "2.1-beta5",
        "essentia_git_sha": "Undefined",
        "extractor": "music 2.0"
    },
    "audio_properties": {
        "analysis": {
            "equal_loudness": 0,
            "length": 48.7502937317,
            "sample_rate": 44100,
            "start_time": 110.236732483,
            "downmix": "mix"
        },
        "bit_rate": 192000,
        "length": 210.407623291,
        "lossless": 0,
        "number_channels": 2,
        "replay_gain": -7.70568275452,
        "sample_rate": 48000,
        "codec": "mp3",
        "md5_encoded": "ba9968b3abfef5310088af2f04433deb"
    },
    "tags": {
        "file_name": "Yugoslavia_Neke Davne Zvezde_Ljiljana Petrović.mp3",
        "encoding": ["Lavf58.29.100"]
    }
},
"lowlevel": {
    "average_loudness": 0.0593950003386,
    "barkbands_crest": {
        "max": 25.7865314484,
        "mean": 10.4112443924,
        "min": 2.76038742065,
        "stdev": 4.81764698029
    },
    "barkbands_flatness_db": {
        "max": 0.427271962166,
        "mean": 0.216415449977,
        "min": 0.0702762305737,
        "stdev": 0.0560276210308
    },
    "barkbands_kurtosis": {
        "max": 64.7891464233,
        "mean": 2.34958910942,
        "min": -1.90861809254,
        "stdev": 5.96280097961
    },
    "barkbands_skewness": {
        "max": 7.53471040726,
        "mean": 0.931975364685,
        "min": -2.43444705009,
        "stdev": 1.1534768343
    },
    "barkbands_spread": {
        "max": 48.1632003784,
        "mean": 14.0564985275,
        "min": 1.08218848705,
        "stdev": 7.84677886963
    },
    "dissonance": {
        "max": 0.499943614006,
        "mean": 0.445894867182,
        "min": 0.203369811177,
        "stdev": 0.0408560745418
    },
    "dynamic_complexity": 5.55482769012,
    "erbbands_crest": {
        "max": 30.8567657471,
        "mean": 11.8497171402,
        "min": 3.53206825256,
        "stdev": 5.06039333344
    },
    "erbbands_flatness_db": {
        "max": 0.467430233955,
        "mean": 0.284536480904,
        "min": 0.15513792634,
        "stdev": 0.0482755713165
    },
    "erbbands_kurtosis": {
        "max": 26.5051574707,
        "mean": 0.795894622803,
        "min": -1.86206865311,
        "stdev": 2.56418395042
    },
    "erbbands_skewness": {
        "max": 3.47533130646,
        "mean": 0.422098129988,
        "min": -2.16534924507,
        "stdev": 0.873598694801
    },
    "erbbands_spread": {
        "max": 96.7536468506,
        "mean": 21.6799926758,
        "min": 1.14204895496,
        "stdev": 9.98425197601
    },
    "hfc": {
        "max": 279.155212402,
        "mean": 10.4181804657,
        "min": 0.042963411659,
        "stdev": 22.1583137512
    },
    "loudness_ebu128": {
        "integrated": -19.5163097382,
        "loudness_range": 13.0266208649,
        "momentary": {
            "max": -8.67312526703,
            "mean": -23.4959411621,
            "min": -37.6167068481,
            "stdev": 5.49183034897
        },
        "short_term": {
            "max": -13.1883335114,
            "mean": -21.9294128418,
            "min": -29.8271331787,
            "stdev": 4.05779218674
        }
    },
    "melbands_crest": {
        "max": 32.3227462769,
        "mean": 13.4237709045,
        "min": 3.72265076637,
        "stdev": 5.95813560486
    },
    "melbands_flatness_db": {
        "max": 0.419709354639,
        "mean": 0.214905500412,
        "min": 0.070697426796,
        "stdev": 0.0665782243013
    },
    "melbands_kurtosis": {
        "max": 104.644607544,
        "mean": 5.04786539078,
        "min": -1.81103718281,
        "stdev": 10.3266830444
    },
    "melbands_skewness": {
        "max": 8.54476356506,
        "mean": 1.41303861141,
        "min": -1.98193860054,
        "stdev": 1.24681556225
    },
    "melbands_spread": {
        "max": 131.434082031,
        "mean": 24.0060768127,
        "min": 1.57525682449,
        "stdev": 15.9723014832
    },
    "pitch_salience": {
        "max": 0.83758354187,
        "mean": 0.53682243824,
        "min": 0.14251357317,
        "stdev": 0.108481198549
    },
    "silence_rate_20dB": {
        "max": 1,
        "mean": 1,
        "min": 1,
        "stdev": 0
    },
    "silence_rate_30dB": {
        "max": 1,
        "mean": 0.984769165516,
        "min": 0,
        "stdev": 0.12247081846
    },
    "silence_rate_60dB": {
        "max": 1,
        "mean": 0.438362687826,
        "min": 0,
        "stdev": 0.496187865734
    },
    "spectral_centroid": {
        "max": 3340.1574707,
        "mean": 1529.05578613,
        "min": 317.225006104,
        "stdev": 699.023498535
    },
    "spectral_complexity": {
        "max": 24,
        "mean": 9.10328388214,
        "min": 0,
        "stdev": 5.07930421829
    },
    "spectral_decrease": {
        "max": -1.53071132158e-11,
        "mean": -2.2416850598e-09,
        "min": -6.86760088797e-08,
        "stdev": 5.14111286876e-09
    },
    "spectral_energy": {
        "max": 0.282258272171,
        "mean": 0.00940557941794,
        "min": 6.20418286417e-05,
        "stdev": 0.0213559661061
    },
    "spectral_energyband_high": {
        "max": 0.00590874953195,
        "mean": 0.000139295632835,
        "min": 2.23659156973e-07,
        "stdev": 0.000369449669961
    },
    "spectral_energyband_low": {
        "max": 0.00125273817685,
        "mean": 3.48361500073e-05,
        "min": 3.96747566356e-07,
        "stdev": 8.37179468363e-05
    },
    "spectral_energyband_middle_high": {
        "max": 0.251205503941,
        "mean": 0.00590290920809,
        "min": 1.23218096633e-05,
        "stdev": 0.0180749800056
    },
    "spectral_energyband_middle_low": {
        "max": 0.194726601243,
        "mean": 0.00441933842376,
        "min": 3.89960150642e-05,
        "stdev": 0.0112165426835
    },
    "spectral_entropy": {
        "max": 8.55251216888,
        "mean": 7.04546117783,
        "min": 5.47669029236,
        "stdev": 0.40506914258
    },
    "spectral_flux": {
        "max": 0.369222700596,
        "mean": 0.0405063331127,
        "min": 0.00369153195061,
        "stdev": 0.0385045930743
    },
    "spectral_kurtosis": {
        "max": 47.5030174255,
        "mean": 7.07830572128,
        "min": -0.778645277023,
        "stdev": 5.39190816879
    },
    "spectral_rms": {
        "max": 0.0165943950415,
        "mean": 0.00234461901709,
        "min": 0.000246025621891,
        "stdev": 0.00191805744544
    },
    "spectral_rolloff": {
        "max": 6955.22460938,
        "mean": 1854.24768066,
        "min": 258.3984375,
        "stdev": 992.28527832
    },
    "spectral_skewness": {
        "max": 5.20231294632,
        "mean": 1.52661657333,
        "min": 0.00203707139008,
        "stdev": 0.702954888344
    },
    "spectral_spread": {
        "max": 23618742,
        "mean": 2563704.75,
        "min": 1352657.5,
        "stdev": 768335.1875
    },
    "spectral_strongpeak": {
        "max": 13.7419061661,
        "mean": 1.35397672653,
        "min": 0.0176101587713,
        "stdev": 1.74438726902
    },
    "zerocrossingrate": {
        "max": 0.16650390625,
        "mean": 0.0615910664201,
        "min": 0.0107421875,
        "stdev": 0.0263451896608
    },
    "barkbands": {
        "max": [3.27744237438e-05, 0.000268128758762, 0.000567598675843, 0.000759214512073, 0.00307178683579, 0.0127628128976, 0.090230949223, 0.146258428693, 0.0565492659807, 0.25174421072, 0.039095453918, 0.134346872568, 0.0432116091251, 0.0922319367528, 0.0172605663538, 0.0221965704113, 0.0195367671549, 0.00673931045458, 0.00441300403327, 0.0076232845895, 0.00130238593556, 0.000277571321931, 0.000696349423379, 6.41233345959e-05, 7.1212008379e-07, 3.47609670825e-07, 3.67080417618e-07],
        "mean": [5.43588384971e-07, 6.04514752922e-06, 1.27016901388e-05, 2.82734999928e-05, 0.00012870147475, 0.000685937236995, 0.000875864003319, 0.00057481933618, 0.000734610017389, 0.00268894201145, 0.000321366853314, 0.00124908029102, 0.000289963674732, 0.000427057791967, 0.000205313044717, 0.000248012860538, 0.000298498547636, 0.000193234125618, 0.000251207122346, 0.000130224434542, 2.96141843137e-05, 1.02009598777e-05, 1.36053959068e-05, 1.72428872247e-06, 5.18849212483e-08, 6.40639041816e-10, 6.76525835352e-10],
        "min": [1.26225618846e-09, 4.65384282222e-08, 4.38223786148e-08, 1.39355869067e-08, 5.43408987141e-07, 1.27534508465e-06, 1.64441843253e-07, 6.21775427589e-07, 5.48355728824e-07, 3.98181242645e-07, 1.18551824357e-07, 4.31848548033e-07, 2.97230485558e-07, 5.50627760276e-07, 3.01956816884e-07, 2.3878101274e-07, 3.27469535932e-07, 2.14861145764e-07, 2.41853427951e-07, 1.42650151247e-07, 5.35272235425e-08, 3.01509324174e-08, 1.97569924865e-08, 2.19092495257e-08, 9.85081261007e-09, 1.75355077681e-11, 2.49759952303e-11],
        "stdev": [1.61030447998e-06, 1.61674070114e-05, 3.04462519125e-05, 6.82579484419e-05, 0.000225498224609, 0.00126427214127, 0.00394536973909, 0.00506933359429, 0.0025419187732, 0.0133935892954, 0.00168404448777, 0.00604818947613, 0.00146516389214, 0.00267371255904, 0.000836614577565, 0.00134598114528, 0.00126450683456, 0.000500709225889, 0.000457515416201, 0.000403521087719, 8.93719188753e-05, 2.00630274776e-05, 3.6726189137e-05, 4.3345571612e-06, 3.10624876931e-08, 1.07477173827e-08, 1.13465929985e-08]
    },
    "erbbands": {
        "max": [0.0125622982159, 0.0655842125416, 0.392381191254, 2.39261198044, 2.27401614189, 15.0084619522, 65.2892837524, 130.052581787, 1188.57250977, 1008.67724609, 3056.78198242, 1128.9362793, 9044.65429688, 1698.76037598, 461.149169922, 6528.9921875, 1591.16064453, 3159.4753418, 1850.5916748, 1688.26757812, 626.043212891, 1332.70812988, 393.04574585, 290.842376709, 124.06893158, 532.495178223, 83.2355957031, 24.4730415344, 9.30556488037, 19.0286521912, 16.4338607788, 2.85548424721, 0.492250442505, 0.0168155822903, 0.00273907976225, 0.00140511814971, 0.000647137290798, 0.000229969955399, 0.000150334861246, 0.000333798321662],
        "mean": [0.000140388088766, 0.00161783013027, 0.0113593386486, 0.0681814998388, 0.235843867064, 0.407930791378, 2.04872274399, 6.80615997314, 15.773525238, 6.12568283081, 15.4310007095, 19.01014328, 89.9890213013, 30.0129318237, 14.1396121979, 56.6233406067, 20.7009162903, 19.6004199982, 14.4551753998, 16.4091300964, 10.1540689468, 16.8313026428, 11.0119199753, 13.3255529404, 9.74756336212, 7.97966575623, 2.09280133247, 0.748207271099, 0.319246739149, 0.483136922121, 0.335094869137, 0.0890496298671, 0.00955261196941, 0.00120723212603, 0.000201029106393, 1.841312951e-05, 7.07324579707e-06, 2.59919147538e-06, 5.63863932257e-06, 1.15651228043e-05],
        "min": [1.73227988398e-06, 1.54612716869e-05, 7.56635345169e-05, 0.000215537831536, 0.000821920169983, 0.00141436373815, 0.00689067272469, 0.0112549262121, 0.0100664673373, 0.0294610969722, 0.0235089082271, 0.0144972139969, 0.0218022875488, 0.02089250274, 0.0172017086297, 0.0282130017877, 0.0276866201311, 0.0395687632263, 0.0266530755907, 0.0328638479114, 0.0249088760465, 0.0157707706094, 0.0166241750121, 0.0163256172091, 0.00827976688743, 0.00669473363087, 0.00316691794433, 0.00206828559749, 0.00108908710536, 0.000683127320372, 0.000564147252589, 0.000459665403469, 0.000290392286843, 0.000161160540301, 3.59384648618e-05, 1.23507538774e-06, 2.16020197286e-07, 5.24855998663e-08, 4.62982647775e-08, 7.47870458895e-08],
        "stdev": [0.000407681247452, 0.00424017058685, 0.0255153421313, 0.178890585899, 0.300587654114, 0.937087059021, 5.6593837738, 12.6742601395, 61.9826469421, 40.8322486877, 117.437850952, 55.4903678894, 456.728149414, 112.654998779, 34.8355560303, 288.155029297, 73.6977996826, 101.75629425, 63.1262512207, 78.9943313599, 35.0497169495, 78.1020431519, 30.7802429199, 29.6755962372, 16.2797145844, 27.3547954559, 6.31117153168, 1.78742754459, 0.611400902271, 1.34718108177, 0.843962728977, 0.209439083934, 0.0231221318245, 0.000922877748962, 0.000135436552227, 4.834500578e-05, 2.27557447943e-05, 8.17268119135e-06, 1.20525883176e-05, 2.57032497757e-05]
    },
    "gfcc": {
        "mean": [-151.574920654, 127.733398438, -207.981826782, 13.4907855988, -82.4174423218, -14.5966777802, -28.5729179382, -15.9179162979, -8.03159141541, -24.4936790466, 9.55794048309, -18.4529438019, -1.07458114624],
        "cov": [[3389.14257812, -838.509460449, -1153.61218262, 88.4045791626, -24.7862319946, -222.226837158, 605.036743164, -143.488311768, 200.916213989, -33.3130455017, 143.094207764, 179.965118408, -110.306221008], [-838.509460449, 555.894470215, 400.682556152, -172.530487061, 80.2963180542, 21.7439537048, -174.016418457, 11.9858608246, -97.0294342041, -12.3855876923, -49.1872749329, -92.0686950684, 45.3348083496], [-1153.61218262, 400.682556152, 634.52935791, -17.5206260681, -30.7847270966, 117.414390564, -222.704879761, 13.0584039688, -85.8250579834, -13.4116973877, -34.8508377075, -63.576839447, 32.9672737122], [88.4045791626, -172.530487061, -17.5206260681, 656.01574707, 149.037872314, -5.1115231514, -47.5796508789, 27.6421356201, 34.9682617188, -38.2108726501, -122.166679382, 4.13787031174, -52.5025520325], [-24.7862319946, 80.2963180542, -30.7847270966, 149.037872314, 222.221054077, -4.73708105087, -42.897605896, 43.7517166138, -14.3024721146, -2.42508649826, -67.1479873657, -44.3686981201, -4.93991565704], [-222.226837158, 21.7439537048, 117.414390564, -5.1115231514, -4.73708105087, 308.009796143, 60.3264160156, -16.7112617493, -33.7918319702, -20.790681839, -19.8741531372, -43.2021827698, -29.3747406006], [605.036743164, -174.016418457, -222.704879761, -47.5796508789, -42.897605896, 60.3264160156, 311.897583008, 4.17214107513, -31.5903129578, 5.56630802155, 49.7226142883, 11.6349430084, -39.4948539734], [-143.488311768, 11.9858608246, 13.0584039688, 27.6421356201, 43.7517166138, -16.7112617493, 4.17214107513, 120.495498657, 35.5346908569, 19.8107852936, -16.6237030029, -14.1240005493, 7.02987289429], [200.916213989, -97.0294342041, -85.8250579834, 34.9682617188, -14.3024721146, -33.7918319702, -31.5903129578, 35.5346908569, 159.670761108, 42.4165306091, 7.42607021332, 30.9412727356, -12.942905426], [-33.3130455017, -12.3855876923, -13.4116973877, -38.2108726501, -2.42508649826, -20.790681839, 5.56630802155, 19.8107852936, 42.4165306091, 97.4509353638, 51.7586326599, -1.33968102932, -0.979908883572], [143.094207764, -49.1872749329, -34.8508377075, -122.166679382, -67.1479873657, -19.8741531372, 49.7226142883, -16.6237030029, 7.42607021332, 51.7586326599, 135.416793823, 47.4782905579, -11.2544651031], [179.965118408, -92.0686950684, -63.576839447, 4.13787031174, -44.3686981201, -43.2021827698, 11.6349430084, -14.1240005493, 30.9412727356, -1.33968102932, 47.4782905579, 102.979248047, 38.0533218384], [-110.306221008, 45.3348083496, 32.9672737122, -52.5025520325, -4.93991565704, -29.3747406006, -39.4948539734, 7.02987289429, -12.942905426, -0.979908883572, -11.2544651031, 38.0533218384, 106.967399597]],
        "icov": [[0.00202141865157, 0.000670535606332, 0.000994584988803, -0.000134104964673, -0.00194303656463, 0.00166972412262, -0.00379837630317, 0.00385652389377, -0.00419083796442, 0.00365236634389, -0.00229692133144, 0.00125000148546, -0.00101910519879], [0.000670535606332, 0.00755940470845, -0.00473778462037, 0.00304635544308, -0.00568040087819, 0.00245957868174, -0.00177098228596, 0.00283169816248, -0.00151281349827, 0.00203518569469, 0.00054006424034, 0.00227736309171, -0.000901564431842], [0.000994584988803, -0.00473778462037, 0.00794482044876, -0.00261967186816, 0.00476789334789, -0.0024383161217, 0.00228297966532, -0.00143298751209, 0.00123402266763, 0.000410560751334, -0.00260003400035, 0.000655890675262, -0.000566919974517], [-0.000134104964673, 0.00304635544308, -0.00261967186816, 0.00406199367717, -0.00349703687243, 0.00084213441005, -8.38570922497e-05, 0.000372725276975, 0.00039697799366, -0.000936029129662, 0.00441491045058, -0.00320160179399, 0.00302896089852], [-0.00194303656463, -0.00568040087819, 0.00476789334789, -0.00349703687243, 0.0133393602446, -0.00376595999114, 0.00669689197093, -0.00796453561634, 0.00740864966065, -0.00600680150092, 0.00273591955192, -0.000216294560232, 0.00100200704765], [0.00166972412262, 0.00245957868174, -0.0024383161217, 0.00084213441005, -0.00376595999114, 0.00657509453595, -0.00592726701871, 0.00526904175058, -0.00504716066644, 0.00429982831702, -0.00116588873789, 0.00263497722335, -0.000690176442731], [-0.00379837630317, -0.00177098228596, 0.00228297966532, -8.38570922497e-05, 0.00669689197093, -0.00592726701871, 0.0149217443541, -0.0108483582735, 0.0127065656707, -0.00840994156897, 0.00355183659121, -0.00335854152218, 0.0040217647329], [0.00385652389377, 0.00283169816248, -0.00143298751209, 0.000372725276975, -0.00796453561634, 0.00526904175058, -0.0108483582735, 0.0197347551584, -0.0132152074948, 0.00710101984441, -0.00407165614888, 0.00526499422267, -0.00465730158612], [-0.00419083796442, -0.00151281349827, 0.00123402266763, 0.00039697799366, 0.00740864966065, -0.00504716066644, 0.0127065656707, -0.0132152074948, 0.0223682429641, -0.0152770532295, 0.00989057123661, -0.00979695282876, 0.00774265313521], [0.00365236634389, 0.00203518569469, 0.000410560751334, -0.000936029129662, -0.00600680150092, 0.00429982831702, -0.00840994156897, 0.00710101984441, -0.0152770532295, 0.0269194934517, -0.0167880728841, 0.0125755714253, -0.00819253642112], [-0.00229692133144, 0.00054006424034, -0.00260003400035, 0.00441491045058, 0.00273591955192, -0.00116588873789, 0.00355183659121, -0.00407165614888, 0.00989057123661, -0.0167880728841, 0.0253606792539, -0.016647009179, 0.0113893439993], [0.00125000148546, 0.00227736309171, 0.000655890675262, -0.00320160179399, -0.000216294560232, 0.00263497722335, -0.00335854152218, 0.00526499422267, -0.00979695282876, 0.0125755714253, -0.016647009179, 0.0286603476852, -0.0153397470713], [-0.00101910519879, -0.000901564431842, -0.000566919974517, 0.00302896089852, 0.00100200704765, -0.000690176442731, 0.0040217647329, -0.00465730158612, 0.00774265313521, -0.00819253642112, 0.0113893439993, -0.0153397470713, 0.0195061825216]]
    },
    "melbands": {
        "max": [8.25186943985e-05, 0.000176790970727, 0.000319366896292, 0.000457429268863, 0.00176947831642, 0.00393257848918, 0.0193570498377, 0.0180336125195, 0.0210609659553, 0.00609001051635, 0.0463134124875, 0.00645161652938, 0.00287936162204, 0.00968506466597, 0.0124939726666, 0.00138820928987, 0.00768153043464, 0.00482592871413, 0.00137711456046, 0.00236407155171, 0.000443785858806, 0.00172233430203, 0.000350244343281, 0.00053902954096, 0.000298531434964, 0.000128252664581, 0.000174580025487, 0.000363589148037, 6.41713413643e-05, 2.80518306681e-05, 2.14019346458e-05, 5.4737542996e-06, 6.03718217462e-06, 1.45843532664e-05, 1.22355422718e-05, 4.01535044148e-06, 1.20942081594e-06, 4.30898694503e-07, 1.70156582158e-08, 4.41779546279e-09],
        "mean": [1.47346486301e-06, 5.24504503119e-06, 1.57628091983e-05, 2.23952047236e-05, 5.96775134909e-05, 0.000169284117874, 0.000213968931348, 6.96334900567e-05, 0.000128096871777, 0.000111900539196, 0.000462962751044, 0.000135047128424, 4.11102773796e-05, 9.9970093288e-05, 0.000125419275719, 2.48505984928e-05, 3.97821277147e-05, 2.66537426796e-05, 1.52957181854e-05, 2.49474651355e-05, 9.41637335927e-06, 2.05137203011e-05, 9.94255060505e-06, 9.01205021364e-06, 1.14734075396e-05, 7.31250611352e-06, 5.14825433129e-06, 5.40308474228e-06, 1.24424650494e-06, 6.65463574023e-07, 3.63966677241e-07, 1.7177353584e-07, 1.88077009966e-07, 3.04340574075e-07, 2.15205886889e-07, 9.74944853738e-08, 3.70446286979e-08, 5.86984905127e-09, 1.06472652917e-09, 7.31399274478e-10],
        "min": [1.26957271362e-08, 4.12843554898e-08, 4.9123741519e-08, 1.11415239701e-07, 1.13653754852e-07, 2.97691514106e-07, 3.32973790762e-08, 3.24537012375e-07, 1.61236229701e-07, 9.15039279903e-08, 5.00407892901e-08, 4.39302105804e-08, 2.84006471674e-08, 6.72409683489e-08, 4.32221227697e-08, 2.64477861833e-08, 3.26585087862e-08, 4.61056330892e-08, 2.93098469939e-08, 2.23020339973e-08, 1.77599375206e-08, 1.42538345571e-08, 9.56122647722e-09, 4.61750104819e-09, 1.03081445602e-08, 7.79664244277e-09, 3.75593112167e-09, 4.33916191867e-09, 1.2060927812e-09, 1.23760279802e-09, 7.70745078871e-10, 4.7682263693e-10, 2.64489569135e-10, 3.69317354476e-10, 3.1550642654e-10, 2.85698076308e-10, 2.5645291446e-10, 1.44093154075e-10, 1.42583667095e-10, 1.19250762043e-10],
        "stdev": [3.9021279008e-06, 1.15681268653e-05, 2.64684877038e-05, 3.38954887411e-05, 0.000156451103976, 0.000327752553858, 0.000879681203514, 0.000584417604841, 0.000830044504255, 0.000348332861904, 0.00236025126651, 0.000527089054231, 0.000142178396345, 0.000448064267403, 0.000614802469499, 7.5815107266e-05, 0.000239714878262, 0.000146158927237, 5.78958934057e-05, 0.000143841214594, 2.89977979264e-05, 0.000101968660601, 2.562663758e-05, 2.92343211186e-05, 2.8517741157e-05, 1.19095539048e-05, 1.06166899059e-05, 1.9834986233e-05, 4.40784788225e-06, 1.93630444301e-06, 1.150467142e-06, 3.57828781716e-07, 4.29324472861e-07, 1.00119075341e-06, 5.74921784846e-07, 2.41876307427e-07, 9.58931707373e-08, 1.76427690235e-08, 7.86473497438e-10, 4.01343513978e-10]
    },
    "melbands128": {
        "max": [2.19342746277e-05, 0.000123023855849, 0.000108413762064, 0.000127741805045, 0.000178348185727, 0.000361316895578, 0.000618301157374, 0.00025517330505, 0.000313795782859, 0.000297305290587, 0.00102535565384, 0.00136929296423, 0.0027254302986, 0.0048913503997, 0.00455649243668, 0.00671577919275, 0.0154518773779, 0.0346872061491, 0.0245272405446, 0.0125804394484, 0.0296092927456, 0.0496045127511, 0.0229754950851, 0.0223117470741, 0.0081719905138, 0.00841790996492, 0.00928519293666, 0.0917666107416, 0.0386997684836, 0.0113649992272, 0.0146592464298, 0.0099750738591, 0.00306787132286, 0.0025605740957, 0.00577337760478, 0.00596156762913, 0.0427282750607, 0.0113562913612, 0.0116852130741, 0.00214390107431, 0.00189860584214, 0.00260981731117, 0.00328131346032, 0.0211527645588, 0.00945610087365, 0.00282894540578, 0.00246823299676, 0.000535456521902, 0.00188899820205, 0.00559884449467, 0.00522606493905, 0.00166979734786, 0.000287667295197, 0.000574301520828, 0.00272970390506, 0.00358653045259, 0.00231791753322, 0.000541289628018, 0.000546459399629, 0.000987298437394, 0.00120426272042, 0.000348531611962, 0.000548103882466, 0.000626456632745, 0.000215312815271, 0.000250816432526, 0.000260119239101, 0.000107891166408, 8.22519941721e-05, 0.000532781006768, 0.000747525424231, 0.00015739929222, 8.47113478812e-05, 0.000136225600727, 0.00013099971693, 3.77065553039e-05, 5.16059044458e-05, 1.01552441265e-05, 4.61309828097e-05, 1.87272107723e-05, 6.95894004821e-06, 3.92778156311e-06, 7.17089096725e-06, 7.48523279981e-06, 9.07580852072e-06, 1.36281660161e-05, 2.77665894828e-05, 2.43825488724e-05, 1.48769531734e-05, 9.02509418665e-06, 7.13952658771e-06, 2.42200781031e-06, 2.00508679882e-06, 1.64858295193e-06, 7.66279924846e-07, 7.18811065781e-07, 3.83861902264e-07, 3.1520958288e-08, 1.45965355358e-08, 3.48414097573e-08, 8.37518943086e-09, 5.29526733573e-09, 3.32695493377e-09, 3.47675332968e-09, 3.11255066165e-09, 2.74193645566e-09, 2.61849852912e-09, 2.50374765365e-09, 2.39780173494e-09, 2.29929164597e-09, 2.1958488361e-09, 2.11459783017e-09, 2.03752370531e-09, 1.96439065014e-09, 1.89918281102e-09, 1.83250847829e-09, 1.7729613333e-09, 1.72262870635e-09, 1.67109859284e-09, 1.62749602683e-09, 1.58562185604e-09, 1.5512214846e-09, 1.51898837952e-09, 1.49191847765e-09, 1.47068612844e-09, 1.45266887408e-09, 1.44094725041e-09, 1.43317213652e-09],
        "mean": [2.8367816185e-07, 9.43103600548e-07, 1.87312923572e-06, 2.66993333753e-06, 3.87720001527e-06, 7.19372837921e-06, 1.38549321491e-05, 1.31719780256e-05, 2.71224198514e-05, 2.29454635701e-05, 1.74493216036e-05, 2.96763118968e-05, 6.13028096268e-05, 0.000110208449769, 0.000118423486128, 0.000188616948435, 0.000377116288291, 0.00019630479801, 6.29791247775e-05, 4.14314599766e-05, 7.68870231695e-05, 0.000133765584906, 0.0001474389137, 0.000107099142042, 9.8439733847e-05, 0.000107876032416, 0.000154452383867, 0.000741575204302, 0.000507128424942, 8.58984567458e-05, 6.93237452651e-05, 4.7568577429e-05, 3.81475547329e-05, 3.57290591637e-05, 3.79838784283e-05, 7.59345275583e-05, 0.000285052257823, 0.000135886919452, 3.72066278942e-05, 2.72018260148e-05, 2.27161744988e-05, 1.97507379198e-05, 2.78444713331e-05, 7.17390721547e-05, 3.22319901898e-05, 1.69800860021e-05, 1.8868538973e-05, 8.99337101146e-06, 1.27896719277e-05, 3.32067538693e-05, 3.33338648488e-05, 9.64928312897e-06, 4.67427889816e-06, 6.29768692306e-06, 2.5062394343e-05, 2.86191316263e-05, 1.01158038888e-05, 9.20464935916e-06, 1.0159361409e-05, 1.00813640529e-05, 9.32234888751e-06, 7.57225370762e-06, 1.08419944809e-05, 1.56950736709e-05, 7.04243666405e-06, 4.48600303571e-06, 1.07099758679e-05, 6.08095751886e-06, 2.1708103759e-06, 5.12669430464e-06, 9.59697990766e-06, 2.58812178799e-06, 1.1182568187e-06, 1.37646634357e-06, 8.79793503827e-07, 7.45256954815e-07, 5.74578734813e-07, 2.57118387026e-07, 4.14326507325e-07, 3.93602277882e-07, 1.56604514245e-07, 1.01014315135e-07, 1.18330163446e-07, 2.05214291782e-07, 2.20620705704e-07, 3.38041274972e-07, 3.33418853415e-07, 2.27084370863e-07, 2.27744763492e-07, 2.02435970209e-07, 1.19325932246e-07, 6.48800266845e-08, 5.76675809327e-08, 4.66343124117e-08, 1.70982481507e-08, 8.31773139254e-09, 3.86693610466e-09, 1.30223865025e-09, 1.0110565718e-09, 9.12100894812e-10, 8.26535617726e-10, 7.31304072854e-10, 5.90846094273e-10, 3.91780496933e-10, 7.43010097892e-11, 5.07373613609e-12, 4.79004986717e-12, 4.590920092e-12, 4.39823741663e-12, 4.21729751815e-12, 4.05436795248e-12, 3.91071246567e-12, 3.75760837376e-12, 3.62128382836e-12, 3.50373441198e-12, 3.39511947202e-12, 3.29724463878e-12, 3.18018745019e-12, 3.08963748683e-12, 3.00825315179e-12, 2.93091766135e-12, 2.86981267743e-12, 2.81943739189e-12, 2.76293050938e-12, 2.68665406762e-12, 2.5861435389e-12, 2.52752810001e-12, 2.50855109254e-12],
        "min": [7.59603907552e-11, 5.1063993034e-09, 4.62285942859e-09, 3.38702466074e-09, 1.54532875385e-09, 1.34823991971e-08, 1.65176530231e-08, 4.30031743548e-09, 2.29236363225e-08, 2.98154034795e-08, 1.94239255791e-08, 2.80453669177e-08, 3.97589658974e-08, 1.0491137914e-07, 8.81334472069e-08, 2.11303108344e-09, 1.49069538935e-08, 2.12889368356e-08, 2.49012490627e-08, 2.4207134075e-08, 7.12681043069e-08, 7.18046422321e-08, 1.66769371646e-08, 2.39302284655e-08, 1.40467921739e-08, 6.7934458059e-09, 3.46659945194e-09, 1.96970724176e-08, 2.06169303851e-08, 8.47180103847e-09, 3.46629813741e-09, 1.6376694445e-09, 4.85424944685e-09, 4.92341234448e-09, 6.88941392823e-09, 9.7415480127e-09, 1.00170707285e-08, 6.75305811271e-09, 8.19121037665e-09, 9.26522325528e-09, 5.95785376589e-09, 7.08494685142e-09, 2.47115767849e-08, 9.6682803985e-09, 6.1852576394e-09, 2.14792938991e-09, 3.56139673308e-09, 1.65517999307e-09, 1.17906004959e-08, 5.46351808239e-09, 1.33991884255e-08, 4.45830838913e-09, 4.91097340571e-09, 2.15013939986e-09, 6.0256595269e-09, 4.03676292393e-09, 4.1193990441e-09, 7.9145268117e-09, 9.09310404751e-09, 2.46387710234e-09, 3.23453464013e-09, 4.7251380586e-09, 3.62804852827e-09, 4.03418809469e-09, 3.52542395277e-09, 3.78166786774e-09, 3.37361405478e-09, 3.510929103e-09, 1.27836674579e-09, 1.3904460916e-09, 2.00845962084e-09, 7.2876465973e-10, 9.84476389299e-10, 6.27257579211e-10, 8.94243734617e-10, 1.03527186823e-09, 2.92387836165e-10, 1.88507126575e-10, 2.73705336173e-10, 4.04596134373e-10, 3.00539787501e-10, 2.66265565152e-10, 2.94595903227e-10, 1.92149463007e-10, 2.42429881725e-10, 2.14834566803e-10, 3.43109957113e-10, 2.7583427209e-10, 2.50889531372e-10, 1.8635246124e-10, 1.90853902127e-10, 1.04793257405e-10, 2.67586092173e-10, 2.50421128278e-10, 1.29777341651e-10, 1.02728055229e-10, 8.38726518793e-11, 8.2126895562e-11, 5.50409683109e-11, 6.50223624943e-11, 7.47680112267e-11, 7.8838678641e-11, 7.91480908591e-11, 5.19862208836e-11, 2.10613796368e-12, 7.42617434018e-14, 5.55358269951e-14, 6.86224487607e-14, 7.99232574111e-14, 7.80366575396e-14, 8.76999075574e-14, 7.9320461332e-14, 5.33860777037e-14, 7.6504144545e-14, 6.84754377224e-14, 8.09804968308e-14, 7.74581475891e-14, 7.3979132553e-14, 9.03564468255e-14, 7.1401496098e-14, 7.25546467524e-14, 7.80930089475e-14, 7.925397941e-14, 5.65298201587e-14, 5.48665083364e-14, 2.21136856656e-14, 2.79963532012e-15, 9.3581900696e-17],
        "stdev": [8.48381489504e-07, 3.40554947798e-06, 5.78070012125e-06, 7.9735991676e-06, 1.11545577965e-05, 1.85743047041e-05, 4.56006855529e-05, 2.46507825068e-05, 3.92000511056e-05, 3.37052078976e-05, 6.09635171713e-05, 9.4576353149e-05, 0.000219663750613, 0.000360278529115, 0.000315365643473, 0.000463288335595, 0.00131908385083, 0.00126436934806, 0.000762639450841, 0.000370592839317, 0.000810476951301, 0.00177800562233, 0.000833919970319, 0.000689890235662, 0.000426790997153, 0.000513957464136, 0.000696370319929, 0.00433859555051, 0.00269552692771, 0.000391191599192, 0.000554481521249, 0.000359721190762, 0.000147371465573, 0.000121244891488, 0.000219657013076, 0.00036707308027, 0.0018032718217, 0.000720248965081, 0.000337081786711, 0.000110366367153, 9.4336377515e-05, 8.87217538548e-05, 0.000120368284115, 0.000633202434983, 0.000268144503934, 0.000121802229842, 6.70977387927e-05, 3.21071602229e-05, 9.7068856121e-05, 0.000209336707485, 0.000274862424703, 5.65928530705e-05, 1.58607308549e-05, 2.89136842184e-05, 0.000128170111566, 0.000187836776604, 8.48057024996e-05, 2.66922670562e-05, 3.30429356836e-05, 4.93844527227e-05, 5.19865170645e-05, 2.49306885962e-05, 3.49135443685e-05, 5.13531122124e-05, 1.84014206752e-05, 1.06274637801e-05, 2.62436587946e-05, 1.3876589037e-05, 5.51973562324e-06, 2.428699554e-05, 4.1961986426e-05, 1.03594002212e-05, 4.92498065796e-06, 6.86497287461e-06, 5.73194438402e-06, 2.19699518311e-06, 2.42442229137e-06, 9.8642294688e-07, 2.06479603548e-06, 1.15456930416e-06, 3.77704537868e-07, 2.78376774077e-07, 3.54959411197e-07, 5.42973793927e-07, 5.6709080809e-07, 1.16812964279e-06, 1.40384315728e-06, 8.69278153459e-07, 6.55304404518e-07, 5.54172970624e-07, 3.59567508212e-07, 1.83206239512e-07, 1.62844912666e-07, 1.32595360469e-07, 5.65733735414e-08, 2.89837647216e-08, 1.13788685141e-08, 1.36058531108e-09, 7.20824233635e-10, 9.32802834974e-10, 5.4405718819e-10, 4.5140521876e-10, 3.54609897002e-10, 2.49655240925e-10, 1.05982188303e-10, 8.47885164856e-11, 8.09726313777e-11, 7.74105571311e-11, 7.41258235348e-11, 7.10587283459e-11, 6.79142020399e-11, 6.53673920548e-11, 6.29854918222e-11, 6.07200192904e-11, 5.86916071299e-11, 5.66439811722e-11, 5.48013370794e-11, 5.32346181026e-11, 5.16568628151e-11, 5.02959618398e-11, 4.90132136266e-11, 4.79417235077e-11, 4.69500584244e-11, 4.61134186391e-11, 4.54516563275e-11, 4.49059713026e-11, 4.45392334125e-11, 4.43000254535e-11]
    },
    "mfcc": {
        "mean": [-762.542358398, 140.913299561, -63.0567207336, 8.4719953537, -31.7486495972, -9.99294471741, -17.6819210052, 2.49304032326, -25.5757312775, 6.59649133682, -10.2718029022, -7.45731496811, -4.19714927673],
        "cov": [[3811.54003906, -951.348571777, -1170.85510254, 321.196411133, -626.282592773, 180.230072021, -93.8230743408, 348.316040039, -164.599349976, 233.581680298, -137.363052368, 127.782646179, 94.6372909546], [-951.348571777, 746.04510498, 260.552276611, -279.853363037, 154.72958374, -136.25567627, 81.6912536621, -167.939376831, 23.7782478333, -81.4103775024, 36.2965011597, -100.452323914, -62.3778076172], [-1170.85510254, 260.552276611, 625.74395752, -106.496078491, 154.024093628, 37.5950431824, 16.6019439697, -57.5706481934, -0.697308540344, -63.6320381165, 27.8923530579, -50.4176673889, -50.4796600342], [321.196411133, -279.853363037, -106.496078491, 488.175598145, 109.440917969, -3.16625356674, -51.5280189514, 38.9362716675, 72.114982605, -46.486000061, 10.7446918488, 25.4710197449, 9.01147651672], [-626.282592773, 154.72958374, 154.024093628, 109.440917969, 363.713562012, -22.9253292084, -56.6665878296, -60.7004890442, 103.431129456, -68.9731063843, 29.5701770782, -4.92359018326, -65.3570327759], [180.230072021, -136.25567627, 37.5950431824, -3.16625356674, -22.9253292084, 226.899246216, 57.8529586792, 61.8182411194, -5.76599025726, 20.0164604187, 9.86389732361, 4.05581998825, -41.4516372681], [-93.8230743408, 81.6912536621, 16.6019439697, -51.5280189514, -56.6665878296, 57.8529586792, 236.318786621, 17.1954574585, -7.82589769363, 16.9217624664, 0.907389044762, -28.9835281372, 0.462554723024], [348.316040039, -167.939376831, -57.5706481934, 38.9362716675, -60.7004890442, 61.8182411194, 17.1954574585, 142.765563965, 4.72441053391, 31.3194637299, -14.5054883957, 13.5184335709, 15.7117462158], [-164.599349976, 23.7782478333, -0.697308540344, 72.114982605, 103.431129456, -5.76599025726, -7.82589769363, 4.72441053391, 186.057678223, -23.7138767242, 5.1615281105, -6.05447816849, -28.9049358368], [233.581680298, -81.4103775024, -63.6320381165, -46.486000061, -68.9731063843, 20.0164604187, 16.9217624664, 31.3194637299, -23.7138767242, 157.049484253, 27.7555217743, 11.2811784744, 24.8458900452], [-137.363052368, 36.2965011597, 27.8923530579, 10.7446918488, 29.5701770782, 9.86389732361, 0.907389044762, -14.5054883957, 5.1615281105, 27.7555217743, 123.005523682, 23.5006656647, -14.436167717], [127.782646179, -100.452323914, -50.4176673889, 25.4710197449, -4.92359018326, 4.05581998825, -28.9835281372, 13.5184335709, -6.05447816849, 11.2811784744, 23.5006656647, 129.483261108, 44.4302482605], [94.6372909546, -62.3778076172, -50.4796600342, 9.01147651672, -65.3570327759, -41.4516372681, 0.462554723024, 15.7117462158, -28.9049358368, 24.8458900452, -14.436167717, 44.4302482605, 134.473510742]],
        "icov": [[0.00213063671254, -0.00117619347293, 0.0031124369707, -0.00194775790442, 0.00251589412801, -0.00213187444024, 0.00192758417688, -0.00251603359357, 0.00137276365422, -0.00172632664908, 0.00216702767648, -0.00120610767044, 0.00135197816417], [-0.00117619347293, 0.00537936575711, -0.00222837878391, 0.00384795013815, -0.00315052084625, 0.00381152960472, -0.00315427104943, 0.00355145987123, -0.00113600445911, 0.0027827762533, -0.00302471523173, 0.00283614266664, -0.000551828998141], [0.0031124369707, -0.00222837878391, 0.00680628279224, -0.00244452594779, 0.0027289672289, -0.00402821041644, 0.00296990456991, -0.00370936188847, 0.00247581978329, -0.00189182150643, 0.00273329066113, -0.00113559234887, 0.00155288598035], [-0.00194775790442, 0.00384795013815, -0.00244452594779, 0.00613134680316, -0.004359905608, 0.00329513079487, -0.00262594106607, 0.00251940870658, -0.00189282977954, 0.00363131053746, -0.00363212148659, 0.00252314307727, -0.00186281115748], [0.00251589412801, -0.00315052084625, 0.0027289672289, -0.004359905608, 0.00852434057742, -0.00317831453867, 0.00370648992248, -0.00229277578183, -0.000261389504885, -0.00217736372724, 0.00283560785465, -0.00292136264034, 0.00311875669286], [-0.00213187444024, 0.00381152960472, -0.00402821041644, 0.00329513079487, -0.00317831453867, 0.00980646256357, -0.00445002410561, 0.00105730793439, -0.00116614159197, 0.0021827747114, -0.00322282873094, 0.00112344569061, 0.00153418642003], [0.00192758417688, -0.00315427104943, 0.00296990456991, -0.00262594106607, 0.00370648992248, -0.00445002410561, 0.00762673700228, -0.00317773618735, 0.00101279118098, -0.00233735074289, 0.00232587894425, -0.000651954207569, 0.000360527599696], [-0.00251603359357, 0.00355145987123, -0.00370936188847, 0.00251940870658, -0.00229277578183, 0.00105730793439, -0.00317773618735, 0.0137436175719, -0.00289871939458, 0.0014117131941, -0.00194927421398, 0.00189795461483, -0.00224672839977], [0.00137276365422, -0.00113600445911, 0.00247581978329, -0.00189282977954, -0.000261389504885, -0.00116614159197, 0.00101279118098, -0.00289871939458, 0.0077700628899, -0.000990816159174, 0.00151510466821, -0.000743268115912, 0.00167333893478], [-0.00172632664908, 0.0027827762533, -0.00189182150643, 0.00363131053746, -0.00217736372724, 0.0021827747114, -0.00233735074289, 0.0014117131941, -0.000990816159174, 0.0104033360258, -0.00516567705199, 0.00242607714608, -0.00248132739216], [0.00216702767648, -0.00302471523173, 0.00273329066113, -0.00363212148659, 0.00283560785465, -0.00322282873094, 0.00232587894425, -0.00194927421398, 0.00151510466821, -0.00516567705199, 0.0128305666149, -0.00465966481715, 0.00314284814522], [-0.00120610767044, 0.00283614266664, -0.00113559234887, 0.00252314307727, -0.00292136264034, 0.00112344569061, -0.000651954207569, 0.00189795461483, -0.000743268115912, 0.00242607714608, -0.00465966481715, 0.0119213880971, -0.00477111106738], [0.00135197816417, -0.000551828998141, 0.00155288598035, -0.00186281115748, 0.00311875669286, 0.00153418642003, 0.000360527599696, -0.00224672839977, 0.00167333893478, -0.00248132739216, 0.00314284814522, -0.00477111106738, 0.0119186127558]]
    },
    "spectral_contrast_coeffs": {
        "max": [-0.404722034931, -0.363932013512, -0.371228933334, -0.521445274353, -0.594333827496, -0.522151589394],
        "mean": [-0.677715063095, -0.717043638229, -0.723196566105, -0.753238976002, -0.748795628548, -0.729835689068],
        "min": [-0.942027747631, -0.902236282825, -0.874455213547, -0.885655403137, -0.893375098705, -0.930613040924],
        "stdev": [0.0802618488669, 0.0848202481866, 0.0838359296322, 0.0560806058347, 0.0531181134284, 0.0644020736217]
    },
    "spectral_contrast_valleys": {
        "max": [-7.48469114304, -6.35970211029, -6.48014688492, -6.77067518234, -6.7482252121, -10.594417572],
        "mean": [-9.1380443573, -7.64523124695, -8.0792093277, -8.58510398865, -8.69850063324, -12.5409965515],
        "min": [-10.9251832962, -10.1516942978, -10.6311168671, -10.3568878174, -10.7662982941, -13.6165246964],
        "stdev": [0.580260455608, 0.538902580738, 0.694765210152, 0.610024750233, 0.785635828972, 0.330718249083]
    }
},
"rhythm": {
    "beats_count": 87,
    "beats_loudness": {
        "max": 0.118544846773,
        "mean": 0.00977695081383,
        "min": 0.000220424393774,
        "stdev": 0.0193765945733
    },
    "bpm": 151.808258057,
    "bpm_histogram_first_peak_bpm": 152,
    "bpm_histogram_first_peak_weight": 0.166666686535,
    "bpm_histogram_second_peak_bpm": 88,
    "bpm_histogram_second_peak_spread": 0.399999976158,
    "bpm_histogram_second_peak_weight": 0.174418598413,
    "danceability": 0.950364053249,
    "onset_rate": 1.4765625,
    "beats_loudness_band_ratio": {
        "max": [0.280860632658, 0.942258238792, 0.946723639965, 0.946900725365, 0.505339384079, 0.426470249891],
        "mean": [0.0407087653875, 0.208145290613, 0.373566061258, 0.261062473059, 0.144371017814, 0.0610964596272],
        "min": [8.42238150653e-05, 0.000477280147607, 0.0300621315837, 0.00652605621144, 0.00172129366547, 0.00109113228973],
        "stdev": [0.0583358667791, 0.229150861502, 0.228227600455, 0.187953934073, 0.130802378058, 0.0867192819715]
    },
