{
"metadata": {
    "version": {
        "essentia": "2.1-beta5",
        "essentia_git_sha": "Undefined",
        "extractor": "music 2.0"
    },
    "audio_properties": {
        "analysis": {
            "equal_loudness": 0,
            "length": 12.7477550507,
            "sample_rate": 44100,
            "start_time": 0,
            "downmix": "mix"
        },
        "bit_rate": 192000,
        "length": 210.407623291,
        "lossless": 0,
        "number_channels": 2,
        "replay_gain": -3.89889335632,
        "sample_rate": 48000,
        "codec": "mp3",
        "md5_encoded": "ba9968b3abfef5310088af2f04433deb"
    },
    "tags": {
        "file_name": "Yugoslavia_Neke Davne Zvezde_Ljiljana Petrović.mp3",
        "encoding": ["Lavf58.29.100"]
    }
},
"lowlevel": {
    "average_loudness": 0.681635916233,
    "barkbands_crest": {
        "max": 23.7413463593,
        "mean": 8.64145946503,
        "min": 2.83647727966,
        "stdev": 4.07666254044
    },
    "barkbands_flatness_db": {
        "max": 0.437944084406,
        "mean": 0.205825462937,
        "min": 0.109498485923,
        "stdev": 0.0654875561595
    },
    "barkbands_kurtosis": {
        "max": 23.8461837769,
        "mean": 1.37629950047,
        "min": -1.82925128937,
        "stdev": 3.31413674355
    },
    "barkbands_skewness": {
        "max": 4.21194791794,
        "mean": 0.910111367702,
        "min": -2.57627153397,
        "stdev": 0.950443387032
    },
    "barkbands_spread": {
        "max": 40.6308708191,
        "mean": 13.8555450439,
        "min": 0.811176419258,
        "stdev": 7.433385849
    },
    "dissonance": {
        "max": 0.49989336729,
        "mean": 0.453249275684,
        "min": 0.228205800056,
        "stdev": 0.0461315363646
    },
    "dynamic_complexity": 5.58216714859,
    "erbbands_crest": {
        "max": 28.4360980988,
        "mean": 8.87026786804,
        "min": 3.07402920723,
        "stdev": 4.05849075317
    },
    "erbbands_flatness_db": {
        "max": 0.4818123281,
        "mean": 0.277116149664,
        "min": 0.179786741734,
        "stdev": 0.0581033937633
    },
    "erbbands_kurtosis": {
        "max": 8.03248500824,
        "mean": 0.0245806612074,
        "min": -1.87399303913,
        "stdev": 1.3222322464
    },
    "erbbands_skewness": {
        "max": 2.82455182076,
        "mean": 0.298867285252,
        "min": -2.22276592255,
        "stdev": 0.660108029842
    },
    "erbbands_spread": {
        "max": 54.9867744446,
        "mean": 22.1735076904,
        "min": 2.31349778175,
        "stdev": 8.73674297333
    },
    "hfc": {
        "max": 181.067886353,
        "mean": 8.96190834045,
        "min": 0.0181361827999,
        "stdev": 18.4496688843
    },
    "loudness_ebu128": {
        "integrated": -23.2014141083,
        "loudness_range": 11.9676074982,
        "momentary": {
            "max": -15.3374576569,
            "mean": -27.4668464661,
            "min": -35.7626647949,
            "stdev": 5.72389793396
        },
        "short_term": {
            "max": -19.7651538849,
            "mean": -25.468793869,
            "min": -32.8814544678,
            "stdev": 4.3089966774
        }
    },
    "melbands_crest": {
        "max": 29.7720394135,
        "mean": 10.651925087,
        "min": 2.96640491486,
        "stdev": 4.86568450928
    },
    "melbands_flatness_db": {
        "max": 0.497481912374,
        "mean": 0.220516830683,
        "min": 0.0747223347425,
        "stdev": 0.089868851006
    },
    "melbands_kurtosis": {
        "max": 37.7970428467,
        "mean": 3.62567973137,
        "min": -1.63627457619,
        "stdev": 5.59025430679
    },
    "melbands_skewness": {
        "max": 5.75928115845,
        "mean": 1.44397842884,
        "min": -1.60213649273,
        "stdev": 1.00792050362
    },
    "melbands_spread": {
        "max": 66.9609909058,
        "mean": 22.7373542786,
        "min": 1.75270938873,
        "stdev": 14.2264728546
    },
    "pitch_salience": {
        "max": 0.87644058466,
        "mean": 0.6336607337,
        "min": 0.25028949976,
        "stdev": 0.0859360173345
    },
    "silence_rate_20dB": {
        "max": 1,
        "mean": 1,
        "min": 1,
        "stdev": 0
    },
    "silence_rate_30dB": {
        "max": 1,
        "mean": 0.983636379242,
        "min": 0,
        "stdev": 0.126870065928
    },
    "silence_rate_60dB": {
        "max": 1,
        "mean": 0.614545464516,
        "min": 0,
        "stdev": 0.486701726913
    },
    "spectral_centroid": {
        "max": 3154.69018555,
        "mean": 1355.73925781,
        "min": 452.841796875,
        "stdev": 722.422119141
    },
    "spectral_complexity": {
        "max": 36,
        "mean": 10.6963634491,
        "min": 0,
        "stdev": 7.82400608063
    },
    "spectral_decrease": {
        "max": -1.78599919142e-12,
        "mean": -2.63092636565e-09,
        "min": -5.94004774257e-08,
        "stdev": 6.58806964537e-09
    },
    "spectral_energy": {
        "max": 0.240614265203,
        "mean": 0.0107425907627,
        "min": 8.38574123918e-06,
        "stdev": 0.0264820568264
    },
    "spectral_energyband_high": {
        "max": 0.00207996787503,
        "mean": 0.000160583047546,
        "min": 2.15134621229e-09,
        "stdev": 0.00035878532799
    },
    "spectral_energyband_low": {
        "max": 0.00724761653692,
        "mean": 7.10821332177e-05,
        "min": 4.62791902578e-08,
        "stdev": 0.00045194735867
    },
    "spectral_energyband_middle_high": {
        "max": 0.0480147786438,
        "mean": 0.00242419959977,
        "min": 8.00669295131e-06,
        "stdev": 0.00412700045854
    },
    "spectral_energyband_middle_low": {
        "max": 0.218267351389,
        "mean": 0.00815470889211,
        "min": 3.28470946442e-07,
        "stdev": 0.0234641674906
    },
    "spectral_entropy": {
        "max": 7.95918607712,
        "mean": 7.17457675934,
        "min": 5.45376586914,
        "stdev": 0.532587051392
    },
    "spectral_flux": {
        "max": 0.47193428874,
        "mean": 0.0491798147559,
        "min": 0.00289581436664,
        "stdev": 0.0628729909658
    },
    "spectral_kurtosis": {
        "max": 150.087158203,
        "mean": 13.3454637527,
        "min": -0.304178714752,
        "stdev": 18.8035564423
    },
    "spectral_rms": {
        "max": 0.0153214102611,
        "mean": 0.00229178345762,
        "min": 9.04500484467e-05,
        "stdev": 0.00228654732928
    },
    "spectral_rolloff": {
        "max": 4435.83984375,
        "mean": 1730.48742676,
        "min": 452.197265625,
        "stdev": 997.530944824
    },
    "spectral_skewness": {
        "max": 8.94366168976,
        "mean": 1.96437633038,
        "min": 0.22958125174,
        "stdev": 1.36798608303
    },
    "spectral_spread": {
        "max": 10087627,
        "mean": 2271846.75,
        "min": 534155.625,
        "stdev": 705455
    },
    "spectral_strongpeak": {
        "max": 11.42070961,
        "mean": 0.841036736965,
        "min": 0,
        "stdev": 1.17278015614
    },
    "zerocrossingrate": {
        "max": 0.1982421875,
        "mean": 0.0575026646256,
        "min": 0.01904296875,
        "stdev": 0.0274423062801
    },
    "barkbands": {
        "max": [3.62954415323e-05, 0.0061664711684, 0.0020718080923, 0.0010080387583, 0.00092418899294, 0.0460675172508, 0.170205906034, 0.0591377466917, 0.206164330244, 0.0242091249675, 0.0109393391758, 0.00647584814578, 0.00934645719826, 0.0119372168556, 0.0065475795418, 0.0098011046648, 0.00454575568438, 0.00183152919635, 0.00121359562036, 0.0017491588369, 0.000938142766245, 0.000603302847594, 0.000301270134514, 2.11557889997e-05, 5.22337984421e-07, 5.24390202372e-07, 5.58986243959e-07],
        "mean": [1.66000597801e-06, 3.92555048165e-05, 1.995463208e-05, 2.54181286437e-05, 0.000160277777468, 0.00104830903001, 0.00300899147987, 0.00185674300883, 0.00190495257266, 0.000362514896551, 0.000407272949815, 0.000268086761935, 0.000244139839197, 0.00029470352456, 0.000329502625391, 0.000214621672058, 0.00016513915034, 0.000106267762021, 9.52224654611e-05, 8.09721313999e-05, 6.54311079415e-05, 2.69063275482e-05, 1.44854902828e-05, 1.73759701738e-06, 3.24501527871e-08, 1.41172840085e-09, 1.48161949376e-09],
        "min": [4.99387509123e-09, 2.53521665883e-08, 6.42998143618e-09, 4.3492685009e-09, 3.37708101483e-08, 8.15324128212e-08, 5.04677082347e-08, 7.90476519796e-08, 6.05603531767e-08, 1.3098410534e-07, 1.69278166595e-07, 4.23135958272e-07, 6.98632049989e-08, 9.64685341387e-07, 1.25191752431e-06, 8.78351841038e-07, 1.17660442811e-06, 4.41999588929e-07, 8.15443925717e-08, 3.25885141095e-09, 2.66680927341e-10, 4.11010225854e-10, 2.76754508199e-10, 3.43705369721e-10, 2.34693819934e-10, 4.4813919936e-11, 4.30120487838e-11],
        "stdev": [3.94061316911e-06, 0.000359327328624, 0.000104663005914, 5.10417994519e-05, 0.00016546358529, 0.00347843999043, 0.0136457122862, 0.00694860424846, 0.0110220592469, 0.00138264801353, 0.000967464176938, 0.000617815821897, 0.000781346228905, 0.000951129302848, 0.000796607520897, 0.000802126014605, 0.000420395546826, 0.000247136689723, 0.000189876780496, 0.000194497726625, 0.000152035281644, 6.71330635669e-05, 3.50724621967e-05, 3.84978784496e-06, 2.28740351105e-08, 2.23774563324e-08, 2.38553745646e-08]
    },
    "erbbands": {
        "max": [0.0929650217295, 1.61217343807, 2.45957660675, 2.91127371788, 1.8205344677, 3.99144744873, 68.4593963623, 425.765472412, 1922.18505859, 2852.42651367, 1386.69958496, 5750.79101562, 1163.56030273, 962.679199219, 222.125198364, 204.379135132, 340.908111572, 638.809936523, 339.703460693, 528.762145996, 357.737609863, 236.56477356, 150.12638855, 74.8234405518, 84.5802841187, 48.7510643005, 70.8845367432, 35.6277351379, 21.8835391998, 7.26667356491, 10.6812801361, 2.19405221939, 0.251425474882, 0.00917007308453, 0.00367622356862, 0.00208046333864, 0.000970932946075, 0.000346653570887, 0.00012483431783, 0.000279560452327],
        "mean": [0.000603106745984, 0.0105107873678, 0.0236315261573, 0.0622175522149, 0.312587857246, 0.547385334969, 2.2323307991, 10.6183137894, 29.3661079407, 55.5042076111, 42.0318984985, 41.9765357971, 20.1964168549, 16.8067264557, 11.9805669785, 10.663860321, 11.3635511398, 15.3056554794, 13.0559854507, 18.3576393127, 11.3014755249, 8.70869827271, 6.60109519958, 3.43929672241, 5.57566595078, 3.08649563789, 4.45642280579, 1.71326851845, 1.04390382767, 0.490342408419, 0.417304843664, 0.100809201598, 0.014129514806, 0.000973813992459, 0.000189487938769, 2.18375407712e-05, 8.6299924078e-06, 2.87552234113e-06, 6.12124495092e-06, 1.27826706375e-05],
        "min": [1.12566578991e-06, 4.3519380597e-06, 7.89319801697e-06, 1.16242863442e-05, 3.50909576809e-05, 0.000126173370518, 0.000393677473767, 0.000730281579308, 0.000734188128263, 0.00100721290801, 0.00187969522085, 0.00126568425912, 0.00224938942119, 0.00728455046192, 0.00909706111997, 0.0160219930112, 0.00428269803524, 0.0240343734622, 0.0696638524532, 0.0490228869021, 0.0630967766047, 0.0644395649433, 0.0510971844196, 0.0193402096629, 0.00306484289467, 0.000624700740445, 4.21803597419e-05, 1.8636288587e-05, 1.6671474441e-05, 6.63797300149e-06, 1.03255488284e-05, 9.01387920749e-06, 4.39631730842e-06, 2.43619774665e-06, 1.86053637208e-06, 2.45255932896e-07, 9.79200791562e-08, 4.09123472878e-08, 1.26094237274e-08, 1.23090684312e-08],
        "stdev": [0.00479503069073, 0.0964201390743, 0.151721686125, 0.142318844795, 0.356039315462, 0.587740898132, 4.97122335434, 34.3208961487, 135.200531006, 236.167572021, 152.053985596, 282.381744385, 97.6449661255, 53.3699150085, 24.5020084381, 22.8564758301, 33.7583274841, 49.7659301758, 33.7031974792, 51.5104904175, 34.1016273499, 22.0220756531, 15.6718969345, 7.45946359634, 11.6174488068, 6.61704778671, 10.8798236847, 4.26146268845, 2.58498454094, 1.11553585529, 1.0991281271, 0.247495755553, 0.035259436816, 0.00124605942983, 0.000181161536602, 9.14240372367e-05, 4.28819766967e-05, 1.51666745296e-05, 1.38805598908e-05, 3.05249850499e-05]
    },
    "gfcc": {
        "mean": [-161.251327515, 145.964675903, -199.658813477, 5.77000570297, -73.049079895, -16.3253002167, -34.3322525024, -14.9537324905, -4.04261207581, -16.7624073029, 4.72648859024, -14.3486967087, 3.69209384918],
        "cov": [[4592.82324219, -977.426330566, -871.663146973, 658.895690918, -654.135437012, -141.238769531, 612.966796875, -388.630126953, 555.268249512, -8.76739120483, -36.5182418823, 65.50050354, -163.987533569], [-977.426330566, 860.823181152, 509.499023438, -688.476928711, 272.033203125, -171.218353271, -292.515289307, 101.643455505, -168.259033203, 31.5121059418, 30.4420681, -42.0188179016, 109.051643372], [-871.663146973, 509.499023438, 476.326171875, -287.079040527, 144.05657959, -62.8117828369, -196.56930542, 81.3020782471, -185.082962036, -8.66214179993, 21.8051071167, -21.3094329834, 80.7135467529], [658.895690918, -688.476928711, -287.079040527, 1330.35339355, -222.746032715, 285.938232422, 338.376464844, -204.513061523, -152.235046387, -153.924728394, -102.596794128, -93.0688705444, -50.2790412903], [-654.135437012, 272.033203125, 144.05657959, -222.746032715, 296.975128174, -5.64587450027, -172.312484741, 98.0638809204, -45.7062149048, 23.5855712891, 1.16160690784, -10.447259903, 35.6438789368], [-141.238769531, -171.218353271, -62.8117828369, 285.938232422, -5.64587450027, 258.16986084, 146.172393799, 0.578804671764, -77.0985946655, -51.169631958, -28.5378093719, -34.6956062317, -24.9613342285], [612.966796875, -292.515289307, -196.56930542, 338.376464844, -172.312484741, 146.172393799, 290.8543396, -36.8457298279, 10.150727272, -52.8770866394, -24.0004653931, -23.090883255, -60.088684082], [-388.630126953, 101.643455505, 81.3020782471, -204.513061523, 98.0638809204, 0.578804671764, -36.8457298279, 147.873886108, 28.3276062012, 11.1202898026, 18.911693573, 13.1735601425, -5.78818178177], [555.268249512, -168.259033203, -185.082962036, -152.235046387, -45.7062149048, -77.0985946655, 10.150727272, 28.3276062012, 309.681335449, 112.01789856, 32.8279571533, 67.2691802979, -52.3688430786], [-8.76739120483, 31.5121059418, -8.66214179993, -153.924728394, 23.5855712891, -51.169631958, -52.8770866394, 11.1202898026, 112.01789856, 106.055976868, 50.564956665, 33.9019813538, -4.17793798447], [-36.5182418823, 30.4420681, 21.8051071167, -102.596794128, 1.16160690784, -28.5378093719, -24.0004653931, 18.911693573, 32.8279571533, 50.564956665, 86.2545089722, 54.5363731384, 3.07405543327], [65.50050354, -42.0188179016, -21.3094329834, -93.0688705444, -10.447259903, -34.6956062317, -23.090883255, 13.1735601425, 67.2691802979, 33.9019813538, 54.5363731384, 91.7674179077, 19.4598579407], [-163.987533569, 109.051643372, 80.7135467529, -50.2790412903, 35.6438789368, -24.9613342285, -60.088684082, -5.78818178177, -52.3688430786, -4.17793798447, 3.07405543327, 19.4598579407, 75.2888336182]],
        "icov": [[0.00148860679474, 0.00143594876863, -0.0015570045216, 0.000759734713938, -0.00218167668208, 0.00262662046589, -0.00485214265063, 0.00568558042869, -0.00483939563856, 0.00503373658285, -0.00291127082892, 0.00251339911483, -0.00181030470412], [0.00143594876863, 0.0153790237382, -0.0118851270527, 0.00650407793, -0.0107667548582, 0.00700617069378, -0.011347739026, 0.0129729928449, -0.00576842017472, 0.00810567475855, -0.00973632745445, 0.015682740137, -0.00992077123374], [-0.0015570045216, -0.0118851270527, 0.0152629315853, -0.00470338203013, 0.010361649096, -0.00588853470981, 0.0130330296233, -0.0154243521392, 0.0102955121547, -0.0100242272019, 0.00745829055086, -0.0105982497334, 0.00571793690324], [0.000759734713938, 0.00650407793, -0.00470338203013, 0.00447407644242, -0.00469201151282, 0.00212167599238, -0.00595597876236, 0.00782341137528, -0.00280589913018, 0.00510169984773, -0.00441819569096, 0.00724199414253, -0.00432322034612], [-0.00218167668208, -0.0107667548582, 0.010361649096, -0.00469201151282, 0.0175216477364, -0.00920945685357, 0.017541853711, -0.018880404532, 0.0102866906673, -0.0127636566758, 0.0103572197258, -0.0104526309296, 0.00652736099437], [0.00262662046589, 0.00700617069378, -0.00588853470981, 0.00212167599238, -0.00920945685357, 0.0142382858321, -0.0154154598713, 0.0109794968739, -0.00602599605918, 0.00740675581619, -0.00542336003855, 0.0068347225897, -0.00440141698346], [-0.00485214265063, -0.011347739026, 0.0130330296233, -0.00595597876236, 0.017541853711, -0.0154154598713, 0.031604912132, -0.0259220618755, 0.0165207963437, -0.0158587992191, 0.0108917914331, -0.0119595779106, 0.0109919225797], [0.00568558042869, 0.0129729928449, -0.0154243521392, 0.00782341137528, -0.018880404532, 0.0109794968739, -0.0259220618755, 0.0413157455623, -0.0249536354095, 0.0286220181733, -0.0187717266381, 0.0165345668793, -0.00885611958802], [-0.00483939563856, -0.00576842017472, 0.0102955121547, -0.00280589913018, 0.0102866906673, -0.00602599605918, 0.0165207963437, -0.0249536354095, 0.0312908664346, -0.0325839109719, 0.020762141794, -0.0190780162811, 0.0133427036926], [0.00503373658285, 0.00810567475855, -0.0100242272019, 0.00510169984773, -0.0127636566758, 0.00740675581619, -0.0158587992191, 0.0286220181733, -0.0325839109719, 0.0513160675764, -0.0318383201957, 0.0228173155338, -0.01299580466], [-0.00291127082892, -0.00973632745445, 0.00745829055086, -0.00441819569096, 0.0103572197258, -0.00542336003855, 0.0108917914331, -0.0187717266381, 0.020762141794, -0.0318383201957, 0.0429855845869, -0.0331412144005, 0.0168491154909], [0.00251339911483, 0.015682740137, -0.0105982497334, 0.00724199414253, -0.0104526309296, 0.0068347225897, -0.0119595779106, 0.0165345668793, -0.0190780162811, 0.0228173155338, -0.0331412144005, 0.047751404345, -0.0250952988863], [-0.00181030470412, -0.00992077123374, 0.00571793690324, -0.00432322034612, 0.00652736099437, -0.00440141698346, 0.0109919225797, -0.00885611958802, 0.0133427036926, -0.01299580466, 0.0168491154909, -0.0250952988863, 0.0325922481716]]
    },
    "melbands": {
        "max": [0.00136995175853, 0.00150226638652, 0.000421121600084, 0.000219844718231, 0.00212656636722, 0.0100449416786, 0.0333249531686, 0.0251203346997, 0.0159995760769, 0.0314655601978, 0.00587549712509, 0.00409301416948, 0.00100680545438, 0.000844758877065, 0.000937337463256, 0.000685771286953, 0.00139383994974, 0.000578646082431, 0.000669019587804, 0.000813730817754, 0.00043539996841, 0.000254530488746, 0.000253010366578, 6.50362635497e-05, 6.27865010756e-05, 4.83269941469e-05, 6.47949636914e-05, 3.68644614355e-05, 5.69200601603e-05, 1.89685270016e-05, 2.165717342e-05, 1.84215950867e-05, 6.72446412864e-06, 4.4759285629e-06, 5.94726088821e-06, 5.19449304193e-06, 4.35366303009e-07, 2.39540099756e-07, 1.03848192268e-08, 4.84720796834e-09],
        "mean": [8.66226037033e-06, 1.35805003083e-05, 1.69358881976e-05, 3.28376008838e-05, 6.3191379013e-05, 0.000237619358813, 0.000510564015713, 0.000572353135794, 0.000346040615113, 0.000252431345871, 9.28479275899e-05, 6.40699945507e-05, 4.75805281894e-05, 2.93699758913e-05, 2.73451714747e-05, 2.41890320467e-05, 2.9235106922e-05, 1.89539587154e-05, 2.82485452772e-05, 1.83582942554e-05, 1.26894365167e-05, 1.00763081718e-05, 6.91716059009e-06, 4.06303570344e-06, 2.51499932347e-06, 3.70931138605e-06, 3.28944997818e-06, 1.88517128663e-06, 3.48754724655e-06, 1.43185184243e-06, 8.61076671299e-07, 6.4248962417e-07, 3.81661635629e-07, 2.33939573491e-07, 2.63808942691e-07, 1.50912896402e-07, 3.19256052705e-08, 1.16436327247e-08, 8.09788791578e-10, 4.15463413672e-10],
        "min": [9.78161196485e-09, 4.57708360102e-09, 2.55753440648e-09, 5.40549915939e-09, 1.23869581259e-08, 1.62848170504e-08, 1.10030651257e-08, 1.21871597258e-08, 1.51236836388e-08, 7.74627029188e-09, 1.10426841005e-08, 2.86549841633e-08, 2.49396698848e-08, 5.04678965285e-08, 2.19997389195e-08, 5.17249354459e-09, 4.91366769495e-08, 1.0223761393e-07, 7.31121403419e-08, 4.00484339025e-08, 6.53755378721e-08, 7.75318014234e-08, 5.53401271475e-08, 1.77804171386e-08, 5.33895772037e-09, 1.65559899123e-09, 7.29041715886e-10, 6.08022590609e-11, 6.39459405566e-12, 6.11740996401e-12, 9.126722815e-12, 1.16825403518e-11, 4.39753441994e-12, 2.3961002453e-12, 4.99069752538e-12, 7.27662548272e-12, 5.12216094192e-12, 3.85258274935e-12, 1.47551892579e-12, 1.98720900846e-12],
        "stdev": [7.6044954767e-05, 9.50578832999e-05, 2.45294213528e-05, 3.66578788089e-05, 0.000142871969729, 0.00077737076208, 0.00231205462478, 0.00228723231703, 0.00138804106973, 0.00162661587819, 0.000470756262075, 0.000215021529584, 0.000102240941487, 7.08681036485e-05, 7.37590889912e-05, 7.79637266533e-05, 9.88932879409e-05, 5.5543747294e-05, 6.96461211191e-05, 6.603734073e-05, 3.69658555428e-05, 2.5687910238e-05, 1.94367767108e-05, 9.07587491383e-06, 5.94689936406e-06, 7.54836173655e-06, 7.35503726901e-06, 4.3721674956e-06, 8.85804274731e-06, 3.18132561006e-06, 2.43856061388e-06, 1.73568435002e-06, 9.22715059914e-07, 5.47620516045e-07, 6.74182274452e-07, 4.54444403886e-07, 7.03339964048e-08, 3.14877866003e-08, 1.11036968509e-09, 2.29178523381e-10]
    },
    "melbands128": {
        "max": [1.57931935973e-05, 0.000279041181784, 0.0021825816948, 0.00300991302356, 0.00155521463603, 0.000806816969998, 0.000693888461683, 0.000337331031915, 0.000192125255126, 0.000388273474528, 0.000278751977021, 0.000422516692197, 0.00155086920131, 0.00725514208898, 0.00967732816935, 0.0235044583678, 0.0212139897048, 0.0522260218859, 0.0508048981428, 0.0474637113512, 0.0210593231022, 0.0162319689989, 0.0210610628128, 0.0484781600535, 0.0680627822876, 0.0236306209117, 0.0194349046797, 0.00567009206861, 0.00153508828953, 0.00701499544084, 0.00441266130656, 0.00337363081053, 0.00134839979, 0.00121534918435, 0.00168383622076, 0.00113340746611, 0.00113055715337, 0.00129919918254, 0.00134256016463, 0.000899664184544, 0.0013017388992, 0.00152107502799, 0.00164171529468, 0.00216585886665, 0.00100487389136, 0.000469415594125, 0.000788744888268, 0.000935334071983, 0.00105343386531, 0.00122946558986, 0.00110943650361, 0.00070308794966, 0.00072528939927, 0.000443592696683, 0.000690620683599, 0.000350598158548, 0.000282063439954, 0.000445937825134, 0.000210855709156, 0.000169934544829, 6.84127517161e-05, 8.37863626657e-05, 9.66010047705e-05, 9.24643682083e-05, 2.96700145554e-05, 8.70774456416e-05, 0.000134020272526, 0.000106865991256, 0.000109855915071, 4.00045682909e-05, 3.12432421197e-05, 3.26908630086e-05, 0.000135918657179, 7.82992501627e-05, 6.16302131675e-05, 2.11206952372e-05, 2.74932008324e-05, 3.68421970052e-05, 2.67516243184e-05, 3.49438851117e-05, 3.82784273825e-05, 1.18097441373e-05, 1.63740442076e-05, 6.18371723249e-06, 6.22270226813e-06, 8.13015049062e-06, 4.68518419439e-06, 4.40037911176e-06, 6.5741733124e-06, 8.07329342933e-06, 1.30306470965e-05, 1.45779642935e-06, 8.32484033708e-07, 4.75348286955e-07, 4.94693040309e-07, 4.04933672371e-07, 1.8050057804e-07, 2.72042530725e-08, 5.2846087506e-09, 5.66065283536e-09, 5.46899503462e-09, 4.43364500669e-09, 4.40062963847e-09, 4.49811832226e-09, 4.00614563745e-09, 4.04270883436e-09, 3.86287002385e-09, 3.72113673208e-09, 3.57408014295e-09, 3.48151596441e-09, 3.34369132382e-09, 3.19675907967e-09, 3.0876448065e-09, 2.93481461355e-09, 2.8804691965e-09, 2.79546452653e-09, 2.68507971413e-09, 2.61699373283e-09, 2.54032039848e-09, 2.47029441347e-09, 2.40588327038e-09, 2.36225283778e-09, 2.31639174508e-09, 2.29350338721e-09, 2.24433405194e-09, 2.21749196783e-09, 2.20210316648e-09, 2.1898478586e-09],
        "mean": [7.5123972465e-07, 2.25229564421e-06, 1.26668783196e-05, 1.96001128643e-05, 1.30221033032e-05, 1.01592277133e-05, 1.09359907583e-05, 1.36272492455e-05, 3.23893182212e-05, 4.3461954192e-05, 2.41269353864e-05, 2.60169563262e-05, 6.10107381362e-05, 0.000124162732391, 0.000192719438928, 0.00034465760109, 0.000349447946064, 0.000498681329191, 0.000755331187975, 0.000718423107173, 0.000413852802012, 0.000347007066011, 0.000313911354169, 0.000388191750972, 0.000296585436445, 0.000185578232049, 0.000184451972018, 7.04871272319e-05, 2.98459926853e-05, 4.85036289319e-05, 7.8605604358e-05, 9.40700556384e-05, 3.18572856486e-05, 2.94786623272e-05, 3.59321347787e-05, 2.33552418649e-05, 2.98867107631e-05, 2.74328976957e-05, 2.81883476418e-05, 2.16675143747e-05, 2.37145886786e-05, 2.63101628661e-05, 3.12473639497e-05, 3.22373634845e-05, 1.91187882592e-05, 1.56821388373e-05, 1.8670791178e-05, 2.85456299025e-05, 3.60867816198e-05, 2.15263498831e-05, 1.74357192009e-05, 1.22037999972e-05, 1.12190637083e-05, 1.28162828332e-05, 1.64507891895e-05, 9.63081856753e-06, 5.10241898155e-06, 5.73856505071e-06, 8.62125671119e-06, 7.57311909183e-06, 2.7794271773e-06, 2.51797860074e-06, 2.78929064734e-06, 2.77018034467e-06, 1.63092306593e-06, 2.96099528896e-06, 5.49780679648e-06, 5.4532501963e-06, 2.21775439968e-06, 1.37274059853e-06, 9.52086622874e-07, 1.656188374e-06, 5.85350016991e-06, 3.12344923259e-06, 2.49878576142e-06, 1.35836216941e-06, 9.96152948574e-07, 9.71063741417e-07, 7.36678828162e-07, 8.83226505266e-07, 8.00253360467e-07, 4.05419740446e-07, 6.37405889847e-07, 3.10163642325e-07, 2.82301556354e-07, 2.2858851878e-07, 1.87776649341e-07, 2.8289173315e-07, 2.81309922912e-07, 2.17576641148e-07, 2.93926404993e-07, 7.51379474195e-08, 4.46024053247e-08, 2.99945988047e-08, 2.46280134064e-08, 1.84916384427e-08, 8.96714080767e-09, 1.29516042335e-09, 5.63969482226e-10, 4.42659187083e-10, 4.15168510681e-10, 4.10002393147e-10, 4.20052936878e-10, 4.02340605277e-10, 1.06932594723e-10, 1.07308224806e-11, 1.02197130966e-11, 9.95217450117e-12, 9.61092316842e-12, 9.34064631197e-12, 8.99228348034e-12, 8.63081914965e-12, 8.31267259888e-12, 7.93819610739e-12, 7.76096114458e-12, 7.5752720069e-12, 7.31924677116e-12, 6.96429589345e-12, 6.75760922914e-12, 6.56400237983e-12, 6.40216525627e-12, 6.29643993194e-12, 6.16822565247e-12, 6.06594201952e-12, 5.85571391723e-12, 5.62183589611e-12, 5.49317579271e-12, 5.45027694851e-12],
        "min": [2.90152485372e-10, 1.0843396403e-08, 9.05851393895e-09, 6.72909816757e-09, 4.52351667235e-09, 2.94111135446e-09, 2.17312901007e-09, 2.25333396386e-09, 3.23470983332e-09, 4.26031920853e-09, 2.94341884199e-09, 9.64365387546e-09, 1.32970345845e-08, 1.66072116059e-08, 1.74525087715e-08, 1.60595678977e-08, 1.28543113931e-08, 9.76255698504e-09, 8.93882656783e-09, 1.05213651125e-08, 1.3884125849e-08, 1.70687570744e-08, 1.73005147985e-08, 1.12256577367e-08, 5.96391025454e-09, 6.80876910408e-09, 9.80255787653e-09, 9.3376257837e-09, 1.24493322318e-08, 2.62093600156e-08, 3.74301301065e-08, 1.41592462199e-08, 1.60504320945e-08, 2.4129795051e-08, 5.25313943456e-08, 5.96021649812e-08, 4.27663628955e-08, 2.14151469891e-08, 9.72720748393e-09, 2.03369765472e-09, 6.72213751329e-09, 4.14610434873e-09, 1.76812786634e-08, 1.53579318152e-08, 6.37090948885e-08, 2.96879107964e-08, 9.1492317722e-08, 2.55859209375e-08, 3.0595931122e-08, 2.29895622539e-08, 3.50137341343e-08, 1.28446391301e-08, 2.2810144884e-08, 1.85952195864e-08, 2.09613322255e-08, 1.08136859467e-08, 9.53372492063e-09, 1.32072202064e-08, 2.52235761167e-08, 1.17633751628e-08, 1.84560704497e-08, 4.54023130203e-09, 4.41752678881e-09, 3.18241411001e-09, 2.64641797365e-09, 1.24236787524e-09, 7.53955509136e-10, 3.84843351631e-10, 2.96134727851e-10, 1.00521715951e-10, 6.5665022031e-11, 2.88425169165e-11, 6.18571383351e-12, 4.44942303487e-12, 3.33115111016e-12, 4.75736203903e-12, 8.75038236314e-12, 7.4739233899e-12, 9.00409781457e-12, 7.88895164472e-12, 2.14740222132e-11, 7.90156915592e-12, 1.7420432501e-12, 4.36586704289e-12, 7.91702207265e-12, 8.20816776093e-13, 1.26015788516e-12, 2.98853628476e-12, 3.09737999138e-12, 9.44274432951e-12, 6.82517367276e-12, 8.61178229422e-12, 4.64448488349e-12, 3.86082528794e-12, 6.24089755569e-12, 5.62182245201e-12, 3.22194397898e-12, 1.61117441003e-12, 6.66675970071e-13, 2.17031102291e-12, 1.77974410383e-12, 1.82991078887e-12, 2.2522689009e-12, 5.0455447112e-12, 2.59226060756e-12, 2.01382394918e-13, 1.91970639146e-13, 1.89585394367e-13, 2.09671201842e-13, 2.0674950738e-13, 1.42565687446e-13, 2.22429821957e-13, 2.13997629296e-13, 1.62322141405e-13, 1.46847730373e-13, 2.01292053772e-13, 1.95540279932e-13, 2.06393252098e-13, 1.19689970283e-13, 1.8584638765e-13, 1.51582075342e-13, 2.00592391005e-13, 1.97664787641e-13, 1.38032177376e-13, 1.27516622478e-13, 4.44611896941e-14, 6.89083918371e-15, 2.73530126195e-16],
        "stdev": [1.579369723e-06, 1.2572912965e-05, 0.000115777540486, 0.000186449964531, 0.000104359482066, 4.25152757089e-05, 3.19583850796e-05, 2.21129812417e-05, 4.01316174248e-05, 6.082812979e-05, 3.40948354278e-05, 4.14223432017e-05, 0.000125788326841, 0.000440662581241, 0.000648686836939, 0.00159575138241, 0.00148718198761, 0.00337634445168, 0.00408795196563, 0.0037912807893, 0.00199692905881, 0.00172575947363, 0.00156278768554, 0.00264818547294, 0.00306366872974, 0.00138570612762, 0.00132739590481, 0.000313301425194, 9.81080520432e-05, 0.000316513382131, 0.00026337095187, 0.000278285675449, 8.30233620945e-05, 9.08368674573e-05, 0.000123609555885, 7.14706911822e-05, 8.58335624798e-05, 8.36764374981e-05, 0.000125759805087, 8.30308563309e-05, 8.59534193296e-05, 0.000126317012473, 0.000121361765196, 0.000125728271087, 7.34026616556e-05, 5.06696051161e-05, 6.11380601185e-05, 7.79938854976e-05, 0.000105800841993, 8.86633060873e-05, 8.3481092588e-05, 4.69186670671e-05, 4.46411722805e-05, 3.98491065425e-05, 4.43039352831e-05, 2.93614320981e-05, 1.85789704119e-05, 2.80292770185e-05, 2.48764445132e-05, 1.99935184355e-05, 7.07359777152e-06, 6.09568451182e-06, 7.23673292669e-06, 8.03195780463e-06, 3.43148940374e-06, 7.62125682741e-06, 1.36520275191e-05, 1.314608744e-05, 6.89717671776e-06, 3.36649441124e-06, 2.47071466219e-06, 3.94007975046e-06, 1.66733043443e-05, 8.89182229002e-06, 6.77729622112e-06, 3.14262956636e-06, 2.34816752709e-06, 3.4901786421e-06, 2.65772700914e-06, 2.63890910901e-06, 2.78496327155e-06, 1.03732827483e-06, 1.70523696852e-06, 7.77308798661e-07, 7.17191198873e-07, 6.63822731894e-07, 4.6936685294e-07, 6.57304951801e-07, 7.42895679195e-07, 6.90410672632e-07, 1.06509946818e-06, 1.79491934205e-07, 1.06343470918e-07, 6.90366945832e-08, 6.63632135911e-08, 5.23787591078e-08, 2.53415475271e-08, 2.5226838396e-09, 5.07301756159e-10, 2.9647317934e-10, 2.83035067605e-10, 2.45570425106e-10, 2.47739495585e-10, 2.75368117197e-10, 1.76744341385e-10, 1.72533098919e-10, 1.64881372444e-10, 1.58802498929e-10, 1.52523368935e-10, 1.48562995239e-10, 1.42681838566e-10, 1.36415365115e-10, 1.31758381983e-10, 1.25245105953e-10, 1.22917120926e-10, 1.19285456512e-10, 1.14579248867e-10, 1.11680914516e-10, 1.08410398714e-10, 1.05423239583e-10, 1.02675187796e-10, 1.00810679249e-10, 9.88541262736e-11, 9.78752426328e-11, 9.57842069549e-11, 9.46456385487e-11, 9.39917380038e-11, 9.34692601096e-11]
    },
    "mfcc": {
        "mean": [-774.050598145, 164.729660034, -64.5437774658, 7.36574268341, -24.8408641815, -8.60436725616, -23.5676517487, -4.19727420807, -14.5708236694, 0.0180270317942, -8.6969833374, -0.466466337442, -2.95165872574],
        "cov": [[5593.13867188, -1861.18310547, -502.554290771, 784.353515625, -1270.23754883, 728.556152344, -539.125610352, 364.545135498, -107.020149231, 520.105529785, -344.295410156, 416.500732422, -60.3375968933], [-1861.18310547, 1910.92370605, 145.485565186, -785.686462402, 562.311096191, -671.266235352, 8.61343765259, -364.527740479, 80.6884002686, -288.828857422, 230.623703003, -110.741584778, 79.3190307617], [-502.554290771, 145.485565186, 315.843994141, 80.8206939697, 39.9292068481, -21.730014801, 166.203445435, -32.4892311096, -32.7042922974, -68.8360214233, -52.1254882812, -81.414855957, -28.8267059326], [784.353515625, -785.686462402, 80.8206939697, 625.411682129, -176.185470581, 305.016174316, 100.680137634, 100.228096008, -67.6929016113, 97.6835632324, -183.238418579, -61.9660377502, -64.6203308105], [-1270.23754883, 562.311096191, 39.9292068481, -176.185470581, 496.231109619, -195.800537109, 64.8307037354, -119.835281372, 42.2677116394, -119.852813721, 83.5928115845, -120.15965271, 31.3153114319], [728.556152344, -671.266235352, -21.730014801, 305.016174316, -195.800537109, 367.145019531, 76.5084533691, 119.495201111, -25.7530460358, 113.619392395, -115.868652344, 24.2778720856, -40.3021774292], [-539.125610352, 8.61343765259, 166.203445435, 100.680137634, 64.8307037354, 76.5084533691, 349.812286377, 57.255645752, -14.4163389206, -54.7094802856, -53.2037353516, -125.982070923, -67.6267242432], [364.545135498, -364.527740479, -32.4892311096, 100.228096008, -119.835281372, 119.495201111, 57.255645752, 192.605667114, 17.6847667694, 65.1325302124, -22.7055397034, 34.400894165, -29.6427745819], [-107.020149231, 80.6884002686, -32.7042922974, -67.6929016113, 42.2677116394, -25.7530460358, -14.4163389206, 17.6847667694, 79.1376953125, 19.1739196777, 20.7937602997, 1.64910256863, 0.919190168381], [520.105529785, -288.828857422, -68.8360214233, 97.6835632324, -119.852813721, 113.619392395, -54.7094802856, 65.1325302124, 19.1739196777, 134.990966797, 1.7655582428, 45.2539100647, -11.5347557068], [-344.295410156, 230.623703003, -52.1254882812, -183.238418579, 83.5928115845, -115.868652344, -53.2037353516, -22.7055397034, 20.7937602997, 1.7655582428, 153.070663452, 46.2665634155, 29.5315666199], [416.500732422, -110.741584778, -81.414855957, -61.9660377502, -120.15965271, 24.2778720856, -125.982070923, 34.400894165, 1.64910256863, 45.2539100647, 46.2665634155, 159.024047852, 58.0871696472], [-60.3375968933, 79.3190307617, -28.8267059326, -64.6203308105, 31.3153114319, -40.3021774292, -67.6267242432, -29.6427745819, 0.919190168381, -11.5347557068, 29.5315666199, 58.0871696472, 89.510887146]],
        "icov": [[0.00224903831258, -0.00297657307237, 0.00300140772015, -0.00281152199022, 0.0031508996617, -0.00209129764698, 0.00300909788348, -0.00335094984621, 0.00356515357271, -0.00352564826608, 0.0044475919567, -0.00279578217305, 0.00206632516347], [-0.00297657307237, 0.00810859166086, -0.0050119641237, 0.00647145695984, -0.005012312904, 0.00661496818066, -0.00589379994199, 0.00866673141718, -0.00671928562224, 0.00464714225382, -0.00553868105635, 0.00340073020197, -0.00269644567743], [0.00300140772015, -0.0050119641237, 0.00961430650204, -0.00542887113988, 0.00475072208792, -0.00204148585908, 0.00156047975179, -0.00401458749548, 0.00569586036727, -0.00406858557835, 0.00695824436843, -0.00455537997186, 0.00298746582121], [-0.00281152199022, 0.00647145695984, -0.00542887113988, 0.00972128938884, -0.004852485843, 0.00331344804727, -0.00436777854338, 0.00581007869914, -0.00254092505202, 0.00152901769616, -0.00251135951839, 0.00540882628411, -0.00300472625531], [0.0031508996617, -0.005012312904, 0.00475072208792, -0.004852485843, 0.00970517192036, -0.0041266088374, 0.00451891543344, -0.00457500759512, 0.00226631970145, -0.00165303784888, 0.00234881183133, 0.00132638926152, -0.000633902673144], [-0.00209129764698, 0.00661496818066, -0.00204148585908, 0.00331344804727, -0.0041266088374, 0.0142797240987, -0.00818843394518, 0.00700453901663, -0.00346391112544, -0.00240048463456, 0.00119600316975, -0.0023544288706, -0.000671042827889], [0.00300909788348, -0.00589379994199, 0.00156047975179, -0.00436777854338, 0.00451891543344, -0.00818843394518, 0.0127241518348, -0.0100343935192, 0.00569571973756, -0.000636310840491, 0.00323005975224, 0.00209192279726, 0.00305921630934], [-0.00335094984621, 0.00866673141718, -0.00401458749548, 0.00581007869914, -0.00457500759512, 0.00700453901663, -0.0100343935192, 0.0190105140209, -0.0106622641906, 0.00370956375264, -0.00620303954929, -0.000480695045553, -0.00062236818485], [0.00356515357271, -0.00671928562224, 0.00569586036727, -0.00254092505202, 0.00226631970145, -0.00346391112544, 0.00569571973756, -0.0106622641906, 0.0259759072214, -0.0130905965343, 0.010683384724, -0.00413844874129, 0.00398440519348], [-0.00352564826608, 0.00464714225382, -0.00406858557835, 0.00152901769616, -0.00165303784888, -0.00240048463456, -0.000636310840491, 0.00370956375264, -0.0130905965343, 0.0257867835462, -0.0152054885402, 0.0069179777056, -0.00247109984048], [0.0044475919567, -0.00553868105635, 0.00695824436843, -0.00251135951839, 0.00234881183133, 0.00119600316975, 0.00323005975224, -0.00620303954929, 0.010683384724, -0.0152054885402, 0.0254805423319, -0.0129512362182, 0.00636568060145], [-0.00279578217305, 0.00340073020197, -0.00455537997186, 0.00540882628411, 0.00132638926152, -0.0023544288706, 0.00209192279726, -0.000480695045553, -0.00413844874129, 0.0069179777056, -0.0129512362182, 0.0258912630379, -0.0141581967473], [0.00206632516347, -0.00269644567743, 0.00298746582121, -0.00300472625531, -0.000633902673144, -0.000671042827889, 0.00305921630934, -0.00062236818485, 0.00398440519348, -0.00247109984048, 0.00636568060145, -0.0141581967473, 0.0225001294166]]
    },
    "spectral_contrast_coeffs": {
        "max": [-0.472224384546, -0.446915566921, -0.519041359425, -0.58123922348, -0.533129930496, -0.534312963486],
        "mean": [-0.683139383793, -0.762380003929, -0.770936489105, -0.798868238926, -0.776362717152, -0.735352933407],
        "min": [-0.868932366371, -0.966659069061, -0.935778617859, -0.912771224976, -0.893897891045, -0.905017852783],
        "stdev": [0.0746383368969, 0.0860211849213, 0.060319069773, 0.0470351092517, 0.0488279573619, 0.0957440957427]
    },
    "spectral_contrast_valleys": {
        "max": [-6.11219978333, -4.95446157455, -6.19125556946, -5.87746477127, -6.53771305084, -11.362906456],
        "mean": [-8.86334609985, -7.10370540619, -7.82425880432, -8.11596488953, -8.79958534241, -12.7814273834],
        "min": [-11.9082098007, -10.2383842468, -10.105348587, -10.0858125687, -12.4080791473, -15.2494506836],
        "stdev": [0.672886133194, 0.753114163876, 0.665253400803, 0.776636242867, 1.12147450447, 0.434955626726]
    }
},
"rhythm": {
    "beats_count": 31,
    "beats_loudness": {
        "max": 0.222769394517,
        "mean": 0.02463641949,
        "min": 0.000675700022839,
        "stdev": 0.0449184291065
    },
    "bpm": 131.683792114,
    "bpm_histogram_first_peak_bpm": 133,
    "bpm_histogram_first_peak_weight": 0.25,
    "bpm_histogram_second_peak_bpm": 178,
    "bpm_histogram_second_peak_spread": 0,
    "bpm_histogram_second_peak_weight": 0.233333334327,
    "danceability": 1.17467188835,
    "onset_rate": 1.95934510231,
    "beats_loudness_band_ratio": {
        "max": [0.274753183126, 0.750007629395, 0.863284289837, 0.535663127899, 0.297395765781, 0.207520082593],
        "mean": [0.0461845695972, 0.229721054435, 0.425942867994, 0.228868603706, 0.0948102474213, 0.0372706241906],
        "min": [0.000138422197779, 0.00694271316752, 0.139642640948, 0.00844080746174, 0.00161040097009, 4.13174857385e-05],
        "stdev": [0.0666073188186, 0.215344578028, 0.252500712872, 0.146003037691, 0.0863908976316, 0.0557374618948]
    },
    "beats_position": [0.325079351664, 0.673378646374, 1.01006805897, 1.34675729275, 1.69505667686, 2.02013611794, 2.34521532059, 2.68190479279, 3.01859402657, 3.35528349876, 3.69197273254, 4.04027223587, 4.37696123123, 4.74848079681, 5.11999988556, 5.4915189743, 5.94430828094, 6.39709758759, 6.84988641739, 7.30267572403, 7.70902490616, 8.11537361145, 8.53333282471, 8.98612213135, 9.43891143799, 9.89170074463, 10.3560991287, 10.8204984665, 11.2848978043, 11.7376871109, 12.1904764175],
