{
"metadata": {
    "version": {
        "essentia": "2.1-beta5",
        "essentia_git_sha": "Undefined",
        "extractor": "music 2.0"
    },
    "audio_properties": {
        "analysis": {
            "equal_loudness": 0,
            "length": 32.4963264465,
            "sample_rate": 44100,
            "start_time": 12.7477550507,
            "downmix": "mix"
        },
        "bit_rate": 192000,
        "length": 199.563919067,
        "lossless": 0,
        "number_channels": 2,
        "replay_gain": -5.97635650635,
        "sample_rate": 48000,
        "codec": "mp3",
        "md5_encoded": "14d0479f6b01aaa3a24dcf997fd2b15a"
    },
    "tags": {
        "file_name": "Italy_Al Di Là_Betty Curtis.mp3",
        "encoding": ["Lavf58.29.100"]
    }
},
"lowlevel": {
    "average_loudness": 0.283572882414,
    "barkbands_crest": {
        "max": 25.8520889282,
        "mean": 12.3713598251,
        "min": 2.95366191864,
        "stdev": 5.18659973145
    },
    "barkbands_flatness_db": {
        "max": 0.455755114555,
        "mean": 0.23887245357,
        "min": 0.0854434967041,
        "stdev": 0.0645423978567
    },
    "barkbands_kurtosis": {
        "max": 53.6071624756,
        "mean": 3.06229782104,
        "min": -1.8804847002,
        "stdev": 5.79781723022
    },
    "barkbands_skewness": {
        "max": 6.80370855331,
        "mean": 1.08483350277,
        "min": -1.6800057888,
        "stdev": 1.02315890789
    },
    "barkbands_spread": {
        "max": 62.4831581116,
        "mean": 13.2271928787,
        "min": 0.584713459015,
        "stdev": 9.00971126556
    },
    "dissonance": {
        "max": 0.499739229679,
        "mean": 0.435873627663,
        "min": 0.156493663788,
        "stdev": 0.0457503758371
    },
    "dynamic_complexity": 5.52828550339,
    "erbbands_crest": {
        "max": 31.4699707031,
        "mean": 12.8193378448,
        "min": 3.46565723419,
        "stdev": 5.67812919617
    },
    "erbbands_flatness_db": {
        "max": 0.46016612649,
        "mean": 0.294718235731,
        "min": 0.11447802186,
        "stdev": 0.0589531809092
    },
    "erbbands_kurtosis": {
        "max": 36.2530059814,
        "mean": 1.20035278797,
        "min": -1.8410640955,
        "stdev": 3.4959692955
    },
    "erbbands_skewness": {
        "max": 4.76986789703,
        "mean": 0.568894505501,
        "min": -2.05241131783,
        "stdev": 1.01762938499
    },
    "erbbands_spread": {
        "max": 75.7652206421,
        "mean": 22.3334121704,
        "min": 1.48611867428,
        "stdev": 12.026058197
    },
    "hfc": {
        "max": 90.890411377,
        "mean": 11.8514413834,
        "min": 0.00354510708712,
        "stdev": 16.5830154419
    },
    "loudness_ebu128": {
        "integrated": -20.6145420074,
        "loudness_range": 11.0457801819,
        "momentary": {
            "max": -13.8511514664,
            "mean": -23.8033714294,
            "min": -50.6055755615,
            "stdev": 5.96872663498
        },
        "short_term": {
            "max": -14.9666652679,
            "mean": -22.3448791504,
            "min": -28.750585556,
            "stdev": 3.24075651169
        }
    },
    "melbands_crest": {
        "max": 32.8232498169,
        "mean": 14.8317737579,
        "min": 3.54847502708,
        "stdev": 5.93487548828
    },
    "melbands_flatness_db": {
        "max": 0.501580953598,
        "mean": 0.256422162056,
        "min": 0.0680526793003,
        "stdev": 0.0699248090386
    },
    "melbands_kurtosis": {
        "max": 100.05783844,
        "mean": 5.90065336227,
        "min": -1.63697361946,
        "stdev": 8.0612745285
    },
    "melbands_skewness": {
        "max": 8.7421245575,
        "mean": 1.55339431763,
        "min": -0.752385497093,
        "stdev": 1.09955787659
    },
    "melbands_spread": {
        "max": 97.1201553345,
        "mean": 20.2027320862,
        "min": 0.85285115242,
        "stdev": 14.925160408
    },
    "pitch_salience": {
        "max": 0.872724592686,
        "mean": 0.539517104626,
        "min": 0.161927267909,
        "stdev": 0.106605030596
    },
    "silence_rate_20dB": {
        "max": 1,
        "mean": 1,
        "min": 1,
        "stdev": 0
    },
    "silence_rate_30dB": {
        "max": 1,
        "mean": 1,
        "min": 1,
        "stdev": 0
    },
    "silence_rate_60dB": {
        "max": 1,
        "mean": 0.274803698063,
        "min": 0,
        "stdev": 0.446415662766
    },
    "spectral_centroid": {
        "max": 3052.8215332,
        "mean": 1276.34143066,
        "min": 346.411865234,
        "stdev": 594.166015625
    },
    "spectral_complexity": {
        "max": 32,
        "mean": 8.80442523956,
        "min": 0,
        "stdev": 6.08672714233
    },
    "spectral_decrease": {
        "max": -2.75745008424e-12,
        "mean": -2.7027122762e-09,
        "min": -1.7464135027e-08,
        "stdev": 3.03448266514e-09
    },
    "spectral_energy": {
        "max": 0.0731329247355,
        "mean": 0.0112756136805,
        "min": 1.07287696665e-05,
        "stdev": 0.0128676174209
    },
    "spectral_energyband_high": {
        "max": 0.000990832224488,
        "mean": 6.27388581051e-05,
        "min": 1.41228269968e-07,
        "stdev": 0.000117864525237
    },
    "spectral_energyband_low": {
        "max": 0.00273781688884,
        "mean": 7.60659822845e-05,
        "min": 9.24672065139e-07,
        "stdev": 0.000147691025632
    },
    "spectral_energyband_middle_high": {
        "max": 0.0648395717144,
        "mean": 0.00520640658215,
        "min": 1.10667292574e-06,
        "stdev": 0.0101419314742
    },
    "spectral_energyband_middle_low": {
        "max": 0.0585965253413,
        "mean": 0.00602893484756,
        "min": 2.03584500014e-06,
        "stdev": 0.00730733620003
    },
    "spectral_entropy": {
        "max": 8.25840091705,
        "mean": 6.81067180634,
        "min": 4.41629838943,
        "stdev": 0.528802454472
    },
    "spectral_flux": {
        "max": 0.221979901195,
        "mean": 0.0423237979412,
        "min": 0.00142289348878,
        "stdev": 0.0327441319823
    },
    "spectral_kurtosis": {
        "max": 41.2978134155,
        "mean": 9.48158931732,
        "min": -0.886163234711,
        "stdev": 6.43151140213
    },
    "spectral_rms": {
        "max": 0.00844684522599,
        "mean": 0.00282757426612,
        "min": 0.000102308804344,
        "stdev": 0.00173361354973
    },
    "spectral_rolloff": {
        "max": 7881.15234375,
        "mean": 1551.49926758,
        "min": 236.865234375,
        "stdev": 1068.90795898
    },
    "spectral_skewness": {
        "max": 5.1088757515,
        "mean": 1.70072853565,
        "min": 0.0830250382423,
        "stdev": 0.695965051651
    },
    "spectral_spread": {
        "max": 7789935.5,
        "mean": 2363953.75,
        "min": 1265187.5,
        "stdev": 751241.5625
    },
    "spectral_strongpeak": {
        "max": 11.6618251801,
        "mean": 1.55665957928,
        "min": 0.00388291920535,
        "stdev": 1.59348738194
    },
    "zerocrossingrate": {
        "max": 0.19287109375,
        "mean": 0.0521795265377,
        "min": 0.0068359375,
        "stdev": 0.0243603251874
    },
    "barkbands": {
        "max": [2.03068102564e-05, 0.000507922668476, 0.000665878120344, 0.00348397693597, 0.0101787056774, 0.0452926643193, 0.0124865230173, 0.0538258291781, 0.0357396788895, 0.0103660048917, 0.0504280999303, 0.0287757143378, 0.0103653818369, 0.0216947402805, 0.0345758423209, 0.0197319369763, 0.00669306796044, 0.011564809829, 0.00477937189862, 0.000903714390006, 0.000866678543389, 0.000107965279312, 9.33724295464e-05, 2.57239316852e-05, 2.42687474383e-06, 2.02825117412e-06, 2.02782598535e-06],
        "mean": [1.0735128626e-06, 2.93844950647e-05, 2.25786898227e-05, 4.51645464636e-05, 0.000487683544634, 0.00171448045876, 0.000489191268571, 0.00102945021354, 0.0021494962275, 0.000300680287182, 0.00170829426497, 0.000423578050686, 0.000233415921684, 0.000608811678831, 0.000322180625517, 0.000660227146, 0.000294951925753, 0.000394679867895, 0.00027962270542, 4.91915743623e-05, 2.1286199626e-05, 4.12099188907e-06, 5.17061289429e-06, 8.54129154959e-07, 5.46092344678e-08, 1.81626802487e-09, 1.83445469926e-09],
        "min": [3.98694544046e-09, 2.16079854454e-07, 5.21428233924e-08, 7.44731210034e-08, 1.13418145986e-07, 1.35387338673e-07, 5.480537979e-08, 7.57331761747e-08, 3.90667551642e-08, 6.49819469345e-08, 6.92234607413e-08, 3.31897744843e-08, 4.62741276408e-08, 5.36231432591e-08, 1.0056614741e-07, 5.98999463364e-08, 5.80388963556e-08, 5.96250515628e-08, 2.80987979551e-08, 3.62627936568e-08, 2.71095075277e-08, 1.0480492918e-08, 1.60660835746e-08, 1.76686683062e-08, 5.30018962053e-09, 2.4981856861e-11, 3.82017507905e-11],
        "stdev": [1.58118280069e-06, 5.75425219722e-05, 5.39122702321e-05, 0.000180164555786, 0.00104386219755, 0.00407586852089, 0.00141903734766, 0.00278676301241, 0.00498472200707, 0.000962297781371, 0.0057769510895, 0.0018744362751, 0.00052943720948, 0.00185222935397, 0.0015760329552, 0.00197064131498, 0.00067446671892, 0.00106722291093, 0.000648186542094, 9.08087895368e-05, 6.21743965894e-05, 1.05905573946e-05, 1.26745835587e-05, 2.18206673708e-06, 6.79744900367e-08, 5.41628004669e-08, 5.41512044094e-08]
    },
    "erbbands": {
        "max": [0.0133908847347, 0.143718659878, 0.837733030319, 7.47404098511, 7.09319162369, 38.8412704468, 144.187866211, 570.672668457, 172.949203491, 534.096252441, 982.50378418, 867.887512207, 376.220428467, 502.489807129, 2121.60131836, 449.160522461, 345.366882324, 616.683898926, 1368.3996582, 972.547546387, 1328.33825684, 418.080383301, 827.844665527, 535.865722656, 84.42993927, 49.7347717285, 45.1950302124, 14.2342329025, 4.18818807602, 4.34220838547, 3.13366866112, 0.864782989025, 0.166584536433, 0.0296486653388, 0.0161229223013, 0.00836012139916, 0.00372082716785, 0.00128810107708, 0.000292193639325, 9.00055820239e-05],
        "mean": [0.000570620468352, 0.00767994206399, 0.0258556418121, 0.10016412288, 0.287535429001, 1.82477223873, 8.85572147369, 14.6077289581, 6.75590276718, 16.6084861755, 32.5337524414, 43.9377593994, 13.5736322403, 17.0048446655, 79.8633575439, 14.1530170441, 9.42197227478, 28.7394599915, 18.3231506348, 22.7491168976, 34.9428939819, 18.7588214874, 24.8966369629, 22.2123527527, 5.04455852509, 2.03338027, 1.66651153564, 0.46003395319, 0.158011212945, 0.1751075387, 0.128650069237, 0.0380989946425, 0.0055397390388, 0.00105809245724, 0.000233502403717, 2.31149497267e-05, 9.41155940382e-06, 3.39531038662e-06, 6.72308124194e-06, 1.3748272977e-05],
        "min": [1.11902572826e-05, 4.37759081251e-05, 0.000101203790109, 0.000344181229593, 0.000324188760715, 0.000514988263603, 0.000859681342263, 0.000961141020525, 0.000675992050674, 0.00480296043679, 0.00449451943859, 0.00163546588738, 0.00282440218143, 0.00660266820341, 0.00347698573023, 0.00163973623421, 0.00210415152833, 0.00250285700895, 0.00463897921145, 0.00553531805053, 0.00356359244324, 0.00374127645046, 0.00373992579989, 0.00187092088163, 0.00118819449563, 0.00195241929032, 0.000913155614398, 0.00151604984421, 0.0006560626789, 0.000406320148613, 0.000575505604502, 0.000579520594329, 0.000156583628268, 7.5065807323e-05, 2.57122410403e-05, 1.77277956936e-06, 2.3966038043e-07, 6.30211403063e-08, 1.84141537574e-08, 1.29985826547e-08],
        "stdev": [0.00118106871378, 0.0151538234204, 0.060714494437, 0.350776791573, 0.588579535484, 3.70515441895, 12.2975482941, 47.6007118225, 18.6666603088, 43.4711647034, 66.8155593872, 106.764770508, 39.2369232178, 47.4348564148, 271.067718506, 38.3191719055, 18.8240509033, 79.9175491333, 63.0260543823, 64.5466537476, 119.861831665, 44.0678024292, 68.6073150635, 50.5935249329, 10.9206933975, 3.46523404121, 4.20046281815, 1.18244707584, 0.396202176809, 0.419897645712, 0.336823552847, 0.0961263924837, 0.0118611976504, 0.000942254322581, 0.000441219977802, 0.000223309369176, 9.9500772194e-05, 3.4495977161e-05, 1.08604808702e-05, 1.59915853146e-05]
    },
    "gfcc": {
        "mean": [-149.335861206, 144.127182007, -194.275344849, 14.7488279343, -63.4063110352, -22.5904426575, -34.0313796997, -4.56624698639, -2.5082552433, -20.3548183441, 8.20156860352, -14.959400177, 6.8048491478],
        "cov": [[4617.73730469, -124.27167511, -1480.01574707, -317.749694824, 123.028808594, -905.288818359, 260.698425293, -485.392944336, 37.4012489319, -314.363769531, 43.4808425903, 102.630226135, -250.384994507], [-124.27167511, 582.230102539, 335.459686279, -217.173568726, 10.0049123764, -68.3651275635, -25.2024002075, 65.9291381836, -100.56312561, -44.8834724426, -17.732383728, -113.202842712, 45.4003219604], [-1480.01574707, 335.459686279, 925.843688965, 166.633407593, -179.321334839, 232.021987915, -190.302139282, 164.826416016, 2.29484057426, 22.8907165527, -70.7628326416, -78.2369689941, 104.085845947], [-317.749694824, -217.173568726, 166.633407593, 576.598388672, -7.04987096786, 175.671691895, -132.785461426, -73.0364837646, 66.6714096069, -15.1112861633, -75.1747970581, 49.4231987, -30.1684017181], [123.028808594, 10.0049123764, -179.321334839, -7.04987096786, 241.917877197, -4.97206449509, 12.9634237289, 11.2511663437, -42.9282302856, 9.74196052551, -3.91552758217, 6.28017950058, -11.917339325], [-905.288818359, -68.3651275635, 232.021987915, 175.671691895, -4.97206449509, 550.44329834, 75.0252609253, -2.88561534882, -65.1489181519, 84.0023193359, 31.0139484406, -21.9386558533, -97.2711639404], [260.698425293, -25.2024002075, -190.302139282, -132.785461426, 12.9634237289, 75.0252609253, 254.359420776, 22.0163345337, -65.6385726929, 13.3107452393, 39.1616363525, -21.8091220856, -59.7157363892], [-485.392944336, 65.9291381836, 164.826416016, -73.0364837646, 11.2511663437, -2.88561534882, 22.0163345337, 205.036346436, 47.9004898071, 27.6505584717, -25.1658000946, -31.2837047577, 81.3004150391], [37.4012489319, -100.56312561, 2.29484057426, 66.6714096069, -42.9282302856, -65.1489181519, -65.6385726929, 47.9004898071, 193.076141357, 33.9940757751, -21.056060791, 36.7706108093, 36.824836731], [-314.363769531, -44.8834724426, 22.8907165527, -15.1112861633, 9.74196052551, 84.0023193359, 13.3107452393, 27.6505584717, 33.9940757751, 121.987937927, 46.7928543091, 9.07664680481, 7.55000782013], [43.4808425903, -17.732383728, -70.7628326416, -75.1747970581, -3.91552758217, 31.0139484406, 39.1616363525, -25.1658000946, -21.056060791, 46.7928543091, 98.4875869751, 35.9477729797, -18.6344718933], [102.630226135, -113.202842712, -78.2369689941, 49.4231987, 6.28017950058, -21.9386558533, -21.8091220856, -31.2837047577, 36.7706108093, 9.07664680481, 35.9477729797, 100.833984375, 34.9777679443], [-250.384994507, 45.4003219604, 104.085845947, -30.1684017181, -11.917339325, -97.2711639404, -59.7157363892, 81.3004150391, 36.824836731, 7.55000782013, -18.6344718933, 34.9777679443, 162.43800354]],
        "icov": [[0.00209147436544, -0.00122446485329, 0.00134469207842, -0.000161632386153, -0.000580828287639, 0.0026279205922, -0.00296264165081, 0.00397209264338, -0.00309182400815, 0.00337005336769, -0.00061321380781, -0.000750433711801, 0.00176380341873], [-0.00122446485329, 0.00744807859883, -0.0063646058552, 0.002642452484, -0.00489504775032, 0.000486357952468, -0.00128681550268, 0.00285830534995, -0.000205979828024, 0.00188184774015, -0.00383527041413, 0.00681853294373, -0.00332058267668], [0.00134469207842, -0.0063646058552, 0.00971536245197, -0.00286824721843, 0.00740271806717, -0.00188909191638, 0.00470129679888, -0.00582722108811, 0.00235150242224, -0.00137257669121, 0.00352035602555, -0.00388887757435, 0.00192221440375], [-0.000161632386153, 0.002642452484, -0.00286824721843, 0.0046754446812, -0.00239838543348, -0.000691029417794, -6.72618480166e-05, 0.00307656708173, -0.00151749595534, 0.00113930925727, 0.00257715582848, -0.00104541506153, 0.000376043113647], [-0.000580828287639, -0.00489504775032, 0.00740271806717, -0.00239838543348, 0.0120630562305, -0.00308090588078, 0.00689282920212, -0.0101446928456, 0.00737084727734, -0.00651701772586, 0.00650501390919, -0.00641862535849, 0.00269571598619], [0.0026279205922, 0.000486357952468, -0.00188909191638, -0.000691029417794, -0.00308090588078, 0.00823135022074, -0.00701421685517, 0.00686284340918, -0.00340895797126, 0.00255590258166, -0.00216945027933, -0.000317436526529, 0.00416005589068], [-0.00296264165081, -0.00128681550268, 0.00470129679888, -6.72618480166e-05, 0.00689282920212, -0.00701421685517, 0.0156318414956, -0.0141145493835, 0.00974668655545, -0.00718430709094, 0.00351859326474, -0.00216905074194, 0.000879468512721], [0.00397209264338, 0.00285830534995, -0.00582722108811, 0.00307656708173, -0.0101446928456, 0.00686284340918, -0.0141145493835, 0.0256696324795, -0.0143898949027, 0.010254977271, -0.00517250970006, 0.00792165566236, -0.00455565284938], [-0.00309182400815, -0.000205979828024, 0.00235150242224, -0.00151749595534, 0.00737084727734, -0.00340895797126, 0.00974668655545, -0.0143898949027, 0.0175705906004, -0.0123358257115, 0.00814899243414, -0.00689909234643, 0.00179833406582], [0.00337005336769, 0.00188184774015, -0.00137257669121, 0.00113930925727, -0.00651701772586, 0.00255590258166, -0.00718430709094, 0.010254977271, -0.0123358257115, 0.0236069522798, -0.0140962796286, 0.00794630590826, -0.00259038805962], [-0.00061321380781, -0.00383527041413, 0.00352035602555, 0.00257715582848, 0.00650501390919, -0.00216945027933, 0.00351859326474, -0.00517250970006, 0.00814899243414, -0.0140962796286, 0.0291315410286, -0.0186504442245, 0.00757578853518], [-0.000750433711801, 0.00681853294373, -0.00388887757435, -0.00104541506153, -0.00641862535849, -0.000317436526529, -0.00216905074194, 0.00792165566236, -0.00689909234643, 0.00794630590826, -0.0186504442245, 0.0314210727811, -0.0138986557722], [0.00176380341873, -0.00332058267668, 0.00192221440375, 0.000376043113647, 0.00269571598619, 0.00416005589068, 0.000879468512721, -0.00455565284938, 0.00179833406582, -0.00259038805962, 0.00757578853518, -0.0138986557722, 0.0175080783665]]
    },
    "melbands": {
        "max": [0.000139915224281, 0.000333821517415, 0.00115224916954, 0.00123638228979, 0.00380618474446, 0.0110854767263, 0.00242762034759, 0.00704193674028, 0.00645095761865, 0.00499112345278, 0.00198588054627, 0.0018725375412, 0.00806300714612, 0.00353486160748, 0.00151991401799, 0.000593862612732, 0.00154425541405, 0.00161102414131, 0.00311549380422, 0.000850283191539, 0.00185512227472, 0.000373351213057, 0.00063718954334, 0.000534301332664, 0.000490815495141, 0.000116175688163, 3.97623625759e-05, 4.56909438071e-05, 3.60865997209e-05, 1.96047658392e-05, 1.00479492176e-05, 2.39699147642e-06, 2.57606598097e-06, 2.81872462438e-06, 2.14189117287e-06, 1.14036151899e-06, 5.24086772202e-07, 1.50989066583e-07, 2.99205424881e-08, 2.29236061244e-08],
        "mean": [6.83556663716e-06, 1.30519665618e-05, 2.0878522264e-05, 6.23942614766e-05, 0.000271582917776, 0.000321323313983, 0.000101977828308, 0.000196084409254, 0.000336394470651, 0.000253181788139, 6.18090271018e-05, 5.34508108103e-05, 0.000245555391302, 9.94324727799e-05, 1.96243927348e-05, 2.0193243472e-05, 6.22600418865e-05, 3.15018369292e-05, 2.78715579043e-05, 4.23581659561e-05, 3.56925811502e-05, 1.67580237758e-05, 2.24084196816e-05, 1.89862657862e-05, 1.9146798877e-05, 5.04417766933e-06, 1.45108833749e-06, 1.346899694e-06, 1.42553881233e-06, 3.9520853079e-07, 2.17951850345e-07, 8.60765325683e-08, 6.54858496318e-08, 1.13803963586e-07, 8.96979841514e-08, 3.61052592268e-08, 1.70635843233e-08, 3.99278121677e-09, 9.49931133754e-10, 7.45505213118e-10],
        "min": [8.75472210282e-08, 5.09799527038e-08, 8.07691478144e-08, 2.12293791435e-08, 1.78994721267e-08, 2.48926177449e-08, 1.00962553873e-08, 6.1291189013e-08, 3.28280371775e-08, 6.18121687168e-09, 1.03096446935e-08, 2.32203767325e-08, 1.06638173847e-08, 4.16725942642e-09, 5.96436144917e-09, 3.11830961053e-09, 4.61385507577e-09, 6.75744216139e-09, 5.98979621458e-09, 4.98590813081e-09, 3.4097571433e-09, 3.44491035698e-09, 3.05050051885e-09, 2.80828515997e-09, 1.39489264583e-09, 1.06040509706e-09, 6.85381751353e-10, 1.49877510403e-09, 6.04088556955e-10, 5.87028370358e-10, 6.53041343224e-10, 2.28438795657e-10, 2.21125506794e-10, 1.77796194434e-10, 3.61627588985e-10, 2.99827662698e-10, 3.19556714423e-10, 9.97258733926e-11, 8.42561020953e-11, 5.8024106353e-11],
        "stdev": [1.37632741826e-05, 2.56594958046e-05, 6.14917080384e-05, 0.000122549405205, 0.00036529940553, 0.000939247896895, 0.000280970038148, 0.000545401300769, 0.000716009526514, 0.000632910174318, 0.000203309376957, 0.000166273137438, 0.000846389622893, 0.000346385582816, 6.27868867014e-05, 4.89476115035e-05, 0.000183123091119, 0.00010996832134, 0.000141715019708, 0.000102552432509, 0.000142959514051, 4.13088528148e-05, 6.05227760389e-05, 4.67037862109e-05, 4.72319807159e-05, 1.34891924972e-05, 3.49524293597e-06, 2.5775721042e-06, 3.74445471607e-06, 1.11020528948e-06, 7.35655135031e-07, 2.21322892457e-07, 1.9564210163e-07, 2.74674107459e-07, 2.49140896358e-07, 1.02185296669e-07, 4.50020998244e-08, 9.48558831482e-09, 9.0034885103e-10, 6.93978374766e-10]
    },
    "melbands128": {
        "max": [1.00116276371e-05, 7.7256190707e-05, 0.000254813523497, 0.000306069705402, 0.000513477250934, 0.000363052269677, 0.00173933478072, 0.00148646393791, 0.000825604831334, 0.00129731360357, 0.0023694189731, 0.00475857686251, 0.00510747125372, 0.00883426703513, 0.016200568527, 0.0182205811143, 0.00486656697467, 0.00428784452379, 0.00478999176994, 0.00918252021074, 0.0139696449041, 0.0179002415389, 0.0075503080152, 0.0143223265186, 0.0108491303399, 0.0120661100373, 0.00525364233181, 0.00347635895014, 0.00269741215743, 0.00178031099495, 0.00365463783965, 0.0083389673382, 0.0166095625609, 0.0135740190744, 0.00932756625116, 0.000662862672471, 0.000151962041855, 0.00212595402263, 0.00228867749684, 0.000307860318571, 0.00125020032283, 0.000644359679427, 0.00144695024937, 0.00365057913586, 0.00413174647838, 0.00254589132965, 0.00582212815061, 0.006743573118, 0.00349916680716, 0.00215575867333, 0.00163614028133, 0.00278977467678, 0.00401885481551, 0.00201647751965, 0.000883010099642, 0.000724362209439, 0.000805654155556, 0.000837287283503, 0.00164688250516, 0.00207641837187, 0.000422073382651, 0.000697768176906, 0.00142666546162, 0.00035995800863, 0.000380916841095, 0.000246232375503, 8.32711884868e-05, 8.41328583192e-05, 6.271811435e-05, 3.78956647182e-05, 4.26449005317e-05, 9.2567082902e-05, 9.78535390459e-05, 7.50010658521e-05, 2.06453714782e-05, 4.73899563076e-05, 5.97726193519e-06, 9.82693836704e-06, 1.80301103683e-05, 5.19672175869e-06, 2.02692399398e-06, 3.26275721818e-06, 2.27306964007e-06, 2.97705150842e-06, 3.13973418997e-06, 4.36083291788e-06, 3.35959111908e-06, 6.48820378046e-06, 2.85372448161e-06, 3.50255550075e-06, 1.97793951884e-06, 8.26906330076e-07, 1.11249710244e-06, 6.78569108459e-07, 4.82502287014e-07, 2.93020661957e-07, 5.43922169527e-08, 3.21528439429e-08, 3.16987751603e-08, 2.77772080892e-08, 2.53321115196e-08, 2.17772750943e-08, 2.106328445e-08, 1.89048208199e-08, 1.82034902707e-08, 1.70038294556e-08, 1.60238542435e-08, 1.51358765521e-08, 1.43152192322e-08, 1.35777806776e-08, 1.28842385649e-08, 1.23287895448e-08, 1.17259340016e-08, 1.12033164967e-08, 1.07624975598e-08, 1.03501065496e-08, 9.93364501767e-09, 9.59632728836e-09, 9.29891807999e-09, 8.99845886693e-09, 8.74103278647e-09, 8.55465032146e-09, 8.36915159397e-09, 8.19549406117e-09, 8.03532884674e-09, 7.92540166827e-09, 7.85107800994e-09, 7.80289077795e-09],
        "mean": [6.52570520288e-07, 3.13765463034e-06, 9.57312749961e-06, 1.36341332109e-05, 1.29181353259e-05, 1.09029188025e-05, 2.00005433726e-05, 2.20804904529e-05, 2.47074513027e-05, 3.57206517947e-05, 9.17109573493e-05, 0.000187418409041, 0.000278210325632, 0.000451480213087, 0.00037633581087, 0.000248067284701, 0.000100662298792, 6.69938017381e-05, 0.000104100690805, 0.000187779689441, 0.000278614315903, 0.000139004085213, 0.000290645082714, 0.000655402778648, 0.00027970247902, 0.000144406658364, 5.69392868783e-05, 5.91853277001e-05, 5.59339059691e-05, 2.88116079901e-05, 4.33809436799e-05, 0.00011871325114, 0.000221992813749, 0.000454420194728, 0.000118539574032, 8.73247063282e-06, 5.55770884603e-06, 2.98331033264e-05, 2.1095665943e-05, 9.37126969802e-06, 3.2933014154e-05, 1.35146701723e-05, 4.86919998366e-05, 0.000117700634291, 3.7255933421e-05, 1.54937697516e-05, 1.75912537088e-05, 3.10665673169e-05, 3.48340363416e-05, 1.45059866554e-05, 4.47384336439e-05, 6.7259206844e-05, 5.58514293516e-05, 1.27024304675e-05, 1.05567423816e-05, 1.76400099008e-05, 2.11739825318e-05, 2.0830448193e-05, 1.88794274436e-05, 3.56180098606e-05, 1.32336062961e-05, 9.04979788174e-06, 3.16665136779e-05, 1.76167759491e-05, 8.99506540009e-06, 5.52638266527e-06, 1.79551909696e-06, 1.74658998731e-06, 1.59912087838e-06, 6.05959655786e-07, 9.02867270725e-07, 2.07761786442e-06, 2.14600663639e-06, 1.32986792778e-06, 4.58900132116e-07, 5.86848614148e-07, 2.16341504711e-07, 2.03076282901e-07, 2.91225148885e-07, 1.48108767917e-07, 7.33060190328e-08, 7.91757130969e-08, 5.49516983028e-08, 5.36604218837e-08, 8.04745354799e-08, 1.07735807831e-07, 1.16028935793e-07, 1.49581978803e-07, 8.8049169733e-08, 4.92403877672e-08, 4.77922590392e-08, 2.66141864103e-08, 2.91554975718e-08, 1.74997598634e-08, 1.07960920204e-08, 5.69342972767e-09, 2.56218823935e-09, 1.08842224122e-09, 9.3417396041e-10, 8.44596059757e-10, 7.84290021816e-10, 7.5222850171e-10, 6.75602462863e-10, 5.36400424078e-10, 1.15445604465e-10, 1.50653517439e-11, 1.41669202411e-11, 1.340542434e-11, 1.27308285441e-11, 1.21028022673e-11, 1.15264750869e-11, 1.10589081295e-11, 1.05394382457e-11, 1.00925587332e-11, 9.71148855777e-12, 9.37048355576e-12, 9.03080214776e-12, 8.68118858049e-12, 8.41393187762e-12, 8.14898062224e-12, 7.92044901887e-12, 7.75429286753e-12, 7.60243430709e-12, 7.44068435338e-12, 7.24254163587e-12, 7.04431868739e-12, 6.92463274221e-12, 6.8751215658e-12],
        "min": [3.57751134272e-10, 3.70208974587e-09, 7.57581197774e-09, 4.53607853501e-08, 2.23018901124e-08, 1.63193156766e-08, 2.86577375164e-08, 3.91452630311e-08, 1.35554127922e-08, 6.9340253539e-09, 7.89420617764e-09, 7.62104335195e-09, 7.00033631063e-09, 2.32697274782e-08, 5.56620127767e-09, 5.15007769764e-09, 7.38644034826e-09, 4.40339453789e-09, 9.94782922703e-09, 1.99568486181e-08, 4.28019575338e-09, 1.05759188074e-08, 8.03639821356e-09, 6.90215307131e-09, 4.40760716813e-09, 5.5374562713e-09, 2.37410446857e-09, 1.00768913214e-08, 1.15316849403e-08, 6.99524971282e-09, 5.08915221076e-09, 4.68293448463e-09, 1.25534938e-09, 5.37642463883e-09, 3.43332229313e-09, 1.41925160513e-09, 2.71048983258e-09, 5.30950483579e-09, 1.84951676196e-09, 2.91784219009e-09, 1.25244203897e-09, 1.83405179932e-09, 2.371035146e-09, 2.37878272635e-09, 3.03051650441e-09, 3.43620110144e-09, 4.02542887912e-09, 2.84570389475e-09, 1.88022553083e-09, 3.62771634954e-09, 1.50501000551e-09, 2.253643272e-09, 1.03501263116e-09, 1.6085982546e-09, 1.45688605624e-09, 3.3859193227e-09, 2.90709656348e-09, 1.0047812582e-09, 1.85412751819e-09, 4.45748504774e-09, 1.42493228328e-09, 1.85426252131e-09, 7.59348361967e-10, 2.1039410214e-09, 7.5972361735e-10, 1.38407951766e-09, 5.99792882028e-10, 4.12910927672e-10, 5.63563751221e-10, 1.15382470245e-09, 1.16741882827e-09, 1.10978948253e-09, 6.37246033719e-10, 4.7189852026e-10, 3.66603331026e-10, 2.04958758299e-10, 6.66605048938e-10, 4.69257299685e-10, 3.44564071719e-10, 3.89178411719e-10, 1.66887059727e-10, 1.26831517511e-10, 1.26121182942e-10, 1.9678148e-10, 2.07651923434e-10, 1.38107275616e-10, 1.94956217836e-10, 1.95125332558e-10, 3.3544975131e-10, 2.44624931423e-10, 2.08938963353e-10, 1.69950636897e-10, 4.52659659755e-10, 2.78401773857e-10, 1.32102925821e-10, 1.2381587422e-10, 4.70572886213e-11, 7.93884610828e-11, 8.2060053197e-11, 5.1400522727e-11, 5.80841520714e-11, 4.14554432449e-11, 1.84029510381e-11, 5.08317554715e-11, 2.75635178744e-12, 1.26253459185e-13, 1.09141008405e-13, 1.25831785855e-13, 8.8538002613e-14, 1.14550201464e-13, 1.14620173162e-13, 1.14883769815e-13, 1.17489202503e-13, 1.12357084086e-13, 1.04989239145e-13, 1.1368664121e-13, 1.17223112185e-13, 1.27541111895e-13, 1.31477931298e-13, 1.18336926629e-13, 1.22460255911e-13, 1.05858342383e-13, 1.08947607067e-13, 1.16173536719e-13, 9.55650895874e-14, 2.82161040409e-14, 3.96077561279e-15, 1.0132550237e-16],
        "stdev": [8.25739903121e-07, 6.23299501967e-06, 2.35283587244e-05, 2.75350048469e-05, 3.4329816117e-05, 2.42574042204e-05, 7.64063443057e-05, 8.77538113855e-05, 6.10628485447e-05, 7.89384939708e-05, 0.000213680104935, 0.000470334809506, 0.000423290155595, 0.000819869223051, 0.00143178808503, 0.00126217317302, 0.000368685781723, 0.000320312945405, 0.000385816820199, 0.000620944949333, 0.0009330190951, 0.000676407304127, 0.000794648542069, 0.00169280532282, 0.000941211241297, 0.000839036423713, 0.000350698654074, 0.000250084151048, 0.000214773099287, 0.000141135460581, 0.000178912610863, 0.000610435439739, 0.00118023098912, 0.00169303268194, 0.000582066422794, 4.15075155615e-05, 1.24545458675e-05, 9.89729087451e-05, 8.36894687382e-05, 2.60355554929e-05, 9.69540997175e-05, 4.94559608342e-05, 0.000168499711435, 0.000391672743717, 0.000225398267503, 7.98205874162e-05, 0.00017764835502, 0.000241023793933, 0.000175246037543, 0.000102817983134, 0.000151765241753, 0.000214578802115, 0.000306041620206, 9.4077164249e-05, 4.97870569234e-05, 6.35567048448e-05, 5.92835967836e-05, 7.44408098399e-05, 9.74536160356e-05, 0.000140786985867, 4.13419184042e-05, 3.9856749936e-05, 0.000110599379695, 4.14013957197e-05, 2.80325020867e-05, 2.07832745218e-05, 5.21697211298e-06, 5.35141725777e-06, 4.80141488879e-06, 1.78833090558e-06, 2.22495032176e-06, 5.06934247824e-06, 6.05817149335e-06, 5.74068235437e-06, 1.44601756347e-06, 2.23190863835e-06, 5.98600649937e-07, 7.16667784673e-07, 1.26919269405e-06, 5.05735727074e-07, 2.06326788543e-07, 2.43570184466e-07, 1.9545122143e-07, 2.10803463574e-07, 2.54183106563e-07, 2.8848270972e-07, 3.10234696599e-07, 5.14299244969e-07, 2.67293273737e-07, 1.76645059469e-07, 1.57147198365e-07, 7.3213762164e-08, 8.47981027619e-08, 4.88751972227e-08, 3.06788834337e-08, 1.61522581976e-08, 5.0089932202e-09, 1.10087927663e-09, 1.00659780511e-09, 8.45255809789e-10, 8.68262683973e-10, 6.98660740373e-10, 6.37924824076e-10, 6.50776266209e-10, 4.91921114953e-10, 4.54073972866e-10, 4.27905821887e-10, 4.04192679326e-10, 3.82278014799e-10, 3.62584573477e-10, 3.44063527669e-10, 3.29230753771e-10, 3.13131909291e-10, 2.99173991136e-10, 2.87403933985e-10, 2.76389910958e-10, 2.65268501609e-10, 2.56262400189e-10, 2.48320003449e-10, 2.40295811027e-10, 2.33422836615e-10, 2.28444749228e-10, 2.23490365103e-10, 2.18854753764e-10, 2.1457850774e-10, 2.11643938486e-10, 2.09661510375e-10, 2.08375330879e-10]
    },
    "mfcc": {
        "mean": [-770.727783203, 159.274124146, -63.1188697815, 21.2566604614, -10.6358060837, -19.5456447601, -18.189661026, 1.78770327568, -13.5492210388, 5.32254981995, -10.5968322754, -0.976048052311, -4.67249679565],
        "cov": [[5130.28808594, -99.6933898926, -1624.77392578, 375.433654785, -593.999572754, -66.5742111206, -402.182098389, 91.3109283447, -483.389862061, -170.623016357, -220.707809448, 91.4889373779, -84.7096786499], [-99.6933898926, 840.848205566, 115.842323303, -163.636199951, 6.82742404938, -253.942855835, 157.979141235, -108.797233582, 17.0409259796, -37.6316986084, 43.0585517883, -112.167831421, -77.0392150879], [-1624.77392578, 115.842323303, 1069.54699707, -82.2256698608, 168.795730591, 117.109230042, 10.9270992279, -4.98848199844, 106.431526184, 32.0163879395, 96.3974990845, -50.4643135071, -77.1371002197], [375.433654785, -163.636199951, -82.2256698608, 296.313751221, 85.095085144, -41.6809654236, -154.657119751, 17.8234481812, 29.2587413788, -34.5985069275, -106.880447388, 52.7582817078, -5.98084592819], [-593.999572754, 6.82742404938, 168.795730591, 85.095085144, 277.204986572, -18.2242622375, -54.1332015991, -11.5770177841, 97.9994049072, -9.48906230927, -25.9667606354, 8.21959114075, 5.54480171204], [-66.5742111206, -253.942855835, 117.109230042, -41.6809654236, -18.2242622375, 382.988708496, 73.1314086914, 52.1341781616, -61.2257423401, -19.4832820892, 122.830108643, 3.25751805305, -1.65893113613], [-402.182098389, 157.979141235, 10.9270992279, -154.657119751, -54.1332015991, 73.1314086914, 347.108764648, 20.5978717804, 3.48703289032, 13.6804227829, 95.1966629028, -54.9383201599, -5.9590420723], [91.3109283447, -108.797233582, -4.98848199844, 17.8234481812, -11.5770177841, 52.1341781616, 20.5978717804, 120.694396973, 11.0432510376, 21.1618003845, -6.57925510406, -0.817488074303, -7.48380422592], [-483.389862061, 17.0409259796, 106.431526184, 29.2587413788, 97.9994049072, -61.2257423401, 3.48703289032, 11.0432510376, 176.013885498, 46.8845252991, -35.1860084534, 17.1539363861, 40.1727561951], [-170.623016357, -37.6316986084, 32.0163879395, -34.5985069275, -9.48906230927, -19.4832820892, 13.6804227829, 21.1618003845, 46.8845252991, 122.413291931, 20.6253013611, -13.1895647049, 10.1266393661], [-220.707809448, 43.0585517883, 96.3974990845, -106.880447388, -25.9667606354, 122.830108643, 95.1966629028, -6.57925510406, -35.1860084534, 20.6253013611, 176.692611694, -11.0823259354, -4.25772237778], [91.4889373779, -112.167831421, -50.4643135071, 52.7582817078, 8.21959114075, 3.25751805305, -54.9383201599, -0.817488074303, 17.1539363861, -13.1895647049, -11.0823259354, 139.377059937, 73.4963912964], [-84.7096786499, -77.0392150879, -77.1371002197, -5.98084592819, 5.54480171204, -1.65893113613, -5.9590420723, -7.48380422592, 40.1727561951, 10.1266393661, -4.25772237778, 73.4963912964, 142.580093384]],
        "icov": [[0.002156161936, -0.00253804423846, 0.00272605661303, -0.00251847086474, 0.00330980378203, -0.00253457156941, 0.00308353547007, -0.00252468278632, 0.00264280522242, -0.000736317364499, 0.00134949153289, -0.00135365896858, 0.00116273330059], [-0.00253804423846, 0.00600839359686, -0.00347608700395, 0.00388279184699, -0.00400954019278, 0.00573031185195, -0.00469529954717, 0.00418894737959, -0.00364042934962, 0.00298196473159, -0.00318712135777, 0.00275539769791, -0.000434511486674], [0.00272605661303, -0.00347608700395, 0.00485082436353, -0.00260204216465, 0.00354244932532, -0.00393531983718, 0.00440542493016, -0.00312546943314, 0.00223882263526, -0.00106443511322, 0.0013131974265, -0.00185105518904, 0.00253129424527], [-0.00251847086474, 0.00388279184699, -0.00260204216465, 0.00954402144998, -0.00541073363274, 0.00319494120777, -0.00212634773925, 0.00237070978619, -0.00408307183534, 0.00241754949093, 0.000239654240431, -8.4565654106e-05, 0.000906932458747], [0.00330980378203, -0.00400954019278, 0.00354244932532, -0.00541073363274, 0.0107417730615, -0.00411747954786, 0.00525075988844, -0.00320994644426, 0.000958820863161, 0.000175689143362, 0.00152139202692, -0.00134190940298, 0.00152935029473], [-0.00253457156941, 0.00573031185195, -0.00393531983718, 0.00319494120777, -0.00411747954786, 0.00972488336265, -0.00492154294625, 0.00182280223817, -0.00212974939495, 0.00383578543551, -0.00586932571605, 0.00265427050181, -0.0014572328655], [0.00308353547007, -0.00469529954717, 0.00440542493016, -0.00212634773925, 0.00525075988844, -0.00492154294625, 0.00931717827916, -0.00499512953684, 0.00221047946252, -0.000650591449812, 0.000782749324571, -0.000962741556577, 0.00139798899181], [-0.00252468278632, 0.00418894737959, -0.00312546943314, 0.00237070978619, -0.00320994644426, 0.00182280223817, -0.00499512953684, 0.0137789901346, -0.00425827875733, -0.000712244422175, -0.00023074215278, 0.00155036791693, 0.00027678036713], [0.00264280522242, -0.00364042934962, 0.00223882263526, -0.00408307183534, 0.000958820863161, -0.00212974939495, 0.00221047946252, -0.00425827875733, 0.0144474171102, -0.00527696078643, 0.00406402023509, -0.00243823323399, -0.00186774879694], [-0.000736317364499, 0.00298196473159, -0.00106443511322, 0.00241754949093, 0.000175689143362, 0.00383578543551, -0.000650591449812, -0.000712244422175, -0.00527696078643, 0.0129433367401, -0.00430519133806, 0.00297715095803, -0.00042315927567], [0.00134949153289, -0.00318712135777, 0.0013131974265, 0.000239654240431, 0.00152139202692, -0.00586932571605, 0.000782749324571, -0.00023074215278, 0.00406402023509, -0.00430519133806, 0.0125641841441, -0.00303976936266, 0.000796165375505], [-0.00135365896858, 0.00275539769791, -0.00185105518904, -8.4565654106e-05, -0.00134190940298, 0.00265427050181, -0.000962741556577, 0.00155036791693, -0.00243823323399, 0.00297715095803, -0.00303976936266, 0.0130874710158, -0.00655770348385], [0.00116273330059, -0.000434511486674, 0.00253129424527, 0.000906932458747, 0.00152935029473, -0.0014572328655, 0.00139798899181, 0.00027678036713, -0.00186774879694, -0.00042315927567, 0.000796165375505, -0.00655770348385, 0.0128340572119]]
    },
    "spectral_contrast_coeffs": {
        "max": [-0.409572958946, -0.397473603487, -0.449569314718, -0.4868478477, -0.573047637939, -0.590018391609],
        "mean": [-0.659820437431, -0.679979860783, -0.719048380852, -0.730610787868, -0.746329069138, -0.76967382431],
        "min": [-0.914916396141, -0.916393220425, -0.924336433411, -0.911162734032, -0.906723916531, -0.906603515148],
        "stdev": [0.104404821992, 0.109081171453, 0.085347302258, 0.0693487226963, 0.0612750388682, 0.0655087679625]
    },
    "spectral_contrast_valleys": {
        "max": [-6.9549612999, -5.73586797714, -6.55021047592, -6.92530965805, -6.71918106079, -10.6656417847],
        "mean": [-8.6026802063, -7.72812271118, -8.51660823822, -8.6334066391, -8.73641967773, -12.6184425354],
        "min": [-10.6016197205, -10.4548635483, -11.1201820374, -10.9937410355, -11.2451820374, -13.4914312363],
        "stdev": [0.655678987503, 0.830769956112, 0.777463912964, 0.738181233406, 0.777564704418, 0.27745783329]
    }
},
"rhythm": {
    "beats_count": 71,
    "beats_loudness": {
        "max": 0.0680451914668,
        "mean": 0.0123872254044,
        "min": 1.58528309839e-05,
        "stdev": 0.0138815864921
    },
    "bpm": 104.495864868,
    "bpm_histogram_first_peak_bpm": 105,
    "bpm_histogram_first_peak_weight": 0.411764740944,
    "bpm_histogram_second_peak_bpm": 157,
    "bpm_histogram_second_peak_spread": 0.375,
    "bpm_histogram_second_peak_weight": 0.142857149243,
    "danceability": 0.827125310898,
    "onset_rate": 2.15332007408,
    "beats_loudness_band_ratio": {
        "max": [0.585250139236, 0.784092009068, 0.861681103706, 0.77858453989, 0.451761454344, 0.339812725782],
        "mean": [0.0495586916804, 0.259681135416, 0.374831110239, 0.184716969728, 0.135305613279, 0.0309473089874],
        "min": [0.000179092690814, 0.000258236948866, 0.0209079869092, 0.00446008099243, 0.00542582012713, 0.00108578021172],
        "stdev": [0.103533506393, 0.214747652411, 0.258640289307, 0.19502812624, 0.116446211934, 0.0586767941713]
    },
