{
"metadata": {
    "version": {
        "essentia": "2.1-beta5",
        "essentia_git_sha": "Undefined",
        "extractor": "music 2.0"
    },
    "audio_properties": {
        "analysis": {
            "equal_loudness": 0,
            "length": 25.2633113861,
            "sample_rate": 44100,
            "start_time": 175.240997314,
            "downmix": "mix"
        },
        "bit_rate": 192000,
        "length": 200.527542114,
        "lossless": 0,
        "number_channels": 2,
        "replay_gain": 1.07978248596,
        "sample_rate": 48000,
        "codec": "mp3",
        "md5_encoded": "5a48b4effde3ece8c21fa68d3cce2c56"
    },
    "tags": {
        "file_name": "Luxembourg_Nous Les Amoureux_Jean-Claude Pascal.mp3",
        "encoding": ["Lavf58.29.100"]
    }
},
"lowlevel": {
    "average_loudness": 0.714488744736,
    "barkbands_crest": {
        "max": 26.9071235657,
        "mean": 10.5905952454,
        "min": 3.19781494141,
        "stdev": 5.59913682938
    },
    "barkbands_flatness_db": {
        "max": 0.556364476681,
        "mean": 0.212112620473,
        "min": 0.0576142445207,
        "stdev": 0.0616083405912
    },
    "barkbands_kurtosis": {
        "max": 2560.15258789,
        "mean": 5.39649629593,
        "min": -1.77516686916,
        "stdev": 83.3858642578
    },
    "barkbands_skewness": {
        "max": 49.8601646423,
        "mean": 0.791343331337,
        "min": -2.84610891342,
        "stdev": 2.18176245689
    },
    "barkbands_spread": {
        "max": 119.119163513,
        "mean": 12.8533430099,
        "min": 0.216769918799,
        "stdev": 9.03726387024
    },
    "dissonance": {
        "max": 0.499988019466,
        "mean": 0.456948786974,
        "min": 0.258019506931,
        "stdev": 0.0441983155906
    },
    "dynamic_complexity": 6.49331617355,
    "erbbands_crest": {
        "max": 29.0970630646,
        "mean": 10.3009958267,
        "min": 2.82707595825,
        "stdev": 4.89879369736
    },
    "erbbands_flatness_db": {
        "max": 0.420542299747,
        "mean": 0.291127860546,
        "min": 0.0598096624017,
        "stdev": 0.0512077175081
    },
    "erbbands_kurtosis": {
        "max": 25.6007976532,
        "mean": 0.33296841383,
        "min": -1.73753392696,
        "stdev": 2.12963438034
    },
    "erbbands_skewness": {
        "max": 3.55880689621,
        "mean": 0.215383082628,
        "min": -4.020860672,
        "stdev": 0.693759381771
    },
    "erbbands_spread": {
        "max": 121.884346008,
        "mean": 21.1186637878,
        "min": 4.47867870331,
        "stdev": 11.5265159607
    },
    "hfc": {
        "max": 66.9725723267,
        "mean": 13.1312093735,
        "min": 1.10167321964e-16,
        "stdev": 14.5131874084
    },
    "loudness_ebu128": {
        "integrated": -26.500421524,
        "loudness_range": 9.19569587708,
        "momentary": {
            "max": -21.7331790924,
            "mean": -30.5924568176,
            "min": -97.7451324463,
            "stdev": 9.08909034729
        },
        "short_term": {
            "max": -23.7432937622,
            "mean": -28.1772670746,
            "min": -36.9043807983,
            "stdev": 3.48589110374
        }
    },
    "melbands_crest": {
        "max": 39.9778938293,
        "mean": 14.0083084106,
        "min": 1.64556920528,
        "stdev": 7.9994058609
    },
    "melbands_flatness_db": {
        "max": 0.536942541599,
        "mean": 0.213185355067,
        "min": 0.00279987533577,
        "stdev": 0.079453125596
    },
    "melbands_kurtosis": {
        "max": 4318.02539062,
        "mean": 10.1611223221,
        "min": -1.72773730755,
        "stdev": 140.710800171
    },
    "melbands_skewness": {
        "max": 63.3613319397,
        "mean": 1.36413097382,
        "min": -1.4185243845,
        "stdev": 2.68790340424
    },
    "melbands_spread": {
        "max": 172.472900391,
        "mean": 22.5935401917,
        "min": 0.20515614748,
        "stdev": 18.6200885773
    },
    "pitch_salience": {
        "max": 0.900125741959,
        "mean": 0.626884698868,
        "min": 0.00376117019914,
        "stdev": 0.168541833758
    },
    "silence_rate_20dB": {
        "max": 1,
        "mean": 1,
        "min": 1,
        "stdev": 0
    },
    "silence_rate_30dB": {
        "max": 1,
        "mean": 1,
        "min": 1,
        "stdev": 0
    },
    "silence_rate_60dB": {
        "max": 1,
        "mean": 0.377410471439,
        "min": 0,
        "stdev": 0.484739810228
    },
    "spectral_centroid": {
        "max": 11226.7138672,
        "mean": 1703.8873291,
        "min": 382.492126465,
        "stdev": 1131.72009277
    },
    "spectral_complexity": {
        "max": 45,
        "mean": 12.3287420273,
        "min": 0,
        "stdev": 9.5757856369
    },
    "spectral_decrease": {
        "max": 9.13002738318e-29,
        "mean": -3.39282069106e-09,
        "min": -2.49001121944e-08,
        "stdev": 3.78869469131e-09
    },
    "spectral_energy": {
        "max": 0.0983059406281,
        "mean": 0.0139963356778,
        "min": 1.03364594358e-20,
        "stdev": 0.0155130093917
    },
    "spectral_energyband_high": {
        "max": 0.00166935333982,
        "mean": 9.28625304368e-05,
        "min": 7.51085569974e-21,
        "stdev": 0.000178560178028
    },
    "spectral_energyband_low": {
        "max": 0.00541130686179,
        "mean": 8.71918964549e-05,
        "min": 1.58766824205e-23,
        "stdev": 0.000307160691591
    },
    "spectral_energyband_middle_high": {
        "max": 0.0363353639841,
        "mean": 0.00461070192978,
        "min": 1.23609904474e-21,
        "stdev": 0.00572322960943
    },
    "spectral_energyband_middle_low": {
        "max": 0.0933979600668,
        "mean": 0.00934198312461,
        "min": 2.15345622801e-22,
        "stdev": 0.0117285726592
    },
    "spectral_entropy": {
        "max": 9.81118297577,
        "mean": 7.26557016373,
        "min": 5.60073900223,
        "stdev": 0.60203564167
    },
    "spectral_flux": {
        "max": 0.268493771553,
        "mean": 0.0530564561486,
        "min": 6.40596325985e-11,
        "stdev": 0.0395915880799
    },
    "spectral_kurtosis": {
        "max": 50.0724449158,
        "mean": 8.38575935364,
        "min": -1.25389885902,
        "stdev": 7.5902132988
    },
    "spectral_rms": {
        "max": 0.00979327503592,
        "mean": 0.00303501263261,
        "min": 3.17558674669e-12,
        "stdev": 0.00210799253546
    },
    "spectral_rolloff": {
        "max": 19229.1503906,
        "mean": 2095.72094727,
        "min": 21.533203125,
        "stdev": 2025.61767578
    },
    "spectral_skewness": {
        "max": 4.781291008,
        "mean": 1.49658334255,
        "min": -0.0543297231197,
        "stdev": 0.71729773283
    },
    "spectral_spread": {
        "max": 42436936,
        "mean": 2624791.5,
        "min": 910908.875,
        "stdev": 3964219.25
    },
    "spectral_strongpeak": {
        "max": 8.57057762146,
        "mean": 1.24389576912,
        "min": 0,
        "stdev": 1.13827323914
    },
    "zerocrossingrate": {
        "max": 0.80517578125,
        "mean": 0.0700143277645,
        "min": 0,
        "stdev": 0.0635091364384
    },
    "barkbands": {
        "max": [0.000148888371768, 0.0025151274167, 0.00256392313167, 0.00615337444469, 0.0112538319081, 0.0169593505561, 0.0843463242054, 0.0409955903888, 0.0318718068302, 0.01512454357, 0.0158859826624, 0.0182224493474, 0.0156442355365, 0.021404562518, 0.00944505818188, 0.00505624478683, 0.00613810028881, 0.00727602140978, 0.00554769532755, 0.00203737290576, 0.000782419461757, 0.000296016223729, 0.000440482574049, 3.41184313584e-05, 3.1847507671e-06, 2.14951887756e-06, 4.83713563426e-07],
        "mean": [2.01368493435e-06, 1.44393325172e-05, 2.53221751336e-05, 0.000128005442093, 0.000594719604123, 0.000538001069799, 0.00535794114694, 0.00140780000947, 0.0011246080976, 0.000446013058536, 0.000457477435702, 0.000388296524761, 0.000609406095464, 0.000803807575721, 0.000437544164015, 0.000462635391159, 0.000395563052734, 0.000413074914832, 0.000243433547439, 7.49790924601e-05, 4.1435345338e-05, 1.63914719451e-05, 1.14210079118e-05, 1.97589929485e-06, 3.51549367394e-08, 5.82215209377e-09, 1.28816834977e-09],
        "min": [4.39223306012e-25, 1.13635697387e-23, 1.59733930204e-24, 2.00221279392e-24, 1.63539416905e-23, 1.45804246033e-23, 2.11211922238e-23, 1.19727076193e-23, 2.70351341244e-23, 2.30457099099e-23, 2.50020660222e-23, 3.88047084829e-23, 5.94361127478e-23, 5.04368254064e-23, 7.92774475726e-23, 8.29073436963e-23, 7.28071410082e-23, 7.37076667523e-23, 1.98246766068e-22, 2.31487862623e-22, 3.24589201414e-22, 3.77846097271e-22, 4.88381388285e-22, 7.09929174362e-22, 9.92417714924e-22, 1.48496398587e-21, 2.29105078598e-21],
        "stdev": [7.59819749874e-06, 0.000102038575278, 0.000117998250062, 0.000375999428798, 0.00119289115537, 0.00148632586934, 0.00948514509946, 0.00416419794783, 0.00314252451062, 0.00118513614871, 0.00144669169094, 0.00109473371413, 0.00158430472948, 0.0019570523873, 0.000743154145312, 0.000613963173237, 0.000804244307801, 0.000622834544629, 0.000527994998265, 0.000190032224054, 8.88160429895e-05, 3.1856190617e-05, 3.07206901198e-05, 4.39329505753e-06, 9.7634533347e-08, 6.80292799871e-08, 1.47720351507e-08]
    },
    "erbbands": {
        "max": [0.0228955447674, 0.706014156342, 2.75631308556, 11.2641096115, 31.7263355255, 35.4242782593, 46.0600624084, 214.062759399, 1335.6463623, 776.247253418, 885.508056641, 876.848327637, 612.918945312, 349.913482666, 844.183349609, 678.62512207, 603.378295898, 1265.87854004, 670.761047363, 248.386627197, 261.517150879, 380.376434326, 332.584106445, 411.91607666, 121.06212616, 65.0683364868, 36.7418136597, 23.5055942535, 11.3712997437, 15.4751806259, 9.05265808105, 1.65593338013, 0.224383845925, 0.0382674634457, 0.0163135882467, 0.00685593578964, 0.00490034418181, 0.000824709713925, 6.96495117154e-05, 0.000110686123662],
        "mean": [0.000276567559922, 0.00404050061479, 0.0266068503261, 0.232575714588, 0.995705544949, 2.09456658363, 2.57513332367, 7.98804092407, 67.931388855, 55.2632484436, 29.7042598724, 25.3628997803, 15.6359567642, 11.7078199387, 26.6213359833, 15.1898527145, 28.3736190796, 43.5832061768, 27.1672725677, 24.0759487152, 23.6943588257, 22.7854957581, 21.5681877136, 20.3045082092, 7.93639707565, 3.11302113533, 1.8847566843, 1.38969254494, 0.610664129257, 0.452153265476, 0.296754598618, 0.0893798619509, 0.00989248231053, 0.000676035997458, 0.000285750080366, 6.4855274104e-05, 1.66492955032e-05, 4.42152258984e-06, 8.05377658253e-06, 1.68474634847e-05],
        "min": [3.2496103889e-22, 1.77971866979e-21, 2.34883710658e-21, 6.07078877935e-21, 3.30008325957e-20, 3.24962718091e-20, 7.40265579041e-20, 1.46195255228e-19, 3.54693004561e-19, 2.14605237386e-19, 3.56703105148e-19, 6.22638440909e-19, 1.08902380828e-18, 9.44090184428e-19, 1.7698918869e-18, 1.74694755107e-18, 2.89625256008e-18, 2.64514285998e-18, 3.94670080048e-18, 5.55590210005e-18, 4.32659755887e-18, 4.7958389224e-18, 7.3210215684e-18, 8.42962722332e-18, 9.45999317282e-18, 1.01693609323e-17, 1.30846357513e-17, 1.32877731118e-17, 1.13614828777e-17, 1.23692204744e-17, 1.27973914933e-17, 1.27924623241e-17, 1.20042708697e-17, 1.12039206875e-17, 6.7382198873e-18, 4.85193624359e-18, 2.85870827964e-18, 9.29942604219e-19, 2.82009781509e-19, 3.08831532924e-20],
        "stdev": [0.00113704591058, 0.02965577133, 0.126925498247, 0.672843158245, 2.25751757622, 4.27788448334, 5.84704780579, 18.7673225403, 125.894210815, 101.653923035, 95.6174697876, 64.1709671021, 49.4883651733, 24.3374557495, 79.4869995117, 39.2337684631, 66.7615432739, 107.803123474, 55.4830780029, 33.0834922791, 31.2413635254, 44.7924499512, 30.9554786682, 39.1356582642, 14.780919075, 6.71591043472, 3.96630835533, 2.87336540222, 1.16033005714, 1.07986330986, 0.764600813389, 0.192121893167, 0.0218972712755, 0.0013235474471, 0.000521396053955, 0.000245161761995, 0.000151249259943, 2.66752758762e-05, 8.75966907188e-06, 1.84450964298e-05]
    },
    "gfcc": {
        "mean": [-152.492721558, 115.779998779, -217.809249878, 11.3537521362, -65.7766723633, -19.2133426666, -32.472946167, -16.7709465027, 0.0165128409863, -16.0697212219, 1.45862591267, -10.1132230759, -8.11131572723],
        "cov": [[24916.6210938, 4168.21289062, -3653.1574707, 41.6332969666, -1587.85449219, -1826.86560059, -845.51776123, -948.671325684, 312.451171875, -652.13659668, 196.942993164, -644.315734863, -586.372070312], [4168.21289062, 1600.328125, 26.4597301483, -248.068191528, -259.458648682, -728.74206543, -262.824462891, -163.161987305, -91.1876296997, -203.862197876, 42.7163848877, -125.518783569, -123.673271179], [-3653.1574707, 26.4597301483, 1450.05065918, 45.9421615601, 146.023178101, -141.314865112, 18.5702896118, 85.0258865356, -156.846099854, 20.2829971313, 5.42810773849, 59.1782798767, 5.5163230896], [41.6332969666, -248.068191528, 45.9421615601, 606.729675293, 19.4008865356, 242.320251465, 38.9518127441, -70.7659378052, -30.2012825012, 3.39788341522, -4.39372253418, -74.4123687744, -11.7862691879], [-1587.85449219, -259.458648682, 146.023178101, 19.4008865356, 297.71875, 174.61479187, 43.1979293823, 119.295959473, -2.83268642426, 85.9272155762, -26.4988231659, 6.7396736145, 15.8660802841], [-1826.86560059, -728.74206543, -141.314865112, 242.320251465, 174.61479187, 677.073608398, 211.881973267, 101.118919373, -1.97766017914, 105.889205933, -43.0750427246, 66.059463501, 133.381668091], [-845.51776123, -262.824462891, 18.5702896118, 38.9518127441, 43.1979293823, 211.881973267, 174.193023682, 67.8855819702, -22.1716537476, 7.27351713181, -22.0185947418, 34.7670974731, 40.8106193542], [-948.671325684, -163.161987305, 85.0258865356, -70.7659378052, 119.295959473, 101.118919373, 67.8855819702, 165.360595703, 16.8527202606, 59.3804664612, -22.4148406982, 11.5779094696, 13.2410888672], [312.451171875, -91.1876296997, -156.846099854, -30.2012825012, -2.83268642426, -1.97766017914, -22.1716537476, 16.8527202606, 214.121047974, 119.070114136, 22.8338222504, -48.7931289673, -40.2080459595], [-652.13659668, -203.862197876, 20.2829971313, 3.39788341522, 85.9272155762, 105.889205933, 7.27351713181, 59.3804664612, 119.070114136, 184.514526367, 27.6044139862, -14.2272605896, -5.01466369629], [196.942993164, 42.7163848877, 5.42810773849, -4.39372253418, -26.4988231659, -43.0750427246, -22.0185947418, -22.4148406982, 22.8338222504, 27.6044139862, 71.371963501, 14.1608228683, -8.65729522705], [-644.315734863, -125.518783569, 59.1782798767, -74.4123687744, 6.7396736145, 66.059463501, 34.7670974731, 11.5779094696, -48.7931289673, -14.2272605896, 14.1608228683, 131.73008728, 81.0361862183], [-586.372070312, -123.673271179, 5.5163230896, -11.7862691879, 15.8660802841, 133.381668091, 40.8106193542, 13.2410888672, -40.2080459595, -5.01466369629, -8.65729522705, 81.0361862183, 121.130630493]],
        "icov": [[0.000592872267589, -0.00139834801666, 0.00145293492824, -0.00100565061439, 0.00111160625238, 0.000324098713463, 6.53394890833e-05, -0.000186166071217, -0.000486463832203, 4.85696837131e-05, 1.37813958645e-05, -0.00072867696872, 0.00110313028563], [-0.00139834801666, 0.00491990055889, -0.00339911435731, 0.00282227108255, -0.00228606606834, 0.000348725821823, 0.000489173224196, 0.000494209351018, 0.00205347011797, 0.000535330036655, -0.00105372606777, 0.00387590960599, -0.00358446314931], [0.00145293492824, -0.00339911435731, 0.0046272398904, -0.00302348914556, 0.00225935527124, 0.00194544892292, -0.000478664267575, -0.000913610740099, -9.06634013518e-05, -0.00104368652683, 0.000308281043544, -0.00253778090701, 0.00252751237713], [-0.00100565061439, 0.00282227108255, -0.00302348914556, 0.00506618991494, -0.00166816450655, -0.00266825244762, 0.000626514549367, 0.00239665759727, 0.00145538232755, 0.000940616533626, -0.00159693823662, 0.00472870934755, -0.00142806465738], [0.00111160625238, -0.00228606606834, 0.00225935527124, -0.00166816450655, 0.00845056306571, -0.000941426784266, 0.00232094153762, -0.00371406786144, 0.000655907846522, -0.00169586157426, 0.00118402705994, -0.00100601278245, 0.00324078486301], [0.000324098713463, 0.000348725821823, 0.00194544892292, -0.00266825244762, -0.000941426784266, 0.00718804914504, -0.00441373884678, -0.000253127363976, 0.00103787425905, -0.00312088127248, 0.00160535343457, -0.000458510039607, -0.00406349310651], [6.53394890833e-05, 0.000489173224196, -0.000478664267575, 0.000626514549367, 0.00232094153762, -0.00441373884678, 0.0124868592247, -0.00409134477377, 6.77955031279e-05, 0.00316401291639, -0.000578664126806, -0.000287733011646, 0.00199949531816], [-0.000186166071217, 0.000494209351018, -0.000913610740099, 0.00239665759727, -0.00371406786144, -0.000253127363976, -0.00409134477377, 0.0125206923112, -2.89141444227e-05, -0.00227396865375, 0.00221988605335, 0.00117321952712, -7.67972887843e-05], [-0.000486463832203, 0.00205347011797, -9.06634013518e-05, 0.00145538232755, 0.000655907846522, 0.00103787425905, 6.77955031279e-05, -2.89141444227e-05, 0.0112707223743, -0.00731449434534, -0.000405386730563, 0.00346487085335, -0.000269587122602], [4.85696837131e-05, 0.000535330036655, -0.00104368652683, 0.000940616533626, -0.00169586157426, -0.00312088127248, 0.00316401291639, -0.00227396865375, -0.00731449434534, 0.0153867797926, -0.00672192359343, 0.00258750282228, -0.000240466994001], [1.37813958645e-05, -0.00105372606777, 0.000308281043544, -0.00159693823662, 0.00118402705994, 0.00160535343457, -0.000578664126806, 0.00221988605335, -0.000405386730563, -0.00672192359343, 0.0211584530771, -0.0081144310534, 0.00337884505279], [-0.00072867696872, 0.00387590960599, -0.00253778090701, 0.00472870934755, -0.00100601278245, -0.000458510039607, -0.000287733011646, 0.00117321952712, 0.00346487085335, 0.00258750282228, -0.0081144310534, 0.0217745900154, -0.0122789563611], [0.00110313028563, -0.00358446314931, 0.00252751237713, -0.00142806465738, 0.00324078486301, -0.00406349310651, 0.00199949531816, -7.67972887843e-05, -0.000269587122602, -0.000240466994001, 0.00337884505279, -0.0122789563611, 0.0214232150465]]
    },
    "melbands": {
        "max": [0.000461431161966, 0.00122421048582, 0.00196951418184, 0.00288748671301, 0.00202281516977, 0.00415027979761, 0.0194709207863, 0.0079354615882, 0.00831307563931, 0.00476720044389, 0.00301214493811, 0.00135288853198, 0.00213172635995, 0.00136497546919, 0.00251018279232, 0.000998609000817, 0.00243802974001, 0.00135193148162, 0.000551768171135, 0.000412175897509, 0.00029251552769, 0.00050703092711, 0.00046229493455, 0.000196658817003, 0.00037968493416, 0.000141693191836, 0.000145945232362, 2.8756516258e-05, 1.93703508558e-05, 2.74937174254e-05, 1.31768429128e-05, 7.09482446837e-06, 5.6549411056e-06, 1.17654881251e-05, 7.77064360591e-06, 1.84666521363e-06, 7.39339043321e-07, 1.98937669893e-07, 3.8874084396e-08, 2.91475359404e-08],
        "mean": [3.29721774506e-06, 1.23695881484e-05, 6.14711607341e-05, 0.00011425318371, 9.7153315437e-05, 0.000160214316566, 0.00109103822615, 0.000537806481589, 0.000241049579927, 0.000147148646647, 7.3689770943e-05, 4.43527751486e-05, 7.2967428423e-05, 5.62736968277e-05, 5.40801265743e-05, 5.95289347984e-05, 8.31013094285e-05, 4.25142025051e-05, 3.10029208777e-05, 3.24070715578e-05, 2.59097541857e-05, 2.42138594331e-05, 1.86705910892e-05, 2.09785539482e-05, 1.6378266082e-05, 6.88761383572e-06, 4.03996773457e-06, 1.4815926761e-06, 1.13364080789e-06, 1.11844974526e-06, 6.94746290719e-07, 3.51491507899e-07, 2.65191061999e-07, 2.5053356012e-07, 2.02552769224e-07, 8.45128766969e-08, 4.03560136419e-08, 7.20258608311e-09, 3.30683758154e-10, 3.10988623742e-10],
        "min": [3.59066685976e-24, 1.88738777828e-24, 3.33684415819e-24, 2.68580198628e-24, 3.25887354075e-24, 3.05671610087e-24, 4.8682326178e-24, 1.97310500981e-24, 3.61836218842e-24, 4.00303285392e-24, 5.24119698188e-24, 2.75292261083e-24, 4.12528854485e-24, 3.50502259787e-24, 6.78467631258e-24, 4.43890453646e-24, 4.51307442206e-24, 5.05904742115e-24, 8.29992743908e-24, 7.04600305352e-24, 4.25214526702e-24, 4.00643994417e-24, 6.87136975948e-24, 2.64538548666e-24, 7.36866530755e-24, 7.18688098941e-24, 4.90224475016e-24, 6.36853325242e-24, 8.18406112704e-24, 7.2653481948e-24, 7.30638631681e-24, 5.62651845762e-24, 6.44749744017e-24, 6.62722677565e-24, 6.71128148282e-24, 5.98454810705e-24, 8.45319522435e-24, 7.73293760776e-24, 8.32347178166e-24, 9.06221083154e-24],
        "stdev": [1.92007628357e-05, 5.75318481424e-05, 0.000151347616338, 0.00020883808611, 0.000237076063058, 0.000399316108087, 0.00199631485157, 0.00103443057742, 0.000834376260173, 0.000367835338693, 0.000243622998823, 9.94560105028e-05, 0.000211539678276, 0.000146373800817, 0.000189151600352, 0.000120827964565, 0.000203962510568, 0.000102199599496, 4.70682753075e-05, 4.60177943751e-05, 3.72277172573e-05, 5.2418323321e-05, 3.42834428011e-05, 3.06678593915e-05, 3.47954592144e-05, 1.44662053572e-05, 1.14257645691e-05, 2.93536186291e-06, 2.27245641327e-06, 2.73489740721e-06, 1.40623569678e-06, 6.57681482608e-07, 5.94421351252e-07, 6.97199254773e-07, 5.82673067129e-07, 1.8204069363e-07, 9.03170942479e-08, 1.76638348393e-08, 1.22989474161e-09, 9.04067820606e-10]
    },
    "melbands128": {
        "max": [6.06210232945e-05, 9.75450238911e-05, 0.000538310676347, 0.00148609909229, 0.00142606138252, 0.00121005729306, 0.00235841819085, 0.00306496536359, 0.00407896051183, 0.00504164025187, 0.00215944135562, 0.00423002848402, 0.00159513927065, 0.00195401068777, 0.00595363415778, 0.00656898133457, 0.0196280796081, 0.0294010527432, 0.0180275663733, 0.014873820357, 0.0138998320326, 0.0167769361287, 0.014727704227, 0.0121964514256, 0.0103451004252, 0.00540830427781, 0.00500527070835, 0.00571405841038, 0.00217733392492, 0.00242352532223, 0.0021580378525, 0.00389696913771, 0.0019546172116, 0.00653666397557, 0.00319737708196, 0.00260180188343, 0.00259844306856, 0.00449800491333, 0.00441620033234, 0.00121482484974, 0.0015047271736, 0.00374002521858, 0.0057336022146, 0.00187863991596, 0.00217258511111, 0.00262046139687, 0.00183616532013, 0.0007465549279, 0.000579913379624, 0.000650304136798, 0.000712493201718, 0.000524422095623, 0.000617649813648, 0.000340094178682, 0.000755677523557, 0.00105808721855, 0.000877025246155, 0.000500542402733, 0.000668321037665, 0.000272565404885, 0.000333394447807, 0.000326759385644, 0.000634443073068, 0.000702363380697, 0.000331486808136, 0.000154003311764, 7.64633223298e-05, 0.000173783788341, 0.000249037751928, 4.64906224806e-05, 4.15028625866e-05, 2.89834970317e-05, 2.50576667895e-05, 1.94287476916e-05, 3.75096788048e-05, 4.71673920401e-05, 2.32754537137e-05, 2.72665547527e-05, 1.65204692166e-05, 1.2353785678e-05, 9.73229089141e-06, 8.21845333121e-06, 6.46809621685e-06, 8.60939053382e-06, 6.93233641869e-06, 8.01170244813e-06, 1.45251215145e-05, 2.19730918616e-05, 1.17998906717e-05, 3.6579413063e-06, 2.07137463804e-06, 1.7555598788e-06, 1.86381168987e-06, 7.88706017829e-07, 8.42731651574e-07, 3.71056870563e-07, 1.33416364179e-07, 1.87562125831e-08, 3.47585249472e-08, 6.12418062929e-08, 2.87328898452e-08, 2.75744298506e-08, 2.1282367868e-08, 1.58844741804e-08, 1.78005379325e-08, 1.60032698204e-08, 2.37793429392e-08, 1.19043841451e-08, 1.44767646759e-08, 6.77662859161e-09, 2.92684809722e-09, 3.47870998674e-09, 1.44255585255e-08, 4.03463111809e-08, 1.69793050731e-08, 6.05893024641e-09, 2.35993180553e-09, 2.22571538977e-09, 2.21618257079e-09, 2.13702122664e-09, 2.08729855622e-09, 2.06448791396e-09, 2.00407090922e-09, 1.98218663705e-09, 1.94699789624e-09, 1.92549221012e-09, 1.90087634522e-09, 1.8914727562e-09],
        "mean": [1.07508776637e-06, 1.74196679836e-06, 3.69465874428e-06, 7.20822527001e-06, 9.89501768345e-06, 1.35283089548e-05, 3.80369310733e-05, 7.42043994251e-05, 9.70272158156e-05, 0.000124597470858, 0.000110300694359, 0.000136132526677, 7.70595579525e-05, 6.33693125565e-05, 0.000152418375365, 0.000143057652167, 0.000534821941983, 0.00178086664528, 0.00112581986468, 0.000495212210808, 0.00034132116707, 0.000210878497455, 0.000242653302848, 0.000254497455899, 0.000182799019967, 8.8786429842e-05, 9.08246438485e-05, 8.56797851156e-05, 4.18703093601e-05, 5.77086684643e-05, 4.26694496127e-05, 2.17969445657e-05, 5.19737623108e-05, 0.000149517145474, 7.57903399062e-05, 2.4167185984e-05, 2.31697868003e-05, 4.30294567195e-05, 9.42341648624e-05, 5.60637563467e-05, 3.89890919905e-05, 7.553632895e-05, 0.00012130511459, 6.25476823188e-05, 3.61715756299e-05, 4.36635782535e-05, 4.57735986856e-05, 2.46447580139e-05, 2.34532690229e-05, 4.4114261982e-05, 2.9064643968e-05, 2.61457917077e-05, 3.51697963197e-05, 1.83643369382e-05, 2.30126915994e-05, 2.88671726594e-05, 2.03497729672e-05, 2.18360091822e-05, 1.52054381033e-05, 1.70934981725e-05, 2.54795140791e-05, 1.7960459445e-05, 2.34672043007e-05, 1.36851604111e-05, 9.76659066509e-06, 7.3266282925e-06, 4.64371532871e-06, 4.0887052819e-06, 4.99705765833e-06, 2.12601298699e-06, 1.34348852043e-06, 1.07376399683e-06, 1.32290722377e-06, 9.70009864432e-07, 1.12119118967e-06, 1.39622613915e-06, 9.3609077112e-07, 8.92975208444e-07, 6.59746660858e-07, 5.20740741194e-07, 3.94333540044e-07, 2.81040456684e-07, 2.38133708308e-07, 2.94976615578e-07, 2.5428863637e-07, 2.23719709425e-07, 2.47016714638e-07, 2.99752173305e-07, 2.04495023581e-07, 1.46377416854e-07, 8.88148576905e-08, 6.73788846939e-08, 7.33991569746e-08, 3.59173739639e-08, 2.92006188118e-08, 1.12110427608e-08, 2.06122829916e-09, 3.687509742e-10, 3.06745295831e-10, 3.13632037008e-10, 3.00968194811e-10, 3.07359138141e-10, 3.27139426659e-10, 3.11191600266e-10, 2.82800532991e-10, 3.16961179525e-10, 2.28807056635e-10, 6.69619568128e-11, 8.92465337743e-11, 2.52466693385e-11, 1.2203236685e-11, 1.289571748e-11, 2.08935369006e-11, 5.95858223873e-11, 2.74590541277e-11, 1.15500447748e-11, 8.61585802703e-12, 7.08165600813e-12, 6.96195184835e-12, 5.29032633673e-12, 4.97587171119e-12, 4.93824816108e-12, 4.87856239781e-12, 4.76835888483e-12, 4.40866830889e-12, 3.85309405909e-12, 3.54047737308e-12, 3.48329915259e-12],
        "min": [6.14783647193e-26, 2.05057706716e-24, 1.39704801124e-24, 2.98602095035e-24, 1.37231860237e-24, 6.67114867731e-25, 2.1676324884e-25, 1.5087400658e-24, 2.04666530315e-24, 1.52697537449e-24, 6.05804647481e-25, 9.08204713344e-25, 1.77940908922e-24, 1.56964012768e-24, 1.86952461473e-24, 1.74131302395e-24, 4.25579966517e-24, 9.60469114897e-25, 1.85585523296e-24, 1.00025965339e-24, 1.95316911423e-24, 8.04263759522e-25, 1.47131630724e-24, 3.53202609551e-24, 1.92338251531e-24, 2.62971870908e-24, 3.82537230616e-24, 2.92746498864e-24, 1.95676927819e-24, 2.77587471608e-24, 1.21542718453e-24, 2.8678762108e-24, 1.84614494686e-24, 3.11429663607e-24, 1.84417417511e-24, 2.60096216529e-24, 3.7954634338e-24, 5.14168927844e-24, 5.35423877745e-24, 4.70896436205e-24, 3.60793305283e-24, 2.57097085696e-24, 3.02053933419e-24, 2.44504518788e-24, 3.48751698552e-24, 4.53740486453e-24, 2.50930224734e-24, 7.30527165635e-24, 4.59303730772e-24, 3.50568602989e-24, 3.57324723326e-24, 5.46012008258e-24, 1.26527895361e-24, 5.22458396565e-24, 3.83278523209e-24, 2.40196588828e-24, 2.90903187309e-24, 4.65634615638e-24, 3.24934765089e-24, 3.57480799456e-24, 2.5526114999e-24, 8.68773994034e-25, 5.82745513525e-24, 7.50164280148e-24, 4.92239817413e-24, 4.78778576597e-24, 5.01559656806e-24, 4.38867815706e-24, 3.38857095104e-24, 5.09386734707e-24, 3.17160422539e-24, 6.98279084032e-24, 3.36684059411e-24, 6.19411176754e-24, 4.49941174561e-24, 8.73423481045e-24, 4.95040194741e-24, 4.06234848867e-24, 5.74487480911e-24, 5.76089854624e-24, 4.22791934862e-24, 3.53625833427e-24, 4.49959633906e-24, 4.98937601486e-24, 5.117993869e-24, 6.62102948438e-24, 5.43368338149e-24, 4.36563316343e-24, 5.65043474812e-24, 4.72222511386e-24, 3.84416849495e-24, 4.84373059808e-24, 4.29980074874e-24, 4.64038040051e-24, 8.08352869328e-24, 5.74535088666e-24, 7.17977414152e-24, 4.94169883947e-24, 5.46177590162e-24, 7.45925967163e-24, 7.97745056736e-24, 8.14513399681e-24, 7.05880153284e-24, 5.0958351606e-24, 7.72999121228e-24, 5.47852499636e-24, 7.58288837497e-24, 7.7889270105e-24, 5.79407330275e-24, 7.03918650643e-24, 7.64637668949e-24, 6.21885951743e-24, 5.16611951181e-24, 7.06162407716e-24, 6.9288146106e-24, 4.80076371116e-24, 6.15154286094e-24, 8.1928798031e-24, 8.26264035067e-24, 6.51871264725e-24, 6.50501565535e-24, 6.62621703369e-24, 6.35313942071e-24, 4.59334693562e-24, 6.50954292809e-24, 7.11366444222e-24, 6.79710560501e-24, 4.82027066362e-24],
        "stdev": [3.78464483219e-06, 5.89721594224e-06, 2.29206289077e-05, 5.97246616962e-05, 6.64169201627e-05, 5.7294513681e-05, 0.000131181950564, 0.000211754682823, 0.0002603205794, 0.00029200638528, 0.000246292969678, 0.00046893232502, 0.00022024444479, 0.000144537101733, 0.000529013283085, 0.000510623212904, 0.00141262577381, 0.00344250374474, 0.00249122036621, 0.00152902817354, 0.00112309120595, 0.00114478962496, 0.00124708178919, 0.00104945630301, 0.000550495926291, 0.000360988255125, 0.000377890275558, 0.000403146579629, 0.000131094333483, 0.000147195372847, 0.000118080730317, 0.000126244791318, 0.000152975902893, 0.000561484543141, 0.000254894897807, 9.71989356913e-05, 0.000103782011138, 0.000223932729568, 0.000400562072173, 0.00012454285752, 0.000123228950542, 0.000303255743347, 0.000408187392168, 0.000135998765472, 0.000138228730066, 0.000161890813615, 0.000103093094367, 5.12751212227e-05, 4.6562319767e-05, 8.00380948931e-05, 6.19862839812e-05, 4.97548608109e-05, 6.34041789453e-05, 4.01994548156e-05, 5.76714519411e-05, 8.15035091364e-05, 6.63570608594e-05, 4.99955931446e-05, 3.74779592676e-05, 2.89044146484e-05, 4.65502234874e-05, 3.3492968214e-05, 5.92079341004e-05, 4.14623937104e-05, 3.01158142975e-05, 1.67990310729e-05, 9.19623380469e-06, 1.18847574413e-05, 1.85334902199e-05, 5.15419742442e-06, 2.8449464935e-06, 2.33021069107e-06, 2.84826683128e-06, 2.08047231354e-06, 2.88696651296e-06, 4.29041074312e-06, 2.17406250158e-06, 2.19511161959e-06, 1.41969837841e-06, 1.09762345346e-06, 8.3378989757e-07, 5.67199720081e-07, 5.3494079566e-07, 8.1500803617e-07, 5.85968905398e-07, 5.59825991786e-07, 8.54880795487e-07, 1.13329485885e-06, 6.6043702418e-07, 3.65070377484e-07, 2.04650376645e-07, 1.54911958816e-07, 1.79753612883e-07, 8.46030374646e-08, 7.50226618607e-08, 3.15234665038e-08, 6.94051749406e-09, 7.97303445488e-10, 1.26051169502e-09, 1.87997928336e-09, 9.15227227338e-10, 8.94739893287e-10, 7.00244584539e-10, 5.67576430299e-10, 6.10517303379e-10, 5.74967351508e-10, 7.39937278116e-10, 4.08109684935e-10, 6.9722755347e-10, 2.71035666133e-10, 1.27020075014e-10, 1.49704457164e-10, 4.44960041035e-10, 1.23026389076e-09, 5.2151627461e-10, 1.97013363956e-10, 9.99089422304e-11, 6.75545383522e-11, 6.73126623885e-11, 6.48228276612e-11, 6.32979502146e-11, 6.26020138506e-11, 6.07706593381e-11, 6.01063157579e-11, 5.90481344376e-11, 5.84104986601e-11, 5.76725611712e-11, 5.73880873378e-11]
    },
    "mfcc": {
        "mean": [-753.335144043, 137.635040283, -89.8666687012, 15.5137557983, -27.4283180237, -1.20365560055, -32.5758514404, 4.00371074677, -20.9158916473, 2.62205266953, -5.35681724548, 4.13923025131, -5.90331697464],
        "cov": [[11030.078125, 2343.25732422, -1106.90698242, 862.527709961, -853.407592773, -291.582275391, -1145.68554688, -132.44442749, -800.672729492, 226.106384277, -14.6071357727, 229.996902466, -378.647705078], [2343.25732422, 1797.79223633, 115.022384644, 163.665771484, -101.925491333, -594.454162598, -273.083526611, -180.986221313, -223.164215088, -220.517791748, 46.6248474121, -77.4461135864, -25.0621852875], [-1106.90698242, 115.022384644, 831.65625, 247.741531372, 52.4196853638, -95.5639419556, 91.6882476807, -52.1818275452, -56.6164741516, -99.4171524048, -98.3735122681, -56.9039573669, 48.9503936768], [862.527709961, 163.665771484, 247.741531372, 439.154846191, 11.4705038071, -19.5719680786, -69.7811737061, -42.7654914856, -152.524703979, 33.2841377258, -39.959651947, -17.1500225067, -43.0117492676], [-853.407592773, -101.925491333, 52.4196853638, 11.4705038071, 266.073181152, 28.6946983337, 89.0839614868, -35.8722648621, 58.3630332947, 28.564037323, 51.236164093, -41.3106193542, 31.3567943573], [-291.582275391, -594.454162598, -95.5639419556, -19.5719680786, 28.6946983337, 414.818878174, 115.681442261, 82.6198730469, 72.7139663696, 142.410354614, -54.0338668823, 61.1604003906, 12.2199640274], [-1145.68554688, -273.083526611, 91.6882476807, -69.7811737061, 89.0839614868, 115.681442261, 316.457702637, 99.4831924438, 104.812713623, -25.555644989, -47.7112236023, -46.0791358948, 42.4662094116], [-132.44442749, -180.986221313, -52.1818275452, -42.7654914856, -35.8722648621, 82.6198730469, 99.4831924438, 152.59437561, 49.8941345215, -20.0436763763, -51.8317565918, 2.02104973793, -10.1578416824], [-800.672729492, -223.164215088, -56.6164741516, -152.524703979, 58.3630332947, 72.7139663696, 104.812713623, 49.8941345215, 179.646865845, 37.6311683655, 23.6492080688, -3.34093379974, 31.6061153412], [226.106384277, -220.517791748, -99.4171524048, 33.2841377258, 28.564037323, 142.410354614, -25.555644989, -20.0436763763, 37.6311683655, 273.447845459, 74.6392211914, 71.2454833984, -8.24942588806], [-14.6071357727, 46.6248474121, -98.3735122681, -39.959651947, 51.236164093, -54.0338668823, -47.7112236023, -51.8317565918, 23.6492080688, 74.6392211914, 169.856063843, 38.847858429, -12.1004867554], [229.996902466, -77.4461135864, -56.9039573669, -17.1500225067, -41.3106193542, 61.1604003906, -46.0791358948, 2.02104973793, -3.34093379974, 71.2454833984, 38.847858429, 105.20740509, 10.8185176849], [-378.647705078, -25.0621852875, 48.9503936768, -43.0117492676, 31.3567943573, 12.2199640274, 42.4662094116, -10.1578416824, 31.6061153412, -8.24942588806, -12.1004867554, 10.8185176849, 84.4953308105]],
        "icov": [[0.00165941775776, -0.00232374016196, 0.00267537566833, -0.00290300208144, 0.00259135686792, -0.00172743655276, 0.00204213405959, -0.00128418533131, 0.00181909301318, -0.00149137922563, 0.00120543665253, -0.000933980802074, 0.00129299820401], [-0.00232374016196, 0.00448078894988, -0.00354393385351, 0.00372237619013, -0.00339273386635, 0.00391972437501, -0.00275667174719, 0.00230230297893, -0.00213207420893, 0.00232365098782, -0.00160166993737, 0.00137856707443, -0.00216342322528], [0.00267537566833, -0.00354393385351, 0.00642411131412, -0.00622245576233, 0.00420289626345, -0.00183005246799, 0.00214480608702, -0.000650374160614, 0.00226671039127, -0.00183497043326, 0.00312523567118, -0.00230558332987, 0.00131333607715], [-0.00290300208144, 0.00372237619013, -0.00622245576233, 0.0101482095197, -0.00572807667777, 0.00234413775615, -0.00279711466283, 0.00102695659734, 0.000826033821795, 0.000680916535202, -0.00157008937094, 0.00272865919396, -0.000635140400846], [0.00259135686792, -0.00339273386635, 0.00420289626345, -0.00572807667777, 0.0105133960024, -0.0036106435582, 0.00181483488996, 2.43255417445e-05, 0.00148907594848, -0.00211685476825, -0.00136451609433, 0.00221148086712, -0.000275228230748], [-0.00172743655276, 0.00391972437501, -0.00183005246799, 0.00234413775615, -0.0036106435582, 0.00887785572559, -0.0037533370778, 0.00158233428374, -0.00227575749159, -0.000564770714846, 0.00278081535362, -0.00285044009797, -0.000633123272564], [0.00204213405959, -0.00275667174719, 0.00214480608702, -0.00279711466283, 0.00181483488996, -0.0037533370778, 0.00963878724724, -0.00595243182033, 0.00140627322253, -0.00156627513934, 0.000532129546627, 0.00244641816244, -0.000939228455536], [-0.00128418533131, 0.00230230297893, -0.000650374160614, 0.00102695659734, 2.43255417445e-05, 0.00158233428374, -0.00595243182033, 0.0144580611959, -0.00501189101487, 0.00309779099189, 0.00262210727669, -0.00303780869581, 0.00326112750918], [0.00181909301318, -0.00213207420893, 0.00226671039127, 0.000826033821795, 0.00148907594848, -0.00227575749159, 0.00140627322253, -0.00501189101487, 0.0146649293602, -0.00406778557226, -0.000877702666912, 0.00210040993989, -0.00118326779921], [-0.00149137922563, 0.00232365098782, -0.00183497043326, 0.000680916535202, -0.00211685476825, -0.000564770714846, -0.00156627513934, 0.00309779099189, -0.00406778557226, 0.00857489649206, -0.00354330823757, -0.00173693068791, -0.00048383208923], [0.00120543665253, -0.00160166993737, 0.00312523567118, -0.00157008937094, -0.00136451609433, 0.00278081535362, 0.000532129546627, 0.00262210727669, -0.000877702666912, -0.00354330823757, 0.0139407208189, -0.00768406456336, 0.00543170468882], [-0.000933980802074, 0.00137856707443, -0.00230558332987, 0.00272865919396, 0.00221148086712, -0.00285044009797, 0.00244641816244, -0.00303780869581, 0.00210040993989, -0.00173693068791, -0.00768406456336, 0.0202875901014, -0.0077082789503], [0.00129299820401, -0.00216342322528, 0.00131333607715, -0.000635140400846, -0.000275228230748, -0.000633123272564, -0.000939228455536, 0.00326112750918, -0.00118326779921, -0.00048383208923, 0.00543170468882, -0.0077082789503, 0.0191213879734]]
    },
    "spectral_contrast_coeffs": {
        "max": [-0.314448416233, -0.402355074883, -0.418147087097, -0.501075744629, -0.490188390017, -0.406286865473],
        "mean": [-0.686883091927, -0.724046289921, -0.780552566051, -0.783168971539, -0.752758026123, -0.648121833801],
        "min": [-0.978669285774, -0.9738920331, -0.974856734276, -0.967592895031, -0.965036273003, -0.963432013988],
        "stdev": [0.119231760502, 0.133806660771, 0.0970420762897, 0.079676322639, 0.0795723795891, 0.0799566730857]
    },
    "spectral_contrast_valleys": {
        "max": [-5.66272544861, -5.32721233368, -5.78187322617, -5.88107585907, -6.26546287537, -10.8529319763],
        "mean": [-9.44411945343, -7.69000005722, -8.03844356537, -7.90112495422, -8.49879264832, -13.5743312836],
        "min": [-27.3535346985, -28.1118354797, -27.6027336121, -27.3339633942, -27.5414981842, -27.3803195953],
        "stdev": [2.18174123764, 2.39227771759, 2.23717093468, 2.29438066483, 2.20551848412, 1.48639142513]
    }
},
"rhythm": {
    "beats_count": 57,
    "beats_loudness": {
        "max": 0.0597043633461,
        "mean": 0.0212794989347,
        "min": 0.000282137771137,
        "stdev": 0.0184301864356
    },
    "bpm": 178.205856323,
    "bpm_histogram_first_peak_bpm": 178,
    "bpm_histogram_first_peak_weight": 0,
    "bpm_histogram_second_peak_bpm": 185,
    "bpm_histogram_second_peak_spread": 0,
    "bpm_histogram_second_peak_weight": 0.107142858207,
    "danceability": 0.927662014961,
    "onset_rate": 2.69041395187,
    "beats_loudness_band_ratio": {
        "max": [0.229796648026, 0.873586416245, 0.923466622829, 0.592272400856, 0.651598513126, 0.8544729352],
        "mean": [0.0232592821121, 0.0773749798536, 0.40450823307, 0.238584950566, 0.238131299615, 0.0465128049254],
        "min": [1.30710532176e-05, 0.00139848585241, 0.0176576729864, 0.0167526993901, 0.0058042453602, 0.000342185347108],
        "stdev": [0.0418687984347, 0.141971439123, 0.301992535591, 0.170153453946, 0.187934815884, 0.112794242799]
    },
    "beats_position": [0.545668900013, 1.10294783115, 1.66022670269, 2.20589566231, 2.73995471001, 3.27401351929, 3.80807256699, 4.3073015213, 4.80653047562, 5.31736946106, 5.8282084465, 6.28099775314, 6.71056699753, 7.1517457962, 7.50004529953, 7.8251247406, 8.15020370483, 8.498503685, 8.83519268036, 9.17188167572, 9.50857162476, 9.83365058899, 10.1587295532, 10.4954195023, 10.8321084976, 11.1571884155, 11.4938774109, 11.807346344, 12.1208162308, 12.4342851639, 12.7477550507, 13.0728340149, 13.4675731659, 13.8623123169, 14.2918815613, 14.7214508057, 15.1626300812, 15.6038093567, 16.0449886322, 16.5558280945, 17.0550556183, 17.5542850494, 18.0419044495, 18.5179138184, 18.9939231873, 19.4699325562, 19.9459400177, 20.4103393555, 20.8747386932, 21.339138031, 21.7919273376, 22.2447166443, 22.6975059509, 23.1619052887, 23.6379127502, 24.1255321503, 24.6363716125],
