{
"metadata": {
    "version": {
        "essentia": "2.1-beta5",
        "essentia_git_sha": "Undefined",
        "extractor": "music 2.0"
    },
    "audio_properties": {
        "analysis": {
            "equal_loudness": 0,
            "length": 48.7502937317,
            "sample_rate": 44100,
            "start_time": 110.236732483,
            "downmix": "mix"
        },
        "bit_rate": 192000,
        "length": 228.646896362,
        "lossless": 0,
        "number_channels": 2,
        "replay_gain": -10.7153358459,
        "sample_rate": 48000,
        "codec": "mp3",
        "md5_encoded": "1b56279e1ec2d87442366d6966f42441"
    },
    "tags": {
        "file_name": "Belgium_September, Gouden Roos_Bob Benny.mp3",
        "encoding": ["Lavf58.29.100"]
    }
},
"lowlevel": {
    "average_loudness": 0.0583182871342,
    "barkbands_crest": {
        "max": 25.7963752747,
        "mean": 11.5383405685,
        "min": 2.99960637093,
        "stdev": 4.80802726746
    },
    "barkbands_flatness_db": {
        "max": 0.37434053421,
        "mean": 0.214837968349,
        "min": 0.0561776682734,
        "stdev": 0.0572377406061
    },
    "barkbands_kurtosis": {
        "max": 110.38583374,
        "mean": 5.63530254364,
        "min": -1.8716711998,
        "stdev": 9.18008136749
    },
    "barkbands_skewness": {
        "max": 9.2188911438,
        "mean": 1.54255187511,
        "min": -3.19306898117,
        "stdev": 1.24917972088
    },
    "barkbands_spread": {
        "max": 78.3564910889,
        "mean": 14.4342384338,
        "min": 1.23042440414,
        "stdev": 12.9429197311
    },
    "dissonance": {
        "max": 0.499999970198,
        "mean": 0.429306060076,
        "min": 0.226719304919,
        "stdev": 0.0526136681437
    },
    "dynamic_complexity": 9.07095718384,
    "erbbands_crest": {
        "max": 30.426700592,
        "mean": 11.8316955566,
        "min": 2.45328712463,
        "stdev": 5.19691896439
    },
    "erbbands_flatness_db": {
        "max": 0.394811630249,
        "mean": 0.256814867258,
        "min": 0.103648029268,
        "stdev": 0.0565287321806
    },
    "erbbands_kurtosis": {
        "max": 26.4914474487,
        "mean": 2.21512150764,
        "min": -1.76257586479,
        "stdev": 4.22650241852
    },
    "erbbands_skewness": {
        "max": 4.56200361252,
        "mean": 0.827965974808,
        "min": -3.82047891617,
        "stdev": 1.10792255402
    },
    "erbbands_spread": {
        "max": 101.290390015,
        "mean": 26.2765731812,
        "min": 4.05192565918,
        "stdev": 16.9129142761
    },
    "hfc": {
        "max": 137.307022095,
        "mean": 7.31911420822,
        "min": 0.00231783953495,
        "stdev": 16.956451416
    },
    "loudness_ebu128": {
        "integrated": -17.1607170105,
        "loudness_range": 17.4601383209,
        "momentary": {
            "max": -7.59600162506,
            "mean": -24.3613471985,
            "min": -53.0012512207,
            "stdev": 8.09269142151
        },
        "short_term": {
            "max": -10.9809608459,
            "mean": -21.9420185089,
            "min": -33.8412857056,
            "stdev": 5.76275491714
        }
    },
    "melbands_crest": {
        "max": 30.8608398438,
        "mean": 14.6343402863,
        "min": 3.66083478928,
        "stdev": 5.50751686096
    },
    "melbands_flatness_db": {
        "max": 0.411162346601,
        "mean": 0.227410510182,
        "min": 0.0494896695018,
        "stdev": 0.0656808763742
    },
    "melbands_kurtosis": {
        "max": 194.624206543,
        "mean": 9.26863861084,
        "min": -1.85653352737,
        "stdev": 12.2505235672
    },
    "melbands_skewness": {
        "max": 10.8417081833,
        "mean": 1.95689570904,
        "min": -1.10561227798,
        "stdev": 1.22206497192
    },
    "melbands_spread": {
        "max": 199.063552856,
        "mean": 20.4407367706,
        "min": 1.3119109869,
        "stdev": 22.9955787659
    },
    "pitch_salience": {
        "max": 0.87323641777,
        "mean": 0.595980346203,
        "min": 0.132340267301,
        "stdev": 0.121983602643
    },
    "silence_rate_20dB": {
        "max": 1,
        "mean": 1,
        "min": 1,
        "stdev": 0
    },
    "silence_rate_30dB": {
        "max": 1,
        "mean": 0.999048054218,
        "min": 0,
        "stdev": 0.030838470906
    },
    "silence_rate_60dB": {
        "max": 1,
        "mean": 0.650642573833,
        "min": 0,
        "stdev": 0.476765185595
    },
    "spectral_centroid": {
        "max": 4739.69824219,
        "mean": 1188.56079102,
        "min": 266.81427002,
        "stdev": 725.71295166
    },
    "spectral_complexity": {
        "max": 39,
        "mean": 6.20418834686,
        "min": 0,
        "stdev": 6.40722370148
    },
    "spectral_decrease": {
        "max": -2.86716559782e-13,
        "mean": -1.65426294885e-09,
        "min": -2.90386275026e-08,
        "stdev": 3.46023920628e-09
    },
    "spectral_energy": {
        "max": 0.118813276291,
        "mean": 0.00690743327141,
        "min": 1.36808114348e-06,
        "stdev": 0.014549786225
    },
    "spectral_energyband_high": {
        "max": 0.00119157973677,
        "mean": 5.84501467529e-05,
        "min": 2.03026203849e-07,
        "stdev": 0.000145738318679
    },
    "spectral_energyband_low": {
        "max": 0.00154940097127,
        "mean": 4.98313202115e-05,
        "min": 3.50973465402e-07,
        "stdev": 9.90631524473e-05
    },
    "spectral_energyband_middle_high": {
        "max": 0.0609826333821,
        "mean": 0.00270279170945,
        "min": 2.06290380333e-07,
        "stdev": 0.00686445226893
    },
    "spectral_energyband_middle_low": {
        "max": 0.0909646451473,
        "mean": 0.00429360335693,
        "min": 5.54427742827e-07,
        "stdev": 0.0090504726395
    },
    "spectral_entropy": {
        "max": 8.4382982254,
        "mean": 7.11068439484,
        "min": 5.48013544083,
        "stdev": 0.511346101761
    },
    "spectral_flux": {
        "max": 0.252522617579,
        "mean": 0.0346768312156,
        "min": 0.000553693156689,
        "stdev": 0.039762083441
    },
    "spectral_kurtosis": {
        "max": 29.3376922607,
        "mean": 6.12721920013,
        "min": -1.26380729675,
        "stdev": 4.61020231247
    },
    "spectral_rms": {
        "max": 0.0107664009556,
        "mean": 0.0018472810043,
        "min": 3.65337291441e-05,
        "stdev": 0.00182387360837
    },
    "spectral_rolloff": {
        "max": 7881.15234375,
        "mean": 1545.13586426,
        "min": 236.865234375,
        "stdev": 1437.30334473
    },
    "spectral_skewness": {
        "max": 3.80733680725,
        "mean": 1.61359643936,
        "min": -0.547253489494,
        "stdev": 0.722247540951
    },
    "spectral_spread": {
        "max": 21454414,
        "mean": 3232418.75,
        "min": 1589740.375,
        "stdev": 1140270.5
    },
    "spectral_strongpeak": {
        "max": 8.13699626923,
        "mean": 0.823747813702,
        "min": 0.000939065299463,
        "stdev": 1.14752483368
    },
    "zerocrossingrate": {
        "max": 0.26953125,
        "mean": 0.0541176460683,
        "min": 0.01025390625,
        "stdev": 0.037388779223
    },
    "barkbands": {
        "max": [1.3110978216e-05, 5.27933370904e-05, 0.000495912332553, 0.00443720351905, 0.00660025933757, 0.00810396950692, 0.0343434102833, 0.0668853372335, 0.0830018743873, 0.0377444289625, 0.0393477231264, 0.0204311888665, 0.0124691110104, 0.0143330357969, 0.0126440776512, 0.0168118961155, 0.00673892209306, 0.0197533685714, 0.0103243757039, 0.000750424165744, 0.000327847839799, 0.000503720366396, 0.000725640391465, 7.67806704971e-05, 3.37795967198e-07, 1.13275341107e-07, 1.09627777078e-07],
        "mean": [5.22152561189e-07, 4.82335508423e-06, 1.7398799173e-05, 5.92846117797e-05, 0.000381682533771, 0.000359682569979, 0.000363990169717, 0.000752795196604, 0.00203796708956, 0.000744280521758, 0.000355049880454, 0.000270412623649, 0.000306801550323, 0.000137380135129, 0.000130041895318, 0.000189569749637, 0.000160110314027, 0.000300996674923, 0.000259811000433, 2.52003355854e-05, 1.37912365972e-05, 1.68005935848e-05, 1.66437566804e-05, 2.35493803302e-06, 4.89037965679e-08, 3.39440198172e-10, 3.51541962207e-10],
        "min": [7.16336295836e-11, 2.64794159932e-08, 1.28303252467e-08, 1.36637794412e-08, 1.10852544921e-08, 1.32993722701e-08, 7.98052823825e-09, 1.05353183955e-08, 7.13391878904e-09, 6.87601175997e-09, 9.32062071968e-09, 1.2818254902e-08, 1.45286085385e-08, 9.65919966234e-09, 6.63503785248e-09, 8.88354723116e-09, 1.20377965374e-08, 1.04235597931e-08, 1.18190284226e-08, 1.80838011232e-08, 2.12364010821e-08, 2.57373411472e-08, 2.76322644766e-08, 4.28962927401e-08, 1.0968997266e-08, 9.10927756836e-12, 1.25256437167e-11],
        "stdev": [9.01607336345e-07, 6.50910487821e-06, 3.5418473999e-05, 0.000174021712155, 0.000749518454541, 0.000852264813147, 0.00140096584801, 0.00296505191363, 0.00713903130963, 0.00339358998463, 0.00151579896919, 0.00110443646554, 0.00104962801561, 0.000651220267173, 0.000576850899961, 0.00109180703294, 0.000550627126358, 0.00120592152234, 0.000861544336658, 6.94890113664e-05, 3.60281592293e-05, 4.56667512481e-05, 5.10249046783e-05, 6.8898743848e-06, 1.96768645822e-08, 3.15602810552e-09, 3.17102544223e-09]
    },
    "erbbands": {
        "max": [0.00117251998745, 0.0137206986547, 0.312189370394, 6.76183652878, 13.1656932831, 37.0791969299, 51.1873054504, 102.060798645, 181.256393433, 1077.25915527, 694.749633789, 2419.70410156, 1414.92980957, 1135.99145508, 1961.35717773, 957.807556152, 520.201293945, 726.876831055, 302.566680908, 832.160949707, 654.629455566, 383.944641113, 853.686157227, 553.585571289, 276.269714355, 32.3973350525, 21.4149494171, 15.0761632919, 14.6039237976, 33.9494819641, 17.5554428101, 4.38307189941, 0.432506501675, 0.0138494847342, 0.00130458374042, 0.000481578113977, 0.000207636112464, 7.06628052285e-05, 6.96802162565e-05, 0.000140112941153],
        "mean": [0.000118264943012, 0.00135422835592, 0.0137352151796, 0.125401616096, 0.446880191565, 1.55094444752, 1.92853784561, 3.6806306839, 4.60850954056, 11.9846038818, 16.7803401947, 50.3448410034, 34.3827133179, 14.2505311966, 17.5382041931, 9.88017845154, 13.3602371216, 8.49850940704, 7.16696882248, 8.45947742462, 9.51555633545, 9.80821323395, 15.8501548767, 16.5461006165, 7.85254859924, 1.24528944492, 0.611274242401, 0.584825575352, 0.581283926964, 0.619949042797, 0.439780563116, 0.119230553508, 0.0136540252715, 0.00127618433908, 0.000200414171559, 1.60810286616e-05, 5.46576484339e-06, 1.93618825506e-06, 4.14244050262e-06, 8.47626324685e-06],
        "min": [9.57847191785e-07, 6.52012158753e-06, 6.69103174005e-05, 0.000449493294582, 0.000223709765123, 5.56535960641e-05, 7.43202108424e-05, 9.48038650677e-05, 0.000128098705318, 0.000295525416732, 0.000130310581881, 0.000148789520608, 0.000288087467197, 0.000351129157934, 0.000717942952178, 0.000827976502478, 0.000609585491475, 0.000394529488403, 0.000467452977318, 0.000518117914908, 0.00060633715475, 0.000787676195614, 0.000783387687989, 0.00071869668318, 0.000732202723157, 0.00080399448052, 0.00106048735324, 0.000741645402741, 0.000791817205027, 0.000886522408109, 0.000844275811687, 0.000945270585362, 0.000561294786166, 0.00032938842196, 5.65754526178e-05, 1.6704166228e-06, 1.42956224636e-07, 3.14562562664e-08, 6.86442858111e-09, 3.14864645468e-09],
        "stdev": [0.000140962612932, 0.00172287272289, 0.0242021214217, 0.297552704811, 0.92097735405, 3.56670689583, 3.64497327805, 9.6385602951, 12.9594335556, 52.9281654358, 44.0947036743, 186.024627686, 126.938919067, 59.8577880859, 75.123550415, 35.0685577393, 45.087184906, 37.6096611023, 24.3540859222, 45.9439468384, 48.3372612, 31.0800247192, 61.3659210205, 54.5449714661, 24.8190383911, 3.09425854683, 1.67567920685, 1.55547511578, 1.57019925117, 2.00092101097, 1.29886329174, 0.335856974125, 0.0365569554269, 0.00125012779608, 0.000126967061078, 2.78230581898e-05, 1.19811293189e-05, 4.54386417914e-06, 8.7913704192e-06, 1.79839280463e-05]
    },
    "gfcc": {
        "mean": [-197.998962402, 131.225616455, -173.792388916, 24.7747058868, -91.595741272, -7.50862646103, -36.4606361389, -13.1997070312, -7.03071880341, -30.1657238007, 4.93671178818, -16.2927951813, -5.00621318817],
        "cov": [[8563.08105469, -119.737998962, -2890.08129883, -805.359130859, 127.066635132, -1120.80908203, 779.291992188, -394.8465271, 550.041870117, -708.464233398, 76.3529815674, 161.49458313, -381.572235107], [-119.737998962, 828.791503906, 317.221893311, -339.566131592, 86.4741592407, -170.343215942, -103.418655396, 64.3183822632, -38.5986442566, -52.1412696838, 67.2023620605, -58.880279541, -13.7183914185], [-2890.08129883, 317.221893311, 1468.68127441, 293.229888916, -183.358764648, 332.838684082, -285.752044678, 105.499511719, -178.454879761, 184.433441162, -30.3285675049, -76.0592880249, 64.3791122437], [-805.359130859, -339.566131592, 293.229888916, 581.33380127, 30.5222854614, 181.997650146, -131.143310547, -76.8371658325, -38.0029449463, 126.284614563, -68.7687149048, 26.9781799316, 72.2869033813], [127.066635132, 86.4741592407, -183.358764648, 30.5222854614, 281.884277344, -37.9011764526, -84.6316986084, 15.8048400879, -15.3471755981, 20.9202632904, 11.1499433517, 11.5139570236, 33.4944152832], [-1120.80908203, -170.343215942, 332.838684082, 181.997650146, -37.9011764526, 411.647247314, 29.4069728851, 37.0264053345, -86.7821807861, 134.825134277, -24.0091934204, -29.3865909576, 50.9763946533], [779.291992188, -103.418655396, -285.752044678, -131.143310547, -84.6316986084, 29.4069728851, 311.060028076, 47.6381950378, 27.8474807739, -72.1363220215, 21.0463352203, 4.97752857208, -73.4695510864], [-394.8465271, 64.3183822632, 105.499511719, -76.8371658325, 15.8048400879, 37.0264053345, 47.6381950378, 179.936630249, -1.83072590828, 9.81969547272, 20.815782547, -19.3076267242, -25.3771591187], [550.041870117, -38.5986442566, -178.454879761, -38.0029449463, -15.3471755981, -86.7821807861, 27.8474807739, -1.83072590828, 134.346939087, -16.0406227112, -9.93308353424, 10.3841190338, -34.4386672974], [-708.464233398, -52.1412696838, 184.433441162, 126.284614563, 20.9202632904, 134.825134277, -72.1363220215, 9.81969547272, -16.0406227112, 165.504135132, 10.605802536, -19.6281871796, 57.2810935974], [76.3529815674, 67.2023620605, -30.3285675049, -68.7687149048, 11.1499433517, -24.0091934204, 21.0463352203, 20.815782547, -9.93308353424, 10.605802536, 93.9454650879, 30.7785625458, -21.3945827484], [161.49458313, -58.880279541, -76.0592880249, 26.9781799316, 11.5139570236, -29.3865909576, 4.97752857208, -19.3076267242, 10.3841190338, -19.6281871796, 30.7785625458, 81.0281600952, 13.5702619553], [-381.572235107, -13.7183914185, 64.3791122437, 72.2869033813, 33.4944152832, 50.9763946533, -73.4695510864, -25.3771591187, -34.4386672974, 57.2810935974, -21.3945827484, 13.5702619553, 127.232933044]],
        "icov": [[0.00158825702965, -0.000499768531881, 0.00135071401019, -0.000410306383856, -0.000937415927183, 0.00138630135916, -0.00286920787767, 0.00340453209355, -0.00323634943925, 0.00266141956672, -0.00126056093723, 0.00093940005172, 0.000586220587138], [-0.000499768531881, 0.00548111367971, -0.00438381033018, 0.00365062244236, -0.00476900534704, 0.00193690031301, -0.00112822419032, 0.00173555547372, -0.00124563626014, 0.00158610427752, -0.00349199702032, 0.00382325984538, -0.00263582845218], [0.00135071401019, -0.00438381033018, 0.00640946533531, -0.00355445034802, 0.00543521903455, -0.0015254378086, 0.00197264016606, -0.00137395784259, 0.00097547628684, 0.000215783249587, 0.00164105114527, -0.00165359838866, 0.00301900994964], [-0.000410306383856, 0.00365062244236, -0.00355445034802, 0.005975948181, -0.00397568428889, 0.000694931251928, -0.000618297373876, 0.00249815359712, -0.000189277532627, -0.00190982420463, 0.0018092674436, -0.00148872914724, -0.000252559024375], [-0.000937415927183, -0.00476900534704, 0.00543521903455, -0.00397568428889, 0.0121381795034, -0.00337774353102, 0.00759386783466, -0.00791637599468, 0.00667180866003, -0.00430481042713, 0.00375763257034, -0.00412809569389, 0.00196310831234], [0.00138630135916, 0.00193690031301, -0.0015254378086, 0.000694931251928, -0.00337774353102, 0.00808170624077, -0.00658669834957, 0.00410436326638, -0.00112751778215, -0.00126338051632, -0.000137492781505, 0.00175541068893, -0.000536917301361], [-0.00286920787767, -0.00112822419032, 0.00197264016606, -0.000618297373876, 0.00759386783466, -0.00658669834957, 0.0147801805288, -0.0105936629698, 0.00781056564301, -0.00335266906768, 0.00243534636684, -0.00302437576465, 0.00204393127933], [0.00340453209355, 0.00173555547372, -0.00137395784259, 0.00249815359712, -0.00791637599468, 0.00410436326638, -0.0105936629698, 0.017669223249, -0.0102689191699, 0.00652168644592, -0.00546376593411, 0.00473626609892, 0.000380259036319], [-0.00323634943925, -0.00124563626014, 0.00097547628684, -0.000189277532627, 0.00667180866003, -0.00112751778215, 0.00781056564301, -0.0102689191699, 0.0210508666933, -0.0124182552099, 0.0106087429449, -0.00831463187933, 0.00489056110382], [0.00266141956672, 0.00158610427752, 0.000215783249587, -0.00190982420463, -0.00430481042713, -0.00126338051632, -0.00335266906768, 0.00652168644592, -0.0124182552099, 0.022585073486, -0.0147157451138, 0.0124580776319, -0.00719974003732], [-0.00126056093723, -0.00349199702032, 0.00164105114527, 0.0018092674436, 0.00375763257034, -0.000137492781505, 0.00243534636684, -0.00546376593411, 0.0106087429449, -0.0147157451138, 0.026950802654, -0.017841277644, 0.00929853320122], [0.00093940005172, 0.00382325984538, -0.00165359838866, -0.00148872914724, -0.00412809569389, 0.00175541068893, -0.00302437576465, 0.00473626609892, -0.00831463187933, 0.0124580776319, -0.017841277644, 0.0271396636963, -0.00926024653018], [0.000586220587138, -0.00263582845218, 0.00301900994964, -0.000252559024375, 0.00196310831234, -0.000536917301361, 0.00204393127933, 0.000380259036319, 0.00489056110382, -0.00719974003732, 0.00929853320122, -0.00926024653018, 0.0160201508552]]
    },
    "melbands": {
        "max": [1.14618469524e-05, 0.000128988293, 0.00152209587395, 0.00167836470064, 0.00137068971526, 0.00195621326566, 0.00439828587696, 0.0143174370751, 0.00586496153846, 0.0163774602115, 0.00694641144946, 0.0049932366237, 0.00530858896673, 0.00269053061493, 0.00112646620255, 0.00134003977291, 0.00165337719955, 0.000534398830496, 0.000835495826323, 0.0015145749785, 0.000777856912464, 0.000421759643359, 0.000610970484558, 0.00144400750287, 0.000427762657637, 0.000368892564438, 5.11428843311e-05, 2.42945006903e-05, 1.91576691577e-05, 9.05850083655e-06, 1.0268459846e-05, 8.53548408486e-06, 1.39023550219e-05, 2.23278002522e-05, 1.13872529255e-05, 5.94082484895e-06, 1.71191277332e-06, 4.20251069499e-07, 9.03234997907e-09, 3.55232909754e-09],
        "mean": [1.22027108773e-06, 6.5451122282e-06, 2.88183327939e-05, 7.02498291503e-05, 7.43046475691e-05, 7.91442871559e-05, 7.0033420343e-05, 0.000146247592056, 0.000150568972458, 0.000327042420395, 0.000165128440131, 5.76425372856e-05, 5.32098201802e-05, 3.78497315978e-05, 2.46349827648e-05, 2.88161063509e-05, 1.41375749081e-05, 1.15344537335e-05, 1.00747811302e-05, 1.40321371873e-05, 9.84225516731e-06, 9.17844045034e-06, 1.27172907014e-05, 1.46725233208e-05, 1.36226863106e-05, 8.76971353136e-06, 1.86982617834e-06, 5.32145861598e-07, 4.03458443543e-07, 3.06194891664e-07, 3.50000675553e-07, 3.1902393971e-07, 3.3515672726e-07, 3.50467871613e-07, 2.85937602484e-07, 1.3824502787e-07, 4.7485258392e-08, 9.572948656e-09, 1.05027675446e-09, 6.91960155841e-10],
        "min": [9.05558295017e-09, 3.86674443575e-08, 6.65728308036e-08, 7.49744444306e-09, 2.69334976544e-09, 2.11258988081e-09, 1.58882806911e-09, 3.3353166895e-09, 9.34009980469e-10, 8.45034209274e-10, 1.35808031487e-09, 1.44178646799e-09, 1.70847236358e-09, 1.28883648198e-09, 1.59607937977e-09, 1.34659705608e-09, 6.279654019e-10, 7.48908268733e-10, 6.19511442146e-10, 6.41914854604e-10, 5.37420552504e-10, 7.21894655165e-10, 6.26749652177e-10, 4.2827266733e-10, 4.56246956881e-10, 4.50963599796e-10, 4.59761478888e-10, 5.38066702305e-10, 5.46960310377e-10, 4.98839192176e-10, 3.75760700333e-10, 3.71927294518e-10, 4.11876949213e-10, 3.96836952188e-10, 4.27696378313e-10, 4.91328644436e-10, 5.51973855512e-10, 3.55057816481e-10, 2.09993619715e-10, 1.45079503966e-10],
        "stdev": [1.58295677011e-06, 1.1407852071e-05, 6.50912552373e-05, 0.00014703690249, 0.000141103664646, 0.000196188557311, 0.000215097956243, 0.000649540976156, 0.000426214974141, 0.00122440455016, 0.000638150668237, 0.000277667917544, 0.00021627084061, 0.000154920548084, 8.73440876603e-05, 0.000109162996523, 7.09847008693e-05, 4.21732547693e-05, 4.61044655822e-05, 8.83925749804e-05, 4.82559225929e-05, 3.06051624648e-05, 4.52373860753e-05, 6.36523836874e-05, 4.52011372545e-05, 3.06402762362e-05, 4.80158314531e-06, 1.59383773735e-06, 1.23808933949e-06, 8.50564106258e-07, 9.51850608999e-07, 8.55142332057e-07, 1.02945352864e-06, 1.20735978726e-06, 8.67953019679e-07, 4.01003887873e-07, 1.43596452062e-07, 2.8193534618e-08, 7.67153784942e-10, 2.87248419495e-10]
    },
    "melbands128": {
        "max": [7.1453205237e-06, 7.38954304325e-06, 1.96359251277e-05, 2.68426265393e-05, 5.64023066545e-05, 0.000317036669003, 0.00109130388591, 0.00266275811009, 0.00161051901523, 0.00220959191211, 0.00283689564094, 0.00276133371517, 0.00177993625402, 0.00310382805765, 0.00343730347231, 0.00284023652785, 0.00368601316586, 0.00451896665618, 0.0138511508703, 0.0116649977863, 0.0280376821756, 0.00732567440718, 0.0102476086468, 0.0149375768378, 0.020761616528, 0.0274813175201, 0.0205071084201, 0.0124678593129, 0.0129884872586, 0.00987737439573, 0.00520122330636, 0.00276691000909, 0.00370851368643, 0.0142690185457, 0.00607934221625, 0.00605325447395, 0.00230655865744, 0.00137041555718, 0.00233163009398, 0.0024550925009, 0.00196848623455, 0.00349341426045, 0.00159196043387, 0.00336503353901, 0.00113659224007, 0.00102304469328, 0.0010642267298, 0.00158018991351, 0.00191812845878, 0.00220195413567, 0.00297262589447, 0.0020392362494, 0.00196225219406, 0.000603296386544, 0.000561497348826, 0.000831616285723, 0.000598406244535, 0.000644102867227, 0.00132115778979, 0.00110140698962, 0.00241521978751, 0.00151643238496, 0.000761664996389, 0.000901635619812, 0.000705667596776, 0.00085976178525, 0.000284049543552, 0.00011959092808, 4.94500127388e-05, 4.49691906397e-05, 1.43349543578e-05, 5.24631213921e-05, 3.52659699274e-05, 1.26000095406e-05, 1.24788593894e-05, 1.65964374901e-05, 1.7769230908e-05, 1.41445625559e-05, 1.66726476891e-05, 8.43529960548e-06, 1.14479598778e-05, 1.1162539522e-05, 1.42296903505e-05, 1.88772482943e-05, 1.99842543225e-05, 3.45491607732e-05, 2.20874899242e-05, 1.50752066475e-05, 1.37269989864e-05, 1.30047001221e-05, 8.72119289852e-06, 5.18215210832e-06, 2.68934695669e-06, 2.13850717046e-06, 1.4097232679e-06, 9.62843728303e-07, 2.88989127739e-07, 2.24729834741e-08, 8.54530313177e-09, 7.60522578247e-09, 4.29496394005e-09, 3.61213636779e-09, 3.06970759922e-09, 2.60024468623e-09, 1.21011889398e-09, 9.90259763078e-10, 9.24764098631e-10, 8.57745707794e-10, 8.10569222853e-10, 7.66796515173e-10, 7.21153692318e-10, 6.87687240486e-10, 6.48960662986e-10, 6.15978434926e-10, 5.94155447065e-10, 5.68629310305e-10, 5.40359867962e-10, 5.21564402778e-10, 5.03118269268e-10, 4.87609952415e-10, 4.74515093885e-10, 4.6339510007e-10, 4.49826675908e-10, 4.40927849787e-10, 4.30987551203e-10, 4.27764684785e-10, 4.2351297469e-10, 4.20555507086e-10],
        "mean": [2.62894502612e-07, 7.46052990053e-07, 1.67432949638e-06, 2.03552849598e-06, 2.91839160127e-06, 1.09309448817e-05, 2.3863172828e-05, 3.09696515615e-05, 3.90201348637e-05, 6.70366280247e-05, 9.36041324167e-05, 9.80316690402e-05, 5.79250408919e-05, 5.69091498619e-05, 9.3212867796e-05, 8.239071758e-05, 7.28385930415e-05, 6.46519692964e-05, 6.71167945256e-05, 0.000137547001941, 0.000205688804272, 0.000122109107906, 0.000102935671748, 0.000207925957511, 0.00038285984192, 0.000386930885725, 0.000192246196093, 0.000163429591339, 0.000117031951959, 6.3749794208e-05, 3.90122877434e-05, 3.53295108653e-05, 4.84161064378e-05, 7.738750719e-05, 5.07165132149e-05, 2.48599681072e-05, 1.58202692546e-05, 2.36678788497e-05, 2.89757863356e-05, 3.42566236213e-05, 3.10189134325e-05, 1.91888375412e-05, 1.06321012936e-05, 1.46031943586e-05, 1.23098234326e-05, 1.07080240923e-05, 1.0639249922e-05, 1.07815794763e-05, 8.6176332843e-06, 1.10632963697e-05, 1.64136745298e-05, 1.56698715728e-05, 1.07863288576e-05, 6.87564397595e-06, 7.974388609e-06, 8.9395816758e-06, 1.10824012154e-05, 1.04361897684e-05, 1.43062707139e-05, 1.5322561012e-05, 1.59394949151e-05, 1.25341448438e-05, 1.33366111186e-05, 1.47183754962e-05, 1.31180186145e-05, 1.01725081549e-05, 5.06416654389e-06, 2.50528091783e-06, 1.29237923829e-06, 6.71290194987e-07, 4.26174523227e-07, 5.27960082763e-07, 5.29939313765e-07, 3.56059530304e-07, 2.9062468343e-07, 3.10681173232e-07, 2.92642909017e-07, 3.4821860595e-07, 3.70034456409e-07, 3.38210753625e-07, 3.13018290399e-07, 3.11485507609e-07, 3.35643591143e-07, 3.25616070995e-07, 3.4168209595e-07, 3.73740306259e-07, 3.46627103909e-07, 3.25888947827e-07, 2.97003140304e-07, 2.55031864071e-07, 1.77473637564e-07, 1.03454006251e-07, 7.2548921537e-08, 5.18751122058e-08, 2.83377818988e-08, 1.48541703382e-08, 5.46033129822e-09, 1.38941136374e-09, 9.47652956107e-10, 8.3532902817e-10, 7.61229357327e-10, 6.92074786368e-10, 5.9026300514e-10, 3.91998156157e-10, 6.48315706675e-11, 2.88482952804e-12, 2.65393870075e-12, 2.45987887178e-12, 2.36864217476e-12, 2.26357170854e-12, 2.14945205732e-12, 2.06058607677e-12, 1.97711855568e-12, 1.89907486438e-12, 1.83633815619e-12, 1.77715112591e-12, 1.72866105111e-12, 1.65622019137e-12, 1.60515502799e-12, 1.56461996137e-12, 1.52265808469e-12, 1.48931442265e-12, 1.46098356937e-12, 1.43242459994e-12, 1.39056691509e-12, 1.34047319685e-12, 1.30976978395e-12, 1.29966567022e-12],
        "min": [2.12820169473e-12, 2.76437095437e-09, 7.93234145036e-10, 1.25480303925e-09, 7.30777616198e-09, 6.06993522112e-09, 1.26615784524e-08, 9.62727497722e-09, 2.268159216e-09, 2.26630847422e-09, 2.3322344056e-09, 2.28876295694e-09, 1.66738090002e-09, 1.56797819173e-09, 6.07562777866e-10, 4.28807933606e-10, 7.80069453477e-10, 7.37756467029e-10, 9.04714969607e-10, 2.0442101345e-09, 1.53340418141e-09, 6.6639249674e-10, 1.48706921776e-10, 5.46356349052e-10, 4.37560598865e-10, 6.29425844778e-10, 8.84160633596e-10, 5.79755965457e-10, 4.78431794182e-10, 3.40882322369e-10, 9.23932597097e-10, 7.11874892367e-10, 6.52713383342e-10, 9.07235397918e-10, 3.94867166742e-10, 7.66094743199e-10, 8.32757862668e-10, 8.68968896839e-10, 1.1513872078e-09, 6.52852660821e-10, 6.89435064594e-10, 2.22607654532e-10, 4.77093808904e-10, 4.28018592791e-10, 4.09326572637e-10, 3.31098065631e-10, 3.64611008052e-10, 3.39087480317e-10, 4.29109747735e-10, 4.19151241493e-10, 4.63927868344e-10, 2.69026051436e-10, 2.66825894712e-10, 1.94438215528e-10, 1.88436821702e-10, 5.58606716439e-10, 2.23476973038e-10, 2.10126888112e-10, 3.96567612082e-10, 4.29817487158e-10, 2.03588076952e-10, 2.64618743584e-10, 2.79788636703e-10, 2.56556415001e-10, 1.97745597674e-10, 1.66750488417e-10, 1.64200819608e-10, 2.88682022731e-10, 2.34097824459e-10, 3.22143062226e-10, 2.37813657655e-10, 2.69064659442e-10, 3.96454119533e-10, 2.69050337565e-10, 3.89983767501e-10, 2.07301828481e-10, 3.32041449891e-10, 2.59649385326e-10, 3.04971548015e-10, 3.24189536327e-10, 2.28777191635e-10, 2.03818753541e-10, 2.7464591712e-10, 2.3959073614e-10, 2.80215350923e-10, 3.2053179555e-10, 2.1934203065e-10, 1.85898227367e-10, 2.02918681858e-10, 1.78564163456e-10, 2.8338947855e-10, 2.22168727859e-10, 5.45572975685e-10, 4.87701046215e-10, 2.36002467568e-10, 2.82096124238e-10, 1.96739624592e-10, 1.43679720899e-10, 3.10206582643e-11, 1.25232005321e-10, 1.39904046681e-10, 9.41158817547e-11, 9.04507302391e-11, 6.28104443456e-11, 7.85547842053e-13, 4.420553821e-14, 2.55850943459e-14, 3.54775819725e-14, 3.79997513219e-14, 3.66618526173e-14, 3.32235527609e-14, 3.1302827626e-14, 3.36024373745e-14, 3.05037604605e-14, 3.40163552708e-14, 3.52635570755e-14, 3.21716089912e-14, 4.04623471501e-14, 3.90940738441e-14, 3.9131119677e-14, 3.82516284272e-14, 3.41764987079e-14, 3.4666175231e-14, 3.76673247714e-14, 2.87723234723e-14, 9.73775927108e-15, 1.31320377664e-15, 3.67712387962e-17],
        "stdev": [4.1822215735e-07, 8.46127647947e-07, 2.64178765974e-06, 3.04059835798e-06, 4.80025619254e-06, 2.3130533009e-05, 5.91646494286e-05, 0.000104182967334, 9.39258170547e-05, 0.000188954232726, 0.000247614516411, 0.000261079578195, 0.000131091917865, 0.000167141988641, 0.00030865080771, 0.000244539784035, 0.000255474296864, 0.000259926659055, 0.000442213349743, 0.000716128619388, 0.00113244389649, 0.000433337525465, 0.000428642524639, 0.000948321132455, 0.0017016781494, 0.00192749896087, 0.00106153846718, 0.000892585958354, 0.000744555960409, 0.000493067607749, 0.000221286099986, 0.000178502014023, 0.000237170665059, 0.00047579256352, 0.000278474879451, 0.00017372010916, 9.2327944003e-05, 0.000108924432425, 0.00013254780788, 0.000169679042301, 0.000144979931065, 0.000153133776621, 7.19882664271e-05, 0.000108490901766, 6.47519191261e-05, 5.50514596398e-05, 5.28861673956e-05, 6.09803864791e-05, 6.83419202687e-05, 0.000113326881547, 0.000152122593136, 0.000118123316497, 8.07929900475e-05, 3.6475212255e-05, 3.6924455344e-05, 4.18368035753e-05, 4.28645325883e-05, 4.49511862826e-05, 6.85154300299e-05, 6.97856157785e-05, 8.69431751198e-05, 6.84108963469e-05, 5.11309444846e-05, 6.30741051282e-05, 5.35532053618e-05, 4.64940567326e-05, 1.95937482204e-05, 8.09380617284e-06, 3.82509097108e-06, 2.17642127609e-06, 1.37533572797e-06, 2.02543947125e-06, 2.15298655348e-06, 1.06069228423e-06, 8.44128180688e-07, 1.03705428955e-06, 9.341790701e-07, 1.11678343728e-06, 1.16158582841e-06, 8.96937820016e-07, 9.06443119675e-07, 9.16541182505e-07, 1.11299914352e-06, 1.13377507205e-06, 1.15145428481e-06, 1.39910787311e-06, 1.26003021705e-06, 1.10844700885e-06, 9.67704636423e-07, 8.07277103831e-07, 5.27462987066e-07, 3.39730064525e-07, 2.24569305374e-07, 1.72320469005e-07, 9.10907260732e-08, 4.96743766121e-08, 1.53553170179e-08, 1.72970637813e-09, 5.91366788871e-10, 4.54706855502e-10, 3.89954679658e-10, 3.57022300612e-10, 3.01729086161e-10, 2.12042258751e-10, 5.70047099802e-11, 2.64852098586e-11, 2.4976994431e-11, 2.34177052749e-11, 2.22722205262e-11, 2.11755474266e-11, 2.00605417694e-11, 1.91814463618e-11, 1.82322820036e-11, 1.7421465312e-11, 1.68073211598e-11, 1.61656868447e-11, 1.54998219121e-11, 1.49951249334e-11, 1.44946095057e-11, 1.40758576669e-11, 1.37103123993e-11, 1.34014101899e-11, 1.3057659988e-11, 1.28239580413e-11, 1.25715323568e-11, 1.24503454421e-11, 1.23357669565e-11, 1.22584867604e-11]
    },
    "mfcc": {
        "mean": [-813.934753418, 138.729919434, -25.1455936432, 12.5266714096, -24.9498710632, -8.70738792419, -23.1545181274, 9.19618415833, -23.2761859894, -1.26905298233, -6.02598333359, -6.22803974152, -8.1012134552],
        "cov": [[9757.42675781, -57.4458389282, -3252.56787109, 115.728233337, -1178.54931641, -121.199691772, -741.679992676, 799.591918945, -575.337280273, 220.235717773, -25.5199508667, -186.894500732, -347.3046875], [-57.4458389282, 1150.31164551, 87.8432998657, -219.890716553, 95.0474090576, -395.933288574, 40.8758659363, -34.5412063599, -41.9620933533, -126.452186584, 145.197631836, -67.4413146973, 65.7803039551], [-3252.56787109, 87.8432998657, 1612.09985352, 8.69913673401, 245.086990356, 97.505279541, 179.803237915, -233.07951355, 156.643936157, -74.3937149048, 22.6966342926, 72.8115234375, 66.4157180786], [115.728233337, -219.890716553, 8.69913673401, 303.419403076, 110.479019165, 58.9835700989, -91.9904785156, -44.8352890015, -3.75686478615, -44.1212882996, -45.1684112549, 2.03501677513, 9.16391277313], [-1178.54931641, 95.0474090576, 245.086990356, 110.479019165, 449.612548828, 3.48211169243, 22.6854553223, -185.681259155, 77.7010345459, -96.4690704346, -20.7915859222, 18.6150398254, 79.5054855347], [-121.199691772, -395.933288574, 97.505279541, 58.9835700989, 3.48211169243, 319.505401611, 42.7439804077, -51.9259681702, 46.8963279724, 35.8247070312, -76.5474624634, 56.8945198059, -34.3352470398], [-741.679992676, 40.8758659363, 179.803237915, -91.9904785156, 22.6854553223, 42.7439804077, 279.057952881, -0.926073253155, 50.7102661133, 20.1157283783, 20.8027496338, 34.8161010742, 24.9213352203], [799.591918945, -34.5412063599, -233.07951355, -44.8352890015, -185.681259155, -51.9259681702, -0.926073253155, 250.016906738, -55.5409126282, 42.8818092346, 44.5197944641, -20.7228279114, -21.7364768982], [-575.337280273, -41.9620933533, 156.643936157, -3.75686478615, 77.7010345459, 46.8963279724, 50.7102661133, -55.5409126282, 147.872039795, 22.2127189636, -27.2465572357, 13.2745571136, 12.2165336609], [220.235717773, -126.452186584, -74.3937149048, -44.1212882996, -96.4690704346, 35.8247070312, 20.1157283783, 42.8818092346, 22.2127189636, 134.450897217, 21.8130435944, 3.98384308815, -34.5832633972], [-25.5199508667, 145.197631836, 22.6966342926, -45.1684112549, -20.7915859222, -76.5474624634, 20.8027496338, 44.5197944641, -27.2465572357, 21.8130435944, 148.408843994, 13.9023885727, -11.8118782043], [-186.894500732, -67.4413146973, 72.8115234375, 2.03501677513, 18.6150398254, 56.8945198059, 34.8161010742, -20.7228279114, 13.2745571136, 3.98384308815, 13.9023885727, 110.074951172, 26.9400424957], [-347.3046875, 65.7803039551, 66.4157180786, 9.16391277313, 79.5054855347, -34.3352470398, 24.9213352203, -21.7364768982, 12.2165336609, -34.5832633972, -11.8118782043, 26.9400424957, 128.001800537]],
        "icov": [[0.00248273857869, -0.00320054613985, 0.00366134638898, -0.00340184452944, 0.00343083380722, -0.00360856158659, 0.0034101891797, -0.00311611313373, 0.00252040289342, -0.00246050069109, 0.00216340320185, -0.00147146370728, 0.00203688186593], [-0.00320054613985, 0.00653082923964, -0.00471433438361, 0.00587698444724, -0.00454282574356, 0.00682483054698, -0.0046783098951, 0.00491625163704, -0.0033425684087, 0.00518385833129, -0.00421770149842, 0.0026680782903, -0.00284792203456], [0.00366134638898, -0.00471433438361, 0.00627480633557, -0.00505381077528, 0.00514371367171, -0.00554846972227, 0.00463490001857, -0.00394242769107, 0.00300863338634, -0.00300981500186, 0.00256055244245, -0.00220370804891, 0.00280765397474], [-0.00340184452944, 0.00587698444724, -0.00505381077528, 0.0101841231808, -0.0060979234986, 0.00516298552975, -0.00319130998105, 0.00430392846465, -0.00304293027148, 0.00519980490208, -0.0032885489054, 0.00248102121986, -0.00296283396892], [0.00343083380722, -0.00454282574356, 0.00514371367171, -0.0060979234986, 0.00938638485968, -0.00498220184818, 0.0042220572941, -0.00172517891042, 0.00157434691209, -0.00127861683723, 0.00177603506017, -0.00156392995268, 0.00112683221232], [-0.00360856158659, 0.00682483054698, -0.00554846972227, 0.00516298552975, -0.00498220184818, 0.0125979017466, -0.00617981748655, 0.00574422813952, -0.00389403919689, 0.0037639788352, -0.00123629753944, -0.000319572514854, -0.000794799125288], [0.0034101891797, -0.0046783098951, 0.00463490001857, -0.00319130998105, 0.0042220572941, -0.00617981748655, 0.00965726934373, -0.00518798036501, 0.00254375860095, -0.00383627298288, 0.00251821009442, -0.00259454408661, 0.00193842919543], [-0.00311611313373, 0.00491625163704, -0.00394242769107, 0.00430392846465, -0.00172517891042, 0.00574422813952, -0.00518798036501, 0.011207792908, -0.00281254551373, 0.00365815963596, -0.00496746925637, 0.00302794156596, -0.00355707714334], [0.00252040289342, -0.0033425684087, 0.00300863338634, -0.00304293027148, 0.00157434691209, -0.00389403919689, 0.00254375860095, -0.00281254551373, 0.0125710479915, -0.00613964302465, 0.00455422606319, -0.00168117426801, 0.0021333147306], [-0.00246050069109, 0.00518385833129, -0.00300981500186, 0.00519980490208, -0.00127861683723, 0.0037639788352, -0.00383627298288, 0.00365815963596, -0.00613964302465, 0.015463440679, -0.00596484681591, 0.00230622082017, -0.00125060987193], [0.00216340320185, -0.00421770149842, 0.00256055244245, -0.0032885489054, 0.00177603506017, -0.00123629753944, 0.00251821009442, -0.00496746925637, 0.00455422606319, -0.00596484681591, 0.0131235988811, -0.00500297127292, 0.00439341552556], [-0.00147146370728, 0.0026680782903, -0.00220370804891, 0.00248102121986, -0.00156392995268, -0.000319572514854, -0.00259454408661, 0.00302794156596, -0.00168117426801, 0.00230622082017, -0.00500297127292, 0.0134273096919, -0.00499692652375], [0.00203688186593, -0.00284792203456, 0.00280765397474, -0.00296283396892, 0.00112683221232, -0.000794799125288, 0.00193842919543, -0.00355707714334, 0.0021333147306, -0.00125060987193, 0.00439341552556, -0.00499692652375, 0.0125789567828]]
    },
    "spectral_contrast_coeffs": {
        "max": [-0.405753791332, -0.43670552969, -0.457325100899, -0.543841004372, -0.528112530708, -0.543770551682],
        "mean": [-0.660114109516, -0.731155097485, -0.752350866795, -0.800004720688, -0.78316193819, -0.748786389828],
        "min": [-0.888414561749, -0.953839659691, -0.925865530968, -0.925004541874, -0.914407074451, -0.91649889946],
        "stdev": [0.084290958941, 0.10040999949, 0.0852380171418, 0.0632408335805, 0.0733321532607, 0.0791611820459]
    },
    "spectral_contrast_valleys": {
        "max": [-7.26599884033, -4.92644500732, -6.02526140213, -5.97110176086, -6.25907850266, -11.0931987762],
        "mean": [-9.17293834686, -7.97172021866, -8.75059509277, -9.2088136673, -9.26527881622, -12.5255479813],
        "min": [-11.7449998856, -11.758890152, -11.6980485916, -12.0418796539, -11.4710617065, -13.2543992996],
        "stdev": [0.671300649643, 0.884039521217, 1.01153421402, 1.05758190155, 1.03152561188, 0.337004750967]
    }
},
"rhythm": {
    "beats_count": 74,
    "beats_loudness": {
        "max": 0.105890512466,
        "mean": 0.00917932670563,
        "min": 3.50292179974e-06,
        "stdev": 0.0184155832976
    },
    "bpm": 102.334266663,
    "bpm_histogram_first_peak_bpm": 101,
    "bpm_histogram_first_peak_weight": 0.697674393654,
    "bpm_histogram_second_peak_bpm": 81,
    "bpm_histogram_second_peak_spread": 0.181818127632,
    "bpm_histogram_second_peak_weight": 0.123287670314,
    "danceability": 0.868598222733,
    "onset_rate": 2.830078125,
    "beats_loudness_band_ratio": {
        "max": [0.539671123028, 0.863692760468, 0.892120063305, 0.680106401443, 0.559859275818, 0.441633850336],
        "mean": [0.0803095623851, 0.303232878447, 0.418991029263, 0.148821145296, 0.0936648696661, 0.0380317792296],
        "min": [0.000414252630435, 0.0119095956907, 0.0171943306923, 0.00406339764595, 0.000493355270009, 0.00164772069547],
        "stdev": [0.119189202785, 0.248983472586, 0.258621960878, 0.120860882103, 0.119221650064, 0.0642661377788]
    },
