{
"metadata": {
    "version": {
        "essentia": "2.1-beta5",
        "essentia_git_sha": "Undefined",
        "extractor": "music 2.0"
    },
    "audio_properties": {
        "analysis": {
            "equal_loudness": 0,
            "length": 32.4963264465,
            "sample_rate": 44100,
            "start_time": 29.0017242432,
            "downmix": "mix"
        },
        "bit_rate": 192000,
        "length": 200.527542114,
        "lossless": 0,
        "number_channels": 2,
        "replay_gain": 7.4219455719,
        "sample_rate": 48000,
        "codec": "mp3",
        "md5_encoded": "5a48b4effde3ece8c21fa68d3cce2c56"
    },
    "tags": {
        "file_name": "Luxembourg_Nous Les Amoureux_Jean-Claude Pascal.mp3",
        "encoding": ["Lavf58.29.100"]
    }
},
"lowlevel": {
    "average_loudness": 0.103098124266,
    "barkbands_crest": {
        "max": 22.80727005,
        "mean": 9.93002605438,
        "min": 2.51247906685,
        "stdev": 3.66883254051
    },
    "barkbands_flatness_db": {
        "max": 0.422289341688,
        "mean": 0.196640178561,
        "min": 0.0317051075399,
        "stdev": 0.0656387135386
    },
    "barkbands_kurtosis": {
        "max": 96.5645370483,
        "mean": 6.05300426483,
        "min": -1.68701636791,
        "stdev": 9.47930812836
    },
    "barkbands_skewness": {
        "max": 8.07611846924,
        "mean": 1.4719645977,
        "min": -5.0483546257,
        "stdev": 1.24342858791
    },
    "barkbands_spread": {
        "max": 60.0075416565,
        "mean": 13.7488975525,
        "min": 0.966574013233,
        "stdev": 10.1389036179
    },
    "dissonance": {
        "max": 0.500000059605,
        "mean": 0.438058823347,
        "min": 0.198147341609,
        "stdev": 0.0491392984986
    },
    "dynamic_complexity": 9.2245349884,
    "erbbands_crest": {
        "max": 29.0250587463,
        "mean": 10.6554927826,
        "min": 2.67348408699,
        "stdev": 4.87248468399
    },
    "erbbands_flatness_db": {
        "max": 0.413587778807,
        "mean": 0.23764359951,
        "min": 0.0770814493299,
        "stdev": 0.0550430305302
    },
    "erbbands_kurtosis": {
        "max": 40.734790802,
        "mean": 2.38504838943,
        "min": -1.77639651299,
        "stdev": 5.76748514175
    },
    "erbbands_skewness": {
        "max": 4.87214899063,
        "mean": 0.804696619511,
        "min": -5.13718795776,
        "stdev": 1.20744228363
    },
    "erbbands_spread": {
        "max": 88.6977844238,
        "mean": 25.644361496,
        "min": 2.74615597725,
        "stdev": 12.061671257
    },
    "hfc": {
        "max": 159.95552063,
        "mean": 7.47604179382,
        "min": 0.00507529499009,
        "stdev": 14.2471370697
    },
    "loudness_ebu128": {
        "integrated": -33.6511535645,
        "loudness_range": 17.563325882,
        "momentary": {
            "max": -25.7079353333,
            "mean": -41.0112037659,
            "min": -67.5205993652,
            "stdev": 9.37533187866
        },
        "short_term": {
            "max": -28.624294281,
            "mean": -39.5487976074,
            "min": -59.9946060181,
            "stdev": 7.59677600861
        }
    },
    "melbands_crest": {
        "max": 29.3786182404,
        "mean": 12.4838676453,
        "min": 4.33192443848,
        "stdev": 4.46501159668
    },
    "melbands_flatness_db": {
        "max": 0.475715667009,
        "mean": 0.245049372315,
        "min": 0.0873743593693,
        "stdev": 0.0777977630496
    },
    "melbands_kurtosis": {
        "max": 145.274017334,
        "mean": 9.44657802582,
        "min": -1.89988613129,
        "stdev": 13.1029901505
    },
    "melbands_skewness": {
        "max": 8.49334335327,
        "mean": 1.903039217,
        "min": -2.05835437775,
        "stdev": 1.14721977711
    },
    "melbands_spread": {
        "max": 165.65838623,
        "mean": 19.1794395447,
        "min": 1.18840527534,
        "stdev": 18.8187561035
    },
    "pitch_salience": {
        "max": 0.862765073776,
        "mean": 0.620741307735,
        "min": 0.272349864244,
        "stdev": 0.10293532908
    },
    "silence_rate_20dB": {
        "max": 1,
        "mean": 1,
        "min": 1,
        "stdev": 0
    },
    "silence_rate_30dB": {
        "max": 1,
        "mean": 0.989293336868,
        "min": 0,
        "stdev": 0.10291723907
    },
    "silence_rate_60dB": {
        "max": 1,
        "mean": 0.509635984898,
        "min": 0,
        "stdev": 0.499910444021
    },
    "spectral_centroid": {
        "max": 4894.42041016,
        "mean": 1141.37219238,
        "min": 221.204208374,
        "stdev": 727.431030273
    },
    "spectral_complexity": {
        "max": 40,
        "mean": 8.04710960388,
        "min": 0,
        "stdev": 6.84783506393
    },
    "spectral_decrease": {
        "max": -7.29469761505e-13,
        "mean": -2.96220115104e-09,
        "min": -6.17887536691e-08,
        "stdev": 5.77765391085e-09
    },
    "spectral_energy": {
        "max": 0.243139460683,
        "mean": 0.0118581168354,
        "min": 3.21353695654e-06,
        "stdev": 0.0229221787304
    },
    "spectral_energyband_high": {
        "max": 0.0149555299431,
        "mean": 0.00013838322775,
        "min": 3.28451363885e-07,
        "stdev": 0.00101468327921
    },
    "spectral_energyband_low": {
        "max": 0.0144028775394,
        "mean": 0.00077833380783,
        "min": 1.06939512534e-06,
        "stdev": 0.00153051281814
    },
    "spectral_energyband_middle_high": {
        "max": 0.0659790486097,
        "mean": 0.00171870028134,
        "min": 7.6025639828e-07,
        "stdev": 0.0041553331539
    },
    "spectral_energyband_middle_low": {
        "max": 0.237200051546,
        "mean": 0.00965157523751,
        "min": 9.26971267745e-07,
        "stdev": 0.0205981060863
    },
    "spectral_entropy": {
        "max": 8.33279895782,
        "mean": 6.97886562347,
        "min": 5.01916408539,
        "stdev": 0.570941030979
    },
    "spectral_flux": {
        "max": 0.343148767948,
        "mean": 0.0389044992626,
        "min": 0.0010303533636,
        "stdev": 0.0370022915304
    },
    "spectral_kurtosis": {
        "max": 50.37059021,
        "mean": 8.91198348999,
        "min": -0.916687726974,
        "stdev": 7.61227369308
    },
    "spectral_rms": {
        "max": 0.0154015980661,
        "mean": 0.00247473316267,
        "min": 5.59924810659e-05,
        "stdev": 0.00233336514793
    },
    "spectral_rolloff": {
        "max": 6481.49414062,
        "mean": 1287.49060059,
        "min": 172.265625,
        "stdev": 987.205078125
    },
    "spectral_skewness": {
        "max": 5.71597576141,
        "mean": 1.82271814346,
        "min": -0.895809054375,
        "stdev": 0.915166318417
    },
    "spectral_spread": {
        "max": 16293492,
        "mean": 2799946,
        "min": 1300052.25,
        "stdev": 1052103.125
    },
    "spectral_strongpeak": {
        "max": 8.31160640717,
        "mean": 0.760895907879,
        "min": 0,
        "stdev": 1.01696658134
    },
    "zerocrossingrate": {
        "max": 0.24365234375,
        "mean": 0.0472893938422,
        "min": 0.005859375,
        "stdev": 0.0289864316583
    },
    "barkbands": {
        "max": [0.000259847438429, 0.00147731602192, 0.00751556036994, 0.0210427772254, 0.0405044443905, 0.0629767328501, 0.205383419991, 0.0467906557024, 0.0309291183949, 0.00830882322043, 0.00394847430289, 0.00865715369582, 0.0185284968466, 0.0177190713584, 0.0379030108452, 0.00416469154879, 0.00915540009737, 0.00262193707749, 0.00191394460853, 0.0110652241856, 0.00723057193682, 0.0036078193225, 0.0018968177028, 0.000171013103682, 6.31254579275e-07, 1.87678324437e-07, 2.07596670521e-07],
        "mean": [4.32917022408e-06, 8.35315295262e-05, 0.000318285980029, 0.00082460854901, 0.00128770573065, 0.00270221964456, 0.00297398562543, 0.00116616266314, 0.000600224535447, 0.00019310816424, 0.000156937589054, 0.000169993538293, 0.000317830039421, 0.000226152638788, 0.000212905084481, 0.000100367193227, 0.00018412953068, 9.65483341133e-05, 7.50478502596e-05, 5.91687603446e-05, 6.4530322561e-05, 2.66283823294e-05, 1.21283501358e-05, 1.43545923947e-06, 1.69252231785e-07, 4.43923431348e-09, 2.70620126308e-09],
        "min": [2.43725772897e-09, 1.64415212112e-07, 4.13678584721e-08, 1.85045099244e-08, 1.0486814972e-07, 3.02193896573e-08, 3.07333074545e-08, 5.01034058686e-09, 4.88514864116e-08, 1.60369921787e-08, 2.64152024698e-08, 1.86913275968e-08, 3.74485615851e-08, 2.26102727652e-08, 2.75176503806e-08, 4.27285087312e-08, 4.02022521939e-08, 6.12935906474e-08, 5.12084135096e-08, 4.84960160918e-08, 4.60784974621e-08, 3.6912741308e-08, 3.3361072127e-08, 3.13710266653e-08, 2.92638677735e-08, 8.38609626186e-10, 8.6977952618e-10],
        "stdev": [1.44703290061e-05, 0.000158141469001, 0.00078635441605, 0.00219618435949, 0.00337839010172, 0.00622337358072, 0.0125831682235, 0.00404035812244, 0.00182780681644, 0.000622615974862, 0.000364337436622, 0.000597073114477, 0.00130680378061, 0.000877457030583, 0.00133927015122, 0.000275852304185, 0.000594631012063, 0.000256889295997, 0.000169608872966, 0.000416031980421, 0.000497084460221, 0.000231299680308, 0.000101656842162, 8.96404890227e-06, 1.20808010706e-07, 7.2175057042e-09, 5.88629545106e-09]
    },
    "erbbands": {
        "max": [0.0339803174138, 0.536278605461, 5.74294710159, 40.2840538025, 121.7162323, 149.512741089, 264.336395264, 657.563171387, 3384.92578125, 1542.4239502, 1193.52770996, 927.947143555, 305.290405273, 247.552810669, 129.681747437, 459.037597656, 1025.7734375, 519.06237793, 2926.72485352, 650.673217773, 290.852600098, 563.048339844, 250.204940796, 123.423873901, 140.230484009, 350.289245605, 441.761474609, 258.390655518, 133.37802124, 135.608642578, 22.4754257202, 7.19243860245, 0.628744065762, 0.0217382982373, 0.00652627972886, 0.000961152196396, 0.000359625177225, 0.000128900079289, 0.000115887392894, 0.0002728003019],
        "mean": [0.00129464827478, 0.0275092665106, 0.293053597212, 1.67623794079, 3.55189156532, 4.71441221237, 10.4844799042, 23.8362503052, 41.9833641052, 36.5454978943, 22.4873256683, 16.0308017731, 7.39687108994, 5.13111209869, 6.49271726608, 8.66477870941, 16.3892536163, 11.2338485718, 12.6522197723, 9.25085639954, 5.5684595108, 10.1649847031, 6.26970672607, 3.73018884659, 3.71307706833, 2.7847840786, 3.02378678322, 1.98304641247, 0.985783755779, 0.76070445776, 0.213851287961, 0.0635518059134, 0.00866870116442, 0.00222846493125, 0.0010804265039, 0.000132307075546, 1.21159791888e-05, 3.7898444134e-06, 6.60073510517e-06, 1.37704182634e-05],
        "min": [4.3704944801e-06, 3.73096663679e-05, 0.000107074527477, 6.28605339443e-05, 0.000265535461949, 0.000460599898361, 0.000495202839375, 0.000215038657188, 0.000501172384247, 0.000648148183245, 0.000865105364937, 0.001008107909, 0.000950999441557, 0.000851964578032, 0.000763358082622, 0.00111965974793, 0.00176994001959, 0.00161914888304, 0.00184741639532, 0.00222698110156, 0.00273941550404, 0.00356902810745, 0.00331465643831, 0.00286487885751, 0.00256985123269, 0.00265593640506, 0.00179619039409, 0.00154461385682, 0.00128302909434, 0.000769065751228, 0.00093097507488, 0.00107134680729, 0.000542608031537, 0.000322299369145, 0.000106828243588, 1.60944582603e-05, 3.11262647301e-06, 1.074131319e-06, 2.69713581247e-07, 2.70358544441e-08],
        "stdev": [0.00250822026283, 0.0500175133348, 0.620568871498, 4.00992393494, 8.50390529633, 13.2729053497, 25.7612304688, 55.4935836792, 195.988327026, 110.135116577, 85.6190795898, 50.0948791504, 22.312871933, 15.0536212921, 14.2388277054, 30.1993675232, 68.8697967529, 35.834197998, 102.22441864, 35.599811554, 15.6609888077, 33.4753875732, 17.3319091797, 8.75117874146, 9.43003177643, 16.9430885315, 24.7600784302, 15.8097686768, 8.42020893097, 6.888007164, 1.53997600079, 0.4186886549, 0.0375895649195, 0.00199213018641, 0.000856502505485, 0.000116446171887, 1.76950325113e-05, 6.03267699262e-06, 1.15376960821e-05, 2.61141412921e-05]
    },
    "gfcc": {
        "mean": [-165.153488159, 139.328384399, -151.756973267, 24.9678325653, -65.9765701294, -18.1255874634, -41.9352226257, -5.1820025444, -16.5214538574, -9.11113929749, -2.35439300537, -13.8992795944, -2.67637205124],
        "cov": [[8577.00683594, 2027.03271484, -1733.33630371, -532.165344238, -312.028717041, -1014.20751953, 102.161964417, -886.96685791, 454.603363037, -359.926361084, 220.010955811, -202.681243896, -165.54246521], [2027.03271484, 1112.06860352, 137.297348022, -320.720794678, -59.8377609253, -310.470031738, -88.685043335, -160.405349731, 120.332733154, -156.327316284, 76.1113052368, -71.1108398438, -76.5732879639], [-1733.33630371, 137.297348022, 2060.97583008, 515.197387695, -49.4576797485, 417.708526611, -252.940338135, 48.9695663452, 63.1793403625, -63.133430481, -99.5582733154, 48.8290405273, -47.111530304], [-532.165344238, -320.720794678, 515.197387695, 556.067749023, 20.1031265259, 222.15133667, -49.4839324951, -68.515045166, 38.2883796692, 26.3110847473, -50.4571151733, 36.2666740417, 12.8452711105], [-312.028717041, -59.8377609253, -49.4576797485, 20.1031265259, 186.836929321, 28.7328262329, -54.0360717773, 55.5104293823, -11.8866968155, 34.7313461304, -5.52179288864, 3.91302847862, 4.0413351059], [-1014.20751953, -310.470031738, 417.708526611, 222.15133667, 28.7328262329, 377.184539795, 48.5922050476, 64.4784469604, -53.6597938538, 35.715763092, -53.6942977905, 30.0497436523, -5.20032215118], [102.161964417, -88.685043335, -252.940338135, -49.4839324951, -54.0360717773, 48.5922050476, 198.080673218, 46.039390564, -46.9826774597, 7.11437416077, 16.3424453735, -4.67784643173, -6.04200696945], [-886.96685791, -160.405349731, 48.9695663452, -68.515045166, 55.5104293823, 64.4784469604, 46.039390564, 245.30645752, -18.1866798401, 40.906955719, -7.79476165771, 11.3940534592, 4.58362388611], [454.603363037, 120.332733154, 63.1793403625, 38.2883796692, -11.8866968155, -53.6597938538, -46.9826774597, -18.1866798401, 170.116546631, 6.1140666008, -16.6343326569, -19.6685695648, -22.6019325256], [-359.926361084, -156.327316284, -63.133430481, 26.3110847473, 34.7313461304, 35.715763092, 7.11437416077, 40.906955719, 6.1140666008, 91.3091278076, 6.9518737793, 4.87914609909, 13.8855819702], [220.010955811, 76.1113052368, -99.5582733154, -50.4571151733, -5.52179288864, -53.6942977905, 16.3424453735, -7.79476165771, -16.6343326569, 6.9518737793, 76.9043884277, 23.2534656525, -0.711371839046], [-202.681243896, -71.1108398438, 48.8290405273, 36.2666740417, 3.91302847862, 30.0497436523, -4.67784643173, 11.3940534592, -19.6685695648, 4.87914609909, 23.2534656525, 66.0303344727, 32.1231880188], [-165.54246521, -76.5732879639, -47.111530304, 12.8452711105, 4.0413351059, -5.20032215118, -6.04200696945, 4.58362388611, -22.6019325256, 13.8855819702, -0.711371839046, 32.1231880188, 81.2274017334]],
        "icov": [[0.00150851032231, -0.00204305863008, 0.00159567431547, -0.00101386173628, 0.000469521532068, -0.000111058412585, -0.00111074745655, 0.00289167859592, -0.00308013544418, 0.00272403494455, -0.0014427814167, 0.00041915444308, 0.000456785579445], [-0.00204305863008, 0.00694924546406, -0.00411051744595, 0.00450279191136, -0.0032481320668, 0.00192773353774, -0.000663180428091, -0.000686309474986, 0.00101870996878, 0.000780013971962, -0.0030708773993, 0.00327462912537, -0.0016062365612], [0.00159567431547, -0.00411051744595, 0.00408089067787, -0.0033422713168, 0.00330772716552, -0.00265137618408, 0.00266298209317, 0.000262470188318, -0.001951105427, 0.00242380145937, 0.000167414793395, -0.0011679707095, 0.00162752787583], [-0.00101386173628, 0.00450279191136, -0.0033422713168, 0.00659618992358, -0.00336072943173, 0.000341728184139, -0.00192637636792, 0.00265731639229, -0.00135053007398, 1.23488644022e-05, -0.0014814370079, 0.000971424276941, -0.00168229569681], [0.000469521532068, -0.0032481320668, 0.00330772716552, -0.00336072943173, 0.0106765562668, -0.00314941373654, 0.00683020381257, -0.00425513507798, 0.00210671988316, -0.00240132026374, 0.00174104876351, -0.00137940025888, 0.00191761250608], [-0.000111058412585, 0.00192773353774, -0.00265137618408, 0.000341728184139, -0.00314941373654, 0.00842464715242, -0.00559320440516, 0.00163928954862, 0.0012824855512, -0.00196475512348, 0.0034085100051, -0.00239445641637, 0.0018561395118], [-0.00111074745655, -0.000663180428091, 0.00266298209317, -0.00192637636792, 0.00683020381257, -0.00559320440516, 0.0146104330197, -0.00772297987714, 0.00508397724479, -0.00175657542422, -0.000184364675079, 0.000561795022804, 0.00127606152091], [0.00289167859592, -0.000686309474986, 0.000262470188318, 0.00265731639229, -0.00425513507798, 0.00163928954862, -0.00772297987714, 0.0150195714086, -0.00870150979608, 0.00533227296546, -0.00429654214531, 0.00140323210508, -5.24016286363e-05], [-0.00308013544418, 0.00101870996878, -0.001951105427, -0.00135053007398, 0.00210671988316, 0.0012824855512, 0.00508397724479, -0.00870150979608, 0.0166764929891, -0.0111966691911, 0.00928151514381, -0.00383866368793, 0.00276513025165], [0.00272403494455, 0.000780013971962, 0.00242380145937, 1.23488644022e-05, -0.00240132026374, -0.00196475512348, -0.00175657542422, 0.00533227296546, -0.0111966691911, 0.0260309111327, -0.0135215315968, 0.00880006793886, -0.00391113013029], [-0.0014427814167, -0.0030708773993, 0.000167414793395, -0.0014814370079, 0.00174104876351, 0.0034085100051, -0.000184364675079, -0.00429654214531, 0.00928151514381, -0.0135215315968, 0.0304088257253, -0.0184807255864, 0.00732539920136], [0.00041915444308, 0.00327462912537, -0.0011679707095, 0.000971424276941, -0.00137940025888, -0.00239445641637, 0.000561795022804, 0.00140323210508, -0.00383866368793, 0.00880006793886, -0.0184807255864, 0.0320057831705, -0.0124035812914], [0.000456785579445, -0.0016062365612, 0.00162752787583, -0.00168229569681, 0.00191761250608, 0.0018561395118, 0.00127606152091, -5.24016286363e-05, 0.00276513025165, -0.00391113013029, 0.00732539920136, -0.0124035812914, 0.0194665789604]]
    },
    "melbands": {
        "max": [0.000251686025877, 0.00201166723855, 0.00751339504495, 0.0105693265796, 0.00730996672064, 0.0138871455565, 0.0490593090653, 0.0134584344923, 0.00821444019675, 0.00597401708364, 0.00150085636415, 0.000992672517896, 0.000603844120633, 0.00081249960931, 0.00134946708567, 0.00163186050486, 0.000676813302562, 0.00544592738152, 0.000702985678799, 0.000636178709101, 0.000298105704132, 0.000677866453771, 0.000592440192122, 8.82211825228e-05, 0.000105512168375, 9.95305526885e-05, 0.000186834324268, 0.000286336900899, 0.000421555509092, 0.000216321219341, 0.000153785702423, 8.19121487439e-05, 6.37814155198e-05, 8.61522712512e-05, 1.25533306345e-05, 6.72398664392e-06, 3.5966629639e-06, 3.09434625478e-07, 9.05237218518e-09, 7.33801153174e-09],
        "mean": [1.70585462911e-05, 0.000125079255668, 0.00034443649929, 0.000313193449983, 0.000328802794684, 0.00054501905106, 0.000642225088086, 0.000365307030734, 0.000167330625118, 8.80693478393e-05, 3.33884381689e-05, 1.94624644791e-05, 2.28552853514e-05, 1.89489419427e-05, 2.94301789836e-05, 3.15680372296e-05, 1.8724858819e-05, 2.16472672037e-05, 1.27046387206e-05, 9.26815937419e-06, 6.24821768724e-06, 1.0868841855e-05, 8.81018240761e-06, 3.61108436664e-06, 2.94441724691e-06, 2.67846417046e-06, 2.32542356571e-06, 1.74915226125e-06, 1.8833361537e-06, 1.69605186784e-06, 1.01072328107e-06, 5.89870921885e-07, 4.17109532691e-07, 4.26259560982e-07, 1.23785326878e-07, 5.78251970751e-08, 2.94517494837e-08, 5.61988278136e-09, 1.89165949571e-09, 1.6503016731e-09],
        "min": [6.15006641169e-08, 9.57764996201e-08, 1.76221330861e-08, 2.827499479e-08, 2.1624293467e-08, 3.92579746489e-09, 7.45795603052e-09, 3.51868667536e-09, 6.37968966544e-09, 5.60721336029e-09, 4.22351664753e-09, 2.94027735492e-09, 2.92621060716e-09, 2.38635511352e-09, 3.36649552679e-09, 3.24688342879e-09, 2.20407869733e-09, 2.2820643153e-09, 1.10216191729e-09, 1.97770688715e-09, 1.48528689348e-09, 2.38794761742e-09, 2.88709256502e-09, 1.80806480898e-09, 1.48171630521e-09, 1.32304478484e-09, 1.57987889438e-09, 1.57241253351e-09, 7.9217210569e-10, 9.53582435237e-10, 6.71453614931e-10, 6.37155161964e-10, 5.52013379451e-10, 3.52367968137e-10, 3.99071026225e-10, 4.95830432268e-10, 3.79353742863e-10, 2.66190902654e-10, 1.39515725361e-11, 1.72743652715e-10],
        "stdev": [3.15649922413e-05, 0.000244177557761, 0.000751308281906, 0.000889336632099, 0.000738315226045, 0.00124587467872, 0.00287647661753, 0.00105092476588, 0.000613152864389, 0.000289757444989, 0.000106861480162, 6.18102494627e-05, 5.48784992134e-05, 6.37135017314e-05, 0.00011208003707, 0.000128752930323, 5.61987544643e-05, 0.000192891820916, 4.69405931653e-05, 3.35588592861e-05, 1.75496570591e-05, 3.71793757949e-05, 2.83779554593e-05, 9.11625647859e-06, 7.29725388737e-06, 6.55234453006e-06, 8.68736515258e-06, 1.26004360936e-05, 1.76025987457e-05, 1.33227922561e-05, 8.94978165888e-06, 5.1731167332e-06, 3.58185593541e-06, 3.9988494791e-06, 8.53021333569e-07, 3.80625920116e-07, 1.92035926716e-07, 2.18176872124e-08, 1.54616841552e-09, 1.30575272816e-09]
    },
    "melbands128": {
        "max": [0.000128227489768, 0.000338709389325, 0.000364221341442, 0.00101835874375, 0.00309095880948, 0.004558368586, 0.00890481844544, 0.0118072414771, 0.0137389255688, 0.0184171292931, 0.00811041239649, 0.00464014336467, 0.00680464506149, 0.0211069658399, 0.0175022184849, 0.029681596905, 0.0364526286721, 0.0900046601892, 0.0323344357312, 0.0219661779702, 0.0143201053143, 0.0170323196799, 0.0113840447739, 0.00562309008092, 0.0085937185213, 0.00774116860703, 0.00461996532977, 0.00287964567542, 0.000824393529911, 0.00138599460479, 0.00131453212816, 0.000637189892586, 0.00118043541443, 0.00045697792666, 0.000638697471004, 0.00127552566119, 0.0025874520652, 0.000965249724686, 0.00305866100825, 0.00408221967518, 0.00314780441113, 0.00114705448505, 0.00136129499879, 0.000605061126407, 0.00204663793556, 0.0128670567647, 0.00141045579221, 0.000531016150489, 0.0015505948104, 0.0013756735716, 0.000286937720375, 0.000572567689233, 0.00026535950019, 0.000294035417028, 0.00058298924705, 0.00135874236003, 0.000646252417937, 0.00142194016371, 0.000349372014171, 0.000276488310192, 7.94270526967e-05, 0.000216823260416, 0.000139265757753, 0.000124745740322, 0.000281661050394, 0.000200323644094, 0.000131175780552, 0.000182279924047, 0.000249981327215, 0.000201286602532, 0.000254235172179, 0.000346179236658, 0.000983754405752, 0.000321103929309, 0.000428658328019, 0.000292773998808, 0.000217282766243, 0.000160110444995, 0.000271163444268, 0.000240460925852, 0.00013535063772, 7.51968691475e-05, 8.20286513772e-05, 7.96596796135e-05, 6.73554459354e-05, 0.000129187799757, 8.31414290587e-05, 2.56320272456e-05, 9.13781968848e-06, 6.83218604536e-06, 9.0664561867e-06, 9.53676408244e-06, 5.22391565028e-06, 4.67960126116e-06, 1.43657450735e-06, 6.39643644718e-07, 1.02922392387e-07, 1.82628348e-08, 1.38719222775e-08, 1.66434208637e-08, 1.3985189895e-08, 1.19941994114e-08, 1.34119471085e-08, 1.19495000561e-08, 1.10200737424e-08, 7.19962622853e-09, 9.71912772485e-09, 2.13714668185e-09, 4.77459538573e-09, 1.30448118973e-09, 1.20667353887e-09, 1.20538989901e-09, 1.15575582438e-09, 1.07382347458e-09, 1.02513009193e-09, 1.0269399775e-09, 1.03178099398e-09, 9.50126866073e-10, 9.839556947e-10, 9.09134434401e-10, 8.70298055844e-10, 8.78026207296e-10, 8.42199476825e-10, 8.19207091052e-10, 8.22152623758e-10, 8.379675287e-10, 8.17664602693e-10, 8.08702715904e-10],
        "mean": [2.47213142757e-06, 6.44451210974e-06, 1.85732569662e-05, 4.54376859125e-05, 0.000106794526801, 0.000171450374182, 0.000325323693687, 0.00043442187598, 0.000312881515129, 0.000393064226955, 0.000236451014644, 0.000158080511028, 0.000263609399553, 0.000677072210237, 0.000525664363522, 0.000502067850903, 0.000586003880017, 0.000800639565568, 0.000511294463649, 0.000424130994361, 0.000270595803158, 0.000219274792471, 0.000143872268382, 0.00012509021326, 0.00014246327919, 4.37779053755e-05, 3.44974032487e-05, 4.41421616415e-05, 2.00904905796e-05, 1.91871658899e-05, 1.79212584044e-05, 2.09865011129e-05, 3.17707417707e-05, 1.60948475241e-05, 1.26956883832e-05, 2.11999704334e-05, 2.81062893919e-05, 1.34411011459e-05, 4.61698873551e-05, 4.78257570649e-05, 1.84053224075e-05, 2.48678043135e-05, 2.02159826586e-05, 1.59538540174e-05, 1.47291702888e-05, 3.31682531396e-05, 1.45252379298e-05, 8.5540677901e-06, 1.33046414703e-05, 1.69156301126e-05, 6.66926962367e-06, 4.80542757941e-06, 4.60069077235e-06, 6.52652579447e-06, 1.07126043076e-05, 1.18548268802e-05, 1.03602233139e-05, 1.10706005216e-05, 8.11512836663e-06, 4.67316931463e-06, 2.8307881621e-06, 3.47756918018e-06, 2.82023756881e-06, 2.84200928036e-06, 3.0336693726e-06, 2.01057218874e-06, 2.9915390769e-06, 3.39595544574e-06, 1.65552341969e-06, 1.66932670709e-06, 1.87919170003e-06, 1.53985263296e-06, 2.14208876059e-06, 1.65778658356e-06, 2.03510444408e-06, 2.10372468246e-06, 1.40360270962e-06, 8.99330075299e-07, 1.14351985303e-06, 8.76452077136e-07, 6.89024432177e-07, 4.27939056635e-07, 3.93089209183e-07, 4.23040148689e-07, 4.20701923076e-07, 5.12128224273e-07, 4.49691441418e-07, 2.08346989439e-07, 8.95949341384e-08, 7.1506761401e-08, 6.90977728368e-08, 5.33491899546e-08, 4.16029983796e-08, 3.44417614428e-08, 1.805068095e-08, 8.01781663284e-09, 2.79241851864e-09, 1.94693705602e-09, 1.92323867942e-09, 1.83020698596e-09, 1.80316117593e-09, 1.58305835107e-09, 1.54029367039e-09, 1.39030542634e-09, 1.25848742538e-09, 1.10247089236e-09, 9.66764779342e-10, 1.39476916128e-10, 2.27375600986e-11, 1.28072769404e-11, 1.27035925182e-11, 1.28718572259e-11, 1.29312047181e-11, 1.25114554134e-11, 1.22001306627e-11, 1.23974597949e-11, 1.56023458042e-11, 2.34962604928e-11, 2.42194129335e-11, 1.03709939941e-11, 9.61900697982e-12, 9.76254233703e-12, 8.97536732436e-12, 7.37137434426e-12, 6.01032678488e-12, 3.76141609179e-12, 2.54516525043e-12, 2.35769650331e-12],
        "min": [1.41081132887e-10, 3.364754253e-09, 2.39262423207e-08, 8.02792143872e-09, 5.21273957332e-09, 2.09318216093e-08, 7.66480212633e-09, 1.42402463155e-08, 9.76508740536e-09, 1.01352899406e-08, 2.69416355891e-09, 3.22210746972e-09, 1.0606581391e-08, 4.42626113539e-09, 1.1172359704e-09, 8.0008916159e-10, 1.78067605106e-09, 4.16214529508e-09, 2.48146836412e-09, 1.32193167524e-09, 7.36038285876e-10, 5.94644333773e-10, 1.25370047677e-09, 3.26537974438e-09, 1.02556863002e-09, 7.87323872764e-10, 5.09485342803e-10, 9.41364985962e-10, 1.38579880904e-09, 1.06916875353e-09, 1.09453168751e-09, 1.70997094262e-09, 5.09113196046e-10, 6.35077934685e-10, 5.28762422736e-10, 2.65277660949e-10, 4.76903572189e-10, 2.08798134338e-09, 1.07296072027e-09, 1.13971587723e-09, 1.01825559096e-09, 8.8447182911e-10, 5.68806890477e-10, 9.32159682776e-10, 9.93386595205e-10, 4.25623980504e-10, 5.61712953928e-10, 7.57544249552e-10, 3.0143876284e-10, 3.04998692968e-10, 7.48329620492e-10, 6.51851628231e-10, 4.66013672096e-10, 6.48306686113e-10, 4.55936566279e-10, 7.98783594824e-10, 8.84035511461e-10, 9.4219521074e-10, 8.11668288137e-10, 4.89358054079e-10, 5.43932121566e-10, 7.57196805257e-10, 3.52853857244e-10, 5.28218024876e-10, 4.23262896954e-10, 4.9631898591e-10, 8.02300392788e-10, 9.18026099583e-10, 1.24037308202e-10, 6.00420935193e-10, 5.57317303418e-10, 2.62410759788e-10, 4.34865504717e-10, 6.30339003216e-10, 4.71777727995e-10, 2.46658277137e-10, 3.19228726786e-10, 4.46253589637e-11, 6.00783311988e-11, 1.96408000974e-10, 1.32706817757e-10, 5.44263106805e-11, 1.53952822712e-10, 1.19599635751e-10, 5.80284709173e-11, 4.1245951099e-11, 9.78291336828e-11, 6.58597690273e-11, 4.23573918995e-11, 6.23330623228e-11, 2.44349523254e-11, 2.1798805816e-11, 2.27802735009e-10, 7.05116520727e-11, 2.27698675886e-11, 3.55229283489e-11, 5.32539247075e-12, 1.20761092098e-11, 6.9085583608e-12, 7.29464839228e-12, 5.13222840962e-12, 6.52240154247e-12, 1.77716903693e-11, 5.97932727636e-12, 9.45069196512e-12, 1.18289726972e-11, 7.06956021501e-12, 3.46226454624e-12, 2.19508590991e-12, 2.43755102908e-12, 2.24724796064e-12, 2.34021721272e-12, 2.6735881304e-12, 2.77172187112e-12, 2.68329369141e-12, 2.79030314479e-12, 3.21164297414e-12, 2.44629923957e-12, 2.51411370021e-12, 1.88787982643e-12, 2.37207844513e-12, 2.02789954967e-12, 2.31793599072e-12, 2.2510741101e-12, 1.73859245143e-12, 6.62930702087e-13, 7.8375226773e-14, 2.44022865269e-15],
        "stdev": [8.3015038399e-06, 1.67746129591e-05, 4.21824370278e-05, 9.27529254113e-05, 0.000248480122536, 0.000453226442914, 0.000834869919345, 0.00117570708971, 0.000836207182147, 0.00154628651217, 0.000729015620891, 0.000414321868448, 0.000735496752895, 0.00204429449514, 0.00144222215749, 0.00190133904107, 0.00242623896338, 0.00514858495444, 0.0020567777101, 0.00159318442456, 0.000982890836895, 0.00122376997024, 0.000695250870194, 0.000411062850617, 0.000527425785549, 0.00025102525251, 0.000165411183843, 0.000171196646988, 7.0250738645e-05, 8.73739263625e-05, 7.63914649724e-05, 5.53337195015e-05, 9.93658832158e-05, 3.68442051695e-05, 5.01358081237e-05, 9.17728903005e-05, 0.000141036711284, 5.27769407199e-05, 0.000232230042457, 0.000229291370488, 0.000128717569169, 0.000102449703263, 7.62471463531e-05, 4.78247202409e-05, 8.50192882353e-05, 0.000438076909631, 7.3665396485e-05, 3.263603503e-05, 7.52457563067e-05, 7.5968040619e-05, 1.8695342078e-05, 2.01940565603e-05, 1.6542715457e-05, 2.03120507649e-05, 3.49009314959e-05, 5.69622679905e-05, 4.17477931478e-05, 5.13137820235e-05, 2.64589380095e-05, 1.80462393473e-05, 7.5370239756e-06, 1.1857080608e-05, 8.22803758638e-06, 8.05957733974e-06, 1.14311869766e-05, 6.98096755514e-06, 9.95856953523e-06, 1.08127824205e-05, 1.06614434117e-05, 9.31736394705e-06, 1.13182341011e-05, 1.48092476593e-05, 2.89240797429e-05, 1.54544923134e-05, 1.85946737474e-05, 1.73092757905e-05, 1.12014977276e-05, 6.97715722708e-06, 1.19692804219e-05, 9.64080481936e-06, 6.63817172608e-06, 3.81907011615e-06, 3.63209483112e-06, 3.81192603527e-06, 3.78771051146e-06, 5.29381486558e-06, 4.30800992035e-06, 1.63785409768e-06, 5.44182853446e-07, 4.30354731407e-07, 4.62492579345e-07, 4.0669672785e-07, 2.89413065957e-07, 2.32722356941e-07, 1.0378577997e-07, 3.69321035976e-08, 6.55771659197e-09, 2.13783302172e-09, 2.00926519867e-09, 2.05973815781e-09, 1.80299586372e-09, 1.69738323397e-09, 1.55011770087e-09, 1.49675905003e-09, 1.42368350442e-09, 1.13122355927e-09, 1.04567254855e-09, 1.86050896911e-10, 1.49466855559e-10, 3.7248485546e-11, 3.45562987947e-11, 3.4280703276e-11, 3.29246803432e-11, 3.07410728817e-11, 2.93270546736e-11, 2.91778823325e-11, 2.97063693089e-11, 3.15329012901e-11, 3.46085798908e-11, 2.59442831801e-11, 2.48316939927e-11, 2.50478717628e-11, 2.39189362761e-11, 2.32134398509e-11, 2.32662656502e-11, 2.37064708142e-11, 2.32182363613e-11, 2.29778973626e-11]
    },
    "mfcc": {
        "mean": [-795.468505859, 160.854125977, -27.3022136688, 30.6477775574, -8.49018287659, -11.6409912109, -15.0440196991, -8.43998241425, -12.9967937469, -2.22890758514, -4.59545373917, -0.234807044268, -4.77961492538],
        "cov": [[9871.54199219, 1736.47094727, -1935.32250977, 116.470344543, -1001.58355713, -73.6507339478, -878.488220215, -208.722167969, -506.272949219, -264.147979736, -17.1656532288, 134.812515259, -40.8137359619], [1736.47094727, 1256.13085938, 6.52527475357, -148.765151978, -41.0696372986, -298.026885986, -190.916046143, -63.8736953735, -100.826820374, -172.930953979, 66.310585022, 58.5475769043, -10.5907096863], [-1935.32250977, 6.52527475357, 1905.81494141, 219.676712036, 449.299682617, 294.126495361, -28.8724994659, 146.628982544, 70.9053268433, -50.6748504639, -11.7411623001, 84.2443389893, -60.1561889648], [116.470344543, -148.765151978, 219.676712036, 264.445220947, 89.9864273071, 114.106460571, -86.8743591309, -6.89342546463, -17.381811142, 1.31040656567, -31.5543785095, 8.24082183838, -2.78550052643], [-1001.58355713, -41.0696372986, 449.299682617, 89.9864273071, 411.473571777, 63.8336334229, -23.2578315735, -2.61469697952, 51.8025741577, -11.6610078812, 26.0165519714, 2.81549358368, -5.97862291336], [-73.6507339478, -298.026885986, 294.126495361, 114.106460571, 63.8336334229, 331.528381348, 9.18080234528, 26.8397636414, 3.41546010971, 14.2666521072, -31.9545536041, 19.7182483673, -27.7337188721], [-878.488220215, -190.916046143, -28.8724994659, -86.8743591309, -23.2578315735, 9.18080234528, 284.212890625, 58.4008407593, 22.3321685791, 33.5281944275, 2.69129323959, -35.0726356506, 14.5116882324], [-208.722167969, -63.8736953735, 146.628982544, -6.89342546463, -2.61469697952, 26.8397636414, 58.4008407593, 119.748451233, 28.7935161591, 19.2544536591, 13.4214134216, 11.0025882721, 1.37462484837], [-506.272949219, -100.826820374, 70.9053268433, -17.381811142, 51.8025741577, 3.41546010971, 22.3321685791, 28.7935161591, 117.378189087, 55.110004425, 9.71074676514, -4.44809627533, 10.1680297852], [-264.147979736, -172.930953979, -50.6748504639, 1.31040656567, -11.6610078812, 14.2666521072, 33.5281944275, 19.2544536591, 55.110004425, 123.052825928, 19.2852878571, -12.495798111, 7.78088712692], [-17.1656532288, 66.310585022, -11.7411623001, -31.5543785095, 26.0165519714, -31.9545536041, 2.69129323959, 13.4214134216, 9.71074676514, 19.2852878571, 100.110679626, 42.6349754333, -4.28624105453], [134.812515259, 58.5475769043, 84.2443389893, 8.24082183838, 2.81549358368, 19.7182483673, -35.0726356506, 11.0025882721, -4.44809627533, -12.495798111, 42.6349754333, 83.0743713379, 9.66251182556], [-40.8137359619, -10.5907096863, -60.1561889648, -2.78550052643, -5.97862291336, -27.7337188721, 14.5116882324, 1.37462484837, 10.1680297852, 7.78088712692, -4.28624105453, 9.66251182556, 74.7304153442]],
        "icov": [[0.00112531788182, -0.00189819873776, 0.00141956168227, -0.00133794988506, 0.00157173851039, -0.00246788491495, 0.00242790300399, -0.00182011909783, 0.0016940436326, -0.000370325375115, 9.03202017071e-05, -1.0884625226e-05, 2.49511358561e-05], [-0.00189819873776, 0.00494742626324, -0.00276369089261, 0.00319012464024, -0.00239974516444, 0.00545765319839, -0.00299981352873, 0.0033599040471, -0.00211004796438, 0.00226895534433, -0.00115692429245, -1.19328506116e-05, -0.0001011400891], [0.00141956168227, -0.00276369089261, 0.00292979017831, -0.00218457006849, 0.000881517247763, -0.00368869700469, 0.00278192013502, -0.0035883791279, 0.00169668276794, -0.000448163424153, 0.00126733549405, -0.00135249702726, 0.000951355032157], [-0.00133794988506, 0.00319012464024, -0.00218457006849, 0.00808311998844, -0.0028122139629, 0.00213971966878, -0.000395175680751, 0.00200812355615, 0.000435924855992, -0.000388028216548, 0.00107760389801, 2.95467598335e-05, -0.00108787533827], [0.00157173851039, -0.00239974516444, 0.000881517247763, -0.0028122139629, 0.00658083893359, -0.00355253997259, 0.00352165196091, -0.000721024698578, 0.000334687501891, 0.001288418076, -0.00325673795305, 0.00273449416272, -0.0010594795458], [-0.00246788491495, 0.00545765319839, -0.00368869700469, 0.00213971966878, -0.00355253997259, 0.0109085636213, -0.00546644348651, 0.00401166640222, -0.00285166618414, 0.000708983570803, 0.00160862959456, -0.00273082382046, 0.00204747240059], [0.00242790300399, -0.00299981352873, 0.00278192013502, -0.000395175680751, 0.00352165196091, -0.00546644348651, 0.011043288745, -0.00606589158997, 0.00472729187459, -0.000435610651039, -0.00130508386064, 0.0030943560414, -0.00172712793574], [-0.00182011909783, 0.0033599040471, -0.0035883791279, 0.00200812355615, -0.000721024698578, 0.00401166640222, -0.00606589158997, 0.0148866605014, -0.00488210655749, 0.000617249461357, -0.00217003072612, -0.000435686088167, -0.000464523356641], [0.0016940436326, -0.00211004796438, 0.00169668276794, 0.000435924855992, 0.000334687501891, -0.00285166618414, 0.00472729187459, -0.00488210655749, 0.0161921922117, -0.0061851600185, 0.00123083160724, -0.000261027686065, -0.00130631576758], [-0.000370325375115, 0.00226895534433, -0.000448163424153, -0.000388028216548, 0.001288418076, 0.000708983570803, -0.000435610651039, 0.000617249461357, -0.0061851600185, 0.0146028371528, -0.0059324176982, 0.00408583274111, -0.00136391341221], [9.03202017071e-05, -0.00115692429245, 0.00126733549405, 0.00107760389801, -0.00325673795305, 0.00160862959456, -0.00130508386064, -0.00217003072612, 0.00123083160724, -0.0059324176982, 0.0195774082094, -0.0126892141998, 0.00478928582743], [-1.0884625226e-05, -1.19328506116e-05, -0.00135249702726, 2.95467598335e-05, 0.00273449416272, -0.00273082382046, 0.0030943560414, -0.000435686088167, -0.000261027686065, 0.00408583274111, -0.0126892141998, 0.0232327561826, -0.00660447636619], [2.49511358561e-05, -0.0001011400891, 0.000951355032157, -0.00108787533827, -0.0010594795458, 0.00204747240059, -0.00172712793574, -0.000464523356641, -0.00130631576758, -0.00136391341221, 0.00478928582743, -0.00660447636619, 0.0165734086186]]
    },
    "spectral_contrast_coeffs": {
        "max": [-0.332954645157, -0.415228366852, -0.538853704929, -0.538784444332, -0.525174796581, -0.389638960361],
        "mean": [-0.665565609932, -0.738091409206, -0.783722102642, -0.794973552227, -0.772516429424, -0.734738409519],
        "min": [-0.937409996986, -0.947342395782, -0.932009994984, -0.922989249229, -0.917120993137, -0.87952029705],
        "stdev": [0.0980821251869, 0.0897802338004, 0.0680844858289, 0.0645450875163, 0.0673380941153, 0.0693258494139]
    },
    "spectral_contrast_valleys": {
        "max": [-6.08333063126, -4.8643860817, -6.17155838013, -5.88958930969, -6.27135133743, -11.1622238159],
        "mean": [-8.35427284241, -7.49467086792, -8.70272445679, -8.89043426514, -9.12714862823, -13.0466537476],
        "min": [-10.8297672272, -11.430150032, -11.4579935074, -11.4407634735, -11.0884246826, -13.9706430435],
        "stdev": [1.07882916927, 1.24390912056, 1.13766157627, 1.09764111042, 1.01231086254, 0.526792049408]
    }
},
"rhythm": {
    "beats_count": 57,
    "beats_loudness": {
        "max": 0.167630389333,
        "mean": 0.0167830940336,
        "min": 5.91005073147e-06,
        "stdev": 0.0283630564809
    },
    "bpm": 88.9988327026,
    "bpm_histogram_first_peak_bpm": 89,
    "bpm_histogram_first_peak_weight": 0.0714285969734,
    "bpm_histogram_second_peak_bpm": 123,
    "bpm_histogram_second_peak_spread": 0.5,
    "bpm_histogram_second_peak_weight": 0.178571432829,
    "danceability": 0.900385081768,
    "onset_rate": 1.99951159954,
    "beats_loudness_band_ratio": {
        "max": [0.857423841953, 0.816722035408, 0.766940772533, 0.414924144745, 0.306909710169, 0.907309293747],
        "mean": [0.198471710086, 0.332357287407, 0.306081324816, 0.102884680033, 0.0707549899817, 0.0505578108132],
        "min": [0.00153535371646, 0.0429737269878, 0.00862649455667, 0.000691328663379, 0.000463623407995, 0.000225881376537],
        "stdev": [0.175815731287, 0.204289212823, 0.192666128278, 0.10599309206, 0.0702692419291, 0.135656237602]
    },
    "beats_position": [0.66176867485, 1.33514738083, 2.00852608681, 2.68190479279, 3.34367346764, 4.01705217361, 4.7020406723, 5.38702917099, 6.06040811539, 6.73378658295, 7.40716552734, 8.08054447174, 8.75392246246, 9.42730140686, 10.1006803513, 10.7276191711, 11.3429479599, 11.9350566864, 12.5271654129, 13.1308841705, 13.6301136017, 14.1409521103, 14.6517915726, 15.1394100189, 15.6154193878, 16.1030387878, 16.602268219, 17.1014957428, 17.600725174, 18.1115646362, 18.6224040985, 19.1448516846, 19.6556911469, 20.1665306091, 20.6773700714, 21.2114276886, 21.7570972443, 22.2911567688, 22.8368244171, 23.3592739105, 23.8933334351, 24.4506111145, 24.9730606079, 25.4490699768, 25.9366893768, 26.4243087769, 26.9003162384, 27.3763256073, 27.8407249451, 28.3283443451, 28.8159637451, 29.291973114, 29.7679805756, 30.2555999756, 30.7432193756, 31.2308387756, 31.7184581757],
