{
"metadata": {
    "version": {
        "essentia": "2.1-beta5",
        "essentia_git_sha": "Undefined",
        "extractor": "music 2.0"
    },
    "audio_properties": {
        "analysis": {
            "equal_loudness": 0,
            "length": 51.8733787537,
            "sample_rate": 44100,
            "start_time": 158.987030029,
            "downmix": "mix"
        },
        "bit_rate": 192000,
        "length": 210.883651733,
        "lossless": 0,
        "number_channels": 2,
        "replay_gain": -8.07657623291,
        "sample_rate": 48000,
        "codec": "mp3",
        "md5_encoded": "299c34ec500419da4233f095f0c598f2"
    },
    "tags": {
        "file_name": "Norway_Sommer i Palma_Nora Brockstedt.mp3",
        "encoding": ["Lavf58.29.100"]
    }
},
"lowlevel": {
    "average_loudness": 0.0275255348533,
    "barkbands_crest": {
        "max": 26.110912323,
        "mean": 11.7194910049,
        "min": 2.97181105614,
        "stdev": 5.56815195084
    },
    "barkbands_flatness_db": {
        "max": 0.390870630741,
        "mean": 0.21780192852,
        "min": 0.0612765699625,
        "stdev": 0.0553324185312
    },
    "barkbands_kurtosis": {
        "max": 59.921207428,
        "mean": 4.77404689789,
        "min": -1.79955124855,
        "stdev": 6.85964012146
    },
    "barkbands_skewness": {
        "max": 6.77278280258,
        "mean": 1.39522027969,
        "min": -4.13977479935,
        "stdev": 1.28410375118
    },
    "barkbands_spread": {
        "max": 73.0199279785,
        "mean": 11.7718887329,
        "min": 0.705271244049,
        "stdev": 8.45054626465
    },
    "dissonance": {
        "max": 0.49999243021,
        "mean": 0.437483161688,
        "min": 0.268776506186,
        "stdev": 0.0419693998992
    },
    "dynamic_complexity": 7.68999242783,
    "erbbands_crest": {
        "max": 33.3453025818,
        "mean": 11.8967428207,
        "min": 2.27542304993,
        "stdev": 5.72006940842
    },
    "erbbands_flatness_db": {
        "max": 0.456715703011,
        "mean": 0.262989699841,
        "min": 0.0201538000256,
        "stdev": 0.0471142791212
    },
    "erbbands_kurtosis": {
        "max": 55.0188789368,
        "mean": 1.75397527218,
        "min": -1.86668908596,
        "stdev": 3.86761856079
    },
    "erbbands_skewness": {
        "max": 4.87652301788,
        "mean": 0.698923170567,
        "min": -3.62330055237,
        "stdev": 0.946571052074
    },
    "erbbands_spread": {
        "max": 129.15524292,
        "mean": 22.2114219666,
        "min": 0.9666634202,
        "stdev": 11.7919368744
    },
    "hfc": {
        "max": 188.613113403,
        "mean": 8.42587661743,
        "min": 6.66986579745e-07,
        "stdev": 19.0565681458
    },
    "loudness_ebu128": {
        "integrated": -18.4348049164,
        "loudness_range": 18.3642883301,
        "momentary": {
            "max": -9.55581474304,
            "mean": -24.9680290222,
            "min": -42.9960479736,
            "stdev": 7.09314537048
        },
        "short_term": {
            "max": -12.7215967178,
            "mean": -23.8013038635,
            "min": -34.6774673462,
            "stdev": 5.80760765076
        }
    },
    "melbands_crest": {
        "max": 37.9093170166,
        "mean": 14.0438404083,
        "min": 3.61181807518,
        "stdev": 6.17008686066
    },
    "melbands_flatness_db": {
        "max": 0.381118476391,
        "mean": 0.233652219176,
        "min": 0.0563159435987,
        "stdev": 0.0662369802594
    },
    "melbands_kurtosis": {
        "max": 121.624206543,
        "mean": 8.67089557648,
        "min": -1.84452712536,
        "stdev": 10.8280410767
    },
    "melbands_skewness": {
        "max": 9.53481578827,
        "mean": 1.89766132832,
        "min": -2.35573244095,
        "stdev": 1.48844814301
    },
    "melbands_spread": {
        "max": 209.915359497,
        "mean": 18.1634349823,
        "min": 1.61932659149,
        "stdev": 19.2670440674
    },
    "pitch_salience": {
        "max": 0.879948616028,
        "mean": 0.515995740891,
        "min": 0.0440506190062,
        "stdev": 0.163427576423
    },
    "silence_rate_20dB": {
        "max": 1,
        "mean": 1,
        "min": 1,
        "stdev": 0
    },
    "silence_rate_30dB": {
        "max": 1,
        "mean": 0.984787464142,
        "min": 0,
        "stdev": 0.122401334345
    },
    "silence_rate_60dB": {
        "max": 1,
        "mean": 0.531991064548,
        "min": 0,
        "stdev": 0.498975604773
    },
    "spectral_centroid": {
        "max": 5255.5546875,
        "mean": 1076.38964844,
        "min": 292.696838379,
        "stdev": 618.12097168
    },
    "spectral_complexity": {
        "max": 38,
        "mean": 8.32035827637,
        "min": 0,
        "stdev": 6.78809976578
    },
    "spectral_decrease": {
        "max": -6.95834601554e-16,
        "mean": -2.56060350701e-09,
        "min": -4.50031798493e-08,
        "stdev": 5.08215025619e-09
    },
    "spectral_energy": {
        "max": 0.183568879962,
        "mean": 0.0104285525158,
        "min": 2.68674149595e-09,
        "stdev": 0.0208168644458
    },
    "spectral_energyband_high": {
        "max": 0.0142705589533,
        "mean": 9.5417832199e-05,
        "min": 4.25626374423e-11,
        "stdev": 0.000570088450331
    },
    "spectral_energyband_low": {
        "max": 0.00183536775876,
        "mean": 6.73902759445e-05,
        "min": 1.25939803031e-09,
        "stdev": 0.000100383833342
    },
    "spectral_energyband_middle_high": {
        "max": 0.173011690378,
        "mean": 0.00441126106307,
        "min": 1.85063023933e-11,
        "stdev": 0.0156260356307
    },
    "spectral_energyband_middle_low": {
        "max": 0.158427149057,
        "mean": 0.00619422877207,
        "min": 2.77406726062e-11,
        "stdev": 0.0123866507784
    },
    "spectral_entropy": {
        "max": 8.91424655914,
        "mean": 7.00976085663,
        "min": 5.79416894913,
        "stdev": 0.443264037371
    },
    "spectral_flux": {
        "max": 0.322716832161,
        "mean": 0.0304393526167,
        "min": 7.66742887208e-05,
        "stdev": 0.0319264121354
    },
    "spectral_kurtosis": {
        "max": 25.713514328,
        "mean": 6.90707063675,
        "min": -1.18964779377,
        "stdev": 4.29422235489
    },
    "spectral_rms": {
        "max": 0.0133825102821,
        "mean": 0.00235658255406,
        "min": 1.61901550655e-06,
        "stdev": 0.00214959005825
    },
    "spectral_rolloff": {
        "max": 8441.015625,
        "mean": 1282.81933594,
        "min": 21.533203125,
        "stdev": 1064.38916016
    },
    "spectral_skewness": {
        "max": 3.61389827728,
        "mean": 1.74565649033,
        "min": -0.465452700853,
        "stdev": 0.605233252048
    },
    "spectral_spread": {
        "max": 13633818,
        "mean": 2865630.5,
        "min": 1838255.75,
        "stdev": 706029.8125
    },
    "spectral_strongpeak": {
        "max": 15.7389383316,
        "mean": 1.08654153347,
        "min": 0,
        "stdev": 1.61980676651
    },
    "zerocrossingrate": {
        "max": 0.3095703125,
        "mean": 0.0474851876497,
        "min": 0.00048828125,
        "stdev": 0.0313877910376
    },
    "barkbands": {
        "max": [8.99447040865e-05, 0.00177409686148, 0.000386578030884, 0.00153531820979, 0.021727791056, 0.0505937822163, 0.0623530931771, 0.0310152713209, 0.0599598921835, 0.157274931669, 0.142861843109, 0.0641069486737, 0.0300290435553, 0.00991802569479, 0.0068894578144, 0.00550668779761, 0.00663512200117, 0.00351380323991, 0.00188795640133, 0.00135541392956, 0.00489255134016, 0.0060100373812, 0.00399926258251, 0.000266641116468, 1.15370198728e-06, 1.03716740796e-06, 6.30128340617e-07],
        "mean": [7.83898769896e-07, 2.64534755843e-05, 1.83912015927e-05, 0.000104572194687, 0.000525341543835, 0.00240632565692, 0.00174375611823, 0.000363728351658, 0.000530819525011, 0.00161774165463, 0.000961988873314, 0.000880639301613, 0.000331805698806, 0.000227585420362, 0.000134989822982, 9.89398831734e-05, 0.000153197586769, 0.000113049813081, 7.82137285569e-05, 3.49954825651e-05, 3.5519748053e-05, 2.12668437598e-05, 1.57860049512e-05, 2.59867215391e-06, 7.5377940334e-08, 8.86379192266e-10, 7.25527637968e-10],
        "min": [2.34724129022e-10, 4.72997960244e-11, 1.78511109432e-13, 9.98245323208e-13, 6.85761072493e-13, 3.03746437724e-12, 5.31605055115e-12, 2.95643197423e-12, 3.97004304431e-12, 3.13370683569e-12, 3.2627680939e-12, 3.03921471323e-12, 1.98649798867e-12, 1.89680476187e-12, 1.01782319552e-12, 7.48810193539e-13, 7.74324940105e-13, 8.74764019901e-13, 1.29320458422e-12, 1.54675415271e-12, 1.94613205759e-12, 1.70391663019e-12, 2.15699853812e-12, 3.75689323401e-12, 5.29989637246e-12, 1.08027068194e-11, 1.66784398792e-11],
        "stdev": [3.53366544914e-06, 6.01501778874e-05, 2.91607448162e-05, 0.000213294377318, 0.00123586785048, 0.00580057408661, 0.00580209074542, 0.00171309907455, 0.00288607366383, 0.00950116012245, 0.00743327755481, 0.00431566266343, 0.00132436072454, 0.000668356777169, 0.000371682894183, 0.000264141679509, 0.000455747707747, 0.000316792051308, 0.000160121824592, 8.90124501893e-05, 0.000181998315384, 0.000221950467676, 0.000137498383992, 1.02113353933e-05, 4.07008258207e-08, 2.22352678492e-08, 1.38438940311e-08]
    },
    "erbbands": {
        "max": [0.0525103323162, 0.384974449873, 0.435075610876, 2.03865551949, 5.59736728668, 62.6980323792, 265.026855469, 421.519195557, 1185.49047852, 668.847290039, 655.921142578, 1118.65441895, 5987.35888672, 3181.69580078, 4746.54541016, 2973.43212891, 1384.71166992, 461.721588135, 532.084106445, 294.710968018, 345.765228271, 168.020126343, 251.837173462, 192.994873047, 88.2423171997, 55.012638092, 119.680870056, 270.011657715, 226.537322998, 139.384078979, 93.079864502, 16.6042022705, 0.967908203602, 0.0404599793255, 0.00793843436986, 0.00445675011724, 0.00188130501192, 0.000669564353302, 0.000123217178043, 0.000215842170292],
        "mean": [0.00038223687443, 0.00715898862109, 0.0251394286752, 0.151169806719, 0.574932098389, 1.90432834625, 8.65142154694, 20.3300094604, 36.9819068909, 7.1334271431, 7.12455701828, 12.4164962769, 47.5173721313, 33.1927986145, 40.1722984314, 32.2415351868, 17.4242019653, 11.6809663773, 9.54340744019, 6.64132118225, 7.10210323334, 7.62896585464, 7.16251420975, 4.63196802139, 2.79879999161, 1.63171160221, 1.56237113476, 1.30885612965, 0.817369997501, 0.569850623608, 0.412901699543, 0.120782472193, 0.017099160701, 0.00183778337669, 0.000285125308437, 2.1766682039e-05, 7.37088930691e-06, 2.33745845435e-06, 5.76792717766e-06, 1.23254185382e-05],
        "min": [2.77790732639e-08, 3.024257067e-09, 6.28890550747e-10, 2.19940266e-09, 2.2989115056e-09, 2.7884832221e-09, 3.27088689467e-09, 3.60187257797e-08, 7.78030084803e-08, 6.55373568748e-08, 7.84531479781e-08, 9.13820770165e-08, 8.70842669087e-08, 1.41263285514e-07, 1.06207515671e-07, 1.34972225396e-07, 8.91024285465e-08, 9.69126787709e-08, 7.23722379803e-08, 3.65867585117e-08, 4.87489728584e-08, 4.29641104915e-08, 3.56815270663e-08, 5.19223455342e-08, 8.36885831745e-08, 8.16670535642e-08, 8.02630282237e-08, 6.45306741376e-08, 6.10716810456e-08, 5.16009492912e-08, 5.92049431702e-08, 9.52871204163e-08, 5.73455380959e-08, 5.12464239932e-08, 4.00992057337e-08, 2.34054553516e-08, 2.73031339759e-08, 1.07198552257e-08, 2.49046427925e-09, 2.05884476134e-10],
        "stdev": [0.00152303418145, 0.0151503868401, 0.0407010912895, 0.279176026583, 0.881821930408, 4.17601966858, 25.5863666534, 47.8716125488, 120.907066345, 26.7332515717, 30.4084777832, 54.7647209167, 285.134887695, 177.886489868, 249.195327759, 161.768005371, 71.6106185913, 32.1604804993, 25.2405967712, 16.5993995667, 20.4412708282, 17.9766597748, 20.4597358704, 10.2148933411, 6.59151697159, 4.04765415192, 5.51092529297, 9.3112821579, 8.22178268433, 5.47554826736, 3.51175045967, 0.588347911835, 0.0552115924656, 0.0021172335837, 0.000272785400739, 0.000103005426354, 4.2704250518e-05, 1.5187632016e-05, 1.1587147128e-05, 2.46068411798e-05]
    },
    "gfcc": {
        "mean": [-166.05619812, 139.815216064, -181.487670898, 20.3580875397, -81.0517883301, -7.11033201218, -35.1724586487, -17.6832389832, -10.2446908951, -21.0868053436, 9.46866130829, -15.159236908, 6.23736476898],
        "cov": [[6633.90478516, -201.301422119, -1818.1171875, -114.873512268, 180.293014526, -555.155456543, 604.061523438, -602.718444824, 237.384674072, -323.316040039, 138.011779785, 297.520996094, -112.509048462], [-201.301422119, 743.06237793, 352.571075439, -168.014221191, 83.14894104, -109.357269287, -42.2868728638, 54.8625984192, -125.44278717, -9.91350269318, 41.063331604, -100.193344116, 17.0339832306], [-1818.1171875, 352.571075439, 894.811035156, 89.5121383667, -87.8204879761, 84.1077346802, -206.874191284, 159.0809021, -86.9250640869, 65.011177063, -23.2515525818, -99.3188400269, 15.6268882751], [-114.873512268, -168.014221191, 89.5121383667, 391.500671387, 28.7409305573, 103.333618164, -54.335521698, 15.1081161499, 38.9592208862, -38.0107803345, -77.6407470703, -26.6568984985, -53.1029090881], [180.293014526, 83.14894104, -87.8204879761, 28.7409305573, 176.741149902, 81.1238861084, 48.4640884399, 20.6619758606, -14.128692627, -12.0467338562, -9.06082057953, -26.264465332, -27.3706455231], [-555.155456543, -109.357269287, 84.1077346802, 103.333618164, 81.1238861084, 387.189544678, 68.3100128174, 56.1647567749, -30.198266983, 46.722328186, -40.5173568726, -64.8569946289, -50.9058532715], [604.061523438, -42.2868728638, -206.874191284, -54.335521698, 48.4640884399, 68.3100128174, 241.034500122, -30.4313774109, -14.0434980392, 1.71016573906, 8.8989315033, 15.6232624054, -32.3023719788], [-602.718444824, 54.8625984192, 159.0809021, 15.1081161499, 20.6619758606, 56.1647567749, -30.4313774109, 183.61831665, 30.2042121887, 27.8326816559, -27.2488765717, -42.054851532, 13.7754354477], [237.384674072, -125.44278717, -86.9250640869, 38.9592208862, -14.128692627, -30.198266983, -14.0434980392, 30.2042121887, 161.055084229, 31.1611709595, 8.97682857513, 40.1822967529, -7.71477460861], [-323.316040039, -9.91350269318, 65.011177063, -38.0107803345, -12.0467338562, 46.722328186, 1.71016573906, 27.8326816559, 31.1611709595, 111.708274841, 46.1738700867, -5.05201339722, -6.95794343948], [138.011779785, 41.063331604, -23.2515525818, -77.6407470703, -9.06082057953, -40.5173568726, 8.8989315033, -27.2488765717, 8.97682857513, 46.1738700867, 107.173805237, 64.7652893066, 11.5759143829], [297.520996094, -100.193344116, -99.3188400269, -26.6568984985, -26.264465332, -64.8569946289, 15.6232624054, -42.054851532, 40.1822967529, -5.05201339722, 64.7652893066, 138.649475098, 48.7399711609], [-112.509048462, 17.0339832306, 15.6268882751, -53.1029090881, -27.3706455231, -50.9058532715, -32.3023719788, 13.7754354477, -7.71477460861, -6.95794343948, 11.5759143829, 48.7399711609, 111.159301758]],
        "icov": [[0.00142532552127, -0.00116619409528, 0.00177545344923, -0.000849796051625, 0.00011648961663, 0.000849780102726, -0.00250127492473, 0.00266370060854, -0.00308351172134, 0.00347113073803, -0.00202197534963, 0.000580634688959, 0.000285908114165], [-0.00116619409528, 0.005941755604, -0.00446333782747, 0.00246987328865, -0.00446500582621, 0.00170696421992, 0.000568607880268, -0.00153430120554, 0.00226736534387, 0.000725671008695, -0.00357091240585, 0.00522405281663, -0.00196176464669], [0.00177545344923, -0.00446333782747, 0.00644993921742, -0.00280072493479, 0.00416091457009, -0.000639802310616, -0.000592912838329, 0.000903034990188, -0.00142595113721, 0.000863871711772, 0.000162390453625, -0.00233309925534, 0.0016447941307], [-0.000849796051625, 0.00246987328865, -0.00280072493479, 0.00536562176421, -0.00236906041391, -0.000777298992034, 0.00211148499511, -0.000589044822846, 0.000222547459998, 0.00041097778012, 0.00241912086494, -0.000255281745922, 0.00136685930192], [0.00011648961663, -0.00446500582621, 0.00416091457009, -0.00236906041391, 0.0117386961356, -0.00346672558226, 0.000751500774641, -0.00245017721318, 0.00101543881465, -0.000950219749939, 0.0016638195375, -0.00301033770666, 0.00206792633981], [0.000849780102726, 0.00170696421992, -0.000639802310616, -0.000777298992034, -0.00346672558226, 0.00597181217745, -0.00352886528708, 0.00122164690401, -0.000464304903289, 0.000535384053364, -0.00166324537713, 0.00262192380615, 4.63419237349e-05], [-0.00250127492473, 0.000568607880268, -0.000592912838329, 0.00211148499511, 0.000751500774641, -0.00352886528708, 0.0115738585591, -0.00551119307056, 0.00737164961174, -0.00817515607923, 0.00648449314758, -0.00512280408293, 0.00265934318304], [0.00266370060854, -0.00153430120554, 0.000903034990188, -0.000589044822846, -0.00245017721318, 0.00122164690401, -0.00551119307056, 0.0142557090148, -0.0099480682984, 0.00667191017419, -0.00306785525754, 0.0042757615447, -0.00271731358953], [-0.00308351172134, 0.00226736534387, -0.00142595113721, 0.000222547459998, 0.00101543881465, -0.000464304903289, 0.00737164961174, -0.0099480682984, 0.0184065345675, -0.0138442954049, 0.00826715119183, -0.00736157502979, 0.00302855041809], [0.00347113073803, 0.000725671008695, 0.000863871711772, 0.00041097778012, -0.000950219749939, 0.000535384053364, -0.00817515607923, 0.00667191017419, -0.0138442954049, 0.0295880883932, -0.0204817783087, 0.0121570825577, -0.00202066916972], [-0.00202197534963, -0.00357091240585, 0.000162390453625, 0.00241912086494, 0.0016638195375, -0.00166324537713, 0.00648449314758, -0.00306785525754, 0.00826715119183, -0.0204817783087, 0.0332426838577, -0.0207269955426, 0.00646409485489], [0.000580634688959, 0.00522405281663, -0.00233309925534, -0.000255281745922, -0.00301033770666, 0.00262192380615, -0.00512280408293, 0.0042757615447, -0.00736157502979, 0.0121570825577, -0.0207269955426, 0.0266162771732, -0.0108277658001], [0.000285908114165, -0.00196176464669, 0.0016447941307, 0.00136685930192, 0.00206792633981, 4.63419237349e-05, 0.00265934318304, -0.00271731358953, 0.00302855041809, -0.00202066916972, 0.00646409485489, -0.0108277658001, 0.0158059820533]]
    },
    "melbands": {
        "max": [0.000502672570292, 0.00022522060317, 0.000538130290806, 0.00186353945173, 0.00747232325375, 0.0115041965619, 0.0150118619204, 0.00797397550195, 0.00597316352651, 0.00716612720862, 0.0300534106791, 0.0127364657819, 0.0221031755209, 0.0073328986764, 0.00708266161382, 0.00197938992642, 0.000876247067936, 0.000935205083806, 0.000439947762061, 0.000243098242208, 0.000534095393959, 0.000261485081865, 0.000290903553832, 0.000179923546966, 0.000174837463419, 6.49306093692e-05, 4.58554459328e-05, 3.87647851312e-05, 5.1431281463e-05, 0.000104977792944, 0.000186355391634, 0.00014702520275, 8.17668551463e-05, 9.47761509451e-05, 7.07561703166e-05, 2.22271701205e-05, 5.3175690482e-06, 6.01193505645e-07, 2.23889760065e-08, 1.01951487252e-08],
        "mean": [5.2919922382e-06, 1.23696054288e-05, 4.2359046347e-05, 7.4569696153e-05, 0.000265578390099, 0.000539436528925, 0.000479173497297, 6.79908771417e-05, 5.7715762523e-05, 8.06087846286e-05, 0.000249027478276, 0.000143991797813, 0.000145822355989, 8.52250086609e-05, 7.40331597626e-05, 2.90841762762e-05, 2.07930606848e-05, 1.69180402736e-05, 1.0612638107e-05, 7.08547122485e-06, 9.23481729842e-06, 9.09142636374e-06, 5.54637654204e-06, 5.70362772123e-06, 3.66914173355e-06, 2.48238688982e-06, 1.30838202494e-06, 1.05684557639e-06, 1.02890408016e-06, 8.23396362648e-07, 7.46145872199e-07, 5.02585749018e-07, 3.05712092086e-07, 3.30043206986e-07, 2.74241870102e-07, 1.28457955384e-07, 5.07437007968e-08, 1.3173313107e-08, 1.63271451914e-09, 1.07527720061e-09],
        "min": [2.80957174192e-10, 1.12648605721e-13, 3.41840705048e-13, 1.69136324954e-13, 1.13623513538e-13, 8.0887743335e-13, 1.18526618641e-12, 6.6946020125e-13, 6.50293349985e-13, 5.70765006438e-13, 4.26672938517e-13, 5.64794196654e-13, 3.94466712983e-13, 3.5432542859e-13, 3.07354998657e-13, 1.61329689842e-13, 1.74587029404e-13, 1.17407047084e-13, 7.43838245664e-14, 3.84613775019e-14, 6.3258683773e-14, 4.92184960323e-14, 2.9589622175e-14, 3.84069607172e-14, 3.78605228223e-14, 6.57503158906e-14, 4.68256584495e-14, 5.43856036866e-14, 5.53819244967e-14, 3.15187634293e-14, 3.95724170663e-14, 2.49991593046e-14, 4.81357372039e-14, 2.09158895986e-14, 2.35624067729e-14, 5.86477616688e-14, 6.10733929792e-14, 4.47582712538e-14, 2.81379567812e-14, 5.17893155661e-14],
        "stdev": [1.44989917317e-05, 2.02623541554e-05, 7.54403299652e-05, 0.000138360104756, 0.00072910747258, 0.00130470027216, 0.00155617436394, 0.000327538320562, 0.00024930894142, 0.000404317805078, 0.00149072625209, 0.000791760219727, 0.00108171848115, 0.000443751079729, 0.000433759123553, 9.3169423053e-05, 6.12539442955e-05, 4.87956385768e-05, 2.8418176953e-05, 1.71631509147e-05, 3.19414139085e-05, 2.4069677238e-05, 1.46226248035e-05, 1.60706094903e-05, 8.82425501914e-06, 5.5377663557e-06, 3.70393740923e-06, 2.83153030978e-06, 3.16435102832e-06, 4.23674055128e-06, 6.14565897195e-06, 5.27161091668e-06, 3.15313718602e-06, 3.1957547435e-06, 2.49494769378e-06, 7.62676336308e-07, 2.03226761641e-07, 4.26443875767e-08, 1.38683886597e-09, 5.45075262703e-10]
    },
    "melbands128": {
        "max": [8.38252235553e-05, 0.000343817460816, 0.000841299362946, 0.000565803726204, 0.000265057606157, 0.000175494438736, 0.00024358544033, 0.00102264294401, 0.000562239612918, 0.00145617942326, 0.00328199355863, 0.0102924136445, 0.0102203721181, 0.0240526869893, 0.00844368338585, 0.0242799147964, 0.0364467762411, 0.00964031275362, 0.0108149722219, 0.0099585223943, 0.0116741536185, 0.00698869861662, 0.0120463501662, 0.007872287184, 0.0138475298882, 0.0157496258616, 0.0299610923976, 0.0611215680838, 0.0316466130316, 0.0220791418105, 0.0250770077109, 0.0374338887632, 0.0440242029727, 0.0136601654813, 0.0142415892333, 0.0133795458823, 0.0184544175863, 0.0151287615299, 0.00802250392735, 0.00358779844828, 0.00415226863697, 0.00245711486787, 0.00207010074519, 0.00100563257001, 0.00201839930378, 0.000801277928986, 0.000875332159922, 0.000586113485042, 0.000758840469643, 0.000512647791766, 0.000219298904995, 0.000362768070772, 0.000587783637457, 0.00135889917146, 0.000981120741926, 0.000293542252621, 0.0002441763354, 0.000384386832593, 0.000407272949815, 0.000616196542978, 0.000262051878963, 0.000229705547099, 0.000419933727244, 0.000160759416758, 0.000158120965352, 9.76751325652e-05, 0.00017356191529, 7.11394895916e-05, 5.73603865632e-05, 4.06612089137e-05, 6.19322963757e-05, 6.13956581219e-05, 7.33189008315e-05, 6.43257953925e-05, 0.000144766789163, 9.62255580816e-05, 0.000106011728349, 0.000167276739376, 0.000221159833018, 0.000272192555713, 0.000178648391739, 0.000103300364572, 0.000109181848529, 7.64551223256e-05, 7.05387210473e-05, 8.1590427726e-05, 0.000166823985637, 0.000113877795229, 6.11610303167e-05, 5.59237196285e-05, 2.84825982817e-05, 1.77641832124e-05, 1.06306761154e-05, 5.25084897163e-06, 1.84303985407e-06, 9.05260719719e-07, 5.51938740045e-07, 5.33283568416e-08, 2.24450467101e-08, 1.39097959817e-08, 1.24629488951e-08, 1.17956409085e-08, 9.93496040991e-09, 1.0725277555e-08, 8.75524808208e-09, 8.66771365793e-09, 7.40175432057e-09, 6.94744040075e-09, 8.51920578526e-09, 7.78933628709e-09, 7.32317539942e-09, 5.7771538664e-09, 5.89499249415e-09, 5.70193270377e-09, 4.88261386877e-09, 5.09162534357e-09, 6.57187904096e-09, 5.07970199237e-09, 2.26678387172e-09, 4.28540669617e-09, 4.23779278336e-09, 3.94116472791e-09, 1.44844736205e-09, 6.8330580083e-10, 6.68439692486e-10, 6.60185572876e-10, 6.5613103839e-10, 6.52099596543e-10],
        "mean": [5.32810190634e-07, 2.11471865441e-06, 5.49506648895e-06, 1.4536695744e-05, 1.37382376124e-05, 8.02347767603e-06, 1.78876507562e-05, 6.97865471011e-05, 5.65258851566e-05, 3.92140063923e-05, 9.60593170021e-05, 0.000190875347471, 0.000251294346526, 0.000473648309708, 0.000255900115008, 0.00067410164047, 0.00114456866868, 0.000216524262214, 3.51044254785e-05, 5.5372773204e-05, 0.000102974627225, 5.81755084568e-05, 4.80224880448e-05, 5.86036003369e-05, 6.12076037214e-05, 9.67146406765e-05, 0.000113177753519, 0.000294392812066, 0.000374701688997, 0.000118786469102, 6.17084806436e-05, 0.000161146541359, 0.000183782583917, 0.000109995213279, 9.24038104131e-05, 6.63521786919e-05, 9.10534072318e-05, 0.000110365152068, 3.38915451721e-05, 2.04200241569e-05, 3.95092065446e-05, 2.21720492846e-05, 1.44353834912e-05, 2.47920634138e-05, 2.44057009695e-05, 1.29982572616e-05, 1.13889427666e-05, 1.08412950794e-05, 1.1259790881e-05, 7.13591543899e-06, 6.34631396679e-06, 7.55902919991e-06, 5.6557478274e-06, 1.07088808363e-05, 1.5798921595e-05, 7.21373226042e-06, 6.59255692881e-06, 3.2789494071e-06, 5.01573504152e-06, 1.01431623989e-05, 5.9024764596e-06, 2.54640008279e-06, 3.58243914889e-06, 4.04690490541e-06, 3.7608567709e-06, 2.13907651414e-06, 2.33520586335e-06, 1.34212859848e-06, 1.25997905798e-06, 7.87235080679e-07, 8.84187841166e-07, 1.46201148254e-06, 1.00873614883e-06, 1.0056978681e-06, 9.25187180201e-07, 8.34955699247e-07, 7.46031048493e-07, 7.99107567673e-07, 7.7501965734e-07, 6.90640149514e-07, 5.38617882739e-07, 4.38708411821e-07, 3.55914153261e-07, 2.84500487169e-07, 2.59319506313e-07, 3.19222806411e-07, 3.59275276196e-07, 3.54951964709e-07, 2.77073638699e-07, 2.24944201932e-07, 1.4393609149e-07, 1.10177658996e-07, 7.85624791888e-08, 5.28665786703e-08, 3.19117674508e-08, 2.07061923163e-08, 8.81988349022e-09, 2.11237805026e-09, 1.50692458512e-09, 1.30620947392e-09, 1.18899079471e-09, 1.0912352133e-09, 8.86891116103e-10, 5.63756930028e-10, 9.50300393932e-11, 7.31919559682e-12, 6.51811070396e-12, 6.11937800779e-12, 6.73021404232e-12, 6.27689089941e-12, 5.95975916187e-12, 5.16921228044e-12, 5.10286648006e-12, 4.93410694247e-12, 4.4898819905e-12, 4.51923828221e-12, 5.15384870198e-12, 4.39853318698e-12, 3.02932310313e-12, 3.9529599212e-12, 3.85638049272e-12, 3.67715623575e-12, 2.47348691008e-12, 1.83290947524e-12, 1.70286733932e-12, 1.61944470421e-12, 1.57246806722e-12, 1.55886252257e-12],
        "min": [5.06706517023e-11, 3.17642689929e-10, 1.0716808517e-11, 3.68780120373e-14, 1.10190800711e-13, 6.41621087857e-14, 4.72838239916e-13, 4.22451895514e-13, 1.81353697793e-13, 1.57044394307e-13, 1.60111886856e-13, 1.18953200697e-13, 2.90982448098e-14, 1.72962325343e-13, 6.38424643012e-13, 1.18951083792e-12, 1.30640658881e-12, 1.12125261333e-12, 1.03785025279e-12, 6.5854038802e-13, 4.50754505336e-13, 6.05315168649e-13, 7.59826121292e-13, 2.18096455609e-13, 1.91223908453e-13, 6.24337495765e-13, 4.11643755107e-13, 3.8290410339e-13, 4.65507515347e-13, 4.42590679817e-13, 6.83371816166e-13, 6.4379854529e-13, 3.4943727599e-13, 2.44332874245e-13, 2.7896730607e-13, 4.79620141346e-13, 3.29336303237e-13, 3.21981536485e-13, 3.09011686682e-13, 1.02055286422e-13, 1.28001220192e-13, 2.2009596836e-13, 2.23576447069e-13, 1.28542914702e-13, 9.71978235203e-14, 1.21180992216e-13, 1.21031846654e-13, 1.09143766345e-13, 2.59045341872e-14, 4.21830505368e-14, 2.83826747641e-14, 5.20283414875e-14, 6.42869546659e-14, 5.35293143632e-14, 9.03300871602e-14, 4.1054775546e-14, 3.37793893334e-14, 2.09867032471e-14, 4.10736338875e-14, 1.53095716443e-14, 4.08970885044e-14, 4.40357555379e-14, 6.13446400339e-14, 2.23429537675e-14, 2.79716113688e-14, 7.37849858252e-14, 9.80505078713e-14, 3.18506614312e-14, 3.83659541582e-14, 5.07688610932e-14, 6.41230165212e-14, 5.95993591393e-14, 2.7820654851e-14, 8.33632276165e-14, 4.79771658599e-14, 1.28647347088e-14, 3.76958528411e-14, 3.74596966673e-14, 5.75714199621e-14, 1.5553002137e-14, 1.50151446859e-14, 2.6617768116e-14, 5.4501382926e-14, 6.15308110995e-14, 3.08860399821e-14, 2.38101842387e-14, 1.44360231776e-14, 1.9342934169e-14, 1.79406829833e-14, 2.7489834275e-14, 6.67556559076e-14, 6.61347875335e-14, 4.21990323544e-14, 7.02500869434e-14, 6.88343492991e-14, 5.02724591285e-14, 4.46376537621e-14, 2.73137191846e-14, 2.16384256433e-14, 4.01640526393e-14, 1.67388025234e-14, 7.50319538488e-14, 6.19267617329e-14, 4.15359038125e-14, 3.41260494256e-14, 6.51711012088e-14, 2.93823667653e-14, 2.67524937885e-14, 3.58306151405e-14, 4.71135683364e-14, 4.5713151824e-14, 6.57855524612e-14, 7.22784936828e-14, 7.13430304959e-14, 6.8845170992e-14, 5.11659840202e-14, 6.86303295552e-14, 6.71385486811e-14, 6.03209498952e-14, 7.2412080943e-14, 6.41108937856e-14, 3.84842507796e-14, 5.51861616301e-14, 5.47201783126e-14, 4.20654789756e-14, 1.94543427185e-14, 2.73625205644e-15, 6.40734433356e-17],
        "stdev": [3.24307848132e-06, 1.22465571621e-05, 2.08400470001e-05, 3.01203381241e-05, 2.64508053078e-05, 1.17323115774e-05, 3.28805544996e-05, 0.000144232122693, 9.15338605409e-05, 9.55783616519e-05, 0.00022936485766, 0.000563852197956, 0.00081532303011, 0.00193103402853, 0.000726969155949, 0.00226744730026, 0.00390365417115, 0.000763008953072, 0.000303931621602, 0.000336950499332, 0.000580248888582, 0.000316727004247, 0.000360053905752, 0.000307712500216, 0.000415228161728, 0.000641382066533, 0.0011725720251, 0.00228339200839, 0.0026408045087, 0.000902835279703, 0.000807446485851, 0.00148079812061, 0.00196383916773, 0.000693172798492, 0.000708050269168, 0.000628598383628, 0.000638114986941, 0.00084955553757, 0.000288740266114, 0.00012719600636, 0.000125842474517, 0.000106853098259, 8.45356553327e-05, 8.26722171041e-05, 0.000104714396002, 4.16902948928e-05, 4.1540217353e-05, 3.46351444023e-05, 3.76328134735e-05, 2.67462128249e-05, 1.65382843988e-05, 1.9932145733e-05, 2.18877576117e-05, 6.24010062893e-05, 6.50060319458e-05, 2.21681875701e-05, 1.93556406884e-05, 1.17954277812e-05, 2.00550948648e-05, 4.04574893764e-05, 1.85568715096e-05, 9.96352991933e-06, 1.47148493852e-05, 1.08550520963e-05, 1.20801178127e-05, 5.74432806388e-06, 9.58896816883e-06, 4.8401989261e-06, 4.54728342447e-06, 2.52260019806e-06, 2.69202200798e-06, 5.06616606799e-06, 3.20735307469e-06, 3.5417408526e-06, 4.91877017339e-06, 4.40469966634e-06, 4.30512591265e-06, 5.75032981942e-06, 6.35343303657e-06, 7.8793227658e-06, 6.11246741755e-06, 4.23718847742e-06, 4.067359896e-06, 3.05997764372e-06, 2.60240403804e-06, 2.83279655378e-06, 4.27053691965e-06, 3.6574058413e-06, 2.55030658991e-06, 1.89459910871e-06, 9.64820856098e-07, 5.62457159958e-07, 3.65797404811e-07, 2.20762316872e-07, 1.13781680966e-07, 7.11395884423e-08, 3.04200291623e-08, 3.08659386938e-09, 1.09852960062e-09, 7.76288144877e-10, 6.79400702364e-10, 6.48922193758e-10, 5.62324131703e-10, 4.05130512471e-10, 1.98939170692e-10, 1.85775395067e-10, 1.59112237275e-10, 1.49361842339e-10, 1.81965928436e-10, 1.6652011714e-10, 1.56609322732e-10, 1.24173976657e-10, 1.2643730507e-10, 1.22269083747e-10, 1.05091463309e-10, 1.09331592391e-10, 1.40199657439e-10, 1.08913211783e-10, 5.08919156816e-11, 9.22524487357e-11, 9.11145048299e-11, 8.48655520858e-11, 3.43157412208e-11, 1.54799263685e-11, 1.48382972576e-11, 1.46569839599e-11, 1.4563843187e-11, 1.44755327516e-11]
    },
    "mfcc": {
        "mean": [-782.136352539, 149.170684814, -37.719959259, 10.7248411179, -21.3103637695, -4.25082302094, -14.9111404419, -2.36193966866, -18.2231369019, -2.76421260834, -12.0354328156, -1.24698364735, -7.57013225555],
        "cov": [[7124.51611328, -391.893493652, -2005.98632812, 315.256896973, -741.868896484, 405.804870605, -309.885437012, 414.884796143, -333.283416748, -78.0937576294, -247.672668457, 255.832733154, -200.736984253], [-391.893493652, 934.637207031, 217.871200562, -70.9316864014, 70.6694564819, -230.204986572, 179.07258606, -133.523651123, -4.49008321762, -64.4187164307, 44.6472091675, -70.7232208252, 43.8328971863], [-2005.98632812, 217.871200562, 887.143615723, 26.8664398193, 212.544250488, -93.3440551758, 66.6847686768, -101.552757263, 62.5368041992, 28.3421726227, 41.4912452698, -74.9490280151, 66.1248855591], [315.256896973, -70.9316864014, 26.8664398193, 249.152084351, 30.0272274017, -9.53991603851, -67.0024719238, 37.1364555359, -11.7800970078, -9.97444343567, -32.7798271179, 12.1495628357, -16.2636184692], [-741.868896484, 70.6694564819, 212.544250488, 30.0272274017, 275.261505127, -29.7611808777, 8.45729923248, -7.88527727127, 57.2122192383, 31.1546554565, 40.0594787598, -23.9900302887, 4.70543050766], [405.804870605, -230.204986572, -93.3440551758, -9.53991603851, -29.7611808777, 270.996124268, 56.2627639771, 71.7746353149, -12.195807457, 40.2376022339, 15.9724149704, 22.3765525818, -9.45658493042], [-309.885437012, 179.07258606, 66.6847686768, -67.0024719238, 8.45729923248, 56.2627639771, 238.357437134, 1.7150105238, 30.1750717163, 6.87918376923, 47.3846244812, -41.4597091675, 7.58909368515], [414.884796143, -133.523651123, -101.552757263, 37.1364555359, -7.88527727127, 71.7746353149, 1.7150105238, 147.790298462, 25.2994232178, 6.77554559708, -7.94507837296, 26.7182750702, -6.61922740936], [-333.283416748, -4.49008321762, 62.5368041992, -11.7800970078, 57.2122192383, -12.195807457, 30.1750717163, 25.2994232178, 122.560081482, 46.4698829651, 23.6701984406, -10.4512262344, -9.52717113495], [-78.0937576294, -64.4187164307, 28.3421726227, -9.97444343567, 31.1546554565, 40.2376022339, 6.87918376923, 6.77554559708, 46.4698829651, 123.074234009, 42.6319274902, -1.02001154423, -2.06166601181], [-247.672668457, 44.6472091675, 41.4912452698, -32.7798271179, 40.0594787598, 15.9724149704, 47.3846244812, -7.94507837296, 23.6701984406, 42.6319274902, 119.892440796, 9.78772163391, -1.79875326157], [255.832733154, -70.7232208252, -74.9490280151, 12.1495628357, -23.9900302887, 22.3765525818, -41.4597091675, 26.7182750702, -10.4512262344, -1.02001154423, 9.78772163391, 115.499504089, 46.9813728333], [-200.736984253, 43.8328971863, 66.1248855591, -16.2636184692, 4.70543050766, -9.45658493042, 7.58909368515, -6.61922740936, -9.52717113495, -2.06166601181, -1.79875326157, 46.9813728333, 159.097686768]],
        "icov": [[0.00227397005074, -0.00265530636534, 0.00370239769109, -0.0026570642367, 0.00288166268729, -0.00315416231751, 0.00274636154063, -0.00380090693943, 0.00291786901653, -0.00253205606714, 0.00228335475549, -0.00162041222211, 0.00187464815099], [-0.00265530636534, 0.0052957162261, -0.00431454600766, 0.00313660176471, -0.00375296082348, 0.00566777260974, -0.00527854310349, 0.00524509279057, -0.00274885632098, 0.00352178420871, -0.00309243099764, 0.00208994629793, -0.00254860823043], [0.00370239769109, -0.00431454600766, 0.0077719995752, -0.00479861069471, 0.00369649147615, -0.00499900523573, 0.00415080972016, -0.00511433137581, 0.00419451110065, -0.00411810306832, 0.00350867351517, -0.00167503184639, 0.00205420423299], [-0.0026570642367, 0.00313660176471, -0.00479861069471, 0.00805856380612, -0.00402029557154, 0.00397038133815, -0.00221289158799, 0.00275701796636, -0.00240863556974, 0.00285249878652, -0.00158546702005, 0.00129053147975, -0.00132956786547], [0.00288166268729, -0.00375296082348, 0.00369649147615, -0.00402029557154, 0.00881344266236, -0.00425746198744, 0.00439271237701, -0.00520096020773, 0.00191847211681, -0.00331256678328, 0.00145472818986, -0.00132299109828, 0.00226194690913], [-0.00315416231751, 0.00566777260974, -0.00499900523573, 0.00397038133815, -0.00425746198744, 0.0115291513503, -0.00739112030715, 0.00342822005041, -0.00120413687546, 0.00151361664757, -0.00321725243703, 0.001314842375, -0.00222836970352], [0.00274636154063, -0.00527854310349, 0.00415080972016, -0.00221289158799, 0.00439271237701, -0.00739112030715, 0.0114531414583, -0.00556168379262, 0.00124848284759, -0.00182532903273, 0.000576909922529, 0.00081615766976, 0.0014377089683], [-0.00380090693943, 0.00524509279057, -0.00511433137581, 0.00275701796636, -0.00520096020773, 0.00342822005041, -0.00556168379262, 0.0166664067656, -0.00817405525595, 0.00547091802582, -0.00319264014252, 0.00137939944398, -0.00337901175953], [0.00291786901653, -0.00274885632098, 0.00419451110065, -0.00240863556974, 0.00191847211681, -0.00120413687546, 0.00124848284759, -0.00817405525595, 0.0163532048464, -0.00770231848583, 0.00319480197504, -0.00251537957229, 0.00357973552309], [-0.00253205606714, 0.00352178420871, -0.00411810306832, 0.00285249878652, -0.00331256678328, 0.00151361664757, -0.00182532903273, 0.00547091802582, -0.00770231848583, 0.0147788254544, -0.00637446157634, 0.00304390047677, -0.0028998835478], [0.00228335475549, -0.00309243099764, 0.00350867351517, -0.00158546702005, 0.00145472818986, -0.00321725243703, 0.000576909922529, -0.00319264014252, 0.00319480197504, -0.00637446157634, 0.0141618754715, -0.00501433620229, 0.00346753653139], [-0.00162041222211, 0.00208994629793, -0.00167503184639, 0.00129053147975, -0.00132299109828, 0.001314842375, 0.00081615766976, 0.00137939944398, -0.00251537957229, 0.00304390047677, -0.00501433620229, 0.0144507167861, -0.00609161751345], [0.00187464815099, -0.00254860823043, 0.00205420423299, -0.00132956786547, 0.00226194690913, -0.00222836970352, 0.0014377089683, -0.00337901175953, 0.00357973552309, -0.0028998835478, 0.00346753653139, -0.00609161751345, 0.00996952783316]]
    },
    "spectral_contrast_coeffs": {
        "max": [-0.34026247263, -0.388760983944, -0.417437016964, -0.592460751534, -0.606868803501, -0.432283699512],
        "mean": [-0.66476547718, -0.729463160038, -0.732460737228, -0.775560677052, -0.786534905434, -0.754377841949],
        "min": [-0.950300693512, -0.945623636246, -0.956610143185, -0.934265553951, -0.93620967865, -0.924595236778],
        "stdev": [0.10224339366, 0.098673902452, 0.0740361586213, 0.0564828924835, 0.0511526428163, 0.0722877159715]
    },
    "spectral_contrast_valleys": {
        "max": [-6.89785814285, -5.71802711487, -5.71634149551, -5.30268716812, -6.18713998795, -10.8311653137],
        "mean": [-8.78539562225, -7.70527029037, -8.4094877243, -8.8054599762, -9.00554180145, -12.3952283859],
        "min": [-18.2593631744, -17.2159461975, -17.0910053253, -17.2012062073, -16.6906757355, -17.7685031891],
        "stdev": [0.75918918848, 0.813650906086, 1.02618408203, 1.00896573067, 0.944083750248, 0.38365867734]
    }
},
"rhythm": {
    "beats_count": 118,
    "beats_loudness": {
        "max": 0.147506520152,
        "mean": 0.0122705595568,
        "min": 5.03053233842e-05,
        "stdev": 0.0237901862711
    },
    "bpm": 163.018554688,
    "bpm_histogram_first_peak_bpm": 161,
    "bpm_histogram_first_peak_weight": 0.433333337307,
    "bpm_histogram_second_peak_bpm": 178,
    "bpm_histogram_second_peak_spread": 0,
    "bpm_histogram_second_peak_weight": 0.0769230797887,
    "danceability": 0.80439299345,
    "onset_rate": 1.21422410011,
    "beats_loudness_band_ratio": {
        "max": [0.535745024681, 0.903740882874, 0.893315017223, 0.943625688553, 0.553719460964, 0.752168416977],
        "mean": [0.0706276968122, 0.379482239485, 0.333680212498, 0.217301502824, 0.0830090790987, 0.0337592326105],
        "min": [0.000251131743426, 0.000675600080285, 0.0218064375222, 0.002083116211, 0.0038732602261, 0.00137295236345],
        "stdev": [0.106802918017, 0.262045770884, 0.265396207571, 0.220435529947, 0.106159560382, 0.107485868037]
    },
