{
"metadata": {
    "version": {
        "essentia": "2.1-beta5",
        "essentia_git_sha": "Undefined",
        "extractor": "music 2.0"
    },
    "audio_properties": {
        "analysis": {
            "equal_loudness": 0,
            "length": 35.9909286499,
            "sample_rate": 44100,
            "start_time": 77.7404098511,
            "downmix": "mix"
        },
        "bit_rate": 192000,
        "length": 136.846817017,
        "lossless": 0,
        "number_channels": 2,
        "replay_gain": -5.33191871643,
        "sample_rate": 48000,
        "codec": "mp3",
        "md5_encoded": "78b395d8fadd410a407e1fb3c58bc56a"
    },
    "tags": {
        "file_name": "Monaco_Allons, Allons Les Enfants_Colette Deréal.mp3",
        "encoding": ["Lavf58.29.100"]
    }
},
"lowlevel": {
    "average_loudness": 0.548132777214,
    "barkbands_crest": {
        "max": 25.8983821869,
        "mean": 11.934463501,
        "min": 2.6866247654,
        "stdev": 5.72090053558
    },
    "barkbands_flatness_db": {
        "max": 0.396123111248,
        "mean": 0.21706430614,
        "min": 0.0671985819936,
        "stdev": 0.062746077776
    },
    "barkbands_kurtosis": {
        "max": 112.099754333,
        "mean": 4.5653181076,
        "min": -1.7704180479,
        "stdev": 8.69175338745
    },
    "barkbands_skewness": {
        "max": 9.19851303101,
        "mean": 1.48624014854,
        "min": -1.65134143829,
        "stdev": 1.268258214
    },
    "barkbands_spread": {
        "max": 66.6461257935,
        "mean": 14.7964143753,
        "min": 0.957556903362,
        "stdev": 10.0193080902
    },
    "dissonance": {
        "max": 0.499912708998,
        "mean": 0.440513819456,
        "min": 0.223042473197,
        "stdev": 0.0454602725804
    },
    "dynamic_complexity": 5.7568230629,
    "erbbands_crest": {
        "max": 30.9062385559,
        "mean": 11.8182258606,
        "min": 2.96691989899,
        "stdev": 5.79352998734
    },
    "erbbands_flatness_db": {
        "max": 0.427558630705,
        "mean": 0.268505960703,
        "min": 0.122128076851,
        "stdev": 0.0519532486796
    },
    "erbbands_kurtosis": {
        "max": 22.9131660461,
        "mean": 1.07407820225,
        "min": -1.89759659767,
        "stdev": 3.11085867882
    },
    "erbbands_skewness": {
        "max": 4.02110624313,
        "mean": 0.674834668636,
        "min": -2.70899796486,
        "stdev": 0.930800080299
    },
    "erbbands_spread": {
        "max": 112.836044312,
        "mean": 27.3177585602,
        "min": 3.10405158997,
        "stdev": 14.6507606506
    },
    "hfc": {
        "max": 140.699401855,
        "mean": 11.1646871567,
        "min": 0.00295898946933,
        "stdev": 17.7215423584
    },
    "loudness_ebu128": {
        "integrated": -21.2439556122,
        "loudness_range": 8.29186248779,
        "momentary": {
            "max": -13.5315284729,
            "mean": -23.6740970612,
            "min": -36.8964157104,
            "stdev": 4.77303552628
        },
        "short_term": {
            "max": -17.0468292236,
            "mean": -22.119058609,
            "min": -27.7947673798,
            "stdev": 2.57396793365
        }
    },
    "melbands_crest": {
        "max": 32.4673080444,
        "mean": 14.7953701019,
        "min": 3.1002342701,
        "stdev": 6.71066904068
    },
    "melbands_flatness_db": {
        "max": 0.434731274843,
        "mean": 0.224923878908,
        "min": 0.0540152005851,
        "stdev": 0.0776243433356
    },
    "melbands_kurtosis": {
        "max": 113.201286316,
        "mean": 9.08685588837,
        "min": -1.7984982729,
        "stdev": 11.9513282776
    },
    "melbands_skewness": {
        "max": 9.42073726654,
        "mean": 2.07821393013,
        "min": -0.503449440002,
        "stdev": 1.38547313213
    },
    "melbands_spread": {
        "max": 170.571228027,
        "mean": 21.3551292419,
        "min": 1.21876001358,
        "stdev": 17.5458278656
    },
    "pitch_salience": {
        "max": 0.831711113453,
        "mean": 0.542351722717,
        "min": 0.128001943231,
        "stdev": 0.134665593505
    },
    "silence_rate_20dB": {
        "max": 1,
        "mean": 1,
        "min": 1,
        "stdev": 0
    },
    "silence_rate_30dB": {
        "max": 1,
        "mean": 0.989684045315,
        "min": 0,
        "stdev": 0.101042889059
    },
    "silence_rate_60dB": {
        "max": 1,
        "mean": 0.359123140574,
        "min": 0,
        "stdev": 0.479743540287
    },
    "spectral_centroid": {
        "max": 4100,
        "mean": 1311.2598877,
        "min": 279.923950195,
        "stdev": 636.414855957
    },
    "spectral_complexity": {
        "max": 48,
        "mean": 10.0934877396,
        "min": 0,
        "stdev": 8.35070133209
    },
    "spectral_decrease": {
        "max": -1.41847460427e-12,
        "mean": -3.08170466923e-09,
        "min": -3.38029728653e-08,
        "stdev": 4.65351135404e-09
    },
    "spectral_energy": {
        "max": 0.138823673129,
        "mean": 0.0126437386498,
        "min": 5.62203331356e-06,
        "stdev": 0.0190834142268
    },
    "spectral_energyband_high": {
        "max": 0.00347841647454,
        "mean": 0.000150334279169,
        "min": 1.04574034765e-07,
        "stdev": 0.000322965148371
    },
    "spectral_energyband_low": {
        "max": 0.00612184451893,
        "mean": 9.29463130888e-05,
        "min": 8.63203638346e-07,
        "stdev": 0.000387542298995
    },
    "spectral_energyband_middle_high": {
        "max": 0.126586392522,
        "mean": 0.00439189514145,
        "min": 5.74167529521e-07,
        "stdev": 0.0114356679842
    },
    "spectral_energyband_middle_low": {
        "max": 0.114183440804,
        "mean": 0.00839460641146,
        "min": 1.67867870005e-06,
        "stdev": 0.0135586429387
    },
    "spectral_entropy": {
        "max": 8.44016647339,
        "mean": 7.15207004547,
        "min": 5.38541221619,
        "stdev": 0.541568517685
    },
    "spectral_flux": {
        "max": 0.34394723177,
        "mean": 0.0554064586759,
        "min": 0.00200686580501,
        "stdev": 0.0460787527263
    },
    "spectral_kurtosis": {
        "max": 29.1838150024,
        "mean": 5.80850505829,
        "min": -1.3651239872,
        "stdev": 5.16096544266
    },
    "spectral_rms": {
        "max": 0.0116377715021,
        "mean": 0.00282497075386,
        "min": 7.40601826692e-05,
        "stdev": 0.00208683568053
    },
    "spectral_rolloff": {
        "max": 7558.15429688,
        "mean": 1577.88012695,
        "min": 258.3984375,
        "stdev": 1167.99804688
    },
    "spectral_skewness": {
        "max": 3.86902976036,
        "mean": 1.39870095253,
        "min": -0.0770934000611,
        "stdev": 0.661429047585
    },
    "spectral_spread": {
        "max": 9668517,
        "mean": 2922043.5,
        "min": 1570516.875,
        "stdev": 850940.125
    },
    "spectral_strongpeak": {
        "max": 11.3286600113,
        "mean": 1.19077932835,
        "min": 0.00215750280768,
        "stdev": 1.48144114017
    },
    "zerocrossingrate": {
        "max": 0.205078125,
        "mean": 0.0558441393077,
        "min": 0.01025390625,
        "stdev": 0.0294691137969
    },
    "barkbands": {
        "max": [3.83309015888e-05, 0.00100682221819, 0.00234346021898, 0.00854954216629, 0.0409541800618, 0.0553105063736, 0.0921466499567, 0.0715634971857, 0.100729495287, 0.111757285893, 0.0401899367571, 0.015845252201, 0.0318160951138, 0.0354577042162, 0.0109983375296, 0.00606375001371, 0.0105719603598, 0.0147911347449, 0.00292890402488, 0.00171649677213, 0.000944296480156, 0.00129416328855, 0.00081120361574, 0.000188413236174, 1.5342103552e-06, 2.65261519417e-07, 2.6928682928e-07],
        "mean": [1.19077560612e-06, 1.13353098641e-05, 3.23568638123e-05, 0.000140368356369, 0.00108457030728, 0.00178014056291, 0.00166932912543, 0.00136458594352, 0.00175811722875, 0.00175433279946, 0.000447156577138, 0.000403001147788, 0.000336534285452, 0.000473337247968, 0.000244870607276, 0.000221673952183, 0.000262861605734, 0.000308227434289, 0.000142290271469, 0.000111270084744, 4.23478522862e-05, 2.58803847828e-05, 2.30561527133e-05, 4.86752378492e-06, 3.36740839657e-08, 5.74677083698e-10, 6.00755001301e-10],
        "min": [1.68427660707e-09, 5.80333754385e-08, 4.29011350889e-08, 1.55369235699e-07, 1.60369609148e-07, 1.33034632199e-07, 9.97490730015e-08, 7.90221719171e-08, 1.49011839312e-07, 6.38295389876e-08, 3.83894693812e-08, 4.10377261062e-08, 2.11478070611e-08, 4.45679866345e-08, 4.21090433633e-08, 2.19996003636e-08, 3.08558263384e-08, 2.10309067938e-08, 2.66918434022e-08, 2.15907327572e-08, 2.13394049098e-08, 1.50936649845e-08, 1.96352214488e-08, 1.92085085615e-08, 6.51633058624e-09, 3.25861664041e-11, 4.46802178589e-11],
        "stdev": [1.95737243303e-06, 4.04430320486e-05, 0.000147451821249, 0.000561222084798, 0.00246470444836, 0.00534947915003, 0.0075974650681, 0.00491515919566, 0.00584083329886, 0.0094053382054, 0.00193754269276, 0.00106198352296, 0.00134845881257, 0.00168923672754, 0.000596866360866, 0.000543234986253, 0.0007053942536, 0.000846188399009, 0.000279093947029, 0.000214947285713, 0.000100674224086, 7.63056523283e-05, 5.66734634049e-05, 1.31338210849e-05, 4.16360883548e-08, 6.79362965883e-09, 6.90302526252e-09]
    },
    "erbbands": {
        "max": [0.014944405295, 0.28991112113, 2.12547016144, 16.6554851532, 66.9669418335, 203.099822998, 288.654052734, 653.909851074, 1618.21276855, 1271.93969727, 1322.98193359, 1661.7512207, 4101.25927734, 3064.95214844, 506.362823486, 574.938354492, 704.003417969, 1203.22509766, 1110.29528809, 257.362304688, 380.18951416, 758.489257812, 868.489318848, 299.822387695, 109.167114258, 86.9834594727, 48.1302337646, 48.4187507629, 37.2244338989, 35.3017539978, 16.5127601624, 7.72062540054, 1.06493759155, 0.0319149643183, 0.00667060166597, 0.001092573395, 0.000491557701025, 0.000171117702848, 7.41877956898e-05, 0.000164244949701],
        "mean": [0.000220642003114, 0.00340146152303, 0.0312979370356, 0.26217135787, 1.31675887108, 4.13276576996, 9.62644290924, 16.025806427, 23.4961853027, 26.6524372101, 29.2937068939, 36.1298942566, 62.1596107483, 32.9879074097, 17.2643661499, 14.5461568832, 15.7897930145, 19.4174518585, 18.591878891, 13.3039579391, 12.6983976364, 16.9190311432, 17.1359882355, 10.4531869888, 6.07677125931, 5.16557073593, 2.39245462418, 1.53945612907, 0.973079621792, 0.819673895836, 0.585966587067, 0.21396741271, 0.0292652528733, 0.00145292468369, 0.000203106712434, 2.34374929278e-05, 8.79620438354e-06, 2.92229788101e-06, 7.1824179031e-06, 1.51452240971e-05],
        "min": [1.98608995561e-06, 2.45917472057e-05, 0.000103273683635, 0.000436921778601, 0.000532708945684, 0.000669316446874, 0.00109699822497, 0.000897281395737, 0.0015839652624, 0.00310327927582, 0.00246264552698, 0.00326449959539, 0.00355925573967, 0.00137533084489, 0.00203020591289, 0.0025018081069, 0.00156387186144, 0.00211302703246, 0.0024084802717, 0.00254847924225, 0.000980515265837, 0.00199598656036, 0.00164327281527, 0.00141103425995, 0.00122554146219, 0.00100678403396, 0.000870996504091, 0.000737035414204, 0.000595925666858, 0.000602437008638, 0.00054469530005, 0.000387735664845, 0.000347414985299, 0.000190620179637, 5.08875091327e-05, 2.00449812837e-06, 2.49144136433e-07, 6.13243642533e-08, 2.44432012408e-08, 8.71439187478e-09],
        "stdev": [0.000555161503144, 0.0129835652187, 0.133304789662, 1.06546521187, 4.82131290436, 10.1325588226, 25.140422821, 52.8930130005, 126.804908752, 82.372177124, 91.5918426514, 114.679328918, 274.971557617, 179.799530029, 44.9325904846, 34.5661201477, 51.3513183594, 65.3268432617, 63.1311073303, 26.3036499023, 30.8983364105, 46.5063400269, 47.683177948, 23.0933380127, 11.2870740891, 9.78783988953, 5.20947265625, 4.38502788544, 2.73948764801, 2.23602986336, 1.39862668514, 0.53277361393, 0.0828872323036, 0.00262986659072, 0.000240287263296, 4.08983578382e-05, 1.69613140315e-05, 5.92488368056e-06, 1.05792960312e-05, 2.27151776926e-05]
    },
    "gfcc": {
        "mean": [-138.84135437, 131.001449585, -193.982971191, 26.0525493622, -84.958114624, -19.2492084503, -34.4687080383, -20.4075088501, -3.14774179459, -28.53074646, 4.72772836685, -16.0189990997, -1.0693513155],
        "cov": [[6169.49365234, -192.526046753, -1864.2947998, -350.86920166, -11.8672161102, -655.411682129, 387.451904297, -351.546173096, 257.81072998, -288.94430542, 79.641242981, 51.2217483521, -65.5563049316], [-192.526046753, 609.259460449, 276.914520264, -275.347869873, 96.1425933838, -175.932983398, -24.779083252, 24.1782989502, -60.0400390625, -8.97590351105, -12.3182344437, -94.0947494507, -4.3084230423], [-1864.2947998, 276.914520264, 1054.00256348, 199.815078735, -100.937194824, 154.909484863, -233.504013062, 43.0677909851, -59.0147476196, 44.6956558228, -62.6291923523, -42.3735046387, -3.46304035187], [-350.86920166, -275.347869873, 199.815078735, 619.19519043, -23.0953979492, 197.575073242, -109.09677124, -111.6954422, 11.8823156357, 8.51533508301, -56.6785125732, 47.5806159973, -23.4748630524], [-11.8672161102, 96.1425933838, -100.937194824, -23.0953979492, 231.184967041, -40.3583564758, 7.72358989716, 40.6602249146, -23.2454013824, 19.1743278503, 9.39118480682, -5.59088039398, 14.0198831558], [-655.411682129, -175.932983398, 154.909484863, 197.575073242, -40.3583564758, 489.614685059, 83.5193786621, -26.7643413544, -60.3927955627, 32.1590919495, -55.1075553894, -9.54127120972, -36.6791496277], [387.451904297, -24.779083252, -233.504013062, -109.09677124, 7.72358989716, 83.5193786621, 233.868331909, 33.6139373779, -44.3796424866, -3.76729869843, -1.86540210247, -16.2257461548, -23.3936576843], [-351.546173096, 24.1782989502, 43.0677909851, -111.6954422, 40.6602249146, -26.7643413544, 33.6139373779, 179.835479736, 26.930229187, 24.6450901031, 18.1769657135, -14.8822088242, 9.65436267853], [257.81072998, -60.0400390625, -59.0147476196, 11.8823156357, -23.2454013824, -60.3927955627, -44.3796424866, 26.930229187, 140.561798096, 20.6942005157, -0.657267689705, 7.25645971298, -2.5617172718], [-288.94430542, -8.97590351105, 44.6956558228, 8.51533508301, 19.1743278503, 32.1590919495, -3.76729869843, 24.6450901031, 20.6942005157, 101.797576904, 22.2179889679, -11.0514726639, -5.61978149414], [79.641242981, -12.3182344437, -62.6291923523, -56.6785125732, 9.39118480682, -55.1075553894, -1.86540210247, 18.1769657135, -0.657267689705, 22.2179889679, 104.375350952, 57.5554351807, 12.7563686371], [51.2217483521, -94.0947494507, -42.3735046387, 47.5806159973, -5.59088039398, -9.54127120972, -16.2257461548, -14.8822088242, 7.25645971298, -11.0514726639, 57.5554351807, 125.067825317, 54.0836181641], [-65.5563049316, -4.3084230423, -3.46304035187, -23.4748630524, 14.0198831558, -36.6791496277, -23.3936576843, 9.65436267853, -2.5617172718, -5.61978149414, 12.7563686371, 54.0836181641, 90.1561965942]],
        "icov": [[0.00104686699342, -0.000126083526993, 0.00086286169244, -0.000138262170367, -0.000176038534846, 0.000967198400758, -0.00210211169906, 0.00263765989803, -0.00282173254527, 0.00260326592252, -0.00145387963858, 0.000968742650002, 5.19700115547e-05], [-0.000126083526993, 0.00617537088692, -0.00400911038741, 0.00288836495019, -0.00430019199848, 0.00216846494004, -0.0029758871533, 0.00389687670395, -0.000948852160946, 0.00159313157201, -0.00133642565925, 0.00335711077787, -0.00058949587401], [0.00086286169244, -0.00400911038741, 0.00545314000919, -0.00208855536766, 0.0039863102138, -0.00121994537767, 0.00347150978632, -0.00254032225348, 0.00105422339402, -0.000387612992199, 0.00138414732646, -0.00163770199288, 0.000950459216256], [-0.000138262170367, 0.00288836495019, -0.00208855536766, 0.00430505117401, -0.0024412360508, -3.25432120007e-05, 0.000155032001203, 0.00270860246383, -0.000498062639963, -0.000144884717884, 0.00191882881336, -0.00154080288485, 0.00182441133074], [-0.000176038534846, -0.00430019199848, 0.0039863102138, -0.0024412360508, 0.00884631462395, -0.00136167427991, 0.00434403400868, -0.00585041288286, 0.00443327566609, -0.00378851499408, 0.00246334052645, -0.00246169092134, 2.60119359154e-05], [0.000967198400758, 0.00216846494004, -0.00121994537767, -3.25432120007e-05, -0.00136167427991, 0.00524555612355, -0.00523586478084, 0.00407859589905, -0.00201072054915, 0.00145926501136, -6.65606712573e-05, 0.000910372880753, 0.000799206260126], [-0.00210211169906, -0.0029758871533, 0.00347150978632, 0.000155032001203, 0.00434403400868, -0.00523586478084, 0.0163576025516, -0.0112570878118, 0.0113717447966, -0.00787903368473, 0.00702095916495, -0.00575795164332, 0.00343991001137], [0.00263765989803, 0.00389687670395, -0.00254032225348, 0.00270860246383, -0.00585041288286, 0.00407859589905, -0.0112570878118, 0.01872763969, -0.0125067541376, 0.00843105092645, -0.00776675110683, 0.0069145001471, -0.00252427067608], [-0.00282173254527, -0.000948852160946, 0.00105422339402, -0.000498062639963, 0.00443327566609, -0.00201072054915, 0.0113717447966, -0.0125067541376, 0.020471451804, -0.0120817618445, 0.0095001347363, -0.00703408708796, 0.00330028636381], [0.00260326592252, 0.00159313157201, -0.000387612992199, -0.000144884717884, -0.00378851499408, 0.00145926501136, -0.00787903368473, 0.00843105092645, -0.0120817618445, 0.0213923752308, -0.0120220612735, 0.00928114913404, -0.0027244456578], [-0.00145387963858, -0.00133642565925, 0.00138414732646, 0.00191882881336, 0.00246334052645, -6.65606712573e-05, 0.00702095916495, -0.00776675110683, 0.0095001347363, -0.0120220612735, 0.0246147047728, -0.0169208310544, 0.00786347873509], [0.000968742650002, 0.00335711077787, -0.00163770199288, -0.00154080288485, -0.00246169092134, 0.000910372880753, -0.00575795164332, 0.0069145001471, -0.00703408708796, 0.00928114913404, -0.0169208310544, 0.0249456427991, -0.0132723487914], [5.19700115547e-05, -0.00058949587401, 0.000950459216256, 0.00182441133074, 2.60119359154e-05, 0.000799206260126, 0.00343991001137, -0.00252427067608, 0.00330028636381, -0.0027244456578, 0.00786347873509, -0.0132723487914, 0.0198702830821]]
    },
    "melbands": {
        "max": [0.000207680772291, 0.000858610321302, 0.00418744841591, 0.00844302680343, 0.00750653911382, 0.0129292765632, 0.0218389108777, 0.0157542489469, 0.00859757978469, 0.0129778655246, 0.0203189942986, 0.0146152637899, 0.00323554803617, 0.00222911476158, 0.00175455980934, 0.00322092766874, 0.00261552841403, 0.00236565782689, 0.000450251885923, 0.00032337786979, 0.000451408850495, 0.000862405751832, 0.000307205162244, 0.00114130985457, 0.000212537008338, 0.000143809491419, 8.4675848484e-05, 7.54710199544e-05, 4.72162355436e-05, 2.03433410206e-05, 3.34167780238e-05, 2.70736145467e-05, 1.78340796992e-05, 1.98964935407e-05, 1.02047551991e-05, 6.60149908072e-06, 3.74474393539e-06, 8.90027479272e-07, 2.67240363172e-08, 2.99272606696e-08],
        "mean": [2.52361837738e-06, 1.3678657524e-05, 7.36755027901e-05, 0.000183286858373, 0.000316343037412, 0.00036449363688, 0.000348480971297, 0.000301760941511, 0.000232362901443, 0.000239580069319, 0.000320511811879, 0.000147632468725, 6.15611716057e-05, 4.3830339564e-05, 3.89619999623e-05, 3.24388638546e-05, 3.70470879716e-05, 3.4838602005e-05, 1.85086137208e-05, 1.49490715557e-05, 1.430350585e-05, 1.71508600033e-05, 1.44533587445e-05, 1.61933621712e-05, 7.55342307457e-06, 5.33712864126e-06, 3.81851850761e-06, 3.32683725901e-06, 1.75607203801e-06, 8.48131833209e-07, 8.94078084457e-07, 5.60350940759e-07, 4.55620494222e-07, 4.69723033802e-07, 3.77718407663e-07, 2.0876117901e-07, 9.99894780307e-08, 2.29041070554e-08, 9.56833168253e-10, 4.55216392359e-10],
        "min": [3.42898616168e-08, 6.08943295788e-08, 8.65359623958e-08, 3.90568750674e-08, 3.60548888523e-08, 2.16278817078e-08, 2.20707114806e-08, 2.93344175617e-08, 1.86095228116e-08, 2.09685282471e-08, 1.30030066714e-08, 4.74235628545e-09, 5.11872322306e-09, 4.82384132638e-09, 4.26055857261e-09, 2.8728448509e-09, 4.03642586022e-09, 3.6722724861e-09, 3.26024784947e-09, 1.50797274667e-09, 9.72622204998e-10, 1.78687753483e-09, 2.05571226708e-09, 1.02234798405e-09, 1.1541838596e-09, 9.90217241537e-10, 7.68067887069e-10, 6.45887343609e-10, 5.08047048875e-10, 4.25563306816e-10, 3.7378092288e-10, 3.24270083008e-10, 2.99803459836e-10, 2.85691692525e-10, 3.06550340667e-10, 2.86798890192e-10, 2.10776840426e-10, 2.21253987354e-10, 1.20018370242e-10, 7.59421067698e-11],
        "stdev": [7.80201753514e-06, 5.63459943805e-05, 0.000276111328276, 0.000475465756608, 0.000738104165066, 0.00115456338972, 0.00173350586556, 0.000949360663071, 0.000677624484524, 0.000815972918645, 0.00143644900527, 0.000851212418638, 0.000202232928132, 0.000126247381559, 0.000106987092295, 0.00013298894919, 0.000132342247525, 0.0001380895701, 4.08002815675e-05, 3.57001299562e-05, 3.82419711968e-05, 5.28763666807e-05, 2.95994595945e-05, 5.57242383366e-05, 1.61750813277e-05, 1.14612530524e-05, 7.29151270207e-06, 7.06399077899e-06, 4.30389718531e-06, 2.05973674383e-06, 2.82512428385e-06, 1.70710006842e-06, 1.23174959299e-06, 1.28200508698e-06, 9.24780181322e-07, 4.8285886578e-07, 2.77083074707e-07, 7.12456511565e-08, 1.46176137861e-09, 7.9213735571e-10]
    },
    "melbands128": {
        "max": [2.13580260606e-05, 6.67061540298e-05, 0.000263660884229, 0.000529912183993, 0.00085471366765, 0.00134365400299, 0.00349301798269, 0.00478874985129, 0.00943587068468, 0.00773369288072, 0.0147571312264, 0.00827609375119, 0.0139025431126, 0.0158538669348, 0.0167510733008, 0.0253765694797, 0.0407453663647, 0.0367934033275, 0.0130623802543, 0.0221242159605, 0.0260159783065, 0.0259812064469, 0.00785894319415, 0.0156031483784, 0.0195883587003, 0.0200092718005, 0.0354438461363, 0.0406701937318, 0.0326540842652, 0.0342478081584, 0.0252777617425, 0.0107315964997, 0.00383712770417, 0.00261946045794, 0.00406782422215, 0.00372127699666, 0.00139062816743, 0.00318758422509, 0.00291853374802, 0.00354043836705, 0.00401861965656, 0.00881424546242, 0.00192629429512, 0.0064837038517, 0.00558498967439, 0.00492791412398, 0.00142912974115, 0.000966532330494, 0.000907883921172, 0.000824699003715, 0.000547489325982, 0.00103898427915, 0.00122750888113, 0.00098404660821, 0.000691595545504, 0.00191598827951, 0.00154588161968, 0.000466153171146, 0.000424342521001, 0.00132465129718, 0.00259867939167, 0.00134077866096, 0.000235116807744, 0.000375490752049, 0.000334503798513, 0.00033347637509, 8.91239833436e-05, 0.000202108509257, 0.000134960151627, 0.000108433727291, 0.00010918238695, 0.000125882172142, 0.000100649762317, 4.30234395026e-05, 2.21302379941e-05, 2.88067403744e-05, 2.82476394204e-05, 5.02845614392e-05, 4.46602061857e-05, 6.28752022749e-05, 4.36722184531e-05, 1.71525443875e-05, 2.3164004233e-05, 1.63903969224e-05, 3.1377072446e-05, 4.11312794313e-05, 1.13842352221e-05, 2.32202764892e-05, 1.03568136183e-05, 9.61950536293e-06, 8.62105298438e-06, 5.50402046429e-06, 6.26503288004e-06, 4.35728088632e-06, 3.84606801163e-06, 1.61356399531e-06, 5.00369083056e-07, 5.35765209975e-08, 1.75396124291e-08, 5.00019758931e-09, 3.16352299912e-09, 4.77504968899e-08, 5.54131069919e-08, 3.16570414327e-09, 2.42769515602e-09, 2.18478524161e-09, 2.06795958135e-09, 1.9502264248e-09, 1.85537529784e-09, 1.77674053248e-09, 1.68544078694e-09, 1.61292679213e-09, 1.54297796762e-09, 1.47227829927e-09, 1.42448042251e-09, 1.35524458322e-09, 1.31833322037e-09, 1.27485244583e-09, 1.22662124902e-09, 1.19266774234e-09, 1.16666709626e-09, 1.13876752472e-09, 1.11385800583e-09, 1.0862263311e-09, 1.06929398669e-09, 1.0538576678e-09, 1.04382935628e-09, 1.03757236136e-09],
        "mean": [5.8075340803e-07, 1.36545145324e-06, 2.8002889394e-06, 5.69289250052e-06, 1.07077812572e-05, 1.77154506673e-05, 4.10992870457e-05, 8.26192263048e-05, 0.000136349932291, 0.000150351173943, 0.000242202877416, 0.000288236828055, 0.00032310874667, 0.000378645665478, 0.000346556626027, 0.000358912569936, 0.000409382366342, 0.00035695527913, 0.000242713271291, 0.000303142645862, 0.000334920390742, 0.000316201942042, 0.00016877874441, 0.000221303664148, 0.000209554418689, 0.000242871043156, 0.000332308380166, 0.000317967351293, 0.000361357320799, 0.000169917679159, 7.08122533979e-05, 8.98003127077e-05, 6.23036321485e-05, 3.54031071765e-05, 6.39138743281e-05, 3.68256150978e-05, 2.70508153335e-05, 4.81801107526e-05, 3.82078142138e-05, 3.36140146828e-05, 2.34855506278e-05, 4.43510871264e-05, 2.86879385385e-05, 3.67548927898e-05, 5.78070576012e-05, 3.06897636619e-05, 1.39260055221e-05, 1.84194232133e-05, 2.06622426049e-05, 1.8707867639e-05, 1.17060953926e-05, 1.40700276461e-05, 1.76864177774e-05, 1.31476217575e-05, 9.06454715732e-06, 2.05489504879e-05, 2.2559763238e-05, 1.15135308079e-05, 1.31207207232e-05, 1.53687215061e-05, 2.05055621336e-05, 1.41165264722e-05, 5.99042459726e-06, 6.22841298537e-06, 8.52687117003e-06, 5.91870229982e-06, 2.62719322563e-06, 3.96526138502e-06, 4.08391042583e-06, 3.74527735403e-06, 3.60315038961e-06, 3.04644777316e-06, 2.39099381361e-06, 1.56936766871e-06, 9.66657353274e-07, 7.26249368199e-07, 8.10050778455e-07, 1.03507215954e-06, 8.98737823718e-07, 8.07104527212e-07, 5.86111411849e-07, 4.23361569801e-07, 5.38679671536e-07, 4.5119301717e-07, 3.81592798249e-07, 4.91571256589e-07, 4.72190123446e-07, 5.0520145578e-07, 3.70655385495e-07, 2.97369780355e-07, 2.61911935695e-07, 1.72198284076e-07, 1.42394782188e-07, 1.08100195462e-07, 7.21372899193e-08, 3.59714640297e-08, 1.2316524689e-08, 1.64980329398e-09, 6.27632723571e-10, 5.11272524317e-10, 4.51804732515e-10, 4.69412231308e-10, 4.37195113445e-10, 3.38504169139e-10, 8.24239773656e-11, 4.55353463269e-12, 4.26173636311e-12, 4.09953711603e-12, 3.94702933532e-12, 3.78864691356e-12, 3.63909727005e-12, 3.50419975155e-12, 3.37122495718e-12, 3.24729544469e-12, 3.14905827109e-12, 3.04724127875e-12, 2.95502793242e-12, 2.83066452222e-12, 2.76251699467e-12, 2.68848289985e-12, 2.61656993815e-12, 2.5649322076e-12, 2.52615745162e-12, 2.45343394038e-12, 2.35031005075e-12, 2.20434326174e-12, 2.12097657146e-12, 2.09990054859e-12],
        "min": [2.62553284669e-10, 7.28693594354e-09, 1.35792432854e-09, 7.27633686637e-09, 4.27384927448e-09, 2.67365827256e-08, 2.55638674673e-08, 5.53558479055e-08, 1.46291299075e-08, 2.43087150409e-08, 2.44706335195e-08, 2.32588015514e-09, 3.53986884249e-09, 2.42953923646e-08, 1.34758497694e-08, 9.78437775245e-09, 1.30150095146e-08, 8.45718872711e-09, 3.69310049209e-09, 7.40140881916e-09, 1.12460183388e-08, 7.78126540979e-09, 1.02877173447e-08, 1.65645825945e-08, 1.07483417722e-08, 4.88025309053e-09, 4.38464775598e-09, 9.13876863073e-10, 5.41054667735e-09, 3.83925558012e-09, 2.9688760339e-09, 3.50490148016e-09, 3.61793528469e-09, 7.80730924355e-10, 4.84596363037e-10, 1.87229920456e-09, 2.26856267105e-09, 3.02115887862e-09, 7.7331946402e-10, 1.56885870961e-09, 1.52026669031e-09, 1.70887282103e-09, 3.99930355499e-09, 2.26244112334e-09, 1.87450788225e-09, 2.28532504032e-09, 9.34168298272e-10, 1.51767098888e-09, 2.17107176681e-09, 1.36794520156e-09, 7.75437158929e-10, 3.93450300118e-10, 6.96322999261e-10, 9.01981656032e-10, 1.48730650018e-09, 1.06180297887e-09, 1.36670297302e-09, 9.00448715591e-10, 8.18671630487e-10, 1.87600313062e-09, 5.82554782191e-10, 8.52758030856e-10, 8.1709744526e-10, 7.67070573726e-10, 7.68303642928e-10, 9.7444885494e-10, 6.4224348062e-10, 4.09501932364e-10, 8.4154733182e-10, 3.65684676984e-10, 3.59186180798e-10, 3.79572373532e-10, 3.0848093524e-10, 2.62010524388e-10, 3.61728674791e-10, 2.96311336578e-10, 3.42727846103e-10, 3.14630821396e-10, 2.27123916896e-10, 2.49533949059e-10, 3.06059760868e-10, 1.65220656601e-10, 2.88578994034e-10, 2.84177237297e-10, 1.55082280351e-10, 2.01819616574e-10, 1.65461463975e-10, 2.47631359862e-10, 2.39007952318e-10, 2.69764516281e-10, 2.7858687579e-10, 2.05910691276e-10, 2.58918858576e-10, 2.61585864081e-10, 1.36918115734e-10, 1.49632972679e-10, 1.83460385772e-10, 1.25319532529e-10, 4.36270334095e-12, 3.69156372138e-11, 5.33605104547e-11, 6.27587842805e-11, 6.62126534157e-11, 5.40932368343e-11, 9.08917093066e-13, 1.07144192607e-13, 1.23607775491e-13, 8.02125767608e-14, 1.26097998146e-13, 1.35098814189e-13, 1.25059535752e-13, 1.3938264605e-13, 1.3736635527e-13, 1.09648272721e-13, 1.34817301095e-13, 1.12690625332e-13, 1.18584355118e-13, 1.33985121717e-13, 1.49853640239e-13, 1.30024734469e-13, 1.35683619288e-13, 1.41410293848e-13, 1.11817700281e-13, 1.4163216227e-13, 1.10377859467e-13, 3.60465848251e-14, 5.37914244736e-15, 9.32274504948e-17],
        "stdev": [1.00505496903e-06, 2.70660211754e-06, 9.29882389755e-06, 2.34352464759e-05, 5.1905233704e-05, 8.24716189527e-05, 0.000204529293114, 0.000324640248436, 0.000600618426688, 0.000470045575639, 0.000711082248017, 0.000729121267796, 0.00101264682598, 0.00149727740791, 0.00134598242585, 0.0017759394832, 0.00257128174417, 0.00253076991066, 0.000943404738791, 0.00128747755662, 0.00142662401777, 0.00151694985107, 0.000617274898104, 0.000842430628836, 0.000996552058496, 0.0012297508074, 0.00165112083778, 0.00218071788549, 0.0022297448013, 0.00146702805068, 0.000774169631768, 0.000513594597578, 0.000221686874283, 0.000138741408591, 0.000232813123148, 0.000135201436933, 8.87654969119e-05, 0.000148862978676, 0.000165258694324, 0.000174055283424, 0.000140856122016, 0.000305731489789, 0.000101175879536, 0.000251202844083, 0.000282910594251, 0.000170223182067, 6.83899561409e-05, 5.7148419728e-05, 5.54748439754e-05, 5.48050156794e-05, 4.30569598393e-05, 6.70426379656e-05, 6.40611106064e-05, 5.01508366142e-05, 3.64217157767e-05, 9.05063934624e-05, 8.27452458907e-05, 3.26322406181e-05, 3.62070495612e-05, 6.08790251135e-05, 0.000101678153442, 5.96800236963e-05, 1.44435070979e-05, 1.98595025722e-05, 2.29925444728e-05, 1.78810187208e-05, 5.91480693402e-06, 1.05397884909e-05, 1.00661918623e-05, 8.05009676696e-06, 9.86904979072e-06, 9.10149810807e-06, 8.45603517519e-06, 3.8881553337e-06, 2.24435643759e-06, 2.06792014978e-06, 2.30943896895e-06, 3.37247138305e-06, 3.2470725273e-06, 3.26294980368e-06, 2.24954601435e-06, 1.15881300644e-06, 1.56641976901e-06, 1.24515065636e-06, 1.42853548368e-06, 1.83367751561e-06, 1.16949138373e-06, 1.45599278767e-06, 9.8249495295e-07, 7.79587026045e-07, 6.22809409379e-07, 4.10713653309e-07, 3.9750713654e-07, 3.13337153557e-07, 2.38245448259e-07, 1.16935744643e-07, 3.77561519826e-08, 3.29794946907e-09, 8.00186250594e-10, 3.65730862262e-10, 2.72695116488e-10, 1.28132315869e-09, 1.41449640889e-09, 1.97313998473e-10, 8.20666035128e-11, 5.59106996811e-11, 5.2931582728e-11, 4.99274753485e-11, 4.75044656389e-11, 4.54919921178e-11, 4.31639585186e-11, 4.13103544428e-11, 3.95238425321e-11, 3.77201256341e-11, 3.64926353025e-11, 3.4730017473e-11, 3.37822166074e-11, 3.26716084742e-11, 3.14418213687e-11, 3.05725028626e-11, 2.99051859665e-11, 2.91905319361e-11, 2.85533593297e-11, 2.78504962148e-11, 2.74186194582e-11, 2.70270819613e-11, 2.6771872913e-11, 2.66119279391e-11]
    },
    "mfcc": {
        "mean": [-751.222839355, 139.165603638, -49.7315254211, 22.287279129, -29.3824577332, -6.18349981308, -28.7419452667, 5.34225130081, -25.6551589966, 3.37231874466, -14.4668741226, -1.69451081753, -10.8636903763],
        "cov": [[7196.09619141, -316.138275146, -2045.5925293, 163.966720581, -858.978942871, 74.2679672241, -420.675964355, 273.652130127, -359.076141357, 193.973587036, -356.030090332, 71.7842254639, -169.524337769], [-316.138275146, 962.614990234, 9.12701702118, -160.649612427, 52.0176773071, -317.8125, 97.4617919922, -140.470870972, 25.1923999786, -33.000743866, 93.7143173218, -87.9769134521, -19.7925453186], [-2045.5925293, 9.12701702118, 1125.87927246, 41.0661430359, 217.03616333, 136.330551147, -13.7904272079, -63.0844116211, 74.8116378784, -75.5581436157, 32.0072021484, 14.3217315674, 25.9696235657], [163.966720581, -160.649612427, 41.0661430359, 329.913208008, 93.7772064209, 7.26855134964, -105.407348633, -16.7879161835, -26.8882274628, -35.6734771729, -52.8696975708, 2.7082157135, 48.6313095093], [-858.978942871, 52.0176773071, 217.03616333, 93.7772064209, 307.730621338, -22.8915195465, -21.4016933441, -48.7637748718, 32.6663703918, -24.4435081482, 31.6013336182, -12.9855670929, 27.0042934418], [74.2679672241, -317.8125, 136.330551147, 7.26855134964, -22.8915195465, 407.222869873, 47.8444519043, 45.6242828369, 17.6751327515, -11.1286115646, -28.5358924866, 28.9444942474, -5.38767528534], [-420.675964355, 97.4617919922, -13.7904272079, -105.407348633, -21.4016933441, 47.8444519043, 272.93560791, 26.294500351, 35.7474555969, -11.8327655792, 61.9374008179, -20.9473495483, 5.44776391983], [273.652130127, -140.470870972, -63.0844116211, -16.7879161835, -48.7637748718, 45.6242828369, 26.294500351, 140.644424438, -0.382630169392, 12.8936567307, -21.396736145, -1.9070482254, -11.4364519119], [-359.076141357, 25.1923999786, 74.8116378784, -26.8882274628, 32.6663703918, 17.6751327515, 35.7474555969, -0.382630169392, 136.635467529, 29.0203056335, 15.611574173, -4.31587409973, 16.4238624573], [193.973587036, -33.000743866, -75.5581436157, -35.6734771729, -24.4435081482, -11.1286115646, -11.8327655792, 12.8936567307, 29.0203056335, 130.385070801, 22.53191185, 3.6462199688, -28.8069877625], [-356.030090332, 93.7143173218, 32.0072021484, -52.8696975708, 31.6013336182, -28.5358924866, 61.9374008179, -21.396736145, 15.611574173, 22.53191185, 158.832351685, 21.8361549377, -34.7199134827], [71.7842254639, -87.9769134521, 14.3217315674, 2.7082157135, -12.9855670929, 28.9444942474, -20.9473495483, -1.9070482254, -4.31587409973, 3.6462199688, 21.8361549377, 110.046379089, 15.1275367737], [-169.524337769, -19.7925453186, 25.9696235657, 48.6313095093, 27.0042934418, -5.38767528534, 5.44776391983, -11.4364519119, 16.4238624573, -28.8069877625, -34.7199134827, 15.1275367737, 133.435699463]],
        "icov": [[0.00162589305546, -0.00160890433472, 0.00238419161178, -0.00183783483226, 0.00263401260599, -0.00203386577778, 0.00235514435917, -0.00225799065083, 0.00181969313417, -0.00160292338114, 0.00196327641606, -0.00179695384577, 0.00127244240139], [-0.00160890433472, 0.00381923723035, -0.00241995486431, 0.00274506118149, -0.00268940860406, 0.00353899225593, -0.00294791115448, 0.00402664672583, -0.00211754906923, 0.00240784743801, -0.00237731146626, 0.00306246476248, -0.00103968020994], [0.00238419161178, -0.00241995486431, 0.00469245715067, -0.00255972519517, 0.00314462417737, -0.00349813164212, 0.00374471116811, -0.00305354013108, 0.00208017695695, -0.00163683667779, 0.00266686105169, -0.00274005346, 0.00189261441119], [-0.00183783483226, 0.00274506118149, -0.00255972519517, 0.00670724594966, -0.00432737125084, 0.00256655248813, -0.00145300396252, 0.00319867162034, -0.00149975391105, 0.00274913082831, -0.00185114820488, 0.00272582354955, -0.00257375952788], [0.00263401260599, -0.00268940860406, 0.00314462417737, -0.00432737125084, 0.00893352460116, -0.00305436551571, 0.00406618695706, -0.00300168222748, 0.00205753813498, -0.0022630081512, 0.0018276812043, -0.00200734101236, 0.00151938537601], [-0.00203386577778, 0.00353899225593, -0.00349813164212, 0.00256655248813, -0.00305436551571, 0.00659835757688, -0.00427172193304, 0.00329195335507, -0.00277371332049, 0.00256810896099, -0.00170611671638, 0.00194256589748, -0.000740815419704], [0.00235514435917, -0.00294791115448, 0.00374471116811, -0.00145300396252, 0.00406618695706, -0.00427172193304, 0.0090902838856, -0.00477473204955, 0.00172446412034, -0.00110605068039, 0.000218123721424, -0.00107489246875, 0.000307435460854], [-0.00225799065083, 0.00402664672583, -0.00305354013108, 0.00319867162034, -0.00300168222748, 0.00329195335507, -0.00477473204955, 0.0128488875926, -0.00286637945101, 0.00214918307029, -0.00163369160146, 0.00335425138474, -0.000794886087533], [0.00181969313417, -0.00211754906923, 0.00208017695695, -0.00149975391105, 0.00205753813498, -0.00277371332049, 0.00172446412034, -0.00286637945101, 0.0112220337614, -0.00476538576186, 0.0021625875961, -0.00164357782342, -0.000365982588846], [-0.00160292338114, 0.00240784743801, -0.00163683667779, 0.00274913082831, -0.0022630081512, 0.00256810896099, -0.00110605068039, 0.00214918307029, -0.00476538576186, 0.011643987149, -0.00352254114114, 0.00207458576187, 0.000376939977286], [0.00196327641606, -0.00237731146626, 0.00266686105169, -0.00185114820488, 0.0018276812043, -0.00170611671638, 0.000218123721424, -0.00163369160146, 0.0021625875961, -0.00352254114114, 0.0119970273226, -0.00559428520501, 0.00443875929341], [-0.00179695384577, 0.00306246476248, -0.00274005346, 0.00272582354955, -0.00200734101236, 0.00194256589748, -0.00107489246875, 0.00335425138474, -0.00164357782342, 0.00207458576187, -0.00559428520501, 0.0136048421264, -0.00382064771838], [0.00127244240139, -0.00103968020994, 0.00189261441119, -0.00257375952788, 0.00151938537601, -0.000740815419704, 0.000307435460854, -0.000794886087533, -0.000365982588846, 0.000376939977286, 0.00443875929341, -0.00382064771838, 0.0108227394521]]
    },
    "spectral_contrast_coeffs": {
        "max": [-0.327198565006, -0.361815214157, -0.443028390408, -0.56661683321, -0.576142370701, -0.518622219563],
        "mean": [-0.632209181786, -0.715442717075, -0.74019408226, -0.776559472084, -0.773856341839, -0.701587498188],
        "min": [-0.886231303215, -0.927905201912, -0.917125403881, -0.909105181694, -0.902281403542, -0.879099905491],
        "stdev": [0.100561127067, 0.108456581831, 0.0839901417494, 0.0616975687444, 0.05910384655, 0.0702557265759]
    },
    "spectral_contrast_valleys": {
        "max": [-5.94186210632, -4.91433477402, -5.52361106873, -5.8780579567, -6.12709712982, -10.6895704269],
        "mean": [-8.74971580505, -7.49174690247, -8.16970729828, -8.39751720428, -8.40838432312, -12.5126571655],
        "min": [-10.705748558, -10.1122531891, -11.1059656143, -11.3905038834, -11.4149398804, -13.5200176239],
        "stdev": [0.682359874249, 0.865868508816, 0.983515322208, 0.964056015015, 0.974515616894, 0.421164900064]
    }
},
"rhythm": {
    "beats_count": 85,
    "beats_loudness": {
        "max": 0.101694099605,
        "mean": 0.0192824229598,
        "min": 0.000291963049676,
        "stdev": 0.021415784955
    },
    "bpm": 138.245391846,
    "bpm_histogram_first_peak_bpm": 140,
    "bpm_histogram_first_peak_weight": 0.509803891182,
    "bpm_histogram_second_peak_bpm": 133,
    "bpm_histogram_second_peak_spread": 0.214285671711,
    "bpm_histogram_second_peak_weight": 0.130952388048,
    "danceability": 1.13540589809,
    "onset_rate": 3.72195959091,
    "beats_loudness_band_ratio": {
        "max": [0.48191729188, 0.937440872192, 0.941039323807, 0.88283932209, 0.420540928841, 0.396250039339],
        "mean": [0.0474340505898, 0.247133553028, 0.403095006943, 0.196760520339, 0.118903964758, 0.045085016638],
        "min": [0.000118067080621, 0.00478992937133, 0.0184948928654, 0.00274524395354, 0.000606639019679, 0.000791950442363],
        "stdev": [0.0904216393828, 0.252212524414, 0.261341452599, 0.203573271632, 0.104091592133, 0.0700561255217]
    },
