{
"metadata": {
    "version": {
        "essentia": "2.1-beta5",
        "essentia_git_sha": "Undefined",
        "extractor": "music 2.0"
    },
    "audio_properties": {
        "analysis": {
            "equal_loudness": 0,
            "length": 24.2996826172,
            "sample_rate": 44100,
            "start_time": 175.240997314,
            "downmix": "mix"
        },
        "bit_rate": 192000,
        "length": 199.563919067,
        "lossless": 0,
        "number_channels": 2,
        "replay_gain": -6.6265296936,
        "sample_rate": 48000,
        "codec": "mp3",
        "md5_encoded": "14d0479f6b01aaa3a24dcf997fd2b15a"
    },
    "tags": {
        "file_name": "Italy_Al Di Là_Betty Curtis.mp3",
        "encoding": ["Lavf58.29.100"]
    }
},
"lowlevel": {
    "average_loudness": 0.90614759922,
    "barkbands_crest": {
        "max": 23.4850883484,
        "mean": 10.1103935242,
        "min": 2.71616363525,
        "stdev": 4.86037635803
    },
    "barkbands_flatness_db": {
        "max": 0.374821543694,
        "mean": 0.218031212687,
        "min": 0.0946721285582,
        "stdev": 0.0588248111308
    },
    "barkbands_kurtosis": {
        "max": 7.74910736084,
        "mean": 0.254226088524,
        "min": -1.68541622162,
        "stdev": 1.4163813591
    },
    "barkbands_skewness": {
        "max": 2.57435584068,
        "mean": 0.22726008296,
        "min": -1.58213019371,
        "stdev": 0.646823525429
    },
    "barkbands_spread": {
        "max": 32.1540336609,
        "mean": 13.084321022,
        "min": 3.7716794014,
        "stdev": 5.47401428223
    },
    "dissonance": {
        "max": 0.499981999397,
        "mean": 0.471266031265,
        "min": 0.348297357559,
        "stdev": 0.0245093721896
    },
    "dynamic_complexity": 3.6303691864,
    "erbbands_crest": {
        "max": 25.8841819763,
        "mean": 10.8205032349,
        "min": 3.54358100891,
        "stdev": 4.32841587067
    },
    "erbbands_flatness_db": {
        "max": 0.435961663723,
        "mean": 0.304319471121,
        "min": 0.170905545354,
        "stdev": 0.0512409843504
    },
    "erbbands_kurtosis": {
        "max": 8.0520772934,
        "mean": 0.193076491356,
        "min": -1.76889276505,
        "stdev": 1.3515740633
    },
    "erbbands_skewness": {
        "max": 1.92053878307,
        "mean": 0.112217150629,
        "min": -1.87110877037,
        "stdev": 0.567616343498
    },
    "erbbands_spread": {
        "max": 39.9442825317,
        "mean": 16.5900173187,
        "min": 4.44202041626,
        "stdev": 5.4991517067
    },
    "hfc": {
        "max": 104.210159302,
        "mean": 29.5890750885,
        "min": 0.0164499040693,
        "stdev": 18.9935894012
    },
    "loudness_ebu128": {
        "integrated": -16.8633785248,
        "loudness_range": 3.37080764771,
        "momentary": {
            "max": -12.8052692413,
            "mean": -18.5604839325,
            "min": -35.3847808838,
            "stdev": 4.5395450592
        },
        "short_term": {
            "max": -14.8404741287,
            "mean": -17.4383392334,
            "min": -25.620344162,
            "stdev": 1.65030193329
        }
    },
    "melbands_crest": {
        "max": 31.5388851166,
        "mean": 11.1714944839,
        "min": 3.16151976585,
        "stdev": 5.08825778961
    },
    "melbands_flatness_db": {
        "max": 0.338884294033,
        "mean": 0.186861991882,
        "min": 0.0887206122279,
        "stdev": 0.056671731174
    },
    "melbands_kurtosis": {
        "max": 16.2136135101,
        "mean": 1.23816776276,
        "min": -1.49483072758,
        "stdev": 2.64440131187
    },
    "melbands_skewness": {
        "max": 3.84048581123,
        "mean": 0.584070563316,
        "min": -1.16413962841,
        "stdev": 0.770982086658
    },
    "melbands_spread": {
        "max": 62.8963279724,
        "mean": 26.7260150909,
        "min": 6.85543060303,
        "stdev": 11.4085016251
    },
    "pitch_salience": {
        "max": 0.888488948345,
        "mean": 0.618706643581,
        "min": 0.273363173008,
        "stdev": 0.128723219037
    },
    "silence_rate_20dB": {
        "max": 1,
        "mean": 1,
        "min": 1,
        "stdev": 0
    },
    "silence_rate_30dB": {
        "max": 1,
        "mean": 1,
        "min": 1,
        "stdev": 0
    },
    "silence_rate_60dB": {
        "max": 1,
        "mean": 0.177480921149,
        "min": 0,
        "stdev": 0.38207551837
    },
    "spectral_centroid": {
        "max": 2858.60595703,
        "mean": 2078.56518555,
        "min": 747.688232422,
        "stdev": 330.712371826
    },
    "spectral_complexity": {
        "max": 45,
        "mean": 20.1135501862,
        "min": 0,
        "stdev": 11.0044937134
    },
    "spectral_decrease": {
        "max": -2.89303021643e-12,
        "mean": -4.5528678605e-09,
        "min": -1.36702542619e-08,
        "stdev": 2.9477094099e-09
    },
    "spectral_energy": {
        "max": 0.0610468648374,
        "mean": 0.0198673941195,
        "min": 1.31799988594e-05,
        "stdev": 0.0127723496407
    },
    "spectral_energyband_high": {
        "max": 0.00182177207898,
        "mean": 0.000379736186005,
        "min": 1.70761580875e-07,
        "stdev": 0.000331549614202
    },
    "spectral_energyband_low": {
        "max": 0.00420647114515,
        "mean": 0.000167825564859,
        "min": 8.46750793926e-08,
        "stdev": 0.00027619919274
    },
    "spectral_energyband_middle_high": {
        "max": 0.0579626448452,
        "mean": 0.0173197388649,
        "min": 7.89706155047e-06,
        "stdev": 0.0119562419131
    },
    "spectral_energyband_middle_low": {
        "max": 0.0173312090337,
        "mean": 0.00223090662621,
        "min": 2.13617295231e-06,
        "stdev": 0.00232262839563
    },
    "spectral_entropy": {
        "max": 8.51785469055,
        "mean": 7.240234375,
        "min": 6.11197710037,
        "stdev": 0.46250513196
    },
    "spectral_flux": {
        "max": 0.237507820129,
        "mean": 0.0627689436078,
        "min": 0.00276724109426,
        "stdev": 0.0359087623656
    },
    "spectral_kurtosis": {
        "max": 34.5209579468,
        "mean": 6.33914089203,
        "min": 0.329119682312,
        "stdev": 4.91511440277
    },
    "spectral_rms": {
        "max": 0.0077173775062,
        "mean": 0.00405823113397,
        "min": 0.000113395486551,
        "stdev": 0.00170692196116
    },
    "spectral_rolloff": {
        "max": 3488.37890625,
        "mean": 2403.97460938,
        "min": 861.328125,
        "stdev": 527.202209473
    },
    "spectral_skewness": {
        "max": 4.34276676178,
        "mean": 1.18564522266,
        "min": 0.371672570705,
        "stdev": 0.432899743319
    },
    "spectral_spread": {
        "max": 15594032,
        "mean": 2200183.5,
        "min": 1232739.5,
        "stdev": 519198.875
    },
    "spectral_strongpeak": {
        "max": 14.7425317764,
        "mean": 3.13767194748,
        "min": 0.00749151455238,
        "stdev": 2.27583527565
    },
    "zerocrossingrate": {
        "max": 0.12060546875,
        "mean": 0.0773939788342,
        "min": 0.02001953125,
        "stdev": 0.015902960673
    },
    "barkbands": {
        "max": [1.1816049664e-05, 0.000335817516316, 0.000994715839624, 0.00703974906355, 0.00440798606724, 0.00381534057669, 0.00837550591677, 0.00877005793154, 0.00339611852542, 0.0294993631542, 0.0189298279583, 0.0326402075589, 0.0213006753474, 0.0447250045836, 0.0318921804428, 0.00868569500744, 0.00863447971642, 0.0069901579991, 0.00608315411955, 0.00189803459216, 0.00107436056715, 0.000264249683823, 0.000160416035214, 2.96374619211e-05, 2.05189508051e-06, 2.0887177925e-06, 2.25166104428e-06],
        "mean": [5.53137340376e-07, 2.53416365013e-05, 7.82613133197e-05, 0.000146844380652, 0.000370591238607, 0.00021630183619, 0.000658805074636, 0.000324478576658, 0.000322068459354, 0.00541090406477, 0.00150194531307, 0.00128549872898, 0.0010970410658, 0.00266883615404, 0.00128583970945, 0.00111711712088, 0.00106861104723, 0.000807807664387, 0.000877941958606, 0.000401262950618, 0.000135112131829, 3.94836970372e-05, 2.33532809943e-05, 3.3703677218e-06, 3.75014437282e-08, 2.65164401547e-09, 2.84441181719e-09],
        "min": [9.27028731557e-10, 2.36683046495e-08, 3.87711480698e-08, 3.42867032543e-08, 3.30391216607e-08, 1.90645437215e-08, 1.58553078222e-07, 2.81605053942e-07, 7.20017538924e-08, 2.08796340218e-08, 2.77460031839e-07, 3.84253866059e-07, 6.21017690605e-08, 1.8688245973e-07, 9.83717640679e-08, 1.38026521768e-07, 8.59278941334e-08, 8.73977441529e-08, 1.10733033409e-07, 5.63055628788e-08, 3.60142387024e-08, 2.44944082795e-08, 1.9177990751e-08, 9.25313248246e-09, 5.1274016144e-09, 2.73390962646e-11, 3.56330381868e-11],
        "stdev": [8.61988155521e-07, 3.68253568013e-05, 0.000119133292174, 0.000377535790903, 0.000584753928706, 0.000351253052941, 0.000853675941471, 0.000464095006464, 0.000441451818915, 0.00759179703891, 0.00292457360774, 0.00258825696073, 0.00206164922565, 0.00512966141105, 0.00336415879428, 0.0012163046049, 0.00113705836702, 0.000930804992095, 0.000935548217967, 0.000355578376912, 0.000142366232467, 3.97951080231e-05, 2.46600411629e-05, 3.7058689486e-06, 7.83947129435e-08, 6.44766657842e-08, 6.95065907053e-08]
    },
    "erbbands": {
        "max": [0.00402711099014, 0.110453851521, 0.944981813431, 12.7251062393, 12.8212490082, 14.8371009827, 14.793463707, 35.4155349731, 71.5497970581, 138.538665771, 91.5661010742, 90.0082244873, 753.120544434, 874.387634277, 1241.64916992, 485.180633545, 1073.09387207, 1027.66113281, 2300.66210938, 1622.33288574, 361.575714111, 591.208007812, 427.194702148, 390.34197998, 154.588638306, 92.7991714478, 64.1598739624, 19.2982273102, 11.5180673599, 6.54457092285, 3.86777830124, 1.04215550423, 0.170739352703, 0.0279308259487, 0.0148891638964, 0.0082767624408, 0.00388665101491, 0.00139250815846, 0.000328055815771, 8.02863651188e-05],
        "mean": [0.000252003781497, 0.00878700241446, 0.0856019705534, 0.303327292204, 1.11719453335, 1.09313666821, 1.11765289307, 2.12485861778, 7.20685911179, 10.5580673218, 6.43745136261, 9.20188236237, 100.729499817, 114.401870728, 82.0442962646, 39.8140907288, 44.8981132507, 82.7218933105, 125.006019592, 74.0274047852, 47.9225120544, 67.6851348877, 51.3838348389, 57.4564247131, 24.2880706787, 14.7835769653, 9.30520248413, 3.7635178566, 1.58255028725, 0.944856464863, 0.545682549477, 0.180924713612, 0.0219613481313, 0.00132480403408, 0.000241561836447, 4.44486904598e-05, 2.00922913791e-05, 8.28108568385e-06, 1.34732126753e-05, 2.57431438513e-05],
        "min": [5.39719167136e-07, 5.49589640286e-06, 3.64921543223e-05, 9.28984663915e-05, 0.000109655775304, 8.93954129424e-05, 0.000470312894322, 0.00193170795683, 0.00264393398538, 0.00320128165185, 0.0101572917774, 0.0192790124565, 0.00542635563761, 0.008868672885, 0.00966862495989, 0.0139620741829, 0.0125571321696, 0.0143634341657, 0.0123470434919, 0.00833198986948, 0.00627637561411, 0.00523625640199, 0.0047354423441, 0.00517554394901, 0.00411843834445, 0.00274377246387, 0.0012661437504, 0.00151738571003, 0.00078671349911, 0.00103015534114, 0.000404130958486, 0.000266432150966, 0.000105828155938, 6.09365488344e-05, 3.48097419192e-05, 1.5819799728e-06, 2.18891187842e-07, 7.60067990768e-08, 3.239379609e-08, 3.017782646e-08],
        "stdev": [0.000368571403669, 0.0126544982195, 0.125684767962, 0.700988709927, 1.9205520153, 1.70244050026, 1.78206586838, 3.55217576027, 9.12134075165, 14.4805707932, 7.77128458023, 10.8045396805, 143.27684021, 148.726333618, 158.167251587, 49.706905365, 83.0159912109, 141.700866699, 261.649627686, 137.69178772, 43.6667938232, 72.3446273804, 51.0049514771, 59.5684394836, 20.0110473633, 13.4997587204, 9.48808860779, 3.57893276215, 1.57334840298, 0.976867437363, 0.561563909054, 0.175295352936, 0.02465730533, 0.0013995745685, 0.000477626803331, 0.000255284132436, 0.000119900629215, 4.29898354923e-05, 1.27303392219e-05, 1.63514469023e-05]
    },
    "gfcc": {
        "mean": [-81.2822952271, 105.384269714, -242.953170776, 26.9684410095, -59.5553092957, -9.2749414444, -13.9511499405, -18.8222866058, -0.778654277325, -26.4782085419, 0.985980987549, -16.7926158905, -5.08901071548],
        "cov": [[4946.98095703, 945.101318359, 195.411804199, 309.574523926, -251.394882202, -461.312957764, 99.144493103, -497.686218262, -100.408172607, -583.197814941, -310.411346436, -86.9743881226, -44.1814422607], [945.101318359, 989.054199219, 689.054199219, 260.394500732, -159.397079468, -80.081817627, -170.634719849, -204.445968628, -96.5790023804, -240.270782471, -198.634368896, -55.4658355713, 81.0843276978], [195.411804199, 689.054199219, 628.065368652, 233.019760132, -141.647171021, 16.5625305176, -160.475631714, -95.9300384521, -59.3575401306, -133.68522644, -129.017501831, -28.5880260468, 76.044670105], [309.574523926, 260.394500732, 233.019760132, 203.318817139, -68.7249603271, 13.1401510239, -79.5227737427, -76.9781570435, -2.58956646919, -80.7988815308, -67.2568359375, -25.3719234467, 11.6149358749], [-251.394882202, -159.397079468, -141.647171021, -68.7249603271, 164.476013184, 23.6179904938, 60.6211128235, 66.7777557373, 6.2013168335, 76.390914917, 39.0194129944, -12.4773807526, -40.3957672119], [-461.312957764, -80.081817627, 16.5625305176, 13.1401510239, 23.6179904938, 158.103897095, 1.09137606621, 10.8170280457, 3.48004794121, 35.9341049194, 18.1645050049, 9.11295032501, 22.9066410065], [99.144493103, -170.634719849, -160.475631714, -79.5227737427, 60.6211128235, 1.09137606621, 146.626342773, 81.8693008423, 11.2092790604, -2.96191287041, 25.0108470917, 35.2198867798, -4.13208389282], [-497.686218262, -204.445968628, -95.9300384521, -76.9781570435, 66.7777557373, 10.8170280457, 81.8693008423, 190.761688232, 58.9827461243, 61.6346359253, 52.7528381348, 35.5205612183, -12.2778921127], [-100.408172607, -96.5790023804, -59.3575401306, -2.58956646919, 6.2013168335, 3.48004794121, 11.2092790604, 58.9827461243, 77.4278488159, 39.2145805359, 16.3834075928, 8.23387908936, -7.3625087738], [-583.197814941, -240.270782471, -133.68522644, -80.7988815308, 76.390914917, 35.9341049194, -2.96191287041, 61.6346359253, 39.2145805359, 194.424346924, 107.264022827, -22.2855033875, -45.5534286499], [-310.411346436, -198.634368896, -129.017501831, -67.2568359375, 39.0194129944, 18.1645050049, 25.0108470917, 52.7528381348, 16.3834075928, 107.264022827, 103.339736938, 8.0998249054, -35.8472175598], [-86.9743881226, -55.4658355713, -28.5880260468, -25.3719234467, -12.4773807526, 9.11295032501, 35.2198867798, 35.5205612183, 8.23387908936, -22.2855033875, 8.0998249054, 58.9002990723, 38.7178916931], [-44.1814422607, 81.0843276978, 76.044670105, 11.6149358749, -40.3957672119, 22.9066410065, -4.13208389282, -12.2778921127, -7.3625087738, -45.5534286499, -35.8472175598, 38.7178916931, 89.8509140015]],
        "icov": [[0.00164162355941, -0.000101336088846, -0.000907380657736, -0.000463337521069, -0.000336715485901, 0.00370594183914, -0.00551909534261, 0.00607656221837, -0.00454461155459, 0.00437209103256, -0.00279654981568, 0.0029041073285, 0.000683946011122], [-0.000101336088846, 0.015163615346, -0.0184646043926, 0.00561974570155, -0.00739327585325, 0.00764901051298, -0.00301052839495, 0.0113702714443, -0.00900051835924, 0.011752160266, -0.0072040585801, 0.0093540372327, -0.00437595089898], [-0.000907380657736, -0.0184646043926, 0.0287332050502, -0.0113951815292, 0.0115754138678, -0.0118557745591, 0.0105005130172, -0.0221542101353, 0.0201236698776, -0.0184623058885, 0.0142445648089, -0.0113357789814, 0.00191059091594], [-0.000463337521069, 0.00561974570155, -0.0113951815292, 0.0161526799202, -0.00394281744957, -0.000485431606648, 0.00146222603507, 0.00735320616513, -0.0115347104147, 0.00978663749993, -0.00500913802534, 0.00493804970756, 0.00157029635739], [-0.000336715485901, -0.00739327585325, 0.0115754138678, -0.00394281744957, 0.0164894741029, -0.00630271295086, -0.000469502381748, -0.0113071817905, 0.0121196554974, -0.0138738481328, 0.011986923404, -0.00391771830618, 0.00510259903967], [0.00370594183914, 0.00764901051298, -0.0118557745591, -0.000485431606648, -0.00630271295086, 0.0204970240593, -0.0149650592357, 0.020077906549, -0.0144017366692, 0.0137644233182, -0.0115119088441, 0.0107522569597, -0.00441518658772], [-0.00551909534261, -0.00301052839495, 0.0105005130172, 0.00146222603507, -0.000469502381748, -0.0149650592357, 0.035597410053, -0.0285661071539, 0.0193461254239, -0.0108309946954, 0.0089791668579, -0.0137297315523, -0.00214268150739], [0.00607656221837, 0.0113702714443, -0.0221542101353, 0.00735320616513, -0.0113071817905, 0.020077906549, -0.0285661071539, 0.0464544259012, -0.035734821111, 0.025787062943, -0.0199017897248, 0.0114077534527, 0.00264829327352], [-0.00454461155459, -0.00900051835924, 0.0201236698776, -0.0115347104147, 0.0121196554974, -0.0144017366692, 0.0193461254239, -0.035734821111, 0.0477456487715, -0.0317043475807, 0.0255722235888, -0.0188828967512, 0.00165212946013], [0.00437209103256, 0.011752160266, -0.0184623058885, 0.00978663749993, -0.0138738481328, 0.0137644233182, -0.0108309946954, 0.025787062943, -0.0317043475807, 0.0489150956273, -0.0400250218809, 0.0328115262091, -0.00872221682221], [-0.00279654981568, -0.0072040585801, 0.0142445648089, -0.00500913802534, 0.011986923404, -0.0115119088441, 0.0089791668579, -0.0199017897248, 0.0255722235888, -0.0400250218809, 0.0532213300467, -0.0321786031127, 0.016637917608], [0.0029041073285, 0.0093540372327, -0.0113357789814, 0.00493804970756, -0.00391771830618, 0.0107522569597, -0.0137297315523, 0.0114077534527, -0.0188828967512, 0.0328115262091, -0.0321786031127, 0.0622407831252, -0.0262034907937], [0.000683946011122, -0.00437595089898, 0.00191059091594, 0.00157029635739, 0.00510259903967, -0.00441518658772, -0.00214268150739, 0.00264829327352, 0.00165212946013, -0.00872221682221, 0.016637917608, -0.0262034907937, 0.0309205055237]]
    },
    "melbands": {
        "max": [6.44577303319e-05, 0.00038368901005, 0.00222390284762, 0.00108469661791, 0.000397924566641, 0.000750355946366, 0.00133271701634, 0.00170273974072, 0.000576279242523, 0.000491726212204, 0.00410918425769, 0.00413806224242, 0.00309892371297, 0.00380692491308, 0.00197186856531, 0.00172800163273, 0.00246136565693, 0.00503276707605, 0.00335168279707, 0.000743526325095, 0.000330601731548, 0.000775256950874, 0.000831132405438, 0.00041018333286, 0.000395222072257, 0.000268165720627, 0.000121143290016, 6.68737266096e-05, 6.02437285124e-05, 3.38070385624e-05, 1.19479318528e-05, 7.04485819369e-06, 3.94192466047e-06, 4.86014732815e-06, 2.31225726566e-06, 1.48751689721e-06, 6.00542023221e-07, 1.67547852925e-07, 1.94195237668e-08, 3.5601399162e-08],
        "mean": [4.24808968091e-06, 3.35903714586e-05, 7.52341220505e-05, 9.03000982362e-05, 3.61503916793e-05, 5.0254209782e-05, 0.000116905182949, 0.000108254265797, 5.14346866112e-05, 4.56711713923e-05, 0.000592129887082, 0.00057271507103, 0.000232670703554, 0.000164501238032, 0.000112893118057, 9.03761902009e-05, 0.000170516141225, 0.000243811693508, 9.90513799479e-05, 0.000104330669274, 3.77356773242e-05, 6.64372346364e-05, 5.35922117706e-05, 4.46117628599e-05, 4.93924089824e-05, 2.22477283387e-05, 1.49893985508e-05, 8.64291178004e-06, 7.2692178037e-06, 3.34586638928e-06, 1.73938428816e-06, 9.04904140953e-07, 6.07614310866e-07, 5.2779591897e-07, 3.59540138106e-07, 1.98468157464e-07, 7.2450028199e-08, 1.67743579027e-08, 8.40365554922e-10, 5.15912701449e-10],
        "min": [5.88910120669e-09, 1.59317288251e-08, 1.62707909368e-08, 1.14000382467e-08, 1.13610445496e-08, 4.13104883634e-09, 3.37275700701e-08, 3.97445703015e-08, 9.57257739742e-08, 8.70251337659e-09, 3.70711927822e-09, 5.66694735582e-09, 3.62311141089e-08, 3.19418980155e-08, 3.08785552683e-09, 7.12403291914e-09, 2.54089282947e-08, 1.69820779661e-08, 9.12609898762e-09, 1.02664738932e-08, 6.3509926207e-09, 4.31917657195e-09, 4.48035031297e-09, 4.99467711634e-09, 3.63327079533e-09, 3.32000693604e-09, 2.74700284741e-09, 1.60919433334e-09, 7.81764653013e-10, 7.45897177357e-10, 7.48977824205e-10, 4.28082791437e-10, 4.5455730846e-10, 5.38080191514e-10, 2.27050836465e-10, 1.5332199399e-10, 1.52847803858e-10, 7.16668183132e-11, 6.0296170834e-11, 4.76022277152e-11],
        "stdev": [6.13741440247e-06, 4.84994379804e-05, 0.000144674937474, 0.000146365433466, 5.32980629941e-05, 7.71554114181e-05, 0.000146116377437, 0.00014351788559, 6.62407765049e-05, 6.32246519672e-05, 0.000836587219965, 0.000771247840021, 0.000432259374065, 0.000343233608874, 0.000198641137104, 0.000191834478755, 0.000326389825204, 0.000544939131942, 0.000292543205433, 0.000111025554361, 3.65695232176e-05, 7.82765200711e-05, 6.05802306382e-05, 5.35492872586e-05, 6.02175023232e-05, 2.66894403467e-05, 1.70336206793e-05, 9.56373696681e-06, 8.26888663141e-06, 3.90863851862e-06, 1.94656172425e-06, 9.5696225344e-07, 6.54278608181e-07, 6.01286956226e-07, 3.98491096121e-07, 2.00254248739e-07, 7.70616424006e-08, 2.23084644091e-08, 7.961978854e-10, 1.32925725982e-09]
    },
    "melbands128": {
        "max": [5.77293167225e-06, 1.88753419934e-05, 8.7336069555e-05, 0.000201105765882, 0.000442191550974, 0.000490597682074, 0.00261871283874, 0.00359392585233, 0.00164567946922, 0.0018318729708, 0.000712826964445, 0.000426363840234, 0.000679058837704, 0.000669463654049, 0.00123627192806, 0.00114362558816, 0.0011889138259, 0.00167122564744, 0.00338813243434, 0.00267279520631, 0.0036057648249, 0.00112541997805, 0.000915386946872, 0.00122681283392, 0.00111190369353, 0.0006497145514, 0.00115527096204, 0.00649501895532, 0.00970432534814, 0.00900951679796, 0.00465258909389, 0.00544958468527, 0.00508449645713, 0.00890200212598, 0.0103940116242, 0.000864315836225, 0.00180080102291, 0.00281313667074, 0.00545801129192, 0.00379445403814, 0.00333024282008, 0.00552966119722, 0.00287906685844, 0.00639358116314, 0.00944631639868, 0.00767345912755, 0.00540546327829, 0.0041248309426, 0.00693094730377, 0.00105029880069, 0.00133007694967, 0.00161509530153, 0.000436532747699, 0.000195691463887, 0.000238890541368, 0.00169638940133, 0.00134488078766, 0.00137496949174, 0.000896642100997, 0.000946358253714, 0.000909855472855, 0.000770374725107, 0.000820061657578, 0.00059463980142, 0.000952654751018, 0.00032054525218, 0.000113589972898, 0.000173777603777, 0.00026084316778, 8.06426614872e-05, 0.000138369126944, 0.000158169030328, 0.000181922412594, 0.000115798022307, 6.51586669846e-05, 7.5462681707e-05, 3.63326580555e-05, 2.22052312893e-05, 1.50332716657e-05, 1.97203371499e-05, 9.9900225905e-06, 1.31659644467e-05, 9.16496992431e-06, 4.3371069296e-06, 4.06791377827e-06, 4.13445786762e-06, 9.69050506683e-06, 7.36341235097e-06, 2.36171649703e-06, 4.14826763517e-06, 2.56234352491e-06, 1.68250505794e-06, 1.25297970044e-06, 7.71635484398e-07, 7.76573983785e-07, 3.30963956685e-07, 9.8105012114e-08, 2.14996909165e-08, 1.88792466105e-08, 1.89980315923e-08, 1.88274800195e-08, 8.07995093055e-08, 1.82248154346e-08, 1.85919244444e-08, 1.64552638182e-08, 1.58921089621e-08, 1.53626888988e-08, 1.48035965708e-08, 1.42316904927e-08, 1.37092648345e-08, 1.32415358678e-08, 1.27683135176e-08, 1.23168275579e-08, 1.18802310212e-08, 1.14777760629e-08, 1.11133511282e-08, 1.08033191282e-08, 1.05129913663e-08, 1.02152721837e-08, 9.97895188704e-09, 9.72656799547e-09, 9.52743395288e-09, 9.33883104182e-09, 9.17000786416e-09, 9.06071129236e-09, 8.95162521886e-09, 8.88024054291e-09, 8.83275763641e-09],
        "mean": [3.40996479054e-07, 1.12834084121e-06, 2.58586578639e-06, 1.60521849466e-05, 4.17770861532e-05, 3.4385946492e-05, 5.4328571423e-05, 7.89373807493e-05, 0.000119468626508, 0.000123494974105, 4.64063887193e-05, 2.5740282581e-05, 4.08264131693e-05, 3.74830487999e-05, 3.96339564759e-05, 4.83566909679e-05, 0.000108092346636, 0.00011663960322, 0.000151512242155, 0.000122669123812, 9.45349456742e-05, 4.79868467664e-05, 4.20114956796e-05, 6.02420186624e-05, 4.60290211777e-05, 4.87549041281e-05, 2.40531426243e-05, 0.000268590491032, 0.00165999075398, 0.000841999542899, 0.000102181875263, 0.000183447482414, 0.000130119398818, 0.00042644093628, 0.000267777126282, 4.10522588936e-05, 5.24704773852e-05, 0.00016076596512, 0.000116959599836, 6.15127282799e-05, 0.000116443203297, 8.46710681799e-05, 8.7451604486e-05, 0.000246168347076, 0.000379117147531, 0.000258517597103, 6.22707520961e-05, 9.34240961215e-05, 0.000141987256939, 4.17926530645e-05, 0.000142209959449, 0.00011920054385, 2.4870467314e-05, 1.61373627634e-05, 2.17636497837e-05, 7.2355280281e-05, 0.000116413240903, 5.12249207532e-05, 3.55153679266e-05, 3.82608850487e-05, 6.4268555434e-05, 2.45634382736e-05, 4.72292849736e-05, 5.93843869865e-05, 4.8232399422e-05, 2.15124237002e-05, 5.87822614762e-06, 1.3178777408e-05, 2.36108735407e-05, 6.12010262557e-06, 4.95270433021e-06, 1.30446624098e-05, 1.13159994726e-05, 4.91035871164e-06, 3.90162267649e-06, 4.50969901067e-06, 2.14161423173e-06, 2.31627609537e-06, 1.68285998825e-06, 1.33089110932e-06, 8.91955153293e-07, 6.73666647799e-07, 9.81063976724e-07, 5.08136395183e-07, 4.2716268922e-07, 4.69873185693e-07, 5.88119348777e-07, 6.39387053525e-07, 3.09276856569e-07, 1.98910313998e-07, 2.12590322235e-07, 2.37935864789e-07, 9.32611712301e-08, 7.50874136202e-08, 5.41514033614e-08, 2.55582417452e-08, 8.80844908124e-09, 1.34243038907e-09, 6.10658357214e-10, 5.02092978305e-10, 4.59504351236e-10, 5.89086113223e-10, 4.83636908299e-10, 3.9438607935e-10, 1.00571051487e-10, 2.05157956595e-11, 1.96484530035e-11, 1.88534552553e-11, 1.81105616615e-11, 1.7432061003e-11, 1.6807376671e-11, 1.61986795505e-11, 1.56169209509e-11, 1.50571100727e-11, 1.45384416311e-11, 1.40797382434e-11, 1.3678934721e-11, 1.33021076792e-11, 1.29405852353e-11, 1.26341515375e-11, 1.22995875637e-11, 1.20430826769e-11, 1.18215819078e-11, 1.16001522624e-11, 1.140100514e-11, 1.11735161054e-11, 1.10349437921e-11, 1.09684041363e-11],
        "min": [8.82687412745e-12, 2.68698352457e-09, 5.02709207595e-09, 4.41158276576e-10, 3.07923397891e-09, 2.0037521864e-08, 1.6243044243e-08, 1.12210036818e-08, 1.00671249115e-08, 1.75693337656e-09, 7.96456067764e-10, 1.07133724114e-09, 4.66465754911e-09, 5.53824597294e-10, 4.02995370408e-09, 9.00610974686e-10, 6.9892331922e-09, 5.73529446157e-09, 2.32693011526e-08, 1.24027534909e-08, 3.31291758471e-08, 1.6020287319e-08, 1.78120576066e-08, 1.64777294032e-08, 6.95358348679e-09, 1.40070643972e-09, 4.8032418043e-09, 1.20007026538e-09, 2.65737010174e-09, 2.81506573607e-09, 3.8985841222e-09, 1.71193481613e-09, 4.5014388661e-08, 2.26647376422e-08, 1.04208899288e-08, 1.76337755509e-09, 1.98947147645e-09, 1.40791334147e-09, 2.85864931726e-09, 2.35351960143e-09, 5.03157782106e-09, 5.47781731086e-09, 1.01514920914e-08, 3.21541584469e-08, 8.92600926505e-09, 2.80084844206e-09, 4.65388261262e-09, 2.35826025374e-09, 5.92757487539e-09, 5.7968105871e-09, 7.93566279356e-09, 9.09651820535e-09, 5.0393795803e-09, 3.10560399619e-09, 1.42700795625e-09, 1.74816539023e-09, 6.93422919085e-09, 4.79852424462e-09, 2.2162049973e-09, 1.67335811874e-09, 3.32264771252e-09, 6.35344887812e-09, 3.96774524347e-09, 2.99336666565e-09, 2.21506590847e-09, 3.12989700824e-09, 2.01652716747e-09, 1.84979975781e-09, 1.12135034591e-09, 1.48002954337e-09, 9.23103815609e-10, 1.53778889622e-09, 8.24429691182e-10, 7.01540325831e-10, 4.00380062437e-10, 5.16533427142e-10, 4.55846860259e-10, 5.839038697e-10, 4.67180516495e-10, 5.60118729176e-10, 2.7058807972e-10, 3.3778668751e-10, 2.66097366364e-10, 2.84995471667e-10, 2.70448358153e-10, 3.59090757129e-10, 2.58078253212e-10, 2.28842986227e-10, 2.6825089372e-10, 1.73777964241e-10, 8.81612352566e-11, 1.11547868165e-10, 2.67009608867e-10, 1.50263801402e-10, 1.12988549072e-10, 6.14778297714e-11, 7.24859477996e-11, 6.77334716093e-11, 1.4118914371e-11, 5.58849251597e-11, 5.40852744535e-11, 4.9708702432e-11, 3.41051631381e-11, 3.34697790316e-11, 2.6357876385e-12, 1.08620001828e-13, 9.18266453002e-14, 1.04574226882e-13, 7.01924548216e-14, 1.15525061847e-13, 1.07312636967e-13, 9.86634547933e-14, 7.03646261266e-14, 1.10925740707e-13, 1.07492146965e-13, 9.82380138608e-14, 1.15013494605e-13, 1.01399906538e-13, 1.21397182129e-13, 1.21719935563e-13, 1.00779275333e-13, 1.06034965693e-13, 1.02675212896e-13, 1.03179461774e-13, 8.54643707692e-14, 3.11967723247e-14, 4.46090409891e-15, 1.13576014154e-16],
        "stdev": [5.13127474733e-07, 1.89344814316e-06, 5.91732077737e-06, 2.38711691054e-05, 6.39580612187e-05, 5.45598086319e-05, 0.000141302603879, 0.000199247500859, 0.0002203945769, 0.00022156862542, 8.03870352684e-05, 4.01020624849e-05, 7.57861998864e-05, 6.48111017654e-05, 9.55572977546e-05, 9.95754162432e-05, 0.000161204923643, 0.000186658871826, 0.000282121734926, 0.000218544926611, 0.000166602098034, 7.58153837523e-05, 8.44079404487e-05, 0.000108781918243, 8.67591515998e-05, 7.97778484412e-05, 5.68535942875e-05, 0.000652875576634, 0.00235748733394, 0.00149293453433, 0.000285746122245, 0.000568887218833, 0.000388294953154, 0.00107960787136, 0.000770604354329, 9.15502969292e-05, 0.00014961117995, 0.000277746003121, 0.00036105318577, 0.00023761956254, 0.000339106074534, 0.000267434079433, 0.00029267987702, 0.000686435319949, 0.000970640510786, 0.000779123045504, 0.000344892177964, 0.000319004146149, 0.000531252881046, 0.000107696221676, 0.000196761073312, 0.000170828105183, 4.5723922085e-05, 2.24200666707e-05, 3.18383899867e-05, 0.000111564870167, 0.000172128609847, 0.000101655052276, 8.54892059579e-05, 7.7848068031e-05, 9.88974934444e-05, 4.86634489789e-05, 9.32276016101e-05, 9.74571084953e-05, 7.70204424043e-05, 3.44035506714e-05, 9.58681721386e-06, 2.02170704142e-05, 3.20506042044e-05, 1.06418483483e-05, 1.31282949951e-05, 1.87457117136e-05, 1.75940822373e-05, 1.14656786536e-05, 5.55971746508e-06, 8.15416569822e-06, 3.35473168889e-06, 3.31842761625e-06, 2.2262870516e-06, 1.96331779989e-06, 1.07266089344e-06, 1.01628438642e-06, 1.22654864754e-06, 6.76661841226e-07, 5.17858154581e-07, 5.69079418256e-07, 8.57440113577e-07, 9.58592409006e-07, 3.95157883304e-07, 2.93019041919e-07, 2.48043960482e-07, 2.97717775766e-07, 1.28962781787e-07, 8.97453205084e-08, 7.84586688951e-08, 3.75661493024e-08, 1.23547696518e-08, 1.4083132438e-09, 7.3456346561e-10, 6.36540986587e-10, 7.26018023478e-10, 2.76387601694e-09, 7.4807732231e-10, 6.09228167914e-10, 5.10473829873e-10, 4.90568086153e-10, 4.742284343e-10, 4.56971765983e-10, 4.39317665579e-10, 4.23190593679e-10, 4.08753281222e-10, 3.94144328286e-10, 3.80208226014e-10, 3.66731062185e-10, 3.54307111428e-10, 3.43057415808e-10, 3.3348751538e-10, 3.24525351036e-10, 3.15334786061e-10, 3.080399269e-10, 3.0024896458e-10, 2.94101742959e-10, 2.88279206062e-10, 2.8306879063e-10, 2.79696099614e-10, 2.76332234872e-10, 2.74128969524e-10, 2.72663891465e-10]
    },
    "mfcc": {
        "mean": [-685.256103516, 114.164642334, -104.100952148, 25.24061203, -31.1391448975, 8.64951229095, -18.2491798401, 14.0964384079, -14.7830734253, 9.43688106537, -14.1809511185, 3.64643907547, -8.45413780212],
        "cov": [[5321.05126953, 919.260803223, 267.074066162, 519.432067871, -502.478271484, 258.013824463, -389.677856445, 213.765625, -395.342346191, 43.9260368347, -451.866790771, -524.498413086, -517.261108398], [919.260803223, 871.592956543, 562.673950195, 135.146118164, 0.0973895192146, 88.3906555176, -100.426589966, -25.8511829376, -103.252296448, -46.943649292, -138.070999146, -307.541870117, -185.644699097], [267.074066162, 562.673950195, 621.376403809, 82.0603485107, 39.235004425, 90.3335952759, -101.583221436, -11.4710302353, -59.7323226929, -43.3053627014, -77.6391296387, -194.217010498, -134.315704346], [519.432067871, 135.146118164, 82.0603485107, 173.426055908, -13.1938905716, -23.5708274841, -38.5501670837, 39.6663284302, -13.0139389038, 3.83580422401, -38.5889015198, -32.2934494019, -35.4690055847], [-502.478271484, 0.0973895192146, 39.235004425, -13.1938905716, 133.620315552, 1.22478330135, 30.5873584747, -36.5833129883, 37.6119842529, 7.36915874481, 56.1677932739, 29.8466110229, 39.6251487732], [258.013824463, 88.3906555176, 90.3335952759, -23.5708274841, 1.22478330135, 154.326187134, -19.2232570648, -15.1924743652, -42.2468452454, -1.83982586861, -33.3342514038, -89.8515548706, -65.8223190308], [-389.677856445, -100.426589966, -101.583221436, -38.5501670837, 30.5873584747, -19.2232570648, 131.828704834, 0.599220752716, 32.0452842712, 6.58978414536, 40.4345970154, 52.2309150696, 67.6146850586], [213.765625, -25.8511829376, -11.4710302353, 39.6663284302, -36.5833129883, -15.1924743652, 0.599220752716, 154.724884033, 47.2611236572, -19.2639064789, -38.991230011, -19.9104156494, 6.02671909332], [-395.342346191, -103.252296448, -59.7323226929, -13.0139389038, 37.6119842529, -42.2468452454, 32.0452842712, 47.2611236572, 117.552116394, 0.151397123933, 27.5372676849, 60.2139205933, 60.5477867126], [43.9260368347, -46.943649292, -43.3053627014, 3.83580422401, 7.36915874481, -1.83982586861, 6.58978414536, -19.2639064789, 0.151397123933, 70.6317672729, 27.6005592346, 29.6984863281, 11.6516418457], [-451.866790771, -138.070999146, -77.6391296387, -38.5889015198, 56.1677932739, -33.3342514038, 40.4345970154, -38.991230011, 27.5372676849, 27.6005592346, 119.432777405, 97.4916763306, 50.7240753174], [-524.498413086, -307.541870117, -194.217010498, -32.2934494019, 29.8466110229, -89.8515548706, 52.2309150696, -19.9104156494, 60.2139205933, 29.6984863281, 97.4916763306, 223.1849823, 113.96925354], [-517.261108398, -185.644699097, -134.315704346, -35.4690055847, 39.6251487732, -65.8223190308, 67.6146850586, 6.02671909332, 60.5477867126, 11.6516418457, 50.7240753174, 113.96925354, 132.9271698]],
        "icov": [[0.00202611973509, -0.00229753204621, 0.00253374525346, -0.00365333002992, 0.00358038255945, -0.00283034867607, 0.00223143072799, -0.00273737986572, 0.00325880362652, -0.00279349135235, 0.00143108877819, -0.00134094071109, 0.00214529084042], [-0.00229753204621, 0.00754309818149, -0.00591211533174, 0.0024081566371, -0.00409921538085, 0.00495206005871, -0.00371163128875, 0.00507012894377, -0.00371879921295, 0.00308489846066, -0.000709825078957, 0.0058422209695, -0.00171956978738], [0.00253374525346, -0.00591211533174, 0.00790616497397, -0.00430817715824, 0.00254898332059, -0.00480899587274, 0.00461924728006, -0.00441417144611, 0.00425830809399, -0.00237137381919, 0.00142730842344, -0.00282992422581, 0.00330125167966], [-0.00365333002992, 0.0024081566371, -0.00430817715824, 0.0155234942213, -0.00833763182163, 0.0075924359262, -0.00292956572957, 0.00152781768702, -0.0041617997922, 0.00252434471622, -0.000149345942191, -0.000130262968014, -0.00155509961769], [0.00358038255945, -0.00409921538085, 0.00254898332059, -0.00833763182163, 0.0206095185131, -0.00756873283535, 0.0029988787137, -0.00083516491577, 0.00059072318254, -0.0040083238855, -0.00394979538396, -0.000131965105538, -0.00111805123743], [-0.00283034867607, 0.00495206005871, -0.00480899587274, 0.0075924359262, -0.00756873283535, 0.0152536192909, -0.00443566264585, 0.00389967509545, -0.00272283796221, 0.00181392522063, 0.000214874264202, 0.00530527438968, 0.00140836881474], [0.00223143072799, -0.00371163128875, 0.00461924728006, -0.00292956572957, 0.0029988787137, -0.00443566264585, 0.0141593180597, -0.00402753101662, 0.00372840906493, -0.00253521418199, -0.000792130071204, -0.000829275988508, -0.00318746571429], [-0.00273737986572, 0.00507012894377, -0.00441417144611, 0.00152781768702, -0.00083516491577, 0.00389967509545, -0.00402753101662, 0.0152770560235, -0.0107265776023, 0.00565334176645, -0.000527356052771, 0.00539882620797, -0.00412497855723], [0.00325880362652, -0.00371879921295, 0.00425830809399, -0.0041617997922, 0.00059072318254, -0.00272283796221, 0.00372840906493, -0.0107265776023, 0.0209444351494, -0.00463938247412, 0.00286806956865, -0.00424344278872, 0.00115551031195], [-0.00279349135235, 0.00308489846066, -0.00237137381919, 0.00252434471622, -0.0040083238855, 0.00181392522063, -0.00253521418199, 0.00565334176645, -0.00463938247412, 0.0209788065404, -0.00587430363521, 0.00129325326998, -0.00375113729388], [0.00143108877819, -0.000709825078957, 0.00142730842344, -0.000149345942191, -0.00394979538396, 0.000214874264202, -0.000792130071204, -0.000527356052771, 0.00286806956865, -0.00587430363521, 0.0201260708272, -0.00716190645471, 0.00535953277722], [-0.00134094071109, 0.0058422209695, -0.00282992422581, -0.000130262968014, -0.000131965105538, 0.00530527438968, -0.000829275988508, 0.00539882620797, -0.00424344278872, 0.00129325326998, -0.00716190645471, 0.0178377144039, -0.00785092636943], [0.00214529084042, -0.00171956978738, 0.00330125167966, -0.00155509961769, -0.00111805123743, 0.00140836881474, -0.00318746571429, -0.00412497855723, 0.00115551031195, -0.00375113729388, 0.00535953277722, -0.00785092636943, 0.0237177498639]]
    },
    "spectral_contrast_coeffs": {
        "max": [-0.520840108395, -0.4867811203, -0.477279514074, -0.542283952236, -0.602324664593, -0.549485743046],
        "mean": [-0.744953513145, -0.76685410738, -0.689016640186, -0.726909279823, -0.724409937859, -0.635862588882],
        "min": [-0.924176871777, -0.942934989929, -0.919883191586, -0.912877500057, -0.893971920013, -0.910250723362],
        "stdev": [0.0678831189871, 0.0911822021008, 0.108277522027, 0.0851592421532, 0.058762755245, 0.0527644753456]
    },
    "spectral_contrast_valleys": {
        "max": [-6.59005975723, -5.36809968948, -6.01619768143, -5.86522102356, -6.2309718132, -10.8112335205],
        "mean": [-8.57755661011, -7.38394260406, -7.40774393082, -7.36269140244, -7.48479557037, -12.4438037872],
        "min": [-11.5840291977, -10.2834758759, -11.335278511, -10.7825660706, -10.9767093658, -13.4676933289],
        "stdev": [1.16427958012, 1.12520742416, 0.830395996571, 0.801355421543, 0.659252047539, 0.308881253004]
    }
},
"rhythm": {
    "beats_count": 43,
    "beats_loudness": {
        "max": 0.0570348799229,
        "mean": 0.0212773755193,
        "min": 0.000266159040621,
        "stdev": 0.0130969453603
    },
    "bpm": 108.10269928,
    "bpm_histogram_first_peak_bpm": 108,
    "bpm_histogram_first_peak_weight": 0.636363625526,
    "bpm_histogram_second_peak_bpm": 117,
    "bpm_histogram_second_peak_spread": 0.33333337307,
    "bpm_histogram_second_peak_weight": 0.095238097012,
    "danceability": 0.860372781754,
    "onset_rate": 1.02832865715,
    "beats_loudness_band_ratio": {
        "max": [0.369783848524, 0.259071826935, 0.250827282667, 0.857457399368, 0.670090377331, 0.173953995109],
        "mean": [0.0294266603887, 0.0436865054071, 0.0847760513425, 0.44167637825, 0.353971451521, 0.0742461159825],
        "min": [9.10555536393e-05, 1.44670675581e-05, 0.0130243645981, 0.13135086, 0.0736296623945, 0.0061043347232],
        "stdev": [0.0584394000471, 0.0592475384474, 0.0630884245038, 0.17980542779, 0.145397424698, 0.0495988167822]
    },
    "beats_position": [0.557278871536, 1.1261677742, 1.69505667686, 2.2523355484, 2.82122445107, 3.39011335373, 3.97061228752, 4.55111122131, 5.13160991669, 5.70049858093, 6.24616765976, 6.79183673859, 7.32589578629, 7.87156438828, 8.4172334671, 8.96290206909, 9.49696159363, 10.0310201645, 10.5418596268, 11.0526981354, 11.5635375977, 12.0859861374, 12.6084346771, 13.1192741394, 13.6765527725, 14.2222223282, 14.7678909302, 15.301949501, 15.8592290878, 16.4165077209, 16.9621772766, 17.5078449249, 18.0419044495, 18.5991840363, 19.1564617157, 19.7137413025, 20.2710208893, 20.8282985687, 21.3855781555, 21.9544658661, 22.5117454529, 23.0690250397, 23.6379127502],
