{
"metadata": {
    "version": {
        "essentia": "2.1-beta5",
        "essentia_git_sha": "Undefined",
        "extractor": "music 2.0"
    },
    "audio_properties": {
        "analysis": {
            "equal_loudness": 0,
            "length": 32.4963264465,
            "sample_rate": 44100,
            "start_time": 12.7477550507,
            "downmix": "mix"
        },
        "bit_rate": 192000,
        "length": 210.407623291,
        "lossless": 0,
        "number_channels": 2,
        "replay_gain": -7.62696456909,
        "sample_rate": 48000,
        "codec": "mp3",
        "md5_encoded": "ba9968b3abfef5310088af2f04433deb"
    },
    "tags": {
        "file_name": "Yugoslavia_Neke Davne Zvezde_Ljiljana Petrović.mp3",
        "encoding": ["Lavf58.29.100"]
    }
},
"lowlevel": {
    "average_loudness": 0.0565668269992,
    "barkbands_crest": {
        "max": 25.9780216217,
        "mean": 12.3971843719,
        "min": 3.67674064636,
        "stdev": 5.37878131866
    },
    "barkbands_flatness_db": {
        "max": 0.424979805946,
        "mean": 0.255940675735,
        "min": 0.0976693853736,
        "stdev": 0.0683040097356
    },
    "barkbands_kurtosis": {
        "max": 84.462928772,
        "mean": 6.87686538696,
        "min": -1.87789177895,
        "stdev": 9.95499038696
    },
    "barkbands_skewness": {
        "max": 8.64809417725,
        "mean": 1.7262750864,
        "min": -1.13480401039,
        "stdev": 1.30255770683
    },
    "barkbands_spread": {
        "max": 61.6812362671,
        "mean": 8.41758441925,
        "min": 0.701227962971,
        "stdev": 7.32902193069
    },
    "dissonance": {
        "max": 0.498476922512,
        "mean": 0.410367250443,
        "min": 0.172391444445,
        "stdev": 0.0551516748965
    },
    "dynamic_complexity": 7.50884246826,
    "erbbands_crest": {
        "max": 31.7612609863,
        "mean": 14.0348644257,
        "min": 3.57264351845,
        "stdev": 6.24816465378
    },
    "erbbands_flatness_db": {
        "max": 0.475189715624,
        "mean": 0.3024764359,
        "min": 0.146982654929,
        "stdev": 0.0625697672367
    },
    "erbbands_kurtosis": {
        "max": 39.753868103,
        "mean": 2.55381774902,
        "min": -1.77773487568,
        "stdev": 4.44787693024
    },
    "erbbands_skewness": {
        "max": 4.71205186844,
        "mean": 0.988362431526,
        "min": -1.63893699646,
        "stdev": 0.905869722366
    },
    "erbbands_spread": {
        "max": 86.8182296753,
        "mean": 17.7322731018,
        "min": 1.81087815762,
        "stdev": 11.3732805252
    },
    "hfc": {
        "max": 135.381607056,
        "mean": 8.03720855713,
        "min": 0.00960583146662,
        "stdev": 17.866437912
    },
    "loudness_ebu128": {
        "integrated": -19.4485816956,
        "loudness_range": 14.0575408936,
        "momentary": {
            "max": -10.2971868515,
            "mean": -24.7001247406,
            "min": -45.1543197632,
            "stdev": 6.56372880936
        },
        "short_term": {
            "max": -13.8060321808,
            "mean": -23.0985298157,
            "min": -34.9795913696,
            "stdev": 4.59968233109
        }
    },
    "melbands_crest": {
        "max": 31.8494987488,
        "mean": 16.5531520844,
        "min": 4.31637191772,
        "stdev": 6.46038246155
    },
    "melbands_flatness_db": {
        "max": 0.482644885778,
        "mean": 0.292873173952,
        "min": 0.0813382565975,
        "stdev": 0.0715819150209
    },
    "melbands_kurtosis": {
        "max": 156.865570068,
        "mean": 10.0166501999,
        "min": -1.3046104908,
        "stdev": 15.2601060867
    },
    "melbands_skewness": {
        "max": 10.1245689392,
        "mean": 1.93279981613,
        "min": -0.901710212231,
        "stdev": 1.50617074966
    },
    "melbands_spread": {
        "max": 116.777549744,
        "mean": 11.6296844482,
        "min": 0.965784072876,
        "stdev": 9.74760150909
    },
    "pitch_salience": {
        "max": 0.894441843033,
        "mean": 0.531763672829,
        "min": 0.0992218628526,
        "stdev": 0.132828876376
    },
    "silence_rate_20dB": {
        "max": 1,
        "mean": 1,
        "min": 1,
        "stdev": 0
    },
    "silence_rate_30dB": {
        "max": 1,
        "mean": 0.985010683537,
        "min": 0,
        "stdev": 0.121509797871
    },
    "silence_rate_60dB": {
        "max": 1,
        "mean": 0.518201291561,
        "min": 0,
        "stdev": 0.499667644501
    },
    "spectral_centroid": {
        "max": 3836.59960938,
        "mean": 790.090576172,
        "min": 311.341522217,
        "stdev": 336.781158447
    },
    "spectral_complexity": {
        "max": 16,
        "mean": 5.7858672142,
        "min": 0,
        "stdev": 3.22350001335
    },
    "spectral_decrease": {
        "max": -3.37820982126e-12,
        "mean": -2.79303624673e-09,
        "min": -3.58630671826e-08,
        "stdev": 5.17519627152e-09
    },
    "spectral_energy": {
        "max": 0.147634997964,
        "mean": 0.0112705463544,
        "min": 1.38733794302e-05,
        "stdev": 0.0211259573698
    },
    "spectral_energyband_high": {
        "max": 0.000746410922147,
        "mean": 9.41741018323e-06,
        "min": 9.12383910645e-08,
        "stdev": 3.77133037546e-05
    },
    "spectral_energyband_low": {
        "max": 0.000307653710479,
        "mean": 4.02533805755e-05,
        "min": 3.1081680163e-07,
        "stdev": 5.08428529429e-05
    },
    "spectral_energyband_middle_high": {
        "max": 0.136528223753,
        "mean": 0.00369519367814,
        "min": 3.28691544382e-06,
        "stdev": 0.0128826117143
    },
    "spectral_energyband_middle_low": {
        "max": 0.105128869414,
        "mean": 0.00773216690868,
        "min": 4.4591911319e-06,
        "stdev": 0.0128911165521
    },
    "spectral_entropy": {
        "max": 8.19438457489,
        "mean": 6.61856222153,
        "min": 4.94506883621,
        "stdev": 0.550321817398
    },
    "spectral_flux": {
        "max": 0.32272541523,
        "mean": 0.0349111258984,
        "min": 0.00131379661616,
        "stdev": 0.0400192029774
    },
    "spectral_kurtosis": {
        "max": 58.2933006287,
        "mean": 13.7078428268,
        "min": -1.17536795139,
        "stdev": 9.32807159424
    },
    "spectral_rms": {
        "max": 0.0120014222339,
        "mean": 0.00247177598067,
        "min": 0.000116340037494,
        "stdev": 0.00221042335033
    },
    "spectral_rolloff": {
        "max": 7450.48828125,
        "mean": 956.604675293,
        "min": 279.931640625,
        "stdev": 683.178710938
    },
    "spectral_skewness": {
        "max": 5.71816968918,
        "mean": 2.39901900291,
        "min": -0.216791734099,
        "stdev": 0.870092093945
    },
    "spectral_spread": {
        "max": 21434090,
        "mean": 2288818.25,
        "min": 1029025.4375,
        "stdev": 926655.5625
    },
    "spectral_strongpeak": {
        "max": 12.3396673203,
        "mean": 1.22908401489,
        "min": 0.00322070508264,
        "stdev": 1.80164110661
    },
    "zerocrossingrate": {
        "max": 0.22119140625,
        "mean": 0.0361708030105,
        "min": 0.0078125,
        "stdev": 0.0185278188437
    },
    "barkbands": {
        "max": [2.19255780394e-05, 0.000122443627333, 0.000108765270852, 0.000365532177966, 0.014266602695, 0.0395914427936, 0.0572060458362, 0.0445184931159, 0.0830486193299, 0.118634931743, 0.0811245590448, 0.0181904342026, 0.0151775758713, 0.0065491902642, 0.00193170993589, 0.00212552514859, 0.00306577561423, 0.000902988715097, 0.0013503121445, 0.000286574766506, 0.000316529622069, 0.000187436118722, 0.000135018388391, 2.44084021688e-05, 2.27177011425e-07, 2.22446288944e-07, 2.37051679619e-07],
        "mean": [7.07581705228e-07, 5.99026543568e-06, 1.29111285787e-05, 4.15270733356e-05, 0.000598679122049, 0.00160436355509, 0.00066889077425, 0.00195070938207, 0.002362055704, 0.00152926321607, 0.00154444982763, 0.000386048224755, 0.000244196475251, 0.000137713097502, 4.57261048723e-05, 2.77340659522e-05, 2.94825385936e-05, 2.55708018813e-05, 3.9334903704e-05, 9.91823981167e-06, 1.75524496626e-06, 1.21391894936e-06, 2.03342142413e-06, 2.61077246932e-07, 2.43532713995e-08, 6.45596853754e-10, 6.76368627772e-10],
        "min": [1.53437818007e-09, 1.0294431263e-07, 8.10129829887e-09, 1.98943816976e-09, 5.40374799129e-07, 1.15574391657e-06, 6.76163665503e-07, 1.02602278673e-07, 1.56467962142e-07, 1.05493136004e-07, 2.80142614884e-07, 7.53360112071e-08, 9.99472575813e-08, 9.01756536109e-08, 5.46736735885e-08, 3.92301444663e-08, 4.96971033215e-08, 3.55230156401e-08, 3.79272719897e-08, 2.05823198485e-08, 1.25575629895e-08, 1.01070884995e-08, 9.98643301386e-09, 1.27281483131e-08, 9.17786557864e-09, 1.94212649435e-11, 2.55827598689e-11],
        "stdev": [1.22266430935e-06, 1.05329281723e-05, 1.7629850845e-05, 5.2821735153e-05, 0.0012392263161, 0.00353574613109, 0.00295021664351, 0.00557580171153, 0.00875984784216, 0.00823400635272, 0.00785972829908, 0.00140643923078, 0.00114846485667, 0.000488097430207, 0.000125488630147, 0.000104998303868, 0.000131544817123, 7.07451836206e-05, 0.000110256441985, 2.52582394751e-05, 1.40370539157e-05, 8.09996254247e-06, 7.99192548584e-06, 1.09745258214e-06, 9.97625004828e-09, 6.9417711579e-09, 7.37542338314e-09]
    },
    "erbbands": {
        "max": [0.00346908695064, 0.0283634196967, 0.0809282436967, 0.64602047205, 5.04005241394, 50.5451889038, 255.029495239, 503.073303223, 600.872253418, 535.544799805, 1234.57861328, 2438.71044922, 3591.41796875, 5095.84130859, 2490.29174805, 925.432128906, 753.498779297, 542.332946777, 240.29095459, 103.741142273, 92.9197235107, 127.09916687, 38.4343109131, 55.129535675, 51.2924003601, 16.1881866455, 12.9352064133, 11.1536741257, 5.77833366394, 7.3860168457, 2.61071443558, 0.996674001217, 0.104133807123, 0.00402956875041, 0.00166578637436, 0.000885950925294, 0.000412558787502, 0.000147018901771, 8.00728739705e-05, 0.000174600369064],
        "mean": [0.000165592777194, 0.00151870422997, 0.0106640299782, 0.0930470600724, 0.368808537722, 2.05583930016, 11.0879793167, 11.3394355774, 8.69881057739, 14.145318985, 60.6443099976, 59.7976951599, 36.4227294922, 68.9720611572, 44.8894119263, 19.9821453094, 13.5559797287, 8.53570652008, 3.10916590691, 2.6274740696, 1.2505313158, 1.47141706944, 1.23438739777, 2.26372694969, 1.34854388237, 0.540888130665, 0.125518605113, 0.0604792498052, 0.0375799313188, 0.0662209540606, 0.0528295375407, 0.0125134568661, 0.00208849646151, 0.000452151085483, 0.000111699868285, 1.19360583994e-05, 5.3532921811e-06, 1.55246857503e-06, 5.81108270126e-06, 1.30415246531e-05],
        "min": [3.35712275046e-06, 2.79945961665e-05, 4.23766614404e-05, 6.15116441622e-05, 0.00078411080176, 0.00253864168189, 0.00350556476042, 0.00693567236885, 0.0149400923401, 0.00753028132021, 0.002230780432, 0.00228221341968, 0.00487720081583, 0.0179306548089, 0.0138313462958, 0.0054103215225, 0.00657964358106, 0.006763020996, 0.00198547518812, 0.005789546296, 0.00270520476624, 0.00300824036822, 0.00232896348462, 0.00214052456431, 0.0016975812614, 0.00109208270442, 0.00054348167032, 0.000417983130319, 0.00043759678374, 0.000362577353371, 0.000277881888906, 0.000256002647802, 0.000197825036594, 0.000129989130073, 2.85499700112e-05, 1.0926428331e-06, 1.55506441502e-07, 3.97859345469e-08, 1.6543612702e-08, 1.76085919179e-08],
        "stdev": [0.000279414351098, 0.0025366069749, 0.0122229102999, 0.114842422307, 0.654126226902, 4.54060316086, 22.3965072632, 33.8195228577, 34.5074882507, 41.6826019287, 169.265014648, 241.434890747, 195.57762146, 380.554748535, 231.490722656, 68.4312057495, 55.2085609436, 30.7211761475, 10.8287363052, 6.76209163666, 4.9061870575, 5.76760149002, 3.07301664352, 6.00946378708, 3.72777915001, 1.32128489017, 0.585934698582, 0.517661988735, 0.260298103094, 0.328234583139, 0.200545564294, 0.0513741075993, 0.00742934085429, 0.000275964266621, 6.78878059261e-05, 3.14188509947e-05, 1.54783556354e-05, 5.31755858901e-06, 1.10722648969e-05, 2.47279622272e-05]
    },
    "gfcc": {
        "mean": [-192.472839355, 163.599243164, -177.125930786, -5.26252508163, -75.8341827393, -20.8392429352, -33.9040870667, -15.9188976288, -13.704498291, -24.1457614899, 8.91142654419, -17.4627151489, 0.943275570869],
        "cov": [[3367.57641602, 37.7410087585, -760.042236328, -889.969970703, -111.363304138, -605.993164062, 563.233947754, -40.7437210083, 54.1736030579, -171.835891724, 130.239074707, 15.5784044266, -178.897705078], [37.7410087585, 294.3800354, 67.5832061768, -120.827323914, 124.416038513, -69.1806564331, -9.47884178162, 21.9405555725, -41.1971740723, 4.20958757401, -14.6842355728, -52.7579689026, 16.6582584381], [-760.042236328, 67.5832061768, 486.95098877, 188.953079224, -61.8652954102, 149.586410522, -183.277496338, -43.8326301575, 25.7341213226, -2.16797494888, -30.5052032471, 17.2436199188, 31.8058643341], [-889.969970703, -120.827323914, 188.953079224, 659.093566895, 38.3188400269, 167.050338745, -239.560043335, -35.0947723389, 53.9405174255, 35.815246582, -80.6650009155, -9.03030586243, 48.3839302063], [-111.363304138, 124.416038513, -61.8652954102, 38.3188400269, 245.705673218, -6.52698230743, -17.4365100861, 70.2334442139, -61.3183097839, 30.7833976746, -25.5748386383, -35.1500320435, 25.651216507], [-605.993164062, -69.1806564331, 149.586410522, 167.050338745, -6.52698230743, 417.896606445, -0.0971918255091, -1.59186697006, -7.42460250854, -23.8359127045, -38.6801109314, -31.0459594727, -29.9778575897], [563.233947754, -9.47884178162, -183.277496338, -239.560043335, -17.4365100861, -0.0971918255091, 273.907012939, 45.9034538269, -58.5558547974, -32.8520812988, 28.0522766113, -7.94617652893, -62.3143424988], [-40.7437210083, 21.9405555725, -43.8326301575, -35.0947723389, 70.2334442139, -1.59186697006, 45.9034538269, 115.26612854, 7.42869281769, 25.4515953064, 2.17078852654, -6.562915802, -6.32911539078], [54.1736030579, -41.1971740723, 25.7341213226, 53.9405174255, -61.3183097839, -7.42460250854, -58.5558547974, 7.42869281769, 142.922470093, 27.0377483368, 6.06378126144, 19.2921657562, -10.8525457382], [-171.835891724, 4.20958757401, -2.16797494888, 35.815246582, 30.7833976746, -23.8359127045, -32.8520812988, 25.4515953064, 27.0377483368, 100.565605164, 17.3177547455, 2.29405927658, 19.1228981018], [130.239074707, -14.6842355728, -30.5052032471, -80.6650009155, -25.5748386383, -38.6801109314, 28.0522766113, 2.17078852654, 6.06378126144, 17.3177547455, 74.8730163574, 34.5670394897, -6.43345403671], [15.5784044266, -52.7579689026, 17.2436199188, -9.03030586243, -35.1500320435, -31.0459594727, -7.94617652893, -6.562915802, 19.2921657562, 2.29405927658, 34.5670394897, 71.0245742798, 24.8477687836], [-178.897705078, 16.6582584381, 31.8058643341, 48.3839302063, 25.651216507, -29.9778575897, -62.3143424988, -6.32911539078, -10.8525457382, 19.1228981018, -6.43345403671, 24.8477687836, 77.6370162964]],
        "icov": [[0.00246228044853, 0.000713523710147, 0.000718879979104, 0.00109268352389, -0.00260113086551, 0.003148435615, -0.00478551723063, 0.0044601270929, -0.00532527966425, 0.0041856658645, -0.00155949860346, 0.00175340089481, 0.00067711493466], [0.000713523710147, 0.0108833611012, -0.00481864111498, 0.00300043518655, -0.00789756886661, 0.00353845651262, -0.00386944250204, 0.00372748658992, -0.00477894116193, 0.00319255399518, -0.00351092265919, 0.0116413496435, -0.00488424021751], [0.000718879979104, -0.00481864111498, 0.0062928525731, -0.000643290462904, 0.0041531631723, -0.00169470335823, 0.00303303310648, -0.000722506840248, 0.00142301269807, 6.12780131632e-05, 0.00218671816401, -0.00635288190097, 0.00326052494347], [0.00109268352389, 0.00300043518655, -0.000643290462904, 0.00411867909133, -0.00313121289946, 0.000884657958522, -0.000345577660482, 0.00288253254257, -0.00318037741818, 0.0012542248005, 0.00126597529743, 0.00208479864523, -0.000411266606534], [-0.00260113086551, -0.00789756886661, 0.0041531631723, -0.00313121289946, 0.0155743584037, -0.00527702923864, 0.0095447646454, -0.011791179888, 0.0123560270295, -0.00715078786016, 0.0048903808929, -0.00743747735396, 0.00174126331694], [0.003148435615, 0.00353845651262, -0.00169470335823, 0.000884657958522, -0.00527702923864, 0.00819862261415, -0.00839701853693, 0.00623879441991, -0.0077013601549, 0.00644113635644, -0.00279041891918, 0.00615451065823, 0.000452643900644], [-0.00478551723063, -0.00386944250204, 0.00303303310648, -0.000345577660482, 0.0095447646454, -0.00839701853693, 0.0209610573947, -0.0136279314756, 0.0163677595556, -0.00869413372129, 0.00540623394772, -0.0093480637297, 0.00596239743754], [0.0044601270929, 0.00372748658992, -0.000722506840248, 0.00288253254257, -0.011791179888, 0.00623879441991, -0.0136279314756, 0.0228844452649, -0.0147423464805, 0.00568399485201, -0.00312352529727, 0.00521814636886, -0.000180448769243], [-0.00532527966425, -0.00477894116193, 0.00142301269807, -0.00318037741818, 0.0123560270295, -0.0077013601549, 0.0163677595556, -0.0147423464805, 0.0252359006554, -0.0131800146773, 0.00708011630923, -0.0119662042707, 0.00622341269627], [0.0041856658645, 0.00319255399518, 6.12780131632e-05, 0.0012542248005, -0.00715078786016, 0.00644113635644, -0.00869413372129, 0.00568399485201, -0.0131800146773, 0.0219725314528, -0.0103631718084, 0.0100330654532, -0.00483624869958], [-0.00155949860346, -0.00351092265919, 0.00218671816401, 0.00126597529743, 0.0048903808929, -0.00279041891918, 0.00540623394772, -0.00312352529727, 0.00708011630923, -0.0103631718084, 0.0273099560291, -0.0190688502043, 0.00877468567342], [0.00175340089481, 0.0116413496435, -0.00635288190097, 0.00208479864523, -0.00743747735396, 0.00615451065823, -0.0093480637297, 0.00521814636886, -0.0119662042707, 0.0100330654532, -0.0190688502043, 0.041208576411, -0.0183110423386], [0.00067711493466, -0.00488424021751, 0.00326052494347, -0.000411266606534, 0.00174126331694, 0.000452643900644, 0.00596239743754, -0.000180448769243, 0.00622341269627, -0.00483624869958, 0.00877468567342, -0.0183110423386, 0.027428407222]]
    },
    "melbands": {
        "max": [3.39055295626e-05, 3.85847270081e-05, 0.000208499361179, 0.00146101962309, 0.00666258577257, 0.00963131245226, 0.0109126633033, 0.00596760166809, 0.00993625633419, 0.0133351227269, 0.0173521712422, 0.0217393580824, 0.0110506825149, 0.00270829163492, 0.00123757810798, 0.00194175657816, 0.000877026701346, 0.00052557059098, 0.000211804202991, 0.000211639140616, 0.000157074508024, 0.000194198597455, 7.79011897976e-05, 5.79608167754e-05, 5.00984315295e-05, 5.86529968132e-05, 1.50725882122e-05, 1.15694838314e-05, 7.95012238086e-06, 6.08173922956e-06, 6.90392971592e-06, 3.44229397342e-06, 3.48800085703e-06, 4.51064943263e-06, 1.60864408372e-06, 7.2453752864e-07, 5.57129112622e-07, 9.58708810117e-08, 4.56214310773e-09, 2.14427253731e-09],
        "mean": [1.61373395713e-06, 5.235077424e-06, 2.15331037907e-05, 7.29874009266e-05, 0.000327348039718, 0.00026317150332, 0.000135230584419, 0.000160637020599, 0.000552125799004, 0.000337958801538, 0.000159858376719, 0.000266274379101, 0.000189008263987, 4.69189981231e-05, 4.13007328461e-05, 2.49320455623e-05, 1.45482517837e-05, 5.108564892e-06, 3.9538758756e-06, 2.55390159509e-06, 1.33133596592e-06, 1.61000082244e-06, 1.24112455069e-06, 1.24063342355e-06, 1.94511176232e-06, 1.32670243147e-06, 5.07793515681e-07, 3.17690705742e-07, 8.17432734834e-08, 4.13472278638e-08, 3.1865841521e-08, 1.94941573994e-08, 2.51315750432e-08, 4.23372661373e-08, 3.54439571026e-08, 1.44541028035e-08, 5.1020943026e-09, 1.58306490139e-09, 4.02489541695e-10, 3.27310623049e-10],
        "min": [2.65961777046e-08, 2.00592431554e-08, 4.75586112714e-08, 1.27940509742e-07, 8.88892728312e-08, 1.6927408808e-07, 2.11263582628e-07, 6.6716822289e-08, 1.39358578011e-08, 1.55561075132e-08, 1.53377737178e-08, 6.00266645279e-08, 5.60554553886e-08, 1.12408065078e-08, 6.33812513584e-09, 6.90712864682e-09, 1.11767262112e-08, 2.22911977765e-09, 5.2013522378e-09, 4.66466199001e-09, 2.81978174144e-09, 2.61923971401e-09, 2.19192330952e-09, 1.3333222304e-09, 1.5757333216e-09, 1.50327195136e-09, 7.80267850331e-10, 4.79702333411e-10, 3.06739245115e-10, 2.92275620373e-10, 2.0728972705e-10, 2.30478303109e-10, 1.73643335821e-10, 1.8238019428e-10, 1.54126947316e-10, 1.51243920166e-10, 1.37295133595e-10, 1.26594276728e-10, 1.1437434333e-10, 9.70630520403e-11],
        "stdev": [2.898483217e-06, 6.13734664512e-06, 2.67438190349e-05, 0.000148242790601, 0.000624540436547, 0.000693010864779, 0.00058685784461, 0.000456894660601, 0.00153187091928, 0.00141853385139, 0.000947066640947, 0.00155320263002, 0.000978721538559, 0.000191969666048, 0.000120474294818, 0.000131021515699, 5.40609362361e-05, 2.37224994635e-05, 1.2432481526e-05, 9.4939241535e-06, 6.70481040288e-06, 7.49153696233e-06, 4.34029743701e-06, 3.72205499843e-06, 5.30186480319e-06, 3.8937851059e-06, 1.3591145489e-06, 8.31558509162e-07, 3.78685911073e-07, 3.24019481468e-07, 2.99235296097e-07, 1.47185517108e-07, 1.49634189484e-07, 2.00686955054e-07, 1.31238337531e-07, 5.94499915962e-08, 2.33242083425e-08, 6.49503517636e-09, 2.43923381493e-10, 1.27172217201e-10]
    },
    "melbands128": {
        "max": [6.20392984274e-06, 2.19993980863e-05, 5.79063453188e-05, 4.24727186328e-05, 3.24871834891e-05, 7.36585207051e-05, 0.000166418030858, 0.00027611857513, 0.000651141803246, 0.00156334834173, 0.00281704217196, 0.00691322842613, 0.0126846171916, 0.0138064324856, 0.0185497738421, 0.00659848423675, 0.00311463582329, 0.0169999655336, 0.0192965604365, 0.00907535478473, 0.00806608889252, 0.0112126190215, 0.0184222012758, 0.0237626619637, 0.0311648603529, 0.0227344222367, 0.0284040030092, 0.0281816609204, 0.00388892111368, 0.0347944758832, 0.0282637141645, 0.0260642245412, 0.0222327616066, 0.0172141082585, 0.00259772012942, 0.00393712846562, 0.00468037929386, 0.00159788213205, 0.00212811934762, 0.00333999749273, 0.00331245898269, 0.0038768874947, 0.00104569271207, 0.00173159944825, 0.00096649560146, 0.000750882376451, 0.00012229863205, 0.000298244354781, 0.00029125311994, 0.000245711649768, 0.000365492654964, 0.000258117826888, 9.51681504375e-05, 0.000406744831707, 0.00058119581081, 0.000191383980564, 0.000141604454257, 0.000219702138565, 4.37740454799e-05, 3.92581423512e-05, 0.000116483955935, 8.26504910947e-05, 9.08972360776e-05, 0.000124029102153, 7.25895442883e-05, 0.000105889645056, 6.86442945153e-05, 4.10863685829e-05, 1.10850096462e-05, 3.64656552847e-05, 1.98836041818e-05, 1.38269815579e-05, 7.53365475248e-06, 1.13858559416e-05, 1.19323804029e-05, 8.35158516566e-06, 5.55648921363e-06, 7.84910935181e-06, 6.89968192091e-06, 8.0730414993e-06, 3.60776152775e-06, 2.47726620728e-06, 2.88764658762e-06, 4.58035628981e-06, 5.01198564962e-06, 4.91171113026e-06, 6.62511592964e-06, 2.1450521217e-06, 1.49508252889e-06, 2.56055045611e-06, 9.97057668428e-07, 5.4890682577e-07, 7.00733380654e-07, 8.38987887164e-07, 2.75801994576e-07, 1.65686998344e-07, 6.9677739134e-08, 1.15637108777e-08, 2.83225465303e-09, 1.79858894445e-09, 2.12026707302e-09, 2.27356711235e-09, 2.02596606158e-09, 2.29926100381e-09, 1.80172821107e-09, 1.69730107746e-09, 1.6594732255e-09, 1.58348700818e-09, 1.51784751434e-09, 1.47016843144e-09, 1.41643674567e-09, 1.35493061215e-09, 1.31115851509e-09, 1.2591132581e-09, 1.21729026858e-09, 1.17825427193e-09, 1.14868492496e-09, 1.10340681037e-09, 1.07454478648e-09, 1.04971420445e-09, 1.02263175705e-09, 1.00390162849e-09, 9.7896357687e-10, 9.6784091852e-10, 9.50442724523e-10, 9.42338984622e-10, 9.32682819865e-10, 9.28028265346e-10],
        "mean": [3.64626401961e-07, 1.12050861389e-06, 2.30242198995e-06, 2.271515541e-06, 2.55879308497e-06, 7.98567089078e-06, 1.81392497325e-05, 2.06341392186e-05, 3.28519126924e-05, 5.22300069861e-05, 9.47043590713e-05, 0.000216955348151, 0.000435892172391, 0.000419230869738, 0.000278646068182, 0.000174736764166, 0.000121761666378, 0.00013537472114, 0.000137085196911, 0.000162481490406, 0.000113796901132, 0.000296325975796, 0.000818714150228, 0.000496277119964, 0.000478980131447, 0.000177180685569, 0.000186689532711, 0.000211087375646, 5.74933801545e-05, 0.000243035668973, 0.000377814518288, 0.000235966945183, 0.000237541549723, 0.000106915766082, 1.33008070407e-05, 4.2284202209e-05, 7.70224942244e-05, 3.36423217959e-05, 2.60340329987e-05, 3.69016088371e-05, 1.73113730852e-05, 2.09836816794e-05, 1.58187758643e-05, 1.26128534248e-05, 6.86451994625e-06, 3.57608746526e-06, 2.81376719613e-06, 4.19527714257e-06, 4.01912438974e-06, 4.00582257498e-06, 2.51614619629e-06, 1.14294437026e-06, 8.07104413525e-07, 1.56066914769e-06, 2.17710226025e-06, 1.47613116042e-06, 1.10088205929e-06, 1.93316122932e-06, 1.01328316759e-06, 5.90387116972e-07, 1.10303028578e-06, 1.83470501725e-06, 1.86684656001e-06, 2.16576472667e-06, 1.80514575732e-06, 1.34643482852e-06, 1.0522719549e-06, 6.15295505213e-07, 2.976099438e-07, 4.79421714772e-07, 3.89443414406e-07, 2.18456108314e-07, 1.04487114072e-07, 6.159822874e-08, 4.20211208052e-08, 4.65553249285e-08, 3.62476519911e-08, 3.57753293656e-08, 3.19894652989e-08, 2.87250649933e-08, 2.05286916355e-08, 1.52277426224e-08, 1.66795892653e-08, 2.54229597374e-08, 3.12451966522e-08, 4.10562357445e-08, 4.80306567852e-08, 4.32022950747e-08, 3.5402397458e-08, 3.14903232379e-08, 1.81450818815e-08, 9.79253744759e-09, 6.78760647688e-09, 5.42798783698e-09, 3.97098887106e-09, 2.20128870687e-09, 1.11149645043e-09, 4.74319028498e-10, 3.89427934344e-10, 3.56594392903e-10, 3.37592481747e-10, 3.24549637165e-10, 3.15983933463e-10, 2.64755356527e-10, 5.96421939614e-11, 4.95061890787e-12, 4.70966928651e-12, 4.57470606535e-12, 4.40961026374e-12, 4.25259176831e-12, 4.09252406269e-12, 3.94247872196e-12, 3.79851098492e-12, 3.6600921946e-12, 3.54527800346e-12, 3.44091075077e-12, 3.35540232752e-12, 3.17236319679e-12, 3.07256260365e-12, 3.0004616413e-12, 2.92306088188e-12, 2.86599108161e-12, 2.81298053427e-12, 2.76221688751e-12, 2.677622013e-12, 2.58056510188e-12, 2.51853659455e-12, 2.50016392138e-12],
        "min": [9.69240590565e-11, 8.65147775642e-09, 1.04968442827e-08, 2.09058619305e-08, 4.89820051186e-09, 4.93816365577e-09, 3.00943536757e-09, 7.82668596599e-10, 4.10353067082e-08, 5.88907482779e-08, 6.23611953188e-08, 2.82683636499e-08, 6.6367917384e-08, 8.02693094215e-08, 4.82216506725e-08, 9.61677315559e-09, 2.70022297855e-08, 2.64418424933e-08, 1.18300100382e-07, 6.32525356536e-08, 1.72286220845e-08, 2.77827116868e-09, 5.3713016257e-09, 1.18255973902e-08, 4.39499103777e-09, 2.72283662284e-09, 1.133504135e-08, 1.42165568207e-08, 2.51882092961e-09, 2.57823584704e-09, 1.45838283672e-08, 2.71221356485e-08, 1.81422787904e-08, 2.0426913494e-09, 7.54932560909e-09, 7.59511298298e-09, 3.00408919962e-09, 4.15387058084e-09, 5.35704325344e-09, 3.56867002616e-09, 3.95523214181e-09, 3.29894933593e-09, 4.96822849527e-09, 4.03891409206e-09, 3.62498586703e-10, 7.40500716301e-10, 1.41846212554e-09, 4.37293889988e-09, 6.60043131262e-09, 2.29706453858e-09, 1.53508716849e-09, 1.70563874136e-09, 1.34531441542e-09, 9.44580191842e-10, 1.54157553389e-09, 4.0538314372e-10, 1.69712088827e-09, 2.02320449283e-09, 1.24393617629e-09, 8.82281581127e-10, 1.01999741986e-09, 1.24581267524e-09, 5.66731717111e-10, 5.91867554967e-10, 1.15224885189e-09, 1.06685194012e-09, 3.71643021913e-10, 6.14504780394e-10, 6.66268762384e-10, 2.89504198392e-10, 4.23865553767e-10, 4.07138212033e-10, 3.05548253365e-10, 2.85249074361e-10, 1.8900074561e-10, 1.94598656633e-10, 1.68302746739e-10, 8.60521306989e-11, 1.51602799758e-10, 1.29984481512e-10, 1.57300214521e-10, 1.12227727112e-10, 1.27197918864e-10, 1.35109520794e-10, 6.10830275249e-11, 1.17547235834e-10, 9.46180078731e-11, 1.37769962105e-10, 1.27681074047e-10, 8.86595241667e-11, 9.58580090304e-11, 1.05720682209e-10, 1.24174670546e-10, 1.22686666382e-10, 8.10352132619e-11, 7.69494953867e-11, 6.95551047314e-11, 4.98758395695e-11, 6.97876548217e-11, 5.5949526262e-11, 5.77933569057e-11, 4.26263642439e-11, 6.55718673803e-11, 3.32332772413e-11, 4.75078483497e-12, 9.72501362751e-14, 8.62871717979e-14, 7.81523893452e-14, 7.53633537954e-14, 5.84384428869e-14, 7.9259224238e-14, 8.74924725768e-14, 6.46615939503e-14, 7.87509909172e-14, 8.37775487005e-14, 8.7547339983e-14, 7.91028416272e-14, 8.55533227812e-14, 7.463077194e-14, 8.55479492042e-14, 7.95919658848e-14, 8.3651435659e-14, 9.1234027169e-14, 6.49338371158e-14, 4.43044072837e-14, 1.80946481621e-14, 2.89224947906e-15, 8.12388968839e-17],
        "stdev": [5.58605961487e-07, 1.67821860941e-06, 5.23808512298e-06, 3.80882170248e-06, 3.17315834764e-06, 1.16667997645e-05, 2.81901920971e-05, 2.96298185276e-05, 7.39381066523e-05, 0.000137615759741, 0.000268611300271, 0.000571417447645, 0.00100573478267, 0.00108940491918, 0.00119473808445, 0.000581959960982, 0.000337221688824, 0.000969310349319, 0.000867618538905, 0.000623102067038, 0.000491342449095, 0.00112085277215, 0.00264636706561, 0.00194152677432, 0.00271472567692, 0.0012255879119, 0.00149744318333, 0.00149126804899, 0.000274831516435, 0.00203016703017, 0.0024795520585, 0.00153557828162, 0.00157326192129, 0.000888398149982, 9.15433047339e-05, 0.000257318868535, 0.000318578066071, 0.000137477705721, 0.000129909953102, 0.000227790806093, 0.00015637036995, 0.00015483261086, 6.85741761117e-05, 6.32695082459e-05, 5.07330478285e-05, 2.51354922511e-05, 9.08371112018e-06, 1.88818194147e-05, 1.66807603819e-05, 1.10053988465e-05, 1.65842720889e-05, 9.19924605114e-06, 3.68105793314e-06, 1.2700701518e-05, 1.77020665433e-05, 8.42187728267e-06, 6.03542139288e-06, 1.13243504529e-05, 2.58160594058e-06, 1.86653323908e-06, 5.4378601817e-06, 6.89788066666e-06, 7.13122062734e-06, 8.60659292812e-06, 5.85120596952e-06, 5.77696528126e-06, 4.0605709728e-06, 2.55697136708e-06, 8.78244122759e-07, 1.97840904548e-06, 1.08409994937e-06, 8.46210923555e-07, 4.69655702773e-07, 4.34280792661e-07, 3.73511994667e-07, 3.53099579797e-07, 3.03947956581e-07, 3.44920294992e-07, 3.19316001196e-07, 2.8382797268e-07, 1.69213024037e-07, 9.53504084578e-08, 1.09601494103e-07, 1.67302786735e-07, 1.93570798501e-07, 2.01242272624e-07, 2.61322099959e-07, 1.52594267888e-07, 1.26787696786e-07, 1.46840946513e-07, 7.3676808654e-08, 4.25240642699e-08, 3.11405656817e-08, 2.90088664201e-08, 1.85739352787e-08, 1.06222133311e-08, 4.21054302535e-09, 5.60180457576e-10, 1.98461247436e-10, 1.71096206647e-10, 1.60548768724e-10, 1.59484314644e-10, 1.52360429828e-10, 1.37252667565e-10, 6.69353392158e-11, 5.35754218767e-11, 5.2016939367e-11, 4.96022389829e-11, 4.7493373817e-11, 4.58763201039e-11, 4.41675758467e-11, 4.22911844433e-11, 4.08348112269e-11, 3.92227396395e-11, 3.79265473194e-11, 3.66785872508e-11, 3.57129568973e-11, 3.43658122792e-11, 3.34372148025e-11, 3.26695233366e-11, 3.18167679703e-11, 3.11968298417e-11, 3.04897843084e-11, 3.01169332528e-11, 2.9566009363e-11, 2.93017866915e-11, 2.90035460926e-11, 2.88597704762e-11]
    },
    "mfcc": {
        "mean": [-817.08013916, 187.451416016, -45.0877304077, 3.58182168007, -24.0895404816, -16.8867073059, -14.6879549026, -2.41260004044, -26.3947410583, 0.242630079389, -8.78289413452, -12.2085590363, -1.53136658669],
        "cov": [[3211.56689453, 323.093780518, -943.94732666, -166.762634277, -692.557189941, -300.290374756, -20.9359550476, 222.062744141, -305.701599121, 239.771072388, 2.98959994316, -126.100059509, -8.57188796997], [323.093780518, 567.383117676, -186.630966187, -133.154983521, -34.140827179, -181.356140137, 120.723205566, -49.0766983032, 8.65846157074, -33.9172935486, 47.7823867798, -56.8468704224, 12.7085103989], [-943.94732666, -186.630966187, 679.718139648, 8.40697097778, 149.237503052, 189.203079224, -150.737838745, -10.7544469833, 17.1932430267, -35.0304870605, -20.5523109436, 9.11349964142, -9.96800804138], [-166.762634277, -133.154983521, 8.40697097778, 341.451141357, 145.764587402, -24.1402397156, -82.0770492554, -97.1467514038, 71.8820877075, -59.0520858765, -33.0571861267, 38.3201637268, 23.3010234833], [-692.557189941, -34.140827179, 149.237503052, 145.764587402, 358.84777832, 71.6372146606, -28.0840854645, -67.8590774536, 102.910133362, -46.3367805481, -21.7301464081, 31.5533065796, -14.9753332138], [-300.290374756, -181.356140137, 189.203079224, -24.1402397156, 71.6372146606, 234.522232056, 21.737821579, 43.7806663513, 13.3689661026, 22.0819358826, -13.420955658, -1.82312476635, -44.9904251099], [-20.9359550476, 120.723205566, -150.737838745, -82.0770492554, -28.0840854645, 21.737821579, 272.512420654, 56.6823501587, 18.2157459259, -5.97572183609, 8.3223285675, -24.7066383362, -17.1658496857], [222.062744141, -49.0766983032, -10.7544469833, -97.1467514038, -67.8590774536, 43.7806663513, 56.6823501587, 179.557388306, -39.5258789062, 66.1534118652, -7.91820526123, -33.892829895, -15.8192996979], [-305.701599121, 8.65846157074, 17.1932430267, 71.8820877075, 102.910133362, 13.3689661026, 18.2157459259, -39.5258789062, 143.418106079, -24.8863830566, 6.04634332657, 46.8638496399, 2.14393877983], [239.771072388, -33.9172935486, -35.0304870605, -59.0520858765, -46.3367805481, 22.0819358826, -5.97572183609, 66.1534118652, -24.8863830566, 117.992904663, 14.3420505524, -15.2308988571, -14.4166574478], [2.98959994316, 47.7823867798, -20.5523109436, -33.0571861267, -21.7301464081, -13.420955658, 8.3223285675, -7.91820526123, 6.04634332657, 14.3420505524, 77.5389022827, 27.6093330383, 11.5669527054], [-126.100059509, -56.8468704224, 9.11349964142, 38.3201637268, 31.5533065796, -1.82312476635, -24.7066383362, -33.892829895, 46.8638496399, -15.2308988571, 27.6093330383, 133.161132812, 33.618309021], [-8.57188796997, 12.7085103989, -9.96800804138, 23.3010234833, -14.9753332138, -44.9904251099, -17.1658496857, -15.8192996979, 2.14393877983, -14.4166574478, 11.5669527054, 33.618309021, 78.1837463379]],
        "icov": [[0.0031127394177, -0.00365853053518, 0.0039289817214, -0.00299980002455, 0.00454022688791, -0.00298077566549, 0.0041075241752, -0.00334623572417, 0.00335913780145, -0.00292178126983, 0.00251635024324, -0.00161828892305, 0.00140274246223], [-0.00365853053518, 0.0086723593995, -0.00458105141297, 0.00589511310682, -0.00641927402467, 0.00714951846749, -0.00640564505011, 0.00549813499674, -0.0049328780733, 0.00414643716067, -0.00488258386031, 0.00436584744602, -0.00181616051123], [0.0039289817214, -0.00458105141297, 0.00774909649044, -0.00300292274915, 0.00498463399708, -0.00611554319039, 0.00717865815386, -0.00458623375744, 0.00403517857194, -0.00207234290428, 0.00302081787959, -0.00149873702321, 0.000846847367939], [-0.00299980002455, 0.00589511310682, -0.00300292274915, 0.00904020108283, -0.00633325101808, 0.00468242587522, -0.00330793950707, 0.00511159747839, -0.00506091257557, 0.00417966023088, -0.00151867233217, 0.00277051515877, -0.00263197510503], [0.00454022688791, -0.00641927402467, 0.00498463399708, -0.00633325101808, 0.0115690678358, -0.00603674585, 0.00613622833043, -0.00449087237939, 0.00289375265129, -0.00424035964534, 0.00466798711568, -0.00301397335716, 0.00298906490207], [-0.00298077566549, 0.00714951846749, -0.00611554319039, 0.00468242587522, -0.00603674585, 0.0135385040194, -0.00709210941568, 0.00351258926094, -0.00379350618459, 0.0015252783196, -0.00320252217352, 0.00214812229387, 0.00205924292095], [0.0041075241752, -0.00640564505011, 0.00717865815386, -0.00330793950707, 0.00613622833043, -0.00709210941568, 0.0120505429804, -0.00685347802937, 0.00295496871695, -0.00129560555797, 0.00314631010406, -0.00171282049268, 0.00169704947621], [-0.00334623572417, 0.00549813499674, -0.00458623375744, 0.00511159747839, -0.00449087237939, 0.00351258926094, -0.00685347802937, 0.0133425975218, -0.00313461245969, -0.00107613427099, -0.00115214334801, 0.00304890610278, -0.0022656689398], [0.00335913780145, -0.0049328780733, 0.00403517857194, -0.00506091257557, 0.00289375265129, -0.00379350618459, 0.00295496871695, -0.00313461245969, 0.0145415514708, -0.00343455653638, 0.00237849960104, -0.00536730699241, 0.00250267144293], [-0.00292178126983, 0.00414643716067, -0.00207234290428, 0.00417966023088, -0.00424035964534, 0.0015252783196, -0.00129560555797, -0.00107613427099, -0.00343455653638, 0.0159646701068, -0.00572947459295, 0.00273475050926, -0.00023117235105], [0.00251635024324, -0.00488258386031, 0.00302081787959, -0.00151867233217, 0.00466798711568, -0.00320252217352, 0.00314631010406, -0.00115214334801, 0.00237849960104, -0.00572947459295, 0.0192049574107, -0.0057905735448, -5.69115800317e-05], [-0.00161828892305, 0.00436584744602, -0.00149873702321, 0.00277051515877, -0.00301397335716, 0.00214812229387, -0.00171282049268, 0.00304890610278, -0.00536730699241, 0.00273475050926, -0.0057905735448, 0.0130386715755, -0.00510255573317], [0.00140274246223, -0.00181616051123, 0.000846847367939, -0.00263197510503, 0.00298906490207, 0.00205924292095, 0.00169704947621, -0.0022656689398, 0.00250267144293, -0.00023117235105, -5.69115800317e-05, -0.00510255573317, 0.017894661054]]
    },
    "spectral_contrast_coeffs": {
        "max": [-0.36224424839, -0.362146794796, -0.431163311005, -0.583083450794, -0.619103074074, -0.520906090736],
        "mean": [-0.613032162189, -0.697381794453, -0.727448940277, -0.773948431015, -0.779263436794, -0.788693130016],
        "min": [-0.913662612438, -0.908836901188, -0.899469912052, -0.892676234245, -0.913727104664, -0.953603506088],
        "stdev": [0.096260599792, 0.105941161513, 0.0829714238644, 0.0521207638085, 0.0469814427197, 0.0415964014828]
    },
    "spectral_contrast_valleys": {
        "max": [-7.52151679993, -5.84067201614, -6.68496608734, -7.46327972412, -7.6280503273, -10.6623058319],
        "mean": [-8.9326839447, -7.69578313828, -8.41440200806, -9.08542060852, -9.52591991425, -13.0533466339],
        "min": [-11.3533678055, -10.2849645615, -11.1724739075, -11.0815734863, -11.416513443, -13.6352434158],
        "stdev": [0.505913734436, 0.640877842903, 0.714028000832, 0.558161377907, 0.598240911961, 0.280382514]
    }
},
"rhythm": {
    "beats_count": 68,
    "beats_loudness": {
        "max": 0.129170045257,
        "mean": 0.0155292237177,
        "min": 3.4025448258e-05,
        "stdev": 0.0248378776014
    },
    "bpm": 138.985656738,
    "bpm_histogram_first_peak_bpm": 140,
    "bpm_histogram_first_peak_weight": 0.1875,
    "bpm_histogram_second_peak_bpm": 105,
    "bpm_histogram_second_peak_spread": 0.647058844566,
    "bpm_histogram_second_peak_weight": 0.0895522385836,
    "danceability": 0.930235385895,
    "onset_rate": 1.41503894329,
    "beats_loudness_band_ratio": {
        "max": [0.685534954071, 0.947937428951, 0.839952409267, 0.878362238407, 0.146369576454, 0.0304287411273],
        "mean": [0.0590372867882, 0.342876255512, 0.426498651505, 0.19919206202, 0.0332202501595, 0.00603921478614],
        "min": [0.000194934429601, 0.016416657716, 0.0253022275865, 0.00845893938094, 0.000541823217645, 0.000210151949432],
        "stdev": [0.1122154966, 0.279413700104, 0.231527775526, 0.199567064643, 0.0344217978418, 0.00684225745499]
    },
