{
"metadata": {
    "version": {
        "essentia": "2.1-beta5",
        "essentia_git_sha": "Undefined",
        "extractor": "music 2.0"
    },
    "audio_properties": {
        "analysis": {
            "equal_loudness": 0,
            "length": 32.4963264465,
            "sample_rate": 44100,
            "start_time": 126.490699768,
            "downmix": "mix"
        },
        "bit_rate": 192000,
        "length": 194.28137207,
        "lossless": 0,
        "number_channels": 2,
        "replay_gain": -8.86734962463,
        "sample_rate": 48000,
        "codec": "mp3",
        "md5_encoded": "0667709873391e0259dcee36bb5ee3fa"
    },
    "tags": {
        "file_name": "Portugal_Amar_2B.mp3",
        "encoding": ["Lavf58.29.100"]
    }
},
"lowlevel": {
    "average_loudness": 0.897067666054,
    "barkbands_crest": {
        "max": 24.4521923065,
        "mean": 9.99732780457,
        "min": 2.5859348774,
        "stdev": 4.7485704422
    },
    "barkbands_flatness_db": {
        "max": 0.239584416151,
        "mean": 0.10349418968,
        "min": 0.0270891245455,
        "stdev": 0.039807010442
    },
    "barkbands_kurtosis": {
        "max": 33.9628562927,
        "mean": 1.50162041187,
        "min": -1.84829890728,
        "stdev": 3.08639979362
    },
    "barkbands_skewness": {
        "max": 5.24295949936,
        "mean": 0.753578722477,
        "min": -3.63162398338,
        "stdev": 0.83879750967
    },
    "barkbands_spread": {
        "max": 120.551498413,
        "mean": 25.6744651794,
        "min": 3.76009392738,
        "stdev": 13.8739356995
    },
    "dissonance": {
        "max": 0.499999135733,
        "mean": 0.461885273457,
        "min": 0.292427361012,
        "stdev": 0.0311947502196
    },
    "dynamic_complexity": 3.59989237785,
    "erbbands_crest": {
        "max": 29.503074646,
        "mean": 11.4863452911,
        "min": 2.82041668892,
        "stdev": 6.01345539093
    },
    "erbbands_flatness_db": {
        "max": 0.320046693087,
        "mean": 0.163843244314,
        "min": 0.0520793013275,
        "stdev": 0.04468203336
    },
    "erbbands_kurtosis": {
        "max": 45.3769073486,
        "mean": 1.5010945797,
        "min": -1.51668262482,
        "stdev": 4.36579084396
    },
    "erbbands_skewness": {
        "max": 4.19470071793,
        "mean": 0.605087041855,
        "min": -4.55963087082,
        "stdev": 0.896743476391
    },
    "erbbands_spread": {
        "max": 95.9378890991,
        "mean": 29.6128387451,
        "min": 2.03744029999,
        "stdev": 14.1137304306
    },
    "hfc": {
        "max": 179.563232422,
        "mean": 28.0917453766,
        "min": 0.29996740818,
        "stdev": 20.5945987701
    },
    "loudness_ebu128": {
        "integrated": -14.394575119,
        "loudness_range": 5.6504983902,
        "momentary": {
            "max": -11.3974065781,
            "mean": -15.3013572693,
            "min": -24.8487167358,
            "stdev": 3.21576452255
        },
        "short_term": {
            "max": -12.0118846893,
            "mean": -14.9567289352,
            "min": -22.5189647675,
            "stdev": 2.34503293037
        }
    },
    "melbands_crest": {
        "max": 32.5058174133,
        "mean": 13.8990859985,
        "min": 3.58102440834,
        "stdev": 6.07905960083
    },
    "melbands_flatness_db": {
        "max": 0.339575797319,
        "mean": 0.153844147921,
        "min": 0.0445447899401,
        "stdev": 0.0482210703194
    },
    "melbands_kurtosis": {
        "max": 69.8905334473,
        "mean": 4.62022686005,
        "min": -1.81163978577,
        "stdev": 6.16070270538
    },
    "melbands_skewness": {
        "max": 7.02338075638,
        "mean": 1.36258459091,
        "min": -1.96074271202,
        "stdev": 1.05099201202
    },
    "melbands_spread": {
        "max": 281.34765625,
        "mean": 32.3604164124,
        "min": 3.55524778366,
        "stdev": 23.7778930664
    },
    "pitch_salience": {
        "max": 0.811885774136,
        "mean": 0.53761357069,
        "min": 0.190864369273,
        "stdev": 0.110312744975
    },
    "silence_rate_20dB": {
        "max": 1,
        "mean": 1,
        "min": 1,
        "stdev": 0
    },
    "silence_rate_30dB": {
        "max": 1,
        "mean": 1,
        "min": 1,
        "stdev": 0
    },
    "silence_rate_60dB": {
        "max": 1,
        "mean": 0.0642398297787,
        "min": 0,
        "stdev": 0.245180591941
    },
    "spectral_centroid": {
        "max": 6266.58935547,
        "mean": 1634.76843262,
        "min": 458.546020508,
        "stdev": 588.342102051
    },
    "spectral_complexity": {
        "max": 50,
        "mean": 21.5938606262,
        "min": 0,
        "stdev": 10.4481782913
    },
    "spectral_decrease": {
        "max": -7.42026856626e-11,
        "mean": -6.04274230653e-09,
        "min": -2.49172593669e-08,
        "stdev": 4.17921297569e-09
    },
    "spectral_energy": {
        "max": 0.0992464199662,
        "mean": 0.0253547430038,
        "min": 0.000307266105665,
        "stdev": 0.0171715822071
    },
    "spectral_energyband_high": {
        "max": 0.0170656424016,
        "mean": 0.000954385322984,
        "min": 6.43742941975e-06,
        "stdev": 0.00135692651384
    },
    "spectral_energyband_low": {
        "max": 0.0598093271255,
        "mean": 0.00405795453116,
        "min": 1.31454780785e-05,
        "stdev": 0.0054336306639
    },
    "spectral_energyband_middle_high": {
        "max": 0.0434694178402,
        "mean": 0.00873158499599,
        "min": 6.46311673336e-05,
        "stdev": 0.00749647337943
    },
    "spectral_energyband_middle_low": {
        "max": 0.0641105026007,
        "mean": 0.0117385014892,
        "min": 6.44150131848e-05,
        "stdev": 0.0114800520241
    },
    "spectral_entropy": {
        "max": 8.92576026917,
        "mean": 7.72159194946,
        "min": 6.35437679291,
        "stdev": 0.345695018768
    },
    "spectral_flux": {
        "max": 0.25708308816,
        "mean": 0.0865881368518,
        "min": 0.0131167406216,
        "stdev": 0.0402397289872
    },
    "spectral_kurtosis": {
        "max": 12.8086643219,
        "mean": 4.1285700798,
        "min": -1.25513005257,
        "stdev": 1.83820867538
    },
    "spectral_rms": {
        "max": 0.00984000880271,
        "mean": 0.00463478360325,
        "min": 0.00054751423886,
        "stdev": 0.00180419231765
    },
    "spectral_rolloff": {
        "max": 11714.0625,
        "mean": 1941.89807129,
        "min": 86.1328125,
        "stdev": 1539.89160156
    },
    "spectral_skewness": {
        "max": 3.0074365139,
        "mean": 1.60921418667,
        "min": -0.356461286545,
        "stdev": 0.372826516628
    },
    "spectral_spread": {
        "max": 14769642,
        "mean": 5041374,
        "min": 2991551.5,
        "stdev": 1498801.875
    },
    "spectral_strongpeak": {
        "max": 9.61364078522,
        "mean": 1.94149827957,
        "min": 0,
        "stdev": 1.87983834743
    },
    "zerocrossingrate": {
        "max": 0.443359375,
        "mean": 0.0762729495764,
        "min": 0.01220703125,
        "stdev": 0.0411757230759
    },
    "barkbands": {
        "max": [0.0289200171828, 0.0312507376075, 0.0277445726097, 0.00706184562296, 0.0111573869362, 0.0385177358985, 0.0329970493913, 0.0381356216967, 0.0616532973945, 0.0292881373316, 0.027413893491, 0.0284545049071, 0.0259080585092, 0.0165786743164, 0.0251184664667, 0.018079418689, 0.00833008531481, 0.00499957194552, 0.00638407887891, 0.00289685465395, 0.00280249817297, 0.000977952033281, 0.00143775495235, 0.00662870472297, 0.0118735600263, 0.00199412484653, 5.14651801495e-05],
        "mean": [0.00115621520672, 0.00222874223255, 0.000846101087518, 0.000331189279677, 0.000805937917903, 0.000768258352764, 0.000657343014609, 0.00172817904968, 0.00689662946388, 0.00139317603316, 0.00163427542429, 0.00107579363976, 0.000667701766361, 0.000913738855161, 0.00112442288082, 0.000644772313535, 0.000457618560176, 0.000559097155929, 0.000350281858118, 0.000303720938973, 0.000178646136192, 0.000122742567328, 0.000102662619611, 0.000178989561391, 0.000180736722541, 4.47413804068e-05, 3.02020703202e-06],
        "min": [2.03450795766e-07, 1.05960475594e-06, 5.85218458582e-07, 3.09640256546e-07, 7.91671936895e-06, 4.18847912442e-06, 4.9257801038e-07, 2.07397374652e-06, 3.28432065544e-06, 2.8904444207e-06, 1.13056557893e-06, 2.96241501019e-06, 1.8000092723e-06, 1.52845666435e-06, 2.77371373159e-06, 2.70990904028e-06, 1.09539109872e-06, 2.86160025098e-06, 2.54793758359e-06, 1.52649874963e-06, 1.18826358175e-06, 6.81573339989e-07, 8.03329953669e-07, 7.24072776848e-07, 4.57392729913e-07, 9.29752062007e-08, 3.67235353238e-10],
        "stdev": [0.00229939352721, 0.0030515063554, 0.00212425063364, 0.000646026746836, 0.00102883588988, 0.00160333688837, 0.00136558699887, 0.00389369437471, 0.0106690106913, 0.00327861658297, 0.00338550214656, 0.00191070290748, 0.00164086872246, 0.00198702700436, 0.00229395669885, 0.000947027525399, 0.000602008134592, 0.000545091694221, 0.000434405257693, 0.000332623225404, 0.000239530432737, 0.000146303485963, 0.000143684461364, 0.000389684020774, 0.000635121250525, 0.000117755080282, 5.46561432202e-06]
    },
    "erbbands": {
        "max": [0.86707174778, 8.69886875153, 31.6605434418, 22.4934711456, 16.4322471619, 68.3709106445, 91.4871292114, 408.334136963, 484.699768066, 1074.76013184, 994.550415039, 1787.44042969, 1069.48059082, 1067.3951416, 765.934936523, 1145.36730957, 1445.10449219, 847.575439453, 1492.7512207, 1922.88110352, 463.308868408, 584.457641602, 224.546844482, 386.907897949, 101.379730225, 181.103317261, 159.64553833, 45.4693069458, 39.1714897156, 41.2503471375, 47.0481414795, 117.949653625, 117.751655579, 109.780075073, 103.941459656, 15.034863472, 2.82361483574, 0.299523741007, 0.0123957525939, 0.000454335648101],
        "mean": [0.095690228045, 0.388376444578, 0.990790903568, 1.05113530159, 1.50313258171, 2.83216190338, 5.25974559784, 6.55571889877, 8.06833648682, 17.0868320465, 61.2546348572, 172.771133423, 71.6609954834, 51.3745155334, 62.0804176331, 41.0356369019, 32.7514152527, 46.0025939941, 63.4236869812, 38.6564712524, 36.7285423279, 29.139793396, 32.9639778137, 24.1165771484, 13.9279785156, 14.1037473679, 9.64497566223, 5.44315338135, 4.74033021927, 3.49138355255, 2.87489080429, 2.90550255775, 3.46880960464, 2.24865341187, 1.1835142374, 0.331934094429, 0.0570709742606, 0.00698834378272, 0.000630029884633, 5.22917252965e-05],
        "min": [5.03811752424e-05, 0.00030574988341, 0.00234136125073, 0.0096122007817, 0.0170647129416, 0.0221986416727, 0.0184704400599, 0.0459275767207, 0.0973405763507, 0.0793312489986, 0.133684769273, 0.11247998476, 0.0963254272938, 0.113727264106, 0.0629470795393, 0.153530523181, 0.101633742452, 0.119908839464, 0.148832514882, 0.174532115459, 0.215199097991, 0.0736045390368, 0.101537652314, 0.113873645663, 0.113865144551, 0.0836622714996, 0.0566609539092, 0.0430689454079, 0.0296357963234, 0.0211896710098, 0.0219617113471, 0.0220415201038, 0.00704715680331, 0.00386341498233, 0.0037243294064, 0.000755569548346, 0.000103948026663, 1.49864881678e-05, 1.41839473145e-06, 1.10661153485e-06],
        "stdev": [0.12922783196, 0.677638411522, 2.34631347656, 2.19117879868, 2.08644032478, 4.77156877518, 7.02788686752, 16.8310585022, 18.2041893005, 46.1515007019, 104.947257996, 293.818206787, 124.4112854, 104.398406982, 110.01260376, 74.2223052979, 84.8901290894, 96.6518478394, 127.778068542, 90.2235641479, 44.0523796082, 36.1165275574, 33.2003326416, 27.4410743713, 12.9993457794, 16.4504642487, 13.1993427277, 6.80105113983, 5.69469213486, 4.40721178055, 4.30314683914, 6.8367805481, 7.26724386215, 7.37399530411, 4.47582149506, 0.907059371471, 0.150047600269, 0.0164045859128, 0.00114217179362, 5.03438677697e-05]
    },
    "gfcc": {
        "mean": [18.4080600739, 65.8555526733, -129.555801392, 19.3948554993, -60.3484382629, 20.8861637115, -37.3741950989, 28.0380001068, -20.3624420166, 5.53629541397, -15.9678020477, -0.312257736921, -6.37221813202],
        "cov": [[3020.03881836, -588.764221191, -531.417907715, -170.808319092, 9.27245998383, 4.25714063644, 148.641418457, 110.921195984, 120.978225708, 147.466278076, -59.1903343201, -90.3661346436, -63.3029747009], [-588.764221191, 607.573547363, 11.7047462463, 9.87123203278, 76.7685241699, 16.5031433105, 108.574623108, -11.1694288254, -21.086517334, -81.6030960083, 17.5905017853, -11.7477054596, 46.7482910156], [-531.417907715, 11.7047462463, 667.174804688, 221.827545166, 89.8597793579, 79.6933059692, -72.5119094849, -22.6046104431, -26.4546337128, -28.6259651184, -20.5951499939, 53.9553031921, -13.6988201141], [-170.808319092, 9.87123203278, 221.827545166, 316.298919678, 59.6487960815, -42.9170684814, -74.195640564, -18.374174118, 24.1661014557, 18.1075687408, 6.3320479393, 26.8589572906, -5.18041086197], [9.27245998383, 76.7685241699, 89.8597793579, 59.6487960815, 149.904846191, 75.7799606323, 36.2428092957, 1.94594013691, -2.31183385849, 8.35903644562, 10.3666877747, 8.51104927063, 1.61403012276], [4.25714063644, 16.5031433105, 79.6933059692, -42.9170684814, 75.7799606323, 211.828643799, 114.047912598, -16.9401340485, -28.1034412384, -1.09185993671, 14.1921167374, 2.7618970871, 0.643791615963], [148.641418457, 108.574623108, -72.5119094849, -74.195640564, 36.2428092957, 114.047912598, 226.53666687, -1.06401765347, -14.9478616714, -11.0678682327, 14.2296524048, -3.72645688057, 8.47857189178], [110.921195984, -11.1694288254, -22.6046104431, -18.374174118, 1.94594013691, -16.9401340485, -1.06401765347, 146.71282959, 54.8411064148, 1.31649792194, 0.399272978306, -27.3981800079, 8.42394924164], [120.978225708, -21.086517334, -26.4546337128, 24.1661014557, -2.31183385849, -28.1034412384, -14.9478616714, 54.8411064148, 112.63609314, 33.4940299988, -2.28645586967, -30.3179779053, 1.80391275883], [147.466278076, -81.6030960083, -28.6259651184, 18.1075687408, 8.35903644562, -1.09185993671, -11.0678682327, 1.31649792194, 33.4940299988, 82.6881103516, 27.9055614471, 12.2486772537, -9.64695930481], [-59.1903343201, 17.5905017853, -20.5951499939, 6.3320479393, 10.3666877747, 14.1921167374, 14.2296524048, 0.399272978306, -2.28645586967, 27.9055614471, 77.3409881592, 32.0608139038, 11.5222578049], [-90.3661346436, -11.7477054596, 53.9553031921, 26.8589572906, 8.51104927063, 2.7618970871, -3.72645688057, -27.3981800079, -30.3179779053, 12.2486772537, 32.0608139038, 86.5338745117, 22.6855716705], [-63.3029747009, 46.7482910156, -13.6988201141, -5.18041086197, 1.61403012276, 0.643791615963, 8.47857189178, 8.42394924164, 1.80391275883, -9.64695930481, 11.5222578049, 22.6855716705, 59.5709114075]],
        "icov": [[0.000658529112116, 0.000749744533096, 0.000450846855529, 1.61351526913e-05, -0.000719732954167, 0.000346008077031, -0.000783573079389, -0.000228947799769, -0.000181422714377, -0.00048761346261, 0.000715312024113, 0.000171328472788, 9.9091361335e-05], [0.000749744533096, 0.0035596836824, 0.000278687133687, 7.3499395512e-05, -0.00258229509927, 0.00185959099326, -0.00237214472145, 0.000563137058634, -0.000512534752488, 0.0023309874814, -0.00101982511114, 0.00164221832529, -0.00165353890043], [0.000450846855529, 0.000278687133687, 0.00320294639096, -0.00185708783101, -0.000591336633079, -0.00211299303919, 0.000962933001574, -0.000716013775673, -0.000319822196616, 0.00118481810205, 0.00188852054998, -0.00236402801238, 0.00157503329683], [1.61351526913e-05, 7.3499395512e-05, -0.00185708783101, 0.00557186035439, -0.00241203815676, 0.00252005970106, 0.000238055057707, 0.00129240180831, -0.00151522061788, -0.000587175600231, -0.000951031281147, -6.30938593531e-05, -2.79542337012e-06], [-0.000719732954167, -0.00258229509927, -0.000591336633079, -0.00241203815676, 0.011721781455, -0.00490327831358, 0.00120411405805, -0.0012856448302, 0.000878498132806, -0.00227349950001, 0.000361886719475, -0.000991504522972, 0.000574527250137], [0.000346008077031, 0.00185959099326, -0.00211299303919, 0.00252005970106, -0.00490327831358, 0.0108882132918, -0.00535908248276, 0.00142589572351, 0.00119606009685, -0.000621543265879, -0.00211837259121, 0.00325483526103, -0.00174872076605], [-0.000783573079389, -0.00237214472145, 0.000962933001574, 0.000238055057707, 0.00120411405805, -0.00535908248276, 0.00894799083471, -0.000307233683998, -0.000182858173503, 0.000933003146201, -0.000395870592911, -0.00177954754326, 0.000977086718194], [-0.000228947799769, 0.000563137058634, -0.000716013775673, 0.00129240180831, -0.0012856448302, 0.00142589572351, -0.000307233683998, 0.00950521044433, -0.00452584214509, 0.00245217280462, -0.00241926219314, 0.00243278429843, -0.00194281165022], [-0.000181422714377, -0.000512534752488, -0.000319822196616, -0.00151522061788, 0.000878498132806, 0.00119606009685, -0.000182858173503, -0.00452584214509, 0.0158704612404, -0.00814709998667, 0.00117029517423, 0.00609931768849, -0.00371560268104], [-0.00048761346261, 0.0023309874814, 0.00118481810205, -0.000587175600231, -0.00227349950001, -0.000621543265879, 0.000933003146201, 0.00245217280462, -0.00814709998667, 0.0232158135623, -0.00790360569954, -0.00409635109827, 0.00455772737041], [0.000715312024113, -0.00101982511114, 0.00188852054998, -0.000951031281147, 0.000361886719475, -0.00211837259121, -0.000395870592911, -0.00241926219314, 0.00117029517423, -0.00790360569954, 0.0205626189709, -0.00703885685652, -0.000288531562546], [0.000171328472788, 0.00164221832529, -0.00236402801238, -6.30938593531e-05, -0.000991504522972, 0.00325483526103, -0.00177954754326, 0.00243278429843, 0.00609931768849, -0.00409635109827, -0.00703885685652, 0.0219837520272, -0.00961321033537], [9.9091361335e-05, -0.00165353890043, 0.00157503329683, -2.79542337012e-06, 0.000574527250137, -0.00174872076605, 0.000977086718194, -0.00194281165022, -0.00371560268104, 0.00455772737041, -0.000288531562546, -0.00961321033537, 0.0232578516006]]
    },
    "melbands": {
        "max": [0.00659350864589, 0.0143453199416, 0.00373351015151, 0.00240730238147, 0.00257391412742, 0.00934061128646, 0.00656094448641, 0.0106587028131, 0.00784117821604, 0.0121266199276, 0.00541725615039, 0.0045651323162, 0.00294520473108, 0.00365711119957, 0.00204113218933, 0.00274355523288, 0.00192656065337, 0.00305964029394, 0.00210560462438, 0.00171377079096, 0.000561704393476, 0.000659856188577, 0.00040456696297, 0.000242973634158, 0.000390254281228, 0.000156832917128, 8.80795560079e-05, 0.000131400753162, 0.000110829103505, 5.70769698243e-05, 2.26608026423e-05, 2.9780292607e-05, 2.53179659921e-05, 2.32507827604e-05, 2.67489340331e-05, 5.01344002259e-05, 7.90837220848e-05, 8.83779139258e-05, 7.88424658822e-05, 9.70704422798e-05],
        "mean": [0.000794452207629, 0.000499939138535, 0.000195920365513, 0.000152070831973, 0.000176426125108, 0.000148355655256, 0.000125911115902, 0.000216947679291, 0.000575780286454, 0.00111295026727, 0.000321553670801, 0.000197018875042, 0.000205139614991, 0.000146737482282, 7.30084211682e-05, 7.16174545232e-05, 8.62243323354e-05, 0.000102732199593, 6.86892017256e-05, 4.26652732131e-05, 4.05756036344e-05, 2.93937282549e-05, 2.88858900603e-05, 2.51046403719e-05, 1.9597066057e-05, 1.08220265247e-05, 1.00145925899e-05, 9.04547505343e-06, 6.59712350171e-06, 4.17377850681e-06, 2.64812638306e-06, 2.72239390142e-06, 2.30275850299e-06, 1.79194921657e-06, 1.60805370797e-06, 1.68622761976e-06, 1.78427183073e-06, 2.4134690193e-06, 2.3439049528e-06, 1.75360344201e-06],
        "min": [4.60665148694e-07, 1.90276387002e-06, 2.46028184847e-06, 1.67266637163e-06, 7.9725617752e-07, 9.78621187642e-07, 1.06131051325e-06, 7.83572261298e-07, 9.29189184262e-07, 6.14137888988e-07, 3.55015089326e-07, 3.51206494997e-07, 1.96545883568e-07, 3.83348719879e-07, 1.24776718735e-07, 2.0159235703e-07, 1.25730949208e-07, 2.02694508289e-07, 2.16280298559e-07, 2.36953781041e-07, 2.52102694276e-07, 5.62615554145e-08, 8.96500864656e-08, 1.15171978621e-07, 7.41123926673e-08, 8.65507701064e-08, 4.15836467482e-08, 4.9515293199e-08, 3.41682238059e-08, 1.70183351855e-08, 2.02734913302e-08, 1.59965090063e-08, 1.12830971233e-08, 1.11436424532e-08, 1.08121760434e-08, 1.31962085703e-08, 1.15616485274e-08, 4.78075534716e-09, 4.08938483076e-09, 2.74802514078e-09],
        "stdev": [0.00100834178738, 0.00105490756687, 0.000351934344508, 0.000219051536988, 0.000222030881559, 0.000367075845134, 0.000263244815869, 0.000563120527659, 0.00098206824623, 0.00196092645638, 0.000611853261944, 0.000418816227466, 0.000398553762352, 0.000250739132753, 0.000161764866789, 0.000165197940078, 0.000212130922591, 0.000220596572035, 0.000148616585648, 8.78674327396e-05, 5.27156153112e-05, 3.98886149924e-05, 3.27350280713e-05, 2.53301095654e-05, 2.5160758014e-05, 1.2670068827e-05, 1.08640333565e-05, 1.09536886157e-05, 9.60944453254e-06, 5.61579372516e-06, 3.44737509295e-06, 3.39155917572e-06, 3.05377670884e-06, 2.3938148388e-06, 2.45588057624e-06, 3.11287021759e-06, 4.75779597764e-06, 5.12073665959e-06, 5.82218945056e-06, 6.38109941065e-06]
    },
    "melbands128": {
        "max": [0.0156379248947, 0.00981657486409, 0.00830106437206, 0.0166225712746, 0.0181075409055, 0.0121845416725, 0.00504338042811, 0.00328984833322, 0.00205458886921, 0.00320661370642, 0.00545154558495, 0.00309874722734, 0.00413946527988, 0.00301679852419, 0.00710292905569, 0.0161976702511, 0.0132834799588, 0.0032260469161, 0.00823830999434, 0.0188966952264, 0.0151204708964, 0.0134170670062, 0.0131268724799, 0.0157582517713, 0.016492407769, 0.0209086947143, 0.00996771361679, 0.0108313765377, 0.00598813313991, 0.00722221424803, 0.00637808721513, 0.00848359894007, 0.00540774129331, 0.00587809411809, 0.0029132522177, 0.00597601896152, 0.00305811897852, 0.00376378558576, 0.00379517092369, 0.00791849847883, 0.0023333618883, 0.00170357723255, 0.00250150472857, 0.00374711863697, 0.00236835284159, 0.00603739218786, 0.00313319801353, 0.00490596983582, 0.00371918128803, 0.00570037541911, 0.00117057398893, 0.000785878393799, 0.00144647806883, 0.000766729586758, 0.000543413276318, 0.00104921264574, 0.00100051029585, 0.000548262556549, 0.000565551279578, 0.000455211760709, 0.000526515359525, 0.000389965134673, 0.000447911821539, 0.000552769808564, 0.000627110013738, 0.000189258993487, 5.71603304707e-05, 9.87849853118e-05, 0.000111310269858, 0.000300405226881, 0.000327465066221, 8.28628471936e-05, 0.000211595543078, 0.000221757480176, 0.000115135371743, 0.000117513031, 7.00052260072e-05, 4.49729996035e-05, 2.55730610661e-05, 2.23376137001e-05, 3.88858134102e-05, 3.63076942449e-05, 4.25693033321e-05, 3.35071163136e-05, 2.67867708317e-05, 2.63320926024e-05, 5.60666594538e-05, 2.37415042648e-05, 3.97453331971e-05, 3.49249276042e-05, 4.08181404055e-05, 7.31838372303e-05, 7.84370931797e-05, 8.93990072655e-05, 0.000106390354631, 0.000119045464089, 9.70448090811e-05, 6.76019408274e-05, 8.33101730677e-05, 0.000115045171697, 9.89604086499e-05, 9.03784530237e-05, 0.000101320198155, 0.000204866606509, 0.00017930737522, 6.48513087071e-05, 4.78269175801e-05, 4.90607708343e-05, 2.04746465897e-05, 1.52376505866e-05, 2.31005378737e-05, 1.52704051288e-05, 5.25816903973e-06, 7.49176297177e-06, 5.64127367397e-06, 3.67680581803e-06, 1.17717263493e-06, 5.94733307935e-07, 5.75617548293e-07, 3.66198179336e-07, 3.54433922212e-07, 2.34446119407e-07, 1.53897261157e-07, 2.03180050562e-08, 2.00549976626e-08, 1.98584793054e-08, 1.97192040474e-08, 1.96310416811e-08],
        "mean": [0.00080759084085, 0.000935402989853, 0.000739507784601, 0.000619081838522, 0.000560417189263, 0.000372933922336, 0.000208645797102, 0.000159858682309, 0.000143331984873, 0.000149216211867, 0.000154746710905, 0.000178097237949, 0.000195056840312, 0.000156837108079, 0.000147259663208, 0.000143018492963, 0.000135004782351, 0.000103106176539, 0.000145232421346, 0.00015637629258, 0.000260604196228, 0.000379205564968, 0.000562650442589, 0.000848482304718, 0.00120759347919, 0.00145434052683, 0.000315968994983, 0.000269182753982, 0.000207537741517, 0.00013563799439, 0.000227467578952, 0.000250346231041, 0.000141532189446, 0.000269656797173, 0.000151374741108, 0.000130278378492, 9.10885937628e-05, 7.35123467166e-05, 4.89749581902e-05, 8.26217947179e-05, 7.80455957283e-05, 5.3694282542e-05, 9.05471897568e-05, 0.000109175896796, 6.41948063276e-05, 0.000143074212247, 8.66051777848e-05, 7.79547626735e-05, 5.43966561963e-05, 3.80948731618e-05, 4.32575216109e-05, 3.82968974009e-05, 6.31168149994e-05, 2.83812933048e-05, 2.19245903281e-05, 3.58341385436e-05, 3.02313583234e-05, 1.83258016477e-05, 3.19609061989e-05, 4.38757488155e-05, 1.88274170796e-05, 1.53350720211e-05, 2.73226614809e-05, 1.64173234225e-05, 1.70747316588e-05, 1.01378400359e-05, 7.1945273703e-06, 9.53019298322e-06, 1.01427094705e-05, 1.20734011944e-05, 8.3384456957e-06, 8.90511637408e-06, 6.75422234053e-06, 6.80060429659e-06, 5.49917831449e-06, 4.0172349145e-06, 3.81402446692e-06, 3.43949886883e-06, 2.39983228312e-06, 1.89446404875e-06, 2.68536905423e-06, 3.12933616442e-06, 2.59304010797e-06, 2.29822830988e-06, 2.01048374038e-06, 1.82314136055e-06, 1.82211965694e-06, 1.48244419051e-06, 1.72435159129e-06, 1.41978648571e-06, 1.84538589565e-06, 1.63911590789e-06, 1.71053557096e-06, 1.62869991982e-06, 1.96548694475e-06, 2.16298917621e-06, 2.52408767665e-06, 2.75311231235e-06, 2.47068987846e-06, 2.05471133086e-06, 1.98807470042e-06, 1.66806216839e-06, 1.53318194407e-06, 1.46638831211e-06, 1.55183772677e-06, 1.18049206321e-06, 9.24607036268e-07, 7.43547900584e-07, 5.15284511948e-07, 3.55740297664e-07, 2.71413711062e-07, 1.9439811183e-07, 1.58255332394e-07, 1.11202766107e-07, 8.70918839269e-08, 5.78139491836e-08, 3.63032519601e-08, 2.28263079549e-08, 3.08262713133e-08, 1.74436873834e-08, 1.16577849596e-08, 9.93376492175e-09, 5.75256819957e-09, 1.61977070645e-10, 1.83659094877e-11, 1.81136199789e-11, 1.79452112892e-11, 1.78537375856e-11],
        "min": [2.54987941872e-08, 2.048936949e-07, 2.74845803006e-07, 3.52756501343e-07, 3.08609884314e-07, 3.11306990852e-07, 7.46518935557e-07, 2.0113945709e-07, 1.12436538302e-07, 2.52382875487e-07, 7.59915906201e-07, 1.59256060783e-07, 5.71729515286e-07, 2.01418799861e-07, 3.10682906957e-07, 6.16823498945e-08, 2.27963667498e-07, 1.3385383113e-07, 3.21590967189e-08, 3.22216692439e-07, 5.02446823702e-07, 4.08488972425e-07, 4.62123978195e-07, 7.18056298865e-08, 4.46944426358e-07, 3.24892994286e-07, 7.62599583481e-08, 9.92464848082e-08, 1.03936216078e-07, 2.1327191746e-07, 1.23204628721e-07, 1.32616264636e-07, 3.39930252835e-08, 6.46518287795e-08, 2.04162319051e-07, 1.07492930113e-07, 3.03796774404e-08, 6.17036164385e-08, 4.62210394403e-08, 6.80802685338e-08, 1.01287533028e-07, 3.56191023343e-08, 4.34666382887e-08, 8.6852082859e-08, 6.0275780811e-08, 8.85667077455e-08, 5.84871386877e-08, 8.78631709611e-08, 6.39689048398e-08, 4.65723033471e-08, 6.11060855249e-08, 1.08037916391e-07, 7.28435409769e-08, 4.92557319376e-08, 4.40636682697e-08, 3.20856408109e-08, 1.67011204866e-08, 4.09423535075e-08, 5.27525898519e-08, 4.93722005501e-08, 4.90529075137e-08, 2.94813649049e-08, 4.11637195441e-08, 2.21538059009e-08, 4.63893456981e-08, 2.41089779252e-08, 3.61451846231e-08, 1.99702476777e-08, 3.34063727792e-08, 2.62774459969e-08, 2.37930226632e-08, 1.2741931954e-08, 1.65244564698e-08, 2.47706797296e-08, 1.70817173739e-08, 6.40000807905e-09, 1.28739365834e-08, 7.36579552907e-09, 9.6614938272e-09, 8.03528266147e-09, 1.30716948377e-08, 1.14339266943e-08, 1.28834791724e-08, 7.66179297784e-09, 7.59408269602e-09, 1.10767013339e-08, 9.56266532626e-09, 8.02359245711e-09, 4.22305967973e-09, 1.05777315795e-08, 7.09920611186e-09, 1.18690737239e-08, 1.6488371557e-08, 7.52526840841e-09, 9.35812760616e-09, 4.78450834507e-09, 4.23210755329e-09, 1.23889443149e-09, 1.72892067329e-09, 2.8928799356e-09, 2.84664714023e-09, 1.99977123749e-09, 1.25854782151e-09, 1.52593981895e-09, 4.89755391797e-09, 3.30044791497e-09, 1.9364099213e-09, 1.3652169395e-09, 8.74999850353e-10, 5.40658129378e-10, 2.29705574006e-10, 1.18352105893e-10, 1.1617453527e-10, 1.27573396291e-10, 1.50725515402e-10, 1.08716030969e-11, 3.98006887864e-12, 1.60159618857e-13, 7.89972538881e-14, 7.70933948732e-14, 6.63165065939e-14, 8.21604272789e-14, 8.61272994113e-14, 7.9163252017e-14, 4.15167473154e-14, 1.41453384108e-14, 2.3552731539e-15, 1.51895189118e-16],
        "stdev": [0.00146060134284, 0.00136342714541, 0.00101738271769, 0.00124466733541, 0.00133104051929, 0.000957346172072, 0.000485997647047, 0.000293000572128, 0.000222769740503, 0.000269706157269, 0.000341865146765, 0.000275476631941, 0.00031075879815, 0.000245258706855, 0.000386646774132, 0.000592020398472, 0.000458236754639, 0.00019860563043, 0.00031678477535, 0.000697872776072, 0.000816819840111, 0.00109768495895, 0.0013187462464, 0.00187940138858, 0.00235717534088, 0.00335113960318, 0.000921900384128, 0.000988582265563, 0.000538105610758, 0.00045146321645, 0.000641884864308, 0.000832710706163, 0.000435097463196, 0.000671922927722, 0.000325763248838, 0.000384248414775, 0.000251829507761, 0.000216640604776, 0.000196897788555, 0.00040606877883, 0.000153735396452, 0.000139978539664, 0.000281220127363, 0.000375802948838, 0.000154737601406, 0.000442054966697, 0.000239384491579, 0.000216167129111, 0.000193520652829, 0.000219837966142, 9.69669636106e-05, 5.55743245059e-05, 0.000110302346002, 5.64100664633e-05, 4.20861288148e-05, 5.85105808568e-05, 5.99184859311e-05, 4.25743528467e-05, 4.52562780993e-05, 6.0030080931e-05, 3.39302896464e-05, 2.49289478234e-05, 3.6526718759e-05, 3.14952012559e-05, 3.45814805769e-05, 1.3376015886e-05, 7.92265745986e-06, 1.14821878014e-05, 1.24408561533e-05, 2.30175883189e-05, 1.48559374793e-05, 1.05304861791e-05, 1.14923068395e-05, 1.35997652251e-05, 9.41185862757e-06, 6.62762840875e-06, 5.80770347369e-06, 5.42503175893e-06, 3.47404784407e-06, 2.52842323789e-06, 3.90591685573e-06, 4.21281129093e-06, 3.9950991777e-06, 3.39192024512e-06, 2.88013438876e-06, 2.67778000307e-06, 2.96573557534e-06, 2.23990309678e-06, 3.33477987624e-06, 2.43592808147e-06, 3.0277381029e-06, 3.51231892637e-06, 4.16053444496e-06, 4.69389942737e-06, 5.74045134272e-06, 6.21324579697e-06, 5.10275140186e-06, 4.77096409668e-06, 5.98300402999e-06, 7.08267907612e-06, 6.79815775584e-06, 6.33055014987e-06, 6.37412540527e-06, 7.3600945143e-06, 6.65920379106e-06, 3.81725658372e-06, 2.805699296e-06, 2.35122524828e-06, 1.2563330074e-06, 8.95482855867e-07, 8.6362285856e-07, 6.30630381693e-07, 3.71523071863e-07, 3.33401771968e-07, 2.56974288959e-07, 1.77676668045e-07, 7.29757374529e-08, 4.80722590623e-08, 6.19026323534e-08, 3.76800528556e-08, 2.91739183922e-08, 2.38191635304e-08, 1.70416303291e-08, 1.00977637363e-09, 5.35578914551e-10, 5.30330057646e-10, 5.2661253136e-10, 5.24258914059e-10]
    },
    "mfcc": {
        "mean": [-622.84375, 101.486282349, -10.9327173233, 5.56985473633, 3.90689277649, -7.75758934021, 2.63375616074, 7.60440778732, 8.24803543091, 7.69964265823, 2.89485311508, 1.40117108822, -2.40848326683],
        "cov": [[3362.15454102, -537.306335449, -665.331726074, -175.904983521, -232.662261963, -76.5374526978, -13.5452594757, -77.793258667, 126.487190247, 180.994003296, 129.949783325, 16.068321228, 9.03015232086], [-537.306335449, 515.966247559, -19.8381004333, -16.9266357422, -16.4251346588, 35.509601593, 98.6576461792, 72.7100448608, 30.4221935272, -48.3835945129, -0.29131475091, -12.3181209564, -32.1165924072], [-665.331726074, -19.8381004333, 504.994293213, 138.433151245, 162.383499146, 74.9080047607, -8.02163887024, 36.12342453, -17.6451892853, -42.0452308655, -32.4405174255, 9.21709442139, 11.0045051575], [-175.904983521, -16.9266357422, 138.433151245, 286.342559814, 94.9110717773, -1.19305944443, -60.7619934082, -14.0732269287, -25.6236724854, 7.826649189, -49.5240974426, 23.6808738708, 52.6740074158], [-232.662261963, -16.4251346588, 162.383499146, 94.9110717773, 216.944381714, -2.83425283432, -27.6525497437, -0.48208168149, 1.30173325539, 14.7878627777, -13.0260686874, 12.543598175, 18.5785617828], [-76.5374526978, 35.509601593, 74.9080047607, -1.19305944443, -2.83425283432, 234.815444946, 95.4394454956, 28.5154037476, -12.4429273605, -19.5541210175, 9.43447399139, -19.6452293396, 1.31998467445], [-13.5452594757, 98.6576461792, -8.02163887024, -60.7619934082, -27.6525497437, 95.4394454956, 179.203781128, 68.422958374, 11.4631967545, -11.7593221664, 7.1183142662, -7.37613344193, 12.0187835693], [-77.793258667, 72.7100448608, 36.12342453, -14.0732269287, -0.48208168149, 28.5154037476, 68.422958374, 92.8487243652, 35.1532287598, 0.288692563772, 1.70098233223, -2.76506257057, -2.65121674538], [126.487190247, 30.4221935272, -17.6451892853, -25.6236724854, 1.30173325539, -12.4429273605, 11.4631967545, 35.1532287598, 88.1846237183, 32.8148956299, 20.9102840424, -5.86265563965, -25.1436710358], [180.994003296, -48.3835945129, -42.0452308655, 7.826649189, 14.7878627777, -19.5541210175, -11.7593221664, 0.288692563772, 32.8148956299, 123.486541748, 32.6590957642, -5.57883071899, -6.55392932892], [129.949783325, -0.29131475091, -32.4405174255, -49.5240974426, -13.0260686874, 9.43447399139, 7.1183142662, 1.70098233223, 20.9102840424, 32.6590957642, 82.328994751, 16.5616703033, -23.6878376007], [16.068321228, -12.3181209564, 9.21709442139, 23.6808738708, 12.543598175, -19.6452293396, -7.37613344193, -2.76506257057, -5.86265563965, -5.57883071899, 16.5616703033, 75.0771102905, 32.2981643677], [9.03015232086, -32.1165924072, 11.0045051575, 52.6740074158, 18.5785617828, 1.31998467445, 12.0187835693, -2.65121674538, -25.1436710358, -6.55392932892, -23.6878376007, 32.2981643677, 108.554733276]],
        "icov": [[0.000654388975818, 0.000803531962447, 0.000811150879599, -0.000240191700868, 0.000199790723855, -8.98089056136e-05, -0.000372560753021, 0.000301834079437, -0.00112630310468, 6.01348756391e-06, -0.00053815706633, -2.39651690208e-05, -0.000137681985507], [0.000803531962447, 0.00352699588984, 0.00143103755545, -0.000935921852943, 2.77407852991e-05, 0.000120827608043, -0.00166314339731, -0.000869251263794, -0.00181274791248, 0.00140806729905, -0.000996609451249, 0.000180981223821, 0.000836221792269], [0.000811150879599, 0.00143103755545, 0.00443060090765, -0.00128853274509, -0.00194393913262, -0.00116279895883, 0.000160354597028, -0.00181073159911, -0.000797514047008, 0.00142182665877, -0.00058505119523, -0.000215881169424, 0.00065454072319], [-0.000240191700868, -0.000935921852943, -0.00128853274509, 0.00605698442087, -0.00109359063208, -0.000935709918849, 0.00262401881628, -0.000286861817585, 0.00111925043166, -0.00202968926169, 0.00361733860336, -0.00179797585588, -0.00170331902336], [0.000199790723855, 2.77407852991e-05, -0.00194393913262, -0.00109359063208, 0.00694961007684, 0.000426752521889, -3.22129676533e-06, 0.00106309005059, -0.0011781801004, -0.00138541334309, 1.21238654174e-05, -0.000364058068953, -0.00069453677861], [-8.98089056136e-05, 0.000120827608043, -0.00116279895883, -0.000935709918849, 0.000426752521889, 0.0065305926837, -0.00395981688052, 0.000751052808482, 0.00110078405123, 0.000886035617441, -0.00235472293571, 0.00242791441269, -8.29884629638e-06], [-0.000372560753021, -0.00166314339731, 0.000160354597028, 0.00262401881628, -3.22129676533e-06, -0.00395981688052, 0.0122517263517, -0.00730247236788, 0.00191909703426, -0.00050614529755, 0.000730303698219, -5.09511664859e-05, -0.00264821364544], [0.000301834079437, -0.000869251263794, -0.00181073159911, -0.000286861817585, 0.00106309005059, 0.000751052808482, -0.00730247236788, 0.0204895474017, -0.0079619018361, -0.000359889905667, 0.00113459117711, -0.000618380843662, -0.000276000646409], [-0.00112630310468, -0.00181274791248, -0.000797514047008, 0.00111925043166, -0.0011781801004, 0.00110078405123, 0.00191909703426, -0.0079619018361, 0.0192170925438, -0.00359704578295, -0.000876405800227, 0.000274726975476, 0.00283741019666], [6.01348756391e-06, 0.00140806729905, 0.00142182665877, -0.00202968926169, -0.00138541334309, 0.000886035617441, -0.00050614529755, -0.000359889905667, -0.00359704578295, 0.0120876412839, -0.00571729009971, 0.00332229607739, -0.000809027638752], [-0.00053815706633, -0.000996609451249, -0.00058505119523, 0.00361733860336, 1.21238654174e-05, -0.00235472293571, 0.000730303698219, 0.00113459117711, -0.000876405800227, -0.00571729009971, 0.0206611901522, -0.00863333698362, 0.00455638486892], [-2.39651690208e-05, 0.000180981223821, -0.000215881169424, -0.00179797585588, -0.000364058068953, 0.00242791441269, -5.09511664859e-05, -0.000618380843662, 0.000274726975476, 0.00332229607739, -0.00863333698362, 0.0195725895464, -0.0064699081704], [-0.000137681985507, 0.000836221792269, 0.00065454072319, -0.00170331902336, -0.00069453677861, -8.29884629638e-06, -0.00264821364544, -0.000276000646409, 0.00283741019666, -0.000809027638752, 0.00455638486892, -0.0064699081704, 0.0141639728099]]
    },
    "spectral_contrast_coeffs": {
        "max": [-0.487802803516, -0.474687635899, -0.462095737457, -0.614408671856, -0.636034548283, -0.698816776276],
        "mean": [-0.76044934988, -0.726234555244, -0.712493538857, -0.755903720856, -0.780356705189, -0.79395377636],
        "min": [-0.970057845116, -0.910067558289, -0.897834837437, -0.913396835327, -0.882615804672, -0.872733950615],
        "stdev": [0.0640533566475, 0.087597578764, 0.0847054421902, 0.0532340072095, 0.0370285473764, 0.0299627482891]
    },
    "spectral_contrast_valleys": {
        "max": [-5.41000747681, -5.02497959137, -5.7434425354, -5.96908950806, -5.98134326935, -7.46165084839],
        "mean": [-6.97968578339, -6.69130468369, -7.30059528351, -7.45890569687, -7.32481336594, -9.66427612305],
        "min": [-9.00948905945, -8.51387119293, -9.02371025085, -9.41732788086, -9.33536911011, -11.9892902374],
        "stdev": [0.591349482536, 0.595663070679, 0.633089005947, 0.659005641937, 0.709601283073, 0.672803580761]
    }
},
"rhythm": {
    "beats_count": 66,
    "beats_loudness": {
        "max": 0.0752479359508,
        "mean": 0.0297098197043,
        "min": 0.0023788579274,
        "stdev": 0.017031069845
    },
    "bpm": 122.138473511,
    "bpm_histogram_first_peak_bpm": 123,
    "bpm_histogram_first_peak_weight": 0.317460298538,
    "bpm_histogram_second_peak_bpm": 117,
    "bpm_histogram_second_peak_spread": 0,
    "bpm_histogram_second_peak_weight": 0.0153846153989,
    "danceability": 0.899438798428,
    "onset_rate": 3.56835913658,
    "beats_loudness_band_ratio": {
        "max": [0.702769756317, 0.433136373758, 0.823493599892, 0.682856619358, 0.400116205215, 0.23637239635],
        "mean": [0.238891258836, 0.0966415777802, 0.309796005487, 0.170237794518, 0.135932803154, 0.0731063857675],
        "min": [0.012251002714, 0.00416392879561, 0.0133375478908, 0.00704735470936, 0.0197587236762, 0.00952415075153],
        "stdev": [0.165016204119, 0.0966954007745, 0.219118744135, 0.143271356821, 0.0824589058757, 0.0541003383696]
    },
    "beats_position": [0.417959183455, 0.859138309956, 1.34675729275, 1.83437633514, 2.32199549675, 2.82122445107, 3.32045340538, 3.80807256699, 4.29569149017, 4.78331041336, 5.28253936768, 5.7701587677, 6.26938772202, 6.7570066452, 7.24462556839, 7.73224496841, 8.2198638916, 8.71909236908, 9.2067117691, 9.69433116913, 10.1935596466, 10.6811790466, 11.1687984467, 11.6680269241, 12.1556463242, 12.6548748016, 13.1424942017, 13.6301136017, 14.117732048, 14.6053514481, 15.1045799255, 15.5921993256, 16.0914287567, 16.5906581879, 17.0782756805, 17.5775051117, 18.0651245117, 18.5527439117, 19.0403633118, 19.5279808044, 20.0156002045, 20.5148296356, 21.0024490356, 21.4900684357, 21.9892959595, 22.4885253906, 22.9877548218, 23.4753742218, 23.9629936218, 24.4506111145, 24.9498405457, 25.4490699768, 25.9366893768, 26.4243087769, 26.9119262695, 27.3995456696, 27.8987751007, 28.3980045319, 28.8856239319, 29.3732414246, 29.8608608246, 30.3717002869, 30.8593196869, 31.3469390869, 31.8345565796, 32.322177887],
