{
"metadata": {
    "version": {
        "essentia": "2.1-beta5",
        "essentia_git_sha": "Undefined",
        "extractor": "music 2.0"
    },
    "audio_properties": {
        "analysis": {
            "equal_loudness": 0,
            "length": 32.4963264465,
            "sample_rate": 44100,
            "start_time": 61.4980506897,
            "downmix": "mix"
        },
        "bit_rate": 192000,
        "length": 205.206359863,
        "lossless": 0,
        "number_channels": 2,
        "replay_gain": -9.38370323181,
        "sample_rate": 48000,
        "codec": "mp3",
        "md5_encoded": "15e86b6912cb293af879cb1fb04236b4"
    },
    "tags": {
        "file_name": "Iceland_If I Had Your Love_Selma.mp3",
        "encoding": ["Lavf58.29.100"]
    }
},
"lowlevel": {
    "average_loudness": 0.886942207813,
    "barkbands_crest": {
        "max": 23.6192054749,
        "mean": 10.2274284363,
        "min": 2.7120847702,
        "stdev": 3.88666200638
    },
    "barkbands_flatness_db": {
        "max": 0.310413241386,
        "mean": 0.11840480566,
        "min": 0.0295912064612,
        "stdev": 0.0518026165664
    },
    "barkbands_kurtosis": {
        "max": 44.1908493042,
        "mean": 2.18204498291,
        "min": -1.64892542362,
        "stdev": 3.8131070137
    },
    "barkbands_skewness": {
        "max": 5.72572946548,
        "mean": 1.15416276455,
        "min": -1.82882380486,
        "stdev": 1.01316261292
    },
    "barkbands_spread": {
        "max": 71.0173187256,
        "mean": 26.1440048218,
        "min": 2.20487856865,
        "stdev": 12.38904953
    },
    "dissonance": {
        "max": 0.500000059605,
        "mean": 0.469276964664,
        "min": 0.339160054922,
        "stdev": 0.022586748004
    },
    "dynamic_complexity": 3.16747522354,
    "erbbands_crest": {
        "max": 31.0620479584,
        "mean": 9.10444355011,
        "min": 2.11512088776,
        "stdev": 5.07399511337
    },
    "erbbands_flatness_db": {
        "max": 0.322486042976,
        "mean": 0.146893590689,
        "min": 0.0530711188912,
        "stdev": 0.0491646640003
    },
    "erbbands_kurtosis": {
        "max": 24.9063816071,
        "mean": 0.866493403912,
        "min": -1.51614868641,
        "stdev": 2.60164022446
    },
    "erbbands_skewness": {
        "max": 3.02854299545,
        "mean": 0.252868354321,
        "min": -2.13867545128,
        "stdev": 0.601980686188
    },
    "erbbands_spread": {
        "max": 106.003456116,
        "mean": 36.4136695862,
        "min": 2.89117622375,
        "stdev": 18.6618289948
    },
    "hfc": {
        "max": 102.470092773,
        "mean": 26.0268783569,
        "min": 0.0817217826843,
        "stdev": 21.7851104736
    },
    "loudness_ebu128": {
        "integrated": -13.7108011246,
        "loudness_range": 6.77178764343,
        "momentary": {
            "max": -9.8236246109,
            "mean": -14.6410903931,
            "min": -27.0770511627,
            "stdev": 3.12116026878
        },
        "short_term": {
            "max": -11.4550495148,
            "mean": -14.1707696915,
            "min": -19.2566394806,
            "stdev": 2.41742181778
        }
    },
    "melbands_crest": {
        "max": 33.0632476807,
        "mean": 14.4178819656,
        "min": 4.26730251312,
        "stdev": 5.27094221115
    },
    "melbands_flatness_db": {
        "max": 0.422478795052,
        "mean": 0.18523439765,
        "min": 0.0598762370646,
        "stdev": 0.0629537478089
    },
    "melbands_kurtosis": {
        "max": 85.7401046753,
        "mean": 8.83523178101,
        "min": -1.69352579117,
        "stdev": 10.2291097641
    },
    "melbands_skewness": {
        "max": 7.35452413559,
        "mean": 2.20410442352,
        "min": -2.14332270622,
        "stdev": 1.46958959103
    },
    "melbands_spread": {
        "max": 142.552825928,
        "mean": 27.4502773285,
        "min": 1.5949716568,
        "stdev": 14.8621807098
    },
    "pitch_salience": {
        "max": 0.833089768887,
        "mean": 0.53992921114,
        "min": 0.236271202564,
        "stdev": 0.109575010836
    },
    "silence_rate_20dB": {
        "max": 1,
        "mean": 1,
        "min": 1,
        "stdev": 0
    },
    "silence_rate_30dB": {
        "max": 1,
        "mean": 1,
        "min": 1,
        "stdev": 0
    },
    "silence_rate_60dB": {
        "max": 1,
        "mean": 0.0556745193899,
        "min": 0,
        "stdev": 0.229292869568
    },
    "spectral_centroid": {
        "max": 4474.48339844,
        "mean": 1473.86120605,
        "min": 287.240783691,
        "stdev": 528.680236816
    },
    "spectral_complexity": {
        "max": 43,
        "mean": 19.5189151764,
        "min": 0,
        "stdev": 8.28523635864
    },
    "spectral_decrease": {
        "max": -3.16622422725e-11,
        "mean": -6.83552991987e-09,
        "min": -2.18811688768e-08,
        "stdev": 4.44229408814e-09
    },
    "spectral_energy": {
        "max": 0.091056637466,
        "mean": 0.0281595773995,
        "min": 0.000126913218992,
        "stdev": 0.0184653233737
    },
    "spectral_energyband_high": {
        "max": 0.00530051440001,
        "mean": 0.000942296872381,
        "min": 6.74483032981e-07,
        "stdev": 0.000933738076128
    },
    "spectral_energyband_low": {
        "max": 0.0452957563102,
        "mean": 0.0103284437209,
        "min": 2.59469715047e-07,
        "stdev": 0.00891960319132
    },
    "spectral_energyband_middle_high": {
        "max": 0.0575493201613,
        "mean": 0.00942854490131,
        "min": 1.54453882715e-05,
        "stdev": 0.0118466997519
    },
    "spectral_energyband_middle_low": {
        "max": 0.0511681213975,
        "mean": 0.00824132189155,
        "min": 4.13457019022e-05,
        "stdev": 0.00733416108415
    },
    "spectral_entropy": {
        "max": 8.48933982849,
        "mean": 7.70481967926,
        "min": 6.02993822098,
        "stdev": 0.400503516197
    },
    "spectral_flux": {
        "max": 0.259047776461,
        "mean": 0.084402769804,
        "min": 0.00815285462886,
        "stdev": 0.0423017144203
    },
    "spectral_kurtosis": {
        "max": 31.2535438538,
        "mean": 4.6451587677,
        "min": -0.0789568424225,
        "stdev": 4.09723949432
    },
    "spectral_rms": {
        "max": 0.00942527130246,
        "mean": 0.00488594733179,
        "min": 0.000351877504727,
        "stdev": 0.00189743586816
    },
    "spectral_rolloff": {
        "max": 11089.5996094,
        "mean": 1441.6986084,
        "min": 107.666015625,
        "stdev": 1004.35467529
    },
    "spectral_skewness": {
        "max": 3.90842008591,
        "mean": 1.58653569221,
        "min": 0.178016111255,
        "stdev": 0.473361760378
    },
    "spectral_spread": {
        "max": 10031664,
        "mean": 4890366.5,
        "min": 1372823.875,
        "stdev": 1640406.25
    },
    "spectral_strongpeak": {
        "max": 11.8254060745,
        "mean": 1.44584345818,
        "min": 0,
        "stdev": 2.41394686699
    },
    "zerocrossingrate": {
        "max": 0.23486328125,
        "mean": 0.0647528544068,
        "min": 0.00634765625,
        "stdev": 0.0289430133998
    },
    "barkbands": {
        "max": [0.012415278703, 0.0428956560791, 0.0270219892263, 0.016365500167, 0.0281850416213, 0.0172851812094, 0.0183574035764, 0.00355226150714, 0.0290897600353, 0.018976977095, 0.01506158337, 0.0304644387215, 0.0455019623041, 0.0383908599615, 0.015379967168, 0.0129298586398, 0.00819053407758, 0.00841969065368, 0.00486033502966, 0.0023315816652, 0.00109812663868, 0.00113316148054, 0.00123945763335, 0.000916843535379, 0.000893198768608, 0.000900614249986, 0.000108723339508],
        "mean": [0.000509409699589, 0.00672659650445, 0.00238427706063, 0.00133335066494, 0.00195343024097, 0.00166586600244, 0.00101100467145, 0.000252075318713, 0.0017569642514, 0.000935361429583, 0.000891331175808, 0.00131525762845, 0.00304275960661, 0.000902059662621, 0.000713393208571, 0.000425002566772, 0.000446008285508, 0.000411057495512, 0.000380116078304, 0.000297860184219, 0.000133416004246, 0.00013362611935, 0.000171510066139, 0.000167594262166, 0.000127371022245, 6.46826301818e-05, 8.20429886517e-06],
        "min": [3.169107754e-10, 2.14401918441e-08, 1.50124918719e-07, 7.46430686149e-08, 6.06790422353e-07, 3.53219979843e-06, 4.19351465553e-07, 1.7216277115e-07, 7.92580522102e-07, 1.15646889753e-06, 1.12235875349e-06, 1.285322071e-07, 1.34936627205e-07, 4.11848390058e-07, 7.86811710896e-07, 1.03328000023e-06, 1.08467793325e-06, 8.97362781416e-07, 1.20010463434e-06, 3.17829488949e-07, 1.47870508727e-07, 1.25188094557e-07, 8.30232806948e-08, 7.88414382669e-08, 1.98642204907e-08, 7.13892855941e-09, 4.33733327032e-11],
        "stdev": [0.00107561913319, 0.00722120143473, 0.00362738827243, 0.00201170425862, 0.00295488233678, 0.00194150570314, 0.00190191168804, 0.000365681364201, 0.003785924986, 0.00181908009108, 0.00181572488509, 0.00328216026537, 0.00730896135792, 0.00232274923474, 0.00133614521474, 0.000698414980434, 0.000800571870059, 0.000782692979556, 0.000460244278656, 0.00033324668766, 0.000133976471261, 0.000160086594406, 0.000193018422578, 0.000182595424121, 0.000162001495482, 0.00011280614126, 1.54597746587e-05]
    },
    "erbbands": {
        "max": [2.07664990425, 8.2028427124, 28.2508850098, 40.6312332153, 71.0942764282, 101.279701233, 125.319145203, 186.695419312, 302.295257568, 144.077896118, 102.976875305, 580.534729004, 948.254882812, 574.755310059, 852.352661133, 1026.29760742, 2426.98266602, 2260.09545898, 968.169616699, 1082.95544434, 724.651611328, 429.330413818, 503.606628418, 197.643356323, 184.388885498, 93.733757019, 64.6542816162, 39.6660041809, 39.7030944824, 39.9769973755, 34.6743125916, 22.026599884, 15.3463048935, 10.1656360626, 6.16757202148, 6.77425193787, 1.69436812401, 0.200130954385, 0.0244550704956, 0.000830696313642],
        "mean": [0.210477694869, 1.42577326298, 2.95958518982, 3.78892493248, 5.30670547485, 6.62657737732, 9.36211681366, 15.0057058334, 16.9907131195, 8.32845211029, 7.62691497803, 29.6207866669, 46.4413871765, 34.7969474792, 41.4077110291, 51.5957145691, 125.875289917, 68.4961471558, 44.1197929382, 29.7795734406, 26.6523361206, 24.8820514679, 23.7703151703, 20.4121112823, 17.7522525787, 13.1575965881, 7.35146474838, 4.62803506851, 4.59561681747, 4.77872562408, 4.99415302277, 3.9634912014, 2.50290727615, 1.50131201744, 0.869574427605, 0.392905294895, 0.0925876870751, 0.0147103955969, 0.00158102135174, 6.85868144501e-05],
        "min": [3.40804433563e-07, 6.96975394021e-06, 0.000113871399662, 0.00035815659794, 0.00083368702326, 0.00418630847707, 0.0181317254901, 0.0331700183451, 0.0133187426254, 0.00871691852808, 0.0255383756012, 0.0202013365924, 0.0482870787382, 0.0414813607931, 0.0203853752464, 0.00628411443904, 0.00751303834841, 0.0180016700178, 0.0409505143762, 0.0701013579965, 0.0519721880555, 0.0814909413457, 0.0366078540683, 0.0757150575519, 0.0435889847577, 0.0187256801873, 0.00727984728292, 0.0061138253659, 0.0052928449586, 0.00426141452044, 0.00225911196321, 0.00186763505917, 0.0011375938775, 0.000343237741617, 0.000110508590296, 3.94655507989e-05, 1.41717828228e-05, 1.16721128052e-06, 5.58986414489e-07, 4.18263482516e-07],
        "stdev": [0.326969861984, 1.41880774498, 3.95978760719, 4.90762758255, 7.9877409935, 10.7604179382, 12.8115205765, 18.3037776947, 32.1671180725, 12.4569787979, 11.1373996735, 59.3791389465, 98.5720825195, 58.81798172, 88.6555328369, 117.771469116, 305.869995117, 147.967514038, 83.5863952637, 68.3108673096, 44.8057327271, 41.7632637024, 45.1401557922, 24.2221469879, 20.1073436737, 14.3940000534, 7.99415636063, 4.93412399292, 5.46326684952, 5.51445770264, 5.62755584717, 4.14695167542, 2.89575862885, 1.84974718094, 1.16114282608, 0.685676753521, 0.166774183512, 0.0258426964283, 0.0031432651449, 8.37373227114e-05]
    },
    "gfcc": {
        "mean": [13.0796575546, 86.2377624512, -116.55141449, 32.1923370361, -48.6034851074, 23.3467884064, -36.2027549744, 10.5039215088, -24.1014251709, 2.534512043, -8.14068317413, 1.98444831371, -8.19226264954],
        "cov": [[6577.93359375, -2540.23828125, 626.147338867, 124.942871094, 47.281047821, 585.481323242, -124.562164307, 371.849304199, -336.380950928, 391.8934021, -246.256988525, 210.71194458, -317.610626221], [-2540.23828125, 2045.8046875, -194.433151245, 46.8134727478, 266.34072876, -323.531982422, 203.22328186, -202.075698853, 214.935562134, -254.383743286, 152.55090332, -186.956130981, 163.899337769], [626.147338867, -194.433151245, 575.25189209, 98.156463623, 28.326593399, -18.9998989105, -59.1188659668, 76.5298690796, 31.7518615723, 21.0420665741, -108.677200317, 82.9192276001, -38.2936096191], [124.942871094, 46.8134727478, 98.156463623, 306.732055664, 46.6057510376, -47.5905418396, -25.3152561188, 33.0235824585, 84.0057678223, -18.0840415955, -41.7026062012, 25.1722202301, 10.4349117279], [47.281047821, 266.34072876, 28.326593399, 46.6057510376, 220.93522644, 23.0488300323, 65.8616714478, -10.5389471054, 25.8640327454, -12.9058771133, 28.7978897095, -17.2990932465, 7.21282720566], [585.481323242, -323.531982422, -18.9998989105, -47.5905418396, 23.0488300323, 232.594329834, 60.7563323975, 24.0493354797, -61.5977630615, 84.6729660034, 19.1890907288, -7.17400598526, -35.1704216003], [-124.562164307, 203.22328186, -59.1188659668, -25.3152561188, 65.8616714478, 60.7563323975, 144.183029175, -8.36136054993, -3.06495428085, -0.591306746006, 44.8150100708, -46.9263839722, 11.2068834305], [371.849304199, -202.075698853, 76.5298690796, 33.0235824585, -10.5389471054, 24.0493354797, -8.36136054993, 161.398376465, 55.0167312622, 18.6932125092, -37.4419403076, 43.8925933838, -1.00121819973], [-336.380950928, 214.935562134, 31.7518615723, 84.0057678223, 25.8640327454, -61.5977630615, -3.06495428085, 55.0167312622, 161.436096191, -15.8960351944, -2.94155836105, 17.1497745514, 45.7324638367], [391.8934021, -254.383743286, 21.0420665741, -18.0840415955, -12.9058771133, 84.6729660034, -0.591306746006, 18.6932125092, -15.8960351944, 112.800544739, 23.5263595581, 24.8787536621, -20.4745941162], [-246.256988525, 152.55090332, -108.677200317, -41.7026062012, 28.7978897095, 19.1890907288, 44.8150100708, -37.4419403076, -2.94155836105, 23.5263595581, 113.90511322, -6.10160017014, 20.1390686035], [210.71194458, -186.956130981, 82.9192276001, 25.1722202301, -17.2990932465, -7.17400598526, -46.9263839722, 43.8925933838, 17.1497745514, 24.8787536621, -6.10160017014, 93.9252090454, 17.9534339905], [-317.610626221, 163.899337769, -38.2936096191, 10.4349117279, 7.21282720566, -35.1704216003, 11.2068834305, -1.00121819973, 45.7324638367, -20.4745941162, 20.1390686035, 17.9534339905, 75.5688247681]],
        "icov": [[0.000477660360048, 0.000370333553292, -0.000168906888575, -0.000266774586635, -0.000656100804918, -0.000186086210306, -1.08983722384e-05, -0.000627943139989, 0.000751777784899, -0.000545936869457, 0.000326690758811, -1.62032029039e-05, 0.000438838440459], [0.000370333553292, 0.00356054143049, -0.000893979740795, 0.000195165572222, -0.00249025411904, 0.00293852295727, -0.00237664906308, 0.00179066846613, -0.00255193631165, 0.0028826626949, -0.00302771083079, 0.00474910438061, -0.00266035599634], [-0.000168906888575, -0.000893979740795, 0.00309135997668, -0.000138526811497, -0.000126915489091, -8.74870020198e-05, -0.000130616579554, -9.92909554043e-05, -3.09894494421e-05, -0.00132821453735, 0.00340870558284, -0.00404328713194, 0.00251517817378], [-0.000266774586635, 0.000195165572222, -0.000138526811497, 0.00451457267627, -0.000864393194206, 0.000685340201017, -5.86642308917e-05, 0.00106639985461, -0.00298582226969, 0.000811766774859, 0.000884105393197, -0.000359605357517, 6.28889902146e-05], [-0.000656100804918, -0.00249025411904, -0.000126915489091, -0.000864393194206, 0.00820180680603, -0.00256344256923, -0.000869706098456, 0.000209020799957, -0.000132625878905, 0.000348097964888, -0.000288574665319, -0.00278309010901, 0.00176708761137], [-0.000186086210306, 0.00293852295727, -8.74870020198e-05, 0.000685340201017, -0.00256344256923, 0.0115626901388, -0.00571815250441, 0.000594659184571, -0.000372424779925, -0.00267075933516, -0.00191702740267, 0.00444183498621, -0.00185505114496], [-1.08983722384e-05, -0.00237664906308, -0.000130616579554, -5.86642308917e-05, -0.000869706098456, -0.00571815250441, 0.014995239675, -0.00374973984435, 0.00276160240173, -0.000869464420248, -0.00209290836938, 0.00406662747264, -0.00211619539186], [-0.000627943139989, 0.00179066846613, -9.92909554043e-05, 0.00106639985461, 0.000209020799957, 0.000594659184571, -0.00374973984435, 0.0126277282834, -0.00788367260247, 0.00306360865943, 0.00103576155379, -0.00224295095541, 0.000117605704872], [0.000751777784899, -0.00255193631165, -3.09894494421e-05, -0.00298582226969, -0.000132625878905, -0.000372424779925, 0.00276160240173, -0.00788367260247, 0.0158247519284, -0.00570442248136, 0.00236362940632, -0.00158688053489, -0.00295879412442], [-0.000545936869457, 0.0028826626949, -0.00132821453735, 0.000811766774859, 0.000348097964888, -0.00267075933516, -0.000869464420248, 0.00306360865943, -0.00570442248136, 0.0200421605259, -0.00862372387201, 0.000987312057987, 0.000507545890287], [0.000326690758811, -0.00302771083079, 0.00340870558284, 0.000884105393197, -0.000288574665319, -0.00191702740267, -0.00209290836938, 0.00103576155379, 0.00236362940632, -0.00862372387201, 0.0196571033448, -0.00901448819786, 0.00214057229459], [-1.62032029039e-05, 0.00474910438061, -0.00404328713194, -0.000359605357517, -0.00278309010901, 0.00444183498621, 0.00406662747264, -0.00224295095541, -0.00158688053489, 0.000987312057987, -0.00901448819786, 0.0288044083863, -0.0138805070892], [0.000438838440459, -0.00266035599634, 0.00251517817378, 6.28889902146e-05, 0.00176708761137, -0.00185505114496, -0.00211619539186, 0.000117605704872, -0.00295879412442, 0.000507545890287, 0.00214057229459, -0.0138805070892, 0.0260519180447]]
    },
    "melbands": {
        "max": [0.0142766004428, 0.0103485491127, 0.00656070979312, 0.00703087542206, 0.00409854156896, 0.00401262100786, 0.00429801410064, 0.00130266475026, 0.00104517349973, 0.00434277718887, 0.00460762064904, 0.00270360265858, 0.00217710668221, 0.00466596288607, 0.00446441955864, 0.0054805893451, 0.00390480249189, 0.00211263471283, 0.00106739695184, 0.00101343414281, 0.000707607949153, 0.000481086375657, 0.000494127336424, 0.000607609690633, 0.000150865103933, 0.000236578547629, 9.94452202576e-05, 7.75587104727e-05, 6.91185341566e-05, 3.24883985741e-05, 2.07836401387e-05, 1.96980436158e-05, 2.64661885012e-05, 2.70015443675e-05, 2.24368686759e-05, 1.70655184775e-05, 1.52927095769e-05, 1.14604144983e-05, 9.14086103876e-06, 9.35123534873e-06],
        "mean": [0.00189195561688, 0.00164307688829, 0.000694281945471, 0.000436450616689, 0.000312641815981, 0.000337274454068, 0.000244011011091, 7.53340791562e-05, 6.40419384581e-05, 0.000233580853092, 0.000234606588492, 0.000137722308864, 0.000125265985844, 0.000140292744618, 0.000178562855581, 0.000333976495313, 9.19854719541e-05, 7.36500878702e-05, 5.31753212272e-05, 3.01074378513e-05, 3.08501621475e-05, 2.67399718723e-05, 1.94513231691e-05, 2.22419039346e-05, 1.5738671209e-05, 1.49440948007e-05, 1.13806227091e-05, 8.17681575427e-06, 5.10198697157e-06, 3.00509418594e-06, 2.53646271631e-06, 2.52165386883e-06, 2.73723503597e-06, 2.63514039034e-06, 3.02775993077e-06, 2.63644847109e-06, 2.32115166909e-06, 1.86391616808e-06, 1.36678693252e-06, 1.23580366562e-06],
        "min": [3.95731625247e-09, 5.6059445086e-08, 6.72318449801e-08, 1.0000526629e-07, 6.56458723824e-07, 7.41482722333e-07, 1.40081596101e-07, 5.51094245793e-08, 1.42733739494e-07, 1.0536087558e-07, 1.98606358026e-07, 3.94452790431e-08, 1.106984584e-07, 8.49443360096e-09, 2.24509744129e-08, 1.23144250352e-08, 3.66978269994e-08, 6.02037530939e-08, 5.35178870109e-08, 5.82880410605e-08, 4.5268023996e-08, 6.89912482699e-08, 2.8122039808e-08, 3.69433301728e-08, 2.93057880185e-08, 3.87494836218e-08, 1.03496784476e-08, 9.83837455948e-09, 5.03212138625e-09, 3.32548188986e-09, 3.49478535e-09, 3.08640291102e-09, 2.20900742143e-09, 1.71118008652e-09, 1.17597565019e-09, 1.02888653153e-09, 1.14912457327e-09, 7.18618664575e-10, 3.53635593031e-10, 2.31376959259e-10],
        "stdev": [0.00233994540758, 0.00164011388551, 0.000843743793666, 0.000692360918038, 0.000416235299781, 0.000393197842641, 0.000432298198575, 0.000112079222163, 0.000106777813926, 0.000485609692987, 0.000489035330247, 0.000249488424743, 0.000250822922681, 0.000382661935873, 0.000516592117492, 0.000881526852027, 0.000228474673349, 0.000172103507794, 0.000100601064332, 6.69385408401e-05, 5.96769386902e-05, 4.74355983897e-05, 3.83808473998e-05, 4.79213376821e-05, 1.94251424546e-05, 2.04407642741e-05, 1.2816495655e-05, 9.71950794337e-06, 6.49791400065e-06, 3.23181507156e-06, 2.91240553452e-06, 3.06198558064e-06, 3.3938802062e-06, 3.08961966766e-06, 3.51106086782e-06, 2.93653624794e-06, 2.47800494435e-06, 2.19618391384e-06, 1.65860546986e-06, 1.57926774591e-06]
    },
    "melbands128": {
        "max": [0.0104876179248, 0.0210930854082, 0.0214182212949, 0.0163687802851, 0.0157913360745, 0.0151262637228, 0.00971691962332, 0.00880419928581, 0.00739896297455, 0.00965814758092, 0.00603564176708, 0.00537674734369, 0.00513766892254, 0.00606580544263, 0.00420051114634, 0.00800330657512, 0.00798794906586, 0.00687844958156, 0.00478467717767, 0.00203518243507, 0.000646485947073, 0.000929049681872, 0.00145842297934, 0.00316659198143, 0.00367737445049, 0.0100955115631, 0.0139734102413, 0.00453741149977, 0.00396207347512, 0.00636695371941, 0.00308417505585, 0.00441553955898, 0.00350563414395, 0.00640644086525, 0.00658141588792, 0.00774892093614, 0.00592552497983, 0.00792661495507, 0.011144079268, 0.012924477458, 0.0124705601484, 0.0102746458724, 0.0064671584405, 0.00283655966632, 0.00414563342929, 0.00360772013664, 0.00104628037661, 0.00176551449113, 0.00280048139393, 0.00221944623627, 0.00106948253233, 0.00259021297097, 0.000872529519256, 0.00172668322921, 0.00102979235817, 0.000739340030123, 0.000911953509785, 0.00113313121255, 0.000909402093384, 0.00102630257607, 0.000972022360656, 0.000791109690908, 0.00033459730912, 0.000303848326439, 0.000350547023118, 0.000423023797339, 0.000239795917878, 0.000179920287337, 0.000144447563798, 0.000142255958053, 0.000122355108033, 0.000190635313629, 0.000218804401811, 7.76040542405e-05, 0.000121936667711, 4.07084189646e-05, 4.26493425039e-05, 3.80502206099e-05, 2.81178490695e-05, 3.30329421558e-05, 2.56701878243e-05, 3.06119218294e-05, 3.44363907061e-05, 3.30034381477e-05, 2.53189500654e-05, 2.56018574873e-05, 3.15542820317e-05, 3.10467512463e-05, 2.71043809335e-05, 3.1516639865e-05, 2.15239015233e-05, 2.58721411228e-05, 2.25557269005e-05, 1.42011131175e-05, 3.10296782118e-05, 2.03628878808e-05, 1.46266474985e-05, 1.67200741998e-05, 1.35693253469e-05, 1.23113068184e-05, 1.18080961329e-05, 1.26395243569e-05, 1.14258400572e-05, 9.64674381976e-06, 9.20120328374e-06, 9.98671930574e-06, 1.31438782773e-05, 1.2205634448e-05, 1.25775286506e-05, 2.37108160945e-05, 8.40768370836e-06, 8.2015121734e-06, 6.83148573444e-06, 2.70832583738e-06, 2.26610700338e-06, 2.19700382331e-06, 1.24713187688e-06, 1.23825179799e-06, 1.40337090215e-06, 1.187490966e-06, 7.89572084159e-07, 8.94622758096e-07, 3.81801356752e-07, 2.96149913481e-08, 2.45056757109e-08, 2.41732855955e-08, 2.39398723068e-08, 2.37932429314e-08],
        "mean": [0.000468910671771, 0.00167526188307, 0.00249335821718, 0.00232333433814, 0.0017265182687, 0.00105349416845, 0.00077676406363, 0.00061928021023, 0.000514688261319, 0.000480532937218, 0.000348094094079, 0.00028291894705, 0.000337841222063, 0.000301298277918, 0.000324283842929, 0.000367806002032, 0.000332273892127, 0.000225599709665, 0.000132372471853, 8.70380827109e-05, 4.3686322897e-05, 4.66444362246e-05, 6.81635647197e-05, 7.98651963123e-05, 0.000102359990706, 0.000333195435815, 0.000464815529995, 0.000140198506415, 0.000150703286636, 0.000133940615342, 0.000139962547109, 0.000140171308885, 8.59870051499e-05, 0.000138816831168, 0.000205840857234, 0.000107835396193, 7.69694743212e-05, 0.000232965408941, 0.000167597303516, 0.000297404185403, 0.000482035131427, 0.000197180139367, 6.22059524176e-05, 3.91777139157e-05, 0.000101481535239, 7.78356552473e-05, 4.33179957327e-05, 7.36011061235e-05, 4.77345129184e-05, 2.39401142608e-05, 2.94582187053e-05, 3.32034287567e-05, 3.19235878123e-05, 3.16010737151e-05, 2.50580633292e-05, 2.85812802758e-05, 2.55487611867e-05, 1.92440002138e-05, 1.59045594046e-05, 2.21387017518e-05, 2.8806121918e-05, 1.70097773662e-05, 1.09943430289e-05, 1.62457236002e-05, 2.21498430619e-05, 1.54592380568e-05, 9.6011435744e-06, 1.28649508042e-05, 1.22329465739e-05, 8.78904756973e-06, 7.99273675511e-06, 8.73836506798e-06, 5.7846227719e-06, 4.52689573649e-06, 4.11630890085e-06, 2.87445641334e-06, 2.54618043982e-06, 2.83630811282e-06, 2.38678853748e-06, 2.47866159953e-06, 2.54054930338e-06, 2.46623108069e-06, 2.56913881458e-06, 2.97520477943e-06, 2.73113710136e-06, 2.29616057368e-06, 2.58068280345e-06, 3.26214217239e-06, 3.44765157934e-06, 2.3895834147e-06, 2.75199499811e-06, 2.62368644144e-06, 2.65315134129e-06, 2.18485888581e-06, 2.39893438447e-06, 1.88279750546e-06, 1.92786592379e-06, 1.49764093749e-06, 1.33807554903e-06, 1.31907097511e-06, 1.23869472191e-06, 1.18472303257e-06, 1.28431804569e-06, 1.21303855849e-06, 8.92213734005e-07, 8.41355245029e-07, 8.57756731421e-07, 8.68680899657e-07, 6.62172396915e-07, 5.84990630159e-07, 4.46506078333e-07, 3.55057437673e-07, 2.67685862809e-07, 1.74297440481e-07, 1.4036007201e-07, 1.13665436174e-07, 9.68553166558e-08, 8.90954581223e-08, 8.27869044429e-08, 5.91856448295e-08, 2.97191373733e-08, 1.18173186792e-08, 4.30649604866e-09, 8.21331683221e-11, 2.12756409712e-11, 2.09371582571e-11, 2.0709845297e-11, 2.05798312419e-11],
        "min": [9.75194647257e-11, 6.60095755833e-10, 2.094042717e-09, 1.29617427902e-08, 8.28430568589e-09, 7.46136805674e-08, 4.72110990302e-08, 3.22460920188e-08, 2.19442704008e-08, 3.48827491337e-08, 3.6637132439e-08, 7.20888451156e-08, 3.31804628217e-08, 5.01490376337e-07, 9.45498698002e-07, 1.18596304333e-07, 4.63670986051e-08, 4.58462494635e-08, 2.52460843342e-08, 1.91957099105e-08, 3.81318088216e-08, 3.51962938794e-08, 1.88511890542e-08, 8.33277269408e-08, 8.92392293395e-08, 6.31832079989e-08, 2.5789947955e-08, 4.83988387145e-08, 1.66809837054e-08, 1.99252454536e-08, 1.25455663635e-08, 3.33221095161e-08, 8.82706672201e-08, 1.23102052996e-08, 5.81561554469e-09, 3.22818971554e-09, 6.8639431916e-09, 1.05998410049e-08, 1.35633495546e-08, 1.80511001702e-08, 8.42605896167e-09, 1.0156941066e-08, 3.20203596971e-08, 4.50546764341e-08, 3.13443315747e-08, 2.02799945725e-08, 3.79208024981e-08, 3.59457246191e-08, 3.59557539298e-08, 2.38112161099e-08, 2.31333103784e-08, 4.59380480322e-08, 3.71212003358e-08, 1.42551073168e-08, 2.16168540845e-08, 2.97926234794e-08, 2.57249830327e-08, 1.27648593917e-08, 1.85960580268e-08, 2.33134755945e-08, 1.25834542786e-08, 1.94379818907e-08, 1.56820441077e-08, 1.83433961354e-08, 1.67017013553e-08, 3.09262446763e-08, 1.59833426494e-08, 4.58258053726e-09, 5.64099122968e-09, 3.78355569097e-09, 5.63093749406e-09, 5.8480424947e-09, 3.89418541857e-09, 3.11272341236e-09, 3.22307625034e-09, 3.06982039788e-09, 2.17040296846e-09, 2.3762332102e-09, 2.15638262802e-09, 1.57004320656e-09, 1.55902235566e-09, 1.65057068013e-09, 1.42480116594e-09, 1.52636447925e-09, 1.66752600617e-09, 1.0878850043e-09, 9.63973900703e-10, 1.21352483617e-09, 8.97605656469e-10, 7.77877262603e-10, 6.10929307143e-10, 5.70407443501e-10, 8.44663006205e-10, 4.69789873669e-10, 7.3110328902e-10, 4.73388106492e-10, 3.81575215869e-10, 4.03158756379e-10, 2.31135874329e-10, 2.09427447606e-10, 1.92376892194e-10, 1.30704572165e-10, 1.02348601816e-10, 1.09102157864e-10, 9.91746615386e-11, 6.18864612334e-11, 5.59121603183e-11, 4.44145935308e-11, 4.78398848314e-11, 2.69832888672e-11, 2.29826869341e-11, 1.89719559507e-11, 1.47597177536e-11, 2.36207459842e-11, 6.89478812585e-12, 1.51181205141e-12, 8.38787643943e-13, 6.91504484424e-14, 5.54652454336e-14, 6.52598567091e-14, 7.87390104832e-14, 7.51525848931e-14, 6.02311982841e-14, 6.30425955037e-14, 4.63168017123e-14, 2.12480095232e-14, 3.0076416245e-15, 8.95762421838e-17],
        "stdev": [0.00100918323733, 0.00318817282096, 0.00316280638799, 0.00239014322869, 0.00230268272571, 0.00156626559328, 0.00111510732677, 0.000948747678194, 0.000855677062646, 0.000937245378736, 0.000638197525404, 0.000504548603203, 0.000533194746822, 0.000478286005091, 0.000456820882391, 0.000609838578384, 0.000741959491279, 0.000544305832591, 0.000282061373582, 0.000179865324753, 6.63457103656e-05, 8.92448078957e-05, 0.000141573298606, 0.000223822222324, 0.000270151387667, 0.00084068562137, 0.00136558676604, 0.000422670622356, 0.000377261923859, 0.000388234271668, 0.000333581876475, 0.000381897611078, 0.000270908029051, 0.000489623809699, 0.000685985491145, 0.000467459787615, 0.000354367948603, 0.000828907825053, 0.000753453874495, 0.00111821596511, 0.00153781962581, 0.000656782533042, 0.000280443404336, 0.000166875994182, 0.000346046203049, 0.000258916668827, 9.31297108764e-05, 0.000151950313011, 0.00018982256006, 0.000109315675218, 6.77989592077e-05, 9.61185796768e-05, 6.90990855219e-05, 0.000100386532722, 7.42151823943e-05, 6.64283506921e-05, 6.85574195813e-05, 6.490850501e-05, 4.80668277305e-05, 6.09957423876e-05, 8.38586056489e-05, 3.9073460357e-05, 2.10993603105e-05, 2.76837345154e-05, 3.78586992156e-05, 3.26527006109e-05, 1.64977009263e-05, 1.91063500097e-05, 1.75859677256e-05, 1.48323460962e-05, 1.21024095279e-05, 1.52196907948e-05, 1.36351300171e-05, 7.06432683728e-06, 6.73202657708e-06, 3.84037457479e-06, 3.44225804838e-06, 3.80517076337e-06, 2.84697762254e-06, 3.60443618774e-06, 3.19482410305e-06, 3.54629514732e-06, 3.43680699189e-06, 4.01198485633e-06, 3.69837925973e-06, 2.89466152026e-06, 3.30078478328e-06, 4.3449254008e-06, 4.26141195931e-06, 3.1877264064e-06, 3.37181063514e-06, 3.25159021486e-06, 3.07096775032e-06, 2.37115295931e-06, 2.97034534924e-06, 2.49559411714e-06, 2.40858867073e-06, 2.00808131012e-06, 1.75015873083e-06, 1.71983583641e-06, 1.70431212609e-06, 1.64089124155e-06, 1.7730038735e-06, 1.64971800132e-06, 1.24301527649e-06, 1.30638409246e-06, 1.38475911626e-06, 1.52347490712e-06, 1.22048754747e-06, 1.56678879648e-06, 8.41169764954e-07, 6.83393579948e-07, 5.56510826755e-07, 3.16732041483e-07, 2.68162409611e-07, 2.19594312512e-07, 1.80435961283e-07, 1.68337805917e-07, 1.60734700216e-07, 1.32460826308e-07, 8.44820320367e-08, 5.50194769744e-08, 2.48361224919e-08, 1.11723541529e-09, 6.54419796131e-10, 6.45547393319e-10, 6.39316544149e-10, 6.35401620208e-10]
    },
    "mfcc": {
        "mean": [-630.715637207, 116.316947937, -2.14795279503, 17.3844108582, 11.5099945068, 9.27863502502, 7.12918567657, 7.12351322174, -5.50851631165, 5.99667215347, -2.41002249718, -1.23101973534, -0.534819245338],
        "cov": [[6038.07568359, -2103.78564453, 369.418426514, -213.432113647, 190.977539062, 145.579177856, 330.335357666, 44.2275352478, 58.7170028687, 115.899665833, 78.4100570679, 74.7820358276, 116.304824829], [-2103.78564453, 1660.08056641, -207.82194519, 221.966247559, 14.3166227341, 0.30042257905, -22.172990799, 34.588809967, -3.0623626709, 9.05102825165, -18.8874282837, -57.4370918274, -22.9438152313], [369.418426514, -207.82194519, 393.306396484, 62.168182373, 47.8709526062, -13.3027048111, -75.4606933594, 28.3229064941, 60.0750160217, -38.4845237732, 24.1400032043, 8.01476955414, 24.7884159088], [-213.432113647, 221.966247559, 62.168182373, 310.638153076, 83.1220016479, -29.0252342224, -108.274810791, 47.7613220215, 74.3999252319, -54.1644248962, 3.01576733589, 30.0198745728, 23.8031196594], [190.977539062, 14.3166227341, 47.8709526062, 83.1220016479, 148.541534424, 5.35124254227, -34.0662155151, 42.2025642395, 48.8347434998, -16.2391452789, 6.01025056839, 32.116809845, 30.0572738647], [145.579177856, 0.30042257905, -13.3027048111, -29.0252342224, 5.35124254227, 156.791992188, 97.2163314819, -23.3469352722, -19.5690670013, 25.7063922882, 11.1940641403, 1.25100886822, 8.1337890625], [330.335357666, -22.172990799, -75.4606933594, -108.274810791, -34.0662155151, 97.2163314819, 221.221755981, -9.40430641174, -62.1723442078, 67.0033569336, 6.33329677582, -17.6029243469, -4.75330448151], [44.2275352478, 34.588809967, 28.3229064941, 47.7613220215, 42.2025642395, -23.3469352722, -9.40430641174, 97.4807128906, 57.2176971436, 10.3509883881, 10.0981636047, 0.635598897934, 9.30370521545], [58.7170028687, -3.0623626709, 60.0750160217, 74.3999252319, 48.8347434998, -19.5690670013, -62.1723442078, 57.2176971436, 118.046424866, 12.786813736, 13.6266784668, 19.3133296967, 15.4986639023], [115.899665833, 9.05102825165, -38.4845237732, -54.1644248962, -16.2391452789, 25.7063922882, 67.0033569336, 10.3509883881, 12.786813736, 100.975601196, 28.2455749512, -13.9430189133, -5.76714754105], [78.4100570679, -18.8874282837, 24.1400032043, 3.01576733589, 6.01025056839, 11.1940641403, 6.33329677582, 10.0981636047, 13.6266784668, 28.2455749512, 57.978012085, 21.2537994385, 6.18301773071], [74.7820358276, -57.4370918274, 8.01476955414, 30.0198745728, 32.116809845, 1.25100886822, -17.6029243469, 0.635598897934, 19.3133296967, -13.9430189133, 21.2537994385, 79.6376037598, 32.7757263184], [116.304824829, -22.9438152313, 24.7884159088, 23.8031196594, 30.0572738647, 8.1337890625, -4.75330448151, 9.30370521545, 15.4986639023, -5.76714754105, 6.18301773071, 32.7757263184, 64.4257965088]],
        "icov": [[0.000438394199591, 0.000561092805583, -0.000131025240989, -0.00019872104167, -0.000668819993734, 0.000192957013496, -0.000914864707738, 0.000212760918657, -0.000257992127445, -0.000154416571604, -0.000220167232328, 0.000410013570217, -0.000417527306126], [0.000561092805583, 0.00152674154378, 0.000339581485605, -0.0010629715398, -0.000835316488519, 8.98573416634e-05, -0.00100208062213, 2.77168892353e-05, 3.40717087965e-05, -0.000472108396934, -0.000366637686966, 0.00130191247445, -0.000584296474699], [-0.000131025240989, 0.000339581485605, 0.00362852588296, -0.000191703511518, -0.000212667437154, -0.000296472135233, 0.000635977892671, 4.03274061682e-05, -0.00144311366603, 0.00216708122753, -0.00261085829698, 0.00218968442641, -0.00111231778283], [-0.00019872104167, -0.0010629715398, -0.000191703511518, 0.00583436060697, -0.00105693074875, -0.000434908171883, 0.00155413825996, -0.000876787060406, -0.0019676189404, 0.00269957445562, -0.000672584050335, -0.000794108433183, -0.000128821076942], [-0.000668819993734, -0.000835316488519, -0.000212667437154, -0.00105693074875, 0.0110166762024, -0.00200489396229, 0.00212046364322, -0.00367753370665, -0.000469757796964, 0.000562334957067, 0.00156007078476, -0.00318508339114, -0.00118286802899], [0.000192957013496, 8.98573416634e-05, -0.000296472135233, -0.000434908171883, -0.00200489396229, 0.0104195531458, -0.00621154578403, 0.00466817291453, -0.00254708132707, 0.001170279691, -0.00232853833586, 0.00127545220312, -0.00126199971419], [-0.000914864707738, -0.00100208062213, 0.000635977892671, 0.00155413825996, 0.00212046364322, -0.00621154578403, 0.0133168427274, -0.0053559136577, 0.00744376517832, -0.00622299406677, 0.0030591217801, -0.00220458256081, 0.000506864569616], [0.000212760918657, 2.77168892353e-05, 4.03274061682e-05, -0.000876787060406, -0.00367753370665, 0.00466817291453, -0.0053559136577, 0.0185754206032, -0.0094194309786, 0.00188674242236, -0.00358212832361, 0.00440354738384, -0.0014786280226], [-0.000257992127445, 3.40717087965e-05, -0.00144311366603, -0.0019676189404, -0.000469757796964, -0.00254708132707, 0.00744376517832, -0.0094194309786, 0.0200388357043, -0.00885515008122, 0.00362589280121, -0.00449435273185, 0.000535393657628], [-0.000154416571604, -0.000472108396934, 0.00216708122753, 0.00269957445562, 0.000562334957067, 0.001170279691, -0.00622299406677, 0.00188674242236, -0.00885515008122, 0.0212282948196, -0.0113575886935, 0.00619629444554, -0.000894022465218], [-0.000220167232328, -0.000366637686966, -0.00261085829698, -0.000672584050335, 0.00156007078476, -0.00232853833586, 0.0030591217801, -0.00358212832361, 0.00362589280121, -0.0113575886935, 0.0274584386498, -0.0107712140307, 0.00278460537083], [0.000410013570217, 0.00130191247445, 0.00218968442641, -0.000794108433183, -0.00318508339114, 0.00127545220312, -0.00220458256081, 0.00440354738384, -0.00449435273185, 0.00619629444554, -0.0107712140307, 0.022774098441, -0.00921567995101], [-0.000417527306126, -0.000584296474699, -0.00111231778283, -0.000128821076942, -0.00118286802899, -0.00126199971419, 0.000506864569616, -0.0014786280226, 0.000535393657628, -0.000894022465218, 0.00278460537083, -0.00921567995101, 0.0217173490673]]
    },
    "spectral_contrast_coeffs": {
        "max": [-0.513990044594, -0.505520284176, -0.496543943882, -0.52500718832, -0.649657487869, -0.631163299084],
        "mean": [-0.75113338232, -0.753512918949, -0.743395209312, -0.769327819347, -0.783225357533, -0.795568645],
        "min": [-0.90770483017, -0.917402803898, -0.898268997669, -0.891790449619, -0.879279911518, -0.872459113598],
        "stdev": [0.0621525086462, 0.0680454522371, 0.0821977481246, 0.0686923265457, 0.0399111695588, 0.028972318396]
    },
    "spectral_contrast_valleys": {
        "max": [-5.2978515625, -5.48216867447, -5.9770655632, -6.25068616867, -6.13731718063, -8.17769145966],
        "mean": [-6.48521995544, -6.87533760071, -7.24968481064, -7.41264247894, -7.47937250137, -9.88308238983],
        "min": [-10.8090076447, -9.56770515442, -10.0292625427, -9.66440010071, -9.82154560089, -13.1222257614],
        "stdev": [0.776476979256, 0.619850277901, 0.577431082726, 0.605073451996, 0.821592092514, 1.28044033051]
    }
},
"rhythm": {
    "beats_count": 79,
    "beats_loudness": {
        "max": 0.0858316123486,
        "mean": 0.0309455506504,
        "min": 0.000868521106895,
        "stdev": 0.0192469246686
    },
    "bpm": 148.892730713,
    "bpm_histogram_first_peak_bpm": 148,
    "bpm_histogram_first_peak_weight": 0.527777791023,
    "bpm_histogram_second_peak_bpm": 140,
    "bpm_histogram_second_peak_spread": 0.16666662693,
    "bpm_histogram_second_peak_weight": 0.0641025677323,
    "danceability": 0.916070818901,
    "onset_rate": 3.66064429283,
    "beats_loudness_band_ratio": {
        "max": [0.871169149876, 0.525614261627, 0.580042243004, 0.825272798538, 0.276354402304, 0.214466840029],
        "mean": [0.473286241293, 0.128524631262, 0.121072046459, 0.165790989995, 0.0895370095968, 0.0495492704213],
        "min": [0.00160314550158, 0.0117769278586, 0.0135849043727, 0.013475577347, 0.00728137977421, 0.000426939164754],
        "stdev": [0.237938836217, 0.095364138484, 0.109249569476, 0.188738584518, 0.0646349489689, 0.0351926870644]
    },
