{
"metadata": {
    "version": {
        "essentia": "2.1-beta5",
        "essentia_git_sha": "Undefined",
        "extractor": "music 2.0"
    },
    "audio_properties": {
        "analysis": {
            "equal_loudness": 0,
            "length": 12.7477550507,
            "sample_rate": 44100,
            "start_time": 0,
            "downmix": "mix"
        },
        "bit_rate": 192000,
        "length": 187.57081604,
        "lossless": 0,
        "number_channels": 2,
        "replay_gain": 2.05395698547,
        "sample_rate": 48000,
        "codec": "mp3",
        "md5_encoded": "8c675c94f648f06ff05b3afe1de2b784"
    },
    "tags": {
        "file_name": "Ukraine_Razom Nas Bahato_Greenjolly.mp3",
        "encoding": ["Lavf58.29.100"]
    }
},
"lowlevel": {
    "average_loudness": 0.943713486195,
    "barkbands_crest": {
        "max": 22.3456497192,
        "mean": 8.2126750946,
        "min": 2.55911946297,
        "stdev": 3.77425599098
    },
    "barkbands_flatness_db": {
        "max": 0.391248822212,
        "mean": 0.204122513533,
        "min": 0.0438578166068,
        "stdev": 0.0428932495415
    },
    "barkbands_kurtosis": {
        "max": 51.8255767822,
        "mean": 1.18648087978,
        "min": -1.70970189571,
        "stdev": 4.62905073166
    },
    "barkbands_skewness": {
        "max": 5.59024047852,
        "mean": 0.856388688087,
        "min": -2.39617800713,
        "stdev": 0.875345826149
    },
    "barkbands_spread": {
        "max": 93.994972229,
        "mean": 14.8839244843,
        "min": 1.36861586571,
        "stdev": 12.5675115585
    },
    "dissonance": {
        "max": 0.5,
        "mean": 0.484823048115,
        "min": 0.301492810249,
        "stdev": 0.0283951964229
    },
    "dynamic_complexity": 4.0306520462,
    "erbbands_crest": {
        "max": 23.9856891632,
        "mean": 8.55062294006,
        "min": 2.70520830154,
        "stdev": 3.71525859833
    },
    "erbbands_flatness_db": {
        "max": 0.349617987871,
        "mean": 0.272591084242,
        "min": 0.0959348753095,
        "stdev": 0.0481363721192
    },
    "erbbands_kurtosis": {
        "max": 15.0846939087,
        "mean": 0.338821649551,
        "min": -1.57007730007,
        "stdev": 1.9207931757
    },
    "erbbands_skewness": {
        "max": 2.64923596382,
        "mean": 0.551919579506,
        "min": -2.04736065865,
        "stdev": 0.684009134769
    },
    "erbbands_spread": {
        "max": 80.5802154541,
        "mean": 21.836183548,
        "min": 3.82134532928,
        "stdev": 11.0680093765
    },
    "hfc": {
        "max": 122.721923828,
        "mean": 29.2392272949,
        "min": 1.2035914664e-16,
        "stdev": 18.6580867767
    },
    "loudness_ebu128": {
        "integrated": -24.172170639,
        "loudness_range": 8.20878982544,
        "momentary": {
            "max": -22.2878494263,
            "mean": -26.9721698761,
            "min": -50.0244903564,
            "stdev": 6.46814680099
        },
        "short_term": {
            "max": -23.0058917999,
            "mean": -25.2248973846,
            "min": -33.0319213867,
            "stdev": 3.05538916588
        }
    },
    "melbands_crest": {
        "max": 34.5239334106,
        "mean": 10.7552442551,
        "min": 1.96388030052,
        "stdev": 4.85315084457
    },
    "melbands_flatness_db": {
        "max": 0.489677250385,
        "mean": 0.160810872912,
        "min": 0.00611799443141,
        "stdev": 0.0657276809216
    },
    "melbands_kurtosis": {
        "max": 86.60912323,
        "mean": 4.36767053604,
        "min": -1.28013718128,
        "stdev": 7.82668638229
    },
    "melbands_skewness": {
        "max": 6.89044713974,
        "mean": 1.58038413525,
        "min": -1.76653110981,
        "stdev": 0.955672204494
    },
    "melbands_spread": {
        "max": 181.014266968,
        "mean": 23.7322807312,
        "min": 1.83487665653,
        "stdev": 19.7982254028
    },
    "pitch_salience": {
        "max": 0.885190665722,
        "mean": 0.687301754951,
        "min": 0.203445896506,
        "stdev": 0.121388122439
    },
    "silence_rate_20dB": {
        "max": 1,
        "mean": 1,
        "min": 1,
        "stdev": 0
    },
    "silence_rate_30dB": {
        "max": 1,
        "mean": 1,
        "min": 1,
        "stdev": 0
    },
    "silence_rate_60dB": {
        "max": 1,
        "mean": 0.163636356592,
        "min": 0,
        "stdev": 0.369947701693
    },
    "spectral_centroid": {
        "max": 11586.3417969,
        "mean": 2120.72583008,
        "min": 251.481140137,
        "stdev": 716.959594727
    },
    "spectral_complexity": {
        "max": 48,
        "mean": 28.1727275848,
        "min": 0,
        "stdev": 14.1004610062
    },
    "spectral_decrease": {
        "max": -5.95866715501e-29,
        "mean": -4.12090983559e-09,
        "min": -1.79218631047e-08,
        "stdev": 2.41558639757e-09
    },
    "spectral_energy": {
        "max": 0.0727309584618,
        "mean": 0.0182053651661,
        "min": 1.11418352766e-20,
        "stdev": 0.0105627886951
    },
    "spectral_energyband_high": {
        "max": 0.0127036906779,
        "mean": 0.00109117699321,
        "min": 8.02589195333e-21,
        "stdev": 0.00133784103673
    },
    "spectral_energyband_low": {
        "max": 0.0568997003138,
        "mean": 0.000763266463764,
        "min": 9.53100672837e-23,
        "stdev": 0.00365746673197
    },
    "spectral_energyband_middle_high": {
        "max": 0.0384286642075,
        "mean": 0.0134704681113,
        "min": 1.63559638249e-21,
        "stdev": 0.00887014530599
    },
    "spectral_energyband_middle_low": {
        "max": 0.0282855760306,
        "mean": 0.00335490354337,
        "min": 3.55449843923e-22,
        "stdev": 0.00280805956572
    },
    "spectral_entropy": {
        "max": 9.81225299835,
        "mean": 7.71553182602,
        "min": 5.47114849091,
        "stdev": 0.42936232686
    },
    "spectral_flux": {
        "max": 0.220492854714,
        "mean": 0.0777673721313,
        "min": 1.05554891217e-10,
        "stdev": 0.0344757549465
    },
    "spectral_kurtosis": {
        "max": 68.7581481934,
        "mean": 5.33237171173,
        "min": -1.15284633636,
        "stdev": 6.62668371201
    },
    "spectral_rms": {
        "max": 0.00842359941453,
        "mean": 0.00388243165798,
        "min": 3.29698096081e-12,
        "stdev": 0.0016395264538
    },
    "spectral_rolloff": {
        "max": 18690.8203125,
        "mean": 2726.26147461,
        "min": 64.599609375,
        "stdev": 1735.71972656
    },
    "spectral_skewness": {
        "max": 6.81390142441,
        "mean": 1.51346158981,
        "min": -0.0596194565296,
        "stdev": 0.721244931221
    },
    "spectral_spread": {
        "max": 40395324,
        "mean": 3491482.75,
        "min": 1302243.5,
        "stdev": 2159833.75
    },
    "spectral_strongpeak": {
        "max": 6.8029294014,
        "mean": 1.30494701862,
        "min": 0,
        "stdev": 0.993364334106
    },
    "zerocrossingrate": {
        "max": 0.845703125,
        "mean": 0.0912926122546,
        "min": 0.0068359375,
        "stdev": 0.0570561140776
    },
    "barkbands": {
        "max": [0.00569543428719, 0.0481281019747, 0.00683534424752, 0.0075421826914, 0.00415041903034, 0.000860429834574, 0.001805576263, 0.00325641501695, 0.020771369338, 0.0173562914133, 0.0283834468573, 0.0174940545112, 0.00468314997852, 0.00536575494334, 0.00499142613262, 0.00325393374078, 0.00265351892449, 0.00602599047124, 0.00470971735194, 0.00541531480849, 0.00104669528082, 0.00256177573465, 0.00441874330863, 0.00493685388938, 0.00328190042637, 4.39807663497e-05, 1.59050131288e-07],
        "mean": [8.05450617918e-05, 0.000557417282835, 0.000107050902443, 5.59602085559e-05, 6.89270018484e-05, 4.68842954433e-05, 7.0065339969e-05, 0.000314206205076, 0.00201899604872, 0.00291698472574, 0.00311884866096, 0.00207657064311, 0.000833938887808, 0.000910241040401, 0.000843258923851, 0.000631928560324, 0.00054793007439, 0.000641174730845, 0.000870325253345, 0.000785493699368, 0.000206311568036, 0.000160092517035, 0.000139555326314, 0.000121379795019, 8.11134814285e-05, 1.66674183788e-07, 1.14138654084e-09],
        "min": [6.638743356e-24, 4.69999793234e-23, 2.71557635785e-23, 1.92637072042e-23, 1.18038885457e-22, 2.67864157473e-23, 6.73372299785e-23, 8.12866384329e-23, 3.08774547126e-23, 5.24264714489e-23, 1.02440498964e-22, 3.98838418022e-23, 4.96388326473e-23, 7.29727386895e-23, 2.36943321721e-22, 1.36623337668e-22, 1.94633631661e-22, 2.3386860697e-22, 3.72032305996e-22, 3.7890541756e-22, 4.64095529079e-22, 4.7176739702e-22, 5.93952939291e-22, 1.10526213434e-21, 1.46037525456e-21, 1.73343431984e-21, 2.18110685034e-21],
        "stdev": [0.000431859865785, 0.00294217793271, 0.000543613161426, 0.00039445317816, 0.000290385854896, 0.000105385835923, 0.000141006079502, 0.000349880108843, 0.00209626508877, 0.00273751164787, 0.00304555590264, 0.00228127976879, 0.000678890093695, 0.000834653270431, 0.000756308960263, 0.000532329780981, 0.000450186635135, 0.000581517117098, 0.000851722608786, 0.00098371040076, 0.000162054566317, 0.000212082421058, 0.000361054087989, 0.000378897035262, 0.000318959850119, 2.0102572762e-06, 6.79551392935e-09]
    },
    "erbbands": {
        "max": [1.76127803326, 9.17273902893, 8.23113918304, 16.9634418488, 25.1966648102, 10.9234352112, 15.5193433762, 8.00080299377, 13.714094162, 32.4645309448, 137.418228149, 360.994506836, 450.721008301, 634.798095703, 955.685668945, 485.938018799, 218.130279541, 284.982940674, 257.663299561, 278.583404541, 214.654891968, 134.543579102, 272.560028076, 281.49621582, 219.096557617, 313.615478516, 114.242584229, 45.7795448303, 119.730834961, 113.915008545, 120.301490784, 133.766036987, 87.4741516113, 51.0352058411, 21.020778656, 1.23308944702, 0.0301569625735, 0.00205126754008, 0.000295322504826, 0.000118974094221],
        "mean": [0.0260810758919, 0.0834215506911, 0.122929617763, 0.164600268006, 0.216170743108, 0.204413488507, 0.356536895037, 0.387766331434, 0.691150009632, 2.63629245758, 11.4409513474, 42.6142425537, 80.3076171875, 110.457015991, 126.797851562, 70.3272857666, 41.2991371155, 46.7148170471, 41.7857208252, 41.6738891602, 35.6716194153, 31.2371101379, 33.4466056824, 46.8034362793, 39.6245994568, 38.7540626526, 14.8631563187, 6.80893278122, 5.95018291473, 4.95626878738, 3.80039763451, 2.81340551376, 1.87834358215, 1.15499210358, 0.426216512918, 0.0253566391766, 0.000717433635145, 5.96035897615e-05, 2.06146924029e-05, 2.60289034486e-05],
        "min": [1.40571721552e-21, 1.03111254139e-20, 3.19757587151e-20, 5.8953317353e-20, 7.87151016266e-20, 5.00604226646e-19, 5.12838124508e-19, 2.32217360193e-19, 1.00930500052e-18, 8.98151571737e-19, 1.70320758445e-18, 9.7164708615e-19, 1.02366899186e-18, 3.75810486159e-18, 2.18778043043e-18, 1.72839451032e-18, 2.27321743436e-18, 3.40237811391e-18, 1.32921447613e-17, 6.94326720781e-18, 8.50191453705e-18, 1.14865649941e-17, 9.87541402979e-18, 1.48622518508e-17, 2.23004534791e-17, 1.71579675638e-17, 1.58525739868e-17, 2.1850852692e-17, 1.63379685333e-17, 1.66584712422e-17, 1.8308049709e-17, 2.12572960086e-17, 1.81488058606e-17, 1.88529565919e-17, 9.10408547938e-18, 5.65015478136e-18, 3.50416703098e-18, 1.26710597139e-18, 3.03276724305e-19, 3.35532890785e-20],
        "stdev": [0.136473342776, 0.488010704517, 0.626984059811, 0.91343665123, 1.47910451889, 0.79920732975, 1.24052095413, 0.791585862637, 1.17348730564, 3.58210682869, 12.0484724045, 43.2059822083, 73.5735321045, 97.6104278564, 127.215873718, 65.9806213379, 31.8123397827, 41.8502693176, 36.3337516785, 35.8448257446, 31.5593852997, 23.8379917145, 28.0273990631, 46.2431106567, 40.0793418884, 52.01014328, 14.3773117065, 5.36859798431, 8.68193149567, 8.92098522186, 10.5211782455, 8.49132823944, 6.17349863052, 4.50234508514, 1.69739079475, 0.111580215394, 0.00289814383723, 0.000198252921109, 3.0083450838e-05, 1.63913773576e-05]
    },
    "gfcc": {
        "mean": [-81.1937637329, 28.5078735352, -232.42175293, -3.5007185936, -95.6627502441, 19.5928878784, -30.4639530182, 12.0573091507, -23.3407688141, -17.3840465546, -10.4763879776, -17.7226448059, 2.77404212952],
        "cov": [[16263.5205078, -1965.58813477, -3042.60888672, 332.293792725, -1133.74487305, 605.123535156, 342.363800049, 410.362335205, -512.745361328, -314.985870361, 174.005889893, -446.543609619, 34.931930542], [-1965.58813477, 1818.99450684, 1833.72607422, 262.746704102, 314.334350586, -28.9311466217, -42.8737068176, -42.2498092651, 193.635681152, 132.794296265, 11.7185649872, 86.9855804443, -23.6639080048], [-3042.60888672, 1833.72607422, 3445.58764648, 733.088195801, 453.332489014, 297.588653564, -82.005859375, 126.187843323, 323.969909668, 357.017028809, 6.78488254547, 236.264297485, -69.979850769], [332.293792725, 262.746704102, 733.088195801, 387.482788086, 121.566726685, 139.619476318, -20.2921504974, 96.8365097046, 66.8035507202, 89.5481033325, 18.491399765, 40.6166305542, -29.5911598206], [-1133.74487305, 314.334350586, 453.332489014, 121.566726685, 231.290039062, 1.47974979877, -48.0672683716, 0.578930914402, 45.4477882385, 49.8609809875, -9.7491350174, 49.3309249878, -18.4175319672], [605.123535156, -28.9311466217, 297.588653564, 139.619476318, 1.47974979877, 191.320755005, 19.5651836395, 45.7441711426, 32.78175354, 47.2365379333, 11.4232435226, 38.7933769226, -9.62727069855], [342.363800049, -42.8737068176, -82.005859375, -20.2921504974, -48.0672683716, 19.5651836395, 113.755531311, 20.1657543182, -5.17845153809, -5.79265022278, 24.2223396301, -28.0078105927, 8.1695728302], [410.362335205, -42.2498092651, 126.187843323, 96.8365097046, 0.578930914402, 45.7441711426, 20.1657543182, 107.517318726, 15.0013465881, 33.0399398804, 9.03827762604, -6.96664953232, -12.0280075073], [-512.745361328, 193.635681152, 323.969909668, 66.8035507202, 45.4477882385, 32.78175354, -5.17845153809, 15.0013465881, 100.904266357, 52.7050132751, 14.4182424545, 48.3624076843, -2.72581529617], [-314.985870361, 132.794296265, 357.017028809, 89.5481033325, 49.8609809875, 47.2365379333, -5.79265022278, 33.0399398804, 52.7050132751, 94.994430542, 20.0361671448, 32.1255645752, -7.37190723419], [174.005889893, 11.7185649872, 6.78488254547, 18.491399765, -9.7491350174, 11.4232435226, 24.2223396301, 9.03827762604, 14.4182424545, 20.0361671448, 45.2229652405, 11.7392616272, 5.65773439407], [-446.543609619, 86.9855804443, 236.264297485, 40.6166305542, 49.3309249878, 38.7933769226, -28.0078105927, -6.96664953232, 48.3624076843, 32.1255645752, 11.7392616272, 84.0726776123, 9.93734836578], [34.931930542, -23.6639080048, -69.979850769, -29.5911598206, -18.4175319672, -9.62727069855, 8.1695728302, -12.0280075073, -2.72581529617, -7.37190723419, 5.65773439407, 9.93734836578, 33.7022399902]],
        "icov": [[0.000683118589222, -0.00127562170383, 0.00142352713738, -0.00216652848758, 0.00287173106335, -0.00314355478622, 0.000728447921574, -0.00196736562066, 0.00274724024348, 5.8561883634e-05, -0.00117178668734, 0.000454759196145, -0.00045985772158], [-0.00127562170383, 0.00460741715506, -0.00425084121525, 0.00457401480526, -0.00643002195284, 0.00722026126459, -0.00119765603449, 0.00517127430066, -0.00701386295259, 0.0022070708219, -0.000340610509738, 0.00192269287072, -0.000162903903401], [0.00142352713738, -0.00425084121525, 0.00499509880319, -0.00604539737105, 0.00639588944614, -0.00737862614915, 0.000733439926989, -0.00456459820271, 0.00624316232279, -0.00342330848798, 0.00113998760935, -0.0021267561242, 0.000376218231395], [-0.00216652848758, 0.00457401480526, -0.00604539737105, 0.014574509114, -0.0117997676134, 0.00642716325819, 0.000650353031233, 0.00224240496755, -0.00934503879398, 0.00239891605452, -0.00176448747516, 0.00265413476154, 0.00101395067759], [0.00287173106335, -0.00643002195284, 0.00639588944614, -0.0117997676134, 0.0203924439847, -0.0107575310394, 0.00277188327163, -0.00737090082839, 0.0131050264463, -0.00278047588654, -0.000642061058898, -0.00366027932614, 0.00183611060493], [-0.00314355478622, 0.00722026126459, -0.00737862614915, 0.00642716325819, -0.0107575310394, 0.0252609178424, -0.00712218275294, 0.00995982997119, -0.0121341338381, -0.00166512012947, 0.0077692954801, -0.00746587477624, 0.00481969723478], [0.000728447921574, -0.00119765603449, 0.000733439926989, 0.000650353031233, 0.00277188327163, -0.00712218275294, 0.0154649754986, -0.0048940256238, 0.000741761527024, 0.00382212200202, -0.0114869931713, 0.00950558017939, -0.00549553474411], [-0.00196736562066, 0.00517127430066, -0.00456459820271, 0.00224240496755, -0.00737090082839, 0.00995982997119, -0.0048940256238, 0.021407591179, -0.00965815223753, -0.00336282677017, 0.00396501272917, 0.00173670379445, 0.00311014428735], [0.00274724024348, -0.00701386295259, 0.00624316232279, -0.00934503879398, 0.0131050264463, -0.0121341338381, 0.000741761527024, -0.00965815223753, 0.0312918387353, -0.00671980390325, -0.00328411674127, -0.00895394291729, 0.00130720611196], [5.8561883634e-05, 0.0022070708219, -0.00342330848798, 0.00239891605452, -0.00278047588654, -0.00166512012947, 0.00382212200202, -0.00336282677017, -0.00671980390325, 0.0264535695314, -0.0136671531945, 0.0057611996308, -0.00179621751886], [-0.00117178668734, -0.000340610509738, 0.00113998760935, -0.00176448747516, -0.000642061058898, 0.0077692954801, -0.0114869931713, 0.00396501272917, -0.00328411674127, -0.0136671531945, 0.0409676320851, -0.0137485107407, 0.00178259250242], [0.000454759196145, 0.00192269287072, -0.0021267561242, 0.00265413476154, -0.00366027932614, -0.00746587477624, 0.00950558017939, 0.00173670379445, -0.00895394291729, 0.0057611996308, -0.0137485107407, 0.0324109680951, -0.0137369073927], [-0.00045985772158, -0.000162903903401, 0.000376218231395, 0.00101395067759, 0.00183611060493, 0.00481969723478, -0.00549553474411, 0.00311014428735, 0.00130720611196, -0.00179621751886, 0.00178259250242, -0.0137369073927, 0.039991620928]]
    },
    "melbands": {
        "max": [0.0147413192317, 0.00668153632432, 0.00326065835543, 0.00117243896239, 0.000612219795585, 0.000167752164998, 0.000275236321613, 0.000485908269184, 0.00132100039627, 0.00273023243062, 0.00232061464339, 0.00263054296374, 0.00379008916207, 0.0018924921751, 0.000736501591746, 0.000395585375372, 0.000606416142546, 0.000484013988171, 0.000457470596302, 0.000223329698201, 0.000290971889626, 0.000170316096046, 0.00015380376135, 0.00038158823736, 0.000277341081528, 0.00022633917979, 0.000200326147024, 0.00021076160192, 0.000113841051643, 2.44540096901e-05, 2.8013742849e-05, 8.15271196188e-05, 3.92982765334e-05, 7.4966759712e-05, 6.68802313157e-05, 6.11313007539e-05, 0.000100284916698, 5.64559777558e-05, 7.23658886272e-05, 3.56064301741e-05],
        "mean": [0.000186642530025, 7.72225685068e-05, 3.12375632348e-05, 1.43502293213e-05, 1.2007976693e-05, 8.76627927937e-06, 1.14097574624e-05, 3.34959768225e-05, 0.000110135762952, 0.000297275313642, 0.000409031286836, 0.00044180432451, 0.000435963069322, 0.000267632771283, 0.000118220108561, 7.97924221843e-05, 8.79823855939e-05, 6.71794477967e-05, 6.18398844381e-05, 4.59949296783e-05, 4.04960373999e-05, 3.11673029501e-05, 2.99030707538e-05, 3.23240383295e-05, 3.92524671042e-05, 2.82059409074e-05, 2.80294425465e-05, 2.52721802099e-05, 1.09885513666e-05, 4.78752781419e-06, 3.56173109139e-06, 3.40809788213e-06, 2.94280107482e-06, 2.68727467301e-06, 2.23156325774e-06, 1.795500566e-06, 1.72828799805e-06, 1.324605023e-06, 1.22734240904e-06, 8.67235428359e-07],
        "min": [1.30403677457e-23, 1.58400177434e-23, 9.44895225691e-24, 1.86227324751e-23, 2.23636449941e-23, 5.32221378571e-24, 1.50554671741e-23, 1.16476748383e-23, 1.30859962493e-23, 5.28667678522e-24, 4.56182918145e-24, 1.45855316888e-23, 1.10942810247e-23, 3.6047192335e-24, 3.59604610228e-24, 7.14085174446e-24, 5.00817693681e-24, 2.03381483789e-23, 1.33699964304e-23, 9.29347250566e-24, 9.44817286234e-24, 1.3690573725e-23, 7.1324748305e-24, 1.09438957371e-23, 1.15978148848e-23, 1.54126649697e-23, 1.43880151177e-23, 1.1683973484e-23, 9.85592875336e-24, 1.14440311845e-23, 1.330642213e-23, 9.90613817225e-24, 7.83478507265e-24, 9.49761471957e-24, 1.12564597827e-23, 9.28575665714e-24, 1.36631008551e-23, 1.24178539395e-23, 1.32602106582e-23, 1.71663958476e-23],
        "stdev": [0.000981540186331, 0.000401710422011, 0.00017821014626, 7.03455662006e-05, 4.27693594247e-05, 1.74658671312e-05, 2.13443290704e-05, 4.30557702202e-05, 0.000120457298181, 0.000309857772663, 0.000377835298423, 0.000399351731176, 0.000424714031396, 0.000285014102701, 0.000113565372885, 6.56000047456e-05, 8.55942489579e-05, 6.25466564088e-05, 5.9044246882e-05, 3.67389911844e-05, 3.90296045225e-05, 2.49991153396e-05, 2.5419793019e-05, 3.18064194289e-05, 4.15428185079e-05, 2.79660562228e-05, 3.35760923917e-05, 3.55550619133e-05, 1.26856157294e-05, 4.14840724261e-06, 3.0656974559e-06, 5.35099616172e-06, 3.90779177906e-06, 5.56885288461e-06, 6.51521895634e-06, 4.50793959317e-06, 5.9288936427e-06, 4.11882774642e-06, 5.05015077579e-06, 3.34942069458e-06]
    },
    "melbands128": {
        "max": [0.00387254776433, 0.0145134814084, 0.0203931834549, 0.013484640047, 0.00565777160227, 0.00362166599371, 0.0034177354537, 0.00383971375413, 0.00266614067368, 0.00100670766551, 0.000619781552814, 0.00103731476702, 0.000616071745753, 0.000306594185531, 0.00021373515483, 0.000241886795266, 0.000120098484331, 0.0003772926284, 0.0006235151086, 0.000490527367219, 0.00106207747012, 0.000519339868333, 0.00178884761408, 0.00200339825824, 0.00205254764296, 0.00353664020076, 0.00501044839621, 0.00377853494138, 0.00253908359446, 0.00297497445717, 0.00357691873796, 0.00553228566423, 0.00521378265694, 0.00415421510115, 0.003955620341, 0.00123263965361, 0.00139001302887, 0.00137047050521, 0.00108477903996, 0.000504802272189, 0.000507806660607, 0.000695137190633, 0.00106146663893, 0.00101976061705, 0.000434134999523, 0.000920285237953, 0.000471196923172, 0.000523935188539, 0.00080118450569, 0.000479056878248, 0.000238733147853, 0.000389492779505, 0.000565773108974, 0.000404376449296, 0.000400160730351, 0.000181590454304, 0.000250496319495, 0.000351227878127, 0.000224825082114, 0.000198141788132, 0.00069813238224, 0.000209704725421, 0.000471116567496, 0.000414754002122, 0.000172566666151, 0.000458344205981, 0.000266972667305, 0.000396513263695, 0.000330829876475, 0.000558636558708, 0.000445178331574, 0.000297381222481, 0.000247636780841, 5.77474893362e-05, 6.89473017701e-05, 4.02068617404e-05, 2.93718258035e-05, 2.99708935927e-05, 3.65778068954e-05, 3.17876001645e-05, 0.000106966435851, 0.000127119914396, 5.45416223758e-05, 2.99809453281e-05, 4.08486484957e-05, 0.000119141986943, 6.37654666207e-05, 9.94605943561e-05, 9.02918764041e-05, 0.000133160778205, 4.88821206091e-05, 4.73494474136e-05, 5.76091006224e-05, 0.000107991632831, 0.000144547637319, 7.77536770329e-05, 2.77647486655e-05, 7.06501377863e-05, 0.00010393509001, 0.000112619374704, 6.17147816229e-05, 2.90851876343e-05, 4.83092553623e-05, 3.11145922751e-05, 3.06046349579e-05, 1.87420173461e-05, 9.25169115362e-06, 2.85318355964e-06, 4.62589433425e-09, 2.17700280025e-09, 1.83433002121e-09, 1.54055423973e-09, 1.36575695198e-09, 1.21244725371e-09, 1.08860487291e-09, 9.82622649914e-10, 9.03096264437e-10, 8.35029434487e-10, 7.71936403687e-10, 7.24389714879e-10, 6.78661959963e-10, 6.61962096249e-10, 6.04029437579e-10, 5.82151993278e-10, 5.83501857943e-10, 5.55986867656e-10, 5.41155176226e-10, 5.34870980839e-10],
        "mean": [7.43195851101e-05, 0.00025216571521, 0.000204308962566, 0.000119545024063, 6.6969099862e-05, 5.29938697582e-05, 3.17884405376e-05, 3.00038191199e-05, 2.21589434659e-05, 1.15998536785e-05, 1.01594278021e-05, 1.31438027893e-05, 1.36612898132e-05, 9.21842274693e-06, 7.98693145043e-06, 9.12177165446e-06, 8.62714568939e-06, 1.03412303361e-05, 1.59405062732e-05, 2.65064336418e-05, 4.07120569434e-05, 5.94034099777e-05, 0.00011064598948, 0.000164313954883, 0.000239710352616, 0.000372203910956, 0.000397087744204, 0.000394787610276, 0.000432677014032, 0.000446169113275, 0.000424252124503, 0.000484343996504, 0.000415873539168, 0.000442390737589, 0.000363388622645, 0.000191755476408, 0.000152981476276, 0.00012172570132, 9.2904730991e-05, 8.37783445604e-05, 7.22995973774e-05, 7.96434978838e-05, 9.19875674299e-05, 9.82583151199e-05, 6.5155683842e-05, 6.96525239618e-05, 5.55458282179e-05, 5.82075517741e-05, 7.18033916201e-05, 5.37514024472e-05, 3.63043945981e-05, 4.48479622719e-05, 4.66810852231e-05, 3.72344547941e-05, 2.96136495308e-05, 2.93156226689e-05, 3.28996247845e-05, 3.52032948285e-05, 2.55305149039e-05, 2.61827990471e-05, 3.35991426255e-05, 3.25417022395e-05, 4.76059976791e-05, 4.17681621911e-05, 2.51923847827e-05, 2.72721299552e-05, 2.83299686998e-05, 3.20218568959e-05, 2.14318279177e-05, 3.44764266629e-05, 2.6808342227e-05, 2.13261300814e-05, 1.7431226297e-05, 7.17904185876e-06, 6.42282839181e-06, 4.99463749293e-06, 3.97416624764e-06, 3.78897493647e-06, 3.54863004759e-06, 3.29252452502e-06, 3.30615034727e-06, 3.739874046e-06, 3.07955951939e-06, 2.83734379991e-06, 2.76925857179e-06, 2.91394735541e-06, 2.59404828284e-06, 2.34774188357e-06, 2.13507223634e-06, 2.31329659073e-06, 1.96123028218e-06, 1.54524786922e-06, 1.62682272276e-06, 1.87398927665e-06, 1.74313197476e-06, 1.4242244788e-06, 1.19707817703e-06, 1.20062111364e-06, 1.21607581605e-06, 1.32509080686e-06, 1.08337030724e-06, 7.11240772944e-07, 7.02386046214e-07, 6.79846891671e-07, 5.64435254091e-07, 3.52301157136e-07, 1.13295804738e-07, 9.91776616388e-09, 2.99133669224e-11, 1.19236244142e-11, 9.01756794236e-12, 8.35050951997e-12, 7.69662632238e-12, 7.13753275233e-12, 6.7102725286e-12, 6.35254002179e-12, 5.82883177488e-12, 5.5698288863e-12, 5.42519501545e-12, 5.22165080272e-12, 5.04324446787e-12, 4.95429869005e-12, 4.81622944651e-12, 4.67143424637e-12, 4.26319613292e-12, 3.54067448104e-12, 3.14920333734e-12, 3.07672507263e-12],
        "min": [5.96991473726e-24, 1.18090781461e-23, 1.45981676628e-23, 1.80217293282e-23, 1.76485034567e-23, 1.21650587293e-23, 1.3857624488e-23, 6.42201802179e-24, 6.02900199678e-24, 1.18525641035e-23, 3.20937204563e-23, 3.91741225785e-23, 1.57297444551e-23, 8.55055091525e-24, 2.68431932221e-24, 4.33066256507e-24, 1.1638806464e-23, 2.38043290435e-23, 9.97057706416e-24, 4.77760709371e-24, 1.70828775659e-23, 1.93583436915e-23, 1.25995222951e-23, 6.64238789339e-24, 7.2568632069e-24, 3.50742704591e-24, 2.03760602451e-24, 6.29259592396e-24, 4.61248194017e-24, 7.95497907561e-24, 1.80535361999e-23, 2.81206193517e-23, 9.02007145971e-24, 1.8490544631e-24, 1.72712989652e-24, 5.20211996808e-24, 5.00272275251e-24, 4.88113246575e-24, 1.13510359222e-24, 3.68759419919e-24, 1.15829559007e-23, 6.572337045e-24, 5.35694733137e-24, 2.59108759891e-24, 6.83499853859e-24, 2.46404947817e-23, 3.85079263886e-23, 1.0381254896e-23, 4.27613097728e-24, 8.88896987701e-24, 7.69751538653e-24, 1.33343951377e-23, 9.47506591946e-24, 5.7167657229e-24, 1.42179367065e-23, 2.076096678e-23, 5.90435802945e-24, 6.73515162495e-24, 8.52190579806e-24, 5.48217426691e-24, 1.30494428015e-23, 1.10987231004e-23, 1.4925150508e-23, 7.38057000747e-24, 1.47902410937e-23, 1.49689543764e-23, 1.15802469524e-23, 2.9203955722e-23, 9.210305267e-24, 6.47009909396e-24, 8.71056503899e-24, 1.8822547787e-23, 1.17541237288e-23, 8.24466221064e-24, 5.12691036381e-24, 1.45196965131e-23, 1.03312111379e-23, 1.38824578293e-23, 1.26246664476e-23, 1.62179815134e-23, 9.51695995555e-24, 9.47191363128e-24, 5.02283397243e-24, 8.2661689255e-24, 8.01261956423e-24, 1.09450119753e-23, 8.11856121722e-24, 1.19164634145e-23, 1.16820289418e-23, 1.2444586069e-23, 5.23265559043e-24, 7.50554529638e-24, 1.56709538073e-23, 1.73695859064e-23, 9.63382654321e-24, 1.19210388078e-23, 1.33842353697e-23, 1.07196202152e-23, 1.50255062369e-23, 1.10427652521e-23, 1.95406289363e-23, 1.94602929195e-23, 1.30042749927e-23, 1.00739825293e-23, 5.85958701764e-24, 1.29153396031e-23, 1.04101090613e-23, 9.44593959711e-24, 1.26185835412e-23, 6.28229142838e-24, 8.96634293231e-24, 8.87312639459e-24, 1.04626251095e-23, 1.69919203258e-23, 1.14804465816e-23, 1.0626553561e-23, 9.85337836605e-24, 6.17849311048e-24, 1.06822424078e-23, 1.07989930329e-23, 8.18965020656e-24, 9.21190192147e-24, 9.00317090367e-24, 1.11362105595e-23, 8.70844063657e-24, 9.21712418067e-24, 1.66615674668e-23, 9.09317756638e-24],
        "stdev": [0.000384179962566, 0.00131164933555, 0.00118484045379, 0.000719876668882, 0.000371894915588, 0.000269908457994, 0.000182233969099, 0.000221506968956, 0.000164527329616, 5.80633459322e-05, 4.29048013757e-05, 6.13951415289e-05, 5.28984492121e-05, 2.69910542556e-05, 1.96689488803e-05, 1.96600085474e-05, 1.29910540636e-05, 2.42380410782e-05, 4.03648518841e-05, 4.86058670504e-05, 6.8169523729e-05, 7.37800364732e-05, 0.000155487126904, 0.000213128427276, 0.000293324905215, 0.000476100860396, 0.000514546409249, 0.000462093797978, 0.000470828759717, 0.000533485494088, 0.000474718399346, 0.000576649908908, 0.000518614077009, 0.000625881832093, 0.000530690595042, 0.000212505925447, 0.000191826125956, 0.000164420009241, 0.000106081934064, 8.88668582775e-05, 7.87792887422e-05, 9.20586826396e-05, 0.000119736367196, 0.000127755280118, 6.9375259045e-05, 9.12479954422e-05, 5.8277782955e-05, 7.10814638296e-05, 9.02681349544e-05, 5.80037958571e-05, 3.6626966903e-05, 6.01916763117e-05, 6.71177404001e-05, 4.49049766758e-05, 3.26951521856e-05, 2.8434833439e-05, 3.38293648383e-05, 4.25122598244e-05, 2.5231638574e-05, 2.71164590231e-05, 4.54152614111e-05, 3.60653721145e-05, 6.53996758047e-05, 5.38045715075e-05, 2.53474372585e-05, 3.82110010833e-05, 3.57472163159e-05, 5.01104332216e-05, 2.92250588245e-05, 6.24761523795e-05, 4.82972282043e-05, 3.26007284457e-05, 2.85483856715e-05, 7.81263952376e-06, 8.09882385511e-06, 5.89016599406e-06, 3.66169206245e-06, 3.76104753741e-06, 3.5613950331e-06, 3.41642589774e-06, 6.15669887338e-06, 8.33233025332e-06, 4.00164117309e-06, 3.6199223814e-06, 4.16677448811e-06, 7.34290551918e-06, 4.995483323e-06, 7.01523504176e-06, 6.43661178401e-06, 8.98478538147e-06, 4.54109749626e-06, 3.45132571056e-06, 4.47450611318e-06, 6.95640665072e-06, 7.36042238714e-06, 4.92916615258e-06, 3.14690942105e-06, 4.3983714022e-06, 5.54475536774e-06, 7.02078932591e-06, 4.62603065898e-06, 2.57837928075e-06, 3.09826600642e-06, 2.70798250313e-06, 2.40072063207e-06, 1.47948560425e-06, 6.60870625779e-07, 1.26355516272e-07, 2.87270540689e-10, 1.03887967673e-10, 7.87428108828e-11, 6.5976925312e-11, 5.84661277725e-11, 5.19890901163e-11, 4.65599052368e-11, 4.19791423845e-11, 3.85279828874e-11, 3.56380862321e-11, 3.29545418731e-11, 3.0938730744e-11, 2.8998744378e-11, 2.82856845585e-11, 2.58290628469e-11, 2.4898484316e-11, 2.49657707702e-11, 2.38269855235e-11, 2.32117415566e-11, 2.29465630525e-11]
    },
    "mfcc": {
        "mean": [-678.390869141, 54.1090164185, -80.1841201782, -33.9830131531, -38.8934173584, -14.6583147049, -1.63507390022, 8.1590089798, 0.180773317814, 1.98271024227, -8.0527009964, -7.62652873993, -5.39991474152],
        "cov": [[15430.5917969, -3326.63378906, -2438.91845703, -891.553222656, -1152.60046387, -390.874420166, 662.384460449, 290.487884521, -239.837310791, 389.331878662, -118.820823669, -489.362945557, -182.331100464], [-3326.63378906, 1841.96960449, 1414.77648926, 497.161895752, 458.842712402, 201.608642578, -100.862869263, -27.2355136871, 83.4658660889, -29.3931560516, 104.673309326, 145.371231079, 52.4559020996], [-2438.91845703, 1414.77648926, 2469.13623047, 691.410522461, 722.403991699, 392.913848877, -17.9514598846, 99.2510223389, 167.368515015, 106.978225708, 238.878692627, 205.071548462, 102.187980652], [-891.553222656, 497.161895752, 691.410522461, 372.576599121, 295.347747803, 90.9441680908, 8.63636207581, 15.470164299, 50.9288864136, 41.4113082886, 68.0548934937, 72.80443573, 35.0455093384], [-1152.60046387, 458.842712402, 722.403991699, 295.347747803, 397.026428223, 143.21824646, -28.7256984711, 20.8622379303, 62.007106781, -8.37738418579, 70.6673660278, 99.3600158691, 49.5370559692], [-390.874420166, 201.608642578, 392.913848877, 90.9441680908, 143.21824646, 162.568435669, -6.32344007492, 28.2453632355, 25.0705070496, -4.0025935173, 43.3842048645, 43.9364547729, 33.5513954163], [662.384460449, -100.862869263, -17.9514598846, 8.63636207581, -28.7256984711, -6.32344007492, 104.292266846, 19.9708518982, -1.01105928421, 50.4744491577, 1.12169647217, -28.3796291351, -12.4440174103], [290.487884521, -27.2355136871, 99.2510223389, 15.470164299, 20.8622379303, 28.2453632355, 19.9708518982, 69.6924133301, 18.2259273529, 10.6914024353, 17.8471946716, 9.04598426819, 11.1794185638], [-239.837310791, 83.4658660889, 167.368515015, 50.9288864136, 62.007106781, 25.0705070496, -1.01105928421, 18.2259273529, 52.3554573059, 17.580739975, 18.6047496796, 23.8684711456, 11.5103120804], [389.331878662, -29.3931560516, 106.978225708, 41.4113082886, -8.37738418579, -4.0025935173, 50.4744491577, 10.6914024353, 17.580739975, 91.1921157837, 31.1704444885, -12.871134758, -3.39687514305], [-118.820823669, 104.673309326, 238.878692627, 68.0548934937, 70.6673660278, 43.3842048645, 1.12169647217, 17.8471946716, 18.6047496796, 31.1704444885, 66.0254898071, 36.6441802979, 19.2299060822], [-489.362945557, 145.371231079, 205.071548462, 72.80443573, 99.3600158691, 43.9364547729, -28.3796291351, 9.04598426819, 23.8684711456, -12.871134758, 36.6441802979, 78.0640258789, 37.4450492859], [-182.331100464, 52.4559020996, 102.187980652, 35.0455093384, 49.5370559692, 33.5513954163, -12.4440174103, 11.1794185638, 11.5103120804, -3.39687514305, 19.2299060822, 37.4450492859, 51.0160217285]],
        "icov": [[0.000181581577635, 0.000185946599231, 2.78535462712e-05, 5.65887094126e-05, 6.65264669806e-05, 4.80105882161e-06, -0.0005325373495, -0.000704110891093, 0.000610980438069, -0.000430440413766, -0.000117835836136, 0.000261457724264, 5.75269496039e-06], [0.000185946599231, 0.00153212074656, -0.000719003553968, -0.00112354580779, 0.000820663990453, 2.50310786214e-05, -0.000116216120659, 0.000636456883512, 0.000106998719275, 0.00119878118858, -0.000184892909601, 0.000173781401827, 0.000317901110975], [2.78535462712e-05, -0.000719003553968, 0.00197521946393, -0.000743708689697, -0.00113294448238, -0.00183540023863, 0.000376014562789, -0.00132117432076, -0.00062945386162, -0.00184748717584, -0.00162747281138, 0.000142570774187, 0.000609488342889], [5.65887094126e-05, -0.00112354580779, -0.000743708689697, 0.0104261282831, -0.00641417689621, 0.00269313063473, -0.00188027287368, -0.000637905090116, 0.00271382299252, -0.00522689521313, 0.00188001617789, -0.00150181539357, -0.000743511714973], [6.65264669806e-05, 0.000820663990453, -0.00113294448238, -0.00641417689621, 0.0110419774428, -0.00288425618783, -0.000254200858762, 0.00177906616591, -0.00408945325762, 0.00608005560935, -0.00153236091137, -0.00198427261785, 0.000154198307428], [4.80105882161e-06, 2.50310786214e-05, -0.00183540023863, 0.00269313063473, -0.00288425618783, 0.0127999847755, -0.00182250724174, -0.00142242782749, 0.000970368273556, 0.00316560850479, -0.00256552989595, 0.00172616110649, -0.00424059852958], [-0.0005325373495, -0.000116216120659, 0.000376014562789, -0.00188027287368, -0.000254200858762, -0.00182250724174, 0.0181456077844, -0.00289871962741, 0.00133278418798, -0.00861577689648, 0.00421661417931, 0.00119833962526, 0.00191812030971], [-0.000704110891093, 0.000636456883512, -0.00132117432076, -0.000637905090116, 0.00177906616591, -0.00142242782749, -0.00289871962741, 0.0233428385109, -0.00970427133143, 0.00748444022611, -0.00456091808155, 0.00105909479316, -0.00307097006589], [0.000610980438069, 0.000106998719275, -0.00062945386162, 0.00271382299252, -0.00408945325762, 0.000970368273556, 0.00133278418798, -0.00970427133143, 0.0337959416211, -0.0129192294553, 0.00702523207292, -0.00753046246246, 0.00164842384402], [-0.000430440413766, 0.00119878118858, -0.00184748717584, -0.00522689521313, 0.00608005560935, 0.00316560850479, -0.00861577689648, 0.00748444022611, -0.0129192294553, 0.032004840672, -0.0172290187329, 0.0100529370829, -0.00304571678862], [-0.000117835836136, -0.000184892909601, -0.00162747281138, 0.00188001617789, -0.00153236091137, -0.00256552989595, 0.00421661417931, -0.00456091808155, 0.00702523207292, -0.0172290187329, 0.0383207239211, -0.0161800924689, 0.0016397673171], [0.000261457724264, 0.000173781401827, 0.000142570774187, -0.00150181539357, -0.00198427261785, 0.00172616110649, 0.00119833962526, 0.00105909479316, -0.00753046246246, 0.0100529370829, -0.0161800924689, 0.0360890701413, -0.0156679786742], [5.75269496039e-06, 0.000317901110975, 0.000609488342889, -0.000743511714973, 0.000154198307428, -0.00424059852958, 0.00191812030971, -0.00307097006589, 0.00164842384402, -0.00304571678862, 0.0016397673171, -0.0156679786742, 0.0326725505292]]
    },
    "spectral_contrast_coeffs": {
        "max": [-0.589025378227, -0.582765221596, -0.651675581932, -0.711267590523, -0.691168785095, -0.689565598965],
        "mean": [-0.740458846092, -0.762634754181, -0.786343276501, -0.817551970482, -0.789445519447, -0.762094557285],
        "min": [-0.958884239197, -0.96863925457, -0.961621105671, -0.963733971119, -0.957625210285, -0.96195089817],
        "stdev": [0.052344083786, 0.0663405135274, 0.048709101975, 0.0336507447064, 0.039971832186, 0.0383899137378]
    },
    "spectral_contrast_valleys": {
        "max": [-5.6404967308, -5.66983699799, -5.11359167099, -5.8571305275, -5.96521186829, -7.75707960129],
        "mean": [-9.85336494446, -7.48048114777, -6.48351097107, -7.09338331223, -7.26746273041, -10.2425107956],
        "min": [-27.276763916, -27.1291694641, -27.3040027618, -27.1426887512, -27.4074516296, -27.22306633],
        "stdev": [1.5224288702, 1.27013087273, 1.67908620834, 1.62360465527, 1.73551821709, 1.55566859245]
    }
},
"rhythm": {
    "beats_count": 24,
    "beats_loudness": {
        "max": 0.0352410115302,
        "mean": 0.016652027145,
        "min": 6.31237708149e-05,
        "stdev": 0.0100647518411
    },
    "bpm": 104.325035095,
    "bpm_histogram_first_peak_bpm": 105,
    "bpm_histogram_first_peak_weight": 0.555555582047,
    "bpm_histogram_second_peak_bpm": 120,
    "bpm_histogram_second_peak_spread": 0.5,
    "bpm_histogram_second_peak_weight": 0.130434781313,
    "danceability": 0.687382102013,
    "onset_rate": 1.09723329544,
    "beats_loudness_band_ratio": {
        "max": [0.466957062483, 0.332015663385, 0.620273888111, 0.770051836967, 0.708299875259, 0.248068496585],
        "mean": [0.0442125499249, 0.0219788700342, 0.200927600265, 0.470302432775, 0.201420083642, 0.0976887345314],
        "min": [5.479565516e-05, 0.000666414794978, 0.0671791657805, 0.0614079907537, 0.0236679688096, 0.00142807466909],
        "stdev": [0.121281526983, 0.0673806220293, 0.123118400574, 0.203628614545, 0.133919611573, 0.0714216530323]
    },
    "beats_position": [0.46439909935, 0.952018141747, 1.42802715302, 1.88081634045, 2.32199549675, 2.77478456497, 3.25079369545, 3.7151927948, 4.19120168686, 4.69043064117, 5.18965959549, 5.6888885498, 6.19972801208, 6.72217655182, 7.23301553726, 7.80190467834, 8.38240337372, 8.96290206909, 9.55501079559, 10.1471195221, 10.7043991089, 11.2732877731, 11.8421764374, 12.4110651016],
