{
"metadata": {
    "version": {
        "essentia": "2.1-beta5",
        "essentia_git_sha": "Undefined",
        "extractor": "music 2.0"
    },
    "audio_properties": {
        "analysis": {
            "equal_loudness": 0,
            "length": 12.7477550507,
            "sample_rate": 44100,
            "start_time": 0,
            "downmix": "mix"
        },
        "bit_rate": 192000,
        "length": 197.50894165,
        "lossless": 0,
        "number_channels": 2,
        "replay_gain": 2.10960578918,
        "sample_rate": 48000,
        "codec": "mp3",
        "md5_encoded": "f3c86b10f4d09089e937ff37126dfd84"
    },
    "tags": {
        "file_name": "Norway_In My Dreams_Wig Wam.mp3",
        "encoding": ["Lavf58.29.100"]
    }
},
"lowlevel": {
    "average_loudness": 0.972738385201,
    "barkbands_crest": {
        "max": 24.990486145,
        "mean": 8.98959255219,
        "min": 3.70540475845,
        "stdev": 3.64056181908
    },
    "barkbands_flatness_db": {
        "max": 0.281287640333,
        "mean": 0.18840944767,
        "min": 0.0583582744002,
        "stdev": 0.0257184617221
    },
    "barkbands_kurtosis": {
        "max": 24.653427124,
        "mean": 2.32243728638,
        "min": -1.28632473946,
        "stdev": 3.25292348862
    },
    "barkbands_skewness": {
        "max": 4.8421292305,
        "mean": 1.37324869633,
        "min": -1.74749732018,
        "stdev": 0.677482068539
    },
    "barkbands_spread": {
        "max": 73.7292633057,
        "mean": 11.171333313,
        "min": 3.77268433571,
        "stdev": 5.0307302475
    },
    "dissonance": {
        "max": 0.500000059605,
        "mean": 0.485912740231,
        "min": 0.411413192749,
        "stdev": 0.0138162970543
    },
    "dynamic_complexity": 1.42696964741,
    "erbbands_crest": {
        "max": 21.3588676453,
        "mean": 9.33426380157,
        "min": 3.23884153366,
        "stdev": 3.17057323456
    },
    "erbbands_flatness_db": {
        "max": 0.323469042778,
        "mean": 0.259025722742,
        "min": 0.111097112298,
        "stdev": 0.0245963986963
    },
    "erbbands_kurtosis": {
        "max": 9.95419406891,
        "mean": 0.8692689538,
        "min": -1.42125165462,
        "stdev": 1.41371130943
    },
    "erbbands_skewness": {
        "max": 2.69443130493,
        "mean": 1.05538880825,
        "min": -0.807165324688,
        "stdev": 0.44650375843
    },
    "erbbands_spread": {
        "max": 59.9409942627,
        "mean": 19.7692070007,
        "min": 7.09720754623,
        "stdev": 7.45587825775
    },
    "hfc": {
        "max": 85.8390197754,
        "mean": 23.6531410217,
        "min": 1.20368450768e-16,
        "stdev": 10.3239183426
    },
    "loudness_ebu128": {
        "integrated": -24.5557346344,
        "loudness_range": 2.30179595947,
        "momentary": {
            "max": -21.2278461456,
            "mean": -24.8405342102,
            "min": -31.2293777466,
            "stdev": 1.62957286835
        },
        "short_term": {
            "max": -23.1473770142,
            "mean": -24.6510162354,
            "min": -26.354139328,
            "stdev": 0.853579640388
        }
    },
    "melbands_crest": {
        "max": 25.0687332153,
        "mean": 10.8122472763,
        "min": 2.45804166794,
        "stdev": 3.54780578613
    },
    "melbands_flatness_db": {
        "max": 0.300581276417,
        "mean": 0.149622216821,
        "min": 0.00834118854254,
        "stdev": 0.0340198911726
    },
    "melbands_kurtosis": {
        "max": 63.8353271484,
        "mean": 6.89630746841,
        "min": -1.29781758785,
        "stdev": 7.59635782242
    },
    "melbands_skewness": {
        "max": 7.21759223938,
        "mean": 1.93630707264,
        "min": -0.0672435164452,
        "stdev": 0.890335679054
    },
    "melbands_spread": {
        "max": 183.469482422,
        "mean": 16.9714012146,
        "min": 3.8064892292,
        "stdev": 11.7582111359
    },
    "pitch_salience": {
        "max": 0.876487731934,
        "mean": 0.712297618389,
        "min": 0.16474583745,
        "stdev": 0.0993736162782
    },
    "silence_rate_20dB": {
        "max": 1,
        "mean": 1,
        "min": 1,
        "stdev": 0
    },
    "silence_rate_30dB": {
        "max": 1,
        "mean": 1,
        "min": 1,
        "stdev": 0
    },
    "silence_rate_60dB": {
        "max": 1,
        "mean": 0.0145454546437,
        "min": 0,
        "stdev": 0.119724810123
    },
    "spectral_centroid": {
        "max": 10877.9150391,
        "mean": 1748.67163086,
        "min": 418.159210205,
        "stdev": 543.454223633
    },
    "spectral_complexity": {
        "max": 49,
        "mean": 27.581817627,
        "min": 0,
        "stdev": 6.47875499725
    },
    "spectral_decrease": {
        "max": -1.50089781913e-29,
        "mean": -4.70113237228e-09,
        "min": -2.24467928689e-08,
        "stdev": 3.32626881594e-09
    },
    "spectral_energy": {
        "max": 0.0874799415469,
        "mean": 0.0198885835707,
        "min": 1.09744257144e-20,
        "stdev": 0.0131314592436
    },
    "spectral_energyband_high": {
        "max": 0.00540817948058,
        "mean": 0.000540659355465,
        "min": 8.06877609821e-21,
        "stdev": 0.000493130763061
    },
    "spectral_energyband_low": {
        "max": 0.00818454567343,
        "mean": 6.71045854688e-05,
        "min": 1.66394746283e-23,
        "stdev": 0.000419822172262
    },
    "spectral_energyband_middle_high": {
        "max": 0.0457696765661,
        "mean": 0.012553284876,
        "min": 1.5090130101e-21,
        "stdev": 0.00604672217742
    },
    "spectral_energyband_middle_low": {
        "max": 0.0825020894408,
        "mean": 0.00725267035887,
        "min": 3.90199457099e-22,
        "stdev": 0.0121128670871
    },
    "spectral_entropy": {
        "max": 9.82149219513,
        "mean": 7.77371549606,
        "min": 7.00126218796,
        "stdev": 0.194022297859
    },
    "spectral_flux": {
        "max": 0.228190362453,
        "mean": 0.0812743753195,
        "min": 1.04758896002e-10,
        "stdev": 0.0224823784083
    },
    "spectral_kurtosis": {
        "max": 18.7292900085,
        "mean": 3.97340202332,
        "min": -1.17638599873,
        "stdev": 1.55657863617
    },
    "spectral_rms": {
        "max": 0.00923830550164,
        "mean": 0.00422628084198,
        "min": 3.27211803659e-12,
        "stdev": 0.00124179560225
    },
    "spectral_rolloff": {
        "max": 18949.21875,
        "mean": 2038.87976074,
        "min": 258.3984375,
        "stdev": 1288.26074219
    },
    "spectral_skewness": {
        "max": 3.38379716873,
        "mean": 1.45106172562,
        "min": 0.0211372636259,
        "stdev": 0.230012193322
    },
    "spectral_spread": {
        "max": 40193252,
        "mean": 3452717.5,
        "min": 2487282.25,
        "stdev": 1690389
    },
    "spectral_strongpeak": {
        "max": 8.81536483765,
        "mean": 1.5555690527,
        "min": 0,
        "stdev": 0.972019791603
    },
    "zerocrossingrate": {
        "max": 0.833984375,
        "mean": 0.0760253891349,
        "min": 0.0087890625,
        "stdev": 0.050540022552
    },
    "barkbands": {
        "max": [0.000126593498862, 0.00212397379801, 0.00222674803808, 0.00711252633482, 0.0809357464314, 0.016565490514, 0.00127440947108, 0.00427506212145, 0.0147136878222, 0.025519317016, 0.0235082283616, 0.00564075261354, 0.00977180805057, 0.00280344719067, 0.00357852922752, 0.00243213563226, 0.00251131225377, 0.00641819834709, 0.00681761512533, 0.0024783576373, 0.00340115022846, 0.00130515685305, 0.000810810015537, 0.000762175593991, 0.000199411806534, 1.11101635412e-05, 1.20561326185e-05],
        "mean": [6.49359378713e-07, 2.01008624572e-05, 2.08914880204e-05, 5.5041302403e-05, 0.00241628568619, 0.000203463816433, 0.000154075809405, 0.00055072066607, 0.00294241937809, 0.00335328094661, 0.00415144627914, 0.00129432289395, 0.000886511465069, 0.000643646344543, 0.000529498851392, 0.000473797816085, 0.000541290501133, 0.000566723872907, 0.000455674919067, 0.000188859732589, 0.000176413261215, 0.000122230398119, 7.61900955695e-05, 4.76204804727e-05, 1.73677453859e-05, 3.60585019621e-08, 2.2913752673e-08],
        "min": [7.47946555486e-24, 2.60346384044e-24, 1.04506533564e-23, 6.71286472666e-24, 3.36605875407e-23, 3.61269327619e-23, 1.20036546326e-22, 6.27131419223e-23, 9.01562370415e-23, 7.43389889793e-23, 4.52824682051e-23, 1.0741425435e-22, 9.45886886958e-23, 1.49019800855e-22, 1.00862436366e-22, 2.00910187676e-22, 1.14709816706e-22, 1.31326180866e-22, 2.7479319612e-22, 4.36541438075e-22, 4.46351182178e-22, 7.26699726119e-22, 6.44395103708e-22, 1.06028004859e-21, 1.06656387474e-21, 1.52757075463e-21, 2.48062903093e-21],
        "stdev": [5.68968698644e-06, 0.000124513491755, 0.000131600900204, 0.000356899719918, 0.0118302823976, 0.00108288240153, 0.000132787972689, 0.000529722543433, 0.00203599687666, 0.00299762934446, 0.00344796478748, 0.000923685613088, 0.000809597491752, 0.000420565833338, 0.000334403681336, 0.000319535203744, 0.000366820517229, 0.000676343566738, 0.0006019504508, 0.000194924708921, 0.000221505906666, 9.77157469606e-05, 6.69390865369e-05, 7.72862695158e-05, 1.97893696168e-05, 4.88111709274e-07, 5.13566817517e-07]
    },
    "erbbands": {
        "max": [0.0187907032669, 0.62962436676, 2.72495675087, 14.865486145, 62.7437820435, 491.375152588, 124.587600708, 133.765930176, 19.5817890167, 38.4857559204, 127.693321228, 271.002258301, 736.631530762, 827.533447266, 594.079711914, 215.230117798, 489.492889404, 148.377243042, 197.155639648, 105.671653748, 166.351913452, 157.370132446, 356.874176025, 187.066650391, 387.328277588, 109.96219635, 220.934753418, 48.1136856079, 56.2673034668, 29.5825538635, 20.1384239197, 26.8222045898, 11.8420476913, 3.67143440247, 1.23581326008, 0.115350842476, 0.020725697279, 0.00744111230597, 0.0017221547896, 0.000208720899536],
        "mean": [0.000243061775109, 0.00582541665062, 0.0244454536587, 0.125713378191, 1.17201089859, 14.397310257, 4.30847549438, 1.85082197189, 1.8014986515, 4.25865030289, 21.6326198578, 61.4056472778, 97.7573623657, 147.046920776, 125.262413025, 52.559211731, 41.7954559326, 34.3994369507, 30.9728240967, 25.5693588257, 26.5486984253, 32.2037849426, 33.0495300293, 25.0483856201, 18.5186634064, 9.42356300354, 8.39024829865, 5.79490327835, 4.71016407013, 3.09967327118, 2.04294848442, 1.32898008823, 0.583332717419, 0.259272098541, 0.0934411138296, 0.00527755683288, 0.000202903407626, 3.16185978591e-05, 1.74143369804e-05, 2.56512194028e-05],
        "min": [6.33082396565e-23, 8.14090166339e-22, 7.61725422941e-21, 2.0613113067e-20, 8.87921777403e-20, 9.02405516058e-20, 1.41745501746e-19, 3.72484548013e-19, 1.99846319005e-18, 1.3993395811e-18, 8.98832548176e-19, 2.40023866884e-18, 2.73854892193e-18, 1.89853873808e-18, 1.1692601209e-18, 5.02566609251e-18, 3.55761323831e-18, 5.37704042261e-18, 7.6760607222e-18, 7.34512478427e-18, 1.14290445086e-17, 8.15955027178e-18, 7.98634609614e-18, 1.33813892776e-17, 1.21055293572e-17, 2.3233728277e-17, 2.01265500374e-17, 1.67791651654e-17, 2.36128499672e-17, 2.28739940461e-17, 1.94368534601e-17, 2.1820286714e-17, 1.73430277192e-17, 1.32877689759e-17, 7.35962360605e-18, 5.96560093513e-18, 2.69658894459e-18, 1.44519744028e-18, 3.34569251221e-19, 3.61209320169e-20],
        "stdev": [0.00129299063701, 0.0363235212862, 0.152743622661, 0.759907782078, 5.52730560303, 71.6927261353, 19.0561237335, 8.84260559082, 1.76797246933, 3.31454968452, 17.8730945587, 43.1617050171, 79.1921310425, 112.88469696, 93.4420623779, 34.0171699524, 37.6290206909, 21.1115989685, 20.1516094208, 14.3701314926, 18.3540019989, 21.8734130859, 37.8708839417, 23.5965080261, 30.6674556732, 9.81291103363, 12.6696977615, 5.18073177338, 3.89373207092, 2.54870772362, 1.84843158722, 2.40308403969, 0.846983551979, 0.306997925043, 0.119014576077, 0.00914722587913, 0.000905334600247, 0.000316696503432, 7.31501859264e-05, 1.70048406289e-05]
    },
    "gfcc": {
        "mean": [-40.988609314, 50.6840171814, -227.705001831, -3.32316851616, -102.156478882, 14.6821117401, -35.2472343445, 5.32512712479, -25.0773124695, -24.4056625366, -12.6606798172, -15.1669979095, 2.92510509491],
        "cov": [[6409.07275391, 651.30065918, -960.77746582, 68.4077758789, -401.554779053, -53.3879737854, -107.373985291, -32.668422699, -131.658569336, -241.738876343, -64.6451797485, -146.722045898, 39.7040901184], [651.30065918, 575.554748535, 186.256561279, 199.992980957, 156.818649292, -55.7680892944, -5.84737062454, -131.747894287, -18.1488666534, -53.2425498962, 26.5967502594, -9.81009197235, 65.1322097778], [-960.77746582, 186.256561279, 530.954284668, 218.157791138, 217.572875977, 1.39997124672, -2.24998927116, -92.9424133301, -24.098241806, 50.8295974731, 25.9286441803, 36.9790802002, 40.9407119751], [68.4077758789, 199.992980957, 218.157791138, 198.751785278, 115.73072052, -14.2155418396, -7.58248376846, -75.7806243896, -25.5669727325, 0.67925041914, 12.3048038483, 3.05864191055, 30.1088600159], [-401.554779053, 156.818649292, 217.572875977, 115.73072052, 159.743133545, -6.43756484985, 11.4707860947, -52.1339454651, -5.37823390961, 8.79148197174, 16.1477413177, 14.9503498077, 19.3710975647], [-53.3879737854, -55.7680892944, 1.39997124672, -14.2155418396, -6.43756484985, 79.5083389282, 34.0078353882, 42.4292373657, 14.900935173, 20.3903255463, 1.71329605579, 2.23058986664, -9.39376735687], [-107.373985291, -5.84737062454, -2.24998927116, -7.58248376846, 11.4707860947, 34.0078353882, 81.7696838379, 38.3294754028, 25.0060863495, 3.12565350533, 8.50025081635, -4.02516555786, -3.45843672752], [-32.668422699, -131.747894287, -92.9424133301, -75.7806243896, -52.1339454651, 42.4292373657, 38.3294754028, 101.990570068, 38.6069641113, 12.3607435226, -4.12529850006, 1.33506774902, -23.506565094], [-131.658569336, -18.1488666534, -24.098241806, -25.5669727325, -5.37823390961, 14.900935173, 25.0060863495, 38.6069641113, 51.1078224182, 11.0758008957, 4.83786535263, 5.44850587845, -6.92362689972], [-241.738876343, -53.2425498962, 50.8295974731, 0.67925041914, 8.79148197174, 20.3903255463, 3.12565350533, 12.3607435226, 11.0758008957, 56.6187477112, 15.4702548981, 6.85164785385, -6.17931890488], [-64.6451797485, 26.5967502594, 25.9286441803, 12.3048038483, 16.1477413177, 1.71329605579, 8.50025081635, -4.12529850006, 4.83786535263, 15.4702548981, 41.1821250916, 14.7626800537, 5.75654888153], [-146.722045898, -9.81009197235, 36.9790802002, 3.05864191055, 14.9503498077, 2.23058986664, -4.02516555786, 1.33506774902, 5.44850587845, 6.85164785385, 14.7626800537, 44.0162734985, 15.6975822449], [39.7040901184, 65.1322097778, 40.9407119751, 30.1088600159, 19.3710975647, -9.39376735687, -3.45843672752, -23.506565094, -6.92362689972, -6.17931890488, 5.75654888153, 15.6975822449, 38.3075027466]],
        "icov": [[0.000996653572656, -0.00225194962695, 0.00247142650187, -0.00283743580803, 0.00269034132361, -0.000958914693911, 0.000860458239913, -0.00213449914008, 0.00336733646691, -0.000521390931681, 0.000846256385557, -0.000449504033895, 0.00013857819431], [-0.00225194962695, 0.0100783938542, -0.00503798527643, 0.00401762127876, -0.00881984829903, 0.00196150294505, -0.00138999847695, 0.00797464605421, -0.0114945638925, 0.00587766757235, -0.00570871401578, 0.00557691883296, -0.00542306574062], [0.00247142650187, -0.00503798527643, 0.0126530108973, -0.0105820177123, 0.000753096072003, -0.00282301171683, 0.00187298376113, -0.00403377879411, 0.00955760292709, -0.00637805089355, 0.00414195749909, -0.00384707795456, -0.000927844259422], [-0.00283743580803, 0.00401762127876, -0.0105820177123, 0.021852593869, -0.00990957487375, 0.00152527634054, -0.00210626306944, 0.00783003307879, -0.00710762990639, 0.00178001192398, -0.00284019461833, 0.00391096062958, -0.00193001504522], [0.00269034132361, -0.00881984829903, 0.000753096072003, -0.00990957487375, 0.0267394613475, -0.0017724619247, -0.00213399226777, -0.00294989859685, 0.0072379806079, -0.000885178276803, 0.00289655383676, -0.00606983527541, 0.00644986284897], [-0.000958914693911, 0.00196150294505, -0.00282301171683, 0.00152527634054, -0.0017724619247, 0.0208302102983, -0.00712862610817, -0.00508668785915, 0.000117642564874, -0.00565876858309, 0.00186937081162, -0.00163892039564, 0.00121555675287], [0.000860458239913, -0.00138999847695, 0.00187298376113, -0.00210626306944, -0.00213399226777, -0.00712862610817, 0.0220091957599, -0.00888716522604, -0.00267063919455, 0.00508835306391, -0.00635072775185, 0.00794115755707, -0.00497179338709], [-0.00213449914008, 0.00797464605421, -0.00403377879411, 0.00783003307879, -0.00294989859685, -0.00508668785915, -0.00888716522604, 0.034199334681, -0.0204708036035, 0.00203028996475, 0.000251311983448, -0.00271088979207, 0.00493868160993], [0.00336733646691, -0.0114945638925, 0.00955760292709, -0.00710762990639, 0.0072379806079, 0.000117642564874, -0.00267063919455, -0.0204708036035, 0.0458131544292, -0.0104568749666, 0.00541434017941, -0.00830916594714, 0.00417627254501], [-0.000521390931681, 0.00587766757235, -0.00637805089355, 0.00178001192398, -0.000885178276803, -0.00565876858309, 0.00508835306391, 0.00203028996475, -0.0104568749666, 0.0334145464003, -0.0152219356969, 0.00714225322008, -0.000409694330301], [0.000846256385557, -0.00570871401578, 0.00414195749909, -0.00284019461833, 0.00289655383676, 0.00186937081162, -0.00635072775185, 0.000251311983448, 0.00541434017941, -0.0152219356969, 0.0378483384848, -0.0160427764058, 0.00461891805753], [-0.000449504033895, 0.00557691883296, -0.00384707795456, 0.00391096062958, -0.00606983527541, -0.00163892039564, 0.00794115755707, -0.00271088979207, -0.00830916594714, 0.00714225322008, -0.0160427764058, 0.0411904267967, -0.0210755765438], [0.00013857819431, -0.00542306574062, -0.000927844259422, -0.00193001504522, 0.00644986284897, 0.00121555675287, -0.00497179338709, 0.00493868160993, 0.00417627254501, -0.000409694330301, 0.00461891805753, -0.0210755765438, 0.0459391921759]]
    },
    "melbands": {
        "max": [0.000379188422812, 0.0013600056991, 0.00276657240465, 0.0168757140636, 0.00981641747057, 0.00303019024432, 0.000282147637336, 0.000434503541328, 0.00115271098912, 0.00185824709479, 0.00386949791573, 0.00364793534391, 0.00261008902453, 0.000750466133468, 0.000788303208537, 0.00111189193558, 0.000274193269433, 0.000347211549524, 0.000203446819796, 0.000144030695083, 0.000224607239943, 0.000159613860887, 0.000196128894459, 0.000473489257274, 0.000139158088132, 0.000426427344792, 9.72580746748e-05, 7.19141535228e-05, 0.000139697745908, 7.9729637946e-05, 3.08628113999e-05, 2.86913418677e-05, 2.63514175458e-05, 1.80337046913e-05, 1.34291813083e-05, 1.69949289557e-05, 1.44261239257e-05, 1.00589777503e-05, 5.31157093064e-06, 2.42518399318e-06],
        "mean": [3.95845063395e-06, 1.17660074466e-05, 2.99420207739e-05, 0.000511781719979, 0.000301038555335, 3.95073147956e-05, 2.78455918306e-05, 5.2968844102e-05, 0.000216061467654, 0.000415260030422, 0.000489475321956, 0.000579516752623, 0.000509249803144, 0.000174747532583, 0.00010435560398, 8.17780382931e-05, 6.18902558926e-05, 5.06663091073e-05, 3.83960432373e-05, 3.20666986227e-05, 3.01805503113e-05, 3.34107789968e-05, 2.81558222923e-05, 2.98861650663e-05, 1.86897723324e-05, 1.80646875378e-05, 7.25085101294e-06, 5.88615603192e-06, 5.54630150873e-06, 4.10286111219e-06, 3.107715429e-06, 2.74771900877e-06, 2.09917629945e-06, 1.59397302468e-06, 1.22325604934e-06, 9.8125394743e-07, 7.22645381757e-07, 4.37983089796e-07, 2.77250961744e-07, 1.97809384872e-07],
        "min": [9.12588117571e-25, 3.14242169671e-24, 5.52407658604e-24, 7.45542186333e-24, 4.32403061144e-24, 1.07723074462e-23, 2.73549698898e-23, 1.57244622425e-23, 7.22071128933e-24, 1.53385877753e-23, 1.33818829865e-23, 7.57042358381e-24, 4.63027548675e-24, 9.42129794902e-24, 9.60418430584e-24, 1.04750465133e-23, 1.01872976652e-23, 1.44443113873e-23, 9.37958298435e-24, 9.45971863054e-24, 1.34703127162e-23, 7.49097897977e-24, 6.51059724069e-24, 7.34834977266e-24, 1.16959097383e-23, 7.29395702438e-24, 1.21879372733e-23, 1.55682441175e-23, 1.1461722968e-23, 1.31806327366e-23, 8.40151536873e-24, 1.25461053678e-23, 1.6530324678e-23, 1.08986829632e-23, 1.18667943653e-23, 1.0265904499e-23, 1.44942163059e-23, 1.39575700093e-23, 8.32495010699e-24, 1.25866733287e-23],
        "stdev": [2.32680722547e-05, 7.32801054255e-05, 0.000170754632563, 0.00250631780364, 0.00143163453322, 0.000197011613636, 2.45803166763e-05, 4.19549396611e-05, 0.000182857387699, 0.000289997493383, 0.000412795168813, 0.000458838534541, 0.000407619751059, 0.000123938982142, 8.23659065645e-05, 8.03955845186e-05, 4.0816335968e-05, 3.59981313522e-05, 2.39393502852e-05, 2.11855167436e-05, 2.42555597652e-05, 2.41937505052e-05, 2.09111913136e-05, 4.56717170891e-05, 1.75949226104e-05, 3.16341102007e-05, 8.06222942629e-06, 6.5057665779e-06, 9.19964531931e-06, 4.84410975332e-06, 2.95717677545e-06, 2.20760989578e-06, 1.88225396869e-06, 1.39585392844e-06, 1.07087862489e-06, 1.60286970186e-06, 1.31159708872e-06, 6.98768872098e-07, 3.97293433707e-07, 2.28652368151e-07]
    },
    "melbands128": {
        "max": [6.75297633279e-05, 5.52382916794e-05, 0.0004017240135, 0.00128471374046, 0.00134378543589, 0.00106111238711, 0.00307821156457, 0.00340033904649, 0.00594780407846, 0.0114558683708, 0.0389475375414, 0.0188334584236, 0.00162901973817, 0.00723526487127, 0.00410420866683, 0.000592092401348, 0.000349847541656, 0.000339836406056, 0.000207868550206, 0.000573987199459, 0.000576308288146, 0.000707124185283, 0.00180697476026, 0.00230502616614, 0.00249802134931, 0.0030503065791, 0.00357865751721, 0.00417921226472, 0.00589115498587, 0.00624875724316, 0.00386288203299, 0.00630932394415, 0.00332103879191, 0.00352501100861, 0.00156140781473, 0.00129255559295, 0.00120183639228, 0.00111462071072, 0.00131563376635, 0.00205359468237, 0.00115343381185, 0.000725107267499, 0.000426671351306, 0.000472779327538, 0.000414298003307, 0.000495976244565, 0.000440641713794, 0.000216469808947, 0.000302292959532, 0.000219852619921, 0.00022017658921, 0.000197543151444, 0.000282910797978, 0.000278664054349, 0.00026087812148, 0.000321885599988, 0.0003036709968, 0.000205211457796, 0.000242120004259, 0.000274379912298, 0.00108727393672, 0.000266664632363, 0.0001947820856, 0.000221136840992, 0.000239858054556, 0.000736921152566, 0.000702828343492, 5.45666662219e-05, 0.000117997318739, 9.13060721359e-05, 6.5191910835e-05, 7.60688344599e-05, 9.28566514631e-05, 0.00017560251581, 0.000257874431554, 6.02823674853e-05, 3.75636554963e-05, 4.55652334495e-05, 3.63047183782e-05, 4.43583921879e-05, 1.21711364045e-05, 4.0711624024e-05, 6.22930019745e-05, 1.97765475605e-05, 1.70850817085e-05, 1.42336321005e-05, 2.62409248535e-05, 1.25922824736e-05, 1.57291124196e-05, 1.01988398455e-05, 1.60654017236e-05, 2.35440202232e-05, 4.65642442578e-05, 1.20872618936e-05, 1.34672427521e-05, 1.70722832991e-05, 8.72244527272e-06, 8.72559758136e-06, 6.45478667138e-06, 3.16658110933e-06, 3.1784938983e-06, 2.55234726865e-06, 1.71835006313e-06, 2.09966697184e-06, 1.84225757494e-06, 2.70468331109e-06, 7.003896485e-07, 9.31379062763e-08, 7.5216398443e-08, 7.29048679204e-08, 7.04919784766e-08, 6.82613432446e-08, 6.57847678553e-08, 6.36596482195e-08, 6.16243767126e-08, 5.96656661855e-08, 5.77823371373e-08, 5.62431985429e-08, 5.48480834084e-08, 5.33883977027e-08, 5.20254737069e-08, 5.09156770079e-08, 5.00712964424e-08, 4.91773555211e-08, 4.85280189366e-08, 4.79158579481e-08, 4.75197516892e-08, 4.72721524147e-08],
        "mean": [3.46215045965e-07, 7.33227182081e-07, 4.78926267533e-06, 1.12881925816e-05, 1.17327654152e-05, 1.02026588138e-05, 2.15760355786e-05, 2.85349688056e-05, 3.91964240407e-05, 0.000347028806573, 0.0011308741523, 0.000527919444721, 4.26736332884e-05, 6.31887160125e-05, 4.48402061011e-05, 2.31060766964e-05, 2.66811639449e-05, 2.64331920334e-05, 3.14559947583e-05, 4.13183734054e-05, 5.66962007724e-05, 0.000107039551949, 0.000218529938138, 0.000348828325514, 0.000363885163097, 0.000459133123513, 0.00051838537911, 0.000481396971736, 0.000480697490275, 0.000473909429274, 0.000635823409539, 0.000758765498176, 0.000544690235984, 0.000323860062053, 0.000185607932508, 0.000148913895828, 0.000120267519378, 9.30046226131e-05, 0.000107859945274, 9.12455943762e-05, 7.49388564145e-05, 6.78610158502e-05, 6.06072426308e-05, 6.11150026089e-05, 5.62624154554e-05, 4.6658096835e-05, 4.82538634969e-05, 4.02073055739e-05, 3.37524325005e-05, 3.14114295179e-05, 3.38118625223e-05, 2.91606302198e-05, 3.30798211507e-05, 2.94166802632e-05, 2.58222662524e-05, 3.72624672309e-05, 3.75102645194e-05, 2.64482841885e-05, 2.43383019551e-05, 3.04154782498e-05, 4.07834413636e-05, 1.80996012205e-05, 1.86962424777e-05, 1.89820784726e-05, 1.86040924746e-05, 2.26787378779e-05, 1.48181161421e-05, 7.00988812241e-06, 6.02555383011e-06, 6.49496723781e-06, 5.92493006479e-06, 5.60629132451e-06, 5.53448035134e-06, 5.88216289543e-06, 5.01911790707e-06, 4.38038705397e-06, 3.61215870726e-06, 3.27599855154e-06, 3.115096888e-06, 2.90185744234e-06, 2.54714132097e-06, 2.9009283935e-06, 2.68352664534e-06, 1.87978491795e-06, 1.78311699983e-06, 1.68397264133e-06, 1.52333814185e-06, 1.41561258715e-06, 1.25838744225e-06, 1.03815978036e-06, 9.72414113676e-07, 9.61263822319e-07, 1.02392471035e-06, 7.06211892521e-07, 5.69245287352e-07, 5.12403232733e-07, 4.11973957171e-07, 3.21186263363e-07, 3.02090938931e-07, 2.32857047422e-07, 2.21593865035e-07, 1.97873632146e-07, 1.63052874314e-07, 1.45393698858e-07, 1.14025198172e-07, 8.5731031163e-08, 1.81729902238e-08, 9.08148112266e-10, 1.71719777287e-10, 1.38354966372e-10, 1.33856675744e-10, 1.29617122591e-10, 1.24949564584e-10, 1.20885940147e-10, 1.17023737922e-10, 1.13398360146e-10, 1.09860343045e-10, 1.06981069836e-10, 1.04368680365e-10, 1.01586343504e-10, 9.89932719131e-11, 9.69032978859e-11, 9.53764497935e-11, 9.36461116985e-11, 9.20255746606e-11, 9.02216912291e-11, 8.91241802581e-11, 8.86091061636e-11],
        "min": [1.55604835011e-24, 3.86769577841e-25, 1.04662958765e-24, 1.1585638225e-24, 2.32052388842e-24, 6.20652015515e-24, 3.49858549288e-24, 4.12361813189e-24, 9.85420035911e-24, 1.06434825161e-23, 3.09239825177e-24, 3.68312766874e-24, 5.58238445099e-24, 3.92269368161e-24, 2.0873490294e-24, 1.27239327596e-23, 4.36863091376e-23, 3.04914240509e-23, 8.46798163316e-24, 1.44531340077e-23, 2.36575488503e-23, 7.0275847291e-24, 2.33708582591e-24, 9.17279256438e-24, 1.80134257783e-23, 1.93164961982e-23, 6.94932736072e-24, 1.95260712972e-23, 1.12791261231e-23, 3.53093115658e-24, 7.00900311048e-24, 1.33043600476e-23, 2.83024774284e-24, 7.68444051006e-25, 1.70255747097e-24, 1.27878975461e-23, 2.18119172547e-23, 9.87997875577e-24, 1.70112470235e-24, 5.40188676499e-24, 1.51802602362e-23, 1.41814092911e-23, 4.39426605328e-24, 5.29792909717e-24, 3.18930847291e-23, 1.07039210943e-23, 4.48686017975e-24, 8.39032537679e-24, 1.25590742411e-23, 1.01093440083e-23, 6.32413182194e-24, 8.35931762119e-24, 2.58905316608e-23, 8.82598406689e-24, 3.74871908643e-24, 5.0348597625e-24, 1.62514875915e-23, 2.62358117402e-24, 5.48161062579e-24, 7.83583820196e-24, 9.31474650655e-24, 3.16844207645e-24, 1.13243783401e-23, 1.7082031907e-23, 8.18734121069e-24, 5.7018601961e-24, 6.3346161778e-24, 1.06721370996e-23, 8.55200951906e-24, 2.2977817385e-23, 1.79319616903e-23, 9.89959062674e-24, 1.21111440307e-23, 1.04841972998e-23, 1.11736790859e-23, 1.85746103822e-23, 1.12720847507e-23, 8.40038098675e-24, 5.37914035521e-24, 1.14419059932e-23, 1.28745444502e-23, 1.19924496523e-23, 1.3969997724e-23, 2.1556419407e-23, 1.27149176572e-23, 1.23234375444e-23, 7.47633062162e-24, 1.46289995024e-23, 1.2070620246e-23, 1.1860279952e-23, 5.41550565965e-24, 1.23070110937e-23, 1.36753171551e-23, 1.60489491318e-23, 8.51348155245e-24, 2.35524157797e-23, 1.29797082864e-23, 7.21795816478e-24, 8.31748748283e-24, 7.58366303638e-24, 1.13122669586e-23, 1.60334874581e-23, 1.08902358406e-23, 6.1055708084e-24, 8.82309052509e-24, 7.26983286904e-24, 6.33716695953e-24, 1.17792615704e-23, 1.25417011574e-23, 9.15837613133e-24, 1.05284287308e-23, 9.23392218478e-24, 8.38515833786e-24, 6.57426857093e-24, 8.33051473182e-24, 7.46724767716e-24, 1.78014998738e-23, 1.23043195003e-23, 8.24175525821e-24, 1.01610522629e-23, 1.15880669306e-23, 9.43121314173e-24, 9.50141545141e-24, 1.10518789621e-23, 1.20069615376e-23, 7.70476896255e-24, 1.36888366533e-23, 1.23538820533e-23],
        "stdev": [3.01519025925e-06, 3.66509380001e-06, 2.84604866465e-05, 7.33662309358e-05, 7.63000134612e-05, 6.32482333458e-05, 0.0001495716715, 0.000180813512998, 0.000279162661172, 0.00167775072623, 0.00568177411333, 0.00263373600319, 0.000147191982251, 0.000464083830593, 0.000268430245342, 3.71991191059e-05, 3.21998013533e-05, 2.86222075374e-05, 3.11858748319e-05, 4.84950542159e-05, 6.16065517534e-05, 0.000111011439003, 0.000246513169259, 0.000385370745789, 0.000376275304006, 0.000419879332185, 0.000520356115885, 0.000514629937243, 0.000622412946541, 0.000575503217988, 0.000625151093118, 0.000873364217114, 0.000557194289286, 0.000348905683495, 0.000191715429537, 0.000172248051967, 0.00012452545343, 0.00010056568135, 0.000134214613354, 0.000140562711749, 9.68876047409e-05, 7.38124726922e-05, 5.26630028617e-05, 5.51948469365e-05, 5.65813897992e-05, 4.48204118584e-05, 4.64629447379e-05, 3.48215871782e-05, 2.85137357423e-05, 2.64744867309e-05, 3.34709038725e-05, 2.56285056821e-05, 3.63036197086e-05, 3.04545665131e-05, 2.59776534222e-05, 3.77673677576e-05, 3.71478745365e-05, 2.57619631157e-05, 2.27071432164e-05, 3.75888630515e-05, 9.63404963841e-05, 2.11315855267e-05, 2.13093098864e-05, 2.25484091061e-05, 2.24660179811e-05, 4.53132415714e-05, 4.38541428593e-05, 6.71506677463e-06, 7.14258476364e-06, 7.41427675166e-06, 7.34476361686e-06, 7.787535651e-06, 8.94737331691e-06, 1.25185379147e-05, 1.17203926493e-05, 5.52365145268e-06, 3.84119994123e-06, 3.78289837499e-06, 3.42302996614e-06, 3.14456292472e-06, 2.00374984161e-06, 2.92587083095e-06, 3.78665481549e-06, 1.6271540062e-06, 1.78602920187e-06, 1.52886025262e-06, 1.84123530289e-06, 1.32027139443e-06, 1.23332517887e-06, 1.0116688145e-06, 1.33154549076e-06, 1.95247412194e-06, 3.08717312691e-06, 1.17478907669e-06, 9.96257654151e-07, 1.04281264157e-06, 6.31129069006e-07, 5.50787206066e-07, 5.37277685453e-07, 2.74822866686e-07, 3.27449953375e-07, 2.34575793456e-07, 1.85015167631e-07, 1.97869226781e-07, 1.52854951807e-07, 1.69941685613e-07, 5.41976916679e-08, 6.59552323867e-09, 3.22877169445e-09, 3.10560888117e-09, 3.00282088084e-09, 2.90780022283e-09, 2.80230127991e-09, 2.71177680311e-09, 2.62507793281e-09, 2.5416366789e-09, 2.46140885451e-09, 2.39584263539e-09, 2.3364119528e-09, 2.27423235799e-09, 2.21617479923e-09, 2.16889906035e-09, 2.13292672413e-09, 2.09484785074e-09, 2.06720396356e-09, 2.04115457869e-09, 2.02429606411e-09, 2.01375049969e-09]
    },
    "mfcc": {
        "mean": [-637.980712891, 72.4556045532, -72.3312683105, -31.5607738495, -41.116443634, -15.1879081726, -8.78336906433, 9.22877883911, -3.55185246468, -6.08304786682, -9.50853919983, -11.1217937469, -11.4790973663],
        "cov": [[3248.44189453, 246.201934814, -343.507476807, -57.1786804199, -199.003417969, -97.1306991577, -36.792011261, 42.8027572632, -12.2868585587, -19.713640213, -70.1272277832, -78.2680664062, -81.897605896], [246.201934814, 390.895172119, 93.2097015381, 191.918228149, 114.557373047, 88.2178649902, 22.8668556213, -20.8456707001, -18.0049552917, -38.3480758667, -30.6757488251, -35.1512718201, 1.91006815434], [-343.507476807, 93.2097015381, 250.504440308, 168.384490967, 124.644226074, 97.3362960815, 42.310092926, -37.3329238892, -13.9385328293, -7.13720941544, -22.8013114929, -1.56266987324, 4.93240785599], [-57.1786804199, 191.918228149, 168.384490967, 270.57019043, 138.541809082, 100.852340698, 33.9949798584, -44.903427124, -30.3213481903, -28.5000553131, -40.8995361328, -23.5056228638, -8.28657913208], [-199.003417969, 114.557373047, 124.644226074, 138.541809082, 137.502212524, 71.2245025635, 18.3856906891, -28.533946991, -16.8759326935, -23.3949794769, -18.5875225067, -4.82819366455, 8.07761096954], [-97.1306991577, 88.2178649902, 97.3362960815, 100.852340698, 71.2245025635, 91.2205963135, 35.6544189453, -19.2969360352, -3.70398807526, -9.91173267365, -11.4539146423, 0.327879935503, 3.64530396461], [-36.792011261, 22.8668556213, 42.310092926, 33.9949798584, 18.3856906891, 35.6544189453, 61.1315536499, 7.18269634247, 2.98411369324, 14.4296865463, 2.61622214317, 4.85091733932, -0.0755568668246], [42.8027572632, -20.8456707001, -37.3329238892, -44.903427124, -28.533946991, -19.2969360352, 7.18269634247, 70.4047470093, 27.993927002, 11.1354789734, 19.7027435303, 3.32236623764, 1.36347007751], [-12.2868585587, -18.0049552917, -13.9385328293, -30.3213481903, -16.8759326935, -3.70398807526, 2.98411369324, 27.993927002, 53.0420608521, 14.3416252136, 12.1907548904, 12.4503536224, 1.1682792902], [-19.713640213, -38.3480758667, -7.13720941544, -28.5000553131, -23.3949794769, -9.91173267365, 14.4296865463, 11.1354789734, 14.3416252136, 56.6296768188, 23.2070426941, 9.08838653564, -3.24064826965], [-70.1272277832, -30.6757488251, -22.8013114929, -40.8995361328, -18.5875225067, -11.4539146423, 2.61622214317, 19.7027435303, 12.1907548904, 23.2070426941, 54.7763214111, 17.8018245697, 4.57498550415], [-78.2680664062, -35.1512718201, -1.56266987324, -23.5056228638, -4.82819366455, 0.327879935503, 4.85091733932, 3.32236623764, 12.4503536224, 9.08838653564, 17.8018245697, 42.4487380981, 14.6517486572], [-81.897605896, 1.91006815434, 4.93240785599, -8.28657913208, 8.07761096954, 3.64530396461, -0.0755568668246, 1.36347007751, 1.1682792902, -3.24064826965, 4.57498550415, 14.6517486572, 35.9978599548]],
        "icov": [[0.00051026197616, -0.000597925682086, 0.000686355866492, -0.000223585899221, 0.000857756182086, 3.50825899886e-07, -4.39833820565e-05, -0.000220580186578, 0.000243165122811, -0.000164185534231, 0.000820339948405, -0.000194529624423, 0.000815095554572], [-0.000597925682086, 0.00537745561451, 0.000641898601316, -0.00242559053004, -0.00228986982256, -0.002140421886, 5.10318168381e-05, -0.000223433351493, -0.000993342138827, 0.00123100087512, -0.00163577019703, 0.00340585876256, -0.00258811749518], [0.000686355866492, 0.000641898601316, 0.0108474371955, -0.00321712251753, -0.0037327001337, -0.00420771120116, -0.00157011137344, 0.000866942573339, -0.000253988517215, -0.00237702974118, 0.0020868841093, -0.000205962584005, 0.000140974167152], [-0.000223585899221, -0.00242559053004, -0.00321712251753, 0.0124543383718, -0.00566641893238, -0.00307486345991, -0.000768706318922, 0.000986330443993, 0.00211086217314, -0.000201044997084, 0.00245819357224, 0.00085440807743, 0.00372490403242], [0.000857756182086, -0.00228986982256, -0.0037327001337, -0.00566641893238, 0.0222628321499, -0.00450934516266, 0.00236715632491, -0.000115457369247, 0.00153160083573, 0.00313425739296, -0.000445441313786, -0.00139129755553, -0.00239424826577], [3.50825899886e-07, -0.002140421886, -0.00420771120116, -0.00307486345991, -0.00450934516266, 0.0301846377552, -0.0119048990309, 0.00472361035645, -0.00505193602294, 0.00417649699375, -0.00156589713879, -0.00187723187264, -0.000762572977692], [-4.39833820565e-05, 5.10318168381e-05, -0.00157011137344, -0.000768706318922, 0.00236715632491, -0.0119048990309, 0.0268159769475, -0.00689228530973, 0.00373770366423, -0.00829100236297, 0.00187801220454, -0.00317969289608, 0.00111494737212], [-0.000220580186578, -0.000223433351493, 0.000866942573339, 0.000986330443993, -0.000115457369247, 0.00472361035645, -0.00689228530973, 0.0229243095964, -0.0112073142081, 0.00295221665874, -0.00650348793715, 0.00512223318219, -0.0023457147181], [0.000243165122811, -0.000993342138827, -0.000253988517215, 0.00211086217314, 0.00153160083573, -0.00505193602294, 0.00373770366423, -0.0112073142081, 0.028148887679, -0.00540922908112, 0.00289015308954, -0.00796658918262, 0.0032016041223], [-0.000164185534231, 0.00123100087512, -0.00237702974118, -0.000201044997084, 0.00313425739296, 0.00417649699375, -0.00829100236297, 0.00295221665874, -0.00540922908112, 0.0270954538137, -0.0101197389886, 0.000848914321978, 0.0021404910367], [0.000820339948405, -0.00163577019703, 0.0020868841093, 0.00245819357224, -0.000445441313786, -0.00156589713879, 0.00187801220454, -0.00650348793715, 0.00289015308954, -0.0101197389886, 0.029566636309, -0.0099255759269, 0.00201927358285], [-0.000194529624423, 0.00340585876256, -0.000205962584005, 0.00085440807743, -0.00139129755553, -0.00187723187264, -0.00317969289608, 0.00512223318219, -0.00796658918262, 0.000848914321978, -0.0099255759269, 0.037350833416, -0.0137027911842], [0.000815095554572, -0.00258811749518, 0.000140974167152, 0.00372490403242, -0.00239424826577, -0.000762572977692, 0.00111494737212, -0.0023457147181, 0.0032016041223, 0.0021404910367, 0.00201927358285, -0.0137027911842, 0.0367243848741]]
    },
    "spectral_contrast_coeffs": {
        "max": [-0.380952984095, -0.597972214222, -0.621000826359, -0.720339000225, -0.695342361927, -0.638579726219],
        "mean": [-0.687370538712, -0.769810199738, -0.759872972965, -0.823348343372, -0.791007995605, -0.746290683746],
        "min": [-0.964592158794, -0.9631472826, -0.963065207005, -0.96576577425, -0.954124689102, -0.960532307625],
        "stdev": [0.070540882647, 0.0602041631937, 0.0443197339773, 0.024682328105, 0.0287203025073, 0.0283998865634]
    },
    "spectral_contrast_valleys": {
        "max": [-4.96954393387, -5.19574022293, -5.12330341339, -5.66596317291, -5.73012161255, -8.46840858459],
        "mean": [-9.22808361053, -6.78048038483, -6.10444736481, -6.76674079895, -7.03400611877, -10.0579309464],
        "min": [-27.3611488342, -27.1272602081, -27.0628852844, -27.1792030334, -27.3529319763, -27.2124443054],
        "stdev": [1.15785753727, 1.09886789322, 1.15402054787, 1.08787190914, 1.06791901588, 0.914666354656]
    }
},
"rhythm": {
    "beats_count": 33,
    "beats_loudness": {
        "max": 0.0977805629373,
        "mean": 0.0210016556084,
        "min": 0.00678277947009,
        "stdev": 0.0148674016818
    },
    "bpm": 178.205841064,
    "bpm_histogram_first_peak_bpm": 178,
    "bpm_histogram_first_peak_weight": 0,
    "bpm_histogram_second_peak_bpm": 129,
    "bpm_histogram_second_peak_spread": 0.375,
    "bpm_histogram_second_peak_weight": 0.15625,
    "danceability": 1.04534423351,
    "onset_rate": 0.940485656261,
    "beats_loudness_band_ratio": {
        "max": [0.10570295155, 0.69467908144, 0.510366559029, 0.692116200924, 0.265403240919, 0.194967657328],
        "mean": [0.00526480050758, 0.0313263572752, 0.277657598257, 0.514194369316, 0.149324953556, 0.0588164180517],
        "min": [0.000147913902765, 0.00327001372352, 0.0609296560287, 0.0881922245026, 0.0411662533879, 0.0124535327777],
        "stdev": [0.017853083089, 0.117438785732, 0.1081988886, 0.125176936388, 0.0578846149147, 0.0356170386076]
    },
    "beats_position": [0.336689323187, 0.673378646374, 1.01006805897, 1.34675729275, 1.68344664574, 2.02013611794, 2.36843538284, 2.70512461662, 3.04181408882, 3.3785033226, 3.7151927948, 4.05188179016, 4.38857126236, 4.71365070343, 5.0387301445, 5.36380958557, 5.70049858093, 6.03718805313, 6.38548755646, 6.73378658295, 7.0936961174, 7.45360517502, 7.80190467834, 8.15020370483, 8.51011276245, 8.98612213135, 9.46213150024, 9.92653083801, 10.3909292221, 10.8553285599, 11.3197278976, 11.7725172043, 12.2369155884],
