{
"metadata": {
    "version": {
        "essentia": "2.1-beta5",
        "essentia_git_sha": "Undefined",
        "extractor": "music 2.0"
    },
    "audio_properties": {
        "analysis": {
            "equal_loudness": 0,
            "length": 32.4963264465,
            "sample_rate": 44100,
            "start_time": 12.7477550507,
            "downmix": "mix"
        },
        "bit_rate": 192000,
        "length": 193.120376587,
        "lossless": 0,
        "number_channels": 2,
        "replay_gain": -8.69093132019,
        "sample_rate": 48000,
        "codec": "mp3",
        "md5_encoded": "68d1c0df21a5a12c049bb1ee54dc3faf"
    },
    "tags": {
        "file_name": "Ireland_Love_Donna and Joseph McCaul.mp3",
        "encoding": ["Lavf58.29.100"]
    }
},
"lowlevel": {
    "average_loudness": 0.949552357197,
    "barkbands_crest": {
        "max": 24.1703243256,
        "mean": 10.1071548462,
        "min": 2.27258634567,
        "stdev": 4.51430654526
    },
    "barkbands_flatness_db": {
        "max": 0.277278989553,
        "mean": 0.102274142206,
        "min": 0.0159824732691,
        "stdev": 0.0404400639236
    },
    "barkbands_kurtosis": {
        "max": 23.4657249451,
        "mean": 0.878180384636,
        "min": -1.73165380955,
        "stdev": 2.55451631546
    },
    "barkbands_skewness": {
        "max": 4.70250654221,
        "mean": 0.839171946049,
        "min": -1.65754759312,
        "stdev": 0.819968879223
    },
    "barkbands_spread": {
        "max": 84.3083572388,
        "mean": 29.1937408447,
        "min": 3.31213927269,
        "stdev": 12.017083168
    },
    "dissonance": {
        "max": 0.499998956919,
        "mean": 0.472898423672,
        "min": 0.375140815973,
        "stdev": 0.0215096790344
    },
    "dynamic_complexity": 3.44778704643,
    "erbbands_crest": {
        "max": 29.1220989227,
        "mean": 9.99208641052,
        "min": 2.68070340157,
        "stdev": 5.18113040924
    },
    "erbbands_flatness_db": {
        "max": 0.347876161337,
        "mean": 0.151996955276,
        "min": 0.046476598829,
        "stdev": 0.0474995188415
    },
    "erbbands_kurtosis": {
        "max": 14.353055954,
        "mean": 0.378109484911,
        "min": -1.79534065723,
        "stdev": 1.65736413002
    },
    "erbbands_skewness": {
        "max": 3.4297683239,
        "mean": 0.169334337115,
        "min": -2.13576078415,
        "stdev": 0.694734215736
    },
    "erbbands_spread": {
        "max": 90.5326538086,
        "mean": 33.5319366455,
        "min": 4.95023965836,
        "stdev": 13.838593483
    },
    "hfc": {
        "max": 107.465843201,
        "mean": 22.4412536621,
        "min": 0.231264054775,
        "stdev": 19.1189098358
    },
    "loudness_ebu128": {
        "integrated": -15.3572568893,
        "loudness_range": 3.75462055206,
        "momentary": {
            "max": -11.916431427,
            "mean": -16.2806186676,
            "min": -26.9493236542,
            "stdev": 3.13948297501
        },
        "short_term": {
            "max": -13.5343561172,
            "mean": -15.5613136292,
            "min": -23.3567466736,
            "stdev": 1.88204240799
        }
    },
    "melbands_crest": {
        "max": 31.8350772858,
        "mean": 13.9975013733,
        "min": 3.08314490318,
        "stdev": 5.42327260971
    },
    "melbands_flatness_db": {
        "max": 0.301816999912,
        "mean": 0.154365062714,
        "min": 0.0348075069487,
        "stdev": 0.0499796755612
    },
    "melbands_kurtosis": {
        "max": 73.2965774536,
        "mean": 5.87411260605,
        "min": -1.54126143456,
        "stdev": 8.53556537628
    },
    "melbands_skewness": {
        "max": 7.66904211044,
        "mean": 1.80889034271,
        "min": -0.657601952553,
        "stdev": 1.28445065022
    },
    "melbands_spread": {
        "max": 113.013648987,
        "mean": 34.763092041,
        "min": 4.72041940689,
        "stdev": 17.4510955811
    },
    "pitch_salience": {
        "max": 0.824610471725,
        "mean": 0.524586617947,
        "min": 0.138419315219,
        "stdev": 0.111983820796
    },
    "silence_rate_20dB": {
        "max": 1,
        "mean": 1,
        "min": 1,
        "stdev": 0
    },
    "silence_rate_30dB": {
        "max": 1,
        "mean": 0.999286234379,
        "min": 0,
        "stdev": 0.026707245037
    },
    "silence_rate_60dB": {
        "max": 1,
        "mean": 0.103497505188,
        "min": 0,
        "stdev": 0.304607689381
    },
    "spectral_centroid": {
        "max": 3510.1081543,
        "mean": 1837.63903809,
        "min": 653.828674316,
        "stdev": 513.668823242
    },
    "spectral_complexity": {
        "max": 58,
        "mean": 19.3083515167,
        "min": 0,
        "stdev": 10.0080251694
    },
    "spectral_decrease": {
        "max": -6.64393470795e-11,
        "mean": -4.99584196234e-09,
        "min": -5.94524607322e-08,
        "stdev": 4.08496347859e-09
    },
    "spectral_energy": {
        "max": 0.231905564666,
        "mean": 0.0208909865469,
        "min": 0.000276837148704,
        "stdev": 0.0168111566454
    },
    "spectral_energyband_high": {
        "max": 0.0097440732643,
        "mean": 0.000931188173126,
        "min": 1.36065079914e-06,
        "stdev": 0.000909173802938
    },
    "spectral_energyband_low": {
        "max": 0.143263936043,
        "mean": 0.00584561238065,
        "min": 1.05478693513e-05,
        "stdev": 0.00755590060726
    },
    "spectral_energyband_middle_high": {
        "max": 0.101300172508,
        "mean": 0.00886907149106,
        "min": 6.46002299618e-05,
        "stdev": 0.0108984159306
    },
    "spectral_energyband_middle_low": {
        "max": 0.0706701725721,
        "mean": 0.00577478390187,
        "min": 6.93171459716e-05,
        "stdev": 0.00693237641826
    },
    "spectral_entropy": {
        "max": 8.52958679199,
        "mean": 7.79949569702,
        "min": 6.47267007828,
        "stdev": 0.346678882837
    },
    "spectral_flux": {
        "max": 0.414632916451,
        "mean": 0.0847080871463,
        "min": 0.00835507921875,
        "stdev": 0.0440591238439
    },
    "spectral_kurtosis": {
        "max": 18.8278083801,
        "mean": 3.66518259048,
        "min": 0.120102882385,
        "stdev": 1.98835527897
    },
    "spectral_rms": {
        "max": 0.015041586943,
        "mean": 0.00414405297488,
        "min": 0.000519697030541,
        "stdev": 0.00179116195068
    },
    "spectral_rolloff": {
        "max": 7558.15429688,
        "mean": 2017.9564209,
        "min": 86.1328125,
        "stdev": 1212.11340332
    },
    "spectral_skewness": {
        "max": 2.85231161118,
        "mean": 1.36457562447,
        "min": 0.708290457726,
        "stdev": 0.257796406746
    },
    "spectral_spread": {
        "max": 13339430,
        "mean": 4580480,
        "min": 1862590.75,
        "stdev": 1140110.5
    },
    "spectral_strongpeak": {
        "max": 11.3249149323,
        "mean": 1.20107066631,
        "min": 0,
        "stdev": 1.69433093071
    },
    "zerocrossingrate": {
        "max": 0.20654296875,
        "mean": 0.0758623853326,
        "min": 0.01123046875,
        "stdev": 0.0294984653592
    },
    "barkbands": {
        "max": [0.00194371468388, 0.110336728394, 0.0321859680116, 0.0107052428648, 0.0224547814578, 0.0528212860227, 0.0418806560338, 0.0186655707657, 0.0331465527415, 0.0966986194253, 0.0268597435206, 0.0225871298462, 0.041889872402, 0.0292296651751, 0.0200201794505, 0.0204545129091, 0.00690170237795, 0.00575542496517, 0.00487803295255, 0.00627434486523, 0.00259961094707, 0.00119785603601, 0.000939398014452, 0.00073504273314, 0.00107324204873, 0.000369836634491, 0.000215682084672],
        "mean": [0.000156653070007, 0.00427575735375, 0.0011269551469, 0.000468891113997, 0.000716907496098, 0.001021893695, 0.00182287034113, 0.000439494819148, 0.000836840539705, 0.00271523278207, 0.000759109796491, 0.000852639437653, 0.000973612710368, 0.000877279031556, 0.000865845766384, 0.000781397742685, 0.000380329205655, 0.00039122387534, 0.000360650214134, 0.000340191298164, 0.000253651087405, 0.000151125146658, 0.000124579382828, 9.2837442935e-05, 6.23439991614e-05, 2.98379509331e-05, 1.28289548229e-05],
        "min": [2.03105301466e-08, 5.83275823374e-06, 3.71924755882e-07, 5.08151572376e-07, 2.46910485657e-06, 2.54858468907e-06, 1.83572251444e-06, 1.6452518139e-06, 2.51381970884e-06, 1.351288347e-06, 1.37497306696e-06, 1.4312871599e-06, 1.02759452147e-06, 3.51712947122e-06, 1.31843466988e-06, 4.55169629276e-06, 2.69683437182e-06, 2.33627724811e-06, 6.78491062445e-07, 6.05452498803e-07, 3.29043928105e-07, 2.86504871383e-07, 8.53328856465e-08, 3.59498955049e-08, 1.30109665264e-08, 2.97457791731e-09, 7.52024484352e-11],
        "stdev": [0.000263402849669, 0.00610664952546, 0.00189976894762, 0.00105775392149, 0.00122710387222, 0.00267488486134, 0.00386730046012, 0.00110319431406, 0.00220960564911, 0.00718061206862, 0.00212029693648, 0.00219807587564, 0.00327168474905, 0.00208371947519, 0.00168624671642, 0.00160651607439, 0.000631380360574, 0.000620930863079, 0.000529233773705, 0.000427198508987, 0.000296725454973, 0.000172820451553, 0.000147144601215, 0.000103225451312, 9.36020660447e-05, 4.87972902192e-05, 2.71672124654e-05]
    },
    "erbbands": {
        "max": [1.78480219841, 28.7454299927, 53.099521637, 41.3619651794, 28.532831192, 92.7546691895, 132.424194336, 635.619628906, 711.073547363, 379.856231689, 397.315643311, 1002.1463623, 2080.80688477, 2919.84936523, 1040.01379395, 769.73626709, 2164.00830078, 628.230957031, 1405.60229492, 745.44329834, 1356.20581055, 396.453125, 387.691101074, 330.796936035, 336.822723389, 447.107421875, 178.606994629, 48.0801811218, 42.9067611694, 41.3181152344, 25.5564117432, 19.1569576263, 13.2823982239, 8.37599754333, 9.90033817291, 1.64748108387, 0.660447895527, 0.242883339524, 0.0402859486639, 0.00103572010994],
        "mean": [0.118087053299, 0.952962875366, 1.54796409607, 1.51924157143, 1.59714746475, 2.34917998314, 3.83456778526, 11.2317857742, 29.1431560516, 14.5578775406, 8.81578636169, 16.4942722321, 58.2092590332, 74.2887115479, 35.7395095825, 32.9663925171, 47.514705658, 35.1572189331, 58.8119926453, 35.6960029602, 41.7294235229, 22.1368103027, 19.7166061401, 21.1608772278, 18.2144832611, 17.2312355042, 14.1050481796, 6.90714693069, 5.38242959976, 4.50544834137, 3.40143942833, 2.31789088249, 1.38293850422, 0.740422844887, 0.422180771828, 0.138759046793, 0.0553688518703, 0.0170382782817, 0.00242201122455, 8.66615082487e-05],
        "min": [9.07523935894e-05, 0.0013416671427, 0.00335913896561, 0.00420646229759, 0.0116627793759, 0.00735492957756, 0.0124271996319, 0.0218077264726, 0.0350476279855, 0.0853100642562, 0.0937863439322, 0.0653384402394, 0.0958326682448, 0.137953191996, 0.0788209140301, 0.105952724814, 0.0892396196723, 0.136224195361, 0.163544908166, 0.229900553823, 0.282492756844, 0.199479624629, 0.141509339213, 0.133302882314, 0.0425064563751, 0.031266245991, 0.0135387480259, 0.0138920182362, 0.010302990675, 0.00518719200045, 0.002148284344, 0.00112300447654, 0.000625151442364, 0.000201460192329, 5.96376048634e-05, 1.64763187058e-05, 6.21739354756e-06, 2.18478430725e-06, 4.15087470174e-07, 4.30385114214e-07],
        "stdev": [0.187228366733, 1.38298726082, 2.36195588112, 3.26126742363, 2.8108959198, 4.53015089035, 7.98723840714, 30.3570175171, 61.8844947815, 29.0418968201, 19.1912269592, 45.8701133728, 146.468658447, 200.898864746, 87.4320068359, 76.2623748779, 157.828186035, 58.5251998901, 127.027664185, 54.7942123413, 91.8353424072, 31.4917411804, 27.4384479523, 31.8190097809, 30.3251094818, 24.0750770569, 17.3242874146, 7.55001354218, 6.14734125137, 5.61046552658, 3.76652789116, 2.51201891899, 1.61378228664, 1.04411172867, 0.694248557091, 0.218941956758, 0.095314823091, 0.0327071622014, 0.00509485322982, 0.000136342059704]
    },
    "gfcc": {
        "mean": [8.10593128204, 66.2160415649, -129.938140869, 32.3403930664, -51.1845436096, 18.4051837921, -30.1433830261, 12.8310117722, -14.7547445297, 8.45581436157, -10.837720871, 4.38473033905, -6.17042636871],
        "cov": [[4215.97802734, -1216.93395996, 467.636016846, -204.516784668, 99.9431915283, 193.925491333, 111.668380737, 76.2031478882, -280.64050293, 106.74559021, -73.4844360352, 68.9867935181, -17.8055515289], [-1216.93395996, 1037.32202148, -215.83380127, 105.085334778, 116.906570435, -73.6114425659, 47.1657409668, 3.20061421394, 169.723876953, -69.1032180786, 34.129524231, -21.3258304596, 61.2894630432], [467.636016846, -215.83380127, 595.235534668, 147.778213501, 111.467636108, 63.8137397766, -31.6971435547, 14.9335870743, -25.8412837982, -16.1468715668, -72.9277420044, 41.1823730469, -49.8485488892], [-204.516784668, 105.085334778, 147.778213501, 316.218383789, 106.850570679, 57.5497360229, -28.7208824158, 25.8295917511, 6.79282808304, -1.34018075466, -9.33185958862, 4.43269491196, 0.755293667316], [99.9431915283, 116.906570435, 111.467636108, 106.850570679, 242.904571533, 98.198928833, 77.1857681274, 22.077123642, 1.01475274563, 2.82412219048, 4.21407365799, -20.7853679657, -12.6013479233], [193.925491333, -73.6114425659, 63.8137397766, 57.5497360229, 98.198928833, 249.520172119, 118.565979004, 19.9874782562, -79.4503479004, 9.94703769684, -8.47723484039, -30.5643157959, -17.2562389374], [111.668380737, 47.1657409668, -31.6971435547, -28.7208824158, 77.1857681274, 118.565979004, 176.690109253, 53.4796600342, -16.2682094574, 7.35538578033, 20.4664535522, -23.1833438873, -0.144807770848], [76.2031478882, 3.20061421394, 14.9335870743, 25.8295917511, 22.077123642, 19.9874782562, 53.4796600342, 103.123558044, 43.4957275391, 10.0136346817, 1.18137705326, 8.87807655334, 13.8513355255], [-280.64050293, 169.723876953, -25.8412837982, 6.79282808304, 1.01475274563, -79.4503479004, -16.2682094574, 43.4957275391, 137.088546753, 12.2042379379, 6.72206735611, 18.0710659027, 26.1547851562], [106.74559021, -69.1032180786, -16.1468715668, -1.34018075466, 2.82412219048, 9.94703769684, 7.35538578033, 10.0136346817, 12.2042379379, 79.3797454834, 48.3410949707, -4.89404392242, -6.91099452972], [-73.4844360352, 34.129524231, -72.9277420044, -9.33185958862, 4.21407365799, -8.47723484039, 20.4664535522, 1.18137705326, 6.72206735611, 48.3410949707, 94.7701568604, 10.8406944275, 5.76036977768], [68.9867935181, -21.3258304596, 41.1823730469, 4.43269491196, -20.7853679657, -30.5643157959, -23.1833438873, 8.87807655334, 18.0710659027, -4.89404392242, 10.8406944275, 78.7819442749, 37.2190895081], [-17.8055515289, 61.2894630432, -49.8485488892, 0.755293667316, -12.6013479233, -17.2562389374, -0.144807770848, 13.8513355255, 26.1547851562, -6.91099452972, 5.76036977768, 37.2190895081, 78.6363449097]],
        "icov": [[0.000535436265636, 0.000347285880707, -0.000215093430597, 0.000517640786711, -0.000634664378595, 0.000380763842259, -0.000173210704816, -0.0006563764764, 0.00124557735398, -0.00119479198474, 0.000896374753211, -0.000520008616149, -0.000532437930815], [0.000347285880707, 0.00259436713532, 0.000558610539883, -0.00082872697385, -0.00116787839215, 0.000489368918352, -0.00137289392296, 0.00165565079078, -0.0028721599374, 0.00299794482999, -0.00131699908525, 0.0009951031534, -0.00111102277879], [-0.000215093430597, 0.000558610539883, 0.00336525915191, -0.00127925456036, -0.00130930787418, -0.000331875489792, 0.000269159267191, 0.000414054637076, -0.00100732082501, 0.000371485541109, 0.00213138083927, -0.00327866524458, 0.00306976982392], [0.000517640786711, -0.00082872697385, -0.00127925456036, 0.00609671277925, -0.00229129660875, -0.00167594058439, 0.00423344783485, -0.00387670169584, 0.00271639530547, -0.00186622096226, 0.000248679280048, -0.00014570869098, -0.00116741855163], [-0.000634664378595, -0.00116787839215, -0.00130930787418, -0.00229129660875, 0.00812121294439, -0.0015972328838, -0.00265976414084, 0.00181852979586, -0.00226968922652, 0.00120908848476, -0.00199769833125, 0.00219856062904, 0.00055116583826], [0.000380763842259, 0.000489368918352, -0.000331875489792, -0.00167594058439, -0.0015972328838, 0.0100658824667, -0.00652743224055, 7.05820202711e-05, 0.00561807584018, -0.00406780838966, 0.00381350051612, 7.6623444329e-05, -0.00110271177255], [-0.000173210704816, -0.00137289392296, 0.000269159267191, 0.00423344783485, -0.00265976414084, -0.00652743224055, 0.015773633495, -0.00829722173512, 0.00172297796234, 0.00205299537629, -0.00418640812859, 0.00221316260286, -0.000340768630849], [-0.0006563764764, 0.00165565079078, 0.000414054637076, -0.00387670169584, 0.00181852979586, 7.05820202711e-05, -0.00829722173512, 0.0191343668848, -0.0102028120309, 0.00211195880547, 2.84509442281e-05, -0.0003807945468, -0.000460857205326], [0.00124557735398, -0.0028721599374, -0.00100732082501, 0.00271639530547, -0.00226968922652, 0.00561807584018, 0.00172297796234, -0.0102028120309, 0.0214458294213, -0.0117700742558, 0.00690536107868, -0.00373261235654, -0.0023811252322], [-0.00119479198474, 0.00299794482999, 0.000371485541109, -0.00186622096226, 0.00120908848476, -0.00406780838966, 0.00205299537629, 0.00211195880547, -0.0117700742558, 0.0304309129715, -0.01840008609, 0.00755301630124, 0.00094132887898], [0.000896374753211, -0.00131699908525, 0.00213138083927, 0.000248679280048, -0.00199769833125, 0.00381350051612, -0.00418640812859, 2.84509442281e-05, 0.00690536107868, -0.01840008609, 0.0245936270803, -0.00955626647919, 0.0018897842383], [-0.000520008616149, 0.0009951031534, -0.00327866524458, -0.00014570869098, 0.00219856062904, 7.6623444329e-05, 0.00221316260286, -0.0003807945468, -0.00373261235654, 0.00755301630124, -0.00955626647919, 0.024534996599, -0.0115372994915], [-0.000532437930815, -0.00111102277879, 0.00306976982392, -0.00116741855163, 0.00055116583826, -0.00110271177255, -0.000340768630849, -0.000460857205326, -0.0023811252322, 0.00094132887898, 0.0018897842383, -0.0115372994915, 0.0215431563556]]
    },
    "melbands": {
        "max": [0.0240160115063, 0.031389400363, 0.00554782617837, 0.00397863006219, 0.00490159681067, 0.0126113966107, 0.0099018830806, 0.00391078693792, 0.0026408417616, 0.00599482096732, 0.0107335513458, 0.0137440962717, 0.00418704841286, 0.00326422066428, 0.00292698759586, 0.00523401843384, 0.00136733031832, 0.00313307275064, 0.0016024960205, 0.000991576001979, 0.00168908084743, 0.000521723879501, 0.000469925405923, 0.000286053749733, 0.00028374401154, 0.000275610742392, 0.000181300143595, 0.000355994328856, 0.00014512425696, 6.86319908709e-05, 3.57354001608e-05, 2.69836727966e-05, 2.45274295594e-05, 2.50472676271e-05, 1.63528748089e-05, 1.22775118143e-05, 1.30491362142e-05, 8.77186630532e-06, 9.1299016276e-06, 6.68281927574e-06],
        "mean": [0.00113837001845, 0.000962203950621, 0.000260401458945, 0.00013524138194, 0.000133021487272, 0.000252115743933, 0.000426433165558, 0.00014084612485, 6.35215037619e-05, 0.000118043542898, 0.000309307797579, 0.00032867025584, 0.000115305374493, 9.54467905103e-05, 0.000102889775007, 9.07305729925e-05, 6.02513391641e-05, 9.97131064651e-05, 5.67641909583e-05, 4.77342218801e-05, 4.60181108792e-05, 1.99837922992e-05, 2.12423601624e-05, 1.87925706996e-05, 1.6586156562e-05, 1.51006106535e-05, 1.01259338408e-05, 1.17664367281e-05, 1.01769855974e-05, 5.28909004061e-06, 3.53365430783e-06, 3.05170306092e-06, 2.87577154268e-06, 2.33206515077e-06, 1.96865175894e-06, 1.71447788944e-06, 1.32470415792e-06, 1.04448349703e-06, 7.20328330317e-07, 5.74260809572e-07],
        "min": [1.74373258233e-06, 1.82511666935e-06, 1.21154380395e-06, 6.10103882082e-07, 4.27369570843e-07, 4.8879149972e-07, 4.47851846275e-07, 6.22647121418e-07, 4.06061218428e-07, 3.66950246189e-07, 2.08129605994e-07, 4.13341552985e-07, 2.79239856127e-07, 1.86692233228e-07, 1.71139703298e-07, 9.88708279692e-08, 2.22704159114e-07, 5.775382661e-08, 1.2506509961e-07, 2.70048644779e-07, 8.73062262485e-08, 1.78114035521e-07, 1.90152704249e-07, 7.11961476441e-08, 8.34400282201e-08, 2.79556822136e-08, 2.3490198231e-08, 1.90618489881e-08, 5.72020075751e-09, 6.79312517349e-09, 5.14844744615e-09, 6.16157169731e-09, 3.25375038024e-09, 1.6498188371e-09, 1.09880560206e-09, 8.01889499247e-10, 4.44338454919e-10, 4.17749085324e-10, 2.107256869e-10, 1.53725171481e-10],
        "stdev": [0.00166532257572, 0.00134258507751, 0.000493146828376, 0.000226965130423, 0.000274302845355, 0.000634864496533, 0.000888578535523, 0.000292098382488, 0.000137726601679, 0.000327568064677, 0.000780633126851, 0.000912869581953, 0.000307953072479, 0.000267002789769, 0.000303074513795, 0.000346982415067, 0.000110281864181, 0.000245171424467, 0.000111278328404, 9.33099363465e-05, 0.000107146181108, 2.98227168969e-05, 3.7929858081e-05, 2.92518925562e-05, 2.72711949947e-05, 2.63727579295e-05, 1.38252744364e-05, 1.79455964826e-05, 1.36221115099e-05, 6.43413159196e-06, 4.23443952968e-06, 3.67995721717e-06, 3.32103172695e-06, 3.20805065712e-06, 2.27321902457e-06, 1.84129203262e-06, 1.50652783759e-06, 1.18536638638e-06, 9.93536673377e-07, 8.27464532449e-07]
    },
    "melbands128": {
        "max": [0.0017367657274, 0.0113845644519, 0.0332115106285, 0.0549666620791, 0.037779763341, 0.0112221650779, 0.0105480644852, 0.00456438958645, 0.00352543895133, 0.00353031326085, 0.00572214275599, 0.00599999073893, 0.00486658141017, 0.00396585604176, 0.0172130167484, 0.0181713532656, 0.0112367160618, 0.016340566799, 0.00868968013674, 0.00648048287258, 0.00548347644508, 0.00742140226066, 0.00214916653931, 0.00331869348884, 0.011265813373, 0.00526921777055, 0.0122888218611, 0.018539391458, 0.0168491024524, 0.0315974541008, 0.0117244571447, 0.00465425709262, 0.00849218666553, 0.00702800089493, 0.00570323737338, 0.00493650650606, 0.00407479004934, 0.00632741721347, 0.00847083795816, 0.0107390638441, 0.00812564603984, 0.0015850943746, 0.00271985819563, 0.00108296633698, 0.00676827132702, 0.00344513799064, 0.00338341202587, 0.00315732462332, 0.00151526834816, 0.00280618970282, 0.00113030686043, 0.00364637142047, 0.00415727123618, 0.00118221063167, 0.00070035411045, 0.000738359813113, 0.000639213481918, 0.00127046264242, 0.000199750196771, 0.000857292499859, 0.000448225182481, 0.000776065164246, 0.000797554326709, 0.000431134656537, 0.000370941648725, 0.000400553049985, 0.000599291699473, 0.000307929411065, 0.000146835940541, 0.000223928931518, 0.000821580295451, 0.000235866362345, 0.000172648724401, 0.000299543869914, 0.000164118784596, 0.000162658179761, 9.94775255094e-05, 4.32917804574e-05, 8.29368946142e-05, 5.21493566339e-05, 6.15052631474e-05, 4.00295648433e-05, 3.93584450649e-05, 3.12926422339e-05, 3.95373535866e-05, 3.41207633028e-05, 3.66282038158e-05, 1.47541477418e-05, 2.60522338067e-05, 1.52213378897e-05, 1.74729939317e-05, 1.78738100658e-05, 1.25977467178e-05, 1.93011128431e-05, 1.10104210762e-05, 1.29313584694e-05, 1.11475565063e-05, 1.36923390528e-05, 1.01496307252e-05, 7.9958981587e-06, 8.8810284069e-06, 6.22091101832e-06, 8.34971069708e-06, 1.57286012836e-05, 1.60554754984e-05, 1.36284479595e-05, 5.37282039659e-06, 4.28101247962e-06, 2.97916653835e-06, 2.70121313406e-06, 2.64435811914e-06, 3.73602574655e-06, 1.70105420239e-06, 2.14111423702e-06, 1.70277735378e-06, 1.55971133609e-06, 1.60848810538e-06, 3.67994221051e-06, 2.51915071203e-06, 2.32407865042e-06, 1.07880214273e-06, 1.24090149711e-06, 5.40435451057e-07, 4.91716178885e-08, 5.66756808151e-10, 5.58590618205e-10, 5.54358614568e-10, 5.51746814903e-10],
        "mean": [0.000146780294017, 0.000850786513183, 0.00161428609863, 0.00159263098612, 0.000971565837972, 0.000490810081828, 0.000320045102853, 0.000198791909497, 0.000157409667736, 0.000121210585348, 0.000123116435134, 0.000163524251548, 0.000128729647258, 9.86313898466e-05, 0.000209029240068, 0.000339212478139, 0.000469921535114, 0.000545917369891, 0.000235072118812, 0.000129417006974, 0.000109424850962, 0.000104351674963, 3.73571056116e-05, 4.84649208374e-05, 8.26221003081e-05, 0.000130923959659, 0.000240749883233, 0.00025796724367, 0.000437068345491, 0.000504566763993, 0.000231401529163, 0.000102049089037, 0.000132799294079, 8.3851540694e-05, 0.000135948794195, 8.35653190734e-05, 5.51153279957e-05, 0.000113658737973, 0.000119271819131, 0.000124663245515, 6.78767391946e-05, 6.64663239149e-05, 6.15961180301e-05, 3.6809262383e-05, 0.000113463684102, 0.000111900371849, 9.13750991458e-05, 6.11334689893e-05, 3.65760788554e-05, 4.452385474e-05, 4.25075450039e-05, 5.64691217733e-05, 7.33196138754e-05, 2.84033158096e-05, 1.43422084875e-05, 1.87331879715e-05, 2.20139390876e-05, 3.35674812959e-05, 1.42460085044e-05, 1.29397494675e-05, 1.70895000338e-05, 2.6273111871e-05, 1.96230757865e-05, 1.17068175314e-05, 1.53708915605e-05, 1.60379258887e-05, 1.56785008585e-05, 9.77032141236e-06, 8.10202618595e-06, 1.09319989861e-05, 1.30876060211e-05, 1.1910905414e-05, 9.93139838101e-06, 1.20338027045e-05, 7.31820728106e-06, 4.77333105664e-06, 5.19787818121e-06, 3.45816056324e-06, 3.28114924741e-06, 3.49372908204e-06, 3.31954674948e-06, 2.63853894467e-06, 2.96625535157e-06, 2.95038967124e-06, 2.91583364742e-06, 2.26891143029e-06, 2.42763371716e-06, 1.73137652837e-06, 2.09730728784e-06, 1.85243982287e-06, 2.04932507586e-06, 1.58797183758e-06, 1.34371214244e-06, 1.37184235882e-06, 1.28474277972e-06, 1.15822888347e-06, 1.04279149582e-06, 8.13257486243e-07, 6.73915678817e-07, 7.04527906237e-07, 6.81935375724e-07, 5.43455939805e-07, 4.47664660896e-07, 5.2880432122e-07, 5.59536943001e-07, 4.36527159309e-07, 3.64093750704e-07, 2.43893765628e-07, 2.16419195453e-07, 1.80167830877e-07, 1.74315019308e-07, 2.13345018096e-07, 1.6615963716e-07, 1.60834417784e-07, 1.55927935452e-07, 1.43766229144e-07, 1.2324169063e-07, 1.27661778038e-07, 1.07620799383e-07, 9.55924690516e-08, 5.27708081677e-08, 4.14551415417e-08, 1.98516101335e-08, 8.32375890436e-10, 3.64733156871e-12, 3.53200563415e-12, 3.46724211842e-12, 3.4421116131e-12],
        "min": [2.97988056452e-09, 7.09281877675e-08, 2.3904320301e-07, 9.93447201836e-07, 5.08331595483e-07, 1.2469384103e-07, 2.07156318766e-07, 1.44290694948e-07, 3.39325396226e-07, 1.84783772283e-07, 1.89837180642e-07, 1.41868056858e-07, 1.57635199116e-07, 2.21193346306e-07, 2.70818702575e-07, 1.28989356085e-07, 3.75134050046e-07, 1.60774419555e-07, 8.86548150447e-08, 1.02069122931e-07, 9.22295981809e-08, 1.333455657e-07, 1.59237401931e-07, 1.04085273733e-07, 1.216545229e-07, 1.50495566231e-07, 9.75590381813e-08, 1.585266034e-07, 1.1887733109e-07, 7.2711777932e-08, 1.17124265842e-07, 9.73159473006e-08, 8.68467324722e-08, 4.30884767866e-08, 6.59607550801e-08, 4.86905165076e-08, 6.67544881594e-08, 4.85994533506e-08, 3.83180456254e-08, 4.84366609044e-08, 6.44926103632e-08, 1.15699471337e-07, 9.75875167342e-08, 7.9474276049e-08, 1.16397728789e-07, 2.96398585675e-08, 6.57540599747e-09, 4.27644124557e-08, 8.70876277759e-08, 9.36509678695e-08, 1.25761658865e-07, 3.26213154267e-08, 2.62363961667e-08, 2.60834038812e-08, 5.96896967409e-08, 5.92589266546e-08, 6.98142983424e-08, 3.82823337475e-08, 5.52205356996e-08, 3.04366132298e-08, 5.71190952314e-08, 5.75059573293e-08, 1.24251195999e-08, 9.19632370255e-09, 2.46022491268e-08, 1.74628969063e-08, 5.33102628708e-09, 1.2021143192e-08, 9.93921922543e-09, 1.27051063004e-08, 7.9268493991e-09, 4.99514118957e-09, 4.44014203183e-09, 5.04277242186e-09, 3.33706706712e-09, 5.67262459228e-09, 2.0479307139e-09, 3.80694453739e-09, 2.82239898119e-09, 5.48420864277e-09, 3.02209901548e-09, 2.07038497457e-09, 3.14517567546e-09, 1.23736321189e-09, 1.08537800969e-09, 1.12573117494e-09, 1.22643928346e-09, 8.13516587428e-10, 7.02846614242e-10, 8.90855944569e-10, 6.06992789365e-10, 5.54626400362e-10, 2.23168039604e-10, 3.1627986341e-10, 2.51498377679e-10, 3.47581796678e-10, 3.84448084478e-10, 1.6254941837e-10, 1.51699486306e-10, 1.40826392214e-10, 1.04070155271e-10, 9.23495308003e-11, 7.41174621677e-11, 5.98992036527e-11, 4.11985896787e-11, 4.27266833025e-11, 2.58780982754e-11, 2.52882419866e-11, 1.77581664651e-11, 1.19338627522e-11, 1.661350571e-11, 1.22297406577e-11, 4.78472556714e-12, 6.71048199646e-12, 3.69486993085e-12, 6.38790192617e-12, 1.58806745965e-12, 1.50755994602e-13, 7.0706922305e-14, 9.63016287808e-14, 7.04523855162e-14, 8.34138056478e-14, 8.89618646761e-14, 8.29541310318e-14, 5.08695462056e-14, 2.21295014648e-14, 2.75137604147e-15, 1.17896795393e-16],
        "stdev": [0.000248964555794, 0.00149838672951, 0.0025041247718, 0.00240754708648, 0.00154420302715, 0.000904385524336, 0.000786312040873, 0.000441445619799, 0.000301861291518, 0.000233193321037, 0.000276909879176, 0.000377165823011, 0.000319318496622, 0.000268874166068, 0.000737122958526, 0.00103443244006, 0.00107552285772, 0.0013734678505, 0.000610886781942, 0.000352951377863, 0.000332300551236, 0.000320264312904, 0.00010288622434, 0.000160803174367, 0.000389115477446, 0.000409754866268, 0.000737941183615, 0.000949423527345, 0.00130966352299, 0.00171191466507, 0.000803063623607, 0.000322090520058, 0.000517098873388, 0.000351530266926, 0.000460422568722, 0.000320361985359, 0.000213228253415, 0.000493245897815, 0.00046877656132, 0.000627231958788, 0.000413599569583, 0.000148865045048, 0.000161151125212, 9.3612834462e-05, 0.000435795343947, 0.00031082710484, 0.000262949382886, 0.000180385177373, 9.79317119345e-05, 0.000122259953059, 0.000100681783806, 0.000216110100155, 0.000216070853639, 7.13942426955e-05, 3.96882714995e-05, 3.56088021363e-05, 4.38423157902e-05, 9.34638082981e-05, 2.22208291234e-05, 3.34730648319e-05, 3.03036758851e-05, 6.35284377495e-05, 5.63916983083e-05, 2.65788730758e-05, 2.75239308394e-05, 3.83506703656e-05, 4.84791125928e-05, 2.048112583e-05, 1.3051579117e-05, 1.74541382876e-05, 3.30132679665e-05, 2.1603600544e-05, 1.63064705703e-05, 2.24488521781e-05, 1.25715741888e-05, 8.51598269946e-06, 8.44577425596e-06, 4.56683528682e-06, 5.0152325457e-06, 5.2040081755e-06, 5.11309326612e-06, 3.49616334461e-06, 3.94986864194e-06, 3.63063577424e-06, 3.88415992347e-06, 3.73889429284e-06, 3.8243410927e-06, 2.20510332838e-06, 2.72256147582e-06, 2.19854791794e-06, 2.3338104711e-06, 1.96718588086e-06, 1.53558357852e-06, 1.76190849288e-06, 1.49962113483e-06, 1.44121361245e-06, 1.26024815472e-06, 1.12746886316e-06, 9.54960228228e-07, 1.09632708245e-06, 1.07574976482e-06, 8.00515692845e-07, 6.93316621891e-07, 9.66121774582e-07, 1.03729496459e-06, 7.65493098243e-07, 6.45575369163e-07, 4.46171810609e-07, 3.66146082342e-07, 2.81808553382e-07, 2.91025230581e-07, 4.28381497386e-07, 2.82944654373e-07, 2.95930249194e-07, 2.79332141417e-07, 2.57990933505e-07, 2.44034310981e-07, 3.28772387093e-07, 2.52270297096e-07, 2.22353833124e-07, 1.18574433827e-07, 1.2490249901e-07, 5.76663197194e-08, 3.55010176811e-09, 2.33958755147e-11, 2.30828967052e-11, 2.29262615836e-11, 2.28265496782e-11]
    },
    "mfcc": {
        "mean": [-632.124816895, 97.483505249, -14.156920433, 19.7234363556, 3.16879081726, 8.70772457123, 0.234121665359, 5.70202541351, 3.1447031498, 8.3896818161, -1.49521183968, 2.84478783607, 3.5770380497],
        "cov": [[3763.93774414, -808.22088623, 123.241416931, -209.864089966, -28.4356975555, 32.5709571838, 279.16973877, -22.8304862976, 1.53869330883, 52.7258110046, -126.556632996, -55.8257598877, -30.0208930969], [-808.22088623, 750.956176758, -161.333908081, 80.4156036377, 28.5582695007, -5.94212341309, -76.7745437622, 57.5420875549, 48.6528015137, 1.18029820919, 45.0633468628, 1.9904242754, 15.5215406418], [123.241416931, -161.333908081, 374.513214111, 82.3907775879, 105.718704224, 47.6154289246, -0.224398106337, 32.3861541748, 17.2116832733, -31.7284412384, 4.46542978287, -10.8361339569, -17.3224449158], [-209.864089966, 80.4156036377, 82.3907775879, 237.33241272, 130.192169189, 8.73663043976, -25.9597396851, 23.748632431, 25.9885997772, -13.5194597244, 0.950647294521, 37.4837493896, 27.0303325653], [-28.4356975555, 28.5582695007, 105.718704224, 130.192169189, 187.011276245, 66.6534347534, 19.8160095215, 31.8869113922, 27.8187732697, -1.48279833794, -1.7635499239, 20.44556427, 7.4852399826], [32.5709571838, -5.94212341309, 47.6154289246, 8.73663043976, 66.6534347534, 170.167373657, 129.241317749, 34.010723114, 4.64919376373, 29.5082416534, 5.05837106705, -10.5440378189, -9.17670631409], [279.16973877, -76.7745437622, -0.224398106337, -25.9597396851, 19.8160095215, 129.241317749, 250.905517578, 50.5185546875, -2.34079360962, 76.0647735596, -10.6814889908, 9.57377624512, 12.3666143417], [-22.8304862976, 57.5420875549, 32.3861541748, 23.748632431, 31.8869113922, 34.010723114, 50.5185546875, 105.953132629, 62.1902236938, 8.17641639709, 5.65860176086, -9.99614334106, -0.0747016370296], [1.53869330883, 48.6528015137, 17.2116832733, 25.9885997772, 27.8187732697, 4.64919376373, -2.34079360962, 62.1902236938, 97.6254348755, 23.3484401703, 4.92965602875, -12.2162475586, -4.84693861008], [52.7258110046, 1.18029820919, -31.7284412384, -13.5194597244, -1.48279833794, 29.5082416534, 76.0647735596, 8.17641639709, 23.3484401703, 106.252403259, 24.3872013092, 4.79599714279, 3.63257527351], [-126.556632996, 45.0633468628, 4.46542978287, 0.950647294521, -1.7635499239, 5.05837106705, -10.6814889908, 5.65860176086, 4.92965602875, 24.3872013092, 77.0339813232, 19.3281612396, -4.89702033997], [-55.8257598877, 1.9904242754, -10.8361339569, 37.4837493896, 20.44556427, -10.5440378189, 9.57377624512, -9.99614334106, -12.2162475586, 4.79599714279, 19.3281612396, 83.6494369507, 43.9614944458], [-30.0208930969, 15.5215406418, -17.3224449158, 27.0303325653, 7.4852399826, -9.17670631409, 12.3666143417, -0.0747016370296, -4.84693861008, 3.63257527351, -4.89702033997, 43.9614944458, 83.3063583374]],
        "icov": [[0.000411940272897, 0.000336261029588, -2.44809398282e-05, 0.000324778986396, -0.000316722085699, 0.00047691114014, -0.000680912344251, 0.000382433878258, -0.000474233762361, 0.000188004603842, 0.000226592295803, 0.000243386471993, 6.83509415467e-06], [0.000336261029588, 0.00228607817553, 0.00129774759989, -0.000511859543622, -0.000453856569948, -0.000370264606318, 0.000730560976081, -0.00137852155603, -7.23310586181e-05, 4.01698162023e-06, -0.000868821225595, 0.000818114320282, -0.000465704797534], [-2.44809398282e-05, 0.00129774759989, 0.00430215755478, -0.000927311251871, -0.00175451370887, -0.000691397872288, 0.000596351106651, -0.0013602215331, 0.000200934926397, 0.00126602267846, -0.00158156221732, 0.00129827961791, 0.000114984381071], [0.000324778986396, -0.000511859543622, -0.000927311251871, 0.00842782389373, -0.00542056746781, 0.00160142127424, 8.00729394541e-05, 6.88222962708e-06, -0.000738707429264, 0.000117528405099, 0.00100124243181, -0.00196016626433, -0.00101825757883], [-0.000316722085699, -0.000453856569948, -0.00175451370887, -0.00542056746781, 0.0125035634264, -0.00555977225304, 0.00217145099305, -0.000899264821783, -0.000915513606742, -0.00101717270445, 0.0022207419388, -0.00331985601224, 0.00117888557725], [0.00047691114014, -0.000370264606318, -0.000691397872288, 0.00160142127424, -0.00555977225304, 0.0144771914929, -0.00922929309309, 0.00256766681559, -0.00104311970063, 0.00288693327457, -0.00344385160133, 0.0043579293415, 0.000355412950739], [-0.000680912344251, 0.000730560976081, 0.000596351106651, 8.00729394541e-05, 0.00217145099305, -0.00922929309309, 0.014915831387, -0.00989444553852, 0.00740978168324, -0.00949538871646, 0.00555047020316, -0.00461002998054, -0.000114144153486], [0.000382433878258, -0.00137852155603, -0.0013602215331, 6.88222962708e-06, -0.000899264821783, 0.00256766681559, -0.00989444553852, 0.0241554155946, -0.0159525964409, 0.00833589490503, -0.00446945382282, 0.00371006689966, -0.00154850760009], [-0.000474233762361, -7.23310586181e-05, 0.000200934926397, -0.000738707429264, -0.000915513606742, -0.00104311970063, 0.00740978168324, -0.0159525964409, 0.0232688058168, -0.00943856406957, 0.00300941802561, 0.000195042928681, 0.000816508778371], [0.000188004603842, 4.01698162023e-06, 0.00126602267846, 0.000117528405099, -0.00101717270445, 0.00288693327457, -0.00949538871646, 0.00833589490503, -0.00943856406957, 0.0189026650041, -0.00814386457205, 0.00306039908901, -0.00134855916258], [0.000226592295803, -0.000868821225595, -0.00158156221732, 0.00100124243181, 0.0022207419388, -0.00344385160133, 0.00555047020316, -0.00446945382282, 0.00300941802561, -0.00814386457205, 0.0201882105321, -0.00876417756081, 0.0045248074457], [0.000243386471993, 0.000818114320282, 0.00129827961791, -0.00196016626433, -0.00331985601224, 0.0043579293415, -0.00461002998054, 0.00371006689966, 0.000195042928681, 0.00306039908901, -0.00876417756081, 0.0227993745357, -0.0103614432737], [6.83509415467e-06, -0.000465704797534, 0.000114984381071, -0.00101825757883, 0.00117888557725, 0.000355412950739, -0.000114144153486, -0.00154850760009, 0.000816508778371, -0.00134855916258, 0.0045248074457, -0.0103614432737, 0.0182363204658]]
    },
    "spectral_contrast_coeffs": {
        "max": [-0.465305179358, -0.421125948429, -0.424696445465, -0.526265025139, -0.621275603771, -0.681182324886],
        "mean": [-0.764802634716, -0.737063705921, -0.728137552738, -0.763626217842, -0.786546945572, -0.768152832985],
        "min": [-0.917104661465, -0.915459811687, -0.897965312004, -0.915383815765, -0.879049420357, -0.839781761169],
        "stdev": [0.0531975887716, 0.0852423384786, 0.0883402377367, 0.0612959042192, 0.0441540144384, 0.0255161952227]
    },
    "spectral_contrast_valleys": {
        "max": [-4.61488056183, -4.91764163971, -5.71410989761, -5.46944284439, -5.95615816116, -8.39323425293],
        "mean": [-7.06226444244, -7.03419208527, -7.43797683716, -7.38134241104, -7.3012509346, -9.88958263397],
        "min": [-9.19772529602, -8.86215686798, -9.3000793457, -9.43804550171, -9.7759809494, -13.3166694641],
        "stdev": [0.713051378727, 0.587882876396, 0.652033865452, 0.623093008995, 0.671509563923, 0.931529045105]
    }
},
"rhythm": {
    "beats_count": 75,
    "beats_loudness": {
        "max": 0.0590113662183,
        "mean": 0.0246709380299,
        "min": 0.00110709958244,
        "stdev": 0.0140319969505
    },
    "bpm": 139.853500366,
    "bpm_histogram_first_peak_bpm": 140,
    "bpm_histogram_first_peak_weight": 0.208333313465,
    "bpm_histogram_second_peak_bpm": 126,
    "bpm_histogram_second_peak_spread": 0.5,
    "bpm_histogram_second_peak_weight": 0.0135135138407,
    "danceability": 1.14270412922,
    "onset_rate": 4.27587842941,
    "beats_loudness_band_ratio": {
        "max": [0.725671470165, 0.856167018414, 0.720975458622, 0.741109251976, 0.536218464375, 0.330372363329],
        "mean": [0.243939355016, 0.126594886184, 0.165902331471, 0.221360862255, 0.147989571095, 0.123276457191],
        "min": [0.0238038413227, 0.00741913635284, 0.0196330212057, 0.00726181454957, 0.0150989321992, 0.00149809382856],
        "stdev": [0.190178021789, 0.144276753068, 0.145354107022, 0.178103655577, 0.0915224701166, 0.0839135423303]
    },
