{
"metadata": {
    "version": {
        "essentia": "2.1-beta5",
        "essentia_git_sha": "Undefined",
        "extractor": "music 2.0"
    },
    "audio_properties": {
        "analysis": {
            "equal_loudness": 0,
            "length": 47.0436286926,
            "sample_rate": 44100,
            "start_time": 142.744674683,
            "downmix": "mix"
        },
        "bit_rate": 192000,
        "length": 189.811523438,
        "lossless": 0,
        "number_channels": 2,
        "replay_gain": 0.292602539062,
        "sample_rate": 48000,
        "codec": "mp3",
        "md5_encoded": "e96fdfbe30f1fd6348f3fdcee0227280"
    },
    "tags": {
        "file_name": "Spain_Brujería_Son de sol.mp3",
        "encoding": ["Lavf58.29.100"]
    }
},
"lowlevel": {
    "average_loudness": 0.93494540453,
    "barkbands_crest": {
        "max": 24.7439670563,
        "mean": 10.8617200851,
        "min": 2.835293293,
        "stdev": 4.05297374725
    },
    "barkbands_flatness_db": {
        "max": 0.312905967236,
        "mean": 0.16114680469,
        "min": 0.0565648861229,
        "stdev": 0.03412457183
    },
    "barkbands_kurtosis": {
        "max": 53.5582962036,
        "mean": 3.26681637764,
        "min": -1.91378426552,
        "stdev": 4.91141223907
    },
    "barkbands_skewness": {
        "max": 6.8804526329,
        "mean": 1.48843204975,
        "min": -1.08603262901,
        "stdev": 1.01609730721
    },
    "barkbands_spread": {
        "max": 112.650611877,
        "mean": 21.6687221527,
        "min": 2.04306983948,
        "stdev": 11.6042966843
    },
    "dissonance": {
        "max": 0.49999704957,
        "mean": 0.470614433289,
        "min": 0.326376050711,
        "stdev": 0.0260891038924
    },
    "dynamic_complexity": 2.00284767151,
    "erbbands_crest": {
        "max": 31.5286808014,
        "mean": 10.3309383392,
        "min": 2.45485663414,
        "stdev": 5.24709606171
    },
    "erbbands_flatness_db": {
        "max": 0.367653280497,
        "mean": 0.180011332035,
        "min": 0.0773580148816,
        "stdev": 0.0565086603165
    },
    "erbbands_kurtosis": {
        "max": 19.4252948761,
        "mean": 0.810397267342,
        "min": -1.7633908987,
        "stdev": 2.33608698845
    },
    "erbbands_skewness": {
        "max": 3.74120020866,
        "mean": 0.571708977222,
        "min": -2.30841016769,
        "stdev": 0.784859776497
    },
    "erbbands_spread": {
        "max": 144.660079956,
        "mean": 37.8228645325,
        "min": 4.33578681946,
        "stdev": 21.9133472443
    },
    "hfc": {
        "max": 94.1089630127,
        "mean": 23.3041400909,
        "min": 1.66897213459,
        "stdev": 15.9117946625
    },
    "loudness_ebu128": {
        "integrated": -23.3352489471,
        "loudness_range": 1.51233673096,
        "momentary": {
            "max": -20.8081150055,
            "mean": -23.4843826294,
            "min": -28.4684658051,
            "stdev": 1.17975306511
        },
        "short_term": {
            "max": -21.8628368378,
            "mean": -23.3347320557,
            "min": -24.545759201,
            "stdev": 0.47557926178
        }
    },
    "melbands_crest": {
        "max": 35.1673126221,
        "mean": 14.440621376,
        "min": 4.39942789078,
        "stdev": 4.761926651
    },
    "melbands_flatness_db": {
        "max": 0.334267050028,
        "mean": 0.182611614466,
        "min": 0.055189833045,
        "stdev": 0.042939376086
    },
    "melbands_kurtosis": {
        "max": 202.095550537,
        "mean": 13.0622854233,
        "min": -1.44842576981,
        "stdev": 17.8385295868
    },
    "melbands_skewness": {
        "max": 11.8804569244,
        "mean": 2.57200884819,
        "min": -0.674004375935,
        "stdev": 1.72123706341
    },
    "melbands_spread": {
        "max": 157.023956299,
        "mean": 22.0522041321,
        "min": 2.21014118195,
        "stdev": 12.6177434921
    },
    "pitch_salience": {
        "max": 0.843098223209,
        "mean": 0.544113814831,
        "min": 0.119837298989,
        "stdev": 0.125032424927
    },
    "silence_rate_20dB": {
        "max": 1,
        "mean": 1,
        "min": 1,
        "stdev": 0
    },
    "silence_rate_30dB": {
        "max": 1,
        "mean": 1,
        "min": 1,
        "stdev": 0
    },
    "silence_rate_60dB": {
        "max": 1,
        "mean": 0.000493339903187,
        "min": 0,
        "stdev": 0.0222057774663
    },
    "spectral_centroid": {
        "max": 3987.37646484,
        "mean": 1447.25061035,
        "min": 383.806945801,
        "stdev": 422.447174072
    },
    "spectral_complexity": {
        "max": 51,
        "mean": 19.9353733063,
        "min": 4,
        "stdev": 7.78714752197
    },
    "spectral_decrease": {
        "max": -4.69198957465e-10,
        "mean": -7.22688620058e-09,
        "min": -2.85505947772e-08,
        "stdev": 4.38352731891e-09
    },
    "spectral_energy": {
        "max": 0.11271315068,
        "mean": 0.0293897278607,
        "min": 0.00199267361313,
        "stdev": 0.0175607800484
    },
    "spectral_energyband_high": {
        "max": 0.0105628976598,
        "mean": 0.000814192811958,
        "min": 2.98284994642e-05,
        "stdev": 0.000870563322678
    },
    "spectral_energyband_low": {
        "max": 0.0830289497972,
        "mean": 0.0100333988667,
        "min": 2.34834999446e-07,
        "stdev": 0.0105320299044
    },
    "spectral_energyband_middle_high": {
        "max": 0.0869778469205,
        "mean": 0.00823049712926,
        "min": 0.000274559657555,
        "stdev": 0.00946865882725
    },
    "spectral_energyband_middle_low": {
        "max": 0.0836587101221,
        "mean": 0.0112627213821,
        "min": 0.000285093352431,
        "stdev": 0.011120875366
    },
    "spectral_entropy": {
        "max": 8.64660453796,
        "mean": 7.77168512344,
        "min": 6.8265209198,
        "stdev": 0.26254811883
    },
    "spectral_flux": {
        "max": 0.277358263731,
        "mean": 0.100859984756,
        "min": 0.0248523335904,
        "stdev": 0.0426089987159
    },
    "spectral_kurtosis": {
        "max": 13.2588119507,
        "mean": 2.88029170036,
        "min": -1.20119822025,
        "stdev": 1.65097141266
    },
    "spectral_rms": {
        "max": 0.0104863746092,
        "mean": 0.00511877099052,
        "min": 0.00139429979026,
        "stdev": 0.00157199252862
    },
    "spectral_rolloff": {
        "max": 9862.20703125,
        "mean": 1346.49780273,
        "min": 64.599609375,
        "stdev": 1041.59436035
    },
    "spectral_skewness": {
        "max": 2.66904163361,
        "mean": 1.34014976025,
        "min": 0.174158453941,
        "stdev": 0.298033505678
    },
    "spectral_spread": {
        "max": 12433656,
        "mean": 4709337.5,
        "min": 2545393.75,
        "stdev": 1183727.5
    },
    "spectral_strongpeak": {
        "max": 9.97904872894,
        "mean": 1.16191923618,
        "min": 0,
        "stdev": 1.33704137802
    },
    "zerocrossingrate": {
        "max": 0.2880859375,
        "mean": 0.0604192055762,
        "min": 0.01416015625,
        "stdev": 0.0224297139794
    },
    "barkbands": {
        "max": [0.0109647680074, 0.058972761035, 0.0346710570157, 0.0188283566386, 0.0443416722119, 0.0663401633501, 0.0568299479783, 0.0347050540149, 0.0666666477919, 0.0589582324028, 0.0813907310367, 0.0291582606733, 0.021577918902, 0.010436931625, 0.0242628194392, 0.012272587046, 0.0138842556626, 0.00787969212979, 0.00363448518328, 0.00265563162975, 0.00368198961951, 0.00132972898427, 0.00207457598299, 0.00351343047805, 0.00351750664413, 1.10369519462e-05, 2.7243039824e-08],
        "mean": [0.00044015457388, 0.00700020324439, 0.0020372828003, 0.000955890922341, 0.00211412948556, 0.00179718330037, 0.00170367734972, 0.00112968625035, 0.00283086136915, 0.00217669829726, 0.00193443766329, 0.000855906750076, 0.000537385756616, 0.000425917911343, 0.000641769263893, 0.000594424840529, 0.000615179305896, 0.000409597938415, 0.000284285488306, 0.000205773321795, 0.00018461671425, 0.000138092203997, 0.000156858324772, 0.000125716542243, 9.38413359108e-05, 1.65948549125e-07, 1.2146021966e-09],
        "min": [1.54521029305e-09, 2.09291410869e-08, 3.95660286756e-08, 1.12168706323e-07, 2.3074735509e-06, 5.42054885955e-06, 8.98558209883e-06, 3.69905274056e-06, 8.70876101544e-06, 7.13936606189e-06, 4.24906056651e-06, 7.01624912836e-06, 8.03835700935e-06, 3.70037832909e-06, 4.04037200497e-06, 3.59193882105e-06, 4.93966490467e-06, 4.59506281913e-06, 1.20532586152e-05, 8.32886780699e-06, 4.63061724076e-06, 3.71706596525e-06, 5.70028805669e-06, 2.33299260799e-06, 1.24326140849e-06, 1.87672016816e-10, 1.63936378361e-10],
        "stdev": [0.00101069582161, 0.00837478786707, 0.00311806844547, 0.00164727156516, 0.00418777437881, 0.00437638117, 0.00501120928675, 0.00304356450215, 0.00558777106926, 0.00435781106353, 0.0053595607169, 0.0021713746246, 0.00109405408148, 0.000811284931842, 0.00136441492941, 0.00117047934327, 0.00121275603306, 0.00066245382186, 0.000339631922543, 0.000221921887714, 0.000246937037446, 0.000150917956489, 0.000183932308573, 0.000220949150389, 0.000195791057195, 4.21153117713e-07, 1.55080071007e-09]
    },
    "erbbands": {
        "max": [2.79093003273, 15.3773269653, 34.3808097839, 43.4695549011, 75.5720062256, 194.849212646, 403.393981934, 642.181091309, 578.709472656, 1373.1640625, 923.579711914, 1520.25646973, 1493.37609863, 2402.43847656, 2774.32128906, 1172.35961914, 1052.32751465, 909.816345215, 1603.54638672, 687.741943359, 819.293029785, 724.733093262, 494.487518311, 198.776245117, 188.219360352, 137.76991272, 137.616394043, 105.393493652, 59.7843704224, 84.277381897, 45.514289856, 51.7297782898, 72.2319335938, 62.4367866516, 12.4065828323, 0.687603235245, 0.0182991474867, 0.00159508397337, 0.000275515310932, 0.000140497577377],
        "mean": [0.151438459754, 1.70947170258, 2.93501710892, 2.98499369621, 3.71674013138, 8.40649700165, 12.170214653, 14.7020196915, 16.6826190948, 31.2608013153, 31.2878818512, 64.5427474976, 71.273109436, 80.4330749512, 60.3193283081, 33.9791946411, 25.7933712006, 22.6233043671, 29.8258094788, 31.6671867371, 34.7548561096, 34.4963302612, 25.7890300751, 15.9015312195, 12.0360107422, 10.247136116, 8.23384475708, 6.5998544693, 4.97390079498, 4.5823264122, 4.14240646362, 3.18514347076, 1.91404700279, 1.19428551197, 0.579913139343, 0.0368287824094, 0.000983841833659, 7.29259045329e-05, 2.58185446e-05, 3.71593378077e-05],
        "min": [8.15660825992e-07, 8.80262723513e-06, 9.11965835257e-05, 0.000460160372313, 0.00185329036321, 0.00865256227553, 0.0145267313346, 0.0625234767795, 0.139523491263, 0.145184531808, 0.169442027807, 0.28181886673, 0.389898747206, 0.462284207344, 0.289538055658, 0.310648649931, 0.443789124489, 0.256180912256, 0.313321918249, 0.29446709156, 0.357404232025, 0.372283011675, 0.455744922161, 0.500483810902, 0.550079286098, 0.476048350334, 0.142352372408, 0.199179425836, 0.135559618473, 0.173702374101, 0.168398842216, 0.0627514719963, 0.0396458618343, 0.0181789528579, 0.00418155593798, 0.000229604702326, 1.34347228595e-05, 2.47057687375e-06, 2.53310622611e-06, 2.59844046013e-06],
        "stdev": [0.209710270166, 2.10916829109, 3.83605694771, 4.46819448471, 6.85009765625, 17.3552722931, 31.0450286865, 37.6614074707, 39.373134613, 103.240455627, 78.2714767456, 138.349914551, 129.46055603, 191.470108032, 160.800186157, 75.4112548828, 49.2302970886, 41.4681091309, 61.4403381348, 54.8007202148, 66.6625823975, 64.032875061, 43.7242126465, 18.2430534363, 14.1854820251, 11.3664951324, 10.1990299225, 8.72937583923, 5.603120327, 5.29404067993, 4.7355723381, 4.53342247009, 3.98105359077, 2.92017865181, 1.00364983082, 0.0633488297462, 0.00165480398573, 0.000116422430438, 2.07896537177e-05, 2.16476364585e-05]
    },
    "gfcc": {
        "mean": [3.19311118126, 88.9272384644, -148.485137939, 43.6107292175, -77.8959197998, 30.1892471313, -38.5930595398, 16.295873642, -17.8053913116, -8.68398952484, -6.44130849838, -10.2821798325, 4.86530637741],
        "cov": [[1589.5958252, 260.578796387, 753.285217285, 471.36038208, 254.782394409, 162.750213623, -40.2421989441, 155.137954712, -5.62631940842, 159.754058838, 16.1722888947, 105.285194397, 25.2574729919], [260.578796387, 806.480651855, 891.002746582, 541.903320312, 327.331756592, 118.804878235, 109.895233154, 78.0554046631, 41.9268684387, 74.695022583, 117.81275177, 15.593421936, 27.7803478241], [753.285217285, 891.002746582, 2006.34997559, 1192.77355957, 506.627502441, 329.406188965, 27.4206867218, 156.05607605, -28.8766403198, 262.766235352, 151.45501709, 78.3863143921, 21.418170929], [471.36038208, 541.903320312, 1192.77355957, 889.571228027, 415.438049316, 178.886917114, -14.6355133057, 77.0493164062, 17.2934894562, 158.521697998, 85.4213104248, 56.6471710205, 24.1636867523], [254.782394409, 327.331756592, 506.627502441, 415.438049316, 471.515106201, 232.670639038, 32.1020393372, 107.249549866, 46.9774246216, 57.5576477051, 19.065776825, 76.5794677734, 29.5562496185], [162.750213623, 118.804878235, 329.406188965, 178.886917114, 232.670639038, 294.423217773, 107.201385498, 50.4698104858, -17.4942073822, 54.3568153381, 14.9787788391, 41.8042030334, 8.96311187744], [-40.2421989441, 109.895233154, 27.4206867218, -14.6355133057, 32.1020393372, 107.201385498, 190.860733032, 52.2149810791, 9.33247852325, 4.94331550598, 39.5801811218, -4.68654537201, 14.0999126434], [155.137954712, 78.0554046631, 156.05607605, 77.0493164062, 107.249549866, 50.4698104858, 52.2149810791, 153.144317627, 62.4270782471, 26.5009613037, 0.860441863537, 27.3322372437, 5.48587703705], [-5.62631940842, 41.9268684387, -28.8766403198, 17.2934894562, 46.9774246216, -17.4942073822, 9.33247852325, 62.4270782471, 122.43548584, 32.3603439331, 6.41715478897, 1.34473872185, 7.14491605759], [159.754058838, 74.695022583, 262.766235352, 158.521697998, 57.5576477051, 54.3568153381, 4.94331550598, 26.5009613037, 32.3603439331, 135.27961731, 54.2826309204, 12.47352314, -0.619450867176], [16.1722888947, 117.81275177, 151.45501709, 85.4213104248, 19.065776825, 14.9787788391, 39.5801811218, 0.860441863537, 6.41715478897, 54.2826309204, 113.840797424, 26.1254024506, 3.44128394127], [105.285194397, 15.593421936, 78.3863143921, 56.6471710205, 76.5794677734, 41.8042030334, -4.68654537201, 27.3322372437, 1.34473872185, 12.47352314, 26.1254024506, 84.5582962036, 29.7430000305], [25.2574729919, 27.7803478241, 21.418170929, 24.1636867523, 29.5562496185, 8.96311187744, 14.0999126434, 5.48587703705, 7.14491605759, -0.619450867176, 3.44128394127, 29.7430000305, 63.7473716736]],
        "icov": [[0.00103721080814, -0.000805349438451, 0.000726471131202, -0.000940687081311, 0.00106750847772, -0.00103217805736, 0.00120053719729, -0.00181708182208, 0.00123552570585, -0.00133242807351, 0.000779522641096, -0.00100695318542, -0.000130181157147], [-0.000805349438451, 0.00820948090404, -0.00705054262653, 0.00572953186929, -0.00854657124728, 0.00850223377347, -0.0081292996183, 0.00772280897945, -0.00523229176179, 0.00448696408421, -0.00275213527493, 0.0029656465631, 0.000234104023548], [0.000726471131202, -0.00705054262653, 0.010393852368, -0.0106537993997, 0.00969280581921, -0.0102906869724, 0.0087938727811, -0.0107539454475, 0.00731589179486, -0.00460142409429, 0.000135815847898, -0.000889539544005, -0.00119284214452], [-0.000940687081311, 0.00572953186929, -0.0106537993997, 0.0144156580791, -0.0118618551642, 0.0106481052935, -0.00748286023736, 0.010756611824, -0.00599729083478, 0.00213462579995, -0.0003955688735, 0.00157601782121, 0.000701968441717], [0.00106750847772, -0.00854657124728, 0.00969280581921, -0.0118618551642, 0.0180650278926, -0.0161482803524, 0.0118755232543, -0.0124121718109, 0.00364905782044, -0.00172132474836, 0.00137712236028, -0.00413217674941, -0.00169471930712], [-0.00103217805736, 0.00850223377347, -0.0102906869724, 0.0106481052935, -0.0161482803524, 0.0220495481044, -0.016936596483, 0.0131836095825, -0.003300789278, -0.000239006898482, 0.00320732383989, -0.00170273671392, 0.00411247229204], [0.00120053719729, -0.0081292996183, 0.0087938727811, -0.00748286023736, 0.0118755232543, -0.016936596483, 0.0214752499014, -0.0151410102844, 0.00591211300343, -0.000868727336638, -0.00572541309521, 0.00451322225854, -0.00609068805352], [-0.00181708182208, 0.00772280897945, -0.0107539454475, 0.010756611824, -0.0124121718109, 0.0131836095825, -0.0151410102844, 0.0245528127998, -0.0129886576906, 0.00397668126971, 0.00345082976855, -0.0036734235473, 0.00504957092926], [0.00123552570585, -0.00523229176179, 0.00731589179486, -0.00599729083478, 0.00364905782044, -0.003300789278, 0.00591211300343, -0.0129886576906, 0.0192864816636, -0.00867916177958, 0.000728742335923, 0.00119821727276, -0.00265617133118], [-0.00133242807351, 0.00448696408421, -0.00460142409429, 0.00213462579995, -0.00172132474836, -0.000239006898482, -0.000868727336638, 0.00397668126971, -0.00867916177958, 0.018072815612, -0.00842754542828, 0.00421787425876, -0.000373568531359], [0.000779522641096, -0.00275213527493, 0.000135815847898, -0.0003955688735, 0.00137712236028, 0.00320732383989, -0.00572541309521, 0.00345082976855, 0.000728742335923, -0.00842754542828, 0.019309585914, -0.0110151860863, 0.00480820564553], [-0.00100695318542, 0.0029656465631, -0.000889539544005, 0.00157601782121, -0.00413217674941, -0.00170273671392, 0.00451322225854, -0.0036734235473, 0.00119821727276, 0.00421787425876, -0.0110151860863, 0.0248960778117, -0.0108333937824], [-0.000130181157147, 0.000234104023548, -0.00119284214452, 0.000701968441717, -0.00169471930712, 0.00411247229204, -0.00609068805352, 0.00504957092926, -0.00265617133118, -0.000373568531359, 0.00480820564553, -0.0108333937824, 0.0219804309309]]
    },
    "melbands": {
        "max": [0.0200672373176, 0.0169899594039, 0.00682791648433, 0.0118140568957, 0.0125966118649, 0.0131947211921, 0.0105152921751, 0.012702585198, 0.00685518421233, 0.00975444260985, 0.0075515685603, 0.00957369152457, 0.0110391732305, 0.00377683155239, 0.00268117082305, 0.00230843015015, 0.00151036656462, 0.00261731329374, 0.00142213481013, 0.000882814580109, 0.00106678041629, 0.00102061848156, 0.000836680585053, 0.000359381461749, 0.00019590726879, 0.000149812069139, 8.84622204467e-05, 0.000102543759567, 8.2663653302e-05, 9.32779657887e-05, 8.76923368196e-05, 3.89509368688e-05, 3.95758106606e-05, 5.46930677956e-05, 3.05475441564e-05, 4.53188258689e-05, 4.15474751208e-05, 5.82237917115e-05, 5.93165350438e-05, 4.69144761155e-05],
        "mean": [0.00173575605731, 0.00181348435581, 0.000506957643665, 0.000453617161838, 0.000412694789702, 0.000331172865117, 0.000283736153506, 0.000312548218062, 0.000273857731372, 0.00042238162132, 0.000349296926288, 0.000319654587656, 0.000233656712226, 0.000107370105979, 6.85375780449e-05, 5.16789659741e-05, 4.02094738092e-05, 4.49489416496e-05, 4.82039613416e-05, 4.00048193114e-05, 4.06840445066e-05, 3.74271730834e-05, 2.9583747164e-05, 1.64992288774e-05, 1.26029208332e-05, 1.005345257e-05, 6.92695584803e-06, 6.77588786857e-06, 5.25823634234e-06, 4.45535079052e-06, 3.64375864592e-06, 2.78316611002e-06, 2.64355207946e-06, 2.53086932389e-06, 2.31405442719e-06, 2.48964465754e-06, 1.75621141807e-06, 1.39491680784e-06, 1.16336445899e-06, 9.41962753132e-07],
        "min": [5.82629855472e-09, 4.19074872582e-08, 2.02350904033e-07, 4.79690470456e-07, 5.02319437601e-07, 9.97303914119e-07, 2.08620622288e-06, 7.70656697568e-07, 8.92520802154e-07, 1.23793142848e-06, 1.14955059871e-06, 1.01831244592e-06, 9.61924797593e-07, 8.00694863301e-07, 4.26026019795e-07, 8.39825418097e-07, 3.50889223455e-07, 3.67362048337e-07, 3.61239273161e-07, 2.92751053621e-07, 4.27704577532e-07, 2.66185793407e-07, 3.34774711064e-07, 2.3892067702e-07, 3.73632389028e-07, 3.66554445463e-07, 3.17314828635e-07, 2.86851332021e-07, 5.59183916948e-08, 9.03214498749e-08, 9.05186183786e-08, 5.7468774628e-08, 4.59386768625e-08, 1.00391041258e-07, 6.90023185257e-08, 5.12415958553e-08, 3.18478221573e-08, 2.62336090628e-08, 1.67947948881e-08, 9.72035785196e-09],
        "stdev": [0.00209477287717, 0.00211556395516, 0.00072132103378, 0.000936647644266, 0.000963050464634, 0.000812310550828, 0.000703951518517, 0.000972382782493, 0.000688044005074, 0.00090394995641, 0.000667288783006, 0.000762331415899, 0.000618646328803, 0.000282627326669, 0.000152837397764, 0.000108271968202, 8.12057041912e-05, 9.59504686762e-05, 0.000102704332676, 7.66814919189e-05, 8.46318071126e-05, 7.98462060629e-05, 5.81163803872e-05, 2.55947707046e-05, 1.58362709044e-05, 1.3232594938e-05, 8.02880185802e-06, 7.85638803791e-06, 6.39992231299e-06, 6.52962989989e-06, 5.01993145008e-06, 3.32545505444e-06, 3.03584238281e-06, 3.14800240631e-06, 2.68255053015e-06, 3.45147759617e-06, 2.83819326796e-06, 3.05312050841e-06, 2.92947970593e-06, 2.27249984164e-06]
    },
    "melbands128": {
        "max": [0.00832223985344, 0.0261088628322, 0.0251527354121, 0.0281553287059, 0.019641648978, 0.0165956579149, 0.0100503712893, 0.00824835523963, 0.00862295925617, 0.0194452088326, 0.0114099904895, 0.0196475014091, 0.0196468885988, 0.0233609341085, 0.0235477387905, 0.00667034741491, 0.00956017524004, 0.0164718590677, 0.0193247552961, 0.0267395339906, 0.00749111687765, 0.0143108544871, 0.0118460059166, 0.0146917086095, 0.0147186545655, 0.0168759264052, 0.0183559134603, 0.0148399295285, 0.0190197937191, 0.012404512614, 0.0178553797305, 0.020129032433, 0.0171069968492, 0.0181908458471, 0.00901034567505, 0.00562425097451, 0.00664491206408, 0.00338809355162, 0.00250666891225, 0.00444618752226, 0.00217866408639, 0.00475743412971, 0.0027966434136, 0.00289780902676, 0.00157506356481, 0.00482983374968, 0.00509791774675, 0.00306859402917, 0.00222949287854, 0.00145118695218, 0.0017212292878, 0.00167970615439, 0.002223220421, 0.00153885502368, 0.00218300474808, 0.00230469438247, 0.00102130323648, 0.00165369454771, 0.000996906426735, 0.00119697849732, 0.000740099174436, 0.000228835284361, 0.000167482518009, 0.000396251009079, 0.00024337809009, 0.000223316717893, 0.000268061819952, 0.000210348604014, 0.000120611861348, 0.000122269717394, 0.00013048366236, 9.93327048491e-05, 8.05157396826e-05, 0.000111154091428, 9.86705490504e-05, 0.000145413156133, 0.000111341607408, 9.26196516957e-05, 0.000141498501762, 0.000137027876917, 4.96968787047e-05, 5.57792154723e-05, 6.07482543273e-05, 4.37905982835e-05, 5.11591242685e-05, 4.15440226789e-05, 7.43307900848e-05, 6.38805213384e-05, 3.29500689986e-05, 2.60091856035e-05, 7.26341750124e-05, 7.35473149689e-05, 3.25725122821e-05, 3.24397587974e-05, 7.01869794284e-05, 0.000100487559394, 5.63687281101e-05, 5.10610989295e-05, 5.50830627617e-05, 9.83681966318e-05, 9.7321382782e-05, 3.12225129164e-05, 3.81614045182e-05, 2.58972140728e-05, 1.75253699126e-05, 1.46689690155e-05, 5.58612782697e-06, 4.89701619699e-07, 4.70555905352e-09, 4.44230474628e-09, 3.8553280568e-09, 2.12879203154e-09, 2.02703764884e-09, 1.39420508471e-09, 1.06685316137e-09, 1.32559696553e-09, 9.77682268477e-10, 1.93168897544e-10, 6.10922284983e-11, 6.00185942612e-11, 5.83284948119e-11, 5.71067602928e-11, 5.57182217031e-11, 5.46157598313e-11, 5.38450499465e-11, 5.27344591605e-11, 5.1919031574e-11, 5.15983297755e-11],
        "mean": [0.000363098777598, 0.000921228725929, 0.00244310544804, 0.00305554643273, 0.00190289225429, 0.000871827942319, 0.000640514015686, 0.000388415675843, 0.000281432963675, 0.000572624383494, 0.000478629139252, 0.000350686575985, 0.000430654588854, 0.000432001252193, 0.000359476660378, 0.000259132997598, 0.000226623596973, 0.000236356572714, 0.000415172020439, 0.000433119566878, 0.000181614246685, 0.00018985242059, 0.000298096274491, 0.000330544513417, 0.000427865306847, 0.000474656000733, 0.000384360930184, 0.000361523969332, 0.000294631521683, 0.000261050794506, 0.000374037452275, 0.000342949468177, 0.000217354914639, 0.000177538691787, 0.000114740360004, 8.52808661875e-05, 9.32601615204e-05, 6.5781052399e-05, 5.74717560085e-05, 5.629629959e-05, 5.08639823238e-05, 4.49435719929e-05, 3.86304345739e-05, 3.88198204746e-05, 3.87581603718e-05, 4.26306614827e-05, 5.77916944167e-05, 5.18992128491e-05, 4.31833686889e-05, 3.87935433537e-05, 3.86855463148e-05, 4.26318401878e-05, 4.13034867961e-05, 3.77175929316e-05, 4.30052714364e-05, 4.10334469052e-05, 2.80345848296e-05, 3.16890727845e-05, 3.03902870655e-05, 2.6172177968e-05, 1.39480362122e-05, 1.09730381155e-05, 1.25125516206e-05, 1.32227669383e-05, 1.30431126308e-05, 9.53578000917e-06, 9.03125237528e-06, 7.303412076e-06, 5.84542067372e-06, 7.20050502423e-06, 7.32082708055e-06, 6.46035778118e-06, 5.50336471861e-06, 5.1265624279e-06, 4.81736515212e-06, 4.61543231722e-06, 4.39585210188e-06, 3.57978342436e-06, 3.79088146474e-06, 3.47814238921e-06, 2.64938717009e-06, 2.59885086962e-06, 2.69503743766e-06, 2.75526303994e-06, 2.46766694545e-06, 2.47828461397e-06, 2.7083731311e-06, 2.37550943893e-06, 2.35660513681e-06, 2.0148920612e-06, 2.69456313617e-06, 2.85542409983e-06, 1.7846417677e-06, 1.63158119904e-06, 1.82090684575e-06, 1.61277500865e-06, 1.27986675125e-06, 1.10137114007e-06, 1.20409845294e-06, 1.18884713629e-06, 1.0310864127e-06, 8.67556366302e-07, 8.7501445023e-07, 8.79643209828e-07, 7.3773043141e-07, 6.45792340492e-07, 1.58007722462e-07, 7.64779795048e-09, 1.32552840232e-11, 9.74311430146e-12, 9.13928915186e-12, 8.47318049058e-12, 9.26383188909e-12, 8.46814632305e-12, 7.90885499452e-12, 7.34355545123e-12, 6.39240353359e-12, 5.76179989137e-12, 5.54833306035e-12, 5.40074712382e-12, 5.24547506126e-12, 5.16104173287e-12, 5.09659588838e-12, 4.98530904058e-12, 4.67320062855e-12, 4.18855228279e-12, 3.92203847524e-12, 3.86727498983e-12],
        "min": [1.36156766417e-10, 1.5250475327e-09, 1.99693794833e-09, 4.97955099377e-09, 3.99790911487e-09, 2.70079212328e-08, 3.50214328648e-08, 7.76736541752e-08, 5.21535383768e-08, 2.03702938961e-07, 2.11182722865e-07, 1.98010482677e-07, 1.31695657046e-07, 3.35814519303e-07, 4.9118006018e-07, 5.81077763684e-08, 1.98010624786e-07, 3.02291624621e-07, 3.21998896879e-07, 2.20974229137e-07, 1.80947878903e-07, 1.18310175878e-07, 3.2951521689e-07, 2.48407843628e-07, 2.75349464118e-07, 3.79701134534e-07, 4.08045139011e-07, 4.97912367337e-07, 2.72929753464e-07, 3.00785188756e-07, 5.16185536981e-07, 3.3787381426e-07, 1.24391959844e-07, 1.74136459918e-07, 1.84545328352e-07, 1.26772263798e-07, 2.77216258837e-07, 2.29946863328e-07, 1.7197538682e-07, 2.05148353416e-07, 2.57979053231e-07, 1.5312235746e-07, 1.97587951334e-07, 1.38236117664e-07, 1.34310482736e-07, 1.61536519272e-07, 2.58637726347e-07, 2.51709849408e-07, 1.43722317603e-07, 1.40547683714e-07, 1.68015745317e-07, 9.00321808217e-08, 1.43642523653e-07, 2.13308283037e-07, 1.43735832125e-07, 1.61196538784e-07, 1.14607516366e-07, 1.26580346205e-07, 9.6166836272e-08, 7.72536310478e-08, 1.3891607864e-07, 2.00477160206e-07, 2.3627424639e-07, 2.97519449077e-07, 1.72785874497e-07, 1.24717956851e-07, 9.22060365838e-08, 1.37973970027e-07, 1.27577223452e-07, 2.28747154551e-07, 1.6518647783e-07, 1.06163291491e-07, 5.67511442284e-08, 2.7836589922e-08, 2.65920494513e-08, 6.22352800406e-08, 8.49234638167e-08, 5.41636389073e-08, 9.3751715724e-08, 4.12136422767e-08, 4.0834805759e-08, 3.70899257973e-08, 2.61764245835e-08, 3.26930233996e-08, 3.09725791681e-08, 4.34887184042e-08, 4.85069442391e-08, 6.18599571567e-08, 5.48579706106e-08, 2.05469845582e-08, 5.24611287744e-08, 3.24177591438e-08, 3.33557252929e-08, 2.34459829329e-08, 3.07016243539e-08, 2.93902520099e-08, 1.46423548841e-08, 1.3752506689e-08, 1.70035150404e-08, 1.67055738132e-08, 7.35601313195e-09, 7.96110999346e-09, 6.69790356511e-09, 4.32440216969e-09, 1.9097525783e-09, 2.93418822572e-09, 4.57712256985e-10, 2.09807800473e-12, 6.06237499437e-13, 5.07901121334e-13, 4.57795314244e-13, 4.86731477605e-13, 5.0421087661e-13, 4.66352867781e-13, 3.57932406587e-13, 4.40040609203e-13, 4.3373871118e-13, 4.56190640818e-13, 4.51141240251e-13, 5.1928242522e-13, 5.10624528771e-13, 4.94869607532e-13, 5.22319926026e-13, 5.0956613061e-13, 3.38562348729e-13, 1.38166862391e-13, 1.81918265581e-14, 5.69617110353e-16],
        "stdev": [0.000821576570161, 0.00172521569766, 0.00320366420783, 0.00391070498154, 0.00248330063187, 0.00137613632251, 0.00103069166653, 0.000740051676985, 0.000584741414059, 0.00144797668327, 0.00106773013249, 0.00111371080857, 0.00129083602224, 0.00141631194856, 0.00122128846124, 0.000614367134403, 0.000677199219353, 0.000858023937326, 0.00154745706823, 0.00178107456304, 0.000620262871962, 0.000765565491747, 0.00102951820008, 0.000998785020784, 0.00127691985108, 0.00131720118225, 0.000916081946343, 0.000990238739178, 0.000819089182187, 0.000719220028259, 0.0012654006714, 0.00123261893168, 0.000735703913961, 0.000868358300067, 0.000449885614216, 0.000272283621598, 0.000328893307596, 0.000192331441212, 0.000165921010193, 0.000175072738784, 0.000133123059641, 0.000134826186695, 0.000112819783681, 0.000115829716378, 0.000103986974864, 0.000142540928209, 0.000187490688404, 0.000156176378368, 0.000133996712975, 9.56592557486e-05, 0.000107578634925, 0.000130182525027, 0.00012426378089, 0.000107903739263, 0.000135002730531, 0.000123743171571, 6.47877750453e-05, 8.99015722098e-05, 7.23847042536e-05, 6.67066487949e-05, 2.99984003505e-05, 1.50844125528e-05, 1.86022534763e-05, 2.52169120358e-05, 2.11167553061e-05, 1.71719839273e-05, 1.54650297191e-05, 1.09720012915e-05, 8.52214998304e-06, 1.00765073512e-05, 1.07029936771e-05, 8.4039684225e-06, 7.16325894246e-06, 7.34983268558e-06, 7.62186118664e-06, 8.0011332102e-06, 6.85039549353e-06, 5.67477991353e-06, 6.33379886494e-06, 5.30915531272e-06, 3.54485746357e-06, 3.59745786227e-06, 3.45261287293e-06, 3.51040557689e-06, 3.24746474689e-06, 3.42679049936e-06, 3.97616759074e-06, 3.30935495185e-06, 3.02758621729e-06, 2.43977001446e-06, 3.95817096432e-06, 4.97753762829e-06, 2.61437253357e-06, 2.45468231697e-06, 3.86295187127e-06, 4.6175141506e-06, 2.65278617917e-06, 2.27125997299e-06, 2.97330234389e-06, 3.74798742087e-06, 3.42831617672e-06, 1.96827068066e-06, 1.79725850558e-06, 1.68335816397e-06, 1.33609864861e-06, 1.20677964333e-06, 3.1496193742e-07, 1.91813231964e-08, 1.055544957e-10, 9.89472184743e-11, 8.59409349241e-11, 4.83016369957e-11, 5.18505724467e-11, 3.46748636748e-11, 2.71421097403e-11, 3.10192635466e-11, 2.27110084211e-11, 7.9306561318e-12, 6.56095013388e-12, 6.38621057078e-12, 6.22240453607e-12, 6.08119891249e-12, 5.95680796356e-12, 5.86708329489e-12, 5.77181184791e-12, 5.69780854442e-12, 5.64971160133e-12, 5.61885043701e-12]
    },
    "mfcc": {
        "mean": [-619.19921875, 97.2278213501, -6.3188457489, 9.90705394745, -1.78317463398, 2.01036334038, 0.459570616484, 10.7081918716, 2.87883400917, 3.7507584095, -4.22145795822, -0.410815477371, -1.69056761265],
        "cov": [[1257.40466309, -27.7329769135, 173.409225464, 160.963897705, 157.390609741, 41.7592277527, 8.9651632309, 1.69242107868, 40.6117782593, 13.1738300323, 14.5203275681, 25.6121425629, 39.6899261475], [-27.7329769135, 518.807922363, 436.437103271, 324.358612061, 242.139892578, 124.91493988, 155.621124268, 79.4019012451, 39.7233543396, 63.1149864197, 32.5172042847, 80.8173217773, 59.7262039185], [173.409225464, 436.437103271, 1481.71606445, 851.866149902, 552.489440918, 330.180999756, 317.634613037, -10.7760829926, 7.98734760284, 114.819320679, 67.8061981201, 153.67414856, 120.769844055], [160.963897705, 324.358612061, 851.866149902, 760.579833984, 506.556427002, 210.691604614, 157.282455444, 22.1530857086, 43.55519104, 65.8498764038, 23.4877719879, 128.632141113, 106.388061523], [157.390609741, 242.139892578, 552.489440918, 506.556427002, 602.705200195, 252.636795044, 134.591796875, 92.7253646851, 87.9186477661, 44.1673851013, 20.1017398834, 96.105178833, 95.7561798096], [41.7592277527, 124.91493988, 330.180999756, 210.691604614, 252.636795044, 289.625061035, 168.576202393, 44.7975120544, 34.6880149841, 42.4358787537, 29.0664291382, 30.6747951508, 38.508605957], [8.9651632309, 155.621124268, 317.634613037, 157.282455444, 134.591796875, 168.576202393, 237.547943115, 71.9149551392, 18.7088050842, 43.7919578552, 28.0610275269, 31.6161403656, 39.5643501282], [1.69242107868, 79.4019012451, -10.7760829926, 22.1530857086, 92.7253646851, 44.7975120544, 71.9149551392, 158.427505493, 70.7296066284, 7.18087387085, 5.89536619186, 19.0338630676, 18.2650108337], [40.6117782593, 39.7233543396, 7.98734760284, 43.55519104, 87.9186477661, 34.6880149841, 18.7088050842, 70.7296066284, 123.046340942, 42.5269203186, 12.7031126022, 18.5782432556, 9.51838111877], [13.1738300323, 63.1149864197, 114.819320679, 65.8498764038, 44.1673851013, 42.4358787537, 43.7919578552, 7.18087387085, 42.5269203186, 97.2078781128, 47.0836868286, 21.5356464386, 13.6994380951], [14.5203275681, 32.5172042847, 67.8061981201, 23.4877719879, 20.1017398834, 29.0664291382, 28.0610275269, 5.89536619186, 12.7031126022, 47.0836868286, 87.2015533447, 41.4173660278, 14.3419046402], [25.6121425629, 80.8173217773, 153.67414856, 128.632141113, 96.105178833, 30.6747951508, 31.6161403656, 19.0338630676, 18.5782432556, 21.5356464386, 41.4173660278, 103.180503845, 50.261177063], [39.6899261475, 59.7262039185, 120.769844055, 106.388061523, 95.7561798096, 38.508605957, 39.5643501282, 18.2650108337, 9.51838111877, 13.6994380951, 14.3419046402, 50.261177063, 82.1199951172]],
        "icov": [[0.000857478531543, 0.000222756207222, -6.00898638368e-05, -0.000111206456495, -0.00017834090977, 0.000124975253129, -7.10012784566e-07, 0.000115676302812, -0.000325990084093, 0.000162278141943, -0.000253237376455, 0.000221618174692, -0.000300740182865], [0.000222756207222, 0.00325702759437, -0.000252027442912, -0.000748559599742, -0.000183160751476, 0.000415857706685, -0.000906383153051, -0.00125444377773, 0.000506412237883, -0.00116800016258, 0.000338639627444, -0.000807601900306, 0.000169466773514], [-6.00898638368e-05, -0.000252027442912, 0.00274562649429, -0.00242785341106, -0.000123500460177, -0.000110215063614, -0.00213391426951, 0.0014714646386, 0.000626064138487, -0.00052408821648, -0.000421603413997, -0.000431098800618, 0.000568665855099], [-0.000111206456495, -0.000748559599742, -0.00242785341106, 0.00648503797129, -0.00311409053393, 0.000792410224676, 0.000619077181909, 0.000914883974474, -9.53069611569e-05, -0.00075652950909, 0.00206663459539, -0.00195961259305, -0.000499239482451], [-0.00017834090977, -0.000183160751476, -0.000123500460177, -0.00311409053393, 0.00636159395799, -0.00380271137692, 0.00236932979897, -0.00237679760903, -0.00150736584328, 0.00112939905375, 0.000112964247819, 8.67705603014e-05, -0.0018987377407], [0.000124975253129, 0.000415857706685, -0.000110215063614, 0.000792410224676, -0.00380271137692, 0.009073455818, -0.00563791953027, 0.00202700239606, -0.00074451265391, 0.000109439803055, -0.00150057801511, 0.00139252410736, 0.000695235328749], [-7.10012784566e-07, -0.000906383153051, -0.00213391426951, 0.000619077181909, 0.00236932979897, -0.00563791953027, 0.0120736546814, -0.0058758687228, 0.0023471233435, -0.0020235653501, 0.000365149753634, 0.000880555540789, -0.00217040651478], [0.000115676302812, -0.00125444377773, 0.0014714646386, 0.000914883974474, -0.00237679760903, 0.00202700239606, -0.0058758687228, 0.0134229902178, -0.00690096570179, 0.00388772669248, -0.000878635095432, -0.000576799793635, -0.000168669372215], [-0.000325990084093, 0.000506412237883, 0.000626064138487, -9.53069611569e-05, -0.00150736584328, -0.00074451265391, 0.0023471233435, -0.00690096570179, 0.0157824326307, -0.00850088056177, 0.00263588572852, -0.00197078543715, 0.00183755846228], [0.000162278141943, -0.00116800016258, -0.00052408821648, -0.00075652950909, 0.00112939905375, 0.000109439803055, -0.0020235653501, 0.00388772669248, -0.00850088056177, 0.0202047750354, -0.00995467044413, 0.00345573597588, -0.00149793410674], [-0.000253237376455, 0.000338639627444, -0.000421603413997, 0.00206663459539, 0.000112964247819, -0.00150057801511, 0.000365149753634, -0.000878635095432, 0.00263588572852, -0.00995467044413, 0.0207119453698, -0.0093953832984, 0.00189850036986], [0.000221618174692, -0.000807601900306, -0.000431098800618, -0.00195961259305, 8.67705603014e-05, 0.00139252410736, 0.000880555540789, -0.000576799793635, -0.00197078543715, 0.00345573597588, -0.0093953832984, 0.020236838609, -0.00849021971226], [-0.000300740182865, 0.000169466773514, 0.000568665855099, -0.000499239482451, -0.0018987377407, 0.000695235328749, -0.00217040651478, -0.000168669372215, 0.00183755846228, -0.00149793410674, 0.00189850036986, -0.00849021971226, 0.0198828019202]]
    },
    "spectral_contrast_coeffs": {
        "max": [-0.451809883118, -0.459499537945, -0.47180506587, -0.575133025646, -0.64634424448, -0.621570050716],
        "mean": [-0.719496905804, -0.741742491722, -0.737860560417, -0.798533737659, -0.796104371548, -0.773935377598],
        "min": [-0.886767446995, -0.926376104355, -0.900013387203, -0.89755910635, -0.873842000961, -0.861300826073],
        "stdev": [0.0657148584723, 0.0855324566364, 0.0831514075398, 0.0528795868158, 0.03722178936, 0.0290075745434]
    },
    "spectral_contrast_valleys": {
        "max": [-5.00891065598, -4.90734386444, -5.32165765762, -6.00599861145, -5.98025178909, -7.72076845169],
        "mean": [-7.03135061264, -6.72584199905, -7.02046585083, -7.24504041672, -7.16904497147, -9.62157344818],
        "min": [-10.6116342545, -8.18435096741, -8.51783466339, -8.74494361877, -8.4749994278, -11.1197385788],
        "stdev": [1.26790428162, 0.502928435802, 0.574044346809, 0.497506916523, 0.383966177702, 0.4916908741]
    }
},
"rhythm": {
    "beats_count": 70,
    "beats_loudness": {
        "max": 0.0714560374618,
        "mean": 0.0322696305811,
        "min": 0.00592755805701,
        "stdev": 0.0148186776787
    },
    "bpm": 88.0412368774,
    "bpm_histogram_first_peak_bpm": 88,
    "bpm_histogram_first_peak_weight": 0.145454585552,
    "bpm_histogram_second_peak_bpm": 101,
    "bpm_histogram_second_peak_spread": 0.363636314869,
    "bpm_histogram_second_peak_weight": 0.101449273527,
    "danceability": 1.28283286095,
    "onset_rate": 4.08031082153,
    "beats_loudness_band_ratio": {
        "max": [0.828012228012, 0.588785052299, 0.833834111691, 0.854720473289, 0.631692171097, 0.135488346219],
        "mean": [0.236933648586, 0.134906053543, 0.254334390163, 0.233591705561, 0.12032739073, 0.0530786477029],
        "min": [0.00016086512187, 0.00130182830617, 0.0101417927071, 0.0084126200527, 0.0103268548846, 0.0151826683432],
        "stdev": [0.210976839066, 0.126918107271, 0.184001550078, 0.239009931684, 0.118979901075, 0.0245215054601]
    },
    "beats_position": [0.731428563595, 1.43963718414, 2.13623571396, 2.82122445107, 3.50621318817, 4.17959165573, 4.85297060013, 5.52634906769, 6.2229475975, 6.91954612732, 7.59292507172, 8.26630401611, 8.95129203796, 9.63628101349, 10.3096599579, 10.9830379486, 11.656416893, 12.3414058685, 13.0263938904, 13.7113828659, 14.3847618103, 15.0697498322, 15.7547388077, 16.4397277832, 17.1131057739, 17.7980957031, 18.483083725, 19.1680717468, 19.8414516449, 20.5264396667, 21.2230377197, 21.9080276489, 22.5930156708, 23.2663936615, 23.9513835907, 24.6363716125, 25.3213596344, 26.0063495636, 26.6797275543, 27.3647155762, 28.0497055054, 28.7230834961, 29.4080715179, 30.0930614471, 30.7664394379, 31.4398174286, 32.1364173889, 32.8214035034, 33.5063934326, 34.1797714233, 34.8647613525, 35.5497512817, 36.2231292725, 36.8965072632, 37.5582771301, 38.2200431824, 38.8469848633, 39.4739227295, 40.1124725342, 40.7045783997, 41.2966880798, 41.88879776, 42.492515564, 43.0962333679, 43.7115631104, 44.3268928528, 44.919002533, 45.5111083984, 46.1032180786, 46.6953277588],
