{
"metadata": {
    "version": {
        "essentia": "2.1-beta5",
        "essentia_git_sha": "Undefined",
        "extractor": "music 2.0"
    },
    "audio_properties": {
        "analysis": {
            "equal_loudness": 0,
            "length": 48.7502937317,
            "sample_rate": 44100,
            "start_time": 61.4980506897,
            "downmix": "mix"
        },
        "bit_rate": 192000,
        "length": 196.56854248,
        "lossless": 0,
        "number_channels": 2,
        "replay_gain": -0.714792251587,
        "sample_rate": 48000,
        "codec": "mp3",
        "md5_encoded": "8c6fad8724697e9a3af45ad5d32b03a7"
    },
    "tags": {
        "file_name": "Malta_Angel_Chiara.mp3",
        "encoding": ["Lavf58.29.100"]
    }
},
"lowlevel": {
    "average_loudness": 0.954945445061,
    "barkbands_crest": {
        "max": 23.330789566,
        "mean": 10.6533479691,
        "min": 2.91973352432,
        "stdev": 3.80237603188
    },
    "barkbands_flatness_db": {
        "max": 0.317079544067,
        "mean": 0.168955475092,
        "min": 0.0400483086705,
        "stdev": 0.0441387183964
    },
    "barkbands_kurtosis": {
        "max": 86.5003738403,
        "mean": 6.2387046814,
        "min": -1.72736012936,
        "stdev": 9.33776473999
    },
    "barkbands_skewness": {
        "max": 7.96680212021,
        "mean": 1.7831428051,
        "min": -1.04778897762,
        "stdev": 1.28597271442
    },
    "barkbands_spread": {
        "max": 49.7357368469,
        "mean": 15.5362606049,
        "min": 1.23959970474,
        "stdev": 9.63055038452
    },
    "dissonance": {
        "max": 0.499533057213,
        "mean": 0.446908473969,
        "min": 0.310327172279,
        "stdev": 0.0306946970522
    },
    "dynamic_complexity": 1.79870712757,
    "erbbands_crest": {
        "max": 27.4494304657,
        "mean": 11.091840744,
        "min": 2.54621839523,
        "stdev": 4.60954999924
    },
    "erbbands_flatness_db": {
        "max": 0.324529051781,
        "mean": 0.182674691081,
        "min": 0.0504977218807,
        "stdev": 0.0461133085191
    },
    "erbbands_kurtosis": {
        "max": 23.8833217621,
        "mean": 0.796800911427,
        "min": -1.71115446091,
        "stdev": 2.13871836662
    },
    "erbbands_skewness": {
        "max": 4.59861278534,
        "mean": 0.610700547695,
        "min": -1.62723147869,
        "stdev": 0.749322354794
    },
    "erbbands_spread": {
        "max": 128.581726074,
        "mean": 30.5121021271,
        "min": 4.62188863754,
        "stdev": 14.6882123947
    },
    "hfc": {
        "max": 69.9534072876,
        "mean": 19.1346931458,
        "min": 1.19358301163,
        "stdev": 13.4524965286
    },
    "loudness_ebu128": {
        "integrated": -22.3550300598,
        "loudness_range": 1.60681915283,
        "momentary": {
            "max": -20.092250824,
            "mean": -22.5419425964,
            "min": -26.6441402435,
            "stdev": 1.31135165691
        },
        "short_term": {
            "max": -21.1244945526,
            "mean": -22.3917655945,
            "min": -23.9765205383,
            "stdev": 0.578835844994
        }
    },
    "melbands_crest": {
        "max": 28.1811237335,
        "mean": 13.8632488251,
        "min": 3.75245714188,
        "stdev": 4.33750677109
    },
    "melbands_flatness_db": {
        "max": 0.433604180813,
        "mean": 0.243535354733,
        "min": 0.0929838865995,
        "stdev": 0.0556826218963
    },
    "melbands_kurtosis": {
        "max": 225.313018799,
        "mean": 13.1284990311,
        "min": -1.49360537529,
        "stdev": 17.8923950195
    },
    "melbands_skewness": {
        "max": 11.5099878311,
        "mean": 2.45914196968,
        "min": -0.623480558395,
        "stdev": 1.54062700272
    },
    "melbands_spread": {
        "max": 77.1068191528,
        "mean": 17.5939979553,
        "min": 1.28675401211,
        "stdev": 13.3124923706
    },
    "pitch_salience": {
        "max": 0.812744855881,
        "mean": 0.499775499105,
        "min": 0.155125781894,
        "stdev": 0.111409336329
    },
    "silence_rate_20dB": {
        "max": 1,
        "mean": 1,
        "min": 1,
        "stdev": 0
    },
    "silence_rate_30dB": {
        "max": 1,
        "mean": 1,
        "min": 1,
        "stdev": 0
    },
    "silence_rate_60dB": {
        "max": 0,
        "mean": 0,
        "min": 0,
        "stdev": 0
    },
    "spectral_centroid": {
        "max": 2897.00439453,
        "mean": 1082.48156738,
        "min": 246.248474121,
        "stdev": 593.26776123
    },
    "spectral_complexity": {
        "max": 51,
        "mean": 16.7444076538,
        "min": 2,
        "stdev": 5.24986457825
    },
    "spectral_decrease": {
        "max": -1.8095157317e-10,
        "mean": -8.54137827133e-09,
        "min": -2.32627659358e-08,
        "stdev": 3.84175891099e-09
    },
    "spectral_energy": {
        "max": 0.0888753533363,
        "mean": 0.0339727587998,
        "min": 0.000791214988567,
        "stdev": 0.014987019822
    },
    "spectral_energyband_high": {
        "max": 0.003873528447,
        "mean": 0.000292284908937,
        "min": 3.94881362809e-06,
        "stdev": 0.000462980562588
    },
    "spectral_energyband_low": {
        "max": 0.0682964920998,
        "mean": 0.0132977450266,
        "min": 6.55297553749e-05,
        "stdev": 0.012545151636
    },
    "spectral_energyband_middle_high": {
        "max": 0.0425576642156,
        "mean": 0.00682207895443,
        "min": 0.000118677489809,
        "stdev": 0.00741682574153
    },
    "spectral_energyband_middle_low": {
        "max": 0.0681466981769,
        "mean": 0.0145196430385,
        "min": 0.000114512964501,
        "stdev": 0.0102445678785
    },
    "spectral_entropy": {
        "max": 8.35367870331,
        "mean": 7.16100311279,
        "min": 5.86295175552,
        "stdev": 0.385884553194
    },
    "spectral_flux": {
        "max": 0.231020972133,
        "mean": 0.0748786404729,
        "min": 0.0193058699369,
        "stdev": 0.0326723568141
    },
    "spectral_kurtosis": {
        "max": 29.1955184937,
        "mean": 7.15897369385,
        "min": -0.678620576859,
        "stdev": 3.391715765
    },
    "spectral_rms": {
        "max": 0.00931169465184,
        "mean": 0.00560611626133,
        "min": 0.00087858812185,
        "stdev": 0.00130983057898
    },
    "spectral_rolloff": {
        "max": 3639.11132812,
        "mean": 931.102172852,
        "min": 86.1328125,
        "stdev": 738.285888672
    },
    "spectral_skewness": {
        "max": 4.10306167603,
        "mean": 1.9624774456,
        "min": 0.636297345161,
        "stdev": 0.455617368221
    },
    "spectral_spread": {
        "max": 12009479,
        "mean": 3800858.5,
        "min": 1856767.625,
        "stdev": 1275430.25
    },
    "spectral_strongpeak": {
        "max": 10.0258989334,
        "mean": 1.31292796135,
        "min": 0,
        "stdev": 1.48345911503
    },
    "zerocrossingrate": {
        "max": 0.166015625,
        "mean": 0.0408652611077,
        "min": 0.00537109375,
        "stdev": 0.0199294332415
    },
    "barkbands": {
        "max": [0.00705810263753, 0.0593990832567, 0.0416159182787, 0.019698748365, 0.0526250898838, 0.0508763305843, 0.0263809878379, 0.0163783244789, 0.0177666656673, 0.0240233261138, 0.0286091994494, 0.0196137279272, 0.0292257070541, 0.0132724205032, 0.0104511929676, 0.0104993395507, 0.0106089748442, 0.00802730675787, 0.00860986113548, 0.00384664954618, 0.00161427271087, 0.00116276508197, 0.00128479057457, 0.00109855725896, 0.000918674049899, 0.00041033962043, 4.80889721075e-05],
        "mean": [0.000572158256546, 0.00886347237974, 0.00324855768122, 0.000972203328274, 0.00347334332764, 0.00491247000173, 0.00254219328053, 0.00122560828459, 0.000684097525664, 0.00211844802834, 0.00100405223202, 0.000724032172002, 0.000812908168882, 0.000427055754699, 0.000361562299076, 0.000345417647623, 0.000347504916135, 0.000337682169629, 0.00048596135457, 0.000316059478791, 4.99546731589e-05, 3.0764946132e-05, 2.38964948949e-05, 3.47087443515e-05, 4.15554604842e-05, 1.6390111341e-05, 7.24228812032e-07],
        "min": [3.62138834475e-08, 6.14261864484e-07, 8.56884162204e-06, 5.84742701903e-06, 8.23646860226e-06, 1.39829853651e-05, 1.89812781173e-05, 2.07445964406e-06, 1.12884927148e-05, 1.28742358356e-05, 3.48898856828e-06, 3.19281389238e-06, 3.0333264931e-06, 4.60370574729e-06, 5.89145565755e-06, 3.21313405038e-06, 3.97949452235e-06, 4.9933282753e-06, 4.07485958931e-06, 1.59663591148e-06, 8.55071959904e-07, 3.34120699108e-07, 3.25491072317e-07, 1.42159947814e-07, 1.31745707677e-07, 4.0205836882e-08, 1.6837055361e-10],
        "stdev": [0.000901806692127, 0.0096495449543, 0.00375649216585, 0.00134062161669, 0.00571285421029, 0.00578511087224, 0.00346849858761, 0.00199521752074, 0.00131554121617, 0.0036122307647, 0.00257117161527, 0.00168044515885, 0.00238773715682, 0.00110138487071, 0.000745671743061, 0.000782943912782, 0.00100381439552, 0.000615344732068, 0.000971604429651, 0.000575064390432, 0.000121241202578, 7.33900888008e-05, 5.7823046518e-05, 8.36532126414e-05, 7.92941937107e-05, 4.68777943752e-05, 2.99309886032e-06]
    },
    "erbbands": {
        "max": [2.27609205246, 12.9253435135, 40.7795448303, 64.0144195557, 48.5739364624, 304.507781982, 361.356445312, 461.03213501, 657.145629883, 425.195556641, 469.644378662, 421.115386963, 865.708007812, 978.571411133, 937.532104492, 902.527099609, 1242.17150879, 723.383728027, 235.940795898, 798.368408203, 553.301330566, 725.862304688, 195.541427612, 479.915435791, 477.862487793, 251.002639771, 51.2599716187, 92.8349914551, 45.3154563904, 40.2435760498, 37.4865379333, 21.7393913269, 18.7403831482, 15.6585178375, 5.29884672165, 1.97542917728, 0.825975656509, 0.127667605877, 0.00332940346561, 0.000146961800056],
        "mean": [0.275974154472, 1.86428165436, 4.35824680328, 3.31086945534, 3.908233881, 12.502612114, 31.3123397827, 35.6827964783, 49.3718070984, 26.1108551025, 28.298789978, 16.6815376282, 45.9949836731, 61.2370147705, 40.3235206604, 38.6095924377, 39.7524375916, 25.3647403717, 16.2921848297, 20.4529743195, 19.447013855, 19.6703281403, 13.6667156219, 23.7725353241, 25.3132019043, 18.7929382324, 3.15866279602, 1.87583172321, 1.17157423496, 0.762067675591, 0.685069382191, 0.64186412096, 0.616309583187, 0.600785493851, 0.223098129034, 0.0866786763072, 0.0268198959529, 0.00405659293756, 0.000112164634629, 4.25304424425e-05],
        "min": [6.99605297996e-05, 0.00166450091638, 0.0235291626304, 0.0583546422422, 0.034200552851, 0.027700509876, 0.0361415408552, 0.150478571653, 0.360989153385, 0.196900323033, 0.203671902418, 0.410719037056, 0.336243182421, 0.554496645927, 0.180499583483, 0.143191069365, 0.236539795995, 0.33281186223, 0.285697847605, 0.318544566631, 0.36569327116, 0.263102084398, 0.30016130209, 0.213376671076, 0.191015869379, 0.0813937559724, 0.0553208738565, 0.0269143097103, 0.0163201987743, 0.00836855731905, 0.00873646140099, 0.00362591235898, 0.00212814146653, 0.00132169434801, 0.000826696748845, 0.000216943357373, 6.48101195111e-05, 5.22316076967e-06, 2.97035808217e-06, 4.61756917502e-06],
        "stdev": [0.344394475222, 1.98822200298, 4.49695444107, 4.23294830322, 4.57923746109, 30.3632087708, 45.5900497437, 51.6918106079, 75.9274749756, 41.2692337036, 50.3084106445, 28.1423740387, 83.7571334839, 116.248313904, 93.7569656372, 79.602355957, 110.464309692, 62.5906715393, 24.5484600067, 53.1072692871, 43.4994163513, 62.548538208, 21.092376709, 46.3341064453, 51.712387085, 35.5037155151, 4.85352563858, 5.82914495468, 2.92763233185, 1.84514427185, 1.63741862774, 1.80311071873, 1.36426961422, 1.20040607452, 0.441929906607, 0.222960308194, 0.0817994177341, 0.0136438775808, 0.000317722733598, 2.04860425583e-05]
    },
    "gfcc": {
        "mean": [-1.74683952332, 121.862922668, -117.953941345, 23.3996391296, -51.4680366516, 7.61026287079, -37.7948913574, 18.1169624329, -29.599275589, 3.89040780067, -2.94131159782, -1.69616115093, -2.60470700264],
        "cov": [[1687.91723633, -766.798828125, 35.8287811279, 210.320022583, 60.3008232117, 215.523757935, 81.2998428345, 254.839645386, -147.205947876, 150.731231689, -10.3875846863, 49.1598777771, -76.6993103027], [-766.798828125, 672.242370605, -93.6832580566, -80.6151657104, 51.8432235718, -126.887840271, 45.0248680115, -117.937210083, 77.5259933472, -84.4708938599, 80.8373413086, -51.8497962952, 88.3717880249], [35.8287811279, -93.6832580566, 688.070739746, 150.212203979, 89.2349243164, 184.56060791, 63.4868545532, 46.5864219666, 89.9542617798, 97.7275314331, -152.987106323, 124.959213257, -23.2451171875], [210.320022583, -80.6151657104, 150.212203979, 301.906066895, 144.074676514, 83.1347503662, 94.3031158447, 124.635665894, 70.6095428467, 39.5661392212, 5.80163621902, 2.66211295128, 32.0894927979], [60.3008232117, 51.8432235718, 89.2349243164, 144.074676514, 235.404174805, 102.672187805, 131.312026978, 105.13394165, 23.8598403931, 45.7510986328, 23.2399787903, -10.4546756744, 12.2318687439], [215.523757935, -126.887840271, 184.56060791, 83.1347503662, 102.672187805, 265.564239502, 136.663711548, 64.2500076294, -23.0465335846, 47.5709838867, -17.4959049225, 22.5261192322, -36.3674545288], [81.2998428345, 45.0248680115, 63.4868545532, 94.3031158447, 131.312026978, 136.663711548, 249.325714111, 63.6230812073, -26.653717041, 44.2038955688, 37.2054481506, 12.4640798569, -11.2378911972], [254.839645386, -117.937210083, 46.5864219666, 124.635665894, 105.13394165, 64.2500076294, 63.6230812073, 242.058563232, -3.65175414085, 33.8255844116, 65.747505188, -40.9283638, 25.6541576385], [-147.205947876, 77.5259933472, 89.9542617798, 70.6095428467, 23.8598403931, -23.0465335846, -26.653717041, -3.65175414085, 165.637374878, 14.3759460449, -67.4377670288, 26.2968883514, 13.6356630325], [150.731231689, -84.4708938599, 97.7275314331, 39.5661392212, 45.7510986328, 47.5709838867, 44.2038955688, 33.8255844116, 14.3759460449, 98.2841262817, 3.40670013428, 24.2790546417, -12.6013879776], [-10.3875846863, 80.8373413086, -152.987106323, 5.80163621902, 23.2399787903, -17.4959049225, 37.2054481506, 65.747505188, -67.4377670288, 3.40670013428, 200.291519165, -66.1831436157, 38.3025932312], [49.1598777771, -51.8497962952, 124.959213257, 2.66211295128, -10.4546756744, 22.5261192322, 12.4640798569, -40.9283638, 26.2968883514, 24.2790546417, -66.1831436157, 106.051177979, -8.49936008453], [-76.6993103027, 88.3717880249, -23.2451171875, 32.0894927979, 12.2318687439, -36.3674545288, -11.2378911972, 25.6541576385, 13.6356630325, -12.6013879776, 38.3025932312, -8.49936008453, 95.1259231567]],
        "icov": [[0.00175746390596, 0.000848699128255, 0.000962069781963, -0.00135084195063, 0.000437911221525, -0.000637736578938, 0.000478516420117, -0.0012711037416, 0.0018152409466, -0.00197747047059, 0.00088546902407, -0.00127827655524, 0.000425673322752], [0.000848699128255, 0.0077143041417, -0.00212857942097, 0.00436024041846, -0.00432534934953, 0.00330840796232, -0.00496703246608, 0.0047842990607, -0.00578021723777, 0.00612476002425, -0.00453946506605, 0.00389831559733, -0.00471328757703], [0.000962069781963, -0.00212857942097, 0.00440711295232, -0.00325853470713, 0.00182926678099, -0.00318609876558, 0.0027075256221, -0.00303458375856, 0.00303706759587, -0.00515473354608, 0.00374246994033, -0.00433905981481, 0.00160146853887], [-0.00135084195063, 0.00436024041846, -0.00325853470713, 0.0108164418489, -0.00530307320878, 0.00266149267554, -0.00488129956648, 0.00285489438102, -0.00829497165978, 0.00675240810961, -0.00433707423508, 0.00431562308222, -0.00501660211012], [0.000437911221525, -0.00432534934953, 0.00182926678099, -0.00530307320878, 0.0113680949435, -0.00333862984553, 0.000394888280425, -0.00489720655605, 0.00360010657459, -0.00624011689797, 0.00364113831893, -0.0014541966375, 0.00229772250168], [-0.000637736578938, 0.00330840796232, -0.00318609876558, 0.00266149267554, -0.00333862984553, 0.00927909649909, -0.00537092844024, 0.00249859085307, -0.002254167106, 0.00410538399592, -0.00220121699385, 0.0030959576834, -0.000565743190236], [0.000478516420117, -0.00496703246608, 0.0027075256221, -0.00488129956648, 0.000394888280425, -0.00537092844024, 0.0115338051692, -0.00381166767329, 0.00637343386188, -0.00623470172286, 0.0023638990242, -0.00569037767127, 0.00439508166164], [-0.0012711037416, 0.0047842990607, -0.00303458375856, 0.00285489438102, -0.00489720655605, 0.00249859085307, -0.00381166767329, 0.011691599153, -0.00566567899659, 0.0054601309821, -0.00563161121681, 0.00663484027609, -0.00479666655883], [0.0018152409466, -0.00578021723777, 0.00303706759587, -0.00829497165978, 0.00360010657459, -0.002254167106, 0.00637343386188, -0.00566567899659, 0.0172043610364, -0.0099045149982, 0.00847708620131, -0.00555610749871, 0.00364202400669], [-0.00197747047059, 0.00612476002425, -0.00515473354608, 0.00675240810961, -0.00624011689797, 0.00410538399592, -0.00623470172286, 0.0054601309821, -0.0099045149982, 0.0235086996108, -0.00866034161299, 0.00264505902305, -0.0024015319068], [0.00088546902407, -0.00453946506605, 0.00374246994033, -0.00433707423508, 0.00364113831893, -0.00220121699385, 0.0023638990242, -0.00563161121681, 0.00847708620131, -0.00866034161299, 0.0135985957459, -0.000192995241378, -5.81520616834e-05], [-0.00127827655524, 0.00389831559733, -0.00433905981481, 0.00431562308222, -0.0014541966375, 0.0030959576834, -0.00569037767127, 0.00663484027609, -0.00555610749871, 0.00264505902305, -0.000192995241378, 0.019588842988, -0.00528451288119], [0.000425673322752, -0.00471328757703, 0.00160146853887, -0.00501660211012, 0.00229772250168, -0.000565743190236, 0.00439508166164, -0.00479666655883, 0.00364202400669, -0.0024015319068, -5.81520616834e-05, -0.00528451288119, 0.0173299890012]]
    },
    "melbands": {
        "max": [0.0185032710433, 0.0162674039602, 0.00898234080523, 0.0107348477468, 0.0101275052875, 0.0111014740542, 0.0086419666186, 0.00435341242701, 0.00402970286086, 0.00306749204174, 0.00423344457522, 0.00401484267786, 0.00397543795407, 0.00225138664246, 0.00328196282499, 0.00131152244285, 0.00125819956884, 0.000510063837282, 0.000757129513659, 0.000805170624517, 0.000516482221428, 0.000977883697487, 0.000579124200158, 0.000325844390318, 0.000448672304628, 0.000604379165452, 0.00027765420964, 0.000167132719071, 5.13962113473e-05, 3.01409654639e-05, 6.68755092192e-05, 2.73326204479e-05, 2.11553215195e-05, 2.25584590225e-05, 2.52009631367e-05, 1.15864104373e-05, 1.45157355291e-05, 1.36735543492e-05, 1.24203679661e-05, 1.33010789796e-05],
        "mean": [0.00242074579, 0.00228146114387, 0.000573215947952, 0.000530733610503, 0.00099825207144, 0.000886427471414, 0.000709012732841, 0.000255420949543, 0.000215770240175, 0.000101929108496, 0.000233116472373, 0.000253964652075, 0.000144085424836, 9.37812801567e-05, 0.000101000267023, 6.36774275335e-05, 4.54911933048e-05, 2.42380610871e-05, 2.42750338657e-05, 2.75445836451e-05, 2.08216479223e-05, 2.18466902879e-05, 1.32872446557e-05, 1.55296420417e-05, 1.84579930647e-05, 2.09948575502e-05, 1.41812679431e-05, 1.11424269562e-05, 1.76290018317e-06, 1.11344138531e-06, 1.09867062292e-06, 7.31498573714e-07, 4.29067853247e-07, 4.16991383645e-07, 4.10131264061e-07, 3.5852698943e-07, 3.85782385592e-07, 3.81803488381e-07, 5.22394884683e-07, 5.04961519709e-07],
        "min": [2.93824257369e-07, 1.19755550259e-05, 9.30318856263e-06, 2.06496724786e-06, 1.22772667055e-06, 3.33790944751e-06, 4.44102306574e-06, 2.84394218397e-06, 5.69078679291e-07, 2.22746007239e-06, 1.43303850564e-06, 1.27556813823e-06, 6.73330191603e-07, 6.58062276671e-07, 2.66093337586e-07, 2.68595641728e-07, 5.3636051689e-07, 4.29789395184e-07, 3.79200344014e-07, 2.11551281382e-07, 3.70297868812e-07, 1.77737618401e-07, 2.29720185985e-07, 2.03373971885e-07, 1.40462589115e-07, 1.25122582517e-07, 6.79260381276e-08, 4.29104360933e-08, 3.13775245786e-08, 2.08271622171e-08, 1.1353141538e-08, 8.49868175834e-09, 2.42279796225e-09, 3.41134431814e-09, 4.32500391057e-09, 2.88150947547e-09, 1.70818847955e-09, 1.64552893533e-09, 1.09708264695e-09, 9.77881442488e-10],
        "stdev": [0.00279880780727, 0.00212242826819, 0.000637186225504, 0.0010911176214, 0.00140978826676, 0.00124183460139, 0.00103397236671, 0.000412793306168, 0.000414168374846, 0.000192094434169, 0.00042492733337, 0.000512189464644, 0.000366839580238, 0.000206516648177, 0.000259886553977, 0.000146583406604, 0.000123226403957, 4.26804981544e-05, 5.82697648497e-05, 6.14237287664e-05, 5.08370394527e-05, 8.21362482384e-05, 3.06936817651e-05, 2.92099612125e-05, 4.02204168495e-05, 4.9953112466e-05, 2.71172011708e-05, 2.19615558308e-05, 3.29437170876e-06, 2.66769006885e-06, 4.00522503696e-06, 1.89801323813e-06, 1.02110925582e-06, 1.06095865249e-06, 9.92624904939e-07, 9.07817081952e-07, 1.16670480566e-06, 9.06694822334e-07, 1.11714757622e-06, 9.98864720714e-07]
    },
    "melbands128": {
        "max": [0.00535045750439, 0.0202894695103, 0.0276558734477, 0.0219518095255, 0.0221881940961, 0.0189095679671, 0.0159471519291, 0.00587747991085, 0.00548232160509, 0.0122117483988, 0.0234314277768, 0.0155725302175, 0.0185085423291, 0.0129703739658, 0.0144560942426, 0.0251152683049, 0.0221588108689, 0.0112115014344, 0.00600319029763, 0.00739635434002, 0.0059348740615, 0.00462957890704, 0.00768099632114, 0.00347759528086, 0.00267637427896, 0.00686704507098, 0.00665692286566, 0.0078115304932, 0.00800292007625, 0.00826961081475, 0.00705992151052, 0.00760684208944, 0.00645849574357, 0.00654539000243, 0.00432840595022, 0.00469202501699, 0.00551019469276, 0.0044334330596, 0.00908501446247, 0.00233609415591, 0.00128400162794, 0.0040303808637, 0.00217715115286, 0.00244048703462, 0.00161239516456, 0.000985463382676, 0.000895339762792, 0.000939806341194, 0.00191253575031, 0.002800851129, 0.000884269771632, 0.0023665681947, 0.00121963350102, 0.000941731384955, 0.00120599963702, 0.00223233061843, 0.00116815813817, 0.00132139702328, 0.000249551958404, 0.000231753743719, 0.000460348819615, 0.000598504557274, 0.00128416565713, 0.00041169844917, 0.000586046779063, 0.00125706545077, 0.000777033099439, 0.000923208310269, 0.000409190979553, 0.000525852257852, 0.000369631015928, 0.000239206419792, 0.000109748805698, 5.33650963916e-05, 2.79710184259e-05, 4.96564607602e-05, 3.45725929947e-05, 5.36311526957e-05, 9.19215308386e-05, 6.31431175862e-05, 3.21116822306e-05, 3.02130047203e-05, 2.93242956104e-05, 1.73005410034e-05, 1.31808956212e-05, 3.21203406202e-05, 2.04470779863e-05, 1.69676532096e-05, 3.15777833748e-05, 2.83711287921e-05, 1.49095531015e-05, 1.37578263093e-05, 2.42452242674e-05, 1.92523875739e-05, 1.1277138583e-05, 1.56124751811e-05, 2.18599398067e-05, 1.44704890772e-05, 1.48296203406e-05, 1.75301884155e-05, 2.1768919396e-05, 1.98523830477e-05, 8.71934116731e-06, 1.69757131516e-05, 9.06876812223e-06, 4.44006491307e-06, 6.96764936947e-06, 9.08531455934e-06, 4.79861273561e-06, 3.96621271648e-06, 3.23097424371e-06, 4.05559103456e-06, 2.82099563265e-06, 2.58228237726e-06, 2.14089436668e-06, 1.40816439398e-06, 1.72915633811e-06, 3.46812925045e-07, 8.2432315196e-08, 5.38380859894e-08, 6.06865881991e-08, 7.07767489061e-09, 2.19376996569e-08, 2.26639218504e-09, 2.22833707042e-09, 2.20071894041e-09, 2.18106133154e-09, 2.17071161046e-09],
        "mean": [0.000527262280229, 0.00229608081281, 0.00294041703455, 0.00318919681013, 0.00271881278604, 0.00126656517386, 0.00068397767609, 0.000386473344406, 0.000365047482774, 0.000407514540711, 0.000700821809005, 0.00102514214814, 0.00134424143471, 0.000638568249997, 0.000444919802248, 0.00141339201946, 0.00121998810209, 0.000426295562647, 0.000273904151982, 0.000345311156707, 0.000160428797244, 0.000219988636672, 0.000307719281409, 9.46260988712e-05, 7.91525526438e-05, 8.11145073385e-05, 0.000191521845409, 0.000300421437714, 0.000156547277584, 0.000403064244892, 0.000200180642423, 0.00014307256788, 0.000198029665626, 0.00010518104682, 4.39582836407e-05, 0.000131418491947, 0.000113041438453, 3.81463760277e-05, 0.000179062830284, 7.48836173443e-05, 2.09410845855e-05, 6.46043408778e-05, 5.29509488842e-05, 3.55346201104e-05, 1.82628136827e-05, 2.47542338911e-05, 2.99924104183e-05, 1.4949629076e-05, 2.63386555162e-05, 3.63944964192e-05, 2.26104803005e-05, 2.56471030298e-05, 2.5284349249e-05, 1.62747437571e-05, 1.70222647284e-05, 2.98476716125e-05, 1.55974885274e-05, 1.86281013157e-05, 1.15332113637e-05, 5.22629443367e-06, 1.21409548228e-05, 2.19835328608e-05, 3.54434450855e-05, 9.13840995054e-06, 7.40321502235e-06, 2.91093438136e-05, 2.31602880376e-05, 1.2080162378e-05, 7.08240531822e-06, 2.68351559498e-05, 1.23665058709e-05, 3.94823837269e-06, 1.90107380149e-06, 1.56323483225e-06, 1.10930659503e-06, 1.37354106755e-06, 8.97779500519e-07, 9.80455297395e-07, 1.23719303247e-06, 1.11117992674e-06, 8.11343795704e-07, 5.76344348246e-07, 4.8903723382e-07, 4.03152029094e-07, 3.64319419077e-07, 4.5932699777e-07, 3.99392774852e-07, 4.2198021788e-07, 4.53718200788e-07, 3.58715453785e-07, 3.40530789344e-07, 2.99724234765e-07, 4.9344390618e-07, 4.35433094026e-07, 2.82625961745e-07, 2.99558308825e-07, 4.48999628588e-07, 4.13256969978e-07, 5.66944152069e-07, 5.02139641867e-07, 6.20423747932e-07, 5.16448096732e-07, 3.78869827955e-07, 3.135287443e-07, 2.39664672108e-07, 1.70682554312e-07, 1.55321330908e-07, 1.64066804587e-07, 1.60166067076e-07, 1.35208864549e-07, 1.1113996834e-07, 9.71394200633e-08, 7.93258934095e-08, 6.79660203673e-08, 6.3022000063e-08, 4.13524396947e-08, 2.69785331852e-08, 4.66595695414e-09, 2.02212760425e-10, 1.52502843687e-10, 1.20253237923e-10, 5.57270167512e-11, 2.69182280632e-11, 8.31933827383e-12, 7.90158737052e-12, 7.46297641741e-12, 7.2155783952e-12, 7.15039182378e-12],
        "min": [8.28593549329e-09, 3.34608536434e-08, 6.45162785418e-08, 2.12244060549e-07, 7.8085952282e-07, 4.68097641715e-06, 8.63459081302e-06, 3.79533594241e-06, 1.30000034915e-06, 8.10861820355e-07, 4.99047928315e-07, 4.50454990641e-07, 9.12583573154e-07, 3.32440436068e-07, 1.5125713162e-06, 1.26778104459e-06, 2.32291154134e-06, 9.03479758563e-07, 9.37795334721e-07, 2.76996615867e-07, 2.85512498976e-07, 3.69122858501e-07, 2.92295823101e-07, 3.52414730287e-07, 1.26007080326e-07, 2.85656255983e-07, 3.01479531117e-07, 4.44280033207e-07, 6.2054607497e-07, 4.2854250637e-07, 3.28030267838e-07, 2.78944185084e-07, 6.57442811303e-08, 2.24987417141e-07, 6.27873220083e-08, 1.03534134155e-07, 3.25133342471e-08, 1.1344140205e-07, 6.99323408071e-08, 1.24484600406e-07, 1.30096580619e-07, 2.27163752697e-07, 1.72442213398e-07, 1.7405419328e-07, 3.29943574684e-08, 2.10516844845e-07, 2.52612409213e-07, 9.0156866861e-08, 1.04316292493e-07, 6.07047212497e-08, 7.47410382473e-08, 5.19789189468e-08, 1.78384752303e-07, 7.64197167769e-08, 7.78086288733e-08, 4.69964760441e-08, 8.26092900752e-08, 1.26386424881e-07, 3.12931227597e-08, 3.48121247384e-08, 5.93872613308e-08, 8.44756584684e-08, 8.20933152568e-08, 5.96216764848e-08, 5.49555245755e-08, 4.01896613766e-08, 3.57395428807e-08, 1.74089738181e-08, 1.28408723654e-08, 2.25814407173e-08, 1.89075581858e-08, 9.72781588615e-09, 1.85783015638e-08, 1.15964500225e-08, 1.24161934068e-08, 8.54434389908e-09, 6.55678400463e-09, 5.73992808839e-09, 6.25781382269e-09, 8.17774647999e-09, 5.80491255064e-09, 4.16260936831e-09, 1.07681663586e-09, 1.43214529125e-09, 2.27920016194e-09, 2.57764587452e-09, 1.7396344365e-09, 2.96340041395e-09, 3.2043059317e-09, 1.88516691146e-09, 2.03230055007e-09, 1.05623754187e-09, 1.44756207021e-09, 7.27574667181e-10, 1.20477106069e-09, 5.53097068146e-10, 1.67408711893e-10, 1.04820596647e-09, 9.0105722883e-10, 6.03148031519e-10, 1.03915842598e-09, 1.15135034839e-09, 5.3483967255e-10, 7.30369209556e-10, 4.44191239346e-10, 2.37868447162e-10, 1.94431123979e-10, 2.05094857764e-10, 7.06182196053e-11, 6.6107792851e-11, 5.36804559137e-11, 4.39926463314e-11, 8.83544140629e-11, 2.46740301801e-11, 2.23379752196e-11, 8.97493884766e-12, 1.98503258102e-12, 3.71598829181e-13, 3.93493614428e-13, 4.01166892674e-13, 3.74669560784e-13, 3.09638030277e-13, 3.62563034066e-13, 3.92392986593e-13, 2.9258699955e-13, 1.00645017223e-13, 1.60201069261e-14, 5.23765999308e-16],
        "stdev": [0.000827312294859, 0.003099498339, 0.00376497535035, 0.0033120661974, 0.00276716751978, 0.00156653753947, 0.00101854826789, 0.000523241702467, 0.000476843270008, 0.000905023654923, 0.00234177452512, 0.00178927043453, 0.00228234985843, 0.00105479848571, 0.000952897185925, 0.00262806378305, 0.00239597377367, 0.000814559985884, 0.000502392358612, 0.000724668439943, 0.000431281456258, 0.000428373576142, 0.000733823922928, 0.000264492147835, 0.000214498009882, 0.000316233432386, 0.000418674579123, 0.000762605457567, 0.000405749538913, 0.000999935902655, 0.00053815706633, 0.000485275755636, 0.000590056239162, 0.000481589551782, 0.000173657288542, 0.000369222776499, 0.000322765787132, 0.000167597274412, 0.000686071522068, 0.000222120375838, 6.30196154816e-05, 0.000253242644249, 0.000179132272024, 0.000140957519761, 7.5355914305e-05, 6.01680367254e-05, 6.20829450781e-05, 4.77866196888e-05, 0.000117116520414, 0.000149905201397, 6.00309103902e-05, 0.000109561478894, 9.59935496212e-05, 5.62567329325e-05, 4.57270980405e-05, 0.000182957985089, 6.07100082561e-05, 6.84544429532e-05, 2.35928437178e-05, 1.20994081954e-05, 3.68557193724e-05, 5.2485280321e-05, 0.000105508675915, 2.62533994828e-05, 2.90091793431e-05, 9.90240441752e-05, 5.32966405444e-05, 5.73370489292e-05, 2.20827241719e-05, 6.59251672914e-05, 3.35873482982e-05, 1.53557193698e-05, 4.77562571177e-06, 3.58941133527e-06, 2.52375798482e-06, 3.70685984308e-06, 2.42463443101e-06, 3.44056093127e-06, 5.29806993654e-06, 3.93955451727e-06, 2.13803195948e-06, 1.56122268891e-06, 1.27830969632e-06, 1.05329309008e-06, 7.90754540958e-07, 1.36633207148e-06, 1.14387273698e-06, 1.05240246739e-06, 1.16874412015e-06, 1.04953494429e-06, 8.66578147907e-07, 8.18974115191e-07, 1.58045622811e-06, 1.50666153331e-06, 8.51070126373e-07, 8.91188562946e-07, 1.2226940953e-06, 9.62896251622e-07, 1.34163713028e-06, 1.22403514524e-06, 1.45047738442e-06, 1.08238248231e-06, 6.84847520915e-07, 7.69655741806e-07, 6.16171973888e-07, 4.02253192533e-07, 4.03856716957e-07, 4.78868059872e-07, 4.71945497793e-07, 3.92009155803e-07, 3.2354134305e-07, 3.34550918524e-07, 2.59874667563e-07, 2.1983919396e-07, 2.12599204019e-07, 1.42093313116e-07, 1.10646595886e-07, 2.22622276169e-08, 2.4126241005e-09, 1.74470515812e-09, 1.63744307002e-09, 4.30825347619e-10, 4.94501661841e-10, 5.90976989567e-11, 5.80092363034e-11, 5.73288083672e-11, 5.68656892408e-11, 5.65801780428e-11]
    },
    "mfcc": {
        "mean": [-647.621459961, 153.61289978, -5.29354095459, 21.5227241516, 9.44987392426, -10.4470701218, 10.6760892868, -0.414607554674, -4.78989124298, 1.72461926937, -1.50805222988, -2.96001625061, 6.42475032806],
        "cov": [[1657.39758301, -734.643615723, -92.5084228516, 34.480381012, 40.1103057861, -62.0228042603, 213.424682617, 52.9988937378, -15.1180620193, 129.328216553, 33.0778808594, 2.66496276855, 63.6102294922], [-734.643615723, 622.297973633, -90.3629150391, -16.9506149292, -52.907459259, 11.9518737793, -73.2291717529, -41.0733909607, -29.3205757141, -66.0818557739, -9.60243320465, -27.3724956512, -30.5323753357], [-92.5084228516, -90.3629150391, 466.172271729, 36.7210388184, 58.3621292114, 152.437683105, -41.5551300049, 52.7471313477, 110.037620544, -13.5534648895, 42.0187225342, 24.7050285339, -38.2134094238], [34.480381012, -16.9506149292, 36.7210388184, 245.636123657, 81.5280990601, 24.2774238586, 47.4505157471, 49.482673645, 82.9504928589, 58.4846458435, 26.9068889618, 34.8674316406, 29.805316925], [40.1103057861, -52.907459259, 58.3621292114, 81.5280990601, 195.104873657, -38.9316825867, 52.314907074, 32.2414970398, 52.3745536804, 75.9673461914, 8.31512546539, 20.3950386047, 47.3973655701], [-62.0228042603, 11.9518737793, 152.437683105, 24.2774238586, -38.9316825867, 329.155517578, -31.8776779175, 71.6151199341, 79.0907363892, -8.1635427475, 41.0394363403, 7.62693786621, -66.3427352905], [213.424682617, -73.2291717529, -41.5551300049, 47.4505157471, 52.314907074, -31.8776779175, 383.913604736, 68.9471817017, -40.0876274109, 128.547241211, 61.9496231079, -5.08568191528, 68.2111968994], [52.9988937378, -41.0733909607, 52.7471313477, 49.482673645, 32.2414970398, 71.6151199341, 68.9471817017, 131.937652588, 58.764503479, 46.215637207, 28.2479724884, 11.9062242508, -1.11754071712], [-15.1180620193, -29.3205757141, 110.037620544, 82.9504928589, 52.3745536804, 79.0907363892, -40.0876274109, 58.764503479, 160.372833252, 26.7961711884, 16.2956123352, 24.23462677, -9.9444770813], [129.328216553, -66.0818557739, -13.5534648895, 58.4846458435, 75.9673461914, -8.1635427475, 128.547241211, 46.215637207, 26.7961711884, 142.757949829, 35.9606666565, 7.28646373749, 39.6481971741], [33.0778808594, -9.60243320465, 42.0187225342, 26.9068889618, 8.31512546539, 41.0394363403, 61.9496231079, 28.2479724884, 16.2956123352, 35.9606666565, 94.84425354, 22.2116966248, 2.09839034081], [2.66496276855, -27.3724956512, 24.7050285339, 34.8674316406, 20.3950386047, 7.62693786621, -5.08568191528, 11.9062242508, 24.23462677, 7.28646373749, 22.2116966248, 71.4071426392, 17.2315940857], [63.6102294922, -30.5323753357, -38.2134094238, 29.805316925, 47.3973655701, -66.3427352905, 68.2111968994, -1.11754071712, -9.9444770813, 39.6481971741, 2.09839034081, 17.2315940857, 96.8872299194]],
        "icov": [[0.0015285249101, 0.00188272527885, 0.000658733479213, -0.000177493624506, 0.000144737001392, -5.00257119711e-05, -0.000293134944513, -6.90750084686e-07, -5.12795213581e-06, -8.08404947747e-05, -0.000502300215885, 0.000648942834232, -6.64879844408e-05], [0.00188272527885, 0.00414541270584, 0.00130102899857, -0.000467977049993, 6.11184004811e-05, -0.000297133985441, -0.000197666449822, 0.000274219462881, 3.18783131661e-05, 0.000751196348574, -0.00115378818009, 0.00150132062845, 9.01876774151e-05], [0.000658733479213, 0.00130102899857, 0.00359388068318, 0.000252402503975, -0.00148844637442, -0.00113527395297, -0.000228831675486, 8.99652732187e-05, -0.00146297411993, 0.00160454271827, -0.00144855899271, 0.000259047199506, 0.000608786125667], [-0.000177493624506, -0.000467977049993, 0.000252402503975, 0.00592364277691, -0.00129806075711, -0.00019525247626, -0.000458512018668, -0.000253262667684, -0.00254179118201, -0.000480007496662, -0.00019342599262, -0.00160907104146, -0.000706572376657], [0.000144737001392, 6.11184004811e-05, -0.00148844637442, -0.00129806075711, 0.00877743586898, 0.00158933899365, 0.000277655984974, -0.000458078604424, -0.00124320760369, -0.00387081271037, 0.00132461218163, -0.000488783465698, -0.00215525715612], [-5.00257119711e-05, -0.000297133985441, -0.00113527395297, -0.00019525247626, 0.00158933899365, 0.00501520279795, 0.000211724487599, -0.00189465505537, -0.0011196640553, -0.000365175947081, -0.00104202528019, -4.86183016619e-05, 0.00210293661803], [-0.000293134944513, -0.000197666449822, -0.000228831675486, -0.000458512018668, 0.000277655984974, 0.000211724487599, 0.00528591545299, -0.00241820351221, 0.00273429532535, -0.00323379924521, -0.00207906705327, 0.00148957537021, -0.00217512319796], [-6.90750084686e-07, 0.000274219462881, 8.99652732187e-05, -0.000253262667684, -0.000458078604424, -0.00189465505537, -0.00241820351221, 0.0121025135741, -0.00350384553894, -0.000986992381513, -3.83890073863e-06, -0.000640249403659, 0.00112729845569], [-5.12795213581e-06, 3.18783131661e-05, -0.00146297411993, -0.00254179118201, -0.00124320760369, -0.0011196640553, 0.00273429532535, -0.00350384553894, 0.0120008708909, -0.00217102561146, 0.000211565857171, -0.000997366150841, 0.00038738863077], [-8.08404947747e-05, 0.000751196348574, 0.00160454271827, -0.000480007496662, -0.00387081271037, -0.000365175947081, -0.00323379924521, -0.000986992381513, -0.00217102561146, 0.0145286675543, -0.003043577075, 0.00158932129852, -0.00140583363827], [-0.000502300215885, -0.00115378818009, -0.00144855899271, -0.00019342599262, 0.00132461218163, -0.00104202528019, -0.00207906705327, -3.83890073863e-06, 0.000211565857171, -0.003043577075, 0.0152715481818, -0.00509142037481, 0.00139848759864], [0.000648942834232, 0.00150132062845, 0.000259047199506, -0.00160907104146, -0.000488783465698, -4.86183016619e-05, 0.00148957537021, -0.000640249403659, -0.000997366150841, 0.00158932129852, -0.00509142037481, 0.0183620601892, -0.00411424739286], [-6.64879844408e-05, 9.01876774151e-05, 0.000608786125667, -0.000706572376657, -0.00215525715612, 0.00210293661803, -0.00217512319796, 0.00112729845569, 0.00038738863077, -0.00140583363827, 0.00139848759864, -0.00411424739286, 0.016205990687]]
    },
    "spectral_contrast_coeffs": {
        "max": [-0.453134208918, -0.355014324188, -0.467844009399, -0.574345231056, -0.528560876846, -0.671258091927],
        "mean": [-0.703813016415, -0.696779310703, -0.723624527454, -0.776926636696, -0.74947988987, -0.795227706432],
        "min": [-0.889673054218, -0.952223777771, -0.895865738392, -0.904773712158, -0.877429366112, -0.876101851463],
        "stdev": [0.0690003558993, 0.0791118964553, 0.072439044714, 0.0595143772662, 0.0681358575821, 0.0332395993173]
    },
    "spectral_contrast_valleys": {
        "max": [-5.06612539291, -5.12031412125, -5.57233190536, -5.86524200439, -6.07448768616, -8.37793064117],
        "mean": [-6.4340338707, -6.64761972427, -7.25904369354, -7.68389844894, -7.9422326088, -10.6862421036],
        "min": [-8.86499118805, -8.21891212463, -9.10282611847, -8.95217227936, -9.2494802475, -12.6332187653],
        "stdev": [0.57592946291, 0.445988118649, 0.477166116238, 0.449842572212, 0.497094750404, 0.718272507191]
    }
},
"rhythm": {
    "beats_count": 110,
    "beats_loudness": {
        "max": 0.0854794606566,
        "mean": 0.0370147004724,
        "min": 0.0118264714256,
        "stdev": 0.0142380651087
    },
    "bpm": 135.906738281,
    "bpm_histogram_first_peak_bpm": 136,
    "bpm_histogram_first_peak_weight": 0.0642201900482,
    "bpm_histogram_second_peak_bpm": 0,
    "bpm_histogram_second_peak_spread": 0,
    "bpm_histogram_second_peak_weight": 0,
    "danceability": 1.02273380756,
    "onset_rate": 3.52734375,
    "beats_loudness_band_ratio": {
        "max": [0.902318179607, 0.901194453239, 0.718158900738, 0.680009424686, 0.37927031517, 0.203458443284],
        "mean": [0.362025022507, 0.276287376881, 0.19921015203, 0.151979371905, 0.0558336377144, 0.0331362076104],
        "min": [0.00943209975958, 0.0145978396758, 0.0132942153141, 0.00617523025721, 0.00493149878457, 0.000938937650062],
        "stdev": [0.248331561685, 0.224223792553, 0.149745181203, 0.147551596165, 0.0649404153228, 0.0347021594644]
    },
