{
"metadata": {
    "version": {
        "essentia": "2.1-beta5",
        "essentia_git_sha": "Undefined",
        "extractor": "music 2.0"
    },
    "audio_properties": {
        "analysis": {
            "equal_loudness": 0,
            "length": 12.7477550507,
            "sample_rate": 44100,
            "start_time": 0,
            "downmix": "mix"
        },
        "bit_rate": 192000,
        "length": 195.651351929,
        "lossless": 0,
        "number_channels": 2,
        "replay_gain": 5.33844566345,
        "sample_rate": 48000,
        "codec": "mp3",
        "md5_encoded": "52955134ae4d78a1b90225dab04e60d5"
    },
    "tags": {
        "file_name": "Hungary_Forogj Világ_NOX.mp3",
        "encoding": ["Lavf58.29.100"]
    }
},
"lowlevel": {
    "average_loudness": 0.77089369297,
    "barkbands_crest": {
        "max": 18.1923103333,
        "mean": 7.74714326859,
        "min": 2.44987416267,
        "stdev": 3.06995868683
    },
    "barkbands_flatness_db": {
        "max": 0.27768266201,
        "mean": 0.166452929378,
        "min": 0.0474215112627,
        "stdev": 0.0421246029437
    },
    "barkbands_kurtosis": {
        "max": 22.0505638123,
        "mean": 2.17674517632,
        "min": -1.51563751698,
        "stdev": 3.61251068115
    },
    "barkbands_skewness": {
        "max": 4.21089982986,
        "mean": 0.946480929852,
        "min": -1.83893311024,
        "stdev": 1.01661431789
    },
    "barkbands_spread": {
        "max": 81.6340789795,
        "mean": 14.797246933,
        "min": 2.93867135048,
        "stdev": 9.70019721985
    },
    "dissonance": {
        "max": 0.499991506338,
        "mean": 0.483826845884,
        "min": 0.382043480873,
        "stdev": 0.0172770656645
    },
    "dynamic_complexity": 3.76463937759,
    "erbbands_crest": {
        "max": 21.5324707031,
        "mean": 8.62603855133,
        "min": 2.53549861908,
        "stdev": 3.55584979057
    },
    "erbbands_flatness_db": {
        "max": 0.338957935572,
        "mean": 0.234205707908,
        "min": 0.0913620144129,
        "stdev": 0.0481475703418
    },
    "erbbands_kurtosis": {
        "max": 11.7628736496,
        "mean": 1.45959293842,
        "min": -1.35363578796,
        "stdev": 2.27745246887
    },
    "erbbands_skewness": {
        "max": 3.03754615784,
        "mean": 0.734512746334,
        "min": -1.29454112053,
        "stdev": 0.829006671906
    },
    "erbbands_spread": {
        "max": 103.423210144,
        "mean": 21.4923286438,
        "min": 6.24821853638,
        "stdev": 13.5806722641
    },
    "hfc": {
        "max": 214.745223999,
        "mean": 26.2647838593,
        "min": 1.16762922679e-16,
        "stdev": 21.0049591064
    },
    "loudness_ebu128": {
        "integrated": -27.6038970947,
        "loudness_range": 6.21343040466,
        "momentary": {
            "max": -23.633852005,
            "mean": -29.2238292694,
            "min": -40.0614242554,
            "stdev": 3.95987582207
        },
        "short_term": {
            "max": -24.4678478241,
            "mean": -27.8478565216,
            "min": -31.2321414948,
            "stdev": 2.28727841377
        }
    },
    "melbands_crest": {
        "max": 22.7864151001,
        "mean": 9.86861610413,
        "min": 1.91244578362,
        "stdev": 4.11368894577
    },
    "melbands_flatness_db": {
        "max": 0.26761290431,
        "mean": 0.129989281297,
        "min": 0.00742605468258,
        "stdev": 0.0479968003929
    },
    "melbands_kurtosis": {
        "max": 68.1139297485,
        "mean": 5.63929700851,
        "min": -1.40000844002,
        "stdev": 8.04176425934
    },
    "melbands_skewness": {
        "max": 6.58283519745,
        "mean": 1.46485638618,
        "min": -1.26240003109,
        "stdev": 1.14102482796
    },
    "melbands_spread": {
        "max": 186.494842529,
        "mean": 25.0150146484,
        "min": 4.1475610733,
        "stdev": 16.5896530151
    },
    "pitch_salience": {
        "max": 0.912929713726,
        "mean": 0.722112357616,
        "min": 0.383975803852,
        "stdev": 0.0755619034171
    },
    "silence_rate_20dB": {
        "max": 1,
        "mean": 1,
        "min": 1,
        "stdev": 0
    },
    "silence_rate_30dB": {
        "max": 1,
        "mean": 1,
        "min": 1,
        "stdev": 0
    },
    "silence_rate_60dB": {
        "max": 1,
        "mean": 0.105454541743,
        "min": 0,
        "stdev": 0.307137191296
    },
    "spectral_centroid": {
        "max": 11630.6806641,
        "mean": 1822.69067383,
        "min": 461.482421875,
        "stdev": 685.81237793
    },
    "spectral_complexity": {
        "max": 54,
        "mean": 26.1654548645,
        "min": 0,
        "stdev": 9.93139839172
    },
    "spectral_decrease": {
        "max": -1.02703042994e-28,
        "mean": -4.81953810194e-09,
        "min": -2.12367545771e-08,
        "stdev": 4.47136905279e-09
    },
    "spectral_energy": {
        "max": 0.0881587043405,
        "mean": 0.0205723885447,
        "min": 1.09783596691e-20,
        "stdev": 0.0184829905629
    },
    "spectral_energyband_high": {
        "max": 0.0208432320505,
        "mean": 0.000743128068279,
        "min": 8.22263815449e-21,
        "stdev": 0.00138534500729
    },
    "spectral_energyband_low": {
        "max": 0.0574807710946,
        "mean": 0.000972154259216,
        "min": 3.46897323222e-23,
        "stdev": 0.00562137225643
    },
    "spectral_energyband_middle_high": {
        "max": 0.051757838577,
        "mean": 0.0120328888297,
        "min": 1.53643558221e-21,
        "stdev": 0.0107242502272
    },
    "spectral_energyband_middle_low": {
        "max": 0.0648973807693,
        "mean": 0.00767445657402,
        "min": 2.4182093074e-22,
        "stdev": 0.00927887670696
    },
    "spectral_entropy": {
        "max": 9.7904214859,
        "mean": 7.8551440239,
        "min": 7.19111776352,
        "stdev": 0.246070325375
    },
    "spectral_flux": {
        "max": 0.234101355076,
        "mean": 0.0780470222235,
        "min": 1.0477766571e-10,
        "stdev": 0.0384627617896
    },
    "spectral_kurtosis": {
        "max": 10.2189569473,
        "mean": 3.87677812576,
        "min": -1.21960198879,
        "stdev": 1.67114245892
    },
    "spectral_rms": {
        "max": 0.00927407667041,
        "mean": 0.00403058715165,
        "min": 3.27270458997e-12,
        "stdev": 0.00195575132966
    },
    "spectral_rolloff": {
        "max": 18583.1542969,
        "mean": 2278.80249023,
        "min": 215.33203125,
        "stdev": 1458.99633789
    },
    "spectral_skewness": {
        "max": 2.55660700798,
        "mean": 1.52052724361,
        "min": -0.0222328547388,
        "stdev": 0.256597518921
    },
    "spectral_spread": {
        "max": 41060000,
        "mean": 3966681.25,
        "min": 2311789,
        "stdev": 2117974.75
    },
    "spectral_strongpeak": {
        "max": 4.94544029236,
        "mean": 1.38057506084,
        "min": 0,
        "stdev": 0.973492860794
    },
    "zerocrossingrate": {
        "max": 0.79638671875,
        "mean": 0.0878426879644,
        "min": 0.02734375,
        "stdev": 0.0520860031247
    },
    "barkbands": {
        "max": [0.000328831170918, 0.0322405807674, 0.0364595502615, 0.010147347115, 0.0201421622187, 0.00698476703838, 0.00817583408207, 0.00456594396383, 0.0400679707527, 0.0421548523009, 0.0231797937304, 0.0043339105323, 0.00525607261807, 0.00820732396096, 0.00599939422682, 0.00524800131097, 0.0102619193494, 0.00528617296368, 0.00339413736947, 0.00280130351894, 0.00296857138164, 0.00330492574722, 0.00431725010276, 0.00608550105244, 0.0031316105742, 2.88040464511e-05, 2.48201286013e-06],
        "mean": [6.32517185295e-06, 0.000379764911486, 0.00051420298405, 0.000159365867148, 0.000488689343911, 0.00022719129629, 0.000299203500617, 0.000433940673247, 0.0043529975228, 0.00458936672658, 0.00261300662532, 0.000736254209187, 0.000895925448276, 0.00111112149898, 0.000741842784919, 0.000602995220106, 0.000764105410781, 0.000507174408995, 0.000306700152578, 0.000187293975614, 0.000157874615979, 0.000158933282364, 0.00013066775864, 0.000126121958601, 8.11498175608e-05, 1.52434665779e-07, 5.85610404613e-09],
        "min": [5.46421308739e-24, 8.14938516823e-24, 1.93726425843e-23, 1.47454132839e-23, 6.88266372329e-23, 1.65851205342e-23, 4.20920780461e-23, 4.1327223756e-23, 4.0352418869e-23, 3.73242342894e-23, 4.04102045081e-23, 7.27678999114e-23, 1.22705168105e-22, 9.84894922761e-23, 1.6212789231e-22, 1.81961420567e-22, 1.36512871898e-22, 3.68296134531e-22, 2.01891114124e-22, 3.23557649029e-22, 6.5094903584e-22, 5.87043426529e-22, 9.30658160685e-22, 1.12426901209e-21, 1.32753380442e-21, 1.52386944451e-21, 2.05845813944e-21],
        "stdev": [3.15723737003e-05, 0.00234622508287, 0.00317352591082, 0.000814110273495, 0.00204190122895, 0.000435802852735, 0.000719937612303, 0.000523988564964, 0.00639763614163, 0.00648530200124, 0.00374235375784, 0.000687372521497, 0.000815105100628, 0.00126042007469, 0.000664187478833, 0.000552362122107, 0.000978609430604, 0.000535826315172, 0.000361396494554, 0.000197697052499, 0.000200075781322, 0.000217737018829, 0.000297565333312, 0.00043111044215, 0.000280856154859, 1.49989853071e-06, 1.05687540497e-07]
    },
    "erbbands": {
        "max": [0.474418610334, 9.30113697052, 44.7006187439, 28.4837284088, 76.0650863647, 69.1325912476, 37.8550071716, 68.4276809692, 60.3903694153, 110.53692627, 203.128677368, 883.357849121, 1555.91577148, 1235.91894531, 524.462280273, 172.488861084, 218.908065796, 387.005523682, 260.396148682, 354.876708984, 309.592468262, 565.770263672, 283.826324463, 211.180160522, 160.48336792, 138.027618408, 104.516433716, 126.32950592, 106.852111816, 132.305984497, 123.911552429, 126.220169067, 81.5072555542, 47.9204139709, 23.2880973816, 2.35920000076, 0.0530996285379, 0.00287549942732, 0.000358932738891, 0.000202633716981],
        "mean": [0.00616509793326, 0.108696825802, 0.617675065994, 0.469510316849, 1.21789991856, 1.69956958294, 1.18832921982, 2.24909305573, 3.54166889191, 5.31998348236, 20.8086528778, 93.2429580688, 151.508789062, 135.662918091, 69.4143066406, 31.1910514832, 40.7678985596, 53.7391662598, 46.4508705139, 36.1442108154, 35.1302261353, 42.429397583, 30.3518924713, 19.8530845642, 13.066204071, 8.85028362274, 6.6638417244, 6.1933259964, 5.66382026672, 4.8390750885, 3.54615068436, 2.80719995499, 1.91523194313, 1.12130689621, 0.458409160376, 0.0292215626687, 0.000803350238129, 6.48867498967e-05, 2.16964526771e-05, 2.79149862763e-05],
        "min": [6.04770456356e-22, 5.83041364763e-22, 1.19211969333e-20, 3.78853987363e-20, 1.41197093925e-19, 2.87474757021e-19, 1.80907553591e-19, 9.66780782606e-20, 3.66767747703e-19, 1.13365754355e-18, 5.90599771231e-19, 8.40047717174e-19, 1.52747864678e-18, 7.33686042277e-19, 2.52899077875e-18, 2.81401922666e-18, 5.85392410781e-18, 6.25449707279e-18, 6.70146825269e-18, 9.0702678544e-18, 1.00710761591e-17, 8.25363131311e-18, 1.68196821261e-17, 1.23297639592e-17, 1.23079131561e-17, 1.46051244117e-17, 2.91164663943e-17, 2.00127763072e-17, 1.70396195248e-17, 2.44929188537e-17, 2.84115265327e-17, 2.02013635607e-17, 2.20904786437e-17, 1.42072836243e-17, 1.01714487361e-17, 4.07505441613e-18, 3.07789852746e-18, 1.4331268072e-18, 2.55318162407e-19, 3.14899775134e-20],
        "stdev": [0.0356571264565, 0.6761931777, 3.82342076302, 2.40659832954, 5.70714235306, 6.90556764603, 2.79201030731, 4.54514074326, 6.27524280548, 9.45403671265, 26.3291816711, 137.165008545, 224.081359863, 197.570083618, 85.5668563843, 26.2987270355, 35.3169136047, 59.6781082153, 42.5861091614, 31.6378879547, 33.9790267944, 54.4406814575, 32.249332428, 22.232175827, 14.1632909775, 9.44272994995, 8.2355966568, 7.7820482254, 7.08744049072, 9.23343753815, 8.42081546783, 9.25429725647, 6.27321767807, 3.89779567719, 1.6529468298, 0.132170215249, 0.00320682139136, 0.000214326821151, 3.54630537913e-05, 2.49684781011e-05]
    },
    "gfcc": {
        "mean": [-37.207157135, 49.3252983093, -210.008544922, 3.89263367653, -99.336807251, 17.1860694885, -48.4304580688, 4.76778507233, -25.3134040833, -19.0847873688, -15.9655056, -17.0648880005, 1.67954528332],
        "cov": [[7494.19384766, 172.248168945, -830.739196777, -67.2433776855, -492.23526001, 186.346160889, -171.696990967, 100.021133423, -39.3605880737, -183.972824097, -155.851013184, -100.104194641, 27.987165451], [172.248168945, 618.242797852, 310.800384521, 73.8436965942, 23.2044239044, 59.635345459, 72.4243392944, -58.0722923279, -33.0958404541, -0.278424322605, 54.2582817078, -46.4635620117, -8.50213432312], [-830.739196777, 310.800384521, 1226.10241699, 541.307495117, 333.343353271, 226.636123657, -48.2200241089, 78.4927139282, -66.3859329224, 166.05128479, 75.5313720703, 92.5008621216, -54.8813591003], [-67.2433776855, 73.8436965942, 541.307495117, 494.350189209, 242.544876099, 92.1101226807, -136.903564453, 63.9161605835, -53.1586914062, 98.095375061, 47.202167511, 67.4279403687, -36.9713439941], [-492.23526001, 23.2044239044, 333.343353271, 242.544876099, 221.859970093, 55.0877876282, -43.2333450317, 49.332195282, -16.8608970642, 58.7551383972, 25.3272190094, 38.47423172, -16.9735107422], [186.346160889, 59.635345459, 226.636123657, 92.1101226807, 55.0877876282, 130.99961853, 20.0098400116, 24.5488910675, -4.42899703979, 21.1235389709, 1.60138213634, 11.8597278595, -6.05225419998], [-171.696990967, 72.4243392944, -48.2200241089, -136.903564453, -43.2333450317, 20.0098400116, 150.309371948, -3.73009610176, 23.1939105988, -38.512008667, 0.979010999203, -34.5091590881, 12.4599103928], [100.021133423, -58.0722923279, 78.4927139282, 63.9161605835, 49.332195282, 24.5488910675, -3.73009610176, 77.49168396, 10.7497720718, 20.3726768494, -0.489844083786, 14.0995016098, -4.61050796509], [-39.3605880737, -33.0958404541, -66.3859329224, -53.1586914062, -16.8608970642, -4.42899703979, 23.1939105988, 10.7497720718, 48.6269226074, 3.37659502029, -3.3531730175, -7.67440271378, 3.69773745537], [-183.972824097, -0.278424322605, 166.05128479, 98.095375061, 58.7551383972, 21.1235389709, -38.512008667, 20.3726768494, 3.37659502029, 70.878326416, 25.5769634247, 27.2880077362, -9.84772205353], [-155.851013184, 54.2582817078, 75.5313720703, 47.202167511, 25.3272190094, 1.60138213634, 0.979010999203, -0.489844083786, -3.3531730175, 25.5769634247, 49.1497802734, 16.6030864716, 1.11082410812], [-100.104194641, -46.4635620117, 92.5008621216, 67.4279403687, 38.47423172, 11.8597278595, -34.5091590881, 14.0995016098, -7.67440271378, 27.2880077362, 16.6030864716, 52.3735084534, 9.62710857391], [27.987165451, -8.50213432312, -54.8813591003, -36.9713439941, -16.9735107422, -6.05225419998, 12.4599103928, -4.61050796509, 3.69773745537, -9.84772205353, 1.11082410812, 9.62710857391, 31.9120483398]],
        "icov": [[0.000443072494818, -0.000643667997792, 0.000707205326762, -0.000619453319814, 0.00154747255147, -0.00167750148103, 0.00115261343308, -0.00184845644981, 0.000483692798298, 0.000432724918937, 0.000650930393022, 3.95522965846e-06, -0.000220020170673], [-0.000643667997792, 0.00444544572383, -0.00254695233889, 0.000426820013672, -0.0015329667367, 0.00222557689995, -0.00197746953927, 0.00505223590881, -0.000288904091576, 0.00100354989991, -0.00519918231294, 0.00613744975999, -0.00235544354655], [0.000707205326762, -0.00254695233889, 0.0048860325478, -0.00259820604697, 0.0010917786276, -0.00492087611929, -0.00079483888112, -0.00309113808908, 0.00322672002949, -0.00421274406835, 0.00352018582635, -0.00460782134905, 0.00319875311106], [-0.000619453319814, 0.000426820013672, -0.00259820604697, 0.0105847669765, -0.00723100686446, 5.89606534049e-05, 0.0057058762759, -0.000710623920895, 0.00214079464786, 0.00125931017101, -0.00571003137156, 0.000413901114371, 0.00250059901737], [0.00154747255147, -0.0015329667367, 0.0010917786276, -0.00723100686446, 0.0169721599668, -0.00443329196423, 0.00176130887121, -0.00792254600674, 0.000482746050693, 0.000623877975158, 0.00290933949873, -2.48426840699e-05, -0.00186843203846], [-0.00167750148103, 0.00222557689995, -0.00492087611929, 5.89606534049e-05, -0.00443329196423, 0.0197562500834, -0.00852724164724, 0.00612884992734, -0.00336213340051, -0.00193088292144, 0.00285716261715, -0.001381402486, -0.000615571858361], [0.00115261343308, -0.00197746953927, -0.00079483888112, 0.0057058762759, 0.00176130887121, -0.00852724164724, 0.021096598357, -0.0086954543367, -0.00316349975765, 0.0111245838925, -0.00838939007372, 0.00870448164642, -0.00500233937055], [-0.00184845644981, 0.00505223590881, -0.00309113808908, -0.000710623920895, -0.00792254600674, 0.00612884992734, -0.0086954543367, 0.0276380348951, -0.00714320223778, -0.00371135305613, -1.14478816613e-05, -0.000719301227946, 0.00106423720717], [0.000483692798298, -0.000288904091576, 0.00322672002949, 0.00214079464786, 0.000482746050693, -0.00336213340051, -0.00316349975765, -0.00714320223778, 0.0319286771119, -0.0118096508086, 0.00209114374593, 0.00279432209209, -0.000909257738385], [0.000432724918937, 0.00100354989991, -0.00421274406835, 0.00125931017101, 0.000623877975158, -0.00193088292144, 0.0111245838925, -0.00371135305613, -0.0118096508086, 0.0373192802072, -0.0148927839473, -0.0011489399476, 0.00293753179722], [0.000650930393022, -0.00519918231294, 0.00352018582635, -0.00571003137156, 0.00290933949873, 0.00285716261715, -0.00838939007372, -1.14478816613e-05, 0.00209114374593, -0.0148927839473, 0.0398440547287, -0.0153377177194, 0.00124783848878], [3.95522965846e-06, 0.00613744975999, -0.00460782134905, 0.000413901114371, -2.48426840699e-05, -0.001381402486, 0.00870448164642, -0.000719301227946, 0.00279432209209, -0.0011489399476, -0.0153377177194, 0.0487762019038, -0.0244499929249], [-0.000220020170673, -0.00235544354655, 0.00319875311106, 0.00250059901737, -0.00186843203846, -0.000615571858361, -0.00500233937055, 0.00106423720717, -0.000909257738385, 0.00293753179722, 0.00124783848878, -0.0244499929249, 0.0486404560506]]
    },
    "melbands": {
        "max": [0.00571409007534, 0.0164846163243, 0.00488689541817, 0.00490081962198, 0.00151614251081, 0.00143834424671, 0.00128935801331, 0.000991955748759, 0.00264007505029, 0.005821315106, 0.00749006820843, 0.00507276831195, 0.00262209773064, 0.000548028212506, 0.000433612760389, 0.000651805952657, 0.000744954159018, 0.000490580452606, 0.000420182041125, 0.00037359984708, 0.000356607255526, 0.000584560271818, 0.000430593674537, 0.000303105276544, 0.000194546460989, 0.000116857620014, 0.000115537834063, 8.93128235475e-05, 6.0590209614e-05, 0.000100905977888, 5.99131235504e-05, 5.86358000874e-05, 7.20170064596e-05, 8.15285166027e-05, 7.27306614863e-05, 6.35998876533e-05, 0.000111582681711, 7.51578409108e-05, 5.87215727137e-05, 3.19950268022e-05],
        "mean": [7.70817277953e-05, 0.000247164542088, 0.000104252889287, 0.000116857641842, 4.63472788397e-05, 4.85144737468e-05, 5.79677507631e-05, 5.97066500632e-05, 0.00023106567096, 0.000632466690149, 0.000757292495109, 0.000555684091523, 0.000303942710161, 8.63945533638e-05, 8.27118783491e-05, 9.34704439715e-05, 0.000101072335383, 7.89321784396e-05, 5.48600110051e-05, 4.22284574597e-05, 4.0775124944e-05, 4.43620010628e-05, 3.70624766219e-05, 2.21612917812e-05, 1.53490618686e-05, 1.09885841084e-05, 7.46010982766e-06, 5.40622977496e-06, 4.15145450461e-06, 3.76265666091e-06, 3.54066878572e-06, 3.25576638716e-06, 2.94883921015e-06, 2.58334625869e-06, 2.09846712096e-06, 1.72723616743e-06, 1.77894253284e-06, 1.43690829191e-06, 1.12821055609e-06, 8.68767813245e-07],
        "min": [3.88879553965e-24, 4.74300371011e-24, 9.78082761746e-24, 1.72389694732e-23, 6.99328821239e-24, 2.51619334178e-24, 6.2249156026e-24, 1.24092348453e-23, 3.9329323073e-24, 5.97909234503e-24, 7.62105740987e-24, 2.63237973413e-24, 6.80719119168e-24, 8.95400672548e-24, 6.7486135363e-24, 1.65459551679e-23, 1.01145220913e-23, 9.06130837467e-24, 1.2347560122e-23, 1.32027105868e-23, 1.10776131826e-23, 8.07656305149e-24, 1.21649388224e-23, 1.7594980822e-23, 8.74902358584e-24, 8.18910194823e-24, 9.75737004958e-24, 9.00675154332e-24, 1.98514653766e-23, 1.39679813955e-23, 1.12875850786e-23, 8.27427131586e-24, 1.33218506716e-23, 1.34190793559e-23, 1.70085921121e-23, 1.37748824454e-23, 1.17629913143e-23, 1.48488944798e-23, 1.40331728607e-23, 1.12961339642e-23],
        "stdev": [0.000467148900498, 0.00149537762627, 0.000495041836984, 0.000506552169099, 0.000124784361105, 9.30178284761e-05, 0.000120601864182, 9.36165160965e-05, 0.000342089508194, 0.000920533086173, 0.00112018466461, 0.00081627338659, 0.000411989021813, 8.51351869642e-05, 6.93873516866e-05, 9.32571128942e-05, 0.000115841685329, 7.89347031969e-05, 5.03220944665e-05, 3.63419421774e-05, 4.29434148828e-05, 5.83696419199e-05, 4.85274322273e-05, 2.38030479522e-05, 1.82696403499e-05, 1.33811627165e-05, 7.89529258327e-06, 6.2300123318e-06, 4.86659382659e-06, 5.72715134695e-06, 4.29022247772e-06, 3.91336880057e-06, 4.71811063107e-06, 5.42704037798e-06, 4.99552970723e-06, 4.52547601526e-06, 7.09520281816e-06, 5.02717784912e-06, 4.08014511777e-06, 2.9416930829e-06]
    },
    "melbands128": {
        "max": [0.000274445337709, 0.0023705707863, 0.0093701267615, 0.0196507573128, 0.0266626998782, 0.0125385439023, 0.00611070916057, 0.00496022449806, 0.00997211504728, 0.00821530912071, 0.00464769639075, 0.00227919267491, 0.0010331942467, 0.0014698804589, 0.00196452485397, 0.00116982427426, 0.000689599022735, 0.00149524153676, 0.00352929672226, 0.000939424091484, 0.00118551531341, 0.00188387441449, 0.0018653338775, 0.00763189373538, 0.00902419257909, 0.00829531159252, 0.0146954087541, 0.0117264706641, 0.00669301953167, 0.0059906677343, 0.00770163210109, 0.00592135637999, 0.00344725744799, 0.00128603330813, 0.0011464121053, 0.000675708288327, 0.000671059358865, 0.000525639508851, 0.000521968875546, 0.000632339913864, 0.000844495487399, 0.00150145392399, 0.00129336584359, 0.000969024607912, 0.00106899323873, 0.000437859562226, 0.000965815153904, 0.000558394298423, 0.000361878803233, 0.00104736932553, 0.000379605015041, 0.000462657189928, 0.000645341526251, 0.00062758527929, 0.000572195742279, 0.000579038402066, 0.000908566755243, 0.000655079900753, 0.000478624569951, 0.00031094320002, 0.000347060093191, 0.000348185538314, 0.000147838698467, 0.000340417376719, 0.00017908832524, 0.000121288561786, 0.000157101894729, 0.000148089762661, 0.000107600135379, 5.93312397541e-05, 0.000124110389152, 8.13201841083e-05, 8.0211837485e-05, 4.88545301778e-05, 0.000110218134068, 0.000115206777991, 0.000136748116347, 6.82885874994e-05, 6.24512467766e-05, 6.16108081886e-05, 8.84524197318e-05, 4.16810216848e-05, 6.48064669804e-05, 0.000107681895315, 9.45900319493e-05, 6.90427041263e-05, 0.000126152386656, 7.12615365046e-05, 6.84729311615e-05, 8.79348372109e-05, 5.18516280863e-05, 8.83693355718e-05, 5.0098515203e-05, 0.000105343402538, 0.000205008633202, 0.000120934477309, 4.26810365752e-05, 3.49235233443e-05, 3.72101749235e-05, 0.000135757072712, 5.74762452743e-05, 4.10231477872e-05, 2.51268775173e-05, 2.24014511332e-05, 2.91981541523e-05, 4.12383342336e-05, 1.67234247783e-05, 1.01307728073e-06, 2.03547809718e-08, 1.81073946948e-08, 1.678788486e-08, 1.58016462137e-08, 1.49221381918e-08, 1.40425227002e-08, 1.34289637188e-08, 1.29208732602e-08, 1.22640040345e-08, 1.17781180364e-08, 1.13471898544e-08, 1.10203250969e-08, 1.07810187444e-08, 1.04891073605e-08, 1.01038448719e-08, 9.96227011996e-09, 9.87598625102e-09, 9.7110506303e-09, 9.62095558776e-09, 9.55008250259e-09],
        "mean": [5.20988214703e-06, 3.87758191209e-05, 7.73792271502e-05, 0.000203562245588, 0.000360843871022, 0.000194544030819, 8.1448815763e-05, 8.35601604194e-05, 0.000121177406982, 0.00015612388961, 8.766308747e-05, 4.78519177705e-05, 3.35365366482e-05, 4.26763108408e-05, 5.70641241211e-05, 4.58497743239e-05, 4.34795438196e-05, 6.19763450231e-05, 7.86012242315e-05, 4.57526912214e-05, 5.32196499989e-05, 8.70305666467e-05, 0.000163699980476, 0.000466518686153, 0.00064041436417, 0.000616767210886, 0.000870612624567, 0.000821030640509, 0.000632731593214, 0.000546069582924, 0.000532783975359, 0.000558875559364, 0.00030174839776, 0.000128165309434, 9.44014464039e-05, 7.2230322985e-05, 7.3273156886e-05, 8.23951413622e-05, 9.05779743334e-05, 8.74284451129e-05, 9.05380802578e-05, 0.000107425032184, 0.000101715639175, 9.58612945396e-05, 0.000104230683064, 6.86892090016e-05, 6.20187202003e-05, 5.69271651329e-05, 5.14860039402e-05, 4.64210206701e-05, 3.94459857489e-05, 3.96629075112e-05, 4.05151331506e-05, 4.03370249842e-05, 4.4523501856e-05, 4.32893830293e-05, 4.56439483969e-05, 4.56404341094e-05, 3.34865544573e-05, 2.19257435674e-05, 2.27689142775e-05, 2.11934766412e-05, 1.59303472174e-05, 1.48059243656e-05, 1.22594856293e-05, 1.23227500808e-05, 8.714415344e-06, 7.91989168647e-06, 7.5023572208e-06, 6.33293575447e-06, 5.71120335735e-06, 4.77518005937e-06, 4.27012901127e-06, 4.02870455218e-06, 3.99714963351e-06, 3.83576934837e-06, 3.59575210496e-06, 3.66870108337e-06, 3.44026807397e-06, 3.55803535967e-06, 3.41992745234e-06, 3.04161358144e-06, 3.05123535327e-06, 2.97148540085e-06, 2.88115552394e-06, 2.61856030193e-06, 2.59129365077e-06, 2.29596162171e-06, 2.09917834582e-06, 1.93671894522e-06, 1.73612011167e-06, 1.78788116045e-06, 1.50976347868e-06, 1.61603361448e-06, 2.18622153625e-06, 1.70213502315e-06, 1.2053340015e-06, 1.10475002657e-06, 1.11973690764e-06, 1.23046538647e-06, 9.77921104095e-07, 8.20332104468e-07, 6.80303969602e-07, 6.6116376729e-07, 5.85924453844e-07, 4.9168050964e-07, 1.3238937413e-07, 5.87640824889e-09, 4.79035040801e-11, 4.0597490647e-11, 3.79750918211e-11, 3.7202112918e-11, 3.56879387153e-11, 3.29077737282e-11, 3.18152795775e-11, 3.04179563482e-11, 2.87862251397e-11, 2.78141364107e-11, 2.7001218969e-11, 2.62634237275e-11, 2.55943218008e-11, 2.50933405999e-11, 2.43673067835e-11, 2.39872757074e-11, 2.29673866731e-11, 2.11992038507e-11, 2.02739526556e-11, 2.00257744415e-11],
        "min": [5.45971224149e-24, 7.03517120443e-24, 1.79016402437e-24, 5.42150968e-25, 2.25750257956e-24, 1.24653701873e-23, 5.5866640214e-24, 1.06473779112e-23, 1.1322870038e-23, 2.39709711765e-23, 1.68370937514e-23, 6.21357809367e-24, 6.80765030873e-24, 4.35504546679e-24, 1.00012278602e-24, 1.99438827982e-24, 4.47777881301e-24, 6.19398633865e-24, 8.25101490751e-24, 1.63960605519e-23, 1.27390055249e-23, 6.58929045472e-24, 1.59119190622e-24, 2.61477511974e-24, 4.46016039355e-24, 7.2223686861e-24, 1.03597426591e-23, 7.80531244037e-24, 5.8484151695e-24, 3.00987748463e-24, 1.51135602717e-24, 1.39026755455e-24, 7.98798186044e-24, 9.93099833482e-24, 9.33648356879e-24, 9.47947091875e-24, 5.73810362153e-24, 6.35592686072e-24, 4.03955040851e-24, 1.87041302988e-23, 1.57096679451e-23, 2.14606990247e-23, 8.95132933157e-24, 7.02605512781e-24, 4.36040735436e-24, 7.26969560724e-24, 1.78162294846e-23, 1.25806503757e-23, 8.86983684461e-24, 1.40133882292e-23, 1.38472415008e-23, 1.14789485347e-23, 1.29574734529e-23, 1.08702555716e-23, 9.66415982274e-24, 9.18228492765e-24, 3.82510764333e-24, 9.47328309381e-24, 1.7018296679e-23, 1.32422972047e-23, 1.94986331372e-23, 2.08946960584e-23, 8.16765282021e-24, 5.5318772371e-24, 8.54258026466e-24, 8.42487196241e-24, 6.51700673554e-24, 1.186578699e-23, 1.03070948711e-23, 7.39276500821e-24, 7.06186231315e-24, 9.73263137159e-24, 1.75946968321e-23, 2.57299101141e-23, 1.75040204265e-23, 1.37798617354e-23, 1.44552071341e-23, 6.64059796799e-24, 1.53333876042e-23, 9.55997417413e-24, 7.43465983316e-24, 8.9753446241e-24, 7.26315989464e-24, 1.40738212854e-23, 2.1037061786e-23, 8.37213582204e-24, 1.17086624637e-23, 1.75551023255e-23, 1.59112124401e-23, 2.31179380144e-23, 8.12091123386e-24, 1.73390995879e-23, 9.527058164e-24, 1.20508829462e-23, 1.18788063503e-23, 1.24473849475e-23, 1.20353423863e-23, 2.55666190622e-23, 1.13536435019e-23, 9.68877701615e-24, 1.4417379676e-23, 8.65362190341e-24, 1.26231991663e-23, 1.30262786899e-23, 1.56275270145e-23, 9.47005507499e-24, 6.58492410961e-24, 3.77668459995e-24, 7.13454637924e-24, 7.77300148655e-24, 7.66094063952e-24, 9.81299973176e-24, 7.38324582366e-24, 1.32707088191e-23, 1.29415218965e-23, 1.38634825691e-23, 1.10482983225e-23, 8.98976815689e-24, 9.73613233629e-24, 8.69878340137e-24, 5.9790012316e-24, 6.01175513081e-24, 8.79008221823e-24, 1.01993546153e-23, 1.08716802544e-23, 7.76176100751e-24, 1.13711940794e-23, 1.11755415865e-23],
        "stdev": [2.70093933068e-05, 0.000217114968109, 0.000548589159735, 0.00131433072966, 0.00225999532267, 0.0011725773802, 0.000455873727333, 0.000416524155298, 0.000617154757492, 0.000730175583158, 0.000369163928553, 0.000170660146978, 7.86479649832e-05, 0.000105011538835, 0.000143247481901, 8.26161704026e-05, 6.30227150396e-05, 0.000137574374094, 0.000291663804092, 8.36658655317e-05, 8.93958786037e-05, 0.000147696584463, 0.000239941786276, 0.000933696574066, 0.00118533463683, 0.00101120630279, 0.00160243210848, 0.00139919668436, 0.00102037319448, 0.000941061298363, 0.000994021887891, 0.000913361029234, 0.000485766533529, 0.000166845537024, 0.000127909501316, 9.08839720068e-05, 7.88956167526e-05, 8.72158998391e-05, 9.25932326936e-05, 9.6233903605e-05, 0.000112653513497, 0.00016201591643, 0.000143838668009, 0.000130795553559, 0.000146548700286, 7.64985306887e-05, 7.95022133389e-05, 6.27855915809e-05, 5.34867904207e-05, 6.56290358165e-05, 3.95830684283e-05, 4.20000906161e-05, 5.49157739442e-05, 5.2946004871e-05, 6.13208685536e-05, 6.5271902713e-05, 7.96277963673e-05, 6.88554137014e-05, 5.15628125868e-05, 2.5880346584e-05, 2.82964556391e-05, 2.88303472189e-05, 2.01313177968e-05, 2.25656585826e-05, 1.84216605703e-05, 1.77783076651e-05, 1.14621343528e-05, 9.88187366602e-06, 8.75090063346e-06, 6.31949569652e-06, 8.4774728748e-06, 6.54454061078e-06, 5.55753467779e-06, 4.52887070423e-06, 6.27851386525e-06, 7.12292649041e-06, 6.49337198411e-06, 4.63066453449e-06, 4.35658557763e-06, 4.71294606541e-06, 5.20858520758e-06, 3.59527689398e-06, 4.20226751885e-06, 5.6333642533e-06, 6.15627186562e-06, 4.80909147882e-06, 7.1251256486e-06, 5.38139147466e-06, 5.15168949278e-06, 5.37815185453e-06, 3.94179232899e-06, 5.82859092901e-06, 3.48560365637e-06, 5.82145548833e-06, 1.28356668938e-05, 7.02626130078e-06, 3.2195903259e-06, 3.22321079693e-06, 3.70138491235e-06, 6.8155795816e-06, 3.69083159057e-06, 2.8302854389e-06, 2.17490355681e-06, 2.08803498936e-06, 2.27284158427e-06, 2.3011864414e-06, 8.6821557943e-07, 5.58631683134e-08, 8.66962446278e-10, 7.71116115406e-10, 7.14911962962e-10, 6.73299749288e-10, 6.35962893458e-10, 5.98062266377e-10, 5.71919789305e-10, 5.50204659611e-10, 5.22224319344e-10, 5.01526598029e-10, 4.83169337873e-10, 4.69250083235e-10, 4.59064175562e-10, 4.46626902129e-10, 4.30214752711e-10, 4.24188156822e-10, 4.20548151858e-10, 4.13583722825e-10, 4.09777711763e-10, 4.06763372984e-10]
    },
    "mfcc": {
        "mean": [-639.275756836, 70.3662796021, -57.1141166687, -27.609664917, -27.1789073944, -13.1586761475, -13.4516477585, 1.71849608421, -3.6914293766, -4.60125637054, -9.11763477325, -12.0297756195, -13.0707578659],
        "cov": [[4525.40234375, -180.653533936, -405.876464844, -379.694732666, -245.53503418, -118.437355042, -147.79107666, 112.442398071, 99.7986984253, -9.41450595856, -28.6721477509, -93.2633514404, -142.318984985], [-180.653533936, 514.794616699, 214.817977905, 2.87988328934, -53.0845298767, 73.9503250122, 87.0533599854, -2.9972486496, -21.5387954712, 32.7485198975, -1.00330710411, -5.43324327469, 3.06853294373], [-405.876464844, 214.817977905, 814.022766113, 332.544494629, 357.302947998, 196.59664917, 171.729827881, 8.32232570648, -7.45524930954, 11.4415569305, 19.001543045, 111.332099915, 117.264625549], [-379.694732666, 2.87988328934, 332.544494629, 373.612823486, 325.123138428, 69.8300323486, 77.6239395142, -19.7036933899, -30.2481575012, -14.6041994095, 19.0362319946, 67.1917114258, 80.6380081177], [-245.53503418, -53.0845298767, 357.302947998, 325.123138428, 402.869018555, 95.7568435669, 72.4219055176, -11.5221881866, -4.98927974701, -15.8553724289, 16.648651123, 77.5886001587, 90.1842956543], [-118.437355042, 73.9503250122, 196.59664917, 69.8300323486, 95.7568435669, 107.026512146, 54.865486145, 6.89706850052, 2.29148983955, 7.68450784683, -2.54750776291, 22.4869995117, 33.2991828918], [-147.79107666, 87.0533599854, 171.729827881, 77.6239395142, 72.4219055176, 54.865486145, 103.410125732, 29.9929199219, 5.39411497116, 15.9066200256, 10.6834926605, 17.2836074829, 18.6483783722], [112.442398071, -2.9972486496, 8.32232570648, -19.7036933899, -11.5221881866, 6.89706850052, 29.9929199219, 60.9341850281, 29.5336513519, 13.2362289429, 5.86614084244, -6.19914150238, -9.57815933228], [99.7986984253, -21.5387954712, -7.45524930954, -30.2481575012, -4.98927974701, 2.29148983955, 5.39411497116, 29.5336513519, 52.0186424255, 18.8849582672, 3.98445868492, -1.9632806778, -6.36568164825], [-9.41450595856, 32.7485198975, 11.4415569305, -14.6041994095, -15.8553724289, 7.68450784683, 15.9066200256, 13.2362289429, 18.8849582672, 50.314743042, 18.6422691345, -2.45165252686, -4.44764900208], [-28.6721477509, -1.00330710411, 19.001543045, 19.0362319946, 16.648651123, -2.54750776291, 10.6834926605, 5.86614084244, 3.98445868492, 18.6422691345, 37.0112419128, 13.7233953476, 4.53797912598], [-93.2633514404, -5.43324327469, 111.332099915, 67.1917114258, 77.5886001587, 22.4869995117, 17.2836074829, -6.19914150238, -1.9632806778, -2.45165252686, 13.7233953476, 52.5554389954, 35.1214637756], [-142.318984985, 3.06853294373, 117.264625549, 80.6380081177, 90.1842956543, 33.2991828918, 18.6483783722, -9.57815933228, -6.36568164825, -4.44764900208, 4.53797912598, 35.1214637756, 59.8390312195]],
        "icov": [[0.000276914943242, -2.23545921472e-05, -5.76275051571e-05, 0.000293030258035, -0.000247255258728, 0.000104707462015, 0.000486205826746, -0.000621679471806, -0.000107189531263, 0.000142757737194, 4.43551361968e-05, 3.71540554625e-05, 0.000415179325501], [-2.23545921472e-05, 0.00328840292059, -0.00109727983363, -0.000328878842993, 0.00204209168442, -0.00110896874685, -0.00217513740063, 0.00172006839421, 0.00109235884156, -0.00137817382347, 0.000263630121481, 0.00124613218941, 0.000126720944536], [-5.76275051571e-05, -0.00109727983363, 0.00427931733429, -0.00109183019958, -0.00103342684451, -0.00329999183305, -0.00222209305502, -2.0457087885e-05, -0.000320658989949, -0.000150945532368, 0.000853968493175, -0.00401659402996, -0.000665030675009], [0.000293030258035, -0.000328878842993, -0.00109183019958, 0.0121423155069, -0.00900784973055, 0.00408040219918, -0.00249711307697, -2.66356200882e-05, 0.00552439829335, -0.00039371632738, -0.00101771764457, 0.00103733036667, -0.00140343827661], [-0.000247255258728, 0.00204209168442, -0.00103342684451, -0.00900784973055, 0.0128614837304, -0.00453459704295, -0.000222651666263, 0.00238846288994, -0.00514671299607, 0.00258556311019, -0.00134704774246, -0.00131990690716, -0.00241589569487], [0.000104707462015, -0.00110896874685, -0.00329999183305, 0.00408040219918, -0.00453459704295, 0.0210167337209, -0.0040742661804, -0.000407028011978, 0.000850544776767, -0.00326463370584, 0.00569302542135, 0.00199787202291, -0.00413906900212], [0.000486205826746, -0.00217513740063, -0.00222209305502, -0.00249711307697, -0.000222651666263, -0.0040742661804, 0.0238850917667, -0.013175166212, 0.00287256925367, -0.00253034336492, -0.00160005106591, 0.000141935248394, 0.00219340296462], [-0.000621679471806, 0.00172006839421, -2.0457087885e-05, -2.66356200882e-05, 0.00238846288994, -0.000407028011978, -0.013175166212, 0.0323984026909, -0.0153172593564, 0.00279978802428, -0.00418640905991, 0.00392363267019, 0.00102103990503], [-0.000107189531263, 0.00109235884156, -0.000320658989949, 0.00552439829335, -0.00514671299607, 0.000850544776767, 0.00287256925367, -0.0153172593564, 0.0352028869092, -0.0128115816042, 0.00500790495425, -0.00337051623501, 0.00120037747547], [0.000142757737194, -0.00137817382347, -0.000150945532368, -0.00039371632738, 0.00258556311019, -0.00326463370584, -0.00253034336492, 0.00279978802428, -0.0128115816042, 0.034080889076, -0.0187099091709, 0.00605472968891, -0.000571352022234], [4.43551361968e-05, 0.000263630121481, 0.000853968493175, -0.00101771764457, -0.00134704774246, 0.00569302542135, -0.00160005106591, -0.00418640905991, 0.00500790495425, -0.0187099091709, 0.0432835221291, -0.014845223166, 0.00305335223675], [3.71540554625e-05, 0.00124613218941, -0.00401659402996, 0.00103733036667, -0.00131990690716, 0.00199787202291, 0.000141935248394, 0.00392363267019, -0.00337051623501, 0.00605472968891, -0.014845223166, 0.0424755252898, -0.0157539285719], [0.000415179325501, 0.000126720944536, -0.000665030675009, -0.00140343827661, -0.00241589569487, -0.00413906900212, 0.00219340296462, 0.00102103990503, 0.00120037747547, -0.000571352022234, 0.00305335223675, -0.0157539285719, 0.0354113169014]]
    },
    "spectral_contrast_coeffs": {
        "max": [-0.531234323978, -0.532844662666, -0.58426040411, -0.71857470274, -0.685772061348, -0.679070472717],
        "mean": [-0.684822916985, -0.784240841866, -0.759265601635, -0.819982230663, -0.798941791058, -0.769057631493],
        "min": [-0.975804626942, -0.955534934998, -0.961997926235, -0.959594130516, -0.962544202805, -0.959111571312],
        "stdev": [0.0579578876495, 0.0754323750734, 0.0652627944946, 0.0291214417666, 0.0334169268608, 0.0301521662623]
    },
    "spectral_contrast_valleys": {
        "max": [-5.05071973801, -5.65852403641, -5.1355304718, -5.64556932449, -5.51409673691, -7.48574447632],
        "mean": [-8.94583034515, -6.7754149437, -6.53261852264, -6.76776742935, -7.13895654678, -9.79891586304],
        "min": [-27.0750370026, -27.9602890015, -27.4315185547, -27.2647151947, -27.1867141724, -27.2865142822],
        "stdev": [1.25309669971, 1.15612220764, 1.24176943302, 1.18317711353, 1.10971021652, 1.05191326141]
    }
},
"rhythm": {
    "beats_count": 20,
    "beats_loudness": {
        "max": 0.0530545972288,
        "mean": 0.0183772947639,
        "min": 0.000984595157206,
        "stdev": 0.0147680835798
    },
    "bpm": 99.2760162354,
    "bpm_histogram_first_peak_bpm": 99,
    "bpm_histogram_first_peak_weight": 0.125,
    "bpm_histogram_second_peak_bpm": 91,
    "bpm_histogram_second_peak_spread": 0,
    "bpm_histogram_second_peak_weight": 0.157894730568,
    "danceability": 0.722598314285,
    "onset_rate": 1.17560708523,
    "beats_loudness_band_ratio": {
        "max": [0.379021704197, 0.272017985582, 0.597860336304, 0.598993122578, 0.568660497665, 0.229627415538],
        "mean": [0.0278044901788, 0.0501751415431, 0.290820538998, 0.378896594048, 0.214798167348, 0.0792063325644],
        "min": [0.000150568812387, 0.00416493974626, 0.0579974539578, 0.0837131589651, 0.0274402517825, 0.016546105966],
        "stdev": [0.0817996114492, 0.0627921745181, 0.138262674212, 0.142539784312, 0.150978505611, 0.0644052997231]
    },
    "beats_position": [0.580498874187, 1.18421769142, 1.78793644905, 2.39165520668, 3.05342388153, 3.7151927948, 4.37696123123, 4.99229001999, 5.60761880875, 6.21133756638, 6.82666635513, 7.4303855896, 8.03410434723, 8.63782310486, 9.22993183136, 9.82204055786, 10.4257593155, 11.0294780731, 11.6331968307, 12.2369155884],
