{
"metadata": {
    "version": {
        "essentia": "2.1-beta5",
        "essentia_git_sha": "Undefined",
        "extractor": "music 2.0"
    },
    "audio_properties": {
        "analysis": {
            "equal_loudness": 0,
            "length": 32.4963264465,
            "sample_rate": 44100,
            "start_time": 12.7477550507,
            "downmix": "mix"
        },
        "bit_rate": 192000,
        "length": 189.161376953,
        "lossless": 0,
        "number_channels": 2,
        "replay_gain": -6.47386169434,
        "sample_rate": 48000,
        "codec": "mp3",
        "md5_encoded": "a2d169ff504966878e991856ee894ab8"
    },
    "tags": {
        "file_name": "Andorra_La Mirada Interior_Marian van de Wal.mp3",
        "encoding": ["Lavf58.29.100"]
    }
},
"lowlevel": {
    "average_loudness": 0.885469675064,
    "barkbands_crest": {
        "max": 24.56016922,
        "mean": 10.6948394775,
        "min": 2.93066239357,
        "stdev": 4.01727247238
    },
    "barkbands_flatness_db": {
        "max": 0.340250581503,
        "mean": 0.151687204838,
        "min": 0.0252531990409,
        "stdev": 0.0643049404025
    },
    "barkbands_kurtosis": {
        "max": 121.342849731,
        "mean": 9.7571105957,
        "min": -1.89061260223,
        "stdev": 13.2402935028
    },
    "barkbands_skewness": {
        "max": 7.82943248749,
        "mean": 2.19560647011,
        "min": -1.05988121033,
        "stdev": 1.39342916012
    },
    "barkbands_spread": {
        "max": 106.359916687,
        "mean": 19.084230423,
        "min": 0.799203336239,
        "stdev": 18.5218887329
    },
    "dissonance": {
        "max": 0.499999970198,
        "mean": 0.455727696419,
        "min": 0.315543174744,
        "stdev": 0.029371894896
    },
    "dynamic_complexity": 5.03971099854,
    "erbbands_crest": {
        "max": 28.948759079,
        "mean": 10.0695838928,
        "min": 2.77897405624,
        "stdev": 5.06914186478
    },
    "erbbands_flatness_db": {
        "max": 0.274037480354,
        "mean": 0.149069488049,
        "min": 0.0479154102504,
        "stdev": 0.0461826510727
    },
    "erbbands_kurtosis": {
        "max": 31.8194503784,
        "mean": 1.49960613251,
        "min": -1.88519752026,
        "stdev": 3.66810274124
    },
    "erbbands_skewness": {
        "max": 4.89102697372,
        "mean": 0.902706980705,
        "min": -2.0986456871,
        "stdev": 0.875408053398
    },
    "erbbands_spread": {
        "max": 164.374862671,
        "mean": 42.0629844666,
        "min": 5.82926607132,
        "stdev": 25.4148254395
    },
    "hfc": {
        "max": 196.390289307,
        "mean": 17.4693050385,
        "min": 0.166987389326,
        "stdev": 22.9970531464
    },
    "loudness_ebu128": {
        "integrated": -17.7795772552,
        "loudness_range": 10.9518489838,
        "momentary": {
            "max": -13.8345050812,
            "mean": -20.2468299866,
            "min": -31.3069667816,
            "stdev": 4.9111571312
        },
        "short_term": {
            "max": -15.7411422729,
            "mean": -19.5830821991,
            "min": -30.1794204712,
            "stdev": 4.20740747452
        }
    },
    "melbands_crest": {
        "max": 30.4626560211,
        "mean": 14.0721445084,
        "min": 4.33444023132,
        "stdev": 4.49857950211
    },
    "melbands_flatness_db": {
        "max": 0.447885394096,
        "mean": 0.233786821365,
        "min": 0.0860608294606,
        "stdev": 0.0776434391737
    },
    "melbands_kurtosis": {
        "max": 138.538848877,
        "mean": 21.6047973633,
        "min": -0.440490007401,
        "stdev": 21.9722766876
    },
    "melbands_skewness": {
        "max": 10.3559017181,
        "mean": 3.11898732185,
        "min": -0.635759830475,
        "stdev": 1.74337732792
    },
    "melbands_spread": {
        "max": 177.431640625,
        "mean": 16.4854698181,
        "min": 1.09552502632,
        "stdev": 17.6323051453
    },
    "pitch_salience": {
        "max": 0.88036864996,
        "mean": 0.582555532455,
        "min": 0.194641128182,
        "stdev": 0.10692577064
    },
    "silence_rate_20dB": {
        "max": 1,
        "mean": 1,
        "min": 1,
        "stdev": 0
    },
    "silence_rate_30dB": {
        "max": 1,
        "mean": 0.997858643532,
        "min": 0,
        "stdev": 0.0462247170508
    },
    "silence_rate_60dB": {
        "max": 1,
        "mean": 0.197002142668,
        "min": 0,
        "stdev": 0.397727400064
    },
    "spectral_centroid": {
        "max": 4496.01953125,
        "mean": 904.651489258,
        "min": 221.76763916,
        "stdev": 533.591674805
    },
    "spectral_complexity": {
        "max": 36,
        "mean": 11.6059961319,
        "min": 0,
        "stdev": 6.95783901215
    },
    "spectral_decrease": {
        "max": -5.37105880605e-11,
        "mean": -4.98629004753e-09,
        "min": -3.1577290116e-08,
        "stdev": 5.05682429264e-09
    },
    "spectral_energy": {
        "max": 0.126438200474,
        "mean": 0.0204039420933,
        "min": 0.000235615167185,
        "stdev": 0.0204784907401
    },
    "spectral_energyband_high": {
        "max": 0.0165790785104,
        "mean": 0.000736921385396,
        "min": 2.58817067333e-07,
        "stdev": 0.0017635418335
    },
    "spectral_energyband_low": {
        "max": 0.0548160001636,
        "mean": 0.00532428640872,
        "min": 1.57513004524e-05,
        "stdev": 0.0063808360137
    },
    "spectral_energyband_middle_high": {
        "max": 0.0815117359161,
        "mean": 0.00433110725135,
        "min": 6.7175010372e-06,
        "stdev": 0.00848417263478
    },
    "spectral_energyband_middle_low": {
        "max": 0.0927016437054,
        "mean": 0.0111763570458,
        "min": 2.4662076612e-05,
        "stdev": 0.014076218009
    },
    "spectral_entropy": {
        "max": 8.77828598022,
        "mean": 7.39835262299,
        "min": 5.71448945999,
        "stdev": 0.546922028065
    },
    "spectral_flux": {
        "max": 0.261312007904,
        "mean": 0.0758436769247,
        "min": 0.00671566044912,
        "stdev": 0.0471010394394
    },
    "spectral_kurtosis": {
        "max": 38.6863479614,
        "mean": 5.59504079819,
        "min": -1.40805900097,
        "stdev": 5.09764051437
    },
    "spectral_rms": {
        "max": 0.0111065004021,
        "mean": 0.00391633110121,
        "min": 0.000479445996461,
        "stdev": 0.00213743909262
    },
    "spectral_rolloff": {
        "max": 12403.125,
        "mean": 1271.84155273,
        "min": 107.666015625,
        "stdev": 2063.06884766
    },
    "spectral_skewness": {
        "max": 4.48834323883,
        "mean": 1.87450146675,
        "min": 0.0134086804464,
        "stdev": 0.644165277481
    },
    "spectral_spread": {
        "max": 16216002,
        "mean": 5522158.5,
        "min": 1332463.5,
        "stdev": 2569685
    },
    "spectral_strongpeak": {
        "max": 9.58678817749,
        "mean": 0.892848074436,
        "min": 0,
        "stdev": 1.27153766155
    },
    "zerocrossingrate": {
        "max": 0.33740234375,
        "mean": 0.0591479018331,
        "min": 0.0068359375,
        "stdev": 0.0500635169446
    },
    "barkbands": {
        "max": [0.00782781932503, 0.0348467454314, 0.0260318703949, 0.0500318109989, 0.0587773770094, 0.0695263966918, 0.0702517926693, 0.0523097962141, 0.0647498816252, 0.0697711184621, 0.0115326428786, 0.00725977448747, 0.0211980678141, 0.00742296036333, 0.00687227491289, 0.0134888850152, 0.00598730240017, 0.010253678076, 0.00419077137485, 0.000777710170951, 0.000469547754619, 0.00146430567838, 0.00234948541038, 0.00885246507823, 0.00558482808992, 0.0107901263982, 0.000323542830301],
        "mean": [0.00020581879653, 0.00251141772605, 0.00158580148127, 0.00183584005572, 0.00270205363631, 0.00272597162984, 0.00105534994509, 0.00092961860355, 0.00165820412803, 0.00202564219944, 0.00053210160695, 0.000163782693562, 0.000369822024368, 0.000148054445162, 0.000295750069199, 0.0003025305341, 0.000153417029651, 0.000232679725741, 0.000202539260499, 5.12434344273e-05, 3.5217119148e-05, 4.12970694015e-05, 0.00010701509018, 0.000194423060748, 0.000174208835233, 0.000154089400894, 1.00557817859e-05],
        "min": [2.75625069435e-08, 3.44965474142e-06, 2.29556076192e-06, 7.20568323231e-07, 8.19090928417e-06, 2.5619731332e-06, 7.51293441681e-07, 7.30345618649e-07, 8.17315822133e-07, 3.12620898058e-07, 1.09055392272e-07, 2.56697603618e-07, 2.7054528573e-07, 1.79712884574e-07, 1.19367740581e-07, 1.14301144549e-07, 8.0902552213e-08, 1.45086389125e-07, 1.68841523873e-07, 9.84720358588e-08, 4.32309832377e-08, 2.70786149059e-08, 1.99553955582e-08, 2.31886030377e-08, 1.09958646632e-08, 2.61394261791e-09, 1.30046667879e-10],
        "stdev": [0.000571766344365, 0.00356595683843, 0.00239549204707, 0.00314453616738, 0.0046078148298, 0.00597206456587, 0.00337578705512, 0.004264771007, 0.0054900473915, 0.00632998812944, 0.00145761389285, 0.000440730917035, 0.00119844253641, 0.000421810749685, 0.000685971113853, 0.000870489107911, 0.000401314726332, 0.000599329185206, 0.00040797694237, 7.58798705647e-05, 5.30274301127e-05, 9.02561732801e-05, 0.000242483409238, 0.000675001763739, 0.000556478975341, 0.000690256420057, 3.16643781844e-05]
    },
    "erbbands": {
        "max": [1.48380124569, 9.70685482025, 24.5394325256, 85.7123184204, 200.987915039, 246.458557129, 269.324859619, 903.911804199, 1030.45544434, 417.47265625, 1471.33337402, 1611.35241699, 1721.73156738, 2993.37744141, 773.437255859, 201.131195068, 1016.17510986, 250.950210571, 336.308258057, 641.707824707, 616.07623291, 278.824493408, 390.240478516, 400.224639893, 138.690490723, 34.9937210083, 17.528213501, 21.3320770264, 55.7208976746, 55.4163856506, 76.1277618408, 150.972015381, 169.002319336, 83.8536758423, 35.6903343201, 78.5049972534, 6.55384206772, 0.669207155704, 0.0583339594305, 0.00122037739493],
        "mean": [0.0536132790148, 0.622501373291, 1.84059417248, 4.54992961884, 6.94403553009, 9.87668514252, 15.6802511215, 22.9049129486, 18.8038654327, 8.11127948761, 29.7434844971, 44.1720161438, 34.6623268127, 65.9345169067, 20.7000179291, 8.74069976807, 17.8446598053, 7.0603518486, 16.1268978119, 14.4992694855, 14.6854286194, 8.59329509735, 11.0729160309, 13.7072582245, 7.58732461929, 2.7361164093, 1.4913007021, 1.40226101875, 1.39130604267, 1.8933403492, 3.33520317078, 3.67391061783, 3.45657324791, 2.39181518555, 1.11726379395, 1.0938706398, 0.11978892982, 0.0187939815223, 0.00197441200726, 6.76050476613e-05],
        "min": [8.69469731697e-05, 0.000905334251001, 0.00649786600843, 0.00671188160777, 0.0215080846101, 0.027924913913, 0.0182413589209, 0.0201367679983, 0.0110978977755, 0.0143693108112, 0.0368532240391, 0.0243407487869, 0.0159072801471, 0.0151230329648, 0.00865311827511, 0.0121677098796, 0.0179430712014, 0.0117323854938, 0.0138849252835, 0.00904349423945, 0.00787894427776, 0.00717903859913, 0.00945281982422, 0.00863555073738, 0.00824306160212, 0.0050296750851, 0.0025499376934, 0.00183280464262, 0.00100263976492, 0.000672457448673, 0.00052158703329, 0.000420451950049, 0.000342143204762, 0.000188745631021, 5.56998384127e-05, 1.5556537619e-05, 5.33383672519e-06, 1.16347416679e-06, 3.18704536539e-07, 4.50302536592e-07],
        "stdev": [0.086773969233, 0.899826049805, 2.67654299736, 6.87056732178, 12.9515743256, 18.4343318939, 28.3420677185, 58.660118103, 54.2273712158, 21.8118457794, 120.064163208, 147.244995117, 120.312667847, 209.468887329, 58.117061615, 17.9092330933, 58.3984375, 15.6309995651, 34.8617210388, 41.159740448, 39.9551544189, 19.904006958, 25.9113693237, 30.8869152069, 14.1731061935, 3.75775575638, 2.09177231789, 2.43678879738, 3.00057625771, 3.98792386055, 7.88600158691, 11.642911911, 12.7027673721, 8.06588840485, 3.2924683094, 5.08639621735, 0.399998128414, 0.0565954484046, 0.00613747537136, 0.000133587993332]
    },
    "gfcc": {
        "mean": [-41.1248092651, 99.24243927, -89.4819564819, 25.8097953796, -56.798866272, 13.3444747925, -43.2494659424, 13.037109375, -28.7441120148, -5.55471467972, -13.3414525986, -1.51573705673, -9.58980846405],
        "cov": [[10054.7216797, -3100.97583008, -627.452026367, -707.975830078, -374.177825928, 652.096862793, -494.269287109, 756.281188965, -140.574981689, 121.062202454, -82.8594284058, 375.256164551, -191.063568115], [-3100.97583008, 2013.99987793, -246.401092529, 204.676177979, 314.894165039, -243.972839355, 365.206115723, -264.28527832, 215.73210144, -142.674224854, 182.518753052, -245.700271606, 162.770202637], [-627.452026367, -246.401092529, 762.135009766, 50.1995658875, -80.9375762939, -51.7490119934, -101.336486816, -72.2516860962, -115.964599609, 78.7408065796, -129.594390869, 36.0078697205, -63.4301185608], [-707.975830078, 204.676177979, 50.1995658875, 382.53616333, 29.7962360382, 16.2670135498, 53.4544754028, -60.9938774109, 76.7931060791, -8.33620071411, 7.30335712433, -49.5556755066, 3.25054502487], [-374.177825928, 314.894165039, -80.9375762939, 29.7962360382, 204.427139282, -58.1053924561, 75.220993042, -27.4630889893, 52.871307373, -31.5816936493, 14.6516895294, -16.8402748108, 22.5292282104], [652.096862793, -243.972839355, -51.7490119934, 16.2670135498, -58.1053924561, 239.061279297, 8.9126329422, 56.5957145691, -7.13950204849, 19.4618530273, 20.5925426483, -15.9893569946, 6.27189922333], [-494.269287109, 365.206115723, -101.336486816, 53.4544754028, 75.220993042, 8.9126329422, 191.853790283, -60.9155540466, 55.5375709534, -15.935667038, 37.8673057556, -59.542350769, 15.6884222031], [756.281188965, -264.28527832, -72.2516860962, -60.9938774109, -27.4630889893, 56.5957145691, -60.9155540466, 153.527679443, 5.75362110138, 2.93796133995, 3.26746964455, 40.7913017273, -9.30756282806], [-140.574981689, 215.73210144, -115.964599609, 76.7931060791, 52.871307373, -7.13950204849, 55.5375709534, 5.75362110138, 141.089538574, -6.47503328323, 36.1519393921, -28.5913581848, 28.9617519379], [121.062202454, -142.674224854, 78.7408065796, -8.33620071411, -31.5816936493, 19.4618530273, -15.935667038, 2.93796133995, -6.47503328323, 78.9295349121, -6.60447835922, 18.2315216064, -17.8403263092], [-82.8594284058, 182.518753052, -129.594390869, 7.30335712433, 14.6516895294, 20.5925426483, 37.8673057556, 3.26746964455, 36.1519393921, -6.60447835922, 105.371673584, -5.0013012886, 40.775177002], [375.256164551, -245.700271606, 36.0078697205, -49.5556755066, -16.8402748108, -15.9893569946, -59.542350769, 40.7913017273, -28.5913581848, 18.2315216064, -5.0013012886, 113.1690979, -1.52348196507], [-191.063568115, 162.770202637, -63.4301185608, 3.25054502487, 22.5292282104, 6.27189922333, 15.6884222031, -9.30756282806, 28.9617519379, -17.8403263092, 40.775177002, -1.52348196507, 80.5620498657]],
        "icov": [[0.000332685362082, 0.00042769886204, 0.000263420632109, 0.000361481390428, -0.000123526464449, -0.000406565493904, 0.000100585712062, -0.000409754895372, -0.000351723778294, 0.000184777702088, -0.000110263863462, -9.42545157159e-05, 0.000338344398187], [0.00042769886204, 0.00334990373813, -0.000242495894781, 0.000377470976673, -0.00152925401926, 0.00212217937224, -0.00209758244455, 0.00070478010457, -0.00132785562892, 0.00225065229461, -0.00356767256744, 0.00392443081364, -0.00235202978365], [0.000263420632109, -0.000242495894781, 0.00265289028175, -0.000329805829097, 0.000424245255999, -0.000509697187226, 0.00115367327817, 0.000410976819694, 0.00118169852067, -0.00227664480917, 0.00266835605726, -0.00114637741353, 0.000659389712382], [0.000361481390428, 0.000377470976673, -0.000329805829097, 0.00394677184522, -0.000197839006432, -0.0014451747993, 0.000361709186109, 0.00108026713133, -0.00294648413546, 0.00121059559751, -0.000355949363438, 8.5164399934e-05, 0.00140703574289], [-0.000123526464449, -0.00152925401926, 0.000424245255999, -0.000197839006432, 0.00764195574448, 0.000468130921945, -0.00139285600744, -0.000586665177252, -0.000802292546723, 0.000464766955702, 0.00254644732922, -0.00261226901785, 0.000221844500629], [-0.000406565493904, 0.00212217937224, -0.000509697187226, -0.0014451747993, 0.000468130921945, 0.00895747449249, -0.00371585367247, -0.00161931989715, 0.00149079435505, -0.000429926149081, -0.00340804993175, 0.00568099552765, -0.00468546105549], [0.000100585712062, -0.00209758244455, 0.00115367327817, 0.000361709186109, -0.00139285600744, -0.00371585367247, 0.0110009973869, 0.00263067916967, -0.00132378085982, -0.00149943656288, 0.000778823741712, -0.000994122121483, 0.00394160486758], [-0.000409754895372, 0.00070478010457, 0.000410976819694, 0.00108026713133, -0.000586665177252, -0.00161931989715, 0.00263067916967, 0.012475236319, -0.00326121179387, 0.00209932797588, -0.00141650636215, -0.00140297750477, 0.00143107806798], [-0.000351723778294, -0.00132785562892, 0.00118169852067, -0.00294648413546, -0.000802292546723, 0.00149079435505, -0.00132378085982, -0.00326121179387, 0.012847580947, -0.00398078840226, 0.000589991454035, 0.00106170261279, -0.00289144646376], [0.000184777702088, 0.00225065229461, -0.00227664480917, 0.00121059559751, 0.000464766955702, -0.000429926149081, -0.00149943656288, 0.00209932797588, -0.00398078840226, 0.0186286140233, -0.00452027050778, -0.000184237185749, 0.00232834857889], [-0.000110263863462, -0.00356767256744, 0.00266835605726, -0.000355949363438, 0.00254644732922, -0.00340804993175, 0.000778823741712, -0.00141650636215, 0.000589991454035, -0.00452027050778, 0.0192772503942, -0.00587548455223, -0.00278117903508], [-9.42545157159e-05, 0.00392443081364, -0.00114637741353, 8.5164399934e-05, -0.00261226901785, 0.00568099552765, -0.000994122121483, -0.00140297750477, 0.00106170261279, -0.000184237185749, -0.00587548455223, 0.0184274408966, -0.00583908706903], [0.000338344398187, -0.00235202978365, 0.000659389712382, 0.00140703574289, 0.000221844500629, -0.00468546105549, 0.00394160486758, 0.00143107806798, -0.00289144646376, 0.00232834857889, -0.00278117903508, -0.00583908706903, 0.0209825262427]]
    },
    "melbands": {
        "max": [0.0113178808242, 0.0123493857682, 0.0198139175773, 0.0133095607162, 0.00748030329123, 0.017247390002, 0.0161299183965, 0.00674701668322, 0.0119368880987, 0.0104833701625, 0.00857674144208, 0.0127119319513, 0.0018984322669, 0.00135934422724, 0.00207829033025, 0.00133611960337, 0.000562699511647, 0.000518120767083, 0.000497002503835, 0.00131302210502, 0.00059423642233, 0.000205120712053, 0.000758728419896, 0.000554955971893, 0.000330764742102, 0.000130800763145, 4.78833026136e-05, 2.14969895751e-05, 1.37005490615e-05, 1.26618997456e-05, 1.57133981702e-05, 3.01415002468e-05, 3.08937560476e-05, 3.37477213179e-05, 4.26613078162e-05, 7.59100148571e-05, 0.000117334304377, 0.000142757591675, 0.00011774727318, 7.7477292507e-05],
        "mean": [0.000603377935477, 0.000956000585575, 0.000826456409413, 0.000625957502052, 0.000515168649144, 0.000507955264766, 0.000269681768259, 8.56803089846e-05, 0.000270032760454, 0.000260527274804, 0.000171694235178, 0.000284955371171, 7.4130250141e-05, 2.26546544582e-05, 3.49990514223e-05, 2.95797217404e-05, 1.12305842777e-05, 2.54261485679e-05, 1.92287152458e-05, 2.13747007365e-05, 1.55337256729e-05, 7.75979424361e-06, 1.08185968202e-05, 1.05575554699e-05, 1.144844191e-05, 6.41605811325e-06, 3.10570021611e-06, 1.48911237829e-06, 9.54518100116e-07, 7.92088428625e-07, 8.21794515105e-07, 7.69595771999e-07, 8.09104335531e-07, 1.14200713597e-06, 1.73470357367e-06, 2.33010655393e-06, 2.21632603825e-06, 2.37067297348e-06, 2.40983763433e-06, 1.91448225451e-06],
        "min": [8.97471977623e-07, 2.7916662475e-06, 1.71430190221e-06, 1.81586426606e-06, 7.25134441382e-07, 4.41415636487e-07, 1.96732798941e-07, 1.80745942657e-07, 1.93120825998e-07, 1.37193808314e-07, 6.20935125539e-08, 5.80433905384e-08, 1.89365785275e-08, 3.15079233815e-08, 3.88507679361e-08, 2.83853740513e-08, 1.35314905947e-08, 1.55255897027e-08, 8.30596924573e-09, 6.51459863832e-09, 6.5489200729e-09, 4.3517216497e-09, 7.5128436805e-09, 5.80076653378e-09, 5.47459722e-09, 5.2040975973e-09, 4.42053771366e-09, 2.009202138e-09, 1.50558665535e-09, 8.68662586306e-10, 8.47439618479e-10, 5.56737544954e-10, 3.97832378152e-10, 2.64111593706e-10, 2.88406187821e-10, 2.01696298552e-10, 2.37070307829e-10, 2.61842880711e-10, 1.69419839269e-10, 1.20806448178e-10],
        "stdev": [0.00086321157869, 0.00127126951702, 0.00126956310123, 0.00116101105232, 0.000840098888148, 0.00121738004964, 0.00079799775267, 0.000266254792223, 0.00101490726229, 0.000904019281734, 0.000633173738606, 0.000917687313631, 0.00021220909548, 6.89474400133e-05, 0.000114670678158, 8.69796276675e-05, 3.13397176797e-05, 5.58414612897e-05, 4.68298167107e-05, 6.68208522256e-05, 4.34382600361e-05, 1.81518353202e-05, 3.58787256118e-05, 2.54141978075e-05, 2.72714951279e-05, 1.19304477266e-05, 5.32929607289e-06, 2.09903851101e-06, 1.45789476846e-06, 1.22279107018e-06, 1.59757439633e-06, 1.67311395671e-06, 1.90780087905e-06, 2.39853147832e-06, 4.00343560614e-06, 6.47077058602e-06, 7.62913805374e-06, 9.03741056391e-06, 8.84625205799e-06, 6.51239770377e-06]
    },
    "melbands128": {
        "max": [0.00522894319147, 0.013975052163, 0.012536550872, 0.0207779388875, 0.0145873595029, 0.0130502739921, 0.014468876645, 0.0292099136859, 0.023288378492, 0.0242266077548, 0.0155025497079, 0.00963551271707, 0.0135530121624, 0.0224990695715, 0.0301012452692, 0.0176345817745, 0.0133181056008, 0.031173992902, 0.0127116227522, 0.00558306276798, 0.0115091940388, 0.0145454667509, 0.0220975931734, 0.0141793834046, 0.0193088036031, 0.0200389847159, 0.013618352823, 0.0167468879372, 0.0207684449852, 0.022298457101, 0.0172437895089, 0.0024885465391, 0.00284786778502, 0.00591885251924, 0.0019734853413, 0.000704874750227, 0.00100782734808, 0.00180365331471, 0.006280713249, 0.00396881299093, 0.00128866266459, 0.00142175494693, 0.000575439655222, 0.00110124470666, 0.00132564152591, 0.00100921757985, 0.00141128734685, 0.00100099376868, 0.00112752069253, 0.00190379587002, 0.00221828860231, 0.00228977599181, 0.00130517722573, 0.00101117382292, 0.000506828248035, 0.000325020926539, 0.000445727811893, 0.00145437184256, 0.00117965042591, 0.000411548098782, 0.000497646164149, 0.00167892628815, 0.000925390282646, 0.00062973308377, 0.000203446252272, 0.000237999600358, 0.000280981184915, 9.90550615825e-05, 8.00351335783e-05, 5.41165536561e-05, 3.92635520257e-05, 2.5861469112e-05, 2.8073645808e-05, 2.50513567153e-05, 1.61744901561e-05, 1.35256714202e-05, 1.32617306008e-05, 2.32427319133e-05, 2.21804111789e-05, 3.30486836901e-05, 1.98767738766e-05, 5.10001955263e-05, 3.17279263982e-05, 2.92691238428e-05, 3.59533187293e-05, 4.10248467233e-05, 3.31594383169e-05, 4.96715583722e-05, 4.32329907198e-05, 6.16088873358e-05, 0.000104825681774, 0.000111014764116, 9.13915355341e-05, 0.000159357819939, 0.000132000874146, 0.000165838195244, 0.000166676371009, 0.000130335683934, 0.000226362579269, 0.00012362418056, 0.000107083644252, 0.000108828971861, 7.75131411501e-05, 5.93697259319e-05, 6.19292040938e-05, 3.70595080312e-05, 3.28718560922e-05, 0.000281657325104, 0.000259609194472, 2.6484756745e-05, 2.53185608017e-05, 1.96502296603e-05, 1.26907216327e-05, 1.17152312669e-05, 8.67391463544e-06, 4.93909874422e-06, 4.70335544378e-06, 3.8653233787e-06, 3.83568203688e-06, 2.3762750061e-06, 1.64494338151e-06, 4.02799742005e-07, 6.62106344862e-07, 1.57783741628e-08, 1.65135766172e-10, 1.6068203712e-10, 1.58713112097e-10, 1.57392127109e-10],
        "mean": [0.000161779578775, 0.00036421965342, 0.000734568980988, 0.0011570174247, 0.000993151566945, 0.00076162366895, 0.000973546644673, 0.000832733232528, 0.000624636362772, 0.000748578459024, 0.000535297614988, 0.000345665641362, 0.000506205542479, 0.00071920582559, 0.000618033285718, 0.00032777065644, 0.000265699112788, 0.000353392912075, 0.00014836799528, 4.21681907028e-05, 5.29707613168e-05, 0.000181481387699, 0.000351479218807, 0.000263786496362, 0.000361869868357, 0.000227830634685, 0.000100604716863, 0.000140256233863, 0.000212626546272, 0.000444029428763, 0.000266090675723, 6.35973192402e-05, 8.90107767191e-05, 5.85805282753e-05, 2.00611448236e-05, 1.51752292368e-05, 1.97446242964e-05, 1.97784138436e-05, 6.42032027827e-05, 4.72231840831e-05, 1.72567324626e-05, 1.03250777101e-05, 8.001081369e-06, 1.25101805679e-05, 1.91454491869e-05, 2.70669970632e-05, 3.76201023755e-05, 1.33010134959e-05, 1.33383537104e-05, 2.41706566158e-05, 2.07368648262e-05, 2.05122178158e-05, 2.19018875214e-05, 1.01774994619e-05, 9.02990632312e-06, 6.55954681861e-06, 6.21668732492e-06, 1.44100249599e-05, 1.09409647848e-05, 7.39292772778e-06, 9.35635944188e-06, 1.34964102472e-05, 1.52484999489e-05, 1.05898989204e-05, 6.04561046202e-06, 5.70285419599e-06, 8.30277167552e-06, 3.12544580083e-06, 2.13037378671e-06, 2.2012120553e-06, 1.64603898156e-06, 1.0417871863e-06, 9.41067810345e-07, 1.13344822239e-06, 6.37362177258e-07, 8.2847060412e-07, 8.24838537028e-07, 7.65434492678e-07, 8.05683953331e-07, 9.38569598929e-07, 7.1796677048e-07, 7.76532431246e-07, 7.05477532392e-07, 8.13178473891e-07, 8.67025732987e-07, 9.66890524978e-07, 1.3669701957e-06, 1.27129362681e-06, 1.5494293848e-06, 2.14285046241e-06, 2.57307237916e-06, 2.26434372053e-06, 2.21938489631e-06, 2.31777153203e-06, 2.0458282961e-06, 2.29013789976e-06, 2.48491073762e-06, 2.41717748395e-06, 2.61102195509e-06, 2.30264595302e-06, 2.03331342163e-06, 1.95947018256e-06, 1.61817001754e-06, 1.30197645376e-06, 9.49652644522e-07, 8.84853250227e-07, 1.03634090465e-06, 3.4758570564e-06, 3.15785632665e-06, 5.7596349734e-07, 5.06839967329e-07, 3.6531787373e-07, 2.65914110287e-07, 2.14988816083e-07, 1.79522729127e-07, 1.64312140782e-07, 1.14038769539e-07, 9.79557270853e-08, 1.22487747944e-07, 7.78241542321e-08, 2.85271699596e-08, 9.26278076463e-09, 5.11341013976e-09, 1.20880708221e-10, 2.76715087476e-12, 2.63270438436e-12, 2.55586741008e-12, 2.53196313742e-12],
        "min": [1.20904166678e-08, 1.06949826773e-07, 9.46958209624e-07, 1.52744337356e-06, 1.74759657057e-06, 1.20923562008e-06, 4.27917370871e-07, 3.74255790803e-07, 1.5303114651e-06, 1.64922266777e-06, 4.68751863991e-07, 5.09081246491e-07, 5.21418087374e-07, 8.05041395324e-07, 1.5660509689e-07, 1.13074264618e-07, 2.79444325457e-08, 6.92331738605e-08, 7.99373225391e-08, 4.84118771737e-08, 7.71550787704e-08, 1.06756537832e-07, 2.08551771408e-08, 5.12866762392e-08, 8.24742159011e-08, 6.27753422577e-08, 4.62340601359e-08, 1.92227247453e-08, 1.89753457391e-08, 2.25774314799e-08, 2.76531917365e-08, 9.65963664612e-09, 1.06362154639e-08, 1.44230432042e-08, 8.68224780959e-09, 9.77500924648e-09, 5.20204990195e-09, 7.85449749685e-09, 8.4164435421e-09, 1.27895622981e-08, 3.17815818107e-09, 1.12155307264e-08, 6.64427890484e-09, 1.31665744973e-09, 5.32446353674e-09, 7.23245285883e-09, 9.61482804485e-09, 5.48681722279e-09, 6.28870200359e-09, 2.58012189391e-09, 3.81005849093e-09, 3.46842821131e-09, 2.47075715443e-09, 2.75077272072e-09, 2.39462538687e-09, 5.15941600554e-09, 1.99651872812e-09, 1.59096869012e-09, 2.33152053219e-09, 3.50790707593e-09, 3.2941414041e-09, 3.667866455e-09, 3.15981374399e-09, 2.00966954189e-09, 2.95781266146e-09, 3.63795615854e-09, 3.98260624479e-09, 3.12424330851e-09, 2.48893772259e-09, 2.01322758464e-09, 1.3655037101e-09, 1.40868994247e-09, 1.65824431964e-09, 6.21910301035e-10, 5.88593451756e-10, 4.65886385026e-10, 7.4445272169e-10, 7.10004777194e-10, 4.36079394817e-10, 2.05922501273e-10, 4.84354778507e-10, 3.01614649922e-10, 2.77258715986e-10, 2.57551868721e-10, 2.33926378268e-10, 1.74727177171e-10, 1.15823607649e-10, 1.41995928904e-10, 1.29713281782e-10, 1.76251901962e-10, 1.09297418338e-10, 1.57187499128e-10, 2.03741870597e-10, 1.64290567262e-10, 1.33208957753e-10, 1.44424805448e-10, 1.91460944321e-10, 8.96222610014e-11, 1.14119408368e-10, 1.20278800808e-10, 1.11937480118e-10, 8.45513728476e-11, 4.31151850333e-11, 4.44133202437e-11, 3.7187791041e-11, 2.58849868623e-11, 1.86245151246e-11, 1.93094481377e-11, 1.22595380028e-11, 9.76428313204e-12, 9.06228911357e-12, 1.3198195141e-11, 8.51569943033e-12, 9.83020435885e-12, 8.8894802977e-12, 6.29870461344e-12, 3.32516392892e-12, 2.12425197333e-13, 1.49887182744e-13, 1.55122320696e-13, 1.10978514247e-13, 1.39455992327e-13, 1.23526487433e-13, 1.11685217552e-13, 6.73222464104e-14, 2.2346206374e-14, 3.76866854035e-15, 1.16911576961e-16],
        "stdev": [0.000436535192421, 0.00073731894372, 0.00113064714242, 0.0017743135104, 0.00156014889944, 0.00113717466593, 0.00151028169785, 0.00158948462922, 0.00136075669434, 0.00174706603866, 0.00113403575961, 0.000601628154982, 0.00103707506787, 0.00190993200522, 0.00191268848721, 0.00107168464456, 0.000845333153848, 0.00134383619297, 0.000510966347065, 0.000199916496058, 0.000334835494868, 0.000889827380888, 0.00173702347092, 0.00105972238816, 0.00153052504174, 0.00112420902587, 0.000574207806494, 0.000840124615934, 0.00109589425847, 0.00153364846483, 0.0010592850158, 0.000204825788387, 0.000345652078977, 0.000287890492473, 9.6182411653e-05, 4.00157405238e-05, 6.5201864345e-05, 8.30362696433e-05, 0.000278798717773, 0.000190399834537, 6.34098032606e-05, 4.48441096523e-05, 2.60970464296e-05, 5.35769759153e-05, 7.31000909582e-05, 7.35295107006e-05, 0.000116540060844, 5.41432600585e-05, 6.10672286712e-05, 0.000109721811896, 8.74870238476e-05, 9.82182245934e-05, 7.88833785919e-05, 3.93680675188e-05, 3.10942159558e-05, 2.02566607186e-05, 2.10003145185e-05, 6.33125382592e-05, 4.59545080957e-05, 2.24219929805e-05, 2.58475083683e-05, 5.70841039007e-05, 4.72344654554e-05, 3.58362594852e-05, 1.4902941075e-05, 1.40527299664e-05, 2.23863644351e-05, 7.86521377449e-06, 5.09011942995e-06, 4.0953482312e-06, 2.72379543276e-06, 1.75193963514e-06, 1.84224211353e-06, 1.91426147467e-06, 1.14124566153e-06, 1.36984874644e-06, 1.40417319017e-06, 1.52822053678e-06, 1.74511660589e-06, 2.39545579461e-06, 1.56218197844e-06, 2.08824235415e-06, 1.72786917574e-06, 2.04444609153e-06, 2.26733914133e-06, 2.44005491368e-06, 2.83831741399e-06, 3.34673632096e-06, 4.0011332203e-06, 5.14650400874e-06, 7.3386445365e-06, 7.61364526625e-06, 7.29085286366e-06, 9.07980665943e-06, 7.24802248442e-06, 8.89367493073e-06, 1.0425608707e-05, 9.57124575507e-06, 1.12072148113e-05, 8.51556706039e-06, 7.04057765688e-06, 7.0350988608e-06, 6.09620974501e-06, 4.63402966489e-06, 3.11839471578e-06, 2.72406555268e-06, 3.0020835311e-06, 1.83935935638e-05, 1.64614848472e-05, 1.90414766621e-06, 1.76726530299e-06, 1.13905957733e-06, 7.81029825703e-07, 6.92124672241e-07, 5.78437493459e-07, 4.90056379476e-07, 3.79104477588e-07, 3.33272907937e-07, 4.1148280161e-07, 2.66861405862e-07, 1.01137850095e-07, 3.53021754051e-08, 2.88669212978e-08, 9.63345736515e-10, 6.43708350512e-12, 6.30919318526e-12, 6.23976478126e-12, 6.19492608253e-12]
    },
    "mfcc": {
        "mean": [-694.448242188, 134.168502808, 22.0326004028, 18.4505882263, 12.9864940643, -3.95151090622, 3.34187102318, 6.28901529312, -5.51129722595, 1.54439520836, -4.00224256516, -5.31221342087, -6.36821079254],
        "cov": [[10155.0126953, -2560.60864258, -582.262390137, -1203.28942871, 167.843017578, -473.521148682, -95.597869873, 391.750671387, -152.498657227, 405.943847656, -110.596626282, -270.815856934, 227.723144531], [-2560.60864258, 1517.9128418, -230.164367676, 329.614105225, -56.6560935974, 104.445198059, 72.1826324463, -51.1481018066, 37.4616279602, -16.2720355988, 17.4779586792, 44.0241088867, -13.8602752686], [-582.262390137, -230.164367676, 618.004821777, 43.427028656, -5.99701738358, 55.6878356934, -9.78846931458, -101.959899902, 11.2934112549, -102.442565918, 19.075056076, 63.9536514282, -87.4593811035], [-1203.28942871, 329.614105225, 43.427028656, 382.015350342, 2.28516077995, 99.631942749, -31.8436069489, -19.4450016022, 45.1732826233, -68.2682800293, 45.1990203857, 72.6705322266, -27.9193248749], [167.843017578, -56.6560935974, -5.99701738358, 2.28516077995, 140.973083496, -34.0895614624, -20.9615077972, 24.052154541, 16.7034854889, -1.34968650341, -8.90445899963, -7.98403453827, 12.4145507812], [-473.521148682, 104.445198059, 55.6878356934, 99.631942749, -34.0895614624, 194.959442139, 44.3184700012, -15.5608778, 36.610004425, 4.43089866638, 24.2194423676, 31.8275051117, -3.47752785683], [-95.597869873, 72.1826324463, -9.78846931458, -31.8436069489, -20.9615077972, 44.3184700012, 118.355033875, 5.03609657288, -11.4132432938, 19.7126426697, 0.0263426862657, -8.73597812653, -0.536367297173], [391.750671387, -51.1481018066, -101.959899902, -19.4450016022, 24.052154541, -15.5608778, 5.03609657288, 107.052703857, 10.712187767, 32.0703964233, -4.80821895599, -12.5140447617, 30.1578884125], [-152.498657227, 37.4616279602, 11.2934112549, 45.1732826233, 16.7034854889, 36.610004425, -11.4132432938, 10.712187767, 76.7250137329, 12.2080612183, 12.0666027069, 15.9385452271, 4.42314720154], [405.943847656, -16.2720355988, -102.442565918, -68.2682800293, -1.34968650341, 4.43089866638, 19.7126426697, 32.0703964233, 12.2080612183, 116.851013184, 7.42189025879, -23.3254184723, 23.6561527252], [-110.596626282, 17.4779586792, 19.075056076, 45.1990203857, -8.90445899963, 24.2194423676, 0.0263426862657, -4.80821895599, 12.0666027069, 7.42189025879, 60.7901992798, 32.723815918, -4.69160175323], [-270.815856934, 44.0241088867, 63.9536514282, 72.6705322266, -7.98403453827, 31.8275051117, -8.73597812653, -12.5140447617, 15.9385452271, -23.3254184723, 32.723815918, 81.5157394409, 0.0507887415588], [227.723144531, -13.8602752686, -87.4593811035, -27.9193248749, 12.4145507812, -3.47752785683, -0.536367297173, 30.1578884125, 4.42314720154, 23.6561527252, -4.69160175323, 0.0507887415588, 82.7781524658]],
        "icov": [[0.000344207248418, 0.000462072028313, 0.000273632875178, 0.000499692978337, -0.000113872767542, 0.000110602864879, 0.000226721356739, -0.000519740046002, 0.000311626470648, -0.000534635095391, -2.44537404797e-05, -8.00466586952e-05, -6.45593827358e-05], [0.000462072028313, 0.00169249658938, 0.00100327318069, -0.000369542685803, 0.000113213420263, 0.000347193243215, -0.000697205192409, 0.000252264755545, -4.03407502745e-05, -0.000815496256109, 0.000572682532948, -0.00045252306154, 0.000116722912935], [0.000273632875178, 0.00100327318069, 0.00323409144767, 0.000653755036183, -0.000451328844065, -0.00060042849509, -0.00027347280411, 0.00154605507851, -0.000632953073364, 0.00126152881421, 0.000196368797333, -0.00195010367315, 0.00221576332115], [0.000499692978337, -0.000369542685803, 0.000653755036183, 0.00632137432694, -0.000986232422292, -0.00227232673205, 0.00261314515956, -0.00178201845847, -0.000370931258658, 0.00213752593845, -0.00234736152925, -0.00186592643149, 0.00138193345629], [-0.000113872767542, 0.000113213420263, -0.000451328844065, -0.000986232422292, 0.00844654813409, 0.00180641247425, 0.000166714249644, -0.00116462865844, -0.002491065301, 0.000404388294555, 0.000872036092915, 0.00100836367346, -0.00117641233373], [0.000110602864879, 0.000347193243215, -0.00060042849509, -0.00227232673205, 0.00180641247425, 0.00849841535091, -0.00377040565945, 0.000879958504811, -0.00320490077138, -0.0016109860735, -3.96856594307e-05, -0.000551062927116, -0.00127611728385], [0.000226721356739, -0.000697205192409, -0.00027347280411, 0.00261314515956, 0.000166714249644, -0.00377040565945, 0.0118290195242, -0.00220658490434, 0.00321753788739, -0.00109991047066, -0.000783741357736, 0.000802524155006, 0.00064661790384], [-0.000519740046002, 0.000252264755545, 0.00154605507851, -0.00178201845847, -0.00116462865844, 0.000879958504811, -0.00220658490434, 0.0141088431701, -0.00268777064048, -0.000779462803621, 0.000937799050007, -8.816090849e-05, -0.00201875390485], [0.000311626470648, -4.03407502745e-05, -0.000632953073364, -0.000370931258658, -0.002491065301, -0.00320490077138, 0.00321753788739, -0.00268777064048, 0.0179080013186, -0.00362428533845, -0.000595885969233, -0.00147521635517, -0.000372897251509], [-0.000534635095391, -0.000815496256109, 0.00126152881421, 0.00213752593845, 0.000404388294555, -0.0016109860735, -0.00109991047066, -0.000779462803621, -0.00362428533845, 0.014547418803, -0.00481085898355, 0.00300303194672, -0.0007016020827], [-2.44537404797e-05, 0.000572682532948, 0.000196368797333, -0.00234736152925, 0.000872036092915, -3.96856594307e-05, -0.000783741357736, 0.000937799050007, -0.000595885969233, -0.00481085898355, 0.0239206776023, -0.00915507692844, 0.0018677727785], [-8.00466586952e-05, -0.00045252306154, -0.00195010367315, -0.00186592643149, 0.00100836367346, -0.000551062927116, 0.000802524155006, -8.816090849e-05, -0.00147521635517, 0.00300303194672, -0.00915507692844, 0.0206513144076, -0.0039932676591], [-6.45593827358e-05, 0.000116722912935, 0.00221576332115, 0.00138193345629, -0.00117641233373, -0.00127611728385, 0.00064661790384, -0.00201875390485, -0.000372897251509, -0.0007016020827, 0.0018677727785, -0.0039932676591, 0.016276018694]]
    },
    "spectral_contrast_coeffs": {
        "max": [-0.49966982007, -0.435574769974, -0.419917434454, -0.585854530334, -0.597684144974, -0.69392156601],
        "mean": [-0.718565165997, -0.764536380768, -0.765273690224, -0.816173970699, -0.803597688675, -0.822894275188],
        "min": [-0.874751210213, -0.929993152618, -0.917363584042, -0.928904533386, -0.90213727951, -0.882600426674],
        "stdev": [0.0612766034901, 0.0869641304016, 0.0907079130411, 0.0662309005857, 0.0560584962368, 0.0305951721966]
    },
    "spectral_contrast_valleys": {
        "max": [-5.05487012863, -4.7551112175, -6.0656337738, -5.97111320496, -6.36677360535, -7.56627845764],
        "mean": [-6.6001033783, -6.95181655884, -7.83673143387, -8.14562034607, -8.24094104767, -10.3913040161],
        "min": [-8.81154918671, -9.06330871582, -10.2170438766, -10.5129756927, -10.5248289108, -13.5639457703],
        "stdev": [0.643656611443, 0.716366350651, 0.810399711132, 0.886177182198, 0.917046010494, 1.41422092915]
    }
},
"rhythm": {
    "beats_count": 50,
    "beats_loudness": {
        "max": 0.130317747593,
        "mean": 0.0383463986218,
        "min": 0.000918464851566,
        "stdev": 0.0311876963824
    },
    "bpm": 91.9625549316,
    "bpm_histogram_first_peak_bpm": 92,
    "bpm_histogram_first_peak_weight": 0.0222222805023,
    "bpm_histogram_second_peak_bpm": 105,
    "bpm_histogram_second_peak_spread": 0,
    "bpm_histogram_second_peak_weight": 0.0816326513886,
    "danceability": 1.16837191582,
    "onset_rate": 3.56835913658,
    "beats_loudness_band_ratio": {
        "max": [0.940560936928, 0.81548678875, 0.64225512743, 0.463573694229, 0.23925922811, 0.117188259959],
        "mean": [0.473027586937, 0.287183523178, 0.158432558179, 0.0894648656249, 0.0360918417573, 0.0264433436096],
        "min": [0.0917479768395, 0.0214145593345, 0.0185437090695, 0.00208739913069, 0.00088374922052, 0.000435302121332],
        "stdev": [0.231700628996, 0.17876406014, 0.155751332641, 0.103603646159, 0.0435866191983, 0.0277294553816]
    },
    "beats_position": [0.568888902664, 1.13777780533, 1.70666658878, 2.27555561066, 2.8444442749, 3.49460315704, 4.14476203918, 4.79492044449, 5.44507932663, 6.10684776306, 6.7570066452, 7.40716552734, 8.05732440948, 8.70748329163, 9.35764122009, 10.0194101334, 10.6811790466, 11.3313379288, 11.9814968109, 12.6316547394, 13.2818136215, 13.9319725037, 14.5821313858, 15.2322902679, 15.8940582275, 16.5558280945, 17.2059860229, 17.8561439514, 18.5063037872, 19.1564617157, 19.8066215515, 20.45677948, 21.1069393158, 21.7570972443, 22.4072551727, 23.0574150085, 23.7191829681, 24.3809528351, 25.0311107635, 25.681268692, 26.3314285278, 26.9815864563, 27.6317462921, 28.2819042206, 28.932062149, 29.5822219849, 30.2323799133, 30.8825397491, 31.5559177399, 32.2060775757],
