{
"metadata": {
    "version": {
        "essentia": "2.1-beta5",
        "essentia_git_sha": "Undefined",
        "extractor": "music 2.0"
    },
    "audio_properties": {
        "analysis": {
            "equal_loudness": 0,
            "length": 48.7502937317,
            "sample_rate": 44100,
            "start_time": 110.248344421,
            "downmix": "mix"
        },
        "bit_rate": 192000,
        "length": 188.290618896,
        "lossless": 0,
        "number_channels": 2,
        "replay_gain": -10.0985088348,
        "sample_rate": 48000,
        "codec": "mp3",
        "md5_encoded": "008c5bd6e98983eba8ff63f712be55a4"
    },
    "tags": {
        "file_name": "Slovenia_Stop_Omar Naber.mp3",
        "encoding": ["Lavf58.29.100"]
    }
},
"lowlevel": {
    "average_loudness": 0.965645253658,
    "barkbands_crest": {
        "max": 22.0209140778,
        "mean": 6.43990278244,
        "min": 2.04940676689,
        "stdev": 2.8100476265
    },
    "barkbands_flatness_db": {
        "max": 0.204061955214,
        "mean": 0.0709146782756,
        "min": 0.0198543611914,
        "stdev": 0.0205710157752
    },
    "barkbands_kurtosis": {
        "max": 13.2086143494,
        "mean": -0.670696437359,
        "min": -1.78423917294,
        "stdev": 0.932929813862
    },
    "barkbands_skewness": {
        "max": 3.64759469032,
        "mean": 0.118063300848,
        "min": -1.75916016102,
        "stdev": 0.546486616135
    },
    "barkbands_spread": {
        "max": 83.1686477661,
        "mean": 35.6329650879,
        "min": 8.54692840576,
        "stdev": 9.77661895752
    },
    "dissonance": {
        "max": 0.499995112419,
        "mean": 0.484545648098,
        "min": 0.289219796658,
        "stdev": 0.012462255545
    },
    "dynamic_complexity": 1.70141029358,
    "erbbands_crest": {
        "max": 24.5643997192,
        "mean": 7.55877876282,
        "min": 2.919506073,
        "stdev": 2.94590330124
    },
    "erbbands_flatness_db": {
        "max": 0.249041229486,
        "mean": 0.150044724345,
        "min": 0.0812978446484,
        "stdev": 0.0244993939996
    },
    "erbbands_kurtosis": {
        "max": 8.96332931519,
        "mean": 0.506137669086,
        "min": -1.42116224766,
        "stdev": 1.26543962955
    },
    "erbbands_skewness": {
        "max": 2.36149430275,
        "mean": -0.293714314699,
        "min": -2.02610230446,
        "stdev": 0.512613117695
    },
    "erbbands_spread": {
        "max": 90.6094360352,
        "mean": 26.9697647095,
        "min": 6.42545032501,
        "stdev": 7.96059513092
    },
    "hfc": {
        "max": 86.2413482666,
        "mean": 33.4479217529,
        "min": 0.631354570389,
        "stdev": 14.7699337006
    },
    "loudness_ebu128": {
        "integrated": -12.5715389252,
        "loudness_range": 2.64152812958,
        "momentary": {
            "max": -9.87397384644,
            "mean": -12.7358226776,
            "min": -16.9641532898,
            "stdev": 1.20659351349
        },
        "short_term": {
            "max": -10.7283935547,
            "mean": -12.6371335983,
            "min": -14.3458328247,
            "stdev": 0.87233376503
        }
    },
    "melbands_crest": {
        "max": 28.7887763977,
        "mean": 10.4291572571,
        "min": 3.34867668152,
        "stdev": 4.508436203
    },
    "melbands_flatness_db": {
        "max": 0.289798229933,
        "mean": 0.110652402043,
        "min": 0.0269887074828,
        "stdev": 0.0297449529171
    },
    "melbands_kurtosis": {
        "max": 50.9565582275,
        "mean": 1.05830836296,
        "min": -1.64094698429,
        "stdev": 3.2261402607
    },
    "melbands_skewness": {
        "max": 6.62571620941,
        "mean": 1.05595219135,
        "min": -0.86107981205,
        "stdev": 0.756167590618
    },
    "melbands_spread": {
        "max": 135.196273804,
        "mean": 54.4408111572,
        "min": 6.360247612,
        "stdev": 15.798160553
    },
    "pitch_salience": {
        "max": 0.840649187565,
        "mean": 0.604564964771,
        "min": 0.297151952982,
        "stdev": 0.0819347724319
    },
    "silence_rate_20dB": {
        "max": 1,
        "mean": 1,
        "min": 1,
        "stdev": 0
    },
    "silence_rate_30dB": {
        "max": 1,
        "mean": 1,
        "min": 1,
        "stdev": 0
    },
    "silence_rate_60dB": {
        "max": 1,
        "mean": 0.000475963839563,
        "min": 0,
        "stdev": 0.0218116752803
    },
    "spectral_centroid": {
        "max": 3775.40771484,
        "mean": 2336.64916992,
        "min": 683.899475098,
        "stdev": 326.830627441
    },
    "spectral_complexity": {
        "max": 57,
        "mean": 34.6811027527,
        "min": 0,
        "stdev": 7.41572332382
    },
    "spectral_decrease": {
        "max": -1.09680993454e-10,
        "mean": -5.21258991526e-09,
        "min": -1.68914287002e-08,
        "stdev": 2.30928431932e-09
    },
    "spectral_energy": {
        "max": 0.0686622262001,
        "mean": 0.0227073282003,
        "min": 0.000471228180686,
        "stdev": 0.00970577355474
    },
    "spectral_energyband_high": {
        "max": 0.00910484511405,
        "mean": 0.00129271694459,
        "min": 2.02199225896e-05,
        "stdev": 0.000936661381274
    },
    "spectral_energyband_low": {
        "max": 0.0373456627131,
        "mean": 0.00484916288406,
        "min": 9.95805166895e-05,
        "stdev": 0.00502091599628
    },
    "spectral_energyband_middle_high": {
        "max": 0.0364682786167,
        "mean": 0.0116792544723,
        "min": 0.000247977382969,
        "stdev": 0.00624700868502
    },
    "spectral_energyband_middle_low": {
        "max": 0.0330333523452,
        "mean": 0.00541378743947,
        "min": 0.000128419487737,
        "stdev": 0.0040856776759
    },
    "spectral_entropy": {
        "max": 8.66555213928,
        "mean": 7.91619968414,
        "min": 7.26619958878,
        "stdev": 0.15810546279
    },
    "spectral_flux": {
        "max": 0.191950395703,
        "mean": 0.0897803381085,
        "min": 0.0219111423939,
        "stdev": 0.0255501847714
    },
    "spectral_kurtosis": {
        "max": 13.1917095184,
        "mean": 4.36138868332,
        "min": -0.412642240524,
        "stdev": 1.41032338142
    },
    "spectral_rms": {
        "max": 0.00818459130824,
        "mean": 0.0045986296609,
        "min": 0.000678037467878,
        "stdev": 0.00100306852255
    },
    "spectral_rolloff": {
        "max": 7816.55273438,
        "mean": 2859.14331055,
        "min": 150.732421875,
        "stdev": 825.330078125
    },
    "spectral_skewness": {
        "max": 2.8878262043,
        "mean": 1.34866583347,
        "min": 0.444144159555,
        "stdev": 0.253529667854
    },
    "spectral_spread": {
        "max": 19796940,
        "mean": 3804147.5,
        "min": 2279234.5,
        "stdev": 724923.3125
    },
    "spectral_strongpeak": {
        "max": 10.8647279739,
        "mean": 1.32367944717,
        "min": 0.00559731014073,
        "stdev": 1.60229754448
    },
    "zerocrossingrate": {
        "max": 0.21630859375,
        "mean": 0.0936372876167,
        "min": 0.01904296875,
        "stdev": 0.0195992197841
    },
    "barkbands": {
        "max": [0.00308478111401, 0.0348194539547, 0.0189923048019, 0.0204702429473, 0.0164980273694, 0.00918222498149, 0.0158298015594, 0.0183149185032, 0.0198196768761, 0.0176521763206, 0.0332430712879, 0.0137480152771, 0.0204682741314, 0.0166727807373, 0.0159543436021, 0.0167280957103, 0.0116095170379, 0.00751469423994, 0.00620566960424, 0.0023164243903, 0.00200891704299, 0.00426087947562, 0.00432936893776, 0.00204577133991, 0.000819031323772, 0.000326681009028, 0.000180298782652],
        "mean": [0.000191855011508, 0.00302667636424, 0.0013306181645, 0.000642727827653, 0.00114343920723, 0.000437797192717, 0.000758598791435, 0.000819802167825, 0.00121337047312, 0.00138656492345, 0.0011359982891, 0.000650729518384, 0.0010180324316, 0.00126096128952, 0.00147070537787, 0.00116781168617, 0.0012139613973, 0.00110960914753, 0.00113730854355, 0.00049623841187, 0.000325199478539, 0.000342048093444, 0.000218036904698, 0.000111405992357, 5.2145740483e-05, 3.35822805937e-05, 1.21227785712e-05],
        "min": [2.66983253283e-08, 2.58368418145e-05, 6.10390679867e-06, 2.84372163151e-06, 1.89145303011e-05, 3.28345731759e-06, 7.81076437306e-07, 4.71186723416e-07, 9.47810531216e-06, 6.44506599201e-06, 5.61425167689e-06, 8.34754609969e-06, 8.34886122902e-06, 1.5415429516e-05, 3.7608472212e-06, 4.94872529089e-06, 5.58368219572e-06, 8.90764385986e-06, 1.45643934957e-05, 9.70550991042e-06, 1.88658657407e-06, 4.86180670123e-06, 2.03830245482e-06, 2.11645306081e-06, 4.47610176479e-07, 6.71782913741e-08, 4.63717571286e-11],
        "stdev": [0.000384484766982, 0.004180053249, 0.00150444952305, 0.000977578107268, 0.00145505345426, 0.000765593897086, 0.00155444163829, 0.00156537012663, 0.00190649926662, 0.00208297395147, 0.00206259009428, 0.000895293080248, 0.00132449809462, 0.00154634914361, 0.00180887745228, 0.00146753143054, 0.00114218506496, 0.000765300297644, 0.000834003323689, 0.000319286162267, 0.000221658076043, 0.000346714979969, 0.000301437132293, 0.000164347336977, 5.2944131312e-05, 3.37257224601e-05, 2.2517862817e-05]
    },
    "erbbands": {
        "max": [1.34929478168, 6.44550895691, 14.6260356903, 57.3734207153, 58.5314407349, 77.2027893066, 69.6169891357, 86.3564605713, 209.517623901, 375.384643555, 460.900421143, 467.033721924, 567.581054688, 606.440185547, 1076.6751709, 675.074707031, 893.391601562, 655.541625977, 1011.3081665, 1084.18200684, 786.686645508, 468.095123291, 400.307250977, 273.369476318, 249.614639282, 125.417175293, 68.9122619629, 93.2204818726, 146.84046936, 156.95892334, 140.907409668, 86.1491546631, 29.0845317841, 7.70587062836, 6.24966573715, 2.47755479813, 0.704730987549, 0.140096053481, 0.0430154465139, 0.00162038661074],
        "mean": [0.0984283685684, 0.632470905781, 1.51563417912, 1.90556120872, 2.87266469002, 4.25839996338, 3.29729342461, 3.7514102459, 7.07627868652, 17.0830478668, 21.0195655823, 25.9972953796, 36.9724273682, 51.4701385498, 36.4592285156, 29.7363986969, 46.3999595642, 64.5160064697, 64.8309936523, 81.9890823364, 64.1217651367, 65.2426834106, 61.5847053528, 60.2154464722, 47.9714889526, 24.6557998657, 14.3995027542, 12.7032175064, 12.9485654831, 8.46423149109, 5.9854888916, 3.40031480789, 1.29288446903, 0.642794489861, 0.348056972027, 0.163066670299, 0.0570203475654, 0.0133146354929, 0.00250067934394, 0.000115517534141],
        "min": [0.000638434197754, 0.00849709380418, 0.0137549890205, 0.0391671657562, 0.0361366085708, 0.0638989657164, 0.040965590626, 0.0686039850116, 0.0163210779428, 0.0135648995638, 0.0213659256697, 0.255223035812, 0.281989276409, 0.464667588472, 0.725095808506, 0.526837050915, 0.347119003534, 1.05620276928, 0.627114534378, 0.225725725293, 0.348981559277, 0.380242556334, 0.470064103603, 0.639856159687, 0.310194551945, 0.54390591383, 0.0951287448406, 0.106265425682, 0.190863281488, 0.143300876021, 0.0321781076491, 0.0422702543437, 0.0261649359018, 0.00752986641601, 0.00211558816954, 0.000384316750569, 0.000133337962325, 1.17451527331e-05, 4.14794658354e-06, 3.37425944963e-06],
        "stdev": [0.173883616924, 0.797236740589, 1.56725275517, 2.35955739021, 3.60264420509, 6.39709568024, 5.3321557045, 6.99036884308, 13.6650352478, 36.6535949707, 38.8445701599, 40.4780349731, 51.0692977905, 76.25050354, 61.5504760742, 37.0615501404, 56.7593383789, 74.3001022339, 77.2598953247, 109.258476257, 70.5473175049, 55.3469200134, 41.81042099, 40.2469291687, 35.6962394714, 15.7488746643, 9.42423343658, 9.46562862396, 12.6623897552, 10.5897789001, 8.88348770142, 5.15621852875, 2.00993824005, 0.715481936932, 0.35315901041, 0.158780246973, 0.0613281913102, 0.0187755599618, 0.0048834043555, 0.000175737106474]
    },
    "gfcc": {
        "mean": [49.381729126, 57.5596084595, -141.693634033, 38.0306854248, -42.0983276367, 17.9652919769, -26.5642166138, 13.4033966064, -19.242099762, 0.450436502695, -19.9152011871, 0.368691205978, -17.1169834137],
        "cov": [[760.039123535, -227.077468872, 97.7987594604, -187.94569397, -11.4196004868, -52.0864982605, -3.22455739975, 3.71708726883, 23.1204280853, 29.2881374359, 2.53390312195, 32.4607048035, -12.7457933426], [-227.077468872, 300.432861328, -81.4829101562, 79.7487182617, -13.1959466934, -11.5465803146, 5.95206165314, 0.184567898512, 1.83462238312, -11.9402275085, 18.2921085358, -14.0050783157, 13.5584506989], [97.7987594604, -81.4829101562, 265.842651367, -34.9535102844, 69.5363769531, -18.6664352417, -4.12793922424, -0.219831928611, -10.2317380905, 20.7537288666, 2.81160092354, 17.2784080505, -8.3705997467], [-187.94569397, 79.7487182617, -34.9535102844, 224.419342041, 10.7310504913, 55.4270591736, -32.2707023621, -6.72885322571, 25.7209739685, 4.53199291229, 3.11643362045, 1.51243507862, 13.3515863419], [-11.4196004868, -13.1959466934, 69.5363769531, 10.7310504913, 160.072296143, -13.821680069, 1.9637556076, 9.34809112549, 20.5630207062, 24.6862621307, -12.6463804245, 1.59403192997, 12.4162597656], [-52.0864982605, -11.5465803146, -18.6664352417, 55.4270591736, -13.821680069, 153.892333984, 50.3270759583, 21.3045635223, -9.81736373901, -30.9148597717, 6.85294437408, 9.16897010803, 0.769011497498], [-3.22455739975, 5.95206165314, -4.12793922424, -32.2707023621, 1.9637556076, 50.3270759583, 121.83127594, 29.119222641, -15.8644104004, -10.0701141357, 10.4436626434, 5.83650827408, -16.255657196], [3.71708726883, 0.184567898512, -0.219831928611, -6.72885322571, 9.34809112549, 21.3045635223, 29.119222641, 74.6191558838, 21.951789856, 18.6248245239, -4.10538053513, -6.74168491364, -0.59396559], [23.1204280853, 1.83462238312, -10.2317380905, 25.7209739685, 20.5630207062, -9.81736373901, -15.8644104004, 21.951789856, 96.6457977295, 26.2803268433, 2.15410256386, -15.7032699585, 3.02942848206], [29.2881374359, -11.9402275085, 20.7537288666, 4.53199291229, 24.6862621307, -30.9148597717, -10.0701141357, 18.6248245239, 26.2803268433, 93.4768295288, 14.8879861832, -4.27013063431, -4.2794675827], [2.53390312195, 18.2921085358, 2.81160092354, 3.11643362045, -12.6463804245, 6.85294437408, 10.4436626434, -4.10538053513, 2.15410256386, 14.8879861832, 53.2248420715, 22.6746845245, 0.444366753101], [32.4607048035, -14.0050783157, 17.2784080505, 1.51243507862, 1.59403192997, 9.16897010803, 5.83650827408, -6.74168491364, -15.7032699585, -4.27013063431, 22.6746845245, 65.8710784912, 24.5573291779], [-12.7457933426, 13.5584506989, -8.3705997467, 13.3515863419, 12.4162597656, 0.769011497498, -16.255657196, -0.59396559, 3.02942848206, -4.2794675827, 0.444366753101, 24.5573291779, 60.7536201477]],
        "icov": [[0.00218406948261, 0.00107590132393, -0.000310405041091, 0.00151862832718, 0.000500062422361, 8.93546748557e-05, 0.000197095694602, 0.000219520981773, -0.00122217682656, -0.000425478996476, 0.000293564749882, -0.00138247408904, 0.000380776560633], [0.00107590132393, 0.00534155126661, 0.000921481347177, -0.00158884434495, 6.48055720376e-05, 0.00232515041716, -0.00122383330017, -0.000896208628546, 0.000441623153165, 0.00141997484025, -0.00319843064062, 0.00197371887043, -0.00156552577391], [-0.000310405041091, 0.000921481347177, 0.00499774888158, 0.000112489906314, -0.00236844341271, 0.000305622408632, 0.000594425946474, -0.000403108453611, 0.0011511943303, -0.000189855985809, -0.000912267074455, -0.000973881455138, 0.00135792593937], [0.00151862832718, -0.00158884434495, 0.000112489906314, 0.00824513658881, -0.000403261627071, -0.00445276778191, 0.00326251238585, 0.00190820300486, -0.00267570232973, -0.00208894279785, 0.00169983890373, -0.00245285779238, 0.000872373231687], [0.000500062422361, 6.48055720376e-05, -0.00236844341271, -0.000403261627071, 0.00837577972561, 0.000627973349765, -0.00164847343694, 0.000522280170117, -0.0019390800735, -0.00199482124299, 0.00329857273027, -0.000630947819445, -0.00211584940553], [8.93546748557e-05, 0.00232515041716, 0.000305622408632, -0.00445276778191, 0.000627973349765, 0.0114149125293, -0.00459031341597, -0.00350040756166, 0.00129497714806, 0.0043161357753, -0.00289093982428, 0.000920246471651, -0.00112612533849], [0.000197095694602, -0.00122383330017, 0.000594425946474, 0.00326251238585, -0.00164847343694, -0.00459031341597, 0.0131969936192, -0.0042256959714, 0.00157730618957, 0.000642714148853, -0.00192918756511, -0.00206159171648, 0.00437820423394], [0.000219520981773, -0.000896208628546, -0.000403108453611, 0.00190820300486, 0.000522280170117, -0.00350040756166, -0.0042256959714, 0.019092278555, -0.00472424132749, -0.00523546570912, 0.00475808558986, -1.65805286088e-05, -0.00139657955151], [-0.00122217682656, 0.000441623153165, 0.0011511943303, -0.00267570232973, -0.0019390800735, 0.00129497714806, 0.00157730618957, -0.00472424132749, 0.0145547566935, -0.000979288830422, -0.00373139535077, 0.00500187370926, -0.00164184253663], [-0.000425478996476, 0.00141997484025, -0.000189855985809, -0.00208894279785, -0.00199482124299, 0.0043161357753, 0.000642714148853, -0.00523546570912, -0.000979288830422, 0.0158183518797, -0.00736479414627, 0.00253251753747, 0.000693859765306], [0.000293564749882, -0.00319843064062, -0.000912267074455, 0.00169983890373, 0.00329857273027, -0.00289093982428, -0.00192918756511, 0.00475808558986, -0.00373139535077, -0.00736479414627, 0.0291948132217, -0.0124184954911, 0.00364237301983], [-0.00138247408904, 0.00197371887043, -0.000973881455138, -0.00245285779238, -0.000630947819445, 0.000920246471651, -0.00206159171648, -1.65805286088e-05, 0.00500187370926, 0.00253251753747, -0.0124184954911, 0.0265738982707, -0.0114817908034], [0.000380776560633, -0.00156552577391, 0.00135792593937, 0.000872373231687, -0.00211584940553, -0.00112612533849, 0.00437820423394, -0.00139657955151, -0.00164184253663, 0.000693859765306, 0.00364237301983, -0.0114817908034, 0.0232342239469]]
    },
    "melbands": {
        "max": [0.0110236397013, 0.0070848329924, 0.00901379529387, 0.00404483033344, 0.00220318720676, 0.00220315763727, 0.00312032573856, 0.0037054179702, 0.00488937692717, 0.00267724157311, 0.00277478131466, 0.00243552448228, 0.0048863585107, 0.00169944611844, 0.00221732491627, 0.00120279658586, 0.0011567476904, 0.00216257898137, 0.00150432938244, 0.0014340179041, 0.00115689833183, 0.000717963208444, 0.000455249915831, 0.000606732675806, 0.000256413593888, 0.000292214215733, 0.000139792056871, 7.80863920227e-05, 4.54196378996e-05, 4.85382806801e-05, 7.10154490662e-05, 9.3275346444e-05, 8.24265007395e-05, 9.19391604839e-05, 8.79905637703e-05, 8.43541274662e-05, 4.02211189794e-05, 2.68885341939e-05, 1.19049027489e-05, 5.92479909756e-06],
        "mean": [0.000857219973113, 0.00079260597704, 0.00036296757753, 0.00025665195426, 0.000135719761602, 8.56761544128e-05, 0.000121848446724, 0.000180470451596, 0.000184891192475, 0.00016227560991, 0.000183700671187, 0.000207714576391, 0.000144531339174, 7.07028011675e-05, 9.40629615798e-05, 0.000103638296423, 0.00012072383106, 9.83759528026e-05, 0.000114420625323, 9.21960090636e-05, 7.35926805646e-05, 6.92220783094e-05, 6.09510898357e-05, 5.23018206877e-05, 4.81073839182e-05, 4.36286172771e-05, 2.29017769016e-05, 1.43072165883e-05, 9.0923767857e-06, 7.54073926146e-06, 7.36856372896e-06, 7.70265251049e-06, 5.92960213908e-06, 4.2188758016e-06, 3.57499357051e-06, 2.73126238426e-06, 1.83914085028e-06, 9.48493209307e-07, 5.82277721151e-07, 5.34979164968e-07],
        "min": [5.78735944146e-06, 9.33424144023e-06, 1.31384986162e-05, 4.3577570068e-06, 1.11923725399e-06, 9.01439591416e-07, 2.2311841974e-07, 1.34923183737e-07, 1.71839062091e-07, 1.44917373746e-06, 1.19033359169e-06, 1.13067051188e-06, 1.18327102427e-06, 1.1934066606e-06, 4.74531418604e-07, 1.32941715947e-06, 1.40836311857e-06, 1.09864527076e-06, 2.39057982299e-07, 2.93241214422e-07, 4.43051789034e-07, 2.92091272058e-07, 2.93724411904e-07, 4.96187510635e-07, 4.96274651596e-07, 1.24783355204e-07, 2.58348279658e-07, 2.35464725051e-07, 4.97773555708e-08, 3.78907252241e-08, 7.02144049569e-08, 1.01454851631e-07, 5.25615213576e-08, 7.33654914598e-08, 1.75222467647e-08, 9.15525522061e-09, 2.96509163888e-08, 1.60260285043e-08, 3.52528806147e-09, 7.0237637928e-09],
        "stdev": [0.00131497730035, 0.000761788745876, 0.000414238777012, 0.000331214308972, 0.000201058428502, 0.000161118688993, 0.00023005384719, 0.000374619936338, 0.000353661191184, 0.000251327932347, 0.000266397837549, 0.00031611850136, 0.000262254587142, 0.000106438776129, 0.000127864288515, 0.000128754487378, 0.000144432822708, 0.000134292684379, 0.000152387452545, 0.000123613717733, 8.81418673089e-05, 6.93960682838e-05, 4.94215892104e-05, 3.96782706957e-05, 3.52905335603e-05, 3.83384758607e-05, 1.63928943948e-05, 9.97509960143e-06, 6.52215476293e-06, 5.63861158298e-06, 6.02033242103e-06, 7.62529634812e-06, 7.15226769898e-06, 5.67970528209e-06, 5.54101734451e-06, 4.37173093815e-06, 2.81303960037e-06, 1.6463435486e-06, 8.34369416225e-07, 6.08019831816e-07]
    },
    "melbands128": {
        "max": [0.00284017180093, 0.0106812817976, 0.017118178308, 0.0106310015544, 0.00907736364752, 0.0111167691648, 0.0131587982178, 0.0109850708395, 0.00590409711003, 0.00541655905545, 0.00501822447404, 0.00415751663968, 0.00311226397753, 0.0023568556644, 0.00259505491704, 0.00464868173003, 0.0053286999464, 0.00471730111167, 0.00615279888734, 0.00710617657751, 0.00737371109426, 0.00488494848832, 0.00712079647928, 0.00792798958719, 0.00482313428074, 0.00358853396028, 0.00757478224114, 0.00315623078495, 0.00467046257108, 0.00456187035888, 0.0042647542432, 0.00556716928259, 0.00851974077523, 0.00417074235156, 0.0023813797161, 0.00370507943444, 0.00209219823591, 0.00223001441918, 0.0058525679633, 0.00234523788095, 0.00177995290142, 0.00386495632119, 0.0025273442734, 0.00194707955234, 0.00294868531637, 0.00358047266491, 0.00253413873725, 0.00233530718833, 0.00326620973647, 0.00426272349432, 0.00152668310329, 0.00190222286619, 0.00216487026773, 0.00125948654022, 0.00256175431423, 0.000995666719973, 0.00105699896812, 0.00112493464258, 0.000624847132713, 0.000674193666782, 0.00138654455077, 0.000357939337846, 0.000523742113728, 0.000521213747561, 0.00060199003201, 0.000661959522404, 0.000395950919483, 0.00038168442552, 0.000177869413164, 0.000173259468284, 0.000106713807327, 0.000121919198136, 7.68634417909e-05, 8.29038253869e-05, 5.2315506764e-05, 8.07292017271e-05, 7.5988129538e-05, 8.05850359029e-05, 8.05679374025e-05, 0.000118708128866, 0.000151362546603, 9.3797199952e-05, 0.000120862292533, 0.000104290083982, 8.84746477823e-05, 0.000133148554596, 8.87422502274e-05, 0.000126100378111, 0.000137624665513, 0.000142848308315, 8.67960407049e-05, 6.63056634949e-05, 8.11088611954e-05, 4.91224200232e-05, 3.27006782754e-05, 3.42021776305e-05, 3.759804531e-05, 3.42507628375e-05, 1.22146293506e-05, 2.58626969298e-05, 7.31866839487e-06, 8.18405897007e-06, 1.16100181913e-05, 8.15281691757e-06, 7.9975970948e-06, 8.50557626109e-06, 8.24376547826e-06, 6.11471386947e-06, 4.25347161581e-06, 2.03210720429e-06, 2.77447247754e-06, 3.48483058588e-06, 2.57759279521e-06, 2.06570234695e-06, 1.99830651582e-06, 1.28133774524e-06, 1.16366788916e-06, 1.52366351358e-06, 1.17699880775e-06, 2.0514157768e-06, 1.81691052603e-06, 1.91306162378e-06, 8.7982846253e-07, 5.24595655804e-08, 8.87124193549e-11, 8.56608603494e-11, 8.42467900997e-11, 8.33674587697e-11],
        "mean": [0.000176040601218, 0.000796598324087, 0.00113155599684, 0.00100737111643, 0.000834410951938, 0.000613025797065, 0.000374417228159, 0.000324564491166, 0.000281366112176, 0.000255554768955, 0.000250882527325, 0.000182593561476, 0.000102077974589, 8.24019152788e-05, 7.12380569894e-05, 0.000101000303403, 9.71616827883e-05, 0.000102227408206, 0.00017231280799, 0.000238694585278, 0.000146700753248, 0.00012620142661, 0.000214027182665, 0.000209742749576, 0.000169139704667, 0.000122713579913, 0.000189680591575, 0.000196067616343, 0.000169981532963, 0.000207396413316, 0.000220596644795, 0.000207752309507, 0.000162150274264, 8.13759324956e-05, 6.63915707264e-05, 6.7978297011e-05, 7.68455211073e-05, 8.40795764816e-05, 0.000120932418213, 9.96483213385e-05, 7.8872544691e-05, 0.000142438642797, 0.000129781939904, 0.000108147265564, 9.64940263657e-05, 9.35566058615e-05, 0.000104677506897, 0.000111496585305, 0.000111265653686, 0.000140139352879, 7.34627319616e-05, 7.13173576514e-05, 6.90608358127e-05, 7.63708012528e-05, 8.0742946011e-05, 6.99690062902e-05, 5.2735562349e-05, 7.29490202502e-05, 5.9084071836e-05, 5.03565825056e-05, 5.48290190636e-05, 4.95424719702e-05, 4.92160324939e-05, 4.57495552837e-05, 4.9757087254e-05, 5.04317613377e-05, 3.5403878428e-05, 2.68612893706e-05, 1.72059371835e-05, 2.22912676691e-05, 1.43149591167e-05, 1.15275042845e-05, 9.07412686502e-06, 9.12720952329e-06, 8.0657982835e-06, 7.91388538346e-06, 7.17221792002e-06, 6.74478587825e-06, 7.45490797271e-06, 7.93982144387e-06, 7.79030415288e-06, 7.59477734391e-06, 7.33666547603e-06, 5.85632506045e-06, 4.6200880206e-06, 4.72704005006e-06, 3.95610004489e-06, 3.48766434399e-06, 3.80574761039e-06, 3.4228264667e-06, 3.007508667e-06, 2.57923193203e-06, 2.16973944589e-06, 1.94988706426e-06, 1.6548236772e-06, 9.89057753031e-07, 8.1133259755e-07, 8.3106965576e-07, 5.06154663071e-07, 5.3935178812e-07, 5.20887397215e-07, 5.30445277036e-07, 5.26277517565e-07, 5.02774469169e-07, 3.53914458628e-07, 2.96647385767e-07, 3.79543081408e-07, 3.18047199244e-07, 2.59498563082e-07, 2.55895201917e-07, 2.42104249537e-07, 2.1515403148e-07, 1.69855269405e-07, 1.42919574841e-07, 1.29974651486e-07, 1.08810127131e-07, 9.72959810497e-08, 8.02529598332e-08, 7.74602781917e-08, 8.51576089644e-08, 7.7149486799e-08, 7.7544264343e-08, 4.16695051797e-08, 1.02334229979e-09, 2.8428271022e-12, 2.73704908564e-12, 2.6767912973e-12, 2.65153480769e-12],
        "min": [1.27125989735e-08, 5.3548995993e-07, 2.31105630633e-07, 1.38508330565e-05, 8.93266769708e-06, 2.31944477491e-06, 2.70572309091e-06, 7.69097539433e-07, 1.52204063397e-06, 1.36266339723e-06, 3.02151136111e-07, 3.82914890906e-07, 3.3471753369e-08, 4.55251893072e-07, 2.57519275237e-07, 8.58949036342e-08, 2.01764535745e-07, 1.38017270501e-07, 1.91023644902e-07, 1.52070626314e-07, 1.0965290187e-07, 7.4630250424e-08, 1.10657964569e-07, 3.1221907193e-07, 8.39985659695e-07, 4.51431901638e-07, 2.95691137353e-07, 5.24259178292e-07, 4.8387556717e-07, 3.27482212015e-07, 5.13426243742e-07, 3.22462966551e-07, 3.61930148074e-07, 4.5547648142e-07, 7.01819317328e-07, 2.20036639575e-07, 4.59531605657e-07, 1.78492925329e-07, 2.91085598292e-07, 2.00387702876e-07, 6.14879638761e-07, 9.3867600981e-07, 9.04371177057e-07, 7.98670100721e-07, 2.81535164959e-07, 3.16544287671e-07, 2.5099578238e-07, 1.39053057069e-07, 1.60275803296e-07, 1.65537230146e-07, 2.73473546031e-07, 4.16932834924e-07, 4.22190993277e-07, 4.00493462394e-07, 4.39658066398e-07, 2.16187984847e-07, 6.49393641083e-08, 2.28758707976e-07, 3.76170987693e-07, 2.63226581865e-07, 3.99472099843e-07, 5.30858244474e-07, 4.55387805687e-07, 3.40874862559e-07, 7.49784589971e-08, 1.43146579035e-07, 6.57775558466e-08, 7.79944357987e-08, 1.60521338444e-07, 2.0416180746e-07, 2.16954475718e-07, 1.06188331017e-07, 8.15769780615e-08, 2.62486601343e-08, 2.36982735657e-08, 3.923153713e-08, 4.11154204016e-08, 5.16855074295e-08, 8.47398666792e-08, 6.02227174795e-08, 7.82380595865e-08, 9.56193417778e-08, 7.74983206497e-08, 1.90696614055e-08, 4.52810233753e-08, 5.33779385137e-08, 6.03679524147e-08, 3.20841095913e-08, 1.43005838282e-08, 7.83125653214e-09, 5.34300559352e-09, 1.15321272531e-08, 1.11923696977e-08, 1.77058545603e-08, 1.49743168976e-08, 5.88895732179e-09, 5.12391018503e-09, 6.76973421765e-10, 9.72101399377e-10, 2.30393992773e-09, 4.80779860368e-09, 5.9399418717e-09, 3.1534050926e-09, 2.36037345225e-09, 8.68966343326e-10, 4.06110145512e-10, 6.33071428613e-10, 5.00951946591e-10, 4.73862449279e-10, 8.0575779382e-10, 3.70335845323e-10, 2.2097328134e-10, 3.15513865035e-10, 2.44208819833e-10, 9.25226770199e-11, 2.04724570629e-11, 7.21011791938e-13, 3.28704077845e-13, 8.42219563947e-14, 4.85764077888e-14, 5.43642652325e-14, 5.92066136786e-14, 5.53400573522e-14, 5.91165706882e-14, 4.43492830893e-14, 1.49345173137e-14, 1.65355177925e-15, 1.31220861881e-16],
        "stdev": [0.000358421966666, 0.00156555220019, 0.00187052018009, 0.00123403209727, 0.000892152253073, 0.000728591054212, 0.0005140681169, 0.000509661389515, 0.000394640344894, 0.000440859148512, 0.000435241265222, 0.000330684881192, 0.000220865636948, 0.000162337877555, 0.000150149367983, 0.000271697092103, 0.000281455897493, 0.000262296263827, 0.000452202337328, 0.000630381924566, 0.000406002596719, 0.000339194928529, 0.00056297169067, 0.000508803117555, 0.000380478304578, 0.000279917847365, 0.000424991798354, 0.000360885809641, 0.000389815220842, 0.0004506939149, 0.000461350049591, 0.000463907781523, 0.0004059097555, 0.000257835810771, 0.00015858792176, 0.000141269993037, 0.000143194090924, 0.00017008028226, 0.000240016801399, 0.000178602494998, 0.000143332857988, 0.000295911566354, 0.00020341767231, 0.000160598501679, 0.000225013704039, 0.00019482706557, 0.000199789355975, 0.000223508905037, 0.000214938962017, 0.000306118774461, 0.000123280871776, 0.000132121174829, 0.00012546236394, 0.000119771291793, 0.00015769538004, 9.98380346573e-05, 7.16980139259e-05, 9.57727970672e-05, 6.44951796858e-05, 6.27760673524e-05, 6.32787341601e-05, 4.71983912576e-05, 5.51025223103e-05, 4.81446950289e-05, 5.92854812567e-05, 6.56302072457e-05, 3.9883700083e-05, 2.92929289571e-05, 1.63162239915e-05, 2.25773092097e-05, 1.23885820358e-05, 1.18351217679e-05, 8.06787284091e-06, 8.64920366439e-06, 6.83173175275e-06, 7.20638718121e-06, 6.54993664284e-06, 6.64554227114e-06, 6.81458050167e-06, 8.84737437445e-06, 9.14946849662e-06, 8.9743271019e-06, 9.22288563743e-06, 8.22546462587e-06, 6.71844918543e-06, 7.33708520784e-06, 5.50215918338e-06, 5.59569707548e-06, 6.70934286973e-06, 6.39579639028e-06, 4.93653578815e-06, 4.52574477094e-06, 3.8794601096e-06, 3.19179343933e-06, 2.52785252997e-06, 1.99673218049e-06, 1.76643004579e-06, 1.88349781638e-06, 6.76993749948e-07, 1.46243030485e-06, 7.21015908312e-07, 7.33085414595e-07, 7.10920971869e-07, 7.24687367892e-07, 4.31225913644e-07, 3.72671536297e-07, 4.64076208573e-07, 3.65006911807e-07, 2.7710308359e-07, 2.56898687212e-07, 2.72588664529e-07, 2.63817156565e-07, 1.99820917146e-07, 1.71836475715e-07, 1.71258704995e-07, 1.64176370276e-07, 1.50270963672e-07, 1.50278694377e-07, 1.35802721957e-07, 2.0046708471e-07, 1.73618175836e-07, 1.83699953027e-07, 9.34521082741e-08, 3.26253379868e-09, 4.63108631304e-12, 4.44850319775e-12, 4.35811933416e-12, 4.31174150203e-12]
    },
    "mfcc": {
        "mean": [-586.398803711, 89.3586730957, -31.8748989105, 25.5905017853, 4.77673768997, 11.4434232712, 2.41073179245, 14.7259597778, 2.60759234428, 7.74360179901, 4.03460502625, -2.4222650528, -3.22705888748],
        "cov": [[667.935668945, -105.17993927, -10.0456047058, -104.452384949, -56.0472335815, -41.0121078491, -52.6949882507, -7.10033750534, -19.2439117432, 18.7865467072, 9.03386306763, -13.8278827667, -5.91494941711], [-105.17993927, 227.86126709, -34.8995895386, 25.9675636292, -9.72047042847, -40.3362503052, 15.5578985214, -20.7812366486, 2.46319508553, -11.564242363, 12.4360370636, -1.73819041252, -0.470636188984], [-10.0456047058, -34.8995895386, 175.14515686, -7.2954249382, 12.214717865, 15.5628395081, 13.4390010834, 14.2281045914, -19.8759326935, -8.7683057785, -6.26418399811, 13.066655159, 1.55099022388], [-104.452384949, 25.9675636292, -7.2954249382, 149.326019287, 58.4924964905, 15.2648353577, -27.298418045, -35.9495239258, 14.2022600174, -2.61074399948, -0.195182278752, 19.0700702667, 21.3369102478], [-56.0472335815, -9.72047042847, 12.214717865, 58.4924964905, 149.436141968, 17.6267948151, -34.8101921082, -18.3572406769, 28.5756072998, 15.7892971039, -14.9510526657, -0.0414523109794, 10.1545763016], [-41.0121078491, -40.3362503052, 15.5628395081, 15.2648353577, 17.6267948151, 95.5784378052, 28.2022457123, 35.8045158386, -8.76074409485, 1.03482294083, -4.33122491837, 10.3683128357, -6.22298192978], [-52.6949882507, 15.5578985214, 13.4390010834, -27.298418045, -34.8101921082, 28.2022457123, 118.817962646, 39.5209236145, 0.066860049963, -15.3088445663, 16.1705207825, -1.18067836761, -8.24018287659], [-7.10033750534, -20.7812366486, 14.2281045914, -35.9495239258, -18.3572406769, 35.8045158386, 39.5209236145, 118.210502625, -0.286238282919, 1.15742540359, -7.00623416901, -7.10588359833, -20.3112277985], [-19.2439117432, 2.46319508553, -19.8759326935, 14.2022600174, 28.5756072998, -8.76074409485, 0.066860049963, -0.286238282919, 78.8789901733, 27.7774238586, 6.22790575027, -4.72798395157, 11.9683847427], [18.7865467072, -11.564242363, -8.7683057785, -2.61074399948, 15.7892971039, 1.03482294083, -15.3088445663, 1.15742540359, 27.7774238586, 67.0206069946, 30.829252243, 2.61334753036, -6.37203216553], [9.03386306763, 12.4360370636, -6.26418399811, -0.195182278752, -14.9510526657, -4.33122491837, 16.1705207825, -7.00623416901, 6.22790575027, 30.829252243, 81.7415771484, 21.4888439178, -0.197866767645], [-13.8278827667, -1.73819041252, 13.066655159, 19.0700702667, -0.0414523109794, 10.3683128357, -1.18067836761, -7.10588359833, -4.72798395157, 2.61334753036, 21.4888439178, 52.4933128357, 16.7041130066], [-5.91494941711, -0.470636188984, 1.55099022388, 21.3369102478, 10.1545763016, -6.22298192978, -8.24018287659, -20.3112277985, 11.9683847427, -6.37203216553, -0.197866767645, 16.7041130066, 65.4632797241]],
        "icov": [[0.00200437684543, 0.000887651112862, 0.00016589659208, 0.00120190368034, 0.000435910391388, 0.000550400756765, 0.00100439589005, 0.00014480187383, 0.000343090388924, -0.000189953294466, -0.000454195804195, 0.000307401205646, -0.000213155683014], [0.000887651112862, 0.00580635201186, 0.00101947668009, -0.00101610436104, 9.11899769562e-05, 0.00315728201531, -0.00126801349688, 0.000173157517565, 0.000541507732123, 0.000660351593979, -0.000761832809076, 6.37366101728e-05, 0.000555791193619], [0.00016589659208, 0.00101947668009, 0.00650436710566, 0.000447368132882, -0.00126800651196, 0.000556464481633, -0.00114524841774, -0.000547158415429, 0.00195868383162, -3.11565563607e-05, 0.00067786721047, -0.00194963277318, -0.000203533461899], [0.00120190368034, -0.00101610436104, 0.000447368132882, 0.0106978425756, -0.00258848490193, -0.00286635803059, 0.00255292002112, 0.00228556827642, -0.00152615760453, 0.00222310842946, -0.000984480488114, -0.00225724070333, -0.00116818351671], [0.000435910391388, 9.11899769562e-05, -0.00126800651196, -0.00258848490193, 0.00988640729338, -0.00239561800845, 0.00240998156369, 0.00102011288982, -0.00303105451167, -0.00171159440652, 0.0016828936059, 0.001216706587, -0.00014548645413], [0.000550400756765, 0.00315728201531, 0.000556464481633, -0.00286635803059, -0.00239561800845, 0.0167197864503, -0.0048471824266, -0.00403233245015, 0.00382865173742, -0.00276214024052, 0.00224864878692, -0.00357725727372, 0.00104401155841], [0.00100439589005, -0.00126801349688, -0.00114524841774, 0.00255292002112, 0.00240998156369, -0.0048471824266, 0.0138794546947, -0.00227507366799, -0.00348516600206, 0.00597584340721, -0.00528110936284, 0.00204166024923, 0.000165183490026], [0.00014480187383, 0.000173157517565, -0.000547158415429, 0.00228556827642, 0.00102011288982, -0.00403233245015, -0.00227507366799, 0.0119143975899, -0.00145264633466, -0.000901071936823, 0.00177794136107, 0.000165490942891, 0.00229209917597], [0.000343090388924, 0.000541507732123, 0.00195868383162, -0.00152615760453, -0.00303105451167, 0.00382865173742, -0.00348516600206, -0.00145264633466, 0.0188597664237, -0.00899764616042, 0.00165699643549, 0.00201035430655, -0.00440119206905], [-0.000189953294466, 0.000660351593979, -3.11565563607e-05, 0.00222310842946, -0.00171159440652, -0.00276214024052, 0.00597584340721, -0.000901071936823, -0.00899764616042, 0.0262130852789, -0.0112692350522, 0.00107185926754, 0.00362824555486], [-0.000454195804195, -0.000761832809076, 0.00067786721047, -0.000984480488114, 0.0016828936059, 0.00224864878692, -0.00528110936284, 0.00177794136107, 0.00165699643549, -0.0112692350522, 0.0203455761075, -0.00816346425563, 0.000842580047902], [0.000307401205646, 6.37366101728e-05, -0.00194963277318, -0.00225724070333, 0.001216706587, -0.00357725727372, 0.00204166024923, 0.000165490942891, 0.00201035430655, 0.00107185926754, -0.00816346425563, 0.0267607197165, -0.00652666389942], [-0.000213155683014, 0.000555791193619, -0.000203533461899, -0.00116818351671, -0.00014548645413, 0.00104401155841, 0.000165183490026, 0.00229209917597, -0.00440119206905, 0.00362824555486, 0.000842580047902, -0.00652666389942, 0.0193255804479]]
    },
    "spectral_contrast_coeffs": {
        "max": [-0.55921959877, -0.544378399849, -0.55795776844, -0.620066404343, -0.650710761547, -0.596069216728],
        "mean": [-0.758824586868, -0.770774364471, -0.766490638256, -0.782712519169, -0.767405867577, -0.722437798977],
        "min": [-0.965763092041, -0.935219407082, -0.902297437191, -0.882740557194, -0.861735701561, -0.888504385948],
        "stdev": [0.0529788732529, 0.0654964074492, 0.0620762035251, 0.0437162704766, 0.0328763313591, 0.0327171385288]
    },
    "spectral_contrast_valleys": {
        "max": [-5.45746660233, -4.76401901245, -5.71779251099, -5.69893407822, -5.79891443253, -8.12067699432],
        "mean": [-6.69188451767, -6.75108528137, -6.83858060837, -6.64789056778, -6.59730052948, -9.71298980713],
        "min": [-8.46932506561, -8.55280590057, -8.22445201874, -8.53339481354, -8.67452049255, -11.5685243607],
        "stdev": [0.390433639288, 0.447622567415, 0.387158751488, 0.31825992465, 0.320786356926, 0.45590570569]
    }
},
"rhythm": {
    "beats_count": 120,
    "beats_loudness": {
        "max": 0.0526831299067,
        "mean": 0.0263227131218,
        "min": 0.0128207597882,
        "stdev": 0.0093801850453
    },
    "bpm": 150.103988647,
    "bpm_histogram_first_peak_bpm": 152,
    "bpm_histogram_first_peak_weight": 0.436363637447,
    "bpm_histogram_second_peak_bpm": 140,
    "bpm_histogram_second_peak_spread": 0.555555582047,
    "bpm_histogram_second_peak_weight": 0.0336134470999,
    "danceability": 1.11227548122,
    "onset_rate": 3.322265625,
    "beats_loudness_band_ratio": {
        "max": [0.704808056355, 0.321207165718, 0.435278922319, 0.545215547085, 0.633853971958, 0.439985781908],
        "mean": [0.253635704517, 0.0830856487155, 0.14756692946, 0.18931902945, 0.246787250042, 0.113422565162],
        "min": [0.0357912108302, 0.00597169436514, 0.0168654508889, 0.0337105616927, 0.0547689460218, 0.0223281048238],
        "stdev": [0.155742242932, 0.0741141363978, 0.0973013415933, 0.112353697419, 0.116832695901, 0.0535884909332]
    },
