{
"metadata": {
    "version": {
        "essentia": "2.1-beta5",
        "essentia_git_sha": "Undefined",
        "extractor": "music 2.0"
    },
    "audio_properties": {
        "analysis": {
            "equal_loudness": 0,
            "length": 12.7477550507,
            "sample_rate": 44100,
            "start_time": 0,
            "downmix": "mix"
        },
        "bit_rate": 192000,
        "length": 196.882003784,
        "lossless": 0,
        "number_channels": 2,
        "replay_gain": -5.58358001709,
        "sample_rate": 48000,
        "codec": "mp3",
        "md5_encoded": "8b6ea3b601eb93c75c6e5fc210fcb519"
    },
    "tags": {
        "file_name": "Austria_Y Así_Global.Kryner.mp3",
        "encoding": ["Lavf58.29.100"]
    }
},
"lowlevel": {
    "average_loudness": 0.914478361607,
    "barkbands_crest": {
        "max": 22.1808872223,
        "mean": 8.72974205017,
        "min": 2.56253051758,
        "stdev": 4.12735319138
    },
    "barkbands_flatness_db": {
        "max": 0.252285629511,
        "mean": 0.125141948462,
        "min": 0.0325465425849,
        "stdev": 0.0418647788465
    },
    "barkbands_kurtosis": {
        "max": 45.1639938354,
        "mean": 2.6662633419,
        "min": -1.35998213291,
        "stdev": 5.0012512207
    },
    "barkbands_skewness": {
        "max": 5.38213920593,
        "mean": 1.22162747383,
        "min": -0.593109607697,
        "stdev": 0.973265886307
    },
    "barkbands_spread": {
        "max": 46.6529998779,
        "mean": 17.1065273285,
        "min": 1.68192851543,
        "stdev": 8.58580207825
    },
    "dissonance": {
        "max": 0.500000119209,
        "mean": 0.477713674307,
        "min": 0.356665790081,
        "stdev": 0.0223557110876
    },
    "dynamic_complexity": 3.86326694489,
    "erbbands_crest": {
        "max": 25.2356376648,
        "mean": 9.1667098999,
        "min": 3.05889153481,
        "stdev": 4.30013370514
    },
    "erbbands_flatness_db": {
        "max": 0.317757725716,
        "mean": 0.201599642634,
        "min": 0.0958458855748,
        "stdev": 0.043258599937
    },
    "erbbands_kurtosis": {
        "max": 27.0561981201,
        "mean": 1.70686471462,
        "min": -1.23724997044,
        "stdev": 3.31762456894
    },
    "erbbands_skewness": {
        "max": 4.34495973587,
        "mean": 0.934846103191,
        "min": -0.9034537673,
        "stdev": 0.876926898956
    },
    "erbbands_spread": {
        "max": 59.3405685425,
        "mean": 23.8079471588,
        "min": 3.7848098278,
        "stdev": 8.96216773987
    },
    "hfc": {
        "max": 101.476608276,
        "mean": 18.6257095337,
        "min": 2.52265581366e-05,
        "stdev": 17.2489547729
    },
    "loudness_ebu128": {
        "integrated": -19.146774292,
        "loudness_range": 5.49781036377,
        "momentary": {
            "max": -16.0257720947,
            "mean": -20.5775737762,
            "min": -38.4271316528,
            "stdev": 4.09446144104
        },
        "short_term": {
            "max": -17.1188392639,
            "mean": -20.0189361572,
            "min": -24.2725219727,
            "stdev": 2.1011762619
        }
    },
    "melbands_crest": {
        "max": 27.7058067322,
        "mean": 11.45353508,
        "min": 2.3265337944,
        "stdev": 4.9240322113
    },
    "melbands_flatness_db": {
        "max": 0.271462738514,
        "mean": 0.135015800595,
        "min": 0.0419645123184,
        "stdev": 0.0421169139445
    },
    "melbands_kurtosis": {
        "max": 54.8122177124,
        "mean": 7.07427406311,
        "min": -1.14095246792,
        "stdev": 8.2141456604
    },
    "melbands_skewness": {
        "max": 5.81741762161,
        "mean": 1.79303383827,
        "min": -0.0254032053053,
        "stdev": 0.965679526329
    },
    "melbands_spread": {
        "max": 72.2886962891,
        "mean": 25.2090930939,
        "min": 2.22620129585,
        "stdev": 14.6914663315
    },
    "pitch_salience": {
        "max": 0.885502934456,
        "mean": 0.669440150261,
        "min": 0.320935696363,
        "stdev": 0.095059029758
    },
    "silence_rate_20dB": {
        "max": 1,
        "mean": 1,
        "min": 1,
        "stdev": 0
    },
    "silence_rate_30dB": {
        "max": 1,
        "mean": 1,
        "min": 1,
        "stdev": 0
    },
    "silence_rate_60dB": {
        "max": 1,
        "mean": 0.221818178892,
        "min": 0,
        "stdev": 0.41546946764
    },
    "spectral_centroid": {
        "max": 3218.62670898,
        "mean": 1690.62219238,
        "min": 834.748046875,
        "stdev": 455.96987915
    },
    "spectral_complexity": {
        "max": 52,
        "mean": 19.4654541016,
        "min": 0,
        "stdev": 10.9606628418
    },
    "spectral_decrease": {
        "max": -5.3740839666e-15,
        "mean": -3.40682082545e-09,
        "min": -1.19106839946e-08,
        "stdev": 2.76333267379e-09
    },
    "spectral_energy": {
        "max": 0.050787396729,
        "mean": 0.0145475370809,
        "min": 2.25711929147e-08,
        "stdev": 0.011851391755
    },
    "spectral_energyband_high": {
        "max": 0.00777666177601,
        "mean": 0.000682955374941,
        "min": 7.29066251814e-10,
        "stdev": 0.000992190325633
    },
    "spectral_energyband_low": {
        "max": 0.0108070122078,
        "mean": 0.000772245810367,
        "min": 1.43536516006e-10,
        "stdev": 0.00169265596196
    },
    "spectral_energyband_middle_high": {
        "max": 0.0316341668367,
        "mean": 0.00726578291506,
        "min": 1.70810530165e-08,
        "stdev": 0.00636045169085
    },
    "spectral_energyband_middle_low": {
        "max": 0.033495362848,
        "mean": 0.00639977864921,
        "min": 4.88283680156e-09,
        "stdev": 0.00568667752668
    },
    "spectral_entropy": {
        "max": 8.40751552582,
        "mean": 7.83511447906,
        "min": 7.02716064453,
        "stdev": 0.231019258499
    },
    "spectral_flux": {
        "max": 0.15485881269,
        "mean": 0.0626773238182,
        "min": 0.000150237116031,
        "stdev": 0.0300353299826
    },
    "spectral_kurtosis": {
        "max": 11.8879938126,
        "mean": 3.75530099869,
        "min": 0.557105779648,
        "stdev": 1.46202278137
    },
    "spectral_rms": {
        "max": 0.00703908223659,
        "mean": 0.00339195434935,
        "min": 4.69261931357e-06,
        "stdev": 0.00163931853604
    },
    "spectral_rolloff": {
        "max": 6933.69140625,
        "mean": 2043.69702148,
        "min": 538.330078125,
        "stdev": 912.956848145
    },
    "spectral_skewness": {
        "max": 2.59626460075,
        "mean": 1.5024420023,
        "min": 0.807195961475,
        "stdev": 0.261101931334
    },
    "spectral_spread": {
        "max": 7327540,
        "mean": 4218689.5,
        "min": 2745475.25,
        "stdev": 673055.0625
    },
    "spectral_strongpeak": {
        "max": 6.82925271988,
        "mean": 1.21040201187,
        "min": 0.00143821153324,
        "stdev": 1.06501102448
    },
    "zerocrossingrate": {
        "max": 0.14111328125,
        "mean": 0.0766228660941,
        "min": 0.03955078125,
        "stdev": 0.0196237675846
    },
    "barkbands": {
        "max": [0.0002144119062, 0.00555772194639, 0.00882741250098, 0.00763772288337, 0.00389440008439, 0.00365373492241, 0.00957476999611, 0.0126157514751, 0.024891089648, 0.0202167611569, 0.0200412757695, 0.0100637357682, 0.0118845086545, 0.00888043548912, 0.00693024741486, 0.00266427663155, 0.00458702631295, 0.00367850298062, 0.00441768672317, 0.00326888053678, 0.00321307382546, 0.0017291699769, 0.00132140575442, 0.00124119129032, 0.000538131804205, 0.00031955546001, 8.01002024673e-05],
        "mean": [1.50663208842e-06, 0.000305981579004, 0.000290367024718, 0.000317249534419, 0.000300090759993, 0.000313227588776, 0.00065880396869, 0.00122735206969, 0.00280065066181, 0.00225637876429, 0.00109764828812, 0.000670753128361, 0.000818619155325, 0.000767672143411, 0.000533384329174, 0.000352166272933, 0.000418994488427, 0.000322609732393, 0.000310048548272, 0.000228001037613, 0.000179899681825, 0.000148677107063, 0.000113741567475, 6.77731441101e-05, 3.02538483083e-05, 1.39370522447e-05, 1.7551435576e-06],
        "min": [5.03794922446e-11, 8.23000868844e-12, 5.72801112098e-11, 1.01324441892e-10, 4.39717151579e-10, 8.00882832275e-11, 1.70361669216e-10, 1.10951947629e-09, 2.45618214656e-09, 1.18222551748e-08, 2.26125429492e-09, 2.02186734022e-09, 1.52706972067e-10, 2.62154187247e-10, 1.45655473793e-10, 3.81224884993e-10, 1.11064137054e-10, 1.02937477986e-10, 7.63768770451e-11, 1.62303795403e-10, 1.36221284253e-10, 8.38186603458e-11, 1.29099869683e-10, 1.16796891603e-10, 5.85178988599e-11, 4.28909754935e-11, 3.08377975933e-11],
        "stdev": [9.54731967795e-06, 0.000949839362875, 0.000912890653126, 0.000859071617015, 0.00053583557019, 0.000552122190129, 0.00131739268545, 0.00204024696723, 0.00391529779881, 0.00292672612704, 0.00205690134317, 0.0011104644509, 0.00108829943929, 0.00106704351492, 0.000787179800682, 0.000452506705187, 0.000643226027023, 0.000513611652423, 0.000528345932253, 0.000385737046599, 0.000325311266351, 0.000188270321814, 0.000156579029863, 0.000105041443021, 5.58609062864e-05, 3.23026906699e-05, 6.19286038273e-06]
    },
    "erbbands": {
        "max": [0.0915221869946, 1.4539784193, 7.73996114731, 15.6349525452, 17.2739944458, 13.5435018539, 36.0740966797, 42.6699981689, 56.09324646, 260.209228516, 252.722808838, 422.617828369, 996.726013184, 416.816253662, 478.735900879, 392.64743042, 251.686340332, 654.130065918, 472.969146729, 200.577651978, 163.167098999, 234.837783813, 206.171951294, 184.273834229, 237.421691895, 223.905288696, 122.416503906, 90.9504547119, 73.9006500244, 66.1128921509, 37.0556564331, 36.0600357056, 13.5111837387, 6.70170640945, 3.65920472145, 1.77413320541, 0.481508731842, 0.108505345881, 0.0135056069121, 0.000218795146793],
        "mean": [0.00453666271642, 0.086089015007, 0.308327883482, 0.78263092041, 0.954368114471, 0.982438743114, 1.78944671154, 2.5847761631, 5.05659532547, 21.6608886719, 27.8303565979, 59.6856956482, 81.192855835, 57.0222587585, 37.0052757263, 30.9890384674, 32.7504501343, 46.5445480347, 34.2250976562, 21.9086837769, 20.5549201965, 20.6895751953, 19.1729679108, 15.1553850174, 14.9276189804, 11.6459531784, 8.57269573212, 5.94963026047, 5.22624349594, 4.65745592117, 2.99857902527, 1.92358601093, 0.864186108112, 0.395318239927, 0.191915377975, 0.0730560198426, 0.0231458693743, 0.00449299067259, 0.000299977516988, 2.5868324883e-05],
        "min": [6.75380973369e-10, 1.54037327338e-09, 4.30848459132e-08, 2.44749315925e-07, 3.66748054148e-07, 1.85621991022e-06, 1.97092595045e-06, 5.00124087921e-07, 1.5020328874e-06, 6.2102881202e-06, 3.69092995243e-05, 5.0179707614e-05, 0.000176524976268, 0.000352422473952, 9.16506178328e-05, 7.5163479778e-05, 9.25914628169e-06, 1.39353069244e-05, 9.04738772078e-06, 1.82340172614e-05, 1.49099487317e-05, 5.94829634792e-06, 4.18597528551e-06, 6.18461263002e-06, 2.9904240364e-06, 6.73980957799e-06, 8.01443820819e-06, 4.19040725319e-06, 2.66034339802e-06, 3.03062665807e-06, 4.23886058343e-06, 3.05698245029e-06, 1.37629001529e-06, 7.27407439172e-07, 4.01930037697e-07, 1.84992970276e-07, 9.38492306091e-08, 1.76245489314e-08, 5.02554176052e-09, 4.38262259816e-10],
        "stdev": [0.0156128164381, 0.253451645374, 0.878808677197, 1.9661308527, 2.02885556221, 1.76956582069, 4.03153610229, 4.87268400192, 7.7834186554, 39.731426239, 38.7493133545, 76.4175186157, 115.407089233, 72.2905044556, 55.4342155457, 50.0794181824, 34.2979774475, 69.5425109863, 49.4452285767, 27.328704834, 28.0646324158, 28.2880210876, 29.2211914062, 21.4244785309, 29.4743461609, 21.3058223724, 14.9612674713, 8.93709850311, 6.86841106415, 6.67958879471, 4.07045269012, 2.87892413139, 1.44367456436, 0.71700412035, 0.382716596127, 0.1638751477, 0.0544560328126, 0.0116627672687, 0.00105074082967, 3.17104131682e-05]
    },
    "gfcc": {
        "mean": [-35.7690124512, 37.5968322754, -179.751968384, -8.87545585632, -89.0071487427, 9.01172924042, -41.1286659241, 4.25363063812, -25.8675727844, -5.74689006805, -26.2331542969, -5.69123649597, -18.2699966431],
        "cov": [[6879.15820312, 369.367706299, 223.531097412, 629.151000977, 351.320526123, -96.7632598877, -52.7420043945, 64.6121292114, 60.1886863708, 257.488311768, 126.448532104, -52.1629867554, -177.093841553], [369.367706299, 798.139831543, 405.176391602, 365.839385986, 330.305053711, 86.0292129517, 95.9870300293, 71.1967773438, 27.672416687, 89.5117034912, 94.752166748, -54.1770248413, -12.7790203094], [223.531097412, 405.176391602, 696.233886719, 387.637695312, 356.713439941, 118.063140869, 48.9792861938, 90.313079834, 11.5024700165, 151.945053101, 65.5812988281, 6.70156002045, -54.7805480957], [629.151000977, 365.839385986, 387.637695312, 523.324584961, 315.909851074, 61.5571708679, -27.4377117157, 15.8050022125, 25.0540714264, 134.660522461, 84.7275390625, -1.52010905743, -62.5244750977], [351.320526123, 330.305053711, 356.713439941, 315.909851074, 348.557922363, 83.3382949829, 48.692943573, 60.2000312805, 16.9114131927, 112.900794983, 60.0067176819, 13.0059747696, -39.9927139282], [-96.7632598877, 86.0292129517, 118.063140869, 61.5571708679, 83.3382949829, 106.819549561, 72.3058547974, 52.1884002686, 23.6645832062, 20.6697673798, 13.0433092117, -0.193989381194, 7.59640026093], [-52.7420043945, 95.9870300293, 48.9792861938, -27.4377117157, 48.692943573, 72.3058547974, 184.374099731, 104.820701599, 48.9226226807, -3.19388079643, -1.87404322624, -5.60608530045, 30.9321556091], [64.6121292114, 71.1967773438, 90.313079834, 15.8050022125, 60.2000312805, 52.1884002686, 104.820701599, 122.552337646, 51.7525901794, 19.9297332764, 11.5984554291, 1.72415983677, 12.6636705399], [60.1886863708, 27.672416687, 11.5024700165, 25.0540714264, 16.9114131927, 23.6645832062, 48.9226226807, 51.7525901794, 74.909576416, 22.6622695923, 15.9215459824, 5.51834344864, -0.303676903248], [257.488311768, 89.5117034912, 151.945053101, 134.660522461, 112.900794983, 20.6697673798, -3.19388079643, 19.9297332764, 22.6622695923, 104.695793152, 52.7295455933, 16.9385128021, -22.904504776], [126.448532104, 94.752166748, 65.5812988281, 84.7275390625, 60.0067176819, 13.0433092117, -1.87404322624, 11.5984554291, 15.9215459824, 52.7295455933, 72.7983169556, 13.690788269, -4.87055873871], [-52.1629867554, -54.1770248413, 6.70156002045, -1.52010905743, 13.0059747696, -0.193989381194, -5.60608530045, 1.72415983677, 5.51834344864, 16.9385128021, 13.690788269, 47.5440940857, 13.0003051758], [-177.093841553, -12.7790203094, -54.7805480957, -62.5244750977, -39.9927139282, 7.59640026093, 30.9321556091, 12.6636705399, -0.303676903248, -22.904504776, -4.87055873871, 13.0003051758, 67.0007095337]],
        "icov": [[0.00019598682411, 2.51515211858e-06, 0.000193410902284, -0.000278911087662, -1.69920713233e-05, 0.000376625917852, -8.83058528416e-05, -0.000328195776092, 0.000181413604878, -0.000453936925624, 6.58782591927e-05, 0.000237050873693, 0.000270753866062], [2.51515211858e-06, 0.00392598146573, -0.00122643390205, -0.000552541750949, -0.00301297521219, 0.00170436059125, -0.00143587752245, 0.00148967339192, -0.00133782625198, 0.0024605980143, -0.00441355118528, 0.00665022386238, -0.00314936041832], [0.000193410902284, -0.00122643390205, 0.00465266220272, -0.00144028558861, -0.000527938071173, -0.00205910927616, 0.000735672190785, -0.0033961343579, 0.00348506052978, -0.00406566215679, 0.00279152137227, -0.00188999227248, 0.00215347553603], [-0.000278911087662, -0.000552541750949, -0.00144028558861, 0.00671385414898, -0.00400626566261, -0.00092639029026, 0.00265299691819, 0.00241573667154, -0.00357781769708, 8.9080822363e-05, -0.00178313965444, 0.00174468324985, -0.000176497822395], [-1.69920713233e-05, -0.00301297521219, -0.000527938071173, -0.00400626566261, 0.0130545143038, -0.00314415991306, -0.00206603202969, -0.00280931754969, 0.00524719199166, -0.00492714485154, 0.00365404761396, -0.00853292923421, 0.00510439323261], [0.000376625917852, 0.00170436059125, -0.00205910927616, -0.00092639029026, -0.00314415991306, 0.0178267862648, -0.00539067527279, 8.02416325314e-05, -0.00210980395786, 0.00195832340978, -0.00260379142128, 0.00401679612696, -0.00296063465066], [-8.83058528416e-05, -0.00143587752245, 0.000735672190785, 0.00265299691819, -0.00206603202969, -0.00539067527279, 0.0152998734266, -0.00846186187118, -0.00325565761887, 0.00102457881439, 0.00221653515473, 0.00116414565127, -0.00324542494491], [-0.000328195776092, 0.00148967339192, -0.0033961343579, 0.00241573667154, -0.00280931754969, 8.02416325314e-05, -0.00846186187118, 0.0229045692831, -0.0105824936181, 0.00224403338507, -0.00277219619602, 0.00295502808876, -0.0032699953299], [0.000181413604878, -0.00133782625198, 0.00348506052978, -0.00357781769708, 0.00524719199166, -0.00210980395786, -0.00325565761887, -0.0105824936181, 0.0256268363446, -0.00703491689637, 0.00102433771826, -0.0056392676197, 0.00548934238032], [-0.000453936925624, 0.0024605980143, -0.00406566215679, 8.9080822363e-05, -0.00492714485154, 0.00195832340978, 0.00102457881439, 0.00224403338507, -0.00703491689637, 0.0275731049478, -0.0136964758858, -0.00093578454107, 0.000548305921257], [6.58782591927e-05, -0.00441355118528, 0.00279152137227, -0.00178313965444, 0.00365404761396, -0.00260379142128, 0.00221653515473, -0.00277219619602, 0.00102433771826, -0.0136964758858, 0.0285105537623, -0.00984193198383, 0.00123231799807], [0.000237050873693, 0.00665022386238, -0.00188999227248, 0.00174468324985, -0.00853292923421, 0.00401679612696, 0.00116414565127, 0.00295502808876, -0.0056392676197, -0.00093578454107, -0.00984193198383, 0.03903324157, -0.0133015150204], [0.000270753866062, -0.00314936041832, 0.00215347553603, -0.000176497822395, 0.00510439323261, -0.00296063465066, -0.00324542494491, -0.0032699953299, 0.00548934238032, 0.000548305921257, 0.00123231799807, -0.0133015150204, 0.0250178631395]]
    },
    "melbands": {
        "max": [0.0013005011715, 0.00272026401944, 0.00241023930721, 0.000949901877902, 0.00103943841532, 0.000844156311359, 0.000973501766566, 0.00280987168662, 0.00206556171179, 0.00332111702301, 0.00497556803748, 0.00185172574129, 0.00256247981451, 0.00146059761755, 0.000632047420368, 0.00122379802633, 0.00108726159669, 0.000835099082906, 0.00034065041109, 0.00025415464188, 0.000281876215013, 0.000203622519621, 0.000219913199544, 0.00028936038143, 0.000152074353537, 0.000290585012408, 0.000108195265057, 0.000175117849722, 5.13884842803e-05, 7.009881665e-05, 6.07200272498e-05, 3.71278874809e-05, 3.29783433699e-05, 3.55811826012e-05, 2.25938965741e-05, 2.10930484172e-05, 2.04002571991e-05, 1.11701483547e-05, 7.90494232206e-06, 5.55946098757e-06],
        "mean": [6.65879269945e-05, 0.000150502615725, 0.000138633637107, 7.21742180758e-05, 5.47664785699e-05, 5.7972731156e-05, 9.31151735131e-05, 0.000250229233643, 0.000232300139032, 0.000409759697504, 0.00041175269871, 0.000239476881688, 0.000146297708852, 7.931869186e-05, 6.42551676719e-05, 8.99160222616e-05, 8.24647577247e-05, 5.59420768695e-05, 3.24619832099e-05, 2.74273334071e-05, 2.41052675847e-05, 2.26943684538e-05, 1.7279322492e-05, 1.75670829776e-05, 1.10234514068e-05, 1.28017954921e-05, 7.86372675066e-06, 7.77969489718e-06, 5.0456255849e-06, 4.91164701089e-06, 3.12331644636e-06, 2.89196395897e-06, 2.92870595331e-06, 2.40383724304e-06, 1.78251480065e-06, 1.4260331227e-06, 1.06711706849e-06, 6.58810108689e-07, 3.9296512e-07, 3.03636454646e-07],
        "min": [6.66012861181e-12, 1.80271370748e-11, 4.32580221643e-11, 7.1394036516e-11, 8.28588586632e-11, 1.26881378668e-11, 2.53653521798e-11, 8.96761900848e-11, 3.36085187458e-10, 3.12679382386e-10, 1.00968122752e-09, 1.61879953886e-09, 3.05682451573e-10, 2.85886397888e-10, 4.70388450413e-11, 1.7829626664e-11, 2.61897187964e-11, 1.44745396224e-11, 1.57832774628e-11, 2.66688181955e-11, 1.6643818268e-11, 7.34594069601e-12, 1.88295407912e-12, 5.63848447099e-12, 5.0954821959e-12, 2.3980372809e-12, 1.98742151208e-12, 5.43248475718e-12, 6.30614224034e-12, 3.81502295033e-12, 1.8101824293e-12, 1.28713803938e-12, 1.79509131084e-12, 1.60671953173e-12, 2.15816427229e-12, 2.76018140635e-12, 1.51907533861e-12, 1.06564399232e-12, 7.1530363013e-13, 5.85222137677e-13],
        "stdev": [0.000218288478209, 0.000368680863176, 0.00032537340303, 0.000136971837492, 0.000114791728265, 0.000104008089693, 0.000156631707796, 0.000444813660579, 0.000303299137158, 0.000559163745493, 0.000589677656535, 0.000312455493258, 0.000266143586487, 0.000136532500619, 7.64790602261e-05, 0.000127875915496, 0.000121661076264, 8.48292256705e-05, 4.16685252276e-05, 3.75109084416e-05, 3.83152037102e-05, 3.28702190018e-05, 2.35759707721e-05, 3.16722034768e-05, 1.57995928021e-05, 2.81271222775e-05, 1.44806917888e-05, 1.50881414811e-05, 8.0196377894e-06, 9.24486630538e-06, 4.78575475427e-06, 3.69625399799e-06, 3.89827846448e-06, 3.50270397576e-06, 2.51770552495e-06, 2.03606850846e-06, 1.69414477114e-06, 1.16538183192e-06, 7.09944060873e-07, 5.54579230538e-07]
    },
    "melbands128": {
        "max": [0.000133551235194, 0.000393823429476, 0.00226188451052, 0.00254138559103, 0.00410602753982, 0.00486196484417, 0.00399892777205, 0.00409977883101, 0.0017547737807, 0.00169170228764, 0.000682592159137, 0.00074276747182, 0.00177311431617, 0.000792253762484, 0.00122601038311, 0.00142744649202, 0.00059624935966, 0.0015366319567, 0.00298445252702, 0.00446923589334, 0.00436656922102, 0.00409622304142, 0.00260048103519, 0.00464760698378, 0.00396464485675, 0.00599933089688, 0.00843073986471, 0.0058558024466, 0.00393712194636, 0.00345040392131, 0.0017965673469, 0.00572707876563, 0.00340032251552, 0.00075152865611, 0.00104339467362, 0.00277668377385, 0.00163010437973, 0.000705666199792, 0.000957135169301, 0.000940986268688, 0.00162507686764, 0.00417380128056, 0.000950325338636, 0.000549796735868, 0.00169982563239, 0.00187288573943, 0.000970879744273, 0.00049432128435, 0.000356762204319, 0.000508100027218, 0.000500059279148, 0.000224615010666, 0.00023787021928, 0.000682940415572, 0.000403437530622, 0.00023686804343, 0.000534631428309, 0.000449271523394, 0.000318433245411, 0.000305473542539, 0.000688343134243, 0.000444003962912, 0.000142496661283, 0.00019858610176, 0.000128656203742, 0.000572128104977, 0.000248185067903, 0.000200375143322, 0.000194361928152, 0.000122394296341, 0.00042312828009, 0.000101290374005, 8.87673522811e-05, 6.09298876952e-05, 0.000190065969946, 0.000114224552817, 3.55965166818e-05, 6.17948535364e-05, 0.000138261486427, 4.17482006014e-05, 3.43977953889e-05, 5.93652221141e-05, 6.55981784803e-05, 3.48573994415e-05, 4.57926071249e-05, 7.74524305598e-05, 1.97970657609e-05, 2.2913709472e-05, 4.08071318816e-05, 2.35308143601e-05, 2.86128652078e-05, 2.194246008e-05, 3.70258530893e-05, 2.75017409876e-05, 2.09447389352e-05, 2.09259724215e-05, 1.11823101179e-05, 8.93769720278e-06, 6.59917213852e-06, 1.88785215869e-05, 6.74142302159e-06, 5.00023179484e-06, 6.53518327454e-06, 4.51955702374e-06, 3.30554985339e-06, 5.36052493771e-06, 2.5266533612e-06, 4.74418447993e-06, 3.42956832355e-06, 2.83156236947e-06, 3.02544117403e-06, 1.84625832844e-06, 1.41071745929e-06, 1.75666639279e-06, 8.65622951096e-07, 1.06339848571e-06, 6.73340537105e-07, 1.36605808621e-06, 1.07069513433e-06, 5.04874378748e-07, 2.22775639713e-07, 1.92500067442e-07, 1.15453012484e-07, 4.46614345506e-09, 3.95262350628e-10, 3.93340193749e-10, 3.85867060526e-10, 3.82690962253e-10],
        "mean": [9.7936651855e-07, 1.38945952131e-05, 0.000101618861663, 0.000153184839291, 0.000153714310727, 0.00014339936024, 0.000165946097695, 0.000149206010974, 7.8812452557e-05, 9.03949476196e-05, 4.48544305982e-05, 3.74712617486e-05, 7.14292254997e-05, 5.64281217521e-05, 5.20699759363e-05, 6.81961828377e-05, 4.9986931117e-05, 7.15321366442e-05, 0.000167551916093, 0.000284404522972, 0.00027117706486, 0.000221103357035, 0.000212003535125, 0.000249280157732, 0.000343867490301, 0.000516192696523, 0.000500910042319, 0.000386644853279, 0.000353966548573, 0.000293435092317, 0.000153912420501, 0.000214491607039, 0.000184719392564, 6.78010401316e-05, 5.6123437389e-05, 0.000101438628917, 9.34078489081e-05, 4.16422008129e-05, 7.08156294422e-05, 5.6484790548e-05, 8.29899508972e-05, 0.000163809992955, 7.32301050448e-05, 5.18045089848e-05, 5.65221453144e-05, 6.07276233495e-05, 5.61552769796e-05, 2.5760531571e-05, 2.65368471446e-05, 2.9329525205e-05, 3.17108351737e-05, 1.90413593373e-05, 1.95749053091e-05, 3.04861914628e-05, 2.80213753285e-05, 1.97693698283e-05, 1.80343613465e-05, 2.3050022719e-05, 1.30855878524e-05, 1.49228962982e-05, 2.5178773285e-05, 1.16362316476e-05, 9.70466317085e-06, 1.28044512167e-05, 1.03978263724e-05, 1.44568930409e-05, 1.33952280521e-05, 6.79515505908e-06, 7.33782871976e-06, 7.98107612354e-06, 9.09606569621e-06, 6.78112201058e-06, 5.51465791432e-06, 3.59367209057e-06, 5.80253390581e-06, 6.88973204888e-06, 3.4362299175e-06, 2.57904594037e-06, 3.41924510394e-06, 3.33012303599e-06, 2.65427161139e-06, 2.72580450655e-06, 3.22983669321e-06, 2.80214339909e-06, 2.83723579741e-06, 2.87695843326e-06, 2.11173301068e-06, 1.8343331476e-06, 2.00700947062e-06, 1.41184216318e-06, 1.64659616075e-06, 1.30068315229e-06, 1.24503242205e-06, 1.25655708416e-06, 7.88446754996e-07, 8.04910712304e-07, 6.24454912668e-07, 4.62746129415e-07, 3.88830585507e-07, 3.57449465582e-07, 3.62782401453e-07, 2.71885483016e-07, 2.83545375623e-07, 2.40641327309e-07, 2.11740768918e-07, 2.03760166073e-07, 1.58991426247e-07, 1.51768816181e-07, 1.12570440081e-07, 1.04449156879e-07, 9.64499022871e-08, 8.54307273812e-08, 7.08159717533e-08, 5.74242591256e-08, 4.97069656547e-08, 4.62259244216e-08, 3.0166212639e-08, 1.92439184588e-08, 1.46842884519e-08, 7.46673212149e-09, 3.91995946813e-09, 2.61879873342e-09, 1.24185950412e-09, 1.90924966809e-11, 2.508519217e-12, 2.36833209294e-12, 2.2791905082e-12, 2.25525370948e-12],
        "min": [2.14597558473e-11, 8.292634808e-12, 1.50106912577e-12, 1.38083468271e-12, 1.08109137961e-11, 3.43983314055e-11, 5.2895680891e-11, 4.72489755654e-11, 2.6584789925e-11, 4.57503375462e-11, 1.19423776423e-10, 1.41050407465e-10, 7.34468597052e-11, 1.27128776256e-11, 2.81027263092e-12, 1.58492073632e-11, 2.74455180804e-11, 1.27520355386e-11, 4.11250027088e-11, 4.80456924246e-11, 9.59425525138e-11, 2.67320221514e-10, 3.89015625268e-10, 3.72011921268e-10, 2.41252379185e-10, 2.19908091736e-10, 4.60982307882e-10, 4.007283394e-10, 2.08024819592e-09, 2.905939267e-09, 8.72629690729e-10, 4.06756156535e-10, 3.6870273501e-10, 9.55178505735e-11, 3.08273934158e-10, 4.29456636919e-10, 1.16690143659e-10, 1.59656766974e-11, 6.67809601021e-12, 1.34012054925e-11, 1.54202241254e-11, 3.18970856672e-11, 3.58046335636e-11, 1.34579934002e-11, 2.11393385435e-11, 1.59433473368e-11, 5.90083060539e-12, 1.13089988762e-11, 1.48321910309e-11, 4.1611283863e-11, 3.14424979109e-11, 6.32585780633e-12, 2.3007498684e-11, 1.53215252985e-11, 1.55488833614e-11, 6.66220767789e-12, 7.08546719561e-13, 1.84494802248e-12, 2.04842913465e-12, 2.663025616e-12, 5.25560150955e-12, 9.0941837394e-12, 6.03024141038e-12, 3.64576467973e-12, 3.7154363787e-12, 2.46468709157e-12, 1.25234198012e-12, 2.25462682378e-12, 1.35245092035e-12, 3.03793427046e-12, 2.71065114799e-12, 8.88756863243e-12, 1.04950900401e-11, 4.71647026989e-12, 2.91512430514e-12, 2.94225863291e-12, 6.76282250686e-12, 1.1184337961e-12, 1.0940686291e-12, 1.97668617585e-12, 7.1200012032e-13, 9.34002441361e-13, 2.68342574723e-12, 1.4651447373e-12, 1.42451122512e-12, 2.25798438107e-12, 1.05732111434e-12, 1.76546114967e-12, 1.2182492428e-12, 3.42213215231e-12, 3.72340873411e-12, 1.84574881421e-12, 2.89440693635e-12, 9.74354169396e-13, 1.22521556702e-12, 1.3778856528e-12, 1.14375924096e-12, 3.45828129588e-13, 1.096376245e-12, 5.63793098578e-13, 4.08345584993e-13, 6.83333489619e-13, 6.75371488335e-13, 6.04703461783e-13, 4.81886665987e-13, 3.02175331198e-13, 3.0989937721e-13, 1.23399771304e-13, 4.18679034584e-13, 4.00049920491e-13, 2.24479994055e-13, 3.44519578881e-13, 3.75581185076e-13, 2.74629386073e-13, 1.74115116856e-13, 7.10138260587e-14, 1.41357710043e-13, 8.91056569892e-14, 1.64666362685e-13, 1.63404161621e-13, 1.48654851449e-13, 1.19139249789e-13, 1.41691413919e-13, 1.29350699531e-13, 6.87171809255e-14, 3.69435418943e-14, 4.65829919804e-15, 1.5201680452e-16],
        "stdev": [6.04093247603e-06, 5.09245292051e-05, 0.000376663170755, 0.00045713770669, 0.000460446375655, 0.000458801659988, 0.000443759607151, 0.000413999019656, 0.000179635884706, 0.000202293464099, 8.21950525278e-05, 8.11276186141e-05, 0.000195026063011, 0.000108919062768, 0.000114471979032, 0.000157320682774, 8.35793107399e-05, 0.000144338584505, 0.000382163852919, 0.000640986370854, 0.000624000967946, 0.000513715029228, 0.000370582856704, 0.000416267313994, 0.000489453435875, 0.000938211975154, 0.000973998801783, 0.000643440347631, 0.000576023419853, 0.000455912784673, 0.000241845918936, 0.000529923709109, 0.000391190726077, 0.000103214442788, 0.000105984363472, 0.00026495923521, 0.000183446580195, 6.95521885063e-05, 0.000105857870949, 7.60683979024e-05, 0.00014120733249, 0.000383922480978, 0.000118755182484, 7.48305319576e-05, 0.000151621075929, 0.000127334977151, 0.000106202380266, 4.40121730207e-05, 4.07136649301e-05, 4.99921734445e-05, 5.76412348892e-05, 2.43231261265e-05, 3.03231572616e-05, 7.95101586846e-05, 5.3998119256e-05, 3.34715732606e-05, 3.74787014152e-05, 4.0353887016e-05, 2.61318418779e-05, 2.89176023216e-05, 6.09986091149e-05, 2.79450650851e-05, 1.64906359714e-05, 2.20769306907e-05, 1.62322721735e-05, 4.71754428872e-05, 3.13114433084e-05, 1.49630368469e-05, 1.94456479221e-05, 1.58817147167e-05, 2.87725288217e-05, 1.31043752845e-05, 1.08888070827e-05, 6.69939163345e-06, 1.59722021635e-05, 1.52516468006e-05, 5.15801002621e-06, 4.74182297694e-06, 8.35002174426e-06, 5.03793080497e-06, 3.49886909135e-06, 4.85487089463e-06, 5.72877570448e-06, 4.17769297201e-06, 4.52153608421e-06, 6.83121515976e-06, 2.68531312031e-06, 2.47323123403e-06, 4.14218720834e-06, 1.76950220521e-06, 2.68930398306e-06, 2.08614073927e-06, 2.15671411752e-06, 2.57368742496e-06, 1.31650540425e-06, 1.89536717699e-06, 1.09763857381e-06, 8.55610153394e-07, 6.98280473443e-07, 9.69126745076e-07, 6.9319406748e-07, 5.0255584938e-07, 5.95916390012e-07, 5.32071510406e-07, 4.19609733626e-07, 5.01763508964e-07, 3.07075964656e-07, 3.75703677946e-07, 2.68195663011e-07, 2.5348325039e-07, 2.39606663399e-07, 2.05916151685e-07, 1.71822449602e-07, 1.5092766148e-07, 1.18898327628e-07, 1.17808149014e-07, 7.75561304067e-08, 9.10752433469e-08, 7.09369700758e-08, 3.46174893195e-08, 1.71494214385e-08, 1.59993245319e-08, 8.6427407453e-09, 2.12211748174e-10, 1.70305280295e-11, 1.6948645612e-11, 1.66333266605e-11, 1.64979002681e-11]
    },
    "mfcc": {
        "mean": [-658.704833984, 78.2919235229, -45.858253479, -22.3029727936, -30.1777267456, -8.72845172882, -15.8870506287, 1.1687015295, -5.56270122528, 0.788193821907, -4.74320983887, -6.94157648087, -11.9303741455],
        "cov": [[6562.85400391, 147.637268066, -92.3231430054, 546.590270996, 214.642211914, 84.170501709, -23.3965549469, -120.472930908, -114.732933044, 103.767738342, 124.485572815, 172.04510498, 91.2623672485], [147.637268066, 577.176452637, 194.702575684, 246.013748169, 191.850814819, 93.4845046997, 176.32623291, 32.6482887268, 60.2900657654, 73.99974823, 51.4800300598, 62.4273338318, 64.9359664917], [-92.3231430054, 194.702575684, 376.080871582, 247.987045288, 219.16355896, 108.570014954, 113.967163086, 4.24066638947, 37.0586509705, 48.8715133667, 47.112285614, 99.3586730957, 70.7562789917], [546.590270996, 246.013748169, 247.987045288, 486.377166748, 335.483947754, 166.644088745, 111.87297821, -33.9447937012, 3.3041844368, 35.4940071106, 56.9516334534, 151.161148071, 136.916778564], [214.642211914, 191.850814819, 219.16355896, 335.483947754, 337.725219727, 145.182266235, 96.7781066895, -33.4957275391, -7.17505216599, 15.3156414032, 41.8583984375, 123.693305969, 115.868644714], [84.170501709, 93.4845046997, 108.570014954, 166.644088745, 145.182266235, 133.634124756, 63.9985046387, -4.03807783127, 11.0774536133, 13.6268472672, 23.1713829041, 69.0646209717, 53.6199645996], [-23.3965549469, 176.32623291, 113.967163086, 111.87297821, 96.7781066895, 63.9985046387, 151.364761353, 47.5980110168, 60.7564315796, 49.2511253357, 32.2950553894, 37.6949882507, 42.7157554626], [-120.472930908, 32.6482887268, 4.24066638947, -33.9447937012, -33.4957275391, -4.03807783127, 47.5980110168, 110.528274536, 75.4056625366, 46.2538719177, 32.7446975708, -22.0436153412, -21.577293396], [-114.732933044, 60.2900657654, 37.0586509705, 3.3041844368, -7.17505216599, 11.0774536133, 60.7564315796, 75.4056625366, 107.453308105, 55.0343513489, 29.3704433441, -7.27081680298, -8.15018463135], [103.767738342, 73.99974823, 48.8715133667, 35.4940071106, 15.3156414032, 13.6268472672, 49.2511253357, 46.2538719177, 55.0343513489, 72.8430175781, 46.3043746948, 16.9572315216, 9.58745670319], [124.485572815, 51.4800300598, 47.112285614, 56.9516334534, 41.8583984375, 23.1713829041, 32.2950553894, 32.7446975708, 29.3704433441, 46.3043746948, 77.6266479492, 39.7898292542, 25.8635349274], [172.04510498, 62.4273338318, 99.3586730957, 151.161148071, 123.693305969, 69.0646209717, 37.6949882507, -22.0436153412, -7.27081680298, 16.9572315216, 39.7898292542, 113.843803406, 72.6818466187], [91.2623672485, 64.9359664917, 70.7562789917, 136.916778564, 115.868644714, 53.6199645996, 42.7157554626, -21.577293396, -8.15018463135, 9.58745670319, 25.8635349274, 72.6818466187, 99.779800415]],
        "icov": [[0.000216150234337, 2.63654001174e-05, 0.000318940612487, -0.000502854352817, 0.000104947706859, 9.8237360362e-05, -8.19308115751e-06, 0.000212732120417, 0.000383496226277, -0.000685039209202, -0.000149408340803, -0.000128165687784, 0.000353068724507], [2.63654001174e-05, 0.00314703397453, -9.60011602729e-05, -0.00100962840952, -0.000507965509314, 0.000548925017938, -0.00299786240794, 0.000687023857608, 0.000423737423262, -0.00160619197413, -0.000146242862684, 0.000875762314536, 0.000697065494023], [0.000318940612487, -9.60011602729e-05, 0.00564816407859, -0.00127707596403, -0.00208777631633, 0.000263054476818, -0.00150661088992, 0.00101979705505, -0.000277296960121, -0.00249171047471, 0.000171917083208, -0.00205648876727, 0.00233666738495], [-0.000502854352817, -0.00100962840952, -0.00127707596403, 0.0091399513185, -0.00529857771471, -0.00223434017971, 0.00102606846485, 0.000283083005343, -0.00118730345275, 1.79003529865e-06, 0.000613073993009, -0.00139232189395, -0.00278542540036], [0.000104947706859, -0.000507965509314, -0.00208777631633, -0.00529857771471, 0.0130729097873, -0.00383087992668, -0.00110085972119, 0.000608300091699, 0.00129460531753, 0.00318279489875, -0.00159588549286, -0.000250674725976, -0.0031374397222], [9.8237360362e-05, 0.000548925017938, 0.000263054476818, -0.00223434017971, -0.00383087992668, 0.0166551619768, -0.00328219216317, -0.000483521987917, -0.00120681221597, 0.00166776403785, 0.000732797954697, -0.00460825487971, 0.00213922932744], [-8.19308115751e-06, -0.00299786240794, -0.00150661088992, 0.00102606846485, -0.00110085972119, -0.00328219216317, 0.0169622469693, -0.00454347254708, -0.00371607928537, -0.00274002342485, 0.00298249255866, 0.000439458846813, -0.00471645826474], [0.000212732120417, 0.000687023857608, 0.00101979705505, 0.000283083005343, 0.000608300091699, -0.000483521987917, -0.00454347254708, 0.0225741416216, -0.010126369074, -0.00210100412369, -0.00733224861324, 0.00374703272246, 0.00317274150439], [0.000383496226277, 0.000423737423262, -0.000277296960121, -0.00118730345275, 0.00129460531753, -0.00120681221597, -0.00371607928537, -0.010126369074, 0.0246893819422, -0.0118806082755, 0.00225257058628, 0.0012708613649, 0.00139415089507], [-0.000685039209202, -0.00160619197413, -0.00249171047471, 1.79003529865e-06, 0.00318279489875, 0.00166776403785, -0.00274002342485, -0.00210100412369, -0.0118806082755, 0.0386110022664, -0.0143379708752, -0.000907150970306, -0.000740358897019], [-0.000149408340803, -0.000146242862684, 0.000171917083208, 0.000613073993009, -0.00159588549286, 0.000732797954697, 0.00298249255866, -0.00733224861324, 0.00225257058628, -0.0143379708752, 0.0275478772819, -0.00785193126649, -0.00199369667098], [-0.000128165687784, 0.000875762314536, -0.00205648876727, -0.00139232189395, -0.000250674725976, -0.00460825487971, 0.000439458846813, 0.00374703272246, 0.0012708613649, -0.000907150970306, -0.00785193126649, 0.0248668380082, -0.00958155095577], [0.000353068724507, 0.000697065494023, 0.00233666738495, -0.00278542540036, -0.0031374397222, 0.00213922932744, -0.00471645826474, 0.00317274150439, 0.00139415089507, -0.000740358897019, -0.00199369667098, -0.00958155095577, 0.0242908131331]]
    },
    "spectral_contrast_coeffs": {
        "max": [-0.44899007678, -0.552848398685, -0.49198487401, -0.658901870251, -0.63411206007, -0.663909196854],
        "mean": [-0.682395458221, -0.766127049923, -0.752580106258, -0.814369976521, -0.804284214973, -0.756953120232],
        "min": [-0.874182641506, -0.918487727642, -0.91615486145, -0.934383749962, -0.920850634575, -0.892012774944],
        "stdev": [0.0732472613454, 0.0692955926061, 0.0734260752797, 0.045094307512, 0.0418375991285, 0.0332751981914]
    },
    "spectral_contrast_valleys": {
        "max": [-6.20185995102, -5.36472558975, -5.41958713531, -6.08198738098, -5.99238395691, -8.43250083923],
        "mean": [-8.89823818207, -6.8058052063, -6.88540887833, -7.11770248413, -7.44138765335, -10.1094226837],
        "min": [-14.8089809418, -13.4456624985, -12.4949808121, -13.7225618362, -14.0894470215, -16.1875591278],
        "stdev": [1.18425512314, 0.760981380939, 0.736723065376, 0.759877741337, 0.775520861149, 0.728768289089]
    }
},
"rhythm": {
    "beats_count": 24,
    "beats_loudness": {
        "max": 0.0410309284925,
        "mean": 0.0170805063099,
        "min": 0.000853807025123,
        "stdev": 0.0127803897485
    },
    "bpm": 120.21320343,
    "bpm_histogram_first_peak_bpm": 120,
    "bpm_histogram_first_peak_weight": 0.428571403027,
    "bpm_histogram_second_peak_bpm": 110,
    "bpm_histogram_second_peak_spread": 0.333333313465,
    "bpm_histogram_second_peak_weight": 0.260869562626,
    "danceability": 0.855118632317,
    "onset_rate": 3.3700735569,
    "beats_loudness_band_ratio": {
        "max": [0.285073518753, 0.29824668169, 0.647531688213, 0.666286230087, 0.287631809711, 0.247112631798],
        "mean": [0.0491398386657, 0.0646783486009, 0.328532546759, 0.353367328644, 0.151456519961, 0.086788482964],
        "min": [0.00027115791454, 0.00314320717007, 0.0866977572441, 0.0979498028755, 0.0317408777773, 0.014031291008],
        "stdev": [0.0706073790789, 0.0658173039556, 0.145010009408, 0.154650256038, 0.076845176518, 0.0526794455945]
    },
    "beats_position": [0.53405892849, 1.07972788811, 1.62539684772, 2.17106580734, 2.71673464775, 3.27401351929, 3.8196823597, 4.3653512001, 4.92263031006, 5.47990942001, 5.97913837433, 6.47836732864, 6.96598625183, 7.45360517502, 7.95283412933, 8.45206356049, 8.93968200684, 9.43891143799, 9.93814086914, 10.4373693466, 10.9365987778, 11.4474372864, 11.9582767487, 12.4691152573],
