{
"metadata": {
    "version": {
        "essentia": "2.1-beta5",
        "essentia_git_sha": "Undefined",
        "extractor": "music 2.0"
    },
    "audio_properties": {
        "analysis": {
            "equal_loudness": 0,
            "length": 48.7502937317,
            "sample_rate": 44100,
            "start_time": 45.2440834045,
            "downmix": "mix"
        },
        "bit_rate": 192000,
        "length": 189.811523438,
        "lossless": 0,
        "number_channels": 2,
        "replay_gain": 0.704053878784,
        "sample_rate": 48000,
        "codec": "mp3",
        "md5_encoded": "e96fdfbe30f1fd6348f3fdcee0227280"
    },
    "tags": {
        "file_name": "Spain_Brujería_Son de sol.mp3",
        "encoding": ["Lavf58.29.100"]
    }
},
"lowlevel": {
    "average_loudness": 0.97576969862,
    "barkbands_crest": {
        "max": 24.0864562988,
        "mean": 11.3420572281,
        "min": 3.19718790054,
        "stdev": 4.35752391815
    },
    "barkbands_flatness_db": {
        "max": 0.281528323889,
        "mean": 0.148098394275,
        "min": 0.0586261041462,
        "stdev": 0.0354872904718
    },
    "barkbands_kurtosis": {
        "max": 39.1182670593,
        "mean": 2.56156492233,
        "min": -1.83573234081,
        "stdev": 4.88342905045
    },
    "barkbands_skewness": {
        "max": 6.19329214096,
        "mean": 1.35221290588,
        "min": -1.39161908627,
        "stdev": 1.07944393158
    },
    "barkbands_spread": {
        "max": 85.3343505859,
        "mean": 26.473690033,
        "min": 4.35634279251,
        "stdev": 10.2102460861
    },
    "dissonance": {
        "max": 0.499999970198,
        "mean": 0.470515847206,
        "min": 0.298784792423,
        "stdev": 0.0235382076353
    },
    "dynamic_complexity": 1.97607624531,
    "erbbands_crest": {
        "max": 31.3760852814,
        "mean": 10.0675048828,
        "min": 2.47286820412,
        "stdev": 5.21087598801
    },
    "erbbands_flatness_db": {
        "max": 0.295792400837,
        "mean": 0.1590410918,
        "min": 0.0782657712698,
        "stdev": 0.0389910303056
    },
    "erbbands_kurtosis": {
        "max": 19.2675247192,
        "mean": 0.394668489695,
        "min": -1.59451365471,
        "stdev": 2.05275702477
    },
    "erbbands_skewness": {
        "max": 3.24553370476,
        "mean": 0.255497306585,
        "min": -2.65244960785,
        "stdev": 0.68102991581
    },
    "erbbands_spread": {
        "max": 127.191383362,
        "mean": 40.3163833618,
        "min": 4.43434000015,
        "stdev": 18.8276252747
    },
    "hfc": {
        "max": 115.071739197,
        "mean": 27.1029396057,
        "min": 0.353807747364,
        "stdev": 18.1266155243
    },
    "loudness_ebu128": {
        "integrated": -23.229642868,
        "loudness_range": 1.44777297974,
        "momentary": {
            "max": -21.0442695618,
            "mean": -23.3309631348,
            "min": -26.9154262543,
            "stdev": 0.960835576057
        },
        "short_term": {
            "max": -22.2409534454,
            "mean": -23.2592945099,
            "min": -24.3807544708,
            "stdev": 0.507431387901
        }
    },
    "melbands_crest": {
        "max": 34.5179519653,
        "mean": 15.4012823105,
        "min": 4.38834667206,
        "stdev": 4.90499353409
    },
    "melbands_flatness_db": {
        "max": 0.342452704906,
        "mean": 0.17977873981,
        "min": 0.0497253462672,
        "stdev": 0.0492227263749
    },
    "melbands_kurtosis": {
        "max": 222.696777344,
        "mean": 12.698964119,
        "min": -1.50023603439,
        "stdev": 19.8451423645
    },
    "melbands_skewness": {
        "max": 13.3160848618,
        "mean": 2.60030436516,
        "min": -1.07542598248,
        "stdev": 1.83833181858
    },
    "melbands_spread": {
        "max": 82.6635055542,
        "mean": 26.5529880524,
        "min": 2.87831234932,
        "stdev": 13.2957134247
    },
    "pitch_salience": {
        "max": 0.8320723176,
        "mean": 0.49501568079,
        "min": 0.142669275403,
        "stdev": 0.110217824578
    },
    "silence_rate_20dB": {
        "max": 1,
        "mean": 1,
        "min": 1,
        "stdev": 0
    },
    "silence_rate_30dB": {
        "max": 1,
        "mean": 1,
        "min": 1,
        "stdev": 0
    },
    "silence_rate_60dB": {
        "max": 0,
        "mean": 0,
        "min": 0,
        "stdev": 0
    },
    "spectral_centroid": {
        "max": 2942.74804688,
        "mean": 1535.46313477,
        "min": 475.756652832,
        "stdev": 387.856903076
    },
    "spectral_complexity": {
        "max": 52,
        "mean": 22.368396759,
        "min": 0,
        "stdev": 9.22010803223
    },
    "spectral_decrease": {
        "max": -7.09325514991e-11,
        "mean": -8.61163673704e-09,
        "min": -3.05426830494e-08,
        "stdev": 4.97305840952e-09
    },
    "spectral_energy": {
        "max": 0.12115252018,
        "mean": 0.0349606350064,
        "min": 0.000299807579722,
        "stdev": 0.019857564941
    },
    "spectral_energyband_high": {
        "max": 0.00598299177364,
        "mean": 0.00106745085213,
        "min": 6.90653087076e-06,
        "stdev": 0.000981875113212
    },
    "spectral_energyband_low": {
        "max": 0.0934095978737,
        "mean": 0.0148470671847,
        "min": 1.96167165996e-05,
        "stdev": 0.014046151191
    },
    "spectral_energyband_middle_high": {
        "max": 0.0961646363139,
        "mean": 0.00895230844617,
        "min": 0.000112287947559,
        "stdev": 0.0108287390321
    },
    "spectral_energyband_middle_low": {
        "max": 0.0657753646374,
        "mean": 0.0109287183732,
        "min": 0.000166995640029,
        "stdev": 0.0100872190669
    },
    "spectral_entropy": {
        "max": 8.46955013275,
        "mean": 7.82455635071,
        "min": 6.92015218735,
        "stdev": 0.255773723125
    },
    "spectral_flux": {
        "max": 0.286318212748,
        "mean": 0.111041247845,
        "min": 0.0239445399493,
        "stdev": 0.0489680543542
    },
    "spectral_kurtosis": {
        "max": 17.6820869446,
        "mean": 2.78274536133,
        "min": -0.709762573242,
        "stdev": 1.67120885849
    },
    "spectral_rms": {
        "max": 0.0108718713745,
        "mean": 0.00560272764415,
        "min": 0.000540828274097,
        "stdev": 0.00164843944367
    },
    "spectral_rolloff": {
        "max": 9862.20703125,
        "mean": 1423.8560791,
        "min": 64.599609375,
        "stdev": 1060.86682129
    },
    "spectral_skewness": {
        "max": 2.95846772194,
        "mean": 1.31307816505,
        "min": 0.526252090931,
        "stdev": 0.280940890312
    },
    "spectral_spread": {
        "max": 13182107,
        "mean": 4865263,
        "min": 2093435.5,
        "stdev": 1191073.5
    },
    "spectral_strongpeak": {
        "max": 9.43909263611,
        "mean": 1.0586990118,
        "min": 0,
        "stdev": 1.34136402607
    },
    "zerocrossingrate": {
        "max": 0.22900390625,
        "mean": 0.0621446557343,
        "min": 0.009765625,
        "stdev": 0.0247541349381
    },
    "barkbands": {
        "max": [0.0123059460893, 0.0849638879299, 0.0379863455892, 0.016779050231, 0.0375185199082, 0.048448998481, 0.0503702871501, 0.0266557764262, 0.050131097436, 0.0713341608644, 0.0603853985667, 0.0290971472859, 0.0181163381785, 0.0158810820431, 0.018187712878, 0.0185844600201, 0.0189308151603, 0.019879033789, 0.00298527232371, 0.00202893163078, 0.00190084392671, 0.00216004368849, 0.00188884558156, 0.00206521479413, 0.00263799796812, 7.67757865106e-06, 7.80868049333e-06],
        "mean": [0.000572235963773, 0.0108895655721, 0.00278984033503, 0.00103435583878, 0.00199689762667, 0.00204030284658, 0.0013099424541, 0.0010097004706, 0.0031229511369, 0.00225755223073, 0.00158387888223, 0.000690587039571, 0.000735345529392, 0.000410187756643, 0.000802068330813, 0.000880252104253, 0.000829595315736, 0.000528179341927, 0.000301250460325, 0.000253540696576, 0.000237833053689, 0.000165882651345, 0.000202730981982, 0.000179467868293, 0.00013621058315, 2.76322765558e-07, 5.51837642249e-09],
        "min": [8.79625332573e-08, 6.1739647208e-06, 5.37761593478e-07, 1.3600828197e-06, 8.31303805171e-06, 5.04618128616e-06, 7.8192078945e-06, 2.82254291051e-06, 4.46410604127e-06, 5.11871166964e-06, 2.28443650485e-06, 4.17453793489e-06, 7.56283134251e-06, 4.23055644205e-06, 3.80253027288e-06, 8.08826371212e-06, 1.68614787981e-05, 5.11121788804e-06, 4.36087930211e-06, 1.88351339148e-06, 7.569131526e-07, 1.42039311868e-06, 1.40377312619e-06, 9.86963527794e-07, 4.51350217645e-07, 2.19808726776e-10, 1.81583290071e-10],
        "stdev": [0.00139647303149, 0.0117227202281, 0.00394382141531, 0.00166815158445, 0.00347087159753, 0.00378701835871, 0.00351112359203, 0.00249347928911, 0.0061078867875, 0.00557259563357, 0.00464575784281, 0.00214579259045, 0.00145736034028, 0.000897949154023, 0.00161079142708, 0.00156244169921, 0.0011628784705, 0.000840481952764, 0.000332168187015, 0.00024762438261, 0.000235281782807, 0.000191660525161, 0.000212055354496, 0.000205013828236, 0.000191677754628, 5.36546849617e-07, 1.70655894749e-07]
    },
    "erbbands": {
        "max": [2.61746692657, 19.4950447083, 38.5849342346, 51.4960670471, 77.2103500366, 164.763320923, 325.212188721, 546.573242188, 690.831542969, 625.00177002, 824.315124512, 1360.23754883, 1284.09143066, 3067.40698242, 943.460876465, 1295.73864746, 917.18951416, 948.365661621, 946.817932129, 571.66217041, 929.868225098, 1062.22070312, 974.882873535, 152.919509888, 160.506866455, 100.675140381, 94.6207275391, 59.2073020935, 83.9404525757, 49.4432792664, 40.9173774719, 51.606048584, 31.1963443756, 42.2394065857, 13.8104028702, 0.768938302994, 0.0193101540208, 0.00483847269788, 0.00111153628677, 0.00014972340432],
        "mean": [0.240984603763, 2.64040827751, 4.19161462784, 3.4744849205, 4.0976061821, 7.47301721573, 14.1980075836, 14.7895269394, 16.6412162781, 16.1562271118, 37.410243988, 69.3695449829, 58.7006721497, 101.743812561, 38.4903450012, 27.5846405029, 34.823589325, 24.6072711945, 37.34790802, 38.8778648376, 49.7378807068, 47.7308158875, 32.5422897339, 17.7978076935, 13.0430812836, 12.4537830353, 10.7582550049, 8.21663856506, 5.98066568375, 5.55061292648, 5.66049814224, 4.67166423798, 2.58019137383, 1.63277578354, 0.912066459656, 0.0571661628783, 0.00151674216613, 0.000110988665256, 3.40573024005e-05, 4.48248611065e-05],
        "min": [0.000348661647877, 0.000841205997858, 0.00340286199935, 0.0143348062411, 0.0266990587115, 0.020698627457, 0.115382224321, 0.0452861636877, 0.100743614137, 0.154144287109, 0.167835861444, 0.313079088926, 0.234840065241, 0.198676973581, 0.185795038939, 0.261821866035, 0.37708479166, 0.343845009804, 0.140143796802, 0.247663259506, 0.560311555862, 0.87458884716, 0.269464194775, 0.424227029085, 0.0655181780457, 0.0899000242352, 0.0454257242382, 0.0311364755034, 0.042446333915, 0.0586588010192, 0.034128177911, 0.0280851200223, 0.0103358207271, 0.00426292372867, 0.00367820053361, 0.000205122414627, 1.05523931779e-05, 1.85309409062e-06, 1.86625527476e-06, 3.63415506399e-06],
        "stdev": [0.288001090288, 2.96280860901, 4.99582767487, 5.07842826843, 6.46178483963, 14.7330312729, 28.6488723755, 29.5091400146, 39.7789039612, 45.2270317078, 86.9878005981, 139.488098145, 129.278656006, 273.756835938, 88.5418395996, 73.1452865601, 64.9029998779, 46.8957901001, 71.9755249023, 59.8700752258, 81.3901824951, 63.4776573181, 49.0562019348, 19.3803405762, 13.1413440704, 12.3852891922, 11.0096874237, 8.24067020416, 6.96711587906, 6.23676109314, 5.76779556274, 5.24653530121, 3.10390210152, 2.47269248962, 1.21372413635, 0.0765326246619, 0.00196896051057, 0.000166415047715, 3.2469350117e-05, 2.42908463406e-05]
    },
    "gfcc": {
        "mean": [23.4614925385, 95.4457244873, -134.865951538, 56.1187973022, -65.44480896, 34.8786354065, -40.6804733276, 20.9970817566, -14.3789415359, -5.40339040756, -6.90398979187, -7.48056745529, 7.19398355484],
        "cov": [[1372.8984375, -287.281005859, -64.1453781128, -127.24458313, -202.803619385, 65.0029983521, -29.8726577759, 42.959526062, -80.9916915894, 54.442527771, -60.2380714417, 32.9014205933, -5.83976221085], [-287.281005859, 370.302276611, -45.910320282, 25.9841651917, 116.984909058, -59.8690719604, 93.4342041016, -20.4845981598, 78.2778167725, -53.8900642395, 43.9850463867, -40.4639892578, 25.7099971771], [-64.1453781128, -45.910320282, 430.625427246, 168.128433228, -27.8215618134, 47.893447876, -25.6049880981, 32.2245483398, 2.08753871918, 64.8647079468, -7.72074174881, -1.05549120903, -41.5647888184], [-127.24458313, 25.9841651917, 168.128433228, 238.374145508, 53.6082992554, -40.6675720215, -12.6018247604, -7.14542102814, 29.0264720917, 2.92044568062, 14.8287057877, -2.48865222931, -14.4250822067], [-202.803619385, 116.984909058, -27.8215618134, 53.6082992554, 255.835006714, 96.1683120728, 78.7585067749, 33.9223861694, 29.1123886108, -46.7655830383, 12.4028692245, 10.1992425919, 15.3565835953], [65.0029983521, -59.8690719604, 47.893447876, -40.6675720215, 96.1683120728, 238.837646484, 95.2351455688, 7.76097679138, -36.2746696472, 13.4578638077, -8.50095462799, 9.93870067596, -3.03380680084], [-29.8726577759, 93.4342041016, -25.6049880981, -12.6018247604, 78.7585067749, 95.2351455688, 156.036605835, 44.228313446, 28.7357292175, -19.1437091827, 6.29544591904, -8.92870044708, 17.1391086578], [42.959526062, -20.4845981598, 32.2245483398, -7.14542102814, 33.9223861694, 7.76097679138, 44.228313446, 146.604492188, 70.4830245972, -0.176312312484, -20.7502059937, 11.7093553543, 9.8765039444], [-80.9916915894, 78.2778167725, 2.08753871918, 29.0264720917, 29.1123886108, -36.2746696472, 28.7357292175, 70.4830245972, 118.542373657, 17.0965251923, 9.67821407318, -10.6185092926, 15.8624048233], [54.442527771, -53.8900642395, 64.8647079468, 2.92044568062, -46.7655830383, 13.4578638077, -19.1437091827, -0.176312312484, 17.0965251923, 109.895713806, 41.8060836792, 6.87609672546, -13.672419548], [-60.2380714417, 43.9850463867, -7.72074174881, 14.8287057877, 12.4028692245, -8.50095462799, 6.29544591904, -20.7502059937, 9.67821407318, 41.8060836792, 97.1379776001, 27.7082080841, -3.38943934441], [32.9014205933, -40.4639892578, -1.05549120903, -2.48865222931, 10.1992425919, 9.93870067596, -8.92870044708, 11.7093553543, -10.6185092926, 6.87609672546, 27.7082080841, 66.5138092041, 22.8924694061], [-5.83976221085, 25.7099971771, -41.5647888184, -14.4250822067, 15.3565835953, -3.03380680084, 17.1391086578, 9.8765039444, 15.8624048233, -13.672419548, -3.38943934441, 22.8924694061, 68.9003372192]],
        "icov": [[0.0011142983567, -0.000459014700027, 0.000982847996056, -0.000813152990304, 0.00153663987294, -0.0012511262903, 0.000572095508687, -0.00152598775458, 0.00122306402773, -0.000898442172911, 0.000903328764252, -0.00070016871905, 0.000184459611773], [-0.000459014700027, 0.0140171404928, -0.00657921796665, 0.00809672102332, -0.00917970854789, 0.0118139460683, -0.0113956583664, 0.012151719071, -0.00948131550103, 0.00673420215026, -0.0067636789754, 0.00651990715414, -0.00286408700049], [0.000982847996056, -0.00657921796665, 0.00892470777035, -0.00896453857422, 0.0071960426867, -0.009092788212, 0.00702313240618, -0.00923343934119, 0.00618703057989, -0.00543482042849, 0.00412450358272, -0.00280147884041, 0.00224855705164], [-0.000813152990304, 0.00809672102332, -0.00896453857422, 0.0144613506272, -0.00974834617227, 0.0116039747372, -0.00828750338405, 0.0115095982328, -0.00830566044897, 0.00480103772134, -0.00372386514209, 0.00222713756375, -0.000433435634477], [0.00153663987294, -0.00917970854789, 0.0071960426867, -0.00974834617227, 0.015591214411, -0.0140972733498, 0.00861617363989, -0.0112274317071, 0.0051710056141, -0.000509078730829, 0.00192719057668, -0.00415646471083, 0.00141047406942], [-0.0012511262903, 0.0118139460683, -0.009092788212, 0.0116039747372, -0.0140972733498, 0.0224394742399, -0.017155257985, 0.0138591816649, -0.00483292341232, 0.000775689200964, -0.0012411280768, 0.00204510916956, -0.000633418792859], [0.000572095508687, -0.0113956583664, 0.00702313240618, -0.00828750338405, 0.00861617363989, -0.017155257985, 0.0231765974313, -0.0148771023378, 0.00624277628958, -0.00106425897684, -0.000590335868765, 0.00148823519703, -0.00167792441789], [-0.00152598775458, 0.012151719071, -0.00923343934119, 0.0115095982328, -0.0112274317071, 0.0138591816649, -0.0148771023378, 0.0271412730217, -0.0186659395695, 0.00584916677326, 0.000771563732997, -0.00316549674608, 0.00164628401399], [0.00122306402773, -0.00948131550103, 0.00618703057989, -0.00830566044897, 0.0051710056141, -0.00483292341232, 0.00624277628958, -0.0186659395695, 0.026390992105, -0.0104224039242, 0.00217410433106, 0.00311952643096, -0.00368099054322], [-0.000898442172911, 0.00673420215026, -0.00543482042849, 0.00480103772134, -0.000509078730829, 0.000775689200964, -0.00106425897684, 0.00584916677326, -0.0104224039242, 0.0215963665396, -0.0131398281083, 0.005355771631, -0.00102941715159], [0.000903328764252, -0.0067636789754, 0.00412450358272, -0.00372386514209, 0.00192719057668, -0.0012411280768, -0.000590335868765, 0.000771563732997, 0.00217410433106, -0.0131398281083, 0.0249767396599, -0.0161937642843, 0.00736217247322], [-0.00070016871905, 0.00651990715414, -0.00280147884041, 0.00222713756375, -0.00415646471083, 0.00204510916956, 0.00148823519703, -0.00316549674608, 0.00311952643096, 0.005355771631, -0.0161937642843, 0.0318650603294, -0.0136553151533], [0.000184459611773, -0.00286408700049, 0.00224855705164, -0.000433435634477, 0.00141047406942, -0.000633418792859, -0.00167792441789, 0.00164628401399, -0.00368099054322, -0.00102941715159, 0.00736217247322, -0.0136553151533, 0.0222453251481]]
    },
    "melbands": {
        "max": [0.024335090071, 0.0210911910981, 0.007715114858, 0.00932139717042, 0.00901181157678, 0.0108613390476, 0.0110967364162, 0.00563737656921, 0.0077685485594, 0.00897332746536, 0.00675389124081, 0.0124096563086, 0.00513211358339, 0.00351247494109, 0.0029467092827, 0.00218777218834, 0.00160017074086, 0.00143470393959, 0.0015477425186, 0.00120259588584, 0.00114011357073, 0.00153471715748, 0.00185853953008, 0.000220545334741, 0.000133187699248, 0.000139024559758, 0.000111586203275, 8.24821690912e-05, 7.32799453544e-05, 5.8416135289e-05, 3.94329326809e-05, 5.07942095282e-05, 3.55814336217e-05, 4.08214109484e-05, 2.97060414596e-05, 5.40213150089e-05, 2.53864491242e-05, 2.50129814958e-05, 2.22797607421e-05, 4.05532809964e-05],
        "mean": [0.00271813641302, 0.00266454508528, 0.000587014248595, 0.000440795876784, 0.000439970259322, 0.000344889500411, 0.000265787326498, 0.000158919356181, 0.000354079238605, 0.000445889425464, 0.000284373003524, 0.000413003290305, 0.000162954718689, 7.4526797107e-05, 7.28620580048e-05, 7.27248771e-05, 4.09310487157e-05, 5.31864352524e-05, 6.10820934526e-05, 5.53993268113e-05, 5.77654827794e-05, 5.22459304193e-05, 3.99533055315e-05, 1.8918843125e-05, 1.41146419992e-05, 1.0238237337e-05, 8.16908777779e-06, 8.34043930809e-06, 6.86247449266e-06, 5.78490198677e-06, 4.4198973228e-06, 3.25671317114e-06, 3.32449008056e-06, 2.97906353808e-06, 3.17782860293e-06, 3.41154668604e-06, 2.64260393124e-06, 1.84482189525e-06, 1.5111427274e-06, 1.32843376832e-06],
        "min": [2.70435270977e-06, 1.75425191173e-06, 4.16571629103e-06, 1.37840436309e-06, 3.79081939172e-06, 8.34062348076e-07, 1.54880763148e-06, 1.24065877571e-06, 7.90241074355e-07, 1.01678790543e-06, 9.66353468357e-07, 5.40909695701e-07, 4.89171384288e-07, 5.41552651612e-07, 7.39830625207e-07, 7.36208164653e-07, 5.40848247965e-07, 1.81738116112e-07, 2.74343278761e-07, 2.29022319331e-07, 4.57365757711e-07, 8.06721629942e-07, 1.95042503037e-07, 2.14523012687e-07, 3.89017486668e-07, 4.50995045753e-08, 4.180152402e-08, 6.67851267622e-08, 3.24156204101e-08, 1.74252452467e-08, 2.08640038579e-08, 1.94248954699e-08, 3.79287214969e-08, 3.13007220143e-08, 2.13980300146e-08, 8.5104048253e-09, 2.30258905276e-08, 7.03473013175e-09, 4.35404468035e-09, 3.17328496813e-09],
        "stdev": [0.00292378570884, 0.00281903729774, 0.000783079478424, 0.000862438930199, 0.00080385786714, 0.000653498631436, 0.000647699926049, 0.000416977592977, 0.000847447256092, 0.00092475587735, 0.000676938099787, 0.00110177567694, 0.000422491633799, 0.0002320434578, 0.000176430752617, 0.0001493650052, 8.72910604812e-05, 0.000105248240288, 0.0001235747186, 0.000107415427919, 9.88679239526e-05, 7.85148295108e-05, 7.60603652452e-05, 2.36684281845e-05, 1.67427733686e-05, 1.1784729395e-05, 8.19206343294e-06, 8.96104393178e-06, 7.41497706258e-06, 5.95974915996e-06, 4.78281936012e-06, 4.01094212066e-06, 3.91263620259e-06, 3.50218510903e-06, 3.34458854923e-06, 4.01692159357e-06, 3.09725805892e-06, 2.26605470743e-06, 2.12795362131e-06, 2.19128014578e-06]
    },
    "melbands128": {
        "max": [0.0097554186359, 0.0222508665174, 0.0376323871315, 0.0389591045678, 0.024038515985, 0.0187981892377, 0.0118466876447, 0.0079329200089, 0.00804605521262, 0.014191403985, 0.00969151966274, 0.00684177596122, 0.01442585513, 0.0145021462813, 0.0194201134145, 0.0139094982296, 0.0112490048632, 0.0202817171812, 0.0122416475788, 0.00948261097074, 0.00425079418346, 0.00910185649991, 0.0147333219647, 0.0140494192019, 0.0124943619594, 0.0134890861809, 0.0175536312163, 0.0120786670595, 0.0137360868976, 0.0189264733344, 0.0247153416276, 0.0138363922015, 0.00671262852848, 0.00611109333113, 0.00918971095234, 0.00566730229184, 0.00728900684044, 0.00397493969649, 0.00371831981465, 0.00438921991736, 0.00357579393312, 0.00541821774095, 0.00159347453155, 0.00335529469885, 0.00279410509393, 0.00252762134187, 0.00409344211221, 0.00287652784027, 0.00211368827149, 0.00151548930444, 0.00199238187633, 0.0038909050636, 0.00258203363046, 0.00164694176055, 0.00218120473437, 0.00270699732937, 0.00103561172727, 0.0018650770653, 0.00319686811417, 0.000834218459204, 0.000401264172979, 0.000158007242135, 0.000280044885585, 0.000230065052165, 0.000419884250732, 0.000187296041986, 0.000155341040227, 0.000251521676546, 0.000105008897663, 0.000127099789097, 0.000163958698977, 0.000158128037583, 8.20688801468e-05, 9.5992902061e-05, 8.13488368294e-05, 7.10529639036e-05, 5.81848944421e-05, 4.27279483119e-05, 5.29060489498e-05, 8.01923742983e-05, 4.80098206026e-05, 4.75323249702e-05, 7.79348265496e-05, 4.052690565e-05, 4.60183400719e-05, 4.54519758932e-05, 6.01435676799e-05, 8.6920132162e-05, 3.71005407942e-05, 2.87698112515e-05, 6.04853448749e-05, 6.06111352681e-05, 6.2876548327e-05, 3.66304338968e-05, 5.29302305949e-05, 4.02145124099e-05, 2.28372791753e-05, 2.15985201066e-05, 2.95692443615e-05, 3.86566352972e-05, 5.05015159433e-05, 4.14458481828e-05, 3.70395609934e-05, 2.24284485739e-05, 1.88368667295e-05, 1.76236026164e-05, 4.42763894171e-06, 3.38252135634e-07, 5.15015905478e-08, 4.88119837883e-08, 4.68420040534e-08, 4.4957335632e-08, 4.31199396189e-08, 4.15885352822e-08, 4.01493203128e-08, 3.8728263263e-08, 3.749669375e-08, 3.65219854359e-08, 3.55212144143e-08, 3.46570914189e-08, 3.37561054664e-08, 3.2995231436e-08, 3.23775175559e-08, 3.17913055881e-08, 3.13190078316e-08, 3.09810204158e-08, 3.07130498811e-08, 3.05511349552e-08],
        "mean": [0.000454503693618, 0.00145700213034, 0.00393629306927, 0.00464920932427, 0.00278457999229, 0.00115514185745, 0.000739327981137, 0.000403879006626, 0.000335758988513, 0.000592312426306, 0.000393451366108, 0.000273885409115, 0.000550544937141, 0.000519334804267, 0.000332972966135, 0.000258560321527, 0.000230119898333, 0.000275834463537, 0.000316737394314, 0.000156723952387, 6.97931318427e-05, 0.000169692691998, 0.000453899614513, 0.000456342299003, 0.000428391678724, 0.00051301397616, 0.000320243823808, 0.000225586336455, 0.000273840036243, 0.000364396051737, 0.000569304334931, 0.000307343201712, 9.86251616268e-05, 8.45406902954e-05, 9.00772574823e-05, 5.38707208761e-05, 8.22071015136e-05, 6.50552756269e-05, 7.22897893866e-05, 9.3688533525e-05, 6.81726742187e-05, 5.42327179573e-05, 3.84606610169e-05, 3.75026538677e-05, 3.30274742737e-05, 4.7494602768e-05, 9.03558466234e-05, 7.21548203728e-05, 4.09226304328e-05, 4.30843865615e-05, 6.28140187473e-05, 6.00431812927e-05, 6.37383272988e-05, 4.76579916722e-05, 6.24967578915e-05, 6.05046589044e-05, 3.54298681486e-05, 4.01005490858e-05, 4.73946565762e-05, 2.89026884275e-05, 1.46517231769e-05, 1.27910152514e-05, 1.5410103515e-05, 1.37792676469e-05, 1.42025946843e-05, 8.38831874717e-06, 9.74125941866e-06, 9.03075851966e-06, 6.70469353281e-06, 8.62775050336e-06, 8.76291687746e-06, 8.36908566271e-06, 6.97083578416e-06, 6.65828019919e-06, 6.80877474224e-06, 5.59970749237e-06, 5.80211599299e-06, 4.59278317066e-06, 4.57248188468e-06, 3.88019316233e-06, 3.00652163787e-06, 3.10078371513e-06, 3.42782891494e-06, 3.44710360878e-06, 3.16249565913e-06, 2.89569993583e-06, 2.99151361105e-06, 3.04481727653e-06, 3.28663509208e-06, 2.94007077173e-06, 3.82846383218e-06, 3.38518907483e-06, 3.0239652915e-06, 2.74058925243e-06, 2.4240057428e-06, 1.96336804947e-06, 1.7656992668e-06, 1.58031321007e-06, 1.52896723193e-06, 1.51124606873e-06, 1.29237787405e-06, 1.22637652566e-06, 1.48096580688e-06, 1.40528845805e-06, 1.14777390081e-06, 1.02970341231e-06, 2.31249430271e-07, 1.26868231476e-08, 4.13999771964e-11, 3.49302912983e-11, 3.32870085662e-11, 3.28873733801e-11, 3.299169965e-11, 3.29120133924e-11, 3.08472761223e-11, 2.86990708975e-11, 2.66596918153e-11, 2.58846468565e-11, 2.5223222816e-11, 2.45675719351e-11, 2.39158449988e-11, 2.34147631839e-11, 2.2998013216e-11, 2.25589009278e-11, 2.1958436805e-11, 2.1242167747e-11, 2.07984948708e-11, 2.06491317101e-11],
        "min": [3.39903323265e-08, 6.4972510927e-08, 9.6741928246e-07, 9.29744317091e-07, 7.80476852924e-07, 3.01172832451e-07, 1.00163094885e-06, 9.7061570159e-07, 1.50408027366e-06, 5.99221493758e-07, 6.72851058425e-07, 7.43972123018e-07, 1.71625472944e-07, 7.49481444018e-07, 3.53583345714e-07, 4.15582491087e-07, 3.24088063053e-07, 5.47962713426e-07, 9.30809619604e-07, 3.29694387347e-07, 2.98524923892e-07, 2.12844639691e-07, 2.26054581276e-07, 1.54891893089e-07, 2.9359316045e-07, 1.31783650659e-07, 6.54080878348e-08, 1.98270697638e-07, 2.83287619141e-07, 3.63039475815e-07, 2.60247645656e-07, 3.27033205849e-07, 1.6305413908e-07, 1.9703638543e-07, 1.38860443144e-07, 1.43583420709e-07, 1.24035366866e-07, 1.39000604804e-07, 2.38231379512e-07, 3.05906723952e-07, 4.07919571899e-07, 3.18258173593e-07, 2.31233741488e-07, 1.2814564343e-07, 1.19616615279e-07, 2.24479578037e-07, 2.26781608603e-07, 1.33250026124e-07, 1.83900766615e-07, 3.02010903397e-07, 7.47250936683e-08, 1.7425853116e-07, 1.3713172109e-07, 1.51854052888e-07, 4.39676199449e-07, 4.91748551212e-07, 2.15342041088e-07, 1.07421094242e-07, 2.5715419838e-07, 2.31702600217e-07, 7.37806260531e-08, 1.65777322536e-07, 2.47408877385e-07, 3.23343215314e-07, 1.03941879104e-07, 1.83558874767e-08, 1.13032365689e-08, 2.63485411267e-08, 6.05422414424e-08, 4.45410712757e-08, 6.48315889862e-08, 9.5431865077e-08, 3.32014238325e-08, 2.71261768603e-08, 1.75820105142e-08, 1.97046770012e-08, 1.8810363045e-08, 4.30726831979e-09, 2.07656007944e-08, 3.99605042389e-08, 1.83958039912e-08, 3.84338738613e-09, 3.26358495784e-08, 4.3234614111e-08, 1.75342016462e-08, 4.28364117511e-08, 2.89566344236e-08, 2.30500720733e-08, 2.01336387562e-08, 1.80158519214e-08, 5.28141841372e-09, 5.2134936368e-09, 5.505650158e-09, 2.35511308233e-08, 2.2643007469e-08, 7.98381893929e-09, 3.86828391541e-09, 4.99783103791e-09, 4.68090588512e-09, 4.10161549169e-09, 2.69547384413e-09, 3.00098967898e-09, 4.03235800306e-09, 3.46646111815e-09, 3.43511508127e-09, 1.38198030797e-09, 5.09489728184e-10, 1.86087798816e-12, 7.57053220026e-13, 4.85874415788e-13, 4.38470765772e-13, 5.20468271346e-13, 4.83664432289e-13, 6.11806070215e-13, 3.86988618234e-13, 5.1937767238e-13, 5.38658744345e-13, 6.05744133238e-13, 5.94368358784e-13, 5.26280950243e-13, 5.65349091326e-13, 5.55322227005e-13, 5.9786463974e-13, 5.14540612808e-13, 3.53899472661e-13, 1.7524780997e-13, 2.20707682002e-14, 6.27123130054e-16],
        "stdev": [0.00112539110705, 0.00231678504497, 0.00467383768409, 0.00541710807011, 0.0032791022677, 0.00168070441578, 0.0011858814396, 0.000656834628899, 0.000581447267905, 0.00137732329313, 0.000882896827534, 0.000507748220116, 0.00125152023975, 0.00123344815802, 0.000854608369991, 0.000741287774872, 0.000734931963962, 0.000872821256053, 0.00113145308569, 0.000581896514632, 0.000211508435314, 0.000530211138539, 0.00133151968475, 0.00132100749761, 0.00117707822938, 0.00142306706402, 0.00108718976844, 0.000828428252134, 0.00103980477434, 0.00108274526428, 0.00195837835781, 0.0010723421583, 0.000399066280806, 0.000310311588692, 0.000466591562144, 0.000194349879166, 0.000340169528499, 0.000236600913922, 0.000199917019927, 0.000244441005634, 0.000189621277968, 0.000209814897971, 9.12744508241e-05, 0.000138476767461, 0.000113651964057, 0.000118835319881, 0.000254777609371, 0.00019903415523, 0.000120771845104, 0.000108579006337, 0.000163752221852, 0.000183400974493, 0.000161625343026, 0.000108993765025, 0.000135848516948, 0.000121250945085, 7.14805646567e-05, 0.000100244629721, 0.000119967618957, 5.53358258912e-05, 2.55654558714e-05, 1.69477534655e-05, 2.35702245845e-05, 2.40931694862e-05, 2.54880360444e-05, 1.1827389244e-05, 1.29285917865e-05, 1.2259793948e-05, 7.66077937442e-06, 1.03141455838e-05, 1.24128046082e-05, 1.09822867671e-05, 8.85248482518e-06, 8.48179479362e-06, 8.24053222459e-06, 6.90722299623e-06, 6.69561359246e-06, 5.17246826348e-06, 5.77565333515e-06, 5.22767641087e-06, 4.26255201091e-06, 4.04655611419e-06, 4.8294627959e-06, 4.2726560423e-06, 4.34068761024e-06, 4.09752010455e-06, 3.82459575121e-06, 4.38470442532e-06, 3.897888746e-06, 3.17413969242e-06, 5.01710610479e-06, 4.84152815261e-06, 4.03389822168e-06, 3.35903700943e-06, 3.54536518898e-06, 2.91745482173e-06, 2.24003110816e-06, 2.17296519622e-06, 2.37040558204e-06, 2.52218865171e-06, 2.58832824329e-06, 2.20848710342e-06, 2.48510332312e-06, 2.09548375096e-06, 1.59804176292e-06, 1.46566912917e-06, 3.80679978207e-07, 2.35255512848e-08, 1.12611653336e-09, 1.06719266757e-09, 1.02401420676e-09, 9.82772307978e-10, 9.42750877364e-10, 9.09542496874e-10, 8.77688977052e-10, 8.4652590493e-10, 8.19549872411e-10, 7.9819173493e-10, 7.76329944774e-10, 7.57415075103e-10, 7.37722938293e-10, 7.21074866483e-10, 7.0756617232e-10, 6.94765467379e-10, 6.84431455955e-10, 6.77066069876e-10, 6.71211475289e-10, 6.67671695709e-10]
    },
    "mfcc": {
        "mean": [-603.495361328, 101.279945374, 1.35695278645, 20.9774589539, 12.9655399323, 6.76720809937, 1.49717473984, 13.0650653839, 7.69544219971, 5.82970809937, -3.85254359245, 3.75313305855, -0.671381771564],
        "cov": [[1432.21411133, -245.734619141, -46.9395942688, -183.236679077, -174.389297485, -52.0238723755, -24.9671497345, -60.0892524719, -16.3460617065, -19.1912460327, -13.0048341751, -47.3258972168, -21.0259647369], [-245.734619141, 318.427825928, -108.829139709, 25.810874939, 19.9913864136, 7.52369213104, 22.3015079498, 45.5152816772, 26.7352409363, 29.3649158478, 12.7963848114, 6.33767032623, -1.93730986118], [-46.9395942688, -108.829139709, 414.923675537, 83.8427734375, 0.70859503746, 24.2153587341, -9.69908618927, -51.4083900452, -12.8876523972, 13.8430271149, 45.875202179, 34.2279205322, -9.8864030838], [-183.236679077, 25.810874939, 83.8427734375, 260.299835205, 66.7046356201, -37.348033905, -43.4995231628, 9.20001506805, 4.16613769531, -9.93678379059, 2.564412117, 43.6489830017, 20.2626514435], [-174.389297485, 19.9913864136, 0.70859503746, 66.7046356201, 163.428466797, 37.0311470032, 23.8043670654, 54.9548225403, 25.9598827362, 0.557495892048, 4.41733455658, 6.19630050659, 23.3490791321], [-52.0238723755, 7.52369213104, 24.2153587341, -37.348033905, 37.0311470032, 182.318069458, 100.359687805, 18.6165161133, -5.11329698563, 8.00251579285, 8.8075094223, -19.2927055359, -3.97527194023], [-24.9671497345, 22.3015079498, -9.69908618927, -43.4995231628, 23.8043670654, 100.359687805, 137.455307007, 55.7517852783, 6.78531217575, 8.26030063629, 11.5461797714, -11.3727369308, 4.03341531754], [-60.0892524719, 45.5152816772, -51.4083900452, 9.20001506805, 54.9548225403, 18.6165161133, 55.7517852783, 146.063659668, 72.1211013794, 17.14311409, -1.53671109676, -13.0890989304, 12.3118972778], [-16.3460617065, 26.7352409363, -12.8876523972, 4.16613769531, 25.9598827362, -5.11329698563, 6.78531217575, 72.1211013794, 126.178588867, 53.0020446777, -0.384219259024, -5.56794118881, -2.29719638824], [-19.1912460327, 29.3649158478, 13.8430271149, -9.93678379059, 0.557495892048, 8.00251579285, 8.26030063629, 17.14311409, 53.0020446777, 83.8659667969, 34.5838623047, 9.00932502747, 0.238797590137], [-13.0048341751, 12.7963848114, 45.875202179, 2.564412117, 4.41733455658, 8.8075094223, 11.5461797714, -1.53671109676, -0.384219259024, 34.5838623047, 81.5771179199, 37.3108673096, 8.95767879486], [-47.3258972168, 6.33767032623, 34.2279205322, 43.6489830017, 6.19630050659, -19.2927055359, -11.3727369308, -13.0890989304, -5.56794118881, 9.00932502747, 37.3108673096, 83.2180557251, 30.4851589203], [-21.0259647369, -1.93730986118, -9.8864030838, 20.2626514435, 23.3490791321, -3.97527194023, 4.03341531754, 12.3118972778, -2.29719638824, 0.238797590137, 8.95767879486, 30.4851589203, 61.3828430176]],
        "icov": [[0.000999971060082, 0.00077429873636, 0.000245767849265, 0.000293617573334, 0.000861392414663, 0.000183970245416, -7.87080280134e-05, 0.000117937430332, -0.000355789787136, 0.000284678593744, -0.000480651302496, 0.000477227149531, -0.000205894350074], [0.00077429873636, 0.00454868189991, 0.00152805121616, -0.00073163403431, 0.000725829624571, -4.87599463668e-05, -0.000467258825665, -0.000599768653046, 5.74652476644e-05, -0.00123176153284, -0.000901346676983, -0.000201900154934, 0.00100691150874], [0.000245767849265, 0.00152805121616, 0.00357178179547, -0.00145900575444, 0.000465944001917, -0.000751363113523, -0.000269795389613, 0.00115380261559, -0.000571959884837, -0.000182829491678, -0.0019573434256, -0.000314522359986, 0.00117086386308], [0.000293617573334, -0.00073163403431, -0.00145900575444, 0.00603016046807, -0.00212246156298, 0.000685157661792, 0.0018693030579, -0.00102954905014, 0.000401752331527, 0.000675283023156, 0.00146083778236, -0.00258304737508, -0.000130612868816], [0.000861392414663, 0.000725829624571, 0.000465944001917, -0.00212246156298, 0.00962346233428, -0.00232033454813, 0.000663182872813, -0.0023454350885, -0.00133159186225, 0.00152022542898, -0.001500876504, 0.00124918553047, -0.00274749915116], [0.000183970245416, -4.87599463668e-05, -0.000751363113523, 0.000685157661792, -0.00232033454813, 0.0106518156826, -0.00796106271446, 0.00240715499967, 0.000368641893147, -0.000902489933651, 3.08304479404e-05, 0.00196631485596, 0.000363297382137], [-7.87080280134e-05, -0.000467258825665, -0.000269795389613, 0.0018693030579, 0.000663182872813, -0.00796106271446, 0.0163025073707, -0.0068745915778, 0.00264508649707, -0.00023941139807, -0.00091111502843, -0.00082529039355, -0.000519657565746], [0.000117937430332, -0.000599768653046, 0.00115380261559, -0.00102954905014, -0.0023454350885, 0.00240715499967, -0.0068745915778, 0.0151728326455, -0.00871714577079, 0.00328480196185, -0.00203197309747, 0.00331343756989, -0.00268442393281], [-0.000355789787136, 5.74652476644e-05, -0.000571959884837, 0.000401752331527, -0.00133159186225, 0.000368641893147, 0.00264508649707, -0.00871714577079, 0.0178498979658, -0.0117745092139, 0.00540522579104, -0.00193010654766, 0.00264383084141], [0.000284678593744, -0.00123176153284, -0.000182829491678, 0.000675283023156, 0.00152022542898, -0.000902489933651, -0.00023941139807, 0.00328480196185, -0.0117745092139, 0.0234402101487, -0.0103020733222, 0.00197487557307, -0.00148280477151], [-0.000480651302496, -0.000901346676983, -0.0019573434256, 0.00146083778236, -0.001500876504, 3.08304479404e-05, -0.00091111502843, -0.00203197309747, 0.00540522579104, -0.0103020733222, 0.0221331343055, -0.00960963591933, 0.00183474482037], [0.000477227149531, -0.000201900154934, -0.000314522359986, -0.00258304737508, 0.00124918553047, 0.00196631485596, -0.00082529039355, 0.00331343756989, -0.00193010654766, 0.00197487557307, -0.00960963591933, 0.022051487118, -0.00962829682976], [-0.000205894350074, 0.00100691150874, 0.00117086386308, -0.000130612868816, -0.00274749915116, 0.000363297382137, -0.000519657565746, -0.00268442393281, 0.00264383084141, -0.00148280477151, 0.00183474482037, -0.00962829682976, 0.022744115442]]
    },
    "spectral_contrast_coeffs": {
        "max": [-0.435151606798, -0.471201062202, -0.438102006912, -0.558005690575, -0.636029720306, -0.668549895287],
        "mean": [-0.726573586464, -0.744627058506, -0.731292128563, -0.780728042126, -0.792861640453, -0.778881371021],
        "min": [-0.885137915611, -0.922113060951, -0.915230810642, -0.885745286942, -0.877050995827, -0.872446477413],
        "stdev": [0.0642549991608, 0.0809041187167, 0.0896111652255, 0.0539707690477, 0.0368726290762, 0.0283025577664]
    },
    "spectral_contrast_valleys": {
        "max": [-5.10797214508, -4.92274856567, -5.49279785156, -5.78774023056, -5.8979716301, -8.15152931213],
        "mean": [-6.47093343735, -6.6976647377, -7.20985412598, -7.16346263885, -7.04950237274, -9.45558834076],
        "min": [-8.6775560379, -8.40155696869, -8.75911331177, -8.67784881592, -9.19209480286, -11.2560129166],
        "stdev": [0.464933693409, 0.549390733242, 0.506574630737, 0.421058982611, 0.409858822823, 0.554509580135]
    }
},
"rhythm": {
    "beats_count": 71,
    "beats_loudness": {
        "max": 0.0851696506143,
        "mean": 0.0434860810637,
        "min": 0.0149971898645,
        "stdev": 0.0144766215235
    },
    "bpm": 87.8197021484,
    "bpm_histogram_first_peak_bpm": 88,
    "bpm_histogram_first_peak_weight": 0.0588235259056,
    "bpm_histogram_second_peak_bpm": 83,
    "bpm_histogram_second_peak_spread": 0,
    "bpm_histogram_second_peak_weight": 0.0285714287311,
    "danceability": 1.43011474609,
    "onset_rate": 4.7373046875,
    "beats_loudness_band_ratio": {
        "max": [0.622425496578, 0.73286396265, 0.647206544876, 0.81934517622, 0.312372326851, 0.219048768282],
        "mean": [0.242490500212, 0.195261955261, 0.192705109715, 0.209560602903, 0.115028813481, 0.0772584825754],
        "min": [0.0296816732734, 0.0210381541401, 0.00844169035554, 0.00294367247261, 0.0169543586671, 0.0138663519174],
        "stdev": [0.149727910757, 0.163996130228, 0.178543627262, 0.204157620668, 0.0784782916307, 0.0428392998874]
    },
    "beats_position": [0.696598649025, 1.4164172411, 2.13623571396, 2.83283448219, 3.52943301201, 4.21442174911, 4.8994102478, 5.5727891922, 6.25777769089, 6.94276618958, 7.61614513397, 8.3011341095, 8.98612213135, 9.682721138, 10.3560991287, 11.0294780731, 11.7028570175, 12.387845993, 13.0728340149, 13.7578229904, 14.4428119659, 15.1161899567, 15.7895689011, 16.4745578766, 17.1595458984, 17.8445339203, 18.5179138184, 19.2029018402, 19.8762817383, 20.5612697601, 21.246257782, 21.9312477112, 22.616235733, 23.2896137238, 23.974603653, 24.6595916748, 25.3329696655, 26.0063495636, 26.6913375854, 27.3763256073, 28.0729255676, 28.7463035583, 29.4312915802, 30.1162815094, 30.7896595001, 31.474647522, 32.1596374512, 32.8446235657, 33.5296134949, 34.2029914856, 34.8763694763, 35.5613594055, 36.2463493347, 36.9313354492, 37.6163253784, 38.3013153076, 38.9863014221, 39.6596832275, 40.3330612183, 41.0180473328, 41.703037262, 42.3880271912, 43.0730133057, 43.7580032349, 44.4429931641, 45.1163711548, 45.7897491455, 46.4747390747, 47.1597251892, 47.8447151184, 48.5297050476],
