{
"metadata": {
    "version": {
        "essentia": "2.1-beta5",
        "essentia_git_sha": "Undefined",
        "extractor": "music 2.0"
    },
    "audio_properties": {
        "analysis": {
            "equal_loudness": 0,
            "length": 32.4963264465,
            "sample_rate": 44100,
            "start_time": 45.2440834045,
            "downmix": "mix"
        },
        "bit_rate": 192000,
        "length": 189.161376953,
        "lossless": 0,
        "number_channels": 2,
        "replay_gain": -8.04116821289,
        "sample_rate": 48000,
        "codec": "mp3",
        "md5_encoded": "a2d169ff504966878e991856ee894ab8"
    },
    "tags": {
        "file_name": "Andorra_La Mirada Interior_Marian van de Wal.mp3",
        "encoding": ["Lavf58.29.100"]
    }
},
"lowlevel": {
    "average_loudness": 0.895423352718,
    "barkbands_crest": {
        "max": 25.7672214508,
        "mean": 11.9971981049,
        "min": 3.2261390686,
        "stdev": 4.82629776001
    },
    "barkbands_flatness_db": {
        "max": 0.389641016722,
        "mean": 0.166339844465,
        "min": 0.0347782820463,
        "stdev": 0.0644464343786
    },
    "barkbands_kurtosis": {
        "max": 235.029266357,
        "mean": 9.35442352295,
        "min": -1.93876409531,
        "stdev": 19.9814949036
    },
    "barkbands_skewness": {
        "max": 12.364528656,
        "mean": 2.14247512817,
        "min": -0.944225788116,
        "stdev": 1.76384913921
    },
    "barkbands_spread": {
        "max": 107.07535553,
        "mean": 20.4167690277,
        "min": 0.648578643799,
        "stdev": 13.8974962234
    },
    "dissonance": {
        "max": 0.499836027622,
        "mean": 0.447026461363,
        "min": 0.170479148626,
        "stdev": 0.0410882085562
    },
    "dynamic_complexity": 3.14547252655,
    "erbbands_crest": {
        "max": 31.6896457672,
        "mean": 12.2272176743,
        "min": 2.83876466751,
        "stdev": 6.09766387939
    },
    "erbbands_flatness_db": {
        "max": 0.353841692209,
        "mean": 0.165663331747,
        "min": 0.0485798381269,
        "stdev": 0.0609924122691
    },
    "erbbands_kurtosis": {
        "max": 83.5113677979,
        "mean": 1.32826149464,
        "min": -1.91399884224,
        "stdev": 5.42275285721
    },
    "erbbands_skewness": {
        "max": 8.42906856537,
        "mean": 0.614518880844,
        "min": -3.61128616333,
        "stdev": 1.09954321384
    },
    "erbbands_spread": {
        "max": 161.723251343,
        "mean": 43.0387268066,
        "min": 3.34701514244,
        "stdev": 24.6785812378
    },
    "hfc": {
        "max": 105.286491394,
        "mean": 17.4350471497,
        "min": 0.232569545507,
        "stdev": 15.8331098557
    },
    "loudness_ebu128": {
        "integrated": -16.4074897766,
        "loudness_range": 4.33180618286,
        "momentary": {
            "max": -12.4595031738,
            "mean": -17.2145805359,
            "min": -27.6135101318,
            "stdev": 2.84500288963
        },
        "short_term": {
            "max": -14.1281137466,
            "mean": -17.0065689087,
            "min": -20.8744125366,
            "stdev": 1.52961850166
        }
    },
    "melbands_crest": {
        "max": 32.3003082275,
        "mean": 16.274438858,
        "min": 5.89585018158,
        "stdev": 4.8898563385
    },
    "melbands_flatness_db": {
        "max": 0.497601807117,
        "mean": 0.235802814364,
        "min": 0.065633200109,
        "stdev": 0.0664386674762
    },
    "melbands_kurtosis": {
        "max": 469.715301514,
        "mean": 27.1501178741,
        "min": -1.2255563736,
        "stdev": 47.3686752319
    },
    "melbands_skewness": {
        "max": 18.3590068817,
        "mean": 3.39728307724,
        "min": -0.66891181469,
        "stdev": 2.56842494011
    },
    "melbands_spread": {
        "max": 180.295608521,
        "mean": 19.2883090973,
        "min": 0.433405101299,
        "stdev": 15.7473936081
    },
    "pitch_salience": {
        "max": 0.830599844456,
        "mean": 0.474758327007,
        "min": 0.0368994735181,
        "stdev": 0.126921489835
    },
    "silence_rate_20dB": {
        "max": 1,
        "mean": 1,
        "min": 1,
        "stdev": 0
    },
    "silence_rate_30dB": {
        "max": 1,
        "mean": 1,
        "min": 1,
        "stdev": 0
    },
    "silence_rate_60dB": {
        "max": 1,
        "mean": 0.0513918623328,
        "min": 0,
        "stdev": 0.220794156194
    },
    "spectral_centroid": {
        "max": 3905.77124023,
        "mean": 1194.04223633,
        "min": 194.963012695,
        "stdev": 602.434570312
    },
    "spectral_complexity": {
        "max": 37,
        "mean": 11.8215560913,
        "min": 1,
        "stdev": 5.6179485321
    },
    "spectral_decrease": {
        "max": -1.22742427333e-10,
        "mean": -5.94370641593e-09,
        "min": -2.99993061503e-08,
        "stdev": 4.3831573926e-09
    },
    "spectral_energy": {
        "max": 0.117521516979,
        "mean": 0.0240143518895,
        "min": 0.000510085665155,
        "stdev": 0.0176071375608
    },
    "spectral_energyband_high": {
        "max": 0.0116267800331,
        "mean": 0.000493447179906,
        "min": 1.05601259293e-06,
        "stdev": 0.000786166347098
    },
    "spectral_energyband_low": {
        "max": 0.0989964753389,
        "mean": 0.00913470331579,
        "min": 5.98753058512e-06,
        "stdev": 0.00990777928382
    },
    "spectral_energyband_middle_high": {
        "max": 0.0758428871632,
        "mean": 0.0050088330172,
        "min": 1.94194453798e-05,
        "stdev": 0.00803545862436
    },
    "spectral_energyband_middle_low": {
        "max": 0.0765050575137,
        "mean": 0.0111636836082,
        "min": 8.16946921987e-05,
        "stdev": 0.0113562056795
    },
    "spectral_entropy": {
        "max": 8.6777973175,
        "mean": 7.25301122665,
        "min": 5.16010665894,
        "stdev": 0.571154296398
    },
    "spectral_flux": {
        "max": 0.274497359991,
        "mean": 0.0721778646111,
        "min": 0.00889737065881,
        "stdev": 0.0454996861517
    },
    "spectral_kurtosis": {
        "max": 19.3333930969,
        "mean": 4.57206010818,
        "min": -1.44106519222,
        "stdev": 2.81336331367
    },
    "spectral_rms": {
        "max": 0.0107077136636,
        "mean": 0.0045139817521,
        "min": 0.00070543930633,
        "stdev": 0.00174716580659
    },
    "spectral_rolloff": {
        "max": 12360.0585938,
        "mean": 1152.69445801,
        "min": 86.1328125,
        "stdev": 1238.76489258
    },
    "spectral_skewness": {
        "max": 3.79544425011,
        "mean": 1.65960717201,
        "min": -0.262389421463,
        "stdev": 0.442500144243
    },
    "spectral_spread": {
        "max": 15548045,
        "mean": 5277643,
        "min": 2395616.25,
        "stdev": 1873950.625
    },
    "spectral_strongpeak": {
        "max": 9.38255023956,
        "mean": 1.262981534,
        "min": 0,
        "stdev": 1.48738706112
    },
    "zerocrossingrate": {
        "max": 0.31640625,
        "mean": 0.055784650147,
        "min": 0.00341796875,
        "stdev": 0.0318991914392
    },
    "barkbands": {
        "max": [0.00422219140455, 0.0403760373592, 0.0542866364121, 0.0412798784673, 0.0585779026151, 0.0435889810324, 0.0574777498841, 0.0637574195862, 0.0565885864198, 0.0414597652853, 0.0675885900855, 0.00821044668555, 0.00955277774483, 0.0155235882849, 0.0122672552243, 0.0125023424625, 0.0169472452253, 0.00824502948672, 0.00799297727644, 0.00670164776966, 0.00066173041705, 0.00104843568988, 0.00450585596263, 0.00854295864701, 0.0020943954587, 0.0023559553083, 0.00038413060247],
        "mean": [9.21984537854e-05, 0.00391848385334, 0.003495472949, 0.0023155475501, 0.00193038012367, 0.00201055360958, 0.00116252282169, 0.00156650820281, 0.00195478159003, 0.00122462410945, 0.000878845516127, 0.000311585812597, 0.000300030689687, 0.000191947314306, 0.000529777724296, 0.00024408120953, 0.000404957449064, 0.000472057261504, 0.000412256777054, 0.000182351068361, 5.63421963307e-05, 5.1812363381e-05, 7.08060688339e-05, 0.000113054942631, 6.33209347143e-05, 4.83883413835e-05, 1.16682158477e-05],
        "min": [1.51357693046e-09, 2.17335326624e-07, 2.66999177256e-06, 7.20297805401e-07, 6.93325364409e-06, 3.22372216033e-06, 1.68229666997e-06, 9.45260978824e-07, 1.85768715255e-06, 9.05713250177e-07, 4.67075636834e-07, 1.05463570321e-07, 6.59073293718e-07, 3.57313695076e-07, 4.07218095688e-07, 3.0854647548e-07, 3.03907427224e-07, 1.10581811441e-06, 6.34487037132e-07, 1.90166673519e-07, 1.3520688924e-07, 1.36768349535e-07, 2.8632243243e-07, 2.08529471024e-07, 5.22583398777e-08, 6.85652645771e-09, 2.13007764205e-10],
        "stdev": [0.000370986846974, 0.00513704912737, 0.00537280924618, 0.00375994388014, 0.0037188581191, 0.00403760233894, 0.00437906337902, 0.00505422754213, 0.00566516350955, 0.00372570659965, 0.00432568322867, 0.000693172623869, 0.000857397040818, 0.000769198173657, 0.0012539930176, 0.00072164402809, 0.00104433437809, 0.000937038275879, 0.000893177522812, 0.00047437948524, 8.82160165929e-05, 8.55402031448e-05, 0.000189979502466, 0.000359773781383, 0.000114251255582, 0.000153438420966, 3.34215292241e-05]
    },
    "erbbands": {
        "max": [1.03663241863, 11.2473134995, 59.394947052, 106.099189758, 102.819786072, 299.644958496, 293.384918213, 457.423706055, 731.65246582, 695.028686523, 1813.07861328, 1721.3470459, 1547.08789062, 2507.6184082, 1301.38867188, 407.738830566, 531.538391113, 556.122070312, 732.612365723, 266.180603027, 830.724243164, 579.744873047, 588.368286133, 670.252502441, 251.757125854, 262.301452637, 42.3899345398, 26.8089599609, 28.2705020905, 84.1842651367, 119.838691711, 112.612449646, 186.150482178, 56.0409049988, 6.23685216904, 18.1407756805, 1.21067667007, 0.414219617844, 0.0674427002668, 0.00136551389005],
        "mean": [0.0687883943319, 1.05988013744, 3.63453936577, 7.24516963959, 5.60700511932, 6.33382749557, 14.8049049377, 14.8610858917, 16.2509555817, 14.7131843567, 45.4093780518, 53.5091400146, 27.4701728821, 52.0342216492, 23.8872928619, 16.0711994171, 15.9695444107, 10.6116199493, 28.0682067871, 14.7199306488, 19.3633289337, 19.4603290558, 22.22605896, 26.2625637054, 17.5597667694, 9.34391212463, 3.17746114731, 1.90146005154, 1.79615151882, 1.82360291481, 2.10249352455, 2.4031419754, 1.78523242474, 0.860158145428, 0.39941868186, 0.290490537882, 0.0572745464742, 0.0162459667772, 0.00216291379184, 6.85278864694e-05],
        "min": [1.45418325701e-05, 0.000259084277786, 0.00288212671876, 0.00954099372029, 0.0310121774673, 0.0160090327263, 0.0590639188886, 0.0613669455051, 0.0322257317603, 0.0346835739911, 0.0682560801506, 0.113458633423, 0.0557920075953, 0.0355629585683, 0.0522097945213, 0.0550571791828, 0.0357305929065, 0.0327575542033, 0.0285500902683, 0.0402522571385, 0.0144287990406, 0.0242326017469, 0.0660525038838, 0.0298645179719, 0.0155786145478, 0.0111622065306, 0.00730357365683, 0.00395640498027, 0.00438075885177, 0.00535816792399, 0.00973153673112, 0.0051562176086, 0.00259645259939, 0.000946576939896, 0.000230428500799, 5.55059959879e-05, 1.33798939714e-05, 1.98294810616e-06, 4.10728318911e-07, 7.18002524991e-07],
        "stdev": [0.0991234183311, 1.36347675323, 5.20945596695, 10.8618659973, 10.1519765854, 15.7489261627, 29.8254261017, 38.09375, 53.7112083435, 43.1816177368, 143.27293396, 150.670150757, 103.607528687, 151.941757202, 89.8728866577, 33.5549278259, 45.1552352905, 33.4046478271, 71.2145309448, 27.1317710876, 52.8031196594, 49.0546302795, 47.7304153442, 58.8410873413, 33.3889770508, 22.7087001801, 4.62525320053, 3.1341919899, 2.93931388855, 4.24541854858, 5.34951162338, 6.91481733322, 6.47528457642, 2.11580705643, 0.730048298836, 1.07357335091, 0.12493763864, 0.0403517447412, 0.00614590616897, 0.000115242801257]
    },
    "gfcc": {
        "mean": [-20.8291988373, 87.4697113037, -101.514968872, 33.6352615356, -52.4604873657, 11.6587171555, -44.1813735962, 18.0494384766, -24.9387435913, -11.7955627441, -8.79814529419, -6.07155799866, -12.8215656281],
        "cov": [[4418.76513672, -1241.56604004, -117.965896606, -220.646133423, 551.568908691, 59.6925621033, 244.740707397, 66.2202148438, -208.58102417, 493.088134766, -433.39642334, 102.688781738, -137.434539795], [-1241.56604004, 1046.86975098, -226.457809448, 60.5315170288, -37.9698143005, -51.6839103699, 62.8745651245, 88.9551391602, 133.764160156, -210.588699341, 306.224365234, -81.7630004883, 108.453727722], [-117.965896606, -226.457809448, 906.555603027, 272.858581543, -23.4823608398, 145.250717163, -72.7175369263, -114.368690491, 93.6756057739, 123.125404358, -140.675109863, 122.234565735, -19.7825737], [-220.646133423, 60.5315170288, 272.858581543, 589.823669434, 137.534576416, 58.0609550476, -21.3872718811, 9.67869186401, 128.657409668, 2.83029985428, 35.5005760193, 86.8239974976, 111.16934967], [551.568908691, -37.9698143005, -23.4823608398, 137.534576416, 499.688201904, 83.6243438721, 154.514892578, 67.1710281372, -28.2770309448, 110.531272888, -30.4191150665, 16.730134964, 55.6866416931], [59.6925621033, -51.6839103699, 145.250717163, 58.0609550476, 83.6243438721, 293.889007568, 103.571006775, -0.67709594965, -1.38898563385, 51.5339889526, -22.8634090424, -11.0092077255, 28.374961853], [244.740707397, 62.8745651245, -72.7175369263, -21.3872718811, 154.514892578, 103.571006775, 280.019012451, 58.1819877625, -30.2234382629, 71.0287704468, 30.9661159515, -14.9328985214, 11.5761785507], [66.2202148438, 88.9551391602, -114.368690491, 9.67869186401, 67.1710281372, -0.67709594965, 58.1819877625, 214.6640625, 87.7642211914, -66.4203338623, 63.1056251526, 6.59893846512, 38.5396842957], [-208.58102417, 133.764160156, 93.6756057739, 128.657409668, -28.2770309448, -1.38898563385, -30.2234382629, 87.7642211914, 231.9087677, -17.4646224976, 28.4292011261, 47.2672195435, 55.0457077026], [493.088134766, -210.588699341, 123.125404358, 2.83029985428, 110.531272888, 51.5339889526, 71.0287704468, -66.4203338623, -17.4646224976, 235.129089355, -55.6861991882, 29.8640880585, -19.5926151276], [-433.39642334, 306.224365234, -140.675109863, 35.5005760193, -30.4191150665, -22.8634090424, 30.9661159515, 63.1056251526, 28.4292011261, -55.6861991882, 249.662506104, 10.4814634323, 73.2402191162], [102.688781738, -81.7630004883, 122.234565735, 86.8239974976, 16.730134964, -11.0092077255, -14.9328985214, 6.59893846512, 47.2672195435, 29.8640880585, 10.4814634323, 121.349746704, 45.210609436], [-137.434539795, 108.453727722, -19.7825737, 111.16934967, 55.6866416931, 28.374961853, 11.5761785507, 38.5396842957, 55.0457077026, -19.5926151276, 73.2402191162, 45.210609436, 130.385620117]],
        "icov": [[0.000560483022127, 0.000331571209244, 0.000302238564473, 4.69343322038e-05, -0.0002605561167, 4.08123014495e-05, -0.000100033255876, -0.000609968439676, 0.000278121297015, -0.000807536009233, 0.00061379512772, -0.00057623127941, 0.000228664677707], [0.000331571209244, 0.0030405675061, -0.00020834474708, 0.000401616707677, -0.000947943306528, 0.000846219307277, -0.00145351618994, 0.00168913253583, -0.00238703330979, 0.00209221849218, -0.00277460739017, 0.0025444587227, -0.000704774400219], [0.000302238564473, -0.00020834474708, 0.00247057597153, -0.000888216367457, 0.00029811373679, -0.00137447635643, 0.000601832463872, 0.000115586939501, -0.000176003697561, -0.00127000384964, 0.00145074434113, -0.00273405038752, 0.00172480312176], [4.69343322038e-05, 0.000401616707677, -0.000888216367457, 0.00301080103964, -0.00129827053752, 0.000144199715578, 1.14846834549e-05, 0.00112566561438, -0.00154696870595, 0.00112091342453, -0.000911399838515, 6.24390158919e-05, -0.00148523785174], [-0.0002605561167, -0.000947943306528, 0.00029811373679, -0.00129827053752, 0.00402865977958, -0.000261757581029, -0.00058976362925, -0.00227236561477, 0.00219047348946, -0.00223287730478, 0.00188386661466, -0.00021938791906, -0.00151602609549], [4.08123014495e-05, 0.000846219307277, -0.00137447635643, 0.000144199715578, -0.000261757581029, 0.0053510540165, -0.00232664938085, 0.000381066609407, -0.000354216143023, 0.000438663002569, -0.000336878554663, 0.00306234857999, -0.00260830041952], [-0.000100033255876, -0.00145351618994, 0.000601832463872, 1.14846834549e-05, -0.00058976362925, -0.00232664938085, 0.00670137954876, -0.00267882272601, 0.0020230053924, -0.00293080066331, 0.000367001921404, -0.00115440308582, 0.00103982002474], [-0.000609968439676, 0.00168913253583, 0.000115586939501, 0.00112566561438, -0.00227236561477, 0.000381066609407, -0.00267882272601, 0.011211601086, -0.00645256601274, 0.00608998956159, -0.00399846350774, 0.00142132712062, 0.000213707884541], [0.000278121297015, -0.00238703330979, -0.000176003697561, -0.00154696870595, 0.00219047348946, -0.000354216143023, 0.0020230053924, -0.00645256601274, 0.0100247338414, -0.00413546198979, 0.00362327322364, -0.00296449824236, -0.00142081512604], [-0.000807536009233, 0.00209221849218, -0.00127000384964, 0.00112091342453, -0.00223287730478, 0.000438663002569, -0.00293080066331, 0.00608998956159, -0.00413546198979, 0.010749457404, -0.00358289317228, 0.00131627265364, 0.000495760410558], [0.00061379512772, -0.00277460739017, 0.00145074434113, -0.000911399838515, 0.00188386661466, -0.000336878554663, 0.000367001921404, -0.00399846350774, 0.00362327322364, -0.00358289317228, 0.0101374369115, -0.00386660406366, -0.00205164006911], [-0.00057623127941, 0.0025444587227, -0.00273405038752, 6.24390158919e-05, -0.00021938791906, 0.00306234857999, -0.00115440308582, 0.00142132712062, -0.00296449824236, 0.00131627265364, -0.00386660406366, 0.016739718616, -0.0062654055655], [0.000228664677707, -0.000704774400219, 0.00172480312176, -0.00148523785174, -0.00151602609549, -0.00260830041952, 0.00103982002474, 0.000213707884541, -0.00142081512604, 0.000495760410558, -0.00205164006911, -0.0062654055655, 0.0150837469846]]
    },
    "melbands": {
        "max": [0.00819246657193, 0.0252019874752, 0.0156167093664, 0.0134440800175, 0.0078888963908, 0.00895637832582, 0.0120639083907, 0.00616334844381, 0.014740889892, 0.0110384719446, 0.00776596413925, 0.00992537848651, 0.00740854302421, 0.000636105891317, 0.000727895181626, 0.000866224756464, 0.00134615739807, 0.00104724615812, 0.000634427880868, 0.000342059298418, 0.00136987282895, 0.000767181802075, 0.000498030276503, 0.000345084263245, 0.000630983908195, 0.000274017977063, 0.000364771491149, 0.000194774445845, 4.19962561864e-05, 1.87553432625e-05, 2.24959985644e-05, 1.37759188874e-05, 2.46696799877e-05, 6.31456714473e-05, 7.83998038969e-05, 6.65925617795e-05, 9.89922555164e-05, 0.0001218951802, 9.02586543816e-05, 4.50664447271e-05],
        "mean": [0.000898989150301, 0.00178314407822, 0.00114552432206, 0.000415091752075, 0.000452217500424, 0.000336586934282, 0.000253211008385, 0.000164943980053, 0.000391301175114, 0.000312815216603, 0.000127512146719, 0.000211878999835, 0.000103735343146, 3.60320991604e-05, 3.53813629772e-05, 2.86388985842e-05, 1.82275216503e-05, 4.08113301091e-05, 3.22356536344e-05, 1.40287011163e-05, 2.62810717686e-05, 2.19516914512e-05, 1.9395207346e-05, 2.01768052648e-05, 2.18159002543e-05, 1.42464623423e-05, 9.20812180993e-06, 5.53149538973e-06, 1.88143565083e-06, 1.47227046909e-06, 1.04899027065e-06, 9.80126173999e-07, 1.0258271459e-06, 1.01084663129e-06, 1.15657678634e-06, 1.35488130582e-06, 1.51814981564e-06, 1.27796158722e-06, 1.02498040633e-06, 6.3119762217e-07],
        "min": [1.11257755009e-07, 9.89140971797e-07, 1.08508152152e-06, 1.35409982249e-06, 2.59621583609e-06, 1.33480614295e-06, 3.02179188338e-07, 2.96099955222e-07, 3.15935636763e-07, 2.32194310001e-07, 1.88459011952e-07, 1.17231763852e-07, 1.04298855774e-07, 1.075129763e-08, 7.93917394049e-08, 6.20134059659e-08, 2.81891647802e-08, 3.44930981555e-08, 2.55768757285e-08, 3.29039799851e-08, 1.1123510113e-08, 1.42228016031e-08, 3.4251208092e-08, 3.09215160144e-08, 1.83524431208e-08, 1.16554117469e-08, 1.01795194496e-08, 7.05152558567e-09, 4.2259173938e-09, 2.45477660421e-09, 1.54861556911e-09, 1.31746036303e-09, 2.34132846444e-09, 2.7048527862e-09, 3.32045968499e-09, 6.02055960641e-09, 2.32839325598e-09, 1.88048909777e-09, 1.23051679957e-09, 3.9259184792e-10],
        "stdev": [0.00118968822062, 0.00218346668407, 0.00167068059091, 0.000880169682205, 0.000837103638332, 0.00077864038758, 0.000886198249646, 0.000451989850262, 0.0011890262831, 0.00096129567828, 0.000535077531822, 0.00061259343056, 0.000462001393316, 7.32687840355e-05, 7.37206864869e-05, 7.88814504631e-05, 7.36411820981e-05, 0.000106909064925, 7.26861544535e-05, 2.64904992946e-05, 8.05322779343e-05, 6.16160104983e-05, 4.90597012686e-05, 3.71648711734e-05, 5.29649514647e-05, 3.10264949803e-05, 2.18230197788e-05, 1.48872049976e-05, 3.06849869958e-06, 2.47609978032e-06, 2.01160924007e-06, 1.63851018442e-06, 1.79984078841e-06, 2.79926439362e-06, 3.17078843182e-06, 3.53216682925e-06, 4.66704705104e-06, 4.5482056521e-06, 3.20631761497e-06, 1.60847548614e-06]
    },
    "melbands128": {
        "max": [0.00371821178123, 0.00948765035719, 0.01093879994, 0.0225530061871, 0.0326105952263, 0.0284536033869, 0.0263955779374, 0.014567758888, 0.0133319422603, 0.0160194188356, 0.0209430456161, 0.00849011074752, 0.0104499356821, 0.0191886629909, 0.0126478690654, 0.012618413195, 0.00679959356785, 0.0209785401821, 0.0233436580747, 0.00543485349044, 0.00914936512709, 0.0137093644589, 0.0272116605192, 0.0124858785421, 0.0164513476193, 0.0203947070986, 0.0102201104164, 0.015887286514, 0.0135083710775, 0.00724642770365, 0.017931336537, 0.0231877360493, 0.00771175744012, 0.00297798216343, 0.000738254224416, 0.000938586774282, 0.00264010229148, 0.000775443331804, 0.00173469400033, 0.00235567102209, 0.00186384876724, 0.00173672509845, 0.0020147014875, 0.0038522684481, 0.00138007290661, 0.00155310821719, 0.00272422144189, 0.00116794055793, 0.00110255088657, 0.000508718716446, 0.000401040248107, 0.000704657752067, 0.00250641582534, 0.00366721278988, 0.00209440966137, 0.00145287427586, 0.000680486264173, 0.000839255109895, 0.0011778359767, 0.00111153081525, 0.000572207442019, 0.00046555919107, 0.0014128619805, 0.000650789763313, 0.000917062861845, 0.000273093231954, 0.000387608917663, 0.000411611283198, 0.000880515261088, 0.000451337138657, 0.000445652985945, 0.000375184201403, 3.60479170922e-05, 2.82984092337e-05, 5.50604272576e-05, 3.40864789905e-05, 2.33283699345e-05, 1.51740869114e-05, 3.54952680937e-05, 3.99350974476e-05, 1.64429238794e-05, 1.38778659675e-05, 2.458826566e-05, 2.17469641939e-05, 2.91274154733e-05, 6.01179672231e-05, 5.25506548001e-05, 0.000147726415889, 7.53889034968e-05, 3.93818700104e-05, 5.41688568774e-05, 9.47504813666e-05, 9.75982038653e-05, 0.000111494198791, 0.000162738928339, 6.14893579041e-05, 0.000102099060314, 0.000312467425829, 6.02976942901e-05, 2.48868727795e-05, 2.23527586058e-05, 9.39688397921e-05, 1.09131706267e-05, 8.23055961519e-06, 6.71446696288e-06, 6.23139567324e-06, 7.52769528845e-06, 5.07512158947e-05, 6.88290019752e-05, 6.92616367814e-06, 6.80268067299e-06, 2.89253694064e-06, 2.82789665107e-06, 3.43732176589e-06, 2.48029982686e-06, 2.38132111008e-06, 4.01796978622e-06, 5.47868148715e-06, 5.21501169715e-06, 3.5469120121e-06, 1.64245000178e-06, 1.05730339328e-06, 5.99484735631e-07, 3.77743809565e-08, 1.0086272928e-09, 1.0018940122e-09, 9.9538455256e-10, 9.91999371536e-10],
        "mean": [7.38816816011e-05, 0.000306885049213, 0.00133866397664, 0.00185785116628, 0.00181601801887, 0.00174272339791, 0.00167022575624, 0.000875034311321, 0.000489038298838, 0.00045486149611, 0.000309003720758, 0.000311021489324, 0.000598580460064, 0.000483854586491, 0.000369889574358, 0.000230045654462, 0.000182726231287, 0.000327237445163, 0.000261752080405, 0.000110435910756, 0.000111573564936, 0.000295247300528, 0.000555737351533, 0.000271493801847, 0.000428738596383, 0.000313063472277, 8.91844174475e-05, 0.00011766076932, 0.000113234986202, 0.000241419256781, 0.000236560736084, 0.00017739845498, 0.000110533677798, 4.29042629548e-05, 1.35254185807e-05, 4.38482420577e-05, 6.1863764131e-05, 1.25006927192e-05, 3.92004731111e-05, 4.87679171783e-05, 1.97442914214e-05, 1.27083558255e-05, 1.62501146406e-05, 2.46640720434e-05, 1.53697783389e-05, 3.98086776841e-05, 8.61566804815e-05, 2.22963608394e-05, 1.83290958375e-05, 1.547431566e-05, 1.20190188682e-05, 1.32119630507e-05, 2.03296658583e-05, 3.44394356944e-05, 3.87694781239e-05, 1.66490408446e-05, 1.11531744551e-05, 1.83935972018e-05, 2.24180075747e-05, 2.17860178964e-05, 1.50245969053e-05, 2.07087778108e-05, 3.36124248861e-05, 1.36922089951e-05, 2.13073417399e-05, 9.01381008589e-06, 1.80855313374e-05, 9.30225360207e-06, 7.61487945056e-06, 7.12634209776e-06, 6.97799850968e-06, 3.98977363147e-06, 1.97978147298e-06, 1.38640632485e-06, 1.66353561326e-06, 2.22608423428e-06, 9.46854981976e-07, 6.56045017422e-07, 1.23590166368e-06, 1.29862246467e-06, 7.88891043157e-07, 8.33658020838e-07, 1.31807382786e-06, 9.24104256228e-07, 9.72495740825e-07, 9.98112113848e-07, 1.02454862372e-06, 1.03474894786e-06, 1.20699939998e-06, 1.17690524348e-06, 1.25880819724e-06, 1.43880549786e-06, 1.4568502138e-06, 1.68364147157e-06, 1.45080809943e-06, 1.18159653084e-06, 1.35442769533e-06, 1.22841095163e-06, 1.1541975482e-06, 8.18599801278e-07, 6.8570153644e-07, 6.31388786587e-07, 5.30737167992e-07, 4.77179071368e-07, 4.02028604185e-07, 3.46710521626e-07, 4.02143655265e-07, 7.9133650388e-07, 7.01113833657e-07, 2.75027673524e-07, 2.50045616212e-07, 1.8054879547e-07, 1.55151838044e-07, 1.34325503609e-07, 1.22092600918e-07, 1.24859838024e-07, 1.20304434859e-07, 1.35463565698e-07, 1.36007713536e-07, 8.66577636316e-08, 3.63552885574e-08, 1.12611981962e-08, 5.97411542458e-09, 1.82986875652e-10, 4.36665547471e-12, 4.24934002916e-12, 4.1773286219e-12, 4.15041915766e-12],
        "min": [3.86759513304e-10, 1.30324773195e-09, 4.75996522198e-08, 8.10210423197e-08, 2.98562611079e-07, 1.3209385088e-06, 7.28004863504e-07, 2.76538457911e-07, 5.67087738546e-07, 3.25403760826e-07, 1.37602782502e-07, 3.07277844058e-07, 6.06793548741e-07, 2.68670845571e-07, 2.6596305247e-07, 9.67297495436e-08, 6.72540778623e-08, 1.14378444493e-07, 1.9093249648e-07, 4.86428248792e-08, 3.81400688809e-08, 1.00704745876e-07, 1.16491207791e-07, 8.81584938384e-08, 1.06530265498e-07, 6.45526228027e-08, 3.6229835132e-08, 2.9071962615e-08, 2.1951036544e-08, 6.21505478193e-08, 2.51067397983e-08, 2.56740548821e-08, 2.78832299472e-08, 1.21344054804e-08, 3.48331274935e-09, 5.16480236357e-09, 2.15856985619e-08, 2.44068978361e-08, 3.67373438337e-08, 3.73321604741e-08, 1.41646454566e-08, 1.30385631181e-08, 1.54880837044e-08, 1.38600464439e-08, 9.39166611147e-09, 2.02106136271e-08, 1.16264029515e-08, 8.66056915072e-09, 9.73613722977e-09, 1.55952282199e-08, 1.70938783128e-08, 5.19821252709e-09, 5.82998183063e-09, 5.67055513656e-09, 1.00857846519e-08, 5.37665822975e-09, 9.36531563411e-09, 8.74056382827e-09, 2.12474589034e-08, 1.96468459279e-08, 3.18962989354e-08, 1.04656345812e-08, 1.6745437037e-08, 1.80575323583e-08, 1.30865487336e-08, 6.09689676523e-09, 4.98810281968e-09, 6.42732489453e-09, 3.4352396483e-09, 3.49369244645e-09, 6.1556906239e-09, 6.11363715208e-09, 1.82875548038e-09, 1.10668374464e-09, 1.97023930504e-09, 1.3870535831e-09, 1.26704136072e-09, 7.183156292e-10, 1.25312116239e-09, 8.42512781762e-10, 1.1271661382e-09, 1.44362843901e-09, 9.73789382464e-10, 8.87323048371e-10, 3.12136116953e-09, 2.89153034849e-09, 1.86031501315e-09, 1.66409586111e-09, 1.93282145844e-09, 3.88273990737e-09, 3.16118220489e-09, 3.43341111098e-09, 3.11703396427e-09, 1.52137924481e-09, 1.98423322217e-09, 1.59640201058e-09, 1.22585031015e-09, 7.59710516718e-10, 1.24403054524e-09, 6.42128961115e-10, 3.61168178697e-10, 2.10721509686e-10, 2.82286888309e-10, 1.72791794761e-10, 1.48111356513e-10, 1.60894617074e-10, 1.31264957237e-10, 3.07008030109e-11, 6.23264009847e-11, 4.14054589226e-11, 1.63096272598e-11, 1.93558329087e-11, 2.33544763389e-11, 2.47224827415e-11, 1.89448613047e-11, 1.40745184604e-11, 2.22401090599e-12, 2.04949243882e-13, 1.18838248161e-13, 1.13103042286e-13, 8.36705243935e-14, 7.25230422591e-14, 8.47695055969e-14, 9.45849911523e-14, 4.97688133381e-14, 2.04584901131e-14, 2.10044583282e-15, 8.82503973933e-17],
        "stdev": [0.000321111670928, 0.000666076783091, 0.00191012781579, 0.00253801140934, 0.00275839283131, 0.00272857653908, 0.00261401082389, 0.00147789111361, 0.00111000926699, 0.00111263652798, 0.00104123586789, 0.000651216192637, 0.00140018993989, 0.00114486808889, 0.00114730163477, 0.000913448981009, 0.000611519091763, 0.00146941991989, 0.00130778551102, 0.000380737677915, 0.000513414619491, 0.00108545052353, 0.00207912595943, 0.000874194782227, 0.00151256087702, 0.0015289678704, 0.000549207557924, 0.000803675269708, 0.000736764923204, 0.000716123497114, 0.000860580359586, 0.00127630354837, 0.000555943988729, 0.000211435646634, 4.14862261096e-05, 0.000112935675133, 0.000169541031937, 4.69922415505e-05, 0.000132732806378, 0.000190049337107, 8.14281011117e-05, 6.29811256658e-05, 8.65233305376e-05, 0.00015434337547, 9.16559583857e-05, 0.000125174279674, 0.000273075216683, 8.4169805632e-05, 7.75682783569e-05, 4.68958205602e-05, 3.16203622788e-05, 3.95345123252e-05, 0.000104132472188, 0.000163608114235, 0.000140246629599, 8.12299840618e-05, 4.69570513815e-05, 5.87053000345e-05, 8.53155070217e-05, 7.64921715017e-05, 4.29102183261e-05, 5.15481515322e-05, 0.000128408064484, 4.2818232032e-05, 9.04211992747e-05, 2.19145258598e-05, 4.64598706458e-05, 3.08686867356e-05, 3.83623300877e-05, 2.52522931987e-05, 2.21432510443e-05, 1.62011292559e-05, 4.09224412579e-06, 2.57089391198e-06, 3.75038439415e-06, 4.41121073891e-06, 1.97686790671e-06, 1.32441334699e-06, 2.71244448413e-06, 3.09851338898e-06, 1.6659753328e-06, 1.51325184561e-06, 2.85924397758e-06, 1.69971895048e-06, 1.98042630473e-06, 3.01193153973e-06, 2.73800787909e-06, 4.5842793952e-06, 3.54266489921e-06, 2.47494403993e-06, 2.91240644401e-06, 4.40611438535e-06, 4.79330446979e-06, 5.65809841646e-06, 5.21377023688e-06, 3.40678820976e-06, 4.72651981909e-06, 8.95749053598e-06, 3.05398407363e-06, 1.58595082667e-06, 1.4390789147e-06, 2.74433477898e-06, 9.43028851452e-07, 8.42503993681e-07, 7.35062428703e-07, 6.79184495311e-07, 8.81580660916e-07, 3.73444459001e-06, 3.29832323587e-06, 6.31168916243e-07, 5.89218302594e-07, 3.83126092629e-07, 3.30681871219e-07, 2.96962525681e-07, 2.75384223869e-07, 3.02874298086e-07, 3.32283775606e-07, 4.16886251742e-07, 4.24536636956e-07, 2.69836419875e-07, 1.12001835362e-07, 5.34691402265e-08, 3.21857598351e-08, 1.66426916692e-09, 3.82258877329e-11, 3.79589484845e-11, 3.77177525324e-11, 3.75878946024e-11]
    },
    "mfcc": {
        "mean": [-672.049560547, 117.005020142, 13.4438447952, 24.0694847107, 21.0909080505, -10.3364706039, 3.88855648041, 12.4687509537, -9.19134140015, 6.30153274536, -5.75361728668, -3.55989170074, -2.13447713852],
        "cov": [[4001.43774414, -730.800231934, -639.444763184, 64.5314941406, -17.307970047, 214.117431641, 202.641479492, -217.304702759, 351.967041016, 13.4399986267, 72.359046936, -38.3095474243, 141.445510864], [-730.800231934, 732.332458496, -147.664932251, -73.8827667236, -24.1543045044, -146.812103271, 77.5775909424, 81.9488143921, -129.007247925, 105.176582336, 41.947063446, -44.5707893372, -5.52524185181], [-639.444763184, -147.664932251, 850.357971191, 48.4986457825, 12.4882602692, 202.175872803, -190.505889893, 7.81257104874, 63.4446258545, -137.112060547, 3.90283870697, 183.567871094, -26.5721931458], [64.5314941406, -73.8827667236, 48.4986457825, 444.911529541, 160.304901123, 62.4566116333, 3.34541511536, 31.0098819733, 94.1687698364, -62.24741745, -2.23674058914, 83.5043334961, 86.5824356079], [-17.307970047, -24.1543045044, 12.4882602692, 160.304901123, 310.727355957, 17.0645751953, 2.91711521149, 77.6046676636, 86.7809143066, 11.3982801437, -16.5122680664, -18.0821094513, 29.1734790802], [214.117431641, -146.812103271, 202.175872803, 62.4566116333, 17.0645751953, 391.703521729, 67.967338562, -107.002532959, 173.728683472, -37.7794685364, 47.1998825073, 50.8661117554, 6.79958343506], [202.641479492, 77.5775909424, -190.505889893, 3.34541511536, 2.91711521149, 67.967338562, 348.517364502, 5.61426639557, 2.16733407974, 75.5146789551, 43.4883460999, -61.9073562622, 31.53972435], [-217.304702759, 81.9488143921, 7.81257104874, 31.0098819733, 77.6046676636, -107.002532959, 5.61426639557, 230.505310059, 11.0291814804, 48.166305542, -13.8911399841, 0.260397523642, 8.71153068542], [351.967041016, -129.007247925, 63.4446258545, 94.1687698364, 86.7809143066, 173.728683472, 2.16733407974, 11.0291814804, 264.678771973, 9.11869430542, 34.9052047729, 51.91065979, 20.4334926605], [13.4399986267, 105.176582336, -137.112060547, -62.24741745, 11.3982801437, -37.7794685364, 75.5146789551, 48.166305542, 9.11869430542, 155.7109375, 29.5601196289, -62.9123268127, -9.53955745697], [72.359046936, 41.947063446, 3.90283870697, -2.23674058914, -16.5122680664, 47.1998825073, 43.4883460999, -13.8911399841, 34.9052047729, 29.5601196289, 99.1643753052, 33.3919639587, 12.0009183884], [-38.3095474243, -44.5707893372, 183.567871094, 83.5043334961, -18.0821094513, 50.8661117554, -61.9073562622, 0.260397523642, 51.91065979, -62.9123268127, 33.3919639587, 176.053985596, 43.5285835266], [141.445510864, -5.52524185181, -26.5721931458, 86.5824356079, 29.1734790802, 6.79958343506, 31.53972435, 8.71153068542, 20.4334926605, -9.53955745697, 12.0009183884, 43.5285835266, 120.501876831]],
        "icov": [[0.00050345849013, 0.000496077467687, 0.00045911691268, 0.000114945250971, 0.000115273905976, 5.88692637393e-05, -0.000106898041849, 0.000255829916568, -0.000605204200838, 0.000140959906275, -0.00031304472941, 5.75191843382e-05, -0.000447126862127], [0.000496077467687, 0.00230444152839, 0.000554254103918, 0.000129985201056, 4.69152619189e-05, 0.000177394147613, -0.000219018300413, -0.000249385251664, 0.000400638236897, -0.000698273361195, -0.00122091104276, -0.000120356009575, -0.000351971946657], [0.00045911691268, 0.000554254103918, 0.00279664970003, 0.000420027325163, -0.000285425427137, -0.00182833336294, 0.000951606838498, -0.000929783564061, 0.000510552315973, 0.000874982681125, -0.000237326283241, -0.00195789057761, 0.000505391159095], [0.000114945250971, 0.000129985201056, 0.000420027325163, 0.00371426250786, -0.00169832061511, -0.00022710468329, -0.000270307267783, -0.00015352430637, -0.000486176199047, 0.00131563330069, 0.000289230927592, -0.00140773621388, -0.00153296859935], [0.000115273905976, 4.69152619189e-05, -0.000285425427137, -0.00169832061511, 0.00505940895528, 0.000199986287043, 0.000180832837941, -0.00112846482079, -0.00161741650663, -0.000155984598678, 0.000341492210282, 0.00220845011063, -0.000747590325773], [5.88692637393e-05, 0.000177394147613, -0.00182833336294, -0.00022710468329, 0.000199986287043, 0.0067302105017, -0.00230784201995, 0.00318999681622, -0.00418057385832, 0.000720264681149, -0.000841707573272, 0.000943392748013, 0.000153253000462], [-0.000106898041849, -0.000219018300413, 0.000951606838498, -0.000270307267783, 0.000180832837941, -0.00230784201995, 0.00466067530215, -0.00116607779637, 0.00145375158172, -0.00101245054975, -0.00140849477611, 0.00113867223263, -0.00112733594142], [0.000255829916568, -0.000249385251664, -0.000929783564061, -0.00015352430637, -0.00112846482079, 0.00318999681622, -0.00116607779637, 0.0072173923254, -0.00215922878124, -0.00197668001056, 0.00137916742824, -0.000704551290255, -0.000203010742553], [-0.000605204200838, 0.000400638236897, 0.000510552315973, -0.000486176199047, -0.00161741650663, -0.00418057385832, 0.00145375158172, -0.00215922878124, 0.00871456973255, -0.00206251675263, -0.000811956240796, -0.00212670094334, 0.00080182030797], [0.000140959906275, -0.000698273361195, 0.000874982681125, 0.00131563330069, -0.000155984598678, 0.000720264681149, -0.00101245054975, -0.00197668001056, -0.00206251675263, 0.0116237001494, -0.00383810908534, 0.00324628408998, -6.52878152323e-05], [-0.00031304472941, -0.00122091104276, -0.000237326283241, 0.000289230927592, 0.000341492210282, -0.000841707573272, -0.00140849477611, 0.00137916742824, -0.000811956240796, -0.00383810908534, 0.0150388963521, -0.00453462684527, 0.000259220192675], [5.75191843382e-05, -0.000120356009575, -0.00195789057761, -0.00140773621388, 0.00220845011063, 0.000943392748013, 0.00113867223263, -0.000704551290255, -0.00212670094334, 0.00324628408998, -0.00453462684527, 0.0122884931043, -0.00369800487533], [-0.000447126862127, -0.000351971946657, 0.000505391159095, -0.00153296859935, -0.000747590325773, 0.000153253000462, -0.00112733594142, -0.000203010742553, 0.00080182030797, -6.52878152323e-05, 0.000259220192675, -0.00369800487533, 0.0116711892188]]
    },
    "spectral_contrast_coeffs": {
        "max": [-0.350787490606, -0.361456900835, -0.378327518702, -0.468602955341, -0.5140376091, -0.726893424988],
        "mean": [-0.690364301205, -0.713933646679, -0.716948747635, -0.759059786797, -0.745841741562, -0.82006418705],
        "min": [-0.957594513893, -0.934884309769, -0.896990299225, -0.919229924679, -0.925855457783, -0.895188570023],
        "stdev": [0.069284312427, 0.107502788305, 0.103980265558, 0.0813498049974, 0.0762654170394, 0.0285245589912]
    },
    "spectral_contrast_valleys": {
        "max": [-5.1941409111, -4.97369289398, -5.93334293365, -6.35598564148, -6.3604259491, -7.73279571533],
        "mean": [-6.78484487534, -7.25904464722, -8.22793388367, -8.41225242615, -8.13966274261, -10.1683559418],
        "min": [-9.32838535309, -8.88613128662, -10.3440313339, -10.1563386917, -10.1103086472, -12.5946846008],
        "stdev": [0.7285592556, 0.634526312351, 0.720577299595, 0.673615217209, 0.744970440865, 0.813246548176]
    }
},
"rhythm": {
    "beats_count": 49,
    "beats_loudness": {
        "max": 0.0663242340088,
        "mean": 0.0289892777801,
        "min": 0.0017481566174,
        "stdev": 0.0175747554749
    },
    "bpm": 90.9568481445,
    "bpm_histogram_first_peak_bpm": 91,
    "bpm_histogram_first_peak_weight": 0.25,
    "bpm_histogram_second_peak_bpm": 0,
    "bpm_histogram_second_peak_spread": 0,
    "bpm_histogram_second_peak_weight": 0,
    "danceability": 1.14869379997,
    "onset_rate": 3.44531226158,
    "beats_loudness_band_ratio": {
        "max": [0.903847754002, 0.932269752026, 0.746504247189, 0.562764286995, 0.323053240776, 0.142605185509],
        "mean": [0.446028411388, 0.180303931236, 0.211068212986, 0.093519821763, 0.0736350044608, 0.0384963080287],
        "min": [0.00509852357209, 0.00674413098022, 0.00324331596494, 0.000679445976857, 0.00138929090463, 0.00084219512064],
        "stdev": [0.272227287292, 0.187795430422, 0.225252240896, 0.134287729859, 0.0697158426046, 0.0375001989305]
    },
    "beats_position": [0.66176867485, 1.3235373497, 1.97369611263, 2.62385487556, 3.27401351929, 3.93578219414, 4.59755086899, 5.24770975113, 5.89786815643, 6.54802703857, 7.19818592072, 7.84834432602, 8.498503685, 9.16027164459, 9.82204055786, 10.4954195023, 11.1571884155, 11.8305664062, 12.5039453506, 13.177324295, 13.8623123169, 14.5240812302, 15.1858501434, 15.8360090256, 16.4977779388, 17.1595458984, 17.8213157654, 18.483083725, 19.1564617157, 19.8414516449, 20.5264396667, 21.1998176575, 21.8615875244, 22.5349655151, 23.1851234436, 23.8468933105, 24.4854412079, 25.1356010437, 25.774148941, 26.4243087769, 27.0860767365, 27.747844696, 28.3980045319, 29.0481624603, 29.6983222961, 30.3600902557, 31.0102481842, 31.6720180511, 32.3337860107],
