{
"metadata": {
    "version": {
        "essentia": "2.1-beta5",
        "essentia_git_sha": "Undefined",
        "extractor": "music 2.0"
    },
    "audio_properties": {
        "analysis": {
            "equal_loudness": 0,
            "length": 27.7246265411,
            "sample_rate": 44100,
            "start_time": 158.987030029,
            "downmix": "mix"
        },
        "bit_rate": 192000,
        "length": 186.734893799,
        "lossless": 0,
        "number_channels": 2,
        "replay_gain": 0.962049484253,
        "sample_rate": 48000,
        "codec": "mp3",
        "md5_encoded": "74f148d298f645da2c9a794f92189a8c"
    },
    "tags": {
        "file_name": "Germany_Run _ Hide_Gracia.mp3",
        "encoding": ["Lavf58.29.100"]
    }
},
"lowlevel": {
    "average_loudness": 0.900052964687,
    "barkbands_crest": {
        "max": 20.1515674591,
        "mean": 9.64160919189,
        "min": 3.13781118393,
        "stdev": 3.61730933189
    },
    "barkbands_flatness_db": {
        "max": 0.228168219328,
        "mean": 0.142021536827,
        "min": 0.0615560002625,
        "stdev": 0.0262497924268
    },
    "barkbands_kurtosis": {
        "max": 7.39319705963,
        "mean": 0.516831338406,
        "min": -1.40764915943,
        "stdev": 1.14082324505
    },
    "barkbands_skewness": {
        "max": 2.69620633125,
        "mean": 0.709374308586,
        "min": -0.633052110672,
        "stdev": 0.544998824596
    },
    "barkbands_spread": {
        "max": 59.234085083,
        "mean": 24.7766551971,
        "min": 7.18158388138,
        "stdev": 9.35726070404
    },
    "dissonance": {
        "max": 0.499999880791,
        "mean": 0.475480020046,
        "min": 0.354027420282,
        "stdev": 0.0219881031662
    },
    "dynamic_complexity": 2.21613430977,
    "erbbands_crest": {
        "max": 28.6034660339,
        "mean": 10.1414136887,
        "min": 2.06769800186,
        "stdev": 5.07563924789
    },
    "erbbands_flatness_db": {
        "max": 0.294519454241,
        "mean": 0.189411595464,
        "min": 0.100453212857,
        "stdev": 0.0391031242907
    },
    "erbbands_kurtosis": {
        "max": 8.840924263,
        "mean": 0.47706130147,
        "min": -1.35079562664,
        "stdev": 1.35600018501
    },
    "erbbands_skewness": {
        "max": 2.33374047279,
        "mean": 0.586982011795,
        "min": -0.889705657959,
        "stdev": 0.590647041798
    },
    "erbbands_spread": {
        "max": 68.8228988647,
        "mean": 29.1665802002,
        "min": 7.71979570389,
        "stdev": 11.1576032639
    },
    "hfc": {
        "max": 98.3862228394,
        "mean": 30.4642715454,
        "min": 0.262297421694,
        "stdev": 20.2526283264
    },
    "loudness_ebu128": {
        "integrated": -23.4482555389,
        "loudness_range": 4.19691848755,
        "momentary": {
            "max": -20.5608062744,
            "mean": -23.8008728027,
            "min": -27.4296894073,
            "stdev": 1.76255047321
        },
        "short_term": {
            "max": -21.2184810638,
            "mean": -23.5966777802,
            "min": -26.3661327362,
            "stdev": 1.38715326786
        }
    },
    "melbands_crest": {
        "max": 25.2161483765,
        "mean": 12.1621789932,
        "min": 3.92562460899,
        "stdev": 3.96054768562
    },
    "melbands_flatness_db": {
        "max": 0.234154134989,
        "mean": 0.138568416238,
        "min": 0.0586697086692,
        "stdev": 0.0264707319438
    },
    "melbands_kurtosis": {
        "max": 34.5438423157,
        "mean": 3.72603702545,
        "min": -0.837402820587,
        "stdev": 4.23183059692
    },
    "melbands_skewness": {
        "max": 5.5401802063,
        "mean": 1.39848411083,
        "min": -0.496879965067,
        "stdev": 0.935707330704
    },
    "melbands_spread": {
        "max": 61.5282325745,
        "mean": 32.0326538086,
        "min": 10.0376701355,
        "stdev": 10.7591638565
    },
    "pitch_salience": {
        "max": 0.855479717255,
        "mean": 0.577344596386,
        "min": 0.29317972064,
        "stdev": 0.121695667505
    },
    "silence_rate_20dB": {
        "max": 1,
        "mean": 1,
        "min": 1,
        "stdev": 0
    },
    "silence_rate_30dB": {
        "max": 1,
        "mean": 1,
        "min": 1,
        "stdev": 0
    },
    "silence_rate_60dB": {
        "max": 1,
        "mean": 0.000836820108816,
        "min": 0,
        "stdev": 0.0289157368243
    },
    "spectral_centroid": {
        "max": 2807.18920898,
        "mean": 1764.83056641,
        "min": 946.402282715,
        "stdev": 291.482727051
    },
    "spectral_complexity": {
        "max": 44,
        "mean": 25.8083686829,
        "min": 0,
        "stdev": 6.35616970062
    },
    "spectral_decrease": {
        "max": -3.91453224002e-11,
        "mean": -6.4805707467e-09,
        "min": -2.12299759994e-08,
        "stdev": 3.92232157864e-09
    },
    "spectral_energy": {
        "max": 0.0860383957624,
        "mean": 0.0272224266082,
        "min": 0.00017153416411,
        "stdev": 0.0164163820446
    },
    "spectral_energyband_high": {
        "max": 0.00771688343957,
        "mean": 0.00120112800505,
        "min": 3.78152026315e-06,
        "stdev": 0.00101948087104
    },
    "spectral_energyband_low": {
        "max": 0.0471700355411,
        "mean": 0.00643929094076,
        "min": 7.6569074281e-07,
        "stdev": 0.00745348678902
    },
    "spectral_energyband_middle_high": {
        "max": 0.0626821741462,
        "mean": 0.0129959359765,
        "min": 9.72699854174e-05,
        "stdev": 0.0122021632269
    },
    "spectral_energyband_middle_low": {
        "max": 0.0686159878969,
        "mean": 0.00734691787511,
        "min": 6.76171985106e-05,
        "stdev": 0.00648581841961
    },
    "spectral_entropy": {
        "max": 8.23526763916,
        "mean": 7.82142066956,
        "min": 7.10200405121,
        "stdev": 0.193895831704
    },
    "spectral_flux": {
        "max": 0.255700826645,
        "mean": 0.0857906490564,
        "min": 0.0354973636568,
        "stdev": 0.034698843956
    },
    "spectral_kurtosis": {
        "max": 16.5401573181,
        "mean": 2.5488216877,
        "min": 0.126509428024,
        "stdev": 1.21864974499
    },
    "spectral_rms": {
        "max": 0.00916187185794,
        "mean": 0.00491946656257,
        "min": 0.000409084837884,
        "stdev": 0.00153533869889
    },
    "spectral_rolloff": {
        "max": 5103.36914062,
        "mean": 1886.36254883,
        "min": 215.33203125,
        "stdev": 570.027832031
    },
    "spectral_skewness": {
        "max": 2.84395313263,
        "mean": 1.24497818947,
        "min": 0.765397965908,
        "stdev": 0.201116517186
    },
    "spectral_spread": {
        "max": 6817833,
        "mean": 4287446,
        "min": 2939935.5,
        "stdev": 773448.3125
    },
    "spectral_strongpeak": {
        "max": 8.90692996979,
        "mean": 2.00562667847,
        "min": 0.0147803435102,
        "stdev": 2.18744397163
    },
    "zerocrossingrate": {
        "max": 0.119140625,
        "mean": 0.0740871801972,
        "min": 0.0361328125,
        "stdev": 0.0135679207742
    },
    "barkbands": {
        "max": [0.00191705510952, 0.042799513787, 0.0130411135033, 0.0083603169769, 0.0179031379521, 0.0113644097, 0.00290536461398, 0.0220195166767, 0.055753916502, 0.0367981754243, 0.0478358641267, 0.0415386334062, 0.0079569555819, 0.0172914974391, 0.0267394632101, 0.0130732329562, 0.00441867345944, 0.00302909570746, 0.0040009864606, 0.00201650522649, 0.00405977061018, 0.00121081923135, 0.00267401104793, 0.00148842704948, 0.000430687447079, 1.69026884578e-06, 6.10713129845e-07],
        "mean": [9.90007683868e-05, 0.00456363894045, 0.00137051113416, 0.000694248010404, 0.0011342210928, 0.00102625123691, 0.000315886165481, 0.000515330175404, 0.00289541017264, 0.00214995606802, 0.00486485287547, 0.00137484248262, 0.000475477572763, 0.000935876334552, 0.00104412005749, 0.000867346767336, 0.000572616758291, 0.000494177802466, 0.000497420085594, 0.000251294841291, 0.000323015789036, 0.000197982313694, 0.000302738713799, 0.000190787759493, 6.53842289466e-05, 1.5279855603e-08, 1.5937249298e-09],
        "min": [2.45126097198e-09, 4.36856453234e-08, 2.35659754821e-07, 2.13460538134e-07, 3.36958191838e-06, 2.44673697125e-06, 8.89954026206e-06, 3.8419448174e-06, 7.23940411262e-06, 9.29215730139e-06, 4.78971605844e-06, 8.04795763543e-06, 3.28722649101e-06, 1.58370748977e-05, 3.38567747349e-06, 4.03886178901e-06, 2.65361159109e-05, 2.13781822822e-05, 3.31099568029e-06, 8.59433839651e-07, 1.09345273813e-06, 7.299936442e-07, 8.03089903911e-07, 2.63379831722e-07, 2.96706673453e-07, 1.60853108611e-10, 1.90642390763e-10],
        "stdev": [0.000204298194149, 0.00618843594566, 0.00185701728333, 0.00099991785828, 0.00166825321503, 0.00126531941351, 0.000330239679897, 0.00128358381335, 0.00474132038653, 0.00389362499118, 0.00932504143566, 0.00414596125484, 0.000553494959604, 0.00144990417175, 0.00167433696333, 0.00142536568455, 0.000500546244439, 0.000335419957992, 0.00048170768423, 0.00019623991102, 0.000389182067011, 0.000143646189827, 0.000378855445888, 0.000235069484916, 6.75620103721e-05, 8.13955267631e-08, 1.76848544697e-08]
    },
    "erbbands": {
        "max": [1.04811668396, 10.4828214645, 17.5856285095, 22.2830295563, 42.113319397, 55.4046783447, 47.7146453857, 128.050521851, 68.8889160156, 120.809249878, 536.790771484, 1251.09008789, 1596.69030762, 1372.71936035, 1699.88439941, 824.899597168, 220.839050293, 991.723388672, 1539.99108887, 701.616577148, 619.669616699, 287.936798096, 199.684020996, 260.057250977, 111.605995178, 125.801330566, 70.8576812744, 230.095001221, 31.589132309, 78.0152587891, 62.2890472412, 36.9585227966, 25.5997982025, 6.48832082748, 2.5881049633, 0.149606972933, 0.00408159568906, 0.000442199030658, 9.86444283626e-05, 0.000103412603494],
        "mean": [0.0860896259546, 1.15010178089, 1.9485476017, 2.13682675362, 2.84150028229, 4.06601524353, 3.42406773567, 10.7927122116, 6.25020360947, 6.50919675827, 16.9300861359, 58.4984817505, 88.5937728882, 92.3162841797, 183.931060791, 39.3026504517, 21.552942276, 48.2073745728, 36.3553199768, 70.984085083, 39.4573287964, 36.1188430786, 28.3941230774, 27.3252429962, 19.1990699768, 12.4551143646, 9.35373020172, 14.5051994324, 7.1982216835, 9.07329559326, 7.88407850266, 4.80393409729, 2.70027017593, 0.99938839674, 0.355134546757, 0.0176450293511, 0.000561720633414, 5.51589364477e-05, 2.49644435826e-05, 3.60909543815e-05],
        "min": [1.87012778952e-06, 1.60206218425e-05, 0.000345020205714, 0.000703003257513, 0.00283512775786, 0.0110330823809, 0.0249291863292, 0.0208377875388, 0.12002376467, 0.246517241001, 0.180155739188, 0.46355882287, 0.462891787291, 0.145074650645, 0.290327310562, 0.299642175436, 0.194579303265, 0.804170608521, 0.336554884911, 0.12621062994, 0.451091110706, 1.34445881844, 1.28821694851, 0.52189296484, 0.119602367282, 0.0420060530305, 0.037960767746, 0.0507308132946, 0.0252360478044, 0.0222203787416, 0.0199869126081, 0.00819848943502, 0.00434417417273, 0.00382345193066, 0.00176897866186, 0.000310763978632, 1.96148303075e-05, 3.1127751754e-06, 5.23341213921e-07, 2.48471138775e-07],
        "stdev": [0.139034345746, 1.55277442932, 2.43958735466, 2.89871668816, 4.41475105286, 6.05309247971, 4.2728638649, 14.086479187, 7.69901275635, 7.71759366989, 37.1567497253, 94.1651000977, 138.000076294, 134.915084839, 335.868408203, 80.1532745361, 18.1086196899, 76.1738052368, 69.1667785645, 96.5208435059, 55.1267051697, 31.5118503571, 18.9372787476, 26.9420928955, 14.9603767395, 10.3457384109, 6.41015100479, 21.4030170441, 4.58057022095, 10.2768421173, 9.35839271545, 5.38034725189, 3.74400568008, 1.05058240891, 0.3875669837, 0.0192387253046, 0.000566809496377, 5.23147500644e-05, 1.7264037524e-05, 2.20647671085e-05]
    },
    "gfcc": {
        "mean": [16.6311683655, 87.4126052856, -167.690597534, 45.9016227722, -76.3953323364, 35.2745437622, -33.9048690796, 13.4458656311, -14.7661972046, -13.9686336517, -7.0640411377, -9.27265262604, 7.42749261856],
        "cov": [[1580.58154297, 88.1106796265, 867.347106934, 661.735473633, 444.053588867, 464.315856934, -61.287853241, 34.7776756287, -131.29258728, 39.554397583, 155.344345093, 166.817596436, 100.186416626], [88.1106796265, 485.440216064, 249.071533203, 143.642700195, 72.8130111694, -55.9724388123, 44.7385940552, -19.34217453, 19.0171756744, 3.66821932793, 13.734167099, -61.7303771973, -10.2175064087], [867.347106934, 249.071533203, 766.870361328, 536.811950684, 305.357086182, 250.563781738, -49.4702262878, 27.8943939209, -87.1627426147, 56.3111839294, 112.980567932, 98.1744613647, 43.4432945251], [661.735473633, 143.642700195, 536.811950684, 453.297119141, 249.56199646, 189.81602478, -31.1158161163, 14.8407888412, -54.604057312, 37.7386856079, 83.3426132202, 74.0938262939, 34.2589988708], [444.053588867, 72.8130111694, 305.357086182, 249.56199646, 230.292480469, 196.904678345, 8.80028152466, 16.6135749817, -41.8764839172, 18.9972076416, 63.3501167297, 67.3298950195, 41.9477920532], [464.315856934, -55.9724388123, 250.563781738, 189.81602478, 196.904678345, 281.627044678, 38.4293060303, 10.8099040985, -42.2729377747, 13.8632669449, 79.8948974609, 106.958351135, 63.8030700684], [-61.287853241, 44.7385940552, -49.4702262878, -31.1158161163, 8.80028152466, 38.4293060303, 104.518669128, 26.8735790253, 35.0683135986, -5.21846437454, 1.460298419, 0.294935882092, 11.4199199677], [34.7776756287, -19.34217453, 27.8943939209, 14.8407888412, 16.6135749817, 10.8099040985, 26.8735790253, 77.9288101196, 32.0077095032, 4.68228197098, -8.43286705017, 2.04726338387, 2.87237477303], [-131.29258728, 19.0171756744, -87.1627426147, -54.604057312, -41.8764839172, -42.2729377747, 35.0683135986, 32.0077095032, 86.6938018799, 5.23734760284, -18.4895877838, -22.6558837891, -1.16102433205], [39.554397583, 3.66821932793, 56.3111839294, 37.7386856079, 18.9972076416, 13.8632669449, -5.21846437454, 4.68228197098, 5.23734760284, 70.5784606934, 34.9870300293, 13.7711896896, -8.28990936279], [155.344345093, 13.734167099, 112.980567932, 83.3426132202, 63.3501167297, 79.8948974609, 1.460298419, -8.43286705017, -18.4895877838, 34.9870300293, 90.3289718628, 61.3331832886, 20.9839477539], [166.817596436, -61.7303771973, 98.1744613647, 74.0938262939, 67.3298950195, 106.958351135, 0.294935882092, 2.04726338387, -22.6558837891, 13.7711896896, 61.3331832886, 102.591560364, 51.0395088196], [100.186416626, -10.2175064087, 43.4432945251, 34.2589988708, 41.9477920532, 63.8030700684, 11.4199199677, 2.87237477303, -1.16102433205, -8.28990936279, 20.9839477539, 51.0395088196, 70.2340621948]],
        "icov": [[0.00294516189024, -0.00112385069951, 0.000439651921624, -0.00290748127736, 0.00189366540872, -0.00526070501655, 0.00365669094026, -0.00280546722934, 0.00151652097702, 0.000231056532357, -0.000314115750371, 0.00148041092325, -0.000979856820777], [-0.00112385069951, 0.0199302341789, -0.021949691698, 0.0164483170956, -0.0204922072589, 0.0284740813076, -0.0242401473224, 0.0224590208381, -0.0119440890849, 0.0073651871644, -0.00801443867385, 0.00977600365877, -0.00458643212914], [0.000439651921624, -0.021949691698, 0.0335553660989, -0.0274038724601, 0.0235409624875, -0.0322923958302, 0.0279064029455, -0.0278981328011, 0.016439942643, -0.0098575912416, 0.00719251530245, -0.00895019993186, 0.00413357932121], [-0.00290748127736, 0.0164483170956, -0.0274038724601, 0.0317789651453, -0.0258949771523, 0.0289401579648, -0.0212478693575, 0.0227492507547, -0.0142803471535, 0.00676238583401, -0.00564686814323, 0.00419277418405, -0.00110776827205], [0.00189366540872, -0.0204922072589, 0.0235409624875, -0.0258949771523, 0.0424255505204, -0.0405565872788, 0.0256642587483, -0.0269215237349, 0.0157623067498, -0.00808307901025, 0.0064510544762, -0.00427093729377, 0.00130239070859], [-0.00526070501655, 0.0284740813076, -0.0322923958302, 0.0289401579648, -0.0405565872788, 0.0599080882967, -0.0428658276796, 0.0358707532287, -0.0169013831764, 0.0105997473001, -0.0104509964585, 0.00295788352378, -0.00524782063439], [0.00365669094026, -0.0242401473224, 0.0279064029455, -0.0212478693575, 0.0256642587483, -0.0428658276796, 0.046628523618, -0.0323803052306, 0.0104096224532, -0.00687581393868, 0.00604341411963, -0.00557528156787, 0.00332200201228], [-0.00280546722934, 0.0224590208381, -0.0278981328011, 0.0227492507547, -0.0269215237349, 0.0358707532287, -0.0323803052306, 0.0455072149634, -0.0220018606633, 0.00719678681344, -0.00261404085904, 0.00429793214425, -0.00153101317119], [0.00151652097702, -0.0119440890849, 0.016439942643, -0.0142803471535, 0.0157623067498, -0.0169013831764, 0.0104096224532, -0.0220018606633, 0.0283962786198, -0.00866365898401, 0.00386374187656, -0.000687412219122, -0.0031652066391], [0.000231056532357, 0.0073651871644, -0.0098575912416, 0.00676238583401, -0.00808307901025, 0.0105997473001, -0.00687581393868, 0.00719678681344, -0.00866365898401, 0.0235015265644, -0.0122457062826, 0.00325283850543, 0.0034884181805], [-0.000314115750371, -0.00801443867385, 0.00719251530245, -0.00564686814323, 0.0064510544762, -0.0104509964585, 0.00604341411963, -0.00261404085904, 0.00386374187656, -0.0122457062826, 0.0305350776762, -0.0189861096442, 0.00564581854269], [0.00148041092325, 0.00977600365877, -0.00895019993186, 0.00419277418405, -0.00427093729377, 0.00295788352378, -0.00557528156787, 0.00429793214425, -0.000687412219122, 0.00325283850543, -0.0189861096442, 0.0383326113224, -0.0184154640883], [-0.000979856820777, -0.00458643212914, 0.00413357932121, -0.00110776827205, 0.00130239070859, -0.00524782063439, 0.00332200201228, -0.00153101317119, -0.0031652066391, 0.0034884181805, 0.00564581854269, -0.0184154640883, 0.0285192821175]]
    },
    "melbands": {
        "max": [0.0110695017502, 0.010682229884, 0.00345382117666, 0.00436536502093, 0.00173339026514, 0.00262841605581, 0.000976806972176, 0.00207070517354, 0.00697899051011, 0.00684685632586, 0.00774302659556, 0.00531424256042, 0.0073382765986, 0.00561608653516, 0.000488624849822, 0.00102024490479, 0.00183598941658, 0.00222223228775, 0.00200096704066, 0.00127542309929, 0.000592560216319, 0.000349943962647, 0.000241576912231, 0.000166977042682, 0.000255925027886, 0.000129923108034, 7.73305437178e-05, 9.47302396526e-05, 3.82084363082e-05, 0.000116984803753, 0.000106305509689, 2.83884492092e-05, 3.35539734806e-05, 5.30759025423e-05, 5.05380157847e-05, 4.11624168919e-05, 2.23893312068e-05, 2.47225871135e-05, 7.76004435465e-06, 4.98673853144e-06],
        "mean": [0.00106194405816, 0.00122857408132, 0.000379379838705, 0.000255918072071, 0.000131465028971, 0.000226337841013, 9.4709910627e-05, 7.65062286519e-05, 0.000154377514264, 0.000415751390392, 0.000443851109594, 0.000339222460752, 0.000737538270187, 0.000195239204913, 3.61055499525e-05, 6.41806182102e-05, 8.93167889444e-05, 5.30073266418e-05, 8.56482365634e-05, 8.20383575046e-05, 3.73974507966e-05, 3.85795356124e-05, 2.79049563687e-05, 2.29631732509e-05, 2.22552898776e-05, 1.82948824659e-05, 9.44565090322e-06, 7.74218642619e-06, 5.05427078679e-06, 8.41152359499e-06, 7.57856241762e-06, 3.62431865142e-06, 4.42753753305e-06, 5.32992953595e-06, 4.8436409088e-06, 3.67152415492e-06, 2.67480527327e-06, 2.24691325457e-06, 1.05033018372e-06, 7.50677372707e-07],
        "min": [1.38574343111e-08, 1.34256751494e-07, 3.96194536734e-07, 7.17549312412e-07, 7.53765959871e-07, 5.19087052453e-07, 2.11438509723e-06, 2.06004779102e-06, 8.4945332901e-07, 1.00429224403e-06, 2.23209076466e-06, 5.34164087185e-07, 7.96016422555e-07, 1.13464432161e-06, 3.92801240423e-07, 4.71024776516e-07, 1.65534891039e-06, 5.75699687033e-07, 1.97637319843e-07, 1.1890750784e-07, 6.75402532124e-07, 1.20434606288e-06, 1.74321553459e-06, 9.1405428293e-07, 3.73985869828e-07, 9.98402853725e-08, 3.77174700361e-08, 2.65091575358e-08, 2.49361171711e-08, 2.13192663523e-08, 3.41010562011e-08, 1.49584469256e-08, 1.09985336394e-08, 1.38661162552e-08, 1.31453639085e-08, 9.50393630461e-09, 2.88800472426e-09, 2.7127833313e-09, 3.04623082314e-09, 3.60778407149e-09],
        "stdev": [0.00152727623936, 0.00145056727342, 0.000473660969874, 0.000391219597077, 0.000161360701895, 0.000290058058454, 0.000110041524749, 0.000121676624985, 0.000349089328665, 0.000662515638396, 0.000708947191015, 0.00052148848772, 0.00140283664223, 0.000564613379538, 3.82292892027e-05, 7.70225233282e-05, 0.000146795413457, 0.000110723209218, 0.000126794839161, 0.000131744658574, 5.68677060073e-05, 3.94419366785e-05, 2.39894125116e-05, 1.66409845406e-05, 2.62496232608e-05, 1.73138996615e-05, 7.32852777219e-06, 7.42664769859e-06, 3.90186414734e-06, 1.20727627291e-05, 1.0182717233e-05, 2.59378157352e-06, 3.86612600778e-06, 6.8534645834e-06, 6.26879091215e-06, 4.24717609349e-06, 3.35559889209e-06, 3.47176614923e-06, 1.16809223982e-06, 8.0775492961e-07]
    },
    "melbands128": {
        "max": [0.00145664904267, 0.0072344369255, 0.0195266008377, 0.0200665909797, 0.0126422867179, 0.00612269435078, 0.00533190183342, 0.00424950383604, 0.00443201465532, 0.00714224483818, 0.00346768158488, 0.00199740892276, 0.00205835443921, 0.00128751166631, 0.00277587538585, 0.00511737447232, 0.00210942747071, 0.000620563165285, 0.000569895433728, 0.000767676625401, 0.00372035405599, 0.00919918064028, 0.00547172036022, 0.0177833680063, 0.0114310272038, 0.0107886623591, 0.0136081054807, 0.012162511237, 0.0105309151113, 0.00635476829484, 0.00949945300817, 0.0106633771211, 0.0144328288734, 0.0132955759764, 0.0136913955212, 0.00411505857483, 0.00061509932857, 0.000336014811182, 0.00124118500389, 0.000824257149361, 0.000884529552422, 0.00354665750638, 0.00399861624464, 0.00223875883967, 0.00161705922801, 0.00276701455005, 0.0051970006898, 0.00330621749163, 0.00185286649503, 0.00212266854942, 0.00233009830117, 0.00247709732503, 0.000976216804702, 0.000567774986848, 0.000557354243938, 0.000687492545694, 0.000391605513869, 0.000565234047826, 0.000297439924907, 0.000399729207857, 0.000379636476282, 0.000206734970561, 0.000331386370817, 0.000550564611331, 0.000469466263894, 0.000261543202214, 9.5291841717e-05, 0.000132814602694, 5.46501360077e-05, 8.37832340039e-05, 0.000195775355678, 6.57033451716e-05, 4.47628335678e-05, 3.05738976749e-05, 0.000121262368339, 5.06022224727e-05, 0.000217619497562, 0.000330929964548, 0.000134264511871, 0.000127042803797, 2.89000799967e-05, 3.27662855852e-05, 3.71318019461e-05, 4.7677247494e-05, 0.000100611061498, 0.000103147074697, 3.76591415261e-05, 7.08590232534e-05, 9.97949828161e-05, 3.41544800904e-05, 0.000110201326606, 3.30848197336e-05, 3.25000546582e-05, 1.59951832757e-05, 5.47771705897e-05, 2.94610908895e-05, 5.14169696544e-05, 1.23872887343e-05, 1.1713495951e-05, 1.49193992911e-05, 1.18401912914e-05, 5.41614235772e-06, 5.49993774257e-06, 8.77046841197e-06, 3.21999868902e-06, 2.44879538513e-06, 9.59651629273e-07, 9.69717390831e-08, 5.87975268473e-09, 5.07161468377e-09, 4.49371873046e-09, 4.08021261222e-09, 3.83143206051e-09, 3.56831075798e-09, 3.4289653339e-09, 3.24933391305e-09, 3.05243186283e-09, 2.93740498591e-09, 2.80628498217e-09, 2.73233968784e-09, 2.62195309908e-09, 2.56431587076e-09, 2.52454657179e-09, 2.42542519402e-09, 2.38503283789e-09, 2.35388797343e-09, 2.33163999219e-09, 2.31732344425e-09],
        "mean": [8.51652148413e-05, 0.000452801235951, 0.00153346045408, 0.00211297627538, 0.00126002414618, 0.000618794118054, 0.000447327358415, 0.00030500619323, 0.000271675584372, 0.00028939123149, 0.000228258126299, 0.000157517206389, 9.72788911895e-05, 9.91286724457e-05, 0.00023700465681, 0.000349043693859, 0.000120483942737, 4.31911103078e-05, 5.52042147319e-05, 7.63470161473e-05, 6.91859677318e-05, 0.00013032273273, 0.000132110246341, 0.000211199425394, 0.00033986219205, 0.000503918388858, 0.000612086616457, 0.000398514821427, 0.000388891174225, 0.000212431084947, 0.000198138077394, 0.000777471752372, 0.00111218984239, 0.00038262270391, 0.00034265499562, 0.000100378121715, 3.77988981199e-05, 3.35324366461e-05, 3.48558460246e-05, 3.51139860868e-05, 5.04523195559e-05, 0.000140907810419, 9.79308460956e-05, 6.09521848673e-05, 6.52632297715e-05, 4.50314837508e-05, 4.78108449897e-05, 6.63829923724e-05, 0.000108531930891, 0.000132692002808, 6.20743740001e-05, 5.83636465308e-05, 4.50665538665e-05, 2.54185397353e-05, 2.40653571382e-05, 5.48987409275e-05, 3.4037293517e-05, 2.58883574134e-05, 2.90570333163e-05, 2.47026327997e-05, 2.37744570768e-05, 2.06612312468e-05, 1.83948595804e-05, 2.44389102591e-05, 2.53968828474e-05, 2.10423077078e-05, 1.08644844659e-05, 1.09363754746e-05, 7.86744021752e-06, 9.57607880991e-06, 9.52587834036e-06, 5.49401283934e-06, 5.42548923477e-06, 4.90758293381e-06, 4.86894441565e-06, 4.70863324153e-06, 1.32181094159e-05, 1.23400377561e-05, 5.57279281566e-06, 4.34171624875e-06, 3.40725409842e-06, 3.15573129228e-06, 4.29835608884e-06, 4.73068803331e-06, 3.64790525964e-06, 6.9412344601e-06, 4.31771195508e-06, 5.4637030189e-06, 5.88127932133e-06, 2.89650711238e-06, 5.1285110203e-06, 3.16407431455e-06, 3.09417646349e-06, 1.91785898096e-06, 3.54430858351e-06, 2.23129654842e-06, 2.52163226833e-06, 1.1896805745e-06, 1.03179877442e-06, 8.89976320195e-07, 8.94456434253e-07, 7.03935711499e-07, 6.10578069882e-07, 6.75991600474e-07, 4.02056855364e-07, 2.77939449234e-07, 5.20039051821e-08, 1.03489483649e-09, 1.47245462351e-11, 1.08976031324e-11, 1.01649669584e-11, 9.76011632625e-12, 9.51211592132e-12, 8.97249809173e-12, 8.95430344455e-12, 8.50079381887e-12, 7.91106676695e-12, 7.59128263722e-12, 7.38562162816e-12, 7.18822180598e-12, 6.94041048591e-12, 6.81987929671e-12, 6.73651976216e-12, 6.53472545173e-12, 6.1680729968e-12, 5.59313966669e-12, 5.27353464716e-12, 5.2047446214e-12],
        "min": [5.63352198224e-10, 2.53669552031e-09, 1.10882076854e-08, 6.67650024155e-09, 1.24099157617e-08, 1.06656742105e-07, 3.84321019453e-09, 1.56592903977e-07, 1.09594658682e-07, 1.47089323832e-07, 1.91589720089e-07, 2.00621812496e-07, 2.33454869658e-07, 2.73693302688e-07, 1.35102723675e-07, 5.46995352124e-07, 4.6107243179e-07, 2.97808838923e-07, 1.12132420327e-06, 4.56552839978e-07, 9.98958626042e-07, 1.90993802107e-07, 1.31276863158e-07, 4.76488196455e-07, 3.97726324763e-07, 7.29728412807e-07, 3.45680888358e-07, 1.53538280756e-06, 8.35679941247e-07, 4.04425406941e-07, 4.1576078047e-07, 4.36440785734e-07, 6.62640388782e-07, 8.50616686421e-07, 7.55962275889e-07, 4.30782165495e-07, 5.2392778116e-07, 2.32018024349e-07, 3.52014836835e-07, 4.31961780123e-07, 1.79347338758e-07, 8.85688734797e-07, 1.34528147555e-06, 4.56170937468e-07, 2.2957613055e-07, 2.87047157599e-07, 3.61944671567e-07, 1.97392537871e-07, 1.2019771134e-07, 1.51348061195e-07, 1.49943630845e-07, 2.92956787717e-08, 2.58091148453e-07, 2.33074842981e-07, 7.89412695212e-07, 6.17482669441e-07, 7.49663740862e-07, 3.08101306246e-07, 3.71150974843e-07, 4.96690802265e-07, 6.33499212199e-07, 5.4960213447e-07, 3.32310577278e-07, 1.38081915679e-07, 1.01677429143e-07, 1.07718619802e-07, 1.04857228678e-07, 4.5783544067e-08, 2.65976698444e-08, 1.39944376087e-08, 2.51103955407e-08, 1.44242955358e-08, 2.7828226834e-08, 2.52773784126e-08, 1.89178965826e-08, 1.55427244408e-08, 2.59311967454e-08, 2.93645729954e-08, 4.06707627576e-08, 3.12544905512e-08, 2.02840233499e-08, 4.06581968093e-09, 1.14093499093e-08, 1.13895328724e-08, 1.20804397596e-08, 7.88673215624e-09, 1.42628984179e-08, 2.72821125691e-08, 9.70451718985e-09, 8.28412449749e-09, 6.46103881508e-09, 1.57841544279e-08, 3.43398287583e-09, 2.16130069397e-09, 2.11817940965e-09, 1.89975102316e-09, 2.79652434543e-09, 4.03411570815e-09, 2.90140289572e-09, 2.99033797724e-09, 2.07040207201e-09, 4.09148137592e-09, 5.13346387621e-09, 2.53905385605e-09, 1.59145663314e-09, 1.09543751847e-09, 1.25538912599e-10, 1.03436985539e-12, 6.39445310938e-13, 4.88573916567e-13, 5.58838890961e-13, 5.68161837022e-13, 6.12471282458e-13, 5.30063894253e-13, 5.99792405413e-13, 5.89000582248e-13, 5.32862816371e-13, 5.93560790796e-13, 6.00408557507e-13, 6.18518311655e-13, 5.95939476152e-13, 6.54201898816e-13, 5.78340218597e-13, 5.92055972391e-13, 4.16168862609e-13, 1.47034172489e-13, 2.31825616239e-14, 9.63793368539e-16],
        "stdev": [0.000183369993465, 0.00087622134015, 0.00255432142876, 0.00281675602309, 0.00166025466751, 0.000842846522573, 0.000686229031999, 0.000444150529802, 0.000498089531902, 0.000573401688598, 0.000368072622223, 0.000237997082877, 0.000175363617018, 0.000125367820146, 0.000311575509841, 0.000541010987945, 0.000193567233509, 6.46680346108e-05, 6.9713612902e-05, 0.000101117686427, 0.000176651301445, 0.000454732653452, 0.000326252426021, 0.000716400740203, 0.00079534878023, 0.00103619555011, 0.00139409676194, 0.000874424295034, 0.00101168372203, 0.000564878690057, 0.00061737454962, 0.00166713632643, 0.00261530745775, 0.0012393319048, 0.00126524502411, 0.000344369705999, 5.78171093366e-05, 4.22853700002e-05, 6.71229936415e-05, 4.80219023302e-05, 7.15540736564e-05, 0.000282783032162, 0.000255288177868, 0.000160041425261, 0.000147006299812, 0.000134622183396, 0.000202118622838, 0.000158638125868, 0.000194688793272, 0.000279622821836, 0.000186565186596, 0.000188584046555, 8.96142810234e-05, 4.36019981862e-05, 3.7702931877e-05, 8.41071960167e-05, 4.47305865237e-05, 4.16429902543e-05, 3.50367881765e-05, 2.7812722692e-05, 2.78111383523e-05, 2.14004448935e-05, 2.63775109488e-05, 4.76869863633e-05, 3.91988505726e-05, 2.86999384116e-05, 1.20660333778e-05, 1.2542694094e-05, 7.32169201001e-06, 9.1360125225e-06, 1.38330351547e-05, 6.31180319033e-06, 5.65795198781e-06, 4.29031297244e-06, 6.21926483291e-06, 4.9228028729e-06, 2.77010894933e-05, 2.89424333459e-05, 8.87995520316e-06, 6.95318612998e-06, 2.90204548037e-06, 3.02920761897e-06, 4.00255339628e-06, 5.21946913068e-06, 4.79897607875e-06, 1.30087028083e-05, 5.24753386344e-06, 7.66753510106e-06, 1.02178400994e-05, 3.11596477331e-06, 9.30446458369e-06, 3.61938509741e-06, 3.76329262508e-06, 1.98389852812e-06, 7.21396145309e-06, 3.46494562109e-06, 4.90872935188e-06, 1.50719552039e-06, 1.38423695262e-06, 1.17970137126e-06, 1.14446118005e-06, 7.90527735717e-07, 7.17819204965e-07, 1.0412818483e-06, 4.60784804091e-07, 3.47259941691e-07, 8.86168720626e-08, 4.48041470591e-09, 1.78393244621e-10, 1.46743381335e-10, 1.30047236868e-10, 1.18130144555e-10, 1.11157479055e-10, 1.03440506161e-10, 1.00106312129e-10, 9.45157077603e-11, 8.84078851793e-11, 8.50500572747e-11, 8.12571954167e-11, 7.91164009306e-11, 7.59282012264e-11, 7.42556224842e-11, 7.31019689226e-11, 7.0239758454e-11, 6.90772578027e-11, 6.81901132782e-11, 6.75534836403e-11, 6.71399533192e-11]
    },
    "mfcc": {
        "mean": [-598.589904785, 91.2495803833, -19.8243923187, 6.70764684677, -4.45778751373, 6.72249698639, -0.37855270505, 16.4899234772, 4.72367477417, 4.4376115799, -4.66319274902, -4.8024058342, -4.33228969574],
        "cov": [[1082.23059082, -96.8161010742, 561.823425293, 328.404571533, 498.592559814, 283.259613037, 239.738433838, 104.003356934, -47.273349762, 54.1295204163, -119.156341553, -38.7177314758, 152.211486816], [-96.8161010742, 388.241790771, 32.2205848694, 91.3416900635, -51.4713630676, -18.2370128632, 0.606805324554, -29.2669887543, 2.06719398499, 37.1656799316, 45.8960113525, -6.50323057175, -38.4770889282], [561.823425293, 32.2205848694, 567.852478027, 323.483703613, 383.514892578, 214.9740448, 177.106445312, 64.2734909058, -45.2352638245, 24.2744483948, -71.2997360229, 9.15306472778, 128.416992188], [328.404571533, 91.3416900635, 323.483703613, 306.565826416, 237.776519775, 107.336708069, 94.6106872559, 17.0450344086, -30.7898159027, 30.3161354065, -10.4924726486, -0.682250440121, 47.8441734314], [498.592559814, -51.4713630676, 383.514892578, 237.776519775, 385.586853027, 197.85005188, 159.890304565, 68.2656784058, -30.4109516144, 17.7450790405, -81.131439209, -8.66774082184, 113.204055786], [283.259613037, -18.2370128632, 214.9740448, 107.336708069, 197.85005188, 196.185470581, 128.130310059, 50.9784126282, -11.5492753983, 2.67414832115, -49.2459602356, 4.63870763779, 79.2500534058], [239.738433838, 0.606805324554, 177.106445312, 94.6106872559, 159.890304565, 128.130310059, 148.142242432, 52.9733390808, -12.0577888489, 9.33865261078, -37.0217094421, 1.36899459362, 66.590057373], [104.003356934, -29.2669887543, 64.2734909058, 17.0450344086, 68.2656784058, 50.9784126282, 52.9733390808, 98.8603973389, 39.5329475403, 8.1272649765, -27.4496860504, 0.195381566882, 27.4693489075], [-47.273349762, 2.06719398499, -45.2352638245, -30.7898159027, -30.4109516144, -11.5492753983, -12.0577888489, 39.5329475403, 83.593132019, 19.9761886597, 3.85313129425, 6.27469110489, -10.9246988297], [54.1295204163, 37.1656799316, 24.2744483948, 30.3161354065, 17.7450790405, 2.67414832115, 9.33865261078, 8.1272649765, 19.9761886597, 67.7219390869, 18.5417633057, -8.06906032562, -8.61653804779], [-119.156341553, 45.8960113525, -71.2997360229, -10.4924726486, -81.131439209, -49.2459602356, -37.0217094421, -27.4496860504, 3.85313129425, 18.5417633057, 91.9444656372, 31.56391716, -38.104057312], [-38.7177314758, -6.50323057175, 9.15306472778, -0.682250440121, -8.66774082184, 4.63870763779, 1.36899459362, 0.195381566882, 6.27469110489, -8.06906032562, 31.56391716, 70.3648147583, 19.8408546448], [152.211486816, -38.4770889282, 128.416992188, 47.8441734314, 113.204055786, 79.2500534058, 66.590057373, 27.4693489075, -10.9246988297, -8.61653804779, -38.104057312, 19.8408546448, 97.1547622681]],
        "icov": [[0.00286117009819, 0.000800941081252, -0.00106389098801, -0.000426994170994, -0.00132852722891, -0.000561435706913, -0.000705626967829, -0.000407663785154, 0.000704066304024, -0.0018266789848, 0.000419567513745, 0.00124312075786, -0.000116155031719], [0.000800941081252, 0.00403241068125, -0.000830540666357, -0.00247763842344, 0.00248547201045, -0.000576480408199, -0.00138817366678, 0.000720828713384, -0.000333657982992, -0.00164151622448, -0.000147095954162, 0.00102407846134, 0.000531983096153], [-0.00106389098801, -0.000830540666357, 0.00904965028167, -0.00502882013097, -0.00261550187133, -0.00123605073895, 0.000323810090777, -0.0013236256782, 0.00197179382667, -0.000667149317451, 0.00228004809469, -0.00275226519443, -0.00232033198699], [-0.000426994170994, -0.00247763842344, -0.00502882013097, 0.0127687687054, -0.00585972191766, 0.00201359693892, -8.91426388989e-05, 0.0020147729665, -0.000754530949052, 0.000971456931438, -0.00466261664405, 0.00096479273634, 0.00269893812947], [-0.00132852722891, 0.00248547201045, -0.00261550187133, -0.00585972191766, 0.0155986016616, -0.0040693753399, -0.00131697684992, -0.00158048153389, 0.00116043316666, -0.00196892325766, 0.0038815815933, 0.00071105430834, -0.0027649383992], [-0.000561435706913, -0.000576480408199, -0.00123605073895, 0.00201359693892, -0.0040693753399, 0.0156553536654, -0.00796116143465, 0.000752695545088, -0.00162660551723, 0.00195261358749, 8.03579750936e-05, -0.000864940928295, -0.00129294069484], [-0.000705626967829, -0.00138817366678, 0.000323810090777, -8.91426388989e-05, -0.00131697684992, -0.00796116143465, 0.020011741668, -0.00612726761028, 0.00384690216742, -0.00149472430348, -0.00074642454274, 0.000335202174028, -0.0038447228726], [-0.000407663785154, 0.000720828713384, -0.0013236256782, 0.0020147729665, -0.00158048153389, 0.000752695545088, -0.00612726761028, 0.0197228807956, -0.0112356692553, 0.00150350446347, 0.0011374775786, 0.000296080164844, 0.000787920900621], [0.000704066304024, -0.000333657982992, 0.00197179382667, -0.000754530949052, 0.00116043316666, -0.00162660551723, 0.00384690216742, -0.0112356692553, 0.0213868469, -0.00781219964847, 0.00344607746229, -0.00432942342013, 0.000992607790977], [-0.0018266789848, -0.00164151622448, -0.000667149317451, 0.000971456931438, -0.00196892325766, 0.00195261358749, -0.00149472430348, 0.00150350446347, -0.00781219964847, 0.0228838101029, -0.00892230402678, 0.00580860907212, 0.000381493649911], [0.000419567513745, -0.000147095954162, 0.00228004809469, -0.00466261664405, 0.0038815815933, 8.03579750936e-05, -0.00074642454274, 0.0011374775786, 0.00344607746229, -0.00892230402678, 0.0256181396544, -0.0143645051867, 0.00674558756873], [0.00124312075786, 0.00102407846134, -0.00275226519443, 0.00096479273634, 0.00071105430834, -0.000864940928295, 0.000335202174028, 0.000296080164844, -0.00432942342013, 0.00580860907212, -0.0143645051867, 0.0257182642817, -0.00967326201499], [-0.000116155031719, 0.000531983096153, -0.00232033198699, 0.00269893812947, -0.0027649383992, -0.00129294069484, -0.0038447228726, 0.000787920900621, 0.000992607790977, 0.000381493649911, 0.00674558756873, -0.00967326201499, 0.0238786693662]]
    },
    "spectral_contrast_coeffs": {
        "max": [-0.555890977383, -0.52463966608, -0.484336614609, -0.603756308556, -0.650890767574, -0.65171277523],
        "mean": [-0.75044131279, -0.763434410095, -0.707759559155, -0.781765580177, -0.781825602055, -0.746242761612],
        "min": [-0.873833596706, -0.912728190422, -0.885831773281, -0.877977848053, -0.857108831406, -0.81259316206],
        "stdev": [0.0486594550312, 0.056119851768, 0.0843290686607, 0.0573065169156, 0.0301862228662, 0.0269364267588]
    },
    "spectral_contrast_valleys": {
        "max": [-5.37613916397, -5.29844474792, -5.58379364014, -6.18512582779, -6.21684980392, -8.3573923111],
        "mean": [-7.00486564636, -6.65772676468, -6.75141143799, -6.9818611145, -7.02180147171, -9.58530712128],
        "min": [-10.1409597397, -8.20880031586, -8.4083147049, -8.88629627228, -8.98766803741, -12.0726823807],
        "stdev": [0.981635510921, 0.470289558172, 0.419870376587, 0.334641396999, 0.36654356122, 0.542006731033]
    }
},
"rhythm": {
    "beats_count": 71,
    "beats_loudness": {
        "max": 0.0786460116506,
        "mean": 0.0290531367064,
        "min": 0.0066186171025,
        "stdev": 0.0169486962259
    },
    "bpm": 155.240310669,
    "bpm_histogram_first_peak_bpm": 157,
    "bpm_histogram_first_peak_weight": 0.0500000119209,
    "bpm_histogram_second_peak_bpm": 152,
    "bpm_histogram_second_peak_spread": 0.157894790173,
    "bpm_histogram_second_peak_weight": 0.228571429849,
    "danceability": 0.839625954628,
    "onset_rate": 1.40610277653,
    "beats_loudness_band_ratio": {
        "max": [0.809119641781, 0.337929308414, 0.579470038414, 0.734269618988, 0.4273609519, 0.256061524153],
        "mean": [0.222615763545, 0.0752918794751, 0.203759670258, 0.310264110565, 0.145456716418, 0.0692916065454],
        "min": [0.000372943206457, 0.00564206345007, 0.0066318535246, 0.023921020329, 0.0256295707077, 0.0134050622582],
        "stdev": [0.22647254169, 0.0724197626114, 0.167079880834, 0.190614506602, 0.091845318675, 0.0376966260374]
    },
    "beats_position": [0.394739210606, 0.812698423862, 1.20743763447, 1.60217678547, 1.99691605568, 2.39165520668, 2.77478456497, 3.1811337471, 3.58748292923, 3.99383211136, 4.38857126236, 4.78331041336, 5.17804956436, 5.5727891922, 5.95591831207, 6.33904743195, 6.72217655182, 7.10530614853, 7.4884352684, 7.85995435715, 8.24308395386, 8.62621307373, 9.0093421936, 9.39247131348, 9.77560043335, 10.1587295532, 10.5418596268, 10.9365987778, 11.3313379288, 11.7144670486, 12.0975961685, 12.4923353195, 12.8754644394, 13.2585935593, 13.6533327103, 14.0480718613, 14.4312019348, 14.8143310547, 15.1974601746, 15.5805892944, 15.9521083832, 16.3352375031, 16.7183666229, 17.1014957428, 17.4846248627, 17.8793640137, 18.2741031647, 18.6572322845, 19.0519733429, 19.4351024628, 19.8182315826, 20.2013607025, 20.5844898224, 20.9676189423, 21.3507480621, 21.733877182, 22.1170063019, 22.5001354218, 22.8832645416, 23.2663936615, 23.6495227814, 24.009431839, 24.369342804, 24.7292518616, 25.0775508881, 25.4258499146, 25.7857589722, 26.1456680298, 26.5055770874, 26.865486145, 27.22539711],
