{
"metadata": {
    "version": {
        "essentia": "2.1-beta5",
        "essentia_git_sha": "Undefined",
        "extractor": "music 2.0"
    },
    "audio_properties": {
        "analysis": {
            "equal_loudness": 0,
            "length": 32.4963264465,
            "sample_rate": 44100,
            "start_time": 77.7520217896,
            "downmix": "mix"
        },
        "bit_rate": 192000,
        "length": 195.361099243,
        "lossless": 0,
        "number_channels": 2,
        "replay_gain": -0.139717102051,
        "sample_rate": 48000,
        "codec": "mp3",
        "md5_encoded": "5b52664d53c3de840f43c4b3501cb7f2"
    },
    "tags": {
        "file_name": "United KingdomUK_Touch My Fire_Javine.mp3",
        "encoding": ["Lavf58.29.100"]
    }
},
"lowlevel": {
    "average_loudness": 0.982670605183,
    "barkbands_crest": {
        "max": 24.763841629,
        "mean": 9.54801750183,
        "min": 2.4511039257,
        "stdev": 4.11162805557
    },
    "barkbands_flatness_db": {
        "max": 0.258539021015,
        "mean": 0.142449319363,
        "min": 0.0674774125218,
        "stdev": 0.0316027365625
    },
    "barkbands_kurtosis": {
        "max": 52.9063034058,
        "mean": 1.17710387707,
        "min": -1.84379565716,
        "stdev": 3.95306277275
    },
    "barkbands_skewness": {
        "max": 6.89705085754,
        "mean": 0.936841964722,
        "min": -1.69351327419,
        "stdev": 1.0040242672
    },
    "barkbands_spread": {
        "max": 74.4852294922,
        "mean": 29.2986335754,
        "min": 4.82908821106,
        "stdev": 10.5686883926
    },
    "dissonance": {
        "max": 0.499971091747,
        "mean": 0.475027948618,
        "min": 0.336765766144,
        "stdev": 0.0207088962197
    },
    "dynamic_complexity": 1.92044985294,
    "erbbands_crest": {
        "max": 30.4857826233,
        "mean": 9.93957996368,
        "min": 2.15354132652,
        "stdev": 5.56260633469
    },
    "erbbands_flatness_db": {
        "max": 0.301062554121,
        "mean": 0.171571329236,
        "min": 0.0889845341444,
        "stdev": 0.0447121784091
    },
    "erbbands_kurtosis": {
        "max": 13.1310367584,
        "mean": 0.533375680447,
        "min": -1.46178627014,
        "stdev": 1.91261184216
    },
    "erbbands_skewness": {
        "max": 3.14196634293,
        "mean": 0.0193935949355,
        "min": -3.15874385834,
        "stdev": 0.772620856762
    },
    "erbbands_spread": {
        "max": 96.1844940186,
        "mean": 36.8768119812,
        "min": 6.27213668823,
        "stdev": 18.8031482697
    },
    "hfc": {
        "max": 96.7267227173,
        "mean": 27.7850532532,
        "min": 0.755424916744,
        "stdev": 16.5226631165
    },
    "loudness_ebu128": {
        "integrated": -22.9554347992,
        "loudness_range": 0.884565353394,
        "momentary": {
            "max": -21.0202312469,
            "mean": -23.0919246674,
            "min": -26.1894931793,
            "stdev": 1.11450588703
        },
        "short_term": {
            "max": -22.3466911316,
            "mean": -22.9449996948,
            "min": -23.8421955109,
            "stdev": 0.304063647985
        }
    },
    "melbands_crest": {
        "max": 29.5331630707,
        "mean": 13.6785545349,
        "min": 4.5057053566,
        "stdev": 4.51796579361
    },
    "melbands_flatness_db": {
        "max": 0.327477574348,
        "mean": 0.162396937609,
        "min": 0.0569195784628,
        "stdev": 0.0400900319219
    },
    "melbands_kurtosis": {
        "max": 181.749038696,
        "mean": 8.48120117188,
        "min": -1.73851335049,
        "stdev": 14.8953962326
    },
    "melbands_skewness": {
        "max": 11.3859109879,
        "mean": 2.13142371178,
        "min": -1.10811233521,
        "stdev": 1.61575388908
    },
    "melbands_spread": {
        "max": 187.595733643,
        "mean": 33.7732315063,
        "min": 2.3663995266,
        "stdev": 16.8615264893
    },
    "pitch_salience": {
        "max": 0.837008357048,
        "mean": 0.522251665592,
        "min": 0.165995568037,
        "stdev": 0.115048736334
    },
    "silence_rate_20dB": {
        "max": 1,
        "mean": 1,
        "min": 1,
        "stdev": 0
    },
    "silence_rate_30dB": {
        "max": 1,
        "mean": 1,
        "min": 1,
        "stdev": 0
    },
    "silence_rate_60dB": {
        "max": 1,
        "mean": 0.000713775865734,
        "min": 0,
        "stdev": 0.0267071463168
    },
    "spectral_centroid": {
        "max": 3966.29931641,
        "mean": 1849.08654785,
        "min": 463.351409912,
        "stdev": 498.317047119
    },
    "spectral_complexity": {
        "max": 49,
        "mean": 22.6181297302,
        "min": 2,
        "stdev": 7.45285415649
    },
    "spectral_decrease": {
        "max": -1.18459894671e-10,
        "mean": -6.85563161795e-09,
        "min": -1.78485262126e-08,
        "stdev": 3.34201555319e-09
    },
    "spectral_energy": {
        "max": 0.073624946177,
        "mean": 0.0283949542791,
        "min": 0.000515614228789,
        "stdev": 0.0136287203059
    },
    "spectral_energyband_high": {
        "max": 0.0114152859896,
        "mean": 0.0010636044899,
        "min": 1.41100599649e-05,
        "stdev": 0.000914542004466
    },
    "spectral_energyband_low": {
        "max": 0.0521286949515,
        "mean": 0.0104768173769,
        "min": 9.10021753953e-07,
        "stdev": 0.00865222141147
    },
    "spectral_energyband_middle_high": {
        "max": 0.0480818152428,
        "mean": 0.0110999960452,
        "min": 0.000284982816083,
        "stdev": 0.00993816647679
    },
    "spectral_energyband_middle_low": {
        "max": 0.0492817983031,
        "mean": 0.00686700176448,
        "min": 6.70013032504e-05,
        "stdev": 0.00623133266345
    },
    "spectral_entropy": {
        "max": 8.74621677399,
        "mean": 7.7687830925,
        "min": 6.99012231827,
        "stdev": 0.273480325937
    },
    "spectral_flux": {
        "max": 0.236383527517,
        "mean": 0.100357912481,
        "min": 0.0276124048978,
        "stdev": 0.0378561131656
    },
    "spectral_kurtosis": {
        "max": 12.4417581558,
        "mean": 2.83067655563,
        "min": -1.05407834053,
        "stdev": 1.65595006943
    },
    "spectral_rms": {
        "max": 0.00847521144897,
        "mean": 0.00510385166854,
        "min": 0.00070925190812,
        "stdev": 0.00128570757806
    },
    "spectral_rolloff": {
        "max": 9560.7421875,
        "mean": 1814.85852051,
        "min": 86.1328125,
        "stdev": 1071.5168457
    },
    "spectral_skewness": {
        "max": 3.07672405243,
        "mean": 1.20552134514,
        "min": 0.0367272906005,
        "stdev": 0.274389952421
    },
    "spectral_spread": {
        "max": 10750408,
        "mean": 4417448.5,
        "min": 2387653.5,
        "stdev": 1023328.1875
    },
    "spectral_strongpeak": {
        "max": 10.9910726547,
        "mean": 1.40907752514,
        "min": 0.0409428551793,
        "stdev": 1.92550432682
    },
    "zerocrossingrate": {
        "max": 0.2607421875,
        "mean": 0.0695276260376,
        "min": 0.017578125,
        "stdev": 0.0236762296408
    },
    "barkbands": {
        "max": [0.000716389156878, 0.0453677028418, 0.0312957987189, 0.0192465484142, 0.00984872505069, 0.0188000816852, 0.0148449223489, 0.0453575477004, 0.0282662510872, 0.042665053159, 0.0420517884195, 0.0196850821376, 0.0243997387588, 0.0251338332891, 0.031043946743, 0.017429554835, 0.0116640655324, 0.0206598676741, 0.0101893357933, 0.0127773303539, 0.0016444028588, 0.00153385440353, 0.00362526485696, 0.00425836071372, 0.00266093970276, 5.77761420573e-06, 1.24077678265e-06],
        "mean": [8.51540098665e-05, 0.00610173819587, 0.00345218600705, 0.0013704955345, 0.001160367392, 0.00147846713662, 0.000692730303854, 0.000720220676158, 0.000978707103059, 0.00329854432493, 0.00149731466081, 0.000540621113032, 0.000740746792872, 0.00108459417243, 0.00109739182517, 0.000871361466125, 0.000552727666218, 0.000620036851615, 0.000690027198289, 0.000594488636125, 0.000239893124672, 0.000139434094308, 0.000176058762008, 0.000129816180561, 8.1728445366e-05, 9.16736055956e-08, 1.94223748196e-09],
        "min": [7.33383709317e-09, 1.47509737758e-07, 2.52070663009e-07, 4.14561725393e-07, 1.22324058793e-06, 8.65306901687e-06, 3.03005435853e-06, 1.22503718103e-06, 3.49201150129e-06, 1.20424401757e-05, 6.75210776535e-06, 1.34669221552e-06, 7.93805702415e-06, 2.53278403761e-06, 5.43018131793e-06, 6.26612836641e-06, 3.35014465236e-06, 6.41921997158e-06, 9.47916396399e-06, 2.12639679376e-06, 2.13760813494e-06, 2.39243081523e-06, 1.6597124386e-06, 4.40617804998e-06, 2.14034616874e-06, 1.33752661724e-10, 1.37393887933e-10],
        "stdev": [9.14399643079e-05, 0.00719176325947, 0.00355109223165, 0.00209710607305, 0.00130323565099, 0.00200032885186, 0.00132624036632, 0.00295648770407, 0.00251968740486, 0.00607948750257, 0.00399136357009, 0.00131304957904, 0.00141040561721, 0.00216206465848, 0.00220907432958, 0.00191094574984, 0.00114032928832, 0.00120002659969, 0.000978036900051, 0.000786290271208, 0.000221557595069, 0.000148188104504, 0.000222224465688, 0.000215157953789, 0.000162150710821, 2.35877465116e-07, 3.31502931772e-08]
    },
    "erbbands": {
        "max": [1.39316558838, 10.7434902191, 34.2560997009, 51.5044364929, 47.9293518066, 38.7169265747, 101.41002655, 202.231933594, 209.13394165, 298.063446045, 1017.29949951, 635.96496582, 1413.17431641, 1426.81567383, 739.294311523, 691.837463379, 1095.43127441, 783.759155273, 1934.90686035, 813.954284668, 737.506774902, 652.36517334, 456.738708496, 900.495178223, 597.705993652, 503.842590332, 148.464828491, 56.8387489319, 50.7924156189, 83.2789993286, 104.418411255, 127.458374023, 49.2075424194, 37.8289527893, 15.344833374, 0.844633042812, 0.0227832943201, 0.00167273439001, 0.000269668205874, 9.41360267461e-05],
        "mean": [0.1291128546, 1.53934895992, 3.76655459404, 4.92646741867, 3.77050042152, 4.10537052155, 6.65994644165, 13.7341070175, 11.5095682144, 9.01743412018, 21.0170192719, 21.4629821777, 59.4520530701, 118.244010925, 34.3889923096, 25.253950119, 34.1337585449, 39.6604003906, 76.595954895, 44.8958015442, 42.176109314, 31.6191978455, 29.2724170685, 39.7068977356, 30.036907196, 27.3879966736, 15.6923723221, 6.7980389595, 4.91279697418, 4.97323465347, 4.84933567047, 3.44360637665, 1.92446231842, 1.20229458809, 0.42244297266, 0.0222253352404, 0.000666387844831, 5.87254980928e-05, 2.4993560146e-05, 3.67790125892e-05],
        "min": [3.28263217853e-06, 4.94514897582e-05, 0.000421268545324, 0.00138581451029, 0.00316996197216, 0.00466819480062, 0.0209643375129, 0.0687111616135, 0.0942855626345, 0.109720960259, 0.111360296607, 0.219108343124, 0.46003061533, 0.526434004307, 0.18991933763, 0.0804374888539, 0.386854350567, 0.144657731056, 0.250301450491, 0.848651945591, 0.231377452612, 0.277428150177, 0.478192985058, 0.654670059681, 0.284301877022, 0.105924762785, 0.106028318405, 0.0806452259421, 0.0681161358953, 0.0751907378435, 0.0443644113839, 0.0539051368833, 0.090838432312, 0.0308599341661, 0.0101941032335, 0.000598527083639, 2.51727051364e-05, 3.01968611893e-06, 2.64704249275e-06, 1.13847784178e-06],
        "stdev": [0.178724616766, 1.75580251217, 3.60372686386, 6.08595085144, 4.36134147644, 4.87610530853, 8.87937355042, 20.5197410583, 17.1091651917, 21.6232376099, 78.1224899292, 53.4603919983, 111.226394653, 218.450180054, 65.7295608521, 48.8942718506, 60.6791152954, 70.2953414917, 152.790435791, 70.637260437, 81.5729675293, 62.0635185242, 48.3129882812, 56.5190467834, 40.6286354065, 33.3232917786, 15.1842041016, 6.18439054489, 5.29242181778, 5.47109031677, 6.17469263077, 5.74723339081, 3.1917142868, 2.19594836235, 0.96242660284, 0.0544662289321, 0.00146745017264, 0.000106555176899, 1.79504713742e-05, 1.7046368157e-05]
    },
    "gfcc": {
        "mean": [18.3850383759, 96.0763626099, -146.997451782, 60.5204315186, -65.1834945679, 32.9141921997, -36.9981956482, 14.142083168, -20.6467456818, -6.66732692719, -2.63338589668, -15.3542833328, 7.11336612701],
        "cov": [[844.823242188, 18.3736991882, 57.2074317932, 43.5873413086, 25.9568061829, 68.7543106079, -8.01703262329, 23.4311714172, -24.1047687531, 34.9634017944, 3.74572849274, -41.4701385498, -52.7117538452], [18.3736991882, 431.641601562, 175.376052856, 61.2299728394, 128.784210205, 49.5775184631, 64.4493713379, -27.3244495392, 28.3435688019, -19.5614204407, 36.665802002, -24.0471172333, -7.38321781158], [57.2074317932, 175.376052856, 584.034606934, 268.086456299, -4.10549449921, 83.0503005981, -69.0692825317, 3.22701478004, 49.5970039368, 24.4163665771, -25.2304706573, -4.2287812233, -90.2540435791], [43.5873413086, 61.2299728394, 268.086456299, 288.046844482, 53.1837348938, -9.9120092392, -34.2786521912, 16.6352462769, 53.8008499146, -14.9428043365, -3.7062432766, 1.58670127392, -50.3194122314], [25.9568061829, 128.784210205, -4.10549449921, 53.1837348938, 253.527694702, 78.7164611816, 72.6390914917, 58.6330795288, -9.11038398743, -9.58338069916, 48.76820755, 9.9045085907, 35.8427314758], [68.7543106079, 49.5775184631, 83.0503005981, -9.9120092392, 78.7164611816, 208.513397217, 131.100952148, -6.7678604126, -37.0662231445, 15.3031196594, 19.5347576141, -11.6672763824, 13.8593378067], [-8.01703262329, 64.4493713379, -69.0692825317, -34.2786521912, 72.6390914917, 131.100952148, 223.072540283, 31.0121536255, -37.8120079041, -26.9532566071, 20.6049156189, -13.5016059875, 58.1759490967], [23.4311714172, -27.3244495392, 3.22701478004, 16.6352462769, 58.6330795288, -6.7678604126, 31.0121536255, 126.147903442, 38.8771095276, -10.4431362152, -2.56901502609, 12.8148832321, 16.2969360352], [-24.1047687531, 28.3435688019, 49.5970039368, 53.8008499146, -9.11038398743, -37.0662231445, -37.8120079041, 38.8771095276, 125.68422699, 8.76393795013, -12.4449234009, -8.59983253479, -24.1458835602], [34.9634017944, -19.5614204407, 24.4163665771, -14.9428043365, -9.58338069916, 15.3031196594, -26.9532566071, -10.4431362152, 8.76393795013, 88.1447219849, 34.6391334534, -5.30742406845, -22.9045658112], [3.74572849274, 36.665802002, -25.2304706573, -3.7062432766, 48.76820755, 19.5347576141, 20.6049156189, -2.56901502609, -12.4449234009, 34.6391334534, 97.5874862671, 28.7090263367, 0.236997380853], [-41.4701385498, -24.0471172333, -4.2287812233, 1.58670127392, 9.9045085907, -11.6672763824, -13.5016059875, 12.8148832321, -8.59983253479, -5.30742406845, 28.7090263367, 74.4486236572, 32.3496742249], [-52.7117538452, -7.38321781158, -90.2540435791, -50.3194122314, 35.8427314758, 13.8593378067, 58.1759490967, 16.2969360352, -24.1458835602, -22.9045658112, 0.236997380853, 32.3496742249, 92.3775634766]],
        "icov": [[0.00157564971596, -0.00123536004685, 0.00164580193814, -0.00177647848614, 0.00152389646973, -0.002630289644, 0.00214166846126, -0.00240888912231, 0.00160790479276, -0.000828271789942, 0.000310637318762, 0.00067563430639, 0.000297729682643], [-0.00123536004685, 0.00952034257352, -0.00911192409694, 0.00845905672759, -0.00924935005605, 0.010878155008, -0.00939536746591, 0.0106142302975, -0.00643818592653, 0.00444230483845, -0.00381795316935, 0.00191232957877, 0.000521094712894], [0.00164580193814, -0.00911192409694, 0.0141009939834, -0.0131361652166, 0.0107709011063, -0.0158629920334, 0.0123241534457, -0.0120615307242, 0.00676328223199, -0.00500676874071, 0.00467563979328, -0.00223457161337, 0.000696503149811], [-0.00177647848614, 0.00845905672759, -0.0131361652166, 0.0171879939735, -0.0119928075001, 0.01523355674, -0.0120245097205, 0.0121485963464, -0.00824925024062, 0.00582517916337, -0.00301992474124, -0.000540998764336, 0.00347320758738], [0.00152389646973, -0.00924935005605, 0.0107709011063, -0.0119928075001, 0.0170553792268, -0.0159813202918, 0.0126786204055, -0.01500231307, 0.0074662566185, -0.00218560406938, -0.00156857597176, 0.00223686476238, -0.00480644125491], [-0.002630289644, 0.010878155008, -0.0158629920334, 0.01523355674, -0.0159813202918, 0.0291247330606, -0.0223698616028, 0.0178046468645, -0.00757285114378, 0.0009249469731, -0.000966099090874, -0.00169188529253, 0.00379093806259], [0.00214166846126, -0.00939536746591, 0.0123241534457, -0.0120245097205, 0.0126786204055, -0.0223698616028, 0.0249810926616, -0.0165440868586, 0.00827995873988, 0.00104520493187, -0.00276658358052, 0.0070749069564, -0.00846171658486], [-0.00240888912231, 0.0106142302975, -0.0120615307242, 0.0121485963464, -0.01500231307, 0.0178046468645, -0.0165440868586, 0.0254332087934, -0.0120412176475, 0.00364928296767, -0.000259934226051, -0.00351288425736, 0.00237707281485], [0.00160790479276, -0.00643818592653, 0.00676328223199, -0.00824925024062, 0.0074662566185, -0.00757285114378, 0.00827995873988, -0.0120412176475, 0.0158389918506, -0.00468337256461, 0.00289024598897, 0.00103128189221, 0.000276587932603], [-0.000828271789942, 0.00444230483845, -0.00500676874071, 0.00582517916337, -0.00218560406938, 0.0009249469731, 0.00104520493187, 0.00364928296767, -0.00468337256461, 0.0206507518888, -0.0117133716121, 0.00632157595828, -0.000716562266462], [0.000310637318762, -0.00381795316935, 0.00467563979328, -0.00301992474124, -0.00156857597176, -0.000966099090874, -0.00276658358052, -0.000259934226051, 0.00289024598897, -0.0117133716121, 0.0229315068573, -0.0139576578513, 0.00801715347916], [0.00067563430639, 0.00191232957877, -0.00223457161337, -0.000540998764336, 0.00223686476238, -0.00169188529253, 0.0070749069564, -0.00351288425736, 0.00103128189221, 0.00632157595828, -0.0139576578513, 0.0277772136033, -0.0142439100891], [0.000297729682643, 0.000521094712894, 0.000696503149811, 0.00347320758738, -0.00480644125491, 0.00379093806259, -0.00846171658486, 0.00237707281485, 0.000276587932603, -0.000716562266462, 0.00801715347916, -0.0142439100891, 0.0246768835932]]
    },
    "melbands": {
        "max": [0.0127276070416, 0.0136520750821, 0.00786874536425, 0.00263470504433, 0.00308893364854, 0.00416057277471, 0.00285573583096, 0.00463249068707, 0.00761644728482, 0.00341936550103, 0.00732201244682, 0.00528029957786, 0.00353578990325, 0.00276855123229, 0.00189348706044, 0.00292597687803, 0.00181146303657, 0.00320195220411, 0.00248812348582, 0.00155805947725, 0.000875213358086, 0.000949375913478, 0.000840768392663, 0.00105517578777, 0.000727546983398, 0.00041339523159, 0.000642472179607, 0.000219923851546, 0.000147180588101, 5.85782290727e-05, 3.37724632118e-05, 3.43726023857e-05, 3.94018134102e-05, 5.04772615386e-05, 5.04508789163e-05, 9.24156047404e-05, 7.0673704613e-05, 3.16006407957e-05, 3.93073532905e-05, 2.81124684989e-05],
        "mean": [0.00148883112706, 0.00201646611094, 0.000813729187939, 0.000272395409411, 0.000219779787585, 0.00030039952253, 0.000169227641891, 0.000107116611616, 0.000181524024811, 0.000127130784676, 0.000319551298162, 0.000510110694449, 0.000149404251715, 5.57883104193e-05, 8.89905713848e-05, 5.97984180786e-05, 7.52442792873e-05, 0.000134066169267, 6.89740190865e-05, 6.61198282614e-05, 4.15032991441e-05, 3.28611786244e-05, 2.40615299845e-05, 3.37116107403e-05, 3.21689985867e-05, 2.63005222223e-05, 1.98688539967e-05, 1.79499820661e-05, 1.14103031592e-05, 5.83952487432e-06, 3.32957733917e-06, 2.70223404186e-06, 2.73274645224e-06, 2.75932757177e-06, 2.72314741778e-06, 2.80791437035e-06, 1.83453425961e-06, 1.35385164413e-06, 1.16946728212e-06, 9.67153368947e-07],
        "min": [3.93829324707e-08, 1.54221424964e-07, 2.53000706607e-07, 2.52896938946e-07, 6.0179979755e-07, 2.0280406261e-06, 5.69121993976e-07, 6.90361787292e-07, 4.4340919203e-07, 4.08240993011e-07, 2.29379179473e-06, 1.36192511491e-06, 8.04080400485e-07, 1.94238708673e-07, 4.3410204853e-07, 7.41409337479e-07, 2.19430006609e-07, 3.26164638409e-07, 4.50960129683e-07, 6.70783151691e-07, 1.96894674787e-07, 1.92760637674e-07, 4.96579900755e-07, 2.56370782381e-07, 5.68979430682e-07, 3.10259054004e-07, 6.84605794277e-08, 6.69221691396e-08, 7.20685662259e-08, 5.10501152462e-08, 4.88994658099e-08, 3.16325170502e-08, 5.35614859132e-08, 3.67215768904e-08, 2.13302158159e-08, 3.10936911774e-08, 2.99433722262e-08, 6.10598291928e-08, 2.5580696672e-08, 2.21632276975e-08],
        "stdev": [0.00185912405141, 0.00175040680915, 0.000930862675887, 0.000301946711261, 0.000277662998997, 0.000425777689088, 0.000258971675066, 0.000291854928946, 0.000612768286373, 0.000313943717629, 0.00061997101875, 0.000931987422518, 0.000336975994287, 0.000162987416843, 0.000163590942975, 0.000125758859213, 0.000152557942783, 0.000286951690214, 0.000150010251673, 0.000155215486302, 8.25790993986e-05, 7.44203498471e-05, 5.27961674379e-05, 7.04869962647e-05, 4.74356711493e-05, 3.85425410059e-05, 3.54684198101e-05, 2.10930102185e-05, 1.29188256324e-05, 6.34422440271e-06, 3.45119337908e-06, 3.04407944896e-06, 3.0418921142e-06, 3.20979052049e-06, 3.26359190694e-06, 4.7127768994e-06, 3.15272723128e-06, 2.32271577261e-06, 2.12096051655e-06, 1.77853166861e-06]
    },
    "melbands128": {
        "max": [0.000611689582001, 0.00930491276085, 0.0221950504929, 0.0173540040851, 0.0190333165228, 0.0136579060927, 0.0121678840369, 0.00773175619543, 0.00557426316664, 0.00361083261669, 0.00256662722677, 0.00317904911935, 0.0049267471768, 0.00596861261874, 0.00661586411297, 0.00647800276056, 0.004396290984, 0.00369349773973, 0.00586779695004, 0.00473896460608, 0.00691205123439, 0.0192787535489, 0.0134989572689, 0.0111297490075, 0.00646464852616, 0.00441998010501, 0.0064584268257, 0.0122988149524, 0.0121159171686, 0.0117729613557, 0.00971108395606, 0.0108900656924, 0.00609027221799, 0.00539619894698, 0.00624731555581, 0.00553890550509, 0.00270991167054, 0.0027715251781, 0.00521914567798, 0.00422386731952, 0.00384794431739, 0.00146234151907, 0.00239423848689, 0.00484717357904, 0.00406910851598, 0.00542071228847, 0.00459652533755, 0.00525452243164, 0.00204921397381, 0.00153401214629, 0.00285606901161, 0.00301936129108, 0.00163469137624, 0.00151956966147, 0.00173755583819, 0.00183121790178, 0.00119094038382, 0.00233972608112, 0.000926403154153, 0.000750448554754, 0.000891803007107, 0.00345320766792, 0.000722149154171, 0.000864589586854, 0.00167783466168, 0.000409394910093, 0.000920282094739, 0.000629913643934, 0.00136784452479, 0.000766210083384, 0.000235726271058, 0.000429959472967, 0.000424108642619, 0.000175939785549, 0.000173021457158, 0.000157401911565, 4.74186963402e-05, 4.49046856374e-05, 3.59695186489e-05, 2.69290758297e-05, 3.74237206415e-05, 5.38032545592e-05, 3.5021595977e-05, 3.76889584004e-05, 5.23009293829e-05, 5.02891343785e-05, 5.84053486818e-05, 4.73925247206e-05, 4.9572023272e-05, 7.17497023288e-05, 8.0234654888e-05, 0.00010990708688, 9.94860820356e-05, 6.42817831249e-05, 7.27649967303e-05, 3.64585248462e-05, 3.36295015586e-05, 2.35036604863e-05, 4.54447654192e-05, 5.03123410454e-05, 3.48302928614e-05, 3.58862744179e-05, 2.74326375802e-05, 2.13135226659e-05, 3.29177491949e-05, 1.83837164514e-05, 3.96456789531e-06, 3.41801893455e-07, 1.00022417016e-08, 9.18516196435e-09, 8.47032133322e-09, 7.93307464164e-09, 7.45165795735e-09, 7.0789427653e-09, 6.7575567364e-09, 6.42258646266e-09, 6.15648021451e-09, 5.94108939822e-09, 5.72909275576e-09, 5.49732481758e-09, 5.35153343861e-09, 5.19954834743e-09, 5.09818143257e-09, 4.98039209873e-09, 4.88554352529e-09, 4.81747219894e-09, 4.78180117724e-09, 4.74478767387e-09],
        "mean": [7.75973749114e-05, 0.000701440789271, 0.00229100487195, 0.00261872424744, 0.00202021957375, 0.00170354614966, 0.00106282683555, 0.00059272692306, 0.000332496070769, 0.000273108540569, 0.000225701820455, 0.000162533178809, 0.000205768868909, 0.00030201242771, 0.000338443991495, 0.000296732905554, 0.000198169771465, 0.000157564019901, 0.000116148614325, 7.59853646741e-05, 0.000100407080026, 0.000200172391487, 0.000173342821654, 0.000205430958886, 0.000134059693664, 7.69161852077e-05, 0.000150828505866, 0.000248924654443, 0.000551678531338, 0.00064398982795, 0.000487582932692, 0.000304855784634, 9.84652360785e-05, 6.54851828585e-05, 5.42359994142e-05, 5.15920728503e-05, 5.67090864934e-05, 0.00010051974823, 0.000107801432023, 6.56262636767e-05, 5.07349432155e-05, 4.49502367701e-05, 6.31791335763e-05, 8.87163696461e-05, 0.000133471170557, 0.000174242377398, 9.11419920158e-05, 7.88587931311e-05, 5.03144947288e-05, 4.1961480747e-05, 7.44700300856e-05, 9.17616052902e-05, 3.84242848668e-05, 2.62260946329e-05, 2.78932766378e-05, 3.67091997759e-05, 3.24477005051e-05, 3.25895343849e-05, 1.67910602613e-05, 1.57401536853e-05, 3.69294029952e-05, 5.07445147377e-05, 2.08037672564e-05, 2.78735260508e-05, 4.78578404e-05, 2.35484003497e-05, 1.74652923306e-05, 1.59702904057e-05, 2.35735224123e-05, 2.17556880671e-05, 1.38072937261e-05, 2.06922741199e-05, 1.51031827045e-05, 8.68466031534e-06, 8.15322255221e-06, 7.27285532776e-06, 3.88711259802e-06, 3.49051788362e-06, 3.43390456692e-06, 3.03665592583e-06, 2.66306892627e-06, 2.53114671978e-06, 2.75728393717e-06, 2.73540149465e-06, 2.64803952632e-06, 3.00153556054e-06, 2.56030898527e-06, 2.8669094263e-06, 2.59800845015e-06, 2.79752975985e-06, 3.03528599943e-06, 2.90682669402e-06, 2.11816995943e-06, 1.92794482246e-06, 1.5892188685e-06, 1.36437131459e-06, 1.36162282161e-06, 1.23780318972e-06, 1.16795638405e-06, 1.14643023608e-06, 1.08465803805e-06, 9.78024900178e-07, 7.67333290241e-07, 6.42599047751e-07, 5.54171322165e-07, 3.35847829547e-07, 7.33276479536e-08, 4.07936662228e-09, 1.54188935925e-11, 1.33327038646e-11, 1.24845654648e-11, 1.21609007586e-11, 1.17842749447e-11, 1.13058720372e-11, 1.06619825815e-11, 1.01040139797e-11, 9.53985588442e-12, 9.24076266895e-12, 8.98682864237e-12, 8.69687828697e-12, 8.46000873522e-12, 8.26140544863e-12, 8.12449326565e-12, 7.933390056e-12, 7.58846804838e-12, 7.0987807646e-12, 6.82785295317e-12, 6.75122024257e-12],
        "min": [5.41760813988e-09, 1.07747748501e-08, 1.51633425816e-08, 6.2328162187e-08, 1.12722716494e-07, 9.02344368114e-08, 1.47715709886e-07, 1.83829541811e-07, 6.54491998375e-08, 1.88561017467e-07, 7.41290548945e-08, 1.85843759937e-07, 5.27735323885e-07, 1.10734538339e-06, 5.29137935246e-07, 8.51342861097e-07, 2.36091892702e-07, 2.00197050049e-07, 3.07902297436e-07, 2.08160116699e-07, 6.05945018606e-08, 1.74962877963e-07, 1.29437921714e-07, 1.2007419059e-07, 1.50240055063e-07, 1.22997377616e-07, 3.95927315822e-07, 6.54017696888e-07, 1.43045554069e-06, 2.89414401777e-07, 1.58236616699e-07, 4.44534151711e-07, 2.40040890276e-07, 2.36768343598e-07, 6.73639704019e-08, 1.80624468271e-07, 5.29612051992e-08, 1.17381546261e-07, 4.41275489038e-07, 3.46047244193e-07, 4.35948237509e-07, 1.67364802905e-07, 1.79274110224e-07, 2.62367564119e-07, 2.87736611426e-07, 2.36517905705e-07, 1.5720546287e-07, 3.68297065734e-07, 3.83346929311e-07, 3.27232271502e-07, 2.11413833995e-07, 3.874355059e-07, 1.6066060482e-07, 1.54765331217e-07, 1.51804854909e-07, 1.23978495026e-07, 1.90973764802e-07, 2.15516621438e-07, 2.2396071131e-07, 1.5644930329e-07, 9.23582916812e-08, 3.67577996485e-07, 3.71154555978e-07, 4.10145446494e-07, 4.44740436478e-07, 2.50178459282e-07, 2.52428122849e-07, 3.51566029622e-08, 3.30255112146e-08, 1.00392618663e-07, 4.03993958287e-08, 7.30071079147e-08, 9.2828699394e-08, 5.38553912577e-08, 7.70178800735e-08, 4.90244111973e-08, 4.70262548902e-08, 3.4153320172e-08, 5.12822815324e-08, 7.20143091826e-08, 1.02647126354e-08, 1.36573010678e-08, 7.11805299147e-08, 5.38173736686e-08, 4.74119303817e-08, 4.48805899111e-08, 3.54141320713e-08, 1.81614190353e-08, 1.59428967805e-08, 2.77641305502e-08, 2.42907667314e-08, 4.4677570088e-08, 2.27545182696e-08, 1.98736067603e-08, 2.34252954812e-08, 5.91716933229e-08, 3.93255312758e-08, 2.34028725288e-08, 1.6478749032e-08, 2.77229190715e-08, 1.60098583279e-08, 1.754816914e-08, 1.22698589067e-08, 1.05594768485e-08, 1.21720082902e-08, 5.42969980089e-09, 1.62579050222e-09, 8.78581929431e-13, 5.4489941205e-13, 4.72900906802e-13, 4.93927652685e-13, 4.3173223243e-13, 3.70921609399e-13, 4.63226896077e-13, 3.35253119753e-13, 3.51166307404e-13, 4.65607261947e-13, 4.97123501218e-13, 4.18255165745e-13, 3.88742477878e-13, 4.83808305918e-13, 4.80430311419e-13, 4.33252229665e-13, 4.13823272524e-13, 3.5477998035e-13, 1.29634936683e-13, 2.06486185165e-14, 6.95895429108e-16],
        "stdev": [8.54280515341e-05, 0.00113693450112, 0.00318952137604, 0.00306257093325, 0.00207587867044, 0.00177296448965, 0.00144329061732, 0.00086475192802, 0.000412544293795, 0.000345333479345, 0.000308408256387, 0.000264599628281, 0.000331643503159, 0.000522468646523, 0.000586065871175, 0.000564245681744, 0.000330182025209, 0.000314344913932, 0.000363810686395, 0.000281998916762, 0.000330870447215, 0.00108006468508, 0.000767387216911, 0.000808357843198, 0.000501294794958, 0.000271744211204, 0.000490106700454, 0.000772333703935, 0.00136371667031, 0.00149829802103, 0.00133392307907, 0.000986816361547, 0.000255633727647, 0.000259208027273, 0.00025820962037, 0.000235292158322, 0.000176452798769, 0.000234679377172, 0.000261865730863, 0.000175360240974, 0.000188024554518, 0.000104224127426, 0.000187540164916, 0.00029476149939, 0.000343936379068, 0.000511768215802, 0.00028985060635, 0.000271602883004, 0.000137839422678, 0.000114381495223, 0.000261620531091, 0.000290697847959, 0.000112841269583, 8.03167567938e-05, 9.79232790996e-05, 0.00012584264914, 9.00786253624e-05, 0.000115435970656, 4.55808876723e-05, 3.8795369619e-05, 9.12650211831e-05, 0.00015913687821, 4.25639373134e-05, 5.99456398049e-05, 0.000107815372758, 4.29570973211e-05, 4.26033802796e-05, 3.48087996827e-05, 6.85923878336e-05, 4.68202815682e-05, 2.04125371965e-05, 3.5852441215e-05, 2.83348144876e-05, 1.19690294014e-05, 1.21257080536e-05, 1.13549767775e-05, 4.74809985462e-06, 4.15928843722e-06, 4.0722779886e-06, 3.82280313715e-06, 3.24180496136e-06, 3.38654695042e-06, 3.70052725884e-06, 3.33265597874e-06, 3.15356169267e-06, 3.71451733372e-06, 3.58134661838e-06, 3.65254618373e-06, 3.34768651555e-06, 3.82557664125e-06, 4.73056661576e-06, 5.9027847783e-06, 4.18293484472e-06, 3.14818248626e-06, 3.26042481902e-06, 2.37666745306e-06, 2.5416486551e-06, 2.05350647775e-06, 2.22810331252e-06, 2.4196792765e-06, 2.2219649054e-06, 1.86429815585e-06, 1.55746306518e-06, 1.41515420182e-06, 1.58980867582e-06, 9.61599994298e-07, 1.98826342057e-07, 1.15809246637e-08, 2.67636385276e-10, 2.45650860764e-10, 2.26455215691e-10, 2.12076106676e-10, 1.99224609032e-10, 1.89252530314e-10, 1.80624959434e-10, 1.71637995483e-10, 1.6450035778e-10, 1.58736301881e-10, 1.53069501518e-10, 1.46876691365e-10, 1.42978490159e-10, 1.38912770176e-10, 1.3620235495e-10, 1.33053706941e-10, 1.30527255671e-10, 1.28716051706e-10, 1.27768226554e-10, 1.26779906018e-10]
    },
    "mfcc": {
        "mean": [-603.421020508, 97.2592697144, -7.33285427094, 23.9660148621, 8.59053897858, 8.2533826828, 9.7011013031, 6.88757944107, 0.619116604328, 10.4266862869, -5.65576887131, -5.01471185684, -0.430707246065],
        "cov": [[859.206970215, -41.0774345398, -18.7052326202, -20.7224006653, 5.21256351471, 6.37689733505, 26.1406917572, -23.81067276, -28.3940086365, 42.684337616, 33.0692367554, -13.2419557571, 14.8982954025], [-41.0774345398, 400.121887207, 21.4348545074, -0.217029944062, 66.7997741699, 67.8777389526, 82.545539856, 25.5933513641, -4.75726366043, 14.0318956375, 14.8185911179, -0.0302482489496, 32.6494102478], [-18.7052326202, 21.4348545074, 566.473999023, 143.512573242, 83.9867477417, 89.8683624268, -87.5774536133, 6.40573120117, 1.56580042839, -3.98414349556, 63.7109832764, 68.1714096069, -0.894779503345], [-20.7224006653, -0.217029944062, 143.512573242, 260.375793457, 125.145591736, -25.4502334595, -42.0474395752, 39.7146186829, 18.6942996979, -20.3675727844, 8.9783039093, 55.4431190491, 20.5356369019], [5.21256351471, 66.7997741699, 83.9867477417, 125.145591736, 214.193756104, 1.72183799744, 0.864305317402, 37.0070838928, 11.2857952118, -8.06411933899, 31.5851173401, 41.5389900208, 38.1745796204], [6.37689733505, 67.8777389526, 89.8683624268, -25.4502334595, 1.72183799744, 188.271087646, 102.661849976, 13.1390161514, -12.5919713974, 41.9936904907, 3.30242228508, -14.5473060608, -3.85426855087], [26.1406917572, 82.545539856, -87.5774536133, -42.0474395752, 0.864305317402, 102.661849976, 262.311309814, 60.9043807983, -2.0810046196, 50.9510612488, -26.6546325684, -54.280632019, 31.4029388428], [-23.81067276, 25.5933513641, 6.40573120117, 39.7146186829, 37.0070838928, 13.1390161514, 60.9043807983, 124.346038818, 57.4329414368, 11.4703226089, -16.8696479797, 2.18013620377, 20.8191776276], [-28.3940086365, -4.75726366043, 1.56580042839, 18.6942996979, 11.2857952118, -12.5919713974, -2.0810046196, 57.4329414368, 102.617797852, 29.1138725281, -22.2145214081, -3.41187357903, 3.83467483521], [42.684337616, 14.0318956375, -3.98414349556, -20.3675727844, -8.06411933899, 41.9936904907, 50.9510612488, 11.4703226089, 29.1138725281, 101.177970886, 28.4604969025, -23.562253952, -4.48527002335], [33.0692367554, 14.8185911179, 63.7109832764, 8.9783039093, 31.5851173401, 3.30242228508, -26.6546325684, -16.8696479797, -22.2145214081, 28.4604969025, 101.082099915, 38.2452659607, -0.952874243259], [-13.2419557571, -0.0302482489496, 68.1714096069, 55.4431190491, 41.5389900208, -14.5473060608, -54.280632019, 2.18013620377, -3.41187357903, -23.562253952, 38.2452659607, 94.3745651245, 24.8646335602], [14.8982954025, 32.6494102478, -0.894779503345, 20.5356369019, 38.1745796204, -3.85426855087, 31.4029388428, 20.8191776276, 3.83467483521, -4.48527002335, -0.952874243259, 24.8646335602, 70.9016647339]],
        "icov": [[0.00124627107289, 0.000208863333683, 1.27946832436e-05, 4.67295612907e-05, -0.000125761289382, 6.54028917779e-05, -1.35660802698e-05, 0.000107827137981, 0.000454376888229, -0.000605294364505, -0.000241674861172, 0.000286341411993, -0.000492343853693], [0.000208863333683, 0.00301211653277, 2.32788042922e-05, 0.000337983627105, -0.000936737575103, -0.000827116833534, -0.000507251010276, -1.48161361722e-05, -4.75111119158e-05, 0.000332277675625, -0.00063627230702, 0.000401906640036, -0.000966030289419], [1.27946832436e-05, 2.32788042922e-05, 0.00298251165077, -0.00151653215289, 0.000107068226498, -0.00266804150306, 0.00157329742797, -0.000184861070011, -0.000559228181373, 0.000824854010716, -0.00174311606679, 0.000183179960004, -0.000386996223824], [4.67295612907e-05, 0.000337983627105, -0.00151653215289, 0.00702177919447, -0.00352083798498, 0.00180545635521, -6.00109524385e-05, -0.00145624123979, 0.000981527147815, -0.00120092101861, 0.0026928933803, -0.00285099633038, 0.00113660714123], [-0.000125761289382, -0.000936737575103, 0.000107068226498, -0.00352083798498, 0.00805284827948, -0.000595432997216, -3.70097986888e-05, -0.000665514089633, -0.00109455408528, 0.00175094185397, -0.00325405481271, 0.000792662904132, -0.00282919500023], [6.54028917779e-05, -0.000827116833534, -0.00266804150306, 0.00180545635521, -0.000595432997216, 0.0102599598467, -0.00421596132219, 6.31935035926e-05, 0.00244489475153, -0.00387427234091, 0.00302563793957, -0.00263565266505, 0.00312524428591], [-1.35660802698e-05, -0.000507251010276, 0.00157329742797, -6.00109524385e-05, -3.70097986888e-05, -0.00421596132219, 0.00918343756348, -0.00455477694049, 0.00347905117087, -0.00280995480716, 0.000968222564552, 0.00383145408705, -0.00436213612556], [0.000107827137981, -1.48161361722e-05, -0.000184861070011, -0.00145624123979, -0.000665514089633, 6.31935035926e-05, -0.00455477694049, 0.0148828467354, -0.0089928470552, 0.0027628976386, -0.000749902392272, -0.00081689999206, -0.000649842259008], [0.000454376888229, -4.75111119158e-05, -0.000559228181373, 0.000981527147815, -0.00109455408528, 0.00244489475153, 0.00347905117087, -0.0089928470552, 0.0197300761938, -0.0102287791669, 0.00787143502384, -0.00223891669884, 0.000633790914435], [-0.000605294364505, 0.000332277675625, 0.000824854010716, -0.00120092101861, 0.00175094185397, -0.00387427234091, -0.00280995480716, 0.0027628976386, -0.0102287791669, 0.0203975904733, -0.0114679941908, 0.00661546038464, -0.00101818842813], [-0.000241674861172, -0.00063627230702, -0.00174311606679, 0.0026928933803, -0.00325405481271, 0.00302563793957, 0.000968222564552, -0.000749902392272, 0.00787143502384, -0.0114679941908, 0.0206989552826, -0.00986138358712, 0.00383499218151], [0.000286341411993, 0.000401906640036, 0.000183179960004, -0.00285099633038, 0.000792662904132, -0.00263565266505, 0.00383145408705, -0.00081689999206, -0.00223891669884, 0.00661546038464, -0.00986138358712, 0.0214705038816, -0.00856682471931], [-0.000492343853693, -0.000966030289419, -0.000386996223824, 0.00113660714123, -0.00282919500023, 0.00312524428591, -0.00436213612556, -0.000649842259008, 0.000633790914435, -0.00101818842813, 0.00383499218151, -0.00856682471931, 0.0210914388299]]
    },
    "spectral_contrast_coeffs": {
        "max": [-0.513396501541, -0.502463698387, -0.466622173786, -0.594915032387, -0.61697191, -0.695864021778],
        "mean": [-0.75349265337, -0.760596692562, -0.728835105896, -0.769968926907, -0.776482820511, -0.780778169632],
        "min": [-0.895730912685, -0.91122430563, -0.90661072731, -0.891996145248, -0.872307777405, -0.862629055977],
        "stdev": [0.0551290139556, 0.0682625621557, 0.0892686471343, 0.0614823885262, 0.045398183167, 0.0267896912992]
    },
    "spectral_contrast_valleys": {
        "max": [-5.34187030792, -5.19779968262, -5.93081331253, -6.08248090744, -5.95979690552, -7.55040788651],
        "mean": [-6.43505620956, -6.79358196259, -7.19030761719, -7.15196228027, -6.97725486755, -9.5204334259],
        "min": [-10.0081329346, -8.39405727386, -8.61841201782, -8.55547904968, -8.81404685974, -11.1122102737],
        "stdev": [0.700630068779, 0.536824762821, 0.459162026644, 0.394095659256, 0.339499771595, 0.434923887253]
    }
},
"rhythm": {
    "beats_count": 65,
    "beats_loudness": {
        "max": 0.0653804540634,
        "mean": 0.0450531281531,
        "min": 0.0131890606135,
        "stdev": 0.0110796932131
    },
    "bpm": 120.298568726,
    "bpm_histogram_first_peak_bpm": 120,
    "bpm_histogram_first_peak_weight": 0.354838728905,
    "bpm_histogram_second_peak_bpm": 126,
    "bpm_histogram_second_peak_spread": 0.5,
    "bpm_histogram_second_peak_weight": 0.015625,
    "danceability": 1.66439378262,
    "onset_rate": 3.90673804283,
    "beats_loudness_band_ratio": {
        "max": [0.897601366043, 0.33616399765, 0.698945879936, 0.629624545574, 0.364931762218, 0.15229177475],
        "mean": [0.509349584579, 0.0560618080199, 0.104498356581, 0.201603934169, 0.104829728603, 0.05542768538],
        "min": [0.000519392488059, 0.00414141546935, 0.00606288015842, 0.00754596665502, 0.00840536039323, 0.0183040965348],
        "stdev": [0.226680070162, 0.0549812503159, 0.130069196224, 0.170080199838, 0.0896487683058, 0.0309575162828]
    },
    "beats_position": [0.452789098024, 0.917188167572, 1.39319729805, 1.88081634045, 2.36843538284, 2.85605430603, 3.34367346764, 3.85451245308, 4.34213161469, 4.841360569, 5.32897949219, 5.8282084465, 6.33904743195, 6.83827638626, 7.33750534058, 7.84834432602, 8.34757328033, 8.84680271149, 9.33442115784, 9.83365058899, 10.3328800201, 10.8437185287, 11.3429479599, 11.8421764374, 12.3414058685, 12.840634346, 13.3398637772, 13.8390922546, 14.3383216858, 14.8375511169, 15.3483896255, 15.8360090256, 16.3352375031, 16.8344669342, 17.3336963654, 17.8329238892, 18.3321533203, 18.8313827515, 19.3422222137, 19.8414516449, 20.3406791687, 20.8399085999, 21.339138031, 21.8383674622, 22.3375968933, 22.8368244171, 23.3360538483, 23.8468933105, 24.3345127106, 24.8453502655, 25.3329696655, 25.8321990967, 26.3314285278, 26.830657959, 27.3182754517, 27.8175048828, 28.3051242828, 28.8159637451, 29.3151912689, 29.8144207001, 30.3136501312, 30.8128795624, 31.3237190247, 31.8229465485, 32.322177887],
