{
"metadata": {
    "version": {
        "essentia": "2.1-beta5",
        "essentia_git_sha": "Undefined",
        "extractor": "music 2.0"
    },
    "audio_properties": {
        "analysis": {
            "equal_loudness": 0,
            "length": 29.001745224,
            "sample_rate": 44100,
            "start_time": 81.2350082397,
            "downmix": "mix"
        },
        "bit_rate": 192000,
        "length": 204.010543823,
        "lossless": 0,
        "number_channels": 2,
        "replay_gain": 2.26605796814,
        "sample_rate": 48000,
        "codec": "mp3",
        "md5_encoded": "7798d66a91c50add9c184dbc440b162e"
    },
    "tags": {
        "file_name": "Denmark_Talking To You_Jakob Sveistrup.mp3",
        "encoding": ["Lavf58.29.100"]
    }
},
"lowlevel": {
    "average_loudness": 0.964458465576,
    "barkbands_crest": {
        "max": 24.7493038177,
        "mean": 10.077457428,
        "min": 3.27232193947,
        "stdev": 3.7395772934
    },
    "barkbands_flatness_db": {
        "max": 0.323491960764,
        "mean": 0.157289013267,
        "min": 0.056672513485,
        "stdev": 0.0427991524339
    },
    "barkbands_kurtosis": {
        "max": 156.710586548,
        "mean": 6.21783494949,
        "min": -1.65780222416,
        "stdev": 11.7811203003
    },
    "barkbands_skewness": {
        "max": 11.74817276,
        "mean": 1.91160213947,
        "min": -1.84682738781,
        "stdev": 1.47606992722
    },
    "barkbands_spread": {
        "max": 74.6457672119,
        "mean": 26.0302181244,
        "min": 1.60332727432,
        "stdev": 13.0583000183
    },
    "dissonance": {
        "max": 0.499957352877,
        "mean": 0.468298226595,
        "min": 0,
        "stdev": 0.0263400673866
    },
    "dynamic_complexity": 2.24199104309,
    "erbbands_crest": {
        "max": 28.4681816101,
        "mean": 8.69332313538,
        "min": 2.37366342545,
        "stdev": 4.63124227524
    },
    "erbbands_flatness_db": {
        "max": 0.264203220606,
        "mean": 0.146533548832,
        "min": 0.0818273723125,
        "stdev": 0.0318831838667
    },
    "erbbands_kurtosis": {
        "max": 16.6259346008,
        "mean": 0.110337242484,
        "min": -1.74365520477,
        "stdev": 1.58282196522
    },
    "erbbands_skewness": {
        "max": 3.36250329018,
        "mean": 0.277654588223,
        "min": -1.4809666872,
        "stdev": 0.634337306023
    },
    "erbbands_spread": {
        "max": 135.224899292,
        "mean": 53.3338508606,
        "min": 8.51094818115,
        "stdev": 24.8453502655
    },
    "hfc": {
        "max": 119.151176453,
        "mean": 27.4046382904,
        "min": 8.97955833352e-05,
        "stdev": 19.25573349
    },
    "loudness_ebu128": {
        "integrated": -24.4455966949,
        "loudness_range": 2.18502998352,
        "momentary": {
            "max": -22.1025905609,
            "mean": -24.700969696,
            "min": -28.7328929901,
            "stdev": 1.55565857887
        },
        "short_term": {
            "max": -23.2943954468,
            "mean": -24.4930820465,
            "min": -26.2174568176,
            "stdev": 0.754416763783
        }
    },
    "melbands_crest": {
        "max": 29.2432937622,
        "mean": 14.4928131104,
        "min": 1.00000047684,
        "stdev": 4.26457214355
    },
    "melbands_flatness_db": {
        "max": 0.409741312265,
        "mean": 0.189763650298,
        "min": 2.93374881721e-07,
        "stdev": 0.0628334134817
    },
    "melbands_kurtosis": {
        "max": 517.184997559,
        "mean": 25.1266670227,
        "min": -1.30297398567,
        "stdev": 36.5090827942
    },
    "melbands_skewness": {
        "max": 17.767370224,
        "mean": 3.56137990952,
        "min": -0.551154196262,
        "stdev": 2.30017948151
    },
    "melbands_spread": {
        "max": 133.25,
        "mean": 23.8245677948,
        "min": 0.950122952461,
        "stdev": 15.4418668747
    },
    "pitch_salience": {
        "max": 0.996097564697,
        "mean": 0.525031268597,
        "min": 0.18524248898,
        "stdev": 0.104840628803
    },
    "silence_rate_20dB": {
        "max": 1,
        "mean": 1,
        "min": 1,
        "stdev": 0
    },
    "silence_rate_30dB": {
        "max": 1,
        "mean": 0.999200642109,
        "min": 0,
        "stdev": 0.0282617770135
    },
    "silence_rate_60dB": {
        "max": 1,
        "mean": 0.000799360510428,
        "min": 0,
        "stdev": 0.0282616615295
    },
    "spectral_centroid": {
        "max": 11025.03125,
        "mean": 1430.56091309,
        "min": 265.422393799,
        "stdev": 622.708129883
    },
    "spectral_complexity": {
        "max": 54,
        "mean": 19.0743408203,
        "min": 0,
        "stdev": 8.97801685333
    },
    "spectral_decrease": {
        "max": 4.75516767631e-29,
        "mean": -9.0912974926e-09,
        "min": -3.28867457711e-08,
        "stdev": 4.68911176554e-09
    },
    "spectral_energy": {
        "max": 0.126253917813,
        "mean": 0.0367983467877,
        "min": 8.14470002553e-09,
        "stdev": 0.0187230501324
    },
    "spectral_energyband_high": {
        "max": 0.00866562500596,
        "mean": 0.00159067788627,
        "min": 5.91188831223e-09,
        "stdev": 0.00134861213155
    },
    "spectral_energyband_low": {
        "max": 0.0956793949008,
        "mean": 0.0178879126906,
        "min": 5.56224961923e-11,
        "stdev": 0.0131621351466
    },
    "spectral_energyband_middle_high": {
        "max": 0.0655597597361,
        "mean": 0.00735223293304,
        "min": 1.19191201353e-09,
        "stdev": 0.00851956848055
    },
    "spectral_energyband_middle_low": {
        "max": 0.0797616168857,
        "mean": 0.0123142134398,
        "min": 2.46328263342e-10,
        "stdev": 0.0104593997821
    },
    "spectral_entropy": {
        "max": 10.0013341904,
        "mean": 7.83439874649,
        "min": 6.62442827225,
        "stdev": 0.285884767771
    },
    "spectral_flux": {
        "max": 0.265450745821,
        "mean": 0.0905554369092,
        "min": 0.0183453951031,
        "stdev": 0.0455995798111
    },
    "spectral_kurtosis": {
        "max": 8.10315704346,
        "mean": 1.42054963112,
        "min": -1.20000219345,
        "stdev": 1.09233129025
    },
    "spectral_rms": {
        "max": 0.0110984034836,
        "mean": 0.00577837042511,
        "min": 2.81887378151e-06,
        "stdev": 0.00158469460439
    },
    "spectral_rolloff": {
        "max": 18755.4199219,
        "mean": 1355.23095703,
        "min": 86.1328125,
        "stdev": 1327.94165039
    },
    "spectral_skewness": {
        "max": 2.38324999809,
        "mean": 1.05653703213,
        "min": 1.83200415118e-16,
        "stdev": 0.282056719065
    },
    "spectral_spread": {
        "max": 40596008,
        "mean": 5582110.5,
        "min": 2701923.5,
        "stdev": 1397276.5
    },
    "spectral_strongpeak": {
        "max": 9.13209247589,
        "mean": 0.891576468945,
        "min": 0,
        "stdev": 1.34106826782
    },
    "zerocrossingrate": {
        "max": 0.16796875,
        "mean": 0.0637490004301,
        "min": 0.00048828125,
        "stdev": 0.0282509569079
    },
    "barkbands": {
        "max": [0.00253964588046, 0.0861879736185, 0.0426968410611, 0.0242052972317, 0.0461579151452, 0.024040190503, 0.0245132558048, 0.0565049648285, 0.0679120272398, 0.0224894080311, 0.0237234011292, 0.0451367124915, 0.0186535995454, 0.0472063757479, 0.0196445491165, 0.0157425943762, 0.00745889684185, 0.00430321227759, 0.0071902484633, 0.00243939249776, 0.00271216826513, 0.00297254160978, 0.00325595168397, 0.0014915795764, 0.00165785884019, 3.20560639011e-06, 3.60700346391e-06],
        "mean": [0.000189409649465, 0.0100042736158, 0.00552375102416, 0.00314669474028, 0.00373293785378, 0.00155255536083, 0.000550990283955, 0.00100862956606, 0.00197796430439, 0.00105756975245, 0.00131804228295, 0.000737154332455, 0.00107221724465, 0.00106597610284, 0.000654950854369, 0.000532328675035, 0.00036513217492, 0.000230883189943, 0.000297749124002, 0.000314674136462, 0.000371019210434, 0.000443978758994, 0.000327399669914, 0.000202442606678, 0.000119466327305, 1.56317511824e-07, 6.25967100376e-09],
        "min": [1.58921417692e-11, 2.38382126538e-11, 1.58921417692e-11, 1.58921417692e-11, 3.97303544231e-11, 3.97303544231e-11, 3.97303544231e-11, 3.97303544231e-11, 5.56224961923e-11, 5.56224961923e-11, 5.56224961923e-11, 7.1514641431e-11, 7.9460715785e-11, 8.74067901391e-11, 1.03298938847e-10, 1.19191087555e-10, 1.35083236263e-10, 1.6686753368e-10, 2.0659790545e-10, 2.54274323819e-10, 3.33734928581e-10, 4.05249472868e-10, 4.84710160897e-10, 6.59524101998e-10, 9.21745013649e-10, 2.93400859164e-10, 2.66227567769e-10],
        "stdev": [0.000297857652185, 0.00962741952389, 0.00515996199101, 0.0040424647741, 0.00492921564728, 0.00189346238039, 0.00123504048679, 0.00344263389707, 0.00537510216236, 0.00243684789166, 0.00304411654361, 0.00231723999605, 0.00230884854682, 0.00302600534633, 0.0016871424159, 0.0013149412116, 0.000645666732453, 0.000351526570739, 0.000404276972404, 0.000349252979504, 0.00036053819349, 0.000454370834632, 0.000333309115376, 0.000218015367864, 0.000175876601133, 2.75191638366e-07, 1.23849630995e-07]
    },
    "erbbands": {
        "max": [2.64317798615, 19.4454917908, 51.8095207214, 66.7486190796, 148.240921021, 157.430587769, 191.092788696, 206.896789551, 176.251678467, 479.710174561, 1559.12609863, 2141.34448242, 1249.61376953, 1028.90222168, 993.820983887, 2265.40844727, 1042.32666016, 2111.63208008, 1108.81591797, 823.918273926, 539.91986084, 509.504150391, 144.654373169, 429.404541016, 256.700317383, 132.404373169, 89.0432128906, 130.067932129, 118.368789673, 84.5031356812, 79.2446899414, 66.3695983887, 27.0390529633, 23.3800678253, 9.37034416199, 0.45668554306, 0.0126865087077, 0.00221591535956, 0.000515992112923, 0.000139367533848],
        "mean": [0.244085177779, 2.4075024128, 6.419277668, 9.72539710999, 9.83568668365, 13.098903656, 13.2489871979, 12.4470481873, 7.56769895554, 11.1179056168, 29.0285453796, 52.8288002014, 32.7894859314, 42.5706977844, 45.7315597534, 36.0691642761, 51.6439361572, 55.6491165161, 43.8675575256, 30.9468326569, 26.5608234406, 19.0118865967, 12.6041498184, 14.0757741928, 15.8889169693, 15.3942537308, 11.0778636932, 18.4695568085, 17.1425285339, 10.6484746933, 8.70120429993, 5.73070144653, 2.81157922745, 1.67244148254, 0.655109524727, 0.0370015613735, 0.00107310642488, 9.12802206585e-05, 3.4058248275e-05, 4.71242456115e-05],
        "min": [8.68738136983e-10, 4.84579132376e-09, 1.63586797441e-08, 3.97080910375e-08, 8.01482045176e-08, 1.42625438571e-07, 2.31976912346e-07, 3.53018180022e-07, 5.10337599735e-07, 7.08388029125e-07, 9.51673428062e-07, 1.2446934079e-06, 1.59195417382e-06, 1.99816167878e-06, 2.46763670475e-06, 3.00485362459e-06, 3.61372826774e-06, 4.29765532317e-06, 5.05876278112e-06, 5.89732508161e-06, 6.81056053509e-06, 7.79190668254e-06, 8.82870062924e-06, 9.9004510048e-06, 1.09761012936e-05, 1.20115455502e-05, 1.29468453451e-05, 1.37049119076e-05, 1.41924138006e-05, 1.43043125718e-05, 1.39362464324e-05, 1.30056960188e-05, 1.14833665066e-05, 9.43058512348e-06, 7.03089426679e-06, 4.59059492641e-06, 2.4807770842e-06, 1.00743454823e-06, 2.55237068814e-07, 2.7143210346e-08],
        "stdev": [0.287061363459, 2.23954415321, 5.79791688919, 10.5991888046, 14.4231433868, 17.2562980652, 16.3563804626, 17.6899642944, 11.8904390335, 23.3382434845, 100.400192261, 153.394485474, 77.738609314, 98.2269439697, 105.686264038, 107.824211121, 109.976516724, 140.93977356, 100.013793945, 71.8911132812, 55.879989624, 32.3967971802, 17.4994659424, 23.9137439728, 18.0801887512, 17.2771053314, 11.1360969543, 17.8807525635, 17.7383384705, 11.0415010452, 8.73973274231, 5.93238544464, 3.49677109718, 2.56229448318, 0.916521549225, 0.050551250577, 0.00140312919393, 0.000127381412312, 2.64213904302e-05, 2.30271743931e-05]
    },
    "gfcc": {
        "mean": [22.4290676117, 97.3253173828, -122.022628784, 65.9728851318, -75.1712417603, 38.6069450378, -38.3451309204, 3.43242716789, -19.7572803497, -6.58936595917, -9.60703659058, -14.1811695099, 2.20432662964],
        "cov": [[2121.7019043, -229.570922852, -503.855712891, -149.137893677, -122.00151062, 197.122055054, 46.073551178, 44.2237434387, -65.859046936, 33.5922050476, -73.6629638672, -48.2316360474, -51.7032585144], [-229.570922852, 485.139892578, 170.330444336, 23.0673561096, 129.613891602, 16.8843460083, 104.894638062, -26.3600845337, 101.204666138, -9.1428527832, 69.1153335571, -39.1317749023, 47.0643196106], [-503.855712891, 170.330444336, 716.334777832, 303.493560791, 81.6792144775, 8.85532569885, 7.13564825058, 55.7566642761, 101.163352966, 65.8448028564, 17.2897834778, 54.0005493164, 43.0748672485], [-149.137893677, 23.0673561096, 303.493560791, 309.516174316, 108.414161682, -22.5049133301, -13.3466339111, 42.7692985535, 102.875411987, 17.3207073212, -6.58507347107, 44.2560424805, 46.9655838013], [-122.00151062, 129.613891602, 81.6792144775, 108.414161682, 205.124710083, 71.5813598633, 53.1535568237, 31.102771759, 76.5089187622, -8.1617269516, 33.7429275513, 0.367663353682, 43.8734474182], [197.122055054, 16.8843460083, 8.85532569885, -22.5049133301, 71.5813598633, 218.362625122, 145.814910889, 19.3887996674, -20.6029720306, 24.3050575256, 52.1189575195, -7.41680002213, -5.70307922363], [46.073551178, 104.894638062, 7.13564825058, -13.3466339111, 53.1535568237, 145.814910889, 213.361877441, 26.4721775055, -11.3761177063, 21.6972370148, 70.0156784058, -8.05638599396, -4.837870121], [44.2237434387, -26.3600845337, 55.7566642761, 42.7692985535, 31.102771759, 19.3887996674, 26.4721775055, 95.7115707397, 54.7958259583, 19.061170578, -2.79771113396, 5.26910972595, 7.84447479248], [-65.859046936, 101.204666138, 101.163352966, 102.875411987, 76.5089187622, -20.6029720306, -11.3761177063, 54.7958259583, 178.506134033, 25.2347164154, -21.5869598389, -17.4166698456, 41.5126113892], [33.5922050476, -9.1428527832, 65.8448028564, 17.3207073212, -8.1617269516, 24.3050575256, 21.6972370148, 19.061170578, 25.2347164154, 77.0175018311, 20.6491508484, 9.34045314789, -7.40199279785], [-73.6629638672, 69.1153335571, 17.2897834778, -6.58507347107, 33.7429275513, 52.1189575195, 70.0156784058, -2.79771113396, -21.5869598389, 20.6491508484, 95.1204681396, 15.5969591141, -4.97764158249], [-48.2316360474, -39.1317749023, 54.0005493164, 44.2560424805, 0.367663353682, -7.41680002213, -8.05638599396, 5.26910972595, -17.4166698456, 9.34045314789, 15.5969591141, 66.8453979492, 19.5282268524], [-51.7032585144, 47.0643196106, 43.0748672485, 46.9655838013, 43.8734474182, -5.70307922363, -4.837870121, 7.84447479248, 41.5126113892, -7.40199279785, -4.97764158249, 19.5282268524, 69.1317596436]],
        "icov": [[0.00114069972187, -0.00155881280079, 0.00193459715229, -0.002136252122, 0.00203012349084, -0.00298204645514, 0.00178366608452, -0.00211223238148, 0.00138192542363, -0.00157550396398, 0.0017277461011, -6.04168671998e-05, 0.000133282184834], [-0.00155881280079, 0.00977423228323, -0.00607341434807, 0.00767517322674, -0.00662031257525, 0.00866657588631, -0.00790206808597, 0.00896095950156, -0.00713811069727, 0.0052977479063, -0.00644883839414, 0.00338784419, -0.00247115036473], [0.00193459715229, -0.00607341434807, 0.00746012246236, -0.0084572872147, 0.00576854357496, -0.00754901906475, 0.00572426943108, -0.00658421032131, 0.00480958865955, -0.00548621360213, 0.00421125860885, -0.00143699976616, 0.000776558357757], [-0.002136252122, 0.00767517322674, -0.0084572872147, 0.0154533199966, -0.00977219454944, 0.0101216714829, -0.00746302306652, 0.00800407491624, -0.00819655321538, 0.00542731722817, -0.00358744990081, -0.00273249577731, -0.000428847648436], [0.00203012349084, -0.00662031257525, 0.00576854357496, -0.00977219454944, 0.016344293952, -0.011810535565, 0.00692344363779, -0.00746573507786, 0.00178859510925, 4.56367670267e-05, 0.000226203614147, 0.000449292507255, -0.00212514167652], [-0.00298204645514, 0.00866657588631, -0.00754901906475, 0.0101216714829, -0.011810535565, 0.0209372863173, -0.0138360178098, 0.0086804125458, -0.00410344451666, 0.00274421600625, -0.0053972392343, 0.00256799277849, -0.00138975121081], [0.00178366608452, -0.00790206808597, 0.00572426943108, -0.00746302306652, 0.00692344363779, -0.0138360178098, 0.0173042304814, -0.0100617762655, 0.00628243340179, -0.00423994287848, -7.99518056738e-06, 0.000303584325593, 0.000721652177162], [-0.00211223238148, 0.00896095950156, -0.00658421032131, 0.00800407491624, -0.00746573507786, 0.0086804125458, -0.0100617762655, 0.023329872638, -0.0117085967213, 0.004416200798, -0.00377972493879, -0.00129151041619, 0.000683643680532], [0.00138192542363, -0.00713811069727, 0.00480958865955, -0.00819655321538, 0.00178859510925, -0.00410344451666, 0.00628243340179, -0.0117085967213, 0.0188560783863, -0.0102578261867, 0.00677400035784, 0.00574147002771, -0.00479583395645], [-0.00157550396398, 0.0052977479063, -0.00548621360213, 0.00542731722817, 4.56367670267e-05, 0.00274421600625, -0.00423994287848, 0.004416200798, -0.0102578261867, 0.0233298577368, -0.00878034718335, -0.00253766076639, 0.00308812572621], [0.0017277461011, -0.00644883839414, 0.00421125860885, -0.00358744990081, 0.000226203614147, -0.0053972392343, -7.99518056738e-06, -0.00377972493879, 0.00677400035784, -0.00878034718335, 0.0231787394732, -0.00747505528852, 0.00410788273439], [-6.04168671998e-05, 0.00338784419, -0.00143699976616, -0.00273249577731, 0.000449292507255, 0.00256799277849, 0.000303584325593, -0.00129151041619, 0.00574147002771, -0.00253766076639, -0.00747505528852, 0.02723162435, -0.0114553105086], [0.000133282184834, -0.00247115036473, 0.000776558357757, -0.000428847648436, -0.00212514167652, -0.00138975121081, 0.000721652177162, 0.000683643680532, -0.00479583395645, 0.00308812572621, 0.00410788273439, -0.0114553105086, 0.0240037329495]]
    },
    "melbands": {
        "max": [0.0233278032392, 0.0226717367768, 0.00925457756966, 0.0114409634843, 0.00770067516714, 0.00404486106709, 0.00307244667783, 0.00437150057405, 0.0119890784845, 0.0133730405942, 0.00606335420161, 0.00399059057236, 0.00357428961433, 0.00398557260633, 0.00373588944785, 0.00218288833275, 0.00488877762109, 0.00163910794072, 0.00088891107589, 0.00147237023339, 0.000893601449206, 0.00049535772996, 0.000254380807746, 0.000201610120712, 0.000367480417481, 0.000312593678245, 0.000127360050101, 7.9816149082e-05, 4.66064520879e-05, 7.21028336557e-05, 8.09492194094e-05, 7.31735563022e-05, 7.62982235756e-05, 4.83721159981e-05, 4.76710374642e-05, 9.34346680879e-05, 2.61736640823e-05, 1.86062279681e-05, 2.45671089942e-05, 1.98696434381e-05],
        "mean": [0.00252125528641, 0.00330238812603, 0.00160722876899, 0.000838771404233, 0.000488775258418, 0.000274088029983, 0.000115374510642, 0.000124590966152, 0.000259454303887, 0.000322923908243, 0.000151637708768, 0.000163992983289, 0.000178446178325, 8.02410650067e-05, 0.000101846162579, 0.00011075373186, 0.000104100428871, 7.39191964385e-05, 4.41857337137e-05, 4.04908860219e-05, 3.0403247365e-05, 2.17421675188e-05, 1.33902995003e-05, 9.84464531939e-06, 1.15213078971e-05, 1.10874671009e-05, 1.26263503262e-05, 9.24895448406e-06, 5.92878132011e-06, 8.53123037814e-06, 1.15879538498e-05, 1.0340470908e-05, 7.27419728719e-06, 5.45117063666e-06, 5.02558577864e-06, 4.58054273622e-06, 3.18748789141e-06, 1.99918213184e-06, 1.62663195624e-06, 1.35534492074e-06],
        "min": [7.94607088461e-12, 7.94607175197e-12, 7.94607088461e-12, 7.94607175197e-12, 7.94607088461e-12, 7.94607088461e-12, 7.94607088461e-12, 7.94607088461e-12, 7.94607175197e-12, 7.94607088461e-12, 7.94607175197e-12, 7.94607088461e-12, 7.94607088461e-12, 7.94607088461e-12, 7.94607001725e-12, 7.94607088461e-12, 7.94607001725e-12, 7.94606914989e-12, 7.94607088461e-12, 7.94607088461e-12, 7.94607175197e-12, 7.94607088461e-12, 7.94606828253e-12, 7.94607088461e-12, 7.94607001725e-12, 7.94607175197e-12, 7.94607001725e-12, 7.94607088461e-12, 7.94607088461e-12, 7.94606828253e-12, 7.94607261934e-12, 7.94607088461e-12, 7.9460734867e-12, 7.94607175197e-12, 7.94607175197e-12, 7.94607261934e-12, 7.94607088461e-12, 7.94607175197e-12, 7.94607088461e-12, 7.94607175197e-12],
        "stdev": [0.00261034350842, 0.00253033381887, 0.00152825447731, 0.00115337467287, 0.000594012264628, 0.00036566532799, 0.000199302041437, 0.000243849921389, 0.000849751231726, 0.000963919854257, 0.000387363979826, 0.000397993717343, 0.000423101475462, 0.000236439125729, 0.000225130163017, 0.000244577007834, 0.000303802371491, 0.000174687054823, 0.000102909390989, 0.00011433189502, 7.117408677e-05, 3.88638800359e-05, 2.2605412596e-05, 1.52686916408e-05, 2.12494542211e-05, 1.55020643433e-05, 1.49025563587e-05, 1.08406202344e-05, 6.36303593637e-06, 9.02915689949e-06, 1.15756720334e-05, 1.10545634016e-05, 8.44124861032e-06, 5.91784919379e-06, 5.24549932379e-06, 5.33640150024e-06, 3.5012335502e-06, 2.43706563197e-06, 2.73086425295e-06, 2.06284744309e-06]
    },
    "melbands128": {
        "max": [0.00252501503564, 0.0215543247759, 0.0378620810807, 0.0351688042283, 0.0311480537057, 0.0170574523509, 0.016972694546, 0.0102115450427, 0.0196803249419, 0.0173778254539, 0.0122024537995, 0.0172449592501, 0.00777833769098, 0.00900570023805, 0.00693846400827, 0.00382956163958, 0.00319250603206, 0.00350839691237, 0.00919130071998, 0.00706139346585, 0.00216053030454, 0.0128963617608, 0.0222199596465, 0.012916344218, 0.0230911057442, 0.0163235906512, 0.0111383143812, 0.00826534163207, 0.00673534814268, 0.00617937976494, 0.0087267216295, 0.00481777172536, 0.00735607882962, 0.00714673055336, 0.00397305237129, 0.00867861323059, 0.0133190881461, 0.00275423028506, 0.00339421466924, 0.00565183535218, 0.00399467069656, 0.00491376360878, 0.00480408314615, 0.0121648879722, 0.00288837892003, 0.00272304262035, 0.0044031245634, 0.00161404756363, 0.00189414643683, 0.0022465873044, 0.00298427697271, 0.00203772983514, 0.00102560315281, 0.00241406215355, 0.000882327265572, 0.000606637098826, 0.00138148770202, 0.000473445717944, 0.000399147626013, 0.000160407362273, 0.000205799355172, 0.000448441656772, 0.000554676575121, 0.00031818379648, 0.000584942870773, 0.000437930051703, 0.000242714071646, 0.000215291787754, 0.000252847210504, 0.000272955017863, 0.000115677525173, 9.34082199819e-05, 7.84756120993e-05, 6.66028281557e-05, 8.58917919686e-05, 7.00587115716e-05, 0.000104344784631, 9.92176064756e-05, 0.000110938359285, 0.000133864756208, 8.97611607797e-05, 0.00011548242037, 9.67566811596e-05, 0.000141385724419, 6.36673648842e-05, 7.72327039158e-05, 5.1935614465e-05, 5.19310451637e-05, 6.05780405749e-05, 7.1113499871e-05, 7.12585970177e-05, 0.000210192854865, 3.69076005882e-05, 3.16820696753e-05, 4.57493697468e-05, 2.69914307864e-05, 3.1559557101e-05, 2.41937268584e-05, 4.15295289713e-05, 4.08291780332e-05, 2.22025919356e-05, 2.83652734652e-05, 2.31714220718e-05, 2.82834444079e-05, 1.40512165672e-05, 8.90632418304e-06, 2.03043532565e-06, 1.30641538476e-07, 2.11967154939e-08, 2.05878816217e-08, 2.00478194046e-08, 1.9597479195e-08, 1.91051441334e-08, 1.85488602256e-08, 1.79892047925e-08, 1.76524554973e-08, 1.70587206583e-08, 1.66615983233e-08, 1.62305600071e-08, 1.59041118053e-08, 1.55967665449e-08, 1.52732884118e-08, 1.50317074343e-08, 1.48564414104e-08, 1.46611069951e-08, 1.45072931446e-08, 1.43593181789e-08, 1.43005722819e-08],
        "mean": [0.000175381966983, 0.00160362303723, 0.00363814318553, 0.00405500736088, 0.00355543312617, 0.00251594069414, 0.00217924127355, 0.00122004689183, 0.000904175802134, 0.000960569421295, 0.000704787787981, 0.000540548353456, 0.000467150559416, 0.000359960773494, 0.000337266013958, 0.000189577665878, 0.000115825583634, 9.83678401099e-05, 0.000115654474939, 0.000128665575176, 0.000106749706902, 0.000168910686625, 0.000332246476319, 0.000239261862589, 0.000443055469077, 0.00031235939241, 0.000146710837726, 0.000161612348165, 0.000118273026601, 0.000145546306157, 0.000182422998478, 0.000190208316781, 0.000244595197728, 0.0001147521034, 4.74688058603e-05, 7.50768740545e-05, 0.000127898936626, 7.07119033905e-05, 0.000111963767267, 0.000140655509313, 9.17958968785e-05, 0.000104619422927, 9.73854839685e-05, 0.000124195925309, 7.77701643528e-05, 6.02660729783e-05, 7.68663012423e-05, 3.74707342417e-05, 3.2382486097e-05, 4.52571475762e-05, 4.8074303777e-05, 2.93522862194e-05, 2.27770433412e-05, 3.79999873985e-05, 3.16844234476e-05, 1.91395793081e-05, 1.36903781822e-05, 1.41980517583e-05, 1.42574344864e-05, 9.91355773294e-06, 8.61762600834e-06, 1.01314562926e-05, 1.16870951388e-05, 1.14005042633e-05, 1.29285963339e-05, 9.44127532421e-06, 1.13179467007e-05, 1.23994168462e-05, 1.18885218399e-05, 1.5104117665e-05, 9.89408817986e-06, 6.06992352914e-06, 5.68172526982e-06, 5.53646896151e-06, 6.87571036906e-06, 7.10365657142e-06, 1.00746719909e-05, 1.10889477583e-05, 1.17826866699e-05, 1.24713260448e-05, 1.01492860267e-05, 1.0455312804e-05, 8.47823139338e-06, 7.49369701225e-06, 5.16592035638e-06, 6.0003217186e-06, 5.17100716024e-06, 5.28832151758e-06, 5.22007030668e-06, 4.30125737694e-06, 5.67106553717e-06, 4.58248996438e-06, 3.0249880183e-06, 3.39688381246e-06, 3.24880852531e-06, 2.07101425076e-06, 1.84386772162e-06, 1.60343927291e-06, 1.69500128777e-06, 1.67870803125e-06, 1.28283068079e-06, 1.41061570957e-06, 1.28002932342e-06, 9.48799879552e-07, 8.25125198389e-07, 5.92479068473e-07, 1.41192813885e-07, 6.86316914411e-09, 3.51069243121e-11, 3.29785053432e-11, 3.28958527085e-11, 3.31273584953e-11, 3.35179696498e-11, 3.31695018674e-11, 3.15418698105e-11, 3.06715867981e-11, 2.95185161037e-11, 2.90600356279e-11, 2.84484952956e-11, 2.76654931602e-11, 2.71751961212e-11, 2.66742010424e-11, 2.63271279777e-11, 2.59319388879e-11, 2.52163984138e-11, 2.43098562114e-11, 2.37238059059e-11, 2.35694675582e-11],
        "min": [7.94607088461e-12, 7.94607001725e-12, 7.94607088461e-12, 7.94607088461e-12, 7.94607088461e-12, 7.94607088461e-12, 7.94607088461e-12, 7.94607088461e-12, 7.94607001725e-12, 7.94607088461e-12, 7.94607088461e-12, 7.94607088461e-12, 7.94607088461e-12, 7.94607088461e-12, 7.94607175197e-12, 7.94607088461e-12, 7.94607088461e-12, 7.94607088461e-12, 7.94607001725e-12, 7.94607088461e-12, 7.94607175197e-12, 7.94607088461e-12, 7.94607088461e-12, 7.94607088461e-12, 7.94607088461e-12, 7.94607088461e-12, 7.94607088461e-12, 7.94607088461e-12, 7.94607088461e-12, 7.94607088461e-12, 7.94607175197e-12, 7.94607088461e-12, 7.94607088461e-12, 7.94607088461e-12, 7.94607088461e-12, 7.94607088461e-12, 7.94607088461e-12, 7.94607175197e-12, 7.94607088461e-12, 7.94607088461e-12, 7.94607088461e-12, 7.94607088461e-12, 7.94607088461e-12, 7.94607088461e-12, 7.94607088461e-12, 7.94607088461e-12, 7.94607088461e-12, 7.94607088461e-12, 7.94607088461e-12, 7.94607088461e-12, 7.94607088461e-12, 7.94607088461e-12, 7.94607088461e-12, 7.94607001725e-12, 7.94607001725e-12, 7.94607088461e-12, 7.94607001725e-12, 7.94607001725e-12, 7.94607088461e-12, 7.94607088461e-12, 7.94606914989e-12, 7.94607088461e-12, 7.94607175197e-12, 7.94607001725e-12, 7.94607088461e-12, 7.94607088461e-12, 7.94607088461e-12, 7.94607088461e-12, 7.94607088461e-12, 7.94607175197e-12, 7.94607175197e-12, 7.94607175197e-12, 7.94607001725e-12, 7.94607175197e-12, 7.94607088461e-12, 7.94607088461e-12, 7.94607175197e-12, 7.94606914989e-12, 7.94607175197e-12, 7.94607088461e-12, 7.94607088461e-12, 7.94607088461e-12, 7.94607088461e-12, 7.94607088461e-12, 7.94607001725e-12, 7.94607175197e-12, 7.94607001725e-12, 7.94607175197e-12, 7.94607001725e-12, 7.94607175197e-12, 7.94607088461e-12, 7.94607001725e-12, 7.94607001725e-12, 7.94607001725e-12, 7.94607001725e-12, 7.94607175197e-12, 7.94607175197e-12, 7.94607088461e-12, 7.94607001725e-12, 7.94607261934e-12, 7.94607261934e-12, 7.94607175197e-12, 7.94607088461e-12, 7.94607001725e-12, 7.94607088461e-12, 7.94607175197e-12, 7.94607175197e-12, 7.87228789101e-12, 7.7850985207e-13, 7.49043676477e-13, 7.73292725426e-13, 7.88456756481e-13, 9.42095793738e-13, 7.39112926678e-13, 7.16902665704e-13, 7.96117186931e-13, 7.53256344018e-13, 8.22225642606e-13, 8.11952664392e-13, 9.78534310872e-13, 7.39452607219e-13, 6.72420886333e-13, 7.86205031199e-13, 7.49237857086e-13, 5.74682825199e-13, 2.42081691065e-13, 2.68430737978e-14, 9.9827025647e-16],
        "stdev": [0.000286222551949, 0.00225245533511, 0.00425851903856, 0.00389204453677, 0.00350259267725, 0.00223102490418, 0.00271834991872, 0.0014697680017, 0.00177371664904, 0.0016527621774, 0.00106857914943, 0.00102811679244, 0.000690241402481, 0.00052622880321, 0.000598402286414, 0.000336000550305, 0.000245908624493, 0.000221833077376, 0.000413039961131, 0.000341422419297, 0.000201378308702, 0.000706961087417, 0.00149036070798, 0.000708355335519, 0.0015582164051, 0.00121147453319, 0.000603263673838, 0.000498231151141, 0.000462592142867, 0.000476181361591, 0.000668789551128, 0.000543756526895, 0.000726479047444, 0.000451855012216, 0.000189780039364, 0.000343173509464, 0.000561271095648, 0.000212398183066, 0.000324758468196, 0.00047318675206, 0.000321533472743, 0.000351802416844, 0.000312204298098, 0.000652274349704, 0.000232480306295, 0.000182433534064, 0.000297033897368, 0.000114979477075, 0.000116387236631, 0.000163697826792, 0.000188102174434, 0.000111552377348, 6.93792608217e-05, 0.000146834019688, 7.24087367416e-05, 4.78886468045e-05, 4.85748751089e-05, 3.03643264488e-05, 2.83483732346e-05, 1.71340216184e-05, 1.56301211973e-05, 2.20110123337e-05, 3.31505907525e-05, 2.59681946773e-05, 2.59875305346e-05, 1.97911249415e-05, 1.81701871043e-05, 1.94328113139e-05, 1.97651606868e-05, 2.53499565588e-05, 1.48661483763e-05, 8.48480885907e-06, 7.07445951775e-06, 7.26369262338e-06, 9.37102686294e-06, 8.53561232361e-06, 1.23606978377e-05, 1.30998814711e-05, 1.35207765197e-05, 1.54458721227e-05, 1.26175646074e-05, 1.3076043615e-05, 1.01720097518e-05, 1.15170105346e-05, 6.20048149358e-06, 7.96492167865e-06, 5.79871220907e-06, 6.13590191278e-06, 6.2719059315e-06, 5.13023223903e-06, 6.9891966632e-06, 7.89839759818e-06, 3.35794970852e-06, 4.05125865655e-06, 4.59938701169e-06, 2.79022538052e-06, 2.56371799878e-06, 2.53072562373e-06, 3.13623172588e-06, 3.25410769619e-06, 2.07097741622e-06, 2.29906027016e-06, 1.9179890387e-06, 1.64308562489e-06, 1.23283712128e-06, 8.89627983724e-07, 2.1545031359e-07, 1.13136593427e-08, 6.47432496503e-10, 6.48744669096e-10, 6.46280973182e-10, 6.40549224773e-10, 6.31859176092e-10, 6.19751694408e-10, 6.05689998157e-10, 5.96349025717e-10, 5.79910175436e-10, 5.6834120743e-10, 5.55661183732e-10, 5.44864819929e-10, 5.36581723498e-10, 5.25790078143e-10, 5.18515896886e-10, 5.12135445163e-10, 5.05376018811e-10, 5.01221619764e-10, 4.96550522922e-10, 4.94517427008e-10]
    },
    "mfcc": {
        "mean": [-604.566162109, 96.8294677734, 20.7396965027, 24.5229988098, 4.81188392639, 21.4695453644, 2.31193685532, 5.9586148262, 1.56482493877, 3.26135134697, -1.91974949837, -2.95795416832, -4.12028455734],
        "cov": [[2296.90771484, -323.314300537, -489.386749268, -345.822784424, -198.707000732, 31.2768306732, 40.25207901, 3.33472847939, -4.43814992905, 58.6406364441, 28.15184021, -48.9425735474, -82.5140991211], [-323.314300537, 450.106262207, 63.0581817627, 1.65413808823, 30.8103504181, 52.8125114441, 49.9568328857, 9.30501461029, 14.1931371689, 32.9409866333, 34.4302825928, 27.1753997803, 0.80978935957], [-489.386749268, 63.0581817627, 547.044067383, 227.445648193, 100.154121399, 47.3423309326, -6.88262748718, 7.43974924088, 65.817489624, 0.50490373373, 26.7730712891, 48.2124557495, 82.9503250122], [-345.822784424, 1.65413808823, 227.445648193, 320.058837891, 139.749694824, -8.88986206055, -87.9417953491, 19.4827232361, 70.0565719604, -3.50960588455, -20.7741165161, 19.4930973053, 75.7613220215], [-198.707000732, 30.8103504181, 100.154121399, 139.749694824, 223.72984314, 21.6910610199, -58.5475921631, 32.2687225342, 73.4521408081, 38.8876304626, -25.5031967163, 12.4413852692, 30.8243961334], [31.2768306732, 52.8125114441, 47.3423309326, -8.88986206055, 21.6910610199, 154.219619751, 100.060165405, 34.5628204346, 18.3969039917, 26.8249397278, 31.1968402863, 18.9064445496, 13.9355926514], [40.25207901, 49.9568328857, -6.88262748718, -87.9417953491, -58.5475921631, 100.060165405, 243.596130371, 63.3289299011, -47.1372070312, 2.40471291542, 57.7978515625, 13.1408700943, -2.92718195915], [3.33472847939, 9.30501461029, 7.43974924088, 19.4827232361, 32.2687225342, 34.5628204346, 63.3289299011, 88.4675216675, 31.4964466095, 16.8523674011, 10.7650651932, 13.4970293045, 18.7502002716], [-4.43814992905, 14.1931371689, 65.817489624, 70.0565719604, 73.4521408081, 18.3969039917, -47.1372070312, 31.4964466095, 126.851249695, 54.1062202454, -4.99405384064, 15.0731468201, 28.7318000793], [58.6406364441, 32.9409866333, 0.50490373373, -3.50960588455, 38.8876304626, 26.8249397278, 2.40471291542, 16.8523674011, 54.1062202454, 107.165115356, 30.9335651398, 10.7178401947, -0.223915278912], [28.15184021, 34.4302825928, 26.7730712891, -20.7741165161, -25.5031967163, 31.1968402863, 57.7978515625, 10.7650651932, -4.99405384064, 30.9335651398, 94.3349380493, 30.123468399, -6.12032985687], [-48.9425735474, 27.1753997803, 48.2124557495, 19.4930973053, 12.4413852692, 18.9064445496, 13.1408700943, 13.4970293045, 15.0731468201, 10.7178401947, 30.123468399, 70.414680481, 35.1579437256], [-82.5140991211, 0.80978935957, 82.9503250122, 75.7613220215, 30.8243961334, 13.9355926514, -2.92718195915, 18.7502002716, 28.7318000793, -0.223915278912, -6.12032985687, 35.1579437256, 88.7710723877]],
        "icov": [[0.000708242296241, 0.000492182385642, 0.000440597883426, 0.000439312250819, 0.000363855418982, -0.000461157673271, 0.000237662417931, -0.000100255303551, -0.000443474593339, -0.000236768624745, -0.000340970116667, 0.00026100865216, -0.000141683587572], [0.000492182385642, 0.00279722339474, 9.65812650975e-05, 0.000365821353626, -0.000148607970914, -0.000660049438011, -0.000346753746271, 0.000462982890895, -0.000395443697926, -0.000591728836298, -0.000389742694097, -0.000587587477639, 0.000407852348872], [0.000440597883426, 9.65812650975e-05, 0.00340027059428, -0.00173134461511, -9.31307222345e-05, -0.000688622822054, -0.000792054401245, 0.00174823519774, -0.00148909469135, 0.000768123543821, -0.0013376751449, -0.000268456235062, -0.00104798469692], [0.000439312250819, 0.000365821353626, -0.00173134461511, 0.00754697434604, -0.00257064052857, 0.000179194510565, 0.00239142635837, -0.00181224115659, -0.000603480206337, 0.00156717468053, -0.0015632994473, 0.00202565127984, -0.00380275119096], [0.000363855418982, -0.000148607970914, -9.31307222345e-05, -0.00257064052857, 0.00842306762934, -0.00195951480418, 0.00195329077542, -0.00288514001295, -0.000548334559426, -0.00281279813498, 0.00279279495589, -0.00106762978248, 0.00146289553959], [-0.000461157673271, -0.000660049438011, -0.000688622822054, 0.000179194510565, -0.00195951480418, 0.0110244713724, -0.0054940674454, 0.00154478440527, -0.00216328678653, -0.000504708383232, -0.000147177095641, -0.000655336712953, -0.00054149661446], [0.000237662417931, -0.000346753746271, -0.000792054401245, 0.00239142635837, 0.00195329077542, -0.0054940674454, 0.0117347510532, -0.00887541286647, 0.00533314468339, -3.9722854126e-05, -0.00338120339438, 0.00177780911326, -0.00129437970463], [-0.000100255303551, 0.000462982890895, 0.00174823519774, -0.00181224115659, -0.00288514001295, 0.00154478440527, -0.00887541286647, 0.0210591591895, -0.00695410463959, 0.000925938773435, 0.000391599285649, -0.0013802042231, -0.00133907748386], [-0.000443474593339, -0.000395443697926, -0.00148909469135, -0.000603480206337, -0.000548334559426, -0.00216328678653, 0.00533314468339, -0.00695410463959, 0.0167602095753, -0.00688943685964, 0.00191168498714, -0.00061430450296, -0.00139433296863], [-0.000236768624745, -0.000591728836298, 0.000768123543821, 0.00156717468053, -0.00281279813498, -0.000504708383232, -3.9722854126e-05, 0.000925938773435, -0.00688943685964, 0.0158426333219, -0.00626476621255, 0.00136701599695, -0.000114418842713], [-0.000340970116667, -0.000389742694097, -0.0013376751449, -0.0015632994473, 0.00279279495589, -0.000147177095641, -0.00338120339438, 0.000391599285649, 0.00191168498714, -0.00626476621255, 0.019057393074, -0.00890955328941, 0.00533793214709], [0.00026100865216, -0.000587587477639, -0.000268456235062, 0.00202565127984, -0.00106762978248, -0.000655336712953, 0.00177780911326, -0.0013802042231, -0.00061430450296, 0.00136701599695, -0.00890955328941, 0.0232765562832, -0.0100369313732], [-0.000141683587572, 0.000407852348872, -0.00104798469692, -0.00380275119096, 0.00146289553959, -0.00054149661446, -0.00129437970463, -0.00133907748386, -0.00139433296863, -0.000114418842713, 0.00533793214709, -0.0100369313732, 0.0199655927718]]
    },
    "spectral_contrast_coeffs": {
        "max": [-0.477874010801, -0.469655573368, -0.53146135807, -0.561850070953, -0.676242411137, -0.656605303288],
        "mean": [-0.71144837141, -0.756600022316, -0.756466627121, -0.780008196831, -0.800610661507, -0.747013866901],
        "min": [-1, -1, -1, -1, -1, -1],
        "stdev": [0.06262627244, 0.0668585076928, 0.0770815461874, 0.0636031776667, 0.0372051894665, 0.0351126529276]
    },
    "spectral_contrast_valleys": {
        "max": [-4.92030382156, -5.10535860062, -5.58814334869, -5.81387519836, -6.02020215988, -7.85097646713],
        "mean": [-6.17732667923, -6.72925567627, -7.30156421661, -7.4168381691, -7.25977325439, -9.35108566284],
        "min": [-15.2692232132, -15.2692232132, -15.2692232132, -15.2692232132, -15.2692232132, -15.2692213058],
        "stdev": [0.615646600723, 0.540501534939, 0.608555436134, 0.569950640202, 0.543640077114, 0.562014639378]
    }
},
"rhythm": {
    "beats_count": 83,
    "beats_loudness": {
        "max": 0.124750711024,
        "mean": 0.0407232791185,
        "min": 0.0106733804569,
        "stdev": 0.0200810208917
    },
    "bpm": 172.265533447,
    "bpm_histogram_first_peak_bpm": 172,
    "bpm_histogram_first_peak_weight": 0,
    "bpm_histogram_second_peak_bpm": 178,
    "bpm_histogram_second_peak_spread": 0,
    "bpm_histogram_second_peak_weight": 0.280487805605,
    "danceability": 1.12705242634,
    "onset_rate": 4.03101587296,
    "beats_loudness_band_ratio": {
        "max": [0.975387394428, 0.508217871189, 0.536414802074, 0.597629189491, 0.369986116886, 0.270860165358],
        "mean": [0.484749078751, 0.135253474116, 0.106867998838, 0.146821752191, 0.0869369357824, 0.0867274999619],
        "min": [0.0240426752716, 0.0144985299557, 0.00375647260807, 0.00115625385661, 0.00192914705258, 0.00839264504611],
        "stdev": [0.242615059018, 0.104748375714, 0.113002367318, 0.147409707308, 0.0891575887799, 0.0629360973835]
    },
