{
"metadata": {
    "version": {
        "essentia": "2.1-beta5",
        "essentia_git_sha": "Undefined",
        "extractor": "music 2.0"
    },
    "audio_properties": {
        "analysis": {
            "equal_loudness": 0,
            "length": 12.7477550507,
            "sample_rate": 44100,
            "start_time": 0,
            "downmix": "mix"
        },
        "bit_rate": 192000,
        "length": 192.098693848,
        "lossless": 0,
        "number_channels": 2,
        "replay_gain": -0.110082626343,
        "sample_rate": 48000,
        "codec": "mp3",
        "md5_encoded": "475473680518fd0627a3c335054a9da5"
    },
    "tags": {
        "file_name": "Turkey_Rimi Rimi Ley_Gülseren.mp3",
        "encoding": ["Lavf58.29.100"]
    }
},
"lowlevel": {
    "average_loudness": 0.878536939621,
    "barkbands_crest": {
        "max": 23.9742298126,
        "mean": 10.8554878235,
        "min": 3.06230831146,
        "stdev": 4.56250953674
    },
    "barkbands_flatness_db": {
        "max": 0.327018141747,
        "mean": 0.189282238483,
        "min": 0.0386042520404,
        "stdev": 0.0465802662075
    },
    "barkbands_kurtosis": {
        "max": 29.1901092529,
        "mean": 3.60272288322,
        "min": -1.67900276184,
        "stdev": 3.98791003227
    },
    "barkbands_skewness": {
        "max": 4.95341253281,
        "mean": 1.43085503578,
        "min": -2.00973963737,
        "stdev": 0.825632274151
    },
    "barkbands_spread": {
        "max": 83.7693328857,
        "mean": 12.7484149933,
        "min": 1.76534819603,
        "stdev": 7.86154699326
    },
    "dissonance": {
        "max": 0.5,
        "mean": 0.47430279851,
        "min": 0.363695412874,
        "stdev": 0.0265975799412
    },
    "dynamic_complexity": 4.63117647171,
    "erbbands_crest": {
        "max": 29.8227367401,
        "mean": 11.9080066681,
        "min": 3.20889544487,
        "stdev": 5.49780845642
    },
    "erbbands_flatness_db": {
        "max": 0.380465656519,
        "mean": 0.241512864828,
        "min": 0.0871660411358,
        "stdev": 0.0661872550845
    },
    "erbbands_kurtosis": {
        "max": 25.0169944763,
        "mean": 2.23729014397,
        "min": -1.66646015644,
        "stdev": 3.37426829338
    },
    "erbbands_skewness": {
        "max": 4.35365104675,
        "mean": 1.1832473278,
        "min": -1.36293375492,
        "stdev": 0.759379565716
    },
    "erbbands_spread": {
        "max": 79.9507064819,
        "mean": 23.5632171631,
        "min": 2.81269884109,
        "stdev": 16.1966648102
    },
    "hfc": {
        "max": 146.435775757,
        "mean": 16.9069976807,
        "min": 1.30932857444e-16,
        "stdev": 24.5709819794
    },
    "loudness_ebu128": {
        "integrated": -24.8074741364,
        "loudness_range": 7.27609634399,
        "momentary": {
            "max": -18.988489151,
            "mean": -26.7818279266,
            "min": -36.1897125244,
            "stdev": 4.14893341064
        },
        "short_term": {
            "max": -21.8777999878,
            "mean": -25.1885108948,
            "min": -30.2916812897,
            "stdev": 2.68648028374
        }
    },
    "melbands_crest": {
        "max": 32.0678138733,
        "mean": 13.2143678665,
        "min": 1.83383488655,
        "stdev": 5.87112283707
    },
    "melbands_flatness_db": {
        "max": 0.287805438042,
        "mean": 0.168886840343,
        "min": 0.00875348690897,
        "stdev": 0.0450964234769
    },
    "melbands_kurtosis": {
        "max": 69.3491363525,
        "mean": 8.79053783417,
        "min": -1.57433211803,
        "stdev": 9.10186100006
    },
    "melbands_skewness": {
        "max": 7.11687374115,
        "mean": 1.87398993969,
        "min": -0.512462854385,
        "stdev": 1.1261755228
    },
    "melbands_spread": {
        "max": 181.958724976,
        "mean": 17.7950706482,
        "min": 2.57692050934,
        "stdev": 14.6320953369
    },
    "pitch_salience": {
        "max": 0.866545021534,
        "mean": 0.620255589485,
        "min": 0.221356853843,
        "stdev": 0.12889803946
    },
    "silence_rate_20dB": {
        "max": 1,
        "mean": 1,
        "min": 1,
        "stdev": 0
    },
    "silence_rate_30dB": {
        "max": 1,
        "mean": 1,
        "min": 1,
        "stdev": 0
    },
    "silence_rate_60dB": {
        "max": 1,
        "mean": 0.239999994636,
        "min": 0,
        "stdev": 0.427082747221
    },
    "spectral_centroid": {
        "max": 10581.4951172,
        "mean": 1532.29016113,
        "min": 575.083740234,
        "stdev": 617.640136719
    },
    "spectral_complexity": {
        "max": 41,
        "mean": 12.2672729492,
        "min": 0,
        "stdev": 5.95951747894
    },
    "spectral_decrease": {
        "max": 6.47795745147e-29,
        "mean": -3.12401149394e-09,
        "min": -1.95264213687e-08,
        "stdev": 3.56167251248e-09
    },
    "spectral_energy": {
        "max": 0.0817928239703,
        "mean": 0.0133242607117,
        "min": 1.163150762e-20,
        "stdev": 0.0155160166323
    },
    "spectral_energyband_high": {
        "max": 0.00552414404228,
        "mean": 0.000445967714768,
        "min": 9.00368002188e-21,
        "stdev": 0.000787194934674
    },
    "spectral_energyband_low": {
        "max": 0.015381840989,
        "mean": 0.00107886386104,
        "min": 1.28678896196e-23,
        "stdev": 0.00260278885253
    },
    "spectral_energyband_middle_high": {
        "max": 0.0666361823678,
        "mean": 0.00801990926266,
        "min": 1.35752495813e-21,
        "stdev": 0.0130945881829
    },
    "spectral_energyband_middle_low": {
        "max": 0.0643054619431,
        "mean": 0.00396730611101,
        "min": 3.45915734131e-22,
        "stdev": 0.00658166687936
    },
    "spectral_entropy": {
        "max": 9.810795784,
        "mean": 7.6769452095,
        "min": 6.93543767929,
        "stdev": 0.280430644751
    },
    "spectral_flux": {
        "max": 0.295053094625,
        "mean": 0.0598615333438,
        "min": 1.07849465469e-10,
        "stdev": 0.0460732094944
    },
    "spectral_kurtosis": {
        "max": 11.8032779694,
        "mean": 3.59060835838,
        "min": -1.18349909782,
        "stdev": 1.92894887924
    },
    "spectral_rms": {
        "max": 0.00893296580762,
        "mean": 0.00312884920277,
        "min": 3.3686514949e-12,
        "stdev": 0.00179152959026
    },
    "spectral_rolloff": {
        "max": 18367.8222656,
        "mean": 1783.5769043,
        "min": 193.798828125,
        "stdev": 1637.48730469
    },
    "spectral_skewness": {
        "max": 2.31328415871,
        "mean": 1.48687005043,
        "min": 0.0417779050767,
        "stdev": 0.287279844284
    },
    "spectral_spread": {
        "max": 40004952,
        "mean": 4220597.5,
        "min": 2627855.25,
        "stdev": 2012441.375
    },
    "spectral_strongpeak": {
        "max": 13.1240119934,
        "mean": 1.72041606903,
        "min": 0,
        "stdev": 2.38365912437
    },
    "zerocrossingrate": {
        "max": 0.8564453125,
        "mean": 0.0739524140954,
        "min": 0.013671875,
        "stdev": 0.0563926286995
    },
    "barkbands": {
        "max": [0.000455234665424, 0.0127093363553, 0.004230549559, 0.00371008762158, 0.00672202883288, 0.00514864129946, 0.00599038414657, 0.0365896970034, 0.0582520104945, 0.0408760979772, 0.0442008264363, 0.0531705841422, 0.0557665079832, 0.0188043415546, 0.0409066788852, 0.0155938509852, 0.0403325930238, 0.0264871492982, 0.00315128965303, 0.00230129179545, 0.00342232454568, 0.00334014347754, 0.00389853282832, 0.00104475941043, 0.00201271730475, 9.50084813667e-06, 4.00241106036e-06],
        "mean": [1.31068572955e-05, 0.00080661510583, 0.000211132428376, 0.00018726849521, 0.00036571585224, 0.000365586980479, 0.000121285091154, 0.000591357471421, 0.00205646711402, 0.00078936596401, 0.00099984544795, 0.00254829507321, 0.00173776515294, 0.000222064947593, 0.000592825410422, 0.000374228926376, 0.000407033570809, 0.000278631399851, 0.0001783350599, 9.52903355937e-05, 8.2708975242e-05, 8.35367682157e-05, 0.000116778137453, 6.29059722996e-05, 3.60560043191e-05, 4.91928560109e-08, 7.85137288517e-09],
        "min": [3.29932593354e-24, 2.44695521735e-24, 2.94985956645e-24, 4.98520530725e-24, 7.05269290954e-23, 4.11799024042e-23, 7.67621866644e-23, 6.00958150347e-23, 8.91176543281e-23, 1.70045783879e-23, 2.76824607614e-23, 9.40606504494e-23, 5.25525377324e-23, 1.71659730182e-22, 1.20444759757e-22, 1.16475514604e-22, 1.6291771247e-22, 2.19880727347e-22, 2.65809597644e-22, 2.38472045803e-22, 5.87833953509e-22, 4.70268536056e-22, 8.81249669111e-22, 9.60339626535e-22, 1.45581071603e-21, 2.22031593839e-21, 2.52855501936e-21],
        "stdev": [3.6417201045e-05, 0.00202586408705, 0.000573377823457, 0.000506599724758, 0.000840732187498, 0.000759348855354, 0.000351350667188, 0.00256203534082, 0.00483645731583, 0.00237570004538, 0.00319134118035, 0.00747685041279, 0.00624401820824, 0.000908450514544, 0.00265387981199, 0.00130099849775, 0.00240535265766, 0.00128584646154, 0.000405838625738, 0.000191627361346, 0.000266390328761, 0.000235705490923, 0.000321498693665, 0.000120204458653, 0.00012732250616, 4.74309899801e-07, 1.70485705553e-07]
    },
    "erbbands": {
        "max": [0.466897934675, 2.63981080055, 4.57010126114, 6.94861030579, 12.9266138077, 28.7411518097, 60.3465003967, 40.0239028931, 22.9745407104, 273.7684021, 1051.00720215, 1306.90893555, 1371.27648926, 1872.6854248, 1547.40405273, 2219.81396484, 2703.88037109, 1118.75024414, 1424.69873047, 1821.93823242, 703.953857422, 2188.61743164, 1805.26489258, 213.37399292, 220.732009888, 83.095703125, 217.191680908, 30.066904068, 101.769683838, 83.5761260986, 119.15953064, 42.13489151, 19.3728256226, 29.8720550537, 22.8596611023, 1.80731129646, 0.0416202619672, 0.00250999000855, 0.000570656033233, 0.000101585857919],
        "mean": [0.0284334048629, 0.162765145302, 0.24646872282, 0.379287272692, 0.821651995182, 1.43284225464, 3.27070474625, 2.09868907928, 1.28856813908, 3.80128645897, 24.8826446533, 44.8316879272, 29.8751277924, 29.3453979492, 43.979839325, 104.181060791, 86.7894897461, 31.4585762024, 20.3825263977, 28.8354606628, 18.9414215088, 24.4660968781, 17.5018882751, 10.7586126328, 7.94835758209, 4.51593780518, 4.9843287468, 2.09589862823, 2.75235724449, 3.25521850586, 3.22104907036, 1.83616161346, 0.848117530346, 0.466380774975, 0.208762973547, 0.0131732970476, 0.000374329014448, 3.40733204212e-05, 1.32179156935e-05, 1.7823987946e-05],
        "min": [1.27880297592e-22, 4.36046866463e-22, 2.08140109232e-21, 1.95218728154e-20, 1.50516459672e-19, 2.43395336154e-19, 6.84043082158e-20, 4.71137054697e-19, 1.31159360589e-18, 9.99615820419e-19, 1.6172038584e-18, 1.53503432129e-18, 8.30974217939e-19, 6.97739047603e-19, 2.02594233679e-18, 3.50992751677e-18, 2.74196869338e-18, 8.06674970604e-18, 6.7466207336e-18, 5.5830394144e-18, 6.54403758414e-18, 9.96402078983e-18, 1.38181133441e-17, 1.02956705846e-17, 1.45514370812e-17, 1.19180505257e-17, 1.54649323363e-17, 2.58834078091e-17, 1.85517933657e-17, 1.93129236064e-17, 2.45404751215e-17, 1.97976944587e-17, 1.64703372837e-17, 1.53121653121e-17, 1.12891881194e-17, 7.39398634306e-18, 4.24817835526e-18, 1.27171574555e-18, 3.93956605751e-19, 4.03327644438e-20],
        "stdev": [0.0711254924536, 0.413999289274, 0.649146556854, 0.946350395679, 1.97694981098, 3.36999058723, 7.72240352631, 4.26618289948, 2.0865752697, 16.8207130432, 81.5288009644, 107.937240601, 82.9253082275, 102.665718079, 120.282546997, 306.836486816, 249.414810181, 108.333969116, 93.4740753174, 111.835479736, 55.4785957336, 143.740921021, 88.1518096924, 25.2269706726, 19.8210277557, 8.68260669708, 17.8074703217, 2.94155073166, 6.99604129791, 7.97372436523, 8.93710803986, 3.99363517761, 1.83550286293, 1.53777456284, 1.05362010002, 0.0815652087331, 0.00192506762687, 0.000152615626575, 2.98639370158e-05, 2.10284379136e-05]
    },
    "gfcc": {
        "mean": [-85.7001647949, 59.6261787415, -197.253250122, 8.62223625183, -96.5052871704, 21.6016845703, -41.4779014587, 5.36738681793, -19.9136428833, -15.7535514832, -8.63323116302, -14.3532876968, 1.70662248135],
        "cov": [[7887.92822266, 436.81652832, 45.5709075928, 565.184082031, -145.619827271, 425.312286377, -103.892784119, 219.115234375, 192.025970459, 58.3864250183, 56.7653808594, -108.1665802, -58.1567649841], [436.81652832, 2016.29125977, 1509.10449219, 904.759643555, 153.766555786, -115.586463928, -3.61129879951, -52.1005210876, 292.504394531, 103.186790466, -119.881874084, -71.8174667358, 146.701293945], [45.5709075928, 1509.10449219, 2557.43969727, 1344.97949219, 386.673706055, 198.380279541, -42.2468833923, 129.478439331, 335.984313965, 311.896179199, -63.7939376831, 55.7153587341, 62.9749107361], [565.184082031, 904.759643555, 1344.97949219, 877.71887207, 213.146636963, 97.9999465942, -37.7356948853, 65.0113449097, 207.671508789, 156.019195557, -15.083984375, 30.4863529205, 34.7836112976], [-145.619827271, 153.766555786, 386.673706055, 213.146636963, 215.724960327, 80.6105728149, 1.81496095657, 33.8211936951, 56.3038101196, 75.5448150635, -2.00724673271, 0.30762308836, -4.53173494339], [425.312286377, -115.586463928, 198.380279541, 97.9999465942, 80.6105728149, 187.803527832, 21.2092914581, 49.1447372437, 14.2471818924, 49.6611328125, 16.1201763153, 24.8139781952, -25.1358661652], [-103.892784119, -3.61129879951, -42.2468833923, -37.7356948853, 1.81496095657, 21.2092914581, 123.077583313, 25.0769824982, 37.8443489075, -27.9985980988, -0.830136954784, 1.11895740032, 13.9569454193], [219.115234375, -52.1005210876, 129.478439331, 65.0113449097, 33.8211936951, 49.1447372437, 25.0769824982, 129.582229614, 69.8364868164, 36.6311569214, -7.04308843613, -13.8101968765, -0.576391220093], [192.025970459, 292.504394531, 335.984313965, 207.671508789, 56.3038101196, 14.2471818924, 37.8443489075, 69.8364868164, 174.362945557, 63.4764785767, -12.7973299026, -36.906085968, 15.3977031708], [58.3864250183, 103.186790466, 311.896179199, 156.019195557, 75.5448150635, 49.6611328125, -27.9985980988, 36.6311569214, 63.4764785767, 118.754554749, 16.9588260651, -4.04203176498, -15.0614061356], [56.7653808594, -119.881874084, -63.7939376831, -15.083984375, -2.00724673271, 16.1201763153, -0.830136954784, -7.04308843613, -12.7973299026, 16.9588260651, 68.410194397, 26.9065227509, -17.8862361908], [-108.1665802, -71.8174667358, 55.7153587341, 30.4863529205, 0.30762308836, 24.8139781952, 1.11895740032, -13.8101968765, -36.906085968, -4.04203176498, 26.9065227509, 84.0659332275, 10.095000267], [-58.1567649841, 146.701293945, 62.9749107361, 34.7836112976, -4.53173494339, -25.1358661652, 13.9569454193, -0.576391220093, 15.3977031708, -15.0614061356, -17.8862361908, 10.095000267, 57.0120010376]],
        "icov": [[0.000340779835824, -0.000431179068983, 0.000706765509676, -0.000823825655971, 0.000749392958824, -0.0015428053448, 0.000664338993374, -0.000796685868409, 1.13193418656e-05, 8.5678359028e-05, -0.000316866236972, 0.000293163175229, 0.000255987979472], [-0.000431179068983, 0.00308447517455, -0.00177729793359, -0.000463076197775, -0.000570847594645, 0.00341979810037, -0.00162780948449, 0.0040498515591, -0.00111187109724, 0.000112194058602, 0.00123386085033, 0.00270742550492, -0.00399154424667], [0.000706765509676, -0.00177729793359, 0.00466516800225, -0.0049241152592, 0.00112056778744, -0.00386724527925, 0.000685798469931, -0.00261271372437, 0.000811029342003, -0.00338240154088, 0.00233311043121, -0.00192492315546, 0.00129534106236], [-0.000823825655971, -0.000463076197775, -0.0049241152592, 0.010366845876, -0.00303561473265, 0.00239381566644, 0.00198486051522, 0.000770902610384, -0.00342062907293, 0.00359071954153, -0.00296425889246, -0.00308205303736, 0.00128960597795], [0.000749392958824, -0.000570847594645, 0.00112056778744, -0.00303561473265, 0.00928863883018, -0.00504821492359, 0.000138009738293, -0.00110677187331, 0.00088578852592, -0.00264652841724, -2.64990339929e-05, 0.00238373596221, -5.35103463335e-05], [-0.0015428053448, 0.00341979810037, -0.00386724527925, 0.00239381566644, -0.00504821492359, 0.016660021618, -0.00625014351681, 0.00252119544894, 0.00172774225939, -0.00240293471143, 0.00221564713866, -0.00194160919636, 0.000874707126059], [0.000664338993374, -0.00162780948449, 0.000685798469931, 0.00198486051522, 0.000138009738293, -0.00625014351681, 0.0149885779247, -0.00297403987497, -0.00666913483292, 0.00758764194325, -0.00346084195189, -0.00195146142505, -0.000480758346384], [-0.000796685868409, 0.0040498515591, -0.00261271372437, 0.000770902610384, -0.00110677187331, 0.00252119544894, -0.00297403987497, 0.0168948341161, -0.00598051398993, -0.00137309962884, 0.00335589144379, 0.00280687632039, -0.00508722523227], [1.13193418656e-05, -0.00111187109724, 0.000811029342003, -0.00342062907293, 0.00088578852592, 0.00172774225939, -0.00666913483292, -0.00598051398993, 0.0173325780779, -0.00679689785466, -0.000849942327477, 0.00607750331983, -0.0013515179744], [8.5678359028e-05, 0.000112194058602, -0.00338240154088, 0.00359071954153, -0.00264652841724, -0.00240293471143, 0.00758764194325, -0.00137309962884, -0.00679689785466, 0.022671610117, -0.00875272043049, 0.00209607346915, 0.00291091157123], [-0.000316866236972, 0.00123386085033, 0.00233311043121, -0.00296425889246, -2.64990339929e-05, 0.00221564713866, -0.00346084195189, 0.00335589144379, -0.000849942327477, -0.00875272043049, 0.0254095569253, -0.00942623708397, 0.00514717260376], [0.000293163175229, 0.00270742550492, -0.00192492315546, -0.00308205303736, 0.00238373596221, -0.00194160919636, -0.00195146142505, 0.00280687632039, 0.00607750331983, 0.00209607346915, -0.00942623708397, 0.0251762736589, -0.0113242482767], [0.000255987979472, -0.00399154424667, 0.00129534106236, 0.00128960597795, -5.35103463335e-05, 0.000874707126059, -0.000480758346384, -0.00508722523227, -0.0013515179744, 0.00291091157123, 0.00514717260376, -0.0113242482767, 0.0310562197119]]
    },
    "melbands": {
        "max": [0.00392071157694, 0.00225925631821, 0.00143281416968, 0.00136136659421, 0.00184302194975, 0.00076965871267, 0.000574560544919, 0.00413025636226, 0.00879706535488, 0.00923171080649, 0.00676391320303, 0.00797515921295, 0.00626569520682, 0.00424855947495, 0.00885644275695, 0.00720161478966, 0.00139349803794, 0.00284165260382, 0.00371204409748, 0.00107620889321, 0.000696465431247, 0.00223742215894, 0.00211853790097, 0.00108187342994, 0.000194571184693, 0.000161438263603, 9.96048547677e-05, 6.47879714961e-05, 0.000161741307238, 7.29720268282e-05, 8.04838055046e-06, 2.38435732172e-05, 0.000137727547553, 7.87462486187e-05, 0.000105601189716, 5.51647608518e-05, 2.19739140448e-05, 1.2865421013e-05, 3.61750790034e-05, 1.8426011593e-05],
        "mean": [0.00024053749803, 0.000149797051563, 8.61061053001e-05, 7.66150915297e-05, 0.00010165405547, 5.1648268709e-05, 2.10469515878e-05, 4.43538338004e-05, 0.000249218341196, 0.000284026726149, 0.000142917255289, 0.000112184228783, 0.000140374919283, 0.000181820854777, 0.000298254744848, 0.000186419143574, 3.67775210179e-05, 2.4732282327e-05, 5.23155576957e-05, 3.25117835018e-05, 1.77508190973e-05, 2.58369382209e-05, 1.8195471057e-05, 1.33303365146e-05, 8.18086755316e-06, 6.61627109366e-06, 3.36186121785e-06, 3.04651075567e-06, 3.67865936823e-06, 1.83047473001e-06, 9.29357781843e-07, 1.33120067858e-06, 2.11322617361e-06, 1.79918731646e-06, 2.14053920899e-06, 1.48877336414e-06, 9.57268866841e-07, 6.34938828625e-07, 4.81438746647e-07, 3.47635051412e-07],
        "min": [1.2612441273e-24, 1.13858207438e-24, 5.7608902632e-24, 1.74176243801e-23, 3.25481011823e-24, 1.17110353573e-23, 1.81339700355e-23, 1.11489711735e-23, 1.47127591756e-23, 9.8803132328e-24, 4.00633975883e-24, 2.43322430443e-24, 5.49365850396e-24, 9.13350255813e-24, 8.02186343632e-24, 6.60520256804e-24, 1.66074468755e-23, 1.10898066056e-23, 8.96465082567e-24, 7.52138562336e-24, 7.49089457165e-24, 9.32811059914e-24, 1.28689498487e-23, 1.05173176249e-23, 7.76061400376e-24, 1.05065354741e-23, 9.66802524118e-24, 7.61119191539e-24, 7.35700515451e-24, 1.35309224773e-23, 1.5641016536e-23, 1.05192306126e-23, 9.16907624065e-24, 1.19953589714e-23, 1.32676306839e-23, 1.57962517403e-23, 1.12043894409e-23, 1.07918514751e-23, 1.34248001752e-23, 1.27955510746e-23],
        "stdev": [0.000603427470196, 0.000370513444068, 0.000212669314351, 0.000173511711182, 0.000232088466873, 0.000102692305518, 4.08962914662e-05, 0.000222748189117, 0.000771479215473, 0.00071931432467, 0.000411189364968, 0.000419998454163, 0.000429807114415, 0.000514450483024, 0.000973712129053, 0.000776136876084, 0.000127854684251, 0.000145903235534, 0.000238075837842, 0.000109831082227, 5.11056350661e-05, 0.000143044948345, 0.000113946618512, 5.93895638303e-05, 2.01322109206e-05, 1.73875614564e-05, 7.30552574169e-06, 6.57926057102e-06, 1.35521195261e-05, 5.00003443449e-06, 9.71082954493e-07, 2.11788801607e-06, 9.22322578845e-06, 5.4033307606e-06, 7.35404591978e-06, 4.33674131273e-06, 1.99369674192e-06, 1.32497075356e-06, 1.81029656687e-06, 1.02631656773e-06]
    },
    "melbands128": {
        "max": [0.000340371683706, 0.00349236419424, 0.00647799391299, 0.00369118945673, 0.00250567216426, 0.00172758498229, 0.00122763309628, 0.00241657835431, 0.00155040051322, 0.00135401985608, 0.00187269295566, 0.00198917463422, 0.00277037965134, 0.00205328175798, 0.00143884751014, 0.00102215015795, 0.000520082714502, 0.000246068841079, 0.0016497685574, 0.00313186040148, 0.00707995286211, 0.00679039116949, 0.0157468281686, 0.0132686328143, 0.0095186624676, 0.0121832415462, 0.0132078193128, 0.00701964600012, 0.00679458444938, 0.0104366345331, 0.00947877205908, 0.0114769991487, 0.0095780249685, 0.00721470126882, 0.00799941085279, 0.00861986447126, 0.0125378090888, 0.0200147219002, 0.00289397360757, 0.0117805441841, 0.0148837873712, 0.00432537076995, 0.00143175525591, 0.000890947412699, 0.00372018152848, 0.0039908895269, 0.00385919655673, 0.00771980034187, 0.00703937467188, 0.00141011993401, 0.00189158914145, 0.00243965676054, 0.000723348523024, 0.000445568672149, 0.000841566070449, 0.00223265495151, 0.00541176041588, 0.00458309613168, 0.0018193150172, 0.00383848999627, 0.00124324613716, 0.00100249121897, 0.000521340582054, 0.000226676376769, 0.000328063877532, 0.000231497731875, 0.000371840054868, 0.000195732034626, 4.93811712658e-05, 4.41327210865e-05, 6.18796038907e-05, 0.000115281269245, 0.000217593536945, 0.000357785116648, 0.000185064898687, 0.00011577521218, 4.47828933829e-05, 1.26402483147e-05, 7.52767937229e-06, 9.37839195103e-06, 1.5001466636e-05, 2.51753172051e-05, 0.000136860267958, 0.000293402525131, 5.28106938873e-05, 2.74752983387e-05, 0.000118855459732, 0.000264070433332, 0.000158486276632, 4.35978654423e-05, 4.79586342408e-05, 0.000137132155942, 2.30593232118e-05, 2.41229317908e-05, 3.84725826734e-05, 1.5038813217e-05, 8.46975854074e-06, 2.12237100641e-05, 1.83121210284e-05, 8.7281492597e-05, 2.38292122958e-05, 6.99451584296e-06, 7.02989791534e-06, 1.34180054374e-05, 4.15618778788e-05, 4.57464229839e-05, 5.24460665474e-06, 4.70040362188e-07, 2.809227162e-08, 2.63189008365e-08, 2.48101503786e-08, 2.3736227206e-08, 2.27331629077e-08, 2.17731557228e-08, 2.0850787763e-08, 2.0059868433e-08, 1.94105567175e-08, 1.88206445983e-08, 1.82484569677e-08, 1.7679758102e-08, 1.72928125153e-08, 1.68680660551e-08, 1.65165907617e-08, 1.6262717395e-08, 1.60384114878e-08, 1.58392872152e-08, 1.56860853195e-08, 1.55948534086e-08],
        "mean": [1.20104277812e-05, 0.000215836014831, 0.000377069372917, 0.000219747918891, 0.000133042296511, 9.62326957961e-05, 5.80043342779e-05, 0.000119375101349, 7.33151609893e-05, 6.68810025672e-05, 8.68286660989e-05, 6.83228718117e-05, 0.00013171514729, 0.000112710287794, 4.45462137577e-05, 2.36120577028e-05, 1.53907385538e-05, 1.72623986145e-05, 3.29380309267e-05, 3.55712654709e-05, 4.56516463601e-05, 8.11368445284e-05, 0.000319771555951, 0.000375041388907, 0.000269229378318, 0.000302856758935, 0.000164854573086, 0.00013576024503, 0.000108122141683, 9.68787571765e-05, 0.000117167248391, 0.000134430069011, 0.000149014609633, 0.000145124737173, 0.000108837084554, 0.000136082599056, 0.000367506669136, 0.000500724359881, 6.74772309139e-05, 0.000136473900056, 0.000334670767188, 6.2595710915e-05, 2.48175874731e-05, 1.81695559149e-05, 1.81821724254e-05, 2.14725114347e-05, 3.25309192704e-05, 7.65617078287e-05, 5.27372867509e-05, 1.55026700668e-05, 3.71197711502e-05, 4.37302733189e-05, 1.17218260129e-05, 1.08071744762e-05, 1.73888802237e-05, 2.92557579087e-05, 3.40286787832e-05, 1.63181139214e-05, 1.23785821415e-05, 2.18568820856e-05, 1.04358314275e-05, 1.09462098408e-05, 1.08160202217e-05, 6.68012808092e-06, 5.20898038303e-06, 6.68994653097e-06, 8.44007990963e-06, 3.89579963667e-06, 2.31467492995e-06, 1.89608704204e-06, 2.50271773439e-06, 4.17697083321e-06, 3.949773145e-06, 4.13023781221e-06, 2.70148439085e-06, 1.69740803813e-06, 1.66567099313e-06, 1.08757217276e-06, 7.47771991882e-07, 7.94615289124e-07, 1.29192369513e-06, 1.3988030787e-06, 1.71583235442e-06, 2.94020037472e-06, 1.65473829838e-06, 1.12571592581e-06, 1.65646895312e-06, 3.4514773688e-06, 2.36027381106e-06, 1.12917905426e-06, 1.25911890336e-06, 2.04342404686e-06, 1.07483435841e-06, 7.4497023661e-07, 1.07811922589e-06, 7.54956943183e-07, 5.16179113674e-07, 4.72227071668e-07, 3.9904026039e-07, 6.22476420631e-07, 3.95641194473e-07, 2.611831178e-07, 3.22972084632e-07, 2.86031507812e-07, 2.88317210106e-07, 2.26656339919e-07, 5.58793544769e-08, 2.53292986585e-09, 5.59085382157e-11, 5.13192890961e-11, 4.8487977522e-11, 4.64404521783e-11, 4.45297410057e-11, 4.30080242253e-11, 4.08523180562e-11, 3.93181910641e-11, 3.80806185196e-11, 3.69649588716e-11, 3.58875186512e-11, 3.4770242241e-11, 3.39687479534e-11, 3.31850449897e-11, 3.25313977145e-11, 3.20016270428e-11, 3.13339146296e-11, 3.05644468068e-11, 3.00605616788e-11, 2.98562841117e-11],
        "min": [2.52148521795e-24, 1.24527649789e-24, 1.17312777254e-24, 4.75071807951e-25, 2.34359087154e-25, 1.9779062145e-24, 4.35629226145e-24, 1.07226204504e-24, 1.49062588671e-23, 2.83628469813e-23, 1.1419669582e-23, 4.26269904264e-24, 1.14106176003e-24, 1.32335913358e-24, 5.53273906764e-24, 1.88774430397e-23, 3.12829828605e-23, 1.49162821337e-23, 6.73339956488e-24, 1.04489186513e-23, 1.49887074534e-23, 9.39868919547e-24, 1.53293218151e-23, 2.17602815752e-23, 5.04245964846e-24, 9.90672981793e-24, 7.95028062006e-24, 2.17076732303e-24, 2.11320236784e-24, 2.14174631362e-24, 3.24524616583e-24, 1.22897922323e-24, 7.23084736311e-24, 5.51609331368e-24, 9.77194662139e-24, 8.76214786472e-24, 1.02395589113e-23, 1.05668249576e-23, 5.37530688565e-24, 2.58586317035e-24, 7.32244910256e-24, 1.16065807071e-23, 1.3044154278e-23, 2.65861081862e-23, 1.15535550548e-23, 5.41472981495e-24, 1.38787659603e-23, 8.46857170112e-24, 9.09941114525e-24, 4.40801037683e-24, 7.43515050464e-24, 1.18948999017e-23, 3.82691847353e-24, 1.05425840508e-23, 3.72540311908e-24, 1.03007705733e-23, 1.1407328642e-23, 1.14231886905e-23, 1.54069678163e-23, 1.41996840429e-23, 1.21123541434e-23, 4.83668922564e-24, 5.41080207651e-24, 9.70045057983e-24, 1.0244131938e-23, 9.5260168676e-24, 1.2449678955e-23, 9.95372147319e-24, 1.12576478072e-23, 4.27227384188e-24, 1.03729781674e-23, 7.04009054103e-24, 4.41864106639e-24, 7.59951835172e-24, 9.44648548886e-24, 1.49964887774e-23, 1.35730776264e-23, 1.62298254711e-23, 1.88060148401e-23, 1.14484417058e-23, 1.0328476946e-23, 1.28024804288e-23, 5.682699948e-24, 1.03740139417e-23, 8.75466236359e-24, 9.90371636927e-24, 1.13450977717e-23, 2.0974471984e-23, 6.10982355754e-24, 1.52269686904e-23, 1.8918223993e-23, 1.78518276218e-23, 8.50149796644e-24, 1.03264361628e-23, 1.1993103618e-23, 1.41999585665e-23, 6.6245320268e-24, 1.22827488877e-23, 1.34936898203e-23, 1.70404542041e-23, 9.26657629309e-24, 1.49168548467e-23, 1.13937121139e-23, 1.18168610478e-23, 1.53022291762e-23, 1.34263132104e-23, 7.85804384758e-24, 1.1256753239e-23, 1.68652434639e-23, 1.31251766039e-23, 8.05922152221e-24, 1.40061101985e-23, 9.17437975252e-24, 2.30420732612e-23, 1.31713549435e-23, 1.14205909715e-23, 7.1318413752e-24, 6.25221334536e-24, 1.00012243103e-23, 1.17475872274e-23, 1.51879200756e-23, 1.41893089442e-23, 1.11828204061e-23, 1.10799900205e-23, 1.2632496681e-23, 1.07992722896e-23, 9.92730962123e-24, 9.13342682748e-24],
        "stdev": [3.26975423377e-05, 0.000539129599929, 0.000963330850936, 0.000573219207581, 0.000358035700629, 0.000257639185293, 0.000153511675308, 0.000327791116433, 0.000184694319614, 0.000164203040185, 0.000216355430894, 0.000199848072953, 0.000340946309734, 0.000265037640929, 0.000111928289698, 6.9812478614e-05, 3.62024911738e-05, 2.67646082648e-05, 0.000102635574876, 0.000213130653719, 0.000329434493324, 0.000450097490102, 0.00123328901827, 0.00109015137423, 0.000798255496193, 0.00100050144829, 0.000747805868741, 0.00042089773342, 0.000375945965061, 0.000475891836686, 0.000506078940816, 0.000593774253502, 0.000558135798201, 0.000470428029075, 0.00052982912166, 0.000606825691648, 0.0014328667894, 0.00199164124206, 0.000251059507718, 0.000715774891432, 0.0015835405793, 0.000345834065229, 7.70560800447e-05, 5.69090807403e-05, 0.00015945242194, 0.000185029566637, 0.000222332761041, 0.00039579969598, 0.000364550069207, 7.46762161725e-05, 0.000144615449244, 0.000202277020435, 4.80867347505e-05, 2.95458976325e-05, 6.09179514868e-05, 0.00016390120436, 0.000315910816425, 0.000196062217583, 8.20960704004e-05, 0.000169910330442, 5.75733793085e-05, 5.34462160431e-05, 3.39629405062e-05, 1.97773351829e-05, 2.03790750675e-05, 2.10122216231e-05, 3.07720474666e-05, 1.24466678244e-05, 4.66321671411e-06, 3.89653587263e-06, 5.63099956707e-06, 1.15570801427e-05, 1.36483968163e-05, 2.27836280828e-05, 1.31829492602e-05, 6.65502375341e-06, 3.6140870634e-06, 1.55344253017e-06, 7.77695163379e-07, 9.96114636109e-07, 1.85148269338e-06, 2.35381776292e-06, 7.74602540332e-06, 1.88197009265e-05, 3.82027383239e-06, 2.07405469155e-06, 6.73602653478e-06, 1.57287558977e-05, 9.87661223917e-06, 3.48140019923e-06, 3.06132960759e-06, 9.0719331638e-06, 2.59000671576e-06, 1.78099583081e-06, 3.11344388138e-06, 1.63010645338e-06, 1.11363726774e-06, 1.44253408507e-06, 1.23258416806e-06, 3.91534604205e-06, 1.2760382333e-06, 7.02308682321e-07, 7.95196854142e-07, 9.15871680718e-07, 1.87437001387e-06, 1.99664305001e-06, 2.72704028248e-07, 2.2818985812e-08, 1.19660992226e-09, 1.12108700101e-09, 1.05681519091e-09, 1.0110680071e-09, 9.68340629903e-10, 9.2746094138e-10, 8.88157436485e-10, 8.54466719602e-10, 8.268072893e-10, 8.01677668694e-10, 7.77302999744e-10, 7.53078932547e-10, 7.36598393392e-10, 7.18503812003e-10, 7.03531066737e-10, 6.92718327144e-10, 6.83173573268e-10, 6.7470784515e-10, 6.68190724973e-10, 6.64305721543e-10]
    },
    "mfcc": {
        "mean": [-693.534973145, 78.4127731323, -43.9037055969, -22.6924571991, -26.8290634155, -8.146733284, -9.86596488953, 5.85355138779, -5.05039072037, -1.33438837528, -6.99986505508, -4.77506542206, -6.31521224976],
        "cov": [[4083.9206543, -198.601028442, 141.707748413, -45.0381546021, 112.445785522, 42.9103813171, 67.2861785889, 192.323898315, 34.2919921875, 168.266220093, 144.183944702, 190.766448975, 42.0044021606], [-198.601028442, 1236.72937012, 902.739135742, 675.096435547, 246.490158081, 208.859268188, -123.39238739, -94.9541473389, 150.958343506, 101.764694214, 61.1648445129, -52.8064041138, -130.551147461], [141.707748413, 902.739135742, 2001.55444336, 1106.65246582, 674.338684082, 434.956848145, -27.4057884216, 7.19384479523, 201.278259277, 199.808120728, 229.117584229, 106.572563171, -46.9328575134], [-45.0381546021, 675.096435547, 1106.65246582, 801.335510254, 411.78918457, 241.576980591, -51.2007522583, -19.4370269775, 120.921760559, 100.701881409, 127.533126831, 58.9627723694, -40.9022102356], [112.445785522, 246.490158081, 674.338684082, 411.78918457, 385.417572021, 172.491043091, 16.733379364, -10.3685970306, 70.9290084839, 93.130279541, 100.916564941, 72.4022827148, -18.1077823639], [42.9103813171, 208.859268188, 434.956848145, 241.576980591, 172.491043091, 195.128952026, 23.2644233704, 16.5383682251, 35.0170288086, 29.6142292023, 57.4498558044, 29.7009792328, -0.388130396605], [67.2861785889, -123.39238739, -27.4057884216, -51.2007522583, 16.733379364, 23.2644233704, 88.4636764526, 39.9912490845, -5.6351685524, -6.57094049454, 4.13549089432, 7.71207141876, 22.4490127563], [192.323898315, -94.9541473389, 7.19384479523, -19.4370269775, -10.3685970306, 16.5383682251, 39.9912490845, 108.507148743, 32.0845909119, 0.530063986778, 7.79745578766, 7.50190782547, 19.6297721863], [34.2919921875, 150.958343506, 201.278259277, 120.921760559, 70.9290084839, 35.0170288086, -5.6351685524, 32.0845909119, 129.320007324, 74.012588501, 36.0623321533, 12.5653009415, -26.168006897], [168.266220093, 101.764694214, 199.808120728, 100.701881409, 93.130279541, 29.6142292023, -6.57094049454, 0.530063986778, 74.012588501, 139.567214966, 66.3095092773, 30.1522483826, -27.7918243408], [144.183944702, 61.1648445129, 229.117584229, 127.533126831, 100.916564941, 57.4498558044, 4.13549089432, 7.79745578766, 36.0623321533, 66.3095092773, 95.8881072998, 52.4121131897, -4.37651205063], [190.766448975, -52.8064041138, 106.572563171, 58.9627723694, 72.4022827148, 29.7009792328, 7.71207141876, 7.50190782547, 12.5653009415, 30.1522483826, 52.4121131897, 98.5959320068, 25.1449298859], [42.0044021606, -130.551147461, -46.9328575134, -40.9022102356, -18.1077823639, -0.388130396605, 22.4490127563, 19.6297721863, -26.168006897, -27.7918243408, -4.37651205063, 25.1449298859, 77.4314346313]],
        "icov": [[0.00032575710793, -0.000151163068949, -3.75558265659e-05, 0.000250945071457, -0.000144059988088, 0.000136498914799, 8.96228812053e-05, -0.000835779472254, 0.000497837201692, -0.000433113717008, -5.5485386838e-05, -0.000610956107266, 3.9163071051e-05], [-0.000151163068949, 0.00287571875378, -2.58055843005e-05, -0.00234549236484, 0.00158747902606, -0.001945485943, 0.00105502107181, 0.00248145358637, -0.00192019506358, -0.000148179737153, 0.000718586205039, 0.00185103097465, 0.00183984742034], [-3.75558265659e-05, -2.58055843005e-05, 0.00297938520089, -0.00273483502679, -0.00113239162602, -0.00191224762239, 0.000249151955359, -0.000331618386554, -0.000333477830281, -0.000758644600864, -0.000854067504406, 0.000770847545937, -0.000608065864071], [0.000250945071457, -0.00234549236484, -0.00273483502679, 0.00863213464618, -0.00372537737712, 0.00129107339308, 0.00258491071872, -0.00196525361389, 0.000293346907711, 0.00204414688051, -0.0015603788197, -0.00118737528101, -0.00117422407493], [-0.000144059988088, 0.00158747902606, -0.00113239162602, -0.00372537737712, 0.00998604204506, -0.00268618506379, -0.00366848544218, 0.00368473608978, -0.000802444701549, -0.00196362915449, 0.000837759696878, -0.00228197034448, 0.00236411578953], [0.000136498914799, -0.001945485943, -0.00191224762239, 0.00129107339308, -0.00268618506379, 0.0130957188085, -0.00368424155749, -0.00253881444223, 0.00171571411192, 0.00210861861706, -0.00255227857269, -0.000685916107614, -0.00126687728334], [8.96228812053e-05, 0.00105502107181, 0.000249151955359, 0.00258491071872, -0.00366848544218, -0.00368424155749, 0.0188326872885, -0.00537243206054, 0.000540163600817, 0.00021509117505, -0.000783057708759, 0.00216232403181, -0.00221444736235], [-0.000835779472254, 0.00248145358637, -0.000331618386554, -0.00196525361389, 0.00368473608978, -0.00253881444223, -0.00537243206054, 0.0177855938673, -0.00817107781768, 0.00272041233256, -0.0007680626004, 0.00257233623415, -0.00136800506152], [0.000497837201692, -0.00192019506358, -0.000333477830281, 0.000293346907711, -0.000802444701549, 0.00171571411192, 0.000540163600817, -0.00817107781768, 0.0164763592184, -0.00727721955627, 0.00156191491988, -0.00236800522543, 0.00199458398856], [-0.000433113717008, -0.000148179737153, -0.000758644600864, 0.00204414688051, -0.00196362915449, 0.00210861861706, 0.00021509117505, 0.00272041233256, -0.00727721955627, 0.0164391528815, -0.00860962364823, 0.000887930451427, 0.00207048770972], [-5.5485386838e-05, 0.000718586205039, -0.000854067504406, -0.0015603788197, 0.000837759696878, -0.00255227857269, -0.000783057708759, -0.0007680626004, 0.00156191491988, -0.00860962364823, 0.0252865012735, -0.00896861683577, 0.00228393310681], [-0.000610956107266, 0.00185103097465, 0.000770847545937, -0.00118737528101, -0.00228197034448, -0.000685916107614, 0.00216232403181, 0.00257233623415, -0.00236800522543, 0.000887930451427, -0.00896861683577, 0.0200436636806, -0.00602122070268], [3.9163071051e-05, 0.00183984742034, -0.000608065864071, -0.00117422407493, 0.00236411578953, -0.00126687728334, -0.00221444736235, -0.00136800506152, 0.00199458398856, 0.00207048770972, 0.00228393310681, -0.00602122070268, 0.0200435556471]]
    },
    "spectral_contrast_coeffs": {
        "max": [-0.541925549507, -0.474607020617, -0.491117328405, -0.561337769032, -0.655502974987, -0.680677294731],
        "mean": [-0.72263365984, -0.772568404675, -0.769746482372, -0.805960953236, -0.806302845478, -0.773746669292],
        "min": [-0.955013871193, -0.963346242905, -0.971169352531, -0.959603607655, -0.956717848778, -0.961235940456],
        "stdev": [0.0589899010956, 0.0858451128006, 0.0639647245407, 0.0642395839095, 0.0388150773942, 0.0302478093654]
    },
    "spectral_contrast_valleys": {
        "max": [-5.51699256897, -6.16839647293, -5.31845569611, -6.16970729828, -5.67154455185, -8.47788524628],
        "mean": [-9.00560951233, -7.25722503662, -7.09999036789, -7.6460185051, -7.82012414932, -10.4136505127],
        "min": [-27.4615650177, -27.1133213043, -27.3588638306, -27.144865036, -27.2556781769, -27.181312561],
        "stdev": [1.78639924526, 1.11425054073, 1.24264061451, 1.10526335239, 1.0670030117, 1.06701052189]
    }
},
"rhythm": {
    "beats_count": 19,
    "beats_loudness": {
        "max": 0.053877029568,
        "mean": 0.0123296473175,
        "min": 0.000888293492608,
        "stdev": 0.0129743507132
    },
    "bpm": 96.8143310547,
    "bpm_histogram_first_peak_bpm": 98,
    "bpm_histogram_first_peak_weight": 0.384615361691,
    "bpm_histogram_second_peak_bpm": 88,
    "bpm_histogram_second_peak_spread": 0.600000023842,
    "bpm_histogram_second_peak_weight": 0.111111111939,
    "danceability": 0.842289566994,
    "onset_rate": 1.41072845459,
    "beats_loudness_band_ratio": {
        "max": [0.700037360191, 0.294120550156, 0.547816991806, 0.709266722202, 0.646381676197, 0.128024816513],
        "mean": [0.10311371088, 0.0686436668038, 0.264197468758, 0.396719545126, 0.149419263005, 0.0518620125949],
        "min": [0.00015201291535, 0.000565034511965, 0.0233202017844, 0.00961916800588, 0.020481556654, 0.0114191034809],
        "stdev": [0.208419755101, 0.0866350606084, 0.162577718496, 0.256027132273, 0.137162297964, 0.0329937301576]
    },
    "beats_position": [0.673378646374, 1.35836732388, 2.0549659729, 2.73995471001, 3.40172338486, 4.06349182129, 4.67882061005, 5.2941493988, 5.92108821869, 6.53641700745, 7.16335582733, 7.77868461609, 8.40562343597, 9.03256225586, 9.64789104462, 10.2632198334, 10.8785486221, 11.4938774109, 12.1208162308],
