{
"metadata": {
    "version": {
        "essentia": "2.1-beta5",
        "essentia_git_sha": "Undefined",
        "extractor": "music 2.0"
    },
    "audio_properties": {
        "analysis": {
            "equal_loudness": 0,
            "length": 37.5466651917,
            "sample_rate": 44100,
            "start_time": 158.998641968,
            "downmix": "mix"
        },
        "bit_rate": 192000,
        "length": 196.56854248,
        "lossless": 0,
        "number_channels": 2,
        "replay_gain": -1.23552513123,
        "sample_rate": 48000,
        "codec": "mp3",
        "md5_encoded": "8c6fad8724697e9a3af45ad5d32b03a7"
    },
    "tags": {
        "file_name": "Malta_Angel_Chiara.mp3",
        "encoding": ["Lavf58.29.100"]
    }
},
"lowlevel": {
    "average_loudness": 0.92999112606,
    "barkbands_crest": {
        "max": 22.9672393799,
        "mean": 9.75764942169,
        "min": 2.6141705513,
        "stdev": 3.15504550934
    },
    "barkbands_flatness_db": {
        "max": 0.250604897738,
        "mean": 0.146924421191,
        "min": 0.0360564477742,
        "stdev": 0.0350049510598
    },
    "barkbands_kurtosis": {
        "max": 26.5401172638,
        "mean": 2.5891456604,
        "min": -1.74897444248,
        "stdev": 3.91876935959
    },
    "barkbands_skewness": {
        "max": 4.71686077118,
        "mean": 1.17303466797,
        "min": -1.95911943913,
        "stdev": 0.907355964184
    },
    "barkbands_spread": {
        "max": 60.0583229065,
        "mean": 19.9893131256,
        "min": 3.69989514351,
        "stdev": 11.7296228409
    },
    "dissonance": {
        "max": 0.49998831749,
        "mean": 0.459464609623,
        "min": 0.34264805913,
        "stdev": 0.0302146021277
    },
    "dynamic_complexity": 1.92960083485,
    "erbbands_crest": {
        "max": 27.2036361694,
        "mean": 11.9276981354,
        "min": 2.55611872673,
        "stdev": 5.33563423157
    },
    "erbbands_flatness_db": {
        "max": 0.321634024382,
        "mean": 0.192238792777,
        "min": 0.0696145072579,
        "stdev": 0.046674374491
    },
    "erbbands_kurtosis": {
        "max": 13.2621040344,
        "mean": 1.40858638287,
        "min": -1.57840979099,
        "stdev": 2.31749391556
    },
    "erbbands_skewness": {
        "max": 3.06489634514,
        "mean": 0.689331412315,
        "min": -2.08771967888,
        "stdev": 0.935488939285
    },
    "erbbands_spread": {
        "max": 87.8802871704,
        "mean": 27.0177593231,
        "min": 5.70264101028,
        "stdev": 12.3144550323
    },
    "hfc": {
        "max": 93.6275863647,
        "mean": 22.1899967194,
        "min": 5.37173150406e-07,
        "stdev": 13.9827280045
    },
    "loudness_ebu128": {
        "integrated": -21.9827880859,
        "loudness_range": 1.94093132019,
        "momentary": {
            "max": -19.4402065277,
            "mean": -22.2880992889,
            "min": -38.3729400635,
            "stdev": 1.86798322201
        },
        "short_term": {
            "max": -20.7239189148,
            "mean": -21.9552192688,
            "min": -23.5174255371,
            "stdev": 0.661285698414
        }
    },
    "melbands_crest": {
        "max": 26.2531642914,
        "mean": 13.036034584,
        "min": 4.02643108368,
        "stdev": 3.86275076866
    },
    "melbands_flatness_db": {
        "max": 0.3092661798,
        "mean": 0.194571048021,
        "min": 0.0157757308334,
        "stdev": 0.0477015264332
    },
    "melbands_kurtosis": {
        "max": 77.7668075562,
        "mean": 6.90165281296,
        "min": -1.60518968105,
        "stdev": 8.37739086151
    },
    "melbands_skewness": {
        "max": 7.70393371582,
        "mean": 1.82147634029,
        "min": -0.53906172514,
        "stdev": 1.13101017475
    },
    "melbands_spread": {
        "max": 154.328292847,
        "mean": 24.750038147,
        "min": 3.84390306473,
        "stdev": 16.671453476
    },
    "pitch_salience": {
        "max": 0.856422543526,
        "mean": 0.528342068195,
        "min": 0.187785565853,
        "stdev": 0.127961352468
    },
    "silence_rate_20dB": {
        "max": 1,
        "mean": 1,
        "min": 1,
        "stdev": 0
    },
    "silence_rate_30dB": {
        "max": 1,
        "mean": 1,
        "min": 1,
        "stdev": 0
    },
    "silence_rate_60dB": {
        "max": 1,
        "mean": 0.0154511742294,
        "min": 0,
        "stdev": 0.123338378966
    },
    "spectral_centroid": {
        "max": 3838.40258789,
        "mean": 1531.15405273,
        "min": 506.308532715,
        "stdev": 648.026916504
    },
    "spectral_complexity": {
        "max": 41,
        "mean": 17.9758968353,
        "min": 0,
        "stdev": 6.01020240784
    },
    "spectral_decrease": {
        "max": -1.81146908641e-18,
        "mean": -6.62006627294e-09,
        "min": -1.68072222806e-08,
        "stdev": 3.23607896036e-09
    },
    "spectral_energy": {
        "max": 0.0664282590151,
        "mean": 0.0269983354956,
        "min": 5.55601085972e-11,
        "stdev": 0.0127935139462
    },
    "spectral_energyband_high": {
        "max": 0.00551377609372,
        "mean": 0.000445452576969,
        "min": 4.30665260398e-11,
        "stdev": 0.000468922837172
    },
    "spectral_energyband_low": {
        "max": 0.0388800576329,
        "mean": 0.00835760869086,
        "min": 1.63776501041e-12,
        "stdev": 0.00720894383267
    },
    "spectral_energyband_middle_high": {
        "max": 0.0362458191812,
        "mean": 0.00865179486573,
        "min": 9.32528793768e-12,
        "stdev": 0.00731726828963
    },
    "spectral_energyband_middle_low": {
        "max": 0.050414301455,
        "mean": 0.0102917235345,
        "min": 1.19221147711e-12,
        "stdev": 0.00970142800361
    },
    "spectral_entropy": {
        "max": 8.78250789642,
        "mean": 7.44137811661,
        "min": 6.32584762573,
        "stdev": 0.367242753506
    },
    "spectral_flux": {
        "max": 0.18485596776,
        "mean": 0.0726678520441,
        "min": 0.000322077714372,
        "stdev": 0.02954415977
    },
    "spectral_kurtosis": {
        "max": 11.3375463486,
        "mean": 4.77303981781,
        "min": 0.202082872391,
        "stdev": 1.66604411602
    },
    "spectral_rms": {
        "max": 0.00805034581572,
        "mean": 0.00495467381552,
        "min": 2.32819630241e-07,
        "stdev": 0.0013383042533
    },
    "spectral_rolloff": {
        "max": 16515.9667969,
        "mean": 1462.96569824,
        "min": 107.666015625,
        "stdev": 1038.53637695
    },
    "spectral_skewness": {
        "max": 2.60787844658,
        "mean": 1.6244815588,
        "min": 0.848505377769,
        "stdev": 0.271135091782
    },
    "spectral_spread": {
        "max": 10964520,
        "mean": 4133570.5,
        "min": 2565493.5,
        "stdev": 881753.4375
    },
    "spectral_strongpeak": {
        "max": 11.3627576828,
        "mean": 1.77838540077,
        "min": 0,
        "stdev": 1.76830649376
    },
    "zerocrossingrate": {
        "max": 0.63134765625,
        "mean": 0.059280000627,
        "min": 0.0166015625,
        "stdev": 0.0293093472719
    },
    "barkbands": {
        "max": [0.00346210738644, 0.0292742960155, 0.0186420213431, 0.00853472948074, 0.0189693551511, 0.0298778023571, 0.0371450446546, 0.0430412217975, 0.0207303930074, 0.0223075617105, 0.0280749425292, 0.0184824820608, 0.0218190662563, 0.0133234178647, 0.0145772751421, 0.0149444136769, 0.0126530835405, 0.00771816121414, 0.0186671633273, 0.00669204071164, 0.000625677756034, 0.000759931688663, 0.00065532233566, 0.000740708201192, 0.000849416363053, 0.000193543033674, 1.52713801072e-05],
        "mean": [0.000293764780508, 0.00534436618909, 0.00228080200031, 0.000623069354333, 0.000639479141682, 0.00314089050516, 0.00244405842386, 0.00174545065966, 0.00114790734369, 0.0016421029577, 0.00227997777984, 0.000746962032281, 0.000724219542462, 0.000545187038369, 0.000509569130372, 0.000464924494736, 0.000559798267204, 0.000425843667472, 0.000632289913483, 0.000508695608005, 7.49352839193e-05, 6.15080280113e-05, 4.9098245654e-05, 4.9326736189e-05, 5.25205250597e-05, 1.12133820949e-05, 3.88906215676e-07],
        "min": [9.74808233266e-13, 8.78522135681e-13, 9.06888428828e-14, 1.44547148231e-13, 8.74180963078e-14, 1.45917674645e-13, 3.45653410408e-14, 1.39498886075e-13, 6.00112190843e-13, 2.97908589074e-13, 4.88438011825e-13, 2.72851999241e-13, 5.30845007708e-13, 1.27386285114e-12, 8.98627147087e-13, 6.30211161035e-13, 1.49717575577e-12, 1.11267429732e-12, 9.2863705007e-13, 2.66497002417e-12, 1.90301290351e-12, 2.43968560631e-12, 3.31832825107e-12, 5.83863209516e-12, 6.3519142203e-12, 1.15449568308e-11, 1.04272736279e-11],
        "stdev": [0.000486071483465, 0.00502245454118, 0.00268882280216, 0.000952500035055, 0.00119649351109, 0.00552984001115, 0.00377428275533, 0.00494946865365, 0.00211833114736, 0.00217339908704, 0.00398671999574, 0.00165049510542, 0.00205646455288, 0.00127262552269, 0.00109517469537, 0.00113983044866, 0.00125567184296, 0.00062813720433, 0.00112213788088, 0.000864597968757, 6.36155818938e-05, 6.77349744365e-05, 4.78567235405e-05, 6.18457997916e-05, 7.28174272808e-05, 2.45841911237e-05, 1.36112294058e-06]
    },
    "erbbands": {
        "max": [0.94152790308, 7.6691660881, 22.2551937103, 31.9344234467, 25.6593399048, 43.6382827759, 213.994125366, 262.591705322, 518.695983887, 467.788238525, 1208.07763672, 320.171844482, 515.790710449, 994.803161621, 1268.42736816, 945.650146484, 900.905761719, 727.88067627, 805.597167969, 1009.41497803, 668.854919434, 839.504699707, 486.664031982, 1209.67443848, 329.385192871, 414.30368042, 53.5475921631, 25.7091903687, 28.2836780548, 19.3645153046, 18.9467182159, 17.3388576508, 9.96875095367, 13.3578176498, 4.18976593018, 1.3560321331, 0.37560147047, 0.0690264254808, 0.00185173877981, 0.000114384085464],
        "mean": [0.153882563114, 1.18781220913, 2.7000541687, 2.5886387825, 1.21847701073, 1.94883668423, 7.31252717972, 26.6507015228, 49.8106460571, 21.4056148529, 46.6772460938, 27.028799057, 41.746181488, 62.3003311157, 84.314491272, 38.1097412109, 38.4180107117, 30.8950309753, 24.7651462555, 26.2875556946, 26.3967037201, 31.0937023163, 21.2699928284, 31.0920886993, 32.2051010132, 28.9824962616, 4.61089801788, 2.7542681694, 2.28111839294, 1.72986102104, 1.34771776199, 0.978197932243, 0.841312944889, 0.822383224964, 0.256043702364, 0.0663254186511, 0.0176792833954, 0.00247449195012, 7.36663787393e-05, 3.48897738149e-05],
        "min": [5.45101637439e-11, 9.35366298305e-11, 8.29946389391e-11, 3.71612768335e-10, 2.91706658828e-10, 3.89827059522e-10, 2.43647463316e-10, 1.54703760913e-09, 9.24111565048e-10, 8.4480306084e-10, 4.06842337597e-09, 1.30891999461e-08, 1.21734426983e-08, 1.10428830524e-08, 2.18674909291e-08, 1.18588685538e-08, 2.22215206236e-08, 5.39968603164e-08, 5.50809957645e-08, 4.76313353204e-08, 3.86458616219e-08, 7.16379418009e-08, 7.62099787721e-08, 6.00255063432e-08, 4.35333014082e-08, 1.50630995677e-07, 8.09302207472e-08, 8.210101754e-08, 7.6675384264e-08, 1.13527647727e-07, 8.84576678573e-08, 1.19204848659e-07, 8.51471213537e-08, 5.97549529857e-08, 5.06351440777e-08, 3.86548499876e-08, 2.2439172298e-08, 7.29368299091e-09, 1.76364411963e-09, 1.36167729869e-10],
        "stdev": [0.155394464731, 1.12944698334, 2.97637844086, 3.25461244583, 1.80682063103, 3.31143927574, 15.1677207947, 48.9108734131, 88.9410171509, 35.1726036072, 141.533966064, 46.7817344666, 57.9613761902, 82.3944015503, 148.010467529, 73.7104187012, 102.25617981, 68.3839492798, 54.1946792603, 60.1069869995, 60.2488746643, 73.9654541016, 31.698802948, 61.7112960815, 47.5354194641, 51.6590118408, 4.22401809692, 2.48623394966, 2.53833866119, 1.98275065422, 1.2880358696, 1.17182648182, 1.09787273407, 1.24379944801, 0.360110610723, 0.121515452862, 0.0435464978218, 0.00686465995386, 0.00016374741972, 1.61340667546e-05]
    },
    "gfcc": {
        "mean": [-0.435098350048, 79.2640762329, -145.320648193, 20.62849617, -64.9226989746, 16.0244560242, -32.1752471924, 22.8025588989, -25.8306808472, 5.25773000717, -4.22917509079, 1.67352211475, -5.86883211136],
        "cov": [[2736.2578125, 779.631469727, 852.445678711, 768.252624512, 552.853088379, 190.282943726, 99.6445541382, 212.151245117, -16.3830738068, 185.667053223, 198.026046753, -40.8193702698, -36.9130439758], [779.631469727, 1682.71350098, 1400.09924316, 916.227355957, 596.282958984, 210.722518921, 205.462341309, 73.7829055786, 145.284820557, 230.209152222, 382.30291748, -27.6641788483, 85.3736953735], [852.445678711, 1400.09924316, 1758.25537109, 966.968688965, 604.273742676, 242.544998169, 105.667022705, 97.706161499, 96.7593612671, 276.460876465, 286.401184082, 45.9238624573, 39.3069381714], [768.252624512, 916.227355957, 966.968688965, 843.0859375, 545.813293457, 161.883712769, 110.295974731, 115.798301697, 65.2445373535, 154.485015869, 221.814315796, -10.5863265991, 39.88697052], [552.853088379, 596.282958984, 604.273742676, 545.813293457, 499.18649292, 178.846588135, 136.533737183, 106.725158691, 33.60496521, 116.619934082, 121.561508179, -27.8098297119, -16.3988704681], [190.282943726, 210.722518921, 242.544998169, 161.883712769, 178.846588135, 264.862762451, 199.237747192, 42.8022880554, 60.4813346863, 34.3598136902, -14.3775844574, -51.6707878113, -76.0227966309], [99.6445541382, 205.462341309, 105.667022705, 110.295974731, 136.533737183, 199.237747192, 277.04977417, 45.9162521362, 89.2586288452, 15.5407218933, -41.3900756836, -47.2392349243, -80.2461624146], [212.151245117, 73.7829055786, 97.706161499, 115.798301697, 106.725158691, 42.8022880554, 45.9162521362, 141.76524353, 54.5594749451, 12.7482242584, 0.796490609646, -25.3987693787, -5.93574571609], [-16.3830738068, 145.284820557, 96.7593612671, 65.2445373535, 33.60496521, 60.4813346863, 89.2586288452, 54.5594749451, 159.616729736, 20.1500873566, -49.2085800171, -26.7161579132, -27.9098205566], [185.667053223, 230.209152222, 276.460876465, 154.485015869, 116.619934082, 34.3598136902, 15.5407218933, 12.7482242584, 20.1500873566, 104.307182312, 93.568069458, 5.36149978638, 8.78321361542], [198.026046753, 382.30291748, 286.401184082, 221.814315796, 121.561508179, -14.3775844574, -41.3900756836, 0.796490609646, -49.2085800171, 93.568069458, 282.951904297, 12.6887159348, 86.3272171021], [-40.8193702698, -27.6641788483, 45.9238624573, -10.5863265991, -27.8098297119, -51.6707878113, -47.2392349243, -25.3987693787, -26.7161579132, 5.36149978638, 12.6887159348, 79.2676620483, 29.1856517792], [-36.9130439758, 85.3736953735, 39.3069381714, 39.88697052, -16.3988704681, -76.0227966309, -80.2461624146, -5.93574571609, -27.9098205566, 8.78321361542, 86.3272171021, 29.1856517792, 105.498550415]],
        "icov": [[0.000650348665658, -0.000584772729781, 0.000549626245629, -0.000900735438336, 0.000693548761774, -0.000518938410096, 0.000560761312954, -0.0012618197361, 0.00129107572138, -0.00143850303721, 0.000676073832437, -0.00039620892494, 0.000943651073612], [-0.000584772729781, 0.00616490049288, -0.00472268788144, 0.00201873644255, -0.00406067213044, 0.00415258528665, -0.00487054605037, 0.0050328806974, -0.0058077685535, 0.00651423214003, -0.00563435442746, 0.00484989816323, -0.00406754389405], [0.000549626245629, -0.00472268788144, 0.00607864558697, -0.00443926127627, 0.0041900598444, -0.00504326680675, 0.00475321896374, -0.00392405735329, 0.00436434708536, -0.00843406841159, 0.00474272714928, -0.00568733131513, 0.00338876876049], [-0.000900735438336, 0.00201873644255, -0.00443926127627, 0.0101144993678, -0.00866825319827, 0.00336387380958, -0.00218141963705, 0.00296274363063, -0.00507448986173, 0.00749466801062, -0.00430618645623, 0.00282000214793, -0.00375777366571], [0.000693548761774, -0.00406067213044, 0.0041900598444, -0.00866825319827, 0.0137315029278, -0.00525398226455, 0.0022609885782, -0.00683005573228, 0.00811547227204, -0.0102047305554, 0.00530677149072, -0.00315853022039, 0.00445671565831], [-0.000518938410096, 0.00415258528665, -0.00504326680675, 0.00336387380958, -0.00525398226455, 0.0145519999787, -0.00960951764137, 0.00406647287309, -0.00348745426163, 0.00610518828034, -0.00400795368478, 0.00698290532455, -0.000428859697422], [0.000560761312954, -0.00487054605037, 0.00475321896374, -0.00218141963705, 0.0022609885782, -0.00960951764137, 0.0137854712084, -0.00378246838227, 0.00114278285764, -0.0043712775223, 0.00372503092512, -0.00500947795808, 0.00589513592422], [-0.0012618197361, 0.0050328806974, -0.00392405735329, 0.00296274363063, -0.00683005573228, 0.00406647287309, -0.00378246838227, 0.0153903597966, -0.00927056185901, 0.00836357753724, -0.00479779392481, 0.00566489715129, -0.00510503305122], [0.00129107572138, -0.0058077685535, 0.00436434708536, -0.00507448986173, 0.00811547227204, -0.00348745426163, 0.00114278285764, -0.00927056185901, 0.0179704520851, -0.0126025313511, 0.00944760628045, -0.00205864268355, 0.00318222376518], [-0.00143850303721, 0.00651423214003, -0.00843406841159, 0.00749466801062, -0.0102047305554, 0.00610518828034, -0.0043712775223, 0.00836357753724, -0.0126025313511, 0.0329121015966, -0.0139670372009, 0.00413350714371, -0.001295985654], [0.000676073832437, -0.00563435442746, 0.00474272714928, -0.00430618645623, 0.00530677149072, -0.00400795368478, 0.00372503092512, -0.00479779392481, 0.00944760628045, -0.0139670372009, 0.0143966302276, -0.00233220518567, -0.00231574010104], [-0.00039620892494, 0.00484989816323, -0.00568733131513, 0.00282000214793, -0.00315853022039, 0.00698290532455, -0.00500947795808, 0.00566489715129, -0.00205864268355, 0.00413350714371, -0.00233220518567, 0.0220407247543, -0.00703908363357], [0.000943651073612, -0.00406754389405, 0.00338876876049, -0.00375777366571, 0.00445671565831, -0.000428859697422, 0.00589513592422, -0.00510503305122, 0.00318222376518, -0.001295985654, -0.00231574010104, -0.00703908363357, 0.0226313062012]]
    },
    "melbands": {
        "max": [0.00850501935929, 0.0103885922581, 0.00463008554652, 0.00225909217261, 0.00682441191748, 0.00668647745624, 0.00815098453313, 0.00511157047004, 0.00987447984517, 0.0026180667337, 0.00251813209616, 0.0041865715757, 0.00430564582348, 0.00201791268773, 0.0025095352903, 0.00150874815881, 0.00127343204804, 0.00126737426035, 0.0009518469451, 0.00144978542812, 0.00104106485378, 0.00101359130349, 0.00068708503386, 0.000399381940952, 0.00118982011918, 0.000339399266522, 0.000346027780324, 0.000293572171358, 5.17294174642e-05, 1.41046157296e-05, 1.6359897927e-05, 1.92212046386e-05, 1.19793949125e-05, 1.06634379335e-05, 1.21740913528e-05, 7.14611996955e-06, 1.24008201965e-05, 7.31975251256e-06, 1.19018377518e-05, 1.27765533762e-05],
        "mean": [0.00144714361522, 0.00144749844912, 0.000399133918108, 9.70254186541e-05, 0.000211728503928, 0.000683958583977, 0.000703817931935, 0.000214550615055, 0.000385384773836, 0.000157876711455, 0.000205960081075, 0.000238897890085, 0.000325596018229, 0.000101379904663, 9.4260336482e-05, 6.74510883982e-05, 5.53267454961e-05, 3.75857998733e-05, 3.24955144606e-05, 3.55541815225e-05, 2.94084111374e-05, 3.46007327607e-05, 2.21904829232e-05, 2.07209104701e-05, 2.52123281825e-05, 2.32898637478e-05, 2.25310595852e-05, 1.69466129591e-05, 2.33960190599e-06, 1.75947752723e-06, 1.54766814831e-06, 1.33292599003e-06, 1.06076481643e-06, 9.26704103676e-07, 8.10800997897e-07, 6.50199069696e-07, 5.59624027119e-07, 5.23499011251e-07, 6.95620769875e-07, 7.11429265721e-07],
        "min": [4.09086339023e-13, 6.69077626961e-14, 5.94741608934e-14, 2.27951202835e-14, 1.03694357856e-14, 3.23929522528e-14, 1.38412103841e-14, 1.08280007885e-14, 3.26723037188e-14, 9.36230531035e-14, 6.26559147989e-14, 4.26607838953e-14, 7.93353894407e-14, 3.10955823807e-14, 4.34911269053e-14, 6.93894472588e-14, 9.57303762086e-14, 9.40569304842e-14, 7.06384955954e-14, 6.05505635866e-14, 4.35332617123e-14, 7.75962207358e-14, 7.81797180162e-14, 5.36297284251e-14, 5.00404432517e-14, 2.61639888493e-14, 5.73115638064e-14, 1.08134109848e-13, 4.55987447779e-14, 4.83167142634e-14, 4.88697081934e-14, 4.99569258031e-14, 3.84756042673e-14, 7.51795815272e-14, 5.7089071968e-14, 4.00186814568e-14, 8.27184593608e-14, 5.61896551152e-14, 6.45741259401e-14, 4.41253004729e-14],
        "stdev": [0.00138764991425, 0.0013632546179, 0.000475179374916, 0.00014616549015, 0.000454218825325, 0.00128208391834, 0.00120072159916, 0.000388167187339, 0.00118804140948, 0.000265039998339, 0.000292029144475, 0.00033947112388, 0.000585623434745, 0.000184531410923, 0.000223611292313, 0.000163698059623, 0.000132361528813, 8.59246356413e-05, 6.60826262902e-05, 8.77884522197e-05, 7.7910728578e-05, 9.50465619098e-05, 4.65211451228e-05, 3.45075859514e-05, 5.92032447457e-05, 3.9693331928e-05, 3.6621135223e-05, 3.22831765516e-05, 2.67783912022e-06, 1.57626129749e-06, 1.57139015755e-06, 1.52248844643e-06, 1.29678517169e-06, 1.06530512767e-06, 8.1343034708e-07, 6.65251320697e-07, 7.85094016464e-07, 6.86912642323e-07, 1.15476802875e-06, 1.14461670364e-06]
    },
    "melbands128": {
        "max": [0.00290524726734, 0.00825763959438, 0.0134634580463, 0.0141803873703, 0.014252634719, 0.0108333816752, 0.00758568942547, 0.00352838588879, 0.00250931689516, 0.00347613054328, 0.00240571028553, 0.00881139375269, 0.0102500729263, 0.00436626467854, 0.00595237035304, 0.0151977930218, 0.0169415287673, 0.0144028021023, 0.0123254163191, 0.00809761881828, 0.00968337710947, 0.00937766768038, 0.0187089256942, 0.00809913408011, 0.00332703860477, 0.00526874139905, 0.0043532345444, 0.00400437926874, 0.00325029250234, 0.00560128921643, 0.00615194905549, 0.00765835959464, 0.00864514801651, 0.0093236817047, 0.0050582611002, 0.00325990188867, 0.00526151014492, 0.0042160153389, 0.00651740189642, 0.00431841192767, 0.00266723008826, 0.00277565908618, 0.00249501690269, 0.00261434330605, 0.000723883509636, 0.0023446616251, 0.00235829083249, 0.00139927759301, 0.00186649698298, 0.00263910414651, 0.00263602938503, 0.00259998580441, 0.00187866610941, 0.00190491823014, 0.00258629373275, 0.00219666305929, 0.00223830365576, 0.00108049763367, 0.00113852031063, 0.000911439594347, 0.000656638236251, 0.000798542285338, 0.00145495438483, 0.003025990678, 0.000644972606096, 0.000832537712995, 0.000587175833061, 0.00066144549055, 0.000708209001459, 0.000781770504545, 0.000655293057207, 0.000192964507733, 0.00011856645142, 4.14737332903e-05, 2.08141682378e-05, 1.95267348317e-05, 1.38070772664e-05, 1.66317331605e-05, 2.65574999503e-05, 2.55483173532e-05, 2.32115580729e-05, 1.60451363627e-05, 1.60078125191e-05, 1.24204507301e-05, 1.28691654027e-05, 1.64691973623e-05, 1.29753516376e-05, 1.51010635818e-05, 1.57377853611e-05, 1.19766145872e-05, 9.93542744254e-06, 8.23469690658e-06, 1.26801296574e-05, 1.70181574504e-05, 1.88672147488e-05, 1.09531147245e-05, 9.60533361649e-06, 9.62618287303e-06, 2.75441761914e-05, 1.96062701434e-05, 2.00305930775e-05, 1.60396375577e-05, 7.62415265854e-06, 1.03037500594e-05, 6.4412147367e-06, 3.99352120439e-06, 2.87047305392e-06, 9.33508636081e-06, 2.45350679506e-06, 2.2859769615e-06, 1.55302006988e-06, 2.32518686971e-06, 1.52058441927e-06, 1.34286267439e-06, 1.01916884887e-06, 8.52454490996e-07, 5.87039721722e-07, 1.26660594901e-07, 4.03872526533e-08, 9.06251642618e-08, 4.39250378292e-08, 3.68811363671e-08, 8.15764966688e-09, 2.0563306613e-10, 1.97636254584e-10, 1.9646831384e-10, 1.96661367746e-10, 1.95045563034e-10],
        "mean": [0.000266859744443, 0.00115669064689, 0.00197581481189, 0.00195844005793, 0.00154710758943, 0.00103095651139, 0.000573281839024, 0.000222485570703, 9.65430081123e-05, 7.84807780292e-05, 8.59724314068e-05, 0.00019295293896, 0.00030077068368, 0.000166369456565, 0.000221532594878, 0.0013495082967, 0.00136078393552, 0.000349838344846, 0.000239827815676, 0.000241434303462, 0.000143601253512, 0.000280621054117, 0.000623691186775, 0.000202201539651, 0.000123720456031, 0.000137352224556, 0.000196293156478, 0.000249642442213, 0.000153558939928, 0.000255729653873, 0.000214731815504, 0.000297612888971, 0.000478589208797, 0.000240620342083, 5.77473947487e-05, 8.49223724799e-05, 0.000125403894344, 5.48547650396e-05, 0.000120420932944, 9.9175129435e-05, 2.65327817033e-05, 6.84890983393e-05, 6.67208369123e-05, 5.04352647113e-05, 2.15080744965e-05, 3.86852916563e-05, 5.40614928468e-05, 1.94285294128e-05, 2.54411752394e-05, 5.26252297277e-05, 2.75598431472e-05, 3.48556968675e-05, 2.81177053694e-05, 2.90431635221e-05, 2.84374691546e-05, 4.65155062557e-05, 2.29391771427e-05, 3.15386605507e-05, 1.92852367036e-05, 9.87691691989e-06, 1.95224965864e-05, 2.67944506049e-05, 3.61289967259e-05, 2.40400695475e-05, 8.39018684928e-06, 2.7516607588e-05, 2.88082646875e-05, 2.00426420633e-05, 1.33231615109e-05, 3.93728078052e-05, 2.1840331101e-05, 3.68313840227e-06, 2.41329735218e-06, 2.31305739362e-06, 1.83341080628e-06, 2.0525274067e-06, 1.56878581947e-06, 1.35080654218e-06, 1.67040832366e-06, 1.60738477462e-06, 1.28684678202e-06, 1.28237581976e-06, 1.25549206587e-06, 9.92366040009e-07, 9.29791781346e-07, 9.94561105472e-07, 8.91922809387e-07, 8.81057246715e-07, 8.54614540913e-07, 6.90282490723e-07, 7.29431405944e-07, 5.44767431165e-07, 7.04277510977e-07, 5.7383215335e-07, 4.82288271542e-07, 4.41959400632e-07, 5.676931778e-07, 5.41676968169e-07, 8.54360735048e-07, 5.48007449197e-07, 8.54292636632e-07, 8.04715682534e-07, 4.86213252771e-07, 3.96324708163e-07, 2.60128729224e-07, 1.65037619126e-07, 1.28472336769e-07, 1.3201793081e-07, 1.14045064947e-07, 8.98121257364e-08, 6.92634714028e-08, 6.55462883969e-08, 5.05395689743e-08, 4.50563852894e-08, 3.85025700211e-08, 2.57098999867e-08, 1.46588687855e-08, 2.24106111446e-09, 9.04154598413e-11, 1.36857261634e-10, 6.95220131464e-11, 5.85304998912e-11, 1.80568806435e-11, 4.58342261714e-12, 4.28185395127e-12, 3.92582407555e-12, 3.72866494625e-12, 3.6845452904e-12],
        "min": [5.78405487568e-13, 5.81439031037e-13, 3.2757840494e-13, 1.01848068282e-13, 2.78007428005e-14, 5.52804939953e-14, 8.47052598419e-14, 6.19404294565e-14, 2.09829373386e-14, 2.05612877256e-14, 2.53886504647e-14, 1.29461608331e-14, 4.26196443521e-15, 8.24779867071e-15, 3.31689157477e-14, 5.62541075462e-14, 1.7310554845e-14, 7.64909376073e-15, 4.19603223762e-15, 9.41479746675e-15, 8.65188251446e-15, 2.92198346953e-14, 4.65859582898e-14, 1.50303692561e-14, 6.68856178668e-14, 1.58474104607e-13, 8.99813467552e-14, 3.05829512648e-14, 6.07158637603e-14, 5.08783790651e-14, 1.86785706531e-14, 5.72324644816e-14, 1.19262279631e-13, 6.55284542448e-14, 3.19794341561e-14, 2.88265471335e-14, 1.19947073582e-14, 5.87040317615e-14, 5.02473158025e-14, 2.86150768879e-14, 3.44635581737e-14, 1.94890124546e-13, 9.95841253969e-14, 3.32236882862e-14, 1.1951110403e-13, 1.20996610084e-13, 3.38993766326e-14, 1.02930806782e-13, 6.00850071737e-14, 4.87578761274e-14, 8.3885128661e-14, 4.70180433487e-14, 1.94719305106e-14, 2.93686177265e-14, 1.2193818546e-13, 6.29439602111e-14, 5.28097937559e-14, 1.09528644563e-13, 5.60372569473e-14, 9.89445003252e-14, 4.07093216288e-14, 2.69130421074e-14, 7.14820184381e-14, 4.14874230348e-14, 4.85074491425e-14, 2.22071862445e-14, 1.95811571032e-14, 1.33631958106e-14, 4.51470390478e-14, 1.5894325244e-13, 1.1842477411e-13, 9.50488331704e-14, 2.60620484341e-14, 4.97173069586e-14, 5.09313118481e-14, 3.56272764112e-14, 6.35454484713e-14, 4.05236486186e-14, 3.57457153341e-14, 6.07482407477e-14, 8.88141218013e-14, 2.23062738528e-14, 1.63768229934e-14, 4.58319431127e-14, 5.10015173269e-14, 7.27244734702e-14, 7.54705204039e-14, 8.34069616216e-14, 6.64137392e-14, 3.69978976926e-14, 1.56468483054e-14, 3.09043765513e-14, 9.23313414115e-14, 9.22137054758e-14, 8.0503962871e-14, 5.37602934717e-14, 6.20606064911e-14, 3.136627717e-14, 9.47365287347e-14, 5.90684524405e-14, 3.64582970476e-14, 4.22235116066e-14, 4.59711207903e-14, 8.19566311518e-14, 5.34696358099e-14, 3.06440562216e-14, 8.61918500981e-14, 8.34522812724e-14, 5.4632446028e-14, 6.108318468e-14, 6.71636344088e-14, 9.27446053983e-14, 7.24056502689e-14, 5.44741897803e-14, 8.33611269748e-14, 6.58154764412e-14, 5.54374492005e-14, 3.23693200336e-14, 5.20441267935e-14, 6.34358559605e-14, 6.91608974409e-14, 2.90640111262e-14, 5.70670558877e-14, 4.70461411256e-14, 3.53966428922e-14, 7.69526722075e-15, 1.27583501235e-15, 3.89933933374e-17],
        "stdev": [0.000442755233962, 0.00129347876646, 0.00208598608151, 0.00195560092106, 0.00177410093602, 0.00124492484611, 0.000787380209658, 0.000364823732525, 0.00017284329806, 0.000158984476002, 0.000158679438755, 0.000503002433106, 0.000742063275538, 0.000346226035617, 0.000415106536821, 0.00284618302248, 0.00290358555503, 0.000782271497883, 0.000729304098058, 0.000515859224834, 0.000509296369273, 0.000946719315834, 0.00220931344666, 0.00062174804043, 0.000287548231427, 0.000315890007187, 0.000366361258784, 0.000443062745035, 0.000269718235359, 0.000503986724652, 0.000453752407338, 0.000664140505251, 0.00103114650119, 0.000738767441362, 0.000184635078767, 0.000213617793634, 0.00038312599645, 0.000231547179283, 0.000449637504062, 0.000388484535506, 9.79831893346e-05, 0.000218053726712, 0.00021503258904, 0.000194604377612, 4.95995700476e-05, 0.000141538039315, 0.000171329011209, 6.41548613203e-05, 8.14017912489e-05, 0.000185464232345, 0.000104571212432, 0.00015295065532, 0.000113132991828, 0.000124794867588, 0.00011761643691, 0.000181398718269, 9.50112225837e-05, 9.03843319975e-05, 5.21733127243e-05, 3.29839203914e-05, 4.85932105221e-05, 6.12378426013e-05, 8.84131222847e-05, 0.000112195768452, 2.64187565335e-05, 7.18381561455e-05, 5.95971105213e-05, 5.63079520361e-05, 4.8288005928e-05, 8.90845403774e-05, 5.58732936042e-05, 8.70953954291e-06, 4.38816095993e-06, 2.84066481981e-06, 2.02457613341e-06, 2.20787546823e-06, 1.67299594978e-06, 1.60944853178e-06, 2.03422519007e-06, 1.85279816378e-06, 1.77893184627e-06, 1.75552838755e-06, 1.59441287906e-06, 1.37647361953e-06, 1.28754197704e-06, 1.4913960058e-06, 1.04280468349e-06, 1.05228116354e-06, 1.00914269296e-06, 9.21896742057e-07, 8.750721463e-07, 6.57266184589e-07, 1.07915423087e-06, 9.49461252731e-07, 8.94674883511e-07, 6.92269850333e-07, 9.33174817419e-07, 8.9164785777e-07, 2.04362072509e-06, 1.03882416624e-06, 1.62715582519e-06, 1.50524010678e-06, 8.07683989024e-07, 7.88724889844e-07, 4.73075061791e-07, 2.94875519558e-07, 2.19490161157e-07, 3.82391704079e-07, 2.38208215819e-07, 2.07075714798e-07, 1.70516557318e-07, 1.96163725263e-07, 1.42426699767e-07, 1.22202848729e-07, 1.11974095773e-07, 7.64259766584e-08, 5.04165349469e-08, 9.40189437415e-09, 1.43113110251e-09, 2.74150191437e-09, 1.37869260453e-09, 1.19356247108e-09, 3.08085890133e-10, 8.27306799456e-12, 7.66376111877e-12, 7.59228704211e-12, 7.55793171103e-12, 7.50872281019e-12]
    },
    "mfcc": {
        "mean": [-635.729125977, 109.325683594, -21.1347179413, 7.83468580246, -5.46726512909, -9.19133472443, 8.49113082886, 6.33422994614, -2.15557360649, 3.53556632996, -0.336817532778, -0.325966864824, 9.20595264435],
        "cov": [[1883.83947754, 198.294128418, 255.704681396, 445.942016602, 350.698791504, 96.5644683838, 258.567260742, 79.8418045044, 50.54114151, 144.685165405, 109.31590271, 57.9839401245, 125.005500793], [198.294128418, 1027.12963867, 853.800842285, 650.672851562, 480.006713867, 274.077056885, 283.872558594, -0.0806331783533, 39.130897522, 83.2182693481, 125.723472595, 188.142196655, 183.93132019], [255.704681396, 853.800842285, 1166.6739502, 703.199462891, 580.042175293, 291.432769775, 284.776702881, -31.7243518829, 44.2258338928, 34.4565925598, 112.077659607, 215.153915405, 198.317214966], [445.942016602, 650.672851562, 703.199462891, 798.882263184, 569.039550781, 200.469329834, 283.09967041, 3.81852149963, 24.292011261, 64.2666397095, 94.2597579956, 133.784759521, 213.657348633], [350.698791504, 480.006713867, 580.042175293, 569.039550781, 550.326477051, 124.608436584, 248.039306641, -21.6608734131, 0.0890661925077, 60.6990699768, 56.5238571167, 100.81728363, 197.711410522], [96.5644683838, 274.077056885, 291.432769775, 200.469329834, 124.608436584, 331.93157959, 143.953186035, 104.665504456, 97.1806869507, 98.9443817139, 117.441429138, 77.2257995605, -27.9380874634], [258.567260742, 283.872558594, 284.776702881, 283.09967041, 248.039306641, 143.953186035, 286.505645752, 35.4766159058, -11.1294441223, 79.3819732666, 70.6037597656, 59.6362991333, 102.496917725], [79.8418045044, -0.0806331783533, -31.7243518829, 3.81852149963, -21.6608734131, 104.665504456, 35.4766159058, 168.028198242, 125.036445618, 65.9743423462, 76.892791748, 22.5137233734, -49.3164138794], [50.54114151, 39.130897522, 44.2258338928, 24.292011261, 0.0890661925077, 97.1806869507, -11.1294441223, 125.036445618, 205.064331055, 52.04479599, 82.2900619507, 39.2331695557, -51.5714035034], [144.685165405, 83.2182693481, 34.4565925598, 64.2666397095, 60.6990699768, 98.9443817139, 79.3819732666, 65.9743423462, 52.04479599, 142.334625244, 65.8778762817, 27.7013874054, 2.30962657928], [109.31590271, 125.723472595, 112.077659607, 94.2597579956, 56.5238571167, 117.441429138, 70.6037597656, 76.892791748, 82.2900619507, 65.8778762817, 123.34564209, 57.0567474365, -1.15872550011], [57.9839401245, 188.142196655, 215.153915405, 133.784759521, 100.81728363, 77.2257995605, 59.6362991333, 22.5137233734, 39.2331695557, 27.7013874054, 57.0567474365, 101.256195068, 41.858795166], [125.005500793, 183.93132019, 198.317214966, 213.657348633, 197.711410522, -27.9380874634, 102.496917725, -49.3164138794, -51.5714035034, 2.30962657928, -1.15872550011, 41.858795166, 163.47203064]],
        "icov": [[0.000712146225851, 0.000257732492173, -2.35090665228e-05, -0.000477398454677, -4.41962183686e-05, 0.000352974137058, -0.000378868309781, -0.000104408420157, -3.20389081025e-05, -0.000489386089612, -0.000295662204735, 8.19973647594e-05, 0.000111462948553], [0.000257732492173, 0.00326607329771, -0.00142808607779, -0.00145819294266, 0.000837748404592, -0.000344651489286, -0.000477466499433, 0.000522643036675, 2.00909908017e-05, -0.000916001736186, -0.000320841849316, -0.000999801675789, -0.000575637153815], [-2.35090665228e-05, -0.00142808607779, 0.00398567132652, -9.28552253754e-05, -0.00216426118277, -0.00170523801353, -5.90611089137e-05, 0.0016691449564, -0.000784566742368, 0.00198513362557, 0.000484409130877, -0.00320735294372, 0.000326780194882], [-0.000477398454677, -0.00145819294266, -9.28552253754e-05, 0.00662189442664, -0.004712886177, -0.00134692306165, 0.000510989164468, -0.000826565374155, 6.54888644931e-05, 0.00157348904759, -0.000614746531937, 0.000674337265082, -0.00181492860429], [-4.41962183686e-05, 0.000837748404592, -0.00216426118277, -0.004712886177, 0.0101533457637, 0.0009169607074, -0.00221215002239, 0.00114727730397, -0.00137944391463, -0.00237155728973, 0.00133065169211, 0.00130648491904, -0.00324039976113], [0.000352974137058, -0.000344651489286, -0.00170523801353, -0.00134692306165, 0.0009169607074, 0.00895360577852, -0.00275088660419, -0.00179104250856, 0.000261718960246, -0.0024516840931, -0.00225022761151, -0.000427286926424, 0.00576335424557], [-0.000378868309781, -0.000477466499433, -5.90611089137e-05, 0.000510989164468, -0.00221215002239, -0.00275088660419, 0.00951634440571, -0.00310060149059, 0.00375017244369, -0.00127148919273, -0.00190687447321, 0.00141398888081, -0.00364059139974], [-0.000104408420157, 0.000522643036675, 0.0016691449564, -0.000826565374155, 0.00114727730397, -0.00179104250856, -0.00310060149059, 0.0159551966935, -0.00770070124418, -0.00119792926125, -0.00207517878152, -0.000975430884864, 0.00143355689943], [-3.20389081025e-05, 2.00909908017e-05, -0.000784566742368, 6.54888644931e-05, -0.00137944391463, 0.000261718960246, 0.00375017244369, -0.00770070124418, 0.0120867146179, -0.000532807491254, -0.00352803128771, -0.00113425846212, 0.00199270993471], [-0.000489386089612, -0.000916001736186, 0.00198513362557, 0.00157348904759, -0.00237155728973, -0.0024516840931, -0.00127148919273, -0.00119792926125, -0.000532807491254, 0.0124451806769, -0.00279590208083, -0.000524142931681, -0.000404366757721], [-0.000295662204735, -0.000320841849316, 0.000484409130877, -0.000614746531937, 0.00133065169211, -0.00225022761151, -0.00190687447321, -0.00207517878152, -0.00352803128771, -0.00279590208083, 0.0194069761783, -0.00630289968103, 5.65120353713e-05], [8.19973647594e-05, -0.000999801675789, -0.00320735294372, 0.000674337265082, 0.00130648491904, -0.000427286926424, 0.00141398888081, -0.000975430884864, -0.00113425846212, -0.000524142931681, -0.00630289968103, 0.0221508610994, -0.00482917064801], [0.000111462948553, -0.000575637153815, 0.000326780194882, -0.00181492860429, -0.00324039976113, 0.00576335424557, -0.00364059139974, 0.00143355689943, 0.00199270993471, -0.000404366757721, 5.65120353713e-05, -0.00482917064801, 0.0181459095329]]
    },
    "spectral_contrast_coeffs": {
        "max": [-0.447264909744, -0.439628630877, -0.487994611263, -0.557990968227, -0.534737110138, -0.669921040535],
        "mean": [-0.730118811131, -0.690958738327, -0.725834429264, -0.785652756691, -0.753935098648, -0.772067129612],
        "min": [-0.910553395748, -0.924762904644, -0.939408004284, -0.937682986259, -0.932910442352, -0.911737859249],
        "stdev": [0.0675954893231, 0.0915064290166, 0.0712147131562, 0.0619111657143, 0.0632512792945, 0.0274012126029]
    },
    "spectral_contrast_valleys": {
        "max": [-5.36281585693, -5.36295223236, -5.43084192276, -6.09838867188, -6.29041433334, -8.80579471588],
        "mean": [-7.39339399338, -6.86785507202, -7.03103017807, -7.48282241821, -7.53836250305, -10.2203187943],
        "min": [-18.2891807556, -17.4364585876, -16.935251236, -16.7039203644, -16.179485321, -17.7453155518],
        "stdev": [1.50426840782, 0.556955218315, 0.659326016903, 0.569386005402, 0.540681898594, 0.563660502434]
    }
},
"rhythm": {
    "beats_count": 84,
    "beats_loudness": {
        "max": 0.0589991211891,
        "mean": 0.0289460644126,
        "min": 0.00157154758926,
        "stdev": 0.0118043245748
    },
    "bpm": 135.718673706,
    "bpm_histogram_first_peak_bpm": 136,
    "bpm_histogram_first_peak_weight": 0.308641970158,
    "bpm_histogram_second_peak_bpm": 129,
    "bpm_histogram_second_peak_spread": 0,
    "bpm_histogram_second_peak_weight": 0.0240963846445,
    "danceability": 0.905509769917,
    "onset_rate": 2.050147295,
    "beats_loudness_band_ratio": {
        "max": [0.864309191704, 0.647584855556, 0.710717618465, 0.581781923771, 0.452595621347, 0.271931499243],
        "mean": [0.252662152052, 0.15430983901, 0.256885677576, 0.249783083797, 0.105860486627, 0.0584164187312],
        "min": [0.000129356965772, 0.00151025690138, 0.0286412518471, 0.0186455752701, 0.00559308892116, 0.00305294129066],
        "stdev": [0.20894227922, 0.195332810283, 0.188144207001, 0.18995629251, 0.098528817296, 0.0487401373684]
    },
