{
"metadata": {
    "version": {
        "essentia": "2.1-beta5",
        "essentia_git_sha": "Undefined",
        "extractor": "music 2.0"
    },
    "audio_properties": {
        "analysis": {
            "equal_loudness": 0,
            "length": 41.3663482666,
            "sample_rate": 44100,
            "start_time": 158.998641968,
            "downmix": "mix"
        },
        "bit_rate": 192000,
        "length": 200.38822937,
        "lossless": 0,
        "number_channels": 2,
        "replay_gain": 0.605516433716,
        "sample_rate": 48000,
        "codec": "mp3",
        "md5_encoded": "6454724c7573809fe57dabba5f242591"
    },
    "tags": {
        "file_name": "BosniaHerzegovina_Call Me_Feminnem.mp3",
        "encoding": ["Lavf58.29.100"]
    }
},
"lowlevel": {
    "average_loudness": 0.961253166199,
    "barkbands_crest": {
        "max": 23.8159656525,
        "mean": 9.54464244843,
        "min": 2.89496183395,
        "stdev": 3.81702756882
    },
    "barkbands_flatness_db": {
        "max": 0.292370975018,
        "mean": 0.150420293212,
        "min": 0.073137357831,
        "stdev": 0.0360868163407
    },
    "barkbands_kurtosis": {
        "max": 34.1425743103,
        "mean": 1.51964306831,
        "min": -1.73201358318,
        "stdev": 3.40496063232
    },
    "barkbands_skewness": {
        "max": 5.60768699646,
        "mean": 0.861906588078,
        "min": -1.87105584145,
        "stdev": 0.997537732124
    },
    "barkbands_spread": {
        "max": 81.7241973877,
        "mean": 24.6490650177,
        "min": 4.29442024231,
        "stdev": 11.3908653259
    },
    "dissonance": {
        "max": 0.499999970198,
        "mean": 0.475192546844,
        "min": 0.368149131536,
        "stdev": 0.022259330377
    },
    "dynamic_complexity": 2.38221883774,
    "erbbands_crest": {
        "max": 28.6651630402,
        "mean": 10.8093605042,
        "min": 2.00775337219,
        "stdev": 5.00086355209
    },
    "erbbands_flatness_db": {
        "max": 0.350443810225,
        "mean": 0.192644357681,
        "min": 0.0546953082085,
        "stdev": 0.0539827086031
    },
    "erbbands_kurtosis": {
        "max": 14.3691368103,
        "mean": 1.5558232069,
        "min": -1.42750680447,
        "stdev": 2.31299972534
    },
    "erbbands_skewness": {
        "max": 2.98357629776,
        "mean": 0.579916357994,
        "min": -2.77213048935,
        "stdev": 0.814635634422
    },
    "erbbands_spread": {
        "max": 109.277656555,
        "mean": 28.2348041534,
        "min": 5.98748254776,
        "stdev": 16.7282466888
    },
    "hfc": {
        "max": 116.289833069,
        "mean": 35.6412620544,
        "min": 9.03156944787e-07,
        "stdev": 21.206287384
    },
    "loudness_ebu128": {
        "integrated": -22.6537685394,
        "loudness_range": 2.16914367676,
        "momentary": {
            "max": -20.4212493896,
            "mean": -22.9419288635,
            "min": -30.3857326508,
            "stdev": 1.74253475666
        },
        "short_term": {
            "max": -21.0330944061,
            "mean": -22.6543865204,
            "min": -27.2818222046,
            "stdev": 0.870971620083
        }
    },
    "melbands_crest": {
        "max": 32.5023803711,
        "mean": 13.1724281311,
        "min": 4.39356040955,
        "stdev": 4.95911645889
    },
    "melbands_flatness_db": {
        "max": 0.307356268167,
        "mean": 0.147187694907,
        "min": 0.0644859448075,
        "stdev": 0.037563174963
    },
    "melbands_kurtosis": {
        "max": 109.48790741,
        "mean": 6.92232751846,
        "min": -1.62158238888,
        "stdev": 12.2083930969
    },
    "melbands_skewness": {
        "max": 9.42304992676,
        "mean": 1.71629178524,
        "min": -1.05986464024,
        "stdev": 1.5462397337
    },
    "melbands_spread": {
        "max": 111.522758484,
        "mean": 32.387802124,
        "min": 3.47766327858,
        "stdev": 15.8825101852
    },
    "pitch_salience": {
        "max": 0.878575921059,
        "mean": 0.550738036633,
        "min": 0.190883219242,
        "stdev": 0.104254454374
    },
    "silence_rate_20dB": {
        "max": 1,
        "mean": 1,
        "min": 1,
        "stdev": 0
    },
    "silence_rate_30dB": {
        "max": 1,
        "mean": 1,
        "min": 1,
        "stdev": 0
    },
    "silence_rate_60dB": {
        "max": 1,
        "mean": 0.00392596749589,
        "min": 0,
        "stdev": 0.0625344291329
    },
    "spectral_centroid": {
        "max": 3145.86010742,
        "mean": 1784.38110352,
        "min": 539.315368652,
        "stdev": 351.583648682
    },
    "spectral_complexity": {
        "max": 45,
        "mean": 24.088054657,
        "min": 0,
        "stdev": 7.12223911285
    },
    "spectral_decrease": {
        "max": -5.68170431019e-16,
        "mean": -7.34568805782e-09,
        "min": -2.07544523789e-08,
        "stdev": 3.81121401105e-09
    },
    "spectral_energy": {
        "max": 0.0834063142538,
        "mean": 0.0309570990503,
        "min": 2.22632445812e-09,
        "stdev": 0.0157851893455
    },
    "spectral_energyband_high": {
        "max": 0.00832696910948,
        "mean": 0.0012640330242,
        "min": 5.80939185646e-11,
        "stdev": 0.000843136629555
    },
    "spectral_energyband_low": {
        "max": 0.0675463527441,
        "mean": 0.00838909205049,
        "min": 1.26741006579e-09,
        "stdev": 0.0101339919493
    },
    "spectral_energyband_middle_high": {
        "max": 0.0671051815152,
        "mean": 0.0164922848344,
        "min": 1.0529891542e-10,
        "stdev": 0.012704144232
    },
    "spectral_energyband_middle_low": {
        "max": 0.0500317104161,
        "mean": 0.006056771148,
        "min": 2.44716386044e-10,
        "stdev": 0.00510343629867
    },
    "spectral_entropy": {
        "max": 8.58892059326,
        "mean": 7.85233402252,
        "min": 7.26240110397,
        "stdev": 0.18357822299
    },
    "spectral_flux": {
        "max": 0.225674450397,
        "mean": 0.10267803818,
        "min": 0.00705898273736,
        "stdev": 0.037412405014
    },
    "spectral_kurtosis": {
        "max": 8.85625076294,
        "mean": 2.55706191063,
        "min": -0.825373649597,
        "stdev": 1.23099315166
    },
    "spectral_rms": {
        "max": 0.00902064330876,
        "mean": 0.00528006535023,
        "min": 1.47377875237e-06,
        "stdev": 0.00152411661111
    },
    "spectral_rolloff": {
        "max": 10012.9394531,
        "mean": 1815.44555664,
        "min": 64.599609375,
        "stdev": 832.690673828
    },
    "spectral_skewness": {
        "max": 2.33162426949,
        "mean": 1.30478727818,
        "min": 0.437077373266,
        "stdev": 0.224568724632
    },
    "spectral_spread": {
        "max": 9920412,
        "mean": 4658862,
        "min": 2740502.5,
        "stdev": 898061.375
    },
    "spectral_strongpeak": {
        "max": 15.0360860825,
        "mean": 2.11731266975,
        "min": 0,
        "stdev": 2.12799859047
    },
    "zerocrossingrate": {
        "max": 0.2626953125,
        "mean": 0.0774099677801,
        "min": 0.0048828125,
        "stdev": 0.01938178204
    },
    "barkbands": {
        "max": [0.00414547044784, 0.0616149865091, 0.0377756655216, 0.0183750241995, 0.0214359294623, 0.0363107323647, 0.0159502532333, 0.0172717068344, 0.033472020179, 0.0420662388206, 0.0537320896983, 0.0563560500741, 0.030040724203, 0.031436316669, 0.0321375876665, 0.0298967808485, 0.0195485223085, 0.00548711838201, 0.00511938007548, 0.00438004219905, 0.00178434117697, 0.00191484903917, 0.00412869639695, 0.00214707944542, 0.0031945030205, 4.97482415085e-06, 3.02620890125e-07],
        "mean": [0.000312379910611, 0.00463426299393, 0.00262464559637, 0.00123835529666, 0.0009721989627, 0.000517185893841, 0.000444145262009, 0.000519445340615, 0.00165548617952, 0.00297092739493, 0.00360125419684, 0.00258680130355, 0.00121372938156, 0.00139035191387, 0.00204651011154, 0.00116178567987, 0.000551281496882, 0.000546109338757, 0.000519836787134, 0.000404055317631, 0.000221261085244, 0.000191814266145, 0.000329159840476, 0.000193503423361, 0.000110541041067, 6.69848674306e-08, 1.35250288746e-09],
        "min": [4.76307271402e-10, 6.02588978715e-10, 1.1503015207e-10, 6.45138109601e-11, 8.04581540281e-11, 3.71803143828e-11, 2.32534269617e-11, 1.76392199458e-11, 1.77673483565e-11, 8.80891366795e-12, 5.88137958474e-12, 6.63150307237e-12, 6.83341360927e-12, 6.49946242659e-12, 3.40811298453e-12, 5.98739243948e-12, 3.53787589502e-11, 1.70948880052e-11, 4.99869850373e-12, 8.87526423882e-12, 1.40002410706e-11, 5.05466632092e-12, 5.75091840468e-12, 9.7374530314e-12, 5.50981135716e-12, 6.02794420282e-12, 8.7538041052e-12],
        "stdev": [0.000480046262965, 0.00696937507018, 0.00472229253501, 0.00182986725122, 0.00155306525994, 0.00110717758071, 0.000890005845577, 0.00111158029176, 0.0029380931519, 0.00484497938305, 0.00543542159721, 0.00523493299261, 0.00227957312018, 0.00277429050766, 0.00331068877131, 0.002537362976, 0.00117149413563, 0.000633019779343, 0.000541453831829, 0.000378293218091, 0.00017370597925, 0.000144220481161, 0.000331114191795, 0.000154867419042, 0.000142420612974, 2.90801494884e-07, 7.28394278227e-09]
    },
    "erbbands": {
        "max": [3.10041975975, 10.96596241, 36.9936065674, 74.7434387207, 49.3290901184, 111.161712646, 107.868881226, 369.860717773, 216.071853638, 366.842041016, 336.05291748, 857.275085449, 923.12713623, 1533.67651367, 1425.60119629, 2760.83007812, 1218.20666504, 1379.97314453, 1752.51025391, 2445.09106445, 1472.69604492, 912.450500488, 387.135375977, 369.777557373, 121.870796204, 229.719680786, 98.7113342285, 77.7324447632, 83.7944335938, 81.6829376221, 130.405273438, 51.7392349243, 38.7382202148, 43.7297286987, 18.28241539, 0.947365641594, 0.0265245977789, 0.00192314409651, 0.00028306839522, 0.000100851699244],
        "mean": [0.158388271928, 0.951726317406, 2.56329989433, 4.44539022446, 3.3654050827, 3.22793865204, 2.57224178314, 5.16200637817, 5.82770347595, 9.04515171051, 13.1059474945, 35.8313331604, 67.3204956055, 141.955795288, 131.317398071, 102.980911255, 59.7426261902, 66.1648025513, 103.346229553, 88.1454391479, 53.0529594421, 30.7389564514, 30.1899871826, 35.8342933655, 17.2292327881, 20.1407718658, 11.2029867172, 7.92970561981, 6.92251777649, 8.95572948456, 8.91513347626, 4.88329124451, 2.90217065811, 1.46778452396, 0.697533547878, 0.0396821461618, 0.00111028878018, 8.95321936696e-05, 3.12221745844e-05, 4.1585539293e-05],
        "min": [3.39249695003e-08, 8.17942904519e-08, 1.32340375103e-07, 1.95232743749e-07, 2.46198027298e-07, 2.61822606262e-07, 2.74471346984e-07, 2.9941972457e-07, 3.7867354763e-07, 3.4910561908e-07, 3.11536439312e-07, 4.8956911769e-07, 3.01928025692e-07, 2.17986141138e-07, 2.71853537015e-07, 2.64740947387e-07, 3.25649040178e-07, 3.57184035238e-07, 1.8813244651e-07, 2.14808579813e-07, 6.3519013338e-07, 1.93650430447e-06, 1.30893113237e-06, 2.7808204095e-07, 3.45524767909e-07, 3.92193982179e-07, 2.45366493346e-07, 7.56005704261e-07, 2.47401573006e-07, 1.14998776723e-07, 1.64497890864e-07, 2.2759991225e-07, 1.41115037877e-07, 6.17501640932e-08, 4.18176391292e-08, 2.2039879255e-08, 1.18406502381e-08, 5.06176300874e-09, 1.13139009272e-09, 1.26952989787e-10],
        "stdev": [0.245509445667, 1.52099192142, 4.1678185463, 7.07772541046, 4.40346384048, 6.15207099915, 4.43097734451, 11.5814218521, 10.9624948502, 20.1337165833, 24.7679977417, 62.4754486084, 109.36491394, 214.956802368, 182.420028687, 217.042510986, 104.762199402, 118.739776611, 163.213165283, 145.999511719, 109.320877075, 55.939868927, 37.3878517151, 38.724407196, 13.6228704453, 20.0182170868, 8.10483264923, 6.76057481766, 5.308634758, 8.84184169769, 9.19549465179, 3.85821628571, 2.55620336533, 1.79585921764, 1.0380551815, 0.0646691396832, 0.00162522366736, 0.000105555074697, 1.88961330423e-05, 2.05905289477e-05]
    },
    "gfcc": {
        "mean": [18.3506355286, 72.4217376709, -165.804107666, 41.6239013672, -73.3355789185, 43.5891914368, -35.4517250061, 13.5609674454, -20.8283138275, -10.6566553116, -6.17585134506, -12.777633667, 3.30072712898],
        "cov": [[2275.26855469, 557.714111328, 833.859375, 642.824157715, 558.112670898, 394.98538208, -26.8603572845, 76.7873458862, -98.0035400391, 60.3174362183, 47.1439857483, 24.4569339752, 15.9772958755], [557.714111328, 841.55859375, 899.712402344, 616.63482666, 425.4637146, 169.396575928, 31.5807571411, 32.6476249695, -2.57410883904, 49.7747497559, 47.3242111206, 27.3012599945, 61.2394638062], [833.859375, 899.712402344, 1502.26611328, 927.573364258, 546.178161621, 261.507446289, -56.0541648865, 62.4659538269, -49.5209579468, 148.628143311, 32.3088340759, 73.3398208618, 7.14289140701], [642.824157715, 616.63482666, 927.573364258, 747.840698242, 477.025909424, 197.192504883, -18.6770401001, 51.8890151978, 19.3395347595, 70.2717971802, 37.8224334717, 52.6972045898, 45.6718711853], [558.112670898, 425.4637146, 546.178161621, 477.025909424, 475.465026855, 227.072875977, 4.86707687378, 37.0583648682, -15.1508245468, 32.339881897, 36.5521507263, 27.4414081573, 47.4819335938], [394.98538208, 169.396575928, 261.507446289, 197.192504883, 227.072875977, 261.104919434, 111.96346283, -13.5972251892, -51.8297042847, 16.5351600647, 60.4899368286, 3.2956225872, 8.4460067749], [-26.8603572845, 31.5807571411, -56.0541648865, -18.6770401001, 4.86707687378, 111.96346283, 199.858703613, 24.0805206299, -3.98027300835, -34.4431991577, 37.2204551697, -10.3456382751, 24.2477226257], [76.7873458862, 32.6476249695, 62.4659538269, 51.8890151978, 37.0583648682, -13.5972251892, 24.0805206299, 120.235778809, 54.9298286438, -2.75675821304, -27.8271522522, 8.67905902863, 21.0918655396], [-98.0035400391, -2.57410883904, -49.5209579468, 19.3395347595, -15.1508245468, -51.8297042847, -3.98027300835, 54.9298286438, 131.178939819, 21.0370445251, -13.0228004456, -6.37324094772, 15.2534999847], [60.3174362183, 49.7747497559, 148.628143311, 70.2717971802, 32.339881897, 16.5351600647, -34.4431991577, -2.75675821304, 21.0370445251, 109.039237976, 37.2194747925, 11.8716077805, -23.5387382507], [47.1439857483, 47.3242111206, 32.3088340759, 37.8224334717, 36.5521507263, 60.4899368286, 37.2204551697, -27.8271522522, -13.0228004456, 37.2194747925, 101.151008606, 24.1814613342, -0.86086088419], [24.4569339752, 27.3012599945, 73.3398208618, 52.6972045898, 27.4414081573, 3.2956225872, -10.3456382751, 8.67905902863, -6.37324094772, 11.8716077805, 24.1814613342, 65.0153121948, 26.7764625549], [15.9772958755, 61.2394638062, 7.14289140701, 45.6718711853, 47.4819335938, 8.4460067749, 24.2477226257, 21.0918655396, 15.2534999847, -23.5387382507, -0.86086088419, 26.7764625549, 77.8718338013]],
        "icov": [[0.00105955370236, -0.00122593832202, 0.00151147518773, -0.00175601185765, 0.00179702835158, -0.00360454013571, 0.00268502137624, -0.00257376674563, 0.0016443177592, -0.00057579332497, 0.000493397703394, -1.46888050949e-05, 0.000308603746817], [-0.00122593832202, 0.00915384571999, -0.00847536791116, 0.00567210232839, -0.00860980525613, 0.0116006415337, -0.00831452012062, 0.00749227264896, -0.00495646521449, 0.00395856890827, -0.00512432446703, 0.00485527934507, -0.00450391881168], [0.00151147518773, -0.00847536791116, 0.0132422586903, -0.0129914889112, 0.0108452895656, -0.0135610466823, 0.00919664930552, -0.0099610844627, 0.00937001686543, -0.00781274214387, 0.00726086972281, -0.00494356127456, 0.00503533519804], [-0.00175601185765, 0.00567210232839, -0.0129914889112, 0.0191080197692, -0.0143437227234, 0.0130424229428, -0.00871524494141, 0.0101197622716, -0.0112073495984, 0.0069142584689, -0.00572927761823, 0.00109205348417, -0.00296487403102], [0.00179702835158, -0.00860980525613, 0.0108452895656, -0.0143437227234, 0.0214073173702, -0.022165087983, 0.0155022731051, -0.0131585011259, 0.00810275413096, -0.00393570261076, 0.0040547279641, -0.00117981410585, -0.00041838909965], [-0.00360454013571, 0.0116006415337, -0.0135610466823, 0.0130424229428, -0.022165087983, 0.0363815203309, -0.0246603339911, 0.0179284475744, -0.00681450031698, 0.00345057877712, -0.00726660713553, 0.00448515592143, -0.00164170644712], [0.00268502137624, -0.00831452012062, 0.00919664930552, -0.00871524494141, 0.0155022731051, -0.0246603339911, 0.0243947189301, -0.0157341454178, 0.00599207822233, 0.00060122855939, -0.000951708003413, 0.00121822103392, -0.00127785769291], [-0.00257376674563, 0.00749227264896, -0.0099610844627, 0.0101197622716, -0.0131585011259, 0.0179284475744, -0.0157341454178, 0.0244995392859, -0.0125800985843, 0.00376792857423, 0.00107801612467, -0.00185832357965, -0.00178915518336], [0.0016443177592, -0.00495646521449, 0.00937001686543, -0.0112073495984, 0.00810275413096, -0.00681450031698, 0.00599207822233, -0.0125800985843, 0.0197278670967, -0.00948353204876, 0.00374173885211, 0.00214376673102, -0.000812556536403], [-0.00057579332497, 0.00395856890827, -0.00781274214387, 0.0069142584689, -0.00393570261076, 0.00345057877712, 0.00060122855939, 0.00376792857423, -0.00948353204876, 0.0205323398113, -0.010562251322, 0.00127022643574, 0.0019947537221], [0.000493397703394, -0.00512432446703, 0.00726086972281, -0.00572927761823, 0.0040547279641, -0.00726660713553, -0.000951708003413, 0.00107801612467, 0.00374173885211, -0.010562251322, 0.0225552879274, -0.0114567689598, 0.00520611647516], [-1.46888050949e-05, 0.00485527934507, -0.00494356127456, 0.00109205348417, -0.00117981410585, 0.00448515592143, 0.00121822103392, -0.00185832357965, 0.00214376673102, 0.00127022643574, -0.0114567689598, 0.0286110620946, -0.0136459646747], [0.000308603746817, -0.00450391881168, 0.00503533519804, -0.00296487403102, -0.00041838909965, -0.00164170644712, -0.00127785769291, -0.00178915518336, -0.000812556536403, 0.0019947537221, 0.00520611647516, -0.0136459646747, 0.024424823001]]
    },
    "melbands": {
        "max": [0.0213855523616, 0.0141581371427, 0.0102792680264, 0.00534255709499, 0.00308779161423, 0.00759503012523, 0.00293751596473, 0.00404172390699, 0.00387961789966, 0.00506061548367, 0.00516819627956, 0.00626492500305, 0.00721585890278, 0.00729730306193, 0.00444504385814, 0.00242007779889, 0.00284998794086, 0.0029275752604, 0.00237382133491, 0.00286356988363, 0.00152047909796, 0.00136165285949, 0.000323976651998, 0.000313469936373, 0.000379155244445, 0.000116057686682, 0.00018502396415, 0.000135774578666, 4.787637954e-05, 5.69983458263e-05, 5.65410664422e-05, 4.52139647678e-05, 4.00842218369e-05, 5.68356408621e-05, 0.000108550266305, 4.50472180091e-05, 3.56496384484e-05, 2.34995804931e-05, 3.58274592145e-05, 3.84624254366e-05],
        "mean": [0.00135009083897, 0.00131841318216, 0.000715153117198, 0.000237057203776, 9.84043072094e-05, 0.000111573812319, 9.01163293747e-05, 0.000102538266219, 0.000114686808956, 0.00024651127751, 0.000330992188537, 0.000557432125788, 0.000450139516033, 0.000313048105454, 0.000196453620447, 0.000114868344099, 0.000123513731523, 0.000161465504789, 0.000147610306158, 0.000102599828097, 5.07032236783e-05, 3.31528790412e-05, 2.57153606071e-05, 2.67351042567e-05, 3.10679570248e-05, 1.22825304061e-05, 1.24908028738e-05, 1.36765820571e-05, 7.43675900594e-06, 5.47537592865e-06, 4.28192697655e-06, 3.80817687073e-06, 3.89016395275e-06, 5.55216547582e-06, 5.60978060093e-06, 3.73946568288e-06, 2.71289354714e-06, 2.0842601316e-06, 1.62150547567e-06, 1.10809662601e-06],
        "min": [2.87916357422e-10, 7.87845413908e-11, 3.48949757978e-11, 1.86145040354e-11, 9.79855866584e-12, 6.95162373845e-12, 5.45871204141e-12, 4.09291871228e-12, 2.40574075418e-12, 2.95876539415e-12, 1.41545792014e-12, 8.80668313882e-13, 8.70577481632e-13, 8.16259440681e-13, 5.76090282249e-13, 8.19846577779e-13, 6.20401679249e-13, 3.01175073379e-13, 2.95324176355e-13, 2.67601750221e-13, 8.51570062296e-13, 1.94351566091e-12, 1.9383823973e-12, 6.28387749821e-13, 1.66435238529e-13, 1.90940619977e-13, 3.4621603002e-13, 2.2984240379e-13, 1.26408622068e-13, 2.62919514719e-13, 4.93372053281e-13, 1.49537581753e-13, 4.71288691395e-14, 7.08862628969e-14, 6.22579583915e-14, 1.94724444902e-13, 1.02735304801e-13, 1.12546080853e-13, 6.37025358136e-14, 4.68920997138e-14],
        "stdev": [0.00202312413603, 0.00187164242379, 0.001032043132, 0.000383609556593, 0.000159777453518, 0.000240012348513, 0.000164498895174, 0.000231088211876, 0.000240120964008, 0.000433978158981, 0.000567071139812, 0.000864281726535, 0.000650068861432, 0.000578956562094, 0.000446294201538, 0.000209332443774, 0.00025524085504, 0.00027917479747, 0.000248571421253, 0.000212968778214, 0.00011193658429, 7.56540321163e-05, 3.56675336661e-05, 3.31115188601e-05, 3.6526711483e-05, 1.14199001473e-05, 1.28316742121e-05, 1.47024957187e-05, 6.13391966908e-06, 5.17814169143e-06, 4.08222285841e-06, 3.07915388476e-06, 3.38712902703e-06, 6.05854756941e-06, 6.3715365286e-06, 3.55917018169e-06, 2.26297970585e-06, 1.85952842457e-06, 1.71605654486e-06, 1.59990679549e-06]
    },
    "melbands128": {
        "max": [0.00413460517302, 0.0288856588304, 0.0278825089335, 0.0181302558631, 0.0201015211642, 0.0214048475027, 0.0187061578035, 0.00562096154317, 0.00559630431235, 0.00718213431537, 0.00788941886276, 0.00221938849427, 0.00291550997645, 0.0066710812971, 0.01112105418, 0.00678051635623, 0.00487076025456, 0.00327538629062, 0.00412161368877, 0.00673217047006, 0.00693328212947, 0.00307909119874, 0.0056772660464, 0.0116775231436, 0.0102983936667, 0.00901470147073, 0.00694116158411, 0.00769241619855, 0.0104656061158, 0.00971574708819, 0.0111442571506, 0.0116133820266, 0.0118080629036, 0.00853045098484, 0.0107144471258, 0.0119670033455, 0.0115675330162, 0.00906098634005, 0.00890360027552, 0.00418905634433, 0.00356899690814, 0.00770393246785, 0.00623430497944, 0.00657451851293, 0.00470530288294, 0.00598540762439, 0.00439286837354, 0.00388650526293, 0.00384893966839, 0.00734735978767, 0.00468762079254, 0.00498745031655, 0.00388310593553, 0.00140305992682, 0.00323890359141, 0.00146428134758, 0.000677916337736, 0.000721437041648, 0.000573967467062, 0.000815127626993, 0.000552414159756, 0.000670737645123, 0.000567949784454, 0.000697745825164, 0.000436474249, 0.000202715193154, 0.000100138437119, 0.000291884527542, 0.000180671166163, 0.000474674248835, 0.000290445517749, 0.000208524186746, 0.000101479810837, 6.96423157933e-05, 0.000141885582707, 0.000117710013001, 0.000114492031571, 6.14318341832e-05, 9.72148991423e-05, 5.82585198572e-05, 4.3549342081e-05, 7.62757117627e-05, 5.75088852202e-05, 4.42612799816e-05, 5.39810789633e-05, 0.000101315577922, 7.59703616495e-05, 0.000148556951899, 0.000212305269088, 8.92548123375e-05, 0.00011584933236, 3.34954238497e-05, 3.14041208185e-05, 4.65599623567e-05, 3.87008876714e-05, 1.40978618219e-05, 4.68735961476e-05, 2.88481169264e-05, 4.53236607427e-05, 2.51598230534e-05, 4.50536535936e-05, 4.45426485385e-05, 2.82299261016e-05, 2.96854032058e-05, 2.27858199651e-05, 1.85417320608e-05, 2.93494827019e-06, 4.38335035824e-07, 2.81977574623e-09, 2.45084597061e-09, 2.18049600598e-09, 2.02817296291e-09, 1.87362925175e-09, 1.76212633374e-09, 1.66982272454e-09, 1.58314639176e-09, 1.49250545256e-09, 1.44959433346e-09, 1.41945843968e-09, 1.35021760439e-09, 1.30557809008e-09, 1.26119625854e-09, 1.24085919317e-09, 1.2171464947e-09, 1.1839410563e-09, 1.16120779659e-09, 1.1493273e-09, 1.14402309848e-09],
        "mean": [0.000282007356873, 0.0012881574221, 0.00182493252214, 0.00144403241575, 0.0012091496028, 0.00136267440394, 0.00100260437466, 0.000486804376123, 0.000307003065245, 0.000264367408818, 0.000167806560057, 0.000106326966488, 7.83489595051e-05, 7.98956461949e-05, 0.000133790366817, 0.000114540715003, 9.80153636192e-05, 7.71965424065e-05, 9.32238181122e-05, 0.000100287899841, 0.000115308859677, 8.87674614205e-05, 0.000107232524897, 0.000142762335599, 0.000195950851776, 0.000321996951243, 0.000302716740407, 0.000350423535565, 0.000309489609208, 0.000455324305221, 0.000759440881666, 0.000541845452972, 0.000336673343554, 0.000530493445694, 0.000295366800856, 0.000248164025834, 0.000326450885041, 0.000200156893698, 0.000120373864775, 0.000111815876153, 0.000125118516735, 0.000100566358014, 9.9060460343e-05, 0.000166291400092, 0.000128335959744, 0.000165429970366, 0.000191324696061, 0.000163129734574, 0.000123990699649, 9.83715726761e-05, 0.000109772372525, 0.000102665522718, 4.64310323878e-05, 3.09176284645e-05, 4.66742494609e-05, 3.31188239215e-05, 2.28409789997e-05, 2.588137977e-05, 2.42257647187e-05, 3.10062605422e-05, 2.48838296102e-05, 2.37120711972e-05, 3.75143681595e-05, 3.5276167182e-05, 1.76041303348e-05, 9.02947340364e-06, 1.02527737909e-05, 1.26096920212e-05, 1.08432741399e-05, 1.62029100466e-05, 1.4151328287e-05, 1.38303657877e-05, 8.80861989572e-06, 5.95431447437e-06, 5.66895823795e-06, 6.14066721027e-06, 5.31797422809e-06, 4.06173467127e-06, 4.5424635573e-06, 3.88709395338e-06, 3.64285233445e-06, 3.95896859118e-06, 3.69317422155e-06, 3.76535194846e-06, 3.81216023015e-06, 5.65656728213e-06, 5.79662128075e-06, 6.22135030426e-06, 6.06216008237e-06, 4.68744519821e-06, 4.65924176751e-06, 3.05457456307e-06, 2.95594304589e-06, 2.88159822048e-06, 2.52976224147e-06, 2.0538670924e-06, 2.17630145016e-06, 1.8024027213e-06, 1.85690930721e-06, 1.34565163989e-06, 1.12034058475e-06, 1.19963772249e-06, 8.83832115051e-07, 1.01586317669e-06, 1.02516469269e-06, 7.1520162237e-07, 1.2430277252e-07, 4.1128509487e-09, 1.09280579377e-11, 8.83594673123e-12, 8.3473488538e-12, 8.31097777404e-12, 7.97617961262e-12, 7.92194608523e-12, 8.0078305098e-12, 7.12645350717e-12, 6.58282933372e-12, 6.41457286593e-12, 6.28984971746e-12, 6.09497998946e-12, 5.9208584216e-12, 5.80272288553e-12, 5.73045907601e-12, 5.60467427677e-12, 5.25707472346e-12, 4.72343041416e-12, 4.43275147491e-12, 4.37283022292e-12],
        "min": [7.25087143105e-11, 9.79438335991e-11, 2.11900413882e-10, 1.13838632965e-10, 7.14308126537e-11, 5.50718359804e-11, 4.10214570645e-11, 2.93723587119e-11, 2.44572244401e-11, 2.02305758951e-11, 1.35892425784e-11, 1.00961773664e-11, 9.7187102116e-12, 8.11586822053e-12, 6.25281423861e-12, 6.6725106343e-12, 7.10080822267e-12, 5.45526688059e-12, 3.19202758843e-12, 3.42724199714e-12, 5.35775026775e-12, 3.85806794498e-12, 7.52512906588e-13, 2.3523342562e-12, 4.49211588066e-12, 2.59469789404e-12, 1.10268781953e-12, 1.77887338106e-12, 1.04226436509e-12, 1.1001977324e-12, 5.10335209421e-13, 1.04216852162e-12, 8.07567229234e-13, 9.7821382071e-13, 7.49162667665e-13, 9.80806798626e-13, 5.20125392409e-13, 5.91537019021e-13, 4.10830847423e-13, 9.39502382141e-13, 6.86072889038e-13, 1.07617181225e-12, 5.75392435521e-13, 5.07653381138e-13, 4.25448521899e-13, 1.5779052869e-13, 2.83572346377e-13, 3.12281803064e-13, 2.92934920028e-13, 3.10528973412e-13, 1.12766282315e-13, 4.20990228355e-13, 6.26127730392e-13, 1.02349856021e-12, 1.39849948028e-12, 1.95056275819e-12, 2.46113155897e-12, 2.53685831023e-12, 1.53336815901e-12, 1.2563864879e-12, 5.99275132556e-13, 1.56863590043e-13, 1.92192900592e-13, 1.38945970072e-13, 1.72485696516e-13, 1.46326364654e-13, 2.64532373871e-13, 2.47965330994e-13, 4.29038965813e-13, 3.90631049643e-13, 1.97123513259e-13, 1.83435298201e-13, 1.59936029264e-13, 1.26146326457e-13, 6.0610425099e-14, 1.22487306756e-13, 4.30139078652e-13, 5.47983913021e-13, 6.46959374094e-13, 2.45154482652e-13, 1.55754979769e-13, 1.31225813636e-13, 5.17267096669e-14, 3.28075308348e-14, 4.9519538318e-14, 6.87732951642e-14, 7.68230693903e-14, 6.76993793598e-14, 3.82214333967e-14, 6.89129810616e-14, 1.51204027597e-13, 2.67484819017e-13, 2.33853924723e-13, 3.12311245929e-14, 7.60232941053e-14, 1.15666441811e-13, 1.38844895325e-13, 8.18380668679e-14, 6.22869607996e-14, 5.39682705534e-14, 4.26152575684e-14, 4.86583192629e-14, 4.85647288985e-14, 5.02651034944e-14, 8.27525846242e-14, 1.94572294068e-14, 1.77461313738e-14, 3.4660005443e-14, 4.74804047533e-14, 3.61646137841e-14, 3.10050819925e-14, 7.04537543215e-14, 2.26598660625e-14, 3.08097968524e-14, 3.83306464368e-14, 2.74498746487e-14, 2.85172649112e-14, 6.62175528169e-14, 6.69512459795e-14, 2.10400239711e-14, 3.12458426374e-14, 1.98323701347e-14, 3.58164595259e-14, 7.78247434487e-14, 2.07889278302e-14, 8.25743451751e-15, 3.76313487411e-15, 8.36690886727e-16],
        "stdev": [0.00043806040776, 0.00209962041117, 0.00307688862085, 0.00247817998752, 0.00199721078388, 0.00253212079406, 0.00170698319562, 0.000687751336955, 0.000456405163277, 0.000566032831557, 0.00038416904863, 0.000202217081096, 0.0001543671533, 0.000195386412088, 0.000349261681549, 0.000258745159954, 0.000244960014243, 0.000171996260178, 0.000237196320086, 0.000288349168841, 0.000350662012352, 0.000221287482418, 0.000285218062345, 0.000472631800221, 0.000491555896588, 0.000709861691575, 0.00066018733196, 0.000880249834154, 0.000796284002718, 0.000969881482888, 0.00149605982006, 0.00118381809443, 0.000824045273475, 0.00104340456892, 0.000717760645784, 0.000781636335887, 0.0009844211163, 0.000658856704831, 0.000424230820499, 0.000309369526803, 0.000269196316367, 0.000310780131258, 0.000303816836094, 0.000487571407575, 0.00035949292942, 0.000418949464802, 0.000438327813754, 0.000389762630221, 0.00031171948649, 0.000321967818309, 0.000286159222014, 0.000325112574501, 0.000161194184329, 8.03957373137e-05, 0.000182048010174, 8.53024394019e-05, 4.83126932522e-05, 5.48843236174e-05, 4.24312311225e-05, 5.99882696406e-05, 4.42002419732e-05, 4.36229420302e-05, 5.66059534322e-05, 5.51954653929e-05, 3.12844022119e-05, 1.09714146674e-05, 1.08997992356e-05, 1.6122157831e-05, 1.57520007633e-05, 2.75096826954e-05, 2.18268360186e-05, 2.20982474275e-05, 1.06086690721e-05, 6.32385763311e-06, 6.64953358864e-06, 8.0965073721e-06, 6.67280164635e-06, 5.40419023309e-06, 5.61858178116e-06, 4.28296925747e-06, 3.6581132008e-06, 4.16732063968e-06, 3.74865612685e-06, 4.002129117e-06, 4.05415630667e-06, 7.96501717559e-06, 7.27328551875e-06, 9.50002140598e-06, 8.68805273058e-06, 5.89886576563e-06, 6.40135931462e-06, 2.85412693302e-06, 2.71983458333e-06, 2.936269766e-06, 2.60858382717e-06, 1.82384667369e-06, 2.49399181484e-06, 1.90539367395e-06, 2.4029384349e-06, 1.52980260282e-06, 1.719144052e-06, 2.03240256269e-06, 1.32039156142e-06, 1.65752533121e-06, 1.59832052304e-06, 1.32159766508e-06, 2.55361783275e-07, 1.8821753045e-08, 6.77445738395e-11, 5.86266105107e-11, 5.22407256343e-11, 4.89133247794e-11, 4.53109320897e-11, 4.34253570603e-11, 4.33201634287e-11, 3.83099871271e-11, 3.59068573486e-11, 3.48688751484e-11, 3.41313227681e-11, 3.24915754024e-11, 3.14263476353e-11, 3.03683085623e-11, 2.98719764202e-11, 2.93019011832e-11, 2.85221238988e-11, 2.79930401775e-11, 2.77133767324e-11, 2.7585177198e-11]
    },
    "mfcc": {
        "mean": [-598.712402344, 80.5820236206, -20.5920982361, -1.66976606846, -1.19981741905, 10.4423589706, 7.18256092072, 13.729352951, 1.18032205105, 7.44339179993, -5.63621711731, -5.02248907089, -1.2678579092],
        "cov": [[1636.74194336, 220.620620728, 315.435882568, 269.828430176, 455.375, 256.117706299, 253.061325073, 105.695129395, 15.7708501816, 81.5062942505, -41.5494232178, -28.1807174683, 84.6884994507], [220.620620728, 510.207214355, 476.957458496, 381.891937256, 329.418792725, 182.332824707, 146.247512817, 31.2651996613, 36.8188362122, 32.4517745972, -9.57151794434, 14.1647844315, 28.455242157], [315.435882568, 476.957458496, 962.462768555, 634.19329834, 505.44744873, 304.810882568, 186.501846313, 28.8313083649, 29.0230255127, 38.7759933472, 18.5435714722, 66.846282959, 56.7732315063], [269.828430176, 381.891937256, 634.19329834, 630.759765625, 514.350280762, 210.759353638, 102.061408997, 48.3046951294, 82.5409240723, 30.5195960999, -17.3081874847, 47.4728012085, 74.1961364746], [455.375, 329.418792725, 505.44744873, 514.350280762, 621.490600586, 256.273071289, 145.336898804, 40.4987068176, 56.9254302979, 37.680015564, -35.26014328, 24.6315021515, 96.2362365723], [256.117706299, 182.332824707, 304.810882568, 210.759353638, 256.273071289, 305.777923584, 209.0287323, 38.9150085449, -23.2195472717, 39.2394485474, -1.83298873901, 14.6698360443, 45.0730781555], [253.061325073, 146.247512817, 186.501846313, 102.061408997, 145.336898804, 209.0287323, 276.039276123, 82.5965194702, -19.5581188202, 33.7956504822, -10.3623867035, -12.926779747, 23.064863205], [105.695129395, 31.2651996613, 28.8313083649, 48.3046951294, 40.4987068176, 38.9150085449, 82.5965194702, 126.569068909, 62.6064376831, 19.5159397125, -19.2636528015, -14.3147630692, 5.1346116066], [15.7708501816, 36.8188362122, 29.0230255127, 82.5409240723, 56.9254302979, -23.2195472717, -19.5581188202, 62.6064376831, 133.544158936, 31.5575351715, -12.5515022278, -9.79045200348, -2.72661447525], [81.5062942505, 32.4517745972, 38.7759933472, 30.5195960999, 37.680015564, 39.2394485474, 33.7956504822, 19.5159397125, 31.5575351715, 86.4615859985, 32.6327095032, 1.97736644745, -3.95800805092], [-41.5494232178, -9.57151794434, 18.5435714722, -17.3081874847, -35.26014328, -1.83298873901, -10.3623867035, -19.2636528015, -12.5515022278, 32.6327095032, 88.3717803955, 36.0793800354, -10.7457513809], [-28.1807174683, 14.1647844315, 66.846282959, 47.4728012085, 24.6315021515, 14.6698360443, -12.926779747, -14.3147630692, -9.79045200348, 1.97736644745, 36.0793800354, 78.8739624023, 30.9697303772], [84.6884994507, 28.455242157, 56.7732315063, 74.1961364746, 96.2362365723, 45.0730781555, 23.064863205, 5.1346116066, -2.72661447525, -3.95800805092, -10.7457513809, 30.9697303772, 81.6701889038]],
        "icov": [[0.00091204646742, 2.14097817661e-05, -0.000155722998898, 0.000491116079502, -0.000888303038664, 0.000202511582756, -0.000268344185315, -0.000549479736947, 0.000452559092082, -0.000703220139258, 0.000167825986864, 0.000407446699683, -0.000397229072405], [2.14097817661e-05, 0.00440578116104, -0.000981748104095, -0.00148167507723, -0.000230242178077, 0.000473421707284, -0.00176446000114, 0.00114108715206, -0.000556685728952, -0.000301047897665, 0.000376313808374, 0.000288370647468, 0.000814881117549], [-0.000155722998898, -0.000981748104095, 0.0043474175036, -0.00410637306049, 0.000829843338579, -0.00131682970095, -0.000710974039976, 0.000874024932273, 0.000489583995659, 0.000626883876976, -0.00101209210698, -0.00112439098302, 0.00144666910637], [0.000491116079502, -0.00148167507723, -0.00410637306049, 0.011059130542, -0.005525351502, 0.000385024497518, 0.00212407275103, -0.0021559081506, -0.00198136782274, 0.00035551583278, 0.000758285110351, -0.00142733426765, -0.000759431160986], [-0.000888303038664, -0.000230242178077, 0.000829843338579, -0.005525351502, 0.00777809042484, -0.00257150456309, -7.7104959928e-05, 0.00207800185308, -0.00118579855189, -0.000182316929568, 0.000772062980104, 0.0013981629163, -0.00288785342127], [0.000202511582756, 0.000473421707284, -0.00131682970095, 0.000385024497518, -0.00257150456309, 0.0108552835882, -0.00631189113483, 0.000815644976683, 0.00213458365761, -0.00247434549965, 0.000665781262796, -0.00095839536516, -0.000636466371361], [-0.000268344185315, -0.00176446000114, -0.000710974039976, 0.00212407275103, -7.7104959928e-05, -0.00631189113483, 0.0121435150504, -0.00747987208888, 0.00399557687342, -0.00117275631055, -0.000119815769722, 0.00223664357327, -0.000714687223081], [-0.000549479736947, 0.00114108715206, 0.000874024932273, -0.0021559081506, 0.00207800185308, 0.000815644976683, -0.00747987208888, 0.0172212533653, -0.00915751140565, 0.00100017455406, 0.00149289297406, -0.00050576182548, -0.000214841362322], [0.000452559092082, -0.000556685728952, 0.000489583995659, -0.00198136782274, -0.00118579855189, 0.00213458365761, 0.00399557687342, -0.00915751140565, 0.0162647720426, -0.00642508408055, 0.00221795402467, 0.000741643772926, 0.00109315651935], [-0.000703220139258, -0.000301047897665, 0.000626883876976, 0.00035551583278, -0.000182316929568, -0.00247434549965, -0.00117275631055, 0.00100017455406, -0.00642508408055, 0.0192295275629, -0.00939503870904, 0.00238532666117, 0.000500806607306], [0.000167825986864, 0.000376313808374, -0.00101209210698, 0.000758285110351, 0.000772062980104, 0.000665781262796, -0.000119815769722, 0.00149289297406, 0.00221795402467, -0.00939503870904, 0.0212383884937, -0.0108477184549, 0.00489898445085], [0.000407446699683, 0.000288370647468, -0.00112439098302, -0.00142733426765, 0.0013981629163, -0.00095839536516, 0.00223664357327, -0.00050576182548, 0.000741643772926, 0.00238532666117, -0.0108477184549, 0.0236919410527, -0.0104341302067], [-0.000397229072405, 0.000814881117549, 0.00144666910637, -0.000759431160986, -0.00288785342127, -0.000636466371361, -0.000714687223081, -0.000214841362322, 0.00109315651935, 0.000500806607306, 0.00489898445085, -0.0104341302067, 0.0206881742924]]
    },
    "spectral_contrast_coeffs": {
        "max": [-0.494040161371, -0.528137803078, -0.482043683529, -0.537871479988, -0.642812907696, -0.687170863152],
        "mean": [-0.745228588581, -0.778846502304, -0.703842699528, -0.754677414894, -0.78329461813, -0.774207174778],
        "min": [-0.925203859806, -0.935147464275, -0.939464151859, -0.922430634499, -0.910254716873, -0.889439582825],
        "stdev": [0.0584414415061, 0.0591823793948, 0.0837037488818, 0.0644704401493, 0.0358081310987, 0.0262557938695]
    },
    "spectral_contrast_valleys": {
        "max": [-5.52181959152, -5.04030704498, -5.44280195236, -5.9249162674, -6.0992474556, -7.82852458954],
        "mean": [-7.16809129715, -6.81399774551, -6.81631183624, -7.01076126099, -7.00033569336, -9.31105327606],
        "min": [-16.5079154968, -15.6560029984, -16.3218765259, -16.3727836609, -15.4065208435, -17.4472236633],
        "stdev": [1.30203568935, 0.494398146868, 0.543715238571, 0.440125793219, 0.369118571281, 0.478159040213]
    }
},
"rhythm": {
    "beats_count": 101,
    "beats_loudness": {
        "max": 0.0715100690722,
        "mean": 0.0418138131499,
        "min": 0.00424136873335,
        "stdev": 0.0158363282681
    },
    "bpm": 150.121063232,
    "bpm_histogram_first_peak_bpm": 152,
    "bpm_histogram_first_peak_weight": 0.432432472706,
    "bpm_histogram_second_peak_bpm": 144,
    "bpm_histogram_second_peak_spread": 0.319999992847,
    "bpm_histogram_second_peak_weight": 0.170000001788,
    "danceability": 1.24599397182,
    "onset_rate": 2.82759237289,
    "beats_loudness_band_ratio": {
        "max": [0.922110557556, 0.211796730757, 0.553319633007, 0.923470258713, 0.457794904709, 0.187116265297],
        "mean": [0.356684952974, 0.0354030132294, 0.108803600073, 0.329266905785, 0.141218215227, 0.0553454943001],
        "min": [5.29087083123e-05, 0.000441169599071, 0.00370796932839, 0.00832751858979, 0.0129053173587, 0.0161948334426],
        "stdev": [0.280885577202, 0.0394582003355, 0.126251548529, 0.235606119037, 0.106064066291, 0.0298679992557]
    },
