{
"metadata": {
    "version": {
        "essentia": "2.1-beta5",
        "essentia_git_sha": "Undefined",
        "extractor": "music 2.0"
    },
    "audio_properties": {
        "analysis": {
            "equal_loudness": 0,
            "length": 34.028842926,
            "sample_rate": 44100,
            "start_time": 158.998641968,
            "downmix": "mix"
        },
        "bit_rate": 192000,
        "length": 193.050704956,
        "lossless": 0,
        "number_channels": 2,
        "replay_gain": 0.152280807495,
        "sample_rate": 48000,
        "codec": "mp3",
        "md5_encoded": "bf5c270007a52c4e448f968ae7786670"
    },
    "tags": {
        "file_name": "Greece_My Number One_Helena Paparizou.mp3",
        "encoding": ["Lavf58.29.100"]
    }
},
"lowlevel": {
    "average_loudness": 0.965823471546,
    "barkbands_crest": {
        "max": 24.2942123413,
        "mean": 10.7921676636,
        "min": 2.23610854149,
        "stdev": 4.3505988121
    },
    "barkbands_flatness_db": {
        "max": 0.236536353827,
        "mean": 0.128125578165,
        "min": 0.0337821878493,
        "stdev": 0.039874650538
    },
    "barkbands_kurtosis": {
        "max": 25.4281082153,
        "mean": 2.25501346588,
        "min": -1.73633086681,
        "stdev": 2.99137449265
    },
    "barkbands_skewness": {
        "max": 4.57833862305,
        "mean": 1.23760318756,
        "min": -1.75649428368,
        "stdev": 0.819757163525
    },
    "barkbands_spread": {
        "max": 83.4928512573,
        "mean": 22.52850914,
        "min": 3.86796569824,
        "stdev": 13.2385425568
    },
    "dissonance": {
        "max": 0.500000119209,
        "mean": 0.468916624784,
        "min": 0.30385312438,
        "stdev": 0.0312309097499
    },
    "dynamic_complexity": 2.15238833427,
    "erbbands_crest": {
        "max": 30.5101718903,
        "mean": 10.4128599167,
        "min": 2.32621598244,
        "stdev": 5.42923307419
    },
    "erbbands_flatness_db": {
        "max": 0.313775509596,
        "mean": 0.177041679621,
        "min": 0.0721921250224,
        "stdev": 0.0613543689251
    },
    "erbbands_kurtosis": {
        "max": 27.7060184479,
        "mean": 1.76436388493,
        "min": -1.49203288555,
        "stdev": 3.05693054199
    },
    "erbbands_skewness": {
        "max": 4.88725757599,
        "mean": 0.864318311214,
        "min": -1.94614350796,
        "stdev": 0.878301441669
    },
    "erbbands_spread": {
        "max": 97.1808853149,
        "mean": 30.2072944641,
        "min": 6.03132772446,
        "stdev": 17.5263881683
    },
    "hfc": {
        "max": 103.33052063,
        "mean": 29.6197967529,
        "min": 1.8529547674e-08,
        "stdev": 16.0848255157
    },
    "loudness_ebu128": {
        "integrated": -22.5270118713,
        "loudness_range": 1.47735786438,
        "momentary": {
            "max": -20.3755073547,
            "mean": -22.8305263519,
            "min": -40.0691680908,
            "stdev": 1.90446937084
        },
        "short_term": {
            "max": -21.4703426361,
            "mean": -22.5232486725,
            "min": -24.0076160431,
            "stdev": 0.491634458303
        }
    },
    "melbands_crest": {
        "max": 30.9102802277,
        "mean": 13.4709749222,
        "min": 3.24327111244,
        "stdev": 4.67498731613
    },
    "melbands_flatness_db": {
        "max": 0.278408527374,
        "mean": 0.159942135215,
        "min": 0.022226985544,
        "stdev": 0.0385733358562
    },
    "melbands_kurtosis": {
        "max": 119.859031677,
        "mean": 8.6278219223,
        "min": -1.51729738712,
        "stdev": 10.5258579254
    },
    "melbands_skewness": {
        "max": 9.91637420654,
        "mean": 2.08825182915,
        "min": -0.896248996258,
        "stdev": 1.37895023823
    },
    "melbands_spread": {
        "max": 148.542541504,
        "mean": 24.584444046,
        "min": 4.44862556458,
        "stdev": 13.8649368286
    },
    "pitch_salience": {
        "max": 0.87318366766,
        "mean": 0.569660902023,
        "min": 0.172926366329,
        "stdev": 0.154849499464
    },
    "silence_rate_20dB": {
        "max": 1,
        "mean": 1,
        "min": 1,
        "stdev": 0
    },
    "silence_rate_30dB": {
        "max": 1,
        "mean": 1,
        "min": 1,
        "stdev": 0
    },
    "silence_rate_60dB": {
        "max": 1,
        "mean": 0.0149965919554,
        "min": 0,
        "stdev": 0.121538870037
    },
    "spectral_centroid": {
        "max": 3675.44604492,
        "mean": 1597.08483887,
        "min": 503.819519043,
        "stdev": 405.818603516
    },
    "spectral_complexity": {
        "max": 56,
        "mean": 22.8759365082,
        "min": 0,
        "stdev": 7.67273569107
    },
    "spectral_decrease": {
        "max": -5.82266327225e-20,
        "mean": -7.36910177324e-09,
        "min": -2.83800130063e-08,
        "stdev": 4.5253831793e-09
    },
    "spectral_energy": {
        "max": 0.109967388213,
        "mean": 0.0304993391037,
        "min": 1.90044312752e-12,
        "stdev": 0.0181603729725
    },
    "spectral_energyband_high": {
        "max": 0.00952294655144,
        "mean": 0.0011119893752,
        "min": 1.3784573526e-12,
        "stdev": 0.000922167615499
    },
    "spectral_energyband_low": {
        "max": 0.0735452696681,
        "mean": 0.00850066915154,
        "min": 6.7515078543e-14,
        "stdev": 0.0114326057956
    },
    "spectral_energyband_middle_high": {
        "max": 0.0674107223749,
        "mean": 0.0123085211962,
        "min": 3.6380298188e-13,
        "stdev": 0.0111017404124
    },
    "spectral_energyband_middle_low": {
        "max": 0.0841026082635,
        "mean": 0.00986348558217,
        "min": 5.15806710224e-14,
        "stdev": 0.0105526885018
    },
    "spectral_entropy": {
        "max": 8.70712089539,
        "mean": 7.85587263107,
        "min": 6.75730276108,
        "stdev": 0.258224546909
    },
    "spectral_flux": {
        "max": 0.274007380009,
        "mean": 0.102055691183,
        "min": 1.79045964614e-05,
        "stdev": 0.042531773448
    },
    "spectral_kurtosis": {
        "max": 8.16078472137,
        "mean": 2.96795392036,
        "min": -0.513012170792,
        "stdev": 1.41723263264
    },
    "spectral_rms": {
        "max": 0.0103578595445,
        "mean": 0.00520550645888,
        "min": 4.30591562406e-08,
        "stdev": 0.00163037143648
    },
    "spectral_rolloff": {
        "max": 17355.7617188,
        "mean": 1671.63476562,
        "min": 86.1328125,
        "stdev": 1101.45690918
    },
    "spectral_skewness": {
        "max": 2.11374545097,
        "mean": 1.41700565815,
        "min": 0.584467887878,
        "stdev": 0.261466383934
    },
    "spectral_spread": {
        "max": 10724586,
        "mean": 5071774,
        "min": 3138122.5,
        "stdev": 1177025.875
    },
    "spectral_strongpeak": {
        "max": 10.4587669373,
        "mean": 1.75929951668,
        "min": 0,
        "stdev": 1.92095160484
    },
    "zerocrossingrate": {
        "max": 0.58740234375,
        "mean": 0.0728946998715,
        "min": 0.01953125,
        "stdev": 0.0277747809887
    },
    "barkbands": {
        "max": [0.0235096979886, 0.0679382160306, 0.0357758924365, 0.0264006331563, 0.0281198490411, 0.0325259231031, 0.00983148533851, 0.0523402690887, 0.0727818310261, 0.0691666007042, 0.0585096515715, 0.0472120866179, 0.0387716367841, 0.0196253210306, 0.00958524923772, 0.011844531633, 0.0169643331319, 0.0139355026186, 0.00323860999197, 0.00417834799737, 0.00199041701853, 0.00149835064076, 0.00274687935598, 0.00270686252043, 0.0031011805404, 0.000439669674961, 8.49249681778e-06],
        "mean": [0.000182731528184, 0.00553261907771, 0.00226542167366, 0.000751634070184, 0.000982830184512, 0.00100396329071, 0.000343590421835, 0.000975765404291, 0.00447793537751, 0.00440234877169, 0.00208327546716, 0.00187667272985, 0.00101701635867, 0.00107289967127, 0.000619567406829, 0.000470107770525, 0.000498828245327, 0.000434347224655, 0.000287672242848, 0.00026298177545, 0.000218517176108, 0.000227950309636, 0.000199173940928, 0.000175810637302, 0.000112900190288, 2.23775641643e-05, 3.72890269773e-07],
        "min": [4.78937365028e-14, 3.4817702649e-14, 7.78917352845e-15, 3.56987922499e-15, 3.99561407791e-15, 6.1853700059e-15, 1.58837210691e-14, 4.71316914533e-15, 1.37193587654e-14, 8.33231392412e-15, 1.60850709651e-15, 3.12606932426e-16, 2.12564019256e-14, 3.06129125142e-14, 1.090522258e-13, 1.00032659836e-14, 4.2137242995e-14, 2.30234668136e-14, 1.01925629395e-13, 2.41637984714e-14, 1.21118867431e-13, 4.94915896189e-14, 1.10794836847e-13, 1.12045552144e-13, 2.00992759762e-13, 3.44414275745e-13, 4.47942491476e-13],
        "stdev": [0.000835619459394, 0.00860952120274, 0.00444277375937, 0.00181696692016, 0.002112403512, 0.00208816491067, 0.000773297215346, 0.00290285376832, 0.00832883175462, 0.00777697749436, 0.00417505437508, 0.00461273314431, 0.0023089889437, 0.00168246019166, 0.000927865505219, 0.000706877326593, 0.0011429709848, 0.000614704447798, 0.000263411086053, 0.000320381164784, 0.000200158625375, 0.000201171103981, 0.000211724764085, 0.00019934210286, 0.000170243773027, 3.18341444654e-05, 7.39673453154e-07]
    },
    "erbbands": {
        "max": [1.53357648849, 17.3378944397, 32.2337226868, 72.3642807007, 58.2496452332, 110.81136322, 295.862792969, 249.545654297, 136.934799194, 356.700744629, 1412.03942871, 2013.83081055, 2387.76538086, 1977.14135742, 1441.32507324, 1858.26672363, 1427.3482666, 1170.73278809, 710.116516113, 498.816925049, 790.07824707, 771.517150879, 822.72668457, 201.59803772, 100.547805786, 289.970916748, 122.034828186, 101.430274963, 60.1588630676, 98.6921768188, 67.2994384766, 64.8065490723, 56.0536499023, 44.7187995911, 17.1487197876, 3.13847827911, 0.558948397636, 0.0515038259327, 0.00158372393344, 0.00015636725584],
        "mean": [0.125173658133, 1.3470338583, 2.55973267555, 3.23041939735, 1.84180414677, 3.66695427895, 6.00019979477, 9.019572258, 6.10415315628, 8.4801940918, 31.1689281464, 87.6067352295, 153.180526733, 110.341003418, 90.6905670166, 63.8261451721, 46.8216285706, 51.0763320923, 43.2697029114, 26.6783561707, 28.795999527, 29.0115699768, 26.4504737854, 17.5831737518, 11.9840545654, 13.745390892, 9.15198707581, 8.73276901245, 8.6137676239, 6.2735247612, 5.42091655731, 4.29851007462, 2.71592259407, 1.56338202953, 0.603499948978, 0.15801680088, 0.0310082416981, 0.00348532618955, 0.000108204512799, 4.25582620664e-05],
        "min": [1.74009938403e-12, 5.38221940974e-12, 9.29192226634e-12, 1.15253804764e-11, 1.22366084279e-11, 1.42597444269e-11, 1.19900409046e-11, 6.98917104747e-11, 2.18127030327e-10, 1.75387163126e-10, 9.95532198345e-11, 2.96262070432e-10, 3.48705175846e-10, 1.97719660089e-10, 3.48648575288e-11, 4.83382223138e-11, 8.18394407798e-10, 1.78421954988e-09, 3.82601239579e-09, 3.4700788909e-09, 8.96740071088e-10, 2.37787101121e-09, 1.7014997189e-09, 3.23322191242e-09, 4.4988741621e-09, 9.72683711353e-10, 2.5489070854e-09, 5.67879432367e-09, 2.20437290643e-09, 1.63347702031e-09, 3.58429796954e-09, 2.51443021959e-09, 1.80316617193e-09, 2.31596608558e-09, 1.35222366637e-09, 1.22090959565e-09, 5.9301147326e-10, 2.85779566678e-10, 7.6054253173e-11, 5.87420043163e-12],
        "stdev": [0.183624178171, 2.18429279327, 4.18434095383, 7.07620429993, 4.18610095978, 8.44921207428, 14.4917612076, 18.5629882812, 11.9947423935, 19.5586223602, 72.9410171509, 160.42791748, 249.668899536, 179.768753052, 150.46697998, 142.912475586, 95.6232147217, 72.8782196045, 66.7455444336, 30.3100986481, 46.6792144775, 58.3307533264, 40.5083198547, 16.5104656219, 10.3929634094, 18.1953582764, 9.77049064636, 7.61185789108, 7.96041584015, 6.07785558701, 5.63309955597, 4.96783971786, 3.25640392303, 2.33397936821, 0.958038210869, 0.226187944412, 0.0452325865626, 0.00500912079588, 0.000146527774632, 2.44414677582e-05]
    },
    "gfcc": {
        "mean": [21.1581707001, 52.4826850891, -149.846908569, 17.9470081329, -72.2329330444, 33.2717247009, -31.3684425354, 19.6486663818, -23.8023948669, -0.196387723088, -19.3025016785, 0.540386855602, -7.15812635422],
        "cov": [[3966.46728516, 940.270874023, 1247.07250977, 860.989501953, 409.853607178, 376.359771729, -40.7664413452, 11.9123306274, -30.3916702271, 188.074325562, 135.352630615, 1.89238488674, -11.9359331131], [940.270874023, 861.151428223, 1118.5736084, 717.935302734, 409.075897217, 285.37612915, 13.064907074, -24.1836585999, 41.0557327271, 139.197235107, 128.250396729, -3.08449602127, 27.6522769928], [1247.07250977, 1118.5736084, 2158.77246094, 1338.46362305, 705.567810059, 475.43145752, -70.1889648438, 13.8951692581, 79.6139450073, 288.990844727, 198.555252075, 22.3066997528, 18.7201480865], [860.989501953, 717.935302734, 1338.46362305, 1016.49835205, 491.869018555, 288.9324646, -73.8252029419, 1.3525840044, 75.619178772, 196.974868774, 146.386734009, 24.0168533325, 38.6564674377], [409.853607178, 409.075897217, 705.567810059, 491.869018555, 381.309509277, 239.33215332, 11.0815706253, 16.6242370605, 34.0011863708, 98.9618682861, 78.3384857178, 27.0897293091, 29.4399299622], [376.359771729, 285.37612915, 475.43145752, 288.9324646, 239.33215332, 282.493347168, 85.3816604614, 7.37330198288, 6.43184089661, 69.6039047241, 65.2240447998, 4.08971595764, 6.97208929062], [-40.7664413452, 13.064907074, -70.1889648438, -73.8252029419, 11.0815706253, 85.3816604614, 155.493453979, 49.1267089844, -6.15084171295, -19.3829746246, 4.55961704254, -10.7793827057, 0.550659000874], [11.9123306274, -24.1836585999, 13.8951692581, 1.3525840044, 16.6242370605, 7.37330198288, 49.1267089844, 115.593757629, 48.3136978149, 2.36319732666, -5.48085355759, -6.00438737869, 16.6171188354], [-30.3916702271, 41.0557327271, 79.6139450073, 75.619178772, 34.0011863708, 6.43184089661, -6.15084171295, 48.3136978149, 81.0509567261, 32.2137832642, 3.90743017197, -3.53754210472, 14.4123802185], [188.074325562, 139.197235107, 288.990844727, 196.974868774, 98.9618682861, 69.6039047241, -19.3829746246, 2.36319732666, 32.2137832642, 100.480804443, 64.9577941895, 13.4626426697, 5.54429149628], [135.352630615, 128.250396729, 198.555252075, 146.386734009, 78.3384857178, 65.2240447998, 4.55961704254, -5.48085355759, 3.90743017197, 64.9577941895, 92.8394851685, 33.1735267639, 15.9326782227], [1.89238488674, -3.08449602127, 22.3066997528, 24.0168533325, 27.0897293091, 4.08971595764, -10.7793827057, -6.00438737869, -3.53754210472, 13.4626426697, 33.1735267639, 67.6713790894, 31.2593975067], [-11.9359331131, 27.6522769928, 18.7201480865, 38.6564674377, 29.4399299622, 6.97208929062, 0.550659000874, 16.6171188354, 14.4123802185, 5.54429149628, 15.9326782227, 31.2593975067, 63.8487205505]],
        "icov": [[0.000494237872772, -0.00105103198439, 0.000613335636444, -0.000581334985327, 0.000815822102595, -0.00103285966907, 0.00106588786002, -0.00161195546389, 0.00166201486718, -0.00112446176354, 0.00113038194831, -0.000879223283846, 0.000737532856874], [-0.00105103198439, 0.00786977354437, -0.0042995386757, 0.00168982171454, -0.00382734113373, 0.00392341194674, -0.0053891427815, 0.00815363693982, -0.00669194757938, 0.00601292960346, -0.00700516719371, 0.00631463108584, -0.00446160649881], [0.000613335636444, -0.0042995386757, 0.00567459780723, -0.00454465951771, 0.0017411817098, -0.00386270252056, 0.00393855245784, -0.00604283576831, 0.00562579743564, -0.00553606869653, 0.00507035804912, -0.00379221281037, 0.00402436917648], [-0.000581334985327, 0.00168982171454, -0.00454465951771, 0.00835608504713, -0.00463304715231, 0.0027861460112, -0.000294776575174, 0.00400128867477, -0.00502571463585, 0.002473954577, -0.0050776139833, 0.00398986972868, -0.00354066956788], [0.000815822102595, -0.00382734113373, 0.0017411817098, -0.00463304715231, 0.0139909582213, -0.00899029802531, 0.00418227305636, -0.00615489622578, 0.00398942176253, -0.00280762719922, 0.00556010380387, -0.00668276241049, 0.00142864766531], [-0.00103285966907, 0.00392341194674, -0.00386270252056, 0.0027861460112, -0.00899029802531, 0.0164840221405, -0.0117187704891, 0.0088172564283, -0.00438372278586, 0.00120788894128, -0.00501680513844, 0.00526408851147, -0.00273566041142], [0.00106588786002, -0.0053891427815, 0.00393855245784, -0.000294776575174, 0.00418227305636, -0.0117187704891, 0.0192937012762, -0.0134454397485, 0.00747901527211, -5.55040169274e-05, 0.00078944087727, -0.00210669613443, 0.00339210149832], [-0.00161195546389, 0.00815363693982, -0.00604283576831, 0.00400128867477, -0.00615489622578, 0.0088172564283, -0.0134454397485, 0.0258412603289, -0.0181835722178, 0.00800207071006, -0.00737774884328, 0.00772424507886, -0.00774868112057], [0.00166201486718, -0.00669194757938, 0.00562579743564, -0.00502571463585, 0.00398942176253, -0.00438372278586, 0.00747901527211, -0.0181835722178, 0.0314279198647, -0.0171104408801, 0.0128551479429, -0.00389284337871, 0.000999028095976], [-0.00112446176354, 0.00601292960346, -0.00553606869653, 0.002473954577, -0.00280762719922, 0.00120788894128, -5.55040169274e-05, 0.00800207071006, -0.0171104408801, 0.0366518050432, -0.0240093450993, 0.00668554846197, -0.000210750251426], [0.00113038194831, -0.00700516719371, 0.00507035804912, -0.0050776139833, 0.00556010380387, -0.00501680513844, 0.00078944087727, -0.00737774884328, 0.0128551479429, -0.0240093450993, 0.0358471870422, -0.0161164067686, 0.00285840569995], [-0.000879223283846, 0.00631463108584, -0.00379221281037, 0.00398986972868, -0.00668276241049, 0.00526408851147, -0.00210669613443, 0.00772424507886, -0.00389284337871, 0.00668554846197, -0.0161164067686, 0.0306338984519, -0.0143666025251], [0.000737532856874, -0.00446160649881, 0.00402436917648, -0.00354066956788, 0.00142864766531, -0.00273566041142, 0.00339210149832, -0.00774868112057, 0.000999028095976, -0.000210750251426, 0.00285840569995, -0.0143666025251, 0.0264364872128]]
    },
    "melbands": {
        "max": [0.0160742551088, 0.0129956146702, 0.0103341005743, 0.00582339242101, 0.00779489893466, 0.00513954600319, 0.00207039737143, 0.00386327900924, 0.0106530105695, 0.0111270034686, 0.0123460320756, 0.00771174672991, 0.00497812917456, 0.00655265711248, 0.00428164470941, 0.00225438596681, 0.00204316317104, 0.00157257600222, 0.000804778537713, 0.00045679390314, 0.000877407146618, 0.000952580943704, 0.0010939319618, 0.000331947259838, 0.000161664618645, 7.39238748793e-05, 6.10224415141e-05, 0.000244617869612, 0.000109924440039, 5.04568270117e-05, 5.66571980016e-05, 4.11683140555e-05, 3.88643566112e-05, 6.16698744125e-05, 4.05640384997e-05, 5.47623239981e-05, 3.91959547414e-05, 4.01780234824e-05, 4.37761591456e-05, 3.42640196322e-05],
        "mean": [0.00138943991624, 0.00152668554801, 0.000494809646625, 0.000187754121725, 0.000208507830394, 0.000196196080651, 8.94899130799e-05, 0.000119058182463, 0.000285249756416, 0.000618852325715, 0.000787163327914, 0.000467775185825, 0.00030274540768, 0.000234702325542, 0.000120493350551, 9.65667786659e-05, 9.46487125475e-05, 7.51722109271e-05, 4.60882911284e-05, 2.78317511402e-05, 3.37764140568e-05, 2.73222540272e-05, 3.1863230106e-05, 1.84177497431e-05, 1.39893945743e-05, 9.75990406005e-06, 7.68982954469e-06, 9.52821847022e-06, 5.57640214538e-06, 5.40017708772e-06, 4.89907051815e-06, 5.09339497512e-06, 4.1145058276e-06, 3.24181223732e-06, 3.06253946292e-06, 3.0966346003e-06, 2.49745971814e-06, 1.98287216335e-06, 1.59457601967e-06, 1.22289600313e-06],
        "min": [1.48986691853e-14, 5.44332679246e-15, 1.98977483727e-15, 9.62129689951e-16, 4.43361185032e-16, 1.62034046442e-15, 3.34086523298e-15, 1.71576603158e-15, 7.71343353637e-16, 2.0935283265e-15, 1.71652052618e-15, 8.16005759819e-16, 1.49470411723e-16, 3.61388658354e-17, 4.0332251995e-16, 2.79932594134e-15, 3.16048871983e-15, 4.74193099609e-15, 8.95488483442e-15, 1.17244204152e-15, 1.01699889609e-15, 2.22316671908e-15, 2.32009989901e-15, 1.11156239547e-15, 2.65203792324e-15, 4.54562645188e-15, 1.84578431844e-15, 2.72446929874e-16, 1.36566815036e-15, 1.95104616158e-15, 4.16693665589e-15, 1.28716651324e-15, 5.61729592488e-16, 1.03836307872e-15, 2.28655252386e-15, 1.70774791183e-15, 1.47756162621e-15, 1.03903287002e-15, 1.69001845345e-15, 1.99831102356e-15],
        "stdev": [0.00209214072675, 0.00222968193702, 0.00103675946593, 0.000431256514275, 0.000461483199615, 0.000397204159526, 0.000177848778549, 0.000318255042657, 0.000643443141598, 0.00114369823132, 0.0012954545673, 0.000791478320025, 0.000521733774804, 0.000576692924369, 0.000331363582518, 0.000168419355759, 0.000139560026582, 0.000134894391522, 6.86199273332e-05, 3.29490248987e-05, 6.01172068855e-05, 5.41410445294e-05, 7.08126099198e-05, 2.24860523304e-05, 1.40266420203e-05, 8.77335514815e-06, 7.11185020918e-06, 1.49653678818e-05, 7.54294751459e-06, 5.60482158107e-06, 4.35718447989e-06, 4.96319989907e-06, 3.95840470446e-06, 3.48557045982e-06, 3.23918743561e-06, 3.67057896256e-06, 3.03404590341e-06, 2.38813572651e-06, 2.27136183639e-06, 1.90532989564e-06]
    },
    "melbands128": {
        "max": [0.00790661759675, 0.00996168889105, 0.0269919894636, 0.0305741820484, 0.0161921307445, 0.0186304170638, 0.0178663358092, 0.00941609591246, 0.00555542949587, 0.00546733848751, 0.00819002557546, 0.00755017623305, 0.0132298721001, 0.0109995203093, 0.00851076748222, 0.00630664266646, 0.00422028498724, 0.00398091645911, 0.00236668717116, 0.00576138030738, 0.00632937531918, 0.0138939060271, 0.0167316067964, 0.0188264492899, 0.02330667153, 0.0235316883773, 0.0189202651381, 0.0229669827968, 0.017418006435, 0.0168283395469, 0.0162580516189, 0.0158442314714, 0.00975150056183, 0.0101352706552, 0.0149584179744, 0.0089550409466, 0.0106724761426, 0.00916237384081, 0.00981025863439, 0.00288796494715, 0.0043668160215, 0.00500122457743, 0.00310236122459, 0.00311251496896, 0.00337505131029, 0.00187535688747, 0.00231750472449, 0.00173758808523, 0.00114875775762, 0.00108780199662, 0.000501071102917, 0.00112657889258, 0.00220439513214, 0.00139099184889, 0.00129180005752, 0.00183819618542, 0.00187244080007, 0.0025885454379, 0.00210421998054, 0.000714321096893, 0.000507306016516, 0.000436588743469, 0.00027008150937, 0.000330651761033, 0.000187064972124, 0.000133828129037, 0.000148025210365, 0.000130095562781, 9.18112054933e-05, 0.00012015588436, 0.000606545887422, 0.000348110421328, 0.000254273414612, 0.000200901034987, 0.000131013293867, 0.00010288766498, 0.000105870618427, 0.000113346701255, 7.43669006624e-05, 4.68840298709e-05, 7.89642290329e-05, 7.32852276997e-05, 3.75248891942e-05, 5.43441310583e-05, 4.35323272541e-05, 9.48773085838e-05, 4.7850960982e-05, 5.90232994e-05, 7.42649863241e-05, 4.73042709928e-05, 8.9652457973e-05, 5.61179294891e-05, 3.56983400707e-05, 6.22942679911e-05, 5.71991658944e-05, 5.37500854989e-05, 3.2612344512e-05, 3.62958780897e-05, 4.36602604168e-05, 5.59084073757e-05, 5.07797412865e-05, 3.62801438314e-05, 2.57195260929e-05, 1.38588684422e-05, 2.85480800812e-05, 2.32135407714e-05, 8.80297920958e-06, 9.13741314434e-06, 5.36362995263e-06, 4.50125162388e-06, 3.380611588e-06, 2.2384060685e-06, 1.63206061643e-06, 1.30788987462e-06, 1.31466595121e-06, 6.93321226208e-07, 3.04764540715e-07, 5.33327479957e-08, 9.17620326391e-08, 5.68348390573e-08, 3.60340415284e-08, 4.82183430961e-08, 1.38131079908e-08, 4.77242023678e-09, 4.64032456904e-09, 4.53949944301e-09, 4.48080150761e-09, 4.43961001295e-09],
        "mean": [0.000127434890601, 0.000732136250008, 0.00211940985173, 0.00228994875215, 0.00141507363878, 0.00115710985847, 0.000737607129849, 0.000260569649981, 0.000146120335557, 0.000190137943719, 0.000204099065741, 0.000228658362175, 0.000205249409191, 0.000191009341506, 0.000210771991988, 0.000216294953134, 0.000105222170532, 7.13559929864e-05, 5.67981514905e-05, 6.30141512374e-05, 0.000156866677571, 0.000270834338153, 0.000226895746891, 0.000402605597628, 0.000469891907414, 0.000743884593248, 0.00093558547087, 0.000718244409654, 0.000805450603366, 0.000522585702129, 0.000342003215337, 0.000343104882631, 0.000297123799101, 0.000251835299423, 0.000357262848411, 0.000182534189662, 0.000126708822791, 0.000120655167848, 0.000127039631479, 8.30602657516e-05, 8.66016271175e-05, 0.000118312760605, 8.91991949175e-05, 8.04343289929e-05, 0.000111654786451, 6.13902229816e-05, 5.30678298674e-05, 5.6455770391e-05, 3.73651673726e-05, 3.07547234115e-05, 2.04036277864e-05, 2.89468971459e-05, 4.84757983941e-05, 2.75099428109e-05, 2.16715634451e-05, 2.46885483648e-05, 3.39829821314e-05, 3.81677236874e-05, 3.06386791635e-05, 2.20756064664e-05, 1.78449881787e-05, 1.57272534125e-05, 1.28609208332e-05, 1.37871047627e-05, 1.56912283273e-05, 7.96746007836e-06, 7.73631018092e-06, 8.22374749987e-06, 5.94863968217e-06, 9.39829624258e-06, 1.21455177577e-05, 8.33194189909e-06, 5.55700034965e-06, 5.40273322258e-06, 4.89709009344e-06, 5.42583029528e-06, 5.99135819357e-06, 4.62667867396e-06, 4.8006149882e-06, 4.86173030367e-06, 5.53281415705e-06, 5.0018697948e-06, 4.48433047495e-06, 4.37988956037e-06, 3.36792913913e-06, 3.41783925251e-06, 3.07099594465e-06, 3.06571837427e-06, 3.26307076648e-06, 2.6950397114e-06, 3.47895297637e-06, 3.32850618179e-06, 2.28088720178e-06, 2.60019373854e-06, 2.56973476098e-06, 2.06284971682e-06, 2.02776664082e-06, 1.56771557158e-06, 1.56423811859e-06, 1.68851079252e-06, 1.34003403218e-06, 1.15542047752e-06, 1.10276948817e-06, 6.8875198167e-07, 6.78263859299e-07, 6.3388944227e-07, 3.78551163749e-07, 3.01947068237e-07, 2.55967478324e-07, 1.9894976333e-07, 1.45426795939e-07, 1.07184490616e-07, 8.20013497105e-08, 6.28748253462e-08, 6.63209007712e-08, 3.46519115624e-08, 1.29321717779e-08, 1.54926582674e-09, 8.04997457582e-10, 5.771392253e-10, 2.16144949161e-10, 1.75444075934e-10, 4.9500140098e-11, 8.05548943522e-12, 7.62320415126e-12, 7.09054212913e-12, 6.78855062441e-12, 6.70726798754e-12],
        "min": [2.27493991391e-14, 1.77930383643e-14, 1.23508305024e-14, 7.97448824368e-15, 5.23498379249e-15, 3.62082444512e-15, 2.44079489421e-15, 1.56881746194e-15, 1.1583067557e-15, 1.0394036587e-15, 8.02241897943e-16, 4.66702977839e-16, 2.79126366999e-16, 4.43460102598e-16, 1.15191388041e-15, 2.3450333726e-15, 3.55707547496e-15, 3.76104651438e-15, 2.89251925905e-15, 1.88180566507e-15, 1.20237629176e-15, 8.51343286165e-16, 5.50266695613e-16, 7.94737027212e-16, 1.7846850791e-15, 2.7776306747e-15, 2.60018722489e-15, 1.62490152508e-15, 9.22157358137e-16, 9.87243793321e-16, 8.71683829481e-16, 2.89375915647e-16, 7.81254949374e-17, 6.24798434896e-17, 2.10393802393e-17, 2.85703882237e-17, 6.18372697374e-17, 7.11263889023e-17, 6.84870660024e-16, 1.86683668707e-15, 3.28638174447e-15, 4.25750226564e-15, 3.48140218673e-15, 2.55367431641e-15, 1.92961771033e-15, 3.81066866904e-15, 9.34520439277e-15, 1.28027479907e-14, 7.81080082069e-15, 1.37290032943e-15, 5.08006845445e-16, 2.92616848991e-16, 8.95164959207e-16, 1.49335974359e-15, 1.04764380697e-15, 1.52403133601e-15, 4.28072494444e-15, 3.0679120421e-15, 1.39972660402e-15, 1.22298957968e-15, 1.38502475903e-15, 8.75522900435e-16, 2.94766300974e-16, 2.97534404646e-15, 6.88773311389e-15, 5.22737489552e-15, 2.63074287967e-15, 2.9696685022e-15, 1.76479949835e-15, 1.84418660254e-16, 1.31135377728e-16, 1.99945435922e-16, 9.37110771909e-16, 1.93043001492e-15, 1.19081386851e-15, 2.5220109543e-15, 1.67234204051e-15, 2.03749455594e-15, 7.07415617174e-15, 3.33557530046e-15, 7.22590784171e-16, 1.00695467352e-15, 5.94155813654e-16, 7.03100185478e-16, 2.14001603574e-16, 6.68312171757e-16, 1.55998523764e-15, 1.30743527051e-15, 3.29707002971e-15, 1.67990085665e-15, 2.1536816418e-15, 1.49664474912e-15, 1.53835911007e-15, 1.82860161983e-15, 1.0008509541e-15, 1.14488033057e-15, 7.21084494893e-16, 1.4445859983e-15, 1.68496367846e-15, 1.30314441336e-15, 3.23352328867e-15, 1.58401386829e-15, 1.46558638028e-15, 1.91507860155e-15, 1.35371651548e-15, 9.42066126409e-16, 2.16741162236e-15, 1.29572991046e-15, 3.14739994321e-15, 2.02407183658e-15, 1.96943122346e-15, 1.5849629687e-15, 1.41575024392e-15, 2.56915109067e-15, 1.80523007499e-15, 3.00378063656e-15, 2.15876468651e-15, 2.25501600493e-15, 1.11853993526e-15, 2.33564782403e-15, 3.30307845793e-15, 2.41282544278e-15, 1.44774659586e-15, 1.86060379513e-15, 2.00397470936e-15, 5.21110921596e-16, 8.65010890688e-17, 2.10406830488e-18],
        "stdev": [0.000387999694794, 0.00114834541455, 0.00348302023485, 0.00392324989662, 0.0022467575036, 0.00238125445321, 0.00170013227034, 0.000625259941444, 0.000379504228476, 0.000512828526553, 0.000527569674887, 0.000547471980099, 0.000604708970059, 0.000587783753872, 0.000520824396517, 0.00047272851225, 0.000234200648265, 0.000234371662373, 0.000171825406142, 0.000209254736546, 0.000520560482983, 0.000977270072326, 0.000687538995408, 0.0012667265255, 0.00141487969086, 0.00179851916619, 0.00231340224855, 0.00185989157762, 0.00188641878776, 0.0011952779023, 0.000903479056433, 0.0010161040118, 0.000646095082629, 0.00066016294295, 0.00118870462757, 0.000580340798479, 0.00056720332941, 0.000452091946499, 0.000555484264623, 0.000200273672817, 0.000218746979954, 0.000278302788502, 0.000196947774384, 0.000184492295375, 0.000303971581161, 0.000146432721522, 0.000138371950015, 0.000124186990433, 7.36628717277e-05, 5.1668692322e-05, 2.86732756649e-05, 7.02505712979e-05, 0.000106724342913, 7.23075208953e-05, 6.99517913745e-05, 5.77286482439e-05, 0.000107732004835, 0.000134098692797, 7.97944594524e-05, 3.95878487325e-05, 2.820719601e-05, 2.90793759632e-05, 1.84765412996e-05, 1.9658356905e-05, 1.85901662917e-05, 9.95566006168e-06, 1.09681195681e-05, 1.0614346138e-05, 6.83124926582e-06, 1.30868347696e-05, 2.70685613941e-05, 1.77561287273e-05, 1.40352394737e-05, 8.92260413821e-06, 6.85483837515e-06, 6.77215984979e-06, 8.12576399767e-06, 5.35824574399e-06, 5.42258021596e-06, 4.8341139518e-06, 6.40253028905e-06, 6.20069567958e-06, 5.07812728756e-06, 5.11680127602e-06, 3.58515580956e-06, 4.46102285423e-06, 3.59662953997e-06, 3.96918312617e-06, 3.91937737731e-06, 3.24540474139e-06, 4.46261537945e-06, 4.52325275546e-06, 2.72166903414e-06, 3.59910495717e-06, 3.57036628884e-06, 2.79803589365e-06, 2.55171653407e-06, 2.14276838051e-06, 2.2557653665e-06, 2.83554140879e-06, 2.32704769587e-06, 1.98104476112e-06, 1.76838659627e-06, 1.00971124084e-06, 1.30764624373e-06, 1.22844278394e-06, 5.6278821603e-07, 4.8342599257e-07, 3.76759714982e-07, 3.0804235962e-07, 2.1941505679e-07, 1.78932992867e-07, 1.34320984557e-07, 1.04740323081e-07, 1.09915397672e-07, 5.62686892636e-08, 2.41163959913e-08, 4.06982891832e-09, 5.13783993128e-09, 3.71767727714e-09, 1.71727798648e-09, 1.9450014932e-09, 5.64252089497e-10, 1.24592086648e-10, 1.21149909549e-10, 1.18529783211e-10, 1.1700386493e-10, 1.15929925382e-10]
    },
    "mfcc": {
        "mean": [-608.552246094, 82.5390167236, -19.3987159729, -8.41356945038, -9.96420764923, 4.05976390839, 4.11758136749, 12.9105319977, 5.98356533051, 4.97010183334, -0.303859472275, -3.69025635719, -6.70036840439],
        "cov": [[2390.51147461, 361.067840576, 641.883300781, 415.714538574, 390.119750977, 275.093933105, 173.310287476, -23.7448101044, -34.1994628906, 77.9318237305, 28.4824295044, 52.6334457397, 103.072113037], [361.067840576, 454.006774902, 579.283569336, 331.868469238, 339.280059814, 253.59727478, 156.570343018, 12.6761302948, -7.63568210602, 78.8881988525, 42.6933479309, 22.4284210205, 40.4361228943], [641.883300781, 579.283569336, 1570.5489502, 930.05279541, 876.096008301, 547.475585938, 289.141998291, -24.4515228271, -8.6750087738, 197.336486816, 85.706741333, 110.659866333, 174.657821655], [415.714538574, 331.868469238, 930.05279541, 719.551330566, 606.061401367, 313.837921143, 144.768264771, -23.8613529205, 9.53876972198, 112.379974365, 33.1722145081, 82.2103347778, 123.843666077], [390.119750977, 339.280059814, 876.096008301, 606.061401367, 668.297851562, 359.253112793, 169.382232666, -2.59074068069, 26.1270332336, 119.758071899, 20.4827766418, 85.4869689941, 131.199035645], [275.093933105, 253.59727478, 547.475585938, 313.837921143, 359.253112793, 350.590545654, 186.621444702, 16.5050983429, -9.11021327972, 71.0687637329, 40.2224578857, 28.1171188354, 67.1353530884], [173.310287476, 156.570343018, 289.141998291, 144.768264771, 169.382232666, 186.621444702, 207.604812622, 56.9119033813, 6.85309934616, 52.4071350098, 37.1391372681, 19.9813938141, 30.3827323914], [-23.7448101044, 12.6761302948, -24.4515228271, -23.8613529205, -2.59074068069, 16.5050983429, 56.9119033813, 90.5629501343, 49.8781394958, 10.6874856949, 6.39297437668, -3.43857383728, -6.80132961273], [-34.1994628906, -7.63568210602, -8.6750087738, 9.53876972198, 26.1270332336, -9.11021327972, 6.85309934616, 49.8781394958, 91.1117172241, 36.452960968, -0.287898629904, 3.61533951759, -2.75149846077], [77.9318237305, 78.8881988525, 197.336486816, 112.379974365, 119.758071899, 71.0687637329, 52.4071350098, 10.6874856949, 36.452960968, 99.7934188843, 36.0668754578, 16.3352108002, 14.9648313522], [28.4824295044, 42.6933479309, 85.706741333, 33.1722145081, 20.4827766418, 40.2224578857, 37.1391372681, 6.39297437668, -0.287898629904, 36.0668754578, 71.1910247803, 18.1679878235, -3.93542551994], [52.6334457397, 22.4284210205, 110.659866333, 82.2103347778, 85.4869689941, 28.1171188354, 19.9813938141, -3.43857383728, 3.61533951759, 16.3352108002, 18.1679878235, 71.536315918, 47.2663002014], [103.072113037, 40.4361228943, 174.657821655, 123.843666077, 131.199035645, 67.1353530884, 30.3827323914, -6.80132961273, -2.75149846077, 14.9648313522, -3.93542551994, 47.2663002014, 87.1597137451]],
        "icov": [[0.000500162888784, -0.000272254896117, 2.87363127427e-05, -0.000142026226968, 6.00897583354e-05, -9.44325347518e-06, -0.000207592602237, 0.00020777642203, 8.2937971456e-05, -6.87444480718e-05, 8.0672747572e-05, 3.67419379472e-05, -0.000317411089782], [-0.000272254896117, 0.00501070497558, -0.00123446632642, 0.000227933633141, -0.000870211515576, -0.00070478382986, -0.00066926603904, -0.000841442029923, 0.000964585109614, -0.00016303738812, -0.000399251235649, 0.000578758947086, 0.00189415924251], [2.87363127427e-05, -0.00123446632642, 0.00465361773968, -0.00329397432506, -0.00128640094772, -0.00108237925451, -0.000674006761983, 0.000667923653964, 0.00134905381128, -0.00190390972421, -0.00127548840828, 0.000488260673592, -0.00100196048152], [-0.000142026226968, 0.000227933633141, -0.00329397432506, 0.0088007831946, -0.00501807639375, 0.00199477630667, 0.000236638821661, 0.0010808641091, -0.000916675839107, 0.00160746113397, -0.00107152143028, 0.00043778802501, -0.000413717032643], [6.00897583354e-05, -0.000870211515576, -0.00128640094772, -0.00501807639375, 0.0119056953117, -0.00553862284869, 0.0014783567749, -8.4012906882e-05, -0.00251340097748, -0.00250731385313, 0.00567519944161, -0.00450701825321, -0.00108495703898], [-9.44325347518e-06, -0.00070478382986, -0.00108237925451, 0.00199477630667, -0.00553862284869, 0.0123898480088, -0.00627299863845, 0.00129630661104, 0.00111032836139, 0.00198488589376, -0.00399246998131, 0.00545521080494, -0.00268997950479], [-0.000207592602237, -0.00066926603904, -0.000674006761983, 0.000236638821661, 0.0014783567749, -0.00627299863845, 0.014335623011, -0.0101477615535, 0.00468272948638, -0.00341930775903, 0.00014050482423, -0.0024558508303, 0.000460843555629], [0.00020777642203, -0.000841442029923, 0.000667923653964, 0.0010808641091, -8.4012906882e-05, 0.00129630661104, -0.0101477615535, 0.0260814353824, -0.0159880630672, 0.00617436133325, -0.00240920064971, 0.0020696381107, -0.000824954186101], [8.2937971456e-05, 0.000964585109614, 0.00134905381128, -0.000916675839107, -0.00251340097748, 0.00111032836139, 0.00468272948638, -0.0159880630672, 0.0253614708781, -0.0116605125368, 0.00389569858089, -0.00191437709145, 0.00211846409366], [-6.87444480718e-05, -0.00016303738812, -0.00190390972421, 0.00160746113397, -0.00250731385313, 0.00198488589376, -0.00341930775903, 0.00617436133325, -0.0116605125368, 0.0222271475941, -0.00963345449418, 0.00307814753614, -0.000681436213199], [8.0672747572e-05, -0.000399251235649, -0.00127548840828, -0.00107152143028, 0.00567519944161, -0.00399246998131, 0.00014050482423, -0.00240920064971, 0.00389569858089, -0.00963345449418, 0.0253357086331, -0.0116006536409, 0.0076757199131], [3.67419379472e-05, 0.000578758947086, 0.000488260673592, 0.00043778802501, -0.00450701825321, 0.00545521080494, -0.0024558508303, 0.0020696381107, -0.00191437709145, 0.00307814753614, -0.0116006536409, 0.0288294721395, -0.015059276484], [-0.000317411089782, 0.00189415924251, -0.00100196048152, -0.000413717032643, -0.00108495703898, -0.00268997950479, 0.000460843555629, -0.000824954186101, 0.00211846409366, -0.000681436213199, 0.0076757199131, -0.015059276484, 0.0257425792515]]
    },
    "spectral_contrast_coeffs": {
        "max": [-0.511518359184, -0.422238767147, -0.448509454727, -0.597773969173, -0.621584534645, -0.680929601192],
        "mean": [-0.742343008518, -0.741270363331, -0.713522672653, -0.786236584187, -0.790138661861, -0.77062100172],
        "min": [-0.987839102745, -0.965840935707, -0.922089219093, -0.943230092525, -0.932808160782, -0.923005461693],
        "stdev": [0.0591248981655, 0.074770860374, 0.087183251977, 0.0537208989263, 0.0326603613794, 0.0295201353729]
    },
    "spectral_contrast_valleys": {
        "max": [-4.44099283218, -5.07422780991, -5.04768419266, -6.03440761566, -5.95954751968, -7.695271492],
        "mean": [-7.44080591202, -6.86297035217, -6.73516607285, -7.05801105499, -7.16123390198, -9.38167858124],
        "min": [-18.5464916229, -18.2103157043, -19.9570198059, -18.2363624573, -18.049665451, -19.3459911346],
        "stdev": [1.50842893124, 0.638914585114, 0.787758708, 0.60875082016, 0.555286169052, 0.602464675903]
    }
},
"rhythm": {
    "beats_count": 63,
    "beats_loudness": {
        "max": 0.0887027308345,
        "mean": 0.04898134619,
        "min": 0.00413611251861,
        "stdev": 0.0214699786156
    },
    "bpm": 112.419273376,
    "bpm_histogram_first_peak_bpm": 112,
    "bpm_histogram_first_peak_weight": 0.465517222881,
    "bpm_histogram_second_peak_bpm": 126,
    "bpm_histogram_second_peak_spread": 0,
    "bpm_histogram_second_peak_weight": 0.0483870953321,
    "danceability": 1.47856235504,
    "onset_rate": 2.76142024994,
    "beats_loudness_band_ratio": {
        "max": [0.938681840897, 0.187900140882, 0.623616278172, 0.700604319572, 0.196457892656, 0.136154517531],
        "mean": [0.377267897129, 0.033381935209, 0.214518651366, 0.291718930006, 0.0706877782941, 0.0381217412651],
        "min": [0.000110307984869, 0.00177963357419, 0.0100600663573, 0.00710011599585, 0.00428743101656, 0.0121594276279],
        "stdev": [0.316531687975, 0.0452464520931, 0.183890685439, 0.238530740142, 0.0509465709329, 0.0223207231611]
    },
    "beats_position": [0.487619042397, 0.99845802784, 1.53251695633, 2.0549659729, 2.58902478218, 3.12308382988, 3.64553284645, 4.1679816246, 4.69043064117, 5.22448968887, 5.75854873657, 6.29260778427, 6.82666635513, 7.36072540283, 7.89478445053, 8.4172334671, 8.95129203796, 9.47374153137, 10.0078001022, 10.5418596268, 11.0759181976, 11.6099767685, 12.144036293, 12.6780948639, 13.2121543884, 13.7462129593, 14.2802715302, 14.8027210236, 15.3251695633, 15.8592290878, 16.3932876587, 16.9273471832, 17.4497947693, 17.9838542938, 18.5063037872, 19.0403633118, 19.574420929, 20.1084804535, 20.642539978, 21.1765975952, 21.7106571198, 22.2331066132, 22.7555541992, 23.2896137238, 23.8120632172, 24.3345127106, 24.8569602966, 25.3329696655, 25.8089790344, 26.2849884033, 26.830657959, 27.3763256073, 27.921995163, 28.4792747498, 29.0365524292, 29.5822219849, 30.1278915405, 30.6735591888, 31.2192287445, 31.7648983002, 32.2989578247, 32.8446235657, 33.3902931213],
