{
"metadata": {
    "version": {
        "essentia": "2.1-beta5",
        "essentia_git_sha": "Undefined",
        "extractor": "music 2.0"
    },
    "audio_properties": {
        "analysis": {
            "equal_loudness": 0,
            "length": 32.4963264465,
            "sample_rate": 44100,
            "start_time": 12.7477550507,
            "downmix": "mix"
        },
        "bit_rate": 192000,
        "length": 187.129623413,
        "lossless": 0,
        "number_channels": 2,
        "replay_gain": -8.29669952393,
        "sample_rate": 48000,
        "codec": "mp3",
        "md5_encoded": "53ee48ca99fcc3e64bd1a32a6a923d43"
    },
    "tags": {
        "file_name": "Sweden_Las Vegas_Martin Stenmarck.mp3",
        "encoding": ["Lavf58.29.100"]
    }
},
"lowlevel": {
    "average_loudness": 0.975125253201,
    "barkbands_crest": {
        "max": 25.7251434326,
        "mean": 11.7060871124,
        "min": 2.45136785507,
        "stdev": 5.36243057251
    },
    "barkbands_flatness_db": {
        "max": 0.272219359875,
        "mean": 0.119278967381,
        "min": 0.0296545103192,
        "stdev": 0.0418651998043
    },
    "barkbands_kurtosis": {
        "max": 60.644241333,
        "mean": 3.1147146225,
        "min": -1.87954413891,
        "stdev": 7.65092325211
    },
    "barkbands_skewness": {
        "max": 7.47885704041,
        "mean": 1.430306077,
        "min": -2.66556358337,
        "stdev": 1.37840843201
    },
    "barkbands_spread": {
        "max": 100.50983429,
        "mean": 30.7994403839,
        "min": 3.71207046509,
        "stdev": 14.8195972443
    },
    "dissonance": {
        "max": 0.499938458204,
        "mean": 0.477284103632,
        "min": 0.366785436869,
        "stdev": 0.0189818292856
    },
    "dynamic_complexity": 2.00479626656,
    "erbbands_crest": {
        "max": 22.8828392029,
        "mean": 7.57587766647,
        "min": 2.303211689,
        "stdev": 3.56561398506
    },
    "erbbands_flatness_db": {
        "max": 0.284864038229,
        "mean": 0.132386609912,
        "min": 0.0504532828927,
        "stdev": 0.037176836282
    },
    "erbbands_kurtosis": {
        "max": 19.817325592,
        "mean": 0.754140794277,
        "min": -1.50901997089,
        "stdev": 2.01791286469
    },
    "erbbands_skewness": {
        "max": 1.61029827595,
        "mean": -0.383067786694,
        "min": -3.3310778141,
        "stdev": 0.665850877762
    },
    "erbbands_spread": {
        "max": 117.564819336,
        "mean": 40.7724990845,
        "min": 6.65289211273,
        "stdev": 19.1549415588
    },
    "hfc": {
        "max": 214.648162842,
        "mean": 29.8992290497,
        "min": 0.562784552574,
        "stdev": 23.2515678406
    },
    "loudness_ebu128": {
        "integrated": -14.1453275681,
        "loudness_range": 2.01716136932,
        "momentary": {
            "max": -10.545592308,
            "mean": -14.3349895477,
            "min": -18.2558059692,
            "stdev": 1.30059909821
        },
        "short_term": {
            "max": -13.0181665421,
            "mean": -14.2898225784,
            "min": -15.7745475769,
            "stdev": 0.711304605007
        }
    },
    "melbands_crest": {
        "max": 27.7837467194,
        "mean": 16.4251213074,
        "min": 3.00297474861,
        "stdev": 5.53963804245
    },
    "melbands_flatness_db": {
        "max": 0.350500375032,
        "mean": 0.179987102747,
        "min": 0.0145962517709,
        "stdev": 0.0595643594861
    },
    "melbands_kurtosis": {
        "max": 172.897033691,
        "mean": 16.4756069183,
        "min": -1.76934599876,
        "stdev": 25.2128067017
    },
    "melbands_skewness": {
        "max": 11.3948812485,
        "mean": 3.11067223549,
        "min": -1.0816334486,
        "stdev": 2.1475675106
    },
    "melbands_spread": {
        "max": 230.905853271,
        "mean": 31.6582832336,
        "min": 2.02683019638,
        "stdev": 25.6123065948
    },
    "pitch_salience": {
        "max": 0.806344807148,
        "mean": 0.474622786045,
        "min": 0.118384890258,
        "stdev": 0.141530498862
    },
    "silence_rate_20dB": {
        "max": 1,
        "mean": 1,
        "min": 1,
        "stdev": 0
    },
    "silence_rate_30dB": {
        "max": 1,
        "mean": 1,
        "min": 1,
        "stdev": 0
    },
    "silence_rate_60dB": {
        "max": 1,
        "mean": 0.00571020692587,
        "min": 0,
        "stdev": 0.0753490179777
    },
    "spectral_centroid": {
        "max": 4944.43310547,
        "mean": 1771.78869629,
        "min": 482.654571533,
        "stdev": 609.93170166
    },
    "spectral_complexity": {
        "max": 52,
        "mean": 23.2805137634,
        "min": 1,
        "stdev": 8.48203659058
    },
    "spectral_decrease": {
        "max": -1.65675959063e-10,
        "mean": -8.52294768094e-09,
        "min": -2.43117739274e-08,
        "stdev": 4.54547066653e-09
    },
    "spectral_energy": {
        "max": 0.0981893241405,
        "mean": 0.0348795354366,
        "min": 0.000676346360706,
        "stdev": 0.0179639812559
    },
    "spectral_energyband_high": {
        "max": 0.0262563657016,
        "mean": 0.00156028778292,
        "min": 4.38985844085e-05,
        "stdev": 0.00252124108374
    },
    "spectral_energyband_low": {
        "max": 0.0716584846377,
        "mean": 0.0186724811792,
        "min": 1.67295402207e-05,
        "stdev": 0.0152072813362
    },
    "spectral_energyband_middle_high": {
        "max": 0.044692043215,
        "mean": 0.00816381629556,
        "min": 5.4279473261e-05,
        "stdev": 0.00755981914699
    },
    "spectral_energyband_middle_low": {
        "max": 0.0737240538001,
        "mean": 0.00773351127282,
        "min": 0.000317023339448,
        "stdev": 0.00730120390654
    },
    "spectral_entropy": {
        "max": 8.70198726654,
        "mean": 7.90596437454,
        "min": 6.93898153305,
        "stdev": 0.285418748856
    },
    "spectral_flux": {
        "max": 0.255715280771,
        "mean": 0.0960051342845,
        "min": 0.0210285037756,
        "stdev": 0.0440644957125
    },
    "spectral_kurtosis": {
        "max": 12.6786031723,
        "mean": 3.36814498901,
        "min": -0.730917453766,
        "stdev": 1.89932239056
    },
    "spectral_rms": {
        "max": 0.00978746451437,
        "mean": 0.00561478640884,
        "min": 0.000812311598565,
        "stdev": 0.00158208946232
    },
    "spectral_rolloff": {
        "max": 10185.2050781,
        "mean": 1870.57495117,
        "min": 86.1328125,
        "stdev": 1745.64074707
    },
    "spectral_skewness": {
        "max": 2.5510187149,
        "mean": 1.39697158337,
        "min": 0.171176612377,
        "stdev": 0.37025988102
    },
    "spectral_spread": {
        "max": 11963472,
        "mean": 5080628.5,
        "min": 2476239.25,
        "stdev": 1239866.75
    },
    "spectral_strongpeak": {
        "max": 11.9538803101,
        "mean": 0.775292873383,
        "min": 0.0146912988275,
        "stdev": 1.12216579914
    },
    "zerocrossingrate": {
        "max": 0.35595703125,
        "mean": 0.0716501325369,
        "min": 0.0068359375,
        "stdev": 0.0436757095158
    },
    "barkbands": {
        "max": [0.00500551052392, 0.0701085329056, 0.0408102869987, 0.0218640640378, 0.0590120404959, 0.0142119340599, 0.0237558335066, 0.0226003788412, 0.0253243148327, 0.0224548913538, 0.0236177910119, 0.0211078338325, 0.0190044716001, 0.0139392632991, 0.0219229515642, 0.0173814538866, 0.0185396317393, 0.0101074418053, 0.00827770773321, 0.00527248391882, 0.00551419891417, 0.0158394221216, 0.00592035707086, 0.00858222320676, 0.00418323278427, 0.000445406825747, 7.13511471986e-05],
        "mean": [5.09891287948e-05, 0.0125996228307, 0.0048586060293, 0.00192902667914, 0.00219397759065, 0.000608673202805, 0.000900031300262, 0.000796387845185, 0.00114798289724, 0.000744553341065, 0.000675607356243, 0.000746709119994, 0.000841209897771, 0.000975350907538, 0.00119577907026, 0.000932860362809, 0.00110290816519, 0.000574722711463, 0.000305798428599, 0.000269647804089, 0.00032738270238, 0.000310360337608, 0.000307873706333, 0.000274608784821, 0.000154854322318, 5.0631002523e-05, 3.37912615578e-06],
        "min": [3.55673108743e-08, 1.32529953589e-06, 4.94667233397e-07, 1.62929586622e-06, 2.12907143577e-05, 4.74634089187e-06, 1.78124628292e-06, 4.71273506264e-06, 9.16253975447e-06, 2.64417326434e-06, 6.63920127408e-06, 2.7294447591e-06, 2.88260389425e-06, 5.00933401781e-06, 9.47596527112e-06, 5.5528989833e-06, 4.14326541431e-06, 1.32528100494e-06, 2.9167511002e-06, 8.71406155056e-06, 4.52538824902e-06, 7.84217172622e-06, 3.44723139278e-06, 3.76959155801e-06, 1.95999564312e-06, 3.21129107306e-07, 3.49720773174e-11],
        "stdev": [0.000143692130223, 0.0135707007721, 0.00669407704845, 0.00267586996779, 0.00377788138576, 0.000983505742624, 0.00215696380474, 0.00200755731203, 0.00230516656302, 0.00171588012017, 0.0015064754989, 0.00137721630745, 0.00160598405637, 0.00176562345587, 0.0022860111203, 0.00176701508462, 0.00184327235911, 0.000765234522987, 0.000588690629229, 0.000387979933294, 0.000462460215203, 0.000809062970802, 0.000589080329519, 0.000681533070747, 0.000354002928361, 6.25202665105e-05, 6.16328043179e-06]
    },
    "erbbands": {
        "max": [1.51267063618, 17.2368373871, 40.4918212891, 62.8487968445, 146.008880615, 212.09526062, 288.843200684, 79.7092437744, 237.787399292, 545.206420898, 614.97076416, 400.104888916, 493.201171875, 926.790344238, 825.451171875, 1035.34594727, 921.754150391, 837.246826172, 1090.23266602, 810.215820312, 1172.73474121, 968.484436035, 657.611206055, 444.695983887, 315.73840332, 273.595275879, 210.16847229, 271.129058838, 501.492767334, 300.235046387, 143.253860474, 180.281936646, 122.715766907, 79.4853973389, 18.7797222137, 2.59555530548, 0.956652402878, 0.164405792952, 0.00743306335062, 0.000291544041829],
        "mean": [0.255320757627, 3.19658708572, 6.02951860428, 6.60477876663, 7.01443862915, 7.36066293716, 5.28062105179, 4.73461103439, 8.3066444397, 18.569108963, 20.8914661407, 23.4711647034, 22.1722354889, 28.4871883392, 27.3141536713, 30.3665046692, 37.0894203186, 48.1641311646, 57.0787734985, 54.7837600708, 56.8941879272, 60.2748374939, 35.3360900879, 23.2779216766, 12.2590675354, 12.1231622696, 12.5758066177, 13.1175308228, 11.1761035919, 10.0554647446, 8.00620079041, 6.78221130371, 4.04828023911, 2.25726270676, 0.762187421322, 0.275495886803, 0.0825131088495, 0.0124829858541, 0.000530148856342, 5.95156052441e-05],
        "min": [6.21901854174e-05, 0.000459413568024, 0.00258317613043, 0.023730551824, 0.0524192936718, 0.0520704984665, 0.0539455041289, 0.0874131470919, 0.0949668809772, 0.0803406313062, 0.253416359425, 0.266401648521, 0.156910851598, 0.212316706777, 0.269683033228, 0.119038015604, 0.132339447737, 0.271922767162, 0.322247326374, 0.470586836338, 0.311497718096, 0.189046621323, 0.0987788960338, 0.0943749845028, 0.301994651556, 0.430927067995, 0.303338289261, 0.14550422132, 0.304814517498, 0.164806485176, 0.115142181516, 0.100914798677, 0.0423346534371, 0.0248018074781, 0.0101086907089, 0.00231902231462, 0.000445500423666, 3.47251625499e-05, 4.68470534543e-06, 3.50309642272e-06],
        "stdev": [0.301602691412, 3.40963387489, 6.96368265152, 8.1457490921, 12.0419635773, 13.2778530121, 12.5829248428, 6.37540435791, 17.1612529755, 44.4412841797, 50.483165741, 44.4419517517, 44.4011955261, 64.2626419067, 54.16563797, 55.1427268982, 68.1712493896, 87.404045105, 100.925064087, 94.2299041748, 105.626693726, 93.8159408569, 47.4441680908, 35.0172767639, 19.2074394226, 18.8048038483, 17.354549408, 21.4064788818, 27.6301269531, 23.2467784882, 15.164352417, 16.2840461731, 10.3641366959, 5.90191698074, 1.22631072998, 0.331813395023, 0.106636799872, 0.0178245976567, 0.000853828212712, 3.46593660652e-05]
    },
    "gfcc": {
        "mean": [38.3801765442, 66.813949585, -116.323455811, 44.3593177795, -45.0205993652, 31.0032730103, -37.6222190857, 14.0902786255, -19.8135051727, 2.7228512764, -22.3109378815, 1.46476447582, -14.0638790131],
        "cov": [[1253.63928223, -324.873260498, -22.2880764008, -101.358261108, -65.9607009888, -38.6536064148, -65.2120742798, 8.79456615448, -45.5229911804, -3.57706952095, -104.865081787, -19.3733406067, -111.526603699], [-324.873260498, 804.003234863, -75.4575195312, -13.3063001633, 222.472183228, 47.7096366882, 154.506347656, 58.7151603699, 115.571853638, -15.3882465363, 77.524269104, 13.8819475174, 57.0428848267], [-22.2880764008, -75.4575195312, 477.168304443, 198.875228882, 45.5483551025, 87.9717407227, 55.8684387207, 28.9140033722, -7.55000400543, 60.3305854797, 38.6163330078, 18.7586841583, 2.34728646278], [-101.358261108, -13.3063001633, 198.875228882, 387.31137085, 76.7443618774, 117.054756165, 77.1246261597, 37.3664131165, 34.6494407654, 10.1717710495, 49.2601013184, -10.7723474503, 60.8821334839], [-65.9607009888, 222.472183228, 45.5483551025, 76.7443618774, 317.979125977, 87.5037002563, 81.6852493286, 61.473274231, 73.2766265869, 44.5553016663, 35.5467567444, 43.6294136047, 30.0403022766], [-38.6536064148, 47.7096366882, 87.9717407227, 117.054756165, 87.5037002563, 246.444549561, 169.922042847, 55.5687599182, 13.1741600037, 20.1694889069, 72.3724822998, 14.1818151474, 47.4741477966], [-65.2120742798, 154.506347656, 55.8684387207, 77.1246261597, 81.6852493286, 169.922042847, 281.484039307, 86.8319473267, -2.14273953438, 3.31051468849, 69.7714920044, 50.7553024292, 41.7098617554], [8.79456615448, 58.7151603699, 28.9140033722, 37.3664131165, 61.473274231, 55.5687599182, 86.8319473267, 115.019439697, 67.4836959839, 18.5651512146, 29.5646514893, 15.299454689, 17.2725086212], [-45.5229911804, 115.571853638, -7.55000400543, 34.6494407654, 73.2766265869, 13.1741600037, -2.14273953438, 67.4836959839, 154.058151245, 47.0860481262, 13.6180171967, -6.52360343933, 12.8715362549], [-3.57706952095, -15.3882465363, 60.3305854797, 10.1717710495, 44.5553016663, 20.1694889069, 3.31051468849, 18.5651512146, 47.0860481262, 88.5889892578, 35.1096878052, 15.825551033, -1.59621632099], [-104.865081787, 77.524269104, 38.6163330078, 49.2601013184, 35.5467567444, 72.3724822998, 69.7714920044, 29.5646514893, 13.6180171967, 35.1096878052, 101.513961792, 38.6645431519, 28.0709228516], [-19.3733406067, 13.8819475174, 18.7586841583, -10.7723474503, 43.6294136047, 14.1818151474, 50.7553024292, 15.299454689, -6.52360343933, 15.825551033, 38.6645431519, 89.9963684082, 25.8085708618], [-111.526603699, 57.0428848267, 2.34728646278, 60.8821334839, 30.0403022766, 47.4741477966, 41.7098617554, 17.2725086212, 12.8715362549, -1.59621632099, 28.0709228516, 25.8085708618, 84.8063812256]],
        "icov": [[0.00108776229899, 0.000177900219569, 0.000190307022422, -6.54955583741e-05, 9.92432542262e-05, -0.000549501099158, 0.000317388447002, -0.000890844559763, 0.000482049479615, -0.000431056512753, 0.00131432013586, -0.000667229061946, 0.0013371076202], [0.000177900219569, 0.00331022869796, -0.000505622010678, 0.00163833831903, -0.00255249347538, 0.00240741227753, -0.00310058495961, 0.00282135116868, -0.00367289269343, 0.00397777464241, -0.0041212704964, 0.00322983297519, -0.00163438683376], [0.000190307022422, -0.000505622010678, 0.0035385612864, -0.00229620817117, 0.000682378304191, -0.00121795537416, 0.000949859444518, -0.00174957106356, 0.00237887562253, -0.00362551119179, 0.00193511205725, -0.00185551110189, 0.00196497957222], [-6.54955583741e-05, 0.00163833831903, -0.00229620817117, 0.00547344749793, -0.00195643282495, 0.000873854733072, -0.00190662278328, 0.00222647888586, -0.00311424932443, 0.00398117443547, -0.00388606707565, 0.00421189749613, -0.00381372822449], [9.92432542262e-05, -0.00255249347538, 0.000682378304191, -0.00195643282495, 0.00644163880497, -0.0032256769482, 0.00229538371786, -0.0028313328512, 0.00145116471685, -0.0044001438655, 0.00478608487174, -0.00510268798098, 0.00187028932851], [-0.000549501099158, 0.00240741227753, -0.00121795537416, 0.000873854733072, -0.0032256769482, 0.0115064457059, -0.00728670274839, 0.00332271796651, -0.00275264494121, 0.00277011212893, -0.00738317565992, 0.00694780470803, -0.00452776765451], [0.000317388447002, -0.00310058495961, 0.000949859444518, -0.00190662278328, 0.00229538371786, -0.00728670274839, 0.011978383176, -0.00859987735748, 0.00635962560773, -0.00274659995921, 0.00378205534071, -0.00659567350522, 0.0027100648731], [-0.000890844559763, 0.00282135116868, -0.00174957106356, 0.00222647888586, -0.0028313328512, 0.00332271796651, -0.00859987735748, 0.0211698357016, -0.012298793532, 0.00629146117717, -0.00628719525412, 0.0035449990537, -0.00257102772593], [0.000482049479615, -0.00367289269343, 0.00237887562253, -0.00311424932443, 0.00145116471685, -0.00275264494121, 0.00635962560773, -0.012298793532, 0.0179808530957, -0.0114334383979, 0.00647341646254, -0.00175370939542, 0.00112496770453], [-0.000431056512753, 0.00397777464241, -0.00362551119179, 0.00398117443547, -0.0044001438655, 0.00277011212893, -0.00274659995921, 0.00629146117717, -0.0114334383979, 0.0248110406101, -0.0124683585018, 0.00301330327056, -0.00051042571431], [0.00131432013586, -0.0041212704964, 0.00193511205725, -0.00388606707565, 0.00478608487174, -0.00738317565992, 0.00378205534071, -0.00628719525412, 0.00647341646254, -0.0124683585018, 0.025217326358, -0.0111845145002, 0.0029344430659], [-0.000667229061946, 0.00322983297519, -0.00185551110189, 0.00421189749613, -0.00510268798098, 0.00694780470803, -0.00659567350522, 0.0035449990537, -0.00175370939542, 0.00301330327056, -0.0111845145002, 0.0224068332464, -0.00837618298829], [0.0013371076202, -0.00163438683376, 0.00196497957222, -0.00381372822449, 0.00187028932851, -0.00452776765451, 0.0027100648731, -0.00257102772593, 0.00112496770453, -0.00051042571431, 0.0029344430659, -0.00837618298829, 0.0197930652648]]
    },
    "melbands": {
        "max": [0.0180085767061, 0.0162993371487, 0.00930459890515, 0.0143878851086, 0.0100670661777, 0.00173087092116, 0.00388781633228, 0.00494444463402, 0.00458381697536, 0.00263893627562, 0.00248799612746, 0.00398205639794, 0.00328539521433, 0.00236069620587, 0.00288534141146, 0.0012435161043, 0.00165415357333, 0.00175240356475, 0.002355995588, 0.00127146043815, 0.00169086514506, 0.00140120228752, 0.000990867032669, 0.000309956434648, 0.000418288836954, 0.000335191463819, 0.000133574212668, 0.000235979692661, 0.000123424164485, 0.0001454250596, 0.000189012091141, 0.000290959782433, 0.000306593836285, 0.000147793849465, 9.87453167909e-05, 0.000150202395162, 0.000146261736518, 0.000113022389996, 9.58714881563e-05, 5.79318693781e-05],
        "mean": [0.00305844913237, 0.00354417786002, 0.00114223163109, 0.000535332364962, 0.000201672723051, 0.000108016836748, 0.000146337566548, 0.000195200424059, 0.000181128707482, 0.000148194274516, 0.000110962871986, 0.00011541681306, 8.9028129878e-05, 7.54905631766e-05, 9.90103580989e-05, 7.99457848188e-05, 8.89034781721e-05, 8.61755834194e-05, 9.62897684076e-05, 6.26339096925e-05, 6.7107641371e-05, 6.63748724037e-05, 4.30059481005e-05, 2.37369622482e-05, 1.89185138879e-05, 9.20416823647e-06, 8.9945142463e-06, 7.62502122598e-06, 7.87483531894e-06, 7.22642107576e-06, 7.72523526393e-06, 6.13808924754e-06, 6.28492443866e-06, 5.41484723726e-06, 4.41555948782e-06, 4.93090374221e-06, 3.95004053644e-06, 3.02788430417e-06, 2.39769337895e-06, 1.68303120063e-06],
        "min": [3.7580716139e-07, 1.30091439132e-06, 5.35089202458e-06, 3.3246537896e-06, 1.96618157133e-06, 1.70766145402e-06, 4.877789479e-07, 9.14163535981e-07, 1.62813364568e-06, 1.24476616747e-06, 4.27986492468e-07, 8.33144554235e-07, 1.08093604467e-06, 3.42843605949e-07, 2.29030831633e-07, 3.47463981143e-07, 5.32583385393e-07, 4.30194603496e-07, 7.82686072398e-07, 4.6199104986e-07, 3.70905610225e-07, 2.24242654667e-07, 1.17505997821e-07, 6.30157970249e-08, 6.80382612472e-08, 1.49182156406e-07, 2.24189633968e-07, 2.89515071472e-07, 2.00222260105e-07, 1.31285673888e-07, 6.46473026222e-08, 1.61100103924e-07, 1.16294955887e-07, 5.7293298994e-08, 6.23843448011e-08, 4.79275357179e-08, 3.96168431394e-08, 2.15016964233e-08, 2.23548930478e-08, 1.75880572328e-08],
        "stdev": [0.00344079430215, 0.0031992951408, 0.00130061781965, 0.000931258371565, 0.000427564227721, 0.000145087906276, 0.000320364080835, 0.000451739790151, 0.000447207479738, 0.000284696638118, 0.000232881327975, 0.000267316674581, 0.000191936138435, 0.000146989201312, 0.000209096353501, 0.000145707497722, 0.00016911898274, 0.000162656433531, 0.00019357058045, 0.0001243265433, 0.000128727333504, 0.000108181448013, 7.28101003915e-05, 2.92531804007e-05, 3.12132651743e-05, 1.97695135284e-05, 1.18437910714e-05, 1.35187347041e-05, 1.10807559395e-05, 1.10074561235e-05, 1.32690502141e-05, 1.46376514749e-05, 1.86808319995e-05, 1.16363689813e-05, 8.25198549137e-06, 1.14155254778e-05, 1.04103064587e-05, 8.16410101834e-06, 6.86479916112e-06, 4.14925125369e-06]
    },
    "melbands128": {
        "max": [0.00296066887677, 0.00706767197698, 0.0323456972837, 0.0295512601733, 0.0222877599299, 0.0204866379499, 0.0155611718073, 0.0105565302074, 0.0158660914749, 0.0184292979538, 0.0119754895568, 0.0135580245405, 0.0122780781239, 0.0046870848164, 0.00232155481353, 0.00313317310065, 0.00368596194312, 0.00536692049354, 0.00998066738248, 0.0099125104025, 0.00712168170139, 0.00731396023184, 0.00903382152319, 0.0105875330046, 0.00454104039818, 0.00596593227237, 0.00811869092286, 0.00375482463278, 0.0055191447027, 0.0066222413443, 0.0046735513024, 0.00509628560394, 0.00537352962419, 0.00396635150537, 0.00490487460047, 0.00197470351122, 0.00642100116238, 0.0062839104794, 0.00514097185805, 0.00192141835578, 0.00284978630953, 0.00367489363998, 0.00391924427822, 0.00275143096223, 0.00270683201961, 0.00332655198872, 0.00445646373555, 0.00553015200421, 0.00264472677372, 0.00179086369462, 0.00180284655653, 0.00365002639592, 0.00277726445347, 0.00188072188757, 0.00231170491315, 0.00250286748633, 0.00221633655019, 0.00210328120738, 0.00134044908918, 0.0006973943091, 0.000298001396004, 0.000526224495843, 0.000622795720119, 0.000662750797346, 0.000891743169632, 0.000426434067776, 0.000239400585997, 0.000140854943311, 0.000127002887893, 0.000212263621506, 0.000280992884655, 0.000494833220728, 0.000171239502379, 0.000167327205418, 0.000182994495844, 0.000167743826751, 0.000190364778973, 0.000209993246244, 0.000208739176742, 0.00048410758609, 0.000280538049992, 0.000427235354437, 0.000436868984252, 0.000405465863878, 0.000273946701782, 0.00014181577717, 0.000174250715645, 0.000182680960279, 0.000128675324959, 6.20489227003e-05, 0.000164122873684, 0.000212639453821, 9.72296256805e-05, 0.000102196863736, 0.000258278043475, 0.000190360617125, 0.000146226549987, 7.03216283e-05, 0.000119090473163, 0.000110491884698, 0.000133156470838, 3.16803889291e-05, 4.46695048595e-05, 5.69714939047e-05, 1.45789617818e-05, 1.07308105726e-05, 5.70600832361e-06, 6.79850109009e-06, 4.6512195695e-06, 4.26229416917e-06, 5.11839925821e-06, 3.74685669158e-06, 4.60164665128e-06, 3.31574347001e-06, 2.06342974707e-06, 1.35838024562e-06, 1.43392048813e-06, 2.01979446501e-06, 5.22890104548e-07, 4.17980800194e-07, 3.84321765523e-07, 1.87589620282e-07, 1.79184681315e-07, 1.20240164492e-08, 3.98094757159e-09, 3.91439902714e-09, 3.87736198704e-09, 3.85183440699e-09],
        "mean": [4.27946506534e-05, 0.00123662804253, 0.00495017506182, 0.00541642354801, 0.00356306345202, 0.00225194287486, 0.00138925667852, 0.000844881578814, 0.000673470785841, 0.000621071550995, 0.000388388551073, 0.000214916246478, 0.000185388271348, 0.000133890251163, 9.40610625548e-05, 0.000105546656414, 9.50982139329e-05, 0.000131300475914, 0.000238384032855, 0.00023820673232, 0.000150791573105, 0.000136137241498, 0.000201219838345, 0.000218273737119, 0.00012759846868, 0.000143321711221, 0.000131990294904, 8.52041266626e-05, 0.000120007818623, 0.000116426643217, 0.000125915787066, 9.26130596781e-05, 7.55202345317e-05, 9.7996344266e-05, 8.82658132468e-05, 5.69724397792e-05, 6.49205539958e-05, 0.000137475683005, 9.27369546844e-05, 5.63125140616e-05, 7.98852925072e-05, 0.000107231913717, 9.14593911148e-05, 7.46020523366e-05, 9.06154164113e-05, 7.80435439083e-05, 9.15581040317e-05, 0.000129762309371, 8.13367732917e-05, 4.91033642902e-05, 6.10508941463e-05, 7.83287323429e-05, 5.7771732827e-05, 6.68721477268e-05, 7.72209605202e-05, 6.25258981017e-05, 6.69708097121e-05, 4.30519539805e-05, 3.95501265302e-05, 3.24713655573e-05, 1.85091957974e-05, 2.04285170184e-05, 2.37974036281e-05, 1.6831112589e-05, 1.51242129505e-05, 7.80558912084e-06, 6.18655985818e-06, 8.99374936125e-06, 9.96269318421e-06, 8.46207967697e-06, 7.25468589735e-06, 7.56425970394e-06, 7.50637900637e-06, 8.41490600578e-06, 8.00865745987e-06, 6.20404944129e-06, 7.23906714484e-06, 8.52036828292e-06, 8.14115446701e-06, 6.4321238824e-06, 6.57774535284e-06, 5.50401546207e-06, 6.28134193903e-06, 7.10313088348e-06, 5.43909345652e-06, 5.4007982726e-06, 5.4639526752e-06, 5.27159909325e-06, 4.27256918556e-06, 3.3988467294e-06, 5.68907989873e-06, 5.39033135283e-06, 3.92886659029e-06, 3.38324525728e-06, 4.67262771053e-06, 3.5102232232e-06, 2.69559814114e-06, 2.17212050302e-06, 2.37334120357e-06, 2.56431690104e-06, 2.24639052249e-06, 1.27990540477e-06, 1.44621560594e-06, 1.04728917449e-06, 7.35222613457e-07, 6.87340047989e-07, 5.2487848734e-07, 5.54167911559e-07, 4.42842832626e-07, 4.11890283658e-07, 4.07739975117e-07, 2.73257001027e-07, 2.58857483004e-07, 1.95877831288e-07, 1.69414263951e-07, 1.18836950946e-07, 7.99837565069e-08, 3.7693027366e-08, 1.2668152749e-08, 6.4489951157e-09, 6.66907462588e-09, 4.54325110866e-09, 2.12554240875e-09, 3.85151459337e-11, 1.13249470565e-11, 1.1145125621e-11, 1.10318533822e-11, 1.09715569963e-11],
        "min": [1.09518643043e-08, 1.12042592093e-07, 2.86778714553e-07, 2.52558550073e-07, 1.99960794589e-07, 2.82210976366e-07, 3.27558439039e-07, 8.54116819937e-07, 2.74777426057e-06, 1.1190695659e-06, 4.9994633855e-07, 4.29243783628e-07, 2.94661532507e-07, 4.72165481824e-07, 5.19528498444e-07, 2.24059739651e-08, 1.22832133798e-07, 1.32195523861e-07, 8.35625755258e-08, 2.80083952475e-07, 2.2521849985e-07, 3.97761340309e-07, 5.01383226492e-07, 2.54218406326e-07, 4.47183481356e-07, 2.68565713668e-07, 2.89839817924e-07, 1.37359123187e-07, 2.32124989452e-07, 2.78117937569e-07, 3.11167980271e-07, 1.86561209148e-07, 1.37799474942e-07, 5.80630342029e-07, 2.9009945024e-07, 2.68923969315e-07, 2.98200035331e-07, 2.39509091671e-07, 1.0242997206e-07, 3.18957205536e-07, 2.412663207e-07, 2.81080218656e-07, 5.99806583068e-07, 3.72573083496e-07, 2.65248388587e-07, 2.16048462676e-07, 5.51644234292e-07, 6.17850332674e-07, 6.35657102066e-07, 4.8411698117e-07, 4.15672616327e-07, 4.05226188605e-07, 1.58631550562e-07, 3.55365017413e-07, 2.74864561334e-07, 1.65003314123e-07, 1.08735783044e-07, 1.87623456327e-07, 6.18640711991e-08, 1.06481209627e-07, 6.66780977099e-08, 3.82640692465e-08, 2.30399113121e-08, 5.72506948515e-08, 1.75598685814e-07, 1.2799367255e-07, 7.13252035212e-08, 1.29742758759e-07, 1.02105111921e-07, 1.84038313478e-07, 1.47412535512e-07, 1.23481527226e-07, 7.92750043388e-08, 9.25861058931e-08, 9.72371978492e-08, 1.15634520625e-07, 7.6902949786e-08, 7.06699481157e-08, 4.42053007532e-08, 4.82907722699e-08, 7.23932060964e-08, 1.05738692469e-07, 6.96660649169e-08, 9.01919889884e-08, 7.34252054713e-08, 5.27408623441e-08, 1.78670163109e-08, 3.3910108499e-08, 2.07613837233e-08, 3.06503977754e-08, 2.55623966439e-08, 3.11672678777e-08, 4.22168255909e-08, 1.83695902933e-08, 2.39012880598e-08, 1.65016302844e-08, 1.90671478606e-08, 2.65228816687e-08, 1.59055826288e-08, 1.77172818638e-08, 1.33489095333e-08, 1.12422258169e-08, 1.24706778237e-08, 1.0990994781e-08, 6.16789952446e-09, 4.69733540953e-09, 2.68694511085e-09, 3.07606717875e-09, 2.94790125643e-09, 1.78974590703e-09, 1.21844645484e-09, 7.47488682062e-10, 8.45041536746e-10, 6.50368425781e-10, 5.4670584726e-10, 1.48483073059e-10, 9.97051833457e-12, 1.52230983895e-13, 9.73342771399e-14, 9.07542270501e-14, 9.38467511168e-14, 8.14364851595e-14, 9.29834957945e-14, 8.82386340644e-14, 6.65604114251e-14, 2.55221767385e-14, 3.00117685728e-15, 1.50739439131e-16],
        "stdev": [9.34071213123e-05, 0.00161409529392, 0.00626828800887, 0.00593174435198, 0.00409986032173, 0.00313065294176, 0.00193214567844, 0.00126644887496, 0.00137652328704, 0.00126544304658, 0.000815485429484, 0.000551760196686, 0.000549217802472, 0.000309544877382, 0.000153480359586, 0.000195503293071, 0.00019199498638, 0.000412540102843, 0.00075305410428, 0.000706312595867, 0.000505906180479, 0.000477948837215, 0.000660833145957, 0.000689815205988, 0.000347784691257, 0.000390938861528, 0.000467758305604, 0.000249617965892, 0.000387147534639, 0.000380990677513, 0.000405311206123, 0.000280091917375, 0.000276955979643, 0.000259400752839, 0.000257581588812, 0.00014794425806, 0.000228743272601, 0.000339275517035, 0.000310066272505, 0.000161390053108, 0.000192237872398, 0.000294431461953, 0.000254962680629, 0.000219780238695, 0.000217211359995, 0.000230187128182, 0.000270487245871, 0.000350159709342, 0.000208456563996, 0.000135855560075, 0.000147631493746, 0.000264164205873, 0.000135085414513, 0.000163535951287, 0.000210056023207, 0.000123951074784, 0.000166532976436, 0.000106808955024, 8.42859153636e-05, 5.2530594985e-05, 2.75089078059e-05, 3.6453242501e-05, 4.44281940872e-05, 4.0664930566e-05, 4.14631722379e-05, 2.07695702557e-05, 1.3164874872e-05, 1.33838630063e-05, 1.41037162393e-05, 1.53300952661e-05, 1.55451434694e-05, 1.81266823347e-05, 1.35115669764e-05, 1.48296030602e-05, 1.26570575958e-05, 1.15752800411e-05, 1.27553876155e-05, 1.46712027345e-05, 1.4475928765e-05, 1.70972889464e-05, 1.46973252413e-05, 1.58940620167e-05, 2.09915597225e-05, 2.35385832639e-05, 1.61653479154e-05, 1.05613326014e-05, 1.28899155243e-05, 1.22606043078e-05, 8.24360995466e-06, 6.32664068689e-06, 1.3569656403e-05, 1.39737949212e-05, 9.5787927421e-06, 8.25952702144e-06, 1.53473629325e-05, 1.06987099571e-05, 7.2522220762e-06, 5.29108092451e-06, 7.16127169653e-06, 8.24259495857e-06, 7.12070050213e-06, 2.55123813986e-06, 3.12511906486e-06, 2.38816141973e-06, 1.0986535699e-06, 9.57172005656e-07, 6.90654132995e-07, 7.31731176984e-07, 5.81867880101e-07, 5.61599108551e-07, 5.76708089284e-07, 3.68489025959e-07, 3.88244615124e-07, 2.9914721722e-07, 2.37692347582e-07, 1.67912162397e-07, 1.50979801106e-07, 1.0344684398e-07, 3.30515952385e-08, 2.36494610562e-08, 2.27442367162e-08, 1.69988503274e-08, 9.47763378889e-09, 3.88040599653e-10, 1.52117540786e-10, 1.50660178777e-10, 1.49730602916e-10, 1.49021281426e-10]
    },
    "mfcc": {
        "mean": [-602.745300293, 94.6262588501, -2.53937840462, 20.8634300232, 17.9565925598, 17.6221256256, 1.67629861832, 11.8859767914, 7.92242717743, 2.65522861481, 1.93171262741, 3.45140528679, -3.50197649002],
        "cov": [[1254.38049316, -273.312469482, -89.1044769287, -96.3193893433, -75.1313171387, -67.3480072021, -72.3338699341, -16.438495636, -25.0506954193, 3.08931016922, -4.94649124146, -45.5502891541, -66.0129699707], [-273.312469482, 774.291503906, -218.922943115, -23.4466819763, 63.1227226257, 17.4053840637, 29.578496933, 80.0613250732, 62.5365333557, -15.6968250275, 85.0699234009, 47.1952514648, 18.750629425], [-89.1044769287, -218.922943115, 463.34387207, 109.544410706, -0.073105275631, 56.0288124084, 83.6334915161, -1.6970102787, -7.75626802444, 51.5047111511, -28.7937412262, 26.1827449799, 52.9321136475], [-96.3193893433, -23.4466819763, 109.544410706, 249.314758301, 88.6646499634, 47.9977455139, 31.4041213989, 33.0404930115, 32.0153617859, 38.6434326172, -19.3908195496, 5.97955513, 48.425743103], [-75.1313171387, 63.1227226257, -0.073105275631, 88.6646499634, 237.149597168, 50.9055862427, -27.4858264923, -6.62184429169, 46.6963348389, 45.2349815369, 18.9606227875, 27.2729129791, 36.8203659058], [-67.3480072021, 17.4053840637, 56.0288124084, 47.9977455139, 50.9055862427, 170.600204468, 130.24357605, 60.2865447998, 30.0122566223, 31.7794094086, 25.2755184174, 16.0869598389, 22.4441280365], [-72.3338699341, 29.578496933, 83.6334915161, 31.4041213989, -27.4858264923, 130.24357605, 268.616210938, 122.489830017, 16.4129695892, 25.7993450165, 23.3631286621, 10.9942073822, 18.8407745361], [-16.438495636, 80.0613250732, -1.6970102787, 33.0404930115, -6.62184429169, 60.2865447998, 122.489830017, 159.726013184, 59.9419517517, 16.605096817, 39.6923217773, 15.7727556229, 10.7749233246], [-25.0506954193, 62.5365333557, -7.75626802444, 32.0153617859, 46.6963348389, 30.0122566223, 16.4129695892, 59.9419517517, 108.100189209, 46.0124511719, 30.0716285706, 6.13790464401, 8.9856595993], [3.08931016922, -15.6968250275, 51.5047111511, 38.6434326172, 45.2349815369, 31.7794094086, 25.7993450165, 16.605096817, 46.0124511719, 102.118751526, 37.0132026672, 4.07678937912, 13.9900569916], [-4.94649124146, 85.0699234009, -28.7937412262, -19.3908195496, 18.9606227875, 25.2755184174, 23.3631286621, 39.6923217773, 30.0716285706, 37.0132026672, 108.163887024, 42.8037376404, 4.58907699585], [-45.5502891541, 47.1952514648, 26.1827449799, 5.97955513, 27.2729129791, 16.0869598389, 10.9942073822, 15.7727556229, 6.13790464401, 4.07678937912, 42.8037376404, 82.7905044556, 36.511100769], [-66.0129699707, 18.750629425, 52.9321136475, 48.425743103, 36.8203659058, 22.4441280365, 18.8407745361, 10.7749233246, 8.9856595993, 13.9900569916, 4.58907699585, 36.511100769, 81.8600769043]],
        "icov": [[0.000971867644694, 0.000424850295531, 0.000263071764493, 0.000235732892179, 7.20705793356e-05, 0.000112081805128, 0.000273226964055, -0.000462887168396, 0.000232124570175, -0.000357255630661, -0.000109467175207, 0.00012421394058, 0.000298058555927], [0.000424850295531, 0.00199070596136, 0.000930418085773, 8.07517862995e-05, -0.000380523764761, 0.000364278093912, -0.000359501776984, -0.000347998255165, -0.000678330601659, 0.000743292504922, -0.0010254465742, -0.000301986467093, -0.000423338235123], [0.000263071764493, 0.000930418085773, 0.00356239685789, -0.00101754255593, 0.00069489661837, -0.000165350124007, -0.00103413977195, 0.00075757666491, 0.000120633449114, -0.00171081977896, 0.00122624635696, -0.00185029348359, -0.000795801228378], [0.000235732892179, 8.07517862995e-05, -0.00101754255593, 0.00621173437685, -0.00190663442481, -0.000435365072917, 0.000681075965986, -0.00214057252742, 0.000229375189519, -0.00123184768017, 0.00193369551562, 0.000953033915721, -0.00209125969559], [7.20705793356e-05, -0.000380523764761, 0.00069489661837, -0.00190663442481, 0.00684362556785, -0.00271159247495, 0.00179076672066, 0.00144361960702, -0.00160493433941, -0.00180737767369, 0.000432533357525, -0.00168408325408, -0.000901169201825], [0.000112081805128, 0.000364278093912, -0.000165350124007, -0.000435365072917, -0.00271159247495, 0.0115196267143, -0.00602974789217, 0.000962642719969, -0.0015157784801, 0.000528259202838, -0.00148422818165, 0.000159947187058, -0.000218281231355], [0.000273226964055, -0.000359501776984, -0.00103413977195, 0.000681075965986, 0.00179076672066, -0.00602974789217, 0.0102587919682, -0.00697541004047, 0.00388010079041, -0.00226791040041, 0.00103821104858, 0.000651141570415, -0.000413739093347], [-0.000462887168396, -0.000347998255165, 0.00075757666491, -0.00214057252742, 0.00144361960702, 0.000962642719969, -0.00697541004047, 0.0154759138823, -0.00821758527309, 0.00362326623872, -0.00326979416423, -0.000659823708702, -0.000101583922515], [0.000232124570175, -0.000678330601659, 0.000120633449114, 0.000229375189519, -0.00160493433941, -0.0015157784801, 0.00388010079041, -0.00821758527309, 0.0174021683633, -0.00682064890862, 0.000516796368174, 0.00100984110031, 0.000231039899518], [-0.000357255630661, 0.000743292504922, -0.00171081977896, -0.00123184768017, -0.00180737767369, 0.000528259202838, -0.00226791040041, 0.00362326623872, -0.00682064890862, 0.0178693830967, -0.00789767410606, 0.00463344808668, -0.00183929002378], [-0.000109467175207, -0.0010254465742, 0.00122624635696, 0.00193369551562, 0.000432533357525, -0.00148422818165, 0.00103821104858, -0.00326979416423, 0.000516796368174, -0.00789767410606, 0.0183265861124, -0.00996182858944, 0.00332238455303], [0.00012421394058, -0.000301986467093, -0.00185029348359, 0.000953033915721, -0.00168408325408, 0.000159947187058, 0.000651141570415, -0.000659823708702, 0.00100984110031, 0.00463344808668, -0.00996182858944, 0.0221049748361, -0.00875086709857], [0.000298058555927, -0.000423338235123, -0.000795801228378, -0.00209125969559, -0.000901169201825, -0.000218281231355, -0.000413739093347, -0.000101583922515, 0.000231039899518, -0.00183929002378, 0.00332238455303, -0.00875086709857, 0.0188845526427]]
    },
    "spectral_contrast_coeffs": {
        "max": [-0.380099266768, -0.498143017292, -0.506463766098, -0.584474086761, -0.532953619957, -0.60128235817],
        "mean": [-0.702070474625, -0.77048689127, -0.772963225842, -0.790296375751, -0.777332425117, -0.764815747738],
        "min": [-0.864813685417, -0.933594942093, -0.90921151638, -0.918562889099, -0.877497375011, -0.856062948704],
        "stdev": [0.0760551691055, 0.0801510736346, 0.0650035068393, 0.0545472875237, 0.0454209260643, 0.0306962449104]
    },
    "spectral_contrast_valleys": {
        "max": [-5.27846193314, -5.1686372757, -5.53534984589, -5.53088521957, -5.44167518616, -7.48230838776],
        "mean": [-6.58073139191, -6.86468458176, -7.16248703003, -6.95885658264, -7.14126062393, -9.41411781311],
        "min": [-9.07106208801, -8.71836853027, -9.37378311157, -9.10495471954, -8.7637386322, -11.0267534256],
        "stdev": [0.586573600769, 0.470881789923, 0.456027269363, 0.430553734303, 0.444989651442, 0.610363781452]
    }
},
"rhythm": {
    "beats_count": 69,
    "beats_loudness": {
        "max": 0.0752855241299,
        "mean": 0.0386897027493,
        "min": 0.00437376368791,
        "stdev": 0.0166686475277
    },
    "bpm": 128.782928467,
    "bpm_histogram_first_peak_bpm": 129,
    "bpm_histogram_first_peak_weight": 0.271186411381,
    "bpm_histogram_second_peak_bpm": 123,
    "bpm_histogram_second_peak_spread": 0,
    "bpm_histogram_second_peak_weight": 0.117647059262,
    "danceability": 1.28279745579,
    "onset_rate": 3.87597632408,
    "beats_loudness_band_ratio": {
        "max": [0.911289274693, 0.376618891954, 0.354526102543, 0.507496416569, 0.664793670177, 0.547915756702],
        "mean": [0.548730075359, 0.0740850791335, 0.0889496877789, 0.0984567031264, 0.137156188488, 0.0811267346144],
        "min": [0.0275532510132, 0.00656476104632, 0.00422508502379, 0.0102904671803, 0.0104030445218, 0.00591274583712],
        "stdev": [0.23712490499, 0.0744879320264, 0.0817830115557, 0.0979005396366, 0.147689580917, 0.0933834537864]
    },
    "beats_position": [0.441179126501, 0.905578196049, 1.369977355, 1.83437633514, 2.29877543449, 2.75156450272, 3.22757363319, 3.69197273254, 4.1679816246, 4.6439909935, 5.11999988556, 5.60761880875, 6.08362817764, 6.5596370697, 7.04725599289, 7.52326536179, 8.01088428497, 8.498503685, 8.98612213135, 9.47374153137, 9.94974994659, 10.4257593155, 10.8901586533, 11.354557991, 11.8189563751, 12.2717456818, 12.7361450195, 13.2005443573, 13.6765527725, 14.1409521103, 14.6053514481, 15.0697498322, 15.5109291077, 15.9985485077, 16.4629478455, 16.9273471832, 17.391746521, 17.8561439514, 18.3205432892, 18.7965526581, 19.272562027, 19.7253513336, 20.1781406403, 20.642539978, 21.1069393158, 21.5713367462, 22.035736084, 22.5001354218, 22.9645347595, 23.4289340973, 23.8933334351, 24.3577327728, 24.8221302032, 25.286529541, 25.7509288788, 26.2153282166, 26.6797275543, 27.1441268921, 27.6085262299, 28.0729255676, 28.537322998, 29.0017223358, 29.4893417358, 29.9537410736, 30.4181404114, 30.8825397491, 31.3469390869, 31.8113365173, 32.2757377625],
