{
"metadata": {
    "version": {
        "essentia": "2.1-beta5",
        "essentia_git_sha": "Undefined",
        "extractor": "music 2.0"
    },
    "audio_properties": {
        "analysis": {
            "equal_loudness": 0,
            "length": 32.4963264465,
            "sample_rate": 44100,
            "start_time": 45.2440834045,
            "downmix": "mix"
        },
        "bit_rate": 192000,
        "length": 187.129623413,
        "lossless": 0,
        "number_channels": 2,
        "replay_gain": -8.85811042786,
        "sample_rate": 48000,
        "codec": "mp3",
        "md5_encoded": "53ee48ca99fcc3e64bd1a32a6a923d43"
    },
    "tags": {
        "file_name": "Sweden_Las Vegas_Martin Stenmarck.mp3",
        "encoding": ["Lavf58.29.100"]
    }
},
"lowlevel": {
    "average_loudness": 0.981333673,
    "barkbands_crest": {
        "max": 20.4779224396,
        "mean": 7.94740104675,
        "min": 2.75915145874,
        "stdev": 2.89078450203
    },
    "barkbands_flatness_db": {
        "max": 0.201877370477,
        "mean": 0.0926537886262,
        "min": 0.0312837250531,
        "stdev": 0.022141661495
    },
    "barkbands_kurtosis": {
        "max": 31.5121803284,
        "mean": -0.158732935786,
        "min": -1.88510000706,
        "stdev": 2.35114383698
    },
    "barkbands_skewness": {
        "max": 5.24019050598,
        "mean": 0.634235799313,
        "min": -1.38237905502,
        "stdev": 0.664420723915
    },
    "barkbands_spread": {
        "max": 99.2505950928,
        "mean": 37.1790618896,
        "min": 6.43233251572,
        "stdev": 12.1933794022
    },
    "dissonance": {
        "max": 0.49978235364,
        "mean": 0.480184495449,
        "min": 0.291067570448,
        "stdev": 0.015257791616
    },
    "dynamic_complexity": 1.13609731197,
    "erbbands_crest": {
        "max": 21.9284248352,
        "mean": 8.1044549942,
        "min": 2.44231843948,
        "stdev": 3.14037275314
    },
    "erbbands_flatness_db": {
        "max": 0.228131681681,
        "mean": 0.142018705606,
        "min": 0.0623192861676,
        "stdev": 0.0250680204481
    },
    "erbbands_kurtosis": {
        "max": 11.4818267822,
        "mean": 0.677574157715,
        "min": -1.48410308361,
        "stdev": 1.34942579269
    },
    "erbbands_skewness": {
        "max": 1.69828760624,
        "mean": -0.1747726053,
        "min": -2.53462195396,
        "stdev": 0.597020506859
    },
    "erbbands_spread": {
        "max": 99.3844146729,
        "mean": 34.7203903198,
        "min": 8.85188865662,
        "stdev": 12.826048851
    },
    "hfc": {
        "max": 158.60319519,
        "mean": 39.5214233398,
        "min": 0.42335921526,
        "stdev": 18.2290916443
    },
    "loudness_ebu128": {
        "integrated": -12.6316394806,
        "loudness_range": 1.02143478394,
        "momentary": {
            "max": -10.8399600983,
            "mean": -12.7093048096,
            "min": -16.4954299927,
            "stdev": 0.849702656269
        },
        "short_term": {
            "max": -11.9794044495,
            "mean": -12.5945100784,
            "min": -13.5271816254,
            "stdev": 0.360783666372
        }
    },
    "melbands_crest": {
        "max": 27.1530265808,
        "mean": 13.9223117828,
        "min": 4.13753795624,
        "stdev": 4.40040063858
    },
    "melbands_flatness_db": {
        "max": 0.298661053181,
        "mean": 0.132131800056,
        "min": 0.0410987101495,
        "stdev": 0.034600134939
    },
    "melbands_kurtosis": {
        "max": 110.406700134,
        "mean": 4.37599134445,
        "min": -1.60746204853,
        "stdev": 7.9283618927
    },
    "melbands_skewness": {
        "max": 8.71583557129,
        "mean": 1.79037714005,
        "min": -0.25051382184,
        "stdev": 1.03709053993
    },
    "melbands_spread": {
        "max": 160.476242065,
        "mean": 43.5349159241,
        "min": 3.45635175705,
        "stdev": 16.5591831207
    },
    "pitch_salience": {
        "max": 0.80006057024,
        "mean": 0.525962054729,
        "min": 0.217455267906,
        "stdev": 0.0838216617703
    },
    "silence_rate_20dB": {
        "max": 1,
        "mean": 1,
        "min": 1,
        "stdev": 0
    },
    "silence_rate_30dB": {
        "max": 1,
        "mean": 1,
        "min": 1,
        "stdev": 0
    },
    "silence_rate_60dB": {
        "max": 0,
        "mean": 0,
        "min": 0,
        "stdev": 0
    },
    "spectral_centroid": {
        "max": 4039.15551758,
        "mean": 1941.86193848,
        "min": 570.530456543,
        "stdev": 395.086395264
    },
    "spectral_complexity": {
        "max": 55,
        "mean": 30.1805858612,
        "min": 1,
        "stdev": 6.77935266495
    },
    "spectral_decrease": {
        "max": -1.33169808514e-10,
        "mean": -7.45346540043e-09,
        "min": -2.05150136878e-08,
        "stdev": 2.67264965714e-09
    },
    "spectral_energy": {
        "max": 0.0850729569793,
        "mean": 0.0317158214748,
        "min": 0.000541012443136,
        "stdev": 0.0108893085271
    },
    "spectral_energyband_high": {
        "max": 0.0219309665263,
        "mean": 0.00199038512073,
        "min": 1.29247464429e-05,
        "stdev": 0.001920605544
    },
    "spectral_energyband_low": {
        "max": 0.0498607382178,
        "mean": 0.0110759241506,
        "min": 6.69030341669e-05,
        "stdev": 0.007503666915
    },
    "spectral_energyband_middle_high": {
        "max": 0.035616684705,
        "mean": 0.0112074278295,
        "min": 0.000118811825814,
        "stdev": 0.00663209659979
    },
    "spectral_energyband_middle_low": {
        "max": 0.0373210683465,
        "mean": 0.00891865417361,
        "min": 0.000193488551304,
        "stdev": 0.00527493329719
    },
    "spectral_entropy": {
        "max": 8.55055904388,
        "mean": 7.96736001968,
        "min": 7.19495725632,
        "stdev": 0.201034575701
    },
    "spectral_flux": {
        "max": 0.225371867418,
        "mean": 0.100131258368,
        "min": 0.0330782569945,
        "stdev": 0.0306167863309
    },
    "spectral_kurtosis": {
        "max": 10.8693284988,
        "mean": 2.83311486244,
        "min": -0.417225122452,
        "stdev": 1.30978393555
    },
    "spectral_rms": {
        "max": 0.00911032408476,
        "mean": 0.00547785451636,
        "min": 0.000726510130335,
        "stdev": 0.000967126747128
    },
    "spectral_rolloff": {
        "max": 9754.54101562,
        "mean": 2457.59716797,
        "min": 150.732421875,
        "stdev": 1291.8626709
    },
    "spectral_skewness": {
        "max": 2.95462226868,
        "mean": 1.32272863388,
        "min": 0.174118429422,
        "stdev": 0.25872322917
    },
    "spectral_spread": {
        "max": 10725967,
        "mean": 5002334,
        "min": 2975712.25,
        "stdev": 926328.0625
    },
    "spectral_strongpeak": {
        "max": 9.87995910645,
        "mean": 1.08318018913,
        "min": 0,
        "stdev": 1.47287285328
    },
    "zerocrossingrate": {
        "max": 0.2578125,
        "mean": 0.0899730548263,
        "min": 0.013671875,
        "stdev": 0.0276352297515
    },
    "barkbands": {
        "max": [0.000412794266595, 0.0373123958707, 0.0349160544574, 0.0271520838141, 0.0172977745533, 0.0135110458359, 0.00980010256171, 0.0181104503572, 0.0348611660302, 0.0232969205827, 0.0166611671448, 0.0110098076984, 0.0142795806751, 0.018777506426, 0.0236343741417, 0.0154707087204, 0.0113970115781, 0.00961343105882, 0.00352745177224, 0.0034967425745, 0.00675550708547, 0.00777327781543, 0.00720690516755, 0.00643073255196, 0.00456676632166, 0.000448847335065, 2.43932427111e-05],
        "mean": [2.03509353014e-05, 0.00355672533624, 0.00613324949518, 0.00205380469561, 0.00116395391524, 0.00124521227553, 0.000590838608332, 0.000773930805735, 0.0027813562192, 0.00100246246438, 0.000930511916522, 0.000876929087099, 0.00126131135039, 0.0012270915322, 0.00170436222106, 0.00115539866965, 0.00157673144713, 0.0010146118002, 0.000444270379376, 0.000393046968384, 0.000355875119567, 0.00038489655708, 0.000498299254104, 0.000349609501427, 0.000176954446943, 4.32356937381e-05, 8.07939443348e-07],
        "min": [9.2753182912e-08, 5.09260235049e-06, 1.25530914374e-05, 2.30490513786e-05, 2.0241990569e-05, 1.57111862791e-05, 7.07762501406e-06, 2.30483601626e-06, 3.24758293573e-05, 3.52524716618e-06, 9.19082958717e-06, 8.534945664e-06, 2.34718231695e-06, 1.03684687929e-05, 1.00406250567e-05, 1.54210119945e-05, 1.76699086296e-05, 7.63452771935e-06, 3.45929220202e-06, 2.89352442451e-06, 7.79436902576e-07, 3.06133824779e-06, 5.60179068998e-06, 1.0732693454e-06, 7.23570110495e-07, 3.20468785731e-07, 5.97457694429e-10],
        "stdev": [3.12236807076e-05, 0.00495718000457, 0.00476965820417, 0.00226984359324, 0.00146559788845, 0.0015804922441, 0.00121110072359, 0.00169407902285, 0.00375404767692, 0.00231456803158, 0.00141208921559, 0.00136406871025, 0.00171087891795, 0.00184478389565, 0.00264627020806, 0.00161503709387, 0.00159330340102, 0.0008642472676, 0.000383643200621, 0.00028525936068, 0.000331245479174, 0.000411596440244, 0.000619360653218, 0.000509174948093, 0.000297836493701, 4.04737220379e-05, 1.63400522979e-06]
    },
    "erbbands": {
        "max": [0.696533739567, 9.86397743225, 28.3220748901, 53.9874572754, 42.9995193481, 81.1168136597, 138.726348877, 165.713485718, 124.525917053, 308.683441162, 497.45199585, 967.265625, 1160.19152832, 597.262878418, 959.764770508, 448.998077393, 647.201416016, 969.111206055, 915.999267578, 805.116943359, 1005.1630249, 739.846313477, 543.233398438, 198.749038696, 93.9851913452, 195.217880249, 158.693725586, 338.036224365, 336.485137939, 212.198745728, 176.100585938, 143.010131836, 91.6767578125, 77.8249588013, 8.50303649902, 2.69986152649, 0.615984976292, 0.100869223475, 0.00332530029118, 0.000135995665914],
        "mean": [0.0427854992449, 1.07223927975, 6.10788345337, 7.96463060379, 4.55186080933, 3.86308789253, 6.80529737473, 10.7008523941, 7.217856884, 11.2246055603, 27.5459518433, 58.4340858459, 46.7132949829, 36.6433067322, 36.8522415161, 33.3089828491, 50.1067695618, 70.7247009277, 76.120475769, 72.0821533203, 71.4506835938, 94.0799560547, 64.7424316406, 31.8297786713, 19.0908298492, 17.6160964966, 13.7450494766, 14.8281850815, 14.3405189514, 13.5773000717, 12.7537317276, 9.99497413635, 4.86593723297, 2.65107297897, 0.8453810215, 0.296936243773, 0.0567482113838, 0.00557306595147, 0.000180632370757, 5.02325965499e-05],
        "min": [6.1896367697e-05, 0.00237124203704, 0.0242209341377, 0.0950165465474, 0.0303187407553, 0.0713981091976, 0.137135177851, 0.133642747998, 0.204896569252, 0.23475818336, 0.500639259815, 0.953283309937, 0.15164527297, 0.347858428955, 0.33373516798, 0.415231049061, 0.170108899474, 0.681874573231, 0.502093553543, 0.52296847105, 1.00904738903, 1.37130486965, 0.577433586121, 0.206722602248, 0.201866239309, 0.108870476484, 0.0471462979913, 0.0658070668578, 0.0778813064098, 0.116325393319, 0.134317979217, 0.0628855600953, 0.018965575844, 0.00815369002521, 0.00544417370111, 0.00234176358208, 0.000411246612202, 1.74721244548e-05, 9.6100995961e-07, 7.03169234839e-07],
        "stdev": [0.0754289329052, 1.31485271454, 4.57875967026, 6.17413520813, 5.20460557938, 5.32061672211, 10.5416250229, 14.9879140854, 9.57467651367, 27.9292964935, 48.6436157227, 85.7701416016, 84.4435501099, 62.9882164001, 63.0845909119, 48.1463470459, 61.1153106689, 96.2924804688, 99.5926132202, 101.7811203, 91.9804534912, 93.4407348633, 54.4315567017, 22.646112442, 12.3418664932, 13.8980226517, 11.0278272629, 15.3988275528, 15.5111913681, 17.4139385223, 14.825512886, 12.8582086563, 7.97939252853, 4.98521471024, 0.936204254627, 0.269992619753, 0.0576161034405, 0.00672610243782, 0.000234799575992, 1.85968874575e-05]
    },
    "gfcc": {
        "mean": [59.8746337891, 61.1565361023, -131.712722778, 45.1929359436, -55.5580062866, 31.9605979919, -43.8189811707, 16.0003852844, -22.3333206177, -3.44715380669, -25.6575317383, -3.18136572838, -18.1334228516],
        "cov": [[448.443450928, -125.248413086, -33.8144683838, -19.1472511292, 19.4279289246, 39.7422218323, -66.273147583, -18.8447914124, 0.566280663013, 4.81211853027, -26.5267715454, 11.6886930466, 9.58077430725], [-125.248413086, 323.664611816, -52.0294532776, -47.8711929321, 59.7151679993, -35.4926376343, 77.0488891602, 27.3985595703, 23.1269817352, -23.1109848022, 22.9571418762, -3.79115200043, -9.39239215851], [-33.8144683838, -52.0294532776, 286.905761719, 90.6197509766, -2.94839429855, -5.3869805336, -0.63997143507, 18.0047664642, 4.59552335739, 31.5229377747, 3.75073218346, 13.513759613, -15.8858995438], [-19.1472511292, -47.8711929321, 90.6197509766, 189.136779785, 49.0405006409, 20.2827262878, -31.754322052, -17.518239975, 24.5533504486, 20.0987758636, 12.0983800888, -10.4332675934, 20.5441188812], [19.4279289246, 59.7151679993, -2.94839429855, 49.0405006409, 165.64213562, 50.743396759, -0.611613631248, 13.3866004944, 31.7153911591, 12.8196649551, 1.22888660431, 1.18078184128, 8.6339225769], [39.7422218323, -35.4926376343, -5.3869805336, 20.2827262878, 50.743396759, 137.16619873, 60.0947036743, 2.71463608742, -26.0148067474, -12.6052207947, 4.29100990295, -7.46619749069, 7.87656736374], [-66.273147583, 77.0488891602, -0.63997143507, -31.754322052, -0.611613631248, 60.0947036743, 178.787628174, 61.0810317993, -27.3929519653, -32.61277771, 0.47067373991, -5.39214420319, -12.2988424301], [-18.8447914124, 27.3985595703, 18.0047664642, -17.518239975, 13.3866004944, 2.71463608742, 61.0810317993, 98.2387313843, 47.4889450073, -6.56520700455, -11.6070756912, -9.94221019745, -1.97045981884], [0.566280663013, 23.1269817352, 4.59552335739, 24.5533504486, 31.7153911591, -26.0148067474, -27.3929519653, 47.4889450073, 102.504806519, 30.317533493, -8.4418182373, -15.0860710144, 10.6038074493], [4.81211853027, -23.1109848022, 31.5229377747, 20.0987758636, 12.8196649551, -12.6052207947, -32.61277771, -6.56520700455, 30.317533493, 61.0538825989, 23.8355979919, 11.043794632, 1.15493822098], [-26.5267715454, 22.9571418762, 3.75073218346, 12.0983800888, 1.22888660431, 4.29100990295, 0.47067373991, -11.6070756912, -8.4418182373, 23.8355979919, 63.7140960693, 32.7479629517, 2.31725859642], [11.6886930466, -3.79115200043, 13.513759613, -10.4332675934, 1.18078184128, -7.46619749069, -5.39214420319, -9.94221019745, -15.0860710144, 11.043794632, 32.7479629517, 75.7987670898, 22.1626758575], [9.58077430725, -9.39239215851, -15.8858995438, 20.5441188812, 8.6339225769, 7.87656736374, -12.2988424301, -1.97045981884, 10.6038074493, 1.15493822098, 2.31725859642, 22.1626758575, 59.8616905212]],
        "icov": [[0.00294172554277, 0.00081211340148, 0.000379876757506, 0.000574389006943, -0.000338827929227, -0.00135650183074, 0.00129441416357, -0.000168333455804, -0.000271433964372, -7.00427699485e-05, 0.00150023761671, -0.00130475708283, 0.000522466667462], [0.00081211340148, 0.0078810621053, -0.000756860594265, 0.00359620363452, -0.00566992489621, 0.00591473700479, -0.00596246961504, 0.00569607270882, -0.00565533479676, 0.00709124375135, -0.00742203788832, 0.00335471588187, -0.00141621776856], [0.000379876757506, -0.000756860594265, 0.00583986612037, -0.0042846458964, 0.00178934179712, -0.000929674133658, 0.00124379445333, -0.00432348158211, 0.00338904326782, -0.00502518983558, 0.00429178867489, -0.00381406163797, 0.00356072140858], [0.000574389006943, 0.00359620363452, -0.0042846458964, 0.011197058484, -0.00493520032614, 0.00198678369634, -0.00245550600812, 0.00689794588834, -0.00592105323449, 0.00559329194948, -0.00759897520766, 0.00627414509654, -0.00542231928557], [-0.000338827929227, -0.00566992489621, 0.00178934179712, -0.00493520032614, 0.0126659981906, -0.00843474455178, 0.00519554270431, -0.00513808894902, 0.00140693038702, -0.00621070060879, 0.00726973405108, -0.00542835704982, 0.00311344861984], [-0.00135650183074, 0.00591473700479, -0.000929674133658, 0.00198678369634, -0.00843474455178, 0.0174620132893, -0.00976202078164, 0.00567180849612, -0.000720304087736, 0.00543696573004, -0.00848259776831, 0.0070158704184, -0.00492990296334], [0.00129441416357, -0.00596246961504, 0.00124379445333, -0.00245550600812, 0.00519554270431, -0.00976202078164, 0.0175462570041, -0.015018937178, 0.010316173546, -0.00419081328437, 0.00530088366941, -0.00331069622189, 0.00294978613965], [-0.000168333455804, 0.00569607270882, -0.00432348158211, 0.00689794588834, -0.00513808894902, 0.00567180849612, -0.015018937178, 0.0314189344645, -0.0220114644617, 0.0128173753619, -0.00678057549521, 0.00293686962686, -0.00182378594764], [-0.000271433964372, -0.00565533479676, 0.00338904326782, -0.00592105323449, 0.00140693038702, -0.000720304087736, 0.010316173546, -0.0220114644617, 0.0315208509564, -0.018705945462, 0.00900331232697, 0.00206913403235, -0.00296287424862], [-7.00427699485e-05, 0.00709124375135, -0.00502518983558, 0.00559329194948, -0.00621070060879, 0.00543696573004, -0.00419081328437, 0.0128173753619, -0.018705945462, 0.0376988239586, -0.0195238888264, 0.0033497211989, -0.000286235153908], [0.00150023761671, -0.00742203788832, 0.00429178867489, -0.00759897520766, 0.00726973405108, -0.00848259776831, 0.00530088366941, -0.00678057549521, 0.00900331232697, -0.0195238888264, 0.0362948179245, -0.016944007948, 0.00692579708993], [-0.00130475708283, 0.00335471588187, -0.00381406163797, 0.00627414509654, -0.00542835704982, 0.0070158704184, -0.00331069622189, 0.00293686962686, 0.00206913403235, 0.0033497211989, -0.016944007948, 0.0270607899874, -0.0129479505122], [0.000522466667462, -0.00141621776856, 0.00356072140858, -0.00542231928557, 0.00311344861984, -0.00492990296334, 0.00294978613965, -0.00182378594764, -0.00296287424862, -0.000286235153908, 0.00692579708993, -0.0129479505122, 0.0250068139285]]
    },
    "melbands": {
        "max": [0.00878479983658, 0.0110729755834, 0.00875016208738, 0.00421377038583, 0.00394667405635, 0.00325960549526, 0.00175831571687, 0.00313879386522, 0.00378513615578, 0.00664181588218, 0.00566182704642, 0.00247802119702, 0.00251016905531, 0.00162188138347, 0.00196447665803, 0.00189641688485, 0.00193340377882, 0.00134921539575, 0.0024695652537, 0.00123481557239, 0.00139688968193, 0.00100747297984, 0.00103809766006, 0.00034438711009, 0.000190551276319, 0.000119404576253, 7.82312272349e-05, 0.000143425510032, 0.000104348058812, 0.000116750932648, 0.000218486253289, 0.000174184591742, 0.000166987563716, 0.000127076287754, 9.9017895991e-05, 0.000140964417369, 0.00010246605234, 7.83715440775e-05, 9.64803693932e-05, 4.84804004373e-05],
        "mean": [0.000688470900059, 0.00258997059427, 0.00127049931325, 0.000282840628643, 0.000215477193706, 0.000234042148804, 0.00011687483493, 0.000117470946861, 0.000257563573541, 0.000393027847167, 0.000228356904699, 0.000144851364894, 0.000121377241157, 9.70396358753e-05, 8.56408223626e-05, 0.000145329948282, 0.000124574071378, 0.000109396816697, 0.000140125077451, 7.16971189831e-05, 8.2877893874e-05, 0.000100149845821, 7.41911353543e-05, 4.27485501859e-05, 2.450998727e-05, 1.52881821123e-05, 1.36980297611e-05, 1.10547925942e-05, 8.47255068948e-06, 8.32357636682e-06, 8.52632001624e-06, 8.04972569313e-06, 7.70111364545e-06, 7.68137942941e-06, 6.96369761499e-06, 8.39062522573e-06, 5.28296322955e-06, 3.4877402868e-06, 2.8346551062e-06, 2.01085981644e-06],
        "min": [9.01499106476e-07, 1.31767137646e-05, 1.42550488818e-05, 2.61410559688e-06, 4.75473052575e-06, 2.86479075839e-06, 2.49899767368e-06, 1.04485445718e-06, 2.33296668739e-06, 5.53055542696e-06, 5.10073959958e-07, 9.11846655072e-07, 1.13365263132e-06, 1.3292916492e-06, 5.99140093982e-07, 2.81561568727e-07, 1.17825095458e-06, 6.84438816734e-07, 6.57674434024e-07, 9.33568742312e-07, 6.83338953422e-07, 1.20861091091e-06, 7.46295825138e-07, 3.54244861001e-07, 1.44445607475e-07, 1.24207701901e-07, 1.43368993122e-07, 6.42029789333e-08, 3.62067531512e-08, 2.34182699899e-08, 4.89481841726e-08, 5.35213544595e-08, 4.27657411706e-08, 7.18890973417e-08, 6.07442061096e-08, 1.12656046269e-07, 1.09885727184e-08, 1.50037351432e-08, 7.52126716463e-09, 6.62757004832e-09],
        "stdev": [0.00105291453656, 0.00185970542952, 0.000933402217925, 0.000361652550055, 0.000304049928673, 0.000308900518576, 0.000170690895175, 0.000280265085166, 0.000435055786511, 0.000578919774853, 0.000428394210758, 0.000277868064586, 0.000187458834262, 0.000158797207405, 0.000139037787449, 0.000199607471586, 0.000192732331925, 0.000153547982336, 0.000246540585067, 0.000103527832835, 0.000114023896458, 0.000107840416604, 8.15072999103e-05, 3.26890367432e-05, 2.01702841878e-05, 1.39130170282e-05, 1.05930366772e-05, 9.93336834654e-06, 7.18655928722e-06, 7.3724968388e-06, 9.75698731054e-06, 8.33371268527e-06, 9.68825861491e-06, 1.1072948837e-05, 8.41374730953e-06, 9.85620863503e-06, 7.86460350355e-06, 5.64298125028e-06, 6.05130708209e-06, 3.55389329343e-06]
    },
    "melbands128": {
        "max": [0.000255930644926, 0.00323805306107, 0.0137677509338, 0.0192882418633, 0.0143380556256, 0.0190755091608, 0.0129050221294, 0.0124274594709, 0.00446430547163, 0.00581197720021, 0.00511340517551, 0.00280709983781, 0.0066972784698, 0.00384358479641, 0.00413593091071, 0.00536846555769, 0.00285856821574, 0.00166965823155, 0.00392636982724, 0.00596930459142, 0.00302335666493, 0.0052335197106, 0.00593618070707, 0.00631453236565, 0.00649279588833, 0.0122260758653, 0.00950178410858, 0.0088771097362, 0.00735873449594, 0.00519341882318, 0.00397675530985, 0.00338745373301, 0.00301442039199, 0.00694145960733, 0.00331534212455, 0.00236746878363, 0.00268674502149, 0.0041750818491, 0.00182965828571, 0.00236380333081, 0.00374434678815, 0.00332585163414, 0.0044731493108, 0.00515291048214, 0.00211046659388, 0.00282636727206, 0.00276777893305, 0.00583690358326, 0.00283444277011, 0.00149626098573, 0.00185869028792, 0.00260652974248, 0.00273198005743, 0.00191769469529, 0.00192534422968, 0.00217478116974, 0.00159292086028, 0.00158966111485, 0.00175849196967, 0.00128813064657, 0.000349043664755, 0.000541268265806, 0.000359611149179, 0.000310829665978, 0.000412928027799, 0.000117091673019, 8.09562916402e-05, 0.000130042768433, 0.000116020091809, 0.000178584115929, 0.000204275042051, 0.000138111485285, 0.000116280076327, 0.000111916888272, 9.70375913312e-05, 0.000100896970253, 0.000152616921696, 0.00021568412194, 0.000296771904686, 0.000130060434458, 9.77426097961e-05, 0.000234654435189, 0.000260712171439, 0.000185478638741, 0.000123493577121, 0.000144378034747, 0.000183266893146, 0.00022120786889, 9.4969625934e-05, 9.74880313152e-05, 0.00019857956795, 0.000134079586132, 0.00010885798838, 0.000113561509352, 0.000131800406962, 7.0474583481e-05, 9.29371308303e-05, 7.30798565201e-05, 7.11604734533e-05, 0.000187824523891, 9.9608238088e-05, 3.21701299981e-05, 3.31923401973e-05, 2.00427330128e-05, 8.20883451524e-06, 8.45601880428e-06, 1.39671710713e-05, 5.56989016331e-06, 7.24681240172e-06, 5.12638325745e-06, 4.0255517888e-06, 2.80237441075e-06, 2.25695566769e-06, 1.40012173233e-06, 1.54449344336e-06, 1.11974145511e-06, 6.06891319421e-07, 3.908509143e-07, 1.53221648702e-07, 1.5962993416e-07, 8.30308550803e-08, 4.17958396781e-08, 3.12401553515e-08, 1.63668367748e-08, 1.64755746823e-08, 1.64288653792e-08, 1.63654032548e-08, 1.63195910119e-08],
        "mean": [1.43459037645e-05, 0.000140398697113, 0.000817019899841, 0.00200309953652, 0.00303475372493, 0.0029653753154, 0.00175320345443, 0.000827644427773, 0.000377234682674, 0.000284044828732, 0.000195518427063, 0.00015444343444, 0.000247657008003, 0.000252309051575, 0.000262837071205, 0.000229385652347, 0.000106505969597, 8.3384285972e-05, 0.00013915625459, 0.000143079771078, 6.97286013747e-05, 0.000143856668728, 0.00030474414234, 0.00035070310696, 0.000335604301654, 0.000472310435725, 0.00038273143582, 0.000153151049744, 0.000158858922077, 0.000129820895381, 0.000159430652275, 0.000141525713843, 8.9201676019e-05, 0.000140315518365, 0.00012014011736, 6.93956098985e-05, 7.93707658886e-05, 0.000109621461888, 6.86646453687e-05, 7.69189136918e-05, 0.000207435325137, 0.000169692153577, 0.000126062441268, 9.70118344412e-05, 9.95531590888e-05, 0.000101331701444, 0.000122999757878, 0.000209081437788, 0.000106839281216, 5.80377200095e-05, 7.02615943737e-05, 7.73555366322e-05, 9.75052607828e-05, 7.13258777978e-05, 8.09288030723e-05, 0.000116601797345, 0.000109611130028, 6.78565265844e-05, 6.62023958284e-05, 7.47172671254e-05, 3.10471295961e-05, 3.50746595359e-05, 2.22219041461e-05, 2.07966877497e-05, 2.97800343105e-05, 1.17895096992e-05, 9.41547932598e-06, 1.41659056681e-05, 1.45376279761e-05, 1.30584785438e-05, 1.0263393051e-05, 1.19804044516e-05, 8.64777121024e-06, 7.42453630664e-06, 8.46145576361e-06, 8.03161856311e-06, 8.15529074316e-06, 9.68856238615e-06, 8.7273929239e-06, 7.14692941983e-06, 8.11354038888e-06, 8.42422559799e-06, 7.70220322011e-06, 8.39118547447e-06, 6.63171658744e-06, 7.55442260925e-06, 7.93406798039e-06, 8.0857107605e-06, 7.23538778402e-06, 4.84952943225e-06, 9.63094589679e-06, 1.00483648566e-05, 5.58020701646e-06, 5.07065169586e-06, 5.35177423444e-06, 3.63384947377e-06, 3.26070562551e-06, 2.89097556561e-06, 2.72795273304e-06, 3.03151614389e-06, 2.40338749791e-06, 1.75395291535e-06, 1.68550275248e-06, 1.12318434731e-06, 8.65801666805e-07, 6.80676748743e-07, 5.52329765924e-07, 4.95956783197e-07, 5.95619951582e-07, 4.96477923662e-07, 2.88527246539e-07, 1.8988436068e-07, 1.47970766307e-07, 1.03193976031e-07, 8.15482650296e-08, 5.19003506838e-08, 2.68188209418e-08, 5.12658360208e-09, 1.58350754731e-09, 7.92733545474e-10, 7.14054870787e-10, 3.08075093214e-10, 1.85115076046e-10, 1.66896305803e-11, 1.59283298357e-11, 1.57858552619e-11, 1.56728310885e-11, 1.56120012751e-11],
        "min": [1.34567921251e-08, 9.58446548793e-08, 3.29112253894e-07, 3.34313835992e-06, 1.01731202449e-05, 4.52780386695e-06, 7.52995856601e-06, 8.02868271421e-06, 1.32735226543e-06, 6.80736320646e-07, 9.74476620286e-07, 9.2287359621e-07, 7.72678447447e-07, 6.99782162883e-07, 1.09508414425e-06, 3.32948388859e-07, 9.0206879122e-07, 3.86943412423e-07, 3.75904448902e-07, 8.95006166957e-08, 3.40662836606e-07, 3.34038134042e-07, 6.78194169268e-07, 9.95818254523e-07, 8.47494220579e-07, 1.27460111798e-06, 3.8528122559e-07, 1.02535985036e-07, 8.90276368182e-08, 5.90968113556e-07, 3.68151148677e-07, 6.09430799159e-07, 6.14468092408e-07, 8.49050650231e-07, 1.70799253851e-07, 7.77918245376e-08, 4.24173094871e-07, 2.58199150949e-07, 1.85582351264e-07, 4.31814385138e-07, 1.27505600744e-07, 3.37371346859e-07, 7.08657921678e-07, 8.19556532861e-07, 4.39774794359e-07, 2.7348551157e-07, 5.73412705762e-07, 2.46733549147e-07, 4.2017626356e-07, 1.95078825982e-07, 5.04982494931e-07, 4.73207819596e-07, 6.70205508868e-07, 6.58272938381e-07, 7.64221908867e-07, 7.531140227e-07, 9.03188151824e-07, 4.23455389864e-07, 3.922451981e-07, 6.51182403999e-07, 3.00808579823e-07, 2.43861563831e-07, 1.45411775065e-07, 1.03210403779e-07, 1.59508715569e-07, 6.92714081652e-08, 1.27400852534e-07, 1.345212155e-07, 1.22920596368e-07, 2.64404729222e-08, 4.97037397906e-08, 1.00591705632e-07, 7.0147933684e-08, 1.61251012543e-08, 5.31394261927e-09, 1.92278761801e-08, 4.26473469872e-08, 1.44464928908e-08, 2.11779624948e-08, 1.26466915162e-07, 7.10108238877e-08, 2.26445990847e-08, 1.13753308995e-08, 3.99626856051e-08, 8.03561945872e-08, 5.28838199898e-08, 9.60479837886e-08, 5.64217650378e-08, 4.84155187053e-08, 4.38335661102e-08, 1.46944984181e-07, 1.19498679396e-07, 1.00280566073e-08, 6.82873046998e-09, 6.46933173698e-09, 1.33418822656e-08, 2.40281377017e-08, 5.02804731184e-09, 1.05088151514e-08, 5.52625945005e-09, 4.7989283658e-09, 8.35173974423e-09, 5.98244787042e-09, 7.44791561758e-09, 7.7613080407e-09, 4.23759249912e-09, 5.6563544959e-09, 1.65551305997e-09, 3.06010905504e-09, 6.79807365955e-09, 2.72771916165e-09, 1.28154831192e-09, 3.29313659675e-10, 1.89311094578e-10, 1.87782678296e-10, 1.50306989077e-10, 1.01787129073e-11, 2.16361583055e-13, 7.79293486295e-14, 8.1362251192e-14, 7.74353048046e-14, 7.16014907413e-14, 8.53464773355e-14, 6.17691255133e-14, 5.70807303876e-14, 2.46412438387e-14, 2.63321346302e-15, 1.00621055508e-16],
        "stdev": [2.46494255407e-05, 0.000337335193763, 0.0015835800441, 0.00264081964269, 0.00252323644236, 0.0023641709704, 0.00148823019117, 0.000995083712041, 0.000524535775185, 0.000486277916934, 0.000318159989547, 0.00024723802926, 0.000462414638605, 0.000424936704803, 0.000443057360826, 0.000388846587157, 0.000171488209162, 0.000161282529007, 0.000397049909225, 0.00048740094644, 0.00020482428954, 0.000473076623166, 0.000645074003842, 0.000708449922968, 0.000719135277905, 0.000933881499805, 0.000889384944458, 0.000476877961773, 0.00056542706443, 0.000393158610677, 0.000371255824575, 0.000260645378148, 0.000204150637728, 0.000392954942072, 0.00027836827212, 0.000150820298586, 0.000201639995794, 0.000230578560149, 0.000145202982822, 0.000156797395903, 0.000369405461242, 0.000299422157696, 0.000303187785903, 0.000287593342364, 0.000181414186954, 0.00022701958369, 0.00026180819259, 0.000500585359987, 0.00023729656823, 0.000115801107313, 0.000139632771607, 0.000172946776729, 0.000185122829862, 0.000139864758239, 0.000145139856613, 0.000170232946402, 0.00015779932437, 0.000132126107928, 0.0001067341218, 9.09656810109e-05, 3.38565914717e-05, 4.49846957054e-05, 2.78734696622e-05, 2.6240666557e-05, 4.39381838078e-05, 1.29494228531e-05, 9.78723619482e-06, 1.5036138393e-05, 1.4534031834e-05, 1.48989529407e-05, 1.36961034514e-05, 1.25448659674e-05, 9.68972926785e-06, 9.16056615097e-06, 8.62045089889e-06, 9.08616857487e-06, 8.59069223225e-06, 1.17697099995e-05, 1.24207235785e-05, 8.35575792735e-06, 8.58202383824e-06, 1.01078740045e-05, 1.12078560051e-05, 1.22769488371e-05, 8.16694864625e-06, 1.0956904589e-05, 1.40030424518e-05, 1.34226838782e-05, 8.2237593233e-06, 6.18892045168e-06, 1.31762581077e-05, 1.18453626783e-05, 7.48673528506e-06, 8.96319215826e-06, 9.35421940085e-06, 5.6642884374e-06, 5.80971664021e-06, 5.77396212975e-06, 5.5822788454e-06, 8.87382702786e-06, 5.32497961103e-06, 2.76979199043e-06, 2.63388619715e-06, 1.45607873492e-06, 8.86010809609e-07, 7.80098275754e-07, 6.74790669564e-07, 5.00206908782e-07, 6.3645057935e-07, 5.42649331692e-07, 3.39093560342e-07, 2.13542293181e-07, 1.87614347169e-07, 1.41647774399e-07, 1.08591372339e-07, 6.54964509295e-08, 5.06592634508e-08, 1.90979054793e-08, 9.61031698665e-09, 6.50442499861e-09, 5.16624298896e-09, 2.57643129054e-09, 1.56511892335e-09, 4.37191449709e-10, 4.39935199381e-10, 4.38690056503e-10, 4.36997188435e-10, 4.35774527574e-10]
    },
    "mfcc": {
        "mean": [-573.743286133, 83.3111038208, -8.49477100372, 16.1066761017, 14.4740982056, 11.8952140808, -2.44528245926, 14.1482620239, 3.84206628799, 4.73508787155, -0.0695433840156, -0.322907984257, -8.96927452087],
        "cov": [[494.72253418, -129.40852356, -91.9668045044, -68.9886016846, 45.8799285889, 31.3458824158, -36.3310775757, -22.1585597992, -9.21225261688, -4.79959869385, -21.779050827, -21.6824836731, -32.8491516113], [-129.40852356, 354.604125977, -96.7763366699, -9.13373088837, -38.5713615417, -39.5641555786, 27.6520252228, 54.4111175537, 12.3629055023, -4.62754201889, 25.4665374756, 19.7663135529, 27.6630687714], [-91.9668045044, -96.7763366699, 266.052032471, 69.1855773926, -3.41477632523, -4.4787197113, 4.13430023193, -16.0266113281, -2.1853427887, 3.49056434631, 4.28731441498, 11.6279096603, 19.5310649872], [-68.9886016846, -9.13373088837, 69.1855773926, 148.760604858, 56.6200332642, 1.81682372093, -28.7026863098, -15.6747207642, 9.19532489777, 17.4208755493, 0.0631414875388, 8.00969791412, 29.8024578094], [45.8799285889, -38.5713615417, -3.41477632523, 56.6200332642, 195.065643311, 44.0962524414, -50.2710266113, -32.4426078796, 19.7014808655, 20.6528911591, 3.839646101, 12.7340583801, 7.81910037994], [31.3458824158, -39.5641555786, -4.4787197113, 1.81682372093, 44.0962524414, 116.719284058, 56.5995140076, 2.33021235466, -10.1566457748, -4.32767486572, -7.94464969635, -6.60200071335, -4.70767068863], [-36.3310775757, 27.6520252228, 4.13430023193, -28.7026863098, -50.2710266113, 56.5995140076, 157.66192627, 70.0802841187, 3.92392992973, -8.07400226593, 5.07606601715, -4.43381547928, 3.64719867706], [-22.1585597992, 54.4111175537, -16.0266113281, -15.6747207642, -32.4426078796, 2.33021235466, 70.0802841187, 102.261817932, 42.3349990845, 7.09957504272, 8.59568881989, 0.669190406799, 1.82094240189], [-9.21225261688, 12.3629055023, -2.1853427887, 9.19532489777, 19.7014808655, -10.1566457748, 3.92392992973, 42.3349990845, 93.1652069092, 47.8937149048, 8.28332138062, -4.05301475525, -6.34876823425], [-4.79959869385, -4.62754201889, 3.49056434631, 17.4208755493, 20.6528911591, -4.32767486572, -8.07400226593, 7.09957504272, 47.8937149048, 82.2846679688, 25.8995933533, -7.56793308258, -13.8111438751], [-21.779050827, 25.4665374756, 4.28731441498, 0.0631414875388, 3.839646101, -7.94464969635, 5.07606601715, 8.59568881989, 8.28332138062, 25.8995933533, 62.2472305298, 18.8554954529, -9.2922296524], [-21.6824836731, 19.7663135529, 11.6279096603, 8.00969791412, 12.7340583801, -6.60200071335, -4.43381547928, 0.669190406799, -4.05301475525, -7.56793308258, 18.8554954529, 60.3277015686, 36.24659729], [-32.8491516113, 27.6630687714, 19.5310649872, 29.8024578094, 7.81910037994, -4.70767068863, 3.64719867706, 1.82094240189, -6.34876823425, -13.8111438751, -9.2922296524, 36.24659729, 85.2967376709]],
        "icov": [[0.00285640894435, 0.00121738610324, 0.00102670444176, 0.00124361366034, -0.000606907589827, -0.000456756562926, 0.000894598313607, -0.000655109761283, 0.00039699851186, -9.70752444118e-05, 0.000284035428194, 0.000388883985579, -7.86983509897e-05], [0.00121738610324, 0.00449255481362, 0.00215568533167, -0.000226787131396, 0.000102616664662, 0.00121938507073, -0.000135710492032, -0.00168515369296, 0.000208164929063, 0.000657010241412, -0.00175724201836, 0.000229493380175, -0.00146994530223], [0.00102670444176, 0.00215568533167, 0.00565537624061, -0.0023036566563, 0.000699400494341, 0.000797395594418, -0.00105075491592, 0.000774749321863, -0.000447770027677, 0.000531336932909, -0.000945618725382, -0.000581959786359, -0.000588509312365], [0.00124361366034, -0.000226787131396, -0.0023036566563, 0.0105216996744, -0.00276933447458, -0.000555878505111, 0.00191732787061, -0.000653617607895, 0.000682172598317, -0.00206523598172, 0.000316866382491, 0.00207378272898, -0.00357148167677], [-0.000606907589827, 0.000102616664662, 0.000699400494341, -0.00276933447458, 0.00888750329614, -0.00526422634721, 0.00347007880919, 0.00146463932469, -0.00315563147888, 0.000207526842132, -0.001131311059, -0.00190991349518, -0.000257366220467], [-0.000456756562926, 0.00121938507073, 0.000797395594418, -0.000555878505111, -0.00526422634721, 0.015854017809, -0.00905780401081, 0.00239680637605, 0.0021729238797, -0.000515492341947, 0.00216151378118, 6.20363862254e-05, 0.00142135866918], [0.000894598313607, -0.000135710492032, -0.00105075491592, 0.00191732787061, 0.00347007880919, -0.00905780401081, 0.0157659687102, -0.00975551363081, 0.00206871540286, -2.01548791665e-05, -0.00207538879476, 0.00199211691506, -0.00224658311345], [-0.000655109761283, -0.00168515369296, 0.000774749321863, -0.000653617607895, 0.00146463932469, 0.00239680637605, -0.00975551363081, 0.0222304910421, -0.0114093758166, 0.00395677844062, -0.00155421497766, -0.000651772192214, 0.000184884876944], [0.00039699851186, 0.000208164929063, -0.000447770027677, 0.000682172598317, -0.00315563147888, 0.0021729238797, 0.00206871540286, -0.0114093758166, 0.0227717570961, -0.0126000242308, 0.004586127121, -0.000849960779306, 0.00102943426464], [-9.70752444118e-05, 0.000657010241412, 0.000531336932909, -0.00206523598172, 0.000207526842132, -0.000515492341947, -2.01548791665e-05, 0.00395677844062, -0.0126000242308, 0.0233070310205, -0.0106977187097, 0.00545464269817, -0.00042896126979], [0.000284035428194, -0.00175724201836, -0.000945618725382, 0.000316866382491, -0.001131311059, 0.00216151378118, -0.00207538879476, -0.00155421497766, 0.004586127121, -0.0106977187097, 0.0267509613186, -0.0132018066943, 0.00826353766024], [0.000388883985579, 0.000229493380175, -0.000581959786359, 0.00207378272898, -0.00190991349518, 6.20363862254e-05, 0.00199211691506, -0.000651772192214, -0.000849960779306, 0.00545464269817, -0.0132018066943, 0.0300955958664, -0.0138160381466], [-7.86983509897e-05, -0.00146994530223, -0.000588509312365, -0.00357148167677, -0.000257366220467, 0.00142135866918, -0.00224658311345, 0.000184884876944, 0.00102943426464, -0.00042896126979, 0.00826353766024, -0.0138160381466, 0.0205254517496]]
    },
    "spectral_contrast_coeffs": {
        "max": [-0.514854609966, -0.522400140762, -0.506883561611, -0.572450876236, -0.603516697884, -0.625355780125],
        "mean": [-0.693468689919, -0.749396622181, -0.748692333698, -0.778455555439, -0.764522433281, -0.761622965336],
        "min": [-0.942011594772, -0.93261128664, -0.892219305038, -0.900506496429, -0.854491055012, -0.836065530777],
        "stdev": [0.054430346936, 0.0721584260464, 0.062333535403, 0.0464590117335, 0.0339761450887, 0.0234471168369]
    },
    "spectral_contrast_valleys": {
        "max": [-5.16995477676, -5.32112789154, -5.71826934814, -5.56329870224, -5.77111625671, -7.64304113388],
        "mean": [-6.59932994843, -6.6884226799, -6.9563536644, -6.71152591705, -6.8154964447, -9.06569766998],
        "min": [-7.95694732666, -8.04134273529, -8.43906116486, -8.2801733017, -8.82761955261, -11.3020219803],
        "stdev": [0.427763938904, 0.398521244526, 0.454767167568, 0.375977754593, 0.309167653322, 0.422599375248]
    }
},
"rhythm": {
    "beats_count": 69,
    "beats_loudness": {
        "max": 0.0576344393194,
        "mean": 0.034641712904,
        "min": 0.0148663837463,
        "stdev": 0.0102142551914
    },
    "bpm": 129.118423462,
    "bpm_histogram_first_peak_bpm": 129,
    "bpm_histogram_first_peak_weight": 0.212121248245,
    "bpm_histogram_second_peak_bpm": 123,
    "bpm_histogram_second_peak_spread": 0,
    "bpm_histogram_second_peak_weight": 0.0147058824077,
    "danceability": 1.33317053318,
    "onset_rate": 3.29150366783,
    "beats_loudness_band_ratio": {
        "max": [0.795286536217, 0.262443631887, 0.603383600712, 0.475989490747, 0.672264039516, 0.446975320578],
        "mean": [0.35967952013, 0.0630373805761, 0.161803752184, 0.154221326113, 0.19104757905, 0.0862031802535],
        "min": [0.0407914444804, 0.00636481912807, 0.00759887276217, 0.0249334368855, 0.011104542762, 0.0112277707085],
        "stdev": [0.183279022574, 0.0494665056467, 0.134486719966, 0.117108002305, 0.117689795792, 0.0656031221151]
    },
    "beats_position": [0.46439909935, 0.9287981987, 1.39319729805, 1.8575963974, 2.32199549675, 2.7863945961, 3.25079369545, 3.7151927948, 4.17959165573, 4.6439909935, 5.10838985443, 5.5727891922, 6.03718805313, 6.51319694519, 6.98920631409, 7.45360517502, 7.91800451279, 8.38240337372, 8.84680271149, 9.31120204926, 9.75238037109, 10.2167797089, 10.6811790466, 11.1455783844, 11.6099767685, 12.0743761063, 12.538775444, 13.0147848129, 13.479183197, 13.9319725037, 14.3963718414, 14.8723802567, 15.3483896255, 15.8127889633, 16.2771873474, 16.7415866852, 17.1943759918, 17.6471652985, 18.1115646362, 18.575963974, 19.0403633118, 19.5279808044, 19.9923801422, 20.45677948, 20.9211788177, 21.3855781555, 21.8499774933, 22.3143768311, 22.7787742615, 23.2431735992, 23.707572937, 24.1719722748, 24.6363716125, 25.1007709503, 25.553560257, 26.0179595947, 26.470746994, 26.9351463318, 27.4111557007, 27.8871650696, 28.3515644073, 28.804353714, 29.2687530518, 29.7447605133, 30.2091598511, 30.6735591888, 31.1379585266, 31.6023578644, 32.0667572021],
