{
"metadata": {
    "version": {
        "essentia": "2.1-beta5",
        "essentia_git_sha": "Undefined",
        "extractor": "music 2.0"
    },
    "audio_properties": {
        "analysis": {
            "equal_loudness": 0,
            "length": 20.0968704224,
            "sample_rate": 44100,
            "start_time": 175.240997314,
            "downmix": "mix"
        },
        "bit_rate": 192000,
        "length": 195.361099243,
        "lossless": 0,
        "number_channels": 2,
        "replay_gain": 0.76349067688,
        "sample_rate": 48000,
        "codec": "mp3",
        "md5_encoded": "5b52664d53c3de840f43c4b3501cb7f2"
    },
    "tags": {
        "file_name": "United KingdomUK_Touch My Fire_Javine.mp3",
        "encoding": ["Lavf58.29.100"]
    }
},
"lowlevel": {
    "average_loudness": 0.91460955143,
    "barkbands_crest": {
        "max": 23.9802875519,
        "mean": 9.92460632324,
        "min": 2.44059157372,
        "stdev": 3.88774323463
    },
    "barkbands_flatness_db": {
        "max": 0.26897957921,
        "mean": 0.169394150376,
        "min": 0.0675821527839,
        "stdev": 0.0396888628602
    },
    "barkbands_kurtosis": {
        "max": 41.4687957764,
        "mean": 1.40553486347,
        "min": -1.88433337212,
        "stdev": 3.14204525948
    },
    "barkbands_skewness": {
        "max": 6.30756950378,
        "mean": 1.06094515324,
        "min": -1.48439145088,
        "stdev": 0.869336366653
    },
    "barkbands_spread": {
        "max": 96.4947433472,
        "mean": 21.3924999237,
        "min": 4.18527889252,
        "stdev": 12.8320531845
    },
    "dissonance": {
        "max": 0.499988824129,
        "mean": 0.47642493248,
        "min": 0.357610672712,
        "stdev": 0.0227626487613
    },
    "dynamic_complexity": 2.257168293,
    "erbbands_crest": {
        "max": 29.3152046204,
        "mean": 10.2664442062,
        "min": 2.48761892319,
        "stdev": 5.13021993637
    },
    "erbbands_flatness_db": {
        "max": 0.338863760233,
        "mean": 0.216707885265,
        "min": 0.0921101346612,
        "stdev": 0.0599353164434
    },
    "erbbands_kurtosis": {
        "max": 9.68222332001,
        "mean": 0.758461415768,
        "min": -1.43614578247,
        "stdev": 1.45727705956
    },
    "erbbands_skewness": {
        "max": 2.46488761902,
        "mean": 0.376775830984,
        "min": -2.83253788948,
        "stdev": 0.773416757584
    },
    "erbbands_spread": {
        "max": 117.86618042,
        "mean": 27.5373954773,
        "min": 5.29894924164,
        "stdev": 15.811583519
    },
    "hfc": {
        "max": 97.1333236694,
        "mean": 24.4319419861,
        "min": 0.203834861517,
        "stdev": 16.92304039
    },
    "loudness_ebu128": {
        "integrated": -24.1920871735,
        "loudness_range": 3.00346946716,
        "momentary": {
            "max": -20.4157409668,
            "mean": -24.655872345,
            "min": -32.6052398682,
            "stdev": 2.12861871719
        },
        "short_term": {
            "max": -22.236410141,
            "mean": -24.359998703,
            "min": -26.5956668854,
            "stdev": 1.11013936996
        }
    },
    "melbands_crest": {
        "max": 28.4023895264,
        "mean": 13.5050706863,
        "min": 4.62434101105,
        "stdev": 4.61754751205
    },
    "melbands_flatness_db": {
        "max": 0.315761238337,
        "mean": 0.167865887284,
        "min": 0.0272620711476,
        "stdev": 0.0401717126369
    },
    "melbands_kurtosis": {
        "max": 192.38848877,
        "mean": 7.42436313629,
        "min": -1.50114953518,
        "stdev": 14.1757545471
    },
    "melbands_skewness": {
        "max": 12.3062868118,
        "mean": 2.00181698799,
        "min": -0.947511732578,
        "stdev": 1.45805037022
    },
    "melbands_spread": {
        "max": 106.339126587,
        "mean": 25.6598186493,
        "min": 2.94605302811,
        "stdev": 14.5875940323
    },
    "pitch_salience": {
        "max": 0.887897133827,
        "mean": 0.580365359783,
        "min": 0.233277246356,
        "stdev": 0.142969191074
    },
    "silence_rate_20dB": {
        "max": 1,
        "mean": 1,
        "min": 1,
        "stdev": 0
    },
    "silence_rate_30dB": {
        "max": 1,
        "mean": 1,
        "min": 1,
        "stdev": 0
    },
    "silence_rate_60dB": {
        "max": 1,
        "mean": 0.0161476358771,
        "min": 0,
        "stdev": 0.126042693853
    },
    "spectral_centroid": {
        "max": 3586.41259766,
        "mean": 1745.33227539,
        "min": 739.753662109,
        "stdev": 416.517791748
    },
    "spectral_complexity": {
        "max": 49,
        "mean": 21.0553627014,
        "min": 0,
        "stdev": 7.42943096161
    },
    "spectral_decrease": {
        "max": -3.63581040275e-11,
        "mean": -5.92554361134e-09,
        "min": -2.07238546324e-08,
        "stdev": 4.03930977555e-09
    },
    "spectral_energy": {
        "max": 0.0800576284528,
        "mean": 0.0245804283768,
        "min": 0.000155712215928,
        "stdev": 0.0164104904979
    },
    "spectral_energyband_high": {
        "max": 0.00999326165766,
        "mean": 0.000733062042855,
        "min": 4.22671882916e-06,
        "stdev": 0.000786965887528
    },
    "spectral_energyband_low": {
        "max": 0.0710971057415,
        "mean": 0.0075951218605,
        "min": 1.79534907829e-07,
        "stdev": 0.0107239242643
    },
    "spectral_energyband_middle_high": {
        "max": 0.0557378865778,
        "mean": 0.0106926718727,
        "min": 9.70272521954e-05,
        "stdev": 0.0101314401254
    },
    "spectral_energyband_middle_low": {
        "max": 0.0488591976464,
        "mean": 0.00671938946471,
        "min": 5.71223426959e-05,
        "stdev": 0.00650618225336
    },
    "spectral_entropy": {
        "max": 8.63327598572,
        "mean": 7.73162889481,
        "min": 6.75059652328,
        "stdev": 0.274589627981
    },
    "spectral_flux": {
        "max": 0.24103525281,
        "mean": 0.0870243534446,
        "min": 0.0245450921357,
        "stdev": 0.0402331911027
    },
    "spectral_kurtosis": {
        "max": 16.9098339081,
        "mean": 3.46114563942,
        "min": -1.01124691963,
        "stdev": 1.9518455267
    },
    "spectral_rms": {
        "max": 0.00883770361543,
        "mean": 0.00461860606447,
        "min": 0.000389761931729,
        "stdev": 0.0016276978422
    },
    "spectral_rolloff": {
        "max": 8936.27929688,
        "mean": 1872.07189941,
        "min": 86.1328125,
        "stdev": 945.038574219
    },
    "spectral_skewness": {
        "max": 3.03656244278,
        "mean": 1.34248173237,
        "min": 0.0921477302909,
        "stdev": 0.367457747459
    },
    "spectral_spread": {
        "max": 12287802,
        "mean": 3985633.5,
        "min": 2555750,
        "stdev": 936703.625
    },
    "spectral_strongpeak": {
        "max": 13.6585435867,
        "mean": 1.54522430897,
        "min": 0.0206195991486,
        "stdev": 1.98121297359
    },
    "zerocrossingrate": {
        "max": 0.1953125,
        "mean": 0.0683768317103,
        "min": 0.0166015625,
        "stdev": 0.0218141581863
    },
    "barkbands": {
        "max": [0.00118503393605, 0.0648031979799, 0.0281376801431, 0.025934163481, 0.0106376539916, 0.0107246842235, 0.00645219255239, 0.0087699573487, 0.0384861603379, 0.0486242361367, 0.0313578024507, 0.0259214881808, 0.0232105981559, 0.0474431701005, 0.0295366663486, 0.0107791060582, 0.0119070000947, 0.00761517742649, 0.00564170302823, 0.00480066519231, 0.00218335678801, 0.00221303384751, 0.00329753267579, 0.00308189145289, 0.00151253584772, 1.87723662748e-06, 2.67086505801e-07],
        "mean": [6.39656427666e-05, 0.00448868889362, 0.00239622686058, 0.00102270045318, 0.000622701249085, 0.000628866138868, 0.000262151123025, 0.000467504782137, 0.00247103208676, 0.00382476812229, 0.00105942448135, 0.000875113124494, 0.000771316408645, 0.00180246250238, 0.00092823401792, 0.000619009952061, 0.000546470517293, 0.000369812594727, 0.000459781731479, 0.000313087832183, 0.00018578444724, 0.000141739001265, 0.00013321408187, 8.66206901264e-05, 3.97103685827e-05, 4.80031729921e-08, 1.46066492235e-09],
        "min": [6.23764234708e-11, 1.33432909166e-08, 9.85176296098e-09, 7.21213098132e-08, 9.65766389527e-07, 2.15704244511e-06, 9.33814817472e-07, 2.12905433727e-06, 1.29008940348e-05, 4.85129157823e-06, 6.50091533316e-06, 6.75664341543e-06, 1.26710756376e-05, 7.28070426703e-06, 3.93382924813e-06, 3.13805867336e-06, 1.4714374629e-05, 3.94933113057e-06, 2.12687382373e-06, 5.36021389053e-07, 1.76778144123e-06, 1.37297558922e-06, 3.22193955071e-07, 3.15981566246e-07, 7.34292129323e-08, 1.66456431971e-10, 1.75184713957e-10],
        "stdev": [0.000108846819785, 0.00815963372588, 0.00373847433366, 0.0022907035891, 0.00105056306347, 0.00115789542906, 0.000577620638069, 0.000811309437267, 0.00394360069185, 0.00651798397303, 0.00227764877491, 0.00240331562236, 0.00165632297285, 0.00532091129571, 0.00188162224367, 0.0010103561217, 0.000791128142737, 0.000459453789517, 0.000626482069492, 0.000422611279646, 0.000222979317186, 0.000179269001819, 0.000217662120122, 0.000163234057254, 8.4819883341e-05, 1.10508516116e-07, 9.23235266015e-09]
    },
    "erbbands": {
        "max": [1.7584182024, 14.7350406647, 30.3807754517, 68.6406173706, 32.1844444275, 33.682182312, 139.24987793, 99.4800338745, 122.302017212, 116.297805786, 234.554275513, 911.34765625, 1413.51831055, 1605.25842285, 520.206176758, 1220.41247559, 919.6484375, 2833.91479492, 1607.7265625, 508.397674561, 342.312957764, 571.998840332, 278.651062012, 299.14730835, 295.956634521, 211.101272583, 105.790802002, 79.6337966919, 90.1544799805, 84.6854476929, 87.0775604248, 79.1032485962, 38.2905235291, 25.3574829102, 4.94418525696, 0.364610373974, 0.00926508475095, 0.000724057492334, 0.00012509735825, 9.52950722422e-05],
        "mean": [0.0943966507912, 1.13042497635, 2.64887309074, 3.59780693054, 2.40034556389, 2.0494184494, 3.41413426399, 5.50096654892, 4.26806783676, 4.9521985054, 15.879322052, 49.9246406555, 112.40032196, 92.8854980469, 33.727897644, 37.5958976746, 38.848110199, 93.4479064941, 60.4386138916, 43.3145217896, 29.7299480438, 30.0116195679, 20.5685749054, 24.9414463043, 19.2886676788, 14.5437574387, 10.0859231949, 5.90687608719, 5.00954294205, 4.45022535324, 3.61321306229, 2.32890129089, 1.23604035378, 0.606392502785, 0.196486651897, 0.0109255518764, 0.000337042554747, 3.26661174768e-05, 1.89096717804e-05, 3.11690382659e-05],
        "min": [6.18023932475e-07, 4.99434327139e-06, 3.88012012991e-05, 0.000323115789797, 0.00119250756688, 0.00357117783278, 0.0105035351589, 0.019588150084, 0.0138207273558, 0.0305271875113, 0.126350715756, 0.490220755339, 0.165834307671, 0.414500683546, 0.318175554276, 0.416872113943, 0.576624214649, 0.350391000509, 0.408664673567, 0.146241992712, 0.248007819057, 0.816439211369, 0.297210931778, 0.138121724129, 0.0814195126295, 0.028260756284, 0.0783217474818, 0.0559378713369, 0.0578641071916, 0.0159981455654, 0.0101607684046, 0.00914720259607, 0.00278854020871, 0.00111433805432, 0.000401112250984, 7.22616896383e-05, 5.16066074852e-06, 9.16512476579e-07, 9.61169121183e-07, 5.38963206509e-07],
        "stdev": [0.211364626884, 1.95115065575, 3.90894174576, 6.84182405472, 4.11026859283, 3.59353470802, 7.82577371597, 10.5098304749, 9.11615562439, 8.45237922668, 21.4348659515, 73.9664001465, 185.395324707, 179.271087646, 50.4723205566, 107.188705444, 61.7831306458, 302.322601318, 125.821250916, 53.6898994446, 38.7541122437, 41.6647605896, 22.9890422821, 30.9367427826, 28.3231468201, 19.1646957397, 11.6154708862, 6.98055315018, 6.7370095253, 6.33107614517, 5.78949165344, 4.1092376709, 2.54007911682, 1.31850242615, 0.397698551416, 0.0239330381155, 0.000664940511342, 5.29060671397e-05, 1.3592225514e-05, 2.00595986826e-05]
    },
    "gfcc": {
        "mean": [-17.0896968842, 75.4114303589, -184.257797241, 32.6113090515, -79.206993103, 27.5508937836, -35.9076004028, 10.8764038086, -16.1879463196, -13.7676544189, -10.0155315399, -19.3984031677, 4.10649585724],
        "cov": [[2586.74707031, 1034.53540039, 1719.39147949, 1518.16540527, 849.218322754, 509.448181152, 149.336807251, 124.812644958, 13.83411026, 232.74571228, 208.768478394, -18.3726882935, -113.999984741], [1034.53540039, 1107.02124023, 1275.38818359, 1077.70031738, 653.895874023, 263.788116455, 149.027954102, 23.3543586731, 79.0634231567, 143.805908203, 173.470352173, -52.4381484985, -53.1625976562], [1719.39147949, 1275.38818359, 2140.09326172, 1707.19934082, 879.144287109, 555.652099609, 165.923873901, 121.170547485, 103.547660828, 263.783172607, 197.065200806, -32.4425544739, -140.593032837], [1518.16540527, 1077.70031738, 1707.19934082, 1603.76599121, 790.575134277, 395.837799072, 160.621322632, 62.4271812439, 117.574119568, 201.108840942, 178.801223755, -28.0748405457, -119.88217926], [849.218322754, 653.895874023, 879.144287109, 790.575134277, 583.511352539, 277.417663574, 138.358383179, 79.7909011841, 29.2034454346, 95.8742218018, 110.632400513, -16.3939342499, -21.0424766541], [509.448181152, 263.788116455, 555.652099609, 395.837799072, 277.417663574, 288.749938965, 105.622886658, 82.3586730957, 26.4221019745, 78.9450531006, 45.9808235168, -18.516910553, -51.8825645447], [149.336807251, 149.027954102, 165.923873901, 160.621322632, 138.358383179, 105.622886658, 128.270065308, 54.9087219238, 31.668794632, 13.1039056778, 23.8625679016, -20.7055397034, -3.65149378777], [124.812644958, 23.3543586731, 121.170547485, 62.4271812439, 79.7909011841, 82.3586730957, 54.9087219238, 114.469688416, 17.3127422333, 7.29513788223, -8.32126998901, 2.79643797874, 3.97633552551], [13.83411026, 79.0634231567, 103.547660828, 117.574119568, 29.2034454346, 26.4221019745, 31.668794632, 17.3127422333, 106.170059204, 26.6785030365, 0.32593858242, -27.7462024689, -21.9436855316], [232.74571228, 143.805908203, 263.783172607, 201.108840942, 95.8742218018, 78.9450531006, 13.1039056778, 7.29513788223, 26.6785030365, 103.467941284, 62.4297790527, -3.66323590279, -34.55128479], [208.768478394, 173.470352173, 197.065200806, 178.801223755, 110.632400513, 45.9808235168, 23.8625679016, -8.32126998901, 0.32593858242, 62.4297790527, 108.367286682, 18.880279541, -16.1025600433], [-18.3726882935, -52.4381484985, -32.4425544739, -28.0748405457, -16.3939342499, -18.516910553, -20.7055397034, 2.79643797874, -27.7462024689, -3.66323590279, 18.880279541, 64.1229934692, 35.0467758179], [-113.999984741, -53.1625976562, -140.593032837, -119.88217926, -21.0424766541, -51.8825645447, -3.65149378777, 3.97633552551, -21.9436855316, -34.55128479, -16.1025600433, 35.0467758179, 100.401168823]],
        "icov": [[0.00117458438035, -0.000526882475242, 0.000848574913107, -0.0016368990764, 0.000526541960426, -0.00158592767548, 0.00137878337409, -0.00129954714794, 0.00151700945571, -0.000509035715368, -0.000469991791761, 0.000856034574099, -0.000536923354957], [-0.000526882475242, 0.0109666418284, -0.00965361855924, 0.00608393643051, -0.00885819736868, 0.0108578968793, -0.00713734468445, 0.00694537721574, -0.00432763481513, 0.00356886256486, -0.00537863839418, 0.00482393847778, -8.96017736522e-05], [0.000848574913107, -0.00965361855924, 0.0143474163488, -0.0114359892905, 0.00892797112465, -0.014678391628, 0.0103434119374, -0.00871905405074, 0.00573985930532, -0.00497570913285, 0.00352026312612, -0.00130076950882, -0.0021437604446], [-0.0016368990764, 0.00608393643051, -0.0114359892905, 0.0133926421404, -0.0102433143184, 0.0122252246365, -0.00875428318977, 0.00876305811107, -0.00757823465392, 0.00267806393094, -7.20019088476e-05, -0.00377992587164, 0.00541847664863], [0.000526541960426, -0.00885819736868, 0.00892797112465, -0.0102433143184, 0.0173808522522, -0.0136012611911, 0.00594837358221, -0.00873411912471, 0.00695717707276, -0.000789438840002, -0.00110122538172, 0.00258528278209, -0.00647511938587], [-0.00158592767548, 0.0108578968793, -0.014678391628, 0.0122252246365, -0.0136012611911, 0.0265113543719, -0.0161436703056, 0.00716460449621, -0.00499556446448, -0.000698636227753, 0.000657738302834, -0.00133033120073, 0.00720744393766], [0.00137878337409, -0.00713734468445, 0.0103434119374, -0.00875428318977, 0.00594837358221, -0.0161436703056, 0.0250621009618, -0.0114843314514, 0.00141004472971, 0.00278716534376, -0.00487178238109, 0.00678098294884, -0.00579290371388], [-0.00129954714794, 0.00694537721574, -0.00871905405074, 0.00876305811107, -0.00873411912471, 0.00716460449621, -0.0114843314514, 0.0208314117044, -0.00680050812662, 0.00154497497715, 0.00318415882066, -0.00517832906917, 0.00244872318581], [0.00151700945571, -0.00432763481513, 0.00573985930532, -0.00757823465392, 0.00695717707276, -0.00499556446448, 0.00141004472971, -0.00680050812662, 0.0177786629647, -0.00629985984415, 0.0026004659012, 0.00527988746762, -0.00209105736576], [-0.000509035715368, 0.00356886256486, -0.00497570913285, 0.00267806393094, -0.000789438840002, -0.000698636227753, 0.00278716534376, 0.00154497497715, -0.00629985984415, 0.024765914306, -0.0145276440307, 0.00469630304724, 0.000232135906117], [-0.000469991791761, -0.00537863839418, 0.00352026312612, -7.20019088476e-05, -0.00110122538172, 0.000657738302834, -0.00487178238109, 0.00318415882066, 0.0026004659012, -0.0145276440307, 0.0267196875066, -0.0157837495208, 0.00663152942434], [0.000856034574099, 0.00482393847778, -0.00130076950882, -0.00377992587164, 0.00258528278209, -0.00133033120073, 0.00678098294884, -0.00517832906917, 0.00527988746762, 0.00469630304724, -0.0157837495208, 0.0353452414274, -0.0146016683429], [-0.000536923354957, -8.96017736522e-05, -0.0021437604446, 0.00541847664863, -0.00647511938587, 0.00720744393766, -0.00579290371388, 0.00244872318581, -0.00209105736576, 0.000232135906117, 0.00663152942434, -0.0146016683429, 0.0206139814109]]
    },
    "melbands": {
        "max": [0.0179358869791, 0.0149916699156, 0.00996928662062, 0.00268944562413, 0.00379314902239, 0.00209396029823, 0.00168771343306, 0.00161613454111, 0.00224996963516, 0.00519856764004, 0.0068112006411, 0.00737754069269, 0.00213786633685, 0.00315725174733, 0.00239390484057, 0.00308896647766, 0.00597563898191, 0.00306927179918, 0.00156811007764, 0.00100238481537, 0.000372018723283, 0.000839000218548, 0.00053730327636, 0.000452701555332, 0.000220849338803, 0.000334916810971, 0.000226268981351, 0.000119273034215, 7.32625849196e-05, 8.74677061802e-05, 4.76266686746e-05, 5.93226868659e-05, 3.21625157085e-05, 5.88908078498e-05, 5.73551260459e-05, 3.82563339372e-05, 5.75425692659e-05, 3.41967606801e-05, 3.44259242411e-05, 1.66496083693e-05],
        "mean": [0.00109302462079, 0.00144623324741, 0.000581595930271, 0.000149179439177, 0.000112565219752, 0.00012136404257, 6.26285982435e-05, 6.26839100732e-05, 0.000152960710693, 0.000350656162482, 0.00057765544625, 0.000401497207349, 0.000123715537484, 8.84090259206e-05, 9.98614632408e-05, 8.42667650431e-05, 0.000186563556781, 9.50135363382e-05, 6.65035913698e-05, 5.08447410539e-05, 3.04942841467e-05, 3.22752712236e-05, 2.39604614762e-05, 1.65885194292e-05, 2.08429974009e-05, 1.66156569321e-05, 1.17664712889e-05, 9.0172416094e-06, 6.57250438962e-06, 4.89013200422e-06, 3.0349001463e-06, 2.90230650535e-06, 2.56194971371e-06, 2.42101168624e-06, 2.13819043893e-06, 1.83305610335e-06, 1.25643225601e-06, 8.96248252502e-07, 6.68400048198e-07, 4.61947877284e-07],
        "min": [5.43859091096e-09, 2.66655710845e-08, 1.03959948206e-07, 1.38742393574e-07, 3.47533585909e-07, 4.27899948363e-07, 2.07468232816e-07, 3.47707100445e-07, 9.55166797212e-07, 1.74044419055e-06, 7.74892043864e-07, 1.11650763301e-06, 9.35962759741e-07, 7.75147100285e-07, 1.09461120701e-06, 1.25356405078e-06, 5.73938905291e-07, 7.88797819951e-07, 1.69372711412e-07, 1.97140153091e-07, 3.08905953261e-07, 8.02264821687e-07, 4.82045891204e-07, 2.16835104538e-07, 9.14829598742e-08, 9.38568263109e-08, 2.04142249771e-08, 1.64513060952e-08, 4.05187883246e-08, 5.27614432144e-08, 2.5921666591e-08, 3.95269736941e-08, 1.56818416031e-08, 5.83684034439e-09, 5.40305133967e-09, 6.29183238843e-09, 5.05111952265e-09, 2.03074645988e-09, 1.2762974011e-09, 8.45051639775e-10],
        "stdev": [0.00215760711581, 0.0020194305107, 0.00104001548607, 0.000253531208728, 0.00023311037512, 0.000222823742661, 0.000135308742756, 0.000113004272862, 0.00021497454145, 0.000553317309823, 0.000951844034716, 0.000812277605291, 0.000211037870031, 0.000242082998739, 0.000237811153056, 0.000198768320843, 0.000634233641904, 0.000229302560911, 0.000120271586638, 9.09644732019e-05, 3.92607253161e-05, 5.30882425664e-05, 3.82547077606e-05, 2.59479165834e-05, 2.73519435723e-05, 2.65084181592e-05, 1.87148270925e-05, 1.23831950987e-05, 8.29744840303e-06, 7.68685367802e-06, 3.74423279936e-06, 4.19757634518e-06, 3.19296236739e-06, 3.82721964343e-06, 3.62093283002e-06, 2.98644340546e-06, 2.54429301094e-06, 1.91937033378e-06, 1.68580686477e-06, 9.44946862091e-07]
    },
    "melbands128": {
        "max": [0.000965744955465, 0.0113902362064, 0.0310158189386, 0.0219676196575, 0.0196248628199, 0.0175006464124, 0.0166510939598, 0.00992709305137, 0.00359147950076, 0.00383894122206, 0.00204981537536, 0.00333158066496, 0.0068676341325, 0.0038784595672, 0.00275089778006, 0.0022131181322, 0.00218908861279, 0.0027083940804, 0.00228575081564, 0.00127224717289, 0.00273241521791, 0.00245503289625, 0.00385099998675, 0.00577943958342, 0.0103571144864, 0.0103599615395, 0.0154572268948, 0.00926829129457, 0.0131438132375, 0.0169239677489, 0.0120015963912, 0.00706789921969, 0.0027987412177, 0.00292906397954, 0.0052406094037, 0.00615458935499, 0.00621694838628, 0.00460190186277, 0.00179398618639, 0.00246101408266, 0.00573594635352, 0.00420850282535, 0.0135960085317, 0.00402070395648, 0.00866921804845, 0.00345932762139, 0.00680474750698, 0.00290488963947, 0.000829926575534, 0.00170884118415, 0.00192664586939, 0.00138036557473, 0.000725377118215, 0.000431846827269, 0.00166207447182, 0.00113169488031, 0.000395179871703, 0.00132796121761, 0.000249527918641, 0.00017385854153, 0.000598740705755, 0.00062496366445, 0.000336082273861, 0.000358182151103, 0.000739672104828, 0.000692096888088, 0.000374412629753, 0.000366962427506, 0.000400718912715, 0.000387448089896, 0.000140637697768, 0.000330452690832, 0.000172104249941, 6.84465630911e-05, 8.57263148646e-05, 0.000199654634343, 7.55348883104e-05, 3.19354658131e-05, 5.69793883187e-05, 6.07368965575e-05, 7.12675391696e-05, 6.01457941229e-05, 4.11238870583e-05, 2.72979050351e-05, 3.56797318091e-05, 6.37704433757e-05, 7.66571902204e-05, 6.88595100655e-05, 7.543573156e-05, 5.04742420162e-05, 3.73568291252e-05, 3.9396538341e-05, 2.57980209426e-05, 7.02995021129e-05, 6.21271537966e-05, 6.2160557718e-05, 2.93417742796e-05, 2.67948908004e-05, 3.64291336155e-05, 4.53282118542e-05, 1.93857285922e-05, 1.29584686874e-05, 8.2041906353e-06, 9.8509262898e-06, 7.71854047343e-06, 7.11361872163e-06, 1.76699597887e-06, 6.42007194074e-08, 4.58770799128e-09, 3.51202222859e-09, 2.94118285282e-09, 2.50980702887e-09, 2.1813100215e-09, 1.93655291802e-09, 1.76363923465e-09, 1.62581548224e-09, 1.47386336469e-09, 1.37307298864e-09, 1.28986421544e-09, 1.2159323548e-09, 1.15833664882e-09, 1.0923846272e-09, 1.04630526465e-09, 1.00251584811e-09, 9.76037362044e-10, 9.55563850269e-10, 9.40702293839e-10, 9.29452959042e-10],
        "mean": [5.86842579651e-05, 0.000511175894644, 0.00167898903601, 0.00193352706265, 0.00143325922545, 0.00118534220383, 0.000787294178735, 0.00043031736277, 0.000206823184271, 0.00013981340453, 0.000105296545371, 9.10920934984e-05, 0.000112044959678, 0.00014239110169, 0.000137271286803, 0.000107342995761, 7.01629396644e-05, 5.95869387325e-05, 4.52136810054e-05, 3.99764794565e-05, 7.85968222772e-05, 0.000110909531941, 0.000125568869407, 0.000239115732256, 0.00029119363171, 0.000348721514456, 0.000613211537711, 0.00057777215261, 0.000596314726863, 0.000529928249307, 0.000320978346281, 0.00018002653087, 0.000111787689093, 7.76644737925e-05, 7.75445223553e-05, 8.96509809536e-05, 0.000107941166789, 0.000116655501188, 8.21801004349e-05, 7.09218074917e-05, 6.85370396241e-05, 0.00010806726641, 0.000306034286041, 0.00012239687203, 0.000105743143649, 9.73184432951e-05, 8.31337601994e-05, 7.17837174307e-05, 4.92918225063e-05, 6.49899375276e-05, 4.90711427119e-05, 4.58987706224e-05, 2.68655312539e-05, 2.70548189292e-05, 2.97494316328e-05, 3.85389685107e-05, 2.51199453487e-05, 3.26978588419e-05, 2.09948084375e-05, 1.24804391817e-05, 1.60096587933e-05, 1.92340667127e-05, 1.97354529519e-05, 1.88515950867e-05, 2.84691468551e-05, 1.42261042129e-05, 1.23840000015e-05, 1.2342973605e-05, 1.1078694115e-05, 1.23358358906e-05, 8.26468840387e-06, 8.29098007671e-06, 7.52194955567e-06, 5.68978384763e-06, 5.85775114814e-06, 6.84404631102e-06, 3.1385195598e-06, 2.86663021143e-06, 3.06472134071e-06, 3.22249661622e-06, 3.02277112496e-06, 2.6859195259e-06, 2.70415125669e-06, 2.43558451984e-06, 2.57382112068e-06, 2.61039622274e-06, 2.13672865357e-06, 2.56883186012e-06, 2.09673180507e-06, 1.94940616893e-06, 1.91031244867e-06, 1.90044943338e-06, 1.44551665926e-06, 1.33488640586e-06, 1.05529352368e-06, 9.72993461801e-07, 8.65061622335e-07, 8.01049736765e-07, 6.82487154791e-07, 6.14292503087e-07, 4.99862665038e-07, 4.68438031476e-07, 3.67954186231e-07, 2.9051943784e-07, 2.40863727186e-07, 1.67019337027e-07, 4.14000780324e-08, 2.12773754171e-09, 1.28546236156e-11, 1.0766255075e-11, 1.00457966598e-11, 9.62296735352e-12, 9.38461114375e-12, 9.38534406442e-12, 9.12707843331e-12, 8.30178894379e-12, 7.22551228918e-12, 7.06042169174e-12, 6.95397038564e-12, 6.68751165556e-12, 6.46767014945e-12, 6.21043494409e-12, 6.08062038221e-12, 5.92672048591e-12, 5.55682062864e-12, 4.98985791922e-12, 4.68262624856e-12, 4.61339777144e-12],
        "min": [2.64455211202e-11, 5.83408765742e-10, 1.18164322771e-09, 2.86199708377e-09, 6.53314113919e-09, 5.35953770253e-09, 1.48444154746e-08, 2.65732289506e-08, 3.80775624365e-08, 2.63651500632e-08, 3.95401933417e-08, 7.27202476014e-08, 9.56911492267e-08, 3.44099021277e-07, 2.57516035163e-07, 1.99396652079e-07, 1.02514313483e-07, 3.26631983683e-08, 1.33050320983e-07, 8.44380778631e-08, 1.58604564149e-07, 1.35990731565e-07, 2.18778325234e-07, 3.08138965011e-07, 9.31003825144e-08, 5.08878770233e-07, 4.08250969031e-07, 5.12429551236e-07, 3.92302638375e-07, 1.84653870861e-07, 4.84743566176e-07, 2.50078358022e-07, 5.22071729847e-07, 2.314005485e-07, 1.02269495983e-07, 1.52043497792e-07, 1.33257657353e-07, 2.76025218682e-07, 7.02403667674e-07, 3.82546659239e-07, 2.14123517139e-07, 3.0330483014e-07, 3.27058614857e-07, 6.27190672731e-07, 5.28260613919e-07, 3.74169331963e-07, 3.13019114628e-07, 6.78877540849e-08, 1.24787916889e-07, 2.42334323275e-07, 2.09991299016e-07, 1.79055490435e-07, 1.11019147653e-07, 3.88978179444e-07, 4.35043403968e-07, 2.76035052593e-07, 2.86034151031e-07, 2.38796985741e-07, 1.86125276969e-07, 5.67074742719e-08, 1.15524180444e-07, 1.39888243211e-07, 4.50319852519e-08, 6.10065242768e-08, 1.36292470643e-07, 1.28548606426e-07, 4.02966655599e-08, 1.67964859799e-08, 2.29128094276e-08, 6.49173470535e-09, 1.80063981503e-08, 2.14892104111e-08, 1.39661775478e-08, 3.58066571948e-08, 4.70150212095e-08, 3.88642327209e-08, 1.56499808668e-08, 2.47592328861e-08, 7.85521780955e-09, 3.52586084773e-08, 5.19088274586e-08, 3.13453796252e-08, 2.58327563785e-08, 1.25619035174e-08, 5.22754728394e-09, 1.16775389358e-08, 2.39619057929e-09, 3.22143023368e-09, 5.80463810351e-09, 7.90059750955e-09, 3.10632097822e-09, 7.67471508567e-09, 8.29504820388e-09, 4.43394432281e-09, 3.97137878139e-09, 2.25565077727e-09, 1.66871216845e-09, 1.30749144844e-09, 1.59653168463e-09, 1.1174738912e-09, 6.95483060031e-10, 6.11145134499e-10, 1.26474419826e-09, 8.39054270507e-10, 2.52803888934e-10, 2.39969211169e-10, 1.19346296734e-10, 1.71482272826e-12, 4.70616763875e-13, 4.86797126047e-13, 5.44263635896e-13, 6.82105955919e-13, 5.68611455663e-13, 5.60243962767e-13, 5.59228173751e-13, 5.42181425624e-13, 4.9935023564e-13, 5.59698934335e-13, 6.17206318606e-13, 5.9938165542e-13, 4.73831911207e-13, 5.38391163249e-13, 5.73045788339e-13, 4.92501222096e-13, 4.1890135024e-13, 1.66232790879e-13, 2.78082407362e-14, 7.84229424682e-16],
        "stdev": [0.000100343349914, 0.00132733024657, 0.00365071720444, 0.00325300055556, 0.00221655750647, 0.00188951368909, 0.00160817534197, 0.000923802726902, 0.00036235814332, 0.000278537947452, 0.000205617805477, 0.000211651757127, 0.000335817661835, 0.000325530098053, 0.000300714251352, 0.000246275885729, 0.000152984270244, 0.000184975651791, 0.000122308993014, 8.99986480363e-05, 0.000179149399628, 0.000235216648434, 0.000243726288318, 0.000468735874165, 0.000592814059928, 0.000903673819266, 0.00157039077021, 0.001283714897, 0.00148891529534, 0.00147581379861, 0.000923707091715, 0.000467361562187, 0.000230411678785, 0.000198132111109, 0.000234668375924, 0.000381040765205, 0.000488982652314, 0.000397882045945, 0.000159748306032, 0.000167026897543, 0.000320814811857, 0.00038129024324, 0.00137031357735, 0.000367939239368, 0.000407515792176, 0.00028773827944, 0.000354683143087, 0.000196263004909, 8.43426823849e-05, 0.00013999712246, 0.000147558981553, 0.000131959168357, 4.94619816891e-05, 4.2117349949e-05, 8.38701380417e-05, 9.43511040532e-05, 3.78552977054e-05, 8.58168641571e-05, 3.2983141864e-05, 1.90041828318e-05, 3.68932742276e-05, 4.26432961831e-05, 3.84748382203e-05, 3.52623210347e-05, 6.01617648499e-05, 3.9580892917e-05, 2.91329488391e-05, 2.81458542304e-05, 2.76088267128e-05, 2.69509400823e-05, 1.23428490042e-05, 1.97617300728e-05, 1.38691830216e-05, 8.3665127022e-06, 9.26017673919e-06, 1.50898358697e-05, 5.12554606757e-06, 3.59328601007e-06, 4.28526664109e-06, 4.92741446578e-06, 5.16911495652e-06, 4.33336163042e-06, 3.99274040319e-06, 3.11287840304e-06, 3.73639909412e-06, 4.52760832559e-06, 4.21796767114e-06, 4.79052732771e-06, 4.09847780247e-06, 3.13342889058e-06, 3.10523319058e-06, 3.68312748833e-06, 2.36368396145e-06, 2.93661582873e-06, 2.64175150733e-06, 2.58634099737e-06, 1.8290419348e-06, 1.81884092854e-06, 1.80372092018e-06, 1.96705309463e-06, 1.08156939405e-06, 9.33038506901e-07, 7.01949431914e-07, 5.99051304562e-07, 5.74205898829e-07, 4.14519405467e-07, 1.07821911399e-07, 4.58767113187e-09, 1.55858020934e-10, 1.19429979795e-10, 1.00276648096e-10, 8.5734662425e-11, 7.58659385314e-11, 7.30159335771e-11, 6.58306673063e-11, 5.76806657993e-11, 5.05664607409e-11, 4.71921599021e-11, 4.45862895215e-11, 4.23555392148e-11, 4.038712767e-11, 3.78019664182e-11, 3.61999076548e-11, 3.47076985208e-11, 3.38120226262e-11, 3.31336763582e-11, 3.26341002832e-11, 3.22549938148e-11]
    },
    "mfcc": {
        "mean": [-629.627319336, 84.4820175171, -36.7042617798, -1.391071558, -10.8770971298, 0.529156267643, -2.23763012886, 8.28510856628, 2.89243555069, 8.70467948914, -3.96608686447, -7.50340652466, -8.67394256592],
        "cov": [[1820.93041992, 302.78704834, 976.922485352, 923.232910156, 686.694763184, 459.513000488, 368.109344482, 102.234840393, 0.649552226067, 164.569503784, 110.493438721, 177.370681763, 200.034622192], [302.78704834, 524.924987793, 526.413574219, 513.366333008, 388.088806152, 244.355621338, 215.320770264, 38.205696106, 4.19531106949, 108.978187561, 73.4853897095, 68.5214233398, 65.907913208], [976.922485352, 526.413574219, 1576.08569336, 1197.57067871, 868.899108887, 629.446899414, 380.570648193, 130.802658081, 53.1343536377, 240.87210083, 222.40196228, 271.624053955, 191.052185059], [923.232910156, 513.366333008, 1197.57067871, 1251.69128418, 803.219055176, 549.898071289, 352.624023438, 111.122512817, 44.45337677, 195.574935913, 127.836791992, 226.592636108, 186.682159424], [686.694763184, 388.088806152, 868.899108887, 803.219055176, 656.852355957, 400.133056641, 304.096069336, 106.945526123, 49.6040420532, 149.027450562, 100.112991333, 139.316635132, 144.669128418], [459.513000488, 244.355621338, 629.446899414, 549.898071289, 400.133056641, 359.111877441, 206.26322937, 67.9719085693, 20.9685783386, 124.434959412, 101.681282043, 122.666816711, 84.198638916], [368.109344482, 215.320770264, 380.570648193, 352.624023438, 304.096069336, 206.26322937, 264.85357666, 85.7621612549, 19.6400165558, 88.6984405518, 55.6405982971, 49.6583099365, 81.4011535645], [102.234840393, 38.205696106, 130.802658081, 111.122512817, 106.945526123, 67.9719085693, 85.7621612549, 106.40461731, 59.9330062866, 33.8759040833, 21.6574783325, 29.2562427521, 30.9267616272], [0.649552226067, 4.19531106949, 53.1343536377, 44.45337677, 49.6040420532, 20.9685783386, 19.6400165558, 59.9330062866, 109.093025208, 38.6568756104, -1.25569951534, 4.7885928154, 0.356912344694], [164.569503784, 108.978187561, 240.87210083, 195.574935913, 149.027450562, 124.434959412, 88.6984405518, 33.8759040833, 38.6568756104, 120.439537048, 72.9286193848, 46.2958374023, 16.9923973083], [110.493438721, 73.4853897095, 222.40196228, 127.836791992, 100.112991333, 101.681282043, 55.6405982971, 21.6574783325, -1.25569951534, 72.9286193848, 121.166519165, 77.7750778198, 3.20325469971], [177.370681763, 68.5214233398, 271.624053955, 226.592636108, 139.316635132, 122.666816711, 49.6583099365, 29.2562427521, 4.7885928154, 46.2958374023, 77.7750778198, 137.967895508, 58.0921897888], [200.034622192, 65.907913208, 191.052185059, 186.682159424, 144.669128418, 84.198638916, 81.4011535645, 30.9267616272, 0.356912344694, 16.9923973083, 3.20325469971, 58.0921897888, 125.952148438]],
        "icov": [[0.00105871981941, 0.000549070187844, -9.7343516245e-05, -0.000330008944729, -0.000583575980272, 4.63034884888e-05, -0.000627832312603, 0.000154378023581, 0.000577469239943, -0.000372599810362, 0.000213606588659, -6.90766974003e-05, -0.000249712058576], [0.000549070187844, 0.00424906890839, -4.89163685415e-05, -0.000990019063465, -0.00160006526858, 0.000684053753503, -0.00195837719366, 0.00141784292646, 0.000704393198248, -0.00085878855316, -0.000388119777199, 0.000539711967576, 0.000618999882136], [-9.7343516245e-05, -4.89163685415e-05, 0.00385322398506, -0.00134367821738, -0.00211337837391, -0.00197575776838, 0.000949937500991, 0.000317919824738, -0.000574931676965, 0.00059286179021, -0.00298382947221, 1.90923674381e-05, -0.000628108682577], [-0.000330008944729, -0.000990019063465, -0.00134367821738, 0.00582498777658, -0.00357647519559, -0.00169325259048, 0.000696593837347, 0.000219119043322, 0.000767268997151, -0.00150757690426, 0.00444293627515, -0.00360386562534, 0.000933034811169], [-0.000583575980272, -0.00160006526858, -0.00211337837391, -0.00357647519559, 0.0129782501608, -0.00194840179756, -0.00308113289066, -0.000530935358256, -0.00277785817161, 0.00148904754315, -0.00101277674548, 0.00270122359507, -0.00262509402819], [4.63034884888e-05, 0.000684053753503, -0.00197575776838, -0.00169325259048, -0.00194840179756, 0.013793724589, -0.00298016821034, -0.000360513600754, 0.00195109273773, -0.00351214874536, 0.000195177301066, -0.00262494734488, 0.00178061786573], [-0.000627832312603, -0.00195837719366, 0.000949937500991, 0.000696593837347, -0.00308113289066, -0.00298016821034, 0.013467753306, -0.00767527287826, 0.00392080890015, -0.00287156295963, -0.00140249799006, 0.00432331021875, -0.00332173425704], [0.000154378023581, 0.00141784292646, 0.000317919824738, 0.000219119043322, -0.000530935358256, -0.000360513600754, -0.00767527287826, 0.0219759121537, -0.0123560223728, 0.00485048117116, -0.00335696316324, -0.00177484250162, -0.00109430076554], [0.000577469239943, 0.000704393198248, -0.000574931676965, 0.000767268997151, -0.00277785817161, 0.00195109273773, 0.00392080890015, -0.0123560223728, 0.0199142303318, -0.0103903869167, 0.00787451397628, -0.00176077685319, 0.00279268925078], [-0.000372599810362, -0.00085878855316, 0.00059286179021, -0.00150757690426, 0.00148904754315, -0.00351214874536, -0.00287156295963, 0.00485048117116, -0.0103903869167, 0.0233026780188, -0.0134026715532, 0.00441032648087, -0.00112893234473], [0.000213606588659, -0.000388119777199, -0.00298382947221, 0.00444293627515, -0.00101277674548, 0.000195177301066, -0.00140249799006, -0.00335696316324, 0.00787451397628, -0.0134026715532, 0.0284237992018, -0.0147982034832, 0.00845650397241], [-6.90766974003e-05, 0.000539711967576, 1.90923674381e-05, -0.00360386562534, 0.00270122359507, -0.00262494734488, 0.00432331021875, -0.00177484250162, -0.00176077685319, 0.00441032648087, -0.0147982034832, 0.0220726076514, -0.00896038673818], [-0.000249712058576, 0.000618999882136, -0.000628108682577, 0.000933034811169, -0.00262509402819, 0.00178061786573, -0.00332173425704, -0.00109430076554, 0.00279268925078, -0.00112893234473, 0.00845650397241, -0.00896038673818, 0.0158844608814]]
    },
    "spectral_contrast_coeffs": {
        "max": [-0.439538776875, -0.456527531147, -0.493819236755, -0.567808449268, -0.643754720688, -0.638842403889],
        "mean": [-0.726701259613, -0.759506702423, -0.724478006363, -0.781509578228, -0.786861240864, -0.764406621456],
        "min": [-0.964663505554, -0.908036708832, -0.890358388424, -0.910489022732, -0.861952722073, -0.859896242619],
        "stdev": [0.0722925812006, 0.0762590318918, 0.0839790552855, 0.063799791038, 0.038979023695, 0.0315117649734]
    },
    "spectral_contrast_valleys": {
        "max": [-5.38370132446, -5.20058250427, -5.409471035, -5.91076517105, -5.88845491409, -7.93843173981],
        "mean": [-7.76979827881, -6.94317483902, -6.99021863937, -7.04091072083, -7.13725566864, -9.84935665131],
        "min": [-10.993270874, -8.68241882324, -8.72419929504, -8.57080173492, -9.58452033997, -11.6271724701],
        "stdev": [1.75119113922, 0.541180193424, 0.655900299549, 0.455468446016, 0.392720878124, 0.532578527927]
    }
},
"rhythm": {
    "beats_count": 41,
    "beats_loudness": {
        "max": 0.0697321817279,
        "mean": 0.03046364896,
        "min": 0.0021943480242,
        "stdev": 0.0185445323586
    },
    "bpm": 119.671203613,
    "bpm_histogram_first_peak_bpm": 120,
    "bpm_histogram_first_peak_weight": 0.285714268684,
    "bpm_histogram_second_peak_bpm": 136,
    "bpm_histogram_second_peak_spread": 0.428571462631,
    "bpm_histogram_second_peak_weight": 0.20000000298,
    "danceability": 0.980308890343,
    "onset_rate": 2.43678283691,
    "beats_loudness_band_ratio": {
        "max": [0.917406737804, 0.186010077596, 0.570246875286, 0.619500994682, 0.297208577394, 0.15093845129],
        "mean": [0.311885356903, 0.0394442006946, 0.214641362429, 0.278987646103, 0.129896789789, 0.0502583906054],
        "min": [9.48910965235e-05, 0.00143130426295, 0.00347152655013, 0.00927659589797, 0.0133889112622, 0.0108932629228],
        "stdev": [0.328901261091, 0.0476202219725, 0.189440146089, 0.195745050907, 0.0772150680423, 0.0322101898491]
    },
    "beats_position": [0.46439909935, 0.9287981987, 1.40480720997, 1.89242625237, 2.36843538284, 2.8444442749, 3.32045340538, 3.8196823597, 4.31891155243, 4.81814050674, 5.31736946106, 5.81659841537, 6.31582736969, 6.82666635513, 7.32589578629, 7.8251247406, 8.32435321808, 8.82358264923, 9.32281208038, 9.82204055786, 10.3328800201, 10.8321084976, 11.3313379288, 11.8305664062, 12.3414058685, 12.8522443771, 13.3630838394, 13.8042631149, 14.2454423904, 14.6866207123, 15.1394100189, 15.5805892944, 16.0217685699, 16.4513378143, 16.8809070587, 17.3104763031, 17.7400455475, 18.1696147919, 18.6107940674, 19.0519733429, 19.4931507111],
