{
"metadata": {
    "version": {
        "essentia": "2.1-beta5",
        "essentia_git_sha": "Undefined",
        "extractor": "music 2.0"
    },
    "audio_properties": {
        "analysis": {
            "equal_loudness": 0,
            "length": 32.4963264465,
            "sample_rate": 44100,
            "start_time": 142.744674683,
            "downmix": "mix"
        },
        "bit_rate": 192000,
        "length": 205.206359863,
        "lossless": 0,
        "number_channels": 2,
        "replay_gain": -9.21259498596,
        "sample_rate": 48000,
        "codec": "mp3",
        "md5_encoded": "15e86b6912cb293af879cb1fb04236b4"
    },
    "tags": {
        "file_name": "Iceland_If I Had Your Love_Selma.mp3",
        "encoding": ["Lavf58.29.100"]
    }
},
"lowlevel": {
    "average_loudness": 0.859766542912,
    "barkbands_crest": {
        "max": 22.570766449,
        "mean": 9.60667228699,
        "min": 2.47509884834,
        "stdev": 3.92422795296
    },
    "barkbands_flatness_db": {
        "max": 0.234719783068,
        "mean": 0.102407537401,
        "min": 0.0211793538183,
        "stdev": 0.0351153276861
    },
    "barkbands_kurtosis": {
        "max": 29.2203025818,
        "mean": 1.24829792976,
        "min": -1.79014670849,
        "stdev": 2.9766023159
    },
    "barkbands_skewness": {
        "max": 5.10022115707,
        "mean": 0.84095621109,
        "min": -1.69661664963,
        "stdev": 0.944774806499
    },
    "barkbands_spread": {
        "max": 85.7391967773,
        "mean": 28.1164855957,
        "min": 3.97992563248,
        "stdev": 11.5222501755
    },
    "dissonance": {
        "max": 0.5,
        "mean": 0.465422868729,
        "min": 0.319562584162,
        "stdev": 0.0273050088435
    },
    "dynamic_complexity": 3.43826603889,
    "erbbands_crest": {
        "max": 30.0216999054,
        "mean": 10.1401853561,
        "min": 2.33408260345,
        "stdev": 5.71802663803
    },
    "erbbands_flatness_db": {
        "max": 0.312231630087,
        "mean": 0.146707057953,
        "min": 0.0566866546869,
        "stdev": 0.0508406423032
    },
    "erbbands_kurtosis": {
        "max": 19.6547698975,
        "mean": 1.35404157639,
        "min": -1.49357759953,
        "stdev": 3.24533367157
    },
    "erbbands_skewness": {
        "max": 3.11990571022,
        "mean": 0.337790936232,
        "min": -1.59327685833,
        "stdev": 0.709424316883
    },
    "erbbands_spread": {
        "max": 97.0765151978,
        "mean": 34.598575592,
        "min": 4.11566781998,
        "stdev": 18.0176506042
    },
    "hfc": {
        "max": 105.616767883,
        "mean": 24.7481479645,
        "min": 0.695641517639,
        "stdev": 21.7359580994
    },
    "loudness_ebu128": {
        "integrated": -14.3044891357,
        "loudness_range": 5.81155014038,
        "momentary": {
            "max": -9.97212314606,
            "mean": -15.0340442657,
            "min": -20.7112903595,
            "stdev": 2.52230978012
        },
        "short_term": {
            "max": -11.3394012451,
            "mean": -14.7409439087,
            "min": -17.833316803,
            "stdev": 1.94879972935
        }
    },
    "melbands_crest": {
        "max": 33.0830345154,
        "mean": 13.7247028351,
        "min": 3.94260144234,
        "stdev": 5.50492668152
    },
    "melbands_flatness_db": {
        "max": 0.302488714457,
        "mean": 0.160571828485,
        "min": 0.0395570658147,
        "stdev": 0.036179561168
    },
    "melbands_kurtosis": {
        "max": 90.8976745605,
        "mean": 6.81778001785,
        "min": -1.60298073292,
        "stdev": 10.5848121643
    },
    "melbands_skewness": {
        "max": 8.19650363922,
        "mean": 1.8208271265,
        "min": -1.44707322121,
        "stdev": 1.53492677212
    },
    "melbands_spread": {
        "max": 124.86114502,
        "mean": 32.1847496033,
        "min": 3.71617817879,
        "stdev": 13.2945709229
    },
    "pitch_salience": {
        "max": 0.849954366684,
        "mean": 0.525102496147,
        "min": 0.192563652992,
        "stdev": 0.100997745991
    },
    "silence_rate_20dB": {
        "max": 1,
        "mean": 1,
        "min": 1,
        "stdev": 0
    },
    "silence_rate_30dB": {
        "max": 1,
        "mean": 1,
        "min": 1,
        "stdev": 0
    },
    "silence_rate_60dB": {
        "max": 1,
        "mean": 0.0149892931804,
        "min": 0,
        "stdev": 0.121511258185
    },
    "spectral_centroid": {
        "max": 3420.77441406,
        "mean": 1669.91186523,
        "min": 542.568603516,
        "stdev": 426.772613525
    },
    "spectral_complexity": {
        "max": 52,
        "mean": 17.311920166,
        "min": 1,
        "stdev": 6.26688814163
    },
    "spectral_decrease": {
        "max": -2.33174174413e-10,
        "mean": -5.71998270971e-09,
        "min": -2.0417793678e-08,
        "stdev": 4.18451895356e-09
    },
    "spectral_energy": {
        "max": 0.0845142826438,
        "mean": 0.0238332673907,
        "min": 0.000943149672821,
        "stdev": 0.0175847522914
    },
    "spectral_energyband_high": {
        "max": 0.00421262672171,
        "mean": 0.00080145325046,
        "min": 3.55906995537e-05,
        "stdev": 0.000688293715939
    },
    "spectral_energyband_low": {
        "max": 0.0450572595,
        "mean": 0.00690197292715,
        "min": 2.32935278177e-07,
        "stdev": 0.00713588204235
    },
    "spectral_energyband_middle_high": {
        "max": 0.0620067641139,
        "mean": 0.0116484696046,
        "min": 0.00014976914099,
        "stdev": 0.0142250936478
    },
    "spectral_energyband_middle_low": {
        "max": 0.0431543625891,
        "mean": 0.00515652541071,
        "min": 0.000136283197207,
        "stdev": 0.00413234112784
    },
    "spectral_entropy": {
        "max": 8.58536720276,
        "mean": 7.70543479919,
        "min": 6.61828565598,
        "stdev": 0.343078702688
    },
    "spectral_flux": {
        "max": 0.252775669098,
        "mean": 0.0758232399821,
        "min": 0.0169865004718,
        "stdev": 0.0417545177042
    },
    "spectral_kurtosis": {
        "max": 14.4199867249,
        "mean": 3.34927105904,
        "min": -0.139848709106,
        "stdev": 1.48435223103
    },
    "spectral_rms": {
        "max": 0.00908036064357,
        "mean": 0.00449617020786,
        "min": 0.000959242403042,
        "stdev": 0.00174252816942
    },
    "spectral_rolloff": {
        "max": 8462.54882812,
        "mean": 1752.58508301,
        "min": 86.1328125,
        "stdev": 953.112548828
    },
    "spectral_skewness": {
        "max": 2.84105300903,
        "mean": 1.48296523094,
        "min": 0.664038419724,
        "stdev": 0.262849241495
    },
    "spectral_spread": {
        "max": 9537082,
        "mean": 5324419,
        "min": 2791831.5,
        "stdev": 1099234.625
    },
    "spectral_strongpeak": {
        "max": 13.5351543427,
        "mean": 1.91012525558,
        "min": 0,
        "stdev": 2.62335586548
    },
    "zerocrossingrate": {
        "max": 0.216796875,
        "mean": 0.0750726312399,
        "min": 0.01806640625,
        "stdev": 0.0224360730499
    },
    "barkbands": {
        "max": [0.00557087315246, 0.0337051860988, 0.0352521017194, 0.0148264542222, 0.0186714455485, 0.00769356824458, 0.0398473069072, 0.00453709531575, 0.0211464501917, 0.0310582965612, 0.0400207340717, 0.0499803386629, 0.0544560439885, 0.046426538378, 0.00905021000654, 0.0172345396131, 0.00907248724252, 0.00419981824234, 0.00469481991604, 0.00310841621831, 0.00162152654957, 0.000732134270947, 0.000994523521513, 0.000965936982539, 0.000722447177395, 0.000511143414769, 9.20187376323e-05],
        "mean": [0.000459849921754, 0.0042491205968, 0.00178049854003, 0.000828197109513, 0.00136856536847, 0.000894546508789, 0.000807776348665, 0.000376687181415, 0.000432259403169, 0.00167136103846, 0.00234957225621, 0.00199526641518, 0.00204041274264, 0.00165793951601, 0.000344544212567, 0.000601920532063, 0.00039478240069, 0.000233658225625, 0.000414966401877, 0.000250672397669, 0.000123566351249, 0.000111366716737, 0.0001578800875, 0.000156619207701, 8.88610666152e-05, 3.73036382371e-05, 5.078524282e-06],
        "min": [9.81333592165e-09, 1.53243661316e-07, 1.93703897367e-08, 4.41607603818e-08, 1.485863379e-07, 2.98506665786e-06, 2.45770706897e-06, 1.89308559584e-06, 7.25833444903e-07, 4.21046843257e-06, 5.19056720805e-06, 3.77908645532e-06, 1.00740066955e-06, 9.27923429117e-06, 2.20776564674e-06, 4.18408762926e-06, 2.84723591903e-06, 1.74681758836e-06, 4.88010209665e-06, 4.24895188189e-06, 2.97859469356e-06, 5.90929857935e-06, 4.76149489259e-06, 2.66333154286e-06, 1.22236326661e-06, 3.77896839154e-07, 6.25447471592e-11],
        "stdev": [0.000726094353013, 0.00553557183594, 0.00313815870322, 0.0014627892524, 0.0017015542835, 0.000987077946775, 0.0016456063604, 0.000545869814232, 0.00141293159686, 0.00358358537778, 0.00533481640741, 0.00519178248942, 0.00648118089885, 0.00383926834911, 0.000658976554405, 0.00150007451884, 0.000728749670088, 0.000363843224477, 0.00049102306366, 0.00030641342164, 0.00013975892216, 0.000114526308607, 0.00015363721468, 0.000143454832141, 0.000107765496068, 5.81334497838e-05, 8.66485606821e-06]
    },
    "erbbands": {
        "max": [1.5824161768, 7.84623432159, 27.9160251617, 50.6598701477, 69.4448776245, 62.0118484497, 73.6325912476, 66.1882476807, 319.48147583, 504.259613037, 186.632553101, 535.042114258, 917.07598877, 637.661071777, 2077.20288086, 2242.05541992, 2423.78320312, 2397.82324219, 987.336791992, 544.514770508, 913.596069336, 542.68951416, 299.327911377, 282.798431396, 178.948852539, 146.139022827, 67.3670120239, 57.8055915833, 24.0938453674, 23.6785850525, 29.3245601654, 25.7130870819, 23.1003227234, 11.6446847916, 5.35049962997, 3.81679654121, 0.88195079565, 0.127559259534, 0.021671090275, 0.000645203515887],
        "mean": [0.165497034788, 0.786871254444, 1.95165002346, 2.5892663002, 3.84341621399, 4.33416509628, 5.44756984711, 8.1652545929, 12.8082504272, 9.39544200897, 7.16023635864, 11.0208120346, 44.1418838501, 46.6879768372, 124.100631714, 66.8432617188, 86.6008605957, 93.6091766357, 38.9121208191, 27.3936309814, 29.6977272034, 21.337688446, 14.0098381042, 22.8601131439, 15.1704444885, 10.9133930206, 6.55800676346, 4.30739974976, 3.7719335556, 4.33540725708, 4.59974861145, 3.74556565285, 2.25608110428, 1.18563818932, 0.550958156586, 0.220524296165, 0.0558426007628, 0.00947293173522, 0.00094412692124, 4.93444385938e-05],
        "min": [7.80728714744e-06, 2.16934549826e-05, 3.28542555508e-05, 0.000236976280576, 0.000412721885368, 0.00105196167715, 0.0069239763543, 0.0232796035707, 0.06162898615, 0.05734006688, 0.233901098371, 0.188675045967, 0.175719916821, 0.220453500748, 0.324940025806, 0.195877015591, 0.255098730326, 0.620865225792, 0.362002015114, 0.523054003716, 0.301942646503, 0.325058788061, 0.22856643796, 0.290916353464, 0.254111677408, 0.182347133756, 0.112580083311, 0.139701068401, 0.113046199083, 0.170552968979, 0.145651936531, 0.0745681747794, 0.0383055992424, 0.0154833914712, 0.00753621943295, 0.00246993615292, 0.000424112338806, 2.0818783014e-05, 2.12650593312e-06, 2.08255778489e-06],
        "stdev": [0.246795982122, 1.05614686012, 2.96553421021, 4.50398588181, 5.79050540924, 5.56498289108, 6.95097112656, 8.81425857544, 21.945690155, 20.1702709198, 13.0157909393, 34.725189209, 93.1912918091, 78.0748901367, 302.616027832, 156.798126221, 251.382720947, 209.401000977, 81.6932830811, 48.0391387939, 68.279258728, 40.8241004944, 22.2614440918, 27.8265209198, 19.1785526276, 12.0960998535, 6.69311094284, 5.12222194672, 3.97810554504, 4.20038986206, 4.5961523056, 3.47163033485, 2.25172615051, 1.37910103798, 0.713106274605, 0.35323536396, 0.0862957760692, 0.013978920877, 0.00176478747744, 5.09939090989e-05]
    },
    "gfcc": {
        "mean": [21.5734443665, 63.8272476196, -120.632324219, 28.3518028259, -53.1321144104, 26.5663757324, -38.8758354187, 10.8571815491, -26.6438655853, 3.47600865364, -8.75161361694, 4.48524475098, -9.43249416351],
        "cov": [[1928.9074707, -57.3535385132, 453.829833984, 157.623886108, 358.017211914, 406.3125, 196.738510132, -43.8062019348, -138.934677124, -1.78181898594, 50.1680641174, 3.06140446663, -98.6539611816], [-57.3535385132, 387.770721436, 101.444992065, 55.2405929565, 37.8532524109, -9.29627895355, -27.0937614441, -10.3390140533, 13.7882013321, -25.5247650146, 26.8970508575, -44.6457290649, 15.9100751877], [453.829833984, 101.444992065, 709.633300781, 302.341888428, 62.2780761719, 104.393814087, 1.54482471943, 40.5040550232, -8.78879642487, 0.385355710983, -104.398368835, -4.99004030228, -32.9286651611], [157.623886108, 55.2405929565, 302.341888428, 346.011993408, 97.1789627075, 61.1019859314, 29.881690979, 74.0092544556, 56.5679168701, 17.406047821, -41.4661903381, 2.22000265121, -15.0920991898], [358.017211914, 37.8532524109, 62.2780761719, 97.1789627075, 199.972518921, 147.518783569, 69.0886611938, -4.18513679504, -5.10038328171, 4.63859844208, 22.7016162872, -4.87402772903, -22.0561027527], [406.3125, -9.29627895355, 104.393814087, 61.1019859314, 147.518783569, 331.758422852, 145.780685425, -10.2455844879, -44.1426467896, -5.56588315964, 52.0361480713, -6.19848775864, -2.3334608078], [196.738510132, -27.0937614441, 1.54482471943, 29.881690979, 69.0886611938, 145.780685425, 161.265533447, 37.8498191833, -15.5789175034, 20.2475032806, 48.3489570618, -4.61116790771, -6.6229429245], [-43.8062019348, -10.3390140533, 40.5040550232, 74.0092544556, -4.18513679504, -10.2455844879, 37.8498191833, 130.763946533, 75.7039337158, 29.8068161011, -1.10064351559, 10.4606866837, 7.15338039398], [-138.934677124, 13.7882013321, -8.78879642487, 56.5679168701, -5.10038328171, -44.1426467896, -15.5789175034, 75.7039337158, 121.515960693, 41.8878746033, 3.47419333458, 21.1455097198, 11.8176546097], [-1.78181898594, -25.5247650146, 0.385355710983, 17.406047821, 4.63859844208, -5.56588315964, 20.2475032806, 29.8068161011, 41.8878746033, 86.8390426636, 33.5874099731, 2.3925614357, -3.53714084625], [50.1680641174, 26.8970508575, -104.398368835, -41.4661903381, 22.7016162872, 52.0361480713, 48.3489570618, -1.10064351559, 3.47419333458, 33.5874099731, 131.247680664, 25.6275482178, 9.97501373291], [3.06140446663, -44.6457290649, -4.99004030228, 2.22000265121, -4.87402772903, -6.19848775864, -4.61116790771, 10.4606866837, 21.1455097198, 2.3925614357, 25.6275482178, 71.6055908203, 25.3838062286], [-98.6539611816, 15.9100751877, -32.9286651611, -15.0920991898, -22.0561027527, -2.3334608078, -6.6229429245, 7.15338039398, 11.8176546097, -3.53714084625, 9.97501373291, 25.3838062286, 68.9593048096]],
        "icov": [[0.00126612070017, 0.00054703198839, -0.00107490352821, 0.000697320268955, -0.00206952844746, -3.06280089717e-05, -0.000283650821075, -0.000160404510098, 0.000848078751005, 0.000239808403421, -0.000866292684805, -0.000143008612213, 0.000695806695148], [0.00054703198839, 0.00525022717193, -0.00241895951331, 0.000531321857125, -0.00273038353771, 0.00205454183742, 1.36274402394e-05, 0.00132661638781, -0.00279185408726, 0.00442486396059, -0.00548794213682, 0.00670131295919, -0.00337509112433], [-0.00107490352821, -0.00241895951331, 0.00479158852249, -0.00328102195635, 0.00341257057153, -0.00252057402395, 0.00183144805487, -0.00137358275242, 0.00273645180278, -0.00338325789198, 0.00479016080499, -0.00380532583222, 0.0019802020397], [0.000697320268955, 0.000531321857125, -0.00328102195635, 0.00700930459425, -0.00413369387388, 0.000902549130842, -0.000962799298577, -0.00140942796133, -0.00227917358279, 0.000988927320577, -0.000373912364012, 0.00061482086312, -0.00012645527022], [-0.00206952844746, -0.00273038353771, 0.00341257057153, -0.00413369387388, 0.0134577257559, -0.00445761624724, -9.91246852209e-05, 0.00174798315857, -0.00125899014529, -0.00200588116422, 0.00309803988785, -0.00272117671557, 0.00302316853777], [-3.06280089717e-05, 0.00205454183742, -0.00252057402395, 0.000902549130842, -0.00445761624724, 0.00901578366756, -0.00616188999265, 0.0028251784388, -0.00189510872588, 0.00394198019058, -0.00408605625853, 0.0040152608417, -0.00388941564597], [-0.000283650821075, 1.36274402394e-05, 0.00183144805487, -0.000962799298577, -9.91246852209e-05, -0.00616188999265, 0.0157492402941, -0.00800049677491, 0.00606268504634, -0.00339740142226, -0.00158932164777, 0.000259807944531, 0.00127819250338], [-0.000160404510098, 0.00132661638781, -0.00137358275242, -0.00140942796133, 0.00174798315857, 0.0028251784388, -0.00800049677491, 0.0176863186061, -0.011715608649, 0.00231482437812, -0.000669031927828, 0.00241814716719, -0.00211515394039], [0.000848078751005, -0.00279185408726, 0.00273645180278, -0.00227917358279, -0.00125899014529, -0.00189510872588, 0.00606268504634, -0.011715608649, 0.0225889142603, -0.00981576368213, 0.00367146497592, -0.00804778281599, 0.00205275136977], [0.000239808403421, 0.00442486396059, -0.00338325789198, 0.000988927320577, -0.00200588116422, 0.00394198019058, -0.00339740142226, 0.00231482437812, -0.00981576368213, 0.0212889108807, -0.0100406948477, 0.00865973625332, -0.00211263657548], [-0.000866292684805, -0.00548794213682, 0.00479016080499, -0.000373912364012, 0.00309803988785, -0.00408605625853, -0.00158932164777, -0.000669031927828, 0.00367146497592, -0.0100406948477, 0.0189739298075, -0.0119741940871, 0.00352060771547], [-0.000143008612213, 0.00670131295919, -0.00380532583222, 0.00061482086312, -0.00272117671557, 0.0040152608417, 0.000259807944531, 0.00241814716719, -0.00804778281599, 0.00865973625332, -0.0119741940871, 0.0280171167105, -0.0111512169242], [0.000695806695148, -0.00337509112433, 0.0019802020397, -0.00012645527022, 0.00302316853777, -0.00388941564597, 0.00127819250338, -0.00211515394039, 0.00205275136977, -0.00211263657548, 0.00352060771547, -0.0111512169242, 0.0215061511844]]
    },
    "melbands": {
        "max": [0.0109456647187, 0.0102201821283, 0.00711918901652, 0.00465486524627, 0.00260121258907, 0.00139342376497, 0.00636308919638, 0.00445019779727, 0.00201560580172, 0.00384261482395, 0.00453494582325, 0.00281771738082, 0.00560802873224, 0.00591158866882, 0.00557218724862, 0.00743950158358, 0.00545066129416, 0.00213707936928, 0.000942163111176, 0.00162778282538, 0.000884297245648, 0.000702103192452, 0.000251786317676, 0.000244402122917, 0.000294481345918, 0.000166749960044, 0.000164465338457, 9.76539449766e-05, 5.10973331984e-05, 3.14976241498e-05, 3.31350966007e-05, 1.64565353771e-05, 2.02249011636e-05, 1.37261349664e-05, 2.26143529289e-05, 2.16430980799e-05, 1.2956147657e-05, 1.50945261339e-05, 1.38267605507e-05, 8.80712104845e-06],
        "mean": [0.00130945816636, 0.000998453586362, 0.000487311830511, 0.000297461519949, 0.000193143088836, 0.00019182820688, 0.000180804010597, 9.85917868093e-05, 5.84014378546e-05, 6.75463015796e-05, 0.000232980557485, 0.000188032106962, 0.000351163122104, 0.000261941924691, 0.000159791015903, 0.00022098638874, 0.000173842228833, 7.46211153455e-05, 2.98128416034e-05, 4.91567661811e-05, 2.9281622119e-05, 2.43085905822e-05, 1.32770101118e-05, 1.12163215817e-05, 2.01608927455e-05, 1.23135669128e-05, 9.54841198109e-06, 6.89144735588e-06, 4.4801340664e-06, 3.10204677589e-06, 2.20546303353e-06, 2.08848359762e-06, 2.19737671614e-06, 2.49067056757e-06, 2.68329858955e-06, 2.66293523055e-06, 2.10970347325e-06, 1.66052734585e-06, 1.21375489925e-06, 9.32463478875e-07],
        "min": [5.72484708528e-08, 2.13896260703e-08, 4.08945020069e-08, 2.71548046271e-08, 1.68483154539e-07, 5.47873639789e-07, 4.78571621443e-07, 2.22910799152e-07, 1.70598934801e-06, 1.82512806646e-07, 5.63597893688e-07, 2.55270293792e-07, 7.20875334537e-07, 4.06069318615e-07, 3.85964000316e-07, 1.11011608794e-07, 8.75372109022e-07, 6.09033634191e-07, 1.51708547946e-07, 2.51012153285e-07, 2.35144071326e-07, 1.83443773949e-07, 7.51682733835e-08, 8.58691322492e-08, 2.18500233018e-07, 1.15944239099e-07, 4.53133566225e-08, 1.10842250933e-07, 6.48531468528e-08, 6.89382915198e-08, 3.83090679179e-08, 4.84175295412e-08, 8.27030035566e-08, 7.11041110435e-08, 8.41177154598e-08, 4.68737724191e-08, 3.43856036977e-08, 2.53355949553e-08, 1.76450534184e-08, 9.91593651634e-09],
        "stdev": [0.00177823693957, 0.00125432095956, 0.00072951905895, 0.000398619507905, 0.000230243953411, 0.000204411247978, 0.000318252918078, 0.000192994164536, 0.00014270140673, 0.000222758564632, 0.000502288050484, 0.000353599956725, 0.00080657878425, 0.000652760907542, 0.000520594127011, 0.000801520131063, 0.000419698248152, 0.000186432356713, 5.98598671786e-05, 0.000120534314192, 6.92967732903e-05, 5.03672890773e-05, 2.20687852561e-05, 1.96054115804e-05, 2.60851629719e-05, 1.68174883584e-05, 1.46260990732e-05, 7.92764876678e-06, 4.89544390803e-06, 3.80970641345e-06, 2.84684620055e-06, 2.2486749458e-06, 2.49448680734e-06, 2.45793353315e-06, 2.82872247226e-06, 2.68213716481e-06, 1.96130895347e-06, 1.649214596e-06, 1.378698812e-06, 1.15092859687e-06]
    },
    "melbands128": {
        "max": [0.00539316562936, 0.0158571284264, 0.0168977212161, 0.0131055722013, 0.010476032272, 0.0190359503031, 0.0125108072534, 0.00786955002695, 0.00819426495582, 0.00561203900725, 0.00427661789581, 0.003174290061, 0.00276743154973, 0.00273758289404, 0.00228880345821, 0.00265845563263, 0.00439900578931, 0.00770996138453, 0.01421278622, 0.0049762208946, 0.00187456444837, 0.00104978866875, 0.00296021439135, 0.00390147208236, 0.0058360081166, 0.00830012839288, 0.00426280405372, 0.00879073794931, 0.0112307844684, 0.0045392732136, 0.00518516125157, 0.0088379830122, 0.009830230847, 0.0155031811446, 0.0152381407097, 0.00852910242975, 0.0112136872485, 0.0108832847327, 0.00612251274288, 0.00841561332345, 0.0119322510436, 0.00892713107169, 0.00753737520427, 0.0129924956709, 0.00573703087866, 0.003394264495, 0.000822308531497, 0.00155869848095, 0.00130730075762, 0.00153078814037, 0.00355586293153, 0.00333468103781, 0.00206365366466, 0.000612135685515, 0.00196180213243, 0.00146890769247, 0.00100626889616, 0.000580850115512, 0.000287716509774, 0.000689979351591, 0.000472267653095, 0.00031009077793, 0.000310428877128, 0.000471270090202, 0.000519745051861, 0.000336966710165, 0.000283981353277, 0.000294775847578, 0.000233153841691, 0.000224258648814, 0.000184446427738, 0.000102882026113, 0.000140326374094, 8.02023787401e-05, 7.00518430676e-05, 6.53528986732e-05, 5.20562753081e-05, 7.18733936083e-05, 3.01334930555e-05, 3.70289162674e-05, 2.33208502323e-05, 2.32918318943e-05, 2.76260652754e-05, 3.33318967023e-05, 2.51805286098e-05, 1.83941319847e-05, 2.06708155019e-05, 3.70049165213e-05, 4.83874136989e-05, 2.29313664022e-05, 3.9629132516e-05, 3.20603503496e-05, 2.69182819466e-05, 1.4770938833e-05, 1.76718713192e-05, 1.64614266396e-05, 2.48484375334e-05, 2.21489408432e-05, 2.08357014344e-05, 1.02684898593e-05, 1.3122650671e-05, 1.02536168924e-05, 1.10193295768e-05, 1.22791407193e-05, 7.24404117136e-06, 8.34236834635e-06, 9.04876924324e-06, 1.02477843029e-05, 7.09408413968e-06, 1.31230917759e-05, 5.96251265961e-06, 4.25079861088e-06, 2.91960373033e-06, 2.37948324866e-06, 1.92531456378e-06, 1.04813909729e-06, 9.26497079945e-07, 8.8656582875e-07, 1.00634088085e-06, 8.00009217983e-07, 8.06217030913e-07, 6.23661719601e-07, 2.20715861587e-07, 1.01574659794e-08, 1.26264787514e-09, 1.22917576117e-09, 1.20904442014e-09, 1.19765175555e-09],
        "mean": [0.000428523606388, 0.00147711928003, 0.00158337678295, 0.00118838029448, 0.00103500369005, 0.0008318714099, 0.000524046481587, 0.000396914139856, 0.000405978295021, 0.000305165274767, 0.000223440598347, 0.000204562878935, 0.000181575102033, 0.00017977252719, 0.000179305774509, 0.000175354944076, 0.000283821427729, 0.000154189008754, 0.000105056962639, 9.95098162093e-05, 0.000110582972411, 5.30588185939e-05, 4.80526286992e-05, 6.74414768582e-05, 6.29628630122e-05, 6.84233455104e-05, 7.32598491595e-05, 0.000254463171586, 0.000412996509112, 0.000142285556649, 0.000143175071571, 0.000191786282812, 0.000211624908843, 0.000703811063431, 0.000357056676876, 9.8066549981e-05, 0.000117368312203, 0.000241716654273, 9.80241165962e-05, 0.00016973305901, 0.000353315001121, 0.00010863308853, 0.000157009562827, 0.000231045749388, 0.000135286754812, 3.35736112902e-05, 1.5869809431e-05, 3.79036464437e-05, 3.10968789563e-05, 2.32229886024e-05, 6.84657279635e-05, 5.64557522011e-05, 2.73322129942e-05, 1.76549183379e-05, 3.02920398099e-05, 2.63415604422e-05, 1.9688917746e-05, 1.16925948532e-05, 1.18433363241e-05, 1.45574767885e-05, 9.1926949608e-06, 7.26076814317e-06, 2.3247430363e-05, 2.16828066186e-05, 2.1968729925e-05, 9.01095336303e-06, 9.01549992705e-06, 1.15964776342e-05, 9.73563692241e-06, 6.47394745101e-06, 6.08453319728e-06, 8.89075909072e-06, 5.06461447003e-06, 3.61830757356e-06, 3.40189558301e-06, 3.47875902662e-06, 2.57111923929e-06, 2.88366254608e-06, 1.90481546269e-06, 1.90779201148e-06, 2.2287676984e-06, 1.98540533347e-06, 2.13192129195e-06, 2.0898294224e-06, 2.47148136623e-06, 2.27380996876e-06, 2.52713562077e-06, 2.9020823149e-06, 2.7866237815e-06, 2.3567736207e-06, 2.68914277513e-06, 2.76129594567e-06, 2.70378427558e-06, 1.83264012321e-06, 2.16233820538e-06, 1.57696126735e-06, 1.71551789663e-06, 1.45606463775e-06, 1.26765428377e-06, 9.91004299067e-07, 1.07262133042e-06, 8.83953589437e-07, 8.44882663387e-07, 8.01171836429e-07, 5.22758512034e-07, 5.20718913322e-07, 5.31818955096e-07, 4.90402896958e-07, 3.56814041425e-07, 2.94445015925e-07, 2.62394195261e-07, 2.08375510624e-07, 1.62949348237e-07, 1.24055759443e-07, 9.5455092719e-08, 7.00993254554e-08, 6.53304539355e-08, 5.50305436775e-08, 5.39992441873e-08, 3.31610259252e-08, 1.57356101482e-08, 5.55667956093e-09, 1.96239846595e-09, 4.830844752e-11, 5.50572911914e-12, 5.34715501044e-12, 5.2486591462e-12, 5.20125565881e-12],
        "min": [3.60265506316e-09, 7.56825571102e-08, 5.35933821766e-08, 2.27998437907e-08, 7.46222816872e-09, 1.18979706087e-08, 1.04055635219e-08, 1.32816868614e-08, 2.73483511393e-08, 1.32083410875e-08, 1.83066042325e-08, 2.20369926751e-08, 5.03507031624e-08, 2.76848140857e-07, 1.75370885813e-07, 2.7725371865e-07, 2.6355004934e-07, 2.66722565812e-07, 4.44458549964e-08, 8.21065739842e-08, 1.01631940197e-07, 1.61032161827e-07, 2.78405025256e-07, 7.49740323158e-08, 5.33390043245e-08, 9.85991093216e-08, 2.06398624414e-07, 5.64577021578e-07, 2.15502723222e-07, 2.05215862081e-08, 3.86966654276e-08, 1.24565744386e-07, 1.65601420576e-07, 1.35459714556e-07, 1.16768035241e-07, 7.15543322372e-08, 8.2824499259e-08, 6.64445494181e-08, 5.49492966684e-08, 7.52665556547e-08, 3.84564486922e-08, 5.74063960812e-08, 8.58753779198e-08, 6.02200771027e-07, 2.90035245598e-07, 1.65538509123e-07, 6.55087148971e-08, 5.85172479362e-08, 5.8206239828e-08, 8.01698973873e-08, 1.3857905401e-07, 1.47429716435e-07, 1.33197147534e-07, 7.32584126695e-08, 7.48528918848e-08, 6.367187666e-08, 3.82100395768e-08, 2.52604621664e-08, 3.86189071833e-08, 4.07116012013e-08, 4.49926034207e-08, 1.1785413534e-08, 4.93402048107e-08, 1.54399813823e-07, 4.91691736215e-08, 4.36597495934e-08, 2.61364316856e-08, 1.66761324749e-08, 4.31239151055e-08, 1.61356066286e-08, 4.11935658917e-08, 4.77945789612e-08, 6.29029059951e-08, 3.29349738593e-08, 2.95985742582e-08, 2.13359516721e-08, 1.80443819886e-08, 1.35074316177e-08, 2.14291926426e-08, 1.80665686855e-08, 1.85676487519e-08, 1.64995714869e-08, 1.98645810912e-08, 2.33294912277e-08, 4.02959443591e-08, 9.48476497342e-09, 2.17726032758e-08, 3.32603704578e-08, 1.76561627541e-08, 2.51681555596e-08, 3.5567165213e-08, 2.15469633247e-08, 2.51263365669e-08, 1.63243960571e-08, 1.56538142448e-08, 1.02699271309e-08, 1.51348196198e-08, 1.22666357072e-08, 1.95170581918e-08, 1.09547038107e-08, 9.87443282696e-09, 9.33127441982e-09, 6.0829949966e-09, 4.96164354047e-09, 4.56757032197e-09, 3.59031293584e-09, 3.70389852122e-09, 2.74338818329e-09, 1.72834069279e-09, 1.60144908445e-09, 2.27057039837e-09, 3.8346956166e-10, 7.53537676701e-10, 4.13236722618e-10, 2.47871501102e-10, 5.0641877844e-12, 1.71211731858e-12, 1.55936055084e-13, 7.58768726019e-14, 6.37047855331e-14, 6.64135223595e-14, 7.01932002106e-14, 7.26773106757e-14, 7.03973690322e-14, 4.89107859032e-14, 1.80264450692e-14, 2.45056880739e-15, 1.37898710818e-16],
        "stdev": [0.00068552972516, 0.00235449662432, 0.00242198817432, 0.00172013347037, 0.00153549283277, 0.0015635213349, 0.00104036345147, 0.000663773855194, 0.000692337402143, 0.000487371347845, 0.000328930007527, 0.000289951218292, 0.000273728946922, 0.000298840022879, 0.000245771807386, 0.000259304244537, 0.000517912150826, 0.000352773495251, 0.000448228704045, 0.000266250222921, 0.00019214474014, 9.66616280493e-05, 0.000179644543095, 0.000322044914356, 0.00029827398248, 0.000351700757165, 0.000286587892333, 0.000664105871692, 0.00112419982906, 0.000400059798267, 0.000415313988924, 0.000603241147473, 0.000693662674166, 0.00206734752283, 0.00134289800189, 0.000486958713736, 0.000552121317014, 0.000992741552182, 0.000456365727587, 0.000735982961487, 0.00146318518091, 0.000634972995613, 0.000534253311343, 0.000712804147042, 0.000495958898682, 0.000146869337186, 4.76151290059e-05, 9.95736991172e-05, 8.15991807031e-05, 8.51570075611e-05, 0.000222616101382, 0.000190390899661, 0.000142069548019, 3.46734304912e-05, 9.33883129619e-05, 7.92394712334e-05, 6.53552633594e-05, 3.38434256264e-05, 2.44850252784e-05, 3.74428491341e-05, 2.76722894341e-05, 1.89719685295e-05, 3.99948294216e-05, 4.07397528761e-05, 4.01363031415e-05, 2.00736794795e-05, 2.19907233259e-05, 2.36956020672e-05, 1.98937505047e-05, 1.28546271299e-05, 1.20206550491e-05, 1.12247580546e-05, 8.94983440958e-06, 5.75190142627e-06, 5.41058261661e-06, 5.73289389649e-06, 4.18316176365e-06, 5.13603026775e-06, 2.77405206361e-06, 2.80272024611e-06, 2.71154112852e-06, 2.60607794189e-06, 3.06489960167e-06, 3.15320221489e-06, 3.10935070047e-06, 2.49760182669e-06, 2.97426072393e-06, 3.70914472114e-06, 3.50218374479e-06, 3.0075336781e-06, 3.13183818434e-06, 3.36364223585e-06, 3.19852574648e-06, 1.94017979993e-06, 2.15806721826e-06, 1.83737790849e-06, 1.97861982087e-06, 1.7653088662e-06, 1.71499073076e-06, 1.21690493415e-06, 1.4102906789e-06, 1.18215064049e-06, 1.24882183172e-06, 1.19521837405e-06, 7.14117447842e-07, 7.56785027534e-07, 8.28052918678e-07, 8.31870295315e-07, 6.00139060225e-07, 7.52983851271e-07, 4.47029549377e-07, 3.47268439782e-07, 2.67942596111e-07, 2.120453928e-07, 1.55794666057e-07, 1.07586203058e-07, 1.00142486303e-07, 9.51063015009e-08, 9.65188604596e-08, 6.99483848621e-08, 5.2830859687e-08, 3.27891633845e-08, 1.20506022938e-08, 4.43537373496e-10, 5.50603070082e-11, 5.35937093316e-11, 5.26496068964e-11, 5.20839898988e-11]
    },
    "mfcc": {
        "mean": [-623.527282715, 96.1607589722, -1.89634728432, 10.6047210693, 10.0592393875, 8.00688934326, 6.31661272049, 5.84220647812, -6.55166149139, 4.74638557434, -5.64090061188, 0.00519594922662, 1.91865336895],
        "cov": [[1615.67321777, -64.2347335815, 169.985733032, 42.3086700439, 220.359619141, 315.648651123, 323.526824951, 133.910003662, -38.1081008911, 53.806728363, 64.3165969849, -16.7885093689, 1.65328216553], [-64.2347335815, 332.011505127, 57.5618400574, -4.65392589569, 32.0089416504, -32.2028465271, -9.17317199707, -42.5929222107, -41.2667808533, 21.9942836761, -27.1242904663, -23.6409187317, -51.747428894], [169.985733032, 57.5618400574, 535.022766113, 153.597351074, 115.301025391, 103.038871765, 40.2544288635, 52.7636451721, 73.3688583374, -18.2800216675, 42.3535728455, -14.1182584763, -39.1961593628], [42.3086700439, -4.65392589569, 153.597351074, 259.788452148, 86.087600708, 2.04091238976, -34.4590034485, 29.1978931427, 69.1223678589, 2.35973238945, 39.3019180298, 35.1672058105, 19.114982605], [220.359619141, 32.0089416504, 115.301025391, 86.087600708, 174.741378784, 99.0922088623, 33.2553291321, 48.9157028198, 31.2487888336, 6.84535360336, 6.00801706314, 16.9615764618, 10.1220655441], [315.648651123, -32.2028465271, 103.038871765, 2.04091238976, 99.0922088623, 227.272537231, 146.943435669, 54.1274833679, 9.22808933258, 22.7678833008, 14.5960798264, -20.6372928619, 6.76598787308], [323.526824951, -9.17317199707, 40.2544288635, -34.4590034485, 33.2553291321, 146.943435669, 230.440887451, 66.2710113525, -23.5808506012, 55.7690391541, 27.3779354095, -15.178732872, 1.14063453674], [133.910003662, -42.5929222107, 52.7636451721, 29.1978931427, 48.9157028198, 54.1274833679, 66.2710113525, 115.447860718, 40.5515289307, 14.2783689499, 19.9877109528, 15.6164331436, 18.3876800537], [-38.1081008911, -41.2667808533, 73.3688583374, 69.1223678589, 31.2487888336, 9.22808933258, -23.5808506012, 40.5515289307, 123.485877991, 10.3651485443, 17.805973053, 10.0471773148, 12.2335767746], [53.806728363, 21.9942836761, -18.2800216675, 2.35973238945, 6.84535360336, 22.7678833008, 55.7690391541, 14.2783689499, 10.3651485443, 102.59538269, 38.1646766663, -0.717402100563, -0.410554647446], [64.3165969849, -27.1242904663, 42.3535728455, 39.3019180298, 6.00801706314, 14.5960798264, 27.3779354095, 19.9877109528, 17.805973053, 38.1646766663, 87.716583252, 33.0241584778, 10.81158638], [-16.7885093689, -23.6409187317, -14.1182584763, 35.1672058105, 16.9615764618, -20.6372928619, -15.178732872, 15.6164331436, 10.0471773148, -0.717402100563, 33.0241584778, 102.339149475, 51.2274551392], [1.65328216553, -51.747428894, -39.1961593628, 19.114982605, 10.1220655441, 6.76598787308, 1.14063453674, 18.3876800537, 12.2335767746, -0.410554647446, 10.81158638, 51.2274551392, 96.1392822266]],
        "icov": [[0.00110431667417, 0.000324019434629, 1.57667873282e-05, -5.08010271005e-05, -0.00122410571203, -0.000197522444068, -0.00111161079258, -0.000133824345539, 0.000644544663373, 0.000263188849203, -0.0005955043016, 0.000347741384758, 0.000154291410581], [0.000324019434629, 0.00451324461028, -0.000910966075025, 0.000319852551911, -0.00240034493618, 0.00182408036198, -0.000872617994901, 0.00147282553371, 0.00158041308168, -0.00208326871507, 0.0017359170597, -0.000241845104028, 0.00156536104623], [1.57667873282e-05, -0.000910966075025, 0.00324977724813, -0.00135069305543, -0.000445966346888, -0.00114390265662, -0.000321589031955, -0.000364461855497, -0.00130650773644, 0.00217122561298, -0.001943624462, 0.000649838824756, 0.00135170493741], [-5.08010271005e-05, 0.000319852551911, -0.00135069305543, 0.00656406255439, -0.00312048266642, 0.00178976741154, 0.000540340493899, 0.000462195981527, -0.00177171069663, -9.45098654483e-05, -0.0019153105095, -0.000176541871042, -0.00104047323111], [-0.00122410571203, -0.00240034493618, -0.000445966346888, -0.00312048266642, 0.013821602799, -0.00668585347012, 0.00414538336918, -0.00344314100221, -0.000363475148333, -0.00128221337218, 0.00331279984675, -0.00342986593023, 0.000288155104499], [-0.000197522444068, 0.00182408036198, -0.00114390265662, 0.00178976741154, -0.00668585347012, 0.0126825124025, -0.00695986440405, 0.00210031424649, -0.00111181032844, 0.000963266706094, -0.00066113617504, 0.00316485785879, -0.00181121646892], [-0.00111161079258, -0.000872617994901, -0.000321589031955, 0.000540340493899, 0.00414538336918, -0.00695986440405, 0.0128554385155, -0.00547032942995, 0.00339045003057, -0.00460494728759, 4.55264807897e-06, -0.000317452708259, -2.44707734964e-05], [-0.000133824345539, 0.00147282553371, -0.000364461855497, 0.000462195981527, -0.00344314100221, 0.00210031424649, -0.00547032942995, 0.0148687856272, -0.00468073645607, 0.000892171810847, -0.00022311945213, -0.00101699877996, -0.000843224988785], [0.000644544663373, 0.00158041308168, -0.00130650773644, -0.00177171069663, -0.000363475148333, -0.00111181032844, 0.00339045003057, -0.00468073645607, 0.013186281547, -0.00315107009374, 8.97414283827e-05, 0.000876031524967, -0.000537565036211], [0.000263188849203, -0.00208326871507, 0.00217122561298, -9.45098654483e-05, -0.00128221337218, 0.000963266706094, -0.00460494728759, 0.000892171810847, -0.00315107009374, 0.0159868914634, -0.00794644095004, 0.00261909654364, -0.000303346692817], [-0.0005955043016, 0.0017359170597, -0.001943624462, -0.0019153105095, 0.00331279984675, -0.00066113617504, 4.55264807897e-06, -0.00022311945213, 8.97414283827e-05, -0.00794644095004, 0.02012139, -0.00749147683382, 0.0019570090808], [0.000347741384758, -0.000241845104028, 0.000649838824756, -0.000176541871042, -0.00342986593023, 0.00316485785879, -0.000317452708259, -0.00101699877996, 0.000876031524967, 0.00261909654364, -0.00749147683382, 0.0176815409213, -0.00817881058902], [0.000154291410581, 0.00156536104623, 0.00135170493741, -0.00104047323111, 0.000288155104499, -0.00181121646892, -2.44707734964e-05, -0.000843224988785, -0.000537565036211, -0.000303346692817, 0.0019570090808, -0.00817881058902, 0.0164632238448]]
    },
    "spectral_contrast_coeffs": {
        "max": [-0.467853486538, -0.481248736382, -0.451687544584, -0.520717263222, -0.619825780392, -0.709152460098],
        "mean": [-0.738120138645, -0.755365371704, -0.705540955067, -0.746920108795, -0.765155017376, -0.79555529356],
        "min": [-0.928345024586, -0.918557286263, -0.894617557526, -0.901889204979, -0.896476387978, -0.864047646523],
        "stdev": [0.0745148658752, 0.0630937665701, 0.0925981998444, 0.0691588446498, 0.0430182665586, 0.021727161482]
    },
    "spectral_contrast_valleys": {
        "max": [-5.2445731163, -5.72036743164, -6.02350902557, -5.74058008194, -5.86851119995, -8.161277771],
        "mean": [-6.85329055786, -6.96662282944, -7.44381666183, -7.58697748184, -7.55367136002, -9.61250591278],
        "min": [-11.1198329926, -8.99231433868, -9.17256259918, -9.04532241821, -9.20345401764, -11.3568916321],
        "stdev": [0.900202810764, 0.46108046174, 0.470688641071, 0.480851918459, 0.513942360878, 0.595983445644]
    }
},
"rhythm": {
    "beats_count": 79,
    "beats_loudness": {
        "max": 0.0681802779436,
        "mean": 0.0271541643888,
        "min": 0.00220559677109,
        "stdev": 0.0192346200347
    },
    "bpm": 149.998703003,
    "bpm_histogram_first_peak_bpm": 152,
    "bpm_histogram_first_peak_weight": 0.484375,
    "bpm_histogram_second_peak_bpm": 133,
    "bpm_histogram_second_peak_spread": 0.428571462631,
    "bpm_histogram_second_peak_weight": 0.0512820519507,
    "danceability": 0.873328447342,
    "onset_rate": 3.04540991783,
    "beats_loudness_band_ratio": {
        "max": [0.819890677929, 0.562398135662, 0.564164876938, 0.739109575748, 0.397839576006, 0.333298832178],
        "mean": [0.364270716906, 0.126793339849, 0.119230002165, 0.260244190693, 0.121228218079, 0.0679899454117],
        "min": [0.000329657370457, 0.00497995922342, 0.00207611662336, 0.0195007324219, 0.0115632163361, 0.0116327665746],
        "stdev": [0.235298156738, 0.112493135035, 0.121486358345, 0.213331595063, 0.0869064703584, 0.0536955110729]
    },
