{
"metadata": {
    "version": {
        "essentia": "2.1-beta5",
        "essentia_git_sha": "Undefined",
        "extractor": "music 2.0"
    },
    "audio_properties": {
        "analysis": {
            "equal_loudness": 0,
            "length": 32.4963264465,
            "sample_rate": 44100,
            "start_time": 126.490699768,
            "downmix": "mix"
        },
        "bit_rate": 192000,
        "length": 186.734893799,
        "lossless": 0,
        "number_channels": 2,
        "replay_gain": 1.05682563782,
        "sample_rate": 48000,
        "codec": "mp3",
        "md5_encoded": "74f148d298f645da2c9a794f92189a8c"
    },
    "tags": {
        "file_name": "Germany_Run _ Hide_Gracia.mp3",
        "encoding": ["Lavf58.29.100"]
    }
},
"lowlevel": {
    "average_loudness": 0.982476115227,
    "barkbands_crest": {
        "max": 21.8014373779,
        "mean": 9.38210582733,
        "min": 2.86119580269,
        "stdev": 3.80448722839
    },
    "barkbands_flatness_db": {
        "max": 0.233821153641,
        "mean": 0.137750521302,
        "min": 0.0752813369036,
        "stdev": 0.0238056983799
    },
    "barkbands_kurtosis": {
        "max": 20.8022689819,
        "mean": 0.785358905792,
        "min": -1.50427699089,
        "stdev": 1.94245827198
    },
    "barkbands_skewness": {
        "max": 4.46056699753,
        "mean": 0.950008571148,
        "min": -0.795397043228,
        "stdev": 0.698888301849
    },
    "barkbands_spread": {
        "max": 65.2307662964,
        "mean": 27.9018611908,
        "min": 9.51155567169,
        "stdev": 7.51324176788
    },
    "dissonance": {
        "max": 0.499742090702,
        "mean": 0.472500294447,
        "min": 0.282262772322,
        "stdev": 0.018990708515
    },
    "dynamic_complexity": 1.52501761913,
    "erbbands_crest": {
        "max": 29.3159008026,
        "mean": 9.12775325775,
        "min": 2.53232359886,
        "stdev": 4.78109121323
    },
    "erbbands_flatness_db": {
        "max": 0.279617637396,
        "mean": 0.161432266235,
        "min": 0.100736454129,
        "stdev": 0.0291927531362
    },
    "erbbands_kurtosis": {
        "max": 9.64946365356,
        "mean": 0.0800626799464,
        "min": -1.5275349617,
        "stdev": 1.30391955376
    },
    "erbbands_skewness": {
        "max": 2.68930721283,
        "mean": 0.182177588344,
        "min": -1.20513510704,
        "stdev": 0.549050152302
    },
    "erbbands_spread": {
        "max": 79.5626831055,
        "mean": 36.1267433167,
        "min": 8.83987617493,
        "stdev": 12.4812355042
    },
    "hfc": {
        "max": 100.222587585,
        "mean": 30.5603256226,
        "min": 0.391530662775,
        "stdev": 15.8132896423
    },
    "loudness_ebu128": {
        "integrated": -23.170003891,
        "loudness_range": 0.814249038696,
        "momentary": {
            "max": -21.020772934,
            "mean": -23.2661743164,
            "min": -25.5133800507,
            "stdev": 0.92040848732
        },
        "short_term": {
            "max": -22.6414260864,
            "mean": -23.218624115,
            "min": -23.9343318939,
            "stdev": 0.275218337774
        }
    },
    "melbands_crest": {
        "max": 26.4049739838,
        "mean": 12.3992767334,
        "min": 4.63152694702,
        "stdev": 4.01466655731
    },
    "melbands_flatness_db": {
        "max": 0.267391622066,
        "mean": 0.153342440724,
        "min": 0.0539351478219,
        "stdev": 0.032534185797
    },
    "melbands_kurtosis": {
        "max": 82.9234161377,
        "mean": 5.94983053207,
        "min": -1.29610395432,
        "stdev": 7.00947523117
    },
    "melbands_skewness": {
        "max": 7.98587989807,
        "mean": 1.92913198471,
        "min": -0.303866922855,
        "stdev": 1.09253919125
    },
    "melbands_spread": {
        "max": 85.0339889526,
        "mean": 31.0805473328,
        "min": 5.07656431198,
        "stdev": 11.7320613861
    },
    "pitch_salience": {
        "max": 0.803276836872,
        "mean": 0.533117055893,
        "min": 0.236724346876,
        "stdev": 0.0910239219666
    },
    "silence_rate_20dB": {
        "max": 1,
        "mean": 1,
        "min": 1,
        "stdev": 0
    },
    "silence_rate_30dB": {
        "max": 1,
        "mean": 1,
        "min": 1,
        "stdev": 0
    },
    "silence_rate_60dB": {
        "max": 0,
        "mean": 0,
        "min": 0,
        "stdev": 0
    },
    "spectral_centroid": {
        "max": 2727.36083984,
        "mean": 1683.42321777,
        "min": 844.560119629,
        "stdev": 310.516052246
    },
    "spectral_complexity": {
        "max": 47,
        "mean": 28.3982868195,
        "min": 0,
        "stdev": 5.04737138748
    },
    "spectral_decrease": {
        "max": -1.3670491128e-10,
        "mean": -8.41547365127e-09,
        "min": -2.24967333651e-08,
        "stdev": 3.24903570714e-09
    },
    "spectral_energy": {
        "max": 0.0887528210878,
        "mean": 0.034533854574,
        "min": 0.000551467819605,
        "stdev": 0.0131408795714
    },
    "spectral_energyband_high": {
        "max": 0.00689743086696,
        "mean": 0.00101381901186,
        "min": 1.79049147846e-05,
        "stdev": 0.000662270642351
    },
    "spectral_energyband_low": {
        "max": 0.0740710049868,
        "mean": 0.0114463623613,
        "min": 9.43184422795e-05,
        "stdev": 0.00894764717668
    },
    "spectral_energyband_middle_high": {
        "max": 0.0548951514065,
        "mean": 0.0102778123692,
        "min": 0.000124278754811,
        "stdev": 0.0092693073675
    },
    "spectral_energyband_middle_low": {
        "max": 0.0540280900896,
        "mean": 0.0127308983356,
        "min": 0.000240200795815,
        "stdev": 0.00850401259959
    },
    "spectral_entropy": {
        "max": 8.3894033432,
        "mean": 7.82498693466,
        "min": 7.05027866364,
        "stdev": 0.163539916277
    },
    "spectral_flux": {
        "max": 0.24393081665,
        "mean": 0.101399518549,
        "min": 0.0425078123808,
        "stdev": 0.0334670953453
    },
    "spectral_kurtosis": {
        "max": 7.8161239624,
        "mean": 2.76414656639,
        "min": -0.0431880950928,
        "stdev": 0.985501885414
    },
    "spectral_rms": {
        "max": 0.00930527318269,
        "mean": 0.00569992605597,
        "min": 0.000733496679459,
        "stdev": 0.00109653139953
    },
    "spectral_rolloff": {
        "max": 7321.2890625,
        "mean": 1587.20092773,
        "min": 107.666015625,
        "stdev": 739.83026123
    },
    "spectral_skewness": {
        "max": 2.03301358223,
        "mean": 1.25382351875,
        "min": 0.66684114933,
        "stdev": 0.161098361015
    },
    "spectral_spread": {
        "max": 7191742,
        "mean": 4304750,
        "min": 2953693.75,
        "stdev": 561544.75
    },
    "spectral_strongpeak": {
        "max": 9.69047641754,
        "mean": 1.49520814419,
        "min": 0,
        "stdev": 1.86656594276
    },
    "zerocrossingrate": {
        "max": 0.17138671875,
        "mean": 0.0650163367391,
        "min": 0.0126953125,
        "stdev": 0.0168609134853
    },
    "barkbands": {
        "max": [0.0019792728126, 0.0667642354965, 0.020297460258, 0.0117559637874, 0.0156164681539, 0.014852181077, 0.0150255234912, 0.0463413074613, 0.0429215878248, 0.0289861373603, 0.0439375750721, 0.0309831015766, 0.0130641674623, 0.0351403728127, 0.0171776972711, 0.00999771524221, 0.00624089268968, 0.00368207227439, 0.00993261579424, 0.00262166699395, 0.00170192867517, 0.00127140944824, 0.00399397639558, 0.00148963637184, 0.000851382617839, 1.73995922523e-05, 1.96069395315e-05],
        "mean": [0.000181870389497, 0.00835087615997, 0.00223446055315, 0.00102754205, 0.00295975571498, 0.00182096753269, 0.00114661711268, 0.00153935304843, 0.00355726131238, 0.00123714725487, 0.0014670540113, 0.0020077151712, 0.000693265988957, 0.00133567873854, 0.000859971449245, 0.000911415030714, 0.000669435597956, 0.000616767443717, 0.000717231014278, 0.000364584178897, 0.000208604687941, 0.000172863685293, 0.000241395871853, 0.000141562151839, 7.03932746546e-05, 4.24790265185e-08, 1.54402606256e-08],
        "min": [2.46593820918e-08, 3.35341464961e-05, 1.49714378495e-05, 2.29264810514e-06, 5.02529255755e-05, 4.41413467342e-05, 9.83134304988e-06, 8.34057937027e-06, 1.43213469528e-06, 1.72198033397e-05, 1.20577069538e-05, 2.86927370325e-05, 9.03994714463e-06, 1.35965947266e-05, 2.42035957854e-06, 1.40271613418e-05, 3.72490194422e-06, 4.00178259952e-06, 5.47721128896e-06, 1.25731526168e-06, 7.28516715753e-06, 3.02794114759e-06, 2.68139865511e-06, 2.61876675722e-06, 1.00885324628e-06, 1.94539648279e-10, 1.90918031384e-10],
        "stdev": [0.000308729853714, 0.00829491112381, 0.0022862968035, 0.00125094980467, 0.00255749444477, 0.0017713655252, 0.00151049054693, 0.00392972864211, 0.00628229044378, 0.00280859041959, 0.00401296513155, 0.00412666797638, 0.00140133569948, 0.0030806476716, 0.00176918518264, 0.00107823580038, 0.00048913032515, 0.000371509842807, 0.000648224144243, 0.000290609285003, 0.000130754502607, 0.000129820138682, 0.000246275711106, 0.000141972515848, 6.82709578541e-05, 4.75207741601e-07, 5.2361804137e-07]
    },
    "erbbands": {
        "max": [1.58884108067, 16.9512634277, 21.2760906219, 31.1846599579, 45.0913543701, 84.5027999878, 141.104919434, 102.846321106, 155.048583984, 578.726135254, 1220.77746582, 1196.46142578, 1158.61608887, 900.55871582, 1863.59802246, 872.879089355, 643.163635254, 1956.80371094, 1318.48242188, 882.225646973, 492.275878906, 336.871063232, 229.065673828, 673.358886719, 281.529968262, 135.019958496, 71.1518783569, 78.5494995117, 49.925743103, 77.9893875122, 120.345870972, 57.6360435486, 23.6964550018, 14.773806572, 3.97171354294, 0.190287902951, 0.0337360203266, 0.0120845427737, 0.00279400800355, 0.000314728444209],
        "mean": [0.182629212737, 2.04021811485, 3.20756268501, 3.31102848053, 4.25506591797, 9.61703872681, 18.8778877258, 13.8976955414, 15.1970214844, 19.3407344818, 46.3190345764, 70.8136062622, 73.1142959595, 31.5299034119, 87.382484436, 58.2166633606, 32.4401321411, 57.3295631409, 54.0885696411, 46.4540290833, 51.4825172424, 41.5654907227, 37.951789856, 38.5808448792, 25.7846126556, 16.8933029175, 10.2031183243, 7.55717945099, 5.65986776352, 7.30720615387, 6.71252393723, 3.62189459801, 2.06502270699, 1.00644755363, 0.400372415781, 0.022811204195, 0.000685491133481, 6.61803715047e-05, 2.97131100524e-05, 4.38694369223e-05],
        "min": [0.000395609415136, 0.00882770493627, 0.037200011313, 0.0566240660846, 0.0902550294995, 0.180701717734, 0.179164350033, 0.368143618107, 0.450109541416, 0.369988024235, 0.31027752161, 0.0518480725586, 0.470723330975, 0.359374970198, 0.646151483059, 1.6188313961, 0.577271461487, 0.538475036621, 0.441060096025, 0.30798637867, 0.696084022522, 0.256547421217, 0.23386245966, 0.174696519971, 0.276705026627, 0.0871894061565, 0.1923982054, 0.281416893005, 0.128471210599, 0.0699902400374, 0.0920882895589, 0.036665674299, 0.0514178499579, 0.0177237465978, 0.00661873770878, 0.000837786239572, 4.85840973852e-05, 7.87524550105e-06, 8.34805541672e-06, 2.02618298317e-06],
        "stdev": [0.207030504942, 2.01434874535, 2.70032739639, 3.50734472275, 4.83496999741, 8.92844009399, 19.0160732269, 13.5683803558, 15.9971380234, 37.5772399902, 101.952911377, 128.010864258, 151.420761108, 56.963722229, 214.876419067, 99.3293991089, 62.6764564514, 128.418945312, 104.771018982, 82.9725341797, 54.2716064453, 27.2546577454, 22.5187225342, 36.9552154541, 17.8579044342, 13.8596000671, 6.21434354782, 5.37052536011, 4.16327905655, 7.24028682709, 6.79836368561, 3.60375165939, 2.37616491318, 1.06787109375, 0.366816997528, 0.0213644485921, 0.00105612387415, 0.000324376975186, 7.47672165744e-05, 1.76906250999e-05]
    },
    "gfcc": {
        "mean": [39.8248825073, 103.691101074, -146.227935791, 58.0751571655, -68.935798645, 29.1918468475, -40.3125267029, 16.9213562012, -15.4630804062, -8.36352825165, -0.946272075176, -8.50647735596, 4.0205488205],
        "cov": [[336.374206543, -106.100952148, -40.6307678223, -50.0729789734, -30.7654247284, 78.8588256836, -3.7870221138, -5.87970304489, -31.7822704315, -27.6434745789, -14.7129812241, -6.5438785553, -14.4969644547], [-106.100952148, 236.786407471, 41.532245636, 22.9457778931, 7.11769580841, -105.354095459, 41.532875061, 7.08213949203, 39.1841888428, -3.69674563408, 19.7436103821, -17.4075660706, 9.18898296356], [-40.6307678223, 41.532245636, 224.408050537, 91.4329376221, 0.160110101104, -29.4422187805, -10.5312576294, 62.3334312439, 14.3212146759, 27.8624382019, -14.7651090622, 32.8384666443, -6.95115852356], [-50.0729789734, 22.9457778931, 91.4329376221, 105.63961792, 35.9063491821, -22.6626815796, -13.6692581177, 19.1794242859, 21.5926895142, 11.6849079132, 0.769420623779, 11.8244390488, 2.2350628376], [-30.7654247284, 7.11769580841, 0.160110101104, 35.9063491821, 115.174118042, 59.1047172546, 2.60977387428, -4.77633190155, -1.28127002716, 10.6122407913, 20.2757472992, 9.61407375336, 18.8646392822], [78.8588256836, -105.354095459, -29.4422187805, -22.6626815796, 59.1047172546, 157.733016968, 28.2165489197, -21.6651058197, -40.9078445435, -7.0766658783, 15.5035495758, 11.038318634, 4.1036605835], [-3.7870221138, 41.532875061, -10.5312576294, -13.6692581177, 2.60977387428, 28.2165489197, 96.7440261841, 26.2030220032, 0.9973757267, -11.1211004257, 21.4978733063, -1.83849155903, 5.03270864487], [-5.87970304489, 7.08213949203, 62.3334312439, 19.1794242859, -4.77633190155, -21.6651058197, 26.2030220032, 100.1301651, 54.5244140625, 10.4259052277, -19.1952667236, 7.39928483963, 7.95527362823], [-31.7822704315, 39.1841888428, 14.3212146759, 21.5926895142, -1.28127002716, -40.9078445435, 0.9973757267, 54.5244140625, 101.091804504, 17.83867836, -19.7614707947, -16.058429718, 6.7575545311], [-27.6434745789, -3.69674563408, 27.8624382019, 11.6849079132, 10.6122407913, -7.0766658783, -11.1211004257, 10.4259052277, 17.83867836, 70.2344512939, 22.8241786957, 12.1334323883, -4.08095407486], [-14.7129812241, 19.7436103821, -14.7651090622, 0.769420623779, 20.2757472992, 15.5035495758, 21.4978733063, -19.1952667236, -19.7614707947, 22.8241786957, 79.4544219971, 35.9131736755, 10.892411232], [-6.5438785553, -17.4075660706, 32.8384666443, 11.8244390488, 9.61407375336, 11.038318634, -1.83849155903, 7.39928483963, -16.058429718, 12.1334323883, 35.9131736755, 69.9904632568, 25.3150119781], [-14.4969644547, 9.18898296356, -6.95115852356, 2.2350628376, 18.8646392822, 4.1036605835, 5.03270864487, 7.95527362823, 6.7575545311, -4.08095407486, 10.892411232, 25.3150119781, 48.6806526184]],
        "icov": [[0.0042404322885, -0.000279264291748, 0.000733925378881, 8.23428708827e-05, 0.00266793579794, -0.00358597212471, 0.00215123128146, -0.00213329913095, 0.00073665677337, 0.00119721482042, -0.000542087655049, 0.000434668618254, 0.00070451706415], [-0.000279264291748, 0.0203732289374, -0.0124145327136, 0.0114553160965, -0.0144353024662, 0.021507397294, -0.0154839511961, 0.0146979326382, -0.00921057164669, 0.00697827432305, -0.00742749683559, 0.00732642691582, -0.00353209930472], [0.000733925378881, -0.0124145327136, 0.0188637673855, -0.016425203532, 0.0115365730599, -0.013752724044, 0.00957063399255, -0.015215639025, 0.00981607008725, -0.00784483365715, 0.00854302290827, -0.00925866700709, 0.00507833622396], [8.23428708827e-05, 0.0114553160965, -0.016425203532, 0.0281217675656, -0.0169539041817, 0.016025127843, -0.00767402164638, 0.0119321392849, -0.0101617462933, 0.00765357213095, -0.00644755829126, 0.00388692179695, -0.000238234104472], [0.00266793579794, -0.0144353024662, 0.0115365730599, -0.0169539041817, 0.0284466985613, -0.0246406998485, 0.0141681889072, -0.0131066422909, 0.00731723522767, -0.00649480195716, 0.00147323484998, -0.00071422214387, -0.00384273612872], [-0.00358597212471, 0.021507397294, -0.013752724044, 0.016025127843, -0.0246406998485, 0.0364155396819, -0.0216598212719, 0.018601898104, -0.00759017048404, 0.00631313258782, -0.00441481452435, 0.00386985810474, -0.00159054982942], [0.00215123128146, -0.0154839511961, 0.00957063399255, -0.00767402164638, 0.0141681889072, -0.0216598212719, 0.0297983046621, -0.0210289489478, 0.00854400917888, 0.00034461953328, -0.00542786484584, 0.00194965675473, 0.00101714662742], [-0.00213329913095, 0.0146979326382, -0.015215639025, 0.0119321392849, -0.0131066422909, 0.018601898104, -0.0210289489478, 0.0355970188975, -0.0185272302479, 0.00319290300831, 0.00282089575194, -0.0020387659315, -0.00299384188838], [0.00073665677337, -0.00921057164669, 0.00981607008725, -0.0101617462933, 0.00731723522767, -0.00759017048404, 0.00854400917888, -0.0185272302479, 0.0245538074523, -0.00866329669952, 0.00481888465583, 0.00301419082098, -0.00300553324632], [0.00119721482042, 0.00697827432305, -0.00784483365715, 0.00765357213095, -0.00649480195716, 0.00631313258782, 0.00034461953328, 0.00319290300831, -0.00866329669952, 0.0241954680532, -0.0128579363227, 0.0029226297047, 0.00358308688737], [-0.000542087655049, -0.00742749683559, 0.00854302290827, -0.00644755829126, 0.00147323484998, -0.00441481452435, -0.00542786484584, 0.00282089575194, 0.00481888465583, -0.0128579363227, 0.0315761715174, -0.0189743656665, 0.00371291209012], [0.000434668618254, 0.00732642691582, -0.00925866700709, 0.00388692179695, -0.00071422214387, 0.00386985810474, 0.00194965675473, -0.0020387659315, 0.00301419082098, 0.0029226297047, -0.0189743656665, 0.035726569593, -0.0171782933176], [0.00070451706415, -0.00353209930472, 0.00507833622396, -0.000238234104472, -0.00384273612872, -0.00159054982942, 0.00101714662742, -0.00299384188838, -0.00300553324632, 0.00358308688737, 0.00371291209012, -0.0171782933176, 0.0329818502069]]
    },
    "melbands": {
        "max": [0.0155764315277, 0.0140324588865, 0.00443158624694, 0.004060190171, 0.0043249274604, 0.00233379728161, 0.00256130425259, 0.00698315910995, 0.00871549081057, 0.00719988299534, 0.00557442381978, 0.00330699933693, 0.00645283050835, 0.00385333248414, 0.00462313881144, 0.00146362395026, 0.0038191571366, 0.00275532342494, 0.00179184239823, 0.0009189430275, 0.000640577054583, 0.000473990832688, 0.000208011697396, 0.000144713092595, 0.00067536107963, 0.000329869886627, 0.000149669722305, 0.00012244618847, 6.27374975011e-05, 6.23031810392e-05, 3.95492934331e-05, 2.40031931753e-05, 3.17436279147e-05, 5.39665888937e-05, 9.24328924157e-05, 4.5932149078e-05, 2.79809028143e-05, 2.04328280233e-05, 1.18509851745e-05, 1.27749262901e-05],
        "mean": [0.00206897594035, 0.00205158162862, 0.000567165785469, 0.000494454347063, 0.00064311560709, 0.000320127350278, 0.000236596169998, 0.000231015641475, 0.000406763749197, 0.00047621835256, 0.000358455494279, 0.000112349087431, 0.000250251730904, 0.000251983699854, 9.75135480985e-05, 6.67630592943e-05, 0.000114017289889, 9.47633525357e-05, 6.9151414209e-05, 5.55998522032e-05, 5.87792746956e-05, 4.11955006712e-05, 4.11045621149e-05, 2.52863301284e-05, 3.29992981278e-05, 2.46346698987e-05, 1.35776954266e-05, 1.05920744318e-05, 6.89064881954e-06, 4.759451258e-06, 4.21707500209e-06, 3.0421356314e-06, 3.56186342287e-06, 4.26685892307e-06, 4.20064088757e-06, 3.01238446809e-06, 1.83391307473e-06, 1.58875536727e-06, 9.89148816188e-07, 8.01538419637e-07],
        "min": [8.37313200464e-06, 1.63774602697e-05, 1.14336580737e-05, 1.1803183952e-05, 6.02912041359e-06, 8.48467152537e-06, 3.84446866519e-06, 2.10472126128e-06, 1.75586342266e-06, 2.4208418381e-07, 2.50305379268e-06, 1.53334326569e-06, 1.84168106898e-06, 2.98783743347e-06, 1.58951411322e-06, 5.91904381508e-07, 1.111510187e-06, 9.27339840473e-07, 1.41940077469e-07, 9.28046802073e-07, 6.68710072205e-07, 2.45504310215e-07, 2.19903597554e-07, 1.78782116222e-07, 1.33371884203e-07, 1.96308107547e-07, 1.15461737948e-07, 4.87238338565e-08, 7.19066619581e-08, 2.71648900707e-07, 1.01266479646e-07, 6.48221103461e-08, 6.47859934588e-08, 2.96749096407e-08, 6.05127112863e-08, 3.48472930511e-08, 1.46463232653e-08, 3.28667724148e-08, 3.18876836047e-08, 1.0966612507e-08],
        "stdev": [0.00215636217035, 0.00159285357222, 0.000526314950548, 0.000485266442411, 0.000623835017905, 0.000301749852952, 0.000251614197623, 0.000465524528408, 0.000841800007038, 0.00086290872423, 0.000755561224651, 0.000223843730055, 0.000627715431619, 0.000537702522706, 0.000277616316453, 0.000122132827528, 0.000281821121462, 0.000213377163163, 0.000148020582856, 8.59101128299e-05, 6.69300570735e-05, 3.34423784807e-05, 2.6459532819e-05, 1.51800177264e-05, 3.62198516086e-05, 2.0363531803e-05, 1.15496877697e-05, 1.06035331555e-05, 5.16130285177e-06, 3.61899719792e-06, 3.1010845305e-06, 2.30159139392e-06, 3.08049516207e-06, 4.75692604596e-06, 4.69539463666e-06, 3.02676244246e-06, 1.94105950868e-06, 1.96967744159e-06, 1.02858598439e-06, 9.21110142826e-07]
    },
    "melbands128": {
        "max": [0.00179782148916, 0.010067534633, 0.0268279053271, 0.0310782752931, 0.0140715893358, 0.00935765355825, 0.00782669242471, 0.00443409197032, 0.00503773568198, 0.00723947305232, 0.00627700565383, 0.00685465801507, 0.00629555853084, 0.00653724279255, 0.00376894162036, 0.00234813638963, 0.00334370066412, 0.00306669995189, 0.0039989631623, 0.00826045684516, 0.0108718723059, 0.0160165522248, 0.0119365043938, 0.0171962697059, 0.0139141054824, 0.0137444529682, 0.0145200220868, 0.00965819228441, 0.00897221453488, 0.00487659173086, 0.00514610717073, 0.0133718959987, 0.0126991737634, 0.0129896393046, 0.0103504657745, 0.00512920040637, 0.00304827839136, 0.0102256378159, 0.00389983691275, 0.00288865994662, 0.00282013742253, 0.00397634552792, 0.00789890345186, 0.00916910730302, 0.00541716627777, 0.00510909734294, 0.002063710941, 0.00210828403942, 0.00372207490727, 0.00228253868409, 0.00165927689523, 0.00140103499871, 0.00124514801428, 0.00137900712434, 0.000916023971513, 0.00105933484156, 0.000346576387528, 0.000467593898065, 0.000455286906799, 0.000365352403605, 0.00028757986729, 0.000156433263328, 0.000432256725617, 0.00165555754211, 0.00102112966124, 0.000285021757009, 0.000115669594379, 0.000209274076042, 0.000237728017964, 0.00012150859402, 0.000222963295528, 0.000207426710404, 0.000103976861283, 0.000104432132503, 4.02091900469e-05, 3.8395410229e-05, 0.000181262555998, 5.3568961448e-05, 6.99865631759e-05, 4.06465915148e-05, 2.89857944153e-05, 4.44050092483e-05, 4.04402599088e-05, 4.19221760239e-05, 4.3983975047e-05, 8.98406215128e-05, 7.8721313912e-05, 0.000119764044939, 0.000137618684676, 3.31470109813e-05, 5.06968099216e-05, 4.97202890983e-05, 5.26054536749e-05, 3.76700154447e-05, 2.5408458896e-05, 2.5721903512e-05, 3.86351712223e-05, 1.97150129679e-05, 9.05067099666e-06, 1.49646702994e-05, 2.79613595922e-05, 2.16464632103e-05, 1.39267012855e-05, 9.08854326553e-06, 4.50905827165e-06, 3.99122473027e-06, 1.49897323354e-06, 1.06792391819e-07, 1.14297783682e-07, 1.13835675108e-07, 1.11800616764e-07, 1.0896556546e-07, 1.05821492014e-07, 1.02666362523e-07, 9.95080640109e-08, 9.65223279081e-08, 9.38088717817e-08, 9.12913691309e-08, 8.88658533427e-08, 8.67305232077e-08, 8.47462331421e-08, 8.30692172826e-08, 8.14284959461e-08, 8.00862380856e-08, 7.89601770634e-08, 7.81017988061e-08, 7.73635946416e-08, 7.69871633111e-08],
        "mean": [0.000161357136676, 0.00103823898826, 0.00316004315391, 0.00352153601125, 0.00206492701545, 0.000969896034803, 0.000715384492651, 0.000406309118262, 0.000377859018045, 0.000536169798579, 0.000467121513793, 0.000780271948315, 0.000747610291, 0.000409180938732, 0.000265454582404, 0.000317042897223, 0.000263518886641, 0.000192032472114, 0.000258141779341, 0.000180724644451, 0.000205278542126, 0.000402303528972, 0.000399009906687, 0.000482524366817, 0.000409911386669, 0.000477873487398, 0.000636433134787, 0.000322563835653, 0.0001861674682, 6.84271508362e-05, 9.20929596759e-05, 0.000177629568498, 0.000188720296137, 0.000362053920981, 0.000418840150815, 0.000158557129907, 8.3358871052e-05, 0.000131157474243, 7.91212441982e-05, 4.2818912334e-05, 5.53954159841e-05, 0.000116552662803, 9.47830558289e-05, 0.000125093065435, 0.000148895240272, 7.1039336035e-05, 5.66558046557e-05, 8.01398855401e-05, 6.89169683028e-05, 5.7567965996e-05, 4.72920692118e-05, 5.55450715183e-05, 8.51394288475e-05, 4.90284837724e-05, 2.81922493741e-05, 4.88721962029e-05, 4.05574392062e-05, 3.98067459173e-05, 4.3964068027e-05, 4.06613107771e-05, 1.85252683877e-05, 1.8781691324e-05, 2.57563679043e-05, 3.79978591809e-05, 4.57995811303e-05, 2.27095551963e-05, 1.308917399e-05, 1.57893828145e-05, 1.33145194923e-05, 1.09242719191e-05, 1.2305713426e-05, 9.17096531339e-06, 8.25274491945e-06, 6.6908332883e-06, 5.18998604093e-06, 4.30248746852e-06, 5.06866854266e-06, 4.44105171482e-06, 4.17554974774e-06, 3.93920936403e-06, 3.21549896398e-06, 2.47414504884e-06, 2.9153000014e-06, 3.79112975679e-06, 3.96350696974e-06, 4.18873878516e-06, 4.25520920544e-06, 4.5919364311e-06, 4.77577168567e-06, 3.38357040164e-06, 3.07506161334e-06, 3.18692696055e-06, 2.45718388214e-06, 1.55937084401e-06, 1.62379660651e-06, 1.74609306214e-06, 1.66154632097e-06, 1.29612669753e-06, 8.95733705875e-07, 8.95092398423e-07, 8.98448320186e-07, 7.98417488568e-07, 6.60189868995e-07, 6.01476983775e-07, 5.07369406932e-07, 3.96211817133e-07, 8.13551750412e-08, 1.90833038261e-09, 9.22755344357e-11, 9.04260555323e-11, 8.85424095154e-11, 8.61984789102e-11, 8.36235178325e-11, 8.11444522686e-11, 7.85454479235e-11, 7.61794100024e-11, 7.39754785206e-11, 7.20168022439e-11, 7.01299851524e-11, 6.84151554853e-11, 6.68296043504e-11, 6.55069262723e-11, 6.42628103509e-11, 6.31588392697e-11, 6.19758411258e-11, 6.0779950517e-11, 5.99346405838e-11, 5.95995544583e-11],
        "min": [6.01569905001e-09, 3.16070043027e-07, 2.01200919037e-06, 7.43368855183e-06, 1.48250055645e-05, 4.54630117019e-06, 3.88361877413e-06, 1.0940584616e-06, 2.83099143417e-06, 4.69827182314e-06, 3.69039685211e-06, 6.16328009073e-07, 8.23478444545e-07, 4.94912956128e-06, 8.98080884326e-07, 1.88070509921e-06, 2.05684546017e-06, 1.10333940029e-06, 4.95577012316e-07, 6.97425761587e-08, 5.80734706546e-07, 4.29797751167e-07, 5.77679486469e-07, 1.05500220116e-07, 1.96209285264e-07, 7.53205711135e-08, 1.7449046652e-07, 1.52395068653e-06, 1.36497249059e-06, 6.00367684456e-07, 4.71390052326e-07, 7.69673704326e-07, 7.15682688224e-07, 6.24041035735e-07, 9.88264218904e-07, 1.02860531115e-06, 6.32399917322e-07, 8.18409603198e-07, 4.10020874142e-07, 2.5120061764e-07, 7.31578779778e-07, 5.73628369693e-07, 5.32142848897e-07, 7.3576916293e-07, 8.04295950729e-07, 5.37472885753e-07, 1.66857091699e-07, 1.00625449306e-07, 1.05224216895e-07, 2.66577927732e-07, 8.86365626229e-07, 1.68666304035e-06, 8.66880554895e-07, 1.42605870224e-07, 2.09334430679e-07, 2.73034032716e-07, 3.0704177334e-07, 1.03655622752e-07, 3.02044128375e-07, 2.14102598761e-07, 1.95228054167e-07, 1.067013784e-07, 1.423725422e-07, 1.24340772345e-07, 1.5160586031e-07, 7.52537658855e-08, 3.96964793481e-07, 2.09251055594e-07, 6.48004760961e-09, 2.73623346203e-08, 6.71020927712e-08, 3.98240125321e-08, 6.69394992769e-08, 8.67507736757e-08, 4.87551865547e-08, 2.29733458923e-07, 3.77483331704e-07, 1.46840477555e-07, 3.4556485673e-08, 4.06116882345e-08, 3.49354287721e-08, 8.83653825667e-08, 1.04655065059e-07, 6.75477522805e-08, 2.46828673056e-08, 2.82979968347e-08, 3.06213401302e-08, 3.32587539731e-08, 8.33098638964e-08, 5.89067639112e-08, 3.98837514126e-08, 2.58692836042e-08, 3.32278027315e-08, 9.60274082473e-09, 6.85941925482e-09, 1.51421772898e-08, 3.43642803102e-08, 3.53250015905e-08, 3.98005965963e-08, 9.97587967788e-09, 1.14036691201e-08, 8.85721984645e-09, 1.4577002716e-08, 1.17190390725e-08, 7.49759365704e-09, 4.44519931975e-09, 4.47238995838e-10, 1.86938268684e-12, 7.66207626859e-13, 5.63357574566e-13, 6.76310027946e-13, 6.26533601476e-13, 5.94638487755e-13, 6.23928209445e-13, 5.95785519444e-13, 5.54260142557e-13, 5.45400747134e-13, 5.88914117125e-13, 6.66399552728e-13, 6.47029142504e-13, 6.01445813726e-13, 6.03780209423e-13, 6.16959228931e-13, 5.72653036102e-13, 3.85912439158e-13, 1.55899856284e-13, 2.28620629914e-14, 8.83534508627e-16],
        "stdev": [0.000283345289063, 0.00136957364157, 0.00372189283371, 0.00346827902831, 0.00177873170469, 0.00102030439302, 0.000854264420923, 0.000484218646307, 0.000532548699994, 0.000760399794672, 0.000547561561689, 0.000947258144151, 0.000844780937769, 0.000647653825581, 0.000364718551282, 0.000398795324145, 0.000353757815901, 0.000270710326731, 0.000448928185506, 0.000595512392465, 0.000591698859353, 0.00131793611217, 0.00109403172974, 0.00133980484679, 0.00117955193855, 0.00124837365001, 0.00177467241883, 0.00092231616145, 0.000500660506077, 0.000198444744456, 0.000245749833994, 0.000632596842479, 0.000774433836341, 0.00130957656074, 0.00115972617641, 0.000435783411376, 0.000240578156081, 0.000551748555154, 0.000260836211964, 0.000172699757968, 0.000156607595272, 0.000261989334831, 0.000320389517583, 0.000568228424527, 0.000404224207159, 0.000285159185296, 0.000191719067516, 0.00020638058777, 0.000244217459112, 0.000167656224221, 0.000109324151708, 0.000116251590953, 0.000121579359984, 9.13379553822e-05, 4.54946202808e-05, 6.15062090219e-05, 3.42384264513e-05, 4.52018757642e-05, 4.22437115049e-05, 3.73847324227e-05, 1.95709180844e-05, 1.82425210369e-05, 3.21663901559e-05, 7.52261985326e-05, 5.83374676353e-05, 2.60131710093e-05, 1.16595429063e-05, 1.58820494107e-05, 1.93384039449e-05, 1.16663868539e-05, 1.79285198101e-05, 1.49540337588e-05, 9.76084993454e-06, 6.33373247183e-06, 4.04884440286e-06, 3.35182926392e-06, 8.08115692053e-06, 3.9176725295e-06, 3.9474462028e-06, 3.30874718202e-06, 2.70232249022e-06, 2.81986535811e-06, 2.74686385637e-06, 3.7376612454e-06, 4.42895679953e-06, 5.98009319219e-06, 5.69947133044e-06, 6.70817780701e-06, 6.43001931167e-06, 3.33006323672e-06, 3.71799887944e-06, 3.62538958143e-06, 2.80920971818e-06, 1.91421599993e-06, 2.23399820243e-06, 2.33213063439e-06, 2.52286645264e-06, 1.75887339537e-06, 9.72032808022e-07, 9.80084791991e-07, 1.36213839141e-06, 1.08351730432e-06, 7.44658109397e-07, 6.9835823524e-07, 5.019912237e-07, 3.90584744991e-07, 1.09583638164e-07, 5.75666847524e-09, 3.05249203691e-09, 3.04012170993e-09, 2.98576918745e-09, 2.91003243724e-09, 2.82607115487e-09, 2.74180034232e-09, 2.65745803141e-09, 2.57771737289e-09, 2.50524090362e-09, 2.43802489308e-09, 2.37323449781e-09, 2.31619079472e-09, 2.26322072194e-09, 2.21843210468e-09, 2.17460249807e-09, 2.13876694133e-09, 2.10870365613e-09, 2.08579331584e-09, 2.0660686495e-09, 2.0560200209e-09]
    },
    "mfcc": {
        "mean": [-581.139587402, 105.33316803, -5.82962465286, 23.5019855499, 7.55771207809, 3.64932179451, 1.34704446793, 13.1418266296, -1.47103178501, 5.48036956787, -0.410940021276, 0.362293809652, -0.00302750547417],
        "cov": [[359.14666748, -106.564376831, -42.4864883423, -113.764015198, -24.9020061493, 21.6558475494, 9.13471984863, 18.0100440979, -23.4837665558, 15.5516862869, -30.6547298431, -47.1781806946, -4.09541654587], [-106.564376831, 214.202346802, 7.32530355453, 79.4744644165, -33.7920074463, -44.247303009, -9.57136917114, -8.60818958282, 8.74664211273, 1.06178963184, 24.0430965424, 25.9210243225, 1.6554248333], [-42.4864883423, 7.32530355453, 172.93888855, 71.1614532471, 3.07288074493, -29.4122600555, -14.2174606323, 17.8686599731, 22.2490100861, -19.8592967987, 22.8575992584, 30.2900695801, 8.98241043091], [-113.764015198, 79.4744644165, 71.1614532471, 157.531814575, 18.7690620422, -49.6120185852, -33.6896438599, -3.8855612278, 24.2595558167, -8.18207073212, 22.7017536163, 42.8372993469, 14.9966001511], [-24.9020061493, -33.7920074463, 3.07288074493, 18.7690620422, 120.916427612, 35.7156181335, 1.29710304737, 1.0686404705, 19.3232383728, 1.27703356743, -12.5841226578, -7.47592544556, 25.2199268341], [21.6558475494, -44.247303009, -29.4122600555, -49.6120185852, 35.7156181335, 104.594932556, 56.0865859985, -2.4865603447, -26.3785972595, -0.484499812126, -10.4084215164, -23.8794231415, -3.04832029343], [9.13471984863, -9.57136917114, -14.2174606323, -33.6896438599, 1.29710304737, 56.0865859985, 113.602241516, 21.9478931427, -30.8805141449, -9.90135765076, -6.6313328743, -11.3626842499, 9.69139480591], [18.0100440979, -8.60818958282, 17.8686599731, -3.8855612278, 1.0686404705, -2.4865603447, 21.9478931427, 74.5603942871, 31.3392810822, 8.75189208984, -9.30596637726, -4.63147115707, 7.86695718765], [-23.4837665558, 8.74664211273, 22.2490100861, 24.2595558167, 19.3232383728, -26.3785972595, -30.8805141449, 31.3392810822, 84.4008483887, 31.7580413818, 11.0711784363, 5.83304357529, 0.853089869022], [15.5516862869, 1.06178963184, -19.8592967987, -8.18207073212, 1.27703356743, -0.484499812126, -9.90135765076, 8.75189208984, 31.7580413818, 73.4785461426, 17.4041786194, -6.24743938446, -19.9778423309], [-30.6547298431, 24.0430965424, 22.8575992584, 22.7017536163, -12.5841226578, -10.4084215164, -6.6313328743, -9.30596637726, 11.0711784363, 17.4041786194, 68.7033843994, 31.1455917358, -10.1735744476], [-47.1781806946, 25.9210243225, 30.2900695801, 42.8372993469, -7.47592544556, -23.8794231415, -11.3626842499, -4.63147115707, 5.83304357529, -6.24743938446, 31.1455917358, 66.3852005005, 24.5327529907], [-4.09541654587, 1.6554248333, 8.98241043091, 14.9966001511, 25.2199268341, -3.04832029343, 9.69139480591, 7.86695718765, 0.853089869022, -19.9778423309, -10.1735744476, 24.5327529907, 83.1416015625]],
        "icov": [[0.00427947565913, 0.00136047624983, -0.000191376020666, 0.00199237652123, 0.000929426285438, 0.000540483102668, 0.000960312550887, -0.00130678736605, 0.00174304028042, -0.00144920137245, 5.96978716203e-05, 0.00185072026215, -0.00131028774194], [0.00136047624983, 0.00726837292314, 0.00150625943206, -0.00353728118353, 0.00263387686573, 0.00129629310686, -0.00112862314563, 0.000507749267854, -0.000351545691956, -0.000333234871505, -0.0011445825221, 0.00117366074119, -0.000833149533719], [-0.000191376020666, 0.00150625943206, 0.00856608059257, -0.00387977948412, 0.000474664906505, 0.000286002614303, -7.00248074281e-06, -0.00224727531895, -0.0014797556214, 0.00352112273686, -0.00264486763626, -0.000627139175776, 0.000537571671885], [0.00199237652123, -0.00353728118353, -0.00387977948412, 0.0141247110441, -0.0042445869185, 0.00390787981451, 0.00111415539868, 0.00012704229448, 0.000732045329642, -0.000243682865403, 0.000473197986139, -0.00390374730341, 0.000472650892334], [0.000929426285438, 0.00263387686573, 0.000474664906505, -0.0042445869185, 0.0139449331909, -0.00686752982438, 0.00135985552333, 0.00178014894482, -0.00467173010111, -0.000231067431741, 0.00124306883663, 0.00323158153333, -0.00491011608392], [0.000540483102668, 0.00129629310686, 0.000286002614303, 0.00390787981451, -0.00686752982438, 0.0198148358613, -0.00797170680016, 0.0016969977878, 0.0035131694749, -0.00123273464851, -0.00118557608221, 0.00178580184001, 0.00183908396866], [0.000960312550887, -0.00112862314563, -7.00248074281e-06, 0.00111415539868, 0.00135985552333, -0.00797170680016, 0.0164280701429, -0.00802615564317, 0.00640734424815, 0.000140776202898, -0.00208620703779, 0.00136458850466, -0.00268054264598], [-0.00130678736605, 0.000507749267854, -0.00224727531895, 0.00012704229448, 0.00178014894482, 0.0016969977878, -0.00802615564317, 0.0222112033516, -0.0113119361922, -0.00053327367641, 0.00461955787614, -7.97944157966e-05, -0.00092170923017], [0.00174304028042, -0.000351545691956, -0.0014797556214, 0.000732045329642, -0.00467173010111, 0.0035131694749, 0.00640734424815, -0.0113119361922, 0.0247758757323, -0.00863189902157, -0.00260155787691, 0.00123218388762, -0.00102019205224], [-0.00144920137245, -0.000333234871505, 0.00352112273686, -0.000243682865403, -0.000231067431741, -0.00123273464851, 0.000140776202898, -0.00053327367641, -0.00863189902157, 0.021185060963, -0.00593821052462, 0.00133286463097, 0.00371688068844], [5.96978716203e-05, -0.0011445825221, -0.00264486763626, 0.000473197986139, 0.00124306883663, -0.00118557608221, -0.00208620703779, 0.00461955787614, -0.00260155787691, -0.00593821052462, 0.0245437398553, -0.0125984884799, 0.00493221590295], [0.00185072026215, 0.00117366074119, -0.000627139175776, -0.00390374730341, 0.00323158153333, 0.00178580184001, 0.00136458850466, -7.97944157966e-05, 0.00123218388762, 0.00133286463097, -0.0125984884799, 0.0296622458845, -0.0102130882442], [-0.00131028774194, -0.000833149533719, 0.000537571671885, 0.000472650892334, -0.00491011608392, 0.00183908396866, -0.00268054264598, -0.00092170923017, -0.00102019205224, 0.00371688068844, 0.00493221590295, -0.0102130882442, 0.0183136146516]]
    },
    "spectral_contrast_coeffs": {
        "max": [-0.531095325947, -0.511411368847, -0.513280928135, -0.60464823246, -0.659128785133, -0.68002140522],
        "mean": [-0.736484587193, -0.746061146259, -0.738538086414, -0.766431033611, -0.780316472054, -0.766016364098],
        "min": [-0.878125786781, -0.917957603931, -0.877673983574, -0.870790660381, -0.870970845222, -0.835602879524],
        "stdev": [0.0517575778067, 0.0665760263801, 0.0733225569129, 0.0475591868162, 0.0256110634655, 0.0210846439004]
    },
    "spectral_contrast_valleys": {
        "max": [-5.2222943306, -5.16090774536, -5.36706781387, -6.18200492859, -6.06775665283, -8.07348632812],
        "mean": [-6.21710729599, -6.42988538742, -6.85571479797, -7.04241323471, -6.78969240189, -9.43613147736],
        "min": [-8.20730304718, -8.16845321655, -8.08889102936, -8.78867435455, -8.95122337341, -11.1098213196],
        "stdev": [0.383546471596, 0.401918292046, 0.358735412359, 0.284313499928, 0.203366756439, 0.3565107584]
    }
},
"rhythm": {
    "beats_count": 55,
    "beats_loudness": {
        "max": 0.0788327157497,
        "mean": 0.0384181439877,
        "min": 0.011454237625,
        "stdev": 0.0145694529638
    },
    "bpm": 103.620071411,
    "bpm_histogram_first_peak_bpm": 103,
    "bpm_histogram_first_peak_weight": 0.423076927662,
    "bpm_histogram_second_peak_bpm": 98,
    "bpm_histogram_second_peak_spread": 0,
    "bpm_histogram_second_peak_weight": 0.037037037313,
    "danceability": 1.2645008564,
    "onset_rate": 3.10693335533,
    "beats_loudness_band_ratio": {
        "max": [0.879483819008, 0.403733760118, 0.746039569378, 0.696416497231, 0.423633188009, 0.136962622404],
        "mean": [0.332579433918, 0.148625552654, 0.192824080586, 0.161697506905, 0.128715500236, 0.0652290955186],
        "min": [0.00987451523542, 0.0267749838531, 0.014257104136, 0.0119589557871, 0.0120809469372, 0.0163772515953],
        "stdev": [0.197861984372, 0.0977023690939, 0.148823469877, 0.161585003138, 0.0940918773413, 0.0298124849796]
    },
    "beats_position": [0.557278871536, 1.13777780533, 1.71827661991, 2.29877543449, 2.87927436829, 3.44816327095, 4.02866220474, 4.59755086899, 5.17804956436, 5.74693870544, 6.31582736969, 6.8963265419, 7.47682523727, 8.05732440948, 8.63782310486, 9.21832180023, 9.79882049561, 10.3909292221, 10.9830379486, 11.5867567062, 12.1904764175, 12.8058052063, 13.4211339951, 14.0132427216, 14.6053514481, 15.1858501434, 15.7779588699, 16.3584575653, 16.9273471832, 17.4962348938, 18.0651245117, 18.6340141296, 19.2029018402, 19.7834014893, 20.363899231, 20.94439888, 21.5248966217, 22.1053962708, 22.6858959198, 23.2547836304, 23.8236732483, 24.40417099, 24.984670639, 25.5651702881, 26.1456680298, 26.7261676788, 27.2950553894, 27.8639450073, 28.4444446564, 29.0249423981, 29.593832016, 30.1627197266, 30.7432193756, 31.3237190247, 31.9042167664],
