{
"metadata": {
    "version": {
        "essentia": "2.1-beta5",
        "essentia_git_sha": "Undefined",
        "extractor": "music 2.0"
    },
    "audio_properties": {
        "analysis": {
            "equal_loudness": 0,
            "length": 39.4042625427,
            "sample_rate": 44100,
            "start_time": 158.987030029,
            "downmix": "mix"
        },
        "bit_rate": 192000,
        "length": 198.414520264,
        "lossless": 0,
        "number_channels": 2,
        "replay_gain": -9.98055458069,
        "sample_rate": 48000,
        "codec": "mp3",
        "md5_encoded": "671762e9369b1376eae9bd9c52db2d08"
    },
    "tags": {
        "file_name": "Finland_Why_Geir Rönning.mp3",
        "encoding": ["Lavf58.29.100"]
    }
},
"lowlevel": {
    "average_loudness": 0.939649581909,
    "barkbands_crest": {
        "max": 23.571395874,
        "mean": 9.14451122284,
        "min": 2.52649927139,
        "stdev": 3.98131394386
    },
    "barkbands_flatness_db": {
        "max": 0.252729803324,
        "mean": 0.124920986593,
        "min": 0.0313231907785,
        "stdev": 0.0389308594167
    },
    "barkbands_kurtosis": {
        "max": 21.9388122559,
        "mean": 2.08714318275,
        "min": -1.8362044096,
        "stdev": 3.22142338753
    },
    "barkbands_skewness": {
        "max": 3.89345121384,
        "mean": 1.11852061749,
        "min": -0.8136292696,
        "stdev": 0.814921438694
    },
    "barkbands_spread": {
        "max": 89.3944549561,
        "mean": 21.9920578003,
        "min": 3.01095867157,
        "stdev": 12.4879274368
    },
    "dissonance": {
        "max": 0.499999552965,
        "mean": 0.46648979187,
        "min": 0.27579292655,
        "stdev": 0.0254053846002
    },
    "dynamic_complexity": 2.68806481361,
    "erbbands_crest": {
        "max": 29.0844669342,
        "mean": 10.1004390717,
        "min": 2.36830806732,
        "stdev": 5.35362434387
    },
    "erbbands_flatness_db": {
        "max": 0.322398006916,
        "mean": 0.173299476504,
        "min": 0.0543068759143,
        "stdev": 0.0542404204607
    },
    "erbbands_kurtosis": {
        "max": 16.5836544037,
        "mean": 0.775184988976,
        "min": -1.77042460442,
        "stdev": 2.15613222122
    },
    "erbbands_skewness": {
        "max": 3.47762656212,
        "mean": 0.65437823534,
        "min": -2.19680118561,
        "stdev": 0.798013269901
    },
    "erbbands_spread": {
        "max": 131.691238403,
        "mean": 32.5951499939,
        "min": 5.83822774887,
        "stdev": 17.7823638916
    },
    "hfc": {
        "max": 113.804771423,
        "mean": 24.5709686279,
        "min": 0.000230655743508,
        "stdev": 16.9672355652
    },
    "loudness_ebu128": {
        "integrated": -13.5021286011,
        "loudness_range": 4.55850124359,
        "momentary": {
            "max": -10.5867500305,
            "mean": -14.2482633591,
            "min": -35.3339385986,
            "stdev": 2.97568511963
        },
        "short_term": {
            "max": -11.5164699554,
            "mean": -13.817117691,
            "min": -18.5041790009,
            "stdev": 1.79725468159
        }
    },
    "melbands_crest": {
        "max": 32.2342376709,
        "mean": 11.665802002,
        "min": 3.6533806324,
        "stdev": 4.33761310577
    },
    "melbands_flatness_db": {
        "max": 0.31663787365,
        "mean": 0.164319813251,
        "min": 0.0377513244748,
        "stdev": 0.0388187915087
    },
    "melbands_kurtosis": {
        "max": 78.002204895,
        "mean": 6.80914068222,
        "min": -1.45316410065,
        "stdev": 7.74331140518
    },
    "melbands_skewness": {
        "max": 7.63398981094,
        "mean": 1.79910087585,
        "min": -0.421891242266,
        "stdev": 1.11650407314
    },
    "melbands_spread": {
        "max": 114.490097046,
        "mean": 26.2073764801,
        "min": 4.2498664856,
        "stdev": 14.2302684784
    },
    "pitch_salience": {
        "max": 0.849220454693,
        "mean": 0.577917456627,
        "min": 0.215310662985,
        "stdev": 0.108227796853
    },
    "silence_rate_20dB": {
        "max": 1,
        "mean": 1,
        "min": 1,
        "stdev": 0
    },
    "silence_rate_30dB": {
        "max": 1,
        "mean": 1,
        "min": 1,
        "stdev": 0
    },
    "silence_rate_60dB": {
        "max": 1,
        "mean": 0.0335689038038,
        "min": 0,
        "stdev": 0.180116653442
    },
    "spectral_centroid": {
        "max": 3327.16870117,
        "mean": 1558.71618652,
        "min": 436.684509277,
        "stdev": 537.569335938
    },
    "spectral_complexity": {
        "max": 51,
        "mean": 21.0176677704,
        "min": 0,
        "stdev": 8.86475467682
    },
    "spectral_decrease": {
        "max": -4.49028394491e-14,
        "mean": -5.78485392921e-09,
        "min": -2.34976997859e-08,
        "stdev": 3.59295859731e-09
    },
    "spectral_energy": {
        "max": 0.0954737216234,
        "mean": 0.0240620207042,
        "min": 1.90394828792e-07,
        "stdev": 0.0147955836728
    },
    "spectral_energyband_high": {
        "max": 0.011789701879,
        "mean": 0.000863480148837,
        "min": 5.11116393653e-09,
        "stdev": 0.00107940658927
    },
    "spectral_energyband_low": {
        "max": 0.0477953329682,
        "mean": 0.00433307886124,
        "min": 8.53935144818e-10,
        "stdev": 0.0057524042204
    },
    "spectral_energyband_middle_high": {
        "max": 0.0508448518813,
        "mean": 0.00886853132397,
        "min": 1.01890698545e-07,
        "stdev": 0.0085688335821
    },
    "spectral_energyband_middle_low": {
        "max": 0.067200742662,
        "mean": 0.0106747401878,
        "min": 9.18949396578e-08,
        "stdev": 0.00951567385346
    },
    "spectral_entropy": {
        "max": 8.56314849854,
        "mean": 7.65014266968,
        "min": 6.70803356171,
        "stdev": 0.287376493216
    },
    "spectral_flux": {
        "max": 0.282571107149,
        "mean": 0.0847521796823,
        "min": 0.00151774112601,
        "stdev": 0.0402395315468
    },
    "spectral_kurtosis": {
        "max": 15.7189407349,
        "mean": 4.03353309631,
        "min": -0.933207511902,
        "stdev": 1.73600757122
    },
    "spectral_rms": {
        "max": 0.00965117011219,
        "mean": 0.00458862399682,
        "min": 1.3629051864e-05,
        "stdev": 0.00155554281082
    },
    "spectral_rolloff": {
        "max": 9323.87695312,
        "mean": 1763.8972168,
        "min": 215.33203125,
        "stdev": 1272.35961914
    },
    "spectral_skewness": {
        "max": 3.11727523804,
        "mean": 1.48190283775,
        "min": 0.350945413113,
        "stdev": 0.317228734493
    },
    "spectral_spread": {
        "max": 12167499,
        "mean": 4559468,
        "min": 2543370.25,
        "stdev": 1523009.875
    },
    "spectral_strongpeak": {
        "max": 7.60655498505,
        "mean": 1.54450905323,
        "min": 0.00171005097218,
        "stdev": 1.54555690289
    },
    "zerocrossingrate": {
        "max": 0.23779296875,
        "mean": 0.0694984123111,
        "min": 0.017578125,
        "stdev": 0.0276954080909
    },
    "barkbands": {
        "max": [0.000436205504229, 0.0367915555835, 0.0315974280238, 0.027290713042, 0.0213978551328, 0.0303454324603, 0.0351667292416, 0.0568728111684, 0.0486606955528, 0.0323255807161, 0.0409756340086, 0.0423339195549, 0.0221807733178, 0.00860628020018, 0.0109154479578, 0.00456914585084, 0.00792767200619, 0.00468705035746, 0.00773437228054, 0.00580674037337, 0.00259316153824, 0.00135344010778, 0.00263603380881, 0.0057779843919, 0.00255724368617, 0.0016878801398, 6.72469541314e-05],
        "mean": [4.55960143881e-05, 0.0023275364656, 0.00148662272841, 0.00109013193287, 0.00221432186663, 0.00166825309861, 0.000867814349476, 0.0011269809911, 0.00334835308604, 0.00195302616339, 0.00228058779612, 0.000639801728539, 0.00104531715624, 0.00062509503914, 0.000473395019071, 0.000310666015139, 0.000396262388676, 0.000382995756809, 0.000667355314363, 0.000443442579126, 0.000210791287827, 9.12627219805e-05, 0.0001131625977, 0.000115957300295, 8.45380927785e-05, 5.14177700097e-05, 1.3558307046e-06],
        "min": [1.00410200987e-11, 3.54591286889e-11, 5.73925282299e-11, 9.27329393829e-12, 1.7926028717e-10, 4.90359086669e-10, 7.67003882629e-09, 9.18186504606e-09, 5.39940252509e-08, 3.0886219804e-08, 1.48076226836e-08, 2.27333192271e-08, 4.39609504355e-09, 9.63447543967e-09, 1.37124400723e-08, 5.0884425562e-09, 3.2119282789e-09, 4.74232209058e-09, 1.67487546054e-09, 1.83314263769e-09, 2.16008921861e-09, 1.09985598407e-09, 7.67837793347e-10, 3.29190091852e-10, 1.73621839128e-10, 5.13145706482e-11, 1.07186421197e-11],
        "stdev": [5.29220997123e-05, 0.00345004326664, 0.00247617345303, 0.00213967869058, 0.00265205698088, 0.00272319233045, 0.00192242919002, 0.00323029025458, 0.00637085782364, 0.00392048014328, 0.0051190010272, 0.0013846240472, 0.00162608188111, 0.000953991606366, 0.000795463914983, 0.000536309671588, 0.000592153286561, 0.000489116064273, 0.000854021986015, 0.000719392846804, 0.000303873908706, 0.000119043361337, 0.000175535489689, 0.000330032402417, 0.000179134833161, 0.000148424383951, 4.32133128925e-06]
    },
    "erbbands": {
        "max": [0.699005126953, 9.51422023773, 30.529296875, 65.2672348022, 90.5652160645, 90.2614593506, 306.834838867, 238.668289185, 489.634613037, 589.999694824, 1071.48925781, 1527.32629395, 1151.60925293, 1630.87854004, 940.566223145, 1935.43713379, 888.49005127, 621.108093262, 288.672607422, 457.952575684, 484.067474365, 400.184936523, 286.113494873, 302.669525146, 379.488555908, 243.344360352, 183.325317383, 103.322280884, 55.0148620605, 48.886341095, 96.5754699707, 101.623329163, 94.1341629028, 44.6133384705, 9.52220821381, 10.7195940018, 2.42506408691, 0.378112196922, 0.01117293071, 0.00055080326274],
        "mean": [0.0530964881182, 0.572524011135, 1.77474939823, 2.5945763588, 4.42952251434, 7.63015604019, 14.0883970261, 13.0548553467, 12.4088888168, 16.0008220673, 31.7355136871, 78.0339660645, 58.6916923523, 102.815551758, 54.9165534973, 25.2720489502, 43.3920669556, 38.4147567749, 27.053937912, 20.5917110443, 18.9694404602, 23.9328136444, 22.7284240723, 28.2688922882, 32.527961731, 18.7461147308, 13.1328229904, 5.57570075989, 3.2573530674, 3.04664754868, 3.26832056046, 2.74857449532, 1.79270660877, 1.07591867447, 0.535523116589, 0.301700204611, 0.0727730020881, 0.0103101897985, 0.000275585713098, 3.97731237172e-05],
        "min": [5.74918956886e-09, 1.58782604842e-08, 8.15259042497e-08, 3.50506859093e-08, 6.55878977796e-08, 8.34606225908e-07, 9.66221591625e-07, 7.55065275371e-06, 7.2694652772e-05, 0.000139381270856, 0.000511454301886, 0.00133520690724, 0.00116589828394, 0.000739620008972, 0.00053652387578, 0.000809589051642, 0.000254697602941, 0.000393037160393, 0.000371435337001, 0.00079719821224, 0.000331635295879, 0.000193493644474, 0.000224192073802, 0.000157707501785, 7.48992097215e-05, 0.000103965052404, 0.000111227462185, 4.45923105872e-05, 3.43474494002e-05, 3.16243094858e-05, 2.40662229771e-05, 8.58415296534e-06, 5.18360411661e-06, 2.70690384241e-06, 8.87573605723e-07, 3.52747349552e-07, 7.34418961201e-08, 7.51316697745e-09, 1.39687861278e-09, 4.22179874393e-10],
        "stdev": [0.0734368264675, 0.892791450024, 2.74025821686, 4.77290964127, 7.16029644012, 9.39041614532, 21.9020805359, 19.1678028107, 24.7406768799, 32.8369941711, 71.1398620605, 150.316619873, 108.689437866, 210.230484009, 89.3875274658, 56.3618011475, 64.4850234985, 55.5628395081, 34.3653793335, 36.6188316345, 34.8075904846, 35.1850662231, 28.7483615875, 35.8011856079, 39.9161186218, 27.8348655701, 22.9597511292, 7.30494022369, 4.17735862732, 4.13163137436, 5.31694126129, 6.99991083145, 5.24065303802, 2.62071013451, 1.0573977232, 0.918428122997, 0.195702210069, 0.0302031449974, 0.000816208543256, 3.8625948946e-05]
    },
    "gfcc": {
        "mean": [9.55996704102, 77.3274459839, -139.786758423, 21.2317295074, -69.3609542847, 14.5107917786, -36.1992301941, 14.4371538162, -32.0739250183, -0.867578446865, -15.3705425262, -2.07680368423, -10.1142616272],
        "cov": [[4192.69433594, 610.716308594, 1469.66101074, 969.210571289, 703.439331055, 190.215133667, 29.7438373566, 200.090087891, -103.845046997, 320.492736816, 141.969924927, 78.4322052002, -88.5923156738], [610.716308594, 1121.82141113, 522.722412109, 502.544586182, 367.268829346, -3.2652490139, 17.6498756409, 52.0101852417, 71.4538269043, 92.8753738403, 194.11491394, -31.4127082825, 67.472328186], [1469.66101074, 522.722412109, 1758.94824219, 703.140014648, 384.395477295, 179.229049683, -166.880691528, 148.69581604, 73.4860839844, 307.65234375, 87.1412887573, 136.842422485, -73.4009399414], [969.210571289, 502.544586182, 703.140014648, 648.22833252, 344.267852783, 62.1345443726, -44.7567138672, 82.7100219727, 48.3236961365, 127.902786255, 109.547531128, 17.2347335815, 25.5457019806], [703.439331055, 367.268829346, 384.395477295, 344.267852783, 338.342987061, 52.9592056274, -0.426506996155, 69.0690612793, 5.54458189011, 84.0689926147, 61.315196991, 16.2081260681, 10.6935157776], [190.215133667, -3.2652490139, 179.229049683, 62.1345443726, 52.9592056274, 153.407546997, 45.201587677, 29.0069637299, -4.63834381104, 29.4750270844, 2.14932751656, 10.6411209106, -13.8208580017], [29.7438373566, 17.6498756409, -166.880691528, -44.7567138672, -0.426506996155, 45.201587677, 213.283462524, 28.9050350189, -49.1610145569, -20.6706027985, 19.2652492523, -2.2964193821, 6.2098031044], [200.090087891, 52.0101852417, 148.69581604, 82.7100219727, 69.0690612793, 29.0069637299, 28.9050350189, 101.269271851, 46.3807945251, 33.5263595581, 9.87628936768, 8.83452224731, -19.0543212891], [-103.845046997, 71.4538269043, 73.4860839844, 48.3236961365, 5.54458189011, -4.63834381104, -49.1610145569, 46.3807945251, 137.412185669, 26.9080104828, -18.9473266602, -9.28839588165, -4.71363401413], [320.492736816, 92.8753738403, 307.65234375, 127.902786255, 84.0689926147, 29.4750270844, -20.6706027985, 33.5263595581, 26.9080104828, 124.395561218, 52.841129303, 33.5521507263, -11.9279642105], [141.969924927, 194.11491394, 87.1412887573, 109.547531128, 61.315196991, 2.14932751656, 19.2652492523, 9.87628936768, -18.9473266602, 52.841129303, 145.225311279, 28.9549827576, 26.7672519684], [78.4322052002, -31.4127082825, 136.842422485, 17.2347335815, 16.2081260681, 10.6411209106, -2.2964193821, 8.83452224731, -9.28839588165, 33.5521507263, 28.9549827576, 84.9926147461, 12.3658638], [-88.5923156738, 67.472328186, -73.4009399414, 25.5457019806, 10.6935157776, -13.8208580017, 6.2098031044, -19.0543212891, -4.71363401413, -11.9279642105, 26.7672519684, 12.3658638, 74.0896453857]],
        "icov": [[0.000531486235559, 8.99621500139e-06, -3.58560027962e-05, -0.000534395920113, -0.000374897179427, 3.741848559e-05, -6.19315542281e-05, -0.000438418850536, 0.000946209882386, -0.000680796976667, 0.000366356369341, -4.37517992395e-05, 0.000555130594876], [8.99621500139e-06, 0.00372412218712, -0.00224025291391, 0.00110437429976, -0.0038212838117, 0.00238422816619, -0.00285598309711, 0.00354487705044, -0.00431942101568, 0.00379123236053, -0.00523295952007, 0.00490264641121, -0.00242575770244], [-3.58560027962e-05, -0.00224025291391, 0.00387022341602, -0.00293892039917, 0.0028807183262, -0.00292166136205, 0.00343729043379, -0.00335329235531, 0.00365399825387, -0.00539243360981, 0.00445829657838, -0.00566246826202, 0.00343228364363], [-0.000534395920113, 0.00110437429976, -0.00293892039917, 0.0070461393334, -0.00469296332449, 0.00141718110535, -0.00140974239912, 0.00208579306491, -0.00401922455058, 0.00368894194253, -0.00457357754931, 0.00494413077831, -0.00422417419031], [-0.000374897179427, -0.0038212838117, 0.0028807183262, -0.00469296332449, 0.0116608571261, -0.00321028195322, 0.00352996587753, -0.00667709903792, 0.00639592856169, -0.00565953180194, 0.00605668034405, -0.00511474255472, 0.00137005478609], [3.741848559e-05, 0.00238422816619, -0.00292166136205, 0.00141718110535, -0.00321028195322, 0.010444262065, -0.00483099510893, 0.00250767427497, -0.00293457694352, 0.00271079083905, -0.00275295157917, 0.00393628142774, -0.00146087165922], [-6.19315542281e-05, -0.00285598309711, 0.00343729043379, -0.00140974239912, 0.00352996587753, -0.00483099510893, 0.0103085497394, -0.00799830816686, 0.00720674265176, -0.00394919095561, 0.00362566136755, -0.00428501050919, 0.00131457974203], [-0.000438418850536, 0.00354487705044, -0.00335329235531, 0.00208579306491, -0.00667709903792, 0.00250767427497, -0.00799830816686, 0.0231050830334, -0.0132091464475, 0.00599655136466, -0.0065359105356, 0.00312596186996, 0.00221483968198], [0.000946209882386, -0.00431942101568, 0.00365399825387, -0.00401922455058, 0.00639592856169, -0.00293457694352, 0.00720674265176, -0.0132091464475, 0.0194538813084, -0.0100597226992, 0.00976157933474, -0.00425435509533, 0.00140068971086], [-0.000680796976667, 0.00379123236053, -0.00539243360981, 0.00368894194253, -0.00565953180194, 0.00271079083905, -0.00394919095561, 0.00599655136466, -0.0100597226992, 0.0235835444182, -0.0119744688272, 0.00376429455355, -0.000830516277347], [0.000366356369341, -0.00523295952007, 0.00445829657838, -0.00457357754931, 0.00605668034405, -0.00275295157917, 0.00362566136755, -0.0065359105356, 0.00976157933474, -0.0119744688272, 0.0190291702747, -0.00942158792168, 0.00121577491518], [-4.37517992395e-05, 0.00490264641121, -0.00566246826202, 0.00494413077831, -0.00511474255472, 0.00393628142774, -0.00428501050919, 0.00312596186996, -0.00425435509533, 0.00376429455355, -0.00942158792168, 0.0244199335575, -0.00953261367977], [0.000555130594876, -0.00242575770244, 0.00343228364363, -0.00422417419031, 0.00137005478609, -0.00146087165922, 0.00131457974203, 0.00221483968198, 0.00140068971086, -0.000830516277347, 0.00121577491518, -0.00953261367977, 0.0223232805729]]
    },
    "melbands": {
        "max": [0.00825532432646, 0.0116314617917, 0.00952618569136, 0.00490200240165, 0.00801947433501, 0.00580343231559, 0.00674187159166, 0.00733020156622, 0.00701159797609, 0.00886700302362, 0.00575860077515, 0.00644584046677, 0.00435263710096, 0.00316025107168, 0.00396291119978, 0.0015139169991, 0.00104092888068, 0.000485794182168, 0.0010834938148, 0.000368550216081, 0.000812793383375, 0.000365590094589, 0.000303756911308, 0.000275492493529, 0.000309867027681, 0.000313513737638, 0.000240445457166, 0.000166467900272, 0.000177664100192, 0.000100614925032, 3.87921718357e-05, 2.96015059575e-05, 2.92065888061e-05, 2.53862508544e-05, 4.6471668611e-05, 6.84746046318e-05, 7.97732718638e-05, 7.44595236029e-05, 6.79014410707e-05, 3.46784181602e-05],
        "mean": [0.000560648855753, 0.000862293294631, 0.000519716006238, 0.000405924773077, 0.000486785109388, 0.000296102109132, 0.000191379178432, 0.000198211389943, 0.000283289788058, 0.000511344231199, 0.000285028771032, 0.000410482316511, 0.000238834909396, 7.9435245425e-05, 7.11732936907e-05, 0.000106477156805, 6.65675397613e-05, 4.43016178906e-05, 3.62774735549e-05, 2.02786086447e-05, 2.18242184928e-05, 2.41316010943e-05, 2.15548843698e-05, 1.86815141205e-05, 2.30336299865e-05, 2.63435958914e-05, 1.94846852537e-05, 1.08195345092e-05, 9.55795712798e-06, 5.07780259795e-06, 2.56040311797e-06, 1.86147917702e-06, 1.6524397779e-06, 1.67103178228e-06, 1.81012455869e-06, 1.99441865334e-06, 1.57543206569e-06, 1.28700048663e-06, 1.06973027414e-06, 8.41150836095e-07],
        "min": [1.11760954657e-10, 4.53251915167e-11, 6.73639486207e-12, 2.69985891282e-11, 3.83845906449e-11, 1.68112426757e-10, 1.25674104456e-09, 1.39949929423e-09, 5.8290980931e-09, 7.8391275693e-09, 5.44016343085e-09, 2.76989298165e-09, 1.65849090017e-09, 3.06615599577e-09, 8.54577630882e-10, 3.70563718599e-10, 8.39050995349e-10, 5.15043507843e-10, 1.30418342792e-09, 5.3432758218e-10, 3.63516938773e-10, 1.80245207648e-10, 2.50934356627e-10, 1.68239963627e-10, 1.2481232714e-10, 6.61819279935e-11, 6.45904302266e-11, 6.02369612523e-11, 7.75362482552e-11, 3.73215000571e-11, 2.04139483095e-11, 1.75513180378e-11, 2.48432576594e-11, 1.36803936235e-11, 1.51690292272e-11, 9.12423348681e-12, 4.39749191922e-12, 3.61283854396e-12, 3.54734427596e-12, 1.744884944e-12],
        "stdev": [0.000816160871182, 0.0012562108459, 0.000860147469211, 0.000483563315356, 0.00068230740726, 0.000451435596915, 0.000385979306884, 0.000452870241133, 0.00058024271857, 0.00102711562067, 0.000564640911762, 0.000831948244013, 0.000469008024083, 0.000140370961162, 0.000177013629582, 0.000167914608028, 0.000104643782834, 6.16471661488e-05, 7.03464684193e-05, 3.2970594475e-05, 4.52163440059e-05, 3.66335007129e-05, 2.84665038635e-05, 2.73916248261e-05, 3.22538799082e-05, 3.60987833119e-05, 2.63165566139e-05, 1.90403425222e-05, 1.99306305149e-05, 7.53504491513e-06, 3.60382205145e-06, 2.47287903221e-06, 2.39883001996e-06, 2.3210427571e-06, 2.78948095911e-06, 4.10630627812e-06, 4.5735691856e-06, 3.81536574423e-06, 3.26017425323e-06, 1.94509516405e-06]
    },
    "melbands128": {
        "max": [0.000379084405722, 0.00393092865124, 0.0137957027182, 0.017666162923, 0.0150956846774, 0.0148411355913, 0.0158573817462, 0.0124176051468, 0.0103893354535, 0.00482388399541, 0.00601622089744, 0.00948982685804, 0.0140978191048, 0.0119952447712, 0.00700735254213, 0.0110207656398, 0.0106763048097, 0.00879331212491, 0.014057890512, 0.00762226432562, 0.013988064602, 0.0200465153903, 0.0103833237663, 0.0132303703576, 0.0190940927714, 0.0184314772487, 0.0188091509044, 0.00711523927748, 0.00930585060269, 0.00931287184358, 0.0136762354523, 0.0132573228329, 0.00640285760164, 0.00275733997114, 0.00370333017781, 0.00315451319329, 0.00985872931778, 0.00471304822713, 0.0060584214516, 0.00310260104015, 0.00271800975315, 0.00344247673638, 0.00178407435305, 0.00227751070634, 0.00132111017592, 0.00105511758011, 0.00130177813116, 0.00205541355535, 0.00174570048694, 0.000700100907125, 0.000761599687394, 0.000567914219573, 0.000847131828777, 0.00218172254972, 0.000625278276857, 0.000484860269353, 0.00110093853436, 0.000630482041743, 0.000327162269969, 0.000489093945362, 0.000570290663745, 0.000339152233209, 0.000272989243967, 0.000590498908423, 0.000421227276092, 0.000698539486621, 0.000494154344779, 0.000405752391089, 0.000392622867366, 0.000341350387316, 0.000217284265091, 0.000344573636539, 0.000514935120009, 0.000288606999675, 0.000232274018344, 0.000137349154102, 0.000213680468732, 7.30241226847e-05, 7.23630510038e-05, 3.08507078444e-05, 4.26797305408e-05, 4.78789152112e-05, 4.32990200352e-05, 2.63873353106e-05, 3.67603897757e-05, 2.91401629511e-05, 2.14222945942e-05, 3.63186882169e-05, 2.60562064796e-05, 9.59855242399e-05, 6.43607709208e-05, 7.79121255619e-05, 6.82534373482e-05, 8.66920963745e-05, 9.90824992186e-05, 7.88227844168e-05, 6.93473484716e-05, 8.2975209807e-05, 0.000112320427434, 5.19902423548e-05, 4.19334501203e-05, 3.04938293993e-05, 2.37403073697e-05, 2.15957898035e-05, 1.0389900126e-05, 1.02725098259e-05, 1.20889644677e-05, 1.37687411552e-05, 4.04489364882e-05, 1.96401906578e-05, 1.06122915895e-05, 1.07383229988e-05, 6.6471639002e-06, 6.01023066338e-06, 8.4452876763e-06, 4.89456533614e-06, 2.16782973439e-06, 3.69566890868e-07, 3.2576429021e-07, 3.77836926191e-07, 1.48824526036e-07, 4.60106633682e-07, 2.17407063019e-07, 1.67556244435e-08, 1.65548836861e-08, 1.63773190565e-08, 1.62576228036e-08, 1.61806124055e-08],
        "mean": [4.21898366767e-05, 0.000356947304681, 0.000745184661355, 0.0010123498505, 0.00101089465898, 0.000644936342724, 0.000484000425786, 0.000584574998356, 0.00042955041863, 0.000324439170072, 0.000420869007939, 0.00055403157603, 0.000517087290064, 0.000399165030103, 0.000293582910672, 0.000256116007222, 0.000190200837096, 0.000182552437764, 0.000199806279852, 0.000125399426906, 0.000244707160164, 0.000281542394077, 0.000209118399653, 0.00038979575038, 0.000509477395099, 0.000669755681884, 0.000303755601635, 0.000202942770557, 0.000290470023174, 0.000313589407597, 0.000529248267412, 0.000477657304145, 0.000161415373441, 0.00013372641115, 0.000106624538603, 5.43091264262e-05, 4.68288926641e-05, 7.24236233509e-05, 8.27090771054e-05, 9.6915056929e-05, 0.000134037531097, 8.77361380844e-05, 5.54669168196e-05, 6.75818664604e-05, 4.99873349327e-05, 4.08417181461e-05, 3.38477439072e-05, 4.2601946916e-05, 3.72804461222e-05, 1.83313586604e-05, 1.77906385943e-05, 2.0196172045e-05, 2.6589133995e-05, 2.023410525e-05, 1.69884806382e-05, 2.48435662797e-05, 3.20423860103e-05, 1.96818127733e-05, 1.78804075404e-05, 2.38116408582e-05, 1.89692455024e-05, 1.4533704416e-05, 1.92026218429e-05, 2.68191106443e-05, 2.69680222118e-05, 2.83913013845e-05, 2.44325892709e-05, 2.18977875193e-05, 2.06576860364e-05, 1.27077719299e-05, 8.51113418321e-06, 1.09260727186e-05, 1.28436695377e-05, 8.62748129293e-06, 6.8375338742e-06, 5.96714880885e-06, 3.98247948397e-06, 2.93908101412e-06, 2.41151883529e-06, 2.12966688196e-06, 1.99913529286e-06, 1.6703837673e-06, 1.56161934228e-06, 1.65430560628e-06, 1.747843271e-06, 1.70793964571e-06, 1.56629141657e-06, 1.75472746378e-06, 1.79837365977e-06, 1.80962103968e-06, 2.19463595386e-06, 2.08929168366e-06, 1.60080696787e-06, 1.64259768098e-06, 1.5069924757e-06, 1.29948307404e-06, 1.29066700083e-06, 1.19615617677e-06, 1.03923991901e-06, 1.00271461179e-06, 1.03715933619e-06, 7.66310222389e-07, 6.86437545028e-07, 7.22409424725e-07, 5.69832991459e-07, 5.15194301443e-07, 5.03208866576e-07, 5.05072478063e-07, 7.95385062702e-07, 3.90253717342e-07, 2.5485260835e-07, 2.69370815431e-07, 2.1687071694e-07, 1.64101891187e-07, 1.59525228582e-07, 1.40186841691e-07, 4.39985186063e-08, 2.22856821885e-09, 2.53892507018e-09, 2.94556912195e-09, 1.35997380024e-09, 1.40409650573e-09, 8.11931633038e-10, 2.35726611841e-11, 1.30077450547e-11, 1.28195015367e-11, 1.26966570937e-11, 1.26298303413e-11],
        "min": [2.87683635594e-12, 7.57347171088e-11, 1.4167385147e-11, 1.62013406163e-11, 1.11814125667e-11, 2.12635707653e-11, 5.50821627893e-12, 5.19382020031e-12, 4.16142294235e-12, 9.36022440112e-12, 5.75897315946e-11, 6.46914050106e-11, 1.82574389634e-11, 2.46205243692e-11, 8.21980816745e-11, 2.09370673576e-10, 6.79042655438e-10, 1.53031254335e-09, 1.83869297565e-09, 1.77222092557e-09, 6.28882002029e-10, 1.64774438538e-09, 4.80838835415e-09, 1.24516823519e-08, 1.16684342188e-08, 3.82065223903e-09, 4.07899980459e-09, 8.99338736815e-09, 3.19647752711e-09, 9.68112479072e-10, 4.42489778152e-09, 2.65982103009e-09, 9.59013313206e-10, 7.62615637306e-10, 3.449251329e-09, 4.62668348078e-09, 1.00711206041e-09, 6.42805531026e-10, 7.4508388348e-10, 4.65388033666e-10, 2.60303806288e-10, 1.95018223792e-10, 9.86576043083e-10, 9.19648912578e-10, 1.15587628358e-09, 2.12655129617e-10, 1.33373631583e-10, 1.08139541766e-09, 2.51563836429e-09, 5.72242642161e-10, 2.78736422832e-10, 2.16150444765e-10, 6.27967455813e-10, 2.45344328187e-10, 2.48508658096e-10, 1.69836200659e-10, 1.14148683561e-10, 2.55882537381e-10, 3.34116762035e-10, 1.61060872972e-10, 1.34139754859e-10, 1.9809147378e-10, 1.66342051244e-10, 5.70283681389e-11, 1.46479592344e-10, 6.97752688961e-11, 1.6484319118e-11, 3.30358379541e-11, 6.33084279444e-11, 1.48076134687e-10, 4.48626760741e-11, 3.86375514916e-11, 1.46256756706e-11, 1.37380717913e-10, 8.07001618308e-11, 1.58313327725e-11, 3.2647783782e-11, 3.39163558349e-11, 1.17536778921e-11, 1.5113674201e-11, 2.03404359328e-11, 1.50933952836e-11, 1.89619309837e-11, 3.14517613342e-11, 2.70710259764e-11, 8.76782847714e-12, 1.47535785672e-11, 9.77037114408e-12, 1.91569000246e-11, 1.29721216408e-11, 1.51133272563e-11, 7.1856075777e-12, 1.78267155811e-12, 3.3339372929e-12, 7.43650713925e-12, 3.83916943375e-12, 2.08073445626e-12, 3.73935561335e-12, 4.32003261289e-12, 2.85419604618e-12, 3.12312393828e-12, 1.01743385852e-12, 9.80508209347e-13, 1.16393385815e-12, 8.61611563346e-13, 1.03957836263e-12, 7.46462299524e-13, 7.11127391782e-13, 6.9225208248e-13, 3.15991292377e-13, 5.49624527748e-13, 4.37297333761e-13, 1.04632726366e-13, 6.52537987295e-14, 5.31118829743e-14, 3.32558009993e-14, 6.82636591568e-14, 4.83957695425e-14, 1.78236196418e-14, 3.74957565539e-14, 3.54059026563e-14, 4.16486201809e-14, 4.11727130254e-14, 6.38706074791e-14, 4.25465394795e-14, 1.42168212153e-14, 2.22672383394e-15, 1.27120481262e-16],
        "stdev": [4.89184021717e-05, 0.000466824829346, 0.00128534936812, 0.00165765627753, 0.00156378129032, 0.00113128731027, 0.00103320926428, 0.0011394424364, 0.000806378782727, 0.000496265711263, 0.000573338358663, 0.000894068565685, 0.000917908211704, 0.000931156508159, 0.000480299990159, 0.000510960468091, 0.000486065895529, 0.000501045899, 0.000582401407883, 0.000353317824192, 0.000769178499468, 0.00109258946031, 0.000563287583645, 0.0010189692257, 0.00121252099052, 0.00183337787166, 0.00120349787176, 0.000540639157407, 0.000807130243629, 0.000910073460545, 0.0014662053436, 0.00132245046552, 0.000451854430139, 0.000278317631455, 0.000237127140281, 0.000130428452394, 0.000256741885096, 0.00026072334731, 0.000256368744886, 0.00018822857237, 0.000274383812211, 0.000232436446822, 0.000120461176266, 0.000164663200849, 0.000101152945717, 8.58203638927e-05, 7.68684622017e-05, 0.000102099140349, 0.000108994274342, 4.75714950881e-05, 3.91869689338e-05, 4.30510444858e-05, 7.35120047466e-05, 7.54553766456e-05, 3.73111106455e-05, 4.61352137791e-05, 7.79028778197e-05, 4.42491218564e-05, 3.01096861222e-05, 4.34145986219e-05, 4.30920626968e-05, 2.6320663892e-05, 3.19783284795e-05, 5.27545744262e-05, 5.21091023984e-05, 5.50192162336e-05, 4.2917628889e-05, 4.14139867644e-05, 3.69759400201e-05, 2.51563506026e-05, 1.82006970135e-05, 2.85217683995e-05, 3.98009979108e-05, 2.22794242291e-05, 1.31437909658e-05, 1.05369972516e-05, 9.54626921157e-06, 5.14728526468e-06, 4.12783538195e-06, 3.24186521539e-06, 3.20950357491e-06, 2.49507547778e-06, 2.5946403639e-06, 2.64307664111e-06, 2.77634762824e-06, 2.5362244287e-06, 2.35426477957e-06, 3.04644640892e-06, 2.72964325632e-06, 3.49199171978e-06, 4.21582126364e-06, 4.75798515254e-06, 4.49081562692e-06, 5.43684973309e-06, 4.57734995507e-06, 3.694771749e-06, 4.22330867877e-06, 4.04771162721e-06, 3.87070167562e-06, 2.90358229904e-06, 2.66995766651e-06, 1.79013568413e-06, 1.47976277276e-06, 1.6070998754e-06, 1.13256066925e-06, 1.08259837361e-06, 1.08129177079e-06, 1.2553622355e-06, 3.45307375937e-06, 1.33374783218e-06, 6.68628331368e-07, 7.64475373671e-07, 5.9679956621e-07, 4.72339422686e-07, 5.27240388237e-07, 4.35907992369e-07, 1.38312927334e-07, 1.484634371e-08, 1.47109204818e-08, 1.93538340909e-08, 9.59976720338e-09, 1.39049429748e-08, 7.70253016924e-09, 4.34648345093e-10, 4.01586042198e-10, 3.97281291198e-10, 3.94379223723e-10, 3.92511995129e-10]
    },
    "mfcc": {
        "mean": [-626.100280762, 107.972709656, -15.3599681854, 8.47023582458, -8.88803386688, -4.691010952, 4.44407606125, 4.68280315399, -5.44035387039, 4.20468664169, -4.46271896362, -5.1897649765, -6.5395860672],
        "cov": [[3360.33618164, 304.709075928, 597.714599609, 803.838623047, 572.07623291, 246.130996704, 371.313720703, 13.9842195511, -31.2997894287, 148.639343262, 126.462165833, 114.660995483, 53.8906936646], [304.709075928, 746.949707031, 297.415802002, 374.89755249, 286.40246582, 72.5480728149, 102.577354431, -15.0928726196, -16.2847690582, 40.0269546509, 80.6875915527, 93.2520294189, 44.7141418457], [597.714599609, 297.415802002, 1211.24389648, 487.707855225, 511.108642578, 179.666320801, 51.4737129211, -39.2146110535, 30.7264099121, 24.0700016022, 154.035995483, 180.234085083, 103.470344543], [803.838623047, 374.89755249, 487.707855225, 645.320800781, 425.171234131, 115.00579071, 128.020996094, -12.2523365021, 6.06273126602, 62.7900009155, 68.5944366455, 97.936668396, 88.1020431519], [572.07623291, 286.40246582, 511.108642578, 425.171234131, 499.708465576, 111.863502502, 32.3767433167, -19.9633560181, 20.5012664795, 50.0507164001, 86.8536834717, 63.2240638733, 67.7643280029], [246.130996704, 72.5480728149, 179.666320801, 115.00579071, 111.863502502, 132.732437134, 75.5308380127, 6.01186132431, 25.475353241, 13.9007339478, 14.4645223618, 42.6103477478, -0.396959543228], [371.313720703, 102.577354431, 51.4737129211, 128.020996094, 32.3767433167, 75.5308380127, 244.49458313, 28.0780353546, -35.1300735474, 21.8522491455, -3.86635732651, 43.4906044006, 18.6839790344], [13.9842195511, -15.0928726196, -39.2146110535, -12.2523365021, -19.9633560181, 6.01186132431, 28.0780353546, 102.786811829, 38.28956604, 10.5262908936, 17.0165729523, -5.5678563118, -5.0193810463], [-31.2997894287, -16.2847690582, 30.7264099121, 6.06273126602, 20.5012664795, 25.475353241, -35.1300735474, 38.28956604, 106.734336853, 22.5069637299, 15.4588680267, 6.64631223679, -16.5444469452], [148.639343262, 40.0269546509, 24.0700016022, 62.7900009155, 50.0507164001, 13.9007339478, 21.8522491455, 10.5262908936, 22.5069637299, 87.130241394, 35.4027557373, 0.102166078985, -5.57551908493], [126.462165833, 80.6875915527, 154.035995483, 68.5944366455, 86.8536834717, 14.4645223618, -3.86635732651, 17.0165729523, 15.4588680267, 35.4027557373, 113.262374878, 44.1634788513, 11.3854780197], [114.660995483, 93.2520294189, 180.234085083, 97.936668396, 63.2240638733, 42.6103477478, 43.4906044006, -5.5678563118, 6.64631223679, 0.102166078985, 44.1634788513, 124.018257141, 34.1885108948], [53.8906936646, 44.7141418457, 103.470344543, 88.1020431519, 67.7643280029, -0.396959543228, 18.6839790344, -5.0193810463, -16.5444469452, -5.57551908493, 11.3854780197, 34.1885108948, 87.5474395752]],
        "icov": [[0.000529198732693, 0.000248907716013, 5.71695054532e-05, -0.000547780829947, -0.000241308676777, -0.000236263105762, -0.0005126260221, 2.37569620367e-05, 0.000291897362331, -0.000246768031502, -0.000344511907315, 5.8150581026e-05, 0.000388816872146], [0.000248907716013, 0.00219650822692, 0.000244109760388, -0.00110434147064, -0.000718230672646, 0.00015205857926, -0.000638125347905, 0.000237634434598, 0.000478349655168, 0.000117613228213, -0.000929669768084, -0.000718451221474, 0.000753550324589], [5.71695054532e-05, 0.000244109760388, 0.00200492097065, -0.000410201173509, -0.00123382522725, -0.00125053734519, 0.000203374351258, 0.000625697663054, -0.000106519459223, 0.000907927635126, -0.00146991200745, -0.00114483025391, -0.000498896581121], [-0.000547780829947, -0.00110434147064, -0.000410201173509, 0.00545164942741, -0.00286890938878, 0.000819951004814, -0.00102143210825, 5.3928430134e-05, -0.000721841584891, -0.00123144418467, 0.00172639009543, -0.00092846568441, -0.00173150503542], [-0.000241308676777, -0.000718230672646, -0.00123382522725, -0.00286890938878, 0.00718417484313, -0.00282176351175, 0.0020233981777, 0.00047723739408, 1.90907703654e-05, -0.000587197660934, -0.00156639399938, 0.00253171101213, -0.00193608761765], [-0.000236263105762, 0.00015205857926, -0.00125053734519, 0.000819951004814, -0.00282176351175, 0.0153177361935, -0.00490544876084, 0.000869129435159, -0.00452245026827, 0.000948722125031, 0.00212694588117, -0.00239145359956, 0.00393398990855], [-0.0005126260221, -0.000638125347905, 0.000203374351258, -0.00102143210825, 0.0020233981777, -0.00490544876084, 0.00871282722801, -0.0038880566135, 0.00495809270069, -0.00251826248132, 0.00228164112195, -0.00190695584752, -0.00101721612737], [2.37569620367e-05, 0.000237634434598, 0.000625697663054, 5.3928430134e-05, 0.00047723739408, 0.000869129435159, -0.0038880566135, 0.0143188126385, -0.00699817342684, 0.00197652168572, -0.00438853586093, 0.00260277907364, -0.00128681445494], [0.000291897362331, 0.000478349655168, -0.000106519459223, -0.000721841584891, 1.90907703654e-05, -0.00452245026827, 0.00495809270069, -0.00699817342684, 0.0160694308579, -0.00452179042622, 0.00166259345133, -0.00254074274562, 0.00245842454024], [-0.000246768031502, 0.000117613228213, 0.000907927635126, -0.00123144418467, -0.000587197660934, 0.000948722125031, -0.00251826248132, 0.00197652168572, -0.00452179042622, 0.0168379992247, -0.00622982112691, 0.00282900733873, 0.0012908250792], [-0.000344511907315, -0.000929669768084, -0.00146991200745, 0.00172639009543, -0.00156639399938, 0.00212694588117, 0.00228164112195, -0.00438853586093, 0.00166259345133, -0.00622982112691, 0.0161655433476, -0.00526686524972, 0.00104226102121], [5.8150581026e-05, -0.000718451221474, -0.00114483025391, -0.00092846568441, 0.00253171101213, -0.00239145359956, -0.00190695584752, 0.00260277907364, -0.00254074274562, 0.00282900733873, -0.00526686524972, 0.0143830031157, -0.00402750726789], [0.000388816872146, 0.000753550324589, -0.000498896581121, -0.00173150503542, -0.00193608761765, 0.00393398990855, -0.00101721612737, -0.00128681445494, 0.00245842454024, 0.0012908250792, 0.00104226102121, -0.00402750726789, 0.0167740620673]]
    },
    "spectral_contrast_coeffs": {
        "max": [-0.495060801506, -0.475720643997, -0.472104549408, -0.596980810165, -0.596851587296, -0.645282268524],
        "mean": [-0.717505931854, -0.745880961418, -0.72135424614, -0.777300775051, -0.769456148148, -0.782589972019],
        "min": [-0.906063556671, -0.906093835831, -0.918026208878, -0.90618032217, -0.896989524364, -0.859870314598],
        "stdev": [0.0642110183835, 0.0645036995411, 0.0776746943593, 0.0542588941753, 0.0506939440966, 0.0327647179365]
    },
    "spectral_contrast_valleys": {
        "max": [-5.00992107391, -5.01353788376, -5.57821416855, -5.76341915131, -5.84624862671, -7.64615488052],
        "mean": [-7.03847742081, -6.62900590897, -7.08195495605, -7.41279411316, -7.33846092224, -9.88740730286],
        "min": [-14.3023014069, -11.6727142334, -11.7310400009, -12.1851921082, -12.6662254333, -15.5501689911],
        "stdev": [1.44220268726, 0.585580527782, 0.531135499477, 0.523274481297, 0.582754671574, 0.71635645628]
    }
},
"rhythm": {
    "beats_count": 93,
    "beats_loudness": {
        "max": 0.0675672069192,
        "mean": 0.0299770720303,
        "min": 0.00145495485049,
        "stdev": 0.0158467255533
    },
    "bpm": 150.068908691,
    "bpm_histogram_first_peak_bpm": 152,
    "bpm_histogram_first_peak_weight": 0.444444477558,
    "bpm_histogram_second_peak_bpm": 117,
    "bpm_histogram_second_peak_spread": 0.333333313465,
    "bpm_histogram_second_peak_weight": 0.0869565233588,
    "danceability": 0.970838844776,
    "onset_rate": 3.14594054222,
    "beats_loudness_band_ratio": {
        "max": [0.798804879189, 0.688467741013, 0.777268052101, 0.789563179016, 0.47964322567, 0.25333622098],
        "mean": [0.265410959721, 0.143609628081, 0.218684643507, 0.234002456069, 0.0873279124498, 0.0821504369378],
        "min": [0.000187319485121, 0.00207267096266, 0.015075574629, 0.00968700181693, 0.00829031970352, 0.00792700611055],
        "stdev": [0.212681189179, 0.135419100523, 0.169179499149, 0.231236249208, 0.0797808021307, 0.0539679005742]
    },
