{
"metadata": {
    "version": {
        "essentia": "2.1-beta5",
        "essentia_git_sha": "Undefined",
        "extractor": "music 2.0"
    },
    "audio_properties": {
        "analysis": {
            "equal_loudness": 0,
            "length": 12.7477550507,
            "sample_rate": 44100,
            "start_time": 0,
            "downmix": "mix"
        },
        "bit_rate": 192000,
        "length": 196.56854248,
        "lossless": 0,
        "number_channels": 2,
        "replay_gain": 2.99157905579,
        "sample_rate": 48000,
        "codec": "mp3",
        "md5_encoded": "8c6fad8724697e9a3af45ad5d32b03a7"
    },
    "tags": {
        "file_name": "Malta_Angel_Chiara.mp3",
        "encoding": ["Lavf58.29.100"]
    }
},
"lowlevel": {
    "average_loudness": 0.512204051018,
    "barkbands_crest": {
        "max": 23.8657455444,
        "mean": 10.753115654,
        "min": 4.24097919464,
        "stdev": 3.60296559334
    },
    "barkbands_flatness_db": {
        "max": 0.257205098867,
        "mean": 0.149461135268,
        "min": 0.0356042049825,
        "stdev": 0.0390030518174
    },
    "barkbands_kurtosis": {
        "max": 25.6112117767,
        "mean": 4.12534952164,
        "min": -1.22697949409,
        "stdev": 3.8595263958
    },
    "barkbands_skewness": {
        "max": 4.90353536606,
        "mean": 1.70866429806,
        "min": -0.280430823565,
        "stdev": 0.762669980526
    },
    "barkbands_spread": {
        "max": 88.9425048828,
        "mean": 13.9555721283,
        "min": 2.48371076584,
        "stdev": 9.86849594116
    },
    "dissonance": {
        "max": 0.500000119209,
        "mean": 0.477533072233,
        "min": 0.369110822678,
        "stdev": 0.0222500693053
    },
    "dynamic_complexity": 2.18272352219,
    "erbbands_crest": {
        "max": 30.3660850525,
        "mean": 11.3256664276,
        "min": 3.27215528488,
        "stdev": 4.87419033051
    },
    "erbbands_flatness_db": {
        "max": 0.325429856777,
        "mean": 0.20781891048,
        "min": 0.0625090673566,
        "stdev": 0.0602504611015
    },
    "erbbands_kurtosis": {
        "max": 18.6484069824,
        "mean": 2.46172475815,
        "min": -1.49758565426,
        "stdev": 2.50047707558
    },
    "erbbands_skewness": {
        "max": 3.78275370598,
        "mean": 1.2376832962,
        "min": -0.628838896751,
        "stdev": 0.631487071514
    },
    "erbbands_spread": {
        "max": 114.732009888,
        "mean": 22.4316539764,
        "min": 5.21645879745,
        "stdev": 15.0623283386
    },
    "hfc": {
        "max": 161.264968872,
        "mean": 28.4723472595,
        "min": 4.11825323105,
        "stdev": 19.7381763458
    },
    "loudness_ebu128": {
        "integrated": -24.5858821869,
        "loudness_range": 2.89973068237,
        "momentary": {
            "max": -20.5166072845,
            "mean": -25.1767139435,
            "min": -30.9600296021,
            "stdev": 2.22643661499
        },
        "short_term": {
            "max": -22.9519882202,
            "mean": -25.1902427673,
            "min": -26.9357204437,
            "stdev": 1.14420580864
        }
    },
    "melbands_crest": {
        "max": 33.336971283,
        "mean": 14.0933475494,
        "min": 5.02801847458,
        "stdev": 4.93821954727
    },
    "melbands_flatness_db": {
        "max": 0.334266960621,
        "mean": 0.17777082324,
        "min": 0.0672766044736,
        "stdev": 0.047661781311
    },
    "melbands_kurtosis": {
        "max": 102.347488403,
        "mean": 10.426440239,
        "min": -1.04314959049,
        "stdev": 11.1152153015
    },
    "melbands_skewness": {
        "max": 9.22988510132,
        "mean": 2.28841519356,
        "min": 0.0208158157766,
        "stdev": 1.17654979229
    },
    "melbands_spread": {
        "max": 60.5636177063,
        "mean": 15.5475034714,
        "min": 2.9437224865,
        "stdev": 8.52069854736
    },
    "pitch_salience": {
        "max": 0.844823420048,
        "mean": 0.627878129482,
        "min": 0.150224536657,
        "stdev": 0.144938930869
    },
    "silence_rate_20dB": {
        "max": 1,
        "mean": 1,
        "min": 1,
        "stdev": 0
    },
    "silence_rate_30dB": {
        "max": 1,
        "mean": 0.901818156242,
        "min": 0,
        "stdev": 0.297560334206
    },
    "silence_rate_60dB": {
        "max": 0,
        "mean": 0,
        "min": 0,
        "stdev": 0
    },
    "spectral_centroid": {
        "max": 3029.09033203,
        "mean": 1322.98571777,
        "min": 517.588256836,
        "stdev": 311.856567383
    },
    "spectral_complexity": {
        "max": 59,
        "mean": 23.0636367798,
        "min": 11,
        "stdev": 4.91283416748
    },
    "spectral_decrease": {
        "max": -6.17006334913e-10,
        "mean": -9.31205867971e-09,
        "min": -6.84621923597e-08,
        "stdev": 1.0572790643e-08
    },
    "spectral_energy": {
        "max": 0.262327760458,
        "mean": 0.0377283841372,
        "min": 0.00270226993598,
        "stdev": 0.041054315865
    },
    "spectral_energyband_high": {
        "max": 0.0129461986944,
        "mean": 0.000864981848281,
        "min": 0.000111359549919,
        "stdev": 0.00141252786852
    },
    "spectral_energyband_low": {
        "max": 0.240847632289,
        "mean": 0.015423710458,
        "min": 3.65680534742e-07,
        "stdev": 0.0354139655828
    },
    "spectral_energyband_middle_high": {
        "max": 0.0554504804313,
        "mean": 0.0125261014327,
        "min": 0.00172765844036,
        "stdev": 0.0088351489976
    },
    "spectral_energyband_middle_low": {
        "max": 0.0610923543572,
        "mean": 0.0108043188229,
        "min": 0.000433565699495,
        "stdev": 0.00926932878792
    },
    "spectral_entropy": {
        "max": 8.51111125946,
        "mean": 7.75511455536,
        "min": 7.15129470825,
        "stdev": 0.228216856718
    },
    "spectral_flux": {
        "max": 0.32920563221,
        "mean": 0.0990639179945,
        "min": 0.0341671332717,
        "stdev": 0.0428635030985
    },
    "spectral_kurtosis": {
        "max": 12.877538681,
        "mean": 4.10087299347,
        "min": -0.788547039032,
        "stdev": 1.55219292641
    },
    "spectral_rms": {
        "max": 0.0159977972507,
        "mean": 0.00548141123727,
        "min": 0.00162368745077,
        "stdev": 0.00260044890456
    },
    "spectral_rolloff": {
        "max": 10551.2695312,
        "mean": 1438.41760254,
        "min": 64.599609375,
        "stdev": 857.380187988
    },
    "spectral_skewness": {
        "max": 2.94084811211,
        "mean": 1.64940154552,
        "min": 0.564874351025,
        "stdev": 0.240127950907
    },
    "spectral_spread": {
        "max": 13883220,
        "mean": 4560801.5,
        "min": 2977860.25,
        "stdev": 1667925.375
    },
    "spectral_strongpeak": {
        "max": 8.04820156097,
        "mean": 1.37023758888,
        "min": 0.0900559872389,
        "stdev": 1.048427701
    },
    "zerocrossingrate": {
        "max": 0.1728515625,
        "mean": 0.0629980489612,
        "min": 0.00390625,
        "stdev": 0.0186932105571
    },
    "barkbands": {
        "max": [0.00881825760007, 0.170666605234, 0.126397401094, 0.0251253601164, 0.0326268225908, 0.0139282606542, 0.0103125320747, 0.0125067159534, 0.037023127079, 0.0560384653509, 0.0239021405578, 0.0094026569277, 0.0091136302799, 0.0159757956862, 0.00987090170383, 0.00240544858389, 0.00404782686383, 0.00403635529801, 0.00269689806737, 0.00206142803654, 0.00260640913621, 0.00241219834425, 0.00208569900133, 0.00431483704597, 0.00748973106965, 0.00500390212983, 0.00011452032777],
        "mean": [0.000245497969445, 0.0101980017498, 0.0042815702036, 0.00105812621769, 0.000759891641792, 0.000496833119541, 0.000492534891237, 0.00102755788248, 0.00469034910202, 0.00725773023441, 0.00179737072904, 0.000921328843106, 0.000896757876035, 0.000943693565205, 0.00062938692281, 0.000296283484204, 0.000426111073466, 0.000232569218497, 0.000151533662574, 0.000127109582536, 0.00013147185382, 0.000143269746331, 0.000137265669764, 0.000138073926792, 0.000153519038577, 9.25249842112e-05, 2.01884722628e-06],
        "min": [3.54620666165e-09, 3.99427193543e-08, 5.66341249453e-08, 2.25483560712e-07, 9.24606047192e-06, 6.42874920231e-06, 6.41984343019e-06, 3.5980323446e-05, 9.61312325671e-05, 0.000227960947086, 4.722509766e-05, 6.2269391492e-05, 2.83141962427e-05, 6.20393839199e-05, 3.55254705937e-05, 1.65296405612e-05, 2.76609280263e-05, 3.54266849172e-05, 1.16759711091e-05, 2.67191135208e-05, 2.14483152376e-05, 2.29430461332e-05, 1.56278420036e-05, 6.34719935988e-06, 3.69928261534e-06, 9.20836498608e-07, 1.05657482763e-09],
        "stdev": [0.000862677989062, 0.0242175329477, 0.0125430636108, 0.00290908082388, 0.00192915450316, 0.00131812598556, 0.00127669807989, 0.00144555687439, 0.00529530225322, 0.00851425435394, 0.002340255538, 0.00102457392495, 0.000842646753881, 0.00128857220989, 0.000772091385443, 0.000269036914688, 0.00050013884902, 0.000238829146838, 0.000167485966813, 0.000150573585415, 0.000170445418917, 0.000169962673681, 0.000210261598113, 0.000351514696376, 0.000507084419951, 0.000352505972842, 7.83800260251e-06]
    },
    "erbbands": {
        "max": [4.50373363495, 43.2492980957, 123.600532532, 111.97769165, 88.5404510498, 113.516639709, 62.1611938477, 103.494178772, 163.66998291, 185.572845459, 347.46194458, 838.418640137, 1495.37915039, 2019.8828125, 672.208618164, 445.520690918, 379.823059082, 486.643066406, 689.12701416, 187.308486938, 155.227767944, 150.368621826, 210.728149414, 152.954360962, 125.385864258, 101.021507263, 109.053977966, 82.7975769043, 87.8963241577, 48.331653595, 73.0023193359, 117.615440369, 77.2914428711, 44.6150016785, 94.6539154053, 14.4728345871, 17.6100406647, 0.739076852798, 0.0146580962464, 0.000792114762589],
        "mean": [0.218537524343, 2.49082279205, 5.65803718567, 4.23351573944, 2.83982825279, 2.14625167847, 3.25963830948, 3.66037154198, 5.98447275162, 11.7825107574, 35.2027854919, 105.293807983, 200.65447998, 178.061508179, 53.5391921997, 41.1300163269, 42.0803756714, 47.3309631348, 44.7991256714, 21.2351837158, 19.1745605469, 21.4466590881, 13.9260931015, 9.0317363739, 6.84619903564, 6.15637350082, 5.65443277359, 4.99790668488, 5.218105793, 4.37411022186, 3.70740222931, 2.98883867264, 2.39193630219, 1.65580618382, 1.12599539757, 0.376465260983, 0.205282226205, 0.0191499330103, 0.000477172463434, 6.29754722468e-05],
        "min": [1.20348897781e-06, 1.62105698109e-05, 0.000144043733599, 0.00110448338091, 0.00768308714032, 0.0336662046611, 0.0719524472952, 0.0881365686655, 0.133617833257, 0.703939378262, 0.723975598812, 2.97602319717, 7.81944417953, 4.57205438614, 3.22788882256, 3.11451530457, 2.50104236603, 5.04883146286, 2.96654415131, 1.9540797472, 2.17425084114, 1.96324634552, 1.99398851395, 1.47568833828, 0.915974318981, 1.24473714828, 0.980169475079, 1.32617497444, 0.881597161293, 0.620961070061, 0.405745357275, 0.206982925534, 0.0830434933305, 0.0558998063207, 0.0171546414495, 0.00582348881289, 0.00153389864136, 0.000125678925542, 7.33476917958e-06, 3.93958407585e-06],
        "stdev": [0.558190762997, 6.25859737396, 15.5669994354, 12.2586221695, 6.59097290039, 6.24924659729, 8.14226055145, 9.7755317688, 16.6491413116, 22.4578208923, 41.3367500305, 110.467765808, 221.429504395, 242.105422974, 65.8733291626, 44.7646865845, 37.6183128357, 50.8281555176, 55.1082878113, 17.4634971619, 18.4800109863, 21.0762672424, 12.957824707, 8.59931087494, 8.64391231537, 7.33468866348, 7.46218538284, 5.9610490799, 6.36514425278, 5.05111694336, 6.20756578445, 7.09459543228, 6.69341897964, 4.65490150452, 4.99153137207, 1.17920792103, 0.989563405514, 0.0667137652636, 0.00156197824981, 9.12503383006e-05]
    },
    "gfcc": {
        "mean": [5.80126333237, 51.7367324829, -167.448013306, -7.73778057098, -81.2139663696, 23.5078029633, -31.0106716156, 13.0565252304, -23.8935565948, -6.59076404572, -27.7417545319, -3.17987990379, -10.962843895],
        "cov": [[2065.04443359, 539.013122559, 2138.37329102, 783.421142578, 803.051330566, 560.233947754, 199.593414307, 378.419555664, 4.66903448105, 297.016540527, 11.8754024506, 131.114303589, -14.4162912369], [539.013122559, 571.019226074, 791.09197998, 391.900909424, 359.916656494, 184.146011353, 103.026741028, 126.074523926, 38.8244514465, 114.563293457, 47.2844696045, 52.2703170776, -4.9484667778], [2138.37329102, 791.09197998, 2914.86450195, 1174.68920898, 1109.60961914, 779.899963379, 245.727798462, 483.060333252, -36.2035980225, 378.786315918, 17.5854606628, 169.679641724, -23.2620735168], [783.421142578, 391.900909424, 1174.68920898, 608.459838867, 483.660583496, 348.899719238, 117.522994995, 199.085617065, 15.1564970016, 159.153549194, 34.5931663513, 77.2024917603, -14.4825372696], [803.051330566, 359.916656494, 1109.60961914, 483.660583496, 521.740783691, 319.252410889, 116.043823242, 188.27545166, -8.86671352386, 160.468429565, 11.9111289978, 74.5393676758, -15.6246423721], [560.233947754, 184.146011353, 779.899963379, 348.899719238, 319.252410889, 287.412780762, 102.692520142, 144.424636841, 6.57149553299, 101.831069946, 12.4701366425, 36.3207435608, -7.54817008972], [199.593414307, 103.026741028, 245.727798462, 117.522994995, 116.043823242, 102.692520142, 107.129745483, 65.0636444092, 21.5798492432, 31.3282432556, 4.18712091446, 14.7637681961, 4.97751092911], [378.419555664, 126.074523926, 483.060333252, 199.085617065, 188.27545166, 144.424636841, 65.0636444092, 133.453292847, 18.7092533112, 72.7718887329, 10.7673244476, 30.1375293732, 1.53564095497], [4.66903448105, 38.8244514465, -36.2035980225, 15.1564970016, -8.86671352386, 6.57149553299, 21.5798492432, 18.7092533112, 67.3278656006, 16.7753295898, 19.4073638916, 3.20309114456, -0.0126882633194], [297.016540527, 114.563293457, 378.786315918, 159.153549194, 160.468429565, 101.831069946, 31.3282432556, 72.7718887329, 16.7753295898, 104.127334595, 25.6447734833, 34.496131897, -9.09228420258], [11.8754024506, 47.2844696045, 17.5854606628, 34.5931663513, 11.9111289978, 12.4701366425, 4.18712091446, 10.7673244476, 19.4073638916, 25.6447734833, 57.7175292969, 31.6874332428, 6.47940683365], [131.114303589, 52.2703170776, 169.679641724, 77.2024917603, 74.5393676758, 36.3207435608, 14.7637681961, 30.1375293732, 3.20309114456, 34.496131897, 31.6874332428, 83.3397445679, 26.9571228027], [-14.4162912369, -4.9484667778, -23.2620735168, -14.4825372696, -15.6246423721, -7.54817008972, 4.97751092911, 1.53564095497, -0.0126882633194, -9.09228420258, 6.47940683365, 26.9571228027, 46.4387931824]],
        "icov": [[0.00250027957372, 0.000454140477814, -0.00261910958216, 0.00180813216139, -0.00050234090304, 0.000688122469001, -0.000709046726115, -8.68367278599e-05, -0.00199114298448, -2.37504100369e-05, -0.000461150688352, -5.37557643838e-05, 0.000188552774489], [0.000454140477814, 0.0059926789254, -0.00239758496173, -0.00150404078886, -0.00433108769357, 0.00702871801332, -0.00336054665968, 0.00292965210974, -0.00453742872924, 0.0025213509798, -0.00597786996514, 0.00421970291063, -0.00206494890153], [-0.00261910958216, -0.00239758496173, 0.00740723451599, -0.00432566273957, -9.62894628174e-05, -0.00546933617443, 0.00310757849365, -0.00484117865562, 0.00688547082245, -0.00387315941043, 0.00553281325847, -0.0026036601048, 0.000181454539415], [0.00180813216139, -0.00150404078886, -0.00432566273957, 0.0126905683428, -0.00254782033153, -0.00472872611135, 0.00118977122474, 0.000965442101005, -0.00461443094537, 0.00255158822984, -0.00317959673703, -0.00144864094909, 0.00218953215517], [-0.00050234090304, -0.00433108769357, -9.62894628174e-05, -0.00254782033153, 0.0168015211821, -0.00730650033802, -0.000699080817867, -0.00204920908436, 0.00658617867157, -0.00702589191496, 0.00783504638821, -0.0067214621231, 0.00458254059777], [0.000688122469001, 0.00702871801332, -0.00546933617443, -0.00472872611135, -0.00730650033802, 0.0269595347345, -0.0100154783577, 0.00142093072645, -0.0053274165839, 0.00422545382753, -0.0101884501055, 0.00956779718399, -0.00360819930211], [-0.000709046726115, -0.00336054665968, 0.00310757849365, 0.00118977122474, -0.000699080817867, -0.0100154783577, 0.0195820219815, -0.00596778374165, -0.00198157294653, 0.00161753257271, 0.00469712261111, -0.00248088897206, -0.00131427950691], [-8.68367278599e-05, 0.00292965210974, -0.00484117865562, 0.000965442101005, -0.00204920908436, 0.00142093072645, -0.00596778374165, 0.0267829075456, -0.00925169046968, -0.00109367957339, -0.0037578297779, 0.00345602328889, -0.00424177059904], [-0.00199114298448, -0.00453742872924, 0.00688547082245, -0.00461443094537, 0.00658617867157, -0.0053274165839, -0.00198157294653, -0.00925169046968, 0.02883387357, -0.00941814668477, 0.00194494845346, -0.0022208627779, 0.00195844471455], [-2.37504100369e-05, 0.0025213509798, -0.00387315941043, 0.00255158822984, -0.00702589191496, 0.00422545382753, 0.00161753257271, -0.00109367957339, -0.00941814668477, 0.028950355947, -0.0119813140482, -4.56040361314e-05, 0.00466640759259], [-0.000461150688352, -0.00597786996514, 0.00553281325847, -0.00317959673703, 0.00783504638821, -0.0101884501055, 0.00469712261111, -0.0037578297779, 0.00194494845346, -0.0119813140482, 0.0365581810474, -0.0160174760967, 0.00345250125974], [-5.37557643838e-05, 0.00421970291063, -0.0026036601048, -0.00144864094909, -0.0067214621231, 0.00956779718399, -0.00248088897206, 0.00345602328889, -0.0022208627779, -4.56040361314e-05, -0.0160174760967, 0.0285553652793, -0.0162284504622], [0.000188552774489, -0.00206494890153, 0.000181454539415, 0.00218953215517, 0.00458254059777, -0.00360819930211, -0.00131427950691, -0.00424177059904, 0.00195844471455, 0.00466640759259, 0.00345250125974, -0.0162284504622, 0.033235296607]]
    },
    "melbands": {
        "max": [0.0390768051147, 0.050969209522, 0.0171689968556, 0.00765137840062, 0.00269153853878, 0.00268195220269, 0.00246246019378, 0.00182344974019, 0.00271733105183, 0.00522368354723, 0.0076241013594, 0.00885904021561, 0.00330364098772, 0.00125163304619, 0.000653600378428, 0.000944050203543, 0.0012105073547, 0.00114085699897, 0.000432006956544, 0.000152378503117, 0.00024917157134, 0.000230686026043, 0.000168268103153, 0.000192018604139, 0.000113101152238, 0.000112908259325, 9.39524397836e-05, 8.21264475235e-05, 6.34906682535e-05, 6.40381695121e-05, 4.59254733869e-05, 4.51968080597e-05, 5.36186162208e-05, 2.43769791268e-05, 4.57473433926e-05, 5.50490003661e-05, 9.67704982031e-05, 5.50867007405e-05, 4.93247680424e-05, 4.41162483185e-05],
        "mean": [0.00241147750057, 0.00308456690982, 0.000691696594004, 0.000169028746313, 0.0001064664757, 9.00525701582e-05, 9.43411359913e-05, 0.000135915848659, 0.00034006711212, 0.000699333264492, 0.00102589209564, 0.000772170606069, 0.000208365774597, 0.00010724880849, 9.43531122175e-05, 9.08816000447e-05, 8.72313030413e-05, 7.59540052968e-05, 3.90115455957e-05, 2.14640967897e-05, 2.39814307861e-05, 2.44814091275e-05, 1.61826737894e-05, 9.99913390842e-06, 6.96335109751e-06, 5.69345183976e-06, 4.12333656641e-06, 4.03321246267e-06, 3.53145219378e-06, 3.22526648233e-06, 2.76979540104e-06, 2.96744860862e-06, 2.74862622973e-06, 2.32248135035e-06, 2.05737137549e-06, 2.1676041797e-06, 1.68533699707e-06, 1.50700498125e-06, 1.87247758276e-06, 1.19580488445e-06],
        "min": [1.07880637756e-08, 6.39034283267e-08, 5.55151018489e-07, 1.74557021637e-06, 2.39996757045e-06, 2.11291285268e-06, 1.59773162522e-06, 5.02243710798e-06, 4.84898146169e-06, 1.86318629858e-05, 3.17420017382e-05, 1.59600967891e-05, 9.54104325501e-06, 5.92302239966e-06, 5.05009165863e-06, 4.61872878077e-06, 8.77569982549e-06, 5.65778327655e-06, 2.49643062489e-06, 1.45193075696e-06, 2.24638461077e-06, 1.79411051704e-06, 1.16523960969e-06, 1.2196849184e-06, 7.73315093738e-07, 4.81818631215e-07, 4.66254107323e-07, 7.07305503056e-07, 5.31937928372e-07, 5.23437108768e-07, 5.80131256811e-07, 5.0536056051e-07, 3.18900418961e-07, 2.12659600152e-07, 2.25922192953e-07, 1.34825654641e-07, 1.12507187566e-07, 5.19276781574e-08, 5.61217241568e-08, 4.03736599708e-08],
        "stdev": [0.00564861204475, 0.00790429953486, 0.00183242349885, 0.000444420729764, 0.000256561324932, 0.000250275916187, 0.00025714279036, 0.00022370860097, 0.000374841445591, 0.0007455709856, 0.00113874860108, 0.00108043302316, 0.000299059058307, 0.000128434388898, 8.33886006149e-05, 8.63383393153e-05, 0.000108970234578, 0.000102653597423, 4.11549153796e-05, 1.94254243979e-05, 2.90379393846e-05, 2.98147315334e-05, 1.48938142956e-05, 1.10699656943e-05, 6.6960519689e-06, 7.31941599952e-06, 5.20080993738e-06, 5.24568304172e-06, 4.76725199405e-06, 4.31595299233e-06, 3.24863731294e-06, 3.58171564585e-06, 3.63047297469e-06, 2.72576312454e-06, 3.48145704265e-06, 4.52662970929e-06, 5.02878401676e-06, 4.52187714473e-06, 5.36520292371e-06, 3.68964401787e-06]
    },
    "melbands128": {
        "max": [0.00828073825687, 0.0417938865721, 0.056572444737, 0.0831929668784, 0.0614520274103, 0.0605236813426, 0.0270972661674, 0.00812586490065, 0.00937596708536, 0.00832203961909, 0.00643772725016, 0.00381726585329, 0.00316906580701, 0.00143538240809, 0.000848292082082, 0.00531330984086, 0.00467422092333, 0.00139273772947, 0.00309248710983, 0.0027895772364, 0.00161089585163, 0.00316001358442, 0.0046185455285, 0.00782773178071, 0.00585367903113, 0.00631764251739, 0.0126759875566, 0.011833791621, 0.0116308024153, 0.017163136974, 0.00802417565137, 0.0059469663538, 0.00574345188215, 0.00137843727134, 0.00112219015136, 0.00264807930216, 0.00173549819738, 0.00111506413668, 0.00148389686365, 0.00130741344765, 0.00130357337184, 0.00160731794313, 0.00116123165935, 0.00308363721706, 0.00312230712734, 0.00198292476125, 0.00152246316429, 0.000719907868188, 0.000335390825057, 0.000228548582527, 0.000177322741365, 0.000134719826747, 0.000181492374395, 0.000442820892204, 0.000628730631433, 0.00035897892667, 0.000146385966218, 0.000185090888408, 0.000233312472119, 0.000227163065574, 0.000205322096008, 0.000154910740093, 0.00016812022659, 7.27092046873e-05, 9.89459149423e-05, 0.000142253091326, 0.000112293826533, 0.000191452782019, 6.62974707666e-05, 6.88516665832e-05, 9.60222605499e-05, 9.4478862593e-05, 8.13941078377e-05, 4.66994933959e-05, 9.78038588073e-05, 8.79970320966e-05, 6.77648713463e-05, 5.58362153242e-05, 6.82855461491e-05, 3.1659641536e-05, 4.66062192572e-05, 3.53187824658e-05, 8.30057106214e-05, 6.23052328592e-05, 2.79336018139e-05, 3.45532171195e-05, 2.03029794648e-05, 2.81260363408e-05, 5.44484537386e-05, 5.45139482711e-05, 5.2539515309e-05, 8.98870275705e-05, 4.61337804154e-05, 8.66179179866e-05, 0.000174421307747, 4.55626359326e-05, 7.64463402447e-05, 8.65816473379e-05, 6.75137707731e-05, 9.94011570583e-05, 3.53262585122e-05, 8.70562071213e-05, 5.47889358131e-05, 0.000334805285092, 0.000146602629684, 3.51814851456e-05, 2.74323483609e-05, 3.34340547852e-05, 1.78722602868e-05, 1.41853479363e-05, 5.57394050702e-05, 0.000207233097171, 3.86311221519e-05, 3.92880174331e-05, 4.84084057462e-06, 1.83524753083e-05, 5.01028716826e-06, 5.31215221145e-07, 1.55807765623e-06, 3.90413873674e-07, 2.01454938065e-07, 1.9684452468e-07, 1.93062476228e-07, 1.89619257185e-07, 1.86863644558e-07, 1.8458918305e-07, 1.83066248383e-07, 1.82037979357e-07],
        "mean": [0.0002206004865, 0.00142369419336, 0.00317515223287, 0.0045861066319, 0.00354126351885, 0.00181449309457, 0.000888044189196, 0.0004166419385, 0.000278990104562, 0.000156536014401, 0.000100724624644, 0.0001063380696, 0.000134483765578, 7.25127683836e-05, 4.98362023791e-05, 0.000133622263093, 0.000122700963402, 5.84279005125e-05, 8.92251555342e-05, 0.00014909618767, 0.000123249192256, 0.000204945434234, 0.000329852628056, 0.00048321209033, 0.000734371074941, 0.000682058220264, 0.000906162080355, 0.00111368275248, 0.00107294868212, 0.0010357121937, 0.000624240026809, 0.000327138870489, 0.000203850024263, 0.000101166748209, 8.82301537786e-05, 0.000127406063257, 0.000111799570732, 8.09531265986e-05, 8.89890870894e-05, 0.00010342040332, 7.76749802753e-05, 9.9585056887e-05, 8.53488163557e-05, 8.60243235365e-05, 7.92462014942e-05, 7.5179777923e-05, 7.67220553826e-05, 3.41767481586e-05, 2.74483099929e-05, 2.44949496846e-05, 2.09953796002e-05, 1.83601823665e-05, 1.68621900229e-05, 2.78834886558e-05, 3.76452335331e-05, 2.1033865778e-05, 1.7276561266e-05, 1.9005354261e-05, 1.59670344146e-05, 1.0731844668e-05, 1.030562089e-05, 8.71151951287e-06, 7.04003878127e-06, 6.33084164292e-06, 7.08973175279e-06, 5.93896356804e-06, 4.83035319121e-06, 4.08099595006e-06, 3.64354514204e-06, 4.74181979371e-06, 3.98613337893e-06, 3.8828079596e-06, 3.45630201082e-06, 3.58521720045e-06, 3.3460855775e-06, 3.56037458005e-06, 2.95034237752e-06, 2.86788394988e-06, 2.64924688054e-06, 2.73552905128e-06, 3.1019508242e-06, 2.76383616438e-06, 3.30613102051e-06, 2.75633055935e-06, 2.26633756029e-06, 2.56415000877e-06, 2.22240669245e-06, 2.13932412407e-06, 1.95453458218e-06, 2.10517077903e-06, 2.25056919589e-06, 2.22484368351e-06, 1.88498188436e-06, 1.6402283336e-06, 1.72151078459e-06, 1.25198721435e-06, 1.48127116972e-06, 1.79644337095e-06, 2.11027236219e-06, 1.93325990949e-06, 1.02770582089e-06, 1.28227986806e-06, 9.52555978984e-07, 1.87448347333e-06, 1.49313439124e-06, 1.00807403669e-06, 8.20651052891e-07, 7.78119613187e-07, 4.63687570118e-07, 4.76762863855e-07, 5.90218235175e-07, 1.09785798941e-06, 7.21343894838e-07, 5.26376595644e-07, 1.49025552787e-07, 2.16722810364e-07, 8.92162503874e-08, 1.27554171669e-08, 5.22867305008e-09, 1.82140147409e-09, 4.33178021231e-10, 6.07000616437e-10, 7.093526877e-10, 3.76319975182e-10, 3.46636219728e-10, 3.41502492951e-10, 3.38161693092e-10, 3.36162597758e-10],
        "min": [7.64572960499e-10, 9.30213017725e-10, 1.30555444233e-09, 9.85597736758e-09, 1.01920578643e-08, 3.03865519413e-08, 2.56069814242e-08, 7.1758435638e-08, 3.17633919167e-07, 6.39764039079e-07, 8.59288547872e-07, 4.19372327087e-07, 1.78677652229e-07, 4.3956515583e-07, 5.1723316119e-07, 3.78899613906e-07, 7.32078319743e-07, 6.63138507662e-07, 8.45844624564e-07, 1.23086476833e-06, 2.26721363106e-06, 3.76705202143e-06, 1.7704039692e-06, 3.0005599001e-06, 3.43420970239e-06, 2.79403775494e-06, 9.24949927139e-06, 1.72879208549e-05, 1.56537935254e-05, 1.08103267848e-06, 4.34244839198e-06, 3.16808223033e-06, 1.23688221265e-06, 1.55874579377e-06, 1.30590376557e-06, 2.22705898523e-06, 3.8898119783e-06, 2.72421925729e-06, 1.34757385695e-06, 1.48204026118e-06, 1.77160279691e-06, 2.42952023655e-06, 1.33539060698e-06, 2.95499967251e-06, 1.0456558357e-06, 2.1995501811e-06, 1.88823275948e-06, 1.05784147308e-06, 2.05234937312e-06, 7.57405189233e-07, 7.17827617791e-07, 7.3551927926e-07, 7.84294456935e-07, 1.29938325699e-06, 1.45513035932e-06, 6.85153111135e-07, 4.93907862165e-07, 6.34818604794e-07, 1.03295565168e-06, 2.88843267526e-07, 5.93458992171e-07, 4.94056450862e-07, 1.94270427301e-07, 4.10130667206e-07, 1.71051041775e-07, 2.79032093431e-07, 1.74490565996e-07, 1.21228197258e-07, 2.40794008732e-07, 3.88231768511e-07, 4.27437782946e-07, 1.07170222918e-07, 1.88961749359e-07, 1.58210752943e-07, 2.58104961404e-07, 1.78165421971e-07, 2.41712285742e-07, 4.11253211041e-07, 2.7607157449e-07, 2.99446099916e-07, 3.63787108881e-07, 2.27579235457e-07, 2.42683285023e-07, 1.09581527852e-07, 1.40641631674e-07, 1.88899818454e-07, 1.03876317326e-07, 9.5126338806e-08, 1.17289211232e-07, 1.04883568497e-07, 9.90761463981e-08, 1.0388370697e-07, 7.55422178145e-08, 8.30066682056e-08, 7.29042923808e-08, 4.31916760135e-08, 4.29640074628e-08, 3.30758922473e-08, 3.94640444767e-08, 3.4785141878e-08, 3.27386224797e-08, 2.30039738369e-08, 1.29280985917e-08, 1.53119081858e-08, 1.47992063049e-08, 9.65652002805e-09, 9.29124155391e-09, 8.27932211678e-09, 4.71386218948e-09, 3.37237260339e-09, 2.26976304418e-09, 2.51314702382e-09, 2.46890174971e-09, 1.4509351498e-09, 1.16746867729e-09, 6.16062145742e-10, 2.54705093822e-11, 1.57484290365e-12, 1.0584754644e-12, 9.84979242266e-13, 8.74416641525e-13, 7.98611394029e-13, 1.06717152476e-12, 7.02301931887e-13, 7.81971492766e-13, 2.44990226023e-13, 4.27812590854e-14, 1.55260429842e-15],
        "stdev": [0.000811014266219, 0.00453582825139, 0.00800996646285, 0.0120656248182, 0.00973491091281, 0.00548431277275, 0.00282975519076, 0.0010527446866, 0.000684904167429, 0.000481668103021, 0.00035395505256, 0.000277198589174, 0.000378356693545, 0.000159053655807, 9.5493713161e-05, 0.000497092842124, 0.000444379169494, 0.000128573345137, 0.000239080589381, 0.000380458775908, 0.00018056902627, 0.000353157432983, 0.000516511732712, 0.000694981077686, 0.000989857478999, 0.000889958580956, 0.00130934757181, 0.00182138057426, 0.00148384412751, 0.00207727542147, 0.00100348563865, 0.000500496826135, 0.000490483187605, 0.000145048659761, 0.000132049171953, 0.000209863472264, 0.000161356598255, 0.000101765821455, 0.000116342256661, 0.000137704308145, 9.10915623535e-05, 0.000142062985105, 0.000112589055789, 0.000203658564715, 0.000185914133908, 0.000118956748338, 0.000149369225255, 4.45696568931e-05, 3.15035213134e-05, 2.63826696028e-05, 2.29182023759e-05, 1.88312624232e-05, 1.771807365e-05, 4.62216521555e-05, 7.7499084e-05, 3.12098018185e-05, 1.82206476893e-05, 2.26626889344e-05, 2.02692426683e-05, 1.44133955473e-05, 1.33903977257e-05, 1.19414080473e-05, 9.3837879831e-06, 6.11950690654e-06, 8.95191897143e-06, 9.46183808992e-06, 7.22173081158e-06, 8.98890357348e-06, 4.13069801652e-06, 7.86173586675e-06, 5.79795459998e-06, 6.68645861879e-06, 5.20279581906e-06, 5.07857566845e-06, 6.28971974947e-06, 5.27077418155e-06, 3.98215297537e-06, 4.20936657974e-06, 3.76536218027e-06, 2.74567673841e-06, 4.38664346802e-06, 3.59035152542e-06, 5.65367281524e-06, 4.02312389269e-06, 2.9341483696e-06, 3.74340629605e-06, 2.81749589703e-06, 3.13144414577e-06, 3.9741398723e-06, 4.26392944064e-06, 4.84785550725e-06, 5.89269166085e-06, 4.19927891926e-06, 4.55828649137e-06, 8.26347786642e-06, 3.85467819797e-06, 5.08009225086e-06, 6.89183752911e-06, 6.30670638202e-06, 6.91279046805e-06, 3.47216496266e-06, 4.89410285809e-06, 3.36369043907e-06, 1.49057186718e-05, 7.84206713433e-06, 3.37443043463e-06, 2.49498475569e-06, 2.62357343672e-06, 1.52674874698e-06, 1.56178077759e-06, 3.29594035975e-06, 9.26418579184e-06, 2.93794391837e-06, 2.47356092586e-06, 4.63423191377e-07, 1.03522984318e-06, 3.44838042565e-07, 5.04638748566e-08, 7.58267617584e-08, 2.16540705367e-08, 8.60833804239e-09, 9.74249037e-09, 1.14553149189e-08, 8.09588662776e-09, 7.96036392359e-09, 7.86350984328e-09, 7.79865416689e-09, 7.75485364812e-09]
    },
    "mfcc": {
        "mean": [-621.732910156, 92.3351364136, -36.6172485352, -25.2961006165, -25.6385631561, -2.21696782112, -5.64563989639, 11.2561016083, 5.69139528275, 3.76279568672, -3.51647663116, -7.5881061554, -12.6935186386],
        "cov": [[909.986022949, 289.791168213, 838.314147949, 371.932098389, 472.573120117, 233.102767944, 270.150604248, 115.77759552, 184.201477051, 112.61643219, 95.1216430664, 104.844116211, 114.568977356], [289.791168213, 459.777587891, 520.411987305, 333.837188721, 339.225891113, 170.408660889, 184.580917358, 67.4654083252, 111.660758972, 52.0573387146, 66.6837463379, 79.9812088013, 87.5376968384], [838.314147949, 520.411987305, 1621.61755371, 765.992614746, 930.893737793, 480.645904541, 535.916687012, 214.466644287, 304.246856689, 189.9662323, 138.050415039, 173.033157349, 171.823669434], [371.932098389, 333.837188721, 765.992614746, 478.846893311, 489.095184326, 263.511169434, 268.420715332, 114.796394348, 149.659576416, 84.7720108032, 80.6832046509, 101.305488586, 110.093612671], [472.573120117, 339.225891113, 930.893737793, 489.095184326, 633.252868652, 310.6355896, 334.005004883, 124.190933228, 179.115097046, 103.232177734, 89.2873382568, 120.076629639, 120.331466675], [233.102767944, 170.408660889, 480.645904541, 263.511169434, 310.6355896, 222.326309204, 189.069412231, 82.2228851318, 98.8963317871, 68.3935012817, 56.7056655884, 58.135684967, 59.4807929993], [270.150604248, 184.580917358, 535.916687012, 268.420715332, 334.005004883, 189.069412231, 250.953659058, 89.9387512207, 117.007377625, 68.1942062378, 50.8226623535, 62.7898368835, 62.6398086548], [115.77759552, 67.4654083252, 214.466644287, 114.796394348, 124.190933228, 82.2228851318, 89.9387512207, 89.4315338135, 62.2272758484, 33.6409988403, 21.3444881439, 34.7849502563, 28.9305324554], [184.201477051, 111.660758972, 304.246856689, 149.659576416, 179.115097046, 98.8963317871, 117.007377625, 62.2272758484, 116.806060791, 52.8893852234, 31.9156341553, 37.2118263245, 31.5923442841], [112.61643219, 52.0573387146, 189.9662323, 84.7720108032, 103.232177734, 68.3935012817, 68.1942062378, 33.6409988403, 52.8893852234, 82.1266326904, 45.862651825, 18.0852413177, 8.38946723938], [95.1216430664, 66.6837463379, 138.050415039, 80.6832046509, 89.2873382568, 56.7056655884, 50.8226623535, 21.3444881439, 31.9156341553, 45.862651825, 68.167930603, 32.1415252686, 22.6601219177], [104.844116211, 79.9812088013, 173.033157349, 101.305488586, 120.076629639, 58.135684967, 62.7898368835, 34.7849502563, 37.2118263245, 18.0852413177, 32.1415252686, 72.5547409058, 53.0998039246], [114.568977356, 87.5376968384, 171.823669434, 110.093612671, 120.331466675, 59.4807929993, 62.6398086548, 28.9305324554, 31.5923442841, 8.38946723938, 22.6601219177, 53.0998039246, 85.4892807007]],
        "icov": [[0.00235820258968, -0.000241816669586, -0.00139606068842, 0.000999571057037, -4.65791054012e-05, 0.000419008167228, 0.000341401959304, -0.00011228571384, -0.00114751723595, 3.8013035919e-06, -0.00110077671707, 0.000338984013069, -0.0013272910146], [-0.000241816669586, 0.00473457854241, 0.000283376488369, -0.00351551361382, 3.66233180102e-05, 0.000741464027669, -0.000394305272494, 0.00126938824542, -0.0012967272196, 0.00116154411808, -0.0013852827251, -0.000317657191772, -0.000344594736816], [-0.00139606068842, 0.000283376488369, 0.00616744160652, -0.00294580729678, -0.00459545711055, 0.000188784993952, -0.00230225757696, -0.000248506607022, -0.000659248791635, -0.00272301910445, 0.00212345761247, -1.05273575173e-05, 0.00104113307316], [0.000999571057037, -0.00351551361382, -0.00294580729678, 0.0155898705125, -0.00455074058846, -0.00370184914209, 0.00157625274733, -0.00288555072621, -4.63134747406e-05, 0.00156178185716, -0.00218526972458, 0.00137071835343, -0.00350150140002], [-4.65791054012e-05, 3.66233180102e-05, -0.00459545711055, -0.00455074058846, 0.0158168766648, -0.00420290464535, -0.00367085752077, 0.00402696989477, -0.000751933839638, 0.00167053984478, 0.000261940760538, -0.00419193413109, -0.000242070193053], [0.000419008167228, 0.000741464027669, 0.000188784993952, -0.00370184914209, -0.00420290464535, 0.0193682536483, -0.00472882715985, -0.00387413264252, 0.001029222738, -0.00249263574369, -0.00298015028238, 0.00258473539725, -0.000668213353492], [0.000341401959304, -0.000394305272494, -0.00230225757696, 0.00157625274733, -0.00367085752077, -0.00472882715985, 0.0181282497942, -0.00360975204967, -0.00309289759025, 0.000254955579294, 2.49452732533e-05, 0.00112218211871, -0.000646332395263], [-0.00011228571384, 0.00126938824542, -0.000248506607022, -0.00288555072621, 0.00402696989477, -0.00387413264252, -0.00360975204967, 0.022799955681, -0.00647649168968, -0.00155172916129, 0.00307331653312, -0.00597701407969, 0.00046616489999], [-0.00114751723595, -0.0012967272196, -0.000659248791635, -4.63134747406e-05, -0.000751933839638, 0.001029222738, -0.00309289759025, -0.00647649168968, 0.0224512536079, -0.00659175775945, 0.00273840664886, -0.00119666324463, 0.00141805480234], [3.8013035919e-06, 0.00116154411808, -0.00272301910445, 0.00156178185716, 0.00167053984478, -0.00249263574369, 0.000254955579294, -0.00155172916129, -0.00659175775945, 0.0288326330483, -0.0165287069976, 0.00353061687201, 0.00378311774693], [-0.00110077671707, -0.0013852827251, 0.00212345761247, -0.00218526972458, 0.000261940760538, -0.00298015028238, 2.49452732533e-05, 0.00307331653312, 0.00273840664886, -0.0165287069976, 0.0313864424825, -0.0101009178907, 0.000651082140394], [0.000338984013069, -0.000317657191772, -1.05273575173e-05, 0.00137071835343, -0.00419193413109, 0.00258473539725, 0.00112218211871, -0.00597701407969, -0.00119666324463, 0.00353061687201, -0.0101009178907, 0.033339612186, -0.0145056508482], [-0.0013272910146, -0.000344594736816, 0.00104113307316, -0.00350150140002, -0.000242070193053, -0.000668213353492, -0.000646332395263, 0.00046616489999, 0.00141805480234, 0.00378311774693, 0.000651082140394, -0.0145056508482, 0.0253091715276]]
    },
    "spectral_contrast_coeffs": {
        "max": [-0.525760173798, -0.579127430916, -0.479387134314, -0.665626764297, -0.721286892891, -0.657056093216],
        "mean": [-0.702909231186, -0.756575405598, -0.719643652439, -0.815194904804, -0.807617783546, -0.757752716541],
        "min": [-0.878206133842, -0.902232527733, -0.894656896591, -0.887715578079, -0.869615316391, -0.854767382145],
        "stdev": [0.0603989027441, 0.067199125886, 0.0643867924809, 0.0325906798244, 0.0244247112423, 0.0277709979564]
    },
    "spectral_contrast_valleys": {
        "max": [-4.9902381897, -5.16241502762, -4.80945920944, -5.83933639526, -5.74741458893, -7.75233745575],
        "mean": [-8.07119464874, -6.5077047348, -6.31753206253, -6.79956483841, -7.2279086113, -9.80299282074],
        "min": [-10.5996446609, -7.61995840073, -7.54823446274, -7.8622636795, -7.97951936722, -10.6733875275],
        "stdev": [1.46304666996, 0.365900784731, 0.399783432484, 0.330259352922, 0.266521900892, 0.497947007418]
    }
},
"rhythm": {
    "beats_count": 24,
    "beats_loudness": {
        "max": 0.15383630991,
        "mean": 0.0414885506034,
        "min": 0.0104683339596,
        "stdev": 0.0425781533122
    },
    "bpm": 120.655563354,
    "bpm_histogram_first_peak_bpm": 120,
    "bpm_histogram_first_peak_weight": 0.615384578705,
    "bpm_histogram_second_peak_bpm": 110,
    "bpm_histogram_second_peak_spread": 0.571428537369,
    "bpm_histogram_second_peak_weight": 0.130434781313,
    "danceability": 0.930834710598,
    "onset_rate": 1.72422373295,
    "beats_loudness_band_ratio": {
        "max": [0.886559486389, 0.140047132969, 0.601420044899, 0.75982606411, 0.271845191717, 0.18269649148],
        "mean": [0.197557106614, 0.0253689736128, 0.300910800695, 0.382773518562, 0.0884175002575, 0.0371509753168],
        "min": [0.000291702104732, 0.0030197489541, 0.0094429096207, 0.0571079999208, 0.00843504350632, 0.00472061289474],
        "stdev": [0.316374659538, 0.0348638519645, 0.17946189642, 0.227492436767, 0.0547684580088, 0.0407915562391]
    },
    "beats_position": [0.603718817234, 1.16099774837, 1.70666658878, 2.2523355484, 2.7863945961, 3.32045340538, 3.85451245308, 4.40018129349, 4.88780021667, 5.38702917099, 5.88625860214, 6.37387752533, 6.86149644852, 7.3491153717, 7.8251247406, 8.3011341095, 8.77714252472, 9.287981987, 9.79882049561, 10.3096599579, 10.8088884354, 11.3081178665, 11.7957363129, 12.294965744],
    "bpm_histogram": [0, 0, 0, 0, 0, 0, 0, 0, 0, 0, 0, 0, 0, 0, 0, 0, 0, 0, 0, 0, 0, 0, 0, 0, 0, 0, 0, 0, 0, 0, 0, 0, 0, 0, 0, 0, 0, 0, 0, 0, 0, 0, 0, 0, 0, 0, 0, 0, 0, 0, 0, 0, 0, 0, 0, 0, 0, 0, 0, 0, 0, 0, 0, 0, 0, 0, 0, 0, 0, 0, 0, 0, 0, 0, 0, 0, 0, 0, 0, 0, 0, 0, 0, 0, 0, 0, 0, 0, 0, 0, 0, 0, 0, 0, 0, 0, 0, 0, 0, 0, 0, 0, 0, 0, 0, 0, 0, 0, 0.0434782616794, 0, 0.130434781313, 0, 0.130434781313, 0, 0, 0, 0, 0.130434781313, 0, 0, 0.217391297221, 0, 0, 0.217391297221, 0, 0, 0.130434781313, 0, 0, 0, 0, 0, 0, 0, 0, 0, 0, 0, 0, 0, 0, 0, 0, 0, 0, 0, 0, 0, 0, 0, 0, 0, 0, 0, 0, 0, 0, 0, 0, 0, 0, 0, 0, 0, 0, 0, 0, 0, 0, 0, 0, 0, 0, 0, 0, 0, 0, 0, 0, 0, 0, 0, 0, 0, 0, 0, 0, 0, 0, 0, 0, 0, 0, 0, 0, 0, 0, 0, 0, 0, 0, 0, 0, 0, 0, 0, 0, 0, 0, 0, 0, 0, 0, 0, 0, 0, 0, 0, 0, 0, 0, 0, 0, 0, 0, 0, 0, 0, 0, 0, 0, 0, 0, 0, 0, 0, 0, 0, 0, 0, 0, 0, 0, 0, 0, 0, 0, 0, 0, 0]
},
"tonal": {
    "chords_changes_rate": 0.112318843603,
