{
"metadata": {
    "version": {
        "essentia": "2.1-beta5",
        "essentia_git_sha": "Undefined",
        "extractor": "music 2.0"
    },
    "audio_properties": {
        "analysis": {
            "equal_loudness": 0,
            "length": 49.3307952881,
            "sample_rate": 44100,
            "start_time": 142.744674683,
            "downmix": "mix"
        },
        "bit_rate": 192000,
        "length": 192.098693848,
        "lossless": 0,
        "number_channels": 2,
        "replay_gain": 0.938512802124,
        "sample_rate": 48000,
        "codec": "mp3",
        "md5_encoded": "475473680518fd0627a3c335054a9da5"
    },
    "tags": {
        "file_name": "Turkey_Rimi Rimi Ley_Gülseren.mp3",
        "encoding": ["Lavf58.29.100"]
    }
},
"lowlevel": {
    "average_loudness": 0.973361253738,
    "barkbands_crest": {
        "max": 25.7197971344,
        "mean": 9.87965583801,
        "min": 2.18122363091,
        "stdev": 5.34829854965
    },
    "barkbands_flatness_db": {
        "max": 0.37197726965,
        "mean": 0.145439758897,
        "min": 0.063083447516,
        "stdev": 0.0483038313687
    },
    "barkbands_kurtosis": {
        "max": 101.319343567,
        "mean": 2.82095336914,
        "min": -1.92856276035,
        "stdev": 7.47056055069
    },
    "barkbands_skewness": {
        "max": 9.5212059021,
        "mean": 1.36176776886,
        "min": -1.4406015873,
        "stdev": 1.26029348373
    },
    "barkbands_spread": {
        "max": 108.202575684,
        "mean": 32.5679702759,
        "min": 1.68174159527,
        "stdev": 18.4013652802
    },
    "dissonance": {
        "max": 0.5,
        "mean": 0.477288961411,
        "min": 0.334562957287,
        "stdev": 0.0187825188041
    },
    "dynamic_complexity": 2.44091582298,
    "erbbands_crest": {
        "max": 29.8963756561,
        "mean": 7.74397420883,
        "min": 2.41483449936,
        "stdev": 4.45028400421
    },
    "erbbands_flatness_db": {
        "max": 0.431619256735,
        "mean": 0.158846661448,
        "min": 0.0865081325173,
        "stdev": 0.0595641285181
    },
    "erbbands_kurtosis": {
        "max": 24.8624801636,
        "mean": -0.121862947941,
        "min": -1.8068459034,
        "stdev": 1.73750340939
    },
    "erbbands_skewness": {
        "max": 4.65264463425,
        "mean": 0.26501968503,
        "min": -2.52917098999,
        "stdev": 0.72995942831
    },
    "erbbands_spread": {
        "max": 163.340240479,
        "mean": 53.9781455994,
        "min": 3.38771510124,
        "stdev": 28.077457428
    },
    "hfc": {
        "max": 154.839324951,
        "mean": 27.5092639923,
        "min": 0.000202769675525,
        "stdev": 22.2450199127
    },
    "loudness_ebu128": {
        "integrated": -24.3483963013,
        "loudness_range": 2.79465484619,
        "momentary": {
            "max": -20.1918239594,
            "mean": -24.6412181854,
            "min": -29.6822223663,
            "stdev": 1.62386107445
        },
        "short_term": {
            "max": -22.3449478149,
            "mean": -24.41847229,
            "min": -26.9086227417,
            "stdev": 0.899830877781
        }
    },
    "melbands_crest": {
        "max": 35.1942367554,
        "mean": 14.4522647858,
        "min": 2.94308066368,
        "stdev": 6.85229301453
    },
    "melbands_flatness_db": {
        "max": 0.392099350691,
        "mean": 0.146902129054,
        "min": 0.0211811065674,
        "stdev": 0.0623216964304
    },
    "melbands_kurtosis": {
        "max": 341.905792236,
        "mean": 19.4496440887,
        "min": -1.58420133591,
        "stdev": 35.6975021362
    },
    "melbands_skewness": {
        "max": 16.9129199982,
        "mean": 3.0817027092,
        "min": -0.94181907177,
        "stdev": 2.49306297302
    },
    "melbands_spread": {
        "max": 199.912307739,
        "mean": 33.4431686401,
        "min": 1.36705708504,
        "stdev": 24.8467006683
    },
    "pitch_salience": {
        "max": 0.887117743492,
        "mean": 0.572191238403,
        "min": 0.0975499972701,
        "stdev": 0.15558975935
    },
    "silence_rate_20dB": {
        "max": 1,
        "mean": 1,
        "min": 1,
        "stdev": 0
    },
    "silence_rate_30dB": {
        "max": 1,
        "mean": 1,
        "min": 1,
        "stdev": 0
    },
    "silence_rate_60dB": {
        "max": 1,
        "mean": 0.0141110066324,
        "min": 0,
        "stdev": 0.117946662009
    },
    "spectral_centroid": {
        "max": 4180.26855469,
        "mean": 1763.18310547,
        "min": 320.319396973,
        "stdev": 545.007080078
    },
    "spectral_complexity": {
        "max": 55,
        "mean": 18.920507431,
        "min": 0,
        "stdev": 9.6173210144
    },
    "spectral_decrease": {
        "max": -9.96982935797e-15,
        "mean": -5.38033750885e-09,
        "min": -2.40869830748e-08,
        "stdev": 4.17736156777e-09
    },
    "spectral_energy": {
        "max": 0.0995313823223,
        "mean": 0.0228017941117,
        "min": 5.60202693123e-08,
        "stdev": 0.0169883929193
    },
    "spectral_energyband_high": {
        "max": 0.0144849224016,
        "mean": 0.00181648810394,
        "min": 1.6178434592e-08,
        "stdev": 0.00180096784607
    },
    "spectral_energyband_low": {
        "max": 0.0703540965915,
        "mean": 0.00831005163491,
        "min": 8.8250884378e-10,
        "stdev": 0.012544461526
    },
    "spectral_energyband_middle_high": {
        "max": 0.0985224097967,
        "mean": 0.006840582937,
        "min": 3.8885772824e-08,
        "stdev": 0.0103229731321
    },
    "spectral_energyband_middle_low": {
        "max": 0.0772100612521,
        "mean": 0.00681334175169,
        "min": 6.71621536164e-10,
        "stdev": 0.00706785963848
    },
    "spectral_entropy": {
        "max": 8.71836662292,
        "mean": 8.05384349823,
        "min": 6.63395452499,
        "stdev": 0.30427891016
    },
    "spectral_flux": {
        "max": 0.373037576675,
        "mean": 0.0935567617416,
        "min": 0.018141688779,
        "stdev": 0.0444390438497
    },
    "spectral_kurtosis": {
        "max": 14.5059146881,
        "mean": 1.54524588585,
        "min": -1.12497401237,
        "stdev": 1.85993933678
    },
    "spectral_rms": {
        "max": 0.0098541257903,
        "mean": 0.00440132757649,
        "min": 7.3928290476e-06,
        "stdev": 0.00169528077822
    },
    "spectral_rolloff": {
        "max": 10099.0722656,
        "mean": 2796.17553711,
        "min": 64.599609375,
        "stdev": 2441.73901367
    },
    "spectral_skewness": {
        "max": 2.67776489258,
        "mean": 1.09332418442,
        "min": 0.153001502156,
        "stdev": 0.336239039898
    },
    "spectral_spread": {
        "max": 12588760,
        "mean": 5985468,
        "min": 2117703,
        "stdev": 1736970.75
    },
    "spectral_strongpeak": {
        "max": 29.6231632233,
        "mean": 1.01517677307,
        "min": 0.000322100007907,
        "stdev": 1.81179225445
    },
    "zerocrossingrate": {
        "max": 0.328125,
        "mean": 0.100435733795,
        "min": 0.00634765625,
        "stdev": 0.0481332987547
    },
    "barkbands": {
        "max": [0.00479602161795, 0.059630766511, 0.0487329363823, 0.0268750954419, 0.0182143077254, 0.0233265459538, 0.0137732289732, 0.0301196817309, 0.0597748309374, 0.0638070255518, 0.0808132886887, 0.0484117679298, 0.0466325283051, 0.0116473641247, 0.0335388481617, 0.0368290059268, 0.0317208319902, 0.0117354188114, 0.0064918496646, 0.00400546099991, 0.00269346451387, 0.00413660146296, 0.00378932803869, 0.0117722637951, 0.0019862849731, 7.15928581485e-06, 1.45315880218e-07],
        "mean": [0.000148582606926, 0.00493883620948, 0.00242724479176, 0.00115015916526, 0.000979502336122, 0.00097476906376, 0.000664203427732, 0.000998375355266, 0.0016820061719, 0.0014009779552, 0.00145308836363, 0.000757940695621, 0.000610094051808, 0.000385247898521, 0.000529826618731, 0.000623168016318, 0.000404838327086, 0.00046623084927, 0.000285495130811, 0.000236049309024, 0.000197553337784, 0.000258216372458, 0.000434468442108, 0.000595353427343, 0.000199502086616, 7.88515777117e-08, 1.07649789083e-09],
        "min": [5.19626786044e-10, 3.66143698693e-10, 1.83956266886e-10, 1.78953005192e-10, 1.96084370963e-10, 2.18011338149e-11, 6.58203144766e-11, 6.75371911174e-11, 6.8767234962e-11, 4.90822604782e-10, 3.43203865327e-09, 5.30786348207e-09, 1.20556820082e-09, 6.08717742878e-10, 5.03588171163e-10, 6.51650233774e-10, 4.53539028555e-09, 9.41459799009e-09, 3.65958641169e-09, 1.28227739538e-08, 2.89581980617e-09, 2.94567015224e-09, 1.43690115362e-09, 2.46232545464e-09, 1.26167054582e-09, 1.60068722166e-10, 3.45032023785e-11],
        "stdev": [0.000355206022505, 0.00963506288826, 0.00540380459279, 0.00235896394588, 0.00168914475944, 0.00179113890044, 0.00125337648205, 0.00207105884328, 0.00369009189308, 0.00385534041561, 0.00484490022063, 0.00296376179904, 0.00239809975028, 0.000690927437972, 0.00175835064147, 0.00210991827771, 0.00127674581017, 0.000869536423124, 0.000396684772568, 0.000291796284728, 0.000257162551861, 0.000324202614138, 0.000494961219374, 0.000815957784653, 0.000253154488746, 3.45638454746e-07, 3.36881744722e-09]
    },
    "erbbands": {
        "max": [2.2019765377, 15.5501928329, 50.7737503052, 84.1993103027, 43.2498703003, 96.2635879517, 207.436813354, 201.414703369, 170.242248535, 299.669006348, 859.418884277, 1423.98022461, 2237.24316406, 3222.74658203, 3134.03710938, 1682.99536133, 1935.74365234, 1223.015625, 664.758361816, 1459.9119873, 2276.765625, 986.481933594, 590.852172852, 401.142211914, 209.805130005, 267.888549805, 103.543937683, 124.231987, 117.538703918, 131.178115845, 112.023971558, 435.914367676, 51.5672988892, 32.6601257324, 14.3319349289, 1.27322852612, 0.0295439399779, 0.00170833978336, 0.000214795960346, 0.000146444144775],
        "mean": [0.155921593308, 1.06011080742, 2.48551869392, 4.07286834717, 2.61375355721, 3.73841691017, 6.8308300972, 7.22245931625, 6.90395450592, 15.5551338196, 27.8938694, 38.0439758301, 37.7249488831, 58.8616485596, 48.2447547913, 29.9404754639, 27.3367385864, 23.3519821167, 22.7229251862, 29.1785411835, 35.6874961853, 22.9323635101, 23.938123703, 20.1888809204, 12.2125320435, 11.9152526855, 7.93328428268, 8.15219116211, 8.82622623444, 10.3276758194, 12.3990745544, 16.5788631439, 6.98302412033, 3.18425822258, 0.910486936569, 0.048048697412, 0.00149575748947, 0.000135338152177, 3.64462721336e-05, 3.47122295352e-05],
        "min": [1.7284980558e-08, 6.19591489226e-08, 1.89313951182e-07, 4.48896145144e-07, 7.35322032597e-07, 5.7557360833e-07, 2.77762950418e-07, 1.87497022353e-07, 5.92505500663e-07, 1.80773088232e-06, 1.2668723457e-06, 1.42214923926e-06, 8.04628598416e-06, 5.2833409427e-05, 0.000213075589272, 0.000165741614182, 5.77862920181e-05, 4.2277501052e-05, 1.54218614625e-05, 4.78168258269e-05, 4.74854605272e-05, 0.000322416890413, 0.000519520079251, 0.000198341440409, 0.000324938708218, 0.000648360641208, 0.00017795660824, 0.000105184757558, 8.68754650583e-05, 6.55427211314e-05, 4.37709859398e-05, 3.95761562686e-05, 4.97373730468e-05, 1.47764330904e-05, 8.33795184008e-06, 3.14824046654e-06, 1.36739561185e-06, 1.81990586157e-07, 4.89094587053e-09, 3.54806434233e-10],
        "stdev": [0.31724601984, 2.14658308029, 5.36172199249, 7.99345350266, 4.66697692871, 6.93210601807, 13.6034832001, 13.6689605713, 13.180850029, 27.7804870605, 57.573387146, 83.0087432861, 99.2852783203, 174.329910278, 173.004760742, 96.8691482544, 87.2477340698, 61.5582733154, 44.4137191772, 82.8765258789, 115.59552002, 54.7293510437, 46.0690536499, 31.2922935486, 14.1802616119, 16.4056491852, 10.2032203674, 10.6075792313, 10.4656057358, 11.8787612915, 14.1322221756, 26.5920886993, 7.69774103165, 4.10312414169, 1.2000105381, 0.0681305155158, 0.00191147101577, 0.000153937871801, 3.0044304367e-05, 2.34322924371e-05]
    },
    "gfcc": {
        "mean": [2.77739596367, 66.1979904175, -144.042800903, 45.807220459, -87.3065032959, 37.4516372681, -44.99741745, 16.4825534821, -16.3232288361, -10.7707595825, -6.61405420303, -14.7368841171, -2.22214961052],
        "cov": [[2206.36694336, 153.489395142, 654.937255859, 350.48348999, 7.85142374039, 88.9975738525, -204.739898682, 49.0868339539, -37.0243759155, 70.38230896, -13.326710701, -18.1518115997, -6.56938743591], [153.489395142, 652.660644531, 604.733886719, 321.241882324, 207.099731445, 130.836578369, 42.9454803467, 45.8500480652, 82.0260925293, 42.0426177979, 61.8533096313, -27.9857673645, -6.30251932144], [654.937255859, 604.733886719, 2151.21484375, 1122.88659668, 309.828796387, 525.611083984, -123.331321716, 99.0237884521, 94.9055557251, 175.637786865, 121.438163757, 8.21896648407, -49.4499702454], [350.48348999, 321.241882324, 1122.88659668, 728.604858398, 255.088943481, 262.280853271, -48.4094848633, 68.1120071411, 79.2607192993, 66.1070404053, 67.777015686, 16.7276115417, 3.65757203102], [7.85142374039, 207.099731445, 309.828796387, 255.088943481, 243.846725464, 128.520080566, 69.3161392212, 61.7148323059, 52.1715354919, 4.04421472549, 32.6034889221, 7.74914169312, 21.9045028687], [88.9975738525, 130.836578369, 525.611083984, 262.280853271, 128.520080566, 268.759796143, 87.4783325195, 44.2312202454, 13.8686065674, 32.324180603, 48.8060874939, 8.86249065399, -10.5951137543], [-204.739898682, 42.9454803467, -123.331321716, -48.4094848633, 69.3161392212, 87.4783325195, 220.937606812, 55.7964630127, 7.19296360016, -38.170337677, 28.258687973, 5.71629333496, 19.1167316437], [49.0868339539, 45.8500480652, 99.0237884521, 68.1120071411, 61.7148323059, 44.2312202454, 55.7964630127, 105.265274048, 60.7238731384, 14.4406242371, 19.5606918335, 5.73871946335, 16.291513443], [-37.0243759155, 82.0260925293, 94.9055557251, 79.2607192993, 52.1715354919, 13.8686065674, 7.19296360016, 60.7238731384, 121.463752747, 40.0965614319, 30.612329483, 1.509147048, 24.3583488464], [70.38230896, 42.0426177979, 175.637786865, 66.1070404053, 4.04421472549, 32.324180603, -38.170337677, 14.4406242371, 40.0965614319, 97.9110794067, 39.5302200317, 13.0902767181, -6.0798201561], [-13.326710701, 61.8533096313, 121.438163757, 67.777015686, 32.6034889221, 48.8060874939, 28.258687973, 19.5606918335, 30.612329483, 39.5302200317, 93.2544784546, 38.9725570679, 20.9123363495], [-18.1518115997, -27.9857673645, 8.21896648407, 16.7276115417, 7.74914169312, 8.86249065399, 5.71629333496, 5.73871946335, 1.509147048, 13.0902767181, 38.9725570679, 72.4152069092, 37.23620224], [-6.56938743591, -6.30251932144, -49.4499702454, 3.65757203102, 21.9045028687, -10.5951137543, 19.1167316437, 16.291513443, 24.3583488464, -6.0798201561, 20.9123363495, 37.23620224, 69.4975891113]],
        "icov": [[0.000667191226967, -0.000410426990129, 0.000512201571837, -0.000794257211965, 0.000734264787752, -0.000825254945084, 0.00118131143972, -0.00142449350096, 0.00128767883871, -0.000460519135231, 9.82073252089e-05, 0.000558256346267, -0.000736428541131], [-0.000410426990129, 0.00414331862703, -0.00366580602713, 0.00362389022484, -0.00429484946653, 0.00461150566116, -0.00339552364312, 0.00340401870199, -0.0026653110981, 0.00101409596391, -0.00151642540004, 0.00143142370507, 0.000442870426923], [0.000512201571837, -0.00366580602713, 0.0088633550331, -0.0102525306866, 0.00637970631942, -0.0097951926291, 0.00631246063858, -0.00531986774877, 0.00401729857549, -0.00336173386313, 0.000234628751059, 0.000692575646099, 0.00042495931848], [-0.000794257211965, 0.00362389022484, -0.0102525306866, 0.0162883084267, -0.0101271290332, 0.0077031464316, -0.00355073320679, 0.00535926548764, -0.00559520022944, 0.00505240308121, -0.00119622377679, -0.00140022370033, -0.000298793514958], [0.000734264787752, -0.00429484946653, 0.00637970631942, -0.0101271290332, 0.0145748741925, -0.00794873852283, 0.00255612842739, -0.00576652912423, 0.0025203502737, -0.00122875685338, 0.00158259901218, 0.000121672761452, -0.00193688517902], [-0.000825254945084, 0.00461150566116, -0.0097951926291, 0.0077031464316, -0.00794873852283, 0.0206297170371, -0.0127109913155, 0.00664092460647, -0.00252363458276, 0.000257340958342, -0.000983116799034, -0.000908549351152, 0.002244847361], [0.00118131143972, -0.00339552364312, 0.00631246063858, -0.00355073320679, 0.00255612842739, -0.0127109913155, 0.0167133826762, -0.00998943671584, 0.00475529721007, 0.00288119679317, -0.00369937694632, 0.00225523277186, -0.00202678749338], [-0.00142449350096, 0.00340401870199, -0.00531986774877, 0.00535926548764, -0.00576652912423, 0.00664092460647, -0.00998943671584, 0.0225012823939, -0.0120403785259, 0.00102268636692, 0.00162258988712, -0.0024734493345, 0.00155627843924], [0.00128767883871, -0.0026653110981, 0.00401729857549, -0.00559520022944, 0.0025203502737, -0.00252363458276, 0.00475529721007, -0.0120403785259, 0.0203632749617, -0.00761219952255, -0.0023067786824, 0.00671338383108, -0.00733768055215], [-0.000460519135231, 0.00101409596391, -0.00336173386313, 0.00505240308121, -0.00122875685338, 0.000257340958342, 0.00288119679317, 0.00102268636692, -0.00761219952255, 0.02020627819, -0.00668044015765, -0.00314354128204, 0.00491497432813], [9.82073252089e-05, -0.00151642540004, 0.000234628751059, -0.00119622377679, 0.00158259901218, -0.000983116799034, -0.00369937694632, 0.00162258988712, -0.0023067786824, -0.00668044015765, 0.0209039673209, -0.00982613768429, -0.000711110886186], [0.000558256346267, 0.00143142370507, 0.000692575646099, -0.00140022370033, 0.000121672761452, -0.000908549351152, 0.00225523277186, -0.0024734493345, 0.00671338383108, -0.00314354128204, -0.00982613768429, 0.0277953073382, -0.01403203886], [-0.000736428541131, 0.000442870426923, 0.00042495931848, -0.000298793514958, -0.00193688517902, 0.002244847361, -0.00202678749338, 0.00155627843924, -0.00733768055215, 0.00491497432813, -0.000711110886186, -0.01403203886, 0.0265570282936]]
    },
    "melbands": {
        "max": [0.0167507920414, 0.0187981575727, 0.011787135154, 0.0046409717761, 0.00571464234963, 0.00412900839001, 0.00264247437008, 0.00313696963713, 0.0069807167165, 0.0099157448858, 0.0113003123552, 0.0133146028966, 0.012603752315, 0.00741934962571, 0.00530702900141, 0.00579481897876, 0.00182224565651, 0.000727901875507, 0.00329871079884, 0.00364368082955, 0.00260480865836, 0.00158502731938, 0.00108224351425, 0.000573761644773, 0.000387600419344, 0.000247717776801, 7.46735313442e-05, 0.000207079472602, 8.31074867165e-05, 6.02944237471e-05, 8.18363987491e-05, 5.25416689925e-05, 0.000165649151313, 7.90639314801e-05, 7.45004435885e-05, 0.000122576006106, 0.000291371223284, 4.5518456318e-05, 3.0368748412e-05, 3.81389872928e-05],
        "mean": [0.00138909555972, 0.00133506848942, 0.000638511555735, 0.000213615756365, 0.000220522648306, 0.000165850884514, 0.000115188173368, 0.000173679931322, 0.00024859351106, 0.000235871222685, 0.000183499039849, 0.000232073012739, 0.000187136611203, 9.03080945136e-05, 6.35082978988e-05, 6.16190445726e-05, 4.01053912356e-05, 3.2420772186e-05, 4.49665712949e-05, 3.9795646444e-05, 4.06399594794e-05, 2.45488135988e-05, 1.93076139112e-05, 2.25774165301e-05, 1.59305072884e-05, 9.77047602646e-06, 7.67292840465e-06, 8.01871829026e-06, 4.95414724355e-06, 4.3869226829e-06, 4.79405116494e-06, 4.41567863163e-06, 6.0763336478e-06, 5.58554847885e-06, 6.67015683575e-06, 9.58870532486e-06, 1.01441455627e-05, 5.58644433113e-06, 2.75837874142e-06, 2.67833138423e-06],
        "min": [1.52922396968e-10, 9.35337987618e-11, 8.66536981059e-11, 4.86557807933e-11, 1.21055587429e-11, 4.27807182041e-12, 1.01567339608e-11, 1.95356820998e-11, 1.13753546513e-11, 8.11363910086e-12, 3.7411008319e-11, 1.76252595852e-10, 5.94652771468e-10, 7.33370919548e-10, 1.64902827504e-10, 1.14956835717e-10, 7.29968585578e-11, 1.98258319484e-11, 5.03794228557e-11, 5.64654885349e-11, 4.95373013443e-11, 2.66525301829e-10, 5.51948597938e-10, 3.74574982143e-10, 1.26312099669e-10, 1.61424290601e-10, 4.39417613407e-10, 3.99928506978e-10, 1.02892201703e-10, 9.83636089247e-11, 4.9378098832e-11, 4.2247712273e-11, 6.86341955491e-11, 2.1581441495e-11, 2.18345411196e-11, 2.79083544469e-11, 2.31938756395e-11, 4.26784857455e-11, 1.94481999949e-11, 1.04270168888e-11],
        "stdev": [0.00272411154583, 0.00242280540988, 0.00118922872934, 0.000392483430915, 0.0003989568213, 0.00030607113149, 0.000216003012611, 0.000309226830723, 0.000518416287377, 0.000541980785783, 0.000507550081238, 0.000704685400706, 0.000673804082908, 0.000411670451285, 0.000205778531381, 0.000268906616839, 9.73286005319e-05, 5.48106945644e-05, 0.000182071264135, 0.000137933209771, 0.000134896341478, 7.31259569875e-05, 4.23070559918e-05, 4.58118593087e-05, 2.63336514763e-05, 1.35829077408e-05, 8.81178584677e-06, 1.24497137222e-05, 6.90767319611e-06, 5.96484733251e-06, 6.40019152343e-06, 5.04354557052e-06, 1.04050704977e-05, 6.3926936491e-06, 7.81833387009e-06, 1.32344694066e-05, 1.6826470528e-05, 6.10573761151e-06, 3.32140893988e-06, 3.81785821446e-06]
    },
    "melbands128": {
        "max": [0.00429133838043, 0.0186842326075, 0.0272061247379, 0.0289242826402, 0.0266487300396, 0.0239582136273, 0.0209771860391, 0.00929560698569, 0.00424106838182, 0.00721157295629, 0.00726181268692, 0.00789384264499, 0.00835259445012, 0.0091764619574, 0.00715099088848, 0.00619267579168, 0.00453633954749, 0.00361478235573, 0.00382260372862, 0.00509788189083, 0.00515941670164, 0.00807318836451, 0.0105546750128, 0.0129783404991, 0.0104265576228, 0.0142173543572, 0.0167152080685, 0.0125890877098, 0.020253425464, 0.014605851844, 0.0181603580713, 0.0148026812822, 0.0231868792325, 0.0168521683663, 0.01233139541, 0.0137059669942, 0.00431430339813, 0.00891203433275, 0.00466388463974, 0.00837464723736, 0.0133489649743, 0.0077508254908, 0.00201718183234, 0.00160003232304, 0.00102151813917, 0.00109329400584, 0.00266256835312, 0.00632270006463, 0.00420030253008, 0.00240151188336, 0.00678671617061, 0.00666092382744, 0.00669632386416, 0.00262078642845, 0.0056656091474, 0.00135540787596, 0.00113359175157, 0.00101851159707, 0.00196892512031, 0.00128073024098, 0.00117884075735, 0.00171037216205, 0.000804257346317, 0.000536432024091, 0.000424891914008, 0.000448683451395, 0.0002428922744, 0.000130867731059, 0.00013393520203, 0.0002392304159, 0.000401051394874, 0.000141120821354, 0.000157555870828, 0.000140529416967, 0.000128071507788, 6.99240044923e-05, 7.64008800616e-05, 0.000106413615867, 0.00012359432003, 7.06387872924e-05, 5.76716956857e-05, 0.000113035988761, 0.000235201165196, 0.000348381552612, 0.000130756990984, 0.000200309019419, 7.77462919359e-05, 9.03796462808e-05, 0.000130870859721, 6.33143790765e-05, 0.000135235619382, 0.000154143985128, 0.000422387645813, 0.000506695068907, 0.000128205909277, 6.82877871441e-05, 5.46074588783e-05, 4.36307527707e-05, 2.73886344075e-05, 3.21658371831e-05, 4.23844358011e-05, 6.78641736158e-05, 2.90488205792e-05, 2.08820219996e-05, 2.51922938332e-05, 2.50307439273e-05, 7.15467149348e-06, 2.33393095073e-07, 5.12081399506e-09, 3.63726715413e-09, 2.72063260809e-09, 2.16456874647e-09, 2.54977816638e-09, 3.15189141453e-09, 1.2271478278e-09, 1.07642250669e-09, 9.18043807641e-10, 8.08935030072e-10, 7.40071892658e-10, 6.73948841179e-10, 6.08646577582e-10, 5.79366332687e-10, 5.25779919602e-10, 5.09042252794e-10, 4.88084850314e-10, 4.67512917268e-10, 4.53193232941e-10, 4.45372350111e-10],
        "mean": [0.000139081515954, 0.00117636972573, 0.00202927878127, 0.00161034567282, 0.00122785649728, 0.00123293267097, 0.000924870255403, 0.000442237243988, 0.000211777311051, 0.000209609221201, 0.000217259497731, 0.000167658072314, 0.000255387974903, 0.000245382660069, 0.00016324747412, 0.000133628913318, 8.9599932835e-05, 9.81402554316e-05, 0.000157146307174, 0.000195305372472, 0.000156048263307, 0.000187009733054, 0.00027644680813, 0.000292621174594, 0.000254907878116, 0.000213693376281, 0.000187955054571, 0.000181065537618, 0.000177201160113, 0.000200436930754, 0.000283946748823, 0.00022889644606, 0.000221630019951, 0.000112168068881, 9.75885486696e-05, 8.8544897153e-05, 6.89777225489e-05, 7.13440531399e-05, 4.95027816214e-05, 5.79778425163e-05, 7.37714944989e-05, 5.45855873497e-05, 3.89947635995e-05, 3.27513771481e-05, 3.0881317798e-05, 2.91879714496e-05, 3.64841725968e-05, 5.70860283915e-05, 4.25759099016e-05, 2.81497104879e-05, 3.80738129024e-05, 5.3412921261e-05, 4.8263464123e-05, 3.0917373806e-05, 3.29516551574e-05, 2.41576508415e-05, 1.83896427188e-05, 1.64021548699e-05, 2.02389601327e-05, 2.3412047085e-05, 2.24580362556e-05, 2.36445448536e-05, 1.76362918864e-05, 1.35270183819e-05, 1.34976726258e-05, 8.94493405212e-06, 8.37186235003e-06, 7.73567535362e-06, 7.03006207914e-06, 8.12626785773e-06, 9.52729897108e-06, 7.3385426731e-06, 5.00950636706e-06, 4.73407271784e-06, 4.52575113741e-06, 4.15301656176e-06, 4.27973600381e-06, 5.03183082401e-06, 5.37198866368e-06, 3.89286333302e-06, 4.02419254897e-06, 4.60248975287e-06, 5.38002313988e-06, 7.30295278117e-06, 5.28313285031e-06, 5.39168922842e-06, 5.45826378584e-06, 6.3879051595e-06, 8.21777393867e-06, 4.58959357275e-06, 8.33638205222e-06, 1.03012162072e-05, 1.30723083203e-05, 1.00690522231e-05, 9.3023354566e-06, 7.03576779415e-06, 5.01678368892e-06, 2.98691907119e-06, 2.57159126704e-06, 2.67779410024e-06, 2.92286858894e-06, 2.89868489745e-06, 2.03234958462e-06, 1.35393770506e-06, 9.30745727601e-07, 7.22362301531e-07, 1.85467499136e-07, 4.39870762037e-09, 1.19146619654e-11, 8.52718503447e-12, 7.67789824774e-12, 7.62866853021e-12, 7.96352480487e-12, 8.09791296519e-12, 6.6416420974e-12, 6.16834014422e-12, 5.52925110212e-12, 5.17095394281e-12, 5.04784712294e-12, 4.88513743346e-12, 4.70738595673e-12, 4.62702922852e-12, 4.55462230431e-12, 4.42471623577e-12, 4.08081251083e-12, 3.52061804189e-12, 3.21640587428e-12, 3.15640417449e-12],
        "min": [1.74315756274e-10, 1.76298906029e-10, 1.21840329492e-10, 9.60816010087e-11, 9.17266332334e-11, 9.19709863823e-11, 9.09895978007e-11, 8.88025139534e-11, 7.69139404944e-11, 5.13133077695e-11, 2.83406319246e-11, 1.7072581196e-11, 9.48605950735e-12, 2.92874253495e-12, 2.84193306908e-12, 5.52944755955e-12, 7.38682552626e-12, 9.3918119809e-12, 1.47554590074e-11, 2.48193705171e-11, 2.18589833734e-11, 5.565605702e-12, 9.79523753775e-12, 1.811082187e-11, 6.88824301417e-12, 2.03817236526e-12, 1.46032404919e-11, 3.90391677318e-11, 5.5431506607e-11, 8.65616467394e-11, 2.05698721945e-10, 3.81667225602e-10, 5.05583630517e-10, 8.07251654411e-10, 1.06180686466e-09, 6.96575075398e-10, 2.46975301321e-10, 1.23532156726e-10, 1.2470743882e-10, 1.12425672938e-10, 1.2180791098e-10, 1.06142948597e-10, 7.91777476916e-11, 5.67877134205e-11, 2.88080705124e-11, 8.77592182952e-12, 1.2338938031e-11, 3.687118319e-11, 7.03252872603e-11, 9.20772000312e-11, 5.96862004265e-11, 1.43321561216e-11, 2.44656152976e-11, 5.8742156972e-11, 1.20012694227e-10, 2.46687642536e-10, 4.82527184875e-10, 3.764830947e-10, 8.11634148778e-10, 4.18840739869e-10, 4.09893952114e-10, 2.75420353191e-10, 9.65218391324e-11, 7.30293742146e-11, 1.82632978185e-10, 1.51959639316e-10, 1.51626156075e-10, 2.23514651232e-10, 4.73082129027e-10, 8.33369317998e-10, 4.31029434367e-10, 1.80734746613e-10, 1.57284366087e-10, 7.71129132771e-11, 5.768398606e-11, 1.17677673162e-10, 1.24635968213e-10, 1.65010453218e-11, 4.33789948406e-11, 8.44559699953e-11, 2.34415768047e-11, 4.10121485384e-11, 4.06905273365e-11, 1.07885138323e-10, 5.32310341639e-11, 1.74883319631e-11, 1.56360861758e-11, 1.19963127973e-11, 2.1745369394e-11, 2.55959680534e-11, 4.25086389699e-11, 2.13722615994e-11, 1.64362534e-11, 1.97596834728e-11, 2.62913579796e-11, 4.8186343804e-11, 5.22805895797e-11, 2.74891272939e-11, 2.14265497706e-11, 1.54445223971e-11, 2.93428909642e-12, 1.18881016142e-11, 1.47106528348e-11, 1.62117663044e-11, 8.86223386343e-12, 3.42302835382e-12, 9.34530664659e-12, 1.21718444785e-12, 6.38851276567e-13, 5.67429675295e-13, 5.90836787048e-13, 5.03770582107e-13, 5.74832661939e-13, 3.64776568326e-13, 5.47321248653e-13, 5.55299133499e-13, 4.52976577688e-13, 1.16119285953e-13, 4.64046966272e-14, 4.19705604635e-14, 1.89090974459e-14, 2.64210074446e-14, 4.43277142423e-14, 2.61756406345e-14, 3.49630196214e-14, 3.34565579722e-14, 1.98979389552e-14, 6.98894561016e-16],
        "stdev": [0.000334648386342, 0.00254214927554, 0.00429963460192, 0.00359986280091, 0.00288364267908, 0.00264989258721, 0.00190161180217, 0.000890656432603, 0.000437979673734, 0.00047908682609, 0.000450720806839, 0.000366234628018, 0.000575420504902, 0.000596886500716, 0.000378391152481, 0.000305679568555, 0.000220871705096, 0.000226077871048, 0.00032474703039, 0.000407435407396, 0.000371248665033, 0.00050830229884, 0.000701178680174, 0.00080786482431, 0.000675422605127, 0.000717092712875, 0.000669578614179, 0.00062621088, 0.000670530367643, 0.000761747418437, 0.00112568074837, 0.000874393619597, 0.00113896524999, 0.000587965536397, 0.000604904489592, 0.000569702591747, 0.000216583066504, 0.000341508275596, 0.000174839733518, 0.000250821787631, 0.000505592674017, 0.00029437703779, 0.000104310784081, 7.33638225938e-05, 6.08431400906e-05, 5.91316056671e-05, 0.000113258669444, 0.000317935919156, 0.000187275611097, 8.15036619315e-05, 0.000191062878002, 0.000273610086879, 0.000244000388193, 0.00011200112931, 0.00020484594279, 7.39113093005e-05, 5.61665510759e-05, 4.56269153801e-05, 6.58420831314e-05, 7.08478910383e-05, 6.52056114632e-05, 7.35438443371e-05, 4.59124603367e-05, 2.63958845608e-05, 2.6022145903e-05, 1.73840580828e-05, 1.35775590024e-05, 1.06794468593e-05, 1.13577598313e-05, 1.36211656354e-05, 2.28384305956e-05, 1.18655962069e-05, 8.40532266011e-06, 8.62177694216e-06, 7.91699585534e-06, 6.21804656475e-06, 6.85604391037e-06, 8.41081237013e-06, 8.21603043732e-06, 4.89456760988e-06, 5.05766229253e-06, 6.27553890808e-06, 1.00900188045e-05, 1.94167550944e-05, 7.82098322816e-06, 8.39839231048e-06, 6.90059869157e-06, 8.05001400295e-06, 1.14115164251e-05, 5.77319860895e-06, 1.14899403343e-05, 1.40886832014e-05, 2.79971281998e-05, 2.34290746448e-05, 1.2281007912e-05, 8.00915131549e-06, 6.11619134361e-06, 4.04613001592e-06, 3.28631131197e-06, 3.56107011612e-06, 4.27558825322e-06, 5.16522504768e-06, 3.06633774017e-06, 1.98583666133e-06, 1.40330303111e-06, 1.17755246265e-06, 3.45615944752e-07, 1.45960568076e-08, 1.11986954432e-10, 7.97372168293e-11, 5.97361465848e-11, 5.0114523642e-11, 6.73506458937e-11, 7.56882473363e-11, 3.76956243997e-11, 3.22516770235e-11, 2.2166823932e-11, 1.83991016867e-11, 1.69264793154e-11, 1.5528196784e-11, 1.4159355112e-11, 1.3521907552e-11, 1.24156483705e-11, 1.20492201286e-11, 1.16041577389e-11, 1.11861136673e-11, 1.08921986014e-11, 1.0728909948e-11]
    },
    "mfcc": {
        "mean": [-617.650268555, 73.2677230835, 5.09177303314, 0.508430719376, -0.243606984615, 1.16026556492, -2.60927915573, 11.4113693237, -1.13178503513, 7.37107992172, -1.71449708939, -0.0971745029092, -3.85651659966],
        "cov": [[1990.97155762, -43.9840126038, 185.720733643, 71.7938079834, 100.968460083, -73.7138595581, -53.954410553, -104.397918701, -30.2568740845, -2.92888641357, -61.6289329529, -7.67325401306, -0.695367395878], [-43.9840126038, 460.152923584, 184.74899292, 125.174720764, 121.042068481, 78.4208297729, 62.3544273376, 34.7442474365, 23.844953537, 64.7245178223, 47.8273239136, 29.938747406, 24.4625644684], [185.720733643, 184.74899292, 1829.41223145, 651.93963623, 736.229919434, 422.552124023, 193.627456665, 46.6590538025, 3.95604133606, 169.472732544, 54.3585128784, 171.454971313, 100.479637146], [71.7938079834, 125.174720764, 651.93963623, 435.875915527, 382.487548828, 157.360183716, 68.9829559326, 53.9056358337, 40.0995140076, 72.9313812256, 7.96741247177, 70.5832290649, 64.6364059448], [100.968460083, 121.042068481, 736.229919434, 382.487548828, 467.077758789, 192.649963379, 71.4013214111, 45.6068344116, 37.9732093811, 90.4232406616, 12.9113559723, 93.3445663452, 57.7237663269], [-73.7138595581, 78.4208297729, 422.552124023, 157.360183716, 192.649963379, 217.115859985, 127.381896973, 58.6101341248, 17.8915863037, 44.2411193848, 24.5137939453, 35.7233886719, 29.8552703857], [-53.954410553, 62.3544273376, 193.627456665, 68.9829559326, 71.4013214111, 127.381896973, 192.23248291, 103.422576904, 20.7904224396, 38.4636611938, 24.5414867401, 5.72089195251, 18.6723709106], [-104.397918701, 34.7442474365, 46.6590538025, 53.9056358337, 45.6068344116, 58.6101341248, 103.422576904, 141.614654541, 55.3765716553, 37.6707878113, 10.5180654526, -0.382154971361, 14.1181840897], [-30.2568740845, 23.844953537, 3.95604133606, 40.0995140076, 37.9732093811, 17.8915863037, 20.7904224396, 55.3765716553, 84.8916549683, 42.7113189697, 11.6902780533, 2.99369287491, 7.0087428093], [-2.92888641357, 64.7245178223, 169.472732544, 72.9313812256, 90.4232406616, 44.2411193848, 38.4636611938, 37.6707878113, 42.7113189697, 104.073654175, 38.0547561646, 33.2892456055, 2.36770963669], [-61.6289329529, 47.8273239136, 54.3585128784, 7.96741247177, 12.9113559723, 24.5137939453, 24.5414867401, 10.5180654526, 11.6902780533, 38.0547561646, 67.1043548584, 29.4463996887, 7.81549263], [-7.67325401306, 29.938747406, 171.454971313, 70.5832290649, 93.3445663452, 35.7233886719, 5.72089195251, -0.382154971361, 2.99369287491, 33.2892456055, 29.4463996887, 87.2143554688, 34.2190284729], [-0.695367395878, 24.4625644684, 100.479637146, 64.6364059448, 57.7237663269, 29.8552703857, 18.6723709106, 14.1181840897, 7.0087428093, 2.36770963669, 7.81549263, 34.2190284729, 77.9606781006]],
        "icov": [[0.000585922622122, 2.37891090364e-05, -0.000102173667983, 8.32160003483e-05, -0.0003030715161, 0.000660793564748, -0.000467524834676, 0.000665273866616, -0.000141264419653, -0.000169686187292, 0.000524312199559, 0.000194810170797, -9.69135217019e-05], [2.37891090364e-05, 0.00266981800087, 0.000336436089128, -0.000704074394889, -0.000322677922668, -0.000371518777683, -0.000376246753149, 0.000311946845613, 0.000432645174442, -0.00106207514182, -0.00145209999755, 0.000544646696653, -0.000372712675016], [-0.000102173667983, 0.000336436089128, 0.00227795680985, -0.00125621957704, -0.00157396413852, -0.00204571150243, -0.000382706144592, 0.000922683684621, 0.00179192249198, -0.00150251993909, -0.000254580809269, -0.000424149708124, -3.12979609589e-05], [8.32160003483e-05, -0.000704074394889, -0.00125621957704, 0.00951313227415, -0.00631545856595, 0.00165650458075, 6.96768547641e-05, -0.00117543630768, -0.00137314107269, 0.000919107347727, 0.000552923418581, 0.00156345893629, -0.002454722533], [-0.0003030715161, -0.000322677922668, -0.00157396413852, -0.00631545856595, 0.0122946845368, -0.00371699221432, 0.00223749363795, -0.000641416932922, -0.00124446861446, -0.00187347445171, 0.00326965865679, -0.00421761861071, 0.000955893716309], [0.000660793564748, -0.000371518777683, -0.00204571150243, 0.00165650458075, -0.00371699221432, 0.0147200785577, -0.00754096684977, 0.0014305927325, -0.00209585926495, 0.00275191455148, -0.00134328904096, 0.000820082903374, -7.26455982658e-05], [-0.000467524834676, -0.000376246753149, -0.000382706144592, 6.96768547641e-05, 0.00223749363795, -0.00754096684977, 0.0151870921254, -0.00983117427677, 0.00434144865721, -0.00162726803683, -0.00216433079913, 0.00207815575413, -0.00111264595762], [0.000665273866616, 0.000311946845613, 0.000922683684621, -0.00117543630768, -0.000641416932922, 0.0014305927325, -0.00983117427677, 0.0178763121367, -0.00823179539293, -0.00126343418378, 0.00232832226902, 0.000208554498386, -0.00080869422527], [-0.000141264419653, 0.000432645174442, 0.00179192249198, -0.00137314107269, -0.00124446861446, -0.00209585926495, 0.00434144865721, -0.00823179539293, 0.0218882746994, -0.00832560192794, -0.00114907429088, 0.00289831054397, -0.00200500292704], [-0.000169686187292, -0.00106207514182, -0.00150251993909, 0.000919107347727, -0.00187347445171, 0.00275191455148, -0.00162726803683, -0.00126343418378, -0.00832560192794, 0.0207393616438, -0.00749893812463, -0.0034617530182, 0.00484793214127], [0.000524312199559, -0.00145209999755, -0.000254580809269, 0.000552923418581, 0.00326965865679, -0.00134328904096, -0.00216433079913, 0.00232832226902, -0.00114907429088, -0.00749893812463, 0.0246213357896, -0.00747967837378, -0.000333950738423], [0.000194810170797, 0.000544646696653, -0.000424149708124, 0.00156345893629, -0.00421761861071, 0.000820082903374, 0.00207815575413, 0.000208554498386, 0.00289831054397, -0.0034617530182, -0.00747967837378, 0.0216119159013, -0.00753713119775], [-9.69135217019e-05, -0.000372712675016, -3.12979609589e-05, -0.002454722533, 0.000955893716309, -7.26455982658e-05, -0.00111264595762, -0.00080869422527, -0.00200500292704, 0.00484793214127, -0.000333950738423, -0.00753713119775, 0.0181263275445]]
    },
    "spectral_contrast_coeffs": {
        "max": [-0.516273677349, -0.483843773603, -0.424684673548, -0.566620588303, -0.599155962467, -0.652874469757],
        "mean": [-0.724009871483, -0.785793840885, -0.780166268349, -0.813626527786, -0.80507427454, -0.788277864456],
        "min": [-0.964820981026, -0.966947495937, -0.904612660408, -0.934795260429, -0.919076740742, -0.870930016041],
        "stdev": [0.0671142116189, 0.0671037212014, 0.0690259858966, 0.0482967495918, 0.0390115901828, 0.0277279745787]
    },
    "spectral_contrast_valleys": {
        "max": [-5.29941701889, -4.75559520721, -5.18608188629, -5.5334777832, -5.75299406052, -7.88376951218],
        "mean": [-7.23384857178, -6.61768722534, -7.04076099396, -7.25212860107, -7.20604705811, -9.12112903595],
        "min": [-14.0466003418, -14.131778717, -12.9427108765, -13.214304924, -11.8234415054, -14.6254301071],
        "stdev": [1.16272747517, 0.625175595284, 0.632516384125, 0.545051693916, 0.45715790987, 0.647417366505]
    }
},
"rhythm": {
    "beats_count": 82,
    "beats_loudness": {
        "max": 0.0836437642574,
        "mean": 0.0365511700511,
        "min": 0.00322367856279,
        "stdev": 0.0205120183527
    },
    "bpm": 99.2954330444,
    "bpm_histogram_first_peak_bpm": 99,
    "bpm_histogram_first_peak_weight": 0.0972221493721,
    "bpm_histogram_second_peak_bpm": 115,
    "bpm_histogram_second_peak_spread": 0.222222208977,
    "bpm_histogram_second_peak_weight": 0.0864197537303,
    "danceability": 1.45400643349,
    "onset_rate": 4.11410856247,
    "beats_loudness_band_ratio": {
        "max": [0.967429280281, 0.417636722326, 0.687892079353, 0.960211396217, 0.637623071671, 0.396279215813],
        "mean": [0.314355909824, 0.0602466650307, 0.184190616012, 0.234569147229, 0.115532569587, 0.115137696266],
        "min": [8.71979354997e-05, 0.000616478151642, 0.00169994111639, 0.00198295176961, 0.00323824887164, 0.00659820623696],
        "stdev": [0.343847095966, 0.0670679584146, 0.152542039752, 0.200960338116, 0.110930889845, 0.0920671597123]
    },
