{
"metadata": {
    "version": {
        "essentia": "2.1-beta5",
        "essentia_git_sha": "Undefined",
        "extractor": "music 2.0"
    },
    "audio_properties": {
        "analysis": {
            "equal_loudness": 0,
            "length": 32.4963264465,
            "sample_rate": 44100,
            "start_time": 126.490699768,
            "downmix": "mix"
        },
        "bit_rate": 192000,
        "length": 191.761993408,
        "lossless": 0,
        "number_channels": 2,
        "replay_gain": 1.11339378357,
        "sample_rate": 48000,
        "codec": "mp3",
        "md5_encoded": "cec412dbeacc6cb4176ad1c7e8b057ce"
    },
    "tags": {
        "file_name": "Croatia_Vukovi Umiru Sami_Boris Novkovic feat. Lado members.mp3",
        "encoding": ["Lavf58.29.100"]
    }
},
"lowlevel": {
    "average_loudness": 0.979044139385,
    "barkbands_crest": {
        "max": 23.1959819794,
        "mean": 9.81997489929,
        "min": 2.6980676651,
        "stdev": 3.63500261307
    },
    "barkbands_flatness_db": {
        "max": 0.284042567015,
        "mean": 0.140905529261,
        "min": 0.0503250546753,
        "stdev": 0.0321080312133
    },
    "barkbands_kurtosis": {
        "max": 76.6401596069,
        "mean": 2.98349881172,
        "min": -1.88024902344,
        "stdev": 5.33483743668
    },
    "barkbands_skewness": {
        "max": 7.79023456573,
        "mean": 1.44959890842,
        "min": -0.768321573734,
        "stdev": 1.03724372387
    },
    "barkbands_spread": {
        "max": 90.9952392578,
        "mean": 28.1669864655,
        "min": 2.77496600151,
        "stdev": 12.987165451
    },
    "dissonance": {
        "max": 0.499582886696,
        "mean": 0.47184252739,
        "min": 0.378580361605,
        "stdev": 0.0225467327982
    },
    "dynamic_complexity": 1.68187820911,
    "erbbands_crest": {
        "max": 26.9764385223,
        "mean": 9.11958885193,
        "min": 2.39453697205,
        "stdev": 4.72573852539
    },
    "erbbands_flatness_db": {
        "max": 0.276998996735,
        "mean": 0.147533848882,
        "min": 0.0799563005567,
        "stdev": 0.0369016490877
    },
    "erbbands_kurtosis": {
        "max": 10.5221853256,
        "mean": 0.461837679148,
        "min": -1.6695548296,
        "stdev": 1.78570091724
    },
    "erbbands_skewness": {
        "max": 2.97393274307,
        "mean": 0.360847681761,
        "min": -2.54952955246,
        "stdev": 0.694593667984
    },
    "erbbands_spread": {
        "max": 128.785369873,
        "mean": 45.9143409729,
        "min": 8.82001304626,
        "stdev": 22.225227356
    },
    "hfc": {
        "max": 114.203041077,
        "mean": 29.1088790894,
        "min": 1.35789215565,
        "stdev": 17.0827026367
    },
    "loudness_ebu128": {
        "integrated": -23.066488266,
        "loudness_range": 1.53789329529,
        "momentary": {
            "max": -21.0621414185,
            "mean": -23.2109699249,
            "min": -28.1954441071,
            "stdev": 1.1709369421
        },
        "short_term": {
            "max": -21.641664505,
            "mean": -23.073223114,
            "min": -24.1071796417,
            "stdev": 0.481650173664
        }
    },
    "melbands_crest": {
        "max": 29.0001411438,
        "mean": 14.9680833817,
        "min": 4.41232681274,
        "stdev": 4.66183900833
    },
    "melbands_flatness_db": {
        "max": 0.35912913084,
        "mean": 0.170631408691,
        "min": 0.0641601830721,
        "stdev": 0.0438255369663
    },
    "melbands_kurtosis": {
        "max": 162.710159302,
        "mean": 14.1352796555,
        "min": -1.01351225376,
        "stdev": 17.4416389465
    },
    "melbands_skewness": {
        "max": 10.1735563278,
        "mean": 2.77178192139,
        "min": -0.609052479267,
        "stdev": 1.75513911247
    },
    "melbands_spread": {
        "max": 101.422935486,
        "mean": 26.7905406952,
        "min": 1.67923140526,
        "stdev": 14.5856332779
    },
    "pitch_salience": {
        "max": 0.835240483284,
        "mean": 0.516047477722,
        "min": 0.170395344496,
        "stdev": 0.0982092097402
    },
    "silence_rate_20dB": {
        "max": 1,
        "mean": 1,
        "min": 1,
        "stdev": 0
    },
    "silence_rate_30dB": {
        "max": 1,
        "mean": 0.996431112289,
        "min": 0,
        "stdev": 0.0596330165863
    },
    "silence_rate_60dB": {
        "max": 1,
        "mean": 0.00142755173147,
        "min": 0,
        "stdev": 0.0377559736371
    },
    "spectral_centroid": {
        "max": 3525.70581055,
        "mean": 1514.43127441,
        "min": 402.917877197,
        "stdev": 517.992919922
    },
    "spectral_complexity": {
        "max": 48,
        "mean": 21.9443264008,
        "min": 0,
        "stdev": 8.01094818115
    },
    "spectral_decrease": {
        "max": -4.64847778325e-11,
        "mean": -8.54154347252e-09,
        "min": -4.36165237261e-08,
        "stdev": 4.52671722329e-09
    },
    "spectral_energy": {
        "max": 0.166955694556,
        "mean": 0.0348780453205,
        "min": 0.000298609258607,
        "stdev": 0.0178486127406
    },
    "spectral_energyband_high": {
        "max": 0.0126210292801,
        "mean": 0.00156010547653,
        "min": 7.9374811321e-05,
        "stdev": 0.00135506037623
    },
    "spectral_energyband_low": {
        "max": 0.146193623543,
        "mean": 0.0153733305633,
        "min": 2.67663599516e-05,
        "stdev": 0.0134099507704
    },
    "spectral_energyband_middle_high": {
        "max": 0.0702139362693,
        "mean": 0.00918888580054,
        "min": 3.17804733641e-05,
        "stdev": 0.00961537752301
    },
    "spectral_energyband_middle_low": {
        "max": 0.103641569614,
        "mean": 0.0109181459993,
        "min": 0.000109744549263,
        "stdev": 0.0100592467934
    },
    "spectral_entropy": {
        "max": 9.00474357605,
        "mean": 7.88199853897,
        "min": 7.02740287781,
        "stdev": 0.242167070508
    },
    "spectral_flux": {
        "max": 0.304852426052,
        "mean": 0.107130050659,
        "min": 0.025918353349,
        "stdev": 0.0360656157136
    },
    "spectral_kurtosis": {
        "max": 7.68823432922,
        "mean": 1.88729298115,
        "min": -1.1638468504,
        "stdev": 1.21064627171
    },
    "spectral_rms": {
        "max": 0.0127625856549,
        "mean": 0.00564675964415,
        "min": 0.000539746310096,
        "stdev": 0.00146335829049
    },
    "spectral_rolloff": {
        "max": 10056.0058594,
        "mean": 1506.09545898,
        "min": 86.1328125,
        "stdev": 1274.88513184
    },
    "spectral_skewness": {
        "max": 2.14324688911,
        "mean": 1.2018597126,
        "min": 0.340184032917,
        "stdev": 0.263819307089
    },
    "spectral_spread": {
        "max": 19048260,
        "mean": 5622047,
        "min": 3091819.5,
        "stdev": 1242339.125
    },
    "spectral_strongpeak": {
        "max": 8.75922870636,
        "mean": 1.14156019688,
        "min": 0.0112772537395,
        "stdev": 1.53373289108
    },
    "zerocrossingrate": {
        "max": 0.19921875,
        "mean": 0.0712751224637,
        "min": 0.01806640625,
        "stdev": 0.0259209405631
    },
    "barkbands": {
        "max": [0.0121756000444, 0.119527265429, 0.078387863934, 0.0435958392918, 0.0509268008173, 0.0426093712449, 0.0193115901202, 0.0261000692844, 0.0515176020563, 0.0538185127079, 0.0534713938832, 0.0477756857872, 0.0151810348034, 0.0127553604543, 0.0117168109864, 0.0152867939323, 0.00618278002366, 0.00380670023151, 0.00735494121909, 0.00511236628518, 0.00556719442829, 0.00414789607748, 0.00283929659054, 0.0037216541823, 0.00470336014405, 5.77982427785e-06, 5.9854214669e-06],
        "mean": [0.000146683058119, 0.0068902191706, 0.0064391028136, 0.00341606605798, 0.00239221029915, 0.00154361024033, 0.00064798007952, 0.000701129203662, 0.00175916054286, 0.00218274700455, 0.00171783391852, 0.00184019794688, 0.000584361958317, 0.000656683114357, 0.000559644366149, 0.000383910635719, 0.000425895937951, 0.000359943805961, 0.000528970733285, 0.000331674760673, 0.000289831164991, 0.000242762354901, 0.000334918440785, 0.000302368571283, 0.000199831440113, 2.88287850481e-07, 6.33225205604e-09],
        "min": [4.14927043835e-08, 2.25650887842e-06, 6.40948519504e-06, 1.55224752234e-05, 8.74939178175e-06, 3.23089625454e-06, 5.04904801346e-06, 6.52952485325e-06, 3.30119883074e-06, 3.24650000039e-06, 3.23434051097e-06, 3.27392444888e-06, 3.43205306308e-06, 2.69778888651e-06, 2.42517057814e-06, 3.30273564941e-06, 4.56717771158e-06, 2.82236692328e-06, 2.00710474019e-06, 2.87617331196e-06, 6.03829039392e-06, 5.55822771275e-06, 6.04393653703e-06, 8.48948093335e-06, 3.91546700484e-06, 4.40287917236e-10, 2.00924457627e-10],
        "stdev": [0.000483061914565, 0.00795505009592, 0.00754098081961, 0.00462819123641, 0.00336162792519, 0.00361061072908, 0.00127684255131, 0.00129962794017, 0.00415087817237, 0.00492653669789, 0.00429945904762, 0.00471589900553, 0.0010844777571, 0.00127941812389, 0.0009280986269, 0.000879635859746, 0.000722558586858, 0.000433664681623, 0.000755729794037, 0.000453786982689, 0.00032722420292, 0.000284169131191, 0.000308502145344, 0.000355754862539, 0.000341649312759, 4.81941242469e-07, 1.61226310524e-07]
    },
    "erbbands": {
        "max": [1.80007565022, 31.5478477478, 81.5997543335, 97.4874267578, 142.075302124, 236.994338989, 241.496002197, 499.24105835, 396.204803467, 524.437561035, 349.680511475, 1490.94262695, 1919.9083252, 1833.43261719, 1077.25683594, 1113.3651123, 660.982177734, 564.33770752, 650.95111084, 523.681030273, 379.771972656, 358.316558838, 257.366149902, 423.498321533, 339.421844482, 344.585144043, 211.940292358, 228.2265625, 149.093963623, 102.384315491, 87.4996109009, 82.1173706055, 72.9268341064, 97.8990936279, 13.0299816132, 0.78793078661, 0.0198809299618, 0.00374956289306, 0.000865518464707, 0.000183118798304],
        "mean": [0.109219610691, 1.89652597904, 7.28108119965, 9.87044334412, 9.18576335907, 8.33782577515, 7.7747592926, 14.8852186203, 11.0998106003, 10.5228586197, 20.0627822876, 38.580696106, 60.6393547058, 78.3710632324, 67.5376815796, 57.4656944275, 28.7113761902, 31.1682472229, 34.5876731873, 23.6131706238, 21.7179832458, 26.8122577667, 22.6651000977, 24.6667842865, 20.7128715515, 16.0843696594, 13.6457891464, 9.91800403595, 8.26697826385, 9.41634845734, 9.87243843079, 7.44775056839, 4.35417509079, 2.93282938004, 1.03584527969, 0.0604674592614, 0.00171390781179, 0.000137162103783, 3.96548311983e-05, 4.66262317786e-05],
        "min": [0.000137105482281, 0.00131657195743, 0.00592490239069, 0.0460750423372, 0.0635577738285, 0.0353898257017, 0.0276528652757, 0.0337395071983, 0.102348454297, 0.202203735709, 0.17034509778, 0.0782445594668, 0.0880061089993, 0.111183993518, 0.122850738466, 0.145646125078, 0.162289202213, 0.135255947709, 0.153765797615, 0.0805427208543, 0.255471527576, 0.236941665411, 0.189268514514, 0.123797684908, 0.100959382951, 0.116996116936, 0.2015157938, 0.247763961554, 0.275868296623, 0.130047187209, 0.227784231305, 0.283435404301, 0.107285484672, 0.0613774545491, 0.0215071421117, 0.00147748016752, 4.74691587442e-05, 4.54831615571e-06, 3.05221647068e-06, 3.25487690134e-06],
        "stdev": [0.152545720339, 2.1474738121, 8.08226108551, 10.6028442383, 13.0895652771, 13.6299152374, 15.335108757, 38.0864448547, 23.7395591736, 22.8630561829, 30.9274997711, 96.4421157837, 134.538757324, 165.232299805, 143.347610474, 117.706336975, 45.2856178284, 56.521812439, 56.8347244263, 41.7859268188, 34.1727905273, 41.8198471069, 28.5431175232, 34.4649581909, 27.1699466705, 25.017370224, 13.8679800034, 12.828830719, 9.59962081909, 9.75719642639, 9.37538719177, 7.7537689209, 6.00089740753, 6.23644208908, 1.22103536129, 0.0678967982531, 0.00196576747112, 0.000184654738405, 3.55249285349e-05, 2.24334544328e-05]
    },
    "gfcc": {
        "mean": [33.3408241272, 89.6722183228, -127.115623474, 58.0816497803, -72.5661010742, 42.5744171143, -38.2617912292, 15.5952234268, -24.9659786224, -10.9403085709, -9.21061515808, -14.5567407608, -1.93576622009],
        "cov": [[960.534729004, -186.814956665, -52.2012290955, 49.3646202087, -39.9207305908, 32.2265739441, -25.8125114441, -3.87746024132, -50.4814224243, 42.801700592, 39.5622215271, 11.6702394485, -44.5033493042], [-186.814956665, 377.478790283, 107.71055603, -18.9640312195, 35.742149353, -81.1580352783, -17.2947769165, -18.5606708527, 84.7239151001, -29.9436893463, -4.33859777451, -9.74108123779, 54.1527748108], [-52.2012290955, 107.71055603, 512.42755127, 121.133369446, -86.9384689331, -37.6126251221, -75.5382232666, 16.8731975555, 51.8790969849, 42.0377120972, -50.3246879578, 17.3105335236, 30.7040424347], [49.3646202087, -18.9640312195, 121.133369446, 210.471069336, 46.3258743286, -16.3240680695, -21.9597454071, -12.3743047714, 52.1867675781, 28.4602432251, 9.6783618927, 20.4741077423, -7.85775947571], [-39.9207305908, 35.742149353, -86.9384689331, 46.3258743286, 150.75189209, 45.7339019775, 24.7222213745, -3.97829771042, 23.2443370819, -11.5590429306, 17.2378425598, 1.6844432354, 1.35509610176], [32.2265739441, -81.1580352783, -37.6126251221, -16.3240680695, 45.7339019775, 152.185531616, 94.960144043, 6.34379196167, -32.5520973206, 7.01892089844, 23.6569976807, -10.6802415848, -26.1655807495], [-25.8125114441, -17.2947769165, -75.5382232666, -21.9597454071, 24.7222213745, 94.960144043, 148.65071106, 40.4391899109, -23.8143863678, -10.5472068787, 27.7049770355, -18.3257541656, -13.0563869476], [-3.87746024132, -18.5606708527, 16.8731975555, -12.3743047714, -3.97829771042, 6.34379196167, 40.4391899109, 90.0617218018, 27.593044281, 3.52141499519, -7.9004240036, -7.9475851059, 1.76399588585], [-50.4814224243, 84.7239151001, 51.8790969849, 52.1867675781, 23.2443370819, -32.5520973206, -23.8143863678, 27.593044281, 117.160133362, 22.7689990997, -7.72474908829, -0.964121699333, 12.2192420959], [42.801700592, -29.9436893463, 42.0377120972, 28.4602432251, -11.5590429306, 7.01892089844, -10.5472068787, 3.52141499519, 22.7689990997, 69.5741653442, 29.4145698547, 1.54543268681, -14.3239355087], [39.5622215271, -4.33859777451, -50.3246879578, 9.6783618927, 17.2378425598, 23.6569976807, 27.7049770355, -7.9004240036, -7.72474908829, 29.4145698547, 85.880859375, 9.3197889328, -17.8874359131], [11.6702394485, -9.74108123779, 17.3105335236, 20.4741077423, 1.6844432354, -10.6802415848, -18.3257541656, -7.9475851059, -0.964121699333, 1.54543268681, 9.3197889328, 55.8246192932, 25.829082489], [-44.5033493042, 54.1527748108, 30.7040424347, -7.85775947571, 1.35509610176, -26.1655807495, -13.0563869476, 1.76399588585, 12.2192420959, -14.3239355087, -17.8874359131, 25.829082489, 82.9625320435]],
        "icov": [[0.00131697719917, -0.000394055910874, 0.000840496213641, -0.00132691510953, 0.00128795183264, -0.00152203766629, 0.00171418744139, -0.00131796172354, 0.00113841262646, -0.000530297111254, -0.00020720656903, -1.54450026457e-05, 2.45609462581e-05], [-0.000394055910874, 0.0121712042019, -0.00763796782121, 0.0100225377828, -0.00956542231143, 0.0133483968675, -0.0112360306084, 0.0118902409449, -0.0109602948651, 0.00635741185397, -0.00564400199801, 0.00300507713109, -0.00147538015153], [0.000840496213641, -0.00763796782121, 0.00878235138953, -0.00960633158684, 0.00958992354572, -0.0111581059173, 0.0100171584636, -0.00938111264259, 0.00688887014985, -0.00491585209966, 0.0047162794508, -0.00120569719002, -0.00109471403994], [-0.00132691510953, 0.0100225377828, -0.00960633158684, 0.0179178789258, -0.0133530329913, 0.0152737423778, -0.0134097384289, 0.0135658178478, -0.0117303458974, 0.00318510085344, -0.00393682951108, -0.00151938351337, 0.00253679580055], [0.00128795183264, -0.00956542231143, 0.00958992354572, -0.0133530329913, 0.0207155384123, -0.0178799312562, 0.0132582690567, -0.0109258722514, 0.00577723793685, -0.000499326793943, 0.00189666985534, -0.000596742960624, -0.00188036600593], [-0.00152203766629, 0.0133483968675, -0.0111581059173, 0.0152737423778, -0.0178799312562, 0.0319603458047, -0.0249035675079, 0.0176473781466, -0.0097739091143, 0.00149224756751, -0.00326148490421, 0.000453930319054, 0.00297697936185], [0.00171418744139, -0.0112360306084, 0.0100171584636, -0.0134097384289, 0.0132582690567, -0.0249035675079, 0.0305340625346, -0.0208623483777, 0.0122011722997, -0.000107954445411, -0.00127249862999, 0.00299641327001, -0.00256859464571], [-0.00131796172354, 0.0118902409449, -0.00938111264259, 0.0135658178478, -0.0109258722514, 0.0176473781466, -0.0208623483777, 0.0294564459473, -0.0160818416625, 0.00391257414594, -0.00185624230653, 0.0010558514623, 0.000438506918726], [0.00113841262646, -0.0109602948651, 0.00688887014985, -0.0117303458974, 0.00577723793685, -0.0097739091143, 0.0122011722997, -0.0160818416625, 0.0241254959255, -0.0108248898759, 0.0061253849417, -0.000230311517953, -0.000840477761813], [-0.000530297111254, 0.00635741185397, -0.00491585209966, 0.00318510085344, -0.000499326793943, 0.00149224756751, -0.000107954445411, 0.00391257414594, -0.0108248898759, 0.0278847068548, -0.0133783305064, 0.00343190692365, 0.000521287729498], [-0.00020720656903, -0.00564400199801, 0.0047162794508, -0.00393682951108, 0.00189666985534, -0.00326148490421, -0.00127249862999, -0.00185624230653, 0.0061253849417, -0.0133783305064, 0.0222257878631, -0.00747369555756, 0.00414100149646], [-1.54450026457e-05, 0.00300507713109, -0.00120569719002, -0.00151938351337, -0.000596742960624, 0.000453930319054, 0.00299641327001, 0.0010558514623, -0.000230311517953, 0.00343190692365, -0.00747369555756, 0.0265297759324, -0.0103100314736], [2.45609462581e-05, -0.00147538015153, -0.00109471403994, 0.00253679580055, -0.00188036600593, 0.00297697936185, -0.00256859464571, 0.000438506918726, -0.000840477761813, 0.000521287729498, 0.00414100149646, -0.0103100314736, 0.0185478236526]]
    },
    "melbands": {
        "max": [0.0261942762882, 0.032253883779, 0.0163984000683, 0.0101893814281, 0.00771124707535, 0.0100387558341, 0.00510833924636, 0.00641653966159, 0.00359479431063, 0.0082466006279, 0.00985157117248, 0.00683826766908, 0.00483996700495, 0.00669835694134, 0.00220734416507, 0.0018883702578, 0.00108307076152, 0.0010649417527, 0.000809210818261, 0.00152668857481, 0.000328801339492, 0.000476946734125, 0.000410787120927, 0.000166459431057, 0.000423734774813, 0.000338927988196, 0.000168809652678, 0.000273216166534, 9.34070194489e-05, 0.000182753879926, 0.000129400097649, 7.43891578168e-05, 9.08075744519e-05, 6.77176940371e-05, 5.73841971345e-05, 5.01490321767e-05, 4.75867200294e-05, 4.74210246466e-05, 6.72678652336e-05, 8.60799482325e-05],
        "mean": [0.0014757970348, 0.00336503912695, 0.00170492089819, 0.000599267252255, 0.000288321170956, 0.000319764716551, 0.000164045879501, 0.000118749143439, 0.00018117185391, 0.000252036057645, 0.000309908442432, 0.000324148597429, 0.000229665485676, 0.000223562601604, 8.62784218043e-05, 5.80274099775e-05, 5.73762663407e-05, 5.81332315051e-05, 4.11469045503e-05, 2.57350984612e-05, 2.35103871091e-05, 2.82374912786e-05, 2.47943389695e-05, 1.41598102346e-05, 2.0958685127e-05, 1.96314704226e-05, 1.06863299152e-05, 1.0707214642e-05, 8.68746701599e-06, 7.20191928849e-06, 5.15572992299e-06, 4.42222790298e-06, 5.16291947861e-06, 5.21456695424e-06, 6.01409419687e-06, 5.16612817592e-06, 4.11374185205e-06, 3.04457762468e-06, 2.76155788015e-06, 2.35715560848e-06],
        "min": [5.89379112625e-07, 2.94065193884e-06, 1.13274936666e-05, 4.80778862766e-06, 1.53579048856e-06, 8.17229306449e-07, 1.79042581294e-06, 1.4512929738e-06, 1.28442502501e-06, 4.1821783725e-07, 4.4092587359e-07, 4.48641742423e-07, 4.40383473688e-07, 3.14642107924e-07, 4.98234214774e-07, 2.68207458021e-07, 2.46278887062e-07, 2.53915231951e-07, 1.39468113503e-07, 1.09444158625e-07, 3.41218395761e-07, 2.41168407911e-07, 2.29984010502e-07, 1.28379710418e-07, 1.01285529297e-07, 5.29036228158e-08, 9.06130068756e-08, 7.65232925914e-08, 1.07845721686e-07, 1.850821576e-07, 1.04203827789e-07, 1.53769605049e-07, 1.02259193113e-07, 7.21034894013e-08, 1.12184551426e-07, 1.41600267511e-07, 1.07880651967e-07, 7.27097813069e-08, 5.65692488408e-08, 4.92117493422e-08],
        "stdev": [0.00174453551881, 0.00334752025083, 0.00184013461694, 0.000786609773058, 0.000528022123035, 0.000783132971264, 0.000329178146785, 0.000266963063041, 0.000311950483592, 0.000639545323793, 0.000709990214091, 0.000684932398144, 0.000513972714543, 0.000648444867693, 0.000155716232257, 0.000112138281111, 0.000115657996503, 0.00010800788732, 6.46467669867e-05, 7.83179930295e-05, 3.70245506929e-05, 4.95175881952e-05, 3.8806701923e-05, 1.64559860423e-05, 3.18091151712e-05, 2.99744897347e-05, 1.29644195113e-05, 1.91705858015e-05, 8.545588571e-06, 9.28745885176e-06, 7.04551848685e-06, 5.23368726135e-06, 6.40699499854e-06, 5.66570042793e-06, 6.22862035016e-06, 5.13660643264e-06, 4.34569165009e-06, 3.9395249587e-06, 5.2797445278e-06, 5.25624091097e-06]
    },
    "melbands128": {
        "max": [0.00827956385911, 0.0118105635047, 0.0391395650804, 0.0595936328173, 0.0465442948043, 0.0366738624871, 0.0214148499072, 0.0256049744785, 0.0151776401326, 0.0120931919664, 0.0171096753329, 0.0173911042511, 0.00785057153553, 0.012014394626, 0.013357590884, 0.0162938982248, 0.012461848557, 0.00510237272829, 0.00448426930234, 0.0073306732811, 0.00988125428557, 0.00553420372307, 0.00465669995174, 0.0103960586712, 0.0181193370372, 0.0134680019692, 0.0172403119504, 0.0185517221689, 0.0103714177385, 0.0117661440745, 0.0120475180447, 0.013034931384, 0.00833891890943, 0.00685269664973, 0.0149041339755, 0.00539701851085, 0.00370523217134, 0.00401350436732, 0.00175517122261, 0.0024152433034, 0.00270363059826, 0.00242965715006, 0.00218731584027, 0.0029238674324, 0.00221035419963, 0.00231097242795, 0.00153029081412, 0.00186728721019, 0.00176616816316, 0.00077953771688, 0.00342899747193, 0.00109767669346, 0.000526070420165, 0.000520049885381, 0.00073956081178, 0.00107152643614, 0.000599247578066, 0.00117881095503, 0.000496491673402, 0.000524112256244, 0.000252556143096, 0.000163904463989, 0.000394672882976, 0.000876421690919, 0.000799150380772, 0.000577730126679, 0.000442813121481, 0.000194344538613, 0.0002184540499, 0.000212845116039, 0.000651870737784, 0.000280325068161, 0.000155514964717, 7.10773965693e-05, 0.000188844060176, 0.000269235082669, 8.91584568308e-05, 0.000250009994488, 9.24878622754e-05, 0.000107342348201, 5.36492116225e-05, 6.15368699073e-05, 0.000143963989103, 9.79775213636e-05, 6.89266744303e-05, 5.33650818397e-05, 9.63226848398e-05, 0.000154005494551, 8.26565155876e-05, 7.893278962e-05, 5.69302937947e-05, 7.25304489606e-05, 0.000112835085019, 4.74092084914e-05, 2.96328071272e-05, 5.05227544636e-05, 6.73533941153e-05, 5.57773200853e-05, 9.40209138207e-05, 8.73535100254e-05, 0.000142283170135, 9.16364442674e-05, 2.27380096476e-05, 1.87958357856e-05, 2.09752488445e-05, 1.41981199704e-05, 3.96183031626e-06, 2.10855560567e-07, 3.57046552324e-08, 3.57912455229e-08, 3.50616531364e-08, 3.41511459112e-08, 3.28515064041e-08, 3.16550448076e-08, 3.0650067373e-08, 2.96892288532e-08, 2.8847059852e-08, 2.79968084271e-08, 2.72791194078e-08, 2.65338364613e-08, 2.57846721752e-08, 2.5203924281e-08, 2.4837158108e-08, 2.4403133736e-08, 2.40115518579e-08, 2.37408350756e-08, 2.35127668446e-08, 2.33865780075e-08],
        "mean": [0.000116447277833, 0.000528909324203, 0.00190434872638, 0.00352936680429, 0.00401390716434, 0.00289194169454, 0.00205824431032, 0.00158112484496, 0.000824077287689, 0.000540500856005, 0.000478678353829, 0.000293086399324, 0.000249766773777, 0.000244165654294, 0.000364118255675, 0.00036504509626, 0.000202091527171, 0.000125888880575, 0.000117188392323, 0.000104843420559, 0.000129854161059, 0.000128647719976, 0.000192995459656, 0.000226883246796, 0.00023431405134, 0.000285025191261, 0.000239183995291, 0.000274589081528, 0.000453546235804, 0.000255406834185, 0.0003407173499, 0.000325841218, 0.000187149009435, 0.000137516995892, 0.000372215959942, 0.000193532687263, 9.08825022634e-05, 0.000115628034109, 5.10970821779e-05, 5.10765021318e-05, 6.37822013232e-05, 6.26003820798e-05, 5.13317354489e-05, 5.64304318686e-05, 6.91199238645e-05, 5.99817103648e-05, 4.23349156335e-05, 5.27144220541e-05, 3.38435747835e-05, 2.23426668526e-05, 2.76768223557e-05, 2.31583890127e-05, 3.14098215313e-05, 1.98588186322e-05, 1.46694728755e-05, 4.20874093834e-05, 2.30735604418e-05, 2.22117796511e-05, 2.95528188872e-05, 2.36156101892e-05, 9.77857871476e-06, 8.94119420991e-06, 1.59167593665e-05, 2.39285254793e-05, 3.20154213114e-05, 1.98288398678e-05, 1.20475260701e-05, 1.22798628581e-05, 9.46938052948e-06, 9.64124137681e-06, 1.23961390273e-05, 1.02051399153e-05, 9.01264593267e-06, 8.17204090708e-06, 8.60356067278e-06, 7.85808970249e-06, 6.02312047704e-06, 6.65327524985e-06, 4.4955318117e-06, 4.4090229494e-06, 4.69023325422e-06, 4.13686939282e-06, 4.39880977865e-06, 5.86435862715e-06, 5.24504639543e-06, 4.68783855467e-06, 5.58009514862e-06, 5.4265556173e-06, 7.20187472325e-06, 5.0243743317e-06, 4.81985853185e-06, 5.33124921276e-06, 5.81889071327e-06, 3.92362107959e-06, 3.39163693752e-06, 2.9422899388e-06, 3.16041791848e-06, 2.82912355942e-06, 2.6167017495e-06, 2.75974116448e-06, 3.0215321658e-06, 2.25283451982e-06, 1.6696392322e-06, 1.42597639297e-06, 1.34727872592e-06, 1.01536397779e-06, 2.2887266482e-07, 1.23303642852e-08, 5.95908322687e-11, 4.8795890939e-11, 4.44265249588e-11, 4.19907927873e-11, 3.96253412027e-11, 3.78313179394e-11, 3.53955302568e-11, 3.36388139566e-11, 3.15330886402e-11, 3.0248477334e-11, 2.92625264298e-11, 2.82626977377e-11, 2.73341019957e-11, 2.66325850262e-11, 2.61363413551e-11, 2.55616049161e-11, 2.48040130102e-11, 2.39496842497e-11, 2.34133164245e-11, 2.32251440302e-11],
        "min": [1.42865330677e-09, 3.00807613485e-07, 6.9058637564e-07, 9.28527526867e-07, 1.94344897864e-06, 3.69634699382e-06, 8.02412432677e-06, 5.08365201313e-06, 2.30213936447e-06, 1.17222202789e-06, 1.78807553652e-07, 5.37071514373e-07, 3.55025036924e-07, 3.10384706381e-07, 5.86575197303e-07, 1.4075213528e-07, 8.22002789391e-07, 7.3729381711e-07, 4.5115942271e-07, 1.04683977042e-06, 2.59650505541e-07, 5.29202793587e-07, 4.85479631607e-07, 6.66309802e-07, 5.0077017022e-07, 1.67859397493e-07, 3.32608038889e-07, 4.87916906877e-07, 5.44008628367e-07, 4.29561850979e-07, 3.47901959685e-07, 5.51420271222e-07, 4.79224922856e-07, 3.43289855209e-07, 3.06868088273e-07, 2.65797240218e-07, 3.75365601712e-07, 6.09911296579e-07, 5.3447325854e-07, 2.54998781202e-07, 1.91580085129e-07, 2.50749621955e-07, 1.88736848372e-07, 2.28229126265e-07, 2.20856819055e-07, 2.08528120993e-07, 3.06695739027e-07, 1.13908470212e-07, 9.85460530956e-08, 8.34068671907e-08, 3.33758798376e-08, 1.47439493503e-07, 1.67797111317e-07, 2.12936811295e-07, 1.58826864549e-07, 1.83298865863e-07, 1.55427059667e-07, 2.34584732084e-07, 1.78834653752e-07, 1.54156452936e-07, 1.12776810113e-07, 8.87169946395e-08, 9.55463832497e-08, 1.37420471447e-07, 2.77440346252e-08, 4.26594297664e-08, 6.40540065433e-08, 5.43843938772e-08, 1.21610312931e-07, 5.34172919231e-08, 4.438053125e-08, 1.03948011088e-07, 1.20402262382e-07, 9.81476944162e-08, 1.0900198788e-07, 1.440950399e-07, 1.26326924033e-07, 1.54443966949e-07, 4.4813599942e-08, 4.20356798259e-08, 7.81415394613e-08, 1.26449904769e-07, 9.55567998062e-08, 5.92538675903e-08, 1.89009128349e-08, 4.46083205929e-08, 1.01271638187e-07, 1.09458333952e-07, 1.2258726656e-07, 7.17205566048e-08, 4.06962925581e-08, 1.42292577721e-07, 9.32114048169e-08, 1.04921845434e-07, 7.75076145487e-08, 7.32803329129e-08, 8.14710361396e-08, 4.3578580744e-08, 6.08743704333e-08, 4.37156622013e-08, 4.35334293059e-08, 4.76841037766e-08, 4.12631884217e-08, 1.98288994113e-08, 1.75561911675e-08, 9.51796508275e-09, 2.6987900803e-09, 1.47335633277e-11, 7.40591561601e-13, 4.99605023151e-13, 6.31605336608e-13, 6.29328512046e-13, 6.33519603964e-13, 6.61261193372e-13, 5.01698997016e-13, 5.83535173307e-13, 5.7594602915e-13, 6.31277636502e-13, 4.53372311481e-13, 6.18171258539e-13, 5.20064297616e-13, 5.46575425978e-13, 5.90025749612e-13, 6.24142285164e-13, 4.48930362286e-13, 1.47917160291e-13, 2.54048203237e-14, 8.11682344838e-16],
        "stdev": [0.000380425248295, 0.00114068540279, 0.00257141073234, 0.00427044881508, 0.00463912403211, 0.00339026888832, 0.00235015712678, 0.00249875988811, 0.00137109111529, 0.000777332636062, 0.000938020413741, 0.000709961226676, 0.000533484853804, 0.000814712198917, 0.00107906828634, 0.00107258511707, 0.000637707358692, 0.000282693625195, 0.000297154911095, 0.000314677512506, 0.000395534269046, 0.000269914773526, 0.000398182950448, 0.000598544371314, 0.000910834001843, 0.000930536421947, 0.000912104733288, 0.000946320593357, 0.00124889437575, 0.000824652554002, 0.00102487241384, 0.00101961079054, 0.000689662934747, 0.000422807002906, 0.00142474868335, 0.000567462993786, 0.000214978455915, 0.000267883995548, 0.000138455230626, 0.000139583935379, 0.000166948608239, 0.000156327791046, 0.000151228523464, 0.000192224149941, 0.000178011177923, 0.000160645038704, 0.000100819976069, 0.000105204693682, 8.03520888439e-05, 5.98201113462e-05, 0.000153677276103, 6.51377122267e-05, 5.59517357033e-05, 4.42258715339e-05, 3.6770306906e-05, 9.72437337623e-05, 4.58470458398e-05, 7.68310856074e-05, 4.94841879117e-05, 4.1521005187e-05, 1.62885062309e-05, 1.07630667117e-05, 2.61806817434e-05, 5.3448464314e-05, 6.42827217234e-05, 4.0944389184e-05, 2.26724605454e-05, 1.62426404131e-05, 1.45106705531e-05, 1.62917986017e-05, 3.67255852325e-05, 1.81904306373e-05, 1.22771280076e-05, 9.52414484345e-06, 1.0987629139e-05, 1.24525131469e-05, 7.99732333689e-06, 1.1811946024e-05, 6.36488994132e-06, 7.01020871929e-06, 5.3929970818e-06, 5.29163435203e-06, 6.52453945804e-06, 8.59391457197e-06, 6.93700667398e-06, 5.00182250107e-06, 7.20141724742e-06, 8.38634969114e-06, 8.5035480879e-06, 5.86346504861e-06, 5.03202045365e-06, 6.24433778285e-06, 8.3796439867e-06, 4.22302809966e-06, 3.43517763213e-06, 3.84081658922e-06, 4.76733112009e-06, 4.66283427158e-06, 5.23128801433e-06, 5.90485296925e-06, 8.74022134667e-06, 5.28985492565e-06, 2.04920047508e-06, 1.73444107077e-06, 1.74801243702e-06, 1.15482373531e-06, 3.21558445648e-07, 1.84170136919e-08, 1.10429576594e-09, 1.03644726135e-09, 9.86308146267e-10, 9.46005607183e-10, 9.02345032028e-10, 8.64520566246e-10, 8.33493163377e-10, 8.05077837729e-10, 7.80493725205e-10, 7.56212870101e-10, 7.35880467673e-10, 7.15066950097e-10, 6.94407309432e-10, 6.7834982076e-10, 6.68141153515e-10, 6.56171394997e-10, 6.45442144176e-10, 6.38034236555e-10, 6.31820762376e-10, 6.28368468369e-10]
    },
    "mfcc": {
        "mean": [-594.262512207, 93.7554397583, 14.4251766205, 15.7079610825, 7.14478635788, 11.6959972382, 10.856675148, 13.8218860626, 1.26519167423, 5.21044015884, -2.69119739532, -2.30354189873, -3.48418879509],
        "cov": [[1042.35961914, -246.075378418, -117.235412598, -13.0850143433, -31.5958976746, 20.2770023346, 47.575630188, -22.1239376068, -95.6297073364, 18.4934310913, 13.9840459824, 38.5390739441, -0.151981636882], [-246.075378418, 376.142547607, 59.5856246948, -0.175671651959, 28.8170623779, -44.1644287109, -68.1811676025, -7.70193576813, 44.1866340637, -8.85560035706, -9.155418396, -39.8072891235, -8.87737083435], [-117.235412598, 59.5856246948, 479.263427734, 95.9197998047, 16.9461250305, -18.1992416382, -79.3277893066, -41.5948677063, 44.8915977478, -11.5769128799, 18.0138187408, 9.85507965088, -2.56208872795], [-13.0850143433, -0.175671651959, 95.9197998047, 198.205627441, 70.4001541138, -1.47550940514, -78.6644821167, -8.50764751434, 19.876077652, -10.5964269638, 6.51107406616, 12.0744380951, 26.5627727509], [-31.5958976746, 28.8170623779, 16.9461250305, 70.4001541138, 128.606735229, 23.6102771759, -54.3914451599, -6.88611888885, 21.5235347748, -6.53215456009, -5.55046844482, 2.76477527618, 23.5446872711], [20.2770023346, -44.1644287109, -18.1992416382, -1.47550940514, 23.6102771759, 125.987007141, 53.4503288269, 16.9805850983, -11.3964357376, 4.74429607391, 6.71009778976, 19.0292816162, 14.7121334076], [47.575630188, -68.1811676025, -79.3277893066, -78.6644821167, -54.3914451599, 53.4503288269, 186.120513916, 50.3697395325, -33.6850852966, 30.3534908295, 16.8536643982, 11.2568597794, -17.7357692719], [-22.1239376068, -7.70193576813, -41.5948677063, -8.50764751434, -6.88611888885, 16.9805850983, 50.3697395325, 84.8151702881, 27.4750595093, 12.925365448, 7.15577125549, 11.6858758926, -2.24659109116], [-95.6297073364, 44.1866340637, 44.8915977478, 19.876077652, 21.5235347748, -11.3964357376, -33.6850852966, 27.4750595093, 95.8042373657, 17.2216072083, -11.8587036133, -13.2536048889, -6.70236587524], [18.4934310913, -8.85560035706, -11.5769128799, -10.5964269638, -6.53215456009, 4.74429607391, 30.3534908295, 12.925365448, 17.2216072083, 84.5252761841, 32.8856735229, 16.8660755157, -7.08069467545], [13.9840459824, -9.155418396, 18.0138187408, 6.51107406616, -5.55046844482, 6.71009778976, 16.8536643982, 7.15577125549, -11.8587036133, 32.8856735229, 75.7995681763, 43.0128211975, -3.54652309418], [38.5390739441, -39.8072891235, 9.85507965088, 12.0744380951, 2.76477527618, 19.0292816162, 11.2568597794, 11.6858758926, -13.2536048889, 16.8660755157, 43.0128211975, 90.3462753296, 25.6774978638], [-0.151981636882, -8.87737083435, -2.56208872795, 26.5627727509, 23.5446872711, 14.7121334076, -17.7357692719, -2.24659109116, -6.70236587524, -7.08069467545, -3.54652309418, 25.6774978638, 68.8966293335]],
        "icov": [[0.00124113832135, 0.000684163765982, 0.000165210702107, -8.1206766481e-05, 2.66455463134e-05, 4.57497662865e-05, 0.000245023256866, 6.85910708853e-05, 0.00105340988375, -0.000546870636754, 0.00034053568379, -0.000288919691229, 0.0003462646564], [0.000684163765982, 0.00361629994586, -0.000231380647165, 0.000802920782007, -0.000800570938736, 0.000735400186386, 0.000989958294667, -0.00037329713814, -0.000233602244407, -1.50831201609e-05, -0.000845565227792, 0.0014091138728, -8.44498790684e-05], [0.000165210702107, -0.000231380647165, 0.00281663099304, -0.00133725162596, 0.00083265977446, -0.000243126036366, -7.65325894463e-05, 0.00211906293407, -0.00196674279869, 0.000909707392566, -0.00102101976518, -0.000654452189337, 0.000501146074384], [-8.1206766481e-05, 0.000802920782007, -0.00133725162596, 0.00798659585416, -0.00327663193457, 0.000149677580339, 0.00262556108646, -0.00185271597002, 0.000506520154886, 0.000160751646035, -0.00128475914244, 0.000536913401447, -0.00152282416821], [2.66455463134e-05, -0.000800570938736, 0.00083265977446, -0.00327663193457, 0.0120370313525, -0.00362320314161, 0.00253057898954, 0.000751210201997, -0.00183099287096, -0.000138505842187, 0.000174691173015, 0.000123103804071, -0.00170198385604], [4.57497662865e-05, 0.000735400186386, -0.000243126036366, 0.000149677580339, -0.00362320314161, 0.0109386853874, -0.00416173320264, -8.0689897004e-05, 8.55562029756e-05, 0.000696525152307, 2.60284778051e-05, -0.00100309902336, -0.00168840948027], [0.000245023256866, 0.000989958294667, -7.65325894463e-05, 0.00262556108646, 0.00253057898954, -0.00416173320264, 0.0124297849834, -0.00734735839069, 0.00573055818677, -0.00393508607522, 0.000477889407193, 0.000996716087684, 0.00190322229173], [6.85910708853e-05, -0.00037329713814, 0.00211906293407, -0.00185271597002, 0.000751210201997, -8.0689897004e-05, -0.00734735839069, 0.020478785038, -0.0101943034679, 0.00292430561967, -0.00183555856347, -0.00297157932073, -0.000396121380618], [0.00105340988375, -0.000233602244407, -0.00196674279869, 0.000506520154886, -0.00183099287096, 8.55562029756e-05, 0.00573055818677, -0.0101943034679, 0.020130481571, -0.00739441160113, 0.00551686342806, 0.00124103727285, 0.00247386377305], [-0.000546870636754, -1.50831201609e-05, 0.000909707392566, 0.000160751646035, -0.000138505842187, 0.000696525152307, -0.00393508607522, 0.00292430561967, -0.00739441160113, 0.0177922043949, -0.0083258766681, -0.000292824406642, -0.000260570348473], [0.00034053568379, -0.000845565227792, -0.00102101976518, -0.00128475914244, 0.000174691173015, 2.60284778051e-05, 0.000477889407193, -0.00183555856347, 0.00551686342806, -0.0083258766681, 0.0242962688208, -0.0107761668041, 0.00529499771073], [-0.000288919691229, 0.0014091138728, -0.000654452189337, 0.000536913401447, 0.000123103804071, -0.00100309902336, 0.000996716087684, -0.00297157932073, 0.00124103727285, -0.000292824406642, -0.0107761668041, 0.0197958759964, -0.00756052136421], [0.0003462646564, -8.44498790684e-05, 0.000501146074384, -0.00152282416821, -0.00170198385604, -0.00168840948027, 0.00190322229173, -0.000396121380618, 0.00247386377305, -0.000260570348473, 0.00529499771073, -0.00756052136421, 0.0198335554451]]
    },
    "spectral_contrast_coeffs": {
        "max": [-0.448042035103, -0.483665913343, -0.480845034122, -0.630949378014, -0.695473134518, -0.663221538067],
        "mean": [-0.715605199337, -0.774723231792, -0.736226975918, -0.79239487648, -0.793111383915, -0.787222921848],
        "min": [-0.884800970554, -0.954519093037, -0.923471212387, -0.894137859344, -0.904101669788, -0.867012858391],
        "stdev": [0.0589858666062, 0.0671848356724, 0.0814736783504, 0.0498885847628, 0.0345868133008, 0.0250347759575]
    },
    "spectral_contrast_valleys": {
        "max": [-5.01188516617, -5.0956788063, -5.64402580261, -6.10564661026, -5.657954216, -7.79999732971],
        "mean": [-6.29658555984, -6.58490228653, -6.92895507812, -7.27428245544, -7.07940912247, -9.11051750183],
        "min": [-8.50801372528, -7.99488639832, -8.66649436951, -9.10207462311, -8.73565196991, -10.6772384644],
        "stdev": [0.521536707878, 0.445095002651, 0.42270514369, 0.388879567385, 0.408928692341, 0.445081889629]
    }
},
"rhythm": {
    "beats_count": 86,
    "beats_loudness": {
        "max": 0.141221240163,
        "mean": 0.0449602566659,
        "min": 0.00683150207624,
        "stdev": 0.0195049475878
    },
    "bpm": 162.03793335,
    "bpm_histogram_first_peak_bpm": 161,
    "bpm_histogram_first_peak_weight": 0.324675321579,
    "bpm_histogram_second_peak_bpm": 167,
    "bpm_histogram_second_peak_spread": 0,
    "bpm_histogram_second_peak_weight": 0.0705882385373,
    "danceability": 1.45423686504,
    "onset_rate": 2.95312476158,
    "beats_loudness_band_ratio": {
        "max": [0.907573640347, 0.722890079021, 0.630718171597, 0.696108818054, 0.290877729654, 0.167681574821],
        "mean": [0.508580565453, 0.123267807066, 0.113030008972, 0.172720745206, 0.0560590066016, 0.0611940920353],
        "min": [0.0655545070767, 0.00756191136315, 0.00695000402629, 0.00635865749791, 0.00574915809557, 0.010243142955],
        "stdev": [0.228074654937, 0.139416307211, 0.129549875855, 0.167690515518, 0.050918083638, 0.032422747463]
    },
