{
"metadata": {
    "version": {
        "essentia": "2.1-beta5",
        "essentia_git_sha": "Undefined",
        "extractor": "music 2.0"
    },
    "audio_properties": {
        "analysis": {
            "equal_loudness": 0,
            "length": 48.7502937317,
            "sample_rate": 44100,
            "start_time": 93.9943771362,
            "downmix": "mix"
        },
        "bit_rate": 192000,
        "length": 190.287536621,
        "lossless": 0,
        "number_channels": 2,
        "replay_gain": 0.791868209839,
        "sample_rate": 48000,
        "codec": "mp3",
        "md5_encoded": "394337ff3093681e5ad126dba5fb7807"
    },
    "tags": {
        "file_name": "Cyprus_Ela Ela_Constantinos Christoforou.mp3",
        "encoding": ["Lavf58.29.100"]
    }
},
"lowlevel": {
    "average_loudness": 0.968655943871,
    "barkbands_crest": {
        "max": 24.8837928772,
        "mean": 8.70559024811,
        "min": 2.24337935448,
        "stdev": 3.86785840988
    },
    "barkbands_flatness_db": {
        "max": 0.275257647038,
        "mean": 0.133321106434,
        "min": 0.0244783740491,
        "stdev": 0.0325989685953
    },
    "barkbands_kurtosis": {
        "max": 46.0320968628,
        "mean": 1.01875925064,
        "min": -1.85457742214,
        "stdev": 3.06649804115
    },
    "barkbands_skewness": {
        "max": 6.5594701767,
        "mean": 0.946629583836,
        "min": -2.09392046928,
        "stdev": 0.78633326292
    },
    "barkbands_spread": {
        "max": 98.6920013428,
        "mean": 30.645067215,
        "min": 2.93826818466,
        "stdev": 13.1436262131
    },
    "dissonance": {
        "max": 0.499744534492,
        "mean": 0.471902877092,
        "min": 0.311539292336,
        "stdev": 0.0224865172058
    },
    "dynamic_complexity": 2.13676905632,
    "erbbands_crest": {
        "max": 30.0992183685,
        "mean": 9.29544258118,
        "min": 1.94762670994,
        "stdev": 4.91172552109
    },
    "erbbands_flatness_db": {
        "max": 0.327733188868,
        "mean": 0.162864714861,
        "min": 0.0903799757361,
        "stdev": 0.0388931073248
    },
    "erbbands_kurtosis": {
        "max": 15.8081130981,
        "mean": 0.416143834591,
        "min": -1.77473592758,
        "stdev": 1.9506354332
    },
    "erbbands_skewness": {
        "max": 3.63706731796,
        "mean": 0.302598685026,
        "min": -2.3548476696,
        "stdev": 0.798033595085
    },
    "erbbands_spread": {
        "max": 132.561187744,
        "mean": 39.0867767334,
        "min": 6.45558595657,
        "stdev": 16.5926685333
    },
    "hfc": {
        "max": 128.749588013,
        "mean": 30.4012947083,
        "min": 0.341895520687,
        "stdev": 18.1975212097
    },
    "loudness_ebu128": {
        "integrated": -23.600605011,
        "loudness_range": 1.85412406921,
        "momentary": {
            "max": -21.408115387,
            "mean": -23.854265213,
            "min": -29.6715488434,
            "stdev": 1.55825376511
        },
        "short_term": {
            "max": -22.0046520233,
            "mean": -23.6292896271,
            "min": -25.1564464569,
            "stdev": 0.679534494877
        }
    },
    "melbands_crest": {
        "max": 33.713634491,
        "mean": 13.8481273651,
        "min": 2.31743407249,
        "stdev": 5.73323726654
    },
    "melbands_flatness_db": {
        "max": 0.327735811472,
        "mean": 0.140282422304,
        "min": 0.01534603443,
        "stdev": 0.0443329624832
    },
    "melbands_kurtosis": {
        "max": 236.882110596,
        "mean": 7.00995922089,
        "min": -1.73693430424,
        "stdev": 11.568069458
    },
    "melbands_skewness": {
        "max": 13.5191230774,
        "mean": 1.98082339764,
        "min": -0.464371532202,
        "stdev": 1.29444205761
    },
    "melbands_spread": {
        "max": 191.964691162,
        "mean": 35.5645332336,
        "min": 2.85503721237,
        "stdev": 21.1504745483
    },
    "pitch_salience": {
        "max": 0.843190073967,
        "mean": 0.566291689873,
        "min": 0.159541875124,
        "stdev": 0.107223570347
    },
    "silence_rate_20dB": {
        "max": 1,
        "mean": 1,
        "min": 1,
        "stdev": 0
    },
    "silence_rate_30dB": {
        "max": 1,
        "mean": 1,
        "min": 1,
        "stdev": 0
    },
    "silence_rate_60dB": {
        "max": 1,
        "mean": 0.0180866252631,
        "min": 0,
        "stdev": 0.133267536759
    },
    "spectral_centroid": {
        "max": 4290.36523438,
        "mean": 1836.95544434,
        "min": 398.005493164,
        "stdev": 557.840820312
    },
    "spectral_complexity": {
        "max": 56,
        "mean": 24.3907661438,
        "min": 0,
        "stdev": 9.63622951508
    },
    "spectral_decrease": {
        "max": -4.03672373306e-11,
        "mean": -6.68230581979e-09,
        "min": -2.19577955818e-08,
        "stdev": 3.81893006107e-09
    },
    "spectral_energy": {
        "max": 0.0896117240191,
        "mean": 0.0279780440032,
        "min": 0.000183366282727,
        "stdev": 0.015461711213
    },
    "spectral_energyband_high": {
        "max": 0.015362014994,
        "mean": 0.00157411990222,
        "min": 2.89957879431e-05,
        "stdev": 0.00161534827203
    },
    "spectral_energyband_low": {
        "max": 0.0610754340887,
        "mean": 0.0073159551248,
        "min": 4.66160690848e-06,
        "stdev": 0.00857645552605
    },
    "spectral_energyband_middle_high": {
        "max": 0.054316200316,
        "mean": 0.0090786870569,
        "min": 6.72481401125e-05,
        "stdev": 0.00790783762932
    },
    "spectral_energyband_middle_low": {
        "max": 0.0700729563832,
        "mean": 0.0113175110891,
        "min": 6.15117751295e-05,
        "stdev": 0.00985213834792
    },
    "spectral_entropy": {
        "max": 8.80105209351,
        "mean": 7.89141607285,
        "min": 6.81254148483,
        "stdev": 0.283219009638
    },
    "spectral_flux": {
        "max": 0.231604322791,
        "mean": 0.0980040580034,
        "min": 0.0178520232439,
        "stdev": 0.0371534898877
    },
    "spectral_kurtosis": {
        "max": 12.7476835251,
        "mean": 2.42371296883,
        "min": -0.613797664642,
        "stdev": 1.51941990852
    },
    "spectral_rms": {
        "max": 0.00935019087046,
        "mean": 0.00498794019222,
        "min": 0.000422958546551,
        "stdev": 0.00155438890215
    },
    "spectral_rolloff": {
        "max": 10335.9375,
        "mean": 2258.05566406,
        "min": 64.599609375,
        "stdev": 1642.83911133
    },
    "spectral_skewness": {
        "max": 2.47653484344,
        "mean": 1.2313375473,
        "min": 0.232979238033,
        "stdev": 0.307070970535
    },
    "spectral_spread": {
        "max": 18908060,
        "mean": 4993712.5,
        "min": 2127261,
        "stdev": 967297.375
    },
    "spectral_strongpeak": {
        "max": 9.56042194366,
        "mean": 1.22614657879,
        "min": 0,
        "stdev": 1.41400003433
    },
    "zerocrossingrate": {
        "max": 0.32177734375,
        "mean": 0.0858998522162,
        "min": 0.02099609375,
        "stdev": 0.0380691364408
    },
    "barkbands": {
        "max": [0.0111346542835, 0.0518175549805, 0.0280152224004, 0.0280555076897, 0.0234021656215, 0.0354348160326, 0.0549975857139, 0.0477062426507, 0.0468438863754, 0.0473760068417, 0.0501188710332, 0.0166104286909, 0.0146799376234, 0.015680199489, 0.0099961925298, 0.00896026473492, 0.0144272316247, 0.00573232071474, 0.00806691031903, 0.00252393260598, 0.00329951522872, 0.00272427638993, 0.00820230972022, 0.00531011121348, 0.00278627988882, 5.34812397746e-06, 6.62717752675e-07],
        "mean": [0.000813219579868, 0.00410865386948, 0.00179120583925, 0.00109276897274, 0.00205876608379, 0.00128150265664, 0.00134980271105, 0.00255531212315, 0.00174725928809, 0.00277415011078, 0.00141942454502, 0.000827973824926, 0.000559173990041, 0.000654919247609, 0.000738911505323, 0.000554427213501, 0.000799225410447, 0.00056187651353, 0.000558172760066, 0.000326938315993, 0.000375723291654, 0.000259542051936, 0.000335097662173, 0.000241370667936, 0.000192543186131, 1.07605039545e-07, 1.75902492572e-09],
        "min": [2.62489940894e-09, 2.7751408993e-07, 3.23919522316e-07, 5.57653379474e-07, 2.91961487164e-06, 1.21473772197e-06, 5.96635709371e-06, 1.57325871442e-06, 5.95905112277e-06, 5.88749662711e-06, 3.56095529241e-06, 3.52499273504e-06, 3.49282913703e-06, 3.46635874848e-06, 3.45936769008e-06, 5.41406507182e-06, 1.8152757093e-06, 2.24145173888e-06, 6.09254220763e-06, 5.5226269069e-06, 4.12659710491e-06, 7.72939347371e-06, 5.1630836424e-06, 4.20516289523e-06, 2.62707271759e-06, 1.39163333635e-10, 1.78882034185e-10],
        "stdev": [0.00162759970408, 0.00568237062544, 0.00288575375453, 0.00213030795567, 0.00257577747107, 0.00246228207834, 0.00298595405184, 0.00509175937623, 0.00368851609528, 0.00503856642172, 0.00329957599752, 0.00158103846479, 0.00110375974327, 0.00118974829093, 0.00107071665116, 0.000857966311742, 0.00143295782618, 0.000671676651109, 0.000643141160253, 0.000311964511639, 0.000386014435207, 0.00026950991014, 0.000478740985272, 0.000365103187505, 0.000256250204984, 4.11000428358e-07, 1.66442255534e-08]
    },
    "erbbands": {
        "max": [2.54608297348, 7.7867846489, 32.1537017822, 69.5787734985, 80.116104126, 143.5546875, 248.57043457, 247.607315063, 635.198547363, 997.32800293, 1309.45898438, 1004.69995117, 1650.89953613, 1661.75256348, 595.577331543, 846.344787598, 536.627868652, 896.604003906, 563.662841797, 524.834716797, 552.309570312, 583.9765625, 245.327545166, 553.072753906, 327.915985107, 115.306167603, 186.251373291, 100.118621826, 120.18346405, 123.299507141, 140.639923096, 168.765777588, 81.4268035889, 40.6672935486, 16.041229248, 0.986721336842, 0.024020768702, 0.00187665584963, 0.000313340802677, 0.000118122792628],
        "mean": [0.173205241561, 0.706133544445, 2.00499796867, 3.23244047165, 5.45257997513, 6.43078708649, 8.56649398804, 10.238858223, 16.4559783936, 27.9623718262, 63.8033752441, 40.2852172852, 84.7431106567, 80.4406433105, 36.9791488647, 36.0329322815, 25.3081207275, 35.5552520752, 33.5443153381, 36.5582847595, 36.8482398987, 39.1310424805, 30.5317516327, 31.5743923187, 23.0589370728, 15.9828710556, 15.9935541153, 12.8407020569, 10.2478818893, 7.29288053513, 9.27530097961, 6.71419095993, 3.73144412041, 2.6446647644, 1.08363258839, 0.0653541013598, 0.00179413857404, 0.000136761635076, 3.60631674994e-05, 3.92694928451e-05],
        "min": [1.45525600601e-05, 0.000199372108909, 0.00150446209591, 0.00198581488803, 0.00662144599482, 0.0129852900282, 0.0133356712759, 0.0132229207084, 0.0991584956646, 0.0434220656753, 0.0865001007915, 0.178678333759, 0.388539612293, 0.190666273236, 0.193407312036, 0.168856114149, 0.303533673286, 0.177148535848, 0.22200396657, 0.174087464809, 0.311445206404, 0.108351007104, 0.107388727367, 0.152993202209, 0.47455444932, 0.302052289248, 0.158286914229, 0.243231847882, 0.340075939894, 0.0944086238742, 0.171581581235, 0.0964463278651, 0.0711182951927, 0.0342380404472, 0.0113229947165, 0.000560392567422, 2.21804912144e-05, 3.04545073959e-06, 1.90548689716e-06, 1.52411666932e-06],
        "stdev": [0.287122279406, 1.03029716015, 3.08592247963, 5.68034410477, 7.63860845566, 10.2948246002, 15.4719715118, 21.3972644806, 35.9287643433, 57.0692939758, 136.650253296, 74.6068572998, 172.269851685, 158.99697876, 55.2544555664, 70.0248336792, 44.7367401123, 61.1193809509, 46.3176803589, 48.3636627197, 53.736492157, 59.7511253357, 32.6629066467, 34.5144844055, 25.1505432129, 15.2971162796, 16.2284927368, 13.3794574738, 10.8744602203, 9.57658195496, 11.8025341034, 10.2444505692, 5.82430648804, 3.66559386253, 1.47935056686, 0.0848667174578, 0.00226392038167, 0.000165799065144, 2.81810607703e-05, 2.05137894227e-05]
    },
    "gfcc": {
        "mean": [26.1029758453, 79.7645187378, -144.251586914, 48.9488067627, -80.5368347168, 30.2753295898, -42.549079895, 18.9943237305, -21.6060791016, -7.42139673233, -10.4560947418, -12.5179977417, 1.46970796585],
        "cov": [[1446.62695312, 2.28974294662, 9.47423267365, 26.0900726318, -4.71421766281, -8.53808307648, -37.7948112488, 28.1103878021, 19.8330192566, 65.2449798584, -32.7997741699, -9.19071674347, 2.02218127251], [2.28974294662, 555.721374512, 30.9915714264, 19.3094425201, 190.146453857, 69.6460266113, 144.181365967, 24.8442764282, 91.1607666016, -45.3700370789, 46.2328033447, -21.3233852386, 14.3716831207], [9.47423267365, 30.9915714264, 424.993164062, 324.761291504, 74.2472076416, 100.49344635, 38.1963310242, 20.4352092743, 4.96736383438, 40.2357254028, -0.644039452076, 16.0637817383, 1.86181175709], [26.0900726318, 19.3094425201, 324.761291504, 439.845977783, 134.461196899, 32.7556266785, 8.59401035309, 29.1239871979, 49.0240707397, 24.7188453674, 0.774120271206, 22.0545063019, 9.28556346893], [-4.71421766281, 190.146453857, 74.2472076416, 134.461196899, 230.208114624, 111.279327393, 105.613327026, 61.4926528931, 56.6884803772, 18.9380455017, 37.4762306213, 21.4600811005, 29.6167392731], [-8.53808307648, 69.6460266113, 100.49344635, 32.7556266785, 111.279327393, 287.634429932, 201.775512695, -9.89175510406, -43.1367111206, 34.4494628906, 45.3868789673, 12.0954217911, 35.9228897095], [-37.7948112488, 144.181365967, 38.1963310242, 8.59401035309, 105.613327026, 201.775512695, 229.089904785, 38.1932601929, -1.80439221859, 12.6567974091, 39.4368247986, 1.39494085312, 24.1440219879], [28.1103878021, 24.8442764282, 20.4352092743, 29.1239871979, 61.4926528931, -9.89175510406, 38.1932601929, 138.999923706, 103.849334717, 14.5440454483, -6.87241792679, 3.02024722099, -5.89873790741], [19.8330192566, 91.1607666016, 4.96736383438, 49.0240707397, 56.6884803772, -43.1367111206, -1.80439221859, 103.849334717, 172.720748901, 28.807975769, 0.723548769951, -8.68019199371, -2.73827004433], [65.2449798584, -45.3700370789, 40.2357254028, 24.7188453674, 18.9380455017, 34.4494628906, 12.6567974091, 14.5440454483, 28.807975769, 126.015800476, 43.4828071594, 18.5737686157, 21.1868610382], [-32.7997741699, 46.2328033447, -0.644039452076, 0.774120271206, 37.4762306213, 45.3868789673, 39.4368247986, -6.87241792679, 0.723548769951, 43.4828071594, 86.7548599243, 34.1909179688, 22.6551856995], [-9.19071674347, -21.3233852386, 16.0637817383, 22.0545063019, 21.4600811005, 12.0954217911, 1.39494085312, 3.02024722099, -8.68019199371, 18.5737686157, 34.1909179688, 68.3905792236, 34.6351699829], [2.02218127251, 14.3716831207, 1.86181175709, 9.28556346893, 29.6167392731, 35.9228897095, 24.1440219879, -5.89873790741, -2.73827004433, 21.1868610382, 22.6551856995, 34.6351699829, 67.6380386353]],
        "icov": [[0.000799145840574, -0.000677966454532, 0.000668343447614, -0.000653226918075, 0.000782669638284, -0.000919867714401, 0.00103461265098, -0.00115134951193, 0.000810380966868, -0.00102965871338, 0.000814355444163, -0.000138869247166, 2.12363102037e-05], [-0.000677966454532, 0.0077385706827, -0.00555467279628, 0.00580342439935, -0.00867964141071, 0.00781258940697, -0.00842042639852, 0.00975202675909, -0.00740305893123, 0.00537462858483, -0.0036857763771, 0.0027442376595, -0.000914283969905], [0.000668343447614, -0.00555467279628, 0.0115091027692, -0.0101497573778, 0.00869143474847, -0.00971435382962, 0.00781807862222, -0.00961628183722, 0.00673075811937, -0.00499406643212, 0.00321412272751, -0.00213030958548, 0.00181222241372], [-0.000653226918075, 0.00580342439935, -0.0101497573778, 0.0121696386486, -0.0106805963442, 0.00889737345278, -0.0070672146976, 0.0102286208421, -0.00732093537226, 0.00425895024091, -0.00174583005719, 0.000786537013482, -0.000687294639647], [0.000782669638284, -0.00867964141071, 0.00869143474847, -0.0106805963442, 0.0193889234215, -0.0125802224502, 0.00921073928475, -0.0143646197394, 0.00709865475073, -0.00456078816205, 0.00149351323489, -0.00291863828897, -0.000590876501519], [-0.000919867714401, 0.00781258940697, -0.00971435382962, 0.00889737345278, -0.0125802224502, 0.0226758401841, -0.0200414583087, 0.0150641370565, -0.00613886769861, 0.00290922890417, -0.00249420106411, 0.00213099224493, -0.00206916825846], [0.00103461265098, -0.00842042639852, 0.00781807862222, -0.0070672146976, 0.00921073928475, -0.0200414583087, 0.0256084240973, -0.0179512277246, 0.00975463073701, -0.00326256663539, -0.000430764106568, 0.00166243209969, -0.000872575386893], [-0.00115134951193, 0.00975202675909, -0.00961628183722, 0.0102286208421, -0.0143646197394, 0.0150641370565, -0.0179512277246, 0.0314054749906, -0.0192554779351, 0.00535991601646, 0.00117359764408, -0.00341645814478, 0.00315663777292], [0.000810380966868, -0.00740305893123, 0.00673075811937, -0.00732093537226, 0.00709865475073, -0.00613886769861, 0.00975463073701, -0.0192554779351, 0.0206294432282, -0.00728658027947, 0.00131601199973, 0.00271543394774, -0.00135432917159], [-0.00102965871338, 0.00537462858483, -0.00499406643212, 0.00425895024091, -0.00456078816205, 0.00290922890417, -0.00326256663539, 0.00535991601646, -0.00728658027947, 0.0156660545617, -0.00914973765612, 0.00309798074886, -0.00319835240953], [0.000814355444163, -0.0036857763771, 0.00321412272751, -0.00174583005719, 0.00149351323489, -0.00249420106411, -0.000430764106568, 0.00117359764408, 0.00131601199973, -0.00914973765612, 0.0232192259282, -0.0117845274508, 0.00301340874285], [-0.000138869247166, 0.0027442376595, -0.00213030958548, 0.000786537013482, -0.00291863828897, 0.00213099224493, 0.00166243209969, -0.00341645814478, 0.00271543394774, 0.00309798074886, -0.0117845274508, 0.0282022375613, -0.0127281434834], [2.12363102037e-05, -0.000914283969905, 0.00181222241372, -0.000687294639647, -0.000590876501519, -0.00206916825846, -0.000872575386893, 0.00315663777292, -0.00135432917159, -0.00319835240953, 0.00301340874285, -0.0127281434834, 0.0234224610031]]
    },
    "melbands": {
        "max": [0.0179854631424, 0.0130124902353, 0.0104265492409, 0.0053134332411, 0.00716226454824, 0.00674591772258, 0.00820260401815, 0.00897310860455, 0.0100923171267, 0.00658312765881, 0.00836527254432, 0.00610114028677, 0.00367729528807, 0.00229754671454, 0.00171296182089, 0.00172815239057, 0.00159930286463, 0.000835011363961, 0.000868757953867, 0.000755122338887, 0.000617003242951, 0.000863443710841, 0.000480572285596, 0.000412135588704, 0.000541025190614, 0.000361984217307, 9.93321591523e-05, 9.18545847526e-05, 0.000104901220766, 0.00012953474652, 6.12159637967e-05, 8.79304570844e-05, 4.2124545871e-05, 9.26238280954e-05, 7.47872472857e-05, 0.00028797853156, 7.24668352632e-05, 6.5195337811e-05, 4.06683393521e-05, 3.49117726728e-05],
        "mean": [0.00132883584592, 0.000993288354948, 0.000606875226367, 0.000436988600995, 0.000292036740575, 0.00024008975015, 0.000264764355961, 0.000328007678036, 0.000516271917149, 0.000245290924795, 0.000423007324571, 0.000323819112964, 0.000149764819071, 9.59622630035e-05, 6.19871934759e-05, 6.30980648566e-05, 6.6396110924e-05, 5.06600517838e-05, 5.92918950133e-05, 4.19057760155e-05, 4.57578062196e-05, 4.53879401903e-05, 3.08257258439e-05, 2.57204337686e-05, 2.59265143541e-05, 1.89712427527e-05, 1.25024025692e-05, 1.00285087683e-05, 1.00950583146e-05, 9.32489820116e-06, 6.83801181367e-06, 6.2609710767e-06, 4.2802862481e-06, 3.93817708755e-06, 4.8717847676e-06, 6.14536884314e-06, 3.46590127265e-06, 2.69282099907e-06, 2.16049852497e-06, 2.33540276895e-06],
        "min": [1.1669677491e-07, 6.68508960189e-07, 5.37518474175e-07, 5.25306177224e-07, 6.04773958912e-07, 3.12401681413e-07, 1.68060410033e-06, 3.38189153126e-07, 6.29863563972e-07, 1.06178219994e-06, 1.67945540852e-06, 5.44870999875e-07, 5.42004841009e-07, 4.69523541824e-07, 6.01078284035e-07, 3.20266252629e-07, 3.05217810137e-07, 3.78430627279e-07, 2.50343731523e-07, 2.50228026744e-07, 3.30385205416e-07, 9.58938528584e-08, 1.08575214597e-07, 9.28591958882e-08, 1.13939329083e-07, 2.57786041402e-07, 3.52472653731e-07, 1.5477468196e-07, 1.21178089785e-07, 5.7860809477e-08, 1.28158859525e-07, 1.67567904441e-07, 4.76999630905e-08, 5.2861643951e-08, 9.75888099219e-08, 7.59964322583e-08, 5.76644580974e-08, 4.74255976712e-08, 3.75430495581e-08, 2.38640911476e-08],
        "stdev": [0.00198289752007, 0.00134745612741, 0.000896317884326, 0.000581258325838, 0.00047965630074, 0.000500606547575, 0.000556897779461, 0.000635044008959, 0.00113313028123, 0.00051578937564, 0.000876905745827, 0.000636551470961, 0.000281947635813, 0.000177581678145, 0.000116407718451, 0.00012870093633, 0.000120570468425, 7.75386070018e-05, 8.9838198619e-05, 6.34944299236e-05, 7.73822757765e-05, 8.3081307821e-05, 4.28151615779e-05, 3.85448220186e-05, 3.09256320179e-05, 2.34897106566e-05, 1.20503937069e-05, 1.07221239887e-05, 1.0761986232e-05, 1.14912554636e-05, 7.60186412663e-06, 6.93543597663e-06, 4.89510057378e-06, 6.13709789832e-06, 6.03484477324e-06, 1.14674621727e-05, 5.39754501006e-06, 4.46084595751e-06, 3.23772155753e-06, 3.20320805258e-06]
    },
    "melbands128": {
        "max": [0.00962683651596, 0.0240313708782, 0.0220108944923, 0.0137748233974, 0.0194763597101, 0.0145866256207, 0.0165934730321, 0.0127274859697, 0.0112832365558, 0.00824428908527, 0.0115916160867, 0.00599283538759, 0.00892688147724, 0.0120825963095, 0.00710950698704, 0.0128879547119, 0.0210599116981, 0.0100982431322, 0.0219024419785, 0.0130037600175, 0.0114924255759, 0.0126433996484, 0.0178329795599, 0.00763117615134, 0.00901559274644, 0.0143682798371, 0.014995355159, 0.0159768108279, 0.0128116952255, 0.00666151754558, 0.0119751766324, 0.0128628117964, 0.00324610434473, 0.00230526318774, 0.0029211496003, 0.00317245302722, 0.00423048064113, 0.00314341392368, 0.00168810260948, 0.00194113422185, 0.00315107521601, 0.00258245365694, 0.00303954863921, 0.00326892221346, 0.00202320492826, 0.00130788562819, 0.00151632854249, 0.00175871595275, 0.00192975043319, 0.0010465682717, 0.00145620515104, 0.00149758637417, 0.00153427477926, 0.000904554501176, 0.00315170176327, 0.00138216710184, 0.000967233325355, 0.00104696012568, 0.000745992758311, 0.000354621006409, 0.000636966200545, 0.000627403671388, 0.000992674729787, 0.000842434877995, 0.000575640937313, 0.000393962662201, 0.000561262306292, 0.000275224389043, 9.25485801417e-05, 0.000125411403133, 0.000144813457155, 0.00016347161727, 0.000165213918081, 0.000143058830872, 0.00026676786365, 0.000229213066632, 0.000148191596963, 7.17001166777e-05, 7.50627586967e-05, 0.000125457285321, 0.000112774869194, 0.00011681021715, 6.03750049777e-05, 6.22005245532e-05, 6.5919055487e-05, 8.46690963954e-05, 0.000103380058135, 0.000125321384985, 6.77279022057e-05, 0.000105928746052, 0.000194180567632, 0.000570970005356, 7.03689147485e-05, 9.04148109839e-05, 9.85099104582e-05, 6.80031007505e-05, 7.94362931629e-05, 5.73666147829e-05, 4.24980607932e-05, 5.18319575349e-05, 6.8205226853e-05, 4.0170376451e-05, 4.45088880952e-05, 3.1327464967e-05, 3.9664148062e-05, 1.47209411807e-05, 8.00840371085e-06, 3.78764553943e-07, 1.3231082896e-08, 2.99221136757e-09, 3.08839820384e-09, 3.16687631674e-09, 3.16609716222e-09, 3.14331249918e-09, 3.12880499287e-09, 3.09455394643e-09, 3.04654013128e-09, 2.99189806263e-09, 2.97266966598e-09, 2.91049895296e-09, 2.89572743561e-09, 2.83393819522e-09, 2.76274247923e-09, 2.73841260778e-09, 2.74113265419e-09, 2.71760591808e-09, 2.70248490253e-09, 2.6893980376e-09],
        "mean": [0.000746465870179, 0.00166865903884, 0.00133994140197, 0.00112423324026, 0.00107358605601, 0.000825941795483, 0.000684576050844, 0.000475142471259, 0.00059884384973, 0.00046354814549, 0.000329196656821, 0.000296432495816, 0.000325304426951, 0.000229215147556, 0.000189183658222, 0.000287387607386, 0.000271808821708, 0.000220081332373, 0.000323448504787, 0.000286434340524, 0.000323788379319, 0.000463071832201, 0.000759176618885, 0.000268398871413, 0.000164929399034, 0.000253780308412, 0.000338077603374, 0.000579372630455, 0.000344258587575, 0.000263931113295, 0.000396443909267, 0.000279521918856, 0.000102836966107, 8.87548303581e-05, 7.16702634236e-05, 0.000108418906166, 0.000125075443066, 4.5144399337e-05, 3.71182795789e-05, 5.0608512538e-05, 7.60919356253e-05, 7.0494999818e-05, 5.89351293456e-05, 7.99874978838e-05, 4.75560118502e-05, 3.93566951971e-05, 5.80215237278e-05, 6.85443155817e-05, 5.93968579778e-05, 3.74463161279e-05, 4.22301854996e-05, 4.36208538304e-05, 3.1919873436e-05, 4.28957428085e-05, 8.49765638122e-05, 3.5729688534e-05, 2.553548984e-05, 3.5755099816e-05, 3.22765117744e-05, 2.29053366638e-05, 2.5695979275e-05, 2.60244614765e-05, 2.80276854028e-05, 2.60584092757e-05, 2.3428352506e-05, 1.65144174389e-05, 1.97463632503e-05, 1.40570973599e-05, 9.73940041149e-06, 1.15405846373e-05, 9.48047636484e-06, 1.02725025499e-05, 9.84127837e-06, 1.07206842586e-05, 8.46412149258e-06, 1.15493585326e-05, 8.62384968059e-06, 6.2521817199e-06, 7.303669463e-06, 6.45458385407e-06, 6.70451208862e-06, 6.15525732428e-06, 4.79469690617e-06, 4.2817123358e-06, 3.55914949068e-06, 3.95196457248e-06, 3.87821910408e-06, 4.30631644122e-06, 4.58679687654e-06, 5.22558912053e-06, 7.61068122301e-06, 6.69733526593e-06, 3.18467073157e-06, 3.3976530176e-06, 3.71651140085e-06, 2.68374765255e-06, 2.74840249403e-06, 2.18499417315e-06, 2.18421837417e-06, 2.06318213714e-06, 2.14247529584e-06, 2.72854276773e-06, 2.18377749661e-06, 1.39448206937e-06, 1.33132675728e-06, 1.06963318558e-06, 3.01109082557e-07, 6.53630483072e-09, 2.32192754607e-11, 1.13896825998e-11, 1.0703170121e-11, 1.05026230768e-11, 1.01076716441e-11, 9.52964877149e-12, 9.15875448398e-12, 8.8610421084e-12, 8.51576708455e-12, 8.27907794404e-12, 8.10351091785e-12, 7.88951456249e-12, 7.69443276455e-12, 7.54455525831e-12, 7.4173098219e-12, 7.2713666685e-12, 6.90908181361e-12, 6.34955716478e-12, 6.03418703893e-12, 5.96209149759e-12],
        "min": [8.01237132197e-10, 4.14337497645e-09, 2.86893140355e-08, 6.87315306891e-08, 7.22793629393e-08, 2.25101913998e-07, 1.48882463691e-07, 2.84081806967e-07, 2.84451829202e-07, 1.15762404107e-07, 2.43679210143e-07, 3.90717104892e-07, 2.2043242609e-07, 1.8013014369e-07, 1.48224231111e-07, 1.28416388634e-07, 3.58234217401e-07, 3.54763869836e-07, 3.46166302734e-07, 2.58850917589e-07, 8.22092118824e-08, 3.7073127146e-07, 2.36142213339e-07, 3.19931984905e-07, 1.79942816203e-07, 2.31040090171e-07, 4.56487811107e-07, 6.75803391914e-07, 1.95251161017e-07, 3.32649932488e-07, 2.25043223168e-07, 2.8809995456e-07, 2.21390592969e-07, 9.13809969916e-08, 9.5861807381e-08, 2.02595231258e-07, 2.42021116037e-07, 1.3567176893e-07, 2.26196917197e-07, 2.13642124436e-07, 9.71687512674e-08, 1.15637135423e-07, 1.15519924293e-07, 3.39659209203e-07, 3.55234675453e-07, 2.33449952702e-07, 1.98331790102e-07, 2.26543178883e-07, 1.67625955783e-07, 2.01693168833e-07, 2.70681738357e-07, 2.27602967584e-07, 1.49451054199e-07, 1.64289275517e-07, 7.79813404961e-08, 3.80011542234e-08, 9.00055425745e-08, 1.16991309085e-07, 1.17652604104e-07, 8.97794905086e-08, 6.07103132211e-08, 1.12936348273e-07, 1.3855894565e-07, 8.90973197443e-08, 1.23292196008e-07, 1.26461401351e-07, 1.86489160114e-07, 1.81751659056e-07, 1.96914143658e-07, 9.03146784026e-08, 1.5163428202e-07, 8.39799838559e-08, 7.70240760062e-08, 9.43647506801e-08, 4.32837659048e-08, 2.48651819135e-08, 5.99671636792e-08, 9.9662358366e-08, 5.18332150534e-08, 7.00785562913e-08, 1.10792740315e-07, 1.06769498132e-07, 6.98796611687e-08, 4.55161313084e-08, 3.04190734823e-08, 3.05127052513e-08, 6.6397262799e-08, 6.96522874932e-08, 5.09013240446e-08, 8.20384258304e-08, 1.13797412382e-07, 2.89820327737e-08, 4.50440467148e-08, 5.58577006871e-08, 5.14216367264e-08, 1.69345213408e-08, 2.57390517788e-08, 3.07539380628e-08, 2.21011049462e-08, 2.80541652131e-08, 2.24307949992e-08, 2.2119378329e-08, 1.88894659914e-08, 1.39939286825e-08, 1.47189602728e-08, 7.50955919671e-09, 4.68222738359e-10, 9.15220265026e-13, 5.62239220025e-13, 5.46557753483e-13, 5.59165615286e-13, 6.50282399543e-13, 6.51357060736e-13, 5.45991854159e-13, 4.37511030009e-13, 6.38605000044e-13, 5.84990877354e-13, 5.12336050321e-13, 5.49441568631e-13, 5.32359041832e-13, 5.17083554794e-13, 4.7209149567e-13, 5.59037354169e-13, 4.37830707019e-13, 3.90813304028e-13, 1.42618189936e-13, 2.54679141139e-14, 6.22845348973e-16],
        "stdev": [0.00148564274423, 0.0029707797803, 0.0022780240979, 0.00171797524672, 0.00174543482717, 0.00135038921144, 0.00134927441832, 0.000883809349034, 0.000963754486293, 0.000723426579498, 0.000718172872439, 0.000562073371839, 0.000661126396153, 0.000626544933766, 0.000509121397045, 0.000794702908024, 0.000930391426664, 0.000567170965951, 0.000980485929176, 0.000784203992225, 0.000906438392121, 0.0010956088081, 0.00202162680216, 0.000742749602068, 0.000531914352905, 0.000820632849354, 0.000994618632831, 0.00147583323997, 0.000913699390367, 0.000642257858999, 0.00107911019586, 0.00081983814016, 0.00023503927514, 0.0001945659169, 0.000201449773158, 0.000257643521763, 0.000326142500853, 0.000133587716846, 0.000105479011836, 0.000128734653117, 0.000202585448278, 0.00017831743753, 0.000150877836859, 0.000207768229302, 0.000121069853776, 8.96554120118e-05, 0.00011539515981, 0.000137341703521, 0.000130840620841, 6.67000786052e-05, 9.71436311374e-05, 9.43988707149e-05, 8.02934446256e-05, 9.48236920522e-05, 0.000256198371062, 7.84181829658e-05, 5.47404633835e-05, 7.18996670912e-05, 5.61655251659e-05, 3.01728468912e-05, 5.772314762e-05, 5.7342749642e-05, 4.7225948947e-05, 4.26280821557e-05, 3.58762699761e-05, 2.45705323323e-05, 3.1955743907e-05, 1.8779792299e-05, 1.07535315692e-05, 1.45047324622e-05, 1.32122977448e-05, 1.35274885906e-05, 1.24362313727e-05, 1.42855078593e-05, 1.31390279421e-05, 1.83598367585e-05, 1.29020281747e-05, 8.08108597994e-06, 9.22414892557e-06, 8.67397375259e-06, 8.20276909508e-06, 8.22896890895e-06, 6.20201262791e-06, 5.33557204108e-06, 4.80622793475e-06, 6.15003045823e-06, 7.47713056626e-06, 7.73288775235e-06, 5.87420936426e-06, 6.97793575455e-06, 1.15967905003e-05, 1.94182684936e-05, 4.91259925184e-06, 5.54364623895e-06, 6.69004748488e-06, 4.92678145747e-06, 5.03749288328e-06, 3.69527128896e-06, 3.35240747518e-06, 3.38241875397e-06, 4.17372757511e-06, 3.62619971384e-06, 3.68994483324e-06, 2.35579182117e-06, 2.21950404011e-06, 1.42206738474e-06, 4.89707133511e-07, 2.05572092682e-08, 3.1039085191e-10, 9.96710075585e-11, 9.32834781642e-11, 9.01277663612e-11, 8.73999206341e-11, 8.41781921945e-11, 8.23054957522e-11, 8.02895805396e-11, 7.82499828822e-11, 7.61995189169e-11, 7.51213466432e-11, 7.34134142366e-11, 7.25317791939e-11, 7.07470748651e-11, 6.89178020208e-11, 6.8336038217e-11, 6.80525913399e-11, 6.7424205108e-11, 6.69438324219e-11, 6.65850638515e-11]
    },
    "mfcc": {
        "mean": [-596.84564209, 87.6438064575, -1.22546863556, 12.5463085175, -0.434402257204, -0.313745349646, 1.28714990616, 8.7720708847, 3.35337209702, 4.68636703491, -2.46719074249, -3.03313446045, -4.34715080261],
        "cov": [[1478.51928711, -25.0504016876, -55.3116874695, -4.97826337814, -14.6960706711, -28.3487911224, -59.5951156616, -64.9167022705, 10.4502449036, 19.5208854675, -0.836879849434, -1.84379816055, 2.44563651085], [-25.0504016876, 519.79486084, -127.528198242, -56.7905807495, 18.8740692139, 50.2534446716, 66.7522735596, 103.344360352, 29.2093334198, 60.2154922485, 45.6800422668, -7.14673471451, -11.3174161911], [-55.3116874695, -127.528198242, 388.812255859, 189.544784546, 71.8065414429, 102.769142151, 50.1502304077, 3.12774133682, 25.5344333649, -0.251408904791, -1.02550375462, 42.9804191589, 9.24306583405], [-4.97826337814, -56.7905807495, 189.544784546, 358.968505859, 173.579620361, 5.57189035416, -43.5454597473, 23.6674041748, 56.790222168, -7.43060684204, 9.31694507599, 75.9851226807, 44.1716346741], [-14.6960706711, 18.8740692139, 71.8065414429, 173.579620361, 179.333740234, 25.4726734161, -13.0447406769, 37.7138633728, 49.3809547424, 16.3948802948, 13.5264205933, 47.3898200989, 36.0210876465], [-28.3487911224, 50.2534446716, 102.769142151, 5.57189035416, 25.4726734161, 255.381546021, 197.367324829, 37.8015861511, 17.4496459961, 26.8341083527, 2.58947634697, 0.983431220055, 8.72256565094], [-59.5951156616, 66.7522735596, 50.1502304077, -43.5454597473, -13.0447406769, 197.367324829, 259.248931885, 66.4466094971, 4.05971097946, 25.9400539398, 10.3747816086, -13.5504055023, 0.489725977182], [-64.9167022705, 103.344360352, 3.12774133682, 23.6674041748, 37.7138633728, 37.8015861511, 66.4466094971, 154.819335938, 61.3019638062, 27.1702461243, 24.6225452423, 17.7488956451, -10.4977579117], [10.4502449036, 29.2093334198, 25.5344333649, 56.790222168, 49.3809547424, 17.4496459961, 4.05971097946, 61.3019638062, 121.031700134, 55.4546012878, 28.9306240082, 40.3376846313, 8.86248588562], [19.5208854675, 60.2154922485, -0.251408904791, -7.43060684204, 16.3948802948, 26.8341083527, 25.9400539398, 27.1702461243, 55.4546012878, 104.614364624, 46.8273086548, 15.3333263397, 8.04634094238], [-0.836879849434, 45.6800422668, -1.02550375462, 9.31694507599, 13.5264205933, 2.58947634697, 10.3747816086, 24.6225452423, 28.9306240082, 46.8273086548, 81.3201522827, 37.7184867859, 10.4617376328], [-1.84379816055, -7.14673471451, 42.9804191589, 75.9851226807, 47.3898200989, 0.983431220055, -13.5504055023, 17.7488956451, 40.3376846313, 15.3333263397, 37.7184867859, 98.5127258301, 34.2520446777], [2.44563651085, -11.3174161911, 9.24306583405, 44.1716346741, 36.0210876465, 8.72256565094, 0.489725977182, -10.4977579117, 8.86248588562, 8.04634094238, 10.4617376328, 34.2520446777, 77.2079772949]],
        "icov": [[0.000705599668436, 1.24217294797e-05, 0.000164908298757, -0.000116029848868, 0.000108102278318, -0.000133611829369, 0.000144890072988, 0.000348771398421, -0.000182112271432, -0.000181722411071, 3.72221402358e-05, 1.9175649868e-06, 7.12209875928e-05], [1.24217294797e-05, 0.00274714664556, 0.00109133508522, -9.37363347475e-06, -0.00043814998935, -0.000850597512908, 0.000278253661236, -0.00166634551715, 0.000793236482423, -0.00105376821011, -0.000830311328173, 0.000329231057549, 0.000334401382133], [0.000164908298757, 0.00109133508522, 0.00477090012282, -0.00282330671325, 0.000901112740394, -0.00222863210365, 9.27058863454e-05, 9.34795898502e-05, 0.000426138925832, -0.000736606947612, 0.000133715540869, -0.000843893911224, 0.00142644462176], [-0.000116029848868, -9.37363347475e-06, -0.00282330671325, 0.00776764797047, -0.00580591708422, 0.00110899214633, 0.00043214703328, 1.62967662618e-05, -0.0012429744238, 0.00202595675364, -5.63264165976e-06, -0.0013904448133, -0.000971603847574], [0.000108102278318, -0.00043814998935, 0.000901112740394, -0.00580591708422, 0.0126047125086, -0.00250455061905, 0.00214023375884, -0.00198219367303, -0.000482846429804, -0.00131399347447, 0.000622886174824, -0.000301092339214, -0.00249317171983], [-0.000133611829369, -0.000850597512908, -0.00222863210365, 0.00110899214633, -0.00250455061905, 0.0120197460055, -0.00913096219301, 0.00242664595135, -0.00154590967577, -0.000373921502614, 0.00180559116416, -0.000526372925378, -8.44180103741e-05], [0.000144890072988, 0.000278253661236, 9.27058863454e-05, 0.00043214703328, 0.00214023375884, -0.00913096219301, 0.0122851589695, -0.00462257722393, 0.00237023551017, -0.000758363399655, -0.00130046333652, 0.00141415034886, -0.00153971801046], [0.000348771398421, -0.00166634551715, 9.34795898502e-05, 1.62967662618e-05, -0.00198219367303, 0.00242664595135, -0.00462257722393, 0.0119539629668, -0.00579618895426, 0.00203060242347, -0.00105217704549, -0.000568454968743, 0.00287794461474], [-0.000182112271432, 0.000793236482423, 0.000426138925832, -0.0012429744238, -0.000482846429804, -0.00154590967577, 0.00237023551017, -0.00579618895426, 0.0164179150015, -0.00814574304968, 0.00189311406575, -0.00404026079923, 0.000879172817804], [-0.000181722411071, -0.00105376821011, -0.000736606947612, 0.00202595675364, -0.00131399347447, -0.000373921502614, -0.000758363399655, 0.00203060242347, -0.00814574304968, 0.0182213131338, -0.00884936563671, 0.00325017469004, -0.00149013590999], [3.72221402358e-05, -0.000830311328173, 0.000133715540869, -5.63264165976e-06, 0.000622886174824, 0.00180559116416, -0.00130046333652, -0.00105217704549, 0.00189311406575, -0.00884936563671, 0.0212185010314, -0.0081842513755, 0.000695550756063], [1.9175649868e-06, 0.000329231057549, -0.000843893911224, -0.0013904448133, -0.000301092339214, -0.000526372925378, 0.00141415034886, -0.000568454968743, -0.00404026079923, 0.00325017469004, -0.0081842513755, 0.018383141607, -0.00586295966059], [7.12209875928e-05, 0.000334401382133, 0.00142644462176, -0.000971603847574, -0.00249317171983, -8.44180103741e-05, -0.00153971801046, 0.00287794461474, 0.000879172817804, -0.00149013590999, 0.000695550756063, -0.00586295966059, 0.0175188146532]]
    },
    "spectral_contrast_coeffs": {
        "max": [-0.429951399565, -0.408976882696, -0.490172505379, -0.597724914551, -0.581483840942, -0.667729735374],
        "mean": [-0.724128901958, -0.74996638298, -0.738053381443, -0.787058711052, -0.782897412777, -0.77472358942],
        "min": [-0.897486686707, -0.935459911823, -0.910714745522, -0.934424579144, -0.894096314907, -0.848346471786],
        "stdev": [0.0736939683557, 0.0849101245403, 0.0733856037259, 0.0484939217567, 0.0380304343998, 0.0252276789397]
    },
    "spectral_contrast_valleys": {
        "max": [-5.30461168289, -4.92614746094, -5.531229496, -5.63105964661, -5.74322128296, -7.51801586151],
        "mean": [-6.7745923996, -6.59490299225, -6.9766535759, -7.20586252213, -6.97571134567, -9.23913478851],
        "min": [-9.49765205383, -8.78405380249, -8.86865520477, -8.71346092224, -8.63208961487, -10.7172441483],
        "stdev": [0.711530029774, 0.531065583229, 0.536758899689, 0.457912325859, 0.433472931385, 0.519199192524]
    }
},
"rhythm": {
    "beats_count": 101,
    "beats_loudness": {
        "max": 0.0653322339058,
        "mean": 0.0348792895675,
        "min": 0.00323992129415,
        "stdev": 0.0142664955929
    },
    "bpm": 101.402763367,
    "bpm_histogram_first_peak_bpm": 101,
    "bpm_histogram_first_peak_weight": 0.509803891182,
    "bpm_histogram_second_peak_bpm": 178,
    "bpm_histogram_second_peak_spread": 0,
    "bpm_histogram_second_peak_weight": 0.10000000149,
    "danceability": 1.23665821552,
    "onset_rate": 3.7939453125,
    "beats_loudness_band_ratio": {
        "max": [0.841660499573, 0.556766569614, 0.847322762012, 0.886530637741, 0.330171376467, 0.682460427284],
        "mean": [0.31865003705, 0.109942920506, 0.241816043854, 0.219272747636, 0.100870661438, 0.0886911153793],
        "min": [0.000921273312997, 0.00280742044561, 0.0135398739949, 0.00983728095889, 0.0107402624562, 0.0067873657681],
        "stdev": [0.219065278769, 0.100773781538, 0.1929897964, 0.204116359353, 0.0682326108217, 0.0867450609803]
    },
