{
"metadata": {
    "version": {
        "essentia": "2.1-beta5",
        "essentia_git_sha": "Undefined",
        "extractor": "music 2.0"
    },
    "audio_properties": {
        "analysis": {
            "equal_loudness": 0,
            "length": 44.8029022217,
            "sample_rate": 44100,
            "start_time": 142.744674683,
            "downmix": "mix"
        },
        "bit_rate": 192000,
        "length": 187.57081604,
        "lossless": 0,
        "number_channels": 2,
        "replay_gain": 0.409156799316,
        "sample_rate": 48000,
        "codec": "mp3",
        "md5_encoded": "8c675c94f648f06ff05b3afe1de2b784"
    },
    "tags": {
        "file_name": "Ukraine_Razom Nas Bahato_Greenjolly.mp3",
        "encoding": ["Lavf58.29.100"]
    }
},
"lowlevel": {
    "average_loudness": 0.954230546951,
    "barkbands_crest": {
        "max": 22.1127548218,
        "mean": 9.57209300995,
        "min": 2.75001955032,
        "stdev": 4.04852724075
    },
    "barkbands_flatness_db": {
        "max": 0.273515373468,
        "mean": 0.16489803791,
        "min": 0.0464572422206,
        "stdev": 0.0365921109915
    },
    "barkbands_kurtosis": {
        "max": 20.9720363617,
        "mean": 0.858210206032,
        "min": -1.70853090286,
        "stdev": 2.0914785862
    },
    "barkbands_skewness": {
        "max": 4.24592018127,
        "mean": 0.945284307003,
        "min": -1.68898046017,
        "stdev": 0.682115495205
    },
    "barkbands_spread": {
        "max": 69.3529891968,
        "mean": 21.5966644287,
        "min": 5.88168525696,
        "stdev": 9.26319503784
    },
    "dissonance": {
        "max": 0.500000059605,
        "mean": 0.475133270025,
        "min": 0.374487310648,
        "stdev": 0.0211134776473
    },
    "dynamic_complexity": 1.86319732666,
    "erbbands_crest": {
        "max": 29.9305496216,
        "mean": 10.381816864,
        "min": 2.58114552498,
        "stdev": 5.6101565361
    },
    "erbbands_flatness_db": {
        "max": 0.331783950329,
        "mean": 0.209391579032,
        "min": 0.0924078375101,
        "stdev": 0.0544487014413
    },
    "erbbands_kurtosis": {
        "max": 7.92574882507,
        "mean": 0.173286110163,
        "min": -1.4595798254,
        "stdev": 1.20906376839
    },
    "erbbands_skewness": {
        "max": 2.83405804634,
        "mean": 0.594376981258,
        "min": -2.07095599174,
        "stdev": 0.611522436142
    },
    "erbbands_spread": {
        "max": 96.6373596191,
        "mean": 29.2035617828,
        "min": 6.40211296082,
        "stdev": 11.5155677795
    },
    "hfc": {
        "max": 186.258956909,
        "mean": 29.5090198517,
        "min": 0.0145038412884,
        "stdev": 16.4141101837
    },
    "loudness_ebu128": {
        "integrated": -22.9143180847,
        "loudness_range": 1.45060920715,
        "momentary": {
            "max": -20.4472694397,
            "mean": -23.0692367554,
            "min": -32.3296661377,
            "stdev": 1.28259992599
        },
        "short_term": {
            "max": -21.6223087311,
            "mean": -22.9123497009,
            "min": -24.7444820404,
            "stdev": 0.505187094212
        }
    },
    "melbands_crest": {
        "max": 31.8843097687,
        "mean": 13.2078781128,
        "min": 3.32919335365,
        "stdev": 5.27201509476
    },
    "melbands_flatness_db": {
        "max": 0.285772740841,
        "mean": 0.155072689056,
        "min": 0.0297766905278,
        "stdev": 0.039267629385
    },
    "melbands_kurtosis": {
        "max": 58.9126663208,
        "mean": 4.9423789978,
        "min": -1.6503226757,
        "stdev": 6.19363355637
    },
    "melbands_skewness": {
        "max": 6.76963663101,
        "mean": 1.71018707752,
        "min": -1.18301093578,
        "stdev": 0.969904124737
    },
    "melbands_spread": {
        "max": 86.3822021484,
        "mean": 27.4878425598,
        "min": 4.59692668915,
        "stdev": 11.5083017349
    },
    "pitch_salience": {
        "max": 0.918953061104,
        "mean": 0.590810060501,
        "min": 0.239461123943,
        "stdev": 0.133605867624
    },
    "silence_rate_20dB": {
        "max": 1,
        "mean": 1,
        "min": 1,
        "stdev": 0
    },
    "silence_rate_30dB": {
        "max": 1,
        "mean": 1,
        "min": 1,
        "stdev": 0
    },
    "silence_rate_60dB": {
        "max": 1,
        "mean": 0.0145002584904,
        "min": 0,
        "stdev": 0.119539186358
    },
    "spectral_centroid": {
        "max": 3323.38916016,
        "mean": 1816.39086914,
        "min": 653.459106445,
        "stdev": 400.400756836
    },
    "spectral_complexity": {
        "max": 54,
        "mean": 26.5132064819,
        "min": 0,
        "stdev": 7.66452074051
    },
    "spectral_decrease": {
        "max": -3.04643224709e-12,
        "mean": -6.84801326756e-09,
        "min": -2.45329498938e-08,
        "stdev": 3.90928267535e-09
    },
    "spectral_energy": {
        "max": 0.0976925566792,
        "mean": 0.0285224951804,
        "min": 1.28134679471e-05,
        "stdev": 0.0157335940748
    },
    "spectral_energyband_high": {
        "max": 0.00978763680905,
        "mean": 0.000836672086734,
        "min": 3.68417772734e-07,
        "stdev": 0.000809519027825
    },
    "spectral_energyband_low": {
        "max": 0.0611226633191,
        "mean": 0.00685059931129,
        "min": 1.75376740685e-07,
        "stdev": 0.00968073680997
    },
    "spectral_energyband_middle_high": {
        "max": 0.0717105790973,
        "mean": 0.00995296798646,
        "min": 8.53669735079e-06,
        "stdev": 0.00698224967346
    },
    "spectral_energyband_middle_low": {
        "max": 0.0622500702739,
        "mean": 0.0118011822924,
        "min": 4.41883639724e-06,
        "stdev": 0.00998036842793
    },
    "spectral_entropy": {
        "max": 8.46217727661,
        "mean": 7.74387741089,
        "min": 6.85904741287,
        "stdev": 0.238287821412
    },
    "spectral_flux": {
        "max": 0.254694283009,
        "mean": 0.0924916043878,
        "min": 0.0180050395429,
        "stdev": 0.0377075187862
    },
    "spectral_kurtosis": {
        "max": 14.6519794464,
        "mean": 3.48778653145,
        "min": -0.0972030162811,
        "stdev": 1.56746983528
    },
    "spectral_rms": {
        "max": 0.00976267457008,
        "mean": 0.0050592655316,
        "min": 0.000111807625217,
        "stdev": 0.00149356911425
    },
    "spectral_rolloff": {
        "max": 9797.60742188,
        "mean": 1930.31311035,
        "min": 129.19921875,
        "stdev": 989.860534668
    },
    "spectral_skewness": {
        "max": 3.05288553238,
        "mean": 1.37939488888,
        "min": 0.549921452999,
        "stdev": 0.210995346308
    },
    "spectral_spread": {
        "max": 9036619,
        "mean": 4067383.75,
        "min": 2027683.5,
        "stdev": 1066221.375
    },
    "spectral_strongpeak": {
        "max": 13.504576683,
        "mean": 1.52888202667,
        "min": 0,
        "stdev": 1.52981495857
    },
    "zerocrossingrate": {
        "max": 0.22607421875,
        "mean": 0.073146097362,
        "min": 0.01953125,
        "stdev": 0.0217395294458
    },
    "barkbands": {
        "max": [0.0137232532725, 0.049547996372, 0.0350947119296, 0.0252999197692, 0.035340230912, 0.017093507573, 0.0162258930504, 0.0553145185113, 0.0429266840219, 0.0374231003225, 0.0208457224071, 0.040234003216, 0.0304571092129, 0.0147304451093, 0.0192922782153, 0.0203849393874, 0.021620053798, 0.0228202473372, 0.0160862784833, 0.00523609248921, 0.00342608289793, 0.00163103325758, 0.00155869405717, 0.00226497929543, 0.00331662176177, 4.08329196944e-06, 2.38111510953e-07],
        "mean": [0.000509844510816, 0.00458679068834, 0.00122665206436, 0.000797283835709, 0.00109738577157, 0.00079224689398, 0.000640768266749, 0.00107712252066, 0.00649673724547, 0.00192753155716, 0.0018156778533, 0.00112479168456, 0.00122210686095, 0.000600185710937, 0.000526068382896, 0.000452536769444, 0.000825776776765, 0.000852005789056, 0.000979590346105, 0.000279531232081, 0.000158642418683, 0.000142114702612, 0.000131596607389, 0.000162334239576, 9.71530753304e-05, 3.1770895248e-08, 1.18031562302e-09],
        "min": [4.8494702698e-10, 1.41920972752e-08, 9.27860988043e-09, 4.34136211425e-08, 1.65619823633e-07, 1.58030047714e-07, 3.73794648567e-07, 5.53907000267e-07, 1.83879717497e-06, 5.04084664499e-06, 1.98128645934e-06, 7.0326700552e-07, 1.3799679266e-07, 3.08641148195e-07, 8.01342636692e-08, 1.46662742395e-07, 3.28077845779e-07, 1.83693472877e-07, 1.82069328503e-07, 1.54864181923e-07, 8.7166604601e-08, 4.11106277909e-08, 3.36268577428e-08, 4.62778686483e-08, 3.87694889525e-08, 1.53855483909e-10, 1.61103824725e-10],
        "stdev": [0.00102576275822, 0.00669640535489, 0.00364329735748, 0.00253007584251, 0.00215412024409, 0.00137167738285, 0.00133712030947, 0.00263572460972, 0.00824776850641, 0.00277561252005, 0.0021932492964, 0.00167698250152, 0.00205345568247, 0.000890270574018, 0.00125736137852, 0.000912577786949, 0.0013640782563, 0.00109124777373, 0.00103574292734, 0.000260533764958, 0.000181595707545, 0.000142970646266, 0.000153164190124, 0.000241771936999, 0.000176650719368, 1.77964949444e-07, 5.74610448112e-09]
    },
    "erbbands": {
        "max": [2.02118182182, 9.08951091766, 27.6423950195, 85.5272369385, 103.464706421, 93.8188476562, 136.450149536, 153.979827881, 244.604675293, 505.948638916, 1523.54602051, 1355.16455078, 1410.59436035, 731.717529297, 944.748352051, 1671.87988281, 1343.79711914, 774.702758789, 1129.56542969, 1801.89489746, 814.318786621, 1443.83703613, 1360.2199707, 725.051330566, 1067.73449707, 298.651947021, 157.141342163, 123.492782593, 51.8184623718, 53.4410858154, 46.1946372986, 43.7005844116, 46.9851036072, 42.6099357605, 21.5800895691, 0.984743416309, 0.0282000545412, 0.00205506919883, 0.00029726565117, 0.000120665448776],
        "mean": [0.196362242103, 0.77183419466, 1.29934465885, 2.56744146347, 2.71152424812, 3.84619879723, 4.62256193161, 6.60496807098, 7.74993896484, 14.8165616989, 45.3584976196, 168.324783325, 84.9003448486, 57.5439376831, 64.4262084961, 51.7196731567, 57.2733421326, 37.2275428772, 25.4489650726, 29.1695194244, 24.4802341461, 45.1467208862, 54.2692184448, 44.3302536011, 37.6560096741, 14.6763362885, 7.72287273407, 6.35490560532, 4.86345863342, 4.16602182388, 3.86019349098, 3.67283368111, 2.46039557457, 1.45391356945, 0.503130674362, 0.0279641319066, 0.000814992701635, 6.86935891281e-05, 2.62937264779e-05, 3.72858266928e-05],
        "min": [3.27028146785e-07, 5.53435438633e-06, 5.37196247024e-05, 0.000115778268082, 0.000261393084656, 0.000637376564555, 0.000899742648471, 0.00149378716014, 0.00410250294954, 0.00871797278523, 0.0132001349702, 0.0365357473493, 0.124324448407, 0.14731015265, 0.0547097995877, 0.0300723742694, 0.0075863301754, 0.016061058268, 0.00819409824908, 0.00405737152323, 0.0116131007671, 0.0170867051929, 0.0120120309293, 0.00888186506927, 0.00782279949635, 0.00902225915343, 0.00568674411625, 0.00170489761513, 0.00119875150267, 0.00138365093153, 0.00101840123534, 0.00124956364743, 0.000483313546283, 0.000417425122578, 0.000298307015328, 7.69893595134e-05, 8.17580803414e-06, 1.31352396693e-06, 2.11545980733e-07, 2.92263564461e-08],
        "stdev": [0.290686517954, 1.24577128887, 3.1069111824, 8.37274169922, 6.26911449432, 7.10851144791, 9.30025291443, 12.157412529, 16.3775177002, 31.5536518097, 79.3871078491, 239.807632446, 113.607330322, 68.5519561768, 72.4785766602, 73.6386184692, 90.7627639771, 56.4686813354, 47.1210136414, 87.6791992188, 39.4846687317, 79.5634078979, 66.4857330322, 46.6668548584, 40.6178131104, 13.3690319061, 7.93568468094, 7.36302852631, 4.87694072723, 4.26800537109, 4.68532180786, 5.09333181381, 3.95251989365, 2.59779596329, 0.989541590214, 0.0572094582021, 0.00154600699898, 0.000113423768198, 2.05713240575e-05, 2.00837530429e-05]
    },
    "gfcc": {
        "mean": [3.04819536209, 73.5165481567, -181.484451294, 27.2301139832, -86.174369812, 22.7379379272, -35.0904121399, 21.7357158661, -21.7934513092, -15.6170902252, -3.03971910477, -15.3508834839, -1.17536950111],
        "cov": [[1932.45495605, 755.241149902, 1441.62658691, 705.143737793, 406.92565918, 429.981933594, 48.147731781, 341.640411377, 57.8208847046, 146.070510864, 155.831863403, 97.5783615112, -91.060874939], [755.241149902, 1302.06176758, 1431.75646973, 758.311218262, 492.495452881, 293.665771484, 137.097213745, 210.481948853, 128.346252441, 76.853805542, 179.256362915, 42.2563438416, -45.1807937622], [1441.62658691, 1431.75646973, 2294.10522461, 1146.28515625, 655.136657715, 559.820617676, 68.590171814, 408.140441895, 136.858123779, 201.688476562, 200.443710327, 89.3017196655, -91.2550735474], [705.143737793, 758.311218262, 1146.28515625, 675.205444336, 389.492828369, 278.62802124, 62.8277587891, 205.20765686, 104.02040863, 111.017997742, 114.501586914, 53.1273460388, -33.4941673279], [406.92565918, 492.495452881, 655.136657715, 389.492828369, 345.628234863, 250.873062134, 112.367622375, 176.21774292, 85.639831543, 62.4422645569, 101.165039062, 49.0305252075, -11.3829603195], [429.981933594, 293.665771484, 559.820617676, 278.62802124, 250.873062134, 343.38760376, 165.982803345, 186.174285889, 37.0609092712, 48.0596084595, 74.8393478394, 49.1011886597, -25.8185806274], [48.147731781, 137.097213745, 68.590171814, 62.8277587891, 112.367622375, 165.982803345, 310.34487915, 179.690216064, 57.8874092102, -39.6092681885, 45.2302780151, 7.12345075607, -12.6151742935], [341.640411377, 210.481948853, 408.140441895, 205.20765686, 176.21774292, 186.174285889, 179.690216064, 275.538116455, 95.3974075317, 15.1436357498, 67.7843780518, 27.7965965271, -24.5342159271], [57.8208847046, 128.346252441, 136.858123779, 104.02040863, 85.639831543, 37.0609092712, 57.8874092102, 95.3974075317, 121.431442261, 37.8201255798, 35.3328514099, 10.6172828674, 10.1408720016], [146.070510864, 76.853805542, 201.688476562, 111.017997742, 62.4422645569, 48.0596084595, -39.6092681885, 15.1436357498, 37.8201255798, 102.390899658, 35.180896759, 22.0950431824, 6.03855419159], [155.831863403, 179.256362915, 200.443710327, 114.501586914, 101.165039062, 74.8393478394, 45.2302780151, 67.7843780518, 35.3328514099, 35.180896759, 102.192634583, 50.5667953491, 4.73540210724], [97.5783615112, 42.2563438416, 89.3017196655, 53.1273460388, 49.0305252075, 49.1011886597, 7.12345075607, 27.7965965271, 10.6172828674, 22.0950431824, 50.5667953491, 73.0378265381, 23.5533485413], [-91.060874939, -45.1807937622, -91.2550735474, -33.4941673279, -11.3829603195, -25.8185806274, -12.6151742935, -24.5342159271, 10.1408720016, 6.03855419159, 4.73540210724, 23.5533485413, 53.5524406433]],
        "icov": [[0.00121254217811, -0.000538267428055, 0.000299714854918, -0.000806219468359, 0.000920797581784, -0.000988968182355, 0.00110307743307, -0.00175306922756, 0.00102096667979, -0.000770693237428, 0.000191138358787, -0.000867849390488, 0.00104816246312], [-0.000538267428055, 0.0130846872926, -0.0132138608024, 0.0074326437898, -0.0114889973775, 0.0112551525235, -0.0115648452193, 0.0160488709807, -0.00788227748126, 0.00906063243747, -0.00936062727123, 0.00416487036273, -0.000664830149617], [0.000299714854918, -0.0132138608024, 0.0182000342757, -0.0148043818772, 0.0132289649919, -0.0141899595037, 0.0145545108244, -0.019004676491, 0.0095939533785, -0.00913754850626, 0.00801831111312, -0.0023889655713, 0.00136337906588], [-0.000806219468359, 0.0074326437898, -0.0148043818772, 0.0209466069937, -0.0147178294137, 0.0112171638757, -0.0101968832314, 0.013294165954, -0.00770539743826, 0.00362674775533, -0.00264283828437, -0.000279560161289, 0.000148561070091], [0.000920797581784, -0.0114889973775, 0.0132289649919, -0.0147178294137, 0.0253107342869, -0.0172309465706, 0.0119157638401, -0.015190304257, 0.00421795342118, -0.00542121985927, 0.00268675293773, -0.00108836137224, -0.00181580230128], [-0.000988968182355, 0.0112551525235, -0.0141899595037, 0.0112171638757, -0.0172309465706, 0.0227290913463, -0.0161981992424, 0.0133920153603, -0.00240323669277, 0.002753745066, -0.00362790864892, -0.00167475966737, 0.0014667022042], [0.00110307743307, -0.0115648452193, 0.0145545108244, -0.0101968832314, 0.0119157638401, -0.0161981992424, 0.0205554235727, -0.0194944515824, 0.00574881397188, -0.002986675594, 0.00429614307359, 0.000259389606072, -6.89009611961e-05], [-0.00175306922756, 0.0160488709807, -0.019004676491, 0.013294165954, -0.015190304257, 0.0133920153603, -0.0194944515824, 0.0332129150629, -0.0176465772092, 0.0137075623497, -0.0113141108304, 0.00270212255418, 0.00194871367421], [0.00102096667979, -0.00788227748126, 0.0095939533785, -0.00770539743826, 0.00421795342118, -0.00240323669277, 0.00574881397188, -0.0176465772092, 0.0235818699002, -0.01301421877, 0.00527727929875, 0.00012174067524, -0.00389553722925], [-0.000770693237428, 0.00906063243747, -0.00913754850626, 0.00362674775533, -0.00542121985927, 0.002753745066, -0.002986675594, 0.0137075623497, -0.01301421877, 0.0248961467296, -0.011278398335, 0.00411869352683, -0.00237400154583], [0.000191138358787, -0.00936062727123, 0.00801831111312, -0.00264283828437, 0.00268675293773, -0.00362790864892, 0.00429614307359, -0.0113141108304, 0.00527727929875, -0.011278398335, 0.0290400721133, -0.0170429032296, 0.00428918143734], [-0.000867849390488, 0.00416487036273, -0.0023889655713, -0.000279560161289, -0.00108836137224, -0.00167475966737, 0.000259389606072, 0.00270212255418, 0.00012174067524, 0.00411869352683, -0.0170429032296, 0.031699527055, -0.0148698426783], [0.00104816246312, -0.000664830149617, 0.00136337906588, 0.000148561070091, -0.00181580230128, 0.0014667022042, -6.89009611961e-05, 0.00194871367421, -0.00389553722925, -0.00237400154583, 0.00428918143734, -0.0148698426783, 0.0306746698916]]
    },
    "melbands": {
        "max": [0.0156474206597, 0.0110150836408, 0.0120211467147, 0.00910024438053, 0.00471645453945, 0.00394277507439, 0.00330048450269, 0.00505961384624, 0.0117329629138, 0.00833875220269, 0.00693276850507, 0.00336763029918, 0.00331191951409, 0.00200708163902, 0.00519089726731, 0.00274678366259, 0.00175291521009, 0.00172989815474, 0.00161858741194, 0.00188407290261, 0.00133615010418, 0.00190844619647, 0.00149422860704, 0.000563808716834, 0.000694946618751, 0.000687815481797, 0.000445777637651, 0.00027427013265, 9.87685416476e-05, 0.000103295322333, 7.80957052484e-05, 3.52603201463e-05, 2.31387421081e-05, 2.76883201877e-05, 3.31887022185e-05, 2.35136085394e-05, 3.46034103131e-05, 3.33617099386e-05, 3.50253067154e-05, 3.55951269739e-05],
        "mean": [0.00148502853699, 0.00078532419866, 0.000424047990236, 0.00023853595485, 0.000165414705407, 0.000152650856762, 0.000122636716696, 0.000162701122463, 0.000523969356436, 0.00100219401065, 0.00038485971163, 0.000219565641601, 0.000244814204052, 0.000124566315208, 0.000154953901074, 0.000100534845842, 6.4417727117e-05, 3.86004321626e-05, 3.95265924453e-05, 3.44290892826e-05, 2.74332251138e-05, 3.9267106331e-05, 6.94743430358e-05, 3.35440417985e-05, 3.6255140003e-05, 3.66203894373e-05, 1.5119053387e-05, 8.71147858561e-06, 5.14406747243e-06, 3.65593018614e-06, 3.79408743356e-06, 2.91926767204e-06, 2.33036780628e-06, 2.25174721891e-06, 2.28866861107e-06, 2.13893213186e-06, 2.21979394155e-06, 1.70814337253e-06, 1.4696369135e-06, 1.1646798157e-06],
        "min": [3.14140180535e-09, 2.09055279754e-08, 2.35036026197e-08, 3.20238306983e-08, 3.20267083964e-08, 3.42693660116e-08, 6.64054553567e-08, 1.03172645538e-07, 1.06996481009e-07, 2.65367134489e-07, 6.45408420041e-07, 6.29998851309e-07, 2.28248694611e-07, 9.39202919881e-08, 3.31878027282e-08, 1.67848721588e-08, 3.11534869013e-08, 1.45652663264e-08, 4.8555848231e-09, 6.32204999462e-09, 1.66041775884e-08, 1.91849292008e-08, 1.12158957677e-08, 1.00430677108e-08, 6.80553613464e-09, 7.24789117612e-09, 3.71067954141e-09, 6.55313936448e-09, 3.81336384692e-09, 1.78171355447e-09, 7.28445137543e-10, 5.27283938734e-10, 1.10019282573e-09, 5.94566840206e-10, 5.00975927409e-10, 8.34123659033e-10, 6.66543764627e-10, 3.99946242791e-10, 2.23412621736e-10, 3.78013703672e-10],
        "stdev": [0.0021556657739, 0.00143010460306, 0.00120899174362, 0.000510189915076, 0.000303710723529, 0.000276684440905, 0.000248387426836, 0.000333855015924, 0.000796266540419, 0.00136221107095, 0.000571384036448, 0.000285202637315, 0.000289234303636, 0.000157872447744, 0.000261574081378, 0.000154884415679, 0.000106445928395, 7.20965545042e-05, 9.56493458943e-05, 9.65009312495e-05, 4.86080025439e-05, 9.67245287029e-05, 9.05762717593e-05, 3.96786490455e-05, 4.31336338806e-05, 4.02398509323e-05, 1.61578263942e-05, 1.04782047856e-05, 5.56394979867e-06, 4.50760353488e-06, 4.61825720777e-06, 3.18570050695e-06, 2.23953543355e-06, 2.47576167567e-06, 2.85759529106e-06, 2.7858222893e-06, 3.3985331811e-06, 2.70314899353e-06, 2.66810388894e-06, 2.14299120671e-06]
    },
    "melbands128": {
        "max": [0.0120238289237, 0.0217832867056, 0.024309610948, 0.0121314609423, 0.0150563456118, 0.0198986697942, 0.021094603464, 0.00981827266514, 0.0119195580482, 0.0151060726494, 0.0033594716806, 0.00640479102731, 0.00600565318018, 0.00646870257333, 0.00475373584777, 0.00879375543445, 0.00784648116678, 0.00437086960301, 0.00520625477657, 0.00984705518931, 0.00454773660749, 0.0125463996083, 0.0203312877566, 0.0156456455588, 0.0152775160968, 0.00883700419217, 0.0121267242357, 0.0137575892732, 0.0062411907129, 0.00773980421945, 0.00312277185731, 0.00460433261469, 0.0058157145977, 0.00381158944219, 0.0027517140843, 0.00374985858798, 0.00802271813154, 0.00876573007554, 0.0092507051304, 0.00266280048527, 0.00484241032973, 0.00502443639562, 0.00209044432268, 0.00296243582852, 0.000486809090944, 0.00286418036558, 0.0029810378328, 0.00109868659638, 0.00336715485901, 0.00567713705823, 0.00223800330423, 0.00152744026855, 0.00155883282423, 0.00345134804957, 0.00167007255368, 0.00402625277638, 0.00242198817432, 0.00138239259832, 0.00378982094117, 0.00134571723174, 0.000532866513822, 0.000414254318457, 0.000844298047014, 0.00121299095917, 0.00156140688341, 0.00122387823649, 0.00188382493798, 0.000748394464608, 0.00010572031897, 0.000141956479638, 0.000253978039837, 0.000561046763323, 7.73140272941e-05, 9.90792614175e-05, 6.69826476951e-05, 4.818776506e-05, 0.000254904909525, 7.54600259825e-05, 0.00016973617312, 9.73836431513e-05, 4.38182287326e-05, 3.31220981025e-05, 4.07431434724e-05, 2.43295507971e-05, 5.21097936144e-05, 4.52567983302e-05, 2.93904176942e-05, 3.66511922039e-05, 4.40500989498e-05, 3.41486447724e-05, 2.76627924904e-05, 3.06554538838e-05, 3.43914580299e-05, 5.71339041926e-05, 3.52280803781e-05, 3.14570424962e-05, 4.85144446429e-05, 3.00262581732e-05, 4.67131540063e-05, 3.46000160789e-05, 4.24384015787e-05, 3.33945426974e-05, 4.03897793149e-05, 3.27111738443e-05, 3.41098530043e-05, 1.77478978003e-05, 4.42819691671e-06, 1.80265828931e-07, 1.95564151539e-08, 2.47191120906e-08, 1.74487251314e-08, 1.26094708008e-08, 4.00656174904e-09, 7.32697236216e-09, 1.81422183942e-08, 1.07386952664e-08, 3.07321657012e-09, 1.0598955047e-09, 1.05613895407e-09, 1.05119657423e-09, 1.0359183511e-09, 1.02060337959e-09, 1.00285646454e-09, 1.00145602921e-09, 9.92327664484e-10, 9.85187265101e-10, 9.78065850532e-10, 9.74555214306e-10],
        "mean": [0.000479008333059, 0.00178767659236, 0.00182888645213, 0.00108385912608, 0.00064176635351, 0.000632041308563, 0.00058462691959, 0.000306451693177, 0.000258221145486, 0.000265970826149, 0.000206468059332, 0.000175846289494, 0.000150555337314, 0.000160113821039, 0.000134743066155, 0.000172790285433, 0.000143349199789, 8.45593967824e-05, 0.000128423271235, 0.000189076017705, 0.000143899247632, 0.000187413024832, 0.000354488787707, 0.00098969321698, 0.00174358149525, 0.000541599816643, 0.000535693543497, 0.000418360927142, 0.000241762289079, 0.000185314944247, 0.000205514763365, 0.000290564086754, 0.000306684029056, 0.000168006226886, 0.000105036750028, 0.000118736468721, 0.000140605130582, 0.000150054227561, 0.000190313905478, 0.000112007655844, 7.40852701711e-05, 8.81969972397e-05, 7.49858372728e-05, 4.82810501126e-05, 3.39097787219e-05, 4.0416703996e-05, 3.94059825339e-05, 3.5331620893e-05, 4.01020661229e-05, 4.73437212349e-05, 3.16213081533e-05, 2.56104540313e-05, 2.5141347578e-05, 2.94707479043e-05, 2.95600839308e-05, 3.64799416275e-05, 3.96316463593e-05, 9.56791991484e-05, 6.95294074831e-05, 4.4063282985e-05, 3.23466083501e-05, 2.4915449103e-05, 2.44459097303e-05, 3.61770071322e-05, 6.40338475932e-05, 3.08581074933e-05, 2.84980051219e-05, 2.31216308748e-05, 8.75977457326e-06, 9.10956714506e-06, 9.86885243037e-06, 8.07396463642e-06, 6.39374593447e-06, 4.44045690529e-06, 3.85081784771e-06, 3.72224826606e-06, 3.5996031329e-06, 3.36430503012e-06, 3.80400319955e-06, 4.49401886726e-06, 2.94100891551e-06, 2.47060415859e-06, 2.14030137613e-06, 2.34825529333e-06, 2.47541947829e-06, 2.26865904551e-06, 2.14242936636e-06, 2.23529286814e-06, 2.66725942311e-06, 1.98008820007e-06, 1.75363186372e-06, 2.30470732276e-06, 2.54755514106e-06, 2.58477507487e-06, 1.69283521245e-06, 1.51348638155e-06, 1.90653440768e-06, 1.72151317201e-06, 1.51668155013e-06, 1.26355507746e-06, 1.31494425659e-06, 1.25955898511e-06, 8.53390815791e-07, 6.84603378431e-07, 6.48543220905e-07, 4.81229733396e-07, 9.50486409579e-08, 1.79842218895e-09, 1.8476499844e-11, 1.9677721258e-11, 1.57100374376e-11, 1.30161654024e-11, 8.29785198886e-12, 9.804884335e-12, 1.52442832663e-11, 1.12641371924e-11, 7.12197878797e-12, 5.39645758635e-12, 5.29959539794e-12, 5.18743251479e-12, 5.03410941405e-12, 4.94975067877e-12, 4.89927239403e-12, 4.79573715809e-12, 4.48865510733e-12, 3.99018882172e-12, 3.71821670675e-12, 3.66488176612e-12],
        "min": [3.18629879426e-11, 4.60771587552e-10, 2.87191853632e-10, 1.17318610382e-09, 2.07266048768e-09, 3.00825631072e-09, 6.14572037705e-09, 2.14883364436e-08, 2.475703198e-08, 2.90286816806e-08, 3.06351672918e-08, 3.62100180951e-08, 3.0973684062e-08, 2.62720867283e-08, 2.82855712186e-08, 3.90584489196e-08, 5.62993953679e-08, 6.96179682791e-08, 8.0304914718e-08, 9.78326681889e-08, 1.17049289372e-07, 1.15305326176e-07, 9.78693961429e-08, 1.03325177747e-07, 1.63028232691e-07, 3.23382437273e-07, 5.27438260178e-07, 6.57561372464e-07, 6.02655859439e-07, 7.70299038777e-07, 5.66501967114e-07, 3.82544300237e-07, 2.357422062e-07, 9.13734083952e-08, 7.19218462564e-08, 1.26881275264e-07, 7.92398680005e-08, 2.19030891202e-08, 1.08216218209e-08, 8.81146799969e-09, 1.50453427494e-08, 3.20233226603e-08, 3.96104091749e-08, 2.67783590857e-08, 1.7209718095e-08, 1.52218131433e-08, 7.26720550404e-09, 5.0739266122e-09, 2.59343302389e-09, 5.28191401727e-09, 7.62142526867e-09, 6.57107790403e-09, 8.6967304469e-09, 2.58651446927e-08, 2.50004497104e-08, 1.22281553772e-08, 2.48664218105e-08, 8.64152838176e-09, 6.48705933415e-09, 1.47474619183e-08, 1.08737996385e-08, 7.18817005918e-09, 4.58921123325e-09, 7.22959070387e-09, 9.33202581876e-09, 6.87312162739e-09, 8.04929189968e-09, 1.75771730504e-09, 2.77746359245e-09, 4.97940533251e-09, 1.03689599129e-08, 4.77287986911e-09, 2.25104734852e-09, 5.11541742299e-09, 3.94480670352e-09, 1.00877284304e-09, 1.75683689818e-09, 6.97271851369e-10, 4.53579396265e-10, 8.4504803155e-10, 4.93048712968e-10, 2.70587441342e-10, 8.24353751927e-10, 1.5863992342e-09, 7.86746334747e-10, 9.82781522829e-10, 2.1325828603e-10, 4.90825546873e-10, 4.99884522664e-10, 5.17550668988e-10, 6.84901857451e-10, 8.01496924385e-10, 1.3914347452e-09, 5.71616587397e-10, 1.94844043677e-10, 7.96396393277e-10, 3.55191653867e-10, 4.0296741638e-11, 2.56940135834e-10, 1.88611765095e-10, 4.9333470642e-10, 3.39523603676e-10, 3.31507016282e-10, 5.26481191976e-10, 5.09315534192e-10, 1.09779609014e-10, 9.02634078592e-11, 1.00805475078e-12, 4.76491188086e-13, 4.98967295433e-13, 4.63249501693e-13, 5.40464645694e-13, 4.36482257673e-13, 3.80656687811e-13, 4.46191721808e-13, 4.40678201395e-13, 4.19159796932e-13, 4.34846006859e-13, 5.40283583931e-13, 4.82375370117e-13, 4.89886722767e-13, 5.35273052011e-13, 5.79375197991e-13, 5.17927172504e-13, 3.57969459196e-13, 1.12731404886e-13, 1.78779652757e-14, 7.12069893812e-16],
        "stdev": [0.000950058514718, 0.00276968232356, 0.00291961245239, 0.00184135418385, 0.00139149744064, 0.0020305600483, 0.00204828823917, 0.000875815167092, 0.000684383441694, 0.000749314553104, 0.00039470862248, 0.000381494377507, 0.000392369373003, 0.000360103673302, 0.000311477866489, 0.000409864151152, 0.000413440953707, 0.000229342869716, 0.000329124537529, 0.000536383420695, 0.000318275357131, 0.000555598759092, 0.00109592289664, 0.00157270103227, 0.00302545400336, 0.000829213007819, 0.0010725260945, 0.00083849276416, 0.00042091938667, 0.000397626165068, 0.000336197437719, 0.00046358408872, 0.000457618269138, 0.000281012005871, 0.000176485293196, 0.000220075715333, 0.000336553988745, 0.000347470107954, 0.000488480494823, 0.00022908806568, 0.000181927694939, 0.000230539139011, 0.000157342015882, 0.000117251795018, 4.29403553426e-05, 0.000114379239676, 0.000123830221128, 8.13218866824e-05, 0.000152816573973, 0.000238142398302, 8.88168942765e-05, 6.13252123003e-05, 5.16719228472e-05, 9.05244523892e-05, 7.9555749835e-05, 0.00017785327509, 0.000102497288026, 0.000151073400048, 0.000149002997205, 9.14303600439e-05, 4.79384980281e-05, 2.85319620161e-05, 4.56991147075e-05, 6.50827423669e-05, 9.67360829236e-05, 4.9240901717e-05, 5.91461102886e-05, 3.36831508321e-05, 9.63907768892e-06, 9.79991818895e-06, 1.25860133267e-05, 1.7506936274e-05, 7.7833483374e-06, 6.19600859864e-06, 4.83547455588e-06, 4.62376510768e-06, 7.47595186112e-06, 4.86616136186e-06, 6.04207616561e-06, 6.26849350738e-06, 3.71533383259e-06, 2.96752091344e-06, 2.44237048719e-06, 2.40323788603e-06, 3.07745654027e-06, 2.81711663774e-06, 2.61355239672e-06, 2.9186574011e-06, 3.7483853248e-06, 2.87995499093e-06, 2.58272712017e-06, 3.35068421009e-06, 3.63762092093e-06, 4.61085983261e-06, 2.88176511276e-06, 2.49760159932e-06, 3.26544090967e-06, 3.15382817462e-06, 3.12463475893e-06, 2.43987051363e-06, 2.57018086813e-06, 2.45151272793e-06, 1.73603370968e-06, 1.46803222378e-06, 1.43340821523e-06, 1.07674554783e-06, 2.50100299581e-07, 8.35025826262e-09, 4.45360331947e-10, 5.62687285655e-10, 3.97554572595e-10, 2.87806972699e-10, 9.44845451878e-11, 1.68484864949e-10, 4.1338676926e-10, 2.45506309726e-10, 7.4181209786e-11, 2.48642096495e-11, 2.47277320148e-11, 2.45815520716e-11, 2.42113135096e-11, 2.38431722283e-11, 2.342244107e-11, 2.33712476455e-11, 2.31551392643e-11, 2.29913067751e-11, 2.2828038071e-11, 2.27445388912e-11]
    },
    "mfcc": {
        "mean": [-609.70880127, 86.1634979248, -33.8513069153, -4.40586423874, -15.6183595657, -13.9124221802, 3.53128838539, 13.8702630997, -3.38475656509, 3.2417910099, 2.41440439224, -2.28511738777, -7.19957733154],
        "cov": [[1277.74023438, 234.988677979, 684.754638672, 269.657440186, 361.316558838, 121.202667236, 194.67036438, 145.792495728, 25.3014354706, 65.3722381592, 169.121047974, 145.633789062, 6.47449064255], [234.988677979, 827.347595215, 887.930908203, 512.826721191, 468.315460205, 206.877487183, 223.189102173, 173.517196655, 40.9067192078, 91.066368103, 155.363800049, 169.435394287, 47.5667266846], [684.754638672, 887.930908203, 1673.75769043, 789.906860352, 839.17578125, 322.213104248, 342.473968506, 234.30039978, 92.3358459473, 168.799240112, 257.510986328, 271.609680176, 81.0969390869], [269.657440186, 512.826721191, 789.906860352, 539.339599609, 441.859039307, 160.727371216, 139.360931396, 114.233634949, 55.3734817505, 97.3680267334, 138.698196411, 136.037017822, 43.2776756287], [361.316558838, 468.315460205, 839.17578125, 441.859039307, 583.512268066, 198.414123535, 167.114028931, 113.796142578, 52.5899620056, 90.845199585, 140.788726807, 163.806762695, 59.3288993835], [121.202667236, 206.877487183, 322.213104248, 160.727371216, 198.414123535, 199.553482056, 132.753387451, 69.1726989746, 44.2124557495, 32.2766418457, 55.1489944458, 77.8386688232, 26.570110321], [194.67036438, 223.189102173, 342.473968506, 139.360931396, 167.114028931, 132.753387451, 288.752685547, 224.627670288, 69.3348922729, 81.0527572632, 115.220756531, 95.506072998, 20.4261932373], [145.792495728, 173.517196655, 234.30039978, 114.233634949, 113.796142578, 69.1726989746, 224.627670288, 291.982208252, 93.3318634033, 98.4364471436, 122.081199646, 80.2231903076, 17.7804336548], [25.3014354706, 40.9067192078, 92.3358459473, 55.3734817505, 52.5899620056, 44.2124557495, 69.3348922729, 93.3318634033, 102.089797974, 69.4226379395, 50.2512969971, 31.4304256439, 7.31973838806], [65.3722381592, 91.066368103, 168.799240112, 97.3680267334, 90.845199585, 32.2766418457, 81.0527572632, 98.4364471436, 69.4226379395, 120.790863037, 79.3363113403, 42.7170333862, 12.3866043091], [169.121047974, 155.363800049, 257.510986328, 138.698196411, 140.788726807, 55.1489944458, 115.220756531, 122.081199646, 50.2512969971, 79.3363113403, 136.38885498, 79.9654388428, 15.1255588531], [145.633789062, 169.435394287, 271.609680176, 136.037017822, 163.806762695, 77.8386688232, 95.506072998, 80.2231903076, 31.4304256439, 42.7170333862, 79.9654388428, 107.396324158, 39.1923332214], [6.47449064255, 47.5667266846, 81.0969390869, 43.2776756287, 59.3288993835, 26.570110321, 20.4261932373, 17.7804336548, 7.31973838806, 12.3866043091, 15.1255588531, 39.1923332214, 65.0457687378]],
        "icov": [[0.00120853609405, 0.000536022183951, -0.000561919179745, 0.000140529256896, -0.000233719285461, 0.000107580337499, -0.000160414434504, -0.000151999716763, 0.000539426866453, 0.000387336156564, -0.000819426903035, -0.000716356327757, 0.000843676039949], [0.000536022183951, 0.00395171809942, -0.000964529346675, -0.00222265091725, 0.000200550843147, -0.000720979063772, -0.000355401774868, -0.000984540092759, 0.00189835799392, 0.000210950514884, 0.000138019880978, -0.00148761644959, 0.000840960943606], [-0.000561919179745, -0.000964529346675, 0.00368272629566, -0.00202479539439, -0.00232657068409, 0.000227395183174, -0.00158789753914, 0.000959858763963, -7.435495354e-05, -0.000478628615383, 0.00018613980501, -0.00032556860242, 3.48120593117e-05], [0.000140529256896, -0.00222265091725, -0.00202479539439, 0.00844573788345, -0.0018950952217, -0.000452086736914, 0.00233495468274, -0.000402299221605, -0.000866140937433, -0.000819117296487, -0.00171708222479, 0.00111676868983, -0.000213681079913], [-0.000233719285461, 0.000200550843147, -0.00232657068409, -0.0018950952217, 0.00772227486596, -0.00208806153387, 0.00107649096753, 3.11763978971e-05, 0.000486302131321, -0.000577176280785, 0.0001195935547, -0.00264122220688, -0.000880208914168], [0.000107580337499, -0.000720979063772, 0.000227395183174, -0.000452086736914, -0.00208806153387, 0.0116437776014, -0.00598413916305, 0.00368252838962, -0.0047313417308, 0.00252741528675, 0.00166239100508, -0.00243926746771, -0.00031106514507], [-0.000160414434504, -0.000355401774868, -0.00158789753914, 0.00233495468274, 0.00107649096753, -0.00598413916305, 0.0141820516437, -0.00896057114005, 0.00259504467249, -0.0011897503864, -0.00105063384399, -0.00130054727197, 0.00112291180994], [-0.000151999716763, -0.000984540092759, 0.000959858763963, -0.000402299221605, 3.11763978971e-05, 0.00368252838962, -0.00896057114005, 0.0127101400867, -0.00565938651562, -0.000113446643809, -0.00317999487743, 3.75378185709e-05, -0.00101180141792], [0.000539426866453, 0.00189835799392, -7.435495354e-05, -0.000866140937433, 0.000486302131321, -0.0047313417308, 0.00259504467249, -0.00565938651562, 0.020954310894, -0.00945478025824, 0.000950677669607, -0.00148457544856, 0.00156413379591], [0.000387336156564, 0.000210950514884, -0.000478628615383, -0.000819117296487, -0.000577176280785, 0.00252741528675, -0.0011897503864, -0.000113446643809, -0.00945478025824, 0.0195313151926, -0.00774417212233, 0.00301033095457, -0.00182080431841], [-0.000819426903035, 0.000138019880978, 0.00018613980501, -0.00171708222479, 0.0001195935547, 0.00166239100508, -0.00105063384399, -0.00317999487743, 0.000950677669607, -0.00774417212233, 0.0227242819965, -0.0110802380368, 0.00406177481636], [-0.000716356327757, -0.00148761644959, -0.00032556860242, 0.00111676868983, -0.00264122220688, -0.00243926746771, -0.00130054727197, 3.75378185709e-05, -0.00148457544856, 0.00301033095457, -0.0110802380368, 0.0307269897312, -0.0117180244997], [0.000843676039949, 0.000840960943606, 3.48120593117e-05, -0.000213681079913, -0.000880208914168, -0.00031106514507, 0.00112291180994, -0.00101180141792, 0.00156413379591, -0.00182080431841, 0.00406177481636, -0.0117180244997, 0.0219141896814]]
    },
    "spectral_contrast_coeffs": {
        "max": [-0.401559233665, -0.433096647263, -0.526967585087, -0.590360403061, -0.585803508759, -0.614371299744],
        "mean": [-0.726855516434, -0.730067789555, -0.762053906918, -0.800482928753, -0.761581361294, -0.776158511639],
        "min": [-0.944941520691, -0.956233143806, -0.896484494209, -0.935803294182, -0.906883776188, -0.861695826054],
        "stdev": [0.0877710133791, 0.0915401503444, 0.0623138993979, 0.0433794595301, 0.0417541749775, 0.033825866878]
    },
    "spectral_contrast_valleys": {
        "max": [-5.41370105743, -4.59954547882, -5.26327848434, -5.82446289062, -5.85957670212, -8.07831192017],
        "mean": [-7.68478441238, -6.55534219742, -6.53827285767, -7.01561021805, -6.96867179871, -9.58958816528],
        "min": [-11.2731981277, -9.18385028839, -9.19987773895, -10.2962751389, -10.1670207977, -13.1632289886],
        "stdev": [1.58680307865, 0.529911458492, 0.552903175354, 0.451771229506, 0.385588049889, 0.548393785954]
    }
},
"rhythm": {
    "beats_count": 131,
    "beats_loudness": {
        "max": 0.0745168849826,
        "mean": 0.0351766385138,
        "min": 0.00265199993737,
        "stdev": 0.0154249090701
    },
    "bpm": 178.205856323,
    "bpm_histogram_first_peak_bpm": 178,
    "bpm_histogram_first_peak_weight": 0,
    "bpm_histogram_second_peak_bpm": 185,
    "bpm_histogram_second_peak_spread": 0,
    "bpm_histogram_second_peak_weight": 0.261538475752,
    "danceability": 1.1456810236,
    "onset_rate": 2.38761925697,
    "beats_loudness_band_ratio": {
        "max": [0.802982151508, 0.755216777325, 0.762734353542, 0.655425786972, 0.725068807602, 0.46304422617],
        "mean": [0.245939970016, 0.0683647021651, 0.286229878664, 0.237813740969, 0.122291579843, 0.0817284062505],
        "min": [6.96440183674e-05, 0.000940171303228, 0.0247203204781, 0.0134949088097, 0.0152822192758, 0.0173699557781],
        "stdev": [0.230044916272, 0.117166094482, 0.167537361383, 0.183615162969, 0.117149837315, 0.0577855892479]
    },
