{
"metadata": {
    "version": {
        "essentia": "2.1-beta5",
        "essentia_git_sha": "Undefined",
        "extractor": "music 2.0"
    },
    "audio_properties": {
        "analysis": {
            "equal_loudness": 0,
            "length": 32.4963264465,
            "sample_rate": 44100,
            "start_time": 93.9943771362,
            "downmix": "mix"
        },
        "bit_rate": 192000,
        "length": 196.951660156,
        "lossless": 0,
        "number_channels": 2,
        "replay_gain": 1.08528327942,
        "sample_rate": 48000,
        "codec": "mp3",
        "md5_encoded": "9e09f56beab61422835c34dee4e8469a"
    },
    "tags": {
        "file_name": "Israel_Hasheket Shenish_ar_Shiri Maymon.mp3",
        "encoding": ["Lavf58.29.100"]
    }
},
"lowlevel": {
    "average_loudness": 0.980480134487,
    "barkbands_crest": {
        "max": 25.549823761,
        "mean": 12.7312088013,
        "min": 2.37727236748,
        "stdev": 4.93428707123
    },
    "barkbands_flatness_db": {
        "max": 0.302847236395,
        "mean": 0.170389860868,
        "min": 0.0699560940266,
        "stdev": 0.0416002422571
    },
    "barkbands_kurtosis": {
        "max": 93.0725402832,
        "mean": 6.24832630157,
        "min": -1.8546705246,
        "stdev": 8.81343460083
    },
    "barkbands_skewness": {
        "max": 8.63618278503,
        "mean": 1.94238626957,
        "min": -1.66924548149,
        "stdev": 1.33312046528
    },
    "barkbands_spread": {
        "max": 86.3483505249,
        "mean": 24.8377475739,
        "min": 1.67339789867,
        "stdev": 14.7864427567
    },
    "dissonance": {
        "max": 0.500000059605,
        "mean": 0.458891570568,
        "min": 0.300628960133,
        "stdev": 0.0295314807445
    },
    "dynamic_complexity": 1.9647154808,
    "erbbands_crest": {
        "max": 30.9488143921,
        "mean": 11.4967851639,
        "min": 2.3416159153,
        "stdev": 6.9420003891
    },
    "erbbands_flatness_db": {
        "max": 0.28819963336,
        "mean": 0.148021399975,
        "min": 0.0788025408983,
        "stdev": 0.0415528975427
    },
    "erbbands_kurtosis": {
        "max": 27.1592121124,
        "mean": 1.10792243481,
        "min": -1.74044406414,
        "stdev": 3.12327766418
    },
    "erbbands_skewness": {
        "max": 4.81708145142,
        "mean": 0.714042305946,
        "min": -2.59647274017,
        "stdev": 0.881711125374
    },
    "erbbands_spread": {
        "max": 165.222793579,
        "mean": 49.8395614624,
        "min": 6.20327854156,
        "stdev": 27.2267665863
    },
    "hfc": {
        "max": 175.602050781,
        "mean": 30.6107654572,
        "min": 0.446815103292,
        "stdev": 20.6647891998
    },
    "loudness_ebu128": {
        "integrated": -23.0513916016,
        "loudness_range": 1.32859802246,
        "momentary": {
            "max": -21.163356781,
            "mean": -23.1651802063,
            "min": -26.2349262238,
            "stdev": 1.01893973351
        },
        "short_term": {
            "max": -21.9205493927,
            "mean": -23.1440486908,
            "min": -24.0813617706,
            "stdev": 0.468990921974
        }
    },
    "melbands_crest": {
        "max": 33.151802063,
        "mean": 16.3898429871,
        "min": 4.41778850555,
        "stdev": 5.35535621643
    },
    "melbands_flatness_db": {
        "max": 0.348303169012,
        "mean": 0.202417492867,
        "min": 0.0434543043375,
        "stdev": 0.0568837672472
    },
    "melbands_kurtosis": {
        "max": 186.40562439,
        "mean": 23.294588089,
        "min": -1.73983573914,
        "stdev": 28.6044216156
    },
    "melbands_skewness": {
        "max": 12.0319404602,
        "mean": 3.34038734436,
        "min": -0.654536724091,
        "stdev": 2.20831608772
    },
    "melbands_spread": {
        "max": 190.888381958,
        "mean": 21.6595211029,
        "min": 1.47114884853,
        "stdev": 17.0118083954
    },
    "pitch_salience": {
        "max": 0.822537481785,
        "mean": 0.464739203453,
        "min": 0.18171030283,
        "stdev": 0.114339835942
    },
    "silence_rate_20dB": {
        "max": 1,
        "mean": 1,
        "min": 1,
        "stdev": 0
    },
    "silence_rate_30dB": {
        "max": 1,
        "mean": 1,
        "min": 1,
        "stdev": 0
    },
    "silence_rate_60dB": {
        "max": 0,
        "mean": 0,
        "min": 0,
        "stdev": 0
    },
    "spectral_centroid": {
        "max": 4112.30810547,
        "mean": 1308.92468262,
        "min": 353.804840088,
        "stdev": 565.888000488
    },
    "spectral_complexity": {
        "max": 55,
        "mean": 18.7708778381,
        "min": 3,
        "stdev": 7.8530960083
    },
    "spectral_decrease": {
        "max": -2.11272790929e-10,
        "mean": -1.08745163985e-08,
        "min": -2.88184089925e-08,
        "stdev": 4.62574378801e-09
    },
    "spectral_energy": {
        "max": 0.11182821542,
        "mean": 0.0438194610178,
        "min": 0.000837919767946,
        "stdev": 0.0179523508996
    },
    "spectral_energyband_high": {
        "max": 0.0270529892296,
        "mean": 0.00175906112418,
        "min": 2.28302778851e-05,
        "stdev": 0.00239000585862
    },
    "spectral_energyband_low": {
        "max": 0.0941961556673,
        "mean": 0.0213057119399,
        "min": 8.23480368126e-05,
        "stdev": 0.0152542246506
    },
    "spectral_energyband_middle_high": {
        "max": 0.0597606934607,
        "mean": 0.00743506429717,
        "min": 5.98391816311e-05,
        "stdev": 0.00955284852535
    },
    "spectral_energyband_middle_low": {
        "max": 0.0765736177564,
        "mean": 0.014691112563,
        "min": 0.000375375762815,
        "stdev": 0.0126786846668
    },
    "spectral_entropy": {
        "max": 8.59838294983,
        "mean": 7.78402471542,
        "min": 6.39657688141,
        "stdev": 0.352903395891
    },
    "spectral_flux": {
        "max": 0.279010385275,
        "mean": 0.0963380262256,
        "min": 0.0179622806609,
        "stdev": 0.0457317605615
    },
    "spectral_kurtosis": {
        "max": 7.58293151855,
        "mean": 1.76430630684,
        "min": -1.11014568806,
        "stdev": 1.40102529526
    },
    "spectral_rms": {
        "max": 0.010445128195,
        "mean": 0.00638765003532,
        "min": 0.000904147513211,
        "stdev": 0.00139592867345
    },
    "spectral_rolloff": {
        "max": 9517.67578125,
        "mean": 1199.63452148,
        "min": 64.599609375,
        "stdev": 1431.03430176
    },
    "spectral_skewness": {
        "max": 2.41935300827,
        "mean": 1.24090063572,
        "min": -0.00649325549603,
        "stdev": 0.337422579527
    },
    "spectral_spread": {
        "max": 15306051,
        "mean": 6278737,
        "min": 2870523.75,
        "stdev": 1548749.5
    },
    "spectral_strongpeak": {
        "max": 10.9193353653,
        "mean": 1.34130775928,
        "min": 0,
        "stdev": 1.79800748825
    },
    "zerocrossingrate": {
        "max": 0.2705078125,
        "mean": 0.0625369399786,
        "min": 0.00634765625,
        "stdev": 0.0332215093076
    },
    "barkbands": {
        "max": [0.0122002409771, 0.0785556361079, 0.0523112379014, 0.0259669423103, 0.0447286553681, 0.0740914270282, 0.0483599938452, 0.0364182889462, 0.0644604861736, 0.0542756170034, 0.0453925803304, 0.0117718987167, 0.0149843450636, 0.0283972267061, 0.0143028609455, 0.00736659858376, 0.019579058513, 0.00418355222791, 0.00614087469876, 0.0111399311572, 0.00721003673971, 0.00908291619271, 0.00580096663907, 0.00558649748564, 0.00451827421784, 1.71341725945e-05, 3.57944395546e-06],
        "mean": [0.000867541879416, 0.0162230543792, 0.00339585426264, 0.00155272264965, 0.00248307012953, 0.00432905228809, 0.00167257676367, 0.000797580869403, 0.0029133586213, 0.0028064395301, 0.00161029165611, 0.000472684274428, 0.000357838667696, 0.000789266603533, 0.000362187129213, 0.000341517705237, 0.000307369424263, 0.000294904195471, 0.000351210997906, 0.000278605002677, 0.000255805731285, 0.000304706249153, 0.000351810303982, 0.000359759200364, 0.0003400038986, 2.3159806517e-07, 4.25479074195e-09],
        "min": [2.48136871051e-08, 6.21578510618e-06, 1.05789713416e-05, 9.41740017879e-06, 7.96476524556e-05, 3.20400176861e-05, 1.41816490213e-05, 8.40907796373e-06, 1.77079618879e-05, 1.35633024456e-06, 2.86370186586e-06, 7.60032844482e-06, 5.78190656597e-06, 7.10131780579e-06, 9.95858840724e-07, 1.8708508378e-06, 1.65411915987e-06, 3.04394075101e-06, 1.5805703697e-06, 1.2413913737e-06, 1.60335537203e-06, 2.31111562243e-06, 6.2718886511e-06, 6.38111987428e-06, 5.17015132573e-06, 2.03083924677e-10, 2.09282202679e-10],
        "stdev": [0.00168833683711, 0.0127614056692, 0.00553178042173, 0.00252586929128, 0.00385489291511, 0.00820987764746, 0.00324555742554, 0.00216300762258, 0.00774540891871, 0.00704366760328, 0.00452080229297, 0.000879578466993, 0.000866518472321, 0.00244627241045, 0.000797057989985, 0.000605398614425, 0.00100720894989, 0.00040785499732, 0.000508958415594, 0.000505477190018, 0.000583966786508, 0.000631437636912, 0.000525622279383, 0.000457114510937, 0.000442098942585, 9.24904497879e-07, 9.59954817858e-08]
    },
    "erbbands": {
        "max": [3.61464619637, 15.0335235596, 60.0632629395, 90.6149520874, 75.1281356812, 233.707122803, 181.475097656, 961.050964355, 540.116271973, 764.107299805, 675.320800781, 1843.26281738, 1398.93554688, 2166.96191406, 1359.08581543, 441.591033936, 756.924255371, 1140.65087891, 510.455108643, 542.557006836, 641.217285156, 1319.39855957, 250.078277588, 510.868408203, 170.445144653, 573.202575684, 470.563018799, 274.522247314, 408.886322021, 168.173248291, 148.855056763, 148.354553223, 81.8407516479, 57.9984931946, 31.3811454773, 2.19330143929, 0.0535032339394, 0.00326711894013, 0.000518663495313, 0.000140473523061],
        "mean": [0.45415365696, 3.58110880852, 4.93821573257, 4.75600099564, 5.90744876862, 9.04512882233, 13.2820615768, 45.5650863647, 32.8843841553, 19.5036735535, 19.350933075, 79.0712203979, 89.3317642212, 64.0908203125, 55.8332214355, 20.6205158234, 18.6273918152, 38.4870758057, 23.6001319885, 20.8435325623, 16.7179660797, 17.2797107697, 15.2013177872, 21.9528865814, 13.3203029633, 13.2434549332, 10.9841146469, 9.99507904053, 11.2010622025, 9.4580450058, 10.0839500427, 8.47159004211, 6.01858472824, 4.9037270546, 1.48553907871, 0.0899241566658, 0.00252141989768, 0.000195522865397, 5.19330715179e-05, 5.83022920182e-05],
        "min": [0.000233076571021, 0.00373144587502, 0.0283178389072, 0.0859188064933, 0.144467249513, 0.249425858259, 0.194850534201, 0.459946215153, 0.277509629726, 0.390193372965, 0.329126834869, 0.589123427868, 0.196861624718, 0.0631920173764, 0.180829688907, 0.609664976597, 0.436572521925, 0.508605599403, 0.132667049766, 0.0923648774624, 0.0927825570107, 0.104384280741, 0.164924860001, 0.139248371124, 0.0574930682778, 0.0453461818397, 0.0593900494277, 0.0683606937528, 0.0813358873129, 0.126901745796, 0.190593451262, 0.140197485685, 0.104100465775, 0.0851004570723, 0.015097794123, 0.00104337802622, 7.3991381214e-05, 7.35822504794e-06, 5.28221789864e-06, 4.53910115539e-06],
        "stdev": [0.468730330467, 2.91584014893, 5.99744796753, 8.12622833252, 6.982380867, 18.0385704041, 19.511302948, 95.3824462891, 53.784992218, 53.8910255432, 44.4447860718, 219.051589966, 185.955245972, 181.026473999, 137.149398804, 32.4886322021, 38.1679840088, 117.059684753, 46.2690696716, 35.0546455383, 33.4990463257, 58.4680290222, 21.6841602325, 32.2946357727, 17.0917072296, 25.1220321655, 26.1164016724, 23.1156215668, 25.5112552643, 16.5264225006, 14.2508659363, 10.7932109833, 7.94070768356, 6.19281959534, 2.42438173294, 0.161928936839, 0.00409542396665, 0.000278486666502, 4.22238445026e-05, 2.31619142141e-05]
    },
    "gfcc": {
        "mean": [31.9493255615, 94.4888381958, -111.514587402, 55.3530502319, -77.0557098389, 38.3650054932, -41.7051467896, 19.9510726929, -18.2374305725, -2.63684177399, 0.484552145004, -7.71184587479, 7.58796024323],
        "cov": [[985.607788086, -344.074859619, -196.116210938, -6.81707572937, -98.0161743164, 35.8525314331, -46.4220199585, 26.5272293091, -51.6088600159, 66.7141418457, -58.592590332, -8.79534721375, -83.3796310425], [-344.074859619, 531.660522461, -9.45684814453, -47.98204422, 165.001708984, -45.0928916931, 100.526130676, 19.1504936218, 69.9495391846, -53.7451286316, 89.8105392456, -30.3261966705, 72.0839004517], [-196.116210938, -9.45684814453, 525.442810059, 181.84703064, 19.2785930634, 85.6582336426, -41.4715385437, 5.53146600723, 54.5044593811, 52.4318313599, -9.28339385986, 53.3220024109, 34.2538795471], [-6.81707572937, -47.98204422, 181.84703064, 231.721542358, 40.0559005737, 22.5617694855, 12.1687316895, 11.1060152054, 64.9104537964, 24.4486923218, -2.42384910583, 41.2622909546, 12.8590564728], [-98.0161743164, 165.001708984, 19.2785930634, 40.0559005737, 195.544754028, 51.5342674255, 46.3952560425, 59.816204071, 50.7319412231, -4.41434860229, 39.9401435852, 12.6509628296, 37.1596412659], [35.8525314331, -45.0928916931, 85.6582336426, 22.5617694855, 51.5342674255, 161.896759033, 55.9803352356, -1.58505547047, -8.13974666595, 21.6084327698, -5.34284114838, 1.63810670376, -1.13783085346], [-46.4220199585, 100.526130676, -41.4715385437, 12.1687316895, 46.3952560425, 55.9803352356, 174.386383057, 55.3175315857, 2.10201406479, -32.7683105469, 5.48790121078, -36.9910202026, 19.9645462036], [26.5272293091, 19.1504936218, 5.53146600723, 11.1060152054, 59.816204071, -1.58505547047, 55.3175315857, 151.88659668, 61.104385376, -25.5197544098, -14.2427597046, -4.72255945206, 18.6674690247], [-51.6088600159, 69.9495391846, 54.5044593811, 64.9104537964, 50.7319412231, -8.13974666595, 2.10201406479, 61.104385376, 134.087417603, 23.6611251831, 11.1280450821, 14.3374900818, 15.4654941559], [66.7141418457, -53.7451286316, 52.4318313599, 24.4486923218, -4.41434860229, 21.6084327698, -32.7683105469, -25.5197544098, 23.6611251831, 112.020561218, 39.5450935364, 16.2818450928, -21.559879303], [-58.592590332, 89.8105392456, -9.28339385986, -2.42384910583, 39.9401435852, -5.34284114838, 5.48790121078, -14.2427597046, 11.1280450821, 39.5450935364, 105.86656189, 35.130279541, 7.19085645676], [-8.79534721375, -30.3261966705, 53.3220024109, 41.2622909546, 12.6509628296, 1.63810670376, -36.9910202026, -4.72255945206, 14.3374900818, 16.2818450928, 35.130279541, 84.5712127686, 33.1242866516], [-83.3796310425, 72.0839004517, 34.2538795471, 12.8590564728, 37.1596412659, -1.13783085346, 19.9645462036, 18.6674690247, 15.4654941559, -21.559879303, 7.19085645676, 33.1242866516, 91.74559021]],
        "icov": [[0.00191896595061, -0.000679008604493, 0.00188739039004, -0.0018797358498, 0.00184534583241, -0.00221027294174, 0.00196090224199, -0.00272221793421, 0.00189324480016, -0.002176662907, 0.00120660720859, -0.000408381863963, 0.000410840526456], [-0.000679008604493, 0.0112233543769, -0.00510091753677, 0.00795286614448, -0.0104368319735, 0.00965499505401, -0.00884540751576, 0.0103058973327, -0.00882669910789, 0.00699522253126, -0.00725625734776, 0.00563264451921, -0.00280370772816], [0.00188739039004, -0.00510091753677, 0.00718302931637, -0.00769265182316, 0.00697602983564, -0.00847632717341, 0.00768545409665, -0.00761980284005, 0.0052397204563, -0.00501252291724, 0.0031396956183, -0.00127345893998, -0.000780712405685], [-0.0018797358498, 0.00795286614448, -0.00769265182316, 0.0155135849491, -0.010765388608, 0.011005054228, -0.0119696483016, 0.0118617452681, -0.0104173291475, 0.00510362349451, -0.00137486064341, -0.00241851690225, 0.00136516883504], [0.00184534583241, -0.0104368319735, 0.00697602983564, -0.010765388608, 0.0199482161552, -0.0149381905794, 0.011755890213, -0.014504940249, 0.0076208091341, -0.00525552500039, 0.00107950461097, -0.00130931264721, -0.00122172967531], [-0.00221027294174, 0.00965499505401, -0.00847632717341, 0.011005054228, -0.0149381905794, 0.0218720566481, -0.0159718301147, 0.0139299090952, -0.00751102715731, 0.00346847996116, -0.000797255255748, -0.000812315032817, 0.00142755371053], [0.00196090224199, -0.00884540751576, 0.00768545409665, -0.0119696483016, 0.011755890213, -0.0159718301147, 0.0218937564641, -0.0152882235125, 0.00965127907693, -0.0031703452114, -0.00105984625407, 0.00611182441935, -0.00356850377284], [-0.00272221793421, 0.0103058973327, -0.00761980284005, 0.0118617452681, -0.014504940249, 0.0139299090952, -0.0152882235125, 0.0239356681705, -0.0148532884195, 0.00910152122378, -0.00259369681589, 0.000975271628704, -0.000390761706512], [0.00189324480016, -0.00882669910789, 0.0052397204563, -0.0104173291475, 0.0076208091341, -0.00751102715731, 0.00965127907693, -0.0148532884195, 0.0205349959433, -0.0100903073326, 0.00552861066535, -0.00289350375533, 0.00068029895192], [-0.002176662907, 0.00699522253126, -0.00501252291724, 0.00510362349451, -0.00525552500039, 0.00346847996116, -0.0031703452114, 0.00910152122378, -0.0100903073326, 0.0208722446114, -0.0125217121094, 0.00558363553137, 0.000262824440142], [0.00120660720859, -0.00725625734776, 0.0031396956183, -0.00137486064341, 0.00107950461097, -0.000797255255748, -0.00105984625407, -0.00259369681589, 0.00552861066535, -0.0125217121094, 0.0246543940157, -0.0156465303153, 0.0059717213735], [-0.000408381863963, 0.00563264451921, -0.00127345893998, -0.00241851690225, -0.00130931264721, -0.000812315032817, 0.00611182441935, 0.000975271628704, -0.00289350375533, 0.00558363553137, -0.0156465303153, 0.029593070969, -0.0126486159861], [0.000410840526456, -0.00280370772816, -0.000780712405685, 0.00136516883504, -0.00122172967531, 0.00142755371053, -0.00356850377284, -0.000390761706512, 0.00068029895192, 0.000262824440142, 0.0059717213735, -0.0126486159861, 0.0189904160798]]
    },
    "melbands": {
        "max": [0.0250184182078, 0.0245336443186, 0.0135259991512, 0.00846545677632, 0.00746842846274, 0.0183714404702, 0.00861895363778, 0.00831389054656, 0.00754580134526, 0.0115307839587, 0.00722418585792, 0.00810430105776, 0.00493841478601, 0.00174513703678, 0.00117324967869, 0.00188406626694, 0.00269660842605, 0.00117214769125, 0.00120704004075, 0.000674698268995, 0.00107074016705, 0.00135668646544, 0.000562329834793, 0.000176623361767, 0.000465068471385, 0.000200096968911, 0.000158509428729, 0.000489453552291, 0.000302435597405, 0.00019750915817, 0.000168633065186, 0.000259655789705, 0.000139716314152, 0.000111579436634, 8.07496035122e-05, 9.90401385934e-05, 9.56203220994e-05, 6.46455373499e-05, 9.06988207134e-05, 4.69210681331e-05],
        "mean": [0.00439345417544, 0.00333417579532, 0.000851791410241, 0.000522858637851, 0.000481163122458, 0.000975927803665, 0.000462698866613, 0.00020271386893, 0.000170909741428, 0.000508754688781, 0.000443420256488, 0.000270249845926, 0.000203365416382, 7.05378333805e-05, 4.21704826294e-05, 4.06604413001e-05, 7.84881340223e-05, 4.01687721023e-05, 2.84094658127e-05, 2.82985620288e-05, 1.76467474375e-05, 1.84091059054e-05, 1.54894860316e-05, 1.24792968563e-05, 1.91057515622e-05, 1.07239138742e-05, 9.04491662368e-06, 8.66424579726e-06, 7.09944879418e-06, 5.80951837037e-06, 5.72552517042e-06, 6.38845131107e-06, 5.89878891333e-06, 5.04088757225e-06, 5.9543176576e-06, 5.62049535802e-06, 5.11816779181e-06, 3.99693453801e-06, 5.04917079525e-06, 3.65364621757e-06],
        "min": [1.96808423425e-06, 1.83718493645e-05, 2.64199934463e-05, 1.28268711705e-05, 1.10626724563e-05, 1.04709315565e-05, 3.73801776732e-06, 1.78651191618e-06, 2.0559391487e-06, 2.6740328849e-06, 6.91627178639e-07, 1.94335740389e-07, 4.07266497859e-07, 1.27676480588e-06, 1.08473238924e-06, 4.24260946374e-07, 6.88704517415e-07, 2.50536317026e-07, 9.21928275943e-08, 1.22142282066e-07, 1.02808776603e-07, 1.00072206521e-07, 1.10372397444e-07, 1.41354277616e-07, 1.12163228039e-07, 3.95740613612e-08, 4.10989180466e-08, 2.83047025817e-08, 4.6022798017e-08, 3.5020637057e-08, 3.55083251691e-08, 3.52567219863e-08, 6.6939350063e-08, 7.51452446934e-08, 1.22721701246e-07, 8.91272975423e-08, 8.47707255502e-08, 5.70872273897e-08, 1.06913446984e-07, 6.19202467078e-08],
        "stdev": [0.00377159612253, 0.0028247833252, 0.00123643130064, 0.000724496669136, 0.000751001061872, 0.00191239372361, 0.000776710163336, 0.000574789824896, 0.000466695113573, 0.00140874297358, 0.000994978123344, 0.000784401316196, 0.000531819590833, 0.000143617260619, 7.77088280302e-05, 9.73527421593e-05, 0.000261095381575, 9.43189952523e-05, 6.7875989771e-05, 5.10388526891e-05, 4.95505191793e-05, 6.79369695717e-05, 3.51596900146e-05, 1.52582560986e-05, 2.99808943964e-05, 1.60712279467e-05, 1.20594377222e-05, 1.96647961275e-05, 1.77114325197e-05, 1.38012592288e-05, 1.33790144901e-05, 1.56831374625e-05, 1.10204773591e-05, 9.15125747269e-06, 8.71596785146e-06, 8.0578156485e-06, 6.52996095596e-06, 5.71662849325e-06, 6.67860695103e-06, 4.72797273687e-06]
    },
    "melbands128": {
        "max": [0.0111511051655, 0.0348315499723, 0.0355513840914, 0.0271747019142, 0.0344610437751, 0.0277141071856, 0.0210614204407, 0.0108251255006, 0.00920416787267, 0.00715198554099, 0.0176997575909, 0.0168349146843, 0.00639182981104, 0.0187134332955, 0.0305776074529, 0.027251470834, 0.013813816011, 0.0123445857316, 0.0135262841359, 0.0128973741084, 0.0116316555068, 0.010761837475, 0.0064102448523, 0.0243210773915, 0.0230065118521, 0.0166988205165, 0.013641112484, 0.0135106323287, 0.0187932774425, 0.0138446940109, 0.0185624025762, 0.0112464688718, 0.00928207207471, 0.0061908075586, 0.00310044270009, 0.00339585612528, 0.00134969921783, 0.00225034519099, 0.00257824780419, 0.00362102431245, 0.00320324138738, 0.00206498242915, 0.00290398742072, 0.00817571673542, 0.00213054055348, 0.00111999339424, 0.00189584295731, 0.00257837073877, 0.00201887311414, 0.000635921722278, 0.0014905979624, 0.000528463278897, 0.000665663101245, 0.00290548219346, 0.00201824982651, 0.00265507725999, 0.00334650743753, 0.000838320935145, 0.000663112732582, 0.000302793312585, 0.000221985843382, 0.000260845321463, 0.000962065765634, 0.000530816905666, 0.00075628637569, 0.000204458337976, 0.000147945102071, 0.000124718731968, 0.000284970767098, 0.000187087847735, 0.00047104031546, 0.000871725496836, 0.000242538459133, 0.000359872094123, 0.000418852519942, 0.000292458513286, 0.000235658080783, 0.000271032477031, 0.000197579065571, 0.000184727745363, 0.00035598067916, 0.000251541816397, 0.000238536653342, 0.000140624906635, 0.000155545611051, 0.000111237299279, 0.000182494011824, 0.000118186522741, 9.76916635409e-05, 0.000100726203527, 0.000135275666253, 0.000116886905744, 5.38404674444e-05, 9.7976422694e-05, 0.00013525216491, 7.49439423089e-05, 7.1093076258e-05, 9.27197543206e-05, 0.000116098344733, 0.000101899357105, 5.91986827203e-05, 7.14775596862e-05, 5.06221076648e-05, 4.47845668532e-05, 5.68777832086e-05, 4.12797344325e-05, 1.14593376566e-05, 6.95058304245e-07, 2.00132284078e-08, 2.02277945505e-08, 2.0041126092e-08, 1.96472527136e-08, 1.91496294377e-08, 1.86460518137e-08, 1.81713044611e-08, 1.76211258918e-08, 1.70666449861e-08, 1.65963882637e-08, 1.62207847154e-08, 1.58818540541e-08, 1.55209729513e-08, 1.51876520249e-08, 1.48643657383e-08, 1.46344287799e-08, 1.44057255014e-08, 1.4271436477e-08, 1.41332243686e-08, 1.4065092202e-08],
        "mean": [0.000820498215035, 0.00329293264076, 0.00620580231771, 0.00597654236481, 0.0031986378599, 0.00150537572335, 0.000962138583418, 0.000724367273506, 0.000568643270526, 0.000493378262036, 0.00050863128854, 0.00049169070553, 0.000318215927109, 0.000611545168795, 0.00122234877199, 0.00106808857527, 0.000740076473448, 0.000280948966974, 0.000224955394515, 0.000207675533602, 0.00021239441412, 0.00012438565318, 0.000122902798466, 0.000230553705478, 0.000634723168332, 0.000608080299571, 0.000233547150856, 0.00050780834863, 0.000585368194152, 0.000223473616643, 0.000222866292461, 0.000200005088118, 0.000224303134019, 0.000212117680348, 5.69190378883e-05, 4.46576414106e-05, 5.1248804084e-05, 4.7191955673e-05, 2.96242451441e-05, 4.27908089478e-05, 4.24074351031e-05, 3.30744769599e-05, 8.74650213518e-05, 0.000110673427116, 4.61485833512e-05, 2.68930562015e-05, 2.78807528957e-05, 3.18632119161e-05, 2.80762651528e-05, 2.26782794925e-05, 3.90371533285e-05, 1.97426816158e-05, 1.32498480525e-05, 2.06477125175e-05, 1.82765306818e-05, 1.91707295016e-05, 1.71582596522e-05, 1.49876605064e-05, 1.66544978129e-05, 1.33135245051e-05, 8.66365280672e-06, 1.29881091198e-05, 2.33804967138e-05, 1.94975436898e-05, 1.61452626344e-05, 1.02689218693e-05, 7.43452483221e-06, 7.90984904597e-06, 1.0701633073e-05, 8.72611599334e-06, 8.63958302944e-06, 9.31792601477e-06, 6.48837203698e-06, 7.60319926485e-06, 6.30883096164e-06, 5.52747042093e-06, 5.75611920794e-06, 5.79860261496e-06, 5.58650754101e-06, 5.66234166399e-06, 6.62301772536e-06, 6.37892890154e-06, 6.54171162751e-06, 6.20758009973e-06, 5.00489159094e-06, 4.7765652198e-06, 4.73851332572e-06, 6.08188292972e-06, 6.94227583153e-06, 4.40136045654e-06, 6.64731260258e-06, 5.68995665162e-06, 4.68317739433e-06, 5.01109661855e-06, 5.81955964662e-06, 4.30173940913e-06, 3.54871986019e-06, 3.51254402631e-06, 3.9002561607e-06, 7.76223805588e-06, 4.51103460364e-06, 2.79493860944e-06, 2.46478361987e-06, 2.06607660402e-06, 1.77224387699e-06, 1.55591897055e-06, 3.6887294641e-07, 1.30736896864e-08, 3.06938537087e-11, 2.46173342128e-11, 2.40924658695e-11, 2.39238975852e-11, 2.33393044474e-11, 2.29226568282e-11, 2.19097014836e-11, 2.12061375404e-11, 2.0332818762e-11, 1.98302416154e-11, 1.93966214618e-11, 1.89449896743e-11, 1.85175416667e-11, 1.81726092507e-11, 1.78345584828e-11, 1.7507585659e-11, 1.69629588154e-11, 1.62863750264e-11, 1.58633956665e-11, 1.57437587273e-11],
        "min": [4.92128074403e-11, 2.42261876338e-07, 1.00100919553e-06, 2.86806243821e-06, 1.22325009215e-05, 4.00656426791e-06, 4.53044822279e-06, 3.74755290977e-06, 3.49933634425e-06, 1.58233672209e-06, 1.05839683329e-06, 6.27049416835e-07, 4.14426210682e-07, 1.68966380443e-06, 1.88984699889e-06, 2.6398549835e-06, 1.64902894539e-06, 1.37243625886e-06, 8.18017326765e-07, 5.09785138547e-07, 9.6353318213e-08, 2.9038110938e-07, 3.98145175495e-07, 6.00929524808e-07, 2.9634051657e-07, 5.14405314789e-07, 6.45017394163e-07, 4.06667140851e-07, 9.87334942693e-08, 7.47511137433e-08, 2.2655892451e-07, 1.73730200004e-07, 3.84360902217e-07, 1.41545768884e-07, 3.78357214004e-07, 8.16675012061e-08, 4.02987836878e-07, 2.92681932024e-07, 5.19164622403e-08, 1.50874328142e-07, 1.01130311236e-07, 9.27694117081e-08, 1.99115888222e-07, 1.94245686203e-07, 7.66324319557e-08, 8.51687360637e-08, 3.74053215069e-08, 6.22403462103e-08, 1.16692923768e-07, 9.85468346926e-08, 1.03251792893e-07, 8.7178776198e-08, 3.82760383388e-08, 8.97212899531e-08, 6.02265899374e-08, 9.69390612227e-08, 1.23473597569e-07, 8.27687713922e-08, 6.98585367331e-08, 1.00554295557e-07, 1.21123463259e-07, 9.15223594689e-08, 1.01775341932e-07, 6.38782182705e-08, 6.47544027288e-08, 1.71635861079e-08, 1.79718568916e-08, 3.56330787099e-08, 5.76022749499e-08, 8.08773226169e-09, 1.1603317418e-08, 4.87781015579e-08, 6.31576781984e-08, 5.29467492072e-08, 8.17813372578e-09, 2.89155739353e-08, 4.48464909653e-08, 6.13405433114e-08, 2.57098946577e-08, 2.68631996647e-08, 2.20349249958e-08, 4.22659418575e-08, 5.33641006939e-08, 1.03699115073e-07, 2.29859580259e-08, 7.41980841212e-08, 7.28860882759e-08, 1.11307080886e-07, 1.09934411796e-07, 6.90697987693e-08, 9.20531135762e-08, 5.20381817637e-08, 9.24440755057e-08, 5.38823776708e-08, 1.19920954944e-07, 2.73257221295e-08, 3.27453513194e-08, 6.10913630794e-08, 8.24630319585e-08, 1.08570461066e-07, 4.53421726831e-08, 6.33653556292e-08, 2.98328650672e-08, 2.07446912981e-08, 5.13802600466e-09, 7.40517958064e-09, 1.67655178629e-09, 2.81377525446e-12, 7.73111988924e-13, 5.45740861356e-13, 5.89333215475e-13, 5.13737218998e-13, 4.63622738291e-13, 5.56672980281e-13, 5.00240528254e-13, 5.22742439613e-13, 5.3969437426e-13, 5.97099355636e-13, 6.67350885924e-13, 5.39209519049e-13, 6.63665032218e-13, 6.50032003051e-13, 4.93858751636e-13, 7.36574700972e-13, 3.86957935312e-13, 1.66492918085e-13, 2.49153098191e-14, 8.43703419557e-16],
        "stdev": [0.00161003717221, 0.00443863822147, 0.00602416275069, 0.00498452037573, 0.0036099140998, 0.00259526446462, 0.00192921294365, 0.0010800443124, 0.000770432758145, 0.00065568392165, 0.00127672462258, 0.00126963923685, 0.000573447556235, 0.00141812127549, 0.00314860977232, 0.00248961779289, 0.00148656661622, 0.000624665990472, 0.000820352230221, 0.000768409518059, 0.000716431997716, 0.000418483425165, 0.000447742844699, 0.00112648925278, 0.0020914345514, 0.00198490009643, 0.000818165193778, 0.00135861197487, 0.00205358862877, 0.000926542561501, 0.00117455958389, 0.000913567084353, 0.000770481827203, 0.000648727465887, 0.000182237257832, 0.000143713288708, 0.000107822728751, 0.00011335999443, 0.000109065113065, 0.000147733211634, 0.000138201547088, 0.000108859137981, 0.000308751332341, 0.000575585407205, 0.000143510464113, 6.92603061907e-05, 9.0024965175e-05, 0.000107216539618, 8.61298976815e-05, 5.0853996072e-05, 9.61728073889e-05, 4.1996325308e-05, 3.44254985976e-05, 0.000106989762571, 7.94978259364e-05, 9.94966903818e-05, 0.000119073192764, 4.75214437756e-05, 4.51126070402e-05, 2.3382701329e-05, 1.3692725588e-05, 2.43999875238e-05, 4.97957589687e-05, 3.91602225136e-05, 3.87079271604e-05, 1.93474334083e-05, 1.3279031009e-05, 1.21826396935e-05, 1.85772951227e-05, 1.68506103364e-05, 2.13038983929e-05, 3.04011737171e-05, 1.6804338884e-05, 2.10072485061e-05, 1.80589195224e-05, 1.44640662256e-05, 1.49544193846e-05, 1.6108942873e-05, 1.34695528686e-05, 1.28421361296e-05, 1.80769166036e-05, 1.6869391402e-05, 1.51325630213e-05, 1.13478799904e-05, 9.60722172749e-06, 8.93876131158e-06, 1.08484391603e-05, 1.06919815153e-05, 1.07107816802e-05, 6.97144969308e-06, 1.04553209894e-05, 9.21877835935e-06, 6.54538962408e-06, 6.6968500505e-06, 8.63051172928e-06, 6.66459527565e-06, 5.72503950025e-06, 5.78028539167e-06, 5.96255949858e-06, 1.07895002657e-05, 6.20756145508e-06, 4.27752047472e-06, 4.15248041463e-06, 3.64847187484e-06, 3.57242220161e-06, 2.91032210953e-06, 8.45056604248e-07, 4.56342696964e-08, 5.35530564338e-10, 5.41083344796e-10, 5.36296507203e-10, 5.26017673863e-10, 5.12871467517e-10, 4.99647989649e-10, 4.8691051191e-10, 4.72268779639e-10, 4.5748105304e-10, 4.44979414427e-10, 4.3492495716e-10, 4.25856960806e-10, 4.16257667224e-10, 4.07339134645e-10, 3.98708926985e-10, 3.92562371498e-10, 3.8645792122e-10, 3.82903153628e-10, 3.7921932261e-10, 3.77395809048e-10]
    },
    "mfcc": {
        "mean": [-600.756958008, 99.8631591797, 29.8284378052, 15.9074363708, 10.2302103043, 4.6355175972, 7.0199174881, 8.23609256744, 1.86759567261, 4.93004560471, 0.080605790019, -1.58187699318, 2.33404111862],
        "cov": [[1163.6282959, -376.636871338, -219.153305054, -76.4722518921, -131.394805908, -23.5158252716, -47.9761657715, -50.4507369995, -42.5209197998, 32.7428741455, 23.6645641327, -11.49426651, -6.81952905655], [-376.636871338, 527.616394043, -102.875091553, -0.646203219891, 67.4324569702, -40.3588447571, 63.7556037903, 31.1699447632, 2.1018705368, 35.5826683044, 12.9999647141, 0.517961442471, 0.678767025471], [-219.153305054, -102.875091553, 455.086914062, 75.1167831421, 76.1931152344, 97.9882507324, -28.4447689056, -15.0143041611, 47.7614936829, -41.4757499695, 15.6370859146, 39.7679901123, -5.24549388885], [-76.4722518921, -0.646203219891, 75.1167831421, 187.239196777, 52.7369918823, 0.45659032464, -14.1571264267, 34.944278717, 42.0190353394, -6.53147745132, 15.5103445053, 37.3551292419, 17.9148254395], [-131.394805908, 67.4324569702, 76.1931152344, 52.7369918823, 187.547180176, 20.0136489868, -16.8543567657, 34.7298126221, 43.7604560852, -7.39123392105, 15.655002594, 39.1305122375, 30.4896030426], [-23.5158252716, -40.3588447571, 97.9882507324, 0.45659032464, 20.0136489868, 164.645111084, 40.3033294678, -17.3208503723, 4.31810283661, -6.73569631577, 11.3244075775, 6.74923563004, 12.6847305298], [-47.9761657715, 63.7556037903, -28.4447689056, -14.1571264267, -16.8543567657, 40.3033294678, 154.777709961, 41.6905403137, 2.7893679142, 35.5293159485, -0.749028146267, -42.967540741, -0.31845214963], [-50.4507369995, 31.1699447632, -15.0143041611, 34.944278717, 34.7298126221, -17.3208503723, 41.6905403137, 129.160339355, 61.3915863037, 29.1870002747, 0.455299168825, -5.94505929947, -4.66968488693], [-42.5209197998, 2.1018705368, 47.7614936829, 42.0190353394, 43.7604560852, 4.31810283661, 2.7893679142, 61.3915863037, 120.187255859, 34.2428588867, 9.08171272278, 1.14223694801, -6.72883081436], [32.7428741455, 35.5826683044, -41.4757499695, -6.53147745132, -7.39123392105, -6.73569631577, 35.5293159485, 29.1870002747, 34.2428588867, 105.46913147, 35.7665290833, -16.9466171265, -14.354347229], [23.6645641327, 12.9999647141, 15.6370859146, 15.5103445053, 15.655002594, 11.3244075775, -0.749028146267, 0.455299168825, 9.08171272278, 35.7665290833, 92.3654785156, 44.1527328491, 0.108065880835], [-11.49426651, 0.517961442471, 39.7679901123, 37.3551292419, 39.1305122375, 6.74923563004, -42.967540741, -5.94505929947, 1.14223694801, -16.9466171265, 44.1527328491, 98.9716644287, 35.7161140442], [-6.81952905655, 0.678767025471, -5.24549388885, 17.9148254395, 30.4896030426, 12.6847305298, -0.31845214963, -4.66968488693, -6.72883081436, -14.354347229, 0.108065880835, 35.7161140442, 78.0579147339]],
        "icov": [[0.00152915203944, 0.00126509764232, 0.000990872271359, 0.000177291949512, 0.000156380439876, -6.46757471259e-05, 0.000154673005454, 0.00036412969348, 1.53577695983e-06, -0.000474898144603, -0.000535859900992, -0.000140125674079, 9.79916949291e-05], [0.00126509764232, 0.00347218569368, 0.00137025117874, 0.000147565093357, -0.00131091335788, 0.000740133633371, -0.00138079153839, 0.000756376539357, 0.000195922752027, -0.000828534248285, -0.000211359700188, -0.000922829494812, 0.000857001519762], [0.000990872271359, 0.00137025117874, 0.00400236807764, -0.000765656644944, -0.000969590735622, -0.00163604039699, -4.38052265963e-05, 0.00123363302555, -0.00133992556948, 0.000923834973946, -0.000428381637903, -0.000913887866773, 0.00171067635529], [0.000177291949512, 0.000147565093357, -0.000765656644944, 0.00686778267846, -0.00052708334988, 0.000630382623058, 7.6798198279e-05, -0.00128847931046, -0.00138166220859, 0.000587870192248, -0.000444722129032, -0.00149953935761, -0.000911031267606], [0.000156380439876, -0.00131091335788, -0.000969590735622, -0.00052708334988, 0.00810275226831, -0.000991962500848, 0.00180334947072, -0.00202217092738, -0.00160001334734, 0.00080275448272, -0.000844901718665, -0.00028297121753, -0.00289615662768], [-6.46757471259e-05, 0.000740133633371, -0.00163604039699, 0.000630382623058, -0.000991962500848, 0.00871314201504, -0.00385650712997, 0.00230484642088, -0.000809545570519, 0.000621735409368, -0.000748479622416, -0.000566749018617, -0.000868108239956], [0.000154673005454, -0.00138079153839, -4.38052265963e-05, 7.6798198279e-05, 0.00180334947072, -0.00385650712997, 0.0116061680019, -0.00484177609906, 0.00217978935689, -0.00180337845813, -0.00194689643104, 0.00600187666714, -0.00320228887722], [0.00036412969348, 0.000756376539357, 0.00123363302555, -0.00128847931046, -0.00202217092738, 0.00230484642088, -0.00484177609906, 0.0135353254154, -0.00583519600332, -0.000825337192509, 0.0016731005162, -0.00213397457264, 0.00192846043501], [1.53577695983e-06, 0.000195922752027, -0.00133992556948, -0.00138166220859, -0.00160001334734, -0.000809545570519, 0.00217978935689, -0.00583519600332, 0.0141641041264, -0.00465951673687, 0.000906958361156, 0.000735654321034, 0.000668096763548], [-0.000474898144603, -0.000828534248285, 0.000923834973946, 0.000587870192248, 0.00080275448272, 0.000621735409368, -0.00180337845813, -0.000825337192509, -0.00465951673687, 0.0163690503687, -0.00843744445592, 0.00484821759164, -0.000176614397787], [-0.000535859900992, -0.000211359700188, -0.000428381637903, -0.000444722129032, -0.000844901718665, -0.000748479622416, -0.00194689643104, 0.0016731005162, 0.000906958361156, -0.00843744445592, 0.0204300396144, -0.0123546505347, 0.00472339196131], [-0.000140125674079, -0.000922829494812, -0.000913887866773, -0.00149953935761, -0.00028297121753, -0.000566749018617, 0.00600187666714, -0.00213397457264, 0.000735654321034, 0.00484821759164, -0.0123546505347, 0.0233562923968, -0.00933683291078], [9.79916949291e-05, 0.000857001519762, 0.00171067635529, -0.000911031267606, -0.00289615662768, -0.000868108239956, -0.00320228887722, 0.00192846043501, 0.000668096763548, -0.000176614397787, 0.00472339196131, -0.00933683291078, 0.0188015028834]]
    },
    "spectral_contrast_coeffs": {
        "max": [-0.55937063694, -0.409720301628, -0.485552757978, -0.612129688263, -0.606369495392, -0.610695064068],
        "mean": [-0.747045576572, -0.712933003902, -0.721477210522, -0.790581285954, -0.790561854839, -0.801240503788],
        "min": [-0.87733155489, -0.922929286957, -0.878663003445, -0.891234397888, -0.870875954628, -0.880918681622],
        "stdev": [0.0601128637791, 0.0824714824557, 0.0765631720424, 0.0482268370688, 0.0383579060435, 0.0293358918279]
    },
    "spectral_contrast_valleys": {
        "max": [-5.0273771286, -4.90283679962, -5.43475914001, -5.63001537323, -5.79056024551, -7.58394384384],
        "mean": [-6.15442657471, -6.59240627289, -7.24876785278, -7.52026033401, -7.34220600128, -9.06872749329],
        "min": [-8.43983650208, -7.91036128998, -8.46598720551, -9.56461715698, -9.3367395401, -10.5715675354],
        "stdev": [0.464849770069, 0.472338229418, 0.457831144333, 0.46870854497, 0.467585235834, 0.542010009289]
    }
},
"rhythm": {
    "beats_count": 81,
    "beats_loudness": {
        "max": 0.108583644032,
        "mean": 0.0479484386742,
        "min": 0.00947455130517,
        "stdev": 0.0194094087929
    },
    "bpm": 150.227493286,
    "bpm_histogram_first_peak_bpm": 152,
    "bpm_histogram_first_peak_weight": 0.466666638851,
    "bpm_histogram_second_peak_bpm": 157,
    "bpm_histogram_second_peak_spread": 0.399999976158,
    "bpm_histogram_second_peak_weight": 0.0375000014901,
    "danceability": 1.24220168591,
    "onset_rate": 4.39892530441,
    "beats_loudness_band_ratio": {
        "max": [0.935427427292, 0.683516800404, 0.837155759335, 0.556593239307, 0.28086361289, 0.302934557199],
        "mean": [0.495981156826, 0.152566552162, 0.168351426721, 0.100794367492, 0.0608165226877, 0.0702890381217],
        "min": [0.00622926978394, 0.0153525350615, 0.00404145708308, 0.00307419919409, 0.0035322944168, 0.00716269481927],
        "stdev": [0.229784414172, 0.143158093095, 0.176838815212, 0.125250756741, 0.0632535368204, 0.0511910170317]
    },
