{
"metadata": {
    "version": {
        "essentia": "2.1-beta5",
        "essentia_git_sha": "Undefined",
        "extractor": "music 2.0"
    },
    "audio_properties": {
        "analysis": {
            "equal_loudness": 0,
            "length": 22.2447166443,
            "sample_rate": 44100,
            "start_time": 175.240997314,
            "downmix": "mix"
        },
        "bit_rate": 192000,
        "length": 197.50894165,
        "lossless": 0,
        "number_channels": 2,
        "replay_gain": 0.0978393554688,
        "sample_rate": 48000,
        "codec": "mp3",
        "md5_encoded": "f3c86b10f4d09089e937ff37126dfd84"
    },
    "tags": {
        "file_name": "Norway_In My Dreams_Wig Wam.mp3",
        "encoding": ["Lavf58.29.100"]
    }
},
"lowlevel": {
    "average_loudness": 0.958349466324,
    "barkbands_crest": {
        "max": 19.697851181,
        "mean": 7.68061590195,
        "min": 2.57294249535,
        "stdev": 3.04229950905
    },
    "barkbands_flatness_db": {
        "max": 0.264518767595,
        "mean": 0.139649361372,
        "min": 0.070803321898,
        "stdev": 0.042581923306
    },
    "barkbands_kurtosis": {
        "max": 22.4031791687,
        "mean": 0.209893271327,
        "min": -1.69613993168,
        "stdev": 1.67918550968
    },
    "barkbands_skewness": {
        "max": 4.44206428528,
        "mean": 0.795946836472,
        "min": -1.07456839085,
        "stdev": 0.60204154253
    },
    "barkbands_spread": {
        "max": 88.7250747681,
        "mean": 30.3399276733,
        "min": 4.68601417542,
        "stdev": 15.1469564438
    },
    "dissonance": {
        "max": 0.500000119209,
        "mean": 0.482094973326,
        "min": 0.407147586346,
        "stdev": 0.0151423132047
    },
    "dynamic_complexity": 1.51812446117,
    "erbbands_crest": {
        "max": 21.2216815948,
        "mean": 8.09231281281,
        "min": 2.56181097031,
        "stdev": 3.3847219944
    },
    "erbbands_flatness_db": {
        "max": 0.315613359213,
        "mean": 0.188810348511,
        "min": 0.105061784387,
        "stdev": 0.0544860213995
    },
    "erbbands_kurtosis": {
        "max": 11.2230300903,
        "mean": 0.118809983134,
        "min": -1.57025659084,
        "stdev": 1.10315203667
    },
    "erbbands_skewness": {
        "max": 3.26151943207,
        "mean": 0.326463580132,
        "min": -1.36754047871,
        "stdev": 0.674201667309
    },
    "erbbands_spread": {
        "max": 80.4292144775,
        "mean": 33.9432449341,
        "min": 9.33772277832,
        "stdev": 12.9126110077
    },
    "hfc": {
        "max": 154.23135376,
        "mean": 36.5853843689,
        "min": 0.000706037390046,
        "stdev": 17.6524963379
    },
    "loudness_ebu128": {
        "integrated": -22.1963253021,
        "loudness_range": 2.83794212341,
        "momentary": {
            "max": -20.0915622711,
            "mean": -22.397731781,
            "min": -26.7122802734,
            "stdev": 1.3842266798
        },
        "short_term": {
            "max": -21.1167678833,
            "mean": -22.1579303741,
            "min": -24.9874095917,
            "stdev": 0.924557864666
        }
    },
    "melbands_crest": {
        "max": 27.5598487854,
        "mean": 10.8036117554,
        "min": 3.4394299984,
        "stdev": 3.59599041939
    },
    "melbands_flatness_db": {
        "max": 0.244828745723,
        "mean": 0.120017550886,
        "min": 0.0310829617083,
        "stdev": 0.0305340420455
    },
    "melbands_kurtosis": {
        "max": 59.2699012756,
        "mean": 4.34395456314,
        "min": -1.25155186653,
        "stdev": 4.312292099
    },
    "melbands_skewness": {
        "max": 6.42799377441,
        "mean": 1.76497721672,
        "min": -0.103964336216,
        "stdev": 0.732443034649
    },
    "melbands_spread": {
        "max": 163.192749023,
        "mean": 38.1148834229,
        "min": 4.34866905212,
        "stdev": 19.4963054657
    },
    "pitch_salience": {
        "max": 0.854071497917,
        "mean": 0.627634823322,
        "min": 0.285984069109,
        "stdev": 0.0987948253751
    },
    "silence_rate_20dB": {
        "max": 1,
        "mean": 1,
        "min": 1,
        "stdev": 0
    },
    "silence_rate_30dB": {
        "max": 1,
        "mean": 1,
        "min": 1,
        "stdev": 0
    },
    "silence_rate_60dB": {
        "max": 1,
        "mean": 0.00104275287595,
        "min": 0,
        "stdev": 0.0322748422623
    },
    "spectral_centroid": {
        "max": 3708.82250977,
        "mean": 2088.33789062,
        "min": 835.576171875,
        "stdev": 414.482116699
    },
    "spectral_complexity": {
        "max": 54,
        "mean": 33.6308670044,
        "min": 0,
        "stdev": 8.3090429306
    },
    "spectral_decrease": {
        "max": -3.00899001624e-14,
        "mean": -5.98511018524e-09,
        "min": -3.04803648987e-08,
        "stdev": 2.80673151387e-09
    },
    "spectral_energy": {
        "max": 0.123897373676,
        "mean": 0.0259075723588,
        "min": 1.77606096941e-07,
        "stdev": 0.0117269456387
    },
    "spectral_energyband_high": {
        "max": 0.0176351889968,
        "mean": 0.0022567671258,
        "min": 8.85848265852e-08,
        "stdev": 0.00185624323785
    },
    "spectral_energyband_low": {
        "max": 0.0337941013277,
        "mean": 0.00446020578966,
        "min": 6.49012577014e-09,
        "stdev": 0.00469906721264
    },
    "spectral_energyband_middle_high": {
        "max": 0.0428958162665,
        "mean": 0.010923422873,
        "min": 4.23179571385e-08,
        "stdev": 0.00639457069337
    },
    "spectral_energyband_middle_low": {
        "max": 0.112868048251,
        "mean": 0.00958315469325,
        "min": 3.44941035735e-08,
        "stdev": 0.00834759417921
    },
    "spectral_entropy": {
        "max": 8.63489818573,
        "mean": 7.97227811813,
        "min": 7.34858322144,
        "stdev": 0.158242478967
    },
    "spectral_flux": {
        "max": 0.289078235626,
        "mean": 0.0918848440051,
        "min": 0.0418834127486,
        "stdev": 0.0266601387411
    },
    "spectral_kurtosis": {
        "max": 10.2283277512,
        "mean": 2.31290245056,
        "min": -0.947215557098,
        "stdev": 1.20640277863
    },
    "spectral_rms": {
        "max": 0.0109943384305,
        "mean": 0.00489388499409,
        "min": 1.31633678393e-05,
        "stdev": 0.00115132215433
    },
    "spectral_rolloff": {
        "max": 9517.67578125,
        "mean": 2696.20800781,
        "min": 215.33203125,
        "stdev": 1126.20446777
    },
    "spectral_skewness": {
        "max": 2.10575556755,
        "mean": 1.14365792274,
        "min": 0.327656805515,
        "stdev": 0.260644167662
    },
    "spectral_spread": {
        "max": 9754288,
        "mean": 4463246,
        "min": 2545600,
        "stdev": 851432.3125
    },
    "spectral_strongpeak": {
        "max": 10.4259376526,
        "mean": 1.45403850079,
        "min": 0,
        "stdev": 1.32388818264
    },
    "zerocrossingrate": {
        "max": 0.30419921875,
        "mean": 0.0947637334466,
        "min": 0.04541015625,
        "stdev": 0.0248427372426
    },
    "barkbands": {
        "max": [0.00281844777055, 0.0256345383823, 0.0171874277294, 0.0177777558565, 0.0254082176834, 0.0307342410088, 0.0210049375892, 0.0339622013271, 0.0903893709183, 0.0288381390274, 0.0183247588575, 0.0155193973333, 0.0148048279807, 0.0160850975662, 0.016583705321, 0.00880200881511, 0.00638486770913, 0.00631017703563, 0.00542296981439, 0.00490508368239, 0.00478832609951, 0.00297166989185, 0.00466420035809, 0.00899519119412, 0.00384417269379, 1.73665084731e-05, 2.0038751245e-05],
        "mean": [0.000181728042662, 0.0021524457261, 0.0011284283828, 0.00164651090745, 0.000917916186154, 0.00111634563655, 0.00129521486815, 0.00162346393336, 0.00231828005053, 0.002264352981, 0.00173787400126, 0.00116662948858, 0.000727986684069, 0.00147568387911, 0.000879834755324, 0.000786581076682, 0.000558057276066, 0.000631468079519, 0.000753785599954, 0.000694504065905, 0.000649920955766, 0.000340029626386, 0.00035106021096, 0.000333504140144, 0.000175918481546, 4.85179967313e-08, 2.19361684373e-08],
        "min": [9.80708403375e-10, 1.81633130758e-09, 4.17390677576e-10, 3.43550535242e-11, 3.44705847199e-10, 7.86455789381e-09, 9.01007624066e-09, 1.20138583526e-08, 4.84867523909e-09, 9.26233811871e-10, 1.66477942543e-10, 3.97337163172e-10, 5.50347600825e-10, 4.79905892803e-10, 2.01436622937e-09, 7.31233829043e-09, 2.79307688089e-09, 5.04678787649e-09, 8.3604083656e-09, 1.95352534149e-08, 2.7350699483e-08, 2.18253397577e-08, 1.04835304882e-08, 1.53650567825e-08, 6.99520841252e-09, 1.36596511879e-10, 7.87361148502e-11],
        "stdev": [0.000362781720469, 0.00255098147318, 0.00168947258499, 0.00219380971976, 0.00144450145308, 0.00271409237757, 0.00251975958236, 0.00341516244225, 0.00529624475166, 0.00377834425308, 0.00215515424497, 0.00146334397141, 0.000939837656915, 0.0020447303541, 0.00130442634691, 0.000970954657532, 0.000500673253555, 0.000450889609056, 0.000575355777983, 0.000616582052317, 0.000605330220424, 0.000317286059726, 0.00038814113941, 0.000539428845514, 0.000278571242234, 6.26852965979e-07, 6.46715704988e-07]
    },
    "erbbands": {
        "max": [1.00694513321, 4.67984867096, 19.7354106903, 35.9733886719, 55.351978302, 104.467727661, 198.804580688, 317.351165771, 349.69342041, 402.237792969, 1321.98083496, 1914.10070801, 844.629760742, 660.178466797, 549.840820312, 674.682678223, 586.764343262, 749.757019043, 659.099304199, 746.295166016, 499.773712158, 270.213653564, 304.969604492, 497.508300781, 122.318786621, 208.215209961, 256.884185791, 151.626220703, 113.457717896, 125.475219727, 156.817214966, 163.481277466, 178.42817688, 73.4469985962, 15.1973972321, 0.857068479061, 0.0341998785734, 0.012373120524, 0.00285806832835, 0.000317882979289],
        "mean": [0.0664890110493, 0.458634883165, 1.11227107048, 4.18617916107, 3.79060959816, 2.85207819939, 4.53337430954, 9.84354972839, 18.4078044891, 26.586479187, 37.3962554932, 50.8970832825, 68.4775314331, 64.8970870972, 67.6606903076, 43.8447227478, 35.4151496887, 66.4045562744, 53.7248039246, 49.0637397766, 38.0960388184, 31.6495494843, 33.9233436584, 43.448928833, 31.4595241547, 31.8040561676, 31.2642822266, 20.7920322418, 12.666595459, 10.6678934097, 9.83194446564, 8.31927394867, 4.71627998352, 3.01192426682, 0.706123888493, 0.0326194725931, 0.00112946389709, 0.000119393022032, 3.7117402826e-05, 3.84160484828e-05],
        "min": [9.02071306541e-08, 3.59068764055e-07, 7.46084879211e-07, 1.85866028346e-07, 1.06711934222e-06, 1.08289611944e-06, 1.07563300844e-05, 8.61665903358e-05, 9.50027751969e-05, 0.000206469543627, 0.000270633317996, 0.000103867831058, 5.22776317666e-05, 1.1566718058e-05, 9.40478457778e-06, 1.84517884918e-05, 3.06584151986e-05, 1.88435005839e-05, 7.7878801676e-05, 0.000112798974442, 0.000442026357632, 0.000222333066631, 0.000290245108772, 0.000372346199583, 0.000522672373336, 0.00103071855847, 0.00115528283641, 0.000874918478075, 0.000691405672114, 0.000442325574113, 0.000389983411878, 0.000436892034486, 0.000144943172927, 9.52998816501e-05, 3.291343819e-05, 5.36372999704e-06, 1.24337350371e-06, 1.59095776553e-07, 1.43662237662e-08, 1.52295698275e-09],
        "stdev": [0.100258395076, 0.529532253742, 1.48854339123, 4.92228412628, 5.36052179337, 4.844394207, 14.5090465546, 24.0574378967, 34.850227356, 50.283454895, 91.5526580811, 112.993049622, 97.9111938477, 89.9105606079, 76.0166091919, 53.8972549438, 38.7167129517, 91.5830841064, 63.1101341248, 60.255897522, 38.4778251648, 25.0684204102, 24.0111160278, 36.0418395996, 20.7706241608, 29.0406761169, 29.8688621521, 18.8650550842, 11.9965305328, 10.7754993439, 10.9051523209, 10.1491518021, 9.95112133026, 5.12631416321, 1.09912335873, 0.0576031878591, 0.00205919519067, 0.000424226891482, 9.54982388066e-05, 1.99270652956e-05]
    },
    "gfcc": {
        "mean": [23.1924858093, 59.9471626282, -177.576538086, 39.5702590942, -86.8420257568, 29.9197692871, -39.8653907776, 13.7186460495, -20.2130374908, -7.033223629, -6.74413108826, -17.0584354401, 0.194200769067],
        "cov": [[2810.56542969, 1056.61499023, 1812.21105957, 1555.41101074, 715.93939209, 482.654510498, -72.9898300171, -50.0054702759, 17.2862491608, 425.959075928, 226.266082764, -66.9654312134, -35.2604408264], [1056.61499023, 694.921508789, 899.771972656, 800.907348633, 389.266601562, 192.680130005, -7.04272460938, -38.8330001831, 13.8619794846, 173.251449585, 91.9212646484, -42.3108787537, -5.01533937454], [1812.21105957, 899.771972656, 1739.03063965, 1432.7746582, 642.785888672, 376.106018066, -121.522071838, -25.8216781616, 8.32077789307, 335.571136475, 153.077270508, -49.5567588806, -38.8113632202], [1555.41101074, 800.907348633, 1432.7746582, 1335.48327637, 628.653320312, 323.784515381, -70.8601150513, -30.5210456848, 10.2817764282, 265.145202637, 123.476425171, -55.0040817261, -30.7048835754], [715.93939209, 389.266601562, 642.785888672, 628.653320312, 389.776062012, 210.844085693, -23.5151519775, -17.5054683685, -12.8973026276, 117.58896637, 54.5043296814, -39.0930023193, -28.0352554321], [482.654510498, 192.680130005, 376.106018066, 323.784515381, 210.844085693, 214.917633057, 40.060382843, -13.7816143036, -28.7640609741, 72.6517715454, 47.4386177063, -23.3591041565, -21.5409698486], [-72.9898300171, -7.04272460938, -121.522071838, -70.8601150513, -23.5151519775, 40.060382843, 148.422622681, 31.9715862274, -11.9562330246, -26.6957893372, -17.0185470581, -27.7665176392, 5.71930885315], [-50.0054702759, -38.8330001831, -25.8216781616, -30.5210456848, -17.5054683685, -13.7816143036, 31.9715862274, 78.3035125732, 35.414264679, 1.32752156258, -22.8084468842, -27.0688037872, -13.0103816986], [17.2862491608, 13.8619794846, 8.32077789307, 10.2817764282, -12.8973026276, -28.7640609741, -11.9562330246, 35.414264679, 82.5492858887, 41.1422843933, 7.27673387527, -12.8864555359, -16.516078949], [425.959075928, 173.251449585, 335.571136475, 265.145202637, 117.58896637, 72.6517715454, -26.6957893372, 1.32752156258, 41.1422843933, 148.468688965, 73.342300415, -8.83775997162, -20.9556503296], [226.266082764, 91.9212646484, 153.077270508, 123.476425171, 54.5043296814, 47.4386177063, -17.0185470581, -22.8084468842, 7.27673387527, 73.342300415, 82.7708740234, 24.4688415527, -8.60894203186], [-66.9654312134, -42.3108787537, -49.5567588806, -55.0040817261, -39.0930023193, -23.3591041565, -27.7665176392, -27.0688037872, -12.8864555359, -8.83775997162, 24.4688415527, 64.036819458, 28.7948951721], [-35.2604408264, -5.01533937454, -38.8113632202, -30.7048835754, -28.0352554321, -21.5409698486, 5.71930885315, -13.0103816986, -16.516078949, -20.9556503296, -8.60894203186, 28.7948951721, 66.6044082642]],
        "icov": [[0.00163196737412, -0.00166608428117, 0.00109151017386, -0.00206356379203, 0.00269318651408, -0.00318448618054, 0.00211702962406, -0.00149921164848, 0.00140890770126, -0.00216056825593, 6.19856509729e-05, 0.000655185431242, -0.000553348392714], [-0.00166608428117, 0.0125718023628, -0.0103463781998, 0.00742719089612, -0.0133719798177, 0.0136751681566, -0.0127359256148, 0.0122830197215, -0.00920098181814, 0.00788934435695, -0.00761895580217, 0.00502333650365, -0.00320908823051], [0.00109151017386, -0.0103463781998, 0.0188961476088, -0.0175629332662, 0.0185181684792, -0.0183456335217, 0.0171219129115, -0.0150070851669, 0.0126066403463, -0.0128895677626, 0.00928395800292, -0.00428565964103, 0.00229643261991], [-0.00206356379203, 0.00742719089612, -0.0175629332662, 0.0222837459296, -0.0230725221336, 0.0180202014744, -0.0149817112833, 0.0127708753571, -0.0113652618602, 0.0103833861649, -0.00726741366088, 0.00260753766634, -0.00221507530659], [0.00269318651408, -0.0133719798177, 0.0185181684792, -0.0230725221336, 0.0365977808833, -0.0287662055343, 0.0217323563993, -0.0168491303921, 0.0144157437608, -0.0123889967799, 0.0103850411251, -0.00158104940783, 0.0032196843531], [-0.00318448618054, 0.0136751681566, -0.0183456335217, 0.0180202014744, -0.0287662055343, 0.036533407867, -0.0249389596283, 0.0175222512335, -0.00889789499342, 0.0114315319806, -0.0120501192287, 0.00348558602855, 0.000558240397368], [0.00211702962406, -0.0127359256148, 0.0171219129115, -0.0149817112833, 0.0217323563993, -0.0249389596283, 0.0293027758598, -0.02056026645, 0.0137716615573, -0.00933821313083, 0.00538142817095, 0.00280778622255, -0.00225955364294], [-0.00149921164848, 0.0122830197215, -0.0150070851669, 0.0127708753571, -0.0168491303921, 0.0175222512335, -0.02056026645, 0.0361853390932, -0.0201149992645, 0.00869035068899, -0.00200386531651, 0.00661843968555, -0.000691571796779], [0.00140890770126, -0.00920098181814, 0.0126066403463, -0.0113652618602, 0.0144157437608, -0.00889789499342, 0.0137716615573, -0.0201149992645, 0.0320415683091, -0.017688466236, 0.00687928497791, -0.00221916241571, 0.00446678791195], [-0.00216056825593, 0.00788934435695, -0.0128895677626, 0.0103833861649, -0.0123889967799, 0.0114315319806, -0.00933821313083, 0.00869035068899, -0.017688466236, 0.0336113572121, -0.0239523109049, 0.0099301179871, -0.00349229783751], [6.19856509729e-05, -0.00761895580217, 0.00928395800292, -0.00726741366088, 0.0103850411251, -0.0120501192287, 0.00538142817095, -0.00200386531651, 0.00687928497791, -0.0239523109049, 0.043689481914, -0.0243812911212, 0.0114968121052], [0.000655185431242, 0.00502333650365, -0.00428565964103, 0.00260753766634, -0.00158104940783, 0.00348558602855, 0.00280778622255, 0.00661843968555, -0.00221916241571, 0.0099301179871, -0.0243812911212, 0.0408891886473, -0.0173114892095], [-0.000553348392714, -0.00320908823051, 0.00229643261991, -0.00221507530659, 0.0032196843531, 0.000558240397368, -0.00225955364294, -0.000691571796779, 0.00446678791195, -0.00349229783751, 0.0114968121052, -0.0173114892095, 0.0253702662885]]
    },
    "melbands": {
        "max": [0.00810784474015, 0.00817469228059, 0.00713647343218, 0.00340015487745, 0.00707203662023, 0.00655965926126, 0.00472755776718, 0.0050570149906, 0.0151017187163, 0.0104948822409, 0.00423708371818, 0.00336421979591, 0.00221373606473, 0.00152538809925, 0.00187192368321, 0.000754054053687, 0.00171802390832, 0.00114096840844, 0.00166714994702, 0.000911325740162, 0.000557654944714, 0.000351067574229, 0.000416244874941, 0.000352181639755, 0.000451896397863, 0.000144488891237, 0.000112971465569, 0.000157516187755, 0.000210021142266, 0.000128181854961, 7.80481204856e-05, 8.5196836153e-05, 5.53593017685e-05, 6.96359566064e-05, 8.38631895022e-05, 9.64734426816e-05, 0.000115054390335, 0.000121003009554, 0.000114389047667, 6.24077219982e-05],
        "mean": [0.000604080734774, 0.000638532859739, 0.000690713466611, 0.000226411939366, 0.000147374739754, 0.000238364067627, 0.000276468432276, 0.000310951087158, 0.000318947684718, 0.000327201589243, 0.000350329413777, 0.000270481279586, 0.000231134123169, 0.000139932031743, 9.95902228169e-05, 7.22480181139e-05, 0.000136707734782, 9.19046578929e-05, 7.56965382607e-05, 6.36284603388e-05, 3.86794126825e-05, 3.32589515892e-05, 3.00754563796e-05, 2.94408164336e-05, 3.70999259758e-05, 2.35475727095e-05, 2.15497821046e-05, 2.15099171328e-05, 2.04542029678e-05, 1.62001797435e-05, 1.05505960164e-05, 7.32550188332e-06, 6.10874576523e-06, 5.73790293856e-06, 5.79433344683e-06, 5.38452923138e-06, 4.99371572005e-06, 3.40020346812e-06, 2.67970722234e-06, 2.51907863458e-06],
        "min": [1.23437327026e-09, 4.24467766491e-10, 5.61912218144e-11, 8.54578699472e-11, 3.09223091577e-10, 1.81406700772e-09, 1.62988122998e-09, 2.33745511835e-09, 2.09015804664e-09, 5.75916092593e-10, 2.56859755687e-10, 5.1597091183e-11, 2.55663372417e-11, 3.57310223076e-11, 6.57110824087e-11, 5.1169294496e-11, 2.96656310628e-11, 1.02275861391e-10, 1.78226933212e-10, 1.89091936553e-10, 6.12453643356e-10, 1.76903880433e-10, 3.35423799847e-10, 1.57019494629e-10, 3.25386884104e-10, 3.15823645014e-10, 6.30071717023e-10, 6.10166084325e-10, 5.4204840616e-10, 9.72166347424e-10, 3.92928772852e-10, 4.85615714307e-10, 2.51977438914e-10, 1.99668614975e-10, 2.28340998887e-10, 2.36414970933e-10, 2.73778860693e-10, 1.12256107188e-10, 6.71089572801e-11, 8.60185186968e-11],
        "stdev": [0.000775635708123, 0.000718061928637, 0.000824890274089, 0.000304050219711, 0.000439652823843, 0.000556928804144, 0.000517723907251, 0.000581675791182, 0.00086651003221, 0.000703475729097, 0.000519161578268, 0.00041562813567, 0.00027067627525, 0.000173528169398, 0.000152303196955, 9.24164996832e-05, 0.000203280535061, 0.000120647906442, 0.000117273259093, 8.89805960469e-05, 3.85527855542e-05, 2.79786090687e-05, 2.83995523205e-05, 2.18037512241e-05, 3.35305921908e-05, 1.66195295606e-05, 1.75489058165e-05, 2.21194604819e-05, 2.06831100513e-05, 1.60800082085e-05, 9.60598117672e-06, 7.41412031857e-06, 6.04532488069e-06, 6.24782433079e-06, 6.3637353378e-06, 6.42196710032e-06, 6.73569093124e-06, 7.43952250559e-06, 5.82926486459e-06, 4.16265402237e-06]
    },
    "melbands128": {
        "max": [0.00237535522319, 0.00804969761521, 0.0125429797918, 0.00722760660574, 0.0112142879516, 0.00724407052621, 0.00796816125512, 0.0104990182444, 0.00534293800592, 0.00368488463573, 0.00663442444056, 0.00924117676914, 0.00837931130081, 0.00887357536703, 0.0106018548831, 0.00873849727213, 0.0102313188836, 0.00456525199115, 0.00769300432876, 0.00629180856049, 0.0100150210783, 0.011586220935, 0.0175301190466, 0.0301536414772, 0.0142733082175, 0.0135996900499, 0.00663358066231, 0.0084514701739, 0.0102567216381, 0.00704598426819, 0.00392343662679, 0.00542015535757, 0.00320782512426, 0.00388040393591, 0.00321799423546, 0.00190065498464, 0.00343018956482, 0.00384594686329, 0.00394193502143, 0.00121266883798, 0.00158435769845, 0.00235137180425, 0.00188035191968, 0.00431856513023, 0.00317157711834, 0.00170151819475, 0.00200880388729, 0.00225677480921, 0.00227565295063, 0.00225039548241, 0.00205160630867, 0.00124465639237, 0.00126164895482, 0.000339251680998, 0.000880421372131, 0.000412082270486, 0.000555130420253, 0.00115674245171, 0.000267727940809, 0.000361214624718, 0.00031948304968, 0.000510926067363, 0.000563627341762, 0.000523253518622, 0.000334414828103, 0.000155506859301, 0.000131180757307, 0.000238656051806, 0.000252252124483, 0.00030201827758, 0.000355116528226, 0.000397109310143, 0.000486862729304, 0.000234035091125, 0.000313492579153, 0.000228430333664, 0.000177726411493, 0.00014812585141, 0.000115836104669, 8.41244109324e-05, 0.000179005248356, 6.86828570906e-05, 7.14334310032e-05, 6.23935775366e-05, 9.0805158834e-05, 0.000126892438857, 8.02144786576e-05, 6.93656766089e-05, 5.98705264565e-05, 0.000194419830223, 0.000130171509227, 0.00013346686319, 8.92598473001e-05, 0.00010322783055, 0.00015554514539, 0.00013948592823, 0.000159900300787, 0.000175580498762, 0.00013369624503, 6.2392820837e-05, 7.39538299968e-05, 9.07985668164e-05, 4.06750696129e-05, 2.00452595891e-05, 1.32809018396e-05, 1.72887775989e-05, 3.62447008229e-06, 2.37980103179e-07, 1.11814394188e-07, 1.13703556792e-07, 1.12580543998e-07, 1.10236570094e-07, 1.07333526955e-07, 1.04539680024e-07, 1.01750217141e-07, 9.8719340258e-08, 9.59547605817e-08, 9.34271540132e-08, 9.07985437948e-08, 8.85946249696e-08, 8.65487166379e-08, 8.46701766477e-08, 8.3134082729e-08, 8.20275545266e-08, 8.08476201541e-08, 7.97440975475e-08, 7.91635983433e-08, 7.87459129015e-08],
        "mean": [0.000166026773513, 0.000527870317455, 0.000788517238107, 0.000755851622671, 0.000486121891299, 0.000637768011075, 0.00094208313385, 0.000713394314516, 0.000326825276716, 0.000218014174607, 0.000135205962579, 0.000129905514768, 0.000156077425345, 0.00016338302521, 0.000155786357936, 0.000331890478265, 0.000388592918171, 0.000201014569029, 0.000237091226154, 0.000284463458229, 0.000391927489545, 0.000283832283458, 0.000303651613649, 0.000367487751646, 0.00029083355912, 0.000355778087396, 0.000304696237436, 0.000331638933858, 0.000427222257713, 0.00028563675005, 0.000200327514904, 0.000266727234703, 0.000208696437767, 0.000261967914412, 0.000156701498781, 0.000100178629509, 9.97507304419e-05, 0.000137481518323, 6.56209449517e-05, 6.08111149631e-05, 8.54746467667e-05, 6.44015308353e-05, 0.00012548425002, 0.000198430294404, 0.000129061780171, 6.16408942733e-05, 4.67163845315e-05, 0.000115987873869, 6.10080023762e-05, 4.67411664431e-05, 8.21208013804e-05, 6.04491833656e-05, 3.48971880157e-05, 3.25202454405e-05, 3.65026207874e-05, 3.48342910002e-05, 2.85509322566e-05, 2.8380070944e-05, 3.13827840728e-05, 3.29704562319e-05, 2.65986654995e-05, 2.69824686256e-05, 3.95125462092e-05, 4.04173697461e-05, 3.51717571903e-05, 1.84753371286e-05, 1.87873210962e-05, 2.61696459347e-05, 2.10280977626e-05, 1.7524789655e-05, 1.86039051187e-05, 2.89124545816e-05, 1.96725086425e-05, 1.87985879165e-05, 2.06381610042e-05, 1.68737769854e-05, 1.43394408951e-05, 1.2842248907e-05, 1.00576407931e-05, 8.25177630759e-06, 8.0936069935e-06, 6.64943445372e-06, 5.91311163589e-06, 6.15599537923e-06, 6.03027365287e-06, 6.32703495285e-06, 4.8537517614e-06, 6.09791186434e-06, 6.66690266371e-06, 4.6106906666e-06, 5.57055545869e-06, 5.53988456886e-06, 5.27712609255e-06, 5.31731893716e-06, 4.62885509478e-06, 3.75651325157e-06, 3.04350805891e-06, 3.11494454763e-06, 2.46814602178e-06, 2.40425720222e-06, 3.31202249981e-06, 2.56995963355e-06, 1.69939767147e-06, 1.03299851162e-06, 6.83832865889e-07, 4.81930669594e-07, 8.62692672854e-08, 1.82303316887e-09, 1.27172314346e-10, 1.25249255412e-10, 1.23742335822e-10, 1.21104334894e-10, 1.2294394669e-10, 1.24784516053e-10, 1.14165198128e-10, 1.08228662143e-10, 1.05330626166e-10, 1.02344709096e-10, 9.95105178814e-11, 9.70657096366e-11, 9.47798090012e-11, 9.27572949005e-11, 9.11086692201e-11, 8.98270555161e-11, 8.83045442324e-11, 8.6695414736e-11, 8.58359910927e-11, 8.534951218e-11],
        "min": [2.35980873731e-10, 5.34905453264e-10, 3.52801621251e-10, 7.50761730561e-10, 5.52208723192e-10, 1.34661157225e-10, 2.18793230061e-11, 1.59037540082e-11, 1.3046527747e-10, 1.26160346059e-10, 3.38917435783e-11, 4.68841328607e-12, 7.55961751531e-11, 9.85787562691e-10, 2.19574047833e-09, 2.27143104325e-09, 1.26073307349e-09, 1.24230714604e-09, 2.43295361635e-09, 2.44537812222e-09, 2.1479831247e-09, 2.43906406183e-09, 2.57250687419e-09, 1.22524190793e-09, 2.859173176e-10, 6.28567420335e-10, 3.1325894656e-10, 2.16035064837e-10, 2.09490480518e-10, 4.51591958273e-11, 1.18804913823e-11, 1.37963442753e-11, 2.08684545339e-11, 4.30685209718e-11, 2.72454281358e-11, 1.79974542214e-11, 7.73023103862e-11, 4.37124711428e-11, 7.88441326116e-11, 1.01827150878e-10, 2.25173352186e-11, 1.73495176559e-11, 3.50188419929e-11, 2.60407737041e-11, 5.10572313595e-11, 1.3165325774e-10, 1.00949831827e-10, 3.30917820923e-10, 9.63306587276e-11, 6.05523617359e-11, 1.46693643344e-10, 4.10820349961e-10, 6.06796890512e-10, 9.12287967392e-10, 1.07106656877e-10, 5.88717963268e-11, 2.74665012956e-10, 1.8463332252e-10, 5.56775070493e-10, 2.6930663255e-10, 4.58259992453e-11, 1.420215473e-10, 1.62983779251e-10, 5.04201569385e-10, 3.69130753741e-10, 3.09694353495e-10, 2.79167605699e-10, 3.23286480919e-10, 4.75666284139e-10, 1.47071643752e-09, 6.49259701557e-10, 1.34066702184e-10, 4.15049661306e-10, 6.33411378903e-10, 4.28762997329e-10, 1.9154837716e-09, 5.34858712875e-10, 2.23524462828e-10, 2.68745442566e-10, 7.69254826505e-10, 5.69867042444e-10, 4.54942694628e-10, 9.11539316251e-11, 1.84682172333e-10, 4.66480964967e-10, 2.01032357428e-10, 1.34539962504e-10, 1.17223231122e-10, 3.17470078004e-10, 2.26632837497e-10, 1.4857691466e-10, 2.49025022825e-10, 3.73262726283e-10, 2.30202343299e-10, 3.21262044745e-10, 1.12532455576e-10, 7.93552307199e-11, 6.20116943906e-11, 2.68379450608e-11, 1.30205540794e-10, 5.3932528582e-11, 1.14865013334e-10, 5.45449206635e-11, 5.28580269832e-11, 2.36966141154e-11, 2.8981787456e-11, 3.20250041763e-11, 1.12905225533e-12, 5.60187367413e-13, 4.20578800736e-13, 4.76587302609e-13, 4.71639762835e-13, 4.88550931481e-13, 5.19959075795e-13, 3.14433239645e-13, 5.953047842e-13, 3.94281666777e-13, 3.82984903556e-13, 3.30167208677e-13, 3.32827732388e-13, 4.1578226322e-13, 2.98956172318e-13, 3.27586699087e-13, 4.19907869326e-13, 1.56927761259e-13, 8.78270641435e-14, 2.00691717476e-14, 8.87805036989e-16],
        "stdev": [0.000332221097779, 0.000937996490393, 0.00106589728966, 0.000890200084541, 0.000713375746273, 0.000955764960963, 0.00112464849371, 0.0011048624292, 0.000518970133271, 0.000334287440637, 0.00028612659662, 0.0004192807246, 0.000598050421104, 0.000688769388944, 0.000555463135242, 0.000931486079935, 0.000901905354112, 0.000418110750616, 0.000692971458193, 0.000678827171214, 0.000889208575245, 0.000861493812408, 0.00109790556598, 0.00158149760682, 0.000805681804195, 0.00102039403282, 0.000669461558573, 0.000663470709696, 0.00103377201594, 0.000670430308674, 0.000356877862941, 0.000509055622388, 0.000330373324687, 0.000433028500993, 0.000271282362519, 0.000170774190337, 0.000209852703847, 0.000256905361312, 0.000160126946867, 8.24833186925e-05, 0.000152615670231, 0.000134863716085, 0.00022889590764, 0.000422551063821, 0.000234235834796, 0.000121154102089, 0.000101868528873, 0.00022560787329, 0.000122721583466, 9.97107490548e-05, 0.000157772243256, 9.95245791273e-05, 6.28687630524e-05, 3.41069426213e-05, 5.34569589945e-05, 3.66851127183e-05, 3.59127261618e-05, 5.82128814131e-05, 3.02113676298e-05, 3.07481495838e-05, 2.50660541496e-05, 2.92997665383e-05, 4.73572181363e-05, 4.81518000015e-05, 3.83002407034e-05, 1.5399287804e-05, 1.65123856277e-05, 2.65219732682e-05, 2.30931491387e-05, 2.41034576902e-05, 2.55071208812e-05, 3.87196851079e-05, 2.70657274086e-05, 2.33756873058e-05, 2.35864936258e-05, 2.06086460821e-05, 1.83357788046e-05, 1.59291921591e-05, 1.03568518171e-05, 9.22454728425e-06, 1.03034362837e-05, 7.61907949709e-06, 7.23313996787e-06, 6.78668448018e-06, 7.01040880813e-06, 8.17237014417e-06, 6.60475416225e-06, 7.09996811565e-06, 7.33779506845e-06, 8.19791330287e-06, 7.83114774094e-06, 7.91302591097e-06, 5.78925437367e-06, 6.65149354973e-06, 8.8613742264e-06, 7.4825475167e-06, 8.18921307655e-06, 8.36306026031e-06, 6.32558703728e-06, 4.673663625e-06, 5.82069060329e-06, 4.71873863717e-06, 2.92242475552e-06, 1.59109447395e-06, 1.03408797258e-06, 1.03951106212e-06, 2.14349384464e-07, 1.08182760528e-08, 3.60902041585e-09, 3.66955688058e-09, 3.63332830489e-09, 3.55768103866e-09, 3.46754291947e-09, 3.38822125912e-09, 3.28476335021e-09, 3.18598680771e-09, 3.09677705701e-09, 3.01519320622e-09, 2.93034263521e-09, 2.8592423984e-09, 2.79318834728e-09, 2.73258526917e-09, 2.68300004436e-09, 2.64729727029e-09, 2.60921928508e-09, 2.57362309242e-09, 2.55488341594e-09, 2.54141085954e-09]
    },
    "mfcc": {
        "mean": [-587.498352051, 67.3217468262, -27.2564258575, -0.665061295033, -11.6567201614, -0.905383110046, 0.740392804146, 4.09020233154, 0.587007820606, 5.03969097137, -2.29354667664, -0.614278316498, -3.67390346527],
        "cov": [[2063.43969727, 377.340759277, 1217.41455078, 981.143310547, 814.835510254, 595.532470703, 338.671081543, -159.692932129, 4.94367980957, 172.150238037, 104.299697876, 182.397323608, 204.328933716], [377.340759277, 254.913223267, 328.282165527, 295.484161377, 217.534423828, 162.77696228, 90.617767334, -41.5617179871, 2.45152807236, 44.265914917, 25.9016113281, 31.9463615417, 42.1325035095], [1217.41455078, 328.282165527, 1288.53759766, 977.757324219, 799.198913574, 506.649810791, 269.301544189, -136.877746582, 7.61654138565, 143.184295654, 64.2066421509, 159.819229126, 186.158432007], [981.143310547, 295.484161377, 977.757324219, 952.774536133, 706.255737305, 428.523681641, 226.176513672, -94.7256622314, 31.3211975098, 132.345153809, 48.1387176514, 121.052879333, 140.398452759], [814.835510254, 217.534423828, 799.198913574, 706.255737305, 685.694458008, 385.157348633, 186.817184448, -82.9357147217, -2.99599003792, 106.264396667, 37.9928207397, 114.378166199, 129.473190308], [595.532470703, 162.77696228, 506.649810791, 428.523681641, 385.157348633, 343.956604004, 202.936660767, -39.9099693298, -5.19986534119, 64.430229187, 32.9767951965, 62.8551101685, 70.9682540894], [338.671081543, 90.617767334, 269.301544189, 226.176513672, 186.817184448, 202.936660767, 212.088226318, 9.65013694763, 16.2026767731, 50.2497673035, 19.0649299622, 22.9464740753, 19.6106491089], [-159.692932129, -41.5617179871, -136.877746582, -94.7256622314, -82.9357147217, -39.9099693298, 9.65013694763, 86.5960922241, 23.3220081329, -8.19363117218, -12.3314008713, -36.18334198, -37.1455345154], [4.94367980957, 2.45152807236, 7.61654138565, 31.3211975098, -2.99599003792, -5.19986534119, 16.2026767731, 23.3220081329, 71.8053283691, 44.0333976746, -2.26758861542, -8.45538139343, -11.318649292], [172.150238037, 44.265914917, 143.184295654, 132.345153809, 106.264396667, 64.430229187, 50.2497673035, -8.19363117218, 44.0333976746, 103.184585571, 35.4967956543, 39.6410140991, 26.2253875732], [104.299697876, 25.9016113281, 64.2066421509, 48.1387176514, 37.9928207397, 32.9767951965, 19.0649299622, -12.3314008713, -2.26758861542, 35.4967956543, 75.6438522339, 40.7515792847, 23.2271366119], [182.397323608, 31.9463615417, 159.819229126, 121.052879333, 114.378166199, 62.8551101685, 22.9464740753, -36.18334198, -8.45538139343, 39.6410140991, 40.7515792847, 89.6414337158, 59.7535171509], [204.328933716, 42.1325035095, 186.158432007, 140.398452759, 129.473190308, 70.9682540894, 19.6106491089, -37.1455345154, -11.318649292, 26.2253875732, 23.2271366119, 59.7535171509, 85.9506835938]],
        "icov": [[0.00132646469865, -0.000232095102547, -0.000527357391547, -0.000107922875031, 2.17679480556e-05, -0.000809361808933, -0.000384017068427, 0.000854843703564, -0.000245593750151, -0.000124098311062, -0.00046919324086, 5.32143676537e-05, -0.000533259939402], [-0.000232095102547, 0.00678822537884, -0.000277854851447, -0.00160065537784, 0.000794068502728, -0.0012617794564, -2.95929476124e-05, 0.00126012123656, 0.000652982504107, -0.000648557033855, -0.00110527314246, 0.00186721060891, 0.000122125566122], [-0.000527357391547, -0.000277854851447, 0.00496832281351, -0.0026706145145, -0.00135244138073, -0.000364990730304, -0.000925661879592, 0.00174877746031, -0.000249523262028, 0.000322986888932, 0.000167131394846, -0.000269315758487, -0.00169223058037], [-0.000107922875031, -0.00160065537784, -0.0026706145145, 0.00732073327526, -0.00387297011912, -0.000175634602783, 0.000102548423456, 0.000110890105134, -0.00350182293914, 0.000737890775781, -0.000226829914027, 5.85553862038e-05, 0.000205115662538], [2.17679480556e-05, 0.000794068502728, -0.00135244138073, -0.00387297011912, 0.00940742902458, -0.00489126425236, 0.00236165826209, -0.00115198607091, 0.00327796046622, -0.00292323646136, 0.00232601701282, -0.00126468611415, -0.000780202448368], [-0.000809361808933, -0.0012617794564, -0.000364990730304, -0.000175634602783, -0.00489126425236, 0.0169798526913, -0.00985581893474, 0.000658604258206, 0.00256165280007, 0.00103048013989, -0.00103032740299, 0.000920657941606, -0.000837317842524], [-0.000384017068427, -2.95929476124e-05, -0.000925661879592, 0.000102548423456, 0.00236165826209, -0.00985581893474, 0.0143342791125, -0.00506372516975, -0.000239998465986, -0.00242305081338, 0.000509175821207, -0.000618703954387, 0.00288637983613], [0.000854843703564, 0.00126012123656, 0.00174877746031, 0.000110890105134, -0.00115198607091, 0.000658604258206, -0.00506372516975, 0.0199106819928, -0.00637259799987, 0.00198232172988, -0.00167591066565, 0.00361843709834, 0.000826325325761], [-0.000245593750151, 0.000652982504107, -0.000249523262028, -0.00350182293914, 0.00327796046622, 0.00256165280007, -0.000239998465986, -0.00637259799987, 0.0285354331136, -0.0159628130496, 0.00482439249754, 0.00331325735897, 0.00179333507549], [-0.000124098311062, -0.000648557033855, 0.000322986888932, 0.000737890775781, -0.00292323646136, 0.00103048013989, -0.00242305081338, 0.00198232172988, -0.0159628130496, 0.0238512214273, -0.00711439084262, -0.00550801912323, 4.23914752901e-05], [-0.00046919324086, -0.00110527314246, 0.000167131394846, -0.000226829914027, 0.00232601701282, -0.00103032740299, 0.000509175821207, -0.00167591066565, 0.00482439249754, -0.00711439084262, 0.0207153055817, -0.00825957208872, 0.00112229108345], [5.32143676537e-05, 0.00186721060891, -0.000269315758487, 5.85553862038e-05, -0.00126468611415, 0.000920657941606, -0.000618703954387, 0.00361843709834, 0.00331325735897, -0.00550801912323, -0.00825957208872, 0.028781702742, -0.0133645469323], [-0.000533259939402, 0.000122125566122, -0.00169223058037, 0.000205115662538, -0.000780202448368, -0.000837317842524, 0.00288637983613, 0.000826325325761, 0.00179333507549, 4.23914752901e-05, 0.00112229108345, -0.0133645469323, 0.0269487835467]]
    },
    "spectral_contrast_coeffs": {
        "max": [-0.363811820745, -0.46788418293, -0.557603299618, -0.656185626984, -0.683135569096, -0.674954175949],
        "mean": [-0.727797567844, -0.73388838768, -0.752544403076, -0.790943861008, -0.790854990482, -0.758704841137],
        "min": [-0.911702394485, -0.949664592743, -0.896896660328, -0.888483583927, -0.88705945015, -0.844929873943],
        "stdev": [0.0584630817175, 0.0775603875518, 0.0589676871896, 0.0428113937378, 0.0228411629796, 0.0259331706911]
    },
    "spectral_contrast_valleys": {
        "max": [-5.49623918533, -5.04405450821, -5.23571538925, -5.65666723251, -5.76056623459, -7.39579629898],
        "mean": [-7.534075737, -6.66756868362, -6.61937904358, -6.7699136734, -6.60055685043, -9.12663269043],
        "min": [-13.1652231216, -11.3020095825, -13.5689296722, -13.0620164871, -11.9432115555, -13.8624134064],
        "stdev": [1.54263854027, 0.434112668037, 0.55136090517, 0.345272660255, 0.372234404087, 0.539846479893]
    }
},
"rhythm": {
    "beats_count": 46,
    "beats_loudness": {
        "max": 0.0475699976087,
        "mean": 0.0285435896367,
        "min": 0.00894016865641,
        "stdev": 0.0111377444118
    },
    "bpm": 128.2472229,
    "bpm_histogram_first_peak_bpm": 129,
    "bpm_histogram_first_peak_weight": 0.391304373741,
    "bpm_histogram_second_peak_bpm": 123,
    "bpm_histogram_second_peak_spread": 0.461538493633,
    "bpm_histogram_second_peak_weight": 0.155555561185,
    "danceability": 0.964960813522,
    "onset_rate": 1.30300033092,
    "beats_loudness_band_ratio": {
        "max": [0.638059139252, 0.700961887836, 0.670288980007, 0.687702775002, 0.304103016853, 0.548670530319],
        "mean": [0.200247094035, 0.0908532887697, 0.25361225009, 0.261784791946, 0.118990451097, 0.118558600545],
        "min": [0.000105797851575, 0.00137240346521, 0.0224488731474, 0.0158025640994, 0.0203074570745, 0.0269138831645],
        "stdev": [0.194503709674, 0.132710710168, 0.197134003043, 0.202648997307, 0.0604859478772, 0.0819312110543]
    },
    "beats_position": [0.487619042397, 0.975238084793, 1.46285712719, 1.95047616959, 2.4497051239, 2.94893407822, 3.44816327095, 3.94739222527, 4.45823097229, 4.96907043457, 5.46829938889, 5.9675283432, 6.45514726639, 6.94276618958, 7.4303855896, 7.91800451279, 8.39401340485, 8.87002277374, 9.34603118896, 9.82204055786, 10.2864398956, 10.7508392334, 11.2268476486, 11.7028570175, 12.1788663864, 12.6548748016, 13.1192741394, 13.5836734772, 14.0480718613, 14.5008611679, 14.9304304123, 15.3599996567, 15.7895689011, 16.2191371918, 16.6487064362, 17.0782756805, 17.5078449249, 17.9722442627, 18.4366436005, 18.9010429382, 19.365442276, 19.8298416138, 20.2942390442, 20.758638382, 21.2230377197, 21.6874370575],
