{
"metadata": {
    "version": {
        "essentia": "2.1-beta5",
        "essentia_git_sha": "Undefined",
        "extractor": "music 2.0"
    },
    "audio_properties": {
        "analysis": {
            "equal_loudness": 0,
            "length": 38.2316551208,
            "sample_rate": 44100,
            "start_time": 158.998641968,
            "downmix": "mix"
        },
        "bit_rate": 192000,
        "length": 197.25352478,
        "lossless": 0,
        "number_channels": 2,
        "replay_gain": 1.36132240295,
        "sample_rate": 48000,
        "codec": "mp3",
        "md5_encoded": "c57850270eff5cbdfc31d6c816dba1a6"
    },
    "tags": {
        "file_name": "North MacedoniaNorth MacedoniaN_Make My Day_Martin Vucic.mp3",
        "encoding": ["Lavf58.29.100"]
    }
},
"lowlevel": {
    "average_loudness": 0.924346983433,
    "barkbands_crest": {
        "max": 25.1401863098,
        "mean": 9.65318965912,
        "min": 2.43428993225,
        "stdev": 4.54695272446
    },
    "barkbands_flatness_db": {
        "max": 0.271322369576,
        "mean": 0.140408217907,
        "min": 0.0543124862015,
        "stdev": 0.0380883179605
    },
    "barkbands_kurtosis": {
        "max": 45.0694351196,
        "mean": 2.6609814167,
        "min": -1.81536972523,
        "stdev": 6.09221696854
    },
    "barkbands_skewness": {
        "max": 6.37516498566,
        "mean": 1.33155333996,
        "min": -1.28399193287,
        "stdev": 1.11010766029
    },
    "barkbands_spread": {
        "max": 92.4787902832,
        "mean": 25.7868461609,
        "min": 5.0460896492,
        "stdev": 12.782409668
    },
    "dissonance": {
        "max": 0.499999523163,
        "mean": 0.472722440958,
        "min": 0.368597894907,
        "stdev": 0.0212117116898
    },
    "dynamic_complexity": 2.28007555008,
    "erbbands_crest": {
        "max": 25.1817569733,
        "mean": 7.89867639542,
        "min": 2.4931936264,
        "stdev": 3.53486132622
    },
    "erbbands_flatness_db": {
        "max": 0.302974224091,
        "mean": 0.165004968643,
        "min": 0.0886927992105,
        "stdev": 0.0470033958554
    },
    "erbbands_kurtosis": {
        "max": 13.6430397034,
        "mean": 0.319618016481,
        "min": -1.65713787079,
        "stdev": 1.5085157156
    },
    "erbbands_skewness": {
        "max": 2.52044606209,
        "mean": 0.452601641417,
        "min": -1.60092937946,
        "stdev": 0.648332774639
    },
    "erbbands_spread": {
        "max": 120.994911194,
        "mean": 39.7252349854,
        "min": 7.30368709564,
        "stdev": 18.130563736
    },
    "hfc": {
        "max": 122.862350464,
        "mean": 28.9044399261,
        "min": 0.00146827439312,
        "stdev": 17.3176651001
    },
    "loudness_ebu128": {
        "integrated": -23.7380466461,
        "loudness_range": 2.69947814941,
        "momentary": {
            "max": -21.6652526855,
            "mean": -24.1241836548,
            "min": -32.9701766968,
            "stdev": 2.10229277611
        },
        "short_term": {
            "max": -22.5363941193,
            "mean": -23.8245582581,
            "min": -29.3993396759,
            "stdev": 1.44964516163
        }
    },
    "melbands_crest": {
        "max": 37.6633453369,
        "mean": 13.8199853897,
        "min": 3.29988908768,
        "stdev": 6.55417490005
    },
    "melbands_flatness_db": {
        "max": 0.319040924311,
        "mean": 0.152452379465,
        "min": 0.0328586138785,
        "stdev": 0.0539221763611
    },
    "melbands_kurtosis": {
        "max": 172.389511108,
        "mean": 12.8033409119,
        "min": -1.37034952641,
        "stdev": 22.6682109833
    },
    "melbands_skewness": {
        "max": 12.0365819931,
        "mean": 2.51220321655,
        "min": -0.627058804035,
        "stdev": 1.91695415974
    },
    "melbands_spread": {
        "max": 141.228591919,
        "mean": 27.613702774,
        "min": 2.8220448494,
        "stdev": 15.3427810669
    },
    "pitch_salience": {
        "max": 0.876851260662,
        "mean": 0.551835477352,
        "min": 0.0925218835473,
        "stdev": 0.154475092888
    },
    "silence_rate_20dB": {
        "max": 1,
        "mean": 1,
        "min": 1,
        "stdev": 0
    },
    "silence_rate_30dB": {
        "max": 1,
        "mean": 1,
        "min": 1,
        "stdev": 0
    },
    "silence_rate_60dB": {
        "max": 1,
        "mean": 0.0242718439549,
        "min": 0,
        "stdev": 0.153891950846
    },
    "spectral_centroid": {
        "max": 3717.12670898,
        "mean": 1674.99072266,
        "min": 445.665863037,
        "stdev": 504.203735352
    },
    "spectral_complexity": {
        "max": 51,
        "mean": 24.6292476654,
        "min": 0,
        "stdev": 7.65505361557
    },
    "spectral_decrease": {
        "max": -2.45161042075e-13,
        "mean": -8.54800763506e-09,
        "min": -3.3823461365e-08,
        "stdev": 5.91913806858e-09
    },
    "spectral_energy": {
        "max": 0.136343285441,
        "mean": 0.0348839238286,
        "min": 1.05847209397e-06,
        "stdev": 0.0230262484401
    },
    "spectral_energyband_high": {
        "max": 0.0133081031963,
        "mean": 0.00157008226961,
        "min": 7.5403413291e-08,
        "stdev": 0.00150766852312
    },
    "spectral_energyband_low": {
        "max": 0.095871090889,
        "mean": 0.0152634158731,
        "min": 2.72854592254e-08,
        "stdev": 0.0183547120541
    },
    "spectral_energyband_middle_high": {
        "max": 0.0387588255107,
        "mean": 0.00776255596429,
        "min": 4.23113135639e-07,
        "stdev": 0.0058385184966
    },
    "spectral_energyband_middle_low": {
        "max": 0.0951253026724,
        "mean": 0.0119985146448,
        "min": 5.32259036845e-07,
        "stdev": 0.013345612213
    },
    "spectral_entropy": {
        "max": 8.50909328461,
        "mean": 7.95100498199,
        "min": 7.29342222214,
        "stdev": 0.208518117666
    },
    "spectral_flux": {
        "max": 0.298875331879,
        "mean": 0.109467424452,
        "min": 0.0224767066538,
        "stdev": 0.051914036274
    },
    "spectral_kurtosis": {
        "max": 10.7519159317,
        "mean": 2.07466268539,
        "min": -0.325461626053,
        "stdev": 1.25155186653
    },
    "spectral_rms": {
        "max": 0.0115333357826,
        "mean": 0.00547957699746,
        "min": 3.2134961657e-05,
        "stdev": 0.00200183247216
    },
    "spectral_rolloff": {
        "max": 9065.47851562,
        "mean": 1810.7980957,
        "min": 43.06640625,
        "stdev": 1368.44140625
    },
    "spectral_skewness": {
        "max": 2.64425873756,
        "mean": 1.21669137478,
        "min": 0.38522362709,
        "stdev": 0.244703531265
    },
    "spectral_spread": {
        "max": 8349266,
        "mean": 5132654,
        "min": 2721467.5,
        "stdev": 1106709.125
    },
    "spectral_strongpeak": {
        "max": 8.96752166748,
        "mean": 0.94384008646,
        "min": 0,
        "stdev": 1.03414487839
    },
    "zerocrossingrate": {
        "max": 0.2568359375,
        "mean": 0.0754818245769,
        "min": 0.00927734375,
        "stdev": 0.0330212377012
    },
    "barkbands": {
        "max": [0.0264281388372, 0.0781034380198, 0.0745755434036, 0.0598228536546, 0.0319649726152, 0.0152306687087, 0.0204339101911, 0.0374346114695, 0.0608576051891, 0.0272835101932, 0.0128613561392, 0.0162774082273, 0.0139384679496, 0.0161557216197, 0.00856253225356, 0.016051504761, 0.00447672931477, 0.00864784885198, 0.00211865035817, 0.00150513229892, 0.00412310380489, 0.00230266572908, 0.0028132898733, 0.00290819257498, 0.00227482337505, 4.4286780394e-06, 4.14736268795e-06],
        "mean": [0.000617688696366, 0.00918036419898, 0.0041805668734, 0.0023912594188, 0.00167343835346, 0.00114395504352, 0.000988997635432, 0.00199372135103, 0.00307365180925, 0.00203690095805, 0.00106319389306, 0.000755414774176, 0.000927354732994, 0.000990267610177, 0.000465927674668, 0.000477350695292, 0.00049236259656, 0.00041371723637, 0.000315359415254, 0.000266053713858, 0.00032492695027, 0.000314919045195, 0.000325963628711, 0.000269050564384, 0.0002012612822, 2.32510799947e-07, 3.79371245529e-09],
        "min": [1.69494918101e-10, 1.12930784724e-08, 9.05534491835e-09, 3.79803921646e-09, 5.72024063672e-08, 1.30970164491e-07, 1.27278454443e-07, 9.8652868985e-08, 1.12225357896e-07, 3.06410896656e-08, 8.65263345418e-08, 8.79124684161e-08, 2.80923622142e-08, 2.12597086602e-08, 3.64679806353e-08, 3.66061918555e-08, 1.86629947052e-08, 1.34820421493e-08, 4.71653756051e-08, 2.74734066608e-08, 2.42174600373e-08, 1.34348328018e-08, 7.25370252752e-09, 1.29798962689e-08, 6.75464795208e-09, 3.79183712207e-10, 1.17382215059e-10],
        "stdev": [0.0027118276339, 0.0121358912438, 0.0089105674997, 0.00809094216675, 0.00354089401662, 0.00168834172655, 0.00157465646043, 0.00336790690199, 0.00417853426188, 0.00301014934666, 0.00154654541984, 0.000983391189948, 0.00127233692911, 0.00165310979355, 0.000550309196115, 0.00076056557009, 0.000500160618685, 0.000624842068646, 0.000256671773968, 0.000217080814764, 0.000320222956361, 0.000280747452052, 0.000345545791788, 0.000312710617436, 0.000296742946375, 4.28165549238e-07, 1.02114107392e-07]
    },
    "erbbands": {
        "max": [4.39451599121, 16.4720687866, 65.6496963501, 125.804679871, 206.429946899, 98.5808792114, 135.172363281, 168.173553467, 178.208404541, 588.882507324, 779.608520508, 1107.26708984, 754.91595459, 517.096801758, 608.687316895, 601.825500488, 699.329772949, 815.57421875, 579.85736084, 304.356689453, 987.44909668, 301.163146973, 301.911621094, 244.753845215, 99.7425308228, 95.8038482666, 177.951675415, 107.335227966, 93.5105438232, 68.4488754272, 80.495475769, 80.1488265991, 34.9541473389, 31.4631729126, 12.0876655579, 0.699174046516, 0.0183101072907, 0.00269349291921, 0.000623056606855, 0.000162966374774],
        "mean": [0.253246903419, 2.06722855568, 5.02374696732, 6.75805664062, 6.64848613739, 4.77892923355, 8.70469284058, 8.91754150391, 12.2536687851, 24.8390884399, 51.2963905334, 74.9821243286, 67.5938262939, 47.3006477356, 41.0723686218, 34.0607452393, 44.4058418274, 49.1771316528, 35.4357299805, 23.6072273254, 27.5921611786, 27.5479717255, 22.9758796692, 17.6921958923, 15.1075553894, 13.7342367172, 13.3931922913, 11.7601461411, 11.5228948593, 10.1615543365, 8.97036170959, 6.31286334991, 4.14034318924, 2.84192752838, 1.09585249424, 0.0640097782016, 0.00178993539885, 0.000139228548505, 3.94947528548e-05, 4.65561606688e-05],
        "min": [3.64763479865e-07, 3.56547002411e-06, 1.0895698324e-05, 1.09212460302e-05, 6.58507051412e-05, 0.00021954694239, 0.000597167643718, 0.00121483986732, 0.00152026000433, 0.00211595441215, 0.00252335541882, 0.00252971705049, 0.000923085666727, 0.00206974940374, 0.00455989176407, 0.0029323794879, 0.00111512863077, 0.00105977873318, 0.00237001525238, 0.00158373476006, 0.00161968206521, 0.00121553742792, 0.000725163321476, 0.00223332084715, 0.00194341631141, 0.00116649828851, 0.00114604900591, 0.000586069189012, 0.000434837420471, 0.000450324034318, 0.000221867827349, 0.000306323490804, 0.000163553544553, 8.25699680718e-05, 3.96217255911e-05, 4.64220329377e-06, 8.82204346908e-07, 1.98544981345e-07, 1.76837637866e-08, 2.93116597661e-09],
        "stdev": [0.500821173191, 2.7489387989, 9.11843967438, 17.5404701233, 20.7081222534, 9.6175661087, 13.2535095215, 13.9325628281, 16.8849868774, 47.7012214661, 77.9022674561, 101.591362, 93.703666687, 68.1441497803, 54.7638435364, 39.0246047974, 60.5761184692, 79.9907531738, 41.0892448425, 27.234752655, 41.0729217529, 29.1620407104, 27.4385795593, 18.4264678955, 12.0670804977, 11.5802001953, 13.6632070541, 10.6425132751, 10.3954639435, 10.2908525467, 9.48491191864, 7.50407934189, 4.77773094177, 4.25509786606, 1.57016742229, 0.0901034101844, 0.00246724695899, 0.000190511869732, 3.39348334819e-05, 2.77750277746e-05]
    },
    "gfcc": {
        "mean": [23.4374008179, 78.3027191162, -152.877059937, 41.5409812927, -85.3538742065, 33.472038269, -39.0489425659, 16.6977405548, -14.3295898438, -3.38912391663, -6.91067886353, -12.6371383667, -0.0323491021991],
        "cov": [[2642.0390625, 553.992919922, 1454.9362793, 758.563049316, 436.54800415, 570.019958496, 167.530609131, 287.917510986, 97.0522460938, 316.395080566, 13.3382358551, 5.5220451355, 17.986289978], [553.992919922, 671.042419434, 665.044494629, 382.649047852, 351.692169189, 267.28237915, 193.285095215, 85.4931793213, 98.3934326172, 59.7460327148, 48.5185470581, -54.1274414062, 12.0600013733], [1454.9362793, 665.044494629, 1689.91101074, 1023.77716064, 583.750427246, 535.494445801, 187.16897583, 285.453063965, 161.658721924, 275.853057861, 69.1358184814, 12.7434530258, 9.83176040649], [758.563049316, 382.649047852, 1023.77716064, 744.091003418, 390.168426514, 267.66003418, 69.5109634399, 145.834564209, 120.324768066, 144.697280884, 48.9561958313, 16.8660335541, 10.7800607681], [436.54800415, 351.692169189, 583.750427246, 390.168426514, 329.868286133, 258.971923828, 129.976028442, 96.76927948, 64.9043502808, 70.0498657227, 35.5733146667, -10.8904905319, 12.9750785828], [570.019958496, 267.28237915, 535.494445801, 267.66003418, 258.971923828, 363.188110352, 204.678909302, 123.689804077, 27.3222980499, 90.2924423218, 25.9520015717, -12.861123085, 13.6849336624], [167.530609131, 193.285095215, 187.16897583, 69.5109634399, 129.976028442, 204.678909302, 218.300704956, 94.5605392456, 37.1958312988, 22.777048111, 24.801820755, -23.7575187683, 21.0244178772], [287.917510986, 85.4931793213, 285.453063965, 145.834564209, 96.76927948, 123.689804077, 94.5605392456, 149.75163269, 81.6251602173, 84.438621521, 20.0114364624, 16.3762798309, 17.2119979858], [97.0522460938, 98.3934326172, 161.658721924, 120.324768066, 64.9043502808, 27.3222980499, 37.1958312988, 81.6251602173, 135.174346924, 69.5851745605, 25.0828208923, 3.07647156715, 20.8352336884], [316.395080566, 59.7460327148, 275.853057861, 144.697280884, 70.0498657227, 90.2924423218, 22.777048111, 84.438621521, 69.5851745605, 140.469100952, 54.96276474, 35.8044090271, 15.0552873611], [13.3382358551, 48.5185470581, 69.1358184814, 48.9561958313, 35.5733146667, 25.9520015717, 24.801820755, 20.0114364624, 25.0828208923, 54.96276474, 86.7627716064, 50.7672805786, 23.7935333252], [5.5220451355, -54.1274414062, 12.7434530258, 16.8660335541, -10.8904905319, -12.861123085, -23.7575187683, 16.3762798309, 3.07647156715, 35.8044090271, 50.7672805786, 83.8626480103, 39.7327613831], [17.986289978, 12.0600013733, 9.83176040649, 10.7800607681, 12.9750785828, 13.6849336624, 21.0244178772, 17.2119979858, 20.8352336884, 15.0552873611, 23.7935333252, 39.7327613831, 63.2563285828]],
        "icov": [[0.00104805117007, -0.000971418630797, 3.08738854073e-05, -0.000644202693366, 0.00150734675117, -0.00170736806467, 0.00133097369689, -0.00113421923015, 0.00106762361247, -0.00151168799493, 0.00125412270427, 9.4751623692e-05, -0.000604489410762], [-0.000971418630797, 0.00879642087966, -0.00690432544798, 0.00786815211177, -0.00985583011061, 0.00740796141326, -0.00661731511354, 0.00761828012764, -0.00529058929533, 0.00421608472243, -0.00456444639713, 0.00317168585025, -0.000659337616526], [3.08738854073e-05, -0.00690432544798, 0.0140099860728, -0.0153440376744, 0.0082499999553, -0.00954850018024, 0.00632789172232, -0.00974127743393, 0.00673979194835, -0.00672450102866, 0.00334022846073, 3.98537849833e-05, 0.000764908734709], [-0.000644202693366, 0.00786815211177, -0.0153440376744, 0.0222490858287, -0.0159584730864, 0.0112222153693, -0.00463914033026, 0.00976293999702, -0.00896315090358, 0.00709107331932, -0.00362396636046, -0.00131859420799, 0.000463218806544], [0.00150734675117, -0.00985583011061, 0.0082499999553, -0.0159584730864, 0.0289795249701, -0.0192614793777, 0.0102334348485, -0.00895938463509, 0.00266543775797, 0.00176981184632, -0.0018956818385, 0.00207212776877, -0.00174050661735], [-0.00170736806467, 0.00740796141326, -0.00954850018024, 0.0112222153693, -0.0192614793777, 0.0293777566403, -0.0220491308719, 0.0101901162416, 0.00278513901867, -0.0067766434513, 0.00553279183805, -0.00344989704899, 0.00157708476763], [0.00133097369689, -0.00661731511354, 0.00632789172232, -0.00463914033026, 0.0102334348485, -0.0220491308719, 0.0310401692986, -0.0194614976645, 0.00165334099438, 0.00965880788863, -0.013452638872, 0.0140226455405, -0.00825125258416], [-0.00113421923015, 0.00761828012764, -0.00974127743393, 0.00976293999702, -0.00895938463509, 0.0101901162416, -0.0194614976645, 0.0329002402723, -0.0143849169835, -0.00424704700708, 0.00987989827991, -0.0137758469209, 0.00655533652753], [0.00106762361247, -0.00529058929533, 0.00673979194835, -0.00896315090358, 0.00266543775797, 0.00278513901867, 0.00165334099438, -0.0143849169835, 0.024014191702, -0.0127997556701, 0.00166627881117, 0.00841293483973, -0.00737409153953], [-0.00151168799493, 0.00421608472243, -0.00672450102866, 0.00709107331932, 0.00176981184632, -0.0067766434513, 0.00965880788863, -0.00424704700708, -0.0127997556701, 0.0323934145272, -0.0205598305911, 0.0042068939656, 0.000108324435132], [0.00125412270427, -0.00456444639713, 0.00334022846073, -0.00362396636046, -0.0018956818385, 0.00553279183805, -0.013452638872, 0.00987989827991, 0.00166627881117, -0.0205598305911, 0.0403737090528, -0.0274548754096, 0.00799003057182], [9.4751623692e-05, 0.00317168585025, 3.98537849833e-05, -0.00131859420799, 0.00207212776877, -0.00344989704899, 0.0140226455405, -0.0137758469209, 0.00841293483973, 0.0042068939656, -0.0274548754096, 0.0462873093784, -0.0235234983265], [-0.000604489410762, -0.000659337616526, 0.000764908734709, 0.000463218806544, -0.00174050661735, 0.00157708476763, -0.00825125258416, 0.00655533652753, -0.00737409153953, 0.000108324435132, 0.00799003057182, -0.0235234983265, 0.031056355685]]
    },
    "melbands": {
        "max": [0.0273430533707, 0.0244321636856, 0.0205892454833, 0.00883784797043, 0.00385904987343, 0.0033749693539, 0.00257969507948, 0.00639563426375, 0.00748562114313, 0.0077050360851, 0.00379093410447, 0.00235502049327, 0.00189622992184, 0.00236804620363, 0.00110991194379, 0.00172001263127, 0.00184757285751, 0.000983630539849, 0.000451067811809, 0.000746341829654, 0.00102163408883, 0.000365082436474, 0.000440560514107, 0.000569747877307, 0.000160377050634, 8.8038337708e-05, 6.12326330156e-05, 6.5946864197e-05, 9.21587125049e-05, 0.000118668918731, 4.7665744205e-05, 4.73594627692e-05, 5.16803484061e-05, 4.56265333924e-05, 5.23498965777e-05, 3.6630917748e-05, 6.43161474727e-05, 2.54152673733e-05, 2.39538567257e-05, 3.12755946652e-05],
        "mean": [0.0024329747539, 0.00266774883494, 0.00117959210183, 0.000391071429476, 0.000281495944364, 0.000204381838557, 0.000189244950889, 0.000306692149024, 0.000450418941909, 0.000455750530818, 0.000333858450176, 0.000197309534997, 0.000149995510583, 8.6867963546e-05, 9.18713558349e-05, 9.07037392608e-05, 9.4023431302e-05, 6.28217821941e-05, 3.19990685966e-05, 3.34331489285e-05, 3.06141591864e-05, 2.94113688142e-05, 2.30226723943e-05, 1.96463915927e-05, 1.35342743306e-05, 1.2383988178e-05, 9.27839755605e-06, 8.79182971403e-06, 7.80529899203e-06, 8.17635464045e-06, 6.4168643803e-06, 6.38670235276e-06, 6.27187091595e-06, 5.54926054974e-06, 5.47827949049e-06, 4.28471003033e-06, 3.73737520931e-06, 2.90385878543e-06, 2.66496977019e-06, 2.34271760746e-06],
        "min": [3.95005583798e-09, 5.24915577671e-09, 3.25792370859e-09, 1.00343529041e-08, 1.90077127371e-08, 2.66099764445e-08, 2.45621922801e-08, 2.23194565052e-08, 2.16054623081e-08, 1.51152974581e-08, 4.12363476698e-09, 7.61289786766e-09, 1.32983464241e-08, 1.18106298075e-08, 3.92914989433e-09, 2.58406185338e-09, 1.79922565735e-09, 3.8430427729e-09, 2.19856799433e-09, 2.69870126246e-09, 1.50859380543e-09, 1.14590770206e-09, 9.00145458171e-10, 5.84214621124e-10, 2.03518091269e-09, 1.62495972234e-09, 1.34024380483e-09, 6.08336603314e-10, 6.93851032185e-10, 6.26756702093e-10, 2.33348979028e-10, 1.99341460005e-10, 3.23914783884e-10, 2.05316111335e-10, 1.23672877494e-10, 1.15563655867e-10, 2.31429472808e-10, 1.2558852569e-10, 7.56935139568e-11, 7.37394312278e-11],
        "stdev": [0.00369688449427, 0.00387532101013, 0.00307814986445, 0.000980809447356, 0.000411191780586, 0.000305166526232, 0.000267005118076, 0.000582080625463, 0.000665879517328, 0.000632760522421, 0.000476278510178, 0.000300732674077, 0.000216423431993, 0.000121980250697, 0.000115245202323, 0.000128459898406, 0.000168328871951, 8.25863025966e-05, 3.94194903492e-05, 5.11393918714e-05, 4.40345938841e-05, 3.48924913851e-05, 2.2500700652e-05, 3.86723841075e-05, 1.37614542837e-05, 1.05792269096e-05, 7.72538442106e-06, 7.87105273048e-06, 8.20310197014e-06, 8.59963256516e-06, 5.86620853937e-06, 5.73849365537e-06, 6.26910423307e-06, 6.12184385318e-06, 5.97538110014e-06, 4.70125405627e-06, 4.90904676553e-06, 3.3762851217e-06, 3.31425576405e-06, 3.88271610063e-06]
    },
    "melbands128": {
        "max": [0.0249512623996, 0.0487234815955, 0.032346162945, 0.0268414560705, 0.0327814407647, 0.0375332459807, 0.0286623816937, 0.0319593958557, 0.0227009318769, 0.0128416297957, 0.00726300058886, 0.00323753012344, 0.00666439766064, 0.00645520817488, 0.00542448041961, 0.00463536987081, 0.00401434488595, 0.0035379701294, 0.00525653315708, 0.0102000460029, 0.0150060178712, 0.00906814821064, 0.0111462296918, 0.0152742629871, 0.00923480000347, 0.0129928067327, 0.00685819378123, 0.00707386247814, 0.00958544015884, 0.00472249649465, 0.00357210380025, 0.00338095775805, 0.00343747064471, 0.00319294095971, 0.00439217872918, 0.00247508962639, 0.00255595659837, 0.00145739270374, 0.00322000146843, 0.00360011216253, 0.00184096640442, 0.00178322382271, 0.00368771515787, 0.00397087261081, 0.00205627875403, 0.00197528372519, 0.000923259998672, 0.000769286416471, 0.000924028165173, 0.00058753968915, 0.00135261705145, 0.00233252975158, 0.00196676421911, 0.000293058052193, 0.000384069018764, 0.000699305674061, 0.000365606567357, 0.000533925311174, 0.000546694907825, 0.000451930012787, 0.000740031595342, 0.00111689290497, 0.000137536975672, 0.000125570353703, 0.00028805033071, 8.57369377627e-05, 0.000142561853863, 8.67232083692e-05, 5.38413260074e-05, 0.000113885980682, 0.000132447952637, 8.88612630661e-05, 8.92214738997e-05, 0.000124863930978, 0.000172575673787, 0.00015542563051, 7.82286733738e-05, 6.40161306364e-05, 7.2078408266e-05, 7.12704713806e-05, 5.80009254918e-05, 5.31941332156e-05, 9.47407752392e-05, 8.85333429324e-05, 5.10771715199e-05, 4.39709001512e-05, 8.2903294242e-05, 7.95202431618e-05, 7.08761363057e-05, 5.02959483129e-05, 6.6385800892e-05, 4.40890071332e-05, 5.63754074392e-05, 8.64496396389e-05, 7.47582307667e-05, 3.3335385524e-05, 2.95285863103e-05, 3.14639837597e-05, 2.78867264569e-05, 2.52497084148e-05, 3.43744977727e-05, 5.32089579792e-05, 2.77655726677e-05, 2.25889943977e-05, 1.54473418661e-05, 1.16136125143e-05, 5.57406247026e-06, 2.98335038451e-07, 1.66284905845e-08, 1.98025524867e-08, 2.09562198705e-08, 2.13468300814e-08, 2.14036646184e-08, 2.10024584391e-08, 2.06953032489e-08, 2.02476524436e-08, 1.97411083036e-08, 1.92538998078e-08, 1.87977047261e-08, 1.83374968543e-08, 1.79137042977e-08, 1.75913754674e-08, 1.72339653659e-08, 1.6982879103e-08, 1.67333151779e-08, 1.65847939826e-08, 1.64474744935e-08, 1.63500235573e-08],
        "mean": [0.000579602376092, 0.00193387863692, 0.00312277185731, 0.00356633518822, 0.0028840075247, 0.00189508125186, 0.00140009599272, 0.00112208060455, 0.000618712918367, 0.000357955228537, 0.000212768252823, 0.000255886901869, 0.000329128175508, 0.000279281404801, 0.000203314499231, 0.000157545597176, 0.000171701627551, 0.000206219396205, 0.000189433718333, 0.000263065361651, 0.000374599680072, 0.000412533787312, 0.000439758005086, 0.00050065893447, 0.000582638778724, 0.000391184963519, 0.000277054292383, 0.000371397240087, 0.000354772957508, 0.000210871250601, 0.000143366021803, 0.000147427519551, 0.000200824229978, 0.000103498292447, 7.70833430579e-05, 8.78756618476e-05, 9.59701937973e-05, 7.37071677577e-05, 0.000104424034362, 0.00011405377154, 7.95118758106e-05, 7.05821948941e-05, 9.809522453e-05, 0.000111092973384, 7.71678751335e-05, 5.74831974518e-05, 3.90142158722e-05, 3.12322990794e-05, 2.90373900498e-05, 2.95379013551e-05, 3.31646115228e-05, 3.79008197342e-05, 3.57469107257e-05, 2.35411916947e-05, 2.89418258035e-05, 3.38347563229e-05, 2.48807464232e-05, 2.58309610217e-05, 2.2075850211e-05, 1.86831894098e-05, 2.05045762414e-05, 2.04362131626e-05, 1.24189946291e-05, 1.06026036519e-05, 1.74773213075e-05, 1.02817684819e-05, 1.27100429381e-05, 8.70646545081e-06, 7.30502870283e-06, 1.17050385597e-05, 9.20342699828e-06, 7.97802022134e-06, 5.79460129302e-06, 7.91293950897e-06, 9.63471302384e-06, 8.93605283636e-06, 7.36193032935e-06, 6.54919631415e-06, 6.1987529989e-06, 6.35281048744e-06, 6.20174250798e-06, 5.86150281379e-06, 7.86303735367e-06, 6.24810127192e-06, 5.18256729265e-06, 5.21158062838e-06, 5.94766561335e-06, 5.83972041568e-06, 5.91405614614e-06, 4.48158198196e-06, 4.83955773234e-06, 4.17362343796e-06, 3.70398902305e-06, 3.74358864974e-06, 3.92357560486e-06, 2.87306033897e-06, 2.8915474104e-06, 2.45798992182e-06, 2.93658558803e-06, 2.49964159593e-06, 2.44952116191e-06, 2.49422350862e-06, 2.10943380807e-06, 1.51226402068e-06, 1.43844965805e-06, 9.3227134812e-07, 3.00234688666e-07, 1.05004156481e-08, 2.29229222409e-11, 2.01226223184e-11, 2.04130219672e-11, 2.13358011814e-11, 2.2282046e-11, 2.28065379082e-11, 2.09086550157e-11, 1.97158730314e-11, 1.83193373665e-11, 1.77428176318e-11, 1.73319379682e-11, 1.68691970115e-11, 1.64623054771e-11, 1.61845693097e-11, 1.58970336894e-11, 1.56112709565e-11, 1.50718135888e-11, 1.43747886858e-11, 1.39590171019e-11, 1.38350962631e-11],
        "min": [2.55938048532e-11, 9.81747128037e-10, 1.17294451929e-09, 1.17254272958e-09, 6.37007246951e-09, 3.8768943611e-09, 1.56329493795e-09, 2.37903563516e-09, 6.33462171606e-09, 1.03060164847e-08, 1.22435857008e-08, 1.40898155365e-08, 1.90101019371e-08, 2.73083191615e-08, 3.03521012768e-08, 2.47076137327e-08, 2.02468299904e-08, 2.50740619379e-08, 2.92933020063e-08, 2.46469333831e-08, 1.76657142248e-08, 1.80628738633e-08, 2.41090472031e-08, 2.32404424594e-08, 1.67088050063e-08, 1.33143576164e-08, 7.35126226559e-09, 1.25337173973e-09, 2.73273359497e-09, 6.86706647102e-09, 1.01667065877e-08, 7.96404187042e-09, 1.02792556689e-08, 2.14207958038e-08, 1.5504324935e-08, 8.19649326189e-09, 6.94864654704e-09, 4.12984402232e-09, 2.00061078814e-09, 9.52492307249e-10, 3.83257159342e-09, 3.36749561569e-09, 6.69427568933e-10, 1.01235597683e-09, 3.98472854712e-09, 3.3790521492e-09, 6.11831030284e-09, 1.32182276236e-09, 7.47682860069e-10, 2.70451749884e-09, 2.36638131312e-09, 4.05603461928e-09, 1.52288237576e-09, 7.86624321236e-10, 4.68853234015e-10, 9.52835366164e-10, 2.30622831943e-09, 8.18272838377e-10, 5.42598188602e-10, 4.97469454519e-10, 3.43219425103e-10, 1.00729424801e-09, 1.11400944025e-09, 2.51779597171e-09, 3.216369171e-09, 1.35275635138e-09, 8.50325809765e-10, 1.396571081e-09, 1.98041938404e-09, 3.83125253745e-10, 7.8462292219e-10, 4.73213634944e-10, 4.87797635618e-10, 7.55015827636e-10, 9.17452669391e-10, 6.4210653461e-10, 6.36777242047e-10, 2.30824095948e-10, 2.52262655209e-10, 9.64104976409e-11, 1.13104026145e-10, 2.33164210162e-10, 4.09184852668e-10, 1.9222987091e-10, 5.13032338834e-10, 1.96061250568e-10, 1.08696281143e-10, 1.45066653134e-10, 1.10821136989e-10, 1.39002614974e-10, 9.62338125854e-11, 8.4893918284e-11, 1.98043012545e-10, 1.86750948039e-10, 3.72805203375e-10, 1.04322550598e-10, 9.01442254175e-11, 9.68484945019e-11, 7.42640324236e-11, 8.18019402216e-11, 2.03588500225e-11, 1.30633309725e-10, 4.9994050566e-11, 2.05740858378e-11, 4.87361331847e-11, 6.65686325507e-11, 2.09469594448e-11, 3.13288544412e-12, 6.59915373215e-13, 5.44315243919e-13, 6.63294397706e-13, 4.88256679011e-13, 5.96431487098e-13, 5.33347129482e-13, 5.21182597947e-13, 6.60820248348e-13, 4.74478854644e-13, 4.4251207516e-13, 3.46299161222e-13, 4.10931624015e-13, 5.08376598197e-13, 3.57678730384e-13, 4.22126255391e-13, 3.84566591896e-13, 3.62840210351e-13, 1.81337909098e-13, 2.85789865081e-14, 7.53079152772e-16],
        "stdev": [0.00256166933104, 0.00521071674302, 0.00462649902329, 0.00511795608327, 0.00513096665964, 0.00432376936078, 0.00377602921799, 0.00414376379922, 0.00203468441032, 0.000994219677523, 0.000480894959765, 0.00043205593829, 0.00056804693304, 0.000524704693817, 0.000387030391721, 0.000332865543896, 0.000282722961856, 0.000342605548212, 0.00038444189704, 0.000680117227603, 0.000885438639671, 0.000892784097232, 0.000854490150232, 0.000953697948717, 0.00097550364444, 0.000820927962195, 0.000520848319866, 0.000737043505069, 0.000710303545929, 0.000447491562227, 0.000332954747137, 0.000273352110526, 0.000374074559659, 0.000193545187358, 0.000193240310182, 0.000140865449794, 0.000157404894708, 0.000135212569148, 0.000198155204998, 0.000233198748901, 0.000157350150403, 0.000140258911415, 0.000243619724642, 0.000293190096272, 0.000143778379424, 9.73726200755e-05, 6.42593295197e-05, 5.70159354538e-05, 5.24585630046e-05, 4.49508552265e-05, 7.19789532013e-05, 9.72946436377e-05, 7.53609347157e-05, 3.07011468976e-05, 4.12142617279e-05, 5.80032065045e-05, 3.45437438227e-05, 3.34212927555e-05, 2.91987380479e-05, 3.24945467582e-05, 5.04819909111e-05, 6.50942165521e-05, 1.37962433655e-05, 1.14095173558e-05, 2.52264198934e-05, 9.72216730588e-06, 1.52618631546e-05, 9.4363667813e-06, 7.30277088223e-06, 1.30479284053e-05, 1.09909296953e-05, 8.78300488694e-06, 6.77084699419e-06, 1.09610027721e-05, 1.25525039039e-05, 1.15801640277e-05, 8.8730639618e-06, 6.89010221322e-06, 6.94375285093e-06, 6.48389459457e-06, 6.73979957355e-06, 5.73448551222e-06, 9.52517893893e-06, 7.22500908523e-06, 5.66158314541e-06, 5.91462548982e-06, 7.70693259255e-06, 7.51388233766e-06, 7.14957923265e-06, 5.44732392882e-06, 6.18978219791e-06, 5.06820651935e-06, 4.78701849715e-06, 5.60046601095e-06, 5.66114522371e-06, 3.7105046431e-06, 3.41133727488e-06, 3.08713151753e-06, 3.66433687304e-06, 3.59067621503e-06, 4.07575271311e-06, 5.04504487253e-06, 3.15063925882e-06, 2.41924908551e-06, 2.09932250073e-06, 1.31768069878e-06, 4.90958825594e-07, 1.97543421621e-08, 4.09458078554e-10, 4.87575757546e-10, 5.15976594784e-10, 5.25676446816e-10, 5.27196064581e-10, 5.17742737571e-10, 5.09666586712e-10, 4.98582508612e-10, 4.86059248406e-10, 4.74057182398e-10, 4.62824278902e-10, 4.51493675779e-10, 4.41059799794e-10, 4.33122343546e-10, 4.24321550119e-10, 4.18140827518e-10, 4.12003153816e-10, 4.08358125092e-10, 4.04984767943e-10, 4.02586991521e-10]
    },
    "mfcc": {
        "mean": [-595.401367188, 86.7536315918, -5.74630784988, 2.50999879837, -7.5810751915, 2.55200600624, -2.73211097717, 7.86391448975, 3.27372097969, 5.97672891617, 3.98709726334, 2.10012435913, -3.04032826424],
        "cov": [[1937.14892578, 229.233795166, 851.579162598, 327.437835693, 386.972045898, 300.906341553, 260.121185303, 63.0980377197, 207.843536377, 180.923446655, 101.597076416, 146.851486206, 116.185775757], [229.233795166, 462.872314453, 283.049621582, 148.871902466, 178.119903564, 189.395019531, 180.422409058, 99.5094604492, 92.1589126587, 111.503623962, 76.4158935547, 48.5022468567, 0.976020872593], [851.579162598, 283.049621582, 1172.54077148, 648.965454102, 598.683105469, 387.247467041, 305.27520752, 135.8097229, 224.230834961, 221.960800171, 135.764251709, 201.395004272, 180.685562134], [327.437835693, 148.871902466, 648.965454102, 529.704772949, 411.767883301, 196.010925293, 97.2630386353, 63.6311149597, 105.805404663, 106.177589417, 56.0540771484, 122.048988342, 119.411132812], [386.972045898, 178.119903564, 598.683105469, 411.767883301, 422.396148682, 238.182434082, 147.942733765, 74.7464141846, 113.712974548, 110.736099243, 63.4942092896, 108.477203369, 98.3396835327], [300.906341553, 189.395019531, 387.247467041, 196.010925293, 238.182434082, 258.143432617, 209.345367432, 91.7878417969, 92.8765106201, 98.4799423218, 53.9734230042, 57.3581314087, 33.5960159302], [260.121185303, 180.422409058, 305.27520752, 97.2630386353, 147.942733765, 209.345367432, 278.255828857, 122.400138855, 87.3574676514, 87.1877670288, 60.6508026123, 40.2346916199, 13.9682569504], [63.0980377197, 99.5094604492, 135.8097229, 63.6311149597, 74.7464141846, 91.7878417969, 122.400138855, 115.199630737, 78.9532318115, 56.7755012512, 29.3059177399, 20.3638381958, 6.79091835022], [207.843536377, 92.1589126587, 224.230834961, 105.805404663, 113.712974548, 92.8765106201, 87.3574676514, 78.9532318115, 144.714660645, 104.504798889, 41.0519943237, 44.5673179626, 39.1458930969], [180.923446655, 111.503623962, 221.960800171, 106.177589417, 110.736099243, 98.4799423218, 87.1877670288, 56.7755012512, 104.504798889, 136.312393188, 66.8989486694, 47.3750991821, 28.7056560516], [101.597076416, 76.4158935547, 135.764251709, 56.0540771484, 63.4942092896, 53.9734230042, 60.6508026123, 29.3059177399, 41.0519943237, 66.8989486694, 84.7076873779, 50.4596099854, 21.7619800568], [146.851486206, 48.5022468567, 201.395004272, 122.048988342, 108.477203369, 57.3581314087, 40.2346916199, 20.3638381958, 44.5673179626, 47.3750991821, 50.4596099854, 94.5590667725, 72.5461196899], [116.185775757, 0.976020872593, 180.685562134, 119.411132812, 98.3396835327, 33.5960159302, 13.9682569504, 6.79091835022, 39.1458930969, 28.7056560516, 21.7619800568, 72.5461196899, 105.125892639]],
        "icov": [[0.000905364810023, -8.63098757691e-05, -0.000909034861252, 0.000758006237447, -0.000185634518857, 2.20608217205e-05, -0.000275251892162, 0.00112115009688, -0.000921747589018, 0.000233553670114, 0.000328468799125, -0.000468084152089, 0.000366816762835], [-8.63098757691e-05, 0.00358866085298, 0.000499109039083, -0.000492894730996, -0.000401032331865, -0.00131635856815, -0.000558674219064, -0.00077129737474, 0.000107175328594, -0.000921765167732, -0.00112661661115, -0.000690302113071, 0.0016053566942], [-0.000909034861252, 0.000499109039083, 0.00680684391409, -0.00486052455381, -0.00172151741572, -0.000511009129696, -0.00371753820218, 0.00240479130298, -0.00193243543617, -0.000664469902404, -0.00141065870412, -0.000607750029303, -0.00145349756349], [0.000758006237447, -0.000492894730996, -0.00486052455381, 0.0128131676465, -0.00835150573403, 0.00194158754312, 0.00422958098352, -0.00375126837753, 0.00317288190126, -0.00169046316296, 0.00304934335873, -0.00173128896859, -0.000317601166898], [-0.000185634518857, -0.000401032331865, -0.00172151741572, -0.00835150573403, 0.0176193937659, -0.00893838331103, 0.00251440238208, 0.000448868901003, -0.00161934900098, 0.00240247393958, -0.00163560500368, 0.000466710072942, -0.0013709628256], [2.20608217205e-05, -0.00131635856815, -0.000511009129696, 0.00194158754312, -0.00893838331103, 0.0208873730153, -0.010891335085, 0.00184270192403, 0.000800840381999, -0.00397753063589, 0.00437189126387, -0.00184495456051, 0.00283110421151], [-0.000275251892162, -0.000558674219064, -0.00371753820218, 0.00422958098352, 0.00251440238208, -0.010891335085, 0.017802067101, -0.0119386836886, 0.00407973211259, 0.000984675250947, -0.00327270920388, 0.00207597389817, -0.00111419742461], [0.00112115009688, -0.00077129737474, 0.00240479130298, -0.00375126837753, 0.000448868901003, 0.00184270192403, -0.0119386836886, 0.0268337745219, -0.0140076586977, 0.00365436449647, -0.000416331458837, -0.0011310124537, 0.00282483175397], [-0.000921747589018, 0.000107175328594, -0.00193243543617, 0.00317288190126, -0.00161934900098, 0.000800840381999, 0.00407973211259, -0.0140076586977, 0.0257811434567, -0.015985365957, 0.00590596394613, -0.000208047611522, -0.00395747786388], [0.000233553670114, -0.000921765167732, -0.000664469902404, -0.00169046316296, 0.00240247393958, -0.00397753063589, 0.000984675250947, 0.00365436449647, -0.015985365957, 0.0268174856901, -0.0139550473541, 0.0029976691585, 0.000919396872632], [0.000328468799125, -0.00112661661115, -0.00141065870412, 0.00304934335873, -0.00163560500368, 0.00437189126387, -0.00327270920388, -0.000416331458837, 0.00590596394613, -0.0139550473541, 0.0301549378783, -0.0167376603931, 0.0061223753728], [-0.000468084152089, -0.000690302113071, -0.000607750029303, -0.00173128896859, 0.000466710072942, -0.00184495456051, 0.00207597389817, -0.0011310124537, -0.000208047611522, 0.0029976691585, -0.0167376603931, 0.0380265563726, -0.0200327914208], [0.000366816762835, 0.0016053566942, -0.00145349756349, -0.000317601166898, -0.0013709628256, 0.00283110421151, -0.00111419742461, 0.00282483175397, -0.00395747786388, 0.000919396872632, 0.0061223753728, -0.0200327914208, 0.0260739307851]]
    },
    "spectral_contrast_coeffs": {
        "max": [-0.466253608465, -0.536233365536, -0.558161079884, -0.631928741932, -0.693098127842, -0.668272674084],
        "mean": [-0.720772147179, -0.766415655613, -0.756190896034, -0.791195273399, -0.797571182251, -0.76945912838],
        "min": [-0.897755086422, -0.976009964943, -0.931448817253, -0.90980887413, -0.893338859081, -0.85425722599],
        "stdev": [0.0756796002388, 0.0614047124982, 0.0664997622371, 0.0474160611629, 0.0251800008118, 0.0237143673003]
    },
    "spectral_contrast_valleys": {
        "max": [-5.01341772079, -4.73829698563, -5.44290018082, -5.72660636902, -5.88388729095, -7.83333539963],
        "mean": [-7.04692602158, -6.28246021271, -6.83728504181, -7.0427441597, -6.99678516388, -9.21687412262],
        "min": [-11.513548851, -9.751039505, -10.6843957901, -11.4332809448, -11.3446474075, -13.9174900055],
        "stdev": [1.36383128166, 0.514943957329, 0.542097866535, 0.417624443769, 0.380570173264, 0.62334549427]
    }
},
"rhythm": {
    "beats_count": 75,
    "beats_loudness": {
        "max": 0.107841327786,
        "mean": 0.055341925472,
        "min": 0.00282247411087,
        "stdev": 0.0275758132339
    },
    "bpm": 123.159095764,
    "bpm_histogram_first_peak_bpm": 123,
    "bpm_histogram_first_peak_weight": 0.107142865658,
    "bpm_histogram_second_peak_bpm": 108,
    "bpm_histogram_second_peak_spread": 0.5,
    "bpm_histogram_second_peak_weight": 0.108108110726,
    "danceability": 1.21018218994,
    "onset_rate": 2.95476841927,
    "beats_loudness_band_ratio": {
        "max": [0.93647146225, 0.364545375109, 0.676099061966, 0.751130282879, 0.531391143799, 0.160553559661],
        "mean": [0.572963178158, 0.0460201948881, 0.148920282722, 0.13618542254, 0.082413777709, 0.0386688970029],
        "min": [0.000165122473845, 0.00187316758092, 0.00654967920855, 0.00420261593536, 0.0055499188602, 0.00816951319575],
        "stdev": [0.327308058739, 0.0569386892021, 0.134452328086, 0.155638337135, 0.0994670912623, 0.0267712026834]
    },
    "beats_position": [0.510838985443, 1.03328800201, 1.55573689938, 2.08979582787, 2.58902478218, 3.08825397491, 3.5758728981, 4.06349182129, 4.55111122131, 5.0387301445, 5.52634906769, 6.01396799088, 6.5015873909, 6.98920631409, 7.47682523727, 7.96444416046, 8.45206356049, 8.93968200684, 9.42730140686, 9.91492080688, 10.4025392532, 10.8901586533, 11.3777770996, 11.8653964996, 12.3530158997, 12.840634346, 13.328253746, 13.8158731461, 14.3034915924, 14.7911109924, 15.2787294388, 15.7663488388, 16.2539672852, 16.7415866852, 17.2292060852, 17.7168254852, 18.2044448853, 18.6920623779, 19.179681778, 19.667301178, 20.154920578, 20.642539978, 21.1301574707, 21.6177768707, 22.1053962708, 22.5930156708, 23.0806350708, 23.5682544708, 24.0558719635, 24.5434913635, 25.0311107635, 25.5187301636, 26.0063495636, 26.4939670563, 26.9815864563, 27.4692058563, 27.9452152252, 28.4212245941, 28.897233963, 29.3732414246, 29.9421310425, 30.4994106293, 31.0682983398, 31.6255779266, 32.171245575, 32.7401351929, 33.2974128723, 33.8663024902, 34.4235839844, 34.9692497253, 35.5265312195, 36.0838088989, 36.6410865784, 37.1983680725, 37.7440338135],
