{
"metadata": {
    "version": {
        "essentia": "2.1-beta5",
        "essentia_git_sha": "Undefined",
        "extractor": "music 2.0"
    },
    "audio_properties": {
        "analysis": {
            "equal_loudness": 0,
            "length": 32.4963264465,
            "sample_rate": 44100,
            "start_time": 142.744674683,
            "downmix": "mix"
        },
        "bit_rate": 192000,
        "length": 198.762817383,
        "lossless": 0,
        "number_channels": 2,
        "replay_gain": -0.333139419556,
        "sample_rate": 48000,
        "codec": "mp3",
        "md5_encoded": "aac8dcdfc930f0bef91c5289389bd1dd"
    },
    "tags": {
        "file_name": "Romania_Let Me Try_Luminita Anghel _ Sistem.mp3",
        "encoding": ["Lavf58.29.100"]
    }
},
"lowlevel": {
    "average_loudness": 0.975611209869,
    "barkbands_crest": {
        "max": 23.6754226685,
        "mean": 9.86345291138,
        "min": 2.39433455467,
        "stdev": 4.39001083374
    },
    "barkbands_flatness_db": {
        "max": 0.250131100416,
        "mean": 0.105430610478,
        "min": 0.0287532750517,
        "stdev": 0.0380835086107
    },
    "barkbands_kurtosis": {
        "max": 29.6927604675,
        "mean": 1.0019671917,
        "min": -1.72647464275,
        "stdev": 2.96980285645
    },
    "barkbands_skewness": {
        "max": 5.23398113251,
        "mean": 0.690471708775,
        "min": -1.71518945694,
        "stdev": 0.848429501057
    },
    "barkbands_spread": {
        "max": 86.4203109741,
        "mean": 30.6842269897,
        "min": 4.02387285233,
        "stdev": 12.5097885132
    },
    "dissonance": {
        "max": 0.499993473291,
        "mean": 0.466839402914,
        "min": 0.223855823278,
        "stdev": 0.0303808357567
    },
    "dynamic_complexity": 1.77325952053,
    "erbbands_crest": {
        "max": 31.9201145172,
        "mean": 12.2489891052,
        "min": 2.30192685127,
        "stdev": 6.18928194046
    },
    "erbbands_flatness_db": {
        "max": 0.293081223965,
        "mean": 0.153836011887,
        "min": 0.0619342364371,
        "stdev": 0.0444693900645
    },
    "erbbands_kurtosis": {
        "max": 34.3133049011,
        "mean": 2.13415789604,
        "min": -1.64161932468,
        "stdev": 3.60436296463
    },
    "erbbands_skewness": {
        "max": 4.58562898636,
        "mean": 0.491938084364,
        "min": -1.6808372736,
        "stdev": 0.81941819191
    },
    "erbbands_spread": {
        "max": 118.695610046,
        "mean": 31.4208621979,
        "min": 3.78113818169,
        "stdev": 17.2895278931
    },
    "hfc": {
        "max": 114.993919373,
        "mean": 40.2456436157,
        "min": 1.39738631248,
        "stdev": 20.4681854248
    },
    "loudness_ebu128": {
        "integrated": -21.5466060638,
        "loudness_range": 0.845880508423,
        "momentary": {
            "max": -18.9934444427,
            "mean": -21.695482254,
            "min": -27.9472064972,
            "stdev": 1.19127678871
        },
        "short_term": {
            "max": -20.8809680939,
            "mean": -21.6012763977,
            "min": -22.1623077393,
            "stdev": 0.271503031254
        }
    },
    "melbands_crest": {
        "max": 32.3936424255,
        "mean": 13.6790084839,
        "min": 3.8690302372,
        "stdev": 5.12387132645
    },
    "melbands_flatness_db": {
        "max": 0.295397669077,
        "mean": 0.148600578308,
        "min": 0.0455263890326,
        "stdev": 0.0444123223424
    },
    "melbands_kurtosis": {
        "max": 104.379150391,
        "mean": 5.38122177124,
        "min": -1.63749349117,
        "stdev": 9.51149559021
    },
    "melbands_skewness": {
        "max": 9.40843963623,
        "mean": 1.54630565643,
        "min": -1.57140779495,
        "stdev": 1.33272612095
    },
    "melbands_spread": {
        "max": 130.436920166,
        "mean": 37.683380127,
        "min": 3.68905186653,
        "stdev": 15.6558561325
    },
    "pitch_salience": {
        "max": 0.862008273602,
        "mean": 0.510976672173,
        "min": 0.139803722501,
        "stdev": 0.111555717885
    },
    "silence_rate_20dB": {
        "max": 1,
        "mean": 1,
        "min": 1,
        "stdev": 0
    },
    "silence_rate_30dB": {
        "max": 1,
        "mean": 1,
        "min": 1,
        "stdev": 0
    },
    "silence_rate_60dB": {
        "max": 1,
        "mean": 0.00285510346293,
        "min": 0,
        "stdev": 0.0533565953374
    },
    "spectral_centroid": {
        "max": 3390.79736328,
        "mean": 1746.19897461,
        "min": 727.665344238,
        "stdev": 392.900939941
    },
    "spectral_complexity": {
        "max": 56,
        "mean": 21.6174163818,
        "min": 1,
        "stdev": 7.62986183167
    },
    "spectral_decrease": {
        "max": -2.44239406477e-10,
        "mean": -7.82873321725e-09,
        "min": -3.79037885523e-08,
        "stdev": 3.88957577258e-09
    },
    "spectral_energy": {
        "max": 0.147977560759,
        "mean": 0.0331978388131,
        "min": 0.00104856200051,
        "stdev": 0.0158172789961
    },
    "spectral_energyband_high": {
        "max": 0.0110355261713,
        "mean": 0.00166746450122,
        "min": 1.67318703461e-05,
        "stdev": 0.00125150464009
    },
    "spectral_energyband_low": {
        "max": 0.122843421996,
        "mean": 0.00929879955947,
        "min": 2.64292157226e-06,
        "stdev": 0.011008030735
    },
    "spectral_energyband_middle_high": {
        "max": 0.0886894762516,
        "mean": 0.0156795047224,
        "min": 0.000973159447312,
        "stdev": 0.01246984303
    },
    "spectral_energyband_middle_low": {
        "max": 0.0615134425461,
        "mean": 0.00705959880725,
        "min": 6.05225650361e-05,
        "stdev": 0.00708485161886
    },
    "spectral_entropy": {
        "max": 8.58629703522,
        "mean": 7.83834505081,
        "min": 6.44885158539,
        "stdev": 0.338857531548
    },
    "spectral_flux": {
        "max": 0.325679838657,
        "mean": 0.100523933768,
        "min": 0.0283254384995,
        "stdev": 0.0360865555704
    },
    "spectral_kurtosis": {
        "max": 11.0602312088,
        "mean": 2.55330395699,
        "min": -0.706007003784,
        "stdev": 1.2022844553
    },
    "spectral_rms": {
        "max": 0.0120153380558,
        "mean": 0.00552012817934,
        "min": 0.00101142842323,
        "stdev": 0.0013843125198
    },
    "spectral_rolloff": {
        "max": 10637.4023438,
        "mean": 2119.04541016,
        "min": 86.1328125,
        "stdev": 1320.24291992
    },
    "spectral_skewness": {
        "max": 2.97152924538,
        "mean": 1.41437232494,
        "min": 0.494404762983,
        "stdev": 0.251215040684
    },
    "spectral_spread": {
        "max": 21780258,
        "mean": 6077289,
        "min": 3733937.5,
        "stdev": 1206010.375
    },
    "spectral_strongpeak": {
        "max": 15.6276073456,
        "mean": 2.70971250534,
        "min": 0.0316545404494,
        "stdev": 3.09348988533
    },
    "zerocrossingrate": {
        "max": 0.2587890625,
        "mean": 0.0889048278332,
        "min": 0.01416015625,
        "stdev": 0.0296725723892
    },
    "barkbands": {
        "max": [0.00206503621303, 0.0771825239062, 0.0766703188419, 0.010948870331, 0.014819405973, 0.0230334699154, 0.0503575354815, 0.0502005368471, 0.0235353466123, 0.0812287852168, 0.0606456883252, 0.0535841844976, 0.0198315940797, 0.0396256223321, 0.0420169495046, 0.0342535786331, 0.00993014220148, 0.00657907687128, 0.00678706169128, 0.00510518159717, 0.00173858401831, 0.00189244828653, 0.00356393726543, 0.0033072757069, 0.00688952533528, 0.00100655993447, 4.24600984843e-05],
        "mean": [0.000129159059725, 0.00576367555186, 0.00295427208766, 0.000813351594843, 0.0011880901875, 0.000658232660498, 0.00143610977102, 0.00243400782347, 0.000437478534877, 0.0014353133738, 0.00340621429496, 0.00234384345822, 0.00127793825231, 0.00221038446762, 0.00210383813828, 0.00145754183177, 0.000398009113269, 0.000432051951066, 0.000508932978846, 0.000279875006527, 0.00024639753974, 0.000255027640378, 0.000291302334517, 0.000310250587063, 0.000356459000614, 6.82597164996e-05, 1.81701363999e-06],
        "min": [4.28944879616e-08, 7.18013609458e-07, 5.89538103668e-07, 1.09419056571e-06, 3.81793870474e-06, 6.02615182288e-06, 6.71250245432e-06, 3.27033421854e-06, 2.94460414807e-06, 5.05078469359e-06, 1.1506809642e-05, 2.77049912256e-06, 4.37548260379e-06, 3.38453992299e-06, 1.18101042972e-05, 3.5034852317e-06, 4.39231598648e-06, 9.97828556137e-06, 4.37261451225e-06, 7.46654495742e-06, 1.79456367277e-06, 1.49575078012e-06, 1.65750009273e-06, 4.5467631935e-06, 3.69905728803e-06, 8.81674282027e-07, 4.13529099852e-10],
        "stdev": [0.000241654677666, 0.00837577972561, 0.00453923363239, 0.00135687889997, 0.00149775238242, 0.0010306754848, 0.00318209617399, 0.00485848775133, 0.00125550816301, 0.00425554765388, 0.00667987810448, 0.0056308307685, 0.00258101755753, 0.00443180510774, 0.00443714763969, 0.00370862963609, 0.000846947077662, 0.000569447001908, 0.000612722709775, 0.000330353475874, 0.000245374889346, 0.000228766599321, 0.00027570821112, 0.00028713294887, 0.000432091881521, 9.27591827349e-05, 3.38794961863e-06]
    },
    "erbbands": {
        "max": [1.69382417202, 20.9352092743, 80.4345550537, 65.7856521606, 40.2392654419, 67.4223022461, 61.5794715881, 225.168945312, 894.492675781, 1037.28991699, 1133.26220703, 741.776428223, 884.781921387, 2380.65795898, 2214.36376953, 1482.62316895, 925.15447998, 1753.71374512, 2498.96240234, 1296.26171875, 1195.39160156, 459.857055664, 328.181884766, 468.988250732, 336.799285889, 242.637405396, 95.3331222534, 78.3909072876, 68.4601898193, 128.780151367, 72.0709686279, 97.1990737915, 40.716255188, 74.4362487793, 46.9237060547, 8.99436664581, 1.39072740078, 0.17528514564, 0.00603992817923, 0.000260375440121],
        "mean": [0.127582043409, 1.41852200031, 3.70374965668, 2.92520260811, 3.21267724037, 4.03862142563, 4.38354492188, 6.18356180191, 16.1122779846, 44.9792366028, 34.8337173462, 11.5274009705, 17.2939586639, 119.091293335, 134.483062744, 66.6103210449, 60.6192245483, 81.1194458008, 146.499725342, 89.1752090454, 60.0597801208, 21.5079803467, 21.2622642517, 34.4240264893, 16.8013019562, 13.4346933365, 10.9427833557, 8.65635681152, 8.2876739502, 10.0915517807, 7.55305862427, 6.79501247406, 5.26266241074, 4.96081161499, 1.88287162781, 0.44019651413, 0.110137015581, 0.0125649850816, 0.000341459584888, 5.82411084906e-05],
        "min": [5.10215031682e-05, 7.07597282599e-05, 0.000454575259937, 0.00253991689533, 0.00683642504737, 0.0136733427644, 0.025484316051, 0.075155377388, 0.0823469758034, 0.0801290869713, 0.147139936686, 0.275262564421, 0.40010625124, 0.786067306995, 0.66192895174, 0.756181001663, 0.707055866718, 1.20197749138, 2.57078957558, 0.873534679413, 0.618492782116, 0.417336642742, 0.846778452396, 0.282657414675, 0.270502954721, 0.332678824663, 0.137165099382, 0.0398116447031, 0.0351373888552, 0.0695099458098, 0.0514429137111, 0.0769290626049, 0.0790794938803, 0.0438368245959, 0.0206946302205, 0.00409437902272, 0.00134416099172, 0.000112919478852, 5.97095322519e-06, 2.98378608932e-06],
        "stdev": [0.196884870529, 2.10812306404, 5.14274501801, 4.62303256989, 4.14893102646, 5.78378200531, 5.75356054306, 9.97865200043, 40.8507080078, 89.5265960693, 80.3421401978, 30.8205814362, 39.8392372131, 281.23348999, 229.244567871, 138.963088989, 113.691345215, 137.8228302, 271.350982666, 152.816162109, 127.695838928, 34.7632026672, 24.2162704468, 41.2210617065, 20.6761035919, 15.9008541107, 11.0655288696, 8.92503261566, 7.77114534378, 9.54108142853, 6.97666597366, 6.64481592178, 4.77559041977, 5.42413425446, 2.93619704247, 0.644062280655, 0.152617484331, 0.0179416686296, 0.000487931421958, 2.99301318591e-05]
    },
    "gfcc": {
        "mean": [52.5367660522, 55.4010124207, -123.154075623, 30.2055702209, -57.4717559814, 37.2313957214, -43.2569999695, 17.6864128113, -24.8529205322, 9.78421974182, -13.7052259445, -0.129328742623, -13.4986772537],
        "cov": [[765.451049805, -110.950035095, 123.808708191, 25.8640956879, 64.8288040161, 2.53532004356, -57.4763565063, -3.71699500084, -10.7971200943, 40.0628395081, -25.2664890289, 24.8742160797, -74.5159835815], [-110.950035095, 331.27822876, 57.2265777588, 89.9090423584, 88.1413726807, 4.08635950089, 42.7298049927, 8.51595020294, 54.7556877136, -0.169754728675, 39.2756347656, -15.5573244095, 16.1910037994], [123.808708191, 57.2265777588, 349.754943848, 143.082199097, 41.328502655, 10.2055702209, 43.5943374634, 47.2565460205, 15.8153753281, 35.1035842896, -9.23736000061, 38.3945884705, -28.6740684509], [25.8640956879, 89.9090423584, 143.082199097, 232.099487305, 64.3825302124, 6.34063053131, 42.5926246643, 46.6536254883, 35.6172599792, -0.153990224004, -5.10903739929, -2.07770586014, -7.44489049911], [64.8288040161, 88.1413726807, 41.328502655, 64.3825302124, 250.649978638, 111.109176636, 48.483795166, -1.81134819984, 31.4328632355, 42.2651367188, 37.7356872559, 24.2961387634, 0.768669426441], [2.53532004356, 4.08635950089, 10.2055702209, 6.34063053131, 111.109176636, 215.827987671, 91.2171020508, -33.8218917847, -29.2473297119, 13.1318778992, 53.3590888977, 7.18035316467, 15.328045845], [-57.4763565063, 42.7298049927, 43.5943374634, 42.5926246643, 48.483795166, 91.2171020508, 149.67539978, 25.3891735077, -12.0548143387, 6.84668588638, 23.9834060669, 18.436132431, 21.3881187439], [-3.71699500084, 8.51595020294, 47.2565460205, 46.6536254883, -1.81134819984, -33.8218917847, 25.3891735077, 121.973136902, 63.7161102295, -3.84266543388, -19.7915325165, 4.40264320374, 0.430427759886], [-10.7971200943, 54.7556877136, 15.8153753281, 35.6172599792, 31.4328632355, -29.2473297119, -12.0548143387, 63.7161102295, 124.814842224, 53.830116272, 7.18836688995, -9.12796878815, -13.6652135849], [40.0628395081, -0.169754728675, 35.1035842896, -0.153990224004, 42.2651367188, 13.1318778992, 6.84668588638, -3.84266543388, 53.830116272, 124.048202515, 53.4612998962, -1.17036902905, -29.0505237579], [-25.2664890289, 39.2756347656, -9.23736000061, -5.10903739929, 37.7356872559, 53.3590888977, 23.9834060669, -19.7915325165, 7.18836688995, 53.4612998962, 98.8079605103, 25.0455989838, -8.78016471863], [24.8742160797, -15.5573244095, 38.3945884705, -2.07770586014, 24.2961387634, 7.18035316467, 18.436132431, 4.40264320374, -9.12796878815, -1.17036902905, 25.0455989838, 92.4342041016, 41.8638267517], [-74.5159835815, 16.1910037994, -28.6740684509, -7.44489049911, 0.768669426441, 15.328045845, 21.3881187439, 0.430427759886, -13.6652135849, -29.0505237579, -8.78016471863, 41.8638267517, 103.266395569]],
        "icov": [[0.00182780018076, 0.000222440998186, -0.00021733205358, -0.000211986975046, -0.000449438433861, -0.000585568428505, 0.00116734788753, -0.000412445922848, 0.000885409943294, -0.00105720304418, 0.00149366108235, -0.00147537374869, 0.00160348776262], [0.000222440998186, 0.00713348668069, -0.00296465586871, 0.000282834080281, -0.00342808035202, 0.0046887230128, -0.00338676478714, 0.00417817337438, -0.00572736002505, 0.00680303573608, -0.00798625405878, 0.00692271767184, -0.00407671509311], [-0.00021733205358, -0.00296465586871, 0.00672687683254, -0.00351914134808, 0.00221661897376, -0.00318177440204, 0.00136081525125, -0.00319156120531, 0.00410891883075, -0.00614954158664, 0.00674138730392, -0.00728206615895, 0.00444845436141], [-0.000211986975046, 0.000282834080281, -0.00351914134808, 0.00757525674999, -0.00219579902478, 0.00208936096169, -0.00205773324706, 0.000217546097701, -0.00242261006497, 0.00361998565495, -0.0027405701112, 0.00381591939367, -0.00157904368825], [-0.000449438433861, -0.00342808035202, 0.00221661897376, -0.00219579902478, 0.00839601177722, -0.00611210940406, 0.00179891672451, -0.00119086145423, 0.000640366924927, -0.00469130882993, 0.00504808593541, -0.00609874725342, 0.0028140952345], [-0.000585568428505, 0.0046887230128, -0.00318177440204, 0.00208936096169, -0.00611210940406, 0.0137862795964, -0.00782908312976, 0.00544323213398, -0.00352879194543, 0.00737462146208, -0.0108864717185, 0.00928136799484, -0.00537313660607], [0.00116734788753, -0.00338676478714, 0.00136081525125, -0.00205773324706, 0.00179891672451, -0.00782908312976, 0.0143698770553, -0.0077323531732, 0.00735213235021, -0.00644954573363, 0.00453844852746, -0.00508330622688, 0.00141273264308], [-0.000412445922848, 0.00417817337438, -0.00319156120531, 0.000217546097701, -0.00119086145423, 0.00544323213398, -0.0077323531732, 0.0191316027194, -0.0142196761444, 0.00926626846194, -0.0038415545132, 0.00335371959955, -0.00206170720048], [0.000885409943294, -0.00572736002505, 0.00410891883075, -0.00242261006497, 0.000640366924927, -0.00352879194543, 0.00735213235021, -0.0142196761444, 0.0238201729953, -0.0151667371392, 0.00781834218651, -0.00503083644435, 0.00314840325154], [-0.00105720304418, 0.00680303573608, -0.00614954158664, 0.00361998565495, -0.00469130882993, 0.00737462146208, -0.00644954573363, 0.00926626846194, -0.0151667371392, 0.0249965600669, -0.0176885724068, 0.0109794866294, -0.00396867934614], [0.00149366108235, -0.00798625405878, 0.00674138730392, -0.0027405701112, 0.00504808593541, -0.0108864717185, 0.00453844852746, -0.0038415545132, 0.00781834218651, -0.0176885724068, 0.0309194196016, -0.0185651089996, 0.0108722746372], [-0.00147537374869, 0.00692271767184, -0.00728206615895, 0.00381591939367, -0.00609874725342, 0.00928136799484, -0.00508330622688, 0.00335371959955, -0.00503083644435, 0.0109794866294, -0.0185651089996, 0.0286813583225, -0.0149731598794], [0.00160348776262, -0.00407671509311, 0.00444845436141, -0.00157904368825, 0.0028140952345, -0.00537313660607, 0.00141273264308, -0.00206170720048, 0.00314840325154, -0.00396867934614, 0.0108722746372, -0.0149731598794, 0.0193885415792]]
    },
    "melbands": {
        "max": [0.0188156068325, 0.032443229109, 0.00988684315234, 0.00385711714625, 0.00172512081917, 0.00511652836576, 0.0117838084698, 0.0126027977094, 0.00796596426517, 0.00453121541068, 0.00578044354916, 0.0106062162668, 0.00528463255614, 0.0079496698454, 0.00163732410874, 0.00252403947525, 0.00345834600739, 0.0043444330804, 0.00306886248291, 0.00306209758855, 0.00106878881343, 0.000685537932441, 0.000255324324826, 0.000528071948793, 0.0004364241031, 0.000230206089327, 0.000250972574577, 0.00014688797819, 6.18983249296e-05, 6.88825020916e-05, 4.5851302275e-05, 3.62359569408e-05, 5.47530253243e-05, 8.45793256303e-05, 4.11932524003e-05, 6.00885796302e-05, 6.38924902887e-05, 2.73528130492e-05, 4.9670732551e-05, 8.72525051818e-05],
        "mean": [0.00138743687421, 0.00189024361316, 0.000521349953488, 0.000269235664746, 0.000156969254022, 0.000140587872011, 0.000251284596743, 0.000538882624824, 0.000237662272411, 6.20370992692e-05, 7.84240837675e-05, 0.00045446617878, 0.000428497209214, 0.000349583657226, 8.31535071484e-05, 0.000135380323627, 0.000157691465574, 0.000248986209044, 0.000147572223796, 0.000124439204228, 5.37609594176e-05, 2.1474525056e-05, 1.92703773791e-05, 2.07583725569e-05, 3.00647698168e-05, 1.3795211089e-05, 1.01230025393e-05, 8.52420635056e-06, 6.5867484409e-06, 6.68212851451e-06, 4.44653460363e-06, 4.26497990702e-06, 5.60394255444e-06, 5.61154411116e-06, 4.0874010665e-06, 4.30321642853e-06, 4.27646409662e-06, 3.42496036865e-06, 3.94862718167e-06, 4.43861608801e-06],
        "min": [4.04946149501e-07, 2.01450504278e-07, 5.45908619642e-07, 7.29990347281e-07, 1.03157242393e-06, 1.87710918453e-06, 1.39484575357e-06, 7.25299742044e-07, 1.55606414864e-06, 4.89262049541e-07, 1.23946540498e-06, 1.00949432635e-06, 2.39687778958e-06, 4.59018139054e-07, 6.41992755845e-07, 4.04406165444e-07, 8.41416579078e-07, 1.89640229564e-06, 1.06303662051e-06, 5.54764881144e-07, 1.31007993787e-07, 2.47422462962e-07, 4.53220849295e-07, 3.5298822354e-07, 1.77596390927e-07, 2.04924333502e-07, 2.91426147214e-07, 1.80243247883e-07, 1.04452276162e-07, 2.75835532193e-08, 2.20230766956e-08, 1.55894301912e-08, 3.47210367124e-08, 3.6748147636e-08, 2.67646402818e-08, 3.45089681275e-08, 5.47537446494e-08, 6.24370457558e-08, 4.92970819721e-08, 3.30760627776e-08],
        "stdev": [0.0020719030872, 0.00241845566779, 0.000704146339558, 0.000361980200978, 0.000190055681742, 0.00023732331465, 0.000600197759923, 0.00105385656934, 0.000589585048147, 0.000183289055713, 0.000241139001446, 0.00110505672637, 0.000696186674759, 0.00081311975373, 0.000166140001966, 0.000281711021671, 0.000305992434733, 0.000486682140036, 0.00029524313868, 0.000333603238687, 0.000105756414996, 4.85139789816e-05, 2.53664275078e-05, 3.28883470502e-05, 3.82401485695e-05, 1.85620992852e-05, 1.40100873978e-05, 1.03320926428e-05, 6.89441822033e-06, 8.03165949037e-06, 5.03515047967e-06, 4.32221895608e-06, 5.53993504582e-06, 5.62998138776e-06, 3.96620544052e-06, 4.37458720626e-06, 4.6023305913e-06, 3.05968001157e-06, 3.94269909521e-06, 5.55348651687e-06]
    },
    "melbands128": {
        "max": [0.00199212715961, 0.0132263433188, 0.0345081314445, 0.0411657840014, 0.0427181944251, 0.034567926079, 0.0144534604624, 0.00512132234871, 0.00465005496517, 0.00627799378708, 0.00440216111019, 0.00231859926134, 0.00251154717989, 0.00250171055086, 0.00312577048317, 0.0110911689699, 0.0206692144275, 0.0139372479171, 0.01601228863, 0.0167415067554, 0.0194211788476, 0.0169033184648, 0.01205987297, 0.00519972154871, 0.00837933924049, 0.00381518970244, 0.00665522553027, 0.00172941107303, 0.0147785078734, 0.0245981980115, 0.0178444087505, 0.0130477910861, 0.00780894001946, 0.0166268255562, 0.0132626574486, 0.00960775557905, 0.00272060651332, 0.00232266401872, 0.00440803868696, 0.00401478772983, 0.00552691798657, 0.00396462948993, 0.00755127193406, 0.00837866589427, 0.00873232353479, 0.00515458127484, 0.00907423067838, 0.00572020513937, 0.00492627406493, 0.00468934094533, 0.00559108750895, 0.00574063835666, 0.00130385393277, 0.00153395743109, 0.0014902545372, 0.000976757728495, 0.000298644503346, 0.000517503300216, 0.000651404378004, 0.000321328348946, 0.00118678202853, 0.00089489959646, 0.00118326896336, 0.000511916528922, 0.000784339208622, 0.000192181221792, 0.000366195366951, 0.000263265828835, 0.000282086140942, 0.000265625072643, 0.000148316656123, 0.000178087357199, 8.46616603667e-05, 0.000122778306832, 9.43360573729e-05, 0.000181697600055, 6.19029888185e-05, 0.000134704634547, 5.45325347048e-05, 9.64620267041e-05, 5.20969697391e-05, 5.79921506869e-05, 4.99929810758e-05, 9.8686417914e-05, 6.77604839439e-05, 0.00012493043323, 8.8343898824e-05, 0.000164401440998, 4.33320637967e-05, 3.84905979445e-05, 0.000101972429547, 4.69148617412e-05, 4.03396115871e-05, 9.76919254754e-05, 5.803419117e-05, 2.31132125919e-05, 2.94776291412e-05, 4.19778589276e-05, 8.01165733719e-05, 4.17219162046e-05, 4.91629216413e-05, 0.000105508304841, 0.000181828596396, 6.89946173225e-05, 4.95946078445e-05, 5.14209496032e-05, 4.1507435526e-05, 3.05116354866e-05, 1.32303357532e-05, 9.96486687654e-06, 6.22588004262e-06, 7.07642402631e-06, 4.96647089676e-06, 3.52205279341e-06, 2.71842645816e-06, 2.14055353354e-06, 1.72847853719e-06, 2.61188688455e-07, 3.20871038184e-07, 2.53422598462e-07, 2.1691859331e-07, 2.10840369164e-07, 6.8584967039e-08, 3.82535692012e-09, 3.77973607968e-09, 3.74784381307e-09, 3.71991704107e-09, 3.70488417722e-09],
        "mean": [0.000115909446322, 0.000822268310003, 0.00189328601118, 0.00252274959348, 0.00223157694563, 0.00124198605772, 0.00058107910445, 0.000372995011276, 0.000299426465062, 0.000313582102535, 0.000208979225135, 0.000168284939718, 0.00015471453662, 0.000121134042274, 0.000131170047098, 0.000134113492095, 0.000223525479669, 0.000275423109997, 0.000265448383288, 0.000545549381059, 0.00073723756941, 0.000368309323676, 0.00017858017236, 8.03875082056e-05, 6.7448556365e-05, 5.35131985089e-05, 4.32127708336e-05, 4.86300232296e-05, 0.000111842404294, 0.000321417377563, 0.0007262887666, 0.000474922795547, 0.000246005714871, 0.000531685247552, 0.000584494904615, 0.000236444611801, 5.06374526594e-05, 5.30561228516e-05, 0.000116835719382, 0.000163869452081, 0.000149995510583, 7.56002118578e-05, 0.000118490075693, 0.00019985952531, 0.000302462722175, 0.00022229096794, 0.000257123523625, 0.000163188014994, 8.97030768101e-05, 8.84644905454e-05, 0.000160926021636, 0.000139570096508, 4.31325606769e-05, 3.23118292727e-05, 2.75222701021e-05, 1.94237072719e-05, 1.43361776281e-05, 2.50614684774e-05, 1.83200700121e-05, 1.58542607096e-05, 1.66287100001e-05, 2.55551076407e-05, 3.82076250389e-05, 2.91418746201e-05, 2.26166976063e-05, 1.11175531856e-05, 1.07236546683e-05, 9.95824484562e-06, 1.01745808934e-05, 1.03297261376e-05, 7.99839381216e-06, 8.80727566255e-06, 6.35222068013e-06, 6.03232138019e-06, 6.04747447142e-06, 9.18886598811e-06, 5.19886998518e-06, 4.86404042022e-06, 4.24133395427e-06, 4.47598949904e-06, 3.44092404703e-06, 4.72068677482e-06, 4.81621509607e-06, 5.76077309233e-06, 6.20975924903e-06, 6.02048203291e-06, 5.35880735697e-06, 4.73784029964e-06, 3.40897099704e-06, 3.87052432416e-06, 5.71643067815e-06, 3.69141844203e-06, 3.27506540998e-06, 5.13330451213e-06, 4.42090367869e-06, 2.94495794151e-06, 3.52072765963e-06, 3.45265539181e-06, 4.07300058214e-06, 4.02795103582e-06, 4.21202412326e-06, 5.12246742801e-06, 4.0260406422e-06, 2.41398993239e-06, 1.93957839656e-06, 1.62564128914e-06, 1.12039515443e-06, 8.23782670523e-07, 6.62445643229e-07, 5.33217360044e-07, 4.75206348938e-07, 4.1928308292e-07, 3.20447838931e-07, 2.70650645007e-07, 1.86433197769e-07, 1.22223525523e-07, 6.42383000127e-08, 8.67449312381e-09, 1.51186685393e-09, 1.28812238653e-09, 1.24648802391e-09, 7.87343579223e-10, 3.054732578e-10, 1.83467598752e-11, 1.24952539635e-11, 1.19762437814e-11, 1.16752458396e-11, 1.15885738505e-11],
        "min": [5.42141498361e-10, 3.09411660737e-08, 2.56345742855e-07, 5.63017792388e-08, 1.1916646514e-07, 3.47742343365e-07, 4.8221193083e-07, 5.5598286508e-07, 6.77081800404e-07, 7.87738770214e-07, 6.18517390194e-07, 7.82264521604e-07, 4.96221048252e-07, 2.66154046358e-07, 3.97670419261e-07, 1.19781091712e-07, 2.87382874831e-07, 4.23324905796e-07, 1.18094578738e-06, 1.00200770703e-06, 3.43443957718e-07, 2.82716854372e-07, 3.82263550591e-07, 2.70531188562e-07, 2.93876269097e-07, 1.26472883721e-07, 1.97625496412e-07, 3.78636457299e-07, 3.41761051459e-07, 4.33396792232e-07, 3.4117564951e-07, 2.65526466592e-07, 7.54140955905e-07, 2.87875138838e-07, 2.96681946566e-07, 1.07624664736e-07, 1.30474447246e-07, 7.71236869923e-08, 1.02034874772e-07, 1.49910874825e-07, 1.07048172993e-07, 1.37396455102e-07, 8.30517734585e-08, 9.03376999872e-08, 1.89998544897e-07, 6.69004762699e-08, 4.33180900927e-07, 4.15893993022e-07, 2.01807523581e-07, 8.97540957112e-08, 1.72487460759e-07, 6.68212933874e-08, 3.23020969972e-08, 1.22532114233e-07, 5.0702528398e-08, 4.80234589872e-08, 1.00916203394e-07, 4.15292120692e-08, 2.60885627767e-07, 1.73691375949e-07, 1.18210607525e-07, 1.48984000248e-07, 1.81667999755e-07, 6.50832419069e-08, 4.42850343063e-08, 2.16913083051e-08, 5.8928740998e-08, 1.08563192214e-07, 2.86043530195e-07, 8.36333668985e-08, 7.72416726136e-08, 5.45285097076e-08, 1.12950232278e-07, 3.44797399521e-08, 7.78970274951e-08, 1.6092434052e-08, 1.42868596953e-08, 1.93961842143e-08, 7.92203636024e-09, 1.56925050732e-09, 9.7505612473e-09, 1.84406463433e-08, 1.59892774576e-08, 2.54731400418e-08, 6.96683670753e-08, 3.63940380055e-08, 2.78804819231e-08, 3.01017415438e-08, 1.92200690918e-08, 2.9331118867e-08, 3.85456111474e-08, 2.2544591971e-08, 5.72756881922e-08, 2.54504168851e-08, 7.694632842e-08, 1.04506554521e-07, 4.52673560858e-08, 2.72887668018e-08, 7.11312324597e-08, 3.49217650353e-08, 3.77062470136e-08, 2.13969695295e-08, 4.73192862671e-08, 4.51747332875e-08, 9.53544088134e-09, 5.25692422926e-09, 9.11550834815e-09, 3.2481897172e-09, 3.37591288257e-09, 5.09360509326e-09, 3.55916740524e-09, 3.32438832018e-09, 3.30011196148e-09, 6.93024859721e-10, 7.14560743909e-10, 3.63780616741e-10, 1.12558382753e-11, 7.28486335925e-13, 4.22525214686e-13, 4.92722074079e-13, 4.29975743595e-13, 4.67251725592e-13, 4.59609563949e-13, 4.35447007228e-13, 3.20431344219e-13, 1.16975832774e-13, 1.81001047483e-14, 6.22872559906e-16],
        "stdev": [0.000229202094488, 0.001360720722, 0.00340007222258, 0.00386111880653, 0.00310842785984, 0.00201454595663, 0.00107730808668, 0.000609380076639, 0.000443103781436, 0.000538999098353, 0.000349049514625, 0.000229634548305, 0.000248742639087, 0.000182771473192, 0.000215949025005, 0.000379700417398, 0.00078496907372, 0.000811457051896, 0.000712304899935, 0.00132532638963, 0.00163403316401, 0.000975579605438, 0.000756599241868, 0.000294820551062, 0.000275530590443, 0.000168275306351, 0.000199415997486, 0.000112855013867, 0.000557284627575, 0.00117290474009, 0.00211583613418, 0.00137940805871, 0.000695357855875, 0.00148105539847, 0.00154340383597, 0.000838218198624, 0.000179002367076, 0.000145280224388, 0.000354721589247, 0.000417411443777, 0.000466431520181, 0.000271797238383, 0.000409773230786, 0.000548182928469, 0.000891805160791, 0.00058099225862, 0.000880106410477, 0.000471197097795, 0.000298127211863, 0.000360798352631, 0.000570790318307, 0.000485917873448, 0.000107952320832, 0.000108959568024, 0.000110894725367, 6.30398935755e-05, 2.58161016973e-05, 5.26784897374e-05, 3.58391080226e-05, 2.71910994343e-05, 5.32196536369e-05, 5.79912448302e-05, 7.55204819143e-05, 4.47711718152e-05, 4.28634157288e-05, 1.80065308086e-05, 1.91685758182e-05, 1.48906083268e-05, 1.8759032173e-05, 1.5711540982e-05, 1.29691288748e-05, 1.23795098261e-05, 8.98458165466e-06, 8.83413576958e-06, 8.50568085298e-06, 1.65853343788e-05, 7.0486421464e-06, 9.6085423138e-06, 5.37401683687e-06, 6.38738583802e-06, 4.14670967075e-06, 5.80042160436e-06, 5.96939253228e-06, 6.63655146127e-06, 6.76620493323e-06, 7.13766075933e-06, 5.98066026214e-06, 8.01497117209e-06, 3.68382211491e-06, 4.08774303651e-06, 7.0965870691e-06, 4.11862765759e-06, 3.38646123055e-06, 7.09649793862e-06, 4.64965751235e-06, 2.86031240648e-06, 3.52507458956e-06, 4.03756484957e-06, 5.10441577717e-06, 4.10092297898e-06, 4.53076290796e-06, 7.6763526522e-06, 7.26970256437e-06, 4.26961833e-06, 3.5538459997e-06, 3.17848071063e-06, 2.16801004171e-06, 1.43837371525e-06, 1.04985383587e-06, 7.31481009097e-07, 6.69526230013e-07, 6.548182796e-07, 4.91126002089e-07, 4.09255562772e-07, 2.92773364663e-07, 2.00098938308e-07, 1.18092494006e-07, 2.03052259451e-08, 1.11341833531e-08, 1.08878674965e-08, 1.00273558346e-08, 7.64584928703e-09, 3.08863334908e-09, 2.02292627094e-10, 1.72034053669e-10, 1.70159261681e-10, 1.68842578807e-10, 1.68097716302e-10]
    },
    "mfcc": {
        "mean": [-590.566589355, 84.8367767334, 1.69979310036, 4.13260698318, 12.2899417877, 8.60864067078, 6.19203901291, 4.0164065361, 0.78617143631, 6.26913738251, 2.98523545265, -1.83315348625, 7.11373567581],
        "cov": [[722.017883301, -84.0931243896, 7.44790172577, 24.9814319611, 44.3162117004, 0.394620537758, -42.6283912659, -14.2533178329, -17.0617713928, -12.0124359131, 8.22926235199, 21.3940868378, -9.30095005035], [-84.0931243896, 260.24130249, 3.25301408768, 53.6503067017, 55.0822257996, 27.5179634094, 12.3293552399, 8.99463558197, 8.66219139099, 18.321144104, 10.964006424, 38.5746459961, 24.9921588898], [7.44790172577, 3.25301408768, 248.263946533, 78.8539581299, 9.03264808655, 16.8048877716, 9.92372989655, 16.8808822632, 23.2235298157, -2.49959897995, 19.0830974579, 17.1995296478, 14.9164953232], [24.9814319611, 53.6503067017, 78.8539581299, 207.52180481, 51.3319854736, -0.751042485237, -6.53162717819, 32.8234024048, 50.8181419373, 8.48713779449, 10.55464077, 49.1481933594, 14.9341220856], [44.3162117004, 55.0822257996, 9.03264808655, 51.3319854736, 161.725143433, 50.9922142029, 5.99620056152, 24.7528324127, 21.8146591187, 5.13253927231, 18.8053894043, 30.8792438507, 44.6670417786], [0.394620537758, 27.5179634094, 16.8048877716, -0.751042485237, 50.9922142029, 188.716964722, 112.547431946, 15.3769836426, -24.1716709137, 26.8834877014, 6.39128637314, 6.57556152344, 17.8124103546], [-42.6283912659, 12.3293552399, 9.92372989655, -6.53162717819, 5.99620056152, 112.547431946, 160.180160522, 48.2233772278, -16.4479236603, 15.666015625, -1.44166994095, -9.67796897888, 4.44797039032], [-14.2533178329, 8.99463558197, 16.8808822632, 32.8234024048, 24.7528324127, 15.3769836426, 48.2233772278, 108.857139587, 44.0864257812, -6.37721967697, -15.5132837296, 2.29046273232, 14.0784988403], [-17.0617713928, 8.66219139099, 23.2235298157, 50.8181419373, 21.8146591187, -24.1716709137, -16.4479236603, 44.0864257812, 115.250030518, 15.0681009293, -16.6969051361, 14.1577186584, 12.5676393509], [-12.0124359131, 18.321144104, -2.49959897995, 8.48713779449, 5.13253927231, 26.8834877014, 15.666015625, -6.37721967697, 15.0681009293, 98.3627090454, 57.7878913879, 5.57901000977, -6.18132400513], [8.22926235199, 10.964006424, 19.0830974579, 10.55464077, 18.8053894043, 6.39128637314, -1.44166994095, -15.5132837296, -16.6969051361, 57.7878913879, 117.723083496, 44.5413818359, 6.30877494812], [21.3940868378, 38.5746459961, 17.1995296478, 49.1481933594, 30.8792438507, 6.57556152344, -9.67796897888, 2.29046273232, 14.1577186584, 5.57901000977, 44.5413818359, 110.844978333, 51.3036613464], [-9.30095005035, 24.9921588898, 14.9164953232, 14.9341220856, 44.6670417786, 17.8124103546, 4.44797039032, 14.0784988403, 12.5676393509, -6.18132400513, 6.30877494812, 51.3036613464, 87.9804153442]],
        "icov": [[0.00159150117543, 0.000721360673197, -5.45740658708e-05, -0.000165165154613, -0.000738382688724, -0.000201216709684, 0.00058294396149, -0.00012450417853, 0.000580492138397, -0.000151555301272, 0.000369049812434, -0.000757276138756, 0.000728238897864], [0.000721360673197, 0.00482419598848, 0.000140942109283, -0.000849439471494, -0.00158488890156, 6.99272495694e-05, -9.11586248549e-05, 4.08865998907e-05, 0.000929695845116, -0.00143127352931, 0.00128256168682, -0.00173662905581, 0.000302054773783], [-5.45740658708e-05, 0.000140942109283, 0.00502682244405, -0.00217438885011, 0.0011581297731, -0.00112122402061, 8.09005068731e-05, 0.000115293150884, -0.0011901872931, 0.00191382318735, -0.00234231771901, 0.00149945076555, -0.00131442770362], [-0.000165165154613, -0.000849439471494, -0.00217438885011, 0.00753480987623, -0.00195051217452, 0.000779634516221, 3.14602425533e-06, -0.0010968032293, -0.00136531563476, -0.0010355032282, 0.00145954987966, -0.00366084557027, 0.00247362139635], [-0.000738382688724, -0.00158488890156, 0.0011581297731, -0.00195051217452, 0.010342550464, -0.00429076328874, 0.0026756611187, -0.00153018627316, -0.001968245022, 0.00256323139183, -0.00375242368318, 0.00281174713746, -0.00467495108023], [-0.000201216709684, 6.99272495694e-05, -0.00112122402061, 0.000779634516221, -0.00429076328874, 0.0123087158427, -0.00857572816312, 0.00224907789379, 0.00240483973175, -0.00399814778939, 0.00337745994329, -0.00198044022545, 6.49049979984e-05], [0.00058294396149, -9.11586248549e-05, 8.09005068731e-05, 3.14602425533e-06, 0.0026756611187, -0.00857572816312, 0.0148244937882, -0.00700193271041, 0.00247672968544, -0.000706779712345, -0.000455416273326, 0.00109710369725, -0.00018848569016], [-0.00012450417853, 4.08865998907e-05, 0.000115293150884, -0.0010968032293, -0.00153018627316, 0.00224907789379, -0.00700193271041, 0.0153091475368, -0.00609002541751, 0.00269798096269, -0.000457760412246, 0.00125922996085, -0.00127435999457], [0.000580492138397, 0.000929695845116, -0.0011901872931, -0.00136531563476, -0.001968245022, 0.00240483973175, 0.00247672968544, -0.00609002541751, 0.0154050178826, -0.00742880534381, 0.00667196279392, -0.00332566653378, 0.000330883951392], [-0.000151555301272, -0.00143127352931, 0.00191382318735, -0.0010355032282, 0.00256323139183, -0.00399814778939, -0.000706779712345, 0.00269798096269, -0.00742880534381, 0.0201859734952, -0.012900182046, 0.00538972113281, -0.000384480925277], [0.000369049812434, 0.00128256168682, -0.00234231771901, 0.00145954987966, -0.00375242368318, 0.00337745994329, -0.000455416273326, -0.000457760412246, 0.00667196279392, -0.012900182046, 0.0197316277772, -0.00976742058992, 0.0035629614722], [-0.000757276138756, -0.00173662905581, 0.00149945076555, -0.00366084557027, 0.00281174713746, -0.00198044022545, 0.00109710369725, 0.00125922996085, -0.00332566653378, 0.00538972113281, -0.00976742058992, 0.0193924680352, -0.0102572031319], [0.000728238897864, 0.000302054773783, -0.00131442770362, 0.00247362139635, -0.00467495108023, 6.49049979984e-05, -0.00018848569016, -0.00127435999457, 0.000330883951392, -0.000384480925277, 0.0035629614722, -0.0102572031319, 0.0193855445832]]
    },
    "spectral_contrast_coeffs": {
        "max": [-0.549581348896, -0.447003185749, -0.429599195719, -0.494552016258, -0.627043128014, -0.721822023392],
        "mean": [-0.740235507488, -0.746614158154, -0.703602135181, -0.723554670811, -0.775909483433, -0.797219574451],
        "min": [-0.951198101044, -0.904569745064, -0.879804611206, -0.896405875683, -0.872866809368, -0.887524604797],
        "stdev": [0.0591512322426, 0.0786427259445, 0.0870368853211, 0.0751222372055, 0.0357868000865, 0.0200470127165]
    },
    "spectral_contrast_valleys": {
        "max": [-5.41600942612, -4.99225378036, -5.44571018219, -5.79180145264, -5.57809209824, -7.86570835114],
        "mean": [-6.69735908508, -6.62004423141, -7.16867351532, -7.26994609833, -7.20130729675, -8.9993019104],
        "min": [-8.74542045593, -8.42512130737, -8.70648574829, -8.97233963013, -8.73782062531, -10.3623399734],
        "stdev": [0.560462832451, 0.455787301064, 0.491640746593, 0.467068016529, 0.419789433479, 0.43113386631]
    }
},
"rhythm": {
    "beats_count": 69,
    "beats_loudness": {
        "max": 0.065039947629,
        "mean": 0.0355024114251,
        "min": 0.0055012232624,
        "stdev": 0.0127884950489
    },
    "bpm": 129.332000732,
    "bpm_histogram_first_peak_bpm": 129,
    "bpm_histogram_first_peak_weight": 0.214285671711,
    "bpm_histogram_second_peak_bpm": 120,
    "bpm_histogram_second_peak_spread": 0.300000011921,
    "bpm_histogram_second_peak_weight": 0.102941177785,
    "danceability": 1.32759189606,
    "onset_rate": 3.19921851158,
    "beats_loudness_band_ratio": {
        "max": [0.78460752964, 0.472503662109, 0.928949058056, 0.857421517372, 0.593700587749, 0.353564620018],
        "mean": [0.298345774412, 0.0872270688415, 0.151723518968, 0.233911991119, 0.176654413342, 0.0854750946164],
        "min": [0.00430215988308, 0.000825688883197, 0.0137303639203, 0.0211504101753, 0.0241231601685, 0.0104781929404],
        "stdev": [0.197694018483, 0.10345903784, 0.17094142735, 0.166685968637, 0.128756478429, 0.058789934963]
    },
    "beats_position": [0.452789098024, 0.917188167572, 1.369977355, 1.83437633514, 2.29877543449, 2.76317453384, 3.23918366432, 3.7151927948, 4.20281171799, 4.7020406723, 5.20126962662, 5.70049858093, 6.19972801208, 6.6989569664, 7.19818592072, 7.6858048439, 8.17342376709, 8.67265319824, 9.14866161346, 9.62467098236, 10.1006803513, 10.5650787354, 11.0294780731, 11.4938774109, 11.9582767487, 12.4226751328, 12.8870744705, 13.3514738083, 13.8042631149, 14.2570514679, 14.7214508057, 15.1858501434, 15.6502494812, 16.114648819, 16.5790481567, 17.0434455872, 17.5078449249, 17.9722442627, 18.4366436005, 18.9010429382, 19.3538322449, 19.8066215515, 20.2710208893, 20.7354183197, 21.1998176575, 21.6642169952, 22.128616333, 22.5930156708, 23.0341949463, 23.4985942841, 23.9629936218, 24.4273910522, 24.89179039, 25.3561897278, 25.8205890656, 26.2733783722, 26.7261676788, 27.1905670166, 27.6549663544, 28.1193637848, 28.5837631226, 29.0481624603, 29.5125617981, 29.9537410736, 30.4181404114, 30.8825397491, 31.3469390869, 31.8113365173, 32.2757377625],
