{
"metadata": {
    "version": {
        "essentia": "2.1-beta5",
        "essentia_git_sha": "Undefined",
        "extractor": "music 2.0"
    },
    "audio_properties": {
        "analysis": {
            "equal_loudness": 0,
            "length": 29.9421310425,
            "sample_rate": 44100,
            "start_time": 175.240997314,
            "downmix": "mix"
        },
        "bit_rate": 192000,
        "length": 205.206359863,
        "lossless": 0,
        "number_channels": 2,
        "replay_gain": -9.33151817322,
        "sample_rate": 48000,
        "codec": "mp3",
        "md5_encoded": "15e86b6912cb293af879cb1fb04236b4"
    },
    "tags": {
        "file_name": "Iceland_If I Had Your Love_Selma.mp3",
        "encoding": ["Lavf58.29.100"]
    }
},
"lowlevel": {
    "average_loudness": 0.910605430603,
    "barkbands_crest": {
        "max": 19.727191925,
        "mean": 8.9381275177,
        "min": 2.73928499222,
        "stdev": 3.1169462204
    },
    "barkbands_flatness_db": {
        "max": 0.213184207678,
        "mean": 0.10362727195,
        "min": 0.025070656091,
        "stdev": 0.0359163247049
    },
    "barkbands_kurtosis": {
        "max": 20.851852417,
        "mean": 0.866046488285,
        "min": -1.59614920616,
        "stdev": 2.1610686779
    },
    "barkbands_skewness": {
        "max": 3.38579297066,
        "mean": 0.926113784313,
        "min": -0.950688064098,
        "stdev": 0.762199103832
    },
    "barkbands_spread": {
        "max": 65.7919235229,
        "mean": 27.6303882599,
        "min": 3.22642040253,
        "stdev": 12.1177711487
    },
    "dissonance": {
        "max": 0.500000059605,
        "mean": 0.476754456758,
        "min": 0.325378119946,
        "stdev": 0.0188980903476
    },
    "dynamic_complexity": 3.0605738163,
    "erbbands_crest": {
        "max": 27.4295101166,
        "mean": 9.11070346832,
        "min": 2.3325586319,
        "stdev": 4.20936489105
    },
    "erbbands_flatness_db": {
        "max": 0.303201943636,
        "mean": 0.160221546888,
        "min": 0.0546613335609,
        "stdev": 0.0578728504479
    },
    "erbbands_kurtosis": {
        "max": 14.2758560181,
        "mean": 1.00889921188,
        "min": -1.24484336376,
        "stdev": 2.15476298332
    },
    "erbbands_skewness": {
        "max": 3.21854662895,
        "mean": 0.442034006119,
        "min": -1.37919867039,
        "stdev": 0.648357450962
    },
    "erbbands_spread": {
        "max": 90.3954391479,
        "mean": 30.8288574219,
        "min": 6.64329862595,
        "stdev": 15.5581493378
    },
    "hfc": {
        "max": 118.899429321,
        "mean": 29.3970508575,
        "min": 4.41486190539e-05,
        "stdev": 21.3801555634
    },
    "loudness_ebu128": {
        "integrated": -13.5448207855,
        "loudness_range": 5.46906757355,
        "momentary": {
            "max": -10.078086853,
            "mean": -14.8098859787,
            "min": -36.24243927,
            "stdev": 3.89891004562
        },
        "short_term": {
            "max": -11.6574134827,
            "mean": -14.0079298019,
            "min": -21.3577480316,
            "stdev": 2.21862459183
        }
    },
    "melbands_crest": {
        "max": 31.427980423,
        "mean": 13.083480835,
        "min": 2.92326569557,
        "stdev": 5.18154573441
    },
    "melbands_flatness_db": {
        "max": 0.255780637264,
        "mean": 0.14512783289,
        "min": 0.0630423128605,
        "stdev": 0.030937127769
    },
    "melbands_kurtosis": {
        "max": 38.3812103271,
        "mean": 5.74386882782,
        "min": -1.40928065777,
        "stdev": 6.47865438461
    },
    "melbands_skewness": {
        "max": 5.88462924957,
        "mean": 1.86624538898,
        "min": -0.508737146854,
        "stdev": 1.08631563187
    },
    "melbands_spread": {
        "max": 79.3649673462,
        "mean": 31.7264270782,
        "min": 4.36763572693,
        "stdev": 14.1266088486
    },
    "pitch_salience": {
        "max": 0.853896737099,
        "mean": 0.575322985649,
        "min": 0.273056358099,
        "stdev": 0.126389309764
    },
    "silence_rate_20dB": {
        "max": 1,
        "mean": 1,
        "min": 1,
        "stdev": 0
    },
    "silence_rate_30dB": {
        "max": 1,
        "mean": 1,
        "min": 1,
        "stdev": 0
    },
    "silence_rate_60dB": {
        "max": 1,
        "mean": 0.0797831118107,
        "min": 0,
        "stdev": 0.270957797766
    },
    "spectral_centroid": {
        "max": 2848.37036133,
        "mean": 1810.83459473,
        "min": 558.620056152,
        "stdev": 368.472503662
    },
    "spectral_complexity": {
        "max": 41,
        "mean": 21.7552280426,
        "min": 0,
        "stdev": 7.02692508698
    },
    "spectral_decrease": {
        "max": -8.45085703212e-15,
        "mean": -6.40371622396e-09,
        "min": -2.12086792573e-08,
        "stdev": 4.27589297303e-09
    },
    "spectral_energy": {
        "max": 0.0898461937904,
        "mean": 0.0268355142325,
        "min": 3.58999123762e-08,
        "stdev": 0.0178618486971
    },
    "spectral_energyband_high": {
        "max": 0.00424631219357,
        "mean": 0.00106021645479,
        "min": 1.6843021422e-09,
        "stdev": 0.000775882333983
    },
    "spectral_energyband_low": {
        "max": 0.0374622233212,
        "mean": 0.00867096427828,
        "min": 1.34926639306e-10,
        "stdev": 0.00814476143569
    },
    "spectral_energyband_middle_high": {
        "max": 0.0671358257532,
        "mean": 0.0119443228468,
        "min": 1.82271442384e-08,
        "stdev": 0.0117711555213
    },
    "spectral_energyband_middle_low": {
        "max": 0.0342814810574,
        "mean": 0.00603764597327,
        "min": 1.87663715678e-08,
        "stdev": 0.00508542638272
    },
    "spectral_entropy": {
        "max": 8.49507236481,
        "mean": 7.88808012009,
        "min": 7.24884557724,
        "stdev": 0.207391306758
    },
    "spectral_flux": {
        "max": 0.234546348453,
        "mean": 0.0856824889779,
        "min": 0.00143578730058,
        "stdev": 0.0422608777881
    },
    "spectral_kurtosis": {
        "max": 13.2676391602,
        "mean": 3.3068883419,
        "min": 0.540328979492,
        "stdev": 1.16288876534
    },
    "spectral_rms": {
        "max": 0.00936241541058,
        "mean": 0.00475134048611,
        "min": 5.91813386563e-06,
        "stdev": 0.00189888256136
    },
    "spectral_rolloff": {
        "max": 6330.76171875,
        "mean": 1938.53991699,
        "min": 215.33203125,
        "stdev": 755.126586914
    },
    "spectral_skewness": {
        "max": 2.65368151665,
        "mean": 1.47439002991,
        "min": 0.803821146488,
        "stdev": 0.198762103915
    },
    "spectral_spread": {
        "max": 19587198,
        "mean": 5091816,
        "min": 3238850.5,
        "stdev": 1201137.375
    },
    "spectral_strongpeak": {
        "max": 14.1330375671,
        "mean": 1.32759022713,
        "min": 0.000443460128736,
        "stdev": 2.05615830421
    },
    "zerocrossingrate": {
        "max": 0.15478515625,
        "mean": 0.0804529413581,
        "min": 0.01318359375,
        "stdev": 0.0180676020682
    },
    "barkbands": {
        "max": [0.00570864789188, 0.0340873450041, 0.0196474045515, 0.0139458375052, 0.0216067004949, 0.0158134493977, 0.0154069345444, 0.0258752573282, 0.0169911365956, 0.0197469387203, 0.042856708169, 0.0250181872398, 0.0306708328426, 0.0517217554152, 0.00959612615407, 0.023704174906, 0.0075316131115, 0.00652031274512, 0.00771197956055, 0.00309219979681, 0.000928306253627, 0.000941775506362, 0.00166652910411, 0.000990942353383, 0.000747027865145, 0.000618555466644, 9.32140901568e-05],
        "mean": [0.000503456278238, 0.00571524910629, 0.001998571679, 0.000847016344778, 0.00123643991537, 0.000857635517605, 0.00100511894561, 0.000528474105522, 0.000873261305969, 0.00217300932854, 0.00164817809127, 0.00145204213914, 0.00145522109233, 0.0022841594182, 0.000518163025845, 0.000828744261526, 0.000648647721391, 0.000503063958604, 0.000508091296069, 0.000342838116921, 0.000139935858897, 0.000159622824867, 0.00021777812799, 0.00019140628865, 0.000125677470351, 6.48952991469e-05, 8.79002982401e-06],
        "min": [8.05270260196e-12, 4.37307516588e-11, 3.93279055155e-11, 7.18771570041e-11, 3.05284908464e-10, 7.41397221393e-10, 3.89394044786e-10, 3.86779830386e-10, 1.02434150051e-08, 1.34173072652e-08, 2.3164898888e-09, 5.34178978828e-10, 1.07977504715e-09, 1.49673928806e-09, 1.11676012882e-09, 7.11883163529e-10, 6.14683248745e-10, 3.19889142952e-10, 1.13757621378e-10, 4.19614842873e-10, 6.89265200471e-10, 2.74937045353e-10, 2.17142193115e-10, 1.08884214145e-10, 1.02742599151e-10, 4.89809130755e-11, 4.54156087737e-11],
        "stdev": [0.000873401528224, 0.00672889361158, 0.00330244097859, 0.00163303292356, 0.00218649045564, 0.00124557956588, 0.001803664607, 0.001305738464, 0.00132774852682, 0.0029570562765, 0.00313075701706, 0.00260564731434, 0.00401642126963, 0.00494625512511, 0.000807351549156, 0.00198459275998, 0.00104107882362, 0.00069132912904, 0.000588721362874, 0.000359567784471, 0.000107206455141, 0.000115002716484, 0.000189393555047, 0.000159981893376, 0.000128530140501, 9.68110034592e-05, 1.42355784192e-05]
    },
    "erbbands": {
        "max": [1.64580643177, 7.47285079956, 22.4483394623, 42.0465621948, 56.0825958252, 78.5365753174, 89.110244751, 157.129165649, 195.099121094, 345.779754639, 488.032073975, 360.285125732, 539.345153809, 894.739196777, 1276.9206543, 854.062683105, 1720.453125, 3050.29541016, 848.028686523, 865.65838623, 1307.83935547, 516.385742188, 328.581970215, 457.241882324, 144.719116211, 190.551864624, 52.8472366333, 35.384727478, 33.5741767883, 39.398525238, 42.9668731689, 29.054145813, 15.4686813354, 9.75170516968, 5.01047515869, 4.6533870697, 1.09508907795, 0.163233101368, 0.0206464212388, 0.000682432553731],
        "mean": [0.199423313141, 1.12568020821, 2.29045915604, 2.84667372704, 3.10978531837, 4.71553039551, 5.25355958939, 7.41091442108, 13.8725004196, 13.6928873062, 10.1208581924, 19.8869380951, 62.0735244751, 60.7891273499, 62.3315391541, 58.5496520996, 71.4194335938, 112.836730957, 54.8015518188, 36.4826316833, 43.9900665283, 35.5570487976, 29.7342472076, 29.6368370056, 21.2402114868, 15.7825965881, 6.9403963089, 5.35121583939, 5.58624219894, 5.99369001389, 6.25381851196, 4.71597909927, 2.78598046303, 1.50211417675, 0.868856966496, 0.390958428383, 0.0946434661746, 0.015745876357, 0.00166775973048, 6.81973615428e-05],
        "min": [1.8576251648e-09, 8.1939575125e-09, 3.62351002536e-08, 1.59767310492e-07, 4.40091042719e-07, 1.1213929838e-06, 3.09916345032e-06, 6.96843881087e-06, 7.549916063e-06, 4.63996502731e-06, 1.48524377437e-05, 0.000179892202141, 0.000520210887771, 0.000266717310296, 5.36373190698e-05, 2.07107750612e-05, 4.9135665904e-05, 6.28319758107e-05, 9.61429541348e-05, 2.47045136348e-05, 4.27474551543e-05, 3.62892969861e-05, 2.15793152165e-05, 7.60513603382e-06, 9.65344952419e-06, 2.35673105635e-05, 1.86067009054e-05, 2.75451930065e-05, 1.25993128677e-05, 5.57550947633e-06, 5.72743692828e-06, 2.1458477022e-06, 2.03469062399e-06, 1.32244338147e-06, 5.8652841517e-07, 2.27937235309e-07, 9.06000252598e-08, 2.76524332321e-08, 6.46668363302e-09, 6.8722355584e-10],
        "stdev": [0.306204527617, 1.28483021259, 3.10850119591, 4.67430830002, 6.34282016754, 8.09032344818, 8.54943466187, 10.3616104126, 21.6807937622, 27.7556152344, 20.9263095856, 28.0932044983, 85.9794082642, 80.6813812256, 116.93662262, 98.0573348999, 183.279586792, 264.384338379, 82.1286010742, 58.5656776428, 102.402305603, 55.6961631775, 43.061000824, 33.4750823975, 22.8602790833, 16.855588913, 5.25971746445, 4.12405109406, 3.99239850044, 4.76294231415, 5.45663070679, 3.93939757347, 2.46939349174, 1.46262073517, 0.937508523464, 0.593218207359, 0.143714085221, 0.0236394498497, 0.00280984980054, 7.12898254278e-05]
    },
    "gfcc": {
        "mean": [21.2538394928, 45.4591941833, -142.184020996, 15.7712888718, -62.0097351074, 24.9667263031, -36.4162902832, 13.5762081146, -25.8142223358, 0.701457738876, -13.9290838242, 3.21320843697, -12.8686170578],
        "cov": [[6275.93115234, 1045.96899414, 2669.36132812, 1391.79772949, 1523.12634277, 560.869567871, 7.86189222336, 263.020202637, 33.7296524048, 438.366607666, 463.01550293, 238.949371338, 38.0340843201], [1045.96899414, 712.868530273, 921.321594238, 514.146728516, 532.147583008, 220.640548706, 38.0352859497, 62.1354408264, 32.1045837402, 173.858734131, 195.772140503, 46.9399604797, 56.5135040283], [2669.36132812, 921.321594238, 2232.92675781, 1095.95178223, 1032.40722656, 313.525726318, -47.7673225403, 153.152984619, 67.8492050171, 359.780181885, 277.302490234, 198.629135132, 72.0123977661], [1391.79772949, 514.146728516, 1095.95178223, 671.271484375, 571.781982422, 159.385009766, -38.5942420959, 103.407485962, 65.6890258789, 182.671859741, 170.452957153, 112.200691223, 44.1944389343], [1523.12634277, 532.147583008, 1032.40722656, 571.781982422, 667.862304688, 270.224182129, 38.1967887878, 83.7777023315, 28.2768802643, 196.240982056, 203.10647583, 87.2119369507, 43.6831474304], [560.869567871, 220.640548706, 313.525726318, 159.385009766, 270.224182129, 245.497970581, 113.318771362, 16.6510257721, -9.20476055145, 91.2796096802, 109.434577942, 5.86693334579, 30.2124481201], [7.86189222336, 38.0352859497, -47.7673225403, -38.5942420959, 38.1967887878, 113.318771362, 137.584213257, 25.5203857422, -12.839343071, 19.3412208557, 36.5073814392, -22.7762908936, 15.5933971405], [263.020202637, 62.1354408264, 153.152984619, 103.407485962, 83.7777023315, 16.6510257721, 25.5203857422, 132.227371216, 85.7062225342, 28.8555088043, 30.6367149353, 37.1718521118, 20.4282035828], [33.7296524048, 32.1045837402, 67.8492050171, 65.6890258789, 28.2768802643, -9.20476055145, -12.839343071, 85.7062225342, 114.635948181, 34.424407959, 11.7743492126, 31.1402320862, 18.2504901886], [438.366607666, 173.858734131, 359.780181885, 182.671859741, 196.240982056, 91.2796096802, 19.3412208557, 28.8555088043, 34.424407959, 125.845542908, 96.8819732666, 39.2871017456, 23.6072349548], [463.01550293, 195.772140503, 277.302490234, 170.452957153, 203.10647583, 109.434577942, 36.5073814392, 30.6367149353, 11.7743492126, 96.8819732666, 144.018188477, 45.2703742981, 27.750711441], [238.949371338, 46.9399604797, 198.629135132, 112.200691223, 87.2119369507, 5.86693334579, -22.7762908936, 37.1718521118, 31.1402320862, 39.2871017456, 45.2703742981, 76.8872070312, 35.1043701172], [38.0340843201, 56.5135040283, 72.0123977661, 44.1944389343, 43.6831474304, 30.2124481201, 15.5933971405, 20.4282035828, 18.2504901886, 23.6072349548, 27.750711441, 35.1043701172, 61.1949119568]],
        "icov": [[0.000458072929177, 0.000382695754524, -0.00033810955938, 3.66874555766e-05, -0.000615095428657, -0.000383079284802, 0.000596677942667, -0.000865952693857, 0.000627826491836, 0.000242839232669, -0.000560504558962, 0.000299823877867, 0.000299761741189], [0.000382695754524, 0.00656017940491, -0.00241178157739, -0.00110900658183, -0.00202991277911, 0.00136417965405, -0.000813400722109, 0.00206787139177, -0.00320829055272, 0.0044903960079, -0.00727324746549, 0.00925011280924, -0.00514814211056], [-0.00033810955938, -0.00241178157739, 0.00487193465233, -0.00337780383416, -0.000922176288441, -0.000848391267937, 0.00124868343119, -0.00263064005412, 0.00482910871506, -0.00757827330381, 0.00724898977205, -0.00577950756997, 0.00229221279733], [3.66874555766e-05, -0.00110900658183, -0.00337780383416, 0.0120936678723, -0.00482726749033, 0.00172107690014, 0.00271923630498, -0.000749173341319, -0.00282648275606, 0.00265408493578, -0.00287032290362, -0.000200075286557, -0.000368823151803], [-0.000615095428657, -0.00202991277911, -0.000922176288441, -0.00482726749033, 0.0142450984567, -0.00839692447335, 0.00232400512323, -0.00239475094713, 0.00259820069186, -0.00129531696439, -0.000673140864819, -0.00211842637509, 0.00225782487541], [-0.000383079284802, 0.00136417965405, -0.000848391267937, 0.00172107690014, -0.00839692447335, 0.0206551589072, -0.0147438496351, 0.00952170230448, -0.00682023121044, 0.00255678920075, -0.00520786829293, 0.00570960063487, -0.00475744204596], [0.000596677942667, -0.000813400722109, 0.00124868343119, 0.00271923630498, 0.00232400512323, -0.0147438496351, 0.026418061927, -0.0170565210283, 0.0127259921283, -0.00676254602149, 0.000889440940227, 0.00516789313406, -0.00302502186969], [-0.000865952693857, 0.00206787139177, -0.00263064005412, -0.000749173341319, -0.00239475094713, 0.00952170230448, -0.0170565210283, 0.0306668896228, -0.0248054601252, 0.0137398811057, -0.00683296984062, -0.00118307291996, -0.000742560718209], [0.000627826491836, -0.00320829055272, 0.00482910871506, -0.00282648275606, 0.00259820069186, -0.00682023121044, 0.0127259921283, -0.0248054601252, 0.0330503433943, -0.0194544736296, 0.0120269302279, -0.00606014532968, 0.00115210481454], [0.000242839232669, 0.0044903960079, -0.00757827330381, 0.00265408493578, -0.00129531696439, 0.00255678920075, -0.00676254602149, 0.0137398811057, -0.0194544736296, 0.0371724292636, -0.0220996364951, 0.00851359777153, -0.00389790744521], [-0.000560504558962, -0.00727324746549, 0.00724898977205, -0.00287032290362, -0.000673140864819, -0.00520786829293, 0.000889440940227, -0.00683296984062, 0.0120269302279, -0.0220996364951, 0.0329642184079, -0.0198544226587, 0.00709313573316], [0.000299823877867, 0.00925011280924, -0.00577950756997, -0.000200075286557, -0.00211842637509, 0.00570960063487, 0.00516789313406, -0.00118307291996, -0.00606014532968, 0.00851359777153, -0.0198544226587, 0.0459419749677, -0.0228396691382], [0.000299761741189, -0.00514814211056, 0.00229221279733, -0.000368823151803, 0.00225782487541, -0.00475744204596, -0.00302502186969, -0.000742560718209, 0.00115210481454, -0.00389790744521, 0.00709313573316, -0.0228396691382, 0.031279399991]]
    },
    "melbands": {
        "max": [0.0116120083258, 0.00934101082385, 0.00619126390666, 0.00527014490217, 0.00288459495641, 0.00325061473995, 0.00265692383982, 0.0044497763738, 0.00320824235678, 0.00270051811822, 0.00284050568007, 0.00329492916353, 0.00471674511209, 0.00313190650195, 0.00449272524565, 0.00341577385552, 0.00671138102189, 0.00185156334192, 0.0010152492905, 0.00164231040981, 0.00129860662855, 0.000630316673778, 0.000503615301568, 0.0004554920597, 0.000453896616818, 0.00014245530474, 0.000120567216072, 0.000149697763845, 3.55906377081e-05, 3.55284500984e-05, 2.28211756621e-05, 1.86415800272e-05, 1.98334564629e-05, 2.57136489381e-05, 2.93436442007e-05, 1.99327350856e-05, 2.06909116969e-05, 1.28818173835e-05, 7.55275323172e-06, 9.19437388802e-06],
        "mean": [0.00167331111152, 0.00128845521249, 0.000497791857924, 0.000279170140857, 0.000190650782315, 0.000176779416506, 0.000208615398151, 0.000147101818584, 7.86572563811e-05, 0.00013297960686, 0.000320870691212, 0.00025167610147, 0.000214151485125, 0.000151929751155, 0.000148878258187, 0.000162977827131, 0.000227998345508, 0.000103481179394, 4.24573772762e-05, 5.98823753535e-05, 4.75534616271e-05, 3.88234184356e-05, 2.75221209449e-05, 2.40964436671e-05, 2.48035630648e-05, 1.54846547957e-05, 1.46756310642e-05, 9.66130301094e-06, 4.45038313046e-06, 3.33906382366e-06, 2.93620223601e-06, 3.02577541333e-06, 3.31564729095e-06, 3.35797767548e-06, 3.74241039935e-06, 3.36166340276e-06, 2.67794143838e-06, 2.07418861464e-06, 1.42049839269e-06, 1.22779113099e-06],
        "min": [1.60720100423e-11, 1.71314091385e-11, 3.48221521063e-11, 5.35323417539e-11, 9.84192033426e-11, 1.55366539079e-10, 1.05899559955e-10, 5.87137491403e-11, 1.23614826708e-10, 1.452982068e-09, 2.61393329204e-09, 1.10426634503e-09, 2.24325405473e-10, 6.98440055791e-11, 7.78210967889e-11, 9.72935343402e-11, 1.22210824793e-10, 1.72254793762e-10, 5.1650263927e-11, 3.34339535224e-11, 4.91236357147e-11, 3.0725946093e-11, 4.19825667286e-11, 7.99507335336e-12, 5.68853688113e-12, 4.22307588205e-12, 1.23356038925e-11, 1.54646018213e-11, 7.80909625159e-12, 1.93015672889e-11, 1.59841723191e-11, 9.25786270561e-12, 1.58409038924e-12, 3.84850137869e-12, 4.0908487535e-12, 1.4958148652e-12, 1.28735097669e-12, 1.42241004131e-12, 1.34053315323e-12, 1.10220567482e-12],
        "stdev": [0.00217857514508, 0.00136654637754, 0.000780196220148, 0.000518298475072, 0.000285092100967, 0.000241750531131, 0.000337996723829, 0.000306381785776, 0.000144732912304, 0.00020004309772, 0.000453424756415, 0.00033172298572, 0.00040934185381, 0.000272605451755, 0.000319009093801, 0.000482636649394, 0.000569984724279, 0.000181007271749, 7.72805797169e-05, 0.000135440248414, 0.000116403847642, 6.38827186776e-05, 4.87432807859e-05, 3.32913914463e-05, 3.13708223985e-05, 1.713700658e-05, 1.73832941073e-05, 1.10599130494e-05, 3.61460934073e-06, 3.13046371048e-06, 2.42862302002e-06, 2.19958224079e-06, 2.6337431791e-06, 2.9013447147e-06, 3.43892429555e-06, 3.00657575281e-06, 2.31931107919e-06, 1.916778956e-06, 1.31612500809e-06, 1.26455529426e-06]
    },
    "melbands128": {
        "max": [0.00524177448824, 0.015105009079, 0.0153546277434, 0.0144710782915, 0.0128904348239, 0.0103410389274, 0.0101640950888, 0.00836194306612, 0.00626754388213, 0.00655243638903, 0.00438447296619, 0.00282469112426, 0.00369757413864, 0.00268099247478, 0.00433780439198, 0.00503717549145, 0.00643205037341, 0.00477940309793, 0.00674773287028, 0.00419714488089, 0.00773069309071, 0.00898551847786, 0.00117199320812, 0.00209607393481, 0.00208697025664, 0.00583442905918, 0.0042933113873, 0.00539073254913, 0.00629212893546, 0.00444483663887, 0.0038474521134, 0.0132036991417, 0.00680825300515, 0.00955702271312, 0.00848421081901, 0.00341677502729, 0.00430447421968, 0.0079906610772, 0.00517617259175, 0.00910902954638, 0.00748652499169, 0.00721353152767, 0.0134430518374, 0.010892957449, 0.00356247788295, 0.00261068972759, 0.000804402225185, 0.00214763451368, 0.000960531411693, 0.00308896112256, 0.00265638111159, 0.00437807571143, 0.00231767073274, 0.00130688736681, 0.00138609320857, 0.00118080130778, 0.0011298856698, 0.00142179988325, 0.000791564234532, 0.000794275780208, 0.000718219554983, 0.000472099491162, 0.000377154501621, 0.000833921250887, 0.000457611866295, 0.00022597386851, 0.000184921562322, 0.000300129817333, 0.000195464584976, 0.0001869606931, 0.000275825499557, 9.79890028248e-05, 9.42035403568e-05, 5.20127687196e-05, 4.94323794555e-05, 8.08805125416e-05, 1.84252312465e-05, 5.20215689903e-05, 3.39278085448e-05, 2.17738524952e-05, 1.91586150322e-05, 2.35230381804e-05, 2.77905310213e-05, 2.94319324894e-05, 2.3976976081e-05, 4.1475843318e-05, 4.40761868958e-05, 4.39569303126e-05, 4.85588388983e-05, 1.86551242223e-05, 3.74602786906e-05, 4.00608696509e-05, 2.63467154582e-05, 3.56994460162e-05, 1.67817652255e-05, 2.16170319618e-05, 1.76537923835e-05, 1.265883202e-05, 9.30853366299e-06, 8.25478127808e-06, 1.06899369712e-05, 1.29062618726e-05, 8.88235808816e-06, 9.41855978454e-06, 6.92026833349e-06, 8.69493487698e-06, 9.60455145105e-06, 9.93658613879e-06, 9.24324103835e-06, 1.50051228047e-05, 5.75729973207e-06, 5.35592243978e-06, 5.08435277879e-06, 2.55033546637e-06, 1.85366070582e-06, 2.45880278271e-06, 1.287515488e-06, 1.21534822028e-06, 1.18720186038e-06, 1.05661797534e-06, 6.66460380216e-07, 6.56930751575e-07, 3.58218926522e-07, 2.18283773279e-08, 7.98260657575e-09, 7.76824382598e-09, 7.63502594481e-09, 7.56524087819e-09],
        "mean": [0.000474243133795, 0.00170141411945, 0.00208750856109, 0.00180839351378, 0.00126999197528, 0.0009600755875, 0.000593790027779, 0.00038918791688, 0.000285538728349, 0.000287794275209, 0.000277622457361, 0.000191171886399, 0.000171122344909, 0.00018490992079, 0.000149434286868, 0.000165002347785, 0.000264979433268, 0.000190159393242, 0.000195845816052, 0.000135829774081, 0.000150991996634, 9.64882128756e-05, 5.30251199962e-05, 7.84154253779e-05, 0.000109901950054, 0.000157138347276, 0.000185924800462, 0.00037309457548, 0.00043547237874, 0.000205132528208, 0.000224570962018, 0.000251086574281, 0.000192392864847, 0.000224766641622, 0.000155824091053, 0.000106477658846, 0.000179194481461, 0.000182021845831, 8.12163780211e-05, 0.000182467090781, 0.000200589740416, 9.83733480098e-05, 0.00024418180692, 0.000300660467474, 0.000176162167918, 5.48477473785e-05, 3.20043473039e-05, 5.17305888934e-05, 3.75326562789e-05, 4.2352174205e-05, 7.21868200344e-05, 6.89622174832e-05, 4.5323446102e-05, 4.31652770203e-05, 4.18972849729e-05, 3.96772520617e-05, 3.60342382919e-05, 2.38805532717e-05, 2.6439107387e-05, 3.08641756419e-05, 2.40184290305e-05, 1.72995351022e-05, 2.54440674325e-05, 2.87422444671e-05, 2.29111847148e-05, 1.07957894215e-05, 1.33921830638e-05, 1.89888887689e-05, 1.3742509509e-05, 1.05310809886e-05, 1.11491817734e-05, 9.15078089747e-06, 4.79539812659e-06, 3.69586427951e-06, 3.43207238984e-06, 3.83783799407e-06, 2.71525459539e-06, 3.51400353793e-06, 2.82433461507e-06, 2.65027370006e-06, 2.79556979876e-06, 3.36706193593e-06, 3.15549982588e-06, 3.40878068528e-06, 3.37501023751e-06, 2.99068710774e-06, 3.42136240761e-06, 3.90841660192e-06, 4.1967400648e-06, 2.98682971334e-06, 3.68609789803e-06, 3.40470683113e-06, 3.0827206956e-06, 2.5846184144e-06, 2.65520975518e-06, 2.00620274882e-06, 2.18801960727e-06, 1.73866419573e-06, 1.45919830175e-06, 1.17768320251e-06, 1.23250663364e-06, 1.2101138509e-06, 1.26213842577e-06, 1.25465260226e-06, 8.66577636316e-07, 8.48213915106e-07, 8.49577304507e-07, 8.44951671297e-07, 6.47183640012e-07, 6.21685785518e-07, 4.27187160312e-07, 3.50622144651e-07, 2.90792087299e-07, 1.80525631777e-07, 1.42829193805e-07, 1.23509067862e-07, 1.05405213446e-07, 9.89240334093e-08, 9.25213541336e-08, 6.1739221735e-08, 3.00028020206e-08, 9.22359522093e-09, 3.98853527983e-09, 1.0584030874e-10, 9.62317378561e-12, 9.35985663975e-12, 9.19762790236e-12, 9.11962172445e-12],
        "min": [3.98710188129e-12, 4.01254810628e-12, 1.50179348124e-11, 1.24396933726e-11, 1.41794805064e-11, 2.14922454833e-11, 3.07151526435e-11, 3.75920926332e-11, 4.26961035971e-11, 4.9910603428e-11, 6.12693784596e-11, 7.72929983905e-11, 1.00358069077e-10, 1.33838981564e-10, 1.62343138932e-10, 1.67769603765e-10, 1.46759826514e-10, 1.04752644059e-10, 4.45750589217e-11, 2.42965474129e-11, 8.59190635305e-11, 1.02379743572e-10, 6.08157690873e-11, 1.94345387006e-10, 6.31165897325e-10, 1.92366056417e-09, 3.52085161026e-09, 3.03646752187e-09, 1.56932056239e-09, 1.23474641622e-09, 1.10189057878e-09, 4.76926276249e-10, 8.06849934087e-11, 1.15013228108e-10, 1.15643203347e-10, 4.2512691284e-11, 1.79936725242e-11, 5.85711826262e-11, 1.33194261176e-10, 1.29138449934e-10, 9.20181639219e-11, 4.36373506774e-11, 1.11933594338e-10, 1.75285300164e-10, 1.44781131528e-10, 2.24071136645e-10, 1.38363986935e-10, 3.94353577571e-11, 2.32283272478e-11, 1.38597909191e-11, 2.37971881784e-11, 6.27045637636e-11, 7.90271945106e-11, 2.46702710344e-11, 2.27464089231e-11, 2.12450265713e-11, 4.830374295e-11, 6.31918059546e-11, 3.67782505839e-11, 6.82398278509e-12, 5.58828807881e-12, 7.88885970437e-12, 9.65075849096e-12, 3.07239151655e-12, 3.03727659343e-12, 2.73862941873e-12, 6.14537804325e-12, 7.65942084063e-12, 1.0565838135e-11, 2.38503401057e-11, 2.29120368511e-11, 5.31488351593e-12, 6.34359405283e-12, 1.16890733204e-11, 2.83488857389e-12, 2.70740860286e-11, 2.29875632418e-11, 6.13708606503e-12, 2.42563521352e-11, 1.10201396619e-11, 1.86674703473e-11, 2.51236683367e-12, 1.43270757671e-12, 1.79186396623e-12, 1.42023372229e-12, 2.86556759224e-12, 4.22510941164e-12, 6.40778749506e-12, 4.73402827356e-12, 1.66493923683e-12, 2.74761073268e-12, 8.04159310756e-13, 8.76086800761e-13, 1.18368693753e-12, 1.81982619078e-12, 1.27107124739e-12, 1.17581140137e-12, 1.78851519098e-12, 1.31739725465e-12, 1.31734456243e-12, 8.55455517621e-13, 1.07035756126e-12, 1.37174982744e-12, 8.14253720872e-13, 4.95273798102e-13, 5.13116621675e-13, 4.96364505487e-13, 3.78046579501e-13, 4.78219189508e-13, 2.77500732896e-13, 2.74313585085e-13, 3.81458238477e-13, 2.80322884046e-13, 2.37975980068e-13, 2.30278795164e-13, 2.1060479478e-13, 2.26754460477e-13, 1.8598490803e-13, 8.34928101049e-14, 6.82094829295e-14, 5.37029222361e-14, 7.38467514677e-14, 5.39975982222e-14, 6.42935818517e-14, 4.26646226486e-14, 1.61732335423e-14, 2.80361764552e-15, 1.23471516265e-16],
        "stdev": [0.000833676836919, 0.00296898838133, 0.00288595515303, 0.00220432155766, 0.00166519801132, 0.00165826268494, 0.00106358365156, 0.000766778714024, 0.000669571745675, 0.000634366762824, 0.000494119420182, 0.000332924246322, 0.000331612100126, 0.000338214886142, 0.000250838784268, 0.000330657087034, 0.000475266104331, 0.000393129361328, 0.000639804638922, 0.000318508362398, 0.000415692309616, 0.000358944089385, 9.39814781304e-05, 0.000144140984048, 0.000195941509446, 0.000332463067025, 0.000354054471245, 0.000650350761134, 0.00081968458835, 0.000385681400076, 0.000464831100544, 0.000666795589495, 0.000494377105497, 0.000588130671531, 0.000570940494072, 0.00026995872031, 0.000458660826553, 0.000547057017684, 0.000275936210528, 0.000784176227171, 0.000735040172003, 0.000439060677309, 0.000890889263246, 0.000853288045619, 0.000411899556639, 0.000153370652697, 6.52385642752e-05, 0.000144231278682, 8.13604638097e-05, 0.000141951473779, 0.000184868986253, 0.00027124673943, 0.000184159405762, 0.000135006339406, 0.000103173952084, 9.20395177673e-05, 9.84621947282e-05, 8.13208025647e-05, 6.72852620482e-05, 6.64507315378e-05, 5.09741730639e-05, 3.32130475726e-05, 3.47457280441e-05, 5.48638636246e-05, 3.80628298444e-05, 1.87961795746e-05, 2.27657001233e-05, 3.05915782519e-05, 2.0976867745e-05, 1.64679586305e-05, 1.86226643564e-05, 1.18184834719e-05, 6.05963305134e-06, 4.08395590057e-06, 3.73960529032e-06, 6.30625027043e-06, 2.53770372183e-06, 4.25647795055e-06, 2.96270445688e-06, 2.36469190895e-06, 2.29340139413e-06, 3.03772162624e-06, 2.8023566756e-06, 3.40452152159e-06, 3.08649305225e-06, 2.93936136586e-06, 3.56084865416e-06, 4.38950746684e-06, 4.41981455879e-06, 2.98837744594e-06, 4.13057841797e-06, 3.48216758539e-06, 2.91562969323e-06, 2.58746831605e-06, 2.53557368524e-06, 2.22402968575e-06, 2.19859794015e-06, 1.75314221451e-06, 1.49479762968e-06, 1.20371942103e-06, 1.41582916058e-06, 1.35861296258e-06, 1.40096142331e-06, 1.38319830967e-06, 9.75775037659e-07, 1.11778479095e-06, 1.14405747809e-06, 1.29493423628e-06, 1.04181958704e-06, 1.46345621488e-06, 6.53244285331e-07, 5.58035765152e-07, 5.05899549808e-07, 2.87924450504e-07, 2.34592690163e-07, 1.96720804979e-07, 1.71488252931e-07, 1.68547799717e-07, 1.58147614115e-07, 1.20304690654e-07, 6.85065941752e-08, 4.1945657614e-08, 2.15394937442e-08, 9.40025279839e-10, 2.22052848331e-10, 2.16091450289e-10, 2.12387468723e-10, 2.10446035598e-10]
    },
    "mfcc": {
        "mean": [-615.136779785, 82.9299621582, -20.7753753662, -2.96467232704, -2.73192048073, 3.1342549324, 2.76060152054, 9.76920795441, -5.09045171738, 4.41861343384, -2.52469801903, -3.1850271225, -1.60019886494],
        "cov": [[4562.96777344, 669.069763184, 1278.27844238, 987.966674805, 1238.73681641, 499.785430908, 570.747192383, 122.693061829, -23.7171592712, 186.025192261, 99.7258529663, 239.06892395, 393.532928467], [669.069763184, 517.097473145, 555.693847656, 396.546264648, 469.867004395, 241.159088135, 252.336090088, 0.736640453339, -5.1843328476, 96.8854980469, 35.3689613342, 103.350143433, 110.892234802], [1278.27844238, 555.693847656, 1155.61206055, 785.363769531, 829.12121582, 337.416046143, 279.167663574, 5.01708173752, 39.9832267761, 76.193572998, 53.8969459534, 213.293624878, 228.918914795], [987.966674805, 396.546264648, 785.363769531, 678.091125488, 663.228759766, 206.788330078, 174.526351929, 17.0595149994, 26.8140239716, 45.5795593262, 33.7854728699, 177.32762146, 190.922729492], [1238.73681641, 469.867004395, 829.12121582, 663.228759766, 792.614990234, 304.480957031, 260.976104736, 32.4714584351, 21.7114849091, 87.1958007812, 39.9390258789, 191.932800293, 224.157150269], [499.785430908, 241.159088135, 337.416046143, 206.788330078, 304.480957031, 274.979980469, 234.003173828, -10.7944316864, -22.7724666595, 72.1188201904, 28.3540763855, 33.6680488586, 68.6585235596], [570.747192383, 252.336090088, 279.167663574, 174.526351929, 260.976104736, 234.003173828, 310.075836182, 27.3842048645, -36.8157577515, 96.6692352295, 41.1979675293, 20.8199386597, 61.2227706909], [122.693061829, 0.736640453339, 5.01708173752, 17.0595149994, 32.4714584351, -10.7944316864, 27.3842048645, 81.6541976929, 40.6084899902, 25.1027565002, 6.64548683167, 15.399430275, 20.8348407745], [-23.7171592712, -5.1843328476, 39.9832267761, 26.8140239716, 21.7114849091, -22.7724666595, -36.8157577515, 40.6084899902, 101.547706604, 18.1190547943, 4.05000686646, 29.5818729401, 18.7429180145], [186.025192261, 96.8854980469, 76.193572998, 45.5795593262, 87.1958007812, 72.1188201904, 96.6692352295, 25.1027565002, 18.1190547943, 98.0606307983, 38.1569824219, 13.5772457123, 27.4240379333], [99.7258529663, 35.3689613342, 53.8969459534, 33.7854728699, 39.9390258789, 28.3540763855, 41.1979675293, 6.64548683167, 4.05000686646, 38.1569824219, 56.7371253967, 26.8073368073, 15.9762659073], [239.06892395, 103.350143433, 213.293624878, 177.32762146, 191.932800293, 33.6680488586, 20.8199386597, 15.399430275, 29.5818729401, 13.5772457123, 26.8073368073, 125.789581299, 91.0131988525], [393.532928467, 110.892234802, 228.918914795, 190.922729492, 224.157150269, 68.6585235596, 61.2227706909, 20.8348407745, 18.7429180145, 27.4240379333, 15.9762659073, 91.0131988525, 124.302047729]],
        "icov": [[0.000456001231214, 0.000220911460929, -0.000175945649971, 0.000216043685214, -0.000831898709293, 0.000445540819783, -0.000451067317044, -0.000273814075626, 0.000281814485788, 5.19980821991e-05, -0.000369673914975, 0.000652677437756, -0.000610747607425], [0.000220911460929, 0.00661190645769, -0.00128321279772, -0.000295814825222, -0.00198899861425, 0.00113135576248, -0.00343069457449, 0.00241438020021, 0.000193779167603, -0.00362955871969, 0.00274882325903, -0.00241341022775, 0.00265184929594], [-0.000175945649971, -0.00128321279772, 0.00577831268311, -0.00439222482964, -0.000600219354965, -0.00199130317196, -0.000256894156337, 0.00167233136017, -0.00250908383168, 0.0019392776303, -0.0013364298502, -0.000498486624565, 0.000322298670653], [0.000216043685214, -0.000295814825222, -0.00439222482964, 0.0138135366142, -0.00918107200414, 0.00548810744658, -0.000894140161108, 0.0011651617242, -9.11576262297e-06, 0.00244320533238, -0.00195334083401, 0.00117710873019, -0.000926494773012], [-0.000831898709293, -0.00198899861425, -0.000600219354965, -0.00918107200414, 0.016365557909, -0.00839727651328, 0.003281672718, -0.00440835347399, 0.00210236897692, -0.00271229748614, 0.00416470644996, -0.00428904918954, -0.00324979261495], [0.000445540819783, 0.00113135576248, -0.00199130317196, 0.00548810744658, -0.00839727651328, 0.0194505415857, -0.0119677716866, 0.00937862321734, -0.003358657239, 7.81838480179e-06, -0.000376199284801, 0.00352560263127, -0.000488475139719], [-0.000451067317044, -0.00343069457449, -0.000256894156337, -0.000894140161108, 0.003281672718, -0.0119677716866, 0.0173489656299, -0.0101134469733, 0.00748588517308, -0.00417971936986, -0.00236151483841, 0.00197732099332, -0.00117303302977], [-0.000273814075626, 0.00241438020021, 0.00167233136017, 0.0011651617242, -0.00440835347399, 0.00937862321734, -0.0101134469733, 0.0246566664428, -0.0110239814967, -0.00139994325582, 0.0015696772607, -0.000221619731747, -0.000607083959039], [0.000281814485788, 0.000193779167603, -0.00250908383168, -9.11576262297e-06, 0.00210236897692, -0.003358657239, 0.00748588517308, -0.0110239814967, 0.0187958646566, -0.0068559856154, 0.00246289535426, -0.00318327709101, 0.000487061624881], [5.19980821991e-05, -0.00362955871969, 0.0019392776303, 0.00244320533238, -0.00271229748614, 7.81838480179e-06, -0.00417971936986, -0.00139994325582, -0.0068559856154, 0.0249908305705, -0.0140376854688, 0.00611007260159, -0.0042199138552], [-0.000369673914975, 0.00274882325903, -0.0013364298502, -0.00195334083401, 0.00416470644996, -0.000376199284801, -0.00236151483841, 0.0015696772607, 0.00246289535426, -0.0140376854688, 0.031311262399, -0.0122921457514, 0.00547859584913], [0.000652677437756, -0.00241341022775, -0.000498486624565, 0.00117710873019, -0.00428904918954, 0.00352560263127, 0.00197732099332, -0.000221619731747, -0.00318327709101, 0.00611007260159, -0.0122921457514, 0.0264636203647, -0.0146174719557], [-0.000610747607425, 0.00265184929594, 0.000322298670653, -0.000926494773012, -0.00324979261495, -0.000488475139719, -0.00117303302977, -0.000607083959039, 0.000487061624881, -0.0042199138552, 0.00547859584913, -0.0146174719557, 0.0261082500219]]
    },
    "spectral_contrast_coeffs": {
        "max": [-0.544737994671, -0.530618607998, -0.536449790001, -0.538658082485, -0.658070623875, -0.688687443733],
        "mean": [-0.744424104691, -0.756750941277, -0.734098255634, -0.775004804134, -0.778083384037, -0.787959158421],
        "min": [-0.901695489883, -0.928991556168, -0.89968329668, -0.938291549683, -0.899908423424, -0.878517866135],
        "stdev": [0.0639799758792, 0.0614111684263, 0.0686266049743, 0.0674833655357, 0.0414532013237, 0.0286626871675]
    },
    "spectral_contrast_valleys": {
        "max": [-5.36200666428, -5.53857326508, -5.50764799118, -6.07576274872, -6.27287006378, -8.19078922272],
        "mean": [-7.41833019257, -6.90151405334, -6.89496612549, -7.13993453979, -7.18240690231, -9.42173099518],
        "min": [-13.8884496689, -12.6819572449, -12.9792871475, -12.9805984497, -13.8721637726, -15.4220342636],
        "stdev": [1.67730486393, 0.565652489662, 0.580815851688, 0.470762193203, 0.5218963027, 0.755028784275]
    }
},
"rhythm": {
    "beats_count": 68,
    "beats_loudness": {
        "max": 0.0675900653005,
        "mean": 0.0337129496038,
        "min": 0.000578826002311,
        "stdev": 0.0183818563819
    },
    "bpm": 150.110870361,
    "bpm_histogram_first_peak_bpm": 152,
    "bpm_histogram_first_peak_weight": 0.434782624245,
    "bpm_histogram_second_peak_bpm": 110,
    "bpm_histogram_second_peak_spread": 0.363636314869,
    "bpm_histogram_second_peak_weight": 0.104477614164,
    "danceability": 0.920735120773,
    "onset_rate": 3.10478758812,
    "beats_loudness_band_ratio": {
        "max": [0.823463976383, 0.159719690681, 0.501491606236, 0.68117159605, 0.438049644232, 0.236655622721],
        "mean": [0.340782046318, 0.0480418503284, 0.145600691438, 0.292146354914, 0.140396133065, 0.066553235054],
        "min": [0.000139748692163, 0.00237300177105, 0.0086514968425, 0.0228993967175, 0.0204630941153, 0.00894644297659],
        "stdev": [0.25921690464, 0.0379013158381, 0.123041898012, 0.202518939972, 0.0862989649177, 0.0395312123001]
    },
    "beats_position": [0.417959183455, 0.824308395386, 1.23065757751, 1.62539684772, 2.02013611794, 2.41487526894, 2.82122445107, 3.22757363319, 3.62231278419, 4.01705217361, 4.41179132462, 4.81814050674, 5.22448968887, 5.61922883987, 6.01396799088, 6.420317173, 6.82666635513, 7.22140598297, 7.61614513397, 8.03410434723, 8.42884349823, 8.82358264923, 9.22993183136, 9.63628101349, 10.0310201645, 10.4257593155, 10.8204984665, 11.2152376175, 11.6099767685, 12.0163259506, 12.4226751328, 12.8290243149, 13.2237634659, 13.6185035706, 14.0248527527, 14.4195919037, 14.8143310547, 15.2206802368, 15.6270294189, 16.0217685699, 16.4165077209, 16.8228569031, 17.2292060852, 17.6239452362, 18.0186843872, 18.4134235382, 18.8197727203, 19.2261219025, 19.6440811157, 20.062040329, 20.4799995422, 21.0024490356, 21.5248966217, 22.0473461151, 22.5814056396, 23.1154651642, 23.6495227814, 24.1719722748, 24.6944217682, 25.2052612305, 25.7509288788, 26.2965984344, 26.8422679901, 27.3879356384, 27.9336051941, 28.4676647186, 29.0133323669, 29.5590019226],
