{
"metadata": {
    "version": {
        "essentia": "2.1-beta5",
        "essentia_git_sha": "Undefined",
        "extractor": "music 2.0"
    },
    "audio_properties": {
        "analysis": {
            "equal_loudness": 0,
            "length": 48.7502937317,
            "sample_rate": 44100,
            "start_time": 12.7477550507,
            "downmix": "mix"
        },
        "bit_rate": 192000,
        "length": 199.064682007,
        "lossless": 0,
        "number_channels": 2,
        "replay_gain": 0.412347793579,
        "sample_rate": 48000,
        "codec": "mp3",
        "md5_encoded": "de837540c7f6155f7555ea919ea0def7"
    },
    "tags": {
        "file_name": "Russia_Nobody Hurt No One_Natalia Podolskaya.mp3",
        "encoding": ["Lavf58.29.100"]
    }
},
"lowlevel": {
    "average_loudness": 0.962519466877,
    "barkbands_crest": {
        "max": 22.947145462,
        "mean": 8.87830638885,
        "min": 2.51881790161,
        "stdev": 3.50545358658
    },
    "barkbands_flatness_db": {
        "max": 0.25900554657,
        "mean": 0.140011310577,
        "min": 0.0710381940007,
        "stdev": 0.0267099477351
    },
    "barkbands_kurtosis": {
        "max": 34.5307769775,
        "mean": 0.928981006145,
        "min": -1.89384555817,
        "stdev": 3.01877522469
    },
    "barkbands_skewness": {
        "max": 5.80435943604,
        "mean": 1.07240962982,
        "min": -1.70268118382,
        "stdev": 0.87699341774
    },
    "barkbands_spread": {
        "max": 92.604019165,
        "mean": 37.2218208313,
        "min": 7.26099586487,
        "stdev": 15.0193195343
    },
    "dissonance": {
        "max": 0.499992251396,
        "mean": 0.480322867632,
        "min": 0.281196802855,
        "stdev": 0.0189139507711
    },
    "dynamic_complexity": 1.56999742985,
    "erbbands_crest": {
        "max": 30.5349998474,
        "mean": 7.71902322769,
        "min": 2.47723722458,
        "stdev": 4.47143936157
    },
    "erbbands_flatness_db": {
        "max": 0.266571044922,
        "mean": 0.151722386479,
        "min": 0.0779165774584,
        "stdev": 0.0399529524148
    },
    "erbbands_kurtosis": {
        "max": 17.8101539612,
        "mean": -0.0581243857741,
        "min": -1.67216980457,
        "stdev": 1.44696712494
    },
    "erbbands_skewness": {
        "max": 3.90841960907,
        "mean": -0.152391910553,
        "min": -2.94953465462,
        "stdev": 0.694850564003
    },
    "erbbands_spread": {
        "max": 117.147544861,
        "mean": 47.4161376953,
        "min": 8.63474941254,
        "stdev": 17.8965148926
    },
    "hfc": {
        "max": 177.766784668,
        "mean": 35.500328064,
        "min": 1.20706796646,
        "stdev": 21.6110553741
    },
    "loudness_ebu128": {
        "integrated": -22.6235637665,
        "loudness_range": 2.59440231323,
        "momentary": {
            "max": -19.9771213531,
            "mean": -22.8210639954,
            "min": -28.8496665955,
            "stdev": 1.3847028017
        },
        "short_term": {
            "max": -21.0740184784,
            "mean": -22.6338615417,
            "min": -25.2308921814,
            "stdev": 0.826005101204
        }
    },
    "melbands_crest": {
        "max": 27.5026168823,
        "mean": 14.3012990952,
        "min": 2.66664671898,
        "stdev": 4.94459486008
    },
    "melbands_flatness_db": {
        "max": 0.307179987431,
        "mean": 0.14767177403,
        "min": 0.0146359652281,
        "stdev": 0.0453507676721
    },
    "melbands_kurtosis": {
        "max": 179.790252686,
        "mean": 10.5894870758,
        "min": -1.52358210087,
        "stdev": 12.6542196274
    },
    "melbands_skewness": {
        "max": 12.1161441803,
        "mean": 2.64569497108,
        "min": -0.339321047068,
        "stdev": 1.48137629032
    },
    "melbands_spread": {
        "max": 161.466674805,
        "mean": 36.3578071594,
        "min": 3.28455281258,
        "stdev": 18.6063079834
    },
    "pitch_salience": {
        "max": 0.829967081547,
        "mean": 0.526633560658,
        "min": 0.13357193768,
        "stdev": 0.112697571516
    },
    "silence_rate_20dB": {
        "max": 1,
        "mean": 1,
        "min": 1,
        "stdev": 0
    },
    "silence_rate_30dB": {
        "max": 1,
        "mean": 1,
        "min": 1,
        "stdev": 0
    },
    "silence_rate_60dB": {
        "max": 1,
        "mean": 0.0038077107165,
        "min": 0,
        "stdev": 0.0615875087678
    },
    "spectral_centroid": {
        "max": 4078.91821289,
        "mean": 2136.95654297,
        "min": 614.13659668,
        "stdev": 629.62890625
    },
    "spectral_complexity": {
        "max": 54,
        "mean": 28.1199436188,
        "min": 1,
        "stdev": 9.90987873077
    },
    "spectral_decrease": {
        "max": -2.37556141425e-10,
        "mean": -7.64363861094e-09,
        "min": -3.33582050871e-08,
        "stdev": 4.15686507438e-09
    },
    "spectral_energy": {
        "max": 0.129581555724,
        "mean": 0.0320688709617,
        "min": 0.00100607681088,
        "stdev": 0.0165683701634
    },
    "spectral_energyband_high": {
        "max": 0.0258094277233,
        "mean": 0.0027645684313,
        "min": 2.56816547335e-05,
        "stdev": 0.00270465505309
    },
    "spectral_energyband_low": {
        "max": 0.116183057427,
        "mean": 0.0146830938756,
        "min": 9.77006152425e-07,
        "stdev": 0.0128381326795
    },
    "spectral_energyband_middle_high": {
        "max": 0.0491630136967,
        "mean": 0.00720348954201,
        "min": 0.000374129507691,
        "stdev": 0.00581946829334
    },
    "spectral_energyband_middle_low": {
        "max": 0.0875608921051,
        "mean": 0.00872113928199,
        "min": 0.000119117816212,
        "stdev": 0.00842179264873
    },
    "spectral_entropy": {
        "max": 8.56329631805,
        "mean": 7.97206687927,
        "min": 6.8786611557,
        "stdev": 0.253983736038
    },
    "spectral_flux": {
        "max": 0.264471054077,
        "mean": 0.0896430313587,
        "min": 0.0308645553887,
        "stdev": 0.0383031032979
    },
    "spectral_kurtosis": {
        "max": 11.9049377441,
        "mean": 1.59191095829,
        "min": -1.03844070435,
        "stdev": 1.20114684105
    },
    "spectral_rms": {
        "max": 0.0112437102944,
        "mean": 0.00540171284229,
        "min": 0.00099072617013,
        "stdev": 0.00145196472295
    },
    "spectral_rolloff": {
        "max": 9969.87304688,
        "mean": 2547.83544922,
        "min": 107.666015625,
        "stdev": 1678.11376953
    },
    "spectral_skewness": {
        "max": 2.73909449577,
        "mean": 0.943403601646,
        "min": -0.107749558985,
        "stdev": 0.28908097744
    },
    "spectral_spread": {
        "max": 15364560,
        "mean": 5156924,
        "min": 2469581.75,
        "stdev": 1311471.625
    },
    "spectral_strongpeak": {
        "max": 12.864648819,
        "mean": 0.923561930656,
        "min": 0.0563464947045,
        "stdev": 1.41404390335
    },
    "zerocrossingrate": {
        "max": 0.27490234375,
        "mean": 0.0911724045873,
        "min": 0.01220703125,
        "stdev": 0.0332230776548
    },
    "barkbands": {
        "max": [0.00104707339779, 0.0711712390184, 0.0625569820404, 0.0276017822325, 0.0516473725438, 0.0442138910294, 0.0427002049983, 0.0225666817278, 0.0646005868912, 0.0390606857836, 0.0230369009078, 0.0300770718604, 0.00888956338167, 0.0229987353086, 0.0160352829844, 0.0191747937351, 0.0118533801287, 0.0102206673473, 0.0158475376666, 0.0160700473934, 0.00748251378536, 0.00768794026226, 0.00708967866376, 0.0110940830782, 0.00778030371293, 2.2627733415e-05, 3.82070624028e-07],
        "mean": [9.52544432948e-05, 0.00783451925963, 0.00570948654786, 0.00152672338299, 0.00196098396555, 0.00202968809754, 0.000837982748635, 0.000480080372654, 0.00150804186705, 0.00121281947941, 0.000742965494283, 0.00109358341433, 0.000458671565866, 0.00056837988086, 0.000454562192317, 0.000563567038625, 0.000623300962616, 0.000468188867671, 0.000801430840511, 0.00076631444972, 0.000636980927084, 0.000517495558597, 0.00048828299623, 0.000411959626945, 0.000277394166915, 2.03629980433e-07, 1.6462012864e-09],
        "min": [3.70951713791e-09, 2.0697733305e-08, 2.45784463004e-07, 7.03724140294e-07, 6.81078108755e-06, 6.6322368184e-06, 6.61166404825e-06, 4.5522315304e-06, 1.98995476239e-05, 1.38888117363e-05, 3.90927198168e-06, 5.79044854021e-06, 1.63222443916e-06, 1.05467370304e-05, 1.38109735417e-05, 2.12561167245e-06, 8.75196928973e-06, 9.94844231172e-06, 7.1689496508e-06, 1.41475584314e-05, 5.53226982447e-06, 2.54218252849e-06, 8.10144592833e-06, 1.50318498982e-06, 5.37330095085e-07, 1.38631522928e-10, 1.64676786096e-10],
        "stdev": [0.000114794835099, 0.00842272117734, 0.00603206362575, 0.00206245854497, 0.00350733753294, 0.00382766127586, 0.00241458625533, 0.0012561181793, 0.00380832399242, 0.00287993811071, 0.00169503397774, 0.0026748420205, 0.000753907777835, 0.000952132744715, 0.000878880207893, 0.00136734021362, 0.000864724686835, 0.000530690827873, 0.000837197178043, 0.00102860480547, 0.000707222206984, 0.000629518704955, 0.00062670535408, 0.000571633863728, 0.000442520191427, 1.18105674574e-06, 1.18459579923e-08]
    },
    "erbbands": {
        "max": [1.23924779892, 20.0369358063, 71.5570983887, 63.5568847656, 95.8365859985, 155.41444397, 529.755737305, 546.158813477, 583.063171387, 531.854492188, 639.522766113, 1023.76165771, 1228.21435547, 1513.58862305, 1627.40490723, 1007.05340576, 415.194091797, 469.287261963, 1046.79541016, 309.133178711, 1260.32763672, 829.750610352, 464.517822266, 1110.33044434, 438.330657959, 614.58026123, 472.063598633, 252.072570801, 250.198608398, 217.876678467, 205.194107056, 300.562103271, 111.62487793, 106.942939758, 42.8632926941, 2.42206096649, 0.0556929595768, 0.00393549352884, 0.000580233347137, 0.000184003045433],
        "mean": [0.177258521318, 1.98569965363, 6.37451934814, 6.19422531128, 5.59939432144, 5.59124517441, 13.7027950287, 15.9752922058, 13.1299324036, 8.83232212067, 13.8982048035, 33.6626243591, 40.4476051331, 34.0576477051, 42.0675239563, 38.3805770874, 22.4951038361, 25.4751682281, 31.2297611237, 21.0818824768, 34.6822052002, 33.3762207031, 28.9538993835, 36.0678787231, 35.7331161499, 37.9839706421, 28.3249034882, 24.45246315, 18.754447937, 15.0273065567, 13.60297966, 9.69833564758, 6.47821569443, 3.81412529945, 1.54061710835, 0.0921106263995, 0.00254114996642, 0.0001959453366, 4.82322357129e-05, 4.71727544209e-05],
        "min": [1.30478701976e-06, 1.00601282611e-05, 0.000257125124335, 0.00185412040446, 0.00467878347263, 0.01439364627, 0.0567559674382, 0.0534855537117, 0.090011164546, 0.186294779181, 0.22551882267, 0.666534781456, 0.997812867165, 0.539384961128, 0.850700139999, 0.76639521122, 0.12554268539, 0.444500237703, 1.08940422535, 0.861993610859, 0.155385330319, 0.54200476408, 0.575716793537, 0.249468103051, 0.549440801144, 0.774201154709, 0.265812635422, 0.206903338432, 0.067705668509, 0.115828149021, 0.258572995663, 0.0618566833436, 0.0260532796383, 0.0082453712821, 0.00301780295558, 0.000171057836269, 1.82373005373e-05, 4.21005734097e-06, 2.62009029939e-06, 3.45932676282e-06],
        "stdev": [0.177466928959, 2.23166489601, 6.81067323685, 6.55899143219, 9.50369358063, 10.2556285858, 27.0106754303, 36.8632125854, 33.3202323914, 26.238948822, 33.830329895, 71.0882415771, 94.6019515991, 71.0158157349, 120.586936951, 77.6209335327, 34.2331085205, 37.2993049622, 57.6663131714, 24.0615119934, 88.7023086548, 46.9047660828, 29.6127643585, 41.3196754456, 35.5125541687, 51.0303955078, 33.1835632324, 27.6766738892, 22.3379535675, 20.0313739777, 17.2412700653, 13.4771385193, 8.93651866913, 6.06087255478, 2.62333631516, 0.166873201728, 0.004264424555, 0.000289360323222, 4.48071805295e-05, 2.47288880928e-05]
    },
    "gfcc": {
        "mean": [34.7947463989, 78.9213409424, -139.857009888, 66.6285171509, -75.0531539917, 33.9174232483, -35.9651031494, 12.7746276855, -22.7053050995, -9.02951622009, -6.63122797012, -12.1509227753, 2.22937107086],
        "cov": [[1359.43835449, -117.110733032, 886.405822754, 320.036224365, 231.218231201, 397.451324463, -60.2643318176, 327.028900146, -82.1479949951, 263.750762939, 9.27830982208, 50.6634864807, 39.3227920532], [-117.110733032, 546.163391113, 127.460342407, 12.7965316772, 99.2053756714, -93.2395629883, 36.9736289978, 33.35181427, 42.6479034424, -33.9793586731, 67.5918807983, -17.7271442413, 68.7269592285], [886.405822754, 127.460342407, 1298.5637207, 338.991027832, 240.241378784, 391.708953857, -126.156158447, 443.423400879, -5.13868331909, 274.306762695, 20.7878112793, 82.434387207, 95.8459091187], [320.036224365, 12.7965316772, 338.991027832, 268.955657959, 150.557998657, 108.076393127, -1.27631008625, 85.1703109741, 18.8414478302, 71.0203094482, -14.8123884201, 14.5124225616, 11.6055870056], [231.218231201, 99.2053756714, 240.241378784, 150.557998657, 270.988464355, 150.363922119, 9.57401943207, 136.494720459, 8.46430587769, 65.5777664185, -5.16189956665, 14.973780632, 29.6769542694], [397.451324463, -93.2395629883, 391.708953857, 108.076393127, 150.363922119, 317.72467041, 29.3954715729, 155.91519165, -39.3071517944, 109.775291443, -0.540654659271, 18.2900733948, 5.95224189758], [-60.2643318176, 36.9736289978, -126.156158447, -1.27631008625, 9.57401943207, 29.3954715729, 147.999984741, -30.2407341003, -27.416633606, -33.4767379761, 9.20380878448, -30.4912147522, -6.360435009], [327.028900146, 33.35181427, 443.423400879, 85.1703109741, 136.494720459, 155.91519165, -30.2407341003, 287.24319458, 34.5623817444, 106.217254639, 3.06392860413, 37.1843109131, 53.940196991], [-82.1479949951, 42.6479034424, -5.13868331909, 18.8414478302, 8.46430587769, -39.3071517944, -27.416633606, 34.5623817444, 108.879669189, 1.73453903198, -9.85966110229, 5.71341609955, 5.70170974731], [263.750762939, -33.9793586731, 274.306762695, 71.0203094482, 65.5777664185, 109.775291443, -33.4767379761, 106.217254639, 1.73453903198, 153.794372559, 36.6473464966, 18.7007274628, 23.1029701233], [9.27830982208, 67.5918807983, 20.7878112793, -14.8123884201, -5.16189956665, -0.540654659271, 9.20380878448, 3.06392860413, -9.85966110229, 36.6473464966, 84.6019210815, 13.234500885, 15.6545829773], [50.6634864807, -17.7271442413, 82.434387207, 14.5124225616, 14.973780632, 18.2900733948, -30.4912147522, 37.1843109131, 5.71341609955, 18.7007274628, 13.234500885, 59.0676803589, 26.2587585449], [39.3227920532, 68.7269592285, 95.8459091187, 11.6055870056, 29.6769542694, 5.95224189758, -6.360435009, 53.940196991, 5.70170974731, 23.1029701233, 15.6545829773, 26.2587585449, 76.0612945557]],
        "icov": [[0.00214224471711, -0.00083455623826, 0.000951832975261, -0.00280875037424, 0.00172630907036, -0.0020119601395, 0.00170239608269, -0.00219858856872, 0.00284286472015, -0.00191943638492, 0.00083493674174, -0.000292444863589, 0.000360155332601], [-0.00083455623826, 0.0107137011364, -0.00952917058021, 0.00992360059172, -0.0120039321482, 0.0108627453446, -0.0086206626147, 0.00833779200912, -0.00806785281748, 0.0079655200243, -0.00916013028473, 0.0067848036997, -0.00382744218223], [0.000951832975261, -0.00952917058021, 0.013127005659, -0.0136702395976, 0.0133572667837, -0.0127662280574, 0.0116750951856, -0.0123520810157, 0.00958080682904, -0.00765144452453, 0.00678322371095, -0.0047528706491, 0.00103654107079], [-0.00280875037424, 0.00992360059172, -0.0136702395976, 0.0219114627689, -0.0174301173538, 0.0140376314521, -0.0136028090492, 0.0147019112483, -0.0128413876519, 0.00664257863536, -0.00524681387469, 0.00349089945666, -0.000673557689879], [0.00172630907036, -0.0120039321482, 0.0133572667837, -0.0174301173538, 0.0223199389875, -0.0162938833237, 0.0121750840917, -0.0142294252291, 0.0108144581318, -0.00860217306763, 0.00915461685508, -0.00579835893586, 0.00137721479405], [-0.0020119601395, 0.0108627453446, -0.0127662280574, 0.0140376314521, -0.0162938833237, 0.0211508609354, -0.014559943229, 0.00979870185256, -0.00754979113117, 0.00509019941092, -0.00626553082839, 0.0033984365873, 0.000841795059387], [0.00170239608269, -0.0086206626147, 0.0116750951856, -0.0136028090492, 0.0121750840917, -0.014559943229, 0.020700275898, -0.0108364317566, 0.010260286741, -0.0029879338108, 0.00263366289437, 0.0016996266786, -0.000912628194783], [-0.00219858856872, 0.00833779200912, -0.0123520810157, 0.0147019112483, -0.0142294252291, 0.00979870185256, -0.0108364317566, 0.0201234016567, -0.0129564199597, 0.00518944486976, -0.00460395030677, 0.0027836652007, -0.00408575451002], [0.00284286472015, -0.00806785281748, 0.00958080682904, -0.0128413876519, 0.0108144581318, -0.00754979113117, 0.010260286741, -0.0129564199597, 0.0211851056665, -0.00776596507058, 0.00750549975783, -0.00460573844612, 0.00294027384371], [-0.00191943638492, 0.0079655200243, -0.00765144452453, 0.00664257863536, -0.00860217306763, 0.00509019941092, -0.0029879338108, 0.00518944486976, -0.00776596507058, 0.021007463336, -0.0139357382432, 0.00798416137695, -0.0042358902283], [0.00083493674174, -0.00916013028473, 0.00678322371095, -0.00524681387469, 0.00915461685508, -0.00626553082839, 0.00263366289437, -0.00460395030677, 0.00750549975783, -0.0139357382432, 0.0249607432634, -0.0109187681228, 0.002804212505], [-0.000292444863589, 0.0067848036997, -0.0047528706491, 0.00349089945666, -0.00579835893586, 0.0033984365873, 0.0016996266786, 0.0027836652007, -0.00460573844612, 0.00798416137695, -0.0109187681228, 0.0295133516192, -0.0103799728677], [0.000360155332601, -0.00382744218223, 0.00103654107079, -0.000673557689879, 0.00137721479405, 0.000841795059387, -0.000912628194783, -0.00408575451002, 0.00294027384371, -0.0042358902283, 0.002804212505, -0.0103799728677, 0.0215065758675]]
    },
    "melbands": {
        "max": [0.0160229485482, 0.0296988394111, 0.0103028705344, 0.00871926546097, 0.0172816645354, 0.0105308182538, 0.00837555993348, 0.00495757767931, 0.00565566495061, 0.0088308127597, 0.0062613482587, 0.00629750732332, 0.00381957716309, 0.0034953833092, 0.00216169352643, 0.000731543346774, 0.000941314734519, 0.0022771388758, 0.000717887014616, 0.000579090032261, 0.00191104842816, 0.000862667395268, 0.000766232784372, 0.000545848277397, 0.00109268992674, 0.000338254350936, 0.000313023891067, 0.000540090200957, 0.000433251203503, 0.000294677505735, 0.000163561155205, 0.000132855464472, 0.000163836084539, 0.000134379966767, 0.000129072694108, 0.000119677541079, 0.000227023119805, 0.000100759360066, 6.73334070598e-05, 0.000122825513245],
        "mean": [0.0019386196509, 0.00301353842951, 0.00104285439011, 0.000414152920712, 0.000411555432947, 0.000359963625669, 0.000194133928744, 9.02647225303e-05, 0.000118221243611, 0.000231161044212, 0.000203912481084, 0.000139160300023, 0.000123895559227, 0.000123264821013, 7.18488372513e-05, 4.44763318228e-05, 4.78630172438e-05, 5.35818217031e-05, 2.89542986138e-05, 3.19442042382e-05, 4.33157292719e-05, 3.42641942552e-05, 3.2968710002e-05, 2.04913449124e-05, 3.04719269479e-05, 2.80853892036e-05, 2.37915119214e-05, 2.5615132472e-05, 1.79372709681e-05, 1.64002776728e-05, 1.32340537675e-05, 1.0886340533e-05, 9.44073144638e-06, 7.92712125985e-06, 8.09717494121e-06, 7.36076481189e-06, 5.28900227437e-06, 4.68685493615e-06, 3.95572669731e-06, 2.95266590911e-06],
        "min": [9.22719145535e-09, 1.32516134954e-07, 4.93188679229e-07, 7.11222241989e-07, 1.58152101903e-06, 1.22668893709e-06, 1.44125056067e-06, 1.28219687667e-06, 1.65501501215e-06, 3.10786322189e-06, 2.90370621769e-06, 1.50631001361e-06, 1.00635190847e-06, 1.41844270729e-06, 5.57228872822e-07, 1.83259061259e-07, 5.10893130468e-07, 1.38507573411e-06, 1.11709755402e-06, 2.85889115048e-07, 9.60880228718e-08, 4.89191165798e-07, 4.57001874565e-07, 4.29751821684e-07, 1.37333913131e-07, 3.40362277029e-07, 4.78986578401e-07, 4.85936311634e-07, 1.64847662631e-07, 1.55936419333e-07, 1.04082438668e-07, 3.55797773466e-08, 4.86020077517e-08, 6.13857125131e-08, 1.26158440139e-07, 9.61989670145e-08, 1.56109010163e-08, 1.62099649259e-08, 6.24841511865e-09, 2.94795343692e-09],
        "stdev": [0.00196964736097, 0.00303558842279, 0.000986565020867, 0.000803499948233, 0.000784317788202, 0.000762461277191, 0.000504895229824, 0.000263142428594, 0.000308407208649, 0.00054623367032, 0.000494054111186, 0.000316382443998, 0.000317473197356, 0.00031542518991, 0.000153296015924, 6.95697308402e-05, 7.35596986488e-05, 0.000102782629256, 5.03598857904e-05, 4.64453696623e-05, 0.000127950115711, 5.43092137377e-05, 4.37045891886e-05, 2.12909490074e-05, 3.91898138332e-05, 2.82203509414e-05, 2.67780978902e-05, 3.77070864488e-05, 2.56007697317e-05, 2.10778252949e-05, 1.51608164742e-05, 1.35911432153e-05, 1.28967612909e-05, 1.13186833914e-05, 1.11639501483e-05, 8.89926559466e-06, 8.64596222527e-06, 6.95342987456e-06, 5.55528322366e-06, 5.343009434e-06]
    },
    "melbands128": {
        "max": [0.00095036404673, 0.00777933793142, 0.0275345724076, 0.0400229617953, 0.0408247709274, 0.0254691839218, 0.0140541009605, 0.0124861262739, 0.0113785564899, 0.0144611513242, 0.00953223835677, 0.0219123642892, 0.0244751349092, 0.0197650827467, 0.0200777612627, 0.0109847327694, 0.010026909411, 0.0112913111225, 0.0147832585499, 0.0058708563447, 0.00806535501033, 0.00484321964905, 0.0109342271462, 0.0105228843167, 0.00691094296053, 0.0172418318689, 0.0189150832593, 0.00699582323432, 0.0119568081573, 0.00789634231478, 0.00942315906286, 0.00395726645365, 0.00775769120082, 0.01195241604, 0.00853170640767, 0.00293257506564, 0.00555104855448, 0.00417281128466, 0.00232562213205, 0.00214443332516, 0.00143308273982, 0.00174739630893, 0.00215703831054, 0.00182502879761, 0.00613708049059, 0.00268582138233, 0.00306157255545, 0.00153263297398, 0.000762170122471, 0.000769640610088, 0.000660236226395, 0.00181221705861, 0.0035622541327, 0.00256449752487, 0.00198849197477, 0.00127495778725, 0.00190870696679, 0.000966493971646, 0.00110629899427, 0.000656857213471, 0.000480976130348, 0.000657605647575, 0.00214666151442, 0.00102915801108, 0.000648624787573, 0.000537024752703, 0.00084900285583, 0.000383287842851, 0.000425151403761, 0.000788109377027, 0.000773518055212, 0.00114662467968, 0.00107394636143, 0.000467098871013, 0.000224858231377, 0.00047334676492, 0.000377932097763, 0.000212858009036, 0.000224284711294, 0.000298138184007, 0.000181534458534, 0.000167646998307, 0.000144076519064, 0.000230444216868, 0.000167259058799, 0.000158956565429, 0.000196662222152, 0.000261021865299, 0.000203990581213, 0.000104589831608, 0.000174807864823, 0.000139366908115, 0.000201622024179, 0.000229498546105, 0.000282834371319, 0.00014972993813, 9.01120656636e-05, 9.11391252885e-05, 7.53814456402e-05, 7.29194580344e-05, 0.000116015922686, 0.000178965725354, 0.000136881688377, 9.13753174245e-05, 4.33423520008e-05, 5.95866222284e-05, 9.44480598264e-06, 1.67902680914e-06, 2.28396856983e-09, 2.20867168998e-09, 2.16438156286e-09, 2.08755568387e-09, 2.03808436794e-09, 1.98303684584e-09, 1.93276572524e-09, 1.87954363184e-09, 1.82407966509e-09, 1.77437797788e-09, 1.73244629753e-09, 1.68686953295e-09, 1.65915603478e-09, 1.61688662459e-09, 1.59142399259e-09, 1.56529100792e-09, 1.53636325884e-09, 1.52402879205e-09, 1.51426926553e-09, 1.5056760283e-09],
        "mean": [8.6683074187e-05, 0.00104275753256, 0.00293288938701, 0.003268904984, 0.00349611695856, 0.00253876182251, 0.00132491521072, 0.000596276076976, 0.000557141203899, 0.00050661660498, 0.000225920477533, 0.000277280603768, 0.000555136473849, 0.000445209530881, 0.00040827220073, 0.000273493758868, 0.000218977205805, 0.000192342995433, 0.000158351307618, 7.77683017077e-05, 6.25529646641e-05, 9.27551809582e-05, 0.000141567594255, 0.000116302297101, 0.000175067092641, 0.000349207170075, 0.000213097431697, 0.000196489461814, 0.000175211243914, 0.000158552007633, 0.000127106744912, 9.15174314287e-05, 9.51982729021e-05, 0.000178140893695, 0.000158233684488, 7.82577189966e-05, 0.000125754289911, 6.31455841358e-05, 5.28977252543e-05, 4.13316774939e-05, 3.89337074012e-05, 5.60000808036e-05, 3.89547494706e-05, 4.4610707846e-05, 7.13825284038e-05, 4.44132674602e-05, 5.61702618143e-05, 2.47075477091e-05, 1.86647448572e-05, 2.77237777482e-05, 3.51063608832e-05, 3.36879238603e-05, 4.47449310741e-05, 4.65114862891e-05, 4.08599989896e-05, 3.19081591442e-05, 2.69728225248e-05, 4.20899959863e-05, 3.12801385007e-05, 2.45042920142e-05, 1.93581818166e-05, 1.69636223291e-05, 2.30885725614e-05, 3.84024642699e-05, 3.78034128516e-05, 2.26691190619e-05, 2.74382473435e-05, 2.39164819504e-05, 1.93010073417e-05, 2.92132135655e-05, 2.79569067061e-05, 2.23191200348e-05, 2.25321073231e-05, 1.49908164531e-05, 1.60155159392e-05, 1.66154241015e-05, 1.72342570295e-05, 1.43305251186e-05, 1.24160060295e-05, 1.27696748677e-05, 1.12948646347e-05, 1.01231225926e-05, 9.12800715014e-06, 1.06313191282e-05, 8.42643476062e-06, 7.43765031075e-06, 7.75937587605e-06, 8.57301165524e-06, 9.35060961638e-06, 5.99052145844e-06, 8.0414902186e-06, 7.92226910562e-06, 6.31840475762e-06, 4.51246887678e-06, 5.41557665201e-06, 4.89810327053e-06, 4.48926266472e-06, 4.45417981609e-06, 3.79621542379e-06, 3.96956602344e-06, 3.44068871527e-06, 2.61696936832e-06, 2.60280739894e-06, 2.24892141887e-06, 1.86319084605e-06, 1.72121690412e-06, 3.25969921278e-07, 1.1508301867e-08, 1.52081906096e-11, 1.0654229235e-11, 1.0129378239e-11, 1.03879526508e-11, 9.82715384762e-12, 9.99267075336e-12, 9.57799985157e-12, 8.81410049114e-12, 8.0046750478e-12, 7.78722919481e-12, 7.6083323669e-12, 7.39828684426e-12, 7.186176567e-12, 7.05355652358e-12, 6.94022964098e-12, 6.78147338631e-12, 6.4356193985e-12, 5.91504883268e-12, 5.62751668182e-12, 5.56118042241e-12],
        "min": [1.39537559285e-09, 5.88813497959e-10, 2.77246336999e-09, 7.3323338512e-09, 2.61720849437e-08, 1.42820965721e-07, 9.55895487209e-08, 3.25401430246e-07, 1.67419287322e-07, 8.09403459812e-08, 1.92119983922e-07, 2.85900910058e-07, 4.46955880307e-07, 5.39656241472e-07, 3.53762970917e-07, 2.25677496246e-07, 5.74089654037e-07, 2.45025404411e-07, 1.30338420945e-07, 4.83931671624e-07, 9.04510599753e-08, 6.51965876841e-07, 2.64642778802e-07, 5.23220535342e-07, 6.54309474157e-07, 9.92925492938e-07, 3.86934004837e-07, 5.15349199759e-07, 6.41658857603e-07, 8.78556193129e-07, 4.39291568455e-07, 3.70357270185e-07, 5.06833487179e-07, 6.72427859172e-07, 3.7110802964e-07, 3.70459190435e-07, 4.06416830856e-07, 1.36858119504e-07, 1.05575423959e-07, 1.48625147744e-07, 1.38452094234e-07, 3.43226332689e-07, 3.32883161036e-07, 1.37292360591e-07, 2.24743516242e-07, 5.01320357671e-07, 8.37835671064e-07, 2.51748986102e-07, 1.73962888539e-07, 2.09328604228e-07, 2.23659057497e-07, 9.84730306186e-08, 5.99992233674e-08, 8.67851213116e-08, 1.33833353289e-07, 1.67265767459e-07, 2.35104096191e-07, 2.65219824769e-07, 2.70501658406e-07, 2.50067500929e-07, 3.18328147841e-07, 2.50517047107e-07, 1.07850425479e-07, 1.63210913229e-07, 6.62110650751e-08, 2.7732454555e-07, 3.49854673232e-07, 2.85728077642e-07, 2.57167698692e-07, 2.3568649965e-07, 1.13671070778e-07, 1.44959557247e-07, 2.85177492287e-07, 1.28105966724e-07, 8.50551842291e-08, 1.50119404907e-07, 9.30574231006e-08, 8.62071729557e-08, 1.0583465837e-07, 9.32625638939e-08, 3.23330411334e-08, 1.77996444251e-08, 1.14499032478e-08, 4.89402225412e-08, 1.01205927194e-07, 2.22510347925e-08, 4.08183424838e-08, 9.45820985976e-08, 1.13420171033e-07, 7.93553383005e-08, 1.04699594772e-07, 8.93018494708e-08, 1.89679312257e-08, 7.76637509858e-09, 1.42399443348e-08, 1.17198277749e-08, 1.6923765167e-10, 2.42763564806e-09, 6.75982381182e-10, 7.29831695079e-10, 1.22324067542e-10, 7.55975726463e-10, 3.37517613858e-09, 2.1518888893e-09, 1.6325619745e-09, 4.82248740941e-10, 4.84096721043e-11, 4.96498512876e-13, 5.82779050712e-13, 5.07591744244e-13, 4.84149450131e-13, 4.07778845413e-13, 4.45351681965e-13, 4.33743996666e-13, 5.20637352674e-13, 4.79897751312e-13, 4.50486680294e-13, 5.53198220739e-13, 5.68832199226e-13, 5.03246261937e-13, 5.32591386358e-13, 4.19726888879e-13, 5.07414206138e-13, 4.45602756083e-13, 3.28046726068e-13, 1.50653686574e-13, 1.79817962685e-14, 6.2920979572e-16],
        "stdev": [0.000105832907138, 0.00119993288536, 0.00320408167318, 0.00418827682734, 0.00404564011842, 0.00263572786935, 0.00157573120669, 0.000795279862359, 0.001120692119, 0.00128098519053, 0.000477896915982, 0.00071170279989, 0.00120905472431, 0.00109779008199, 0.00119059125427, 0.000781298615038, 0.000702424906194, 0.000633136893157, 0.000632268725894, 0.000291227624984, 0.000276084494544, 0.000256073020864, 0.000468882644782, 0.00044090062147, 0.000400580087444, 0.00103105907328, 0.000954260816798, 0.000579376181122, 0.000664966995828, 0.000482864590595, 0.000374504947104, 0.000249984266702, 0.000312265008688, 0.000741777999792, 0.000685424136464, 0.000185138400411, 0.000387685809983, 0.000205246149562, 0.000131083404995, 0.000117769013741, 8.9347937319e-05, 0.000132060740725, 0.000105663137219, 8.69183859322e-05, 0.000193312691408, 0.000133984009153, 0.000153717090143, 7.80133996159e-05, 3.48382163793e-05, 5.2513427363e-05, 6.17705300101e-05, 0.000100881930848, 0.000218799308641, 0.000154254987137, 9.67698142631e-05, 7.43551863707e-05, 7.01233730069e-05, 7.02229954186e-05, 6.1646096583e-05, 3.65792002412e-05, 2.42911428359e-05, 2.34407270909e-05, 5.92218602833e-05, 5.46488045075e-05, 5.65899645153e-05, 3.30013681378e-05, 4.26138030889e-05, 3.39339931088e-05, 2.79366904579e-05, 5.39157008461e-05, 5.21415277035e-05, 4.84094889543e-05, 4.91496430186e-05, 2.61950244749e-05, 2.13377643377e-05, 2.42446949414e-05, 2.71628814517e-05, 1.82629519259e-05, 1.60584295372e-05, 1.77862984856e-05, 1.561919089e-05, 1.44331506817e-05, 1.20471522678e-05, 1.70336352312e-05, 1.39807143569e-05, 1.16922428788e-05, 1.24779635371e-05, 1.45164294736e-05, 1.45972780956e-05, 8.13330643723e-06, 1.0484224731e-05, 1.07802889033e-05, 9.88622377918e-06, 8.09536959423e-06, 1.0901535461e-05, 8.59810734255e-06, 7.16969816494e-06, 7.00450755176e-06, 5.63521689401e-06, 6.36046115687e-06, 6.7759765443e-06, 5.90586068938e-06, 5.18980641573e-06, 4.56906263935e-06, 3.29955582856e-06, 3.52430924977e-06, 6.86040664277e-07, 5.83691566192e-08, 7.21151888206e-11, 6.8248330598e-11, 6.69251737362e-11, 6.56564802526e-11, 6.38320923896e-11, 6.38018873844e-11, 6.16309295265e-11, 5.90605550577e-11, 5.65703803246e-11, 5.50302060864e-11, 5.36808826557e-11, 5.23209670034e-11, 5.14052550527e-11, 5.01253066831e-11, 4.93163045123e-11, 4.84988750549e-11, 4.76514626369e-11, 4.7263682551e-11, 4.69692479355e-11, 4.6707967355e-11]
    },
    "mfcc": {
        "mean": [-586.600097656, 78.8877410889, 3.25326681137, 25.9883174896, 1.62761926651, 10.4026098251, 6.98604440689, 10.8324651718, 0.491387099028, 4.28464078903, -4.47345924377, -1.97377109528, -4.18547725677],
        "cov": [[935.170471191, -202.001037598, 398.993896484, 87.8432388306, 252.14491272, 119.02142334, 201.203262329, -6.36299324036, 99.138961792, 60.3019332886, 70.493637085, 49.029838562, 81.0684051514], [-202.001037598, 492.0128479, 66.2386856079, 70.53175354, 77.1024703979, -90.5519714355, 27.4936161041, 6.59090805054, 14.8142547607, 19.2494468689, -33.5620994568, 12.6080636978, 34.364616394], [398.993896484, 66.2386856079, 987.387817383, 101.914260864, 437.639251709, 9.33954048157, 196.414978027, 13.0682516098, 181.66192627, 99.7525558472, 90.1078338623, 72.0053405762, 137.906402588], [87.8432388306, 70.53175354, 101.914260864, 217.922180176, 108.602813721, 16.2262363434, 16.1562824249, -0.450239539146, 54.1337623596, -3.43305253983, 4.23703289032, 41.434967041, 22.4409294128], [252.14491272, 77.1024703979, 437.639251709, 108.602813721, 441.930053711, 28.8660678864, 126.819763184, 43.476890564, 166.463806152, 65.6150665283, 59.0196647644, 63.3311843872, 114.47971344], [119.02142334, -90.5519714355, 9.33954048157, 16.2262363434, 28.8660678864, 173.976516724, 78.284614563, 10.1936721802, 7.97868204117, 3.63115215302, 29.6829338074, -1.36234641075, -10.4931783676], [201.203262329, 27.4936161041, 196.414978027, 16.1562824249, 126.819763184, 78.284614563, 246.586547852, 27.2181873322, 58.4380836487, 57.682434082, 29.7032337189, 5.09780836105, 52.1382255554], [-6.36299324036, 6.59090805054, 13.0682516098, -0.450239539146, 43.476890564, 10.1936721802, 27.2181873322, 109.296661377, 50.8530273438, 4.06449604034, 4.39363956451, -3.7334690094, 4.29642152786], [99.138961792, 14.8142547607, 181.66192627, 54.1337623596, 166.463806152, 7.97868204117, 58.4380836487, 50.8530273438, 155.949874878, 40.5440444946, 31.2006912231, 24.8929843903, 35.5562934875], [60.3019332886, 19.2494468689, 99.7525558472, -3.43305253983, 65.6150665283, 3.63115215302, 57.682434082, 4.06449604034, 40.5440444946, 90.9682006836, 33.3172340393, 1.49774169922, 24.0394878387], [70.493637085, -33.5620994568, 90.1078338623, 4.23703289032, 59.0196647644, 29.6829338074, 29.7032337189, 4.39363956451, 31.2006912231, 33.3172340393, 78.2119064331, 22.388961792, 12.006980896], [49.029838562, 12.6080636978, 72.0053405762, 41.434967041, 63.3311843872, -1.36234641075, 5.09780836105, -3.7334690094, 24.8929843903, 1.49774169922, 22.388961792, 69.7212982178, 36.1662635803], [81.0684051514, 34.364616394, 137.906402588, 22.4409294128, 114.47971344, -10.4931783676, 52.1382255554, 4.29642152786, 35.5562934875, 24.0394878387, 12.006980896, 36.1662635803, 95.1650161743]],
        "icov": [[0.00188792543486, 0.00102264806628, -0.000325189786963, -0.000579095329158, -0.000481365335872, -0.000181732684723, -0.00107256695628, 0.000484649703139, 0.000162691518199, -0.000171041567228, 7.07265571691e-05, -0.000287470407784, -0.000162235708558], [0.00102264806628, 0.00323151960038, -5.35865146958e-05, -0.00122090289369, -0.000877880083863, 0.00161377817858, -0.00131603318732, -5.87108370382e-05, 0.000890137453098, -0.000820478948299, 0.00122371129692, -0.000369338231394, 0.00014577996626], [-0.000325189786963, -5.35865146958e-05, 0.00212514097802, 2.75677157333e-05, -0.00145507697016, 0.000744321616367, -0.000683905847836, 0.000681133067701, -0.000464526528958, -4.95922467962e-05, -0.000908415298909, 8.81353334989e-05, -0.000346114335116], [-0.000579095329158, -0.00122090289369, 2.75677157333e-05, 0.0065362113528, -0.000864803034347, -0.00118875002954, 0.000692932982929, 0.000909208320081, -0.0017252775142, 0.00108360813465, 0.00129445386119, -0.00295562413521, 0.00117230322212], [-0.000481365335872, -0.000877880083863, -0.00145507697016, -0.000864803034347, 0.00703996187076, -0.00121966248844, 0.000469399208669, -0.000606650835834, -0.00386959337629, -4.49980507256e-05, -0.000978385447524, -0.000111308159831, -0.00417056679726], [-0.000181732684723, 0.00161377817858, 0.000744321616367, -0.00118875002954, -0.00121966248844, 0.00921634398401, -0.00371594028547, -0.000311314419378, 0.00133634416852, 0.00150807632599, -0.00275908620097, 0.000316059711622, 0.00265486259013], [-0.00107256695628, -0.00131603318732, -0.000683905847836, 0.000692932982929, 0.000469399208669, -0.00371594028547, 0.00789634976536, -0.00119211582933, -0.000572891032789, -0.00259340484627, 0.000559304840863, 0.00172482116614, -0.00288708228618], [0.000484649703139, -5.87108370382e-05, 0.000681133067701, 0.000909208320081, -0.000606650835834, -0.000311314419378, -0.00119211582933, 0.011924338527, -0.00487312953919, 0.00186297274195, -0.000205693475436, 0.00143844634295, 4.65412704216e-05], [0.000162691518199, 0.000890137453098, -0.000464526528958, -0.0017252775142, -0.00386959337629, 0.00133634416852, -0.000572891032789, -0.00487312953919, 0.0138378366828, -0.00309406174347, -0.000388003711123, -0.00129085825756, 0.00210708077066], [-0.000171041567228, -0.000820478948299, -4.95922467962e-05, 0.00108360813465, -4.49980507256e-05, 0.00150807632599, -0.00259340484627, 0.00186297274195, -0.00309406174347, 0.0172603484243, -0.00681211892515, 0.00402495358139, -0.00205874419771], [7.07265571691e-05, 0.00122371129692, -0.000908415298909, 0.00129445386119, -0.000978385447524, -0.00275908620097, 0.000559304840863, -0.000205693475436, -0.000388003711123, -0.00681211892515, 0.0204528775066, -0.00721674738452, 0.00311247841455], [-0.000287470407784, -0.000369338231394, 8.81353334989e-05, -0.00295562413521, -0.000111308159831, 0.000316059711622, 0.00172482116614, 0.00143844634295, -0.00129085825756, 0.00402495358139, -0.00721674738452, 0.0233875829726, -0.00840572267771], [-0.000162235708558, 0.00014577996626, -0.000346114335116, 0.00117230322212, -0.00417056679726, 0.00265486259013, -0.00288708228618, 4.65412704216e-05, 0.00210708077066, -0.00205874419771, 0.00311247841455, -0.00840572267771, 0.0202427357435]]
    },
    "spectral_contrast_coeffs": {
        "max": [-0.460267454386, -0.479753673077, -0.45560875535, -0.578451395035, -0.653804063797, -0.518134176731],
        "mean": [-0.716993093491, -0.772919774055, -0.756458759308, -0.796020627022, -0.782306790352, -0.745617687702],
        "min": [-0.938168883324, -0.935427963734, -0.889018654823, -0.884662985802, -0.873279929161, -0.849046707153],
        "stdev": [0.0675724893808, 0.0737260133028, 0.0737097039819, 0.0458516292274, 0.035769674927, 0.0667002424598]
    },
    "spectral_contrast_valleys": {
        "max": [-5.16036605835, -4.72242546082, -5.50647306442, -6.13824462891, -5.48866605759, -7.47981214523],
        "mean": [-6.5190372467, -6.72991466522, -6.98400402069, -7.18049430847, -6.75611925125, -9.18498134613],
        "min": [-10.8855438232, -8.12670326233, -8.23116493225, -9.21503162384, -8.3783082962, -11.4152441025],
        "stdev": [0.889187216759, 0.411642879248, 0.425892710686, 0.365033268929, 0.390067875385, 0.79369020462]
    }
},
"rhythm": {
    "beats_count": 91,
    "beats_loudness": {
        "max": 0.098859757185,
        "mean": 0.0338128916919,
        "min": 0.00422298116609,
        "stdev": 0.0159472916275
    },
    "bpm": 112.587738037,
    "bpm_histogram_first_peak_bpm": 112,
    "bpm_histogram_first_peak_weight": 0.311111092567,
    "bpm_histogram_second_peak_bpm": 0,
    "bpm_histogram_second_peak_spread": 0,
    "bpm_histogram_second_peak_weight": 0,
    "danceability": 1.014138937,
    "onset_rate": 3.1376953125,
    "beats_loudness_band_ratio": {
        "max": [0.90172970295, 0.676013529301, 0.410935550928, 0.575471103191, 0.370754987001, 0.577132344246],
        "mean": [0.43957850337, 0.151149407029, 0.0962678790092, 0.127252489328, 0.0867836996913, 0.169746667147],
        "min": [0.0049212705344, 0.00903472863138, 0.00896107405424, 0.00859758909792, 0.00848950818181, 0.0400090999901],
        "stdev": [0.231275498867, 0.143320694566, 0.0853405594826, 0.120614029467, 0.0778947770596, 0.0972344055772]
    },
