{
"metadata": {
    "version": {
        "essentia": "2.1-beta5",
        "essentia_git_sha": "Undefined",
        "extractor": "music 2.0"
    },
    "audio_properties": {
        "analysis": {
            "equal_loudness": 0,
            "length": 47.5196380615,
            "sample_rate": 44100,
            "start_time": 142.744674683,
            "downmix": "mix"
        },
        "bit_rate": 192000,
        "length": 190.287536621,
        "lossless": 0,
        "number_channels": 2,
        "replay_gain": 1.16114616394,
        "sample_rate": 48000,
        "codec": "mp3",
        "md5_encoded": "394337ff3093681e5ad126dba5fb7807"
    },
    "tags": {
        "file_name": "Cyprus_Ela Ela_Constantinos Christoforou.mp3",
        "encoding": ["Lavf58.29.100"]
    }
},
"lowlevel": {
    "average_loudness": 0.960799813271,
    "barkbands_crest": {
        "max": 22.1257476807,
        "mean": 8.4320192337,
        "min": 2.24808955193,
        "stdev": 3.31275486946
    },
    "barkbands_flatness_db": {
        "max": 0.245132982731,
        "mean": 0.13773535192,
        "min": 0.0419698543847,
        "stdev": 0.0320332571864
    },
    "barkbands_kurtosis": {
        "max": 26.0147285461,
        "mean": 1.16098511219,
        "min": -1.62165689468,
        "stdev": 2.29733228683
    },
    "barkbands_skewness": {
        "max": 4.60120391846,
        "mean": 1.00598013401,
        "min": -1.27936995029,
        "stdev": 0.714816510677
    },
    "barkbands_spread": {
        "max": 87.2504501343,
        "mean": 26.1720466614,
        "min": 4.9213476181,
        "stdev": 12.2329244614
    },
    "dissonance": {
        "max": 0.500000059605,
        "mean": 0.474911361933,
        "min": 0.305886179209,
        "stdev": 0.0213640909642
    },
    "dynamic_complexity": 2.22992324829,
    "erbbands_crest": {
        "max": 25.367389679,
        "mean": 8.6970205307,
        "min": 2.2508585453,
        "stdev": 4.21603155136
    },
    "erbbands_flatness_db": {
        "max": 0.311146765947,
        "mean": 0.175386026502,
        "min": 0.0900800153613,
        "stdev": 0.0495496951044
    },
    "erbbands_kurtosis": {
        "max": 11.9996509552,
        "mean": 0.523450911045,
        "min": -1.57589876652,
        "stdev": 1.57917404175
    },
    "erbbands_skewness": {
        "max": 2.67133641243,
        "mean": 0.523182630539,
        "min": -1.7953016758,
        "stdev": 0.668829977512
    },
    "erbbands_spread": {
        "max": 98.3789520264,
        "mean": 34.2712287903,
        "min": 6.54947423935,
        "stdev": 17.8257427216
    },
    "hfc": {
        "max": 114.413269043,
        "mean": 29.7395477295,
        "min": 0.0375535227358,
        "stdev": 16.9851493835
    },
    "loudness_ebu128": {
        "integrated": -23.7439785004,
        "loudness_range": 2.18908500671,
        "momentary": {
            "max": -21.1794185638,
            "mean": -24.0366096497,
            "min": -29.4807720184,
            "stdev": 1.6647080183
        },
        "short_term": {
            "max": -22.1843948364,
            "mean": -23.7283706665,
            "min": -26.1577205658,
            "stdev": 0.774067938328
        }
    },
    "melbands_crest": {
        "max": 34.4106788635,
        "mean": 13.2480373383,
        "min": 4.12860774994,
        "stdev": 5.40455150604
    },
    "melbands_flatness_db": {
        "max": 0.258225619793,
        "mean": 0.140203073621,
        "min": 0.0311150960624,
        "stdev": 0.0340756773949
    },
    "melbands_kurtosis": {
        "max": 88.9261322021,
        "mean": 6.83915376663,
        "min": -1.35474920273,
        "stdev": 8.85235786438
    },
    "melbands_skewness": {
        "max": 7.58239507675,
        "mean": 1.91428971291,
        "min": -0.880686104298,
        "stdev": 1.28753554821
    },
    "melbands_spread": {
        "max": 178.45539856,
        "mean": 29.4942913055,
        "min": 4.28241300583,
        "stdev": 13.5000696182
    },
    "pitch_salience": {
        "max": 0.941265463829,
        "mean": 0.597902238369,
        "min": 0.197214245796,
        "stdev": 0.113752603531
    },
    "silence_rate_20dB": {
        "max": 1,
        "mean": 1,
        "min": 1,
        "stdev": 0
    },
    "silence_rate_30dB": {
        "max": 1,
        "mean": 1,
        "min": 1,
        "stdev": 0
    },
    "silence_rate_60dB": {
        "max": 1,
        "mean": 0.00390625,
        "min": 0,
        "stdev": 0.0623778104782
    },
    "spectral_centroid": {
        "max": 4078.86108398,
        "mean": 1771.72229004,
        "min": 436.849609375,
        "stdev": 411.265258789
    },
    "spectral_complexity": {
        "max": 56,
        "mean": 26.2114257812,
        "min": 0,
        "stdev": 8.51094245911
    },
    "spectral_decrease": {
        "max": -6.58956960178e-12,
        "mean": -7.06679470497e-09,
        "min": -2.39525519419e-08,
        "stdev": 4.13600442783e-09
    },
    "spectral_energy": {
        "max": 0.0977789536119,
        "mean": 0.0293691717088,
        "min": 2.82766723103e-05,
        "stdev": 0.0168726723641
    },
    "spectral_energyband_high": {
        "max": 0.0113678947091,
        "mean": 0.00126027769875,
        "min": 9.10043979729e-07,
        "stdev": 0.00106739357579
    },
    "spectral_energyband_low": {
        "max": 0.0547530949116,
        "mean": 0.00774743407965,
        "min": 2.46483779165e-07,
        "stdev": 0.0082582347095
    },
    "spectral_energyband_middle_high": {
        "max": 0.0678184479475,
        "mean": 0.0115370731801,
        "min": 1.58291695698e-05,
        "stdev": 0.00967906881124
    },
    "spectral_energyband_middle_low": {
        "max": 0.0844670683146,
        "mean": 0.0101804826409,
        "min": 1.16592864288e-05,
        "stdev": 0.00989138614386
    },
    "spectral_entropy": {
        "max": 8.60192966461,
        "mean": 7.91073465347,
        "min": 7.20673274994,
        "stdev": 0.20194464922
    },
    "spectral_flux": {
        "max": 0.243213683367,
        "mean": 0.10265789181,
        "min": 0.0225096419454,
        "stdev": 0.0381734482944
    },
    "spectral_kurtosis": {
        "max": 11.6543073654,
        "mean": 2.59380435944,
        "min": -0.0900955200195,
        "stdev": 1.36029827595
    },
    "spectral_rms": {
        "max": 0.00976699031889,
        "mean": 0.00510768592358,
        "min": 0.000166093333974,
        "stdev": 0.00160135538317
    },
    "spectral_rolloff": {
        "max": 9173.14453125,
        "mean": 1873.58117676,
        "min": 64.599609375,
        "stdev": 1006.449646
    },
    "spectral_skewness": {
        "max": 2.27180528641,
        "mean": 1.28442275524,
        "min": 0.498781234026,
        "stdev": 0.284573674202
    },
    "spectral_spread": {
        "max": 7335651.5,
        "mean": 4629456,
        "min": 2820297.75,
        "stdev": 826834.375
    },
    "spectral_strongpeak": {
        "max": 9.83326053619,
        "mean": 1.19722878933,
        "min": 0,
        "stdev": 1.34321010113
    },
    "zerocrossingrate": {
        "max": 0.23828125,
        "mean": 0.0774493217468,
        "min": 0.02294921875,
        "stdev": 0.0209516696632
    },
    "barkbands": {
        "max": [0.00915344431996, 0.0283028129488, 0.0459104403853, 0.039517108351, 0.0395415499806, 0.0431281104684, 0.0431969128549, 0.0637350678444, 0.0520362481475, 0.0470455475152, 0.0322791747749, 0.0193816293031, 0.0176262687892, 0.0173553600907, 0.0152714457363, 0.00709352549165, 0.00749923288822, 0.00524072442204, 0.00399084482342, 0.0021330981981, 0.00314023136161, 0.00331684132107, 0.00348285539076, 0.00246742903255, 0.00225373380817, 4.93630159326e-06, 1.88234730558e-06],
        "mean": [0.00108200334944, 0.00436211703345, 0.00165510177612, 0.00115946505684, 0.00159903848544, 0.00136766151991, 0.00106812198646, 0.00144395628013, 0.00227978313342, 0.00377793726511, 0.00210639019497, 0.00094812765019, 0.00105918000918, 0.00104436359834, 0.00108228612226, 0.000474723172374, 0.00045619008597, 0.000461110408651, 0.000528490287252, 0.000304193439661, 0.000307362235617, 0.000255727034528, 0.000273893034318, 0.000150899038999, 0.000120997348859, 4.67069654064e-08, 2.06652606138e-09],
        "min": [1.15217180241e-09, 9.59930890332e-09, 3.62810865795e-08, 1.59131417377e-07, 6.79676020354e-07, 1.0208675576e-06, 2.16631929106e-06, 2.49250115303e-06, 4.30577483712e-06, 2.43592990046e-06, 1.46543266055e-06, 1.25825283703e-06, 2.09774634641e-06, 2.86904037239e-06, 2.56431144408e-06, 8.00234602139e-07, 5.56735244572e-07, 1.90977380043e-06, 2.00448752707e-07, 1.47480761825e-07, 3.36459123673e-07, 4.49825307669e-07, 2.86415637873e-08, 2.93238908711e-08, 1.75219021514e-08, 1.73971115291e-10, 1.29604924015e-10],
        "stdev": [0.00174917920958, 0.00525701232255, 0.00295340945013, 0.00234574591741, 0.00275540910661, 0.00296895438805, 0.00269857724197, 0.00353750050999, 0.00402201665565, 0.00521019846201, 0.00347196497023, 0.00154765904881, 0.00166009517852, 0.00159660051577, 0.00137929059565, 0.00066283257911, 0.000560995249543, 0.000500904279761, 0.000448720325949, 0.000261871522525, 0.000285654037725, 0.000254168437095, 0.000295125500998, 0.000164065218996, 0.000140379997902, 1.94136717369e-07, 4.15808401044e-08]
    },
    "erbbands": {
        "max": [1.32346105576, 7.06558656693, 40.1196098328, 84.7703781128, 122.003234863, 153.358413696, 292.276611328, 326.437133789, 512.54309082, 630.355957031, 1799.73535156, 1467.11828613, 1161.66162109, 1730.5489502, 1089.09802246, 870.317077637, 742.809020996, 806.678894043, 762.198364258, 551.826293945, 440.353027344, 281.960968018, 349.141784668, 214.519287109, 182.135314941, 130.457687378, 114.094810486, 126.243019104, 132.748779297, 84.830368042, 87.2981033325, 60.7351341248, 43.73179245, 39.1670570374, 9.83065509796, 0.473832726479, 0.0131693473086, 0.00131196517032, 0.000279401458101, 0.000137047623866],
        "mean": [0.207369551063, 0.660293102264, 1.79477822781, 3.36368632317, 4.21291732788, 5.36161184311, 8.36224937439, 10.8878793716, 15.0947284698, 18.1103782654, 38.388217926, 50.174495697, 102.034187317, 128.16696167, 55.180606842, 40.6388015747, 45.8702049255, 58.2260055542, 51.4307136536, 46.1317596436, 26.4175357819, 25.1255817413, 25.5543231964, 29.4846286774, 20.6714572906, 14.8743114471, 13.3864850998, 11.1485691071, 9.74499416351, 6.1809296608, 7.49187326431, 4.87999773026, 2.21389389038, 1.66758167744, 0.676674425602, 0.0406669266522, 0.00112933514174, 8.93719043233e-05, 2.97362621495e-05, 3.89887536585e-05],
        "min": [7.52345670207e-07, 1.01204977909e-05, 7.88625475252e-05, 0.000342654151609, 0.00120715808589, 0.00287288776599, 0.00454449653625, 0.0100614931434, 0.0248127244413, 0.0444298535585, 0.0573124736547, 0.0966020151973, 0.0876202434301, 0.0759570673108, 0.0636038482189, 0.0496858507395, 0.0934132859111, 0.141968950629, 0.109795749187, 0.141740441322, 0.0248908083886, 0.0457132384181, 0.116473704576, 0.0127617241815, 0.00989920273423, 0.00784123688936, 0.00969517696649, 0.0194517876953, 0.0169592667371, 0.00168436893728, 0.000845146016218, 0.000583159853704, 0.000457075308077, 0.000235054831137, 0.000124460479128, 1.80631523108e-05, 5.66305197935e-06, 6.8929250574e-07, 4.85811106898e-08, 3.85012377535e-08],
        "stdev": [0.281569451094, 0.887966275215, 3.03216171265, 6.01457595825, 7.85593986511, 10.8758192062, 19.6137275696, 23.7668132782, 35.2826499939, 44.3034858704, 96.9322357178, 88.8253326416, 144.041793823, 191.54699707, 77.8874053955, 61.8623504639, 67.7923278809, 83.2496643066, 64.1854934692, 55.7343864441, 35.9552268982, 28.1324005127, 29.3069210052, 24.6030483246, 17.8682918549, 12.7645015717, 12.2964830399, 10.8543195724, 9.51953411102, 5.87205076218, 7.55907249451, 5.4812874794, 2.71500086784, 2.08268475533, 0.745799124241, 0.0441389046609, 0.00116589746904, 9.004126332e-05, 1.96037526621e-05, 2.16019361687e-05]
    },
    "gfcc": {
        "mean": [22.6803150177, 78.1688537598, -159.926055908, 39.9927635193, -80.6223983765, 35.1001358032, -37.1262359619, 16.5553436279, -20.26861763, -6.22174263, -8.45652198792, -12.001326561, 3.88291168213],
        "cov": [[1899.41955566, 585.186950684, 874.721923828, 560.833129883, 269.032958984, 132.822357178, -22.3255367279, 75.6361999512, 42.4864654541, 173.494033813, 72.5344543457, 40.4392356873, 44.9194374084], [585.186950684, 533.272644043, 592.662658691, 360.141265869, 231.256210327, 119.855567932, 43.3909988403, 38.7475738525, 51.7230377197, 86.3539810181, 66.114112854, 14.2640972137, 38.5830688477], [874.721923828, 592.662658691, 1317.34765625, 909.381896973, 331.505859375, 190.193191528, -29.3804187775, 49.7661628723, 29.3835277557, 188.012390137, 54.167049408, 57.8894233704, 33.7592773438], [560.833129883, 360.141265869, 909.381896973, 749.750549316, 246.897171021, 119.491516113, -28.8445987701, 19.1599121094, 29.3607635498, 109.754249573, 31.1454677582, 42.4609565735, 30.305267334], [269.032958984, 231.256210327, 331.505859375, 246.897171021, 227.16645813, 143.836227417, 61.6378059387, 46.7561836243, 16.1885986328, 60.2636489868, 45.911529541, 27.7929706573, 31.1628646851], [132.822357178, 119.855567932, 190.193191528, 119.491516113, 143.836227417, 198.874710083, 125.554924011, 21.0710773468, -20.6646347046, 31.0490074158, 44.2195167542, 17.1366786957, 14.2619943619], [-22.3255367279, 43.3909988403, -29.3804187775, -28.8445987701, 61.6378059387, 125.554924011, 154.986358643, 33.0943450928, -12.8959264755, -6.03980827332, 33.0205497742, 3.87863469124, 10.4209060669], [75.6361999512, 38.7475738525, 49.7661628723, 19.1599121094, 46.7561836243, 21.0710773468, 33.0943450928, 81.0785903931, 47.8374900818, 28.5788497925, 7.76390028, 10.7572698593, 14.6576662064], [42.4864654541, 51.7230377197, 29.3835277557, 29.3607635498, 16.1885986328, -20.6646347046, -12.8959264755, 47.8374900818, 98.1151046753, 34.1096076965, 6.7188410759, 0.0157753787935, 17.1392230988], [173.494033813, 86.3539810181, 188.012390137, 109.754249573, 60.2636489868, 31.0490074158, -6.03980827332, 28.5788497925, 34.1096076965, 101.160423279, 44.1179161072, 24.5106372833, 14.0315361023], [72.5344543457, 66.114112854, 54.167049408, 31.1454677582, 45.911529541, 44.2195167542, 33.0205497742, 7.76390028, 6.7188410759, 44.1179161072, 83.2004394531, 32.582069397, 11.816485405], [40.4392356873, 14.2640972137, 57.8894233704, 42.4609565735, 27.7929706573, 17.1366786957, 3.87863469124, 10.7572698593, 0.0157753787935, 24.5106372833, 32.582069397, 55.2210540771, 27.5738677979], [44.9194374084, 38.5830688477, 33.7592773438, 30.305267334, 31.1628646851, 14.2619943619, 10.4209060669, 14.6576662064, 17.1392230988, 14.0315361023, 11.816485405, 27.5738677979, 56.5787315369]],
        "icov": [[0.000998392817564, -0.00163705775049, 0.000932695867959, -0.00107886793558, 0.00132692384068, -0.00143584050238, 0.00168050243519, -0.00207995111123, 0.00158877437934, -0.00119871483184, 0.000306963105686, -2.61693712673e-05, -2.98769591609e-05], [-0.00163705775049, 0.0147402472794, -0.0135478693992, 0.011647359468, -0.0142359733582, 0.0132378302515, -0.0118173453957, 0.0140060279518, -0.0115219168365, 0.00855411402881, -0.00708073936403, 0.00619002757594, -0.00402403715998], [0.000932695867959, -0.0135478693992, 0.019697509706, -0.018234487623, 0.0142523329705, -0.0159381255507, 0.0140033168718, -0.016447423026, 0.0134267155081, -0.0120221506804, 0.00709369592369, -0.00471501192078, 0.00409205676988], [-0.00107886793558, 0.011647359468, -0.018234487623, 0.0198730118573, -0.0154106626287, 0.0139674404636, -0.0115533256903, 0.0167258810252, -0.0130003457889, 0.00988240446895, -0.00443931296468, 0.00219881394878, -0.00274580460973], [0.00132692384068, -0.0142359733582, 0.0142523329705, -0.0154106626287, 0.0293060671538, -0.0238846503198, 0.0165630523115, -0.0215881112963, 0.0126590114087, -0.00770804937929, 0.00279690767638, -0.00274188583717, -0.000344746717019], [-0.00143584050238, 0.0132378302515, -0.0159381255507, 0.0139674404636, -0.0238846503198, 0.0374858230352, -0.0297394320369, 0.0219677463174, -0.00982140470296, 0.00485381158069, -0.00364412157796, 0.00226477207616, -0.000937487755436], [0.00168050243519, -0.0118173453957, 0.0140033168718, -0.0115533256903, 0.0165630523115, -0.0297394320369, 0.0350990518928, -0.0252478122711, 0.0136610697955, -0.00158190610819, -0.00277798064053, 0.00236288830638, -0.00131008611061], [-0.00207995111123, 0.0140060279518, -0.016447423026, 0.0167258810252, -0.0215881112963, 0.0219677463174, -0.0252478122711, 0.0442061834037, -0.0250584054738, 0.00446415646002, 0.00249361968599, -0.00420882552862, 0.000520071887877], [0.00158877437934, -0.0115219168365, 0.0134267155081, -0.0130003457889, 0.0126590114087, -0.00982140470296, 0.0136610697955, -0.0250584054738, 0.0298916902393, -0.0117289396003, 0.00166270555928, 0.00433607865125, -0.00357995857485], [-0.00119871483184, 0.00855411402881, -0.0120221506804, 0.00988240446895, -0.00770804937929, 0.00485381158069, -0.00158190610819, 0.00446415646002, -0.0117289396003, 0.0278950985521, -0.0142273176461, 0.00253988313489, -0.00247621606104], [0.000306963105686, -0.00708073936403, 0.00709369592369, -0.00443931296468, 0.00279690767638, -0.00364412157796, -0.00277798064053, 0.00249361968599, 0.00166270555928, -0.0142273176461, 0.0288591571152, -0.0174265876412, 0.00746418396011], [-2.61693712673e-05, 0.00619002757594, -0.00471501192078, 0.00219881394878, -0.00274188583717, 0.00226477207616, 0.00236288830638, -0.00420882552862, 0.00433607865125, 0.00253988313489, -0.0174265876412, 0.0395213402808, -0.0185351055115], [-2.98769591609e-05, -0.00402403715998, 0.00409205676988, -0.00274580460973, -0.000344746717019, -0.000937487755436, -0.00131008611061, 0.000520071887877, -0.00357995857485, -0.00247621606104, 0.00746418396011, -0.0185351055115, 0.0291770268232]]
    },
    "melbands": {
        "max": [0.00945267174393, 0.0144526651129, 0.0135671626776, 0.00869629438967, 0.00860024988651, 0.00754030141979, 0.00682595279068, 0.00588935799897, 0.0146611705422, 0.00882323738188, 0.00590891344473, 0.00736347585917, 0.004618386738, 0.00264445738867, 0.00207758299075, 0.00156204192899, 0.00170298560988, 0.0017116824165, 0.00170004332904, 0.000638688681647, 0.000621066312306, 0.000342952233041, 0.000297329650493, 0.000330397102516, 0.000206243537832, 0.000146887177834, 0.000109743035864, 9.03671243577e-05, 7.33697088435e-05, 7.3035225796e-05, 8.62976376084e-05, 0.000100450328318, 6.42270388198e-05, 4.58124704892e-05, 4.66431520181e-05, 0.000101206031104, 3.40897022397e-05, 2.8429336453e-05, 2.70406781055e-05, 3.95136266889e-05],
        "mean": [0.00151192466728, 0.000901203369722, 0.000586311158258, 0.000340008817147, 0.000278379680822, 0.000257134903222, 0.00023089221213, 0.000207051329198, 0.000324691383867, 0.000329822680214, 0.000510270474479, 0.000522453803569, 0.000224192859605, 0.000112180081487, 8.89979855856e-05, 0.000115103990538, 0.000107006999315, 7.8163058788e-05, 8.71212905622e-05, 3.96393370465e-05, 2.91525557259e-05, 2.66469269263e-05, 2.42737696681e-05, 2.06140666705e-05, 2.4900517019e-05, 1.72266463778e-05, 1.16659757623e-05, 9.32337934501e-06, 8.4981065811e-06, 7.29586599846e-06, 6.49901949146e-06, 6.05977857049e-06, 3.98206839236e-06, 3.12924657919e-06, 3.9041965465e-06, 5.16536829309e-06, 2.21277241508e-06, 1.55000100222e-06, 1.34057574996e-06, 1.47921275584e-06],
        "min": [4.10191303146e-09, 3.611059185e-08, 8.17991434587e-08, 1.4660729164e-07, 1.56813399599e-07, 2.28344390507e-07, 3.98548394287e-07, 5.08366611029e-07, 4.71894850307e-07, 6.394278671e-07, 4.2959013058e-07, 3.07685581902e-07, 2.0453705929e-07, 1.4907482182e-07, 1.65535155361e-07, 2.19001350388e-07, 2.72289582881e-07, 1.71888686396e-07, 2.1786746629e-07, 1.14151561093e-07, 1.27719328447e-08, 1.94606766257e-08, 1.64635437727e-07, 3.87908052346e-08, 6.98291735546e-09, 8.43418845875e-09, 5.86687898263e-09, 4.31570823523e-09, 4.88947016208e-09, 8.37944202914e-09, 1.34856374956e-08, 1.38763684987e-08, 1.667943339e-09, 4.26677221332e-10, 4.28754032278e-10, 4.9093923371e-10, 3.13668729879e-10, 3.63571645012e-10, 2.2195104088e-10, 2.01140340494e-10],
        "stdev": [0.00190225150436, 0.00128842145205, 0.000976941431873, 0.000594290555455, 0.000605907465797, 0.000554078316782, 0.000531689729542, 0.000485057331389, 0.000840048363898, 0.000593896547798, 0.000741349824239, 0.00078457093332, 0.000337094883434, 0.000178842747118, 0.000149287137901, 0.000185658820556, 0.000166420883033, 0.000112008499855, 0.000121042918181, 5.12825572514e-05, 4.43958269898e-05, 3.3116510167e-05, 2.69271968136e-05, 2.53324542427e-05, 2.27513937716e-05, 1.4602534975e-05, 1.16740175145e-05, 8.48601484904e-06, 8.36955678096e-06, 7.22097320249e-06, 7.15643272997e-06, 6.15787803326e-06, 4.2446495172e-06, 3.10587688546e-06, 3.6941100916e-06, 7.52509367885e-06, 2.33983882936e-06, 2.01877287509e-06, 1.71827139184e-06, 1.91653384718e-06]
    },
    "melbands128": {
        "max": [0.00821066182107, 0.0143091119826, 0.0117456205189, 0.0141904596239, 0.0197088755667, 0.0228814166039, 0.0206739176065, 0.0247250273824, 0.0121816061437, 0.011469877325, 0.0099804578349, 0.00849766097963, 0.0125941401348, 0.0168311763555, 0.00955535471439, 0.013759416528, 0.0132595626637, 0.0111222742125, 0.0184613075107, 0.0116400383413, 0.00833460781723, 0.01178846322, 0.026650570333, 0.0194516573101, 0.017378134653, 0.0206442512572, 0.0127250291407, 0.0117185236886, 0.0141709642485, 0.0109379170462, 0.0106685869396, 0.00933723337948, 0.00730896741152, 0.00504033453763, 0.00560371391475, 0.00218278658576, 0.00478468928486, 0.00346868298948, 0.005260983482, 0.00241437880322, 0.00313620152883, 0.00280145485885, 0.00195065012667, 0.00434175692499, 0.00441955495626, 0.00266982079484, 0.00191380525939, 0.00358996144496, 0.00194182549603, 0.00112028932199, 0.000943424238358, 0.0011213576654, 0.00075437274063, 0.00121411599685, 0.00109961861745, 0.000508711324073, 0.000391562411096, 0.000515779305715, 0.000553919700906, 0.000644384883344, 0.000492925813887, 0.000220027868636, 0.000330384034896, 0.000458964903373, 0.000269980169833, 0.000207785298699, 0.000160748386406, 0.000253982259892, 0.000118023315736, 0.000268574076472, 0.000141198979691, 0.000163405042258, 0.000104288003058, 0.000106183259049, 0.000135716400109, 8.01353817224e-05, 0.000128619256429, 7.75751686888e-05, 0.000113766313007, 0.000123417179566, 0.000155177855049, 6.28386696917e-05, 8.08266267995e-05, 0.000105188999441, 6.2319857534e-05, 5.80729611102e-05, 3.52317474608e-05, 5.23048402101e-05, 5.25537434442e-05, 5.91813804931e-05, 0.000109612701635, 0.000181742478162, 2.85624537355e-05, 4.55361805507e-05, 4.13388370362e-05, 3.13303207804e-05, 3.10067043756e-05, 5.29643948539e-05, 2.16893076868e-05, 3.00437604892e-05, 3.44214349752e-05, 6.35149262962e-05, 3.50453046849e-05, 2.6605965104e-05, 1.13488649731e-05, 8.66653317644e-06, 3.67870757145e-06, 2.13114844883e-07, 2.15683151339e-08, 1.71493699241e-08, 1.46694612013e-08, 1.30426887068e-08, 1.19448291258e-08, 1.11530811253e-08, 1.04683772761e-08, 9.85071313409e-09, 9.47022193998e-09, 9.06068997608e-09, 8.71660077451e-09, 8.37145552879e-09, 8.08429945209e-09, 7.82753861728e-09, 7.68804664375e-09, 7.49806527978e-09, 7.38633110231e-09, 7.31003035881e-09, 7.22318471702e-09, 7.1764478804e-09],
        "mean": [0.000989573309198, 0.00207588844933, 0.00143744691741, 0.000995030277409, 0.000922306149732, 0.000787222001236, 0.00073773303302, 0.000486712000566, 0.000426242942922, 0.000342438550433, 0.00028781578294, 0.000258237269009, 0.000310858828016, 0.000261604378466, 0.0002048049937, 0.000296769780107, 0.000286017195322, 0.000187226760318, 0.000214198589674, 0.00018321328389, 0.000205896867556, 0.000269360782113, 0.000420184311224, 0.000265057635261, 0.000264022673946, 0.000368465814972, 0.00043867068598, 0.000609431474004, 0.000473362160847, 0.000477398367366, 0.000647596840281, 0.000400374672608, 0.000153217595653, 0.00014430860756, 0.000101160614577, 0.000109343942313, 0.00011941169214, 7.77996974648e-05, 7.81467388151e-05, 9.69793254626e-05, 0.00013967785344, 0.000115675036795, 9.98400355456e-05, 0.000120905395306, 7.39742390579e-05, 6.64494000375e-05, 8.00405832706e-05, 0.000111398694571, 8.07553806226e-05, 4.46480589744e-05, 3.64894949598e-05, 3.12000702252e-05, 2.83685876639e-05, 2.74604153674e-05, 3.26494155161e-05, 2.65903654508e-05, 2.14524407056e-05, 2.36563319049e-05, 2.56528364844e-05, 2.55232007476e-05, 1.83441952686e-05, 1.69459690369e-05, 2.63217734755e-05, 2.78125698969e-05, 2.38987486227e-05, 1.46705679072e-05, 1.52262146003e-05, 1.40703623401e-05, 8.93612013897e-06, 1.14918011604e-05, 8.67342441779e-06, 9.64423816185e-06, 8.12304006104e-06, 8.58904513734e-06, 7.66959874454e-06, 9.11162624107e-06, 6.32472028883e-06, 4.65034781882e-06, 7.158230801e-06, 7.58001760914e-06, 6.45612499284e-06, 5.4562360674e-06, 4.67659128844e-06, 3.89466595152e-06, 3.31548949362e-06, 3.30123384629e-06, 2.86696399598e-06, 3.15724628308e-06, 4.18896843257e-06, 3.7628985865e-06, 6.3650145421e-06, 5.97063990426e-06, 2.25038456847e-06, 2.1649482278e-06, 2.19199523599e-06, 1.56095518378e-06, 1.52454356339e-06, 1.25931160255e-06, 1.40958024986e-06, 1.32085108362e-06, 1.3128997125e-06, 1.75211368969e-06, 1.38900929869e-06, 8.89969840046e-07, 7.89893078945e-07, 6.90832052896e-07, 1.80046228593e-07, 3.13132986207e-09, 2.03904879092e-11, 1.55644663824e-11, 1.40718157612e-11, 1.32527313776e-11, 1.2306913301e-11, 1.19312172989e-11, 1.12022743512e-11, 1.05551426974e-11, 1.01821268431e-11, 9.84938953313e-12, 9.58491966352e-12, 9.28861414867e-12, 8.99114810382e-12, 8.78149549605e-12, 8.66931873511e-12, 8.471157803e-12, 8.04703959717e-12, 7.42465724318e-12, 7.06558249408e-12, 6.98294113505e-12],
        "min": [2.31947211438e-10, 1.09950848426e-09, 1.86033788374e-09, 2.17133644398e-09, 1.73314287366e-08, 1.71939156246e-08, 6.21462419303e-08, 8.67586251729e-08, 9.86244970136e-08, 4.7942251058e-08, 1.31320689434e-07, 9.50219387619e-08, 6.25235117013e-08, 1.53529327918e-07, 1.98385635031e-07, 1.492126529e-07, 3.56086758302e-07, 4.13667322618e-07, 4.21311597165e-07, 5.09076699018e-07, 4.3243409209e-07, 5.03285036757e-07, 3.91042078718e-07, 4.63194112399e-07, 6.24365043222e-07, 5.76135789743e-07, 6.0508301658e-07, 3.63449260021e-07, 3.00398511399e-07, 3.62078793614e-07, 3.18433279745e-07, 1.89808801565e-07, 1.75306084316e-07, 2.38617388959e-07, 2.02502917546e-07, 9.99390294965e-08, 9.21544724974e-08, 1.64211968467e-07, 2.14148386135e-07, 2.08934707757e-07, 1.97041742922e-07, 2.67254222308e-07, 2.95889293511e-07, 2.67027616019e-07, 2.32108376963e-07, 1.34818179731e-07, 1.04874125384e-07, 2.15806409187e-07, 2.82113177263e-07, 2.0845192239e-07, 8.6895411755e-08, 2.08149000258e-08, 1.8290821302e-08, 4.2587027238e-09, 1.06895097218e-08, 1.65776814498e-08, 1.28867405635e-08, 1.39849205993e-07, 2.84442194243e-07, 9.91226585256e-08, 4.45689529727e-09, 2.69990074742e-09, 8.20984613625e-09, 8.96640894865e-09, 3.25870486151e-09, 1.31951729543e-08, 7.50942952266e-09, 3.28037885744e-09, 5.67531799334e-09, 9.12905750994e-09, 4.52954163066e-09, 2.00565697384e-09, 2.18594031764e-09, 8.0174356043e-09, 4.21762891278e-09, 7.39672811889e-09, 1.17642962039e-08, 7.18480963613e-09, 9.7945127564e-09, 2.36774528872e-08, 2.41259741074e-08, 4.30300151066e-09, 2.97680569084e-09, 1.7431245336e-09, 4.18304807459e-10, 5.27733690081e-10, 3.23975679617e-10, 4.06306127632e-10, 3.48199885591e-10, 4.62458876749e-10, 7.90964960196e-10, 3.3390532006e-10, 3.78575754079e-10, 2.77403766624e-10, 1.75389869295e-10, 6.52360554465e-10, 2.50501897003e-10, 2.48994047602e-10, 3.61240787283e-10, 6.48632952904e-11, 1.71939795734e-10, 2.3070219346e-10, 2.50632958831e-10, 2.02270616922e-10, 1.30548391541e-10, 1.27855379062e-10, 2.43760723412e-11, 1.19947747481e-12, 7.17894114381e-13, 6.08727857617e-13, 5.74614086781e-13, 4.01946677981e-13, 5.90965536056e-13, 6.38350158323e-13, 5.32039581662e-13, 4.85424634517e-13, 6.17909694765e-13, 5.99448117013e-13, 5.6301529194e-13, 5.97700979422e-13, 4.427192933e-13, 5.43874244686e-13, 4.45624331706e-13, 4.3846962736e-13, 4.2070565239e-13, 1.46284744843e-13, 1.96929502057e-14, 8.35993778611e-16],
        "stdev": [0.0015894084936, 0.00296872900799, 0.00198016432114, 0.00151700724382, 0.00166430894751, 0.00142547208816, 0.00141157745384, 0.00105801224709, 0.000921030470636, 0.000684749567881, 0.000726544298232, 0.000657354830764, 0.000787609780673, 0.000853081175592, 0.000562024884857, 0.000771898776293, 0.000837476807646, 0.00058617600007, 0.000814820174128, 0.0006150152185, 0.000668492226396, 0.000785347947385, 0.00144251424354, 0.000766224460676, 0.000759817077778, 0.0009050371591, 0.000950654677581, 0.00116114597768, 0.000961323443335, 0.00089648924768, 0.00127407663967, 0.000846117443871, 0.000358307239367, 0.00034105690429, 0.000277178362012, 0.00020801681967, 0.000270657124929, 0.000180986375199, 0.000220909219934, 0.000204763258807, 0.000291305099381, 0.000241144953179, 0.000188263686141, 0.000315947516356, 0.00016440761101, 0.000148772727698, 0.000146707257954, 0.00021092085808, 0.000142425953527, 8.56226106407e-05, 6.45780673949e-05, 6.21883518761e-05, 5.76736565563e-05, 5.53221580049e-05, 6.15283861407e-05, 4.15573122154e-05, 3.27923480654e-05, 3.3955075196e-05, 3.69663976016e-05, 4.47462807642e-05, 3.55555348506e-05, 1.94501099031e-05, 2.95551708405e-05, 3.77032847609e-05, 2.75603670161e-05, 1.55394081958e-05, 1.74461929419e-05, 2.10626112676e-05, 9.703435353e-06, 1.53684140969e-05, 1.02397461887e-05, 1.16576675282e-05, 9.4558336059e-06, 1.10382816274e-05, 9.5217683338e-06, 9.92358218355e-06, 8.17310865386e-06, 5.52998790226e-06, 9.06234072318e-06, 1.02948797576e-05, 7.81005110184e-06, 5.78908156967e-06, 5.70176871406e-06, 4.95738549944e-06, 4.01764737035e-06, 3.79652919946e-06, 3.22164873978e-06, 3.69974281966e-06, 4.90695720146e-06, 4.0141626414e-06, 8.76086232893e-06, 1.13866308311e-05, 2.37537165049e-06, 2.49846061706e-06, 2.90652474177e-06, 2.52256768363e-06, 2.06093523047e-06, 2.05567016565e-06, 1.82909798241e-06, 2.01563284463e-06, 2.16861644731e-06, 2.50387097367e-06, 2.06351160159e-06, 1.319359626e-06, 9.54531742536e-07, 8.11723054994e-07, 2.87812099486e-07, 9.52254008979e-09, 4.76568118302e-10, 3.78818421076e-10, 3.24059501455e-10, 2.88238322099e-10, 2.63885580054e-10, 2.46690196049e-10, 2.31365496206e-10, 2.17601853203e-10, 2.0919305177e-10, 2.00146732521e-10, 1.92545451805e-10, 1.84921911117e-10, 1.78579998011e-10, 1.72908035112e-10, 1.69825445373e-10, 1.65629981952e-10, 1.63168228928e-10, 1.61494012607e-10, 1.5958213917e-10, 1.58550519935e-10]
    },
    "mfcc": {
        "mean": [-595.386291504, 87.7526016235, -15.3996276855, 1.9327596426, -6.81562995911, 3.90205407143, 3.02193117142, 9.18572616577, 3.24110269547, 6.51409435272, -1.20194125175, -5.49678516388, -5.18521261215],
        "cov": [[1506.53491211, 288.277801514, 451.472198486, 340.216918945, 257.820007324, 117.947151184, 64.2097702026, -19.8865585327, 16.5018539429, 90.9773864746, 31.2199859619, 21.7711410522, 60.0981330872], [288.277801514, 366.007720947, 227.17829895, 137.973587036, 156.100219727, 95.4378738403, 86.7193222046, 23.3167381287, 19.8131427765, 78.2807998657, 38.0676956177, 6.97145032883, 28.0295238495], [451.472198486, 227.17829895, 1003.21868896, 693.614929199, 443.228546143, 269.286651611, 114.275665283, -18.4000167847, 56.1515350342, 69.7817764282, 4.53720808029, 107.191444397, 91.3956298828], [340.216918945, 137.973587036, 693.614929199, 593.715209961, 364.209655762, 172.308395386, 49.0268249512, -15.4523897171, 54.3171348572, 43.4343032837, -3.99377059937, 79.7148132324, 77.1781082153], [257.820007324, 156.100219727, 443.228546143, 364.209655762, 317.768280029, 146.279525757, 62.0700035095, 3.91634082794, 45.8068351746, 53.1226425171, 12.4347772598, 49.4415626526, 59.2474708557], [117.947151184, 95.4378738403, 269.286651611, 172.308395386, 146.279525757, 206.527450562, 152.926467896, 39.9860954285, 13.5761346817, 33.3622131348, 9.15712928772, 26.9083709717, 25.1077804565], [64.2097702026, 86.7193222046, 114.275665283, 49.0268249512, 62.0700035095, 152.926467896, 209.641693115, 69.7894897461, -0.218707248569, 29.8498516083, 15.8712759018, 9.06246185303, 16.4622802734], [-19.8865585327, 23.3167381287, -18.4000167847, -15.4523897171, 3.91634082794, 39.9860954285, 69.7894897461, 88.0471572876, 28.1110191345, 13.2072048187, 5.20392417908, -2.46061134338, -1.77017629147], [16.5018539429, 19.8131427765, 56.1515350342, 54.3171348572, 45.8068351746, 13.5761346817, -0.218707248569, 28.1110191345, 89.6270065308, 30.6362438202, 2.82099485397, 8.8737039566, 8.70100879669], [90.9773864746, 78.2807998657, 69.7817764282, 43.4343032837, 53.1226425171, 33.3622131348, 29.8498516083, 13.2072048187, 30.6362438202, 80.9773712158, 30.0306396484, 5.65810012817, 13.291759491], [31.2199859619, 38.0676956177, 4.53720808029, -3.99377059937, 12.4347772598, 9.15712928772, 15.8712759018, 5.20392417908, 2.82099485397, 30.0306396484, 60.1891860962, 16.9863853455, 6.85515451431], [21.7711410522, 6.97145032883, 107.191444397, 79.7148132324, 49.4415626526, 26.9083709717, 9.06246185303, -2.46061134338, 8.8737039566, 5.65810012817, 16.9863853455, 68.810005188, 32.7604560852], [60.0981330872, 28.0295238495, 91.3956298828, 77.1781082153, 59.2474708557, 25.1077804565, 16.4622802734, -1.77017629147, 8.70100879669, 13.291759491, 6.85515451431, 32.7604560852, 60.6581192017]],
        "icov": [[0.000875860103406, -0.000434354791651, -0.000105143328256, -0.000294002500596, -5.4904656281e-05, 0.00016160942323, -6.90439119353e-05, 0.000218911576667, 0.000234538383665, -0.000385814899346, -0.000112520858238, 0.000433237932157, -0.000293076154776], [-0.000434354791651, 0.00476270634681, -0.00110130303074, 0.0016293968074, -0.00236842199229, 0.000838284264319, -0.000965407118201, -0.00058373354841, 0.000677010510117, -0.00224598799832, -0.00122995022684, 0.00147664046381, -0.000236380001297], [-0.000105143328256, -0.00110130303074, 0.00688826292753, -0.00692422036082, 0.000629705260508, -0.00302412500605, -0.000255976978224, 0.00205889693461, 1.78797545232e-05, -0.000842604844365, 0.000972591922618, -0.00248208618723, 0.00122323830146], [-0.000294002500596, 0.0016293968074, -0.00692422036082, 0.0138215916231, -0.00751171447337, 0.00147080526222, 0.00123814691324, -0.000902092899196, -0.000800025591161, 0.00142737058923, 0.00121493730694, -0.000310583476676, -0.00141623523086], [-5.4904656281e-05, -0.00236842199229, 0.000629705260508, -0.00751171447337, 0.0147957699373, -0.00476105092093, 0.00192659825552, 0.000103719430626, -0.00153220968787, -0.00117736961693, -0.00114443269558, 0.00106510403566, -0.00321142561734], [0.00016160942323, 0.000838284264319, -0.00302412500605, 0.00147080526222, -0.00476105092093, 0.0189527310431, -0.011830705218, 0.000395202368964, 0.000140772841405, -0.000383595237508, 0.00108083244413, -0.00108223606367, 0.00269159325399], [-6.90439119353e-05, -0.000965407118201, -0.000255976978224, 0.00123814691324, 0.00192659825552, -0.011830705218, 0.0162295475602, -0.00813160091639, 0.00358847714961, -0.000996713875793, -0.00110326998401, 0.00130185345188, -0.00317662185989], [0.000218911576667, -0.00058373354841, 0.00205889693461, -0.000902092899196, 0.000103719430626, 0.000395202368964, -0.00813160091639, 0.0203957688063, -0.00766979996115, 0.00106699997559, 0.000128150946693, -0.000591818534303, 0.00180712365545], [0.000234538383665, 0.000677010510117, 1.78797545232e-05, -0.000800025591161, -0.00153220968787, 0.000140772841405, 0.00358847714961, -0.00766979996115, 0.016997821629, -0.00687857717276, 0.00237265625037, -0.00122882705182, 0.000150920692249], [-0.000385814899346, -0.00224598799832, -0.000842604844365, 0.00142737058923, -0.00117736961693, -0.000383595237508, -0.000996713875793, 0.00106699997559, -0.00687857717276, 0.022200204432, -0.00926194805652, 0.00361754046753, -0.00230102241039], [-0.000112520858238, -0.00122995022684, 0.000972591922618, 0.00121493730694, -0.00114443269558, 0.00108083244413, -0.00110326998401, 0.000128150946693, 0.00237265625037, -0.00926194805652, 0.0245767775923, -0.00896476302296, 0.00239558750764], [0.000433237932157, 0.00147664046381, -0.00248208618723, -0.000310583476676, 0.00106510403566, -0.00108223606367, 0.00130185345188, -0.000591818534303, -0.00122882705182, 0.00361754046753, -0.00896476302296, 0.0253638271242, -0.011241408065], [-0.000293076154776, -0.000236380001297, 0.00122323830146, -0.00141623523086, -0.00321142561734, 0.00269159325399, -0.00317662185989, 0.00180712365545, 0.000150920692249, -0.00230102241039, 0.00239558750764, -0.011241408065, 0.026064902544]]
    },
    "spectral_contrast_coeffs": {
        "max": [-0.48410397768, -0.509217858315, -0.480656504631, -0.606820821762, -0.673564195633, -0.682911813259],
        "mean": [-0.74389564991, -0.76095277071, -0.73378354311, -0.78649944067, -0.792821407318, -0.767196774483],
        "min": [-0.896417379379, -0.968962490559, -0.92361164093, -0.91926497221, -0.869695901871, -0.832516551018],
        "stdev": [0.0619975216687, 0.0713339373469, 0.0752338171005, 0.0514116883278, 0.029114857316, 0.021904733032]
    },
    "spectral_contrast_valleys": {
        "max": [-5.34643745422, -4.70129537582, -5.25617361069, -5.91324424744, -5.78129768372, -7.69587755203],
        "mean": [-7.01177740097, -6.59581041336, -6.68638086319, -6.93716001511, -6.91545677185, -9.33386802673],
        "min": [-10.7928876877, -8.31281089783, -8.90125465393, -9.1525812149, -10.2024145126, -13.250462532],
        "stdev": [1.15977847576, 0.512690544128, 0.529990613461, 0.398215442896, 0.364030689001, 0.418356329203]
    }
},
"rhythm": {
    "beats_count": 83,
    "beats_loudness": {
        "max": 0.091964147985,
        "mean": 0.0370373539627,
        "min": 0.00616789329797,
        "stdev": 0.017838081345
    },
    "bpm": 102.030578613,
    "bpm_histogram_first_peak_bpm": 101,
    "bpm_histogram_first_peak_weight": 0.374999940395,
    "bpm_histogram_second_peak_bpm": 126,
    "bpm_histogram_second_peak_spread": 0.466666698456,
    "bpm_histogram_second_peak_weight": 0.0975609719753,
    "danceability": 1.11729598045,
    "onset_rate": 3.40828418732,
    "beats_loudness_band_ratio": {
        "max": [0.87823677063, 0.44103717804, 0.543174922466, 0.704624652863, 0.40846657753, 0.237709388137],
        "mean": [0.321808308363, 0.0872091650963, 0.184170290828, 0.271115124226, 0.111359931529, 0.0723925232887],
        "min": [0.00028818420833, 0.00189724983647, 0.0134245185181, 0.0345849767327, 0.0117877889425, 0.0145170139149],
        "stdev": [0.229763552547, 0.0974427387118, 0.129487022758, 0.182556524873, 0.0798303484917, 0.0373769812286]
    },
    "beats_position": [0.510838985443, 1.04489791393, 1.59056687355, 2.13623571396, 2.73995471001, 3.32045340538, 3.90095233917, 4.48145103455, 5.07355976105, 5.66566896439, 6.25777769089, 6.83827638626, 7.4303855896, 8.0224943161, 8.6146030426, 9.2067117691, 9.79882049561, 10.3909292221, 10.9714279175, 11.5635375977, 12.1556463242, 12.7477550507, 13.328253746, 13.9087524414, 14.5008611679, 15.0929698944, 15.6850786209, 16.2771873474, 16.8576869965, 17.4381847382, 18.0302944183, 18.6224040985, 19.2029018402, 19.7834014893, 20.3755092621, 20.9676189423, 21.548116684, 22.1402263641, 22.7323360443, 23.3244438171, 23.9049434662, 24.497051239, 25.0775508881, 25.6696586609, 26.2617683411, 26.8422679901, 27.4343757629, 28.0264854431, 28.6069831848, 29.199092865, 29.7912006378, 30.383310318, 30.9638080597, 31.5559177399, 32.1480255127, 32.7401351929, 33.3206329346, 33.901134491, 34.4816322327, 35.0621299744, 35.6542396545, 36.2463493347, 36.8384590149, 37.4305648804, 38.0110664368, 38.6031723022, 39.1836738586, 39.7757797241, 40.251789093, 40.7277984619, 41.2038078308, 41.6798171997, 42.1558265686, 42.6318359375, 43.0962333679, 43.560634613, 44.0250320435, 44.4894332886, 44.953830719, 45.4182319641, 45.8826293945, 46.3586387634, 46.8346481323],
