{
"metadata": {
    "version": {
        "essentia": "2.1-beta5",
        "essentia_git_sha": "Undefined",
        "extractor": "music 2.0"
    },
    "audio_properties": {
        "analysis": {
            "equal_loudness": 0,
            "length": 32.4963264465,
            "sample_rate": 44100,
            "start_time": 45.2440834045,
            "downmix": "mix"
        },
        "bit_rate": 192000,
        "length": 198.414520264,
        "lossless": 0,
        "number_channels": 2,
        "replay_gain": -9.02378845215,
        "sample_rate": 48000,
        "codec": "mp3",
        "md5_encoded": "671762e9369b1376eae9bd9c52db2d08"
    },
    "tags": {
        "file_name": "Finland_Why_Geir Rönning.mp3",
        "encoding": ["Lavf58.29.100"]
    }
},
"lowlevel": {
    "average_loudness": 0.943065881729,
    "barkbands_crest": {
        "max": 23.4717502594,
        "mean": 10.9724760056,
        "min": 2.94121742249,
        "stdev": 4.25904941559
    },
    "barkbands_flatness_db": {
        "max": 0.294004559517,
        "mean": 0.148559883237,
        "min": 0.0422584675252,
        "stdev": 0.0418333895504
    },
    "barkbands_kurtosis": {
        "max": 31.8129234314,
        "mean": 3.73640203476,
        "min": -1.88149690628,
        "stdev": 5.18361759186
    },
    "barkbands_skewness": {
        "max": 5.09132480621,
        "mean": 1.17866802216,
        "min": -5.16468143463,
        "stdev": 1.13219451904
    },
    "barkbands_spread": {
        "max": 95.8973617554,
        "mean": 16.9013710022,
        "min": 2.29776978493,
        "stdev": 12.0814247131
    },
    "dissonance": {
        "max": 0.499840527773,
        "mean": 0.450863659382,
        "min": 0.294677346945,
        "stdev": 0.0357736833394
    },
    "dynamic_complexity": 3.0489218235,
    "erbbands_crest": {
        "max": 29.9252185822,
        "mean": 11.808971405,
        "min": 2.90011310577,
        "stdev": 5.59285259247
    },
    "erbbands_flatness_db": {
        "max": 0.339909493923,
        "mean": 0.189979791641,
        "min": 0.0693408995867,
        "stdev": 0.046259675175
    },
    "erbbands_kurtosis": {
        "max": 22.5940952301,
        "mean": 1.68758273125,
        "min": -1.76566243172,
        "stdev": 2.74095273018
    },
    "erbbands_skewness": {
        "max": 3.79595589638,
        "mean": 0.758966624737,
        "min": -3.58687877655,
        "stdev": 0.901348233223
    },
    "erbbands_spread": {
        "max": 121.32598877,
        "mean": 28.7091312408,
        "min": 4.93581199646,
        "stdev": 17.8511142731
    },
    "hfc": {
        "max": 131.880844116,
        "mean": 22.9138259888,
        "min": 0.122578248382,
        "stdev": 20.1099662781
    },
    "loudness_ebu128": {
        "integrated": -14.8053750992,
        "loudness_range": 3.9249753952,
        "momentary": {
            "max": -11.611530304,
            "mean": -15.5145378113,
            "min": -23.8387584686,
            "stdev": 2.68296170235
        },
        "short_term": {
            "max": -12.7951087952,
            "mean": -14.9767341614,
            "min": -19.8751659393,
            "stdev": 1.6537541151
        }
    },
    "melbands_crest": {
        "max": 29.8221645355,
        "mean": 13.2606143951,
        "min": 3.6095263958,
        "stdev": 4.81780338287
    },
    "melbands_flatness_db": {
        "max": 0.340396016836,
        "mean": 0.193379715085,
        "min": 0.0399278141558,
        "stdev": 0.049701500684
    },
    "melbands_kurtosis": {
        "max": 97.3639221191,
        "mean": 7.84878206253,
        "min": -1.83362960815,
        "stdev": 10.7657613754
    },
    "melbands_skewness": {
        "max": 7.98940849304,
        "mean": 1.69038069248,
        "min": -1.92208468914,
        "stdev": 1.3639550209
    },
    "melbands_spread": {
        "max": 213.38609314,
        "mean": 23.6670322418,
        "min": 2.62710666656,
        "stdev": 23.3706321716
    },
    "pitch_salience": {
        "max": 0.859270095825,
        "mean": 0.57422709465,
        "min": 0.220624387264,
        "stdev": 0.106162086129
    },
    "silence_rate_20dB": {
        "max": 1,
        "mean": 1,
        "min": 1,
        "stdev": 0
    },
    "silence_rate_30dB": {
        "max": 1,
        "mean": 1,
        "min": 1,
        "stdev": 0
    },
    "silence_rate_60dB": {
        "max": 1,
        "mean": 0.039257671684,
        "min": 0,
        "stdev": 0.194207340479
    },
    "spectral_centroid": {
        "max": 5199.72216797,
        "mean": 1211.74584961,
        "min": 348.998626709,
        "stdev": 630.159423828
    },
    "spectral_complexity": {
        "max": 51,
        "mean": 16.9207706451,
        "min": 0,
        "stdev": 7.94117641449
    },
    "spectral_decrease": {
        "max": -2.93870310031e-11,
        "mean": -5.83143844324e-09,
        "min": -2.75899498803e-08,
        "stdev": 4.16111678447e-09
    },
    "spectral_energy": {
        "max": 0.109643109143,
        "mean": 0.0240875482559,
        "min": 0.00012203152437,
        "stdev": 0.0170182678849
    },
    "spectral_energyband_high": {
        "max": 0.0165389254689,
        "mean": 0.00075525365537,
        "min": 1.93279743144e-06,
        "stdev": 0.00171095121186
    },
    "spectral_energyband_low": {
        "max": 0.047143381089,
        "mean": 0.00231130188331,
        "min": 2.63976698989e-06,
        "stdev": 0.00351210613735
    },
    "spectral_energyband_middle_high": {
        "max": 0.0578675530851,
        "mean": 0.0102525362745,
        "min": 3.17418889608e-05,
        "stdev": 0.0118355154991
    },
    "spectral_energyband_middle_low": {
        "max": 0.0896425917745,
        "mean": 0.0112399058416,
        "min": 5.40763030585e-05,
        "stdev": 0.0109818065539
    },
    "spectral_entropy": {
        "max": 8.69270420074,
        "mean": 7.4056391716,
        "min": 6.15680646896,
        "stdev": 0.423893302679
    },
    "spectral_flux": {
        "max": 0.265007317066,
        "mean": 0.0818502902985,
        "min": 0.0126076452434,
        "stdev": 0.0442052744329
    },
    "spectral_kurtosis": {
        "max": 24.0755710602,
        "mean": 4.9007563591,
        "min": -0.949113368988,
        "stdev": 2.79672884941
    },
    "spectral_rms": {
        "max": 0.010342576541,
        "mean": 0.00452225375921,
        "min": 0.000345043692505,
        "stdev": 0.00174621434417
    },
    "spectral_rolloff": {
        "max": 9625.34179688,
        "mean": 1456.37353516,
        "min": 236.865234375,
        "stdev": 1487.92016602
    },
    "spectral_skewness": {
        "max": 3.97450566292,
        "mean": 1.64178407192,
        "min": -0.0705742165446,
        "stdev": 0.488037973642
    },
    "spectral_spread": {
        "max": 11445068,
        "mean": 4338331.5,
        "min": 2351741,
        "stdev": 1459352.25
    },
    "spectral_strongpeak": {
        "max": 9.35680770874,
        "mean": 1.95574915409,
        "min": 0.00488998554647,
        "stdev": 1.96993231773
    },
    "zerocrossingrate": {
        "max": 0.3232421875,
        "mean": 0.0586735606194,
        "min": 0.01611328125,
        "stdev": 0.0405269525945
    },
    "barkbands": {
        "max": [0.000470274826512, 0.0190541129559, 0.0282718203962, 0.0245491694659, 0.0555667877197, 0.0367575585842, 0.0653903335333, 0.0797384902835, 0.0657914951444, 0.0435013584793, 0.0506962165236, 0.0138805573806, 0.0150487516075, 0.0178388152272, 0.0172433126718, 0.00651520304382, 0.0124742062762, 0.00817132834345, 0.00493737030774, 0.00258993869647, 0.00215991563164, 0.00324580841698, 0.00904470402747, 0.00674918619916, 0.0022617878858, 0.00046394119272, 9.32656530495e-06],
        "mean": [6.01317697146e-05, 0.00143815297633, 0.000444514036644, 0.000680291559547, 0.00316486530937, 0.00252717663534, 0.00109197036363, 0.00167363719083, 0.00185053620953, 0.00240152305923, 0.00403281161562, 0.000549181888346, 0.000697240931913, 0.00102025060914, 0.00047711544903, 0.000281110784272, 0.000368444510968, 0.000224454008276, 0.000247742485953, 0.000216376269236, 0.000180481336429, 0.000114056550956, 0.000143654251588, 0.000128779865918, 5.63233734283e-05, 1.64551183843e-05, 2.84848880483e-07],
        "min": [1.48687173684e-09, 3.88748560454e-07, 4.91135722314e-07, 2.37317834717e-07, 3.27979296344e-06, 5.88837110627e-06, 1.23681707009e-06, 1.78605080237e-06, 4.74526314065e-06, 8.88730482984e-07, 2.23534175348e-06, 1.17638376196e-06, 9.02567023786e-07, 7.16241288501e-07, 3.64632398941e-07, 2.09902637494e-07, 4.99902341744e-07, 2.1096317937e-07, 4.23607673383e-07, 1.11039321382e-06, 2.53155263863e-07, 1.45715759459e-07, 2.21918611487e-07, 2.16970050815e-07, 1.27367954406e-07, 3.97049753076e-08, 2.66947349642e-11],
        "stdev": [8.53438032209e-05, 0.00231470214203, 0.00148945348337, 0.00155604782049, 0.00416504405439, 0.00387690891512, 0.00365003244951, 0.00525857647881, 0.00452205119655, 0.00526117300615, 0.00819867663085, 0.0010378259467, 0.00135088677052, 0.00188752717804, 0.00131825904828, 0.000578763370868, 0.000771469145548, 0.000417398201535, 0.000399663549615, 0.000326095905621, 0.000275994359981, 0.000289588177111, 0.000657946744468, 0.000510427867994, 0.000185344833881, 4.60627597931e-05, 9.79498850029e-07]
    },
    "erbbands": {
        "max": [0.616248965263, 4.60850429535, 23.0249404907, 71.2392425537, 51.3089675903, 196.266540527, 349.933013916, 416.603149414, 983.223327637, 1110.49157715, 1974.81433105, 1528.9453125, 930.302368164, 1938.43701172, 1625.61401367, 707.562011719, 744.011779785, 679.734802246, 950.837280273, 1098.0958252, 485.199584961, 532.723937988, 368.801635742, 144.598236084, 207.518341064, 117.104133606, 113.862716675, 72.2175598145, 102.599998474, 255.642745972, 271.216278076, 153.400604248, 87.0425796509, 35.9875411987, 10.2369823456, 1.58818984032, 1.00261390209, 0.167682543397, 0.00296209193766, 0.00017251605459],
        "mean": [0.0567894503474, 0.260020494461, 0.505219876766, 1.57909619808, 3.18608188629, 12.375328064, 26.7274799347, 15.2582712173, 10.9529676437, 25.5458564758, 45.5599937439, 41.0818481445, 42.3593101501, 169.230056763, 75.8557662964, 26.9798488617, 32.7556037903, 46.8940696716, 32.480430603, 24.6595230103, 16.7929763794, 21.8735027313, 13.6035966873, 11.4991950989, 12.7167024612, 10.3730115891, 8.97578144073, 5.49421262741, 3.9625787735, 4.24712705612, 4.08513259888, 3.05669093132, 1.87483167648, 0.859555125237, 0.281338602304, 0.0840948373079, 0.0316872820258, 0.00322813470848, 9.34949130169e-05, 3.33924763254e-05],
        "min": [3.6399808323e-06, 0.00014198604913, 0.000981900258921, 0.000742611591704, 0.00216048792936, 0.0115993572399, 0.0383500345051, 0.0300468541682, 0.016937861219, 0.0313969664276, 0.0700465366244, 0.113135389984, 0.0734958872199, 0.0630708858371, 0.0912662371993, 0.0798363983631, 0.0406380929053, 0.0459972396493, 0.0276579875499, 0.0223284419626, 0.0254606436938, 0.0246417336166, 0.0120254037902, 0.0269288346171, 0.0298525243998, 0.0592401474714, 0.0178150963038, 0.0114749073982, 0.00506485020742, 0.00521619152278, 0.005981835071, 0.00409685820341, 0.0032036206685, 0.00170638971031, 0.000672732770909, 0.000188288162462, 5.41983754374e-05, 3.78728236683e-06, 4.58222871202e-07, 1.87198978097e-07],
        "stdev": [0.0931335836649, 0.452528506517, 1.38868153095, 3.9675488472, 4.7003121376, 16.7672691345, 38.4918365479, 28.350894928, 40.6158943176, 71.2361602783, 132.280319214, 111.81401062, 87.0844573975, 298.194824219, 156.675460815, 46.5149993896, 61.8945541382, 76.1990356445, 69.5301437378, 74.523109436, 37.4350662231, 39.5626602173, 22.1396007538, 17.7685089111, 19.7063465118, 15.845117569, 14.4388418198, 8.4634141922, 8.96186733246, 17.5425395966, 18.8800506592, 12.1666145325, 7.44835472107, 3.08568429947, 0.830316066742, 0.205783441663, 0.0976593494415, 0.0113115590066, 0.000263005524175, 2.5989354981e-05]
    },
    "gfcc": {
        "mean": [-10.6322984695, 97.3098907471, -132.389266968, 18.9536705017, -71.5708694458, 10.9169387817, -38.235244751, 7.10628032684, -31.6227970123, 0.512174129486, -13.5940027237, 0.30585360527, -0.789767980576],
        "cov": [[2938.73779297, -573.352783203, -413.76852417, 48.6999778748, 262.606994629, 223.641815186, 188.487854004, 112.203826904, 63.2377510071, 200.272994995, -62.2921257019, 102.071350098, 20.7163963318], [-573.352783203, 1024.57299805, -55.6849937439, -164.165664673, 233.153991699, -130.644439697, 79.6242446899, -14.3367729187, 70.9150238037, -7.85433578491, 93.4725189209, -14.9077720642, 76.6856613159], [-413.76852417, -55.6849937439, 880.23223877, 231.666778564, -203.63381958, 81.6556777954, -231.078552246, -4.92495298386, 74.7031784058, 10.5410804749, -44.7249565125, 26.143655777, -112.190231323], [48.6999778748, -164.165664673, 231.666778564, 365.433898926, -39.4681243896, 52.5525779724, -113.06867981, 6.75644445419, 92.6727981567, -14.8096075058, 5.18184900284, -10.1973981857, 0.0344358608127], [262.606994629, 233.153991699, -203.63381958, -39.4681243896, 337.254547119, -14.3136854172, 40.6407012939, 32.9805335999, 31.4386329651, 67.914932251, -5.15256738663, 20.5778656006, 48.1323318481], [223.641815186, -130.644439697, 81.6556777954, 52.5525779724, -14.3136854172, 235.890487671, 84.1412200928, 11.9005451202, -13.9773015976, 30.8437862396, 22.2942447662, 1.82324266434, -5.99174404144], [188.487854004, 79.6242446899, -231.078552246, -113.06867981, 40.6407012939, 84.1412200928, 346.057037354, 29.1146869659, -78.1579437256, 18.6441726685, 39.0678672791, 24.4219760895, 26.0520610809], [112.203826904, -14.3367729187, -4.92495298386, 6.75644445419, 32.9805335999, 11.9005451202, 29.1146869659, 98.9408950806, 34.4560165405, 10.4462366104, 9.46296691895, 6.68133020401, 1.1482282877], [63.2377510071, 70.9150238037, 74.7031784058, 92.6727981567, 31.4386329651, -13.9773015976, -78.1579437256, 34.4560165405, 164.516616821, 41.3173217773, -7.22078132629, 10.930642128, 13.5338058472], [200.272994995, -7.85433578491, 10.5410804749, -14.8096075058, 67.914932251, 30.8437862396, 18.6441726685, 10.4462366104, 41.3173217773, 116.571426392, -10.8130207062, 24.7125549316, -3.76156115532], [-62.2921257019, 93.4725189209, -44.7249565125, 5.18184900284, -5.15256738663, 22.2942447662, 39.0678672791, 9.46296691895, -7.22078132629, -10.8130207062, 118.795555115, 7.89698886871, 24.1164169312], [102.071350098, -14.9077720642, 26.143655777, -10.1973981857, 20.5778656006, 1.82324266434, 24.4219760895, 6.68133020401, 10.930642128, 24.7125549316, 7.89698886871, 77.6491394043, 17.503364563], [20.7163963318, 76.6856613159, -112.190231323, 0.0344358608127, 48.1323318481, -5.99174404144, 26.0520610809, 1.1482282877, 13.5338058472, -3.76156115532, 24.1164169312, 17.503364563, 111.073371887]],
        "icov": [[0.000596380268689, 0.000322795269312, 0.000365976186004, -0.000127046558191, -0.000345193373505, -0.000439580937382, -6.59187717247e-05, -0.000259996566456, -0.000267561757937, -0.000444401637651, 0.000247424759436, -0.000617309240624, 0.000240734065301], [0.000322795269312, 0.00376883381978, -0.00242656166665, 0.0027709887363, -0.00397573504597, 0.00234732287936, -0.00289935129695, 0.00306807062589, -0.00413705827668, 0.00243701389991, -0.00364066823386, 0.00371487648226, -0.00182458898053], [0.000365976186004, -0.00242656166665, 0.00454583810642, -0.00303177093156, 0.0036864054855, -0.00314945378341, 0.00347264460288, -0.00288010458462, 0.0027141305618, -0.00262536713853, 0.00338463229127, -0.0052626519464, 0.00332227395847], [-0.000127046558191, 0.0027709887363, -0.00303177093156, 0.00653988076374, -0.00315585616045, 0.000944767729379, -0.00170672673266, 0.00294470856898, -0.00537543231621, 0.00374842365272, -0.0034567238763, 0.00410538353026, -0.0022798050195], [-0.000345193373505, -0.00397573504597, 0.0036864054855, -0.00315585616045, 0.00857899896801, -0.00238018343225, 0.0035083303228, -0.00451709190384, 0.00441782362759, -0.00509182410315, 0.00441072601825, -0.00456444453448, 0.000962410937063], [-0.000439580937382, 0.00234732287936, -0.00314945378341, 0.000944767729379, -0.00238018343225, 0.00820548366755, -0.00411465670913, 0.00222493195906, -0.00155703001656, 0.000116496717965, -0.00375770451501, 0.00477956375107, -0.00204752758145], [-6.59187717247e-05, -0.00289935129695, 0.00347264460288, -0.00170672673266, 0.0035083303228, -0.00411465670913, 0.00760814966634, -0.00439044414088, 0.00521448580548, -0.00286922859959, 0.00247730244882, -0.00514066638425, 0.00158044800628], [-0.000259996566456, 0.00306807062589, -0.00288010458462, 0.00294470856898, -0.00451709190384, 0.00222493195906, -0.00439044414088, 0.0152821717784, -0.0071958093904, 0.00397500488907, -0.00434267893434, 0.00384111353196, -0.000681471952703], [-0.000267561757937, -0.00413705827668, 0.0027141305618, -0.00537543231621, 0.00441782362759, -0.00155703001656, 0.00521448580548, -0.0071958093904, 0.0150085771456, -0.00704808719456, 0.00424036476761, -0.00457112630829, 0.000234417631873], [-0.000444401637651, 0.00243701389991, -0.00262536713853, 0.00374842365272, -0.00509182410315, 0.000116496717965, -0.00286922859959, 0.00397500488907, -0.00704808719456, 0.0154632944614, -0.00204258132726, 0.000538763822988, 0.000333116622642], [0.000247424759436, -0.00364066823386, 0.00338463229127, -0.0034567238763, 0.00441072601825, -0.00375770451501, 0.00247730244882, -0.00434267893434, 0.00424036476761, -0.00204258132726, 0.0135894110426, -0.00556288799271, 0.000577155617066], [-0.000617309240624, 0.00371487648226, -0.0052626519464, 0.00410538353026, -0.00456444453448, 0.00477956375107, -0.00514066638425, 0.00384111353196, -0.00457112630829, 0.000538763822988, -0.00556288799271, 0.0214806031436, -0.00596662936732], [0.000240734065301, -0.00182458898053, 0.00332227395847, -0.0022798050195, 0.000962410937063, -0.00204752758145, 0.00158044800628, -0.000681471952703, 0.000234417631873, 0.000333116622642, 0.000577155617066, -0.00596662936732, 0.0134807527065]]
    },
    "melbands": {
        "max": [0.00542696937919, 0.00915465783328, 0.0115189962089, 0.00721378764138, 0.0128725329414, 0.0082641588524, 0.014483592473, 0.0109190559015, 0.013970490545, 0.00823716167361, 0.00450336979702, 0.00726800505072, 0.00555565860122, 0.00150456978008, 0.00162778899539, 0.00200465251692, 0.00129975774325, 0.00208518118598, 0.00149571732618, 0.000686754006892, 0.000778781424742, 0.00058308057487, 0.000760291761253, 0.000231482976233, 0.000124362311908, 0.0001891633583, 0.000107733103505, 8.13513688627e-05, 8.08764161775e-05, 5.5227726989e-05, 3.82965044992e-05, 5.71902855881e-05, 7.01010940247e-05, 0.000182761024917, 0.00020103638235, 0.000128562693135, 9.3768358056e-05, 6.53070019325e-05, 4.84880365548e-05, 2.90451116598e-05],
        "mean": [0.000437182316091, 0.000292239710689, 0.000301946885884, 0.000510027108248, 0.000898183207028, 0.000369956251234, 0.00018099709996, 0.000294968253002, 0.000394558272092, 0.000235593586694, 0.000204813943128, 0.000671894813422, 0.000404477206757, 5.17649277754e-05, 8.5551328084e-05, 6.51929512969e-05, 9.27079017856e-05, 5.84690387768e-05, 3.57988283213e-05, 2.29050037888e-05, 1.92100997083e-05, 2.2358230126e-05, 1.70180919667e-05, 9.90645457932e-06, 9.10270227905e-06, 9.54975530476e-06, 8.21926914796e-06, 6.63600712869e-06, 5.90564422964e-06, 4.26273390985e-06, 2.81777124655e-06, 2.27517989515e-06, 2.09360086956e-06, 2.47123011832e-06, 2.49994036494e-06, 1.95906409317e-06, 1.85331680314e-06, 1.37376503062e-06, 1.0094429399e-06, 6.35686376427e-07],
        "min": [6.14404029875e-08, 5.65449909118e-07, 1.94392740127e-07, 4.01889792556e-07, 6.4609440642e-07, 7.98142366421e-07, 2.16260218622e-07, 3.15721479183e-07, 5.5868565596e-07, 5.47149340946e-07, 2.45987450853e-07, 1.80422674134e-07, 3.04954056674e-07, 1.12265198027e-07, 6.20347435643e-08, 8.73557226555e-08, 6.41048032435e-08, 4.87459352883e-08, 2.57769610101e-08, 1.61405750987e-08, 1.95524787472e-08, 2.6258007324e-08, 1.16944480766e-08, 1.03158503961e-08, 2.03823447009e-08, 1.37155264923e-08, 3.94590244923e-08, 2.84616419322e-08, 1.09939781723e-08, 6.22794216198e-09, 5.00402741466e-09, 2.79972600659e-09, 2.60800270269e-09, 2.84383627758e-09, 2.4519515307e-09, 3.66388563933e-09, 2.00507410675e-09, 1.93636395807e-09, 1.45511658278e-09, 1.40849421015e-09],
        "stdev": [0.000713309564162, 0.0006117632729, 0.000665346917231, 0.000647405686323, 0.00121055869386, 0.000629497633781, 0.00066430773586, 0.000788197328802, 0.00106364232488, 0.000631525006611, 0.000479246373288, 0.00117804843467, 0.000845076050609, 0.000104861661384, 0.000150508378283, 0.000146990103531, 0.000161134666996, 0.000143043478602, 0.000106825260445, 5.59982690902e-05, 4.89141129947e-05, 4.64050463052e-05, 3.74761912099e-05, 1.71603387571e-05, 1.52922802954e-05, 1.57540853252e-05, 1.22771989481e-05, 1.09994571176e-05, 9.93760932033e-06, 6.5883705247e-06, 4.62279012936e-06, 4.90979255119e-06, 6.44435340291e-06, 1.15883749459e-05, 1.22259962154e-05, 8.64525827637e-06, 7.32823855287e-06, 5.39608117833e-06, 4.14700480178e-06, 2.23875349548e-06]
    },
    "melbands128": {
        "max": [0.000469859573059, 0.00490259146318, 0.00834001228213, 0.00826859287918, 0.00924466364086, 0.0156729426235, 0.0160852130502, 0.0104404259473, 0.0049726460129, 0.00568666961044, 0.0111087635159, 0.0193229205906, 0.0161470081657, 0.0149645414203, 0.015357747674, 0.00821275357157, 0.0114603741094, 0.0247188806534, 0.0203470122069, 0.0210466571152, 0.0117460554466, 0.0270146019757, 0.0192850399762, 0.0251039415598, 0.0179110709578, 0.00455893808976, 0.00635542767122, 0.00808669626713, 0.0107639804482, 0.0109883714467, 0.0158841311932, 0.0167230051011, 0.0110322441906, 0.00810907129198, 0.00102065003011, 0.00264400430024, 0.00315851555206, 0.00296854833141, 0.00186383887194, 0.00376247731037, 0.00391761166975, 0.00163432362024, 0.00276296958327, 0.00287435553037, 0.00434912182391, 0.00280798855238, 0.00191234599333, 0.000672354886774, 0.00386861618608, 0.00182181841228, 0.000604277418461, 0.000811391801108, 0.000876650214195, 0.00178231135942, 0.00209832726978, 0.00108561140951, 0.000959539262112, 0.000842714915052, 0.00121310597751, 0.000235396772041, 0.000549673684873, 0.000298057915643, 0.000181861309102, 0.000255041872151, 0.000549634394702, 0.000291610806016, 0.000334671814926, 0.000329127360601, 0.000187413577805, 0.000101415309473, 0.000122909696074, 0.000154730252689, 8.00096750027e-05, 0.000136507980642, 0.000104108650703, 6.69451765134e-05, 6.36698241578e-05, 4.43755598099e-05, 5.07459189976e-05, 7.13633926352e-05, 5.59010477446e-05, 7.59894683142e-05, 6.51219452266e-05, 6.96073184372e-05, 0.000121064222185, 0.000188156060176, 0.000226070987992, 0.000349558307789, 0.000228822493227, 0.000185070195585, 0.000120593045722, 0.000151375628775, 9.75480434136e-05, 8.93847027328e-05, 0.000113090740342, 8.11926875031e-05, 6.48895511404e-05, 0.000102379337477, 7.09807718522e-05, 4.39401046606e-05, 3.1149971619e-05, 3.27898851538e-05, 2.8877533623e-05, 1.7198461137e-05, 1.11164417831e-05, 1.09309075924e-05, 6.2331018853e-06, 4.99352472616e-06, 3.27816201207e-06, 4.42345890406e-06, 5.24129154655e-06, 4.04847423852e-06, 4.19111893279e-06, 3.8394373405e-06, 3.60439184988e-06, 2.33963714891e-06, 2.9868118645e-07, 6.315870138e-08, 4.18489491949e-08, 4.71539074454e-08, 6.36556265476e-08, 7.19970287832e-08, 2.72117670619e-08, 4.17050882717e-09, 4.10093869974e-09, 4.04960820433e-09, 4.00275546042e-09, 3.97764976512e-09],
        "mean": [5.86464448133e-05, 0.000495118263643, 0.00057531951461, 0.000375067524146, 0.000252944999374, 0.000217266730033, 0.000327892135829, 0.000322894687997, 0.000269482610747, 0.00039892422501, 0.00073746003909, 0.00092405435862, 0.00101400888525, 0.000820111250505, 0.000324531050865, 0.000157268252224, 0.000136153437779, 0.0001603897108, 0.000261904118815, 0.000313220079988, 0.000259068998275, 0.000387564767152, 0.000400391028961, 0.000450960331364, 0.000291579955956, 0.00011604683823, 0.000165322970133, 0.000133878260385, 0.000314901873935, 0.000474418862723, 0.000871741038281, 0.000974435301032, 0.000337493052939, 5.26945004822e-05, 4.20113101427e-05, 5.36404477316e-05, 6.12103394815e-05, 0.000111744084279, 7.96833264758e-05, 6.18216217845e-05, 6.2379258452e-05, 6.39129066258e-05, 9.88248211797e-05, 0.000104638464109, 9.16112403502e-05, 4.41174997832e-05, 2.94834317174e-05, 2.77263297903e-05, 5.00386850035e-05, 3.25797882397e-05, 1.56919995788e-05, 1.51232052303e-05, 2.17071319639e-05, 2.06885597436e-05, 1.46564098031e-05, 2.27705768339e-05, 3.08426824631e-05, 1.79439048225e-05, 1.37055876621e-05, 1.01527466541e-05, 1.03925030999e-05, 9.1008405434e-06, 8.03689272288e-06, 9.14221345738e-06, 1.08165895654e-05, 8.50977085065e-06, 1.01817931863e-05, 9.26380744204e-06, 8.03811326477e-06, 6.10436472925e-06, 6.85567465553e-06, 7.25923018763e-06, 5.06371998199e-06, 6.4899750214e-06, 5.54515372642e-06, 4.55009922007e-06, 3.5717546325e-06, 3.15797888106e-06, 2.70846066996e-06, 2.47358525485e-06, 2.59192984231e-06, 1.96780024453e-06, 1.93331470655e-06, 2.06350432563e-06, 2.32612160289e-06, 2.35181641983e-06, 2.45074534178e-06, 2.80363360616e-06, 2.68191388386e-06, 2.15593422581e-06, 1.99032069759e-06, 1.95817369786e-06, 1.7904529841e-06, 1.99987903216e-06, 1.81498671736e-06, 1.44056923546e-06, 1.296602818e-06, 1.23872837321e-06, 1.07163759822e-06, 8.90708577117e-07, 6.83473501795e-07, 6.46031935503e-07, 4.98550093653e-07, 3.67258337519e-07, 3.07522469711e-07, 2.49761626492e-07, 1.66703713944e-07, 1.23472986502e-07, 1.33483467835e-07, 1.3502948093e-07, 1.3072308036e-07, 1.31623963284e-07, 1.08508054097e-07, 7.02522342522e-08, 5.08646209596e-08, 3.74590740648e-08, 9.18275944173e-09, 5.15728237893e-10, 2.69419264676e-10, 3.91580184944e-10, 6.17570383721e-10, 5.91167892416e-10, 1.91389945559e-10, 8.2855076966e-12, 6.29654921952e-12, 6.16629230316e-12, 6.07513171713e-12, 6.03485490747e-12],
        "min": [3.38376583697e-11, 9.53432355288e-09, 1.43515359596e-08, 9.67139328623e-08, 1.84272835213e-07, 1.47666412431e-07, 3.881126176e-08, 5.02652746093e-08, 2.01972653713e-07, 9.86504602452e-08, 1.37754341267e-07, 1.1894899643e-07, 4.74361144143e-07, 7.76892477461e-07, 4.59213396198e-07, 7.93724268533e-08, 1.23081179026e-07, 8.61524611651e-08, 4.78464485809e-08, 1.32344069925e-07, 2.27291238275e-07, 2.1184187915e-07, 4.32239431802e-07, 3.14468195484e-07, 2.10797765021e-07, 2.46409598503e-07, 5.1914977206e-08, 4.69316532303e-08, 5.17828695479e-08, 6.33697965213e-08, 1.01094393301e-07, 1.78938080353e-07, 1.15996193983e-07, 6.84497223347e-08, 3.63936081271e-08, 7.38015941693e-08, 3.71334536453e-08, 1.82239254798e-08, 1.76300911647e-08, 3.28743112732e-08, 4.65939002936e-08, 5.42451843444e-08, 2.68488236088e-08, 1.12076730119e-08, 7.5193504756e-09, 1.31882700316e-08, 3.9826879572e-09, 1.74339405135e-08, 2.12012842837e-08, 6.93204738056e-09, 5.89792614747e-09, 5.801374936e-09, 1.1964239377e-08, 1.74275047726e-08, 1.28319275206e-08, 4.30295710174e-09, 1.02091295417e-08, 8.99448249214e-09, 5.61780177932e-09, 3.61904262114e-09, 1.13647047328e-08, 1.19722622927e-08, 5.86034687444e-09, 9.87999904112e-09, 1.40073597166e-08, 1.45864440526e-08, 9.62217594491e-09, 1.10428395317e-08, 1.80707999675e-08, 1.80926829074e-08, 1.33493651688e-08, 1.32380053586e-08, 7.60857332693e-09, 4.88696016987e-09, 4.08774347704e-09, 3.1924900501e-09, 1.85329696034e-09, 2.04530437031e-09, 2.99235547452e-09, 4.79308459589e-09, 3.24420024178e-09, 1.6810036696e-09, 1.99207805807e-09, 2.86675949646e-09, 1.0553197205e-09, 2.14724504843e-09, 2.93062707435e-09, 7.43592631913e-10, 1.57432045178e-09, 1.759170698e-09, 3.53616780302e-09, 3.19206283628e-09, 1.64495772559e-09, 1.03609099078e-09, 2.38166353306e-09, 1.48576462244e-09, 5.493135391e-10, 8.03460700749e-11, 9.52684597877e-10, 8.47817871463e-10, 8.72427741161e-10, 5.15428699721e-10, 8.39719904722e-10, 7.68658803274e-10, 6.24237495028e-10, 2.79743561649e-10, 2.28376623168e-11, 1.3950836146e-11, 4.92924485951e-11, 3.44114042816e-10, 1.96781965722e-10, 1.22103105404e-10, 6.61889432152e-11, 4.59787633314e-12, 1.81433671255e-13, 1.46367279733e-13, 8.74045370043e-14, 9.74570765885e-14, 6.4667292788e-14, 7.11047635159e-14, 6.57160483257e-14, 7.28342624927e-14, 5.43156963633e-14, 6.65674113054e-14, 4.33591388434e-14, 2.03449317939e-14, 3.32727014242e-15, 1.10053965133e-16],
        "stdev": [8.43391462695e-05, 0.000808988057543, 0.00105038913898, 0.000696136499755, 0.000656449061353, 0.000777425651904, 0.000893811287824, 0.00070574763231, 0.000471324136015, 0.000633890042081, 0.00115513440687, 0.00163261010312, 0.00170122552663, 0.00144212180749, 0.000904605141841, 0.000381382764317, 0.000417630304582, 0.00103690463584, 0.000960872275755, 0.00116909702774, 0.000785961397924, 0.00164184148889, 0.00141286116559, 0.00141308119055, 0.00120186829008, 0.000338061101502, 0.000581330619752, 0.000514280109201, 0.00102401070762, 0.00130325835198, 0.00205119419843, 0.00223766360432, 0.00108308088966, 0.000284921086859, 9.52691043494e-05, 0.000161031930475, 0.000188848280231, 0.000247297663009, 0.000183183787158, 0.000231461192016, 0.000213796753087, 0.00015605322551, 0.000227911470574, 0.000259527354501, 0.000335549120791, 0.00014513602946, 0.000116051749501, 6.96906645317e-05, 0.000256424653344, 0.000117401199532, 4.09891217714e-05, 5.18579254276e-05, 6.64069957566e-05, 8.18357511889e-05, 9.01211969904e-05, 6.65602346999e-05, 6.80073208059e-05, 5.7571905927e-05, 4.88111763843e-05, 2.00970644073e-05, 2.86550985038e-05, 1.87217392522e-05, 1.72924119397e-05, 2.1925812689e-05, 2.78741026705e-05, 1.78023001354e-05, 2.3603623049e-05, 2.04058069357e-05, 1.47906084749e-05, 1.11262133942e-05, 1.44435898619e-05, 1.54646713781e-05, 8.75275327417e-06, 1.3920350284e-05, 1.05484195956e-05, 8.13855785964e-06, 6.47116394248e-06, 5.46058890905e-06, 4.77490630146e-06, 5.18616616318e-06, 5.76565298616e-06, 4.9512559599e-06, 5.4263855418e-06, 6.04194656262e-06, 9.29553880269e-06, 1.15254752018e-05, 1.3040077647e-05, 1.49465377035e-05, 1.40246229421e-05, 1.14169652079e-05, 9.38711036724e-06, 9.14227257454e-06, 7.28505892766e-06, 8.13388396637e-06, 7.65138793213e-06, 5.72201815885e-06, 5.09747042088e-06, 5.85583029533e-06, 4.86311773784e-06, 3.50207733391e-06, 2.48981291406e-06, 2.42590067501e-06, 1.79593587291e-06, 1.1690339079e-06, 9.17485124319e-07, 7.43866849007e-07, 4.64748126205e-07, 3.34497855192e-07, 3.32879181997e-07, 4.16449893237e-07, 4.24869028848e-07, 4.15478154991e-07, 3.89077257523e-07, 2.36161241673e-07, 2.04760098654e-07, 1.57983862437e-07, 3.04180005628e-08, 3.4377893865e-09, 2.09750883329e-09, 2.98233193696e-09, 4.1583829713e-09, 3.87580278982e-09, 1.43533929187e-09, 1.16651188709e-10, 1.09572670381e-10, 1.08202870275e-10, 1.06951988932e-10, 1.06281608514e-10]
    },
    "mfcc": {
        "mean": [-649.090576172, 126.769828796, -6.87736654282, 10.3795595169, -9.73170852661, -2.43929815292, 1.98716425896, -2.94883513451, -3.1270506382, -2.96233129501, -7.59898757935, -3.50939202309, -6.97783899307],
        "cov": [[3150.97460938, -590.80078125, -637.819946289, -15.9404125214, 25.3328742981, 226.319976807, 107.006011963, 41.5417900085, 168.680862427, 133.371948242, 71.4092330933, 80.7521438599, -82.5538330078], [-590.80078125, 1172.58483887, -305.356994629, -11.9283704758, 20.8832206726, -50.1330032349, 50.7902946472, -32.4381523132, 38.4636650085, -51.4528503418, 46.5878067017, 72.4181289673, -8.18330097198], [-637.819946289, -305.356994629, 1075.23791504, 31.2395515442, 81.4603652954, 12.3878107071, -189.945785522, 43.437412262, -96.9428482056, 25.701007843, -13.1069784164, -30.4741649628, 98.7009811401], [-15.9404125214, -11.9283704758, 31.2395515442, 222.494781494, 93.8642272949, -11.7619628906, -75.8528060913, 7.04572486877, 22.9162826538, 5.54519891739, -5.76110553741, 14.4440822601, 18.7998695374], [25.3328742981, 20.8832206726, 81.4603652954, 93.8642272949, 338.130645752, -10.6470413208, -142.967895508, -29.3315620422, 18.3519916534, 22.7308082581, -2.86100268364, -1.2614710331, 40.6893959045], [226.319976807, -50.1330032349, 12.3878107071, -11.7619628906, -10.6470413208, 183.331588745, 59.0051002502, 4.45038843155, 37.3366851807, 34.9501495361, 8.99530601501, 31.3051815033, -19.9471950531], [107.006011963, 50.7902946472, -189.945785522, -75.8528060913, -142.967895508, 59.0051002502, 296.540893555, 48.6593704224, -15.2471942902, 8.43224143982, -0.880247294903, 6.33138275146, -27.0846366882], [41.5417900085, -32.4381523132, 43.437412262, 7.04572486877, -29.3315620422, 4.45038843155, 48.6593704224, 109.460357666, 0.655775487423, 11.6699800491, 11.4917640686, 8.74224758148, 4.86872053146], [168.680862427, 38.4636650085, -96.9428482056, 22.9162826538, 18.3519916534, 37.3366851807, -15.2471942902, 0.655775487423, 134.306213379, 16.2985591888, 4.95937347412, 38.0341873169, -25.2309799194], [133.371948242, -51.4528503418, 25.701007843, 5.54519891739, 22.7308082581, 34.9501495361, 8.43224143982, 11.6699800491, 16.2985591888, 84.4399032593, 21.891078949, 12.397026062, -4.34014415741], [71.4092330933, 46.5878067017, -13.1069784164, -5.76110553741, -2.86100268364, 8.99530601501, -0.880247294903, 11.4917640686, 4.95937347412, 21.891078949, 99.9533462524, 30.6727485657, -2.09685206413], [80.7521438599, 72.4181289673, -30.4741649628, 14.4440822601, -1.2614710331, 31.3051815033, 6.33138275146, 8.74224758148, 38.0341873169, 12.397026062, 30.6727485657, 103.831359863, 1.61311399937], [-82.5538330078, -8.18330097198, 98.7009811401, 18.7998695374, 40.6893959045, -19.9471950531, -27.0846366882, 4.86872053146, -25.2309799194, -4.34014415741, -2.09685206413, 1.61311399937, 90.0089187622]],
        "icov": [[0.00056346290512, 0.000392131332774, 0.000483463867567, 0.000135840644361, -0.000158865906997, -0.000499762361869, 0.000142767545185, -0.000291572039714, -0.000209007339436, -0.000390583416447, -0.000277489540167, -0.000217926513869, -6.62652819301e-05], [0.000392131332774, 0.00131855881773, 0.000523898226675, 0.000175774868694, -0.000378576805815, 4.23857236456e-05, -0.00021723487589, 0.000111347995698, -0.000314467848511, 0.000458565395093, -0.000671542307828, -0.000848604307976, -8.90060327947e-05], [0.000483463867567, 0.000523898226675, 0.00187532615382, 0.000291772012133, -1.18322705021e-05, -0.00113592413254, 0.00140328204725, -0.00124135112856, 0.000938606390264, -0.000768892059568, 6.57339624013e-05, -0.00012381268607, -0.00115351064596], [0.000135840644361, 0.000175774868694, 0.000291772012133, 0.00555940996855, -0.00116360140964, 1.64005468832e-05, 0.00111607986037, -0.00123386387713, -0.000533738115337, -0.000152202774188, 0.000608151720371, -0.000856879225466, -0.000535750412382], [-0.000158865906997, -0.000378576805815, -1.18322705021e-05, -0.00116360140964, 0.00442144647241, -0.00031302269781, 0.00179505033884, 0.000559295935091, -0.000142969249282, -0.00147827470209, 0.00042023989954, 0.000667058571707, -0.00159586733207], [-0.000499762361869, 4.23857236456e-05, -0.00113592413254, 1.64005468832e-05, -0.00031302269781, 0.00792783033103, -0.00242457701825, 0.00153339770623, -0.00178016186692, -0.0014070464531, 0.000187218829524, -0.00160790549126, 0.00133989565074], [0.000142767545185, -0.00021723487589, 0.00140328204725, 0.00111607986037, 0.00179505033884, -0.00242457701825, 0.00648694718257, -0.00302969058976, 0.00190914503764, -0.00124190084171, 0.00107745360583, 4.62054049422e-05, -0.000394078408135], [-0.000291572039714, 0.000111347995698, -0.00124135112856, -0.00123386387713, 0.000559295935091, 0.00153339770623, -0.00302969058976, 0.0115336980671, -0.00110414146911, -0.000507604971062, -0.00126010982785, -0.000441284995759, -0.000442345801275], [-0.000209007339436, -0.000314467848511, 0.000938606390264, -0.000533738115337, -0.000142969249282, -0.00178016186692, 0.00190914503764, -0.00110414146911, 0.0106477420777, -0.00124361691996, 0.00138343381695, -0.00295121362433, 0.00217616697773], [-0.000390583416447, 0.000458565395093, -0.000768892059568, -0.000152202774188, -0.00147827470209, -0.0014070464531, -0.00124190084171, -0.000507604971062, -0.00124361691996, 0.0152774685994, -0.00313122733496, -0.00015312465257, 0.000886453024577], [-0.000277489540167, -0.000671542307828, 6.57339624013e-05, 0.000608151720371, 0.00042023989954, 0.000187218829524, 0.00107745360583, -0.00126010982785, 0.00138343381695, -0.00313122733496, 0.0123038385063, -0.00316445017233, 0.000309387862217], [-0.000217926513869, -0.000848604307976, -0.00012381268607, -0.000856879225466, 0.000667058571707, -0.00160790549126, 4.62054049422e-05, -0.000441284995759, -0.00295121362433, -0.00015312465257, -0.00316445017233, 0.0130633823574, -0.00172489101533], [-6.62652819301e-05, -8.90060327947e-05, -0.00115351064596, -0.000535750412382, -0.00159586733207, 0.00133989565074, -0.000394078408135, -0.000442345801275, 0.00217616697773, 0.000886453024577, 0.000309387862217, -0.00172489101533, 0.0140325361863]]
    },
    "spectral_contrast_coeffs": {
        "max": [-0.395633459091, -0.434594064951, -0.450691282749, -0.507573366165, -0.58293145895, -0.629003465176],
        "mean": [-0.659389734268, -0.738597035408, -0.715223908424, -0.765543818474, -0.779358386993, -0.773368060589],
        "min": [-0.915208399296, -0.907110929489, -0.916707515717, -0.899756848812, -0.893803358078, -0.887117147446],
        "stdev": [0.0769512951374, 0.0768510326743, 0.0884954705834, 0.0657407045364, 0.0522408857942, 0.0445697382092]
    },
    "spectral_contrast_valleys": {
        "max": [-4.92996072769, -4.89591884613, -5.47460889816, -5.61272525787, -5.92992019653, -7.56179904938],
        "mean": [-7.04468488693, -6.71198606491, -7.31393957138, -7.80753231049, -7.75914812088, -10.2979049683],
        "min": [-10.0479249954, -8.61396312714, -9.37754631042, -10.2315635681, -10.0693273544, -12.4958133698],
        "stdev": [0.665726840496, 0.575237929821, 0.652620911598, 0.735218524933, 0.689533650875, 0.812718629837]
    }
},
"rhythm": {
    "beats_count": 80,
    "beats_loudness": {
        "max": 0.0958930328488,
        "mean": 0.0314949415624,
        "min": 0.00524911377579,
        "stdev": 0.0179569851607
    },
    "bpm": 150.019210815,
    "bpm_histogram_first_peak_bpm": 152,
    "bpm_histogram_first_peak_weight": 0.455882370472,
    "bpm_histogram_second_peak_bpm": 144,
    "bpm_histogram_second_peak_spread": 0.454545497894,
    "bpm_histogram_second_peak_weight": 0.0759493634105,
    "danceability": 1.03078150749,
    "onset_rate": 3.47607398033,
    "beats_loudness_band_ratio": {
        "max": [0.752057254314, 0.844544351101, 0.710499405861, 0.757856011391, 0.494508981705, 0.461093217134],
        "mean": [0.168688490987, 0.270014643669, 0.216514438391, 0.231089264154, 0.0756348595023, 0.0612576603889],
        "min": [0.00331756053492, 0.0147211551666, 0.0152761694044, 0.00394679512829, 0.0037445651833, 0.00394066469744],
        "stdev": [0.176018431783, 0.205678924918, 0.189640909433, 0.222488120198, 0.0925228819251, 0.0729846209288]
    },
