{
"metadata": {
    "version": {
        "essentia": "2.1-beta5",
        "essentia_git_sha": "Undefined",
        "extractor": "music 2.0"
    },
    "audio_properties": {
        "analysis": {
            "equal_loudness": 0,
            "length": 12.7477550507,
            "sample_rate": 44100,
            "start_time": 0,
            "downmix": "mix"
        },
        "bit_rate": 192000,
        "length": 193.561569214,
        "lossless": 0,
        "number_channels": 2,
        "replay_gain": 3.60382652283,
        "sample_rate": 48000,
        "codec": "mp3",
        "md5_encoded": "cd3a2a15c2ae2add8c46aef603acb389"
    },
    "tags": {
        "file_name": "Belgium_Le Grand Soir_Nuno Resende.mp3",
        "encoding": ["Lavf58.29.100"]
    }
},
"lowlevel": {
    "average_loudness": 0.759803652763,
    "barkbands_crest": {
        "max": 21.6392230988,
        "mean": 10.1815500259,
        "min": 2.87255120277,
        "stdev": 3.57484054565
    },
    "barkbands_flatness_db": {
        "max": 0.299791693687,
        "mean": 0.163219407201,
        "min": 0.0503605008125,
        "stdev": 0.0530483201146
    },
    "barkbands_kurtosis": {
        "max": 43.3838043213,
        "mean": 3.95257639885,
        "min": -1.70879042149,
        "stdev": 5.2115149498
    },
    "barkbands_skewness": {
        "max": 5.81557416916,
        "mean": 1.44814288616,
        "min": -1.04279315472,
        "stdev": 0.888322234154
    },
    "barkbands_spread": {
        "max": 48.2658958435,
        "mean": 11.8245239258,
        "min": 1.94079136848,
        "stdev": 7.67859315872
    },
    "dissonance": {
        "max": 0.499766975641,
        "mean": 0.467275321484,
        "min": 0.314573079348,
        "stdev": 0.0259398128837
    },
    "dynamic_complexity": 2.60009121895,
    "erbbands_crest": {
        "max": 25.0225219727,
        "mean": 10.686841011,
        "min": 3.42893624306,
        "stdev": 4.16817760468
    },
    "erbbands_flatness_db": {
        "max": 0.289882302284,
        "mean": 0.21417786181,
        "min": 0.110578820109,
        "stdev": 0.0331331118941
    },
    "erbbands_kurtosis": {
        "max": 16.5805511475,
        "mean": 1.52777695656,
        "min": -1.62309587002,
        "stdev": 2.24073147774
    },
    "erbbands_skewness": {
        "max": 3.64491438866,
        "mean": 0.928821325302,
        "min": -2.03066587448,
        "stdev": 0.7580691576
    },
    "erbbands_spread": {
        "max": 68.0223693848,
        "mean": 22.0526790619,
        "min": 6.40883541107,
        "stdev": 9.5221118927
    },
    "hfc": {
        "max": 156.200195312,
        "mean": 21.6477413177,
        "min": 0.00124079920352,
        "stdev": 18.2530193329
    },
    "loudness_ebu128": {
        "integrated": -25.6951580048,
        "loudness_range": 4.7266998291,
        "momentary": {
            "max": -21.1092262268,
            "mean": -26.6682281494,
            "min": -36.6846694946,
            "stdev": 3.02715754509
        },
        "short_term": {
            "max": -23.2589054108,
            "mean": -26.5548877716,
            "min": -29.1296424866,
            "stdev": 1.81704938412
        }
    },
    "melbands_crest": {
        "max": 27.3733863831,
        "mean": 12.6507902145,
        "min": 3.83161735535,
        "stdev": 4.6733288765
    },
    "melbands_flatness_db": {
        "max": 0.413308888674,
        "mean": 0.201957926154,
        "min": 0.0425225757062,
        "stdev": 0.0849444791675
    },
    "melbands_kurtosis": {
        "max": 85.1728820801,
        "mean": 7.75870037079,
        "min": -1.75987505913,
        "stdev": 8.88080596924
    },
    "melbands_skewness": {
        "max": 7.59529685974,
        "mean": 1.84372401237,
        "min": -0.891877293587,
        "stdev": 0.959477722645
    },
    "melbands_spread": {
        "max": 97.4051818848,
        "mean": 17.2143173218,
        "min": 1.63426876068,
        "stdev": 13.952914238
    },
    "pitch_salience": {
        "max": 0.833557546139,
        "mean": 0.618244886398,
        "min": 0.259688585997,
        "stdev": 0.0991261899471
    },
    "silence_rate_20dB": {
        "max": 1,
        "mean": 1,
        "min": 1,
        "stdev": 0
    },
    "silence_rate_30dB": {
        "max": 1,
        "mean": 0.969090938568,
        "min": 0,
        "stdev": 0.173071548343
    },
    "silence_rate_60dB": {
        "max": 1,
        "mean": 0.0363636352122,
        "min": 0,
        "stdev": 0.187193706632
    },
    "spectral_centroid": {
        "max": 2849.83642578,
        "mean": 1189.20117188,
        "min": 215.178695679,
        "stdev": 629.926025391
    },
    "spectral_complexity": {
        "max": 43,
        "mean": 19.4763641357,
        "min": 0,
        "stdev": 6.94853878021
    },
    "spectral_decrease": {
        "max": -1.42248138182e-13,
        "mean": -7.88912846161e-09,
        "min": -5.92063251759e-08,
        "stdev": 8.05617350608e-09
    },
    "spectral_energy": {
        "max": 0.227168917656,
        "mean": 0.0317388735712,
        "min": 6.49421963317e-07,
        "stdev": 0.0308858156204
    },
    "spectral_energyband_high": {
        "max": 0.0170543268323,
        "mean": 0.000504487543367,
        "min": 3.95914412366e-08,
        "stdev": 0.00147040653974
    },
    "spectral_energyband_low": {
        "max": 0.183486267924,
        "mean": 0.0092887384817,
        "min": 2.55573584518e-09,
        "stdev": 0.0238374248147
    },
    "spectral_energyband_middle_high": {
        "max": 0.0688489153981,
        "mean": 0.00671280035749,
        "min": 5.19792877185e-07,
        "stdev": 0.00765353068709
    },
    "spectral_energyband_middle_low": {
        "max": 0.0899818390608,
        "mean": 0.0175198800862,
        "min": 9.78995160494e-08,
        "stdev": 0.0155687546358
    },
    "spectral_entropy": {
        "max": 8.61476802826,
        "mean": 7.41594171524,
        "min": 6.0852560997,
        "stdev": 0.483290493488
    },
    "spectral_flux": {
        "max": 0.253860086203,
        "mean": 0.0869953259826,
        "min": 0.000805867195595,
        "stdev": 0.0384706705809
    },
    "spectral_kurtosis": {
        "max": 42.979511261,
        "mean": 7.19413995743,
        "min": -0.407049179077,
        "stdev": 6.35629796982
    },
    "spectral_rms": {
        "max": 0.0148871829733,
        "mean": 0.00505181355402,
        "min": 2.51710625889e-05,
        "stdev": 0.00233322498389
    },
    "spectral_rolloff": {
        "max": 9733.0078125,
        "mean": 1472.20410156,
        "min": 129.19921875,
        "stdev": 1302.36779785
    },
    "spectral_skewness": {
        "max": 5.02780294418,
        "mean": 1.91243159771,
        "min": 0.709436297417,
        "stdev": 0.707720279694
    },
    "spectral_spread": {
        "max": 15429888,
        "mean": 3541753.5,
        "min": 1392096,
        "stdev": 1295321.625
    },
    "spectral_strongpeak": {
        "max": 10.8498792648,
        "mean": 1.65757191181,
        "min": 0.0105393044651,
        "stdev": 1.69962728024
    },
    "zerocrossingrate": {
        "max": 0.27099609375,
        "mean": 0.05654829368,
        "min": 0.0078125,
        "stdev": 0.0364258512855
    },
    "barkbands": {
        "max": [0.00026226756745, 0.0980982929468, 0.15214677155, 0.0413126312196, 0.0696365758777, 0.0119769629091, 0.0273641496897, 0.0289960391819, 0.0485882908106, 0.069572687149, 0.0185762532055, 0.00392935518175, 0.013257984072, 0.0218690000474, 0.00310730794445, 0.00391082279384, 0.00444540381432, 0.00873136147857, 0.00178325350862, 0.00113077566493, 0.000896358396858, 0.00228889845312, 0.00347363576293, 0.010184452869, 0.00718804216012, 0.000792646082118, 0.000415146350861],
        "mean": [1.48544395415e-05, 0.00329933408648, 0.00429429439828, 0.00244715274312, 0.00305135850795, 0.00119530269876, 0.0019532230217, 0.00248998776078, 0.00515058496967, 0.00244028563611, 0.00120288261678, 0.00052205636166, 0.00102606858127, 0.000636519107502, 0.000269724463578, 0.000188317499124, 0.000316637742799, 0.000552797340788, 0.000144970457768, 0.000102984588011, 8.68536808412e-05, 9.53220223892e-05, 9.06664208742e-05, 9.49283057707e-05, 5.78844337724e-05, 1.18331990961e-05, 2.09684981201e-06],
        "min": [2.08321054851e-10, 1.39094502583e-09, 4.64190769156e-10, 6.61985688488e-10, 1.24927113099e-09, 2.5636390788e-09, 4.97373306985e-08, 1.52481742788e-08, 1.85634689842e-08, 1.65087286064e-08, 7.96549599613e-08, 1.53204140929e-07, 1.05771540859e-07, 1.27954189466e-08, 9.16324349731e-09, 9.88222392806e-09, 1.4920596314e-08, 1.04189981087e-08, 1.55688191228e-08, 1.08795724429e-07, 3.12183701112e-09, 3.4691405304e-09, 3.91380305942e-09, 7.51594875226e-09, 2.84638801418e-09, 1.20664844783e-09, 4.21426921138e-10],
        "stdev": [3.33742609655e-05, 0.0106836305931, 0.0141107141972, 0.00584182096645, 0.00620800862089, 0.00168205052614, 0.00287754694, 0.00347459223121, 0.00579875707626, 0.00587997958064, 0.00235649407841, 0.000570148171391, 0.00148951960728, 0.00208924734034, 0.000312654941808, 0.000288298819214, 0.000501998525579, 0.00129005126655, 0.000176861736691, 0.000144113408169, 0.000118678166473, 0.000200864626095, 0.000294407975161, 0.000566549657378, 0.000398536969442, 5.88709081057e-05, 2.0655874323e-05]
    },
    "erbbands": {
        "max": [1.39094698429, 26.6845645905, 135.370132446, 126.614341736, 186.342422485, 213.499923706, 76.356552124, 133.883850098, 288.847351074, 757.010375977, 716.044616699, 1074.14074707, 2253.86743164, 947.783081055, 352.152130127, 190.095367432, 679.96270752, 1433.7668457, 157.468139648, 149.110061646, 206.666168213, 254.818023682, 595.91229248, 374.308807373, 108.027679443, 65.5661239624, 50.6494750977, 40.2686843872, 87.8938980103, 70.265914917, 117.357437134, 248.220825195, 106.391433716, 111.379859924, 34.0351982117, 5.29924297333, 1.65297329426, 0.632785797119, 0.0525306575, 0.000852906261571],
        "mean": [0.0499996170402, 0.954062283039, 4.15742874146, 8.1091337204, 8.91261672974, 10.3468122482, 7.34591913223, 11.0098495483, 23.3308067322, 44.6298484802, 59.9366111755, 121.322998047, 101.077354431, 66.4836578369, 28.7522220612, 24.2632236481, 41.7578697205, 44.9665107727, 14.5419540405, 12.8722333908, 10.8779640198, 19.6686477661, 23.6302108765, 20.2366085052, 6.03234577179, 5.03742790222, 3.93054056168, 3.62894248962, 3.39066386223, 2.83085131645, 2.5580868721, 2.23715090752, 1.39770519733, 0.771759390831, 0.311923056841, 0.0723370015621, 0.0200982894748, 0.00487734563649, 0.000326856592437, 4.36195950897e-05],
        "min": [6.83058516415e-08, 2.08215411135e-07, 3.49514266418e-07, 1.76472201474e-06, 3.29321892423e-06, 4.13212319472e-06, 8.88059275894e-06, 2.56801322394e-05, 0.000237819651375, 0.00109841732774, 0.000229344252148, 0.000338576413924, 0.000791079015471, 0.000418400071794, 0.00754889426753, 0.00390988169238, 0.00557518703863, 0.00131238449831, 0.000563904468436, 0.000390446337406, 0.000605734647252, 0.000777109118644, 0.000794199528173, 0.00049615331227, 0.00198285002261, 0.00587414624169, 0.000357703625923, 0.00016454688739, 0.000123304271256, 0.000161100018886, 0.000124397134641, 0.000207826204132, 6.05669301876e-05, 4.12775334553e-05, 1.37495080708e-05, 7.03645764588e-06, 1.91103595171e-06, 4.87943907501e-07, 7.39105772141e-08, 4.8236432626e-09],
        "stdev": [0.163546204567, 2.96265506744, 13.112859726, 18.8628826141, 20.2291679382, 20.4311523438, 10.7183084488, 17.0189094543, 34.9837646484, 71.830039978, 74.4403839111, 144.51739502, 203.21055603, 111.911315918, 43.0844764709, 25.799785614, 57.8402748108, 128.366134644, 14.8593072891, 14.9126644135, 14.7403879166, 31.216545105, 52.9210662842, 47.5153923035, 7.38060951233, 7.34864616394, 5.54721069336, 5.53657865524, 6.85420656204, 6.55435228348, 9.33559322357, 13.1303510666, 7.80333995819, 5.59528017044, 2.01146841049, 0.376970142126, 0.107776015997, 0.0343189798295, 0.00280704419129, 5.63465910091e-05]
    },
    "gfcc": {
        "mean": [-18.9094238281, 93.3502883911, -155.393981934, -3.78317022324, -83.5507736206, -2.18369603157, -38.5847511292, 0.0513942688704, -22.6808242798, -9.86432933807, -20.4256744385, -10.1772117615, -17.10297966],
        "cov": [[2217.88330078, -257.558319092, -98.5325622559, -3.68501901627, -93.7966918945, 170.914337158, -42.6492805481, 81.7641067505, -5.32648515701, -70.8776245117, -123.373222351, 64.2480010986, 16.1200580597], [-257.558319092, 3035.28955078, 1528.59326172, 494.950592041, 926.271728516, 14.5899610519, 387.84387207, -166.080230713, 350.576263428, 33.3181762695, 269.124267578, -229.805419922, 120.037071228], [-98.5325622559, 1528.59326172, 1284.77978516, 382.152435303, 680.328918457, 223.308258057, 249.682632446, -43.2841072083, 176.791229248, 82.3134765625, 140.027389526, -79.8000106812, 107.542320251], [-3.68501901627, 494.950592041, 382.152435303, 276.703155518, 250.658691406, 53.7372360229, 66.5344619751, -8.50535106659, 47.3958396912, 4.5640501976, 57.4615592957, -5.34039449692, 33.4795799255], [-93.7966918945, 926.271728516, 680.328918457, 250.658691406, 498.296325684, 124.697021484, 168.85383606, -16.796169281, 95.3037796021, 28.1059379578, 95.6260452271, -29.2877254486, 63.3624420166], [170.914337158, 14.5899610519, 223.308258057, 53.7372360229, 124.697021484, 211.285461426, 85.9140625, 46.3620910645, 16.3243732452, 27.3515472412, -1.00979161263, 37.5713691711, 57.5048332214], [-42.6492805481, 387.84387207, 249.682632446, 66.5344619751, 168.85383606, 85.9140625, 154.898452759, 23.1200313568, 54.7578315735, 5.53946256638, 31.8047542572, -6.4129242897, 48.0673751831], [81.7641067505, -166.080230713, -43.2841072083, -8.50535106659, -16.796169281, 46.3620910645, 23.1200313568, 85.5924224854, -1.41115343571, -0.138380348682, -3.1354033947, 36.754989624, 13.9724626541], [-5.32648515701, 350.576263428, 176.791229248, 47.3958396912, 95.3037796021, 16.3243732452, 54.7578315735, -1.41115343571, 93.5085372925, 26.7377223969, 39.5684204102, -30.3394031525, 18.3348922729], [-70.8776245117, 33.3181762695, 82.3134765625, 4.5640501976, 28.1059379578, 27.3515472412, 5.53946256638, -0.138380348682, 26.7377223969, 74.4673080444, 24.0543651581, -5.04716777802, 11.676448822], [-123.373222351, 269.124267578, 140.027389526, 57.4615592957, 95.6260452271, -1.00979161263, 31.8047542572, -3.1354033947, 39.5684204102, 24.0543651581, 81.0467681885, -3.38007903099, 13.5180006027], [64.2480010986, -229.805419922, -79.8000106812, -5.34039449692, -29.2877254486, 37.5713691711, -6.4129242897, 36.754989624, -30.3394031525, -5.04716777802, -3.38007903099, 80.361114502, 21.0096683502], [16.1200580597, 120.037071228, 107.542320251, 33.4795799255, 63.3624420166, 57.5048332214, 48.0673751831, 13.9724626541, 18.3348922729, 11.676448822, 13.5180006027, 21.0096683502, 73.5219726562]],
        "icov": [[0.000675791990943, -0.000512466882356, 0.000277165177977, -0.000119158372399, 0.000334149546688, -0.00129338796251, 0.00122382596601, -0.000793459068518, -0.000343299238011, 0.000403651676606, 0.00136992963962, -0.000697559851687, 0.000380641722586], [-0.000512466882356, 0.00395469926298, -0.00226491200738, 4.72210285807e-06, -0.00197026552632, 0.00445566000417, -0.00407564314082, 0.00400139950216, -0.00443690828979, 0.00321974954568, -0.00407844642177, 0.00354463537224, -0.00258430233225], [0.000277165177977, -0.00226491200738, 0.00534289795905, -0.00143170240335, -0.00240506604314, -0.00450805388391, 0.00213441229425, -0.00096013804432, 0.00132580508944, -0.0032687629573, 0.00189221324399, 0.000588316703215, 0.000532031990588], [-0.000119158372399, 4.72210285807e-06, -0.00143170240335, 0.00762877007946, -0.00260109687224, 0.000709139101673, 0.00180981552694, -0.000521707930602, -0.000222809539991, 0.0020218193531, -0.00129052635748, -0.00162998517044, -0.000320825492963], [0.000334149546688, -0.00197026552632, -0.00240506604314, -0.00260109687224, 0.0107510071248, -0.00276992563158, -0.0016740928404, -0.00081590708578, 0.00295895431191, -0.000181646930287, -0.000900813553017, -0.00250929780304, 0.00217020185664], [-0.00129338796251, 0.00445566000417, -0.00450805388391, 0.000709139101673, -0.00276992563158, 0.0165664125234, -0.00836064852774, 0.0013478131732, -0.00245511298999, -0.000918578763958, -0.000353252107743, -0.000342843995895, -0.00515912659466], [0.00122382596601, -0.00407564314082, 0.00213441229425, 0.00180981552694, -0.0016740928404, -0.00836064852774, 0.0203364212066, -0.00811931677163, -0.000794463790953, 0.00185343960766, 0.00408738665283, -0.00129738927353, -0.00180791399907], [-0.000793459068518, 0.00400139950216, -0.00096013804432, -0.000521707930602, -0.00081590708578, 0.0013478131732, -0.00811931677163, 0.0220957193524, -0.00678616482764, 0.00300995935686, -0.00498133990914, -0.00291467737406, -0.000995849492028], [-0.000343299238011, -0.00443690828979, 0.00132580508944, -0.000222809539991, 0.00295895431191, -0.00245511298999, -0.000794463790953, -0.00678616482764, 0.0270897075534, -0.00892588403076, -0.00193208816927, 0.00356825464405, 0.0006582296337], [0.000403651676606, 0.00321974954568, -0.0032687629573, 0.0020218193531, -0.000181646930287, -0.000918578763958, 0.00185343960766, 0.00300995935686, -0.00892588403076, 0.0226601175964, -0.00794206280261, 0.00349052995443, -0.00330347963609], [0.00136992963962, -0.00407844642177, 0.00189221324399, -0.00129052635748, -0.000900813553017, -0.000353252107743, 0.00408738665283, -0.00498133990914, -0.00193208816927, -0.00794206280261, 0.0272998213768, -0.00936297886074, 0.00290459580719], [-0.000697559851687, 0.00354463537224, 0.000588316703215, -0.00162998517044, -0.00250929780304, -0.000342843995895, -0.00129738927353, -0.00291467737406, 0.00356825464405, 0.00349052995443, -0.00936297886074, 0.0277654994279, -0.00957670994103], [0.000380641722586, -0.00258430233225, 0.000532031990588, -0.000320825492963, 0.00217020185664, -0.00515912659466, -0.00180791399907, -0.000995849492028, 0.0006582296337, -0.00330347963609, 0.00290459580719, -0.00957670994103, 0.0232043061405]]
    },
    "melbands": {
        "max": [0.0213434305042, 0.0484787784517, 0.0185377597809, 0.0186812803149, 0.00235731247813, 0.0027154313866, 0.00455459579825, 0.00834399089217, 0.00489213876426, 0.00790980830789, 0.0114136207849, 0.00382167240605, 0.00187052309047, 0.000478698028019, 0.0010700460989, 0.00224733864889, 0.00238418974914, 0.000234725972405, 0.000222145827138, 0.000298237777315, 0.000217941211304, 0.00036256184103, 0.000466962606879, 0.000659800833091, 0.000309732247842, 9.30501701077e-05, 3.35999247909e-05, 5.84138797421e-05, 2.74000267382e-05, 2.33199407376e-05, 3.11294788844e-05, 4.45139812655e-05, 4.97002729389e-05, 3.39203616022e-05, 7.40554532968e-05, 5.0007194659e-05, 0.000227379568969, 9.32364273467e-05, 0.000138964576763, 6.71663292451e-05],
        "mean": [0.000733390101232, 0.00190382893197, 0.00135908124503, 0.000746342935599, 0.000268804840744, 0.000237831118284, 0.000378578377422, 0.000505150586832, 0.000545874121599, 0.000769062666222, 0.000485872849822, 0.000263674621237, 0.000121815450257, 5.76859456487e-05, 7.77227833169e-05, 0.000111171895696, 7.41946132621e-05, 2.06064614758e-05, 2.09045283555e-05, 1.41920536407e-05, 1.16550545499e-05, 2.08057099371e-05, 1.63359254657e-05, 2.82742021227e-05, 1.55052712216e-05, 4.67812833449e-06, 3.09415554511e-06, 3.48921162185e-06, 2.67498762696e-06, 1.87905015991e-06, 2.20924289351e-06, 2.01019315682e-06, 1.64684354331e-06, 1.50415542066e-06, 1.51477058807e-06, 1.22254482449e-06, 1.58507202741e-06, 1.04826870029e-06, 8.86544512468e-07, 5.27702070485e-07],
        "min": [5.11748643461e-10, 2.2573140579e-10, 3.38255534693e-10, 2.72468853035e-10, 2.60758331594e-10, 5.1869114559e-10, 5.7272391274e-09, 1.04474482399e-08, 1.3056289383e-09, 2.56213872341e-09, 3.9701393284e-09, 8.34536384442e-10, 1.74555871979e-08, 2.1241657322e-08, 7.57319718048e-09, 1.03426307518e-08, 1.61802204968e-09, 8.43363823222e-10, 6.50457632201e-10, 5.4171039876e-10, 7.48003659012e-10, 7.98194399465e-10, 7.95698895661e-10, 5.63227298134e-10, 3.33350180792e-10, 6.55451748433e-10, 4.09329237172e-09, 3.40465189375e-09, 1.02213168485e-10, 5.72997448101e-11, 1.01280046849e-10, 7.44318842671e-11, 6.14995832038e-11, 9.48318576444e-11, 5.6593375819e-11, 1.2619258416e-10, 1.13663779777e-10, 4.70352194692e-11, 2.48977210376e-11, 3.8332753638e-11],
        "stdev": [0.00240609655157, 0.00542445899919, 0.00298180431128, 0.00162730028387, 0.000364219682524, 0.000348801870132, 0.000565135618672, 0.000808517157566, 0.000694221293088, 0.000915186654311, 0.00101459177677, 0.000443808006821, 0.000215517458855, 6.40862272121e-05, 0.0001107998105, 0.000210614671232, 0.000216055981582, 1.94437434402e-05, 2.52998797805e-05, 2.10326015804e-05, 1.56133246492e-05, 3.59699661203e-05, 3.75345152861e-05, 7.15021160431e-05, 3.83380574931e-05, 6.28290581517e-06, 3.48738467437e-06, 6.09532935414e-06, 4.02403475164e-06, 2.61180662164e-06, 3.76905245503e-06, 3.89744855056e-06, 4.00940416512e-06, 3.445027005e-06, 5.84857616559e-06, 4.33565946878e-06, 1.13678906928e-05, 5.9093163145e-06, 6.85586564941e-06, 3.53341738446e-06]
    },
    "melbands128": {
        "max": [0.00018041144358, 0.00352164986543, 0.0336565971375, 0.04911095649, 0.060695271939, 0.0746676623821, 0.030553413555, 0.0141836553812, 0.0242633521557, 0.0329360254109, 0.00793088134378, 0.00334296748042, 0.00369328493252, 0.00173789227847, 0.00307453237474, 0.00425620377064, 0.00289740134031, 0.00860607624054, 0.0096173780039, 0.0117151308805, 0.00956616923213, 0.0115501713008, 0.00838847737759, 0.0111919622868, 0.00813465472311, 0.0146637493744, 0.00651954393834, 0.0217944420874, 0.00739056896418, 0.00445709004998, 0.00415536575019, 0.00402850611135, 0.00192737043835, 0.00166238495149, 0.000564796209801, 0.000813457590993, 0.000928452180233, 0.00152157316916, 0.00177198590245, 0.00264594401233, 0.00131777510978, 0.00884474348277, 0.00231962278485, 0.000236891166423, 0.000182223899174, 0.000246545911068, 0.000452093285276, 0.000402874982683, 0.000212223778362, 0.000322672800394, 0.000453507527709, 0.00040267672739, 0.000281117769191, 0.000143646379001, 0.000231482947129, 0.000786809890997, 0.000356129079591, 0.000797046639491, 0.00104212178849, 0.00128397252411, 0.00152642792091, 0.00144622672815, 0.000664508494083, 0.000143058801768, 6.03412845521e-05, 0.000103641097667, 0.000156775102369, 6.45776162855e-05, 2.8612488677e-05, 2.88947503577e-05, 0.000111025306978, 0.00013279428822, 7.32753469492e-05, 4.73702857562e-05, 4.9742840929e-05, 2.59083044511e-05, 2.8089789339e-05, 3.18054771924e-05, 3.85235543945e-05, 7.83622890594e-05, 2.84536836261e-05, 7.14841953595e-05, 7.31848485884e-05, 3.92577385355e-05, 4.42721539002e-05, 3.86897518183e-05, 2.94967830996e-05, 6.58488206682e-05, 0.000123382706079, 8.23363589006e-05, 7.14931811672e-05, 5.48120879102e-05, 3.94551680074e-05, 0.000209661870031, 0.000434686284279, 0.00010985431436, 5.07878758071e-05, 5.21867914358e-05, 6.62037418806e-05, 0.000340761704138, 7.67830133555e-05, 2.40179033426e-05, 3.73758011847e-05, 2.75395959761e-05, 4.46463564003e-05, 6.55317417113e-05, 1.4720199033e-05, 7.38550988899e-06, 6.60518026052e-06, 5.37078631169e-06, 3.40010956279e-06, 4.61015497422e-06, 6.45566524327e-06, 6.81180563333e-06, 3.97091980631e-06, 4.20616697738e-06, 6.63515038468e-06, 7.00469217918e-06, 3.46308570442e-06, 1.72546992872e-06, 4.93078573527e-07, 1.32815287657e-08, 7.22768378481e-09, 3.03712588412e-09, 3.00668112629e-09, 2.97229729718e-09, 2.94896573827e-09, 2.93353030756e-09],
        "mean": [1.17736626635e-05, 0.000133247449412, 0.00117987312842, 0.00161521916743, 0.00194112805184, 0.00218361499719, 0.00182880554348, 0.000957796990406, 0.000830175355077, 0.000982458819635, 0.000527573865838, 0.000253161968431, 0.000272398552625, 0.000166182493558, 0.000222058573854, 0.000308906077407, 0.000238124586758, 0.000474187079817, 0.000428634986747, 0.000521736976225, 0.00055997405434, 0.000371793430531, 0.000508875586092, 0.000726430967916, 0.00091434433125, 0.00073286035331, 0.000587408896536, 0.000558091152925, 0.000290786672849, 0.000230975390878, 0.000296734564472, 0.000251855555689, 7.5670737715e-05, 6.5823791374e-05, 5.86514252063e-05, 5.24865026819e-05, 5.96881654928e-05, 8.05463569122e-05, 8.91862146091e-05, 7.77252644184e-05, 0.000107702740934, 0.000181718874956, 7.59892354836e-05, 2.53289617831e-05, 1.99369824259e-05, 1.88317371794e-05, 2.24137111218e-05, 2.37266285694e-05, 1.9291341232e-05, 1.5248143427e-05, 1.331113981e-05, 1.37174320116e-05, 1.12510952022e-05, 1.03228358057e-05, 1.32866807689e-05, 2.60005381278e-05, 2.45784358412e-05, 1.23746785903e-05, 1.55028992594e-05, 1.90038681467e-05, 2.41615834966e-05, 4.65005650767e-05, 1.81702744158e-05, 8.38111554913e-06, 5.1398587857e-06, 4.45904970547e-06, 4.63011974716e-06, 3.18196839544e-06, 2.70129817181e-06, 2.82705241261e-06, 3.77094534088e-06, 3.69564759239e-06, 3.15921033689e-06, 2.55362419921e-06, 2.01101079256e-06, 1.88935996448e-06, 1.64566233707e-06, 2.1947867026e-06, 2.18890977521e-06, 2.47686921284e-06, 2.0534248506e-06, 1.90201785699e-06, 1.65876042502e-06, 1.61244190622e-06, 1.60887861966e-06, 1.69438601461e-06, 1.33665355406e-06, 1.3609154621e-06, 1.77785864253e-06, 1.30491855543e-06, 1.51876179189e-06, 1.19629544315e-06, 7.25826282633e-07, 1.50477796979e-06, 2.47576940637e-06, 1.19740934679e-06, 7.11547670562e-07, 7.14302814231e-07, 7.23015261883e-07, 1.36604137424e-06, 5.96609197601e-07, 3.62611842775e-07, 3.56305633886e-07, 3.70420735862e-07, 3.83893222988e-07, 3.92903643842e-07, 1.99729825567e-07, 1.29389448489e-07, 1.08984664848e-07, 7.39071168709e-08, 5.80562691255e-08, 5.99775873411e-08, 6.90038888251e-08, 6.07161680932e-08, 5.02892838483e-08, 4.4818687428e-08, 3.8327740981e-08, 2.56522323383e-08, 1.51274974769e-08, 1.02674020397e-08, 2.83641354848e-09, 2.36567959666e-10, 1.00082095389e-10, 1.41531534756e-11, 1.07584947895e-11, 9.69976876597e-12, 9.11097326056e-12, 8.99131290255e-12],
        "min": [8.03059840848e-11, 6.46796283199e-10, 5.96585225665e-10, 2.49980341982e-10, 8.69545893623e-11, 2.98940011634e-10, 3.78078041097e-10, 3.07159075952e-10, 3.46348894009e-10, 3.01925207058e-10, 2.09130421314e-10, 1.71516245651e-10, 3.271042881e-10, 3.1688957014e-10, 3.40375450048e-10, 8.43648595428e-10, 5.85285708787e-10, 3.11276004972e-09, 1.65687534803e-08, 1.66640372612e-08, 4.32640145931e-09, 1.627934898e-09, 9.31205224042e-10, 9.74965441713e-10, 1.19684839817e-09, 3.41491368516e-09, 5.50868950455e-09, 4.60657068047e-09, 2.2943371647e-09, 8.21013534935e-10, 4.0626046971e-10, 4.97419994083e-10, 3.74849928875e-09, 4.7061508468e-08, 3.63561660777e-08, 8.8995761871e-09, 4.41364456094e-09, 2.82534018403e-09, 1.01024930643e-08, 2.29762626702e-08, 5.47613554502e-09, 2.37853514662e-09, 1.2464864696e-09, 1.92509963526e-09, 5.15029741077e-10, 5.27998700317e-10, 1.33854871631e-09, 7.56301798965e-10, 2.59694044047e-10, 4.96968854957e-10, 5.88079973607e-10, 5.60176072195e-10, 5.99352567576e-10, 1.10791154029e-09, 6.17128514957e-10, 7.10154157701e-10, 8.49449899309e-10, 1.07255171411e-09, 4.08623412884e-10, 1.06299413716e-09, 6.74799216505e-10, 1.5854904889e-10, 1.52172455192e-10, 3.67958774561e-10, 6.33904206904e-10, 7.5759043483e-10, 5.96799387687e-10, 5.35260280543e-10, 4.07831990401e-09, 1.17084377749e-08, 2.17642681655e-09, 6.6054883785e-10, 1.14665367479e-10, 3.00933895858e-11, 6.9487832155e-11, 4.02035488234e-11, 5.60653259929e-11, 9.74568481471e-11, 1.43078618398e-10, 5.79558658009e-11, 9.11865166708e-11, 7.06478764378e-11, 3.40896165463e-11, 5.86575996109e-11, 7.39169767061e-11, 1.43200215574e-10, 8.29242507994e-11, 4.8215872267e-11, 6.01295402358e-11, 5.7547133725e-11, 4.61822247111e-11, 1.81640064101e-10, 2.12023607005e-10, 1.1352142143e-10, 5.07028863339e-11, 5.65632644889e-11, 5.27357151003e-11, 1.88094800152e-11, 1.24168696158e-11, 4.34867385157e-11, 3.37842878673e-11, 5.13647561984e-11, 1.77224901421e-11, 1.25828548969e-11, 1.57879542773e-11, 1.22780050016e-11, 1.34199300977e-11, 8.85523685629e-12, 1.45048729971e-11, 1.62222752592e-11, 3.52197589669e-12, 6.69779596368e-12, 6.68421091046e-12, 4.04831550227e-12, 4.42446903767e-12, 3.89823980387e-12, 5.69456808097e-12, 1.44503517225e-12, 1.24546315101e-12, 1.10230661404e-12, 1.25969915922e-12, 1.2689395975e-12, 1.20359137153e-12, 5.07608386748e-13, 5.52769906671e-13, 1.5152001832e-13, 2.36240233376e-14, 2.05006939532e-15],
        "stdev": [2.6547586458e-05, 0.000427815393778, 0.00403921958059, 0.00517670856789, 0.00625255377963, 0.00701457401738, 0.00442677130923, 0.00222037965432, 0.00217416323721, 0.00246853474528, 0.00102618441451, 0.00039162900066, 0.000490265956614, 0.000220818095841, 0.000383250066079, 0.000580665306188, 0.000310742907459, 0.00097034155624, 0.000730269006453, 0.00109569728374, 0.00107887934428, 0.000797094369773, 0.000938902725466, 0.00120016431902, 0.00127433775924, 0.00119666056708, 0.000852346071042, 0.00188471574802, 0.000661590369418, 0.000477870140458, 0.000570288510062, 0.000555724313017, 0.00017509960162, 0.000129942127387, 8.44247624627e-05, 8.02882495918e-05, 8.0318939581e-05, 0.000156797555974, 0.000159854302183, 0.00017122758436, 0.000177888621693, 0.000710107386112, 0.000248449359788, 2.80016247416e-05, 2.05157102755e-05, 2.11903970921e-05, 4.00350836571e-05, 3.59476252925e-05, 2.52509307757e-05, 2.49011754931e-05, 2.59215739788e-05, 2.77453582385e-05, 1.90003684111e-05, 1.41822865771e-05, 2.38379743678e-05, 6.43442181172e-05, 4.76162094856e-05, 3.85350249417e-05, 5.82699976803e-05, 8.01193382358e-05, 9.32268740144e-05, 0.000155930683832, 6.64882027195e-05, 1.61489224411e-05, 7.23853918316e-06, 7.65089043853e-06, 9.29139605432e-06, 4.65774382974e-06, 3.13039663524e-06, 3.54599978891e-06, 8.69754512678e-06, 9.35891603149e-06, 6.62009824737e-06, 4.46642206953e-06, 3.61338425137e-06, 3.12958559334e-06, 2.52918857768e-06, 3.55014708475e-06, 4.06688104704e-06, 6.15467206444e-06, 3.5600519368e-06, 4.60827959614e-06, 4.65511357106e-06, 3.79516222893e-06, 4.12717918152e-06, 3.98411111746e-06, 2.6294997042e-06, 4.88171463076e-06, 8.28779593576e-06, 4.6665309128e-06, 5.91949492446e-06, 4.41688189312e-06, 2.48858623308e-06, 1.070207054e-05, 2.12013510463e-05, 6.81868414176e-06, 3.41463123732e-06, 3.90298237107e-06, 4.41416614194e-06, 1.52536667883e-05, 4.01759325541e-06, 1.81871939731e-06, 2.20223978431e-06, 2.22444077735e-06, 2.57224655797e-06, 3.29871045324e-06, 1.0892949831e-06, 6.17726925611e-07, 5.84498877743e-07, 3.82646845765e-07, 2.65674827915e-07, 3.03485279574e-07, 4.36922647395e-07, 3.86635861105e-07, 2.94352304309e-07, 2.73220848612e-07, 3.34903404564e-07, 3.22814855735e-07, 1.67828659414e-07, 9.86099379929e-08, 2.99554088201e-08, 9.80655001648e-10, 4.43422770724e-10, 1.32001340414e-10, 1.28043117775e-10, 1.26619811858e-10, 1.25647769966e-10, 1.24993099204e-10]
    },
    "mfcc": {
        "mean": [-649.879516602, 129.557250977, -26.2297916412, -6.2973446846, -26.0002784729, -10.9902973175, -15.5141849518, -0.373063236475, -8.2881526947, -0.250635236502, -1.84875977039, -5.37375259399, -13.2130918503],
        "cov": [[2447.4152832, -743.855407715, -273.904266357, -302.996734619, -205.211669922, -112.862236023, -144.94631958, 101.910858154, 40.9031028748, -121.854225159, -34.9623222351, -26.735086441, -193.721893311], [-743.855407715, 2596.8293457, 900.608825684, 764.072814941, 616.921386719, 452.870574951, 281.242492676, 28.5935516357, 138.124023438, 243.718643188, 134.151062012, 142.224853516, 177.534866333], [-273.904266357, 900.608825684, 608.38494873, 312.544189453, 352.994384766, 279.98046875, 180.815765381, 37.7411880493, 107.025856018, 131.70451355, 24.7574863434, 58.9638748169, 130.422943115], [-302.996734619, 764.072814941, 312.544189453, 393.169464111, 264.159088135, 157.973373413, 96.8263092041, 14.2856969833, 24.569437027, 63.0109443665, 43.80519104, 22.0374927521, 62.9989242554], [-205.211669922, 616.921386719, 352.994384766, 264.159088135, 341.755737305, 204.381454468, 146.00479126, 41.3406524658, 61.2100753784, 73.62940979, 22.8208312988, 36.3341331482, 95.0242767334], [-112.862236023, 452.870574951, 279.98046875, 157.973373413, 204.381454468, 221.599395752, 129.889984131, 42.0030097961, 81.3330307007, 62.0197944641, -1.15590441227, 39.5893249512, 73.3507080078], [-144.94631958, 281.242492676, 180.815765381, 96.8263092041, 146.00479126, 129.889984131, 164.075180054, 69.1917800903, 72.9302139282, 35.7429389954, -3.78567647934, 29.5105018616, 64.7949447632], [101.910858154, 28.5935516357, 37.7411880493, 14.2856969833, 41.3406524658, 42.0030097961, 69.1917800903, 114.541168213, 47.6012878418, -2.42594981194, -9.3195400238, 3.61690354347, 18.5950908661], [40.9031028748, 138.124023438, 107.025856018, 24.569437027, 61.2100753784, 81.3330307007, 72.9302139282, 47.6012878418, 102.803779602, 39.7924385071, -13.193236351, 20.8503074646, 37.5426330566], [-121.854225159, 243.718643188, 131.70451355, 63.0109443665, 73.62940979, 62.0197944641, 35.7429389954, -2.42594981194, 39.7924385071, 81.6387176514, 17.8366641998, 17.6497821808, 36.5967750549], [-34.9623222351, 134.151062012, 24.7574863434, 43.80519104, 22.8208312988, -1.15590441227, -3.78567647934, -9.3195400238, -13.193236351, 17.8366641998, 64.0223312378, 24.7263641357, -4.47613954544], [-26.735086441, 142.224853516, 58.9638748169, 22.0374927521, 36.3341331482, 39.5893249512, 29.5105018616, 3.61690354347, 20.8503074646, 17.6497821808, 24.7263641357, 71.8681488037, 34.6678161621], [-193.721893311, 177.534866333, 130.422943115, 62.9989242554, 95.0242767334, 73.3507080078, 64.7949447632, 18.5950908661, 37.5426330566, 36.5967750549, -4.47613954544, 34.6678161621, 100.45892334]],
        "icov": [[0.000681339821313, 0.000100266952359, -0.000245664734393, 0.000351658003638, -0.000417681323597, -0.000152406821144, 0.00116324122064, -0.000884046312422, -0.000975859700702, 0.000746192527004, 2.77718008874e-05, -0.000601564766839, 0.00145650526974], [0.000100266952359, 0.0013931262074, -0.00080234662164, -0.00177326297853, 0.000170243278262, -0.000313694006763, -0.000124703976326, 5.85954912822e-05, -0.000139072741149, -0.00114833691623, -0.000540112145245, -0.0013204452116, 0.000924581370782], [-0.000245664734393, -0.00080234662164, 0.00693923700601, -0.000475801847642, -0.00231963349506, -0.00301013491116, -0.00061678030761, 0.000834949896671, -0.000104803788417, -0.00342796416953, 0.000588599476032, 0.00064475502586, -0.0020394611638], [0.000351658003638, -0.00177326297853, -0.000475801847642, 0.00882659014314, -0.00402917759493, -0.000355253258022, 0.00132051145192, -0.000537367595825, 0.00075384171214, 0.00263963267207, -0.00228966469876, 0.00305180624127, -0.000185789351235], [-0.000417681323597, 0.000170243278262, -0.00231963349506, -0.00402917759493, 0.0123816430569, -0.0040864306502, -0.00353858736344, 9.30031819735e-05, 0.00245047244243, -0.000368159380741, -0.00196809787303, 0.00184956169687, -0.00353861297481], [-0.000152406821144, -0.000313694006763, -0.00301013491116, -0.000355253258022, -0.0040864306502, 0.0168849118054, -0.00429000565782, 0.000868160976097, -0.00366601347923, -0.000492408697028, 0.00441741850227, -0.00341359898448, 0.00145853392314], [0.00116324122064, -0.000124703976326, -0.00061678030761, 0.00132051145192, -0.00353858736344, -0.00429000565782, 0.0189995523542, -0.00714148115367, -0.00534914154559, 0.00323764653876, -1.25665856103e-05, -0.00140419579111, -0.000713307410479], [-0.000884046312422, 5.85954912822e-05, 0.000834949896671, -0.000537367595825, 9.30031819735e-05, 0.000868160976097, -0.00714148115367, 0.0153454486281, -0.00462722871453, 0.0034085130319, -0.00191344681662, 0.0028415825218, -0.00208980310708], [-0.000975859700702, -0.000139072741149, -0.000104803788417, 0.00075384171214, 0.00245047244243, -0.00366601347923, -0.00534914154559, -0.00462722871453, 0.0233223754913, -0.0102925831452, 0.00605871900916, -0.0028548813425, -0.00101834686939], [0.000746192527004, -0.00114833691623, -0.00342796416953, 0.00263963267207, -0.000368159380741, -0.000492408697028, 0.00323764653876, 0.0034085130319, -0.0102925831452, 0.0272906888276, -0.00862498953938, 0.00460146646947, -0.00381566188298], [2.77718008874e-05, -0.000540112145245, 0.000588599476032, -0.00228966469876, -0.00196809787303, 0.00441741850227, -1.25665856103e-05, -0.00191344681662, 0.00605871900916, -0.00862498953938, 0.0276386253536, -0.0126352785155, 0.00714797573164], [-0.000601564766839, -0.0013204452116, 0.00064475502586, 0.00305180624127, 0.00184956169687, -0.00341359898448, -0.00140419579111, 0.0028415825218, -0.0028548813425, 0.00460146646947, -0.0126352785155, 0.0252516902983, -0.0103413201869], [0.00145650526974, 0.000924581370782, -0.0020394611638, -0.000185789351235, -0.00353861297481, 0.00145853392314, -0.000713307410479, -0.00208980310708, -0.00101834686939, -0.00381566188298, 0.00714797573164, -0.0103413201869, 0.0226802714169]]
    },
    "spectral_contrast_coeffs": {
        "max": [-0.463658094406, -0.568216145039, -0.539161980152, -0.664883375168, -0.670269906521, -0.651656270027],
        "mean": [-0.654567122459, -0.759396493435, -0.743683516979, -0.813757240772, -0.80195659399, -0.760411918163],
        "min": [-0.900312542915, -0.91415220499, -0.884507656097, -0.901131331921, -0.870775461197, -0.870944917202],
        "stdev": [0.0643428862095, 0.0660538822412, 0.058434728533, 0.0349255464971, 0.0396376661956, 0.0316202752292]
    },
    "spectral_contrast_valleys": {
        "max": [-4.74940919876, -4.95620536804, -5.5486536026, -5.61016082764, -6.44090938568, -7.62803411484],
        "mean": [-7.67878389359, -6.04543113708, -6.78932714462, -7.20742225647, -7.59529924393, -10.5123109818],
        "min": [-13.2665128708, -11.569519043, -11.484670639, -11.6701469421, -11.9431409836, -14.3917989731],
        "stdev": [1.28642237186, 0.588222563267, 0.52271771431, 0.492843240499, 0.594684123993, 0.812952101231]
    }
},
"rhythm": {
    "beats_count": 25,
    "beats_loudness": {
        "max": 0.0928328484297,
        "mean": 0.0290276519954,
        "min": 0.00285094068386,
        "stdev": 0.0228295270354
    },
    "bpm": 130.145736694,
    "bpm_histogram_first_peak_bpm": 129,
    "bpm_histogram_first_peak_weight": 0.285714268684,
    "bpm_histogram_second_peak_bpm": 112,
    "bpm_histogram_second_peak_spread": 0.444444477558,
    "bpm_histogram_second_peak_weight": 0.208333328366,
    "danceability": 0.821588158607,
    "onset_rate": 1.48910236359,
    "beats_loudness_band_ratio": {
        "max": [0.697763085365, 0.367857933044, 0.867430567741, 0.467058539391, 0.401722282171, 0.446158707142],
        "mean": [0.131222620606, 0.119594343007, 0.46371871233, 0.203103542328, 0.0868901237845, 0.0450844727457],
        "min": [0.00259129446931, 0.0157472435385, 0.0758491754532, 0.0207240320742, 0.0022952274885, 0.000387961918022],
        "stdev": [0.225872799754, 0.0942882820964, 0.224031254649, 0.129357278347, 0.0970229431987, 0.0859040617943]
    },
    "beats_position": [0.429569154978, 0.859138309956, 1.3235373497, 1.78793644905, 2.2523355484, 2.71673464775, 3.16952371597, 3.62231278419, 4.07510185242, 4.52789115906, 4.99229001999, 5.45668935776, 5.92108821869, 6.38548755646, 6.84988641739, 7.31428575516, 7.83673477173, 8.35918331146, 8.893242836, 9.42730140686, 9.96135997772, 10.4954195023, 11.0410881042, 11.5751476288, 12.1208162308],
