{
"metadata": {
    "version": {
        "essentia": "2.1-beta5",
        "essentia_git_sha": "Undefined",
        "extractor": "music 2.0"
    },
    "audio_properties": {
        "analysis": {
            "equal_loudness": 0,
            "length": 48.7502937317,
            "sample_rate": 44100,
            "start_time": 93.9943771362,
            "downmix": "mix"
        },
        "bit_rate": 192000,
        "length": 205.206359863,
        "lossless": 0,
        "number_channels": 2,
        "replay_gain": -9.09252548218,
        "sample_rate": 48000,
        "codec": "mp3",
        "md5_encoded": "15e86b6912cb293af879cb1fb04236b4"
    },
    "tags": {
        "file_name": "Iceland_If I Had Your Love_Selma.mp3",
        "encoding": ["Lavf58.29.100"]
    }
},
"lowlevel": {
    "average_loudness": 0.914439201355,
    "barkbands_crest": {
        "max": 24.9760608673,
        "mean": 9.93392658234,
        "min": 2.35174322128,
        "stdev": 4.04551649094
    },
    "barkbands_flatness_db": {
        "max": 0.27951464057,
        "mean": 0.100904144347,
        "min": 0.0213625207543,
        "stdev": 0.0372126214206
    },
    "barkbands_kurtosis": {
        "max": 80.7752227783,
        "mean": 2.67684864998,
        "min": -1.84276926517,
        "stdev": 6.23662376404
    },
    "barkbands_skewness": {
        "max": 8.31946086884,
        "mean": 1.26073682308,
        "min": -2.16987061501,
        "stdev": 1.19716668129
    },
    "barkbands_spread": {
        "max": 97.3610610962,
        "mean": 29.3360786438,
        "min": 2.53749442101,
        "stdev": 12.9846372604
    },
    "dissonance": {
        "max": 0.499999880791,
        "mean": 0.473672688007,
        "min": 0.309117525816,
        "stdev": 0.0198891926557
    },
    "dynamic_complexity": 3.62855195999,
    "erbbands_crest": {
        "max": 28.1887836456,
        "mean": 8.48064041138,
        "min": 2.40464138985,
        "stdev": 4.35479307175
    },
    "erbbands_flatness_db": {
        "max": 0.312714636326,
        "mean": 0.128545418382,
        "min": 0.0486094914377,
        "stdev": 0.0394344106317
    },
    "erbbands_kurtosis": {
        "max": 15.4148387909,
        "mean": 0.652187228203,
        "min": -1.64563333988,
        "stdev": 2.11026096344
    },
    "erbbands_skewness": {
        "max": 3.20366191864,
        "mean": 0.189126387239,
        "min": -1.73741424084,
        "stdev": 0.604118525982
    },
    "erbbands_spread": {
        "max": 140.833328247,
        "mean": 40.5398292542,
        "min": 5.11369276047,
        "stdev": 20.464799881
    },
    "hfc": {
        "max": 105.483161926,
        "mean": 25.3787536621,
        "min": 0.116593152285,
        "stdev": 20.4411621094
    },
    "loudness_ebu128": {
        "integrated": -14.1821804047,
        "loudness_range": 5.2598991394,
        "momentary": {
            "max": -10.3528709412,
            "mean": -15.0378503799,
            "min": -34.0954589844,
            "stdev": 3.21371531487
        },
        "short_term": {
            "max": -11.4154262543,
            "mean": -14.6152582169,
            "min": -21.3706092834,
            "stdev": 2.20024180412
        }
    },
    "melbands_crest": {
        "max": 33.6286087036,
        "mean": 14.7567157745,
        "min": 4.25713300705,
        "stdev": 5.83162307739
    },
    "melbands_flatness_db": {
        "max": 0.36952278018,
        "mean": 0.168389931321,
        "min": 0.0313126295805,
        "stdev": 0.0469868704677
    },
    "melbands_kurtosis": {
        "max": 262.531066895,
        "mean": 12.6651115417,
        "min": -1.63851881027,
        "stdev": 22.5520267487
    },
    "melbands_skewness": {
        "max": 14.0787000656,
        "mean": 2.52578163147,
        "min": -0.914862036705,
        "stdev": 1.90825343132
    },
    "melbands_spread": {
        "max": 167.011978149,
        "mean": 30.1699409485,
        "min": 1.54240095615,
        "stdev": 17.165687561
    },
    "pitch_salience": {
        "max": 0.810531616211,
        "mean": 0.528834939003,
        "min": 0.119714297354,
        "stdev": 0.107795923948
    },
    "silence_rate_20dB": {
        "max": 1,
        "mean": 1,
        "min": 1,
        "stdev": 0
    },
    "silence_rate_30dB": {
        "max": 1,
        "mean": 1,
        "min": 1,
        "stdev": 0
    },
    "silence_rate_60dB": {
        "max": 1,
        "mean": 0.0599714405835,
        "min": 0,
        "stdev": 0.237432554364
    },
    "spectral_centroid": {
        "max": 3785.77563477,
        "mean": 1608.73730469,
        "min": 310.005096436,
        "stdev": 525.370239258
    },
    "spectral_complexity": {
        "max": 52,
        "mean": 19.9762020111,
        "min": 0,
        "stdev": 8.81204223633
    },
    "spectral_decrease": {
        "max": -2.94354124408e-11,
        "mean": -6.59176357942e-09,
        "min": -2.3342833444e-08,
        "stdev": 3.80617803941e-09
    },
    "spectral_energy": {
        "max": 0.0958806201816,
        "mean": 0.0271807666868,
        "min": 0.000123847305076,
        "stdev": 0.0158673524857
    },
    "spectral_energyband_high": {
        "max": 0.00802007317543,
        "mean": 0.000959627737757,
        "min": 2.20759966396e-06,
        "stdev": 0.000839887768961
    },
    "spectral_energyband_low": {
        "max": 0.0416171588004,
        "mean": 0.0104458844289,
        "min": 7.68965946918e-07,
        "stdev": 0.00777879683301
    },
    "spectral_energyband_middle_high": {
        "max": 0.0678549930453,
        "mean": 0.00900984182954,
        "min": 3.72770009562e-05,
        "stdev": 0.0115268500522
    },
    "spectral_energyband_middle_low": {
        "max": 0.0431010872126,
        "mean": 0.00756809813902,
        "min": 1.65794390341e-05,
        "stdev": 0.00642962101847
    },
    "spectral_entropy": {
        "max": 8.60549640656,
        "mean": 7.85508966446,
        "min": 6.91858577728,
        "stdev": 0.271863162518
    },
    "spectral_flux": {
        "max": 0.255770504475,
        "mean": 0.0868500769138,
        "min": 0.00583965331316,
        "stdev": 0.0413247980177
    },
    "spectral_kurtosis": {
        "max": 10.4672193527,
        "mean": 3.20087718964,
        "min": -0.258086204529,
        "stdev": 1.40800225735
    },
    "spectral_rms": {
        "max": 0.00967171508819,
        "mean": 0.00486679561436,
        "min": 0.000347601278918,
        "stdev": 0.00168288429268
    },
    "spectral_rolloff": {
        "max": 8419.48242188,
        "mean": 1569.95593262,
        "min": 64.599609375,
        "stdev": 1152.28869629
    },
    "spectral_skewness": {
        "max": 2.28570604324,
        "mean": 1.45056247711,
        "min": 0.356791615486,
        "stdev": 0.255899369717
    },
    "spectral_spread": {
        "max": 13097295,
        "mean": 5366482,
        "min": 2304773,
        "stdev": 1242629.25
    },
    "spectral_strongpeak": {
        "max": 11.8911819458,
        "mean": 1.17684686184,
        "min": 0,
        "stdev": 2.06088066101
    },
    "zerocrossingrate": {
        "max": 0.2392578125,
        "mean": 0.0705818533897,
        "min": 0.00537109375,
        "stdev": 0.0286209601909
    },
    "barkbands": {
        "max": [0.00778076518327, 0.0387345775962, 0.0278859995306, 0.0307443384081, 0.0286812912673, 0.0137217734009, 0.0146661726758, 0.00676707690582, 0.0269552934915, 0.0251878220588, 0.0154752768576, 0.0518229268491, 0.0568042658269, 0.047045737505, 0.0154221747071, 0.00997445173562, 0.0118072107434, 0.00775525067002, 0.00745455455035, 0.00365679897368, 0.00129628321156, 0.00251906341873, 0.00267849047668, 0.00182016321924, 0.000824575836305, 0.000630086462479, 9.74024223979e-05],
        "mean": [0.000570845673792, 0.00694768456742, 0.00220281514339, 0.00141898635775, 0.00190088280942, 0.00129110750277, 0.00100753048901, 0.00028365504113, 0.00144768459722, 0.000900863786228, 0.00102473166771, 0.00140279345214, 0.00209459010512, 0.000878785853274, 0.000675622548442, 0.000587343063671, 0.000512709550094, 0.000458122987766, 0.000431524327723, 0.000316811405355, 0.000125344551634, 0.000139920128277, 0.000205616801395, 0.000179793947609, 0.000112942223495, 5.51076554984e-05, 6.96375354892e-06],
        "min": [9.89485471337e-09, 3.25975463511e-07, 1.42620422139e-07, 1.28124653997e-07, 7.31249258479e-07, 3.19299431339e-07, 3.5057041714e-07, 5.89372746163e-07, 1.50234586727e-06, 9.80916865956e-07, 9.76946807896e-07, 8.90786054697e-07, 4.03746241773e-07, 9.79227934295e-07, 8.73830401815e-07, 2.36543186816e-07, 3.1387341437e-07, 6.31906857507e-07, 8.80837319528e-07, 2.54660051269e-07, 4.94501705361e-07, 4.40085869968e-07, 2.60680280917e-07, 1.89654699057e-07, 3.86518692608e-08, 6.71779210037e-09, 7.14639944444e-11],
        "stdev": [0.00084495707415, 0.0065024769865, 0.00323069817387, 0.00220389780588, 0.00289197638631, 0.0014374536695, 0.00158506201115, 0.000519415538292, 0.0030851168558, 0.00190976285376, 0.00199318677187, 0.00390961160883, 0.00544628314674, 0.00231162644923, 0.00119517045096, 0.00100968172774, 0.000964811479207, 0.000764582771808, 0.000595791614614, 0.00035738342558, 0.000120062897622, 0.000176460831426, 0.000217754495679, 0.000173218097189, 0.000122806653962, 8.52772209328e-05, 1.28876872623e-05]
    },
    "erbbands": {
        "max": [1.85584270954, 9.93386554718, 25.8157444, 56.5863113403, 84.060295105, 106.477058411, 102.909263611, 112.903793335, 248.159912109, 202.03742981, 193.235290527, 672.291870117, 750.558898926, 736.234741211, 894.332092285, 2377.22314453, 2631.71459961, 2605.54418945, 840.420227051, 1006.91113281, 803.13684082, 496.627563477, 506.071746826, 419.45489502, 225.603149414, 204.995315552, 66.8268890381, 57.4026985168, 100.952285767, 104.85723877, 73.6992950439, 52.8726844788, 31.1157932281, 15.8715839386, 5.53789663315, 4.23963832855, 1.01512110233, 0.166758030653, 0.0209948569536, 0.000865322246682],
        "mean": [0.248435810208, 1.36027514935, 2.59268093109, 3.93084812164, 5.6741642952, 6.36184453964, 7.12564754486, 12.1840085983, 15.2385921478, 9.54411506653, 8.34094047546, 27.4812679291, 37.0098304749, 38.9765930176, 41.4916725159, 55.8641967773, 86.6836547852, 59.5862236023, 39.4040107727, 33.3468971252, 34.6882705688, 29.1444740295, 26.9731731415, 23.8311367035, 19.2739009857, 14.1329555511, 6.5002450943, 4.71509552002, 4.71646404266, 5.54776334763, 5.91324663162, 4.49530935287, 2.56675100327, 1.39782345295, 0.743571102619, 0.327069938183, 0.0812070518732, 0.0130370222032, 0.0013196625514, 6.32181181572e-05],
        "min": [6.30777230981e-06, 3.7418667489e-05, 0.000159264120157, 0.00036844520946, 0.000803492264822, 0.00240168138407, 0.00269088894129, 0.0029394258745, 0.00501059181988, 0.00842576380819, 0.0249970182776, 0.0652054473758, 0.131710290909, 0.0852973610163, 0.0602532252669, 0.0388084165752, 0.0304370857775, 0.0466197356582, 0.0551670864224, 0.0501742660999, 0.0137691879645, 0.0199649501592, 0.0325574427843, 0.0440430082381, 0.0258950795978, 0.0203573536128, 0.0200197920203, 0.0177871547639, 0.0149783911183, 0.00891823228449, 0.00662242015824, 0.00523013947532, 0.00227738078684, 0.000605927431025, 0.000208357683732, 5.2211475122e-05, 9.42475071497e-06, 1.90613809536e-06, 1.66943650015e-07, 1.63154950883e-07],
        "stdev": [0.285198390484, 1.30284547806, 3.26389622688, 5.47575044632, 8.90905284882, 10.0543346405, 8.47111225128, 14.3797454834, 23.7027988434, 15.1784582138, 15.8954544067, 59.1637458801, 73.3134765625, 76.8818740845, 79.1880187988, 160.703765869, 222.689422607, 147.291397095, 72.8609008789, 64.3033599854, 63.5113067627, 48.3733291626, 45.8300094604, 34.6720275879, 22.9864349365, 16.1604976654, 5.84212350845, 4.9512257576, 5.88662147522, 6.59585142136, 6.1320567131, 4.46878862381, 2.56747245789, 1.53468227386, 0.851948082447, 0.509311854839, 0.123967275023, 0.0215988401324, 0.00249407556839, 6.74517796142e-05]
    },
    "gfcc": {
        "mean": [26.642583847, 71.8056488037, -111.224952698, 37.7941017151, -50.0278396606, 28.5611076355, -38.0486450195, 14.6429166794, -23.2993030548, 3.40607976913, -9.73955631256, 3.53569197655, -9.6243057251],
        "cov": [[4374.83154297, -742.869445801, 195.043869019, -267.534698486, 288.306549072, -36.5622634888, -103.132904053, 29.5019798279, -180.393066406, 168.729904175, 1.38687980175, 188.188903809, -202.548171997], [-742.869445801, 629.585021973, -88.3116226196, 7.50006198883, -21.3793735504, -19.9433021545, 74.0803833008, -17.4116535187, 33.4275932312, -48.39112854, 69.8008117676, -76.0998458862, 64.4406967163], [195.043869019, -88.3116226196, 504.458618164, 127.00087738, -11.8962678909, -58.3752174377, -91.0614929199, -3.17578101158, 32.1912231445, 41.5049705505, -90.4001083374, 28.0102672577, -20.1988182068], [-267.534698486, 7.50006198883, 127.00087738, 293.714080811, 20.0429382324, -24.9728755951, -68.3986282349, 36.1019210815, 84.5931167603, -7.10790061951, -8.2357749939, -3.03929758072, 26.226020813], [288.306549072, -21.3793735504, -11.8962678909, 20.0429382324, 157.899551392, 43.7329216003, 0.140655308962, -6.52896690369, -5.23824596405, 12.9513931274, 24.8782939911, 10.4860706329, -14.1576528549], [-36.5622634888, -19.9433021545, -58.3752174377, -24.9728755951, 43.7329216003, 184.218765259, 83.9184036255, -27.5836429596, -26.059387207, 15.2910814285, 41.5445213318, -30.8095035553, -6.4457616806], [-103.132904053, 74.0803833008, -91.0614929199, -68.3986282349, 0.140655308962, 83.9184036255, 158.041885376, 9.25057506561, -19.2490005493, 3.68006825447, 44.7074432373, -25.9194545746, 8.91790771484], [29.5019798279, -17.4116535187, -3.17578101158, 36.1019210815, -6.52896690369, -27.5836429596, 9.25057506561, 123.096862793, 68.7494049072, -1.45351147652, -2.61446285248, 23.9887332916, 20.2346534729], [-180.393066406, 33.4275932312, 32.1912231445, 84.5931167603, -5.23824596405, -26.059387207, -19.2490005493, 68.7494049072, 126.498985291, 12.6685113907, -1.80436146259, 15.651309967, 29.2889556885], [168.729904175, -48.39112854, 41.5049705505, -7.10790061951, 12.9513931274, 15.2910814285, 3.68006825447, -1.45351147652, 12.6685113907, 81.4547958374, 29.3384666443, 18.4009819031, -5.91052770615], [1.38687980175, 69.8008117676, -90.4001083374, -8.2357749939, 24.8782939911, 41.5445213318, 44.7074432373, -2.61446285248, -1.80436146259, 29.3384666443, 102.801116943, 9.41070652008, 14.4963636398], [188.188903809, -76.0998458862, 28.0102672577, -3.03929758072, 10.4860706329, -30.8095035553, -25.9194545746, 23.9887332916, 15.651309967, 18.4009819031, 9.41070652008, 76.6142807007, 20.177564621], [-202.548171997, 64.4406967163, -20.1988182068, 26.226020813, -14.1576528549, -6.4457616806, 8.91790771484, 20.2346534729, 29.2889556885, -5.91052770615, 14.4963636398, 20.177564621, 70.0116729736]],
        "icov": [[0.000483060546685, 0.000284377718344, -0.000186969555216, 0.000408141204389, -0.000794804131147, 0.000269641168416, 0.000173244960024, -0.000620841805357, 0.000694431189913, -0.000469837279525, -0.000258963089436, -0.000567035574932, 0.000837279483676], [0.000284377718344, 0.00352604268119, -0.000901836145204, 0.00118116522208, -0.00103578064591, 0.00230458332226, -0.000903804204427, 0.00092940783361, -0.00147135485895, 0.00226601818576, -0.00404147943482, 0.00469092465937, -0.0029844485689], [-0.000186969555216, -0.000901836145204, 0.00369498715736, -0.00214640400372, 0.000763510528486, -0.000439507886767, -1.40202364491e-05, 0.000683062244207, 0.00043375234236, -0.0033159237355, 0.00470472918823, -0.00260967575014, 0.00139409746043], [0.000408141204389, 0.00118116522208, -0.00214640400372, 0.00660792784765, -0.00188645638991, 0.000339326506946, 0.0026388191618, -0.000934282434173, -0.00293959770352, 0.00239668460563, -0.00378213706426, 0.00389953469858, -0.00232592970133], [-0.000794804131147, -0.00103578064591, 0.000763510528486, -0.00188645638991, 0.00910164508969, -0.00300082378089, 0.000590320327319, 0.000882141815964, -0.000590333947912, 0.000402318401029, -0.000152154607349, -0.00239557027817, 0.00181781523861], [0.000269641168416, 0.00230458332226, -0.000439507886767, 0.000339326506946, -0.00300082378089, 0.0103605678305, -0.00477619888261, 0.0021701741498, -0.000479245616589, -0.000126120285131, -0.00343758263625, 0.00511775491759, -0.00184015673585], [0.000173244960024, -0.000903804204427, -1.40202364491e-05, 0.0026388191618, 0.000590320327319, -0.00477619888261, 0.0123733440414, -0.00443728920072, 0.00205820472911, -0.000551654666197, -0.00275829224847, 0.00278315739706, -0.00141202297527], [-0.000620841805357, 0.00092940783361, 0.000683062244207, -0.000934282434173, 0.000882141815964, 0.0021701741498, -0.00443728920072, 0.015133086592, -0.00888017099351, 0.00290716602467, 0.000478401896544, -0.00197849143296, -0.00110333855264], [0.000694431189913, -0.00147135485895, 0.00043375234236, -0.00293959770352, -0.000590333947912, -0.000479245616589, 0.00205820472911, -0.00888017099351, 0.0173002891243, -0.00609611300752, 0.00273221335374, -0.00223480374552, -0.000943289953284], [-0.000469837279525, 0.00226601818576, -0.0033159237355, 0.00239668460563, 0.000402318401029, -0.000126120285131, -0.000551654666197, 0.00290716602467, -0.00609611300752, 0.0209476351738, -0.0101817063987, 0.0009327060543, 0.000158454568009], [-0.000258963089436, -0.00404147943482, 0.00470472918823, -0.00378213706426, -0.000152154607349, -0.00343758263625, -0.00275829224847, 0.000478401896544, 0.00273221335374, -0.0101817063987, 0.0225059501827, -0.00897417217493, 0.00153444544412], [-0.000567035574932, 0.00469092465937, -0.00260967575014, 0.00389953469858, -0.00239557027817, 0.00511775491759, 0.00278315739706, -0.00197849143296, -0.00223480374552, 0.0009327060543, -0.00897417217493, 0.0290416926146, -0.0134658077732], [0.000837279483676, -0.0029844485689, 0.00139409746043, -0.00232592970133, 0.00181781523861, -0.00184015673585, -0.00141202297527, -0.00110333855264, -0.000943289953284, 0.000158454568009, 0.00153444544412, -0.0134658077732, 0.0253941789269]]
    },
    "melbands": {
        "max": [0.0125503204763, 0.00933185126632, 0.0102642858401, 0.00682411296293, 0.00371716171503, 0.00245011085644, 0.00351380673237, 0.00176644034218, 0.0017113025533, 0.00445982208475, 0.00362049019895, 0.00279449135996, 0.00193718355149, 0.00700664380565, 0.0049227909185, 0.00763451633975, 0.00464958138764, 0.00172745296732, 0.00119636382442, 0.000869804236572, 0.00130045379046, 0.00062135560438, 0.000466262252303, 0.000280200620182, 0.000372754875571, 0.000252279831329, 0.000137991257361, 0.000116068942589, 4.09537315136e-05, 2.82919190795e-05, 3.92765650759e-05, 6.24231543043e-05, 5.14397361258e-05, 5.87319591432e-05, 4.6037035645e-05, 4.15856557083e-05, 3.48972316715e-05, 2.21845657506e-05, 1.99236237677e-05, 1.14414679047e-05],
        "mean": [0.00207251706161, 0.00148068927228, 0.000729014049284, 0.000442942080554, 0.000249538570642, 0.000271320401225, 0.000224461400649, 8.84600085556e-05, 6.96424103808e-05, 0.000204686512006, 0.000186358054634, 0.000154138659127, 0.000133145396831, 0.000142412260175, 0.000162955897395, 0.000225414318265, 8.91522868187e-05, 6.44999890937e-05, 5.32487574674e-05, 3.90859677282e-05, 4.13189081883e-05, 3.175576785e-05, 2.30132191064e-05, 2.26889351325e-05, 1.92028310266e-05, 1.53230248543e-05, 1.2948667063e-05, 8.59862939251e-06, 4.34610683442e-06, 2.85374949271e-06, 2.63955053015e-06, 2.60049137069e-06, 2.87387342723e-06, 3.15859028888e-06, 3.5715240756e-06, 3.14256749334e-06, 2.56904922935e-06, 1.92489551409e-06, 1.33421451665e-06, 1.12324948986e-06],
        "min": [8.22909314024e-08, 9.93646551706e-08, 8.12015699125e-08, 1.36902130521e-07, 9.37222779385e-08, 6.09028560916e-08, 8.28682686915e-08, 8.54708162024e-08, 1.85524271501e-07, 4.00159734681e-07, 6.13543306827e-07, 2.57282749772e-07, 1.13890692433e-07, 6.5872733046e-08, 4.6108823426e-08, 5.25555279296e-08, 7.99901656023e-08, 9.73811893346e-08, 7.24726945123e-08, 2.79540444126e-08, 1.1386743104e-08, 1.86187669726e-08, 1.97545535485e-08, 2.54363889951e-08, 3.03750447017e-08, 1.52357664263e-08, 1.84341359954e-08, 7.52426743134e-09, 7.53558371258e-09, 1.04933750578e-08, 9.68932134526e-09, 6.88276502459e-09, 8.05064281906e-09, 3.51032314327e-09, 3.50861584231e-09, 3.51344153771e-09, 2.81182721551e-09, 1.68144598245e-09, 6.86081191859e-10, 3.80085907192e-10],
        "stdev": [0.0020668997895, 0.00140121683944, 0.000950059155002, 0.000696918170433, 0.000299397244817, 0.000302638713038, 0.000332267023623, 0.000138746458106, 0.000149717961904, 0.000444209494162, 0.000370202469639, 0.000313483003993, 0.000241678484599, 0.000432061322499, 0.000509243458509, 0.000634025607724, 0.000240627414314, 0.000144847479532, 9.52392219915e-05, 7.83875366324e-05, 9.17416036827e-05, 5.84032059123e-05, 4.39979012299e-05, 3.48832763848e-05, 3.05779576593e-05, 2.08849796763e-05, 1.57914728334e-05, 1.04028886199e-05, 4.1883117774e-06, 2.9302832445e-06, 3.06911579173e-06, 3.3997864648e-06, 3.67034840565e-06, 3.78878371521e-06, 3.80461938221e-06, 3.29756926476e-06, 2.66014740191e-06, 1.96138489628e-06, 1.47805940287e-06, 1.27674081796e-06]
    },
    "melbands128": {
        "max": [0.00688857631758, 0.0188823565841, 0.0197246912867, 0.0194602478296, 0.012846310623, 0.016487121582, 0.012227198109, 0.0156455207616, 0.009401679039, 0.00936156045645, 0.00629682838917, 0.00476394826546, 0.00362349767238, 0.00369394570589, 0.00409496435896, 0.00388098321855, 0.00495676975697, 0.00615225546062, 0.00580975506455, 0.00234692450613, 0.00133596058004, 0.00171208637767, 0.00260557793081, 0.00518210977316, 0.00475485809147, 0.00962434057146, 0.00907895620912, 0.00584582658485, 0.00767327891663, 0.00517543498427, 0.00592503231019, 0.0037353800144, 0.0031199217774, 0.00439295358956, 0.0104698743671, 0.0159692037851, 0.00716839078814, 0.00921732001007, 0.00916974619031, 0.0102226175368, 0.0110300946981, 0.00993977393955, 0.00847875699401, 0.00249973451719, 0.00396927027032, 0.00242422916926, 0.00228063459508, 0.00185022468213, 0.00321348081343, 0.0016643255949, 0.00156350550242, 0.00173125194851, 0.00144750881009, 0.00324683682993, 0.00202206126414, 0.00109906855505, 0.000931275717448, 0.00104193063453, 0.0011746713426, 0.000780015368946, 0.000641127757262, 0.000331787538016, 0.000621334766038, 0.000561075808946, 0.000494080304634, 0.000470112921903, 0.000249666452873, 0.000286751135718, 0.000206749726203, 0.000472631014418, 0.000183181269676, 0.000115200142318, 9.44525381783e-05, 4.67224890599e-05, 8.40226421133e-05, 2.88557002932e-05, 3.47347195202e-05, 3.93366572098e-05, 5.69449548493e-05, 6.02294858254e-05, 5.98618171352e-05, 7.96387466835e-05, 7.11346438038e-05, 5.01135691593e-05, 6.2303901359e-05, 9.67028463492e-05, 5.83497967455e-05, 7.59428658057e-05, 5.49700307602e-05, 4.71998682769e-05, 5.0146412832e-05, 4.37054404756e-05, 3.93210320908e-05, 3.28498645104e-05, 5.41935951333e-05, 1.96341879928e-05, 2.16860698856e-05, 2.37333115365e-05, 1.921324656e-05, 2.20705951506e-05, 2.12943214137e-05, 1.38640971272e-05, 8.78580522112e-06, 8.37025982037e-06, 8.21075627755e-06, 7.70169754105e-06, 8.74176657817e-06, 1.38639270517e-05, 8.02351496532e-06, 1.3710328858e-05, 5.02747752762e-06, 5.195767244e-06, 5.21028732692e-06, 2.45222281592e-06, 2.05848914447e-06, 1.65134690633e-06, 1.40974714213e-06, 1.50668824972e-06, 1.2325372154e-06, 1.08037988866e-06, 7.65991558183e-07, 9.56267285801e-07, 3.6743642795e-07, 4.19525747475e-08, 1.09341702359e-09, 1.08353348516e-09, 1.07271380667e-09, 1.06852271475e-09],
        "mean": [0.000531139259692, 0.0020837043412, 0.00272664381191, 0.00207582092844, 0.00143606506754, 0.00102422491182, 0.000803670322057, 0.000677836069372, 0.000556862330996, 0.000486037723022, 0.000335814984282, 0.000238091219217, 0.000242120338953, 0.000233009574004, 0.000281656422885, 0.00027524138568, 0.000283283443423, 0.0002123004233, 0.000164772456628, 0.000101527039078, 4.71908424515e-05, 5.27914235136e-05, 7.45962606743e-05, 8.42214867589e-05, 0.000114882190246, 0.000304909655824, 0.000306072819512, 0.000117481846246, 0.000157677219249, 0.000123707955936, 0.000182298055734, 0.000163685239386, 9.56565927481e-05, 0.000136246992042, 0.000170623374288, 0.000123028265079, 0.000125499718706, 0.000222186165047, 0.000118441632367, 0.000184015400009, 0.000302263913909, 0.000200479888008, 6.13882220932e-05, 4.02030782425e-05, 9.59972967394e-05, 5.90228701185e-05, 4.2740648496e-05, 6.97989671608e-05, 4.95942404086e-05, 3.15049910569e-05, 4.409641042e-05, 3.8065998524e-05, 3.9049260522e-05, 4.90057536808e-05, 3.25596993207e-05, 3.28398273268e-05, 2.81761476799e-05, 1.77702022484e-05, 2.34693015955e-05, 2.87282873614e-05, 2.48190717684e-05, 1.61807492987e-05, 1.55544948939e-05, 2.22461949306e-05, 2.20719884965e-05, 1.42958888318e-05, 1.10383816718e-05, 1.48899353007e-05, 1.37360875669e-05, 9.8310993053e-06, 9.06962304725e-06, 8.44059104566e-06, 4.7622575039e-06, 3.77384321837e-06, 3.44958766618e-06, 2.69018801191e-06, 2.66001961791e-06, 2.91229912364e-06, 2.49379945672e-06, 2.58212457993e-06, 2.7305520689e-06, 2.46264153247e-06, 2.50913535638e-06, 3.04340778712e-06, 3.06433253172e-06, 2.93744801638e-06, 3.093059604e-06, 3.77833134735e-06, 4.07508605349e-06, 2.84136581286e-06, 3.31794717567e-06, 3.1450424558e-06, 3.05494450004e-06, 2.42483588409e-06, 2.59059015661e-06, 1.95072379938e-06, 1.95279631043e-06, 1.54685483267e-06, 1.29533259496e-06, 1.24615814912e-06, 1.20149161376e-06, 1.06858055915e-06, 1.07636913071e-06, 1.0445838825e-06, 7.64968547173e-07, 7.21968319795e-07, 6.95276241913e-07, 7.18106662134e-07, 5.53605673304e-07, 4.806764764e-07, 3.81272059258e-07, 3.0024622788e-07, 2.44620821377e-07, 1.66749629216e-07, 1.2688619222e-07, 1.02990178164e-07, 8.68223111183e-08, 7.40314547443e-08, 6.74855371585e-08, 4.86391620313e-08, 2.30877521545e-08, 1.12143077047e-08, 4.74235228864e-09, 1.00284225368e-10, 4.38209494732e-12, 4.26779488485e-12, 4.19540183844e-12, 4.16522762461e-12],
        "min": [6.46649223057e-09, 2.42047057952e-08, 7.67938317381e-08, 6.43849915605e-08, 6.02176015718e-08, 8.25356991641e-08, 5.7252215413e-08, 8.51761541298e-08, 2.46128717407e-08, 1.03464131485e-07, 3.70994293064e-08, 6.38840162992e-08, 3.06055127908e-08, 4.29651692002e-08, 3.47994841832e-08, 1.69276290762e-08, 7.00702500467e-08, 4.76631569768e-08, 5.14585920541e-08, 4.08001064045e-08, 2.174133229e-08, 4.58087399124e-08, 5.66601059404e-08, 8.96935858918e-08, 1.49208005951e-07, 8.16387171199e-08, 2.93964689035e-07, 2.53411911899e-07, 6.56036149849e-08, 4.78813646509e-08, 7.48134993955e-08, 7.77895508008e-08, 3.34035163974e-08, 2.49416274301e-08, 1.67127005568e-08, 2.88168457985e-08, 2.95748421308e-08, 2.35205028787e-08, 1.37110882648e-08, 2.26474412557e-08, 3.0403629836e-08, 1.65604703284e-08, 5.5995432291e-08, 4.89424607508e-08, 4.33813056588e-08, 4.10507539073e-08, 3.94494961142e-08, 3.46283854924e-08, 2.89884791727e-08, 1.98715142119e-08, 6.69143718213e-09, 3.11555070631e-09, 8.86378881404e-09, 8.32371682691e-09, 8.53017034785e-09, 1.84168857942e-08, 1.81657107134e-08, 1.89894393543e-08, 1.66403371082e-08, 5.48795631161e-09, 1.40311104957e-08, 1.76026109244e-08, 1.99471426043e-08, 1.27991910404e-08, 1.3814941191e-08, 1.00185681973e-08, 4.68619720806e-09, 8.84229134357e-09, 7.80274600487e-09, 8.45919245762e-09, 6.38058184066e-09, 4.04370403828e-09, 7.07444769432e-09, 6.93686441622e-09, 4.65537874916e-09, 4.86534279531e-09, 4.71660710488e-09, 4.86516960052e-09, 5.49688472518e-09, 5.6806492843e-09, 3.306924512e-09, 6.54931220367e-09, 4.89454299313e-09, 5.75801095692e-09, 3.86246412631e-09, 3.12915693357e-09, 3.01902902677e-09, 3.60735730176e-09, 1.84633563993e-09, 1.44536649316e-09, 2.1330370803e-09, 2.99059288444e-09, 1.87931248341e-09, 2.41482855934e-09, 1.80534642791e-09, 1.31774113843e-09, 1.12887366122e-09, 8.83257966766e-10, 3.88501286697e-10, 3.15759390856e-10, 4.99817409683e-10, 2.30772068122e-10, 2.9148564118e-10, 2.34631952756e-10, 1.21331444891e-10, 8.89817108884e-11, 9.76327005353e-11, 4.26402385623e-11, 4.85804799166e-11, 3.8751189757e-11, 3.88398341267e-11, 3.02115207851e-11, 1.20059778091e-11, 1.36536728104e-11, 1.0159916311e-11, 9.56252178136e-12, 8.81586297019e-12, 1.68465393545e-13, 6.06029237752e-14, 7.55215592211e-14, 6.80868732163e-14, 7.81887575518e-14, 6.069076448e-14, 6.17634673332e-14, 4.77343418427e-14, 1.76944013776e-14, 2.04857544096e-15, 9.83102172786e-17],
        "stdev": [0.000800459471066, 0.00273745623417, 0.00292562763207, 0.00217087194324, 0.00182945281267, 0.00155059772078, 0.00123535469174, 0.00108904251829, 0.000985906692222, 0.000918851001188, 0.000589246803429, 0.000396863702917, 0.000335445714882, 0.000317120779073, 0.00039627039223, 0.000433112960309, 0.000527863216121, 0.000420000840677, 0.000406510400353, 0.000189555314137, 7.93016224634e-05, 0.000124820697238, 0.00020042291726, 0.000302688597003, 0.000328822148731, 0.000828083895613, 0.000896784942597, 0.00035197660327, 0.000447970931418, 0.000387724256143, 0.000518317217939, 0.000420522323111, 0.000285798654659, 0.000410410197219, 0.000588394992519, 0.000705703278072, 0.000571870536078, 0.000860136933625, 0.000597255362663, 0.000768781756051, 0.00100990966894, 0.000754716340452, 0.000279828032944, 0.000139768220834, 0.000312420423143, 0.000166718382388, 0.000123281337437, 0.000141406722832, 0.000153290093294, 0.000114056419989, 9.72262641881e-05, 8.82110762177e-05, 0.000103982980363, 0.000167126476299, 0.000117531359138, 7.64316719142e-05, 6.8429930252e-05, 4.75511005789e-05, 7.82364295446e-05, 6.72585883876e-05, 5.06186188431e-05, 3.11478834192e-05, 3.68100336345e-05, 4.4068769057e-05, 3.97193543904e-05, 2.67561717919e-05, 1.9605313355e-05, 2.37469703279e-05, 2.11180904444e-05, 1.97252738872e-05, 1.52423845066e-05, 1.27732610053e-05, 7.24174105926e-06, 4.55916915598e-06, 4.81644292449e-06, 3.30922193825e-06, 3.22570849676e-06, 3.67078928321e-06, 3.47395371136e-06, 3.86792771678e-06, 3.68726864508e-06, 3.71761348106e-06, 3.56775603905e-06, 4.17872706748e-06, 4.35935817222e-06, 4.512002306e-06, 3.8879229578e-06, 4.78275842397e-06, 4.56952193417e-06, 3.61988895747e-06, 4.05618447985e-06, 3.56565442416e-06, 3.37912297255e-06, 2.72138777291e-06, 3.21839866047e-06, 2.23284769163e-06, 2.14213514482e-06, 1.86789304735e-06, 1.54064559865e-06, 1.54653116624e-06, 1.56315797994e-06, 1.30744683702e-06, 1.29787156311e-06, 1.2632006019e-06, 9.10726271286e-07, 9.93845787889e-07, 1.00472732356e-06, 1.20978108953e-06, 9.04710532268e-07, 1.08155495582e-06, 6.20549087671e-07, 4.78403421766e-07, 4.23634872959e-07, 2.75507801462e-07, 2.18828901666e-07, 1.85488914894e-07, 1.60854909836e-07, 1.50980795866e-07, 1.33014125936e-07, 1.03736489621e-07, 5.91668189998e-08, 4.8620368176e-08, 2.3789358039e-08, 1.20895549127e-09, 2.50204145597e-11, 2.47712596962e-11, 2.45124129328e-11, 2.44042459852e-11]
    },
    "mfcc": {
        "mean": [-617.267272949, 101.133827209, 4.11349201202, 17.1826171875, 14.7870912552, 10.1861848831, 6.92581653595, 9.96171855927, -3.98031353951, 7.64226913452, -2.39903450012, -0.07624527812, 1.00443673134],
        "cov": [[3927.09936523, -352.018280029, -211.321777344, -101.61769104, 152.362548828, -23.9194984436, 102.928543091, -34.0939331055, -175.123962402, -30.2949237823, 12.1104879379, 30.5864372253, 181.675460815], [-352.018280029, 492.104705811, -41.586807251, -38.3073616028, -71.2704391479, -12.9304647446, 54.512348175, -11.5387887955, -23.1521778107, 27.2153873444, -17.7223033905, -12.0728683472, -23.4403133392], [-211.321777344, -41.586807251, 397.182617188, 126.514373779, 41.0365257263, 8.09325408936, -93.7499542236, -28.3987026215, 64.5172576904, -32.1847877502, 15.8656730652, 13.502076149, -16.2136154175], [-101.61769104, -38.3073616028, 126.514373779, 238.488265991, 98.9972305298, -58.159740448, -101.937088013, 3.33347058296, 50.1484375, -27.0604724884, 0.644973576069, 39.5146865845, 5.20287752151], [152.362548828, -71.2704391479, 41.0365257263, 98.9972305298, 187.661087036, 13.2093811035, -57.222076416, 1.98818874359, 16.2908973694, -14.5545253754, -1.39428114891, 32.5629653931, 26.7106876373], [-23.9194984436, -12.9304647446, 8.09325408936, -58.159740448, 13.2093811035, 167.342056274, 90.1597976685, -24.0199966431, -32.3461532593, 19.6231803894, 12.6686258316, -19.6695270538, 0.216129302979], [102.928543091, 54.512348175, -93.7499542236, -101.937088013, -57.222076416, 90.1597976685, 187.722961426, 11.70698452, -60.4718208313, 45.339138031, 5.39841938019, -27.2454338074, 1.0164693594], [-34.0939331055, -11.5387887955, -28.3987026215, 3.33347058296, 1.98818874359, -24.0199966431, 11.70698452, 85.9694213867, 33.7329444885, 15.7560997009, 0.712301313877, 7.44770860672, 2.307980299], [-175.123962402, -23.1521778107, 64.5172576904, 50.1484375, 16.2908973694, -32.3461532593, -60.4718208313, 33.7329444885, 104.706939697, 5.52320861816, 7.14013004303, 16.3457698822, -2.56456708908], [-30.2949237823, 27.2153873444, -32.1847877502, -27.0604724884, -14.5545253754, 19.6231803894, 45.339138031, 15.7560997009, 5.52320861816, 85.7198028564, 24.1202049255, -9.74498462677, -6.97354698181], [12.1104879379, -17.7223033905, 15.8656730652, 0.644973576069, -1.39428114891, 12.6686258316, 5.39841938019, 0.712301313877, 7.14013004303, 24.1202049255, 59.302696228, 14.5533838272, 2.70372200012], [30.5864372253, -12.0728683472, 13.502076149, 39.5146865845, 32.5629653931, -19.6695270538, -27.2454338074, 7.44770860672, 16.3457698822, -9.74498462677, 14.5533838272, 84.5255050659, 39.3861885071], [181.675460815, -23.4403133392, -16.2136154175, 5.20287752151, 26.7106876373, 0.216129302979, 1.0164693594, 2.307980299, -2.56456708908, -6.97354698181, 2.70372200012, 39.3861885071, 67.7197036743]],
        "icov": [[0.000380602985388, 0.00025928489049, 1.60614820288e-06, 0.000238642576733, -0.000460525770904, 0.000571698998101, -0.000385407853173, 0.000193746964214, 0.00047533158795, 8.8208798843e-05, -0.000240639259573, 0.000354110816261, -0.00093952572206], [0.00025928489049, 0.00252212327905, 5.45817101738e-06, 7.88125616964e-05, 0.000275230471743, 0.000960325938649, -0.00105028168764, 0.000873459852301, 0.000377667020075, -0.000799488218036, 0.000980027834885, -0.000514813000336, 0.000239290500758], [1.60614820288e-06, 5.45817101738e-06, 0.00385681749322, -0.00179606559686, 0.000621292216238, -0.00161988916807, 0.000995076610707, 0.00127919041552, -0.00193695712369, 0.00108845485374, -0.00103474361822, 0.000139929063153, 0.000759221904445], [0.000238642576733, 7.88125616964e-05, -0.00179606559686, 0.00808675773442, -0.00391953531653, 0.00281291804276, 0.000280892272713, 0.00030021375278, -0.000561055087019, 0.000377915217541, -0.000100852092146, -0.00152904621791, 0.000769294856582], [-0.000460525770904, 0.000275230471743, 0.000621292216238, -0.00391953531653, 0.00951234716922, -0.00448769750074, 0.0038035758771, -0.00176185788587, 0.000803408853244, -0.0010710186325, 0.00163609709125, -0.00133190315682, -0.00132458773442], [0.000571698998101, 0.000960325938649, -0.00161988916807, 0.00281291804276, -0.00448769750074, 0.0123456791043, -0.00739220762625, 0.00428315345198, -0.000484299758682, 0.000421880889917, -0.00202426640317, 0.00165735988412, -0.000967623374891], [-0.000385407853173, -0.00105028168764, 0.000995076610707, 0.000280892272713, 0.0038035758771, -0.00739220762625, 0.0144776031375, -0.0055733313784, 0.00572511320934, -0.0043055373244, 0.000919188663829, 0.00043858672143, -0.00113527837675], [0.000193746964214, 0.000873459852301, 0.00127919041552, 0.00030021375278, -0.00176185788587, 0.00428315345198, -0.0055733313784, 0.0174122620374, -0.00749698746949, -0.000956382486038, 0.000711703323759, -0.000888100068551, 0.000342955347151], [0.00047533158795, 0.000377667020075, -0.00193695712369, -0.000561055087019, 0.000803408853244, -0.000484299758682, 0.00572511320934, -0.00749698746949, 0.0176418628544, -0.0034982028883, -0.000229688783293, -0.000807288626675, -0.000924324267544], [8.8208798843e-05, -0.000799488218036, 0.00108845485374, 0.000377915217541, -0.0010710186325, 0.000421880889917, -0.0043055373244, -0.000956382486038, -0.0034982028883, 0.0173119809479, -0.00748008908704, 0.00226689991541, 0.000866958987899], [-0.000240639259573, 0.000980027834885, -0.00103474361822, -0.000100852092146, 0.00163609709125, -0.00202426640317, 0.000919188663829, 0.000711703323759, -0.000229688783293, -0.00748008908704, 0.022307721898, -0.0059545179829, 0.00186146085616], [0.000354110816261, -0.000514813000336, 0.000139929063153, -0.00152904621791, -0.00133190315682, 0.00165735988412, 0.00043858672143, -0.000888100068551, -0.000807288626675, 0.00226689991541, -0.0059545179829, 0.0204108729959, -0.0118639599532], [-0.00093952572206, 0.000239290500758, 0.000759221904445, 0.000769294856582, -0.00132458773442, -0.000967623374891, -0.00113527837675, 0.000342955347151, -0.000924324267544, 0.000866958987899, 0.00186146085616, -0.0118639599532, 0.0249037686735]]
    },
    "spectral_contrast_coeffs": {
        "max": [-0.49790880084, -0.529714763165, -0.444879740477, -0.546697854996, -0.609932720661, -0.678442180157],
        "mean": [-0.757515132427, -0.757983028889, -0.744389474392, -0.774753987789, -0.784337282181, -0.798481047153],
        "min": [-0.917411148548, -0.918488383293, -0.908010065556, -0.90170198679, -0.893194079399, -0.864676713943],
        "stdev": [0.0635724663734, 0.0640794783831, 0.0778306722641, 0.0656181871891, 0.0479977764189, 0.0217860750854]
    },
    "spectral_contrast_valleys": {
        "max": [-5.40073251724, -5.50070667267, -5.83721780777, -5.56052494049, -5.84894514084, -7.94753217697],
        "mean": [-6.44530916214, -6.88300848007, -7.28371143341, -7.33386325836, -7.32413053513, -9.49792098999],
        "min": [-10.3049736023, -9.3878326416, -9.72064685822, -9.94984149933, -9.83590507507, -12.7760915756],
        "stdev": [0.663469791412, 0.605124592781, 0.615519285202, 0.583391010761, 0.603131115437, 0.768205404282]
    }
},
"rhythm": {
    "beats_count": 120,
    "beats_loudness": {
        "max": 0.0757991299033,
        "mean": 0.0321168936789,
        "min": 0.000244482682319,
        "stdev": 0.0165729355067
    },
    "bpm": 149.849563599,
    "bpm_histogram_first_peak_bpm": 152,
    "bpm_histogram_first_peak_weight": 0.494949519634,
    "bpm_histogram_second_peak_bpm": 144,
    "bpm_histogram_second_peak_spread": 0.25,
    "bpm_histogram_second_peak_weight": 0.126050427556,
    "danceability": 0.992627084255,
    "onset_rate": 3.3427734375,
    "beats_loudness_band_ratio": {
        "max": [0.931452512741, 0.530846476555, 0.65819633007, 0.813538551331, 0.303380906582, 0.634273350239],
        "mean": [0.454487919807, 0.102896384895, 0.127519652247, 0.176073312759, 0.092032417655, 0.0734754502773],
        "min": [0.0035124476999, 0.000730561616365, 0.00271100620739, 0.00247202417813, 0.00202816072851, 0.00290127308108],
        "stdev": [0.220979049802, 0.081547267735, 0.118356175721, 0.187871292233, 0.0726707354188, 0.0785250887275]
    },
