{
"metadata": {
    "version": {
        "essentia": "2.1-beta5",
        "essentia_git_sha": "Undefined",
        "extractor": "music 2.0"
    },
    "audio_properties": {
        "analysis": {
            "equal_loudness": 0,
            "length": 20.3871192932,
            "sample_rate": 44100,
            "start_time": 175.240997314,
            "downmix": "mix"
        },
        "bit_rate": 192000,
        "length": 195.651351929,
        "lossless": 0,
        "number_channels": 2,
        "replay_gain": 2.91673851013,
        "sample_rate": 48000,
        "codec": "mp3",
        "md5_encoded": "52955134ae4d78a1b90225dab04e60d5"
    },
    "tags": {
        "file_name": "Hungary_Forogj Világ_NOX.mp3",
        "encoding": ["Lavf58.29.100"]
    }
},
"lowlevel": {
    "average_loudness": 0.954435229301,
    "barkbands_crest": {
        "max": 24.0248794556,
        "mean": 9.00523662567,
        "min": 2.18846392632,
        "stdev": 3.26467466354
    },
    "barkbands_flatness_db": {
        "max": 0.253520518541,
        "mean": 0.157535851002,
        "min": 0.0696785524487,
        "stdev": 0.0389933511615
    },
    "barkbands_kurtosis": {
        "max": 17.1694908142,
        "mean": 1.08803141117,
        "min": -1.46972346306,
        "stdev": 1.85275781155
    },
    "barkbands_skewness": {
        "max": 3.28544974327,
        "mean": 1.0310331583,
        "min": -0.606773555279,
        "stdev": 0.64628213644
    },
    "barkbands_spread": {
        "max": 61.2285881042,
        "mean": 22.4467105865,
        "min": 4.85000753403,
        "stdev": 11.6188316345
    },
    "dissonance": {
        "max": 0.5,
        "mean": 0.482090175152,
        "min": 0.39794075489,
        "stdev": 0.0172404684126
    },
    "dynamic_complexity": 1.47201502323,
    "erbbands_crest": {
        "max": 28.6250171661,
        "mean": 10.5029621124,
        "min": 2.30991029739,
        "stdev": 5.45355701447
    },
    "erbbands_flatness_db": {
        "max": 0.313231945038,
        "mean": 0.205230727792,
        "min": 0.102602921426,
        "stdev": 0.0568662546575
    },
    "erbbands_kurtosis": {
        "max": 21.3663845062,
        "mean": 0.89193791151,
        "min": -1.57715988159,
        "stdev": 1.79845714569
    },
    "erbbands_skewness": {
        "max": 3.95010781288,
        "mean": 0.722715198994,
        "min": -0.917830228806,
        "stdev": 0.604541361332
    },
    "erbbands_spread": {
        "max": 68.7222061157,
        "mean": 27.0164070129,
        "min": 6.71500062943,
        "stdev": 11.4748077393
    },
    "hfc": {
        "max": 142.136871338,
        "mean": 36.2446403503,
        "min": 1.35035669804,
        "stdev": 17.9664115906
    },
    "loudness_ebu128": {
        "integrated": -24.078338623,
        "loudness_range": 2.36102294922,
        "momentary": {
            "max": -21.1342449188,
            "mean": -24.246088028,
            "min": -27.7332763672,
            "stdev": 1.24045395851
        },
        "short_term": {
            "max": -22.8249340057,
            "mean": -23.9925441742,
            "min": -26.4811458588,
            "stdev": 0.837624132633
        }
    },
    "melbands_crest": {
        "max": 29.8094215393,
        "mean": 12.5558891296,
        "min": 3.53919267654,
        "stdev": 4.801902771
    },
    "melbands_flatness_db": {
        "max": 0.244486704469,
        "mean": 0.14520996809,
        "min": 0.0458341799676,
        "stdev": 0.0339752025902
    },
    "melbands_kurtosis": {
        "max": 45.0794067383,
        "mean": 5.46216249466,
        "min": -1.30933725834,
        "stdev": 5.20299816132
    },
    "melbands_skewness": {
        "max": 6.32495212555,
        "mean": 1.82814455032,
        "min": -0.364986538887,
        "stdev": 0.933993577957
    },
    "melbands_spread": {
        "max": 76.8279724121,
        "mean": 27.4801979065,
        "min": 6.59167194366,
        "stdev": 13.9043416977
    },
    "pitch_salience": {
        "max": 0.843128204346,
        "mean": 0.625039696693,
        "min": 0.213326662779,
        "stdev": 0.130920603871
    },
    "silence_rate_20dB": {
        "max": 1,
        "mean": 1,
        "min": 1,
        "stdev": 0
    },
    "silence_rate_30dB": {
        "max": 1,
        "mean": 0.998862326145,
        "min": 0,
        "stdev": 0.0337100960314
    },
    "silence_rate_60dB": {
        "max": 1,
        "mean": 0.00113765639253,
        "min": 0,
        "stdev": 0.0337099730968
    },
    "spectral_centroid": {
        "max": 2959.18505859,
        "mean": 1821.66552734,
        "min": 968.883422852,
        "stdev": 353.613464355
    },
    "spectral_complexity": {
        "max": 56,
        "mean": 31.852104187,
        "min": 1,
        "stdev": 8.08028411865
    },
    "spectral_decrease": {
        "max": -1.42070258335e-10,
        "mean": -8.27221935396e-09,
        "min": -3.06941565498e-08,
        "stdev": 4.81766138094e-09
    },
    "spectral_energy": {
        "max": 0.12873916328,
        "mean": 0.0345087610185,
        "min": 0.000658686389215,
        "stdev": 0.0192791856825
    },
    "spectral_energyband_high": {
        "max": 0.00817634072155,
        "mean": 0.00140531745274,
        "min": 5.12261794938e-05,
        "stdev": 0.00108998140786
    },
    "spectral_energyband_low": {
        "max": 0.0895628631115,
        "mean": 0.00939092505723,
        "min": 3.66795916307e-07,
        "stdev": 0.0142231732607
    },
    "spectral_energyband_middle_high": {
        "max": 0.0906789600849,
        "mean": 0.0159274619073,
        "min": 0.00049982330529,
        "stdev": 0.0102940620854
    },
    "spectral_energyband_middle_low": {
        "max": 0.0595114454627,
        "mean": 0.00889044161886,
        "min": 0.00010858677706,
        "stdev": 0.0063923089765
    },
    "spectral_entropy": {
        "max": 8.35648345947,
        "mean": 7.91765594482,
        "min": 7.43291854858,
        "stdev": 0.15887799859
    },
    "spectral_flux": {
        "max": 0.292048990726,
        "mean": 0.105211026967,
        "min": 0.0434221550822,
        "stdev": 0.0363340824842
    },
    "spectral_kurtosis": {
        "max": 8.35967159271,
        "mean": 2.71379113197,
        "min": 0.379089832306,
        "stdev": 1.3157658577
    },
    "spectral_rms": {
        "max": 0.0112071037292,
        "mean": 0.00558662693948,
        "min": 0.000801636371762,
        "stdev": 0.00156737770885
    },
    "spectral_rolloff": {
        "max": 4909.5703125,
        "mean": 1854.81799316,
        "min": 107.666015625,
        "stdev": 794.442443848
    },
    "spectral_skewness": {
        "max": 1.98078596592,
        "mean": 1.27671217918,
        "min": 0.670316398144,
        "stdev": 0.246827617288
    },
    "spectral_spread": {
        "max": 6158127.5,
        "mean": 4281977.5,
        "min": 2887603.75,
        "stdev": 788272
    },
    "spectral_strongpeak": {
        "max": 12.0484170914,
        "mean": 1.75513875484,
        "min": 0,
        "stdev": 1.95332717896
    },
    "zerocrossingrate": {
        "max": 0.13671875,
        "mean": 0.0757241472602,
        "min": 0.02587890625,
        "stdev": 0.017482958734
    },
    "barkbands": {
        "max": [0.0222423821688, 0.0745853707194, 0.0385309532285, 0.0267539992929, 0.0305872578174, 0.0150607666001, 0.0130527876318, 0.013283925131, 0.0331184901297, 0.0431454330683, 0.0629675164819, 0.0374378226697, 0.0337429642677, 0.0271113123745, 0.0119420224801, 0.00360302207991, 0.00615778937936, 0.00517116952688, 0.00731394113973, 0.00226461235434, 0.00334511254914, 0.0019694280345, 0.00141592917498, 0.00151240965351, 0.000896089361049, 1.07836899588e-06, 1.04165019366e-06],
        "mean": [0.000987400184385, 0.00583194149658, 0.00198728754185, 0.00125583889894, 0.00105748535134, 0.000556916638743, 0.000817745225504, 0.00108388892841, 0.00307346391492, 0.00366603001021, 0.00408497685567, 0.00209273141809, 0.00180888571776, 0.00140226783697, 0.00071141438093, 0.000495603424497, 0.000649811525363, 0.000719148025382, 0.00060237251455, 0.000405831378885, 0.000377648422727, 0.000325055152643, 0.000227587675909, 0.000190427090274, 9.69798056758e-05, 1.82226518319e-08, 2.61861510253e-09],
        "min": [8.55863824256e-10, 1.55482293707e-08, 1.05735962208e-08, 6.07926580187e-08, 2.76711080005e-06, 3.59076238965e-06, 1.7800477508e-05, 2.342096559e-05, 2.54797087109e-05, 2.11036021938e-05, 1.02476551547e-05, 3.83090809919e-05, 3.53993309545e-05, 2.56427392742e-05, 2.54962706094e-05, 2.95956560876e-05, 3.1369694625e-05, 5.48899588466e-05, 1.62536671269e-05, 1.31288088596e-05, 1.91803410416e-05, 8.8030101324e-06, 4.71102293886e-06, 6.94064237905e-06, 3.53077211912e-06, 2.6645904927e-10, 2.96731417215e-10],
        "stdev": [0.0025408284273, 0.00964477472007, 0.00409727124497, 0.00248058745638, 0.00218159053475, 0.00100603187457, 0.0015072778333, 0.00166120042559, 0.00362520292401, 0.0049078934826, 0.0062450314872, 0.00400608545169, 0.00384962698445, 0.00229315180331, 0.000909518625122, 0.000405914383009, 0.000590791692957, 0.000634838419501, 0.000561512657441, 0.000299651466776, 0.000323142186971, 0.000268433184829, 0.000200557216885, 0.000192274412257, 9.9305245385e-05, 7.02221427673e-08, 3.51398625753e-08]
    },
    "erbbands": {
        "max": [3.16629552841, 16.097864151, 35.7389564514, 50.980922699, 71.1587295532, 115.05695343, 82.4056777954, 136.056182861, 219.674331665, 319.96307373, 358.137573242, 728.779663086, 1000.01226807, 1857.22070312, 2065.85449219, 1906.01635742, 1634.15307617, 2031.30371094, 727.536132812, 533.166992188, 212.107437134, 361.282470703, 310.992645264, 314.607818604, 503.071014404, 116.455757141, 159.33416748, 81.1889266968, 81.7387619019, 67.7996673584, 44.7520370483, 38.7995643616, 27.8355197906, 14.5437059402, 3.71765947342, 0.212520807981, 0.00574867520481, 0.000686072686221, 0.000159571543918, 0.000161564661539],
        "mean": [0.224113538861, 1.08652448654, 2.17178869247, 3.70948004723, 3.5751645565, 3.76555323601, 3.33997941017, 4.92969799042, 8.23149394989, 17.9677429199, 29.7468223572, 68.6257400513, 106.175857544, 136.262359619, 141.262908936, 94.17993927, 83.4174118042, 79.2152938843, 46.622127533, 33.2864265442, 28.8990001678, 36.6405067444, 38.570640564, 34.7744407654, 26.2986927032, 20.8994064331, 16.2279129028, 13.5623168945, 11.9324226379, 9.27935123444, 6.03773212433, 4.70855903625, 2.65090703964, 1.42862272263, 0.503831684589, 0.0272897183895, 0.000818174041342, 7.37990121706e-05, 3.10795549012e-05, 4.51394116681e-05],
        "min": [6.04684828431e-07, 8.09371340438e-06, 8.23730952106e-05, 0.000599029532168, 0.00104465533514, 0.0102549390867, 0.0246553421021, 0.0371796190739, 0.167909711599, 0.585080564022, 1.11350023746, 0.700530350208, 0.471186935902, 0.812300622463, 0.356843173504, 1.9370443821, 2.03590750694, 2.07814836502, 2.78191971779, 0.955293595791, 2.25272083282, 2.28567266464, 3.65942525864, 1.55858957767, 1.00996208191, 0.620445430279, 0.489198386669, 0.971987843513, 0.33479771018, 0.156208842993, 0.139277294278, 0.188313052058, 0.0770154595375, 0.0329487994313, 0.0280578490347, 0.0013753909152, 5.65617629036e-05, 7.20423895473e-06, 6.66743244437e-06, 1.27563896513e-06],
        "stdev": [0.385070413351, 1.93191659451, 4.19636869431, 6.81101417542, 6.83909797668, 7.92906045914, 6.28463459015, 8.90364074707, 15.9027204514, 33.139125824, 39.5422096252, 83.7330245972, 133.317398071, 165.48588562, 196.088684082, 178.034729004, 176.736358643, 155.820358276, 54.2204589844, 34.9759025574, 23.1326351166, 31.9326992035, 33.0610580444, 26.6998538971, 28.4703807831, 16.1676445007, 14.5297298431, 10.3259067535, 10.1388072968, 7.97896146774, 5.34111356735, 4.8054151535, 2.73117542267, 1.46493148804, 0.529935836792, 0.0312065146863, 0.000858353334479, 7.1663846029e-05, 1.85289354704e-05, 2.39619039348e-05]
    },
    "gfcc": {
        "mean": [19.4858989716, 64.5307540894, -184.192932129, 28.099811554, -88.1574325562, 31.9557743073, -32.9012298584, 14.1514129639, -21.1731567383, -10.8665180206, -6.89376401901, -12.8200283051, 1.25425231457],
        "cov": [[1897.70007324, 1054.8046875, 1691.97485352, 1257.07800293, 641.497497559, 478.455627441, 156.44152832, 128.215148926, 18.5645618439, 337.040924072, 301.465942383, 96.5175094604, -69.4589614868], [1054.8046875, 1131.70581055, 1475.37573242, 1031.71081543, 583.094055176, 383.585540771, 190.269500732, 102.176681519, 33.8883590698, 226.720550537, 247.167785645, 92.8762893677, 14.1832685471], [1691.97485352, 1475.37573242, 2288.02636719, 1624.42382812, 819.264892578, 567.808410645, 186.421859741, 115.805503845, -5.5296869278, 386.241455078, 348.739318848, 119.79095459, -64.2780838013], [1257.07800293, 1031.71081543, 1624.42382812, 1252.61279297, 641.445617676, 428.476226807, 144.908401489, 85.3381271362, 21.685136795, 298.695709229, 264.521392822, 73.4375076294, -55.6890182495], [641.497497559, 583.094055176, 819.264892578, 641.445617676, 426.611602783, 286.213531494, 141.382965088, 81.7425308228, 44.6382102966, 158.07081604, 155.203735352, 44.6045417786, -1.95322036743], [478.455627441, 383.585540771, 567.808410645, 428.476226807, 286.213531494, 250.119522095, 137.479064941, 65.4379653931, 39.664352417, 120.687034607, 121.366378784, 36.8303222656, -3.09091353416], [156.44152832, 190.269500732, 186.421859741, 144.908401489, 141.382965088, 137.479064941, 177.529541016, 90.1171340942, 49.9835166931, 34.7051696777, 71.1095199585, 37.7449226379, 39.7476921082], [128.215148926, 102.176681519, 115.805503845, 85.3381271362, 81.7425308228, 65.4379653931, 90.1171340942, 91.0243682861, 46.4016723633, 24.6292057037, 38.2384490967, 29.2724094391, 26.7910346985], [18.5645618439, 33.8883590698, -5.5296869278, 21.685136795, 44.6382102966, 39.664352417, 49.9835166931, 46.4016723633, 77.3235626221, 30.7182502747, 20.6403465271, 7.77393960953, 22.1047019958], [337.040924072, 226.720550537, 386.241455078, 298.695709229, 158.07081604, 120.687034607, 34.7051696777, 24.6292057037, 30.7182502747, 133.374588013, 90.3125534058, 22.1246242523, -21.4737815857], [301.465942383, 247.167785645, 348.739318848, 264.521392822, 155.203735352, 121.366378784, 71.1095199585, 38.2384490967, 20.6403465271, 90.3125534058, 114.557518005, 45.6436576843, 0.576717913151], [96.5175094604, 92.8762893677, 119.79095459, 73.4375076294, 44.6045417786, 36.8303222656, 37.7449226379, 29.2724094391, 7.77393960953, 22.1246242523, 45.6436576843, 58.8648071289, 31.1679973602], [-69.4589614868, 14.1832685471, -64.2780838013, -55.6890182495, -1.95322036743, -3.09091353416, 39.7476921082, 26.7910346985, 22.1047019958, -21.4737815857, 0.576717913151, 31.1679973602, 68.0090484619]],
        "icov": [[0.00210826215334, -0.00141136511229, 0.00136600935366, -0.00233336328529, 0.00226672319695, -0.00363581185229, 0.00262645352632, -0.00389898754656, 0.00246600457467, -0.00142651633359, 4.77080648125e-05, -0.000482643255964, 0.000697577896062], [-0.00141136511229, 0.0189909208566, -0.0197427868843, 0.0124974483624, -0.0148884365335, 0.0178413111717, -0.0113591710106, 0.0153292538598, -0.0149730192497, 0.0110098794103, -0.0120168533176, 0.00818959996104, -0.00815315917134], [0.00136600935366, -0.0197427868843, 0.0280864220113, -0.0223652012646, 0.0177840776742, -0.0228600911796, 0.0140507249162, -0.0196062959731, 0.0214626137167, -0.0129563286901, 0.0137168066576, -0.0108211133629, 0.00650393543765], [-0.00233336328529, 0.0124974483624, -0.0223652012646, 0.0266112666577, -0.0209188610315, 0.0190256331116, -0.0101784206927, 0.0161467026919, -0.0150100095198, 0.00575895654038, -0.00941680464894, 0.00630153901875, -0.000596280850004], [0.00226672319695, -0.0148884365335, 0.0177840776742, -0.0209188610315, 0.0350345000625, -0.0302102770656, 0.0133895790204, -0.0191523693502, 0.0127283567563, -0.0060807033442, 0.00525673711672, 0.000496654305607, -0.00187765434384], [-0.00363581185229, 0.0178413111717, -0.0228600911796, 0.0190256331116, -0.0302102770656, 0.0514550097287, -0.0294598639011, 0.0268272887915, -0.0198736805469, 0.0048041078262, -0.00969595834613, 0.00494035892189, 0.000453902146546], [0.00262645352632, -0.0113591710106, 0.0140507249162, -0.0101784206927, 0.0133895790204, -0.0294598639011, 0.0336387343705, -0.0274769123644, 0.0120146488771, 0.000528634351213, -0.00323026790284, 0.000892759591807, -0.00391352176666], [-0.00389898754656, 0.0153292538598, -0.0196062959731, 0.0161467026919, -0.0191523693502, 0.0268272887915, -0.0274769123644, 0.0490228869021, -0.0288216825575, 0.0108371004462, -0.00389888510108, -0.0041239336133, -0.000359159486834], [0.00246600457467, -0.0149730192497, 0.0214626137167, -0.0150100095198, 0.0127283567563, -0.0198736805469, 0.0120146488771, -0.0288216825575, 0.0443494468927, -0.0223807394505, 0.0104051725939, 0.000959956785664, -0.00457989191636], [-0.00142651633359, 0.0110098794103, -0.0129563286901, 0.00575895654038, -0.0060807033442, 0.0048041078262, 0.000528634351213, 0.0108371004462, -0.0223807394505, 0.0370067693293, -0.0221611484885, 0.00592901092023, 0.000612645002548], [4.77080648125e-05, -0.0120168533176, 0.0137168066576, -0.00941680464894, 0.00525673711672, -0.00969595834613, -0.00323026790284, -0.00389888510108, 0.0104051725939, -0.0221611484885, 0.0477241650224, -0.0281570348889, 0.0130624761805], [-0.000482643255964, 0.00818959996104, -0.0108211133629, 0.00630153901875, 0.000496654305607, 0.00494035892189, 0.000892759591807, -0.0041239336133, 0.000959956785664, 0.00592901092023, -0.0281570348889, 0.0510890185833, -0.0275416076183], [0.000697577896062, -0.00815315917134, 0.00650393543765, -0.000596280850004, -0.00187765434384, 0.000453902146546, -0.00391352176666, -0.000359159486834, -0.00457989191636, 0.000612645002548, 0.0130624761805, -0.0275416076183, 0.0393643677235]]
    },
    "melbands": {
        "max": [0.0223987717181, 0.0172495413572, 0.00852152332664, 0.00728927180171, 0.00255690701306, 0.00313933822326, 0.00322522129864, 0.00317654712126, 0.00266176625155, 0.00513643305749, 0.005199407693, 0.00763796130195, 0.00965402834117, 0.00420361803845, 0.00324253877625, 0.00339048658498, 0.00337005290203, 0.00124532054178, 0.000978782423772, 0.000377495627617, 0.000246180075919, 0.000484786112793, 0.000261376757408, 0.000374841911253, 0.000265953276539, 0.000330119277351, 0.000205102813197, 7.52196210669e-05, 0.000128746323753, 4.52349413536e-05, 5.57088424102e-05, 5.32375561306e-05, 5.06973883603e-05, 3.25484761561e-05, 2.82898126898e-05, 2.20546644414e-05, 2.39384989982e-05, 2.2649879611e-05, 1.47509990711e-05, 1.06287425297e-05],
        "mean": [0.00183851108886, 0.00123303150758, 0.000631853472441, 0.000267318479018, 0.000122177705634, 0.000110496170237, 0.000136989430757, 0.000197006069357, 0.000254987477092, 0.000462577416329, 0.000531833444256, 0.000541645276826, 0.00057487108279, 0.000247947173193, 0.000207076911465, 0.000171986524947, 0.000140523217851, 7.79325782787e-05, 5.05900425196e-05, 3.68643995898e-05, 3.31192713929e-05, 3.92141118937e-05, 3.27732304868e-05, 3.72034155589e-05, 2.7112004318e-05, 2.15943910007e-05, 1.55287525558e-05, 1.30968674057e-05, 1.02481681097e-05, 8.85837471287e-06, 7.5854491115e-06, 6.80929042574e-06, 6.0294951254e-06, 4.82903396914e-06, 3.50364189217e-06, 3.03720321426e-06, 2.80689982901e-06, 1.89131003481e-06, 1.54019323872e-06, 1.09600216547e-06],
        "min": [5.21863352532e-09, 3.9261031759e-08, 1.85625623317e-07, 5.36477557489e-07, 7.64794663155e-07, 8.72003624863e-07, 2.90274329018e-06, 3.94905737267e-06, 8.00542238721e-06, 3.98474639951e-06, 2.32637671616e-06, 3.44270506503e-06, 1.03569459498e-06, 3.57090425496e-06, 3.56422401637e-06, 3.73507873519e-06, 2.01126704269e-06, 3.81743757316e-06, 1.78808022611e-06, 9.58487589742e-07, 2.21260665967e-06, 1.49024367602e-06, 8.79639969753e-07, 2.12860891224e-06, 8.33408421386e-07, 8.14952784367e-07, 5.14199712143e-07, 4.02765124363e-07, 2.91755668513e-07, 2.7012364967e-07, 7.13972326594e-07, 1.7660916285e-07, 1.3349752237e-07, 7.51273034894e-08, 8.98670435845e-08, 7.21785227142e-08, 1.28293692114e-07, 6.71380959716e-08, 2.09926120931e-08, 2.81833933968e-08],
        "stdev": [0.00305679091252, 0.00215775123797, 0.0010802843608, 0.000530325109139, 0.000227032971452, 0.000200288021006, 0.000254695914919, 0.000336294615408, 0.000306168134557, 0.000583255779929, 0.000680001394358, 0.000679321878124, 0.00090766500216, 0.000459572824184, 0.00040319506661, 0.000324413907947, 0.000272925128229, 9.68094973359e-05, 6.33686431684e-05, 3.38183999702e-05, 2.84716552414e-05, 3.91473622585e-05, 2.8045322324e-05, 3.76404896087e-05, 2.31344492931e-05, 2.22924954869e-05, 1.41911696119e-05, 1.07485557237e-05, 1.0355230188e-05, 7.39484994483e-06, 6.19269621893e-06, 5.98933820584e-06, 5.38673702977e-06, 4.33201330452e-06, 3.17262856697e-06, 2.93266862172e-06, 3.05004869006e-06, 2.00056433641e-06, 1.66244512911e-06, 1.13838768812e-06]
    },
    "melbands128": {
        "max": [0.0186406672001, 0.0347644276917, 0.0336581915617, 0.0275873932987, 0.0199798997492, 0.0190187040716, 0.0130419228226, 0.0147788533941, 0.00790078192949, 0.011279030703, 0.00618808437139, 0.00399436661974, 0.00381080596708, 0.00329702254385, 0.00282879197039, 0.00339651620016, 0.00367509899661, 0.00455806870013, 0.00313521991484, 0.006180355791, 0.00391978677362, 0.003927919548, 0.00450140284374, 0.0019543946255, 0.00533576309681, 0.0079480400309, 0.00872400775552, 0.00624468550086, 0.00640355469659, 0.0103353783488, 0.0114988340065, 0.0101318610832, 0.018857287243, 0.0023517718073, 0.00955776870251, 0.00791412778199, 0.00827271211892, 0.00197807908989, 0.00990584492683, 0.00298442691565, 0.00434929085895, 0.0134899923578, 0.00257091154344, 0.00296350754797, 0.0015318421647, 0.00236611464061, 0.0023290826939, 0.00103168480564, 0.00149533548392, 0.000689587730449, 0.00048516690731, 0.000485382392071, 0.000322981883073, 0.000453988322988, 0.000715762842447, 0.000849657400977, 0.000386004016036, 0.000291978707537, 0.000661452359054, 0.000385531719076, 0.000648684799671, 0.000524922332261, 0.000260655127931, 0.000338085810654, 0.000452346401289, 0.000218498840695, 0.000847518793307, 0.000344311236404, 9.23386396607e-05, 0.000215726322494, 9.81109769782e-05, 0.000107467545604, 7.55287474021e-05, 0.000221066555241, 0.000142007716931, 9.83354693744e-05, 5.34312639502e-05, 4.91700193379e-05, 9.77099552983e-05, 6.04059605394e-05, 6.69780638418e-05, 5.85401976423e-05, 9.75443326752e-05, 4.63802862214e-05, 5.77746541239e-05, 5.38564563612e-05, 3.77980577468e-05, 2.97818787658e-05, 3.5496064811e-05, 3.54317635356e-05, 3.3375723433e-05, 3.78164877475e-05, 2.98429804388e-05, 3.56655291398e-05, 2.21236641664e-05, 2.76920163742e-05, 2.53960242844e-05, 1.46998745549e-05, 1.95369248104e-05, 2.22202579607e-05, 1.5594816432e-05, 7.9279207057e-06, 1.40868951348e-05, 6.79194045006e-06, 5.45766079085e-06, 4.4344892558e-06, 1.250115929e-06, 4.18828314253e-08, 7.74440955809e-09, 7.13502457117e-09, 6.75764288971e-09, 6.40164454779e-09, 6.04047389885e-09, 5.81956438594e-09, 1.29253336922e-08, 6.51978870891e-09, 5.11871789399e-09, 4.96419660934e-09, 4.77398387488e-09, 4.61806815011e-09, 4.52036053034e-09, 4.39278569075e-09, 4.30310187483e-09, 4.16829415428e-09, 4.12211997869e-09, 4.05920275171e-09, 4.01896338431e-09, 3.9922611883e-09],
        "mean": [0.000846725422889, 0.00198534387164, 0.00221439520828, 0.00166016526055, 0.00113242981024, 0.000990871805698, 0.000793951912783, 0.000571814947762, 0.000299145060126, 0.000306424801238, 0.000199733083718, 0.000122090408695, 0.000109315391455, 0.000109494532808, 9.96384624159e-05, 0.000125129983644, 0.000109994965896, 0.000129962543724, 0.000163746488397, 0.000247247837251, 0.000154977053171, 0.000222646864131, 0.00026811499265, 0.000263926805928, 0.000446528545581, 0.000522736110725, 0.000565727474168, 0.000522671791259, 0.000519642839208, 0.000521730573382, 0.000463942036731, 0.000716751324944, 0.00082918611588, 0.000229926983593, 0.000230653444305, 0.000268070492893, 0.000287825911073, 0.000114325855975, 0.000285691028694, 0.00014799881319, 0.000105028462713, 0.000272363511613, 0.000127545994474, 9.42482438404e-05, 9.470320947e-05, 7.80218251748e-05, 5.6665896409e-05, 4.87815741508e-05, 5.07087534061e-05, 4.33485656686e-05, 3.29224203597e-05, 3.28914902639e-05, 3.201016807e-05, 3.09138995362e-05, 4.09287349612e-05, 4.36210102635e-05, 3.30606308125e-05, 3.52012648364e-05, 3.24129905493e-05, 2.97455026157e-05, 4.53178181488e-05, 3.51984635927e-05, 2.43014346779e-05, 2.67766936304e-05, 2.87842940452e-05, 1.8357339286e-05, 2.17537963181e-05, 1.57282975124e-05, 1.17039762699e-05, 1.92942388821e-05, 1.2819847143e-05, 1.1281933439e-05, 9.35273146752e-06, 1.10349656097e-05, 9.23131301533e-06, 9.8389964478e-06, 8.33059220895e-06, 7.231057225e-06, 8.02943577582e-06, 7.14602128937e-06, 6.78984270053e-06, 6.25468419457e-06, 7.52660344006e-06, 5.50403228772e-06, 5.64559377381e-06, 5.21506808582e-06, 4.55467898064e-06, 3.96929272029e-06, 3.41377381119e-06, 3.28307532982e-06, 2.93769790005e-06, 2.98831969303e-06, 3.07798245558e-06, 3.16986734106e-06, 2.35596189668e-06, 2.06487266041e-06, 1.78824200248e-06, 1.61458876846e-06, 1.70539033206e-06, 1.40841837037e-06, 1.20752565635e-06, 1.0464971183e-06, 9.68312406258e-07, 7.64118340157e-07, 6.03794603649e-07, 4.63933929495e-07, 9.23527139207e-08, 1.15517961863e-09, 2.38623669435e-11, 2.22652937754e-11, 2.172136776e-11, 2.15166478384e-11, 2.05224500588e-11, 2.16121859992e-11, 2.99303359874e-11, 2.27791587676e-11, 1.59360007829e-11, 1.21491922425e-11, 1.17896551896e-11, 1.14271266061e-11, 1.11250279822e-11, 1.09065942042e-11, 1.07999026389e-11, 1.04728552219e-11, 9.89868256807e-12, 8.96443162757e-12, 8.45802681365e-12, 8.34595153404e-12],
        "min": [2.8977001354e-11, 5.58313340004e-10, 1.61806468224e-09, 3.0337496959e-09, 1.69205183198e-09, 6.84091627789e-09, 2.44817091044e-08, 2.33684787077e-08, 6.52032454695e-08, 3.34436442984e-08, 2.17594973151e-08, 9.29460455268e-08, 7.24924333895e-08, 2.61765791265e-07, 4.34176968156e-07, 5.77930109102e-07, 8.48033153034e-07, 7.35195840207e-07, 1.41773818996e-06, 1.38492839596e-06, 2.07956168197e-06, 1.24239318211e-06, 3.66333370039e-06, 1.05975470888e-06, 1.67772145687e-06, 1.37224958507e-06, 1.60034994678e-06, 1.59101193731e-06, 1.14355020742e-06, 3.29290105583e-06, 2.89213949145e-06, 1.72546253907e-06, 4.11650319165e-07, 7.76046078954e-07, 5.95488643285e-07, 1.66424104009e-06, 1.5116306713e-06, 1.81662562682e-06, 1.14585861866e-06, 1.87045600342e-06, 1.23027450627e-06, 1.78242018478e-07, 1.1697326272e-06, 4.63301944365e-07, 1.31247850277e-06, 1.56985265676e-06, 1.19178776004e-06, 1.10147391297e-06, 8.62983029037e-07, 7.12429084615e-07, 2.276316593e-07, 5.99446877914e-07, 7.60592740789e-07, 6.22818220108e-07, 1.47618129631e-06, 9.36023639042e-07, 7.77142815878e-07, 3.19898646239e-07, 2.8064533808e-07, 6.59058059682e-07, 7.77640025262e-07, 1.92971833712e-06, 7.55754172133e-07, 2.51185753086e-07, 4.43312160314e-07, 5.4748892353e-07, 5.33881063802e-07, 6.8859685598e-07, 4.40221612052e-07, 1.70909871144e-07, 5.09826293182e-07, 3.51064898041e-07, 2.48444649742e-07, 3.25996552419e-07, 3.27320464066e-07, 1.5983293622e-07, 2.45366095442e-07, 3.15330964895e-07, 4.62357263586e-07, 5.64217316423e-07, 1.00887390886e-07, 8.56340776068e-08, 1.02369732247e-07, 2.32818621271e-07, 4.09113916078e-08, 4.38222720334e-08, 8.52924486594e-08, 1.37774677e-07, 9.68269731061e-08, 4.75461732208e-08, 6.57818972627e-08, 4.19365058235e-08, 1.44481958841e-07, 1.80231495506e-07, 5.68024418612e-08, 1.22735031027e-07, 5.49969776387e-08, 1.27316814869e-08, 1.75517023138e-08, 2.92402670965e-08, 2.47201406012e-08, 2.57963517214e-08, 3.15828359021e-08, 3.39023671359e-08, 1.81385999554e-08, 3.13103942773e-09, 2.39022579507e-10, 1.78368441978e-12, 9.47060572326e-13, 8.84099488497e-13, 9.73686626118e-13, 8.11621386418e-13, 8.10651567575e-13, 9.34724845268e-13, 8.93227115537e-13, 9.21959015208e-13, 9.19849157781e-13, 1.03874125013e-12, 9.8068916269e-13, 9.44082702639e-13, 9.98192522562e-13, 9.15817226742e-13, 1.04271886264e-12, 1.09980882908e-12, 7.20730712524e-13, 2.86136430305e-13, 2.75720286582e-14, 1.1773767496e-15],
        "stdev": [0.00211241724901, 0.00368973147124, 0.00385058135726, 0.00315704359673, 0.00223822984844, 0.00206119380891, 0.00158094405197, 0.00117633969057, 0.000693383801263, 0.000711085100193, 0.000450973457191, 0.000291411648504, 0.000235098792473, 0.000235517523834, 0.000192163250176, 0.000256468338193, 0.000238407461438, 0.000317657191772, 0.000334207667038, 0.000583846704103, 0.000315687648254, 0.000423966062954, 0.000456649227999, 0.000316736870445, 0.000651299895253, 0.000860910280608, 0.000809362798464, 0.00080866983626, 0.000864824221935, 0.000870161864441, 0.000873529526871, 0.00118421809748, 0.00167335069273, 0.000308690534439, 0.000685345672537, 0.000671200046781, 0.000802942144219, 0.000183507727343, 0.00102718942799, 0.000348316214513, 0.000216909247683, 0.000940008147154, 0.000250262877671, 0.000193813175429, 0.000136320421007, 0.000132868561195, 0.000106079140096, 7.21071119187e-05, 8.2030055637e-05, 5.02383336425e-05, 3.79625453206e-05, 4.08829073422e-05, 3.19036262226e-05, 3.66695276171e-05, 5.69590047235e-05, 5.72177123104e-05, 3.64168663509e-05, 3.78680051654e-05, 4.28865678259e-05, 4.03744306823e-05, 6.27668996458e-05, 3.95092247345e-05, 2.54551741818e-05, 3.19286009471e-05, 3.92378351535e-05, 1.9332710508e-05, 4.44468969363e-05, 2.12761806324e-05, 1.11189292511e-05, 2.23760252993e-05, 1.26002905745e-05, 1.16618975881e-05, 9.13803523872e-06, 1.53603014041e-05, 1.06609268187e-05, 1.09733264253e-05, 7.50446997699e-06, 6.14742793914e-06, 8.39783842821e-06, 6.86159364705e-06, 7.04557942299e-06, 6.3532133936e-06, 9.09825030249e-06, 5.32712329004e-06, 5.70305428482e-06, 5.29071212441e-06, 4.61030595034e-06, 4.05610535381e-06, 3.48486014445e-06, 3.5679395296e-06, 3.15365969072e-06, 3.27696011482e-06, 3.38645236297e-06, 4.12071995015e-06, 2.57922192759e-06, 2.40420536102e-06, 2.1564421786e-06, 1.859036729e-06, 2.05409833143e-06, 1.66246707067e-06, 1.40689348882e-06, 1.14622730507e-06, 1.16358410196e-06, 8.67468259003e-07, 6.94854122685e-07, 5.94258892761e-07, 1.48588625848e-07, 3.09094216888e-09, 2.97618180101e-10, 2.85019119417e-10, 2.77317085962e-10, 2.67577709989e-10, 2.47321135793e-10, 2.68584710028e-10, 4.75310513171e-10, 2.90655499668e-10, 1.90771301534e-10, 1.67281660746e-10, 1.60861796106e-10, 1.55607818297e-10, 1.52315632329e-10, 1.48017181845e-10, 1.44991005313e-10, 1.40451580921e-10, 1.38909675429e-10, 1.36816585838e-10, 1.35474770291e-10, 1.34576738642e-10]
    },
    "mfcc": {
        "mean": [-590.923339844, 76.237121582, -33.8178520203, -9.31709671021, -19.5357646942, -1.02216982841, 1.9907772541, 10.797003746, 1.20238018036, 1.88372159004, 0.0436501316726, -2.79233002663, -5.57216691971],
        "cov": [[1194.62915039, 367.062103271, 927.48828125, 690.284301758, 531.012512207, 380.805023193, 329.422271729, 50.6426696777, 20.7763519287, 95.2765045166, 159.417495728, 239.982040405, 201.005874634], [367.062103271, 541.19543457, 744.760742188, 535.758911133, 400.32333374, 281.655944824, 273.002532959, 79.7599716187, 67.4329071045, 52.4471321106, 63.9940643311, 150.739364624, 150.131912231], [927.48828125, 744.760742188, 1661.13427734, 1170.91369629, 844.00402832, 602.706787109, 504.413787842, 47.7042961121, 29.1334629059, 84.4609603882, 179.93170166, 350.574615479, 287.438201904], [690.284301758, 535.758911133, 1170.91369629, 923.02722168, 654.155944824, 453.319946289, 380.376861572, 47.472618103, 33.065032959, 82.4988021851, 144.924514771, 257.993530273, 205.753707886], [531.012512207, 400.32333374, 844.00402832, 654.155944824, 537.599182129, 363.428497314, 283.997467041, 36.8168296814, 28.5837211609, 77.2336349487, 124.53200531, 194.158355713, 136.197525024], [380.805023193, 281.655944824, 602.706787109, 453.319946289, 363.428497314, 321.698181152, 242.008117676, 41.3035583496, 30.9917507172, 68.7206726074, 108.67440033, 158.172561646, 107.200737], [329.422271729, 273.002532959, 504.413787842, 380.376861572, 283.997467041, 242.008117676, 267.1902771, 86.4368743896, 47.5321121216, 60.2382316589, 80.1229782104, 129.580841064, 118.530937195], [50.6426696777, 79.7599716187, 47.7042961121, 47.472618103, 36.8168296814, 41.3035583496, 86.4368743896, 106.575271606, 61.843082428, 31.8532600403, 12.7036523819, 10.7644453049, 36.0640602112], [20.7763519287, 67.4329071045, 29.1334629059, 33.065032959, 28.5837211609, 30.9917507172, 47.5321121216, 61.843082428, 79.7102584839, 37.7074050903, 8.14406204224, 6.21021509171, 18.2221755981], [95.2765045166, 52.4471321106, 84.4609603882, 82.4988021851, 77.2336349487, 68.7206726074, 60.2382316589, 31.8532600403, 37.7074050903, 75.225151062, 50.4163818359, 30.2560119629, 20.8398838043], [159.417495728, 63.9940643311, 179.93170166, 144.924514771, 124.53200531, 108.67440033, 80.1229782104, 12.7036523819, 8.14406204224, 50.4163818359, 91.5239715576, 73.4955673218, 27.9575519562], [239.982040405, 150.739364624, 350.574615479, 257.993530273, 194.158355713, 158.172561646, 129.580841064, 10.7644453049, 6.21021509171, 30.2560119629, 73.4955673218, 136.619613647, 88.7390136719], [201.005874634, 150.131912231, 287.438201904, 205.753707886, 136.197525024, 107.200737, 118.530937195, 36.0640602112, 18.2221755981, 20.8398838043, 27.9575519562, 88.7390136719, 124.773147583]],
        "icov": [[0.00177933846135, 0.000649486668408, -0.000592864409555, 0.000151842556079, -0.00106824270915, 0.000435386726167, -0.000376143027097, -0.000164710218087, 0.000242912996328, -0.00040829210775, -0.000820508343168, 4.44475226686e-05, -0.00115069618914], [0.000649486668408, 0.00694043003023, -0.0025476119481, 0.000863873923663, -0.00268442486413, 0.00111669662874, -0.00196346896701, -0.000704854319338, -0.00338906166144, 0.000419632531703, 0.00200588558801, 0.000257468636846, -0.00112089898903], [-0.000592864409555, -0.0025476119481, 0.00814048852772, -0.0067829741165, -0.000180669099791, -0.00206619594246, -0.000939147546887, 0.00259001296945, 0.000587115879171, 0.00299138575792, -0.000150883322931, -0.000394108443288, -0.0017026864225], [0.000151842556079, 0.000863873923663, -0.0067829741165, 0.0159569773823, -0.0094520682469, 0.00224793725647, -0.00231548142619, 0.000641330552753, -0.000829650613014, -0.000849729462061, 0.000312109244987, -3.44760410371e-05, -0.0013535185717], [-0.00106824270915, -0.00268442486413, -0.000180669099791, -0.0094520682469, 0.0206659175456, -0.00846990197897, 0.00304030184634, -0.00105325027835, 0.00212058401667, -0.00328009575605, -0.000209888865356, -0.00122954067774, 0.00424858555198], [0.000435386726167, 0.00111669662874, -0.00206619594246, 0.00224793725647, -0.00846990197897, 0.0227030180395, -0.0108327781782, 0.00380196701735, -0.00259235990234, -0.00170788099058, -0.00350683205761, -0.00452197156847, 0.00260527082719], [-0.000376143027097, -0.00196346896701, -0.000939147546887, -0.00231548142619, 0.00304030184634, -0.0108327781782, 0.0245308727026, -0.0145143046975, 0.0045947721228, -0.00200872099958, 0.000219894602196, -0.00226151151583, -0.00294613884762], [-0.000164710218087, -0.000704854319338, 0.00259001296945, 0.000641330552753, -0.00105325027835, 0.00380196701735, -0.0145143046975, 0.0291962120682, -0.0163957327604, 0.00399439129978, -0.00526401354, 0.00801959447563, -0.00547488080338], [0.000242912996328, -0.00338906166144, 0.000587115879171, -0.000829650613014, 0.00212058401667, -0.00259235990234, 0.0045947721228, -0.0163957327604, 0.031473249197, -0.0148289669305, 0.0085912020877, -0.00453070783988, 0.00316627859138], [-0.00040829210775, 0.000419632531703, 0.00299138575792, -0.000849729462061, -0.00328009575605, -0.00170788099058, -0.00200872099958, 0.00399439129978, -0.0148289669305, 0.0347808375955, -0.020846132189, 0.0104617709294, -0.00594870792702], [-0.000820508343168, 0.00200588558801, -0.000150883322931, 0.000312109244987, -0.000209888865356, -0.00350683205761, 0.000219894602196, -0.00526401354, 0.0085912020877, -0.020846132189, 0.0399939380586, -0.0213087424636, 0.0117164226249], [4.44475226686e-05, 0.000257468636846, -0.000394108443288, -3.44760410371e-05, -0.00122954067774, -0.00452197156847, -0.00226151151583, 0.00801959447563, -0.00453070783988, 0.0104617709294, -0.0213087424636, 0.0368402078748, -0.0168709401041], [-0.00115069618914, -0.00112089898903, -0.0017026864225, -0.0013535185717, 0.00424858555198, 0.00260527082719, -0.00294613884762, -0.00547488080338, 0.00316627859138, -0.00594870792702, 0.0117164226249, -0.0168709401041, 0.0247812233865]]
    },
    "spectral_contrast_coeffs": {
        "max": [-0.50408154726, -0.568713545799, -0.532305419445, -0.614240407944, -0.677814662457, -0.69564807415],
        "mean": [-0.733200550079, -0.773858010769, -0.741064369678, -0.809190571308, -0.793006598949, -0.755111098289],
        "min": [-0.917537808418, -0.917584657669, -0.893048226833, -0.88086271286, -0.861906468868, -0.827292025089],
        "stdev": [0.0724526420236, 0.0622052177787, 0.0625461488962, 0.0389726869762, 0.0258736759424, 0.0196616966277]
    },
    "spectral_contrast_valleys": {
        "max": [-5.08920574188, -4.71444511414, -4.6715669632, -5.54311418533, -5.71769475937, -8.09475708008],
        "mean": [-7.65243053436, -6.40674304962, -6.30371236801, -6.6742515564, -6.70456647873, -9.28353595734],
        "min": [-10.7424020767, -7.6204957962, -8.08068466187, -7.95643568039, -7.84676361084, -10.8522510529],
        "stdev": [1.7083016634, 0.458821326494, 0.532837569714, 0.381156146526, 0.307390153408, 0.423471003771]
    }
},
"rhythm": {
    "beats_count": 45,
    "beats_loudness": {
        "max": 0.0994183570147,
        "mean": 0.0402461141348,
        "min": 0.00924632698298,
        "stdev": 0.0192901510745
    },
    "bpm": 139.870147705,
    "bpm_histogram_first_peak_bpm": 140,
    "bpm_histogram_first_peak_weight": 0.304347753525,
    "bpm_histogram_second_peak_bpm": 123,
    "bpm_histogram_second_peak_spread": 0.181818187237,
    "bpm_histogram_second_peak_weight": 0.204545453191,
    "danceability": 1.05009436607,
    "onset_rate": 2.20601987839,
    "beats_loudness_band_ratio": {
        "max": [0.834861576557, 0.283203959465, 0.642859756947, 0.714555859566, 0.249777853489, 0.22957226634],
        "mean": [0.228650480509, 0.0534218326211, 0.199085429311, 0.358480453491, 0.110294260085, 0.0784101635218],
        "min": [0.000106035629869, 0.000901780382264, 0.0170565247536, 0.0416452288628, 0.0223878938705, 0.0148871652782],
        "stdev": [0.256022751331, 0.0668333098292, 0.140525445342, 0.179973170161, 0.061043612659, 0.0474329255521]
    },
    "beats_position": [0.46439909935, 0.905578196049, 1.33514738083, 1.764716506, 2.19428563118, 2.62385487556, 3.05342388153, 3.48299312592, 3.90095233917, 4.33052158356, 4.76009082794, 5.18965959549, 5.61922883987, 6.04879808426, 6.47836732864, 6.90793657303, 7.33750534058, 7.75546455383, 8.18503379822, 8.6146030426, 9.03256225586, 9.47374153137, 9.92653083801, 10.379319191, 10.8204984665, 11.2732877731, 11.7260770798, 12.144036293, 12.5503854752, 12.9567346573, 13.3630838394, 13.7694330215, 14.1641721725, 14.5589113235, 15.0465307236, 15.5341491699, 16.0101585388, 16.4861679077, 16.9737873077, 17.4614048004, 17.9490242004, 18.4366436005, 18.9242630005, 19.4118824005, 19.8994998932],
