{
"metadata": {
    "version": {
        "essentia": "2.1-beta5",
        "essentia_git_sha": "Undefined",
        "extractor": "music 2.0"
    },
    "audio_properties": {
        "analysis": {
            "equal_loudness": 0,
            "length": 45.2556915283,
            "sample_rate": 44100,
            "start_time": 113.742950439,
            "downmix": "mix"
        },
        "bit_rate": 192000,
        "length": 193.050704956,
        "lossless": 0,
        "number_channels": 2,
        "replay_gain": -0.0860080718994,
        "sample_rate": 48000,
        "codec": "mp3",
        "md5_encoded": "bf5c270007a52c4e448f968ae7786670"
    },
    "tags": {
        "file_name": "Greece_My Number One_Helena Paparizou.mp3",
        "encoding": ["Lavf58.29.100"]
    }
},
"lowlevel": {
    "average_loudness": 0.979585289955,
    "barkbands_crest": {
        "max": 24.5306739807,
        "mean": 10.8557834625,
        "min": 2.57193875313,
        "stdev": 5.11651992798
    },
    "barkbands_flatness_db": {
        "max": 0.216619953513,
        "mean": 0.103917054832,
        "min": 0.0285672117025,
        "stdev": 0.0347001217306
    },
    "barkbands_kurtosis": {
        "max": 31.5105705261,
        "mean": 1.91482877731,
        "min": -1.76070201397,
        "stdev": 3.59758758545
    },
    "barkbands_skewness": {
        "max": 5.23142576218,
        "mean": 1.18503785133,
        "min": -1.33298695087,
        "stdev": 0.916620671749
    },
    "barkbands_spread": {
        "max": 83.8820648193,
        "mean": 30.8812274933,
        "min": 3.12035417557,
        "stdev": 12.6461277008
    },
    "dissonance": {
        "max": 0.499988257885,
        "mean": 0.46966779232,
        "min": 0.34401974082,
        "stdev": 0.0259378869087
    },
    "dynamic_complexity": 2.3071308136,
    "erbbands_crest": {
        "max": 31.0064125061,
        "mean": 8.93897819519,
        "min": 2.22454071045,
        "stdev": 5.52485895157
    },
    "erbbands_flatness_db": {
        "max": 0.282618463039,
        "mean": 0.1353507936,
        "min": 0.0637880116701,
        "stdev": 0.0406946353614
    },
    "erbbands_kurtosis": {
        "max": 23.7345657349,
        "mean": 0.946941375732,
        "min": -1.60096538067,
        "stdev": 3.01872825623
    },
    "erbbands_skewness": {
        "max": 4.3160071373,
        "mean": 0.447936832905,
        "min": -2.36742353439,
        "stdev": 0.893469274044
    },
    "erbbands_spread": {
        "max": 134.393417358,
        "mean": 43.0017814636,
        "min": 5.39049005508,
        "stdev": 20.1344509125
    },
    "hfc": {
        "max": 123.620384216,
        "mean": 30.1410102844,
        "min": 3.03867483139,
        "stdev": 17.0629348755
    },
    "loudness_ebu128": {
        "integrated": -22.6116981506,
        "loudness_range": 1.24774169922,
        "momentary": {
            "max": -19.6948223114,
            "mean": -22.770280838,
            "min": -29.2443790436,
            "stdev": 1.2090126276
        },
        "short_term": {
            "max": -21.5891437531,
            "mean": -22.6469974518,
            "min": -23.8187294006,
            "stdev": 0.428747355938
        }
    },
    "melbands_crest": {
        "max": 30.2425708771,
        "mean": 14.0965147018,
        "min": 3.85508370399,
        "stdev": 5.39270401001
    },
    "melbands_flatness_db": {
        "max": 0.300520211458,
        "mean": 0.148512840271,
        "min": 0.0364685915411,
        "stdev": 0.0480262599885
    },
    "melbands_kurtosis": {
        "max": 184.086883545,
        "mean": 11.6183185577,
        "min": -1.65583276749,
        "stdev": 17.3697948456
    },
    "melbands_skewness": {
        "max": 12.5305719376,
        "mean": 2.4249958992,
        "min": -0.819340467453,
        "stdev": 1.81037080288
    },
    "melbands_spread": {
        "max": 202.982528687,
        "mean": 31.2239570618,
        "min": 3.92708587646,
        "stdev": 16.8634338379
    },
    "pitch_salience": {
        "max": 0.832460701466,
        "mean": 0.517003178596,
        "min": 0.13533821702,
        "stdev": 0.134352713823
    },
    "silence_rate_20dB": {
        "max": 1,
        "mean": 1,
        "min": 1,
        "stdev": 0
    },
    "silence_rate_30dB": {
        "max": 1,
        "mean": 1,
        "min": 1,
        "stdev": 0
    },
    "silence_rate_60dB": {
        "max": 1,
        "mean": 0.00871794857085,
        "min": 0,
        "stdev": 0.0929614380002
    },
    "spectral_centroid": {
        "max": 3848.86987305,
        "mean": 1730.55725098,
        "min": 561.407409668,
        "stdev": 484.727416992
    },
    "spectral_complexity": {
        "max": 50,
        "mean": 22.5123081207,
        "min": 3,
        "stdev": 8.02174091339
    },
    "spectral_decrease": {
        "max": -3.27827459623e-10,
        "mean": -7.56100604349e-09,
        "min": -2.59747334752e-08,
        "stdev": 4.66459448845e-09
    },
    "spectral_energy": {
        "max": 0.10635600239,
        "mean": 0.0312708877027,
        "min": 0.00160068168771,
        "stdev": 0.0185928083956
    },
    "spectral_energyband_high": {
        "max": 0.0105176791549,
        "mean": 0.00163479463663,
        "min": 6.74425609759e-05,
        "stdev": 0.00116682983935
    },
    "spectral_energyband_low": {
        "max": 0.0885665938258,
        "mean": 0.0117947068065,
        "min": 1.23544450616e-05,
        "stdev": 0.0135000422597
    },
    "spectral_energyband_middle_high": {
        "max": 0.0873838290572,
        "mean": 0.00942935515195,
        "min": 0.000469502178021,
        "stdev": 0.0103789577261
    },
    "spectral_energyband_middle_low": {
        "max": 0.0736250802875,
        "mean": 0.00964939035475,
        "min": 0.000189806858543,
        "stdev": 0.00973565224558
    },
    "spectral_entropy": {
        "max": 8.74152755737,
        "mean": 7.98302125931,
        "min": 7.06358098984,
        "stdev": 0.260076850653
    },
    "spectral_flux": {
        "max": 0.261302620173,
        "mean": 0.103930726647,
        "min": 0.0236494522542,
        "stdev": 0.0441863834858
    },
    "spectral_kurtosis": {
        "max": 7.23343467712,
        "mean": 2.0139465332,
        "min": -0.988048315048,
        "stdev": 1.03785002232
    },
    "spectral_rms": {
        "max": 0.010186361149,
        "mean": 0.00526474975049,
        "min": 0.00124965619761,
        "stdev": 0.00167050142772
    },
    "spectral_rolloff": {
        "max": 10034.4726562,
        "mean": 1915.54589844,
        "min": 86.1328125,
        "stdev": 1408.7677002
    },
    "spectral_skewness": {
        "max": 2.54641151428,
        "mean": 1.23808383942,
        "min": 0.321993291378,
        "stdev": 0.247635155916
    },
    "spectral_spread": {
        "max": 14550711,
        "mean": 5885095.5,
        "min": 3304243.25,
        "stdev": 1029630.5
    },
    "spectral_strongpeak": {
        "max": 12.1167192459,
        "mean": 1.41732490063,
        "min": 0,
        "stdev": 1.85234248638
    },
    "zerocrossingrate": {
        "max": 0.32373046875,
        "mean": 0.0831032171845,
        "min": 0.01953125,
        "stdev": 0.0305788032711
    },
    "barkbands": {
        "max": [0.0037949536927, 0.0828532576561, 0.0497511513531, 0.0219351556152, 0.0243338588625, 0.0378466397524, 0.0192091837525, 0.0453462600708, 0.0702050849795, 0.0819145143032, 0.0478546842933, 0.0405928641558, 0.0286311171949, 0.0196183547378, 0.0171390306205, 0.0110805723816, 0.0187789648771, 0.00607823161408, 0.00381899136119, 0.00377397984266, 0.00441100774333, 0.00225368351676, 0.00284465658478, 0.00633602263406, 0.00263435603119, 0.000374752475182, 9.09401933313e-06],
        "mean": [0.00015094212722, 0.0078583303839, 0.00306351366453, 0.00108027609531, 0.00146843283437, 0.00180305750109, 0.000795541680418, 0.000961787067354, 0.0027036992833, 0.00316655007191, 0.0010863726493, 0.00135905714706, 0.000751534360461, 0.00093160290271, 0.000570112140849, 0.00044649062329, 0.000522345595527, 0.000396050920244, 0.000380349491024, 0.000338366575306, 0.000283262401354, 0.000309133669361, 0.000320918305079, 0.000312403542921, 0.00017994591326, 3.0353809052e-05, 4.47648574209e-07],
        "min": [1.32880444426e-08, 2.58634554484e-06, 2.12673694477e-06, 9.43016914334e-07, 7.13765211913e-06, 5.67654115002e-06, 4.04871025239e-06, 1.54129998009e-06, 1.17594881885e-05, 1.0369136362e-05, 5.01870408698e-06, 9.61709883995e-06, 1.40012107295e-05, 5.59549744139e-06, 1.42488852362e-05, 1.36671278597e-05, 1.18584484881e-05, 2.03591189347e-05, 2.66875867965e-05, 1.68008245964e-05, 9.79980086413e-06, 7.08805828253e-06, 6.34163370705e-06, 1.02901294667e-05, 3.30748957822e-06, 4.6527293307e-07, 1.64053146068e-10],
        "stdev": [0.000289721006993, 0.0105191273615, 0.006000647787, 0.00230242614634, 0.00212167226709, 0.0030321078375, 0.00153468479402, 0.00270950724371, 0.00691836001351, 0.00744363665581, 0.00291143357754, 0.00377949280664, 0.00166612677276, 0.00182575639337, 0.00113363307901, 0.000751036044676, 0.00155346118845, 0.000507595425006, 0.000403348560212, 0.000428065774031, 0.000299464009004, 0.000284624198684, 0.000256237399299, 0.000290384603431, 0.000169045364601, 2.97450951621e-05, 8.08163633792e-07]
    },
    "erbbands": {
        "max": [1.4660115242, 21.4321956635, 46.9187965393, 75.8136138916, 53.1461029053, 92.7915267944, 149.41104126, 462.416259766, 190.306854248, 670.852233887, 1204.47497559, 1658.43347168, 1678.59020996, 1905.78723145, 1710.81408691, 1249.7232666, 1183.1706543, 678.011108398, 984.661376953, 474.461151123, 640.64465332, 1030.74926758, 428.899108887, 185.266830444, 123.46257782, 253.992233276, 246.072250366, 128.612472534, 80.3700637817, 88.9618759155, 57.8705863953, 129.933456421, 89.1994247437, 38.4941329956, 9.74896144867, 3.21960186958, 0.483167856932, 0.0398451462388, 0.00156247173436, 0.000132229353767],
        "mean": [0.16874101758, 1.94100880623, 3.61958622932, 4.2915968895, 3.04351830482, 5.30104160309, 8.84676074982, 17.7062187195, 12.3157138824, 14.7889280319, 25.3231124878, 52.210067749, 106.781066895, 66.4444274902, 53.0152778625, 46.597366333, 35.726650238, 37.9545593262, 42.5052719116, 26.4322509766, 25.5307407379, 31.025384903, 23.5224781036, 22.6440010071, 15.3388166428, 17.5821437836, 12.5458917618, 10.537981987, 10.8728895187, 9.97412586212, 8.70318889618, 7.60947084427, 4.65840482712, 2.54676246643, 0.955321013927, 0.233614787459, 0.0395713225007, 0.00395384151489, 0.00012992451957, 4.61135787191e-05],
        "min": [2.86139147647e-05, 0.00105542410165, 0.00520908134058, 0.00750765250996, 0.0187467783689, 0.0193263422698, 0.0510880239308, 0.0462479554117, 0.0744987279177, 0.124719180167, 0.208634853363, 0.416442841291, 0.452067792416, 0.440572500229, 0.602004826069, 0.566843748093, 0.72987139225, 0.790297985077, 1.12304282188, 0.978936553001, 1.3697206974, 1.06136655807, 1.11967408657, 1.41337859631, 0.93258279562, 1.01143240929, 0.265912026167, 0.356547266245, 0.224170163274, 0.263210743666, 0.168383300304, 0.194306239486, 0.160757318139, 0.0529716312885, 0.0158250927925, 0.00325013627298, 0.000508055789396, 4.58086069557e-05, 3.26811937157e-06, 2.45855426328e-06],
        "stdev": [0.221473053098, 2.6790626049, 5.67253637314, 8.78109550476, 5.14416456223, 8.49178123474, 12.7234077454, 32.0371704102, 18.0846862793, 35.9772911072, 68.1986618042, 133.524291992, 213.156982422, 148.811325073, 127.792167664, 116.750045776, 72.4114074707, 64.3986587524, 86.3114852905, 36.868522644, 44.11561203, 86.0230178833, 37.9913063049, 23.8896713257, 14.1323699951, 23.9945335388, 15.5374078751, 9.9310541153, 10.0465497971, 9.24039268494, 6.65468740463, 6.6919593811, 4.43874740601, 2.50888180733, 0.859345078468, 0.223982676864, 0.0397227331996, 0.00442481739447, 0.000134272821015, 2.45454521064e-05]
    },
    "gfcc": {
        "mean": [43.8628005981, 62.2674026489, -121.665794373, 39.1122703552, -68.37550354, 35.7682571411, -37.990776062, 19.8417873383, -23.4924201965, 3.94853591919, -14.4953937531, 1.75159347057, -6.92791652679],
        "cov": [[896.214294434, 109.319000244, 60.5002059937, 15.1806621552, -0.24243812263, -40.4418716431, 7.63017416, -46.0053901672, -13.7755746841, -13.0137443542, -11.8977384567, 3.419952631, -28.0077877045], [109.319000244, 270.85925293, 52.3619308472, 0.960863053799, 41.596950531, 8.88281536102, 63.2123718262, 2.29409384727, 24.1236248016, -16.3354663849, 6.60846757889, -9.07872200012, 9.33033275604], [60.5002059937, 52.3619308472, 477.905761719, 246.031463623, 147.84552002, 81.1694717407, -12.4182891846, 56.5340919495, 64.3970565796, 53.6105155945, -25.2743225098, -2.21208930016, -28.9519672394], [15.1806621552, 0.960863053799, 246.031463623, 334.124176025, 119.932739258, -12.6118774414, -53.9082870483, 29.6071376801, 62.5337867737, 42.6743011475, 5.6703453064, 11.4921703339, 11.1105747223], [-0.24243812263, 41.596950531, 147.84552002, 119.932739258, 220.007949829, 107.406143188, 39.0175323486, 55.1920433044, 37.9155807495, 24.2953853607, -1.47955524921, 10.8409852982, 9.84290790558], [-40.4418716431, 8.88281536102, 81.1694717407, -12.6118774414, 107.406143188, 244.002700806, 130.346191406, 27.165813446, 16.5799732208, 15.4619874954, 5.44399929047, -12.1567087173, 0.186275288463], [7.63017416, 63.2123718262, -12.4182891846, -53.9082870483, 39.0175323486, 130.346191406, 173.981811523, 56.8873252869, 12.0781421661, -8.00389766693, 6.14150953293, -9.62236499786, 6.52547883987], [-46.0053901672, 2.29409384727, 56.5340919495, 29.6071376801, 55.1920433044, 27.165813446, 56.8873252869, 134.888839722, 65.8929595947, 16.2265892029, 8.23993492126, 4.54724693298, 18.1188030243], [-13.7755746841, 24.1236248016, 64.3970565796, 62.5337867737, 37.9155807495, 16.5799732208, 12.0781421661, 65.8929595947, 100.805557251, 42.9374198914, 3.32639837265, 2.17335677147, 13.8921003342], [-13.0137443542, -16.3354663849, 53.6105155945, 42.6743011475, 24.2953853607, 15.4619874954, -8.00389766693, 16.2265892029, 42.9374198914, 81.4125900269, 40.6394577026, 14.2133331299, 6.3601937294], [-11.8977384567, 6.60846757889, -25.2743225098, 5.6703453064, -1.47955524921, 5.44399929047, 6.14150953293, 8.23993492126, 3.32639837265, 40.6394577026, 79.7568817139, 40.4455566406, 17.4354667664], [3.419952631, -9.07872200012, -2.21208930016, 11.4921703339, 10.8409852982, -12.1567087173, -9.62236499786, 4.54724693298, 2.17335677147, 14.2133331299, 40.4455566406, 75.5541381836, 37.5204429626], [-28.0077877045, 9.33033275604, -28.9519672394, 11.1105747223, 9.84290790558, 0.186275288463, 6.52547883987, 18.1188030243, 13.8921003342, 6.3601937294, 17.4354667664, 37.5204429626, 74.1323013306]],
        "icov": [[0.00126427039504, -0.000333355972543, -0.000268000556389, 6.58137141727e-05, -0.000143270503031, 0.000624504697043, -0.000655123614706, 0.000753094849642, -0.000158062874107, 2.51258061326e-05, 0.000175086781383, -0.000476878718473, 0.000523780530784], [-0.000333355972543, 0.00879911147058, -0.00446872413158, 0.00387307000346, -0.00470797717571, 0.00691278185695, -0.00727757811546, 0.00863905530423, -0.00894817523658, 0.00924896914512, -0.0102349966764, 0.00701516354457, -0.00468229269609], [-0.000268000556389, -0.00446872413158, 0.00768846413121, -0.00562012428418, 0.0027251993306, -0.00636805500835, 0.00522224418819, -0.00731531903148, 0.00637075025588, -0.00839391164482, 0.0101263411343, -0.00666334480047, 0.00580576900393], [6.58137141727e-05, 0.00387307000346, -0.00562012428418, 0.00898130144924, -0.00539425294846, 0.00592627003789, -0.00273514608853, 0.00641858344898, -0.00760879879817, 0.00633908202872, -0.00854423549026, 0.00586166558787, -0.00470547471195], [-0.000143270503031, -0.00470797717571, 0.0027251993306, -0.00539425294846, 0.0117837768048, -0.00870006531477, 0.00532753160223, -0.00854871142656, 0.00692040473223, -0.00664773676544, 0.00872908812016, -0.00672353990376, 0.00311234826222], [0.000624504697043, 0.00691278185695, -0.00636805500835, 0.00592627003789, -0.00870006531477, 0.0171720776707, -0.0140140326694, 0.0122141577303, -0.00927871651947, 0.00740824872628, -0.0110356649384, 0.00862711854279, -0.00531671568751], [-0.000655123614706, -0.00727757811546, 0.00522224418819, -0.00273514608853, 0.00532753160223, -0.0140140326694, 0.020305659622, -0.0139682348818, 0.00866879057139, -0.0053893844597, 0.00733026629314, -0.00483139976859, 0.00363150774501], [0.000753094849642, 0.00863905530423, -0.00731531903148, 0.00641858344898, -0.00854871142656, 0.0122141577303, -0.0139682348818, 0.0257790889591, -0.0200397502631, 0.0143196377903, -0.0156740453094, 0.0095207253471, -0.00719398399815], [-0.000158062874107, -0.00894817523658, 0.00637075025588, -0.00760879879817, 0.00692040473223, -0.00927871651947, 0.00866879057139, -0.0200397502631, 0.0325880013406, -0.0231786556542, 0.0195299405605, -0.00874337553978, 0.00364797492512], [2.51258061326e-05, 0.00924896914512, -0.00839391164482, 0.00633908202872, -0.00664773676544, 0.00740824872628, -0.0053893844597, 0.0143196377903, -0.0231786556542, 0.0387113392353, -0.0294032432139, 0.0125918257982, -0.00597957521677], [0.000175086781383, -0.0102349966764, 0.0101263411343, -0.00854423549026, 0.00872908812016, -0.0110356649384, 0.00733026629314, -0.0156740453094, 0.0195299405605, -0.0294032432139, 0.0433149710298, -0.0236150268465, 0.00927172135562], [-0.000476878718473, 0.00701516354457, -0.00666334480047, 0.00586166558787, -0.00672353990376, 0.00862711854279, -0.00483139976859, 0.0095207253471, -0.00874337553978, 0.0125918257982, -0.0236150268465, 0.032638810575, -0.015981759876], [0.000523780530784, -0.00468229269609, 0.00580576900393, -0.00470547471195, 0.00311234826222, -0.00531671568751, 0.00363150774501, -0.00719398399815, 0.00364797492512, -0.00597957521677, 0.00927172135562, -0.015981759876, 0.0240255631506]]
    },
    "melbands": {
        "max": [0.019022859633, 0.0176840107888, 0.0107264593244, 0.00499019538984, 0.00433369865641, 0.00899984966964, 0.00331770465709, 0.00765680940822, 0.00863852631301, 0.010314735584, 0.00856833718717, 0.00960614066571, 0.00605218438432, 0.00539591675624, 0.0039984905161, 0.00178319111001, 0.0014199934667, 0.00201532780193, 0.000950291170739, 0.00115597888362, 0.00086818280397, 0.00126522697974, 0.00117574352771, 0.000246843701461, 0.000181375697139, 0.000147307117004, 0.000103197868157, 0.000225530515308, 0.000242746071308, 6.97769937688e-05, 6.5701562562e-05, 5.32201047463e-05, 5.34946193511e-05, 6.46195767331e-05, 3.20501458191e-05, 4.88149926241e-05, 0.000101565921796, 6.58909848426e-05, 6.17011392023e-05, 2.73362456937e-05],
        "mean": [0.00193052133545, 0.00217124028131, 0.000683607708197, 0.000286635331577, 0.000307631504256, 0.000377495336579, 0.00018367098528, 0.000175147899427, 0.000213713836274, 0.000367428176105, 0.000558350991923, 0.000297135033179, 0.00016664773284, 0.000160126946867, 0.000100024211861, 6.86547209625e-05, 7.14995985618e-05, 7.68704339862e-05, 4.1091505409e-05, 2.95418194582e-05, 2.79601936199e-05, 3.02694570564e-05, 2.80054446193e-05, 1.86958168342e-05, 1.86194520211e-05, 1.31830802275e-05, 9.83953395917e-06, 1.21769598991e-05, 7.82753704698e-06, 6.84917222316e-06, 5.80940650252e-06, 6.22142579232e-06, 6.03093803875e-06, 5.31912337465e-06, 4.79090113004e-06, 5.38264248462e-06, 4.44587612947e-06, 3.46113210981e-06, 2.60577712652e-06, 1.97384201783e-06],
        "min": [6.67372205498e-07, 2.8191839192e-06, 1.65389405993e-06, 1.00917020518e-06, 1.74319370672e-06, 7.99746885605e-07, 1.17831712032e-06, 1.1789003338e-06, 1.59263970545e-06, 1.61231741913e-06, 1.19405422083e-06, 1.37582367188e-06, 1.25311703414e-06, 6.39685708848e-07, 1.05929200345e-06, 1.18355092127e-06, 1.13031569526e-06, 1.31150295601e-06, 1.13258147394e-06, 1.59676994826e-06, 5.20115065683e-07, 7.12572443717e-07, 7.93143271949e-07, 9.87287876342e-07, 1.04705645754e-06, 6.93315143963e-07, 4.08543513686e-07, 5.91326511312e-07, 1.17961441504e-07, 2.34318775938e-07, 1.58782668791e-07, 1.2006188399e-07, 1.24854935279e-07, 1.47820344409e-07, 9.29870154209e-08, 1.08824345091e-07, 1.16763025915e-07, 9.10179309699e-08, 6.18219999637e-08, 3.71925246156e-08],
        "stdev": [0.00253930827603, 0.00279161380604, 0.00129439507145, 0.000455461849924, 0.000423699122621, 0.000656000687741, 0.000269323092652, 0.000420145806856, 0.000606507994235, 0.00095871638041, 0.00112612778321, 0.000719074159861, 0.000419688527472, 0.000482189207105, 0.000264436326688, 0.000131671491545, 0.000129269275931, 0.000172722691786, 7.22069889889e-05, 4.89344129164e-05, 5.44602226e-05, 8.84269829839e-05, 8.28266056487e-05, 2.27328364417e-05, 2.06942186196e-05, 1.43897477756e-05, 9.80027834885e-06, 1.94057392946e-05, 1.25578981169e-05, 7.48745242163e-06, 5.49298283659e-06, 5.9933954617e-06, 6.00411385676e-06, 5.30734178028e-06, 3.89549768443e-06, 4.42580039817e-06, 4.41287920694e-06, 3.45057492268e-06, 2.74158219327e-06, 1.9817005068e-06]
    },
    "melbands128": {
        "max": [0.002601737855, 0.0103532448411, 0.0311164278537, 0.0388175025582, 0.025367969647, 0.0250688102096, 0.0185632556677, 0.00729423388839, 0.00609670439735, 0.00544764753431, 0.00626990012825, 0.00589858926833, 0.00551425479352, 0.00892516411841, 0.0158170182258, 0.00897104479373, 0.00429556472227, 0.00460211094469, 0.00690604699776, 0.0107201039791, 0.00990936346352, 0.0146309938282, 0.0140177244321, 0.0242524333298, 0.0178617108613, 0.021683357656, 0.0197776928544, 0.0168586447835, 0.0208068694919, 0.0199656728655, 0.0088582187891, 0.0143877184018, 0.0101838950068, 0.0108983349055, 0.0126538462937, 0.00918691325933, 0.00661830836907, 0.00642148638144, 0.00669359508902, 0.00401958962902, 0.00341248931363, 0.00278204702772, 0.00251454487443, 0.00265523581766, 0.00471014017239, 0.00288449111395, 0.0031493792776, 0.00194537569769, 0.00136632984504, 0.00130210374482, 0.00260043796152, 0.000939027871937, 0.00185470026918, 0.000873969809618, 0.00117518159095, 0.00291737145744, 0.00252871122211, 0.00336818466894, 0.000893883930985, 0.000790893565863, 0.000328926980728, 0.000449991057394, 0.000443194876425, 0.000263725494733, 0.000584700552281, 0.000163348871865, 0.000188318168512, 0.000156376190716, 0.000121755583677, 0.000369395827875, 0.000491450366098, 0.000486742035719, 0.000355317664798, 0.000458031136077, 0.000177522058948, 0.00014592804655, 0.000112681656901, 0.000153800123371, 5.11468315381e-05, 8.16844039946e-05, 6.65936531732e-05, 8.7264663307e-05, 7.03081968823e-05, 8.3945262304e-05, 9.98378382064e-05, 8.2234677393e-05, 9.76282099145e-05, 6.99355878169e-05, 3.59448131348e-05, 4.76011846331e-05, 5.36648658453e-05, 7.76510350988e-05, 8.88318390935e-05, 7.98249966465e-05, 0.000153725151904, 8.95403500181e-05, 5.18042434123e-05, 4.11509390688e-05, 8.27668918646e-05, 6.96587085258e-05, 3.62005266652e-05, 3.65008672816e-05, 2.34171784541e-05, 2.16039643419e-05, 1.1614529285e-05, 1.03576476249e-05, 7.86860528024e-06, 8.16656665847e-06, 7.20515572539e-06, 3.95096003558e-06, 2.16139756049e-06, 2.66572169494e-06, 1.96685869014e-06, 9.76238311523e-07, 1.04466312223e-06, 8.10100232229e-07, 3.46576172205e-07, 1.0959497132e-07, 7.91029322045e-08, 7.02658695673e-08, 6.61970460669e-08, 2.12111430642e-08, 1.58633284286e-08, 1.33624604715e-08, 1.32856436963e-08, 1.32216309012e-08, 1.31858008956e-08, 1.31568143047e-08],
        "mean": [0.000118443000247, 0.000937114818953, 0.0029629454948, 0.00334415887482, 0.00207450333983, 0.00152115011588, 0.000952343165409, 0.000416265887907, 0.000261267676251, 0.00028392666718, 0.000290937168756, 0.000326093781041, 0.000277291663224, 0.000323943473632, 0.000444138015155, 0.000404111167882, 0.000211200982449, 0.000145115700434, 0.00013131077867, 0.000163407050422, 0.000188629172044, 0.000248348602327, 0.000170531930053, 0.000249730306678, 0.000262442685198, 0.000439084455138, 0.000581083004363, 0.000493935367558, 0.000695922761224, 0.000357089185854, 0.000142140663229, 0.000177848982275, 0.000159027651534, 0.000150025793118, 0.000239482542383, 0.000129567866679, 9.10447415663e-05, 0.000118084535643, 9.3860529887e-05, 6.61995800328e-05, 5.81443564442e-05, 7.95781743363e-05, 6.0582653532e-05, 6.03795160714e-05, 0.000123809630168, 6.71130037517e-05, 4.55913359474e-05, 4.56238558399e-05, 3.67230204574e-05, 3.35370568791e-05, 2.55517134065e-05, 2.47636016866e-05, 4.50113548141e-05, 1.88532230823e-05, 1.48262724906e-05, 3.42083367286e-05, 3.90307723137e-05, 3.80614110327e-05, 1.99970654648e-05, 1.75095483428e-05, 1.88753256225e-05, 2.01303282665e-05, 1.55924681167e-05, 1.74471060745e-05, 2.60671804426e-05, 9.83281188383e-06, 8.37119478092e-06, 1.07023388409e-05, 8.22703623271e-06, 1.1566811736e-05, 1.48232575157e-05, 1.1908327906e-05, 6.81276833348e-06, 7.82013285061e-06, 7.5472462413e-06, 6.62859611111e-06, 7.25841027815e-06, 5.62734931009e-06, 5.2427776609e-06, 6.29272471997e-06, 6.71638099448e-06, 5.82028314966e-06, 5.74177875023e-06, 6.56874453853e-06, 5.86234091315e-06, 5.34958644494e-06, 5.25601944901e-06, 4.72584952149e-06, 5.11876669407e-06, 3.98557585868e-06, 6.01985448156e-06, 5.88553166381e-06, 4.3228578761e-06, 4.3182499212e-06, 4.8539927775e-06, 3.58949091606e-06, 3.44703562405e-06, 2.70999316854e-06, 2.53173175224e-06, 2.61804257207e-06, 2.37994981944e-06, 1.70287034962e-06, 1.77340984919e-06, 1.32508409934e-06, 9.90472699414e-07, 8.81537971509e-07, 6.50991808016e-07, 4.57164304635e-07, 3.73640659745e-07, 2.65758387741e-07, 1.92660280618e-07, 1.31083808697e-07, 1.08490340267e-07, 7.05996612282e-08, 6.89620662797e-08, 3.71521871045e-08, 1.50969761137e-08, 1.84298154515e-09, 1.11988529561e-09, 7.05919822597e-10, 3.17052106791e-10, 1.09478003052e-10, 6.92682924908e-11, 1.46561998648e-11, 1.34771733704e-11, 1.29347357478e-11, 1.26243971874e-11, 1.25386064379e-11],
        "min": [8.51076542574e-09, 1.65040461297e-08, 4.1492779701e-07, 5.17057117122e-07, 8.75928492405e-07, 8.84118662725e-07, 4.09375218169e-07, 2.36871500192e-07, 6.00931116423e-07, 3.09291607437e-07, 4.54890454193e-07, 1.76578780042e-07, 2.24899579848e-07, 4.76184368381e-07, 5.01970362166e-07, 8.25489934186e-08, 2.21368168241e-07, 3.50339490751e-07, 9.60023953667e-08, 1.99217680574e-07, 2.71083393955e-07, 1.4237619439e-07, 2.83524286715e-07, 4.24657855547e-07, 1.00074373677e-07, 4.24373070018e-07, 1.99643807264e-07, 3.46665785855e-07, 6.74219336361e-07, 1.65801054663e-07, 3.25962929537e-07, 3.67319387351e-07, 1.70839996372e-07, 6.08438256222e-07, 4.27535781e-07, 3.61884474387e-07, 2.20445784294e-07, 3.33351948711e-07, 2.76380774267e-07, 8.79085035876e-08, 4.93250013278e-07, 4.36598611486e-07, 2.83344832042e-07, 3.12977448402e-07, 9.30626953277e-08, 3.08478945499e-07, 5.27772385794e-07, 2.08168202676e-07, 4.255509225e-07, 3.71309965885e-07, 2.09115398775e-07, 1.88464497342e-07, 1.06824273871e-07, 3.23716164985e-07, 1.99271156021e-07, 2.65597378757e-07, 4.00332822892e-07, 1.98158261355e-07, 2.06832794447e-07, 1.1278905987e-07, 2.71662543128e-07, 4.8615970627e-07, 2.72663527312e-07, 4.63451328869e-07, 3.05170544834e-07, 1.42471066056e-07, 1.90122804611e-07, 1.89191865729e-07, 1.6078880094e-07, 2.78805970311e-07, 2.73512881677e-07, 9.23668750374e-08, 6.47110880436e-08, 1.55088571319e-07, 1.01423047738e-07, 9.09979220864e-08, 1.25553370367e-07, 1.72242152985e-07, 1.19720056091e-07, 1.59335328931e-07, 7.59801679351e-08, 1.41596373737e-07, 8.34045579268e-08, 1.15110765364e-07, 9.12667559305e-08, 1.45703964449e-07, 1.54879728598e-07, 1.38803272876e-07, 7.35932985663e-08, 7.62778071817e-08, 7.05715663685e-08, 1.31400298642e-07, 4.76514188108e-08, 5.60208128775e-08, 1.11115888046e-07, 4.53344277673e-08, 5.2233147585e-08, 4.25896935496e-08, 5.66675488756e-08, 5.38819548979e-08, 2.27229186578e-08, 3.8841488248e-08, 2.67054538483e-08, 1.60570134966e-08, 1.63952584842e-08, 8.77621797457e-09, 1.06240189979e-08, 3.11293901767e-09, 4.90210272375e-09, 3.578451091e-09, 2.81298273563e-09, 1.19047316449e-09, 9.84718084851e-10, 2.55628102019e-10, 4.82380302369e-10, 2.06680367265e-10, 3.5929874527e-12, 6.79267189371e-13, 5.09448928356e-13, 3.84266322104e-13, 5.45204994432e-13, 4.61163496713e-13, 3.66999047255e-13, 4.40897345759e-13, 3.03927808485e-13, 1.32435539315e-13, 1.92749682453e-14, 7.26367757022e-16],
        "stdev": [0.000226157644647, 0.00136642786674, 0.00424669450149, 0.00488339550793, 0.00307692121714, 0.00311469193548, 0.00209109485149, 0.000843597750645, 0.000505092146341, 0.000574845937081, 0.000541891611647, 0.000541287881788, 0.000457694783108, 0.000766751647461, 0.000943421153352, 0.000805630290415, 0.000369738467271, 0.000318911654176, 0.00040208309656, 0.000571313372348, 0.000585971749388, 0.000821117020678, 0.000734186090995, 0.00116173177958, 0.00105888664257, 0.00150539760944, 0.00183343910612, 0.00144244509283, 0.00195363815874, 0.00137774331961, 0.000460883660708, 0.000607979833148, 0.00058535131393, 0.000537231098861, 0.000914789154194, 0.000541201909073, 0.000363091821782, 0.000398687261622, 0.000323126208968, 0.00019300240092, 0.000175360284629, 0.000208923986065, 0.000177024776349, 0.000170651386725, 0.000379279692424, 0.000206286640605, 0.00016543471429, 0.000115728253149, 7.69607358961e-05, 7.35794528737e-05, 7.9911595094e-05, 5.40239561815e-05, 0.000112611800432, 4.48308383056e-05, 5.46381634194e-05, 0.000134641551995, 0.000159168688697, 0.000193302781554, 4.95125386806e-05, 3.69766130461e-05, 2.98148879665e-05, 3.54278927261e-05, 2.75204001809e-05, 2.41098805418e-05, 4.44539073214e-05, 1.38170516948e-05, 1.13915366455e-05, 1.31534725369e-05, 1.04345908767e-05, 1.89788115676e-05, 3.23219574057e-05, 3.01616546494e-05, 1.60468607646e-05, 1.80761144293e-05, 1.22427436509e-05, 8.64943922352e-06, 9.83294921753e-06, 7.25097197574e-06, 5.38000313099e-06, 7.05468210072e-06, 7.21408150639e-06, 6.85203804096e-06, 6.59529632685e-06, 7.89831392467e-06, 6.98527219356e-06, 5.77503305976e-06, 6.60405521558e-06, 5.65936943531e-06, 4.71426892545e-06, 3.48155299434e-06, 5.43412397747e-06, 5.85179122936e-06, 4.73779800814e-06, 4.53716847915e-06, 5.91787738813e-06, 4.15946078647e-06, 3.69146687262e-06, 2.79642927126e-06, 3.28794749294e-06, 3.18333650284e-06, 2.765015779e-06, 1.86832232885e-06, 1.8952772507e-06, 1.47746004586e-06, 9.37341042118e-07, 8.8325583647e-07, 6.85544137013e-07, 5.43702810774e-07, 4.24904158081e-07, 2.99597473941e-07, 2.05819318921e-07, 1.59617201234e-07, 1.39235368124e-07, 8.71048442264e-08, 9.20392579928e-08, 5.27364356628e-08, 2.627093032e-08, 4.98036500929e-09, 5.4070259381e-09, 3.70562114327e-09, 2.54021803592e-09, 9.76161373956e-10, 7.41218753042e-10, 3.20664605979e-10, 3.16993792326e-10, 3.14863052298e-10, 3.13491066439e-10, 3.1260846689e-10]
    },
    "mfcc": {
        "mean": [-592.245117188, 84.9962615967, 7.5092382431, 8.43434906006, 3.82474327087, 8.24779129028, 5.21107149124, 10.4343681335, 2.38164997101, 6.78283119202, -0.0534993112087, -1.44372260571, -2.84681344032],
        "cov": [[887.855895996, 64.0884857178, -34.8739852905, 26.8697166443, -81.7448272705, -13.4132375717, -43.4737319946, -21.3585548401, -63.5603179932, -41.5884933472, -23.1157398224, -31.3262252808, -8.69368362427], [64.0884857178, 269.020843506, -7.02691507339, -36.7176132202, -22.8246860504, 16.3306522369, 35.2710037231, 39.4993171692, 6.18412590027, 16.2403678894, 21.6180343628, -22.0139217377, -25.3786487579], [-34.8739852905, -7.02691507339, 327.342346191, 145.402191162, 125.902786255, 74.2235183716, 2.23340034485, 7.92867231369, 42.6599960327, 40.298084259, 28.3754615784, 36.161075592, 41.3098754883], [26.8697166443, -36.7176132202, 145.402191162, 306.403991699, 155.912734985, -20.9047451019, -53.6056938171, -17.3654594421, 29.7050285339, 7.59386205673, -12.4720907211, 37.092880249, 53.279132843], [-81.7448272705, -22.8246860504, 125.902786255, 155.912734985, 243.932144165, 63.1984062195, 6.62310934067, 16.6791286469, 61.1386299133, 30.131061554, 2.37524795532, 46.930431366, 54.075012207], [-13.4132375717, 16.3306522369, 74.2235183716, -20.9047451019, 63.1984062195, 184.180892944, 82.5845870972, 32.7986564636, 29.6190891266, 28.0130176544, 19.2712974548, 1.74910092354, 11.725935936], [-43.4737319946, 35.2710037231, 2.23340034485, -53.6056938171, 6.62310934067, 82.5845870972, 152.269790649, 71.2238082886, 24.4468727112, 28.0445461273, 25.7134246826, 1.26083183289, -5.66515302658], [-21.3585548401, 39.4993171692, 7.92867231369, -17.3654594421, 16.6791286469, 32.7986564636, 71.2238082886, 110.268119812, 60.0569076538, 26.3332843781, 19.73204422, 5.85457086563, -1.74070227146], [-63.5603179932, 6.18412590027, 42.6599960327, 29.7050285339, 61.1386299133, 29.6190891266, 24.4468727112, 60.0569076538, 108.365814209, 58.1889686584, 15.6110334396, 12.2345533371, 6.95750665665], [-41.5884933472, 16.2403678894, 40.298084259, 7.59386205673, 30.131061554, 28.0130176544, 28.0445461273, 26.3332843781, 58.1889686584, 96.6019210815, 41.9771270752, 0.544560551643, -1.33914744854], [-23.1157398224, 21.6180343628, 28.3754615784, -12.4720907211, 2.37524795532, 19.2712974548, 25.7134246826, 19.73204422, 15.6110334396, 41.9771270752, 76.0605773926, 25.0105895996, -2.26591730118], [-31.3262252808, -22.0139217377, 36.161075592, 37.092880249, 46.930431366, 1.74910092354, 1.26083183289, 5.85457086563, 12.2345533371, 0.544560551643, 25.0105895996, 81.8279037476, 44.3256454468], [-8.69368362427, -25.3786487579, 41.3098754883, 53.279132843, 54.075012207, 11.725935936, -5.66515302658, -1.74070227146, 6.95750665665, -1.33914744854, -2.26591730118, 44.3256454468, 79.4282226562]],
        "icov": [[0.00130923639517, -0.0003302123514, 0.000155199450091, -0.000597706646658, 0.000672324269544, -0.000540564768016, 0.00058911315864, -0.000528512406163, 0.000808252603747, -5.1319868362e-05, 0.000190713282791, 0.000173152206116, -0.000152328779222], [-0.0003302123514, 0.00429980456829, -0.000113676243927, 0.000235241663177, -0.000183645053767, 8.31829747767e-05, -0.000145079495269, -0.00161853048485, 0.000669258122798, -0.000214836778468, -0.0011654215632, 0.00114289182238, 0.000572676130105], [0.000155199450091, -0.000113676243927, 0.00491860229522, -0.00211800099351, -0.000350406713551, -0.00215203082189, 0.000781606417149, -6.19987895334e-06, -8.22662332212e-06, -0.00071564107202, -0.00132265582215, -0.000311476615025, -0.000420116004534], [-0.000597706646658, 0.000235241663177, -0.00211800099351, 0.00691682146862, -0.0039125373587, 0.00260750739835, 0.000638013298158, 0.000533621117938, -0.000531208643224, 0.000213442981476, 0.000603117980063, 0.000398965727072, -0.00134778011125], [0.000672324269544, -0.000183645053767, -0.000350406713551, -0.0039125373587, 0.0092479865998, -0.00313912983984, 0.000196722758119, 0.000340021972079, -0.00254213111475, -0.000583494431339, 0.00175252754707, -0.00258343992755, -0.0012849845225], [-0.000540564768016, 8.31829747767e-05, -0.00215203082189, 0.00260750739835, -0.00313912983984, 0.00992023386061, -0.0052073947154, 0.00202417233959, -0.00162101874594, 0.00100000423845, -0.00127273355611, 0.00263460469432, -0.00166457006708], [0.00058911315864, -0.000145079495269, 0.000781606417149, 0.000638013298158, 0.000196722758119, -0.0052073947154, 0.0138468407094, -0.00905060488731, 0.00484665296972, -0.00319439941086, 0.00020952783234, -0.00122714787722, 0.000820151064545], [-0.000528512406163, -0.00161853048485, -6.19987895334e-06, 0.000533621117938, 0.000340021972079, 0.00202417233959, -0.00905060488731, 0.0213663484901, -0.0135495206341, 0.0057290722616, -0.00338982488029, 0.00109423650429, -0.00106119783595], [0.000808252603747, 0.000669258122798, -8.22662332212e-06, -0.000531208643224, -0.00254213111475, -0.00162101874594, 0.00484665296972, -0.0135495206341, 0.0248741693795, -0.0137660428882, 0.00614336645231, -0.00376301328652, 0.00254594907165], [-5.1319868362e-05, -0.000214836778468, -0.00071564107202, 0.000213442981476, -0.000583494431339, 0.00100000423845, -0.00319439941086, 0.0057290722616, -0.0137660428882, 0.0238279141486, -0.0131371999159, 0.00742184463888, -0.00260693929158], [0.000190713282791, -0.0011654215632, -0.00132265582215, 0.000603117980063, 0.00175252754707, -0.00127273355611, 0.00020952783234, -0.00338982488029, 0.00614336645231, -0.0131371999159, 0.0254390612245, -0.0123871928081, 0.00574615225196], [0.000173152206116, 0.00114289182238, -0.000311476615025, 0.000398965727072, -0.00258343992755, 0.00263460469432, -0.00122714787722, 0.00109423650429, -0.00376301328652, 0.00742184463888, -0.0123871928081, 0.0248003192246, -0.0121538462117], [-0.000152328779222, 0.000572676130105, -0.000420116004534, -0.00134778011125, -0.0012849845225, -0.00166457006708, 0.000820151064545, -0.00106119783595, 0.00254594907165, -0.00260693929158, 0.00574615225196, -0.0121538462117, 0.0217141844332]]
    },
    "spectral_contrast_coeffs": {
        "max": [-0.475497126579, -0.46126589179, -0.444661170244, -0.601617455482, -0.61339110136, -0.663748621941],
        "mean": [-0.737118244171, -0.747777879238, -0.729538202286, -0.785213470459, -0.789959549904, -0.781677782536],
        "min": [-0.903538405895, -0.90932571888, -0.894475102425, -0.87918895483, -0.862045884132, -0.85296779871],
        "stdev": [0.0652278363705, 0.0717165470123, 0.0885941833258, 0.0498116537929, 0.0366379767656, 0.0287416130304]
    },
    "spectral_contrast_valleys": {
        "max": [-4.90472984314, -5.20904827118, -5.50849056244, -5.80080699921, -5.69541311264, -7.86342573166],
        "mean": [-6.6434674263, -6.71642589569, -6.99046802521, -7.16247653961, -7.09666109085, -9.04277801514],
        "min": [-9.06142425537, -8.27187824249, -8.42956066132, -8.35547924042, -8.40544319153, -10.7672309875],
        "stdev": [0.590010285378, 0.499254852533, 0.524488151073, 0.381166905165, 0.349667549133, 0.346469223499]
    }
},
"rhythm": {
    "beats_count": 84,
    "beats_loudness": {
        "max": 0.0836428552866,
        "mean": 0.0573926493526,
        "min": 0.0140281859785,
        "stdev": 0.011862593703
    },
    "bpm": 112.922554016,
    "bpm_histogram_first_peak_bpm": 112,
    "bpm_histogram_first_peak_weight": 0.301204800606,
    "bpm_histogram_second_peak_bpm": 0,
    "bpm_histogram_second_peak_spread": 0,
    "bpm_histogram_second_peak_weight": 0,
    "danceability": 1.61778402328,
    "onset_rate": 3.44619607925,
    "beats_loudness_band_ratio": {
        "max": [0.940079092979, 0.490218549967, 0.744800925255, 0.701315999031, 0.244380131364, 0.151276692748],
        "mean": [0.612136721611, 0.0500335395336, 0.136365383863, 0.134193599224, 0.0468644052744, 0.0406890064478],
        "min": [0.00861848145723, 0.00408191280439, 0.00279812747613, 0.00609352299944, 0.00670596212149, 0.015844784677],
        "stdev": [0.247024074197, 0.0759167894721, 0.172931268811, 0.186664223671, 0.0460251308978, 0.0200263634324]
    },
    "beats_position": [0.545668900013, 1.09133780003, 1.62539684772, 2.15945577621, 2.69351458549, 3.22757363319, 3.76163268089, 4.29569149017, 4.82975053787, 5.36380958557, 5.89786815643, 6.43192720413, 6.9543762207, 7.47682523727, 8.01088428497, 8.54494285583, 9.07900238037, 9.61306095123, 10.1471195221, 10.6695690155, 11.1920175552, 11.7260770798, 12.2601356506, 12.7941951752, 13.328253746, 13.8623123169, 14.3963718414, 14.9188203812, 15.4412698746, 15.9753284454, 16.50938797, 17.0434455872, 17.5775051117, 18.1115646362, 18.6456241608, 19.1680717468, 19.6905212402, 20.2245807648, 20.758638382, 21.2926979065, 21.826757431, 22.3608150482, 22.8948745728, 23.4173240662, 23.9397735596, 24.4738311768, 25.0078907013, 25.5419502258, 26.0643978119, 26.5984573364, 27.132516861, 27.6665763855, 28.1890239716, 28.7230834961, 29.2571430206, 29.7912006378, 30.3252601624, 30.8593196869, 31.3817672729, 31.9042167664, 32.4382743835, 32.9723358154, 33.5063934326, 34.0404510498, 34.5861206055, 35.1317901611, 35.6542396545, 36.1766891479, 36.6991386414, 37.2215881348, 37.755645752, 38.2897033691, 38.823764801, 39.3462142944, 39.8802719116, 40.4143295288, 40.9483909607, 41.4824485779, 42.0165061951, 42.5389556885, 43.0730133057, 43.5954627991, 44.1179122925, 44.6519737244],
