{
"metadata": {
    "version": {
        "essentia": "2.1-beta5",
        "essentia_git_sha": "Undefined",
        "extractor": "music 2.0"
    },
    "audio_properties": {
        "analysis": {
            "equal_loudness": 0,
            "length": 48.7502937317,
            "sample_rate": 44100,
            "start_time": 61.4980506897,
            "downmix": "mix"
        },
        "bit_rate": 192000,
        "length": 194.641265869,
        "lossless": 0,
        "number_channels": 2,
        "replay_gain": -8.50061607361,
        "sample_rate": 48000,
        "codec": "mp3",
        "md5_encoded": "553c1dc11307382af011d9f46388a24a"
    },
    "tags": {
        "file_name": "Monaco_Tout De Moi_Lise Darly.mp3",
        "encoding": ["Lavf58.29.100"]
    }
},
"lowlevel": {
    "average_loudness": 0.793840587139,
    "barkbands_crest": {
        "max": 25.903377533,
        "mean": 10.7002267838,
        "min": 3.55278968811,
        "stdev": 4.61287975311
    },
    "barkbands_flatness_db": {
        "max": 0.355155736208,
        "mean": 0.170241758227,
        "min": 0.0586088895798,
        "stdev": 0.0453675165772
    },
    "barkbands_kurtosis": {
        "max": 157.43977356,
        "mean": 4.28511571884,
        "min": -1.85821795464,
        "stdev": 9.61144828796
    },
    "barkbands_skewness": {
        "max": 10.9062423706,
        "mean": 1.15411841869,
        "min": -2.18599820137,
        "stdev": 1.36157202721
    },
    "barkbands_spread": {
        "max": 104.606048584,
        "mean": 15.2677841187,
        "min": 0.861298978329,
        "stdev": 10.8969774246
    },
    "dissonance": {
        "max": 0.499868094921,
        "mean": 0.444567173719,
        "min": 0.225732669234,
        "stdev": 0.0384851358831
    },
    "dynamic_complexity": 4.17592144012,
    "erbbands_crest": {
        "max": 30.1889305115,
        "mean": 12.0235748291,
        "min": 3.16396760941,
        "stdev": 4.89578390121
    },
    "erbbands_flatness_db": {
        "max": 0.391209155321,
        "mean": 0.218908116221,
        "min": 0.0841391533613,
        "stdev": 0.0484865531325
    },
    "erbbands_kurtosis": {
        "max": 47.4825286865,
        "mean": 1.6727745533,
        "min": -1.8304643631,
        "stdev": 3.6135725975
    },
    "erbbands_skewness": {
        "max": 6.13527011871,
        "mean": 0.451769411564,
        "min": -3.21664094925,
        "stdev": 0.994997859001
    },
    "erbbands_spread": {
        "max": 150.306793213,
        "mean": 25.94439888,
        "min": 1.82635772228,
        "stdev": 16.2213916779
    },
    "hfc": {
        "max": 115.595550537,
        "mean": 15.2578220367,
        "min": 0.0284909158945,
        "stdev": 18.1640110016
    },
    "loudness_ebu128": {
        "integrated": -15.9224948883,
        "loudness_range": 8.59569263458,
        "momentary": {
            "max": -9.99023723602,
            "mean": -17.7696151733,
            "min": -36.4769973755,
            "stdev": 4.39338874817
        },
        "short_term": {
            "max": -12.4353084564,
            "mean": -17.2276763916,
            "min": -23.5055007935,
            "stdev": 2.96857953072
        }
    },
    "melbands_crest": {
        "max": 31.1404094696,
        "mean": 13.5879487991,
        "min": 4.18971776962,
        "stdev": 5.37369441986
    },
    "melbands_flatness_db": {
        "max": 0.405214816332,
        "mean": 0.215450808406,
        "min": 0.0742131769657,
        "stdev": 0.056188814342
    },
    "melbands_kurtosis": {
        "max": 210.17086792,
        "mean": 8.58323192596,
        "min": -1.81491470337,
        "stdev": 15.5761384964
    },
    "melbands_skewness": {
        "max": 11.2019996643,
        "mean": 1.71150839329,
        "min": -2.03999948502,
        "stdev": 1.54363548756
    },
    "melbands_spread": {
        "max": 175.443130493,
        "mean": 21.1399307251,
        "min": 0.955922782421,
        "stdev": 15.6475772858
    },
    "pitch_salience": {
        "max": 0.859836697578,
        "mean": 0.54603099823,
        "min": 0.127479538321,
        "stdev": 0.110708154738
    },
    "silence_rate_20dB": {
        "max": 1,
        "mean": 1,
        "min": 1,
        "stdev": 0
    },
    "silence_rate_30dB": {
        "max": 1,
        "mean": 1,
        "min": 1,
        "stdev": 0
    },
    "silence_rate_60dB": {
        "max": 1,
        "mean": 0.140885293484,
        "min": 0,
        "stdev": 0.347905814648
    },
    "spectral_centroid": {
        "max": 4270.21582031,
        "mean": 1114.62060547,
        "min": 278.497314453,
        "stdev": 534.271362305
    },
    "spectral_complexity": {
        "max": 35,
        "mean": 13.0871009827,
        "min": 0,
        "stdev": 6.57570552826
    },
    "spectral_decrease": {
        "max": -2.25384155783e-11,
        "mean": -3.93316312852e-09,
        "min": -2.19737916751e-08,
        "stdev": 3.58625307229e-09
    },
    "spectral_energy": {
        "max": 0.0862562060356,
        "mean": 0.0162286162376,
        "min": 8.76492704265e-05,
        "stdev": 0.0149507597089
    },
    "spectral_energyband_high": {
        "max": 0.00410227198154,
        "mean": 0.000211037782719,
        "min": 1.51038605622e-07,
        "stdev": 0.000335594551871
    },
    "spectral_energyband_low": {
        "max": 0.0269913896918,
        "mean": 0.00131294736639,
        "min": 1.35665723064e-05,
        "stdev": 0.00228724326007
    },
    "spectral_energyband_middle_high": {
        "max": 0.0624412745237,
        "mean": 0.00666346633807,
        "min": 3.64901825378e-06,
        "stdev": 0.0101005062461
    },
    "spectral_energyband_middle_low": {
        "max": 0.0768393203616,
        "mean": 0.00833425763994,
        "min": 5.18168926646e-05,
        "stdev": 0.00911828782409
    },
    "spectral_entropy": {
        "max": 8.67353439331,
        "mean": 7.12476730347,
        "min": 5.17110776901,
        "stdev": 0.435387969017
    },
    "spectral_flux": {
        "max": 0.227509796619,
        "mean": 0.0608469508588,
        "min": 0.00426356913522,
        "stdev": 0.0382313020527
    },
    "spectral_kurtosis": {
        "max": 34.7849731445,
        "mean": 6.7220826149,
        "min": -1.32319843769,
        "stdev": 4.2388458252
    },
    "spectral_rms": {
        "max": 0.00917346123606,
        "mean": 0.00357545632869,
        "min": 0.000292423472274,
        "stdev": 0.00174611213151
    },
    "spectral_rolloff": {
        "max": 11197.265625,
        "mean": 1382.55163574,
        "min": 129.19921875,
        "stdev": 1129.5723877
    },
    "spectral_skewness": {
        "max": 4.39442634583,
        "mean": 1.86297214031,
        "min": -0.0347111783922,
        "stdev": 0.557510614395
    },
    "spectral_spread": {
        "max": 16387287,
        "mean": 3631273.75,
        "min": 1725153.5,
        "stdev": 1548892.25
    },
    "spectral_strongpeak": {
        "max": 14.8475112915,
        "mean": 1.66587221622,
        "min": 0,
        "stdev": 2.06027245522
    },
    "zerocrossingrate": {
        "max": 0.31103515625,
        "mean": 0.0513313524425,
        "min": 0.005859375,
        "stdev": 0.0278993304819
    },
    "barkbands": {
        "max": [0.000136862799991, 0.00784818362445, 0.0128179518506, 0.0224081557244, 0.0164479799569, 0.0734489560127, 0.0673921108246, 0.0377707406878, 0.0293002780527, 0.0376492589712, 0.0284105781466, 0.0442336425185, 0.0189170688391, 0.0427949428558, 0.0415196046233, 0.034280359745, 0.0168161261827, 0.00376820587553, 0.00752560282126, 0.00271922629327, 0.000570875301491, 0.000822384725325, 0.000737629947253, 0.00136802729685, 0.0013701695716, 0.000542163208593, 0.000153278466314],
        "mean": [9.13697840588e-06, 0.000373299611965, 0.000752478372306, 0.000393659807742, 0.00109410320874, 0.00293093617074, 0.00166437053122, 0.000871898198966, 0.00109216698911, 0.00114139704965, 0.000745643221308, 0.00111385947093, 0.000466375320684, 0.000955960247666, 0.000914307544008, 0.000767626974266, 0.000350035174051, 0.000154694003868, 0.000144930891111, 0.000159864066518, 3.70693996956e-05, 2.59344033111e-05, 2.63343790721e-05, 2.85752103082e-05, 1.1362195437e-05, 2.2881492896e-06, 3.18304898883e-07],
        "min": [3.3243585662e-09, 1.99238638743e-06, 1.11452166607e-07, 4.84063662043e-07, 7.86547570897e-06, 4.94897676617e-06, 6.9701746952e-07, 4.46700823886e-07, 5.81347308071e-07, 2.75424241636e-07, 9.05594959022e-08, 2.05422125532e-07, 1.60583425668e-07, 1.83300741696e-07, 1.45408591834e-07, 1.09425151607e-07, 1.32363510374e-07, 7.60574394576e-08, 5.7728154701e-08, 5.3001148359e-08, 3.2741521494e-08, 2.187440451e-08, 1.490691659e-08, 7.65890106891e-09, 3.90909216108e-09, 1.24164767357e-09, 5.03524340278e-11],
        "stdev": [1.13663463708e-05, 0.000599179707933, 0.00163050170522, 0.00102062860969, 0.0015806350857, 0.00484599452466, 0.00532541936263, 0.00248302612454, 0.00186091905925, 0.00279270438477, 0.00243425322697, 0.00357507239096, 0.00119375309441, 0.0029410214629, 0.00326339597814, 0.00265550380573, 0.00113204435911, 0.000329108763253, 0.000443040538812, 0.000279014930129, 6.76519266563e-05, 6.53656752547e-05, 5.99335544393e-05, 6.5724401793e-05, 4.62662283098e-05, 2.17730230361e-05, 5.66281732972e-06]
    },
    "erbbands": {
        "max": [0.0810926929116, 2.53251504898, 15.0817213058, 56.0471534729, 66.8262405396, 75.7075195312, 288.902282715, 735.486450195, 890.464294434, 635.906677246, 648.348022461, 522.70098877, 586.595031738, 1319.32348633, 974.332824707, 1681.0168457, 966.963256836, 2038.23815918, 2579.73413086, 2067.35009766, 1002.06463623, 652.151367188, 255.117279053, 493.40322876, 131.302459717, 157.22203064, 67.2366943359, 20.6259918213, 28.3431148529, 30.3527927399, 20.7982997894, 19.7256088257, 30.3548851013, 19.733877182, 5.97266578674, 1.62875759602, 1.18796885014, 0.337206840515, 0.030485579744, 0.000497676199302],
        "mean": [0.00524575496092, 0.114616334438, 0.782405078411, 1.10658359528, 2.47648644447, 3.37840509415, 11.6374015808, 26.4946155548, 29.7086811066, 14.7296113968, 23.2076568604, 23.8377037048, 29.8064880371, 42.3599662781, 33.7813034058, 45.1589012146, 26.178483963, 41.5103912354, 43.7738838196, 60.5451965332, 31.5429401398, 16.8468017578, 7.83307886124, 9.6404838562, 6.66563129425, 7.78850507736, 3.09777259827, 0.881547629833, 0.896292805672, 0.851927101612, 0.73816049099, 0.721717238426, 0.372904747725, 0.16797696054, 0.0604397319257, 0.0127220451832, 0.00368556566536, 0.000865202746354, 6.87542269588e-05, 2.08116962312e-05],
        "min": [1.76732464752e-05, 0.00031104721711, 0.000802049937192, 0.00280903605744, 0.0132396686822, 0.0279903002083, 0.037160359323, 0.0296144466847, 0.0115131065249, 0.0183998793364, 0.0139861116186, 0.0156166497618, 0.0120067354292, 0.00947846565396, 0.00798205286264, 0.0108083868399, 0.00970353838056, 0.0125025464222, 0.0101688196883, 0.00852651242167, 0.00904230866581, 0.00656600901857, 0.00632598157972, 0.00484841642901, 0.00275992741808, 0.00287578604184, 0.00210102717392, 0.00151908036787, 0.00081564654829, 0.000452187086921, 0.000377374817617, 0.000189287544345, 0.000107125830255, 4.77423527627e-05, 2.02744104172e-05, 6.61240710542e-06, 2.44978650699e-06, 5.26948440438e-07, 6.04622485412e-08, 9.82944001748e-08],
        "stdev": [0.00893820077181, 0.186394706368, 1.62495851517, 2.62904834747, 5.96407794952, 4.74100065231, 18.500579834, 48.5196647644, 76.601234436, 45.0557861328, 53.8877906799, 39.2530860901, 62.5486717224, 113.614616394, 90.9173126221, 137.149734497, 63.4161834717, 119.36214447, 130.069503784, 192.902496338, 88.8727111816, 51.7360153198, 16.2807712555, 28.2630519867, 13.3886594772, 14.3316755295, 5.58727407455, 1.86041402817, 2.31459259987, 2.2545800209, 1.5750285387, 1.38415825367, 1.16105997562, 0.623089909554, 0.265870302916, 0.0798577517271, 0.0412713326514, 0.0124504296109, 0.00111147400457, 2.6090627216e-05]
    },
    "gfcc": {
        "mean": [-63.5751800537, 118.800552368, -143.670318604, 19.8554553986, -68.9767379761, 7.41783857346, -45.7780036926, 1.26709771156, -21.8825740814, -5.46126031876, -2.34646749496, -12.3679428101, 1.06186842918],
        "cov": [[4577.04296875, -742.773498535, -919.004272461, -97.0538406372, -76.401763916, 90.2467880249, -92.8736114502, 114.087722778, 29.5205669403, 131.088897705, 54.5757713318, -183.345321655, -108.768478394], [-742.773498535, 799.433288574, 45.349319458, -94.0729980469, 191.679840088, -94.3641204834, 189.536407471, -77.5623703003, -3.1252143383, -97.3272018433, 49.8129844666, -35.6705589294, 20.5185432434], [-919.004272461, 45.349319458, 834.570922852, 187.968765259, -134.191970825, 68.764541626, -28.1810836792, -18.9757137299, 8.53476428986, 55.289680481, -123.29473877, 142.915802002, -105.795379639], [-97.0538406372, -94.0729980469, 187.968765259, 462.645294189, 68.4147262573, -83.3380432129, -111.701049805, 42.652671814, 145.887908936, 1.57342767715, -107.928222656, 22.6286754608, -42.0549545288], [-76.401763916, 191.679840088, -134.191970825, 68.4147262573, 322.394256592, -22.5251255035, -15.0854148865, 28.0053539276, 37.0412025452, -50.4250450134, -0.592537462711, -55.5258255005, 41.0601463318], [90.2467880249, -94.3641204834, 68.764541626, -83.3380432129, -22.5251255035, 244.018463135, 98.0905075073, -7.56212472916, -91.5790863037, 23.5752239227, -5.19498348236, -7.1443104744, -27.1618747711], [-92.8736114502, 189.536407471, -28.1810836792, -111.701049805, -15.0854148865, 98.0905075073, 289.632202148, -39.6744270325, -98.9661026001, -18.0224227905, 13.0483121872, -22.1534805298, -34.6916046143], [114.087722778, -77.5623703003, -18.9757137299, 42.652671814, 28.0053539276, -7.56212472916, -39.6744270325, 134.126693726, 62.0933761597, -8.93856525421, -9.96247005463, -4.69988536835, 24.2988395691], [29.5205669403, -3.1252143383, 8.53476428986, 145.887908936, 37.0412025452, -91.5790863037, -98.9661026001, 62.0933761597, 173.442077637, 18.6952342987, -34.6872749329, 6.12110328674, 5.35661220551], [131.088897705, -97.3272018433, 55.289680481, 1.57342767715, -50.4250450134, 23.5752239227, -18.0224227905, -8.93856525421, 18.6952342987, 109.483222961, -4.74070119858, 14.7366704941, -44.5099258423], [54.5757713318, 49.8129844666, -123.29473877, -107.928222656, -0.592537462711, -5.19498348236, 13.0483121872, -9.96247005463, -34.6872749329, -4.74070119858, 152.773010254, 6.24098825455, 40.9059181213], [-183.345321655, -35.6705589294, 142.915802002, 22.6286754608, -55.5258255005, -7.1443104744, -22.1534805298, -4.69988536835, 6.12110328674, 14.7366704941, 6.24098825455, 114.631118774, 8.37997150421], [-108.768478394, 20.5185432434, -105.795379639, -42.0549545288, 41.0601463318, -27.1618747711, -34.6916046143, 24.2988395691, 5.35661220551, -44.5099258423, 40.9059181213, 8.37997150421, 120.707298279]],
        "icov": [[0.00040965876542, 0.000137174793053, 0.000622874533292, -5.90249328525e-05, 0.000168792161276, -0.000261762354057, 0.000221294525545, -0.000312844465952, 1.5193388208e-05, -0.000213688093936, 4.99203861182e-06, -3.75229205929e-06, 0.000800540961791], [0.000137174793053, 0.00449904520065, -0.00209842133336, 0.00209507811815, -0.00305656110868, 0.0027969959192, -0.00378700555302, 0.00289193564095, -0.00339088821784, 0.00267106015235, -0.00186661968473, 0.00185000058264, -0.000112310553959], [0.000622874533292, -0.00209842133336, 0.00441153766587, -0.00181230565067, 0.00224524317309, -0.00260111712851, 0.00262754410505, -0.00196172134019, 0.00215690070763, -0.00158845575061, 0.00215082382783, -0.00367891648784, 0.00279918150045], [-5.90249328525e-05, 0.00209507811815, -0.00181230565067, 0.00503063388169, -0.00238373316824, 0.00176851102151, -0.0012545544887, 0.00154111848678, -0.00412222649902, 0.00235319184139, 0.000501603120938, 0.000406809442211, 0.00114539952483], [0.000168792161276, -0.00305656110868, 0.00224524317309, -0.00238373316824, 0.0063313129358, -0.00255562225357, 0.00271958485246, -0.00218172860332, 0.00174908153713, -0.000760284136049, 0.00110998214222, 0.000310959876515, -0.000454619497759], [-0.000261762354057, 0.0027969959192, -0.00260111712851, 0.00176851102151, -0.00255562225357, 0.00842260941863, -0.00396898202598, 0.000349055568222, 0.00122758420184, -0.000422173616244, -0.000585251662415, 0.00197129556909, -0.000969974207692], [0.000221294525545, -0.00378700555302, 0.00262754410505, -0.0012545544887, 0.00271958485246, -0.00396898202598, 0.00845867674798, -0.0023563914001, 0.00420630676672, -0.000904410204384, 0.00162326358259, -0.00164899835363, 0.00284040230326], [-0.000312844465952, 0.00289193564095, -0.00196172134019, 0.00154111848678, -0.00218172860332, 0.000349055568222, -0.0023563914001, 0.0121539114043, -0.00671142106876, 0.00329623138532, -0.00115830742288, 0.00172743049916, -0.0024732046295], [1.5193388208e-05, -0.00339088821784, 0.00215690070763, -0.00412222649902, 0.00174908153713, 0.00122758420184, 0.00420630676672, -0.00671142106876, 0.0153601532802, -0.00579138705507, 0.00263872649521, -0.0016412892146, -0.000311913259793], [-0.000213688093936, 0.00267106015235, -0.00158845575061, 0.00235319184139, -0.000760284136049, -0.000422173616244, -0.000904410204384, 0.00329623138532, -0.00579138705507, 0.0152223417535, -0.00221840012819, -0.000296811951557, 0.00466371234506], [4.99203861182e-06, -0.00186661968473, 0.00215082382783, 0.000501603120938, 0.00110998214222, -0.000585251662415, 0.00162326358259, -0.00115830742288, 0.00263872649521, -0.00221840012819, 0.0100838849321, -0.00287517346442, -0.0015806844458], [-3.75229205929e-06, 0.00185000058264, -0.00367891648784, 0.000406809442211, 0.000310959876515, 0.00197129556909, -0.00164899835363, 0.00172743049916, -0.0016412892146, -0.000296811951557, -0.00287517346442, 0.0143961124122, -0.00394610036165], [0.000800540961791, -0.000112310553959, 0.00279918150045, 0.00114539952483, -0.000454619497759, -0.000969974207692, 0.00284040230326, -0.0024732046295, -0.000311913259793, 0.00466371234506, -0.0015806844458, -0.00394610036165, 0.0156711544842]]
    },
    "melbands": {
        "max": [0.0011311826529, 0.00600665481761, 0.00966901145875, 0.00368856755085, 0.00783292762935, 0.0153807783499, 0.0145614063367, 0.00788203906268, 0.00618905806914, 0.00336910970509, 0.00353132677265, 0.00562312500551, 0.00400287425146, 0.00671685114503, 0.00230514421128, 0.00130807887763, 0.00466777244583, 0.00526064680889, 0.00427442928776, 0.0034234507475, 0.00157729093917, 0.000948500586674, 0.000299322913634, 0.000239371162024, 0.000509447185323, 0.000102655612864, 0.000118886520795, 0.000101363984868, 6.02416184847e-05, 1.19464730233e-05, 1.24878361021e-05, 1.56455662363e-05, 2.05916530831e-05, 1.60196050274e-05, 1.36043054226e-05, 1.38350915222e-05, 1.1246318536e-05, 2.61620534729e-05, 2.47480966209e-05, 1.43516217577e-05],
        "mean": [7.47372032492e-05, 0.000312309130095, 0.000234286606428, 0.000211964012124, 0.000344346946804, 0.000583857123274, 0.000443340890342, 0.000152846507262, 0.000191312166862, 0.000151613581693, 0.000145162135595, 0.000169625869603, 0.000104529659438, 0.000147186990944, 6.42359518679e-05, 5.0422786444e-05, 8.13179940451e-05, 6.91777750035e-05, 7.96219464974e-05, 6.84272818035e-05, 3.35997101502e-05, 2.07328812394e-05, 7.47075227991e-06, 7.45180841477e-06, 8.07603919384e-06, 4.68104371976e-06, 5.22764685229e-06, 5.13963368576e-06, 2.35988318309e-06, 7.20410525901e-07, 4.28922731999e-07, 5.12425231136e-07, 4.86966484914e-07, 4.72929457374e-07, 4.23319335141e-07, 4.12010166428e-07, 4.59136202835e-07, 2.8741095548e-07, 1.63498029337e-07, 1.38277769679e-07],
        "min": [3.69346736306e-07, 8.12722703358e-07, 8.31918328004e-07, 1.32408126774e-06, 1.44581304085e-06, 8.50315416301e-07, 1.50391599618e-07, 1.73812736648e-07, 5.59614221629e-08, 9.3759098263e-08, 5.47227330117e-08, 2.74756555285e-08, 1.00882351362e-08, 2.2066283023e-08, 1.59926774046e-08, 1.79287873436e-08, 1.98546050711e-08, 1.67378857441e-08, 1.28098118779e-08, 1.0530268213e-08, 8.38244318402e-09, 5.62173196883e-09, 5.50117507103e-09, 3.68707997467e-09, 3.31525540354e-09, 1.42223355315e-09, 2.26669039094e-09, 1.63465241343e-09, 1.00704711237e-09, 8.79601336212e-10, 7.57689577746e-10, 4.3189996024e-10, 3.0767061121e-10, 2.02179148423e-10, 1.93513385871e-10, 1.60516322456e-10, 9.20576045949e-11, 8.13563383328e-11, 4.19988280265e-11, 3.14832812598e-11],
        "stdev": [0.000115067115985, 0.000590134586673, 0.000498948502354, 0.000359332654625, 0.000524171860889, 0.00103012355976, 0.00118828541599, 0.000486727163661, 0.000436097674537, 0.000256026018178, 0.000323673768435, 0.000470760482131, 0.00032260894659, 0.000507278833538, 0.000166652695043, 0.000112298577733, 0.000257679756032, 0.000249699689448, 0.000319277023664, 0.000253527570749, 0.000102808553493, 7.22452241462e-05, 1.92665957002e-05, 1.81829618668e-05, 2.69293341262e-05, 1.07262412712e-05, 1.02083922684e-05, 9.69379289018e-06, 4.55507779407e-06, 1.46507932186e-06, 1.07170728825e-06, 1.35644609145e-06, 1.31169861106e-06, 1.31284218696e-06, 9.51386368797e-07, 8.67357357492e-07, 8.76757837887e-07, 8.95050334293e-07, 7.26516702798e-07, 4.94607775181e-07]
    },
    "melbands128": {
        "max": [9.84040016192e-05, 0.000550278520677, 0.00152817927301, 0.0054339915514, 0.00923671387136, 0.00766168534756, 0.0125453704968, 0.00984108820558, 0.00892221927643, 0.00472250767052, 0.00501182256266, 0.00347471656278, 0.0112995337695, 0.0229574926198, 0.0262052286416, 0.0198534633964, 0.0105719659477, 0.0267285872251, 0.0199014525861, 0.00861662440002, 0.0148645238951, 0.00894568022341, 0.0110531607643, 0.011990304105, 0.0041615087539, 0.00512787792832, 0.00769042782485, 0.00487198540941, 0.0109078306705, 0.0113319689408, 0.00963360071182, 0.00606008898467, 0.00842398218811, 0.00384963327087, 0.0108390366659, 0.012871411629, 0.00439287815243, 0.00521696778014, 0.00509913079441, 0.00287831947207, 0.00247896509245, 0.00324737047777, 0.0036094468087, 0.0108824083582, 0.0104391127825, 0.0107087632641, 0.00392827624455, 0.00653328420594, 0.00854241009802, 0.00645464472473, 0.00643680570647, 0.00229787104763, 0.00221468810923, 0.00249723764136, 0.00357797974721, 0.00198243209161, 0.000570822798181, 0.000792518025264, 0.000192480394617, 0.000449990242487, 0.000359823607141, 0.000443931756308, 0.000611468451098, 0.00119243795052, 0.000388850690797, 0.000164352750289, 0.000191097235074, 0.000154065317474, 0.000233207276324, 0.000373364047846, 0.000210059195524, 0.000126510625705, 0.000152855398483, 4.80079252156e-05, 5.35144026799e-05, 1.68355563801e-05, 1.31071792566e-05, 1.35607679113e-05, 1.67064190464e-05, 1.82162275451e-05, 2.08850597119e-05, 2.05033447855e-05, 2.12968716369e-05, 2.96760372294e-05, 2.24675604841e-05, 2.25181975111e-05, 2.07324592338e-05, 1.6983021851e-05, 1.67905654962e-05, 1.16193841677e-05, 1.59723513207e-05, 1.67984308064e-05, 1.7616621335e-05, 2.08606161323e-05, 1.38592004078e-05, 2.35487241298e-05, 3.53052746505e-05, 2.20738274948e-05, 3.10807372443e-05, 2.90642165055e-05, 1.35567952384e-05, 9.26701522985e-06, 1.84345717571e-05, 1.28993751787e-05, 6.75862747812e-06, 5.76629417992e-06, 4.75565002489e-06, 4.28403609476e-06, 3.08684366246e-06, 3.6282021938e-06, 3.77309038413e-06, 2.42643704951e-06, 5.64792617297e-06, 5.36593734068e-06, 4.82001951241e-06, 4.74644002679e-06, 1.67484301983e-06, 2.46568652074e-06, 1.85306112144e-06, 1.62226274369e-06, 5.2399678907e-07, 1.38251037285e-08, 6.57210463828e-09, 6.4392575716e-09, 6.33522612148e-09, 6.24168272623e-09, 6.17656370494e-09, 6.1349023639e-09],
        "mean": [6.14684313405e-06, 2.426572064e-05, 8.42275403556e-05, 0.000205011892831, 0.000400424003601, 0.000338845566148, 0.000208512414247, 0.000205968070077, 0.000265228474746, 0.000232462669373, 0.00015539333981, 0.000192690844415, 0.000405875092838, 0.00050790241221, 0.000608146714512, 0.000682551937643, 0.000441881973529, 0.000522234593518, 0.000273694720818, 0.000105264545709, 0.000110023909656, 0.000195926681045, 0.00023325366783, 0.00013956039038, 0.000163816439454, 0.000115729715617, 0.000206384749617, 0.000131847977173, 0.00010764257604, 0.000199852293008, 0.000207782140933, 8.21641733637e-05, 0.000128969331854, 6.82475874783e-05, 0.000130051572341, 0.000218388362555, 9.87766397884e-05, 3.29547219735e-05, 5.99387058173e-05, 6.98564108461e-05, 2.61806217168e-05, 5.8135647123e-05, 9.16148565011e-05, 9.1011665063e-05, 7.39239403629e-05, 7.2628747148e-05, 4.78937290609e-05, 7.77194145485e-05, 9.06103305169e-05, 9.47606895352e-05, 8.22440633783e-05, 1.92957559193e-05, 3.04010318359e-05, 3.80821838917e-05, 4.24023346568e-05, 1.59188366524e-05, 6.39186873741e-06, 1.07081013994e-05, 6.3506463448e-06, 4.69692940896e-06, 6.60510067974e-06, 1.06745219455e-05, 9.39240180742e-06, 7.21102742318e-06, 5.75278681936e-06, 4.43688122687e-06, 4.17713772549e-06, 4.71445173389e-06, 5.15778629051e-06, 6.32925457467e-06, 5.75585318074e-06, 4.61305580757e-06, 2.86232875624e-06, 2.24065138354e-06, 1.25779422433e-06, 7.4993704402e-07, 4.71913125466e-07, 3.86652686757e-07, 3.72476677057e-07, 5.47939691842e-07, 5.18757872214e-07, 4.8831765298e-07, 5.06029380176e-07, 5.0497948223e-07, 4.52117916439e-07, 4.66376349095e-07, 4.99489203776e-07, 4.47242229029e-07, 4.23234013169e-07, 4.02717262205e-07, 3.96537103597e-07, 3.91975078173e-07, 4.60824821857e-07, 5.14494558956e-07, 4.42027953795e-07, 3.23073379604e-07, 2.68477919008e-07, 2.03292614742e-07, 1.75106109168e-07, 1.29494466705e-07, 1.28511970843e-07, 1.49014525164e-07, 1.43372545836e-07, 9.71723750354e-08, 5.84873625087e-08, 4.01108692927e-08, 2.93917477023e-08, 2.53550620499e-08, 1.99197760509e-08, 1.47478464996e-08, 1.24359447184e-08, 1.03269170992e-08, 1.25277814789e-08, 1.02649115874e-08, 9.99612037589e-09, 1.06374180575e-08, 4.32791358307e-09, 3.96377819456e-09, 3.13452686029e-09, 2.29421504017e-09, 6.29422736154e-10, 3.00760527594e-11, 7.12261586516e-12, 5.78431573472e-12, 5.66104324876e-12, 5.52517406827e-12, 5.44032961042e-12, 5.40171900265e-12],
        "min": [2.54358673013e-10, 2.26742429277e-08, 1.33665395197e-07, 3.85600912978e-07, 1.48314811099e-07, 3.57662202077e-08, 2.5698693662e-07, 2.55653276326e-07, 1.93181520558e-07, 1.52453001334e-08, 5.4985186182e-08, 9.56901047289e-08, 2.28087856158e-07, 3.70325210497e-07, 9.52327923187e-08, 5.70611078388e-08, 8.55902513308e-08, 2.12731556815e-08, 8.5567343433e-08, 3.68531303252e-08, 1.91454496701e-08, 2.27206591319e-08, 1.14297069587e-08, 2.38690098797e-08, 3.86606444636e-08, 2.12963069401e-08, 2.16779945106e-08, 3.14046033623e-08, 8.45400904836e-09, 8.02533506317e-09, 1.08696038836e-08, 1.07344781952e-08, 4.92181317924e-09, 4.58426274719e-09, 4.09692990644e-09, 1.21149277277e-08, 4.55225235285e-09, 4.85607287715e-09, 5.93436144669e-09, 7.16499526376e-09, 6.37903418976e-09, 7.11448944202e-09, 1.20942909021e-08, 1.1813927614e-08, 3.9559977516e-09, 6.2416178892e-09, 1.32399531338e-08, 1.4786368574e-08, 6.21322815419e-09, 3.26801141703e-09, 4.19438883625e-09, 4.52531034867e-09, 4.98172658681e-09, 4.62355131958e-09, 5.88080739661e-09, 1.58588042698e-09, 3.61132279636e-09, 1.59179625037e-09, 2.00694283414e-09, 1.44730427643e-09, 2.18504014882e-09, 2.68056865593e-09, 1.94199190062e-09, 1.32383715101e-09, 1.45440970378e-09, 1.20827836625e-09, 1.05537978357e-09, 1.39806555222e-09, 7.0572181432e-10, 2.14148654365e-09, 6.71983302336e-10, 9.05293118247e-10, 3.29089311357e-10, 4.90053775337e-10, 2.78062295411e-10, 5.03166175392e-10, 6.90855095353e-10, 3.04000186135e-10, 3.46230905057e-10, 5.47701550779e-10, 3.66072921976e-10, 2.18029538868e-10, 3.1705205128e-10, 1.49245019121e-10, 1.30473465365e-10, 1.87606361002e-10, 1.17084092421e-10, 1.56758356296e-10, 1.27140381556e-10, 1.06404385303e-10, 1.36456221322e-10, 8.73854530403e-11, 9.14970529897e-11, 8.02973798564e-11, 6.51112844197e-11, 4.92974203126e-11, 4.47625859989e-11, 5.33493423049e-11, 3.360435194e-11, 2.43877851941e-11, 2.12228620095e-11, 2.3318466949e-11, 2.20817166635e-11, 1.45316571276e-11, 1.24856878309e-11, 7.61882050504e-12, 1.16569462416e-11, 9.90250503125e-12, 8.72454278961e-12, 7.44646271728e-12, 7.73542428029e-12, 4.72517467862e-12, 4.97395223967e-12, 4.57490946168e-12, 3.63459154266e-12, 3.77976035887e-12, 1.04631418547e-12, 1.03270033313e-13, 7.49208502312e-14, 7.75016783063e-14, 7.73027678653e-14, 7.09097155451e-14, 7.88037509054e-14, 6.75976134334e-14, 4.03796868989e-14, 1.52682652356e-14, 2.30904802487e-15, 1.17460216083e-16],
        "stdev": [7.88486249803e-06, 5.27593510924e-05, 0.000166790603544, 0.000368332897779, 0.00084932136815, 0.000753062951844, 0.000597434293013, 0.000531196536031, 0.000774986867327, 0.000408524938393, 0.000280115666101, 0.000295548525173, 0.000745654047932, 0.00113559188321, 0.00135838449933, 0.00164344906807, 0.00102687242907, 0.00200747139752, 0.00127576861996, 0.000406809092965, 0.000645994965453, 0.000621783314273, 0.000635909091216, 0.000440172996605, 0.000356307078619, 0.000312868563924, 0.00056161172688, 0.000388729968108, 0.000507131800987, 0.000641032645945, 0.000747925019823, 0.00034214038169, 0.000573815428652, 0.000283659639535, 0.000597029924393, 0.000926829234231, 0.000303260836517, 0.00017745619698, 0.000223732669838, 0.000210814148886, 0.00010130690498, 0.000186762321391, 0.000309416122036, 0.000486324832309, 0.000396164803533, 0.000380162528018, 0.000182133735507, 0.000421020202339, 0.000514536863193, 0.000405497179599, 0.000428522616858, 0.000109203472675, 0.000131495922687, 0.000154145702254, 0.000181250637979, 9.35002899496e-05, 2.90460320684e-05, 4.24866702815e-05, 1.6679190594e-05, 2.1655285309e-05, 2.35796178458e-05, 3.44009786204e-05, 3.60377853212e-05, 4.61126146547e-05, 1.95392913156e-05, 1.31159276862e-05, 1.2758131561e-05, 1.17160116133e-05, 1.41293012348e-05, 1.91703347809e-05, 1.39977446452e-05, 1.17532736112e-05, 7.92014179751e-06, 4.54201654065e-06, 3.7908930608e-06, 1.68716553617e-06, 1.15419379654e-06, 1.11038673367e-06, 1.00416377791e-06, 1.55015197834e-06, 1.50305220359e-06, 1.39514452258e-06, 1.57601743922e-06, 1.56635144322e-06, 1.27674309169e-06, 1.46480715557e-06, 1.53255564328e-06, 1.2224842294e-06, 1.05230412828e-06, 8.94267145668e-07, 9.51957304096e-07, 9.49348475388e-07, 9.68119366007e-07, 1.10738722015e-06, 9.31900103751e-07, 8.96213407486e-07, 1.06645950382e-06, 8.69363020684e-07, 8.51930224144e-07, 7.39427207463e-07, 4.42481507434e-07, 5.05728110056e-07, 6.04621106959e-07, 4.98494671319e-07, 2.9365568821e-07, 2.2481098938e-07, 1.76770683424e-07, 1.72885933125e-07, 1.35977742843e-07, 1.32486377424e-07, 1.17185265935e-07, 1.01557951382e-07, 1.63897013294e-07, 1.49797287463e-07, 1.53289107629e-07, 1.59624136131e-07, 6.08962054116e-08, 7.9273661413e-08, 6.36907984131e-08, 5.21714262902e-08, 1.53490713473e-08, 4.98711905106e-10, 1.50658235887e-10, 1.41259517972e-10, 1.38969794006e-10, 1.3691958678e-10, 1.35493463671e-10, 1.34579861144e-10]
    },
    "mfcc": {
        "mean": [-696.653503418, 141.301177979, -13.5641441345, 8.0186920166, 0.466697692871, -6.36486339569, -3.73775529861, -6.60184812546, -11.7846784592, 7.33796882629, -13.4468307495, -2.41241693497, -1.035982728],
        "cov": [[5257.91357422, -808.425292969, -903.368713379, -297.781951904, -85.1011734009, -135.973022461, -6.4656624794, -120.359596252, -77.6777267456, 287.921020508, 22.3718204498, 49.6156539917, 73.6086425781], [-808.425292969, 872.619384766, -116.568260193, -25.7934589386, -70.2189865112, 39.340549469, 175.513076782, 31.6550674438, -7.07051610947, -54.2953834534, -12.4984750748, -8.24522304535, -0.534718811512], [-903.368713379, -116.568260193, 821.521911621, 116.364746094, -68.9591445923, 124.797111511, -122.120254517, 44.1134300232, 33.0688858032, -129.71572876, 140.035140991, -2.22063684464, -18.6945648193], [-297.781951904, -25.7934589386, 116.364746094, 449.270965576, 153.982208252, -14.1710166931, -196.197753906, 43.4662208557, 87.7713317871, -6.4959859848, 14.2330350876, 44.1316871643, 13.9660644531], [-85.1011734009, -70.2189865112, -68.9591445923, 153.982208252, 410.116119385, -92.9098205566, -123.546607971, 0.30875813961, 63.9437065125, 46.6605682373, -75.3210296631, 32.219997406, 29.0775375366], [-135.973022461, 39.340549469, 124.797111511, -14.1710166931, -92.9098205566, 227.151885986, 85.0840072632, 10.3984899521, 1.39979922771, -28.8612499237, 75.780090332, -42.7848205566, -32.5349845886], [-6.4656624794, 175.513076782, -122.120254517, -196.197753906, -123.546607971, 85.0840072632, 324.22744751, 34.7941093445, -61.851852417, 3.89354109764, -14.6674079895, -36.7658691406, -21.5682640076], [-120.359596252, 31.6550674438, 44.1134300232, 43.4662208557, 0.30875813961, 10.3984899521, 34.7941093445, 115.516677856, 41.1980247498, -3.4692606926, -9.34350585938, -1.73540067673, 13.2020769119], [-77.6777267456, -7.07051610947, 33.0688858032, 87.7713317871, 63.9437065125, 1.39979922771, -61.851852417, 41.1980247498, 140.995910645, 24.3060741425, 1.34293353558, -5.93625259399, -0.228518426418], [287.921020508, -54.2953834534, -129.71572876, -6.4959859848, 46.6605682373, -28.8612499237, 3.89354109764, -3.4692606926, 24.3060741425, 140.340835571, -3.7695775032, -22.430267334, -18.9881019592], [22.3718204498, -12.4984750748, 140.035140991, 14.2330350876, -75.3210296631, 75.780090332, -14.6674079895, -9.34350585938, 1.34293353558, -3.7695775032, 164.632522583, 3.76776123047, -20.8258228302], [49.6156539917, -8.24522304535, -2.22063684464, 44.1316871643, 32.219997406, -42.7848205566, -36.7658691406, -1.73540067673, -5.93625259399, -22.430267334, 3.76776123047, 108.564956665, 43.4971885681], [73.6086425781, -0.534718811512, -18.6945648193, 13.9660644531, 29.0775375366, -32.5349845886, -21.5682640076, 13.2020769119, -0.228518426418, -18.9881019592, -20.8258228302, 43.4971885681, 99.6106948853]],
        "icov": [[0.000365328131011, 0.000374431838281, 0.000480306247482, 0.00015396848903, 0.000182885312825, -6.39029894955e-05, 0.000122844910948, -1.38601144499e-05, 3.78982367693e-05, -0.000314670207445, -0.000363530620234, -0.00015392190835, -0.000313909025863], [0.000374431838281, 0.0018045877805, 0.00076663371874, -0.00021690671565, 0.000269257900072, 0.000142632372444, -0.000884023727849, 8.25879833428e-05, -0.000381551450118, 0.000600376806688, -0.000590149313211, 8.0852123574e-06, -0.000340429949574], [0.000480306247482, 0.00076663371874, 0.00274465419352, 0.000195107597392, 0.00024714571191, -0.000748031248804, 0.00109129678458, -0.00120793760289, 2.34811705013e-05, 0.00154072220903, -0.00183357449714, 0.000157470247359, 5.84988083574e-05], [0.00015396848903, -0.00021690671565, 0.000195107597392, 0.00406411383301, -0.000845346134156, -0.00107706547715, 0.00264517706819, -0.00206093629822, -0.000368683919078, -0.000170624305611, -0.000222236878471, -0.00133145181462, 0.000594305980485], [0.000182885312825, 0.000269257900072, 0.00024714571191, -0.000845346134156, 0.00374391768128, 0.000373301591026, 0.000500161200762, 0.00060218089493, -0.00090336514404, -0.0012327345321, 0.00139726814814, -0.000616911158431, -0.000586815120187], [-6.39029894955e-05, 0.000142632372444, -0.000748031248804, -0.00107706547715, 0.000373301591026, 0.00757111888379, -0.00304111489095, 0.00109081389382, -0.00121378165204, 0.00156769144814, -0.00276192510501, 0.00259419740178, 0.000205276708584], [0.000122844910948, -0.000884023727849, 0.00109129678458, 0.00264517706819, 0.000500161200762, -0.00304111489095, 0.00754309399053, -0.00402374472469, 0.00253877462819, -0.000924171879888, 0.000930715992581, -0.000525895273313, 0.00101957307197], [-1.38601144499e-05, 8.25879833428e-05, -0.00120793760289, -0.00206093629822, 0.00060218089493, 0.00109081389382, -0.00402374472469, 0.0128272743896, -0.00419414648786, -0.000174849890755, 0.00107186276, 0.000572900346015, -0.00238691363484], [3.78982367693e-05, -0.000381551450118, 2.34811705013e-05, -0.000368683919078, -0.00090336514404, -0.00121378165204, 0.00253877462819, -0.00419414648786, 0.0104535808787, -0.00199556909502, 6.16038141743e-06, 0.000712310080417, 0.000332711497322], [-0.000314670207445, 0.000600376806688, 0.00154072220903, -0.000170624305611, -0.0012327345321, 0.00156769144814, -0.000924171879888, -0.000174849890755, -0.00199556909502, 0.0111053660512, -0.0021411664784, 0.00248775980435, 0.00182215927634], [-0.000363530620234, -0.000590149313211, -0.00183357449714, -0.000222236878471, 0.00139726814814, -0.00276192510501, 0.000930715992581, 0.00107186276, 6.16038141743e-06, -0.0021411664784, 0.00989104621112, -0.00233554653823, 0.00138165627141], [-0.00015392190835, 8.0852123574e-06, 0.000157470247359, -0.00133145181462, -0.000616911158431, 0.00259419740178, -0.000525895273313, 0.000572900346015, 0.000712310080417, 0.00248775980435, -0.00233554653823, 0.0133740119636, -0.00468487199396], [-0.000313909025863, -0.000340429949574, 5.84988083574e-05, 0.000594305980485, -0.000586815120187, 0.000205276708584, 0.00101957307197, -0.00238691363484, 0.000332711497322, 0.00182215927634, 0.00138165627141, -0.00468487199396, 0.0136550655589]]
    },
    "spectral_contrast_coeffs": {
        "max": [-0.438011169434, -0.369579672813, -0.419164597988, -0.467590838671, -0.574571609497, -0.651415705681],
        "mean": [-0.690261006355, -0.708684623241, -0.714758336544, -0.742393493652, -0.774014294147, -0.80302721262],
        "min": [-0.919878840446, -0.925757884979, -0.923931479454, -0.911944329739, -0.891705572605, -0.884557723999],
        "stdev": [0.0646898820996, 0.0858478695154, 0.0804722979665, 0.0774177089334, 0.0581916421652, 0.0376561135054]
    },
    "spectral_contrast_valleys": {
        "max": [-5.64574813843, -4.99651670456, -5.57391548157, -6.23027038574, -6.48460817337, -8.21796417236],
        "mean": [-7.39974021912, -7.0664100647, -7.90148305893, -8.1790266037, -8.34977531433, -11.0289182663],
        "min": [-9.35288906097, -9.79915809631, -10.3935995102, -10.4644575119, -10.8589401245, -14.1158285141],
        "stdev": [0.621978402138, 0.805390834808, 0.872954249382, 0.786939561367, 0.779816925526, 0.858199477196]
    }
},
"rhythm": {
    "beats_count": 112,
    "beats_loudness": {
        "max": 0.0661343634129,
        "mean": 0.0176509059966,
        "min": 0.000268996576779,
        "stdev": 0.0144463842735
    },
    "bpm": 123.422828674,
    "bpm_histogram_first_peak_bpm": 123,
    "bpm_histogram_first_peak_weight": 0.613636374474,
    "bpm_histogram_second_peak_bpm": 129,
    "bpm_histogram_second_peak_spread": 0.0624999403954,
    "bpm_histogram_second_peak_weight": 0.135135129094,
    "danceability": 0.937048256397,
    "onset_rate": 2.5634765625,
    "beats_loudness_band_ratio": {
        "max": [0.852459430695, 0.940818369389, 0.849638879299, 0.881835877895, 0.695018172264, 0.368340492249],
        "mean": [0.158343404531, 0.297623634338, 0.232096418738, 0.196099549532, 0.146989434958, 0.0305535048246],
        "min": [0.00423334911466, 0.0114977033809, 0.021387219429, 0.0066265463829, 0.00177580025047, 0.000697336916346],
        "stdev": [0.189599424601, 0.221184954047, 0.176506996155, 0.2156278193, 0.171725586057, 0.0467770062387]
    },
