{
"metadata": {
    "version": {
        "essentia": "2.1-beta5",
        "essentia_git_sha": "Undefined",
        "extractor": "music 2.0"
    },
    "audio_properties": {
        "analysis": {
            "equal_loudness": 0,
            "length": 32.4963264465,
            "sample_rate": 44100,
            "start_time": 93.9943771362,
            "downmix": "mix"
        },
        "bit_rate": 192000,
        "length": 186.734893799,
        "lossless": 0,
        "number_channels": 2,
        "replay_gain": 1.06685066223,
        "sample_rate": 48000,
        "codec": "mp3",
        "md5_encoded": "74f148d298f645da2c9a794f92189a8c"
    },
    "tags": {
        "file_name": "Germany_Run _ Hide_Gracia.mp3",
        "encoding": ["Lavf58.29.100"]
    }
},
"lowlevel": {
    "average_loudness": 0.945137560368,
    "barkbands_crest": {
        "max": 25.6932106018,
        "mean": 11.5303697586,
        "min": 2.25386333466,
        "stdev": 4.15145683289
    },
    "barkbands_flatness_db": {
        "max": 0.331838011742,
        "mean": 0.164564713836,
        "min": 0.0721057355404,
        "stdev": 0.0354395098984
    },
    "barkbands_kurtosis": {
        "max": 101.699203491,
        "mean": 3.47376513481,
        "min": -1.65475451946,
        "stdev": 5.32219171524
    },
    "barkbands_skewness": {
        "max": 9.43269920349,
        "mean": 1.49546444416,
        "min": -1.63067305088,
        "stdev": 0.969406783581
    },
    "barkbands_spread": {
        "max": 79.8364257812,
        "mean": 21.9666442871,
        "min": 2.14593648911,
        "stdev": 11.571059227
    },
    "dissonance": {
        "max": 0.499804317951,
        "mean": 0.46450933814,
        "min": 0.317578136921,
        "stdev": 0.0272552371025
    },
    "dynamic_complexity": 2.25035715103,
    "erbbands_crest": {
        "max": 28.0497951508,
        "mean": 9.27450370789,
        "min": 2.57880735397,
        "stdev": 4.84735298157
    },
    "erbbands_flatness_db": {
        "max": 0.291596442461,
        "mean": 0.168119773269,
        "min": 0.068879455328,
        "stdev": 0.0388981550932
    },
    "erbbands_kurtosis": {
        "max": 23.0138893127,
        "mean": 0.609038472176,
        "min": -1.67749762535,
        "stdev": 2.39574313164
    },
    "erbbands_skewness": {
        "max": 3.0429186821,
        "mean": 0.443886607885,
        "min": -1.99119782448,
        "stdev": 0.754186451435
    },
    "erbbands_spread": {
        "max": 113.218330383,
        "mean": 38.2737236023,
        "min": 4.95151090622,
        "stdev": 17.8964576721
    },
    "hfc": {
        "max": 158.133209229,
        "mean": 20.6281414032,
        "min": 0.883843183517,
        "stdev": 16.9644184113
    },
    "loudness_ebu128": {
        "integrated": -24.164937973,
        "loudness_range": 3.08066177368,
        "momentary": {
            "max": -20.698513031,
            "mean": -24.4946689606,
            "min": -29.470916748,
            "stdev": 1.73390829563
        },
        "short_term": {
            "max": -21.9245681763,
            "mean": -24.3364772797,
            "min": -25.8255805969,
            "stdev": 0.922208309174
        }
    },
    "melbands_crest": {
        "max": 28.7935676575,
        "mean": 14.4357423782,
        "min": 3.62809705734,
        "stdev": 4.52904224396
    },
    "melbands_flatness_db": {
        "max": 0.394846618176,
        "mean": 0.19433785975,
        "min": 0.0415449813008,
        "stdev": 0.0516758970916
    },
    "melbands_kurtosis": {
        "max": 219.917114258,
        "mean": 11.7482223511,
        "min": -1.61636304855,
        "stdev": 13.085272789
    },
    "melbands_skewness": {
        "max": 11.9703950882,
        "mean": 2.50687861443,
        "min": -0.521884083748,
        "stdev": 1.41793203354
    },
    "melbands_spread": {
        "max": 199.776916504,
        "mean": 21.814781189,
        "min": 1.33691871166,
        "stdev": 14.6168909073
    },
    "pitch_salience": {
        "max": 0.813527107239,
        "mean": 0.52160847187,
        "min": 0.104326508939,
        "stdev": 0.109386831522
    },
    "silence_rate_20dB": {
        "max": 1,
        "mean": 1,
        "min": 1,
        "stdev": 0
    },
    "silence_rate_30dB": {
        "max": 1,
        "mean": 1,
        "min": 1,
        "stdev": 0
    },
    "silence_rate_60dB": {
        "max": 1,
        "mean": 0.000713775865734,
        "min": 0,
        "stdev": 0.026707123965
    },
    "spectral_centroid": {
        "max": 4232.28027344,
        "mean": 1308.8671875,
        "min": 350.83404541,
        "stdev": 516.874450684
    },
    "spectral_complexity": {
        "max": 48,
        "mean": 19.9793014526,
        "min": 2,
        "stdev": 8.37131404877
    },
    "spectral_decrease": {
        "max": -5.22298149175e-10,
        "mean": -7.51413953282e-09,
        "min": -3.43150432514e-08,
        "stdev": 4.2238221809e-09
    },
    "spectral_energy": {
        "max": 0.13618709147,
        "mean": 0.0302311461419,
        "min": 0.00205144286156,
        "stdev": 0.0168106369674
    },
    "spectral_energyband_high": {
        "max": 0.0197979137301,
        "mean": 0.00074262463022,
        "min": 9.25567383092e-06,
        "stdev": 0.00125236052554
    },
    "spectral_energyband_low": {
        "max": 0.10250736773,
        "mean": 0.0118834450841,
        "min": 8.67280414241e-06,
        "stdev": 0.0105392318219
    },
    "spectral_energyband_middle_high": {
        "max": 0.055345505476,
        "mean": 0.0062227868475,
        "min": 0.000143276105518,
        "stdev": 0.0081102643162
    },
    "spectral_energyband_middle_low": {
        "max": 0.0928914174438,
        "mean": 0.0121752303094,
        "min": 0.00045545437024,
        "stdev": 0.0115832816809
    },
    "spectral_entropy": {
        "max": 8.5971622467,
        "mean": 7.65659761429,
        "min": 6.36548423767,
        "stdev": 0.340985238552
    },
    "spectral_flux": {
        "max": 0.296117633581,
        "mean": 0.0850399583578,
        "min": 0.0229365322739,
        "stdev": 0.0389537066221
    },
    "spectral_kurtosis": {
        "max": 14.0761928558,
        "mean": 3.24488925934,
        "min": -1.01259279251,
        "stdev": 2.00349140167
    },
    "spectral_rms": {
        "max": 0.0115267280489,
        "mean": 0.00521588185802,
        "min": 0.00141471112147,
        "stdev": 0.00151274108794
    },
    "spectral_rolloff": {
        "max": 9194.67773438,
        "mean": 1225.65405273,
        "min": 86.1328125,
        "stdev": 1186.44787598
    },
    "spectral_skewness": {
        "max": 2.88213896751,
        "mean": 1.39214277267,
        "min": 0.13126295805,
        "stdev": 0.357239484787
    },
    "spectral_spread": {
        "max": 10984784,
        "mean": 4528797,
        "min": 2159659,
        "stdev": 1389370
    },
    "spectral_strongpeak": {
        "max": 9.74596309662,
        "mean": 1.026922822,
        "min": 0,
        "stdev": 1.36665940285
    },
    "zerocrossingrate": {
        "max": 0.2900390625,
        "mean": 0.0536360032856,
        "min": 0.00830078125,
        "stdev": 0.0280779767781
    },
    "barkbands": {
        "max": [0.00290169380605, 0.0989918261766, 0.0378892347217, 0.0309596322477, 0.0550418198109, 0.0605971962214, 0.033812828362, 0.0376668684185, 0.0563410893083, 0.0244955830276, 0.0331726297736, 0.0449396930635, 0.0122431786731, 0.01380870305, 0.0117107424885, 0.033400863409, 0.00834880582988, 0.00634990725666, 0.00519370334223, 0.00264342967421, 0.00248448457569, 0.00244768429548, 0.00622287159786, 0.0104203093797, 0.00152853340842, 2.7217670322e-06, 3.03000842905e-06],
        "mean": [0.000231413636357, 0.00891456194222, 0.00209766300395, 0.00106692651752, 0.00339661887847, 0.00256406376138, 0.00132495583966, 0.00129166769329, 0.00217679631896, 0.00108888628893, 0.00113343482371, 0.000846380775329, 0.000567368406337, 0.000613731855992, 0.000607202702668, 0.000495164014865, 0.000357478973456, 0.00028623957769, 0.000331258081133, 0.000193418585695, 0.000128574596602, 0.000129097519675, 0.000171613995917, 0.000146055986988, 7.05497805029e-05, 2.87333374871e-08, 5.75649838908e-09],
        "min": [1.75169560634e-07, 3.33926664098e-07, 6.89992873504e-07, 1.82016890449e-06, 1.7145765014e-05, 1.06825345938e-05, 9.19792546483e-06, 3.93864502257e-06, 2.57616738963e-05, 9.11118695512e-06, 4.00956014346e-06, 3.1231036246e-06, 4.09494441556e-06, 7.72116709413e-06, 5.53959034733e-06, 5.00758869748e-06, 5.61893739359e-06, 4.26071437687e-06, 6.44135434413e-06, 5.63960202271e-06, 2.52605195783e-06, 1.28071837935e-06, 1.80444874331e-06, 1.3750668586e-06, 3.0176121868e-07, 1.4924220193e-10, 1.81016271417e-10],
        "stdev": [0.000281817221548, 0.00925933010876, 0.00340874679387, 0.00224048551172, 0.00576935429126, 0.00591968372464, 0.00219480064698, 0.00364185404032, 0.00494201714173, 0.00256227282807, 0.00347378244624, 0.00360320135951, 0.00108451338019, 0.00110306160059, 0.00114262138959, 0.00124349701218, 0.000619077472948, 0.000376581272576, 0.000409158878028, 0.000272516917903, 0.000181811890798, 0.000231487545534, 0.000401680648793, 0.000420715921791, 0.000164390250575, 1.60406457894e-07, 1.14691431463e-07]
    },
    "erbbands": {
        "max": [2.13009119034, 24.6681022644, 30.8175544739, 66.2003097534, 58.9053192139, 199.115203857, 619.327941895, 427.586883545, 250.506790161, 1104.26403809, 1016.10150146, 1508.67211914, 1098.29077148, 1894.97387695, 1624.15979004, 1081.24914551, 677.806396484, 848.126220703, 657.329711914, 1664.56848145, 509.988128662, 366.600585938, 400.433959961, 363.343109131, 117.348678589, 159.20413208, 96.6807556152, 106.500686646, 84.956489563, 137.165878296, 205.710647583, 274.07244873, 93.2141571045, 31.4317722321, 8.16028022766, 0.396616458893, 0.0109700327739, 0.00191513227765, 0.000461107876617, 0.000159126662766],
        "mean": [0.205502480268, 2.13783431053, 2.97553300858, 3.35954046249, 3.64821434021, 13.219619751, 24.7206459045, 18.6897220612, 14.2528944016, 31.2416152954, 27.3561820984, 46.6394767761, 41.4941291809, 39.3003387451, 49.3999710083, 25.9335575104, 27.1063976288, 26.2453517914, 31.8976688385, 33.6379585266, 26.1454048157, 20.1597251892, 16.5516033173, 18.2247200012, 12.5291891098, 9.84465503693, 5.89885997772, 4.73629283905, 4.25865077972, 5.12375211716, 4.74131631851, 3.6573278904, 1.99761140347, 1.09307396412, 0.348564296961, 0.0183321125805, 0.000566819100641, 5.25328832737e-05, 2.41760153585e-05, 3.73826478608e-05],
        "min": [1.43495435623e-05, 0.00011675983842, 0.00133240467403, 0.00667520333081, 0.0660097151995, 0.0716063827276, 0.0675919130445, 0.105910010636, 0.0649676918983, 0.230972066522, 0.36809694767, 0.549528062344, 0.314191162586, 0.286036998034, 0.276801943779, 0.171375498176, 0.28398501873, 0.435062110424, 0.43956464529, 0.362346231937, 0.279451400042, 0.397311151028, 0.274016320705, 0.341820299625, 0.262690365314, 0.251960784197, 0.116701208055, 0.0788858160377, 0.050672493875, 0.0463603399694, 0.0488895811141, 0.0495332032442, 0.0149616599083, 0.00387969729491, 0.00161534128711, 8.34560560179e-05, 6.19589172857e-06, 1.30696196265e-06, 1.80129745786e-06, 3.24885149894e-06],
        "stdev": [0.217063188553, 2.3149600029, 3.55994129181, 6.5088634491, 4.29928970337, 22.1935901642, 56.4143791199, 40.2637176514, 17.8285293579, 83.8708953857, 66.988067627, 104.443275452, 100.460632324, 108.237564087, 148.661849976, 78.7802276611, 48.7013549805, 53.3047561646, 56.9042701721, 67.1280288696, 47.9219093323, 31.3914413452, 21.6555213928, 24.3239688873, 13.6651172638, 14.1228742599, 7.82215881348, 7.3835940361, 7.79960012436, 9.88826560974, 11.3833417892, 10.9769086838, 4.99193668365, 2.69774079323, 0.780506372452, 0.0396265015006, 0.00117096758913, 0.000118298470625, 2.49122858804e-05, 2.03862364287e-05]
    },
    "gfcc": {
        "mean": [4.01963186264, 116.265144348, -135.741729736, 53.1467628479, -70.1322402954, 28.129365921, -39.9543304443, 13.0808773041, -10.6507139206, -6.69331407547, 2.45754766464, -12.7180223465, 6.57742023468],
        "cov": [[1375.12719727, -456.542938232, -129.66986084, 109.440948486, -10.5831890106, 193.002609253, -62.8897171021, 30.9726543427, -62.7839164734, 10.7133350372, -80.1563262939, 11.121014595, -65.775100708], [-456.542938232, 722.983947754, -7.31957387924, -80.8845291138, 172.180023193, -149.047271729, 117.30620575, -74.674697876, 99.1948776245, -38.4140510559, 121.354499817, -58.6639175415, 66.554473877], [-129.66986084, -7.31957387924, 649.663391113, 122.892364502, -49.6306800842, 36.2977790833, -132.599304199, 75.186416626, 7.01542758942, 122.913246155, -10.9794645309, 34.5542068481, -15.3045787811], [109.440948486, -80.8845291138, 122.892364502, 222.458465576, 78.4676361084, 44.0219154358, -8.77622413635, 17.865436554, 30.8056697845, 23.4451503754, -13.6312847137, 16.3924617767, -25.7588386536], [-10.5831890106, 172.180023193, -49.6306800842, 78.4676361084, 222.110916138, 29.5380058289, 55.9313659668, -0.89531993866, 48.090473175, -2.95160198212, 42.4741859436, -22.8145904541, 1.83246338367], [193.002609253, -149.047271729, 36.2977790833, 44.0219154358, 29.5380058289, 202.415985107, 75.0566711426, -4.28057003021, -42.7746276855, 26.373292923, -7.30150651932, 14.7560853958, -3.92967319489], [-62.8897171021, 117.30620575, -132.599304199, -8.77622413635, 55.9313659668, 75.0566711426, 215.586044312, -20.6803302765, 9.46698665619, -33.6207275391, 32.3223457336, -8.70753002167, 27.6554908752], [30.9726543427, -74.674697876, 75.186416626, 17.865436554, -0.89531993866, -4.28057003021, -20.6803302765, 131.267623901, 51.3736610413, 18.4656639099, -18.7183151245, -2.77962636948, -22.4742069244], [-62.7839164734, 99.1948776245, 7.01542758942, 30.8056697845, 48.090473175, -42.7746276855, 9.46698665619, 51.3736610413, 142.863143921, 13.4713201523, 21.5085678101, -10.5677251816, -2.72054719925], [10.7133350372, -38.4140510559, 122.913246155, 23.4451503754, -2.95160198212, 26.373292923, -33.6207275391, 18.4656639099, 13.4713201523, 101.216621399, 25.0430469513, 20.771320343, -3.4493496418], [-80.1563262939, 121.354499817, -10.9794645309, -13.6312847137, 42.4741859436, -7.30150651932, 32.3223457336, -18.7183151245, 21.5085678101, 25.0430469513, 107.692176819, 26.496389389, 18.5974636078], [11.121014595, -58.6639175415, 34.5542068481, 16.3924617767, -22.8145904541, 14.7560853958, -8.70753002167, -2.77962636948, -10.5677251816, 20.771320343, 26.496389389, 83.1452789307, 24.1454277039], [-65.775100708, 66.554473877, -15.3045787811, -25.7588386536, 1.83246338367, -3.92967319489, 27.6554908752, -22.4742069244, -2.72054719925, -3.4493496418, 18.5974636078, 24.1454277039, 72.0209579468]],
        "icov": [[0.00116767385043, -0.000207671822864, 0.000901954073925, -0.000856957049109, 0.000524925882928, -0.001707837102, 0.00125821225811, -0.000631944451015, 0.00023933420016, -0.000174458415131, 0.000224774688832, -3.91628273064e-05, 0.000312378571834], [-0.000207671822864, 0.00905158463866, -0.00503097474575, 0.00568882748485, -0.00759564852342, 0.0085171405226, -0.00646190904081, 0.00653552217409, -0.00358525593765, 0.00298454100266, -0.0040357587859, 0.00422014482319, -0.00277513172477], [0.000901954073925, -0.00503097474575, 0.00601948844269, -0.00528381858021, 0.00543759576976, -0.0062460610643, 0.00561993429437, -0.00519319996238, 0.00251998542808, -0.0039395862259, 0.00182659050915, -0.00155513710342, 0.000560707063414], [-0.000856957049109, 0.00568882748485, -0.00528381858021, 0.0118390237913, -0.00860928185284, 0.00566522590816, -0.0051417988725, 0.00584257114679, -0.00416792090982, 0.0021787781734, 0.000652743910905, -0.00148926023394, 0.00167520844843], [0.000524925882928, -0.00759564852342, 0.00543759576976, -0.00860928185284, 0.0141765819862, -0.00901251193136, 0.00586147606373, -0.0061055207625, 0.00179042399395, -0.00189700443298, -0.000787591096014, 0.000712371838745, 0.000507735472638], [-0.001707837102, 0.0085171405226, -0.0062460610643, 0.00566522590816, -0.00901251193136, 0.0183654408902, -0.0118026342243, 0.00653102528304, -0.000240000605118, -0.000523896305822, -0.00138811592478, 0.00186696148012, -0.00123160379007], [0.00125821225811, -0.00646190904081, 0.00561993429437, -0.0051417988725, 0.00586147606373, -0.0118026342243, 0.0140126841143, -0.00544392829761, 0.0012883549789, 0.000657407275867, -0.000182278832654, -0.000703012454323, -0.00103397690691], [-0.000631944451015, 0.00653552217409, -0.00519319996238, 0.00584257114679, -0.0061055207625, 0.00653102528304, -0.00544392829761, 0.0158483516425, -0.00723019149154, 0.00166771630757, 0.000183951837244, 0.00104842404835, 0.0013248504838], [0.00023933420016, -0.00358525593765, 0.00251998542808, -0.00416792090982, 0.00179042399395, -0.000240000605118, 0.0012883549789, -0.00723019149154, 0.0125556075945, -0.00325132673606, -0.000209337638807, 8.21440771688e-05, 0.000112044603156], [-0.000174458415131, 0.00298454100266, -0.0039395862259, 0.0021787781734, -0.00189700443298, -0.000523896305822, 0.000657407275867, 0.00166771630757, -0.00325132673606, 0.0171517319977, -0.00617152545601, 0.000462292722659, -0.000550311582629], [0.000224774688832, -0.0040357587859, 0.00182659050915, 0.000652743910905, -0.000787591096014, -0.00138811592478, -0.000182278832654, 0.000183951837244, -0.000209337638807, -0.00617152545601, 0.0177204199135, -0.0086490213871, 0.00264835753478], [-3.91628273064e-05, 0.00422014482319, -0.00155513710342, -0.00148926023394, 0.000712371838745, 0.00186696148012, -0.000703012454323, 0.00104842404835, 8.21440771688e-05, 0.000462292722659, -0.0086490213871, 0.0210122372955, -0.00890370644629], [0.000312378571834, -0.00277513172477, 0.000560707063414, 0.00167520844843, 0.000507735472638, -0.00123160379007, -0.00103397690691, 0.0013248504838, 0.000112044603156, -0.000550311582629, 0.00264835753478, -0.00890370644629, 0.0204623006284]]
    },
    "melbands": {
        "max": [0.0247072502971, 0.016590686515, 0.0101944180205, 0.00670700566843, 0.0199014246464, 0.00965639576316, 0.00364896492101, 0.0105663342401, 0.0082626529038, 0.0103500615805, 0.00548588018864, 0.00720542110503, 0.00492608500645, 0.00618194788694, 0.00147345429286, 0.00128608383238, 0.00145311967935, 0.00130861171056, 0.00101405743044, 0.00320873991586, 0.000538693740964, 0.00040516172885, 0.000303521024762, 0.000437353592133, 0.000362698570825, 9.61816695053e-05, 8.74451070558e-05, 0.000141634649481, 5.65614936932e-05, 5.94929042563e-05, 5.9033085563e-05, 4.37296839664e-05, 5.9335892729e-05, 9.38683660934e-05, 0.000124912243336, 0.000164761615451, 0.000154294146341, 7.35878493288e-05, 3.77169126295e-05, 2.42363257712e-05],
        "mean": [0.0022626214195, 0.00202674465254, 0.000561771506909, 0.000560279004276, 0.000881074694917, 0.000426999758929, 0.000224822579185, 0.000337333185598, 0.000238087071921, 0.00030074143433, 0.000204225420021, 0.000154208799358, 0.000173923283, 0.000107272673631, 5.8621950302e-05, 5.06844226038e-05, 4.87908473588e-05, 5.32172707608e-05, 4.57770220237e-05, 3.7693487684e-05, 2.94685032713e-05, 2.08217043109e-05, 1.80640108738e-05, 1.28030487758e-05, 1.53414785018e-05, 1.13784844871e-05, 6.86529710947e-06, 6.39631480226e-06, 3.65021151083e-06, 3.13076088787e-06, 2.61296509052e-06, 2.27644181905e-06, 2.700686764e-06, 2.96097800856e-06, 2.82229052573e-06, 2.71869089374e-06, 1.98930524675e-06, 1.50932044107e-06, 1.08614108285e-06, 8.50606625136e-07],
        "min": [1.28024979063e-07, 8.70485564519e-07, 2.60443312072e-06, 7.56970166549e-06, 2.80505719275e-06, 2.20515903493e-06, 1.3900785234e-06, 2.30123941947e-06, 2.44213833867e-06, 2.91906894745e-06, 1.48559183799e-06, 1.21331390801e-06, 5.98703820742e-07, 3.07999158622e-07, 2.87507845087e-07, 3.04068862533e-07, 6.13616862211e-07, 7.06739228917e-07, 3.56263370804e-07, 3.98078014996e-07, 2.47607999881e-07, 3.49034394276e-07, 3.13761404414e-07, 1.46376535781e-07, 2.4394717002e-07, 2.08744268093e-07, 1.51825219064e-07, 1.29026219042e-07, 5.71270639682e-08, 4.11776888143e-08, 2.8824116427e-08, 2.49656544327e-08, 1.80123063132e-08, 2.9101586918e-08, 2.69643383177e-08, 3.00552294163e-08, 2.19532942936e-08, 8.91286511262e-09, 2.61536858837e-09, 2.54389997956e-09],
        "stdev": [0.0023169235792, 0.00200906209648, 0.000942807761021, 0.000761738687288, 0.00178681616671, 0.000929315341637, 0.000287872622721, 0.000923525658436, 0.000597296690103, 0.000718190916814, 0.000505132076796, 0.000432987435488, 0.000500796362758, 0.00047949157306, 0.000109771470306, 9.90674670902e-05, 9.6889991255e-05, 0.000100635719718, 9.62756457739e-05, 0.00010795367416, 5.68815667066e-05, 3.63814360753e-05, 2.4723016395e-05, 1.84659038496e-05, 2.22342387133e-05, 1.29949012262e-05, 8.65456877364e-06, 1.02414669527e-05, 5.04140552948e-06, 4.78700530948e-06, 4.34059938925e-06, 4.22909079134e-06, 5.13596751262e-06, 6.18113244855e-06, 6.63976470605e-06, 8.23389927973e-06, 5.98472388447e-06, 3.85786415791e-06, 2.76437526736e-06, 2.15119803215e-06]
    },
    "melbands128": {
        "max": [0.00240751402453, 0.0115447798744, 0.043333362788, 0.0409408658743, 0.01888743788, 0.0199190173298, 0.016571868211, 0.01355506666, 0.00497414264828, 0.00972130894661, 0.0140456166118, 0.0251363161951, 0.0287910662591, 0.0221156999469, 0.0141903981566, 0.00932928547263, 0.00776964705437, 0.00682098791003, 0.0062976363115, 0.0217577684671, 0.0154576245695, 0.0109465466812, 0.0134256957099, 0.0202313642949, 0.0168547537178, 0.0198780950159, 0.0155732724816, 0.00738103222102, 0.00558563740924, 0.00697062909603, 0.0161281339824, 0.00879046227783, 0.00997972022742, 0.0124681731686, 0.014519194141, 0.00613000430167, 0.00359325390309, 0.00205611740239, 0.00329221575521, 0.00371233071201, 0.00241888756864, 0.00435392651707, 0.00225547887385, 0.00175387877971, 0.00256967241876, 0.00211573485285, 0.00179162761196, 0.0022809044458, 0.00209136656485, 0.00456341542304, 0.00509734777734, 0.00194848084357, 0.00116418139078, 0.000670753477607, 0.000777778564952, 0.000588793482166, 0.00036193447886, 0.000590950425249, 0.000384374259738, 0.000538515043445, 0.000813664286397, 0.000224576913752, 0.000333674805006, 0.000764658325352, 0.000340449652867, 0.000184551769053, 0.000177438108949, 0.000173520325916, 0.000146553502418, 0.0002109373454, 0.000217255728785, 0.000239004119067, 0.000104767532321, 6.06096436968e-05, 0.00011965441081, 5.31589248567e-05, 5.59936161153e-05, 0.000123484409414, 4.88900659548e-05, 6.80657831253e-05, 5.76203638047e-05, 5.94759221713e-05, 0.000103019992821, 8.06718089734e-05, 7.74067739258e-05, 8.69772338774e-05, 0.000110621753265, 0.000224229341256, 0.000126041981275, 7.18487353879e-05, 0.000203466159292, 0.000214954663534, 0.000296535697998, 9.47977532633e-05, 0.000144510675455, 7.7937154856e-05, 6.55845724395e-05, 4.34558569395e-05, 5.83557266509e-05, 2.95128302241e-05, 4.47971433459e-05, 2.11388723983e-05, 1.44288769661e-05, 2.15182426473e-05, 1.32805089379e-05, 8.15748899186e-06, 2.39377300204e-06, 9.82648060699e-08, 1.7680669373e-08, 1.76388557094e-08, 1.72867355985e-08, 1.68523133226e-08, 1.63398485853e-08, 1.58443214104e-08, 1.53956172255e-08, 1.49336010224e-08, 1.45221417114e-08, 1.4148509031e-08, 1.37407596412e-08, 1.33762050325e-08, 1.30930786213e-08, 1.28149828527e-08, 1.25855832422e-08, 1.23926824358e-08, 1.21945333831e-08, 1.20486394195e-08, 1.19494387718e-08, 1.18889422751e-08],
        "mean": [0.000200992799364, 0.00120636401698, 0.00349870231003, 0.00362327788025, 0.00189722713549, 0.000970811001025, 0.000720026087947, 0.000454400927993, 0.000268757139565, 0.000474552129162, 0.000759123824537, 0.00103924633004, 0.000819964392576, 0.000858800078277, 0.000480556976981, 0.000161411880981, 0.000158127586474, 0.00026075830101, 0.000235889077885, 0.000446619000286, 0.000328893045662, 0.000194521198864, 0.000187991332496, 0.000326627807226, 0.000323661457514, 0.000276352890069, 0.000310915813316, 0.000171435574885, 0.000140675139846, 0.000162145704962, 0.000131402208353, 0.000192555249669, 0.000199589660042, 0.000122599230963, 0.000191661165445, 6.9792404247e-05, 3.16230543831e-05, 4.66009551019e-05, 9.93936264422e-05, 5.2668445278e-05, 2.65231756202e-05, 6.66655250825e-05, 4.33274944953e-05, 3.27667148667e-05, 8.06916941656e-05, 4.55250483355e-05, 4.22947960033e-05, 4.61802737846e-05, 3.93812952098e-05, 6.35130127193e-05, 2.75044876616e-05, 2.59414864558e-05, 3.75871204596e-05, 2.69255524472e-05, 2.14375158976e-05, 2.23514489335e-05, 1.58336242748e-05, 2.2680429538e-05, 1.78509253601e-05, 1.23768186313e-05, 1.29341124193e-05, 1.21766488519e-05, 1.27117236843e-05, 1.68012738868e-05, 1.94773383555e-05, 9.98822542897e-06, 7.93961680756e-06, 7.47308922655e-06, 5.5009704738e-06, 7.62466197557e-06, 7.96676886239e-06, 4.77061348647e-06, 3.91438106817e-06, 3.44465047419e-06, 3.46660272044e-06, 3.18402112498e-06, 2.99172688756e-06, 2.76435798696e-06, 2.49984373113e-06, 2.62209709945e-06, 2.25236863116e-06, 2.02655496651e-06, 2.48285323323e-06, 2.82490714199e-06, 2.96457801596e-06, 2.50560697168e-06, 3.12724864671e-06, 3.45974876836e-06, 3.06994729726e-06, 1.98581233235e-06, 2.52316726801e-06, 3.23099834532e-06, 2.64382492787e-06, 1.56162536769e-06, 2.01556463253e-06, 1.7221317421e-06, 1.43459942592e-06, 1.10818950816e-06, 1.09963343675e-06, 1.0062964293e-06, 1.13338535357e-06, 7.81803919381e-07, 5.88457680806e-07, 5.89377464166e-07, 4.07466700381e-07, 2.88916339741e-07, 6.26412841598e-08, 1.40675426863e-09, 3.54346135767e-11, 3.40446247582e-11, 3.3216127765e-11, 3.25518952071e-11, 3.15366621706e-11, 3.05588263028e-11, 2.9407112162e-11, 2.851650166e-11, 2.76558619755e-11, 2.69422366361e-11, 2.62464720097e-11, 2.55425298967e-11, 2.49284152348e-11, 2.44573250541e-11, 2.40567531173e-11, 2.36358727729e-11, 2.30037065785e-11, 2.22077772838e-11, 2.17449981632e-11, 2.15912895202e-11],
        "min": [1.03393684725e-08, 1.0172642817e-07, 7.93411985001e-08, 9.1004764613e-08, 1.55145244207e-07, 3.64856362012e-07, 6.55271378491e-07, 6.08668528912e-07, 1.90003822809e-06, 2.6049472126e-06, 1.46623028741e-06, 6.09844903465e-07, 4.74933841588e-07, 1.46744491758e-06, 2.19140900981e-07, 5.62477509902e-07, 3.52271882775e-07, 2.75754644008e-07, 1.84508948564e-07, 3.93156312839e-07, 1.39791396236e-07, 3.3394366028e-07, 4.07223751608e-07, 9.73308715402e-07, 8.53349433783e-07, 3.31119053953e-07, 1.71959896988e-07, 3.48063792899e-07, 4.24197679649e-07, 4.48145101473e-07, 5.51173059193e-07, 3.82554929956e-07, 1.67130082218e-07, 2.1840017439e-07, 1.59133321631e-07, 1.16278066287e-07, 9.20473652855e-08, 1.43777739936e-07, 1.87436327792e-07, 1.72001421106e-07, 1.52604641812e-07, 1.90505645037e-07, 2.22146354645e-07, 1.77607631713e-07, 3.46212942759e-07, 2.21150202151e-07, 1.96511749095e-07, 9.69776010606e-08, 1.52530390096e-07, 2.40042822952e-07, 1.83558455547e-07, 1.47226685954e-07, 1.14010006769e-07, 1.12219268544e-07, 1.94056525515e-07, 1.17918254716e-07, 1.21021074051e-07, 1.09211796939e-07, 1.47371011394e-07, 1.20784378055e-07, 9.44957605498e-08, 1.49404201011e-07, 1.16030513198e-07, 1.56730806111e-07, 1.1639990305e-07, 1.11172191453e-07, 3.34696927951e-08, 4.72981014354e-08, 9.43538935871e-08, 8.04246127473e-08, 7.24835089727e-08, 3.99978965504e-08, 3.56235467791e-08, 1.4945277016e-08, 2.06556940441e-08, 2.60652601725e-08, 3.08091543388e-08, 2.41703492776e-08, 1.4844103724e-08, 1.60310609232e-08, 1.99383816124e-08, 1.63230176042e-08, 2.11237622949e-08, 1.38564573149e-08, 1.29712169894e-08, 2.55000642824e-08, 2.05474144366e-08, 2.29608954072e-08, 2.65179060932e-08, 1.60714073161e-08, 1.07175077702e-08, 1.59019304391e-08, 2.0239475873e-08, 1.32473871872e-08, 9.07493458158e-09, 7.44163797251e-09, 1.56263235684e-09, 3.73327635472e-09, 2.10648298804e-09, 1.42725076202e-09, 2.36992581115e-09, 1.79860049077e-09, 1.25249022265e-09, 7.5502037955e-10, 6.34378882758e-10, 6.65831945135e-10, 7.39301120323e-11, 8.32174119111e-13, 7.09768778039e-13, 5.71945973655e-13, 4.44292199602e-13, 5.54554123976e-13, 6.23130941377e-13, 5.77347523088e-13, 5.22253356013e-13, 6.60143868823e-13, 6.50711093082e-13, 5.51052367799e-13, 6.07084586594e-13, 5.78976862113e-13, 6.11804443912e-13, 5.66032084485e-13, 5.9953642528e-13, 5.83718132423e-13, 4.35001291715e-13, 1.64941885562e-13, 2.54135413749e-14, 9.43324393852e-16],
        "stdev": [0.000249485048698, 0.0014685963979, 0.00393153075129, 0.00417752098292, 0.0022188720759, 0.00170698214788, 0.00159727386199, 0.000860572559759, 0.000368997425539, 0.00071914261207, 0.00139864755329, 0.00252462970093, 0.00246128882281, 0.00232250615954, 0.00126359146088, 0.000447035243269, 0.000328341062414, 0.000425797596108, 0.000436376547441, 0.00145517510828, 0.00121187267359, 0.000688434345648, 0.000780181318987, 0.00103627645876, 0.00081328174565, 0.0011809716234, 0.00108813052066, 0.00059765734477, 0.000432035769336, 0.000493347935844, 0.00071841845056, 0.000714672787581, 0.000751814164687, 0.000670768378768, 0.00104113889392, 0.000361507147318, 0.000120527074614, 0.000122730241856, 0.000230082208873, 0.000161091549671, 9.25127096707e-05, 0.000244936702074, 0.000132207365823, 8.84797555045e-05, 0.00017139693955, 0.000136025890242, 0.000129445630591, 0.000181834533578, 9.68629101408e-05, 0.00016611936735, 0.000165546385688, 9.7685631772e-05, 9.44436469581e-05, 6.65970728733e-05, 6.23697851552e-05, 4.83562798763e-05, 3.08223243337e-05, 3.90284549212e-05, 3.21889856423e-05, 2.33352002397e-05, 2.78996994894e-05, 1.88203448488e-05, 2.32450674957e-05, 3.7981364585e-05, 2.94394667435e-05, 1.54594708874e-05, 1.08757867565e-05, 1.13718551802e-05, 1.00155202745e-05, 1.45403173519e-05, 1.62457108672e-05, 1.10776072688e-05, 6.86876774125e-06, 5.57133807888e-06, 6.29630085314e-06, 5.0723788263e-06, 5.37717596671e-06, 5.93746108279e-06, 4.24267864219e-06, 4.85323880639e-06, 4.52438416687e-06, 4.33510103903e-06, 6.31141665508e-06, 5.76841966904e-06, 6.21667322775e-06, 5.11751750309e-06, 7.06592390998e-06, 1.00044026112e-05, 7.35790035833e-06, 4.09708627558e-06, 8.06037769507e-06, 1.04219734567e-05, 1.01160221675e-05, 4.04704223911e-06, 6.62582579025e-06, 4.45648947789e-06, 3.75369927497e-06, 2.64496293312e-06, 3.39460439136e-06, 2.64257073468e-06, 3.37314736498e-06, 1.95347251974e-06, 1.43095678595e-06, 1.5588362885e-06, 9.34097499794e-07, 6.15529870629e-07, 1.71396848714e-07, 5.73619329813e-09, 6.69332478331e-10, 6.67486954598e-10, 6.54241105735e-10, 6.37645880541e-10, 6.18437689948e-10, 5.99750360486e-10, 5.82667192273e-10, 5.65284097309e-10, 5.49689516127e-10, 5.35375466182e-10, 5.2012466556e-10, 5.06375108511e-10, 4.95489205221e-10, 4.85083306856e-10, 4.76376216252e-10, 4.69009442394e-10, 4.61687216236e-10, 4.5613599009e-10, 4.52403309259e-10, 4.50104009619e-10]
    },
    "mfcc": {
        "mean": [-620.280090332, 119.318153381, 3.94982266426, 20.0758914948, 8.20685386658, 4.54406881332, -0.584210455418, 8.13883876801, -1.88024044037, 10.0376119614, 0.0812012776732, -0.554499685764, -0.460219621658],
        "cov": [[1564.26147461, -537.110107422, -225.111602783, -85.2874832153, 14.663564682, 117.846138, 37.4749145508, 71.4142303467, -1.58691132069, 4.50770521164, -44.42552948, -18.7512874603, 0.439144194126], [-537.110107422, 744.475463867, -97.3972625732, 56.775592804, 8.87777137756, -39.4672393799, 16.4637031555, -38.6101875305, -29.023475647, 46.3892974854, 6.33404445648, 7.17247962952, 12.5951004028], [-225.111602783, -97.3972625732, 589.349975586, 39.4029350281, 78.6632232666, -13.8320188522, -35.5575218201, -70.735824585, 31.8221511841, -45.2174072266, 79.0799255371, 40.6407241821, -33.723613739], [-85.2874832153, 56.775592804, 39.4029350281, 197.685958862, 86.8924026489, 3.84407949448, -33.1108779907, 14.649597168, 19.0358867645, 2.64033961296, 23.5614700317, 36.4179115295, 25.6988697052], [14.663564682, 8.87777137756, 78.6632232666, 86.8924026489, 208.755889893, -7.5634431839, -29.7806453705, -11.1770572662, 17.5660305023, 14.2648019791, 36.3866348267, 43.509437561, 28.5902290344], [117.846138, -39.4672393799, -13.8320188522, 3.84407949448, -7.5634431839, 202.84703064, 99.2404022217, 18.6830253601, 8.59549427032, -0.259858101606, -2.35178256035, -4.98760032654, 7.630382061], [37.4749145508, 16.4637031555, -35.5575218201, -33.1108779907, -29.7806453705, 99.2404022217, 165.689468384, 25.9516410828, -5.13853502274, 11.9808855057, -7.83883905411, -16.618221283, 0.225937396288], [71.4142303467, -38.6101875305, -70.735824585, 14.649597168, -11.1770572662, 18.6830253601, 25.9516410828, 111.292686462, 34.7893066406, 18.861164093, -7.0251584053, 9.77221775055, 14.0444059372], [-1.58691132069, -29.023475647, 31.8221511841, 19.0358867645, 17.5660305023, 8.59549427032, -5.13853502274, 34.7893066406, 94.8049545288, 27.2413845062, 17.9406433105, 3.5528023243, -5.29454469681], [4.50770521164, 46.3892974854, -45.2174072266, 2.64033961296, 14.2648019791, -0.259858101606, 11.9808855057, 18.861164093, 27.2413845062, 98.1225204468, 21.1593780518, 0.215926378965, 0.262221515179], [-44.42552948, 6.33404445648, 79.0799255371, 23.5614700317, 36.3866348267, -2.35178256035, -7.83883905411, -7.0251584053, 17.9406433105, 21.1593780518, 83.5243453979, 41.6106414795, 4.7838549614], [-18.7512874603, 7.17247962952, 40.6407241821, 36.4179115295, 43.509437561, -4.98760032654, -16.618221283, 9.77221775055, 3.5528023243, 0.215926378965, 41.6106414795, 98.0272064209, 41.401512146], [0.439144194126, 12.5951004028, -33.723613739, 25.6988697052, 28.5902290344, 7.630382061, 0.225937396288, 14.0444059372, -5.29454469681, 0.262221515179, 4.7838549614, 41.401512146, 80.9384002686]],
        "icov": [[0.00105954508763, 0.00079459301196, 0.000535053783096, 0.000333127565682, -0.00050558760995, -0.000522824295331, 0.000122943587485, -0.000165919103893, 0.000277965969872, -0.000214451181819, 0.000181049123057, -0.000202636918402, 0.000355920608854], [0.00079459301196, 0.00220048660412, 0.000723966746591, -0.000531548052095, -0.000181181138032, 0.000180184550118, -0.000576984428335, 0.000894575787243, 0.00048760313075, -0.000970334222075, 0.000146461068653, -0.000389244087273, 0.000242568465183], [0.000535053783096, 0.000723966746591, 0.0028773562517, -0.000110013163066, -0.000797055487055, -7.05814964022e-05, -0.000262116605882, 0.00159644661471, -0.00112712651026, 0.00151022383943, -0.00184028805234, -0.000800329027697, 0.00156968971714], [0.000333127565682, -0.000531548052095, -0.000110013163066, 0.00723712006584, -0.00260298606008, -0.00124503369443, 0.00183294969611, -0.00180455634836, -0.000352170551196, 0.000679091317579, -0.000416035472881, -0.000487233890453, -0.00066936807707], [-0.00050558760995, -0.000181181138032, -0.000797055487055, -0.00260298606008, 0.0070238346234, 0.000344256899552, 0.000221840891754, 0.0013680534903, -0.000700761738699, -0.00115194031969, -0.000674298265949, -0.000930431357119, -0.00175252265763], [-0.000522824295331, 0.000180184550118, -7.05814964022e-05, -0.00124503369443, 0.000344256899552, 0.0077265072614, -0.00492701353505, 0.000728972489014, -0.00121002807282, 0.000745202356484, -0.000166209792951, 0.000148974490003, -0.000769994512666], [0.000122943587485, -0.000576984428335, -0.000262116605882, 0.00183294969611, 0.000221840891754, -0.00492701353505, 0.0100340433419, -0.00266733765602, 0.00179555686191, -0.00106015824713, -0.000469343824079, 0.00139357696753, -0.000345333159203], [-0.000165919103893, 0.000894575787243, 0.00159644661471, -0.00180455634836, 0.0013680534903, 0.000728972489014, -0.00266733765602, 0.0136342085898, -0.00539340125397, -0.00105124071706, 0.0020120088011, -0.002760280855, -0.000866878021043], [0.000277965969872, 0.00048760313075, -0.00112712651026, -0.000352170551196, -0.000700761738699, -0.00121002807282, 0.00179555686191, -0.00539340125397, 0.0148502653465, -0.00357799325138, -0.00180064223241, 0.00142731377855, 0.00121660612058], [-0.000214451181819, -0.000970334222075, 0.00151022383943, 0.000679091317579, -0.00115194031969, 0.000745202356484, -0.00106015824713, -0.00105124071706, -0.00357799325138, 0.0138966590166, -0.00495792971924, 0.00174004444852, 0.000211707883864], [0.000181049123057, 0.000146461068653, -0.00184028805234, -0.000416035472881, -0.000674298265949, -0.000166209792951, -0.000469343824079, 0.0020120088011, -0.00180064223241, -0.00495792971924, 0.0200519673526, -0.00844693370163, 0.00228146417066], [-0.000202636918402, -0.000389244087273, -0.000800329027697, -0.000487233890453, -0.000930431357119, 0.000148974490003, 0.00139357696753, -0.002760280855, 0.00142731377855, 0.00174004444852, -0.00844693370163, 0.0186664387584, -0.00828864984214], [0.000355920608854, 0.000242568465183, 0.00156968971714, -0.00066936807707, -0.00175252265763, -0.000769994512666, -0.000345333159203, -0.000866878021043, 0.00121660612058, 0.000211707883864, 0.00228146417066, -0.00828864984214, 0.0182088315487]]
    },
    "spectral_contrast_coeffs": {
        "max": [-0.446875065565, -0.433504194021, -0.481786370277, -0.60677421093, -0.63528740406, -0.666113376617],
        "mean": [-0.723929643631, -0.745932042599, -0.753929018974, -0.781899034977, -0.792906343937, -0.780973732471],
        "min": [-0.89888304472, -0.913460731506, -0.897468209267, -0.900252223015, -0.866559624672, -0.866833806038],
        "stdev": [0.0706697329879, 0.0696744844317, 0.0697379410267, 0.0497660301626, 0.0347662977874, 0.0354157611728]
    },
    "spectral_contrast_valleys": {
        "max": [-5.10682106018, -5.17692899704, -5.46013879776, -6.20185422897, -6.24369764328, -7.60503816605],
        "mean": [-6.40249443054, -6.54427289963, -7.24559688568, -7.36335802078, -7.36334323883, -9.86738777161],
        "min": [-9.37464046478, -8.26647663116, -8.78014087677, -8.85756492615, -8.94899368286, -11.874256134],
        "stdev": [0.547588527203, 0.440312027931, 0.544152915478, 0.484298676252, 0.514487087727, 0.699426651001]
    }
},
"rhythm": {
    "beats_count": 83,
    "beats_loudness": {
        "max": 0.0761327147484,
        "mean": 0.0337024442852,
        "min": 0.00609105685726,
        "stdev": 0.0174844898283
    },
    "bpm": 155.472457886,
    "bpm_histogram_first_peak_bpm": 157,
    "bpm_histogram_first_peak_weight": 0.178571403027,
    "bpm_histogram_second_peak_bpm": 152,
    "bpm_histogram_second_peak_spread": 0.347826063633,
    "bpm_histogram_second_peak_weight": 0.18292683363,
    "danceability": 1.09300398827,
    "onset_rate": 2.86083960533,
    "beats_loudness_band_ratio": {
        "max": [0.8585485816, 0.794608294964, 0.65768891573, 0.681123256683, 0.348876982927, 0.332149475813],
        "mean": [0.420182287693, 0.180671438575, 0.178440615535, 0.121914274991, 0.0736503750086, 0.044482961297],
        "min": [0.0107873780653, 0.00542079051957, 0.00716381985694, 0.00647240225226, 0.00631098169833, 0.00347032025456],
        "stdev": [0.238224193454, 0.174657300115, 0.140044078231, 0.150990843773, 0.0619781948626, 0.0455889329314]
    },
