{
"metadata": {
    "version": {
        "essentia": "2.1-beta5",
        "essentia_git_sha": "Undefined",
        "extractor": "music 2.0"
    },
    "audio_properties": {
        "analysis": {
            "equal_loudness": 0,
            "length": 32.4963264465,
            "sample_rate": 44100,
            "start_time": 45.2440834045,
            "downmix": "mix"
        },
        "bit_rate": 192000,
        "length": 193.561569214,
        "lossless": 0,
        "number_channels": 2,
        "replay_gain": -7.01494216919,
        "sample_rate": 48000,
        "codec": "mp3",
        "md5_encoded": "cd3a2a15c2ae2add8c46aef603acb389"
    },
    "tags": {
        "file_name": "Belgium_Le Grand Soir_Nuno Resende.mp3",
        "encoding": ["Lavf58.29.100"]
    }
},
"lowlevel": {
    "average_loudness": 0.770791351795,
    "barkbands_crest": {
        "max": 24.5967617035,
        "mean": 11.4947690964,
        "min": 3.81915903091,
        "stdev": 4.42345666885
    },
    "barkbands_flatness_db": {
        "max": 0.334098219872,
        "mean": 0.184562847018,
        "min": 0.0729804113507,
        "stdev": 0.0448760092258
    },
    "barkbands_kurtosis": {
        "max": 38.4976043701,
        "mean": 4.88990592957,
        "min": -1.89664256573,
        "stdev": 4.96194553375
    },
    "barkbands_skewness": {
        "max": 5.37673902512,
        "mean": 1.52643549442,
        "min": -2.57150864601,
        "stdev": 1.02059924603
    },
    "barkbands_spread": {
        "max": 83.5717849731,
        "mean": 12.3813705444,
        "min": 1.9673384428,
        "stdev": 11.914141655
    },
    "dissonance": {
        "max": 0.498507708311,
        "mean": 0.424689590931,
        "min": 0.223998263478,
        "stdev": 0.0454201288521
    },
    "dynamic_complexity": 3.47681975365,
    "erbbands_crest": {
        "max": 31.089138031,
        "mean": 12.2802028656,
        "min": 3.79047036171,
        "stdev": 5.64777851105
    },
    "erbbands_flatness_db": {
        "max": 0.357482939959,
        "mean": 0.225017368793,
        "min": 0.10052870959,
        "stdev": 0.0462820529938
    },
    "erbbands_kurtosis": {
        "max": 46.4486808777,
        "mean": 2.26940250397,
        "min": -1.79438126087,
        "stdev": 3.85759329796
    },
    "erbbands_skewness": {
        "max": 4.37488365173,
        "mean": 0.911470711231,
        "min": -2.86220598221,
        "stdev": 0.838491737843
    },
    "erbbands_spread": {
        "max": 119.647636414,
        "mean": 24.9537601471,
        "min": 2.26427745819,
        "stdev": 17.4249229431
    },
    "hfc": {
        "max": 317.744781494,
        "mean": 18.9992713928,
        "min": 0.152247279882,
        "stdev": 26.74193573
    },
    "loudness_ebu128": {
        "integrated": -17.4456157684,
        "loudness_range": 4.61783790588,
        "momentary": {
            "max": -13.3053836823,
            "mean": -18.3984489441,
            "min": -25.3643665314,
            "stdev": 2.98917078972
        },
        "short_term": {
            "max": -14.3500404358,
            "mean": -17.7395572662,
            "min": -20.4670658112,
            "stdev": 1.37495672703
        }
    },
    "melbands_crest": {
        "max": 32.6644439697,
        "mean": 14.3022212982,
        "min": 4.50769758224,
        "stdev": 5.39930200577
    },
    "melbands_flatness_db": {
        "max": 0.417111486197,
        "mean": 0.228464648128,
        "min": 0.0565135329962,
        "stdev": 0.0590289793909
    },
    "melbands_kurtosis": {
        "max": 67.6296005249,
        "mean": 8.63362693787,
        "min": -1.85402929783,
        "stdev": 9.59957695007
    },
    "melbands_skewness": {
        "max": 7.0418381691,
        "mean": 1.88782823086,
        "min": -1.58849537373,
        "stdev": 1.29803919792
    },
    "melbands_spread": {
        "max": 228.5625,
        "mean": 17.8736915588,
        "min": 2.3121919632,
        "stdev": 24.6499919891
    },
    "pitch_salience": {
        "max": 0.872498631477,
        "mean": 0.572555184364,
        "min": 0.188768938184,
        "stdev": 0.116762638092
    },
    "silence_rate_20dB": {
        "max": 1,
        "mean": 1,
        "min": 1,
        "stdev": 0
    },
    "silence_rate_30dB": {
        "max": 1,
        "mean": 1,
        "min": 1,
        "stdev": 0
    },
    "silence_rate_60dB": {
        "max": 1,
        "mean": 0.0364025682211,
        "min": 0,
        "stdev": 0.187288165092
    },
    "spectral_centroid": {
        "max": 4815.80957031,
        "mean": 978.146789551,
        "min": 246.331237793,
        "stdev": 631.700439453
    },
    "spectral_complexity": {
        "max": 36,
        "mean": 12.9814414978,
        "min": 1,
        "stdev": 4.66410636902
    },
    "spectral_decrease": {
        "max": -9.87160561627e-11,
        "mean": -4.73697925329e-09,
        "min": -2.37186590368e-08,
        "stdev": 3.96325505747e-09
    },
    "spectral_energy": {
        "max": 0.0973448008299,
        "mean": 0.0196017734706,
        "min": 0.000386386062019,
        "stdev": 0.0164443440735
    },
    "spectral_energyband_high": {
        "max": 0.0411605089903,
        "mean": 0.00070179742761,
        "min": 1.53558758598e-07,
        "stdev": 0.0030558872968
    },
    "spectral_energyband_low": {
        "max": 0.0248189680278,
        "mean": 0.000813600607216,
        "min": 3.00744068227e-06,
        "stdev": 0.00180749408901
    },
    "spectral_energyband_middle_high": {
        "max": 0.0711114034057,
        "mean": 0.00648783147335,
        "min": 3.68108485418e-05,
        "stdev": 0.0116477208212
    },
    "spectral_energyband_middle_low": {
        "max": 0.0799088180065,
        "mean": 0.0121377566829,
        "min": 0.000309294089675,
        "stdev": 0.0110673485324
    },
    "spectral_entropy": {
        "max": 8.67054367065,
        "mean": 7.04663228989,
        "min": 5.78778028488,
        "stdev": 0.496479839087
    },
    "spectral_flux": {
        "max": 0.256435900927,
        "mean": 0.0643193796277,
        "min": 0.00893549062312,
        "stdev": 0.0420804880559
    },
    "spectral_kurtosis": {
        "max": 78.9288406372,
        "mean": 8.89103031158,
        "min": -0.982250452042,
        "stdev": 10.0657119751
    },
    "spectral_rms": {
        "max": 0.00974528305233,
        "mean": 0.00402288464829,
        "min": 0.000613972311839,
        "stdev": 0.00171466055326
    },
    "spectral_rolloff": {
        "max": 9410.00976562,
        "mean": 1329.35546875,
        "min": 236.865234375,
        "stdev": 1505.48791504
    },
    "spectral_skewness": {
        "max": 6.92048072815,
        "mean": 2.12832736969,
        "min": -0.0741828754544,
        "stdev": 0.970343291759
    },
    "spectral_spread": {
        "max": 27282478,
        "mean": 3808064.75,
        "min": 1032818.25,
        "stdev": 1628739
    },
    "spectral_strongpeak": {
        "max": 8.87783813477,
        "mean": 1.67798197269,
        "min": 0.0128044495359,
        "stdev": 1.72278928757
    },
    "zerocrossingrate": {
        "max": 0.322265625,
        "mean": 0.0491797849536,
        "min": 0.00634765625,
        "stdev": 0.0404989346862
    },
    "barkbands": {
        "max": [3.08546659653e-05, 0.00106141972356, 0.0113722039387, 0.0297884307802, 0.0298289153725, 0.0274154040962, 0.0429377183318, 0.0697017908096, 0.0682389289141, 0.0607217215002, 0.0188057869673, 0.0448275841773, 0.0188360698521, 0.00415483023971, 0.0136065967381, 0.0046984096989, 0.00569177325815, 0.00500304717571, 0.00466731283814, 0.00508410297334, 0.00451871100813, 0.00650147488341, 0.0133427744731, 0.0185176711529, 0.00335510913283, 0.000204616007977, 2.89268737106e-05],
        "mean": [1.72878185367e-06, 7.08707812009e-05, 0.000279688450973, 0.000794615712948, 0.00268657505512, 0.0017376889009, 0.00185858085752, 0.00186658301391, 0.00301938457415, 0.00294392253272, 0.000559773354325, 0.000915236829314, 0.000600176805165, 0.000260782137047, 0.000361711368896, 0.000251139397733, 0.000193084095372, 0.000249991455348, 0.000210489524761, 6.41021324554e-05, 8.84385808604e-05, 0.000130328786327, 0.000188730817172, 0.000223093447858, 4.03897320211e-05, 4.33466721006e-06, 3.1881910445e-07],
        "min": [6.15422712791e-10, 5.53822474103e-07, 4.31970761383e-07, 4.18675170977e-07, 3.60576887033e-05, 2.67417253781e-05, 1.03208640212e-05, 9.46001819102e-06, 1.0389988347e-05, 4.57331634607e-06, 1.46814193158e-06, 2.16610919779e-06, 2.87316538561e-06, 1.31363185574e-06, 7.05290290171e-07, 2.91927136686e-07, 2.4627902917e-07, 7.13630896598e-08, 7.2746161095e-08, 5.54712187295e-08, 2.10690132008e-08, 2.11111590431e-08, 1.41244376195e-08, 1.36082576319e-08, 6.1956293429e-09, 5.08622166606e-09, 1.65989791356e-10],
        "stdev": [3.06366223413e-06, 0.000103830752778, 0.000653483031783, 0.00192768708803, 0.00357894529589, 0.00209426367655, 0.00391700863838, 0.00502444058657, 0.00801600981504, 0.00782761257142, 0.00152510742191, 0.00309273833409, 0.00164489098825, 0.000505665608216, 0.00103871652391, 0.000598257465754, 0.000454660272226, 0.000554124417249, 0.00045756198233, 0.000242333000642, 0.000349312700564, 0.000482624163851, 0.000899176928215, 0.00124844547827, 0.000230780642596, 1.42016297104e-05, 1.5034900116e-06]
    },
    "erbbands": {
        "max": [0.0114473989233, 0.344146490097, 8.03355979919, 60.1478843689, 129.904098511, 134.690536499, 325.772125244, 182.022003174, 778.271057129, 763.581420898, 1757.0489502, 2179.62670898, 1014.48876953, 2662.77368164, 631.220947266, 1778.07055664, 793.744262695, 415.901245117, 583.088867188, 497.863861084, 160.856048584, 401.051239014, 272.599700928, 312.433990479, 292.946411133, 210.764511108, 190.126495361, 237.178955078, 246.771453857, 281.688995361, 432.089111328, 439.835998535, 228.664154053, 64.3572692871, 7.26772022247, 1.36076617241, 0.256778001785, 0.0344650745392, 0.00682525802404, 0.000268025469268],
        "mean": [0.000907449517399, 0.0229857508093, 0.234552010894, 1.8504486084, 4.7105588913, 10.0550260544, 14.4743318558, 12.9280185699, 26.6230506897, 22.720281601, 56.8329658508, 77.4861526489, 43.9104576111, 105.36227417, 24.0729103088, 40.3595352173, 25.3660202026, 19.7643680573, 12.7481460571, 25.4727210999, 10.2469863892, 10.6759347916, 13.0523500443, 11.2415208817, 9.56809425354, 2.90858006477, 2.98100233078, 4.0070476532, 4.3353934288, 5.2140879631, 5.47531318665, 5.4421377182, 3.04549098015, 0.806528389454, 0.134326711297, 0.0269231833518, 0.00758257415146, 0.00102349859662, 7.30464453227e-05, 2.69295833277e-05],
        "min": [1.18601737995e-05, 0.000195718515897, 0.00122254970483, 0.00615126593038, 0.0142305633053, 0.0962596833706, 0.130161970854, 0.263020604849, 0.185453504324, 0.199989855289, 0.280716598034, 0.321353018284, 0.373345375061, 0.288141787052, 0.218668401241, 0.180454954505, 0.274412304163, 0.13248936832, 0.117852970958, 0.0345131196082, 0.0184604171664, 0.0144892223179, 0.0061220638454, 0.00523147219792, 0.00437211850658, 0.0024451056961, 0.00194601761177, 0.000785246840678, 0.000664913095534, 0.000433339562733, 0.000382783968234, 0.000358797289664, 0.000158399780048, 7.72363928263e-05, 3.82391444873e-05, 2.00782906177e-05, 8.57605300553e-06, 2.07513858186e-06, 5.82354573453e-07, 1.04186676708e-06],
        "stdev": [0.00121035426855, 0.0314635075629, 0.466633826494, 4.36514043808, 9.40069389343, 14.3229637146, 23.6314353943, 15.8631210327, 56.5123596191, 56.7700920105, 131.519821167, 222.66947937, 91.5595474243, 308.445709229, 52.3499641418, 133.386871338, 62.0336532593, 42.0302429199, 32.0477104187, 64.811706543, 20.1816368103, 25.4035282135, 27.412820816, 24.9830646515, 22.5510559082, 10.529381752, 12.2347393036, 15.7115259171, 17.2647590637, 19.1331310272, 27.9160747528, 29.8537979126, 17.2481746674, 4.78318548203, 0.593600571156, 0.101870171726, 0.0221194457263, 0.00299334921874, 0.00032606269815, 2.78521874861e-05]
    },
    "gfcc": {
        "mean": [-51.7533226013, 109.71396637, -137.514129639, 2.88721489906, -87.1719055176, -0.479384064674, -48.4387931824, -5.10278701782, -22.2734394073, -14.7814645767, -13.8472328186, -7.82805299759, -13.5125150681],
        "cov": [[4059.38745117, -2210.5715332, -282.688018799, 571.310119629, -337.611694336, 357.864898682, -47.4363059998, 341.056427002, -268.268005371, -58.7291679382, -198.95866394, 135.381027222, -272.117767334], [-2210.5715332, 1909.62194824, 114.72026825, -417.226867676, 355.018310547, -135.347305298, 149.770996094, -248.490356445, 137.567810059, -78.0495223999, 199.710296631, -90.9874267578, 121.105537415], [-282.688018799, 114.72026825, 573.288635254, 153.287979126, -155.75201416, 59.8491401672, -12.1315860748, -82.1739501953, -39.9992790222, 23.3389759064, 0.279067128897, -62.2903747559, 1.22143626213], [571.310119629, -417.226867676, 153.287979126, 474.338165283, -117.979148865, 35.2061767578, -74.7209014893, 12.2662401199, -62.9744491577, -6.74461984634, -11.429561615, -4.70695781708, -46.5003547668], [-337.611694336, 355.018310547, -155.75201416, -117.979148865, 289.207092285, -75.4759902954, -27.0197734833, 33.0353050232, 92.1110916138, 19.235912323, -15.8890037537, 4.48463821411, 35.239566803], [357.864898682, -135.347305298, 59.8491401672, 35.2061767578, -75.4759902954, 284.441864014, 159.522033691, -34.2803535461, -105.676963806, -54.0456466675, 36.8048706055, 5.2840013504, -49.5553970337], [-47.4363059998, 149.770996094, -12.1315860748, -74.7209014893, -27.0197734833, 159.522033691, 264.350769043, -55.3535728455, -89.0064620972, -42.2146492004, 74.175743103, 11.008272171, -37.3242073059], [341.056427002, -248.490356445, -82.1739501953, 12.2662401199, 33.0353050232, -34.2803535461, -55.3535728455, 176.911575317, 55.8611869812, 41.8427085876, -58.739616394, 2.34375953674, -1.97690677643], [-268.268005371, 137.567810059, -39.9992790222, -62.9744491577, 92.1110916138, -105.676963806, -89.0064620972, 55.8611869812, 186.589935303, 62.7482872009, -55.0861663818, -32.7398071289, 50.9002456665], [-58.7291679382, -78.0495223999, 23.3389759064, -6.74461984634, 19.235912323, -54.0456466675, -42.2146492004, 41.8427085876, 62.7482872009, 114.950523376, -27.4918937683, -6.88288211823, 12.2154111862], [-198.95866394, 199.710296631, 0.279067128897, -11.429561615, -15.8890037537, 36.8048706055, 74.175743103, -58.739616394, -55.0861663818, -27.4918937683, 155.187911987, 27.1143074036, -16.3207645416], [135.381027222, -90.9874267578, -62.2903747559, -4.70695781708, 4.48463821411, 5.2840013504, 11.008272171, 2.34375953674, -32.7398071289, -6.88288211823, 27.1143074036, 101.367927551, 2.45089387894], [-272.117767334, 121.105537415, 1.22143626213, -46.5003547668, 35.239566803, -49.5553970337, -37.3242073059, -1.97690677643, 50.9002456665, 12.2154111862, -16.3207645416, 2.45089387894, 101.978759766]],
        "icov": [[0.00106086290907, 0.000816112617031, 0.000327508867485, -0.000404862279538, -8.85785921128e-05, -0.000782384478953, 0.000183433337952, -0.00089865794871, 0.000242903231992, 0.000870014366228, 0.000481887749629, -0.000477535882965, 0.00123634957708], [0.000816112617031, 0.00417606905103, -0.00199782545678, 0.00130496616475, -0.00438182149082, 0.00189272291027, -0.00231875805184, 0.00220441282727, -0.00245000701398, 0.00433667190373, -0.00373759563081, 0.00230206781998, -0.000484760908876], [0.000327508867485, -0.00199782545678, 0.00420327065513, -0.00173300504684, 0.00371417263523, -0.00243511400186, 0.00202108896337, -0.000806280586403, 0.00201570568606, -0.00338655430824, 0.00276358006522, -0.000296949961921, 0.000512183411047], [-0.000404862279538, 0.00130496616475, -0.00173300504684, 0.00382163911127, -0.00137557322159, 0.000954797258601, 0.000323123269482, 0.00115883955732, -0.000467339064926, 0.00146283768117, -0.00214111595415, 0.00129734945949, -0.000102463760413], [-8.85785921128e-05, -0.00438182149082, 0.00371417263523, -0.00137557322159, 0.0102034593001, -0.00257570925169, 0.00282362825237, -0.00339029007591, 0.00127717538271, -0.0043749269098, 0.00483240140602, -0.00334852025844, 0.00122621352784], [-0.000782384478953, 0.00189272291027, -0.00243511400186, 0.000954797258601, -0.00257570925169, 0.00887700356543, -0.00554041098803, 0.0020413978491, -0.000889407470822, 0.00338890147395, -0.00251391297206, 0.00213863886893, -0.00107109558303], [0.000183433337952, -0.00231875805184, 0.00202108896337, 0.000323123269482, 0.00282362825237, -0.00554041098803, 0.0093932505697, -0.00138158351183, 0.00336870108731, -0.00289563112892, 0.000945992069319, -0.00130254158285, 0.00195752177387], [-0.00089865794871, 0.00220441282727, -0.000806280586403, 0.00115883955732, -0.00339029007591, 0.0020413978491, -0.00138158351183, 0.0112264491618, -0.00377932004631, 0.000109512642666, -0.00158740289044, 0.00190753664356, -0.00102890632115], [0.000242903231992, -0.00245000701398, 0.00201570568606, -0.000467339064926, 0.00127717538271, -0.000889407470822, 0.00336870108731, -0.00377932004631, 0.0132806394249, -0.00603896891698, 0.00397301604971, 0.00126238784287, -0.00169325189199], [0.000870014366228, 0.00433667190373, -0.00338655430824, 0.00146283768117, -0.0043749269098, 0.00338890147395, -0.00289563112892, 0.000109512642666, -0.00603896891698, 0.0165574736893, -0.00354698835872, 0.00115886540152, 0.000415354938013], [0.000481887749629, -0.00373759563081, 0.00276358006522, -0.00214111595415, 0.00483240140602, -0.00251391297206, 0.000945992069319, -0.00158740289044, 0.00397301604971, -0.00354698835872, 0.0137527203187, -0.00525500020012, 0.00290816347115], [-0.000477535882965, 0.00230206781998, -0.000296949961921, 0.00129734945949, -0.00334852025844, 0.00213863886893, -0.00130254158285, 0.00190753664356, 0.00126238784287, 0.00115886540152, -0.00525500020012, 0.014560399577, -0.00361620937474], [0.00123634957708, -0.000484760908876, 0.000512183411047, -0.000102463760413, 0.00122621352784, -0.00107109558303, 0.00195752177387, -0.00102890632115, -0.00169325189199, 0.000415354938013, 0.00290816347115, -0.00361620937474, 0.0147278551012]]
    },
    "melbands": {
        "max": [0.000170725426869, 0.00357195013203, 0.00978073105216, 0.00766714196652, 0.00859162863344, 0.00431939633563, 0.0100476378575, 0.0072687738575, 0.0127706537023, 0.0127469785511, 0.00537728937343, 0.011157700792, 0.00166320218705, 0.00688045565039, 0.00282149738632, 0.00130919879302, 0.000683622842189, 0.000740636955015, 0.00114115246106, 0.0004515053879, 0.000188508114661, 0.000490949663799, 0.000307914393488, 0.000304278393742, 0.000265250331722, 0.000180740375072, 0.000251356512308, 0.000107195723103, 0.00010746573389, 0.0001175248035, 0.000176489586011, 0.00014728300448, 0.000129282736452, 0.000175002816832, 0.000226106771152, 0.000297468359349, 0.000290815572953, 0.000169253558852, 0.000103972706711, 4.43299795734e-05],
        "mean": [1.39316271088e-05, 0.000111539178761, 0.000373094371753, 0.000548755459022, 0.00049258582294, 0.000316748279147, 0.000391982408473, 0.000249769480433, 0.000521449663211, 0.000439435214503, 0.000215282547288, 0.000458350667031, 7.49604150769e-05, 0.000104384496808, 6.79869699525e-05, 6.38817728031e-05, 3.06486836052e-05, 1.81770119525e-05, 2.94407436741e-05, 2.73948244285e-05, 1.002521185e-05, 1.11498338811e-05, 1.08204621938e-05, 1.27260054796e-05, 8.53507026477e-06, 8.08567983768e-06, 4.21385129812e-06, 1.44353930409e-06, 1.68031021985e-06, 2.13169460039e-06, 2.40807753471e-06, 2.35622246691e-06, 2.71411272479e-06, 2.89564400191e-06, 2.89843546852e-06, 3.54990288542e-06, 3.27298653247e-06, 2.37126641878e-06, 1.31427668748e-06, 4.558366129e-07],
        "min": [9.10853756864e-08, 5.02036868966e-07, 2.22141352424e-06, 7.40822906664e-06, 4.10658140026e-06, 2.89298668577e-06, 1.55858913331e-06, 2.05162496059e-06, 2.69184965873e-06, 1.79615483376e-06, 1.02462990981e-06, 8.40019879433e-07, 4.89375509005e-07, 3.24312679822e-07, 5.73417366923e-07, 3.71624992113e-07, 1.31638415724e-07, 1.2211657463e-07, 5.53481349641e-08, 3.51863924664e-08, 1.73600955833e-08, 1.60746758127e-08, 6.29938234908e-09, 3.06341840783e-09, 3.18986370651e-09, 2.99433300377e-09, 2.12200790273e-09, 1.38506539571e-09, 1.3844072555e-09, 3.2463209898e-10, 4.71345573683e-10, 3.56097040743e-10, 3.26245558346e-10, 2.02265107441e-10, 2.24031723728e-10, 1.96647365058e-10, 1.48998383076e-10, 1.0076600665e-10, 7.60805238254e-11, 5.52476953075e-11],
        "stdev": [2.00688173209e-05, 0.0002204268676, 0.000766072480474, 0.000814630300738, 0.000709774903953, 0.000384029612178, 0.000797914981376, 0.000642026891001, 0.00113496778067, 0.00127259001601, 0.000508767028805, 0.00132997753099, 0.000168731057784, 0.000389299966628, 0.000199161135242, 0.000174166430952, 6.49806970614e-05, 4.55887347925e-05, 8.65549882292e-05, 6.59259603708e-05, 2.11614533328e-05, 2.83795307041e-05, 2.45246774284e-05, 3.09259448841e-05, 2.00012345886e-05, 1.87254045159e-05, 1.24190055431e-05, 6.25456641501e-06, 7.21789683666e-06, 8.30364024296e-06, 9.80998902378e-06, 1.00278730315e-05, 9.37956883718e-06, 1.11139897854e-05, 1.46717256939e-05, 1.94591884792e-05, 1.83082720469e-05, 1.33468784043e-05, 8.11775134935e-06, 2.6902503123e-06]
    },
    "melbands128": {
        "max": [1.60634353961e-05, 3.63356120943e-05, 0.000291017320706, 0.000708056497388, 0.00160708115436, 0.00714041339234, 0.0134191010147, 0.0136822396889, 0.0159284099936, 0.0123204309493, 0.0102356150746, 0.0140515230596, 0.0161438621581, 0.00825065560639, 0.00462021864951, 0.00794756878167, 0.0207756441087, 0.0105207618326, 0.0140080358833, 0.0147991003469, 0.0138577912003, 0.0269800070673, 0.0238058511168, 0.0218511167914, 0.0273977015167, 0.0117996474728, 0.0120611274615, 0.00762365804985, 0.00949563644826, 0.0156679525971, 0.0171289332211, 0.00253618438728, 0.00237888493575, 0.00250162696466, 0.00731862708926, 0.01189234294, 0.00766999693587, 0.00410295976326, 0.00578613718972, 0.00355504220352, 0.00283017917536, 0.00275039277039, 0.000892053649295, 0.000592508877162, 0.000832086545415, 0.000673138594721, 0.00291865179315, 0.0022152105812, 0.00160982378293, 0.00157745426986, 0.000659575976897, 0.00044177134987, 0.000288492417894, 0.000381450023269, 0.000582007865887, 0.000977626186796, 0.000436368543888, 0.000385946390452, 0.000556058133952, 0.00055037176935, 0.000556671933737, 0.000646655564196, 0.000313720025588, 0.000579890969675, 0.000291119707981, 0.000265261478489, 0.000378030614229, 0.000270253396593, 0.000253769976553, 0.000265065144049, 0.000116345181596, 8.30790158943e-05, 0.000102874131699, 9.94698639261e-05, 0.000187590791029, 0.000143444674904, 0.000126045721117, 0.000134044967126, 0.000241642730543, 0.000172641273821, 0.000181204930414, 0.000190594786545, 0.000125473758089, 0.000168505473994, 0.000234845705563, 0.000159662668011, 0.000241689878749, 0.000170301733306, 0.000257745734416, 0.000378686090698, 0.000278188788798, 0.000285305257421, 0.000447384663858, 0.000314512610203, 0.000250447279541, 0.000234218125115, 0.00019516494649, 0.000161075338838, 0.000151382977492, 9.32486946112e-05, 6.61434751237e-05, 4.16589027736e-05, 1.7632417439e-05, 1.18750040201e-05, 5.67821234654e-06, 5.11960797667e-06, 3.30658644998e-06, 4.58274735138e-06, 2.60201090896e-06, 1.41336454362e-06, 1.29894851852e-06, 1.36442440635e-06, 6.65280708745e-07, 8.2320917727e-07, 4.58988466789e-07, 3.76804138114e-07, 2.96244451192e-07, 2.54038042158e-07, 5.27552060703e-07, 2.45790658937e-07, 1.77689585712e-07, 1.58527782901e-07, 8.78572947727e-08, 6.2359837294e-09, 3.65742391928e-09, 3.60450713721e-09, 3.56205376306e-09, 3.5394178699e-09],
        "mean": [9.41891357797e-07, 2.65665471488e-06, 1.69034174178e-05, 3.97147559852e-05, 6.23683445156e-05, 0.000169016842847, 0.000395895447582, 0.000359853409464, 0.000440811912995, 0.000638060853817, 0.000563036999665, 0.000487542944029, 0.00056301150471, 0.000388032058254, 0.00022540630016, 0.000287760311039, 0.000483593001263, 0.000423208344728, 0.000265544222202, 0.000239815140958, 0.000190207487321, 0.00041254403186, 0.00056681514252, 0.000586081296206, 0.000726280151866, 0.000220829257159, 0.000184454256669, 0.000102159159724, 0.000305453548208, 0.000715275586117, 0.000457273039501, 8.07759715826e-05, 6.84571496095e-05, 3.6320718209e-05, 7.26268699509e-05, 0.000146628546645, 0.000129635693156, 5.18878368894e-05, 4.43386634288e-05, 3.96096111217e-05, 8.71173542691e-05, 7.20716197975e-05, 2.61253917415e-05, 9.99428812065e-06, 1.8674736566e-05, 1.87089535757e-05, 2.00713548111e-05, 1.79559701792e-05, 3.75124109269e-05, 5.37813320989e-05, 2.14071642404e-05, 9.08776291908e-06, 7.49491891838e-06, 1.07601299533e-05, 1.44834966704e-05, 1.05762010207e-05, 9.02374904399e-06, 1.12220013762e-05, 1.12803809316e-05, 1.01305722637e-05, 1.55899851961e-05, 1.28090423459e-05, 6.509870218e-06, 9.38600442169e-06, 8.03194052423e-06, 7.22024424249e-06, 9.50076082518e-06, 6.0094289438e-06, 2.91265223495e-06, 1.56247722316e-06, 1.23626182358e-06, 1.4427756696e-06, 1.66952065683e-06, 1.57063982442e-06, 1.91319986698e-06, 2.14471583604e-06, 2.21796472033e-06, 2.2605461254e-06, 2.52120480582e-06, 2.43665817834e-06, 2.35586662711e-06, 2.33266064242e-06, 2.3298191536e-06, 2.7597072858e-06, 2.96304665426e-06, 3.22900314131e-06, 2.87351031147e-06, 2.23064216698e-06, 2.74356057162e-06, 3.54534086e-06, 3.47677382706e-06, 3.54274402525e-06, 3.67008806279e-06, 3.26805684381e-06, 3.14967473969e-06, 2.6809668725e-06, 2.25996018344e-06, 1.83828535683e-06, 1.48930860178e-06, 9.68696326709e-07, 5.88428349602e-07, 3.93050811454e-07, 2.48190588081e-07, 1.74858882929e-07, 1.24537976376e-07, 9.07094843683e-08, 5.98453695488e-08, 4.71305590111e-08, 4.05645614876e-08, 3.34327019402e-08, 2.75241873737e-08, 2.80251484241e-08, 2.51744101121e-08, 1.85769231109e-08, 1.25652928062e-08, 8.91015172755e-09, 5.4117919035e-09, 3.28045524078e-09, 2.77648370961e-09, 1.44357847898e-09, 6.61045884698e-10, 4.50491810522e-10, 2.84296614028e-10, 1.37466921526e-11, 5.71655786943e-12, 5.56047438996e-12, 5.45952822881e-12, 5.42048003704e-12],
        "min": [4.97841004532e-11, 2.17041851158e-09, 1.95358733635e-08, 2.30573107274e-07, 1.00094027289e-07, 2.98926323694e-07, 1.22373663203e-07, 1.42348454801e-07, 1.1123741217e-07, 1.240759957e-06, 5.74311400214e-07, 1.94830477085e-06, 2.32527412436e-07, 3.49387778442e-06, 5.12608153258e-07, 7.89895509001e-08, 6.25272605248e-07, 5.24469669472e-07, 9.53523340286e-07, 1.49293470031e-07, 2.98150752087e-07, 8.00312022875e-07, 1.60309909347e-07, 4.20798471623e-07, 1.71501000068e-07, 5.22943430781e-08, 6.13271140537e-08, 1.80835542096e-07, 9.42867686149e-08, 2.87230307094e-07, 1.26232222897e-07, 1.71175017272e-07, 1.62964841621e-08, 6.14370634366e-08, 5.13091187315e-08, 8.0450561768e-08, 5.43425606736e-08, 4.20886152597e-08, 5.85498440842e-08, 6.27058582836e-08, 5.26495327335e-08, 1.063691073e-07, 2.85652568266e-08, 2.82077721181e-08, 1.31861099817e-08, 2.54355381202e-08, 5.30853121461e-08, 1.14173408505e-08, 7.24488424808e-09, 1.67787579386e-08, 1.64863358521e-08, 3.14282244673e-09, 5.60232882307e-09, 1.05533679573e-08, 1.09750120103e-08, 5.23976773081e-09, 3.3768339236e-09, 4.6372270468e-09, 2.09666417561e-09, 2.17624918086e-09, 1.26943744405e-09, 1.79241421705e-09, 1.5966833411e-09, 1.40505196367e-09, 1.03983099908e-09, 2.46013520666e-09, 1.42687006655e-09, 1.93776550361e-09, 1.91913285263e-09, 1.10078413051e-09, 7.19959591944e-10, 1.17761189689e-09, 9.69726743349e-10, 9.22327880737e-10, 3.71836644808e-10, 1.86213919284e-10, 2.52410065071e-10, 2.0426686731e-10, 4.01357336255e-10, 3.10811543169e-10, 3.42366801576e-10, 2.07026645827e-10, 9.92293469615e-11, 1.62533805859e-10, 1.38908176628e-10, 1.68820832314e-10, 1.78122960826e-10, 1.79326831162e-10, 1.60787980152e-10, 1.55562396298e-10, 1.40056091724e-10, 9.93868945476e-11, 1.76742384617e-10, 1.18375753644e-10, 1.0688983032e-10, 1.15101220222e-10, 6.57581142316e-11, 5.82277767669e-11, 4.9022313986e-11, 5.64024452143e-11, 3.64607302683e-11, 2.85002334233e-11, 2.79180289997e-11, 4.1408085294e-11, 2.04174385732e-11, 1.71548400485e-11, 2.34925533887e-11, 1.18975055502e-11, 1.99870189843e-11, 2.19347803809e-11, 2.21698596981e-11, 1.37157837171e-11, 1.37791974011e-11, 1.20435397766e-11, 1.9185585412e-11, 9.9190725078e-12, 2.86389683669e-12, 1.46020538326e-13, 1.10451226073e-13, 1.02928794231e-13, 1.12762148794e-13, 1.13681376053e-13, 1.00812512906e-13, 9.25549038995e-14, 6.50361315908e-14, 2.98195645151e-14, 3.78798851485e-15, 1.21519568543e-16],
        "stdev": [1.52783559315e-06, 3.66359654436e-06, 2.86431604763e-05, 6.05530876783e-05, 0.000108852946141, 0.000423551275162, 0.00102571316529, 0.000901697960217, 0.00112130038906, 0.00118071946781, 0.000958419346716, 0.000856181432027, 0.00115739030298, 0.000586437410675, 0.000373469141778, 0.000573377648834, 0.00127068615984, 0.000980698619969, 0.000853553356137, 0.000876832404174, 0.00086470291717, 0.00139865127858, 0.00168595067225, 0.00174926430918, 0.00268943840638, 0.000854603829794, 0.000805682793725, 0.000395604205551, 0.00105771305971, 0.00216859672219, 0.00180859619286, 0.000238115258981, 0.000210795158637, 0.000159069037181, 0.000419163057813, 0.000697165261954, 0.000494321167935, 0.000234383507632, 0.000230439589359, 0.000157198432134, 0.000335964548867, 0.000217100372538, 7.74083455326e-05, 3.11546791636e-05, 5.27108641108e-05, 5.61184460821e-05, 0.000116633455036, 0.000108966312837, 0.000138945266372, 0.000172564730747, 6.72270107316e-05, 3.33478528773e-05, 2.31374160649e-05, 2.82360233541e-05, 4.71293606097e-05, 4.22724369855e-05, 3.25977343891e-05, 3.01137843053e-05, 3.78212171199e-05, 3.35478398483e-05, 4.97467590321e-05, 4.42325654149e-05, 1.91620638361e-05, 3.11723488267e-05, 2.4041184588e-05, 2.15738346014e-05, 2.79716459772e-05, 1.77897527465e-05, 1.18367242976e-05, 9.35919797485e-06, 5.81504036745e-06, 6.16842953605e-06, 7.30331657905e-06, 7.25111158317e-06, 9.34992112889e-06, 8.75405567058e-06, 8.82039057615e-06, 9.04678836378e-06, 1.09453640107e-05, 1.06838851934e-05, 1.09849061118e-05, 1.07936384666e-05, 9.256175872e-06, 9.75425518845e-06, 1.07171272248e-05, 1.15824341265e-05, 1.30598727992e-05, 9.91376145976e-06, 1.43067081808e-05, 2.12491759157e-05, 1.92845491256e-05, 1.95605389308e-05, 2.31009380514e-05, 1.85914523172e-05, 1.79030284926e-05, 1.56578662427e-05, 1.31408905872e-05, 1.10174414658e-05, 9.79626292974e-06, 6.36752247374e-06, 3.6701044337e-06, 2.42936721406e-06, 1.27679493289e-06, 7.40809866784e-07, 4.66009197453e-07, 3.66731995882e-07, 2.37704540496e-07, 2.17228148358e-07, 1.71454360043e-07, 1.06536887756e-07, 9.72284723844e-08, 9.47171372445e-08, 6.60701573452e-08, 5.47999654543e-08, 3.57801077655e-08, 2.61121435585e-08, 1.83855206615e-08, 1.53599213348e-08, 2.0779850729e-08, 1.14569873588e-08, 7.39659355986e-09, 5.5531041987e-09, 3.0512723459e-09, 2.02526093118e-10, 9.80512684934e-11, 9.6636192104e-11, 9.55014192727e-11, 9.48949807622e-11]
    },
    "mfcc": {
        "mean": [-687.806396484, 140.55770874, -4.20258760452, -3.45647740364, -15.8073949814, -9.66085147858, -20.1448631287, -0.51194113493, -17.0604877472, -3.4201271534, -5.02601528168, -9.06240558624, -11.307185173],
        "cov": [[4339.85693359, -2422.75341797, -40.0434951782, 78.8993759155, -66.5101165771, -4.47822713852, 114.603370667, 374.46697998, -93.8668518066, -43.3941802979, 150.405029297, -176.587554932, -116.059913635], [-2422.75341797, 2099.33789062, -258.602752686, -161.701568604, 75.1145553589, 44.3052177429, 14.4809970856, -87.6719055176, 16.4807910919, -6.6281375885, -15.6424303055, 63.4005393982, 81.2124099731], [-40.0434951782, -258.602752686, 789.024658203, 58.8855934143, -126.060409546, 118.844833374, 132.61076355, -48.637802124, -58.5282592773, -18.4052886963, -94.5246658325, 51.494934082, -22.5888519287], [78.8993759155, -161.701568604, 58.8855934143, 289.871185303, 94.6090393066, -61.7818374634, -78.8343887329, -59.7849655151, 27.8674869537, -14.7828111649, -17.6492271423, 33.6820297241, 0.829611480236], [-66.5101165771, 75.1145553589, -126.060409546, 94.6090393066, 278.630828857, -99.6276550293, -152.28527832, -58.7012786865, 100.962043762, 28.5601387024, -13.1592874527, 36.6734275818, 5.72750329971], [-4.47822713852, 44.3052177429, 118.844833374, -61.7818374634, -99.6276550293, 231.734512329, 146.174804688, 52.0095329285, -57.0872039795, -23.9716453552, 11.7998189926, -26.2393531799, -7.2088561058], [114.603370667, 14.4809970856, 132.61076355, -78.8343887329, -152.28527832, 146.174804688, 302.500305176, 112.336051941, -125.415008545, -33.2870483398, 33.4593887329, -33.3395195007, -10.1207933426], [374.46697998, -87.6719055176, -48.637802124, -59.7849655151, -58.7012786865, 52.0095329285, 112.336051941, 174.123565674, -56.2662239075, -39.4902038574, 47.8679084778, -41.8237876892, -10.1671695709], [-93.8668518066, 16.4807910919, -58.5282592773, 27.8674869537, 100.962043762, -57.0872039795, -125.415008545, -56.2662239075, 207.900939941, 61.4734916687, -22.5607357025, 30.2041492462, 10.7912359238], [-43.3941802979, -6.6281375885, -18.4052886963, -14.7828111649, 28.5601387024, -23.9716453552, -33.2870483398, -39.4902038574, 61.4734916687, 126.60471344, 6.39635753632, 9.65288543701, 7.46288490295], [150.405029297, -15.6424303055, -94.5246658325, -17.6492271423, -13.1592874527, 11.7998189926, 33.4593887329, 47.8679084778, -22.5607357025, 6.39635753632, 98.0584945679, -0.337690502405, -6.4596323967], [-176.587554932, 63.4005393982, 51.494934082, 33.6820297241, 36.6734275818, -26.2393531799, -33.3395195007, -41.8237876892, 30.2041492462, 9.65288543701, -0.337690502405, 96.2253875732, 19.6416015625], [-116.059913635, 81.2124099731, -22.5888519287, 0.829611480236, 5.72750329971, -7.2088561058, -10.1207933426, -10.1671695709, 10.7912359238, 7.46288490295, -6.4596323967, 19.6416015625, 84.2080612183]],
        "icov": [[0.00103619811125, 0.00116627896205, 0.000193325759028, 8.19001288619e-05, -0.000470833474537, -1.3285816749e-05, -8.9131463028e-05, -0.00133292877581, 6.78574724589e-05, 7.18879964552e-05, -0.000567880284507, 0.000529678538442, 3.14665958285e-05], [0.00116627896205, 0.00194114411715, 0.000550560129341, 0.000532009114977, -0.000810454308521, -0.000263910857029, -0.000468771439046, -0.000869115639944, 0.000122268305859, 0.000355738535291, -0.000362937134923, 7.18343580957e-05, -0.000342753861332], [0.000193325759028, 0.000550560129341, 0.00240908679552, -0.000482851435663, 0.000617877987679, -0.000903871783521, -0.00107679225039, 0.000468508515041, 0.000301845924696, -0.000226678079343, 0.00248944759369, -0.00201354874298, 0.000836254854221], [8.19001288619e-05, 0.000532009114977, -0.000482851435663, 0.00483109662309, -0.00164083309937, 0.000556905230042, 6.94992486387e-05, 0.00129685853608, 0.000118831492728, 0.00147501914762, -0.000674690701999, -0.000381692982046, -0.000361788988812], [-0.000470833474537, -0.000810454308521, 0.000617877987679, -0.00164083309937, 0.00635458901525, 0.000532404403202, 0.00161393894814, 6.67464337312e-05, -0.00126742792781, -0.000554712896701, 0.000887713977136, -0.00147196906619, 0.000753022148274], [-1.3285816749e-05, -0.000263910857029, -0.000903871783521, 0.000556905230042, 0.000532404403202, 0.0068561239168, -0.00246430723928, 0.0001198902537, -0.000679962220602, 0.000758629874326, -0.000974084134214, 0.00146559346467, -0.00013938875054], [-8.9131463028e-05, -0.000468771439046, -0.00107679225039, 6.94992486387e-05, 0.00161393894814, -0.00246430723928, 0.00813929270953, -0.00350893079303, 0.00241056247614, -0.00111784634646, -0.000888281967491, 6.12214862485e-05, -1.87062578334e-05], [-0.00133292877581, -0.000869115639944, 0.000468508515041, 0.00129685853608, 6.67464337312e-05, 0.0001198902537, -0.00350893079303, 0.0126188471913, -0.00072385801468, 0.00313319242559, -0.00278029590845, 0.00171911623329, -0.00057761563221], [6.78574724589e-05, 0.000122268305859, 0.000301845924696, 0.000118831492728, -0.00126742792781, -0.000679962220602, 0.00241056247614, -0.00072385801468, 0.00792598724365, -0.00316838850267, 0.0016975941835, -0.00151192408521, 3.36883640557e-05], [7.18879964552e-05, 0.000355738535291, -0.000226678079343, 0.00147501914762, -0.000554712896701, 0.000758629874326, -0.00111784634646, 0.00313319242559, -0.00316838850267, 0.0106938118115, -0.00280689471401, 0.00100401765667, -0.000963932194281], [-0.000567880284507, -0.000362937134923, 0.00248944759369, -0.000674690701999, 0.000887713977136, -0.000974084134214, -0.000888281967491, -0.00278029590845, 0.0016975941835, -0.00280689471401, 0.0158744137734, -0.00461936183274, 0.00198198389262], [0.000529678538442, 7.18343580957e-05, -0.00201354874298, -0.000381692982046, -0.00147196906619, 0.00146559346467, 6.12214862485e-05, 0.00171911623329, -0.00151192408521, 0.00100401765667, -0.00461936183274, 0.0152778765187, -0.0032482764218], [3.14665958285e-05, -0.000342753861332, 0.000836254854221, -0.000361788988812, 0.000753022148274, -0.00013938875054, -1.87062578334e-05, -0.00057761563221, 3.36883640557e-05, -0.000963932194281, 0.00198198389262, -0.0032482764218, 0.0133328409865]]
    },
    "spectral_contrast_coeffs": {
        "max": [-0.371114403009, -0.358084738255, -0.400678932667, -0.54819560051, -0.538708508015, -0.622824430466],
        "mean": [-0.618718624115, -0.703122794628, -0.707344412804, -0.754706740379, -0.764128863811, -0.771407604218],
        "min": [-0.877494752407, -0.908005595207, -0.902186334133, -0.887832522392, -0.884549260139, -0.951800048351],
        "stdev": [0.0717458724976, 0.0777897164226, 0.0857371613383, 0.0695318952203, 0.0678057670593, 0.0407048910856]
    },
    "spectral_contrast_valleys": {
        "max": [-5.63087320328, -5.36875677109, -5.88250398636, -6.57801055908, -6.23681497574, -7.1317024231],
        "mean": [-7.59866905212, -6.70222568512, -7.80318164825, -8.28455924988, -8.54084014893, -10.8626804352],
        "min": [-9.30584907532, -8.14688014984, -9.1782913208, -9.95769691467, -10.8686408997, -13.9109687805],
        "stdev": [0.61044806242, 0.479467839003, 0.566235661507, 0.534873068333, 0.727838218212, 1.11199307442]
    }
},
"rhythm": {
    "beats_count": 49,
    "beats_loudness": {
        "max": 0.0681301876903,
        "mean": 0.0238164514303,
        "min": 0.00255112745799,
        "stdev": 0.0202593822032
    },
    "bpm": 78.7714157104,
    "bpm_histogram_first_peak_bpm": 80,
    "bpm_histogram_first_peak_weight": 0.461538434029,
    "bpm_histogram_second_peak_bpm": 103,
    "bpm_histogram_second_peak_spread": 0.611111104488,
    "bpm_histogram_second_peak_weight": 0.145833328366,
    "danceability": 0.908673346043,
    "onset_rate": 2.15332007408,
    "beats_loudness_band_ratio": {
        "max": [0.541935861111, 0.695025324821, 0.897299706936, 0.927574634552, 0.327076256275, 0.672211587429],
        "mean": [0.108994603157, 0.270245701075, 0.39549395442, 0.163135170937, 0.0519497431815, 0.054679915309],
        "min": [0.0011099667754, 0.00979347340763, 0.015950543806, 0.00717699248344, 0.00253356108442, 0.000205526885111],
        "stdev": [0.121144555509, 0.198949158192, 0.255996286869, 0.240098997951, 0.0636673420668, 0.12250790745]
    },
    "beats_position": [0.580498874187, 1.18421769142, 1.77632653713, 2.38004541397, 2.9837641716, 3.5758728981, 4.1679816246, 4.77170038223, 5.3754196167, 6.03718805313, 6.71056699753, 7.38394546509, 8.05732440948, 8.73070240021, 9.38086128235, 10.0310201645, 10.6927890778, 11.354557991, 11.8886165619, 12.4226751328, 12.9567346573, 13.4907932281, 14.0132427216, 14.5473012924, 15.1394100189, 15.7082986832, 16.2771873474, 16.8576869965, 17.4381847382, 18.0186843872, 18.5991840363, 19.179681778, 19.760181427, 20.3406791687, 21.037279129, 21.733877182, 22.5001354218, 23.2663936615, 24.0326519012, 24.7989120483, 25.5767803192, 26.3546485901, 27.1092967987, 27.8639450073, 28.6185932159, 29.3732414246, 30.1278915405, 30.8825397491, 31.6371879578],
