{
"metadata": {
    "version": {
        "essentia": "2.1-beta5",
        "essentia_git_sha": "Undefined",
        "extractor": "music 2.0"
    },
    "audio_properties": {
        "analysis": {
            "equal_loudness": 0,
            "length": 51.8733787537,
            "sample_rate": 44100,
            "start_time": 142.744674683,
            "downmix": "mix"
        },
        "bit_rate": 192000,
        "length": 194.641265869,
        "lossless": 0,
        "number_channels": 2,
        "replay_gain": -9.72020721436,
        "sample_rate": 48000,
        "codec": "mp3",
        "md5_encoded": "553c1dc11307382af011d9f46388a24a"
    },
    "tags": {
        "file_name": "Monaco_Tout De Moi_Lise Darly.mp3",
        "encoding": ["Lavf58.29.100"]
    }
},
"lowlevel": {
    "average_loudness": 0.905196487904,
    "barkbands_crest": {
        "max": 26.0841445923,
        "mean": 12.2584724426,
        "min": 3.16365432739,
        "stdev": 5.23508644104
    },
    "barkbands_flatness_db": {
        "max": 0.313292950392,
        "mean": 0.165136277676,
        "min": 0.0473989918828,
        "stdev": 0.0426914207637
    },
    "barkbands_kurtosis": {
        "max": 49.4642906189,
        "mean": 2.67070388794,
        "min": -1.66640353203,
        "stdev": 3.81762528419
    },
    "barkbands_skewness": {
        "max": 6.01901197433,
        "mean": 0.519093215466,
        "min": -2.30513501167,
        "stdev": 0.948881030083
    },
    "barkbands_spread": {
        "max": 63.4113731384,
        "mean": 14.1147489548,
        "min": 1.27691805363,
        "stdev": 7.64523649216
    },
    "dissonance": {
        "max": 0.5,
        "mean": 0.450363904238,
        "min": 0.324829131365,
        "stdev": 0.0366825498641
    },
    "dynamic_complexity": 2.75422358513,
    "erbbands_crest": {
        "max": 32.834236145,
        "mean": 16.376543045,
        "min": 2.46840906143,
        "stdev": 8.08710098267
    },
    "erbbands_flatness_db": {
        "max": 0.389058381319,
        "mean": 0.239554494619,
        "min": 0.0486194826663,
        "stdev": 0.0521167330444
    },
    "erbbands_kurtosis": {
        "max": 32.9136924744,
        "mean": 3.38588404655,
        "min": -1.54420173168,
        "stdev": 4.58469390869
    },
    "erbbands_skewness": {
        "max": 5.10461091995,
        "mean": 0.969407916069,
        "min": -2.01358246803,
        "stdev": 1.01111161709
    },
    "erbbands_spread": {
        "max": 94.9541168213,
        "mean": 18.0995864868,
        "min": 2.16804885864,
        "stdev": 12.5172138214
    },
    "hfc": {
        "max": 112.995986938,
        "mean": 30.2922859192,
        "min": 0.00335418712348,
        "stdev": 19.8135032654
    },
    "loudness_ebu128": {
        "integrated": -12.7403898239,
        "loudness_range": 3.65511989594,
        "momentary": {
            "max": -9.98904705048,
            "mean": -13.3764915466,
            "min": -32.3813781738,
            "stdev": 2.69366073608
        },
        "short_term": {
            "max": -10.6077775955,
            "mean": -12.9252719879,
            "min": -18.7995052338,
            "stdev": 1.43349409103
        }
    },
    "melbands_crest": {
        "max": 33.8830451965,
        "mean": 16.0218238831,
        "min": 4.37434959412,
        "stdev": 7.26724815369
    },
    "melbands_flatness_db": {
        "max": 0.335818827152,
        "mean": 0.186025738716,
        "min": 0.0701321288943,
        "stdev": 0.0469499714673
    },
    "melbands_kurtosis": {
        "max": 77.1133270264,
        "mean": 4.0553894043,
        "min": -1.63238143921,
        "stdev": 5.39388275146
    },
    "melbands_skewness": {
        "max": 5.02830696106,
        "mean": 0.678020179272,
        "min": -2.19829750061,
        "stdev": 1.1101398468
    },
    "melbands_spread": {
        "max": 70.1251449585,
        "mean": 23.4126491547,
        "min": 2.5210313797,
        "stdev": 10.9985675812
    },
    "pitch_salience": {
        "max": 0.853339493275,
        "mean": 0.50181388855,
        "min": 0.146092668176,
        "stdev": 0.147234633565
    },
    "silence_rate_20dB": {
        "max": 1,
        "mean": 1,
        "min": 1,
        "stdev": 0
    },
    "silence_rate_30dB": {
        "max": 1,
        "mean": 1,
        "min": 1,
        "stdev": 0
    },
    "silence_rate_60dB": {
        "max": 1,
        "mean": 0.0219239369035,
        "min": 0,
        "stdev": 0.146435245872
    },
    "spectral_centroid": {
        "max": 3044.69262695,
        "mean": 1532.0369873,
        "min": 435.182861328,
        "stdev": 407.3203125
    },
    "spectral_complexity": {
        "max": 37,
        "mean": 17.2313194275,
        "min": 0,
        "stdev": 4.99420166016
    },
    "spectral_decrease": {
        "max": -6.2168006203e-13,
        "mean": -6.37363450906e-09,
        "min": -1.99330614237e-08,
        "stdev": 3.81821152473e-09
    },
    "spectral_energy": {
        "max": 0.0811696350574,
        "mean": 0.0268031544983,
        "min": 2.65059929916e-06,
        "stdev": 0.0159799028188
    },
    "spectral_energyband_high": {
        "max": 0.00367018673569,
        "mean": 0.000388746935641,
        "min": 1.19797007869e-07,
        "stdev": 0.000357766257366
    },
    "spectral_energyband_low": {
        "max": 0.0207365173846,
        "mean": 0.0020267709624,
        "min": 2.50701875926e-10,
        "stdev": 0.00281994091347
    },
    "spectral_energyband_middle_high": {
        "max": 0.0773627534509,
        "mean": 0.0197096522897,
        "min": 2.21217851504e-06,
        "stdev": 0.0160800889134
    },
    "spectral_energyband_middle_low": {
        "max": 0.0536295361817,
        "mean": 0.0050244522281,
        "min": 4.72593029599e-07,
        "stdev": 0.00688110711053
    },
    "spectral_entropy": {
        "max": 8.45602321625,
        "mean": 7.23511552811,
        "min": 5.93949842453,
        "stdev": 0.449697196484
    },
    "spectral_flux": {
        "max": 0.270618915558,
        "mean": 0.080696105957,
        "min": 0.00182219839189,
        "stdev": 0.0377963483334
    },
    "spectral_kurtosis": {
        "max": 18.2686519623,
        "mean": 5.19252300262,
        "min": -0.14176774025,
        "stdev": 2.61576700211
    },
    "spectral_rms": {
        "max": 0.00889887008816,
        "mean": 0.00483480002731,
        "min": 5.08522425662e-05,
        "stdev": 0.00166558916681
    },
    "spectral_rolloff": {
        "max": 9000.87890625,
        "mean": 1564.67224121,
        "min": 236.865234375,
        "stdev": 704.129089355
    },
    "spectral_skewness": {
        "max": 2.95500326157,
        "mean": 1.56628322601,
        "min": 0.463365226984,
        "stdev": 0.306015342474
    },
    "spectral_spread": {
        "max": 17729410,
        "mean": 3506700.5,
        "min": 1987855.625,
        "stdev": 961354.375
    },
    "spectral_strongpeak": {
        "max": 15.1591501236,
        "mean": 3.48335766792,
        "min": 0.0161173660308,
        "stdev": 2.65361070633
    },
    "zerocrossingrate": {
        "max": 0.1884765625,
        "mean": 0.0616719983518,
        "min": 0.0224609375,
        "stdev": 0.0194800011814
    },
    "barkbands": {
        "max": [0.000113631023851, 0.00791935808957, 0.0174823086709, 0.0133372750133, 0.0118463747203, 0.0107358461246, 0.0362074002624, 0.0389591269195, 0.0480293519795, 0.057217951864, 0.0755421444774, 0.0298528205603, 0.0325252562761, 0.0414844192564, 0.0325101129711, 0.0360340699553, 0.011895313859, 0.00605703797191, 0.00910934712738, 0.0069623333402, 0.00150094926357, 0.000698178366292, 0.000791990198195, 0.00101506523788, 0.00126202171668, 0.000333211006364, 0.000349473033566],
        "mean": [5.17769512953e-06, 0.000495958433021, 0.00128748791758, 0.000386094819987, 0.000684795202687, 0.000590200186707, 0.000886336201802, 0.000583942863159, 0.0017154479865, 0.00660843588412, 0.00513105466962, 0.00113417941611, 0.00117233698256, 0.00218566739932, 0.00177051394712, 0.000559942913242, 0.000212916740566, 0.00029308613739, 0.000557276885957, 0.000266380375251, 0.000109177148261, 5.3421506891e-05, 4.59975235572e-05, 4.58590657217e-05, 1.71052361111e-05, 3.67851407646e-06, 7.59371005188e-07],
        "min": [2.10237751687e-12, 3.21954789217e-11, 1.63169644463e-10, 1.33169031358e-10, 1.00057206964e-09, 1.30639188356e-08, 1.57243356114e-08, 1.44766360677e-07, 1.15953270097e-07, 1.57314173066e-06, 1.69172807318e-07, 8.45271515004e-08, 5.08561974755e-08, 1.48082648366e-07, 3.86916205741e-08, 4.43431318331e-08, 3.3336888805e-08, 2.66211177546e-08, 6.09780883565e-08, 2.70891149512e-08, 3.46533397533e-08, 2.93878734681e-08, 2.49942928576e-08, 6.64495436453e-09, 3.88279142172e-09, 1.81922032993e-09, 8.63283264319e-11],
        "stdev": [8.55667985888e-06, 0.000786178803537, 0.00226415204816, 0.000853720703162, 0.00100510078482, 0.000852687400766, 0.00255736266263, 0.00241335527971, 0.00498085934669, 0.0106803812087, 0.00957054272294, 0.00273636891507, 0.00207771873102, 0.00476556457579, 0.0034687507432, 0.00206502829678, 0.000606483663432, 0.000446416874183, 0.000681838195305, 0.000420292722993, 0.000117182702525, 6.78150026943e-05, 6.77831849316e-05, 6.89489024808e-05, 5.45540387975e-05, 1.71977953869e-05, 9.81579069048e-06]
    },
    "erbbands": {
        "max": [0.103738948703, 2.16443753242, 18.2954826355, 29.4405021667, 35.3944396973, 47.8374519348, 52.9084815979, 97.8509597778, 312.93927002, 1016.94067383, 1025.734375, 1506.54174805, 1462.04187012, 2729.88623047, 2797.42578125, 1025.60375977, 1290.97009277, 1536.52966309, 2095.73388672, 1775.86254883, 1097.45849609, 468.552062988, 382.964385986, 291.622344971, 440.434326172, 285.069671631, 86.0920791626, 26.2492218018, 29.8607635498, 23.1012554169, 29.7771854401, 33.6036376953, 16.8691654205, 17.8407993317, 5.95942354202, 1.01632022858, 0.658018350601, 0.418932408094, 0.0573358796537, 0.00247497600503],
        "mean": [0.00657203281298, 0.158638760448, 1.24753677845, 1.53729188442, 1.57574546337, 2.54329442978, 3.12678742409, 5.51444292068, 9.15597343445, 15.1223659515, 19.2618980408, 42.794380188, 53.5308532715, 345.275268555, 159.2784729, 50.7935943604, 58.290851593, 85.6368637085, 128.516860962, 56.2451133728, 25.9480762482, 12.7545690536, 12.9434633255, 25.3652553558, 26.3852806091, 13.6756477356, 6.87696170807, 2.52414035797, 1.95914626122, 1.45144462585, 1.34724867344, 1.25778400898, 0.549417197704, 0.257595300674, 0.0805553495884, 0.020821524784, 0.00576107669622, 0.00152960140258, 0.000134588801302, 3.6684647057e-05],
        "min": [4.95545604551e-10, 1.08814441901e-08, 1.24314496475e-07, 4.06017250043e-07, 2.10755501939e-06, 3.38195195582e-06, 6.2411527324e-05, 0.000111086315883, 0.000215908847167, 0.00101759843528, 0.00323571125045, 0.00413445103914, 0.031893517822, 0.031515609473, 0.00625351443887, 0.00341497012414, 0.00322167063132, 0.0078722666949, 0.00268708728254, 0.0020726241637, 0.00227680313401, 0.00220518023707, 0.00155489996541, 0.00192881142721, 0.00300571764819, 0.00156098743901, 0.00171707279515, 0.00128279544879, 0.00095264747506, 0.000949174340349, 0.000524428905919, 0.000191061859368, 0.000103770755231, 4.63731339551e-05, 2.48695032496e-05, 9.71454937826e-06, 3.18074967254e-06, 8.25269751203e-07, 8.72646594985e-08, 1.67159157627e-08],
        "stdev": [0.0100209098309, 0.239691957831, 2.18721199036, 2.55617403984, 2.94021892548, 3.76209545135, 4.42835760117, 8.33369159698, 18.7538852692, 61.1205215454, 69.6610183716, 132.615936279, 83.7468566895, 520.621154785, 316.169677734, 94.9479293823, 91.4385223389, 181.060333252, 250.885299683, 135.6512146, 75.673538208, 30.3478069305, 21.7008075714, 28.5712337494, 35.1583900452, 19.000005722, 7.68267965317, 2.54543876648, 2.62697649002, 1.84750878811, 2.20946145058, 2.0561375618, 0.875254452229, 0.747941195965, 0.284396708012, 0.0717794671655, 0.0306307636201, 0.0141937192529, 0.00157701736316, 6.34686512058e-05]
    },
    "gfcc": {
        "mean": [-16.7660655975, 89.1762008667, -168.441421509, 18.8306980133, -63.5472869873, 18.9084529877, -27.9896507263, 2.57036328316, -29.7052192688, -8.19466400146, -6.18288469315, -11.1588811874, -2.93747782707],
        "cov": [[1446.81262207, 66.4418945312, 72.9724807739, 156.706039429, 259.087799072, 201.925415039, 43.2039871216, 13.1480751038, -67.8553009033, 10.2893476486, 123.673973083, -79.0479202271, 49.9005393982], [66.4418945312, 1256.60949707, 478.180511475, 439.907196045, 358.724884033, 33.3359794617, 193.352355957, -96.7084579468, -19.8429775238, -80.1951828003, 183.098526001, -108.340118408, 95.8469314575], [72.9724807739, 478.180511475, 713.237731934, 308.199584961, 2.52485537529, 19.193561554, 28.2607269287, -6.36875772476, 20.2875099182, 47.5810432434, -18.0747127533, 11.6789360046, -79.303314209], [156.706039429, 439.907196045, 308.199584961, 375.596191406, 160.038452148, 37.5333480835, 29.0420093536, -33.4532775879, 7.01340913773, -20.7618122101, 43.4833450317, -29.7899856567, 42.0933799744], [259.087799072, 358.724884033, 2.52485537529, 160.038452148, 404.263275146, 107.739578247, 115.20388031, -51.1488800049, -84.0406494141, -66.3684539795, 101.15562439, -38.076965332, 120.020874023], [201.925415039, 33.3359794617, 19.193561554, 37.5333480835, 107.739578247, 188.447387695, 93.8216247559, -28.2695484161, -37.5442695618, 11.5227689743, 44.358001709, -10.239405632, 0.846414029598], [43.2039871216, 193.352355957, 28.2607269287, 29.0420093536, 115.20388031, 93.8216247559, 274.113372803, 21.54479599, -72.4877471924, -69.62840271, 47.5965309143, -2.21258425713, 39.5639381409], [13.1480751038, -96.7084579468, -6.36875772476, -33.4532775879, -51.1488800049, -28.2695484161, 21.54479599, 137.914047241, 72.7193832397, 3.77697253227, -20.2990627289, 7.48606681824, -10.3948364258], [-67.8553009033, -19.8429775238, 20.2875099182, 7.01340913773, -84.0406494141, -37.5442695618, -72.4877471924, 72.7193832397, 189.906082153, 70.3026275635, -37.9039230347, -4.0801820755, -49.0609817505], [10.2893476486, -80.1951828003, 47.5810432434, -20.7618122101, -66.3684539795, 11.5227689743, -69.62840271, 3.77697253227, 70.3026275635, 141.096206665, 10.0890464783, 8.24545764923, -76.6778488159], [123.673973083, 183.098526001, -18.0747127533, 43.4833450317, 101.15562439, 44.358001709, 47.5965309143, -20.2990627289, -37.9039230347, 10.0890464783, 164.458969116, -21.1941833496, 35.1646194458], [-79.0479202271, -108.340118408, 11.6789360046, -29.7899856567, -38.076965332, -10.239405632, -2.21258425713, 7.48606681824, -4.0801820755, 8.24545764923, -21.1941833496, 94.9338302612, 14.7525339127], [49.9005393982, 95.8469314575, -79.303314209, 42.0933799744, 120.020874023, 0.846414029598, 39.5639381409, -10.3948364258, -49.0609817505, -76.6778488159, 35.1646194458, 14.7525339127, 154.198104858]],
        "icov": [[0.00105976278428, 0.000469820806757, -0.000390303932363, -0.000248987606028, -0.000530443969183, -0.000818565196823, 0.00034268188756, -0.000583709625062, 0.00025849044323, -7.07954241079e-05, -0.000635372882243, 0.00107727514114, -0.000388785818359], [0.000469820806757, 0.00447306735441, -0.00300506385975, -0.000674826384056, -0.0021205060184, 0.00257983291522, -0.00279262359254, 0.00406005745754, -0.00381388608366, 0.0018987597432, -0.00377312651835, 0.0037481021136, -0.00143452663906], [-0.000390303932363, -0.00300506385975, 0.00515714148059, -0.00280664884485, 0.00190654268954, -0.00128588348161, 0.0011550168274, -0.00313856126741, 0.00352578423917, -0.00229190965183, 0.00321828387678, -0.00377200567164, 0.00303687620908], [-0.000248987606028, -0.000674826384056, -0.00280664884485, 0.0069762757048, -0.00144204846583, -0.000524884380866, 0.000926974695176, 0.00107482622843, -0.00193897809368, 0.0013389242813, -0.000344388652593, 0.000868791365065, -0.00184358807746], [-0.000530443969183, -0.0021205060184, 0.00190654268954, -0.00144204846583, 0.00644501065835, -0.0027105291374, 0.000368354551028, -0.00109321973287, 0.00224293558858, -0.000902013212908, 0.000858622253872, -0.000453977816505, -0.00219321297482], [-0.000818565196823, 0.00257983291522, -0.00128588348161, -0.000524884380866, -0.0027105291374, 0.0109493983909, -0.00522037129849, 0.00474570086226, -0.00237075169571, -0.00135479320306, -0.00189608102664, 0.00133313529659, 0.000729143212084], [0.00034268188756, -0.00279262359254, 0.0011550168274, 0.000926974695176, 0.000368354551028, -0.00522037129849, 0.00864158477634, -0.00583653524518, 0.00409873761237, 0.00196733255871, 0.000888934009708, -0.00252317450941, 0.00141822802834], [-0.000583709625062, 0.00406005745754, -0.00313856126741, 0.00107482622843, -0.00109321973287, 0.00474570086226, -0.00583653524518, 0.0160256009549, -0.00972892530262, 0.00339973974042, -0.00344259478152, 0.00232375017367, -0.00168170279358], [0.00025849044323, -0.00381388608366, 0.00352578423917, -0.00193897809368, 0.00224293558858, -0.00237075169571, 0.00409873761237, -0.00972892530262, 0.0143069857731, -0.0067861545831, 0.00504640443251, -0.00155394093599, 0.00136464997195], [-7.07954241079e-05, 0.0018987597432, -0.00229190965183, 0.0013389242813, -0.000902013212908, -0.00135479320306, 0.00196733255871, 0.00339973974042, -0.0067861545831, 0.0164644047618, -0.00582064455375, -0.00175802456215, 0.0052560553886], [-0.000635372882243, -0.00377312651835, 0.00321828387678, -0.000344388652593, 0.000858622253872, -0.00189608102664, 0.000888934009708, -0.00344259478152, 0.00504640443251, -0.00582064455375, 0.0119968503714, -0.0013959776843, -0.000709094281774], [0.00107727514114, 0.0037481021136, -0.00377200567164, 0.000868791365065, -0.000453977816505, 0.00133313529659, -0.00252317450941, 0.00232375017367, -0.00155394093599, -0.00175802456215, -0.0013959776843, 0.0169293452054, -0.00637533469126], [-0.000388785818359, -0.00143452663906, 0.00303687620908, -0.00184358807746, -0.00219321297482, 0.000729143212084, 0.00141822802834, -0.00168170279358, 0.00136464997195, 0.0052560553886, -0.000709094281774, -0.00637533469126, 0.0146131282672]]
    },
    "melbands": {
        "max": [0.00150944956113, 0.00631050625816, 0.00466101523489, 0.00283769448288, 0.00154276157264, 0.00203272816725, 0.00495746359229, 0.00999854784459, 0.00887166894972, 0.00870452262461, 0.00794847216457, 0.0113082518801, 0.0121254213154, 0.00423385296017, 0.00404608761892, 0.00263652438298, 0.0030887471512, 0.00430197361857, 0.00336061161943, 0.00341825885698, 0.000930760463234, 0.00073341402458, 0.000219567737076, 0.000410389126046, 0.000286654016236, 0.000512354949024, 0.000427119084634, 0.000193021871382, 5.44536596863e-05, 5.33174461452e-05, 1.91011240531e-05, 2.20764359256e-05, 1.44175392052e-05, 1.21317598314e-05, 2.11071273952e-05, 2.5701308914e-05, 1.85985027201e-05, 1.05457866084e-05, 1.5897103367e-05, 1.92842107936e-05],
        "mean": [9.72722045844e-05, 0.000490270962473, 0.000265121750999, 0.000151467058458, 0.000112118737889, 0.000121269462397, 0.000151347412611, 0.000148735343828, 0.000185682452866, 0.000257012434304, 0.000235514860833, 0.00139365100767, 0.000665286788717, 0.000162710770383, 0.000112864545372, 0.000124282305478, 0.000157830698299, 0.000221151858568, 0.000110924665933, 5.05327661813e-05, 2.51659985224e-05, 1.30651042127e-05, 9.13525400392e-06, 1.55430716404e-05, 2.09629106394e-05, 2.10055295611e-05, 1.40937836477e-05, 7.84027724876e-06, 4.66480696559e-06, 2.14425290324e-06, 1.25964049857e-06, 1.14765714443e-06, 9.26586892547e-07, 7.6137069982e-07, 8.02773399755e-07, 7.19868523902e-07, 7.81526864557e-07, 4.09837298321e-07, 2.63342599283e-07, 2.00341020218e-07],
        "min": [6.59674008127e-12, 5.0675151575e-11, 1.16725740185e-10, 1.60901833524e-10, 1.72695491241e-09, 2.48160780814e-09, 3.21480952969e-09, 1.76567116483e-08, 2.42128219696e-08, 2.09368931081e-08, 1.78001656082e-07, 1.54904398642e-07, 1.9603875856e-08, 9.3995256023e-09, 8.87937279259e-09, 7.21621118416e-09, 1.53667727432e-08, 4.15483647487e-09, 3.0273374918e-09, 3.08282821493e-09, 2.37279507154e-09, 2.09683648222e-09, 2.45759235185e-09, 6.55252796466e-10, 1.69543179496e-09, 1.85081450166e-09, 1.59985980019e-09, 9.92405824185e-10, 1.03792396899e-09, 9.6748697942e-10, 7.65255525614e-10, 5.63876445536e-10, 4.57721111013e-10, 5.97394800295e-10, 3.10546921511e-10, 1.73688161076e-10, 9.72553634848e-11, 8.35504720964e-11, 4.69042062134e-11, 3.37350390678e-11],
        "stdev": [0.00014971762721, 0.000772808212787, 0.000407883024309, 0.000242625479586, 0.000146661681356, 0.000177991081728, 0.000333905249136, 0.000587161513977, 0.00064550008392, 0.000803742208518, 0.000459471455542, 0.00214811926708, 0.00135903491173, 0.000386610510759, 0.000207648641663, 0.000218551693251, 0.000361812446499, 0.000501975417137, 0.000246416864684, 0.000194395048311, 6.53341994621e-05, 3.75174604414e-05, 1.53398523253e-05, 2.82548808173e-05, 2.61599507212e-05, 3.13206692226e-05, 2.30411569646e-05, 1.1958113646e-05, 5.47762238057e-06, 2.74883473139e-06, 1.57808688073e-06, 1.65521760209e-06, 1.22975814065e-06, 1.03991658307e-06, 1.44485602505e-06, 1.24943119317e-06, 1.30932278353e-06, 6.56924441955e-07, 6.09095536674e-07, 6.99852421349e-07]
    },
    "melbands128": {
        "max": [5.6739703723e-05, 0.000719192030374, 0.00194339570589, 0.00453491974622, 0.00972814671695, 0.00963079556823, 0.0067273080349, 0.00579905556515, 0.00460786093026, 0.00495052384213, 0.00367358652875, 0.00240987702273, 0.00192825356498, 0.00455615203828, 0.00265970360488, 0.00330294016749, 0.0035010157153, 0.00839393213391, 0.0104578044266, 0.0197621434927, 0.00711212912574, 0.0157165713608, 0.0175304375589, 0.0142768556252, 0.0188921503723, 0.0149748362601, 0.00772873871028, 0.00945248641074, 0.0160794146359, 0.0156167820096, 0.020291628316, 0.0160098597407, 0.0246983449906, 0.0136837251484, 0.0102819222957, 0.00656584464014, 0.00517417443916, 0.00509179057553, 0.00886475946754, 0.00505550671369, 0.00512679154053, 0.00376500654966, 0.00691075110808, 0.00618356931955, 0.0104671735317, 0.00902570597827, 0.00569209596142, 0.007415890228, 0.0076273814775, 0.00387244671583, 0.00673752184957, 0.00518384296447, 0.00208269339055, 0.00124562426936, 0.00244732620195, 0.000702107558027, 0.00104953930713, 0.000381509045837, 0.00049110269174, 0.000605715496931, 0.000728628307115, 0.000722698285244, 0.000497330969665, 0.000691313180141, 0.000730776228011, 0.000978732481599, 0.000505449075717, 0.000973918766249, 0.000865612411872, 0.000490360602271, 0.000405268394388, 0.000135624446557, 0.000120966025861, 0.000115237649879, 0.000129263935378, 9.0926347184e-05, 1.944446376e-05, 1.48285535033e-05, 4.39961950178e-05, 2.44632774411e-05, 3.17518424708e-05, 2.91218275379e-05, 1.45909980347e-05, 1.81657524081e-05, 1.71097635757e-05, 1.25108426801e-05, 1.68324713741e-05, 2.56949406321e-05, 4.4699965656e-05, 2.71665412583e-05, 2.39028086071e-05, 3.11428302666e-05, 2.61302066065e-05, 2.11547921936e-05, 1.8192888092e-05, 1.10760629468e-05, 1.4054935491e-05, 1.11033023131e-05, 1.4355852727e-05, 2.52579484368e-05, 1.13837268145e-05, 2.39265409618e-05, 2.66241986537e-05, 1.28345373014e-05, 6.16596253167e-06, 3.14906242238e-06, 2.48877904596e-06, 2.21078744289e-06, 2.69322526947e-06, 3.3383309983e-06, 2.28386352319e-06, 1.79818732704e-06, 2.51255096373e-06, 2.65849598691e-06, 3.10564018946e-06, 4.3260001803e-06, 3.22889491144e-06, 4.09774884247e-06, 1.68539668266e-06, 1.60413844696e-06, 1.11437304895e-06, 2.02391811399e-06, 1.81882148809e-06, 6.55887149037e-08, 6.98619251338e-09, 6.95180313315e-09, 6.91701762534e-09, 6.89792489794e-09],
        "mean": [3.4074460018e-06, 2.60843698925e-05, 0.000112256617285, 0.000275946804322, 0.000602286076173, 0.000612643023487, 0.00032636866672, 0.000165952398675, 0.000143963465234, 0.000173941400135, 0.000142629389302, 0.000104849605123, 8.84100882104e-05, 0.000139963420224, 0.000134773348691, 0.000102350706584, 0.000110713517643, 0.000166675861692, 0.000176317975274, 0.000221098089241, 7.76211600169e-05, 0.00010053965525, 0.00018305775302, 0.000280656444374, 0.000357775774319, 0.000211927443161, 0.000119267082482, 0.000111495413876, 0.000317627913319, 0.00148390512913, 0.00201346375979, 0.000705967715476, 0.000895633827895, 0.000260277884081, 0.000166541314684, 0.000182602670975, 7.18433584552e-05, 9.71400368144e-05, 0.000140375996125, 0.000151096901391, 7.40933101042e-05, 0.000156414156663, 0.000192362131202, 9.88779211184e-05, 0.000237780666794, 0.000256434548646, 0.000200471375138, 0.000114220085379, 7.65111471992e-05, 5.74861478526e-05, 4.92857870995e-05, 4.28799939982e-05, 2.67848172371e-05, 1.89584316104e-05, 1.44041359817e-05, 1.26535487652e-05, 1.26783461383e-05, 8.94392906048e-06, 8.73848603078e-06, 7.01002863934e-06, 1.57995291374e-05, 2.06182558031e-05, 2.43732501986e-05, 1.89066813618e-05, 1.88885005628e-05, 2.12892373384e-05, 2.36619580392e-05, 1.79001526703e-05, 1.07754822238e-05, 9.88988722384e-06, 1.0202447811e-05, 5.23862854607e-06, 3.58098691322e-06, 5.9492103901e-06, 4.26480210081e-06, 1.80274355444e-06, 1.51224173806e-06, 1.22826406823e-06, 1.20527147374e-06, 1.35129380396e-06, 1.13033581783e-06, 1.10845383006e-06, 1.01945897768e-06, 9.80874574452e-07, 7.78384901423e-07, 6.99061047271e-07, 8.33520005017e-07, 7.28557665752e-07, 9.06161005787e-07, 7.36118124678e-07, 6.58255942199e-07, 6.5701397034e-07, 9.06760249109e-07, 9.02537294678e-07, 6.61292972381e-07, 4.61574245492e-07, 3.88641666405e-07, 2.71156835652e-07, 2.50608366059e-07, 2.80461676994e-07, 2.12235178765e-07, 1.93027105411e-07, 1.78159737629e-07, 1.23324610968e-07, 8.14271601257e-08, 5.22994803021e-08, 4.25765875889e-08, 3.09726146952e-08, 3.6586804697e-08, 3.39664758542e-08, 2.42301432252e-08, 1.90374773723e-08, 1.55260355683e-08, 1.40703377838e-08, 1.46686982561e-08, 1.62597011411e-08, 1.09983551155e-08, 8.98555185813e-09, 5.79632386533e-09, 2.84196799427e-09, 1.69295688579e-09, 1.77923964451e-09, 1.51640189294e-09, 6.94467885975e-11, 6.25486554912e-12, 6.15716418823e-12, 6.09046537162e-12, 6.06175656545e-12],
        "min": [6.46766602948e-13, 1.86918210944e-12, 8.07466420116e-12, 1.73829423078e-11, 3.95693443289e-11, 9.54750029036e-11, 7.06574659892e-11, 7.34605501429e-11, 2.28496693788e-10, 1.78449588439e-10, 6.04593458631e-11, 2.14268491838e-10, 1.81745918315e-09, 4.22068247019e-09, 3.01028801886e-09, 7.90102705484e-10, 1.91455873377e-09, 4.54227722102e-09, 4.0331671336e-09, 3.11999315272e-09, 3.04828233766e-08, 4.56331790133e-08, 1.5192949121e-08, 1.29322446085e-08, 1.99111536148e-08, 1.85236395112e-08, 8.29591861873e-09, 1.32531582153e-07, 4.21138395268e-08, 1.18316130227e-07, 6.88908414759e-08, 2.01079686235e-08, 1.26387469379e-08, 2.24497362922e-08, 8.48665049347e-09, 2.9567162052e-09, 1.20269296744e-08, 1.06373176934e-08, 5.55343993014e-09, 7.22128312702e-09, 2.96803892574e-09, 1.29615989053e-08, 2.18790336959e-08, 1.13542082403e-08, 4.6044004165e-09, 3.05669911604e-09, 3.11038239609e-09, 3.20686055488e-09, 3.71758490658e-09, 7.94409149574e-10, 4.57326487791e-09, 2.83574208559e-09, 3.21659010538e-09, 1.6524766e-09, 1.46061152062e-09, 2.80980860801e-09, 1.81007142608e-09, 2.62950794472e-09, 3.34292882265e-09, 5.41827804845e-10, 3.94618560051e-10, 5.19364384832e-10, 1.90530946576e-09, 2.44263076432e-09, 5.0769527471e-10, 9.17914244614e-10, 3.49504758468e-09, 3.10212366905e-09, 3.3490490936e-10, 9.88812254299e-10, 7.55632834082e-10, 1.38518019277e-09, 8.14083300771e-10, 1.06139663725e-09, 9.54556877986e-10, 1.63105129403e-09, 4.41950115393e-10, 5.52198564652e-10, 5.69536307005e-10, 1.53666757097e-09, 3.33664040841e-10, 1.92967433699e-10, 8.34405877725e-10, 3.74781400359e-10, 2.49437220878e-10, 8.0035000849e-10, 5.93397109228e-10, 4.15712519963e-10, 2.65411054245e-10, 3.07582542769e-10, 2.12086279094e-10, 1.39074182726e-10, 9.48613687601e-11, 8.89389326075e-11, 1.06009867551e-10, 9.82732992205e-11, 8.67163840734e-11, 5.48610809559e-11, 2.93786973915e-11, 6.05770988926e-11, 4.2248270854e-11, 3.23148556525e-11, 1.36925202079e-11, 3.07809645828e-11, 3.65970899419e-11, 2.59055658869e-11, 2.21096405073e-11, 1.3684135422e-11, 1.39113815953e-11, 8.43390895316e-12, 1.41990377789e-11, 6.48420336521e-12, 1.01325293642e-11, 1.0374319459e-11, 7.77423091181e-12, 4.93559837098e-12, 1.52621372571e-12, 7.81218622778e-14, 6.77546194605e-14, 6.07827116005e-14, 5.02281728579e-14, 6.16998178894e-14, 5.53754565531e-14, 6.06521465539e-14, 3.82814846446e-14, 1.35720978523e-14, 1.83928948156e-15, 8.76747723312e-17],
        "stdev": [5.31523028258e-06, 5.55537444598e-05, 0.000204519659746, 0.000471243867651, 0.00111508637201, 0.0010573224863, 0.00059087597765, 0.000373824208509, 0.000332784780767, 0.000344416534062, 0.000231193538639, 0.000176076078787, 0.000161684889463, 0.000253981415881, 0.000236198713537, 0.00022100667411, 0.000228665303439, 0.000436659029219, 0.000687072402798, 0.00111711805221, 0.000376045936719, 0.000589969509747, 0.000930548470933, 0.0011157845147, 0.00142642878927, 0.000905644206796, 0.000411268090829, 0.000398438976845, 0.00109931081533, 0.00265383208171, 0.00373871508054, 0.00163129321299, 0.00256731337868, 0.000887903675903, 0.000582332315389, 0.000587812624872, 0.000242905662162, 0.000284247187665, 0.000329400936607, 0.000329157424858, 0.000274754944257, 0.000440646515926, 0.000663987535518, 0.000360888021532, 0.000824247486889, 0.000824035261758, 0.000456973328255, 0.000368465145584, 0.000368343404261, 0.000222336748266, 0.000310769450152, 0.000264755333774, 7.40745381336e-05, 5.9366786445e-05, 8.83055836312e-05, 3.95317838411e-05, 5.25919895153e-05, 1.49967363541e-05, 2.17756751226e-05, 2.67736504611e-05, 4.52495623904e-05, 4.55937224615e-05, 4.17550691054e-05, 4.53949323855e-05, 4.82193900098e-05, 5.26801231899e-05, 4.60135634057e-05, 4.27037084592e-05, 3.17339290632e-05, 2.5206760256e-05, 2.1233334337e-05, 1.08802978502e-05, 7.70296901464e-06, 8.67507333169e-06, 9.06988316274e-06, 3.75045669898e-06, 2.07967354982e-06, 1.67449502442e-06, 2.31507260651e-06, 2.02598607757e-06, 1.97676104108e-06, 2.09662061934e-06, 1.55154612003e-06, 1.50825235323e-06, 1.1735063481e-06, 1.12001475827e-06, 1.28387387122e-06, 1.27499345126e-06, 2.30815430768e-06, 1.57698445946e-06, 1.31131082526e-06, 1.37436222758e-06, 1.73652369995e-06, 1.69464033206e-06, 1.26279121559e-06, 8.1844819988e-07, 7.16682848179e-07, 5.73025545236e-07, 5.63243247598e-07, 9.4211270607e-07, 5.98748499669e-07, 8.13423014279e-07, 8.57649411046e-07, 5.31175260221e-07, 3.09179512215e-07, 1.93294013684e-07, 1.68218193153e-07, 1.19392979059e-07, 1.4634575507e-07, 1.55843707716e-07, 1.10453022728e-07, 9.66230189192e-08, 9.34147124099e-08, 1.04179555649e-07, 1.36442693588e-07, 1.58343794965e-07, 1.09156509609e-07, 1.19602887594e-07, 6.46961382245e-08, 4.26955608646e-08, 3.37472485512e-08, 4.89555276317e-08, 4.33331059924e-08, 1.67368974235e-09, 1.47758472124e-10, 1.4703123441e-10, 1.46295919823e-10, 1.45892103953e-10]
    },
    "mfcc": {
        "mean": [-645.227905273, 112.42325592, -35.7012672424, 4.06996393204, -10.8201904297, 2.78051161766, 10.914431572, 2.53348112106, -9.34108543396, 7.58666563034, -9.98377323151, -10.2297277451, -4.11255693436],
        "cov": [[1417.39587402, -122.830711365, -110.54813385, -42.6068191528, 198.739013672, 84.5082778931, 182.256210327, -20.9685974121, -43.682434082, 109.221725464, -18.0249195099, 0.626072049141, 25.1731338501], [-122.830711365, 830.784790039, 263.685668945, 360.613067627, 189.133117676, 160.341262817, 213.006591797, 22.7916965485, -35.7815093994, 35.4887199402, -8.06606864929, 1.63428592682, 21.9405021667], [-110.54813385, 263.685668945, 676.243164062, 273.361602783, 26.261932373, 81.0182189941, -42.4254417419, 12.3766880035, 11.5224056244, -5.52830791473, 82.5228729248, 92.6362304688, 21.9898052216], [-42.6068191528, 360.613067627, 273.361602783, 428.352600098, 175.380813599, 83.0015411377, 111.88722229, 36.0248298645, 22.6966686249, -10.7305955887, -52.5357551575, -42.896282196, 39.9368972778], [198.739013672, 189.133117676, 26.261932373, 175.380813599, 288.025085449, 71.263458252, 80.7442855835, -22.303396225, -5.23291301727, 24.3533687592, -61.5995254517, -18.5625743866, 22.645778656], [84.5082778931, 160.341262817, 81.0182189941, 83.0015411377, 71.263458252, 249.330093384, 134.999359131, 10.3657684326, -28.4572544098, 15.9564590454, 9.01254463196, -20.1352958679, -16.0829296112], [182.256210327, 213.006591797, -42.4254417419, 111.88722229, 80.7442855835, 134.999359131, 391.354125977, 58.5840415955, -59.6896972656, 11.2220945358, -83.5488128662, -85.8563079834, 35.2247848511], [-20.9685974121, 22.7916965485, 12.3766880035, 36.0248298645, -22.303396225, 10.3657684326, 58.5840415955, 130.166061401, 54.9844894409, 14.18653965, -14.3752326965, -29.6726837158, -1.24946308136], [-43.682434082, -35.7815093994, 11.5224056244, 22.6966686249, -5.23291301727, -28.4572544098, -59.6896972656, 54.9844894409, 126.479774475, 13.6876926422, 6.4192199707, -16.6013393402, -11.742401123], [109.221725464, 35.4887199402, -5.52830791473, -10.7305955887, 24.3533687592, 15.9564590454, 11.2220945358, 14.18653965, 13.6876926422, 107.914344788, 41.4634819031, 31.8580417633, -13.3504600525], [-18.0249195099, -8.06606864929, 82.5228729248, -52.5357551575, -61.5995254517, 9.01254463196, -83.5488128662, -14.3752326965, 6.4192199707, 41.4634819031, 164.299331665, 96.0320587158, -17.1504993439], [0.626072049141, 1.63428592682, 92.6362304688, -42.896282196, -18.5625743866, -20.1352958679, -85.8563079834, -29.6726837158, -16.6013393402, 31.8580417633, 96.0320587158, 178.501571655, 28.3823070526], [25.1731338501, 21.9405021667, 21.9898052216, 39.9368972778, 22.645778656, -16.0829296112, 35.2247848511, -1.24946308136, -11.742401123, -13.3504600525, -17.1504993439, 28.3823070526, 98.9260482788]],
        "icov": [[0.00104338116944, 0.00050575559726, -0.000125403370475, 0.000274451798759, -0.000948908214923, -4.88636360387e-05, -0.000631146074738, 0.0001695020037, 0.000143202734762, -0.000918771664146, -0.000192389125004, 5.25600407855e-05, -0.000179871974979], [0.00050575559726, 0.00258167064749, -0.000211186270462, -0.00154739851132, -0.000776298460551, -0.000283540663077, -0.00113628595136, 0.000149636267452, 0.000603240507189, -0.000878101680428, -0.000480169954244, -0.000535476079676, 0.000531943514943], [-0.000125403370475, -0.000211186270462, 0.00290080555715, -0.00239382893778, 0.00105456728488, -0.000783942989074, 0.000796456122771, -0.000283307716018, 0.000221596987103, 0.00063826754922, -0.000743249023799, -0.00143681676127, 0.000140125208418], [0.000274451798759, -0.00154739851132, -0.00239382893778, 0.00704833539203, -0.00297661381774, 0.00030221772613, -0.000441977230366, -0.000753906322643, -0.00130971835461, 0.000738253584132, 0.000419927324401, 0.00213592220098, -0.00175743107684], [-0.000948908214923, -0.000776298460551, 0.00105456728488, -0.00297661381774, 0.00733633153141, -0.00131885462906, 0.00065620924579, 0.00238323141821, -0.000997155671939, -0.00149476213846, 0.00288731604815, -0.00127864221577, -0.000169153878232], [-4.88636360387e-05, -0.000283540663077, -0.000783942989074, 0.00030221772613, -0.00131885462906, 0.00620114104822, -0.00220391526818, 5.3166932048e-06, 0.000518510641996, 0.000403881596867, -0.00177685450763, 0.000623067142442, 0.00185169454198], [-0.000631146074738, -0.00113628595136, 0.000796456122771, -0.000441977230366, 0.00065620924579, -0.00220391526818, 0.00622667232528, -0.00313696381636, 0.0033572842367, -0.000837730069179, 0.00129220774397, 0.00193379633129, -0.00239661545493], [0.0001695020037, 0.000149636267452, -0.000283307716018, -0.000753906322643, 0.00238323141821, 5.3166932048e-06, -0.00313696381636, 0.0127939917147, -0.0065416591242, -0.00174645485822, 0.00113315647468, -0.00011454430205, 0.000242028370849], [0.000143202734762, 0.000603240507189, 0.000221596987103, -0.00130971835461, -0.000997155671939, 0.000518510641996, 0.0033572842367, -0.0065416591242, 0.0133736738935, -0.00173373881262, -0.00117009237874, 0.00225330726244, -0.000152119479026], [-0.000918771664146, -0.000878101680428, 0.00063826754922, 0.000738253584132, -0.00149476213846, 0.000403881596867, -0.000837730069179, -0.00174645485822, -0.00173373881262, 0.0135804628953, -0.00323851942085, -0.00216349842958, 0.00235891179182], [-0.000192389125004, -0.000480169954244, -0.000743249023799, 0.000419927324401, 0.00288731604815, -0.00177685450763, 0.00129220774397, 0.00113315647468, -0.00117009237874, -0.00323851942085, 0.012573691085, -0.00518772983924, 0.00184780941345], [5.25600407855e-05, -0.000535476079676, -0.00143681676127, 0.00213592220098, -0.00127864221577, 0.000623067142442, 0.00193379633129, -0.00011454430205, 0.00225330726244, -0.00216349842958, -0.00518772983924, 0.0119076473638, -0.00507377460599], [-0.000179871974979, 0.000531943514943, 0.000140125208418, -0.00175743107684, -0.000169153878232, 0.00185169454198, -0.00239661545493, 0.000242028370849, -0.000152119479026, 0.00235891179182, 0.00184780941345, -0.00507377460599, 0.0139872003347]]
    },
    "spectral_contrast_coeffs": {
        "max": [-0.477453500032, -0.470103979111, -0.376662731171, -0.493889153004, -0.566829919815, -0.667796969414],
        "mean": [-0.722369134426, -0.752761006355, -0.637237370014, -0.706959664822, -0.737388432026, -0.762068986893],
        "min": [-0.891158819199, -0.904424250126, -0.896106541157, -0.91506588459, -0.89449608326, -0.876355469227],
        "stdev": [0.0628452152014, 0.0674344673753, 0.119953729212, 0.0784364715219, 0.0605455525219, 0.0286658424884]
    },
    "spectral_contrast_valleys": {
        "max": [-5.65149021149, -5.49082803726, -5.56418514252, -6.02225923538, -6.21551990509, -8.56395816803],
        "mean": [-7.50288295746, -7.00661325455, -7.49264097214, -7.70058012009, -7.78720092773, -10.6115512848],
        "min": [-13.5300512314, -10.894733429, -10.5368690491, -11.0251569748, -11.3942203522, -13.2721652985],
        "stdev": [0.95117431879, 0.548715949059, 0.659298062325, 0.571640133858, 0.467060863972, 0.605438828468]
    }
},
"rhythm": {
    "beats_count": 114,
    "beats_loudness": {
        "max": 0.0652126893401,
        "mean": 0.0287166796625,
        "min": 0.00308387819678,
        "stdev": 0.0146742127836
    },
    "bpm": 125.527824402,
    "bpm_histogram_first_peak_bpm": 126,
    "bpm_histogram_first_peak_weight": 0.355555593967,
    "bpm_histogram_second_peak_bpm": 140,
    "bpm_histogram_second_peak_spread": 0.607142806053,
    "bpm_histogram_second_peak_weight": 0.097345136106,
    "danceability": 0.916767299175,
    "onset_rate": 1.58041858673,
    "beats_loudness_band_ratio": {
        "max": [0.615528285503, 0.464856386185, 0.893425524235, 0.934349775314, 0.606812357903, 0.224181354046],
        "mean": [0.103544890881, 0.0646506622434, 0.156256169081, 0.511119425297, 0.139403760433, 0.0434827543795],
        "min": [7.1584872785e-05, 0.000826146046165, 0.0039373091422, 0.0149875637144, 0.00532966805622, 0.00353447790258],
        "stdev": [0.12345623225, 0.0895480141044, 0.208491891623, 0.279715806246, 0.144829005003, 0.0352607145905]
    },
