{
"metadata": {
    "version": {
        "essentia": "2.1-beta5",
        "essentia_git_sha": "Undefined",
        "extractor": "music 2.0"
    },
    "audio_properties": {
        "analysis": {
            "equal_loudness": 0,
            "length": 48.7502937317,
            "sample_rate": 44100,
            "start_time": 12.7477550507,
            "downmix": "mix"
        },
        "bit_rate": 192000,
        "length": 186.734893799,
        "lossless": 0,
        "number_channels": 2,
        "replay_gain": 0.890474319458,
        "sample_rate": 48000,
        "codec": "mp3",
        "md5_encoded": "74f148d298f645da2c9a794f92189a8c"
    },
    "tags": {
        "file_name": "Germany_Run _ Hide_Gracia.mp3",
        "encoding": ["Lavf58.29.100"]
    }
},
"lowlevel": {
    "average_loudness": 0.95157790184,
    "barkbands_crest": {
        "max": 25.2105541229,
        "mean": 10.1473808289,
        "min": 2.61857318878,
        "stdev": 4.31003379822
    },
    "barkbands_flatness_db": {
        "max": 0.307451248169,
        "mean": 0.152969747782,
        "min": 0.0532285757363,
        "stdev": 0.0403844453394
    },
    "barkbands_kurtosis": {
        "max": 54.5205764771,
        "mean": 3.38810753822,
        "min": -1.85476911068,
        "stdev": 5.6553478241
    },
    "barkbands_skewness": {
        "max": 6.61951303482,
        "mean": 1.5107537508,
        "min": -1.11768865585,
        "stdev": 1.01168441772
    },
    "barkbands_spread": {
        "max": 99.4295425415,
        "mean": 24.2521095276,
        "min": 2.24593758583,
        "stdev": 13.436999321
    },
    "dissonance": {
        "max": 0.499988764524,
        "mean": 0.469409584999,
        "min": 0.264693260193,
        "stdev": 0.025765767321
    },
    "dynamic_complexity": 2.59052944183,
    "erbbands_crest": {
        "max": 28.0974845886,
        "mean": 8.1163110733,
        "min": 2.47258853912,
        "stdev": 4.48607826233
    },
    "erbbands_flatness_db": {
        "max": 0.28420701623,
        "mean": 0.162313997746,
        "min": 0.0911386013031,
        "stdev": 0.0359381921589
    },
    "erbbands_kurtosis": {
        "max": 16.4757709503,
        "mean": 0.189639613032,
        "min": -1.65437376499,
        "stdev": 1.64588987827
    },
    "erbbands_skewness": {
        "max": 3.52366089821,
        "mean": 0.347119778395,
        "min": -1.83033668995,
        "stdev": 0.693069458008
    },
    "erbbands_spread": {
        "max": 135.538757324,
        "mean": 40.2860145569,
        "min": 7.98769617081,
        "stdev": 16.8677062988
    },
    "hfc": {
        "max": 155.792907715,
        "mean": 21.7793006897,
        "min": 1.1916308403,
        "stdev": 17.1110858917
    },
    "loudness_ebu128": {
        "integrated": -23.9137363434,
        "loudness_range": 3.53666687012,
        "momentary": {
            "max": -19.8610305786,
            "mean": -24.4843158722,
            "min": -31.6466579437,
            "stdev": 2.43652749062
        },
        "short_term": {
            "max": -21.9186649323,
            "mean": -24.0653743744,
            "min": -29.2224197388,
            "stdev": 1.51844274998
        }
    },
    "melbands_crest": {
        "max": 34.0736618042,
        "mean": 13.9829854965,
        "min": 3.36049175262,
        "stdev": 4.96013021469
    },
    "melbands_flatness_db": {
        "max": 0.384228438139,
        "mean": 0.181458756328,
        "min": 0.0540731213987,
        "stdev": 0.0565008148551
    },
    "melbands_kurtosis": {
        "max": 162.558074951,
        "mean": 11.8641424179,
        "min": -1.04052698612,
        "stdev": 13.4933443069
    },
    "melbands_skewness": {
        "max": 9.66644668579,
        "mean": 2.61660528183,
        "min": -0.627891123295,
        "stdev": 1.38621807098
    },
    "melbands_spread": {
        "max": 130.364028931,
        "mean": 23.9613037109,
        "min": 1.55688846111,
        "stdev": 14.521317482
    },
    "pitch_salience": {
        "max": 0.855485975742,
        "mean": 0.556834697723,
        "min": 0.149357736111,
        "stdev": 0.110404260457
    },
    "silence_rate_20dB": {
        "max": 1,
        "mean": 1,
        "min": 1,
        "stdev": 0
    },
    "silence_rate_30dB": {
        "max": 1,
        "mean": 1,
        "min": 1,
        "stdev": 0
    },
    "silence_rate_60dB": {
        "max": 1,
        "mean": 0.0199904814363,
        "min": 0,
        "stdev": 0.139970526099
    },
    "spectral_centroid": {
        "max": 3427.34765625,
        "mean": 1396.30493164,
        "min": 281.99041748,
        "stdev": 585.452209473
    },
    "spectral_complexity": {
        "max": 56,
        "mean": 23.2137069702,
        "min": 2,
        "stdev": 11.9592962265
    },
    "spectral_decrease": {
        "max": -2.25709576029e-10,
        "mean": -7.02630620353e-09,
        "min": -2.96161868363e-08,
        "stdev": 4.44207826078e-09
    },
    "spectral_energy": {
        "max": 0.115506358445,
        "mean": 0.0284943748266,
        "min": 0.000963016587775,
        "stdev": 0.0178054627031
    },
    "spectral_energyband_high": {
        "max": 0.00889266189188,
        "mean": 0.000937511038501,
        "min": 1.30930693558e-05,
        "stdev": 0.00111462350469
    },
    "spectral_energyband_low": {
        "max": 0.0918465703726,
        "mean": 0.00940762180835,
        "min": 1.493358468e-05,
        "stdev": 0.0109547702596
    },
    "spectral_energyband_middle_high": {
        "max": 0.0937137231231,
        "mean": 0.00581580027938,
        "min": 0.000142578428495,
        "stdev": 0.00729434983805
    },
    "spectral_energyband_middle_low": {
        "max": 0.074510268867,
        "mean": 0.0131385372952,
        "min": 0.000223939510761,
        "stdev": 0.0120798656717
    },
    "spectral_entropy": {
        "max": 8.5888710022,
        "mean": 7.69274425507,
        "min": 6.42004776001,
        "stdev": 0.371847182512
    },
    "spectral_flux": {
        "max": 0.335550844669,
        "mean": 0.0864478796721,
        "min": 0.0171867329627,
        "stdev": 0.0405195094645
    },
    "spectral_kurtosis": {
        "max": 14.5672225952,
        "mean": 3.18394327164,
        "min": -1.26131010056,
        "stdev": 2.00275969505
    },
    "spectral_rms": {
        "max": 0.01061551366,
        "mean": 0.00499965902418,
        "min": 0.000969292712398,
        "stdev": 0.00167415139731
    },
    "spectral_rolloff": {
        "max": 10874.2675781,
        "mean": 1416.92651367,
        "min": 64.599609375,
        "stdev": 1264.21142578
    },
    "spectral_skewness": {
        "max": 2.90630960464,
        "mean": 1.35072696209,
        "min": 0.235934317112,
        "stdev": 0.360079228878
    },
    "spectral_spread": {
        "max": 14047138,
        "mean": 4441066.5,
        "min": 2342867.75,
        "stdev": 1297291.125
    },
    "spectral_strongpeak": {
        "max": 10.492020607,
        "mean": 0.904849052429,
        "min": 0,
        "stdev": 1.25869488716
    },
    "zerocrossingrate": {
        "max": 0.2978515625,
        "mean": 0.0588721707463,
        "min": 0.0107421875,
        "stdev": 0.0298655945808
    },
    "barkbands": {
        "max": [0.0119786523283, 0.0832405090332, 0.0274659264833, 0.0190125107765, 0.0494555383921, 0.0529856383801, 0.031147994101, 0.0357248410583, 0.0599659271538, 0.0538420118392, 0.0841953530908, 0.0408469028771, 0.00810656137764, 0.0173313654959, 0.0280559957027, 0.011698984541, 0.00801912043244, 0.00507003581151, 0.00626281276345, 0.00499577447772, 0.00203587510623, 0.00363053753972, 0.00290693109855, 0.00327027775347, 0.00451342621818, 7.77539844421e-06, 8.79015829014e-07],
        "mean": [0.000369527842849, 0.00576153350994, 0.00261407950893, 0.0012679330539, 0.00483668362722, 0.00228857249022, 0.00096580380341, 0.00117454666179, 0.00227075652219, 0.000917684403248, 0.0010483491933, 0.000586967682466, 0.000483135052491, 0.000553369114641, 0.000537640240509, 0.000497454719152, 0.000412573048379, 0.000395901821321, 0.000441766198492, 0.000297216000035, 0.000188256730326, 0.000167586171301, 0.000170718587469, 0.000152051288751, 9.42128899624e-05, 5.4542326211e-08, 1.67194724732e-09],
        "min": [8.69316085783e-09, 7.41544113225e-07, 2.12996769733e-06, 1.91655590243e-06, 9.81325320026e-06, 3.26867916556e-06, 7.29392559151e-06, 5.77188029638e-06, 1.63582499226e-05, 3.85482690035e-06, 5.90648778598e-06, 4.23796564064e-06, 5.01041768075e-06, 6.39120844426e-06, 4.31480839325e-06, 4.35937863585e-06, 4.37477274318e-06, 4.79910568174e-06, 3.45811304214e-06, 3.04438890453e-06, 2.66601750809e-06, 5.87688816722e-07, 4.74384137306e-07, 3.08205727606e-07, 5.53976455819e-08, 1.51093318412e-10, 1.82828210904e-10],
        "stdev": [0.000724817684386, 0.00901127886027, 0.0032701769378, 0.00190180446953, 0.00654542725533, 0.00470377504826, 0.00189878465608, 0.00316013069823, 0.00527000613511, 0.00248542428017, 0.00360880885273, 0.00238681584597, 0.000716900627594, 0.0011017160723, 0.00124713976402, 0.000940874684602, 0.000591928313952, 0.00046512944391, 0.000571380543988, 0.000380421406589, 0.00022219143284, 0.000246047740802, 0.000236334628426, 0.000258722662693, 0.000260575267021, 3.20560076261e-07, 1.96325640189e-08]
    },
    "erbbands": {
        "max": [1.78459382057, 20.8032627106, 33.5487976074, 44.2928695679, 65.0862045288, 247.234344482, 608.59954834, 508.771972656, 347.816070557, 939.6875, 1076.31884766, 1302.51477051, 2365.26318359, 1310.39489746, 2891.82397461, 942.892456055, 378.116455078, 997.02935791, 1708.04992676, 730.962341309, 599.041015625, 438.961914062, 305.91619873, 278.800292969, 244.295944214, 220.136291504, 148.754379272, 92.0397262573, 65.1105957031, 166.182342529, 93.2079162598, 92.1318054199, 47.216255188, 74.2965240479, 20.0408306122, 1.23078119755, 0.0328660383821, 0.00230892281979, 0.000336946832249, 0.000145066718687],
        "mean": [0.154145210981, 1.33160626888, 2.94069337845, 4.10896015167, 6.5417881012, 19.3884944916, 23.6547336578, 17.0463180542, 12.5741901398, 19.1105880737, 32.4164962769, 50.0662155151, 39.0832939148, 31.2043113708, 40.7515869141, 20.1784934998, 23.2035865784, 24.317647934, 30.2393627167, 28.7319374084, 26.6650733948, 24.0772438049, 22.6769981384, 22.9707946777, 18.5815467834, 14.248049736, 9.76445674896, 6.79540348053, 5.55497360229, 5.51726675034, 4.96493005753, 3.76538729668, 2.12382149696, 1.37051320076, 0.506968080997, 0.028869856149, 0.000824972172268, 6.71670059091e-05, 2.52381450991e-05, 3.61594647984e-05],
        "min": [5.76123347855e-05, 0.00109704199713, 0.00407037558034, 0.0212002508342, 0.0169905051589, 0.0276607461274, 0.0573541820049, 0.0521738901734, 0.175943061709, 0.155691459775, 0.417540431023, 0.539011836052, 0.349467337132, 0.378393381834, 0.487703531981, 0.21513839066, 0.264486163855, 0.475650459528, 0.360535621643, 0.414784520864, 0.255393981934, 0.267198592424, 0.227987334132, 0.195828989148, 0.189430058002, 0.163991585374, 0.120751135051, 0.0451629348099, 0.0222164317966, 0.0271133277565, 0.0114989215508, 0.0073291035369, 0.00287810130976, 0.000972324342001, 0.000260335946223, 2.3400378268e-05, 3.97066969526e-06, 7.04482715719e-07, 1.32318928081e-06, 2.12080885831e-06],
        "stdev": [0.208547607064, 2.25698900223, 3.84146881104, 4.80649518967, 7.5644865036, 29.4854660034, 48.9022598267, 32.1590538025, 17.4257640839, 52.6376228333, 86.0933456421, 111.60773468, 108.100189209, 77.1017913818, 142.798370361, 52.8886756897, 32.9690628052, 50.1041870117, 67.7552642822, 58.1688537598, 39.7985153198, 31.6676254272, 26.2324943542, 27.9565563202, 23.1293430328, 18.8303585052, 11.9350204468, 8.59347343445, 7.46851587296, 9.04727554321, 7.07267856598, 6.18594455719, 3.95521402359, 4.08619976044, 1.22270309925, 0.074181035161, 0.00200988142751, 0.000145515426993, 2.44732400461e-05, 2.22353974095e-05]
    },
    "gfcc": {
        "mean": [4.93689870834, 113.141838074, -138.128768921, 54.0106773376, -71.1229934692, 24.5614337921, -41.974937439, 10.4755401611, -18.4352722168, -10.1139726639, -2.76060628891, -14.6295862198, 5.15329360962],
        "cov": [[2836.16772461, -943.648864746, -58.2061653137, 249.085250854, -151.074371338, 230.781555176, -199.752822876, 217.331420898, -153.932327271, 63.0821342468, -133.920654297, 98.8796691895, -91.7256011963], [-943.648864746, 869.350524902, -9.43630313873, -124.886871338, 167.046386719, -200.153793335, 191.241287231, -89.6873626709, 153.000900269, -67.5002746582, 123.374588013, -96.1312561035, 77.2439193726], [-58.2061653137, -9.43630313873, 412.733520508, 40.9211502075, -52.7128334045, -13.3447904587, -140.054458618, -14.7046079636, -53.5249557495, 14.798418045, -20.0428657532, 22.9491481781, -29.661365509], [249.085250854, -124.886871338, 40.9211502075, 219.91506958, 81.1606292725, 70.0333633423, 20.3046607971, 38.1789474487, 20.596408844, 30.5613136292, -9.52792167664, 34.9992218018, -8.07085895538], [-151.074371338, 167.046386719, -52.7128334045, 81.1606292725, 258.664825439, 74.6686553955, 132.214508057, 66.3125076294, 76.0204086304, 18.7631053925, 62.0081672668, -6.01970148087, 45.064289093], [230.781555176, -200.153793335, -13.3447904587, 70.0333633423, 74.6686553955, 218.885772705, 84.306930542, 70.692817688, 8.90161037445, 42.0089683533, 4.08330154419, 34.6686553955, -7.28861474991], [-199.752822876, 191.241287231, -140.054458618, 20.3046607971, 132.214508057, 84.306930542, 250.429885864, 43.4174423218, 103.627067566, 9.32053184509, 57.0282974243, -10.2643814087, 32.1169624329], [217.331420898, -89.6873626709, -14.7046079636, 38.1789474487, 66.3125076294, 70.692817688, 43.4174423218, 143.87663269, 51.1655731201, 22.8263263702, 3.72685337067, 15.1751489639, -3.97861146927], [-153.932327271, 153.000900269, -53.5249557495, 20.596408844, 76.0204086304, 8.90161037445, 103.627067566, 51.1655731201, 141.47567749, 12.8961744308, 40.1122436523, -3.91137838364, 17.507610321], [63.0821342468, -67.5002746582, 14.798418045, 30.5613136292, 18.7631053925, 42.0089683533, 9.32053184509, 22.8263263702, 12.8961744308, 75.4234924316, 22.8683872223, 23.1568431854, -5.17134904861], [-133.920654297, 123.374588013, -20.0428657532, -9.52792167664, 62.0081672668, 4.08330154419, 57.0282974243, 3.72685337067, 40.1122436523, 22.8683872223, 108.647987366, 13.0898761749, 24.507068634], [98.8796691895, -96.1312561035, 22.9491481781, 34.9992218018, -6.01970148087, 34.6686553955, -10.2643814087, 15.1751489639, -3.91137838364, 23.1568431854, 13.0898761749, 69.6609039307, 8.76540565491], [-91.7256011963, 77.2439193726, -29.661365509, -8.07085895538, 45.064289093, -7.28861474991, 32.1169624329, -3.97861146927, 17.507610321, -5.17134904861, 24.507068634, 8.76540565491, 62.7917556763]],
        "icov": [[0.000726408557966, -0.000254408369074, 0.000670404580887, -0.00109610857908, 0.00100432138424, -0.000812497455627, 0.000887981615961, -0.00154311698861, 0.000931446615141, -0.000116140377941, -4.96208667755e-05, 1.4753940377e-05, -6.91281456966e-05], [-0.000254408369074, 0.0105598205701, -0.00512255635113, 0.00542044267058, -0.00740227708593, 0.0102584883571, -0.00881393160671, 0.00728990975767, -0.00649242615327, 0.00428800983354, -0.00341254728846, 0.00420572189614, -0.000703511992469], [0.000670404580887, -0.00512255635113, 0.00608574738726, -0.00393633358181, 0.00407085334882, -0.00570578919724, 0.00681911036372, -0.00435289926827, 0.00361177814193, -0.002281983383, 0.00107572355773, -0.0022705362644, 0.00100429356098], [-0.00109610857908, 0.00542044267058, -0.00393633358181, 0.0110583994538, -0.0081825889647, 0.00544862495735, -0.00518375635147, 0.0063249845989, -0.00535751879215, 0.00109796668403, 0.00118239386939, -0.00195413106121, 0.00224535865709], [0.00100432138424, -0.00740227708593, 0.00407085334882, -0.0081825889647, 0.0148688973859, -0.00916711706668, 0.00516298273578, -0.00916473567486, 0.005238880869, -0.00280533079058, -0.00130797445308, 0.00182896771003, -0.00494888750836], [-0.000812497455627, 0.0102584883571, -0.00570578919724, 0.00544862495735, -0.00916711706668, 0.0189683884382, -0.0130640631542, 0.00549258571118, -0.00351705565117, 0.00144490029197, -0.00146617996506, 0.000493119179737, 0.00161249539815], [0.000887981615961, -0.00881393160671, 0.00681911036372, -0.00518375635147, 0.00516298273578, -0.0130640631542, 0.017928108573, -0.00600730394945, 0.000971839646809, -0.00224799453281, 0.00066602480365, -0.00141574349254, -0.000596171768848], [-0.00154311698861, 0.00728990975767, -0.00435289926827, 0.0063249845989, -0.00916473567486, 0.00549258571118, -0.00600730394945, 0.0182961896062, -0.0101714711636, 0.00226887431927, -0.000112750705739, 0.000558086729143, 0.00197061919607], [0.000931446615141, -0.00649242615327, 0.00361177814193, -0.00535751879215, 0.005238880869, -0.00351705565117, 0.000971839646809, -0.0101714711636, 0.0178958065808, -0.00405596289784, 0.000190229184227, -0.00189037946984, -7.88793768152e-05], [-0.000116140377941, 0.00428800983354, -0.002281983383, 0.00109796668403, -0.00280533079058, 0.00144490029197, -0.00224799453281, 0.00226887431927, -0.00405596289784, 0.0197106916457, -0.00567031418905, -0.00150482810568, 0.0022705309093], [-4.96208667755e-05, -0.00341254728846, 0.00107572355773, 0.00118239386939, -0.00130797445308, -0.00146617996506, 0.00066602480365, -0.000112750705739, 0.000190229184227, -0.00567031418905, 0.015747345984, -0.00583010166883, -0.000645898282528], [1.4753940377e-05, 0.00420572189614, -0.0022705362644, -0.00195413106121, 0.00182896771003, 0.000493119179737, -0.00141574349254, 0.000558086729143, -0.00189037946984, -0.00150482810568, -0.00583010166883, 0.0239000599831, -0.00762950489298], [-6.91281456966e-05, -0.000703511992469, 0.00100429356098, 0.00224535865709, -0.00494888750836, 0.00161249539815, -0.000596171768848, 0.00197061919607, -7.88793768152e-05, 0.0022705309093, -0.000645898282528, -0.00762950489298, 0.0231479089707]]
    },
    "melbands": {
        "max": [0.020277986303, 0.0191634036601, 0.00727411266416, 0.0111021660268, 0.0173265337944, 0.0100795505568, 0.00519605213776, 0.00886589009315, 0.010076710023, 0.00889278016984, 0.0115376813337, 0.00513492478058, 0.011587860994, 0.00563172344118, 0.00126978871413, 0.00107527279761, 0.00183392257895, 0.0025714575313, 0.00129114638548, 0.00118906307034, 0.000862654764205, 0.000603817577939, 0.000256333616562, 0.000219584297156, 0.000254304031841, 0.000282320688711, 0.000112707035441, 0.00017742185446, 0.000125585953356, 4.34529865743e-05, 6.4219282649e-05, 4.82040268253e-05, 8.31385987112e-05, 7.77814493631e-05, 7.18767914805e-05, 6.90585293341e-05, 4.94174164487e-05, 3.14050521411e-05, 4.76711538795e-05, 7.20422031009e-05],
        "mean": [0.00154296972323, 0.00161881023087, 0.000747439917177, 0.000928337569349, 0.000892755808309, 0.00038853121805, 0.000190353632206, 0.000214763174881, 0.000292037118925, 0.000314754113788, 0.000190415172256, 0.000121656936244, 0.000151741915033, 7.55705550546e-05, 4.76862769574e-05, 4.50102270406e-05, 4.53207539977e-05, 5.07065706188e-05, 3.77537944587e-05, 3.51950766344e-05, 3.00681567751e-05, 2.41736943281e-05, 2.38573029492e-05, 1.7615077013e-05, 1.88326339412e-05, 1.67736743606e-05, 9.97244569589e-06, 9.35558000492e-06, 6.78579135638e-06, 4.20614287577e-06, 3.90422110286e-06, 3.13368514071e-06, 3.13942769026e-06, 3.0077833344e-06, 2.9636578347e-06, 2.71667818197e-06, 2.02762976187e-06, 1.52496716055e-06, 1.26251870824e-06, 1.12910379357e-06],
        "min": [4.86718931825e-07, 2.6518150662e-06, 4.65033872388e-06, 2.00710678655e-06, 1.81055986559e-06, 9.03777731764e-07, 2.2150982204e-06, 2.2190290565e-06, 2.53862026511e-06, 2.60445358435e-06, 1.04130629097e-06, 1.02970932403e-06, 1.77445656391e-06, 2.87735275606e-07, 5.40376561275e-07, 6.35421486095e-07, 7.93640879238e-07, 5.21197932812e-07, 4.29452427397e-07, 3.10991765673e-07, 2.06577993822e-07, 2.26865083164e-07, 1.10951340559e-07, 2.10635121789e-07, 1.45783147332e-07, 1.23804738905e-07, 1.14024061304e-07, 9.76267955366e-08, 6.92732484708e-08, 3.42599193459e-08, 7.11706071854e-09, 4.2408530021e-09, 1.05922346449e-08, 1.36902098546e-08, 6.78067690885e-09, 2.51679677099e-09, 5.10020869982e-09, 2.12879247563e-09, 3.57885887592e-10, 4.69930094837e-10],
        "stdev": [0.00222686096095, 0.00218079425395, 0.000809980847407, 0.00119312142488, 0.00159107043874, 0.000733426597435, 0.00027489088825, 0.000563360750675, 0.000785249227192, 0.00073590973625, 0.000540770997759, 0.000310488219839, 0.000518470653333, 0.000324822904076, 7.75916996645e-05, 6.45414984319e-05, 0.000100587967609, 0.000115997230751, 8.52806406328e-05, 7.79819310992e-05, 4.90699931106e-05, 3.62545433745e-05, 2.99782877846e-05, 2.03306917683e-05, 2.43577651418e-05, 2.36820087594e-05, 1.15835346151e-05, 1.39052108352e-05, 9.45911779127e-06, 5.13700479132e-06, 5.33356433152e-06, 4.34450612374e-06, 5.01896147398e-06, 4.78908623336e-06, 4.44027637059e-06, 4.34372805103e-06, 3.44693717125e-06, 2.74915578302e-06, 3.0999806313e-06, 3.69145777768e-06]
    },
    "melbands128": {
        "max": [0.00746111152694, 0.0117202214897, 0.0341480709612, 0.0404168777168, 0.0214532986283, 0.0122096221894, 0.00996706169099, 0.0100424764678, 0.00589749449864, 0.0172056034207, 0.0192680303007, 0.0223639048636, 0.030858963728, 0.0241775736213, 0.0200099628419, 0.00403257738799, 0.00552133470774, 0.0096887005493, 0.00696013867855, 0.0183241777122, 0.0100962072611, 0.0132248066366, 0.0193821992725, 0.0186298079789, 0.0130466269329, 0.0197250451893, 0.0202415324748, 0.020362155512, 0.0102549735457, 0.00605657044798, 0.0107189835981, 0.0196880213916, 0.0185701362789, 0.0179141946137, 0.0124180437997, 0.00556781189516, 0.00178143708035, 0.00277738273144, 0.00226506241597, 0.00154242303688, 0.00174229918048, 0.00228701438755, 0.00398271437734, 0.00293505634181, 0.00321087474003, 0.00377036491409, 0.00525466958061, 0.00232460186817, 0.00268160947599, 0.00188890262507, 0.00217520259321, 0.00155489414465, 0.00166155328043, 0.00164451182354, 0.00137670396362, 0.00138350040652, 0.000450480816653, 0.000441700482043, 0.000422735669417, 0.00043713368359, 0.000329710979713, 0.000456125213532, 0.000532264763024, 0.000508529541548, 0.00101100571919, 0.000475892389659, 0.000350169517333, 0.000238399748923, 0.00011796419858, 0.000271771888947, 0.000409278000006, 0.000373670016415, 0.000349239940988, 0.00017651412054, 0.000120721029816, 6.51483860565e-05, 4.96676948387e-05, 8.15204693936e-05, 4.90257443744e-05, 8.26761752251e-05, 7.25957943359e-05, 4.75043016195e-05, 4.33993154729e-05, 6.78057331243e-05, 0.000261488341494, 7.94664520072e-05, 3.38129284501e-05, 0.000102843077912, 9.64988284977e-05, 4.63144897367e-05, 4.37258895545e-05, 0.000117985407996, 9.51444599195e-05, 6.70835070196e-05, 4.14320165874e-05, 5.64177425986e-05, 3.08659036818e-05, 3.90573841287e-05, 4.72243918921e-05, 6.76604468026e-05, 7.84029543865e-05, 0.000103986480099, 3.86544088542e-05, 2.33127248066e-05, 2.67102641374e-05, 2.84123671008e-05, 6.03868147664e-06, 6.81159235683e-07, 5.44232481303e-09, 5.30102139962e-09, 5.13461184681e-09, 4.94022911468e-09, 4.78462380826e-09, 4.61748328462e-09, 4.53428450342e-09, 4.34742153388e-09, 4.20198409401e-09, 4.10867118106e-09, 4.00606259277e-09, 3.8922500778e-09, 3.78137210433e-09, 3.7231693284e-09, 3.62948870958e-09, 3.56296969706e-09, 3.55213258807e-09, 3.51690254696e-09, 3.47793327471e-09, 3.45813533364e-09],
        "mean": [0.000299237377476, 0.00106692849658, 0.00222083297558, 0.00218380661681, 0.00160107167903, 0.00126589974388, 0.000857686332893, 0.000576849386562, 0.000530684366822, 0.000978203024715, 0.00115044333506, 0.00111990538426, 0.000805728079285, 0.000652282149531, 0.000405889993999, 0.000243194008362, 0.000198255656869, 0.000178901726031, 0.000164111246704, 0.000241104527959, 0.000205686170375, 0.000246830983087, 0.000274947204161, 0.000376281532226, 0.000356417731382, 0.000271403929219, 0.000282463006442, 0.000164874392794, 0.000141900760354, 0.000105378800072, 9.33453266043e-05, 0.000189059166587, 0.000179809459951, 0.000102372156107, 0.000115104136057, 5.76586462557e-05, 2.98211034533e-05, 3.77997748728e-05, 7.32310363674e-05, 5.13859340572e-05, 3.05634675897e-05, 4.60691990156e-05, 4.72385036119e-05, 3.67173161067e-05, 6.26458277111e-05, 5.29057288077e-05, 4.2375693738e-05, 2.94535402645e-05, 4.04554375564e-05, 4.55127010355e-05, 3.12012780341e-05, 2.69886913884e-05, 3.88855332858e-05, 2.74139129033e-05, 2.01376806217e-05, 2.67807681666e-05, 2.18632612814e-05, 2.80760032183e-05, 2.28106237046e-05, 2.09219251701e-05, 1.52791981236e-05, 1.75835357368e-05, 1.66369991348e-05, 1.84403361345e-05, 2.42855294346e-05, 1.72819018189e-05, 1.24432635857e-05, 1.06673569462e-05, 8.74621764524e-06, 9.73645546765e-06, 1.05234757939e-05, 7.92700575403e-06, 8.89583861863e-06, 6.20963191977e-06, 5.22658365298e-06, 4.19375646743e-06, 3.72770136892e-06, 3.88763874071e-06, 3.80250457965e-06, 4.40110579802e-06, 2.97044471154e-06, 2.73754812952e-06, 2.95524432659e-06, 3.11181747747e-06, 3.60690455636e-06, 2.71327712653e-06, 2.87750458483e-06, 3.24029133481e-06, 3.26210715684e-06, 2.53237772085e-06, 2.37294375438e-06, 2.91555147669e-06, 3.08036237584e-06, 1.85873977898e-06, 1.47256889704e-06, 1.73420175997e-06, 1.49690902163e-06, 1.32933098485e-06, 1.26379109133e-06, 1.23241136407e-06, 1.25309554733e-06, 1.20594916098e-06, 8.35579442082e-07, 6.93364427207e-07, 6.58662770547e-07, 5.04963452386e-07, 9.95294939798e-08, 3.17734993871e-09, 1.37043171949e-11, 1.05679241399e-11, 1.0055400089e-11, 9.72939090405e-12, 9.34455204188e-12, 9.1480815978e-12, 8.75051853894e-12, 8.39407016118e-12, 8.09808296809e-12, 7.89254946121e-12, 7.71944400763e-12, 7.51351845324e-12, 7.29655485338e-12, 7.17730085434e-12, 7.06556081004e-12, 6.90060118422e-12, 6.55338413744e-12, 5.98621933273e-12, 5.66047729522e-12, 5.58992869354e-12],
        "min": [5.28167598546e-09, 5.28187875659e-08, 1.36273740736e-07, 3.50658496018e-07, 7.00480200067e-07, 9.86065515463e-07, 2.53108214565e-06, 6.8109767426e-07, 4.60946267822e-07, 7.64336505199e-07, 1.11855899831e-06, 4.15862302816e-07, 3.95757581373e-07, 6.2527612954e-07, 1.24206778196e-07, 1.635093696e-07, 6.35817343664e-07, 5.18784304404e-07, 4.413041097e-07, 5.96940765263e-07, 4.05234800382e-07, 6.08017330705e-07, 6.91871662184e-07, 5.390172646e-07, 4.73421579272e-07, 3.82877857419e-07, 1.72322671688e-07, 1.14306921262e-07, 1.64424903915e-07, 4.62492408815e-07, 1.87235343674e-07, 3.17803198868e-07, 3.73773701767e-07, 3.21572485973e-07, 1.87282537922e-07, 1.64761374322e-07, 4.9208352948e-08, 3.16740376149e-08, 2.62167219489e-07, 1.83420155508e-07, 2.06626523891e-07, 7.85126843539e-08, 2.8184643952e-07, 2.93005541607e-07, 1.81905733143e-07, 2.20053308908e-07, 1.23059976431e-07, 9.45672056218e-08, 2.10265454825e-07, 2.57048441199e-07, 8.25926065318e-08, 1.17767640972e-07, 1.55825489401e-07, 1.18724983622e-07, 9.59091721597e-08, 1.22173730688e-07, 1.00853000617e-07, 1.08421829736e-07, 6.45738040816e-08, 4.01086026613e-08, 7.75522366325e-08, 5.37293196601e-08, 7.59760325764e-08, 5.43073923609e-08, 9.67446069922e-08, 5.7348366056e-08, 6.78441338664e-08, 7.3266484435e-08, 4.40906795518e-08, 3.58979193038e-08, 5.41154960843e-08, 4.79392490149e-08, 4.28643467387e-08, 2.74080278473e-08, 2.37494113264e-08, 2.27905321282e-08, 1.18009131356e-08, 6.72289379722e-09, 4.77739181548e-09, 3.12477332898e-09, 2.44333420163e-09, 3.33923177998e-09, 3.16258619293e-09, 6.92064450192e-09, 7.24843074451e-09, 8.06512190366e-09, 1.02294812621e-08, 5.68009550506e-09, 2.7325222085e-09, 2.53405341155e-09, 9.95149074257e-10, 1.92339810745e-09, 1.59821234025e-09, 1.58123014682e-09, 3.0014621899e-09, 2.37396347025e-09, 1.61718394232e-09, 2.49974874134e-10, 3.40667979937e-11, 2.26288335292e-10, 9.24079493481e-11, 2.19587278916e-10, 3.08239267444e-10, 3.11783099338e-10, 1.62643648549e-10, 4.83325289513e-11, 1.03579167812e-11, 1.02330882483e-12, 5.16497380889e-13, 5.04228982786e-13, 5.48084852243e-13, 5.37894652864e-13, 5.09429521137e-13, 5.28523893487e-13, 4.26886797395e-13, 4.58643106133e-13, 5.80655315496e-13, 4.28473635695e-13, 5.21401227315e-13, 5.29324739422e-13, 5.41907339315e-13, 5.26672780908e-13, 5.0863279517e-13, 5.76357592295e-13, 3.807558381e-13, 1.61052771054e-13, 2.33368639219e-14, 6.9407324948e-16],
        "stdev": [0.00054830807494, 0.0014329632977, 0.00363582489081, 0.0040756482631, 0.00245522288606, 0.00155763246585, 0.0010781895835, 0.000957522133831, 0.000724094104953, 0.00142157904338, 0.00205771788023, 0.0023130972404, 0.00216520112008, 0.00176412879955, 0.00102459057234, 0.000443086813902, 0.000356881209882, 0.000351479335222, 0.000450664927484, 0.000931308255531, 0.000655541312881, 0.000853362784255, 0.00110463704914, 0.00133044121321, 0.000927098328248, 0.00115714920685, 0.00109276734293, 0.000691477325745, 0.000443670112872, 0.000353259703843, 0.00037907488877, 0.000804163399152, 0.000732231826987, 0.00066954898648, 0.000691890891176, 0.000252193451161, 7.64030701248e-05, 9.84920625342e-05, 0.000151683911099, 9.67417436186e-05, 7.26217331248e-05, 0.000109322245407, 0.000173244538018, 0.000137576804264, 0.000139393901918, 0.000166873534909, 0.000170224811882, 9.66130392044e-05, 0.000149213563418, 0.000119973927212, 0.000124558937387, 7.21381074982e-05, 7.11067405064e-05, 6.61479934934e-05, 5.40085602552e-05, 5.33385245944e-05, 3.48066532752e-05, 4.658411126e-05, 3.66179301636e-05, 3.31040282617e-05, 2.1273501261e-05, 2.85653804895e-05, 2.66116585408e-05, 3.5163739085e-05, 4.60406736238e-05, 3.14475546475e-05, 2.17556498683e-05, 1.48287053889e-05, 1.21301200124e-05, 1.46382408275e-05, 2.18986369873e-05, 1.63461063494e-05, 1.93866435438e-05, 9.90039370663e-06, 8.52638277138e-06, 5.69112671656e-06, 5.06812875756e-06, 6.49178082313e-06, 5.82595566812e-06, 6.88973796059e-06, 4.85013561047e-06, 4.18322406404e-06, 4.34993989984e-06, 4.91881837661e-06, 9.51191032073e-06, 4.91469018016e-06, 4.17719047618e-06, 5.3081880651e-06, 5.55336509933e-06, 4.0082745727e-06, 3.77152423425e-06, 5.57709972782e-06, 5.72809676669e-06, 3.44106820194e-06, 2.74184139926e-06, 3.50961136064e-06, 2.76259584098e-06, 2.87694206236e-06, 2.94713208859e-06, 3.73997249881e-06, 4.49308345196e-06, 4.48384662377e-06, 2.163669933e-06, 1.47677371842e-06, 1.61356842909e-06, 1.40149666095e-06, 3.0115020877e-07, 2.09377617466e-08, 1.29382768388e-10, 1.2079388878e-10, 1.1622214996e-10, 1.11445110085e-10, 1.07647120384e-10, 1.03884262304e-10, 1.01657939011e-10, 9.73784247682e-11, 9.40889657852e-11, 9.18478140766e-11, 8.95216401009e-11, 8.69615837673e-11, 8.44721098625e-11, 8.30969321131e-11, 8.10187472666e-11, 7.95125493225e-11, 7.92210672063e-11, 7.84611334237e-11, 7.75929945296e-11, 7.71489608309e-11]
    },
    "mfcc": {
        "mean": [-618.798583984, 116.650749207, 0.874294877052, 22.7487125397, 6.20420122147, 2.93949604034, 1.29526722431, 6.23648118973, -2.51255965233, 5.28618621826, -4.13333559036, -2.36185264587, -4.00538110733],
        "cov": [[3028.4609375, -1064.84594727, -20.7003555298, -29.0771865845, 59.6195602417, -1.83897125721, 9.564453125, 100.945449829, 13.840795517, 2.70693874359, 30.9808559418, -54.2687072754, -27.8527774811], [-1064.84594727, 898.471557617, -96.5185775757, 68.1513900757, -42.9161338806, -57.2909698486, 5.12606096268, -31.8318901062, -11.5501813889, 59.4759597778, -13.2406282425, 33.606300354, -4.25170850754], [-20.7003555298, -96.5185775757, 396.542785645, -8.9049243927, 36.6815872192, -24.3801441193, -63.608795166, -60.2665786743, -60.2527389526, -97.5111694336, 9.14548301697, -7.09982347488, -44.7092628479], [-29.0771865845, 68.1513900757, -8.9049243927, 173.160415649, 48.6240196228, 15.5827722549, -1.42868101597, 11.4937963486, 23.4576892853, 3.23669719696, 10.4597167969, 25.0264034271, 17.1177501678], [59.6195602417, -42.9161338806, 36.6815872192, 48.6240196228, 179.054794312, 1.24892044067, 36.893196106, 20.0907592773, 21.6742076874, 16.96916008, 2.80103826523, 17.2955989838, 23.0509109497], [-1.83897125721, -57.2909698486, -24.3801441193, 15.5827722549, 1.24892044067, 156.890151978, 64.4131317139, 39.6293525696, 39.7309341431, 14.7211332321, 29.2692394257, 15.1467552185, 24.4322433472], [9.564453125, 5.12606096268, -63.608795166, -1.42868101597, 36.893196106, 64.4131317139, 139.636581421, 45.7063865662, 30.5551567078, 45.9323158264, 11.3018484116, 21.4987945557, 28.864944458], [100.945449829, -31.8318901062, -60.2665786743, 11.4937963486, 20.0907592773, 39.6293525696, 45.7063865662, 129.374084473, 63.7563705444, 56.9241027832, 29.2534198761, 16.4260368347, 32.2512664795], [13.840795517, -11.5501813889, -60.2527389526, 23.4576892853, 21.6742076874, 39.7309341431, 30.5551567078, 63.7563705444, 108.684906006, 48.6550331116, 22.3109169006, 6.64217329025, 20.5032424927], [2.70693874359, 59.4759597778, -97.5111694336, 3.23669719696, 16.96916008, 14.7211332321, 45.9323158264, 56.9241027832, 48.6550331116, 120.355369568, 23.6628799438, 11.6556758881, 27.0523300171], [30.9808559418, -13.2406282425, 9.14548301697, 10.4597167969, 2.80103826523, 29.2692394257, 11.3018484116, 29.2534198761, 22.3109169006, 23.6628799438, 80.7721405029, 36.4504241943, 12.4614944458], [-54.2687072754, 33.606300354, -7.09982347488, 25.0264034271, 17.2955989838, 15.1467552185, 21.4987945557, 16.4260368347, 6.64217329025, 11.6556758881, 36.4504241943, 90.6257705688, 43.9331436157], [-27.8527774811, -4.25170850754, -44.7092628479, 17.1177501678, 23.0509109497, 24.4322433472, 28.864944458, 32.2512664795, 20.5032424927, 27.0523300171, 12.4614944458, 43.9331436157, 86.696105957]],
        "icov": [[0.000648836954497, 0.000854010751937, 0.000227857992286, -0.000324809545418, 1.17339468488e-05, 0.000423816469265, -0.000128565356135, -0.000394944974687, 0.000393575057387, -0.000296145415632, -0.000212154394831, 6.17089535808e-05, 0.00049769342877], [0.000854010751937, 0.00250655785203, 0.000431412627222, -0.00117561814841, 0.000607291876804, 0.00110063666943, -0.000460789218778, 5.83595756325e-05, 0.000648672692478, -0.00144319818355, 0.000225751136895, -0.000781994313002, 0.00117270415649], [0.000227857992286, 0.000431412627222, 0.00391209218651, 0.000302541593555, -0.0015880492283, -0.000102203586721, 0.00103831279557, 8.91520903679e-05, 0.00120216840878, 0.00228863838129, -0.00175636890344, -0.000115469854791, 0.00143679080065], [-0.000324809545418, -0.00117561814841, 0.000302541593555, 0.00740767037496, -0.00235608499497, -0.00136866245884, 0.00170852174051, 7.75962689659e-05, -0.00147139199544, 0.00127072946634, -3.84353443224e-05, -0.00136504683178, -0.000405429513194], [1.17339468488e-05, 0.000607291876804, -0.0015880492283, -0.00235608499497, 0.00766738923267, 0.00166872236878, -0.00270059518516, 9.27766595851e-05, -0.00114811002277, -0.00125543354079, 0.00111467938405, -0.000403752899729, -0.00125682016369], [0.000423816469265, 0.00110063666943, -0.000102203586721, -0.00136866245884, 0.00166872236878, 0.00993070844561, -0.00474607339129, -0.000505196454469, -0.00196487340145, 0.00152193696704, -0.00283105392009, 0.00114864250645, -0.00125188578386], [-0.000128565356135, -0.000460789218778, 0.00103831279557, 0.00170852174051, -0.00270059518516, -0.00474607339129, 0.0118034472689, -0.00152431777678, 0.000798630993813, -0.00228551891632, 0.00168893742375, -0.0020195688121, 0.000131877473905], [-0.000394944974687, 5.83595756325e-05, 8.91520903679e-05, 7.75962689659e-05, 9.27766595851e-05, -0.000505196454469, -0.00152431777678, 0.0134969418868, -0.00520268082619, -0.00274103530683, -0.00190516281873, 0.000320633203955, -0.00229198532179], [0.000393575057387, 0.000648672692478, 0.00120216840878, -0.00147139199544, -0.00114811002277, -0.00196487340145, 0.000798630993813, -0.00520268082619, 0.0154631361365, -0.00290478137322, -0.00163102697115, 0.00154952588491, 0.000295896898024], [-0.000296145415632, -0.00144319818355, 0.00228863838129, 0.00127072946634, -0.00125543354079, 0.00152193696704, -0.00228551891632, -0.00274103530683, -0.00290478137322, 0.0152450641617, -0.00403110636398, 0.00210640556179, -0.00210909009911], [-0.000212154394831, 0.000225751136895, -0.00175636890344, -3.84353443224e-05, 0.00111467938405, -0.00283105392009, 0.00168893742375, -0.00190516281873, -0.00163102697115, -0.00403110636398, 0.0192281901836, -0.00866493489593, 0.00296331825666], [6.17089535808e-05, -0.000781994313002, -0.000115469854791, -0.00136504683178, -0.000403752899729, 0.00114864250645, -0.0020195688121, 0.000320633203955, 0.00154952588491, 0.00210640556179, -0.00866493489593, 0.0195831339806, -0.00917376019061], [0.00049769342877, 0.00117270415649, 0.00143679080065, -0.000405429513194, -0.00125682016369, -0.00125188578386, 0.000131877473905, -0.00229198532179, 0.000295896898024, -0.00210909009911, 0.00296331825666, -0.00917376019061, 0.018879622221]]
    },
    "spectral_contrast_coeffs": {
        "max": [-0.410033255816, -0.499493151903, -0.454533159733, -0.590757131577, -0.644016861916, -0.654153943062],
        "mean": [-0.712807476521, -0.759538352489, -0.758582651615, -0.795083284378, -0.795468986034, -0.777666807175],
        "min": [-0.935727238655, -0.930205047131, -0.924015820026, -0.893114626408, -0.877783596516, -0.871978282928],
        "stdev": [0.0848052799702, 0.0667056143284, 0.0712685659528, 0.0468166992068, 0.0344978272915, 0.0333558134735]
    },
    "spectral_contrast_valleys": {
        "max": [-4.96373748779, -4.95235776901, -5.61065578461, -5.76625680923, -5.94078874588, -7.72058677673],
        "mean": [-6.37829732895, -6.53008747101, -7.19507598877, -7.29084968567, -7.24029684067, -9.86303329468],
        "min": [-8.79423618317, -8.28724479675, -8.95677757263, -9.00329494476, -8.91261386871, -12.921497345],
        "stdev": [0.536863565445, 0.480656176805, 0.548106968403, 0.57256925106, 0.659104883671, 0.901899755001]
    }
},
"rhythm": {
    "beats_count": 126,
    "beats_loudness": {
        "max": 0.0874990522861,
        "mean": 0.0333087407053,
        "min": 0.00308629637584,
        "stdev": 0.0170640833676
    },
    "bpm": 155.659301758,
    "bpm_histogram_first_peak_bpm": 157,
    "bpm_histogram_first_peak_weight": 0.101010084152,
    "bpm_histogram_second_peak_bpm": 152,
    "bpm_histogram_second_peak_spread": 0.0416666865349,
    "bpm_histogram_second_peak_weight": 0.184000000358,
    "danceability": 1.02420210838,
    "onset_rate": 3.1171875,
    "beats_loudness_band_ratio": {
        "max": [0.935008704662, 0.732239603996, 0.743959188461, 0.820761024952, 0.245843544602, 0.334278523922],
        "mean": [0.423675298691, 0.231776058674, 0.149788230658, 0.103625968099, 0.0711957514286, 0.0552552230656],
        "min": [0.0205333065242, 0.00157074921299, 0.00581448851153, 0.00940748862922, 0.00380450743251, 0.00184275989886],
        "stdev": [0.247610986233, 0.191835477948, 0.135621070862, 0.129388466477, 0.0518741123378, 0.0552907139063]
    },
