{
"metadata": {
    "version": {
        "essentia": "2.1-beta5",
        "essentia_git_sha": "Undefined",
        "extractor": "music 2.0"
    },
    "audio_properties": {
        "analysis": {
            "equal_loudness": 0,
            "length": 48.7502937317,
            "sample_rate": 44100,
            "start_time": 93.9943771362,
            "downmix": "mix"
        },
        "bit_rate": 192000,
        "length": 189.811523438,
        "lossless": 0,
        "number_channels": 2,
        "replay_gain": 0.338422775269,
        "sample_rate": 48000,
        "codec": "mp3",
        "md5_encoded": "e96fdfbe30f1fd6348f3fdcee0227280"
    },
    "tags": {
        "file_name": "Spain_Brujería_Son de sol.mp3",
        "encoding": ["Lavf58.29.100"]
    }
},
"lowlevel": {
    "average_loudness": 0.979972600937,
    "barkbands_crest": {
        "max": 24.3361740112,
        "mean": 11.1802072525,
        "min": 2.81014990807,
        "stdev": 4.38362360001
    },
    "barkbands_flatness_db": {
        "max": 0.256073147058,
        "mean": 0.146605521441,
        "min": 0.0617293380201,
        "stdev": 0.0330513454974
    },
    "barkbands_kurtosis": {
        "max": 47.7694244385,
        "mean": 1.82606184483,
        "min": -1.82106292248,
        "stdev": 4.17977905273
    },
    "barkbands_skewness": {
        "max": 6.49621677399,
        "mean": 1.19969141483,
        "min": -1.15340328217,
        "stdev": 1.01425039768
    },
    "barkbands_spread": {
        "max": 76.4218139648,
        "mean": 27.8763217926,
        "min": 4.86569070816,
        "stdev": 9.84342193604
    },
    "dissonance": {
        "max": 0.5,
        "mean": 0.473349511623,
        "min": 0.346817404032,
        "stdev": 0.02216742374
    },
    "dynamic_complexity": 1.87404227257,
    "erbbands_crest": {
        "max": 30.0396099091,
        "mean": 9.89838886261,
        "min": 2.3911857605,
        "stdev": 5.01112365723
    },
    "erbbands_flatness_db": {
        "max": 0.305087089539,
        "mean": 0.160478189588,
        "min": 0.0771722942591,
        "stdev": 0.0395084396005
    },
    "erbbands_kurtosis": {
        "max": 19.3209724426,
        "mean": 0.663966715336,
        "min": -1.67287194729,
        "stdev": 2.08386278152
    },
    "erbbands_skewness": {
        "max": 3.56306266785,
        "mean": 0.0956753566861,
        "min": -3.18439149857,
        "stdev": 0.69726639986
    },
    "erbbands_spread": {
        "max": 129.813751221,
        "mean": 35.9650344849,
        "min": 5.43610429764,
        "stdev": 16.6167068481
    },
    "hfc": {
        "max": 87.6488876343,
        "mean": 26.6133728027,
        "min": 0.199535906315,
        "stdev": 16.8182106018
    },
    "loudness_ebu128": {
        "integrated": -23.0071697235,
        "loudness_range": 1.50603103638,
        "momentary": {
            "max": -21.0968551636,
            "mean": -23.1096839905,
            "min": -26.4442844391,
            "stdev": 0.962950050831
        },
        "short_term": {
            "max": -21.9024181366,
            "mean": -23.0560131073,
            "min": -24.0183486938,
            "stdev": 0.469955980778
        }
    },
    "melbands_crest": {
        "max": 34.6476364136,
        "mean": 15.5976486206,
        "min": 4.52280426025,
        "stdev": 4.8591542244
    },
    "melbands_flatness_db": {
        "max": 0.32992130518,
        "mean": 0.179081767797,
        "min": 0.0590886548162,
        "stdev": 0.0445649772882
    },
    "melbands_kurtosis": {
        "max": 170.042114258,
        "mean": 10.3294277191,
        "min": -1.6537040472,
        "stdev": 16.1043262482
    },
    "melbands_skewness": {
        "max": 11.1301660538,
        "mean": 2.42601323128,
        "min": -0.820795238018,
        "stdev": 1.68847322464
    },
    "melbands_spread": {
        "max": 79.6808013916,
        "mean": 28.559803009,
        "min": 2.38010311127,
        "stdev": 13.5829257965
    },
    "pitch_salience": {
        "max": 0.789873301983,
        "mean": 0.482715845108,
        "min": 0.148432284594,
        "stdev": 0.104765951633
    },
    "silence_rate_20dB": {
        "max": 1,
        "mean": 1,
        "min": 1,
        "stdev": 0
    },
    "silence_rate_30dB": {
        "max": 1,
        "mean": 1,
        "min": 1,
        "stdev": 0
    },
    "silence_rate_60dB": {
        "max": 1,
        "mean": 0.000475963839563,
        "min": 0,
        "stdev": 0.0218114033341
    },
    "spectral_centroid": {
        "max": 2991.69580078,
        "mean": 1597.31103516,
        "min": 568.706665039,
        "stdev": 387.1065979
    },
    "spectral_complexity": {
        "max": 51,
        "mean": 22.3312702179,
        "min": 0,
        "stdev": 8.33522987366
    },
    "spectral_decrease": {
        "max": -3.33376590222e-11,
        "mean": -8.21388912442e-09,
        "min": -2.67581565794e-08,
        "stdev": 4.32258451255e-09
    },
    "spectral_energy": {
        "max": 0.105145357549,
        "mean": 0.0334150381386,
        "min": 0.000143922239658,
        "stdev": 0.0173032097518
    },
    "spectral_energyband_high": {
        "max": 0.00652967719361,
        "mean": 0.000930866925046,
        "min": 3.88785429095e-06,
        "stdev": 0.000864041736349
    },
    "spectral_energyband_low": {
        "max": 0.0890540704131,
        "mean": 0.0147033911198,
        "min": 2.51869732892e-05,
        "stdev": 0.0125823188573
    },
    "spectral_energyband_middle_high": {
        "max": 0.0661050826311,
        "mean": 0.00961597450078,
        "min": 9.58290911512e-05,
        "stdev": 0.00971898622811
    },
    "spectral_energyband_middle_low": {
        "max": 0.0716129243374,
        "mean": 0.00903973542154,
        "min": 9.46042291616e-06,
        "stdev": 0.00886650942266
    },
    "spectral_entropy": {
        "max": 8.52551364899,
        "mean": 7.8064455986,
        "min": 6.94479370117,
        "stdev": 0.265688419342
    },
    "spectral_flux": {
        "max": 0.281921893358,
        "mean": 0.107721686363,
        "min": 0.021560203284,
        "stdev": 0.0448464155197
    },
    "spectral_kurtosis": {
        "max": 13.3394966125,
        "mean": 3.13047242165,
        "min": -0.605911970139,
        "stdev": 1.64766681194
    },
    "spectral_rms": {
        "max": 0.0101282196119,
        "mean": 0.00551709672436,
        "min": 0.000374715804355,
        "stdev": 0.00147026090417
    },
    "spectral_rolloff": {
        "max": 8397.94921875,
        "mean": 1453.54736328,
        "min": 64.599609375,
        "stdev": 850.751464844
    },
    "spectral_skewness": {
        "max": 3.27091312408,
        "mean": 1.39104366302,
        "min": 0.667017519474,
        "stdev": 0.270018011332
    },
    "spectral_spread": {
        "max": 12265601,
        "mean": 4716898.5,
        "min": 2181166,
        "stdev": 1039257.1875
    },
    "spectral_strongpeak": {
        "max": 10.0130586624,
        "mean": 1.0258038044,
        "min": 0,
        "stdev": 1.44044113159
    },
    "zerocrossingrate": {
        "max": 0.1416015625,
        "mean": 0.0606214776635,
        "min": 0.01123046875,
        "stdev": 0.0203371122479
    },
    "barkbands": {
        "max": [0.0125769870356, 0.0830622315407, 0.0340512171388, 0.0143752824515, 0.0288283638656, 0.0475058592856, 0.06431594491, 0.0205950289965, 0.0511824563146, 0.0517234019935, 0.0419055260718, 0.0335751548409, 0.0163064692169, 0.015543134883, 0.021027578041, 0.0143092600629, 0.0189918261021, 0.00745888892561, 0.00495663890615, 0.00323268165812, 0.00205397582613, 0.00120591104496, 0.00187528156675, 0.00203865533695, 0.00267296936363, 6.76742183714e-06, 2.17331444219e-06],
        "mean": [0.000572082703002, 0.0105886673555, 0.00293337181211, 0.00108440604527, 0.00162843684666, 0.00124257011339, 0.00183444446884, 0.00056673650397, 0.00221164315008, 0.00216256408021, 0.00173689180519, 0.000723991077393, 0.000720867537893, 0.000390014669392, 0.00110098812729, 0.0010897978209, 0.000947528867982, 0.000554260856006, 0.000289890216663, 0.000239168934058, 0.000207218778087, 0.000151323503815, 0.000166548139532, 0.000142207602039, 0.000129154272145, 2.77704657492e-07, 2.34895969342e-09],
        "min": [1.58615751644e-08, 1.36840044433e-05, 4.35602601101e-07, 1.82652252079e-06, 8.76005344708e-07, 1.07455616671e-06, 8.30654414585e-07, 5.93898164425e-07, 2.84269594886e-06, 5.71236978431e-06, 3.88738044421e-06, 1.14377110094e-06, 7.65652839618e-06, 6.70151484883e-06, 1.87924597412e-05, 1.56346868607e-05, 1.01193136288e-05, 3.97228586735e-06, 7.46571231502e-07, 2.24826999329e-06, 8.383380532e-07, 6.09990877365e-07, 3.38730984595e-07, 2.53857081134e-07, 1.14188217992e-07, 3.53430007483e-10, 1.67268976448e-10],
        "stdev": [0.00142815511208, 0.0108163226396, 0.00367789971642, 0.00162016623653, 0.00277671287768, 0.00261202966794, 0.00468991650268, 0.0014740198385, 0.0050005284138, 0.00476218527183, 0.00443022279069, 0.0018130763201, 0.00137973786332, 0.000739568145946, 0.00214070035145, 0.00166684342548, 0.00150672742166, 0.000729548512027, 0.00033488983172, 0.000256118917605, 0.0002107314358, 0.000166205107234, 0.000173936772626, 0.000163953154697, 0.000180015631486, 5.05134551076e-07, 4.74012082918e-08]
    },
    "erbbands": {
        "max": [2.53906702995, 19.7768516541, 40.5221443176, 39.618473053, 51.1474227905, 133.078598022, 480.955596924, 355.590515137, 731.44720459, 1219.16149902, 643.092224121, 1023.47235107, 1228.93041992, 2009.34765625, 1050.06506348, 618.070983887, 903.850952148, 970.573181152, 936.977111816, 975.851318359, 800.483947754, 1281.64697266, 449.018554688, 335.539520264, 90.2669372559, 199.415603638, 93.2615127563, 102.694648743, 51.2553787231, 49.6625556946, 50.2323417664, 58.1411743164, 23.5404281616, 34.7187385559, 14.6277761459, 1.21578037739, 0.0270445924252, 0.00157415331341, 0.000318749080179, 0.000121134777146],
        "mean": [0.209398180246, 2.64233660698, 4.46442270279, 3.59065103531, 3.87508416176, 6.27653312683, 7.5275220871, 10.3286752701, 20.7222366333, 22.5676403046, 18.4743671417, 48.4116592407, 58.7609977722, 95.5497894287, 45.4922828674, 28.3082008362, 33.5227012634, 23.5077400208, 44.4881858826, 54.3116188049, 63.2782821655, 52.1566619873, 35.2849235535, 18.0803050995, 11.8666591644, 11.9847650528, 9.4274225235, 7.36922359467, 5.44112968445, 4.93497371674, 4.64998674393, 3.51532769203, 2.16390013695, 1.49227774143, 0.893114626408, 0.0604248791933, 0.00154850597028, 0.000107059058791, 3.20501712849e-05, 4.27580562246e-05],
        "min": [0.000465181830805, 0.00178422091994, 0.000917785568163, 0.00354355177842, 0.0058739008382, 0.00135557155591, 0.00175484793726, 0.0118014812469, 0.0154909780249, 0.00744481291622, 0.0176343992352, 0.0517403669655, 0.130656868219, 0.444382250309, 0.256476640701, 0.0888080820441, 0.362327605486, 0.430625230074, 0.78883343935, 0.762450397015, 1.1164059639, 0.778703808784, 0.23970682919, 0.0927049517632, 0.0361222401261, 0.110998660326, 0.0658227726817, 0.0265282038599, 0.0214762426913, 0.0133539075032, 0.00856613460928, 0.00626881513745, 0.00365527439862, 0.00101883965544, 0.00100336398464, 0.000122520825244, 4.98584449815e-06, 9.24480787035e-07, 2.75228728697e-07, 2.04522294212e-07],
        "stdev": [0.254991441965, 2.78244256973, 4.70752191544, 4.64494180679, 5.64642524719, 11.9726743698, 18.8959159851, 19.8089199066, 46.861530304, 72.5755996704, 45.2188072205, 106.537506104, 132.978637695, 218.872344971, 99.2611083984, 53.4588546753, 62.5776519775, 43.6292076111, 75.6974029541, 86.6219863892, 91.417640686, 79.6491775513, 47.6776046753, 21.0037937164, 10.5998973846, 13.33497715, 9.78961086273, 7.76934051514, 6.09546422958, 5.37592363358, 4.82572412491, 4.03331375122, 2.53589272499, 2.16274094582, 1.21789419651, 0.0905767083168, 0.0021919941064, 0.000139433686854, 2.2456075385e-05, 2.13784860534e-05]
    },
    "gfcc": {
        "mean": [23.8338890076, 95.649307251, -137.048553467, 54.740196228, -60.6160850525, 37.1856842041, -40.6782722473, 22.1294002533, -14.6075754166, -4.6648235321, -8.48301124573, -6.9121055603, 6.14366722107],
        "cov": [[1205.50964355, -260.037536621, -76.9734649658, -67.8980026245, -170.981140137, 5.17965364456, -64.9446029663, 9.22180271149, -71.7937393188, 39.2155761719, -49.5383415222, 21.3196544647, -30.9582176208], [-260.037536621, 325.519378662, -56.3682327271, -31.603225708, 67.2707977295, -56.3496551514, 68.9669799805, -24.2755775452, 59.1108932495, -42.1786117554, 42.8320121765, -32.5512275696, 34.2736930847], [-76.9734649658, -56.3682327271, 347.078643799, 134.931106567, -27.2966423035, 24.788143158, -30.1931228638, 37.8489151001, -5.75921010971, 69.9250717163, 4.85174512863, 7.87966442108, -35.8131637573], [-67.8980026245, -31.603225708, 134.931106567, 207.389602661, 38.1084060669, -39.0033340454, -27.5506305695, -3.94737076759, 23.4625263214, 25.0962753296, 10.5017166138, -4.38519716263, -10.4493961334], [-170.981140137, 67.2707977295, -27.2966423035, 38.1084060669, 181.985214233, 76.337387085, 58.8990478516, 19.0311737061, 34.8141555786, -14.553735733, 16.0027751923, 1.80361676216, 31.5550231934], [5.17965364456, -56.3496551514, 24.788143158, -39.0033340454, 76.337387085, 211.401397705, 95.2543640137, 1.13634645939, -23.307220459, 19.0208816528, -0.907039761543, -1.63038349152, 8.06882953644], [-64.9446029663, 68.9669799805, -30.1931228638, -27.5506305695, 58.8990478516, 95.2543640137, 145.981002808, 39.9546470642, 24.6836967468, -8.89649868011, 24.9783916473, -5.0765542984, 18.7634963989], [9.22180271149, -24.2755775452, 37.8489151001, -3.94737076759, 19.0311737061, 1.13634645939, 39.9546470642, 123.068878174, 59.7277030945, 6.59982633591, 4.47057247162, 19.4554729462, 4.5682387352], [-71.7937393188, 59.1108932495, -5.75921010971, 23.4625263214, 34.8141555786, -23.307220459, 24.6836967468, 59.7277030945, 107.061340332, 22.5139160156, 21.402053833, 0.319956153631, 19.0791988373], [39.2155761719, -42.1786117554, 69.9250717163, 25.0962753296, -14.553735733, 19.0208816528, -8.89649868011, 6.59982633591, 22.5139160156, 101.142250061, 36.6706390381, 11.3497114182, -8.04213428497], [-49.5383415222, 42.8320121765, 4.85174512863, 10.5017166138, 16.0027751923, -0.907039761543, 24.9783916473, 4.47057247162, 21.402053833, 36.6706390381, 90.7775878906, 32.6395874023, -0.561087191105], [21.3196544647, -32.5512275696, 7.87966442108, -4.38519716263, 1.80361676216, -1.63038349152, -5.0765542984, 19.4554729462, 0.319956153631, 11.3497114182, 32.6395874023, 64.4047012329, 20.7324085236], [-30.9582176208, 34.2736930847, -35.8131637573, -10.4493961334, 31.5550231934, 8.06882953644, 18.7634963989, 4.5682387352, 19.0791988373, -8.04213428497, -0.561087191105, 20.7324085236, 71.9429626465]],
        "icov": [[0.0012603236828, -0.000249131378951, 0.0013602609979, -0.00100161414593, 0.00166884856299, -0.00121293228585, 0.000890571856871, -0.00160834565759, 0.00121365184896, -0.00109117268585, 0.000726384227164, -0.000540257664397, 0.000184118252946], [-0.000249131378951, 0.018857261166, -0.0108601255342, 0.0145395724103, -0.0118093201891, 0.0183135624975, -0.0156748946756, 0.0187572613358, -0.0125103592873, 0.00848748441786, -0.00876987259835, 0.0105067417026, -0.005192020908], [0.0013602609979, -0.0108601255342, 0.0137311667204, -0.0139657938853, 0.0105305835605, -0.014358561486, 0.0117033021525, -0.0163463708013, 0.0106341969222, -0.00809475127608, 0.00518701411784, -0.00575524335727, 0.00351713178679], [-0.00100161414593, 0.0145395724103, -0.0139657938853, 0.0215852074325, -0.0146631663665, 0.0191263593733, -0.0138703361154, 0.0194140914828, -0.0126061877236, 0.00643639359623, -0.00588554888964, 0.00756494840607, -0.00266692554578], [0.00166884856299, -0.0118093201891, 0.0105305835605, -0.0146631663665, 0.0199793726206, -0.0188910067081, 0.0123294983059, -0.0154369017109, 0.00660302489996, -0.00252045341767, 0.002574196551, -0.00511598167941, 3.80897254217e-05], [-0.00121293228585, 0.0183135624975, -0.014358561486, 0.0191263593733, -0.0188910067081, 0.0316121280193, -0.0249007102102, 0.0229625124484, -0.00945724546909, 0.00307719781995, -0.00298556918278, 0.00715321209282, -0.00307223084383], [0.000890571856871, -0.0156748946756, 0.0117033021525, -0.0138703361154, 0.0123294983059, -0.0249007102102, 0.0307419709861, -0.0238063167781, 0.01074605342, -0.00237602042034, -0.00234077870846, -0.000233633501921, -0.000525599578395], [-0.00160834565759, 0.0187572613358, -0.0163463708013, 0.0194140914828, -0.0154369017109, 0.0229625124484, -0.0238063167781, 0.0390956811607, -0.0247918423265, 0.00992829166353, -0.0015265630791, -0.000441228185082, 0.000776239729021], [0.00121365184896, -0.0125103592873, 0.0106341969222, -0.0126061877236, 0.00660302489996, -0.00945724546909, 0.01074605342, -0.0247918423265, 0.030250152573, -0.0123992357403, 0.00197555590421, 0.000958956952672, -0.00278832414187], [-0.00109117268585, 0.00848748441786, -0.00809475127608, 0.00643639359623, -0.00252045341767, 0.00307719781995, -0.00237602042034, 0.00992829166353, -0.0123992357403, 0.0224746838212, -0.0128319747746, 0.00663368497044, -0.00306922849268], [0.000726384227164, -0.00876987259835, 0.00518701411784, -0.00588554888964, 0.002574196551, -0.00298556918278, -0.00234077870846, -0.0015265630791, 0.00197555590421, -0.0128319747746, 0.0285954326391, -0.0212014187127, 0.0105054760352], [-0.000540257664397, 0.0105067417026, -0.00575524335727, 0.00756494840607, -0.00511598167941, 0.00715321209282, -0.000233633501921, -0.000441228185082, 0.000958956952672, 0.00663368497044, -0.0212014187127, 0.037370312959, -0.0159209165722], [0.000184118252946, -0.005192020908, 0.00351713178679, -0.00266692554578, 3.80897254217e-05, -0.00307223084383, -0.000525599578395, 0.000776239729021, -0.00278832414187, -0.00306922849268, 0.0105054760352, -0.0159209165722, 0.023298099637]]
    },
    "melbands": {
        "max": [0.0213319864124, 0.0189786106348, 0.00631215935573, 0.00742420041934, 0.0126442424953, 0.00817202683538, 0.012834193185, 0.0118469707668, 0.0065291011706, 0.00632072845474, 0.00652303174138, 0.00785414036363, 0.00402349047363, 0.00399741157889, 0.00170012307353, 0.00169621652458, 0.00168020487763, 0.00139010488056, 0.00220767990686, 0.00110662367661, 0.00113501015585, 0.00172239600215, 0.00103076954838, 0.000435368012404, 0.000310922565404, 0.000125566657516, 9.7640499007e-05, 0.000119791242469, 8.08441109257e-05, 5.33979655302e-05, 8.47704868647e-05, 3.51294402208e-05, 3.39016660291e-05, 2.48019096034e-05, 2.83651497739e-05, 5.06061551278e-05, 4.04726779379e-05, 1.8413815269e-05, 2.27224081755e-05, 2.85580917989e-05],
        "mean": [0.0025307610631, 0.00278196996078, 0.000601421110332, 0.000391421082895, 0.00024892485817, 0.000235513580265, 0.000344452011632, 0.000210480822716, 0.000166023804923, 0.000325954228174, 0.000288765091682, 0.000385180988815, 0.000188198813703, 8.60955187818e-05, 6.40851867502e-05, 7.42316333344e-05, 3.75432318833e-05, 6.12182921031e-05, 8.61056469148e-05, 7.00545933796e-05, 7.49251121306e-05, 5.7133827795e-05, 4.25662619818e-05, 2.09745976463e-05, 1.41752152558e-05, 9.59380395216e-06, 7.44655744711e-06, 8.04972114565e-06, 6.05118020758e-06, 4.91963146487e-06, 4.11423025071e-06, 2.98272402688e-06, 2.95852623822e-06, 2.63838387582e-06, 2.6590471407e-06, 2.58796126218e-06, 1.98490101866e-06, 1.55216264375e-06, 1.29251498038e-06, 1.24833150039e-06],
        "min": [3.7329141378e-06, 1.06385073195e-06, 7.02455679402e-07, 2.45972898938e-07, 5.30762562789e-08, 2.60145725406e-07, 2.20849159405e-07, 8.14563350104e-08, 1.4555932637e-07, 3.96837180006e-07, 6.0809105662e-07, 7.63808429838e-07, 8.06944342457e-07, 1.32151384946e-07, 4.56118470993e-07, 7.2219819458e-07, 6.49471189718e-07, 1.01936484498e-06, 1.35103914545e-06, 8.61110493133e-07, 1.15764566999e-06, 8.13087069673e-07, 2.22960764518e-07, 1.61798197951e-07, 6.47086153549e-08, 2.266293464e-08, 3.17092414548e-08, 8.72496315196e-08, 5.21532932396e-08, 2.14241744345e-08, 1.27291128749e-08, 1.20328307318e-08, 1.05486277491e-08, 6.13018791285e-09, 3.98292598902e-09, 5.17563591984e-09, 4.27599111674e-09, 3.72706399077e-09, 5.53465717701e-10, 8.92652674001e-10],
        "stdev": [0.00263593578711, 0.00264447089285, 0.000716600683518, 0.00071553257294, 0.000523422262631, 0.000448265695013, 0.00080252927728, 0.000667873653583, 0.000442313001258, 0.00074347719783, 0.000693979905918, 0.000877815415151, 0.000436030764831, 0.000235333238379, 0.000113153779239, 0.000152304390213, 7.59693066357e-05, 0.000104637038021, 0.000190330858459, 0.000109958105895, 0.000119929500215, 9.65269646258e-05, 7.62711861171e-05, 2.72483939625e-05, 1.83456777449e-05, 1.07962141556e-05, 7.41627582102e-06, 9.53934159043e-06, 6.68287248118e-06, 5.23801554664e-06, 4.96603661304e-06, 3.49248898601e-06, 3.38498989549e-06, 2.90799653158e-06, 2.83990266325e-06, 2.99883868138e-06, 2.42863256972e-06, 1.86281636161e-06, 1.70434736901e-06, 1.92450124814e-06]
    },
    "melbands128": {
        "max": [0.00881636794657, 0.0206337459385, 0.0355071686208, 0.0346384719014, 0.0239514838904, 0.0140213398263, 0.00992604717612, 0.00841874536127, 0.00596626847982, 0.0115595106035, 0.00830623228103, 0.00474167289212, 0.0229069963098, 0.0192740354687, 0.0104706035927, 0.00894026644528, 0.0113695235923, 0.0218314006925, 0.0211430713534, 0.0225039701909, 0.00674085877836, 0.00558759784326, 0.00992944650352, 0.0100961681455, 0.0111760739237, 0.00999042391777, 0.0189299583435, 0.0104502309114, 0.0145707074553, 0.0082562752068, 0.0167834497988, 0.0114605790004, 0.00768454372883, 0.0065861037001, 0.0110069699585, 0.00313076563179, 0.00331919710152, 0.00290972087532, 0.00288588623516, 0.00458207447082, 0.00259312335402, 0.00455866847187, 0.00225927471183, 0.00098413915839, 0.00143205199856, 0.0022262239363, 0.00355862174183, 0.00495287775993, 0.00370187615044, 0.00198750337586, 0.00170372857247, 0.00236376537941, 0.00174066389445, 0.00249289837666, 0.00240586861037, 0.00386162428185, 0.00163112021983, 0.00225208653137, 0.00111714040395, 0.000761650328059, 0.000982567551546, 0.000190351463971, 0.000444200268248, 0.000765913689975, 0.000340154481819, 0.000155611924129, 0.000116808427265, 8.95870834938e-05, 7.82101851655e-05, 0.000432849221397, 0.000265664566541, 0.000223775437917, 0.000211237304029, 8.33411613712e-05, 0.000125646125525, 9.74958238658e-05, 5.42452362424e-05, 7.17750226613e-05, 0.000183524505701, 4.07655716117e-05, 3.83348451578e-05, 5.04379204358e-05, 4.20447759097e-05, 4.51423220511e-05, 9.6490199212e-05, 4.26367150794e-05, 2.69806241704e-05, 3.84944833058e-05, 3.59382866009e-05, 2.81127358903e-05, 6.72811438562e-05, 5.93979821133e-05, 4.066458132e-05, 4.92027684231e-05, 4.17936280428e-05, 3.90744280594e-05, 1.88033245649e-05, 2.02865412575e-05, 1.99983351195e-05, 4.72367210023e-05, 4.95483000122e-05, 3.89880478906e-05, 2.58171585301e-05, 2.19793855649e-05, 2.40890240093e-05, 3.37913916155e-05, 1.13179276013e-05, 4.19661660089e-07, 1.59176263281e-08, 1.48027980984e-08, 1.39124063381e-08, 1.3124553e-08, 1.2544015604e-08, 1.20254997071e-08, 1.14390044104e-08, 1.10028643974e-08, 1.06125881416e-08, 1.02939967661e-08, 9.98131621799e-09, 9.64418589433e-09, 9.38373734272e-09, 9.1638776567e-09, 8.93920937273e-09, 8.78250894232e-09, 8.61969873256e-09, 8.52887982461e-09, 8.45244230163e-09, 8.39944380715e-09],
        "mean": [0.000443939119577, 0.00118424545508, 0.00355075346306, 0.00483794510365, 0.0030019604601, 0.00120266911108, 0.000760587514378, 0.000429352279752, 0.000313165015541, 0.000531773315743, 0.000345424690749, 0.000162905082107, 0.000273372163065, 0.000276337086689, 0.000229372060858, 0.0002058535174, 0.000249448406976, 0.000385634746635, 0.000463729520561, 0.000249640230322, 7.43750642869e-05, 9.57274023676e-05, 0.000181991097634, 0.000221276801312, 0.000299810169963, 0.000401020835852, 0.000329336151481, 0.000254226208199, 0.000273939338513, 0.000322661740938, 0.000515691877808, 0.000335064425599, 0.000136311849928, 0.000107521584141, 0.000103470723843, 7.0518013672e-05, 7.5598982221e-05, 5.19492823514e-05, 6.35455508018e-05, 8.99562146515e-05, 7.74428190198e-05, 5.43997157365e-05, 3.3833362977e-05, 2.94739747915e-05, 3.68371656805e-05, 5.95289893681e-05, 0.000100064768048, 0.00010311830556, 6.99386873748e-05, 6.23113155598e-05, 7.10579333827e-05, 7.78098037699e-05, 7.40357500035e-05, 7.70574260969e-05, 7.03260739101e-05, 5.83654218644e-05, 4.08785999753e-05, 4.44230208814e-05, 4.63153810415e-05, 3.36960656568e-05, 1.76203284354e-05, 1.25366286738e-05, 1.52808952407e-05, 1.41782493301e-05, 1.42486660479e-05, 7.97577195044e-06, 8.39319636725e-06, 7.67674828239e-06, 5.7844586081e-06, 9.45807096286e-06, 8.29781220091e-06, 7.80398931965e-06, 6.37012726656e-06, 5.59267164135e-06, 5.96170093559e-06, 4.85277860207e-06, 4.77660432807e-06, 3.96822042603e-06, 4.5089204832e-06, 3.73763236894e-06, 2.63493075181e-06, 2.90957677862e-06, 3.05484786622e-06, 2.96666348731e-06, 2.9202535643e-06, 2.61309901362e-06, 2.64504501502e-06, 2.49701497523e-06, 2.74191984317e-06, 2.60341357716e-06, 2.83000167656e-06, 2.59290573013e-06, 2.14639067053e-06, 2.06516870094e-06, 1.81477162187e-06, 1.66736447227e-06, 1.52029281253e-06, 1.36512835525e-06, 1.26078373341e-06, 1.30238026941e-06, 1.20879417409e-06, 1.23535994589e-06, 1.30399143927e-06, 1.28055648929e-06, 1.14061219847e-06, 1.106704417e-06, 2.75894450397e-07, 1.30177753022e-08, 2.12603337713e-11, 1.5362235789e-11, 1.47823836505e-11, 1.47897145919e-11, 1.49172150327e-11, 1.48518662646e-11, 1.43754357376e-11, 1.28860984383e-11, 1.15183860713e-11, 1.11004296033e-11, 1.08105573104e-11, 1.04940604817e-11, 1.02022635132e-11, 1.00087525073e-11, 9.81712801329e-12, 9.62856617354e-12, 9.22831602801e-12, 8.68425383688e-12, 8.37218575717e-12, 8.2897490955e-12],
        "min": [4.35091429551e-09, 6.98849135006e-07, 8.01306441645e-07, 2.3410709673e-06, 5.80423147767e-07, 2.38167643829e-07, 3.98570733751e-07, 9.31816032335e-07, 6.29146995834e-07, 1.68274880252e-07, 2.26048477714e-08, 4.13678478139e-08, 3.72016231154e-08, 8.72707275335e-08, 2.52585834914e-07, 2.35655861047e-07, 1.47546984408e-07, 1.29279754901e-07, 9.84604895393e-08, 6.01284924073e-08, 7.10741048238e-08, 1.41037133972e-07, 6.74270523859e-08, 1.31849304807e-07, 1.9507480431e-07, 1.81431403234e-07, 2.94873743201e-08, 1.27249037973e-07, 2.82540554508e-07, 1.95836918238e-07, 4.98496262935e-07, 3.2350774859e-07, 2.86922897885e-07, 2.09428151265e-07, 3.43387434043e-08, 1.06791191001e-07, 2.27553911714e-07, 1.10181744617e-07, 2.55670613569e-07, 1.27790883653e-07, 5.37058895134e-07, 1.98757987846e-07, 1.35646601507e-07, 1.23807893715e-07, 3.37927076544e-07, 4.34920480075e-07, 6.49902744954e-07, 7.31395459752e-07, 3.91690150536e-07, 2.85565562308e-07, 2.91717896062e-07, 5.01524652918e-07, 5.24334097918e-07, 3.17253864068e-07, 3.33871753355e-07, 3.27528539401e-07, 1.71985902853e-07, 1.86466124319e-07, 1.20600219589e-07, 2.22104745262e-07, 1.69039608977e-07, 9.31949202254e-08, 1.15281757473e-07, 3.71079806882e-08, 2.71118647532e-08, 2.08009716118e-08, 1.84995663233e-08, 2.34375416852e-08, 2.27958718568e-08, 5.76440797317e-08, 4.62436737791e-08, 9.66607629493e-08, 8.2383166955e-08, 4.48530919073e-08, 1.70181095882e-08, 1.99812930646e-08, 2.62128203588e-08, 1.21262404562e-08, 6.22284490603e-09, 2.1222517077e-08, 8.03404809346e-09, 9.67119362372e-09, 1.82164523466e-08, 8.08981770462e-09, 6.16785689189e-09, 1.11067484099e-08, 3.01519098578e-09, 3.58804941314e-09, 2.28383489898e-09, 4.86193840743e-09, 1.01119370655e-08, 3.7796157315e-09, 5.84131520931e-10, 2.53477505652e-09, 8.15775447194e-09, 7.14939707436e-09, 1.59904600672e-09, 8.48335068859e-10, 4.63492133562e-10, 2.50950343839e-10, 1.04608355311e-09, 1.27578625442e-09, 3.30408617133e-10, 5.83833092982e-10, 1.12625087034e-09, 2.36504971163e-09, 8.30633117843e-10, 5.1914878646e-12, 6.54775929657e-13, 5.06570588428e-13, 4.90449532115e-13, 5.50588329269e-13, 5.36887916937e-13, 4.75333205956e-13, 4.18987164841e-13, 4.2558662215e-13, 4.7359371199e-13, 4.96395079989e-13, 5.51241127397e-13, 4.35659375329e-13, 5.55676110594e-13, 5.98095141122e-13, 5.44587432875e-13, 4.43681197468e-13, 3.58689315229e-13, 1.57179079322e-13, 1.67143097187e-14, 3.62078076999e-16],
        "stdev": [0.00113670038991, 0.00209706532769, 0.00418778881431, 0.00523009989411, 0.00316305877641, 0.00155482627451, 0.00109177909326, 0.000676551659126, 0.000523764290847, 0.0011463041883, 0.000727550825104, 0.000275250524282, 0.000808906799648, 0.000874335586559, 0.000557000050321, 0.000479383015772, 0.000648030836601, 0.00114770943765, 0.00151118566282, 0.00108319870196, 0.000276469741948, 0.000270342367003, 0.000645944150165, 0.000727566191927, 0.000882345600985, 0.0011593552772, 0.00116589001846, 0.000831445620861, 0.00103225558996, 0.000814463128336, 0.0015373864444, 0.00104021281004, 0.000497058150358, 0.000411898712628, 0.000465959194116, 0.000201782706426, 0.0002011108445, 0.000150584528456, 0.000148485181853, 0.000256776897004, 0.000204970565392, 0.00019446380611, 0.000102378602605, 6.68566499371e-05, 8.48769341246e-05, 0.000145298894495, 0.000249614764471, 0.00031996879261, 0.000226568285143, 0.000158584836754, 0.000159548813826, 0.000196932873223, 0.000167439051438, 0.000186588105862, 0.000151957865455, 0.000157916641911, 0.000100629091321, 0.000130706495838, 9.48493252508e-05, 6.22274892521e-05, 4.17013761762e-05, 1.49947454702e-05, 2.46922754741e-05, 2.94008259516e-05, 2.70713753707e-05, 1.1704658391e-05, 1.03180391307e-05, 9.04263379198e-06, 6.91525747243e-06, 1.7412176021e-05, 1.36438120535e-05, 1.18831821965e-05, 1.01265331978e-05, 7.14667794455e-06, 9.15729469853e-06, 6.88035834173e-06, 5.54590678803e-06, 4.96277743878e-06, 7.72632392909e-06, 4.44077249995e-06, 3.55929842044e-06, 4.10708798881e-06, 3.96892664867e-06, 3.62435548595e-06, 4.46462217951e-06, 3.50287382389e-06, 3.06098286273e-06, 3.12603629027e-06, 3.37577239407e-06, 2.83009489976e-06, 3.66592576029e-06, 3.49796732735e-06, 2.73736714007e-06, 2.79033361039e-06, 2.47273032983e-06, 2.43522140408e-06, 1.92456241166e-06, 1.76142248165e-06, 1.71654517089e-06, 2.1781927444e-06, 2.19920843847e-06, 2.15507770918e-06, 2.08653591471e-06, 1.84987675311e-06, 1.60782292369e-06, 1.82601047527e-06, 5.4840802477e-07, 2.44304807495e-08, 3.47456008409e-10, 3.22859738944e-10, 3.03600755647e-10, 2.8643015737e-10, 2.73904315895e-10, 2.6274837861e-10, 2.49984755119e-10, 2.4012861144e-10, 2.31468441636e-10, 2.24517293645e-10, 2.17695889093e-10, 2.10343978346e-10, 2.0466346673e-10, 1.99867344897e-10, 1.949673617e-10, 1.91549803796e-10, 1.880042233e-10, 1.86032925176e-10, 1.84370088641e-10, 1.83214818317e-10]
    },
    "mfcc": {
        "mean": [-603.61328125, 103.136558533, -3.03213691711, 19.6782627106, 15.8278446198, 8.39847660065, 2.49651527405, 14.2935810089, 9.76198673248, 5.27932024002, -3.44029545784, 3.35261487961, 1.92930686474],
        "cov": [[1289.98706055, -240.574523926, -47.9365463257, -110.055290222, -128.408050537, -56.1746406555, -44.554359436, -70.8141098022, -25.1191577911, -57.1567153931, -6.35535144806, -15.1549005508, -0.844496250153], [-240.574523926, 309.563690186, -94.2776184082, -17.7746162415, -9.9556760788, -8.61322784424, 10.407292366, 24.5946311951, 13.0734071732, 24.5261669159, -1.02030050755, -5.96214437485, -13.7486934662], [-47.9365463257, -94.2776184082, 314.639160156, 72.0822525024, 5.94476175308, 5.28647136688, 0.300770431757, -39.5145339966, -17.475107193, 4.66971683502, 47.5945014954, 30.4124565125, -1.35363709927], [-110.055290222, -17.7746162415, 72.0822525024, 218.697845459, 56.1635093689, -44.2746391296, -47.5525169373, -13.910654068, -3.0807723999, -5.92147779465, 0.135634735227, 44.1765708923, 19.4494056702], [-128.408050537, -9.9556760788, 5.94476175308, 56.1635093689, 126.015968323, 26.9051113129, 2.80611515045, 20.1583251953, 23.160572052, 12.1157588959, -1.48012316227, 6.54882860184, 14.1176662445], [-56.1746406555, -8.61322784424, 5.28647136688, -44.2746391296, 26.9051113129, 160.436950684, 83.1838607788, -1.56738078594, 6.07391929626, 23.5192375183, 6.15919351578, -23.8465118408, -6.71094799042], [-44.554359436, 10.407292366, 0.300770431757, -47.5525169373, 2.80611515045, 83.1838607788, 123.143608093, 44.629825592, 4.19232559204, 21.0559253693, 16.7762336731, -16.1182575226, 2.23807525635], [-70.8141098022, 24.5946311951, -39.5145339966, -13.910654068, 20.1583251953, -1.56738078594, 44.629825592, 115.259086609, 40.5840301514, 17.1918334961, 7.09695005417, -6.60814476013, 4.34832048416], [-25.1191577911, 13.0734071732, -17.475107193, -3.0807723999, 23.160572052, 6.07391929626, 4.19232559204, 40.5840301514, 97.8958435059, 43.6492233276, -0.159413427114, -5.33609199524, -3.2804338932], [-57.1567153931, 24.5261669159, 4.66971683502, -5.92147779465, 12.1157588959, 23.5192375183, 21.0559253693, 17.1918334961, 43.6492233276, 81.9681091309, 34.6281280518, -2.29723405838, -5.1668138504], [-6.35535144806, -1.02030050755, 47.5945014954, 0.135634735227, -1.48012316227, 6.15919351578, 16.7762336731, 7.09695005417, -0.159413427114, 34.6281280518, 81.2245559692, 35.7138633728, 2.51839113235], [-15.1549005508, -5.96214437485, 30.4124565125, 44.1765708923, 6.54882860184, -23.8465118408, -16.1182575226, -6.60814476013, -5.33609199524, -2.29723405838, 35.7138633728, 90.5694656372, 36.6288299561], [-0.844496250153, -13.7486934662, -1.35363709927, 19.4494056702, 14.1176662445, -6.71094799042, 2.23807525635, 4.34832048416, -3.2804338932, -5.1668138504, 2.51839113235, 36.6288299561, 69.1103744507]],
        "icov": [[0.0011954534566, 0.00105272664223, 0.000520968460478, 0.000349447655026, 0.000943144492339, 0.000429310137406, -7.00434902683e-05, 0.0007812550175, -0.000622981169727, 0.000750728184357, -0.000747522979509, 0.000373874558136, -0.000206326309126], [0.00105272664223, 0.00471160328016, 0.00164850591682, 0.000121050179587, 0.00109294790309, 0.000863053719513, -0.000600593106356, 0.000408519350458, -0.00011817189079, -0.000867555965669, -0.000289539515506, -0.000344103900716, 0.000925150699914], [0.000520968460478, 0.00164850591682, 0.0047442317009, -0.00149430369493, 0.000639760342892, 0.000302912347252, -0.00116883823648, 0.00203173235059, -0.00062768207863, 0.000922478269786, -0.00320538552478, 0.000288930023089, 0.000659361598082], [0.000349447655026, 0.000121050179587, -0.00149430369493, 0.00722598610446, -0.00308120599948, 0.00162228196859, 0.00128430745099, 0.00016104678798, 0.000824048533104, -0.000976779381745, 0.00214395439252, -0.00294913188554, 0.000151752567035], [0.000943144492339, 0.00109294790309, 0.000639760342892, -0.00308120599948, 0.011832986027, -0.00346348225139, 0.0020750509575, -0.00192289135884, -0.00194323156029, 0.000359415687853, -0.000583098910283, 0.000973967369646, -0.00215145526454], [0.000429310137406, 0.000863053719513, 0.000302912347252, 0.00162228196859, -0.00346348225139, 0.0128352353349, -0.00955960340798, 0.00540964258835, -0.00108017760795, -0.00122687965631, 0.000432094733696, 0.000879448780324, 0.00102455366869], [-7.00434902683e-05, -0.000600593106356, -0.00116883823648, 0.00128430745099, 0.0020750509575, -0.00955960340798, 0.0188325885683, -0.00862629245967, 0.00345387402922, -0.00154509092681, -0.00170337618329, 0.00170471449383, -0.0027169638779], [0.0007812550175, 0.000408519350458, 0.00203173235059, 0.00016104678798, -0.00192289135884, 0.00540964258835, -0.00862629245967, 0.0158090814948, -0.00678179040551, 0.00291559728794, -0.00318179046735, 0.00176436046604, -0.00063504348509], [-0.000622981169727, -0.00011817189079, -0.00062768207863, 0.000824048533104, -0.00194323156029, -0.00108017760795, 0.00345387402922, -0.00678179040551, 0.0182284433395, -0.0115201603621, 0.0063028819859, -0.00263943965547, 0.00150480552111], [0.000750728184357, -0.000867555965669, 0.000922478269786, -0.000976779381745, 0.000359415687853, -0.00122687965631, -0.00154509092681, 0.00291559728794, -0.0115201603621, 0.0247779935598, -0.0133237317204, 0.00557830696926, -0.00136180978734], [-0.000747522979509, -0.000289539515506, -0.00320538552478, 0.00214395439252, -0.000583098910283, 0.000432094733696, -0.00170337618329, -0.00318179046735, 0.0063028819859, -0.0133237317204, 0.0257578548044, -0.0125081548467, 0.00467738043517], [0.000373874558136, -0.000344103900716, 0.000288930023089, -0.00294913188554, 0.000973967369646, 0.000879448780324, 0.00170471449383, 0.00176436046604, -0.00263943965547, 0.00557830696926, -0.0125081548467, 0.0221890248358, -0.0105207767338], [-0.000206326309126, 0.000925150699914, 0.000659361598082, 0.000151752567035, -0.00215145526454, 0.00102455366869, -0.0027169638779, -0.00063504348509, 0.00150480552111, -0.00136180978734, 0.00467738043517, -0.0105207767338, 0.0206634998322]]
    },
    "spectral_contrast_coeffs": {
        "max": [-0.457415997982, -0.41926202178, -0.459927201271, -0.542964875698, -0.588636040688, -0.697571396828],
        "mean": [-0.733933627605, -0.748206138611, -0.725113630295, -0.770999729633, -0.788374722004, -0.783723175526],
        "min": [-0.894678711891, -0.933567643166, -0.902073204517, -0.915869653225, -0.867267906666, -0.867378652096],
        "stdev": [0.0598271600902, 0.0784184932709, 0.085158906877, 0.0547701194882, 0.0379015989602, 0.0252339541912]
    },
    "spectral_contrast_valleys": {
        "max": [-5.26603746414, -4.9443602562, -5.70376300812, -5.94842100143, -5.99381542206, -8.0131111145],
        "mean": [-6.49336576462, -6.74544477463, -7.16264867783, -7.13021945953, -7.08850860596, -9.47668361664],
        "min": [-9.22184562683, -8.99603557587, -9.03387546539, -8.37737083435, -8.96745300293, -11.6666822433],
        "stdev": [0.442160457373, 0.506250202656, 0.499213367701, 0.419839709997, 0.406113535166, 0.524328112602]
    }
},
"rhythm": {
    "beats_count": 71,
    "beats_loudness": {
        "max": 0.094264946878,
        "mean": 0.0408265739679,
        "min": 0.0143422437832,
        "stdev": 0.0129055129364
    },
    "bpm": 88.2207336426,
    "bpm_histogram_first_peak_bpm": 88,
    "bpm_histogram_first_peak_weight": 0.0882353186607,
    "bpm_histogram_second_peak_bpm": 94,
    "bpm_histogram_second_peak_spread": 0,
    "bpm_histogram_second_peak_weight": 0.0285714287311,
    "danceability": 1.4817507267,
    "onset_rate": 4.552734375,
    "beats_loudness_band_ratio": {
        "max": [0.759701788425, 0.615451097488, 0.72607678175, 0.742506802082, 0.520286023617, 0.193796992302],
        "mean": [0.247355684638, 0.165536656976, 0.179988250136, 0.222226753831, 0.151356562972, 0.0692297443748],
        "min": [0.0316305421293, 0.00259750266559, 0.00844188965857, 0.0123903313652, 0.0212654210627, 0.0141717819497],
        "stdev": [0.151663705707, 0.1381380409, 0.159569442272, 0.194764554501, 0.107398115098, 0.0367122516036]
    },
    "beats_position": [0.626938760281, 1.27709746361, 1.91564619541, 2.55419492722, 3.21596360207, 3.87773227692, 4.55111122131, 5.23609972, 5.92108821869, 6.59446716309, 7.27945566177, 7.96444416046, 8.63782310486, 9.32281208038, 10.0078001022, 10.6811790466, 11.354557991, 12.0279359818, 12.7129249573, 13.3863039017, 14.0712919235, 14.7446708679, 15.4296598434, 16.0914287567, 16.7880268097, 17.4614048004, 18.1463947296, 18.8313827515, 19.5163707733, 20.2013607025, 20.8863487244, 21.5713367462, 22.2447166443, 22.9297046661, 23.614692688, 24.2880725861, 24.9730606079, 25.6580486298, 26.3314285278, 27.0164165497, 27.7014045715, 28.3747844696, 29.0597724915, 29.7447605133, 30.4181404114, 31.0915184021, 31.776506424, 32.4614944458, 33.146484375, 33.8314743042, 34.5164604187, 35.2014503479, 35.8748283386, 36.5598182678, 37.244808197, 37.9297943115, 38.6147842407, 39.2881622314, 39.9731521606, 40.6581382751, 41.3315200806, 42.0048980713, 42.7014961243, 43.3864860535, 44.071472168, 44.7448501587, 45.4298400879, 46.1148300171, 46.7882080078, 47.473197937, 48.1581840515],
