{
"metadata": {
    "version": {
        "essentia": "2.1-beta5",
        "essentia_git_sha": "Undefined",
        "extractor": "music 2.0"
    },
    "audio_properties": {
        "analysis": {
            "equal_loudness": 0,
            "length": 12.7477550507,
            "sample_rate": 44100,
            "start_time": 0,
            "downmix": "mix"
        },
        "bit_rate": 192000,
        "length": 199.064682007,
        "lossless": 0,
        "number_channels": 2,
        "replay_gain": 2.63297843933,
        "sample_rate": 48000,
        "codec": "mp3",
        "md5_encoded": "de837540c7f6155f7555ea919ea0def7"
    },
    "tags": {
        "file_name": "Russia_Nobody Hurt No One_Natalia Podolskaya.mp3",
        "encoding": ["Lavf58.29.100"]
    }
},
"lowlevel": {
    "average_loudness": 0.940310299397,
    "barkbands_crest": {
        "max": 16.2016067505,
        "mean": 7.1588807106,
        "min": 2.9423251152,
        "stdev": 2.40014457703
    },
    "barkbands_flatness_db": {
        "max": 0.238067045808,
        "mean": 0.173204898834,
        "min": 0.0542513467371,
        "stdev": 0.0267595611513
    },
    "barkbands_kurtosis": {
        "max": 5.91418170929,
        "mean": 0.590729415417,
        "min": -1.198995471,
        "stdev": 1.21998035908
    },
    "barkbands_skewness": {
        "max": 2.17993164062,
        "mean": 0.912010014057,
        "min": -1.87755548954,
        "stdev": 0.470103025436
    },
    "barkbands_spread": {
        "max": 77.3402633667,
        "mean": 14.4629135132,
        "min": 6.35399913788,
        "stdev": 5.37729406357
    },
    "dissonance": {
        "max": 0.500000059605,
        "mean": 0.489628195763,
        "min": 0.439935326576,
        "stdev": 0.0112130008638
    },
    "dynamic_complexity": 2.4414434433,
    "erbbands_crest": {
        "max": 17.2345714569,
        "mean": 7.77884960175,
        "min": 3.11503767967,
        "stdev": 2.69300413132
    },
    "erbbands_flatness_db": {
        "max": 0.310054630041,
        "mean": 0.247003957629,
        "min": 0.0921050012112,
        "stdev": 0.027040457353
    },
    "erbbands_kurtosis": {
        "max": 4.07976293564,
        "mean": 0.153401851654,
        "min": -1.30806565285,
        "stdev": 0.888348579407
    },
    "erbbands_skewness": {
        "max": 1.98696041107,
        "mean": 0.729985237122,
        "min": -0.88860398531,
        "stdev": 0.425047278404
    },
    "erbbands_spread": {
        "max": 41.0948562622,
        "mean": 21.9671382904,
        "min": 11.3021306992,
        "stdev": 4.99534368515
    },
    "hfc": {
        "max": 72.842414856,
        "mean": 32.2930030823,
        "min": 1.24492971825e-16,
        "stdev": 16.318605423
    },
    "loudness_ebu128": {
        "integrated": -24.3594017029,
        "loudness_range": 4.30424499512,
        "momentary": {
            "max": -21.8669528961,
            "mean": -25.0275917053,
            "min": -33.7581100464,
            "stdev": 2.58494925499
        },
        "short_term": {
            "max": -22.307964325,
            "mean": -24.0623836517,
            "min": -27.3838100433,
            "stdev": 1.58691394329
        }
    },
    "melbands_crest": {
        "max": 18.7612514496,
        "mean": 9.21064949036,
        "min": 1.89253246784,
        "stdev": 2.86100029945
    },
    "melbands_flatness_db": {
        "max": 0.188061326742,
        "mean": 0.124043010175,
        "min": 0.00476485537365,
        "stdev": 0.0269624907523
    },
    "melbands_kurtosis": {
        "max": 13.0839557648,
        "mean": 3.50565004349,
        "min": -1.29691374302,
        "stdev": 2.34006071091
    },
    "melbands_skewness": {
        "max": 2.96719551086,
        "mean": 1.47224676609,
        "min": -0.291959971189,
        "stdev": 0.466838657856
    },
    "melbands_spread": {
        "max": 184.383255005,
        "mean": 23.6974449158,
        "min": 8.56578063965,
        "stdev": 12.5053749084
    },
    "pitch_salience": {
        "max": 0.844235777855,
        "mean": 0.732889354229,
        "min": 0.500511229038,
        "stdev": 0.052262082696
    },
    "silence_rate_20dB": {
        "max": 1,
        "mean": 1,
        "min": 1,
        "stdev": 0
    },
    "silence_rate_30dB": {
        "max": 1,
        "mean": 1,
        "min": 1,
        "stdev": 0
    },
    "silence_rate_60dB": {
        "max": 1,
        "mean": 0.0236363634467,
        "min": 0,
        "stdev": 0.15191398561
    },
    "spectral_centroid": {
        "max": 10563.9736328,
        "mean": 2042.93041992,
        "min": 1361.99230957,
        "stdev": 465.544677734
    },
    "spectral_complexity": {
        "max": 50,
        "mean": 33.618183136,
        "min": 0,
        "stdev": 8.35897445679
    },
    "spectral_decrease": {
        "max": -1.52793473463e-30,
        "mean": -5.10266140452e-09,
        "min": -1.25982930754e-08,
        "stdev": 2.94670665646e-09
    },
    "spectral_energy": {
        "max": 0.0541558973491,
        "mean": 0.0221877023578,
        "min": 1.12976441154e-20,
        "stdev": 0.0125532057136
    },
    "spectral_energyband_high": {
        "max": 0.00196755025536,
        "mean": 0.000884500390384,
        "min": 7.89914348812e-21,
        "stdev": 0.000417690054746
    },
    "spectral_energyband_low": {
        "max": 0.000193763728021,
        "mean": 1.27050543597e-05,
        "min": 1.00470946787e-22,
        "stdev": 2.16453809117e-05
    },
    "spectral_energyband_middle_high": {
        "max": 0.0463624149561,
        "mean": 0.0164067987353,
        "min": 1.67256000638e-21,
        "stdev": 0.0098563991487
    },
    "spectral_energyband_middle_low": {
        "max": 0.0262714158744,
        "mean": 0.00542886881158,
        "min": 4.07848004732e-22,
        "stdev": 0.0041040754877
    },
    "spectral_entropy": {
        "max": 9.79531002045,
        "mean": 7.88230133057,
        "min": 7.59209871292,
        "stdev": 0.152322009206
    },
    "spectral_flux": {
        "max": 0.164558544755,
        "mean": 0.0883299782872,
        "min": 1.06290379276e-10,
        "stdev": 0.0278083365411
    },
    "spectral_kurtosis": {
        "max": 10.632399559,
        "mean": 3.44741296768,
        "min": -1.20527255535,
        "stdev": 1.27267706394
    },
    "spectral_rms": {
        "max": 0.00726877013221,
        "mean": 0.00443604309112,
        "min": 3.31995347012e-12,
        "stdev": 0.00140288309194
    },
    "spectral_rolloff": {
        "max": 19401.4160156,
        "mean": 2540.44726562,
        "min": 1162.79296875,
        "stdev": 1217.38867188
    },
    "spectral_skewness": {
        "max": 2.50976514816,
        "mean": 1.32398831844,
        "min": 0.0570811592042,
        "stdev": 0.188709542155
    },
    "spectral_spread": {
        "max": 40904616,
        "mean": 3517847.5,
        "min": 2554990,
        "stdev": 1803955.75
    },
    "spectral_strongpeak": {
        "max": 8.92101860046,
        "mean": 1.51757621765,
        "min": 0,
        "stdev": 1.00462555885
    },
    "zerocrossingrate": {
        "max": 0.8447265625,
        "mean": 0.0893776640296,
        "min": 0.06005859375,
        "stdev": 0.0483466722071
    },
    "barkbands": {
        "max": [5.52243272978e-06, 1.78264144779e-05, 0.000115540868137, 0.000210148980841, 0.000591027433984, 0.00217631366104, 0.00275490176864, 0.00399865955114, 0.0229073669761, 0.0224355347455, 0.0287530049682, 0.0119474781677, 0.00623616622761, 0.00434313621372, 0.0056497855112, 0.00755883241072, 0.00270393607207, 0.00506940018386, 0.00307222572155, 0.00348757696338, 0.000714860914741, 0.00105795694981, 0.00115475861821, 0.000420701748226, 0.000121285273053, 3.13522775741e-07, 4.62249083455e-08],
        "mean": [1.53544462478e-07, 1.32980881062e-06, 5.08565562995e-06, 1.47234059114e-05, 7.53628555685e-05, 0.000308732443955, 0.000334791955538, 0.000508161843754, 0.00307739968412, 0.00395013345405, 0.00457525812089, 0.00192467821762, 0.00117058528122, 0.00109441473614, 0.00112790777348, 0.000572215823922, 0.000576017715503, 0.000967046536971, 0.000754944980145, 0.000427858030889, 0.000243201095145, 0.000234719002037, 0.000143895784277, 7.42879274185e-05, 2.48041797022e-05, 6.64728139199e-09, 1.19165211032e-09],
        "min": [3.55465393949e-23, 3.06328762776e-23, 4.40263523639e-23, 2.91939434994e-23, 2.44435809003e-23, 5.015404086e-23, 9.04519147306e-23, 1.30451529759e-22, 6.82337293766e-23, 4.1958795263e-23, 1.05360786305e-22, 2.14984640051e-22, 7.04615987906e-23, 1.32132358845e-22, 1.79022907384e-22, 1.46773730842e-22, 1.32105133678e-22, 1.51716354621e-22, 2.73236274994e-22, 4.56840583593e-22, 4.04962995251e-22, 5.59786956968e-22, 7.1299212562e-22, 7.62177969092e-22, 1.37024397077e-21, 1.43107738968e-21, 2.69115114164e-21],
        "stdev": [3.66933647911e-07, 2.28283624892e-06, 1.05953959064e-05, 1.99676996999e-05, 7.21661563148e-05, 0.000271973112831, 0.000356721517164, 0.000481577095343, 0.00313690537587, 0.00377974123694, 0.00446129776537, 0.00167570298072, 0.000891806208529, 0.000716045964509, 0.000945480365772, 0.000470275292173, 0.000383231323212, 0.000800686073489, 0.000556185899768, 0.000409514585044, 0.000133138004458, 0.000152914784849, 0.00011664449994, 5.26741605427e-05, 1.5091856767e-05, 2.44447342368e-08, 2.23854224046e-09]
    },
    "erbbands": {
        "max": [0.000567861017771, 0.00583757087588, 0.0949667096138, 0.415598660707, 1.81311285496, 2.47125935555, 5.72057056427, 21.9254188538, 53.6539344788, 47.3018188477, 125.875961304, 496.905822754, 686.477966309, 977.07434082, 733.460083008, 513.375671387, 283.509124756, 226.257064819, 254.888641357, 438.046417236, 167.046340942, 157.598831177, 269.558013916, 227.709899902, 144.526992798, 149.692810059, 36.2378730774, 35.6714096069, 36.5978507996, 23.5721511841, 34.4454040527, 15.995554924, 3.91863417625, 2.02342963219, 0.525384962559, 0.0351503305137, 0.000960881821811, 7.86117161624e-05, 4.23513338319e-05, 7.09656014806e-05],
        "mean": [2.84626021312e-05, 0.000403500773245, 0.00433748308569, 0.0305494721979, 0.115843504667, 0.279927492142, 1.1453576088, 2.82814097404, 4.29066181183, 6.73776388168, 17.4007968903, 65.4979019165, 111.410423279, 169.142379761, 145.898681641, 74.7695159912, 54.1869087219, 59.6866416931, 56.2299308777, 48.8886070251, 30.7175998688, 33.8553657532, 51.4880867004, 48.1017379761, 29.6160106659, 19.9192066193, 10.997543335, 9.35327243805, 8.7536687851, 5.71776723862, 3.88704895973, 2.29589176178, 0.879707753658, 0.374544501305, 0.130000203848, 0.00704652350396, 0.000229351120652, 2.64294449153e-05, 1.80813894985e-05, 2.96288635582e-05],
        "min": [1.34345359809e-21, 6.04392600818e-21, 4.8278031329e-20, 6.18633258233e-20, 1.43253878518e-19, 3.79461448126e-20, 1.79188969547e-19, 5.14376938941e-19, 1.36460885212e-18, 1.5611922538e-18, 2.67683152886e-18, 1.65372708777e-18, 1.15583973585e-18, 2.81097003213e-18, 3.77183275104e-18, 1.02425308477e-17, 3.37513781557e-18, 5.76185311537e-18, 9.49500938251e-18, 6.9297978123e-18, 9.3183054057e-18, 7.61588746854e-18, 7.30920281181e-18, 1.30920596973e-17, 1.44216110841e-17, 2.03512801206e-17, 1.98119649787e-17, 1.75113407759e-17, 1.78319212397e-17, 1.55132694626e-17, 2.26495236976e-17, 1.99216044601e-17, 1.0920214281e-17, 1.31551280831e-17, 1.06063050288e-17, 6.24495968033e-18, 2.46861341828e-18, 1.32435141927e-18, 3.58556532557e-19, 3.88749846299e-20],
        "stdev": [5.53176287212e-05, 0.000674059905577, 0.00811078585684, 0.0450975485146, 0.157630696893, 0.277958750725, 0.943852603436, 2.71331262589, 4.93527698517, 6.32436275482, 15.4135084152, 66.6315612793, 107.951431274, 155.130706787, 133.300247192, 62.0300979614, 39.5095291138, 38.2798118591, 41.9892272949, 39.2149848938, 19.4978618622, 20.227930069, 41.7850074768, 36.3458175659, 22.0166740417, 18.1117687225, 6.21999168396, 5.17456245422, 5.65004873276, 3.69116616249, 3.41583323479, 2.05295133591, 0.527415454388, 0.228635624051, 0.0809041336179, 0.00453501287848, 0.000129381471197, 1.26964941956e-05, 8.75353362062e-06, 1.59361588885e-05]
    },
    "gfcc": {
        "mean": [-24.0789031982, 42.5058135986, -231.396469116, -0.572630882263, -106.993530273, 10.3938579559, -42.358291626, 1.36508738995, -26.3468322754, -19.5845127106, -7.74835824966, -12.7386455536, 2.75381588936],
        "cov": [[6884.68554688, 337.851196289, -1285.06640625, -138.403762817, -613.487121582, -9.89884853363, -89.4362869263, -18.5651016235, -87.7467727661, -179.111068726, 2.61766433716, -136.092147827, 11.4916315079], [337.851196289, 267.435791016, 35.8993034363, 55.2640533447, 18.3073482513, -7.9180560112, -26.4214344025, -18.9272441864, -3.34789681435, -14.2826299667, -8.92377948761, -20.3587036133, 3.13958072662], [-1285.06640625, 35.8993034363, 402.612884521, 129.08454895, 145.057052612, 37.3888626099, -24.3571414948, 8.44613742828, 15.9465293884, 42.3657646179, -11.7337741852, 38.8308029175, -19.6642360687], [-138.403762817, 55.2640533447, 129.08454895, 129.647888184, 42.4483413696, 29.3962192535, -35.9806976318, -11.046962738, 15.9345493317, 9.38875675201, 6.04023456573, 11.5190162659, -27.5926837921], [-613.487121582, 18.3073482513, 145.057052612, 42.4483413696, 119.474868774, 41.6156387329, 23.7248020172, 15.1754684448, 0.282192587852, 8.39568996429, -12.7440671921, 4.70431184769, -3.7953710556], [-9.89884853363, -7.9180560112, 37.3888626099, 29.3962192535, 41.6156387329, 75.318862915, 29.3451099396, 6.63202905655, -1.84207808971, -9.18453502655, -9.77439403534, -6.09588241577, -12.1460695267], [-89.4362869263, -26.4214344025, -24.3571414948, -35.9806976318, 23.7248020172, 29.3451099396, 80.4568252563, 17.9362258911, -5.8592247963, -12.4384288788, -3.44231963158, -17.6628875732, 4.96892356873], [-18.5651016235, -18.9272441864, 8.44613742828, -11.046962738, 15.1754684448, 6.63202905655, 17.9362258911, 47.0083618164, 5.80579280853, 8.96910572052, -8.89430522919, 0.115909934044, 4.31635332108], [-87.7467727661, -3.34789681435, 15.9465293884, 15.9345493317, 0.282192587852, -1.84207808971, -5.8592247963, 5.80579280853, 44.4549446106, 16.2694759369, 8.5962638855, 7.40345335007, -4.731985569], [-179.111068726, -14.2826299667, 42.3657646179, 9.38875675201, 8.39568996429, -9.18453502655, -12.4384288788, 8.96910572052, 16.2694759369, 42.8922309875, 13.3910589218, 13.3720684052, 0.43558999896], [2.61766433716, -8.92377948761, -11.7337741852, 6.04023456573, -12.7440671921, -9.77439403534, -3.44231963158, -8.89430522919, 8.5962638855, 13.3910589218, 37.7607574463, 15.533121109, -2.24115681648], [-136.092147827, -20.3587036133, 38.8308029175, 11.5190162659, 4.70431184769, -6.09588241577, -17.6628875732, 0.115909934044, 7.40345335007, 13.3720684052, 15.533121109, 39.6009750366, 7.59413766861], [11.4916315079, 3.13958072662, -19.6642360687, -27.5926837921, -3.7953710556, -12.1460695267, 4.96892356873, 4.31635332108, -4.731985569, 0.43558999896, -2.24115681648, 7.59413766861, 34.1926231384]],
        "icov": [[0.00287533551455, -0.00499390717596, 0.00899545196444, -0.00498013757169, 0.00997561495751, -0.00880823004991, 0.00373784801923, -0.00726238405332, 0.00512367067859, -0.000457715126686, 0.00201278994791, -0.00258361385204, 0.000419252319261], [-0.00499390717596, 0.013941324316, -0.0157446600497, 0.00561253726482, -0.0185283944011, 0.0169175192714, -0.00481132837012, 0.0132972681895, -0.00911500770599, 0.00307874963619, -0.00471183285117, 0.00989541132003, -0.00496110226959], [0.00899545196444, -0.0157446600497, 0.0361011140049, -0.0206842273474, 0.0241035278887, -0.0251802075654, 0.0102854687721, -0.020836725831, 0.0170744862407, -0.00742993690073, 0.0130914524198, -0.0152511075139, 0.00406200345606], [-0.00498013757169, 0.00561253726482, -0.0206842273474, 0.0301919635385, -0.0181702468544, 0.00633475277573, 0.00402129627764, 0.0122857242823, -0.0133152501658, 0.00513446796685, -0.0116130495444, 0.00599096948281, 0.00772529561073], [0.00997561495751, -0.0185283944011, 0.0241035278887, -0.0181702468544, 0.0558011978865, -0.0360780656338, 0.0065572024323, -0.0275693647563, 0.0193560067564, -0.00273937336169, 0.00901066232473, -0.0087485332042, -0.00129967345856], [-0.00880823004991, 0.0169175192714, -0.0251802075654, 0.00633475277573, -0.0360780656338, 0.0516080409288, -0.0223316065967, 0.0233535151929, -0.0145526733249, 0.00293150381185, 0.00128424726427, 0.00397182581946, 0.00381348724477], [0.00373784801923, -0.00481132837012, 0.0102854687721, 0.00402129627764, 0.0065572024323, -0.0223316065967, 0.0342703983188, -0.0177707821131, 0.00436652591452, 0.00918007455766, -0.0130848838016, 0.0123572880402, -0.00471081258729], [-0.00726238405332, 0.0132972681895, -0.020836725831, 0.0122857242823, -0.0275693647563, 0.0233535151929, -0.0177707821131, 0.0482604578137, -0.0160833448172, -0.00957725569606, 0.00844785105437, 0.000621382612735, -0.000811396515928], [0.00512367067859, -0.00911500770599, 0.0170744862407, -0.0133152501658, 0.0193560067564, -0.0145526733249, 0.00436652591452, -0.0160833448172, 0.0375473462045, -0.0106357084587, 0.0029692503158, -0.0078189605847, 0.00382714881562], [-0.000457715126686, 0.00307874963619, -0.00742993690073, 0.00513446796685, -0.00273937336169, 0.00293150381185, 0.00918007455766, -0.00957725569606, -0.0106357084587, 0.042556039989, -0.0197406429797, 0.00692389346659, -0.00449194014072], [0.00201278994791, -0.00471183285117, 0.0130914524198, -0.0116130495444, 0.00901066232473, 0.00128424726427, -0.0130848838016, 0.00844785105437, 0.0029692503158, -0.0197406429797, 0.0541911795735, -0.0289222728461, 0.0108430488035], [-0.00258361385204, 0.00989541132003, -0.0152511075139, 0.00599096948281, -0.0087485332042, 0.00397182581946, 0.0123572880402, 0.000621382612735, -0.0078189605847, 0.00692389346659, -0.0289222728461, 0.0563254505396, -0.0209868680686], [0.000419252319261, -0.00496110226959, 0.00406200345606, 0.00772529561073, -0.00129967345856, 0.00381348724477, -0.00471081258729, -0.000811396515928, 0.00382714881562, -0.00449194014072, 0.0108430488035, -0.0209868680686, 0.0460870340466]]
    },
    "melbands": {
        "max": [4.87034731123e-06, 3.48841167579e-05, 9.68535532593e-05, 0.000153122105985, 0.000169084014487, 0.00059176038485, 0.000697946525179, 0.000461321382318, 0.00120967964176, 0.00335075589828, 0.00338216079399, 0.00381523673423, 0.00340435490943, 0.00139353203122, 0.00132881116588, 0.000799398461822, 0.000454066001112, 0.000437736394815, 0.000505586212967, 0.0006779821706, 0.000257842533756, 0.000203194984351, 0.00019557827909, 0.000282157387119, 0.000198679583264, 0.000148080376675, 0.000160871742992, 8.11672143755e-05, 2.94311230391e-05, 1.94678505068e-05, 2.9095206628e-05, 2.42156165768e-05, 2.31155736401e-05, 1.00454581116e-05, 1.306248123e-05, 3.06936781271e-05, 7.79475703894e-06, 3.84225631933e-06, 1.61967136592e-06, 1.87557827758e-06],
        "mean": [3.12293281013e-07, 1.90406956335e-06, 7.52555206418e-06, 1.35198042699e-05, 3.44619766111e-05, 6.48646382615e-05, 6.61357771605e-05, 7.75412045186e-05, 0.000168453945662, 0.000452863867395, 0.000555528444238, 0.000671067915391, 0.000574042962398, 0.00024694041349, 0.000134406844154, 0.000121856319311, 0.000107580061012, 8.65118418005e-05, 8.81880478119e-05, 4.50063525932e-05, 3.44195577782e-05, 3.30558250425e-05, 4.24334721174e-05, 4.70101040264e-05, 3.88368498534e-05, 2.52882000495e-05, 1.81687992153e-05, 1.15588845802e-05, 6.97838777342e-06, 5.59896943741e-06, 5.46891715203e-06, 5.12053156854e-06, 4.26310498369e-06, 2.77255867331e-06, 2.20167271436e-06, 2.0281399884e-06, 1.15398847811e-06, 6.51446157462e-07, 4.0891816866e-07, 2.80179733636e-07],
        "min": [1.13525911615e-23, 1.81286010482e-23, 1.47649265473e-23, 5.96833307115e-24, 5.46098270198e-24, 1.0602847502e-23, 2.07262916101e-23, 2.22921315975e-23, 2.09522150624e-23, 8.92391325967e-24, 5.45851396178e-24, 1.07666331697e-23, 1.35649776026e-23, 2.17599944299e-23, 1.61990078309e-23, 7.09084269623e-24, 1.11874809963e-23, 1.57558178858e-23, 1.19360531974e-23, 8.31004694677e-24, 1.08570934274e-23, 8.36571764971e-24, 6.18225400484e-24, 7.77466834964e-24, 1.06993386013e-23, 1.14232612657e-23, 1.28514679022e-23, 1.30265879234e-23, 1.26428544246e-23, 1.06876358498e-23, 1.10275426032e-23, 1.0336473629e-23, 1.02008621285e-23, 7.99766907236e-24, 1.18331857353e-23, 1.61585029789e-23, 9.96155170654e-24, 6.84606231278e-24, 8.93330859305e-24, 1.21516607157e-23],
        "stdev": [5.61238152841e-07, 3.41821737493e-06, 9.75358216238e-06, 1.51584317791e-05, 2.7193371352e-05, 6.08236441622e-05, 7.24116471247e-05, 7.10378444637e-05, 0.000155167406774, 0.000466926663648, 0.000547025410924, 0.000626611756161, 0.00054142693989, 0.000214643980144, 0.000126737373648, 9.58374948823e-05, 7.2019356594e-05, 6.63109094603e-05, 7.88027100498e-05, 4.12070403399e-05, 2.67547329713e-05, 2.2903243007e-05, 3.05506691802e-05, 4.39182476839e-05, 3.1577928894e-05, 2.1847543394e-05, 1.89450056496e-05, 9.99085114017e-06, 4.30953150499e-06, 3.43753299603e-06, 3.49846482095e-06, 3.55541328645e-06, 3.23845370076e-06, 1.83465090231e-06, 1.63343713666e-06, 2.75838306152e-06, 9.9758426586e-07, 4.2929818278e-07, 2.59801993252e-07, 1.86375729072e-07]
    },
    "melbands128": {
        "max": [2.60035199062e-06, 4.62409843749e-06, 8.01709575171e-06, 1.00232400655e-05, 3.67796201317e-05, 6.3236351707e-05, 9.43345294218e-05, 0.00011316491873, 0.000232219710597, 0.00024146414944, 0.000178658883669, 0.000203982199309, 0.000219459936488, 0.000547192583326, 0.000540805282071, 0.00103659450542, 0.00166906777304, 0.000888273818418, 0.000610350049101, 0.000724908371922, 0.000743372249417, 0.0015344475396, 0.00123158213682, 0.00287606217898, 0.00392957171425, 0.00574337597936, 0.00615191506222, 0.00495707523078, 0.00489636091515, 0.00464212987572, 0.00727890245616, 0.00775380479172, 0.00509270047769, 0.00388002232648, 0.00339044630527, 0.00163228996098, 0.00285455468111, 0.00239510182291, 0.000666151870973, 0.0009232495795, 0.00143775122706, 0.000729958002921, 0.000815353065263, 0.000543369911611, 0.000581278756727, 0.000806687341537, 0.000858434883412, 0.00105934764724, 0.000684829312377, 0.00148297729902, 0.000741995463613, 0.000246765848715, 0.000159322051331, 0.000550977420062, 0.000342704210198, 0.000307657261146, 0.000267939059995, 0.000264360103756, 0.000285314279608, 0.000514108978678, 0.00051149650244, 0.00031049377867, 0.000465545250336, 0.000288681621896, 0.000201971575734, 0.000305447843857, 0.00015443484881, 0.000112730929686, 0.000293961638818, 0.000234484192333, 7.87692260928e-05, 6.74073089613e-05, 4.61603885924e-05, 4.02212062909e-05, 5.83446490054e-05, 4.01045981562e-05, 2.30922269111e-05, 2.18186632992e-05, 5.68903742533e-05, 3.3303273085e-05, 4.79219452245e-05, 2.40722092713e-05, 2.25450457947e-05, 4.34812500316e-05, 3.18128295476e-05, 1.65669116541e-05, 1.56996466103e-05, 1.35049358505e-05, 1.24837388285e-05, 3.64266197721e-05, 8.09502307675e-05, 1.49001662066e-05, 1.73382923094e-05, 1.56117621373e-05, 7.85355587141e-06, 1.056997462e-05, 3.75052013624e-06, 2.80636731986e-06, 2.9617999644e-06, 1.70752309714e-06, 2.9645120776e-06, 1.52875145432e-06, 1.57054194005e-06, 8.29475425235e-07, 6.87532065058e-07, 7.22170113931e-07, 1.49380937842e-07, 1.87063786683e-08, 6.9322442231e-10, 3.438297147e-10, 3.03996744444e-10, 3.08636005641e-10, 2.84326978628e-10, 2.63206428874e-10, 2.59313681639e-10, 2.34652158815e-10, 2.25633456363e-10, 2.2595574023e-10, 2.19643817023e-10, 2.02026936846e-10, 1.9683053798e-10, 1.86690246595e-10, 1.90639282138e-10, 1.8564483284e-10, 1.86684362413e-10, 1.79944836809e-10, 1.76947789754e-10, 1.75700731742e-10],
        "mean": [9.10628372708e-08, 1.80047763365e-07, 3.65403622027e-07, 6.3534758965e-07, 1.30575017465e-06, 2.94859637506e-06, 5.49537935512e-06, 8.03411512607e-06, 1.19236656246e-05, 1.31243878059e-05, 1.47070732055e-05, 1.7705197024e-05, 3.30588518409e-05, 6.53981260257e-05, 6.16262113908e-05, 6.64373874315e-05, 7.35331341275e-05, 6.0746595409e-05, 6.44290412311e-05, 7.41588664823e-05, 8.01271817181e-05, 9.86326558632e-05, 0.000148875289597, 0.000259410939179, 0.000417695526266, 0.000503053714056, 0.000621633778792, 0.000545495073311, 0.000510154699441, 0.000601075356826, 0.000694965245202, 0.000891942007001, 0.000560910848435, 0.000403569021728, 0.000272996985586, 0.00020411227888, 0.000194908541744, 0.000125959166326, 0.000103752958239, 0.000110720997327, 0.000132313653012, 0.000128051891807, 0.000112748224637, 9.59139943006e-05, 8.43590605655e-05, 8.04490482551e-05, 9.08802176127e-05, 0.00010927652329, 7.83391806181e-05, 5.38859530934e-05, 4.25854777859e-05, 3.28312489728e-05, 3.20703366015e-05, 3.80978635803e-05, 3.31046285282e-05, 3.2398453186e-05, 3.13455275318e-05, 3.87186810258e-05, 4.65612029075e-05, 4.98899680679e-05, 5.06260475959e-05, 4.02882469643e-05, 4.4068954594e-05, 3.75711933884e-05, 3.1470295653e-05, 2.96813013847e-05, 1.74781143869e-05, 1.51159347297e-05, 2.1845307856e-05, 1.80853403435e-05, 1.07198893602e-05, 8.72596319823e-06, 7.69290181779e-06, 6.58705721435e-06, 6.3035254243e-06, 5.79120660404e-06, 5.29416411155e-06, 4.83466374135e-06, 5.77837181481e-06, 5.73214856558e-06, 5.41978261026e-06, 4.67299014417e-06, 4.7341472964e-06, 4.7974053814e-06, 3.29500517182e-06, 2.77179128716e-06, 2.77782805824e-06, 2.31915441873e-06, 2.0078371108e-06, 2.13806310967e-06, 2.56816292676e-06, 1.78593506917e-06, 1.62908509083e-06, 1.16671469641e-06, 8.65832362251e-07, 7.40057487292e-07, 6.3006353912e-07, 4.83335611534e-07, 4.20405314117e-07, 3.65260177659e-07, 3.22041529444e-07, 2.71638270988e-07, 2.21043478632e-07, 2.00094874003e-07, 1.61945450827e-07, 1.18793714421e-07, 2.25947243138e-08, 3.67261887568e-10, 9.54325594243e-12, 7.18625549692e-12, 6.92312700223e-12, 6.7464727381e-12, 6.45683333189e-12, 6.19165352669e-12, 6.06527675306e-12, 5.9049176139e-12, 5.74730107256e-12, 5.6763686633e-12, 5.61725102197e-12, 5.45695303181e-12, 5.25456934908e-12, 5.18568521457e-12, 5.14717305236e-12, 5.01826965399e-12, 4.57285815117e-12, 3.7531440629e-12, 3.32292765352e-12, 3.24771958458e-12],
        "min": [1.76200224226e-23, 1.4658714315e-23, 5.69367931408e-24, 1.04273464609e-23, 2.5937852271e-23, 1.81474201139e-23, 9.3587460124e-24, 1.82997444215e-23, 1.74375020972e-23, 2.62522910446e-24, 9.50993219096e-25, 1.99968528358e-24, 3.7040644316e-24, 1.33515102639e-23, 1.52510936346e-23, 5.45941681308e-24, 1.01092935212e-23, 3.65119663034e-23, 1.58726592299e-23, 6.25424387333e-24, 3.62110600443e-23, 4.00515851851e-23, 7.02567095255e-24, 2.00879642982e-23, 1.36541031077e-23, 2.30376039697e-24, 3.69269260722e-24, 6.88321845028e-24, 5.30582243939e-24, 6.68520726332e-24, 9.19143019212e-24, 2.64354420642e-23, 1.19296310807e-23, 8.00003171077e-24, 8.38070995122e-24, 2.52742829879e-23, 4.95242364013e-23, 8.45827627745e-24, 4.85469063707e-24, 4.20085037552e-24, 9.07769380453e-24, 8.44725746832e-24, 8.35358102469e-24, 1.53826914108e-23, 1.40037751702e-23, 1.71599445431e-23, 1.65969992017e-23, 1.13547897168e-23, 1.21822937624e-23, 5.64359453521e-24, 5.87729852268e-24, 1.22811151568e-23, 1.36050627806e-23, 8.67074807366e-24, 9.58746676554e-24, 1.00257247523e-23, 4.15869246546e-24, 7.65108066707e-24, 7.83278925456e-24, 3.02009205006e-24, 6.78545649602e-24, 1.26910656589e-23, 8.40461243665e-24, 1.1675358334e-23, 1.06410425693e-23, 1.67282404128e-23, 6.4023876126e-24, 5.38096065175e-24, 1.80729973984e-23, 1.90428734824e-23, 1.14172659228e-23, 9.58495187697e-24, 1.52915369555e-23, 1.17357653578e-23, 1.11041662407e-23, 1.49358064411e-23, 7.49262533248e-24, 7.5223977319e-24, 9.87659690907e-24, 1.69188307852e-23, 1.27847578797e-23, 5.44617302178e-24, 9.39292183339e-24, 1.3952887331e-23, 7.00715086507e-24, 7.31541640759e-24, 8.21720827342e-24, 9.47367831312e-24, 9.83010302504e-24, 1.72606615704e-23, 1.32539865456e-23, 1.6259589193e-23, 2.06038998406e-23, 6.61746619967e-24, 5.97427871579e-24, 9.16746459782e-24, 4.93516628231e-24, 7.38900056397e-24, 9.77061581304e-24, 9.01321389186e-24, 8.52946150781e-24, 1.45015479791e-23, 1.49455252075e-23, 1.29366207037e-23, 1.22539459984e-23, 8.98687224851e-24, 1.2150609953e-23, 1.58544822969e-23, 1.24065464073e-23, 5.84740582197e-24, 8.10032196423e-24, 8.11420433844e-24, 7.05305783659e-24, 6.92498863521e-24, 9.05148942298e-24, 1.08082779257e-23, 1.55038841116e-23, 5.92197487119e-24, 7.81378638421e-24, 1.23508244284e-23, 1.32277395656e-23, 1.10702830871e-23, 1.09199869408e-23, 6.09364244265e-24, 1.76994654489e-23, 1.10041205341e-23, 1.28235871912e-23, 1.53732976551e-23],
        "stdev": [1.85527426311e-07, 4.01696240715e-07, 8.17780062334e-07, 1.08515916963e-06, 2.67385053121e-06, 6.32671117273e-06, 9.91917750071e-06, 1.06208399302e-05, 1.92405914277e-05, 2.0294877686e-05, 1.8007494873e-05, 1.92150946532e-05, 3.13363743771e-05, 6.93553665769e-05, 6.89814696671e-05, 9.2891859822e-05, 0.000113831956696, 8.97365898709e-05, 8.08778204373e-05, 9.51930269366e-05, 8.95771736396e-05, 0.000137017559609, 0.000167629346834, 0.000306708563585, 0.00052997347666, 0.000636404671241, 0.000820642453618, 0.000657184864394, 0.000602061511017, 0.000750718347263, 0.00079653976718, 0.00106714828871, 0.000657512864564, 0.000535286555532, 0.000335821358021, 0.000218695975491, 0.000265714887064, 0.000189746380784, 0.000100681005279, 0.000118125259178, 0.000136285918416, 0.000108510292193, 0.000104686594568, 8.16760584712e-05, 7.61059709475e-05, 9.2646383564e-05, 0.000105800718302, 0.000132786983158, 8.91543822945e-05, 8.29458440421e-05, 5.07318727614e-05, 2.74929825537e-05, 2.59784465015e-05, 5.06052128912e-05, 3.46826527675e-05, 3.11507137667e-05, 2.70733580692e-05, 3.48287940142e-05, 4.53887878393e-05, 6.08241243754e-05, 6.4240739448e-05, 4.4690357754e-05, 5.49896867597e-05, 3.52908173227e-05, 3.02299395116e-05, 3.65187224816e-05, 1.71411120391e-05, 1.53288056026e-05, 3.31227747665e-05, 2.65572780336e-05, 9.62174817687e-06, 7.04885496816e-06, 6.37486891719e-06, 4.99372754348e-06, 5.72251019548e-06, 4.76165814689e-06, 3.94043809138e-06, 3.57580825039e-06, 5.44816703041e-06, 4.87774241265e-06, 5.08970742885e-06, 3.89113893107e-06, 3.89108845411e-06, 4.95356061947e-06, 3.03968431581e-06, 2.13462112697e-06, 2.36122787101e-06, 1.88179308225e-06, 1.5347407043e-06, 2.40940244112e-06, 6.33051604382e-06, 1.98703082788e-06, 1.77520053057e-06, 1.31844967655e-06, 8.46030957291e-07, 7.13730059942e-07, 4.58106086398e-07, 3.70677128103e-07, 3.27733289396e-07, 2.58760906036e-07, 2.52269444445e-07, 1.98497232873e-07, 1.76643879968e-07, 1.42989463825e-07, 1.19712211699e-07, 9.25434946453e-08, 2.33904273728e-08, 1.22074195197e-09, 3.610025473e-11, 1.6136808903e-11, 1.44945375147e-11, 1.45298538826e-11, 1.35044041921e-11, 1.25886757615e-11, 1.23367973823e-11, 1.13299335192e-11, 1.09163702383e-11, 1.08287875195e-11, 1.05350181703e-11, 9.81058203425e-12, 9.55647366796e-12, 9.15354077258e-12, 9.25293175413e-12, 9.01638486095e-12, 9.03881657022e-12, 8.78669186022e-12, 8.66851555814e-12, 8.61267307473e-12]
    },
    "mfcc": {
        "mean": [-618.640197754, 63.0061569214, -73.1245574951, -29.3862304688, -41.8537712097, -16.6309528351, -12.9648694992, 2.11086535454, -11.6814994812, -6.34472465515, -9.80738544464, -12.0807828903, -10.1385374069],
        "cov": [[3803.6887207, 23.4030342102, -509.126312256, -274.959106445, -364.011505127, -139.283996582, -37.7194595337, 25.0247440338, -78.7406616211, -1.34185957909, 10.6549339294, -126.505645752, -68.4317855835], [23.4030342102, 200.047164917, 21.5896167755, 36.5418319702, 31.6726932526, 2.82156443596, 9.37760448456, -11.4228630066, 19.0774898529, -6.57833862305, -21.4962024689, -0.617650806904, -4.27655744553], [-509.126312256, 21.5896167755, 206.314819336, 100.27545929, 108.24193573, 50.0571937561, -18.388010025, 0.844968795776, -4.9490904808, -1.28150081635, -8.39180088043, 43.9044876099, 20.8993091583], [-274.959106445, 36.5418319702, 100.27545929, 96.7288360596, 75.0630722046, 22.7092571259, -15.9866733551, -6.93547725677, -7.18135786057, -3.65598487854, -3.64880537987, 30.0762634277, 12.3253355026], [-364.011505127, 31.6726932526, 108.24193573, 75.0630722046, 117.540489197, 45.0114517212, -3.08788251877, 8.17532253265, 5.94124078751, 3.01707172394, -5.52087831497, 27.8417224884, 11.3599481583], [-139.283996582, 2.82156443596, 50.0571937561, 22.7092571259, 45.0114517212, 73.7933197021, 18.6676082611, 22.5082416534, -4.12812948227, 13.0866956711, -1.82674634457, 8.26683521271, -1.79948294163], [-37.7194595337, 9.37760448456, -18.388010025, -15.9866733551, -3.08788251877, 18.6676082611, 77.3280639648, 24.5299110413, 19.7481307983, 11.3509435654, -1.37910985947, -14.4337062836, -6.3688788414], [25.0247440338, -11.4228630066, 0.844968795776, -6.93547725677, 8.17532253265, 22.5082416534, 24.5299110413, 51.4353981018, 11.596282959, 9.27381038666, 5.36690711975, -6.57097387314, -9.36401367188], [-78.7406616211, 19.0774898529, -4.9490904808, -7.18135786057, 5.94124078751, -4.12812948227, 19.7481307983, 11.596282959, 52.1247444153, 13.6975889206, 0.621912717819, -5.31955003738, -2.39062595367], [-1.34185957909, -6.57833862305, -1.28150081635, -3.65598487854, 3.01707172394, 13.0866956711, 11.3509435654, 9.27381038666, 13.6975889206, 37.9642486572, 6.54714345932, -4.08459472656, -3.15138292313], [10.6549339294, -21.4962024689, -8.39180088043, -3.64880537987, -5.52087831497, -1.82674634457, -1.37910985947, 5.36690711975, 0.621912717819, 6.54714345932, 36.023979187, 11.6979637146, 1.50718152523], [-126.505645752, -0.617650806904, 43.9044876099, 30.0762634277, 27.8417224884, 8.26683521271, -14.4337062836, -6.57097387314, -5.31955003738, -4.08459472656, 11.6979637146, 47.3975067139, 17.6061954498], [-68.4317855835, -4.27655744553, 20.8993091583, 12.3253355026, 11.3599481583, -1.79948294163, -6.3688788414, -9.36401367188, -2.39062595367, -3.15138292313, 1.50718152523, 17.6061954498, 32.9286308289]],
        "icov": [[0.000515053747222, -0.000523309456185, 0.00084601942217, 0.000214975880226, 0.000798879249487, 0.000149728803081, 0.000693290785421, -0.00104563916102, 0.00110831903294, -0.000504317635205, 0.000109999091364, 9.88682149909e-05, -7.13870540494e-05], [-0.000523309456185, 0.00700960122049, 0.000284786190605, -0.00361431576312, -0.00138243450783, -0.000474341999507, -0.00178529543336, 0.00319433072582, -0.0042481101118, 0.00204204302281, 0.00294816680253, -0.000205061165616, 0.00187072961126], [0.00084601942217, 0.000284786190605, 0.0144733041525, -0.00759962154552, -0.00326778297313, -0.00343535211869, 0.00279977521859, -0.00216199224815, 0.000651246402413, -0.000394330534618, 0.00349708669819, -0.00330938003026, -0.00206100591458], [0.000214975880226, -0.00361431576312, -0.00759962154552, 0.0300887227058, -0.0114604290575, 0.00375524070114, 0.000997580355033, 0.00164391216822, 0.00590013433248, -0.00138388690539, -0.0011495987419, -0.00450562685728, 0.00111530593131], [0.000798879249487, -0.00138243450783, -0.00326778297313, -0.0114604290575, 0.0258582085371, -0.00805429369211, 0.00214872485958, -0.00361725292169, -0.00413050781935, 0.000434741145, 0.00172305107117, -0.00143918674439, -0.001697204425], [0.000149728803081, -0.000474341999507, -0.00343535211869, 0.00375524070114, -0.00805429369211, 0.0262332614511, -0.00546981580555, -0.00783721264452, 0.00947977229953, -0.00858008768409, 0.002510917373, -0.00290896720253, 0.00325743062422], [0.000693290785421, -0.00178529543336, 0.00279977521859, 0.000997580355033, 0.00214872485958, -0.00546981580555, 0.0195843018591, -0.0069066430442, -0.00394116016105, -0.00103767344262, 0.000518675893545, 0.00355604710057, -0.00246833567508], [-0.00104563916102, 0.00319433072582, -0.00216199224815, 0.00164391216822, -0.00361725292169, -0.00783721264452, -0.0069066430442, 0.0314204618335, -0.00732931308448, 0.00230819010176, -0.00534367468208, 0.00239504594356, 0.00607039127499], [0.00110831903294, -0.0042481101118, 0.000651246402413, 0.00590013433248, -0.00413050781935, 0.00947977229953, -0.00394116016105, -0.00732931308448, 0.0305228419602, -0.0112192444503, 0.000315114244586, -0.000332983734552, -0.000467862962978], [-0.000504317635205, 0.00204204302281, -0.000394330534618, -0.00138388690539, 0.000434741145, -0.00858008768409, -0.00103767344262, 0.00230819010176, -0.0112192444503, 0.0350259020925, -0.00730904145166, 0.00465623661876, 0.000204771989956], [0.000109999091364, 0.00294816680253, 0.00349708669819, -0.0011495987419, 0.00172305107117, 0.002510917373, 0.000518675893545, -0.00534367468208, 0.000315114244586, -0.00730904145166, 0.0374823063612, -0.0150152025744, 0.00258180592209], [9.88682149909e-05, -0.000205061165616, -0.00330938003026, -0.00450562685728, -0.00143918674439, -0.00290896720253, 0.00355604710057, 0.00239504594356, -0.000332983734552, 0.00465623661876, -0.0150152025744, 0.0394346825778, -0.0143039934337], [-7.13870540494e-05, 0.00187072961126, -0.00206100591458, 0.00111530593131, -0.001697204425, 0.00325743062422, -0.00246833567508, 0.00607039127499, -0.000467862962978, 0.000204771989956, 0.00258180592209, -0.0143039934337, 0.0408817864954]]
    },
    "spectral_contrast_coeffs": {
        "max": [-0.538974523544, -0.618550777435, -0.594455659389, -0.727267682552, -0.712336063385, -0.672043025494],
        "mean": [-0.665724337101, -0.799883961678, -0.768912196159, -0.818430364132, -0.785226404667, -0.734919786453],
        "min": [-0.949011266232, -0.956792414188, -0.956422269344, -0.959802091122, -0.959704697132, -0.958847820759],
        "stdev": [0.0568703375757, 0.0512086898088, 0.0482581071556, 0.0265960469842, 0.0260700322688, 0.0276724509895]
    },
    "spectral_contrast_valleys": {
        "max": [-7.30849313736, -5.4338312149, -4.9360909462, -5.69459438324, -6.10307121277, -9.09990024567],
        "mean": [-9.25800991058, -6.51431131363, -6.05257558823, -6.57593631744, -6.77581453323, -9.83077907562],
        "min": [-27.903421402, -27.2473449707, -27.6053276062, -27.0807914734, -27.1222305298, -27.3150196075],
        "stdev": [1.03260087967, 1.14332914352, 1.21652853489, 1.11877679825, 1.09227967262, 0.943007051945]
    }
},
"rhythm": {
    "beats_count": 29,
    "beats_loudness": {
        "max": 0.0395917147398,
        "mean": 0.0216087847948,
        "min": 0.00500598037615,
        "stdev": 0.011380285956
    },
    "bpm": 147.398895264,
    "bpm_histogram_first_peak_bpm": 148,
    "bpm_histogram_first_peak_weight": 0.199999988079,
    "bpm_histogram_second_peak_bpm": 133,
    "bpm_histogram_second_peak_spread": 0.272727251053,
    "bpm_histogram_second_peak_weight": 0.285714298487,
    "danceability": 0.744187831879,
    "onset_rate": 0.54861664772,
    "beats_loudness_band_ratio": {
        "max": [0.0205535199493, 0.117294892669, 0.547357499599, 0.693488895893, 0.323475509882, 0.203156992793],
        "mean": [0.00267642969266, 0.0264967251569, 0.23405380547, 0.484086334705, 0.192597135901, 0.0903997346759],
        "min": [0.000274571677437, 0.00354441977106, 0.0531638674438, 0.202872633934, 0.0872045457363, 0.0414937660098],
        "stdev": [0.00418414594606, 0.023833418265, 0.107098773122, 0.12691873312, 0.0664089396596, 0.035982850939]
    },
    "beats_position": [0.394739210606, 0.801088392735, 1.20743763447, 1.6137868166, 2.03174591064, 2.43809509277, 2.83283448219, 3.26240348816, 3.69197273254, 4.13315200806, 4.58594083786, 5.02712011337, 5.47990942001, 5.93269824982, 6.38548755646, 6.83827638626, 7.2910656929, 7.75546455383, 8.20825386047, 8.66104316711, 9.06739234924, 9.47374153137, 9.8800907135, 10.2864398956, 10.6927890778, 11.0991382599, 11.505487442, 11.9118366241, 12.3297958374],
