{
"metadata": {
    "version": {
        "essentia": "2.1-beta5",
        "essentia_git_sha": "Undefined",
        "extractor": "music 2.0"
    },
    "audio_properties": {
        "analysis": {
            "equal_loudness": 0,
            "length": 12.7477550507,
            "sample_rate": 44100,
            "start_time": 0,
            "downmix": "mix"
        },
        "bit_rate": 192000,
        "length": 187.129623413,
        "lossless": 0,
        "number_channels": 2,
        "replay_gain": -7.10501670837,
        "sample_rate": 48000,
        "codec": "mp3",
        "md5_encoded": "53ee48ca99fcc3e64bd1a32a6a923d43"
    },
    "tags": {
        "file_name": "Sweden_Las Vegas_Martin Stenmarck.mp3",
        "encoding": ["Lavf58.29.100"]
    }
},
"lowlevel": {
    "average_loudness": 0.968168497086,
    "barkbands_crest": {
        "max": 25.2397422791,
        "mean": 14.4675321579,
        "min": 2.44416093826,
        "stdev": 6.53894329071
    },
    "barkbands_flatness_db": {
        "max": 0.271476209164,
        "mean": 0.144079342484,
        "min": 0.027136830613,
        "stdev": 0.0537399612367
    },
    "barkbands_kurtosis": {
        "max": 44.6446838379,
        "mean": 6.95503854752,
        "min": -1.6666456461,
        "stdev": 8.94829177856
    },
    "barkbands_skewness": {
        "max": 6.35509395599,
        "mean": 2.13093876839,
        "min": -1.86323475838,
        "stdev": 1.62343788147
    },
    "barkbands_spread": {
        "max": 70.59034729,
        "mean": 20.6855812073,
        "min": 3.85933971405,
        "stdev": 12.4535608292
    },
    "dissonance": {
        "max": 0.500000119209,
        "mean": 0.483122348785,
        "min": 0.40078163147,
        "stdev": 0.0169825796038
    },
    "dynamic_complexity": 2.44400954247,
    "erbbands_crest": {
        "max": 23.3736839294,
        "mean": 6.81107521057,
        "min": 2.6783080101,
        "stdev": 3.06024289131
    },
    "erbbands_flatness_db": {
        "max": 0.29911711812,
        "mean": 0.134761974216,
        "min": 0.0537002272904,
        "stdev": 0.0409241355956
    },
    "erbbands_kurtosis": {
        "max": 6.50444412231,
        "mean": 0.278708964586,
        "min": -1.3173725605,
        "stdev": 1.10908138752
    },
    "erbbands_skewness": {
        "max": 2.20074629784,
        "mean": -0.192383289337,
        "min": -1.82054889202,
        "stdev": 0.579476237297
    },
    "erbbands_spread": {
        "max": 92.867401123,
        "mean": 39.6852111816,
        "min": 7.74256563187,
        "stdev": 14.8632898331
    },
    "hfc": {
        "max": 159.13710022,
        "mean": 19.1402378082,
        "min": 1.18189193813e-16,
        "stdev": 19.1566505432
    },
    "loudness_ebu128": {
        "integrated": -15.8619804382,
        "loudness_range": 2.39884376526,
        "momentary": {
            "max": -13.017162323,
            "mean": -16.2917995453,
            "min": -23.3336410522,
            "stdev": 2.16081380844
        },
        "short_term": {
            "max": -14.2599439621,
            "mean": -15.7244873047,
            "min": -18.1324825287,
            "stdev": 0.933611214161
        }
    },
    "melbands_crest": {
        "max": 27.0498008728,
        "mean": 17.223487854,
        "min": 2.3167591095,
        "stdev": 6.14599704742
    },
    "melbands_flatness_db": {
        "max": 0.354855895042,
        "mean": 0.206754416227,
        "min": 0.0100263142958,
        "stdev": 0.0797640234232
    },
    "melbands_kurtosis": {
        "max": 118.711921692,
        "mean": 24.5210666656,
        "min": -1.44389259815,
        "stdev": 25.9037704468
    },
    "melbands_skewness": {
        "max": 9.84455490112,
        "mean": 3.81777310371,
        "min": -0.318790972233,
        "stdev": 2.42909669876
    },
    "melbands_spread": {
        "max": 187.145996094,
        "mean": 22.3070774078,
        "min": 2.38798642159,
        "stdev": 23.1701049805
    },
    "pitch_salience": {
        "max": 0.923198163509,
        "mean": 0.451937794685,
        "min": 0.124644882977,
        "stdev": 0.18055947125
    },
    "silence_rate_20dB": {
        "max": 1,
        "mean": 1,
        "min": 1,
        "stdev": 0
    },
    "silence_rate_30dB": {
        "max": 1,
        "mean": 0.998181819916,
        "min": 0,
        "stdev": 0.0426012687385
    },
    "silence_rate_60dB": {
        "max": 1,
        "mean": 0.0799999982119,
        "min": 0,
        "stdev": 0.271293669939
    },
    "spectral_centroid": {
        "max": 11460.6015625,
        "mean": 1680.68078613,
        "min": 611.582702637,
        "stdev": 761.230407715
    },
    "spectral_complexity": {
        "max": 49,
        "mean": 22.0036373138,
        "min": 0,
        "stdev": 8.38028049469
    },
    "spectral_decrease": {
        "max": 3.89936024251e-29,
        "mean": -9.68706004301e-09,
        "min": -3.15720320998e-08,
        "stdev": 6.31357099934e-09
    },
    "spectral_energy": {
        "max": 0.12300144881,
        "mean": 0.0382972881198,
        "min": 1.05729329246e-20,
        "stdev": 0.0243993531913
    },
    "spectral_energyband_high": {
        "max": 0.0186162181199,
        "mean": 0.000807975884527,
        "min": 7.18160469641e-21,
        "stdev": 0.00128776091151
    },
    "spectral_energyband_low": {
        "max": 0.0907402709126,
        "mean": 0.0272138305008,
        "min": 2.09941622677e-22,
        "stdev": 0.0225218944252
    },
    "spectral_energyband_middle_high": {
        "max": 0.0732371732593,
        "mean": 0.0059947874397,
        "min": 1.57329055786e-21,
        "stdev": 0.00912366621196
    },
    "spectral_energyband_middle_low": {
        "max": 0.0699008628726,
        "mean": 0.0051818699576,
        "min": 3.29551250104e-22,
        "stdev": 0.00701539870352
    },
    "spectral_entropy": {
        "max": 9.79813766479,
        "mean": 7.87944602966,
        "min": 7.20945644379,
        "stdev": 0.236996993423
    },
    "spectral_flux": {
        "max": 0.262580424547,
        "mean": 0.077832326293,
        "min": 1.02824769532e-10,
        "stdev": 0.0471193641424
    },
    "spectral_kurtosis": {
        "max": 14.2718639374,
        "mean": 3.91498804092,
        "min": -1.1870316267,
        "stdev": 1.34625995159
    },
    "spectral_rms": {
        "max": 0.0109545160085,
        "mean": 0.00566731579602,
        "min": 3.21170629154e-12,
        "stdev": 0.00229014246725
    },
    "spectral_rolloff": {
        "max": 19358.3496094,
        "mean": 1326.67785645,
        "min": 86.1328125,
        "stdev": 1786.3248291
    },
    "spectral_skewness": {
        "max": 3.25143790245,
        "mean": 1.4678208828,
        "min": -0.0288241580129,
        "stdev": 0.314583361149
    },
    "spectral_spread": {
        "max": 40171276,
        "mean": 4587969,
        "min": 2943691.5,
        "stdev": 1796823.75
    },
    "spectral_strongpeak": {
        "max": 8.94025039673,
        "mean": 0.726302087307,
        "min": 0,
        "stdev": 1.01399755478
    },
    "zerocrossingrate": {
        "max": 0.50732421875,
        "mean": 0.0576633512974,
        "min": 0.00732421875,
        "stdev": 0.0469269827008
    },
    "barkbands": {
        "max": [0.00634044408798, 0.0828674063087, 0.0538686923683, 0.0169364456087, 0.0445177555084, 0.0231998898089, 0.0184629093856, 0.0252648219466, 0.0206214934587, 0.0490616708994, 0.0261409562081, 0.0153749594465, 0.0127886049449, 0.021999720484, 0.029619930312, 0.00974837038666, 0.00833742879331, 0.00577757041901, 0.00224634469487, 0.00259638833813, 0.00285323173739, 0.00105959712528, 0.00283908541314, 0.00875446386635, 0.00383958523162, 0.000728998275008, 0.000138433795655],
        "mean": [8.33210651763e-05, 0.0207155253738, 0.00564597407356, 0.00110617710743, 0.0016226330772, 0.000669159053359, 0.000344631378539, 0.000484641845105, 0.00074123532977, 0.00116227439139, 0.000833219848573, 0.000559037609491, 0.000414656155044, 0.000715732981917, 0.000733411754481, 0.00042773608584, 0.000512920785695, 0.000369055051124, 0.000243999980739, 0.000231781363254, 0.000243445872911, 0.000121006152767, 9.21517785173e-05, 9.36446085689e-05, 8.25305178296e-05, 4.32250053564e-05, 4.16645752921e-06],
        "min": [5.15971419792e-23, 1.26733356945e-22, 5.25474385355e-23, 1.63705026419e-24, 4.24616215149e-23, 3.33761306092e-23, 2.51658587897e-23, 9.3337170336e-23, 1.24680867087e-22, 2.68604361437e-23, 2.01620462258e-23, 1.22202165149e-22, 1.28869377706e-22, 1.16347744381e-22, 2.33969985063e-22, 4.92698981792e-23, 2.10306152146e-22, 2.28101591991e-22, 3.06905969145e-22, 2.50752451774e-22, 3.61207745981e-22, 5.02728609828e-22, 5.15973344613e-22, 8.10617310334e-22, 1.16854114827e-21, 1.88579832295e-21, 2.08327153833e-21],
        "stdev": [0.000281830580207, 0.0207436122, 0.0089362571016, 0.00174499233253, 0.00344079383649, 0.00194978807122, 0.00125931948423, 0.00186576263513, 0.00184000609443, 0.00347180035897, 0.00230043195188, 0.000998407020234, 0.000888151989784, 0.00190987309907, 0.00192537507974, 0.000811874400824, 0.00105070800055, 0.000565876136534, 0.000293086195597, 0.000339829945005, 0.000360693986295, 0.000138943083584, 0.000187247642316, 0.000459423521534, 0.000256748637185, 9.3112430477e-05, 1.35251275424e-05]
    },
    "erbbands": {
        "max": [1.69144558907, 21.412607193, 52.7173461914, 63.5902404785, 59.9788703918, 140.487167358, 334.015838623, 59.0104980469, 287.666168213, 154.083145142, 762.665222168, 527.895263672, 824.983032227, 2028.73449707, 363.128631592, 715.043579102, 492.276031494, 1214.74023438, 1837.54467773, 930.158874512, 342.40032959, 482.622772217, 302.119232178, 188.43145752, 105.536277771, 108.712677002, 202.547180176, 71.0790634155, 39.7621536255, 49.1145782471, 113.737121582, 206.927612305, 99.0969314575, 67.1495895386, 19.5897979736, 3.82248830795, 1.24051260948, 0.281106114388, 0.031278476119, 0.000907856738195],
        "mean": [0.475390076637, 5.07077074051, 6.87686252594, 6.1443977356, 4.29844093323, 5.3102517128, 6.96536445618, 3.94901227951, 5.55956172943, 4.142370224, 16.0559597015, 15.841170311, 25.9636058807, 42.2370376587, 28.2945632935, 20.8134479523, 18.1000595093, 31.7964553833, 38.9577140808, 35.4927825928, 23.2522411346, 29.1709251404, 20.1403903961, 16.9117431641, 11.436372757, 9.93105983734, 12.1305189133, 7.47765016556, 4.65611314774, 3.41168689728, 2.60247159004, 2.12805724144, 1.41458797455, 1.0320289135, 0.509613454342, 0.222539246082, 0.0713058263063, 0.0131165534258, 0.000608223781455, 6.03315565968e-05],
        "min": [4.06499171228e-21, 2.65296694168e-20, 6.19045814563e-20, 3.34088911317e-20, 7.65298261576e-20, 1.75519441253e-19, 1.77397218792e-19, 2.31213240477e-19, 3.57797775291e-19, 1.28764972568e-18, 1.68209266194e-18, 3.10430151223e-18, 1.35278833777e-18, 9.62326001417e-19, 1.33303815987e-18, 4.94319866698e-18, 6.61473216161e-18, 5.72792878409e-18, 9.93497020672e-18, 8.29873168165e-18, 6.67211947096e-18, 9.59188050405e-18, 1.01838407289e-17, 1.79306237391e-17, 1.24100815423e-17, 1.12848106796e-17, 1.595389534e-17, 1.30157688294e-17, 1.65947303586e-17, 1.85560483828e-17, 1.49731949689e-17, 1.57348959641e-17, 1.30566431322e-17, 1.03778468426e-17, 9.8994899487e-18, 4.77966671424e-18, 4.15036217987e-18, 1.22490952379e-18, 2.94904260638e-19, 3.34029522333e-20],
        "stdev": [0.45222094655, 5.20522642136, 8.05277061462, 8.4399356842, 8.05142498016, 11.9673585892, 26.6390209198, 6.51867771149, 18.7195777893, 13.2168512344, 53.1714859009, 41.8074493408, 57.1020088196, 146.081985474, 46.2541694641, 43.5299949646, 35.2520217896, 87.6078872681, 105.296821594, 89.3185043335, 40.2925224304, 55.0252189636, 33.7638626099, 19.8656158447, 13.8240604401, 13.6325426102, 21.1796264648, 8.9729347229, 5.49496412277, 4.48662757874, 6.54584169388, 10.3190097809, 6.16241550446, 3.92384028435, 1.24762165546, 0.459577798843, 0.16290448606, 0.0328087620437, 0.00208048173226, 6.17051628069e-05]
    },
    "gfcc": {
        "mean": [7.87151098251, 73.8920822144, -122.683609009, 40.2518882751, -40.3348731995, 30.6217975616, -26.6324863434, 15.8230695724, -24.1527824402, 2.44302201271, -20.262878418, 4.09089994431, -7.14492082596],
        "cov": [[7709.35058594, 578.544006348, 410.407501221, 549.446166992, 186.816131592, 244.968215942, -114.192657471, 61.0080032349, -93.4551086426, 149.416809082, -88.678352356, 9.01002502441, -72.4402008057], [578.544006348, 1199.16369629, 498.410003662, 465.07598877, 391.941467285, 213.652694702, 303.262634277, 37.9841384888, 137.021514893, 0.402342319489, 117.964820862, -49.6386299133, 48.3008384705], [410.407501221, 498.410003662, 1042.44177246, 566.176086426, 496.605407715, 220.526977539, 258.519287109, 69.7541275024, 50.1758842468, 153.167556763, 115.99131012, 43.3506317139, 22.2064094543], [549.446166992, 465.07598877, 566.176086426, 701.66595459, 373.101623535, 136.212783813, 219.699066162, 46.5868911743, 83.1503143311, 99.1562728882, 88.240234375, -22.4972019196, 35.0750923157], [186.816131592, 391.941467285, 496.605407715, 373.101623535, 372.15057373, 152.584899902, 198.452590942, 49.3437232971, 46.1008110046, 68.1584320068, 69.248588562, 2.39866876602, 20.6278362274], [244.968215942, 213.652694702, 220.526977539, 136.212783813, 152.584899902, 189.927642822, 121.7057724, 56.9992675781, 18.1250247955, 19.6514854431, 44.7489051819, 12.4562587738, 25.6891803741], [-114.192657471, 303.262634277, 258.519287109, 219.699066162, 198.452590942, 121.7057724, 228.964645386, 32.8364601135, 35.913974762, 29.3893527985, 49.4962310791, -16.2523860931, 16.3067722321], [61.0080032349, 37.9841384888, 69.7541275024, 46.5868911743, 49.3437232971, 56.9992675781, 32.8364601135, 71.5519180298, 26.5043506622, 15.0141649246, 11.9012289047, 11.3918581009, 12.8992099762], [-93.4551086426, 137.021514893, 50.1758842468, 83.1503143311, 46.1008110046, 18.1250247955, 35.913974762, 26.5043506622, 87.3742904663, 12.5170984268, 2.96430182457, -27.7588272095, -2.80634593964], [149.416809082, 0.402342319489, 153.167556763, 99.1562728882, 68.1584320068, 19.6514854431, 29.3893527985, 15.0141649246, 12.5170984268, 82.7375564575, 29.6044921875, 18.6019687653, -2.16043949127], [-88.678352356, 117.964820862, 115.99131012, 88.240234375, 69.248588562, 44.7489051819, 49.4962310791, 11.9012289047, 2.96430182457, 29.6044921875, 85.2300186157, 37.0210456848, 33.5995292664], [9.01002502441, -49.6386299133, 43.3506317139, -22.4972019196, 2.39866876602, 12.4562587738, -16.2523860931, 11.3918581009, -27.7588272095, 18.6019687653, 37.0210456848, 73.4850387573, 31.4526023865], [-72.4402008057, 48.3008384705, 22.2064094543, 35.0750923157, 20.6278362274, 25.6891803741, 16.3067722321, 12.8992099762, -2.80634593964, -2.16043949127, 33.5995292664, 31.4526023865, 71.481628418]],
        "icov": [[0.000264736620011, -0.00045735493768, 0.000150935535203, -0.000439688563347, 0.000293098768452, -0.000627656001598, 0.000775028427597, -0.00030160532333, 0.00110466731712, -0.0010420139879, 0.00115321925841, -0.000308491435135, 0.000370345747797], [-0.00045735493768, 0.00295093981549, -0.000571888172999, 0.000618162623141, -0.00150103517808, 0.00041080111987, -0.00209689559415, 0.00199855747633, -0.00448940275237, 0.00446590874344, -0.00413783546537, 0.00142702553421, -0.000904111540876], [0.000150935535203, -0.000571888172999, 0.00353705184534, -0.00102499104105, -0.0028939684853, -0.00116540002637, 0.000579113548156, 0.000218363056774, 0.00114744971506, -0.0032592411153, 0.00140522269066, -0.00246645719744, 0.00139724893961], [-0.000439688563347, 0.000618162623141, -0.00102499104105, 0.00467798253521, -0.00272790412419, 0.00182383565698, -0.00151897442993, 0.000525175826624, -0.00260649388656, -3.9243415813e-05, -0.00309498235583, 0.00360806589015, -0.00269310711883], [0.000293098768452, -0.00150103517808, -0.0028939684853, -0.00272790412419, 0.012605285272, -0.0021973142866, -0.00215160963126, -0.0016546533443, 0.00211419980042, -0.00153809448238, 0.0019025724614, -0.000588199065533, 0.000891439791303], [-0.000627656001598, 0.00041080111987, -0.00116540002637, 0.00182383565698, -0.0021973142866, 0.0132287945598, -0.00487679755315, -0.00647708587348, -9.97270690277e-05, 0.00385198951699, -0.00409103510901, 0.00115610065404, -0.00175851816311], [0.000775028427597, -0.00209689559415, 0.000579113548156, -0.00151897442993, -0.00215160963126, -0.00487679755315, 0.012764794752, -0.00111174210906, 0.00402921950445, -0.00376254622824, 0.00107937457506, 0.00328091625124, 0.000523406313732], [-0.00030160532333, 0.00199855747633, 0.000218363056774, 0.000525175826624, -0.0016546533443, -0.00647708587348, -0.00111174210906, 0.0242524389178, -0.0107412114739, 0.000733500521164, 0.00136109231971, -0.00555223133415, -0.00189551129006], [0.00110466731712, -0.00448940275237, 0.00114744971506, -0.00260649388656, 0.00211419980042, -9.97270690277e-05, 0.00402921950445, -0.0107412114739, 0.0253967363387, -0.00935155432671, 0.00502091925591, 0.00694142049178, 0.000820475514047], [-0.0010420139879, 0.00446590874344, -0.0032592411153, -3.9243415813e-05, -0.00153809448238, 0.00385198951699, -0.00376254622824, 0.000733500521164, -0.00935155432671, 0.0276897512376, -0.0108657134697, -0.003147353651, 0.00370559329167], [0.00115321925841, -0.00413783546537, 0.00140522269066, -0.00309498235583, 0.0019025724614, -0.00409103510901, 0.00107937457506, 0.00136109231971, 0.00502091925591, -0.0108657134697, 0.0303503237665, -0.013402659446, -0.00302383792587], [-0.000308491435135, 0.00142702553421, -0.00246645719744, 0.00360806589015, -0.000588199065533, 0.00115610065404, 0.00328091625124, -0.00555223133415, 0.00694142049178, -0.003147353651, -0.013402659446, 0.0332041718066, -0.0104062790051], [0.000370345747797, -0.000904111540876, 0.00139724893961, -0.00269310711883, 0.000891439791303, -0.00175851816311, 0.000523406313732, -0.00189551129006, 0.000820475514047, 0.00370559329167, -0.00302383792587, -0.0104062790051, 0.0226050335914]]
    },
    "melbands": {
        "max": [0.0200556255877, 0.0202811025083, 0.00962341763079, 0.00763617269695, 0.0120511502028, 0.00199753395282, 0.00412080483511, 0.00216001318768, 0.00657656835392, 0.0028328539338, 0.00502866413444, 0.00811906903982, 0.00230023940094, 0.00117658218369, 0.0015961319441, 0.00134070857894, 0.00233177724294, 0.00281887175515, 0.00114588974975, 0.00104791345075, 0.000423565245001, 0.000616543344222, 0.000658474629745, 0.000330171431415, 0.000171316045453, 7.53230342525e-05, 9.11056631594e-05, 8.85195695446e-05, 0.000155143541633, 4.53595166618e-05, 4.18848103436e-05, 2.52663776337e-05, 2.23076076509e-05, 2.94579458568e-05, 5.83639084653e-05, 0.000119970718515, 0.000117602729006, 7.86310920375e-05, 5.93669028603e-05, 4.97409855598e-05],
        "mean": [0.00535513879731, 0.00467345863581, 0.000992012093775, 0.000362347025657, 0.000229157943977, 9.89614636637e-05, 8.03597213235e-05, 4.75564447697e-05, 0.000151561020175, 9.10965754883e-05, 0.000133426161483, 0.000175939538167, 0.000100263518107, 6.50969668641e-05, 4.6544457291e-05, 4.30385625805e-05, 6.13424563198e-05, 6.38813653495e-05, 5.57913808734e-05, 3.6281919165e-05, 2.5474895665e-05, 3.18964666803e-05, 2.21552909352e-05, 1.5827754396e-05, 1.36083008329e-05, 8.64283902047e-06, 7.40569157642e-06, 6.46894613965e-06, 8.34122056403e-06, 4.96749726153e-06, 4.31971375292e-06, 2.62779008153e-06, 2.17763295041e-06, 1.76302194177e-06, 1.53149574089e-06, 1.38644293202e-06, 1.2425556406e-06, 1.01831562915e-06, 9.05092917947e-07, 8.47146679916e-07],
        "min": [3.83076693146e-23, 3.31190219075e-23, 6.72102075956e-24, 1.10690122321e-23, 5.50135068665e-24, 5.75193669193e-24, 5.19960784053e-24, 1.75768575316e-23, 1.39376954476e-23, 1.92761443852e-23, 6.11162452698e-24, 3.85866775839e-24, 3.75178775535e-24, 7.6653014626e-24, 1.86628933838e-23, 1.34184340677e-23, 9.24222021264e-24, 1.52612131423e-23, 1.69335304193e-23, 4.95684536328e-24, 9.68915172508e-24, 1.19246194474e-23, 5.19699276663e-24, 1.23226052961e-23, 1.49577225748e-23, 1.06509798501e-23, 8.96304628259e-24, 6.8472282492e-24, 9.65780002612e-24, 9.32729807241e-24, 7.28297213628e-24, 1.09873990495e-23, 8.054895409e-24, 1.09168985504e-23, 9.20576852794e-24, 6.95857438825e-24, 1.02656410194e-23, 8.87137748996e-24, 9.16106535816e-24, 8.4780175216e-24],
        "stdev": [0.00524077890441, 0.00415134336799, 0.00131331535522, 0.000741240393836, 0.000800748646725, 0.000188511694432, 0.000276418257272, 0.00017225688498, 0.000475362117868, 0.000223457886023, 0.000330756447511, 0.000604552275036, 0.000206624987186, 0.00010112819291, 0.00011052168702, 9.32845432544e-05, 0.000175635141204, 0.000175872599357, 0.000129638661747, 8.63475652295e-05, 4.47934580734e-05, 6.36689001112e-05, 4.8737070756e-05, 2.47943225986e-05, 1.66794488905e-05, 1.06652378236e-05, 1.03610918814e-05, 9.78423850029e-06, 1.54783574544e-05, 6.99634347257e-06, 5.40013206773e-06, 3.28287183038e-06, 2.59466673924e-06, 2.56811836152e-06, 3.6720434764e-06, 5.68674613532e-06, 6.29012083664e-06, 4.83812846142e-06, 3.51229959961e-06, 3.0388439427e-06]
    },
    "melbands128": {
        "max": [0.00346954725683, 0.0108509007841, 0.0351067334414, 0.0389058217406, 0.0267487782985, 0.0269337631762, 0.0155390510336, 0.00774958636612, 0.00824498385191, 0.0133722079918, 0.00722225382924, 0.0190949905664, 0.0145413950086, 0.0071292608045, 0.000817881664261, 0.00259328098036, 0.00460881274194, 0.00604101223871, 0.00441685225815, 0.00172728917096, 0.00499665457755, 0.00643633399159, 0.0124546550214, 0.00641402974725, 0.00565599696711, 0.000812233076431, 0.00100197340362, 0.00219751079567, 0.0152126597241, 0.00863593071699, 0.0158044025302, 0.00785008072853, 0.00178092624992, 0.00244307774119, 0.0012835371308, 0.0018332474865, 0.00412564445287, 0.00206923880614, 0.0024332376197, 0.000750463455915, 0.0026499228552, 0.00213320716284, 0.00479933759198, 0.00324340746738, 0.00373758934438, 0.00423901481554, 0.00510081136599, 0.00156117649749, 0.00269496417604, 0.00341685116291, 0.000880820618477, 0.000854415004142, 0.000373801245587, 0.000396456103772, 0.00123618321959, 0.00122396275401, 0.00084224290913, 0.00149695645086, 0.000633680436295, 0.000275638856692, 0.000530365796294, 0.000254625978414, 0.000219975889195, 0.000212213388295, 0.000125984966871, 0.000121672659589, 7.07583240001e-05, 0.000181394207175, 6.67822532705e-05, 9.06088025658e-05, 5.16476138728e-05, 0.000157873117132, 0.000190280130482, 0.000182361342013, 0.00015809694014, 4.39558752987e-05, 5.38406311534e-05, 3.16804762406e-05, 7.15249043424e-05, 2.95772679237e-05, 3.77579599444e-05, 2.7706813853e-05, 2.9855995308e-05, 2.06973854802e-05, 1.86006254808e-05, 2.96358739433e-05, 3.79006523872e-05, 4.35310066678e-05, 8.67978087626e-05, 4.36073351011e-05, 6.31630246062e-05, 0.000151192696649, 0.000231627578614, 8.28784104669e-05, 9.72280176939e-05, 0.000131762426463, 8.45375252538e-05, 4.58493632323e-05, 4.78407055198e-05, 8.68598508532e-05, 0.000103493919596, 3.30269176629e-05, 4.02867335652e-05, 3.46838714904e-05, 2.08391757042e-05, 1.7122925783e-05, 1.25845481307e-05, 8.51498498378e-06, 7.38596190786e-06, 6.27112831353e-06, 6.84918813931e-06, 4.53223128716e-06, 5.81286258239e-06, 3.82570988222e-06, 3.12274823955e-06, 2.59119474322e-06, 2.73067848866e-06, 2.68275880444e-06, 1.53721214247e-06, 1.0152999721e-06, 9.1627822485e-07, 9.31575414143e-07, 1.72829771827e-07, 5.3455004867e-09, 5.21679499599e-09, 5.13653564127e-09, 5.08155562073e-09, 5.0509156857e-09],
        "mean": [7.17146976967e-05, 0.00240915641189, 0.00923206284642, 0.00802446715534, 0.00400888174772, 0.0028335233219, 0.00132519856561, 0.000421560544055, 0.000399565557018, 0.000464486249257, 0.000254715210758, 0.000209741876461, 0.00028962714714, 0.000168634360307, 6.34656244074e-05, 7.6543627074e-05, 9.5387622423e-05, 9.24747582758e-05, 4.89612066303e-05, 3.02623375319e-05, 5.08740267833e-05, 8.30833378132e-05, 0.000193741405383, 0.000191531624296, 8.96807905519e-05, 5.56381164643e-05, 7.02837496647e-05, 0.000126373925013, 0.000220256712055, 0.000153948087245, 0.000201654576813, 0.000134397705551, 7.2086462751e-05, 9.73383575911e-05, 8.11107020127e-05, 4.60709961771e-05, 5.27695956407e-05, 5.70558004256e-05, 3.58466277248e-05, 2.69500378636e-05, 4.8530400818e-05, 5.84558110859e-05, 5.97011239734e-05, 5.51580706087e-05, 8.61867229105e-05, 5.66810595046e-05, 5.46861738258e-05, 5.6871187553e-05, 5.90022245888e-05, 4.60299816041e-05, 3.17082485708e-05, 2.90536445391e-05, 2.24810846703e-05, 2.22782509809e-05, 3.49106267095e-05, 3.33005664288e-05, 3.16076802847e-05, 2.27164673561e-05, 2.03311537916e-05, 1.69242466654e-05, 1.51338363139e-05, 1.39539642987e-05, 1.81217455975e-05, 1.1330605048e-05, 1.16584433272e-05, 7.66528410168e-06, 6.54299310554e-06, 1.05738017737e-05, 6.04177967034e-06, 6.10432698522e-06, 5.0554963309e-06, 7.58755868446e-06, 8.78741138877e-06, 8.66169739311e-06, 8.7667549451e-06, 3.72707336282e-06, 4.43503540737e-06, 3.67856796402e-06, 5.61553497391e-06, 3.148763426e-06, 2.76712194136e-06, 2.24155110118e-06, 2.51837082033e-06, 2.12661416299e-06, 1.93043706531e-06, 1.98907900995e-06, 1.57637020948e-06, 1.58348780133e-06, 1.69550139617e-06, 1.30423200062e-06, 1.3392651681e-06, 1.39116991704e-06, 1.56429177878e-06, 1.14177919386e-06, 1.11018562166e-06, 1.20714923924e-06, 9.31127431159e-07, 9.03346290215e-07, 7.90814340235e-07, 9.97045844997e-07, 1.02124204204e-06, 7.08862444299e-07, 8.31361546716e-07, 6.85303518821e-07, 5.38262156624e-07, 4.72568530085e-07, 4.67121878955e-07, 4.53165540648e-07, 3.70858231236e-07, 3.25738398033e-07, 3.24361508319e-07, 2.46783656621e-07, 2.24036654117e-07, 1.71879818822e-07, 1.62335467735e-07, 1.31123044866e-07, 8.84357262976e-08, 5.75808378755e-08, 1.84649024959e-08, 7.08611036515e-09, 6.96826063518e-09, 6.15192918829e-09, 2.09513428828e-09, 4.74042402554e-11, 1.44206356925e-11, 1.41264968473e-11, 1.39401962196e-11, 1.38514252152e-11],
        "min": [3.02126784724e-23, 3.58518159435e-23, 3.94526251879e-23, 4.71022220076e-23, 3.64142863907e-23, 2.4459366007e-23, 6.08857637792e-24, 1.03263627987e-24, 5.38101863303e-24, 1.90481209851e-23, 9.26214762797e-24, 1.54650648581e-24, 6.46813877461e-24, 7.98707703698e-24, 2.73354266497e-24, 7.3946779959e-24, 6.14769874175e-24, 4.87439046602e-24, 3.09297155643e-24, 1.25248424109e-23, 3.0691902006e-23, 1.89931058256e-23, 4.43665707174e-24, 1.68889771331e-23, 2.67195045653e-23, 1.76210779185e-23, 9.43478904822e-24, 4.87104293477e-24, 3.05009183864e-24, 4.73321000197e-24, 2.3546411365e-24, 5.74036055258e-24, 1.75410696733e-24, 3.80394921056e-24, 7.77277666119e-24, 3.04419766717e-24, 1.66777391153e-23, 2.59453243615e-23, 1.48387844384e-23, 1.23040639094e-23, 1.25479150147e-23, 1.65752140189e-23, 8.31370647251e-24, 6.15598533113e-24, 8.74342030683e-24, 2.28440660185e-23, 1.17558955104e-23, 2.18051125405e-23, 2.07852494964e-23, 3.83333427928e-24, 3.68203588525e-24, 2.9943227253e-24, 2.95812623709e-24, 1.61422114235e-23, 1.89642003843e-23, 1.02914336156e-23, 7.99811083446e-24, 3.32322210808e-24, 4.88102991383e-24, 6.63757978617e-24, 1.77325991846e-23, 9.17575079277e-24, 1.44116067919e-23, 1.65339392386e-23, 1.8432389805e-23, 1.10980628238e-23, 3.7913329581e-24, 8.65785966419e-24, 1.17872748195e-23, 8.5758615174e-24, 4.57671656445e-24, 6.36628815428e-24, 1.04273401501e-23, 9.11268767429e-24, 1.05514106155e-23, 1.27443784566e-23, 6.00114179619e-24, 5.78131702748e-24, 6.16594193904e-24, 1.00939430768e-23, 1.57318933122e-23, 9.23218195763e-24, 4.15228967592e-24, 7.48992742818e-24, 1.25115295943e-23, 1.01699608691e-23, 1.07422202913e-23, 1.1367560586e-23, 8.54339989115e-24, 8.92927672496e-24, 5.5950117475e-24, 4.23759236104e-24, 1.32542105821e-23, 1.16840902354e-23, 7.62533619142e-24, 7.86499371215e-24, 1.10490832391e-23, 6.60487795177e-24, 1.15903459497e-23, 8.62744670971e-24, 7.28104179364e-24, 7.56974279685e-24, 1.05725063338e-23, 1.16171191e-23, 1.17673442487e-23, 1.22496190963e-23, 1.0648927234e-23, 8.53486520501e-24, 6.67576617601e-24, 4.42510065391e-24, 1.32431681072e-23, 1.04556996996e-23, 1.79634687949e-23, 1.27947795687e-23, 1.48783473905e-23, 1.21176111124e-23, 6.46355154845e-24, 8.14113841633e-24, 5.81843372194e-24, 6.35926334792e-24, 1.04470924383e-23, 1.44706766965e-23, 8.15114511691e-24, 6.86039985974e-24, 1.15948203688e-23, 1.07828545165e-23, 1.20394349967e-23, 1.57245143073e-23],
        "stdev": [0.000167464226251, 0.00245299818926, 0.0094581823796, 0.00889280345291, 0.00425628386438, 0.00446551851928, 0.00191107753199, 0.000688404834364, 0.000912750780117, 0.00115861580707, 0.000683605438098, 0.000939115765505, 0.00126867182553, 0.000589222006965, 9.64312639553e-05, 0.000177159919986, 0.000303367181914, 0.00042880885303, 0.000228097793297, 0.000111868095701, 0.000315658835461, 0.000395129754907, 0.000779262278229, 0.000666567706503, 0.000386011815863, 8.89159709914e-05, 9.58509699558e-05, 0.000224052593694, 0.000953200680669, 0.000592823431361, 0.00101981160697, 0.000534677994438, 0.000171524225152, 0.000199944464839, 0.000135753609356, 0.000104570463009, 0.00021246628603, 0.00014053475752, 0.00011346541578, 5.29800236109e-05, 0.00013449031394, 0.000184660369996, 0.000267481227638, 0.000192438223166, 0.00029102928238, 0.000209039120818, 0.000243376023718, 0.000145014491864, 0.000216133499634, 0.000195982909645, 6.86945422785e-05, 6.57718701405e-05, 3.97366384277e-05, 4.04249221901e-05, 9.86040831776e-05, 8.19958586362e-05, 7.60161783546e-05, 8.18861735752e-05, 4.99322486576e-05, 2.75518232229e-05, 3.73990769731e-05, 1.86142806342e-05, 2.65423896053e-05, 1.9708315449e-05, 1.56694950419e-05, 1.26130862554e-05, 9.12719860935e-06, 1.86566740012e-05, 8.16817464511e-06, 9.7617139545e-06, 7.72485600464e-06, 1.40112078952e-05, 2.27147829719e-05, 1.90729551832e-05, 1.85139360838e-05, 5.57161411052e-06, 6.49668209007e-06, 4.46672356702e-06, 8.75091245689e-06, 4.25586949859e-06, 4.09737594964e-06, 3.36918492394e-06, 3.58327451977e-06, 2.80078529613e-06, 2.59574312622e-06, 2.78977699963e-06, 2.93311836685e-06, 2.90675779979e-06, 5.45879311176e-06, 2.9157474728e-06, 3.84853137803e-06, 6.85410986989e-06, 1.0345352166e-05, 5.21159154232e-06, 5.28898272023e-06, 6.94643767929e-06, 4.65619905299e-06, 3.02121338791e-06, 2.65713879344e-06, 4.47412458016e-06, 5.25542236574e-06, 2.16545981857e-06, 2.28982639783e-06, 1.98828956854e-06, 1.37702375014e-06, 1.08510221253e-06, 1.10906898954e-06, 9.4229659453e-07, 8.03639693459e-07, 7.45537988678e-07, 7.95524954356e-07, 5.91137563788e-07, 5.96448501256e-07, 4.05488464139e-07, 3.84662314445e-07, 3.14426500836e-07, 2.65909022801e-07, 2.11337521705e-07, 1.01513911943e-07, 5.5577860536e-08, 5.25816084007e-08, 5.11855020591e-08, 1.35925937172e-08, 4.01829264307e-10, 2.22139071027e-10, 2.1872523237e-10, 2.16385964702e-10, 2.15081549793e-10]
    },
    "mfcc": {
        "mean": [-629.981079102, 103.890991211, -13.3767442703, 21.5633468628, 11.5493030548, 18.2229614258, 11.6255617142, 14.542881012, 9.77914428711, 3.27522444725, -0.141538530588, -1.94234395027, -2.91880607605],
        "cov": [[3168.18847656, 282.331268311, 397.868133545, 318.664031982, 296.119293213, 193.969177246, 78.2592468262, -26.9031295776, 73.4235687256, 36.2092514038, 41.418838501, -2.83245015144, 29.2628936768], [282.331268311, 840.757446289, 276.927307129, 246.541320801, 187.778701782, 231.194992065, 203.292144775, 146.820236206, 91.4144439697, 61.7613563538, 86.7477493286, 58.5265541077, 53.9706611633], [397.868133545, 276.927307129, 538.588195801, 392.076751709, 268.835723877, 237.719314575, 219.371627808, 69.9678955078, 79.235168457, 82.2344436646, 56.2998313904, 90.2313690186, 116.001922607], [318.664031982, 246.541320801, 392.076751709, 630.00213623, 261.123657227, 256.138763428, 207.538101196, 51.7237701416, 101.423225403, 110.248344421, 47.6449546814, 113.870765686, 119.082702637], [296.119293213, 187.778701782, 268.835723877, 261.123657227, 251.968460083, 151.676483154, 131.034484863, 60.5761032104, 61.2292022705, 53.9056739807, 46.405216217, 48.749168396, 59.6577148438], [193.969177246, 231.194992065, 237.719314575, 256.138763428, 151.676483154, 220.916046143, 179.727935791, 72.9479293823, 68.2814254761, 72.2318725586, 42.0608177185, 57.1292228699, 56.8599205017], [78.2592468262, 203.292144775, 219.371627808, 207.538101196, 131.034484863, 179.727935791, 241.995071411, 87.5793380737, 51.8030929565, 56.1599617004, 27.4841976166, 47.9523544312, 62.1594161987], [-26.9031295776, 146.820236206, 69.9678955078, 51.7237701416, 60.5761032104, 72.9479293823, 87.5793380737, 105.008911133, 46.3450202942, 31.6602420807, 26.2212619781, 13.6451215744, 5.07890844345], [73.4235687256, 91.4144439697, 79.235168457, 101.423225403, 61.2292022705, 68.2814254761, 51.8030929565, 46.3450202942, 82.4042816162, 55.2315444946, 20.0263996124, 18.9831638336, 12.1609621048], [36.2092514038, 61.7613563538, 82.2344436646, 110.248344421, 53.9056739807, 72.2318725586, 56.1599617004, 31.6602420807, 55.2315444946, 84.5377731323, 30.9901237488, 24.152639389, 21.8035697937], [41.418838501, 86.7477493286, 56.2998313904, 47.6449546814, 46.405216217, 42.0608177185, 27.4841976166, 26.2212619781, 20.0263996124, 30.9901237488, 66.8521652222, 25.8631210327, -0.0551846511662], [-2.83245015144, 58.5265541077, 90.2313690186, 113.870765686, 48.749168396, 57.1292228699, 47.9523544312, 13.6451215744, 18.9831638336, 24.152639389, 25.8631210327, 71.3789978027, 43.3250617981], [29.2628936768, 53.9706611633, 116.001922607, 119.082702637, 59.6577148438, 56.8599205017, 62.1594161987, 5.07890844345, 12.1609621048, 21.8035697937, -0.0551846511662, 43.3250617981, 86.3448562622]],
        "icov": [[0.000407691521104, -8.17472100607e-05, -0.000215743086301, 1.05219069155e-05, -0.000372333859559, -0.000326890178258, 0.000201148999622, 0.000632931245491, -0.000318115722621, 0.000260358472588, -5.14070306963e-05, 0.000483460782561, 0.000215183972614], [-8.17472100607e-05, 0.00206337450072, -0.000124799262267, -9.33077535592e-05, 0.000259055290371, -0.00147115206346, 0.000157121787197, -0.00179231143557, -0.000685102539137, 0.0015787325101, -0.00185737025458, 0.000669604691211, -0.000822904461529], [-0.000215743086301, -0.000124799262267, 0.00583299901336, -0.000680686614942, -0.00297067966312, -0.00136084924452, -0.00132196582854, 0.000721352524124, -0.000192408333533, 0.000340963597409, -0.00090354855638, -0.000392556685256, -0.00275127356872], [1.05219069155e-05, -9.33077535592e-05, -0.000680686614942, 0.00475785555318, -0.00218992424197, -0.00234201760031, -8.89444636414e-05, 0.0022524013184, -0.00126743956935, -0.00170177186374, 0.00183160800952, -0.00315280817449, -0.000414302747231], [-0.000372333859559, 0.000259055290371, -0.00297067966312, -0.00218992424197, 0.0113448072225, -0.00112146767788, 0.000356512784492, -0.00276386924088, -0.00159853196237, 0.00248616863973, -0.00398919032887, 0.00268588820472, -0.00197134097107], [-0.000326890178258, -0.00147115206346, -0.00136084924452, -0.00234201760031, -0.00112146767788, 0.020150186494, -0.00856118090451, -0.000134179921588, -0.00119259627536, -0.00421419134364, -0.00011021514365, -0.00252643786371, 0.00226492807269], [0.000201148999622, 0.000157121787197, -0.00132196582854, -8.89444636414e-05, 0.000356512784492, -0.00856118090451, 0.0135411443189, -0.00644985586405, 0.00305642606691, -0.000466589117423, 0.00188643834554, 0.000934766372666, -0.00302561605349], [0.000632931245491, -0.00179231143557, 0.000721352524124, 0.0022524013184, -0.00276386924088, -0.000134179921588, -0.00644985586405, 0.0214782636613, -0.00856862403452, 0.00101822905708, -0.00190764595754, -0.000113252513984, 0.00321342027746], [-0.000318115722621, -0.000685102539137, -0.000192408333533, -0.00126743956935, -0.00159853196237, -0.00119259627536, 0.00305642606691, -0.00856862403452, 0.0291385240853, -0.0156900789589, 0.00554213020951, -0.00227173534222, 0.00373756722547], [0.000260358472588, 0.0015787325101, 0.000340963597409, -0.00170177186374, 0.00248616863973, -0.00421419134364, -0.000466589117423, 0.00101822905708, -0.0156900789589, 0.0286949891597, -0.0108006577939, 0.00420987838879, -0.00500817410648], [-5.14070306963e-05, -0.00185737025458, -0.00090354855638, 0.00183160800952, -0.00398919032887, -0.00011021514365, 0.00188643834554, -0.00190764595754, 0.00554213020951, -0.0108006577939, 0.0276068691164, -0.011852953583, 0.00936105195433], [0.000483460782561, 0.000669604691211, -0.000392556685256, -0.00315280817449, 0.00268588820472, -0.00252643786371, 0.000934766372666, -0.000113252513984, -0.00227173534222, 0.00420987838879, -0.011852953583, 0.0293803885579, -0.0120579227805], [0.000215183972614, -0.000822904461529, -0.00275127356872, -0.000414302747231, -0.00197134097107, 0.00226492807269, -0.00302561605349, 0.00321342027746, 0.00373756722547, -0.00500817410648, 0.00936105195433, -0.0120579227805, 0.0249447114766]]
    },
    "spectral_contrast_coeffs": {
        "max": [-0.430123180151, -0.466992646456, -0.554427504539, -0.647267341614, -0.632391929626, -0.641409933567],
        "mean": [-0.72451043129, -0.806215107441, -0.789509356022, -0.823439717293, -0.795873463154, -0.765927791595],
        "min": [-0.943283379078, -0.96834051609, -0.954199314117, -0.966419875622, -0.957000911236, -0.959038496017],
        "stdev": [0.0712940320373, 0.0740393847227, 0.05237749964, 0.040885746479, 0.0360313914716, 0.0318672172725]
    },
    "spectral_contrast_valleys": {
        "max": [-5.15029811859, -5.59883022308, -5.39675807953, -5.73212814331, -6.03041505814, -7.49183034897],
        "mean": [-6.81486368179, -7.09844303131, -6.9799284935, -7.045753479, -7.26654195786, -9.9305896759],
        "min": [-27.9994392395, -27.0633907318, -27.5204219818, -27.2194099426, -27.4699287415, -27.2266349792],
        "stdev": [1.54633355141, 1.07090330124, 1.07346391678, 1.05410599709, 1.06005978584, 1.03485679626]
    }
},
"rhythm": {
    "beats_count": 27,
    "beats_loudness": {
        "max": 0.0906138569117,
        "mean": 0.0454183332622,
        "min": 0.00375818787143,
        "stdev": 0.0254467241466
    },
    "bpm": 129.600128174,
    "bpm_histogram_first_peak_bpm": 129,
    "bpm_histogram_first_peak_weight": 0.346153855324,
    "bpm_histogram_second_peak_bpm": 0,
    "bpm_histogram_second_peak_spread": 0,
    "bpm_histogram_second_peak_weight": 0,
    "danceability": 1.21284985542,
    "onset_rate": 3.68356895447,
    "beats_loudness_band_ratio": {
        "max": [0.943029999733, 0.197460189462, 0.481050640345, 0.716138064861, 0.551164507866, 0.400949031115],
        "mean": [0.582245588303, 0.0607127845287, 0.0622344687581, 0.118264138699, 0.120237067342, 0.0715178772807],
        "min": [0.00349897309206, 0.00626791827381, 0.00440807919949, 0.0134756816551, 0.00639365520328, 0.00615152856335],
        "stdev": [0.354479402304, 0.0535738505423, 0.101953871548, 0.155284687877, 0.13720330596, 0.111441716552]
    },
    "beats_position": [0.429569154978, 0.882358253002, 1.33514738083, 1.78793644905, 2.2523355484, 2.71673464775, 3.1811337471, 3.64553284645, 4.1099319458, 4.58594083786, 5.05034017563, 5.50312900543, 5.9675283432, 6.43192720413, 6.90793657303, 7.38394546509, 7.84834432602, 8.31274318695, 8.77714252472, 9.24154186249, 9.70594120026, 10.1703395844, 10.6347389221, 11.0991382599, 11.5635375977, 12.0163259506, 12.4691152573],
