{
"metadata": {
    "version": {
        "essentia": "2.1-beta5",
        "essentia_git_sha": "Undefined",
        "extractor": "music 2.0"
    },
    "audio_properties": {
        "analysis": {
            "equal_loudness": 0,
            "length": 32.4963264465,
            "sample_rate": 44100,
            "start_time": 61.4980506897,
            "downmix": "mix"
        },
        "bit_rate": 192000,
        "length": 220.357376099,
        "lossless": 0,
        "number_channels": 2,
        "replay_gain": -1.59489250183,
        "sample_rate": 48000,
        "codec": "mp3",
        "md5_encoded": "71cecb0f2ada8f999abd42de0bdd4102"
    },
    "tags": {
        "file_name": "Israel_Shir Habatlanim_Datner and Kushnir.mp3",
        "encoding": ["Lavf58.29.100"]
    }
},
"lowlevel": {
    "average_loudness": 0.964020609856,
    "barkbands_crest": {
        "max": 22.7808818817,
        "mean": 8.76970481873,
        "min": 2.85417747498,
        "stdev": 3.45192551613
    },
    "barkbands_flatness_db": {
        "max": 0.307653456926,
        "mean": 0.142734065652,
        "min": 0.0272691473365,
        "stdev": 0.0406210981309
    },
    "barkbands_kurtosis": {
        "max": 50.9226760864,
        "mean": 1.98810315132,
        "min": -1.93341159821,
        "stdev": 4.20764255524
    },
    "barkbands_skewness": {
        "max": 6.0399723053,
        "mean": 1.20129835606,
        "min": -2.90909647942,
        "stdev": 0.912392914295
    },
    "barkbands_spread": {
        "max": 98.963104248,
        "mean": 23.6233158112,
        "min": 2.47754979134,
        "stdev": 13.2289934158
    },
    "dissonance": {
        "max": 0.499694913626,
        "mean": 0.466972649097,
        "min": 0.304286837578,
        "stdev": 0.0248578302562
    },
    "dynamic_complexity": 2.85703897476,
    "erbbands_crest": {
        "max": 26.9311714172,
        "mean": 9.17713069916,
        "min": 2.71164107323,
        "stdev": 4.26202201843
    },
    "erbbands_flatness_db": {
        "max": 0.33136895299,
        "mean": 0.175642386079,
        "min": 0.0867800787091,
        "stdev": 0.0359233431518
    },
    "erbbands_kurtosis": {
        "max": 36.6976623535,
        "mean": 0.248942553997,
        "min": -1.77540540695,
        "stdev": 2.31213140488
    },
    "erbbands_skewness": {
        "max": 3.02588319778,
        "mean": 0.0316673032939,
        "min": -4.47255563736,
        "stdev": 0.919401049614
    },
    "erbbands_spread": {
        "max": 134.468200684,
        "mean": 37.2345657349,
        "min": 4.04898023605,
        "stdev": 14.8217802048
    },
    "hfc": {
        "max": 124.242416382,
        "mean": 15.8570051193,
        "min": 0.104566976428,
        "stdev": 16.681854248
    },
    "loudness_ebu128": {
        "integrated": -23.816493988,
        "loudness_range": 2.08515357971,
        "momentary": {
            "max": -19.9029102325,
            "mean": -24.1574516296,
            "min": -36.8315734863,
            "stdev": 1.85171866417
        },
        "short_term": {
            "max": -22.296710968,
            "mean": -23.7992954254,
            "min": -25.4771881104,
            "stdev": 0.693082213402
        }
    },
    "melbands_crest": {
        "max": 27.3727645874,
        "mean": 12.2105808258,
        "min": 3.94415664673,
        "stdev": 4.15297698975
    },
    "melbands_flatness_db": {
        "max": 0.411102026701,
        "mean": 0.187534764409,
        "min": 0.0354607217014,
        "stdev": 0.0586024038494
    },
    "melbands_kurtosis": {
        "max": 116.168792725,
        "mean": 7.59290742874,
        "min": -1.84559130669,
        "stdev": 9.09269618988
    },
    "melbands_skewness": {
        "max": 8.14054298401,
        "mean": 2.18279838562,
        "min": -1.17618477345,
        "stdev": 1.11441910267
    },
    "melbands_spread": {
        "max": 185.949203491,
        "mean": 28.2801856995,
        "min": 1.92086398602,
        "stdev": 20.5337467194
    },
    "pitch_salience": {
        "max": 0.867257535458,
        "mean": 0.606088519096,
        "min": 0.297136843204,
        "stdev": 0.0930986329913
    },
    "silence_rate_20dB": {
        "max": 1,
        "mean": 1,
        "min": 1,
        "stdev": 0
    },
    "silence_rate_30dB": {
        "max": 1,
        "mean": 1,
        "min": 1,
        "stdev": 0
    },
    "silence_rate_60dB": {
        "max": 1,
        "mean": 0.0813704505563,
        "min": 0,
        "stdev": 0.273404628038
    },
    "spectral_centroid": {
        "max": 4119.20751953,
        "mean": 1472.5612793,
        "min": 310.856201172,
        "stdev": 670.096679688
    },
    "spectral_complexity": {
        "max": 55,
        "mean": 17.6138477325,
        "min": 0,
        "stdev": 10.1345033646
    },
    "spectral_decrease": {
        "max": -4.98442224994e-11,
        "mean": -4.06387501428e-09,
        "min": -2.14091180339e-08,
        "stdev": 3.21895132771e-09
    },
    "spectral_energy": {
        "max": 0.0917403325438,
        "mean": 0.0167762767524,
        "min": 0.000197608271264,
        "stdev": 0.0132618146017
    },
    "spectral_energyband_high": {
        "max": 0.0158598981798,
        "mean": 0.000540160282981,
        "min": 9.58659370554e-07,
        "stdev": 0.00130353134591
    },
    "spectral_energyband_low": {
        "max": 0.0389069505036,
        "mean": 0.00262863165699,
        "min": 7.10883705324e-06,
        "stdev": 0.00287361582741
    },
    "spectral_energyband_middle_high": {
        "max": 0.0459317937493,
        "mean": 0.00450888695195,
        "min": 2.02508017537e-05,
        "stdev": 0.00508526619524
    },
    "spectral_energyband_middle_low": {
        "max": 0.0619868300855,
        "mean": 0.00997060537338,
        "min": 8.48895433592e-05,
        "stdev": 0.00926054269075
    },
    "spectral_entropy": {
        "max": 8.75413417816,
        "mean": 7.51049900055,
        "min": 6.25450563431,
        "stdev": 0.377848625183
    },
    "spectral_flux": {
        "max": 0.236570686102,
        "mean": 0.0747888535261,
        "min": 0.0105218300596,
        "stdev": 0.0376389436424
    },
    "spectral_kurtosis": {
        "max": 30.3356819153,
        "mean": 5.01257562637,
        "min": -0.486397504807,
        "stdev": 3.60343313217
    },
    "spectral_rms": {
        "max": 0.00946058984846,
        "mean": 0.00374046992511,
        "min": 0.00043907694635,
        "stdev": 0.0015414156951
    },
    "spectral_rolloff": {
        "max": 10422.0703125,
        "mean": 1762.64868164,
        "min": 172.265625,
        "stdev": 1340.26000977
    },
    "spectral_skewness": {
        "max": 4.10833930969,
        "mean": 1.40664970875,
        "min": 0.256136417389,
        "stdev": 0.514545619488
    },
    "spectral_spread": {
        "max": 10418546,
        "mean": 3631965.25,
        "min": 1476550.5,
        "stdev": 1086308.875
    },
    "spectral_strongpeak": {
        "max": 7.36453342438,
        "mean": 0.828452348709,
        "min": 0.0121700325981,
        "stdev": 0.936974465847
    },
    "zerocrossingrate": {
        "max": 0.27099609375,
        "mean": 0.0601411946118,
        "min": 0.00830078125,
        "stdev": 0.0305831786245
    },
    "barkbands": {
        "max": [0.000416917318944, 0.0167654417455, 0.0220434647053, 0.0187716837972, 0.0319621413946, 0.0251697003841, 0.0496912188828, 0.04814478755, 0.0249326489866, 0.0247189905494, 0.0134193208069, 0.00715343561023, 0.0138937653974, 0.0137300724164, 0.00919924583286, 0.00792337954044, 0.0124862771481, 0.0269095785916, 0.0124387582764, 0.00524569302797, 0.00903649907559, 0.00413031270728, 0.00245766108856, 0.0049536023289, 0.00163876079023, 0.00025977025507, 1.60841420893e-06],
        "mean": [2.57665906247e-05, 0.000831547076814, 0.00108136702329, 0.00164965353906, 0.0025711893104, 0.00156528700609, 0.00190889695659, 0.00134904868901, 0.000618524616584, 0.000749590282794, 0.00041403301293, 0.000312751508318, 0.000254958576988, 0.000512679573148, 0.000313968805131, 0.00038942770334, 0.00053953769384, 0.000475132925203, 0.0005536734825, 0.000215524531086, 0.000180339615326, 0.000116118389997, 7.06774444552e-05, 4.87934266857e-05, 2.23371916945e-05, 5.44895237908e-06, 4.58295890127e-09],
        "min": [3.41858523711e-08, 2.09636084492e-07, 7.23722905605e-07, 8.31731767903e-07, 7.29737621441e-06, 1.06972549929e-06, 1.03747208868e-06, 8.49597029173e-07, 7.31409500077e-07, 4.00000914169e-07, 2.9538034596e-07, 3.56991790795e-07, 4.02158718771e-07, 4.1634984882e-07, 1.08602102955e-06, 7.92696027929e-07, 6.47946023946e-07, 3.88670912344e-07, 4.14152481198e-07, 1.72153391986e-07, 1.61789969866e-07, 8.62727276285e-08, 6.80630662941e-08, 3.87713292582e-08, 3.15110426641e-08, 1.73348965404e-07, 1.10246221874e-10],
        "stdev": [4.23250239692e-05, 0.00121412938461, 0.00168012350332, 0.00206985091791, 0.00319033651613, 0.00257415813394, 0.004156075418, 0.00375813874416, 0.00161281821784, 0.00177368172444, 0.000895640114322, 0.000641933351289, 0.000691322842613, 0.00104779656976, 0.000642150524072, 0.000731603184249, 0.000928268709686, 0.00129001075402, 0.00105354026891, 0.000417017872678, 0.00059149088338, 0.000283591391053, 0.000167535297805, 0.000224412593525, 9.96145099634e-05, 1.75236400537e-05, 6.09621437775e-08]
    },
    "erbbands": {
        "max": [0.216392308474, 5.21614122391, 26.8519821167, 30.2444515228, 82.8181228638, 142.768081665, 210.452865601, 267.518737793, 737.329284668, 559.120788574, 1300.00109863, 497.342315674, 553.213256836, 1031.81750488, 571.975708008, 352.768066406, 447.897613525, 474.176635742, 567.928710938, 286.079376221, 590.721008301, 479.866516113, 1314.47900391, 1205.64294434, 317.457550049, 279.727813721, 390.043304443, 394.096679688, 144.276794434, 124.167823792, 71.7672271729, 130.750946045, 52.8125686646, 16.542924881, 15.3693704605, 2.59736275673, 0.392428100109, 0.0108022699133, 0.000480710034026, 0.00012184035586],
        "mean": [0.0176154654473, 0.220544397831, 1.04022955894, 3.57636809349, 7.63939619064, 7.75343847275, 9.81981945038, 14.6699466705, 24.4128017426, 29.0518436432, 29.5428543091, 14.286403656, 21.0578136444, 21.463432312, 16.77551651, 13.6367540359, 11.5888681412, 21.1572170258, 23.5916748047, 17.3667621613, 23.4777107239, 29.6268939972, 25.0330314636, 31.2620067596, 21.7584781647, 10.3401298523, 7.36299705505, 6.98105430603, 4.52531528473, 2.87576508522, 1.92855656147, 1.2432706356, 0.664014697075, 0.253594666719, 0.168498501182, 0.0400702618062, 0.00736163137481, 0.000446721620392, 2.16298903979e-05, 2.16706921492e-05],
        "min": [2.56548555626e-05, 0.000238068314502, 0.0017982844729, 0.0137488991022, 0.0161225702614, 0.0204226747155, 0.0254022721201, 0.0151689713821, 0.0332290455699, 0.0285095404834, 0.0106598222628, 0.0168239697814, 0.0203629154712, 0.0168677922338, 0.0158885195851, 0.0193304680288, 0.0198667347431, 0.0267241187394, 0.0723850429058, 0.0409590825438, 0.0583756305277, 0.0386064201593, 0.0231991223991, 0.0298427268863, 0.0333260409534, 0.0152616538107, 0.00545507716015, 0.00814225990325, 0.00335530890152, 0.00252236053348, 0.0020107885357, 0.00104504649062, 0.000605602981523, 0.000286803027848, 0.000260000233538, 7.71149643697e-05, 0.000311585026793, 6.43157036393e-05, 1.45294882259e-06, 2.9798619039e-07],
        "stdev": [0.0236920956522, 0.329423069954, 1.62599790096, 3.99854755402, 9.51008224487, 11.7756090164, 17.4702301025, 26.2882595062, 54.5150947571, 59.4230155945, 90.0045471191, 33.4092674255, 49.0658798218, 52.7570419312, 32.6161613464, 27.0139446259, 25.7599716187, 38.8238296509, 47.6589736938, 30.5077209473, 40.1314201355, 50.0160598755, 61.6464767456, 75.3019256592, 34.7874641418, 19.7600250244, 22.1058120728, 23.0215473175, 11.3056411743, 6.62238264084, 4.66681718826, 5.32447385788, 3.01872110367, 0.99892115593, 0.859736382961, 0.151813492179, 0.0233626440167, 0.00073589978274, 3.24522006849e-05, 1.7261116227e-05]
    },
    "gfcc": {
        "mean": [-27.677072525, 105.320953369, -133.950820923, 39.7208595276, -59.7212600708, 0.0800724104047, -42.5946731567, 5.29154634476, -24.7686080933, -4.98856449127, -16.7224197388, -1.84839737415, -14.4612703323],
        "cov": [[3474.63745117, -693.941345215, -526.898620605, 314.290252686, -481.162780762, 237.397247314, -133.364944458, 107.192329407, -59.2833099365, -12.9659147263, -12.8193836212, -158.618331909, 52.96509552], [-693.941345215, 920.686950684, 95.3445739746, -349.221862793, 275.31427002, -160.939102173, 120.731552124, -35.6470947266, 112.29535675, -19.5413169861, 91.67162323, 13.1579942703, 4.84406375885], [-526.898620605, 95.3445739746, 458.200622559, 30.8650131226, 62.238483429, 46.7400779724, 1.68720054626, 21.4755802155, -15.2499036789, 37.7940330505, 2.98800778389, 59.2788276672, 6.35135602951], [314.290252686, -349.221862793, 30.8650131226, 425.100494385, 22.3462352753, 33.1262283325, -65.1293029785, -13.7517986298, -26.9829902649, -19.6159286499, -57.0742149353, -18.7152938843, 11.2966032028], [-481.162780762, 275.31427002, 62.238483429, 22.3462352753, 329.640899658, -52.4998283386, -11.2021350861, -4.83488750458, 61.0913505554, -2.81023550034, 6.71628427505, 10.5537242889, -11.5181379318], [237.397247314, -160.939102173, 46.7400779724, 33.1262283325, -52.4998283386, 236.408355713, 86.3902740479, 31.8909435272, -36.4508018494, 33.8804473877, -37.3659973145, -19.7870788574, 20.9872455597], [-133.364944458, 120.731552124, 1.68720054626, -65.1293029785, -11.2021350861, 86.3902740479, 243.346740723, 33.1835021973, -23.2298297882, -1.76457989216, -20.1064128876, -0.632636964321, 18.7697944641], [107.192329407, -35.6470947266, 21.4755802155, -13.7517986298, -4.83488750458, 31.8909435272, 33.1835021973, 165.084213257, 39.8153686523, -9.21521282196, 45.9962425232, 11.3176231384, -39.391544342], [-59.2833099365, 112.29535675, -15.2499036789, -26.9829902649, 61.0913505554, -36.4508018494, -23.2298297882, 39.8153686523, 109.887641907, 21.4947147369, 36.7822799683, -1.12615346909, -29.5672302246], [-12.9659147263, -19.5413169861, 37.7940330505, -19.6159286499, -2.81023550034, 33.8804473877, -1.76457989216, -9.21521282196, 21.4947147369, 114.025604248, 5.97485637665, 0.674614429474, 13.6178293228], [-12.8193836212, 91.67162323, 2.98800778389, -57.0742149353, 6.71628427505, -37.3659973145, -20.1064128876, 45.9962425232, 36.7822799683, 5.97485637665, 111.655456543, 28.1237697601, -32.7451591492], [-158.618331909, 13.1579942703, 59.2788276672, -18.7152938843, 10.5537242889, -19.7870788574, -0.632636964321, 11.3176231384, -1.12615346909, 0.674614429474, 28.1237697601, 84.2864151001, 21.3517227173], [52.96509552, 4.84406375885, 6.35135602951, 11.2966032028, -11.5181379318, 20.9872455597, 18.7697944641, -39.391544342, -29.5672302246, 13.6178293228, -32.7451591492, 21.3517227173, 103.40851593]],
        "icov": [[0.000865214969963, -0.00130318384618, 0.00142018892802, -0.0014933028724, 0.00176058418583, -0.0015005156165, 0.00168261560611, -0.00159322109539, 0.00104158918839, -0.000646257773042, 0.000294574914733, 0.000144730409374, -0.000271569675533], [-0.00130318384618, 0.00972920842469, -0.00527566857636, 0.00756536377594, -0.00752849085256, 0.00614738883451, -0.00778632145375, 0.00683262059465, -0.00740349898115, 0.00522127142176, -0.00648992042989, 0.00598235474899, -0.00445560179651], [0.00142018892802, -0.00527566857636, 0.00637106224895, -0.0047427713871, 0.00414951331913, -0.00462567806244, 0.00512064155191, -0.00482439156622, 0.0050565386191, -0.00387329305522, 0.00335337570868, -0.00454376079142, 0.00223624170758], [-0.0014933028724, 0.00756536377594, -0.0047427713871, 0.00906565971673, -0.00672670127824, 0.00467409007251, -0.00531736714765, 0.00538248568773, -0.0053139696829, 0.00456536142156, -0.00328651932068, 0.00428770715371, -0.00301759038121], [0.00176058418583, -0.00752849085256, 0.00414951331913, -0.00672670127824, 0.0104335173965, -0.00486018648371, 0.00625220825896, -0.00527060357854, 0.00310759362765, -0.00336571293883, 0.00472898920998, -0.00377027061768, 0.00254456303082], [-0.0015005156165, 0.00614738883451, -0.00462567806244, 0.00467409007251, -0.00486018648371, 0.0111071374267, -0.00739020295441, 0.00290687731467, -0.00290761492215, 0.000888626498636, -0.00230027223006, 0.00469321897253, -0.00273862667382], [0.00168261560611, -0.00778632145375, 0.00512064155191, -0.00531736714765, 0.00625220825896, -0.00739020295441, 0.0123047437519, -0.00744956033304, 0.00694697257131, -0.00364128313959, 0.00570010300726, -0.00411556055769, 0.0020149552729], [-0.00159322109539, 0.00683262059465, -0.00482439156622, 0.00538248568773, -0.00527060357854, 0.00290687731467, -0.00744956033304, 0.0146955987439, -0.00895949732512, 0.00561325252056, -0.00681199599057, 0.00191323133186, 0.000124368147226], [0.00104158918839, -0.00740349898115, 0.0050565386191, -0.0053139696829, 0.00310759362765, -0.00290761492215, 0.00694697257131, -0.00895949732512, 0.0204642545432, -0.00800735130906, 0.00311766914092, -0.00339064118452, 0.00493868999183], [-0.000646257773042, 0.00522127142176, -0.00387329305522, 0.00456536142156, -0.00336571293883, 0.000888626498636, -0.00364128313959, 0.00561325252056, -0.00800735130906, 0.013977968134, -0.00482580810785, 0.00406883470714, -0.00442898226902], [0.000294574914733, -0.00648992042989, 0.00335337570868, -0.00328651932068, 0.00472898920998, -0.00230027223006, 0.00570010300726, -0.00681199599057, 0.00311766914092, -0.00482580810785, 0.0191883537918, -0.00986974220723, 0.00731123238802], [0.000144730409374, 0.00598235474899, -0.00454376079142, 0.00428770715371, -0.00377027061768, 0.00469321897253, -0.00411556055769, 0.00191323133186, -0.00339064118452, 0.00406883470714, -0.00986974220723, 0.0223030745983, -0.00967607740313], [-0.000271569675533, -0.00445560179651, 0.00223624170758, -0.00301759038121, 0.00254456303082, -0.00273862667382, 0.0020149552729, 0.000124368147226, 0.00493868999183, -0.00442898226902, 0.00731123238802, -0.00967607740313, 0.0170398037881]]
    },
    "melbands": {
        "max": [0.00282249040902, 0.0111061492935, 0.00642932299525, 0.00620246725157, 0.00847859960049, 0.00572647713125, 0.011492437683, 0.00539110042155, 0.00918787810951, 0.002718917327, 0.0027794893831, 0.00440821330994, 0.00205993675627, 0.000909910188057, 0.000812046637293, 0.0016293117078, 0.0010742318118, 0.00108495331369, 0.00043806922622, 0.000562712491956, 0.000855742197018, 0.000642198836431, 0.000745574187022, 0.00121145590674, 0.00112764537334, 0.000352437724359, 0.000141407028423, 0.000198246896616, 0.000211625476368, 0.000265352777205, 0.000226156742428, 9.25160056795e-05, 5.48756434e-05, 6.77279676893e-05, 3.49682813976e-05, 7.81412018114e-05, 7.91638158262e-05, 4.43278477178e-05, 2.18829318328e-05, 1.27497414724e-05],
        "mean": [0.000199959569727, 0.00047686646576, 0.000762585375924, 0.000539778498933, 0.00036123659811, 0.000316554825986, 0.000391322100768, 0.000312032410875, 0.000218876768486, 8.25708484626e-05, 0.000103740363556, 8.59374704305e-05, 6.01478714088e-05, 3.76854331989e-05, 2.66930692305e-05, 2.83269710053e-05, 4.16674447479e-05, 4.22756311309e-05, 2.19671273953e-05, 2.44603361352e-05, 2.85270889435e-05, 3.20951003232e-05, 2.35673196585e-05, 2.33681585087e-05, 2.59223888861e-05, 1.97749795916e-05, 9.90193348116e-06, 6.01726105742e-06, 4.66198980575e-06, 4.27816394222e-06, 3.93328355131e-06, 2.6935324513e-06, 1.85385806617e-06, 1.47075729728e-06, 1.15320176519e-06, 9.19615501971e-07, 6.83465145812e-07, 5.00841053963e-07, 3.02610942526e-07, 1.8709229721e-07],
        "min": [1.96308064915e-07, 8.36545495986e-07, 2.38643792727e-06, 1.54450754053e-06, 1.23877555325e-06, 3.27132539724e-07, 4.63611598889e-07, 3.38806245281e-07, 5.21133003417e-08, 9.85097940998e-08, 8.80493900013e-08, 6.53401812656e-08, 4.1386545746e-08, 4.52052866251e-08, 4.46814176769e-08, 4.2995434768e-08, 2.35809434201e-08, 6.54641638675e-08, 7.46134958263e-08, 5.2530744199e-08, 5.10539344134e-08, 4.09532212586e-08, 2.81814731551e-08, 2.28903065391e-08, 1.80561325891e-08, 2.02472367761e-08, 1.51599142129e-08, 5.75169734063e-09, 2.74988321003e-09, 4.20464862927e-09, 2.80815659615e-09, 1.42175005102e-09, 1.89204207857e-09, 1.1248030285e-09, 1.23349008785e-09, 9.09119945991e-10, 3.93222898687e-10, 3.56513263355e-10, 2.12181369696e-10, 2.46782982938e-10],
        "stdev": [0.000276494160062, 0.000642741506454, 0.000814733502921, 0.000623807834927, 0.000639451842289, 0.000544262526091, 0.000857992155943, 0.000629102054518, 0.000675928313285, 0.000194951455342, 0.000246058014454, 0.000222757778829, 0.000124736106955, 7.19920135452e-05, 5.90894233028e-05, 7.99597692094e-05, 7.92803111835e-05, 9.40759273362e-05, 4.04772326874e-05, 5.10294157721e-05, 5.19863569934e-05, 5.72570461372e-05, 4.82783834741e-05, 6.55479889247e-05, 6.58278950141e-05, 3.65931628039e-05, 1.63184067787e-05, 1.28997935462e-05, 1.37488850669e-05, 1.45976509884e-05, 1.32554805532e-05, 6.95978042131e-06, 4.07610741604e-06, 3.50372579305e-06, 2.67163409262e-06, 3.26978761223e-06, 3.24748089042e-06, 2.41475868279e-06, 1.21643051898e-06, 7.30869373911e-07]
    },
    "melbands128": {
        "max": [0.000416890979977, 0.00148630712647, 0.00492911506444, 0.0107717001811, 0.0161996260285, 0.00847907550633, 0.00742999278009, 0.0118113355711, 0.0115649197251, 0.0115050747991, 0.00914770364761, 0.0129926381633, 0.00898453872651, 0.00700503587723, 0.0065314732492, 0.0114313811064, 0.00674751913175, 0.0216404292732, 0.0109581882134, 0.0105632226914, 0.00988087430596, 0.0162426214665, 0.0125743709505, 0.00966139137745, 0.00367034552619, 0.00447978917509, 0.00308592733927, 0.00565047888085, 0.00208828854375, 0.00690019596368, 0.00554870907217, 0.00315331132151, 0.00183761154767, 0.00208270945586, 0.00189953600056, 0.0010916342726, 0.00199635466561, 0.00148704519961, 0.000737537455279, 0.00159123318736, 0.00338664581068, 0.00167251960374, 0.00122540118173, 0.00181885273196, 0.00315463473089, 0.00223858607933, 0.0013234448852, 0.000555293750949, 0.000745414290577, 0.000762973213568, 0.000917834229767, 0.000936650903895, 0.000796589010861, 0.00128030055203, 0.00162677734625, 0.000840760360006, 0.00055390119087, 0.000998327159323, 0.000614684191532, 0.00273369275965, 0.000884938403033, 0.00120194349438, 0.00136637594551, 0.0014816877665, 0.000758770271204, 0.000618222460616, 0.00032740685856, 0.000228828284889, 0.000182135496289, 0.000224413102842, 0.000241120316787, 0.000163602730026, 0.00025590491714, 0.000402948149713, 0.000289467541734, 0.000313688331516, 0.000298464758089, 0.000369281449821, 0.000322398002027, 0.000176450135768, 0.00013873570424, 9.0545087005e-05, 5.76525235374e-05, 4.81714851048e-05, 7.07508006599e-05, 0.000129702559207, 3.57664430339e-05, 6.22806837782e-05, 3.70139314327e-05, 5.20147441421e-05, 3.29209724441e-05, 0.000138770847116, 9.20113452594e-05, 5.62821878702e-05, 9.65345316217e-05, 4.89932535856e-05, 4.14122223447e-05, 3.47405039065e-05, 2.72393426712e-05, 1.92726693058e-05, 9.34213676373e-06, 1.465488549e-05, 1.74110118678e-05, 2.11969581869e-05, 2.7562275136e-05, 2.06865352084e-05, 5.50308368474e-06, 3.42433213518e-06, 3.10312884721e-06, 5.06915512233e-06, 2.87192096948e-06, 1.79787400612e-06, 8.0026188698e-07, 3.51191459913e-07, 1.16709962583e-07, 1.310600517e-08, 7.7341733018e-09, 7.51924122966e-09, 7.32364036082e-09, 7.12588210661e-09, 6.95616408919e-09, 6.7960428396e-09, 6.66504762492e-09, 6.55690124418e-09, 6.45273123823e-09, 6.37621377919e-09, 6.31653707117e-09, 6.28078078435e-09],
        "mean": [1.9745906684e-05, 0.000101773250208, 0.000286501890514, 0.000368167384295, 0.000453495886177, 0.000563645386137, 0.000669764645863, 0.000899315637071, 0.000833071593661, 0.000452755019069, 0.000394543312723, 0.000475162814837, 0.000323834014125, 0.000267080700723, 0.000314053089824, 0.00038359221071, 0.000274634629022, 0.000488463614602, 0.000384293729439, 0.000338834419381, 0.00023979767866, 0.000314844335662, 0.000229916520766, 0.000115567097964, 7.80447589932e-05, 5.97686739638e-05, 0.000107250620204, 0.000137793074828, 5.82240645599e-05, 0.000107988504169, 8.38425185066e-05, 6.17433834122e-05, 7.57559319027e-05, 4.51269952464e-05, 3.22766136378e-05, 3.82711732527e-05, 4.38959323219e-05, 1.95964676095e-05, 2.38962402364e-05, 2.16412609007e-05, 2.72382967523e-05, 4.21283402829e-05, 3.18040438287e-05, 4.36513910245e-05, 6.68883003527e-05, 3.12138981826e-05, 3.47400455212e-05, 1.75362038135e-05, 1.67915932252e-05, 2.8393977118e-05, 2.46970794251e-05, 2.07132634387e-05, 2.92284421448e-05, 2.88237497443e-05, 3.50749251083e-05, 3.28360983985e-05, 2.96078123938e-05, 2.75899437838e-05, 1.90104001376e-05, 2.02418832487e-05, 2.32269085245e-05, 2.62405465037e-05, 2.68837375188e-05, 2.6241348678e-05, 2.31490394071e-05, 2.15878480958e-05, 1.74321321538e-05, 1.06773231892e-05, 8.39767017169e-06, 8.16611827759e-06, 5.79770585318e-06, 4.96703160024e-06, 5.49379092263e-06, 4.4815506044e-06, 3.87717182093e-06, 4.23206165578e-06, 4.59481407233e-06, 4.22683888246e-06, 4.22922312282e-06, 3.16378395837e-06, 2.69617612503e-06, 2.70433497462e-06, 2.11384372051e-06, 1.66419647485e-06, 1.72903958173e-06, 1.65227606885e-06, 1.28836393287e-06, 1.29948818994e-06, 1.20098491152e-06, 1.02502917798e-06, 8.80564925865e-07, 9.85070528259e-07, 8.3319218902e-07, 6.73056206324e-07, 5.95582378082e-07, 5.21967649547e-07, 5.04840500071e-07, 4.28872453995e-07, 3.43016893112e-07, 2.36477603721e-07, 1.09164794537e-07, 1.87613892422e-07, 2.5299178219e-07, 2.68788340918e-07, 2.23680359568e-07, 1.49922328774e-07, 8.41359479864e-08, 7.29819973344e-08, 6.42485460389e-08, 5.55245200928e-08, 4.09035791904e-08, 2.82705236998e-08, 1.6445172335e-08, 1.31261472802e-08, 1.2858562215e-08, 3.51500051288e-10, 7.36218100372e-11, 1.44008450997e-11, 1.35863820194e-11, 1.32181271137e-11, 1.29009684879e-11, 1.26144615586e-11, 1.23882414743e-11, 1.21617594467e-11, 1.18254303919e-11, 1.1407491271e-11, 1.11513472068e-11, 1.10674915413e-11],
        "min": [1.8210296604e-09, 2.84869550171e-08, 5.7098862527e-08, 5.26288381764e-08, 1.57915934551e-07, 3.65220586218e-07, 1.11932536129e-06, 5.79588288474e-07, 1.21500852401e-06, 9.18557645946e-07, 6.92667128988e-07, 6.43491432584e-07, 1.58368422376e-07, 1.7541123043e-07, 1.41765355011e-07, 2.20848903609e-07, 2.27666831165e-07, 1.63358606642e-07, 8.4096569708e-08, 1.05744916823e-07, 7.21371549162e-08, 4.03055402387e-08, 1.52361714356e-08, 5.90635735875e-08, 1.27767506797e-07, 3.35089431758e-08, 6.93320600931e-08, 4.43041905385e-08, 4.24422843537e-08, 8.43417993224e-08, 4.65814160577e-08, 2.35997035247e-08, 2.98799598397e-08, 1.50841010793e-08, 2.28541541247e-08, 4.57656881281e-08, 2.3708196295e-08, 2.51270328988e-08, 1.70167666624e-08, 1.03667634477e-08, 2.4664306153e-08, 1.8583683925e-08, 1.3022324552e-08, 1.27179298204e-08, 1.30224462325e-08, 3.51383206976e-08, 2.15584297081e-08, 1.62510414015e-08, 2.08083257291e-08, 3.06050367271e-08, 1.93586959796e-08, 2.13218829259e-08, 2.43400286593e-08, 1.64417688353e-08, 3.60654546228e-08, 3.38977983461e-08, 2.64308379627e-08, 1.93902796042e-08, 4.25862589637e-09, 7.82231790453e-09, 1.38525386717e-08, 3.05449354698e-08, 1.08515845199e-08, 5.85428416855e-09, 2.39871624785e-08, 1.5520697616e-08, 1.1728928051e-08, 5.3265640787e-09, 3.65828989324e-09, 2.85290324697e-09, 3.78106834731e-09, 1.57062363115e-09, 1.9518044958e-09, 1.10917586227e-09, 1.86461357465e-09, 1.8392333212e-09, 2.61907850962e-09, 3.92852106401e-09, 1.64364000188e-09, 8.52806880669e-10, 9.84219483691e-10, 1.29684751826e-09, 9.88810922031e-10, 1.48549794687e-09, 9.04552210912e-10, 8.50549519704e-10, 4.7668713421e-10, 9.47218747882e-10, 1.05609954115e-09, 4.31618851771e-10, 5.7566618139e-10, 3.55985629863e-10, 3.61619789668e-10, 2.66870581189e-10, 1.25422172648e-10, 6.9771285971e-11, 2.68435218498e-10, 2.34889135919e-10, 1.06346986772e-10, 1.03315099531e-10, 1.86977863748e-11, 2.1244131454e-10, 2.30071295348e-10, 2.26524229929e-10, 7.63843988061e-11, 6.36946398402e-11, 5.98675206631e-11, 1.37727093619e-10, 2.7349011944e-11, 6.78334255086e-12, 5.34704659022e-12, 2.37636082687e-12, 1.43386366148e-12, 3.78484014962e-11, 1.32256304432e-12, 1.1430971187e-12, 2.92212055334e-13, 3.19886207367e-13, 3.6680719768e-13, 3.49597466861e-13, 3.43259437801e-13, 3.29161855108e-13, 2.97161275621e-13, 3.21713304868e-13, 2.30631648761e-13, 8.9694819226e-14, 1.23775094991e-14, 3.09659707756e-16],
        "stdev": [3.81606005249e-05, 0.000162092852406, 0.00044132117182, 0.000614850840066, 0.000854933110531, 0.000842570560053, 0.000850048440043, 0.00122987432405, 0.00116287404671, 0.00069226580672, 0.000730697123799, 0.0010122602107, 0.000652393675409, 0.000574343313929, 0.000669424654916, 0.000836931460071, 0.000540604814887, 0.00150295568164, 0.000964389706496, 0.000948949309532, 0.000707449333277, 0.00117436086293, 0.000884227920324, 0.000529479118995, 0.000237049054704, 0.00024606109946, 0.000252814788837, 0.000468402809929, 0.000158582464792, 0.000339091609931, 0.000265574228251, 0.000197896471946, 0.000171068488271, 0.000135494527058, 9.36187134357e-05, 8.85629706318e-05, 0.000122102923342, 7.53924323362e-05, 6.49190187687e-05, 7.42215052014e-05, 0.000136323753395, 0.000126105209347, 8.01524074632e-05, 0.000118174779345, 0.000218643661356, 0.0001019811898, 8.95679040696e-05, 4.63878641312e-05, 4.67576246592e-05, 6.5828076913e-05, 7.15107598808e-05, 5.56616978429e-05, 5.94664888922e-05, 7.32827320462e-05, 7.87650060374e-05, 7.61125411373e-05, 6.1679398641e-05, 6.71958405292e-05, 4.34463800048e-05, 8.93008691492e-05, 6.52815433568e-05, 8.26101895655e-05, 7.98316250439e-05, 7.49237296986e-05, 5.47240015294e-05, 5.0285274483e-05, 3.10616414936e-05, 2.05342457775e-05, 1.6533971575e-05, 1.77690417331e-05, 1.39400335684e-05, 1.23654708659e-05, 1.56313999469e-05, 1.68805672729e-05, 1.41930422615e-05, 1.53936180141e-05, 1.6386846255e-05, 1.66564113897e-05, 1.54999597726e-05, 1.00622173704e-05, 7.77707100497e-06, 7.22884578863e-06, 5.03985211253e-06, 3.63694312e-06, 4.34473440691e-06, 4.99722182212e-06, 2.97304109154e-06, 3.23475887853e-06, 2.86900331048e-06, 2.74750914286e-06, 2.25159192269e-06, 4.95268068335e-06, 3.75461149815e-06, 2.87564989776e-06, 3.53693303623e-06, 2.70095893029e-06, 2.39118026002e-06, 1.96049063561e-06, 1.38049995257e-06, 9.51020183493e-07, 4.1304468823e-07, 7.49680566514e-07, 1.06362483621e-06, 1.35899688303e-06, 1.3479102563e-06, 9.25826896037e-07, 3.14821136271e-07, 2.36925856711e-07, 2.19139138835e-07, 2.39009921188e-07, 1.64767371302e-07, 1.04646595389e-07, 5.55897550214e-08, 2.47983660273e-08, 7.86232856598e-09, 8.81889117288e-10, 3.66439767419e-10, 2.83753659458e-10, 2.76382861042e-10, 2.68931932279e-10, 2.62546873131e-10, 2.56472731941e-10, 2.51547727093e-10, 2.4747887073e-10, 2.43529446609e-10, 2.4066409976e-10, 2.38403519148e-10, 2.37057290464e-10]
    },
    "mfcc": {
        "mean": [-662.910217285, 127.969192505, -13.8842544556, 33.9704971313, 0.948977053165, -1.56965148449, -8.610414505, 4.6261844635, -8.09675884247, -1.03878164291, -4.09049081802, -4.1791844368, -3.24995613098],
        "cov": [[4233.09130859, -1211.04003906, -156.454162598, -107.728157043, -239.960372925, -32.6568984985, -41.4315948486, -21.6645755768, -16.1747970581, 78.3906326294, -0.472265988588, -50.8762741089, -108.342971802], [-1211.04003906, 1311.88623047, -142.066207886, -120.194946289, 66.2223052979, -86.3595199585, 9.01795005798, 14.0635375977, -14.4759998322, 8.72513484955, 32.1338386536, 56.8428497314, 100.76335144], [-156.454162598, -142.066207886, 399.930053711, -7.42383432388, -16.873708725, 34.0568656921, 56.897403717, -0.616868436337, 27.5789756775, -33.0946006775, -14.7357473373, 36.541217804, 14.8111104965], [-107.728157043, -120.194946289, -7.42383432388, 311.523620605, 125.905670166, 27.3414287567, -43.4962234497, -1.19570970535, -0.0637260451913, -14.1800756454, -24.2195949554, -46.9581031799, -2.86663484573], [-239.960372925, 66.2223052979, -16.873708725, 125.905670166, 320.094268799, -11.6672716141, -86.0217056274, 9.51942253113, -41.4745330811, 10.6800546646, 32.5142822266, -4.22615671158, 10.6542921066], [-32.6568984985, -86.3595199585, 34.0568656921, 27.3414287567, -11.6672716141, 216.34576416, 60.4595413208, -57.2100830078, 71.7859725952, 18.5136451721, -41.8501586914, -42.4509391785, -41.5462837219], [-41.4315948486, 9.01795005798, 56.897403717, -43.4962234497, -86.0217056274, 60.4595413208, 175.429840088, 47.2370796204, 57.6626281738, 10.1292009354, -2.91247010231, 9.70785045624, -6.97447109222], [-21.6645755768, 14.0635375977, -0.616868436337, -1.19570970535, 9.51942253113, -57.2100830078, 47.2370796204, 173.94480896, 4.02242517471, -1.2440918684, 39.519443512, 31.8706436157, 7.09779071808], [-16.1747970581, -14.4759998322, 27.5789756775, -0.0637260451913, -41.4745330811, 71.7859725952, 57.6626281738, 4.02242517471, 128.706054688, 27.8518714905, -29.8893165588, -18.9560451508, -1.33515179157], [78.3906326294, 8.72513484955, -33.0946006775, -14.1800756454, 10.6800546646, 18.5136451721, 10.1292009354, -1.2440918684, 27.8518714905, 98.4155502319, 27.1784896851, 3.44289803505, 0.966320872307], [-0.472265988588, 32.1338386536, -14.7357473373, -24.2195949554, 32.5142822266, -41.8501586914, -2.91247010231, 39.519443512, -29.8893165588, 27.1784896851, 114.395469666, 62.2957267761, 4.54515457153], [-50.8762741089, 56.8428497314, 36.541217804, -46.9581031799, -4.22615671158, -42.4509391785, 9.70785045624, 31.8706436157, -18.9560451508, 3.44289803505, 62.2957267761, 118.457855225, 45.8577651978], [-108.342971802, 100.76335144, 14.8111104965, -2.86663484573, 10.6542921066, -41.5462837219, -6.97447109222, 7.09779071808, -1.33515179157, 0.966320872307, 4.54515457153, 45.8577651978, 100.065155029]],
        "icov": [[0.000384783517802, 0.000403015874326, 0.00025185017148, 0.000210476704524, 0.000164695622516, 0.000188774807611, 5.11286962137e-05, 3.74988812837e-05, 4.65044249722e-05, -0.000314849778078, 5.65847440157e-05, 8.86675479705e-06, 3.83119513572e-05], [0.000403015874326, 0.00138696818613, 0.000704074976966, 0.000712631561328, -0.000313995347824, 0.000459955335828, -0.000398542993935, 0.000251315359492, -0.000112637353595, -8.51204458741e-05, 4.78611291328e-05, -1.59444953169e-05, -0.000860838918015], [0.00025185017148, 0.000704074976966, 0.00329447095282, 0.000314670760417, -0.000401890894864, 4.29106803495e-05, -0.00110141187906, 0.000485235912492, -0.000578449340537, 0.00108526740223, 0.000649253837764, -0.00149986543693, -0.000325829983922], [0.000210476704524, 0.000712631561328, 0.000314670760417, 0.00464006559923, -0.00171475624666, -0.000474153435789, 0.000443277531303, -0.000465505901957, -0.000317469064612, 0.000748521008063, 0.000232413003687, 0.00157946138643, -0.00109959288966], [0.000164695622516, -0.000313995347824, -0.000401890894864, -0.00171475624666, 0.0049827452749, -0.00105343386531, 0.00243559549563, -0.00105054688174, 0.00117295910604, -0.00101732346229, -0.0015529403463, 0.000766352226492, -0.000473954511108], [0.000188774807611, 0.000459955335828, 4.29106803495e-05, -0.000474153435789, -0.00105343386531, 0.00854978244752, -0.00323107186705, 0.00342945591547, -0.00322172208689, -0.000843161134981, 0.00135412602685, -0.00032413424924, 0.00296699046157], [5.11286962137e-05, -0.000398542993935, -0.00110141187906, 0.000443277531303, 0.00243559549563, -0.00323107186705, 0.010088625364, -0.00371726672165, -0.00166743539739, -0.000438783230493, -0.000496225256938, -0.00019844774215, 9.38784942264e-05], [3.74988812837e-05, 0.000251315359492, 0.000485235912492, -0.000465505901957, -0.00105054688174, 0.00342945591547, -0.00371726672165, 0.00851542688906, -0.00168484309688, 0.00100247759838, -0.00180735997856, -0.000907359877601, 0.00084076548228], [4.65044249722e-05, -0.000112637353595, -0.000578449340537, -0.000317469064612, 0.00117295910604, -0.00322172208689, -0.00166743539739, -0.00168484309688, 0.0124447382987, -0.00391294388101, 0.00266622565687, 0.000907805457246, -0.00155223312322], [-0.000314849778078, -8.51204458741e-05, 0.00108526740223, 0.000748521008063, -0.00101732346229, -0.000843161134981, -0.000438783230493, 0.00100247759838, -0.00391294388101, 0.0136904129758, -0.00507704354823, 0.00146975216921, -0.00136518385261], [5.65847440157e-05, 4.78611291328e-05, 0.000649253837764, 0.000232413003687, -0.0015529403463, 0.00135412602685, -0.000496225256938, -0.00180735997856, 0.00266622565687, -0.00507704354823, 0.0171987935901, -0.0092866756022, 0.00430410169065], [8.86675479705e-06, -1.59444953169e-05, -0.00149986543693, 0.00157946138643, 0.000766352226492, -0.00032413424924, -0.00019844774215, -0.000907359877601, 0.000907805457246, 0.00146975216921, -0.0092866756022, 0.0176129098982, -0.00752462865785], [3.83119513572e-05, -0.000860838918015, -0.000325829983922, -0.00109959288966, -0.000473954511108, 0.00296699046157, 9.38784942264e-05, 0.00084076548228, -0.00155223312322, -0.00136518385261, 0.00430410169065, -0.00752462865785, 0.0153931351379]]
    },
    "spectral_contrast_coeffs": {
        "max": [-0.421637058258, -0.485708743334, -0.543806195259, -0.600058794022, -0.442237943411, -0.593101799488],
        "mean": [-0.688879668713, -0.739013671875, -0.771478712559, -0.783216536045, -0.769186019897, -0.746879220009],
        "min": [-0.858433365822, -0.922031402588, -0.926200866699, -0.918800413609, -0.879245877266, -0.858120262623],
        "stdev": [0.0709489509463, 0.0820132866502, 0.0638533234596, 0.0527077652514, 0.0620183609426, 0.0426054038107]
    },
    "spectral_contrast_valleys": {
        "max": [-5.3271279335, -4.89473485947, -5.61190080643, -5.89813280106, -5.40884160995, -7.81797027588],
        "mean": [-6.92110109329, -6.85067176819, -7.57916641235, -7.76130771637, -7.60564088821, -10.7418775558],
        "min": [-9.41820430756, -9.39827537537, -9.99998283386, -9.92767524719, -9.98511695862, -13.2732944489],
        "stdev": [0.580997884274, 0.59683573246, 0.622934341431, 0.656620204449, 0.823231816292, 0.930520057678]
    }
},
"rhythm": {
    "beats_count": 85,
    "beats_loudness": {
        "max": 0.0751130357385,
        "mean": 0.026857348159,
        "min": 0.00098880531732,
        "stdev": 0.0148369083181
    },
    "bpm": 161.924240112,
    "bpm_histogram_first_peak_bpm": 161,
    "bpm_histogram_first_peak_weight": 0.407894730568,
    "bpm_histogram_second_peak_bpm": 167,
    "bpm_histogram_second_peak_spread": 0,
    "bpm_histogram_second_peak_weight": 0.047619048506,
    "danceability": 1.52403497696,
    "onset_rate": 4.42968702316,
    "beats_loudness_band_ratio": {
        "max": [0.709690928459, 0.574857413769, 0.768442511559, 0.510093450546, 0.576669454575, 0.252704828978],
        "mean": [0.238727211952, 0.229261830449, 0.281370699406, 0.110547102988, 0.142008826137, 0.0705016478896],
        "min": [0.0256438143551, 0.00949394609779, 0.00318287312984, 0.00165701494552, 0.0110387792811, 0.0024124274496],
        "stdev": [0.156137883663, 0.134995743632, 0.202927932143, 0.105280317366, 0.113069631159, 0.0608110576868]
    },
