{
"metadata": {
    "version": {
        "essentia": "2.1-beta5",
        "essentia_git_sha": "Undefined",
        "extractor": "music 2.0"
    },
    "audio_properties": {
        "analysis": {
            "equal_loudness": 0,
            "length": 12.7477550507,
            "sample_rate": 44100,
            "start_time": 0,
            "downmix": "mix"
        },
        "bit_rate": 192000,
        "length": 186.247253418,
        "lossless": 0,
        "number_channels": 2,
        "replay_gain": -6.80344581604,
        "sample_rate": 44100,
        "codec": "mp3",
        "md5_encoded": "a2907fa5fb0e553887591b706383e5d2"
    },
    "tags": {
        "file_name": "Netherlands_Rechtop In De Wind_Marcha.mp3",
        "encoding": ["Lavf58.29.100"]
    }
},
"lowlevel": {
    "average_loudness": 0.667009949684,
    "barkbands_crest": {
        "max": 25.9978713989,
        "mean": 11.5112905502,
        "min": 2.01892471313,
        "stdev": 5.58130884171
    },
    "barkbands_flatness_db": {
        "max": 0.349331319332,
        "mean": 0.179173722863,
        "min": 0.03348197788,
        "stdev": 0.062097158283
    },
    "barkbands_kurtosis": {
        "max": 167.797744751,
        "mean": 8.62263774872,
        "min": -1.69174432755,
        "stdev": 13.9661626816
    },
    "barkbands_skewness": {
        "max": 10.257730484,
        "mean": 2.09898877144,
        "min": -2.10053443909,
        "stdev": 1.41164922714
    },
    "barkbands_spread": {
        "max": 97.1469421387,
        "mean": 16.1277160645,
        "min": 0.951546311378,
        "stdev": 19.7959823608
    },
    "dissonance": {
        "max": 0.499970108271,
        "mean": 0.442293047905,
        "min": 0.216098681092,
        "stdev": 0.0397413149476
    },
    "dynamic_complexity": 5.91576766968,
    "erbbands_crest": {
        "max": 28.7489681244,
        "mean": 9.3472776413,
        "min": 2.23274731636,
        "stdev": 5.20717430115
    },
    "erbbands_flatness_db": {
        "max": 0.345634073019,
        "mean": 0.174066275358,
        "min": 0.0642340034246,
        "stdev": 0.0549273081124
    },
    "erbbands_kurtosis": {
        "max": 38.3474388123,
        "mean": 0.959065079689,
        "min": -1.59044694901,
        "stdev": 3.41021704674
    },
    "erbbands_skewness": {
        "max": 5.2793302536,
        "mean": 0.779908359051,
        "min": -1.28039228916,
        "stdev": 0.859177470207
    },
    "erbbands_spread": {
        "max": 82.4169540405,
        "mean": 33.8675308228,
        "min": 5.90856933594,
        "stdev": 13.7276287079
    },
    "hfc": {
        "max": 57.530506134,
        "mean": 6.74086093903,
        "min": 1.19175696029e-16,
        "stdev": 9.73784065247
    },
    "loudness_ebu128": {
        "integrated": -19.9958934784,
        "loudness_range": 6.84412384033,
        "momentary": {
            "max": -13.9291877747,
            "mean": -23.0278015137,
            "min": -47.0549926758,
            "stdev": 6.87916183472
        },
        "short_term": {
            "max": -16.4497432709,
            "mean": -20.9186096191,
            "min": -25.6786613464,
            "stdev": 2.79941129684
        }
    },
    "melbands_crest": {
        "max": 31.7960472107,
        "mean": 14.7397079468,
        "min": 1.73111474514,
        "stdev": 5.71722364426
    },
    "melbands_flatness_db": {
        "max": 0.411853313446,
        "mean": 0.238050371408,
        "min": 0.00358365033753,
        "stdev": 0.0737892016768
    },
    "melbands_kurtosis": {
        "max": 185.135345459,
        "mean": 16.2933654785,
        "min": -1.29855418205,
        "stdev": 18.8706092834
    },
    "melbands_skewness": {
        "max": 9.54860687256,
        "mean": 2.88849282265,
        "min": -0.183410093188,
        "stdev": 1.42055511475
    },
    "melbands_spread": {
        "max": 154.368637085,
        "mean": 17.3023643494,
        "min": 0.900732755661,
        "stdev": 23.5969867706
    },
    "pitch_salience": {
        "max": 0.905682146549,
        "mean": 0.562766909599,
        "min": 0.104134999216,
        "stdev": 0.141571193933
    },
    "silence_rate_20dB": {
        "max": 1,
        "mean": 1,
        "min": 1,
        "stdev": 0
    },
    "silence_rate_30dB": {
        "max": 1,
        "mean": 0.994545459747,
        "min": 0,
        "stdev": 0.0736533105373
    },
    "silence_rate_60dB": {
        "max": 1,
        "mean": 0.12909090519,
        "min": 0,
        "stdev": 0.33529818058
    },
    "spectral_centroid": {
        "max": 11560.8789062,
        "mean": 943.310180664,
        "min": 283.738708496,
        "stdev": 1127.87207031
    },
    "spectral_complexity": {
        "max": 19,
        "mean": 8.90727233887,
        "min": 0,
        "stdev": 3.97178006172
    },
    "spectral_decrease": {
        "max": 9.73080859041e-29,
        "mean": -3.69089070418e-09,
        "min": -4.04262721077e-08,
        "stdev": 4.95405760859e-09
    },
    "spectral_energy": {
        "max": 0.157796368003,
        "mean": 0.0145417014137,
        "min": 1.07580775945e-20,
        "stdev": 0.0195234827697
    },
    "spectral_energyband_high": {
        "max": 0.00254805316217,
        "mean": 6.89257358317e-05,
        "min": 7.62129400504e-21,
        "stdev": 0.000203408359084
    },
    "spectral_energyband_low": {
        "max": 0.0303128510714,
        "mean": 0.00215153372847,
        "min": 4.35553298283e-23,
        "stdev": 0.00328143988736
    },
    "spectral_energyband_middle_high": {
        "max": 0.0308488346636,
        "mean": 0.00136636814568,
        "min": 1.35775134228e-21,
        "stdev": 0.00283438526094
    },
    "spectral_energyband_middle_low": {
        "max": 0.145743831992,
        "mean": 0.0111986277625,
        "min": 2.12440771891e-22,
        "stdev": 0.0175796281546
    },
    "spectral_entropy": {
        "max": 9.82141971588,
        "mean": 7.1944937706,
        "min": 5.61244869232,
        "stdev": 0.637184858322
    },
    "spectral_flux": {
        "max": 0.300285428762,
        "mean": 0.0472456514835,
        "min": 6.57319684794e-11,
        "stdev": 0.0414489917457
    },
    "spectral_kurtosis": {
        "max": 20.2653560638,
        "mean": 6.63556432724,
        "min": -1.22386717796,
        "stdev": 3.34506082535
    },
    "spectral_rms": {
        "max": 0.0124075654894,
        "mean": 0.0031775792595,
        "min": 3.2397045116e-12,
        "stdev": 0.00202237674966
    },
    "spectral_rolloff": {
        "max": 19121.484375,
        "mean": 1538.17700195,
        "min": 150.732421875,
        "stdev": 3049.80932617
    },
    "spectral_skewness": {
        "max": 3.50940442085,
        "mean": 1.98557305336,
        "min": -0.0384125597775,
        "stdev": 0.556259274483
    },
    "spectral_spread": {
        "max": 41070344,
        "mean": 4538917.5,
        "min": 2258007,
        "stdev": 3427547.75
    },
    "spectral_strongpeak": {
        "max": 5.94071865082,
        "mean": 0.74393671751,
        "min": 0,
        "stdev": 0.950133681297
    },
    "zerocrossingrate": {
        "max": 0.51953125,
        "mean": 0.0541885644197,
        "min": 0.0087890625,
        "stdev": 0.074108093977
    },
    "barkbands": {
        "max": [0.000208983823541, 0.0146579816937, 0.0171856060624, 0.00720202410594, 0.0151117704809, 0.138529732823, 0.00497975666076, 0.00460401223972, 0.0512231811881, 0.0049607870169, 0.0254006721079, 0.0091173062101, 0.012340599671, 0.00639519700781, 0.00438506715, 0.00250780070201, 0.00267425272614, 0.00186372629832, 0.000971489003859, 0.00064249424031, 0.000586214882787, 0.00099350954406, 0.000523788214196, 0.000172388885403, 7.55360306357e-05, 7.92197533883e-06, 1.1756601026e-07],
        "mean": [8.27202802611e-06, 0.00114692549687, 0.000764512224123, 0.000909093301743, 0.00162461039145, 0.00663144653663, 0.000375928095309, 0.000235395840718, 0.00139864801895, 0.000125635429868, 0.000365797721315, 0.000153885528562, 0.000205803153221, 0.000181074719876, 7.14826092008e-05, 8.55550533743e-05, 6.06258872722e-05, 5.17484368174e-05, 6.10785500612e-05, 2.94925539492e-05, 1.75724162546e-05, 1.46062939166e-05, 1.00554625533e-05, 5.74338264414e-06, 5.07803270011e-06, 1.63820868693e-06, 7.66775920535e-10],
        "min": [5.18840719897e-24, 1.00805805619e-23, 1.71030534724e-23, 1.15121785115e-23, 2.38107677262e-23, 1.34625566358e-23, 2.40748610023e-23, 1.95668506728e-23, 2.49343060259e-23, 4.26608278261e-23, 4.77480782079e-23, 6.04557627995e-23, 8.26821207525e-23, 6.50842810986e-23, 8.11286011946e-23, 1.10221135047e-22, 1.08138504392e-22, 1.62501787135e-22, 2.36989290224e-22, 2.38513091814e-22, 2.78719451508e-22, 2.71937115746e-22, 5.1406685082e-22, 8.02015318588e-22, 1.22223680226e-21, 1.59986423991e-21, 2.32884078268e-21],
        "stdev": [1.84590844583e-05, 0.00181110145058, 0.00162994151469, 0.00130758911837, 0.00177830690518, 0.015995843336, 0.000557353778277, 0.000322865409544, 0.00427591986954, 0.000282150489511, 0.00169049471151, 0.000598869170062, 0.000914603704587, 0.000621586572379, 0.000225364390644, 0.000219164983719, 0.000211468941416, 0.000153826840688, 0.000119401578559, 5.90087765886e-05, 4.94992273161e-05, 7.23453485989e-05, 4.35105503129e-05, 1.44459691001e-05, 7.56588997319e-06, 9.96543917609e-07, 5.79095971176e-09]
    },
    "erbbands": {
        "max": [0.241618275642, 3.97440004349, 19.4505176544, 14.4650735855, 28.2743988037, 74.2574996948, 903.75579834, 1424.48083496, 194.380447388, 33.5609207153, 153.313217163, 1597.14904785, 268.268798828, 344.694091797, 1161.13684082, 135.568664551, 681.000671387, 338.479095459, 119.686973572, 207.978439331, 135.368759155, 188.648910522, 89.0429458618, 74.6371765137, 33.8131599426, 30.157491684, 22.1334171295, 31.3484039307, 39.9553756714, 23.7377223969, 13.940694809, 5.15550374985, 2.51520085335, 1.0902210474, 0.461682409048, 0.0712603479624, 0.00908897351474, 0.000261586392298, 7.76044107624e-05, 0.000176020956133],
        "mean": [0.0161518752575, 0.313924103975, 0.952332079411, 1.66212034225, 3.8579621315, 5.67581987381, 26.1986961365, 64.9291992188, 12.7142591476, 4.46751832962, 7.48571538925, 36.0333786011, 9.31034564972, 6.32362031937, 16.7537975311, 5.41115427017, 9.9678440094, 8.18764686584, 6.90428733826, 3.82456851006, 3.9697136879, 3.51068472862, 2.77414870262, 3.99276685715, 2.01625752449, 1.40260159969, 0.853314697742, 0.690630972385, 0.546860158443, 0.402032136917, 0.258584141731, 0.137494638562, 0.0896330177784, 0.0581498891115, 0.0349251255393, 0.0125567186624, 0.00203008507378, 6.01859646849e-05, 9.23357492866e-06, 1.66618865478e-05],
        "min": [2.04614236725e-22, 2.86016538575e-21, 1.82566209047e-20, 3.1800057152e-20, 5.39697706511e-20, 6.91661867964e-20, 3.46722479586e-20, 1.61634400415e-19, 2.04677338126e-19, 5.09733870765e-19, 4.05366243982e-19, 5.7896573441e-19, 9.94336546955e-19, 2.13351324635e-18, 2.38151605606e-18, 3.37481252679e-18, 3.97438860354e-18, 4.28676509006e-18, 4.44287847348e-18, 5.35774188532e-18, 6.69651674954e-18, 6.6229712941e-18, 9.58418276127e-18, 8.16078773398e-18, 1.22778898086e-17, 1.07403794255e-17, 8.53015365598e-18, 1.33125091208e-17, 1.13250472261e-17, 1.09164051143e-17, 1.46063089343e-17, 1.55636232552e-17, 1.31226149219e-17, 1.20754034393e-17, 8.45599360535e-18, 5.14337968394e-18, 3.19716432331e-18, 1.05196870177e-18, 2.92556049976e-19, 3.13348617615e-20],
        "stdev": [0.0287209302187, 0.50202870369, 1.85460805893, 2.06304645538, 5.31038331985, 7.10784006119, 70.2032775879, 159.327941895, 20.524515152, 3.91006851196, 17.7854824066, 121.166992188, 24.376739502, 27.0551891327, 72.9650421143, 11.3424119949, 46.6216278076, 27.4617862701, 12.3871135712, 11.0369539261, 9.76346874237, 12.8915615082, 7.19607782364, 8.74974346161, 3.94134354591, 2.92051792145, 1.96167266369, 2.25715327263, 2.74827980995, 2.00591135025, 1.05676174164, 0.383780002594, 0.217177405953, 0.100382439792, 0.0471354611218, 0.00933668576181, 0.00134762143716, 4.77354660688e-05, 9.3155358627e-06, 2.20015826926e-05]
    },
    "gfcc": {
        "mean": [-98.0871124268, 115.026031494, -109.812797546, 24.7113742828, -61.5678825378, 8.15360927582, -48.9910163879, 6.07398080826, -30.840341568, 5.92579126358, -11.9000768661, -0.610319912434, -4.72954368591],
        "cov": [[16944.2304688, 3386.86279297, -1807.05871582, 192.666275024, -616.778015137, -241.880065918, -406.236083984, -205.24420166, -218.116592407, -251.917373657, 222.338104248, -319.773956299, 190.197570801], [3386.86279297, 1537.34350586, -343.216369629, -112.928443909, 98.217956543, -164.614059448, -0.36450061202, -148.925628662, 14.4540929794, -147.933807373, 136.182098389, -150.562423706, 103.735824585], [-1807.05871582, -343.216369629, 527.022766113, 43.1847419739, 123.358009338, 98.9968109131, 9.41749763489, 36.6353645325, -18.2673797607, 87.6544876099, -116.221878052, 93.4895019531, -37.8858146667], [192.666275024, -112.928443909, 43.1847419739, 278.709259033, 17.5295791626, 52.1597557068, 4.79781675339, 18.1653633118, 56.684135437, 18.4336395264, -43.848865509, 7.48976039886, 24.3809375763], [-616.778015137, 98.217956543, 123.358009338, 17.5295791626, 272.313903809, 45.2207565308, 21.0343494415, 12.3021831512, 13.5777215958, 26.9259853363, -67.1139450073, -3.08869671822, -37.2160758972], [-241.880065918, -164.614059448, 98.9968109131, 52.1597557068, 45.2207565308, 197.356063843, 84.4438705444, 30.0074596405, -41.3342208862, 76.5326461792, -93.8536682129, 6.51494979858, -43.8534889221], [-406.236083984, -0.36450061202, 9.41749763489, 4.79781675339, 21.0343494415, 84.4438705444, 187.317855835, 15.426484108, 6.11526060104, 10.3767356873, 14.4547834396, -24.0734519958, 12.6044607162], [-205.24420166, -148.925628662, 36.6353645325, 18.1653633118, 12.3021831512, 30.0074596405, 15.426484108, 125.797370911, 36.306892395, 15.5381317139, -5.46484708786, 35.0463867188, -10.5110826492], [-218.116592407, 14.4540929794, -18.2673797607, 56.684135437, 13.5777215958, -41.3342208862, 6.11526060104, 36.306892395, 141.15284729, -21.288438797, 64.1550827026, -8.93802165985, 41.198841095], [-251.917373657, -147.933807373, 87.6544876099, 18.4336395264, 26.9259853363, 76.5326461792, 10.3767356873, 15.5381317139, -21.288438797, 114.055519104, -61.2404289246, 28.7554607391, -31.9796180725], [222.338104248, 136.182098389, -116.221878052, -43.848865509, -67.1139450073, -93.8536682129, 14.4547834396, -5.46484708786, 64.1550827026, -61.2404289246, 188.78163147, -8.8440322876, 71.9305877686], [-319.773956299, -150.562423706, 93.4895019531, 7.48976039886, -3.08869671822, 6.51494979858, -24.0734519958, 35.0463867188, -8.93802165985, 28.7554607391, -8.8440322876, 91.6889877319, 7.80572271347], [190.197570801, 103.735824585, -37.8858146667, 24.3809375763, -37.2160758972, -43.8534889221, 12.6044607162, -10.5110826492, 41.198841095, -31.9796180725, 71.9305877686, 7.80572271347, 87.759437561]],
        "icov": [[0.00058523361804, -0.00161111692432, 0.00119436450768, -0.0013730811188, 0.00160549080465, -0.0010916342726, 0.00158932758495, -0.00136853626464, 0.00137122510932, -0.000684653758071, -0.000154578621732, -0.00035075462074, 0.000540986366104], [-0.00161111692432, 0.00566868903115, -0.00276860338636, 0.00417967606336, -0.00551033345982, 0.00324229383841, -0.00417846301571, 0.00433100713417, -0.0032828298863, 0.00224680523388, 0.000394214759581, 0.00229957513511, -0.0033308356069], [0.00119436450768, -0.00276860338636, 0.00576036749408, -0.00254074390978, 0.00187733466737, -0.00268029654399, 0.00297814677469, -0.0019282985013, 0.00224069994874, -0.00167290936224, 0.000909565016627, -0.00349255464971, 0.000578438339289], [-0.0013730811188, 0.00417967606336, -0.00254074390978, 0.00851468276232, -0.00388561142609, 0.000555286474992, -0.0028662099503, 0.00377870677039, -0.00614769617096, 0.00204796995968, 0.0028400181327, 0.00103682931513, -0.00472081732005], [0.00160549080465, -0.00551033345982, 0.00187733466737, -0.00388561142609, 0.0100661916658, -0.00314786355011, 0.00357602350414, -0.00396170094609, 0.0016823138576, -0.00199494697154, 0.000976699637249, -0.00152503035497, 0.0044499351643], [-0.0010916342726, 0.00324229383841, -0.00268029654399, 0.000555286474992, -0.00314786355011, 0.0146977249533, -0.00838478840888, 0.000506225042045, 0.000383926089853, -0.00336939631961, 0.00295362831093, 0.00199653487653, 0.000489892496262], [0.00158932758495, -0.00417846301571, 0.00297814677469, -0.0028662099503, 0.00357602350414, -0.00838478840888, 0.0130876973271, -0.00475358963013, 0.00402218941599, -0.00138481135946, -0.00266590970568, 0.00258657056838, -0.00198371638544], [-0.00136853626464, 0.00433100713417, -0.0019282985013, 0.00377870677039, -0.00396170094609, 0.000506225042045, -0.00475358963013, 0.0153534011915, -0.00827529095113, 0.00305954623036, 0.000629758404102, -0.00516542047262, 0.0020018662326], [0.00137122510932, -0.0032828298863, 0.00224069994874, -0.00614769617096, 0.0016823138576, 0.000383926089853, 0.00402218941599, -0.00827529095113, 0.0168772675097, -0.0029590728227, -0.00449395226315, 0.00423349393532, -0.00277417665347], [-0.000684653758071, 0.00224680523388, -0.00167290936224, 0.00204796995968, -0.00199494697154, -0.00336939631961, -0.00138481135946, 0.00305954623036, -0.0029590728227, 0.0152052985504, 0.00165814510547, -0.00354203907773, 0.00145843275823], [-0.000154578621732, 0.000394214759581, 0.000909565016627, 0.0028400181327, 0.000976699637249, 0.00295362831093, -0.00266590970568, 0.000629758404102, -0.00449395226315, 0.00165814510547, 0.012613594532, -0.00142699456774, -0.00567655032501], [-0.00035075462074, 0.00229957513511, -0.00349255464971, 0.00103682931513, -0.00152503035497, 0.00199653487653, 0.00258657056838, -0.00516542047262, 0.00423349393532, -0.00354203907773, -0.00142699456774, 0.0214981660247, -0.00841370690614], [0.000540986366104, -0.0033308356069, 0.000578438339289, -0.00472081732005, 0.0044499351643, 0.000489892496262, -0.00198371638544, 0.0020018662326, -0.00277417665347, 0.00145843275823, -0.00567655032501, -0.00841370690614, 0.0256121624261]]
    },
    "melbands": {
        "max": [0.00315522681922, 0.00810772553086, 0.0024696146138, 0.00228220201097, 0.0235844254494, 0.0289859194309, 0.00264566810802, 0.000359094177838, 0.00194567581639, 0.00949806254357, 0.00131252314895, 0.0012925483752, 0.00400473084301, 0.00116338871885, 0.000839518499561, 0.00113509828225, 0.000738612317946, 0.000296536425594, 0.000468083948363, 0.000236338091781, 0.000216821907088, 0.000216791944695, 7.38481030567e-05, 0.000117996387416, 6.68840366416e-05, 3.19759092235e-05, 1.88214125956e-05, 2.10296348087e-05, 1.52511538545e-05, 1.49532570504e-05, 1.83884894795e-05, 2.55397117144e-05, 1.55842426466e-05, 1.29179807118e-05, 1.00458346424e-05, 3.6105154777e-06, 2.90478465104e-06, 2.11736892197e-06, 9.82261326499e-07, 9.04123055534e-07],
        "mean": [0.000235617379076, 0.000474194501294, 0.000395741313696, 0.000290833908366, 0.000829592288937, 0.00135569402482, 0.000152605760377, 4.59562361357e-05, 8.00965353847e-05, 0.000230544479564, 3.94763701479e-05, 2.24084651563e-05, 5.37888845429e-05, 2.20150614041e-05, 1.7862450477e-05, 2.03172330657e-05, 1.56827736646e-05, 1.32788090923e-05, 4.65179982712e-06, 6.74753573549e-06, 3.99709915655e-06, 4.08531968787e-06, 2.13026305573e-06, 2.76023274637e-06, 3.45844409821e-06, 1.59663306931e-06, 1.08093388462e-06, 8.97166614777e-07, 5.61048921099e-07, 4.14722507003e-07, 3.97200693669e-07, 3.3071896155e-07, 2.3214541045e-07, 2.220059514e-07, 1.65143205777e-07, 1.00766186506e-07, 7.5961395396e-08, 6.41792539113e-08, 5.46032339344e-08, 4.68452832081e-08],
        "min": [3.09165869467e-24, 8.32340157304e-24, 9.05413920676e-24, 4.66218806581e-24, 1.11584532816e-24, 3.30782117663e-24, 3.67849981624e-24, 6.39069866613e-24, 2.67312735811e-24, 4.25768701488e-24, 4.59905237212e-24, 8.22946796075e-24, 7.44503019862e-24, 5.61699966751e-24, 7.6859719849e-24, 9.00584671986e-24, 7.44237094851e-24, 6.81596884697e-24, 5.82245139053e-24, 5.58379138441e-24, 6.32712160477e-24, 7.39903803013e-24, 6.5085639517e-24, 7.62934912685e-24, 5.84278073048e-24, 9.07056171309e-24, 8.81723007743e-24, 6.69323944506e-24, 5.11757774487e-24, 5.72937408675e-24, 6.84050557657e-24, 6.08834958041e-24, 4.4229348363e-24, 5.64614176707e-24, 8.04366281857e-24, 7.71300940357e-24, 8.79113376982e-24, 9.45581929109e-24, 9.25348277979e-24, 9.88145944769e-24],
        "stdev": [0.000381405028747, 0.000819971493911, 0.000493075582199, 0.000303644977976, 0.00193318712991, 0.00325027736835, 0.000262887275312, 4.67059071525e-05, 0.000231866462855, 0.000768182857428, 0.000107280458906, 0.000100428536825, 0.000254509155639, 8.62446759129e-05, 5.24841016158e-05, 9.68903696048e-05, 6.13293450442e-05, 2.77514009213e-05, 2.11671576835e-05, 1.73019634531e-05, 1.23285781228e-05, 1.65062901942e-05, 5.73599254494e-06, 8.80047446117e-06, 7.78777939558e-06, 3.57015187546e-06, 2.03515833164e-06, 1.95017014448e-06, 1.29123770876e-06, 1.20089157463e-06, 1.31536660319e-06, 1.6663148017e-06, 1.24519408473e-06, 1.09585528207e-06, 7.34290495075e-07, 2.87446169978e-07, 2.10593199768e-07, 1.74244036089e-07, 1.00821104354e-07, 8.06856377267e-08]
    },
    "melbands128": {
        "max": [0.000161539239343, 0.00100445514545, 0.00512326927856, 0.00790829397738, 0.0110704693943, 0.0071977507323, 0.00315242703073, 0.00482113892213, 0.00385727942921, 0.00310079008341, 0.00511962175369, 0.00616269931197, 0.0378334000707, 0.0640759244561, 0.0530494973063, 0.0223216488957, 0.00396125204861, 0.00116933172103, 0.000281153712422, 0.000587179791182, 0.000532011443283, 0.00103750824928, 0.0025990139693, 0.00436963140965, 0.0188586376607, 0.0114741232246, 0.00202432298101, 0.000393687805627, 0.000295444857329, 0.00139753578696, 0.00289332936518, 0.00508547155187, 0.0067828586325, 0.004752879031, 0.00248205359094, 8.16208048491e-05, 0.000150483712787, 0.000327932328219, 0.00183229509275, 0.00291625526734, 0.00219760928303, 0.000297884951578, 0.00134866498411, 0.00179194484372, 0.000551440520212, 0.000264581583906, 0.000572805816773, 0.000571330776438, 0.000743179116398, 0.000222450034926, 0.000438251474407, 0.00040582875954, 0.000169808234205, 0.000445526122348, 0.000238487642491, 0.000368877750589, 0.000293037126539, 7.96216118033e-05, 0.000123832607642, 9.53220369411e-05, 0.000190230144653, 0.000282184715616, 0.000154963767272, 6.75541014061e-05, 4.69929036626e-05, 7.30186511646e-05, 6.78611322655e-05, 1.7920807295e-05, 2.49445311056e-05, 3.44415966538e-05, 2.40463959926e-05, 1.73158568941e-05, 2.86633876385e-05, 1.16775527204e-05, 1.41573618748e-05, 1.33396797537e-05, 2.46750369115e-05, 2.46312720265e-05, 1.41982891364e-05, 1.57124341058e-05, 3.35302647727e-05, 2.57069314102e-05, 2.09183181141e-05, 1.47644714161e-05, 2.29082961596e-05, 1.39998956001e-05, 1.5164971046e-05, 1.43111092257e-05, 1.25301430671e-05, 5.6644603319e-06, 3.68986070498e-06, 4.67039853902e-06, 1.92269908439e-06, 3.8035959733e-06, 2.26266206482e-06, 3.17480157719e-06, 2.28589647122e-06, 1.24133293866e-06, 1.05276274098e-06, 9.34715785661e-07, 1.12109830752e-06, 8.58162991335e-07, 8.47271678595e-07, 8.07063884167e-07, 6.95697849551e-07, 5.33471450126e-07, 2.53755672475e-07, 1.95830196503e-07, 1.54395706886e-07, 7.88135139373e-08, 5.92204543182e-08, 5.02477170983e-08, 3.62135956777e-08, 1.54501780258e-08, 6.64679644657e-09, 1.21734289316e-09, 2.26407248505e-09, 5.92736693061e-10, 5.52424439526e-10, 5.19532972199e-10, 5.04088271125e-10, 4.83222406533e-10, 4.69057792607e-10, 4.58139443049e-10, 4.45149667128e-10, 4.33762969987e-10, 4.26612412063e-10, 4.25502605372e-10],
        "mean": [5.7914721765e-06, 6.75492265145e-05, 0.000301770836813, 0.000608942180406, 0.000560860149562, 0.000333790492732, 0.00024226437381, 0.000581865082495, 0.000403988204198, 0.000133364679641, 0.000290503405267, 0.000491103506647, 0.000622822204605, 0.00168943463359, 0.00206310441718, 0.000777933921199, 0.000187304191059, 9.21297032619e-05, 1.61730749824e-05, 4.46377489425e-05, 7.15867136023e-05, 1.91006856767e-05, 5.21427245985e-05, 0.000168349026353, 0.000274756574072, 0.000300065585179, 3.99326963816e-05, 1.29550344354e-05, 2.43986269197e-05, 1.93005471374e-05, 1.98198558792e-05, 3.2394171285e-05, 5.2692463214e-05, 8.59344581841e-05, 2.63477413682e-05, 3.07802247335e-06, 7.91524689703e-06, 2.17281813093e-05, 1.89105594472e-05, 2.74657450063e-05, 2.36674186453e-05, 4.94765254189e-06, 8.58722341945e-06, 3.01354011754e-05, 1.80842125701e-05, 9.57910378929e-06, 7.44035060052e-06, 4.0676864046e-06, 4.1541857172e-06, 3.02199191538e-06, 1.00202805697e-05, 7.5026914601e-06, 2.42308897214e-06, 3.5659193145e-06, 4.0018458094e-06, 5.57956445846e-06, 2.37918698076e-06, 2.26716269935e-06, 1.7735902702e-06, 2.3970978873e-06, 2.9651641853e-06, 2.4629678137e-06, 4.7019611884e-06, 3.70925545212e-06, 1.34605227231e-06, 1.75609170583e-06, 1.68464839589e-06, 9.04099579202e-07, 1.05186325072e-06, 1.1200378367e-06, 7.82014922152e-07, 9.84419216365e-07, 6.58856436075e-07, 3.69644027387e-07, 6.02558714036e-07, 3.95833723132e-07, 3.05756373109e-07, 4.96655729876e-07, 3.60933938737e-07, 3.81361417112e-07, 3.60664216714e-07, 3.12533870783e-07, 2.64738901024e-07, 1.95245135615e-07, 2.42636701842e-07, 2.15145874449e-07, 2.26922281854e-07, 2.1074519907e-07, 1.76525674078e-07, 1.1885040152e-07, 9.84212746857e-08, 1.10282130095e-07, 7.82699203228e-08, 7.77229729465e-08, 6.97405937444e-08, 6.75772682257e-08, 6.52673932677e-08, 5.57214860919e-08, 5.65354199011e-08, 5.18427967222e-08, 5.00187802288e-08, 4.57035476131e-08, 4.3949249573e-08, 4.2810889056e-08, 4.1048622279e-08, 4.00286630509e-08, 3.01991143203e-08, 2.48785791968e-08, 2.05390460195e-08, 1.81527681775e-08, 1.38598483801e-08, 9.27027965503e-09, 4.42018333047e-09, 1.50629519968e-09, 1.84190274144e-10, 2.04265077075e-11, 7.5155073137e-12, 3.04831268734e-12, 2.9202755665e-12, 2.8209411803e-12, 2.76077012813e-12, 2.68926374225e-12, 2.62960963768e-12, 2.57052669081e-12, 2.52991399531e-12, 2.4969388536e-12, 2.47905602296e-12, 2.46293241878e-12],
        "min": [2.93163865448e-24, 1.61007634882e-24, 2.33879213205e-24, 5.3383495411e-24, 6.26884450539e-24, 8.23404966488e-24, 5.07876578833e-24, 5.53051290217e-24, 4.84943287913e-24, 6.46895642894e-24, 1.52509561756e-24, 8.7218621188e-25, 7.50583352644e-25, 1.48114886678e-24, 1.65298486004e-24, 2.94617361387e-24, 2.78311941742e-24, 2.47983868696e-24, 3.02486091144e-24, 2.23498138958e-24, 3.26142806958e-24, 3.84418939976e-24, 1.63740564602e-24, 4.95058338541e-25, 2.86829174328e-24, 2.97062061054e-24, 8.10408167531e-24, 3.92809106792e-24, 2.68881661823e-24, 4.6316374551e-24, 5.70478450347e-24, 7.13501811806e-24, 5.70059013004e-24, 6.66397507206e-24, 2.25482873552e-24, 3.60720059548e-24, 5.85446297163e-24, 3.80819801539e-24, 7.61983073117e-24, 6.64991678187e-24, 5.64840816445e-24, 8.14998470252e-24, 6.02322437951e-24, 4.69137473601e-24, 3.99221047116e-24, 9.06566683117e-24, 3.85703639403e-24, 2.12677077541e-24, 7.16096296437e-24, 7.38150480765e-24, 4.04511463891e-24, 2.45075180767e-24, 4.22320117155e-24, 4.85874025452e-24, 4.13511262414e-24, 4.17274996679e-24, 3.90083237377e-24, 3.02366361781e-24, 3.64048263707e-24, 6.55068005214e-24, 8.03158693584e-24, 4.20611878308e-24, 3.83908625857e-24, 2.33347146246e-24, 5.20460014677e-24, 7.57563006579e-24, 1.0105607963e-23, 7.88171756334e-24, 5.69973263824e-24, 9.00393294331e-24, 3.76540310014e-24, 8.34955625635e-24, 4.17478641121e-24, 3.1545086235e-24, 5.76497892928e-24, 4.40853536376e-24, 4.91164836658e-24, 4.59898334679e-24, 7.31781770018e-24, 4.01574179753e-24, 5.99632027834e-24, 5.78250347429e-24, 4.2091046216e-24, 3.05344706128e-24, 4.32355137844e-24, 5.75735182761e-24, 6.46228700442e-24, 4.91859547014e-24, 8.18741063045e-24, 8.90168868138e-24, 8.19388007873e-24, 5.8039565466e-24, 6.40983169853e-24, 8.61345862814e-24, 5.1625574104e-24, 9.58319666146e-24, 7.68343737481e-24, 7.91232694419e-24, 5.97287651553e-24, 9.56888514691e-24, 5.89731271271e-24, 5.63043041885e-24, 8.72343688238e-24, 7.61840052634e-24, 1.02718493547e-23, 8.11594693218e-24, 7.13273909891e-24, 7.42404965399e-24, 7.15913990682e-24, 9.73516992599e-24, 6.95180438396e-24, 8.03408999149e-24, 9.87762795028e-24, 8.82535376703e-24, 8.03194271211e-24, 7.76247887094e-24, 6.14010516667e-24, 7.32919307444e-24, 7.19237856106e-24, 8.26838720237e-24, 7.76644131926e-24, 8.43858709811e-24, 8.96735109655e-24, 6.44034878265e-24, 8.58700338882e-24, 6.64678184863e-24, 5.57110689549e-24, 1.07326805963e-23],
        "stdev": [1.37801034725e-05, 0.000144255813211, 0.000562078261282, 0.000983348116279, 0.00108866754454, 0.000712220789865, 0.000344330852386, 0.000889786810149, 0.000607997237239, 0.000314228032948, 0.0004582455731, 0.000721366785001, 0.00222564395517, 0.00533608021215, 0.00543346814811, 0.00237134564668, 0.000323424610542, 0.000152175707626, 2.94172732538e-05, 5.16277577844e-05, 7.66284865676e-05, 5.0226743042e-05, 0.000194449195988, 0.000616972218268, 0.00120927672833, 0.00111408461817, 0.000176774512511, 2.47658445005e-05, 3.9196194848e-05, 6.81663368596e-05, 0.000153432236402, 0.000276246137219, 0.000418109062593, 0.000347822613548, 0.000159305564011, 7.66451103118e-06, 1.3513174963e-05, 3.53279720002e-05, 0.000104922270111, 0.000195670261746, 0.000131382897962, 1.99172700377e-05, 6.05033928878e-05, 0.000154869965627, 4.22553239332e-05, 1.70751009136e-05, 2.82755154331e-05, 2.53198613791e-05, 3.18994607369e-05, 1.27696530399e-05, 2.91386113531e-05, 2.36002942984e-05, 1.10877290354e-05, 2.20153524424e-05, 1.90585924429e-05, 2.85640326183e-05, 1.38552204589e-05, 7.54989468987e-06, 7.17594230082e-06, 7.23967104932e-06, 1.23825657283e-05, 1.41339187394e-05, 1.3990221305e-05, 9.12395262276e-06, 4.08384175898e-06, 5.58294641451e-06, 5.01395925312e-06, 1.84237148915e-06, 2.25263147513e-06, 3.3332082694e-06, 2.43176714321e-06, 1.89924708138e-06, 1.92999164028e-06, 1.12080874715e-06, 1.53571625106e-06, 1.0926135019e-06, 1.45726141909e-06, 1.61666343956e-06, 1.15932562039e-06, 1.36058758926e-06, 1.90963123714e-06, 1.80333881872e-06, 1.54089582338e-06, 1.02210469777e-06, 1.38533891914e-06, 1.04307605397e-06, 1.11823680982e-06, 1.09205188892e-06, 8.68331994752e-07, 4.15814014332e-07, 2.78864575876e-07, 3.42137923326e-07, 1.8929645762e-07, 2.56460509718e-07, 1.83059825076e-07, 2.18912703076e-07, 1.91883941625e-07, 1.22568081906e-07, 1.06144639744e-07, 9.38802671158e-08, 9.42273885585e-08, 8.24142958322e-08, 7.66739987057e-08, 7.2519327432e-08, 6.2082207819e-08, 5.6444097396e-08, 2.97997964083e-08, 2.383590747e-08, 1.70869451921e-08, 1.26501804587e-08, 1.03047739231e-08, 8.05729705178e-09, 6.21528517541e-09, 2.6466342451e-09, 7.74198594122e-10, 1.07985245745e-10, 1.00131507252e-10, 2.54800104627e-11, 2.37687369786e-11, 2.23724979515e-11, 2.17101579769e-11, 2.08218234321e-11, 2.02166929031e-11, 1.9749826774e-11, 1.91973225511e-11, 1.87137215446e-11, 1.8409770236e-11, 1.83611199162e-11]
    },
    "mfcc": {
        "mean": [-738.177062988, 145.498962402, 5.83070039749, 19.5744686127, 5.36596345901, 0.214614912868, -1.63684463501, -7.07799863815, -7.37395334244, -3.16558218002, -4.3506102562, -4.22789382935, -1.42117619514],
        "cov": [[7734.57373047, 2348.57006836, -495.540924072, 315.123779297, -101.705177307, -95.1948242188, -27.5847244263, -69.7944564819, -261.698028564, 10.2298994064, -106.271232605, -147.32913208, -77.3552322388], [2348.57006836, 1441.84997559, -206.610794067, 35.3439483643, 77.9095230103, -12.4336271286, 36.9870262146, -58.1779251099, -71.8759155273, -40.6850662231, -48.9097290039, -46.0197181702, -16.7819728851], [-495.540924072, -206.610794067, 298.552398682, 12.607878685, 2.12482237816, 50.7629394531, -0.106382384896, 3.52392196655, 45.9994812012, -15.0877532959, 1.05227994919, 16.599193573, 8.32133960724], [315.123779297, 35.3439483643, 12.607878685, 172.764602661, 66.7520980835, 24.8235359192, -39.224105835, 6.91294002533, 38.9096450806, 4.62864398956, -17.613067627, 15.6756830215, 2.40317869186], [-101.705177307, 77.9095230103, 2.12482237816, 66.7520980835, 208.436416626, 11.7456331253, -42.840057373, 9.00683784485, 43.3401565552, -6.62232112885, 11.8606967926, 11.6503133774, -2.86427497864], [-95.1948242188, -12.4336271286, 50.7629394531, 24.8235359192, 11.7456331253, 220.166000366, 81.7309112549, -32.2612075806, 105.24420166, 0.730296850204, -5.21530389786, 17.2225837708, 5.91548013687], [-27.5847244263, 36.9870262146, -0.106382384896, -39.224105835, -42.840057373, 81.7309112549, 143.615158081, 10.0718345642, 31.7408008575, 8.16957855225, -2.56102180481, 4.05885648727, 20.0331077576], [-69.7944564819, -58.1779251099, 3.52392196655, 6.91294002533, 9.00683784485, -32.2612075806, 10.0718345642, 97.220664978, 16.2845840454, 17.3644981384, 12.220208168, 9.61857891083, 12.3548135757], [-261.698028564, -71.8759155273, 45.9994812012, 38.9096450806, 43.3401565552, 105.24420166, 31.7408008575, 16.2845840454, 160.383972168, 6.13784170151, 0.479476004839, 38.0223007202, 31.9965782166], [10.2298994064, -40.6850662231, -15.0877532959, 4.62864398956, -6.62232112885, 0.730296850204, 8.16957855225, 17.3644981384, 6.13784170151, 84.4919281006, 34.6845207214, -5.70898532867, -10.4065828323], [-106.271232605, -48.9097290039, 1.05227994919, -17.613067627, 11.8606967926, -5.21530389786, -2.56102180481, 12.220208168, 0.479476004839, 34.6845207214, 74.1737747192, 5.51522731781, -14.3448066711], [-147.32913208, -46.0197181702, 16.599193573, 15.6756830215, 11.6503133774, 17.2225837708, 4.05885648727, 9.61857891083, 38.0223007202, -5.70898532867, 5.51522731781, 56.5021629333, 29.1757297516], [-77.3552322388, -16.7819728851, 8.32133960724, 2.40317869186, -2.86427497864, 5.91548013687, 20.0331077576, 12.3548135757, 31.9965782166, -10.4065828323, -14.3448066711, 29.1757297516, 68.2100219727]],
        "icov": [[0.000387552281609, -0.000610449758824, 0.000203511226573, -0.000900802609976, 0.000675653049257, -0.00015840708511, 0.000223123992328, -0.000219221488805, 0.000333127565682, -0.000127093517222, -0.000132279805257, 0.000453481596196, -8.49274583743e-05], [-0.000610449758824, 0.0018591680564, 0.000230883830227, 0.00110328337178, -0.00157194898929, 0.000361767684808, -0.00102148356382, 0.000834861944895, -0.000183364129043, 0.000559995416552, 0.00049607641995, -0.000241037341766, 0.000128368308651], [0.000203511226573, 0.000230883830227, 0.00411796430126, -0.00067247368861, 0.000442029093392, -0.000949557230342, 0.000480230548419, -0.00034945725929, -0.000225134892389, 0.0011117446702, -0.000393216847442, 0.000267332216026, -8.97321951925e-05], [-0.000900802609976, 0.00110328337178, -0.00067247368861, 0.010399568826, -0.00334919849411, -0.00129341264255, 0.00262897415087, -0.000789270736277, -0.00132493779529, -0.00203037960455, 0.00394084025174, -0.00323557294905, 0.000832358491607], [0.000675653049257, -0.00157194898929, 0.000442029093392, -0.00334919849411, 0.00777669856325, -0.000515643681865, 0.00245037698187, -0.00118721078616, -0.00137083930895, 0.00126268295571, -0.00249947677366, 0.00107080489397, 0.00016222956765], [-0.00015840708511, 0.000361767684808, -0.000949557230342, -0.00129341264255, -0.000515643681865, 0.0110263349488, -0.00631327508017, 0.00523681333289, -0.00643490767106, 0.000301889085677, 7.3218732723e-05, -0.000525219365954, 0.00330317625776], [0.000223123992328, -0.00102148356382, 0.000480230548419, 0.00262897415087, 0.00245037698187, -0.00631327508017, 0.0129336677492, -0.0039268755354, 0.000969419663306, -0.00137165037449, 0.000371931295376, 0.00108919804916, -0.00363807333633], [-0.000219221488805, 0.000834861944895, -0.00034945725929, -0.000789270736277, -0.00118721078616, 0.00523681333289, -0.0039268755354, 0.0140553973615, -0.00310475751758, -0.00168313784525, -0.00109720916953, -0.000694086833391, -0.000603555061389], [0.000333127565682, -0.000183364129043, -0.000225134892389, -0.00132493779529, -0.00137083930895, -0.00643490767106, 0.000969419663306, -0.00310475751758, 0.013416942209, -0.00147263298277, 0.000484597345348, -0.00342361000367, -0.00376714137383], [-0.000127093517222, 0.000559995416552, 0.0011117446702, -0.00203037960455, 0.00126268295571, 0.000301889085677, -0.00137165037449, -0.00168313784525, -0.00147263298277, 0.0168215706944, -0.00825189985335, 0.00354428472929, 0.000669902306981], [-0.000132279805257, 0.00049607641995, -0.000393216847442, 0.00394084025174, -0.00249947677366, 7.3218732723e-05, 0.000371931295376, -0.00109720916953, 0.000484597345348, -0.00825189985335, 0.0205045137554, -0.00617797952145, 0.00532777328044], [0.000453481596196, -0.000241037341766, 0.000267332216026, -0.00323557294905, 0.00107080489397, -0.000525219365954, 0.00108919804916, -0.000694086833391, -0.00342361000367, 0.00354428472929, -0.00617797952145, 0.0283480342478, -0.0108452439308], [-8.49274583743e-05, 0.000128368308651, -8.97321951925e-05, 0.000832358491607, 0.00016222956765, 0.00330317625776, -0.00363807333633, -0.000603555061389, -0.00376714137383, 0.000669902306981, 0.00532777328044, -0.0108452439308, 0.0231043081731]]
    },
    "spectral_contrast_coeffs": {
        "max": [-0.393232822418, -0.399075716734, -0.511363685131, -0.569379866123, -0.627755761147, -0.670949339867],
        "mean": [-0.689363598824, -0.718946278095, -0.763576447964, -0.79881978035, -0.806051552296, -0.804308056831],
        "min": [-0.969664931297, -0.977023541927, -0.968832731247, -0.966531038284, -0.963514745235, -0.961892127991],
        "stdev": [0.0931694060564, 0.103499464691, 0.0718843340874, 0.0560349449515, 0.0506071671844, 0.040322676301]
    },
    "spectral_contrast_valleys": {
        "max": [-5.64327335358, -5.98507404327, -6.09388160706, -6.90409755707, -7.02457475662, -9.06737995148],
        "mean": [-7.44500112534, -7.52195215225, -8.41550636292, -8.6116771698, -8.82238197327, -11.3637552261],
        "min": [-27.4803085327, -27.3464431763, -27.5571746826, -27.3357048035, -27.3524932861, -27.364648819],
        "stdev": [2.03962159157, 1.93420398235, 1.86532008648, 1.80822622776, 1.73368167877, 1.49275767803]
    }
},
"rhythm": {
    "beats_count": 26,
    "beats_loudness": {
        "max": 0.0886995345354,
        "mean": 0.0197257306427,
        "min": 1.96375222004e-05,
        "stdev": 0.0214743744582
    },
    "bpm": 130.027435303,
    "bpm_histogram_first_peak_bpm": 129,
    "bpm_histogram_first_peak_weight": 0.25,
    "bpm_histogram_second_peak_bpm": 123,
    "bpm_histogram_second_peak_spread": 0.399999976158,
    "bpm_histogram_second_peak_weight": 0.119999997318,
    "danceability": 0.971115112305,
    "onset_rate": 2.50796175003,
    "beats_loudness_band_ratio": {
        "max": [0.836613833904, 0.891834914684, 0.493257462978, 0.414970785379, 0.12918138504, 0.493366003036],
        "mean": [0.389283031225, 0.370672553778, 0.12038821727, 0.0684569478035, 0.0413846224546, 0.0431096032262],
        "min": [0.00616245344281, 0.0309263002127, 0.0132325952873, 0.00277762371115, 0.00116017984692, 0.00187178840861],
        "stdev": [0.267355263233, 0.261955440044, 0.0936870202422, 0.0847526714206, 0.0346130095422, 0.115130454302]
    },
    "beats_position": [0.487619042397, 0.986848056316, 1.48607707024, 1.97369611263, 2.46131515503, 2.94893407822, 3.41333317757, 3.87773227692, 4.34213161469, 4.80653047562, 5.25931978226, 5.71210861206, 6.17650794983, 6.64090681076, 7.10530614853, 7.56970500946, 8.03410434723, 8.498503685, 8.95129203796, 9.4040813446, 9.86848068237, 10.3328800201, 10.7972784042, 11.261677742, 11.7144670486, 12.1788663864],
