{
"metadata": {
    "version": {
        "essentia": "2.1-beta5",
        "essentia_git_sha": "Undefined",
        "extractor": "music 2.0"
    },
    "audio_properties": {
        "analysis": {
            "equal_loudness": 0,
            "length": 48.7502937317,
            "sample_rate": 44100,
            "start_time": 110.248344421,
            "downmix": "mix"
        },
        "bit_rate": 192000,
        "length": 225.18711853,
        "lossless": 0,
        "number_channels": 2,
        "replay_gain": 0.938497543335,
        "sample_rate": 48000,
        "codec": "mp3",
        "md5_encoded": "2e9ffeb8a9c6330678aba0d048e9dc8a"
    },
    "tags": {
        "file_name": "Iceland_Hægt Og Hljótt_Halla Margarét.mp3",
        "encoding": ["Lavf58.29.100"]
    }
},
"lowlevel": {
    "average_loudness": 0.797782480717,
    "barkbands_crest": {
        "max": 23.7439975739,
        "mean": 11.0183706284,
        "min": 4.08262014389,
        "stdev": 3.76454377174
    },
    "barkbands_flatness_db": {
        "max": 0.342942804098,
        "mean": 0.211086332798,
        "min": 0.0800935104489,
        "stdev": 0.0430245287716
    },
    "barkbands_kurtosis": {
        "max": 40.4567832947,
        "mean": 5.09120893478,
        "min": -1.73032391071,
        "stdev": 5.61610746384
    },
    "barkbands_skewness": {
        "max": 4.80253314972,
        "mean": 1.31333673,
        "min": -2.72868061066,
        "stdev": 1.03764784336
    },
    "barkbands_spread": {
        "max": 72.9141616821,
        "mean": 9.91296100616,
        "min": 1.46822214127,
        "stdev": 6.98513936996
    },
    "dissonance": {
        "max": 0.49947360158,
        "mean": 0.416444838047,
        "min": 0.16128796339,
        "stdev": 0.0517087355256
    },
    "dynamic_complexity": 3.11036300659,
    "erbbands_crest": {
        "max": 33.2940864563,
        "mean": 13.064043045,
        "min": 3.24180340767,
        "stdev": 5.54167032242
    },
    "erbbands_flatness_db": {
        "max": 0.405185669661,
        "mean": 0.231906503439,
        "min": 0.109839595854,
        "stdev": 0.044456217438
    },
    "erbbands_kurtosis": {
        "max": 25.2540988922,
        "mean": 2.25140762329,
        "min": -1.75296056271,
        "stdev": 3.56309390068
    },
    "erbbands_skewness": {
        "max": 4.18286085129,
        "mean": 0.874522268772,
        "min": -3.63739752769,
        "stdev": 0.935927867889
    },
    "erbbands_spread": {
        "max": 97.632598877,
        "mean": 21.2712802887,
        "min": 1.7810562849,
        "stdev": 13.2749843597
    },
    "hfc": {
        "max": 125.447113037,
        "mean": 12.4620800018,
        "min": 0.186444804072,
        "stdev": 14.6214590073
    },
    "loudness_ebu128": {
        "integrated": -25.6465892792,
        "loudness_range": 5.86561203003,
        "momentary": {
            "max": -19.6276798248,
            "mean": -26.6351795197,
            "min": -38.051612854,
            "stdev": 3.0603992939
        },
        "short_term": {
            "max": -22.7707386017,
            "mean": -26.3135280609,
            "min": -32.3059234619,
            "stdev": 2.02867174149
        }
    },
    "melbands_crest": {
        "max": 27.9903697968,
        "mean": 13.1106853485,
        "min": 4.49598455429,
        "stdev": 4.1101565361
    },
    "melbands_flatness_db": {
        "max": 0.448926091194,
        "mean": 0.286793172359,
        "min": 0.0803852751851,
        "stdev": 0.0610812082887
    },
    "melbands_kurtosis": {
        "max": 58.7441520691,
        "mean": 7.78726625443,
        "min": -1.64359176159,
        "stdev": 8.23914337158
    },
    "melbands_skewness": {
        "max": 5.34152030945,
        "mean": 1.66081511974,
        "min": -1.95734190941,
        "stdev": 1.16972053051
    },
    "melbands_spread": {
        "max": 104.872390747,
        "mean": 13.112455368,
        "min": 2.00698256493,
        "stdev": 10.1009435654
    },
    "pitch_salience": {
        "max": 0.832400143147,
        "mean": 0.543745934963,
        "min": 0.198439911008,
        "stdev": 0.100417234004
    },
    "silence_rate_20dB": {
        "max": 1,
        "mean": 1,
        "min": 1,
        "stdev": 0
    },
    "silence_rate_30dB": {
        "max": 1,
        "mean": 1,
        "min": 1,
        "stdev": 0
    },
    "silence_rate_60dB": {
        "max": 1,
        "mean": 0.0433127097785,
        "min": 0,
        "stdev": 0.203561469913
    },
    "spectral_centroid": {
        "max": 3310.02856445,
        "mean": 799.387023926,
        "min": 232.980804443,
        "stdev": 484.212402344
    },
    "spectral_complexity": {
        "max": 26,
        "mean": 11.4811992645,
        "min": 1,
        "stdev": 4.45212221146
    },
    "spectral_decrease": {
        "max": -1.57740556728e-10,
        "mean": -4.86873119598e-09,
        "min": -2.48143194881e-08,
        "stdev": 3.68057406774e-09
    },
    "spectral_energy": {
        "max": 0.104897230864,
        "mean": 0.0195060148835,
        "min": 0.000631368020549,
        "stdev": 0.0149864349514
    },
    "spectral_energyband_high": {
        "max": 0.00309119350277,
        "mean": 0.000144392353832,
        "min": 9.30493513351e-07,
        "stdev": 0.000327470625052
    },
    "spectral_energyband_low": {
        "max": 0.035465028137,
        "mean": 0.00230294535868,
        "min": 6.59168799757e-05,
        "stdev": 0.0022652449552
    },
    "spectral_energyband_middle_high": {
        "max": 0.0912734419107,
        "mean": 0.00489186542109,
        "min": 1.2991766198e-05,
        "stdev": 0.00973573513329
    },
    "spectral_energyband_middle_low": {
        "max": 0.082554012537,
        "mean": 0.013009342365,
        "min": 0.000322889478412,
        "stdev": 0.0109678395092
    },
    "spectral_entropy": {
        "max": 8.25280284882,
        "mean": 6.60939073563,
        "min": 5.27475881577,
        "stdev": 0.435055524111
    },
    "spectral_flux": {
        "max": 0.22002761066,
        "mean": 0.0495393946767,
        "min": 0.00364138092846,
        "stdev": 0.0277419015765
    },
    "spectral_kurtosis": {
        "max": 57.8414268494,
        "mean": 12.6860132217,
        "min": -0.388857364655,
        "stdev": 9.05506706238
    },
    "spectral_rms": {
        "max": 0.0101162623614,
        "mean": 0.00407305033877,
        "min": 0.000784836825915,
        "stdev": 0.00156222598162
    },
    "spectral_rolloff": {
        "max": 6826.02539062,
        "mean": 845.460449219,
        "min": 193.798828125,
        "stdev": 620.793273926
    },
    "spectral_skewness": {
        "max": 6.16270542145,
        "mean": 2.46832227707,
        "min": 0.29384291172,
        "stdev": 1.04189360142
    },
    "spectral_spread": {
        "max": 12317798,
        "mean": 2779681,
        "min": 1350330.5,
        "stdev": 725792.75
    },
    "spectral_strongpeak": {
        "max": 11.0536527634,
        "mean": 1.48253893852,
        "min": 0.0421220213175,
        "stdev": 1.62355494499
    },
    "zerocrossingrate": {
        "max": 0.1806640625,
        "mean": 0.0346770323813,
        "min": 0.0078125,
        "stdev": 0.017487609759
    },
    "barkbands": {
        "max": [0.000224294301006, 0.0203599408269, 0.0145804490894, 0.0202168785036, 0.0311646275222, 0.0417409464717, 0.026984045282, 0.0470396876335, 0.0314306840301, 0.0498621761799, 0.069160066545, 0.059501837939, 0.0227167867124, 0.0278385113925, 0.0255470424891, 0.00540457386523, 0.00852904375643, 0.00556434830651, 0.00716266175732, 0.00547644868493, 0.00136006530374, 0.000954849005211, 0.000819427194074, 0.000457890622783, 0.000108612715849, 9.62344347499e-06, 3.61638694812e-06],
        "mean": [8.25926963444e-06, 0.00103740836494, 0.000856969680171, 0.000840909720864, 0.00250019016676, 0.00446008937433, 0.00189981563017, 0.00178327818867, 0.000840649241582, 0.00182552472688, 0.00101800216362, 0.000593297998421, 0.000358983321348, 0.00018284318503, 0.000389630149584, 0.000132983273943, 0.000192480700207, 0.000164937504451, 0.000203142903047, 0.000139421681524, 4.69580481877e-05, 1.29926729642e-05, 1.07774012577e-05, 4.27987788498e-06, 1.05667913886e-06, 1.14675992791e-06, 1.9197086587e-08],
        "min": [1.55970489857e-08, 1.91357980839e-06, 3.44947488884e-06, 1.46934280565e-06, 6.45006230116e-06, 1.21862176456e-05, 3.35472714141e-06, 2.19981507144e-06, 4.64731158445e-07, 1.44436270944e-07, 1.25491897052e-06, 3.85537987313e-07, 3.03053667494e-07, 1.81298588586e-07, 1.51641060597e-07, 2.0216381813e-07, 1.43454840895e-07, 1.1829382629e-07, 6.11984347643e-08, 3.80010263257e-08, 7.86162956956e-08, 3.79327254052e-08, 4.32744435841e-08, 5.03802368712e-08, 5.46164820037e-08, 1.51591180497e-07, 2.37846908835e-10],
        "stdev": [1.41034543049e-05, 0.00130823277868, 0.00101489888038, 0.00129842187744, 0.00283828703687, 0.00611468218267, 0.00304907700047, 0.00331070553511, 0.0025285014417, 0.0049685719423, 0.00394359882921, 0.00330057484098, 0.00128605857026, 0.000906199333258, 0.00186711573042, 0.00035488299909, 0.000672126945574, 0.000430873973528, 0.000565913622268, 0.000413281784859, 0.000128468920593, 5.84061963309e-05, 5.08419216203e-05, 2.02620722121e-05, 4.50798825113e-06, 7.75810235609e-07, 8.05487943012e-08]
    },
    "erbbands": {
        "max": [0.183506458998, 5.96711921692, 19.6503181458, 26.8178863525, 73.9769515991, 121.115112305, 461.34173584, 446.846832275, 526.075317383, 564.256652832, 1351.74475098, 959.784851074, 1693.35009766, 2164.90893555, 1019.68157959, 2224.35498047, 1435.14477539, 522.220336914, 1435.29089355, 736.256591797, 241.99508667, 444.490142822, 246.902648926, 486.5390625, 257.182098389, 156.111938477, 91.6606216431, 43.3463363647, 37.1222686768, 25.9945087433, 26.773897171, 11.2983064651, 5.73213195801, 1.62400877476, 0.460995018482, 0.0640323460102, 0.0120999692008, 0.0023716695141, 0.000524710922036, 0.000128628729726],
        "mean": [0.0137055730447, 0.285981208086, 0.92135232687, 2.10362744331, 4.10766839981, 8.97210216522, 24.6385650635, 37.2445106506, 31.7196502686, 33.7042770386, 29.2946853638, 25.9707679749, 45.6870918274, 48.3181343079, 34.3919792175, 24.6924610138, 21.2898864746, 7.94917869568, 23.9002075195, 10.0879621506, 7.97251844406, 10.1774320602, 7.58066034317, 13.2700061798, 7.98379850388, 6.2246556282, 3.24305057526, 1.14393377304, 0.529727995396, 0.349171251059, 0.301593542099, 0.126802057028, 0.0564135722816, 0.0145400958136, 0.00685954838991, 0.00294870464131, 0.00202863593586, 0.000510299927555, 1.84099917533e-05, 2.28779463214e-05],
        "min": [0.000121942379337, 0.00143800978549, 0.00872998125851, 0.00835761614144, 0.0197824817151, 0.0831727385521, 0.193423584104, 0.0643452182412, 0.224760740995, 0.239815965295, 0.033973544836, 0.0146938851103, 0.0251955650747, 0.068440079689, 0.0557198375463, 0.0472580194473, 0.0467258654535, 0.0188102275133, 0.020088236779, 0.0132510950789, 0.013185701333, 0.00995050743222, 0.00627266056836, 0.0032074674964, 0.00307200127281, 0.00213138945401, 0.00315102911554, 0.0020999617409, 0.00160453876015, 0.00108591280878, 0.00122072733939, 0.00121183996089, 0.000766223354731, 0.0004467140825, 0.000488604069687, 0.000241202083998, 0.000289553427137, 6.80393713992e-05, 3.75202557734e-06, 9.63723664427e-07],
        "stdev": [0.016726911068, 0.36438909173, 1.05376660824, 2.56375098228, 5.42516040802, 10.6866998672, 41.2179412842, 52.6327400208, 48.2266159058, 53.3785095215, 73.5517730713, 73.8017578125, 129.188339233, 171.160415649, 74.8778839111, 124.513511658, 82.7226638794, 23.3004341125, 106.699523926, 33.246055603, 19.366973877, 36.8230400085, 17.5023784637, 36.3591499329, 22.5211105347, 16.0710220337, 8.53161048889, 2.90120601654, 2.31488323212, 1.71803021431, 1.42553019524, 0.563960254192, 0.279855161905, 0.0716710016131, 0.0207733549178, 0.00524240080267, 0.00108343735337, 0.000189689730178, 1.4008668586e-05, 1.7795662643e-05]
    },
    "gfcc": {
        "mean": [-69.3216323853, 144.620742798, -113.308006287, 8.08814907074, -55.5685844421, -14.0549869537, -28.6620922089, 0.215684831142, -23.8756008148, 0.17385442555, -12.0332145691, 4.92019271851, -9.8826675415],
        "cov": [[2953.07324219, -439.385192871, -1384.93457031, 607.662414551, -263.270050049, -251.944580078, 3.71471428871, 66.9342880249, 3.45976090431, -184.35345459, 146.672744751, -264.238616943, 178.764480591], [-439.385192871, 431.243896484, 323.656036377, -244.555114746, 159.35836792, -0.89608412981, 34.7970199585, -48.9621772766, 17.3904380798, 7.65568828583, -48.8622932434, 18.0838413239, -36.1847000122], [-1384.93457031, 323.656036377, 1091.75158691, -201.482772827, 21.7693843842, 167.485488892, -51.7622375488, -39.3861083984, 41.2888793945, 43.3139724731, -129.033935547, 156.668899536, -95.7672348022], [607.662414551, -244.555114746, -201.482772827, 507.129394531, -22.8324794769, -103.745491028, -91.9844436646, 40.2060546875, 15.0489664078, -85.5357055664, 15.4083995819, -47.2465133667, 60.9823455811], [-263.270050049, 159.35836792, 21.7693843842, -22.8324794769, 322.080932617, 11.2968292236, -26.4462108612, -11.5803041458, -12.5006799698, 23.3318920135, -12.4285573959, -19.8669033051, -8.15202045441], [-251.944580078, -0.89608412981, 167.485488892, -103.745491028, 11.2968292236, 222.249847412, 70.058921814, -35.3327941895, -33.9795951843, 45.7887382507, -14.302028656, 2.62750005722, -49.821685791], [3.71471428871, 34.7970199585, -51.7622375488, -91.9844436646, -26.4462108612, 70.058921814, 227.885665894, 14.6747493744, -62.5415267944, 19.0749187469, 36.1914825439, -21.2360706329, -21.7568302155], [66.9342880249, -48.9621772766, -39.3861083984, 40.2060546875, -11.5803041458, -35.3327941895, 14.6747493744, 115.997253418, 29.4270114899, -20.3969974518, 13.2382965088, 5.95462226868, 23.353717804], [3.45976090431, 17.3904380798, 41.2888793945, 15.0489664078, -12.5006799698, -33.9795951843, -62.5415267944, 29.4270114899, 122.739204407, 19.937204361, -17.5522823334, 22.0035629272, 6.58332920074], [-184.35345459, 7.65568828583, 43.3139724731, -85.5357055664, 23.3318920135, 45.7887382507, 19.0749187469, -20.3969974518, 19.937204361, 113.628593445, 12.6988229752, 6.03092718124, -21.390127182], [146.672744751, -48.8622932434, -129.033935547, 15.4083995819, -12.4285573959, -14.302028656, 36.1914825439, 13.2382965088, -17.5522823334, 12.6988229752, 123.691917419, 5.26928663254, -10.0217561722], [-264.238616943, 18.0838413239, 156.668899536, -47.2465133667, -19.8669033051, 2.62750005722, -21.2360706329, 5.95462226868, 22.0035629272, 6.03092718124, 5.26928663254, 111.197692871, 7.09959506989], [178.764480591, -36.1847000122, -95.7672348022, 60.9823455811, -8.15202045441, -49.821685791, -21.7568302155, 23.353717804, 6.58332920074, -21.390127182, -10.0217561722, 7.09959506989, 100.802345276]],
        "icov": [[0.00249039940536, -0.00387844373472, 0.00382375228219, -0.00310181244276, 0.00366584258154, -0.00263778236695, 0.00157449883409, -0.00115398911294, 5.94239427301e-05, 0.000194864973309, -0.000500062422361, 0.000974340829998, -0.000780437781941], [-0.00387844373472, 0.0175672192127, -0.0103329783306, 0.010187253356, -0.0116340210661, 0.0100108766928, -0.00760701671243, 0.00818826537579, -0.00610256753862, 0.00602575810626, -0.000889748393092, 0.00359343900345, -0.000991898472421], [0.00382375228219, -0.0103329783306, 0.00940564740449, -0.00671173399314, 0.00777486898005, -0.00722257979214, 0.00472853472456, -0.00439612567425, 0.0023916522041, -0.00220640446059, 0.00187850825023, -0.00316989747807, 0.00138962629717], [-0.00310181244276, 0.010187253356, -0.00671173399314, 0.00920219253749, -0.00714485161006, 0.00618557678536, -0.00320067582652, 0.00392740685493, -0.00306045101024, 0.00429265899584, -0.00100448296871, 0.00258362642489, -0.00107819936238], [0.00366584258154, -0.0116340210661, 0.00777486898005, -0.00714485161006, 0.0117835542187, -0.00690319947898, 0.00578942568973, -0.00530227366835, 0.00405226415023, -0.00389733724296, 0.000307784881443, -0.000334728538292, 1.31808983497e-05], [-0.00263778236695, 0.0100108766928, -0.00722257979214, 0.00618557678536, -0.00690319947898, 0.0127343731001, -0.00602358719334, 0.00536839757115, -0.0017694364069, 0.00107582146302, 0.000379754288588, 0.00214012223296, 0.00109029363375], [0.00157449883409, -0.00760701671243, 0.00472853472456, -0.00320067582652, 0.00578942568973, -0.00602358719334, 0.0103192245588, -0.00618615187705, 0.00603062845767, -0.00353102525696, -0.000697371957358, -0.000590161827859, 0.000886340043508], [-0.00115398911294, 0.00818826537579, -0.00439612567425, 0.00392740685493, -0.00530227366835, 0.00536839757115, -0.00618615187705, 0.0154465120286, -0.00754335708916, 0.00585708394647, -0.00222617876716, 0.00217121769674, -0.0028946956154], [5.94239427301e-05, -0.00610256753862, 0.0023916522041, -0.00306045101024, 0.00405226415023, -0.0017694364069, 0.00603062845767, -0.00754335708916, 0.0156849417835, -0.0076301433146, 0.003012976842, -0.00419320818037, 0.00228149536997], [0.000194864973309, 0.00602575810626, -0.00220640446059, 0.00429265899584, -0.00389733724296, 0.00107582146302, -0.00353102525696, 0.00585708394647, -0.0076301433146, 0.0160599909723, -0.00355313066393, 0.00360755808651, -0.00147929799277], [-0.000500062422361, -0.000889748393092, 0.00187850825023, -0.00100448296871, 0.000307784881443, 0.000379754288588, -0.000697371957358, -0.00222617876716, 0.003012976842, -0.00355313066393, 0.0122867552564, -0.00533789489418, 0.00418436527252], [0.000974340829998, 0.00359343900345, -0.00316989747807, 0.00258362642489, -0.000334728538292, 0.00214012223296, -0.000590161827859, 0.00217121769674, -0.00419320818037, 0.00360755808651, -0.00533789489418, 0.0171747226268, -0.00531322415918], [-0.000780437781941, -0.000991898472421, 0.00138962629717, -0.00107819936238, 1.31808983497e-05, 0.00109029363375, 0.000886340043508, -0.0028946956154, 0.00228149536997, -0.00147929799277, 0.00418436527252, -0.00531322415918, 0.0146500812843]]
    },
    "melbands": {
        "max": [0.00341491727158, 0.0094732278958, 0.00724157132208, 0.00445840181783, 0.0124244559556, 0.00943362619728, 0.00677063083276, 0.00550899235532, 0.0109401615337, 0.0062198759988, 0.00867947191, 0.00915792770684, 0.00627086358145, 0.00147616199683, 0.0109378388152, 0.000743516313378, 0.0012071657693, 0.00286039221101, 0.00128111930098, 0.000636354845483, 0.000350785121555, 0.000645241176244, 0.000508485012688, 0.000183232696145, 0.000498814042658, 0.000182310395758, 0.000306422589347, 0.000107896834379, 5.81621206948e-05, 5.91057578276e-05, 2.40964818659e-05, 2.34961298702e-05, 1.74584292836e-05, 1.51913754962e-05, 1.79902399395e-05, 8.90069622983e-06, 6.43778002996e-06, 4.88559953737e-06, 2.9077268664e-06, 1.50440564539e-06],
        "mean": [0.000209373392863, 0.000471518782433, 0.000417175615439, 0.000456089561339, 0.000789912592154, 0.000850123120472, 0.000447453319794, 0.000377790594939, 0.000222440081416, 0.000146573089296, 0.000230501507758, 0.00020017712086, 0.000127948704176, 4.66053061245e-05, 9.31134418352e-05, 2.32761103689e-05, 1.34699575938e-05, 3.67901047866e-05, 2.23262704822e-05, 1.12061707114e-05, 9.06348577701e-06, 1.1926519619e-05, 7.00567943568e-06, 7.51367542762e-06, 1.14847971417e-05, 6.00248813498e-06, 5.22741493114e-06, 3.86756892112e-06, 2.25369558393e-06, 1.24797679746e-06, 4.58302935158e-07, 3.05798181444e-07, 2.05627557648e-07, 1.91836008412e-07, 1.93345556454e-07, 1.14955781783e-07, 6.2441571913e-08, 4.4609077321e-08, 2.08091588405e-08, 9.52790291109e-09],
        "min": [7.25420704839e-07, 8.69797258929e-06, 1.54502617988e-06, 1.45879937463e-06, 7.07764047547e-06, 1.70375039943e-06, 2.2025594717e-06, 1.11911663225e-06, 1.29085691469e-07, 6.89330121872e-08, 4.0093866005e-08, 9.94870958948e-08, 1.37524381216e-07, 5.95377507295e-08, 3.29964251478e-08, 3.90991097277e-08, 2.41152484648e-08, 2.25997514036e-08, 1.27470247691e-08, 8.56510773417e-09, 1.42408298487e-08, 8.15284284528e-09, 5.81522652254e-09, 4.73960426461e-09, 1.88678561663e-09, 2.23224194684e-09, 8.8479346072e-10, 1.19790055653e-09, 1.58845525622e-09, 1.39684774858e-09, 9.84138104343e-10, 9.01007879417e-10, 6.6209138172e-10, 5.38525668503e-10, 6.06638461687e-10, 6.71042832412e-10, 5.98075644564e-10, 4.62481941632e-10, 3.08574776842e-10, 3.42541189857e-10],
        "stdev": [0.00025268967147, 0.000515218882356, 0.00050927902339, 0.000528851989657, 0.00116910762154, 0.00115677877329, 0.000695385970175, 0.000595883408096, 0.000585075409617, 0.000448809325462, 0.000670938810799, 0.000706560444087, 0.000366158899851, 0.00012813473586, 0.000580539053772, 6.47210617899e-05, 5.19437089679e-05, 0.000159595845616, 9.96286908048e-05, 3.51533562934e-05, 2.58026739175e-05, 4.62343159597e-05, 2.43898466579e-05, 1.6935988242e-05, 3.38410354743e-05, 1.7265245333e-05, 1.83955762623e-05, 1.01361974885e-05, 6.0008978835e-06, 3.97867825086e-06, 1.27306077502e-06, 1.38361372137e-06, 1.03476043023e-06, 9.62757326306e-07, 9.32741500037e-07, 5.12088320193e-07, 2.92591863627e-07, 2.29576272659e-07, 1.08735669357e-07, 5.00251857716e-08]
    },
    "melbands128": {
        "max": [0.00021801564435, 0.000919875164982, 0.00433814199641, 0.0128620266914, 0.0126769337803, 0.00571394339204, 0.00466245179996, 0.0136274686083, 0.00796056073159, 0.0081038903445, 0.0074224085547, 0.0127472709864, 0.0238033905625, 0.015515034087, 0.0167113076895, 0.0107838883996, 0.0164068136364, 0.0112564843148, 0.00526556931436, 0.0107094021514, 0.00731700425968, 0.009053084068, 0.0194925926626, 0.00557062029839, 0.00924794841558, 0.0099308937788, 0.00414262479171, 0.0175256542861, 0.0130210965872, 0.0148424459621, 0.0138904927298, 0.0213631391525, 0.00542438821867, 0.00538828549907, 0.00120822247118, 0.0025078910403, 0.00384698528796, 0.0247621685266, 0.00386630720459, 0.00210432009771, 0.00148079986684, 0.000459221570054, 0.00109309016261, 0.00325550511479, 0.00674732634798, 0.00254390994087, 0.00670585921034, 0.000809435208794, 0.00120804272592, 0.00207125884481, 0.000742746691685, 0.00105624611024, 0.000552038603928, 0.000543121655937, 0.00134034745861, 0.00144218408968, 0.00108378229197, 0.00130003609229, 0.000831086770631, 0.00028499122709, 0.00032328456291, 0.000606155837886, 0.00113770610187, 0.000667171669193, 0.000646149099339, 0.000190890074009, 0.000379784149118, 0.000401343742851, 0.000561312132049, 0.000223020935664, 0.000218892062549, 0.000230509715038, 0.000132947650854, 8.80486622918e-05, 8.90235824045e-05, 0.00015714467736, 2.99360381177e-05, 3.13152741001e-05, 2.75055190286e-05, 2.13503753912e-05, 2.08561777981e-05, 3.49626097886e-05, 1.94248405023e-05, 2.37914719037e-05, 1.89409311133e-05, 1.75426539499e-05, 1.83076572284e-05, 2.16506050492e-05, 2.00976755877e-05, 1.64806951943e-05, 1.45125377458e-05, 1.01219238786e-05, 7.42637348594e-06, 4.96371558256e-06, 7.0949554356e-06, 7.3456753853e-06, 5.70650081499e-06, 3.47860623151e-06, 3.8329826566e-06, 2.25348321692e-06, 7.83099835644e-07, 1.74797378349e-06, 2.03487661565e-06, 5.969546919e-07, 4.27766593702e-07, 2.37107045109e-07, 1.54160886723e-07, 1.1986203674e-07, 1.7599664659e-07, 1.48727579585e-07, 1.02141953562e-07, 6.7692859318e-08, 3.33890533e-08, 3.46806423579e-08, 6.02069718525e-08, 1.92001259336e-08, 2.00663805572e-08, 1.6951796411e-08, 1.62480144894e-08, 1.57684532098e-08, 1.53203352227e-08, 1.49215413359e-08, 1.45668694884e-08, 1.42707214934e-08, 1.406822836e-08, 1.39028761836e-08, 1.37660247645e-08, 1.36775515358e-08],
        "mean": [5.5294408412e-06, 5.19531895407e-05, 0.000264917558525, 0.000561666849535, 0.000477659865282, 0.000439322844613, 0.00041667316691, 0.000430521817179, 0.000374321214622, 0.000459840404801, 0.00046478305012, 0.000617980025709, 0.000810986151919, 0.00109665910713, 0.000959336350206, 0.000633198826108, 0.000644144020043, 0.000387470267015, 0.000237847925746, 0.000403314566938, 0.000481122056954, 0.000212781655136, 0.0002400867088, 0.000116660405183, 0.000214521729504, 0.000119660180644, 7.99321569502e-05, 0.000324853463098, 0.000263203168288, 0.000215693042264, 0.000182436109753, 0.000150297302753, 0.000130153945065, 0.000130948916194, 2.80183667201e-05, 2.04294301511e-05, 5.53254358238e-05, 0.000165118995938, 5.21987021784e-05, 3.5937580833e-05, 1.71687570401e-05, 5.6592166402e-06, 8.25000824989e-06, 2.00251306524e-05, 2.42111891566e-05, 2.75690872513e-05, 7.96033127699e-05, 1.13372689157e-05, 6.36853792457e-06, 1.30101898321e-05, 1.21370694615e-05, 1.03859274532e-05, 6.34654497844e-06, 7.09673395249e-06, 1.76786743395e-05, 1.29667323563e-05, 7.29722614778e-06, 6.83869029672e-06, 8.63472268975e-06, 4.02681871492e-06, 6.34058278592e-06, 7.98827113613e-06, 1.8426353563e-05, 7.81209564593e-06, 1.01902742244e-05, 3.84019767807e-06, 6.72846454108e-06, 4.64930781163e-06, 5.44611884834e-06, 4.05032551498e-06, 4.34660978499e-06, 3.79173434339e-06, 2.74125295618e-06, 1.81348934802e-06, 1.73446881035e-06, 1.72270733856e-06, 7.39758718282e-07, 6.10282484104e-07, 4.05895207223e-07, 3.43770352629e-07, 2.80317493662e-07, 3.45503082144e-07, 2.43993667937e-07, 1.81869083349e-07, 1.68615642337e-07, 1.90814503753e-07, 2.0075040652e-07, 2.01653364229e-07, 2.13377077785e-07, 1.68958891322e-07, 1.35905509069e-07, 9.8426134798e-08, 8.17632752614e-08, 5.80785268767e-08, 5.42376739077e-08, 5.19222993489e-08, 4.39739693547e-08, 3.31687033395e-08, 2.28620145037e-08, 1.42869165387e-08, 5.85174397827e-09, 9.68398428114e-09, 1.22715340112e-08, 9.39639033248e-09, 7.52886109012e-09, 5.8773630407e-09, 5.41327471737e-09, 5.60896662449e-09, 5.06403541323e-09, 4.82201167884e-09, 4.07144673531e-09, 2.2050656856e-09, 1.06291209168e-09, 1.24116459332e-08, 2.55777550251e-08, 5.65788860207e-10, 5.85618720184e-10, 2.02426114065e-11, 1.26102340375e-11, 1.21577210105e-11, 1.1872968754e-11, 1.14639339688e-11, 1.12693829962e-11, 1.10135156203e-11, 1.05885170423e-11, 9.96687714999e-12, 9.60474581813e-12, 9.5086161167e-12],
        "min": [4.92425922261e-09, 1.61542459409e-08, 2.14337489979e-07, 8.40445693484e-07, 1.00882755305e-06, 2.12781606024e-06, 2.95248071325e-07, 5.7309443946e-07, 4.34640838876e-07, 2.63761285169e-06, 5.45026864529e-07, 1.49051686549e-06, 7.58231976761e-07, 8.28283717169e-08, 4.81258155105e-07, 1.0324458799e-06, 6.4262729893e-07, 2.27000953146e-07, 1.68513750509e-07, 2.15925453517e-07, 1.43599748981e-07, 1.29233981738e-07, 2.75787415127e-09, 3.27916822584e-08, 2.43739783912e-08, 2.96516216025e-08, 2.51618157421e-08, 1.16368381597e-08, 1.74636287653e-08, 2.06179997519e-08, 1.34619053682e-08, 1.510032277e-08, 2.79853225038e-08, 5.2157023589e-08, 1.42913494372e-08, 1.14068523516e-08, 2.33439720887e-08, 1.28502621877e-08, 6.87336587646e-09, 2.06578114614e-08, 5.6916054092e-09, 7.45700567961e-09, 6.21359097508e-09, 9.05794639294e-09, 1.93149785055e-09, 4.29361124432e-09, 6.22509732651e-09, 5.85788040297e-09, 2.92355961662e-09, 2.86459878041e-09, 5.72110625541e-09, 6.45278719347e-09, 1.32388577878e-09, 3.44798412044e-09, 3.40426953294e-09, 5.13999243168e-09, 2.04364725143e-09, 3.55740459312e-09, 3.62604613002e-09, 3.76098707733e-09, 2.17790674384e-09, 1.70610947592e-09, 9.28297216873e-10, 1.0558105501e-09, 2.14412443356e-09, 1.55266155488e-09, 7.64316221424e-10, 7.40767058804e-10, 5.83623149808e-10, 4.43080322432e-10, 8.92548868148e-10, 4.69108141221e-10, 7.26620597025e-10, 1.14566300891e-09, 7.74090846978e-10, 8.53034309856e-10, 5.92382365383e-10, 5.27414611984e-10, 6.80587475266e-10, 6.23143536771e-10, 4.28825142063e-10, 2.76181272296e-10, 6.27636498329e-10, 3.66755043002e-10, 4.17354567572e-10, 3.5372524354e-10, 3.72123054593e-10, 2.01485730877e-10, 2.19422924275e-10, 3.08009728833e-10, 3.315001329e-10, 4.07591238538e-10, 5.29588650711e-10, 4.47794246128e-10, 2.80566014865e-10, 2.45962722412e-10, 3.57043089538e-10, 1.88811480339e-10, 1.98988436839e-10, 7.42689174049e-11, 1.3356354911e-10, 2.50112097699e-10, 7.68305349896e-11, 3.30384192226e-10, 1.09508895008e-10, 2.43637748865e-10, 1.57038965165e-10, 1.57126908706e-10, 1.17335127725e-10, 1.17322512816e-10, 5.41769719364e-11, 4.97996817395e-11, 9.00899146949e-12, 1.00746133658e-09, 1.31376942658e-09, 1.42299323366e-11, 1.11407291812e-12, 6.32199479399e-13, 5.68208078245e-13, 5.94489518377e-13, 5.27140505725e-13, 4.55263919012e-13, 5.71822266187e-13, 5.21525693725e-13, 3.74484921154e-13, 1.52633534609e-13, 2.11341835417e-14, 3.86501954395e-16],
        "stdev": [9.65606068348e-06, 8.30180506455e-05, 0.000353710405761, 0.000772838946432, 0.000643527659122, 0.000553741760086, 0.000547944218852, 0.000773309206124, 0.000578001374379, 0.000723126810044, 0.000637582794297, 0.000914310279768, 0.00186344631948, 0.00189294968732, 0.00168440118432, 0.0011282999767, 0.00120226433501, 0.000985421356745, 0.000587607675698, 0.000858755549416, 0.000898236583453, 0.000557627936359, 0.0010073868325, 0.000405501108617, 0.000773696228862, 0.000564875779673, 0.000261444685748, 0.0012035529362, 0.00096887460677, 0.000916298304219, 0.00098301237449, 0.00105538161006, 0.000370417779777, 0.000351287482772, 7.9835721408e-05, 0.0001372951956, 0.000281369022559, 0.00129693129566, 0.000208481738809, 0.000132211236632, 8.79199287738e-05, 2.05968808586e-05, 3.95962269977e-05, 0.000110560991743, 0.000195340166101, 0.000139753188705, 0.000471698847832, 4.64816985186e-05, 4.6421715524e-05, 7.70627812017e-05, 4.54981018265e-05, 4.39639225078e-05, 2.97932128888e-05, 3.34979158652e-05, 7.87743119872e-05, 8.42868466862e-05, 4.79118389194e-05, 4.29338761023e-05, 3.86543506465e-05, 1.36792577905e-05, 2.2557349439e-05, 2.77580529655e-05, 7.2857736086e-05, 3.10807663482e-05, 5.08285083924e-05, 1.36449598358e-05, 2.8690776162e-05, 2.17119031731e-05, 2.92178592645e-05, 1.35458512887e-05, 1.59606315719e-05, 1.60181516549e-05, 1.03365928226e-05, 6.70801136948e-06, 6.84895485392e-06, 8.59267129272e-06, 2.29262991525e-06, 1.69238978742e-06, 1.3329245121e-06, 1.31861906993e-06, 1.22514609302e-06, 2.06917661671e-06, 1.2210133491e-06, 1.0941465689e-06, 9.45613976455e-07, 1.00883892173e-06, 1.02980675365e-06, 1.08743608962e-06, 1.03874128854e-06, 8.3547598706e-07, 6.5374871383e-07, 4.7167560524e-07, 3.45110152011e-07, 2.76046989711e-07, 3.03449581907e-07, 3.06230589331e-07, 2.3256339432e-07, 1.60980306418e-07, 1.25555374098e-07, 8.37594598124e-08, 3.2788722848e-08, 5.46334959495e-08, 6.73637501336e-08, 3.20063975323e-08, 2.27285585908e-08, 1.33998243612e-08, 1.06407513911e-08, 1.10360085515e-08, 1.06656026233e-08, 8.93909035682e-09, 6.67175781288e-09, 4.18748191677e-09, 2.31608709989e-09, 5.23220888837e-09, 9.47224876313e-09, 5.56384605055e-10, 7.42927386277e-10, 3.70377006842e-10, 3.54951651405e-10, 3.44455935997e-10, 3.34683031289e-10, 3.25956789338e-10, 3.18215676032e-10, 3.11747377912e-10, 3.07337155725e-10, 3.03741587437e-10, 3.00763025596e-10, 2.98833180423e-10]
    },
    "mfcc": {
        "mean": [-722.910705566, 184.200332642, -5.87138605118, 29.1655311584, -10.6563653946, -6.79803609848, -5.29167699814, -1.1853659153, -7.65998888016, -1.47166228294, -9.68187618256, 0.716211974621, -0.398783892393],
        "cov": [[4404.08886719, -1219.8828125, -1171.44958496, 464.001220703, -330.293792725, -368.357147217, 0.97339951992, -5.01603746414, -185.96043396, 286.478363037, -293.995697021, 14.9886989594, -232.574966431], [-1219.8828125, 871.094970703, 224.793884277, -226.067199707, 111.379058838, 113.72428894, 3.78275799751, -23.5826721191, 82.3856048584, -74.8447418213, 106.5184021, -36.5380973816, 46.4714889526], [-1171.44958496, 224.793884277, 800.418457031, -135.280105591, 29.4278583527, 156.285934448, -96.9568786621, 54.4190750122, 70.124710083, -142.481445312, 116.660888672, -2.36875009537, 44.2435874939], [464.001220703, -226.067199707, -135.280105591, 332.274414062, 72.9318847656, -96.9462051392, -12.535610199, 22.489030838, -29.7181491852, 37.6943893433, -84.7695465088, 2.88810920715, -33.4021148682], [-330.293792725, 111.379058838, 29.4278583527, 72.9318847656, 315.030578613, 25.587934494, -69.7054672241, -3.68070888519, 20.6687221527, -17.9380626678, -16.6805114746, 5.13571500778, 0.15805824101], [-368.357147217, 113.72428894, 156.285934448, -96.9462051392, 25.587934494, 217.909683228, 39.6004142761, -24.3829936981, 13.8634490967, -22.4279689789, 71.0061721802, -48.6417236328, 31.1283550262], [0.97339951992, 3.78275799751, -96.9568786621, -12.535610199, -69.7054672241, 39.6004142761, 245.029312134, 23.0384235382, -48.516960144, 70.6154632568, 0.335081547499, -31.6403942108, 7.86899852753], [-5.01603746414, -23.5826721191, 54.4190750122, 22.489030838, -3.68070888519, -24.3829936981, 23.0384235382, 108.225502014, 2.95315027237, -5.84202861786, -9.77122974396, 6.47807312012, 4.5335893631], [-185.96043396, 82.3856048584, 70.124710083, -29.7181491852, 20.6687221527, 13.8634490967, -48.516960144, 2.95315027237, 138.849868774, -11.7709817886, 9.42397022247, -15.1634187698, -8.0706987381], [286.478363037, -74.8447418213, -142.481445312, 37.6943893433, -17.9380626678, -22.4279689789, 70.6154632568, -5.84202861786, -11.7709817886, 148.190292358, -17.0310916901, -18.5288066864, -43.7918968201], [-293.995697021, 106.5184021, 116.660888672, -84.7695465088, -16.6805114746, 71.0061721802, 0.335081547499, -9.77122974396, 9.42397022247, -17.0310916901, 132.318328857, 15.544716835, 31.1844120026], [14.9886989594, -36.5380973816, -2.36875009537, 2.88810920715, 5.13571500778, -48.6417236328, -31.6403942108, 6.47807312012, -15.1634187698, -18.5288066864, 15.544716835, 114.712844849, 29.2286376953], [-232.574966431, 46.4714889526, 44.2435874939, -33.4021148682, 0.15805824101, 31.1283550262, 7.86899852753, 4.5335893631, -8.0706987381, -43.7918968201, 31.1844120026, 29.2286376953, 115.748031616]],
        "icov": [[0.000806584430393, 0.000576400838327, 0.000958136282861, -0.000334553449648, 0.000804289942607, -0.000354460178642, 0.000819620094262, -0.000511545164045, 0.000390249915654, -0.000330161623424, 0.000262392277364, -7.51534244046e-05, 0.000835611775983], [0.000576400838327, 0.0022632512264, 0.00048710606643, 0.000894872355275, -0.000505969685037, 0.000374889263185, -0.000124270416563, 8.69961004355e-05, -0.000439963128883, 0.000410091859521, -0.000747827172745, 0.000795368221588, 0.000351571798092], [0.000958136282861, 0.00048710606643, 0.00330986245535, -0.000329818984028, 0.00113179674372, -0.00181757030077, 0.00180765241385, -0.00226103840396, 0.000123941281345, 0.000894149939995, -0.000645212247036, -0.000194982654648, 0.00139222131111], [-0.000334553449648, 0.000894872355275, -0.000329818984028, 0.00512219872326, -0.00207247887738, 0.00172363780439, -0.000507680408191, -0.000270649295999, 0.000254664191743, -0.00015148044622, 0.000841263390612, 0.000870918214787, -0.000329016475007], [0.000804289942607, -0.000505969685037, 0.00113179674372, -0.00207247887738, 0.00530481664464, -0.00224900082685, 0.00243547768332, -0.000945828098338, 0.000430071318988, -0.000768669706304, 0.0014634556137, -0.00114978232887, 0.000892822397873], [-0.000354460178642, 0.000374889263185, -0.00181757030077, 0.00172363780439, -0.00224900082685, 0.00940391141921, -0.00273009436205, 0.00281618465669, -0.000379185570637, 0.000770269718487, -0.00339996325783, 0.004313074518, -0.00202937843278], [0.000819620094262, -0.000124270416563, 0.00180765241385, -0.000507680408191, 0.00243547768332, -0.00273009436205, 0.00781144667417, -0.00319150765426, 0.0025610292796, -0.00345914112404, 0.000893108779564, 0.000724499346688, -0.000369575340301], [-0.000511545164045, 8.69961004355e-05, -0.00226103840396, -0.000270649295999, -0.000945828098338, 0.00281618465669, -0.00319150765426, 0.0118665304035, -0.00118191458751, 0.000834436563309, 0.000328854192048, -3.83244514524e-05, -0.00112614629325], [0.000390249915654, -0.000439963128883, 0.000123941281345, 0.000254664191743, 0.000430071318988, -0.000379185570637, 0.0025610292796, -0.00118191458751, 0.00893049687147, -0.00106609717477, 0.00034240577952, 0.00115735898726, 0.000795305357315], [-0.000330161623424, 0.000410091859521, 0.000894149939995, -0.00015148044622, -0.000768669706304, 0.000770269718487, -0.00345914112404, 0.000834436563309, -0.00106609717477, 0.0109210917726, -0.00172139937058, 0.000609520880971, 0.00315022817813], [0.000262392277364, -0.000747827172745, -0.000645212247036, 0.000841263390612, 0.0014634556137, -0.00339996325783, 0.000893108779564, 0.000328854192048, 0.00034240577952, -0.00172139937058, 0.0122399954125, -0.00323515781201, -0.000952478323597], [-7.51534244046e-05, 0.000795368221588, -0.000194982654648, 0.000870918214787, -0.00114978232887, 0.004313074518, 0.000724499346688, -3.83244514524e-05, 0.00115735898726, 0.000609520880971, -0.00323515781201, 0.0125788766891, -0.00334409298375], [0.000835611775983, 0.000351571798092, 0.00139222131111, -0.000329016475007, 0.000892822397873, -0.00202937843278, -0.000369575340301, -0.00112614629325, 0.000795305357315, 0.00315022817813, -0.000952478323597, -0.00334409298375, 0.0125123532489]]
    },
    "spectral_contrast_coeffs": {
        "max": [-0.452355921268, -0.433847635984, -0.394667595625, -0.508234083652, -0.561310887337, -0.609201908112],
        "mean": [-0.690446197987, -0.678989291191, -0.687231659889, -0.758859217167, -0.773898303509, -0.767045557499],
        "min": [-0.952207326889, -0.879702329636, -0.90334135294, -0.908685684204, -0.897682309151, -0.87547236681],
        "stdev": [0.0677761435509, 0.0709767639637, 0.0844474360347, 0.0660495311022, 0.0648698806763, 0.0419807769358]
    },
    "spectral_contrast_valleys": {
        "max": [-5.27371883392, -4.71482038498, -5.83783817291, -6.73519897461, -6.47835588455, -8.90727329254],
        "mean": [-6.81905508041, -6.88933753967, -8.12450695038, -8.74627685547, -8.76205921173, -11.9325113297],
        "min": [-8.76766014099, -9.45037174225, -10.1777496338, -10.5338449478, -10.7689933777, -13.0792865753],
        "stdev": [0.539781868458, 0.679787039757, 0.616444766521, 0.645395755768, 0.800828039646, 0.611241519451]
    }
},
"rhythm": {
    "beats_count": 105,
    "beats_loudness": {
        "max": 0.086494281888,
        "mean": 0.0249927770346,
        "min": 0.00166196853388,
        "stdev": 0.0177326202393
    },
    "bpm": 132.588912964,
    "bpm_histogram_first_peak_bpm": 133,
    "bpm_histogram_first_peak_weight": 0.376623392105,
    "bpm_histogram_second_peak_bpm": 126,
    "bpm_histogram_second_peak_spread": 0.199999988079,
    "bpm_histogram_second_peak_weight": 0.153846159577,
    "danceability": 1.01869726181,
    "onset_rate": 2.05078125,
    "beats_loudness_band_ratio": {
        "max": [0.864068090916, 0.898377478123, 0.771615624428, 0.786961913109, 0.452097028494, 0.166238412261],
        "mean": [0.195505708456, 0.370988070965, 0.307651817799, 0.144297450781, 0.046711422503, 0.0148967402056],
        "min": [0.00523958262056, 0.0253438260406, 0.0370188392699, 0.00434420956299, 0.00032475500484, 0.000199929068913],
        "stdev": [0.162976548076, 0.21695664525, 0.19191531837, 0.162408545613, 0.0755697265267, 0.0262163486332]
    },
