{
"metadata": {
    "version": {
        "essentia": "2.1-beta5",
        "essentia_git_sha": "Undefined",
        "extractor": "music 2.0"
    },
    "audio_properties": {
        "analysis": {
            "equal_loudness": 0,
            "length": 52.2448997498,
            "sample_rate": 44100,
            "start_time": 77.7404098511,
            "downmix": "mix"
        },
        "bit_rate": 192000,
        "length": 159.242462158,
        "lossless": 0,
        "number_channels": 1,
        "replay_gain": -7.36447143555,
        "sample_rate": 48000,
        "codec": "mp3",
        "md5_encoded": "0ab5c5e02bc3a14e225259b3bbc8e2e6"
    },
    "tags": {
        "file_name": "Yugoslavia_Ja Sam Za Ples_Novi Fosili.mp3",
        "encoding": ["Lavf58.29.100"]
    }
},
"lowlevel": {
    "average_loudness": 0.974469721317,
    "barkbands_crest": {
        "max": 25.1918888092,
        "mean": 7.77032709122,
        "min": 2.31576800346,
        "stdev": 3.64159250259
    },
    "barkbands_flatness_db": {
        "max": 0.255656063557,
        "mean": 0.0978843420744,
        "min": 0.0241860169917,
        "stdev": 0.0348531007767
    },
    "barkbands_kurtosis": {
        "max": 41.1268157959,
        "mean": 0.651412248611,
        "min": -1.89976322651,
        "stdev": 3.87542152405
    },
    "barkbands_skewness": {
        "max": 6.12545442581,
        "mean": 0.556132018566,
        "min": -3.83946490288,
        "stdev": 1.08665466309
    },
    "barkbands_spread": {
        "max": 111.935043335,
        "mean": 37.6993713379,
        "min": 3.38375663757,
        "stdev": 16.9712734222
    },
    "dissonance": {
        "max": 0.500000119209,
        "mean": 0.477128446102,
        "min": 0.322328478098,
        "stdev": 0.02124135755
    },
    "dynamic_complexity": 2.5834197998,
    "erbbands_crest": {
        "max": 28.7235946655,
        "mean": 8.15253162384,
        "min": 2.27623009682,
        "stdev": 4.30557155609
    },
    "erbbands_flatness_db": {
        "max": 0.319345861673,
        "mean": 0.145627364516,
        "min": 0.0498009137809,
        "stdev": 0.0425094738603
    },
    "erbbands_kurtosis": {
        "max": 32.3922424316,
        "mean": 0.722468495369,
        "min": -1.7929546833,
        "stdev": 2.6049990654
    },
    "erbbands_skewness": {
        "max": 3.58053612709,
        "mean": -0.290671765804,
        "min": -3.77144503593,
        "stdev": 0.856135964394
    },
    "erbbands_spread": {
        "max": 145.950363159,
        "mean": 39.6847724915,
        "min": 4.10995483398,
        "stdev": 19.1056346893
    },
    "hfc": {
        "max": 180.123764038,
        "mean": 33.3453445435,
        "min": 0.343642413616,
        "stdev": 27.2707691193
    },
    "loudness_ebu128": {
        "integrated": -19.9549007416,
        "loudness_range": 1.7621307373,
        "momentary": {
            "max": -17.3120937347,
            "mean": -20.1807250977,
            "min": -26.7122039795,
            "stdev": 1.47476446629
        },
        "short_term": {
            "max": -18.7124710083,
            "mean": -20.0298042297,
            "min": -21.213973999,
            "stdev": 0.581869661808
        }
    },
    "melbands_crest": {
        "max": 32.0450706482,
        "mean": 11.4228496552,
        "min": 3.22120165825,
        "stdev": 4.68157577515
    },
    "melbands_flatness_db": {
        "max": 0.366877913475,
        "mean": 0.134578332305,
        "min": 0.0227419678122,
        "stdev": 0.054355584085
    },
    "melbands_kurtosis": {
        "max": 218.350311279,
        "mean": 6.63164520264,
        "min": -1.84128320217,
        "stdev": 14.8250551224
    },
    "melbands_skewness": {
        "max": 12.7904930115,
        "mean": 1.87488758564,
        "min": -1.36347031593,
        "stdev": 1.53444170952
    },
    "melbands_spread": {
        "max": 263.05480957,
        "mean": 51.0345230103,
        "min": 2.2834239006,
        "stdev": 34.2954978943
    },
    "pitch_salience": {
        "max": 0.870265841484,
        "mean": 0.592810451984,
        "min": 0.10755931586,
        "stdev": 0.107910797
    },
    "silence_rate_20dB": {
        "max": 1,
        "mean": 1,
        "min": 1,
        "stdev": 0
    },
    "silence_rate_30dB": {
        "max": 1,
        "mean": 1,
        "min": 1,
        "stdev": 0
    },
    "silence_rate_60dB": {
        "max": 1,
        "mean": 0.0386494882405,
        "min": 0,
        "stdev": 0.192760005593
    },
    "spectral_centroid": {
        "max": 5758.92871094,
        "mean": 2256.4074707,
        "min": 347.766021729,
        "stdev": 727.128356934
    },
    "spectral_complexity": {
        "max": 55,
        "mean": 22.6366062164,
        "min": 0,
        "stdev": 11.8219890594
    },
    "spectral_decrease": {
        "max": -2.40026210713e-11,
        "mean": -4.58432714012e-09,
        "min": -2.350994599e-08,
        "stdev": 3.39241212899e-09
    },
    "spectral_energy": {
        "max": 0.0955268964171,
        "mean": 0.0203268583864,
        "min": 0.000303401320707,
        "stdev": 0.0141801172867
    },
    "spectral_energyband_high": {
        "max": 0.0209643580019,
        "mean": 0.00229265308008,
        "min": 5.76642241867e-06,
        "stdev": 0.00282921874896
    },
    "spectral_energyband_low": {
        "max": 0.086750946939,
        "mean": 0.00498632201925,
        "min": 4.57180533431e-07,
        "stdev": 0.00769014796242
    },
    "spectral_energyband_middle_high": {
        "max": 0.0419311858714,
        "mean": 0.00753397867084,
        "min": 6.21080180281e-05,
        "stdev": 0.00700905453414
    },
    "spectral_energyband_middle_low": {
        "max": 0.0734144672751,
        "mean": 0.00628708163276,
        "min": 7.77835430199e-06,
        "stdev": 0.00680787488818
    },
    "spectral_entropy": {
        "max": 8.87286472321,
        "mean": 7.86098432541,
        "min": 6.57277393341,
        "stdev": 0.385371685028
    },
    "spectral_flux": {
        "max": 0.26453346014,
        "mean": 0.0855737179518,
        "min": 0.0087609058246,
        "stdev": 0.0416659191251
    },
    "spectral_kurtosis": {
        "max": 15.5616664886,
        "mean": 3.23985791206,
        "min": -1.44268941879,
        "stdev": 2.07127380371
    },
    "spectral_rms": {
        "max": 0.00965385790914,
        "mean": 0.00418098038062,
        "min": 0.000544059963431,
        "stdev": 0.00153311877511
    },
    "spectral_rolloff": {
        "max": 13845.8496094,
        "mean": 3292.27172852,
        "min": 86.1328125,
        "stdev": 2405.82348633
    },
    "spectral_skewness": {
        "max": 2.61944460869,
        "mean": 1.26580405235,
        "min": -0.0221797283739,
        "stdev": 0.37527218461
    },
    "spectral_spread": {
        "max": 17529668,
        "mean": 5310458,
        "min": 1554967.5,
        "stdev": 2076646.375
    },
    "spectral_strongpeak": {
        "max": 15.7547492981,
        "mean": 1.22138571739,
        "min": 0.0211606025696,
        "stdev": 1.77294194698
    },
    "zerocrossingrate": {
        "max": 0.474609375,
        "mean": 0.109897121787,
        "min": 0.02001953125,
        "stdev": 0.061528891325
    },
    "barkbands": {
        "max": [0.00244954577647, 0.0787203013897, 0.0368949472904, 0.0365453995764, 0.0394485481083, 0.0084724444896, 0.0129177812487, 0.0301248300821, 0.0211617257446, 0.0253600589931, 0.0277566183358, 0.0276320055127, 0.0251413155347, 0.0164913311601, 0.01771697402, 0.0163580551744, 0.0256611146033, 0.0130928177387, 0.00986962113529, 0.00707729486749, 0.00727991061285, 0.00644971476868, 0.00608404492959, 0.00933248456568, 0.0102412588894, 0.00405238103122, 0.000197095549083],
        "mean": [0.000101820674899, 0.00327083817683, 0.00102312141098, 0.00140872830525, 0.0015525331255, 0.00072628678754, 0.00077370298095, 0.000929208530579, 0.000579604355153, 0.000939046032727, 0.000749887083657, 0.000939504650887, 0.000414612615714, 0.000634503201582, 0.000700053642504, 0.000610110699199, 0.000795490399469, 0.000802005059086, 0.000803004018962, 0.000659961136989, 0.000496082066093, 0.000335363554768, 0.000239112807321, 0.000370616675355, 0.000375908944989, 9.15968848858e-05, 4.15135082221e-06],
        "min": [6.24252871617e-09, 1.41180024116e-07, 5.23141068243e-08, 5.2075762369e-08, 3.49650520093e-07, 8.15764337858e-07, 9.98874725155e-07, 7.89396381151e-07, 5.06130277245e-07, 2.30846399063e-06, 2.60952106146e-07, 8.33335320749e-07, 6.41516066935e-07, 8.71469296726e-07, 1.50482867411e-06, 1.78847983534e-06, 1.4866757283e-06, 2.66245069724e-06, 4.20947344537e-06, 3.2612654195e-06, 1.244182954e-06, 5.71698762997e-07, 2.1698326691e-07, 2.75975679642e-07, 3.07353872131e-07, 1.03147947073e-07, 6.83776438248e-11],
        "stdev": [0.000186295146705, 0.00615621870384, 0.00221498194151, 0.00295309047215, 0.00263191526756, 0.000982225057669, 0.00122107157949, 0.00203491188586, 0.00112022238318, 0.00207510637119, 0.00252451794222, 0.00234397989698, 0.00111142941751, 0.00133272213861, 0.00149354815949, 0.00110612018034, 0.00141381262802, 0.00109963014256, 0.00101322866976, 0.000809098011814, 0.000845285772812, 0.000615912722424, 0.000438273302279, 0.000689046282787, 0.000899724138435, 0.00025490205735, 1.24535699797e-05]
    },
    "erbbands": {
        "max": [1.90852165222, 19.4344539642, 44.4163742065, 49.6596565247, 198.197952271, 79.3970413208, 97.8961257935, 69.4757080078, 165.668106079, 347.177032471, 566.658630371, 246.335281372, 614.656799316, 870.015930176, 852.684326172, 1425.46166992, 1338.31176758, 509.94052124, 919.766418457, 1597.73254395, 500.913085938, 1159.97680664, 883.598937988, 631.123535156, 300.501342773, 326.016601562, 431.070922852, 351.179107666, 186.415664673, 323.749511719, 164.770065308, 150.906463623, 156.18510437, 111.390472412, 81.4565353394, 24.8379554749, 8.54131603241, 0.774962604046, 0.0283458847553, 0.000727142731193],
        "mean": [0.0884785503149, 0.740357756615, 1.27497208118, 3.05286335945, 6.37935256958, 3.98183965683, 4.6407623291, 5.64704465866, 10.6465539932, 13.424238205, 21.1397914886, 12.6021099091, 27.4161224365, 28.0108280182, 29.8317489624, 43.5213165283, 22.0390129089, 29.7189102173, 32.269657135, 45.0304222107, 32.59116745, 40.9237861633, 42.4142837524, 46.9566421509, 34.154258728, 31.1670436859, 24.3982086182, 18.3549594879, 11.9772729874, 9.56510066986, 6.41563987732, 6.05120801926, 7.10263442993, 4.85644102097, 2.25831413269, 0.620461821556, 0.136915028095, 0.0172961447388, 0.00057930056937, 4.88970035804e-05],
        "min": [2.82269274976e-06, 3.83848710044e-05, 9.98309042188e-05, 0.000202819792321, 0.000802643713541, 0.000957961019594, 0.00272320630029, 0.0100602628663, 0.0154975922778, 0.0146712325513, 0.0168706066906, 0.0277318544686, 0.0623764842749, 0.0514647774398, 0.023465109989, 0.0283901523799, 0.0361214987934, 0.0390248075128, 0.039747685194, 0.120489224792, 0.198139294982, 0.125149607658, 0.131281197071, 0.160450965166, 0.259147137403, 0.134940996766, 0.128903791308, 0.0283694434911, 0.0234140362591, 0.0149524463341, 0.00753329647705, 0.00693699764088, 0.00412465166301, 0.00284957629628, 0.0020817797631, 0.000658688892145, 0.000187545025256, 1.01292125692e-05, 7.36538822821e-07, 5.85579130075e-07],
        "stdev": [0.161805465817, 1.48047721386, 2.72313404083, 4.45006990433, 15.496178627, 5.32858943939, 6.70500802994, 8.04672145844, 17.0980014801, 28.2653198242, 47.1670532227, 20.3246707916, 56.7451934814, 62.7571983337, 81.7460632324, 111.168800354, 55.2083930969, 56.1872062683, 62.4759483337, 97.3337631226, 45.0546073914, 65.1357192993, 61.2684707642, 62.1671600342, 37.6186981201, 36.4920845032, 36.3427505493, 37.247592926, 21.3044834137, 18.923614502, 11.5828666687, 10.2051582336, 14.2525730133, 11.2683191299, 5.91573953629, 1.6098651886, 0.449821740389, 0.0451990999281, 0.00165541027673, 5.7754215959e-05]
    },
    "gfcc": {
        "mean": [21.0782470703, 53.1970252991, -124.599220276, 42.0836296082, -57.8676261902, 16.9603881836, -42.6761550903, 20.7750015259, -31.8928871155, 6.88130569458, -15.1406230927, -1.41128242016, -9.18399333954],
        "cov": [[2902.5559082, -461.903259277, 115.161804199, 111.87953186, -3.29626083374, 238.60824585, 60.2905883789, 94.9284744263, 20.1007442474, -17.5113124847, -184.790115356, -9.34058856964, -153.253890991], [-461.903259277, 1213.69348145, -41.418346405, 160.193847656, 281.552215576, -49.1412734985, 235.345001221, 28.1446170807, 39.3840065002, -14.3100452423, 107.052642822, -40.3585624695, 14.9197797775], [115.161804199, -41.418346405, 1067.88256836, 201.507232666, 114.28616333, 206.422317505, -33.578414917, 33.1723632812, -18.0152873993, 0.746223926544, -77.3853759766, 61.4947433472, -70.8375549316], [111.87953186, 160.193847656, 201.507232666, 508.305877686, 120.952697754, -13.151140213, 23.5464420319, -23.8052692413, 94.1078262329, -15.1919431686, -56.152179718, -2.58181524277, -30.790184021], [-3.29626083374, 281.552215576, 114.28616333, 120.952697754, 402.47555542, 50.1110229492, 118.743484497, 98.4262237549, 24.7417926788, 29.9157180786, 8.93856716156, 0.370301038027, 16.6071052551], [238.60824585, -49.1412734985, 206.422317505, -13.151140213, 50.1110229492, 319.186126709, 82.6328277588, 1.29349625111, -18.4961013794, -6.35569858551, -7.25799798965, -7.88640356064, -16.2615356445], [60.2905883789, 235.345001221, -33.578414917, 23.5464420319, 118.743484497, 82.6328277588, 232.598236084, 46.9197387695, 5.35229110718, 14.5881929398, 19.2898654938, -0.909712851048, -2.10800123215], [94.9284744263, 28.1446170807, 33.1723632812, -23.8052692413, 98.4262237549, 1.29349625111, 46.9197387695, 204.012039185, 58.5137901306, 24.3122711182, 37.4886512756, -11.4193458557, 20.1605186462], [20.1007442474, 39.3840065002, -18.0152873993, 94.1078262329, 24.7417926788, -18.4961013794, 5.35229110718, 58.5137901306, 147.558227539, 45.026512146, -6.14833211899, -7.61809206009, -12.0050506592], [-17.5113124847, -14.3100452423, 0.746223926544, -15.1919431686, 29.9157180786, -6.35569858551, 14.5881929398, 24.3122711182, 45.026512146, 99.1075286865, 43.2036857605, 7.93911457062, 2.22617936134], [-184.790115356, 107.052642822, -77.3853759766, -56.152179718, 8.93856716156, -7.25799798965, 19.2898654938, 37.4886512756, -6.14833211899, 43.2036857605, 145.629104614, 18.7066669464, 30.6448898315], [-9.34058856964, -40.3585624695, 61.4947433472, -2.58181524277, 0.370301038027, -7.88640356064, -0.909712851048, -11.4193458557, -7.61809206009, 7.93911457062, 18.7066669464, 85.1177749634, 11.903547287], [-153.253890991, 14.9197797775, -70.8375549316, -30.790184021, 16.6071052551, -16.2615356445, -2.10800123215, 20.1605186462, -12.0050506592, 2.22617936134, 30.6448898315, 11.903547287, 83.7355422974]],
        "icov": [[0.000524422503076, 6.11238210695e-05, 0.000299207080388, -0.000327896996168, 0.000151353524416, -0.000556732469704, 0.000122669865959, -0.000845550384838, 0.000629049958661, -0.000474599277368, 0.000837986764964, -0.000530408928171, 0.00102151895408], [6.11238210695e-05, 0.00182277953718, -0.000508340890519, 0.000176361689228, -0.00113139126915, 0.00119497487321, -0.00201769568957, 0.00157291570213, -0.00159954710398, 0.00226891692728, -0.00239363033324, 0.00174981600139, -0.000213534251088], [0.000299207080388, -0.000508340890519, 0.00208377442323, -0.00118318560999, 0.000274652498774, -0.00200403481722, 0.00178452848922, -0.00228236336261, 0.00239543546923, -0.00203635776415, 0.00224414258264, -0.00260088569485, 0.00206271302886], [-0.000327896996168, 0.000176361689228, -0.00118318560999, 0.00364720309153, -0.00135541742202, 0.00143098435365, -0.00100482627749, 0.00282689812593, -0.00404613092542, 0.00276152952574, -0.00118322495837, 0.00127969949972, -0.000852969533298], [0.000151353524416, -0.00113139126915, 0.000274652498774, -0.00135541742202, 0.00457696756348, -0.00111888791434, -0.000103230791865, -0.00309404893778, 0.00243540084921, -0.0030608063098, 0.00238429987803, -0.00125912495423, -0.000433206179878], [-0.000556732469704, 0.00119497487321, -0.00200403481722, 0.00143098435365, -0.00111888791434, 0.00601363182068, -0.00359017425217, 0.00324916467071, -0.00267355632968, 0.00315071619116, -0.00322288903408, 0.00336215994321, -0.00164945714641], [0.000122669865959, -0.00201769568957, 0.00178452848922, -0.00100482627749, -0.000103230791865, -0.00359017425217, 0.00861874967813, -0.00353880831972, 0.00326047581621, -0.00360592314973, 0.00299533596262, -0.00329491915181, 0.00205194018781], [-0.000845550384838, 0.00157291570213, -0.00228236336261, 0.00282689812593, -0.00309404893778, 0.00324916467071, -0.00353880831972, 0.0114919245243, -0.0078466180712, 0.00532978586853, -0.00618668226525, 0.00493051670492, -0.00403383886442], [0.000629049958661, -0.00159954710398, 0.00239543546923, -0.00404613092542, 0.00243540084921, -0.00267355632968, 0.00326047581621, -0.0078466180712, 0.015629356727, -0.00985276699066, 0.00624294532463, -0.00338255614042, 0.00364282703958], [-0.000474599277368, 0.00226891692728, -0.00203635776415, 0.00276152952574, -0.0030608063098, 0.00315071619116, -0.00360592314973, 0.00532978586853, -0.00985276699066, 0.0193679891527, -0.00914822798222, 0.00304309907369, -0.0011473178165], [0.000837986764964, -0.00239363033324, 0.00224414258264, -0.00118322495837, 0.00238429987803, -0.00322288903408, 0.00299533596262, -0.00618668226525, 0.00624294532463, -0.00914822798222, 0.0149506246671, -0.00573284178972, 0.000371453235857], [-0.000530408928171, 0.00174981600139, -0.00260088569485, 0.00127969949972, -0.00125912495423, 0.00336215994321, -0.00329491915181, 0.00493051670492, -0.00338255614042, 0.00304309907369, -0.00573284178972, 0.016643607989, -0.0042134243995], [0.00102151895408, -0.000213534251088, 0.00206271302886, -0.000852969533298, -0.000433206179878, -0.00164945714641, 0.00205194018781, -0.00403383886442, 0.00364282703958, -0.0011473178165, 0.000371453235857, -0.0042134243995, 0.0170855931938]]
    },
    "melbands": {
        "max": [0.0199672169983, 0.0190479177982, 0.0146684767678, 0.0105185294524, 0.00258533935994, 0.00172983168159, 0.00214075297117, 0.00480074016377, 0.00451742624864, 0.00238154293038, 0.00326512870379, 0.00364467408508, 0.00411074003205, 0.00291790813208, 0.00304344226606, 0.00291692838073, 0.00116291234735, 0.0017630183138, 0.0013044559164, 0.00157292047516, 0.000814546947367, 0.00110527453944, 0.00213506422006, 0.000841172935907, 0.000551509379875, 0.00038996085641, 0.00024675115128, 0.000300561805489, 0.00034224128467, 0.000204938973184, 0.000175169843715, 0.000122985366033, 0.000183607175131, 0.000166138604982, 0.000107220846985, 5.55445876671e-05, 0.000125627280795, 0.000143166005728, 0.000108505490061, 9.92305431282e-05],
        "mean": [0.000868775940035, 0.000789973186329, 0.000649212801363, 0.000373212940758, 0.000154768276843, 0.00013856033911, 0.000159940638696, 0.000150335021317, 0.000162139185704, 7.93769067968e-05, 0.000139269119245, 0.000113056703412, 0.000107975538413, 0.00010402022599, 7.66441735323e-05, 4.33801978943e-05, 5.62929453736e-05, 5.09511773998e-05, 5.39415887033e-05, 5.40873552382e-05, 3.76273674192e-05, 4.46710910182e-05, 3.66005515389e-05, 4.13760644733e-05, 3.81662830478e-05, 2.7284366297e-05, 2.03124582185e-05, 2.10181569855e-05, 1.69755330717e-05, 1.15881948659e-05, 9.95041227725e-06, 6.82833115206e-06, 5.93728645981e-06, 5.05269645146e-06, 3.73047600988e-06, 3.24145958075e-06, 3.85302109862e-06, 5.06014384882e-06, 4.8078236432e-06, 3.85273915526e-06],
        "min": [3.54094815691e-08, 4.1023533015e-08, 4.54404229799e-08, 6.59186909502e-08, 7.89947662838e-08, 2.25995393066e-07, 2.45505304974e-07, 1.57823706104e-07, 1.34899096338e-07, 1.14991934197e-07, 3.22049743318e-07, 1.77024148229e-07, 4.07326403717e-08, 8.16231633394e-08, 7.00755506955e-08, 6.71234730021e-08, 7.33216154458e-08, 5.92989159998e-08, 8.56438902019e-08, 7.76365780553e-08, 1.22112140843e-07, 1.12343812475e-07, 6.53026503983e-08, 7.29379578956e-08, 9.50711154246e-08, 1.38755225976e-07, 1.43350561643e-07, 6.67168649215e-08, 6.39689829995e-08, 2.91165633826e-08, 9.02699337502e-09, 9.67307745015e-09, 7.34580085648e-09, 4.03890121348e-09, 3.41700601147e-09, 5.27219246038e-09, 3.34233973831e-09, 2.60982235822e-09, 2.46777043245e-09, 2.21400253686e-09],
        "stdev": [0.00159709702712, 0.00148642645217, 0.00120547786355, 0.000700418488123, 0.000200573354959, 0.000197389133973, 0.000245089293458, 0.000323882355588, 0.000364080071449, 0.0001442158391, 0.000294692581519, 0.000264497095486, 0.000363934261259, 0.000260869943304, 0.000180367103894, 0.000115312454, 0.000115275004646, 0.000110733235488, 0.000116142859042, 0.000111870700493, 6.14356686128e-05, 7.13973713573e-05, 8.20834538899e-05, 5.96637728449e-05, 5.52839483134e-05, 3.46254237229e-05, 2.31631947827e-05, 2.76052705885e-05, 2.76586251857e-05, 2.20452548092e-05, 2.03927720577e-05, 1.26659733723e-05, 1.14253143693e-05, 1.01799860204e-05, 7.10359609002e-06, 5.4037436712e-06, 7.17384773452e-06, 1.01413270386e-05, 1.08536987682e-05, 9.40030986385e-06]
    },
    "melbands128": {
        "max": [0.00232048286125, 0.0119594652206, 0.0336341224611, 0.0343492515385, 0.0265849530697, 0.0175604745746, 0.0083448169753, 0.0248823557049, 0.0238094739616, 0.00976007059216, 0.00386018701829, 0.00213146000169, 0.00491849519312, 0.00285354210064, 0.00193252996542, 0.00373397627845, 0.00494490144774, 0.00279677426443, 0.0043687177822, 0.00592210842296, 0.0099533945322, 0.00624619796872, 0.00826322380453, 0.00308471336029, 0.00214040209539, 0.00341084972024, 0.00790007133037, 0.00553805474192, 0.00907904561609, 0.00825635995716, 0.00662900181487, 0.00671739410609, 0.00759821292013, 0.00476125720888, 0.00438218517229, 0.0048372913152, 0.00678595900536, 0.00648098625243, 0.00374001404271, 0.00710701663047, 0.00265989778563, 0.00211331318133, 0.00144535431173, 0.00273081520572, 0.00441747857258, 0.00331667740829, 0.00310378335416, 0.00249811587855, 0.00336939562112, 0.00525562884286, 0.00243661156856, 0.00141203182284, 0.000787048658822, 0.00190189236309, 0.00199446105398, 0.00105325807817, 0.00317965238355, 0.00550163630396, 0.00131546205375, 0.00132991140708, 0.00138809182681, 0.00102932099253, 0.00158889545128, 0.0012934760889, 0.00118586188182, 0.000705989717972, 0.000564874033444, 0.000615555618424, 0.000346695655026, 0.00051472109044, 0.000335731863743, 0.000933032308239, 0.000570851319935, 0.000826825737022, 0.0005411512102, 0.000223656941671, 0.000347789406078, 0.000374269788153, 0.000113862646685, 0.000198718815227, 0.000149077721289, 0.00013199269597, 9.56207804848e-05, 0.000240892084548, 0.000347395573044, 0.000137767434353, 0.000155584450113, 0.000159976363648, 0.000118962867418, 0.000105601684481, 7.47585872887e-05, 7.07348954165e-05, 7.08283041604e-05, 9.69715038082e-05, 0.000200630034669, 0.000177813722985, 0.000127946623252, 0.000164952070918, 0.000141985103255, 0.000129766383907, 0.000143500306876, 0.000131675638841, 0.000101305187854, 0.000142531789606, 0.000149358311319, 9.217740444e-05, 0.000101020516013, 6.99838128639e-05, 4.72234241897e-05, 6.71572997817e-05, 3.94249909732e-05, 5.51123266632e-05, 2.78144561889e-05, 1.54073732119e-05, 8.81417599885e-06, 7.90170088294e-06, 3.39301163876e-06, 4.94800087836e-06, 2.19972184823e-06, 4.91373100431e-07, 1.0176455234e-08, 9.80637171466e-09, 9.47653777672e-09, 9.19019793599e-09, 8.99530583354e-09, 8.84000694867e-09, 8.70454286428e-09, 8.6351104045e-09],
        "mean": [9.3425725936e-05, 0.000612414092757, 0.00127666676417, 0.00121903629042, 0.00072059064405, 0.000498092267662, 0.000567316659726, 0.000765306351241, 0.000712485401891, 0.00033566475031, 0.000181595751201, 0.000143083452713, 0.000177754176548, 0.00013023862266, 8.80388033693e-05, 0.00017099858087, 0.000210616301047, 0.000138645322295, 0.00012072303798, 0.000168167127413, 0.000135524605867, 0.000178925110959, 0.00022060815536, 6.94054324413e-05, 5.44066460861e-05, 7.7884978964e-05, 0.00013872650743, 0.000154865541845, 0.000132274755742, 0.000125324964756, 8.8142536697e-05, 0.000117068171676, 0.000155567526235, 5.57932362426e-05, 5.69634503336e-05, 0.000138982039061, 0.000159710150911, 5.32622252649e-05, 4.8698624596e-05, 4.27667473559e-05, 3.24831416947e-05, 6.01369902142e-05, 5.55404221814e-05, 5.78985236643e-05, 5.3419797041e-05, 4.67022655357e-05, 5.4263164202e-05, 3.8356272853e-05, 5.74813129788e-05, 8.75678015291e-05, 4.92517319799e-05, 2.92312324746e-05, 2.66689967248e-05, 4.31259941251e-05, 5.96739664616e-05, 4.12239387515e-05, 3.47656387021e-05, 4.32142151112e-05, 3.30326292897e-05, 3.32677846018e-05, 4.56100569863e-05, 4.3010495574e-05, 4.2677820602e-05, 3.69796216546e-05, 2.99388757412e-05, 2.71334065474e-05, 2.74139074463e-05, 1.92173683899e-05, 1.88247122423e-05, 2.12239156099e-05, 2.04434472835e-05, 2.17696469917e-05, 2.04824336834e-05, 1.63306322065e-05, 1.30052849272e-05, 9.5495261121e-06, 1.22458131955e-05, 1.31361939566e-05, 8.21666617412e-06, 9.32260445552e-06, 6.41510177957e-06, 6.05532386544e-06, 6.66805817673e-06, 5.95071833231e-06, 5.22804339198e-06, 5.74089699512e-06, 4.97649443787e-06, 3.87293903259e-06, 3.85625435229e-06, 3.42605335391e-06, 3.00004057863e-06, 3.25019004777e-06, 3.57286694452e-06, 3.34327273777e-06, 4.28232624472e-06, 5.26928806721e-06, 5.06306560055e-06, 5.17375929121e-06, 4.80995549879e-06, 4.67145900984e-06, 4.45197110821e-06, 3.72199360754e-06, 3.10817813443e-06, 3.12381644108e-06, 2.56536782217e-06, 2.29725446843e-06, 1.69862244093e-06, 1.26301551973e-06, 8.85398264927e-07, 8.08122251783e-07, 5.76200363867e-07, 5.073342777e-07, 4.1111718474e-07, 2.96479981898e-07, 2.21515605858e-07, 1.38819927997e-07, 1.12215523984e-07, 6.06239893841e-08, 1.36972095888e-08, 2.517603237e-09, 3.21226413524e-11, 1.54068320601e-11, 1.28030476845e-11, 1.06065000532e-11, 9.73167987167e-12, 7.4528525712e-12, 7.07497688907e-12, 7.00720384494e-12],
        "min": [1.73223246858e-09, 6.62254340256e-09, 4.12555056784e-09, 2.29663346119e-08, 1.25963586228e-08, 2.58423149546e-08, 9.99919258504e-09, 2.37943496018e-08, 1.36780649029e-08, 3.00352596128e-08, 4.18969783311e-08, 4.55509585606e-08, 2.53450309629e-08, 1.10201074932e-08, 6.49083560234e-08, 1.65543426078e-07, 2.79124975577e-07, 1.71440220242e-07, 1.58066683298e-07, 4.21281036722e-08, 3.36813172908e-08, 1.41568436973e-08, 9.5566406344e-08, 3.60601895011e-08, 8.52952997121e-09, 2.12375734776e-08, 5.04743837837e-08, 1.37796519084e-07, 1.4893349487e-07, 1.00358548139e-07, 2.55683936246e-08, 2.01031209457e-08, 2.4424096523e-08, 1.34977442556e-08, 2.14199342707e-08, 3.95971468947e-08, 4.70110670392e-08, 6.88599612886e-08, 1.93228615331e-08, 1.57253747801e-08, 1.58298050223e-08, 2.93101543036e-08, 5.19698346579e-08, 4.35621814177e-08, 2.04289971606e-08, 5.37167181847e-08, 1.29658079828e-08, 1.06358157836e-08, 4.18533971924e-08, 4.15012131327e-08, 3.96948856007e-08, 4.04896134398e-08, 3.20537374421e-08, 6.34670982436e-08, 5.66860798301e-08, 3.08567038587e-08, 1.67893592362e-08, 4.01026518659e-08, 3.49319222437e-08, 2.03858832037e-08, 1.91156601659e-08, 2.92487900566e-08, 4.50649508821e-08, 2.22788134607e-08, 2.14034869828e-08, 8.2444003624e-08, 5.01265660091e-08, 1.97995362328e-08, 9.42622406797e-08, 7.28024005525e-08, 2.93206614543e-08, 3.11558494559e-08, 2.10728909877e-08, 3.10971408624e-08, 8.75181793702e-09, 1.87964737108e-08, 4.37262848152e-09, 1.38947182649e-08, 8.90034890233e-09, 4.79877693138e-09, 5.33472777065e-09, 5.20057996667e-09, 3.66692876064e-09, 6.47206643833e-09, 5.2617172841e-09, 2.19606377527e-09, 3.63261420944e-09, 2.07118522333e-09, 1.95749993992e-09, 1.7900733118e-09, 1.73388048363e-09, 2.68637823098e-09, 2.63841259951e-09, 3.22982862677e-09, 2.40137687513e-09, 3.07385161769e-09, 1.96725813417e-09, 1.45988998668e-09, 1.72354996941e-09, 1.42814227111e-09, 1.21047860624e-09, 1.36348776714e-09, 1.34211852743e-09, 2.18439266675e-09, 1.61763413775e-09, 7.96992249974e-10, 5.39499889207e-10, 6.88173129593e-10, 6.62540355911e-10, 2.31318450505e-10, 1.00633954295e-12, 7.2720123109e-13, 3.67483794046e-13, 3.31617085137e-13, 2.44695024876e-13, 2.59081303503e-13, 2.48698522713e-13, 2.37879323444e-13, 2.11759429436e-13, 1.60622003979e-13, 1.86967683089e-13, 1.91951909554e-13, 1.60631951534e-13, 1.66241044368e-13, 1.38684338536e-13, 5.51127442023e-14, 4.52336812009e-15, 3.17077810549e-16],
        "stdev": [0.000175437759026, 0.00116412481293, 0.00255382317118, 0.00258838268928, 0.0017194597749, 0.000981321791187, 0.000710157328285, 0.00200236355886, 0.00186425447464, 0.000601063715294, 0.000265571608907, 0.000210580372368, 0.000304628018057, 0.000232561840676, 0.000167741440237, 0.000339106394676, 0.000441529147793, 0.00028575581382, 0.000261062872596, 0.0004419721663, 0.000463183881948, 0.000442200514954, 0.000594481127337, 0.000175584544195, 0.000139693685924, 0.000193207117263, 0.000386275380151, 0.000423008255893, 0.000460846727947, 0.000408570049331, 0.00029629553319, 0.000501889910083, 0.000653583439998, 0.000217846478336, 0.000219320572796, 0.000419291900471, 0.000519845983945, 0.000226292424486, 0.000153969507664, 0.000215679727262, 0.000129007545183, 0.000171199499164, 0.000136608272442, 0.00017408846179, 0.000198497640667, 0.000133443565574, 0.000165620513144, 0.00013338716235, 0.000197000190383, 0.000269110663794, 0.000133443405502, 8.08376498753e-05, 6.0356924223e-05, 0.000108397529402, 0.000141267315485, 8.48992131068e-05, 9.80468757916e-05, 0.000186203425983, 7.25532299839e-05, 7.41843105061e-05, 8.87614514795e-05, 8.53884339449e-05, 8.94552940736e-05, 7.65729491832e-05, 6.98926014593e-05, 4.62987081846e-05, 4.3109368562e-05, 3.18179627357e-05, 2.77164417639e-05, 3.17395897582e-05, 3.07796799461e-05, 5.16307045473e-05, 4.33611203334e-05, 3.74993724108e-05, 2.97528004012e-05, 1.5551720935e-05, 3.33520511049e-05, 3.45423359249e-05, 1.54894951265e-05, 2.03630697797e-05, 1.27228468045e-05, 1.19627993627e-05, 1.20201348182e-05, 1.24926727949e-05, 1.37178731165e-05, 1.24352072817e-05, 1.04004193417e-05, 8.53539859236e-06, 8.35774699226e-06, 7.18883165973e-06, 5.98350334258e-06, 5.6219050748e-06, 6.49357116345e-06, 6.57436021356e-06, 9.88447209238e-06, 1.07434552774e-05, 1.06046763904e-05, 1.25867081806e-05, 1.16847513709e-05, 1.09832608359e-05, 1.12252419058e-05, 9.94121091935e-06, 8.26880659588e-06, 8.81503547134e-06, 7.88009674579e-06, 6.52540711599e-06, 5.30836041435e-06, 3.44540512742e-06, 2.32811885326e-06, 2.60910019279e-06, 2.17121555579e-06, 2.25939197662e-06, 1.41827240441e-06, 8.47013325256e-07, 5.45388274986e-07, 3.88424240327e-07, 2.85333641159e-07, 2.33884605905e-07, 9.9587090574e-08, 1.79119989951e-08, 3.45917822164e-10, 2.31553540231e-10, 2.2274605771e-10, 2.02008063055e-10, 1.93740912202e-10, 1.87275348007e-10, 1.84408141535e-10, 1.82923773351e-10]
    },
    "mfcc": {
        "mean": [-618.523132324, 81.5897598267, -6.00769996643, 24.8905181885, 9.13687896729, -3.79978871346, 8.06813335419, 0.107435658574, 0.739498078823, 2.72529625893, -1.87400996685, 0.768222510815, -0.899663090706],
        "cov": [[3034.83984375, -528.689819336, -103.268287659, -50.2439727783, -91.3216934204, 118.446861267, -67.5633392334, 142.544158936, 97.596786499, 43.827167511, 87.6706771851, -23.0684719086, -66.1927566528], [-528.689819336, 1000.9765625, -134.904510498, 160.097900391, 61.9811439514, 1.15036559105, 205.220367432, 61.8797073364, 22.2384204865, 52.5214576721, 22.8039093018, 65.9291915894, 75.3269729614], [-103.268287659, -134.904510498, 869.802185059, 29.5857009888, 152.322845459, 162.627624512, -9.43712043762, 67.9200592041, 1.79033529758, -37.7577133179, 7.8647813797, -16.7262439728, 14.2392072678], [-50.2439727783, 160.097900391, 29.5857009888, 526.706420898, 122.106071472, 59.5826797485, -38.9729576111, 55.9417648315, 52.8041496277, 30.7164974213, -6.16427230835, 62.2942085266, 14.1598529816], [-91.3216934204, 61.9811439514, 152.322845459, 122.106071472, 303.03125, 26.068479538, 56.5268135071, 35.7889060974, 61.6333885193, 40.5642127991, 7.16397762299, 18.2716960907, 10.637799263], [118.446861267, 1.15036559105, 162.627624512, 59.5826797485, 26.068479538, 323.738037109, 32.7544250488, 62.939994812, 19.1961402893, -1.65318882465, 28.5747623444, -36.7463493347, -0.765297412872], [-67.5633392334, 205.220367432, -9.43712043762, -38.9729576111, 56.5268135071, 32.7544250488, 261.806915283, 53.8063697815, 29.3809089661, 27.4868087769, 1.79647183418, 23.36536026, 27.6620349884], [142.544158936, 61.8797073364, 67.9200592041, 55.9417648315, 35.7889060974, 62.939994812, 53.8063697815, 144.535049438, 57.4896812439, 20.6393871307, 20.2888317108, 12.7649297714, 17.491153717], [97.596786499, 22.2384204865, 1.79033529758, 52.8041496277, 61.6333885193, 19.1961402893, 29.3809089661, 57.4896812439, 140.235839844, 52.9850502014, 18.8629417419, 4.84551239014, 3.08086013794], [43.827167511, 52.5214576721, -37.7577133179, 30.7164974213, 40.5642127991, -1.65318882465, 27.4868087769, 20.6393871307, 52.9850502014, 130.765609741, 42.1971588135, 21.3837509155, 16.2260227203], [87.6706771851, 22.8039093018, 7.8647813797, -6.16427230835, 7.16397762299, 28.5747623444, 1.79647183418, 20.2888317108, 18.8629417419, 42.1971588135, 102.880378723, 23.1256198883, 3.56567120552], [-23.0684719086, 65.9291915894, -16.7262439728, 62.2942085266, 18.2716960907, -36.7463493347, 23.36536026, 12.7649297714, 4.84551239014, 21.3837509155, 23.1256198883, 105.602142334, 39.6993751526], [-66.1927566528, 75.3269729614, 14.2392072678, 14.1598529816, 10.637799263, -0.765297412872, 27.6620349884, 17.491153717, 3.08086013794, 16.2260227203, 3.56567120552, 39.6993751526, 92.4564971924]],
        "icov": [[0.000427917198977, 0.000265678449068, 0.000129236679641, 7.88001580077e-06, 0.000108277701656, -0.000110464847239, 7.9026513049e-06, -0.000509473960847, -0.000116378818348, -5.53151221538e-05, -0.000260065222392, -5.42250163562e-05, 0.000196339533431], [0.000265678449068, 0.00157963554375, 0.000302421191009, -0.000569546711631, 7.45212309994e-05, 9.9807875813e-05, -0.00114255747758, -0.000440653326223, 0.000265654962277, -7.39514725865e-05, -0.000593644566834, 0.000174509026692, -0.000686568731908], [0.000129236679641, 0.000302421191009, 0.00159005785827, 0.000164861776284, -0.000917323457543, -0.000680783356074, 0.000266066519544, -0.000804088136647, 0.000372426962713, 0.000548419950064, -0.000161523174029, -6.57264445181e-06, -0.000351180700818], [7.88001580077e-06, -0.000569546711631, 0.000164861776284, 0.00293938070536, -0.00106506387237, -0.000901878054719, 0.00158989825286, -0.000781087437645, -0.000459382223198, -0.000308563758153, 0.00142468512058, -0.00225271400996, 0.00076306797564], [0.000108277701656, 7.45212309994e-05, -0.000917323457543, -0.00106506387237, 0.00472787721083, 0.000365020881873, -0.00116891483776, 0.000474680506159, -0.00144610134885, -0.000816870247945, -4.52908752777e-05, 0.00014818024647, 0.000169836202986], [-0.000110464847239, 9.9807875813e-05, -0.000680783356074, -0.000901878054719, 0.000365020881873, 0.00432270253077, -0.000913702649996, -0.000969710876234, 0.000249258766416, 0.000402225967264, -0.00172502931673, 0.00260824570432, -0.000599134131335], [7.9026513049e-06, -0.00114255747758, 0.000266066519544, 0.00158989825286, -0.00116891483776, -0.000913702649996, 0.00588928628713, -0.00165328255389, -0.000270683638519, -0.000596407509875, 0.0015387913445, -0.00163590186276, 8.65219699335e-05], [-0.000509473960847, -0.000440653326223, -0.000804088136647, -0.000781087437645, 0.000474680506159, -0.000969710876234, -0.00165328255389, 0.0108115691692, -0.00353939901106, 0.000680483528413, -0.000868137693033, -0.000171218154719, -0.00127011584118], [-0.000116378818348, 0.000265654962277, 0.000372426962713, -0.000459382223198, -0.00144610134885, 0.000249258766416, -0.000270683638519, -0.00353939901106, 0.0106595763937, -0.00327894976363, -0.000132216882776, 0.00100738438778, 0.000425062462455], [-5.53151221538e-05, -7.39514725865e-05, 0.000548419950064, -0.000308563758153, -0.000816870247945, 0.000402225967264, -0.000596407509875, 0.000680483528413, -0.00327894976363, 0.0110263545066, -0.00404769135639, 1.99490368686e-05, -0.00154785183258], [-0.000260065222392, -0.000593644566834, -0.000161523174029, 0.00142468512058, -4.52908752777e-05, -0.00172502931673, 0.0015387913445, -0.000868137693033, -0.000132216882776, -0.00404769135639, 0.0133525887504, -0.00414752401412, 0.00177962996531], [-5.42250163562e-05, 0.000174509026692, -6.57264445181e-06, -0.00225271400996, 0.00014818024647, 0.00260824570432, -0.00163590186276, -0.000171218154719, 0.00100738438778, 1.99490368686e-05, -0.00414752401412, 0.014897827059, -0.0055826138705], [0.000196339533431, -0.000686568731908, -0.000351180700818, 0.00076306797564, 0.000169836202986, -0.000599134131335, 8.65219699335e-05, -0.00127011584118, 0.000425062462455, -0.00154785183258, 0.00177962996531, -0.0055826138705, 0.014228885062]]
    },
    "spectral_contrast_coeffs": {
        "max": [-0.409405529499, -0.483827531338, -0.458351254463, -0.511349260807, -0.547199487686, -0.617932677269],
        "mean": [-0.735031962395, -0.768756330013, -0.746790409088, -0.772539258003, -0.76693624258, -0.775223851204],
        "min": [-0.922163665295, -0.919504463673, -0.918358802795, -0.898253977299, -0.873102843761, -0.868555724621],
        "stdev": [0.0799120739102, 0.0693753957748, 0.0831570252776, 0.0639209896326, 0.0526064448059, 0.0433564074337]
    },
    "spectral_contrast_valleys": {
        "max": [-5.22899436951, -5.39062023163, -5.66756248474, -5.8646478653, -5.55476999283, -7.49147081375],
        "mean": [-6.93218278885, -6.92144346237, -7.51896619797, -7.54118490219, -7.0558423996, -9.49924755096],
        "min": [-10.9868917465, -9.41854286194, -9.68394947052, -10.0216588974, -9.61999034882, -12.2673683167],
        "stdev": [0.952848374844, 0.606018424034, 0.665313661098, 0.65171957016, 0.676692783833, 0.875109314919]
    }
},
"rhythm": {
    "beats_count": 125,
    "beats_loudness": {
        "max": 0.0890303477645,
        "mean": 0.0388225950301,
        "min": 0.0144384149462,
        "stdev": 0.0135170221329
    },
    "bpm": 144.910598755,
    "bpm_histogram_first_peak_bpm": 144,
    "bpm_histogram_first_peak_weight": 0.330578505993,
    "bpm_histogram_second_peak_bpm": 152,
    "bpm_histogram_second_peak_spread": 0,
    "bpm_histogram_second_peak_weight": 0.0241935476661,
    "danceability": 1.63396239281,
    "onset_rate": 4.34395647049,
    "beats_loudness_band_ratio": {
        "max": [0.970094919205, 0.299871832132, 0.408330768347, 0.664451003075, 0.463884055614, 0.432338625193],
        "mean": [0.48819321394, 0.0877184048295, 0.0958205610514, 0.111197143793, 0.123840108514, 0.148205265403],
        "min": [0.0791462361813, 0.00232001184486, 0.000958335876931, 0.000995364855044, 0.0044613648206, 0.0170792192221],
        "stdev": [0.201059684157, 0.0667980164289, 0.0777561217546, 0.120090328157, 0.099696777761, 0.0954230576754]
    },
