{
"metadata": {
    "version": {
        "essentia": "2.1-beta5",
        "essentia_git_sha": "Undefined",
        "extractor": "music 2.0"
    },
    "audio_properties": {
        "analysis": {
            "equal_loudness": 0,
            "length": 54.4159622192,
            "sample_rate": 44100,
            "start_time": 126.490699768,
            "downmix": "mix"
        },
        "bit_rate": 192000,
        "length": 180.929901123,
        "lossless": 0,
        "number_channels": 2,
        "replay_gain": 3.30506324768,
        "sample_rate": 48000,
        "codec": "mp3",
        "md5_encoded": "f26efca49badd806dfa253d024ab8f3b"
    },
    "tags": {
        "file_name": "France_Les Mots D_amour N_ont Pas De Dimanche_Christine Minier.mp3",
        "encoding": ["Lavf58.29.100"]
    }
},
"lowlevel": {
    "average_loudness": 0.924615979195,
    "barkbands_crest": {
        "max": 25.6838970184,
        "mean": 9.38745498657,
        "min": 2.19225406647,
        "stdev": 4.6383357048
    },
    "barkbands_flatness_db": {
        "max": 0.318828165531,
        "mean": 0.161126822233,
        "min": 0.0616988278925,
        "stdev": 0.0322556272149
    },
    "barkbands_kurtosis": {
        "max": 75.1408920288,
        "mean": 2.90273404121,
        "min": -1.78013193607,
        "stdev": 5.19518661499
    },
    "barkbands_skewness": {
        "max": 5.83451747894,
        "mean": 1.25528740883,
        "min": -1.61902654171,
        "stdev": 0.893651127815
    },
    "barkbands_spread": {
        "max": 58.8259811401,
        "mean": 19.0220680237,
        "min": 1.27423894405,
        "stdev": 8.75119972229
    },
    "dissonance": {
        "max": 0.49913674593,
        "mean": 0.457610934973,
        "min": 0.32306060195,
        "stdev": 0.0262701306492
    },
    "dynamic_complexity": 2.20601081848,
    "erbbands_crest": {
        "max": 28.4094371796,
        "mean": 10.5985450745,
        "min": 2.72741651535,
        "stdev": 4.82483386993
    },
    "erbbands_flatness_db": {
        "max": 0.341331869364,
        "mean": 0.20505297184,
        "min": 0.142077311873,
        "stdev": 0.0292613431811
    },
    "erbbands_kurtosis": {
        "max": 41.2093391418,
        "mean": 0.556894123554,
        "min": -1.78868210316,
        "stdev": 2.34687280655
    },
    "erbbands_skewness": {
        "max": 6.03759527206,
        "mean": 0.624028205872,
        "min": -1.85742294788,
        "stdev": 0.769483804703
    },
    "erbbands_spread": {
        "max": 83.3869018555,
        "mean": 33.4411087036,
        "min": 4.78973913193,
        "stdev": 12.8482198715
    },
    "hfc": {
        "max": 157.099136353,
        "mean": 19.810552597,
        "min": 0.0877702981234,
        "stdev": 17.3763141632
    },
    "loudness_ebu128": {
        "integrated": -27.2100391388,
        "loudness_range": 4.38134765625,
        "momentary": {
            "max": -23.2139644623,
            "mean": -27.7750835419,
            "min": -39.8259429932,
            "stdev": 2.36934971809
        },
        "short_term": {
            "max": -24.7777385712,
            "mean": -27.3708896637,
            "min": -31.1054210663,
            "stdev": 1.41455829144
        }
    },
    "melbands_crest": {
        "max": 32.0227584839,
        "mean": 12.1735868454,
        "min": 3.21798396111,
        "stdev": 5.40200567245
    },
    "melbands_flatness_db": {
        "max": 0.36420866847,
        "mean": 0.175945967436,
        "min": 0.0389022193849,
        "stdev": 0.0433405376971
    },
    "melbands_kurtosis": {
        "max": 88.3638916016,
        "mean": 7.55505657196,
        "min": -1.61216139793,
        "stdev": 8.38836860657
    },
    "melbands_skewness": {
        "max": 8.11290836334,
        "mean": 1.89229655266,
        "min": -0.582685172558,
        "stdev": 0.974010527134
    },
    "melbands_spread": {
        "max": 133.997070312,
        "mean": 23.8261699677,
        "min": 1.66511499882,
        "stdev": 13.5833778381
    },
    "pitch_salience": {
        "max": 0.858743309975,
        "mean": 0.569458723068,
        "min": 0.17046636343,
        "stdev": 0.102321125567
    },
    "silence_rate_20dB": {
        "max": 1,
        "mean": 1,
        "min": 1,
        "stdev": 0
    },
    "silence_rate_30dB": {
        "max": 1,
        "mean": 1,
        "min": 1,
        "stdev": 0
    },
    "silence_rate_60dB": {
        "max": 1,
        "mean": 0.0149253727868,
        "min": 0,
        "stdev": 0.121253989637
    },
    "spectral_centroid": {
        "max": 3855.10302734,
        "mean": 1359.61706543,
        "min": 294.655578613,
        "stdev": 540.30670166
    },
    "spectral_complexity": {
        "max": 59,
        "mean": 19.0899791718,
        "min": 0,
        "stdev": 8.03355312347
    },
    "spectral_decrease": {
        "max": -8.86549340884e-12,
        "mean": -5.31607824428e-09,
        "min": -2.55168757235e-08,
        "stdev": 3.09143088906e-09
    },
    "spectral_energy": {
        "max": 0.110556006432,
        "mean": 0.0218609664589,
        "min": 4.14213973272e-05,
        "stdev": 0.0129341166466
    },
    "spectral_energyband_high": {
        "max": 0.0151605065912,
        "mean": 0.000832080258988,
        "min": 2.41140264734e-06,
        "stdev": 0.00129390729126
    },
    "spectral_energyband_low": {
        "max": 0.0204268097878,
        "mean": 0.00266720633954,
        "min": 2.08294841286e-06,
        "stdev": 0.00220813928172
    },
    "spectral_energyband_middle_high": {
        "max": 0.0781964212656,
        "mean": 0.0061148321256,
        "min": 2.60816814261e-05,
        "stdev": 0.00719096837565
    },
    "spectral_energyband_middle_low": {
        "max": 0.086056061089,
        "mean": 0.0127439023927,
        "min": 7.27338192519e-06,
        "stdev": 0.00909447111189
    },
    "spectral_entropy": {
        "max": 8.47492599487,
        "mean": 7.46192789078,
        "min": 6.0794467926,
        "stdev": 0.277364343405
    },
    "spectral_flux": {
        "max": 0.28501316905,
        "mean": 0.0775269418955,
        "min": 0.0103072402999,
        "stdev": 0.0351417809725
    },
    "spectral_kurtosis": {
        "max": 15.4169654846,
        "mean": 2.90352153778,
        "min": -0.464651823044,
        "stdev": 2.13798379898
    },
    "spectral_rms": {
        "max": 0.0103855440393,
        "mean": 0.00441362848505,
        "min": 0.000201025177375,
        "stdev": 0.00135926052462
    },
    "spectral_rolloff": {
        "max": 6266.16210938,
        "mean": 1389.6973877,
        "min": 215.33203125,
        "stdev": 890.708007812
    },
    "spectral_skewness": {
        "max": 2.71559739113,
        "mean": 1.14726555347,
        "min": -0.0720162540674,
        "stdev": 0.358992308378
    },
    "spectral_spread": {
        "max": 9224104,
        "mean": 3595371.75,
        "min": 2155121,
        "stdev": 519961.4375
    },
    "spectral_strongpeak": {
        "max": 12.5571813583,
        "mean": 1.52310967445,
        "min": 0.016142424196,
        "stdev": 1.44585573673
    },
    "zerocrossingrate": {
        "max": 0.17333984375,
        "mean": 0.0561221502721,
        "min": 0.0146484375,
        "stdev": 0.0195532087237
    },
    "barkbands": {
        "max": [0.000345153966919, 0.00689208693802, 0.0156359262764, 0.0128235779703, 0.0195938423276, 0.0128720328212, 0.0843692198396, 0.0202001743019, 0.0285103749484, 0.0630035027862, 0.0285930708051, 0.0251278523356, 0.0283673349768, 0.0248809531331, 0.0247338116169, 0.0273961033672, 0.00852567330003, 0.00917143840343, 0.00790407601744, 0.0118418708444, 0.00701532326639, 0.00583582278341, 0.00284928828478, 0.000995014212094, 0.000307304726448, 1.27866724142e-06, 1.51027211359e-06],
        "mean": [2.64252485067e-05, 0.000962480844464, 0.00130917306524, 0.000725687656086, 0.00238097691908, 0.00137089320924, 0.00574089959264, 0.00102526519913, 0.00118311459664, 0.00111933879089, 0.00077518960461, 0.000862625252921, 0.000686349463649, 0.000612901931163, 0.000790087739006, 0.000363721046597, 0.000295702717267, 0.00033384305425, 0.000310765753966, 0.000479581678519, 0.000253100617556, 0.000115658418508, 7.81373018981e-05, 5.19556306244e-05, 7.09127652954e-06, 1.6575820716e-09, 1.87869186874e-09],
        "min": [3.04947853635e-08, 9.46852537709e-07, 7.68614654589e-07, 4.51505513865e-07, 5.00047008245e-07, 2.56920401398e-07, 2.2904614525e-06, 2.62676962848e-06, 9.70703695202e-07, 1.01809723674e-06, 5.14710563948e-07, 1.21111906992e-06, 3.73398006559e-06, 1.96123642127e-06, 2.40193344325e-06, 2.51593769462e-06, 1.77831827841e-06, 9.98140990305e-07, 6.82683264586e-07, 9.63869069892e-07, 7.99851818556e-07, 4.99922236941e-07, 1.7834064181e-07, 9.98426514798e-08, 5.08451669656e-10, 2.27381932727e-10, 2.89659990438e-10],
        "stdev": [3.27799134539e-05, 0.000817324558739, 0.00155478378292, 0.000994121539406, 0.00238529569469, 0.001520613092, 0.00780245102942, 0.00140155607369, 0.00221931748092, 0.00263980217278, 0.00154211674817, 0.00223450176418, 0.00189239962492, 0.00150970881805, 0.00205900380388, 0.00119583390187, 0.00063984800363, 0.00052842014702, 0.000528602395207, 0.000786287826486, 0.000506521842908, 0.000272879988188, 0.000158609807841, 8.80816078279e-05, 1.65273413586e-05, 2.64042903098e-08, 3.11818979526e-08]
    },
    "erbbands": {
        "max": [0.153865292668, 1.9232763052, 14.5758981705, 33.6155891418, 54.8585205078, 91.0643615723, 116.993385315, 147.945602417, 1267.67077637, 686.913635254, 490.059295654, 708.956237793, 1933.47790527, 1216.46765137, 700.90411377, 1245.46899414, 1420.87597656, 410.582397461, 2003.34289551, 914.296325684, 1120.11206055, 357.819732666, 444.884338379, 289.790618896, 406.026824951, 624.153747559, 358.679107666, 271.443817139, 220.310562134, 187.533340454, 57.2622528076, 33.6960716248, 17.7393360138, 6.59295606613, 0.242253169417, 0.00789630133659, 0.00244656624272, 0.000918269914109, 0.000220919697313, 0.000146828824654],
        "mean": [0.0179771538824, 0.267946332693, 1.39523756504, 2.06048607826, 4.63447093964, 8.64186191559, 9.78501224518, 13.6494226456, 79.7989273071, 45.4366950989, 22.0252399445, 28.6030578613, 30.0083084106, 39.1154136658, 34.3518180847, 36.7432823181, 34.49842453, 21.7579975128, 56.1811714172, 22.4605102539, 21.9030380249, 14.3670272827, 16.6052761078, 17.4073696136, 16.0627403259, 22.4842338562, 17.4701423645, 6.55702590942, 4.40689659119, 2.91949820518, 2.19920659065, 1.35384643078, 0.713971853256, 0.172961562872, 0.00706925615668, 0.000301333289826, 4.38708630099e-05, 1.09949314719e-05, 1.41733726196e-05, 2.69084557658e-05],
        "min": [2.50304310612e-05, 0.000224170595175, 0.000810416706372, 0.0013433797285, 0.00154069950804, 0.00165211793501, 0.00171378161758, 0.00270155793987, 0.020042091608, 0.0547327660024, 0.0493068881333, 0.025353949517, 0.0235126260668, 0.0242070984095, 0.0295816846192, 0.0548213683069, 0.161937907338, 0.156100481749, 0.113046124578, 0.192181646824, 0.147171452641, 0.113007433712, 0.0820038169622, 0.0554566569626, 0.0245246496052, 0.0467346124351, 0.0374804325402, 0.0247668344527, 0.0147913629189, 0.00709717860445, 0.00487281056121, 0.00170221878216, 0.00138762895949, 0.000315606826916, 1.3465797565e-05, 2.61883792518e-06, 9.40247161907e-07, 3.27766372266e-07, 2.61813198676e-07, 8.46046432912e-08],
        "stdev": [0.0163123998791, 0.226819872856, 1.5732434988, 2.36602830887, 5.40208435059, 9.44241333008, 10.670167923, 15.2082681656, 111.589065552, 55.2981452942, 28.9987201691, 54.0830917358, 90.6675720215, 62.7205886841, 55.5820922852, 86.3232955933, 92.7025375366, 36.1645965576, 141.454437256, 55.8338737488, 61.9761886597, 25.1723613739, 24.923116684, 27.1969661713, 25.2304897308, 37.6467132568, 30.5623455048, 13.5174732208, 10.4137477875, 7.7230424881, 4.10297870636, 2.40091252327, 1.21257328987, 0.359094619751, 0.0144449714571, 0.000521413283423, 7.50391409383e-05, 2.27728232858e-05, 1.06280031105e-05, 1.65710735018e-05]
    },
    "gfcc": {
        "mean": [-21.0384311676, 136.206634521, -162.858718872, 53.1516265869, -84.9193572998, 7.0476603508, -29.6661720276, -7.34326934814, -6.00018596649, -15.6749248505, 12.0651941299, -22.636472702, 6.07514858246],
        "cov": [[1893.17443848, -446.824859619, -278.842224121, 116.707046509, -50.8945426941, 79.6381607056, -65.1573486328, 13.5966482162, -80.2103805542, 37.2101821899, -71.6999893188, -114.54675293, -18.6892929077], [-446.824859619, 402.769775391, 114.766769409, -106.594146729, 95.599571228, -35.1430931091, 83.6788253784, -33.0160636902, 18.6061840057, -33.8148536682, 35.1043128967, -12.0991830826, -19.7062187195], [-278.842224121, 114.766769409, 250.280151367, 83.8366928101, -35.2272758484, -28.4114360809, -17.8797664642, -2.28535509109, 42.0263557434, -16.7640533447, 4.43559074402, 41.0582313538, -9.18013763428], [116.707046509, -106.594146729, 83.8366928101, 220.795715332, -1.18354225159, -18.24883461, -53.7336845398, -0.959837317467, 35.5992279053, -24.2970638275, -53.0882034302, 25.2173709869, 0.154660508037], [-50.8945426941, 95.599571228, -35.2272758484, -1.18354225159, 154.676422119, 36.1423797607, 21.9010295868, 0.027879897505, -14.2431936264, 1.53830289841, -14.5152568817, -31.758939743, 3.20684933662], [79.6381607056, -35.1430931091, -28.4114360809, -18.24883461, 36.1423797607, 138.977752686, 47.4721641541, 13.5647954941, -43.4038963318, 17.5798511505, -12.0025873184, -16.7477436066, 5.00135612488], [-65.1573486328, 83.6788253784, -17.8797664642, -53.7336845398, 21.9010295868, 47.4721641541, 133.861968994, 14.661108017, -27.6977272034, 5.81299448013, 29.371339798, -3.22292280197, 0.902034819126], [13.5966482162, -33.0160636902, -2.28535509109, -0.959837317467, 0.027879897505, 13.5647954941, 14.661108017, 88.5221328735, 20.8785877228, 13.1156387329, 13.5469732285, 7.6389541626, 17.3936920166], [-80.2103805542, 18.6061840057, 42.0263557434, 35.5992279053, -14.2431936264, -43.4038963318, -27.6977272034, 20.8785877228, 98.2060165405, 17.0812110901, 6.58057594299, 17.7833213806, -7.32579755783], [37.2101821899, -33.8148536682, -16.7640533447, -24.2970638275, 1.53830289841, 17.5798511505, 5.81299448013, 13.1156387329, 17.0812110901, 83.6386947632, 36.7281684875, -4.82440519333, 7.62002229691], [-71.6999893188, 35.1043128967, 4.43559074402, -53.0882034302, -14.5152568817, -12.0025873184, 29.371339798, 13.5469732285, 6.58057594299, 36.7281684875, 87.7082290649, 25.4868526459, 0.165555477142], [-114.54675293, -12.0991830826, 41.0582313538, 25.2173709869, -31.758939743, -16.7477436066, -3.22292280197, 7.6389541626, 17.7833213806, -4.82440519333, 25.4868526459, 76.3542175293, 26.6499557495], [-18.6892929077, -19.7062187195, -9.18013763428, 0.154660508037, 3.20684933662, 5.00135612488, 0.902034819126, 17.3936920166, -7.32579755783, 7.62002229691, 0.165555477142, 26.6499557495, 54.9609336853]],
        "icov": [[0.000974107650109, -9.84387224889e-06, 0.00127987586893, -0.00136687001213, 0.000995219685137, -0.000443868513685, 0.000423141813371, -0.000317887024721, 0.00068923906656, -0.000341677601682, -0.000439612718765, 0.00155034568161, 1.01372534118e-05], [-9.84387224889e-06, 0.0178164448589, -0.0130129633471, 0.0129196364433, -0.0141052808613, 0.00596672017127, -0.00995204970241, 0.00847759936005, -0.00920164305717, 0.0105600152165, -0.00323219876736, 0.00464879814535, -0.00299973227084], [0.00127987586893, -0.0130129633471, 0.0164988990873, -0.0130189722404, 0.0122477952391, -0.00518305134028, 0.00756472023204, -0.00612559588626, 0.00608431594446, -0.00702340062708, 0.000647837645374, -0.00309409666806, 0.00341641064733], [-0.00136687001213, 0.0129196364433, -0.0130189722404, 0.0187448058277, -0.0126761961728, 0.00531217828393, -0.00639505684376, 0.00568020623177, -0.00821018125862, 0.00697409501299, 0.00423205737025, -0.00319072999991, -2.30898585869e-05], [0.000995219685137, -0.0141052808613, 0.0122477952391, -0.0126761961728, 0.0201080217957, -0.0069699822925, 0.00728173553944, -0.00610268861055, 0.00675339624286, -0.00740635255352, 0.000917370023672, 0.00249036587775, -0.000648067798465], [-0.000443868513685, 0.00596672017127, -0.00518305134028, 0.00531217828393, -0.0069699822925, 0.0140034407377, -0.0068697957322, -6.77908610669e-05, 0.00260873744264, -0.00228815153241, 0.00512530840933, -0.00194862042554, 0.00196873629466], [0.000423141813371, -0.00995204970241, 0.00756472023204, -0.00639505684376, 0.00728173553944, -0.0068697957322, 0.0162757690996, -0.00610646698624, 0.00652127573267, -0.00391207728535, -0.00253246049397, -0.00168203527573, 0.00195764214732], [-0.000317887024721, 0.00847759936005, -0.00612559588626, 0.00568020623177, -0.00610268861055, -6.77908610669e-05, -0.00610646698624, 0.0189115256071, -0.0104602016509, 0.00726221501827, -0.00559451244771, 0.00534830056131, -0.00860772933811], [0.00068923906656, -0.00920164305717, 0.00608431594446, -0.00821018125862, 0.00675339624286, 0.00260873744264, 0.00652127573267, -0.0104602016509, 0.023030621931, -0.0132439937443, 0.00589651754126, -0.00764019135386, 0.00913927238435], [-0.000341677601682, 0.0105600152165, -0.00702340062708, 0.00697409501299, -0.00740635255352, -0.00228815153241, -0.00391207728535, 0.00726221501827, -0.0132439937443, 0.0278009008616, -0.0153192831203, 0.0117382351309, -0.0103817135096], [-0.000439612718765, -0.00323219876736, 0.000647837645374, 0.00423205737025, 0.000917370023672, 0.00512530840933, -0.00253246049397, -0.00559451244771, 0.00589651754126, -0.0153192831203, 0.0281814076006, -0.0165165755898, 0.0109137678519], [0.00155034568161, 0.00464879814535, -0.00309409666806, -0.00319072999991, 0.00249036587775, -0.00194862042554, -0.00168203527573, 0.00534830056131, -0.00764019135386, 0.0117382351309, -0.0165165755898, 0.0334647446871, -0.0187695361674], [1.01372534118e-05, -0.00299973227084, 0.00341641064733, -2.30898585869e-05, -0.000648067798465, 0.00196873629466, 0.00195764214732, -0.00860772933811, 0.00913927238435, -0.0103817135096, 0.0109137678519, -0.0187695361674, 0.0319698154926]]
    },
    "melbands": {
        "max": [0.00143308902625, 0.00533443177119, 0.00484101194888, 0.00470410147682, 0.00430989544839, 0.00302211870439, 0.019478853792, 0.00699702836573, 0.00548654235899, 0.00474925339222, 0.0101546067744, 0.00602252455428, 0.00343425059691, 0.0036381711252, 0.00313348742202, 0.00201189727522, 0.000969411048573, 0.00392874283716, 0.00124801544007, 0.00238579278812, 0.00148863927461, 0.000503413320985, 0.000397288007662, 0.000701390381437, 0.000299164210446, 0.000500053633004, 0.000248214928433, 0.000548959476873, 0.000305341061903, 0.000178293237695, 0.000153078552103, 0.000116328912554, 0.000132420129376, 9.79191318038e-05, 3.51165617758e-05, 2.9088845622e-05, 1.60360414156e-05, 1.08608219307e-05, 1.4097159692e-05, 3.1829490581e-06],
        "mean": [0.000216574408114, 0.000588645576499, 0.000416888011387, 0.000524954404682, 0.000346498331055, 0.000291333853966, 0.00125295843463, 0.000421953533078, 0.000163123637321, 0.000186396529898, 0.00014460174134, 0.000157197340741, 0.000112760943011, 0.000110424465674, 8.21407011244e-05, 5.8135294239e-05, 3.73861112166e-05, 9.78367243079e-05, 4.26809856435e-05, 2.25247058552e-05, 2.80464191746e-05, 1.48286235344e-05, 1.54008666868e-05, 1.58870570885e-05, 1.36995558933e-05, 1.22620358525e-05, 1.05851822809e-05, 1.65824603755e-05, 1.37684646688e-05, 5.1959314078e-06, 3.2333703075e-06, 2.67539348897e-06, 1.82224914624e-06, 1.50664584453e-06, 1.29763975565e-06, 1.0682475704e-06, 7.25929453438e-07, 5.47960723907e-07, 3.19277063454e-07, 8.53377102317e-08],
        "min": [2.51985909472e-07, 3.83062655374e-07, 2.36768030959e-07, 1.13678716218e-07, 6.24923330861e-08, 6.24361717882e-08, 3.5452683278e-07, 6.20882644853e-07, 3.63468558362e-07, 1.37849298198e-07, 1.22618246223e-07, 1.07590601317e-07, 8.51846806427e-08, 8.674893337e-08, 2.19450100758e-07, 3.72921249436e-07, 1.81049628623e-07, 1.10116182839e-07, 1.8145692593e-07, 2.02494689461e-07, 1.42490563348e-07, 1.0771044856e-07, 1.23616658243e-07, 4.34617568601e-08, 3.72391717463e-08, 1.58296771247e-08, 8.54301429598e-09, 2.48491875965e-08, 2.82073866487e-08, 1.20799095171e-08, 1.19634631091e-08, 7.53060991343e-09, 5.07268582695e-09, 3.09100234297e-09, 2.8418576381e-09, 1.50895917983e-09, 5.4005211414e-10, 7.50420392492e-10, 3.66792290984e-11, 3.08298850858e-12],
        "stdev": [0.000184487231309, 0.000569090538193, 0.000436427013483, 0.000566421018448, 0.000376329961, 0.000323919113725, 0.00173836795148, 0.000502140726894, 0.000245182745857, 0.000370062829461, 0.000454847904621, 0.000279257044895, 0.000209275458474, 0.000300021376461, 0.000209933336009, 0.000154644163558, 7.43092459743e-05, 0.000255880091572, 0.000116770956083, 8.94089607755e-05, 8.59656720422e-05, 3.26263034367e-05, 2.42125661316e-05, 2.87466373265e-05, 2.34209219343e-05, 2.45740702667e-05, 1.60353465617e-05, 3.06802867271e-05, 2.45530191023e-05, 1.23394256661e-05, 6.75366618452e-06, 6.29659234619e-06, 5.01032445754e-06, 4.07611969422e-06, 2.46198760578e-06, 2.02557475859e-06, 1.29071554511e-06, 9.46426155224e-07, 7.03650471223e-07, 1.95427517724e-07]
    },
    "melbands128": {
        "max": [0.000294189056149, 0.00121323205531, 0.00235065864399, 0.00376158044674, 0.00680968584493, 0.00749017484486, 0.00827261526138, 0.0051963464357, 0.00729825347662, 0.00825625658035, 0.00601661438122, 0.0085529461503, 0.00444109272212, 0.00458543235436, 0.00461718998849, 0.00597947090864, 0.0108526870608, 0.0372860953212, 0.0232604388148, 0.0116389812902, 0.00729732913896, 0.00362834008411, 0.00705504976213, 0.0110453898087, 0.00555720971897, 0.00826994515955, 0.0173844452947, 0.0134211648256, 0.0142372138798, 0.0123593797907, 0.00304016680457, 0.00873797852546, 0.00602925149724, 0.00315984617919, 0.00441275397316, 0.00596336601302, 0.00499590160325, 0.00382812344469, 0.00835787598044, 0.00569158326834, 0.0031577446498, 0.00141076045111, 0.00136144482531, 0.00218138634227, 0.00559435319155, 0.00831298530102, 0.00479629030451, 0.00222334032878, 0.0034882358741, 0.00229959073476, 0.00506427139044, 0.00503893429413, 0.00284689222462, 0.0034567322582, 0.00120286573656, 0.000583234883379, 0.000573815836105, 0.000784262665547, 0.00101820274722, 0.000302092899801, 0.00142057123594, 0.000740882882383, 0.000552643439732, 0.000489556288812, 0.000989649211988, 0.00103905354626, 0.000480288319523, 0.000441866082838, 0.000363942992408, 0.000395607930841, 0.000899190315977, 0.000898199621588, 0.000457217858639, 0.000424823054345, 0.000402363570174, 0.000242805079324, 0.000281371816527, 0.000192951454665, 0.00017325564113, 6.66963751428e-05, 0.000129329549964, 0.00020254055562, 0.000115354472655, 0.000147882630699, 0.000122314508189, 7.59652102715e-05, 0.000139019437484, 7.627926243e-05, 4.23306992161e-05, 4.0908860683e-05, 3.28622663801e-05, 4.36819245806e-05, 2.84648485831e-05, 1.89081420103e-05, 1.54200952238e-05, 1.75238328666e-05, 1.14471913548e-05, 2.50122466241e-05, 2.25588828471e-05, 1.35484860948e-05, 6.28665839031e-06, 5.77581931793e-06, 3.14190629069e-07, 7.58314477878e-09, 8.08564948329e-09, 8.25335977339e-09, 8.30536350804e-09, 8.35269897692e-09, 8.26455792691e-09, 8.16251599645e-09, 8.01467425759e-09, 7.81996511989e-09, 7.77597186641e-09, 7.61482521483e-09, 7.42845918111e-09, 7.27031279624e-09, 7.15971726351e-09, 6.95963020547e-09, 6.8492669314e-09, 6.62223387238e-09, 6.50519549339e-09, 6.40967678933e-09, 6.26637675083e-09, 6.21621287777e-09, 6.14203132798e-09, 6.10211214891e-09, 6.05910965845e-09, 6.02372418612e-09],
        "mean": [1.9674827854e-05, 0.000101442063169, 0.000283319066511, 0.000464590208139, 0.000725726597011, 0.000588141032495, 0.00040677326615, 0.000355307303835, 0.000398221396608, 0.000717509770766, 0.000443248951342, 0.000359435449354, 0.000340529455571, 0.000294872676022, 0.000262435991317, 0.000246952578891, 0.000649119669106, 0.00212496216409, 0.00110518862493, 0.000304832297843, 0.000210466663702, 0.000186305434909, 0.000175579785719, 9.95343943941e-05, 0.000197880945052, 0.000208406258025, 0.000186676275916, 0.000139849391417, 8.65093315952e-05, 0.000205629388802, 0.000157465066877, 0.000110940396553, 0.000133627938339, 8.80816078279e-05, 0.000107403931906, 0.000134226647788, 8.42862064019e-05, 6.15993485553e-05, 9.80475306278e-05, 9.33644187171e-05, 3.93014161091e-05, 2.43908780249e-05, 2.57125884673e-05, 4.16596667492e-05, 8.76666308613e-05, 0.00012883846648, 8.8983841124e-05, 3.67757238564e-05, 2.70529217232e-05, 2.35531333601e-05, 2.48022406595e-05, 1.68182814377e-05, 2.28268927458e-05, 4.16753937316e-05, 2.28855569731e-05, 8.05687977845e-06, 8.63395143824e-06, 2.00095182663e-05, 1.56630212587e-05, 1.18562365969e-05, 1.55846391863e-05, 1.92329025595e-05, 1.68281130755e-05, 1.02453395812e-05, 1.15236498459e-05, 1.35756072268e-05, 1.24709204101e-05, 9.37530603551e-06, 9.70739347395e-06, 1.24901680465e-05, 1.56660080393e-05, 1.98235975404e-05, 1.87802579603e-05, 1.28771071104e-05, 7.77828518039e-06, 5.15147621627e-06, 4.4237349357e-06, 3.30670445692e-06, 3.26425947605e-06, 2.77257527159e-06, 2.94522351396e-06, 2.64773552772e-06, 1.94014251065e-06, 1.65876895153e-06, 1.88162562154e-06, 1.51512085722e-06, 1.42788644553e-06, 1.35021787173e-06, 1.27219971091e-06, 1.32739387482e-06, 1.08413917133e-06, 1.07027813101e-06, 9.05076376512e-07, 6.89908574714e-07, 6.35655112546e-07, 6.16393947439e-07, 5.15373585586e-07, 4.81877691527e-07, 3.3465892102e-07, 2.77150405736e-07, 9.20058340625e-08, 8.86731470473e-08, 2.26983609686e-09, 2.85277305251e-11, 1.23930301785e-11, 1.19082209371e-11, 1.1669763246e-11, 1.1305490398e-11, 1.09861052547e-11, 1.06598488717e-11, 1.04344250254e-11, 1.01834955399e-11, 9.91934659411e-12, 9.61386786152e-12, 9.36472600854e-12, 9.20280778666e-12, 9.01310623358e-12, 8.81751963111e-12, 8.72974262323e-12, 8.46597184717e-12, 8.2489856959e-12, 8.14572975044e-12, 8.08117548573e-12, 7.88171871519e-12, 7.31785465558e-12, 6.39315683726e-12, 5.8747247518e-12, 5.77602722596e-12],
        "min": [6.25583007619e-09, 1.63211062443e-08, 3.00415251786e-07, 3.89324895878e-07, 4.16380657953e-07, 3.70518137061e-07, 2.84703133957e-07, 2.05336718295e-07, 1.50355035089e-07, 1.13507937272e-07, 8.83073809632e-08, 7.2990253841e-08, 6.00888299118e-08, 4.34279670003e-08, 3.58413920765e-08, 6.48550155802e-08, 1.85898073823e-07, 3.89268620893e-07, 5.80768812597e-07, 4.66398944354e-07, 2.80441639688e-07, 5.15757960784e-07, 2.15770583623e-07, 9.39321722626e-08, 1.75430074023e-07, 1.05345613122e-07, 4.46583285907e-08, 1.08313017222e-07, 2.10560045844e-07, 1.63864058322e-07, 4.83163908882e-08, 3.85562266558e-08, 8.68600906756e-08, 8.18104695099e-08, 6.01566796377e-08, 2.61366945864e-08, 1.28200241534e-07, 1.92813018884e-07, 1.41714480151e-08, 3.62100394113e-08, 5.51284742301e-08, 2.85113443965e-08, 3.91473093941e-08, 3.14622905506e-09, 2.81024163939e-08, 8.43992467026e-08, 6.23015310453e-08, 6.27174685519e-08, 2.33772450287e-08, 1.04474660034e-08, 1.35112561139e-08, 1.01258706309e-07, 1.01905492045e-07, 1.03668654106e-07, 1.74071672632e-08, 1.33392497048e-08, 5.980989215e-08, 1.20120816405e-07, 2.98029654289e-08, 2.11020037e-08, 1.63078492932e-08, 3.20077617744e-08, 3.04706695431e-08, 1.39440574642e-08, 2.52995029371e-08, 2.26783427593e-08, 5.07720843146e-09, 5.11817344062e-09, 6.61362742349e-09, 3.87419829551e-09, 5.52222045869e-09, 2.99111952984e-08, 2.48575204864e-08, 2.15368078926e-08, 1.57345034779e-08, 1.14088880565e-08, 9.30451271586e-09, 1.23513754779e-09, 2.33640840008e-09, 1.42899159172e-08, 5.03609820512e-09, 3.55134477381e-09, 5.15307441162e-09, 4.40870273621e-09, 7.48787420957e-10, 3.00218239158e-10, 1.46432344028e-09, 1.24583554584e-09, 6.14648720809e-10, 2.32324781635e-09, 7.34657668033e-10, 2.96935809274e-10, 3.66347091552e-10, 1.81341927585e-10, 6.3279065321e-10, 6.2980687332e-10, 3.03726127582e-10, 4.17869072677e-11, 1.28104870462e-11, 4.68536104012e-12, 2.55915601211e-12, 1.41373241239e-12, 9.61805613452e-13, 1.03461846295e-12, 7.30369052997e-13, 8.23206953993e-13, 6.61881465434e-13, 9.30652798749e-13, 7.67588195696e-13, 6.69454238138e-13, 6.86085519994e-13, 9.93306457052e-13, 8.65135003567e-13, 7.54628347657e-13, 9.24911948245e-13, 9.10904598278e-13, 7.72705196269e-13, 8.30518108712e-13, 9.16082097333e-13, 8.29185786873e-13, 7.32024196034e-13, 9.3329868573e-13, 8.33628251064e-13, 8.20714590039e-13, 6.96064028898e-13, 1.91671019876e-13, 4.04279542243e-14, 1.25566535793e-15],
        "stdev": [2.54832011706e-05, 0.000117258910905, 0.000300977990264, 0.000431127729826, 0.000832264486235, 0.000701682467479, 0.000527741678525, 0.000520505884197, 0.000584841356613, 0.000932339462452, 0.000550362106878, 0.000627072760835, 0.000440595060354, 0.000414373818785, 0.000427160732215, 0.000434657529695, 0.000945160805713, 0.00322883250192, 0.00169514445588, 0.000635379808955, 0.000427411490818, 0.000286038703052, 0.000376882904675, 0.000292750424705, 0.000447760306997, 0.000588870083448, 0.000705751299392, 0.000632688228507, 0.000445890938863, 0.000493171741255, 0.000253173959209, 0.000350103160599, 0.000327606656356, 0.000225024443353, 0.000380462879548, 0.000468486134196, 0.000293775985483, 0.000249547912972, 0.000377115764422, 0.000347519729985, 0.000134197282023, 7.30784304324e-05, 6.80247030687e-05, 0.000125935563119, 0.00030191312544, 0.000446784804808, 0.000331876741257, 0.000157918126206, 0.000140734220622, 7.96724561951e-05, 0.000152224456542, 0.000122878322145, 8.61393782543e-05, 0.000181801588042, 7.72960338509e-05, 2.4776236387e-05, 2.08278324862e-05, 3.79033299396e-05, 4.12522203987e-05, 2.44908387685e-05, 4.69699807581e-05, 4.30989093729e-05, 3.8476780901e-05, 2.62197954726e-05, 4.16878247051e-05, 3.96188625018e-05, 2.39779146796e-05, 1.96938381123e-05, 1.92598781723e-05, 2.60427823378e-05, 3.93366317439e-05, 4.7626261221e-05, 4.22384800913e-05, 2.93638277071e-05, 2.17757715291e-05, 1.42434955706e-05, 1.59161372721e-05, 8.96398069017e-06, 7.52860114517e-06, 5.25193991052e-06, 7.31038608137e-06, 8.16275860416e-06, 5.47829949937e-06, 4.77081493955e-06, 6.03837452218e-06, 4.33270179201e-06, 4.42068085249e-06, 3.41199915965e-06, 2.51825372288e-06, 2.67521500064e-06, 2.24638938562e-06, 2.50165408033e-06, 1.86667341495e-06, 1.39479163863e-06, 1.16321712085e-06, 1.25771703097e-06, 9.48347576468e-07, 1.04497985376e-06, 8.9754956889e-07, 7.27487361019e-07, 2.41007882096e-07, 2.49244720862e-07, 9.16111453364e-09, 1.66095859289e-10, 1.67248173644e-10, 1.70521735621e-10, 1.71573172336e-10, 1.72515918218e-10, 1.70687616818e-10, 1.68567618197e-10, 1.65506497396e-10, 1.61479593586e-10, 1.60564825324e-10, 1.57233670528e-10, 1.53383583612e-10, 1.50113310671e-10, 1.47827541874e-10, 1.43693348886e-10, 1.41410952392e-10, 1.36724132016e-10, 1.34308286714e-10, 1.32334157521e-10, 1.29373692315e-10, 1.283383122e-10, 1.26815571933e-10, 1.26007912438e-10, 1.2512912928e-10, 1.24400059698e-10]
    },
    "mfcc": {
        "mean": [-632.492004395, 127.125823975, -9.20795631409, 25.8516979218, -14.4692363739, -0.155465751886, -4.34355592728, -2.21768975258, -8.96539592743, 5.89387655258, -7.1566324234, 5.7575969696, -0.947424829006],
        "cov": [[2114.60424805, -574.368225098, -209.071655273, -19.5397491455, -16.2598247528, 13.6199102402, 31.0373725891, -73.09715271, -3.2388420105, 84.4317321777, -28.3407535553, -44.9321594238, -96.9212646484], [-574.368225098, 514.206298828, -17.5526943207, -51.5777816772, -9.96281528473, 0.960107505322, 70.2728271484, 13.8418292999, -16.410572052, 0.240817725658, 41.8650245667, 2.06309175491, 9.23456954956], [-209.071655273, -17.5526943207, 265.186523438, 74.2422332764, -4.82007026672, -1.71382939816, -75.1375350952, 31.3120994568, -3.0296523571, -38.5797996521, -9.65093517303, 23.5863838196, 43.5927467346], [-19.5397491455, -51.5777816772, 74.2422332764, 189.400497437, 42.2994346619, -2.0050778389, -81.6904983521, 27.6495780945, 3.70338582993, -16.1081886292, -41.8654098511, 29.8888683319, 14.876493454], [-16.2598247528, -9.96281528473, -4.82007026672, 42.2994346619, 130.867645264, 9.52446079254, -25.2021121979, -8.19800376892, 25.1171703339, -3.38245487213, 4.28995370865, -11.2328948975, -9.88004589081], [13.6199102402, 0.960107505322, -1.71382939816, -2.0050778389, 9.52446079254, 112.121383667, 36.1604309082, -3.07599544525, 10.4495687485, -5.44530820847, 14.3220357895, -23.3595561981, -14.6517133713], [31.0373725891, 70.2728271484, -75.1375350952, -81.6904983521, -25.2021121979, 36.1604309082, 184.480102539, -1.71404099464, 13.8512840271, 13.8076562881, 23.055305481, -28.6878528595, 1.49945855141], [-73.09715271, 13.8418292999, 31.3120994568, 27.6495780945, -8.19800376892, -3.07599544525, -1.71404099464, 90.6171417236, 9.3987903595, -4.06554985046, -21.4042930603, 13.9430074692, 3.61207604408], [-3.2388420105, -16.410572052, -3.0296523571, 3.70338582993, 25.1171703339, 10.4495687485, 13.8512840271, 9.3987903595, 83.0418624878, -2.11363339424, 5.29284238815, -12.5692224503, 0.961474955082], [84.4317321777, 0.240817725658, -38.5797996521, -16.1081886292, -3.38245487213, -5.44530820847, 13.8076562881, -4.06554985046, -2.11363339424, 85.5365066528, 10.562836647, 9.78908920288, -20.0510234833], [-28.3407535553, 41.8650245667, -9.65093517303, -41.8654098511, 4.28995370865, 14.3220357895, 23.055305481, -21.4042930603, 5.29284238815, 10.562836647, 82.1279830933, -5.58770418167, 0.569550573826], [-44.9321594238, 2.06309175491, 23.5863838196, 29.8888683319, -11.2328948975, -23.3595561981, -28.6878528595, 13.9430074692, -12.5692224503, 9.78908920288, -5.58770418167, 90.1177444458, 28.5560340881], [-96.9212646484, 9.23456954956, 43.5927467346, 14.876493454, -9.88004589081, -14.6517133713, 1.49945855141, 3.61207604408, 0.961474955082, -20.0510234833, 0.569550573826, 28.5560340881, 95.7054977417]],
        "icov": [[0.000849657109939, 0.000988150830381, 0.000505363801494, -0.000188986159628, 0.000209564095712, 4.03564918088e-05, -0.000330150622176, 0.000340884434991, 0.000210791928112, -0.00047443958465, -2.92947461276e-05, 0.000150435836986, 0.000438184360974], [0.000988150830381, 0.00335639459081, 0.000558307627216, 4.30224599768e-06, -3.11866142511e-06, 0.000335474062013, -0.00120465143118, -0.000316607329296, 0.000973608810455, -0.000256167550106, -0.00113991601393, -3.13199052471e-05, 0.00045641354518], [0.000505363801494, 0.000558307627216, 0.00562740303576, -0.00132046977524, 0.000962320598774, -0.000685134669766, 0.00175025872886, -0.00130854174495, 0.000203932475415, 0.00112847331911, -0.00101117766462, 0.000298350467347, -0.00173225731123], [-0.000188986159628, 4.30224599768e-06, -0.00132046977524, 0.00884527061135, -0.00271998043172, -0.00140162429307, 0.00258624297567, -0.00147575954907, -0.000205486401683, 0.000156589507242, 0.00343267433345, -0.00189130881336, -0.00086668797303], [0.000209564095712, -3.11866142511e-06, 0.000962320598774, -0.00271998043172, 0.00965368561447, -0.000407926767366, 0.00113407184836, 0.00128530350048, -0.00276105548255, 6.91654786351e-05, -0.00136306509376, 0.00130766048096, 0.000725023914129], [4.03564918088e-05, 0.000335474062013, -0.000685134669766, -0.00140162429307, -0.000407926767366, 0.0107216062024, -0.00276322755963, 0.000208657947951, -0.000313069205731, 0.00101688236464, -0.00198656180874, 0.00158468948212, 0.00192831514869], [-0.000330150622176, -0.00120465143118, 0.00175025872886, 0.00258624297567, 0.00113407184836, -0.00276322755963, 0.00893987715244, -0.00138172041625, -0.00135956716258, -0.000834304839373, -9.41820107982e-05, 0.00171389710158, -0.00248316302896], [0.000340884434991, -0.000316607329296, -0.00130854174495, -0.00147575954907, 0.00128530350048, 0.000208657947951, -0.00138172041625, 0.0135768679902, -0.00225955387577, -0.000187593817827, 0.0032298003789, -0.00185262039304, 0.00139199907426], [0.000210791928112, 0.000973608810455, 0.000203932475415, -0.000205486401683, -0.00276105548255, -0.000313069205731, -0.00135956716258, -0.00225955387577, 0.013967496343, -6.32228402537e-05, -0.00128149916418, 0.00172734272201, -0.000829137512483], [-0.00047443958465, -0.000256167550106, 0.00112847331911, 0.000156589507242, 6.91654786351e-05, 0.00101688236464, -0.000834304839373, -0.000187593817827, -6.32228402537e-05, 0.0142251178622, -0.00188179290853, -0.00320738856681, 0.00313797686249], [-2.92947461276e-05, -0.00113991601393, -0.00101117766462, 0.00343267433345, -0.00136306509376, -0.00198656180874, -9.41820107982e-05, 0.0032298003789, -0.00128149916418, -0.00188179290853, 0.0159387756139, -0.000812014390249, -0.000791880360339], [0.000150435836986, -3.13199052471e-05, 0.000298350467347, -0.00189130881336, 0.00130766048096, 0.00158468948212, 0.00171389710158, -0.00185262039304, 0.00172734272201, -0.00320738856681, -0.000812014390249, 0.0150761706755, -0.00444870535284], [0.000438184360974, 0.00045641354518, -0.00173225731123, -0.00086668797303, 0.000725023914129, 0.00192831514869, -0.00248316302896, 0.00139199907426, -0.000829137512483, 0.00313797686249, -0.000791880360339, -0.00444870535284, 0.0141264479607]]
    },
    "spectral_contrast_coeffs": {
        "max": [-0.451324909925, -0.432021170855, -0.503349244595, -0.494184851646, -0.616663575172, -0.515136480331],
        "mean": [-0.71556186676, -0.708678781986, -0.7329018116, -0.772580206394, -0.779040515423, -0.685499548912],
        "min": [-0.961876928806, -0.936792552471, -0.916971921921, -0.902952849865, -0.874323010445, -0.789778053761],
        "stdev": [0.0590128973126, 0.0758357197046, 0.0619452632964, 0.0578927509487, 0.0416888557374, 0.0387318842113]
    },
    "spectral_contrast_valleys": {
        "max": [-5.47247457504, -5.07486248016, -5.62125253677, -5.81940603256, -5.44039344788, -8.75836849213],
        "mean": [-6.7152056694, -6.44677734375, -7.2891831398, -7.63228845596, -7.39436483383, -11.2013130188],
        "min": [-9.71159744263, -8.67632198334, -9.3593006134, -9.68431663513, -9.65378093719, -14.2330884933],
        "stdev": [0.490830481052, 0.472000449896, 0.492541581392, 0.511885821819, 0.550555765629, 0.770910859108]
    }
},
"rhythm": {
    "beats_count": 129,
    "beats_loudness": {
        "max": 0.0699621587992,
        "mean": 0.0276994910091,
        "min": 0.000840111926664,
        "stdev": 0.0142561728135
    },
    "bpm": 143.899688721,
    "bpm_histogram_first_peak_bpm": 144,
    "bpm_histogram_first_peak_weight": 0.318965494633,
    "bpm_histogram_second_peak_bpm": 129,
    "bpm_histogram_second_peak_spread": 0.375,
    "bpm_histogram_second_peak_weight": 0.0390625,
    "danceability": 1.05903959274,
    "onset_rate": 2.93968629837,
    "beats_loudness_band_ratio": {
        "max": [0.504604399204, 0.665391147137, 0.807167589664, 0.624188959599, 0.577725231647, 0.310677886009],
        "mean": [0.173418343067, 0.19207200408, 0.357945799828, 0.141601517797, 0.103089213371, 0.0662191584706],
        "min": [0.0113639989868, 0.0175527185202, 0.0427302755415, 0.0125015517697, 0.00518606044352, 0.00363315478899],
        "stdev": [0.111355014145, 0.126264199615, 0.180717721581, 0.114583075047, 0.119171887636, 0.0540591813624]
    },
