{
"metadata": {
    "version": {
        "essentia": "2.1-beta5",
        "essentia_git_sha": "Undefined",
        "extractor": "music 2.0"
    },
    "audio_properties": {
        "analysis": {
            "equal_loudness": 0,
            "length": 29.0017242432,
            "sample_rate": 44100,
            "start_time": 0,
            "downmix": "mix"
        },
        "bit_rate": 192000,
        "length": 213.681640625,
        "lossless": 0,
        "number_channels": 2,
        "replay_gain": 0.878156661987,
        "sample_rate": 48000,
        "codec": "mp3",
        "md5_encoded": "a00e8969094d9ef4279e0c19bba3932e"
    },
    "tags": {
        "file_name": "Ireland_Hold Me Now_Johnny Logan.mp3",
        "encoding": ["Lavf58.29.100"]
    }
},
"lowlevel": {
    "average_loudness": 0.145628318191,
    "barkbands_crest": {
        "max": 25.8469734192,
        "mean": 7.74852561951,
        "min": 2.7905330658,
        "stdev": 3.879352808
    },
    "barkbands_flatness_db": {
        "max": 0.43253877759,
        "mean": 0.124733656645,
        "min": 0.0325404442847,
        "stdev": 0.0723953619599
    },
    "barkbands_kurtosis": {
        "max": 256.284301758,
        "mean": 4.51140022278,
        "min": -1.92880046368,
        "stdev": 15.6860284805
    },
    "barkbands_skewness": {
        "max": 12.6904888153,
        "mean": -0.187572434545,
        "min": -2.27900767326,
        "stdev": 1.85777878761
    },
    "barkbands_spread": {
        "max": 76.6006240845,
        "mean": 21.9227294922,
        "min": 0.478052407503,
        "stdev": 11.041967392
    },
    "dissonance": {
        "max": 0.499994516373,
        "mean": 0.46897572279,
        "min": 0.191482111812,
        "stdev": 0.0498346313834
    },
    "dynamic_complexity": 7.45633077621,
    "erbbands_crest": {
        "max": 29.9728507996,
        "mean": 7.13002490997,
        "min": 2.35719227791,
        "stdev": 5.08900690079
    },
    "erbbands_flatness_db": {
        "max": 0.397936999798,
        "mean": 0.171894297004,
        "min": 0.0809240117669,
        "stdev": 0.077391795814
    },
    "erbbands_kurtosis": {
        "max": 53.4547462463,
        "mean": 1.21620249748,
        "min": -1.66421484947,
        "stdev": 4.86083364487
    },
    "erbbands_skewness": {
        "max": 6.43968009949,
        "mean": -0.0449030175805,
        "min": -2.06498646736,
        "stdev": 0.972565352917
    },
    "erbbands_spread": {
        "max": 126.33278656,
        "mean": 30.0285129547,
        "min": 2.13456225395,
        "stdev": 15.0364189148
    },
    "hfc": {
        "max": 395.768859863,
        "mean": 9.03689002991,
        "min": 1.02952824715e-16,
        "stdev": 20.2998352051
    },
    "loudness_ebu128": {
        "integrated": -25.7928676605,
        "loudness_range": 10.3271541595,
        "momentary": {
            "max": -19.5317344666,
            "mean": -135.213546753,
            "min": -300.691009521,
            "stdev": 131.299240112
        },
        "short_term": {
            "max": -23.6597499847,
            "mean": -117.876213074,
            "min": -300.691009521,
            "stdev": 126.961364746
        }
    },
    "melbands_crest": {
        "max": 32.2624282837,
        "mean": 7.44042110443,
        "min": 1.03945374489,
        "stdev": 6.2088804245
    },
    "melbands_flatness_db": {
        "max": 0.483002692461,
        "mean": 0.108378499746,
        "min": 9.19873218663e-06,
        "stdev": 0.10841665417
    },
    "melbands_kurtosis": {
        "max": 211.147705078,
        "mean": 4.03726768494,
        "min": -1.54844903946,
        "stdev": 16.3286323547
    },
    "melbands_skewness": {
        "max": 9.71010780334,
        "mean": 0.861242115498,
        "min": -1.22827982903,
        "stdev": 1.40760600567
    },
    "melbands_spread": {
        "max": 162.356536865,
        "mean": 69.1949081421,
        "min": 0.583925545216,
        "stdev": 53.3289794922
    },
    "pitch_salience": {
        "max": 0.991636157036,
        "mean": 0.705703735352,
        "min": 0.103616915643,
        "stdev": 0.132167086005
    },
    "silence_rate_20dB": {
        "max": 1,
        "mean": 1,
        "min": 1,
        "stdev": 0
    },
    "silence_rate_30dB": {
        "max": 1,
        "mean": 0.989600002766,
        "min": 0,
        "stdev": 0.101448133588
    },
    "silence_rate_60dB": {
        "max": 1,
        "mean": 0.586399972439,
        "min": 0,
        "stdev": 0.492481529713
    },
    "spectral_centroid": {
        "max": 11975,
        "mean": 5362.84521484,
        "min": 269.667602539,
        "stdev": 4623.66845703
    },
    "spectral_complexity": {
        "max": 55,
        "mean": 9.42800045013,
        "min": 0,
        "stdev": 12.3386926651
    },
    "spectral_decrease": {
        "max": 2.10810967636e-28,
        "mean": -2.20843254795e-09,
        "min": -7.70466925815e-08,
        "stdev": 5.25088017511e-09
    },
    "spectral_energy": {
        "max": 0.326688557863,
        "mean": 0.00915480870754,
        "min": 9.8869312015e-21,
        "stdev": 0.0214156545699
    },
    "spectral_energyband_high": {
        "max": 0.00376626732759,
        "mean": 0.000211825579754,
        "min": 6.84349058206e-21,
        "stdev": 0.000453246524557
    },
    "spectral_energyband_low": {
        "max": 0.0955486223102,
        "mean": 0.000707615108695,
        "min": 7.22032948066e-24,
        "stdev": 0.00330602400936
    },
    "spectral_energyband_middle_high": {
        "max": 0.220147058368,
        "mean": 0.00325651629828,
        "min": 1.11320304802e-21,
        "stdev": 0.00952858570963
    },
    "spectral_energyband_middle_low": {
        "max": 0.201692178845,
        "mean": 0.0051103788428,
        "min": 1.12963101957e-22,
        "stdev": 0.0148088270798
    },
    "spectral_entropy": {
        "max": 9.83082103729,
        "mean": 8.37442874908,
        "min": 4.86012792587,
        "stdev": 1.27235674858
    },
    "spectral_flux": {
        "max": 0.462936788797,
        "mean": 0.0339679978788,
        "min": 6.26570462181e-11,
        "stdev": 0.0481540709734
    },
    "spectral_kurtosis": {
        "max": 34.1149330139,
        "mean": 3.13091516495,
        "min": -1.29190373421,
        "stdev": 5.29299640656
    },
    "spectral_rms": {
        "max": 0.0178527459502,
        "mean": 0.00183705496602,
        "min": 3.10576672886e-12,
        "stdev": 0.00235727545805
    },
    "spectral_rolloff": {
        "max": 19810.546875,
        "mean": 8656.89257812,
        "min": 258.3984375,
        "stdev": 8242.609375
    },
    "spectral_skewness": {
        "max": 4.38254737854,
        "mean": 0.952745974064,
        "min": -0.0990222617984,
        "stdev": 0.970574676991
    },
    "spectral_spread": {
        "max": 43136320,
        "mean": 18092792,
        "min": 1703944.75,
        "stdev": 18221144
    },
    "spectral_strongpeak": {
        "max": 8.12647628784,
        "mean": 0.522787570953,
        "min": 0,
        "stdev": 0.944988071918
    },
    "zerocrossingrate": {
        "max": 0.841796875,
        "mean": 0.243625387549,
        "min": 0.0087890625,
        "stdev": 0.213606178761
    },
    "barkbands": {
        "max": [0.00310658221133, 0.0893127471209, 0.0120574031025, 0.00470123253763, 0.0611591823399, 0.159136295319, 0.0648837611079, 0.0631575286388, 0.0787383690476, 0.0690810009837, 0.0282317176461, 0.0189733523875, 0.00957947596908, 0.0185446906835, 0.0895185992122, 0.0272977035493, 0.0160827077925, 0.00550099927932, 0.00354968803003, 0.00245096371509, 0.00143028004095, 0.000902837724425, 0.000422133365646, 0.000131144959596, 6.08136215305e-05, 8.16023475636e-06, 3.74084902433e-06],
        "mean": [1.09970442281e-05, 0.000227250522585, 0.000392022950109, 0.000150250314618, 0.00122356181964, 0.000816023850348, 0.000917655590456, 0.000725524732843, 0.00116815813817, 0.000484820833663, 0.000274596823147, 0.000281163462205, 0.00041702776798, 0.000379117409466, 0.000474788655993, 0.000335688324412, 0.000334225391271, 0.000157985312399, 0.000138032395625, 0.000101116718724, 7.63646457926e-05, 4.38252245658e-05, 1.41701693792e-05, 7.19435138308e-06, 2.99092857858e-06, 2.57028716533e-07, 3.62881591442e-09],
        "min": [2.36627851118e-25, 7.2441323724e-25, 3.51419635994e-25, 3.88140494835e-25, 3.9425571992e-24, 3.58307525684e-24, 7.74883867702e-24, 3.2956573359e-24, 5.70862704494e-24, 1.05700348326e-23, 2.92592809038e-24, 1.82577596665e-23, 2.02283310522e-23, 2.22728660365e-23, 3.19580048262e-23, 4.25759463927e-23, 5.70206080343e-23, 6.79739353924e-23, 9.18051961471e-23, 1.550850305e-22, 1.75735831277e-22, 2.273956309e-22, 3.63244143076e-22, 5.6126617845e-22, 7.24719218241e-22, 1.17954925413e-21, 1.72583479991e-21],
        "stdev": [0.000140391814057, 0.00266750436276, 0.00135484477505, 0.000419230345869, 0.00438189459965, 0.00625007925555, 0.00423364248127, 0.00447392091155, 0.0057405657135, 0.00333080347627, 0.000981577904895, 0.000905241700821, 0.0010183560662, 0.00119252479635, 0.00281210127287, 0.0013496997999, 0.00106880371459, 0.000432094908319, 0.000305721507175, 0.000214330037124, 0.000165782650583, 0.00010844944336, 3.28575515596e-05, 1.7168764316e-05, 6.91816558174e-06, 5.13414420311e-07, 1.05784302207e-07]
    },
    "erbbands": {
        "max": [3.64954829216, 16.0435409546, 10.7162666321, 10.3495159149, 50.8341560364, 176.216842651, 1799.30834961, 526.512695312, 789.896606445, 856.200744629, 1698.56079102, 1875.46228027, 2169.65869141, 2327.29467773, 1885.81762695, 420.763702393, 483.982147217, 493.597167969, 1785.56994629, 4864.82714844, 1097.01171875, 969.98828125, 352.527557373, 240.25743103, 175.23500061, 69.8893356323, 112.665000916, 43.0052032471, 40.624584198, 16.1503200531, 12.678855896, 4.15329408646, 2.62979030609, 1.07832682133, 0.221635445952, 0.0462567433715, 0.0165272969753, 0.00466238381341, 0.000773399486206, 0.000442237767857],
        "mean": [0.00741590186954, 0.0544119141996, 0.360453724861, 0.54463416338, 1.52617919445, 4.86759471893, 8.29474639893, 5.00387477875, 9.70020866394, 16.8887424469, 15.2566823959, 28.4066696167, 16.9625301361, 15.9482221603, 13.7400827408, 10.9458742142, 18.6840648651, 19.1794586182, 23.489320755, 23.697763443, 18.0140800476, 17.7174034119, 10.5094900131, 7.08637905121, 6.42526626587, 4.42478227615, 4.62690448761, 2.3167090416, 1.84118044376, 0.652223467827, 0.382115870714, 0.172185182571, 0.112906776369, 0.048246704042, 0.0140944011509, 0.00250547588803, 0.000277031853329, 1.62005053426e-05, 6.41160295345e-06, 1.12838970381e-05],
        "min": [4.29382039422e-23, 2.35090571445e-22, 7.0401233892e-22, 3.02568935581e-21, 4.75087590138e-21, 2.37371432117e-20, 2.14476672193e-20, 3.500588932e-20, 5.24197537366e-20, 1.46585645703e-19, 1.84717120978e-19, 1.60096930151e-19, 4.6860557183e-19, 5.16825238458e-19, 5.42388479807e-19, 9.38417793378e-19, 1.05426495515e-18, 1.34105777931e-18, 2.45916453414e-18, 1.96894835182e-18, 3.04243998294e-18, 4.04359715103e-18, 4.24776848726e-18, 5.23668069396e-18, 5.69035782708e-18, 6.61703544602e-18, 7.74610058621e-18, 8.14278662949e-18, 9.76135492231e-18, 1.05534060014e-17, 1.03464131521e-17, 9.6103481384e-18, 8.58849222305e-18, 7.34488986498e-18, 5.72261828456e-18, 3.97771924628e-18, 2.28187491345e-18, 8.49279311304e-19, 2.27138445382e-19, 2.37500743711e-20],
        "stdev": [0.109880931675, 0.478910237551, 1.26031053066, 1.30785226822, 4.52617549896, 16.9706726074, 72.5395355225, 25.9336719513, 42.7387771606, 77.3545532227, 85.9777603149, 139.333572388, 87.4020614624, 107.058898926, 60.3238334656, 29.4546146393, 44.505859375, 49.4981880188, 91.0659942627, 156.951248169, 59.9296379089, 59.2910766602, 27.1991329193, 17.4948158264, 14.13098526, 9.07422733307, 10.5017986298, 5.00454711914, 4.78031349182, 1.43428850174, 0.917579293251, 0.388193339109, 0.29442563653, 0.123198471963, 0.0283097606152, 0.00458633806556, 0.000695573573466, 0.000133074761834, 2.42833048105e-05, 2.59216230916e-05]
    },
    "gfcc": {
        "mean": [-563.048278809, 56.8577079773, -101.950889587, 14.7184152603, -43.8820648193, 3.26804852486, -25.4817008972, 0.425378620625, -12.7210159302, -1.78655099869, -7.73758506775, -6.23326587677, -2.61884093285],
        "cov": [[332869.1875, 27355.6953125, -47926.3515625, 7367.44335938, -20187.8691406, 1621.06872559, -11335.8925781, 209.744400024, -5807.54052734, -938.634277344, -3423.79492188, -3020.61425781, -1124.01086426], [27355.6953125, 2946.18603516, -3552.45385742, 485.125244141, -1742.63049316, -103.726966858, -962.044250488, -72.1307830811, -515.141235352, -156.727279663, -228.491546631, -330.002716064, -128.183532715], [-47926.3515625, -3552.45385742, 7952.640625, -811.781799316, 2718.31835938, -306.385009766, 1537.59020996, -34.3262290955, 702.440795898, 103.083694458, 500.664489746, 401.060699463, 103.178627014], [7367.44335938, 485.125244141, -811.781799316, 640.324890137, -358.972412109, 182.318405151, -164.057693481, 36.7705688477, -180.308197021, 25.5259456635, -62.6261062622, -19.3492927551, -58.1623039246], [-20187.8691406, -1742.63049316, 2718.31835938, -358.972412109, 1435.83642578, 16.5668449402, 779.924621582, 7.62552452087, 376.621490479, 78.6381454468, 222.797943115, 211.177536011, 73.2047195435], [1621.06872559, -103.726966858, -306.385009766, 182.318405151, 16.5668449402, 281.790130615, 39.1920890808, 61.750164032, -61.5076255798, 43.7816047668, -33.8069419861, 33.1460800171, -20.2364463806], [-11335.8925781, -962.044250488, 1537.59020996, -164.057693481, 779.924621582, 39.1920890808, 590.210449219, 25.0993118286, 207.20614624, 38.7402648926, 165.544876099, 122.088493347, 35.6925048828], [209.744400024, -72.1307830811, -34.3262290955, 36.7705688477, 7.62552452087, 61.750164032, 25.0993118286, 76.0645141602, 8.6952123642, 23.2441539764, -7.06342411041, 15.4030704498, -2.59992527962], [-5807.54052734, -515.141235352, 702.440795898, -180.308197021, 376.621490479, -61.5076255798, 207.20614624, 8.6952123642, 179.780471802, 25.9753246307, 60.1297798157, 48.5236816406, 35.6680107117], [-938.634277344, -156.727279663, 103.083694458, 25.5259456635, 78.6381454468, 43.7816047668, 38.7402648926, 23.2441539764, 25.9753246307, 57.0448532104, 17.5376167297, 24.3796749115, 0.712138533592], [-3423.79492188, -228.491546631, 500.664489746, -62.6261062622, 222.797943115, -33.8069419861, 165.544876099, -7.06342411041, 60.1297798157, 17.5376167297, 92.702911377, 44.1121101379, 13.3601007462], [-3020.61425781, -330.002716064, 401.060699463, -19.3492927551, 211.177536011, 33.1460800171, 122.088493347, 15.4030704498, 48.5236816406, 24.3796749115, 44.1121101379, 76.2358703613, 24.4851341248], [-1124.01086426, -128.183532715, 103.178627014, -58.1623039246, 73.2047195435, -20.2364463806, 35.6925048828, -2.59992527962, 35.6680107117, 0.712138533592, 13.3601007462, 24.4851341248, 53.5063056946]],
        "icov": [[0.000361728656571, -0.000927606306504, 0.000984662910923, -0.000986687489785, 0.00130011455622, -0.000974147405941, 0.00099316786509, -0.00105076294858, 0.000126612678287, 0.000654837524053, -0.000656522926874, 0.000637597579043, -0.00067641120404], [-0.000927606306504, 0.00464568659663, -0.00213585537858, 0.00201561115682, -0.00260536535643, 0.00318456301466, -0.00162224692758, 0.00229964451864, 0.00148531142622, 0.000691461144015, -0.00192646321375, 0.00225882674567, 0.00236379425041], [0.000984662910923, -0.00213585537858, 0.00323818088509, -0.00272278254852, 0.00278154877014, -0.00142351561226, 0.00239629298449, -0.00315500912257, 0.00152152951341, 0.00182082597166, -0.00191512121819, 0.00164978811517, -0.00104700878728], [-0.000986687489785, 0.00201561115682, -0.00272278254852, 0.00553731853142, -0.00326318130828, 0.00191908504348, -0.00348274852149, 0.00292286463082, 0.00140098517295, -0.00404968950897, 0.00322769489139, -0.00391926290467, 0.0031341125723], [0.00130011455622, -0.00260536535643, 0.00278154877014, -0.00326318130828, 0.0108115179464, -0.00589018920437, 0.00101671705488, -0.000593598466367, -0.00445299362764, 0.00272484798916, -0.0030928500928, 0.000268359668553, -0.00198587519117], [-0.000974147405941, 0.00318456301466, -0.00142351561226, 0.00191908504348, -0.00589018920437, 0.0148770967498, -0.00728466827422, -0.000890343042556, 0.00927424244583, -0.00863411463797, 0.0113412737846, -0.00628411304206, 0.00447414908558], [0.00099316786509, -0.00162224692758, 0.00239629298449, -0.00348274852149, 0.00101671705488, -0.00728466827422, 0.0139889493585, -0.00578646967188, -0.00344594451599, 0.00964555609971, -0.0156578309834, 0.00684499042109, -0.00224241497926], [-0.00105076294858, 0.00229964451864, -0.00315500912257, 0.00292286463082, -0.000593598466367, -0.000890343042556, -0.00578646967188, 0.0230798982084, -0.00570719549432, -0.00717325182632, 0.00690394546837, -0.0068911164999, 0.00348331360146], [0.000126612678287, 0.00148531142622, 0.00152152951341, 0.00140098517295, -0.00445299362764, 0.00927424244583, -0.00344594451599, -0.00570719549432, 0.0253822337836, -0.00796668138355, 0.00473081739619, 0.00343439541757, -0.00313870655373], [0.000654837524053, 0.000691461144015, 0.00182082597166, -0.00404968950897, 0.00272484798916, -0.00863411463797, 0.00964555609971, -0.00717325182632, -0.00796668138355, 0.0352149270475, -0.0178646370769, 0.00435510650277, 0.00103286921512], [-0.000656522926874, -0.00192646321375, -0.00191512121819, 0.00322769489139, -0.0030928500928, 0.0113412737846, -0.0156578309834, 0.00690394546837, 0.00473081739619, -0.0178646370769, 0.0435917302966, -0.0197299066931, 0.00332424486987], [0.000637597579043, 0.00225882674567, 0.00164978811517, -0.00391926290467, 0.000268359668553, -0.00628411304206, 0.00684499042109, -0.0068911164999, 0.00343439541757, 0.00435510650277, -0.0197299066931, 0.043044295162, -0.0133995637298], [-0.00067641120404, 0.00236379425041, -0.00104700878728, 0.0031341125723, -0.00198587519117, 0.00447414908558, -0.00224241497926, 0.00348331360146, -0.00313870655373, 0.00103286921512, 0.00332424486987, -0.0133995637298, 0.0290232319385]]
    },
    "melbands": {
        "max": [0.0290047917515, 0.00801637582481, 0.00178387574852, 0.00749961333349, 0.0470698662102, 0.0139491474256, 0.0133351245895, 0.011567142792, 0.0120199276134, 0.0138158425689, 0.0114085990936, 0.00986859761178, 0.00472603319213, 0.00343323801644, 0.00087948347209, 0.0011441988172, 0.00109527120367, 0.00353539292701, 0.00912154372782, 0.00327326101251, 0.000781602051575, 0.00127579947002, 0.000428576837294, 0.000309853523504, 0.000217811058974, 0.000177241512574, 6.22064908384e-05, 5.80464366067e-05, 0.000113275891636, 4.60745868622e-05, 3.11691619572e-05, 3.23446402035e-05, 1.07691957965e-05, 8.49233583722e-06, 9.2258951554e-06, 4.13470661442e-06, 2.2036322207e-06, 1.82228382073e-06, 1.36927940275e-06, 9.61784280662e-07],
        "mean": [6.42352606519e-05, 0.000144010191434, 0.000114312693768, 0.000234481805819, 0.000274452293525, 0.000118723452033, 0.000165557139553, 0.000186407429283, 0.000120475939184, 0.000185088210856, 8.1803802459e-05, 6.55445837765e-05, 4.04775673815e-05, 3.53382456524e-05, 2.99223593174e-05, 4.42216914962e-05, 3.40733276971e-05, 3.70926172764e-05, 3.60411540896e-05, 2.6738307497e-05, 1.97615645448e-05, 1.96605469682e-05, 1.27727880681e-05, 7.38661128707e-06, 5.41079680261e-06, 5.13749455422e-06, 3.15558804687e-06, 3.02630746774e-06, 3.56538885171e-06, 1.59416174483e-06, 1.28350336581e-06, 1.25590315747e-06, 4.77920423236e-07, 3.08762594159e-07, 2.50411574143e-07, 1.25953647512e-07, 9.41443332181e-08, 8.14232095081e-08, 5.47407132956e-08, 3.85960525762e-08],
        "min": [4.11120308827e-25, 4.43155580409e-25, 9.04208738428e-25, 9.85435477864e-25, 6.85722272244e-25, 8.91896000204e-25, 8.35119117057e-25, 1.35397354341e-24, 1.24667830372e-24, 9.34134669906e-25, 1.97083861243e-24, 1.63650959864e-24, 9.5914737845e-25, 2.20992342014e-24, 2.07797755906e-24, 2.13027785378e-24, 2.28315988608e-24, 3.12189948026e-24, 2.27352099189e-24, 2.49476748517e-24, 3.11742091968e-24, 2.97674887648e-24, 3.09232587378e-24, 3.19120347458e-24, 3.07827921929e-24, 3.4904594367e-24, 3.85113374231e-24, 4.66889772224e-24, 4.44049606334e-24, 3.26143674705e-24, 4.46905637798e-24, 4.85162433473e-24, 4.97646946159e-24, 5.34120127327e-24, 5.31658052999e-24, 4.26446609107e-24, 5.29845763398e-24, 4.77000878547e-24, 5.73448196111e-24, 5.93645717412e-24],
        "stdev": [0.000864407222252, 0.000499781919643, 0.000257271720329, 0.000740532414056, 0.00200954987668, 0.000683446996845, 0.000749704078771, 0.000882720865775, 0.00063789304113, 0.000940013676882, 0.000449106912129, 0.000462420051917, 0.000157630231115, 0.000131145003252, 7.808169903e-05, 0.000111535788164, 9.24191190279e-05, 0.000147168539115, 0.000274710502708, 0.000135305235744, 6.25697430223e-05, 7.25791178411e-05, 3.25381406583e-05, 2.04949046747e-05, 1.46001957546e-05, 1.21157399917e-05, 6.49710273137e-06, 6.64310528009e-06, 8.66392747412e-06, 3.54466737917e-06, 2.94912615573e-06, 3.49998072124e-06, 1.09168649942e-06, 6.93906372362e-07, 6.3158103103e-07, 2.82331939161e-07, 2.2470939598e-07, 2.1151318208e-07, 1.42981477325e-07, 1.05169327469e-07]
    },
    "melbands128": {
        "max": [0.00309536373243, 0.0290554910898, 0.0461922138929, 0.018415376544, 0.00551203871146, 0.00594838429242, 0.00208408688195, 0.00314845331013, 0.00675922678784, 0.0127336410806, 0.0141078457236, 0.0285734422505, 0.0879487916827, 0.0502555668354, 0.0196840856224, 0.00789616256952, 0.00399625347927, 0.0240171533078, 0.0212331805378, 0.0141508523375, 0.0234492272139, 0.0230590254068, 0.016014451161, 0.0127805294469, 0.0213032253087, 0.0325288586318, 0.011268697679, 0.0164627209306, 0.017412321642, 0.0186168849468, 0.0133620370179, 0.00159294973128, 0.00155808485579, 0.0132335908711, 0.00510356761515, 0.00120939302724, 0.00101192202419, 0.000969058135524, 0.00156722578686, 0.00176119792741, 0.00231311144307, 0.00251682987437, 0.00160246132873, 0.00205449340865, 0.00330677209422, 0.00697775464505, 0.00136500713415, 0.0106615964323, 0.0146219255403, 0.00474172784016, 0.00311952270567, 0.00280706421472, 0.000807635253295, 0.000615192286205, 0.00166359753348, 0.00214033480734, 0.000608433096204, 0.000444915232947, 0.000619819504209, 0.000536752224434, 0.000537745945621, 0.000206552591408, 0.000366823893273, 0.000279786094325, 0.000181068477104, 0.000252485944657, 0.000250395969488, 0.000130044223624, 5.4580901633e-05, 5.5545802752e-05, 5.86833411944e-05, 0.000109449807496, 0.000320229766658, 7.17603033991e-05, 5.61343040317e-05, 7.17623115634e-05, 4.12406916439e-05, 2.30097230087e-05, 4.68368707516e-05, 3.35726472258e-05, 5.8635516325e-05, 4.63962787762e-05, 1.48630469994e-05, 1.1741218259e-05, 1.01503328551e-05, 8.61652733875e-06, 1.052216885e-05, 7.1925883276e-06, 1.43907373058e-05, 6.55114945403e-06, 5.53716381546e-06, 2.63763126895e-06, 3.34205128638e-06, 2.70116106549e-06, 2.98522309095e-06, 1.93836217477e-06, 1.95877123588e-06, 3.727600415e-06, 9.9808221421e-07, 1.54588690293e-06, 1.18045352338e-06, 2.05014589483e-06, 4.72614118507e-07, 2.80269887298e-07, 4.27393757718e-07, 2.04704448947e-07, 1.46305069393e-07, 7.73937927079e-08, 1.40395059134e-07, 4.21529904315e-08, 5.80083465707e-08, 5.98336029611e-08, 5.3684527046e-08, 4.90953659948e-08, 4.88151101763e-08, 3.8950616954e-08, 3.45681456793e-08, 2.90533073155e-08, 2.30735377471e-08, 1.83030088863e-08, 1.43743328351e-08, 1.1467337302e-08, 9.62777857438e-09, 9.03050612067e-09, 9.28962329283e-09, 9.91964732577e-09, 1.08209574634e-08, 1.15694493985e-08],
        "mean": [1.00334073068e-05, 5.7662200561e-05, 8.8759312348e-05, 7.46453733882e-05, 0.000161319738254, 0.000193521016627, 0.000107711552118, 7.32851185603e-05, 0.000129087318783, 0.000271250755759, 0.000284225097857, 0.000251748599112, 0.000338812329574, 0.000217947104829, 0.000101732744952, 7.23066623323e-05, 7.66637604102e-05, 0.0002110136993, 0.000242859503487, 0.000178994654561, 0.00017701118486, 0.000146807258716, 9.19602680369e-05, 0.000110417509859, 0.0001956664928, 0.000247606541961, 0.000108004525828, 5.54310245207e-05, 5.37012056157e-05, 8.67583003128e-05, 6.54329705867e-05, 3.21966945194e-05, 2.69796455541e-05, 6.39833015157e-05, 4.16127513745e-05, 2.54037622653e-05, 2.52997451753e-05, 2.43154026975e-05, 3.63924154954e-05, 4.66407072963e-05, 4.98043846164e-05, 3.44047039107e-05, 3.278400618e-05, 3.42255953001e-05, 3.52201204805e-05, 4.15912763856e-05, 3.42607891071e-05, 3.43418978446e-05, 4.11762630392e-05, 2.75712282019e-05, 2.62162066065e-05, 2.38391512539e-05, 1.91650415218e-05, 1.70056719071e-05, 2.2852436814e-05, 2.11259666685e-05, 1.46618485815e-05, 1.81694776984e-05, 9.42371843848e-06, 8.62404431246e-06, 7.93376420916e-06, 5.00721807839e-06, 7.5137636486e-06, 4.457671821e-06, 4.31784337707e-06, 5.04469471707e-06, 6.33202807876e-06, 3.95438701162e-06, 2.29892452808e-06, 2.03079025596e-06, 2.33741070588e-06, 3.88499984183e-06, 4.81976076117e-06, 3.42697717315e-06, 2.14353622141e-06, 2.00950080398e-06, 1.06918366782e-06, 1.07587834464e-06, 1.44297200677e-06, 1.24018231418e-06, 1.62456376529e-06, 1.1593264162e-06, 6.13573661212e-07, 4.13463453697e-07, 3.63039845297e-07, 3.11809174036e-07, 2.87185628167e-07, 2.97895184076e-07, 2.87863997528e-07, 1.90193631511e-07, 1.23790428574e-07, 1.13561554826e-07, 1.13556218651e-07, 9.08031125846e-08, 8.7743607935e-08, 7.76107214051e-08, 6.88268286808e-08, 1.13853459993e-07, 4.19808081631e-08, 3.8082941245e-08, 3.74586512919e-08, 5.01819599208e-08, 2.27697185551e-08, 1.73755534405e-08, 1.60406017358e-08, 1.09973434803e-08, 8.05642663693e-09, 4.59835325373e-09, 3.86735621305e-09, 1.95443261575e-09, 1.71762570833e-09, 1.0957592611e-09, 4.97804575339e-10, 1.740751987e-10, 1.12885582826e-10, 7.53155524058e-11, 3.55602040869e-11, 2.61278221281e-11, 2.12075565442e-11, 1.6996598573e-11, 1.36625884217e-11, 1.12396671831e-11, 9.75374468692e-12, 9.23528181013e-12, 9.35734909696e-12, 9.65391915714e-12, 1.03046069941e-11, 1.09438708096e-11],
        "min": [2.84314907298e-27, 1.05771628811e-25, 2.47023361519e-25, 1.9246374451e-25, 1.22671124813e-25, 1.23044453236e-25, 6.30916037594e-26, 8.68593172323e-26, 2.30421290731e-25, 3.34537273065e-25, 4.9656052692e-25, 1.48577797653e-25, 2.26036801819e-25, 4.05370720771e-25, 3.56657105411e-25, 5.50314790901e-26, 4.18050377923e-25, 1.64019170553e-25, 3.87271293377e-25, 7.18485982917e-25, 5.21273961359e-25, 1.86764877745e-25, 5.88581398033e-25, 5.03604660373e-25, 2.04547232359e-25, 2.75800021265e-25, 1.91612970349e-25, 4.70666266314e-25, 3.14491602558e-25, 2.36224644587e-25, 3.80940413441e-25, 2.74762669175e-25, 1.98632562833e-25, 1.0784035244e-24, 6.37141851118e-25, 5.2613664789e-25, 1.26212528493e-24, 8.75260501435e-25, 5.01339199765e-25, 3.79799276838e-25, 1.1430897242e-24, 9.81994367987e-25, 6.87500068902e-25, 6.55791706209e-25, 1.20667280063e-24, 7.41567707877e-25, 1.76111362989e-24, 1.46565830101e-24, 9.38058957086e-25, 6.68269020539e-25, 1.67752987268e-24, 1.017468161e-24, 2.06713762414e-24, 7.17780297533e-25, 1.31955149921e-24, 1.39618499741e-24, 2.06322171861e-24, 1.70471796378e-24, 1.46081913239e-24, 1.5691960976e-24, 1.59451192595e-24, 1.1566209567e-24, 1.72242394679e-24, 1.40901236877e-24, 1.42413226852e-24, 1.59496216831e-24, 1.99985370539e-24, 1.10103249251e-24, 1.46932837776e-24, 1.61539790588e-24, 2.93902318141e-24, 1.78256039132e-24, 2.74581339635e-24, 2.28396432698e-24, 1.93151488238e-24, 2.54672561147e-24, 2.34835332343e-24, 2.14774895347e-24, 1.75215059228e-24, 2.81428652292e-24, 2.36414375496e-24, 2.73031385729e-24, 2.39712780434e-24, 2.48274603383e-24, 2.59925566194e-24, 2.02625609102e-24, 3.24603127964e-24, 2.33236094352e-24, 3.09741560434e-24, 1.85971887646e-24, 2.38591079392e-24, 2.76766563229e-24, 3.52397695327e-24, 2.58895806889e-24, 3.11477133312e-24, 3.04282583805e-24, 2.58368157551e-24, 3.51296997706e-24, 3.000984064e-24, 2.97767835184e-24, 3.64265003241e-24, 4.33877915493e-24, 3.39164829743e-24, 3.15925066361e-24, 4.05409739803e-24, 3.81863582846e-24, 4.58235889207e-24, 4.55795508554e-24, 3.94369237004e-24, 4.21051037174e-24, 4.30930573379e-24, 3.58531956612e-24, 4.18063226495e-24, 4.66490293061e-24, 4.66013347758e-24, 4.29962049402e-24, 4.01969872383e-24, 4.37492042287e-24, 4.91779240974e-24, 4.44454607522e-24, 4.20314990506e-24, 5.22447234183e-24, 4.99497377184e-24, 4.62299351173e-24, 5.20602088526e-24, 4.03677440698e-24, 5.09409808889e-24, 5.80006470133e-24],
        "stdev": [0.000138538627652, 0.000900538580026, 0.00133878737688, 0.000572004821151, 0.000598561018705, 0.000642116589006, 0.00027340798988, 0.00022027050727, 0.000437001202954, 0.00102076854091, 0.00111868639942, 0.00160177238286, 0.00349282077514, 0.00204050005414, 0.000662991951685, 0.000419735792093, 0.000307709618937, 0.00119223876391, 0.00138156453613, 0.00104009010829, 0.00137221592013, 0.00121252343524, 0.00065908418037, 0.000710925611202, 0.00113852648064, 0.00171697011683, 0.000689377950039, 0.000492231512908, 0.000551937089767, 0.000765809440054, 0.000550269091036, 0.000109581553261, 8.38237756398e-05, 0.00039517384721, 0.000209411256947, 9.01203238755e-05, 7.14580091881e-05, 8.01601709099e-05, 0.000106030543975, 0.000126799015561, 0.000162034513778, 0.000140825010021, 0.000109103682917, 0.000104217840999, 0.000158275346621, 0.000241749105044, 0.000101410667412, 0.000315287179546, 0.000430709857028, 0.000168758109794, 0.000138901348691, 0.000105481085484, 6.50388828944e-05, 5.04928975715e-05, 9.36843571253e-05, 9.64075734373e-05, 5.00308415212e-05, 4.81243223476e-05, 3.09424031002e-05, 2.94320871035e-05, 2.73669938906e-05, 1.48639310282e-05, 2.6199122658e-05, 1.28790352392e-05, 1.22055434986e-05, 1.44298937812e-05, 1.65294022736e-05, 9.85659426078e-06, 5.49813330508e-06, 5.12260976393e-06, 5.37073765372e-06, 1.05391209217e-05, 1.48901644934e-05, 8.55241705722e-06, 5.1291458476e-06, 5.29705721419e-06, 2.56265320786e-06, 2.40322788159e-06, 3.86435067412e-06, 3.08189942189e-06, 5.19208015248e-06, 3.71125634047e-06, 1.56021962994e-06, 9.88633132692e-07, 9.05958529529e-07, 7.5146152767e-07, 7.10516246727e-07, 7.65492472965e-07, 8.34586160181e-07, 4.88595844672e-07, 3.25748089836e-07, 2.55499571722e-07, 2.90385401058e-07, 2.48045211038e-07, 2.19950948122e-07, 2.07405804531e-07, 1.83009220223e-07, 3.71059030613e-07, 1.09426515849e-07, 9.92889894746e-08, 1.01137914044e-07, 1.74124423324e-07, 4.92084417658e-08, 3.46634010384e-08, 3.66724677292e-08, 2.27271677034e-08, 1.62953206484e-08, 9.0317806567e-09, 9.5496330843e-09, 3.93647869856e-09, 4.41037117938e-09, 3.21592197317e-09, 1.99413996427e-09, 1.44141643066e-09, 1.39018752066e-09, 1.10674658327e-09, 9.77661951396e-10, 8.21564039022e-10, 6.52416010105e-10, 5.17494158636e-10, 4.0640682486e-10, 3.24224730397e-10, 2.7223809318e-10, 2.55400839366e-10, 2.62827620778e-10, 2.80772738392e-10, 3.06386499505e-10, 3.27642274423e-10]
    },
    "mfcc": {
        "mean": [-937.902709961, 69.1045608521, -22.2215881348, 6.28604841232, -7.10237646103, -0.830113589764, -6.14078998566, -3.30940699577, -2.36750173569, -1.14864635468, -1.8770929575, -0.72600209713, -4.13635587692],
        "cov": [[79853.0078125, 15047.3066406, -5808.91992188, 1700.19970703, -1818.0904541, 99.080406189, -1106.40405273, -484.356231689, -366.030914307, -139.696212769, -352.029693604, -85.425567627, -773.610412598], [15047.3066406, 3924.37548828, -798.346557617, 269.284851074, -400.760162354, -221.192703247, -354.327789307, -239.500793457, -224.851577759, -85.9252624512, -105.651473999, -66.4901733398, -264.969299316], [-5808.91992188, -798.346557617, 1442.87646484, 159.892578125, 176.920578003, -73.9993515015, 127.854759216, -15.6143741608, -71.5121688843, -39.4869117737, 26.3842258453, -36.1345024109, -19.1755332947], [1700.19970703, 269.284851074, 159.892578125, 333.581054688, 6.83466672897, 42.32472229, 35.0356826782, -4.25736045837, -29.0054912567, -22.9362430573, 2.44434309006, 22.9033432007, 11.2428445816], [-1818.0904541, -400.760162354, 176.920578003, 6.83466672897, 169.792510986, 47.0756874084, 32.1624069214, 13.0639877319, 24.9865856171, 4.20960617065, 6.31427240372, 0.771061658859, 24.5883998871], [99.080406189, -221.192703247, -73.9993515015, 42.32472229, 47.0756874084, 177.676086426, 116.432106018, 65.2357254028, 37.1103019714, 10.951461792, 17.6176052094, 27.0328044891, 45.5170593262], [-1106.40405273, -354.327789307, 127.854759216, 35.0356826782, 32.1624069214, 116.432106018, 197.039382935, 87.3123855591, 22.3067455292, 11.0931138992, 27.2070999146, 31.2572593689, 51.0383110046], [-484.356231689, -239.500793457, -15.6143741608, -4.25736045837, 13.0639877319, 65.2357254028, 87.3123855591, 93.0841522217, 39.3457145691, 10.9784488678, 17.8080692291, 17.9801082611, 35.3282394409], [-366.030914307, -224.851577759, -71.5121688843, -29.0054912567, 24.9865856171, 37.1103019714, 22.3067455292, 39.3457145691, 74.8505401611, 28.0062236786, 7.58561325073, 10.0446329117, 25.7625713348], [-139.696212769, -85.9252624512, -39.4869117737, -22.9362430573, 4.20960617065, 10.951461792, 11.0931138992, 10.9784488678, 28.0062236786, 46.1972732544, 15.9812040329, 0.685183227062, 6.17273235321], [-352.029693604, -105.651473999, 26.3842258453, 2.44434309006, 6.31427240372, 17.6176052094, 27.2070999146, 17.8080692291, 7.58561325073, 15.9812040329, 47.8227043152, 25.2781715393, 14.4890365601], [-85.425567627, -66.4901733398, -36.1345024109, 22.9033432007, 0.771061658859, 27.0328044891, 31.2572593689, 17.9801082611, 10.0446329117, 0.685183227062, 25.2781715393, 53.3927001953, 33.137260437], [-773.610412598, -264.969299316, -19.1755332947, 11.2428445816, 24.5883998871, 45.5170593262, 51.0383110046, 35.3282394409, 25.7625713348, 6.17273235321, 14.4890365601, 33.137260437, 68.7900390625]],
        "icov": [[0.000115877912322, -0.000363152183127, 0.000223406343139, -0.000433037639596, 0.000302546744933, -0.000464727170765, 0.000175933077116, -0.000132516724989, -0.000429117411841, -2.80510048469e-05, -7.62222916819e-05, 0.000200291106012, 0.000257078296272], [-0.000363152183127, 0.00186956243124, -0.000223557217396, 0.000546714349184, -0.000270570657449, 0.00162045250181, -0.000430332263932, 0.000725899299141, 0.00240446836688, 0.000164949306054, 0.000683973776177, -0.00109900650568, 0.00140663818456], [0.000223406343139, -0.000223557217396, 0.00220678816549, -0.00206442386843, -0.000739227922168, 0.00143877603114, -0.00202892627567, 0.00074670324102, 7.80405898695e-05, 0.00139479211066, -0.00178345479071, 0.00209067785181, 0.00225209724158], [-0.000433037639596, 0.000546714349184, -0.00206442386843, 0.00630735466257, -0.00113348464947, -0.000502660695929, 1.27435723698e-05, 0.000464874028694, 0.00172979780473, 0.000254268670687, 0.00111597671639, -0.00270209205337, -0.00348488520831], [0.000302546744933, -0.000270570657449, -0.000739227922168, -0.00113348464947, 0.0105755692348, -0.00517076300457, 0.00281535089016, 0.00130909169093, -0.00319406576455, 0.000283709872747, 0.000448927195976, 0.00101343879942, -0.000192457955563], [-0.000464727170765, 0.00162045250181, 0.00143877603114, -0.000502660695929, -0.00517076300457, 0.0160051975399, -0.00911651551723, 0.000426521874033, -0.000497533881571, 0.00238862540573, -0.00183101033326, 0.00109800021164, -0.000869807903655], [0.000175933077116, -0.000430332263932, -0.00202892627567, 1.27435723698e-05, 0.00281535089016, -0.00911651551723, 0.0168205834925, -0.0105792367831, 0.00464124558493, -0.00494806142524, 0.00250426726416, -0.00399390887469, -0.00216530030593], [-0.000132516724989, 0.000725899299141, 0.00074670324102, 0.000464874028694, 0.00130909169093, 0.000426521874033, -0.0105792367831, 0.0264643225819, -0.0105627672747, 0.00662344228476, -0.00606417609379, 0.00438694702461, -0.0025286427699], [-0.000429117411841, 0.00240446836688, 7.80405898695e-05, 0.00172979780473, -0.00319406576455, -0.000497533881571, 0.00464124558493, -0.0105627672747, 0.0308517534286, -0.0150661114603, 0.00737714814022, -0.00539785763249, -0.00152905611321], [-2.80510048469e-05, 0.000164949306054, 0.00139479211066, 0.000254268670687, 0.000283709872747, 0.00238862540573, -0.00494806142524, 0.00662344228476, -0.0150661114603, 0.0370400287211, -0.0168962739408, 0.0108714988455, -0.000104626720713], [-7.62222916819e-05, 0.000683973776177, -0.00178345479071, 0.00111597671639, 0.000448927195976, -0.00183101033326, 0.00250426726416, -0.00606417609379, 0.00737714814022, -0.0168962739408, 0.0388901010156, -0.0218224935234, 0.00447952374816], [0.000200291106012, -0.00109900650568, 0.00209067785181, -0.00270209205337, 0.00101343879942, 0.00109800021164, -0.00399390887469, 0.00438694702461, -0.00539785763249, 0.0108714988455, -0.0218224935234, 0.0414809137583, -0.0156744346023], [0.000257078296272, 0.00140663818456, 0.00225209724158, -0.00348488520831, -0.000192457955563, -0.000869807903655, -0.00216530030593, -0.0025286427699, -0.00152905611321, -0.000104626720713, 0.00447952374816, -0.0156744346023, 0.0347822271287]]
    },
    "spectral_contrast_coeffs": {
        "max": [-0.256328672171, -0.380594402552, -0.412891089916, -0.57707297802, -0.673830151558, -0.607845067978],
        "mean": [-0.797547578812, -0.84215348959, -0.851407885551, -0.865963935852, -0.862138986588, -0.829250991344],
        "min": [-0.980042219162, -0.982490777969, -0.979882419109, -0.97739726305, -0.977307796478, -0.966036915779],
        "stdev": [0.164921939373, 0.128441944718, 0.109644666314, 0.0913466289639, 0.0875746160746, 0.117472834885]
    },
    "spectral_contrast_valleys": {
        "max": [-5.60854196548, -4.97930574417, -5.06941556931, -5.21859407425, -5.64370441437, -9.6167755127],
        "mean": [-15.8655109406, -15.2608690262, -15.5557689667, -15.5263719559, -15.6650762558, -17.6701507568],
        "min": [-28.7489318848, -27.9351844788, -28.037979126, -27.8223781586, -27.559009552, -27.5124645233],
        "stdev": [9.2395067215, 9.70002651215, 9.52479743958, 9.50351238251, 9.41813755035, 7.78283166885]
    }
},
"rhythm": {
    "beats_count": 64,
    "beats_loudness": {
        "max": 0.276445657015,
        "mean": 0.0154147325084,
        "min": 0,
        "stdev": 0.0392361432314
    },
    "bpm": 145.077453613,
    "bpm_histogram_first_peak_bpm": 144,
    "bpm_histogram_first_peak_weight": 0.473684191704,
    "bpm_histogram_second_peak_bpm": 152,
    "bpm_histogram_second_peak_spread": 0,
    "bpm_histogram_second_peak_weight": 0.15873016417,
    "danceability": 0.887272238731,
    "onset_rate": 1.27527570724,
    "beats_loudness_band_ratio": {
        "max": [0.57232093811, 0.881504178047, 0.853697896004, 0.496056705713, 0.67484754324, 0.368676662445],
        "mean": [0.0836243480444, 0.0920941755176, 0.163986906409, 0.125236287713, 0.142787352204, 0.0377453565598],
        "min": [0, 0, 0, 0, 0, 0],
        "stdev": [0.136793494225, 0.165047958493, 0.223821148276, 0.133231565356, 0.2112198174, 0.0617968998849]
    },
    "beats_position": [0.417959183455, 0.847528338432, 1.26548755169, 1.68344664574, 2.10140585899, 2.51936507225, 2.97215414047, 3.41333317757, 3.85451245308, 4.29569149017, 4.74848079681, 5.20126962662, 5.65405893326, 6.11845779419, 6.58285713196, 7.04725599289, 7.5464849472, 8.04571437836, 8.54494285583, 9.05578231812, 9.55501079559, 10.0542402267, 10.5650787354, 11.0875282288, 11.6099767685, 12.0975961685, 12.5968255997, 13.084444046, 13.572063446, 14.0596818924, 14.5356912613, 15.0000905991, 15.4644899368, 15.9288883209, 16.3468475342, 16.7648067474, 17.1711559296, 17.5775051117, 17.995464325, 18.4134235382, 18.8313827515, 19.2493419647, 19.7021312714, 20.154920578, 20.6077098846, 21.0837192535, 21.548116684, 22.0125160217, 22.4188652039, 22.825214386, 23.2315635681, 23.6379127502, 24.0326519012, 24.4273910522, 24.8221302032, 25.2168693542, 25.6116104126, 26.0063495636, 26.4010887146, 26.7958278656, 27.1905670166, 27.5853061676, 27.9916553497, 28.3980045319],
