{
"metadata": {
    "version": {
        "essentia": "2.1-beta5",
        "essentia_git_sha": "Undefined",
        "extractor": "music 2.0"
    },
    "audio_properties": {
        "analysis": {
            "equal_loudness": 0,
            "length": 32.4963264465,
            "sample_rate": 44100,
            "start_time": 158.998641968,
            "downmix": "mix"
        },
        "bit_rate": 192000,
        "length": 224.502151489,
        "lossless": 0,
        "number_channels": 2,
        "replay_gain": -0.598703384399,
        "sample_rate": 48000,
        "codec": "mp3",
        "md5_encoded": "ad0b68b012c5bfbc3e054bfe14b899a8"
    },
    "tags": {
        "file_name": "Italy_Gente Di Mare_Umberto Tozzi and Raf.mp3",
        "encoding": ["Lavf58.29.100"]
    }
},
"lowlevel": {
    "average_loudness": 0.969542443752,
    "barkbands_crest": {
        "max": 22.4544868469,
        "mean": 9.02960395813,
        "min": 3.0333738327,
        "stdev": 3.79701948166
    },
    "barkbands_flatness_db": {
        "max": 0.239877805114,
        "mean": 0.137946486473,
        "min": 0.06289126724,
        "stdev": 0.0284640472382
    },
    "barkbands_kurtosis": {
        "max": 18.5108089447,
        "mean": 1.12903475761,
        "min": -1.85997474194,
        "stdev": 2.35478901863
    },
    "barkbands_skewness": {
        "max": 3.44573068619,
        "mean": 0.894042909145,
        "min": -0.955413639545,
        "stdev": 0.642308831215
    },
    "barkbands_spread": {
        "max": 70.2044830322,
        "mean": 19.8882293701,
        "min": 3.27064704895,
        "stdev": 9.16335964203
    },
    "dissonance": {
        "max": 0.499887019396,
        "mean": 0.458310633898,
        "min": 0.298915892839,
        "stdev": 0.027692919597
    },
    "dynamic_complexity": 1.80837321281,
    "erbbands_crest": {
        "max": 26.8028182983,
        "mean": 10.3254184723,
        "min": 2.53318738937,
        "stdev": 4.62108039856
    },
    "erbbands_flatness_db": {
        "max": 0.273207932711,
        "mean": 0.187560528517,
        "min": 0.0821862146258,
        "stdev": 0.0298116113991
    },
    "erbbands_kurtosis": {
        "max": 8.70909309387,
        "mean": 0.336793005466,
        "min": -1.65899789333,
        "stdev": 1.4170589447
    },
    "erbbands_skewness": {
        "max": 2.45469164848,
        "mean": 0.374243438244,
        "min": -2.35626220703,
        "stdev": 0.674592137337
    },
    "erbbands_spread": {
        "max": 94.2006835938,
        "mean": 29.3325881958,
        "min": 8.64105415344,
        "stdev": 12.1609764099
    },
    "hfc": {
        "max": 85.1392745972,
        "mean": 23.4052047729,
        "min": 1.44138562679,
        "stdev": 14.3844394684
    },
    "loudness_ebu128": {
        "integrated": -22.7834739685,
        "loudness_range": 2.27460479736,
        "momentary": {
            "max": -20.3400287628,
            "mean": -23.0507545471,
            "min": -27.6454811096,
            "stdev": 1.59031307697
        },
        "short_term": {
            "max": -21.4639625549,
            "mean": -22.8478012085,
            "min": -24.6264057159,
            "stdev": 0.798048317432
        }
    },
    "melbands_crest": {
        "max": 29.6736698151,
        "mean": 11.5831394196,
        "min": 3.52968788147,
        "stdev": 4.75516319275
    },
    "melbands_flatness_db": {
        "max": 0.311862111092,
        "mean": 0.170305967331,
        "min": 0.0790707841516,
        "stdev": 0.0405082441866
    },
    "melbands_kurtosis": {
        "max": 29.8767280579,
        "mean": 4.0254034996,
        "min": -1.39699399471,
        "stdev": 4.22248077393
    },
    "melbands_skewness": {
        "max": 4.72418689728,
        "mean": 1.49285054207,
        "min": -0.415549457073,
        "stdev": 0.750077426434
    },
    "melbands_spread": {
        "max": 84.865524292,
        "mean": 26.5574951172,
        "min": 4.2036857605,
        "stdev": 12.884513855
    },
    "pitch_salience": {
        "max": 0.808044195175,
        "mean": 0.569511473179,
        "min": 0.2550778687,
        "stdev": 0.0947829261422
    },
    "silence_rate_20dB": {
        "max": 1,
        "mean": 1,
        "min": 1,
        "stdev": 0
    },
    "silence_rate_30dB": {
        "max": 1,
        "mean": 1,
        "min": 1,
        "stdev": 0
    },
    "silence_rate_60dB": {
        "max": 0,
        "mean": 0,
        "min": 0,
        "stdev": 0
    },
    "spectral_centroid": {
        "max": 3270.62011719,
        "mean": 1355.55090332,
        "min": 456.312927246,
        "stdev": 448.800811768
    },
    "spectral_complexity": {
        "max": 52,
        "mean": 22.3062095642,
        "min": 1,
        "stdev": 7.017141819
    },
    "spectral_decrease": {
        "max": -2.40561265352e-10,
        "mean": -6.02500849212e-09,
        "min": -2.12546886758e-08,
        "stdev": 3.12077164111e-09
    },
    "spectral_energy": {
        "max": 0.0854923725128,
        "mean": 0.024862697348,
        "min": 0.00103866949212,
        "stdev": 0.0128330299631
    },
    "spectral_energyband_high": {
        "max": 0.012223482132,
        "mean": 0.000680694181938,
        "min": 5.84077906751e-06,
        "stdev": 0.000825710128993
    },
    "spectral_energyband_low": {
        "max": 0.0155741181225,
        "mean": 0.0025920518674,
        "min": 0.000107172418211,
        "stdev": 0.00250009726733
    },
    "spectral_energyband_middle_high": {
        "max": 0.0430432111025,
        "mean": 0.00789846852422,
        "min": 0.000250105920713,
        "stdev": 0.00606638938189
    },
    "spectral_energyband_middle_low": {
        "max": 0.073908701539,
        "mean": 0.0141719486564,
        "min": 0.000397315830924,
        "stdev": 0.00996392872185
    },
    "spectral_entropy": {
        "max": 8.35886287689,
        "mean": 7.49410009384,
        "min": 6.39135122299,
        "stdev": 0.277310401201
    },
    "spectral_flux": {
        "max": 0.220276087523,
        "mean": 0.074790880084,
        "min": 0.0259086918086,
        "stdev": 0.0273002497852
    },
    "spectral_kurtosis": {
        "max": 19.5980739594,
        "mean": 4.26026773453,
        "min": -0.687354803085,
        "stdev": 2.71452617645
    },
    "spectral_rms": {
        "max": 0.00913275405765,
        "mean": 0.00476597016677,
        "min": 0.00100664596539,
        "stdev": 0.00124169676565
    },
    "spectral_rolloff": {
        "max": 7407.421875,
        "mean": 1600.91967773,
        "min": 236.865234375,
        "stdev": 818.55847168
    },
    "spectral_skewness": {
        "max": 3.07782316208,
        "mean": 1.40545868874,
        "min": 0.156785130501,
        "stdev": 0.414457499981
    },
    "spectral_spread": {
        "max": 11895455,
        "mean": 3578599.75,
        "min": 2042483.875,
        "stdev": 882768.625
    },
    "spectral_strongpeak": {
        "max": 13.5434522629,
        "mean": 1.80673921108,
        "min": 0.0340259112418,
        "stdev": 1.69835793972
    },
    "zerocrossingrate": {
        "max": 0.177734375,
        "mean": 0.0589161328971,
        "min": 0.0185546875,
        "stdev": 0.0200230665505
    },
    "barkbands": {
        "max": [0.000357252138201, 0.0111518595368, 0.0107063632458, 0.00941806659102, 0.0214997157454, 0.0348340719938, 0.0634055137634, 0.0151032628492, 0.0525552257895, 0.0309933200479, 0.0153128551319, 0.0145489396527, 0.0317117385566, 0.0316103436053, 0.015411102213, 0.0168233551085, 0.00688798772171, 0.0172800179571, 0.00426141917706, 0.00301386066712, 0.00367609341629, 0.00408693123609, 0.00394792668521, 0.00250469450839, 0.000920529069845, 0.000126669168822, 1.94526776909e-07],
        "mean": [2.14079464058e-05, 0.00102456344757, 0.00119566172361, 0.000815241539385, 0.00233029597439, 0.00172178924549, 0.00511260004714, 0.0011142246658, 0.00282722758129, 0.000999539392069, 0.00118479854427, 0.000706281687599, 0.00107419502456, 0.00127836153843, 0.000827134237625, 0.000510489451699, 0.000465936813271, 0.00061924487818, 0.000214780578972, 0.000283522007521, 0.00017821205256, 0.000186503864825, 0.00011131996871, 3.89878550777e-05, 1.62018277479e-05, 4.17258706875e-06, 1.79412407153e-09],
        "min": [1.00858230212e-07, 2.07196058e-06, 7.21028345652e-06, 2.27315786105e-06, 1.54540612129e-05, 2.59978332906e-05, 3.12700212817e-05, 1.00236002254e-05, 1.17075587696e-05, 1.35054579005e-05, 3.53591917701e-06, 1.33745888888e-05, 8.26242921903e-06, 1.0349049262e-05, 7.30490319256e-06, 1.43746337926e-05, 5.42240877621e-06, 3.03278307001e-06, 3.18096635965e-06, 1.37644644838e-06, 1.52376162532e-06, 7.18278101886e-07, 2.54236880437e-07, 2.44247416958e-07, 1.13576390959e-07, 1.70803005517e-07, 1.17865647797e-10],
        "stdev": [2.55122704402e-05, 0.00145587173756, 0.00153475743718, 0.00102776137646, 0.00254539470188, 0.0022619147785, 0.00709225330502, 0.00164247036446, 0.00557035813108, 0.001642863499, 0.00174494564999, 0.00127504009288, 0.00263943476602, 0.00239578424953, 0.00151407823432, 0.00107752566691, 0.000651827198453, 0.00114677217789, 0.000286594295176, 0.000296555197565, 0.000258922111243, 0.000257228151895, 0.000225262730964, 0.000142635646625, 6.18537887931e-05, 9.90889930108e-06, 9.00690100281e-09]
    },
    "erbbands": {
        "max": [0.278370380402, 2.71889090538, 10.7743673325, 15.4357528687, 62.8497085571, 86.6935348511, 69.9944915771, 363.634979248, 904.639526367, 835.847961426, 356.485046387, 1424.07250977, 1092.10778809, 410.966949463, 396.155273438, 745.110534668, 1348.19140625, 1117.06994629, 1303.3026123, 717.676940918, 383.283508301, 372.45904541, 1200.85473633, 299.037231445, 103.108322144, 123.497840881, 143.140563965, 163.00491333, 133.895446777, 137.196166992, 118.457527161, 72.2996139526, 35.1429367065, 10.9691820145, 7.34079742432, 1.09782803059, 0.181639879942, 0.00669185537845, 0.000243200498517, 0.000103351405414],
        "mean": [0.0232442375273, 0.268540591002, 1.20630025864, 2.14335942268, 5.02508974075, 8.69224262238, 8.32941436768, 18.9490909576, 63.2971191406, 62.3819084167, 23.6932487488, 63.2409896851, 45.5892562866, 35.0373687744, 43.0896873474, 31.8105792999, 50.5760993958, 53.1271820068, 55.106212616, 41.2087211609, 25.2574977875, 27.6501579285, 38.8155136108, 14.9390583038, 11.7392482758, 12.7183389664, 9.70592689514, 6.18349409103, 6.94983625412, 5.18353748322, 2.74256062508, 1.11713433266, 0.522550225258, 0.20558257401, 0.107850909233, 0.0294295940548, 0.00556014431641, 0.000378749740776, 2.37316326093e-05, 3.11062176479e-05],
        "min": [0.000110513072286, 0.00158187490888, 0.0260037519038, 0.0381928905845, 0.0237233135849, 0.0467923358083, 0.29391053319, 0.658413529396, 0.441375076771, 0.321055918932, 0.559035241604, 0.781442463398, 0.752109289169, 0.640107631683, 0.267375737429, 0.948644757271, 0.630442798138, 0.515722453594, 0.454047054052, 0.69306409359, 0.780102968216, 0.352525144815, 0.197184041142, 0.145456150174, 0.143383339047, 0.0821607634425, 0.0450999550521, 0.0599277988076, 0.0261406283826, 0.0235167443752, 0.00845990143716, 0.00637589301914, 0.00312058581039, 0.00139661401045, 0.000885601039045, 0.000316289952025, 0.000280666165054, 5.80368214287e-05, 3.64099605576e-06, 4.12103236158e-06],
        "stdev": [0.0337108299136, 0.367475748062, 1.4975373745, 2.0575773716, 6.49093437195, 9.20389175415, 9.2265958786, 23.7518043518, 97.5607299805, 104.069854736, 32.6919708252, 131.918014526, 76.0388412476, 42.3482971191, 53.5973892212, 56.6516036987, 109.796539307, 92.6156768799, 87.2385635376, 73.6909408569, 37.0525741577, 36.3093528748, 72.0314025879, 20.0428562164, 12.7619018555, 13.2031335831, 12.4894628525, 9.62991046906, 9.57024669647, 7.78629398346, 6.40395021439, 3.95128560066, 1.95479166508, 0.747328400612, 0.433797746897, 0.0805713385344, 0.0129843577743, 0.000477517518448, 1.98671241378e-05, 1.6137766579e-05]
    },
    "gfcc": {
        "mean": [10.018445015, 110.978141785, -149.733322144, 29.9021854401, -68.8754348755, 5.80219316483, -35.4494400024, 1.12709236145, -16.6640281677, 2.1475019455, -14.5538301468, 0.137294411659, -12.5497570038],
        "cov": [[1317.3828125, -533.890563965, -153.792312622, 235.786254883, -147.49432373, 142.952651978, -137.970443726, 6.72810554504, -40.7737846375, -2.78780341148, -63.5302047729, -33.3467521667, -12.6464061737], [-533.890563965, 487.588226318, 67.1433029175, -187.625061035, 132.712097168, -80.8718795776, 132.041366577, -17.0415210724, 13.9653835297, 11.0207662582, 80.0088729858, -16.9824333191, -3.10035324097], [-153.792312622, 67.1433029175, 260.713470459, 16.8409194946, 12.5895051956, 17.4421329498, -33.0568656921, 19.7015991211, -27.8485679626, 3.89159846306, 3.13791513443, 30.6657733917, -2.61428022385], [235.786254883, -187.625061035, 16.8409194946, 285.105499268, 30.3897380829, 17.6107120514, -42.6797485352, -10.0184211731, 20.8640785217, -43.9558677673, -93.4337387085, 29.8260993958, -0.771183371544], [-147.49432373, 132.712097168, 12.5895051956, 30.3897380829, 155.659072876, 12.7382249832, 44.6955032349, -19.1672744751, -15.7027339935, -7.49099206924, -1.12167310715, 10.582652092, -9.73729324341], [142.952651978, -80.8718795776, 17.4421329498, 17.6107120514, 12.7382249832, 133.003967285, 18.1153907776, -6.90352249146, -45.0761070251, 8.12051868439, 13.9405088425, -4.98108911514, -14.0775375366], [-137.970443726, 132.041366577, -33.0568656921, -42.6797485352, 44.6955032349, 18.1153907776, 173.070739746, 11.2610969543, -1.25834465027, 0.0318546257913, 13.5254850388, -16.9104824066, -28.4400119781], [6.72810554504, -17.0415210724, 19.7015991211, -10.0184211731, -19.1672744751, -6.90352249146, 11.2610969543, 89.3752212524, 40.7230567932, 5.05292224884, 1.85385882854, 6.05980730057, 16.248626709], [-40.7737846375, 13.9653835297, -27.8485679626, 20.8640785217, -15.7027339935, -45.0761070251, -1.25834465027, 40.7230567932, 129.206680298, 21.3773956299, -13.1127109528, 10.5344696045, 17.8300094604], [-2.78780341148, 11.0207662582, 3.89159846306, -43.9558677673, -7.49099206924, 8.12051868439, 0.0318546257913, 5.05292224884, 21.3773956299, 84.5556106567, 59.9355506897, 12.0110588074, 6.01107931137], [-63.5302047729, 80.0088729858, 3.13791513443, -93.4337387085, -1.12167310715, 13.9405088425, 13.5254850388, 1.85385882854, -13.1127109528, 59.9355506897, 125.125068665, 17.6953163147, 7.56729698181], [-33.3467521667, -16.9824333191, 30.6657733917, 29.8260993958, 10.582652092, -4.98108911514, -16.9104824066, 6.05980730057, 10.5344696045, 12.0110588074, 17.6953163147, 72.9703521729, 24.2663612366], [-12.6464061737, -3.10035324097, -2.61428022385, -0.771183371544, -9.73729324341, -14.0775375366, -28.4400119781, 16.248626709, 17.8300094604, 6.01107931137, 7.56729698181, 24.2663612366, 57.16954422]],
        "icov": [[0.00192480883561, -0.000712226552423, 0.00205027568154, -0.00227814842947, 0.00228002946824, -0.00229234714061, 0.0018657714827, -0.00184084835928, 0.00170572800562, -0.00157684274018, 0.000594422454014, 0.000378212920623, 0.00112001551315], [-0.000712226552423, 0.0213473252952, -0.0119543643668, 0.0122029799968, -0.0179361980408, 0.0141221247613, -0.0135258911178, 0.0128441322595, -0.011132418178, 0.011300092563, -0.0124754458666, 0.0100274700671, -0.00965977460146], [0.00205027568154, -0.0119543643668, 0.0128070246428, -0.00831259507686, 0.010882852599, -0.00970833748579, 0.0100884586573, -0.010650223121, 0.00907021481544, -0.00808827485889, 0.00778857851401, -0.00734013738111, 0.00789373274893], [-0.00227814842947, 0.0122029799968, -0.00831259507686, 0.0148740727454, -0.0130423186347, 0.00795974954963, -0.00764507148415, 0.0093563310802, -0.00918878056109, 0.00850258208811, -0.00289048650302, 0.00138203171082, -0.00497767981142], [0.00228002946824, -0.0179361980408, 0.010882852599, -0.0130423186347, 0.0243693683296, -0.0134471626952, 0.00997236929834, -0.0100865066051, 0.0108877541497, -0.0100882519037, 0.0101146092638, -0.00891225319356, 0.00862965732813], [-0.00229234714061, 0.0141221247613, -0.00970833748579, 0.00795974954963, -0.0134471626952, 0.0207304731011, -0.0114092137665, 0.00865182932466, -0.00455281278118, 0.00624655280262, -0.0094195054844, 0.00711230095476, -0.00640713563189], [0.0018657714827, -0.0135258911178, 0.0100884586573, -0.00764507148415, 0.00997236929834, -0.0114092137665, 0.0176631379873, -0.011490015313, 0.00743050221354, -0.00719554442912, 0.00766433775425, -0.00597218098119, 0.0109386472031], [-0.00184084835928, 0.0128441322595, -0.010650223121, 0.0093563310802, -0.0100865066051, 0.00865182932466, -0.011490015313, 0.024289065972, -0.0131773957983, 0.00949377939105, -0.00820536911488, 0.00604263041168, -0.0106455264613], [0.00170572800562, -0.011132418178, 0.00907021481544, -0.00918878056109, 0.0108877541497, -0.00455281278118, 0.00743050221354, -0.0131773957983, 0.0198246464133, -0.0128904236481, 0.00965317897499, -0.00550927175209, 0.00447264360264], [-0.00157684274018, 0.011300092563, -0.00808827485889, 0.00850258208811, -0.0100882519037, 0.00624655280262, -0.00719554442912, 0.00949377939105, -0.0128904236481, 0.0278080869466, -0.0165921188891, 0.00421904539689, -0.00494733965024], [0.000594422454014, -0.0124754458666, 0.00778857851401, -0.00289048650302, 0.0101146092638, -0.0094195054844, 0.00766433775425, -0.00820536911488, 0.00965317897499, -0.0165921188891, 0.0245076008141, -0.010771212168, 0.00538221653551], [0.000378212920623, 0.0100274700671, -0.00734013738111, 0.00138203171082, -0.00891225319356, 0.00711230095476, -0.00597218098119, 0.00604263041168, -0.00550927175209, 0.00421904539689, -0.010771212168, 0.0254014525563, -0.0122261783108], [0.00112001551315, -0.00965977460146, 0.00789373274893, -0.00497767981142, 0.00862965732813, -0.00640713563189, 0.0109386472031, -0.0106455264613, 0.00447264360264, -0.00494733965024, 0.00538221653551, -0.0122261783108, 0.0294713564217]]
    },
    "melbands": {
        "max": [0.00300935702398, 0.00389729766175, 0.0032037536148, 0.00564539665356, 0.00305983284488, 0.00768998498097, 0.0142291150987, 0.00750580569729, 0.00356949144043, 0.00995330419391, 0.00557182449847, 0.00153145834338, 0.00202563335188, 0.00150019361172, 0.00264294887893, 0.0040620113723, 0.00253760744818, 0.0029613156803, 0.00160916044842, 0.00178683619015, 0.000395102833863, 0.000478440517327, 0.00111172557808, 0.00101760856342, 0.000295111734886, 0.00010515806207, 0.000105022169009, 8.24107846711e-05, 8.56416445458e-05, 0.000100238736195, 9.36106807785e-05, 6.55722396914e-05, 9.31365939323e-05, 7.14453417459e-05, 6.15593598923e-05, 8.10214551166e-05, 4.11625915149e-05, 2.85456790152e-05, 1.40754700624e-05, 9.44790008361e-06],
        "mean": [0.000253169768257, 0.000529162702151, 0.000454634660855, 0.000518110522535, 0.000315754528856, 0.000427261926234, 0.000975408882368, 0.000577978149522, 0.000190818158444, 0.000423425866757, 0.000224525399972, 0.000137859547976, 0.00017061548715, 7.58982423577e-05, 0.000103042315459, 0.00010408370872, 0.000102643964055, 9.75746879703e-05, 6.55734984321e-05, 4.34019530076e-05, 2.53251091635e-05, 2.60212000285e-05, 3.57055796485e-05, 3.01083946397e-05, 9.89746058622e-06, 8.04417595646e-06, 9.22641174839e-06, 8.2640144683e-06, 6.76209583617e-06, 4.01323359256e-06, 3.43214105669e-06, 4.21333470513e-06, 3.22637151839e-06, 2.75840170616e-06, 1.72908676177e-06, 9.64062792264e-07, 5.54970881694e-07, 3.86806107144e-07, 2.42025748776e-07, 1.5615118798e-07],
        "min": [6.36584672975e-07, 1.61890220625e-05, 6.8060517151e-06, 1.64936636793e-06, 8.11790050648e-06, 1.31621782202e-05, 7.40424638934e-06, 1.36964035846e-06, 4.56146699435e-06, 1.58114141868e-06, 1.70549321865e-06, 2.44430589191e-06, 4.88847661018e-07, 7.73936505993e-07, 1.19579112834e-06, 7.90510455317e-07, 8.30588021472e-07, 7.27508393084e-07, 5.35637923349e-07, 8.38946391468e-07, 3.72129420612e-07, 3.53933643282e-07, 1.8220579534e-07, 1.09802080317e-07, 9.0589885815e-08, 1.29443762376e-07, 5.05295929543e-08, 5.24348848785e-08, 2.02004741823e-08, 2.88987909158e-08, 2.43959235036e-08, 1.15041025595e-08, 1.40956837313e-08, 9.05124064587e-09, 4.60522064927e-09, 3.165264717e-09, 3.47504558462e-09, 1.8362001919e-09, 1.15823883817e-09, 6.9684275017e-10],
        "stdev": [0.000374025839847, 0.000574739649892, 0.000418655428803, 0.000595957564656, 0.000330184877384, 0.000505513686221, 0.00147979322355, 0.000966577965301, 0.000298214959912, 0.000935903866775, 0.000388345302781, 0.00017690860841, 0.000244648254011, 0.000134935107781, 0.000175069377292, 0.000316377962008, 0.000187035722774, 0.000187631972949, 0.000135995753226, 0.000107509273221, 3.45386179106e-05, 3.98058036808e-05, 6.23740852461e-05, 5.66998423892e-05, 1.54754725372e-05, 9.47977514443e-06, 1.11625076897e-05, 9.06512377696e-06, 8.42978897708e-06, 6.87644114805e-06, 5.36349352842e-06, 5.88841430726e-06, 5.08243965669e-06, 4.3179070417e-06, 3.91679532186e-06, 3.2956047562e-06, 2.14488477468e-06, 1.53218763899e-06, 8.464381267e-07, 5.97875441599e-07]
    },
    "melbands128": {
        "max": [0.000233213533647, 0.00172746076714, 0.00568316504359, 0.00487267691642, 0.00604306114838, 0.0057729575783, 0.00332870753482, 0.00568161858246, 0.00754851195961, 0.00997456442565, 0.00614829128608, 0.00601592333987, 0.00283135077916, 0.00540959788486, 0.00673204753548, 0.0148398913443, 0.00855996645987, 0.0269202962518, 0.0119560528547, 0.0154228983447, 0.00397361954674, 0.00531888892874, 0.00596301909536, 0.0082525331527, 0.00805434025824, 0.0198282599449, 0.0100893322378, 0.0086644012481, 0.00596136413515, 0.00240074959584, 0.00299609173089, 0.00400324072689, 0.00335119385272, 0.00119256204925, 0.00278854719363, 0.00238790712319, 0.00357965007424, 0.00343846692704, 0.00455727195367, 0.00655313069001, 0.00954173412174, 0.00444652419537, 0.00383595423773, 0.00315354368649, 0.00796390511096, 0.0017845564289, 0.00152317911852, 0.00388998375274, 0.00298339943402, 0.00236158072948, 0.00402156356722, 0.00112354068551, 0.000488888414111, 0.000658276258036, 0.000939955876675, 0.00105385761708, 0.000595434044953, 0.000874030578416, 0.00271136104129, 0.00270416634157, 0.00110110070091, 0.000322205887642, 0.000400704331696, 0.000445958168712, 0.000379479606636, 0.000144984718645, 0.000157884438522, 0.000160801995662, 0.000215129519347, 0.000203071758733, 0.000107939980808, 0.000136285816552, 0.000112541703857, 9.39600067795e-05, 0.00021867583564, 0.000116284754768, 0.000118501717225, 0.000219711844693, 0.000103935257357, 0.000105440885818, 0.000109781256469, 6.06685644016e-05, 7.38276503398e-05, 0.00012491607049, 7.29270977899e-05, 7.07149301888e-05, 7.09195446689e-05, 7.58543174015e-05, 6.4634870796e-05, 8.18248736323e-05, 0.000101272926258, 8.39833883219e-05, 4.60941118945e-05, 5.24760835106e-05, 3.48517241946e-05, 5.1775637985e-05, 3.39339094353e-05, 2.85018941213e-05, 1.41527561937e-05, 1.30842172439e-05, 6.64465005684e-06, 1.14182803372e-05, 1.55937104864e-05, 1.42421195051e-05, 1.32209806907e-05, 7.09775667929e-06, 3.87862382922e-06, 3.90961940866e-06, 1.95845177586e-06, 1.22528399515e-06, 8.22530353162e-07, 1.25800158912e-06, 6.20503442406e-07, 3.05553953694e-07, 9.98788749484e-08, 9.41326572246e-09, 2.03476413496e-09, 9.24461063256e-10, 8.95081508911e-10, 8.65167548714e-10, 8.387983641e-10, 8.15302547696e-10, 8.00019328562e-10, 7.82252596032e-10, 7.68612617996e-10, 7.55966345078e-10, 7.49032280645e-10, 7.44740213943e-10],
        "mean": [1.64410848811e-05, 0.000137576105772, 0.000377146032406, 0.000430789368693, 0.000590160081629, 0.000572064018343, 0.000402750243666, 0.000437817012426, 0.000478902104078, 0.000604963337537, 0.00048878940288, 0.000358956109267, 0.000234238250414, 0.000301788852084, 0.000373453047359, 0.000431096472312, 0.000877918908373, 0.00127203564625, 0.000768011668697, 0.000899663253222, 0.000295465491945, 0.000146032587509, 0.000130306565552, 0.000292163575068, 0.000413451431086, 0.000547295319848, 0.000327035086229, 0.000143260971527, 0.000192356485059, 0.000124262587633, 0.000100996388937, 0.000185049240827, 0.000259070802713, 7.47837984818e-05, 7.5463365647e-05, 8.13678780105e-05, 6.68822613079e-05, 0.000104223123344, 0.000126481201733, 0.000117450632388, 9.79469405138e-05, 8.62440210767e-05, 8.61531079863e-05, 9.85513470368e-05, 0.000179179056431, 6.38925339445e-05, 5.7421028032e-05, 8.48462732392e-05, 5.44405884284e-05, 5.4873929912e-05, 4.27849008702e-05, 3.11755356961e-05, 3.21631232509e-05, 1.92269453692e-05, 1.71132705873e-05, 2.93735156447e-05, 2.79666128336e-05, 3.5393066355e-05, 3.62158643838e-05, 4.37446215074e-05, 3.49644942617e-05, 1.60541858349e-05, 9.90309217741e-06, 8.31696888781e-06, 9.48386150412e-06, 7.3823416642e-06, 7.42277734389e-06, 9.47573425947e-06, 9.43757095229e-06, 9.309561392e-06, 7.68608333601e-06, 8.31130000734e-06, 8.28703832667e-06, 5.82011944061e-06, 6.32227693131e-06, 3.78250319955e-06, 3.25781684296e-06, 3.3663116028e-06, 3.28420310325e-06, 3.54314761353e-06, 4.72446436106e-06, 4.39369614469e-06, 3.30913394464e-06, 3.16710429615e-06, 3.12291035698e-06, 2.74413787338e-06, 3.01362456412e-06, 2.09063068723e-06, 1.71539784333e-06, 1.34190827339e-06, 1.13668124868e-06, 8.27003418635e-07, 7.42609245208e-07, 5.60290288831e-07, 4.28823767606e-07, 4.18096021804e-07, 3.82442692626e-07, 3.41221692679e-07, 2.72695984904e-07, 1.92695239321e-07, 9.12612065918e-08, 1.68707586568e-07, 1.98561622256e-07, 1.69500665947e-07, 1.26210139229e-07, 8.41679863584e-08, 6.69891875305e-08, 5.93162390317e-08, 4.70947298936e-08, 4.12909990644e-08, 2.96345135098e-08, 2.0799394207e-08, 1.19567742374e-08, 1.09266853343e-08, 1.23575514266e-08, 1.93194973908e-10, 2.13103805435e-11, 6.88647012678e-12, 6.72998592618e-12, 6.55528973117e-12, 6.38976545286e-12, 6.25720048691e-12, 6.15990982181e-12, 6.03134642924e-12, 5.76558592535e-12, 5.32329562375e-12, 5.09047274819e-12, 5.03552538209e-12],
        "min": [4.64415306212e-09, 2.01632232688e-07, 6.07522679275e-07, 8.8766449835e-07, 1.84061093478e-06, 2.29802481044e-06, 9.20780223623e-07, 1.45637307014e-06, 2.05385549634e-06, 5.06420860802e-07, 5.80927064675e-07, 1.76471939994e-06, 1.78551363206e-06, 2.55257600656e-06, 5.04452998484e-07, 9.26805114432e-07, 1.53841267547e-06, 1.99044598048e-06, 1.25000519802e-06, 1.81242000963e-06, 5.70801603317e-07, 4.0705967308e-07, 4.65554620632e-07, 8.04318688097e-07, 6.88720206199e-07, 1.46720452676e-07, 2.10847176163e-07, 4.43185200538e-07, 3.29985141434e-07, 3.82374309993e-07, 4.93917241329e-07, 4.22992599169e-07, 5.16671491368e-07, 3.64900643035e-07, 1.1598956462e-07, 2.29050641565e-07, 3.65738458186e-07, 2.97031476748e-07, 3.68107379245e-07, 7.83850993002e-08, 1.05403167083e-07, 1.98588239186e-07, 3.64933697483e-07, 2.63237410536e-07, 2.550752356e-07, 3.43938353353e-07, 8.94495570947e-08, 2.44560453666e-07, 2.78604204595e-07, 2.66912053348e-07, 1.48917720821e-07, 2.17114873635e-07, 4.30269295748e-08, 8.60059472529e-08, 8.74216681268e-08, 2.38124883367e-07, 8.43716492227e-08, 5.27502770353e-08, 1.45361113368e-07, 6.68021442607e-08, 4.21852135446e-08, 9.85892469885e-08, 5.1424471792e-08, 7.64058327718e-08, 5.93525015802e-08, 1.49305236619e-07, 5.7584628621e-08, 2.97379703085e-08, 3.12434629279e-08, 3.69735460026e-08, 2.75214873113e-08, 2.36148220978e-08, 1.75168022309e-08, 1.42604825726e-08, 1.54486414772e-08, 1.22098064992e-08, 1.12696634247e-08, 2.81768919308e-09, 4.05698230566e-09, 8.50276471454e-09, 5.05943953399e-09, 6.16506978801e-09, 1.0741152856e-08, 3.67387498201e-09, 5.18709608599e-09, 6.54448140125e-09, 1.72503711315e-09, 3.54284668269e-09, 4.0962975234e-09, 2.37176078777e-09, 5.14406572893e-10, 1.69612424106e-09, 2.82154188902e-09, 2.83786553285e-11, 1.54082746562e-10, 5.95075433374e-10, 5.59195268215e-12, 3.24616056258e-10, 1.84395554381e-10, 4.33157051893e-11, 1.33736480223e-10, 1.00634334199e-10, 9.09751995959e-11, 3.47776751841e-10, 4.03081804046e-11, 5.2821705343e-11, 1.99221559388e-11, 2.47795759606e-11, 4.03316026409e-11, 9.89157297737e-11, 1.60746797817e-11, 1.29624583636e-11, 1.79405817459e-12, 9.66395630186e-10, 6.54499024422e-11, 1.56709486967e-12, 4.53169836725e-13, 5.13229920802e-13, 4.88368297625e-13, 3.58243762346e-13, 3.59769912429e-13, 4.17231407843e-13, 3.89748048288e-13, 3.71581834312e-13, 3.074710625e-13, 1.13558624038e-13, 1.88541792178e-14, 5.04835024695e-16],
        "stdev": [2.0913868866e-05, 0.000189697966562, 0.000672973052133, 0.000616631121375, 0.000779706751928, 0.000719413626939, 0.00042985053733, 0.00057324412046, 0.000743014388718, 0.000970823282842, 0.000575736921746, 0.000495354935993, 0.000341726728948, 0.000445965211838, 0.000593248172663, 0.000817182706669, 0.00129348796327, 0.00272673810832, 0.00134384213015, 0.00198980025016, 0.000445295649115, 0.000345075270161, 0.000346061569871, 0.000598567014094, 0.000869159179274, 0.00186105817556, 0.000908282177988, 0.000356732052751, 0.000407891522627, 0.000211009319173, 0.00020468866569, 0.000354691321263, 0.000444106437499, 0.000126464612549, 0.00015875097597, 0.000212000813917, 0.000219939771341, 0.000250123848673, 0.000289855583105, 0.000368538982002, 0.000585387926549, 0.000283950910671, 0.000250544340815, 0.000227104348596, 0.000524009170476, 0.000148053251905, 0.000119740514492, 0.000274329446256, 0.000157127957209, 0.000135459718877, 0.00020254739502, 8.52539160405e-05, 5.23920462001e-05, 3.73704533558e-05, 4.31464286521e-05, 7.27228252799e-05, 5.2289924497e-05, 7.64167343732e-05, 0.000124020734802, 0.000119937314594, 7.89480254753e-05, 2.83420686173e-05, 1.95272696146e-05, 2.2698104658e-05, 1.69189625012e-05, 1.10267656055e-05, 1.15890261441e-05, 1.41398832056e-05, 1.57437862072e-05, 1.37207061925e-05, 1.07684418253e-05, 1.29766440295e-05, 1.30313692353e-05, 8.76091417013e-06, 1.40515812745e-05, 7.89837395132e-06, 7.76047545514e-06, 9.41535927268e-06, 5.77258333578e-06, 6.05306695434e-06, 7.88746547187e-06, 6.99689007888e-06, 5.84649342272e-06, 6.26775863566e-06, 5.1180313676e-06, 4.51070764029e-06, 5.71795180804e-06, 4.55577355751e-06, 4.03496460422e-06, 4.0055097088e-06, 4.10174743593e-06, 3.08122844217e-06, 2.97871747534e-06, 2.47568459599e-06, 1.55972907123e-06, 1.92143443201e-06, 1.66813424585e-06, 1.28383123865e-06, 9.51914501002e-07, 7.41664678117e-07, 3.68778358961e-07, 6.23266544153e-07, 8.83665563833e-07, 8.01858334398e-07, 5.72345186356e-07, 3.23990633433e-07, 2.40207270963e-07, 1.79504922926e-07, 1.27090061142e-07, 1.04007803259e-07, 7.43545029991e-08, 6.61510668465e-08, 3.58411043067e-08, 1.87058120105e-08, 7.89696397163e-09, 5.27214882862e-10, 1.12552536735e-10, 4.02709220138e-11, 3.94007222682e-11, 3.8159433946e-11, 3.73147623911e-11, 3.64109749296e-11, 3.56851007077e-11, 3.49892267937e-11, 3.45407799585e-11, 3.38296370084e-11, 3.3514687553e-11, 3.33275976261e-11]
    },
    "mfcc": {
        "mean": [-620.372375488, 132.68661499, -22.4629154205, 21.9971923828, -13.9709224701, 5.91501235962, -13.3996534348, 2.38932919502, -6.35959815979, 1.81732094288, -0.070768430829, -0.990283370018, -0.0566660575569],
        "cov": [[1601.40393066, -770.234741211, -25.5043087006, 0.187405541539, 10.9141893387, 62.6728973389, -63.8303451538, -12.1785697937, -4.90542888641, -1.00573933125, 13.1236820221, -51.201915741, -99.2764434814], [-770.234741211, 700.963256836, -66.7366256714, -67.5872344971, -46.0109291077, -44.6700363159, 116.401893616, -23.3896980286, -40.6265640259, 36.2453804016, 26.0637168884, 45.4254646301, 45.522102356], [-25.5043087006, -66.7366256714, 240.43939209, -12.0707893372, 49.7461929321, -17.1837730408, -10.3741044998, -4.69661951065, -3.09291863441, -21.510515213, -19.5665092468, 1.7642570734, 18.9253845215], [0.187405541539, -67.5872344971, -12.0707893372, 213.878097534, 39.2463989258, 41.2407684326, -59.358505249, 49.4473152161, 56.0760116577, -26.7052001953, -15.1181602478, -22.3391094208, -4.14998722076], [10.9141893387, -46.0109291077, 49.7461929321, 39.2463989258, 144.80947876, 11.7222557068, -22.5671806335, -3.01056885719, 7.91708087921, -29.1750640869, -25.4968242645, -10.5389137268, 15.6874599457], [62.6728973389, -44.6700363159, -17.1837730408, 41.2407684326, 11.7222557068, 141.102157593, 45.0819816589, 22.567697525, -8.75485134125, -15.4149551392, 15.8899650574, -9.02400493622, -23.1097545624], [-63.8303451538, 116.401893616, -10.3741044998, -59.358505249, -22.5671806335, 45.0819816589, 184.008590698, 2.9600725174, -58.7331237793, 6.16216087341, 19.5088272095, 11.6122646332, -22.8056926727], [-12.1785697937, -23.3896980286, -4.69661951065, 49.4473152161, -3.01056885719, 22.567697525, 2.9600725174, 91.2295074463, 37.9939346313, 4.01600217819, 0.0784695595503, -17.694858551, -13.521074295], [-4.90542888641, -40.6265640259, -3.09291863441, 56.0760116577, 7.91708087921, -8.75485134125, -58.7331237793, 37.9939346313, 96.1905593872, 14.5805397034, -9.1688451767, -10.5227079391, 2.27143907547], [-1.00573933125, 36.2453804016, -21.510515213, -26.7052001953, -29.1750640869, -15.4149551392, 6.16216087341, 4.01600217819, 14.5805397034, 83.712890625, 20.980802536, -3.88662743568, -14.8683719635], [13.1236820221, 26.0637168884, -19.5665092468, -15.1181602478, -25.4968242645, 15.8899650574, 19.5088272095, 0.0784695595503, -9.1688451767, 20.980802536, 69.4039154053, 16.3604850769, -6.18638944626], [-51.201915741, 45.4254646301, 1.7642570734, -22.3391094208, -10.5389137268, -9.02400493622, 11.6122646332, -17.694858551, -10.5227079391, -3.88662743568, 16.3604850769, 85.1439590454, 43.1995735168], [-99.2764434814, 45.522102356, 18.9253845215, -4.14998722076, 15.6874599457, -23.1097545624, -22.8056926727, -13.521074295, 2.27143907547, -14.8683719635, -6.18638944626, 43.1995735168, 99.2212753296]],
        "icov": [[0.00158913293853, 0.00193077523727, 0.000617903715465, 0.000253691920079, -8.90804512892e-05, 5.11888465553e-05, -0.000333922391292, 0.000538159743883, 0.000369211978978, -0.000443517608801, -0.00051733548753, -5.24513916389e-06, 0.000514647399541], [0.00193077523727, 0.00426057493314, 0.0012719691731, 0.00011370160064, 1.79019752977e-05, 0.000995671958663, -0.00194348674268, 0.000911852461286, 0.000508051365614, -0.0011411071755, -0.000874712248333, -8.6558793555e-05, -0.000553584308363], [0.000617903715465, 0.0012719691731, 0.00506982253864, 0.000715552130714, -0.0015498411376, 0.000793617917225, -0.000477763824165, -0.000155818517669, 0.000248334457865, 0.000441229320131, 0.00023538833193, -3.28102287313e-05, -0.000514179468155], [0.000253691920079, 0.00011370160064, 0.000715552130714, 0.00751455966383, -0.0012351423502, -0.00219123228453, 0.00206444156356, -0.00248230667785, -0.00242215581238, 0.00213371077552, 0.000189629630768, 0.000422995537519, 0.000403485784773], [-8.90804512892e-05, 1.79019752977e-05, -0.0015498411376, -0.0012351423502, 0.00879725813866, -0.000991601147689, 0.000131048960611, 0.00125572923571, -0.000424484489486, 0.00142954580951, 0.00179497653153, 0.00130370433908, -0.00150576245505], [5.11888465553e-05, 0.000995671958663, 0.000793617917225, -0.00219123228453, -0.000991601147689, 0.0101362820715, -0.00333857233636, -0.00107234169263, 0.000613530923147, 0.0016588086728, -0.00280690030195, 0.000344167550793, 0.000865201523993], [-0.000333922391292, -0.00194348674268, -0.000477763824165, 0.00206444156356, 0.000131048960611, -0.00333857233636, 0.00997952837497, -0.00314802024513, 0.00482965679839, -0.000396012532292, 0.000491466838866, -0.00169975636527, 0.00240227812901], [0.000538159743883, 0.000911852461286, -0.000155818517669, -0.00248230667785, 0.00125572923571, -0.00107234169263, -0.00314802024513, 0.016187267378, -0.00648595299572, -5.25375944562e-05, -0.000821070978418, 0.00229078833945, 0.000172049636603], [0.000369211978978, 0.000508051365614, 0.000248334457865, -0.00242215581238, -0.000424484489486, 0.000613530923147, 0.00482965679839, -0.00648595299572, 0.0184412486851, -0.00471504963934, 0.00166707858443, -0.000815539504401, -0.000245815579547], [-0.000443517608801, -0.0011411071755, 0.000441229320131, 0.00213371077552, 0.00142954580951, 0.0016588086728, -0.000396012532292, -5.25375944562e-05, -0.00471504963934, 0.0163705628365, -0.00436867401004, 0.0013564475812, 0.00184512324631], [-0.00051733548753, -0.000874712248333, 0.00023538833193, 0.000189629630768, 0.00179497653153, -0.00280690030195, 0.000491466838866, -0.000821070978418, 0.00166707858443, -0.00436867401004, 0.0187943633646, -0.00437352014706, 0.00129341671709], [-5.24513916389e-06, -8.6558793555e-05, -3.28102287313e-05, 0.000422995537519, 0.00130370433908, 0.000344167550793, -0.00169975636527, 0.00229078833945, -0.000815539504401, 0.0013564475812, -0.00437352014706, 0.0175929237157, -0.00785652920604], [0.000514647399541, -0.000553584308363, -0.000514179468155, 0.000403485784773, -0.00150576245505, 0.000865201523993, 0.00240227812901, 0.000172049636603, -0.000245815579547, 0.00184512324631, 0.00129341671709, -0.00785652920604, 0.0157609228045]]
    },
    "spectral_contrast_coeffs": {
        "max": [-0.494909971952, -0.505967020988, -0.507465720177, -0.573307514191, -0.641743302345, -0.553356945515],
        "mean": [-0.710784673691, -0.715788304806, -0.715399503708, -0.751960813999, -0.769463896751, -0.697139978409],
        "min": [-0.865790069103, -0.897136211395, -0.875706374645, -0.867435932159, -0.863155603409, -0.852974414825],
        "stdev": [0.0568837411702, 0.0646631494164, 0.0582965947688, 0.0485044419765, 0.0319927707314, 0.0472045391798]
    },
    "spectral_contrast_valleys": {
        "max": [-5.60680866241, -5.01846313477, -5.7055273056, -5.99669790268, -5.92214679718, -7.96172809601],
        "mean": [-6.74342393875, -6.29167222977, -7.18062067032, -7.33151054382, -7.4063205719, -10.8487691879],
        "min": [-8.21523189545, -7.76157283783, -8.63822841644, -8.8911447525, -9.31060504913, -12.7188978195],
        "stdev": [0.436395525932, 0.428534686565, 0.438157260418, 0.418927818537, 0.549015462399, 0.777950048447]
    }
},
"rhythm": {
    "beats_count": 48,
    "beats_loudness": {
        "max": 0.0833322256804,
        "mean": 0.0327192395926,
        "min": 0.00643386458978,
        "stdev": 0.016943981871
    },
    "bpm": 90.6780166626,
    "bpm_histogram_first_peak_bpm": 91,
    "bpm_histogram_first_peak_weight": 0.212765932083,
    "bpm_histogram_second_peak_bpm": 0,
    "bpm_histogram_second_peak_spread": 0,
    "bpm_histogram_second_peak_weight": 0,
    "danceability": 1.17502045631,
    "onset_rate": 2.43017554283,
    "beats_loudness_band_ratio": {
        "max": [0.352954864502, 0.495572507381, 0.831607699394, 0.649114906788, 0.449774593115, 0.191814929247],
        "mean": [0.137215182185, 0.20897872746, 0.360884577036, 0.174785688519, 0.127922698855, 0.0452705323696],
        "min": [0.015817143023, 0.022320445627, 0.048051789403, 0.0162575431168, 0.0122845880687, 0.00383016723208],
        "stdev": [0.0857701301575, 0.120738819242, 0.198009669781, 0.145351782441, 0.100415401161, 0.0329313017428]
    },
    "beats_position": [0.650158703327, 1.31192743778, 1.9620860815, 2.62385487556, 3.28562355042, 3.94739222527, 4.59755086899, 5.27092981339, 5.93269824982, 6.59446716309, 7.24462556839, 7.90639448166, 8.56816291809, 9.22993183136, 9.8800907135, 10.5534696579, 11.2268476486, 11.900226593, 12.5736055374, 13.2469835281, 13.9087524414, 14.5589113235, 15.2090702057, 15.870839119, 16.5209980011, 17.1711559296, 17.8329238892, 18.483083725, 19.1448516846, 19.8182315826, 20.4799995422, 21.153377533, 21.826757431, 22.4885253906, 23.1502952576, 23.8120632172, 24.4738311768, 25.1356010437, 25.8089790344, 26.470746994, 27.132516861, 27.7942848206, 28.4560546875, 29.1178226471, 29.7795906067, 30.4413604736, 31.0915184021, 31.753288269],
