{
"metadata": {
    "version": {
        "essentia": "2.1-beta5",
        "essentia_git_sha": "Undefined",
        "extractor": "music 2.0"
    },
    "audio_properties": {
        "analysis": {
            "equal_loudness": 0,
            "length": 32.4963264465,
            "sample_rate": 44100,
            "start_time": 94.0059890747,
            "downmix": "mix"
        },
        "bit_rate": 192000,
        "length": 180.093963623,
        "lossless": 0,
        "number_channels": 2,
        "replay_gain": -4.74317359924,
        "sample_rate": 44100,
        "codec": "mp3",
        "md5_encoded": "34b9e980582d39a8355dcd5c27e26410"
    },
    "tags": {
        "file_name": "Luxembourg_Amour Amour_Plastic Bertrand.mp3",
        "encoding": ["Lavf58.29.100"]
    }
},
"lowlevel": {
    "average_loudness": 0.940731048584,
    "barkbands_crest": {
        "max": 18.657497406,
        "mean": 8.23765563965,
        "min": 3.24950647354,
        "stdev": 2.8164255619
    },
    "barkbands_flatness_db": {
        "max": 0.303107619286,
        "mean": 0.16644833982,
        "min": 0.0776528865099,
        "stdev": 0.0303080212325
    },
    "barkbands_kurtosis": {
        "max": 40.9902534485,
        "mean": 3.07339859009,
        "min": -1.6838889122,
        "stdev": 4.03980636597
    },
    "barkbands_skewness": {
        "max": 5.05603027344,
        "mean": 1.48296380043,
        "min": -0.877138733864,
        "stdev": 0.809528410435
    },
    "barkbands_spread": {
        "max": 88.3818588257,
        "mean": 17.0120010376,
        "min": 1.87793576717,
        "stdev": 8.5296754837
    },
    "dissonance": {
        "max": 0.499923825264,
        "mean": 0.464233189821,
        "min": 0.2362857759,
        "stdev": 0.0229673478752
    },
    "dynamic_complexity": 2.53910398483,
    "erbbands_crest": {
        "max": 23.6649093628,
        "mean": 7.9649810791,
        "min": 2.86195135117,
        "stdev": 3.16102099419
    },
    "erbbands_flatness_db": {
        "max": 0.297730386257,
        "mean": 0.188127294183,
        "min": 0.0816715285182,
        "stdev": 0.0331628397107
    },
    "erbbands_kurtosis": {
        "max": 8.34986782074,
        "mean": 0.0316865555942,
        "min": -1.64005494118,
        "stdev": 1.23284232616
    },
    "erbbands_skewness": {
        "max": 2.47882819176,
        "mean": 0.377192825079,
        "min": -1.83435761929,
        "stdev": 0.528656005859
    },
    "erbbands_spread": {
        "max": 117.960403442,
        "mean": 34.8661422729,
        "min": 8.21600818634,
        "stdev": 14.173289299
    },
    "hfc": {
        "max": 120.768974304,
        "mean": 15.7175912857,
        "min": 0.452141582966,
        "stdev": 15.4224948883
    },
    "loudness_ebu128": {
        "integrated": -19.9776439667,
        "loudness_range": 2.75312614441,
        "momentary": {
            "max": -15.098985672,
            "mean": -20.4319133759,
            "min": -25.5787162781,
            "stdev": 1.93686580658
        },
        "short_term": {
            "max": -18.0548706055,
            "mean": -19.9924144745,
            "min": -21.6700305939,
            "stdev": 0.950413405895
        }
    },
    "melbands_crest": {
        "max": 24.0067977905,
        "mean": 11.342915535,
        "min": 4.42239761353,
        "stdev": 3.45073962212
    },
    "melbands_flatness_db": {
        "max": 0.380014210939,
        "mean": 0.205166712403,
        "min": 0.101226009429,
        "stdev": 0.0410603992641
    },
    "melbands_kurtosis": {
        "max": 99.8990020752,
        "mean": 8.87992191315,
        "min": -1.22658848763,
        "stdev": 9.31141757965
    },
    "melbands_skewness": {
        "max": 8.86412143707,
        "mean": 2.28799009323,
        "min": -0.579928517342,
        "stdev": 1.11218369007
    },
    "melbands_spread": {
        "max": 73.088432312,
        "mean": 18.713716507,
        "min": 1.96605288982,
        "stdev": 9.40861320496
    },
    "pitch_salience": {
        "max": 0.861766457558,
        "mean": 0.614354014397,
        "min": 0.318139970303,
        "stdev": 0.080988638103
    },
    "silence_rate_20dB": {
        "max": 1,
        "mean": 1,
        "min": 1,
        "stdev": 0
    },
    "silence_rate_30dB": {
        "max": 1,
        "mean": 0.999286234379,
        "min": 0,
        "stdev": 0.0267073381692
    },
    "silence_rate_60dB": {
        "max": 1,
        "mean": 0.00785153452307,
        "min": 0,
        "stdev": 0.0882602781057
    },
    "spectral_centroid": {
        "max": 2846.34863281,
        "mean": 1091.09997559,
        "min": 255.873214722,
        "stdev": 465.123779297
    },
    "spectral_complexity": {
        "max": 46,
        "mean": 19.5981445312,
        "min": 2,
        "stdev": 8.46712779999
    },
    "spectral_decrease": {
        "max": -3.33297611732e-10,
        "mean": -5.60193047505e-09,
        "min": -3.05296659064e-08,
        "stdev": 3.84314047253e-09
    },
    "spectral_energy": {
        "max": 0.125580310822,
        "mean": 0.0225686468184,
        "min": 0.00132574234158,
        "stdev": 0.0157397110015
    },
    "spectral_energyband_high": {
        "max": 0.0042043607682,
        "mean": 0.000346339395037,
        "min": 5.1045303735e-06,
        "stdev": 0.000479341484606
    },
    "spectral_energyband_low": {
        "max": 0.0227418802679,
        "mean": 0.00445430492982,
        "min": 3.04581481032e-05,
        "stdev": 0.00341288349591
    },
    "spectral_energyband_middle_high": {
        "max": 0.0802541971207,
        "mean": 0.00571465818211,
        "min": 2.79899704765e-05,
        "stdev": 0.00858050584793
    },
    "spectral_energyband_middle_low": {
        "max": 0.0996700450778,
        "mean": 0.0132358670235,
        "min": 0.000326674984535,
        "stdev": 0.010131190531
    },
    "spectral_entropy": {
        "max": 8.52629184723,
        "mean": 7.42451381683,
        "min": 6.2980093956,
        "stdev": 0.264713317156
    },
    "spectral_flux": {
        "max": 0.259208768606,
        "mean": 0.0776524543762,
        "min": 0.0174815878272,
        "stdev": 0.0369223766029
    },
    "spectral_kurtosis": {
        "max": 22.375289917,
        "mean": 4.62400197983,
        "min": -0.861757993698,
        "stdev": 2.85539221764
    },
    "spectral_rms": {
        "max": 0.0110687566921,
        "mean": 0.00444467552006,
        "min": 0.00113728060387,
        "stdev": 0.00150434335228
    },
    "spectral_rolloff": {
        "max": 9087.01171875,
        "mean": 1106.37084961,
        "min": 172.265625,
        "stdev": 743.396362305
    },
    "spectral_skewness": {
        "max": 3.63242292404,
        "mean": 1.49249756336,
        "min": 0.316239476204,
        "stdev": 0.475400000811
    },
    "spectral_spread": {
        "max": 11732274,
        "mean": 3471657,
        "min": 1876834.25,
        "stdev": 994658.3125
    },
    "spectral_strongpeak": {
        "max": 10.2114362717,
        "mean": 0.776343762875,
        "min": 0.0244571715593,
        "stdev": 0.933980286121
    },
    "zerocrossingrate": {
        "max": 0.208984375,
        "mean": 0.0452449545264,
        "min": 0.01025390625,
        "stdev": 0.0172385163605
    },
    "barkbands": {
        "max": [0.0001894593006, 0.00562559626997, 0.017481053248, 0.0356058999896, 0.0337814837694, 0.0709164664149, 0.0283280592412, 0.0288236439228, 0.0242794193327, 0.0385393090546, 0.0424858666956, 0.0215249154717, 0.0356860756874, 0.0315044559538, 0.0133152408525, 0.00603412557393, 0.00526463938877, 0.00590411340818, 0.00305872107856, 0.00387446512468, 0.00129357492551, 0.00126687635202, 0.00158543558791, 0.000941473175772, 0.00111062219366, 0.000133241541334, 3.76685818537e-07],
        "mean": [1.24368707475e-05, 0.000806346011814, 0.0027034105733, 0.00194774672855, 0.00393757969141, 0.00226909318008, 0.00224685389549, 0.00144261075184, 0.000998069066554, 0.00111193954945, 0.000962405756582, 0.000789949670434, 0.000792507024016, 0.000593994685914, 0.000420289550675, 0.000226710559218, 0.000272726203548, 0.000347245892044, 0.000211941907764, 0.000260836444795, 9.28242880036e-05, 6.08860718785e-05, 2.90707994282e-05, 1.67618673004e-05, 1.36577918965e-05, 7.33210015369e-07, 1.02180830464e-09],
        "min": [2.97757303258e-08, 4.10110351368e-06, 6.16897250438e-06, 1.673618317e-05, 3.92541078327e-05, 1.95087050088e-05, 5.37255800737e-06, 3.71378200725e-06, 5.66846301808e-06, 1.03484467218e-06, 5.72113833641e-07, 8.53843800996e-07, 1.71977410446e-06, 2.15953718907e-06, 2.69786119134e-06, 9.35662342272e-07, 1.64121979651e-06, 1.83394320175e-06, 9.85838255474e-07, 6.75708577091e-07, 9.46748912156e-07, 7.5004527389e-07, 8.74329487033e-07, 1.29641519742e-10, 3.5587800068e-11, 2.76641869135e-11, 3.47089058883e-11],
        "stdev": [1.74463293661e-05, 0.000750673003495, 0.00260379607789, 0.0021066784393, 0.00364158325829, 0.00415545329452, 0.00331372208893, 0.00238161045127, 0.00203416892327, 0.00208213832229, 0.00247316085733, 0.00179730751552, 0.00196281122044, 0.00169684248976, 0.00086495350115, 0.000371643371182, 0.000431358697824, 0.00058509624796, 0.000320746243233, 0.000446450314485, 0.000133646288305, 0.000104828905023, 6.05913264735e-05, 4.4552507461e-05, 6.05484456173e-05, 4.57630812889e-06, 1.01164081556e-08]
    },
    "erbbands": {
        "max": [0.100953765213, 1.75157666206, 12.9399757385, 63.4573097229, 85.910369873, 141.23866272, 344.285949707, 615.682373047, 432.901977539, 512.299499512, 780.576538086, 577.560302734, 1428.06677246, 963.709655762, 1409.31396484, 955.895446777, 1438.66821289, 1756.60205078, 827.751342773, 468.087585449, 305.814147949, 194.783340454, 375.33480835, 183.015441895, 126.97933197, 216.902236938, 86.2331771851, 39.0678100586, 36.9627113342, 26.1977443695, 51.9794464111, 17.862493515, 17.8301239014, 14.4720754623, 6.53418445587, 1.23219978809, 0.0420071668923, 0.00151617499068, 0.000148470498971, 0.000150543710333],
        "mean": [0.0138402944431, 0.249468743801, 2.22420907021, 5.64102649689, 9.6514787674, 13.0918684006, 18.4740066528, 18.5806941986, 28.783285141, 32.3777198792, 30.9464187622, 25.8612518311, 28.051366806, 39.7987251282, 38.5763397217, 33.2830276489, 35.4983253479, 36.3732261658, 25.0473957062, 17.4661979675, 11.6727313995, 15.1517410278, 21.3943309784, 11.8868484497, 10.90321064, 12.4222221375, 6.15569782257, 2.85401129723, 2.29582381248, 1.29331994057, 0.791744410992, 0.429899662733, 0.244323581457, 0.179759204388, 0.0810258984566, 0.0100591182709, 0.000458836730104, 2.03023282666e-05, 1.37894248837e-05, 2.67728628387e-05],
        "min": [0.000187713492778, 0.000774312298745, 0.00587794883177, 0.108216248453, 0.206388175488, 0.107844874263, 0.092031866312, 0.195424482226, 0.0677762702107, 0.135826051235, 0.102341249585, 0.193903192878, 0.078450717032, 0.0144331529737, 0.0689823180437, 0.068496234715, 0.0870097726583, 0.120150871575, 0.204470932484, 0.0905087739229, 0.0373202934861, 0.104933045805, 0.103112243116, 0.0942426845431, 0.032867718488, 0.0373862013221, 0.0401530116796, 0.0298249330372, 0.0240710508078, 0.0214000940323, 0.0234205052257, 0.00696640787646, 0.000233083963394, 3.95168535761e-05, 1.7972992282e-05, 9.15168038773e-06, 4.06136450692e-06, 8.42254735289e-07, 1.81629093277e-06, 2.05258061214e-06],
        "stdev": [0.0118007864803, 0.206948623061, 1.84660971165, 5.22467803955, 10.2139520645, 14.5162496567, 26.7491779327, 37.1613311768, 43.7840270996, 49.5394592285, 60.1644325256, 51.0849494934, 63.3377342224, 75.8502502441, 93.454536438, 71.6471176147, 78.0870742798, 100.513259888, 53.61901474, 30.3149738312, 17.371679306, 21.5978946686, 36.3937263489, 18.3258991241, 14.2142791748, 21.6577568054, 9.83994102478, 4.34248495102, 3.94101309776, 2.17503404617, 1.80421209335, 0.841592490673, 0.823312103748, 0.766920864582, 0.376411646605, 0.0511219128966, 0.00205986667424, 7.18495430192e-05, 1.11049521365e-05, 1.88405101653e-05]
    },
    "gfcc": {
        "mean": [-23.3366317749, 141.049575806, -146.927185059, 43.2404098511, -69.3383026123, 7.78798294067, -36.9526672363, -3.01486206055, -22.8472137451, -12.5875110626, -4.07274007797, -17.9101066589, -2.73414230347],
        "cov": [[1678.75085449, -236.648101807, -560.317626953, 59.5711097717, -155.115707397, -61.9854736328, 14.9288864136, -99.0505905151, 35.893371582, -41.3211669922, 51.8414001465, -30.5971336365, 23.3760910034], [-236.648101807, 578.848266602, -189.809783936, -132.043304443, 67.4906311035, -138.883407593, 189.666488647, -142.313858032, 157.26473999, -121.704360962, 100.52041626, -79.4927215576, 27.7175159454], [-560.317626953, -189.809783936, 618.108276367, 5.59794950485, 11.1451358795, 120.109077454, -191.047546387, 184.639404297, -137.071929932, 126.586975098, -103.953445435, 72.4912033081, -30.3781719208], [59.5711097717, -132.043304443, 5.59794950485, 242.04524231, -9.72852230072, -13.6130552292, 9.70447635651, -3.03394246101, 3.09128308296, -31.6852264404, -2.5960290432, -2.03502702713, 14.3896722794], [-155.115707397, 67.4906311035, 11.1451358795, -9.72852230072, 136.132415771, 23.3051891327, 23.499956131, 14.1413068771, -0.942723929882, 5.0677690506, -17.1000595093, 7.99740171432, -18.3342723846], [-61.9854736328, -138.883407593, 120.109077454, -13.6130552292, 23.3051891327, 183.227508545, -31.2170085907, 42.4240150452, -65.7967987061, 34.8096008301, -26.2791023254, 4.58799552917, -4.51130914688], [14.9288864136, 189.666488647, -191.047546387, 9.70447635651, 23.499956131, -31.2170085907, 218.522872925, -64.1345367432, 70.9421234131, -77.4414138794, 54.1085777283, -35.4373245239, 2.33654665947], [-99.0505905151, -142.313858032, 184.639404297, -3.03394246101, 14.1413068771, 42.4240150452, -64.1345367432, 203.797454834, -52.6662483215, 78.0794219971, -51.9718475342, 32.5869827271, -7.32242393494], [35.893371582, 157.26473999, -137.071929932, 3.09128308296, -0.942723929882, -65.7967987061, 70.9421234131, -52.6662483215, 133.146087646, -42.4132537842, 40.2539787292, -38.5756797791, 2.38885498047], [-41.3211669922, -121.704360962, 126.586975098, -31.6852264404, 5.0677690506, 34.8096008301, -77.4414138794, 78.0794219971, -42.4132537842, 118.401878357, -30.6188011169, 40.2431640625, -20.2261714935], [51.8414001465, 100.52041626, -103.953445435, -2.5960290432, -17.1000595093, -26.2791023254, 54.1085777283, -51.9718475342, 40.2539787292, -30.6188011169, 92.0692825317, -15.0801801682, 19.1196079254], [-30.5971336365, -79.4927215576, 72.4912033081, -2.03502702713, 7.99740171432, 4.58799552917, -35.4373245239, 32.5869827271, -38.5756797791, 40.2431640625, -15.0801801682, 79.3424758911, -0.883641004562], [23.3760910034, 27.7175159454, -30.3781719208, 14.3896722794, -18.3342723846, -4.51130914688, 2.33654665947, -7.32242393494, 2.38885498047, -20.2261714935, 19.1196079254, -0.883641004562, 70.8740997314]],
        "icov": [[0.00131743319798, 0.000497799832374, 0.00176997284871, -0.000128225161461, 0.0011196063133, -0.000175077628228, 0.000622345483862, -0.000287512229988, 0.000243110771407, -0.00015574391, 0.000102154073829, -0.000100338707853, 0.000302292202832], [0.000497799832374, 0.0162907894701, -0.00626104837283, 0.01085062325, -0.0101250177249, 0.0107640130445, -0.00801718700677, 0.00564887048677, -0.00754230469465, 0.00572477281094, -0.0072954306379, 0.00895722676069, -0.00854026526213], [0.00176997284871, -0.00626104837283, 0.00867031048983, -0.00517500005662, 0.00612513767555, -0.00595857249573, 0.00593671482056, -0.00445141363889, 0.00441623758525, -0.00297729251906, 0.00414965534583, -0.00493606505916, 0.00500186067075], [-0.000128225161461, 0.01085062325, -0.00517500005662, 0.0118094645441, -0.00697732018307, 0.00761877978221, -0.00574833480641, 0.00367867969908, -0.00522983819246, 0.0055700596422, -0.00452010706067, 0.00573767302558, -0.00651062326506], [0.0011196063133, -0.0101250177249, 0.00612513767555, -0.00697732018307, 0.0162583999336, -0.00849398039281, 0.0044305799529, -0.00442488305271, 0.00444922409952, -0.00365863065235, 0.00667180167511, -0.00746735464782, 0.00760735850781], [-0.000175077628228, 0.0107640130445, -0.00595857249573, 0.00761877978221, -0.00849398039281, 0.0148877259344, -0.00650285510346, 0.00411305157468, -0.00165842263959, 0.00245978543535, -0.0050063226372, 0.00867842789739, -0.00664637889713], [0.000622345483862, -0.00801718700677, 0.00593671482056, -0.00574833480641, 0.0044305799529, -0.00650285510346, 0.0126383733004, -0.0040445830673, 0.00227846787311, 0.000683323887642, 0.00130758574232, -0.00504927756265, 0.00624200236052], [-0.000287512229988, 0.00564887048677, -0.00445141363889, 0.00367867969908, -0.00442488305271, 0.00411305157468, -0.0040445830673, 0.0102612217888, -0.00242821453139, -0.00200360873714, -0.000427210325142, 0.00359851261601, -0.00478840293363], [0.000243110771407, -0.00754230469465, 0.00441623758525, -0.00522983819246, 0.00444922409952, -0.00165842263959, 0.00227846787311, -0.00242821453139, 0.0165391750634, -0.00337406829931, 0.00126661465038, 7.59743052186e-05, 0.00468248780817], [-0.00015574391, 0.00572477281094, -0.00297729251906, 0.0055700596422, -0.00365863065235, 0.00245978543535, 0.000683323887642, -0.00200360873714, -0.00337406829931, 0.0188125241548, -0.00364006264135, -0.00197169836611, 0.000825951748993], [0.000102154073829, -0.0072954306379, 0.00414965534583, -0.00452010706067, 0.00667180167511, -0.0050063226372, 0.00130758574232, -0.000427210325142, 0.00126661465038, -0.00364006264135, 0.0195159334689, -0.00462445616722, 0.000431829714216], [-0.000100338707853, 0.00895722676069, -0.00493606505916, 0.00573767302558, -0.00746735464782, 0.00867842789739, -0.00504927756265, 0.00359851261601, 7.59743052186e-05, -0.00197169836611, -0.00462445616722, 0.0227980464697, -0.00662507861853], [0.000302292202832, -0.00854026526213, 0.00500186067075, -0.00651062326506, 0.00760735850781, -0.00664637889713, 0.00624200236052, -0.00478840293363, 0.00468248780817, 0.000825951748993, 0.000431829714216, -0.00662507861853, 0.0215386878699]]
    },
    "melbands": {
        "max": [0.00117426353972, 0.00487614516169, 0.0120923118666, 0.00627677002922, 0.0101705519482, 0.0131381098181, 0.00636606151238, 0.00495370058343, 0.0060920570977, 0.00407314859331, 0.00721058947966, 0.00339457136579, 0.00513677066192, 0.00292837596498, 0.00126776541583, 0.00433414755389, 0.00303766294383, 0.00122494832613, 0.000802350929007, 0.000588523515034, 0.000394941540435, 0.000212128361454, 0.00044100562809, 0.000219681416638, 0.000176390676643, 0.000117561285151, 0.000126919389004, 0.000150815336383, 8.44984897412e-05, 3.03881843138e-05, 3.04077693727e-05, 2.55543836829e-05, 1.685222378e-05, 1.83489610208e-05, 3.47174318449e-05, 1.61034695338e-05, 9.38306311582e-06, 1.15946249934e-05, 1.24502739709e-05, 1.40065139931e-05],
        "mean": [0.000174897068064, 0.000915527110919, 0.00110163190402, 0.000809405988548, 0.00065390887903, 0.000412725115893, 0.000453754386399, 0.00033606676152, 0.000244586961344, 0.000152097665705, 0.000135922557092, 0.000157239323016, 0.000127804160002, 9.76762530627e-05, 6.61895028315e-05, 9.08884248929e-05, 6.29808637314e-05, 3.98681404477e-05, 3.02610969811e-05, 1.89491947822e-05, 1.22570236272e-05, 1.36197368192e-05, 2.27688833547e-05, 1.50851055878e-05, 9.03249292605e-06, 7.75127591623e-06, 8.50789274409e-06, 8.20956211101e-06, 4.69769383926e-06, 1.77297545179e-06, 1.6164117369e-06, 1.43717875289e-06, 8.81113237483e-07, 6.36431991552e-07, 4.8257305707e-07, 3.51666557208e-07, 2.20364114512e-07, 1.68515626342e-07, 1.57986931981e-07, 1.53212440068e-07],
        "min": [1.02021101611e-06, 2.94053438665e-06, 3.44958170899e-05, 1.18095904327e-05, 3.20956428368e-06, 4.29337933383e-06, 1.00650697732e-06, 1.0014059626e-06, 8.12752944057e-07, 1.07509777081e-06, 3.45742819263e-07, 4.83628888048e-08, 1.34821732445e-07, 2.25290065714e-07, 1.85739679637e-07, 1.22967605876e-07, 1.77941956281e-07, 2.3395983817e-07, 1.90807185163e-07, 8.90674698439e-08, 2.48974565409e-08, 9.70225997321e-08, 1.15427212677e-07, 7.4633327074e-08, 6.79173908225e-08, 3.91389214371e-08, 1.97214848896e-08, 2.29137082641e-08, 2.38523512053e-08, 1.97699190352e-08, 1.75623426912e-08, 1.27452945975e-08, 1.18724541309e-08, 1.14541620633e-08, 1.09433457851e-08, 8.47172376695e-09, 6.19841070831e-12, 1.03743782228e-12, 7.98310744766e-13, 4.28655429294e-13],
        "stdev": [0.00015173558495, 0.000702841673046, 0.000944354280364, 0.000792468432337, 0.000844719063025, 0.00078857364133, 0.000677061558235, 0.000499100540765, 0.000498947687447, 0.000313934695441, 0.000320053455653, 0.000299246254144, 0.00032049161382, 0.000230584249948, 0.000115411065053, 0.000247965683229, 0.000175713852514, 9.29604138946e-05, 6.02068466833e-05, 3.48790199496e-05, 1.88918074855e-05, 1.88508893189e-05, 4.17352785007e-05, 2.50976718235e-05, 1.58458005899e-05, 1.13263640742e-05, 1.40960119097e-05, 1.54574136104e-05, 8.51430195326e-06, 2.56316661762e-06, 2.83196550299e-06, 2.71369071925e-06, 1.44630860177e-06, 1.16722640087e-06, 1.20638276258e-06, 6.71940483699e-07, 4.76562917129e-07, 5.53094707811e-07, 6.22482957624e-07, 7.13692543286e-07]
    },
    "melbands128": {
        "max": [0.00012269418221, 0.000592279364355, 0.00211919681169, 0.00372176873498, 0.00655851792544, 0.0100256800652, 0.0125032914802, 0.0187805108726, 0.00914125237614, 0.00901141390204, 0.0104091055691, 0.0125667713583, 0.00940857734531, 0.02276737988, 0.0206311382353, 0.00748085835949, 0.00849813036621, 0.0120657794178, 0.00678075058386, 0.00968006718904, 0.0039814109914, 0.00603244546801, 0.0109595041722, 0.0100524052978, 0.00589074194431, 0.00847614556551, 0.0038336077705, 0.0133770927787, 0.00490438798442, 0.0045201247558, 0.00532529456541, 0.00757164601237, 0.0076169706881, 0.0091826338321, 0.00446905614808, 0.00384334125556, 0.00480352062732, 0.00224122637883, 0.00119279965293, 0.00432897359133, 0.00658059073612, 0.00766919134185, 0.00519382813945, 0.00369042833336, 0.00314830290154, 0.0018015881069, 0.00268834130839, 0.00116787524894, 0.00147990114056, 0.000701820477843, 0.000988434767351, 0.000516773550771, 0.000268387084361, 0.000734999310225, 0.000527796219103, 0.000145377474837, 0.000420845637564, 0.000970351102296, 0.000673609727528, 0.000601672916673, 0.000405416561989, 0.000438342947746, 0.000140169475344, 0.000315211655106, 0.000279609754216, 0.000219336507143, 0.000163378252182, 0.000244867231231, 0.00029251279193, 0.000377262622351, 0.000176903078682, 0.00023518029775, 0.000158657581778, 0.00012187637185, 6.3940497057e-05, 4.03675148846e-05, 3.53557225026e-05, 4.38273200416e-05, 3.46970591636e-05, 6.73695540172e-05, 5.53645950276e-05, 2.5572562663e-05, 3.12049196509e-05, 2.24541090574e-05, 1.77305355464e-05, 1.4678743355e-05, 1.56021069415e-05, 4.19422140112e-05, 2.97900969599e-05, 4.61846066173e-05, 1.50465712068e-05, 1.28826195578e-05, 8.33656577015e-06, 1.09549691842e-05, 1.13475625767e-05, 1.37053511935e-05, 8.46530838317e-06, 1.94532076421e-05, 2.04781426874e-05, 1.03672709884e-05, 1.24918924485e-05, 1.66939371411e-05, 2.13716230064e-05, 1.30543676278e-05, 5.9114358919e-06, 3.97325266022e-06, 7.43024838812e-06, 4.18792114942e-06, 9.05409308416e-07, 3.62682897048e-07, 2.58157911048e-07, 1.36694083608e-07, 1.46724934424e-08, 7.11907466311e-09, 1.7253016793e-09, 1.73737135789e-09, 1.73048897434e-09, 1.71680147876e-09, 1.68497471531e-09, 1.66963975978e-09, 1.65117108875e-09, 1.60214719269e-09, 1.5779395568e-09, 1.5605219339e-09, 1.53929102797e-09, 1.52720514013e-09, 1.51952084249e-09, 1.51014001304e-09],
        "mean": [8.40256961965e-06, 6.63822793285e-05, 0.00023199878342, 0.00040426873602, 0.000833697442431, 0.00149767228868, 0.00113894871902, 0.000995683018118, 0.00101580121554, 0.000768955796957, 0.000709714775439, 0.000716595444828, 0.000648148648906, 0.000565857801121, 0.000462646858068, 0.000285200134385, 0.000315754383337, 0.000604620261583, 0.000461229763459, 0.000359917874448, 0.00027490084176, 0.000221437891014, 0.000309406430461, 0.000160576004419, 0.000170049854205, 0.000152128865011, 9.48801171035e-05, 0.000182075978955, 9.46434884099e-05, 0.000167846665136, 0.000180933668162, 0.000132937013404, 0.000113394286018, 0.00015207612887, 8.48291165312e-05, 8.80863444763e-05, 0.000105401515611, 5.13483391842e-05, 4.99190646224e-05, 8.50266296766e-05, 0.000106894323835, 9.16698700166e-05, 6.19775601081e-05, 5.11948637723e-05, 4.27848244726e-05, 3.4040396713e-05, 4.31537264376e-05, 3.36323137162e-05, 2.32065431192e-05, 2.00644026336e-05, 2.09966419789e-05, 1.4950228433e-05, 1.20215063362e-05, 1.0373089026e-05, 1.38406576298e-05, 1.10971986942e-05, 1.48876024468e-05, 2.55291542999e-05, 2.37609856413e-05, 2.23551614909e-05, 1.46694301293e-05, 1.05350782178e-05, 8.2670858319e-06, 9.31628073886e-06, 8.71495467436e-06, 7.21793594494e-06, 8.11359950603e-06, 6.69319842928e-06, 9.44450948737e-06, 9.43247596297e-06, 8.60787258716e-06, 7.69538382883e-06, 5.97095186095e-06, 4.63394508188e-06, 2.46779700319e-06, 1.80118036042e-06, 1.32311447487e-06, 1.57864860739e-06, 1.6200904156e-06, 1.75509387645e-06, 1.54425742949e-06, 1.36745984491e-06, 1.03348008906e-06, 7.52182586439e-07, 8.68865072334e-07, 6.63504238219e-07, 5.72867065785e-07, 5.42849875274e-07, 5.13517932177e-07, 3.99261011808e-07, 3.6936691572e-07, 3.54692815563e-07, 3.00619120708e-07, 1.99102046849e-07, 1.89406236473e-07, 1.75938552616e-07, 1.6003927783e-07, 1.60682020578e-07, 1.69002873918e-07, 1.48149453594e-07, 1.45359834391e-07, 1.49204396394e-07, 1.76599087354e-07, 1.34745349101e-07, 8.81618404946e-08, 6.13225310531e-08, 3.7904499095e-08, 2.11502069192e-08, 1.00627950417e-08, 5.68419045166e-09, 1.92560989376e-09, 7.7666345577e-10, 1.20078960664e-10, 3.12718739792e-11, 5.35128885648e-12, 5.03029562449e-12, 4.85829475608e-12, 4.70865881008e-12, 4.59692006682e-12, 4.51840691598e-12, 4.43539432612e-12, 4.33931840113e-12, 4.25604603643e-12, 4.17620799054e-12, 4.13663721333e-12, 4.10737849982e-12, 4.07720775544e-12, 4.04580275531e-12],
        "min": [5.04961139569e-09, 1.17393312848e-07, 6.24601000254e-07, 9.91184037957e-07, 8.46257421472e-07, 3.99401278628e-06, 1.51313870447e-05, 1.10490045699e-05, 4.24335530624e-06, 8.30351928016e-06, 1.74028889433e-06, 2.06831103355e-07, 1.68171220594e-06, 1.92082097783e-06, 7.41051621844e-07, 5.00808710058e-07, 6.93115339345e-07, 7.60052444093e-07, 5.12898395755e-07, 2.52341152418e-07, 1.99114722932e-07, 2.02325267651e-07, 3.52575654006e-07, 1.23611414438e-07, 2.35960925465e-07, 1.53196765496e-07, 8.93710705441e-08, 2.63581938498e-07, 1.38297508556e-07, 5.19412353128e-08, 7.54232498679e-09, 2.44756428458e-08, 8.12120504179e-08, 8.86627233854e-08, 6.58914913743e-08, 1.17803907074e-07, 1.06599451044e-07, 8.0732363017e-08, 7.45638359945e-08, 1.35058826345e-07, 3.44496662308e-08, 3.35628698167e-08, 8.69760086175e-08, 1.88413721958e-07, 1.93971985141e-08, 2.22543746986e-07, 8.15670802012e-08, 7.77741604452e-08, 3.60543381817e-08, 9.49184482124e-08, 9.23883618498e-08, 5.51702612483e-08, 2.31501253722e-08, 5.70198244176e-09, 2.39011939129e-08, 5.85717536694e-08, 4.84530389144e-08, 9.16409845786e-08, 9.70667954903e-08, 7.87951890402e-08, 6.22064533218e-08, 6.80141667431e-08, 1.61471813698e-08, 3.15413863916e-08, 5.01008230458e-08, 3.25703304327e-08, 4.06240774353e-09, 1.24653265487e-09, 2.49767442284e-08, 2.36711805712e-08, 1.95773832701e-08, 1.59399906607e-08, 9.5313019699e-09, 1.27958319496e-08, 1.07737614385e-08, 1.44951854963e-08, 8.51069525964e-09, 8.67085869771e-09, 6.53991660826e-09, 1.46343630547e-08, 1.34068178781e-08, 1.02416333192e-08, 1.05359152514e-08, 7.51140394328e-09, 1.03154258468e-08, 7.947901004e-09, 6.16789330721e-09, 8.82071038433e-09, 3.89291088254e-09, 5.61583402003e-09, 5.70288882784e-09, 2.961593637e-09, 2.61538967566e-12, 1.48508148053e-12, 1.26220550938e-12, 5.89619824319e-13, 4.7253558488e-13, 6.2053205456e-13, 5.92645453112e-13, 5.23337829236e-13, 4.08939077262e-13, 4.36909379118e-13, 2.36624874425e-13, 1.70463659464e-13, 2.19591367117e-13, 2.40234210563e-13, 2.01417888986e-13, 1.93913231284e-13, 1.38924028531e-13, 1.48292944764e-13, 1.25773713276e-13, 9.65924185797e-14, 1.18844211273e-13, 1.19596078375e-13, 1.21552182382e-13, 1.29188380913e-13, 1.06442686696e-13, 1.09962237341e-13, 1.09462955464e-13, 1.04297640132e-13, 9.79771209368e-14, 8.29165092164e-14, 1.41335348373e-13, 1.1801403767e-13, 1.46094494466e-13, 1.37061924852e-13, 1.35770911115e-13, 1.30817272704e-13],
        "stdev": [1.16587716548e-05, 7.17568327673e-05, 0.000228832868743, 0.000439302413724, 0.000715133035555, 0.00158271717373, 0.00121262879111, 0.00125274714082, 0.00123651942704, 0.00102378777228, 0.000953874725383, 0.000967339030467, 0.00103320763446, 0.00126235582866, 0.00120923446957, 0.000518399116118, 0.000524565111846, 0.00118156941608, 0.000764519674703, 0.000781302980613, 0.000485428987304, 0.000494348001666, 0.00080556969624, 0.000495379325002, 0.000429734005593, 0.00045243135537, 0.00023611819779, 0.000559194944799, 0.000300588726532, 0.000358987716027, 0.000412506400608, 0.000394174247049, 0.000364221574273, 0.000472544459626, 0.000289378775051, 0.000265727489023, 0.00028779002605, 0.00011449665908, 0.000100136508991, 0.000244127702899, 0.000371665868443, 0.000410945154727, 0.000240956534981, 0.000168607541127, 0.000171373030753, 9.70200053416e-05, 0.000136838920298, 7.88156394265e-05, 6.44523024675e-05, 4.19675488956e-05, 5.20145185874e-05, 2.98705599562e-05, 1.99242767849e-05, 2.5916053346e-05, 2.59440821537e-05, 1.80812985491e-05, 3.19309110637e-05, 6.16968027316e-05, 5.24377901456e-05, 5.07536278747e-05, 2.99330313283e-05, 2.4688848498e-05, 1.3531966033e-05, 2.32825386774e-05, 1.88079357031e-05, 1.26900886244e-05, 1.48309009091e-05, 1.28533001771e-05, 2.08058845601e-05, 2.26818465308e-05, 1.99354490178e-05, 1.73882490344e-05, 1.36354938149e-05, 9.79463584372e-06, 4.40899293608e-06, 2.97833253171e-06, 2.31760373026e-06, 2.8769261462e-06, 3.02659827867e-06, 4.54658447779e-06, 3.83560836781e-06, 2.59057037511e-06, 2.04355387723e-06, 1.42084365962e-06, 1.72372904217e-06, 1.18860873499e-06, 1.13632597731e-06, 1.64362813848e-06, 1.19114781683e-06, 1.3611029317e-06, 6.58710689549e-07, 7.01932492575e-07, 5.4718498177e-07, 4.66503820462e-07, 5.05812124629e-07, 6.33209481293e-07, 4.72459021239e-07, 6.94614413987e-07, 8.09618939002e-07, 5.19499053553e-07, 5.54627547444e-07, 7.30694637241e-07, 1.088948693e-06, 7.31380509933e-07, 3.75356194127e-07, 2.4794482556e-07, 2.61555754832e-07, 1.38666621297e-07, 5.05476798196e-08, 2.49745166769e-08, 1.19901972795e-08, 5.13378584088e-09, 9.54427537003e-10, 3.25446281035e-10, 4.66288500867e-11, 4.67215606481e-11, 4.6513036478e-11, 4.61258566065e-11, 4.52651804927e-11, 4.48401524245e-11, 4.43370687386e-11, 4.30230850945e-11, 4.23690110773e-11, 4.18970934335e-11, 4.13276773914e-11, 4.10018928532e-11, 4.07928066326e-11, 4.05398770109e-11]
    },
    "mfcc": {
        "mean": [-647.77166748, 148.840042114, -13.4975185394, 27.9685382843, -5.70242500305, 3.53275799751, -1.42309355736, -0.0830973163247, -9.64007377625, -0.683252871037, -4.72957324982, -2.43178987503, -4.07806396484],
        "cov": [[2257.91162109, -398.446777344, -521.313110352, -1.18767380714, -259.690582275, 23.879360199, -104.430076599, -24.5566997528, -89.4588241577, -11.0973329544, -45.6773643494, 17.0976810455, -26.7942352295], [-398.446777344, 650.880371094, -187.549240112, -37.0934333801, -101.481269836, 16.6278839111, -42.9355583191, 42.2992401123, -29.0694274902, 66.3601303101, -12.1837835312, 29.9909095764, 5.1032948494], [-521.313110352, -187.549240112, 511.004241943, -44.5517807007, 179.915710449, -73.4588699341, 57.1745796204, -55.5504684448, 57.5432128906, -57.3902664185, 35.5213050842, -33.2822227478, 22.503578186], [-1.18767380714, -37.0934333801, -44.5517807007, 237.173080444, -40.6451187134, -5.29455566406, -37.8710784912, 41.9070663452, -2.24956345558, 11.4704837799, -22.6373157501, 21.320941925, -6.39280843735], [-259.690582275, -101.481269836, 179.915710449, -40.6451187134, 221.198120117, -37.0947875977, 32.3775939941, -41.2527809143, 48.7236938477, -36.6162528992, 36.9260139465, -31.1373348236, 14.8368263245], [23.879360199, 16.6278839111, -73.4588699341, -5.29455566406, -37.0947875977, 158.090484619, 9.71101570129, 22.9268321991, -35.4071884155, 13.4688310623, -19.0233211517, -4.20543956757, -18.8522777557], [-104.430076599, -42.9355583191, 57.1745796204, -37.8710784912, 32.3775939941, 9.71101570129, 141.015655518, 19.3295974731, 26.0847015381, -13.639295578, 7.80655145645, 2.52403855324, -0.909405708313], [-24.5566997528, 42.2992401123, -55.5504684448, 41.9070663452, -41.2527809143, 22.9268321991, 19.3295974731, 98.7587966919, 6.90468454361, 26.8330879211, -8.84037971497, 13.6817827225, -15.3034362793], [-89.4588241577, -29.0694274902, 57.5432128906, -2.24956345558, 48.7236938477, -35.4071884155, 26.0847015381, 6.90468454361, 90.8681716919, 8.55990886688, 17.3147354126, -12.6636610031, 13.3763046265], [-11.0973329544, 66.3601303101, -57.3902664185, 11.4704837799, -36.6162528992, 13.4688310623, -13.639295578, 26.8330879211, 8.55990886688, 83.7580947876, 8.74965000153, 10.6300516129, -4.79993629456], [-45.6773643494, -12.1837835312, 35.5213050842, -22.6373157501, 36.9260139465, -19.0233211517, 7.80655145645, -8.84037971497, 17.3147354126, 8.74965000153, 75.0552749634, -3.80094242096, 10.3179559708], [17.0976810455, 29.9909095764, -33.2822227478, 21.320941925, -31.1373348236, -4.20543956757, 2.52403855324, 13.6817827225, -12.6636610031, 10.6300516129, -3.80094242096, 73.2085037231, 5.70365285873], [-26.7942352295, 5.1032948494, 22.503578186, -6.39280843735, 14.8368263245, -18.8522777557, -0.909405708313, -15.3034362793, 13.3763046265, -4.79993629456, 10.3179559708, 5.70365285873, 59.6394996643]],
        "icov": [[0.00113254587632, 0.00126063905191, 0.00140492268838, 0.000655768904835, 0.000994360772893, 0.000512760132551, 0.000531575991772, 0.000336255616276, 0.00011094572983, 0.000340402708389, -6.3858701651e-06, 1.11062536234e-05, -4.7218050895e-05], [0.00126063905191, 0.00335952010937, 0.00200844788924, 0.00145457917824, 0.00131540105212, 0.000848882365972, 0.00105092208833, -0.000353808078216, 0.00049803807633, -0.000670987181365, 0.000253754929872, -0.000296654645354, -0.000637929188088], [0.00140492268838, 0.00200844788924, 0.00488613033667, 0.000905838736799, -0.000490997743327, 0.00143354991451, -5.46701448911e-05, 0.000952276401222, -0.000258254178334, 0.00103927147575, -0.000134383211844, 0.000327598245349, -0.000334938173182], [0.000655768904835, 0.00145457917824, 0.000905838736799, 0.00578026054427, 0.000849956122693, 0.000784351374023, 0.00223609572276, -0.00243615498766, -0.000337681383826, 0.000214417203097, 0.00121465034317, -0.00125428754836, -0.000103778053017], [0.000994360772893, 0.00131540105212, -0.000490997743327, 0.000849956122693, 0.008708759211, 0.000280657986877, 9.16587305255e-05, 0.00181717425585, -0.00259140739217, 0.00218019634485, -0.00229952181689, 0.00124854687601, 3.55381489499e-05], [0.000512760132551, 0.000848882365972, 0.00143354991451, 0.000784351374023, 0.000280657986877, 0.00831615831703, -0.00105494796298, -0.00123579660431, 0.00337989279069, -0.00136928749271, 0.00131070939824, 0.00161900208332, 0.000676786934491], [0.000531575991772, 0.00105092208833, -5.46701448911e-05, 0.00223609572276, 9.16587305255e-05, -0.00105494796298, 0.00961926300079, -0.00303093716502, -0.0024991305545, 0.00217956490815, -0.000297462829622, -0.00181160401553, 0.000382532511139], [0.000336255616276, -0.000353808078216, 0.000952276401222, -0.00243615498766, 0.00181717425585, -0.00123579660431, -0.00303093716502, 0.0150583162904, -0.00258580874652, -0.0024655754678, 0.000261932844296, -0.00110668805428, 0.00297796353698], [0.00011094572983, 0.00049803807633, -0.000258254178334, -0.000337681383826, -0.00259140739217, 0.00337989279069, -0.0024991305545, -0.00258580874652, 0.0163973513991, -0.00395593466237, -0.000482458999613, 0.00304153002799, -0.00312356068753], [0.000340402708389, -0.000670987181365, 0.00103927147575, 0.000214417203097, 0.00218019634485, -0.00136928749271, 0.00217956490815, -0.0024655754678, -0.00395593466237, 0.0165551509708, -0.00353139545768, -0.00152868404984, 0.00124334963039], [-6.3858701651e-06, 0.000253754929872, -0.000134383211844, 0.00121465034317, -0.00229952181689, 0.00131070939824, -0.000297462829622, 0.000261932844296, -0.000482458999613, -0.00353139545768, 0.0160761605948, -5.87238755543e-05, -0.00174627022352], [1.11062536234e-05, -0.000296654645354, 0.000327598245349, -0.00125428754836, 0.00124854687601, 0.00161900208332, -0.00181160401553, -0.00110668805428, 0.00304153002799, -0.00152868404984, -5.87238755543e-05, 0.0161396898329, -0.00267669162713], [-4.7218050895e-05, -0.000637929188088, -0.000334938173182, -0.000103778053017, 3.55381489499e-05, 0.000676786934491, 0.000382532511139, 0.00297796353698, -0.00312356068753, 0.00124334963039, -0.00174627022352, -0.00267669162713, 0.0192498508841]]
    },
    "spectral_contrast_coeffs": {
        "max": [-0.457144916058, -0.532139420509, -0.547860622406, -0.624224245548, -0.654334127903, -0.453504621983],
        "mean": [-0.687854170799, -0.748092591763, -0.759678900242, -0.796208798885, -0.787820518017, -0.733365416527],
        "min": [-0.839681923389, -0.931617379189, -0.903468430042, -0.88509696722, -0.885904312134, -0.879802584648],
        "stdev": [0.0596481002867, 0.0614112839103, 0.0563563890755, 0.0425018072128, 0.0382656082511, 0.0650966987014]
    },
    "spectral_contrast_valleys": {
        "max": [-5.39048957825, -4.93864870071, -5.26740455627, -5.82524394989, -6.07660579681, -8.1050863266],
        "mean": [-6.44766998291, -6.43604803085, -7.14972019196, -7.48933744431, -7.57007837296, -11.0945682526],
        "min": [-8.18313407898, -8.35681819916, -9.61363124847, -9.4414024353, -9.41730213165, -15.2063493729],
        "stdev": [0.382143259048, 0.547634422779, 0.631071448326, 0.612033128738, 0.620890796185, 0.962517082691]
    }
},
"rhythm": {
    "beats_count": 76,
    "beats_loudness": {
        "max": 0.0957442820072,
        "mean": 0.0332156531513,
        "min": 0.0123094590381,
        "stdev": 0.0169990155846
    },
    "bpm": 142.497772217,
    "bpm_histogram_first_peak_bpm": 144,
    "bpm_histogram_first_peak_weight": 0.328767061234,
    "bpm_histogram_second_peak_bpm": 136,
    "bpm_histogram_second_peak_spread": 0,
    "bpm_histogram_second_peak_weight": 0.0266666673124,
    "danceability": 1.30984604359,
    "onset_rate": 3.75292944908,
    "beats_loudness_band_ratio": {
        "max": [0.802270948887, 0.7007188797, 0.678878128529, 0.747760891914, 0.396553963423, 0.167861402035],
        "mean": [0.270366817713, 0.28018206358, 0.210254698992, 0.145813107491, 0.0952391400933, 0.0472805723548],
        "min": [0.0285928808153, 0.0304869953543, 0.0104871904477, 0.0219934526831, 0.0133836278692, 0.0027463559527],
        "stdev": [0.154045328498, 0.169194608927, 0.149298474193, 0.139937862754, 0.0658036470413, 0.0397948697209]
    },
