{
"metadata": {
    "version": {
        "essentia": "2.1-beta5",
        "essentia_git_sha": "Undefined",
        "extractor": "music 2.0"
    },
    "audio_properties": {
        "analysis": {
            "equal_loudness": 0,
            "length": 32.4963264465,
            "sample_rate": 44100,
            "start_time": 93.9943771362,
            "downmix": "mix"
        },
        "bit_rate": 192000,
        "length": 182.74105835,
        "lossless": 0,
        "number_channels": 1,
        "replay_gain": -5.02369689941,
        "sample_rate": 48000,
        "codec": "mp3",
        "md5_encoded": "0846d60f6bf9306033e92f1d93ae3a84"
    },
    "tags": {
        "file_name": "Spain_No Estás Solo_Patricia Kraus.mp3",
        "encoding": ["Lavf58.29.100"]
    }
},
"lowlevel": {
    "average_loudness": 0.720968127251,
    "barkbands_crest": {
        "max": 25.7206420898,
        "mean": 9.88758850098,
        "min": 3.25375843048,
        "stdev": 3.92055940628
    },
    "barkbands_flatness_db": {
        "max": 0.350223809481,
        "mean": 0.205123320222,
        "min": 0.111695580184,
        "stdev": 0.0340837463737
    },
    "barkbands_kurtosis": {
        "max": 50.8317756653,
        "mean": 2.0533349514,
        "min": -1.756549716,
        "stdev": 4.19384670258
    },
    "barkbands_skewness": {
        "max": 5.56574201584,
        "mean": 0.82569372654,
        "min": -2.1595056057,
        "stdev": 0.969741284847
    },
    "barkbands_spread": {
        "max": 38.3545799255,
        "mean": 14.2990179062,
        "min": 1.2650192976,
        "stdev": 7.01148223877
    },
    "dissonance": {
        "max": 0.499983996153,
        "mean": 0.446815520525,
        "min": 0.256429702044,
        "stdev": 0.0376867353916
    },
    "dynamic_complexity": 4.4503903389,
    "erbbands_crest": {
        "max": 31.135892868,
        "mean": 11.3034992218,
        "min": 3.72677516937,
        "stdev": 5.0286822319
    },
    "erbbands_flatness_db": {
        "max": 0.401769757271,
        "mean": 0.262010455132,
        "min": 0.1472196877,
        "stdev": 0.0446711480618
    },
    "erbbands_kurtosis": {
        "max": 26.7880706787,
        "mean": 0.672277152538,
        "min": -1.85099065304,
        "stdev": 2.37941503525
    },
    "erbbands_skewness": {
        "max": 4.68542861938,
        "mean": 0.306360453367,
        "min": -1.75416827202,
        "stdev": 0.718321204185
    },
    "erbbands_spread": {
        "max": 56.3404846191,
        "mean": 23.379032135,
        "min": 2.71789908409,
        "stdev": 11.137597084
    },
    "hfc": {
        "max": 136.069610596,
        "mean": 15.2931127548,
        "min": 0.13687235117,
        "stdev": 19.2531604767
    },
    "loudness_ebu128": {
        "integrated": -23.4243831635,
        "loudness_range": 8.73468017578,
        "momentary": {
            "max": -16.4615421295,
            "mean": -25.5874786377,
            "min": -38.8616409302,
            "stdev": 4.50974225998
        },
        "short_term": {
            "max": -19.3225421906,
            "mean": -24.7604560852,
            "min": -30.6997528076,
            "stdev": 2.94585418701
        }
    },
    "melbands_crest": {
        "max": 33.7506713867,
        "mean": 12.1395120621,
        "min": 4.083360672,
        "stdev": 4.66220474243
    },
    "melbands_flatness_db": {
        "max": 0.394054621458,
        "mean": 0.23938164115,
        "min": 0.136406093836,
        "stdev": 0.0366345383227
    },
    "melbands_kurtosis": {
        "max": 63.7406997681,
        "mean": 4.48046207428,
        "min": -1.48848569393,
        "stdev": 6.84969329834
    },
    "melbands_skewness": {
        "max": 5.86133289337,
        "mean": 1.33087921143,
        "min": -1.43540549278,
        "stdev": 1.11140525341
    },
    "melbands_spread": {
        "max": 66.6936187744,
        "mean": 20.7477874756,
        "min": 1.63327646255,
        "stdev": 10.7620248795
    },
    "pitch_salience": {
        "max": 0.901269733906,
        "mean": 0.576710224152,
        "min": 0.129263877869,
        "stdev": 0.104663968086
    },
    "silence_rate_20dB": {
        "max": 1,
        "mean": 1,
        "min": 1,
        "stdev": 0
    },
    "silence_rate_30dB": {
        "max": 1,
        "mean": 0.995717346668,
        "min": 0,
        "stdev": 0.065300218761
    },
    "silence_rate_60dB": {
        "max": 1,
        "mean": 0.19057816267,
        "min": 0,
        "stdev": 0.392756104469
    },
    "spectral_centroid": {
        "max": 2527.54833984,
        "mean": 1149.67651367,
        "min": 291.947723389,
        "stdev": 483.823822021
    },
    "spectral_complexity": {
        "max": 46,
        "mean": 14.0042829514,
        "min": 0,
        "stdev": 8.08448696136
    },
    "spectral_decrease": {
        "max": -6.40649963635e-11,
        "mean": -3.80458597959e-09,
        "min": -3.15890709146e-08,
        "stdev": 3.88163190479e-09
    },
    "spectral_energy": {
        "max": 0.131039559841,
        "mean": 0.0157465152442,
        "min": 0.000254211307038,
        "stdev": 0.0163205135614
    },
    "spectral_energyband_high": {
        "max": 0.000822671398055,
        "mean": 5.40513465239e-05,
        "min": 1.90059733995e-06,
        "stdev": 9.4139657449e-05
    },
    "spectral_energyband_low": {
        "max": 0.0204324647784,
        "mean": 0.00154876313172,
        "min": 1.66477366292e-05,
        "stdev": 0.00229834672064
    },
    "spectral_energyband_middle_high": {
        "max": 0.119864486158,
        "mean": 0.00798388943076,
        "min": 1.71902629518e-05,
        "stdev": 0.0129605475813
    },
    "spectral_energyband_middle_low": {
        "max": 0.0606593079865,
        "mean": 0.00676392996684,
        "min": 0.000191325831111,
        "stdev": 0.00644164346159
    },
    "spectral_entropy": {
        "max": 7.83908367157,
        "mean": 7.02284908295,
        "min": 5.71238851547,
        "stdev": 0.298382937908
    },
    "spectral_flux": {
        "max": 0.361416131258,
        "mean": 0.0630815029144,
        "min": 0.00573061639443,
        "stdev": 0.0460210256279
    },
    "spectral_kurtosis": {
        "max": 35.1554031372,
        "mean": 8.44637203217,
        "min": 0.00504612922668,
        "stdev": 5.22038507462
    },
    "spectral_rms": {
        "max": 0.0113067887723,
        "mean": 0.00345434248447,
        "min": 0.000498007051647,
        "stdev": 0.00185201689601
    },
    "spectral_rolloff": {
        "max": 3380.71289062,
        "mean": 1300.6138916,
        "min": 215.33203125,
        "stdev": 661.307556152
    },
    "spectral_skewness": {
        "max": 3.93609046936,
        "mean": 1.70546495914,
        "min": 0.0838648080826,
        "stdev": 0.645889878273
    },
    "spectral_spread": {
        "max": 5994573.5,
        "mean": 2372094,
        "min": 1396199.875,
        "stdev": 612703.125
    },
    "spectral_strongpeak": {
        "max": 12.1910066605,
        "mean": 1.48920428753,
        "min": 0.00998224038631,
        "stdev": 1.83578288555
    },
    "zerocrossingrate": {
        "max": 0.0966796875,
        "mean": 0.0444632172585,
        "min": 0.0087890625,
        "stdev": 0.0148121612146
    },
    "barkbands": {
        "max": [0.000105869519757, 0.00360629940405, 0.0150691540912, 0.0110734505579, 0.0111549803987, 0.013986770995, 0.0489116534591, 0.0328429602087, 0.0242757629603, 0.0914117842913, 0.0579141266644, 0.0602678246796, 0.0263209808618, 0.0326935946941, 0.0301283355802, 0.0126288998872, 0.012440844439, 0.00660487590358, 0.0115772234276, 0.00286874407902, 0.000406240025768, 6.94762929925e-05, 3.41027844115e-05, 3.94740018237e-05, 5.48939124201e-06, 9.66783630929e-08, 1.02548426639e-07],
        "mean": [1.4271564396e-05, 0.000252583646215, 0.000892946496606, 0.000545069458894, 0.00105449894909, 0.00111712061334, 0.00200693774968, 0.000741661933716, 0.000927287212107, 0.00144434452523, 0.00130740040913, 0.00162283156533, 0.000623982865363, 0.00113129033707, 0.000380605342798, 0.000323634914821, 0.00049627025146, 0.000413685978856, 0.0003296713694, 0.000101426521724, 1.39605253935e-05, 2.09216636904e-06, 1.14163128728e-06, 1.55993006956e-06, 2.44920585146e-07, 7.31372962193e-10, 7.97180155221e-10],
        "min": [3.77898942361e-07, 7.19176659914e-06, 4.04661562925e-07, 1.80816414286e-06, 2.18183822653e-06, 2.69072506853e-06, 2.41567772719e-06, 1.96995233637e-06, 1.63443201018e-06, 4.24074670491e-07, 3.92521798176e-07, 3.82398525289e-07, 2.19614918251e-07, 2.96756979878e-07, 2.68366875389e-07, 8.69754160249e-07, 2.94758166319e-07, 3.55494961468e-07, 4.40734424956e-07, 3.07235239916e-07, 1.98022647169e-07, 9.10328594728e-08, 1.22630950727e-07, 1.14970490017e-07, 2.79913585643e-08, 6.55041784703e-11, 9.17419196167e-11],
        "stdev": [1.12898678708e-05, 0.000265130598564, 0.00159665581305, 0.000973580288701, 0.00120392860845, 0.00151170126628, 0.0039601274766, 0.00149573048111, 0.00225699343719, 0.00483810482547, 0.00486153597012, 0.00513782957569, 0.00192779407371, 0.00322650396265, 0.00120510335546, 0.000860814354382, 0.00127042038366, 0.000756510766223, 0.000652638729662, 0.000196775465156, 3.35728946084e-05, 4.58116619484e-06, 1.94800850295e-06, 2.92660661216e-06, 3.94143569338e-07, 4.52012915986e-09, 4.82851980621e-09]
    },
    "erbbands": {
        "max": [0.0528975650668, 0.982415318489, 10.0319595337, 34.483165741, 31.3981285095, 62.8408737183, 74.0595855713, 130.189208984, 645.888793945, 606.983032227, 777.476318359, 751.396179199, 1356.7746582, 3088.09204102, 3295.42407227, 1402.78991699, 1380.95751953, 1755.69934082, 1061.34143066, 629.381652832, 518.790527344, 754.933349609, 409.483612061, 909.921508789, 251.488021851, 89.8077087402, 24.5313472748, 8.12948894501, 2.1758825779, 0.459186464548, 1.37569141388, 0.895589530468, 0.630341529846, 0.132497996092, 0.00797875598073, 0.000392294692574, 0.00018211643328, 6.45696127322e-05, 7.25037170923e-05, 0.000157299189596],
        "mean": [0.00787682272494, 0.0643037855625, 0.655630171299, 1.98177886009, 1.8761715889, 3.98655581474, 5.74102020264, 11.4998521805, 30.94764328, 17.7118206024, 15.7563486099, 23.2730560303, 38.3954277039, 40.6588134766, 69.7614059448, 59.7107658386, 33.5045318604, 48.6381835938, 36.5960464478, 19.0440444946, 17.8359928131, 28.1603565216, 22.0721588135, 23.97539711, 11.3258886337, 5.18369436264, 1.19647037983, 0.334912985563, 0.090634547174, 0.0316737182438, 0.0358210355043, 0.0353920497, 0.0228082090616, 0.00588162522763, 0.000272289704299, 2.4333010515e-05, 9.56303119892e-06, 3.33679054165e-06, 8.93317246664e-06, 1.89762140508e-05],
        "min": [0.000204762720386, 0.00164386560209, 0.00223434623331, 0.00679916050285, 0.0057766889222, 0.00974930357188, 0.0390793345869, 0.04181836918, 0.0575577132404, 0.0509207844734, 0.080986969173, 0.0378419309855, 0.0289357434958, 0.0176646243781, 0.0146956210956, 0.026489470154, 0.0118851494044, 0.0174224693328, 0.0309376288205, 0.0294716972858, 0.0393827743828, 0.0204084757715, 0.0208124667406, 0.0297278407961, 0.0135541399941, 0.0130675006658, 0.00974083226174, 0.00829267967492, 0.00684193940833, 0.00510145537555, 0.00314580393024, 0.00290640047751, 0.00160699081607, 0.000963350932579, 3.52463503077e-05, 3.63833169104e-06, 7.33765659788e-07, 1.75642426825e-07, 2.17864950969e-07, 4.29576260785e-07],
        "stdev": [0.00534232752398, 0.0771258696914, 1.10496902466, 3.39894556999, 2.54125666618, 5.43386268616, 6.7864985466, 15.1009693146, 57.6045150757, 38.3445396423, 34.2084465027, 57.8911590576, 99.2198867798, 170.695877075, 239.745529175, 157.989425659, 91.5565261841, 141.527496338, 84.302520752, 45.7090148926, 44.1835670471, 72.3117446899, 38.8991279602, 47.1030845642, 21.6036338806, 9.7459154129, 2.32237744331, 0.753203332424, 0.189169153571, 0.0386822596192, 0.0702851340175, 0.0678949803114, 0.0409488305449, 0.00954392552376, 0.000449860381195, 2.97295919154e-05, 1.26406657728e-05, 4.78780430058e-06, 9.54738698056e-06, 2.00139947992e-05]
    },
    "gfcc": {
        "mean": [-101.134735107, 170.825912476, -173.384628296, 26.3280448914, -52.0568618774, -7.32088708878, -29.8426990509, -1.9849139452, -8.99390792847, -23.35638237, 16.9053115845, -22.1782836914, 6.65846586227],
        "cov": [[3586.47583008, 173.622314453, -1302.27966309, -272.046325684, 580.910827637, -654.176574707, 383.463256836, -142.444625854, -224.900756836, -101.692321777, -31.6890487671, -242.958374023, -297.928100586], [173.622314453, 222.097503662, 27.153711319, -34.5951843262, 39.4331054688, -50.7542800903, 32.8728218079, -42.7420082092, -7.94010591507, -50.0509376526, -29.4582843781, -50.371711731, -37.8346862793], [-1302.27966309, 27.153711319, 754.551452637, 238.046310425, -282.598449707, 220.095809937, -185.099960327, 59.9368972778, 74.4495849609, -4.92017507553, -54.4982376099, 54.3961830139, 91.6573486328], [-272.046325684, -34.5951843262, 238.046310425, 337.007171631, -22.3046913147, -61.4421310425, -107.588607788, 56.8312606812, 18.9023571014, -4.21610546112, -44.1125068665, -29.2627010345, -8.03425216675], [580.910827637, 39.4331054688, -282.598449707, -22.3046913147, 253.63079834, -92.5494537354, 73.9467163086, -41.1970100403, -54.0734481812, -25.47407341, -0.48876991868, -60.9606628418, -88.1558456421], [-654.176574707, -50.7542800903, 220.095809937, -61.4421310425, -92.5494537354, 428.030273438, 4.86884737015, -67.7264175415, -8.56228256226, 9.09775447845, -36.3047027588, 22.6317043304, 63.3170089722], [383.463256836, 32.8728218079, -185.099960327, -107.588607788, 73.9467163086, 4.86884737015, 165.45614624, -22.9405822754, -67.9050140381, -23.7002544403, 9.61524963379, -19.4714221954, -34.058429718], [-142.444625854, -42.7420082092, 59.9368972778, 56.8312606812, -41.1970100403, -67.7264175415, -22.9405822754, 123.155838013, 50.7288856506, 3.76464629173, 12.9956245422, 19.2397041321, 15.3497724533], [-224.900756836, -7.94010591507, 74.4495849609, 18.9023571014, -54.0734481812, -8.56228256226, -67.9050140381, 50.7288856506, 119.664009094, 45.9427680969, -10.1676177979, 11.9226503372, 27.3634128571], [-101.692321777, -50.0509376526, -4.92017507553, -4.21610546112, -25.47407341, 9.09775447845, -23.7002544403, 3.76464629173, 45.9427680969, 81.1820983887, 30.0576648712, 12.6836471558, 10.1612615585], [-31.6890487671, -29.4582843781, -54.4982376099, -44.1125068665, -0.48876991868, -36.3047027588, 9.61524963379, 12.9956245422, -10.1676177979, 30.0576648712, 98.3056259155, 54.3267364502, 2.86307454109], [-242.958374023, -50.371711731, 54.3961830139, -29.2627010345, -60.9606628418, 22.6317043304, -19.4714221954, 19.2397041321, 11.9226503372, 12.6836471558, 54.3267364502, 102.164596558, 59.8632774353], [-297.928100586, -37.8346862793, 91.6573486328, -8.03425216675, -88.1558456421, 63.3170089722, -34.058429718, 15.3497724533, 27.3634128571, 10.1612615585, 2.86307454109, 59.8632774353, 93.8041152954]],
        "icov": [[0.00156481866725, -0.000565218389966, 0.00218642270193, -0.000129098858451, 0.000410365173593, 0.00137119437568, -0.00070211122511, 0.000505229516421, 0.00117475714069, -0.000161247357028, 0.00224483478814, -0.000211665275856, 0.00145840982441], [-0.000565218389966, 0.0139621803537, -0.00766572821885, 0.0039525302127, -0.00363207818009, 0.00512924185023, -0.00631563039497, 0.00992822181433, -0.0099727390334, 0.0107634626329, -0.00708088930696, 0.0100797573105, -0.00360148050822], [0.00218642270193, -0.00766572821885, 0.0117851337418, -0.00523654185236, 0.00678932201117, -0.00351341068745, 0.00450277654454, -0.00475602410734, 0.00538451131433, -0.0026678671129, 0.00674262503162, -0.00730231357738, 0.00622622063383], [-0.000129098858451, 0.0039525302127, -0.00523654185236, 0.00818423740566, -0.003873139387, 0.00335922255181, 0.00124818983022, -0.000482302217279, 0.00167284812778, -0.000675743271131, 0.00119052163791, 0.00417597545311, -0.00148952309974], [0.000410365173593, -0.00363207818009, 0.00678932201117, -0.003873139387, 0.0117116728798, -0.00220269314013, 0.00139891461004, -0.000581273226999, 0.00149547250476, 0.00094152247766, 0.00169952574652, -0.00324853905477, 0.0074520544149], [0.00137119437568, 0.00512924185023, -0.00351341068745, 0.00335922255181, -0.00220269314013, 0.00814713537693, -0.00488744489849, 0.0065999221988, -0.00181287026498, 0.00179724744521, 0.00107151514385, 0.00436828425154, -0.00276558054611], [-0.00070211122511, -0.00631563039497, 0.00450277654454, 0.00124818983022, 0.00139891461004, -0.00488744489849, 0.0166837275028, -0.00949696823955, 0.0113279735669, -0.00580621790141, 0.00427202694118, -0.0048164119944, 0.00342295714654], [0.000505229516421, 0.00992822181433, -0.00475602410734, -0.000482302217279, -0.000581273226999, 0.0065999221988, -0.00949696823955, 0.0228088628501, -0.0161970499903, 0.0135284103453, -0.00934713985771, 0.00771955400705, -0.00334852212109], [0.00117475714069, -0.0099727390334, 0.00538451131433, 0.00167284812778, 0.00149547250476, -0.00181287026498, 0.0113279735669, -0.0161970499903, 0.029944870621, -0.0213628038764, 0.0160456765443, -0.00905231013894, 0.00284936511889], [-0.000161247357028, 0.0107634626329, -0.0026678671129, -0.000675743271131, 0.00094152247766, 0.00179724744521, -0.00580621790141, 0.0135284103453, -0.0213628038764, 0.0337470807135, -0.0186966694891, 0.0128563167527, -0.00332988193259], [0.00224483478814, -0.00708088930696, 0.00674262503162, 0.00119052163791, 0.00169952574652, 0.00107151514385, 0.00427202694118, -0.00934713985771, 0.0160456765443, -0.0186966694891, 0.0341834723949, -0.0233725570142, 0.0129590071738], [-0.000211665275856, 0.0100797573105, -0.00730231357738, 0.00417597545311, -0.00324853905477, 0.00436828425154, -0.0048164119944, 0.00771955400705, -0.00905231013894, 0.0128563167527, -0.0233725570142, 0.0378607027233, -0.0203276257962], [0.00145840982441, -0.00360148050822, 0.00622622063383, -0.00148952309974, 0.0074520544149, -0.00276558054611, 0.00342295714654, -0.00334852212109, 0.00284936511889, -0.00332988193259, 0.0129590071738, -0.0203276257962, 0.0303959753364]]
    },
    "melbands": {
        "max": [0.00076863024151, 0.00395185640082, 0.00535364588723, 0.00274982326664, 0.002018510364, 0.00307968258858, 0.0104875480756, 0.00537020014599, 0.00589245837182, 0.00462062004954, 0.00698757264763, 0.0141273913905, 0.00872963666916, 0.00784899201244, 0.00259921792895, 0.00224931817502, 0.00363507913426, 0.00193840195425, 0.00256642769091, 0.00118859542999, 0.000884509587195, 0.00100401882082, 0.000628251989838, 0.000475795415696, 0.000881126907188, 0.000323382555507, 0.000176126442966, 5.91519383306e-05, 1.83662305062e-05, 1.06509614852e-05, 4.59714510725e-06, 1.54280701281e-06, 3.59009220574e-07, 2.12602117244e-07, 7.72793498527e-07, 5.19561012879e-07, 6.02684735895e-07, 5.43163878319e-07, 2.34385836961e-07, 8.38661620151e-08],
        "mean": [6.8670255132e-05, 0.000278094637906, 0.000320511113387, 0.000201686736546, 0.000207558900001, 0.000270108954282, 0.000447136262665, 0.00017779530026, 0.000123272940982, 0.000147858270793, 0.00019715144299, 0.000165940859006, 0.000207817342016, 0.00020235273405, 0.000105124468973, 5.94546327193e-05, 0.000100169709185, 7.0709931606e-05, 2.55023278442e-05, 2.51269811997e-05, 1.8920391085e-05, 2.87756120088e-05, 2.46424478973e-05, 1.91064573301e-05, 2.007103285e-05, 1.00599972939e-05, 5.16004365636e-06, 2.92209165309e-06, 8.17113175344e-07, 3.10176432095e-07, 1.4143680005e-07, 5.5036903035e-08, 2.18869349311e-08, 1.47410652573e-08, 1.94556530886e-08, 2.1946954476e-08, 2.20640714588e-08, 1.80342603073e-08, 1.02490309573e-08, 2.88600299214e-09],
        "min": [1.98492193704e-06, 2.72896886599e-06, 1.37975064263e-06, 4.52260280781e-07, 2.04413936444e-06, 4.67744570187e-07, 6.46197236165e-07, 3.39923957426e-07, 2.10845200854e-07, 2.46408177418e-07, 4.58742590581e-08, 5.6280942573e-08, 5.06240382947e-08, 4.48975576717e-08, 2.5865439568e-08, 1.96289189347e-08, 2.41942661461e-08, 4.1093912273e-08, 1.59631188268e-08, 3.50816549144e-08, 3.92870482813e-08, 1.59174042835e-08, 1.80074248846e-08, 2.04042009955e-08, 1.57459716377e-08, 1.00246113632e-08, 3.15980819288e-09, 6.52884191155e-09, 5.78818193375e-09, 4.43478720413e-09, 3.02286617959e-09, 2.15320275498e-10, 1.31164323847e-09, 2.72291988956e-09, 1.74467429392e-09, 1.71296254958e-09, 1.80632886426e-09, 1.06096187391e-09, 1.13905440635e-09, 2.09818426522e-10],
        "stdev": [5.94831872149e-05, 0.000439791911049, 0.00049984123325, 0.000245270668529, 0.000231624493608, 0.000351675204001, 0.000836628023535, 0.000370510795619, 0.000269641604973, 0.00037592658191, 0.000524393108208, 0.00073086010525, 0.000736641464755, 0.000683358521201, 0.000267271301709, 0.000180133181857, 0.000310657836962, 0.000176358662429, 9.17980141821e-05, 6.90913511789e-05, 5.30284778506e-05, 8.15226885607e-05, 5.70423180761e-05, 3.67330976587e-05, 4.22059456469e-05, 2.1350759198e-05, 1.04990176624e-05, 5.6509334172e-06, 1.67508937921e-06, 7.83129905813e-07, 3.37537670703e-07, 1.25804533013e-07, 3.32318528251e-08, 1.59878652539e-08, 3.8193075369e-08, 4.04039930402e-08, 4.54887221224e-08, 3.44095525406e-08, 1.65544609132e-08, 5.20019360906e-09]
    },
    "melbands128": {
        "max": [7.65115764807e-05, 0.000369057030184, 0.0010927983094, 0.00184637494385, 0.00242680986412, 0.00924797728658, 0.00811649765819, 0.00424273312092, 0.00410271435976, 0.00488959345967, 0.00477147707716, 0.00329007022083, 0.00346213625744, 0.00586901372299, 0.00334752723575, 0.00709710409865, 0.00971780903637, 0.0178715474904, 0.0148964617401, 0.00782759301364, 0.00530363619328, 0.00933523476124, 0.00633832579479, 0.00388431199826, 0.00901280716062, 0.009342671372, 0.00748869776726, 0.0116750504822, 0.0135363265872, 0.032754637301, 0.0178103428334, 0.0123890638351, 0.017241358757, 0.0259455535561, 0.0176332518458, 0.00843374617398, 0.00601643836126, 0.00529242074117, 0.00685511250049, 0.00439201109111, 0.00306623592041, 0.00393901206553, 0.0049954187125, 0.00674526859075, 0.00597323616967, 0.00169113068841, 0.00384114915505, 0.00557431066409, 0.0011155953398, 0.00168366008438, 0.00239521218464, 0.00222947332077, 0.00137514411472, 0.00196510041133, 0.00155255105346, 0.00220395927317, 0.00166144466493, 0.00128260359634, 0.000965551764239, 0.00072576419916, 0.000970791094005, 0.000923349289224, 0.00135423312895, 0.00112282088958, 0.000447796483058, 0.000612580799498, 0.00028726644814, 0.000183985961485, 0.00032283415203, 0.000193557047169, 0.000114022222988, 5.69420626562e-05, 3.95417955588e-05, 3.12105585181e-05, 3.00936644635e-05, 1.03159081846e-05, 1.08734557216e-05, 7.54169468564e-06, 5.51097173229e-06, 5.22976279171e-06, 1.48699268721e-06, 1.77018887371e-06, 1.02801129742e-06, 3.86766657812e-07, 3.70567903474e-07, 2.30617359875e-07, 3.21161309103e-07, 2.23065171667e-07, 4.52708889043e-07, 2.05065089176e-06, 6.32659691746e-07, 6.49666787922e-07, 5.60604291877e-07, 7.26844064047e-07, 9.19831677493e-07, 8.13379017472e-07, 5.94188236391e-07, 3.64349972415e-07, 2.84791923377e-07, 1.93960545403e-07, 1.42373494327e-07, 1.11391173618e-07, 3.22738209491e-08, 1.6846769535e-09, 7.90454701693e-10, 7.54901807731e-10, 7.24266591146e-10, 6.93113233474e-10, 6.62037813459e-10, 6.37992325636e-10, 6.12786266174e-10, 5.89743254231e-10, 5.69954028418e-10, 5.44894795951e-10, 5.24772281185e-10, 5.14110365391e-10, 4.95989249671e-10, 4.81748529957e-10, 4.62227783826e-10, 4.52704457254e-10, 4.41143899188e-10, 4.34944191774e-10, 4.26715524027e-10, 4.20674162172e-10, 4.10070782886e-10, 4.06155803434e-10, 4.02446465042e-10, 4.0036091109e-10],
        "mean": [1.18786001622e-05, 6.18891936028e-05, 8.80898005562e-05, 9.05663109734e-05, 0.000193292333279, 0.000532335194293, 0.000460792944068, 0.000203845891519, 0.000175925975782, 0.000187666431884, 0.000229623357882, 0.000247149495408, 0.000182143034181, 0.000185522687389, 0.000226352465688, 0.000271518394584, 0.000560565444175, 0.000525554991327, 0.000269245851086, 0.000155994101078, 0.000161897187354, 0.0001375018619, 0.000123736259411, 8.69818759384e-05, 0.000162110532983, 0.000168298283825, 0.000129468913656, 0.000198516863747, 0.000268060772214, 0.000189042111742, 0.000126155006001, 0.000116032235383, 0.000216936110519, 0.000268615753157, 0.000249212433118, 0.000165009507327, 0.000158146809554, 0.000103067621239, 7.91834245319e-05, 6.54693867546e-05, 5.28120908712e-05, 5.1385286497e-05, 7.97687025624e-05, 0.000153517787112, 0.000110269538709, 4.66354067612e-05, 3.53623581759e-05, 2.35655315919e-05, 2.06532531593e-05, 2.77944363916e-05, 2.58309555647e-05, 2.29927954933e-05, 1.98108173208e-05, 1.54902445502e-05, 2.07091288758e-05, 3.05898793158e-05, 3.53514224116e-05, 3.08260823658e-05, 1.87025143532e-05, 1.71650590346e-05, 1.558124859e-05, 2.32743022934e-05, 2.71502321993e-05, 1.71373103512e-05, 1.26520762933e-05, 1.01333143903e-05, 9.16199223866e-06, 4.88893556394e-06, 4.42679674961e-06, 5.0510498113e-06, 3.1517415664e-06, 1.95656434698e-06, 9.94236984297e-07, 6.69025610023e-07, 4.68838067036e-07, 3.46470784507e-07, 2.13907654256e-07, 2.15801705394e-07, 1.16648763537e-07, 9.63232267281e-08, 6.02018488394e-08, 4.01357880264e-08, 2.88705113149e-08, 2.05023233946e-08, 1.59640958231e-08, 1.42461136221e-08, 1.44417278136e-08, 1.52218486704e-08, 1.86898887478e-08, 2.37130954872e-08, 2.30917525101e-08, 2.07153512122e-08, 2.12103792308e-08, 2.19322426886e-08, 2.34947368227e-08, 2.08899422205e-08, 1.69509224435e-08, 1.35632003406e-08, 1.11169482508e-08, 8.48151504584e-09, 5.21821208466e-09, 1.5805520226e-09, 5.82862758058e-10, 2.73695406616e-11, 6.02647315731e-12, 5.68490653857e-12, 5.45046950282e-12, 5.14687164416e-12, 4.94594773123e-12, 4.76438983751e-12, 4.61712309011e-12, 4.48821535493e-12, 4.32215461338e-12, 4.16827813585e-12, 4.05047002883e-12, 3.95431951072e-12, 3.84435105277e-12, 3.75955603454e-12, 3.6639437144e-12, 3.57781599486e-12, 3.48669877692e-12, 3.42756508939e-12, 3.38357879041e-12, 3.31753569928e-12, 3.12582989007e-12, 2.83808024824e-12, 2.6750559233e-12, 2.64128497719e-12],
        "min": [1.82042203534e-08, 1.11336066766e-06, 9.2800451057e-07, 4.5420455308e-07, 2.37376923451e-07, 2.72528438927e-07, 6.19107822786e-07, 7.23448863482e-07, 9.21693654732e-08, 2.81006631297e-08, 3.97696027221e-07, 2.89060835712e-07, 1.27285375129e-07, 4.31440298598e-07, 4.06212272708e-08, 2.05809342901e-07, 8.36078015709e-08, 6.7429198225e-08, 1.82205511123e-07, 1.58727914368e-07, 9.93362760937e-08, 1.62934014725e-07, 2.33933441507e-08, 3.79129474481e-08, 6.31898089409e-08, 6.92842263561e-08, 2.3240366076e-08, 1.0495860181e-08, 1.08981410563e-08, 2.84308896426e-08, 3.41601555931e-08, 1.5429206357e-08, 2.70721862705e-08, 1.49305865449e-08, 1.8224598719e-08, 1.33582505057e-08, 1.19766934148e-08, 9.8192440845e-09, 2.24714611363e-08, 3.9397245466e-09, 4.78384709623e-09, 5.20981124907e-09, 1.25781740579e-08, 2.36597461623e-08, 1.44240521749e-08, 2.03576107083e-08, 4.37028857547e-09, 8.00859645267e-09, 2.13455408904e-09, 1.2916954617e-08, 1.27028290109e-08, 2.78774532347e-08, 7.57140927732e-09, 1.05658983784e-08, 1.18492140544e-08, 7.743458319e-09, 5.02577002237e-09, 9.03450647627e-09, 8.36027602702e-09, 7.56365459154e-09, 7.01552638205e-09, 8.67698712881e-09, 1.47060399414e-08, 1.09535243098e-08, 5.62379698366e-09, 4.78413442195e-09, 6.41482333918e-09, 2.9675508717e-09, 2.52908716192e-09, 1.82982995423e-09, 2.93739810253e-09, 3.41810801885e-09, 3.85244458556e-09, 1.13336917629e-09, 1.76951309161e-09, 1.95062543895e-09, 2.45558262613e-09, 9.0256596641e-10, 4.65033650476e-10, 1.7098747418e-10, 3.47851136784e-10, 1.77424505643e-10, 4.84018797264e-11, 3.76743858332e-10, 1.08780917607e-09, 6.6297572987e-10, 4.35582708791e-10, 1.59444357717e-09, 1.39144240574e-09, 1.8763106624e-09, 1.15164056069e-09, 1.88937465673e-09, 1.71390468484e-09, 2.22680140993e-09, 1.3192249515e-09, 1.12736742164e-09, 9.64591850838e-10, 9.61643653596e-10, 1.13372355948e-09, 1.08122732989e-09, 1.51692297612e-10, 6.25752867491e-13, 3.16525126422e-13, 3.242672244e-13, 1.97721315232e-13, 2.41950963388e-13, 1.86444731724e-13, 2.33090836129e-13, 3.09855439917e-13, 2.42215291877e-13, 2.87643091854e-13, 2.3827405435e-13, 2.35897049507e-13, 2.25052276619e-13, 2.28803927844e-13, 2.76031747373e-13, 2.37589272258e-13, 2.62862431474e-13, 2.7351295599e-13, 2.40464495104e-13, 2.68941769896e-13, 2.81355722141e-13, 3.07710860915e-13, 3.16150886937e-13, 2.04236652005e-13, 7.95844103509e-14, 1.01771034024e-14, 2.98969728445e-16],
        "stdev": [9.04196895135e-06, 3.72364083887e-05, 9.11005336093e-05, 0.000139487878187, 0.000323331652908, 0.000972790236119, 0.000831115874462, 0.000368924724171, 0.000286713242531, 0.000293484888971, 0.000383737060474, 0.000350311252987, 0.000251724122791, 0.000393295369577, 0.000358782854164, 0.000566524744499, 0.00114262395073, 0.00121745537035, 0.000955413386691, 0.000457948772237, 0.00032568606548, 0.000392253656173, 0.000363863626262, 0.000255541759543, 0.000574741745368, 0.000529969867785, 0.000468567624921, 0.000724127574358, 0.000884373148438, 0.00120430567767, 0.000902022700757, 0.000578484497964, 0.00105401908513, 0.00135233788751, 0.00133356137667, 0.000657261174638, 0.000598939543124, 0.000334883865435, 0.000399623706471, 0.000301500025671, 0.000199969581445, 0.000257892126683, 0.000345050968463, 0.00060382776428, 0.000414904876379, 0.000137909300975, 0.00016980257351, 0.000167701378814, 7.33989145374e-05, 9.71102635958e-05, 0.000101647921838, 0.000108588552393, 7.48144375393e-05, 7.28111699573e-05, 8.73471290106e-05, 0.00012632193102, 0.000134321962832, 0.000114546790428, 5.49072392459e-05, 4.65768534923e-05, 4.55867811979e-05, 7.12842811481e-05, 7.67797173467e-05, 5.10906393174e-05, 3.33568750648e-05, 3.30576076522e-05, 2.42559854087e-05, 1.37036267915e-05, 1.51621161422e-05, 1.44545492731e-05, 8.3146869656e-06, 4.1569755922e-06, 2.6766465453e-06, 1.76897935944e-06, 1.53410917392e-06, 9.8120074199e-07, 6.43713917725e-07, 6.06842490924e-07, 3.17234366776e-07, 3.04920007466e-07, 1.39376524544e-07, 9.88571784433e-08, 5.81394168364e-08, 3.11895682614e-08, 2.0208766216e-08, 1.6729412522e-08, 1.74179124457e-08, 1.86940152247e-08, 3.26508562409e-08, 7.52994537834e-08, 4.45915020464e-08, 3.6798958547e-08, 3.93051209358e-08, 5.07696462648e-08, 5.44489822119e-08, 4.64870169026e-08, 3.11426013866e-08, 2.21969855829e-08, 1.92014724121e-08, 1.44594070051e-08, 9.95098670131e-09, 5.01003327713e-09, 1.83737969284e-09, 9.96168494916e-11, 3.69963781832e-11, 3.52334238174e-11, 3.36308481064e-11, 3.21690937777e-11, 3.09171473145e-11, 2.95700859632e-11, 2.85276802181e-11, 2.77387349201e-11, 2.66195780696e-11, 2.56022859163e-11, 2.47340255916e-11, 2.41797883799e-11, 2.33767501884e-11, 2.2671838365e-11, 2.17578507294e-11, 2.13367518098e-11, 2.08068614421e-11, 2.04176137802e-11, 1.99752766411e-11, 1.97291662174e-11, 1.93624474093e-11, 1.92306795488e-11, 1.90212637308e-11, 1.89206896678e-11]
    },
    "mfcc": {
        "mean": [-720.72277832, 178.511962891, -42.23487854, 21.7361774445, 4.14430713654, -15.3581924438, 2.86530590057, 1.37357056141, -12.800570488, 4.14417695999, -7.58814001083, 2.81173634529, -4.57763290405],
        "cov": [[4008.19677734, 369.799743652, -1758.39282227, 342.741241455, -256.880950928, -255.990753174, 270.555053711, -104.255187988, -175.869247437, 89.8059768677, -17.3697814941, 46.1520957947, -243.715484619], [369.799743652, 291.566101074, -176.725570679, -25.2796401978, -47.8980865479, -15.5320034027, 34.0258903503, 6.7215051651, -40.7513122559, 4.87683391571, 3.63973212242, -12.4439945221, -36.0601806641], [-1758.39282227, -176.725570679, 1103.3770752, -90.0910263062, 92.5164031982, 125.868202209, -160.303909302, 33.7530021667, 148.932952881, -87.5169219971, -24.1566886902, 5.77135181427, 84.4930114746], [342.741241455, -25.2796401978, -90.0910263062, 406.188079834, 73.6706390381, -196.695877075, -27.4815711975, -21.7129459381, -17.2658081055, 7.25375366211, -25.8509159088, 72.5345535278, 21.0410137177], [-256.880950928, -47.8980865479, 92.5164031982, 73.6706390381, 160.220687866, 8.25894451141, -49.3921165466, 3.92725586891, 6.16852331161, 16.13215065, 6.09828948975, -11.0151605606, 15.6192121506], [-255.990753174, -15.5320034027, 125.868202209, -196.695877075, 8.25894451141, 287.814025879, 53.3015518188, -6.90506362915, 38.3505592346, -15.06208992, 12.4876880646, -57.2846221924, -54.5599479675], [270.555053711, 34.0258903503, -160.303909302, -27.4815711975, -49.3921165466, 53.3015518188, 167.726364136, 35.2613372803, -51.9891395569, 2.60813808441, -3.57427740097, -17.4817390442, -27.4998722076], [-104.255187988, 6.7215051651, 33.7530021667, -21.7129459381, 3.92725586891, -6.90506362915, 35.2613372803, 83.2265930176, 6.52726650238, -10.4000902176, -10.0494127274, -15.2747840881, 10.5585289001], [-175.869247437, -40.7513122559, 148.932952881, -17.2658081055, 6.16852331161, 38.3505592346, -51.9891395569, 6.52726650238, 120.003089905, 9.02517604828, -13.7269182205, 1.70210659504, -10.4757385254], [89.8059768677, 4.87683391571, -87.5169219971, 7.25375366211, 16.13215065, -15.06208992, 2.60813808441, -10.4000902176, 9.02517604828, 80.4985351562, 21.3129234314, -12.6835098267, -12.5975780487], [-17.3697814941, 3.63973212242, -24.1566886902, -25.8509159088, 6.09828948975, 12.4876880646, -3.57427740097, -10.0494127274, -13.7269182205, 21.3129234314, 67.3955612183, 10.6052818298, -14.1836185455], [46.1520957947, -12.4439945221, 5.77135181427, 72.5345535278, -11.0151605606, -57.2846221924, -17.4817390442, -15.2747840881, 1.70210659504, -12.6835098267, 10.6052818298, 90.0661239624, 32.1081047058], [-243.715484619, -36.0601806641, 84.4930114746, 21.0410137177, 15.6192121506, -54.5599479675, -27.4998722076, 10.5585289001, -10.4757385254, -12.5975780487, -14.1836185455, 32.1081047058, 104.920936584]],
        "icov": [[0.00142996211071, -0.000409502419643, 0.00199932930991, -0.000814456492662, 0.000936856667977, 0.000224672301556, -0.000422596844146, 0.000874233723152, -0.00078083795961, 0.000709868036211, 0.000863896217197, -0.000570558535401, 0.0018113971455], [-0.000409502419643, 0.00430694734678, -0.000126716011437, 0.000461024872493, 0.000714876514394, -0.000111096953333, 0.00100414699409, -0.00145852158312, 0.00176013784949, -0.000512575148605, 0.000322031177348, -8.21321154945e-05, 0.000967262720224], [0.00199932930991, -0.000126716011437, 0.0045257313177, -0.0011259369785, 0.000924990628846, -0.000560591113754, 0.000662361446302, 0.000377823191229, -0.00248455349356, 0.00270010111853, 0.000822157948278, -0.000593819655478, 0.00125716812909], [-0.000814456492662, 0.000461024872493, -0.0011259369785, 0.00674965046346, -0.005238938611, 0.0048052337952, -0.00271048094146, 0.0026070557069, -0.000883560336661, 0.00065613159677, 0.00218696775846, -0.00319480989128, 0.00138950615656], [0.000936856667977, 0.000714876514394, 0.000924990628846, -0.005238938611, 0.0124804172665, -0.00499598449096, 0.00586407398805, -0.00446702865884, 0.00359381828457, -0.00381679041311, -0.000559933367185, 0.00217632134445, -0.000582913809922], [0.000224672301556, -0.000111096953333, -0.000560591113754, 0.0048052337952, -0.00499598449096, 0.0109249409288, -0.00765333278105, 0.0069958535023, -0.00556306773797, 0.00471349386498, -0.00156312226318, 0.00200298801064, 0.00287257670425], [-0.000422596844146, 0.00100414699409, 0.000662361446302, -0.00271048094146, 0.00586407398805, -0.00765333278105, 0.0159692335874, -0.0107502834871, 0.00903761852533, -0.00514398515224, 0.00319522898644, -0.00205393205397, 0.00113348069135], [0.000874233723152, -0.00145852158312, 0.000377823191229, 0.0026070557069, -0.00446702865884, 0.0069958535023, -0.0107502834871, 0.0213518571109, -0.00798040162772, 0.00634732982144, -0.00149810744915, 0.00444074394181, -0.00155728321988], [-0.00078083795961, 0.00176013784949, -0.00248455349356, -0.000883560336661, 0.00359381828457, -0.00556306773797, 0.00903761852533, -0.00798040162772, 0.0185368191451, -0.00896249245852, 0.00668661948293, -0.0049796178937, 0.00391567312181], [0.000709868036211, -0.000512575148605, 0.00270010111853, 0.00065613159677, -0.00381679041311, 0.00471349386498, -0.00514398515224, 0.00634732982144, -0.00896249245852, 0.0210841801018, -0.00807958096266, 0.0059467824176, -0.00107637199108], [0.000863896217197, 0.000322031177348, 0.000822157948278, 0.00218696775846, -0.000559933367185, -0.00156312226318, 0.00319522898644, -0.00149810744915, 0.00668661948293, -0.00807958096266, 0.0233376584947, -0.00942012201995, 0.00701062800363], [-0.000570558535401, -8.21321154945e-05, -0.000593819655478, -0.00319480989128, 0.00217632134445, 0.00200298801064, -0.00205393205397, 0.00444074394181, -0.0049796178937, 0.0059467824176, -0.00942012201995, 0.0207497645169, -0.0079087857157], [0.0018113971455, 0.000967262720224, 0.00125716812909, 0.00138950615656, -0.000582913809922, 0.00287257670425, 0.00113348069135, -0.00155728321988, 0.00391567312181, -0.00107637199108, 0.00701062800363, -0.0079087857157, 0.0184440240264]]
    },
    "spectral_contrast_coeffs": {
        "max": [-0.522338032722, -0.43664598465, -0.414348095655, -0.579476296902, -0.593981266022, -0.672058999538],
        "mean": [-0.710552275181, -0.730854034424, -0.713628351688, -0.767227590084, -0.753598213196, -0.786622285843],
        "min": [-0.86465626955, -0.904978692532, -0.896105527878, -0.911408424377, -0.889387071133, -0.868816196918],
        "stdev": [0.0600800327957, 0.0711687207222, 0.0789658278227, 0.0566174164414, 0.0607413835824, 0.039109710604]
    },
    "spectral_contrast_valleys": {
        "max": [-5.91472959518, -5.06240081787, -5.3823299408, -5.7627248764, -6.15880298615, -10.6021442413],
        "mean": [-7.32194423676, -6.94856786728, -7.78207826614, -8.04494380951, -8.35927963257, -12.1545467377],
        "min": [-8.9414396286, -9.13175010681, -10.081161499, -10.5406236649, -10.1397809982, -13.0351915359],
        "stdev": [0.614174067974, 0.730056285858, 0.835863113403, 0.817281067371, 0.815539479256, 0.308324128389]
    }
},
"rhythm": {
    "beats_count": 51,
    "beats_loudness": {
        "max": 0.109703145921,
        "mean": 0.0222799200565,
        "min": 0.000696322065778,
        "stdev": 0.0204168055207
    },
    "bpm": 89.1204605103,
    "bpm_histogram_first_peak_bpm": 89,
    "bpm_histogram_first_peak_weight": 0.33333337307,
    "bpm_histogram_second_peak_bpm": 103,
    "bpm_histogram_second_peak_spread": 0.600000023842,
    "bpm_histogram_second_peak_weight": 0.119999997318,
    "danceability": 1.03254878521,
    "onset_rate": 2.52246069908,
    "beats_loudness_band_ratio": {
        "max": [0.772110283375, 0.761886537075, 0.665849506855, 0.934544026852, 0.378795206547, 0.104877144098],
        "mean": [0.174144014716, 0.191389873624, 0.279793977737, 0.287191420794, 0.120911791921, 0.0210034381598],
        "min": [0.00400138273835, 0.00350926234387, 0.00996022112668, 0.00899651646614, 0.00217548944056, 0.00072979030665],
        "stdev": [0.180214315653, 0.166356518865, 0.192309454083, 0.262099802494, 0.108843065798, 0.0242719911039]
    },
    "beats_position": [0.696598649025, 1.38158726692, 2.06657600403, 2.73995471001, 3.41333317757, 4.07510185242, 4.73687076569, 5.41024923325, 6.08362817764, 6.74539661407, 7.40716552734, 8.08054447174, 8.74231243134, 9.41569137573, 10.077460289, 10.6463489532, 11.2152376175, 11.7841272354, 12.3762359619, 12.9683446884, 13.5488433838, 14.1293420792, 14.7098407745, 15.2322902679, 15.7431287766, 16.2655773163, 16.7880268097, 17.3104763031, 17.8097057343, 18.3785934448, 18.9590930939, 19.5395908356, 20.1084804535, 20.6889801025, 21.3043079376, 21.9196376801, 22.5349655151, 23.1502952576, 23.7656230927, 24.3577327728, 24.9498405457, 25.6464385986, 26.3314285278, 27.0164165497, 27.7014045715, 28.3747844696, 29.0481624603, 29.7215423584, 30.3949203491, 31.0682983398, 31.7300682068],
