{
"metadata": {
    "version": {
        "essentia": "2.1-beta5",
        "essentia_git_sha": "Undefined",
        "extractor": "music 2.0"
    },
    "audio_properties": {
        "analysis": {
            "equal_loudness": 0,
            "length": 27.9452152252,
            "sample_rate": 44100,
            "start_time": 162.481628418,
            "downmix": "mix"
        },
        "bit_rate": 192000,
        "length": 190.450073242,
        "lossless": 0,
        "number_channels": 2,
        "replay_gain": -6.93453598022,
        "sample_rate": 44100,
        "codec": "mp3",
        "md5_encoded": "50f5720aafbb702a5457a7a79753b9b8"
    },
    "tags": {
        "file_name": "Germany_Laß Die Sonne In Dein Herz_Wind.mp3",
        "encoding": ["Lavf58.29.100"]
    }
},
"lowlevel": {
    "average_loudness": 0.813453555107,
    "barkbands_crest": {
        "max": 21.2109832764,
        "mean": 7.48234176636,
        "min": 2.69531869888,
        "stdev": 2.6365916729
    },
    "barkbands_flatness_db": {
        "max": 0.254250138998,
        "mean": 0.153851076961,
        "min": 0.0390997640789,
        "stdev": 0.0390402562916
    },
    "barkbands_kurtosis": {
        "max": 9.52133560181,
        "mean": 0.746354758739,
        "min": -1.59573507309,
        "stdev": 1.66266620159
    },
    "barkbands_skewness": {
        "max": 2.7954826355,
        "mean": 0.306415855885,
        "min": -2.1870777607,
        "stdev": 0.989511370659
    },
    "barkbands_spread": {
        "max": 44.7017173767,
        "mean": 18.0085506439,
        "min": 4.69069385529,
        "stdev": 6.73948478699
    },
    "dissonance": {
        "max": 0.499934136868,
        "mean": 0.468233644962,
        "min": 0.182403892279,
        "stdev": 0.0238254573196
    },
    "dynamic_complexity": 4.26039218903,
    "erbbands_crest": {
        "max": 26.2304401398,
        "mean": 7.81536483765,
        "min": 2.61147093773,
        "stdev": 3.30988073349
    },
    "erbbands_flatness_db": {
        "max": 0.336701363325,
        "mean": 0.218685850501,
        "min": 0.0841721594334,
        "stdev": 0.0556426979601
    },
    "erbbands_kurtosis": {
        "max": 5.46569347382,
        "mean": -0.235248103738,
        "min": -1.68817961216,
        "stdev": 0.799965083599
    },
    "erbbands_skewness": {
        "max": 2.05542087555,
        "mean": 0.00847529992461,
        "min": -2.30005073547,
        "stdev": 0.495747745037
    },
    "erbbands_spread": {
        "max": 70.4804000854,
        "mean": 25.4751243591,
        "min": 7.7544875145,
        "stdev": 9.3630027771
    },
    "hfc": {
        "max": 112.227500916,
        "mean": 15.2966089249,
        "min": 1.05619800593e-16,
        "stdev": 17.2691402435
    },
    "loudness_ebu128": {
        "integrated": -17.9075374603,
        "loudness_range": 5.8770942688,
        "momentary": {
            "max": -14.0177574158,
            "mean": -51.794052124,
            "min": -300.691009521,
            "stdev": 88.3230895996
        },
        "short_term": {
            "max": -15.3891334534,
            "mean": -26.3860321045,
            "min": -300.691009521,
            "stdev": 39.6091766357
        }
    },
    "melbands_crest": {
        "max": 28.2352371216,
        "mean": 9.32353496552,
        "min": 1.62634241581,
        "stdev": 4.29766988754
    },
    "melbands_flatness_db": {
        "max": 0.302007168531,
        "mean": 0.177344322205,
        "min": 0.00304372143,
        "stdev": 0.0704991221428
    },
    "melbands_kurtosis": {
        "max": 20.7082138062,
        "mean": 1.86597061157,
        "min": -1.67386674881,
        "stdev": 3.00941061974
    },
    "melbands_skewness": {
        "max": 4.23174762726,
        "mean": 1.00879955292,
        "min": -0.828571677208,
        "stdev": 0.84087908268
    },
    "melbands_spread": {
        "max": 158.508392334,
        "mean": 37.9881095886,
        "min": 6.70446109772,
        "stdev": 36.4158096313
    },
    "pitch_salience": {
        "max": 0.92673933506,
        "mean": 0.626158416271,
        "min": 0.31494385004,
        "stdev": 0.0957969352603
    },
    "silence_rate_20dB": {
        "max": 1,
        "mean": 1,
        "min": 1,
        "stdev": 0
    },
    "silence_rate_30dB": {
        "max": 1,
        "mean": 1,
        "min": 1,
        "stdev": 0
    },
    "silence_rate_60dB": {
        "max": 1,
        "mean": 0.205809131265,
        "min": 0,
        "stdev": 0.404291838408
    },
    "spectral_centroid": {
        "max": 11748.2939453,
        "mean": 2528.45654297,
        "min": 495.582275391,
        "stdev": 3174.5949707
    },
    "spectral_complexity": {
        "max": 42,
        "mean": 16.7186717987,
        "min": 0,
        "stdev": 9.80108547211
    },
    "spectral_decrease": {
        "max": 1.82072190739e-25,
        "mean": -3.87958687398e-09,
        "min": -2.32655850141e-08,
        "stdev": 3.93900201345e-09
    },
    "spectral_energy": {
        "max": 0.0966615155339,
        "mean": 0.0160298924893,
        "min": 1.01097836752e-20,
        "stdev": 0.0163892284036
    },
    "spectral_energyband_high": {
        "max": 0.0014282038901,
        "mean": 9.37310323934e-05,
        "min": 7.06563704414e-21,
        "stdev": 0.000122551165987
    },
    "spectral_energyband_low": {
        "max": 0.0148612633348,
        "mean": 0.00128278182819,
        "min": 1.11407717532e-23,
        "stdev": 0.00168290792499
    },
    "spectral_energyband_middle_high": {
        "max": 0.0618285015225,
        "mean": 0.00722933886573,
        "min": 1.14446930388e-21,
        "stdev": 0.00981501117349
    },
    "spectral_energyband_middle_low": {
        "max": 0.0590187124908,
        "mean": 0.00798083376139,
        "min": 1.74313950516e-22,
        "stdev": 0.00854650884867
    },
    "spectral_entropy": {
        "max": 9.8233757019,
        "mean": 7.63291072845,
        "min": 6.74049329758,
        "stdev": 0.831880927086
    },
    "spectral_flux": {
        "max": 0.257946401834,
        "mean": 0.0635682865977,
        "min": 6.34918714826e-11,
        "stdev": 0.0462789535522
    },
    "spectral_kurtosis": {
        "max": 23.162733078,
        "mean": 6.52097034454,
        "min": -1.28047573566,
        "stdev": 4.46304273605
    },
    "spectral_rms": {
        "max": 0.00971102062613,
        "mean": 0.00334805855528,
        "min": 3.14057373857e-12,
        "stdev": 0.0021046155598
    },
    "spectral_rolloff": {
        "max": 19552.1484375,
        "mean": 3746.52685547,
        "min": 366.064453125,
        "stdev": 5662.89306641
    },
    "spectral_skewness": {
        "max": 3.02890706062,
        "mean": 1.44753110409,
        "min": -0.1156475842,
        "stdev": 0.656523227692
    },
    "spectral_spread": {
        "max": 42438580,
        "mean": 7113063,
        "min": 1612692.5,
        "stdev": 12449644
    },
    "spectral_strongpeak": {
        "max": 7.71405601501,
        "mean": 1.08219611645,
        "min": 0,
        "stdev": 1.22336292267
    },
    "zerocrossingrate": {
        "max": 0.52783203125,
        "mean": 0.108684115112,
        "min": 0.01806640625,
        "stdev": 0.147615760565
    },
    "barkbands": {
        "max": [8.32608420751e-05, 0.0064960969612, 0.0117661505938, 0.00856155715883, 0.0200752727687, 0.0332246720791, 0.0224054343998, 0.0173977930099, 0.0430396869779, 0.043824724853, 0.0343335308135, 0.0207123830914, 0.0190741140395, 0.0289882887155, 0.026005493477, 0.0140362475067, 0.0102695534006, 0.00370661844499, 0.00185316067655, 0.00133444799576, 0.000794647086877, 0.000189745027456, 1.10926694106e-05, 1.3217486412e-05, 7.71001305111e-06, 2.13924818127e-06, 6.29288649634e-07],
        "mean": [1.08651856863e-05, 0.000303016597172, 0.000685728271492, 0.000486286502564, 0.000939647201449, 0.00140102114528, 0.000848106225021, 0.00107901822776, 0.00268109398894, 0.00132104579825, 0.00131823087577, 0.000858324172441, 0.000650129804853, 0.00106808205601, 0.000968785083387, 0.000432371190982, 0.000422867451562, 0.000225878771744, 0.000166614816408, 0.000105154329503, 4.60517621832e-05, 8.59632655192e-06, 7.63610216836e-07, 1.0793871752e-06, 1.08123299469e-06, 7.00144084931e-08, 1.13792897327e-09],
        "min": [5.01245522532e-25, 2.26185235859e-24, 9.31031192497e-25, 4.17431910974e-25, 9.2773734323e-24, 4.5406309112e-24, 7.81456025676e-24, 5.88072375673e-24, 1.38793418288e-23, 1.17331029523e-23, 1.0603879332e-23, 1.96593887902e-23, 1.48244255922e-23, 3.24201984305e-23, 4.44851002239e-23, 6.48414318466e-23, 7.08622454672e-23, 8.80933089764e-23, 9.74277044304e-23, 1.38202132329e-22, 2.46825413835e-22, 3.05794899581e-22, 3.84248340917e-22, 5.62052464513e-22, 8.31917413055e-22, 1.3398362985e-21, 1.88855188927e-21],
        "stdev": [9.98217274173e-06, 0.000618793594185, 0.00106094114017, 0.00084534380585, 0.00161946762819, 0.00252526532859, 0.0018049684586, 0.00176840904169, 0.00497391400859, 0.00293752201833, 0.00301089184359, 0.0019990419969, 0.00166759570129, 0.0023491086904, 0.00186434446368, 0.000919242564123, 0.000641305930912, 0.000306793430354, 0.000201174072572, 0.000133220513817, 6.45042164251e-05, 1.4428034774e-05, 7.97351390247e-07, 1.10614053028e-06, 8.45198997013e-07, 1.32945757514e-07, 1.81373263075e-08]
    },
    "erbbands": {
        "max": [0.0686106532812, 1.79658532143, 10.2297697067, 21.6875133514, 53.5338363647, 71.0126342773, 162.886138916, 371.399169922, 300.538269043, 467.959564209, 557.054382324, 1350.50134277, 1789.1640625, 830.56854248, 1255.65429688, 786.249267578, 758.268859863, 1539.67236328, 800.890441895, 756.618164062, 780.045898438, 273.326538086, 256.45690918, 127.809783936, 70.3193130493, 82.83984375, 54.5947570801, 19.8061485291, 7.20742893219, 0.902494609356, 0.290402293205, 0.222464948893, 0.230035692453, 0.119538992643, 0.045970864594, 0.0189564023167, 0.00107981858309, 0.0003882390738, 8.94189215614e-05, 0.000115778639156],
        "mean": [0.00720998458564, 0.0835333764553, 0.650338411331, 1.40317094326, 2.48849868774, 3.11439347267, 7.86191987991, 10.2890691757, 11.7055559158, 14.6593360901, 39.3222198486, 58.1517105103, 43.3752593994, 50.8004875183, 41.5944290161, 34.8910636902, 31.1158657074, 53.4752502441, 47.9576148987, 39.9542427063, 25.4483795166, 22.5495014191, 13.6794099808, 12.2757949829, 5.72471857071, 4.65975666046, 2.64004254341, 1.16322231293, 0.386511027813, 0.0816488713026, 0.0205783825368, 0.0193911939859, 0.0193169675767, 0.0140454173088, 0.00663271825761, 0.000959193857852, 4.10485517932e-05, 4.5908973334e-06, 9.15645159694e-06, 1.92704501387e-05],
        "min": [2.13359012295e-23, 5.47209308208e-22, 2.16498591608e-21, 5.52767806424e-21, 1.55048591942e-20, 2.48960167875e-20, 2.99614446766e-20, 3.53323768615e-20, 1.3489662722e-19, 1.97762185753e-19, 1.94361271438e-19, 2.8120377155e-19, 4.10379449633e-19, 6.48018099861e-19, 7.75547585127e-19, 1.38783432596e-18, 1.20923093566e-18, 2.13242571064e-18, 2.85442534522e-18, 3.02293982038e-18, 3.5956292185e-18, 4.25333086329e-18, 4.98244797346e-18, 6.13541491104e-18, 7.63963665111e-18, 6.4818455962e-18, 8.95723114215e-18, 1.03151308357e-17, 9.70749967417e-18, 1.06281831288e-17, 1.08197581587e-17, 1.07247068345e-17, 9.72130366423e-18, 8.15821933818e-18, 5.87506353555e-18, 4.39465632531e-18, 2.55771276437e-18, 9.82772665389e-19, 2.55481814921e-19, 2.62484667826e-20],
        "stdev": [0.00828868709505, 0.175534546375, 0.981599330902, 2.17087888718, 4.73738956451, 5.24953508377, 12.9220552444, 22.5617656708, 23.8247661591, 28.3972206116, 61.9605751038, 118.716766357, 99.3429946899, 99.1815109253, 99.439163208, 77.3719177246, 66.9429397583, 121.240325928, 87.5382003784, 67.6118545532, 49.3166809082, 30.4580516815, 18.5666236877, 14.3778505325, 7.46772289276, 6.80055761337, 3.81650543213, 1.49866902828, 0.603467226028, 0.102090507746, 0.0190955158323, 0.0192286986858, 0.0201945602894, 0.0119800874963, 0.00500494614244, 0.00123612047173, 7.69507096265e-05, 1.17552808661e-05, 9.54381812335e-06, 1.97895169549e-05]
    },
    "gfcc": {
        "mean": [-211.323989868, 130.42616272, -156.563491821, 18.3124828339, -44.0722770691, -2.86869835854, -27.7010173798, 7.41786003113, -18.5442905426, -2.6461315155, -6.9719991684, -16.0964012146, 7.27698945999],
        "cov": [[162192.609375, 20330.7285156, -23811.5351562, 2587.42651367, -6554.51708984, -857.03515625, -4033.84790039, 795.872924805, -2777.75195312, -469.646026611, -1187.32336426, -2627.49658203, 1155.96826172], [20330.7285156, 2734.65600586, -2837.18823242, 358.998596191, -806.799316406, -129.977813721, -541.050537109, 97.3456497192, -364.743255615, -95.6151275635, -124.765289307, -352.961090088, 128.375732422], [-23811.5351562, -2837.18823242, 3849.78564453, -208.912994385, 962.005615234, 82.7700653076, 497.552581787, -116.822868347, 354.058105469, 27.4624195099, 181.814361572, 381.142364502, -228.976013184], [2587.42651367, 358.998596191, -208.912994385, 292.0546875, -101.10925293, -14.2691812515, -139.23487854, 30.8002986908, -81.5172195435, -28.0933761597, -17.4750804901, -32.3675079346, -11.3773870468], [-6554.51708984, -806.799316406, 962.005615234, -101.10925293, 336.72668457, 46.6790313721, 184.272384644, -45.0630607605, 111.273139954, 10.3092079163, 31.5755462646, 91.1698532104, -52.4774475098], [-857.03515625, -129.977813721, 82.7700653076, -14.2691812515, 46.6790313721, 150.023071289, 57.5852737427, 17.7187690735, -13.8819265366, -2.81320571899, 8.15791416168, 20.1338729858, -14.3263130188], [-4033.84790039, -541.050537109, 497.552581787, -139.23487854, 184.272384644, 57.5852737427, 223.006103516, -25.9859447479, 72.6247024536, 10.9135770798, 16.6566028595, 49.0079116821, -26.7903938293], [795.872924805, 97.3456497192, -116.822868347, 30.8002986908, -45.0630607605, 17.7187690735, -25.9859447479, 95.804397583, 7.54419183731, 3.41284132004, 2.18872666359, -2.11367630959, -1.18287348747], [-2777.75195312, -364.743255615, 354.058105469, -81.5172195435, 111.273139954, -13.8819265366, 72.6247024536, 7.54419183731, 124.110038757, 36.7626228333, 15.910774231, 35.8304214478, -0.39886534214], [-469.646026611, -95.6151275635, 27.4624195099, -28.0933761597, 10.3092079163, -2.81320571899, 10.9135770798, 3.41284132004, 36.7626228333, 57.5183753967, 18.682346344, 16.5740070343, -0.606864094734], [-1187.32336426, -124.765289307, 181.814361572, -17.4750804901, 31.5755462646, 8.15791416168, 16.6566028595, 2.18872666359, 15.910774231, 18.682346344, 67.6081771851, 40.0013771057, -15.2862491608], [-2627.49658203, -352.961090088, 381.142364502, -32.3675079346, 91.1698532104, 20.1338729858, 49.0079116821, -2.11367630959, 35.8304214478, 16.5740070343, 40.0013771057, 101.936347961, -5.12653779984], [1155.96826172, 128.375732422, -228.976013184, -11.3773870468, -52.4774475098, -14.3263130188, -26.7903938293, -1.18287348747, -0.39886534214, -0.606864094734, -15.2862491608, -5.12653779984, 65.4069137573]],
        "icov": [[0.000799702829681, -0.00281838490628, 0.0023905581329, -0.000969045329839, 0.00135547085665, 0.000349677226041, 0.000370433117496, 2.37425865635e-05, 0.00109550193883, -0.00125366379507, 0.00231246603653, -0.000870008138008, 0.00138203566894], [-0.00281838490628, 0.0139822894707, -0.0066689318046, 0.00268092146143, -0.00399659806862, -9.19627273106e-05, 0.00125055888202, -0.00110717490315, -0.00135456619319, 0.00738286692649, -0.0109901688993, 0.00785323232412, -0.00514013972133], [0.0023905581329, -0.0066689318046, 0.00956757739186, -0.00376752903685, 0.00161904271226, 0.00191459979396, 0.00219154707156, 0.000547741656192, 0.00213689357042, -0.000440329167759, 0.00472342967987, -0.0034848509822, 0.00714415078983], [-0.000969045329839, 0.00268092146143, -0.00376752903685, 0.00734557118267, -0.00191813579295, -0.000682001933455, 0.00278372061439, -0.00176788622048, 0.00147972884588, 0.000932939001359, -0.000990689266473, 0.000877555692568, -0.000772278523073], [0.00135547085665, -0.00399659806862, 0.00161904271226, -0.00191813579295, 0.0180046409369, -0.00173369178083, -0.00300416513346, 0.00344635476358, -0.0024320569355, -0.000300855666865, 0.00610950682312, -0.00112812360749, 0.0034420362208], [0.000349677226041, -9.19627273106e-05, 0.00191459979396, -0.000682001933455, -0.00173369178083, 0.00981505773962, -0.00197245762683, -0.00385681004263, 0.00600163871422, -0.000917286495678, -0.00011913930939, -9.07872454263e-05, 0.000458780850749], [0.000370433117496, 0.00125055888202, 0.00219154707156, 0.00278372061439, -0.00300416513346, -0.00197245762683, 0.0133267687634, -6.1307750002e-05, 0.000848078925628, 0.00200358801521, 0.000129329098854, 0.00266372971237, 0.00203292863443], [2.37425865635e-05, -0.00110717490315, 0.000547741656192, -0.00176788622048, 0.00344635476358, -0.00385681004263, -6.1307750002e-05, 0.015506092459, -0.00934209674597, 0.00284670642577, 0.000247167074122, -0.00481578614563, 0.00518885627389], [0.00109550193883, -0.00135456619319, 0.00213689357042, 0.00147972884588, -0.0024320569355, 0.00600163871422, 0.000848078925628, -0.00934209674597, 0.0278771445155, -0.0134157100692, 0.00289762602188, 0.0072520156391, -0.00813166052103], [-0.00125366379507, 0.00738286692649, -0.000440329167759, 0.000932939001359, -0.000300855666865, -0.000917286495678, 0.00200358801521, 0.00284670642577, -0.0134157100692, 0.0321996212006, -0.011464079842, -0.00107334484346, 0.00417025154456], [0.00231246603653, -0.0109901688993, 0.00472342967987, -0.000990689266473, 0.00610950682312, -0.00011913930939, 0.000129329098854, 0.000247167074122, 0.00289762602188, -0.011464079842, 0.031279809773, -0.0129382470623, 0.00820551067591], [-0.000870008138008, 0.00785323232412, -0.0034848509822, 0.000877555692568, -0.00112812360749, -9.07872454263e-05, 0.00266372971237, -0.00481578614563, 0.0072520156391, -0.00107334484346, -0.0129382470623, 0.0295972917229, -0.0126755088568], [0.00138203566894, -0.00514013972133, 0.00714415078983, -0.000772278523073, 0.0034420362208, 0.000458780850749, 0.00203292863443, 0.00518885627389, -0.00813166052103, 0.00417025154456, 0.00820551067591, -0.0126755088568, 0.0305299907923]]
    },
    "melbands": {
        "max": [0.00123834959231, 0.00363969034515, 0.00361357838847, 0.00510111497715, 0.00422574346885, 0.0073405043222, 0.00472707487643, 0.00418340554461, 0.00654899748042, 0.0080741206184, 0.00890528317541, 0.00313495541923, 0.0052324058488, 0.00242705899291, 0.00200806814246, 0.00247106794268, 0.00329911895096, 0.0013953205198, 0.00231977971271, 0.000653033959679, 0.000968485313933, 0.000412842200603, 0.000157963571837, 0.000212633240153, 0.000108488886326, 6.59532306599e-05, 4.40021067334e-05, 5.51478697162e-05, 4.62019197585e-05, 1.37153465403e-05, 1.16574683489e-05, 5.60182797926e-06, 1.39764574669e-06, 3.83086558031e-07, 1.81058595672e-07, 1.36128903705e-07, 1.60829344509e-07, 1.91400260974e-07, 1.22442344264e-07, 9.9482477367e-08],
        "mean": [7.23683479009e-05, 0.000262274115812, 0.000266375835054, 0.000211123755435, 0.000232863691053, 0.000244426802965, 0.000182161296834, 0.000160335126566, 0.000388877291698, 0.000355291034793, 0.000206728000194, 0.00019756515394, 0.000149321262143, 9.42641490838e-05, 8.57902996358e-05, 6.87243955326e-05, 0.000105038954644, 7.26291254978e-05, 8.12794387457e-05, 3.49150323018e-05, 2.84195321001e-05, 2.60539436567e-05, 1.34158244691e-05, 1.03669844975e-05, 1.03692455014e-05, 3.89443994209e-06, 4.36526761405e-06, 2.64024151875e-06, 1.77201161478e-06, 1.16962542052e-06, 4.98765132306e-07, 2.50736718499e-07, 8.14140861394e-08, 2.6126034669e-08, 1.06641344644e-08, 1.00211163812e-08, 1.23420846876e-08, 1.36087052738e-08, 1.30950690291e-08, 1.15255183175e-08],
        "min": [4.79358675325e-25, 1.50910481536e-24, 1.28276277368e-24, 1.62561858499e-24, 1.0495173116e-24, 9.07342586982e-25, 2.09264839974e-24, 2.1681427828e-24, 1.32277360157e-24, 1.75580735701e-24, 1.62750406116e-24, 1.7053050735e-24, 1.87155750928e-24, 1.88223908037e-24, 2.61043658198e-24, 1.89766584701e-24, 3.06992321015e-24, 3.66413544802e-24, 2.50291562946e-24, 3.98052349685e-24, 3.38094266609e-24, 4.08521519973e-24, 3.17481587535e-24, 3.98597018697e-24, 4.53248828894e-24, 3.75500394126e-24, 2.94933615724e-24, 3.60338487528e-24, 4.57838342754e-24, 4.3524615529e-24, 4.92986710918e-24, 4.38753549203e-24, 4.76014250213e-24, 5.47704193786e-24, 5.90567345501e-24, 4.00672945612e-24, 5.52629131303e-24, 5.46916634501e-24, 6.08993834627e-24, 5.68980521817e-24],
        "stdev": [0.000121152414067, 0.000387435808079, 0.000386809319025, 0.00038024855894, 0.000360511185136, 0.000489648024086, 0.000375852570869, 0.000307225476718, 0.000641115009785, 0.000762094103266, 0.000493439205457, 0.000397435534978, 0.000362637132639, 0.000237935892073, 0.000152558190166, 0.000202088573133, 0.000245484872721, 0.000149640633026, 0.000163385630003, 6.72625246807e-05, 6.25804896117e-05, 3.84172635677e-05, 1.78378868441e-05, 1.4869126062e-05, 1.27728371808e-05, 6.36969616608e-06, 5.40799464943e-06, 4.22534503741e-06, 2.79769619738e-06, 1.55604618612e-06, 7.38315691251e-07, 4.31086277786e-07, 1.27853127196e-07, 3.11722097024e-08, 1.0577400289e-08, 9.30593202497e-09, 1.29519710512e-08, 1.52950558885e-08, 1.21945822329e-08, 1.00554684579e-08]
    },
    "melbands128": {
        "max": [5.85598390899e-05, 0.00038243518793, 0.00151248800103, 0.00371125573292, 0.00485586933792, 0.00588379334658, 0.00494458526373, 0.00414367765188, 0.00690789194778, 0.00778972636908, 0.00518365763128, 0.00276209181175, 0.00670999474823, 0.00844503287226, 0.0128491465002, 0.00807877536863, 0.00679054902866, 0.00818448793143, 0.00770831666887, 0.00741411559284, 0.0055869333446, 0.00639939168468, 0.00724775763229, 0.0153219262138, 0.0158444400877, 0.0119348820299, 0.00939617026597, 0.0160425063223, 0.00551175978035, 0.0066752252169, 0.00581479817629, 0.00723445927724, 0.00963105075061, 0.0060374843888, 0.00531113706529, 0.0041643306613, 0.00333809130825, 0.00400223815814, 0.00130469631404, 0.00199586083181, 0.00454974593595, 0.00435842620209, 0.00648733507842, 0.00638283323497, 0.00297747855075, 0.00322325550951, 0.00212501338683, 0.00460857944563, 0.00182664068416, 0.00106059119571, 0.00118377257604, 0.00240195728838, 0.00174222537316, 0.00154148717411, 0.00116961973254, 0.00055170658743, 0.000407751154853, 0.000330818234943, 0.000192573686945, 0.000464425858809, 0.000274944672128, 0.000188118909136, 0.000205572141567, 0.000131592518301, 0.000166832862305, 7.75774678914e-05, 0.000144432648085, 5.70507691009e-05, 6.38790734229e-05, 0.000184054777492, 9.97882816591e-05, 3.28210408043e-05, 5.72024473513e-05, 6.68702996336e-05, 2.97847018373e-05, 2.22139387915e-05, 1.29717700474e-05, 8.26751784189e-06, 1.20603845062e-05, 1.48056615217e-05, 1.26420991364e-05, 4.40742405772e-06, 2.30233376897e-06, 2.08535675483e-06, 6.84687222474e-07, 5.36017580544e-07, 3.4064993315e-07, 2.29268181329e-07, 1.8611648045e-07, 1.16684205409e-07, 1.48344710738e-07, 1.33256548907e-07, 2.00171257347e-07, 1.64518297652e-07, 1.83360512551e-07, 2.60390663698e-07, 2.30460400985e-07, 2.29623921655e-07, 1.4539573101e-07, 1.81897476637e-07, 9.31318098196e-08, 1.09334081344e-07, 1.35246082777e-07, 1.19623152273e-07, 6.35538341953e-08, 4.81497721694e-08, 5.96122333718e-08, 4.53993322935e-08, 4.24444976943e-08, 4.14824619099e-08, 7.08006453465e-09, 5.89601434342e-09, 3.4284137751e-09, 3.32461169705e-09, 3.20822524102e-09, 3.11612535775e-09, 3.01508062961e-09, 2.93412472097e-09, 2.86038259745e-09, 2.77500356027e-09, 2.71457678558e-09, 2.6589976887e-09, 2.61878541075e-09, 2.57135845949e-09, 2.53682475027e-09, 2.50123366463e-09, 2.47721310132e-09, 2.47020293109e-09],
        "mean": [9.36741616897e-06, 5.19853674632e-05, 8.60900690896e-05, 0.000134609726956, 0.000293356657494, 0.00033793746843, 0.00029684434412, 0.000219137044041, 0.000254285958363, 0.000259193999227, 0.000148234263179, 0.000114464528451, 0.000285905989585, 0.000356336269761, 0.000210807033, 0.000217401859118, 0.000190436374396, 0.000166373050888, 0.000196718770894, 0.000138550210977, 0.000164319892065, 0.000152665670612, 0.000459712959128, 0.000604570377618, 0.000355724885594, 0.000311178155243, 0.000181458890438, 0.00024869092158, 0.000162251380971, 0.000144306381117, 0.000261092820438, 0.000211297374335, 0.000101435827673, 0.000161497096997, 8.54031386552e-05, 7.76652232162e-05, 9.09120863071e-05, 0.000122566154459, 4.39512514276e-05, 5.77369246457e-05, 8.22555521154e-05, 6.97958676028e-05, 0.0001170618998, 0.000121919882076, 7.43403870729e-05, 6.03986663918e-05, 6.47731721983e-05, 0.000123676640214, 6.50943838991e-05, 2.6876488846e-05, 4.04850216e-05, 3.15024553856e-05, 2.39384680754e-05, 3.12605116051e-05, 2.93171760859e-05, 2.851910358e-05, 2.14208739635e-05, 9.62295780482e-06, 1.28725559989e-05, 1.57510621648e-05, 7.41462463338e-06, 6.95124708727e-06, 1.74909910129e-05, 8.61431090016e-06, 5.00382975588e-06, 3.37508663506e-06, 3.5797415876e-06, 3.90835157305e-06, 4.72066039947e-06, 4.6691748139e-06, 2.25967869483e-06, 2.07558150578e-06, 1.98180555344e-06, 1.68520216448e-06, 1.40023564654e-06, 1.66966913184e-06, 6.96626841545e-07, 7.49818411805e-07, 4.36761013134e-07, 2.98396912513e-07, 3.58828629032e-07, 1.8204983121e-07, 1.12559725096e-07, 7.44232835359e-08, 5.66611184638e-08, 2.99590858788e-08, 1.68875491369e-08, 1.30307054036e-08, 1.03437578503e-08, 8.57827142653e-09, 9.28885235396e-09, 1.01253379015e-08, 1.18519745129e-08, 1.186961196e-08, 1.29313439956e-08, 1.4507713253e-08, 1.32482096404e-08, 1.28167938485e-08, 1.47866403566e-08, 1.16969269826e-08, 1.1919392584e-08, 1.24818528846e-08, 9.80508119142e-09, 9.92729898286e-09, 8.33270785705e-09, 5.75038994199e-09, 3.737100851e-09, 2.48324694141e-09, 8.53642656562e-10, 3.98279714764e-10, 7.95194673997e-11, 2.43642207104e-11, 7.78583274241e-12, 6.04599790371e-12, 5.87549540271e-12, 5.76081326739e-12, 5.45611082356e-12, 5.29501919741e-12, 5.16026891356e-12, 5.02441621295e-12, 4.91525613613e-12, 4.81662713187e-12, 4.73411457605e-12, 4.64513800688e-12, 4.58476746151e-12, 4.53311953946e-12, 4.49675713332e-12, 4.47452188149e-12],
        "min": [1.63330183752e-26, 1.46571342266e-25, 9.46011611783e-26, 2.03351011078e-25, 8.89039041828e-25, 3.59667472581e-25, 6.54406565067e-25, 2.73673548088e-25, 7.44604526539e-25, 6.3178676747e-25, 7.02886603643e-25, 3.16524078029e-25, 1.47274451526e-25, 4.5257591082e-25, 4.60427295498e-25, 4.33484983876e-25, 7.88362986078e-25, 3.43593864643e-25, 2.24546249139e-25, 7.02372118421e-25, 3.71446595706e-25, 9.73939999538e-25, 1.0043216954e-24, 6.19544139259e-25, 5.53311180442e-25, 4.96320220167e-25, 9.14353686884e-25, 2.96631668405e-25, 5.20784867598e-25, 1.70078450609e-24, 8.46179045556e-25, 9.42759483398e-25, 9.390007584e-25, 1.38511215132e-24, 1.13420034648e-24, 1.39958449488e-24, 7.74280339806e-25, 1.83429566442e-24, 6.18761885064e-25, 1.60713478512e-24, 1.01968081723e-24, 1.31729466676e-24, 1.25626592195e-24, 1.64146620893e-24, 4.78058287426e-25, 1.60633941611e-24, 8.7331319829e-25, 1.44605944625e-24, 1.66071826071e-24, 1.78971614859e-24, 1.53570037331e-24, 1.82922486652e-24, 7.27363823544e-25, 1.62920711324e-24, 9.59609749548e-25, 1.22195362801e-24, 2.11087621425e-24, 1.46201760932e-24, 1.80691410519e-24, 1.31234328268e-24, 1.21536663945e-24, 2.21550244168e-24, 2.45292472503e-24, 1.24881453905e-24, 2.14782330361e-24, 1.5419276413e-24, 2.88681774721e-24, 2.34969379533e-24, 1.17196262498e-24, 2.04595927264e-24, 2.19135659266e-24, 2.84617228071e-24, 2.12148639342e-24, 2.59084226317e-24, 2.28641078187e-24, 2.53996921503e-24, 1.93084257567e-24, 2.1391815296e-24, 2.94315424876e-24, 3.66477955295e-24, 2.35763604692e-24, 2.87395497572e-24, 2.55295445718e-24, 3.09298457264e-24, 2.78345921926e-24, 4.04383076778e-24, 3.72572852421e-24, 3.8770860828e-24, 3.15550258824e-24, 3.62427036217e-24, 3.16954746779e-24, 3.03235094852e-24, 3.61515862429e-24, 3.9972067217e-24, 4.07960679312e-24, 3.26217788187e-24, 3.36085313984e-24, 4.47411021537e-24, 3.42261187682e-24, 3.98877537635e-24, 3.25288450876e-24, 4.82312160693e-24, 3.73256637053e-24, 4.185135083e-24, 4.52206940853e-24, 5.0965565739e-24, 4.17894568034e-24, 4.27677074347e-24, 4.43906546409e-24, 4.67210996384e-24, 4.29979364899e-24, 3.90195334512e-24, 5.64511585346e-24, 5.03043109738e-24, 3.71134206788e-24, 5.95685751156e-24, 5.3967228815e-24, 4.8544721226e-24, 5.27333596402e-24, 4.60982860652e-24, 4.88864991575e-24, 5.40775589012e-24, 5.06563283198e-24, 4.23252984618e-24, 5.0608925668e-24, 5.95248564442e-24, 5.09300985527e-24, 5.70243054253e-24],
        "stdev": [8.6643076429e-06, 4.57240821561e-05, 0.000156014080858, 0.000354717340088, 0.000480140995933, 0.000535941391718, 0.000492610095534, 0.000380634359317, 0.000567802519072, 0.000537456013262, 0.000303133216221, 0.00023324439826, 0.000522716669366, 0.000652959395666, 0.000650303554721, 0.000591991411056, 0.000467650563223, 0.000408456602599, 0.000529152166564, 0.000363553670468, 0.000384248385672, 0.000415377464378, 0.000864434870891, 0.00122652307618, 0.00102867069654, 0.00104182132054, 0.000662799691781, 0.000716076930985, 0.000504914845806, 0.000440548057668, 0.000563640729524, 0.000576286751311, 0.000437062903075, 0.000473451131256, 0.000334131618729, 0.000312072137604, 0.000274989492027, 0.000241399699007, 9.63361671893e-05, 0.00017876495258, 0.000293626624625, 0.000310182047542, 0.000355954456609, 0.000331356772222, 0.000214402243728, 0.00020887987921, 0.000175019784365, 0.000294119439786, 0.000146628372022, 8.19905835669e-05, 0.000103542035504, 9.55337964115e-05, 8.70121803018e-05, 7.68886529841e-05, 7.08731604391e-05, 4.9252907047e-05, 3.34626929543e-05, 2.0483874323e-05, 2.12740687857e-05, 2.86939739453e-05, 1.80832539627e-05, 1.52483089551e-05, 2.60639535554e-05, 1.26888216982e-05, 1.01053483377e-05, 7.04141439201e-06, 9.39703113545e-06, 5.64241281609e-06, 6.64707340547e-06, 1.08313042801e-05, 5.89218780078e-06, 2.99981888929e-06, 3.72610543309e-06, 3.57733074452e-06, 2.7547641821e-06, 2.40744680013e-06, 1.09809604965e-06, 1.06488982965e-06, 7.90405181306e-07, 7.77997854584e-07, 6.98047188052e-07, 3.17016372264e-07, 2.25192621883e-07, 1.32619931037e-07, 7.33818481535e-08, 3.95665473718e-08, 2.58854360169e-08, 1.56688404473e-08, 1.12015898779e-08, 8.38697555849e-09, 8.93964102744e-09, 1.07586322073e-08, 1.38760070101e-08, 1.33294726368e-08, 1.56786672534e-08, 1.79099313158e-08, 1.60531836713e-08, 1.741702782e-08, 1.45923984007e-08, 1.16045342224e-08, 1.13230091969e-08, 1.21489387439e-08, 1.0255371663e-08, 8.90633788941e-09, 6.95442325949e-09, 4.40856950945e-09, 4.48690018473e-09, 3.69964414659e-09, 2.44126341364e-09, 2.04495864686e-09, 4.62546584368e-10, 2.84226642222e-10, 1.00171884676e-10, 9.58312457167e-11, 9.24716761497e-11, 8.98337515487e-11, 8.69021660188e-11, 8.45683106876e-11, 8.24420393064e-11, 7.99823540731e-11, 7.82395814802e-11, 7.66373353667e-11, 7.54772355727e-11, 7.41105579682e-11, 7.31151111877e-11, 7.20896398132e-11, 7.1397242285e-11, 7.11945780107e-11]
    },
    "mfcc": {
        "mean": [-756.88067627, 148.891311646, -50.6034622192, 18.8229541779, -4.5487203598, -8.36332893372, 3.60415506363, -7.63747262955, 7.0751247406, -2.49706816673, -0.345093816519, -0.988960802555, -5.87574100494],
        "cov": [[41132.234375, 11348.6904297, -4302.34228516, 1500.71850586, -649.625610352, -615.965942383, 161.850646973, -820.493835449, 596.962280273, -233.771224976, -51.072177887, -241.811019897, -545.437927246], [11348.6904297, 3425.93774414, -1099.28857422, 401.872344971, -108.230667114, -210.83366394, 67.5882720947, -190.712371826, 124.239646912, -48.4459686279, -14.1826677322, -46.5957183838, -140.534484863], [-4302.34228516, -1099.28857422, 775.537231445, 3.16965270042, 175.753509521, 32.6829490662, -26.4643650055, 91.9665222168, -123.665229797, -28.4800376892, -9.94090461731, 70.9981689453, 64.0043106079], [1500.71850586, 401.872344971, 3.16965270042, 260.192749023, 60.6692848206, -55.3685646057, -20.2452144623, -42.4847488403, 7.34006261826, -53.7063980103, -15.5729789734, 34.6919174194, -9.96847057343], [-649.625610352, -108.230667114, 175.753509521, 60.6692848206, 137.085205078, -2.17230010033, -16.0189151764, 21.7671279907, -22.946182251, -10.1604967117, -14.0812282562, 36.5648384094, 12.0041303635], [-615.965942383, -210.83366394, 32.6829490662, -55.3685646057, -2.17230010033, 107.161689758, 47.0793075562, 16.6138725281, -5.26503753662, -2.94945478439, 6.75999307632, -18.2507324219, -4.34306716919], [161.850646973, 67.5882720947, -26.4643650055, -20.2452144623, -16.0189151764, 47.0793075562, 99.4025268555, 40.3380737305, -7.46055459976, -3.60540509224, 9.7681427002, -10.4665966034, -6.61534786224], [-820.493835449, -190.712371826, 91.9665222168, -42.4847488403, 21.7671279907, 16.6138725281, 40.3380737305, 88.9607162476, 1.61260461807, 2.12598180771, 3.21060729027, 6.78886699677, 13.8299255371], [596.962280273, 124.239646912, -123.665229797, 7.34006261826, -22.946182251, -5.26503753662, -7.46055459976, 1.61260461807, 83.3742828369, 23.0413475037, -6.31834459305, -11.7303199768, -17.3142414093], [-233.771224976, -48.4459686279, -28.4800376892, -53.7063980103, -10.1604967117, -2.94945478439, -3.60540509224, 2.12598180771, 23.0413475037, 76.515411377, 22.6667957306, -14.0682859421, -9.51746463776], [-51.072177887, -14.1826677322, -9.94090461731, -15.5729789734, -14.0812282562, 6.75999307632, 9.7681427002, 3.21060729027, -6.31834459305, 22.6667957306, 45.3987312317, 10.6889896393, -1.92323565483], [-241.811019897, -46.5957183838, 70.9981689453, 34.6919174194, 36.5648384094, -18.2507324219, -10.4665966034, 6.78886699677, -11.7303199768, -14.0682859421, 10.6889896393, 73.6284103394, 36.8130531311], [-545.437927246, -140.534484863, 64.0043106079, -9.96847057343, 12.0041303635, -4.34306716919, -6.61534786224, 13.8299255371, -17.3142414093, -9.51746463776, -1.92323565483, 36.8130531311, 68.0860290527]],
        "icov": [[0.000825607043225, -0.00206589954905, 0.00117901409976, -0.00164887693245, 0.00124332506675, -0.000722248572856, 0.000304101355141, 0.000790895777754, -0.000824670190923, 0.00103257608134, -0.000281138782157, 8.14972663647e-05, 0.000486274686409], [-0.00206589954905, 0.00627154484391, -0.00136461725924, 0.00309862033464, -0.0040867459029, 0.0036810298916, -0.00256042927504, -0.00117994414177, 0.00260767270811, -0.00224871514365, 0.00072108709719, -0.000158381444635, -0.00046751750051], [0.00117901409976, -0.00136461725924, 0.00733195291832, -0.00484678521752, -0.000903585401829, -0.00097743445076, 0.00151029555127, -0.00256953458302, 0.00510403234512, -4.52280874015e-05, 0.00174794730265, -0.00155617599376, 0.0019744457677], [-0.00164887693245, 0.00309862033464, -0.00484678521752, 0.0131327407435, -0.00697009731084, 0.0057651870884, -0.00390952033922, 0.00533644435927, -0.0052481982857, 0.00591501127928, -0.00376136484556, 0.000167371385032, -0.00090611219639], [0.00124332506675, -0.0040867459029, -0.000903585401829, -0.00697009731084, 0.0188353508711, -0.00765179051086, 0.00693105207756, -0.00632033962756, 0.00407674210146, -0.00621384941041, 0.00921604596078, -0.00804627593607, 0.00428113108501], [-0.000722248572856, 0.0036810298916, -0.00097743445076, 0.0057651870884, -0.00765179051086, 0.0220351703465, -0.0147035522386, 0.00932838767767, -0.00661948276684, 0.00801452528685, -0.00763652287424, 0.00680726440623, -0.00145320734009], [0.000304101355141, -0.00256042927504, 0.00151029555127, -0.00390952033922, 0.00693105207756, -0.0147035522386, 0.026040982455, -0.017196116969, 0.0095317196101, -0.00486977770925, 0.00310100498609, -0.00318481400609, 0.0025750817731], [0.000790895777754, -0.00117994414177, -0.00256953458302, 0.00533644435927, -0.00632033962756, 0.00932838767767, -0.017196116969, 0.0294181033969, -0.0148935439065, 0.00961379241198, -0.00811957661062, 0.00480676675215, -0.00411162758246], [-0.000824670190923, 0.00260767270811, 0.00510403234512, -0.0052481982857, 0.00407674210146, -0.00661948276684, 0.0095317196101, -0.0148935439065, 0.0293164309114, -0.0152173219249, 0.0141974110156, -0.00769756548107, 0.00591087341309], [0.00103257608134, -0.00224871514365, -4.52280874015e-05, 0.00591501127928, -0.00621384941041, 0.00801452528685, -0.00486977770925, 0.00961379241198, -0.0152173219249, 0.0299150645733, -0.0197070557624, 0.00977636501193, -0.00181081553455], [-0.000281138782157, 0.00072108709719, 0.00174794730265, -0.00376136484556, 0.00921604596078, -0.00763652287424, 0.00310100498609, -0.00811957661062, 0.0141974110156, -0.0197070557624, 0.0411570370197, -0.0172524731606, 0.00822724681348], [8.14972663647e-05, -0.000158381444635, -0.00155617599376, 0.000167371385032, -0.00804627593607, 0.00680726440623, -0.00318481400609, 0.00480676675215, -0.00769756548107, 0.00977636501193, -0.0172524731606, 0.0307720843703, -0.015335819684], [0.000486274686409, -0.00046751750051, 0.0019744457677, -0.00090611219639, 0.00428113108501, -0.00145320734009, 0.0025750817731, -0.00411162758246, 0.00591087341309, -0.00181081553455, 0.00822724681348, -0.015335819684, 0.0256412345916]]
    },
    "spectral_contrast_coeffs": {
        "max": [-0.48811507225, -0.485022068024, -0.51317769289, -0.587671101093, -0.646021723747, -0.622606813908],
        "mean": [-0.743013501167, -0.778151452541, -0.766580164433, -0.792279183865, -0.792327880859, -0.783042132854],
        "min": [-0.982027888298, -0.986103594303, -0.977583110332, -0.974042057991, -0.968492865562, -0.964487493038],
        "stdev": [0.102940939367, 0.0951742678881, 0.0944016352296, 0.0796391367912, 0.0717305317521, 0.0777465030551]
    },
    "spectral_contrast_valleys": {
        "max": [-5.70151472092, -4.97731494904, -5.49152898788, -5.4380645752, -6.29409313202, -10.4328422546],
        "mean": [-9.69750118256, -9.14407539368, -9.7090845108, -9.86874198914, -10.1969823837, -13.5739364624],
        "min": [-28.0310878754, -27.8669567108, -27.9211044312, -27.626657486, -27.5628986359, -27.4863166809],
        "stdev": [6.6065363884, 6.81910133362, 6.61514902115, 6.5395693779, 6.40806388855, 5.13495540619]
    }
},
"rhythm": {
    "beats_count": 42,
    "beats_loudness": {
        "max": 0.0920934528112,
        "mean": 0.0252930037677,
        "min": 0,
        "stdev": 0.0221479833126
    },
    "bpm": 91.9786376953,
    "bpm_histogram_first_peak_bpm": 92,
    "bpm_histogram_first_peak_weight": 0.352941215038,
    "bpm_histogram_second_peak_bpm": 98,
    "bpm_histogram_second_peak_spread": 0,
    "bpm_histogram_second_peak_weight": 0.146341457963,
    "danceability": 0.912409484386,
    "onset_rate": 2.28924417496,
    "beats_loudness_band_ratio": {
        "max": [0.686555206776, 0.504879355431, 0.559653103352, 0.562093794346, 0.476832717657, 0.101073764265],
        "mean": [0.208232536912, 0.160683721304, 0.209633231163, 0.204384297132, 0.140126734972, 0.0199965592474],
        "min": [0, 0, 0, 0, 0, 0],
        "stdev": [0.182903990149, 0.138553246856, 0.141623854637, 0.172958910465, 0.103170998394, 0.0175739061087]
    },
    "beats_position": [0.684988677502, 1.38158726692, 2.06657600403, 2.75156450272, 3.41333317757, 4.06349182129, 4.71365070343, 5.36380958557, 6.01396799088, 6.67573690414, 7.31428575516, 7.96444416046, 8.6146030426, 9.25315189362, 9.89170074463, 10.5418596268, 11.1920175552, 11.8421764374, 12.4807252884, 13.1308841705, 13.7810430527, 14.4312019348, 15.0813598633, 15.7199087143, 16.3700675964, 17.0202255249, 17.6587753296, 18.2973232269, 18.9474830627, 19.5976409912, 20.2361907959, 20.8979587555, 21.5597267151, 22.221496582, 22.8948745728, 23.5682544708, 24.1835823059, 24.7989120483, 25.4142398834, 26.0295696259, 26.6448974609, 27.2602272034],
