{
"metadata": {
    "version": {
        "essentia": "2.1-beta5",
        "essentia_git_sha": "Undefined",
        "extractor": "music 2.0"
    },
    "audio_properties": {
        "analysis": {
            "equal_loudness": 0,
            "length": 35.9909286499,
            "sample_rate": 44100,
            "start_time": 29.0017242432,
            "downmix": "mix"
        },
        "bit_rate": 192000,
        "length": 182.74105835,
        "lossless": 0,
        "number_channels": 1,
        "replay_gain": -5.37317657471,
        "sample_rate": 48000,
        "codec": "mp3",
        "md5_encoded": "0846d60f6bf9306033e92f1d93ae3a84"
    },
    "tags": {
        "file_name": "Spain_No Estás Solo_Patricia Kraus.mp3",
        "encoding": ["Lavf58.29.100"]
    }
},
"lowlevel": {
    "average_loudness": 0.69500374794,
    "barkbands_crest": {
        "max": 22.4857883453,
        "mean": 9.06320953369,
        "min": 2.88845467567,
        "stdev": 3.55158400536
    },
    "barkbands_flatness_db": {
        "max": 0.294544398785,
        "mean": 0.205343261361,
        "min": 0.127350881696,
        "stdev": 0.0275634210557
    },
    "barkbands_kurtosis": {
        "max": 29.3623428345,
        "mean": 1.76012289524,
        "min": -1.7535173893,
        "stdev": 3.4090192318
    },
    "barkbands_skewness": {
        "max": 4.6120724678,
        "mean": 0.777467548847,
        "min": -1.55454206467,
        "stdev": 0.892583191395
    },
    "barkbands_spread": {
        "max": 39.1997261047,
        "mean": 14.0953483582,
        "min": 2.10500717163,
        "stdev": 6.44195795059
    },
    "dissonance": {
        "max": 0.499673843384,
        "mean": 0.453571856022,
        "min": 0.324528425932,
        "stdev": 0.0292672049254
    },
    "dynamic_complexity": 3.77307057381,
    "erbbands_crest": {
        "max": 26.4302616119,
        "mean": 11.1249494553,
        "min": 3.67007064819,
        "stdev": 4.45132160187
    },
    "erbbands_flatness_db": {
        "max": 0.379790216684,
        "mean": 0.265654623508,
        "min": 0.170666918159,
        "stdev": 0.0386593453586
    },
    "erbbands_kurtosis": {
        "max": 18.8732738495,
        "mean": 0.599635779858,
        "min": -1.87427425385,
        "stdev": 1.87931442261
    },
    "erbbands_skewness": {
        "max": 3.23862624168,
        "mean": 0.300209790468,
        "min": -2.37046146393,
        "stdev": 0.717724084854
    },
    "erbbands_spread": {
        "max": 63.1579399109,
        "mean": 21.9684200287,
        "min": 3.52917957306,
        "stdev": 9.59698200226
    },
    "hfc": {
        "max": 127.263832092,
        "mean": 15.2732019424,
        "min": 0.450751513243,
        "stdev": 17.5685710907
    },
    "loudness_ebu128": {
        "integrated": -23.0498371124,
        "loudness_range": 5.42594718933,
        "momentary": {
            "max": -16.56300354,
            "mean": -24.4837055206,
            "min": -35.313331604,
            "stdev": 3.7143099308
        },
        "short_term": {
            "max": -19.9738330841,
            "mean": -23.4558792114,
            "min": -27.6534290314,
            "stdev": 1.82706522942
        }
    },
    "melbands_crest": {
        "max": 29.0264816284,
        "mean": 11.7141084671,
        "min": 4.35867166519,
        "stdev": 4.36492395401
    },
    "melbands_flatness_db": {
        "max": 0.346929073334,
        "mean": 0.240763440728,
        "min": 0.154643699527,
        "stdev": 0.0312601663172
    },
    "melbands_kurtosis": {
        "max": 56.1922683716,
        "mean": 3.84106016159,
        "min": -1.74372696877,
        "stdev": 5.79851198196
    },
    "melbands_skewness": {
        "max": 6.3405213356,
        "mean": 1.24178314209,
        "min": -1.47064566612,
        "stdev": 1.04287672043
    },
    "melbands_spread": {
        "max": 73.0058822632,
        "mean": 20.9636554718,
        "min": 2.79597663879,
        "stdev": 10.5338048935
    },
    "pitch_salience": {
        "max": 0.822022140026,
        "mean": 0.585980296135,
        "min": 0.215732887387,
        "stdev": 0.0921245515347
    },
    "silence_rate_20dB": {
        "max": 1,
        "mean": 1,
        "min": 1,
        "stdev": 0
    },
    "silence_rate_30dB": {
        "max": 1,
        "mean": 0.99742102623,
        "min": 0,
        "stdev": 0.0507181994617
    },
    "silence_rate_60dB": {
        "max": 1,
        "mean": 0.127659574151,
        "min": 0,
        "stdev": 0.333709537983
    },
    "spectral_centroid": {
        "max": 2518.68530273,
        "mean": 1139.5513916,
        "min": 332.150115967,
        "stdev": 457.869995117
    },
    "spectral_complexity": {
        "max": 45,
        "mean": 14.7362995148,
        "min": 2,
        "stdev": 6.03650999069
    },
    "spectral_decrease": {
        "max": -2.07673364616e-10,
        "mean": -4.16956158489e-09,
        "min": -3.41661383629e-08,
        "stdev": 4.26596846737e-09
    },
    "spectral_energy": {
        "max": 0.140494063497,
        "mean": 0.0171222109348,
        "min": 0.000829991826322,
        "stdev": 0.0175545625389
    },
    "spectral_energyband_high": {
        "max": 0.000774148444179,
        "mean": 5.86666392337e-05,
        "min": 1.8745528223e-06,
        "stdev": 8.99936494534e-05
    },
    "spectral_energyband_low": {
        "max": 0.04699492082,
        "mean": 0.00212617288344,
        "min": 5.0624472351e-05,
        "stdev": 0.00359830074012
    },
    "spectral_energyband_middle_high": {
        "max": 0.103935278952,
        "mean": 0.00742411799729,
        "min": 7.18246446922e-05,
        "stdev": 0.0107366861776
    },
    "spectral_energyband_middle_low": {
        "max": 0.0965118855238,
        "mean": 0.00857830699533,
        "min": 0.000529401237145,
        "stdev": 0.0108689703047
    },
    "spectral_entropy": {
        "max": 7.6766204834,
        "mean": 7.03409290314,
        "min": 6.24032211304,
        "stdev": 0.228190809488
    },
    "spectral_flux": {
        "max": 0.386073261499,
        "mean": 0.0666675567627,
        "min": 0.00865054968745,
        "stdev": 0.0469522178173
    },
    "spectral_kurtosis": {
        "max": 33.1911735535,
        "mean": 8.57551670074,
        "min": -0.00339460372925,
        "stdev": 5.0432434082
    },
    "spectral_rms": {
        "max": 0.0117075778544,
        "mean": 0.00366914784536,
        "min": 0.000899860053323,
        "stdev": 0.00180053571239
    },
    "spectral_rolloff": {
        "max": 3229.98046875,
        "mean": 1295.56152344,
        "min": 172.265625,
        "stdev": 612.213317871
    },
    "spectral_skewness": {
        "max": 3.94435477257,
        "mean": 1.68800735474,
        "min": 0.191702753305,
        "stdev": 0.60324627161
    },
    "spectral_spread": {
        "max": 7700622.5,
        "mean": 2231439.25,
        "min": 1295848.75,
        "stdev": 430290.1875
    },
    "spectral_strongpeak": {
        "max": 10.1059179306,
        "mean": 1.51118588448,
        "min": 0.0246982444078,
        "stdev": 1.65732955933
    },
    "zerocrossingrate": {
        "max": 0.10498046875,
        "mean": 0.0442746095359,
        "min": 0.00830078125,
        "stdev": 0.0141307236627
    },
    "barkbands": {
        "max": [0.000201955801458, 0.00321358768269, 0.0193851292133, 0.0370281636715, 0.0195250902325, 0.0129650831223, 0.019218403846, 0.0543964765966, 0.0860474258661, 0.0823757201433, 0.0258626192808, 0.0318554602563, 0.0284264869988, 0.0231170561165, 0.0175799522549, 0.0177742559463, 0.0123820733279, 0.00713950954378, 0.00477781658992, 0.00122544495389, 0.000363922707038, 2.30121804634e-05, 5.66511607758e-06, 2.43241793214e-05, 5.07883078171e-06, 1.78997737521e-07, 1.91438530805e-07],
        "mean": [1.16837518362e-05, 0.000348924193531, 0.00110070500523, 0.00111628847662, 0.00114973646123, 0.00118233566172, 0.00105133850593, 0.00161242694594, 0.00178226793651, 0.00206651515327, 0.000743382901419, 0.00114354304969, 0.000780984584708, 0.000776805158239, 0.000662296428345, 0.000448419508757, 0.000410124601331, 0.000347734137904, 0.000275289145065, 9.38808298088e-05, 1.38356199386e-05, 1.61305149504e-06, 8.22384549792e-07, 1.09951201921e-06, 1.69807421457e-07, 6.63867072426e-10, 7.25048021621e-10],
        "min": [4.9084668774e-08, 1.10244436655e-05, 1.99495616471e-06, 3.73782859242e-06, 6.51771006233e-06, 1.31404713102e-05, 5.53418931304e-06, 4.57827445643e-06, 2.53354892266e-06, 1.46542572566e-06, 1.98060683942e-06, 1.59388355314e-06, 7.21908691048e-07, 7.87802207469e-07, 1.19078663374e-06, 1.17439606129e-06, 1.03166621557e-06, 1.26479653773e-06, 7.62722663694e-07, 3.57550106855e-07, 2.84350136326e-07, 1.08487114403e-07, 2.07676791319e-07, 2.99796624859e-07, 2.95699962294e-08, 6.59839682893e-11, 9.21901860407e-11],
        "stdev": [1.15375196401e-05, 0.000398431671783, 0.00199948390946, 0.00221294909716, 0.00159783405252, 0.00140639545862, 0.00176373752765, 0.00604899600148, 0.00533943902701, 0.00628374051303, 0.00197311257944, 0.00286789028905, 0.00232190801762, 0.00227681756951, 0.00170937238727, 0.00117183034308, 0.00100394000765, 0.000662777922116, 0.000502791779581, 0.000154441513587, 2.75242637144e-05, 2.01070633921e-06, 5.22766811173e-07, 1.36246342208e-06, 2.76828728829e-07, 4.63471971912e-09, 4.9550448189e-09]
    },
    "erbbands": {
        "max": [0.0793103203177, 0.897455811501, 12.3121023178, 101.559761047, 46.4650840759, 84.4931869507, 83.7208557129, 146.4375, 218.007675171, 868.16027832, 1091.88452148, 2233.9609375, 2154.49316406, 3153.00952148, 1522.3157959, 1355.94787598, 1249.01635742, 923.108703613, 1083.46850586, 900.58026123, 541.306335449, 610.788146973, 433.312255859, 329.454559326, 110.475845337, 63.868019104, 23.2381381989, 3.67278027534, 0.933819174767, 0.191736295819, 0.163264498115, 0.476477712393, 0.382474720478, 0.107075542212, 0.00753111951053, 0.000713400484528, 0.000333325762767, 0.000118846714031, 7.55339860916e-05, 0.000166651690961],
        "mean": [0.0072621665895, 0.0968499556184, 0.814451694489, 3.21258974075, 3.24296951294, 3.8252363205, 6.21921825409, 11.4102544785, 16.3486461639, 28.6467227936, 21.4555549622, 42.7311096191, 59.7332077026, 49.9237976074, 43.9371109009, 45.929069519, 39.2811927795, 34.6596946716, 47.4425926208, 25.4294300079, 25.2087135315, 20.7241439819, 18.101398468, 20.7474365234, 8.48967170715, 4.99977874756, 1.32417750359, 0.234322801232, 0.0652627050877, 0.024887336418, 0.0248422604054, 0.0246778838336, 0.0164038408548, 0.00407484639436, 0.000188645572052, 2.13810617424e-05, 9.32695456868e-06, 3.16006094181e-06, 9.45036754274e-06, 2.04066018341e-05],
        "min": [0.000455224449979, 0.00240905839019, 0.00376936071552, 0.00740008521825, 0.0164188295603, 0.0164631698281, 0.118780277669, 0.111436128616, 0.145218908787, 0.261575847864, 0.352393954992, 0.114859394729, 0.19068543613, 0.141532182693, 0.19784539938, 0.130489811301, 0.0555279925466, 0.0470553413033, 0.0936352312565, 0.0803078636527, 0.0702679753304, 0.0681110322475, 0.0811139047146, 0.0482168532908, 0.0273021031171, 0.016944585368, 0.0151550415903, 0.00985467806458, 0.00606735236943, 0.00686543527991, 0.00587814487517, 0.00614587264135, 0.00449414225295, 0.000919166719541, 4.03108642786e-05, 3.47392915501e-06, 9.06121783828e-07, 2.02499478519e-07, 4.40137455371e-07, 9.57472252594e-07],
        "stdev": [0.00744251301512, 0.110024288297, 1.30444741249, 6.6108007431, 4.43946456909, 6.13848304749, 7.56403017044, 15.0113840103, 26.3800010681, 92.6243743896, 69.2867889404, 121.26776886, 168.182281494, 175.759231567, 112.524711609, 111.146179199, 107.151069641, 87.0885391235, 116.533889771, 56.9837303162, 50.6019287109, 51.1089172363, 33.1643943787, 38.7993392944, 14.1084737778, 8.35862255096, 2.11792230606, 0.312480092049, 0.0786021500826, 0.0159936584532, 0.0167603641748, 0.0271735861897, 0.0222268495709, 0.00611876929179, 0.000411935296142, 2.5926876333e-05, 1.21333359857e-05, 4.44682882517e-06, 9.69601933321e-06, 2.09551653825e-05]
    },
    "gfcc": {
        "mean": [-91.4580612183, 177.860733032, -176.516799927, 24.8412055969, -49.3130950928, -10.6751213074, -26.4766540527, -3.38946437836, -9.28845596313, -25.8037548065, 11.8035507202, -26.388715744, 6.22789049149],
        "cov": [[2267.20410156, 25.1071891785, -806.768615723, -124.91758728, 520.562438965, -351.815216064, 348.084747314, -16.5010528564, -152.570388794, -55.9069976807, -83.3400115967, -126.894950867, -109.149215698], [25.1071891785, 162.632202148, 121.555160522, 9.07416820526, -19.9666481018, 3.16135334969, 20.8292331696, -45.6069755554, 1.15503573418, -19.5521183014, -17.3204555511, -13.4904108047, -12.3262434006], [-806.768615723, 121.555160522, 613.494018555, 171.864517212, -293.764221191, 118.100975037, -141.785430908, -19.0146999359, 49.0170707703, -9.50651073456, -22.3519058228, 24.7381782532, 32.492389679], [-124.91758728, 9.07416820526, 171.864517212, 249.579193115, -28.490196228, -51.6901245117, -44.1399688721, 26.2507629395, 18.1098232269, -28.5447025299, -47.5289802551, 0.497366905212, 29.3816204071], [520.562438965, -19.9666481018, -293.764221191, -28.490196228, 284.668273926, -48.9625053406, 62.9917755127, -5.9556760788, -39.0985107422, -22.5972175598, -6.29466676712, -28.4981307983, -39.3571739197], [-351.815216064, 3.16135334969, 118.100975037, -51.6901245117, -48.9625053406, 249.30078125, -12.9217014313, -75.8007125854, -22.8772640228, 26.7922172546, 16.9274158478, -7.14100885391, -5.76741075516], [348.084747314, 20.8292331696, -141.785430908, -44.1399688721, 62.9917755127, -12.9217014313, 177.652694702, -9.3291015625, -65.8778915405, -10.8710260391, -5.63604402542, -27.3866786957, -23.4867210388], [-16.5010528564, -45.6069755554, -19.0146999359, 26.2507629395, -5.9556760788, -75.8007125854, -9.3291015625, 127.064819336, 48.4136543274, -19.8767223358, -5.30034351349, 19.9107875824, 19.5151138306], [-152.570388794, 1.15503573418, 49.0170707703, 18.1098232269, -39.0985107422, -22.8772640228, -65.8778915405, 48.4136543274, 106.299568176, 19.4986629486, -20.2060890198, 17.2978687286, 17.5708370209], [-55.9069976807, -19.5521183014, -9.50651073456, -28.5447025299, -22.5972175598, 26.7922172546, -10.8710260391, -19.8767223358, 19.4986629486, 73.5552749634, 37.2386131287, -1.01273882389, -5.44265508652], [-83.3400115967, -17.3204555511, -22.3519058228, -47.5289802551, -6.29466676712, 16.9274158478, -5.63604402542, -5.30034351349, -20.2060890198, 37.2386131287, 94.8498153687, 26.5755462646, -17.6239852905], [-126.894950867, -13.4904108047, 24.7381782532, 0.497366905212, -28.4981307983, -7.14100885391, -27.3866786957, 19.9107875824, 17.2978687286, -1.01273882389, 26.5755462646, 65.5737991333, 37.3198013306], [-109.149215698, -12.3262434006, 32.492389679, 29.3816204071, -39.3571739197, -5.76741075516, -23.4867210388, 19.5151138306, 17.5708370209, -5.44265508652, -17.6239852905, 37.3198013306, 79.3242416382]],
        "icov": [[0.00208373344503, -0.00141021970194, 0.00140501279384, 0.000294060417218, -0.00142319127917, 0.00222118967213, -0.0010105248075, -0.000253612815868, 0.00259157479741, -0.00218021008186, 0.00321192364208, -0.000270224001724, 0.00129929243121], [-0.00141021970194, 0.0184109974653, -0.0108012920246, 0.00476923165843, -0.00524796359241, 0.00426797475666, -0.00837282184511, 0.0117942262441, -0.0135552305728, 0.0109464628622, -0.00910941883922, 0.00681006815284, -0.0055700452067], [0.00140501279384, -0.0108012920246, 0.013362611644, -0.00686540221795, 0.00867599155754, -0.00458736997098, 0.00659026904032, -0.00545172905549, 0.00740357581526, -0.00344568304718, 0.00588092487305, -0.00476617598906, 0.00626047840342], [0.000294060417218, 0.00476923165843, -0.00686540221795, 0.00921394024044, -0.00531083578244, 0.00468375300989, -0.00238922005519, 0.00183446041774, -0.000993028399535, 0.00045690065599, 0.00110117113218, 0.00261257542297, -0.00364130409434], [-0.00142319127917, -0.00524796359241, 0.00867599155754, -0.00531083578244, 0.0129899848253, -0.00512953847647, 0.00512254983187, -0.00263409875333, 0.00229152990505, 0.00199988973327, 0.000392673566239, -0.00248316023499, 0.00476150913164], [0.00222118967213, 0.00426797475666, -0.00458736997098, 0.00468375300989, -0.00512953847647, 0.0108529031277, -0.00434452900663, 0.0058612274006, -0.000223898212425, -0.00110454892274, 0.00105458905455, 0.00283953431062, -0.00174835685175], [-0.0010105248075, -0.00837282184511, 0.00659026904032, -0.00238922005519, 0.00512254983187, -0.00434452900663, 0.0150976385921, -0.00842805206776, 0.0125299142674, -0.00638174358755, 0.00667014578357, -0.00420155841857, 0.00450863596052], [-0.000253612815868, 0.0117942262441, -0.00545172905549, 0.00183446041774, -0.00263409875333, 0.0058612274006, -0.00842805206776, 0.0226549413055, -0.0187920965254, 0.0156841669232, -0.0122895352542, 0.00708851916716, -0.00673900963739], [0.00259157479741, -0.0135552305728, 0.00740357581526, -0.000993028399535, 0.00229152990505, -0.000223898212425, 0.0125299142674, -0.0187920965254, 0.0373684093356, -0.0256576593965, 0.0254049692303, -0.0155582996085, 0.0111749321222], [-0.00218021008186, 0.0109464628622, -0.00344568304718, 0.00045690065599, 0.00199988973327, -0.00110454892274, -0.00638174358755, 0.0156841669232, -0.0256576593965, 0.0388926304877, -0.0271574296057, 0.0170589499176, -0.0106005845591], [0.00321192364208, -0.00910941883922, 0.00588092487305, 0.00110117113218, 0.000392673566239, 0.00105458905455, 0.00667014578357, -0.0122895352542, 0.0254049692303, -0.0271574296057, 0.0396085605025, -0.0247283633798, 0.0184005033225], [-0.000270224001724, 0.00681006815284, -0.00476617598906, 0.00261257542297, -0.00248316023499, 0.00283953431062, -0.00420155841857, 0.00708851916716, -0.0155582996085, 0.0170589499176, -0.0247283633798, 0.0402206331491, -0.0221424996853], [0.00129929243121, -0.0055700452067, 0.00626047840342, -0.00364130409434, 0.00476150913164, -0.00174835685175, 0.00450863596052, -0.00673900963739, 0.0111749321222, -0.0106005845591, 0.0184005033225, -0.0221424996853, 0.0288442187011]]
    },
    "melbands": {
        "max": [0.000824312155601, 0.00594376912341, 0.0146600473672, 0.00272418279201, 0.00376735581085, 0.0029895810876, 0.00312585686333, 0.0115201985464, 0.00910049397498, 0.0147874262184, 0.0107187340036, 0.013834964484, 0.00446634646505, 0.00456094183028, 0.00228307070211, 0.00338291376829, 0.00203403015621, 0.00234786584042, 0.00119249394629, 0.00168454169761, 0.000805841409601, 0.000920212303754, 0.000578677281737, 0.000516931468155, 0.000280604086583, 0.000114870847028, 7.01657336322e-05, 4.42650562036e-05, 2.11161877814e-05, 5.78950221097e-06, 1.11409815418e-06, 6.93185427281e-07, 1.42115027302e-07, 1.29240859792e-07, 7.93519774334e-08, 1.77734690965e-07, 3.58031286396e-07, 3.39893517776e-07, 1.82474906296e-07, 8.00498440867e-08],
        "mean": [8.01658825367e-05, 0.000367518048733, 0.000543944479432, 0.000240912253503, 0.000214115527342, 0.000249752658419, 0.000239963803324, 0.000351844908437, 0.000156936410349, 0.000290413154289, 0.000299516832456, 0.000210245416383, 0.00011704859935, 0.000139765892527, 9.62514604907e-05, 7.46081277612e-05, 6.57408309053e-05, 8.22436195449e-05, 3.94787930418e-05, 3.34642354574e-05, 2.95929257845e-05, 2.54847036558e-05, 1.42295257319e-05, 1.56478999997e-05, 1.79220714926e-05, 6.51956088404e-06, 4.3998061301e-06, 3.03481397168e-06, 9.47989917677e-07, 2.80584856682e-07, 8.13071636685e-08, 4.02335871286e-08, 1.66545408575e-08, 1.18530909532e-08, 1.36486386637e-08, 1.52061350178e-08, 1.51737058474e-08, 1.28945227829e-08, 7.43688177707e-09, 1.8872314822e-09],
        "min": [3.65056757801e-06, 3.43937404068e-06, 1.66262566381e-06, 1.54189217483e-06, 5.59689942747e-06, 1.83882048077e-06, 1.55996872309e-06, 3.37235201187e-06, 1.37850656756e-06, 5.93828985984e-07, 7.33231161121e-07, 4.14146342109e-07, 3.69627997543e-07, 3.20935100717e-07, 9.91566864172e-08, 6.87407393229e-08, 8.30715407574e-08, 1.32921258e-07, 9.64608517506e-08, 8.94236151794e-08, 5.80538568329e-08, 4.73357175679e-08, 4.41038849885e-08, 5.54480408255e-08, 3.41280639304e-08, 1.9277113239e-08, 7.26936066897e-09, 1.15149729751e-08, 9.15722520034e-09, 4.52688020403e-09, 1.28785893061e-09, 1.34865441037e-09, 6.37861652386e-10, 2.67149968813e-09, 2.92935031787e-09, 2.49395748497e-09, 2.82875656232e-09, 2.97440228003e-09, 1.88862459005e-09, 2.02569544472e-10],
        "stdev": [8.8084510935e-05, 0.000564553076401, 0.000959910685197, 0.000320630468195, 0.000281453219941, 0.000324995053234, 0.000389084569179, 0.00123560836073, 0.000519222754519, 0.000844012771267, 0.000867971801199, 0.000783284020144, 0.000307172565954, 0.000350233516656, 0.000233241371461, 0.000236824940657, 0.000188987629372, 0.00021384601132, 9.64245846262e-05, 9.89504987956e-05, 6.35118485661e-05, 7.27184669813e-05, 2.83577737719e-05, 3.07760528813e-05, 3.50661066477e-05, 1.15723687486e-05, 7.5865573308e-06, 5.31028217665e-06, 1.743509074e-06, 4.61729570134e-07, 1.13292117021e-07, 5.3806065381e-08, 1.51664778514e-08, 7.22534920783e-09, 9.02261731994e-09, 1.30494042239e-08, 1.9053953082e-08, 1.84710291506e-08, 9.58258716821e-09, 3.91195564831e-09]
    },
    "melbands128": {
        "max": [0.000121660443256, 0.000444452074589, 0.00144174939487, 0.00174491712824, 0.00224317633547, 0.0131275905296, 0.0249415319413, 0.0133714545518, 0.00445483112708, 0.0034033653792, 0.00533450348303, 0.00809741020203, 0.00278251082636, 0.00219132355414, 0.00533140823245, 0.00578648457304, 0.00646703597158, 0.00502542871982, 0.00719695724547, 0.00936273019761, 0.0232197400182, 0.0106334248558, 0.013503652066, 0.00941575877368, 0.017131999135, 0.0238513704389, 0.0188699997962, 0.0170497726649, 0.0245280191302, 0.0264295935631, 0.0128452032804, 0.00563316140324, 0.00416363682598, 0.00866950768977, 0.00597779452801, 0.0100828474388, 0.00493377540261, 0.0039224033244, 0.00464655831456, 0.0041170665063, 0.00706581445411, 0.00424579111859, 0.003710801946, 0.00350361480378, 0.00611628312618, 0.00321235670708, 0.00369268655777, 0.00279150507413, 0.00120006385259, 0.00255845254287, 0.00257242657244, 0.00179378164466, 0.00123076234013, 0.00147728528827, 0.00249195401557, 0.00194223516155, 0.000262406130787, 0.000419970136136, 0.00105961598456, 0.000778934219852, 0.000930438342039, 0.000708165171091, 0.000818301050458, 0.000692603643984, 0.000388764776289, 0.000151221873239, 0.000191084327525, 0.000136716262205, 9.8375545349e-05, 0.000125352366013, 0.00010400723113, 5.22737063875e-05, 4.46935082437e-05, 4.37377675553e-05, 1.29603295136e-05, 1.25330934679e-05, 3.50513164449e-06, 1.8164953417e-06, 9.37997299388e-07, 1.32582613332e-06, 5.13444092576e-07, 8.10993299183e-07, 2.2843023828e-07, 2.10662634004e-07, 1.39003887512e-07, 2.29786749628e-07, 1.03018471975e-07, 1.0997089106e-07, 1.10512850426e-07, 1.78054932576e-07, 2.53269178074e-07, 2.4583926006e-07, 3.99767202452e-07, 4.249892811e-07, 4.18456494344e-07, 3.83306058893e-07, 4.57320311398e-07, 2.97548865547e-07, 2.66251987568e-07, 1.78530626727e-07, 1.03945403396e-07, 8.14455773934e-08, 3.93040728852e-08, 2.30332020124e-09, 1.40146172445e-09, 1.34425004461e-09, 1.30537036735e-09, 1.27152854912e-09, 1.23207766212e-09, 1.18491061407e-09, 1.13108888922e-09, 1.09662001702e-09, 1.05308539666e-09, 1.00844366191e-09, 9.76578706791e-10, 9.55097556599e-10, 9.24799792301e-10, 8.92633300609e-10, 8.73299876858e-10, 8.50073234027e-10, 8.23394630256e-10, 8.10384981342e-10, 7.95851329283e-10, 7.79414699448e-10, 7.63835161788e-10, 7.56554596748e-10, 7.49880546547e-10, 7.46697870202e-10],
        "mean": [9.21811533772e-06, 4.64369768451e-05, 9.91858833004e-05, 0.000164016018971, 0.000231419646298, 0.00067323440453, 0.000715123664122, 0.000495029322337, 0.000302768341498, 0.000216158296098, 0.000200782160391, 0.00022996419284, 0.000220751258894, 0.000177038367838, 0.000286516093183, 0.000256231694948, 0.000256999832345, 0.000268279603915, 0.000189838945516, 0.000275944417808, 0.000581498781685, 0.000165440476849, 9.6055722679e-05, 0.000108843189082, 0.000248983094934, 0.000428309751442, 0.00025481794728, 0.000336974451784, 0.000247554067755, 0.000302692671539, 0.000179067530553, 5.4969368648e-05, 7.48962265789e-05, 0.000221122361836, 0.000134055866511, 0.000115180635476, 0.000148092818563, 6.86126222718e-05, 9.45700958255e-05, 9.4104798336e-05, 7.78419343987e-05, 3.19201571983e-05, 4.63183241664e-05, 0.000103525708255, 8.18127082312e-05, 7.9107892816e-05, 8.72586897458e-05, 2.89479485218e-05, 2.34366179939e-05, 3.63638209819e-05, 3.66825188394e-05, 2.9792321584e-05, 2.47577827395e-05, 2.79729938484e-05, 4.41776574007e-05, 2.70679120149e-05, 7.90181366028e-06, 1.15823704618e-05, 1.56103815243e-05, 2.19834601012e-05, 1.09948714453e-05, 1.34582405735e-05, 2.69503307209e-05, 1.79724174814e-05, 6.90192973707e-06, 5.20951698491e-06, 7.40459381632e-06, 4.7191451813e-06, 3.33704610966e-06, 4.32172691944e-06, 3.73867374037e-06, 2.14563056034e-06, 1.12325380996e-06, 8.21654850824e-07, 5.44709450878e-07, 3.41886533306e-07, 1.32676476028e-07, 9.18095324209e-08, 7.34157339366e-08, 7.79825342079e-08, 3.88687340092e-08, 3.22497939464e-08, 1.85593176383e-08, 1.66251883371e-08, 1.27131576377e-08, 1.17624603391e-08, 1.14601625967e-08, 1.2097102875e-08, 1.37219720031e-08, 1.46491769826e-08, 1.54108636963e-08, 1.50573562507e-08, 1.55105137623e-08, 1.50362886586e-08, 1.5313258217e-08, 1.4648681379e-08, 1.26806680711e-08, 9.94086857276e-09, 8.07072186859e-09, 6.25893425976e-09, 3.29024230084e-09, 9.22925125213e-10, 4.00493999075e-10, 1.8534252258e-11, 5.43774964293e-12, 5.11585608945e-12, 4.92495844454e-12, 4.66350916217e-12, 4.49487018786e-12, 4.33660399257e-12, 4.19715607755e-12, 4.06957323743e-12, 3.92520781503e-12, 3.78288893266e-12, 3.6701210647e-12, 3.58917019369e-12, 3.49546975566e-12, 3.40924402424e-12, 3.35073245192e-12, 3.26417105151e-12, 3.16628580993e-12, 3.11280059888e-12, 3.0791333025e-12, 3.01623006085e-12, 2.83913582748e-12, 2.57186980046e-12, 2.42462668866e-12, 2.39420462622e-12],
        "min": [4.07496791865e-09, 2.5996772024e-07, 2.96262805932e-06, 1.51253220793e-06, 3.55656652573e-07, 8.23270283945e-07, 1.12020597953e-06, 1.38144218909e-06, 6.80122752783e-07, 2.57575777596e-07, 3.24036733446e-07, 4.11730169958e-08, 1.50488892814e-06, 1.73454282049e-06, 1.45202409385e-06, 1.45122658068e-06, 5.95794006131e-07, 2.68923798785e-07, 3.60219644335e-07, 1.03787542116e-07, 5.15032638759e-07, 4.85628504521e-07, 2.65054254101e-08, 9.16547691077e-08, 1.79229601827e-07, 1.54273777753e-07, 3.01436358541e-07, 1.02775764788e-07, 1.14024601316e-07, 8.01656128147e-08, 5.3890353513e-08, 5.17596596694e-08, 1.70399516719e-07, 9.44904030575e-08, 4.31083826413e-08, 1.73339262943e-08, 2.75137388428e-08, 3.01120586244e-08, 1.47029730613e-08, 3.36626406749e-08, 2.0280838342e-08, 2.37449651053e-08, 5.2460464417e-08, 7.34146183845e-08, 1.94499278905e-08, 2.94520337007e-08, 8.35209448269e-08, 2.42261553041e-08, 2.57879531063e-08, 2.94394126854e-08, 5.18601623867e-08, 3.15253174676e-08, 9.19527565202e-09, 1.08868176696e-08, 3.579198804e-08, 1.08120365994e-08, 1.79944397161e-08, 1.7936649499e-08, 3.41125598879e-08, 4.14547471905e-08, 1.42593616914e-08, 1.32977397982e-08, 1.89520186211e-08, 1.95099190137e-08, 5.67246427607e-09, 1.0079697077e-08, 9.40382616221e-09, 6.59795418301e-09, 4.32187263755e-09, 3.76124953405e-09, 5.54010304299e-09, 7.75602870817e-09, 5.68053160066e-09, 4.27836122086e-09, 3.11866865665e-09, 3.3674065758e-09, 1.83524728747e-09, 4.08967082421e-10, 7.21074241983e-11, 6.59916982171e-11, 8.67976857055e-10, 6.34750085826e-10, 1.17476389727e-10, 2.4365295892e-10, 8.35621627449e-10, 1.25704047171e-09, 1.32171118494e-09, 1.76869086044e-09, 1.25921340022e-09, 1.60004010041e-09, 1.41179001822e-09, 1.24075760777e-09, 1.84982462681e-09, 1.75086389831e-09, 2.02234051727e-09, 1.7126365881e-09, 1.42831435568e-09, 1.1561128721e-09, 1.13726128514e-09, 8.09898093035e-10, 4.7574118256e-11, 6.45811908725e-13, 2.76337085809e-13, 2.54799409653e-13, 1.72447952728e-13, 2.32078760506e-13, 2.22302089388e-13, 2.9483780326e-13, 2.02157436841e-13, 2.22363455231e-13, 2.73936336939e-13, 2.65075803104e-13, 2.57065636139e-13, 2.42033579593e-13, 2.1660003977e-13, 2.86241164235e-13, 2.12282882245e-13, 3.07507735638e-13, 2.51816471321e-13, 2.0559201314e-13, 2.4127097889e-13, 2.39937518638e-13, 2.62008513843e-13, 1.86851605694e-13, 1.65429397069e-13, 6.09117723166e-14, 1.1373656025e-14, 3.37178167086e-16],
        "stdev": [8.58309704199e-06, 4.48916616733e-05, 0.000136301168823, 0.000210458121728, 0.000299581763102, 0.00128577311989, 0.00163974566385, 0.000860710628331, 0.000454761029687, 0.000355545635102, 0.000372877082555, 0.000485618860694, 0.000308967224555, 0.000238816355704, 0.000448098406196, 0.000458539230749, 0.000618296326138, 0.000550353957806, 0.000427442253567, 0.000981714343652, 0.00244574039243, 0.000642940518446, 0.000576448917855, 0.000588590686675, 0.00094086851459, 0.00140271068085, 0.00117511989083, 0.00123135244939, 0.00112010270823, 0.00143419101369, 0.000752419175114, 0.000249523058301, 0.000289009418339, 0.000704496575054, 0.000529606128111, 0.000485503609525, 0.000491500017233, 0.000259817694314, 0.000368353939848, 0.000361958227586, 0.000368596956832, 0.000174686865648, 0.000206878306926, 0.00037966799573, 0.000366457505152, 0.000288227893179, 0.000305483437842, 0.000132552377181, 8.08322220109e-05, 0.000140300864587, 0.000155630594236, 0.000109498156235, 8.42951849336e-05, 8.84378459887e-05, 0.000148652514326, 0.000114922855573, 2.18849945668e-05, 3.07876507577e-05, 4.35400179413e-05, 5.41488152521e-05, 3.95350725739e-05, 4.28184466728e-05, 7.35058420105e-05, 4.45625410066e-05, 2.37704389292e-05, 1.24663429233e-05, 1.66811696545e-05, 1.2198765944e-05, 8.7791822807e-06, 1.00791876321e-05, 9.18338082556e-06, 4.56735733678e-06, 2.3863167371e-06, 2.82519522443e-06, 1.12209045255e-06, 7.18203295946e-07, 2.3875855959e-07, 1.53215523824e-07, 1.04591471484e-07, 1.36695732067e-07, 5.42512914592e-08, 5.24877457053e-08, 2.05342853832e-08, 1.85023782961e-08, 1.00276906778e-08, 9.84338388577e-09, 8.00066235485e-09, 8.64783356036e-09, 1.06084243612e-08, 1.2739617361e-08, 1.47310981191e-08, 1.49015466633e-08, 1.90339637385e-08, 2.04781365198e-08, 2.20853539901e-08, 2.28468657326e-08, 2.02172962815e-08, 1.42670533165e-08, 1.12017559672e-08, 8.29832824678e-09, 5.16865528155e-09, 4.09376088584e-09, 2.24333884802e-09, 1.12338152669e-10, 3.65280722336e-11, 3.48816843465e-11, 3.38505889985e-11, 3.2938263228e-11, 3.1902626374e-11, 3.06773668968e-11, 2.92900183274e-11, 2.83899657255e-11, 2.72642238647e-11, 2.61160381515e-11, 2.52855739818e-11, 2.4717367042e-11, 2.39358029924e-11, 2.31075280438e-11, 2.26000294867e-11, 2.19998637363e-11, 2.13162838075e-11, 2.09720591587e-11, 2.05941999565e-11, 2.01711026354e-11, 1.97764565141e-11, 1.95923121477e-11, 1.94225573125e-11, 1.93396861026e-11]
    },
    "mfcc": {
        "mean": [-710.635620117, 186.492660522, -47.8410301208, 24.0212612152, 2.26791977882, -15.2946233749, 2.96279597282, 1.17777681351, -8.80527114868, 6.7419834137, -11.4008541107, 1.55771923065, -6.36591386795],
        "cov": [[2398.38012695, 162.704666138, -1166.37438965, 299.889038086, -89.8606872559, -94.0178909302, 265.257446289, 21.037355423, 8.49337482452, 127.98866272, -82.5435256958, -15.1875171661, -147.837158203], [162.704666138, 184.675994873, -36.9028739929, -34.1227035522, -29.0582122803, 28.9703979492, 28.5878620148, 0.0189660359174, -21.9374523163, 6.24983310699, 6.75422048569, -6.1818523407, -13.5510721207], [-1166.37438965, -36.9028739929, 937.770874023, -57.4525108337, -28.7323131561, 83.0373306274, -153.03263855, -35.8167266846, 51.2614021301, -127.68800354, 28.2381801605, 43.7478485107, 33.2676124573], [299.889038086, -34.1227035522, -57.4525108337, 310.381774902, 23.951883316, -107.311401367, -8.23476696014, 25.1768608093, 52.2942199707, -11.5504980087, -64.2163009644, 31.1975231171, -3.21900296211], [-89.8606872559, -29.0582122803, -28.7323131561, 23.951883316, 175.452896118, -7.84555673599, -50.8177909851, 14.8148231506, -9.74287605286, 9.53056240082, 5.69220590591, -27.5757350922, 12.5642871857], [-94.0178909302, 28.9703979492, 83.0373306274, -107.311401367, -7.84555673599, 225.74508667, 53.5637245178, -45.9528770447, -11.7987174988, -21.7309494019, 27.3220405579, -17.6545658112, -45.7964782715], [265.257446289, 28.5878620148, -153.03263855, -8.23476696014, -50.8177909851, 53.5637245178, 176.684066772, 16.21534729, -54.2679138184, 27.3860607147, -7.34587526321, -23.7999916077, -19.9687042236], [21.037355423, 0.0189660359174, -35.8167266846, 25.1768608093, 14.8148231506, -45.9528770447, 16.21534729, 85.2506484985, 21.0099983215, -0.731172025204, -17.5209693909, -6.26132917404, 8.52759361267], [8.49337482452, -21.9374523163, 51.2614021301, 52.2942199707, -9.74287605286, -11.7987174988, -54.2679138184, 21.0099983215, 130.434967041, -12.8643407822, -35.8923225403, 26.0920467377, -14.8383731842], [127.98866272, 6.24983310699, -127.68800354, -11.5504980087, 9.53056240082, -21.7309494019, 27.3860607147, -0.731172025204, -12.8643407822, 83.1771087646, 17.3840389252, -21.5617027283, -5.47002696991], [-82.5435256958, 6.75422048569, 28.2381801605, -64.2163009644, 5.69220590591, 27.3220405579, -7.34587526321, -17.5209693909, -35.8923225403, 17.3840389252, 87.5981521606, 7.90503025055, -8.16882133484], [-15.1875171661, -6.1818523407, 43.7478485107, 31.1975231171, -27.5757350922, -17.6545658112, -23.7999916077, -6.26132917404, 26.0920467377, -21.5617027283, 7.90503025055, 78.1641616821, 19.6916980743], [-147.837158203, -13.5510721207, 33.2676124573, -3.21900296211, 12.5642871857, -45.7964782715, -19.9687042236, 8.52759361267, -14.8383731842, -5.47002696991, -8.16882133484, 19.6916980743, 87.6336212158]],
        "icov": [[0.00221971096471, -0.00150654197205, 0.00253927893937, -0.00169219169766, 0.0007994826301, 0.000417322502472, -0.00123320857529, 0.00132714840584, -0.00104273343459, 0.000748129619751, -0.000227336946409, -0.000275561411399, 0.00208972999826], [-0.00150654197205, 0.00701215909794, -0.00147370004561, 0.00139880750794, 0.000691000022925, -0.00130879168864, 0.00149498216342, -0.00213951314799, 0.00224194559269, -0.00110140966717, 0.00069414882455, -0.00019552030426, -0.000661059049889], [0.00253927893937, -0.00147370004561, 0.00466943625361, -0.00211194576696, 0.00178445619531, -0.000514067593031, 0.000156861889991, 0.00135507434607, -0.00146556796972, 0.00293118134141, -0.00131216016598, 0.000375759322196, 0.00131311442237], [-0.00169219169766, 0.00139880750794, -0.00211194576696, 0.00690337084234, -0.00286875665188, 0.00305782584473, -0.00133968924638, 0.000409141066484, -0.000553634483367, 0.000359298981493, 0.00328083941713, -0.00277236080728, 0.000938589801081], [0.0007994826301, 0.000691000022925, 0.00178445619531, -0.00286875665188, 0.00952412839979, -0.00330701982602, 0.00538673438132, -0.00347176101059, 0.00242777145468, -0.00126198655926, -0.00102540105581, 0.00363849941641, -0.0014365199022], [0.000417322502472, -0.00130879168864, -0.000514067593031, 0.00305782584473, -0.00330701982602, 0.0107158897445, -0.0072281844914, 0.00691617606208, -0.00444239098579, 0.00486676488072, -0.00194851390552, 0.000724228972103, 0.00377041194588], [-0.00123320857529, 0.00149498216342, 0.000156861889991, -0.00133968924638, 0.00538673438132, -0.0072281844914, 0.0154539234936, -0.00836500898004, 0.0087758610025, -0.00530327437446, 0.00380147853866, 2.00925187528e-05, -0.000667501823045], [0.00132714840584, -0.00213951314799, 0.00135507434607, 0.000409141066484, -0.00347176101059, 0.00691617606208, -0.00836500898004, 0.0196177363396, -0.00807526055723, 0.00532535184175, -0.00207974831574, 0.00295052514412, -0.000186133038369], [-0.00104273343459, 0.00224194559269, -0.00146556796972, -0.000553634483367, 0.00242777145468, -0.00444239098579, 0.0087758610025, -0.00807526055723, 0.0170548874885, -0.0057425731793, 0.00831592734903, -0.00621672719717, 0.00394095154479], [0.000748129619751, -0.00110140966717, 0.00293118134141, 0.000359298981493, -0.00126198655926, 0.00486676488072, -0.00530327437446, 0.00532535184175, -0.0057425731793, 0.021106461063, -0.00791549868882, 0.00649719266221, -0.000862849468831], [-0.000227336946409, 0.00069414882455, -0.00131216016598, 0.00328083941713, -0.00102540105581, -0.00194851390552, 0.00380147853866, -0.00207974831574, 0.00831592734903, -0.00791549868882, 0.0208259895444, -0.0087941037491, 0.00537118921056], [-0.000275561411399, -0.00019552030426, 0.000375759322196, -0.00277236080728, 0.00363849941641, 0.000724228972103, 2.00925187528e-05, 0.00295052514412, -0.00621672719717, 0.00649719266221, -0.0087941037491, 0.0219743978232, -0.0075698941946], [0.00208972999826, -0.000661059049889, 0.00131311442237, 0.000938589801081, -0.0014365199022, 0.00377041194588, -0.000667501823045, -0.000186133038369, 0.00394095154479, -0.000862849468831, 0.00537118921056, -0.0075698941946, 0.019227726385]]
    },
    "spectral_contrast_coeffs": {
        "max": [-0.514045655727, -0.502387940884, -0.494529306889, -0.57912671566, -0.601160526276, -0.676783680916],
        "mean": [-0.712023377419, -0.734474182129, -0.708287000656, -0.760675311089, -0.756904006004, -0.780421078205],
        "min": [-0.84987694025, -0.912944793701, -0.888152897358, -0.889984071255, -0.878660261631, -0.882319688797],
        "stdev": [0.0552908219397, 0.0666400194168, 0.0764646083117, 0.0614251680672, 0.056652430445, 0.0349963232875]
    },
    "spectral_contrast_valleys": {
        "max": [-5.82663917542, -5.12145519257, -5.65258836746, -6.12817811966, -6.42882394791, -10.7306280136],
        "mean": [-7.09414291382, -6.80722951889, -7.56131744385, -7.90383863449, -8.21240615845, -12.2590274811],
        "min": [-8.6699590683, -8.31715297699, -9.32631492615, -9.95972633362, -9.99156284332, -12.7204627991],
        "stdev": [0.554281175137, 0.505223810673, 0.609654247761, 0.626795947552, 0.678036510944, 0.240672081709]
    }
},
"rhythm": {
    "beats_count": 77,
    "beats_loudness": {
        "max": 0.110848292708,
        "mean": 0.0216718520969,
        "min": 0.00140278774779,
        "stdev": 0.0196799021214
    },
    "bpm": 134.508453369,
    "bpm_histogram_first_peak_bpm": 136,
    "bpm_histogram_first_peak_weight": 0.469387710094,
    "bpm_histogram_second_peak_bpm": 126,
    "bpm_histogram_second_peak_spread": 0.47058826685,
    "bpm_histogram_second_peak_weight": 0.118421055377,
    "danceability": 1.11359965801,
    "onset_rate": 2.66647839546,
    "beats_loudness_band_ratio": {
        "max": [0.612335145473, 0.789050936699, 0.818223595619, 0.685206353664, 0.498940974474, 0.152964413166],
        "mean": [0.189501658082, 0.175088554621, 0.268984526396, 0.253273040056, 0.155184611678, 0.0191702898592],
        "min": [0.0107940323651, 0.0156368296593, 0.0263965725899, 0.0117617193609, 0.0077987019904, 0.000954181596171],
        "stdev": [0.160167813301, 0.176390662789, 0.170659780502, 0.179501846433, 0.134346351027, 0.0208436697721]
    },
