{
"metadata": {
    "version": {
        "essentia": "2.1-beta5",
        "essentia_git_sha": "Undefined",
        "extractor": "music 2.0"
    },
    "audio_properties": {
        "analysis": {
            "equal_loudness": 0,
            "length": 35.9909057617,
            "sample_rate": 44100,
            "start_time": 45.2440834045,
            "downmix": "mix"
        },
        "bit_rate": 192000,
        "length": 179.072296143,
        "lossless": 0,
        "number_channels": 2,
        "replay_gain": -9.05087280273,
        "sample_rate": 44100,
        "codec": "mp3",
        "md5_encoded": "dc2cc6e9e354e8c30246338a86a6c943"
    },
    "tags": {
        "file_name": "United KingdomUK_Only The Light_Rikki.mp3",
        "encoding": ["Lavf58.29.100"]
    }
},
"lowlevel": {
    "average_loudness": 0.797940015793,
    "barkbands_crest": {
        "max": 24.0628852844,
        "mean": 11.112156868,
        "min": 3.41651630402,
        "stdev": 4.22524833679
    },
    "barkbands_flatness_db": {
        "max": 0.337239474058,
        "mean": 0.191520109773,
        "min": 0.0764504298568,
        "stdev": 0.0378090590239
    },
    "barkbands_kurtosis": {
        "max": 48.0549621582,
        "mean": 4.4116230011,
        "min": -1.70785975456,
        "stdev": 5.9157834053
    },
    "barkbands_skewness": {
        "max": 5.35323858261,
        "mean": 1.26903450489,
        "min": -1.66769206524,
        "stdev": 1.15860235691
    },
    "barkbands_spread": {
        "max": 70.1507568359,
        "mean": 11.6183662415,
        "min": 1.49804127216,
        "stdev": 7.28261137009
    },
    "dissonance": {
        "max": 0.499983370304,
        "mean": 0.448857218027,
        "min": 0.257481396198,
        "stdev": 0.0326020531356
    },
    "dynamic_complexity": 3.55989551544,
    "erbbands_crest": {
        "max": 30.1269683838,
        "mean": 11.0941734314,
        "min": 3.28895449638,
        "stdev": 4.77156209946
    },
    "erbbands_flatness_db": {
        "max": 0.37888482213,
        "mean": 0.230741113424,
        "min": 0.103006243706,
        "stdev": 0.0497788265347
    },
    "erbbands_kurtosis": {
        "max": 23.6508083344,
        "mean": 1.36009061337,
        "min": -1.83563768864,
        "stdev": 2.80475139618
    },
    "erbbands_skewness": {
        "max": 3.74299120903,
        "mean": 0.706301510334,
        "min": -1.35757744312,
        "stdev": 0.788995683193
    },
    "erbbands_spread": {
        "max": 125.380355835,
        "mean": 23.0567569733,
        "min": 2.7894756794,
        "stdev": 13.4674043655
    },
    "hfc": {
        "max": 104.296379089,
        "mean": 17.3914203644,
        "min": 0.188487738371,
        "stdev": 17.6106567383
    },
    "loudness_ebu128": {
        "integrated": -15.7946014404,
        "loudness_range": 5.30341434479,
        "momentary": {
            "max": -10.6810493469,
            "mean": -16.8141479492,
            "min": -25.105424881,
            "stdev": 3.10924553871
        },
        "short_term": {
            "max": -12.060464859,
            "mean": -16.0101566315,
            "min": -19.4491214752,
            "stdev": 1.54879820347
        }
    },
    "melbands_crest": {
        "max": 30.0346717834,
        "mean": 12.7888345718,
        "min": 4.05425548553,
        "stdev": 4.62986135483
    },
    "melbands_flatness_db": {
        "max": 0.362898796797,
        "mean": 0.218854650855,
        "min": 0.0594765618443,
        "stdev": 0.0449808761477
    },
    "melbands_kurtosis": {
        "max": 55.9289779663,
        "mean": 7.56991624832,
        "min": -1.36076545715,
        "stdev": 8.7327375412
    },
    "melbands_skewness": {
        "max": 6.84693288803,
        "mean": 1.64634788036,
        "min": -1.32634782791,
        "stdev": 1.324249506
    },
    "melbands_spread": {
        "max": 74.030921936,
        "mean": 16.2342319489,
        "min": 1.90077674389,
        "stdev": 9.71181297302
    },
    "pitch_salience": {
        "max": 0.840301930904,
        "mean": 0.579449594021,
        "min": 0.208807826042,
        "stdev": 0.0998151823878
    },
    "silence_rate_20dB": {
        "max": 1,
        "mean": 1,
        "min": 1,
        "stdev": 0
    },
    "silence_rate_30dB": {
        "max": 1,
        "mean": 1,
        "min": 1,
        "stdev": 0
    },
    "silence_rate_60dB": {
        "max": 1,
        "mean": 0.0554480962455,
        "min": 0,
        "stdev": 0.228853151202
    },
    "spectral_centroid": {
        "max": 2954.53735352,
        "mean": 972.321899414,
        "min": 284.338226318,
        "stdev": 396.75994873
    },
    "spectral_complexity": {
        "max": 42,
        "mean": 15.6137971878,
        "min": 1,
        "stdev": 6.70987510681
    },
    "spectral_decrease": {
        "max": -8.20986681416e-11,
        "mean": -5.1352668784e-09,
        "min": -2.67919251229e-08,
        "stdev": 4.35942038024e-09
    },
    "spectral_energy": {
        "max": 0.108015030622,
        "mean": 0.0209591537714,
        "min": 0.000331191433361,
        "stdev": 0.0178712252527
    },
    "spectral_energyband_high": {
        "max": 0.00200767558999,
        "mean": 0.000125656108139,
        "min": 4.13515226683e-06,
        "stdev": 0.000185134034837
    },
    "spectral_energyband_low": {
        "max": 0.010851893574,
        "mean": 0.00112894026097,
        "min": 9.80131062533e-06,
        "stdev": 0.00176649866626
    },
    "spectral_energyband_middle_high": {
        "max": 0.0833114758134,
        "mean": 0.00810013804585,
        "min": 2.01401071536e-05,
        "stdev": 0.0116650732234
    },
    "spectral_energyband_middle_low": {
        "max": 0.0978996157646,
        "mean": 0.0120029533282,
        "min": 0.000162856944371,
        "stdev": 0.0128449592739
    },
    "spectral_entropy": {
        "max": 8.37888050079,
        "mean": 7.18810653687,
        "min": 6.19441366196,
        "stdev": 0.326179563999
    },
    "spectral_flux": {
        "max": 0.286371469498,
        "mean": 0.0741427987814,
        "min": 0.0111052710563,
        "stdev": 0.0411569960415
    },
    "spectral_kurtosis": {
        "max": 26.6964435577,
        "mean": 7.7092833519,
        "min": -0.4211769104,
        "stdev": 3.87965154648
    },
    "spectral_rms": {
        "max": 0.0102655012161,
        "mean": 0.00413491204381,
        "min": 0.000568430812564,
        "stdev": 0.00183041975833
    },
    "spectral_rolloff": {
        "max": 8333.34960938,
        "mean": 1158.15197754,
        "min": 236.865234375,
        "stdev": 747.549865723
    },
    "spectral_skewness": {
        "max": 3.70115184784,
        "mean": 1.97880148888,
        "min": 0.700459241867,
        "stdev": 0.492735385895
    },
    "spectral_spread": {
        "max": 11692274,
        "mean": 3123156,
        "min": 1850712.375,
        "stdev": 1139234.375
    },
    "spectral_strongpeak": {
        "max": 12.5793027878,
        "mean": 1.78527748585,
        "min": 0.0328045487404,
        "stdev": 1.95847320557
    },
    "zerocrossingrate": {
        "max": 0.1943359375,
        "mean": 0.0447292067111,
        "min": 0.01123046875,
        "stdev": 0.0191891957074
    },
    "barkbands": {
        "max": [0.000347381399479, 0.00980601366609, 0.00493257679045, 0.0120424758643, 0.0567954257131, 0.0759309604764, 0.0742004066706, 0.0391463562846, 0.0730342492461, 0.0576924048364, 0.0467617809772, 0.0482943020761, 0.0115316575393, 0.0351340770721, 0.0173065196723, 0.00750621780753, 0.00555290235206, 0.00391507195309, 0.00166217563674, 0.00128175190184, 0.000476298853755, 0.000384610088076, 0.00034115681774, 0.00123725924641, 0.000731343519874, 2.98221202684e-05, 1.08146614366e-05],
        "mean": [7.80670325184e-06, 0.000742428004742, 0.000261598237557, 0.000296706275549, 0.0021875735838, 0.00356643716805, 0.00140700640623, 0.00066162814619, 0.00322654773481, 0.00209213676862, 0.00167390622664, 0.00098618271295, 0.000546726572793, 0.00157878815662, 0.000616223202087, 0.000346727989381, 0.000305841182126, 0.00020811847935, 7.43694981793e-05, 8.69521245477e-05, 2.56277635344e-05, 1.68854385265e-05, 1.72554809978e-05, 1.54386343638e-05, 9.72186444415e-06, 5.0830061582e-07, 7.85219533839e-09],
        "min": [9.32844912427e-09, 1.08649885533e-06, 3.68215950175e-07, 2.42461965172e-07, 6.81582196194e-06, 1.39127914736e-05, 1.2265084024e-06, 7.55638041028e-07, 3.32593708663e-06, 2.2884282771e-06, 9.80902996162e-07, 1.91969979824e-06, 8.88666420451e-07, 2.31112358051e-06, 4.46974439683e-07, 1.40291126627e-06, 5.91531602367e-07, 6.84362134962e-07, 1.03184072486e-06, 5.34272203367e-07, 4.66858892878e-07, 2.82851715383e-07, 3.99244726168e-07, 6.68289157346e-09, 3.61672566895e-11, 1.77666544671e-11, 1.33283557802e-11],
        "stdev": [1.75315708475e-05, 0.00144914898556, 0.000461685587652, 0.000718404480722, 0.00375466258265, 0.00671271234751, 0.00322454469278, 0.00190150050912, 0.00778822414577, 0.00514589669183, 0.00396321201697, 0.00243323785253, 0.00107081921306, 0.00391844147816, 0.00143724028021, 0.000649804656859, 0.000533346144948, 0.000321322178934, 0.000110656328616, 0.000118712967378, 3.46024280589e-05, 2.74107696896e-05, 2.83997123915e-05, 6.84132683091e-05, 4.61562667624e-05, 1.67799146311e-06, 2.7455325835e-07]
    },
    "erbbands": {
        "max": [0.24145577848, 2.58477950096, 5.62315750122, 21.1501750946, 143.262542725, 183.692092896, 278.295776367, 739.786315918, 484.640655518, 1333.66760254, 909.410400391, 2001.76782227, 2491.23510742, 2243.34423828, 1143.89953613, 2151.93261719, 556.191345215, 1439.50598145, 1298.2557373, 764.024902344, 367.252716064, 383.297454834, 195.715438843, 120.836746216, 68.7210388184, 46.5832862854, 21.2891750336, 12.487988472, 16.1266975403, 15.7698936462, 10.138458252, 21.2670841217, 20.3502445221, 9.99352073669, 3.38668394089, 0.376508116722, 0.0192745551467, 0.00670695211738, 0.00153945654165, 0.000172120518982],
        "mean": [0.0147588532418, 0.188146650791, 0.34487259388, 0.674455463886, 3.04537558556, 9.1969499588, 16.3056964874, 31.8362026215, 21.8803920746, 18.8145999908, 21.8729877472, 65.4895172119, 87.7507553101, 57.1515464783, 56.5269470215, 39.2622489929, 29.681268692, 50.6067008972, 63.2947006226, 30.2083492279, 17.6223697662, 17.1525344849, 12.5443468094, 6.10978794098, 4.14290237427, 3.98148083687, 1.67316675186, 0.737702906132, 0.551876187325, 0.659125745296, 0.449397414923, 0.353473603725, 0.231327354908, 0.131647750735, 0.0559536926448, 0.00706680025905, 0.000343373947544, 1.97811477847e-05, 1.34811270982e-05, 2.50841567322e-05],
        "min": [1.62079431902e-05, 0.000396071030991, 0.00149399263319, 0.00217473274097, 0.0147583950311, 0.0276444237679, 0.182622745633, 0.276581645012, 0.0987707674503, 0.0159857533872, 0.0743896216154, 0.0715388134122, 0.134325757623, 0.0783048793674, 0.0485479496419, 0.11452948302, 0.0659710615873, 0.0553373992443, 0.107206568122, 0.0438238568604, 0.0551295429468, 0.0345381200314, 0.0363086685538, 0.0430599823594, 0.0452799759805, 0.0279227662832, 0.0212485641241, 0.0195257347077, 0.0119827520102, 0.0145015688613, 0.011798501946, 0.00576530070975, 0.000285228859866, 4.6024160838e-05, 1.73736279976e-05, 6.92217872711e-06, 2.86238082481e-06, 6.62968091092e-07, 7.88025886322e-07, 4.76994841847e-07],
        "stdev": [0.0291606578976, 0.370042085648, 0.605860233307, 1.31222546101, 7.86769580841, 15.5546007156, 25.7254753113, 65.4604949951, 34.9970970154, 59.2767906189, 57.4685554504, 160.661026001, 209.375152588, 120.025108337, 120.285461426, 101.044586182, 52.4373703003, 114.180053711, 152.218307495, 56.5959663391, 32.2083282471, 29.685541153, 18.349193573, 8.65731811523, 5.94630432129, 5.1250371933, 2.02053761482, 1.1063491106, 0.968272089958, 0.991525888443, 0.793312489986, 1.28788280487, 1.14139831066, 0.647472858429, 0.250412642956, 0.0257556475699, 0.0010054090526, 0.000174230255652, 4.01326396968e-05, 2.14694919123e-05]
    },
    "gfcc": {
        "mean": [-54.0705299377, 135.221878052, -160.812545776, 17.5469703674, -72.6954574585, 3.85126614571, -43.959602356, -1.93491709232, -15.1647806168, -11.8293628693, -0.135648354888, -9.24826049805, 6.82942581177],
        "cov": [[2001.22485352, -115.636451721, -690.573486328, 84.2660446167, 25.3026428223, 191.850036621, 230.613388062, -43.0522880554, 187.716873169, -205.267272949, 151.875518799, -140.464401245, 111.741691589], [-115.636451721, 509.457733154, -82.33934021, 12.143122673, 93.0051040649, -98.7285003662, 154.291137695, -119.464775085, 132.700912476, -108.472984314, 95.2733535767, -58.2413673401, 14.9941806793], [-690.573486328, -82.33934021, 1261.29760742, 186.216003418, -30.1906433105, 57.0032272339, -340.395477295, 247.956497192, -309.262115479, 317.37210083, -226.407806396, 170.022857666, -75.8630905151], [84.2660446167, 12.143122673, 186.216003418, 308.643859863, 45.0087051392, 5.90695428848, -55.3072166443, 31.0029125214, 13.350487709, 2.44561958313, -7.23157072067, 23.3147506714, 28.7466983795], [25.3026428223, 93.0051040649, -30.1906433105, 45.0087051392, 173.273956299, 64.4127044678, 48.6842346191, 3.28330397606, 4.44940376282, 7.3339509964, 20.163942337, 16.1764392853, -2.66885375977], [191.850036621, -98.7285003662, 57.0032272339, 5.90695428848, 64.4127044678, 279.398620605, 74.820854187, 42.968296051, -54.9883728027, 44.6535835266, 8.72031879425, -4.42618989944, -9.95941066742], [230.613388062, 154.291137695, -340.395477295, -55.3072166443, 48.6842346191, 74.820854187, 282.343963623, -67.6500244141, 136.252365112, -104.502456665, 102.733016968, -57.6500053406, 5.87627124786], [-43.0522880554, -119.464775085, 247.956497192, 31.0029125214, 3.28330397606, 42.968296051, -67.6500244141, 200.034408569, -41.3546524048, 118.608314514, -60.3133468628, 50.1935501099, -8.49861907959], [187.716873169, 132.700912476, -309.262115479, 13.350487709, 4.44940376282, -54.9883728027, 136.252365112, -41.3546524048, 227.035964966, -80.9264984131, 100.940414429, -47.4010772705, 32.2265548706], [-205.267272949, -108.472984314, 317.37210083, 2.44561958313, 7.3339509964, 44.6535835266, -104.502456665, 118.608314514, -80.9264984131, 204.143936157, -48.2406616211, 73.7739181519, -39.3925018311], [151.875518799, 95.2733535767, -226.407806396, -7.23157072067, 20.163942337, 8.72031879425, 102.733016968, -60.3133468628, 100.940414429, -48.2406616211, 162.863006592, -3.04341506958, 32.3795089722], [-140.464401245, -58.2413673401, 170.022857666, 23.3147506714, 16.1764392853, -4.42618989944, -57.6500053406, 50.1935501099, -47.4010772705, 73.7739181519, -3.04341506958, 104.721923828, 7.03657054901], [111.741691589, 14.9941806793, -75.8630905151, 28.7466983795, -2.66885375977, -9.95941066742, 5.87627124786, -8.49861907959, 32.2265548706, -39.3925018311, 32.3795089722, 7.03657054901, 88.8267974854]],
        "icov": [[0.000856409023982, 0.000341196660884, 0.000337188335834, -0.000435145193478, 3.06673573505e-05, -0.00050313473912, -8.24923117762e-05, -0.00043109402759, -3.77391806978e-05, 0.000342021055985, -0.000383455335395, 0.000791223719716, -0.000554940546863], [0.000341196660884, 0.00919845700264, -0.00550223840401, 0.00221884646453, -0.00758370477706, 0.00597014650702, -0.00531266164035, 0.00366567377932, -0.00283023249358, 0.00209066853859, -0.00475991982967, 0.0080780396238, -0.00320637365803], [0.000337188335834, -0.00550223840401, 0.00625767093152, -0.0032478007488, 0.00561790307984, -0.00412188190967, 0.00353514379822, -0.00321507873014, 0.00340184825473, -0.0029282241594, 0.00396468956023, -0.00605396227911, 0.00256682164036], [-0.000435145193478, 0.00221884646453, -0.0032478007488, 0.00583520671353, -0.00383525690995, 0.00118454580661, 0.000414242909756, 0.00117925985251, -0.0032211933285, 0.00254942034371, -0.0014388213167, 0.00174802122638, -0.00170110026374], [3.06673573505e-05, -0.00758370477706, 0.00561790307984, -0.00383525690995, 0.0138384485617, -0.00642974069342, 0.00294368644245, -0.00302656576969, 0.00306315044872, -0.00246860855259, 0.00422316836193, -0.00876481458545, 0.00344011723064], [-0.00050313473912, 0.00597014650702, -0.00412188190967, 0.00118454580661, -0.00642974069342, 0.0107945790514, -0.00725245522335, 0.00151540653314, 0.00211261888035, -0.00118022109382, -0.00427048606798, 0.00766809564084, -0.00297723291442], [-8.24923117762e-05, -0.00531266164035, 0.00353514379822, 0.000414242909756, 0.00294368644245, -0.00725245522335, 0.0126698175445, -0.00222326861694, -0.00308986892924, 0.00255272514187, 0.00102951715235, -0.00507987989113, 0.00439033610746], [-0.00043109402759, 0.00366567377932, -0.00321507873014, 0.00117925985251, -0.00302656576969, 0.00151540653314, -0.00222326861694, 0.0111590614542, -0.00365397613496, -0.00349308596924, 0.00147914036643, 0.0014138314873, -0.00278486567549], [-3.77391806978e-05, -0.00283023249358, 0.00340184825473, -0.0032211933285, 0.00306315044872, 0.00211261888035, -0.00308986892924, -0.00365397613496, 0.0128667466342, -0.00267314864323, -0.00228219595738, 0.000906017608941, -0.000436643749708], [0.000342021055985, 0.00209066853859, -0.0029282241594, 0.00254942034371, -0.00246860855259, -0.00118022109382, 0.00255272514187, -0.00349308596924, -0.00267314864323, 0.0144606959075, -0.00290121673606, -0.00251919380389, 0.00382124329917], [-0.000383455335395, -0.00475991982967, 0.00396468956023, -0.0014388213167, 0.00422316836193, -0.00427048606798, 0.00102951715235, 0.00147914036643, -0.00228219595738, -0.00290121673606, 0.0147828999907, -0.0087931798771, -0.000291732518235], [0.000791223719716, 0.0080780396238, -0.00605396227911, 0.00174802122638, -0.00876481458545, 0.00766809564084, -0.00507987989113, 0.0014138314873, 0.000906017608941, -0.00251919380389, -0.0087931798771, 0.0251638442278, -0.00726129766554], [-0.000554940546863, -0.00320637365803, 0.00256682164036, -0.00170110026374, 0.00344011723064, -0.00297723291442, 0.00439033610746, -0.00278486567549, -0.000436643749708, 0.00382124329917, -0.000291732518235, -0.00726129766554, 0.0169872045517]]
    },
    "melbands": {
        "max": [0.00254929019138, 0.00247011752799, 0.0048625706695, 0.0154388984665, 0.00762989930809, 0.0156530737877, 0.00899006891996, 0.0116935689002, 0.00985881499946, 0.0119105922058, 0.0123540237546, 0.00861237663776, 0.00480232480913, 0.00666380533949, 0.00242575607263, 0.000955352792516, 0.00317193660885, 0.00303457281552, 0.00193069130182, 0.000578328908887, 0.000595586316194, 0.000488153862534, 0.00034040689934, 0.000158369963174, 0.000107294639747, 7.09245359758e-05, 6.69954242767e-05, 2.91194228339e-05, 1.24048374346e-05, 1.42143735502e-05, 7.84579424362e-06, 1.11960753202e-05, 7.1202421168e-06, 9.70749806584e-06, 6.11024779573e-06, 8.52977609611e-06, 1.67974831129e-05, 2.09619938687e-05, 1.14609993034e-05, 7.85315296525e-06],
        "mean": [0.000178221525857, 0.000207486344152, 0.000170601866557, 0.000455787521787, 0.000551134871785, 0.000703739118762, 0.000323391577695, 0.000183778931387, 0.000217290958972, 0.000438519258751, 0.000438939838205, 0.000232270584092, 0.000230347184697, 0.000102681166027, 9.76527735475e-05, 5.43636015209e-05, 0.000104005252069, 0.00012371854973, 4.78093206766e-05, 2.87911771011e-05, 1.87154637388e-05, 1.74376727955e-05, 1.50204823512e-05, 9.84392136161e-06, 4.25993357567e-06, 2.93388279715e-06, 3.16737214234e-06, 2.5522949727e-06, 1.19288949918e-06, 5.55372480449e-07, 3.71854042669e-07, 2.99607449961e-07, 3.43649702472e-07, 3.70302160491e-07, 2.6801407671e-07, 2.22785715209e-07, 2.13978751162e-07, 1.72716298152e-07, 1.2700007801e-07, 1.07920548942e-07],
        "min": [2.61870667373e-07, 9.76396904662e-07, 7.04893750481e-07, 1.38369750857e-06, 5.24981123817e-06, 4.63517562821e-06, 1.38131383665e-06, 1.32434735178e-07, 1.30835644541e-07, 5.0364121762e-07, 4.63716958166e-07, 3.31519828478e-07, 1.27883623691e-07, 2.60922661255e-07, 2.44109486403e-07, 3.89526846334e-08, 1.147294455e-07, 2.01983596071e-07, 3.04282892216e-08, 7.74712489715e-08, 4.79574353562e-08, 3.11513659312e-08, 4.14826253348e-08, 3.12405603609e-08, 3.37297016983e-08, 4.45716352715e-08, 1.36889930502e-08, 1.87858990586e-08, 1.31007267257e-08, 7.95807064691e-09, 2.69825806143e-09, 2.20830509434e-09, 4.70279770681e-09, 7.09709180313e-09, 6.72797018098e-09, 2.65939870125e-09, 8.8675525256e-11, 1.64616898671e-12, 1.35055963808e-12, 3.0697249213e-13],
        "stdev": [0.000347792636603, 0.000353488314431, 0.000342968269251, 0.000912168761715, 0.000787182070781, 0.00138470332604, 0.000549913267605, 0.000542048073839, 0.000573457160499, 0.00107272248715, 0.00106982351281, 0.000504325085785, 0.000530554330908, 0.000311331619741, 0.000219210283831, 0.000102579360828, 0.000249176751822, 0.000337924284395, 0.000116040006105, 5.403519026e-05, 4.04952988902e-05, 3.30442271661e-05, 2.69668798865e-05, 1.51951689986e-05, 6.64528943162e-06, 4.82591758555e-06, 4.96806524097e-06, 3.39985672326e-06, 1.54489976012e-06, 8.43674740736e-07, 6.25270956789e-07, 5.87197007462e-07, 5.39830068647e-07, 5.77252251333e-07, 4.48463993052e-07, 5.93073821165e-07, 9.11478480248e-07, 9.28532870148e-07, 6.53348593005e-07, 5.55408178116e-07]
    },
    "melbands128": {
        "max": [0.000167323145433, 0.00129819160793, 0.00463277613744, 0.00481392629445, 0.00325902621262, 0.00208600889891, 0.00440237484872, 0.00710440101102, 0.0176683124155, 0.0294075198472, 0.0109352972358, 0.00585578614846, 0.00881750509143, 0.0260878577828, 0.0261132121086, 0.0271767303348, 0.0100111039355, 0.00918814912438, 0.0188436433673, 0.0227129310369, 0.00479218177497, 0.0125253535807, 0.0116041302681, 0.0194971822202, 0.0237772259861, 0.0263755153865, 0.0271190479398, 0.0201354399323, 0.013129318133, 0.0068774856627, 0.0166279245168, 0.0100211519748, 0.0100121237338, 0.00445266906172, 0.0037229291629, 0.014952853322, 0.00634098937735, 0.00494267977774, 0.00288971466944, 0.00213002972305, 0.0016017149901, 0.00334355491214, 0.00634152069688, 0.0029479234945, 0.0100321220234, 0.00327958841808, 0.00330618955195, 0.00327196298167, 0.00305259064771, 0.000826567702461, 0.00105152733158, 0.00141963665374, 0.00070409453474, 0.00145878747571, 0.000510963553097, 0.00101273192558, 0.000644115789328, 0.000711618398782, 0.000683457474224, 0.000301520718494, 0.00022664151038, 0.000282375985989, 0.000242593276198, 8.90716255526e-05, 6.99475131114e-05, 0.000138850969961, 0.000132417946588, 0.000108332205855, 0.00013024857617, 3.52470378857e-05, 6.42511076876e-05, 7.09820451448e-05, 2.68809781119e-05, 1.767379581e-05, 1.37724719025e-05, 2.40597564698e-05, 1.0781209312e-05, 1.23157860799e-05, 9.52723803493e-06, 7.12908013156e-06, 1.76989760803e-05, 8.41670134832e-06, 7.74883756094e-06, 7.59555177865e-06, 1.12701809485e-05, 8.48351010063e-06, 9.265960216e-06, 1.09569773485e-05, 7.87460521678e-06, 6.36895492789e-06, 6.75038154441e-06, 1.08549011202e-05, 1.66624013218e-05, 1.72747022589e-05, 2.44516559178e-05, 4.14251771872e-05, 1.47884202306e-05, 1.38992827488e-05, 1.36212202051e-05, 1.83226275112e-05, 8.04670253274e-06, 1.21893135656e-05, 1.02996909845e-05, 5.81966332902e-06, 4.0721406549e-06, 4.20559717895e-06, 2.21125878852e-06, 9.02628357835e-07, 3.73087942762e-07, 1.47884065882e-07, 8.19206178448e-08, 6.23983638093e-08, 5.97881211206e-08, 5.75096699151e-08, 5.54821610876e-08, 5.37187396787e-08, 5.20608942622e-08, 5.05384960547e-08, 4.91435088179e-08, 4.78784194513e-08, 4.67299443585e-08, 4.57301929657e-08, 4.47962520411e-08, 4.40739462704e-08, 4.34446398856e-08, 4.2908776976e-08, 4.25483008826e-08, 4.23103685421e-08],
        "mean": [5.18085789736e-06, 7.26113576093e-05, 0.000281110813376, 0.000325614324538, 0.000206178359804, 0.000119992269902, 0.000115734284918, 0.000164898010553, 0.000252743629972, 0.000543884991203, 0.000545274582691, 0.000404568592785, 0.000426534272265, 0.000911598443054, 0.000805126328487, 0.000591096933931, 0.000371058122255, 0.000293071178021, 0.00020556554955, 0.000261417793809, 0.000110218876216, 0.000139572788612, 0.000155968096806, 0.000371534581063, 0.000491906481329, 0.000345312175341, 0.000646483676974, 0.000379029253963, 0.000423066550866, 0.000183882541023, 0.000163765187608, 0.000294714438496, 0.000336597498972, 8.01124842837e-05, 0.000101599856862, 0.000123013334814, 7.34756977181e-05, 0.000140410411404, 7.42935590097e-05, 4.73580621474e-05, 3.2459403883e-05, 8.93238757271e-05, 8.88703361852e-05, 6.0650978412e-05, 0.000285827438347, 7.7912962297e-05, 4.4534324843e-05, 5.25459727214e-05, 4.82189097966e-05, 3.64339794032e-05, 2.66948227363e-05, 2.0716990548e-05, 1.9506096578e-05, 1.92076295207e-05, 1.35518721436e-05, 1.87688874576e-05, 1.73032913153e-05, 2.10976431845e-05, 1.16132669064e-05, 8.19004890218e-06, 1.23067002278e-05, 9.20073489397e-06, 4.55683266409e-06, 2.74983563031e-06, 3.59959199159e-06, 3.01800355373e-06, 2.29205079449e-06, 3.31504725182e-06, 3.5936589029e-06, 2.56668158727e-06, 2.88559840556e-06, 2.57062561104e-06, 1.23882807657e-06, 1.17933018373e-06, 7.27754752461e-07, 5.43230271433e-07, 5.09629501266e-07, 4.01034782271e-07, 3.57027488462e-07, 3.31043480628e-07, 3.20017647937e-07, 2.69226205774e-07, 2.84058927491e-07, 3.21662099623e-07, 4.51015637282e-07, 3.6369232248e-07, 3.76221834131e-07, 3.072755419e-07, 2.83738813778e-07, 2.04139283255e-07, 2.28758224807e-07, 2.20485063096e-07, 2.30496766562e-07, 1.99186331429e-07, 2.25899142947e-07, 1.99449530669e-07, 1.54551045739e-07, 1.44295640325e-07, 1.32127127017e-07, 1.19246280406e-07, 9.8753424993e-08, 1.12562439369e-07, 1.10588295854e-07, 8.78324826203e-08, 6.34909369523e-08, 4.51018600245e-08, 2.64174406794e-08, 1.4805812576e-08, 7.23016269077e-09, 3.7178433665e-09, 1.34384514627e-09, 6.70962618798e-10, 1.79173217929e-10, 8.65346891366e-11, 4.3080740364e-11, 3.94807381232e-11, 3.79012515817e-11, 3.66754508707e-11, 3.56629656362e-11, 3.47494880093e-11, 3.39189995535e-11, 3.31972019318e-11, 3.25195079198e-11, 3.19910903324e-11, 3.1532349648e-11, 3.11511406947e-11, 3.08870776178e-11, 3.07134283284e-11],
        "min": [4.63028199116e-10, 1.92629077134e-08, 9.40218640721e-08, 2.46030396056e-07, 1.12126883778e-07, 1.85231655792e-07, 1.35972101134e-07, 1.21280848475e-07, 4.8579875056e-07, 5.56932263862e-07, 1.6705811845e-07, 4.21795107286e-07, 6.12004384948e-07, 8.6182387804e-07, 1.78949494511e-06, 1.16561587049e-07, 1.51223775902e-06, 1.46939171941e-07, 1.5830164557e-07, 1.425240157e-07, 5.66395534918e-08, 1.46690240399e-07, 7.41977785879e-08, 7.08558047791e-08, 1.92748046857e-07, 1.69171812558e-07, 3.95625363581e-08, 2.29348728453e-07, 1.5434972056e-07, 1.3977400215e-07, 7.60698171121e-08, 6.67405331001e-08, 1.01841251876e-07, 3.47543256396e-08, 1.19790968256e-07, 8.84989717065e-08, 1.85168520517e-08, 1.51553706473e-07, 9.15008229185e-08, 3.9240756422e-08, 1.54342032488e-08, 1.98384366712e-08, 1.72414793553e-08, 4.90107936457e-08, 4.66510314823e-08, 3.3628282381e-08, 2.70473048403e-08, 1.05950563878e-08, 1.90057818372e-08, 7.63367751233e-08, 4.92278786624e-08, 4.25177830721e-08, 4.99963306311e-08, 1.1787125942e-08, 1.4471458698e-08, 2.57749430688e-08, 2.55286831674e-08, 1.47511505233e-08, 2.90298700634e-08, 9.87328796498e-09, 1.54637920247e-08, 3.39866303989e-08, 1.16774572234e-08, 7.84913645191e-09, 3.45949402458e-08, 1.98653253847e-08, 1.26438912673e-08, 1.20131780079e-08, 6.12851858151e-09, 1.0376083992e-08, 1.17362661811e-08, 9.9807682119e-09, 8.14631295754e-09, 5.52715961888e-09, 2.41741093809e-09, 2.03780992081e-09, 3.89836696257e-09, 1.63528779407e-09, 9.11519359992e-10, 5.58133428363e-10, 7.44526995611e-10, 1.62332969289e-09, 1.99681537971e-09, 3.04906278004e-09, 2.55729215581e-09, 1.94787719288e-09, 4.69796113123e-09, 2.83068479767e-09, 3.96669186387e-09, 2.5166051465e-09, 1.1660873378e-09, 1.44348055731e-09, 9.61051030424e-11, 6.03812486122e-11, 2.96608466954e-11, 1.4216865532e-12, 5.71258047376e-13, 5.96485859837e-13, 3.81149051123e-13, 3.59495311124e-13, 3.00733179678e-13, 1.37176145551e-13, 8.02808137351e-14, 6.42388499708e-14, 7.68302725585e-14, 7.76931890676e-14, 7.50553997208e-14, 9.49890258681e-14, 8.0725831293e-14, 6.03200825335e-14, 5.65592088138e-14, 5.36075022805e-14, 5.73767175807e-14, 5.19097229936e-14, 5.55595608583e-14, 3.07761662563e-14, 4.72752906429e-14, 4.95024621338e-14, 4.32392260831e-14, 3.92273426198e-14, 5.09858302767e-14, 4.55760409068e-14, 4.9669344565e-14, 5.12620104514e-14, 5.0375922509e-14, 5.21842091024e-14, 3.96024393021e-14, 3.95576753049e-14],
        "stdev": [1.0626627045e-05, 0.000150970226969, 0.000584302644711, 0.00067106744973, 0.000406182458391, 0.000203667688766, 0.000253912323387, 0.000411298271501, 0.00083014217671, 0.00144512183033, 0.000989799736999, 0.000629595015198, 0.000768641475588, 0.0020094383508, 0.00185727095231, 0.00185874721501, 0.00072541506961, 0.000538817723282, 0.000724104989786, 0.00105302513111, 0.000245719595114, 0.000514262239449, 0.000634960189927, 0.00118350074627, 0.0016074712621, 0.00136857992038, 0.00221249833703, 0.00124649028294, 0.00135611055885, 0.000444561737822, 0.000659574463498, 0.000795044703409, 0.000914361153264, 0.000261334236711, 0.000322274659993, 0.000585441244766, 0.00025876032305, 0.000410045700846, 0.000191603583517, 0.000122091907542, 0.000101448087662, 0.000255226361332, 0.000374820840079, 0.000210627316847, 0.000983153120615, 0.000247649877565, 0.000179542956175, 0.000176775865839, 0.000156298658112, 7.70021142671e-05, 7.29345701984e-05, 7.45367724448e-05, 5.00262285641e-05, 6.81605379214e-05, 4.05863574997e-05, 4.85461278004e-05, 4.33383756899e-05, 4.8729867558e-05, 3.37114979629e-05, 1.86492670764e-05, 2.39100481849e-05, 1.90726059373e-05, 1.17639374366e-05, 5.62804416404e-06, 5.79555944569e-06, 7.42969768908e-06, 5.85574707657e-06, 6.14552163825e-06, 7.9504770838e-06, 4.50264997198e-06, 4.98516419611e-06, 4.75983233628e-06, 2.39300152316e-06, 1.8388927856e-06, 1.2912174725e-06, 1.13487544695e-06, 8.63950049279e-07, 6.96894971952e-07, 7.14443217475e-07, 6.58763667616e-07, 7.87758438037e-07, 5.32455715074e-07, 5.43582757473e-07, 5.67825111375e-07, 9.09223331291e-07, 6.63995422201e-07, 6.21468359441e-07, 6.18005174147e-07, 4.95631923059e-07, 4.23848433684e-07, 5.29641511093e-07, 6.81008089032e-07, 8.45845420372e-07, 7.81817163897e-07, 1.15577722681e-06, 1.39693850087e-06, 8.20513776034e-07, 7.29199712168e-07, 6.95516177984e-07, 7.5663882626e-07, 4.84925919864e-07, 6.52310404803e-07, 5.95034805428e-07, 4.05428437489e-07, 2.91606909286e-07, 2.0129924394e-07, 1.13060998785e-07, 5.547845916e-08, 2.50764617959e-08, 1.13899734089e-08, 4.44963221824e-09, 2.70994027218e-09, 1.67512170801e-09, 1.48928991361e-09, 1.40958977823e-09, 1.36377109605e-09, 1.32170285827e-09, 1.28303956348e-09, 1.24763765985e-09, 1.21552035104e-09, 1.18634457813e-09, 1.16097653713e-09, 1.13727216533e-09, 1.11893938559e-09, 1.10295539368e-09, 1.0893430602e-09, 1.08017206291e-09, 1.07413378192e-09]
    },
    "mfcc": {
        "mean": [-678.674133301, 153.942459106, -26.9515953064, 7.20068693161, -7.93277454376, -5.59195137024, -12.5105829239, -0.293681293726, -11.8095712662, 0.805338084698, -10.2138900757, -3.97715497017, -3.34238553047],
        "cov": [[2703.77441406, -370.376525879, -762.887023926, -172.199005127, -179.778182983, 148.51335144, 32.9278450012, 262.928405762, -14.8301095963, 232.993392944, -86.4442520142, -3.66268515587, -57.1583480835], [-370.376525879, 488.983642578, -37.8884773254, 50.6762390137, -45.3563575745, 27.3086090088, -10.1054086685, 12.983379364, -38.8388824463, 19.5370674133, 19.4229183197, 13.4337940216, 3.64990663528], [-762.887023926, -37.8884773254, 918.222351074, 154.034912109, 243.925994873, -75.2431106567, 66.4764633179, -159.523895264, 110.819549561, -167.610229492, 92.8285293579, -14.6850881577, 57.4013366699], [-172.199005127, 50.6762390137, 154.034912109, 303.216156006, 92.508430481, -38.6368865967, -77.0341415405, -8.07438755035, 26.5207386017, -52.7507476807, -10.4837217331, 31.2688407898, 33.9104576111], [-179.778182983, -45.3563575745, 243.925994873, 92.508430481, 236.423370361, -15.8581581116, 49.2221565247, -51.2959594727, 51.6172866821, -63.7911911011, 24.2488632202, -13.2754859924, 42.8556404114], [148.51335144, 27.3086090088, -75.2431106567, -38.6368865967, -15.8581581116, 201.23046875, 88.6315841675, 61.9555397034, -25.4221668243, 45.1193656921, 0.330766439438, 5.79328632355, -22.3623390198], [32.9278450012, -10.1054086685, 66.4764633179, -77.0341415405, 49.2221565247, 88.6315841675, 184.514160156, 28.0675373077, 11.9450740814, 1.592212677, 35.8125686646, -13.4418964386, 9.59709739685], [262.928405762, 12.983379364, -159.523895264, -8.07438755035, -51.2959594727, 61.9555397034, 28.0675373077, 145.378936768, -5.56549263, 69.2582168579, -24.9732894897, 18.9434604645, -4.84608125687], [-14.8301095963, -38.8388824463, 110.819549561, 26.5207386017, 51.6172866821, -25.4221668243, 11.9450740814, -5.56549263, 127.563034058, 4.25227117538, 27.3274517059, -3.42559981346, 8.15283489227], [232.993392944, 19.5370674133, -167.610229492, -52.7507476807, -63.7911911011, 45.1193656921, 1.592212677, 69.2582168579, 4.25227117538, 128.254882812, 10.5676841736, 19.722700119, -12.8565483093], [-86.4442520142, 19.4229183197, 92.8285293579, -10.4837217331, 24.2488632202, 0.330766439438, 35.8125686646, -24.9732894897, 27.3274517059, 10.5676841736, 111.395797729, 29.543554306, 25.4606170654], [-3.66268515587, 13.4337940216, -14.6850881577, 31.2688407898, -13.2754859924, 5.79328632355, -13.4418964386, 18.9434604645, -3.42559981346, 19.722700119, 29.543554306, 96.6715087891, 29.5397891998], [-57.1583480835, 3.64990663528, 57.4013366699, 33.9104576111, 42.8556404114, -22.3623390198, 9.59709739685, -4.84608125687, 8.15283489227, -12.8565483093, 25.4606170654, 29.5397891998, 79.6468811035]],
        "icov": [[0.000661141122691, 0.000569622905459, 0.000425913720392, -9.93235880742e-05, 4.12454937759e-05, -0.000139785828651, -0.000111254579679, -0.000511398771778, -0.000126374958199, -0.000461969670141, -1.9623674234e-05, 0.00025064861984, -4.37787675764e-05], [0.000569622905459, 0.00279077282175, 0.000375279400032, -0.000940454541706, 0.000723877572455, -0.000352125789504, -0.000287767936243, -0.000273743178695, 0.000660705496557, -0.000799964065664, -0.000767555553466, 0.000624389213044, -0.000242474954575], [0.000425913720392, 0.000375279400032, 0.00254829460755, -0.000822566798888, -0.000731161679141, 4.88566838612e-05, -0.000980455195531, 0.000918331497815, -0.00123864074703, 0.00140211486723, -0.00114640186075, 0.000210344252991, 2.48475989792e-05], [-9.93235880742e-05, -0.000940454541706, -0.000822566798888, 0.00619220361114, -0.00253920536488, -0.000791102065705, 0.00409057503566, -0.00242840661667, -0.000699751370121, 0.00223704962991, 0.000625056389254, -0.00171625334769, -0.000698797171935], [4.12454937759e-05, 0.000723877572455, -0.000731161679141, -0.00253920536488, 0.00815613009036, -0.000248202239163, -0.00284363282844, 0.00196626107208, -0.00148633588105, 0.000412988942116, 0.000423610152211, 0.00158384046517, -0.00289554079063], [-0.000139785828651, -0.000352125789504, 4.88566838612e-05, -0.000791102065705, -0.000248202239163, 0.00837052892894, -0.00455823494121, -0.00113951670937, 0.00189216434956, -0.00196317001246, 0.00044040067587, -0.0012172505958, 0.00298117101192], [-0.000111254579679, -0.000287767936243, -0.000980455195531, 0.00409057503566, -0.00284363282844, -0.00455823494121, 0.0119208358228, -0.00416993303224, -0.000395248731365, 0.00276338285767, -0.00323530379683, 0.00185404729564, -0.00170839519706], [-0.000511398771778, -0.000273743178695, 0.000918331497815, -0.00242840661667, 0.00196626107208, -0.00113951670937, -0.00416993303224, 0.014035962522, -0.00117540289648, -0.00513274641708, 0.00432459451258, -0.00194481946528, -0.00137317925692], [-0.000126374958199, 0.000660705496557, -0.00123864074703, -0.000699751370121, -0.00148633588105, 0.00189216434956, -0.000395248731365, -0.00117540289648, 0.0106767918915, -0.00278418813832, -0.00193432089873, 0.00100716436282, 0.00107924221084], [-0.000461969670141, -0.000799964065664, 0.00140211486723, 0.00223704962991, 0.000412988942116, -0.00196317001246, 0.00276338285767, -0.00513274641708, -0.00278418813832, 0.0158467981964, -0.00399851566181, -0.00123847287614, 0.000903998268768], [-1.9623674234e-05, -0.000767555553466, -0.00114640186075, 0.000625056389254, 0.000423610152211, 0.00044040067587, -0.00323530379683, 0.00432459451258, -0.00193432089873, -0.00399851566181, 0.0146126467735, -0.00455139856786, -0.00230073672719], [0.00025064861984, 0.000624389213044, 0.000210344252991, -0.00171625334769, 0.00158384046517, -0.0012172505958, 0.00185404729564, -0.00194481946528, 0.00100716436282, -0.00123847287614, -0.00455139856786, 0.015064089559, -0.00524044409394], [-4.37787675764e-05, -0.000242474954575, 2.48475989792e-05, -0.000698797171935, -0.00289554079063, 0.00298117101192, -0.00170839519706, -0.00137317925692, 0.00107924221084, 0.000903998268768, -0.00230073672719, -0.00524044409394, 0.0180465746671]]
    },
    "spectral_contrast_coeffs": {
        "max": [-0.405074268579, -0.45384606719, -0.425659626722, -0.571320593357, -0.622716188431, -0.53629052639],
        "mean": [-0.661726891994, -0.735756516457, -0.733330726624, -0.774670481682, -0.784397721291, -0.768755376339],
        "min": [-0.868213653564, -0.896236240864, -0.898805379868, -0.897327423096, -0.881904244423, -0.87305700779],
        "stdev": [0.0798635557294, 0.066972002387, 0.0838395431638, 0.060623921454, 0.0462788566947, 0.0576430186629]
    },
    "spectral_contrast_valleys": {
        "max": [-5.69457864761, -4.87090539932, -5.57764434814, -5.73834180832, -6.48464536667, -8.62540340424],
        "mean": [-7.345307827, -6.57539749146, -7.27169275284, -7.6272854805, -8.06470584869, -11.2866334915],
        "min": [-9.38727664948, -9.11937332153, -9.25008296967, -9.90251159668, -9.82562732697, -15.2092494965],
        "stdev": [0.644458472729, 0.531787753105, 0.636185109615, 0.620978653431, 0.578794181347, 0.822362840176]
    }
},
"rhythm": {
    "beats_count": 85,
    "beats_loudness": {
        "max": 0.0858136713505,
        "mean": 0.0297009684145,
        "min": 0.0014590973733,
        "stdev": 0.0191437210888
    },
    "bpm": 144.041595459,
    "bpm_histogram_first_peak_bpm": 144,
    "bpm_histogram_first_peak_weight": 0.291139185429,
    "bpm_histogram_second_peak_bpm": 136,
    "bpm_histogram_second_peak_spread": 0.25,
    "bpm_histogram_second_peak_weight": 0.0357142873108,
    "danceability": 1.01293873787,
    "onset_rate": 3.49975299835,
    "beats_loudness_band_ratio": {
        "max": [0.509442925453, 0.908984422684, 0.816194713116, 0.843885183334, 0.370116770267, 0.0476338379085],
        "mean": [0.209512084723, 0.285886377096, 0.229389950633, 0.197661563754, 0.0998331084847, 0.0107365502045],
        "min": [0.0063046165742, 0.0147204753011, 0.028152057901, 0.0138050522655, 0.00429287459701, 0.00146135967225],
        "stdev": [0.141152575612, 0.207438081503, 0.18668101728, 0.212327942252, 0.102211147547, 0.00808480475098]
    },
