{
"metadata": {
    "version": {
        "essentia": "2.1-beta5",
        "essentia_git_sha": "Undefined",
        "extractor": "music 2.0"
    },
    "audio_properties": {
        "analysis": {
            "equal_loudness": 0,
            "length": 12.7477550507,
            "sample_rate": 44100,
            "start_time": 0,
            "downmix": "mix"
        },
        "bit_rate": 192000,
        "length": 182.183761597,
        "lossless": 0,
        "number_channels": 2,
        "replay_gain": -4.2392616272,
        "sample_rate": 44100,
        "codec": "mp3",
        "md5_encoded": "d4ce6105a7ece2eeb8816b3838e98961"
    },
    "tags": {
        "file_name": "Switzerland_Moitié Moitié_Carole Rich.mp3",
        "encoding": ["Lavf58.29.100"]
    }
},
"lowlevel": {
    "average_loudness": 0.944773614407,
    "barkbands_crest": {
        "max": 25.132938385,
        "mean": 10.2412242889,
        "min": 2.9799079895,
        "stdev": 4.47775650024
    },
    "barkbands_flatness_db": {
        "max": 0.351121723652,
        "mean": 0.156133875251,
        "min": 0.0523010566831,
        "stdev": 0.0517749935389
    },
    "barkbands_kurtosis": {
        "max": 264.765869141,
        "mean": 9.71702766418,
        "min": -1.45892214775,
        "stdev": 22.1644802094
    },
    "barkbands_skewness": {
        "max": 14.396191597,
        "mean": 2.26685667038,
        "min": -1.89586603642,
        "stdev": 1.87815511227
    },
    "barkbands_spread": {
        "max": 57.4095001221,
        "mean": 17.8645858765,
        "min": 1.04876720905,
        "stdev": 8.9523601532
    },
    "dissonance": {
        "max": 0.500000059605,
        "mean": 0.469812124968,
        "min": 0.380293518305,
        "stdev": 0.0180385373533
    },
    "dynamic_complexity": 2.57382798195,
    "erbbands_crest": {
        "max": 21.7648143768,
        "mean": 6.8588886261,
        "min": 2.82492637634,
        "stdev": 2.92223668098
    },
    "erbbands_flatness_db": {
        "max": 0.250155329704,
        "mean": 0.156036615372,
        "min": 0.074834652245,
        "stdev": 0.0212991908193
    },
    "erbbands_kurtosis": {
        "max": 9.4228553772,
        "mean": -0.395395189524,
        "min": -1.63652801514,
        "stdev": 1.29682421684
    },
    "erbbands_skewness": {
        "max": 3.0527408123,
        "mean": 0.182016447186,
        "min": -1.48233449459,
        "stdev": 0.68229329586
    },
    "erbbands_spread": {
        "max": 100.179412842,
        "mean": 45.0068397522,
        "min": 12.7518291473,
        "stdev": 12.4404792786
    },
    "hfc": {
        "max": 57.61876297,
        "mean": 8.30385875702,
        "min": 1.16686226492e-16,
        "stdev": 7.56424570084
    },
    "loudness_ebu128": {
        "integrated": -21.5990600586,
        "loudness_range": 2.06402015686,
        "momentary": {
            "max": -18.3642234802,
            "mean": -21.920249939,
            "min": -25.5040130615,
            "stdev": 1.64083850384
        },
        "short_term": {
            "max": -20.6562900543,
            "mean": -21.7568721771,
            "min": -23.1237697601,
            "stdev": 0.745133936405
        }
    },
    "melbands_crest": {
        "max": 29.8840236664,
        "mean": 15.1933364868,
        "min": 1.70854413509,
        "stdev": 6.02779340744
    },
    "melbands_flatness_db": {
        "max": 0.449742048979,
        "mean": 0.206235587597,
        "min": 0.00378411379643,
        "stdev": 0.0675005465746
    },
    "melbands_kurtosis": {
        "max": 403.583953857,
        "mean": 26.2352256775,
        "min": -1.53260576725,
        "stdev": 44.9383239746
    },
    "melbands_skewness": {
        "max": 14.7169981003,
        "mean": 3.59528470039,
        "min": -0.00153218919877,
        "stdev": 2.26641201973
    },
    "melbands_spread": {
        "max": 148.769790649,
        "mean": 19.2745952606,
        "min": 0.636976480484,
        "stdev": 15.0217342377
    },
    "pitch_salience": {
        "max": 0.948125422001,
        "mean": 0.534832656384,
        "min": 0.15785895288,
        "stdev": 0.125101357698
    },
    "silence_rate_20dB": {
        "max": 1,
        "mean": 1,
        "min": 1,
        "stdev": 0
    },
    "silence_rate_30dB": {
        "max": 1,
        "mean": 0.981818199158,
        "min": 0,
        "stdev": 0.133608952165
    },
    "silence_rate_60dB": {
        "max": 1,
        "mean": 0.119999997318,
        "min": 0,
        "stdev": 0.324961990118
    },
    "spectral_centroid": {
        "max": 10782.5078125,
        "mean": 1182.14611816,
        "min": 178.922470093,
        "stdev": 781.868408203
    },
    "spectral_complexity": {
        "max": 44,
        "mean": 13.6963634491,
        "min": 0,
        "stdev": 6.46533060074
    },
    "spectral_decrease": {
        "max": -4.84319982758e-29,
        "mean": -5.23498400185e-09,
        "min": -7.73217720962e-08,
        "stdev": 7.22368476147e-09
    },
    "spectral_energy": {
        "max": 0.297056645155,
        "mean": 0.0205112565309,
        "min": 1.07843947011e-20,
        "stdev": 0.0278142746538
    },
    "spectral_energyband_high": {
        "max": 0.00155574048404,
        "mean": 0.000204777359613,
        "min": 7.75944770762e-21,
        "stdev": 0.000218690300244
    },
    "spectral_energyband_low": {
        "max": 0.111073151231,
        "mean": 0.00934803299606,
        "min": 7.80112122238e-23,
        "stdev": 0.0148799577728
    },
    "spectral_energyband_middle_high": {
        "max": 0.00920826755464,
        "mean": 0.00183043279685,
        "min": 1.63440458406e-21,
        "stdev": 0.0016793810064
    },
    "spectral_energyband_middle_low": {
        "max": 0.270421355963,
        "mean": 0.0132658164948,
        "min": 3.64840873279e-22,
        "stdev": 0.0243089590222
    },
    "spectral_entropy": {
        "max": 9.81087684631,
        "mean": 7.48960208893,
        "min": 6.1099896431,
        "stdev": 0.320724755526
    },
    "spectral_flux": {
        "max": 0.451828837395,
        "mean": 0.081680111587,
        "min": 6.7143630933e-11,
        "stdev": 0.0604761056602
    },
    "spectral_kurtosis": {
        "max": 17.3566417694,
        "mean": 4.17105197906,
        "min": -1.23343765736,
        "stdev": 1.9586840868
    },
    "spectral_rms": {
        "max": 0.0170238465071,
        "mean": 0.00384568469599,
        "min": 3.24366466846e-12,
        "stdev": 0.00228509912267
    },
    "spectral_rolloff": {
        "max": 18583.1542969,
        "mean": 1161.22692871,
        "min": 86.1328125,
        "stdev": 1344.51184082
    },
    "spectral_skewness": {
        "max": 3.30699634552,
        "mean": 1.4736597538,
        "min": -0.00393850635737,
        "stdev": 0.313691407442
    },
    "spectral_spread": {
        "max": 41148200,
        "mean": 4232907,
        "min": 2007556,
        "stdev": 2434137.5
    },
    "spectral_strongpeak": {
        "max": 5.9723238945,
        "mean": 0.511774599552,
        "min": 1.5912990925e-09,
        "stdev": 0.522477507591
    },
    "zerocrossingrate": {
        "max": 0.4931640625,
        "mean": 0.0483602620661,
        "min": 0.00537109375,
        "stdev": 0.0328892208636
    },
    "barkbands": {
        "max": [0.000748500402551, 0.0351414717734, 0.0526071041822, 0.215625435114, 0.0487719066441, 0.00822323746979, 0.00961081497371, 0.00633943779394, 0.00823255628347, 0.00442683463916, 0.00308040552773, 0.0016622163821, 0.00179204263259, 0.00239505292848, 0.00234993337654, 0.00218660524115, 0.00369797204621, 0.0020878710784, 0.00113217544276, 0.000892188632861, 0.000555625010747, 0.000347056193277, 0.000210254191188, 0.000109212654934, 5.45846633031e-05, 7.80655864219e-06, 5.65731397728e-06],
        "mean": [1.73842654476e-05, 0.00214899377897, 0.00305900233798, 0.00730961002409, 0.00337471673265, 0.000940642377827, 0.000798582623247, 0.000373688410036, 0.000427587568993, 0.000185826167581, 0.000185878947377, 0.000200012436835, 0.000154518260388, 0.000232745544054, 0.000184526914381, 0.000187883648323, 0.000154352746904, 0.000170653103851, 0.000134232876007, 0.00010515601025, 7.21860415069e-05, 4.35650727013e-05, 2.48103060585e-05, 1.38136356327e-05, 9.03486034076e-06, 1.83450185887e-06, 1.10239311013e-08],
        "min": [1.16999017689e-24, 3.49031065753e-23, 1.5539362342e-23, 3.29099422132e-23, 8.74754541827e-23, 6.47602990802e-23, 3.72053939717e-23, 3.96410998354e-23, 4.75716131789e-23, 2.98922305509e-23, 3.9699245195e-23, 6.88316102121e-23, 1.29258380796e-22, 5.20613172022e-23, 1.35387842651e-22, 1.92581129182e-22, 1.87695656798e-22, 2.80226769061e-22, 2.89840093109e-22, 3.15124460895e-22, 4.22688056081e-22, 4.46291405454e-22, 4.51898603524e-22, 8.14740692596e-22, 1.17625274956e-21, 1.65496606054e-21, 2.46307284944e-21],
        "stdev": [4.70259074064e-05, 0.00527937617153, 0.00565605331212, 0.0187701005489, 0.00578358024359, 0.00113936967682, 0.00114018307067, 0.000666390405968, 0.00075841677608, 0.000362756516552, 0.000367736472981, 0.000224167350098, 0.000186381876119, 0.000318657519529, 0.000255628314335, 0.00023822588264, 0.000237110885791, 0.000236199673964, 0.000159046569024, 0.000138247181894, 8.65861002239e-05, 5.51607481611e-05, 3.28354544763e-05, 1.62135602295e-05, 8.95126595424e-06, 1.49343316025e-06, 2.40981052002e-07]
    },
    "erbbands": {
        "max": [0.503207445145, 9.94024372101, 45.8246116638, 371.870391846, 535.577453613, 133.624176025, 70.481338501, 83.9997329712, 137.631851196, 122.84677887, 114.407585144, 110.747200012, 117.580001831, 119.381309509, 92.3492660522, 56.9387702942, 58.6297798157, 79.9011306763, 116.995155334, 111.781837463, 149.690216064, 260.423614502, 137.466308594, 65.7883148193, 66.3259277344, 33.1492347717, 31.9270858765, 23.9381752014, 17.8412208557, 8.56964206696, 5.91559696198, 3.05614185333, 1.57889080048, 0.689635634422, 0.3417930305, 0.0756453052163, 0.0147855579853, 0.0035205099266, 0.000805918301921, 0.000325564760715],
        "mean": [0.0338518060744, 0.601470351219, 2.96330070496, 16.2662525177, 17.2273368835, 9.4750995636, 8.21492767334, 8.13419342041, 11.6580677032, 10.4506435394, 8.53938007355, 8.29349422455, 7.86522006989, 7.06241416931, 7.14820194244, 6.88647699356, 7.19441318512, 8.65040683746, 11.6497278214, 10.3508272171, 10.2800302505, 10.3909978867, 9.44686412811, 7.88139390945, 6.62256479263, 4.17322969437, 3.34406805038, 2.45008182526, 1.84348607063, 0.963117003441, 0.636500775814, 0.345862656832, 0.218279480934, 0.117594815791, 0.0555046349764, 0.0161707159132, 0.00179358071182, 5.55644546694e-05, 1.39466383189e-05, 2.3658727514e-05],
        "min": [1.27982814169e-21, 6.77047735271e-21, 1.8150856493e-20, 8.87880418372e-20, 1.04487490424e-19, 2.31176301693e-19, 4.222867404e-19, 4.75668660285e-19, 6.26968524621e-19, 4.1264724283e-19, 9.74800712235e-19, 1.06392342618e-18, 8.96718688121e-19, 1.33127347343e-18, 2.14209751995e-18, 3.93538827843e-18, 5.04339753612e-18, 3.46255901899e-18, 4.76305485959e-18, 1.04135694645e-17, 8.90394251273e-18, 1.06448036688e-17, 1.20593660616e-17, 1.64698492471e-17, 1.30776096792e-17, 1.63322262455e-17, 1.81289518715e-17, 1.52337552075e-17, 1.61590096622e-17, 1.52499216254e-17, 1.38362881565e-17, 1.58895406884e-17, 1.42248496318e-17, 1.01590079397e-17, 8.78616191967e-18, 4.85299751632e-18, 3.72120392088e-18, 1.31393070131e-18, 3.44110934683e-19, 3.21171484387e-20],
        "stdev": [0.0781667158008, 1.4541465044, 5.56703662872, 36.5583763123, 41.7550430298, 14.4483861923, 10.0048789978, 10.4692764282, 17.050491333, 17.4507274628, 14.4536018372, 13.8345050812, 12.5460033417, 13.0439710617, 10.2102918625, 7.61657381058, 7.58279371262, 10.6386528015, 13.7331609726, 12.9065341949, 14.6631736755, 16.2123165131, 12.7876901627, 9.09935855865, 8.5607881546, 4.67532968521, 3.95367670059, 3.07994699478, 2.41827917099, 1.22296524048, 0.831488907337, 0.423440426588, 0.251869320869, 0.121615029871, 0.0543914809823, 0.0129734389484, 0.0018858583644, 0.000156107809744, 3.63735089195e-05, 3.08312155539e-05]
    },
    "gfcc": {
        "mean": [-46.8401069641, 110.624237061, -131.405822754, 46.4189720154, -61.7706336975, 7.03204441071, -49.627986908, 2.08117175102, -31.2556648254, -4.69721126556, -17.9391098022, -12.2237701416, -9.44617843628],
        "cov": [[8498.01660156, 881.40838623, -722.554382324, 492.187316895, -495.816711426, 50.2114906311, -160.281616211, -38.8314743042, -21.2944793701, -218.049942017, -26.2787780762, -250.477264404, -6.15482187271], [881.40838623, 451.212280273, 79.8083267212, 171.347686768, 82.8353805542, 36.7132644653, 72.6594085693, -40.1559066772, 70.4501419067, -77.2108917236, 83.5356826782, -83.5018157959, 67.094291687], [-722.554382324, 79.8083267212, 651.198242188, 128.41859436, 142.087280273, 51.4934692383, 63.7589492798, -26.3672294617, -9.71174621582, 1.76032543182, 3.43705368042, 21.4349327087, -30.0756702423], [492.187316895, 171.347686768, 128.41859436, 250.765487671, -22.3688564301, 39.2898025513, 50.3309669495, -61.0922431946, 73.8479309082, -96.1066513062, 39.85887146, -90.5410842896, 29.1632900238], [-495.816711426, 82.8353805542, 142.087280273, -22.3688564301, 314.39453125, 65.1984481812, 76.9139022827, 92.9794540405, -3.21871423721, 96.5787506104, 13.20216465, 62.6680335999, 10.9479894638], [50.2114906311, 36.7132644653, 51.4934692383, 39.2898025513, 65.1984481812, 96.9769744873, 53.7120704651, 38.0146865845, 23.6706085205, 13.9995527267, 16.6319923401, 6.49058771133, 20.5773620605], [-160.281616211, 72.6594085693, 63.7589492798, 50.3309669495, 76.9139022827, 53.7120704651, 134.757080078, 69.7638168335, 65.1487884521, 0.214782416821, 31.2139396667, -1.88562834263, 35.264541626], [-38.8314743042, -40.1559066772, -26.3672294617, -61.0922431946, 92.9794540405, 38.0146865845, 69.7638168335, 175.986694336, 27.3428211212, 85.1001358032, -14.3254127502, 73.6074523926, 15.1760730743], [-21.2944793701, 70.4501419067, -9.71174621582, 73.8479309082, -3.21871423721, 23.6706085205, 65.1487884521, 27.3428211212, 115.719139099, -17.1190299988, 41.8880996704, -30.2267189026, 45.9241752625], [-218.049942017, -77.2108917236, 1.76032543182, -96.1066513062, 96.5787506104, 13.9995527267, 0.214782416821, 85.1001358032, -17.1190299988, 150.801574707, 3.63765406609, 85.4760894775, -16.7033061981], [-26.2787780762, 83.5356826782, 3.43705368042, 39.85887146, 13.20216465, 16.6319923401, 31.2139396667, -14.3254127502, 41.8880996704, 3.63765406609, 85.3471679688, -2.04434013367, 30.9804191589], [-250.477264404, -83.5018157959, 21.4349327087, -90.5410842896, 62.6680335999, 6.49058771133, -1.88562834263, 73.6074523926, -30.2267189026, 85.4760894775, -2.04434013367, 116.614700317, 3.93201589584], [-6.15482187271, 67.094291687, -30.0756702423, 29.1632900238, 10.9479894638, 20.5773620605, 35.264541626, 15.1760730743, 45.9241752625, -16.7033061981, 30.9804191589, 3.93201589584, 79.6749725342]],
        "icov": [[0.000577090482693, -0.0019983779639, 0.000931382761337, -0.00175271159969, 0.00158920139074, -0.00101078825537, 0.000842238368932, -0.00120236142538, 0.00128284632228, -0.000852280587424, 0.00129380484577, -0.000810493074823, 0.00123827974312], [-0.0019983779639, 0.011620266363, -0.00339251244441, 0.00442706607282, -0.00756801338866, 0.0045088804327, -0.00244612363167, 0.00299461814575, -0.00305491196923, 0.00427369307727, -0.00826725456864, 0.00613828655332, -0.00688469968736], [0.000931382761337, -0.00339251244441, 0.00410570716485, -0.00476311054081, 0.00162646127865, -0.00183164980263, -0.000432566943346, 0.000196352732019, 0.0020762712229, -0.001445900416, 0.00345403281972, -0.00426062382758, 0.0039929994382], [-0.00175271159969, 0.00442706607282, -0.00476311054081, 0.0156779531389, -0.00400821305811, -0.00015427575272, -0.00209805509076, 0.00445194495842, -0.00797988474369, 0.00541182421148, -0.00477128569037, 0.0057686320506, -0.00342408032157], [0.00158920139074, -0.00756801338866, 0.00162646127865, -0.00400821305811, 0.0110419262201, -0.00465281587094, -0.000370668334654, -0.00364245241508, 0.0052886987105, -0.00634678686038, 0.00496408157051, -0.00278782844543, 0.00294757192023], [-0.00101078825537, 0.0045088804327, -0.00183164980263, -0.00015427575272, -0.00465281587094, 0.0174419283867, -0.00486178416759, -3.54728331331e-06, 8.914348291e-05, 0.000121475495689, -0.00366219854914, 0.00276477122679, -0.0049611213617], [0.000842238368932, -0.00244612363167, -0.000432566943346, -0.00209805509076, -0.000370668334654, -0.00486178416759, 0.0206075236201, -0.0109927188605, -0.00275917327963, 0.00388282327913, -0.00374442571774, 0.00259785726666, 0.000741150928661], [-0.00120236142538, 0.00299461814575, 0.000196352732019, 0.00445194495842, -0.00364245241508, -3.54728331331e-06, -0.0109927188605, 0.0210730005056, -0.0085701001808, -0.00373152201064, 0.00731537817046, -0.00785963330418, -0.00111622188706], [0.00128284632228, -0.00305491196923, 0.0020762712229, -0.00797988474369, 0.0052886987105, 8.914348291e-05, -0.00275917327963, -0.0085701001808, 0.0241313315928, -0.00470687448978, -0.00382598512806, 0.00632295431569, -0.00524015119299], [-0.000852280587424, 0.00427369307727, -0.001445900416, 0.00541182421148, -0.00634678686038, 0.000121475495689, 0.00388282327913, -0.00373152201064, -0.00470687448978, 0.0198654104024, -0.00805462524295, -0.00453358283266, 0.00387485371903], [0.00129380484577, -0.00826725456864, 0.00345403281972, -0.00477128569037, 0.00496408157051, -0.00366219854914, -0.00374442571774, 0.00731537817046, -0.00382598512806, -0.00805462524295, 0.0263392049819, -0.00929441954941, 0.00137343571987], [-0.000810493074823, 0.00613828655332, -0.00426062382758, 0.0057686320506, -0.00278782844543, 0.00276477122679, 0.00259785726666, -0.00785963330418, 0.00632295431569, -0.00453358283266, -0.00929441954941, 0.0280189607292, -0.0112988874316], [0.00123827974312, -0.00688469968736, 0.0039929994382, -0.00342408032157, 0.00294757192023, -0.0049611213617, 0.000741150928661, -0.00111622188706, -0.00524015119299, 0.00387485371903, 0.00137343571987, -0.0112988874316, 0.0258219819516]]
    },
    "melbands": {
        "max": [0.00610060989857, 0.0174578428268, 0.0744590908289, 0.0179620981216, 0.00241275690496, 0.00186202733312, 0.00195913366042, 0.00112705444917, 0.000749570201151, 0.000890848692507, 0.000591656309552, 0.000439417141024, 0.00043405755423, 0.0002431107132, 0.000219738547457, 0.000184149233974, 0.000137509865453, 0.000249702483416, 0.000255521357758, 8.27085750643e-05, 0.000195289409021, 0.000312544696499, 9.83895006357e-05, 0.000105299404822, 4.93961597385e-05, 6.18531557848e-05, 5.54998659936e-05, 2.51876772381e-05, 2.79848027276e-05, 1.19853893921e-05, 1.30435419123e-05, 1.36969929372e-05, 6.41709993943e-06, 5.30677743882e-06, 2.79042706097e-06, 4.68934013043e-06, 1.54110739459e-06, 1.24652785871e-06, 9.80241452453e-07, 6.46038529339e-07],
        "mean": [0.00045914639486, 0.00146651198156, 0.0028104938101, 0.00089304096764, 0.000309782888507, 0.000186615012353, 0.000175895853317, 0.00010805868078, 6.7836677772e-05, 5.42341731489e-05, 3.91759858758e-05, 2.84191464743e-05, 2.43557660724e-05, 2.11622991628e-05, 1.69827289938e-05, 1.8492270101e-05, 1.51387839651e-05, 1.99376900127e-05, 1.66239078681e-05, 1.16815854199e-05, 1.12540847113e-05, 1.08662379716e-05, 7.85871452536e-06, 8.41211931402e-06, 6.17730165686e-06, 5.20305866303e-06, 4.56369480162e-06, 2.27749524129e-06, 2.39218934439e-06, 1.50750304329e-06, 1.27931025418e-06, 1.16846877063e-06, 6.41999122308e-07, 5.05680020524e-07, 3.75855449875e-07, 2.96826613067e-07, 1.82288275141e-07, 1.57706992354e-07, 1.25785703631e-07, 9.0263775121e-08],
        "min": [1.0209604285e-23, 9.91385638735e-24, 1.45589502318e-23, 1.36943886564e-23, 1.55798466837e-23, 1.20669488874e-23, 9.05930387911e-24, 4.55883190444e-24, 8.27959376039e-24, 6.60066898441e-24, 4.10812687586e-24, 4.19135327908e-24, 5.67341387185e-24, 7.47852286607e-24, 9.16762000342e-24, 1.21694960719e-23, 5.45156764708e-24, 6.56558163464e-24, 1.03457427446e-23, 1.30669310589e-23, 1.09021397517e-23, 1.10042538516e-23, 1.01653397219e-23, 1.39960206675e-23, 1.3387971415e-23, 9.52951388799e-24, 9.08981701892e-24, 1.0811247987e-23, 1.29097986441e-23, 7.0076628358e-24, 9.46464112259e-24, 9.75974452091e-24, 6.20345148623e-24, 8.966605623e-24, 8.18662098068e-24, 7.91436693849e-24, 1.02339903422e-23, 1.01012558174e-23, 8.87943728183e-24, 8.68725183266e-24],
        "stdev": [0.0010844017379, 0.00252354471013, 0.0064185638912, 0.00174313469324, 0.000373888586182, 0.000239326458541, 0.000242371635977, 0.000172577638295, 0.000112484318379, 9.28624285734e-05, 6.44808751531e-05, 5.30918150616e-05, 4.20571377617e-05, 2.55654667853e-05, 2.63389138127e-05, 2.3099619284e-05, 1.95081283891e-05, 2.83341250906e-05, 2.58237250819e-05, 1.29427362481e-05, 1.82190851774e-05, 1.91006456589e-05, 9.64896571531e-06, 1.27240191432e-05, 7.25448671801e-06, 7.06726086719e-06, 7.31032741896e-06, 2.66953429673e-06, 3.00570536638e-06, 1.82581129593e-06, 1.63626214089e-06, 1.64854930063e-06, 8.55097766816e-07, 6.78130447795e-07, 4.98057772802e-07, 4.32592258903e-07, 2.18314170297e-07, 1.89634690173e-07, 1.39180471592e-07, 9.56956398568e-08]
    },
    "melbands128": {
        "max": [0.000376210664399, 0.00258084293455, 0.00936492159963, 0.0218124911189, 0.0198736824095, 0.0271131340414, 0.0690218880773, 0.119803071022, 0.0500079244375, 0.0178287066519, 0.00925596803427, 0.00412447890267, 0.00316370418295, 0.00217301025987, 0.00136839156039, 0.0037042144686, 0.00352927437052, 0.00177148263901, 0.00238522607833, 0.00231843348593, 0.00162403855938, 0.00215922947973, 0.000734197674319, 0.00124936015345, 0.00107160757761, 0.00114955357276, 0.00189742445946, 0.000261558277998, 0.00150895828847, 0.00052629923448, 0.00095078558661, 0.000613302050624, 0.000768254278228, 0.000477255380247, 0.000438348128228, 0.000259537802776, 0.000279204366961, 0.000469363410957, 0.000119193638966, 0.00017861383094, 0.000369050481822, 0.000369624758605, 0.000236183972447, 0.0001081562732, 0.00055588822579, 0.000219680936425, 0.000162944081239, 0.000494282576256, 0.000213545776205, 0.000244854571065, 0.000126643804833, 0.000103042861156, 0.000452837324701, 9.91832639556e-05, 8.13280639704e-05, 0.000595128687564, 0.000319291750202, 7.59848408052e-05, 0.000157493705046, 0.000263520982116, 0.00014934327919, 0.000183532669325, 6.54377072351e-05, 3.78180957341e-05, 0.000161875010235, 0.000122704019304, 6.12020812696e-05, 0.000101412231743, 7.8635304817e-05, 3.87295949622e-05, 1.80614679266e-05, 4.05762111768e-05, 4.08877313021e-05, 4.52067761216e-05, 1.75573095476e-05, 1.96318251255e-05, 2.12814429688e-05, 3.29022223013e-05, 1.32140294227e-05, 1.02920002973e-05, 2.52324080066e-05, 1.44969999383e-05, 9.65205981629e-06, 7.38648350307e-06, 7.29976090952e-06, 5.36645347893e-06, 6.86851126375e-06, 4.41169913756e-06, 3.22336904901e-06, 3.79055541089e-06, 1.44315745274e-05, 3.41525924341e-06, 3.00569104184e-06, 1.67512928329e-06, 2.09575819099e-06, 1.74701972355e-06, 1.15843829462e-06, 1.9325420908e-06, 1.49644188241e-06, 7.69439111536e-07, 9.95461846287e-07, 7.24875974356e-07, 7.60358602747e-07, 6.24331505605e-07, 5.75367835154e-07, 3.17339242883e-07, 3.67154513015e-07, 2.62338744506e-07, 2.40109244487e-07, 1.49434839614e-07, 7.88248257777e-08, 8.44371257358e-08, 5.72934943932e-08, 3.0123441519e-08, 2.90877100184e-08, 2.81206578023e-08, 2.72420841441e-08, 2.64457948873e-08, 2.57119143754e-08, 2.50676812641e-08, 2.44855247189e-08, 2.3945458949e-08, 2.34147687905e-08, 2.29777210592e-08, 2.27198668767e-08, 2.24288712047e-08, 2.22203073719e-08, 2.22138059058e-08],
        "mean": [1.25037777252e-05, 0.000149079744006, 0.00062132824678, 0.00109382939991, 0.00116409000475, 0.0016908752732, 0.00354658137076, 0.00338153075427, 0.00154725462198, 0.000732343527488, 0.000441347772721, 0.000413295667386, 0.000299983483274, 0.00014469436428, 0.000137587659992, 0.000250541634159, 0.00022719700064, 0.000144666657434, 0.000136630085763, 0.00012318721565, 8.74035758898e-05, 8.55970429257e-05, 5.56114391657e-05, 7.00863020029e-05, 4.5176508138e-05, 5.14649946126e-05, 6.40454818495e-05, 2.43400318141e-05, 3.94463240809e-05, 2.25939656957e-05, 2.97033620882e-05, 2.96395137411e-05, 2.28846365644e-05, 1.81264222192e-05, 3.14000499202e-05, 1.69892937265e-05, 1.12064908535e-05, 2.88608698611e-05, 8.77485399542e-06, 1.17273712021e-05, 2.40776171267e-05, 2.26190222747e-05, 1.18109355753e-05, 6.38910614725e-06, 3.50431946572e-05, 1.82580224646e-05, 8.87631540536e-06, 2.35169918597e-05, 1.42554072227e-05, 1.19356100186e-05, 1.18169691632e-05, 9.83195332083e-06, 1.86241286428e-05, 7.29264684196e-06, 4.97282826473e-06, 1.59509127116e-05, 1.14623080663e-05, 5.00128226122e-06, 7.8835282693e-06, 1.04833925434e-05, 7.9558840298e-06, 7.74423824623e-06, 6.23350661044e-06, 4.70844679512e-06, 8.06892603578e-06, 5.10736299475e-06, 3.3390704175e-06, 5.56926306672e-06, 5.23271364727e-06, 2.52244717558e-06, 1.8133462163e-06, 2.67833047474e-06, 2.22167477659e-06, 3.04662080453e-06, 1.5071168491e-06, 1.16004548545e-06, 1.63712741141e-06, 1.8914336124e-06, 1.09708548734e-06, 7.60263560551e-07, 1.50140226651e-06, 1.1306764236e-06, 8.44876637984e-07, 5.73130478188e-07, 5.41168105883e-07, 4.39032987742e-07, 5.63779337881e-07, 5.01465422076e-07, 3.01335489894e-07, 3.16926048072e-07, 4.23184758347e-07, 2.43386409693e-07, 1.92452617398e-07, 1.81468791993e-07, 1.83702553613e-07, 1.49213235545e-07, 1.64729343055e-07, 1.44858631757e-07, 1.34051816758e-07, 1.0784162896e-07, 1.02675826952e-07, 8.17956404831e-08, 8.71594139085e-08, 7.31690263933e-08, 6.64184369725e-08, 5.21195779868e-08, 4.26597424052e-08, 3.22176596512e-08, 2.61701611493e-08, 2.34215935535e-08, 1.15718057359e-08, 7.33568317202e-09, 2.56312993052e-09, 8.2466589113e-10, 6.24842746988e-11, 5.48149234336e-11, 5.30421505329e-11, 5.1487477476e-11, 5.00733551845e-11, 4.88376561414e-11, 4.77084205475e-11, 4.66812317967e-11, 4.56489568368e-11, 4.47959100369e-11, 4.42929824762e-11, 4.37473460235e-11, 4.33455077387e-11, 4.33139427103e-11],
        "min": [1.12807178472e-24, 1.08553863324e-23, 1.35141560276e-23, 1.01257854473e-23, 8.37145030191e-24, 7.57737502611e-24, 2.08113828805e-23, 1.24553784751e-23, 1.0581925333e-23, 6.89322593972e-24, 9.24042003206e-24, 2.45565236938e-23, 1.48951438169e-23, 6.17318920418e-24, 9.1182041786e-24, 8.37342955392e-24, 5.57051998297e-24, 4.28487195054e-24, 5.57014054088e-24, 2.89205874185e-24, 5.34709524752e-24, 5.21432325186e-24, 9.78315633485e-24, 4.54854200279e-24, 5.16133152055e-24, 7.31025094638e-24, 4.58589614437e-24, 5.09292899703e-24, 1.87064440278e-24, 3.09924162012e-24, 4.4071927225e-24, 2.0445158544e-24, 5.06446886772e-24, 1.00413134327e-23, 5.19382154579e-24, 9.31626269721e-24, 5.55038036406e-24, 1.04131729971e-23, 3.80637022467e-24, 7.18011571829e-24, 1.07191453209e-23, 7.63159895815e-24, 1.8802876357e-24, 5.78410170648e-24, 3.2906111899e-24, 3.32815603861e-24, 1.45007780509e-23, 4.85029234309e-24, 7.94530211889e-24, 1.75759108985e-23, 1.15636280197e-23, 5.50922785722e-24, 4.17710724e-24, 1.48309131843e-23, 8.34294007994e-24, 1.07056968202e-23, 3.66831009993e-24, 1.07110295199e-23, 8.16540377777e-24, 9.01700279079e-24, 5.70001228943e-24, 3.76943141836e-24, 6.65689031227e-24, 9.87572364005e-24, 6.51866768218e-24, 1.10794819941e-23, 5.96633370318e-24, 7.62725785659e-24, 7.44779357837e-24, 8.93050103709e-24, 1.0731774984e-23, 1.09549744997e-23, 1.08100465519e-23, 8.58934788343e-24, 8.26683945727e-24, 5.94646860787e-24, 7.47847711214e-24, 6.49590904506e-24, 1.04342032399e-23, 8.00959586038e-24, 1.33580041669e-23, 7.8890673804e-24, 5.73040867783e-24, 4.30053991141e-24, 8.10392863629e-24, 8.05861173273e-24, 1.02861506141e-23, 8.82673900678e-24, 6.21682110085e-24, 7.5517267915e-24, 4.46909069343e-24, 1.00107829379e-23, 1.08679134436e-23, 8.36974005147e-24, 1.19855423863e-23, 1.009034666e-23, 8.9346938328e-24, 7.76497877114e-24, 7.94633237123e-24, 9.03129852811e-24, 5.25846711925e-24, 9.86723786329e-24, 7.77645354187e-24, 7.3484578466e-24, 1.05268013107e-23, 1.1880379339e-23, 6.58123934032e-24, 6.53976063949e-24, 5.78034633414e-24, 9.70263887998e-24, 5.67189492018e-24, 1.30225497444e-23, 1.45443499941e-23, 9.9116034006e-24, 9.2837718831e-24, 9.01381815931e-24, 1.00562694466e-23, 9.14455844372e-24, 8.00049556098e-24, 1.26828828047e-23, 1.0057565545e-23, 1.06755505007e-23, 6.94255814529e-24, 9.41123839475e-24, 9.11147756166e-24, 8.81311459008e-24, 8.80115388104e-24, 8.73067468118e-24],
        "stdev": [3.13587661367e-05, 0.000397337280447, 0.0015300627565, 0.00291775818914, 0.00292512821034, 0.00297935144044, 0.00792103260756, 0.00933763943613, 0.00393268000335, 0.00153391133063, 0.00076768634608, 0.000578143284656, 0.000406607723562, 0.000231308295042, 0.000186235498404, 0.000417432602262, 0.000417275063228, 0.00023283167684, 0.000238833978074, 0.000306238798657, 0.000154131077579, 0.000229501820286, 0.000107765052235, 0.000153331915499, 9.43201230257e-05, 0.00010408655362, 0.000146963706356, 3.61582242476e-05, 0.000116693940072, 4.73393738503e-05, 8.8149747171e-05, 6.95601338521e-05, 6.82650643284e-05, 3.94876115024e-05, 4.75226479466e-05, 2.5508357794e-05, 2.25393796427e-05, 5.47957970412e-05, 1.34921901918e-05, 1.72597665369e-05, 4.09980639233e-05, 4.37130620412e-05, 2.26157590077e-05, 1.06561828943e-05, 6.62206148263e-05, 2.77536146314e-05, 1.55357120093e-05, 4.43785938842e-05, 2.6588446417e-05, 2.41240850301e-05, 1.63370932569e-05, 1.34097281261e-05, 4.15930262534e-05, 1.17444078569e-05, 8.65410856932e-06, 3.54939402314e-05, 2.13497751247e-05, 7.74911586632e-06, 1.38211462399e-05, 2.21506270464e-05, 1.4946191186e-05, 1.73600637936e-05, 9.86447685136e-06, 6.01829651714e-06, 1.42044218592e-05, 9.66648713074e-06, 5.31542309545e-06, 1.11236822704e-05, 9.54083770921e-06, 3.69551185031e-06, 2.50224888987e-06, 4.06541721532e-06, 3.75483455173e-06, 4.71308612759e-06, 2.01140346689e-06, 1.76235630533e-06, 2.34076765082e-06, 3.39882694789e-06, 1.71296210283e-06, 9.68370954979e-07, 2.52617883234e-06, 1.69315023868e-06, 1.25319718336e-06, 9.47196667767e-07, 7.82224446993e-07, 5.98612018621e-07, 8.92455261692e-07, 7.60886791795e-07, 4.3498408786e-07, 4.45152352313e-07, 9.31272552407e-07, 3.3082554296e-07, 2.90469131414e-07, 2.22346528744e-07, 2.57179550545e-07, 2.09905635984e-07, 2.11472567457e-07, 2.02570589636e-07, 1.81850467129e-07, 1.22758962107e-07, 1.21244823958e-07, 9.90863782135e-08, 1.07387705839e-07, 8.41741041313e-08, 7.60569491831e-08, 5.37261541922e-08, 4.60095748167e-08, 3.40589743075e-08, 2.79790981494e-08, 2.40653044159e-08, 1.48550336476e-08, 1.168570396e-08, 6.37307584483e-09, 2.57026444572e-09, 1.24239984967e-09, 1.19783738484e-09, 1.16041576348e-09, 1.12649678474e-09, 1.09523545788e-09, 1.06779263209e-09, 1.04299457959e-09, 1.01998876012e-09, 9.97383176049e-10, 9.78766623305e-10, 9.67782964878e-10, 9.55386658674e-10, 9.46502543009e-10, 9.46226208498e-10]
    },
    "mfcc": {
        "mean": [-676.692565918, 127.121162415, -7.02957201004, 32.7088508606, 5.74954605103, 1.80303418636, -3.23006820679, -4.39270114899, -5.71106529236, -4.45393896103, -4.59273147583, -4.49452018738, -6.81592702866],
        "cov": [[4079.13354492, 281.870758057, 95.2159042358, 168.60925293, -217.436279297, 4.28234767914, -152.717788696, 36.9985466003, -32.0980262756, 31.5225944519, 0.491684317589, -62.8114051819, -68.5326461792], [281.870758057, 412.835510254, 19.7834873199, 94.5843276978, 120.882484436, 46.3055038452, 90.5521011353, 21.253704071, 30.2225894928, 28.5844860077, 15.9011802673, 20.3054161072, 28.5987815857], [95.2159042358, 19.7834873199, 485.66809082, 149.235565186, 36.8381271362, 94.3185958862, -2.51529383659, 30.3475074768, -24.9141273499, -47.1263580322, 6.67604827881, -9.40089130402, -30.9705963135], [168.60925293, 94.5843276978, 149.235565186, 161.332809448, 63.3515892029, 54.5787849426, 25.9283370972, 26.8202648163, 17.7736091614, 8.1408700943, 13.7633371353, 9.68101406097, 1.7273465395], [-217.436279297, 120.882484436, 36.8381271362, 63.3515892029, 151.365600586, 62.1519470215, 66.6381912231, 11.4881496429, 27.489200592, 15.3976011276, 13.2601442337, 17.2413730621, 16.4067764282], [4.28234767914, 46.3055038452, 94.3185958862, 54.5787849426, 62.1519470215, 100.448417664, 40.8984375, 7.67664480209, 0.795978188515, 2.02526521683, 11.6254529953, 7.28396272659, 0.904280662537], [-152.717788696, 90.5521011353, -2.51529383659, 25.9283370972, 66.6381912231, 40.8984375, 109.390289307, 39.2514686584, 35.8185119629, 29.7725791931, 20.1700019836, 17.5315093994, 24.1533241272], [36.9985466003, 21.253704071, 30.3475074768, 26.8202648163, 11.4881496429, 7.67664480209, 39.2514686584, 98.5032730103, 63.993347168, 27.8258132935, 12.8810892105, 11.7538356781, 11.7494125366], [-32.0980262756, 30.2225894928, -24.9141273499, 17.7736091614, 27.489200592, 0.795978188515, 35.8185119629, 63.993347168, 110.79637146, 53.3679046631, 12.640130043, 13.8866872787, 20.0278167725], [31.5225944519, 28.5844860077, -47.1263580322, 8.1408700943, 15.3976011276, 2.02526521683, 29.7725791931, 27.8258132935, 53.3679046631, 81.3594665527, 35.8213005066, 12.4097223282, 13.2488765717], [0.491684317589, 15.9011802673, 6.67604827881, 13.7633371353, 13.2601442337, 11.6254529953, 20.1700019836, 12.8810892105, 12.640130043, 35.8213005066, 60.8315467834, 28.3101615906, 6.96469306946], [-62.8114051819, 20.3054161072, -9.40089130402, 9.68101406097, 17.2413730621, 7.28396272659, 17.5315093994, 11.7538356781, 13.8866872787, 12.4097223282, 28.3101615906, 59.2454185486, 26.3012142181], [-68.5326461792, 28.5987815857, -30.9705963135, 1.7273465395, 16.4067764282, 0.904280662537, 24.1533241272, 11.7494125366, 20.0278167725, 13.2488765717, 6.96469306946, 26.3012142181, 54.1779975891]],
        "icov": [[0.000417541305069, -0.000613838783465, 0.000187423313037, -0.000565489346627, 0.00113287719432, -0.000639005913399, 0.000880272709765, -0.000462711701402, 0.000221755952225, -0.000339832535246, -7.10001258994e-05, 0.000315262383083, 0.000210076745134], [-0.000613838783465, 0.00458292244002, 8.97385871212e-06, -0.000986220897175, -0.00344919180498, 0.00180155073758, -0.00326998787932, 0.00104094541166, 0.000156280875672, 3.90788663935e-05, 0.000552223529667, -0.000455973146018, -0.000829526165035], [0.000187423313037, 8.97385871212e-06, 0.00412220647559, -0.00340430811048, 0.000994214555249, -0.00299667264335, 0.00136196461972, -0.00201332964934, 0.000534165010322, 0.00281377602369, -0.00177751283627, 0.00114434363786, 0.00106311985292], [-0.000565489346627, -0.000986220897175, -0.00340430811048, 0.0125679709017, -0.00398985855281, -0.000865383597557, 0.000817218329757, -0.000780907925218, -0.000645960506517, -0.00136165111326, 0.000253635342233, -0.00118125858717, -0.000401139754103], [0.00113287719432, -0.00344919180498, 0.000994214555249, -0.00398985855281, 0.0163371451199, -0.00655501522124, -0.00223136111163, 0.00221293931827, -0.00286662741564, 0.000769737525843, -0.000180301824003, -0.000214952364331, 0.000625164655503], [-0.000639005913399, 0.00180155073758, -0.00299667264335, -0.000865383597557, -0.00655501522124, 0.0190285723656, -0.00644498830661, 0.00216871197335, 0.00133679702412, -0.000470109807793, -3.35681943398e-05, -0.00113976409193, 0.000804085226264], [0.000880272709765, -0.00326998787932, 0.00136196461972, 0.000817218329757, -0.00223136111163, -0.00644498830661, 0.0204737633467, -0.00740262214094, 0.00148516637273, -0.00252178846858, -0.00227370252833, 0.00190212752204, -0.00371013232507], [-0.000462711701402, 0.00104094541166, -0.00201332964934, -0.000780907925218, 0.00221293931827, 0.00216871197335, -0.00740262214094, 0.020676959306, -0.0116698741913, 0.00209202012047, -0.000943491002545, -0.0012906572083, 0.000399126729462], [0.000221755952225, 0.000156280875672, 0.000534165010322, -0.000645960506517, -0.00286662741564, 0.00133679702412, 0.00148516637273, -0.0116698741913, 0.022070268169, -0.0124387238175, 0.00617704447359, -0.00180431175977, -0.00179653731175], [-0.000339832535246, 3.90788663935e-05, 0.00281377602369, -0.00136165111326, 0.000769737525843, -0.000470109807793, -0.00252178846858, 0.00209202012047, -0.0124387238175, 0.0292199514806, -0.0169656891376, 0.00611091591418, -0.00168629060499], [-7.10001258994e-05, 0.000552223529667, -0.00177751283627, 0.000253635342233, -0.000180301824003, -3.35681943398e-05, -0.00227370252833, -0.000943491002545, 0.00617704447359, -0.0169656891376, 0.032752096653, -0.0154450098053, 0.00502088991925], [0.000315262383083, -0.000455973146018, 0.00114434363786, -0.00118125858717, -0.000214952364331, -0.00113976409193, 0.00190212752204, -0.0012906572083, -0.00180431175977, 0.00611091591418, -0.0154450098053, 0.02966639027, -0.0123963989317], [0.000210076745134, -0.000829526165035, 0.00106311985292, -0.000401139754103, 0.000625164655503, 0.000804085226264, -0.00371013232507, 0.000399126729462, -0.00179653731175, -0.00168629060499, 0.00502088991925, -0.0123963989317, 0.0275955367833]]
    },
    "spectral_contrast_coeffs": {
        "max": [-0.411478042603, -0.601285994053, -0.529956400394, -0.624419867992, -0.596433401108, -0.63129389286],
        "mean": [-0.661842107773, -0.785552859306, -0.780547380447, -0.779972851276, -0.792084574699, -0.76853531599],
        "min": [-0.967386424541, -0.974023163319, -0.977994740009, -0.968833565712, -0.962545156479, -0.960705339909],
        "stdev": [0.0884487628937, 0.0580950677395, 0.0561659038067, 0.0480896085501, 0.0381386838853, 0.0364294983447]
    },
    "spectral_contrast_valleys": {
        "max": [-5.45911598206, -5.23886585236, -6.37112855911, -6.59484958649, -6.31595420837, -9.35013008118],
        "mean": [-7.02782583237, -6.90056371689, -7.84216356277, -8.02449226379, -7.88423204422, -10.7677106857],
        "min": [-27.2430362701, -27.1523399353, -27.4545135498, -27.0713768005, -27.2993068695, -27.2650699615],
        "stdev": [1.45915913582, 1.37896096706, 1.32541000843, 1.30037987232, 1.32530725002, 1.1516379118]
    }
},
"rhythm": {
    "beats_count": 31,
    "beats_loudness": {
        "max": 0.170326471329,
        "mean": 0.04668911919,
        "min": 0.0101981405169,
        "stdev": 0.033580288291
    },
    "bpm": 150.390609741,
    "bpm_histogram_first_peak_bpm": 152,
    "bpm_histogram_first_peak_weight": 0.370370328426,
    "bpm_histogram_second_peak_bpm": 144,
    "bpm_histogram_second_peak_spread": 0,
    "bpm_histogram_second_peak_weight": 0.0333333350718,
    "danceability": 1.73059475422,
    "onset_rate": 3.91869020462,
    "beats_loudness_band_ratio": {
        "max": [0.946871101856, 0.487205445766, 0.276944637299, 0.0908782109618, 0.0733033418655, 0.0506422109902],
        "mean": [0.723124325275, 0.164608359337, 0.0775670558214, 0.0266209989786, 0.030000641942, 0.0166918411851],
        "min": [0.223557397723, 0.0338472016156, 0.0155540350825, 0.00161405233666, 0.00126168457791, 0.00220710108988],
        "stdev": [0.165371879935, 0.114209696651, 0.0750122219324, 0.0227603204548, 0.0223288256675, 0.0119449980557]
    },
    "beats_position": [0.336689323187, 0.696598649025, 1.06811785698, 1.46285712719, 1.8575963974, 2.2523355484, 2.6470746994, 3.05342388153, 3.45977306366, 3.85451245308, 4.2492518425, 4.65560102463, 5.06195020676, 5.45668935776, 5.85142850876, 6.24616765976, 6.64090681076, 7.05886602402, 7.45360517502, 7.84834432602, 8.24308395386, 8.64943313599, 9.05578231812, 9.45052146912, 9.84526062012, 10.2516098022, 10.6579589844, 11.0526981354, 11.4474372864, 11.8537864685, 12.2601356506],
