{
"metadata": {
    "version": {
        "essentia": "2.1-beta5",
        "essentia_git_sha": "Undefined",
        "extractor": "music 2.0"
    },
    "audio_properties": {
        "analysis": {
            "equal_loudness": 0,
            "length": 12.7477550507,
            "sample_rate": 44100,
            "start_time": 0,
            "downmix": "mix"
        },
        "bit_rate": 192000,
        "length": 180.813781738,
        "lossless": 0,
        "number_channels": 2,
        "replay_gain": -6.96437454224,
        "sample_rate": 44100,
        "codec": "mp3",
        "md5_encoded": "bdc0bc1df9925b21af7bbb63a8e5da02"
    },
    "tags": {
        "file_name": "Norway_Mitt Liv_Kate Gulbrandsen.mp3",
        "encoding": ["Lavf58.29.100"]
    }
},
"lowlevel": {
    "average_loudness": 0.951548337936,
    "barkbands_crest": {
        "max": 19.6300964355,
        "mean": 9.23900413513,
        "min": 3.07053971291,
        "stdev": 3.24010157585
    },
    "barkbands_flatness_db": {
        "max": 0.285956770182,
        "mean": 0.19392350316,
        "min": 0.0283795055002,
        "stdev": 0.0308657623827
    },
    "barkbands_kurtosis": {
        "max": 39.0296020508,
        "mean": 1.87944245338,
        "min": -1.19524252415,
        "stdev": 3.37153077126
    },
    "barkbands_skewness": {
        "max": 4.9651684761,
        "mean": 1.03121984005,
        "min": -2.87542152405,
        "stdev": 0.789395093918
    },
    "barkbands_spread": {
        "max": 39.3213043213,
        "mean": 13.7579622269,
        "min": 2.4090077877,
        "stdev": 4.8412771225
    },
    "dissonance": {
        "max": 0.500000059605,
        "mean": 0.448774605989,
        "min": 0.354104667902,
        "stdev": 0.0264209359884
    },
    "dynamic_complexity": 2.2668428421,
    "erbbands_crest": {
        "max": 22.9385585785,
        "mean": 9.06289863586,
        "min": 2.55667042732,
        "stdev": 3.45025229454
    },
    "erbbands_flatness_db": {
        "max": 0.308551460505,
        "mean": 0.253341883421,
        "min": 0.0876326411963,
        "stdev": 0.0329653806984
    },
    "erbbands_kurtosis": {
        "max": 5.85126209259,
        "mean": 0.0154332695529,
        "min": -1.45112895966,
        "stdev": 0.875932574272
    },
    "erbbands_skewness": {
        "max": 2.17727160454,
        "mean": 0.512438178062,
        "min": -0.977407336235,
        "stdev": 0.49353992939
    },
    "erbbands_spread": {
        "max": 63.2072982788,
        "mean": 25.6672363281,
        "min": 9.42042350769,
        "stdev": 7.97207593918
    },
    "hfc": {
        "max": 58.4732208252,
        "mean": 21.1587581635,
        "min": 1.17857209837e-16,
        "stdev": 10.2871313095
    },
    "loudness_ebu128": {
        "integrated": -16.7633571625,
        "loudness_range": 1.8226108551,
        "momentary": {
            "max": -13.6600017548,
            "mean": -17.2779140472,
            "min": -34.7696685791,
            "stdev": 2.55135345459
        },
        "short_term": {
            "max": -15.5759344101,
            "mean": -16.5764217377,
            "min": -18.0438671112,
            "stdev": 0.625404834747
        }
    },
    "melbands_crest": {
        "max": 25.314781189,
        "mean": 11.7094907761,
        "min": 2.15956234932,
        "stdev": 4.563808918
    },
    "melbands_flatness_db": {
        "max": 0.35216525197,
        "mean": 0.216829553246,
        "min": 0.00490094395354,
        "stdev": 0.0375308655202
    },
    "melbands_kurtosis": {
        "max": 58.3748283386,
        "mean": 4.39478349686,
        "min": -1.38540589809,
        "stdev": 5.75148534775
    },
    "melbands_skewness": {
        "max": 5.99328613281,
        "mean": 1.48251903057,
        "min": -0.431384146214,
        "stdev": 0.833111643791
    },
    "melbands_spread": {
        "max": 145.556137085,
        "mean": 20.7009334564,
        "min": 2.19680142403,
        "stdev": 12.6286497116
    },
    "pitch_salience": {
        "max": 0.94623118639,
        "mean": 0.581107854843,
        "min": 0.316456854343,
        "stdev": 0.0835296213627
    },
    "silence_rate_20dB": {
        "max": 1,
        "mean": 1,
        "min": 1,
        "stdev": 0
    },
    "silence_rate_30dB": {
        "max": 1,
        "mean": 1,
        "min": 1,
        "stdev": 0
    },
    "silence_rate_60dB": {
        "max": 1,
        "mean": 0.0418181829154,
        "min": 0,
        "stdev": 0.20017413795
    },
    "spectral_centroid": {
        "max": 11124.5185547,
        "mean": 1221.99914551,
        "min": 264.512634277,
        "stdev": 791.765808105
    },
    "spectral_complexity": {
        "max": 32,
        "mean": 19.8054542542,
        "min": 0,
        "stdev": 5.34180164337
    },
    "spectral_decrease": {
        "max": 4.30626090992e-20,
        "mean": -6.63010357727e-09,
        "min": -2.03817887012e-08,
        "stdev": 3.53798790265e-09
    },
    "spectral_energy": {
        "max": 0.0817819386721,
        "mean": 0.0269427020103,
        "min": 1.05176677277e-20,
        "stdev": 0.0141994506121
    },
    "spectral_energyband_high": {
        "max": 0.000985141261481,
        "mean": 0.000227842974709,
        "min": 7.75892102621e-21,
        "stdev": 0.000180825969437
    },
    "spectral_energyband_low": {
        "max": 0.0174147635698,
        "mean": 0.00145386473741,
        "min": 4.33502512365e-23,
        "stdev": 0.00154099403881
    },
    "spectral_energyband_middle_high": {
        "max": 0.0305451415479,
        "mean": 0.00950275547802,
        "min": 1.25320013552e-21,
        "stdev": 0.00561118870974
    },
    "spectral_energyband_middle_low": {
        "max": 0.0628816410899,
        "mean": 0.0163161382079,
        "min": 2.26332751271e-22,
        "stdev": 0.0106454147026
    },
    "spectral_entropy": {
        "max": 9.82456684113,
        "mean": 7.20218276978,
        "min": 6.507127285,
        "stdev": 0.322239488363
    },
    "spectral_flux": {
        "max": 0.178122937679,
        "mean": 0.0602258443832,
        "min": 6.53965978592e-11,
        "stdev": 0.0224423855543
    },
    "spectral_kurtosis": {
        "max": 22.70470047,
        "mean": 5.12055444717,
        "min": -1.231320858,
        "stdev": 3.8710770607
    },
    "spectral_rms": {
        "max": 0.00893237162381,
        "mean": 0.00489670410752,
        "min": 3.20330133946e-12,
        "stdev": 0.0015191542916
    },
    "spectral_rolloff": {
        "max": 19810.546875,
        "mean": 1377.9296875,
        "min": 258.3984375,
        "stdev": 1573.27722168
    },
    "spectral_skewness": {
        "max": 3.58089828491,
        "mean": 1.34897911549,
        "min": -0.0383885651827,
        "stdev": 0.429250866175
    },
    "spectral_spread": {
        "max": 42003764,
        "mean": 2860674.5,
        "min": 1878523.125,
        "stdev": 2885469.5
    },
    "spectral_strongpeak": {
        "max": 7.38053178787,
        "mean": 1.95282804966,
        "min": 0,
        "stdev": 1.22007131577
    },
    "zerocrossingrate": {
        "max": 0.529296875,
        "mean": 0.0511976219714,
        "min": 0.01171875,
        "stdev": 0.0412675924599
    },
    "barkbands": {
        "max": [9.96123853838e-05, 0.00167701439932, 0.0135169140995, 0.0083707626909, 0.0220749285072, 0.00769934477285, 0.0521154850721, 0.0278408247977, 0.0253978557885, 0.0227128975093, 0.00589872058481, 0.0159008465707, 0.00559224793687, 0.0126218786463, 0.00458410196006, 0.0047248871997, 0.00360853923485, 0.00244555994868, 0.00128120998852, 0.000968994980212, 0.000483875744976, 0.000283625326119, 8.54027020978e-05, 2.36832438532e-05, 1.29412876504e-06, 1.32657419272e-06, 1.45320905176e-06],
        "mean": [7.21706510376e-06, 0.000285226473352, 0.000700392934959, 0.000906749395654, 0.00233402173035, 0.00158730999101, 0.00744786020368, 0.00156487233471, 0.00232055014931, 0.00345708662644, 0.00064332637703, 0.00180553121027, 0.000772056519054, 0.000860752828885, 0.000434310728451, 0.000520662346389, 0.000341040460626, 0.000400944874855, 0.000231332887779, 0.000171390536707, 9.77758390945e-05, 3.90395434806e-05, 1.08228032332e-05, 2.41160296355e-06, 1.93284499517e-08, 5.28887955653e-09, 3.62669538845e-09],
        "min": [1.1942503713e-23, 1.07482882093e-23, 3.63175901875e-24, 2.58087678057e-23, 2.24745919695e-23, 1.17438843143e-23, 1.94198559095e-23, 8.18013039092e-23, 2.04016153941e-23, 4.42104188567e-23, 2.59681240194e-23, 6.68217567086e-23, 2.7141803896e-23, 5.93436393171e-23, 5.99494529378e-23, 9.24208231976e-23, 1.11521001114e-22, 1.14677946726e-22, 1.87040813894e-22, 1.8929096074e-22, 2.8085419747e-22, 4.57154663829e-22, 5.56274317129e-22, 7.70591795424e-22, 1.12476590611e-21, 1.74419130287e-21, 2.3979077385e-21],
        "stdev": [9.82233450486e-06, 0.000252553087194, 0.0010798657313, 0.000942125217989, 0.00215220218524, 0.00128821225371, 0.00875763315707, 0.00255492446013, 0.0027666289825, 0.00388436834328, 0.000718531140592, 0.00244855764322, 0.00079179200111, 0.00169867288787, 0.000565392139833, 0.000700874137692, 0.000480168091599, 0.000416036462411, 0.000220216461457, 0.00012771411275, 7.10950625944e-05, 4.31023618148e-05, 1.46899201354e-05, 3.67606708096e-06, 5.88004276381e-08, 5.65100002348e-08, 6.18836395461e-08]
    },
    "erbbands": {
        "max": [0.0342583991587, 0.455911934376, 10.8630523682, 27.9025650024, 35.915561676, 67.3160934448, 142.254776001, 94.3576278687, 929.945129395, 453.322998047, 447.945739746, 383.027893066, 460.584075928, 362.174743652, 310.849304199, 687.848205566, 221.245285034, 585.287109375, 499.524841309, 119.825019836, 324.522918701, 251.509307861, 169.387313843, 51.6799659729, 79.0137786865, 28.8503684998, 25.7815990448, 21.4063110352, 11.4171476364, 7.30280780792, 2.7754137516, 0.773432552814, 0.207625240088, 0.0144604044035, 0.00943771097809, 0.00523128220811, 0.00248207128607, 0.000895125675015, 0.000220672169235, 9.44173589232e-05],
        "mean": [0.00420860247687, 0.0875243321061, 0.679983437061, 2.18678474426, 5.95358800888, 6.54659748077, 9.03632450104, 22.5718669891, 128.672180176, 33.0994987488, 44.4991340637, 45.3669967651, 80.5783233643, 67.1956710815, 37.5827789307, 57.9932403564, 40.1459999084, 27.0967731476, 39.7864685059, 25.9305305481, 25.7767333984, 25.1585197449, 26.3384437561, 11.81569767, 11.427315712, 6.82357406616, 5.32149124146, 2.88149523735, 1.62980854511, 0.662361979485, 0.321248561144, 0.10315657407, 0.01892391406, 0.00133280910086, 0.000106053732452, 5.16404070368e-05, 2.00874819711e-05, 6.24847916697e-06, 1.49243442138e-05, 3.17710146192e-05],
        "min": [5.44359866887e-22, 2.01229253514e-21, 6.47850319522e-21, 4.63601516864e-20, 1.12109003341e-19, 6.13366121059e-20, 3.57712575688e-20, 1.45061125984e-19, 2.82559727369e-19, 5.17746665961e-19, 2.06833554998e-18, 6.54661549252e-19, 6.74807791565e-19, 2.24700263319e-18, 1.5953076638e-18, 2.42269641568e-18, 1.50697304619e-18, 2.81737592558e-18, 3.54337745997e-18, 4.81846107138e-18, 5.33655489471e-18, 6.05897928653e-18, 5.6446532031e-18, 8.16347607097e-18, 1.16564513483e-17, 9.5197387741e-18, 8.18025873842e-18, 1.48666689952e-17, 1.72328820032e-17, 1.71325995888e-17, 1.58614297824e-17, 1.31267673686e-17, 1.49370901895e-17, 1.10861781447e-17, 7.84510500654e-18, 5.2546367171e-18, 3.44394704162e-18, 1.04509720903e-18, 2.82148902948e-19, 3.43943217351e-20],
        "stdev": [0.00496035534889, 0.0765968486667, 0.918150365353, 2.32043027878, 5.73242282867, 6.43060922623, 11.4167356491, 18.3922309875, 156.345901489, 39.6258163452, 56.2752799988, 50.2214775085, 80.7025909424, 60.8171272278, 45.3680610657, 68.9305801392, 35.9585266113, 52.0839157104, 63.0160255432, 21.5444145203, 37.9555435181, 32.3652458191, 28.106924057, 8.75141906738, 11.1610555649, 4.69327783585, 3.74721646309, 2.61025595665, 1.77968740463, 0.844595372677, 0.472367465496, 0.150389537215, 0.0276856310666, 0.00186672154814, 0.000407067505876, 0.000223643073696, 0.000105472710857, 3.80110832339e-05, 1.14657468657e-05, 1.64608554769e-05]
    },
    "gfcc": {
        "mean": [-54.7256507874, 169.569335938, -193.004013062, 31.7698192596, -67.6355361938, -20.4529762268, -11.5701265335, -26.6049938202, 0.383083969355, -23.9778957367, -0.230344131589, -14.8070840836, -4.08605289459],
        "cov": [[14569.3642578, 1992.9831543, -2186.97973633, 109.562896729, -619.384765625, -533.792663574, 120.517204285, -299.844482422, 112.974494934, -292.67010498, 60.3178520203, -120.922172546, -27.8440933228], [1992.9831543, 523.623840332, -298.332427979, -56.4910011292, 42.0330657959, -129.226074219, 55.7000656128, -70.5192642212, 9.16667461395, -43.9613342285, -26.3898582458, -35.9856567383, -14.4514780045], [-2186.97973633, -298.332427979, 553.580200195, 98.0362625122, 25.0382766724, 130.614761353, -57.4993171692, 41.5758209229, -14.0206165314, 25.8959655762, -4.58207082748, 2.93435120583, 2.50355362892], [109.562896729, -56.4910011292, 98.0362625122, 210.312667847, -71.4031448364, 82.1624526978, -50.9515151978, -14.4650602341, -10.978260994, -21.5951347351, 8.56610202789, -18.2587223053, -8.04941368103], [-619.384765625, 42.0330657959, 25.0382766724, -71.4031448364, 207.214981079, 3.98271894455, 50.8904647827, 6.94298458099, -12.3960533142, 16.7989234924, -35.4360084534, -2.8946313858, -12.5856952667], [-533.792663574, -129.226074219, 130.614761353, 82.1624526978, 3.98271894455, 154.735748291, -17.5791625977, 26.5436878204, -15.8368520737, -6.22007751465, -3.75864982605, -1.55110883713, 4.26619577408], [120.517204285, 55.7000656128, -57.4993171692, -50.9515151978, 50.8904647827, -17.5791625977, 87.1426849365, 21.017534256, 2.81121110916, -3.99698615074, -10.0924348831, 10.5085086823, -2.16264986992], [-299.844482422, -70.5192642212, 41.5758209229, -14.4650602341, 6.94298458099, 26.5436878204, 21.017534256, 66.5205535889, 15.1831932068, 2.46811008453, 0.0122318789363, 10.9528341293, 6.2842168808], [112.974494934, 9.16667461395, -14.0206165314, -10.978260994, -12.3960533142, -15.8368520737, 2.81121110916, 15.1831932068, 51.6912384033, 21.9620037079, 2.11832666397, 3.31842136383, 8.92839717865], [-292.67010498, -43.9613342285, 25.8959655762, -21.5951347351, 16.7989234924, -6.22007751465, -3.99698615074, 2.46811008453, 21.9620037079, 70.459197998, 15.0574712753, 4.04975032806, 6.95001983643], [60.3178520203, -26.3898582458, -4.58207082748, 8.56610202789, -35.4360084534, -3.75864982605, -10.0924348831, 0.0122318789363, 2.11832666397, 15.0574712753, 45.9596786499, 17.2814903259, 2.39015722275], [-120.922172546, -35.9856567383, 2.93435120583, -18.2587223053, -2.8946313858, -1.55110883713, 10.5085086823, 10.9528341293, 3.31842136383, 4.04975032806, 17.2814903259, 43.6060752869, 15.0081577301], [-27.8440933228, -14.4514780045, 2.50355362892, -8.04941368103, -12.5856952667, 4.26619577408, -2.16264986992, 6.2842168808, 8.92839717865, 6.95001983643, 2.39015722275, 15.0081577301, 39.851852417]],
        "icov": [[0.000678183103446, -0.00179152877536, 0.00179349258542, -0.000961650861427, 0.00172038003802, -0.000301563180983, -0.000271449942375, -3.40922633768e-05, -0.000823626469355, 0.000655030657072, -0.000599351187702, 0.000264665606664, 9.00789527805e-05], [-0.00179152877536, 0.00920789130032, -0.00341649260372, 0.00216984632425, -0.0059818001464, 0.00259639555588, -0.00160286552273, 0.00411407463253, -0.000621868355665, 0.00169112335425, 0.000566959381104, 0.00299198762514, -0.00147895014379], [0.00179349258542, -0.00341649260372, 0.00791889987886, -0.00360746029764, 0.00345933064818, -0.00141572777648, 0.000738346832804, -0.00105475424789, -0.00177509523928, 0.00105997815263, -0.000633975607343, 0.000570285541471, 0.000274583726423], [-0.000961650861427, 0.00216984632425, -0.00360746029764, 0.0102348858491, 8.32548175822e-06, -0.00428402470425, 0.0016565208789, 0.00318134552799, -0.000426756887464, 0.00151394505519, -0.00108111510053, 0.00208184914663, 0.00157073233277], [0.00172038003802, -0.0059818001464, 0.00345933064818, 8.32548175822e-06, 0.0132157215849, -0.00270727742463, -0.0037702799309, -0.000115950824693, 0.00148682831787, -0.0033146571368, 0.0053185345605, -0.0018715505721, 0.00372517155483], [-0.000301563180983, 0.00259639555588, -0.00141572777648, -0.00428402470425, -0.00270727742463, 0.0123274875805, 0.000164080731338, -0.00406069168821, 0.00342948106118, 0.000415129441535, 0.000912234303541, 0.00118899717927, -0.00291418912821], [-0.000271449942375, -0.00160286552273, 0.000738346832804, 0.0016565208789, -0.0037702799309, 0.000164080731338, 0.019741345197, -0.00858220644295, 0.00219340110198, -0.000793649174739, 0.00311642698944, -0.00651751086116, 0.00264824205078], [-3.40922633768e-05, 0.00411407463253, -0.00105475424789, 0.00318134552799, -0.000115950824693, -0.00406069168821, -0.00858220644295, 0.0271833632141, -0.0114796236157, 0.0061744642444, -0.0026055094786, 0.00150007591583, -0.00109084241558], [-0.000823626469355, -0.000621868355665, -0.00177509523928, -0.000426756887464, 0.00148682831787, 0.00342948106118, 0.00219340110198, -0.0114796236157, 0.0315306708217, -0.0136759523302, 0.00692532770336, -0.00325573515147, -0.00261231139302], [0.000655030657072, 0.00169112335425, 0.00105997815263, 0.00151394505519, -0.0033146571368, 0.000415129441535, -0.000793649174739, 0.0061744642444, -0.0136759523302, 0.0256704166532, -0.0131595982239, 0.00754946097732, -0.00426457682624], [-0.000599351187702, 0.000566959381104, -0.000633975607343, -0.00108111510053, 0.0053185345605, 0.000912234303541, 0.00311642698944, -0.0026055094786, 0.00692532770336, -0.0131595982239, 0.0383595228195, -0.018262848258, 0.00709082884714], [0.000264665606664, 0.00299198762514, 0.000570285541471, 0.00208184914663, -0.0018715505721, 0.00118899717927, -0.00651751086116, 0.00150007591583, -0.00325573515147, 0.00754946097732, -0.018262848258, 0.0397195741534, -0.0141041921452], [9.00789527805e-05, -0.00147895014379, 0.000274583726423, 0.00157073233277, 0.00372517155483, -0.00291418912821, 0.00264824205078, -0.00109084241558, -0.00261231139302, -0.00426457682624, 0.00709082884714, -0.0141041921452, 0.0329390540719]]
    },
    "melbands": {
        "max": [0.0004027079558, 0.00384977087379, 0.00406445888802, 0.00275164144114, 0.00513109145686, 0.0030418287497, 0.012184176594, 0.00466428883374, 0.00509089836851, 0.00207212963142, 0.00268074078485, 0.00201733014546, 0.000558084226213, 0.00215660780668, 0.00114200706594, 0.000754125649109, 0.00133175530937, 0.00116289046127, 0.000335267162882, 0.000349317648215, 0.000402988371206, 0.000295656063827, 0.000138792122016, 9.7093070508e-05, 4.83397161588e-05, 8.17221880425e-05, 5.09912642883e-05, 2.40088393184e-05, 2.08918081626e-05, 1.15903458209e-05, 9.7182673926e-06, 7.58404030421e-06, 4.60619412479e-06, 3.3022140542e-06, 2.21363916353e-06, 8.63024411046e-07, 3.80242511255e-07, 1.83855078717e-07, 3.71682133959e-08, 1.18053122833e-08],
        "mean": [5.7058827224e-05, 0.000283483503154, 0.000477441761177, 0.000484487129143, 0.000308901071548, 0.00063272198895, 0.00170848239213, 0.000299816689221, 0.000404707301641, 0.000271274708211, 0.000449158949777, 0.000342145765899, 9.5313982456e-05, 0.000178571470315, 0.000158153867233, 6.29780188319e-05, 5.13806990057e-05, 7.51307379687e-05, 4.19731914008e-05, 3.63656290574e-05, 2.45349983743e-05, 2.54499154835e-05, 2.3110616894e-05, 1.72332893271e-05, 8.52808898344e-06, 9.97366896627e-06, 6.63335049467e-06, 4.06538401876e-06, 4.13274847233e-06, 2.16423768507e-06, 1.2844544699e-06, 1.14579017918e-06, 4.10521181493e-07, 2.93975830346e-07, 2.19638366161e-07, 1.01747708925e-07, 4.31430073888e-08, 1.51974699492e-08, 2.91093660287e-09, 2.07619255121e-10],
        "min": [5.4613534666e-24, 3.94414202076e-24, 1.03152146164e-23, 6.6046775811e-24, 1.43544049099e-24, 2.94195320803e-24, 4.0475250034e-24, 7.73620428077e-24, 1.53943602413e-23, 3.15145573179e-24, 3.34596181253e-24, 8.65967877744e-24, 3.99083627546e-24, 8.54596684453e-24, 5.09219377866e-24, 3.26445847874e-24, 5.10157136267e-24, 5.48311025037e-24, 3.87140312884e-24, 8.00993112627e-24, 6.3976678578e-24, 6.46417790401e-24, 7.35299774111e-24, 4.63041590399e-24, 6.64030766718e-24, 7.77648272972e-24, 6.2946572175e-24, 6.54800305266e-24, 4.52027987757e-24, 7.17188237702e-24, 8.36621778753e-24, 8.3798224827e-24, 8.92046514865e-24, 9.20338774572e-24, 8.47036241537e-24, 5.83633889233e-24, 7.40207435575e-24, 9.54441783708e-24, 1.12735370436e-23, 8.22560175345e-24],
        "stdev": [5.71569144086e-05, 0.000338209065376, 0.000441937358119, 0.000433569919551, 0.000410114851547, 0.000539600558113, 0.00203172652982, 0.000496282300446, 0.000548372685444, 0.000309074501274, 0.000466802273877, 0.000336034718202, 9.03371474124e-05, 0.000340736703947, 0.000196162203792, 9.84005891951e-05, 0.00012056100968, 0.000143022480188, 5.81284111831e-05, 4.81465503981e-05, 4.61844429083e-05, 3.93080408685e-05, 2.30329242186e-05, 1.69960112544e-05, 7.79736183176e-06, 1.21067105283e-05, 5.79371135245e-06, 3.55585029865e-06, 3.22044161294e-06, 1.74413537479e-06, 1.21461107483e-06, 1.32299192046e-06, 5.19109221386e-07, 3.73465979919e-07, 3.49694317947e-07, 1.51119394332e-07, 6.46399627158e-08, 2.33236470137e-08, 4.64511629161e-09, 5.74083225402e-10]
    },
    "melbands128": {
        "max": [4.47238780907e-05, 0.000207070101169, 0.000653940311167, 0.000748224440031, 0.00434258440509, 0.00716667249799, 0.00677714450285, 0.00392776867375, 0.00460617337376, 0.00406201416627, 0.00320183997974, 0.00797506328672, 0.0059873405844, 0.00290597020648, 0.00198265933432, 0.00333835696802, 0.0207398161292, 0.0154171846807, 0.00602671038359, 0.00701998639852, 0.00891571119428, 0.00788959302008, 0.00654892669991, 0.0104652345181, 0.00228094565682, 0.00280477455817, 0.00169338029809, 0.00185941706877, 0.00796345341951, 0.0030069721397, 0.00138486956712, 0.00149805203546, 0.000485527096316, 0.000908076937776, 0.00456093065441, 0.00276462873444, 0.00255338428542, 0.0025807346683, 0.000655085896142, 0.000616788282059, 0.00148591061588, 0.000106277577288, 0.00141429156065, 0.00254215323366, 0.00352009013295, 0.000922236766201, 0.000955013325438, 0.000668631051667, 0.000298194296192, 0.000149651590618, 0.000652281218208, 0.000448452308774, 0.00106654921547, 0.000149215309648, 0.000112262401672, 0.00054412370082, 0.000348644476617, 0.000327448942699, 0.000304898712784, 0.000365603977116, 0.000189324535313, 4.63090473204e-05, 0.000111348759674, 9.66289735516e-05, 0.000178622227395, 0.000119321150123, 0.000111487446702, 6.54897012282e-05, 7.72763596615e-05, 3.69315057469e-05, 1.68305177795e-05, 7.07270010025e-05, 4.25277576142e-05, 3.85251587431e-05, 1.72961154021e-05, 1.19769565572e-05, 1.84319978871e-05, 3.0155211789e-05, 9.46899763221e-06, 5.48206526219e-06, 1.6801071979e-05, 1.73422231455e-05, 4.85125610794e-06, 5.20330286236e-06, 8.83726079337e-06, 4.80967537442e-06, 2.08845585803e-06, 2.09373411053e-06, 4.62584466732e-06, 1.06136553768e-06, 1.76988714884e-06, 2.02632713808e-06, 6.56490499296e-07, 6.41994404305e-07, 8.4325233729e-07, 1.6573432049e-07, 1.12453442114e-07, 1.73760653865e-07, 4.73873100759e-08, 1.13100604437e-08, 1.18706253716e-08, 1.21299237321e-08, 1.15760272479e-08, 1.11065263653e-08, 1.06499777885e-08, 1.02362962551e-08, 9.90418325131e-09, 9.31628729717e-09, 8.99690544287e-09, 8.52179571353e-09, 8.32149904539e-09, 8.1347453218e-09, 7.86869414071e-09, 7.63424257144e-09, 7.35385130568e-09, 7.13623871107e-09, 6.95723612054e-09, 6.75657485516e-09, 6.57612053701e-09, 6.41606368035e-09, 6.28334317909e-09, 6.15917583602e-09, 6.03100192009e-09, 5.93648596947e-09, 5.87542414721e-09, 5.79433656611e-09, 5.76509373573e-09, 5.72706326807e-09],
        "mean": [4.69619953947e-06, 2.1704379833e-05, 6.10650095041e-05, 0.000156355265062, 0.00030111221713, 0.000350589863956, 0.000433950626757, 0.000447493046522, 0.000650387722999, 0.000586426176596, 0.000262112065684, 0.000387467152905, 0.000312493852107, 0.000236110878177, 0.000220025947783, 0.000471734412713, 0.00290105887689, 0.0019929362461, 0.00028826034395, 0.000198968875338, 0.000403807935072, 0.000314929056913, 0.000375053728931, 0.000608564994764, 0.000199373520445, 0.000254511076491, 0.000107927735371, 0.000228407923714, 0.00116909551434, 0.000380160374334, 9.59608441917e-05, 0.000113485053589, 4.01402612624e-05, 9.16465432965e-05, 0.000305328663671, 0.000137160881422, 5.96481695538e-05, 0.000323144980939, 6.38050187263e-05, 4.99403104186e-05, 9.91084089037e-05, 1.60460767802e-05, 2.76130194834e-05, 5.32134254172e-05, 0.000162748037837, 5.41203298781e-05, 1.4154663404e-05, 6.96186107234e-05, 3.68050423276e-05, 9.02725605556e-06, 5.57449966436e-05, 3.68663531845e-05, 4.23039200541e-05, 9.12005543796e-06, 4.90707725476e-06, 4.1629653424e-05, 2.90635325655e-05, 7.7274207797e-06, 2.82142900687e-05, 3.98909978685e-05, 1.24148227769e-05, 3.90489685742e-06, 1.01612995422e-05, 5.63314779356e-06, 1.55989873747e-05, 9.5631548902e-06, 7.94607603893e-06, 6.65702782499e-06, 7.94176139607e-06, 3.59635623681e-06, 1.99366263587e-06, 6.9868783612e-06, 4.29963074566e-06, 4.57910800833e-06, 1.82368114565e-06, 2.10989901461e-06, 2.27868576985e-06, 2.35140441873e-06, 7.34614843623e-07, 6.9246249268e-07, 1.6280255295e-06, 1.17205468086e-06, 2.8446493161e-07, 2.79369288592e-07, 6.6411695343e-07, 2.88391049708e-07, 1.81222915785e-07, 2.27573991651e-07, 3.35794311468e-07, 9.16454609978e-08, 8.96759857483e-08, 1.47766101577e-07, 5.24425800563e-08, 3.16621964203e-08, 4.64702445413e-08, 1.48603449546e-08, 9.8642942703e-09, 8.55003445821e-09, 2.38312036771e-09, 6.81472600572e-10, 4.29478730357e-10, 5.14362580306e-11, 4.25710369734e-11, 2.86347074524e-11, 2.77644764818e-11, 3.0983139665e-11, 3.28155974616e-11, 5.35008634617e-11, 4.75542105693e-11, 6.30550472946e-11, 3.26991766997e-11, 2.32523236776e-11, 1.98066719276e-11, 1.91154210516e-11, 1.84508710394e-11, 1.78899169784e-11, 1.73884951576e-11, 1.68652192906e-11, 1.64128450414e-11, 1.60141882394e-11, 1.56758425685e-11, 1.53680210918e-11, 1.50527160181e-11, 1.48037866687e-11, 1.46490163749e-11, 1.44578619909e-11, 1.43699028371e-11, 1.42776459058e-11],
        "min": [1.11635587893e-23, 5.36156966184e-24, 3.19738301648e-24, 2.34525980539e-24, 3.27445275477e-24, 1.57092991526e-24, 8.53963308032e-24, 1.385850959e-23, 8.5393893223e-24, 4.10694319007e-24, 2.97354057918e-24, 1.01965547507e-24, 5.05745037224e-25, 2.16413221396e-24, 4.44844068151e-24, 1.86603193307e-24, 3.22572047792e-24, 4.364824581e-24, 2.98283099406e-24, 3.79006565306e-24, 3.50990288586e-24, 2.15395914261e-23, 1.84760169685e-23, 5.15533341666e-24, 3.24162766086e-24, 2.69167249192e-24, 1.31451580562e-24, 3.37110202072e-24, 3.36848497467e-24, 5.71683790367e-24, 7.08545556511e-24, 3.55585008928e-24, 2.90128782279e-24, 3.53557320857e-24, 9.48177754804e-24, 4.72627197031e-24, 4.42085066578e-24, 5.38995563823e-24, 2.17008929709e-24, 2.20685889274e-24, 1.82333601987e-24, 4.0795649835e-24, 4.4231214019e-24, 5.53581325859e-24, 2.16967258131e-24, 9.24695968896e-24, 2.75949737204e-24, 1.31341455579e-24, 3.01892571921e-24, 9.70720796234e-24, 4.45431453981e-24, 5.21588125214e-24, 2.33009553221e-24, 3.73909577225e-24, 1.02024871819e-23, 5.95043421164e-24, 4.27860168963e-24, 4.60532815505e-24, 6.78818358817e-24, 2.64680878895e-24, 2.67286663959e-24, 7.18259905242e-24, 5.28375129456e-24, 4.99828107119e-24, 7.33468985723e-24, 7.1829445735e-24, 6.22456653164e-24, 6.67932314983e-24, 4.51189941374e-24, 4.41788849308e-24, 5.60258520662e-24, 8.59847027094e-24, 5.49061626188e-24, 1.6256576336e-24, 4.13916460818e-24, 4.51617819529e-24, 8.5398089963e-24, 8.42985283017e-24, 7.8643752452e-24, 5.5345660695e-24, 4.603490898e-24, 1.2841640273e-23, 7.37131824678e-24, 1.04032349274e-23, 6.22728297417e-24, 8.59279047242e-24, 7.05489982681e-24, 4.49801743396e-24, 8.75501813986e-24, 8.53797805014e-24, 4.39243589598e-24, 5.75137975613e-24, 6.56654522824e-24, 3.95854504317e-24, 8.22754077356e-24, 7.37512923381e-24, 6.72824120342e-24, 7.62479424398e-24, 8.40666031956e-24, 1.07346062058e-23, 7.29771279115e-24, 6.49463187926e-24, 6.58317836042e-24, 5.42210566442e-24, 8.7397363264e-24, 7.27385605966e-24, 1.08193700989e-23, 9.64868552722e-24, 7.55454381379e-24, 9.77255246656e-24, 8.60269619881e-24, 1.13279392582e-23, 9.28364803194e-24, 7.32107648458e-24, 7.79108060078e-24, 9.52570763413e-24, 7.64335692994e-24, 6.33992284511e-24, 8.04355790007e-24, 7.72768458299e-24, 8.35347768391e-24, 1.00691775776e-23, 9.69491593171e-24, 8.71141858649e-24, 8.47881269339e-24, 8.67029763408e-24, 9.71980685986e-24, 7.10269848677e-24],
        "stdev": [6.11281802776e-06, 2.77681065199e-05, 9.93412904791e-05, 0.000137506605824, 0.000406454404583, 0.000579140265472, 0.000534598133527, 0.000511043821461, 0.000688166881446, 0.000660255842377, 0.000324971508235, 0.000657480675727, 0.000453402724816, 0.000320972205373, 0.000308729155222, 0.000505346804857, 0.0036239749752, 0.00255185784772, 0.000619979517069, 0.00050462881336, 0.00081226992188, 0.000730040424969, 0.000657940283418, 0.00109152926598, 0.000285851536319, 0.000469002348837, 0.000200928174309, 0.000242500260356, 0.00138245103881, 0.000471273757285, 0.000152790307766, 0.000170916086063, 4.48505343229e-05, 0.000124306287034, 0.000698967429344, 0.000324077002006, 0.000141557276947, 0.000436140224338, 7.88879697211e-05, 8.08224358479e-05, 0.000187032230315, 1.7590529751e-05, 0.000112756184535, 0.000223306138651, 0.000372179638362, 0.000112548776087, 5.0659160479e-05, 0.000110415916424, 4.87504221383e-05, 1.41679092849e-05, 9.24225751078e-05, 5.6414744904e-05, 0.000120359189168, 1.57719423441e-05, 7.35724324841e-06, 7.21529795555e-05, 4.58929753222e-05, 2.08433903026e-05, 4.31241023762e-05, 5.81650710956e-05, 2.49088152486e-05, 5.61411707167e-06, 1.59073697432e-05, 9.2344262157e-06, 2.42303613049e-05, 1.71071878867e-05, 1.62913274835e-05, 7.8943612607e-06, 8.93328069651e-06, 4.63447531729e-06, 2.09728386835e-06, 8.9112591013e-06, 4.93189054396e-06, 5.04240142618e-06, 1.84568023087e-06, 1.87368516436e-06, 2.83402232526e-06, 3.17882813761e-06, 1.050463311e-06, 7.5352568274e-07, 2.20746596824e-06, 1.77721040018e-06, 4.09475461538e-07, 5.33943932624e-07, 1.12226553028e-06, 4.81169024624e-07, 2.24416751848e-07, 3.3139465927e-07, 6.9448543627e-07, 1.45482147218e-07, 1.7653900386e-07, 3.02653091921e-07, 8.01537183293e-08, 5.46872307439e-08, 1.03556573094e-07, 2.35562840345e-08, 1.53213015608e-08, 1.83375981067e-08, 5.34154454002e-09, 1.1053409299e-09, 9.32370292084e-10, 5.17426101965e-10, 4.95960550406e-10, 4.72979988508e-10, 4.53500625941e-10, 4.35929459197e-10, 4.21828766362e-10, 3.9937844698e-10, 3.84617754312e-10, 3.6878422538e-10, 3.57036622489e-10, 3.46723538769e-10, 3.35080074798e-10, 3.25097421205e-10, 3.13155917864e-10, 3.03889163833e-10, 2.96267815836e-10, 2.87723650461e-10, 2.80039047507e-10, 2.73222888758e-10, 2.67570798851e-10, 2.6228283434e-10, 2.56824644884e-10, 2.52800169687e-10, 2.50199444496e-10, 2.46746095778e-10, 2.45501036167e-10, 2.43881526085e-10]
    },
    "mfcc": {
        "mean": [-662.989562988, 175.081100464, -57.6229171753, 38.223690033, -37.433216095, 8.99352741241, -19.5610618591, 7.1745800972, -13.6900291443, 3.93664908409, -14.0218629837, 3.53653168678, -10.2091579437],
        "cov": [[6123.11230469, 1183.9083252, -734.119567871, 321.924102783, -514.237365723, -29.6348991394, -191.635971069, 93.1283874512, -110.025527954, 45.6674461365, -113.086723328, 58.2869682312, -81.2774200439], [1183.9083252, 728.452148438, -330.053527832, 78.6012268066, -93.3415985107, -22.767364502, -15.5620708466, -8.1807308197, 31.9087581635, -12.1070613861, -3.11865115166, 11.6222763062, -22.4684581757], [-734.119567871, -330.053527832, 434.25491333, -11.6893787384, 97.9094619751, 49.3241615295, -4.84873723984, 2.35979247093, -29.3011665344, 4.82321548462, -16.6476402283, -3.53794765472, 8.94997882843], [321.924102783, 78.6012268066, -11.6893787384, 109.499298096, -13.7919025421, 18.4480457306, -15.4161901474, -6.07798337936, -18.2896823883, -0.0474501103163, 3.3363096714, -2.97930383682, -11.8142967224], [-514.237365723, -93.3415985107, 97.9094619751, -13.7919025421, 127.073219299, 35.7218055725, 30.1796474457, -4.86624717712, 12.6497774124, -1.50967931747, 13.2074584961, -9.32765388489, 0.351704806089], [-29.6348991394, -22.767364502, 49.3241615295, 18.4480457306, 35.7218055725, 75.9271850586, 15.277384758, 6.18789625168, -0.0538505725563, 3.8792784214, -0.909964263439, -6.64683580399, 0.928925275803], [-191.635971069, -15.5620708466, -4.84873723984, -15.4161901474, 30.1796474457, 15.277384758, 79.6229858398, 25.0008945465, 17.0583209991, -9.26377391815, 13.7015504837, -13.3310947418, -4.91390800476], [93.1283874512, -8.1807308197, 2.35979247093, -6.07798337936, -4.86624717712, 6.18789625168, 25.0008945465, 86.8750305176, 7.48823213577, -2.48350429535, -4.31155157089, -9.33490467072, -9.38435459137], [-110.025527954, 31.9087581635, -29.3011665344, -18.2896823883, 12.6497774124, -0.0538505725563, 17.0583209991, 7.48823213577, 68.9846725464, 12.1620979309, 3.75234627724, 1.1887267828, 0.94325530529], [45.6674461365, -12.1070613861, 4.82321548462, -0.0474501103163, -1.50967931747, 3.8792784214, -9.26377391815, -2.48350429535, 12.1620979309, 50.3647956848, 9.01107788086, -4.09321117401, -1.90472221375], [-113.086723328, -3.11865115166, -16.6476402283, 3.3363096714, 13.2074584961, -0.909964263439, 13.7015504837, -4.31155157089, 3.75234627724, 9.01107788086, 44.9965515137, 3.9983856678, -0.637371063232], [58.2869682312, 11.6222763062, -3.53794765472, -2.97930383682, -9.32765388489, -6.64683580399, -13.3310947418, -9.33490467072, 1.1887267828, -4.09321117401, 3.9983856678, 45.2964477539, 13.9091205597], [-81.2774200439, -22.4684581757, 8.94997882843, -11.8142967224, 0.351704806089, 0.928925275803, -4.91390800476, -9.38435459137, 0.94325530529, -1.90472221375, -0.637371063232, 13.9091205597, 41.3729400635]],
        "icov": [[0.00051682908088, -0.000467397039756, 0.000423877470894, -0.000737954804208, 0.00110394018702, -0.000576439779252, 0.000325527915265, -0.000734530040063, 0.000941950769629, -0.0010089983698, 0.00118195975665, -0.000871034921147, 0.000577787752263], [-0.000467397039756, 0.00288691278547, 0.0013326065382, -0.000909215188585, -0.000664827704895, 0.000204465744901, -3.66053136531e-05, 0.000882591179106, -0.00198352476582, 0.00153607747052, -0.000261503329966, 6.36724362266e-05, 0.000389098539017], [0.000423877470894, 0.0013326065382, 0.00485157547519, -0.00125558744185, -0.00173318525776, -0.00166493107099, 0.00120446505025, -0.00104236160405, 0.00202062865719, -0.00148664310109, 0.00334567506798, -0.00172709883191, 0.000624757551122], [-0.000737954804208, -0.000909215188585, -0.00125558744185, 0.0134125743061, -0.000178057118319, -0.00343635538593, 0.0020356529858, 0.00149572500959, 0.00145655090455, 0.00201679207385, -0.0045667886734, 0.00225095660426, 0.00205042283051], [0.00110394018702, -0.000664827704895, -0.00173318525776, -0.000178057118319, 0.0155702559277, -0.00565285747871, -0.00194380688481, 0.000880938547198, -0.00117278879043, 0.000300842744764, -0.00185760541353, 0.000182994088391, 0.0020456945058], [-0.000576439779252, 0.000204465744901, -0.00166493107099, -0.00343635538593, -0.00565285747871, 0.0186429210007, -0.00385242025368, -0.000215095962631, -0.000357220211299, -0.0018041835865, 0.00162040663417, 0.00135930406395, -0.00302629428916], [0.000325527915265, -3.66053136531e-05, 0.00120446505025, 0.0020356529858, -0.00194380688481, -0.00385242025368, 0.0201337542385, -0.00515135144815, -0.00321242585778, 0.00557350972667, -0.00626129936427, 0.00456070620567, 0.000966355844866], [-0.000734530040063, 0.000882591179106, -0.00104236160405, 0.00149572500959, 0.000880938547198, -0.000215095962631, -0.00515135144815, 0.0147482957691, -0.00246714171953, 0.00160345423501, 0.000168213548022, 0.00202939799055, 0.00187008967623], [0.000941950769629, -0.00198352476582, 0.00202062865719, 0.00145655090455, -0.00117278879043, -0.000357220211299, -0.00321242585778, -0.00246714171953, 0.0207365304232, -0.00831957440823, 0.0042444630526, -0.00398404011503, 0.000377923424821], [-0.0010089983698, 0.00153607747052, -0.00148664310109, 0.00201679207385, 0.000300842744764, -0.0018041835865, 0.00557350972667, 0.00160345423501, -0.00831957440823, 0.0268450137228, -0.0100323455408, 0.00622070534155, -7.17710645404e-06], [0.00118195975665, -0.000261503329966, 0.00334567506798, -0.0045667886734, -0.00185760541353, 0.00162040663417, -0.00626129936427, 0.000168213548022, 0.0042444630526, -0.0100323455408, 0.0316363461316, -0.00787064898759, 0.00200079125352], [-0.000871034921147, 6.36724362266e-05, -0.00172709883191, 0.00225095660426, 0.000182994088391, 0.00135930406395, 0.00456070620567, 0.00202939799055, -0.00398404011503, 0.00622070534155, -0.00787064898759, 0.029416564852, -0.00932381954044], [0.000577787752263, 0.000389098539017, 0.000624757551122, 0.00205042283051, 0.0020456945058, -0.00302629428916, 0.000966355844866, 0.00187008967623, 0.000377923424821, -7.17710645404e-06, 0.00200079125352, -0.00932381954044, 0.0297130774707]]
    },
    "spectral_contrast_coeffs": {
        "max": [-0.514752447605, -0.495700120926, -0.572896957397, -0.582452297211, -0.66151702404, -0.470362603664],
        "mean": [-0.698685348034, -0.695531070232, -0.704034984112, -0.75665974617, -0.759403288364, -0.604467272758],
        "min": [-0.968832492828, -0.978252828121, -0.958794176579, -0.968613743782, -0.96161198616, -0.9640391469],
        "stdev": [0.0613203756511, 0.0806676074862, 0.0676175430417, 0.0530001930892, 0.044488415122, 0.0553136132658]
    },
    "spectral_contrast_valleys": {
        "max": [-5.94203805923, -5.37826490402, -5.79737567902, -6.32525444031, -6.38646745682, -10.7938537598],
        "mean": [-7.06370210648, -6.48592329025, -7.17384815216, -7.621073246, -7.85208463669, -13.1317663193],
        "min": [-27.4357948303, -27.2027225494, -27.3839550018, -27.2298126221, -27.2831287384, -27.3573951721],
        "stdev": [1.73436582088, 1.75394761562, 1.70581054688, 1.63741922379, 1.62803399563, 1.19159829617]
    }
},
"rhythm": {
    "beats_count": 18,
    "beats_loudness": {
        "max": 0.0702459961176,
        "mean": 0.0355068445206,
        "min": 0.017739225179,
        "stdev": 0.0132115073502
    },
    "bpm": 85.7944793701,
    "bpm_histogram_first_peak_bpm": 86,
    "bpm_histogram_first_peak_weight": 0.3125,
    "bpm_histogram_second_peak_bpm": 81,
    "bpm_histogram_second_peak_spread": 0,
    "bpm_histogram_second_peak_weight": 0.0588235296309,
    "danceability": 1.04587459564,
    "onset_rate": 2.03771901131,
    "beats_loudness_band_ratio": {
        "max": [0.399899542332, 0.354078412056, 0.650982618332, 0.443009138107, 0.142565995455, 0.0538735352457],
        "mean": [0.189267382026, 0.195593133569, 0.378638505936, 0.231517210603, 0.0737605318427, 0.0193259362131],
        "min": [0.0464766547084, 0.0628543570638, 0.153981611133, 0.0693652406335, 0.0316702350974, 0.00669201556593],
        "stdev": [0.117141358554, 0.0731654763222, 0.158272013068, 0.0919672623277, 0.0318453870714, 0.0118632446975]
    },
    "beats_position": [0.743038535118, 1.48607707024, 2.18267560005, 2.86766433716, 3.55265307426, 4.2492518425, 4.94585037231, 5.64244890213, 6.35065746307, 7.05886602402, 7.75546455383, 8.45206356049, 9.16027164459, 9.85687065125, 10.5418596268, 11.2384576797, 11.9582767487, 12.6780948639],
