{
"metadata": {
    "version": {
        "essentia": "2.1-beta5",
        "essentia_git_sha": "Undefined",
        "extractor": "music 2.0"
    },
    "audio_properties": {
        "analysis": {
            "equal_loudness": 0,
            "length": 32.4963264465,
            "sample_rate": 44100,
            "start_time": 93.9943771362,
            "downmix": "mix"
        },
        "bit_rate": 192000,
        "length": 168.379516602,
        "lossless": 0,
        "number_channels": 1,
        "replay_gain": -6.68381690979,
        "sample_rate": 48000,
        "codec": "mp3",
        "md5_encoded": "3deba96b0c77fe7e7f7dc829a55592ea"
    },
    "tags": {
        "file_name": "Turkey_Şarkım sevgi üstüne_Seyyal Tanner _ Lokomotif.mp3",
        "encoding": ["Lavf58.29.100"]
    }
},
"lowlevel": {
    "average_loudness": 0.924578011036,
    "barkbands_crest": {
        "max": 23.7139492035,
        "mean": 9.82093143463,
        "min": 3.29711055756,
        "stdev": 3.97221422195
    },
    "barkbands_flatness_db": {
        "max": 0.343202024698,
        "mean": 0.200814247131,
        "min": 0.0670091807842,
        "stdev": 0.0324759148061
    },
    "barkbands_kurtosis": {
        "max": 35.1492347717,
        "mean": 2.18306684494,
        "min": -1.64756524563,
        "stdev": 3.64454698563
    },
    "barkbands_skewness": {
        "max": 4.98932886124,
        "mean": 1.23505377769,
        "min": -2.14245867729,
        "stdev": 0.808393836021
    },
    "barkbands_spread": {
        "max": 33.6424179077,
        "mean": 13.9698266983,
        "min": 1.82604086399,
        "stdev": 5.50303173065
    },
    "dissonance": {
        "max": 0.499972194433,
        "mean": 0.454744249582,
        "min": 0.282315045595,
        "stdev": 0.0305439643562
    },
    "dynamic_complexity": 2.39936637878,
    "erbbands_crest": {
        "max": 29.7547950745,
        "mean": 9.66864013672,
        "min": 2.86529254913,
        "stdev": 4.46383571625
    },
    "erbbands_flatness_db": {
        "max": 0.37520557642,
        "mean": 0.253388524055,
        "min": 0.128894358873,
        "stdev": 0.0342256166041
    },
    "erbbands_kurtosis": {
        "max": 17.138961792,
        "mean": -0.0598116032779,
        "min": -1.73608505726,
        "stdev": 1.69472801685
    },
    "erbbands_skewness": {
        "max": 3.42325425148,
        "mean": 0.341518670321,
        "min": -2.2358777523,
        "stdev": 0.636945545673
    },
    "erbbands_spread": {
        "max": 70.0249862671,
        "mean": 28.1984081268,
        "min": 3.22212290764,
        "stdev": 10.7421369553
    },
    "hfc": {
        "max": 93.9752349854,
        "mean": 15.1722698212,
        "min": 0.195996940136,
        "stdev": 12.321190834
    },
    "loudness_ebu128": {
        "integrated": -21.1182003021,
        "loudness_range": 3.08463287354,
        "momentary": {
            "max": -17.1009159088,
            "mean": -21.5624713898,
            "min": -28.2693119049,
            "stdev": 2.00851583481
        },
        "short_term": {
            "max": -19.0150260925,
            "mean": -21.0939464569,
            "min": -22.729347229,
            "stdev": 0.940625965595
        }
    },
    "melbands_crest": {
        "max": 28.6721630096,
        "mean": 11.6259117126,
        "min": 4.42918777466,
        "stdev": 4.20120620728
    },
    "melbands_flatness_db": {
        "max": 0.391785115004,
        "mean": 0.237228229642,
        "min": 0.135000228882,
        "stdev": 0.0364105515182
    },
    "melbands_kurtosis": {
        "max": 46.1624603271,
        "mean": 5.80197620392,
        "min": -1.4413421154,
        "stdev": 6.15916204453
    },
    "melbands_skewness": {
        "max": 5.61493873596,
        "mean": 1.8278118372,
        "min": -1.64899551868,
        "stdev": 0.984102129936
    },
    "melbands_spread": {
        "max": 48.4941329956,
        "mean": 18.1689033508,
        "min": 2.09508013725,
        "stdev": 7.80080318451
    },
    "pitch_salience": {
        "max": 0.840968668461,
        "mean": 0.593984007835,
        "min": 0.241235613823,
        "stdev": 0.0954525917768
    },
    "silence_rate_20dB": {
        "max": 1,
        "mean": 1,
        "min": 1,
        "stdev": 0
    },
    "silence_rate_30dB": {
        "max": 1,
        "mean": 0.997858643532,
        "min": 0,
        "stdev": 0.0462246835232
    },
    "silence_rate_60dB": {
        "max": 1,
        "mean": 0.0121341897175,
        "min": 0,
        "stdev": 0.109483785927
    },
    "spectral_centroid": {
        "max": 2097.02880859,
        "mean": 1032.46325684,
        "min": 306.215606689,
        "stdev": 302.01461792
    },
    "spectral_complexity": {
        "max": 38,
        "mean": 18.0135612488,
        "min": 0,
        "stdev": 5.59383487701
    },
    "spectral_decrease": {
        "max": -4.61329238699e-11,
        "mean": -5.46665335222e-09,
        "min": -4.33961453439e-08,
        "stdev": 4.29322755124e-09
    },
    "spectral_energy": {
        "max": 0.171231597662,
        "mean": 0.0220086164773,
        "min": 0.000191893952433,
        "stdev": 0.0172172859311
    },
    "spectral_energyband_high": {
        "max": 0.000598907994572,
        "mean": 7.54200227675e-05,
        "min": 2.89750846605e-06,
        "stdev": 6.52146773064e-05
    },
    "spectral_energyband_low": {
        "max": 0.0099066356197,
        "mean": 0.00142573483754,
        "min": 2.88258088403e-05,
        "stdev": 0.00118359108455
    },
    "spectral_energyband_middle_high": {
        "max": 0.0424126200378,
        "mean": 0.0048386529088,
        "min": 7.12677428965e-05,
        "stdev": 0.00487448740751
    },
    "spectral_energyband_middle_low": {
        "max": 0.15560951829,
        "mean": 0.0161480568349,
        "min": 9.95723967208e-05,
        "stdev": 0.0151948928833
    },
    "spectral_entropy": {
        "max": 8.59924602509,
        "mean": 7.15027856827,
        "min": 5.81835889816,
        "stdev": 0.258993685246
    },
    "spectral_flux": {
        "max": 0.308334410191,
        "mean": 0.0754526183009,
        "min": 0.0152707360685,
        "stdev": 0.0356541201472
    },
    "spectral_kurtosis": {
        "max": 38.8692550659,
        "mean": 7.15047645569,
        "min": -0.777667999268,
        "stdev": 5.05079078674
    },
    "spectral_rms": {
        "max": 0.0129249840975,
        "mean": 0.00434734160081,
        "min": 0.000432681874372,
        "stdev": 0.00160388660152
    },
    "spectral_rolloff": {
        "max": 2950.04882812,
        "mean": 1170.50512695,
        "min": 279.931640625,
        "stdev": 514.37512207
    },
    "spectral_skewness": {
        "max": 4.54845142365,
        "mean": 1.51862478256,
        "min": 0.0625379085541,
        "stdev": 0.538610041142
    },
    "spectral_spread": {
        "max": 19863520,
        "mean": 2382848.5,
        "min": 1529062.875,
        "stdev": 604058.8125
    },
    "spectral_strongpeak": {
        "max": 8.45464801788,
        "mean": 1.2841629982,
        "min": 0.0100866639987,
        "stdev": 1.2230629921
    },
    "zerocrossingrate": {
        "max": 0.08349609375,
        "mean": 0.0425362326205,
        "min": 0.01171875,
        "stdev": 0.0104774525389
    },
    "barkbands": {
        "max": [6.6387692641e-05, 0.00190444174223, 0.00684770056978, 0.00818410888314, 0.0502124875784, 0.140479922295, 0.0723893642426, 0.0400312319398, 0.0803570896387, 0.0228179711848, 0.025385370478, 0.0298629384488, 0.0119325835258, 0.0369150713086, 0.0258180443197, 0.00539372116327, 0.00837479066104, 0.00190204137471, 0.00283609470353, 0.000617660582066, 0.000344636908267, 5.0586542784e-05, 1.5656612959e-05, 5.58841784368e-05, 9.3907392511e-06, 2.25269701559e-07, 2.42359107006e-07],
        "mean": [1.28750243675e-05, 0.000246531708399, 0.000745933037251, 0.000997668947093, 0.00387931196019, 0.00385441677645, 0.00237510283478, 0.00146819965448, 0.00338165834546, 0.000719026080333, 0.000517680018675, 0.000763592426665, 0.000426175392931, 0.000765993027017, 0.000449786050012, 0.00045627207146, 0.000421881122747, 0.000250335113378, 0.000150086765643, 8.33924932522e-05, 3.4688229789e-05, 4.91051241625e-06, 9.98973746391e-07, 1.87843522781e-06, 2.15716113416e-07, 1.40510014734e-09, 1.30892052752e-09],
        "min": [9.44901188404e-08, 3.28934106619e-06, 4.04212823923e-06, 1.2119546227e-05, 2.97090700769e-05, 7.89781006461e-06, 8.36193248688e-06, 6.21174240223e-06, 9.21772880247e-06, 3.63572962669e-06, 2.59512466982e-06, 4.17124056185e-06, 2.59483908849e-06, 3.21950278703e-06, 6.33179809029e-07, 1.20135530324e-06, 1.66930908563e-06, 1.63315428381e-06, 1.29910472424e-06, 1.17723982385e-06, 8.33059630168e-07, 1.56255367756e-07, 2.23609589511e-07, 2.37719049778e-07, 2.81406045133e-08, 9.45516026585e-11, 7.20441276081e-11],
        "stdev": [9.8834552773e-06, 0.000214902305743, 0.000736588321161, 0.000952366855927, 0.00503604114056, 0.00744479522109, 0.00489233108237, 0.00313613610342, 0.00763545045629, 0.00146188295912, 0.00111540022772, 0.00203074398451, 0.000895667937584, 0.00207836297341, 0.00110516604036, 0.000590722716879, 0.000658221833874, 0.000270491553238, 0.000174511020305, 7.56092485972e-05, 3.19303144352e-05, 5.09966776008e-06, 8.87181840881e-07, 3.43693682225e-06, 3.78914052135e-07, 9.76709113587e-09, 1.04816919588e-08]
    },
    "erbbands": {
        "max": [0.0451301671565, 0.528396427631, 4.93147420883, 15.7228879929, 65.7336654663, 220.05329895, 1181.95117188, 715.199768066, 672.146362305, 1976.27954102, 829.438781738, 2062.60180664, 2398.70361328, 611.960998535, 981.363342285, 939.47857666, 412.453125, 2065.0390625, 983.895019531, 652.725952148, 223.848495483, 587.945678711, 132.145843506, 127.912734985, 81.4880371094, 28.6142711639, 20.6197395325, 7.3615489006, 2.81551718712, 0.40384298563, 0.642217159271, 1.25456571579, 1.13707876205, 0.190340146422, 0.00686916708946, 0.000912766961847, 0.000417700124672, 0.000150064559421, 8.38433479657e-05, 0.000193894506083],
        "mean": [0.00713928230107, 0.0656509399414, 0.635464012623, 2.32276844978, 6.87414073944, 13.0690469742, 25.5301189423, 32.178150177, 33.8666992188, 34.840927124, 39.2530937195, 72.7909317017, 43.1766777039, 20.9410152435, 25.2965259552, 28.4867229462, 22.0260734558, 31.3108348846, 26.8435668945, 29.9083080292, 25.0538711548, 23.3982791901, 15.5172252655, 10.1625509262, 6.13119792938, 3.89794182777, 2.06951665878, 0.860173225403, 0.225669667125, 0.0458529777825, 0.0308528058231, 0.0408638231456, 0.0276655163616, 0.00572000909597, 0.000200532915187, 2.81654338323e-05, 1.16717656056e-05, 3.48625712832e-06, 1.15663633551e-05, 2.55793693213e-05],
        "min": [5.26495350641e-05, 0.0010585533455, 0.00700549362227, 0.041306219995, 0.126305371523, 0.0813864693046, 0.0285360477865, 0.0796210691333, 0.121358297765, 0.103226646781, 0.229786157608, 0.227412611246, 0.330954432487, 0.179889887571, 0.221272587776, 0.15629850328, 0.253356486559, 0.169020220637, 0.0756609290838, 0.0509710274637, 0.0703347250819, 0.103651091456, 0.0886585786939, 0.0578989759088, 0.0669328197837, 0.0567516386509, 0.0432551316917, 0.0237627159804, 0.0122557571158, 0.0039753713645, 0.00661256629974, 0.00336409034207, 0.00401963433251, 0.000912775634788, 3.3304473618e-05, 4.99349926031e-06, 1.29524778458e-06, 3.1171663295e-07, 7.55032090183e-07, 1.61980153734e-06],
        "stdev": [0.00498612644151, 0.0610432401299, 0.604522824287, 2.0847890377, 6.71423149109, 19.9789676666, 47.7612991333, 61.9759521484, 61.0060882568, 95.3645782471, 72.371421814, 172.896636963, 121.517250061, 35.4465484619, 50.5410461426, 74.7458572388, 37.9064254761, 109.562179565, 56.8295173645, 50.9449195862, 30.9391040802, 34.7397918701, 16.3130283356, 10.7645435333, 5.85543870926, 3.50064587593, 1.92962777615, 0.794360637665, 0.231601700187, 0.0406256914139, 0.0306919608265, 0.0698832944036, 0.0568623431027, 0.00922002829611, 0.000338537793141, 4.31912412751e-05, 1.91231902136e-05, 6.73510112392e-06, 8.82536187419e-06, 1.98404140974e-05]
    },
    "gfcc": {
        "mean": [-64.0290222168, 178.927703857, -177.997528076, 30.8898601532, -55.1250953674, -21.0441818237, -29.2145519257, -13.2409734726, -9.59427928925, -23.4143505096, 5.06707811356, -26.8252391815, 9.21290302277],
        "cov": [[1048.32971191, -0.0367724597454, -253.448120117, -85.1670761108, 54.8809089661, -193.088912964, -15.0296859741, -1.24590015411, 36.4796104431, 7.50825691223, -56.516204834, -18.1283569336, -22.1605854034], [-0.0367724597454, 160.479904175, 35.7568206787, -87.0748443604, 19.8091316223, -41.8209724426, 31.2429714203, -3.71740794182, 25.4982089996, -13.0432195663, 4.48617172241, 2.0367937088, -13.7137136459], [-253.448120117, 35.7568206787, 228.547683716, 66.6636810303, -64.8541412354, 36.7580833435, -23.7864456177, -1.40917026997, -18.0195808411, -16.8017654419, 18.8777141571, 10.0918359756, 4.8583612442], [-85.1670761108, -87.0748443604, 66.6636810303, 247.959243774, -7.51793718338, 18.0344753265, -67.4453659058, -6.82516670227, -15.3344182968, -11.9244737625, -11.8077497482, -1.29444515705, 23.3467235565], [54.8809089661, 19.8091316223, -64.8541412354, -7.51793718338, 123.114456177, -12.4812431335, -13.826169014, -9.76811885834, 6.19435548782, -6.1322145462, -19.5684566498, -2.09977006912, -4.10287284851], [-193.088912964, -41.8209724426, 36.7580833435, 18.0344753265, -12.4812431335, 183.765579224, 68.8291473389, -6.64071083069, -51.3843650818, 2.08480215073, 16.6506900787, -28.6204605103, -12.3453807831], [-15.0296859741, 31.2429714203, -23.7864456177, -67.4453659058, -13.826169014, 68.8291473389, 134.59677124, 9.96694374084, -36.4126853943, 2.89951562881, 8.49198913574, -20.8371944427, -27.1462020874], [-1.24590015411, -3.71740794182, -1.40917026997, -6.82516670227, -9.76811885834, -6.64071083069, 9.96694374084, 72.1418075562, 35.5870628357, -6.96272659302, -11.2727069855, -5.32250404358, -1.26641666889], [36.4796104431, 25.4982089996, -18.0195808411, -15.3344182968, 6.19435548782, -51.3843650818, -36.4126853943, 35.5870628357, 90.071937561, 17.5458145142, -23.2740726471, 2.2108631134, 7.97989749908], [7.50825691223, -13.0432195663, -16.8017654419, -11.9244737625, -6.1322145462, 2.08480215073, 2.89951562881, -6.96272659302, 17.5458145142, 52.1160316467, 19.8497428894, -4.38158082962, -4.72845411301], [-56.516204834, 4.48617172241, 18.8777141571, -11.8077497482, -19.5684566498, 16.6506900787, 8.49198913574, -11.2727069855, -23.2740726471, 19.8497428894, 72.9620056152, 30.4991378784, -6.82322454453], [-18.1283569336, 2.0367937088, 10.0918359756, -1.29444515705, -2.09977006912, -28.6204605103, -20.8371944427, -5.32250404358, 2.2108631134, -4.38158082962, 30.4991378784, 67.6837692261, 24.5517292023], [-22.1605854034, -13.7137136459, 4.8583612442, 23.3467235565, -4.10287284851, -12.3453807831, -27.1462020874, -1.26641666889, 7.97989749908, -4.72845411301, -6.82322454453, 24.5517292023, 55.491153717]],
        "icov": [[0.0016966140829, -0.000281923799776, 0.00178904656786, -2.20112724492e-05, 0.00053861917695, 0.00157201848924, 0.000234980136156, -0.000145237252582, 0.00107021862641, -0.000488233490614, 0.00114567705896, 3.12635165756e-05, 0.000893233343959], [-0.000281923799776, 0.0223005544394, -0.0100096175447, 0.00526253366843, -0.00849282927811, 0.0084678074345, -0.0145050827414, 0.0131144663319, -0.0200548265129, 0.0176311917603, -0.0144544420764, 0.0102793760598, -0.00341877201572], [0.00178904656786, -0.0100096175447, 0.0125005142763, -0.00337254884653, 0.00757935410365, -0.00382539792918, 0.00833131745458, -0.00547484634444, 0.00928202737123, -0.00522304140031, 0.00611969456077, -0.00503810215741, 0.00342700001784], [-2.20112724492e-05, 0.00526253366843, -0.00337254884653, 0.00703841773793, -0.00192498543765, 0.000787980039604, 0.000616313074715, 0.0015946367057, -0.00157777476124, 0.00287833577022, -0.00139807467349, 0.00260240072384, -0.00185453193262], [0.00053861917695, -0.00849282927811, 0.00757935410365, -0.00192498543765, 0.0141096757725, -0.00398894771934, 0.00766659760848, -0.00318433530629, 0.00749419396743, -0.00516130076721, 0.00864974688739, -0.00593035062775, 0.00426608230919], [0.00157201848924, 0.0084678074345, -0.00382539792918, 0.000787980039604, -0.00398894771934, 0.0139054497704, -0.0100223300979, 0.00473469309509, -0.00437166541815, 0.0057637556456, -0.00740453414619, 0.00870434846729, -0.00291416421533], [0.000234980136156, -0.0145050827414, 0.00833131745458, 0.000616313074715, 0.00766659760848, -0.0100223300979, 0.0248250011355, -0.0141140939668, 0.021072935313, -0.0149785801768, 0.0131159247831, -0.00815916713327, 0.00659579457715], [-0.000145237252582, 0.0131144663319, -0.00547484634444, 0.0015946367057, -0.00318433530629, 0.00473469309509, -0.0141140939668, 0.0302892960608, -0.0266896300018, 0.0207509230822, -0.0132204173133, 0.00947430264205, -0.00261511700228], [0.00107021862641, -0.0200548265129, 0.00928202737123, -0.00157777476124, 0.00749419396743, -0.00437166541815, 0.021072935313, -0.0266896300018, 0.047345045954, -0.0332456566393, 0.0269070956856, -0.015422702767, 0.0050944481045], [-0.000488233490614, 0.0176311917603, -0.00522304140031, 0.00287833577022, -0.00516130076721, 0.0057637556456, -0.0149785801768, 0.0207509230822, -0.0332456566393, 0.0491385944188, -0.0300176218152, 0.0193830896169, -0.00584356533363], [0.00114567705896, -0.0144544420764, 0.00611969456077, -0.00139807467349, 0.00864974688739, -0.00740453414619, 0.0131159247831, -0.0132204173133, 0.0269070956856, -0.0300176218152, 0.0434288755059, -0.0271597784013, 0.0129740908742], [3.12635165756e-05, 0.0102793760598, -0.00503810215741, 0.00260240072384, -0.00593035062775, 0.00870434846729, -0.00815916713327, 0.00947430264205, -0.015422702767, 0.0193830896169, -0.0271597784013, 0.0368626862764, -0.0161579027772], [0.000893233343959, -0.00341877201572, 0.00342700001784, -0.00185453193262, 0.00426608230919, -0.00291416421533, 0.00659579457715, -0.00261511700228, 0.0050944481045, -0.00584356533363, 0.0129740908742, -0.0161579027772, 0.0283607225865]]
    },
    "melbands": {
        "max": [0.000495546264574, 0.00191460060887, 0.00406398205087, 0.00815151631832, 0.0311178509146, 0.0161822866648, 0.00880812108517, 0.0184480566531, 0.00885087065399, 0.0130030522123, 0.0116528514773, 0.00274946563877, 0.00415789242834, 0.00383345759474, 0.0016482763458, 0.00163668149617, 0.00367760215886, 0.00190893339459, 0.00241142464802, 0.000539628439583, 0.000321286148392, 0.000666022766382, 0.000330469716573, 0.000137755530886, 0.000116944451293, 9.86358791124e-05, 3.082537296e-05, 1.87439545698e-05, 1.48491753862e-05, 7.6143401202e-06, 4.15915746999e-06, 1.71336455423e-06, 5.48663990685e-07, 1.10107876594e-07, 3.5160707057e-07, 4.37550681909e-07, 9.4394425787e-07, 1.07283892703e-06, 3.22701055211e-07, 9.70841753656e-08],
        "mean": [6.3960251282e-05, 0.000259671971435, 0.000530598277692, 0.000714343739673, 0.000867542228661, 0.000723084725905, 0.000514287268743, 0.000374489551177, 0.000355601485353, 0.000460004492197, 0.000206844415516, 8.39937056298e-05, 8.17502004793e-05, 9.27528599277e-05, 6.17743571638e-05, 4.11507644458e-05, 6.02085601713e-05, 4.74238186143e-05, 3.6934914533e-05, 3.15813122143e-05, 3.02063799609e-05, 2.32944712479e-05, 1.94529748114e-05, 1.23735107991e-05, 7.71041413827e-06, 5.55530505153e-06, 3.51751896233e-06, 2.27743703363e-06, 1.46180389038e-06, 7.71421525769e-07, 3.89673630252e-07, 1.37036280989e-07, 4.70268517461e-08, 1.52372745532e-08, 1.54667372243e-08, 2.21125446842e-08, 2.63477328843e-08, 2.15902868916e-08, 1.2208317024e-08, 2.06378758527e-09],
        "min": [6.74985756177e-07, 4.80565449834e-06, 1.22736300909e-05, 7.97274606157e-06, 1.20417075777e-06, 1.7664791585e-06, 1.83363556516e-06, 7.25663483081e-07, 1.83309589374e-06, 1.35311881877e-06, 1.2510470242e-06, 5.81806830269e-07, 6.01949466272e-07, 4.69371741474e-07, 3.72242112689e-07, 3.88489098668e-07, 3.05118305732e-07, 1.06872327876e-07, 4.830735989e-08, 7.11926162467e-08, 7.78348976382e-08, 9.75234257794e-08, 8.62471907226e-08, 5.64769386813e-08, 4.66452974024e-08, 4.31659401556e-08, 4.7337739062e-08, 3.0477334434e-08, 2.35389077119e-08, 1.74437637668e-08, 9.1799661206e-09, 4.50056703016e-09, 4.15225021033e-10, 8.98504604052e-10, 2.88221224665e-09, 2.62907984272e-09, 1.73139846904e-09, 3.02149039122e-09, 1.63639879425e-09, 2.26054494568e-10],
        "stdev": [5.15034989803e-05, 0.000232382226386, 0.000431268912507, 0.00084652757505, 0.00144366826862, 0.00137497880496, 0.000936963013373, 0.000942023005337, 0.000684594269842, 0.0011067672167, 0.000604862521868, 0.000157608359586, 0.000175453125848, 0.000269996264251, 0.000141619413625, 9.81481643976e-05, 0.000206963450182, 0.000104442638985, 9.13915573619e-05, 4.9900932936e-05, 4.20418473368e-05, 3.71939313482e-05, 2.91342603305e-05, 1.47611690409e-05, 9.01342809811e-06, 6.44713009024e-06, 3.42661269315e-06, 2.27369855565e-06, 1.53289727223e-06, 7.49868092953e-07, 3.88937792195e-07, 1.49860824195e-07, 5.4232408786e-08, 1.18601795052e-08, 1.47957068819e-08, 2.82284400299e-08, 5.07804536198e-08, 5.00681558435e-08, 1.87897271076e-08, 4.00505140163e-09]
    },
    "melbands128": {
        "max": [5.21297915839e-05, 0.000256442988757, 0.000843032088596, 0.00105611677282, 0.00223724381067, 0.00403973087668, 0.00348871666938, 0.00514997309074, 0.00851064920425, 0.00877811666578, 0.0158487726003, 0.0201091319323, 0.0477462187409, 0.0575186163187, 0.0165220089257, 0.0299771018326, 0.0221434868872, 0.0148599548265, 0.0187008585781, 0.0363871976733, 0.0132049489766, 0.015510068275, 0.0112635213882, 0.0178293269128, 0.0236162934452, 0.0274022445083, 0.0320991389453, 0.00981064606458, 0.00318630598485, 0.00550285400823, 0.00207172054797, 0.00178909418173, 0.00860908906907, 0.0025571086444, 0.00626927847043, 0.00567504484206, 0.00466606812552, 0.00308661349118, 0.00288771907799, 0.00211970484816, 0.00205958471633, 0.00652503361925, 0.00703936396167, 0.0021247942932, 0.00239491509274, 0.00414132280275, 0.00251821544953, 0.00554667692631, 0.00189322372898, 0.00130616337992, 0.000801155052613, 0.000745311263017, 0.000516625528689, 0.000680075259879, 0.00043489728705, 0.00108052184805, 0.000962562742643, 0.000790628604591, 0.000215932261199, 0.000296133250231, 0.000306273897877, 0.000260119937593, 0.000252328027273, 0.000113481786684, 0.000323837884935, 0.000134470974444, 6.0455800849e-05, 4.8228790547e-05, 4.97837063449e-05, 2.82159453491e-05, 2.53771813732e-05, 3.4148877603e-05, 2.68327039521e-05, 2.10610505746e-05, 1.21003695313e-05, 1.02829981188e-05, 1.04245409602e-05, 7.0446335485e-06, 4.88208115712e-06, 2.51456390288e-06, 1.31478645926e-06, 2.21390837396e-06, 1.11703411676e-06, 5.18613092026e-07, 4.04728240255e-07, 1.61743116678e-07, 1.16910754855e-07, 1.13558101589e-07, 2.98579777791e-07, 7.04316732936e-07, 3.71619250927e-07, 4.14708523522e-07, 9.12127461561e-07, 1.74098340722e-06, 7.91920967913e-07, 1.03466572909e-06, 1.73370779066e-06, 4.73870642281e-07, 2.53762806324e-07, 4.40042128957e-07, 1.06581993009e-07, 6.31415346675e-08, 1.04955706348e-08, 2.06404138225e-09, 1.91597293586e-09, 1.81324200099e-09, 1.76782344319e-09, 1.63818880683e-09, 1.54897228377e-09, 1.49493162294e-09, 1.42657385904e-09, 1.36751676649e-09, 1.31613064891e-09, 1.26248556054e-09, 1.24293697557e-09, 1.20907717172e-09, 1.1621402729e-09, 1.1301728442e-09, 1.0961813679e-09, 1.07753095335e-09, 1.0523781846e-09, 1.03170172405e-09, 1.01079489223e-09, 9.80710290754e-10, 9.67451230238e-10, 9.63928159514e-10, 9.55424517279e-10, 9.48596090566e-10],
        "mean": [1.06513025457e-05, 5.57385210413e-05, 7.74964209995e-05, 9.63432321441e-05, 0.000234535618802, 0.000406507460866, 0.000430997199146, 0.000542894704267, 0.000714065507054, 0.000715899921488, 0.000671537243761, 0.000906014931388, 0.000848107272759, 0.000953748065513, 0.000736039248295, 0.000641861115582, 0.00049816275714, 0.000571744109038, 0.000385373306926, 0.000422347482527, 0.000319022190524, 0.000374983617803, 0.000215927968384, 0.000529782788362, 0.000592138560023, 0.000332205934683, 0.000439069437562, 0.00011189434008, 0.000132929300889, 9.70237379079e-05, 5.42648667761e-05, 7.8011151345e-05, 0.00010843333439, 4.15129106841e-05, 0.000122303288663, 0.000107867694169, 4.44273282483e-05, 7.01706303516e-05, 6.72160822432e-05, 3.95446913899e-05, 1.83420143003e-05, 6.73965623719e-05, 6.88100626576e-05, 3.96273062506e-05, 8.48845083965e-05, 3.91885878344e-05, 2.06717231777e-05, 3.22156774928e-05, 4.15944414272e-05, 5.95620513195e-05, 1.98335037567e-05, 1.65939381986e-05, 3.69555891666e-05, 3.55306365236e-05, 1.81416526175e-05, 2.06865024666e-05, 2.77823091892e-05, 2.78847928712e-05, 1.30403786898e-05, 9.77785930445e-06, 1.44712439578e-05, 1.31891792989e-05, 6.52529843137e-06, 5.7520583141e-06, 1.02693984445e-05, 5.11886446475e-06, 3.26713120558e-06, 3.90656396121e-06, 3.45367493537e-06, 3.26986355503e-06, 2.31041667575e-06, 1.88100091236e-06, 1.54339954861e-06, 1.59782302944e-06, 1.03272373053e-06, 8.12211112589e-07, 6.35720539321e-07, 5.48544562662e-07, 3.66719064004e-07, 2.35137008531e-07, 1.5272880205e-07, 9.78179741651e-08, 7.6291513551e-08, 4.29709601235e-08, 2.34944650401e-08, 1.48535859168e-08, 1.30528627906e-08, 1.35382824951e-08, 1.46261429634e-08, 1.7225707083e-08, 2.06802042158e-08, 2.28801475544e-08, 2.5610718879e-08, 2.75839688868e-08, 2.65272124267e-08, 2.35517418901e-08, 2.13841406804e-08, 1.75167755856e-08, 1.39662859056e-08, 9.02662300462e-09, 4.09942879642e-09, 4.04615646543e-10, 4.40607689223e-11, 1.16643890727e-11, 1.09957676644e-11, 1.25706355047e-11, 1.44988274858e-11, 1.60765931817e-11, 9.29311662345e-12, 8.05060185183e-12, 7.76147635745e-12, 7.56032649679e-12, 7.37052606448e-12, 7.12733821615e-12, 6.93027926713e-12, 6.78853457822e-12, 6.56969791069e-12, 6.15135329826e-12, 5.95233974957e-12, 5.81977304889e-12, 5.66076742772e-12, 5.55172574579e-12, 5.44661798302e-12, 5.34305759359e-12, 5.1591482822e-12, 4.89765563175e-12, 4.75980452969e-12, 4.71957282283e-12],
        "min": [9.34720212342e-09, 2.36124790831e-07, 7.34662648938e-07, 8.41824771669e-07, 1.26210250073e-06, 2.14115016206e-06, 2.53102098213e-06, 6.60281921228e-06, 6.61907915855e-06, 5.25114182892e-06, 1.9189815248e-06, 8.8412639343e-07, 5.67124288864e-07, 1.35119603328e-06, 1.45794035689e-06, 6.88681836891e-07, 1.0728979305e-06, 8.35995592752e-07, 5.44328202068e-07, 2.45547113309e-07, 6.72468615903e-07, 3.73784160956e-07, 4.37584077417e-07, 7.52502728574e-07, 7.57765974413e-07, 3.12444427664e-07, 3.31512353569e-07, 4.85898397073e-07, 3.48857497556e-07, 1.3765529161e-07, 1.4245168245e-07, 3.14121024303e-07, 2.14797978515e-07, 2.67787356734e-07, 1.74825643739e-07, 1.10026100231e-07, 1.46960971392e-07, 1.37529781341e-07, 1.3289863432e-07, 7.14640577826e-08, 1.05724211608e-07, 8.60368629674e-08, 2.35341431676e-07, 1.17165612323e-07, 9.88225394849e-08, 5.77395837809e-08, 2.46426061778e-08, 1.7848812206e-08, 8.27260819847e-08, 6.71109319228e-08, 4.92033827015e-08, 7.07437024516e-08, 1.04290997172e-07, 6.86261927285e-08, 3.85135763281e-08, 5.05818462671e-08, 7.35849567945e-08, 6.95277364571e-08, 4.03578361841e-08, 3.7449616741e-08, 2.76279692457e-08, 3.30817009342e-08, 4.53699868785e-08, 4.22219450513e-08, 6.29346388337e-08, 2.10235562292e-08, 3.44086892312e-08, 4.04406748089e-08, 2.54773162567e-08, 3.40919541486e-08, 1.48710750381e-08, 2.57069583398e-08, 1.16511253978e-08, 7.45828998561e-09, 1.29490498324e-08, 1.0848802745e-08, 8.41427993947e-09, 5.7686428967e-09, 5.4432316432e-09, 9.18126130678e-10, 2.39535080659e-09, 5.89448545529e-10, 2.50265669299e-10, 4.87877349631e-10, 5.17856757476e-10, 3.21774051848e-10, 4.94144170027e-10, 8.46782033381e-10, 2.12829665003e-09, 2.00740046807e-09, 1.2255623183e-09, 1.82354387146e-09, 1.29418409323e-09, 2.24036322827e-09, 1.32958777321e-09, 1.37802047551e-09, 1.84867599007e-09, 1.16858867028e-09, 1.30259325548e-09, 9.67585012113e-10, 2.76434319879e-10, 4.09728051183e-13, 1.698688526e-13, 1.87709507768e-13, 1.59205534498e-13, 2.17156560746e-13, 4.11045411033e-13, 1.21956383794e-12, 3.91817627605e-13, 2.23765572586e-13, 2.20911058001e-13, 2.37751577323e-13, 2.70970068215e-13, 2.529312751e-13, 2.78528719186e-13, 2.98315679884e-13, 3.1261186131e-13, 2.82243493984e-13, 2.50020598842e-13, 2.0471118019e-13, 2.14559923647e-13, 2.22692984929e-13, 2.06009024401e-13, 2.23206395315e-13, 1.50582752647e-13, 7.15894154396e-14, 8.34774178222e-15, 3.8744901664e-16],
        "stdev": [8.24684957479e-06, 3.47732166119e-05, 8.53820965858e-05, 0.000108652631752, 0.00027239357587, 0.000424929283326, 0.000470833969302, 0.000564483576454, 0.000776019704062, 0.00102330441587, 0.00127381412312, 0.00176088651642, 0.00195868778974, 0.00231796898879, 0.00162996945437, 0.00199746829458, 0.00122391106561, 0.00142514845356, 0.00119053060189, 0.00164821278304, 0.000758833775762, 0.0010074917227, 0.000662795559037, 0.00144817703404, 0.00174120743759, 0.00141894607805, 0.0017814579187, 0.000394320697524, 0.00028561160434, 0.000285187270492, 0.00014305995137, 0.000155219095177, 0.000320654042298, 0.000149089551996, 0.00037419545697, 0.000418032781454, 0.000221289112233, 0.000215134321479, 0.000179843176738, 9.54954375629e-05, 7.17093716958e-05, 0.000331443268806, 0.000386470841477, 0.000136207483592, 0.000197065048269, 0.000140874777571, 0.000112594847451, 0.000168318016222, 0.000105943523522, 0.000123682897538, 4.99557318108e-05, 4.32639026258e-05, 5.42009111086e-05, 7.5748495874e-05, 4.99988927913e-05, 4.57766982436e-05, 6.16157776676e-05, 5.8864512539e-05, 2.02401915885e-05, 1.77047222678e-05, 2.21848185902e-05, 2.0509278329e-05, 1.39626017699e-05, 8.91016406968e-06, 1.77696128958e-05, 7.59002250561e-06, 4.56218594991e-06, 4.87620400236e-06, 4.25104553869e-06, 3.80213327844e-06, 2.74868898487e-06, 2.92526260637e-06, 2.19707976612e-06, 2.09148629438e-06, 1.2075805671e-06, 9.53175060658e-07, 7.93807942046e-07, 6.37487687527e-07, 4.47812965376e-07, 2.82452987221e-07, 1.84824187954e-07, 1.55878083774e-07, 1.111551029e-07, 5.19847560554e-08, 2.83560357417e-08, 1.4436766449e-08, 1.06670174915e-08, 1.08136353205e-08, 1.42556055849e-08, 2.46247733315e-08, 2.64079247358e-08, 2.96429067959e-08, 4.61752733827e-08, 6.89100900786e-08, 5.22564960193e-08, 5.65103555061e-08, 6.43627302566e-08, 3.04380058935e-08, 2.0377994403e-08, 1.63080304816e-08, 6.76788669551e-09, 2.5925992464e-09, 3.96274679737e-10, 8.54015330676e-11, 8.0820752868e-11, 8.06742242454e-11, 7.68970165321e-11, 7.10646611002e-11, 6.69938132747e-11, 6.4466855465e-11, 6.18812917574e-11, 5.94757160188e-11, 5.72969727219e-11, 5.50882846284e-11, 5.36833806575e-11, 5.20799202375e-11, 5.03598308887e-11, 4.89714831187e-11, 4.74708224119e-11, 4.6555186789e-11, 4.5339329513e-11, 4.43843885256e-11, 4.34456047527e-11, 4.26339241688e-11, 4.20781152977e-11, 4.16412633542e-11, 4.13211652395e-11, 4.10711707699e-11]
    },
    "mfcc": {
        "mean": [-680.27545166, 184.980392456, -48.086555481, 33.7084541321, -6.1087064743, -12.4891290665, -3.77361726761, -9.48320579529, -5.88215398788, -0.431978881359, -12.1420707703, 2.49998188019, -14.2114105225],
        "cov": [[1152.8182373, -2.63946151733, -342.495635986, 79.5499420166, -30.5044002533, -98.1075668335, -96.0531616211, -65.1756973267, 49.4070549011, -25.3010482788, -4.55842685699, 38.3361206055, -27.6859550476], [-2.63946151733, 284.511260986, -63.8577575684, -66.7700576782, -40.4303894043, -43.8593139648, -23.376707077, 15.6216449738, -8.69250106812, 18.5215129852, 1.63891673088, 11.2775363922, 22.1305503845], [-342.495635986, -63.8577575684, 325.191741943, 7.86549329758, -15.1629705429, 28.7718696594, 32.595703125, 17.6167583466, -23.0450668335, -19.0971908569, -2.12271428108, -4.20054197311, 17.5154399872], [79.5499420166, -66.7700576782, 7.86549329758, 166.265792847, 64.2100143433, -30.872379303, -59.4556922913, -18.2629413605, 10.2538928986, -35.398223877, -22.510181427, 0.600628256798, -1.92512559891], [-30.5044002533, -40.4303894043, -15.1629705429, 64.2100143433, 144.624694824, -3.19463062286, -60.0570373535, -7.74111890793, 8.76796913147, -10.2738180161, -17.2869968414, -5.28110599518, -11.7421455383], [-98.1075668335, -43.8593139648, 28.7718696594, -30.872379303, -3.19463062286, 118.424880981, 76.8775634766, -3.9851911068, -14.3249788284, 8.3555059433, 8.42478847504, -24.1720867157, -16.3807220459], [-96.0531616211, -23.376707077, 32.595703125, -59.4556922913, -60.0570373535, 76.8775634766, 166.959671021, 29.4334411621, -38.322063446, 16.2708339691, 12.6630382538, -17.7050800323, -13.8360691071], [-65.1756973267, 15.6216449738, 17.6167583466, -18.2629413605, -7.74111890793, -3.9851911068, 29.4334411621, 69.9013595581, 12.1514396667, -1.98036062717, -2.24374938011, -4.06348371506, 6.78202295303], [49.4070549011, -8.69250106812, -23.0450668335, 10.2538928986, 8.76796913147, -14.3249788284, -38.322063446, 12.1514396667, 83.1918563843, 23.4352092743, -3.40474271774, -8.21384048462, -7.12602043152], [-25.3010482788, 18.5215129852, -19.0971908569, -35.398223877, -10.2738180161, 8.3555059433, 16.2708339691, -1.98036062717, 23.4352092743, 79.6007537842, 23.0946006775, -17.0018787384, -18.4856472015], [-4.55842685699, 1.63891673088, -2.12271428108, -22.510181427, -17.2869968414, 8.42478847504, 12.6630382538, -2.24374938011, -3.40474271774, 23.0946006775, 60.3282737732, 15.8902292252, -8.02081298828], [38.3361206055, 11.2775363922, -4.20054197311, 0.600628256798, -5.28110599518, -24.1720867157, -17.7050800323, -4.06348371506, -8.21384048462, -17.0018787384, 15.8902292252, 71.536895752, 30.0746574402], [-27.6859550476, 22.1305503845, 17.5154399872, -1.92512559891, -11.7421455383, -16.3807220459, -13.8360691071, 6.78202295303, -7.12602043152, -18.4856472015, -8.02081298828, 30.0746574402, 70.2195053101]],
        "icov": [[0.00169013836421, 0.000363916624337, 0.00173360097688, -0.000651423993986, 0.00119255599566, 0.000797495420557, 4.54711916973e-05, 0.00108886393718, -0.000782077433541, 0.000925292901229, 8.97507634363e-05, -0.000673991453368, 0.00085379689699], [0.000363916624337, 0.00504694739357, 0.00129116140306, 0.00166037643794, 0.00149374827743, 0.0011366752442, 0.00203081709333, -0.00160673842765, 0.00205038418062, -0.00143362872768, 0.00091984559549, -3.77979777113e-05, -0.00070145947393], [0.00173360097688, 0.00129116140306, 0.00533781480044, -0.000980734592304, 0.00193669390865, -1.54325407493e-05, 0.000515219464432, -0.000314931763569, 0.000462003721623, 0.00100078852847, 1.09670463644e-05, -0.000172436251887, -0.000244104492594], [-0.000651423993986, 0.00166037643794, -0.000980734592304, 0.0100339157507, -0.00348858581856, 0.0024641007185, 0.000455845496617, 0.00181891454849, -0.000983165344223, 0.00325351930223, 0.000586798996665, 0.00130446918774, -8.97448480828e-05], [0.00119255599566, 0.00149374827743, 0.00193669390865, -0.00348858581856, 0.0119561236352, -0.00337254581973, 0.00626575248316, -0.00292163691483, 0.00260575814173, -0.00179247849155, 0.00295065063983, -0.00163952051662, 0.00298184342682], [0.000797495420557, 0.0011366752442, -1.54325407493e-05, 0.0024641007185, -0.00337254581973, 0.0163483545184, -0.00879513379186, 0.00625468743965, -0.00317423697561, 0.00340307853185, -0.0028794396203, 0.00416022818536, -0.000596683879849], [4.54711916973e-05, 0.00203081709333, 0.000515219464432, 0.000455845496617, 0.00626575248316, -0.00879513379186, 0.0167021639645, -0.00917017739266, 0.00872766599059, -0.00486369710416, 0.00230558775365, -0.00103522569407, 0.00274664652534], [0.00108886393718, -0.00160673842765, -0.000314931763569, 0.00181891454849, -0.00292163691483, 0.00625468743965, -0.00917017739266, 0.0221713837236, -0.00894017703831, 0.00596494786441, -0.00191608443856, 0.00238812621683, -0.00249227858149], [-0.000782077433541, 0.00205038418062, 0.000462003721623, -0.000983165344223, 0.00260575814173, -0.00317423697561, 0.00872766599059, -0.00894017703831, 0.0202428363264, -0.00908590480685, 0.0034281949047, -0.000259532127529, 0.00134678604081], [0.000925292901229, -0.00143362872768, 0.00100078852847, 0.00325351930223, -0.00179247849155, 0.00340307853185, -0.00486369710416, 0.00596494786441, -0.00908590480685, 0.0220721233636, -0.00866632722318, 0.00556659232825, 0.00113037053961], [8.97507634363e-05, 0.00091984559549, 1.09670463644e-05, 0.000586798996665, 0.00295065063983, -0.0028794396203, 0.00230558775365, -0.00191608443856, 0.0034281949047, -0.00866632722318, 0.0242404472083, -0.00973831862211, 0.00522606913], [-0.000673991453368, -3.77979777113e-05, -0.000172436251887, 0.00130446918774, -0.00163952051662, 0.00416022818536, -0.00103522569407, 0.00238812621683, -0.000259532127529, 0.00556659232825, -0.00973831862211, 0.0228937491775, -0.00939189270139], [0.00085379689699, -0.00070145947393, -0.000244104492594, -8.97448480828e-05, 0.00298184342682, -0.000596683879849, 0.00274664652534, -0.00249227858149, 0.00134678604081, 0.00113037053961, 0.00522606913, -0.00939189270139, 0.0210522338748]]
    },
    "spectral_contrast_coeffs": {
        "max": [-0.366005837917, -0.434258282185, -0.485221683979, -0.598499953747, -0.643206119537, -0.593632936478],
        "mean": [-0.657956421375, -0.736583173275, -0.74302148819, -0.770464837551, -0.777105271816, -0.725260436535],
        "min": [-0.818854808807, -0.940574586391, -0.901439726353, -0.923984467983, -0.887819290161, -0.893159091473],
        "stdev": [0.0636150017381, 0.0728103816509, 0.063900500536, 0.0498555973172, 0.0373596474528, 0.0312871299684]
    },
    "spectral_contrast_valleys": {
        "max": [-5.40140533447, -4.96856307983, -5.74000358582, -6.0690612793, -6.3800201416, -10.5758771896],
        "mean": [-6.8410782814, -6.34598588943, -7.31863212585, -7.5030207634, -7.72447013855, -12.1550235748],
        "min": [-8.42882156372, -7.93736124039, -8.85914516449, -9.6248998642, -9.35765457153, -12.8311023712],
        "stdev": [0.430798977613, 0.498664915562, 0.479554325342, 0.474683105946, 0.465027809143, 0.306358724833]
    }
},
"rhythm": {
    "beats_count": 73,
    "beats_loudness": {
        "max": 0.126083984971,
        "mean": 0.0314297527075,
        "min": 0.00691472040489,
        "stdev": 0.0212121643126
    },
    "bpm": 138.589126587,
    "bpm_histogram_first_peak_bpm": 140,
    "bpm_histogram_first_peak_weight": 0.466666698456,
    "bpm_histogram_second_peak_bpm": 133,
    "bpm_histogram_second_peak_spread": 0.111111104488,
    "bpm_histogram_second_peak_weight": 0.111111111939,
    "danceability": 1.24969160557,
    "onset_rate": 3.10693335533,
    "beats_loudness_band_ratio": {
        "max": [0.409666478634, 0.834728717804, 0.778537094593, 0.762959420681, 0.394119501114, 0.0461217425764],
        "mean": [0.1472196877, 0.356308311224, 0.302801936865, 0.130902007222, 0.0972158610821, 0.0142941307276],
        "min": [0.00980070792139, 0.0433221720159, 0.0431513190269, 0.0181729458272, 0.0116613628343, 0.00178922188934],
        "stdev": [0.0875597670674, 0.208545699716, 0.187759533525, 0.146247476339, 0.0782029703259, 0.00806008279324]
    },
