{
"metadata": {
    "version": {
        "essentia": "2.1-beta5",
        "essentia_git_sha": "Undefined",
        "extractor": "music 2.0"
    },
    "audio_properties": {
        "analysis": {
            "equal_loudness": 0,
            "length": 38.4174156189,
            "sample_rate": 44100,
            "start_time": 175.240997314,
            "downmix": "mix"
        },
        "bit_rate": 192000,
        "length": 213.681640625,
        "lossless": 0,
        "number_channels": 2,
        "replay_gain": 4.23713493347,
        "sample_rate": 48000,
        "codec": "mp3",
        "md5_encoded": "a00e8969094d9ef4279e0c19bba3932e"
    },
    "tags": {
        "file_name": "Ireland_Hold Me Now_Johnny Logan.mp3",
        "encoding": ["Lavf58.29.100"]
    }
},
"lowlevel": {
    "average_loudness": 0.55546182394,
    "barkbands_crest": {
        "max": 22.838470459,
        "mean": 8.85367202759,
        "min": 2.78925323486,
        "stdev": 3.52178883553
    },
    "barkbands_flatness_db": {
        "max": 0.296258479357,
        "mean": 0.141084983945,
        "min": 0.0527135878801,
        "stdev": 0.0536776222289
    },
    "barkbands_kurtosis": {
        "max": 43.701499939,
        "mean": 3.07808971405,
        "min": -1.73642683029,
        "stdev": 3.47195076942
    },
    "barkbands_skewness": {
        "max": 5.49838924408,
        "mean": 0.324166029692,
        "min": -2.2477016449,
        "stdev": 1.50340259075
    },
    "barkbands_spread": {
        "max": 110.451881409,
        "mean": 18.2679748535,
        "min": 2.30406451225,
        "stdev": 9.51785087585
    },
    "dissonance": {
        "max": 0.499999910593,
        "mean": 0.458931952715,
        "min": 0.299010515213,
        "stdev": 0.0379717536271
    },
    "dynamic_complexity": 3.42060661316,
    "erbbands_crest": {
        "max": 27.333234787,
        "mean": 9.66423797607,
        "min": 2.59694981575,
        "stdev": 5.88533258438
    },
    "erbbands_flatness_db": {
        "max": 0.332421213388,
        "mean": 0.180358245969,
        "min": 0.0798746198416,
        "stdev": 0.0600599460304
    },
    "erbbands_kurtosis": {
        "max": 11.1724948883,
        "mean": 0.667963862419,
        "min": -1.68931782246,
        "stdev": 1.59045732021
    },
    "erbbands_skewness": {
        "max": 2.92291498184,
        "mean": 0.401643663645,
        "min": -1.92823565006,
        "stdev": 0.846192240715
    },
    "erbbands_spread": {
        "max": 101.772102356,
        "mean": 29.5587158203,
        "min": 5.890188694,
        "stdev": 13.8358945847
    },
    "hfc": {
        "max": 95.1648864746,
        "mean": 14.0781240463,
        "min": 1.05300939011e-16,
        "stdev": 15.7184648514
    },
    "loudness_ebu128": {
        "integrated": -28.4571056366,
        "loudness_range": 4.5759677887,
        "momentary": {
            "max": -24.5651321411,
            "mean": -100.736877441,
            "min": -300.691009521,
            "stdev": 119.02318573
        },
        "short_term": {
            "max": -26.1976089478,
            "mean": -86.4255828857,
            "min": -300.691009521,
            "stdev": 109.82460022
        }
    },
    "melbands_crest": {
        "max": 27.9593696594,
        "mean": 9.78575229645,
        "min": 1.5567637682,
        "stdev": 5.9758849144
    },
    "melbands_flatness_db": {
        "max": 0.374507069588,
        "mean": 0.154157623649,
        "min": 0.00236182287335,
        "stdev": 0.103021100163
    },
    "melbands_kurtosis": {
        "max": 88.3006668091,
        "mean": 4.2092051506,
        "min": -1.47768425941,
        "stdev": 7.08449459076
    },
    "melbands_skewness": {
        "max": 7.86450195312,
        "mean": 1.12905418873,
        "min": -0.655919969082,
        "stdev": 1.14902985096
    },
    "melbands_spread": {
        "max": 169.292129517,
        "mean": 50.222820282,
        "min": 2.48466801643,
        "stdev": 50.9570388794
    },
    "pitch_salience": {
        "max": 0.864646971226,
        "mean": 0.636130809784,
        "min": 0.285422801971,
        "stdev": 0.126481428742
    },
    "silence_rate_20dB": {
        "max": 1,
        "mean": 1,
        "min": 1,
        "stdev": 0
    },
    "silence_rate_30dB": {
        "max": 1,
        "mean": 0.999396145344,
        "min": 0,
        "stdev": 0.0245661064982
    },
    "silence_rate_60dB": {
        "max": 1,
        "mean": 0.291666656733,
        "min": 0,
        "stdev": 0.454529881477
    },
    "spectral_centroid": {
        "max": 11847.7167969,
        "mean": 3829.9387207,
        "min": 310.325439453,
        "stdev": 4374.80517578
    },
    "spectral_complexity": {
        "max": 46,
        "mean": 12.8109903336,
        "min": 0,
        "stdev": 10.2525310516
    },
    "spectral_decrease": {
        "max": 2.27323602089e-28,
        "mean": -4.29657465162e-09,
        "min": -3.0392325101e-08,
        "stdev": 4.22260937327e-09
    },
    "spectral_energy": {
        "max": 0.123339362442,
        "mean": 0.0174931846559,
        "min": 9.71156083371e-21,
        "stdev": 0.0172117035836
    },
    "spectral_energyband_high": {
        "max": 0.00670225778595,
        "mean": 0.000297695514746,
        "min": 6.8903094894e-21,
        "stdev": 0.000645815569442
    },
    "spectral_energyband_low": {
        "max": 0.0124482717365,
        "mean": 0.00180588674266,
        "min": 9.63280417948e-24,
        "stdev": 0.00201160996221
    },
    "spectral_energyband_middle_high": {
        "max": 0.0534028112888,
        "mean": 0.00512668769807,
        "min": 1.06897200834e-21,
        "stdev": 0.00753878755495
    },
    "spectral_energyband_middle_low": {
        "max": 0.102547295392,
        "mean": 0.0118729714304,
        "min": 1.48003167408e-22,
        "stdev": 0.0127500686795
    },
    "spectral_entropy": {
        "max": 9.83298587799,
        "mean": 7.92749834061,
        "min": 5.7629365921,
        "stdev": 1.20139086246
    },
    "spectral_flux": {
        "max": 0.267023593187,
        "mean": 0.0508523993194,
        "min": 6.26955848348e-11,
        "stdev": 0.0436334721744
    },
    "spectral_kurtosis": {
        "max": 42.9289932251,
        "mean": 4.21096134186,
        "min": -1.28109562397,
        "stdev": 5.50475120544
    },
    "spectral_rms": {
        "max": 0.0109695522115,
        "mean": 0.00333009730093,
        "min": 3.07809897362e-12,
        "stdev": 0.00244478741661
    },
    "spectral_rolloff": {
        "max": 19702.8808594,
        "mean": 5975.80664062,
        "min": 215.33203125,
        "stdev": 7780.65380859
    },
    "spectral_skewness": {
        "max": 4.87204933167,
        "mean": 1.19136989117,
        "min": -0.101708613336,
        "stdev": 0.915885210037
    },
    "spectral_spread": {
        "max": 43178356,
        "mean": 13338970,
        "min": 1413316.625,
        "stdev": 16515723
    },
    "spectral_strongpeak": {
        "max": 9.48221111298,
        "mean": 1.25586414337,
        "min": 0,
        "stdev": 1.45280718803
    },
    "zerocrossingrate": {
        "max": 0.69189453125,
        "mean": 0.171376690269,
        "min": 0.01123046875,
        "stdev": 0.201110050082
    },
    "barkbands": {
        "max": [0.000660903053358, 0.00794197525829, 0.00741546228528, 0.0120694246143, 0.0527498051524, 0.0193454977125, 0.0599776469171, 0.0952290073037, 0.0436452664435, 0.0559725910425, 0.00730296131223, 0.024385035038, 0.0100600579754, 0.0204896517098, 0.0117133883759, 0.00988572463393, 0.011661269702, 0.00396951148286, 0.00403001345694, 0.00662311166525, 0.00271943979897, 0.00147874862887, 0.00231675500982, 0.0010288747726, 0.000648828048725, 8.37666302687e-05, 1.28047901171e-07],
        "mean": [1.78565787792e-05, 0.000939306162763, 0.000601967796683, 0.000599905382842, 0.0022259443067, 0.00194696802646, 0.0026326298248, 0.000948957924265, 0.000900619255845, 0.00312964967452, 0.00013712963846, 0.000757536618039, 0.000320275314152, 0.000727328821085, 0.000238667504163, 0.000227153228479, 0.000287861941615, 0.000185998724191, 0.000197464818484, 0.000253289181273, 8.92212701729e-05, 6.06237990723e-05, 3.38780337188e-05, 2.0440787921e-05, 1.01203349914e-05, 2.41002749135e-06, 1.75731607044e-09],
        "min": [2.31154364379e-25, 8.9979437141e-25, 6.39464208319e-25, 6.06441061016e-25, 4.40156183336e-24, 5.96453549475e-24, 1.64419547044e-24, 1.84126978647e-24, 1.0030292257e-23, 9.37001725701e-24, 9.23021927169e-24, 1.48110165345e-23, 2.15318810996e-23, 1.65065405217e-23, 3.60587688688e-23, 4.03697548763e-23, 5.8445574819e-23, 7.62993209506e-23, 8.35176632906e-23, 1.52041870185e-22, 2.16214076616e-22, 3.00895404405e-22, 3.86131964054e-22, 5.43946882426e-22, 8.19462902327e-22, 1.18581248155e-21, 1.73695448226e-21],
        "stdev": [3.75688177883e-05, 0.00114105467219, 0.00100412056781, 0.00121972511988, 0.00408797012642, 0.00259507913142, 0.00548297306523, 0.00384471868165, 0.0023373356089, 0.00663274712861, 0.000350959016941, 0.00163432129193, 0.00081890047295, 0.00143488030881, 0.000672464433592, 0.000725900928956, 0.000995939015411, 0.000328775611706, 0.000402299978305, 0.000519797962625, 0.000210930869798, 0.000161820804351, 0.000121687320643, 7.01565368217e-05, 3.56051714334e-05, 6.97227233104e-06, 4.91270091274e-09]
    },
    "erbbands": {
        "max": [0.187790289521, 1.95307028294, 8.67604541779, 19.9930725098, 127.515365601, 178.666992188, 167.568405151, 170.223953247, 916.953186035, 878.996459961, 1840.15368652, 1394.9029541, 2121.39648438, 311.371826172, 340.643829346, 1252.60803223, 487.788818359, 543.832214355, 856.241210938, 523.361022949, 520.241699219, 700.441040039, 195.80368042, 153.768478394, 297.626037598, 212.167114258, 112.237586975, 81.5265426636, 54.5427093506, 62.6742362976, 58.115234375, 29.6884479523, 13.4958772659, 8.61850261688, 3.75017929077, 0.626944959164, 0.0876836329699, 0.002250747988, 0.000114398841106, 0.000146059843246],
        "mean": [0.0193362105638, 0.241409510374, 0.704441428185, 1.37492644787, 4.38422346115, 7.93153762817, 8.64410972595, 17.0925102234, 42.6286659241, 26.0375366211, 19.4073963165, 19.9807891846, 125.511962891, 19.4686069489, 9.43055057526, 36.5894584656, 17.7513580322, 36.2164955139, 18.9198284149, 13.1257238388, 12.4288787842, 15.6341371536, 12.1415472031, 6.47642993927, 14.2045297623, 11.3751811981, 4.87930393219, 3.06739735603, 2.48365092278, 1.30202686787, 0.919535040855, 0.520392000675, 0.294016599655, 0.143471524119, 0.0580077841878, 0.0183699205518, 0.00291841244325, 8.24746093713e-05, 1.30163825816e-05, 2.12093236769e-05],
        "min": [3.48431878564e-23, 3.58079338201e-22, 1.61708458122e-21, 4.4297811897e-21, 1.42078723055e-20, 1.77761372132e-20, 2.49156445556e-20, 6.45180069029e-20, 1.05641297518e-19, 1.77989842002e-19, 2.26343292169e-19, 2.95351248362e-19, 3.16875418479e-19, 6.33399647088e-19, 7.43659358923e-19, 9.90200540494e-19, 1.48175768599e-18, 1.27467529438e-18, 2.0727251907e-18, 2.35644276413e-18, 2.48386042492e-18, 3.13267029172e-18, 4.48362869918e-18, 3.41020510366e-18, 5.68218735058e-18, 7.35352149467e-18, 8.79278432765e-18, 8.5765518709e-18, 9.43412888943e-18, 1.08354208236e-17, 9.93317770633e-18, 9.69855371584e-18, 9.37757537813e-18, 6.61524129127e-18, 5.05833476362e-18, 3.79260904649e-18, 1.98064530606e-18, 8.44927255607e-19, 2.43223489381e-19, 2.59928017342e-20],
        "stdev": [0.0249398387969, 0.293665975332, 1.0557166338, 2.30124592781, 8.77645111084, 16.3756561279, 15.7909803391, 22.8895950317, 73.8402709961, 75.0092544556, 77.8562774658, 53.0318756104, 258.685333252, 33.8630561829, 17.6317176819, 81.0814666748, 36.6832542419, 63.2705230713, 49.1653671265, 31.362197876, 34.9525375366, 53.0772171021, 22.4553184509, 11.2012014389, 31.6224727631, 20.9930610657, 10.2473945618, 7.38696622849, 6.62717914581, 4.36480093002, 3.17646789551, 1.85537672043, 0.968756258488, 0.508483588696, 0.199983283877, 0.0532132349908, 0.00843538343906, 0.000221296300879, 1.50013711391e-05, 2.07876892091e-05]
    },
    "gfcc": {
        "mean": [-358.245117188, 90.8863525391, -106.919654846, 19.8144798279, -48.3350448608, 4.28341245651, -24.2488613129, 3.35320138931, -16.2552204132, 2.18934559822, -4.51367235184, -4.54273939133, -2.27830934525],
        "cov": [[304479.15625, 30290.2070312, -35672.3046875, 6877.74072266, -16141.9072266, 1429.93676758, -8026.37939453, 1198.08251953, -5497.39257812, 720.072937012, -1494.87866211, -1548.79956055, -737.932250977], [30290.2070312, 4311.89404297, -3235.08618164, 619.184875488, -1476.45410156, -242.39151001, -790.643981934, -94.9718933105, -515.061828613, -5.19472026825, 62.7051963806, -224.389801025, -57.9061088562], [-35672.3046875, -3235.08618164, 4646.46728516, -681.690734863, 1822.65441895, -243.001449585, 862.843200684, -230.737701416, 635.233154297, -97.2818908691, 196.223922729, 183.458724976, 66.5776290894], [6877.74072266, 619.184875488, -681.690734863, 402.519073486, -386.521728516, 14.3695983887, -183.182601929, -5.43336486816, -115.04675293, 10.3246049881, -47.1480636597, -17.0842685699, -7.20087337494], [-16141.9072266, -1476.45410156, 1822.65441895, -386.521728516, 1022.80639648, -121.315193176, 451.832000732, -21.6725788116, 288.193695068, -45.6511192322, 121.618812561, 73.2322769165, 36.4999389648], [1429.93676758, -242.39151001, -243.001449585, 14.3695983887, -121.315193176, 267.82723999, 26.0543956757, 87.8967208862, -35.5608177185, 37.5450019836, -53.1594085693, 16.0671081543, -7.88670635223], [-8026.37939453, -790.643981934, 862.843200684, -183.182601929, 451.832000732, 26.0543956757, 359.519439697, 3.78549146652, 133.221054077, -23.4611225128, 76.624130249, 40.7314682007, 44.7668418884], [1198.08251953, -94.9718933105, -230.737701416, -5.43336486816, -21.6725788116, 87.8967208862, 3.78549146652, 131.500732422, -29.378704071, 16.7870311737, -16.2440433502, -0.0874703675508, -8.35060405731], [-5497.39257812, -515.061828613, 635.233154297, -115.04675293, 288.193695068, -35.5608177185, 133.221054077, -29.378704071, 163.339294434, 5.41694021225, 30.9274578094, 29.6482276917, 15.2479572296], [720.072937012, -5.19472026825, -97.2818908691, 10.3246049881, -45.6511192322, 37.5450019836, -23.4611225128, 16.7870311737, 5.41694021225, 53.1199035645, -2.21887564659, 1.46052277088, -9.70551300049], [-1494.87866211, 62.7051963806, 196.223922729, -47.1480636597, 121.618812561, -53.1594085693, 76.624130249, -16.2440433502, 30.9274578094, -2.21887564659, 104.691619873, 3.16645336151, 10.015753746], [-1548.79956055, -224.389801025, 183.458724976, -17.0842685699, 73.2322769165, 16.0671081543, 40.7314682007, -0.0874703675508, 29.6482276917, 1.46052277088, 3.16645336151, 58.5314712524, 17.9519615173], [-737.932250977, -57.9061088562, 66.5776290894, -7.20087337494, 36.4999389648, -7.88670635223, 44.7668418884, -8.35060405731, 15.2479572296, -9.70551300049, 10.015753746, 17.9519615173, 50.3238525391]],
        "icov": [[0.000719831150491, -0.00209570117295, 0.00205655116588, -0.0019070119597, 0.00210471171886, -0.00140275584999, 0.00192377797794, -0.00246565975249, 0.00218529230915, -0.00147396337707, 0.00118250970263, -0.000836915744003, 0.000400164688472], [-0.00209570117295, 0.00753501895815, -0.00535558210686, 0.0053836517036, -0.00528150843456, 0.00508904084563, -0.00481858011335, 0.00835199188441, -0.00582000426948, 0.0053825089708, -0.00660442281514, 0.00389953004196, -0.0011791306315], [0.00205655116588, -0.00535558210686, 0.00727308401838, -0.00550569966435, 0.00504755042493, -0.00369148049504, 0.00523097068071, -0.00490730535239, 0.00527303665876, -0.00315754814073, 0.00238321325742, -0.00286779063754, 0.00221895147115], [-0.0019070119597, 0.0053836517036, -0.00550569966435, 0.00911733228713, -0.00420708255842, 0.00417449418455, -0.00513913063332, 0.00656963745132, -0.00537783512846, 0.00379059650004, -0.00247691059485, 0.000962742604315, -0.00130296300631], [0.00210471171886, -0.00528150843456, 0.00504755042493, -0.00420708255842, 0.0129884369671, -0.000918378937058, 0.00290187005885, -0.0100196115673, 0.00442339805886, -0.00258458871394, 0.00109887763392, -0.00266673509032, 0.00259104766883], [-0.00140275584999, 0.00508904084563, -0.00369148049504, 0.00417449418455, -0.000918378937058, 0.0116118872538, -0.00781613681465, 0.00189798395149, -0.00295738433488, -0.000536374514922, -0.000576462771278, -0.000350073212758, 0.00155349157285], [0.00192377797794, -0.00481858011335, 0.00523097068071, -0.00513913063332, 0.00290187005885, -0.00781613681465, 0.0160662941635, -0.00620674155653, 0.00545460078865, -0.000531198806129, -0.00298506417312, 0.000838515814394, -0.00510276062414], [-0.00246565975249, 0.00835199188441, -0.00490730535239, 0.00656963745132, -0.0100196115673, 0.00189798395149, -0.00620674155653, 0.0225463975221, -0.00538664450869, 0.00440306402743, -0.00584084028378, 0.00332349911332, 0.000172644053237], [0.00218529230915, -0.00582000426948, 0.00527303665876, -0.00537783512846, 0.00442339805886, -0.00295738433488, 0.00545460078865, -0.00538664450869, 0.0233630649745, -0.0118275890127, 0.00394113501534, -0.00253952899948, -0.00105453107972], [-0.00147396337707, 0.0053825089708, -0.00315754814073, 0.00379059650004, -0.00258458871394, -0.000536374514922, -0.000531198806129, 0.00440306402743, -0.0118275890127, 0.030727153644, -0.00903793238103, 0.00112431566231, 0.00320077943616], [0.00118250970263, -0.00660442281514, 0.00238321325742, -0.00247691059485, 0.00109887763392, -0.000576462771278, -0.00298506417312, -0.00584084028378, 0.00394113501534, -0.00903793238103, 0.0231950264424, -0.0047555686906, 0.00117473362479], [-0.000836915744003, 0.00389953004196, -0.00286779063754, 0.000962742604315, -0.00266673509032, -0.000350073212758, 0.000838515814394, 0.00332349911332, -0.00253952899948, 0.00112431566231, -0.0047555686906, 0.0264996755868, -0.00968890078366], [0.000400164688472, -0.0011791306315, 0.00221895147115, -0.00130296300631, 0.00259104766883, 0.00155349157285, -0.00510276062414, 0.000172644053237, -0.00105453107972, 0.00320077943616, 0.00117473362479, -0.00968890078366, 0.0283517483622]]
    },
    "melbands": {
        "max": [0.00193736702204, 0.00341956317425, 0.0056204488501, 0.013942184858, 0.00664279423654, 0.00469632027671, 0.0138767389581, 0.011855237186, 0.0120335342363, 0.00829615723342, 0.0105968117714, 0.00118959846441, 0.000972799956799, 0.00227202661335, 0.0018380653346, 0.00100993853994, 0.00101605977397, 0.00191173783969, 0.000974814698566, 0.000993931549601, 0.000751515501179, 0.000754982873332, 0.000486869772431, 0.00024242233485, 0.000155252695549, 0.000210522834095, 0.000414234353229, 0.000115885501145, 7.49694372644e-05, 5.723974391e-05, 4.9252575991e-05, 4.09634703828e-05, 3.26659974235e-05, 4.32239539805e-05, 3.5344666685e-05, 2.62094472419e-05, 1.766332025e-05, 1.14500444397e-05, 4.72695046483e-06, 8.74504712556e-06],
        "mean": [0.000224943112698, 0.000351460272213, 0.000323499698425, 0.00045374876936, 0.000323890970321, 0.000421249424107, 0.000633226358332, 0.000260917906417, 0.000142668373883, 0.000143063283758, 0.000624562613666, 6.86661223881e-05, 2.08325800486e-05, 8.31660872791e-05, 6.14695381955e-05, 3.31069131789e-05, 7.47613885324e-05, 3.34769028996e-05, 1.64665398188e-05, 1.78328828042e-05, 1.41991104101e-05, 1.53819055413e-05, 1.71503397723e-05, 6.35752667222e-06, 4.71341854791e-06, 8.37868446979e-06, 1.21122911878e-05, 6.27194231129e-06, 3.28284113493e-06, 2.05173114409e-06, 1.68091230535e-06, 1.61342256888e-06, 8.20173511329e-07, 6.77355671996e-07, 5.68467328321e-07, 3.84458900271e-07, 2.92212973818e-07, 2.18533699581e-07, 1.44444257444e-07, 1.14848248245e-07],
        "min": [7.185505216e-25, 9.92797127831e-25, 1.2579477734e-24, 1.00132392536e-24, 1.14175408408e-24, 1.55957830544e-24, 1.59930041025e-24, 2.06627500474e-24, 1.82760079913e-24, 1.78963489592e-24, 1.05277363081e-24, 2.22796565512e-24, 2.38831504474e-24, 1.8591313723e-24, 1.67019603006e-24, 2.25697483162e-24, 2.11440695845e-24, 2.66156581269e-24, 3.35540684415e-24, 3.09462067015e-24, 2.23005870032e-24, 3.32056680227e-24, 3.01176877865e-24, 3.956144145e-24, 2.22501610419e-24, 3.03214051988e-24, 4.39960900819e-24, 3.97110173662e-24, 3.24041636494e-24, 4.87297524956e-24, 4.41151528583e-24, 4.44388224877e-24, 4.9729400979e-24, 5.2761009215e-24, 4.55740682721e-24, 5.35267683286e-24, 5.2220899819e-24, 5.98861823489e-24, 4.93947385729e-24, 5.65578204176e-24],
        "stdev": [0.000278590974631, 0.000442880060291, 0.000539234257303, 0.000866947288159, 0.000632142007817, 0.000578046485316, 0.00114194408525, 0.000797839893494, 0.000578575767577, 0.00034950702684, 0.00129092822317, 0.000130776898004, 4.84160227643e-05, 0.000175239983946, 0.000125425809529, 8.04199007689e-05, 0.000135723734275, 9.71025656327e-05, 4.9203470553e-05, 5.71397395106e-05, 4.1788280214e-05, 5.37821579201e-05, 4.35892761743e-05, 1.21880157167e-05, 9.51511901803e-06, 1.73798161995e-05, 3.11466101266e-05, 1.11352028398e-05, 7.24254732631e-06, 5.2199466154e-06, 4.29098645327e-06, 4.44920351583e-06, 2.5505451049e-06, 2.50688094638e-06, 1.98148950403e-06, 1.38887799039e-06, 1.07823098006e-06, 7.64015112509e-07, 4.40815057345e-07, 4.5502656576e-07]
    },
    "melbands128": {
        "max": [0.000518015061971, 0.00142541259993, 0.00301775895059, 0.00341569073498, 0.00505771767348, 0.00400231219828, 0.00401163706556, 0.0076702432707, 0.0125854481012, 0.0236402079463, 0.0102764815092, 0.014072149992, 0.00730527564883, 0.00646918779239, 0.00558646442369, 0.00960729457438, 0.0136472294107, 0.0257187522948, 0.0197171270847, 0.016048271209, 0.0216432902962, 0.0346129834652, 0.0143680162728, 0.0142791084945, 0.0169321969151, 0.00748249562457, 0.0102234305814, 0.0215656012297, 0.00396412750706, 0.00236691511236, 0.00210096617229, 0.00144828250632, 0.000917185214348, 0.00225155847147, 0.00179350678809, 0.0048989970237, 0.00713929859921, 0.00118988717441, 0.00186117715202, 0.00166867987718, 0.00150718004443, 0.00372181157582, 0.00166935403831, 0.00202813581564, 0.00512790912762, 0.00186546787154, 0.00250072055496, 0.00238232500851, 0.00156711472664, 0.00116496102419, 0.00215894007124, 0.00206073606387, 0.000801138579845, 0.00157659093384, 0.00120177969802, 0.00119265553076, 0.00182992196642, 0.0012295426568, 0.000550303375348, 0.000228628923651, 0.000531773082912, 8.18076005089e-05, 0.000149147905177, 0.000249510485446, 0.00025058927713, 0.000444266042905, 0.000387191976188, 0.000609300856013, 0.000557689520065, 0.00051552685909, 0.000189338607015, 0.000114493770525, 0.000174730404979, 7.12706460035e-05, 0.000132093584398, 0.000131585809868, 6.51013833703e-05, 5.36112893315e-05, 8.20966743049e-05, 7.39937240724e-05, 5.43638525414e-05, 6.54828108964e-05, 3.81672289222e-05, 3.97777221224e-05, 3.62067257811e-05, 4.02887526434e-05, 6.38711862848e-05, 4.31515290984e-05, 3.2720494346e-05, 3.19579012285e-05, 3.03814304061e-05, 2.57297324424e-05, 1.93340074475e-05, 1.6805699488e-05, 2.55577069765e-05, 1.1534107216e-05, 1.47585315062e-05, 8.46217426442e-06, 4.85188638777e-06, 5.89771889281e-06, 6.9022325988e-06, 1.43166480484e-05, 1.09815946416e-05, 6.1384575929e-06, 3.76756156584e-06, 2.7000553473e-06, 2.10107396015e-06, 1.67652285654e-06, 1.36346329782e-06, 2.51524284067e-06, 9.28842553094e-07, 6.95009646279e-07, 2.51337326063e-07, 3.09365972839e-08, 1.06886028917e-08, 1.23318901757e-08, 2.95831359409e-09, 6.43966657776e-10, 6.18653850371e-10, 5.6133209192e-10, 5.50451961789e-10, 5.1073018037e-10, 4.9188958462e-10, 4.83107664984e-10, 4.76058081844e-10, 4.62099691845e-10, 4.5393744319e-10, 4.50521897566e-10],
        "mean": [1.40889487739e-05, 0.000106472718471, 0.000333615433192, 0.000415234186221, 0.000388190353988, 0.0002712100395, 0.000244765891694, 0.000328527472448, 0.000454724446172, 0.000479742942844, 0.000438040471636, 0.000429545470979, 0.000290209049126, 0.000205233067391, 0.000201053160708, 0.000696702336427, 0.000822076108307, 0.000639107078314, 0.000398617150495, 0.000270064192591, 0.000196401539142, 0.000177461421117, 0.00015802012058, 7.57928864914e-05, 7.27278238628e-05, 6.59061333863e-05, 0.000519293011166, 0.00110963603947, 0.000255084247328, 5.27743795828e-05, 2.97290898743e-05, 1.66574918694e-05, 2.03122708626e-05, 2.37250806094e-05, 2.96578691632e-05, 0.000121738798043, 0.000149078696268, 2.78889838228e-05, 4.067899863e-05, 3.63813596778e-05, 2.36715186475e-05, 3.83325386792e-05, 8.38347623358e-05, 0.000102579084341, 3.69002991647e-05, 2.36909618252e-05, 2.16851894947e-05, 1.47894897964e-05, 1.3233543541e-05, 2.10514845094e-05, 1.97629760805e-05, 1.39296189445e-05, 1.18075313367e-05, 1.50201467477e-05, 1.7785023374e-05, 1.07973210106e-05, 1.91512590391e-05, 1.89929160115e-05, 1.92541829165e-05, 8.87156420504e-06, 5.06593778482e-06, 4.18823856307e-06, 4.97017572343e-06, 4.61764693682e-06, 4.35551237388e-06, 7.30457213649e-06, 1.19635242299e-05, 1.25452934299e-05, 1.24101898109e-05, 1.14541844596e-05, 5.60054832022e-06, 4.29770670962e-06, 4.05619994126e-06, 2.9955183436e-06, 2.40268491325e-06, 2.52810514212e-06, 1.49490676904e-06, 1.71257590864e-06, 1.83681595445e-06, 1.35776451771e-06, 2.08222650144e-06, 1.58511340942e-06, 8.72451380474e-07, 7.71590919157e-07, 7.31436784918e-07, 6.7675534865e-07, 6.73999579703e-07, 6.46886917366e-07, 5.82843767916e-07, 5.09362052981e-07, 4.03085380185e-07, 3.68857399735e-07, 3.10692882977e-07, 3.08069559196e-07, 2.73382028126e-07, 2.16244416151e-07, 2.18984496314e-07, 2.04233316481e-07, 1.33213305276e-07, 1.23962877296e-07, 1.22011513781e-07, 1.21316986679e-07, 9.35955668524e-08, 8.25331554211e-08, 6.32244834264e-08, 5.00989401075e-08, 4.10921039418e-08, 3.48465540867e-08, 2.86603842881e-08, 2.96075395312e-08, 2.19102460619e-08, 1.49763028645e-08, 4.97980767733e-09, 5.20788412395e-10, 2.00351027435e-10, 1.75250147727e-10, 3.7693709265e-11, 5.11782630164e-12, 4.95037821499e-12, 4.80254551405e-12, 4.65441660907e-12, 4.58025848152e-12, 4.54402531228e-12, 4.43021747759e-12, 3.92584619327e-12, 3.10804398711e-12, 2.65977604524e-12, 2.5850860081e-12],
        "min": [3.25893261904e-26, 1.10487587214e-25, 3.34232427629e-25, 3.21337189583e-25, 1.24601676989e-25, 2.53876615285e-25, 4.1684149789e-25, 1.64487556715e-25, 1.67458702707e-25, 3.37873908175e-25, 2.45877984788e-25, 2.3160628307e-25, 3.25718843525e-25, 4.37814548346e-25, 5.70218293881e-25, 1.37692725104e-25, 2.10371996394e-25, 3.8442313573e-25, 3.95630704478e-25, 4.69570932947e-25, 1.35653458034e-25, 4.49795422648e-25, 5.16456239899e-25, 4.83921348193e-25, 6.41835967934e-25, 6.34114696002e-25, 5.06985915428e-25, 5.47964182619e-25, 8.74134402493e-25, 8.9157020065e-25, 3.71238952725e-25, 5.86988342739e-25, 8.35699127038e-25, 8.18718107192e-25, 6.86845166439e-25, 8.5891895196e-25, 5.25081694341e-25, 4.73039751562e-25, 1.15121607621e-24, 1.33520851463e-24, 8.30475388731e-25, 1.19084401075e-24, 7.1379950819e-25, 1.00440827289e-24, 6.91860645467e-25, 9.40374954096e-25, 1.02728011154e-24, 1.2194835073e-24, 1.34311783128e-24, 7.76662650436e-25, 1.36031835167e-24, 7.11494012891e-25, 1.1374282667e-24, 1.02454355306e-24, 1.45939987301e-24, 8.64792218615e-25, 1.06414910367e-24, 1.10168586655e-24, 1.44568207491e-24, 1.58308774093e-24, 1.4592014745e-24, 1.32934224912e-24, 1.50759523141e-24, 1.5959956747e-24, 1.19790895041e-24, 1.84300074451e-24, 1.42373083693e-24, 1.80156030344e-24, 2.2475933033e-24, 2.21267950293e-24, 1.9803684466e-24, 2.76362942547e-24, 2.69510778395e-24, 2.47283005225e-24, 2.37494759949e-24, 2.79011503593e-24, 1.7954722694e-24, 2.84712838013e-24, 2.11803828241e-24, 2.2055320287e-24, 2.39032920385e-24, 2.82425417489e-24, 2.31012216574e-24, 2.49193646059e-24, 2.23988593504e-24, 2.26856240945e-24, 2.91710113129e-24, 2.41926994666e-24, 2.01673394825e-24, 3.56278969867e-24, 2.47323039916e-24, 3.57372331081e-24, 3.45815755478e-24, 3.09187287041e-24, 3.16907770112e-24, 3.47104320324e-24, 2.33776326021e-24, 3.40141557873e-24, 2.96284303366e-24, 2.89123024068e-24, 3.17700102006e-24, 3.69733308149e-24, 4.12490515845e-24, 4.06787800919e-24, 4.31100572904e-24, 4.03110604695e-24, 4.19044608904e-24, 3.15411655963e-24, 3.80578410102e-24, 3.90542078323e-24, 3.14098636429e-24, 4.02938080815e-24, 4.11185148263e-24, 3.7506679673e-24, 4.79686871044e-24, 3.95976343883e-24, 4.04141133139e-24, 4.87467682253e-24, 4.20379598214e-24, 3.69448174375e-24, 4.24458324639e-24, 5.36710983198e-24, 4.72318989075e-24, 5.06616570753e-24, 4.61117834753e-24, 4.47389367305e-24, 5.0699668338e-24, 5.59948222225e-24],
        "stdev": [3.16107252729e-05, 0.000153562781634, 0.000463576987386, 0.000521458277944, 0.000577869766857, 0.000458582740976, 0.000453677552287, 0.000718400930054, 0.00101529876702, 0.00120508752298, 0.00102388311643, 0.00118951057084, 0.000600621628109, 0.000437593320385, 0.000363260594895, 0.00111847219523, 0.00135617167689, 0.00183851702604, 0.00131926336326, 0.00111702200957, 0.000991683453321, 0.00115857995115, 0.000688728119712, 0.000507064978592, 0.000499196525197, 0.00032317233854, 0.00112872279715, 0.00249922159128, 0.000592391064856, 0.000150366278831, 9.18175937841e-05, 5.55936203455e-05, 4.53094908153e-05, 8.79504004843e-05, 8.35615792312e-05, 0.000299160019495, 0.000411169254221, 8.39068306959e-05, 0.000141738681123, 0.000109880136733, 9.23058832996e-05, 0.000162671945873, 0.000181902287295, 0.000231285681366, 0.000218376924749, 9.71216068137e-05, 9.71300469246e-05, 8.5037019744e-05, 4.68844373245e-05, 5.67519164179e-05, 9.99063704512e-05, 7.12482942617e-05, 3.85618477594e-05, 6.52876187814e-05, 6.4747138822e-05, 4.99403104186e-05, 0.000117369861982, 7.57952439017e-05, 4.37173730461e-05, 2.05002379516e-05, 1.97142144316e-05, 7.380401712e-06, 9.95604386844e-06, 1.37336710395e-05, 1.16374976642e-05, 1.85890403372e-05, 3.13071141136e-05, 4.36567497673e-05, 4.21039876528e-05, 2.79824125755e-05, 1.32411933009e-05, 1.10944592961e-05, 1.00962597571e-05, 7.0282926572e-06, 6.61950207359e-06, 7.95236337581e-06, 4.33458035332e-06, 4.56270845461e-06, 5.18703882335e-06, 4.04144930144e-06, 6.13179372522e-06, 5.22249956703e-06, 2.87004854727e-06, 2.54077372119e-06, 2.6284562864e-06, 2.56064481619e-06, 2.98564782497e-06, 2.43245926868e-06, 2.08775145438e-06, 1.76242815542e-06, 1.51429162543e-06, 1.46678416968e-06, 1.1324073057e-06, 1.14414206109e-06, 1.22887877296e-06, 7.97946256625e-07, 8.45774877689e-07, 6.2908873133e-07, 4.31654285649e-07, 4.41877091362e-07, 4.43547378381e-07, 5.64889376165e-07, 4.20540629875e-07, 3.26366631498e-07, 2.34825279222e-07, 1.59652273624e-07, 1.30443311264e-07, 1.04750576213e-07, 9.30621624207e-08, 1.09071024212e-07, 6.92644803735e-08, 4.76593982057e-08, 1.84212165522e-08, 1.98099492366e-09, 6.5439320629e-10, 6.47624120997e-10, 1.49122866833e-10, 1.68645635651e-11, 1.62246032581e-11, 1.48626579793e-11, 1.45557194769e-11, 1.36226871797e-11, 1.3155853143e-11, 1.29109570257e-11, 1.26753720367e-11, 1.22808872446e-11, 1.20593916797e-11, 1.19695538203e-11]
    },
    "mfcc": {
        "mean": [-821.15411377, 106.530189514, -14.7413520813, 16.0521602631, -7.2507815361, 0.348683595657, -1.38889551163, -2.36426591873, -5.30717086792, 3.74101614952, -2.17605996132, 0.383072048426, -1.12050867081],
        "cov": [[74956.0078125, 16982.1425781, -2447.47753906, 2808.16674805, -1209.96484375, 45.091342926, -130.189804077, -360.87600708, -845.933837891, 666.080444336, -355.412994385, 45.4552078247, -256.946380615], [16982.1425781, 5453.5234375, -465.29864502, 865.775024414, -217.962493896, -108.561096191, -81.381652832, -200.12260437, -421.094482422, 121.531776428, -123.079154968, 37.2612228394, 57.3479919434], [-2447.47753906, -465.29864502, 579.920532227, 11.8423032761, 25.8083515167, 61.8041343689, -56.0828971863, -45.0540657043, -0.378830641508, -105.076271057, -1.03858685493, 8.97684860229, 18.8569030762], [2808.16674805, 865.775024414, 11.8423032761, 411.145019531, -10.5852460861, -21.4238243103, -43.8712615967, -45.9246253967, -97.7039489746, -6.80445051193, -50.5599746704, 0.989530265331, 16.8337230682], [-1209.96484375, -217.962493896, 25.8083515167, -10.5852460861, 134.272064209, -31.9454193115, -14.9432907104, 5.97070789337, -2.95306015015, 0.234903410077, -6.1707611084, 3.01052832603, 37.3857727051], [45.091342926, -108.561096191, 61.8041343689, -21.4238243103, -31.9454193115, 107.914123535, 5.31285476685, 6.1273522377, 31.0762901306, -14.4931850433, 17.2678089142, 4.01320695877, -20.8533115387], [-130.189804077, -81.381652832, -56.0828971863, -43.8712615967, -14.9432907104, 5.31285476685, 144.262496948, 56.1199111938, 2.14311265945, 35.1937408447, 35.1274681091, 8.19812393188, -35.2770996094], [-360.87600708, -200.12260437, -45.0540657043, -45.9246253967, 5.97070789337, 6.1273522377, 56.1199111938, 82.3498306274, 30.9033088684, 15.7292766571, 16.9863300323, 0.712288022041, -13.5293235779], [-845.933837891, -421.094482422, -0.378830641508, -97.7039489746, -2.95306015015, 31.0762901306, 2.14311265945, 30.9033088684, 103.327674866, 0.0217622965574, 13.4432420731, -6.03745174408, -21.3223800659], [666.080444336, 121.531776428, -105.076271057, -6.80445051193, 0.234903410077, -14.4931850433, 35.1937408447, 15.7292766571, 0.0217622965574, 74.0914382935, 17.9314689636, 6.07678127289, -5.20895528793], [-355.412994385, -123.079154968, -1.03858685493, -50.5599746704, -6.1707611084, 17.2678089142, 35.1274681091, 16.9863300323, 13.4432420731, 17.9314689636, 63.1058158875, 18.3605003357, -8.92359161377], [45.4552078247, 37.2612228394, 8.97684860229, 0.989530265331, 3.01052832603, 4.01320695877, 8.19812393188, 0.712288022041, -6.03745174408, 6.07678127289, 18.3605003357, 48.0669975281, 16.029209137], [-256.946380615, 57.3479919434, 18.8569030762, 16.8337230682, 37.3857727051, -20.8533115387, -35.2770996094, -13.5293235779, -21.3223800659, -5.20895528793, -8.92359161377, 16.029209137, 75.1703720093]],
        "icov": [[7.20457319403e-05, -0.00020838684577, 0.000101847959741, -0.000119186850497, 0.000191775296116, -0.000200084221433, 0.000126774786622, -0.000134672372951, -0.000239126209635, -0.000250838609645, 0.000116655617603, -5.82815737289e-05, 0.000231823534705], [-0.00020838684577, 0.00106496561784, 1.64184912137e-05, -0.000247881893301, 0.000142436401802, 0.000430991873145, -0.000208721336094, 0.000794257270172, 0.0018630370032, 9.42364349612e-05, 1.2039907233e-05, -0.000160228853929, -0.000809075136203], [0.000101847959741, 1.64184912137e-05, 0.00297405244783, -0.000672756345011, -0.000112598594569, -0.00160999665968, 0.000112939174869, 0.00121871288866, 0.000422636861913, 0.00276897312142, -0.00053505069809, -0.000641376536805, 6.93211723046e-06], [-0.000119186850497, -0.000247881893301, -0.000672756345011, 0.00449531385675, -0.000902717292774, 6.76001654938e-05, 0.000518839224242, -0.000463152740849, 0.00220430013724, 0.000445827376097, 0.00172503700014, -0.00029652059311, 0.000495798245538], [0.000191775296116, 0.000142436401802, -0.000112598594569, -0.000902717292774, 0.0111520476639, 0.00183552247472, 0.0010332018137, -0.00163256691303, 0.000568837916944, -0.00257453159429, 0.0011269855313, 3.06834226649e-05, -0.0039587430656], [-0.000200084221433, 0.000430991873145, -0.00160999665968, 6.76001654938e-05, 0.00183552247472, 0.0132680842653, -0.000298480968922, -3.81316385756e-05, -0.00316245644353, 0.00246621365659, -0.00314942281693, -0.000884891836904, 0.00108560093213], [0.000126774786622, -0.000208721336094, 0.000112939174869, 0.000518839224242, 0.0010332018137, -0.000298480968922, 0.0136268399656, -0.00826315861195, 0.00443872576579, -0.00411336263642, -0.00281820469536, -0.0020213664975, 0.00582968676463], [-0.000134672372951, 0.000794257270172, 0.00121871288866, -0.000463152740849, -0.00163256691303, -3.81316385756e-05, -0.00826315861195, 0.0210070535541, -0.00476412614807, 0.000983859994449, -0.000507764576469, 0.000650540809147, -0.00204605865292], [-0.000239126209635, 0.0018630370032, 0.000422636861913, 0.00220430013724, 0.000568837916944, -0.00316245644353, 0.00443872576579, -0.00476412614807, 0.0202379524708, -0.00171152001712, 0.000439015129814, -0.000190790437046, 0.00294181681238], [-0.000250838609645, 9.42364349612e-05, 0.00276897312142, 0.000445827376097, -0.00257453159429, 0.00246621365659, -0.00411336263642, 0.000983859994449, -0.00171152001712, 0.0232070554048, -0.0060490113683, -0.000203114235774, -0.00106457935181], [0.000116655617603, 1.2039907233e-05, -0.00053505069809, 0.00172503700014, 0.0011269855313, -0.00314942281693, -0.00281820469536, -0.000507764576469, 0.000439015129814, -0.0060490113683, 0.0249937102199, -0.00870832242072, 0.00181867473293], [-5.82815737289e-05, -0.000160228853929, -0.000641376536805, -0.00029652059311, 3.06834226649e-05, -0.000884891836904, -0.0020213664975, 0.000650540809147, -0.000190790437046, -0.000203114235774, -0.00870832242072, 0.0274804085493, -0.00790380500257], [0.000231823534705, -0.000809075136203, 6.93211723046e-06, 0.000495798245538, -0.0039587430656, 0.00108560093213, 0.00582968676463, -0.00204605865292, 0.00294181681238, -0.00106457935181, 0.00181867473293, -0.00790380500257, 0.0218996107578]]
    },
    "spectral_contrast_coeffs": {
        "max": [-0.374511480331, -0.470025271177, -0.414717972279, -0.586775481701, -0.558729887009, -0.596740424633],
        "mean": [-0.78635263443, -0.774793982506, -0.767057240009, -0.816200494766, -0.820127189159, -0.791717410088],
        "min": [-0.987097680569, -0.986179292202, -0.984933018684, -0.983911752701, -0.981398522854, -0.974091172218],
        "stdev": [0.125222399831, 0.131417423487, 0.14482742548, 0.0993334427476, 0.0974449217319, 0.10912976414]
    },
    "spectral_contrast_valleys": {
        "max": [-5.57241153717, -5.34527540207, -5.6287484169, -5.68255233765, -5.98633956909, -8.30441856384],
        "mean": [-12.3220033646, -12.1926012039, -12.7966518402, -12.9884262085, -13.0263566971, -15.5475740433],
        "min": [-28.1036090851, -28.1932830811, -28.2846450806, -27.7664699554, -27.5605888367, -27.5010700226],
        "stdev": [9.0427274704, 9.11261177063, 8.77740573883, 8.63540363312, 8.62680053711, 7.13644647598]
    }
},
"rhythm": {
    "beats_count": 77,
    "beats_loudness": {
        "max": 0.073685452342,
        "mean": 0.0207909941673,
        "min": 0,
        "stdev": 0.0182755123824
    },
    "bpm": 146.490112305,
    "bpm_histogram_first_peak_bpm": 148,
    "bpm_histogram_first_peak_weight": 0.541666686535,
    "bpm_histogram_second_peak_bpm": 110,
    "bpm_histogram_second_peak_spread": 0.565217375755,
    "bpm_histogram_second_peak_weight": 0.131578952074,
    "danceability": 0.818756401539,
    "onset_rate": 1.45723187923,
    "beats_loudness_band_ratio": {
        "max": [0.739506244659, 0.650632321835, 0.793852508068, 0.505718648434, 0.618628323078, 0.251235127449],
        "mean": [0.15028141439, 0.199997320771, 0.29261302948, 0.132458940148, 0.073509760201, 0.033489830792],
        "min": [0, 0, 0, 0, 0, 0],
        "stdev": [0.162478595972, 0.187639400363, 0.230055272579, 0.141435921192, 0.12997853756, 0.0457793362439]
    },
