{
"metadata": {
    "version": {
        "essentia": "2.1-beta5",
        "essentia_git_sha": "Undefined",
        "extractor": "music 2.0"
    },
    "audio_properties": {
        "analysis": {
            "equal_loudness": 0,
            "length": 12.7477550507,
            "sample_rate": 44100,
            "start_time": 0,
            "downmix": "mix"
        },
        "bit_rate": 192000,
        "length": 178.770431519,
        "lossless": 0,
        "number_channels": 2,
        "replay_gain": -7.95000267029,
        "sample_rate": 44100,
        "codec": "mp3",
        "md5_encoded": "bb900a12343f5004952af0f26d2a9ea8"
    },
    "tags": {
        "file_name": "Austria_Nur Noch Gefühl_Gary Lux.mp3",
        "encoding": ["Lavf58.29.100"]
    }
},
"lowlevel": {
    "average_loudness": 0.425358742476,
    "barkbands_crest": {
        "max": 22.5357036591,
        "mean": 10.756360054,
        "min": 3.02535223961,
        "stdev": 4.29993009567
    },
    "barkbands_flatness_db": {
        "max": 0.27713394165,
        "mean": 0.164621517062,
        "min": 0.0646363347769,
        "stdev": 0.051891323179
    },
    "barkbands_kurtosis": {
        "max": 32.4022674561,
        "mean": 6.31252813339,
        "min": -1.13693487644,
        "stdev": 5.75711631775
    },
    "barkbands_skewness": {
        "max": 4.4648065567,
        "mean": 1.81750953197,
        "min": -1.88872456551,
        "stdev": 0.839827239513
    },
    "barkbands_spread": {
        "max": 48.0151367188,
        "mean": 13.8219842911,
        "min": 2.03037071228,
        "stdev": 10.4197807312
    },
    "dissonance": {
        "max": 0.499217361212,
        "mean": 0.441995531321,
        "min": 0.321722924709,
        "stdev": 0.0399203300476
    },
    "dynamic_complexity": 7.86589193344,
    "erbbands_crest": {
        "max": 28.6237640381,
        "mean": 11.2093439102,
        "min": 1.94727277756,
        "stdev": 5.57499504089
    },
    "erbbands_flatness_db": {
        "max": 0.302723795176,
        "mean": 0.194202855229,
        "min": 0.0911643952131,
        "stdev": 0.0482605025172
    },
    "erbbands_kurtosis": {
        "max": 16.8416595459,
        "mean": 1.84684431553,
        "min": -1.47035157681,
        "stdev": 3.01439166069
    },
    "erbbands_skewness": {
        "max": 3.60425281525,
        "mean": 1.10747480392,
        "min": -1.08074438572,
        "stdev": 0.823649287224
    },
    "erbbands_spread": {
        "max": 87.6866226196,
        "mean": 30.737613678,
        "min": 4.8805270195,
        "stdev": 18.6311607361
    },
    "hfc": {
        "max": 44.9031639099,
        "mean": 6.67908096313,
        "min": 1.17896186588e-16,
        "stdev": 8.28138256073
    },
    "loudness_ebu128": {
        "integrated": -17.907749176,
        "loudness_range": 15.1298694611,
        "momentary": {
            "max": -11.9860715866,
            "mean": -23.9578018188,
            "min": -39.57447052,
            "stdev": 8.0158624649
        },
        "short_term": {
            "max": -14.284942627,
            "mean": -22.5187282562,
            "min": -34.8378372192,
            "stdev": 5.43848896027
        }
    },
    "melbands_crest": {
        "max": 28.084197998,
        "mean": 13.6852054596,
        "min": 1.89622294903,
        "stdev": 4.99727630615
    },
    "melbands_flatness_db": {
        "max": 0.337783545256,
        "mean": 0.21084445715,
        "min": 0.00509284529835,
        "stdev": 0.0596057884395
    },
    "melbands_kurtosis": {
        "max": 53.2314338684,
        "mean": 12.1081447601,
        "min": -1.08405530453,
        "stdev": 8.90733909607
    },
    "melbands_skewness": {
        "max": 5.23431062698,
        "mean": 2.33458924294,
        "min": -0.0829683840275,
        "stdev": 1.04909658432
    },
    "melbands_spread": {
        "max": 121.317619324,
        "mean": 14.9653501511,
        "min": 2.5087389946,
        "stdev": 11.9169197083
    },
    "pitch_salience": {
        "max": 0.85308688879,
        "mean": 0.595130562782,
        "min": 0.233750119805,
        "stdev": 0.110879801214
    },
    "silence_rate_20dB": {
        "max": 1,
        "mean": 1,
        "min": 1,
        "stdev": 0
    },
    "silence_rate_30dB": {
        "max": 1,
        "mean": 0.998181819916,
        "min": 0,
        "stdev": 0.0426013432443
    },
    "silence_rate_60dB": {
        "max": 1,
        "mean": 0.423636376858,
        "min": 0,
        "stdev": 0.494133412838
    },
    "spectral_centroid": {
        "max": 11531.3496094,
        "mean": 920.909484863,
        "min": 323.700439453,
        "stdev": 638.967773438
    },
    "spectral_complexity": {
        "max": 25,
        "mean": 8.76909065247,
        "min": 0,
        "stdev": 5.99752950668
    },
    "spectral_decrease": {
        "max": 1.13632996355e-28,
        "mean": -3.89794774236e-09,
        "min": -2.70811586489e-08,
        "stdev": 5.46603828866e-09
    },
    "spectral_energy": {
        "max": 0.105869799852,
        "mean": 0.0153175713494,
        "min": 1.02646546656e-20,
        "stdev": 0.0213627386838
    },
    "spectral_energyband_high": {
        "max": 0.00036004697904,
        "mean": 4.11873661506e-05,
        "min": 6.76123821379e-21,
        "stdev": 3.1966210372e-05
    },
    "spectral_energyband_low": {
        "max": 0.0166883524507,
        "mean": 0.00154078216292,
        "min": 3.98017529364e-23,
        "stdev": 0.00303544476628
    },
    "spectral_energyband_middle_high": {
        "max": 0.00806153938174,
        "mean": 0.00112833396997,
        "min": 1.84668314091e-21,
        "stdev": 0.00137858220842
    },
    "spectral_energyband_middle_low": {
        "max": 0.0993879660964,
        "mean": 0.0130909727886,
        "min": 2.60490933338e-22,
        "stdev": 0.0192101150751
    },
    "spectral_entropy": {
        "max": 9.80016994476,
        "mean": 7.28032159805,
        "min": 6.17171669006,
        "stdev": 0.547106862068
    },
    "spectral_flux": {
        "max": 0.250848084688,
        "mean": 0.0329816490412,
        "min": 1.01314630296e-10,
        "stdev": 0.0284169819206
    },
    "spectral_kurtosis": {
        "max": 23.9308280945,
        "mean": 5.16973304749,
        "min": -1.23181593418,
        "stdev": 4.07049608231
    },
    "spectral_rms": {
        "max": 0.0101630510762,
        "mean": 0.00298705161549,
        "min": 3.16453742551e-12,
        "stdev": 0.00245387433097
    },
    "spectral_rolloff": {
        "max": 19789.0136719,
        "mean": 953.490661621,
        "min": 301.46484375,
        "stdev": 1212.17614746
    },
    "spectral_skewness": {
        "max": 3.82569527626,
        "mean": 1.77176630497,
        "min": -0.0335881188512,
        "stdev": 0.586105167866
    },
    "spectral_spread": {
        "max": 41250404,
        "mean": 4258526.5,
        "min": 2020757.875,
        "stdev": 1953702.125
    },
    "spectral_strongpeak": {
        "max": 3.38332653046,
        "mean": 0.831025362015,
        "min": 0,
        "stdev": 0.711852788925
    },
    "zerocrossingrate": {
        "max": 0.51513671875,
        "mean": 0.0448375344276,
        "min": 0.01318359375,
        "stdev": 0.0335754267871
    },
    "barkbands": {
        "max": [0.000941296806559, 0.0063488194719, 0.0101019283757, 0.0127833010629, 0.0691060423851, 0.0301044993103, 0.0379552803934, 0.0252528022975, 0.00569172622636, 0.00536160124466, 0.00121804338414, 0.00170649215579, 0.00205747713335, 0.00129652314354, 0.00147827481851, 0.0012402497232, 0.000758719572332, 0.000307573325699, 0.000276161386864, 0.000307132984744, 0.00033779189107, 6.84277183609e-05, 2.93578850687e-05, 1.10010023491e-05, 3.57818089469e-06, 2.40667930029e-07, 9.9404138254e-09],
        "mean": [3.99809905502e-05, 0.000342698098393, 0.000684266269673, 0.000688573520165, 0.00454706791788, 0.00244619022124, 0.00318979122676, 0.00157473911531, 0.00062508956762, 0.000329444330418, 8.15600942587e-05, 0.000185178781976, 0.000123373669339, 0.000109533692012, 0.000118445168482, 8.03027505754e-05, 3.95892275264e-05, 3.22406885971e-05, 2.69922056759e-05, 1.57656777446e-05, 1.52881802933e-05, 7.76949673309e-06, 7.28972008801e-06, 4.74655280414e-06, 1.59362082286e-06, 7.02254325802e-08, 5.7258786601e-10],
        "min": [4.20297477794e-24, 1.81956431811e-23, 8.91537699581e-24, 1.87176087762e-23, 7.71205503965e-23, 4.88549952083e-23, 5.55942844087e-23, 1.86737007782e-23, 3.10624331286e-23, 3.33341726753e-23, 4.95902893027e-23, 8.77836337394e-23, 9.87782847872e-23, 1.40742958642e-22, 1.82638540903e-22, 1.07509258447e-22, 3.08974425547e-22, 2.82924319947e-22, 3.15759790535e-22, 3.65178707695e-22, 3.56453047802e-22, 3.32613570273e-22, 6.90355477955e-22, 6.56237256426e-22, 9.38638353333e-22, 1.50742266651e-21, 2.38644999455e-21],
        "stdev": [0.000102429934486, 0.000804746930953, 0.00159670098219, 0.00157223525457, 0.00949567370117, 0.00500911287963, 0.00566001841798, 0.00336281419732, 0.00104801007546, 0.000706366088707, 0.000147834725794, 0.000263156805886, 0.000203447751119, 0.00016585974663, 0.000210650527151, 0.00014567047765, 8.23124210001e-05, 4.60729570477e-05, 3.72743052139e-05, 3.08632734232e-05, 2.0046132704e-05, 7.22810955267e-06, 3.77912397198e-06, 2.17714591599e-06, 5.93427330386e-07, 2.96889464124e-08, 1.26262744704e-09]
    },
    "erbbands": {
        "max": [0.164666295052, 1.47893249989, 6.19840097427, 28.5756111145, 153.183486938, 223.425643921, 595.426147461, 367.983032227, 655.814208984, 517.33404541, 380.272888184, 94.240814209, 127.131767273, 103.443809509, 42.5729446411, 59.1486587524, 84.6320037842, 72.6228408813, 94.603805542, 51.0481033325, 84.3250045776, 31.5839481354, 26.416097641, 19.1004524231, 18.3932857513, 12.0736207962, 18.4263763428, 4.94919204712, 3.2340722084, 1.28792488575, 0.7062972188, 0.351900756359, 0.132259428501, 0.0653274059296, 0.0157514847815, 0.00210985005833, 9.62136327871e-05, 1.10314385893e-05, 5.02481307194e-05, 0.000118131640193],
        "mean": [0.0090710548684, 0.0856672078371, 0.484827548265, 2.28857922554, 6.31794548035, 11.8275547028, 28.9830646515, 23.3162384033, 56.1399497986, 24.2594184875, 28.3787746429, 12.8390617371, 10.1627130508, 6.50896120071, 4.68704080582, 6.1189160347, 5.90413284302, 4.79590177536, 6.92472648621, 4.49975824356, 5.14074420929, 2.63155221939, 2.25107097626, 1.46164619923, 1.01515471935, 0.736229479313, 0.712148666382, 0.451234221458, 0.288106590509, 0.245497748256, 0.19931538403, 0.129813984036, 0.0599890500307, 0.0252936948091, 0.00774559611455, 0.000870417803526, 3.14872304443e-05, 2.78833567791e-06, 7.62607714933e-06, 1.72702457348e-05],
        "min": [5.19402731227e-22, 4.0050053659e-21, 9.1667420391e-21, 4.14489962128e-20, 1.07048241267e-19, 3.00352149701e-19, 3.45854915758e-19, 4.7817077824e-19, 5.02303669214e-19, 8.10410042621e-19, 5.37469495198e-19, 5.50992709141e-19, 9.96316817341e-19, 1.91500376817e-18, 2.2252639131e-18, 3.84291734416e-18, 4.31425478336e-18, 4.52749615501e-18, 1.01293411071e-17, 8.20498730283e-18, 7.11396419901e-18, 1.771756352e-17, 1.82523208968e-17, 1.37733785894e-17, 1.62984607329e-17, 1.80569590341e-17, 1.15927865652e-17, 1.61618650896e-17, 1.09711082225e-17, 1.6521308153e-17, 1.98103188892e-17, 1.47144859605e-17, 1.19081930143e-17, 8.8457263684e-18, 7.63578612536e-18, 5.32241920522e-18, 2.9565852528e-18, 1.08105826577e-18, 3.23868015636e-19, 3.97179042923e-20],
        "stdev": [0.0189271401614, 0.199144169688, 0.990385234356, 4.95465755463, 17.4806308746, 24.9357471466, 63.7842674255, 49.8077392578, 100.648933411, 56.1378669739, 48.5668487549, 19.5600624084, 18.1558589935, 12.9269981384, 6.89857435226, 8.38894748688, 8.76996040344, 7.13386487961, 10.9733457565, 7.23475980759, 9.60514736176, 4.30970096588, 3.26100325584, 1.93889951706, 1.57089567184, 1.2932561636, 1.13668465614, 0.502904653549, 0.284361869097, 0.15599873662, 0.103617861867, 0.0625654757023, 0.026968145743, 0.010675075464, 0.00247708684765, 0.00024380661489, 1.45921576404e-05, 1.90639184439e-06, 1.01540981632e-05, 2.38235861616e-05]
    },
    "gfcc": {
        "mean": [-111.532318115, 128.329833984, -134.384796143, 37.0275230408, -82.5163116455, 13.3679037094, -48.4192085266, 0.1183944121, -11.5152215958, -4.73304843903, -1.61756026745, -13.4865026474, 0.583344101906],
        "cov": [[9287.27832031, 2516.08520508, -809.518005371, -843.042236328, -302.934265137, -1000.46185303, -290.727661133, -525.432617188, 342.14932251, -346.910675049, 263.771575928, -381.856567383, 187.441085815], [2516.08520508, 898.148864746, -85.7733154297, -342.260650635, -59.6065673828, -406.113677979, -85.2911453247, -228.896606445, 127.33744812, -146.381820679, 96.2928390503, -133.739471436, 83.1626358032], [-809.518005371, -85.7733154297, 367.493682861, 139.293395996, 6.50105857849, 27.7694797516, -20.6743526459, -28.5332584381, -53.4290771484, -8.96784591675, -24.6942367554, 37.0318565369, 10.5060558319], [-843.042236328, -342.260650635, 139.293395996, 304.045715332, 56.3080825806, 209.96875, 5.64783287048, 81.0452880859, -101.440948486, 35.3170013428, -69.4430389404, 52.7976112366, -37.0979881287], [-302.934265137, -59.6065673828, 6.50105857849, 56.3080825806, 122.974754333, 49.83852005, 9.97772026062, -0.776979744434, -24.5057945251, -22.2341594696, -30.2104244232, -5.78170156479, -9.41704082489], [-1000.46185303, -406.113677979, 27.7694797516, 209.96875, 49.83852005, 292.312957764, 53.0781745911, 122.250556946, -78.7520065308, 58.2387084961, -76.1094970703, 52.5239028931, -49.5759658813], [-290.727661133, -85.2911453247, -20.6743526459, 5.64783287048, 9.97772026062, 53.0781745911, 67.3137283325, 53.9365768433, 0.869294881821, 15.079864502, -8.92799854279, 6.04549884796, -17.0659561157], [-525.432617188, -228.896606445, -28.5332584381, 81.0452880859, -0.776979744434, 122.250556946, 53.9365768433, 130.790512085, 0.457132816315, 39.9373626709, -32.2867355347, 20.2833862305, -43.7417526245], [342.14932251, 127.33744812, -53.4290771484, -101.440948486, -24.5057945251, -78.7520065308, 0.869294881821, 0.457132816315, 93.403678894, 18.7446956635, 32.8062438965, -28.3006362915, 5.9512963295], [-346.910675049, -146.381820679, -8.96784591675, 35.3170013428, -22.2341594696, 58.2387084961, 15.079864502, 39.9373626709, 18.7446956635, 95.9083786011, 27.0380382538, 32.4279212952, -15.1459598541], [263.771575928, 96.2928390503, -24.6942367554, -69.4430389404, -30.2104244232, -76.1094970703, -8.92799854279, -32.2867355347, 32.8062438965, 27.0380382538, 80.0054168701, 12.4444723129, 5.39189863205], [-381.856567383, -133.739471436, 37.0318565369, 52.7976112366, -5.78170156479, 52.5239028931, 6.04549884796, 20.2833862305, -28.3006362915, 32.4279212952, 12.4444723129, 68.7525939941, 11.5849142075], [187.441085815, 83.1626358032, 10.5060558319, -37.0979881287, -9.41704082489, -49.5759658813, -17.0659561157, -43.7417526245, 5.9512963295, -15.1459598541, 5.39189863205, 11.5849142075, 60.2905158997]],
        "icov": [[0.00303498702124, -0.0110364435241, 0.00680158194155, -0.00584655581042, 0.00484190322459, -0.00100864726119, 0.00360543676652, -0.00122405204456, 0.000930246722419, -0.00110411155038, 0.00132611230947, -0.00206408114173, 0.00097308732802], [-0.0110364435241, 0.0483764782548, -0.0236542671919, 0.0189774744213, -0.0140211237594, 0.00407889299095, -0.0151385730132, 0.0134718436748, -0.0124699948356, 0.0156146325171, -0.0123706394807, 0.0148823559284, -0.0065646506846], [0.00680158194155, -0.0236542671919, 0.0199317485094, -0.0175853800029, 0.012928346172, -0.00072404765524, 0.00525205768645, 0.003276507603, -0.00193067884538, 0.000362317805411, 0.00464549660683, -0.0077065192163, 0.00382284121588], [-0.00584655581042, 0.0189774744213, -0.0175853800029, 0.0267566740513, -0.0149271413684, -0.0014885579003, 0.00292504159734, -0.00988262239844, 0.0121760973707, -0.00691656861454, 0.000310182134854, 0.00449713040143, -0.00220074458048], [0.00484190322459, -0.0140211237594, 0.012928346172, -0.0149271413684, 0.0213926918805, -0.00385805987753, -0.00038430877612, 0.00990820396692, -0.00797262974083, 0.00864451099187, 0.000754224893171, -0.00209237309173, 0.00339110940695], [-0.00100864726119, 0.00407889299095, -0.00072404765524, -0.0014885579003, -0.00385805987753, 0.0169955585152, -0.00538075296208, -0.00264231837355, 0.00566413812339, -0.00818489398807, 0.0108416173607, -0.00462724966928, 0.0039565032348], [0.00360543676652, -0.0151385730132, 0.00525205768645, 0.00292504159734, -0.00038430877612, -0.00538075296208, 0.0344012007117, -0.021620567888, 0.0115012386814, -0.00645816978067, -0.00225176592357, 0.00158259179443, -0.00273627066053], [-0.00122405204456, 0.0134718436748, 0.003276507603, -0.00988262239844, 0.00990820396692, -0.00264231837355, -0.021620567888, 0.0465221442282, -0.0310416128486, 0.017691379413, 0.00490268599242, -0.00814464781433, 0.0142135294154], [0.000930246722419, -0.0124699948356, -0.00193067884538, 0.0121760973707, -0.00797262974083, 0.00566413812339, 0.0115012386814, -0.0310416128486, 0.047731846571, -0.0291134864092, 0.00228396686725, 0.0100412424654, -0.00787527766079], [-0.00110411155038, 0.0156146325171, 0.000362317805411, -0.00691656861454, 0.00864451099187, -0.00818489398807, -0.00645816978067, 0.017691379413, -0.0291134864092, 0.0442261956632, -0.0225537214428, 0.003161536064, -0.00140377390198], [0.00132611230947, -0.0123706394807, 0.00464549660683, 0.000310182134854, 0.000754224893171, 0.0108416173607, -0.00225176592357, 0.00490268599242, 0.00228396686725, -0.0225537214428, 0.0469321683049, -0.0291576888412, 0.0197885781527], [-0.00206408114173, 0.0148823559284, -0.0077065192163, 0.00449713040143, -0.00209237309173, -0.00462724966928, 0.00158259179443, -0.00814464781433, 0.0100412424654, 0.003161536064, -0.0291576888412, 0.050810854882, -0.0269464906305], [0.00097308732802, -0.0065646506846, 0.00382284121588, -0.00220074458048, 0.00339110940695, 0.0039565032348, -0.00273627066053, 0.0142135294154, -0.00787527766079, -0.00140377390198, 0.0197885781527, -0.0269464906305, 0.0377492457628]]
    },
    "melbands": {
        "max": [0.00175097002648, 0.0026913585607, 0.00645868340507, 0.0139385629445, 0.0196420028806, 0.00726614939049, 0.00840253941715, 0.00591801246628, 0.00252244621515, 0.000644308223855, 0.000683023943566, 0.000546854629647, 0.000164447526913, 0.000195724031073, 0.000242108275415, 0.000277067360003, 0.000132718618261, 0.000142450764542, 0.000138715433422, 3.08652452077e-05, 0.000110242472147, 2.69236588792e-05, 5.27821284777e-05, 2.02082974283e-05, 1.88388730749e-05, 1.54264616867e-05, 1.60959207278e-05, 5.49473770661e-06, 1.27097328004e-05, 4.04225193051e-06, 3.10553946292e-06, 2.5407675821e-06, 1.83022837064e-06, 6.42368831905e-07, 5.03175556332e-07, 2.75298191355e-07, 2.10358052755e-07, 9.97537767944e-08, 7.73064172677e-08, 4.91197233998e-08],
        "mean": [9.28135559661e-05, 0.000237595842918, 0.000465577555588, 0.000674876500852, 0.000977378920652, 0.000567517767195, 0.000730925705284, 0.000283055269392, 0.000207738776226, 7.66023076721e-05, 5.33153361175e-05, 3.22733321809e-05, 1.24730886455e-05, 1.94341409951e-05, 1.46335105455e-05, 1.40833444675e-05, 8.0135787357e-06, 1.12546895252e-05, 9.73979877017e-06, 3.370720151e-06, 6.32728006167e-06, 2.30367209042e-06, 2.43662907451e-06, 1.49927677739e-06, 1.19092658224e-06, 9.47017383623e-07, 7.11797611075e-07, 3.75488667714e-07, 5.0624441883e-07, 2.83125245915e-07, 2.35358442069e-07, 1.58988868293e-07, 1.52768862449e-07, 1.32752120408e-07, 1.18896963386e-07, 9.82428218776e-08, 7.25802991042e-08, 4.46465584503e-08, 2.83971104409e-08, 1.89955713381e-08],
        "min": [5.27032409309e-24, 5.50406042386e-24, 8.77917384964e-24, 1.420261545e-23, 1.40535286275e-23, 1.03058468932e-23, 9.19836743492e-24, 7.42283086389e-24, 4.71431638886e-24, 3.80362538316e-24, 4.84343043651e-24, 7.24230477889e-24, 6.86362156767e-24, 1.10098760632e-23, 1.0447547611e-23, 8.10503383042e-24, 8.74343056202e-24, 1.69794736784e-23, 1.42826233007e-23, 7.96193998424e-24, 8.81293315208e-24, 1.83214885835e-23, 1.96787111492e-23, 1.24211253457e-23, 1.1181000504e-23, 1.09710388632e-23, 1.48111900839e-23, 1.05816153107e-23, 6.18061159644e-24, 6.95698325581e-24, 1.14910772711e-23, 6.27554390663e-24, 5.76746975758e-24, 1.02379417465e-23, 1.09919255333e-23, 9.81833164261e-24, 9.25658142542e-24, 7.69187739764e-24, 7.70985553767e-24, 7.51815918226e-24],
        "stdev": [0.00021291009034, 0.000464873330202, 0.000941808451898, 0.00158424826805, 0.00216652220115, 0.00108911725692, 0.00129849056248, 0.0006773264613, 0.000342162209563, 0.000120815588161, 9.94038709905e-05, 6.80166849634e-05, 2.05941378226e-05, 2.93814500765e-05, 2.64814170805e-05, 2.69708671112e-05, 1.29231630126e-05, 1.81244740816e-05, 1.80253246072e-05, 4.5633209993e-06, 1.27697167045e-05, 3.943120646e-06, 5.0345188356e-06, 2.22910125558e-06, 1.71950273398e-06, 1.40563986406e-06, 1.62817866567e-06, 6.20603373136e-07, 8.41000769469e-07, 3.50476511812e-07, 2.69101263939e-07, 1.78711957233e-07, 1.7055016599e-07, 7.73540307364e-08, 6.57631247236e-08, 5.01129626684e-08, 3.59526381999e-08, 2.08003179125e-08, 1.32845219269e-08, 8.17732548342e-09]
    },
    "melbands128": {
        "max": [0.000369675224647, 0.000877311977092, 0.00317430659197, 0.00216879905201, 0.00114979199134, 0.00663043139502, 0.00736579066142, 0.00982824061066, 0.0174123384058, 0.0252634398639, 0.0119584305212, 0.0288329198956, 0.0277960710227, 0.0118115786463, 0.012630533427, 0.00680166855454, 0.0163658913225, 0.00872922316194, 0.00164765608497, 0.00613149534911, 0.0100035071373, 0.0071716485545, 0.00177963753231, 0.00230057234876, 0.000656036136206, 0.00116122863255, 0.00199121935293, 0.000388319662306, 0.00180660013575, 0.000809469318483, 0.000258645566646, 0.000314061238896, 0.000235686471569, 0.000272961129667, 0.000373124843463, 0.000252574885963, 0.000129342719447, 0.000542860594578, 9.04227272258e-05, 0.000208747951547, 0.000522661663126, 0.00026467256248, 0.000234553997871, 0.000111622175609, 0.000239745335421, 0.000203653471544, 0.000272925914032, 0.000264184753178, 0.000149822721141, 6.54951363686e-05, 5.44558170077e-05, 3.71156602341e-05, 0.000264365429757, 7.40359537303e-05, 3.68831024389e-05, 4.86943426949e-05, 5.34642131242e-05, 0.00014132745855, 3.72880531359e-05, 3.62377977581e-05, 2.16938078665e-05, 4.35792680946e-05, 2.96751004498e-05, 2.29615379794e-05, 4.24079807999e-05, 2.81719403574e-05, 3.05179601128e-05, 1.65889232449e-05, 3.50629379682e-05, 2.14243082155e-05, 5.22054369867e-06, 3.18585421155e-06, 1.28096589833e-05, 2.46988347499e-05, 1.60919607879e-05, 6.08227219345e-06, 2.83779036181e-06, 5.04508125232e-06, 6.3550228333e-06, 7.78479943619e-07, 5.97523830947e-06, 1.66475206242e-06, 1.7668402279e-06, 3.56578129868e-06, 5.80371249725e-07, 7.2611237556e-07, 1.00091858712e-06, 9.4348820312e-07, 4.40812158331e-07, 4.61652291506e-07, 3.69461417904e-07, 3.24106650851e-07, 2.54324930893e-07, 3.10471506282e-07, 1.81970449376e-07, 1.52452713564e-07, 1.3012551392e-07, 1.13645128863e-07, 9.83027916845e-08, 7.7418235378e-08, 7.77397346496e-08, 5.59124302413e-08, 4.21617016855e-08, 3.54199265473e-08, 2.30796945999e-08, 1.23385941464e-08, 8.11723932514e-09, 6.28687990556e-09, 3.894381706e-09, 2.41375208709e-09, 5.50835876911e-10, 1.13918999234e-10, 1.01168039224e-10, 9.163268061e-11, 8.1396417384e-11, 7.32111246626e-11, 6.32544086554e-11, 5.77433482973e-11, 4.88828734435e-11, 4.40510267152e-11, 4.29433953675e-11, 4.20424077496e-11, 4.11844204573e-11, 4.05158302741e-11, 3.99967975406e-11, 3.95202065517e-11, 3.9206030783e-11, 3.89863523409e-11],
        "mean": [1.5735568013e-05, 5.65811642446e-05, 0.00014492063201, 0.000127096529468, 0.000114349044452, 0.000435308931628, 0.000516614178196, 0.000255380611634, 0.00069438671926, 0.000781337323133, 0.000408969819546, 0.00129263882991, 0.00117907323875, 0.00050925539108, 0.000494095904287, 0.000340211903676, 0.00133147870656, 0.000768581405282, 9.65588696999e-05, 0.000195572487428, 0.00044317485299, 0.000365744373994, 0.000128993371618, 0.000137625800562, 5.65399677726e-05, 8.04481096566e-05, 4.0803453885e-05, 2.45041228482e-05, 0.000107548396045, 3.59627556463e-05, 9.15562486625e-06, 1.16927767522e-05, 8.93727428775e-06, 1.3783020222e-05, 2.94165311061e-05, 1.64223783941e-05, 8.01461919764e-06, 2.8396723792e-05, 4.68736516268e-06, 1.06450961539e-05, 2.24411978706e-05, 7.49567925595e-06, 6.29428586763e-06, 5.88074090047e-06, 1.71446699824e-05, 1.04501432361e-05, 7.86891905591e-06, 1.36486414704e-05, 8.69408358994e-06, 2.16298712985e-06, 2.65198400484e-06, 2.99622934108e-06, 1.26207987705e-05, 3.66928907169e-06, 1.17797060284e-06, 2.8653607842e-06, 2.45293654189e-06, 2.90264301839e-06, 1.97161193682e-06, 2.81538041236e-06, 1.11180850126e-06, 1.12238490146e-06, 6.69726944125e-07, 1.00351780929e-06, 2.43950285039e-06, 6.192234423e-07, 4.96851043863e-07, 4.41671005547e-07, 9.87297767097e-07, 8.08943866559e-07, 2.57288434113e-07, 1.94544568899e-07, 3.25589951444e-07, 8.42730116801e-07, 3.40184982406e-07, 2.04925882485e-07, 2.41854849037e-07, 4.08136116903e-07, 1.81958597523e-07, 1.44051128359e-07, 1.89932464423e-07, 1.3335487381e-07, 1.59202457439e-07, 1.71745014654e-07, 1.3336051552e-07, 1.14781840921e-07, 1.53610102416e-07, 1.32862439273e-07, 1.10700533185e-07, 1.15113387267e-07, 9.92002071598e-08, 1.0238641579e-07, 7.94142138716e-08, 8.00471795515e-08, 5.87086717019e-08, 5.3444740189e-08, 4.10171416831e-08, 3.49798945365e-08, 2.95435356179e-08, 2.490197204e-08, 2.05820303023e-08, 1.90092013241e-08, 1.495633839e-08, 1.39623512752e-08, 7.67501528998e-09, 4.74749661805e-09, 3.69354280494e-09, 2.37984232321e-09, 5.39796318755e-10, 1.78516659788e-10, 2.32202763961e-11, 3.33359707026e-12, 3.20680352932e-12, 3.08483642276e-12, 2.97477103714e-12, 2.87658547156e-12, 2.77563627464e-12, 2.68777534951e-12, 2.60380627649e-12, 2.53583590758e-12, 2.47339150029e-12, 2.42050043203e-12, 2.36716007039e-12, 2.32285805174e-12, 2.29142226027e-12, 2.26448070365e-12, 2.24698428267e-12, 2.23114538997e-12],
        "min": [3.97697165062e-24, 4.29554721074e-24, 5.72550906274e-24, 7.2775337292e-24, 4.15135014258e-24, 5.21562526678e-24, 8.07777000867e-24, 9.73169341598e-24, 9.87673417087e-24, 1.28295336247e-23, 1.79226578648e-23, 1.97861871366e-23, 9.39809123891e-24, 1.12266960608e-23, 1.4075162349e-23, 6.97961961948e-24, 6.93661407837e-24, 5.51078743523e-24, 1.93047090386e-23, 8.56789007795e-24, 2.43995506289e-24, 1.39985694771e-24, 7.99288699755e-24, 3.49116507278e-24, 2.53832877878e-24, 3.0706375237e-24, 8.12655080047e-24, 4.51530216526e-24, 2.68862571389e-24, 5.08554170908e-24, 1.08842018436e-23, 8.00482088532e-24, 6.85760334783e-24, 3.74953792405e-24, 1.20848710183e-23, 1.5538590836e-23, 5.46018082487e-24, 1.05458586125e-23, 1.44800231205e-23, 7.17056892362e-24, 8.44391979783e-24, 5.49813371188e-24, 2.60644928453e-24, 1.43702089493e-23, 2.04028255068e-23, 1.57406859559e-23, 1.41973111493e-23, 1.88693777258e-23, 1.10618580526e-23, 1.01004503904e-23, 8.55268793944e-24, 5.28587569697e-24, 3.25397353124e-24, 1.18756769391e-23, 1.80720791643e-23, 1.76884703056e-23, 2.06764845102e-23, 1.7537166784e-23, 2.40307589446e-23, 1.6134625737e-23, 1.34877623195e-23, 6.34392000331e-24, 7.98911782014e-24, 1.12677736258e-23, 1.93060816566e-23, 8.45587814029e-24, 6.14107388787e-24, 1.79949964098e-23, 1.29014674841e-23, 1.68663194702e-23, 1.50384246231e-23, 3.54932265972e-24, 6.0215831544e-24, 4.72799405366e-24, 1.01309280315e-23, 6.19823277691e-24, 7.44040195169e-24, 4.63295051408e-24, 1.65722210806e-23, 1.29251072788e-23, 5.92968519768e-24, 3.69609693646e-24, 5.1471663397e-24, 5.14294711715e-24, 6.92462891464e-24, 1.27295928366e-23, 1.12435035312e-23, 3.70830100909e-24, 1.33815090664e-23, 1.35899655606e-23, 1.34834425171e-23, 7.24338078517e-24, 4.81129658196e-24, 1.42881153503e-23, 7.32069546477e-24, 6.08603151264e-24, 8.14822790928e-24, 1.06714026701e-23, 5.02348359939e-24, 1.05264163466e-23, 4.32503956454e-24, 8.04161730225e-24, 8.93400989039e-24, 6.85374502914e-24, 1.19795872753e-23, 8.05907400522e-24, 5.71513199197e-24, 6.57119832429e-24, 8.5903836578e-24, 1.32673940256e-23, 9.98284464009e-24, 1.23251359619e-23, 8.26351677514e-24, 7.91171399926e-24, 8.53175709305e-24, 8.73346330448e-24, 7.76066133541e-24, 8.15143778431e-24, 9.31351272809e-24, 1.34462682358e-23, 9.69682813055e-24, 8.37706383611e-24, 7.49493590607e-24, 1.31061161467e-23, 1.30310773308e-23, 1.46515956342e-23, 1.70261490005e-23, 1.16986731181e-23],
        "stdev": [3.47534041794e-05, 9.76726150839e-05, 0.000382826343412, 0.000307281588903, 0.000179846349056, 0.00105956965126, 0.00122932426166, 0.000808463722933, 0.00205145590007, 0.0024041866418, 0.00098870950751, 0.00331757194363, 0.00280868262053, 0.00130549108144, 0.00160369288642, 0.000731405860279, 0.00246511516161, 0.00141111202538, 0.000176767163794, 0.00068161211675, 0.00113776000217, 0.000823219714221, 0.000270935124718, 0.000354124989826, 0.00010521087097, 0.000162730852026, 0.00015391431225, 4.25929174526e-05, 0.000246203155257, 8.74983379617e-05, 2.12233371713e-05, 3.00307729049e-05, 2.27602140512e-05, 3.02966891468e-05, 5.28751515958e-05, 2.84180696326e-05, 1.39214507726e-05, 5.78749131819e-05, 7.9140163507e-06, 1.98817760975e-05, 5.05812531628e-05, 1.84351356438e-05, 1.58963248396e-05, 1.3993140783e-05, 3.03423312289e-05, 2.1743167963e-05, 2.4317723728e-05, 3.09008864861e-05, 1.8102431568e-05, 5.8945024648e-06, 4.55082135886e-06, 4.71363728138e-06, 2.81606389763e-05, 8.19871820568e-06, 3.68196720046e-06, 5.50928280063e-06, 5.57383737032e-06, 1.25653823488e-05, 3.8418834265e-06, 5.15214560437e-06, 2.01988655135e-06, 3.78165350412e-06, 1.87410739727e-06, 1.76681942321e-06, 3.89896240449e-06, 1.4591045101e-06, 1.68996598404e-06, 1.10897940431e-06, 3.22945061271e-06, 2.01520697374e-06, 4.22426950308e-07, 2.29758299497e-07, 8.06293996902e-07, 1.5837816818e-06, 8.19244348804e-07, 4.45775100388e-07, 3.10395137149e-07, 6.07053380008e-07, 3.5665286191e-07, 1.07403877792e-07, 3.60113489251e-07, 1.3170303248e-07, 1.48925622057e-07, 3.22951905218e-07, 9.22754210819e-08, 7.91190828409e-08, 1.15593884686e-07, 9.72320677306e-08, 6.93418300557e-08, 7.06695075792e-08, 5.83843302593e-08, 5.90398876454e-08, 4.53475372808e-08, 4.69053631491e-08, 3.14455839145e-08, 2.7546196435e-08, 2.25491501027e-08, 1.9090835579e-08, 1.62322155717e-08, 1.27845263265e-08, 1.08003037624e-08, 9.35216881714e-09, 6.86238532666e-09, 5.74464387171e-09, 3.30724847508e-09, 1.77865577822e-09, 1.13198006524e-09, 8.31825053282e-10, 5.62589863584e-10, 3.88039600452e-10, 5.18928823523e-11, 8.3841883089e-12, 7.87407986036e-12, 7.46609718494e-12, 7.06069664541e-12, 6.72422274112e-12, 6.37168052695e-12, 6.12141760892e-12, 5.83930646891e-12, 5.63872559756e-12, 5.47018463512e-12, 5.29523386944e-12, 5.16296987801e-12, 5.04557723727e-12, 4.95190260325e-12, 4.87999180995e-12, 4.82947926442e-12, 4.80752113466e-12]
    },
    "mfcc": {
        "mean": [-736.90447998, 136.729705811, 7.52353334427, 13.3417215347, -4.20911026001, 0.545278072357, -13.9993858337, -4.03251218796, -8.64975643158, 1.26609158516, -2.14181208611, 2.40368199348, -2.18413257599],
        "cov": [[6033.78466797, 2343.75390625, -521.927368164, -139.736679077, -255.537109375, -504.667572021, -534.592956543, -387.934844971, -266.204162598, -29.4340343475, -50.5962486267, -116.037475586, -98.0631942749], [2343.75390625, 1068.03320312, -100.781616211, -51.2384414673, -106.5883255, -220.225830078, -242.064498901, -180.764556885, -127.30103302, -34.2321090698, -56.178188324, -82.0477752686, -42.9766426086], [-521.927368164, -100.781616211, 303.004699707, 85.2919540405, 30.7179450989, 47.9245796204, 17.3656101227, 7.59785747528, -8.99190330505, -19.5940971375, -22.767988205, -32.0258102417, -2.3196387291], [-139.736679077, -51.2384414673, 85.2919540405, 109.721855164, 58.9726753235, 28.7518806458, 22.0296039581, 8.07644271851, -10.0448980331, -10.9172115326, -20.2442245483, -27.1027870178, -0.336021989584], [-255.537109375, -106.5883255, 30.7179450989, 58.9726753235, 108.424087524, 71.4066009521, 35.7114944458, 26.8306789398, 8.61017036438, 7.15236759186, -13.1984825134, -42.6568107605, -10.6644573212], [-504.667572021, -220.225830078, 47.9245796204, 28.7518806458, 71.4066009521, 125.7943573, 79.3437194824, 37.2374610901, 32.2571640015, -3.55183148384, -14.683588028, -4.65974283218, 3.99449586868], [-534.592956543, -242.064498901, 17.3656101227, 22.0296039581, 35.7114944458, 79.3437194824, 109.328788757, 71.8098297119, 30.1930789948, 3.96873188019, 1.43438529968, 5.82247638702, 7.63637876511], [-387.934844971, -180.764556885, 7.59785747528, 8.07644271851, 26.8306789398, 37.2374610901, 71.8098297119, 95.8445281982, 46.6794471741, 17.00091362, 14.6880664825, -6.2718372345, -13.0911808014], [-266.204162598, -127.30103302, -8.99190330505, -10.0448980331, 8.61017036438, 32.2571640015, 30.1930789948, 46.6794471741, 81.115196228, 28.2279911041, 3.81266641617, 14.4537916183, -7.90421485901], [-29.4340343475, -34.2321090698, -19.5940971375, -10.9172115326, 7.15236759186, -3.55183148384, 3.96873188019, 17.00091362, 28.2279911041, 68.6220092773, 35.4830513, -12.6833839417, -15.1237812042], [-50.5962486267, -56.178188324, -22.767988205, -20.2442245483, -13.1984825134, -14.683588028, 1.43438529968, 14.6880664825, 3.81266641617, 35.4830513, 75.7605133057, 38.9874649048, 3.42918300629], [-116.037475586, -82.0477752686, -32.0258102417, -27.1027870178, -42.6568107605, -4.65974283218, 5.82247638702, -6.2718372345, 14.4537916183, -12.6833839417, 38.9874649048, 131.109054565, 64.0245437622], [-98.0631942749, -42.9766426086, -2.3196387291, -0.336021989584, -10.6644573212, 3.99449586868, 7.63637876511, -13.0911808014, -7.90421485901, -15.1237812042, 3.42918300629, 64.0245437622, 80.2959213257]],
        "icov": [[0.00228228722699, -0.00486972229555, 0.00313878757879, -0.003197041573, 0.00268322858028, -0.00313361221924, 0.00274652754888, -0.00180640968028, 0.00147800438572, -0.0012984831119, -0.000962142192293, -0.00073278718628, 0.000741029973142], [-0.00486972229555, 0.0130590396002, -0.00597012182698, 0.00662705302238, -0.00473192287609, 0.00771715678275, -0.00194316799752, 0.00411568628624, -0.00106369901914, 0.00229842006229, 0.00409788964316, 0.00241767661646, -0.00103355292231], [0.00313878757879, -0.00597012182698, 0.00977930799127, -0.00992229953408, 0.0089945467189, -0.00986378174275, 0.00932335387915, -0.00544241210446, 0.00385653739795, -0.00164099188987, -0.00152383651584, 0.00114322185982, 1.43067145473e-05], [-0.003197041573, 0.00662705302238, -0.00992229953408, 0.0249857567251, -0.0195608157665, 0.0158315002918, -0.014432576485, 0.00869059562683, -0.00335619226098, 0.00399637361988, 0.00348571850918, -0.00089214037871, -0.000150787818711], [0.00268322858028, -0.00473192287609, 0.0089945467189, -0.0195608157665, 0.0367232896388, -0.0289738178253, 0.022114308551, -0.015731997788, 0.00917737185955, -0.00676833279431, -0.00174114201218, 0.00735397357494, -0.00358780170791], [-0.00313361221924, 0.00771715678275, -0.00986378174275, 0.0158315002918, -0.0289738178253, 0.0447465702891, -0.0349711589515, 0.0245768968016, -0.0164270121604, 0.0102383987978, 0.000674985290971, -0.000625106913503, 0.00212434888817], [0.00274652754888, -0.00194316799752, 0.00932335387915, -0.014432576485, 0.022114308551, -0.0349711589515, 0.0575061887503, -0.0376317873597, 0.020668849349, -0.0113509679213, 0.00815323833376, -0.0021668355912, -0.00312819820829], [-0.00180640968028, 0.00411568628624, -0.00544241210446, 0.00869059562683, -0.015731997788, 0.0245768968016, -0.0376317873597, 0.0462957918644, -0.0252687316388, 0.0139366695657, -0.0133256139234, 0.0083204433322, 0.0017628853675], [0.00147800438572, -0.00106369901914, 0.00385653739795, -0.00335619226098, 0.00917737185955, -0.0164270121604, 0.020668849349, -0.0252687316388, 0.0384492352605, -0.0230507291853, 0.019574733451, -0.0149304671213, 0.00779598904774], [-0.0012984831119, 0.00229842006229, -0.00164099188987, 0.00399637361988, -0.00676833279431, 0.0102383987978, -0.0113509679213, 0.0139366695657, -0.0230507291853, 0.0380881205201, -0.0251916032284, 0.0165124796331, -0.0056285248138], [-0.000962142192293, 0.00409788964316, -0.00152383651584, 0.00348571850918, -0.00174114201218, 0.000674985290971, 0.00815323833376, -0.0133256139234, 0.019574733451, -0.0251916032284, 0.0392027422786, -0.0203949119896, 0.00954591110349], [-0.00073278718628, 0.00241767661646, 0.00114322185982, -0.00089214037871, 0.00735397357494, -0.000625106913503, -0.0021668355912, 0.0083204433322, -0.0149304671213, 0.0165124796331, -0.0203949119896, 0.0295901540667, -0.0180837344378], [0.000741029973142, -0.00103355292231, 1.43067145473e-05, -0.000150787818711, -0.00358780170791, 0.00212434888817, -0.00312819820829, 0.0017628853675, 0.00779598904774, -0.0056285248138, 0.00954591110349, -0.0180837344378, 0.0265270657837]]
    },
    "spectral_contrast_coeffs": {
        "max": [-0.41648042202, -0.469769954681, -0.586727499962, -0.680402636528, -0.70910525322, -0.713833391666],
        "mean": [-0.709262430668, -0.718794584274, -0.772915422916, -0.797906696796, -0.825563251972, -0.802923738956],
        "min": [-0.967860400677, -0.955693840981, -0.946063101292, -0.953966736794, -0.963069021702, -0.959897458553],
        "stdev": [0.107424512506, 0.093649931252, 0.0625159591436, 0.0521142706275, 0.0360051356256, 0.0201957728714]
    },
    "spectral_contrast_valleys": {
        "max": [-5.75160169601, -5.12407636642, -6.35832881927, -6.74010896683, -7.36854410172, -10.549279213],
        "mean": [-7.55055952072, -7.33445692062, -8.26145458221, -8.56677246094, -8.71802330017, -11.048620224],
        "min": [-27.2784233093, -27.669090271, -27.597492218, -27.3625278473, -27.1167850494, -27.3204746246],
        "stdev": [1.25666213036, 1.47835600376, 1.24886643887, 1.12621867657, 0.975637376308, 0.803963959217]
    }
},
"rhythm": {
    "beats_count": 24,
    "beats_loudness": {
        "max": 0.0804895237088,
        "mean": 0.0209618303925,
        "min": 0.000106802493974,
        "stdev": 0.0238040871918
    },
    "bpm": 114.991447449,
    "bpm_histogram_first_peak_bpm": 115,
    "bpm_histogram_first_peak_weight": 0.5,
    "bpm_histogram_second_peak_bpm": 110,
    "bpm_histogram_second_peak_spread": 0,
    "bpm_histogram_second_peak_weight": 0.0434782616794,
    "danceability": 0.773753702641,
    "onset_rate": 2.27284026146,
    "beats_loudness_band_ratio": {
        "max": [0.664396166801, 0.743445694447, 0.867567956448, 0.35320854187, 0.171568408608, 0.114089757204],
        "mean": [0.196358799934, 0.322035312653, 0.418149858713, 0.0857219398022, 0.0437071062624, 0.0235989298671],
        "min": [0.00810475926846, 0.0299734547734, 0.078176304698, 0.0188524331897, 0.00735099613667, 0.0013706269674],
        "stdev": [0.206946089864, 0.242628678679, 0.275020241737, 0.0693269073963, 0.0365985557437, 0.0311489552259]
    },
    "beats_position": [0.522448956966, 1.05650794506, 1.59056687355, 2.12462592125, 2.67029476166, 3.20435357094, 3.72680258751, 4.2492518425, 4.77170038223, 5.28253936768, 5.80498838425, 6.31582736969, 6.83827638626, 7.3491153717, 7.87156438828, 8.39401340485, 8.91646194458, 9.42730140686, 9.94974994659, 10.4605894089, 10.9714279175, 11.4822673798, 12.0047159195, 12.5271654129],
