{
"metadata": {
    "version": {
        "essentia": "2.1-beta5",
        "essentia_git_sha": "Undefined",
        "extractor": "music 2.0"
    },
    "audio_properties": {
        "analysis": {
            "equal_loudness": 0,
            "length": 32.4963264465,
            "sample_rate": 44100,
            "start_time": 110.236732483,
            "downmix": "mix"
        },
        "bit_rate": 192000,
        "length": 222.876754761,
        "lossless": 0,
        "number_channels": 2,
        "replay_gain": -0.588439941406,
        "sample_rate": 48000,
        "codec": "mp3",
        "md5_encoded": "566baf64e411b654721b066cebe87d89"
    },
    "tags": {
        "file_name": "Portugal_Neste Barco à Vela_Nevada.mp3",
        "encoding": ["Lavf58.29.100"]
    }
},
"lowlevel": {
    "average_loudness": 0.956379175186,
    "barkbands_crest": {
        "max": 23.4420375824,
        "mean": 7.89901065826,
        "min": 2.39002585411,
        "stdev": 2.90839791298
    },
    "barkbands_flatness_db": {
        "max": 0.250538945198,
        "mean": 0.152324929833,
        "min": 0.0510069206357,
        "stdev": 0.026710961014
    },
    "barkbands_kurtosis": {
        "max": 19.8623428345,
        "mean": 1.12465143204,
        "min": -1.67732203007,
        "stdev": 2.09313845634
    },
    "barkbands_skewness": {
        "max": 4.19742202759,
        "mean": 0.925932586193,
        "min": -1.40738928318,
        "stdev": 0.610935389996
    },
    "barkbands_spread": {
        "max": 53.5891838074,
        "mean": 17.9376831055,
        "min": 4.78087425232,
        "stdev": 6.60082960129
    },
    "dissonance": {
        "max": 0.498460352421,
        "mean": 0.454628407955,
        "min": 0.327168524265,
        "stdev": 0.0291563458741
    },
    "dynamic_complexity": 2.20702171326,
    "erbbands_crest": {
        "max": 26.0390110016,
        "mean": 9.32162570953,
        "min": 2.6740128994,
        "stdev": 3.88125014305
    },
    "erbbands_flatness_db": {
        "max": 0.307186424732,
        "mean": 0.199142068624,
        "min": 0.0937114730477,
        "stdev": 0.0355598367751
    },
    "erbbands_kurtosis": {
        "max": 9.604804039,
        "mean": 0.0143236340955,
        "min": -1.6045486927,
        "stdev": 1.2340092659
    },
    "erbbands_skewness": {
        "max": 2.73944830894,
        "mean": 0.292962223291,
        "min": -2.26276111603,
        "stdev": 0.692083239555
    },
    "erbbands_spread": {
        "max": 77.4419708252,
        "mean": 28.2122898102,
        "min": 9.18244934082,
        "stdev": 9.68070697784
    },
    "hfc": {
        "max": 85.0492401123,
        "mean": 19.7263965607,
        "min": 0.340011507273,
        "stdev": 14.4759654999
    },
    "loudness_ebu128": {
        "integrated": -23.3386707306,
        "loudness_range": 1.84007263184,
        "momentary": {
            "max": -20.5276279449,
            "mean": -23.6746234894,
            "min": -30.875082016,
            "stdev": 1.81171417236
        },
        "short_term": {
            "max": -22.0938777924,
            "mean": -23.3413085938,
            "min": -24.6794452667,
            "stdev": 0.627946794033
        }
    },
    "melbands_crest": {
        "max": 24.4188022614,
        "mean": 10.1160268784,
        "min": 4.47228431702,
        "stdev": 3.3858397007
    },
    "melbands_flatness_db": {
        "max": 0.319106191397,
        "mean": 0.198906838894,
        "min": 0.075743816793,
        "stdev": 0.0365299582481
    },
    "melbands_kurtosis": {
        "max": 38.6007156372,
        "mean": 3.9233956337,
        "min": -1.64079999924,
        "stdev": 4.24537420273
    },
    "melbands_skewness": {
        "max": 5.30849123001,
        "mean": 1.50002980232,
        "min": -0.497442066669,
        "stdev": 0.766636073589
    },
    "melbands_spread": {
        "max": 77.6553039551,
        "mean": 23.7808990479,
        "min": 4.43781518936,
        "stdev": 10.3828954697
    },
    "pitch_salience": {
        "max": 0.820035874844,
        "mean": 0.607779145241,
        "min": 0.234319299459,
        "stdev": 0.0853837504983
    },
    "silence_rate_20dB": {
        "max": 1,
        "mean": 1,
        "min": 1,
        "stdev": 0
    },
    "silence_rate_30dB": {
        "max": 1,
        "mean": 1,
        "min": 1,
        "stdev": 0
    },
    "silence_rate_60dB": {
        "max": 1,
        "mean": 0.00285510346293,
        "min": 0,
        "stdev": 0.0533566512167
    },
    "spectral_centroid": {
        "max": 3096.89892578,
        "mean": 1269.20678711,
        "min": 463.901855469,
        "stdev": 372.460601807
    },
    "spectral_complexity": {
        "max": 47,
        "mean": 19.9635982513,
        "min": 2,
        "stdev": 6.08359622955
    },
    "spectral_decrease": {
        "max": -1.89282686747e-10,
        "mean": -5.77154368742e-09,
        "min": -2.51566216747e-08,
        "stdev": 3.47998607708e-09
    },
    "spectral_energy": {
        "max": 0.0980399996042,
        "mean": 0.0235723573714,
        "min": 0.000745236873627,
        "stdev": 0.0142919849604
    },
    "spectral_energyband_high": {
        "max": 0.002587670926,
        "mean": 0.000193088271772,
        "min": 5.29427461515e-06,
        "stdev": 0.000273604382528
    },
    "spectral_energyband_low": {
        "max": 0.021995678544,
        "mean": 0.00315326754935,
        "min": 4.71640378237e-05,
        "stdev": 0.00296014733613
    },
    "spectral_energyband_middle_high": {
        "max": 0.0446818396449,
        "mean": 0.00744330603629,
        "min": 0.000101083467598,
        "stdev": 0.00673446711153
    },
    "spectral_energyband_middle_low": {
        "max": 0.0936956107616,
        "mean": 0.0133980335668,
        "min": 0.00036614498822,
        "stdev": 0.00959313195199
    },
    "spectral_entropy": {
        "max": 8.18314838409,
        "mean": 7.31205129623,
        "min": 6.41821479797,
        "stdev": 0.270096302032
    },
    "spectral_flux": {
        "max": 0.223205432296,
        "mean": 0.0780245140195,
        "min": 0.0197169743478,
        "stdev": 0.0348412021995
    },
    "spectral_kurtosis": {
        "max": 23.4186000824,
        "mean": 6.34806203842,
        "min": 0.037326335907,
        "stdev": 3.60597157478
    },
    "spectral_rms": {
        "max": 0.00978001952171,
        "mean": 0.00457878829911,
        "min": 0.000852678320371,
        "stdev": 0.00142552622128
    },
    "spectral_rolloff": {
        "max": 4995.703125,
        "mean": 1390.35754395,
        "min": 215.33203125,
        "stdev": 676.06628418
    },
    "spectral_skewness": {
        "max": 3.26554441452,
        "mean": 1.57056498528,
        "min": 0.380002558231,
        "stdev": 0.370733052492
    },
    "spectral_spread": {
        "max": 11894517,
        "mean": 2962269.25,
        "min": 1466736.75,
        "stdev": 807821.0625
    },
    "spectral_strongpeak": {
        "max": 6.52160358429,
        "mean": 1.36749517918,
        "min": 0,
        "stdev": 1.18049299717
    },
    "zerocrossingrate": {
        "max": 0.1201171875,
        "mean": 0.0494986847043,
        "min": 0.0048828125,
        "stdev": 0.0121159143746
    },
    "barkbands": {
        "max": [0.000294540222967, 0.014560027048, 0.0158138591796, 0.0101188113913, 0.085120767355, 0.0141134988517, 0.0401231385767, 0.0241810698062, 0.0514065362513, 0.0337365344167, 0.0237686727196, 0.0123971933499, 0.0109036844224, 0.0116522377357, 0.0121261375025, 0.0119357444346, 0.00679408665746, 0.00854948721826, 0.0015891023213, 0.00139884115197, 0.000671863614116, 0.00113854580559, 0.000928660738282, 0.000432894768892, 0.000238826833083, 0.000165735385963, 9.23572599731e-07],
        "mean": [2.57105930359e-05, 0.00140196562279, 0.00118869706057, 0.00106808065902, 0.00272800005041, 0.00142264610622, 0.0028010152746, 0.00163914146833, 0.00350729888305, 0.00188699457794, 0.000778324261773, 0.000573974568397, 0.00067904102616, 0.000596085737925, 0.000609409238677, 0.000770720711444, 0.000657792494167, 0.00074802263407, 0.000213653256651, 0.000119385018479, 5.99857412453e-05, 4.99758680235e-05, 2.59185435425e-05, 1.25477790789e-05, 4.88830301038e-06, 3.10864879793e-06, 1.99202077056e-09],
        "min": [9.19986291592e-08, 2.7835731089e-06, 4.30696536569e-06, 4.62187199446e-06, 2.21587888518e-05, 1.47470609591e-05, 7.47366084397e-06, 1.79390031008e-06, 1.23998052004e-05, 8.64373487275e-06, 1.8158838202e-06, 1.95472989617e-06, 5.08637958774e-06, 2.12704117075e-06, 3.54017993232e-06, 7.49067294237e-06, 1.77985305072e-06, 5.86247460888e-06, 3.82866483051e-06, 1.82842802587e-06, 1.09395887193e-06, 9.37538288781e-07, 2.03781254982e-07, 1.06416194967e-07, 5.87678954389e-08, 1.46692471503e-07, 1.38519598569e-10],
        "stdev": [2.99460880342e-05, 0.00186929502524, 0.00128133839462, 0.00111261790153, 0.00398760242388, 0.00177878001705, 0.00413284171373, 0.00263020931743, 0.0051382118836, 0.00288577075116, 0.00196983106434, 0.00110735034104, 0.00131280359346, 0.00110021675937, 0.00122801982798, 0.0012398554245, 0.000946149171796, 0.000979206175543, 0.000220406334847, 0.000156159803737, 8.19595952635e-05, 9.31158210733e-05, 4.73134859931e-05, 2.66630104306e-05, 1.14583790491e-05, 8.39405311126e-06, 2.70344173714e-08]
    },
    "erbbands": {
        "max": [0.340758740902, 3.63372325897, 13.8609743118, 22.663312912, 52.1471633911, 491.143127441, 198.908065796, 129.715515137, 600.286560059, 864.797058105, 606.777282715, 1475.70141602, 810.667175293, 896.419067383, 1086.27038574, 514.394775391, 435.460479736, 649.692504883, 725.678100586, 473.87512207, 661.299865723, 498.540100098, 389.597869873, 179.741043091, 68.1724700928, 64.0877914429, 30.1474914551, 26.6582050323, 47.3294639587, 22.1129188538, 34.0389404297, 15.8839263916, 3.3800573349, 0.803373575211, 2.7032020092, 1.61778175831, 0.0914500430226, 0.00226795393974, 0.000140952921356, 0.000109541717393],
        "mean": [0.0289856027812, 0.361852794886, 1.18572306633, 2.8676712513, 7.05724334717, 8.399725914, 9.39877796173, 12.9978513718, 31.578956604, 45.1582565308, 50.5529747009, 74.5733413696, 53.8442687988, 50.5037651062, 33.4040603638, 25.1694831848, 32.5870323181, 22.9118690491, 34.6845245361, 33.6151428223, 45.3917808533, 39.2431755066, 40.6533966064, 22.2279186249, 8.21530342102, 5.69491815567, 2.64398694038, 2.20064902306, 1.91566383839, 1.19450855255, 0.724586606026, 0.39364400506, 0.137594595551, 0.048935290426, 0.0404518134892, 0.0212129764259, 0.00342512736097, 0.000299846811686, 1.9249455363e-05, 2.84749548882e-05],
        "min": [0.000147877173731, 0.00118722347543, 0.00926928780973, 0.0361828543246, 0.0885481536388, 0.0459136851132, 0.091716773808, 0.16042727232, 0.204208150506, 0.166704133153, 0.0714868977666, 0.272001832724, 0.409687578678, 0.340308666229, 0.333177089691, 0.105026692152, 0.286318272352, 0.145265579224, 0.259739488363, 0.462732762098, 0.527559757233, 0.140149071813, 0.249527081847, 0.266985476017, 0.152526244521, 0.119528979063, 0.0497288703918, 0.0419218167663, 0.0358525440097, 0.00966330152005, 0.00599287590012, 0.00291203358211, 0.00123223138507, 0.000565602909774, 0.000427722203312, 0.000154304914759, 0.000253355508903, 5.98765836912e-05, 3.25447786054e-06, 2.44011130235e-06],
        "stdev": [0.0410865992308, 0.470273137093, 1.22546339035, 2.910364151, 6.38946199417, 20.3850822449, 14.9577722549, 15.902089119, 49.7259254456, 84.1069869995, 66.8172683716, 124.994544983, 82.1817398071, 79.8056259155, 79.7768554688, 45.9380836487, 55.3790397644, 46.2047157288, 65.6300735474, 56.3498649597, 66.3647994995, 56.318447113, 53.0544395447, 24.2475414276, 8.62004852295, 7.37342357635, 3.54684233665, 3.15856003761, 3.66410517693, 2.28431987762, 1.47188389301, 0.878914475441, 0.270703136921, 0.085276901722, 0.115950606763, 0.0723719745874, 0.00683762691915, 0.000216227650526, 1.22403407659e-05, 1.72385007318e-05]
    },
    "gfcc": {
        "mean": [-10.6121845245, 128.042922974, -147.286941528, 24.2709178925, -55.241973877, -4.31762695312, -33.7223129272, 10.1417226791, -15.8142662048, -6.88141441345, -19.4263801575, -0.931871891022, -14.9993782043],
        "cov": [[1395.67224121, -278.503967285, -205.746139526, 17.0603466034, -159.579360962, 120.037971497, -88.235458374, 66.0034790039, -20.6208515167, -12.8061590195, 1.32955861092, -18.1791877747, 3.08411002159], [-278.503967285, 466.11315918, 23.7875270844, -73.0335464478, 224.708328247, -104.128303528, 111.479621887, -11.7088785172, 62.1168823242, -60.6149482727, 23.5299968719, -4.30432844162, -1.79085862637], [-205.746139526, 23.7875270844, 357.886566162, 141.396850586, -26.2510375977, 84.3159255981, 6.00438117981, 6.48355054855, -38.0420646667, 65.4268722534, -9.4032831192, 0.675388753414, 18.005317688], [17.0603466034, -73.0335464478, 141.396850586, 248.361480713, 4.60662078857, 39.6543121338, -46.1731872559, -23.1009483337, 25.4744873047, 34.5806045532, 7.94388103485, -0.731144726276, 27.2326259613], [-159.579360962, 224.708328247, -26.2510375977, 4.60662078857, 276.140625, -49.4878120422, -9.90755081177, -3.200704813, 45.827796936, 7.4310708046, 0.464896798134, -12.5227499008, 0.356646001339], [120.037971497, -104.128303528, 84.3159255981, 39.6543121338, -49.4878120422, 164.286590576, 32.0446052551, 11.5776605606, -42.1503868103, 28.5313339233, -5.68590641022, -12.4099750519, 7.7231836319], [-88.235458374, 111.479621887, 6.00438117981, -46.1731872559, -9.90755081177, 32.0446052551, 190.300933838, 23.0222167969, -33.4356155396, -37.6340065002, 1.29530274868, 11.2614555359, -3.27024316788], [66.0034790039, -11.7088785172, 6.48355054855, -23.1009483337, -3.200704813, 11.5776605606, 23.0222167969, 87.6570358276, 19.4519367218, -7.82633733749, 1.99676012993, 10.6318159103, -6.36422967911], [-20.6208515167, 62.1168823242, -38.0420646667, 25.4744873047, 45.827796936, -42.1503868103, -33.4356155396, 19.4519367218, 131.455841064, -8.95174694061, 24.2043552399, -1.98687505722, -7.00155544281], [-12.8061590195, -60.6149482727, 65.4268722534, 34.5806045532, 7.4310708046, 28.5313339233, -37.6340065002, -7.82633733749, -8.95174694061, 131.70916748, 10.7366456985, -17.4845142365, 12.9296188354], [1.32955861092, 23.5299968719, -9.4032831192, 7.94388103485, 0.464896798134, -5.68590641022, 1.29530274868, 1.99676012993, 24.2043552399, 10.7366456985, 63.582069397, 30.5994167328, -1.65798056126], [-18.1791877747, -4.30432844162, 0.675388753414, -0.731144726276, -12.5227499008, -12.4099750519, 11.2614555359, 10.6318159103, -1.98687505722, -17.4845142365, 30.5994167328, 81.8466491699, 12.6133289337], [3.08411002159, -1.79085862637, 18.005317688, 27.2326259613, 0.356646001339, 7.7231836319, -3.27024316788, -6.36422967911, -7.00155544281, 12.9296188354, -1.65798056126, 12.6133289337, 59.6530761719]],
        "icov": [[0.00163928361144, -0.00323393964209, 0.00366717297584, -0.00260712602176, 0.00310560432263, -0.00318107497878, 0.00317571940832, -0.00341028859839, 0.00220459932461, -0.0014287737431, 0.00159968272783, -0.000848702853546, 0.000897376856301], [-0.00323393964209, 0.0255804713815, -0.0182807389647, 0.0149378888309, -0.0200811754912, 0.0160981565714, -0.0182056073099, 0.0154003454372, -0.0121988002211, 0.012533755973, -0.0150372758508, 0.0100793484598, -0.00838327314705], [0.00366717297584, -0.0182807389647, 0.0190992560238, -0.0140855154023, 0.0150655992329, -0.0136878909543, 0.0133824022487, -0.0136642940342, 0.0106079317629, -0.0105850053951, 0.0116753838956, -0.00761567149311, 0.00635909987614], [-0.00260712602176, 0.0149378888309, -0.0140855154023, 0.0157468132675, -0.012193092145, 0.00876930728555, -0.00986914429814, 0.01203672681, -0.00987843796611, 0.00768596911803, -0.00927111040801, 0.0056616589427, -0.00695343408734], [0.00310560432263, -0.0200811754912, 0.0150655992329, -0.012193092145, 0.0200985334814, -0.0120338723063, 0.014272310771, -0.012564140372, 0.00861471518874, -0.0103832753375, 0.0120870675892, -0.00717172026634, 0.00624947855249], [-0.00318107497878, 0.0160981565714, -0.0136878909543, 0.00876930728555, -0.0120338723063, 0.0197568163276, -0.0136306863278, 0.00915194023401, -0.00592241063714, 0.00668979436159, -0.0100822141394, 0.00809278897941, -0.00561741599813], [0.00317571940832, -0.0182056073099, 0.0133824022487, -0.00986914429814, 0.014272310771, -0.0136306863278, 0.0202973857522, -0.0133942915127, 0.0108064915985, -0.00637599220499, 0.00886454153806, -0.00663543492556, 0.0054183145985], [-0.00341028859839, 0.0154003454372, -0.0136642940342, 0.01203672681, -0.012564140372, 0.00915194023401, -0.0133942915127, 0.0250163432211, -0.0123417181894, 0.00717181386426, -0.00661308318377, 0.00259769451804, -0.00364320119843], [0.00220459932461, -0.0121988002211, 0.0106079317629, -0.00987843796611, 0.00861471518874, -0.00592241063714, 0.0108064915985, -0.0123417181894, 0.0179742388427, -0.00446412991732, 0.00162739213556, -0.00157570769079, 0.00427426537499], [-0.0014287737431, 0.012533755973, -0.0105850053951, 0.00768596911803, -0.0103832753375, 0.00668979436159, -0.00637599220499, 0.00717181386426, -0.00446412991732, 0.01671715267, -0.0121276769787, 0.00888556800783, -0.00661537889391], [0.00159968272783, -0.0150372758508, 0.0116753838956, -0.00927111040801, 0.0120870675892, -0.0100822141394, 0.00886454153806, -0.00661308318377, 0.00162739213556, -0.0121276769787, 0.0329269468784, -0.016822911799, 0.00847966596484], [-0.000848702853546, 0.0100793484598, -0.00761567149311, 0.0056616589427, -0.00717172026634, 0.00809278897941, -0.00663543492556, 0.00259769451804, -0.00157570769079, 0.00888556800783, -0.016822911799, 0.0228277742863, -0.00843624956906], [0.000897376856301, -0.00838327314705, 0.00635909987614, -0.00695343408734, 0.00624947855249, -0.00561741599813, 0.0054183145985, -0.00364320119843, 0.00427426537499, -0.00661537889391, 0.00847966596484, -0.00843624956906, 0.0222737789154]]
    },
    "melbands": {
        "max": [0.00385925732553, 0.00523005658761, 0.00394962681457, 0.0159815773368, 0.0121618248522, 0.00320207816549, 0.00928843393922, 0.00850979052484, 0.00611911481246, 0.00823501963168, 0.00451679248363, 0.00385421374813, 0.00392703758553, 0.00139150791802, 0.00193457014393, 0.000686908955686, 0.00117566704284, 0.00117684924044, 0.000639511097688, 0.000917267112527, 0.000703396042809, 0.000537061132491, 0.000536831736099, 0.000442251213826, 0.000121017619676, 5.73146353418e-05, 7.83352079452e-05, 4.4114272896e-05, 2.2619495212e-05, 1.54403351189e-05, 1.79954440682e-05, 2.96570651699e-05, 1.88986232388e-05, 1.08601952888e-05, 1.90745831787e-05, 1.73487824213e-05, 9.03668751562e-06, 2.1600897071e-06, 1.45487990721e-06, 4.8097791705e-07],
        "mean": [0.000337254838087, 0.000590627198108, 0.000608832400758, 0.000583391520195, 0.000342660408933, 0.000298255763482, 0.000502472452354, 0.000463201256935, 0.000478028989164, 0.000443580735009, 0.000269291573204, 0.000223253649892, 0.000117533709272, 5.99018931098e-05, 9.92762143142e-05, 4.77850080642e-05, 4.11040491599e-05, 5.79864899919e-05, 4.66868914373e-05, 4.38113092969e-05, 5.48155221622e-05, 3.9852973714e-05, 3.7171474105e-05, 3.62347345799e-05, 1.61440402735e-05, 6.81901246935e-06, 5.25643599758e-06, 3.13856003231e-06, 1.6699510752e-06, 1.25624853808e-06, 1.25885526359e-06, 1.10694384148e-06, 8.84519238298e-07, 5.65769198602e-07, 4.4017818368e-07, 3.15358761327e-07, 2.05151323485e-07, 9.68723270489e-08, 6.07432895094e-08, 3.46500357296e-08],
        "min": [8.14279530914e-07, 5.19750847161e-06, 9.07634876057e-06, 6.42946270091e-06, 3.69254053112e-06, 2.64992240773e-06, 1.91064123101e-06, 1.16831586183e-06, 6.93735103141e-07, 1.82848589247e-06, 1.71748001776e-06, 1.32541129005e-06, 5.25913264937e-07, 3.15146138519e-07, 4.75499803088e-07, 4.29182705375e-07, 1.98522357664e-07, 3.70105254888e-07, 2.90542516268e-07, 5.25513996763e-07, 4.37925166352e-07, 1.19119363262e-07, 1.35200778573e-07, 3.00160479583e-07, 2.05156538868e-07, 1.71007144445e-07, 3.41232890833e-08, 4.27036859207e-08, 2.77961316186e-08, 2.01505159225e-08, 2.00742533707e-08, 1.65980154065e-08, 7.00054370029e-09, 4.13209777506e-09, 3.58771989895e-09, 1.89678206475e-09, 1.55239798794e-09, 8.15197076509e-10, 4.13855977266e-10, 2.24331928034e-10],
        "stdev": [0.00047557297512, 0.000563571229577, 0.000528302101884, 0.000769921520259, 0.000639108999167, 0.00035827854299, 0.000763529154938, 0.000819637381937, 0.000661707308609, 0.000715898291674, 0.000426435493864, 0.000357935234206, 0.000303861772409, 0.000124677462736, 0.000212644212297, 7.52878986532e-05, 8.86355846887e-05, 0.000116741735837, 9.10732560442e-05, 7.73691208451e-05, 8.27424737508e-05, 6.05301029282e-05, 5.75732410653e-05, 4.84913107357e-05, 1.7753616703e-05, 7.60356670071e-06, 7.20519483366e-06, 4.37765038441e-06, 2.4396306344e-06, 1.74001957021e-06, 1.85914007034e-06, 2.15582304008e-06, 1.69737120359e-06, 1.06440575109e-06, 8.77718491665e-07, 7.2719376476e-07, 4.90517379603e-07, 1.98263549578e-07, 1.19878748706e-07, 6.06636376688e-08]
    },
    "melbands128": {
        "max": [0.000264660018729, 0.00158772862051, 0.00715052569285, 0.00577043648809, 0.00591835519299, 0.00808364897966, 0.00545434746891, 0.00520405173302, 0.00692177377641, 0.00691267289221, 0.0377206392586, 0.0260441377759, 0.00855989009142, 0.00401065731421, 0.00376923987642, 0.00713977636769, 0.00860779453069, 0.0170663688332, 0.00700484542176, 0.0165127981454, 0.00870087370276, 0.00971355848014, 0.00707759242505, 0.0155540462583, 0.0180392768234, 0.00519243860617, 0.0104079004377, 0.00352357048541, 0.0120409904048, 0.00613405602053, 0.00469058472663, 0.00227297982201, 0.00772769842297, 0.00647719297558, 0.00268618087284, 0.00249124923721, 0.00258484994993, 0.00383384153247, 0.00315308244899, 0.00174838362727, 0.00118076719809, 0.00250914134085, 0.00247027934529, 0.00209096982144, 0.00242650136352, 0.00278747151606, 0.00150638935156, 0.00109796447214, 0.00128648430109, 0.000755549001042, 0.00169677683152, 0.00163839594461, 0.00145076273475, 0.00120365002658, 0.000760331167839, 0.00106810033321, 0.000933682837058, 0.00102562631946, 0.000582297740038, 0.000718882482033, 0.000611700525042, 0.000609011796769, 0.00025776567054, 9.55604991759e-05, 0.000254065322224, 7.03437835909e-05, 0.000110317967483, 0.00014809500135, 0.000107259547804, 0.000150843785377, 0.000103476791992, 4.05953760492e-05, 2.65864582616e-05, 3.59110345016e-05, 2.03830895771e-05, 2.29729994317e-05, 2.26368720178e-05, 2.57772444456e-05, 2.72354136541e-05, 2.2445427021e-05, 2.44339935307e-05, 4.83350304421e-05, 2.25803196372e-05, 2.14261344809e-05, 2.36057330767e-05, 1.35966365633e-05, 8.19277647679e-06, 1.04994223875e-05, 2.15769014176e-05, 2.99960993289e-05, 2.56143921433e-05, 1.3642610611e-05, 2.72873130598e-05, 1.03993997982e-05, 3.3522319427e-06, 3.29449380843e-06, 2.39242967837e-06, 2.24934728976e-06, 1.64584366757e-06, 9.64321202446e-07, 5.55934093427e-07, 8.16471185772e-07, 9.35034620397e-07, 1.54618874149e-06, 1.41382236052e-06, 6.28022553428e-06, 8.24847120384e-06, 6.61981266603e-06, 2.64405025518e-06, 3.02295688925e-06, 1.03643151306e-06, 2.25817359478e-07, 2.48154947258e-07, 9.85354233762e-08, 5.37739417439e-08, 5.33659472168e-09, 4.66979965807e-09, 4.45707248886e-09, 4.23917967396e-09, 4.10269818119e-09, 3.99738908641e-09, 3.87460330487e-09, 3.73905351125e-09, 3.68885633151e-09, 3.63305985296e-09, 3.55078610959e-09, 3.52554896388e-09, 3.50440321206e-09],
        "mean": [2.03091294679e-05, 0.000157187052537, 0.000506917946041, 0.000615753175225, 0.000562372792047, 0.000617856625468, 0.000571039796341, 0.000529268290848, 0.00078765838407, 0.000645261490718, 0.000411477143643, 0.000407640036428, 0.000300983461784, 0.000303749053273, 0.000249640026595, 0.000303519715089, 0.000445397599833, 0.000570445205085, 0.000484454387333, 0.000629901885986, 0.000318832258927, 0.000369586661691, 0.00037702312693, 0.000787633704022, 0.000604090630077, 0.0001976104395, 0.000333200092427, 0.000159194911248, 0.000400082877604, 0.00029379944317, 0.000147010403452, 9.02088431758e-05, 0.000166179583175, 8.57103223098e-05, 6.94310947438e-05, 5.29516910319e-05, 3.28582973452e-05, 0.00013123874669, 0.000123351623188, 5.61608976568e-05, 1.96469482034e-05, 5.01725080539e-05, 4.21175027441e-05, 2.25470357691e-05, 7.71242703195e-05, 6.62112070131e-05, 3.76994103135e-05, 4.63574760943e-05, 5.37697706022e-05, 3.73691473214e-05, 4.33138375229e-05, 4.54490727861e-05, 6.4807383751e-05, 5.85031411902e-05, 3.3729163988e-05, 4.48779064754e-05, 3.50940790668e-05, 3.77534706786e-05, 3.71327296307e-05, 3.5754925193e-05, 4.15315771534e-05, 3.39998950949e-05, 1.92527841136e-05, 9.2729296739e-06, 1.35429354486e-05, 5.55490260012e-06, 4.15726981373e-06, 5.13528038937e-06, 5.14345083502e-06, 6.08484288023e-06, 3.3805640669e-06, 1.70156488366e-06, 1.44277078107e-06, 1.93165101336e-06, 1.52536028963e-06, 1.13226553822e-06, 1.14651459171e-06, 1.44478110542e-06, 1.34987840283e-06, 1.00541160464e-06, 1.02539274849e-06, 1.24323867112e-06, 1.06177571979e-06, 8.1028247223e-07, 8.08555000731e-07, 5.96931329255e-07, 5.01605541103e-07, 4.584206863e-07, 4.64048639515e-07, 4.01837354502e-07, 3.38690142598e-07, 2.82704746724e-07, 2.86073856159e-07, 2.42978757115e-07, 1.2483182843e-07, 1.00064049491e-07, 9.45135809616e-08, 8.70170069334e-08, 6.95284469998e-08, 4.62731541973e-08, 2.33310260001e-08, 3.42430439559e-08, 4.33160209923e-08, 4.12519725046e-08, 4.9975088956e-08, 4.36317826313e-08, 5.48185177252e-08, 5.04611925578e-08, 3.02438287747e-08, 3.8112794698e-08, 1.83799730991e-08, 8.67811777994e-09, 5.6636721979e-09, 7.91838772329e-09, 1.19885177341e-08, 1.69503480696e-10, 1.0449712276e-11, 9.4130458636e-12, 9.1018277984e-12, 8.8558622241e-12, 8.6149134701e-12, 8.42327249617e-12, 8.22904331482e-12, 8.07368928657e-12, 7.76924011237e-12, 7.29513151276e-12, 7.0445997126e-12, 6.97717448053e-12],
        "min": [1.52424273203e-09, 5.78302419285e-08, 5.11963264671e-07, 4.90083095883e-07, 4.80608946418e-07, 1.26752559026e-06, 3.92659694626e-06, 2.10567850445e-06, 3.14992303174e-06, 2.0358263555e-06, 5.29593762622e-07, 5.61115882647e-07, 8.71908241606e-07, 1.85866520042e-06, 1.02158003301e-06, 6.00578403009e-07, 9.37951313063e-07, 1.69636496139e-06, 5.47491367797e-07, 7.46792125028e-07, 3.05800170963e-07, 1.53045277784e-07, 2.30141509405e-07, 9.58308703503e-08, 6.411337381e-07, 5.58518649996e-07, 1.35347633545e-07, 7.12542714609e-07, 3.98010399749e-07, 5.33664660907e-07, 9.88802781876e-08, 2.52795928191e-07, 1.53418071136e-07, 1.90892833984e-07, 2.11820335494e-07, 1.07295257123e-07, 3.44959047993e-08, 1.79785615728e-07, 4.1220721414e-07, 2.52395352618e-07, 7.06612652834e-08, 8.63247109351e-08, 8.22495422881e-08, 5.40529043747e-08, 1.24357470099e-07, 1.55707510885e-07, 2.41215225572e-08, 5.47280443186e-08, 9.16499232062e-08, 1.50251736386e-07, 1.04474139562e-07, 1.65012934872e-07, 4.20275284796e-07, 1.37981885473e-07, 6.31308338939e-08, 1.0136854911e-07, 1.31766114464e-07, 4.34138023309e-08, 1.55570958782e-07, 7.2417407182e-08, 1.14770010384e-07, 1.43143878972e-07, 4.50379076256e-08, 8.59228208583e-08, 8.89887346034e-08, 8.68366498707e-08, 3.81367399882e-08, 2.02017940154e-08, 7.65274066339e-09, 3.32724958696e-08, 1.61203299598e-08, 9.17720299753e-09, 4.89930274128e-09, 1.01391304241e-08, 1.13953344538e-08, 1.43184908374e-09, 5.461933128e-09, 8.7156504236e-09, 4.05559097416e-09, 3.25656901445e-09, 4.45597159171e-09, 7.01915725543e-09, 5.57860824202e-09, 4.38844294237e-09, 4.63147697971e-09, 3.04636715853e-09, 9.9176378221e-10, 2.16320206192e-09, 8.30784108174e-10, 2.09682449182e-09, 5.15119391586e-10, 6.09036654442e-10, 1.60291191431e-09, 2.40043401822e-10, 3.92812379846e-11, 1.6941531511e-10, 1.63034551137e-11, 6.93319499034e-11, 6.90251675262e-11, 4.03623749007e-12, 4.71901771132e-12, 4.9944673397e-11, 3.19542699592e-12, 4.73777510279e-11, 4.69882119325e-11, 8.2720157113e-11, 3.44125457297e-11, 6.54481677187e-11, 1.3431348915e-11, 1.60727941373e-11, 6.26619416078e-12, 1.99076931155e-12, 2.0558815067e-12, 3.15025422415e-10, 6.73837027843e-11, 1.91670637695e-12, 3.89128535167e-13, 3.99651069617e-13, 5.10898181399e-13, 4.52648633636e-13, 4.03950500437e-13, 4.7056445112e-13, 4.09960802285e-13, 3.87957596821e-13, 3.06400168909e-13, 1.1997439717e-13, 1.87922323102e-14, 5.34584939385e-16],
        "stdev": [2.54913084063e-05, 0.000207978533581, 0.000868931994773, 0.000799116969574, 0.000654440023936, 0.000684344675392, 0.000688746920787, 0.000599073420744, 0.000784255098552, 0.000764104421251, 0.00153366127051, 0.00116754788905, 0.000580492895097, 0.000488335092086, 0.000350863469066, 0.000632043404039, 0.00073365913704, 0.00131405354477, 0.000891904288437, 0.00157957628835, 0.000647735781968, 0.000829195196275, 0.000737723661587, 0.00149068527389, 0.00139742949978, 0.00043443730101, 0.000903339590877, 0.000326722802129, 0.000811189471278, 0.000551616423763, 0.000398220901843, 0.000236710504396, 0.00056429754477, 0.000333281757776, 0.000166737518157, 0.000174233588041, 0.000118504773127, 0.000365407438949, 0.000297113583656, 0.000127258856082, 6.10302449786e-05, 0.00013147565187, 0.000143441720866, 9.90110129351e-05, 0.000168541926541, 0.000196961700567, 0.000116819821415, 0.000124254263937, 0.000146397156641, 6.94481714163e-05, 0.000111365348857, 0.000114918155305, 0.00011663994519, 0.00011419999646, 7.01546814525e-05, 9.43564009503e-05, 7.4454175774e-05, 8.64619942149e-05, 6.41773149255e-05, 5.79529514653e-05, 6.62351812935e-05, 5.64877336728e-05, 2.94244910037e-05, 1.2364691429e-05, 2.18034583668e-05, 7.81150538387e-06, 7.08361585566e-06, 9.02504507394e-06, 9.04736407392e-06, 1.00594443211e-05, 6.13891143075e-06, 3.42176508639e-06, 2.55093300439e-06, 3.07978257297e-06, 2.30916589317e-06, 1.84721545793e-06, 1.98684483621e-06, 2.3736906769e-06, 2.4442231279e-06, 1.51202402776e-06, 1.8934081254e-06, 3.26707981912e-06, 2.16833882405e-06, 1.36704443321e-06, 2.11881251744e-06, 1.30336832171e-06, 8.52308801313e-07, 8.55907387631e-07, 1.01930038454e-06, 1.09712959784e-06, 9.34906211114e-07, 6.49390358376e-07, 9.20652894365e-07, 6.57092300571e-07, 2.70807362313e-07, 2.22130609018e-07, 2.0837228476e-07, 1.95616422616e-07, 1.45827058873e-07, 9.4262695427e-08, 4.92889640213e-08, 6.55566694263e-08, 8.35783851016e-08, 9.12156465915e-08, 1.21369780004e-07, 2.23364480689e-07, 2.96154951229e-07, 2.44036357344e-07, 1.04498582232e-07, 1.56828690479e-07, 5.69227971425e-08, 2.13966888651e-08, 1.70499845353e-08, 7.61484830747e-09, 5.31234878309e-09, 3.22678939124e-10, 1.36601785439e-10, 1.30029875756e-10, 1.23911214622e-10, 1.19927318076e-10, 1.16851056609e-10, 1.13510437161e-10, 1.09723528874e-10, 1.08052525261e-10, 1.06475772643e-10, 1.04290368008e-10, 1.03463550227e-10, 1.02844267824e-10]
    },
    "mfcc": {
        "mean": [-645.605102539, 156.061325073, -31.4774150848, 28.2361392975, -6.50210142136, -5.35307073593, -13.2857532501, 12.2348966599, -2.07961654663, 2.00245714188, 0.532818198204, -1.10005438328, -6.15422010422],
        "cov": [[1666.82641602, -431.477142334, -102.152565002, -160.332672119, -47.3407745361, -45.5334358215, -64.2569122314, 32.5836830139, -20.2314376831, -5.86539888382, 9.83087062836, 13.386592865, -52.6052742004], [-431.477142334, 630.53326416, -215.683792114, 54.5073699951, 50.5323104858, -26.934173584, 39.2361869812, 68.9972457886, 24.5445709229, -7.161485672, 33.9035301208, 3.82201075554, -15.8047800064], [-102.152565002, -215.683792114, 459.635894775, 31.827671051, -38.500087738, 65.6820449829, 66.1679153442, -35.8419456482, 5.74828672409, 25.283662796, -32.1408462524, 12.9742326736, 47.264831543], [-160.332672119, 54.5073699951, 31.827671051, 196.182617188, 79.2700424194, 24.2375679016, -18.7657566071, -19.5992736816, 5.8423037529, 10.7358789444, -10.4888553619, -11.1585025787, 30.1883506775], [-47.3407745361, 50.5323104858, -38.500087738, 79.2700424194, 253.076980591, 18.7772712708, -79.3743591309, -43.1132774353, 4.60900878906, 37.7802391052, 11.41157341, -9.35385417938, 15.9592609406], [-45.5334358215, -26.934173584, 65.6820449829, 24.2375679016, 18.7772712708, 127.830215454, 62.1395721436, -36.178730011, 0.541828811169, 29.1940937042, -9.64134597778, -18.5240726471, 4.82890462875], [-64.2569122314, 39.2361869812, 66.1679153442, -18.7657566071, -79.3743591309, 62.1395721436, 171.678955078, 20.9840660095, 11.2359228134, 7.17085933685, -4.84711790085, -9.58358764648, -5.63510751724], [32.5836830139, 68.9972457886, -35.8419456482, -19.5992736816, -43.1132774353, -36.178730011, 20.9840660095, 172.627975464, 16.8915195465, -54.6290359497, 14.5194129944, 31.0887355804, -23.3953018188], [-20.2314376831, 24.5445709229, 5.74828672409, 5.8423037529, 4.60900878906, 0.541828811169, 11.2359228134, 16.8915195465, 66.8515930176, 24.0433044434, 4.75762939453, -8.99230003357, -9.21675300598], [-5.86539888382, -7.161485672, 25.283662796, 10.7358789444, 37.7802391052, 29.1940937042, 7.17085933685, -54.6290359497, 24.0433044434, 100.761268616, 17.1380786896, -34.2505149841, -14.4810562134], [9.83087062836, 33.9035301208, -32.1408462524, -10.4888553619, 11.41157341, -9.64134597778, -4.84711790085, 14.5194129944, 4.75762939453, 17.1380786896, 74.8333969116, 26.474237442, -12.8995285034], [13.386592865, 3.82201075554, 12.9742326736, -11.1585025787, -9.35385417938, -18.5240726471, -9.58358764648, 31.0887355804, -8.99230003357, -34.2505149841, 26.474237442, 103.050003052, 34.6426963806], [-52.6052742004, -15.8047800064, 47.264831543, 30.1883506775, 15.9592609406, 4.82890462875, -5.63510751724, -23.3953018188, -9.21675300598, -14.4810562134, -12.8995285034, 34.6426963806, 85.4119720459]],
        "icov": [[0.000891004805453, 0.000802362919785, 0.000504851690494, 0.000371214555344, -0.000102663980215, 0.000126481536427, -4.62917996629e-05, -0.000389526278013, 0.000136572401971, -0.000368531356798, 0.000110738394142, -0.000271352910204, 0.000267986644758], [0.000802362919785, 0.0030603799969, 0.00164525141008, -0.000545731047168, -0.000686864776071, 0.000826658681035, -0.00158856064081, -0.00090728723444, -0.000295898586046, -0.000453319924418, -0.000300779560348, -0.000397207593778, 7.80924092396e-05], [0.000504851690494, 0.00164525141008, 0.00365185691044, -0.000608820002526, 0.000259420572547, -0.000450723542599, -0.00131696392782, -0.000404556514695, -0.000253139354754, -0.00148225598969, 0.00115863012616, -0.00117343501188, -0.00103867251892], [0.000371214555344, -0.000545731047168, -0.000608820002526, 0.006917856168, -0.00161264033522, -0.00108256598469, 0.000977468909696, -0.000390326458728, -0.000406766106607, 0.00024360808311, 0.00025817862479, 0.00137848744635, -0.00218312744983], [-0.000102663980215, -0.000686864776071, 0.000259420572547, -0.00161264033522, 0.00629462860525, -0.00219721673056, 0.00356751237996, 0.000184171367437, -0.000159159273608, -0.001748977229, -0.000679072400089, 0.000210179990972, -0.00103153241798], [0.000126481536427, 0.000826658681035, -0.000450723542599, -0.00108256598469, -0.00219721673056, 0.0124491881579, -0.00576237915084, 0.00160662992857, 0.00104829785414, -0.00148992007598, 0.000861373613589, 8.88666399987e-05, 0.000584086868912], [-4.62917996629e-05, -0.00158856064081, -0.00131696392782, 0.000977468909696, 0.00356751237996, -0.00576237915084, 0.0108172623441, -0.00156438490376, -0.000705244077835, -0.000671031884849, -0.0003039285657, 0.00112724804785, -0.000687779451255], [-0.000389526278013, -0.00090728723444, -0.000404556514695, -0.000390326458728, 0.000184171367437, 0.00160662992857, -0.00156438490376, 0.00990795250982, -0.00380701036192, 0.00603273417801, -0.00145770504605, -0.00189958373085, 0.0036017857492], [0.000136572401971, -0.000295898586046, -0.000253139354754, -0.000406766106607, -0.000159159273608, 0.00104829785414, -0.000705244077835, -0.00380701036192, 0.0186271928251, -0.00664894515648, 0.0010285921162, 0.000360240403097, 8.63672466949e-05], [-0.000368531356798, -0.000453319924418, -0.00148225598969, 0.00024360808311, -0.001748977229, -0.00148992007598, -0.000671031884849, 0.00603273417801, -0.00664894515648, 0.0193405989558, -0.00690020713955, 0.00492967665195, 0.00196249317378], [0.000110738394142, -0.000300779560348, 0.00115863012616, 0.00025817862479, -0.000679072400089, 0.000861373613589, -0.0003039285657, -0.00145770504605, 0.0010285921162, -0.00690020713955, 0.0196700748056, -0.00828981027007, 0.00421312311664], [-0.000271352910204, -0.000397207593778, -0.00117343501188, 0.00137848744635, 0.000210179990972, 8.88666399987e-05, 0.00112724804785, -0.00189958373085, 0.000360240403097, 0.00492967665195, -0.00828981027007, 0.017231091857, -0.00793490651995], [0.000267986644758, 7.80924092396e-05, -0.00103867251892, -0.00218312744983, -0.00103153241798, 0.000584086868912, -0.000687779451255, 0.0036017857492, 8.63672466949e-05, 0.00196249317378, 0.00421312311664, -0.00793490651995, 0.0185314714909]]
    },
    "spectral_contrast_coeffs": {
        "max": [-0.458441823721, -0.497765719891, -0.513616204262, -0.59139251709, -0.542134821415, -0.58909714222],
        "mean": [-0.707399785519, -0.722043275833, -0.708532631397, -0.749334990978, -0.739687979221, -0.711517632008],
        "min": [-0.867617785931, -0.88670372963, -0.889837861061, -0.866552352905, -0.863094806671, -0.868181884289],
        "stdev": [0.0553685575724, 0.065156199038, 0.0665760412812, 0.0507485494018, 0.0573282279074, 0.0349593684077]
    },
    "spectral_contrast_valleys": {
        "max": [-5.4264497757, -5.10675668716, -5.72475242615, -5.66720342636, -5.94636440277, -9.23473834991],
        "mean": [-6.68191337585, -6.31388711929, -7.39512729645, -7.54251623154, -7.72105455399, -11.4545850754],
        "min": [-8.49556064606, -7.98360824585, -8.81406497955, -9.09039592743, -9.09152317047, -13.1662311554],
        "stdev": [0.514403223991, 0.444906532764, 0.505012512207, 0.541479468346, 0.516924262047, 0.799869179726]
    }
},
"rhythm": {
    "beats_count": 78,
    "beats_loudness": {
        "max": 0.0927842333913,
        "mean": 0.0314019322395,
        "min": 0.00439470261335,
        "stdev": 0.0145179443061
    },
    "bpm": 144.798034668,
    "bpm_histogram_first_peak_bpm": 144,
    "bpm_histogram_first_peak_weight": 0.513513505459,
    "bpm_histogram_second_peak_bpm": 152,
    "bpm_histogram_second_peak_spread": 0,
    "bpm_histogram_second_peak_weight": 0.0389610379934,
    "danceability": 1.25928997993,
    "onset_rate": 3.50683569908,
    "beats_loudness_band_ratio": {
        "max": [0.628196358681, 0.534311532974, 0.680327653885, 0.565572202206, 0.564952492714, 0.0736353769898],
        "mean": [0.197558447719, 0.186737135053, 0.333828896284, 0.165684968233, 0.14158038795, 0.0235497001559],
        "min": [0.0372683182359, 0.0282647330314, 0.0445064939559, 0.0156183214858, 0.0259214472026, 0.00364133762196],
        "stdev": [0.123016171157, 0.106812231243, 0.154826164246, 0.126998707652, 0.118868522346, 0.0161820407957]
    },
