{
"metadata": {
    "version": {
        "essentia": "2.1-beta5",
        "essentia_git_sha": "Undefined",
        "extractor": "music 2.0"
    },
    "audio_properties": {
        "analysis": {
            "equal_loudness": 0,
            "length": 12.7477550507,
            "sample_rate": 44100,
            "start_time": 0,
            "downmix": "mix"
        },
        "bit_rate": 192000,
        "length": 222.876754761,
        "lossless": 0,
        "number_channels": 2,
        "replay_gain": 25.7560329437,
        "sample_rate": 48000,
        "codec": "mp3",
        "md5_encoded": "566baf64e411b654721b066cebe87d89"
    },
    "tags": {
        "file_name": "Portugal_Neste Barco à Vela_Nevada.mp3",
        "encoding": ["Lavf58.29.100"]
    }
},
"lowlevel": {
    "average_loudness": 0.000138767645694,
    "barkbands_crest": {
        "max": 20.4333457947,
        "mean": 6.86611032486,
        "min": 3.64471817017,
        "stdev": 1.74162364006
    },
    "barkbands_flatness_db": {
        "max": 0.246258199215,
        "mean": 0.0812273919582,
        "min": 0.0449059009552,
        "stdev": 0.0288408901542
    },
    "barkbands_kurtosis": {
        "max": 20.6517429352,
        "mean": 3.1958823204,
        "min": -1.5843282938,
        "stdev": 1.71332848072
    },
    "barkbands_skewness": {
        "max": 3.75732946396,
        "mean": -1.53661513329,
        "min": -2.23597335815,
        "stdev": 0.977455973625
    },
    "barkbands_spread": {
        "max": 55.8161354065,
        "mean": 26.1462974548,
        "min": 3.9047999382,
        "stdev": 5.9606385231
    },
    "dissonance": {
        "max": 0.499994456768,
        "mean": 0.487114757299,
        "min": 0.2191272825,
        "stdev": 0.0265987738967
    },
    "dynamic_complexity": 19.2108478546,
    "erbbands_crest": {
        "max": 27.922914505,
        "mean": 4.28570127487,
        "min": 2.58939647675,
        "stdev": 2.98104262352
    },
    "erbbands_flatness_db": {
        "max": 0.323475152254,
        "mean": 0.109019175172,
        "min": 0.0791722387075,
        "stdev": 0.0370883531868
    },
    "erbbands_kurtosis": {
        "max": 9.70469856262,
        "mean": 0.251745343208,
        "min": -1.28808498383,
        "stdev": 0.797273814678
    },
    "erbbands_skewness": {
        "max": 3.08126330376,
        "mean": -0.546774804592,
        "min": -2.32284808159,
        "stdev": 0.478358387947
    },
    "erbbands_spread": {
        "max": 80.6683578491,
        "mean": 35.6605148315,
        "min": 8.48828697205,
        "stdev": 6.8055267334
    },
    "hfc": {
        "max": 1846.30773926,
        "mean": 25.5804805756,
        "min": 1.06696108154e-16,
        "stdev": 159.204620361
    },
    "loudness_ebu128": {
        "integrated": -31.4467468262,
        "loudness_range": 18.8377380371,
        "momentary": {
            "max": -30.146112442,
            "mean": -270.603668213,
            "min": -300.691009521,
            "stdev": 81.8110809326
        },
        "short_term": {
            "max": -38.4676208496,
            "mean": -263.813354492,
            "min": -300.691009521,
            "stdev": 87.6725082397
        }
    },
    "melbands_crest": {
        "max": 29.734292984,
        "mean": 3.53491353989,
        "min": 1.04514360428,
        "stdev": 3.94364571571
    },
    "melbands_flatness_db": {
        "max": 0.295651376247,
        "mean": 0.0245279129595,
        "min": 1.96285382117e-05,
        "stdev": 0.0566067434847
    },
    "melbands_kurtosis": {
        "max": 43.6347808838,
        "mean": -0.229486688972,
        "min": -1.6780796051,
        "stdev": 4.55264568329
    },
    "melbands_skewness": {
        "max": 4.9369392395,
        "mean": 0.19295284152,
        "min": -0.415066212416,
        "stdev": 0.73403441906
    },
    "melbands_spread": {
        "max": 167.953903198,
        "mean": 122.605682373,
        "min": 4.42589330673,
        "stdev": 33.6988143921
    },
    "pitch_salience": {
        "max": 0.997832715511,
        "mean": 0.776287317276,
        "min": 0.279144138098,
        "stdev": 0.0600596033037
    },
    "silence_rate_20dB": {
        "max": 1,
        "mean": 0.983636379242,
        "min": 0,
        "stdev": 0.126869499683
    },
    "silence_rate_30dB": {
        "max": 1,
        "mean": 0.970909118652,
        "min": 0,
        "stdev": 0.168061345816
    },
    "silence_rate_60dB": {
        "max": 1,
        "mean": 0.901818156242,
        "min": 0,
        "stdev": 0.297560304403
    },
    "spectral_centroid": {
        "max": 11796.3798828,
        "mean": 9987.27246094,
        "min": 447.893188477,
        "stdev": 2986.63452148
    },
    "spectral_complexity": {
        "max": 55,
        "mean": 2.46181821823,
        "min": 0,
        "stdev": 8.44088554382
    },
    "spectral_decrease": {
        "max": 2.20883581245e-28,
        "mean": -6.79949030413e-09,
        "min": -7.00137036347e-07,
        "stdev": 5.48789635957e-08
    },
    "spectral_energy": {
        "max": 2.80994391441,
        "mean": 0.0279830507934,
        "min": 9.82629256181e-21,
        "stdev": 0.219825685024
    },
    "spectral_energyband_high": {
        "max": 0.185303986073,
        "mean": 0.00148016982712,
        "min": 6.80512281101e-21,
        "stdev": 0.0128254564479
    },
    "spectral_energyband_low": {
        "max": 0.0127445599064,
        "mean": 0.000164401149959,
        "min": 6.64895594928e-24,
        "stdev": 0.000928281922825
    },
    "spectral_energyband_middle_high": {
        "max": 0.279712587595,
        "mean": 0.00312895863317,
        "min": 1.08114030771e-21,
        "stdev": 0.0204331949353
    },
    "spectral_energyband_middle_low": {
        "max": 2.51199626923,
        "mean": 0.0234100390226,
        "min": 1.22943782752e-22,
        "stdev": 0.199896797538
    },
    "spectral_entropy": {
        "max": 9.83174228668,
        "mean": 9.56248283386,
        "min": 6.3516869545,
        "stdev": 0.712146699429
    },
    "spectral_flux": {
        "max": 1.37214756012,
        "mean": 0.0274977684021,
        "min": 6.33045144083e-11,
        "stdev": 0.139092728496
    },
    "spectral_kurtosis": {
        "max": 18.9898147583,
        "mean": -0.457990527153,
        "min": -1.28566467762,
        "stdev": 2.76692962646
    },
    "spectral_rms": {
        "max": 0.0523584634066,
        "mean": 0.00107237056363,
        "min": 3.09622770131e-12,
        "stdev": 0.00511376140639
    },
    "spectral_rolloff": {
        "max": 19789.0136719,
        "mean": 16981.75,
        "min": 473.73046875,
        "stdev": 5141.99804688
    },
    "spectral_skewness": {
        "max": 3.38621449471,
        "mean": 0.187284633517,
        "min": -0.17922706902,
        "stdev": 0.613701164722
    },
    "spectral_spread": {
        "max": 42733712,
        "mean": 36645048,
        "min": 1620517.375,
        "stdev": 11146160
    },
    "spectral_strongpeak": {
        "max": 32.8390426636,
        "mean": 0.371850311756,
        "min": 0,
        "stdev": 2.32945346832
    },
    "zerocrossingrate": {
        "max": 0.765625,
        "mean": 0.456725865602,
        "min": 0.01611328125,
        "stdev": 0.129614204168
    },
    "barkbands": {
        "max": [0.0201906748116, 0.00411180360243, 0.00294136395678, 0.0130068222061, 0.25432369113, 0.0907539725304, 1.64790511131, 1.92753565311, 0.303056031466, 0.0987277105451, 0.00903413910419, 0.0325703397393, 0.0439378134906, 0.163583487272, 0.0491770654917, 0.00991497188807, 0.0241291671991, 0.0153689393774, 0.0110703976825, 0.00814593490213, 0.0222120583057, 0.0949500575662, 0.0552509650588, 0.0152031946927, 0.0033046961762, 0.000218565633986, 0.000139375886647],
        "mean": [9.20054953895e-05, 4.22470911872e-05, 2.76972823485e-05, 0.000153744811541, 0.0024512137752, 0.00053567730356, 0.00884628109634, 0.00964062847197, 0.00128176715225, 0.000853127974551, 0.000142608740134, 0.000199532019906, 0.000380042620236, 0.000952774309553, 0.000396902119974, 7.90798658272e-05, 0.000162444252055, 0.000136366055813, 8.45935501275e-05, 7.0620670158e-05, 0.000210673941183, 0.000705899030436, 0.000359360477887, 0.000135388487251, 3.88246589864e-05, 2.77577851193e-06, 6.85202167006e-07],
        "min": [2.10388587125e-25, 2.372493256e-24, 2.76663626741e-25, 7.89053831016e-25, 2.69000188174e-24, 4.01561360763e-24, 4.84286718982e-24, 3.23881872439e-24, 1.10339860191e-23, 8.27056209188e-24, 9.77424772865e-24, 1.40396304761e-23, 2.38355158705e-23, 1.30668261404e-23, 3.21809968714e-23, 3.80031216735e-23, 5.33479430277e-23, 8.28476868792e-23, 1.23944323437e-22, 1.43526438569e-22, 2.04633320848e-22, 2.86295974565e-22, 3.51749846464e-22, 4.91971374358e-22, 8.1492451612e-22, 1.21791874174e-21, 1.86764114305e-21],
        "stdev": [0.00113503052853, 0.000269958138233, 0.00016627216246, 0.000790085468907, 0.0189773123711, 0.00509135099128, 0.0966001525521, 0.111262284219, 0.0137866353616, 0.00675997231156, 0.000841699773446, 0.00179947097786, 0.00317893689498, 0.00822965241969, 0.00269610784017, 0.000611556635704, 0.00145828572568, 0.00106999254785, 0.000698201940395, 0.000496550695971, 0.00161710882094, 0.00664145965129, 0.00344054377638, 0.00117369065993, 0.000281696760794, 1.44574250953e-05, 7.58331043471e-06]
    },
    "erbbands": {
        "max": [0.287167280912, 0.590851247311, 2.71201562881, 26.4482383728, 292.241607666, 1235.89855957, 1305.67626953, 821.276916504, 6030.37744141, 53953.9921875, 14522.4863281, 4910.75146484, 8452.33789062, 975.20526123, 383.117431641, 1550.28674316, 2100.20898438, 9033.63476562, 2157.60595703, 1209.76159668, 745.274841309, 1881.43896484, 978.714111328, 385.592529297, 705.27166748, 315.304870605, 943.677429199, 1380.2689209, 3510.19775391, 2725.9230957, 1209.13378906, 495.693908691, 151.131896973, 56.9761161804, 10.6422615051, 1.15272510052, 0.3653460145, 0.102492645383, 0.0226599816233, 0.00501852622256],
        "mean": [0.00221534469165, 0.00678601907566, 0.0272047556937, 0.305157661438, 2.27340078354, 11.2127561569, 7.74221134186, 5.22338056564, 37.0107040405, 342.348327637, 76.9685745239, 27.7595844269, 42.298828125, 11.3033599854, 5.95941877365, 10.6463832855, 19.2922077179, 48.7487106323, 30.0859127045, 9.14949607849, 5.61112451553, 9.82895088196, 8.34857654572, 4.29908180237, 4.54530525208, 3.31286120415, 6.69020748138, 11.0932912827, 26.7018661499, 18.5623989105, 8.57983875275, 4.1930475235, 1.46696710587, 0.650366842747, 0.146863341331, 0.0232331082225, 0.00369579321705, 0.000672616239171, 0.000128772007884, 4.42303244199e-05],
        "min": [6.04513262457e-23, 2.88441777201e-22, 9.94261604714e-22, 3.87016280915e-21, 5.82635650444e-21, 1.3357725314e-20, 1.75490341297e-20, 4.13430298527e-20, 6.35730241389e-20, 1.24585252198e-19, 1.18542775371e-19, 2.91547510014e-19, 3.48335010029e-19, 6.24016834003e-19, 6.89518785169e-19, 7.27057482137e-19, 1.16019111946e-18, 1.18914730058e-18, 1.89914195954e-18, 2.07521748588e-18, 2.78062573854e-18, 3.59149662416e-18, 3.94823067103e-18, 5.36210484947e-18, 6.68793888659e-18, 6.01622190708e-18, 8.33209353011e-18, 9.99347586426e-18, 9.36475490581e-18, 9.64609061267e-18, 9.87853167352e-18, 9.27468899918e-18, 8.66083082198e-18, 7.82796913298e-18, 6.09638646178e-18, 4.00496823001e-18, 1.83885538213e-18, 9.23194878372e-19, 2.44927920883e-19, 2.50182004113e-20],
        "stdev": [0.0172008797526, 0.0387297607958, 0.150728419423, 1.53240585327, 17.3699607849, 87.962638855, 75.4164352417, 43.9054679871, 368.100738525, 3463.06762695, 820.783447266, 235.585601807, 426.067382812, 69.8092498779, 33.9485549927, 88.2166748047, 153.273544312, 451.915100098, 170.784133911, 62.39087677, 45.0503311157, 95.9680099487, 67.7769851685, 29.4700946808, 41.700138092, 21.9299964905, 53.5074691772, 93.9573364258, 247.180618286, 177.874145508, 80.5841064453, 38.0162658691, 11.8924512863, 5.00861263275, 0.915586292744, 0.110459320247, 0.0226528774947, 0.00606810022146, 0.00127363053616, 0.000340296159266]
    },
    "gfcc": {
        "mean": [-1126.84814453, 7.42886590958, -14.2460231781, 1.3468695879, -8.89451503754, 1.2270731926, -5.99711418152, 0.121027238667, -2.13345336914, 0.220676109195, -2.33586931229, -1.51971685886, -1.39071297646],
        "cov": [[158900.703125, 8847.74316406, -16366.1308594, 1489.10144043, -10220.9970703, 1345.88305664, -6842.86083984, 110.844810486, -2377.31738281, 273.272888184, -2629.94970703, -1749.7364502, -1562.43444824], [8847.74316406, 736.053649902, -957.548706055, -54.2676544189, -517.294677734, 61.6872520447, -385.414428711, -5.35443544388, -154.444396973, -19.6180229187, -146.754302979, -113.747962952, -81.4995880127], [-16366.1308594, -957.548706055, 1740.39428711, -90.7572860718, 1027.55566406, -138.06854248, 701.741821289, -13.1086673737, 246.172271729, -13.9616918564, 270.675476074, 182.74861145, 158.274795532], [1489.10144043, -54.2676544189, -90.7572860718, 151.448577881, -127.650299072, 35.2147941589, -68.5724258423, 13.5686435699, -14.7486133575, 29.2137145996, -30.3601722717, -7.6815533638, -16.1481609344], [-10220.9970703, -517.294677734, 1027.55566406, -127.650299072, 700.397399902, -85.6957550049, 440.878814697, 3.09819173813, 143.539505005, -22.8346557617, 168.702484131, 112.294258118, 99.3192062378], [1345.88305664, 61.6872520447, -138.06854248, 35.2147941589, -85.6957550049, 46.7743148804, -62.0967445374, 14.1773319244, -29.9067516327, -3.29023599625, -34.3823509216, -15.3246669769, -8.876121521], [-6842.86083984, -385.414428711, 701.741821289, -68.5724258423, 440.878814697, -62.0967445374, 304.281524658, -3.20879888535, 106.283630371, -10.2576608658, 117.03250885, 77.0614013672, 67.4268493652], [110.844810486, -5.35443544388, -13.1086673737, 13.5686435699, 3.09819173813, 14.1773319244, -3.20879888535, 17.0132446289, -4.97362518311, 3.08501911163, -5.23831510544, 0.738586485386, 0.757213652134], [-2377.31738281, -154.444396973, 246.172271729, -14.7486133575, 143.539505005, -29.9067516327, 106.283630371, -4.97362518311, 52.701625824, 2.73203921318, 44.6210403442, 27.2308979034, 21.9698429108], [273.272888184, -19.6180229187, -13.9616918564, 29.2137145996, -22.8346557617, -3.29023599625, -10.2576608658, 3.08501911163, 2.73203921318, 14.4759340286, -0.0158444456756, -0.231118738651, -4.63508462906], [-2629.94970703, -146.754302979, 270.675476074, -30.3601722717, 168.702484131, -34.3823509216, 117.03250885, -5.23831510544, 44.6210403442, -0.0158444456756, 51.4694442749, 31.3202724457, 25.324514389], [-1749.7364502, -113.747962952, 182.74861145, -7.6815533638, 112.294258118, -15.3246669769, 77.0614013672, 0.738586485386, 27.2308979034, -0.231118738651, 31.3202724457, 24.8507633209, 18.0065193176], [-1562.43444824, -81.4995880127, 158.274795532, -16.1481609344, 99.3192062378, -8.876121521, 67.4268493652, 0.757213652134, 21.9698429108, -4.63508462906, 25.324514389, 18.0065193176, 20.0213127136]],
        "icov": [[0.00399430282414, -0.00823917612433, 0.0182640850544, -0.00903113838285, 0.0182642228901, 0.0041856369935, 0.00217887805775, -0.00754282576963, 0.00920824427158, -0.0121605284512, 0.00562061881647, -0.014589663595, 0.023796023801], [-0.00823917612433, 0.0305316261947, -0.0353677608073, 0.0242458991706, -0.0411247834563, -0.00257428106852, 0.0130030084401, 0.0106094432995, -0.00879630818963, 0.0383355766535, -0.0283736363053, 0.0610160380602, -0.0613274350762], [0.0182640850544, -0.0353677608073, 0.103023558855, -0.0557931289077, 0.0703221186996, 0.0219481140375, -0.0151161560789, -0.0107641313225, 0.0492406561971, -0.0553103126585, 0.0214771069586, -0.0528605729342, 0.0876372158527], [-0.00903113838285, 0.0242458991706, -0.0557931289077, 0.06319373101, -0.0296469405293, -0.0311174280941, 0.0125452578068, 0.0181109812111, -0.0244841948152, -0.0364686138928, 0.0319565050304, -0.00115779065527, -0.0446659475565], [0.0182642228901, -0.0411247834563, 0.0703221186996, -0.0296469405293, 0.115298219025, 0.0172410011292, -0.00436716945842, -0.066772326827, 0.0445141121745, -0.0440053343773, 0.0149519685656, -0.0857717245817, 0.130192726851], [0.0041856369935, -0.00257428106852, 0.0219481140375, -0.0311174280941, 0.0172410011292, 0.117603570223, 0.0015410707565, -0.0642093122005, 0.0227669719607, 0.0542573742568, 0.0803451091051, 0.00458283070475, -0.0367633625865], [0.00217887805775, 0.0130030084401, -0.0151161560789, 0.0125452578068, -0.00436716945842, 0.0015410707565, 0.1649813205, -0.0568176060915, -0.0295097809285, 0.0637887790799, -0.11336465925, 0.0167986955494, -0.00310326530598], [-0.00754282576963, 0.0106094432995, -0.0107641313225, 0.0181109812111, -0.066772326827, -0.0642093122005, -0.0568176060915, 0.19734351337, -0.00220186985098, -0.118535317481, 0.0924170091748, -0.0209280420095, -0.0821889862418], [0.00920824427158, -0.00879630818963, 0.0492406561971, -0.0244841948152, 0.0445141121745, 0.0227669719607, -0.0295097809285, -0.00220186985098, 0.1256839782, -0.0456706807017, -0.0237116999924, 0.00780112249777, 0.0370065793395], [-0.0121605284512, 0.0383355766535, -0.0553103126585, -0.0364686138928, -0.0440053343773, 0.0542573742568, 0.0637887790799, -0.118535317481, -0.0456706807017, 0.391455113888, -0.262919634581, 0.145554676652, -0.0107052316889], [0.00562061881647, -0.0283736363053, 0.0214771069586, 0.0319565050304, 0.0149519685656, 0.0803451091051, -0.11336465925, 0.0924170091748, -0.0237116999924, -0.262919634581, 0.598420321941, -0.242092818022, -0.0551925674081], [-0.014589663595, 0.0610160380602, -0.0528605729342, -0.00115779065527, -0.0857717245817, 0.00458283070475, 0.0167986955494, -0.0209280420095, 0.00780112249777, 0.145554676652, -0.242092818022, 0.433359354734, -0.159896150231], [0.023796023801, -0.0613274350762, 0.0876372158527, -0.0446659475565, 0.130192726851, -0.0367633625865, -0.00310326530598, -0.0821889862418, 0.0370065793395, -0.0107052316889, -0.0551925674081, -0.159896150231, 0.450435191393]]
    },
    "melbands": {
        "max": [0.00276784459129, 0.00125935976394, 0.0103693408892, 0.049952916801, 0.0543056018651, 0.0168356429785, 0.131250634789, 0.516358852386, 0.0802076607943, 0.0410967208445, 0.0419349893928, 0.00355337653309, 0.00142400851473, 0.00321294879541, 0.00470153847709, 0.00779870897532, 0.0158737096936, 0.00283296150155, 0.00414585042745, 0.000482150469907, 0.000876520643942, 0.00193961453624, 0.00147924828343, 0.000761054281611, 0.000251113349805, 0.000480956659885, 0.000502808659803, 0.000126429527882, 0.000497959728818, 0.000458047841676, 0.00102939154021, 0.0020291171968, 0.00219526072033, 0.00143890175968, 0.000805703748483, 0.00038994505303, 0.000277191022178, 0.000110446322651, 7.80364789534e-05, 3.67760258086e-05],
        "mean": [1.99027563212e-05, 1.40489701153e-05, 9.29184534471e-05, 0.000472295942018, 0.000362300372217, 0.000103788734123, 0.000844097987283, 0.00362385436893, 0.000366931082681, 0.000189522615983, 0.000210310332477, 4.59465954918e-05, 2.01035509235e-05, 1.69257582456e-05, 4.00973040087e-05, 5.23873932252e-05, 9.06785426196e-05, 4.901241482e-05, 2.40092394961e-05, 4.97178143632e-06, 6.59545366943e-06, 1.01672158053e-05, 9.00650775293e-06, 6.08938626101e-06, 3.06702213493e-06, 3.31188380187e-06, 3.17142030326e-06, 1.7365724716e-06, 3.86616784454e-06, 3.61188062925e-06, 7.68489098846e-06, 1.45581570905e-05, 1.51921194629e-05, 9.00943268789e-06, 5.38373114978e-06, 2.98442182611e-06, 2.28179260375e-06, 1.02307217276e-06, 8.36539015836e-07, 4.34531926885e-07],
        "min": [9.35958614926e-25, 5.24256299315e-25, 1.16637551762e-24, 8.0415105102e-25, 6.73616610008e-25, 9.54492507464e-25, 8.1055167119e-25, 1.49231045973e-24, 1.37809927648e-24, 1.4294060995e-24, 1.48836812735e-24, 2.09240405008e-24, 1.89878484621e-24, 1.72756199508e-24, 1.63936448626e-24, 2.29086350724e-24, 1.50753103786e-24, 1.93642080835e-24, 2.71314272196e-24, 2.96948760906e-24, 3.33182503068e-24, 3.29944169888e-24, 3.08906531444e-24, 2.86430168482e-24, 3.37049735884e-24, 3.97319024587e-24, 2.86610068212e-24, 2.93741429959e-24, 3.69223822334e-24, 4.42942282281e-24, 4.64857784861e-24, 4.926564543e-24, 5.20823955656e-24, 4.9101436144e-24, 4.94471465471e-24, 5.27915815193e-24, 4.53935650641e-24, 5.34239836969e-24, 5.69169375118e-24, 5.95554287486e-24],
        "stdev": [0.000157443573698, 7.33020424377e-05, 0.000584067543969, 0.00357021484524, 0.0032863963861, 0.000921634957194, 0.00892597716302, 0.0367156118155, 0.00414730748162, 0.00189092871733, 0.00210990267806, 0.000283463072265, 0.000119199277833, 0.000154549576109, 0.000343979976606, 0.000452430307632, 0.000819675973617, 0.000265209760983, 0.000197248911718, 3.30105358444e-05, 5.4658150475e-05, 9.92894201772e-05, 8.20536442916e-05, 4.93384904985e-05, 2.02352002816e-05, 3.07105074171e-05, 2.88932878902e-05, 1.04614709926e-05, 2.98728773487e-05, 2.84019351966e-05, 6.78310461808e-05, 0.000134560570586, 0.000146470760228, 8.76450067153e-05, 5.09195924678e-05, 2.74246340268e-05, 2.07952180062e-05, 8.31461693451e-06, 6.81893834553e-06, 3.2125042253e-06]
    },
    "melbands128": {
        "max": [0.00829120632261, 0.00345524819568, 0.00145233375952, 0.000761209172197, 0.000793960061856, 0.00171348662116, 0.00328692700714, 0.00810934603214, 0.0247679166496, 0.0590329691768, 0.0850301086903, 0.0944071263075, 0.0467181652784, 0.0215695649385, 0.0155690219253, 0.0139923393726, 0.0214923620224, 0.107683502138, 0.33310392499, 1.06724464893, 0.764440715313, 0.111048027873, 0.00527553027496, 0.00457089580595, 0.0146647598594, 0.0609227791429, 0.0944980382919, 0.0362150035799, 0.00795061700046, 0.0081734508276, 0.0016005813377, 0.00203925417736, 0.00286575779319, 0.00121470284648, 0.000921404396649, 0.00444624293596, 0.00696323998272, 0.00525225466117, 0.0125897619873, 0.00324739934877, 0.00511026242748, 0.0309091135859, 0.0283169485629, 0.00882221199572, 0.00352294370532, 0.00498502794653, 0.00546173518524, 0.00888511352241, 0.000788906763773, 0.000414178823121, 0.000670988869388, 0.000999700045213, 0.00177714065649, 0.00143377832137, 0.00107414077502, 0.00336734671146, 0.00228949682787, 0.00130703451578, 0.00283284019679, 0.00104765675496, 0.00135641358793, 0.000378071010346, 0.000362608523574, 0.00051572418306, 0.000534729624633, 0.000632514536846, 0.000515321909916, 0.000627982022706, 0.000634913274553, 0.000497862405609, 0.000105283303128, 0.000215734427911, 0.000102020858321, 0.000650230736937, 0.00152449193411, 0.000427939143265, 0.000259460444795, 0.000493154337164, 0.00105086632539, 0.00166780536529, 0.00197053956799, 0.00221113767475, 0.00234854593873, 0.0026967311278, 0.00172451522667, 0.00155369285494, 0.00147030118387, 0.00117967580445, 0.000949702051003, 0.000620958278887, 0.000585816800594, 0.000368180102669, 0.000535057974048, 0.000339299062034, 0.00020489365852, 0.0001993530459, 6.86849671183e-05, 6.52219605399e-05, 0.000101724232081, 8.34077072795e-05, 4.72390347568e-05, 3.81320060114e-05, 2.84381130768e-05, 1.75964396476e-05, 1.34113270178e-05, 7.97132997832e-06, 3.08938933813e-06, 1.88910451016e-06, 2.30699833992e-06, 1.66698373505e-06, 1.17696833968e-06, 1.49276866068e-06, 1.10691439659e-06, 8.39528240704e-07, 1.19234391605e-06, 8.88582803782e-07, 7.03219939169e-07, 9.19776141473e-07, 6.72790520184e-07, 8.37887682792e-07, 5.72768612983e-07, 5.87173815347e-07, 5.65893174098e-07, 4.64102384967e-07, 5.00196506437e-07, 4.15594399783e-07, 4.12092845181e-07, 3.21023293282e-07],
        "mean": [3.74212031602e-05, 2.30793411902e-05, 1.46947477333e-05, 9.72866382654e-06, 7.72654857428e-06, 1.65058445418e-05, 4.73622858408e-05, 8.83397151483e-05, 0.0001828661334, 0.000431308610132, 0.000744393735658, 0.000603741325904, 0.0002240199683, 0.000116915973194, 0.000107931096863, 8.33456870168e-05, 0.000124804675579, 0.000400291668484, 0.00211894046515, 0.00556597439572, 0.00355542148463, 0.000438036804553, 5.29080352862e-05, 5.36665720574e-05, 0.000137811657623, 0.000240668436163, 0.000326152483467, 0.000220830988837, 0.000108174426714, 6.53772585792e-05, 1.78302434506e-05, 1.71936026163e-05, 2.79140676867e-05, 1.61112002388e-05, 6.44443434794e-06, 1.64641878655e-05, 3.46586930391e-05, 4.03783124057e-05, 5.08146331413e-05, 2.81371212623e-05, 2.97501410387e-05, 0.000115918475785, 0.000133327863296, 5.17337575729e-05, 3.72928043362e-05, 6.29397400189e-05, 4.01912984671e-05, 3.46232336597e-05, 1.02971707747e-05, 4.96673646921e-06, 4.15277145294e-06, 4.58494469058e-06, 6.89271837473e-06, 7.38380731491e-06, 6.44060673949e-06, 1.26355735119e-05, 1.10929850052e-05, 7.87024328019e-06, 1.07410642158e-05, 6.2991566665e-06, 7.88630131865e-06, 3.13181203637e-06, 3.13386499329e-06, 3.20436242873e-06, 2.64424170382e-06, 3.89273600376e-06, 2.74909734799e-06, 4.04897036788e-06, 2.92797130896e-06, 2.74477724815e-06, 1.20307765883e-06, 1.84851830909e-06, 1.65329527135e-06, 4.63892683911e-06, 6.09635299043e-06, 3.41033023687e-06, 2.38908660322e-06, 4.00607041229e-06, 9.15531563805e-06, 1.00911220215e-05, 1.22547598949e-05, 1.68586193467e-05, 1.93223295355e-05, 1.72657146322e-05, 9.19313515624e-06, 9.05868364498e-06, 9.81052107818e-06, 7.05408729118e-06, 5.20238108948e-06, 4.32135857409e-06, 2.78041193269e-06, 2.4635517093e-06, 3.31855221702e-06, 2.49997083301e-06, 1.57479621521e-06, 1.4417478269e-06, 7.2839020504e-07, 6.84833423747e-07, 1.01950593034e-06, 8.13026076685e-07, 5.45278169284e-07, 3.97463992385e-07, 2.64045070253e-07, 1.95792480895e-07, 1.60768109936e-07, 1.05731686517e-07, 6.87949182065e-08, 4.44252101772e-08, 3.14875450158e-08, 1.84934343395e-08, 1.63400422082e-08, 1.2933979221e-08, 8.94231000359e-09, 7.20430026746e-09, 6.70057742624e-09, 5.34141975095e-09, 3.99465704959e-09, 3.8953409387e-09, 3.58480778395e-09, 3.458540343e-09, 3.01076230613e-09, 2.77097322865e-09, 2.77598122267e-09, 2.20575802068e-09, 2.10371009501e-09, 2.046681713e-09, 1.80977555164e-09, 1.75873315911e-09],
        "min": [2.50296382393e-26, 1.04841044114e-25, 4.38761575863e-25, 2.10909826968e-25, 5.47708345166e-26, 1.82148414424e-25, 5.97598682152e-26, 3.42365854733e-25, 2.17348583632e-25, 1.57493811752e-25, 2.08203960107e-25, 2.90980244228e-25, 1.97040136162e-25, 3.45992199011e-25, 2.23023501073e-25, 4.02454862835e-26, 4.83799715702e-25, 3.22564583195e-25, 3.43001060325e-25, 5.76676698113e-25, 3.35252449432e-25, 5.89141341365e-25, 1.40512040023e-25, 6.24778921619e-25, 3.7348338526e-25, 2.30034329805e-25, 4.09551732872e-25, 5.6281695435e-25, 5.29976379042e-25, 6.23735061426e-25, 6.39064058625e-25, 5.54490675406e-25, 7.86624385947e-25, 4.49969366478e-25, 8.93157487399e-25, 8.56222723994e-25, 7.84475479537e-25, 5.77495880859e-25, 3.99535122224e-25, 6.85424871683e-25, 1.12348238919e-24, 3.19214315583e-25, 9.14854613559e-25, 5.81800546907e-25, 4.33739095695e-25, 1.02325435713e-24, 6.20063752077e-25, 1.01293043585e-24, 1.26686633897e-24, 1.15107378542e-24, 1.28100203613e-24, 9.22024077289e-25, 1.21234973953e-24, 1.01419221887e-24, 1.21605018743e-24, 1.33671395706e-24, 1.00230033794e-24, 6.77699803357e-25, 1.71150768959e-24, 1.34350812021e-24, 1.09226203557e-24, 1.38463232667e-24, 1.59688600284e-24, 2.30565602972e-24, 2.26224185867e-24, 1.58139080251e-24, 2.2150585102e-24, 1.78068783275e-24, 2.18366953757e-24, 1.66287362592e-24, 1.98704260428e-24, 1.55965068343e-24, 2.09577110564e-24, 1.73704232823e-24, 1.77742234303e-24, 1.68737367348e-24, 2.39989729777e-24, 2.34021701206e-24, 2.4252570065e-24, 2.48093540084e-24, 2.44975685685e-24, 2.8399174026e-24, 2.82671029332e-24, 3.41258624358e-24, 2.53829742156e-24, 3.30338343961e-24, 2.49197491756e-24, 2.7295070498e-24, 3.42470038607e-24, 2.75042685214e-24, 3.31125745473e-24, 2.98476666151e-24, 3.05025493563e-24, 3.13880220566e-24, 1.65148148837e-24, 3.18104432663e-24, 2.9802034956e-24, 3.25164382777e-24, 3.54251873441e-24, 4.08131467698e-24, 3.82555611075e-24, 3.77808206704e-24, 3.96104454894e-24, 3.18513023168e-24, 3.79272371988e-24, 3.58454845458e-24, 4.20577050099e-24, 4.11377630323e-24, 2.52705556202e-24, 4.8320854334e-24, 4.5605307164e-24, 4.30681451105e-24, 3.34459235e-24, 4.70941006846e-24, 4.81033693267e-24, 4.44155195366e-24, 3.62831287988e-24, 4.93178088574e-24, 5.00311915512e-24, 4.67635600767e-24, 5.04953415306e-24, 4.78631493482e-24, 4.96513865798e-24, 4.42377221215e-24, 4.96453399609e-24, 4.41550061112e-24, 4.76597218422e-24, 4.47102261379e-24],
        "stdev": [0.000443708413513, 0.000195505286683, 9.40367899602e-05, 5.37517262273e-05, 4.64425538667e-05, 9.83656354947e-05, 0.000211869410123, 0.000494122272357, 0.00144392123912, 0.00363157200627, 0.00590488361195, 0.00563372159377, 0.00251488992944, 0.00120502873324, 0.000877457903698, 0.000805253745057, 0.00122344319243, 0.00524434167892, 0.0237651243806, 0.0596476122737, 0.0425778888166, 0.00544896908104, 0.000358013669029, 0.000381015968742, 0.000988397281617, 0.00278049986809, 0.00433453498408, 0.00232321955264, 0.000708055915311, 0.000500112248119, 0.000129982610815, 0.000137028779136, 0.000195059008547, 9.56855728873e-05, 4.87060715386e-05, 0.000200137728825, 0.00034980563214, 0.000372790003894, 0.000673737726174, 0.000248918280704, 0.000292200391414, 0.00147561705671, 0.0013896280434, 0.000505913048983, 0.000246710842475, 0.000403633224778, 0.000307025300572, 0.000395408307668, 6.64185063215e-05, 2.93690372928e-05, 3.44929576386e-05, 4.87285979034e-05, 8.09942939668e-05, 7.24639903638e-05, 5.75661506446e-05, 0.000160408701049, 0.000116162766062, 7.14600973879e-05, 0.000131096414407, 5.64386755286e-05, 7.66638695495e-05, 2.18944805965e-05, 2.26906977332e-05, 2.60016277025e-05, 2.51345281868e-05, 3.98985248466e-05, 2.62368630501e-05, 4.00854914915e-05, 3.02191074297e-05, 2.50723787758e-05, 7.01593717167e-06, 1.28640731418e-05, 9.93231697066e-06, 3.73708135157e-05, 7.03204423189e-05, 2.77105646092e-05, 1.81156119652e-05, 3.26484405377e-05, 8.43718007673e-05, 9.55861105467e-05, 0.000115947441373, 0.000160050010891, 0.000181722876732, 0.000173954307684, 9.94306683424e-05, 8.96840938367e-05, 9.47832595557e-05, 6.87445353833e-05, 5.12381302542e-05, 4.01545366913e-05, 2.9388053008e-05, 2.32038473769e-05, 3.26286026393e-05, 2.3975782824e-05, 1.36207954711e-05, 1.34539650389e-05, 5.37986397831e-06, 5.11852704221e-06, 8.73187218531e-06, 6.78755259287e-06, 4.18245781475e-06, 2.92466347673e-06, 1.86868021501e-06, 1.26209192786e-06, 1.05131937289e-06, 5.90651097809e-07, 3.13546792086e-07, 2.02265127314e-07, 1.62335510367e-07, 9.90922330857e-08, 8.50325392321e-08, 8.45788576953e-08, 6.85031835701e-08, 5.42561906514e-08, 6.0996868001e-08, 5.10097741824e-08, 4.35785487696e-08, 4.50565664778e-08, 3.87267071744e-08, 4.18579801931e-08, 3.35874474899e-08, 3.09836885037e-08, 2.99869107323e-08, 2.49972522681e-08, 2.44046027831e-08, 2.24483240885e-08, 2.03159551404e-08, 1.79867267747e-08]
    },
    "mfcc": {
        "mean": [-1196.06921387, 11.181728363, -0.0305392872542, -0.423611998558, -0.600011765957, -0.263957768679, -2.01751494408, -1.17662525177, -0.538070678711, 0.407178580761, 0.298785924911, -0.958065509796, -1.58855307102],
        "cov": [[41746.9023438, 6471.07226562, -143.014892578, -267.49029541, -452.768615723, -186.79397583, -1240.93933105, -710.532531738, -326.139984131, 261.843536377, 217.152908325, -528.531494141, -936.372680664], [6471.07226562, 1365.58569336, -132.094696045, -145.514373779, -51.5467185974, -61.6326408386, -169.957885742, -110.249732971, -71.8049163818, 27.5515289307, 12.7463064194, -111.390769958, -185.491149902], [-143.014892578, -132.094696045, 102.401374817, 51.711517334, -4.69652223587, 20.2086219788, -7.08673095703, -4.97606134415, 5.53905963898, 0.679736733437, 2.13282465935, 4.57914733887, 14.4650201797], [-267.49029541, -145.514373779, 51.711517334, 65.422958374, 7.43707847595, 11.4502658844, 3.19569349289, -3.61158466339, 7.16443777084, 1.09452474117, 7.91845369339, 20.3265762329, 24.1236438751], [-452.768615723, -51.5467185974, -4.69652223587, 7.43707847595, 30.2689113617, 5.25125026703, 24.4703464508, 13.1188545227, 10.0513334274, -1.83874607086, -5.79847383499, 2.05903434753, 9.3992433548], [-186.79397583, -61.6326408386, 20.2086219788, 11.4502658844, 5.25125026703, 11.4360666275, 5.37627363205, 5.44220542908, 4.68891763687, -0.993659257889, -1.51145935059, 0.55760383606, 6.5003027916], [-1240.93933105, -169.957885742, -7.08673095703, 3.19569349289, 24.4703464508, 5.37627363205, 56.2330589294, 28.0936203003, 13.804520607, -7.20152854919, -9.82013988495, 12.5817775726, 22.8598670959], [-710.532531738, -110.249732971, -4.97606134415, -3.61158466339, 13.1188545227, 5.44220542908, 28.0936203003, 23.5952396393, 11.3857002258, -3.21781253815, -6.44122123718, 4.8534860611, 12.9082365036], [-326.139984131, -71.8049163818, 5.53905963898, 7.16443777084, 10.0513334274, 4.68891763687, 13.804520607, 11.3857002258, 11.6159009933, 2.07001161575, -1.58005940914, 4.09160232544, 8.11162567139], [261.843536377, 27.5515289307, 0.679736733437, 1.09452474117, -1.83874607086, -0.993659257889, -7.20152854919, -3.21781253815, 2.07001161575, 6.7800412178, 3.86347866058, -2.06772542, -5.29271459579], [217.152908325, 12.7463064194, 2.13282465935, 7.91845369339, -5.79847383499, -1.51145935059, -9.82013988495, -6.44122123718, -1.58005940914, 3.86347866058, 7.46294021606, 3.63845705986, -0.528274536133], [-528.531494141, -111.390769958, 4.57914733887, 20.3265762329, 2.05903434753, 0.55760383606, 12.5817775726, 4.8534860611, 4.09160232544, -2.06772542, 3.63845705986, 19.641752243, 21.0330314636], [-936.372680664, -185.491149902, 14.4650201797, 24.1236438751, 9.3992433548, 6.5003027916, 22.8598670959, 12.9082365036, 8.11162567139, -5.29271459579, -0.528274536133, 21.0330314636, 32.0097923279]],
        "icov": [[0.000431651598774, -0.00165995326824, 0.000885468733031, -0.00336666847579, 0.00246084388345, -0.00321059557609, 0.00302437669598, -0.00047028780682, -0.00217066402547, -0.00277847843245, -0.00123048422392, 0.00161732907873, 0.00211173389107], [-0.00165995326824, 0.0152925923467, -0.00304698362015, 0.0194035116583, -0.0277748350054, 0.0210900362581, -0.00128711736761, 0.0119733698666, 0.0239843372256, 0.00970746763051, 0.00698038283736, -0.0216172803193, 0.0366240218282], [0.000885468733031, -0.00304698362015, 0.0354652628303, -0.0358650498092, 0.031638212502, -0.0341389328241, 0.00221439707093, 0.0152278570458, -0.0189829021692, -0.0114544769749, 0.0189564432949, 0.0466518141329, -0.0182561390102], [-0.00336666847579, 0.0194035116583, -0.0358650498092, 0.10673096031, -0.0695239305496, 0.00429766532034, -0.0111458478495, 0.0474050045013, 0.00669656461105, 0.0365448631346, -0.0281790141016, -0.106891788542, 0.0322295092046], [0.00246084388345, -0.0277748350054, 0.031638212502, -0.0695239305496, 0.142699375749, -0.0424856059253, -0.0355446524918, 0.00179712113459, -0.0994502305984, -0.00818915106356, 0.0101828947663, 0.127511814237, -0.119249910116], [-0.00321059557609, 0.0210900362581, -0.0341389328241, 0.00429766532034, -0.0424856059253, 0.261948853731, -0.00676611578092, -0.0377451777458, -0.00246266741306, 0.0773300081491, -0.0535985417664, 0.105778954923, -0.0371628962457], [0.00302437669598, -0.00128711736761, 0.00221439707093, -0.0111458478495, -0.0355446524918, -0.00676611578092, 0.106394939125, -0.0498910881579, 0.01202784013, -0.0146640073508, 0.0454059541225, -0.0732524394989, 0.0877693369985], [-0.00047028780682, 0.0119733698666, 0.0152278570458, 0.0474050045013, 0.00179712113459, -0.0377451777458, -0.0498910881579, 0.248705804348, -0.165295511484, 0.0765037462115, -0.00465641403571, 0.0226614437997, -0.00493662664667], [-0.00217066402547, 0.0239843372256, -0.0189829021692, 0.00669656461105, -0.0994502305984, -0.00246266741306, 0.01202784013, -0.165295511484, 0.475872635841, -0.30819645524, 0.141840219498, -0.123210139573, 0.0785376727581], [-0.00277847843245, 0.00970746763051, -0.0114544769749, 0.0365448631346, -0.00818915106356, 0.0773300081491, -0.0146640073508, 0.0765037462115, -0.30819645524, 0.558150410652, -0.306204527617, 0.0800825208426, 0.0316469110548], [-0.00123048422392, 0.00698038283736, 0.0189564432949, -0.0281790141016, 0.0101828947663, -0.0535985417664, 0.0454059541225, -0.00465641403571, 0.141840219498, -0.306204527617, 0.543348908424, -0.235073342919, 0.0713264346123], [0.00161732907873, -0.0216172803193, 0.0466518141329, -0.106891788542, 0.127511814237, 0.105778954923, -0.0732524394989, 0.0226614437997, -0.123210139573, 0.0800825208426, -0.235073342919, 0.564721882343, -0.36471298337], [0.00211173389107, 0.0366240218282, -0.0182561390102, 0.0322295092046, -0.119249910116, -0.0371628962457, 0.0877693369985, -0.00493662664667, 0.0785376727581, 0.0316469110548, 0.0713264346123, -0.36471298337, 0.497231304646]]
    },
    "spectral_contrast_coeffs": {
        "max": [-0.289688050747, -0.267399668694, -0.520896434784, -0.578032791615, -0.657615363598, -0.589670419693],
        "mean": [-0.923218548298, -0.93277657032, -0.937071740627, -0.939220607281, -0.94280064106, -0.939817667007],
        "min": [-0.999933600426, -0.999813914299, -0.999475717545, -0.998765707016, -0.999137580395, -0.965891122818],
        "stdev": [0.119763806462, 0.103653073311, 0.0760229080915, 0.0703757926822, 0.0538288392127, 0.061966817826]
    },
    "spectral_contrast_valleys": {
        "max": [-5.4319562912, -3.92041182518, -4.56217670441, -5.1030755043, -5.45360136032, -7.03793001175],
        "mean": [-25.0760612488, -24.9376296997, -25.0712337494, -25.0522727966, -25.084651947, -25.3179187775],
        "min": [-28.0510902405, -28.0915355682, -27.9253177643, -27.9180679321, -27.5829238892, -27.4664669037],
        "stdev": [6.11396884918, 6.44568061829, 6.23617124557, 6.21054267883, 6.16447687149, 5.5027217865]
    }
},
"rhythm": {
    "beats_count": 28,
    "beats_loudness": {
        "max": 2.82119488716,
        "mean": 0.104144334793,
        "min": 0,
        "stdev": 0.52317160368
    },
    "bpm": 135.999176025,
    "bpm_histogram_first_peak_bpm": 136,
    "bpm_histogram_first_peak_weight": 0,
    "bpm_histogram_second_peak_bpm": 144,
    "bpm_histogram_second_peak_spread": 0.333333313465,
    "bpm_histogram_second_peak_weight": 0.296296298504,
    "danceability": 2.0882692337,
    "onset_rate": 0.54861664772,
    "beats_loudness_band_ratio": {
        "max": [0.218640953302, 0.268603920937, 0.880049109459, 0.471013337374, 0.121035479009, 0.0712295249104],
        "mean": [0.00901623722166, 0.012557589449, 0.0507362745702, 0.0267801936716, 0.00827628653497, 0.00296235713176],
        "min": [0, 0, 0, 0, 0, 0],
        "stdev": [0.0407944135368, 0.0510174185038, 0.174333930016, 0.094690002501, 0.0269121658057, 0.0132940430194]
    },
    "beats_position": [0.429569154978, 0.870748281479, 1.31192743778, 1.75310659409, 2.19428563118, 2.63546490669, 3.07664394379, 3.51782298088, 3.95900225639, 4.45823097229, 4.95746040344, 5.44507932663, 5.93269824982, 6.420317173, 6.90793657303, 7.38394546509, 7.79029464722, 8.19664382935, 8.60299301147, 9.02095222473, 9.43891143799, 9.85687065125, 10.2748298645, 10.6927890778, 11.110748291, 11.5287075043, 11.9466667175, 12.3530158997],
    "bpm_histogram": [0, 0, 0, 0, 0, 0, 0, 0, 0, 0, 0, 0, 0, 0, 0, 0, 0, 0, 0, 0, 0, 0, 0, 0, 0, 0, 0, 0, 0, 0, 0, 0, 0, 0, 0, 0, 0, 0, 0, 0, 0, 0, 0, 0, 0, 0, 0, 0, 0, 0, 0, 0, 0, 0, 0, 0, 0, 0, 0, 0, 0, 0, 0, 0, 0, 0, 0, 0, 0, 0, 0, 0, 0, 0, 0, 0, 0, 0, 0, 0, 0, 0, 0, 0, 0, 0, 0, 0, 0, 0, 0, 0, 0, 0, 0, 0, 0, 0, 0, 0, 0, 0, 0, 0, 0, 0, 0, 0, 0, 0, 0, 0, 0, 0, 0, 0, 0, 0, 0, 0, 0.074074074626, 0, 0, 0.148148149252, 0, 0, 0.037037037313, 0, 0, 0, 0, 0, 0, 0, 0, 0, 0.296296298504, 0, 0, 0, 0, 0, 0, 0, 0.296296298504, 0, 0, 0, 0.148148149252, 0, 0, 0, 0, 0, 0, 0, 0, 0, 0, 0, 0, 0, 0, 0, 0, 0, 0, 0, 0, 0, 0, 0, 0, 0, 0, 0, 0, 0, 0, 0, 0, 0, 0, 0, 0, 0, 0, 0, 0, 0, 0, 0, 0, 0, 0, 0, 0, 0, 0, 0, 0, 0, 0, 0, 0, 0, 0, 0, 0, 0, 0, 0, 0, 0, 0, 0, 0, 0, 0, 0, 0, 0, 0, 0, 0, 0, 0, 0, 0, 0, 0, 0, 0, 0, 0, 0, 0, 0, 0, 0, 0, 0, 0, 0, 0, 0, 0, 0, 0, 0]
},
"tonal": {
    "chords_changes_rate": 0.0362318828702,
    "chords_number_rate": 0.0108695654199,
    "chords_strength": {
        "max": 0.66157078743,
        "mean": -0.722464799881,
        "min": -1,
