{
"metadata": {
    "version": {
        "essentia": "2.1-beta5",
        "essentia_git_sha": "Undefined",
        "extractor": "music 2.0"
    },
    "audio_properties": {
        "analysis": {
            "equal_loudness": 0,
            "length": 31.3701591492,
            "sample_rate": 44100,
            "start_time": 191.483352661,
            "downmix": "mix"
        },
        "bit_rate": 192000,
        "length": 222.876754761,
        "lossless": 0,
        "number_channels": 2,
        "replay_gain": -0.206623077393,
        "sample_rate": 48000,
        "codec": "mp3",
        "md5_encoded": "566baf64e411b654721b066cebe87d89"
    },
    "tags": {
        "file_name": "Portugal_Neste Barco à Vela_Nevada.mp3",
        "encoding": ["Lavf58.29.100"]
    }
},
"lowlevel": {
    "average_loudness": 0.615400910378,
    "barkbands_crest": {
        "max": 19.610824585,
        "mean": 6.89039611816,
        "min": 2.77737116814,
        "stdev": 2.50643420219
    },
    "barkbands_flatness_db": {
        "max": 0.264856010675,
        "mean": 0.111428573728,
        "min": 0.0538157597184,
        "stdev": 0.0359881520271
    },
    "barkbands_kurtosis": {
        "max": 10.7037191391,
        "mean": 1.45476865768,
        "min": -1.54737520218,
        "stdev": 1.68001306057
    },
    "barkbands_skewness": {
        "max": 2.43515324593,
        "mean": -0.351601988077,
        "min": -2.25095510483,
        "stdev": 1.21464776993
    },
    "barkbands_spread": {
        "max": 59.3831748962,
        "mean": 21.2211399078,
        "min": 3.0538277626,
        "stdev": 7.74894571304
    },
    "dissonance": {
        "max": 0.500000059605,
        "mean": 0.478194147348,
        "min": 0.367715626955,
        "stdev": 0.0223041512072
    },
    "dynamic_complexity": 4.12242698669,
    "erbbands_crest": {
        "max": 23.1818027496,
        "mean": 6.47597360611,
        "min": 2.55098891258,
        "stdev": 3.36360692978
    },
    "erbbands_flatness_db": {
        "max": 0.320811897516,
        "mean": 0.166488945484,
        "min": 0.0787119194865,
        "stdev": 0.0637709051371
    },
    "erbbands_kurtosis": {
        "max": 7.13095760345,
        "mean": 0.227554485202,
        "min": -1.35130894184,
        "stdev": 0.840021491051
    },
    "erbbands_skewness": {
        "max": 2.34266924858,
        "mean": -0.0654513537884,
        "min": -1.43028640747,
        "stdev": 0.562654972076
    },
    "erbbands_spread": {
        "max": 56.6546363831,
        "mean": 28.0328540802,
        "min": 6.99499702454,
        "stdev": 10.9323387146
    },
    "hfc": {
        "max": 138.819244385,
        "mean": 17.5690383911,
        "min": 1.00761828413e-16,
        "stdev": 20.4475669861
    },
    "loudness_ebu128": {
        "integrated": -23.056520462,
        "loudness_range": 4.64374923706,
        "momentary": {
            "max": -19.5580654144,
            "mean": -119.468032837,
            "min": -300.691009521,
            "stdev": 130.783706665
        },
        "short_term": {
            "max": -21.8134059906,
            "mean": -103.659744263,
            "min": -300.691009521,
            "stdev": 123.751182556
        }
    },
    "melbands_crest": {
        "max": 27.3859863281,
        "mean": 6.82288265228,
        "min": 1.51124846935,
        "stdev": 4.57453584671
    },
    "melbands_flatness_db": {
        "max": 0.285666972399,
        "mean": 0.0956212207675,
        "min": 0.00301152467728,
        "stdev": 0.07057069242
    },
    "melbands_kurtosis": {
        "max": 16.8780784607,
        "mean": 1.03133547306,
        "min": -1.44074070454,
        "stdev": 2.92669606209
    },
    "melbands_skewness": {
        "max": 3.69619727135,
        "mean": 0.620663046837,
        "min": -0.716578245163,
        "stdev": 0.847482144833
    },
    "melbands_spread": {
        "max": 172.523513794,
        "mean": 64.7134246826,
        "min": 4.35587120056,
        "stdev": 50.6646347046
    },
    "pitch_salience": {
        "max": 0.925910770893,
        "mean": 0.699805378914,
        "min": 0.364980310202,
        "stdev": 0.116778254509
    },
    "silence_rate_20dB": {
        "max": 1,
        "mean": 1,
        "min": 1,
        "stdev": 0
    },
    "silence_rate_30dB": {
        "max": 1,
        "mean": 0.999260365963,
        "min": 0,
        "stdev": 0.0271862521768
    },
    "silence_rate_60dB": {
        "max": 1,
        "mean": 0.38905325532,
        "min": 0,
        "stdev": 0.48753657937
    },
    "spectral_centroid": {
        "max": 11979.6708984,
        "mean": 4997.59375,
        "min": 691.550842285,
        "stdev": 4446.765625
    },
    "spectral_complexity": {
        "max": 54,
        "mean": 16.8853549957,
        "min": 0,
        "stdev": 14.6550540924
    },
    "spectral_decrease": {
        "max": 2.20351254208e-28,
        "mean": -3.69548480705e-09,
        "min": -2.69316746682e-08,
        "stdev": 4.06864675284e-09
    },
    "spectral_energy": {
        "max": 0.114237643778,
        "mean": 0.0155411725864,
        "min": 9.79343717406e-21,
        "stdev": 0.0170602742583
    },
    "spectral_energyband_high": {
        "max": 0.0151513414457,
        "mean": 0.000385518040275,
        "min": 6.86446009526e-21,
        "stdev": 0.000641923281364
    },
    "spectral_energyband_low": {
        "max": 0.0192366763949,
        "mean": 0.00174743146636,
        "min": 1.23289587818e-23,
        "stdev": 0.00316907442175
    },
    "spectral_energyband_middle_high": {
        "max": 0.0603232495487,
        "mean": 0.00729651702568,
        "min": 1.09249828916e-21,
        "stdev": 0.00937338732183
    },
    "spectral_energyband_middle_low": {
        "max": 0.0730458348989,
        "mean": 0.00662041688338,
        "min": 1.31559166201e-22,
        "stdev": 0.00923729408532
    },
    "spectral_entropy": {
        "max": 9.82793521881,
        "mean": 8.39996814728,
        "min": 6.78991699219,
        "stdev": 1.04378902912
    },
    "spectral_flux": {
        "max": 0.260863631964,
        "mean": 0.0538674630225,
        "min": 6.28621252274e-11,
        "stdev": 0.0490323230624
    },
    "spectral_kurtosis": {
        "max": 15.9090938568,
        "mean": 2.73851704597,
        "min": -1.27784967422,
        "stdev": 3.48239326477
    },
    "spectral_rms": {
        "max": 0.0105570526794,
        "mean": 0.0029367825482,
        "min": 3.09104716649e-12,
        "stdev": 0.00255683693103
    },
    "spectral_rolloff": {
        "max": 19745.9472656,
        "mean": 7817.45849609,
        "min": 559.86328125,
        "stdev": 8052.81982422
    },
    "spectral_skewness": {
        "max": 2.57557058334,
        "mean": 0.920861780643,
        "min": -0.11067841202,
        "stdev": 0.714779376984
    },
    "spectral_spread": {
        "max": 44051372,
        "mean": 16261162,
        "min": 1979158.75,
        "stdev": 17849166
    },
    "spectral_strongpeak": {
        "max": 8.6398897171,
        "mean": 0.99310529232,
        "min": 0,
        "stdev": 1.3726323843
    },
    "zerocrossingrate": {
        "max": 0.787109375,
        "mean": 0.221946939826,
        "min": 0.029296875,
        "stdev": 0.207209512591
    },
    "barkbands": {
        "max": [0.000470383849461, 0.0184295196086, 0.0109657105058, 0.0145713724196, 0.0107228066772, 0.00651840120554, 0.018927808851, 0.0493362657726, 0.0615303777158, 0.0404501445591, 0.00714247627184, 0.0191104095429, 0.0303549002856, 0.0213835351169, 0.017066847533, 0.00900492444634, 0.00688614137471, 0.00465590367094, 0.00329418969341, 0.00728820590302, 0.00250633340329, 0.00596082769334, 0.00308548542671, 0.000528027070686, 0.000242066496867, 6.29515852779e-05, 2.36079280569e-08],
        "mean": [1.53202927322e-05, 0.000973165850155, 0.00042140937876, 0.000562383735087, 0.000654121744446, 0.000588837894611, 0.00080154184252, 0.00141511962283, 0.00231165392324, 0.000949953857344, 0.000606614048593, 0.00116491049994, 0.0010463532526, 0.00105461583007, 0.000740234507248, 0.000521529582329, 0.000573348836042, 0.000390367320506, 0.000267997966148, 0.000196735709324, 0.000137814771733, 7.42501433706e-05, 4.06767176173e-05, 2.0106897864e-05, 9.07034882403e-06, 3.04969921672e-06, 6.52441767279e-10],
        "min": [1.54155635898e-25, 1.28249327907e-24, 1.68214862863e-25, 3.60401310438e-25, 5.17466405871e-24, 6.52021937158e-24, 7.01200235964e-24, 5.36578967325e-24, 9.77634136549e-24, 1.03201418416e-23, 1.25707738372e-23, 1.94924058692e-23, 2.14472584126e-23, 2.58170682001e-23, 2.26155377474e-23, 5.2462841092e-23, 5.22877360592e-23, 7.51663462967e-23, 1.1648280999e-22, 1.36410017057e-22, 2.26485727178e-22, 2.80416171409e-22, 3.68487909773e-22, 5.58717488772e-22, 7.8127637996e-22, 1.23326631464e-21, 1.85642513132e-21],
        "stdev": [3.67892134818e-05, 0.00235840911046, 0.000902847503312, 0.00111666042358, 0.00110953033436, 0.00089358096011, 0.00182183005381, 0.00323722022586, 0.00496351113543, 0.00224144151434, 0.000974322960246, 0.00210096966475, 0.00240921857767, 0.00206322874874, 0.00133236974943, 0.000950639368966, 0.000853508594446, 0.000616848643404, 0.00037385491305, 0.000365591695299, 0.000197353612748, 0.000196896260604, 0.000102084995888, 3.74701230612e-05, 1.75634977495e-05, 6.81286701365e-06, 1.28895949469e-09]
    },
    "erbbands": {
        "max": [0.400515526533, 4.49241495132, 8.5845413208, 23.1561336517, 56.0966377258, 40.7584724426, 74.2926177979, 48.3522109985, 293.670623779, 683.510070801, 801.596618652, 1513.3927002, 1511.43725586, 553.86730957, 447.960174561, 842.229675293, 1389.87780762, 1267.47192383, 550.655578613, 930.758544922, 458.097625732, 450.133148193, 293.334899902, 241.734649658, 232.043075562, 294.247589111, 105.639579773, 150.505126953, 247.791305542, 156.624481201, 67.9116287231, 13.2300519943, 9.20137310028, 4.03435754776, 0.923843026161, 0.379046291113, 0.0833792537451, 0.00412878580391, 0.00015708450519, 0.000141911164974],
        "mean": [0.0172163173556, 0.255870729685, 0.516084253788, 1.38828670979, 1.76946699619, 2.25849866867, 4.00882387161, 4.61959838867, 10.0822668076, 13.2246437073, 42.9738044739, 55.8092002869, 30.9609031677, 32.5047340393, 27.9150161743, 51.163772583, 53.1505699158, 59.3637313843, 44.0243873596, 30.1743545532, 30.5656089783, 31.6653022766, 22.8704299927, 16.2896595001, 12.0965461731, 8.91419792175, 7.17610931396, 4.37079048157, 2.85660743713, 1.6948428154, 1.13727641106, 0.554865300655, 0.269541233778, 0.116053916514, 0.0556840263307, 0.0206246580929, 0.0041610551998, 0.000256966013694, 1.54293502419e-05, 1.97972858587e-05],
        "min": [5.09431573561e-23, 1.62364840882e-22, 7.49466378061e-22, 2.5837057115e-21, 2.67331445383e-21, 1.51879585467e-20, 3.49076713158e-20, 4.93699452805e-20, 9.59445241537e-20, 9.37104256414e-20, 1.84715440767e-19, 2.67302355121e-19, 3.03844325301e-19, 5.53404509313e-19, 5.3732649635e-19, 1.072037551e-18, 1.09587844722e-18, 1.19449523004e-18, 2.01836556918e-18, 2.17766277077e-18, 3.37386002832e-18, 3.30463597119e-18, 4.202357926e-18, 5.84637732549e-18, 6.28680798829e-18, 6.60153821724e-18, 8.73318761888e-18, 8.84031743437e-18, 9.41547762097e-18, 1.02315400989e-17, 1.04647140418e-17, 9.27044390827e-18, 7.64101556119e-18, 7.27468042895e-18, 4.99233815845e-18, 3.98036705142e-18, 2.14689640827e-18, 9.09656413286e-19, 2.22814565526e-19, 2.46994773815e-20],
        "stdev": [0.0417394004762, 0.61098831892, 0.964067280293, 2.64360737801, 3.63411855698, 4.07895469666, 7.17040538788, 7.11139822006, 22.2270298004, 38.3853302002, 87.5994338989, 118.722824097, 85.1219940186, 56.5989646912, 47.4343147278, 90.577835083, 112.126373291, 118.856575012, 70.9465637207, 61.4397506714, 50.6533317566, 48.2857208252, 34.933807373, 24.4863243103, 16.9310779572, 16.3235416412, 9.86214447021, 7.61673879623, 8.05571460724, 4.99723911285, 2.51759552956, 0.990157306194, 0.532292366028, 0.231238692999, 0.107459500432, 0.0445089265704, 0.0093839764595, 0.000463705451693, 1.81184113899e-05, 2.15184008994e-05]
    },
    "gfcc": {
        "mean": [-448.054931641, 59.5210571289, -114.615745544, 15.5297718048, -41.9921226501, 8.06343650818, -21.9650726318, 3.48464918137, -13.4608821869, -0.200318425894, -9.66692256927, -4.1529302597, -6.7582654953],
        "cov": [[366130.875, 27043.3867188, -49963.2148438, 7134.73730469, -18636.2695312, 3689.45263672, -9570.26171875, 1787.13122559, -6019.31005859, -100.618881226, -4328.44238281, -1848.94763184, -3156.60522461], [27043.3867188, 2383.92016602, -3381.75805664, 521.53314209, -1347.84082031, 207.539672852, -672.917541504, 137.910339355, -447.8046875, -41.3124771118, -312.620178223, -153.692596436, -289.244232178], [-49963.2148438, -3381.75805664, 8013.54833984, -721.684387207, 2621.36767578, -430.489776611, 1413.40686035, -31.4938297272, 781.355041504, 68.361076355, 564.116699219, 330.217529297, 309.272613525], [7134.73730469, 521.53314209, -721.684387207, 308.778289795, -319.424255371, 130.775680542, -174.864273071, 79.5985336304, -126.127037048, 27.5651168823, -87.3746032715, 1.38158977032, -56.2921333313], [-18636.2695312, -1347.84082031, 2621.36767578, -319.424255371, 1034.59643555, -133.382293701, 515.367675781, -69.7741394043, 296.737365723, 0.219849810004, 216.617828369, 105.731735229, 149.976104736], [3689.45263672, 207.539672852, -430.489776611, 130.775680542, -133.382293701, 144.100479126, -56.3966560364, 55.2067260742, -74.8336410522, 6.4065580368, -49.7142410278, 0.956622958183, -31.9199237823], [-9570.26171875, -672.917541504, 1413.40686035, -174.864273071, 515.367675781, -56.3966560364, 335.126647949, 3.88013362885, 162.968292236, -6.66906881332, 114.266784668, 52.5006980896, 63.9591217041], [1787.13122559, 137.910339355, -31.4938297272, 79.5985336304, -69.7741394043, 55.2067260742, 3.88013362885, 106.012794495, -20.8796291351, 22.784860611, -25.7654953003, 12.6903810501, -36.0300827026], [-6019.31005859, -447.8046875, 781.355041504, -126.127037048, 296.737365723, -74.8336410522, 162.968292236, -20.8796291351, 145.547424316, 17.6344985962, 81.5327987671, 21.8967266083, 59.7021598816], [-100.618881226, -41.3124771118, 68.361076355, 27.5651168823, 0.219849810004, 6.4065580368, -6.66906881332, 22.784860611, 17.6344985962, 53.4131660461, 13.0065345764, 14.496424675, 7.47343349457], [-4328.44238281, -312.620178223, 564.116699219, -87.3746032715, 216.617828369, -49.7142410278, 114.266784668, -25.7654953003, 81.5327987671, 13.0065345764, 83.0522155762, 27.595741272, 47.3215141296], [-1848.94763184, -153.692596436, 330.217529297, 1.38158977032, 105.731735229, 0.956622958183, 52.5006980896, 12.6903810501, 21.8967266083, 14.496424675, 27.595741272, 53.8903694153, 20.1715831757], [-3156.60522461, -289.244232178, 309.272613525, -56.2921333313, 149.976104736, -31.9199237823, 63.9591217041, -36.0300827026, 59.7021598816, 7.47343349457, 47.3215141296, 20.1715831757, 79.8270721436]],
        "icov": [[0.000542162684724, -0.00167617667466, 0.00133948028088, -0.00143499835394, 0.00230221939273, -0.00171584577765, 0.000868796953, -0.0019842935726, 0.0010675911326, -0.00074907077942, 0.000912223709747, -0.000440145930042, 0.00140287610702], [-0.00167617667466, 0.00798058509827, -0.00382166076452, 0.002250314923, -0.00573431374505, 0.00698728905991, -0.00238457135856, 0.0047092307359, -0.00183260627091, 0.004628110677, -0.00487717147917, 0.00306688877754, -0.000314344360959], [0.00133948028088, -0.00382166076452, 0.00486250920221, -0.00501218950376, 0.00278315180913, -0.000810840982012, -0.000321567174979, -0.00594725133851, 0.00375102390535, -0.00348568684421, 0.00253238040023, -0.00222716247663, 0.00534935388714], [-0.00143499835394, 0.002250314923, -0.00501218950376, 0.0153505122289, -0.00469610607252, -0.00358248315752, 0.00267618359067, 0.00386816798709, -0.00321123260073, -0.00055237475317, 0.000357753073331, -0.00227129715495, -0.00853970460594], [0.00230221939273, -0.00573431374505, 0.00278315180913, -0.00469610607252, 0.0235069394112, -0.0135957710445, 0.000712206121534, -0.00238438299857, 6.24171007075e-05, 0.00122311897576, 0.00154913950246, -0.00319756194949, 0.00464607123286], [-0.00171584577765, 0.00698728905991, -0.000810840982012, -0.00358248315752, -0.0135957710445, 0.0281260367483, -0.01159063261, 0.000583870278206, 0.00749737303704, -0.00273372721858, 0.000544273643754, 0.00146474165376, -0.00162106857169], [0.000868796953, -0.00238457135856, -0.000321567174979, 0.00267618359067, 0.000712206121534, -0.01159063261, 0.0286765471101, -0.0139686129987, -0.00694864150137, 0.0132886180654, -0.00827994756401, 0.00181083229836, 0.00199746782891], [-0.0019842935726, 0.0047092307359, -0.00594725133851, 0.00386816798709, -0.00238438299857, 0.000583870278206, -0.0139686129987, 0.0326855443418, -0.00834573060274, -0.00745275337249, 0.00595024880022, -0.00529417768121, -0.000224864095799], [0.0010675911326, -0.00183260627091, 0.00375102390535, -0.00321123260073, 6.24171007075e-05, 0.00749737303704, -0.00694864150137, -0.00834573060274, 0.0362000837922, -0.013849677518, -0.00381195615046, 0.00880159530789, -0.0022818071302], [-0.00074907077942, 0.004628110677, -0.00348568684421, -0.00055237475317, 0.00122311897576, -0.00273372721858, 0.0132886180654, -0.00745275337249, -0.013849677518, 0.0396704487503, -0.0155831184238, -0.00139624101575, -0.000903473468497], [0.000912223709747, -0.00487717147917, 0.00253238040023, 0.000357753073331, 0.00154913950246, 0.000544273643754, -0.00827994756401, 0.00595024880022, -0.00381195615046, -0.0155831184238, 0.0465926378965, -0.0107184341177, -0.0051336013712], [-0.000440145930042, 0.00306688877754, -0.00222716247663, -0.00227129715495, -0.00319756194949, 0.00146474165376, 0.00181083229836, -0.00529417768121, 0.00880159530789, -0.00139624101575, -0.0107184341177, 0.0360677614808, -0.00572450272739], [0.00140287610702, -0.000314344360959, 0.00534935388714, -0.00853970460594, 0.00464607123286, -0.00162106857169, 0.00199746782891, -0.000224864095799, -0.0022818071302, -0.000903473468497, -0.0051336013712, -0.00572450272739, 0.0353170596063]]
    },
    "melbands": {
        "max": [0.00471513811499, 0.00357029237784, 0.00540596619248, 0.00291229085997, 0.00206522108056, 0.00103366316762, 0.00440018251538, 0.00965998880565, 0.00746978959069, 0.0082623232156, 0.00759621383622, 0.00236482615583, 0.00114419672173, 0.00224294536747, 0.00179296906572, 0.00395927391946, 0.00240213121288, 0.000969458254986, 0.00133903569076, 0.00104222167283, 0.00055297545623, 0.000481158524053, 0.000340134487487, 0.000204193391255, 0.000207714896533, 9.98838004307e-05, 0.000273763434961, 0.000199112953851, 7.88175821071e-05, 5.19609639014e-05, 9.33403716772e-05, 0.000140754069434, 0.000100632641988, 9.12365940167e-05, 4.63005089841e-05, 1.39001676871e-05, 4.56308544017e-06, 5.63562161915e-06, 6.63566515868e-06, 2.51167671195e-06],
        "mean": [0.000228552977205, 0.000308443995891, 0.000241267043748, 0.000145662706927, 0.000127877108753, 0.000103979466076, 0.000163126445841, 0.000150289197336, 0.000392615387682, 0.000337615376338, 0.000145295343827, 0.000129498337628, 8.55005637277e-05, 0.000109666631033, 0.000128588100779, 0.000119176591397, 0.000106787992991, 6.88534710207e-05, 5.04118397657e-05, 3.67766770069e-05, 3.53215364157e-05, 3.5642664443e-05, 2.44243055931e-05, 1.70830717252e-05, 1.29697609736e-05, 9.4200595413e-06, 7.18794080967e-06, 5.61487513551e-06, 5.17485932505e-06, 2.86229828816e-06, 2.43684621637e-06, 1.70884788986e-06, 1.13868009066e-06, 8.54903078107e-07, 7.03039347627e-07, 4.59222491145e-07, 2.85488511054e-07, 1.91462802945e-07, 1.4451386221e-07, 8.35112174968e-08],
        "min": [5.81259486934e-25, 8.53405504486e-25, 4.88726447878e-25, 9.58027294573e-25, 1.32297002794e-24, 1.11475245998e-24, 1.58311347751e-24, 9.8991640502e-25, 1.47371000705e-24, 1.17377858278e-24, 1.30153953676e-24, 1.66900130022e-24, 1.78488437555e-24, 1.92012728078e-24, 1.97191047719e-24, 2.38929934594e-24, 1.77025514727e-24, 2.91481087086e-24, 2.1099727713e-24, 3.36538632903e-24, 3.26221752213e-24, 3.07409510105e-24, 3.24422143551e-24, 3.72577940574e-24, 3.63174481925e-24, 3.99090727294e-24, 3.4041351767e-24, 3.56527500495e-24, 4.37080730211e-24, 3.62774608332e-24, 4.46455040449e-24, 4.51672132603e-24, 5.12610059809e-24, 5.03234645166e-24, 5.00301541991e-24, 4.64328104206e-24, 4.82357875183e-24, 5.25140523643e-24, 4.81393295511e-24, 5.55884760259e-24],
        "stdev": [0.000561470398679, 0.00056666409364, 0.000444912118837, 0.000256923027337, 0.000219396941247, 0.000156893671374, 0.000355447729817, 0.00046524553909, 0.000811584177427, 0.000744723947719, 0.000423836667323, 0.000233272468904, 0.000145087338751, 0.000189833081095, 0.000218304834561, 0.000280923850369, 0.000220739428187, 0.000117479634355, 9.62784251897e-05, 7.36019792384e-05, 5.78476938244e-05, 5.49780743313e-05, 3.93027148675e-05, 2.60859596892e-05, 2.12996801565e-05, 1.28601195684e-05, 1.34146866912e-05, 1.07915502667e-05, 7.4103395491e-06, 4.2171154746e-06, 4.64974436909e-06, 4.66992560177e-06, 3.28897681356e-06, 2.79805112768e-06, 1.64831840266e-06, 9.04781529698e-07, 5.01060583247e-07, 3.80257773713e-07, 3.17031407349e-07, 1.64489520671e-07]
    },
    "melbands128": {
        "max": [0.000299301813357, 0.00186555751134, 0.00823909789324, 0.00773154571652, 0.00382345612161, 0.00628281850368, 0.00546389166266, 0.00882993359119, 0.00634414935485, 0.00308119738474, 0.00294820801355, 0.00246440223418, 0.00377247855067, 0.00267440453172, 0.00175416446291, 0.00224959477782, 0.0028437867295, 0.00842335261405, 0.00468955701217, 0.00989812240005, 0.0202514827251, 0.00852200668305, 0.0142936483026, 0.0203081239015, 0.0152613446116, 0.0197155382484, 0.0105128977448, 0.0151782380417, 0.00355801708065, 0.00386983714998, 0.00351068819873, 0.0015645341482, 0.00237414916046, 0.00244479184039, 0.00346329528838, 0.00362922740169, 0.00336670759134, 0.00348856835626, 0.00217223912477, 0.00549223972484, 0.00771041400731, 0.00583848310634, 0.00559077877551, 0.00252755591646, 0.00231621367857, 0.00141164602246, 0.00147978169844, 0.00113875151146, 0.00184993539006, 0.00170228024945, 0.000887591741048, 0.00100346293766, 0.000683735182974, 0.000589826260693, 0.000637340708636, 0.000689432548825, 0.000708231062163, 0.000559810374398, 0.00052452046657, 0.000749683880713, 0.000268140312983, 0.000420991680585, 0.000303742854157, 0.000324946391629, 0.000288772047497, 0.000128803527332, 0.000122616736917, 0.000314921227982, 0.000311489013257, 0.000259557913523, 0.000325888191583, 0.000246106996201, 0.000119911586808, 8.27104231576e-05, 8.3023805928e-05, 4.54274886579e-05, 5.38689382665e-05, 0.0001051548752, 9.90260086837e-05, 0.000100695229776, 6.56902120681e-05, 0.000215666688746, 0.000188128688023, 5.14847670274e-05, 6.8172448664e-05, 7.78727408033e-05, 0.000132878369186, 5.89716401009e-05, 4.44481775048e-05, 3.18088641507e-05, 1.44147152241e-05, 2.18062032218e-05, 8.89646798896e-06, 4.89310286866e-06, 4.9989771469e-06, 5.38378071724e-06, 6.20133141638e-06, 1.03401434899e-05, 6.80520088281e-06, 6.1143809944e-06, 1.57696320002e-06, 3.09048664349e-06, 1.86049931017e-06, 1.67765711012e-06, 2.44664124693e-06, 8.66751861395e-07, 1.52273594267e-06, 1.25596318412e-06, 1.1340769106e-06, 8.80159177541e-07, 5.37804680789e-07, 4.92983133427e-07, 3.42772210615e-07, 3.16934091416e-07, 1.42676668702e-07, 5.44058487151e-09, 2.68632394107e-10, 1.60165408714e-10, 1.13170271765e-10, 9.54618745164e-11, 8.11213249352e-11, 7.12068390363e-11, 6.84603970735e-11, 6.40327652013e-11, 5.78459294354e-11, 5.82477260869e-11, 5.65435337441e-11, 5.56705063992e-11],
        "mean": [1.15511757031e-05, 6.74628754496e-05, 0.0003694985935, 0.000445636949735, 0.000285150017589, 0.000207808858249, 0.000305060792016, 0.000246440351475, 0.000157818329171, 0.000164282697369, 0.000116384508146, 0.000100430792372, 0.000154271401698, 0.000132232118631, 9.78273892542e-05, 9.56813237281e-05, 9.42116239457e-05, 0.000224407340284, 0.000185790922842, 0.000110867920739, 0.000143661949551, 0.000220085348701, 0.000543629401363, 0.000382539757993, 0.000388643704355, 0.000339826627169, 0.00016539968783, 0.000139626630698, 9.24557534745e-05, 0.000142440942, 0.000158492446644, 6.97868599673e-05, 7.7372234955e-05, 0.000101045923657, 7.78764297138e-05, 8.62235610839e-05, 0.000211079648579, 0.000119635275041, 8.53357050801e-05, 0.000133142719278, 0.000115057780931, 0.000117038180178, 0.000136344184284, 8.09816119727e-05, 6.91208988428e-05, 5.77251739742e-05, 8.89212969923e-05, 4.63027245132e-05, 3.9565791667e-05, 3.45658954757e-05, 3.59794285032e-05, 4.04506536142e-05, 3.4482927731e-05, 2.8675152862e-05, 4.53291577287e-05, 4.07565494243e-05, 2.27074760915e-05, 2.66225088126e-05, 2.5154920877e-05, 2.08527890209e-05, 1.47170885612e-05, 1.76663343154e-05, 1.23405325212e-05, 1.30804555738e-05, 1.0551010746e-05, 8.44870010042e-06, 1.01173473013e-05, 7.79594574851e-06, 6.54133236822e-06, 5.88146303926e-06, 5.35704657523e-06, 5.83218979955e-06, 5.71280133954e-06, 5.64100810152e-06, 3.62801711162e-06, 2.96550911116e-06, 2.39752898779e-06, 2.51319784184e-06, 2.65006451627e-06, 2.26511656365e-06, 1.48105709741e-06, 1.78752509328e-06, 1.35211655561e-06, 1.0503415524e-06, 9.69391862782e-07, 9.0842274858e-07, 8.61986393375e-07, 6.75378487358e-07, 7.63840432683e-07, 6.56206168514e-07, 4.90201784942e-07, 4.28810892572e-07, 3.61988668374e-07, 3.19515834235e-07, 1.95678296677e-07, 1.84319745244e-07, 2.21710877213e-07, 1.56873809942e-07, 1.56178856514e-07, 1.52909450435e-07, 5.00631784917e-08, 8.32403159734e-08, 1.03605877655e-07, 4.94019225528e-08, 8.69364100708e-08, 3.50890942968e-08, 5.56961872178e-08, 3.37816246088e-08, 4.03839948149e-08, 2.83082517427e-08, 2.42388331628e-08, 1.45470124835e-08, 1.03544630647e-08, 8.0276754133e-09, 7.59936469308e-09, 1.18349344214e-10, 3.74723429369e-12, 3.11130244832e-12, 3.01484900413e-12, 2.93127544806e-12, 2.84346613096e-12, 2.78995294749e-12, 2.75407431236e-12, 2.67711373902e-12, 2.4962122213e-12, 2.22654815592e-12, 2.07265259643e-12, 2.04187643356e-12],
        "min": [2.17956998768e-26, 1.98349275486e-25, 2.03164839904e-25, 1.36764987701e-25, 2.05590143454e-25, 6.9145852362e-26, 9.5872176334e-26, 2.12017510938e-25, 1.04012974357e-25, 7.49711772277e-26, 3.27837230878e-25, 2.68000380932e-25, 1.05344559239e-25, 2.08665912123e-25, 1.83486877187e-25, 2.80168018053e-25, 5.48662176608e-25, 3.58061475038e-25, 2.76443879675e-25, 1.24577296257e-25, 4.82075857409e-25, 4.22634695162e-25, 5.9321620237e-25, 6.20898859953e-25, 8.07731345542e-25, 2.02721241231e-25, 1.58447458305e-25, 6.01335947668e-25, 3.53511251381e-25, 8.70064471867e-25, 5.35912853177e-25, 6.53219625227e-25, 8.37112075527e-25, 9.50910980347e-25, 5.38603115383e-25, 6.58615532426e-25, 7.27315555117e-25, 9.13424803169e-25, 9.48034103233e-25, 7.7334795552e-25, 6.62311395071e-25, 7.83948668364e-25, 8.67161365129e-25, 1.22560289856e-24, 5.97721041874e-25, 1.01468703187e-24, 1.03524021111e-24, 1.08336407899e-24, 6.96240697035e-25, 7.98325609058e-25, 9.96969807589e-25, 1.41140163124e-24, 1.73553165959e-24, 1.56149395555e-24, 1.11255173527e-24, 1.94058934659e-24, 1.79639898375e-24, 1.31667639703e-24, 1.55279705989e-24, 1.23782836905e-24, 8.72311344941e-25, 1.64733306609e-24, 1.37652056859e-24, 1.68904783354e-24, 1.55197200999e-24, 1.66102236659e-24, 2.15276078401e-24, 1.31100202193e-24, 2.31550771914e-24, 1.90992356219e-24, 1.19668197587e-24, 2.40252203521e-24, 1.59514498683e-24, 1.66261054081e-24, 2.41371340766e-24, 2.27756567897e-24, 1.58689369897e-24, 1.97928967931e-24, 2.06601211685e-24, 1.84854071743e-24, 1.84876790937e-24, 2.8680148531e-24, 2.93826607216e-24, 2.99867151825e-24, 2.16174019048e-24, 2.79283621162e-24, 3.2265815196e-24, 2.90146866916e-24, 3.40743222085e-24, 3.0907899616e-24, 3.2803088637e-24, 3.36749298208e-24, 2.99075332692e-24, 2.93411331114e-24, 2.63031824337e-24, 2.75471786103e-24, 3.59950604621e-24, 3.36368554492e-24, 3.87613511098e-24, 3.93473051573e-24, 3.24807857091e-24, 3.48336323842e-24, 3.87668415817e-24, 2.4970863418e-24, 3.46149128096e-24, 2.77612162955e-24, 4.72570517375e-24, 3.66083682614e-24, 3.99654802284e-24, 3.07185020013e-24, 3.23055619527e-24, 4.29969385809e-24, 4.01524244858e-24, 4.06676926518e-24, 3.6928685232e-24, 4.54354023022e-24, 4.49907726859e-24, 5.10143094543e-24, 4.00223058238e-24, 4.43581496273e-24, 5.26869706747e-24, 4.93892244351e-24, 3.84145402457e-24, 4.54221770491e-24, 4.49626576832e-24, 4.95133911416e-24, 4.23168142628e-24, 4.43564693535e-24],
        "stdev": [2.70531945716e-05, 0.000159011906362, 0.000969832821283, 0.00106358423363, 0.000549373915419, 0.000456358160591, 0.000614237214904, 0.000539787171874, 0.000396401475882, 0.000307343172608, 0.000247726216912, 0.00021112113609, 0.000315002806019, 0.000255286548054, 0.000180690913112, 0.000208216282772, 0.000210746744415, 0.000612691161223, 0.000449234939879, 0.000530389603227, 0.000795612926595, 0.000629251357168, 0.0013467449462, 0.00117762736045, 0.0010521436343, 0.00116526195779, 0.000562578614336, 0.000682019104715, 0.000245877105044, 0.000325943605276, 0.000319318671245, 0.000127939594677, 0.000203023024369, 0.000223736366024, 0.000204316544114, 0.000207284887438, 0.000472344021546, 0.000266551040113, 0.000195931846974, 0.000447770958999, 0.000391136389226, 0.000321777275531, 0.000400000135414, 0.000218526765821, 0.000179244263563, 0.000119435811939, 0.000162010881468, 0.000103629899968, 0.000113029869681, 9.23964253161e-05, 7.84502262832e-05, 9.40946047194e-05, 7.07252620487e-05, 5.73544748477e-05, 7.60910988902e-05, 7.47255544411e-05, 5.33287020517e-05, 5.21182410012e-05, 5.04489798914e-05, 4.97932524013e-05, 2.54028454947e-05, 3.48775647581e-05, 2.37814456341e-05, 2.86991471512e-05, 2.07424254768e-05, 1.35569443955e-05, 1.66088884725e-05, 1.6212097762e-05, 1.57991053129e-05, 1.30820253617e-05, 1.23806912598e-05, 1.27001540022e-05, 1.02177718873e-05, 9.79336709861e-06, 6.83384359945e-06, 5.08538414579e-06, 4.35309129898e-06, 5.69607345824e-06, 5.87313616052e-06, 4.61836998511e-06, 3.15608895107e-06, 6.80130233377e-06, 5.66112021261e-06, 2.27119562624e-06, 2.87994339487e-06, 2.68389680969e-06, 3.86886767956e-06, 1.9778560727e-06, 1.79001256129e-06, 1.50792345721e-06, 9.76465571512e-07, 1.1578140402e-06, 7.29444423087e-07, 6.4350251705e-07, 3.84352091487e-07, 4.29946851455e-07, 5.46325452433e-07, 4.3286354412e-07, 3.65489938758e-07, 4.01448318144e-07, 1.09981456831e-07, 1.97943506919e-07, 2.1479473844e-07, 1.02462720974e-07, 2.08274528291e-07, 7.58114708788e-08, 1.24012402125e-07, 8.99645371533e-08, 1.01605287739e-07, 7.48644239934e-08, 5.86013548798e-08, 4.2364952435e-08, 2.92310229355e-08, 1.9498157755e-08, 1.33384752132e-08, 3.73756886551e-10, 1.18272761376e-11, 6.79333976225e-12, 5.94717200833e-12, 5.60865893659e-12, 5.33073411801e-12, 5.13086144752e-12, 5.03740625601e-12, 4.91200266226e-12, 4.74677025117e-12, 4.63407827736e-12, 4.55132286026e-12, 4.51731230547e-12]
    },
    "mfcc": {
        "mean": [-850.264160156, 74.3358764648, -31.2987442017, 6.32510852814, -8.06189155579, 2.86713337898, -3.35299420357, 1.62967514992, -1.42513525486, 1.57703661919, -0.119682580233, 1.32655549049, -3.36171770096],
        "cov": [[97036.6875, 17046.7714844, -6603.69873047, 1579.74536133, -1844.93933105, 623.965515137, -631.63671875, 543.063781738, -305.605834961, 474.146697998, 56.0707168579, 311.225921631, -819.700500488], [17046.7714844, 3437.14770508, -1019.22814941, 334.871337891, -323.520599365, 62.5830230713, -110.913597107, 113.628097534, -91.7789916992, 81.4329452515, 26.6220741272, 56.0087623596, -167.754425049], [-6603.69873047, -1019.22814941, 1273.31408691, 139.527313232, 241.248062134, -65.0585098267, 157.960647583, 69.1013641357, 40.5180015564, 53.3041152954, 55.2119216919, -13.3135471344, 53.6368484497], [1579.74536133, 334.871337891, 139.527313232, 164.396896362, 28.1499786377, 13.9747753143, 17.8272628784, 35.7652816772, 2.07746100426, 28.6434898376, 11.693903923, 6.3771071434, -6.18752479553], [-1844.93933105, -323.520599365, 241.248062134, 28.1499786377, 123.289276123, 22.1659564972, 45.3102455139, 10.0205488205, 14.8402194977, -1.62326264381, 3.89536905289, -6.05187702179, 14.723359108], [623.965515137, 62.5830230713, -65.0585098267, 13.9747753143, 22.1659564972, 75.9498901367, 24.6462726593, 18.3105163574, 3.01084899902, -1.60752630234, -4.00895833969, -4.71026611328, -9.64469718933], [-631.63671875, -110.913597107, 157.960647583, 17.8272628784, 45.3102455139, 24.6462726593, 93.0897903442, 58.3629722595, 17.551815033, 14.4639387131, 16.8204803467, -2.60314154625, -6.30441427231], [543.063781738, 113.628097534, 69.1013641357, 35.7652816772, 10.0205488205, 18.3105163574, 58.3629722595, 95.4405593872, 17.133682251, 19.0646953583, 23.298494339, 2.52736592293, -22.5611419678], [-305.605834961, -91.7789916992, 40.5180015564, 2.07746100426, 14.8402194977, 3.01084899902, 17.551815033, 17.133682251, 45.6199035645, 18.2014923096, 7.79132270813, 4.08574295044, 6.06192445755], [474.146697998, 81.4329452515, 53.3041152954, 28.6434898376, -1.62326264381, -1.60752630234, 14.4639387131, 19.0646953583, 18.2014923096, 50.9020500183, 23.136182785, 6.67094755173, -3.59742498398], [56.0707168579, 26.6220741272, 55.2119216919, 11.693903923, 3.89536905289, -4.00895833969, 16.8204803467, 23.298494339, 7.79132270813, 23.136182785, 42.3982467651, 14.5982055664, -2.17276239395], [311.225921631, 56.0087623596, -13.3135471344, 6.3771071434, -6.05187702179, -4.71026611328, -2.60314154625, 2.52736592293, 4.08574295044, 6.67094755173, 14.5982055664, 31.1361579895, 9.81027889252], [-819.700500488, -167.754425049, 53.6368484497, -6.18752479553, 14.723359108, -9.64469718933, -6.30441427231, -22.5611419678, 6.06192445755, -3.59742498398, -2.17276239395, 9.81027889252, 41.4226570129]],
        "icov": [[0.000143928540638, -0.00049846386537, 0.000316578632919, -0.000556596263777, 0.000435211608419, -0.000501542584971, 4.22970686031e-07, -9.30708047235e-05, -0.000181925308425, -0.000537406769581, 0.000254289276199, -0.000279815285467, 7.3861432611e-05], [-0.00049846386537, 0.00308751268312, -2.248405508e-05, -0.00150583416689, 6.72006062814e-05, 0.00200804974884, 7.00164964655e-05, -0.000480931281345, 0.00264722667634, 0.000477637135191, -0.000774326093961, -0.000763462798204, 0.00243075774051], [0.000316578632919, -2.248405508e-05, 0.00396919576451, -0.00527493143454, -0.0015665309038, 0.00321134575643, -0.0027970909141, -0.000958054908551, 0.00195224396884, -0.00332337757573, -0.000773583073169, 0.000541531888302, -0.00014004833065], [-0.000556596263777, -0.00150583416689, -0.00527493143454, 0.0197314303368, -0.00651241419837, -0.00171024445444, 0.00375636550598, -0.00164973374922, -0.00138659309596, 0.000142300472362, 0.00219602067955, 0.00186610012315, -0.005856691394], [0.000435211608419, 6.72006062814e-05, -0.0015665309038, -0.00651241419837, 0.0218651313335, -0.00966894347221, -0.00265964120626, 0.00283922278322, -0.00297810602933, 0.00291145639494, -0.000361058511771, -0.00224884203635, 0.00226095900871], [-0.000501542584971, 0.00200804974884, 0.00321134575643, -0.00171024445444, -0.00966894347221, 0.024471770972, -0.00791173707694, -0.000705620448571, 0.00205349642783, 0.000634821306448, 0.000455910194432, 0.00364334788173, 0.000255500141066], [4.22970686031e-07, 7.00164964655e-05, -0.0027970909141, 0.00375636550598, -0.00265964120626, -0.00791173707694, 0.0273999907076, -0.0138821173459, -0.000719632313121, -0.00196730578318, -5.86138185099e-06, 9.57871525316e-05, 9.87805105979e-05], [-9.30708047235e-05, -0.000480931281345, -0.000958054908551, -0.00164973374922, 0.00283922278322, -0.000705620448571, -0.0138821173459, 0.0255914013833, -0.00762911280617, 0.00475552305579, -0.00729262176901, -0.00054537539836, 0.00913304183632], [-0.000181925308425, 0.00264722667634, 0.00195224396884, -0.00138659309596, -0.00297810602933, 0.00205349642783, -0.000719632313121, -0.00762911280617, 0.0342837199569, -0.014695671387, 0.00418825494125, -0.00373495253734, -0.00353159965016], [-0.000537406769581, 0.000477637135191, -0.00332337757573, 0.000142300472362, 0.00291145639494, 0.000634821306448, -0.00196730578318, 0.00475552305579, -0.014695671387, 0.0387550368905, -0.0174199566245, 0.0048114946112, 0.000491121783853], [0.000254289276199, -0.000774326093961, -0.000773583073169, 0.00219602067955, -0.000361058511771, 0.000455910194432, -5.86138185099e-06, -0.00729262176901, 0.00418825494125, -0.0174199566245, 0.0441713742912, -0.0202782563865, 0.00448123272508], [-0.000279815285467, -0.000763462798204, 0.000541531888302, 0.00186610012315, -0.00224884203635, 0.00364334788173, 9.57871525316e-05, -0.00054537539836, -0.00373495253734, 0.0048114946112, -0.0202782563865, 0.0515710003674, -0.0199993252754], [7.3861432611e-05, 0.00243075774051, -0.00014004833065, -0.005856691394, 0.00226095900871, 0.000255500141066, 9.87805105979e-05, 0.00913304183632, -0.00353159965016, 0.000491121783853, 0.00448123272508, -0.0199993252754, 0.044529940933]]
    },
    "spectral_contrast_coeffs": {
        "max": [-0.511939764023, -0.470559746027, -0.533824682236, -0.562082886696, -0.630281567574, -0.595543444157],
        "mean": [-0.808849871159, -0.819150149822, -0.82605701685, -0.839736580849, -0.835860669613, -0.79250472784],
        "min": [-0.984318077564, -0.98899513483, -0.97748029232, -0.973491251469, -0.968486845493, -0.966263532639],
        "stdev": [0.124453619123, 0.127527281642, 0.116061910987, 0.101891852915, 0.0977657735348, 0.125856637955]
    },
    "spectral_contrast_valleys": {
        "max": [-5.57500123978, -5.10488605499, -4.82196235657, -5.07727336884, -5.55748558044, -8.4790763855],
        "mean": [-14.3578252792, -13.851436615, -13.9945201874, -14.0838918686, -14.2278442383, -16.5910243988],
        "min": [-28.1306419373, -28.1162071228, -27.8988513947, -27.6631088257, -27.638420105, -27.4848594666],
        "stdev": [9.51009178162, 9.82546424866, 9.74859714508, 9.6708316803, 9.58426952362, 7.85570383072]
    }
},
"rhythm": {
    "beats_count": 81,
    "beats_loudness": {
        "max": 0.0821797922254,
        "mean": 0.0185177884996,
        "min": 0,
        "stdev": 0.0188363939524
    },
    "bpm": 147.194992065,
    "bpm_histogram_first_peak_bpm": 148,
    "bpm_histogram_first_peak_weight": 0.294117629528,
    "bpm_histogram_second_peak_bpm": 157,
    "bpm_histogram_second_peak_spread": 0.3125,
    "bpm_histogram_second_peak_weight": 0.13750000298,
    "danceability": 0.877705693245,
    "onset_rate": 1.46581923962,
    "beats_loudness_band_ratio": {
        "max": [0.717246294022, 0.456055194139, 0.781178534031, 0.562768638134, 0.555988371372, 0.157830819488],
        "mean": [0.0841881483793, 0.0717952474952, 0.192944779992, 0.187821030617, 0.118179358542, 0.031097965315],
        "min": [0, 0, 0, 0, 0, 0],
        "stdev": [0.150455892086, 0.0938738286495, 0.207289233804, 0.169752195477, 0.141115218401, 0.0305054932833]
    },
