{
"metadata": {
    "version": {
        "essentia": "2.1-beta5",
        "essentia_git_sha": "Undefined",
        "extractor": "music 2.0"
    },
    "audio_properties": {
        "analysis": {
            "equal_loudness": 0,
            "length": 12.7477550507,
            "sample_rate": 44100,
            "start_time": 0,
            "downmix": "mix"
        },
        "bit_rate": 192000,
        "length": 224.502151489,
        "lossless": 0,
        "number_channels": 2,
        "replay_gain": 21.9486103058,
        "sample_rate": 48000,
        "codec": "mp3",
        "md5_encoded": "ad0b68b012c5bfbc3e054bfe14b899a8"
    },
    "tags": {
        "file_name": "Italy_Gente Di Mare_Umberto Tozzi and Raf.mp3",
        "encoding": ["Lavf58.29.100"]
    }
},
"lowlevel": {
    "average_loudness": 0.000509540841449,
    "barkbands_crest": {
        "max": 23.1840705872,
        "mean": 7.24585580826,
        "min": 3.49890828133,
        "stdev": 2.5526509285
    },
    "barkbands_flatness_db": {
        "max": 0.323003619909,
        "mean": 0.0895908474922,
        "min": 0.0347408279777,
        "stdev": 0.0478417091072
    },
    "barkbands_kurtosis": {
        "max": 95.7990951538,
        "mean": 4.72554397583,
        "min": -1.6076887846,
        "stdev": 7.98470973969
    },
    "barkbands_skewness": {
        "max": 8.6410741806,
        "mean": -1.33617866039,
        "min": -2.86896133423,
        "stdev": 1.6346051693
    },
    "barkbands_spread": {
        "max": 81.3500061035,
        "mean": 24.6862316132,
        "min": 1.32522952557,
        "stdev": 7.08794546127
    },
    "dissonance": {
        "max": 0.49992069602,
        "mean": 0.482295155525,
        "min": 0,
        "stdev": 0.0411519259214
    },
    "dynamic_complexity": 11.5125713348,
    "erbbands_crest": {
        "max": 27.7177772522,
        "mean": 4.57994174957,
        "min": 2.5404651165,
        "stdev": 3.84817075729
    },
    "erbbands_flatness_db": {
        "max": 0.357153475285,
        "mean": 0.112891145051,
        "min": 0.0578515417874,
        "stdev": 0.046156514436
    },
    "erbbands_kurtosis": {
        "max": 20.2363948822,
        "mean": 0.526166677475,
        "min": -1.27649855614,
        "stdev": 1.81795191765
    },
    "erbbands_skewness": {
        "max": 4.18208456039,
        "mean": -0.422931998968,
        "min": -1.11863207817,
        "stdev": 0.750245511532
    },
    "erbbands_spread": {
        "max": 83.2228469849,
        "mean": 35.2925186157,
        "min": 5.09240436554,
        "stdev": 7.57313728333
    },
    "hfc": {
        "max": 340.534759521,
        "mean": 4.24873495102,
        "min": 1.00944509597e-16,
        "stdev": 24.3942699432
    },
    "loudness_ebu128": {
        "integrated": -41.713306427,
        "loudness_range": 13.3419876099,
        "momentary": {
            "max": -39.5297088623,
            "mean": -270.640716553,
            "min": -300.691009521,
            "stdev": 81.6472015381
        },
        "short_term": {
            "max": -45.5346374512,
            "mean": -263.851531982,
            "min": -300.691009521,
            "stdev": 87.5220870972
        }
    },
    "melbands_crest": {
        "max": 29.7164363861,
        "mean": 3.83307170868,
        "min": 1.49804580212,
        "stdev": 4.67295122147
    },
    "melbands_flatness_db": {
        "max": 0.389632791281,
        "mean": 0.0341446809471,
        "min": 0.00298204435967,
        "stdev": 0.0825561285019
    },
    "melbands_kurtosis": {
        "max": 219.066696167,
        "mean": 2.2746629715,
        "min": -1.45006322861,
        "stdev": 16.7345371246
    },
    "melbands_skewness": {
        "max": 11.063369751,
        "mean": 0.369575113058,
        "min": -0.404252111912,
        "stdev": 1.32397377491
    },
    "melbands_spread": {
        "max": 167.723220825,
        "mean": 119.57774353,
        "min": 1.16566944122,
        "stdev": 39.0369415283
    },
    "pitch_salience": {
        "max": 0.99062782526,
        "mean": 0.769666552544,
        "min": 0.168581351638,
        "stdev": 0.0848146229982
    },
    "silence_rate_20dB": {
        "max": 1,
        "mean": 0.996363639832,
        "min": 0,
        "stdev": 0.0601925291121
    },
    "silence_rate_30dB": {
        "max": 1,
        "mean": 0.981818199158,
        "min": 0,
        "stdev": 0.133608564734
    },
    "silence_rate_60dB": {
        "max": 1,
        "mean": 0.903636336327,
        "min": 0,
        "stdev": 0.295089274645
    },
    "spectral_centroid": {
        "max": 11891.2353516,
        "mean": 9891.28515625,
        "min": 326.041503906,
        "stdev": 3197.38793945
    },
    "spectral_complexity": {
        "max": 39,
        "mean": 1.22363638878,
        "min": 0,
        "stdev": 4.50928258896
    },
    "spectral_decrease": {
        "max": 8.62937998691e-21,
        "mean": -1.85181614487e-09,
        "min": -1.17372003672e-07,
        "stdev": 9.21402243392e-09
    },
    "spectral_energy": {
        "max": 0.473876208067,
        "mean": 0.00737454928458,
        "min": 9.74493482492e-21,
        "stdev": 0.0369451753795
    },
    "spectral_energyband_high": {
        "max": 0.00160014256835,
        "mean": 3.07354021061e-05,
        "min": 6.97216967389e-21,
        "stdev": 0.000136576229124
    },
    "spectral_energyband_low": {
        "max": 0.00138414453249,
        "mean": 2.92467357212e-05,
        "min": 8.11009121768e-24,
        "stdev": 0.00013562355889
    },
    "spectral_energyband_middle_high": {
        "max": 0.0673015639186,
        "mean": 0.000823334499728,
        "min": 1.06671159999e-21,
        "stdev": 0.00533235026523
    },
    "spectral_energyband_middle_low": {
        "max": 0.428682774305,
        "mean": 0.0066329697147,
        "min": 1.50188539307e-22,
        "stdev": 0.0334033817053
    },
    "spectral_entropy": {
        "max": 9.82940483093,
        "mean": 9.494556427,
        "min": 5.876039505,
        "stdev": 0.901151418686
    },
    "spectral_flux": {
        "max": 0.4945782125,
        "mean": 0.0147825675085,
        "min": 6.24641380287e-11,
        "stdev": 0.0557733252645
    },
    "spectral_kurtosis": {
        "max": 25.4524688721,
        "mean": -0.273757338524,
        "min": -1.27334058285,
        "stdev": 3.1990249157
    },
    "spectral_rms": {
        "max": 0.0215015877038,
        "mean": 0.000720539654139,
        "min": 3.08338359185e-12,
        "stdev": 0.00258369999938
    },
    "spectral_rolloff": {
        "max": 19832.0800781,
        "mean": 16845.6582031,
        "min": 279.931640625,
        "stdev": 5505.34179688
    },
    "spectral_skewness": {
        "max": 3.81409358978,
        "mean": 0.22346945107,
        "min": -0.108438111842,
        "stdev": 0.667239427567
    },
    "spectral_spread": {
        "max": 43362808,
        "mean": 36601792,
        "min": 2081199.125,
        "stdev": 11257524
    },
    "spectral_strongpeak": {
        "max": 11.3587312698,
        "mean": 0.239515542984,
        "min": 0,
        "stdev": 1.04979228973
    },
    "zerocrossingrate": {
        "max": 0.78173828125,
        "mean": 0.451867908239,
        "min": 0.0146484375,
        "stdev": 0.141573950648
    },
    "barkbands": {
        "max": [0.000114328358904, 0.000491548329592, 0.000392822199501, 0.00140249496326, 0.0760419294238, 0.0253255404532, 0.183803588152, 0.120285943151, 0.255600690842, 0.0660709962249, 0.0121664516628, 0.0060300459154, 0.00805507879704, 0.00394236575812, 0.0156020075083, 0.00911134574562, 0.00232428568415, 0.0125044006854, 0.000811210309621, 0.00100796169136, 0.000652944436297, 0.000236751875491, 0.00013166264398, 0.000245405855821, 0.000120443975902, 1.80684710358e-05, 4.31878532936e-07],
        "mean": [1.29280419969e-06, 8.49152274895e-06, 7.7472486737e-06, 2.59197968262e-05, 0.00204960512929, 0.000669170171022, 0.00160667696036, 0.00111972854938, 0.000915410404559, 0.000419989606598, 9.18900623219e-05, 4.04721031373e-05, 4.12726949435e-05, 3.95756105718e-05, 7.79216352385e-05, 6.03425360168e-05, 2.04831540032e-05, 0.000129214909975, 1.34537549457e-05, 1.14908143587e-05, 8.19597880763e-06, 3.94686094296e-06, 3.79059497391e-06, 4.30267118645e-06, 3.60776743946e-06, 5.57018211111e-07, 9.41867028814e-09],
        "min": [1.5395379844e-25, 3.60182450841e-25, 5.41621099991e-25, 5.44195498251e-25, 1.99961744154e-24, 6.73678141158e-24, 4.18376246502e-24, 4.1250818633e-24, 7.50703545463e-24, 1.17224241422e-23, 1.19503875889e-23, 1.6735141368e-23, 1.94657549924e-23, 1.80057154518e-23, 2.82598091253e-23, 3.55183833715e-23, 5.64047159266e-23, 8.24040630606e-23, 8.7754161896e-23, 1.7088155992e-22, 2.11228046555e-22, 2.30672117338e-22, 3.52009955992e-22, 4.68957739532e-22, 8.50644895215e-22, 1.20285127126e-21, 1.90688032141e-21],
        "stdev": [8.2704336819e-06, 4.49541184935e-05, 3.96007453674e-05, 0.000131741471705, 0.00888805091381, 0.00298063736409, 0.0121650993824, 0.00760045740753, 0.0122802229598, 0.00403069378808, 0.000805087329354, 0.000312322197715, 0.000465118297143, 0.000305283610942, 0.000864328176249, 0.000619561295025, 0.000134910573252, 0.000952906848397, 6.59172146698e-05, 7.29717066861e-05, 4.44620054623e-05, 1.82627936738e-05, 1.55696889124e-05, 1.9598452127e-05, 1.52814482135e-05, 2.43202680394e-06, 3.45180595218e-08]
    },
    "erbbands": {
        "max": [0.0172562226653, 0.134394094348, 0.374414920807, 3.68336653709, 86.6720809937, 382.820587158, 600.068908691, 245.576324463, 1232.68261719, 3802.01269531, 3865.09521484, 4723.26367188, 2562.78930664, 672.237121582, 354.705566406, 156.69317627, 325.91583252, 225.670120239, 358.919189453, 999.488586426, 546.387145996, 175.059265137, 692.417724609, 240.85786438, 25.7262306213, 45.601940155, 51.8612709045, 6.26962518692, 10.494556427, 4.65424966812, 3.77686810493, 4.77833080292, 3.53620457649, 1.6624494791, 0.718041658401, 0.158155947924, 0.019971691072, 0.00132680509705, 0.000290255964501, 0.000553673889954],
        "mean": [0.000251553865382, 0.00197837059386, 0.00833219848573, 0.0879464298487, 1.759583354, 7.55027151108, 11.5595436096, 3.99074673653, 16.442325592, 28.6721782684, 26.0228633881, 18.2847576141, 16.8605003357, 6.36238002777, 3.21124100685, 1.71279251575, 1.82505905628, 2.03725767136, 2.26346755028, 5.14688920975, 2.71562361717, 1.47067332268, 6.73990011215, 2.7365925312, 0.559067487717, 0.566933631897, 0.502477943897, 0.170203983784, 0.142935827374, 0.133729636669, 0.103185214102, 0.0841167718172, 0.0748187750578, 0.0464666262269, 0.021652135998, 0.00491801230237, 0.000504092080519, 3.6647907109e-05, 6.13204747424e-06, 8.6189720605e-06],
        "min": [5.43782143026e-23, 1.31392129637e-22, 1.19904747233e-21, 2.95881515563e-21, 9.03560079247e-21, 6.86191554552e-21, 3.70332637649e-20, 4.57074867961e-20, 8.57307822932e-20, 1.1087642668e-19, 1.50058847848e-19, 2.20753748427e-19, 3.46808913498e-19, 4.74100997928e-19, 6.74921839092e-19, 9.57501573892e-19, 9.7193422122e-19, 8.83750667465e-19, 2.05800385734e-18, 2.37551072481e-18, 2.7260361608e-18, 3.51509119174e-18, 4.5182809494e-18, 5.6032846599e-18, 5.85321686839e-18, 7.79591836578e-18, 8.69303130886e-18, 8.73275086751e-18, 8.72707475415e-18, 9.93307761747e-18, 8.75100260773e-18, 8.64366682426e-18, 8.97951125195e-18, 8.20469613525e-18, 5.83647390561e-18, 3.73897051966e-18, 2.06379412162e-18, 9.04588174276e-19, 2.36437945871e-19, 2.57010056952e-20],
        "stdev": [0.00133987131994, 0.0105215786025, 0.0400991886854, 0.401148617268, 9.39469337463, 36.0482711792, 55.2369537354, 20.218788147, 110.633399963, 212.778793335, 221.801605225, 228.275375366, 158.937057495, 48.3229789734, 24.9944934845, 11.4947624207, 18.9329357147, 15.9203023911, 21.6444091797, 56.8538246155, 28.034910202, 10.3857421875, 50.4137840271, 17.7005214691, 2.62194418907, 3.4616932869, 3.20671844482, 0.734467089176, 0.697669923306, 0.555769979954, 0.422796189785, 0.380478054285, 0.331769496202, 0.198387473822, 0.0918359905481, 0.0213704109192, 0.00219842046499, 0.000148359569721, 2.48474443652e-05, 4.29738647654e-05]
    },
    "gfcc": {
        "mean": [-1133.67749023, 9.36044311523, -13.2813282013, 0.365409433842, -10.2700786591, -2.06857204437, -6.35340929031, 0.585991740227, -3.54434323311, -1.24919366837, -1.27501904964, -0.407151579857, -0.549544692039],
        "cov": [[143536.359375, 10687.0136719, -14426.3769531, 491.107971191, -11153.421875, -2374.03759766, -7014.68603516, 669.980529785, -3771.96777344, -1352.91796875, -1396.51550293, -515.245910645, -571.33972168], [10687.0136719, 915.04107666, -1089.43615723, -3.89138197899, -833.624389648, -208.376937866, -514.846374512, 48.3203887939, -283.847229004, -126.825134277, -86.7217407227, -41.2277565002, -35.0943183899], [-14426.3769531, -1089.43615723, 1541.56677246, 22.2899398804, 1114.73535156, 251.244308472, 674.800292969, -71.7196578979, 381.716430664, 154.819747925, 120.764938354, 51.1033248901, 56.9774017334], [491.107971191, -3.89138197899, 22.2899398804, 94.3708877563, -27.4597263336, 1.37023723125, -59.0176239014, 7.05642032623, 9.96814155579, 29.0165805817, -27.8956565857, -11.9343347549, -2.50180888176], [-11153.421875, -833.624389648, 1114.73535156, -27.4597263336, 881.493347168, 179.146316528, 540.880249023, -45.5614700317, 306.732421875, 110.700256348, 105.947746277, 33.5045585632, 44.4546813965], [-2374.03759766, -208.376937866, 251.244308472, 1.37023723125, 179.146316528, 76.221321106, 125.27948761, -10.3430013657, 52.139919281, 28.7344360352, 19.4036941528, 17.3500938416, 8.05250072479], [-7014.68603516, -514.846374512, 674.800292969, -59.0176239014, 540.880249023, 125.27948761, 365.636169434, -32.7157363892, 170.933654785, 54.533531189, 79.0529403687, 32.4401130676, 28.0549564362], [669.980529785, 48.3203887939, -71.7196578979, 7.05642032623, -45.5614700317, -10.3430013657, -32.7157363892, 10.8525085449, -9.69367218018, -4.08127117157, -8.46447372437, -4.57816839218, -2.46067643166], [-3771.96777344, -283.847229004, 381.716430664, 9.96814155579, 306.732421875, 52.139919281, 170.933654785, -9.69367218018, 123.957977295, 48.0601844788, 28.3433818817, 2.36112189293, 14.9662332535], [-1352.91796875, -126.825134277, 154.819747925, 29.0165805817, 110.700256348, 28.7344360352, 54.533531189, -4.08127117157, 48.0601844788, 33.470664978, 5.46753025055, -2.10868000984, 3.61993169785], [-1396.51550293, -86.7217407227, 120.764938354, -27.8956565857, 105.947746277, 19.4036941528, 79.0529403687, -8.46447372437, 28.3433818817, 5.46753025055, 27.3256855011, 9.77181339264, 8.16023540497], [-515.245910645, -41.2277565002, 51.1033248901, -11.9343347549, 33.5045585632, 17.3500938416, 32.4401130676, -4.57816839218, 2.36112189293, -2.10868000984, 9.77181339264, 13.7814970016, 5.62599277496], [-571.33972168, -35.0943183899, 56.9774017334, -2.50180888176, 44.4546813965, 8.05250072479, 28.0549564362, -2.46067643166, 14.9662332535, 3.61993169785, 8.16023540497, 5.62599277496, 10.8415718079]],
        "icov": [[0.00547797745094, -0.00710519263521, 0.0200896356255, -0.00963327754289, 0.0141735663638, -0.00383528252132, 0.0250913873315, -0.0141467638314, 0.0204362384975, -0.0083894841373, 0.0114040123299, -0.00728994421661, 0.00426154630259], [-0.00710519263521, 0.0357949994504, -0.0334880575538, 0.00699779717252, 0.0190925952047, -0.00397061463445, -0.0232389122248, 0.00619755266234, -0.0561095289886, 0.0751574188471, -0.0701775550842, 0.0680525153875, -0.0248844921589], [0.0200896356255, -0.0334880575538, 0.100490450859, -0.0643335878849, 0.0241675209254, -0.0131293255836, 0.0699061974883, 0.00305670080706, 0.0743073150516, -0.0301713719964, 0.0674182251096, -0.0585103966296, 0.0248995367438], [-0.00963327754289, 0.00699779717252, -0.0643335878849, 0.128738194704, -0.0641931369901, -0.00247640791349, 0.0574856474996, -0.0532221756876, 0.0241494104266, -0.0976453498006, 0.0166205205023, -0.00400477275252, -0.024147618562], [0.0141735663638, 0.0190925952047, 0.0241675209254, -0.0641931369901, 0.21761636436, -0.0130071863532, -0.0290615409613, -0.0359661541879, -0.112839765847, 0.104654945433, -0.0786521658301, 0.0811046212912, -0.0107619781047], [-0.00383528252132, -0.00397061463445, -0.0131293255836, -0.00247640791349, -0.0130071863532, 0.126516968012, -0.111342847347, -0.0427791886032, 0.0656908228993, -0.114577464759, 0.10129082948, -0.0936773046851, 0.0111864404753], [0.0250913873315, -0.0232389122248, 0.0699061974883, 0.0574856474996, -0.0290615409613, -0.111342847347, 0.355107188225, -0.103893838823, 0.130329966545, -0.0287141855806, -0.0422864668071, -0.00357588683255, 0.0156638883054], [-0.0141467638314, 0.00619755266234, 0.00305670080706, -0.0532221756876, -0.0359661541879, -0.0427791886032, -0.103893838823, 0.348133772612, -0.186151206493, 0.121563874185, -0.0269600190222, -0.000956042553298, 0.0104790693149], [0.0204362384975, -0.0561095289886, 0.0743073150516, 0.0241494104266, -0.112839765847, 0.0656908228993, 0.130329966545, -0.186151206493, 0.384705275297, -0.259010761976, 0.203840821981, -0.080916531384, -0.0112374117598], [-0.0083894841373, 0.0751574188471, -0.0301713719964, -0.0976453498006, 0.104654945433, -0.114577464759, -0.0287141855806, 0.121563874185, -0.259010761976, 0.446411371231, -0.260202676058, 0.244726195931, -0.0275780353695], [0.0114040123299, -0.0701775550842, 0.0674182251096, 0.0166205205023, -0.0786521658301, 0.10129082948, -0.0422864668071, -0.0269600190222, 0.203840821981, -0.260202676058, 0.376657128334, -0.208351448178, 0.00401922874153], [-0.00728994421661, 0.0680525153875, -0.0585103966296, -0.00400477275252, 0.0811046212912, -0.0936773046851, -0.00357588683255, -0.000956042553298, -0.080916531384, 0.244726195931, -0.208351448178, 0.39858096838, -0.131281241775], [0.00426154630259, -0.0248844921589, 0.0248995367438, -0.024147618562, -0.0107619781047, 0.0111864404753, 0.0156638883054, 0.0104790693149, -0.0112374117598, -0.0275780353695, 0.00401922874153, -0.131281241775, 0.187319874763]]
    },
    "melbands": {
        "max": [0.000145217447425, 0.000215014384594, 0.00278042093851, 0.0129968086258, 0.0192809924483, 0.00753558287397, 0.0210886597633, 0.0337912738323, 0.0368915461004, 0.0274659078568, 0.0127529148012, 0.00268733897246, 0.00108849874232, 0.000820017885417, 0.00112652545795, 0.000373470480554, 0.000480917602545, 0.000435142515926, 0.000997765688226, 0.00114666577429, 0.000511601858307, 0.000139418159961, 0.000312720512738, 0.000790414807852, 0.000123036719742, 1.47741639012e-05, 2.63305682893e-05, 3.54528419848e-05, 4.55535628134e-05, 8.00206544227e-06, 3.2863611068e-06, 6.50809215585e-06, 4.22918219556e-06, 2.65614744421e-06, 2.25507824325e-06, 2.39400810642e-06, 3.35079266733e-06, 2.89479453386e-06, 1.74120430074e-06, 1.36457242661e-06],
        "mean": [2.34386698139e-06, 3.94809376303e-06, 4.7317273129e-05, 0.000337944104103, 0.000416678958572, 0.000108470900159, 0.000266504095634, 0.000299133418594, 0.000222621602006, 0.0001044476885, 8.24310918688e-05, 2.5704574e-05, 1.08886215457e-05, 5.61440583624e-06, 5.63060439163e-06, 2.4771511562e-06, 4.10888105762e-06, 3.02699277199e-06, 6.21415347268e-06, 5.80497953706e-06, 2.62605976786e-06, 1.17680360745e-06, 2.8644642498e-06, 7.98929795565e-06, 1.47093714986e-06, 3.98691526016e-07, 3.48036337527e-07, 3.71298540358e-07, 3.67640154764e-07, 1.74037580791e-07, 7.16675430112e-08, 7.52470157295e-08, 8.42809839696e-08, 7.2980959942e-08, 5.92201310212e-08, 5.52747181359e-08, 4.94388245897e-08, 5.35619335551e-08, 4.62057947459e-08, 3.7622573501e-08],
        "min": [7.10900444364e-25, 8.48784653126e-25, 9.27680308587e-25, 6.95474959615e-25, 1.44238680569e-24, 9.27640865542e-25, 1.22033271607e-24, 1.06220870306e-24, 1.16174815816e-24, 1.28733796971e-24, 1.66286632896e-24, 1.50420234066e-24, 1.78902668416e-24, 1.87437709537e-24, 2.75269522167e-24, 1.93987168038e-24, 1.32020773287e-24, 2.94854966292e-24, 2.81707317407e-24, 2.01807343407e-24, 2.41029211791e-24, 2.9057304902e-24, 2.28759860917e-24, 4.37546631461e-24, 3.36558472755e-24, 3.55845845787e-24, 3.46388113508e-24, 4.40548799408e-24, 4.36706612927e-24, 4.02030378014e-24, 3.96134392166e-24, 4.8058597526e-24, 4.03962219485e-24, 4.61042143549e-24, 4.83113919474e-24, 3.91109466529e-24, 5.04345045776e-24, 5.06459232445e-24, 5.28028188429e-24, 5.63295359046e-24],
        "stdev": [1.22618921523e-05, 1.90000700968e-05, 0.000263456342509, 0.00152686692309, 0.00198036874644, 0.000588705996051, 0.00184366758913, 0.0020288664382, 0.00221007410437, 0.00131775229238, 0.00078928086441, 0.000200954207685, 8.54015743244e-05, 4.44619727205e-05, 5.962274372e-05, 2.10818561754e-05, 3.33109346684e-05, 2.71282879112e-05, 6.6902677645e-05, 6.37150078546e-05, 2.61867862719e-05, 7.91150159785e-06, 2.06644308491e-05, 6.16411780356e-05, 8.53017445479e-06, 1.74676779352e-06, 2.02850606001e-06, 2.42258147409e-06, 2.70058649221e-06, 8.35358889617e-07, 3.12851568651e-07, 3.8933890778e-07, 3.82074063054e-07, 3.07474778083e-07, 2.46577087637e-07, 2.34222952145e-07, 2.37493424038e-07, 2.43808301548e-07, 2.03414685984e-07, 1.60093236445e-07]
    },
    "melbands128": {
        "max": [8.36100953165e-05, 0.000152522407006, 0.000172302330611, 0.000269701937214, 0.000182197312824, 0.00022066377278, 0.000525826530065, 0.00102404726204, 0.0103473933414, 0.0170717015862, 0.0269297175109, 0.0354413166642, 0.0284937936813, 0.00836945790797, 0.00579475425184, 0.0106078516692, 0.0326620228589, 0.0250976234674, 0.063698977232, 0.0606123544276, 0.0199934560806, 0.0201302096248, 0.0620719753206, 0.0864440798759, 0.0288308616728, 0.00776091311127, 0.0136456256732, 0.0256481673568, 0.0112858274952, 0.00502226222306, 0.00550982076675, 0.00317905121483, 0.00186591199599, 0.00248428317718, 0.00169412605464, 0.000606859161053, 0.000378173863282, 0.00138035113923, 0.00213135778904, 0.000397982337745, 0.000122074256069, 0.00061725336127, 0.00060395069886, 0.000802689697593, 0.000245443108724, 0.000405463186326, 0.00106950802729, 0.00120624189731, 0.00155518203974, 0.00246433936991, 0.000680317752995, 0.00124063459225, 0.00070004031295, 0.000384137005312, 0.000141441254527, 0.000140281292261, 0.00013415243302, 0.000199235539185, 0.000402066245442, 0.000720897689462, 0.00146144721657, 0.0005905564758, 0.000124195459648, 4.80662929476e-05, 3.44002692145e-05, 2.38574739342e-05, 1.02241083368e-05, 3.84892628063e-05, 5.22002264915e-05, 3.21779771184e-05, 3.79018347303e-05, 3.55195516022e-05, 6.47457054583e-05, 7.14421330485e-05, 1.29924055727e-05, 1.37311490107e-05, 4.52186668554e-06, 6.41876567897e-06, 3.10853351948e-06, 3.30916168423e-06, 5.39092934559e-06, 9.2093123385e-06, 6.72201258567e-06, 6.91031709721e-06, 2.33931905314e-06, 3.32695344696e-06, 3.25672749568e-06, 4.88859177494e-06, 1.78471873369e-06, 3.26591589328e-06, 1.97137410396e-06, 2.9143525353e-06, 2.88586193165e-06, 2.36072446569e-06, 6.84744054524e-06, 3.30169336848e-06, 2.97028191198e-06, 2.42401824835e-06, 2.2363383323e-06, 2.13711564356e-06, 2.00645649784e-06, 1.79347955509e-06, 1.17103218145e-06, 1.27608882394e-06, 9.1573122063e-07, 8.54042582432e-07, 7.69457813021e-07, 3.70568585595e-07, 3.31007441901e-07, 2.27487689131e-07, 1.22022598248e-07, 6.23416411827e-08, 4.72441783472e-08, 3.5951035926e-08, 3.44635751048e-08, 1.12840394806e-08, 4.40756009468e-09, 2.55534415849e-09, 2.66126698456e-09, 2.26630869626e-09, 1.91172055963e-09, 1.3241721053e-09, 1.24636589938e-09, 1.14384346439e-09, 9.41363875739e-10, 1.11120368462e-09, 1.01558572663e-09, 9.89169413046e-10],
        "mean": [8.53257915878e-07, 1.9113667804e-06, 2.96064149552e-06, 3.20291906064e-06, 2.78227867057e-06, 4.39628593085e-06, 1.03082638816e-05, 1.3425364159e-05, 0.00014866933634, 0.00037014222471, 0.000414584355894, 0.000560315442272, 0.000472598068882, 0.000174103130121, 3.71436908608e-05, 6.29535643384e-05, 0.0002648771042, 0.000255411665421, 0.000343024526956, 0.000368635141058, 0.00025262782583, 0.000173226217157, 0.000237284242758, 0.000268732983386, 9.43501945585e-05, 4.83175826957e-05, 8.4670362412e-05, 0.000114035210572, 5.47283780179e-05, 2.20632482524e-05, 2.37761487369e-05, 1.22420015032e-05, 7.85559132055e-06, 1.28365245473e-05, 7.14256930223e-06, 3.23880885844e-06, 2.76941341326e-06, 5.91918205828e-06, 8.78500031831e-06, 2.11725091503e-06, 1.07379344172e-06, 2.27180203183e-06, 4.46025023848e-06, 5.71688769924e-06, 1.89033778497e-06, 2.30964360526e-06, 4.39503446614e-06, 4.55001281807e-06, 7.51902280172e-06, 1.0360206943e-05, 3.68326891476e-06, 4.13678662881e-06, 3.30622060574e-06, 1.86964041404e-06, 1.28663566556e-06, 1.15557577374e-06, 8.96628591818e-07, 1.68940641743e-06, 2.74344461104e-06, 6.28050065643e-06, 1.33361400003e-05, 4.29392821388e-06, 2.02864862331e-06, 6.19360207565e-07, 5.91926266225e-07, 3.80727300353e-07, 2.97337578559e-07, 2.9822012948e-07, 3.74559533611e-07, 4.09615239505e-07, 3.89549427382e-07, 3.18740831062e-07, 3.71146995803e-07, 4.59655268514e-07, 2.44001483907e-07, 2.17819462023e-07, 1.13076119135e-07, 8.11515832311e-08, 6.14296240542e-08, 7.00751812133e-08, 6.61499086618e-08, 7.91145353674e-08, 9.42923890079e-08, 9.50674703404e-08, 6.00952816399e-08, 7.58102345344e-08, 7.96139971726e-08, 6.62767476456e-08, 5.39826245927e-08, 6.11447745769e-08, 4.87474380861e-08, 6.02241527758e-08, 5.42259961378e-08, 3.75901478833e-08, 6.24193603471e-08, 4.32554330132e-08, 6.29525231943e-08, 4.89221498867e-08, 4.66967797763e-08, 4.45565042639e-08, 3.78349902519e-08, 3.80507749753e-08, 3.28070299815e-08, 3.29490532636e-08, 2.42314275312e-08, 1.94825773292e-08, 1.56765374015e-08, 1.07140030181e-08, 7.83781928249e-09, 4.3068317801e-09, 2.83440293458e-09, 1.38765776647e-09, 9.92515181153e-10, 7.33519411877e-10, 4.92690777065e-10, 2.47157627697e-10, 8.97283913837e-11, 5.16041064047e-11, 7.08070824196e-11, 5.95763022249e-11, 3.89599845441e-11, 2.97360504276e-11, 2.76936355792e-11, 2.04319356573e-11, 1.52301331269e-11, 8.10277539509e-12, 4.14159288462e-12, 3.36977646308e-12],
        "min": [2.20351730876e-27, 2.16891907124e-25, 1.29832576674e-25, 1.06777364836e-25, 2.93686801342e-25, 2.39026185485e-25, 1.7087561674e-25, 1.57479341085e-25, 1.70181505425e-25, 1.3284697443e-25, 1.29747157829e-25, 3.17823085421e-25, 1.55322767933e-25, 3.98318871272e-25, 2.82579146758e-25, 2.24260336365e-26, 3.83773212952e-25, 2.47954266691e-25, 2.86310039758e-25, 3.51061419187e-25, 3.76828993663e-25, 4.17409773564e-25, 6.50437411422e-25, 6.48801708335e-25, 5.7333666104e-25, 2.66247507349e-25, 5.83608911925e-25, 4.3425880712e-25, 6.31359007644e-25, 7.30719687139e-25, 8.42394386756e-25, 7.37310225571e-25, 7.19283570596e-25, 6.85073729972e-25, 9.61341200628e-25, 1.07565957035e-24, 7.1578275381e-25, 3.96369078285e-25, 9.04585123688e-25, 2.68160642955e-25, 5.95580960845e-25, 9.28328259213e-25, 9.29287809896e-25, 7.29672474287e-25, 8.41944538825e-25, 4.95598806869e-25, 8.10782413005e-25, 1.23212756711e-24, 1.12704715301e-24, 1.15972019398e-24, 9.4469367173e-25, 9.07881970626e-25, 1.20111409226e-24, 1.5840367406e-24, 1.46886985236e-24, 1.42791101087e-24, 1.21824627758e-24, 1.31384813347e-24, 1.67341063825e-24, 1.12920123632e-24, 1.63876830463e-24, 1.22309520835e-24, 1.56708826126e-24, 1.00595986368e-24, 1.55172884361e-24, 1.72229141816e-24, 2.00782751142e-24, 1.63741037919e-24, 1.37292286982e-24, 2.28176675772e-24, 1.63693035733e-24, 1.684740653e-24, 1.81498454668e-24, 2.60039655202e-24, 2.03259774384e-24, 2.94519305977e-24, 2.43450738669e-24, 1.79896100675e-24, 2.15832955036e-24, 2.99623492413e-24, 2.45831106729e-24, 3.53930452066e-24, 1.91324565268e-24, 2.70815100737e-24, 2.28863970835e-24, 2.29556965419e-24, 2.39874911072e-24, 3.44969662714e-24, 2.53510884578e-24, 3.15832710471e-24, 2.86538952401e-24, 3.02669382976e-24, 2.86033292561e-24, 2.48132983129e-24, 3.28356607038e-24, 2.65650152289e-24, 2.54374785877e-24, 3.68252300686e-24, 2.83908022396e-24, 3.64845525981e-24, 2.65533282546e-24, 4.11192129682e-24, 3.71257111317e-24, 4.0017801428e-24, 3.87507251534e-24, 3.65254195373e-24, 4.57671301458e-24, 3.83376775834e-24, 4.16104011551e-24, 4.42598812243e-24, 3.75030864115e-24, 3.60626895075e-24, 4.04917175054e-24, 4.27021649264e-24, 4.45230767767e-24, 4.03660992949e-24, 4.95068199303e-24, 4.96780461341e-24, 4.91414945008e-24, 5.03566558392e-24, 4.27122702346e-24, 3.32248886187e-24, 4.95970695621e-24, 4.66453019384e-24, 4.44260705512e-24, 4.96839665351e-24, 5.20757651896e-24, 5.39921292095e-24],
        "stdev": [5.42329644304e-06, 1.09581733341e-05, 1.59180817718e-05, 1.86303841474e-05, 1.57631639013e-05, 2.24893410632e-05, 5.05679236085e-05, 7.96266613179e-05, 0.000948084401898, 0.00197668606415, 0.00236159609631, 0.00322634610347, 0.0024275300093, 0.000818688131403, 0.000304470770061, 0.000584579538554, 0.00225329189561, 0.00192458182573, 0.00376062327996, 0.00312333996408, 0.00176474102773, 0.00139227719046, 0.00288970186375, 0.00408813450485, 0.00139443739317, 0.000518429093063, 0.000879824976437, 0.00139209418558, 0.000586771056987, 0.000235815998167, 0.000284267356619, 0.000151130283484, 9.3743801699e-05, 0.000133268447826, 8.04642477306e-05, 3.03667857224e-05, 2.2499851184e-05, 6.61651865812e-05, 0.000123746765894, 1.98306588572e-05, 7.3563942351e-06, 2.78291718132e-05, 3.76900461561e-05, 5.75236226723e-05, 1.49810939547e-05, 2.3157990654e-05, 5.48219468328e-05, 5.86955648032e-05, 8.17012405605e-05, 0.000127426697873, 4.06525214203e-05, 5.46559494978e-05, 3.48972789652e-05, 1.93269461306e-05, 8.79465824255e-06, 8.08150343801e-06, 6.77364550938e-06, 1.23872196127e-05, 2.32337242778e-05, 4.57725400338e-05, 0.000115062866826, 3.2834988815e-05, 1.19442065625e-05, 3.65300320482e-06, 3.14025669468e-06, 1.8887906208e-06, 1.27334158151e-06, 2.03580270863e-06, 2.81726147477e-06, 2.59039461525e-06, 2.79328264696e-06, 2.11717383536e-06, 3.44881436831e-06, 3.83366568713e-06, 1.24591667827e-06, 1.15866419037e-06, 5.07208994804e-07, 4.05248329116e-07, 2.80433056332e-07, 3.2359736224e-07, 3.52516934754e-07, 4.73295472148e-07, 4.72800934403e-07, 4.78358970213e-07, 2.61299703652e-07, 3.42507320283e-07, 3.55140713282e-07, 3.31279665033e-07, 2.25763429285e-07, 2.67719030944e-07, 1.97975495553e-07, 2.65831090474e-07, 2.51427991316e-07, 1.72730167947e-07, 3.69982871007e-07, 2.2013148282e-07, 2.86602528377e-07, 2.20753364033e-07, 2.17444053874e-07, 2.01370710329e-07, 1.68926206356e-07, 1.67641061921e-07, 1.39790472531e-07, 1.4343564203e-07, 1.07739914768e-07, 8.838447485e-08, 7.28006597228e-08, 4.72385615069e-08, 3.58789584709e-08, 1.96950598053e-08, 1.34508262306e-08, 6.25272988941e-09, 4.75274797296e-09, 3.30695026918e-09, 2.54277776612e-09, 1.09871745035e-09, 3.41920936009e-10, 2.06015260407e-10, 2.80947098918e-10, 2.39964909055e-10, 1.60486304801e-10, 1.16584158993e-10, 1.0878450224e-10, 8.49075115772e-11, 6.45402203903e-11, 5.42189730612e-11, 4.68523067565e-11, 4.478014487e-11]
    },
    "mfcc": {
        "mean": [-1203.48425293, 13.4480047226, 0.738554894924, 0.743835389614, -1.76676654816, -3.54109430313, -1.95318472385, -0.825804233551, -1.82158994675, -1.36771714687, -0.911767303944, -1.0668104887, -1.26048707962],
        "cov": [[33315.7929688, 7082.83447266, 308.752746582, 482.698547363, -851.943603516, -1917.84631348, -1143.93371582, -491.416717529, -913.810424805, -639.225097656, -452.221893311, -542.421325684, -693.506591797], [7082.83447266, 1610.22546387, 26.462726593, 52.2147331238, -229.103256226, -438.602539062, -219.788146973, -78.8427352905, -224.319869995, -165.161834717, -111.258636475, -131.081619263, -145.624465942], [308.752746582, 26.462726593, 101.118309021, 40.7279777527, 11.7759456635, 7.40977907181, -18.3826408386, -20.9576148987, 0.0502111278474, -15.9603452682, -6.814930439, 0.833279132843, -5.94861984253], [482.698547363, 52.2147331238, 40.7279777527, 57.5032997131, 23.0317649841, -20.1202335358, -42.6155509949, -30.8920974731, 3.03242564201, 1.82771992683, 0.552055418491, 2.42672967911, -14.7583684921], [-851.943603516, -229.103256226, 11.7759456635, 23.0317649841, 56.1667289734, 57.9244880676, 7.7632727623, -3.50371909142, 41.2678222656, 31.3395671844, 18.9373703003, 23.0020885468, 14.6639146805], [-1917.84631348, -438.602539062, 7.40977907181, -20.1202335358, 57.9244880676, 130.773757935, 68.7100143433, 23.6207790375, 59.6715888977, 41.9370498657, 29.4015293121, 35.0771331787, 41.4777297974], [-1143.93371582, -219.788146973, -18.3826408386, -42.6155509949, 7.7632727623, 68.7100143433, 66.4074020386, 32.6311035156, 18.1606559753, 13.2665939331, 9.69674015045, 12.4538230896, 28.5594463348], [-491.416717529, -78.8427352905, -20.9576148987, -30.8920974731, -3.50371909142, 23.6207790375, 32.6311035156, 27.6737995148, 6.52381134033, 0.651193857193, 0.731206536293, 1.27672481537, 14.576004982], [-913.810424805, -224.319869995, 0.0502111278474, 3.03242564201, 41.2678222656, 59.6715888977, 18.1606559753, 6.52381134033, 42.3669509888, 28.750875473, 15.5026988983, 19.8431911469, 18.8956356049], [-639.225097656, -165.161834717, -15.9603452682, 1.82771992683, 31.3395671844, 41.9370498657, 13.2665939331, 0.651193857193, 28.750875473, 33.2280578613, 17.9542007446, 14.7284612656, 11.5003938675], [-452.221893311, -111.258636475, -6.814930439, 0.552055418491, 18.9373703003, 29.4015293121, 9.69674015045, 0.731206536293, 15.5026988983, 17.9542007446, 17.4653530121, 11.5800409317, 6.80644989014], [-542.421325684, -131.081619263, 0.833279132843, 2.42672967911, 23.0020885468, 35.0771331787, 12.4538230896, 1.27672481537, 19.8431911469, 14.7284612656, 11.5800409317, 15.5420951843, 10.5957193375], [-693.506591797, -145.624465942, -5.94861984253, -14.7583684921, 14.6639146805, 41.4777297974, 28.5594463348, 14.576004982, 18.8956356049, 11.5003938675, 6.80644989014, 10.5957193375, 20.3894824982]],
        "icov": [[0.00187665375415, -0.0106906872243, -0.000355058116838, -0.00759368389845, 0.00164837040938, -0.0120946802199, 0.00759847415611, -0.00572167802602, 0.00467894785106, -0.0113421073183, 0.00474670948461, -0.00380278192461, 0.00119448290206], [-0.0106906872243, 0.0819357261062, -0.00902721378952, 0.0457078330219, 0.0190854370594, 0.102464035153, -0.0212377626449, 0.0213861390948, -0.00252333958633, 0.0489213578403, -0.0107326321304, 0.0255001336336, 0.00939472205937], [-0.000355058116838, -0.00902721378952, 0.0430449321866, -0.0360208675265, 0.00190162274521, -0.063758276403, 0.00229761679657, 0.0163179002702, -0.00847451295704, 0.0479388199747, 0.000596873927861, 0.0230883061886, -0.00799720175564], [-0.00759368389845, 0.0457078330219, -0.0360208675265, 0.179561197758, -0.122596494853, 0.124666891992, -0.0429425351322, 0.102366909385, -0.0266687124968, 0.0586294718087, -0.0365929938853, 0.0268330089748, -0.000920194317587], [0.00164837040938, 0.0190854370594, 0.00190162274521, -0.122596494853, 0.250900149345, -0.0567006580532, 0.104800358415, -0.109991081059, 0.0213852114975, -0.0952363684773, 0.0614860057831, -0.0819696560502, 0.0268997326493], [-0.0120946802199, 0.102464035153, -0.063758276403, 0.124666891992, -0.0567006580532, 0.357618689537, -0.20056656003, 0.127126380801, -0.146566450596, 0.0881588682532, -0.110196210444, 0.0407473035157, -0.00287617486902], [0.00759847415611, -0.0212377626449, 0.00229761679657, -0.0429425351322, 0.104800358415, -0.20056656003, 0.310457766056, -0.195920884609, 0.23582701385, -0.156694099307, 0.140245109797, -0.0878814905882, -0.0171263348311], [-0.00572167802602, 0.0213861390948, 0.0163179002702, 0.102366909385, -0.109991081059, 0.127126380801, -0.195920884609, 0.294377535582, -0.179187998176, 0.184195458889, -0.115840680897, 0.151513338089, -0.0564353503287], [0.00467894785106, -0.00252333958633, -0.00847451295704, -0.0266687124968, 0.0213852114975, -0.146566450596, 0.23582701385, -0.179187998176, 0.35508787632, -0.192438930273, 0.165715306997, -0.110200732946, -0.018682802096], [-0.0113421073183, 0.0489213578403, 0.0479388199747, 0.0586294718087, -0.0952363684773, 0.0881588682532, -0.156694099307, 0.184195458889, -0.192438930273, 0.313815504313, -0.173886716366, 0.15001514554, -0.0215687789023], [0.00474670948461, -0.0107326321304, 0.000596873927861, -0.0365929938853, 0.0614860057831, -0.110196210444, 0.140245109797, -0.115840680897, 0.165715306997, -0.173886716366, 0.267488062382, -0.149907976389, 0.0579162053764], [-0.00380278192461, 0.0255001336336, 0.0230883061886, 0.0268330089748, -0.0819696560502, 0.0407473035157, -0.0878814905882, 0.151513338089, -0.110200732946, 0.15001514554, -0.149907976389, 0.379710286856, -0.0599848851562], [0.00119448290206, 0.00939472205937, -0.00799720175564, -0.000920194317587, 0.0268997326493, -0.00287617486902, -0.0171263348311, -0.0564353503287, -0.018682802096, -0.0215687789023, 0.0579162053764, -0.0599848851562, 0.245928019285]]
    },
    "spectral_contrast_coeffs": {
        "max": [-0.343230038881, -0.435026019812, -0.467325776815, -0.631166219711, -0.633763670921, -0.719982266426],
        "mean": [-0.912175834179, -0.933774650097, -0.936178445816, -0.944169580936, -0.940990626812, -0.944289684296],
        "min": [-0.983736813068, -0.989352285862, -0.981024801731, -0.972844004631, -0.969143152237, -0.965720713139],
        "stdev": [0.150335416198, 0.0964234024286, 0.077557772398, 0.054706979543, 0.0592064075172, 0.0449340417981]
    },
    "spectral_contrast_valleys": {
        "max": [-6.42567586899, -4.01107358932, -6.05937957764, -5.83072710037, -6.21347284317, -9.1950302124],
        "mean": [-25.1415538788, -24.9448318481, -25.1139984131, -25.1779747009, -25.1509361267, -25.41040802],
        "min": [-28.4769096375, -28.1298332214, -27.9552745819, -27.7088871002, -27.5432853699, -27.4621372223],
        "stdev": [5.94301843643, 6.3527712822, 6.06404495239, 5.88257074356, 5.95918750763, 5.24853420258]
    }
},
"rhythm": {
    "beats_count": 29,
    "beats_loudness": {
        "max": 0.4101793468,
        "mean": 0.0202775318176,
        "min": 0,
        "stdev": 0.0787997618318
    },
    "bpm": 146.543731689,
    "bpm_histogram_first_peak_bpm": 148,
    "bpm_histogram_first_peak_weight": 0.5,
    "bpm_histogram_second_peak_bpm": 126,
    "bpm_histogram_second_peak_spread": 0,
    "bpm_histogram_second_peak_weight": 0.178571432829,
    "danceability": 1.36917471886,
    "onset_rate": 0.391869038343,
    "beats_loudness_band_ratio": {
        "max": [0.0291597824544, 0.257704019547, 0.820970773697, 0.635363161564, 0.0961309820414, 0.00570530770347],
        "mean": [0.00106651219539, 0.0205125808716, 0.0537230819464, 0.0298586059362, 0.00397750223055, 0.000380534474971],
        "min": [0, 0, 0, 0, 0, 0],
        "stdev": [0.00531384628266, 0.0630677044392, 0.1856302917, 0.120898455381, 0.0176464281976, 0.00126417959109]
    },
    "beats_position": [0.46439909935, 0.940408170223, 1.4164172411, 1.89242625237, 2.36843538284, 2.8444442749, 3.28562355042, 3.72680258751, 4.1679816246, 4.57433080673, 4.98067998886, 5.38702917099, 5.79337835312, 6.19972801208, 6.60607719421, 7.01242637634, 7.41877555847, 7.81351470947, 8.19664382935, 8.57977294922, 8.99773216248, 9.41569137573, 9.83365058899, 10.2516098022, 10.6695690155, 11.0875282288, 11.505487442, 11.9118366241, 12.3065757751],
    "bpm_histogram": [0, 0, 0, 0, 0, 0, 0, 0, 0, 0, 0, 0, 0, 0, 0, 0, 0, 0, 0, 0, 0, 0, 0, 0, 0, 0, 0, 0, 0, 0, 0, 0, 0, 0, 0, 0, 0, 0, 0, 0, 0, 0, 0, 0, 0, 0, 0, 0, 0, 0, 0, 0, 0, 0, 0, 0, 0, 0, 0, 0, 0, 0, 0, 0, 0, 0, 0, 0, 0, 0, 0, 0, 0, 0, 0, 0, 0, 0, 0, 0, 0, 0, 0, 0, 0, 0, 0, 0, 0, 0, 0, 0, 0, 0, 0, 0, 0, 0, 0, 0, 0, 0, 0, 0, 0, 0, 0, 0, 0, 0, 0, 0, 0, 0, 0, 0, 0, 0, 0, 0, 0, 0, 0, 0, 0, 0, 0.178571432829, 0, 0, 0, 0, 0, 0, 0, 0, 0, 0.107142858207, 0, 0, 0, 0, 0, 0, 0, 0.25, 0, 0, 0, 0.321428567171, 0, 0, 0, 0.0714285746217, 0, 0, 0, 0, 0.0714285746217, 0, 0, 0, 0, 0, 0, 0, 0, 0, 0, 0, 0, 0, 0, 0, 0, 0, 0, 0, 0, 0, 0, 0, 0, 0, 0, 0, 0, 0, 0, 0, 0, 0, 0, 0, 0, 0, 0, 0, 0, 0, 0, 0, 0, 0, 0, 0, 0, 0, 0, 0, 0, 0, 0, 0, 0, 0, 0, 0, 0, 0, 0, 0, 0, 0, 0, 0, 0, 0, 0, 0, 0, 0, 0, 0, 0, 0, 0, 0, 0, 0, 0, 0, 0, 0, 0, 0, 0, 0, 0, 0, 0]
},
"tonal": {
    "chords_changes_rate": 0.0326086953282,
    "chords_number_rate": 0.0217391308397,
    "chords_strength": {
