{
"metadata": {
    "version": {
        "essentia": "2.1-beta5",
        "essentia_git_sha": "Undefined",
        "extractor": "music 2.0"
    },
    "audio_properties": {
        "analysis": {
            "equal_loudness": 0,
            "length": 12.7477550507,
            "sample_rate": 44100,
            "start_time": 0,
            "downmix": "mix"
        },
        "bit_rate": 192000,
        "length": 264.823577881,
        "lossless": 0,
        "number_channels": 2,
        "replay_gain": -20.7137680054,
        "sample_rate": 44100,
        "codec": "mp3",
        "md5_encoded": "2cf57a19396221f611eeb3624f0c60cd"
    },
    "tags": {
        "file_name": "Cyprus_Aspro Mavro_Alexia.mp3",
        "encoding": ["Lavf58.29.100"]
    }
},
"lowlevel": {
    "average_loudness": 0.884869098663,
    "barkbands_crest": {
        "max": 25.3595352173,
        "mean": 9.41964912415,
        "min": 3.54807686806,
        "stdev": 3.44559168816
    },
    "barkbands_flatness_db": {
        "max": 0.307015568018,
        "mean": 0.167419165373,
        "min": 0.0381057262421,
        "stdev": 0.0406107120216
    },
    "barkbands_kurtosis": {
        "max": 72.8593521118,
        "mean": 3.9339723587,
        "min": -1.65690267086,
        "stdev": 8.05200862885
    },
    "barkbands_skewness": {
        "max": 7.23229932785,
        "mean": 1.25027060509,
        "min": -2.04018735886,
        "stdev": 1.23880064487
    },
    "barkbands_spread": {
        "max": 50.7659492493,
        "mean": 14.8998613358,
        "min": 1.052059412,
        "stdev": 8.20679855347
    },
    "dissonance": {
        "max": 0.499958872795,
        "mean": 0.454506248236,
        "min": 0.218145877123,
        "stdev": 0.0430200137198
    },
    "dynamic_complexity": 5.98345804214,
    "erbbands_crest": {
        "max": 30.2917308807,
        "mean": 10.3844709396,
        "min": 2.56002831459,
        "stdev": 4.80641555786
    },
    "erbbands_flatness_db": {
        "max": 0.362762004137,
        "mean": 0.21490085125,
        "min": 0.096632450819,
        "stdev": 0.0450381375849
    },
    "erbbands_kurtosis": {
        "max": 23.2551269531,
        "mean": 1.09065747261,
        "min": -1.61233770847,
        "stdev": 2.96733665466
    },
    "erbbands_skewness": {
        "max": 4.26220178604,
        "mean": 0.446104735136,
        "min": -2.40361785889,
        "stdev": 0.90621805191
    },
    "erbbands_spread": {
        "max": 76.499420166,
        "mean": 26.5536823273,
        "min": 2.83326292038,
        "stdev": 12.0751581192
    },
    "hfc": {
        "max": 68.6499404907,
        "mean": 13.4416942596,
        "min": 1.09418650718e-16,
        "stdev": 14.3173780441
    },
    "loudness_ebu128": {
        "integrated": -4.53252792358,
        "loudness_range": 7.70309686661,
        "momentary": {
            "max": -0.695332348347,
            "mean": -7.6831407547,
            "min": -29.0040111542,
            "stdev": 5.73270177841
        },
        "short_term": {
            "max": -2.2652258873,
            "mean": -5.66176795959,
            "min": -12.5349693298,
            "stdev": 2.91034913063
        }
    },
    "melbands_crest": {
        "max": 26.1201210022,
        "mean": 11.5588150024,
        "min": 1.80403888226,
        "stdev": 4.28357315063
    },
    "melbands_flatness_db": {
        "max": 0.359282881021,
        "mean": 0.200456321239,
        "min": 0.00425840867683,
        "stdev": 0.0574585981667
    },
    "melbands_kurtosis": {
        "max": 90.739112854,
        "mean": 7.33477497101,
        "min": -1.64212524891,
        "stdev": 11.6833925247
    },
    "melbands_skewness": {
        "max": 6.82065486908,
        "mean": 1.76160037518,
        "min": -0.34643226862,
        "stdev": 1.22419989109
    },
    "melbands_spread": {
        "max": 149.049285889,
        "mean": 22.7709197998,
        "min": 1.63815951347,
        "stdev": 20.4691085815
    },
    "pitch_salience": {
        "max": 0.954314529896,
        "mean": 0.645287156105,
        "min": 0.251875668764,
        "stdev": 0.0970810428262
    },
    "silence_rate_20dB": {
        "max": 1,
        "mean": 1,
        "min": 1,
        "stdev": 0
    },
    "silence_rate_30dB": {
        "max": 1,
        "mean": 1,
        "min": 1,
        "stdev": 0
    },
    "silence_rate_60dB": {
        "max": 1,
        "mean": 0.332727283239,
        "min": 0,
        "stdev": 0.471189677715
    },
    "spectral_centroid": {
        "max": 11474.5625,
        "mean": 1293.70861816,
        "min": 287.975830078,
        "stdev": 1338.15844727
    },
    "spectral_complexity": {
        "max": 41,
        "mean": 14.9854545593,
        "min": 0,
        "stdev": 10.4837474823
    },
    "spectral_decrease": {
        "max": 2.10294979352e-21,
        "mean": -3.85367870948e-09,
        "min": -1.64111533252e-08,
        "stdev": 4.14563450235e-09
    },
    "spectral_energy": {
        "max": 0.0651105344296,
        "mean": 0.0157638732344,
        "min": 1.04162581311e-20,
        "stdev": 0.0167628917843
    },
    "spectral_energyband_high": {
        "max": 0.0101875346154,
        "mean": 0.000275097147096,
        "min": 7.36021673979e-21,
        "stdev": 0.000929523084778
    },
    "spectral_energyband_low": {
        "max": 0.00406483467668,
        "mean": 0.000492908700835,
        "min": 3.09348743202e-23,
        "stdev": 0.000661457015667
    },
    "spectral_energyband_middle_high": {
        "max": 0.0410780236125,
        "mean": 0.00466266972944,
        "min": 1.27915312919e-21,
        "stdev": 0.00611467566341
    },
    "spectral_energyband_middle_low": {
        "max": 0.0597624368966,
        "mean": 0.0106816599146,
        "min": 2.15142437475e-22,
        "stdev": 0.0132929012179
    },
    "spectral_entropy": {
        "max": 9.81762599945,
        "mean": 7.39642572403,
        "min": 6.00832748413,
        "stdev": 0.451589941978
    },
    "spectral_flux": {
        "max": 0.233028456569,
        "mean": 0.0643667057157,
        "min": 6.67040866986e-11,
        "stdev": 0.0485255196691
    },
    "spectral_kurtosis": {
        "max": 30.6616706848,
        "mean": 6.21966218948,
        "min": -1.27551388741,
        "stdev": 4.40397834778
    },
    "spectral_rms": {
        "max": 0.00797009840608,
        "mean": 0.00328749255277,
        "min": 3.18782110084e-12,
        "stdev": 0.00213817344047
    },
    "spectral_rolloff": {
        "max": 19638.28125,
        "mean": 1687.22460938,
        "min": 258.3984375,
        "stdev": 2482.46777344
    },
    "spectral_skewness": {
        "max": 4.29941749573,
        "mean": 1.70350766182,
        "min": -0.275710254908,
        "stdev": 0.688274860382
    },
    "spectral_spread": {
        "max": 42287796,
        "mean": 3922198,
        "min": 1901431.5,
        "stdev": 4650999.5
    },
    "spectral_strongpeak": {
        "max": 7.05747842789,
        "mean": 1.21464776993,
        "min": 0,
        "stdev": 1.30380940437
    },
    "zerocrossingrate": {
        "max": 0.51708984375,
        "mean": 0.0597034804523,
        "min": 0.01708984375,
        "stdev": 0.0644031465054
    },
    "barkbands": {
        "max": [0.000933132600039, 0.00115632789675, 0.00172881467734, 0.00578110292554, 0.0190041940659, 0.035024985671, 0.027198029682, 0.057531055063, 0.0216029584408, 0.0279408600181, 0.0163336843252, 0.0121082402766, 0.0129695273936, 0.0133961681277, 0.00545388227329, 0.00437262840569, 0.00605347752571, 0.0032764475327, 0.00251839705743, 0.00259077711962, 0.00706386798993, 0.00406237645075, 0.000492201186717, 2.63760593953e-05, 1.20569029605e-05, 2.89753438665e-06, 3.37511409043e-07],
        "mean": [1.99028818315e-05, 5.28300843143e-05, 0.000187860234291, 0.000561678083614, 0.00169971957803, 0.00192142988089, 0.00207279017195, 0.00291700940579, 0.00128668011166, 0.000746478908695, 0.00064870523056, 0.000653071037959, 0.000561669876333, 0.000737540482078, 0.000363471888704, 0.00029870835715, 0.000382171012461, 0.000166309720953, 0.00015024728782, 0.000126234983327, 0.000122729717987, 6.8512854341e-05, 1.18382686196e-05, 3.17126523441e-06, 2.83337112705e-06, 2.85597792526e-07, 5.75962788574e-09],
        "min": [5.68876786608e-25, 8.13817703249e-24, 5.93125108657e-24, 4.93102515699e-24, 2.66413473823e-23, 2.10912423306e-23, 2.87953541721e-23, 1.76037324449e-23, 1.91778712491e-23, 3.07608579154e-23, 3.96276892e-23, 4.99099988503e-23, 5.88313467343e-23, 5.95127016754e-23, 3.48082066084e-23, 9.20799216906e-23, 1.27258359654e-22, 1.33092547718e-22, 1.9249170391e-22, 2.19513660901e-22, 3.20660623619e-22, 5.09111087774e-22, 4.52689786836e-22, 6.90892559702e-22, 1.00991452358e-21, 1.51880972853e-21, 2.06482678392e-21],
        "stdev": [7.18804149074e-05, 8.91327654244e-05, 0.000281802320387, 0.000831906276289, 0.00248395255767, 0.00397453224286, 0.00449893902987, 0.00652814237401, 0.00326891709119, 0.0025468817912, 0.00161336909514, 0.00128212722484, 0.00121559947729, 0.00155582500156, 0.000575223297346, 0.000448091508588, 0.000689124804921, 0.000302826549159, 0.000246446026722, 0.000250714423601, 0.000505377480295, 0.000359383848263, 4.22462180723e-05, 3.59183172804e-06, 1.74657736807e-06, 4.37545622844e-07, 1.84002466597e-08]
    },
    "erbbands": {
        "max": [0.0234967265278, 0.322720497847, 1.14031171799, 11.3641300201, 40.4056091309, 67.5819396973, 170.252487183, 412.633331299, 495.967132568, 620.236083984, 1352.83874512, 607.088562012, 746.525024414, 645.97277832, 810.316345215, 432.975799561, 655.452026367, 683.511108398, 285.08416748, 157.336074829, 256.516723633, 194.652481079, 145.898284912, 115.069244385, 118.821182251, 120.249084473, 313.738128662, 196.013183594, 191.164535522, 97.5797119141, 9.00951766968, 0.92023897171, 0.33874219656, 0.187528669834, 0.0998116731644, 0.025344023481, 0.00353272212669, 0.000581639294978, 4.83434232592e-05, 7.59184476919e-05],
        "mean": [0.000872162287124, 0.016360072419, 0.161389827728, 1.15640175343, 3.49668312073, 5.89510536194, 10.7818403244, 16.6164035797, 29.7734489441, 38.2258148193, 63.123790741, 30.9992866516, 24.1290912628, 21.277961731, 29.2258968353, 31.913608551, 27.8521175385, 40.8932228088, 23.4566650391, 15.8662624359, 19.8606834412, 16.0669612885, 9.8847951889, 8.32886695862, 7.6263794899, 6.46695661545, 5.135825634, 4.39619350433, 2.71830892563, 1.18923735619, 0.258724093437, 0.0899634510279, 0.0461779087782, 0.0304950792342, 0.0204636864364, 0.00304719712585, 0.000277276325505, 3.86382234865e-05, 9.87081057247e-06, 1.89115289686e-05],
        "min": [2.13711027275e-22, 9.73944586764e-22, 5.75061212505e-21, 1.80999202618e-20, 3.21678391007e-20, 9.96156421851e-20, 1.18895852246e-19, 1.9116317147e-19, 3.14548585265e-19, 4.20084294471e-19, 3.72207261562e-19, 4.38948458533e-19, 1.2609915557e-18, 1.56350236245e-18, 1.76050938401e-18, 2.23477524937e-18, 2.86502525118e-18, 3.1351971217e-18, 2.20090199649e-18, 4.41122433939e-18, 5.9039590223e-18, 7.44155915445e-18, 8.40633464445e-18, 7.47751090541e-18, 1.06482430858e-17, 1.23400011464e-17, 1.58236127392e-17, 1.4072977617e-17, 1.52704969159e-17, 1.30564247565e-17, 1.39566478987e-17, 1.05089814394e-17, 1.31661312396e-17, 8.31727541662e-18, 7.40026877981e-18, 4.47282820192e-18, 2.65809340645e-18, 1.15831538402e-18, 2.60834164623e-19, 3.04793954494e-20],
        "stdev": [0.00152113381773, 0.0250706542283, 0.205803245306, 1.61393284798, 5.03244686127, 9.90109539032, 22.3895835876, 36.3490486145, 68.4430236816, 80.0239868164, 143.599807739, 74.7528457642, 67.2683944702, 56.3276596069, 77.9251937866, 54.8390846252, 59.508480072, 82.4234008789, 39.0210266113, 21.4201602936, 29.0517787933, 25.4379615784, 15.914059639, 13.9511556625, 12.2192554474, 11.9994440079, 19.7349319458, 18.9544658661, 14.0615034103, 6.47766542435, 0.77905780077, 0.120361603796, 0.0473120696843, 0.0226166974753, 0.0116357766092, 0.00334755331278, 0.000501787057146, 7.74471991463e-05, 1.04898645077e-05, 1.97147546714e-05]
    },
    "gfcc": {
        "mean": [-104.142555237, 120.433738708, -154.892028809, 18.2282466888, -73.3943252563, -2.49509239197, -50.0818557739, -4.16871738434, -27.1948471069, -4.23778581619, -12.4805793762, -16.3251247406, -4.71501493454],
        "cov": [[31889.5117188, 2592.82299805, -4768.45947266, -108.884246826, -1554.85229492, -814.819946289, -713.31439209, -381.467590332, -345.862976074, -66.2919311523, -360.674865723, -287.698883057, -218.521514893], [2592.82299805, 769.195556641, -259.051971436, -114.435935974, -86.8829421997, -131.273254395, -117.661247253, -11.0258245468, -38.6172332764, -83.3829116821, 28.4267044067, -121.900939941, 32.0564155579], [-4768.45947266, -259.051971436, 1476.06677246, 103.603141785, 94.6563034058, 324.69821167, -100.933891296, 183.159118652, 49.2290153503, 68.4266586304, 19.248336792, 17.8639965057, 71.18724823], [-108.884246826, -114.435935974, 103.603141785, 424.35055542, 27.0464992523, 62.3479537964, -78.2143859863, -83.4370040894, -56.5198135376, 45.9734992981, -18.0117149353, 0.0145557727665, 20.9958190918], [-1554.85229492, -86.8829421997, 94.6563034058, 27.0464992523, 255.921615601, -4.8269443512, 52.4525604248, -45.5232810974, 19.794708252, 13.2073898315, 46.2565727234, -17.9932308197, 2.95486116409], [-814.819946289, -131.273254395, 324.69821167, 62.3479537964, -4.8269443512, 327.082550049, -37.3231315613, 84.9002990723, -39.1355934143, 34.5018310547, -12.747926712, 6.34665155411, -24.8401565552], [-713.31439209, -117.661247253, -100.933891296, -78.2143859863, 52.4525604248, -37.3231315613, 260.656890869, 1.76302707195, 38.7944450378, -50.7929077148, -12.5535144806, 35.2217750549, -35.9832954407], [-381.467590332, -11.0258245468, 183.159118652, -83.4370040894, -45.5232810974, 84.9002990723, 1.76302707195, 156.518798828, 31.2877597809, 1.59606838226, -9.31706142426, -0.805703818798, -4.68933534622], [-345.862976074, -38.6172332764, 49.2290153503, -56.5198135376, 19.794708252, -39.1355934143, 38.7944450378, 31.2877597809, 105.416358948, 34.231552124, -4.9018945694, -1.9541349411, 0.564306914806], [-66.2919311523, -83.3829116821, 68.4266586304, 45.9734992981, 13.2073898315, 34.5018310547, -50.7929077148, 1.59606838226, 34.231552124, 105.588699341, 21.7394313812, -6.19052171707, -8.45533561707], [-360.674865723, 28.4267044067, 19.248336792, -18.0117149353, 46.2565727234, -12.747926712, -12.5535144806, -9.31706142426, -4.9018945694, 21.7394313812, 67.7706375122, 8.539478302, 7.92335510254], [-287.698883057, -121.900939941, 17.8639965057, 0.0145557727665, -17.9932308197, 6.34665155411, 35.2217750549, -0.805703818798, -1.9541349411, -6.19052171707, 8.539478302, 88.2644195557, 18.3242549896], [-218.521514893, 32.0564155579, 71.18724823, 20.9958190918, 2.95486116409, -24.8401565552, -35.9832954407, -4.68933534622, 0.564306914806, -8.45533561707, 7.92335510254, 18.3242549896, 81.8215560913]],
        "icov": [[0.000263342924882, -0.000878155464306, 0.000713288551196, -7.20185780665e-05, 0.000607603171375, -5.22973152783e-07, 0.000399422686314, -8.11622958281e-05, 0.000431748601841, -0.00134769140277, 0.00171474472154, -0.000886445923243, 0.000484387419419], [-0.000878155464306, 0.00626197783276, -0.00197550631128, 0.000529504963197, -0.000200780981686, 2.11598562601e-05, -0.000203500676434, 0.000584851717576, -0.00246407976374, 0.00843759160489, -0.00997536256909, 0.00841468758881, -0.0032876606565], [0.000713288551196, -0.00197550631128, 0.00318763731048, -0.000525379437022, 0.00127961544786, -0.00104499701411, 0.00162962614559, -0.00125482690055, 6.46505868644e-05, -0.00287619419396, 0.00380255375057, -0.00196216139011, 9.52649061219e-05], [-7.20185780665e-05, 0.000529504963197, -0.000525379437022, 0.00381342880428, -0.000537996122148, -0.000245781789999, 0.00015770806931, 0.00212613609619, 0.00234135449864, -0.0020301330369, 0.0021182494238, 0.000444408884505, -0.0013158111833], [0.000607603171375, -0.000200780981686, 0.00127961544786, -0.000537996122148, 0.00876631122082, -0.000843785703182, -0.000514487444889, 0.00282126502134, -0.00166360067669, -6.88948148309e-06, -0.00360028375871, 0.00392346642911, -0.000430446321843], [-5.22973152783e-07, 2.11598562601e-05, -0.00104499701411, -0.000245781789999, -0.000843785703182, 0.00620193500072, -0.00015347354929, -0.00325334118679, 0.00498556811363, -0.00322090298869, 0.00276786717586, -0.00119885185268, 0.00225515314378], [0.000399422686314, -0.000203500676434, 0.00162962614559, 0.00015770806931, -0.000514487444889, -0.00015347354929, 0.00800495408475, -0.000123810808873, -0.00352925132029, 0.00378236244433, 0.00206035678275, -0.00347572285682, 0.00416755629703], [-8.11622958281e-05, 0.000584851717576, -0.00125482690055, 0.00212613609619, 0.00282126502134, -0.00325334118679, -0.000123810808873, 0.0121885035187, -0.0045978971757, 0.00278862495907, -0.00210075755604, 0.00212540477514, -0.000297884485917], [0.000431748601841, -0.00246407976374, 6.46505868644e-05, 0.00234135449864, -0.00166360067669, 0.00498556811363, -0.00352925132029, -0.0045978971757, 0.0215617511421, -0.0154370060191, 0.0117143793032, -0.0028681801632, -0.00101653696038], [-0.00134769140277, 0.00843759160489, -0.00287619419396, -0.0020301330369, -6.88948148309e-06, -0.00322090298869, 0.00378236244433, 0.00278862495907, -0.0154370060191, 0.0311074107885, -0.0223892796785, 0.0105776339769, 8.42220324557e-05], [0.00171474472154, -0.00997536256909, 0.00380255375057, 0.0021182494238, -0.00360028375871, 0.00276786717586, 0.00206035678275, -0.00210075755604, 0.0117143793032, -0.0223892796785, 0.0403089560568, -0.0167405512184, 0.00384314032272], [-0.000886445923243, 0.00841468758881, -0.00196216139011, 0.000444408884505, 0.00392346642911, -0.00119885185268, -0.00347572285682, 0.00212540477514, -0.0028681801632, 0.0105776339769, -0.0167405512184, 0.0269780419767, -0.00929133500904], [0.000484387419419, -0.0032876606565, 9.52649061219e-05, -0.0013158111833, -0.000430446321843, 0.00225515314378, 0.00416755629703, -0.000297884485917, -0.00101653696038, 8.42220324557e-05, 0.00384314032272, -0.00929133500904, 0.0192984882742]]
    },
    "melbands": {
        "max": [0.000236387626501, 0.000521676207427, 0.00199156324379, 0.00329297152348, 0.00550851458684, 0.0082713086158, 0.00637553352863, 0.00708391703665, 0.0089397681877, 0.00362384947948, 0.00403101323172, 0.00306277256459, 0.00222696387209, 0.00142974837217, 0.00108801177703, 0.000941156118643, 0.00151983927935, 0.00052957679145, 0.000226216739975, 0.000276117760222, 0.000325173168676, 0.000308116752421, 0.000230721198022, 0.000238123408053, 9.13664189284e-05, 0.000109278298623, 6.12035219092e-05, 8.93793112482e-05, 0.000200703943847, 0.00018921001174, 0.000101602556242, 0.000136833055876, 0.000101728757727, 3.11614494422e-05, 5.25943278262e-06, 1.37606571116e-06, 4.53265585065e-07, 2.54620715623e-07, 1.74586773483e-07, 1.61071881166e-07],
        "mean": [1.17005101856e-05, 7.2961243859e-05, 0.000265415001195, 0.000339222984621, 0.000354266812792, 0.000392267218558, 0.000440772389993, 0.000467639940325, 0.000481456401758, 0.0001727292547, 0.00011973814253, 8.69084906299e-05, 9.08720394364e-05, 8.55738544487e-05, 7.13543122401e-05, 5.15281426487e-05, 8.06253301562e-05, 3.87249710911e-05, 2.00515369215e-05, 2.20942947635e-05, 2.5498242394e-05, 1.88607482414e-05, 1.04273458419e-05, 9.60774195846e-06, 6.07734909863e-06, 5.83545670452e-06, 4.51188589068e-06, 4.23822393714e-06, 3.22939490616e-06, 2.76070204563e-06, 2.53859639088e-06, 1.62111211921e-06, 1.11361930522e-06, 4.52519941518e-07, 1.5021788613e-07, 7.12235035394e-08, 4.6994429681e-08, 3.17548618511e-08, 2.93016828579e-08, 2.30236505416e-08],
        "min": [3.31947501878e-24, 3.61462574875e-24, 3.81677530001e-24, 5.15896690998e-24, 4.4756674268e-24, 5.19538585697e-24, 5.80136434967e-24, 4.38253056402e-24, 3.19350517348e-24, 2.43408278231e-24, 6.83128300372e-24, 6.48487445872e-24, 5.35262792348e-24, 4.68390422324e-24, 6.05460526632e-24, 4.66392000993e-24, 5.80105038303e-24, 3.28752023566e-24, 3.42933376059e-24, 6.39848196225e-24, 6.77613689328e-24, 6.72519541147e-24, 6.01521152487e-24, 7.32999850142e-24, 4.95939890603e-24, 5.40310989382e-24, 7.46775964788e-24, 6.50562071167e-24, 8.46570734717e-24, 6.70874529501e-24, 7.06887292002e-24, 8.21400944245e-24, 8.5803106929e-24, 7.05810970183e-24, 7.59724012142e-24, 5.27733115008e-24, 6.45180304299e-24, 7.91949295665e-24, 7.654001819e-24, 6.11177164954e-24],
        "stdev": [1.94451331481e-05, 9.04255866772e-05, 0.000322980078636, 0.000488043035148, 0.00067799014505, 0.000832836783957, 0.00096199096879, 0.000999826239422, 0.00106932397466, 0.000442127522547, 0.000355325988494, 0.000258895539446, 0.000224707429879, 0.000165605000802, 0.00013054079318, 9.95362570393e-05, 0.000171598934685, 6.81478195474e-05, 2.80257772829e-05, 3.37285709975e-05, 4.21886797994e-05, 3.42567509506e-05, 2.25888343266e-05, 2.04905427381e-05, 1.11754825411e-05, 1.00740689959e-05, 7.31677027943e-06, 8.398646969e-06, 1.27767389131e-05, 1.21011507872e-05, 1.11924382509e-05, 8.89167313289e-06, 6.5454291871e-06, 2.25606027016e-06, 4.37650157892e-07, 1.17332547234e-07, 5.7249447849e-08, 3.43064954222e-08, 2.49912943673e-08, 1.78058403577e-08]
    },
    "melbands128": {
        "max": [0.000231902551604, 0.000194988635485, 0.000292964454275, 0.000657410069834, 0.000457447604276, 0.00113994197454, 0.0024951887317, 0.00309432134964, 0.00558130815625, 0.00474767573178, 0.00531596969813, 0.00896898191422, 0.00792788900435, 0.0106545351446, 0.0100067313761, 0.0140885142609, 0.0154410460964, 0.0101925581694, 0.0109209781513, 0.0100511852652, 0.0140655636787, 0.0240969434381, 0.0108334142715, 0.00758988363668, 0.00682036858052, 0.00569461472332, 0.00624969508499, 0.0055439309217, 0.00965958461165, 0.0072055188939, 0.0017457153881, 0.00345148076303, 0.00183336937334, 0.00576947862282, 0.00357833853923, 0.00242737890221, 0.00133700214792, 0.00136810750701, 0.00266427849419, 0.00207578274421, 0.000549044052605, 0.00265370775014, 0.00124321924523, 0.00324138533324, 0.000489174039103, 0.000920242920984, 0.000529240642209, 0.000179004782694, 0.000195551168872, 0.000326447508996, 0.000470782601042, 0.000390033383155, 0.000406502222177, 0.000441810640041, 0.00103097746614, 0.000137100825668, 0.000199184403755, 0.00055058626458, 8.81663800101e-05, 6.75136325299e-05, 0.000426297832746, 0.000223112598178, 0.000201152215595, 0.000149103696458, 0.000120898715977, 0.000129321138957, 0.0001018033945, 9.14770134841e-05, 6.21011058684e-05, 0.000106635794509, 8.29970667837e-05, 0.000131926964968, 0.000174448941834, 0.000287939765258, 0.000154936729814, 0.000214761006646, 0.000204024559935, 0.000121436394693, 0.000144195160829, 0.000136861490319, 0.000141554381116, 0.000168536033016, 7.10657332093e-05, 0.000142731500091, 9.83208738035e-05, 3.76957068511e-05, 1.99027308554e-05, 1.07185260276e-05, 3.76272646463e-06, 3.30009152094e-06, 2.1784285309e-06, 8.63026855313e-07, 6.81567257743e-07, 5.31819807748e-07, 5.18114063652e-07, 2.9399785717e-07, 2.99532530335e-07, 2.65061515847e-07, 2.12946886791e-07, 2.05495567229e-07, 2.00191493605e-07, 1.70073946038e-07, 1.21404639231e-07, 1.33557762183e-07, 1.22998429219e-07, 1.38019430551e-07, 1.11637710631e-07, 7.63059730957e-08, 4.37317027036e-08, 1.84320789742e-08, 1.80793211513e-08, 1.41158924549e-08, 1.06271986766e-08, 1.01553663256e-08, 9.1610132813e-09, 7.11644432272e-09, 3.56671359114e-09, 1.57921919985e-09, 1.53543922021e-09, 1.49459800092e-09, 1.45825607145e-09, 1.42659539737e-09, 1.39677513999e-09, 1.3740882876e-09, 1.35397915102e-09, 1.33781963285e-09, 1.32556043919e-09, 1.31787214475e-09],
        "mean": [6.65361540086e-06, 5.17719172421e-06, 1.11202734843e-05, 2.88106566586e-05, 4.9024958571e-05, 0.000109929940663, 0.000215866806684, 0.000301230262266, 0.000364081613952, 0.00034792322549, 0.000320733088301, 0.000318629696267, 0.000386452302337, 0.000373276881874, 0.000316083489452, 0.000425578706199, 0.000554758007638, 0.000425556761911, 0.000336609897204, 0.000390955858165, 0.000539309112355, 0.00066445505945, 0.000507290998939, 0.000267205119599, 0.000193360436242, 0.00012322080147, 0.000137023191201, 0.000112298446766, 0.000113233007141, 0.000113223657536, 5.78709004913e-05, 7.34500499675e-05, 9.26388020162e-05, 0.000125864884467, 4.48892205895e-05, 0.000107529551315, 9.57314405241e-05, 3.55476477125e-05, 0.000100807599665, 5.21225229022e-05, 2.50731518463e-05, 7.22524928278e-05, 8.13013757579e-05, 0.000112271183752, 1.59933588293e-05, 4.23843557655e-05, 3.66530148312e-05, 1.14004851639e-05, 1.60718773259e-05, 2.59949356405e-05, 2.35965253523e-05, 1.77902256837e-05, 1.90604459931e-05, 3.10034592985e-05, 3.66696258425e-05, 1.03300926639e-05, 1.03032534753e-05, 1.97681838472e-05, 5.22060418007e-06, 4.24996960646e-06, 1.4307199308e-05, 7.96455060481e-06, 8.71141855896e-06, 4.57018813904e-06, 3.88587295674e-06, 6.49308594802e-06, 6.67981430524e-06, 4.85558575747e-06, 3.42660337083e-06, 5.13938357471e-06, 4.34670982941e-06, 4.02901650887e-06, 2.8933802696e-06, 3.55376096195e-06, 2.93335506285e-06, 2.90585535367e-06, 2.64114760284e-06, 2.24126574722e-06, 3.17143599204e-06, 2.03556191991e-06, 1.64727339325e-06, 1.50672417476e-06, 1.20260051517e-06, 1.22094115795e-06, 9.47512035054e-07, 5.00462931541e-07, 3.21546821169e-07, 2.2897407348e-07, 1.32077175863e-07, 1.01997699176e-07, 8.14176956965e-08, 6.37085264543e-08, 5.01033987632e-08, 4.95329821604e-08, 4.46670327392e-08, 3.15362314041e-08, 3.09482253158e-08, 2.7933472424e-08, 2.81689427339e-08, 3.4258341941e-08, 2.19997247086e-08, 2.18624993664e-08, 2.15854623065e-08, 3.73294213318e-08, 2.94959452418e-08, 1.48824401691e-08, 1.08924362863e-08, 6.99420610317e-09, 4.11558120916e-09, 1.06557107582e-09, 7.88835941012e-10, 7.30249027914e-10, 6.32739749484e-10, 5.48541712053e-10, 4.90708140788e-10, 4.14675932481e-10, 1.92099433582e-10, 5.70902309802e-12, 5.13829647233e-12, 4.99958841688e-12, 4.87428847284e-12, 4.76260567442e-12, 4.66144961173e-12, 4.57783073601e-12, 4.50914956415e-12, 4.451961369e-12, 4.41027032602e-12, 4.38399620425e-12],
        "min": [4.68662608918e-25, 2.15654554142e-24, 1.34986702936e-24, 1.24798002282e-24, 1.35045897086e-24, 2.72721797266e-24, 2.93143710052e-24, 1.40701822701e-24, 2.2328794697e-24, 1.8242534651e-24, 4.67956233282e-24, 6.68003943553e-24, 3.26118983358e-24, 1.50311400843e-24, 1.44199908056e-24, 7.21972994637e-25, 2.58312917567e-24, 3.11800842384e-24, 1.54664325457e-24, 5.69836672558e-24, 3.37149763447e-24, 1.49852579619e-24, 8.83049319583e-25, 4.05563133806e-24, 2.28693419108e-24, 1.26446751156e-24, 3.03793983082e-24, 2.39511048979e-24, 1.35390944846e-24, 3.81600142747e-24, 3.99684266239e-24, 3.79446434146e-24, 3.02362456919e-24, 3.46299327213e-24, 4.57470851902e-24, 2.60140412461e-24, 3.66886585244e-24, 2.16914148071e-24, 1.21480911201e-24, 2.9489470516e-24, 3.46932388089e-24, 9.32627649754e-25, 5.48158814325e-24, 1.9990547865e-24, 1.68981953672e-24, 2.04798467301e-24, 3.42887779899e-24, 2.56459646642e-24, 1.18610897177e-24, 6.97001050479e-24, 3.2912535199e-24, 4.7948878807e-24, 3.924214211e-24, 5.21266940497e-24, 5.34736977112e-24, 3.87957927769e-24, 7.55867428949e-24, 4.95620717481e-24, 2.54887565187e-24, 4.55699464739e-24, 6.93775792668e-24, 2.53021475273e-24, 3.48162537785e-24, 3.67207888291e-24, 3.98435381097e-24, 6.77783609967e-24, 5.03070049338e-24, 7.2831977505e-24, 3.25014124496e-24, 6.92963502594e-24, 3.19991742935e-24, 2.09920048121e-24, 5.90943119394e-24, 8.01693699997e-24, 4.70271776697e-24, 4.46741988603e-24, 3.72644520434e-24, 4.98603794994e-24, 3.74627913965e-24, 5.21133425789e-24, 4.30969306449e-24, 6.04816697805e-24, 4.36205173492e-24, 7.81163989369e-24, 5.67862350927e-24, 4.26855909588e-24, 5.68080786512e-24, 3.78769946477e-24, 5.61398148569e-24, 5.13318220244e-24, 3.48734856372e-24, 4.43732799794e-24, 5.84603557058e-24, 4.75377363361e-24, 9.72031409742e-24, 5.41121031203e-24, 5.50241407115e-24, 6.69684611712e-24, 6.5715481841e-24, 6.76097814213e-24, 5.95811771685e-24, 5.00002603151e-24, 4.1917484984e-24, 7.82230765971e-24, 5.97301929935e-24, 7.14272055594e-24, 5.55938363357e-24, 5.97405231271e-24, 6.06102619966e-24, 8.30301188522e-24, 6.15328939898e-24, 7.7007686489e-24, 7.75128887899e-24, 7.77000539283e-24, 7.91514869964e-24, 7.17834630328e-24, 5.48344117752e-24, 7.79638016834e-24, 7.27333304488e-24, 5.70127525574e-24, 5.93221704675e-24, 7.67412644955e-24, 6.26421665289e-24, 5.97084953743e-24, 8.81224763195e-24, 7.46979964218e-24, 7.26028844095e-24, 8.31159548073e-24],
        "stdev": [1.94519125216e-05, 1.18484485938e-05, 2.22581147682e-05, 5.08568955411e-05, 7.0533969847e-05, 0.000174606000655, 0.000360680714948, 0.000450584135251, 0.000639403355308, 0.000658853270579, 0.000670315115713, 0.000787997036241, 0.000933978299145, 0.00102270231582, 0.000788417179137, 0.00133084261324, 0.00167352880817, 0.00111816800199, 0.00105418323074, 0.00106890290044, 0.001554048853, 0.00195954320952, 0.00133548339363, 0.00086128001567, 0.000630409922451, 0.000448147766292, 0.000440878240624, 0.000390444067307, 0.0006430830108, 0.000484080577735, 0.000161167423357, 0.000215665422729, 0.000219898647629, 0.00051034882199, 0.000217894456, 0.000241601926973, 0.000195313768927, 8.80632142071e-05, 0.000290077499812, 0.000147517275764, 4.54511246062e-05, 0.00023698930454, 0.000166505051311, 0.000325852946844, 3.56965028914e-05, 9.29126108531e-05, 6.98199000908e-05, 2.35511706705e-05, 2.64574919129e-05, 4.46396225016e-05, 4.81302340631e-05, 3.46989945683e-05, 3.76522621082e-05, 6.10050956311e-05, 0.000100961377029, 1.90081955225e-05, 2.15821110032e-05, 5.58082865609e-05, 9.14711654332e-06, 7.97557913756e-06, 3.67036554962e-05, 1.97466051759e-05, 1.98290399567e-05, 1.12446459752e-05, 1.03051243059e-05, 1.30107537188e-05, 1.21793527796e-05, 1.05056915345e-05, 6.95117705618e-06, 9.51709535002e-06, 7.90265767137e-06, 1.06746174424e-05, 1.14817084977e-05, 1.80140632438e-05, 1.10009186756e-05, 1.25171318359e-05, 1.38086934385e-05, 1.09468319351e-05, 1.4282556549e-05, 9.91191245703e-06, 9.48568231252e-06, 9.94251968223e-06, 5.84231338507e-06, 8.18598255137e-06, 6.27333201919e-06, 2.44192506216e-06, 1.42647286339e-06, 8.91212607712e-07, 3.21258596614e-07, 2.2771030217e-07, 1.53902561806e-07, 9.83198873428e-08, 7.28734903532e-08, 6.49545626175e-08, 5.28752082118e-08, 3.6065650022e-08, 3.53218752025e-08, 3.43212960274e-08, 2.83852958916e-08, 2.44489637424e-08, 2.09002362084e-08, 1.90274160872e-08, 1.73592020758e-08, 1.8768144372e-08, 1.57514268295e-08, 1.39846978442e-08, 1.2463391208e-08, 9.69270530504e-09, 6.40810249308e-09, 2.2211272821e-09, 1.91012383688e-09, 1.68863623085e-09, 1.437953423e-09, 1.26112209564e-09, 1.1347660589e-09, 9.45088007853e-10, 4.55184778758e-10, 6.73558292474e-11, 6.54601026162e-11, 6.37184957575e-11, 6.21689019709e-11, 6.0818405867e-11, 5.95476098986e-11, 5.85800644104e-11, 5.77229444798e-11, 5.70339019068e-11, 5.65116356488e-11, 5.61841406732e-11]
    },
    "mfcc": {
        "mean": [-719.243591309, 142.734512329, -26.4787349701, 12.4749145508, -9.93291759491, -6.12885904312, -11.6882534027, -13.2957830429, -9.27683639526, -4.97843551636, -5.79462528229, -4.34781694412, -2.83033752441],
        "cov": [[13160.0830078, 1663.66821289, -2182.0625, 302.266845703, -925.236816406, -147.332092285, -468.534393311, -273.401397705, -125.440475464, -112.574417114, -80.493560791, 46.1761436462, 26.327375412], [1663.66821289, 1026.18359375, -91.4864273071, -89.4522628784, -5.00112915039, -202.998687744, -35.92760849, -40.8295669556, -29.5982284546, 29.962808609, -80.4653167725, -3.13972067833, 43.4521217346], [-2182.0625, -91.4864273071, 1081.28320312, -68.8541259766, 303.900054932, 26.5313968658, 44.7224273682, 26.3953399658, 74.1387786865, 61.7781105042, 5.97840690613, -14.4299879074, -22.3230113983], [302.266845703, -89.4522628784, -68.8541259766, 323.519897461, 15.2201623917, 71.0168609619, -32.0503463745, -82.0022201538, -30.7294330597, -28.6575431824, -49.2108573914, -30.1542797089, 29.9510154724], [-925.236816406, -5.00112915039, 303.900054932, 15.2201623917, 313.745544434, 42.6188278198, 26.6038341522, -71.9934844971, -23.2184143066, 55.6360282898, -6.00605392456, -17.636631012, -13.5439052582], [-147.332092285, -202.998687744, 26.5313968658, 71.0168609619, 42.6188278198, 192.221466064, 47.1965026855, -8.67469024658, -11.4942092896, -21.3077297211, 38.7181968689, -10.9236631393, -37.4139938354], [-468.534393311, -35.92760849, 44.7224273682, -32.0503463745, 26.6038341522, 47.1965026855, 124.043144226, 58.4708137512, -8.96342468262, -9.79440879822, 19.1446323395, 8.86423492432, -21.1443042755], [-273.401397705, -40.8295669556, 26.3953399658, -82.0022201538, -71.9934844971, -8.67469024658, 58.4708137512, 149.598632812, 47.4081230164, -25.7065868378, 20.1528835297, 0.620565116405, -12.7081413269], [-125.440475464, -29.5982284546, 74.1387786865, -30.7294330597, -23.2184143066, -11.4942092896, -8.96342468262, 47.4081230164, 89.756401062, 35.0573158264, -4.32851314545, 5.51719856262, 11.7079496384], [-112.574417114, 29.962808609, 61.7781105042, -28.6575431824, 55.6360282898, -21.3077297211, -9.79440879822, -25.7065868378, 35.0573158264, 99.8358917236, 24.1967258453, 15.9505939484, 10.9060716629], [-80.493560791, -80.4653167725, 5.97840690613, -49.2108573914, -6.00605392456, 38.7181968689, 19.1446323395, 20.1528835297, -4.32851314545, 24.1967258453, 102.363487244, 30.4340343475, -33.3449440002], [46.1761436462, -3.13972067833, -14.4299879074, -30.1542797089, -17.636631012, -10.9236631393, 8.86423492432, 0.620565116405, 5.51719856262, 15.9505939484, 30.4340343475, 58.1759681702, 19.4544048309], [26.327375412, 43.4521217346, -22.3230113983, 29.9510154724, -13.5439052582, -37.4139938354, -21.1443042755, -12.7081413269, 11.7079496384, 10.9060716629, -33.3449440002, 19.4544048309, 87.6143722534]],
        "icov": [[0.000253092526691, -0.000489607919008, 0.000309564900817, -0.000201245915378, 0.000478198606288, -0.000578755803872, 0.000857741513755, 2.80340263998e-05, 8.84756809683e-06, -0.000126898856252, 0.000170751285623, -0.000593390432186, 0.000563640787732], [-0.000489607919008, 0.00230291392654, -0.000519012508448, 0.000740503426641, -0.000880222476553, 0.00228438223712, -0.00193607911933, 0.000225302253966, 0.000738335598726, -0.000352431758074, 0.000577803235501, 0.00131571397651, -0.00110254948959], [0.000309564900817, -0.000519012508448, 0.0019463399658, -0.00010893693252, -0.00131886918098, -0.000329074915498, 0.000870115705766, -9.96713570203e-05, -0.00200638920069, 0.000777567212936, -0.000291311676847, -0.000556046084967, 0.000732574844733], [-0.000201245915378, 0.000740503426641, -0.00010893693252, 0.00516443233937, 9.15863984119e-06, -0.00155297550373, -0.000527654599864, 0.00249139661901, 0.00017067999579, 0.000881117244717, 0.00120916229207, 0.00265723117627, -0.00279004499316], [0.000478198606288, -0.000880222476553, -0.00131886918098, 9.15863984119e-06, 0.0080575523898, -0.00251691741869, -0.000184334348887, 0.00243991566822, 0.00374904531054, -0.00490580126643, 0.00231844000518, 0.000564465706702, 0.00130059290677], [-0.000578755803872, 0.00228438223712, -0.000329074915498, -0.00155297550373, -0.00251691741869, 0.0124061405659, -0.0076583060436, 0.00501201488078, -0.00571970455348, 0.00599081302062, -0.00719746155664, 0.00524504715577, -0.000609798356891], [0.000857741513755, -0.00193607911933, 0.000870115705766, -0.000527654599864, -0.000184334348887, -0.0076583060436, 0.0196705479175, -0.0120855290443, 0.00952557753772, -0.00581979379058, 0.00670160353184, -0.00967403128743, 0.0049500586465], [2.80340263998e-05, 0.000225302253966, -9.96713570203e-05, 0.00249139661901, 0.00243991566822, 0.00501201488078, -0.0120855290443, 0.0225220303982, -0.0160650517792, 0.0119789838791, -0.00970854144543, 0.0089090783149, -0.00314720813185], [8.84756809683e-06, 0.000738335598726, -0.00200638920069, 0.00017067999579, 0.00374904531054, -0.00571970455348, 0.00952557753772, -0.0160650517792, 0.030801627785, -0.0184561796486, 0.0127570815384, -0.00669357599691, 0.00169016572181], [-0.000126898856252, -0.000352431758074, 0.000777567212936, 0.000881117244717, -0.00490580126643, 0.00599081302062, -0.00581979379058, 0.0119789838791, -0.0184561796486, 0.025839118287, -0.0135410344228, 0.00443075783551, -0.00464476644993], [0.000170751285623, 0.000577803235501, -0.000291311676847, 0.00120916229207, 0.00231844000518, -0.00719746155664, 0.00670160353184, -0.00970854144543, 0.0127570815384, -0.0135410344228, 0.0261552426964, -0.01566770114, 0.0100826891139], [-0.000593390432186, 0.00131571397651, -0.000556046084967, 0.00265723117627, 0.000564465706702, 0.00524504715577, -0.00967403128743, 0.0089090783149, -0.00669357599691, 0.00443075783551, -0.01566770114, 0.0335744693875, -0.0133147239685], [0.000563640787732, -0.00110254948959, 0.000732574844733, -0.00279004499316, 0.00130059290677, -0.000609798356891, 0.0049500586465, -0.00314720813185, 0.00169016572181, -0.00464476644993, 0.0100826891139, -0.0133147239685, 0.0207564346492]]
    },
    "spectral_contrast_coeffs": {
        "max": [-0.469747066498, -0.440742611885, -0.477896481752, -0.647070229053, -0.675434350967, -0.413311481476],
        "mean": [-0.658308506012, -0.75626206398, -0.791187882423, -0.802917063236, -0.810391068459, -0.777417600155],
        "min": [-0.973501324654, -0.96991789341, -0.970143437386, -0.973374247551, -0.96767193079, -0.962133467197],
        "stdev": [0.0856362655759, 0.0818914920092, 0.0709882900119, 0.0581827014685, 0.0521971806884, 0.0779148414731]
    },
    "spectral_contrast_valleys": {
        "max": [-6.45354604721, -5.02826595306, -5.67205762863, -6.10086774826, -6.23691272736, -10.1084918976],
        "mean": [-8.10249900818, -7.085978508, -7.9039106369, -8.09473514557, -8.39964675903, -11.5653505325],
        "min": [-28.0771923065, -27.4719924927, -27.5917682648, -27.778629303, -27.340675354, -27.4104366302],
        "stdev": [2.58451604843, 2.73814344406, 2.63844180107, 2.59960842133, 2.55906009674, 2.12836694717]
    }
},
"rhythm": {
    "beats_count": 19,
    "beats_loudness": {
        "max": 0.0591605715454,
        "mean": 0.0213592089713,
        "min": 0.000307573296595,
        "stdev": 0.017213108018
    },
    "bpm": 90.5048370361,
    "bpm_histogram_first_peak_bpm": 91,
    "bpm_histogram_first_peak_weight": 0.333333313465,
    "bpm_histogram_second_peak_bpm": 110,
    "bpm_histogram_second_peak_spread": 0,
    "bpm_histogram_second_peak_weight": 0.222222223878,
    "danceability": 0.891268849373,
    "onset_rate": 3.4484474659,
    "beats_loudness_band_ratio": {
        "max": [0.708935916424, 0.77125620842, 0.655055940151, 0.706673324108, 0.244949385524, 0.364549487829],
        "mean": [0.1418056041, 0.290610432625, 0.313044667244, 0.190856099129, 0.0995569825172, 0.0373962968588],
        "min": [0.00471572903916, 0.0201449543238, 0.018385194242, 0.00328354677185, 0.00523802824318, 0.00196189433336],
        "stdev": [0.166471332312, 0.239286020398, 0.197622537613, 0.191868409514, 0.0680027231574, 0.0782188177109]
    },
    "beats_position": [0.731428563595, 1.46285712719, 2.19428563118, 2.93732428551, 3.61070299149, 4.27247142792, 4.93424034119, 5.60761880875, 6.28099775314, 6.94276618958, 7.60453510284, 8.25469398499, 8.90485286713, 9.45052146912, 9.99619007111, 10.5418596268, 11.0875282288, 11.5983667374, 12.1208162308],
