{
"metadata": {
    "version": {
        "essentia": "2.1-beta5",
        "essentia_git_sha": "Undefined",
        "extractor": "music 2.0"
    },
    "audio_properties": {
        "analysis": {
            "equal_loudness": 0,
            "length": 12.7477550507,
            "sample_rate": 44100,
            "start_time": 0,
            "downmix": "mix"
        },
        "bit_rate": 192000,
        "length": 179.072296143,
        "lossless": 0,
        "number_channels": 2,
        "replay_gain": -7.89456176758,
        "sample_rate": 44100,
        "codec": "mp3",
        "md5_encoded": "dc2cc6e9e354e8c30246338a86a6c943"
    },
    "tags": {
        "file_name": "United KingdomUK_Only The Light_Rikki.mp3",
        "encoding": ["Lavf58.29.100"]
    }
},
"lowlevel": {
    "average_loudness": 0.880002617836,
    "barkbands_crest": {
        "max": 26.3364448547,
        "mean": 14.4753961563,
        "min": 2.61357712746,
        "stdev": 5.59833908081
    },
    "barkbands_flatness_db": {
        "max": 0.388380259275,
        "mean": 0.21167626977,
        "min": 0.0408444143832,
        "stdev": 0.0595155097544
    },
    "barkbands_kurtosis": {
        "max": 190.990219116,
        "mean": 9.97640037537,
        "min": -1.84300541878,
        "stdev": 18.9800949097
    },
    "barkbands_skewness": {
        "max": 11.6427583694,
        "mean": 1.94999206066,
        "min": -2.14562082291,
        "stdev": 1.74678599834
    },
    "barkbands_spread": {
        "max": 72.1176605225,
        "mean": 10.2513084412,
        "min": 0.697694003582,
        "stdev": 11.0128889084
    },
    "dissonance": {
        "max": 0.499980032444,
        "mean": 0.421162843704,
        "min": 0.216421246529,
        "stdev": 0.0498827472329
    },
    "dynamic_complexity": 6.72485303879,
    "erbbands_crest": {
        "max": 31.11876297,
        "mean": 13.0865116119,
        "min": 2.73918867111,
        "stdev": 6.24747991562
    },
    "erbbands_flatness_db": {
        "max": 0.353548139334,
        "mean": 0.229773908854,
        "min": 0.0866024270654,
        "stdev": 0.0552515201271
    },
    "erbbands_kurtosis": {
        "max": 43.1791954041,
        "mean": 3.4921939373,
        "min": -1.61185979843,
        "stdev": 5.61726093292
    },
    "erbbands_skewness": {
        "max": 5.85108757019,
        "mean": 1.10354101658,
        "min": -1.13003396988,
        "stdev": 1.01877725124
    },
    "erbbands_spread": {
        "max": 102.623123169,
        "mean": 20.6108016968,
        "min": 2.32646465302,
        "stdev": 12.9680089951
    },
    "hfc": {
        "max": 74.6921463013,
        "mean": 10.8069467545,
        "min": 1.20115584963e-16,
        "stdev": 13.087896347
    },
    "loudness_ebu128": {
        "integrated": -17.1269645691,
        "loudness_range": 6.73791313171,
        "momentary": {
            "max": -13.4383602142,
            "mean": -21.4540538788,
            "min": -41.7860946655,
            "stdev": 7.290579319
        },
        "short_term": {
            "max": -15.7562122345,
            "mean": -18.5956134796,
            "min": -32.2378044128,
            "stdev": 3.12707781792
        }
    },
    "melbands_crest": {
        "max": 31.1485881805,
        "mean": 16.3998889923,
        "min": 1.72006547451,
        "stdev": 5.96393537521
    },
    "melbands_flatness_db": {
        "max": 0.425987392664,
        "mean": 0.246953904629,
        "min": 0.00132551277056,
        "stdev": 0.0649411380291
    },
    "melbands_kurtosis": {
        "max": 210.820159912,
        "mean": 13.0987758636,
        "min": -1.29460227489,
        "stdev": 23.5647411346
    },
    "melbands_skewness": {
        "max": 10.9644203186,
        "mean": 2.10333919525,
        "min": -1.00805282593,
        "stdev": 1.78241693974
    },
    "melbands_spread": {
        "max": 144.573699951,
        "mean": 14.1287403107,
        "min": 0.804130375385,
        "stdev": 17.6187705994
    },
    "pitch_salience": {
        "max": 0.987451732159,
        "mean": 0.484139472246,
        "min": 0.113053150475,
        "stdev": 0.141428023577
    },
    "silence_rate_20dB": {
        "max": 1,
        "mean": 1,
        "min": 1,
        "stdev": 0
    },
    "silence_rate_30dB": {
        "max": 1,
        "mean": 1,
        "min": 1,
        "stdev": 0
    },
    "silence_rate_60dB": {
        "max": 1,
        "mean": 0.259999990463,
        "min": 0,
        "stdev": 0.438631206751
    },
    "spectral_centroid": {
        "max": 10999.1044922,
        "mean": 843.883178711,
        "min": 274.289520264,
        "stdev": 962.020019531
    },
    "spectral_complexity": {
        "max": 29,
        "mean": 9.84909057617,
        "min": 0,
        "stdev": 5.71894454956
    },
    "spectral_decrease": {
        "max": 1.82779851741e-28,
        "mean": -4.39023839505e-09,
        "min": -2.4028556922e-08,
        "stdev": 4.72885153258e-09
    },
    "spectral_energy": {
        "max": 0.0974640622735,
        "mean": 0.0175499971956,
        "min": 1.03530474767e-20,
        "stdev": 0.0189101696014
    },
    "spectral_energyband_high": {
        "max": 0.00274501275271,
        "mean": 7.31763720978e-05,
        "min": 7.92507043044e-21,
        "stdev": 0.000260106840869
    },
    "spectral_energyband_low": {
        "max": 0.00314728566445,
        "mean": 0.00019523674564,
        "min": 3.1982251255e-23,
        "stdev": 0.000244543509325
    },
    "spectral_energyband_middle_high": {
        "max": 0.0691044926643,
        "mean": 0.00404834793881,
        "min": 1.1944399188e-21,
        "stdev": 0.00859118532389
    },
    "spectral_energyband_middle_low": {
        "max": 0.0886669158936,
        "mean": 0.0136640127748,
        "min": 1.77984829542e-22,
        "stdev": 0.016010357067
    },
    "spectral_entropy": {
        "max": 9.8103017807,
        "mean": 6.9736084938,
        "min": 5.33597373962,
        "stdev": 0.560745477676
    },
    "spectral_flux": {
        "max": 0.311953306198,
        "mean": 0.0570404604077,
        "min": 7.07989777915e-11,
        "stdev": 0.0469595715404
    },
    "spectral_kurtosis": {
        "max": 23.1752319336,
        "mean": 8.21183872223,
        "min": -1.21466064453,
        "stdev": 4.13063097
    },
    "spectral_rms": {
        "max": 0.00975125096738,
        "mean": 0.00344538153149,
        "min": 3.17813375443e-12,
        "stdev": 0.00229157065041
    },
    "spectral_rolloff": {
        "max": 19272.2167969,
        "mean": 1253.31152344,
        "min": 236.865234375,
        "stdev": 2169.29541016
    },
    "spectral_skewness": {
        "max": 3.72494244576,
        "mean": 2.23012638092,
        "min": 0.00472351163626,
        "stdev": 0.556561112404
    },
    "spectral_spread": {
        "max": 40715564,
        "mean": 4200634,
        "min": 1977143,
        "stdev": 3526292.25
    },
    "spectral_strongpeak": {
        "max": 7.68686723709,
        "mean": 1.42270731926,
        "min": 0,
        "stdev": 1.68555569649
    },
    "zerocrossingrate": {
        "max": 0.51953125,
        "mean": 0.0466397367418,
        "min": 0.01220703125,
        "stdev": 0.0559237375855
    },
    "barkbands": {
        "max": [3.26978188241e-05, 0.000739984738175, 0.00228524394333, 0.00057681632461, 0.0587707161903, 0.0615767389536, 0.00721389520913, 0.0352824628353, 0.0837654173374, 0.0651903152466, 0.0228913389146, 0.00729675916955, 0.00785336829722, 0.00597030250356, 0.00499945506454, 0.00564680108801, 0.00152022519615, 0.00159735186026, 0.000766816432588, 0.00103930290788, 0.0010605257703, 0.000737016554922, 0.000407136540161, 0.000204138283152, 0.000409253552789, 4.90244974571e-06, 8.77761124229e-07],
        "mean": [2.0532668259e-06, 0.000110885375761, 7.17312213965e-05, 2.91075957648e-05, 0.00467118760571, 0.00342846242711, 0.000375648378395, 0.000700987526216, 0.00366182019934, 0.00240273633972, 0.000792281818576, 0.000308201182634, 0.000264063768554, 0.000188517267816, 0.000153196946485, 0.00011700214236, 7.27638980607e-05, 8.09912817203e-05, 2.55918475887e-05, 3.64821062249e-05, 1.74646884261e-05, 1.11011722765e-05, 1.19525047921e-05, 6.69431619826e-06, 8.40121720103e-06, 6.68490542921e-07, 2.16066919911e-09],
        "min": [3.07169854162e-24, 1.15932339695e-23, 5.91993132701e-24, 5.20628791468e-24, 7.56318026298e-24, 1.88386705262e-23, 1.98779285045e-23, 1.79360227463e-23, 2.86421952496e-23, 2.8399412262e-23, 2.79013949062e-23, 6.59095053361e-23, 4.1223567433e-23, 6.10613555392e-23, 9.09054908184e-23, 1.06681446745e-22, 6.9410324883e-23, 2.18459389322e-22, 1.81982158142e-22, 1.71910474354e-22, 3.27170934897e-22, 5.56493986492e-22, 4.88827492283e-22, 7.26587745735e-22, 8.17528994041e-22, 1.56114336209e-21, 2.57726537534e-21],
        "stdev": [3.63708181794e-06, 0.000146752005094, 0.000153845481691, 4.77824141853e-05, 0.00914624333382, 0.00749702285975, 0.000653742579743, 0.00251853698865, 0.00962341576815, 0.00820765271783, 0.00266665732488, 0.000569495838135, 0.000627647212241, 0.000444704783149, 0.000445497804321, 0.000374001654563, 0.000139646726893, 0.000159904680913, 6.39031204628e-05, 9.71484696493e-05, 9.22817052924e-05, 5.93074728386e-05, 3.10257455567e-05, 1.94375534193e-05, 4.30341351603e-05, 5.93125378145e-07, 3.73822217625e-08]
    },
    "erbbands": {
        "max": [0.0135762058198, 0.208689928055, 2.1398525238, 2.12178587914, 45.7824783325, 342.105560303, 486.651641846, 718.315856934, 160.351730347, 471.682525635, 462.929992676, 2349.0324707, 2229.92407227, 715.631591797, 859.491271973, 355.830535889, 190.911773682, 473.049987793, 90.2238693237, 334.475585938, 86.4316864014, 98.8408203125, 105.92816925, 53.8773193359, 42.2061004639, 47.7037391663, 42.2370910645, 60.6869010925, 27.3322467804, 14.1063156128, 10.9676980972, 6.02904748917, 2.8058321476, 5.74941396713, 2.70279288292, 0.174405544996, 0.00660439534113, 0.000551361823454, 0.000129716179799, 0.000113465997856],
        "mean": [0.00177829700988, 0.0302245542407, 0.0885000899434, 0.1390016675, 3.02236247063, 18.8294963837, 30.8358135223, 28.8235607147, 7.74773073196, 8.40628528595, 21.7289905548, 69.2871551514, 111.349510193, 39.7501144409, 25.6748561859, 11.7040100098, 11.4462976456, 10.8022546768, 6.9236946106, 10.7628316879, 4.92193603516, 4.24701595306, 4.74902486801, 2.15228509903, 1.40544712543, 1.67410206795, 0.850931286812, 0.658828318119, 0.38393548131, 0.364335954189, 0.333713918924, 0.192547172308, 0.0918781012297, 0.106351941824, 0.0504241064191, 0.00663605099544, 0.000882772728801, 3.15529250656e-05, 1.04526179712e-05, 2.03651270567e-05],
        "min": [3.0042577342e-22, 1.39713592348e-21, 8.50437231683e-21, 1.31533785832e-20, 8.95870046049e-21, 3.03410204114e-20, 7.10637391216e-20, 1.7593297986e-19, 3.42370107234e-19, 2.60426106087e-19, 4.95843543726e-19, 5.98744139844e-19, 8.69496277559e-19, 1.12680704051e-18, 1.28264300823e-18, 2.40055858094e-18, 2.54715690577e-18, 3.28904899332e-18, 2.40735531724e-18, 6.005832105e-18, 5.98519725744e-18, 4.42801072915e-18, 1.12078770923e-17, 9.49182308279e-18, 9.74839300211e-18, 8.4407470123e-18, 1.46564493144e-17, 1.41308587531e-17, 1.56698514439e-17, 1.5540933691e-17, 1.4588729692e-17, 1.12215900925e-17, 1.50715699048e-17, 9.03742464817e-18, 6.56618369068e-18, 5.07723294549e-18, 2.82938844924e-18, 1.34035695053e-18, 3.33873437229e-19, 3.79107699167e-20],
        "stdev": [0.00216978392564, 0.0399880930781, 0.156463190913, 0.196742996573, 6.16780948639, 38.9095573425, 58.6316146851, 81.2596359253, 13.9841489792, 28.3103656769, 54.7293930054, 183.582275391, 312.390136719, 99.2783660889, 76.90234375, 21.4788799286, 17.3994560242, 35.885799408, 11.8764286041, 35.3467407227, 10.116642952, 8.16328048706, 9.09514808655, 4.46309375763, 3.868922472, 4.45107269287, 3.11868143082, 4.17406606674, 2.22005844116, 1.06904542446, 0.868495702744, 0.571628630161, 0.290771156549, 0.556898117065, 0.253559410572, 0.0142199080437, 0.000894494063687, 4.32084998465e-05, 1.09173188321e-05, 2.16182652366e-05]
    },
    "gfcc": {
        "mean": [-113.972106934, 111.932266235, -136.182662964, -2.4621117115, -81.7673797607, 3.85193133354, -49.6019706726, 0.776800334454, -32.4149475098, -8.86062431335, -8.5637254715, -1.75137174129, 3.42126321793],
        "cov": [[17503.765625, 3027.69702148, -2763.7722168, 522.277770996, -660.568969727, -217.211486816, -225.52583313, -363.941497803, 15.810333252, -965.099731445, 372.606842041, -527.06817627, 564.084838867], [3027.69702148, 1286.7779541, -619.399902344, 99.5093307495, 116.832191467, -152.276504517, 81.7445602417, -211.81842041, 91.6362609863, -373.159454346, 170.959899902, -248.123916626, 181.249771118], [-2763.7722168, -619.399902344, 740.776062012, -98.885635376, 46.1826705933, 69.8921279907, -59.2843513489, 86.5427322388, -167.925354004, 316.578155518, -108.415008545, 189.704879761, -166.273498535], [522.277770996, 99.5093307495, -98.885635376, 375.080749512, 132.377243042, -2.40889930725, 18.0431289673, 15.6318273544, 84.3103561401, -61.8297538757, 37.9441108704, -59.6890563965, 56.1641693115], [-660.568969727, 116.832191467, 46.1826705933, 132.377243042, 300.543060303, 34.9953346252, 88.7734909058, 44.3650550842, 66.6508483887, 3.84705424309, -30.2347335815, -43.1459465027, 8.14646148682], [-217.211486816, -152.276504517, 69.8921279907, -2.40889930725, 34.9953346252, 200.767623901, 78.1525726318, 94.4006118774, -19.100774765, 69.6301193237, -59.1437149048, 5.02319526672, -25.7321910858], [-225.52583313, 81.7445602417, -59.2843513489, 18.0431289673, 88.7734909058, 78.1525726318, 174.603591919, 47.409778595, 66.5967559814, -46.6827926636, 3.94637846947, -60.9554023743, 29.1395435333], [-363.941497803, -211.81842041, 86.5427322388, 15.6318273544, 44.3650550842, 94.4006118774, 47.409778595, 189.348693848, 41.9404830933, 112.769721985, -79.7318572998, 37.5743331909, -28.8681201935], [15.810333252, 91.6362609863, -167.925354004, 84.3103561401, 66.6508483887, -19.100774765, 66.5967559814, 41.9404830933, 252.692108154, -79.2563781738, 36.7669792175, -77.8356704712, 76.7137451172], [-965.099731445, -373.159454346, 316.578155518, -61.8297538757, 3.84705424309, 69.6301193237, -46.6827926636, 112.769721985, -79.2563781738, 301.855621338, -63.3275260925, 135.194259644, -83.3157958984], [372.606842041, 170.959899902, -108.415008545, 37.9441108704, -30.2347335815, -59.1437149048, 3.94637846947, -79.7318572998, 36.7669792175, -63.3275260925, 152.504104614, 0.607845425606, 78.4775161743], [-527.06817627, -248.123916626, 189.704879761, -59.6890563965, -43.1459465027, 5.02319526672, -60.9554023743, 37.5743331909, -77.8356704712, 135.194259644, 0.607845425606, 164.889251709, -25.9730644226], [564.084838867, 181.249771118, -166.273498535, 56.1641693115, 8.14646148682, -25.7321910858, 29.1395435333, -28.8681201935, 76.7137451172, -83.3157958984, 78.4775161743, -25.9730644226, 130.147674561]],
        "icov": [[0.000596567464527, -0.00136380479671, 0.00181099260226, -0.0010992946336, 0.00173326744698, -0.000907230190933, 0.00113037379924, -0.000701034092344, 0.000826665083878, -0.000601126172114, 0.000841351167765, -0.000706131977495, -0.000115045244456], [-0.00136380479671, 0.00551945436746, -0.00282305758446, 0.00320876552723, -0.00575100304559, 0.00301175331697, -0.00242008594796, 0.00174063246232, -0.000330939452397, 0.00170351506677, -0.00352088641375, 0.00381545210257, -0.000713578308932], [0.00181099260226, -0.00282305758446, 0.00972421839833, -0.00300668785349, 0.00341481878422, -0.00222729286179, 0.0028308974579, -0.000804725394119, 0.00358455325477, -0.00387680833228, 0.00244561163709, -0.0034331525676, 0.00158235954586], [-0.0010992946336, 0.00320876552723, -0.00300668785349, 0.00625089369714, -0.00579862948507, 0.00136312225368, 0.000240146560827, -0.0005260760081, -0.00100204301998, 0.00199929345399, -0.00404800800607, 0.00346660846844, -0.000777672335971], [0.00173326744698, -0.00575100304559, 0.00341481878422, -0.00579862948507, 0.0119532197714, -0.0025224215351, -0.000119722841191, -0.00102783285547, 0.000368468055967, -0.00280016381294, 0.00585178285837, -0.00334469461814, -0.000292048469419], [-0.000907230190933, 0.00301175331697, -0.00222729286179, 0.00136312225368, -0.0025224215351, 0.0106251835823, -0.00618486478925, -0.0012192792492, 0.00122283166274, -0.000577849743422, -3.58381512342e-05, 0.00260968599468, -0.000871297088452], [0.00113037379924, -0.00242008594796, 0.0028308974579, 0.000240146560827, -0.000119722841191, -0.00618486478925, 0.0148362861946, -0.00579528464004, 0.00144682487007, 0.00174445228186, -0.00292772660032, 0.00283129652962, -0.00124412716832], [-0.000701034092344, 0.00174063246232, -0.000804725394119, -0.0005260760081, -0.00102783285547, -0.0012192792492, -0.00579528464004, 0.0157899297774, -0.00543349003419, -0.0039533637464, 0.00657080765814, -0.00415628729388, 0.000316756399116], [0.000826665083878, -0.000330939452397, 0.00358455325477, -0.00100204301998, 0.000368468055967, 0.00122283166274, 0.00144682487007, -0.00543349003419, 0.00961771514267, -0.000204318508622, -0.00187236536294, 0.00367538910359, -0.00335784466006], [-0.000601126172114, 0.00170351506677, -0.00387680833228, 0.00199929345399, -0.00280016381294, -0.000577849743422, 0.00174445228186, -0.0039533637464, -0.000204318508622, 0.0103697953746, -0.00294666714035, -0.00170994689688, 0.00140521174762], [0.000841351167765, -0.00352088641375, 0.00244561163709, -0.00404800800607, 0.00585178285837, -3.58381512342e-05, -0.00292772660032, 0.00657080765814, -0.00187236536294, -0.00294666714035, 0.0177006237209, -0.00726177357137, -0.00503745814785], [-0.000706131977495, 0.00381545210257, -0.0034331525676, 0.00346660846844, -0.00334469461814, 0.00260968599468, 0.00283129652962, -0.00415628729388, 0.00367538910359, -0.00170994689688, -0.00726177357137, 0.0182954613119, -0.0041967923753], [-0.000115045244456, -0.000713578308932, 0.00158235954586, -0.000777672335971, -0.000292048469419, -0.000871297088452, -0.00124412716832, 0.000316756399116, -0.00335784466006, 0.00140521174762, -0.00503745814785, -0.0041967923753, 0.0168067701161]]
    },
    "melbands": {
        "max": [0.000150699561345, 0.00080587877892, 0.00117737660185, 0.0122691094875, 0.014663872309, 0.0141025800258, 0.00241262256168, 0.0066808690317, 0.00597893260419, 0.0139819066972, 0.0112966774032, 0.00411323830485, 0.00373609899543, 0.000821930181701, 0.000417175411712, 0.000823243579362, 0.000786757736932, 0.000180398114026, 0.000366857624613, 0.000520499132108, 9.71374101937e-05, 0.000104825630842, 0.000125734630274, 7.05469064997e-05, 5.05310126755e-05, 2.11525475606e-05, 4.97653672937e-05, 2.7096049962e-05, 2.71422886726e-05, 2.56841849477e-05, 3.80844066967e-05, 1.91445324162e-05, 9.07783851289e-06, 7.07516983312e-06, 5.47882109458e-06, 6.58602948533e-06, 3.42735393133e-06, 1.94429208022e-06, 2.48986339102e-06, 6.21048548055e-06],
        "mean": [2.44230323005e-05, 4.3221636588e-05, 7.13609551894e-05, 0.000765150762163, 0.0011217338033, 0.000619103026111, 0.000101535049907, 0.000106681291072, 0.000211061851587, 0.000491253624205, 0.000569143157918, 0.000177108187927, 0.000105979270302, 3.82497710234e-05, 2.54523874901e-05, 2.54829810729e-05, 1.89703659998e-05, 1.13403502837e-05, 1.30330763568e-05, 1.15477814688e-05, 4.71455086881e-06, 3.83281940231e-06, 5.17150374435e-06, 3.74526962332e-06, 1.51224367073e-06, 8.60347370235e-07, 1.2923273971e-06, 1.07806499727e-06, 5.68185271277e-07, 4.23040546593e-07, 3.64563391031e-07, 2.29272060892e-07, 1.83109051477e-07, 2.06980004691e-07, 2.04156179962e-07, 1.52515468699e-07, 1.04074864282e-07, 6.44182804876e-08, 5.69076199497e-08, 1.04973501891e-07],
        "min": [5.30402541425e-24, 3.28835682265e-24, 2.17804200109e-24, 9.11864436298e-25, 3.55289580519e-24, 4.1610464264e-24, 4.80188902124e-24, 2.96040604511e-24, 4.11152489421e-24, 3.66242638087e-24, 4.03676099635e-24, 4.65562908181e-24, 4.16284108496e-24, 7.37933622902e-24, 4.90709190599e-24, 5.00946987984e-24, 5.25090904292e-24, 3.73301444353e-24, 7.09693901331e-24, 9.94780186096e-24, 5.95132049686e-24, 4.00447489165e-24, 7.83534674161e-24, 1.10767446467e-23, 7.05816413323e-24, 6.96355920031e-24, 6.34352281185e-24, 5.29614666596e-24, 7.65567104867e-24, 7.43749578812e-24, 7.68420730306e-24, 8.27211378128e-24, 7.94073776969e-24, 7.5859933315e-24, 8.48384641483e-24, 6.4705179791e-24, 7.47601981042e-24, 9.4262015084e-24, 7.4240938302e-24, 7.745957757e-24],
        "stdev": [3.09392053168e-05, 6.2201252149e-05, 0.000132855027914, 0.00151246378664, 0.00206517241895, 0.00161645747721, 0.000198657508008, 0.000404847814934, 0.00055112253176, 0.00130401970819, 0.00161776714958, 0.000510959827807, 0.000358208024409, 7.55125365686e-05, 3.67286556866e-05, 7.37547088647e-05, 6.05134337093e-05, 2.18505156226e-05, 3.76963580493e-05, 3.97805124521e-05, 9.61115711107e-06, 7.53510676077e-06, 1.15550792543e-05, 6.42447503196e-06, 3.61800312021e-06, 2.04241609936e-06, 4.18029276261e-06, 2.68333883469e-06, 1.92420498024e-06, 2.12910390474e-06, 2.53104531112e-06, 1.46543959545e-06, 7.64925061958e-07, 5.19090974649e-07, 4.77436515212e-07, 5.0285512998e-07, 3.03890885789e-07, 1.99527775635e-07, 2.24341775379e-07, 5.86373744227e-07]
    },
    "melbands128": {
        "max": [1.66164136317e-05, 7.58939786465e-05, 0.00024415878579, 0.000428745523095, 0.00100706680678, 0.00109816121403, 0.000479604641441, 0.000339120801073, 0.00411012023687, 0.0149918328971, 0.0265048742294, 0.0268706046045, 0.0240042768419, 0.0135538931936, 0.0271060559899, 0.0174561999738, 0.00353628280573, 0.00175439496525, 0.00221187877469, 0.00445422809571, 0.0127681875601, 0.00629727076739, 0.00684909150004, 0.0191164631397, 0.0244924798608, 0.0136281372979, 0.0274353865534, 0.0227316264063, 0.0193860158324, 0.00402468070388, 0.00390147278085, 0.00628068204969, 0.00780755840242, 0.00107230304275, 0.0011059329845, 0.00158241786994, 0.00132033380214, 0.000706546939909, 0.00047814444406, 0.000700440374203, 0.000789159792475, 0.00312023446895, 0.000532738806214, 0.000365020532627, 0.000558702100534, 0.00022770355281, 0.000441045558546, 0.000490938662551, 0.000902780157048, 0.00114299857523, 0.000699726457242, 0.000265929003945, 0.00024576348369, 9.11758033908e-05, 0.000138877512654, 0.000143071534694, 0.000173788357642, 0.000112155190436, 0.000259634573013, 0.00018408910546, 6.03615844739e-05, 6.87810679665e-05, 6.45630279905e-05, 7.91833299445e-05, 2.20619549509e-05, 2.23865354201e-05, 2.870588105e-05, 4.89996746182e-05, 7.02916222508e-05, 4.3441534217e-05, 2.48391224886e-05, 3.8183577999e-05, 1.88386111404e-05, 3.52115821443e-05, 1.84581513167e-05, 4.24432146247e-05, 3.12795054924e-05, 5.5856686231e-05, 3.5148288589e-05, 3.20177787216e-05, 3.06620931951e-05, 1.31731194415e-05, 8.83359371073e-06, 1.14443109851e-05, 7.74775890022e-06, 8.32137084217e-06, 7.54184429752e-06, 2.94593723993e-06, 5.01384374729e-06, 7.56299095883e-06, 7.96224594524e-06, 7.49182800064e-06, 6.02553745921e-06, 5.05693151354e-06, 2.55244344771e-06, 2.13834141505e-06, 2.40749227487e-06, 1.99676196644e-06, 1.65445237599e-06, 4.10329357692e-06, 6.79547383697e-06, 9.16268800211e-06, 9.9304734249e-06, 6.06990988672e-06, 4.05868786402e-06, 1.5248406271e-06, 7.36086008146e-07, 1.67838678067e-07, 6.37717576524e-08, 8.48749124316e-08, 3.18924548992e-08, 3.52927926883e-08, 1.38359714796e-08, 7.9107529416e-09, 4.56349535938e-09, 4.40654179812e-09, 4.26668611553e-09, 4.12373202252e-09, 4.00142718959e-09, 3.89792820243e-09, 3.78432263304e-09, 3.70374797498e-09, 3.62317087443e-09, 3.56892693176e-09, 3.50862916498e-09, 3.45645867483e-09, 3.43632655664e-09, 3.41251582547e-09],
        "mean": [1.23456163692e-06, 7.22472304915e-06, 3.5368691897e-05, 5.49269570911e-05, 5.13502054673e-05, 3.09200804622e-05, 1.46688635141e-05, 1.63852491823e-05, 0.000197767119971, 0.000762505282182, 0.00110987399239, 0.00135826447513, 0.00104461575393, 0.000933230912779, 0.000849239528179, 0.000311718904413, 0.000111581248348, 8.46125694807e-05, 4.93163352075e-05, 7.46894220356e-05, 0.00015663303202, 0.000153805725859, 0.000151866915985, 0.000350538786734, 0.000386578409234, 0.00055009505013, 0.000779358902946, 0.000486704317154, 0.00060347066028, 0.000120371718367, 7.11493412382e-05, 0.000144109071698, 0.000150981795741, 3.25360779243e-05, 4.99591042171e-05, 4.16218354076e-05, 1.49684938151e-05, 3.04070417769e-05, 2.65593680524e-05, 2.40268946072e-05, 1.8400261979e-05, 4.24325662607e-05, 1.29553391162e-05, 1.06938077806e-05, 2.05516062124e-05, 7.80075151852e-06, 6.79414415572e-06, 9.72757516138e-06, 1.78938407771e-05, 1.95977154362e-05, 9.01130079001e-06, 5.74865907765e-06, 5.5557993619e-06, 4.14403348259e-06, 3.0115932077e-06, 3.02107650896e-06, 5.19644345331e-06, 6.00936664341e-06, 5.15664987688e-06, 3.78158483727e-06, 4.40196163254e-06, 3.1763959214e-06, 1.39409928579e-06, 1.20122308545e-06, 1.30032026391e-06, 6.12327653471e-07, 7.23252242096e-07, 1.23539552987e-06, 1.52683776378e-06, 1.25245048821e-06, 1.05892650026e-06, 1.10874088932e-06, 6.5182354092e-07, 5.20071353094e-07, 3.27360226038e-07, 5.20592266184e-07, 3.47624791175e-07, 4.54568066743e-07, 3.29310609004e-07, 3.58029154768e-07, 2.66520146397e-07, 1.70502985952e-07, 1.3832267598e-07, 2.04994705655e-07, 1.93502813772e-07, 2.00809296302e-07, 2.30906536558e-07, 1.8116463707e-07, 2.34866107007e-07, 1.78137653961e-07, 1.77876970042e-07, 1.40056855003e-07, 1.21496313454e-07, 1.11544281367e-07, 9.07504542624e-08, 6.81508893763e-08, 6.41665423018e-08, 4.90433542666e-08, 4.43946817086e-08, 6.54262422017e-08, 8.80110562207e-08, 1.18679004402e-07, 1.20330255982e-07, 8.91288181037e-08, 5.26458023842e-08, 3.30836797957e-08, 1.8011792946e-08, 1.0429702435e-08, 7.87440068706e-09, 7.7003505794e-09, 5.23246246331e-09, 3.69586805604e-09, 1.93289362294e-09, 7.65518148871e-10, 1.00410110782e-10, 1.77994095157e-11, 1.04982220833e-11, 1.01170773148e-11, 9.8283898381e-12, 9.58101827042e-12, 9.3178338309e-12, 9.12307469153e-12, 8.93086646303e-12, 8.78806576121e-12, 8.64877787443e-12, 8.53726637995e-12, 8.48333903125e-12, 8.42379117849e-12],
        "min": [3.06961732933e-24, 1.33387267729e-24, 3.46620669703e-24, 1.71358495757e-24, 3.56766209805e-24, 1.87742702884e-24, 2.74983106494e-24, 2.43537118938e-24, 4.54105166989e-25, 4.79686348423e-25, 1.14800610258e-24, 1.97417293026e-24, 1.49521642609e-24, 3.02525376418e-24, 1.83768539973e-24, 5.65476086132e-24, 6.42152735031e-24, 5.33048183686e-24, 2.02976119724e-24, 2.57787910913e-24, 1.66589614648e-24, 2.50545595879e-24, 2.49832938937e-24, 5.74481012251e-24, 2.15479782008e-24, 2.10382853092e-24, 3.58246941167e-24, 3.26030374557e-24, 4.71991177926e-24, 1.47643404236e-24, 3.61975373906e-24, 2.47589122699e-24, 2.12899989912e-24, 3.58319950244e-24, 4.17383267838e-24, 2.99043482433e-24, 6.73512874799e-24, 3.75358083619e-24, 1.49640938099e-24, 6.25301877234e-24, 3.31424487098e-24, 5.6079510385e-24, 3.0052764534e-24, 1.52631578816e-24, 3.45813112794e-24, 1.96390511672e-24, 6.50096623511e-25, 2.27234756129e-24, 5.67189570904e-24, 2.55429453464e-24, 9.07909324378e-24, 7.93169742371e-24, 2.02245851462e-24, 3.82615288403e-24, 3.69817124621e-24, 4.33264773354e-24, 3.28973456822e-24, 4.50056782127e-24, 7.46207196076e-24, 8.86406159393e-24, 6.76602764078e-24, 5.8775694964e-24, 4.20260992977e-24, 5.27042506728e-24, 7.25519792153e-24, 7.0207200615e-24, 4.53509823524e-24, 5.71875956884e-24, 6.58278274668e-24, 3.31880803689e-24, 5.12253258022e-24, 6.96714772857e-24, 4.84141805234e-24, 5.8465889565e-24, 3.19771276034e-24, 5.38819923942e-24, 9.01708009916e-24, 5.28628353806e-24, 6.49318234734e-24, 5.52654927055e-24, 6.46078895756e-24, 6.06579368054e-24, 8.25778964497e-24, 5.88090637803e-24, 6.96655371631e-24, 3.82530525298e-24, 7.94777283124e-24, 7.22775029519e-24, 6.43758974163e-24, 6.05816460673e-24, 8.10791396158e-24, 2.94240640862e-24, 4.11304305702e-24, 8.28158642303e-24, 8.31442749138e-24, 6.87227616066e-24, 9.48605711845e-24, 6.47608812596e-24, 7.16918683931e-24, 7.3242966148e-24, 6.3060992505e-24, 6.07592975431e-24, 6.21096380863e-24, 6.72718886298e-24, 6.01872471691e-24, 7.0022047072e-24, 7.31078658294e-24, 8.06217738402e-24, 7.21407854684e-24, 5.90011790209e-24, 7.12280024036e-24, 5.2871595681e-24, 7.76711895078e-24, 1.08219970057e-23, 7.79426680997e-24, 9.74497546704e-24, 1.19300121006e-23, 8.00900263698e-24, 5.70876746218e-24, 9.39497523833e-24, 8.55967409162e-24, 7.57354510641e-24, 1.10881641972e-23, 8.88391564519e-24, 9.90149730355e-24, 7.03012328349e-24, 7.44881594211e-24, 1.14191836437e-23],
        "stdev": [2.00068552658e-06, 1.03457487057e-05, 4.8151032388e-05, 7.96967578935e-05, 8.37947882246e-05, 6.87567517161e-05, 2.76833288808e-05, 2.85142614302e-05, 0.000426272366894, 0.00172612839378, 0.00261934939772, 0.00341137452051, 0.00254197488539, 0.00189300102647, 0.0028286613524, 0.00148372503463, 0.000241474801442, 0.000154452049173, 0.000153625413077, 0.000294143334031, 0.0007812276599, 0.000614443095401, 0.000535576255061, 0.00126402138267, 0.00159438641276, 0.00187378691044, 0.00299348728731, 0.0019316066755, 0.00241242861375, 0.000421067932621, 0.00033984426409, 0.000586239795666, 0.000656196440104, 0.000107480074803, 0.000108278269181, 0.000113001282443, 6.44857354928e-05, 6.32507362752e-05, 3.81927129638e-05, 4.51106097898e-05, 6.8310800998e-05, 0.000241564193857, 4.11615001212e-05, 3.33309471898e-05, 5.54868965992e-05, 1.92482439161e-05, 2.49967561103e-05, 3.31722658302e-05, 7.62842246331e-05, 9.38422526815e-05, 4.04294478358e-05, 2.0073766791e-05, 1.66682984855e-05, 9.75167677097e-06, 8.66284699441e-06, 8.31675333757e-06, 1.43108572956e-05, 1.53426772158e-05, 1.87539571925e-05, 1.15045568236e-05, 8.1270454757e-06, 6.58639783069e-06, 4.47599950348e-06, 4.30797945228e-06, 2.1440571345e-06, 1.92532979781e-06, 2.44071929956e-06, 3.93395293941e-06, 5.57303746973e-06, 4.40193753093e-06, 2.63887591245e-06, 2.80848757939e-06, 1.80802487648e-06, 2.35285551753e-06, 1.34925778639e-06, 2.56825001088e-06, 2.07081598091e-06, 3.45818489222e-06, 2.38273923969e-06, 2.40079430114e-06, 2.00761178348e-06, 1.00912018297e-06, 6.67610379423e-07, 1.00940007997e-06, 6.35740718735e-07, 6.41684607672e-07, 5.69519500004e-07, 3.56695295523e-07, 5.41244332908e-07, 5.51695336526e-07, 6.5702062102e-07, 4.96342124734e-07, 3.95687578703e-07, 3.63293395367e-07, 2.53349753621e-07, 2.10579500504e-07, 2.22524647597e-07, 1.58772891723e-07, 1.48284527768e-07, 3.12094527999e-07, 5.07161360019e-07, 7.40573000257e-07, 7.07665321897e-07, 5.04968909354e-07, 2.73850929489e-07, 1.33373958988e-07, 5.63744180226e-08, 1.42244838131e-08, 8.00465294049e-09, 8.27643642509e-09, 6.01393690403e-09, 4.67321514819e-09, 3.10961656425e-09, 1.49107748371e-09, 4.33576563541e-10, 1.9358013803e-10, 1.81710188563e-10, 1.75623057763e-10, 1.70413905209e-10, 1.66005806324e-10, 1.61167426627e-10, 1.57735657869e-10, 1.54304014011e-10, 1.51994028474e-10, 1.49425874452e-10, 1.47203596534e-10, 1.46346074148e-10, 1.45332287871e-10]
    },
    "mfcc": {
        "mean": [-746.610595703, 145.613937378, -8.54259872437, -6.34782075882, -13.0381984711, -12.2154455185, -6.59861660004, -3.43515396118, -14.3435134888, -7.61428689957, -14.1917352676, -8.30795669556, -9.27017593384],
        "cov": [[9320.515625, 1906.1541748, -1180.7746582, 528.285461426, 9.23248577118, -31.0347652435, -119.566368103, 344.800140381, -289.097137451, 199.461471558, -449.187347412, -137.915527344, -155.62928772], [1906.1541748, 1046.55383301, -301.831939697, 49.862865448, 4.92332839966, -1.56082880497, 26.8204479218, 15.8304834366, -103.442047119, 19.3529949188, -117.864952087, -41.9416732788, -59.087562561], [-1180.7746582, -301.831939697, 401.850830078, -103.853393555, -48.3327026367, -7.06024074554, 52.0407752991, -100.09311676, -3.30191898346, -123.569442749, 80.7645492554, 28.6134262085, 28.1892337799], [528.285461426, 49.862865448, -103.853393555, 287.228729248, 121.393997192, 19.167137146, -14.4235677719, 9.91146183014, 16.6027793884, 12.1396150589, -5.28812599182, 34.4823188782, 20.9155292511], [9.23248577118, 4.92332839966, -48.3327026367, 121.393997192, 166.369598389, 39.496006012, -7.70468568802, 14.0660800934, 57.8007850647, 47.9409599304, 6.03429460526, 21.1779594421, 14.3828849792], [-31.0347652435, -1.56082880497, -7.06024074554, 19.167137146, 39.496006012, 102.059028625, 54.100025177, 7.87045717239, 27.8173942566, 40.0102462769, 6.97324180603, 0.999049425125, -5.78650283813], [-119.566368103, 26.8204479218, 52.0407752991, -14.4235677719, -7.70468568802, 54.100025177, 176.305419922, -2.26200628281, 21.5351734161, -9.86023044586, 14.9460201263, 11.2106046677, -3.73076224327], [344.800140381, 15.8304834366, -100.09311676, 9.91146183014, 14.0660800934, 7.87045717239, -2.26200628281, 150.782974243, 50.5264053345, 84.6476898193, -29.8719158173, -12.9843320847, -4.37803125381], [-289.097137451, -103.442047119, -3.30191898346, 16.6027793884, 57.8007850647, 27.8173942566, 21.5351734161, 50.5264053345, 165.082046509, 110.473442078, 35.9852714539, 12.584321022, 6.91475868225], [199.461471558, 19.3529949188, -123.569442749, 12.1396150589, 47.9409599304, 40.0102462769, -9.86023044586, 84.6476898193, 110.473442078, 214.658584595, 15.5206270218, -21.6212253571, -11.9954385757], [-449.187347412, -117.864952087, 80.7645492554, -5.28812599182, 6.03429460526, 6.97324180603, 14.9460201263, -29.8719158173, 35.9852714539, 15.5206270218, 104.437416077, 29.9285354614, 10.0487155914], [-137.915527344, -41.9416732788, 28.6134262085, 34.4823188782, 21.1779594421, 0.999049425125, 11.2106046677, -12.9843320847, 12.584321022, -21.6212253571, 29.9285354614, 72.9490585327, 29.2449417114], [-155.62928772, -59.087562561, 28.1892337799, 20.9155292511, 14.3828849792, -5.78650283813, -3.73076224327, -4.37803125381, 6.91475868225, -11.9954385757, 10.0487155914, 29.2449417114, 68.2091445923]],
        "icov": [[0.000294395635137, -0.000333439325914, 0.000249533826718, -0.000568352697883, 0.000414591515437, 2.20246674871e-05, 4.86968820042e-05, -0.000390087574488, 0.000393988681026, -0.000235012063058, 0.00041952758329, -6.40686412225e-05, 0.000230475561693], [-0.000333439325914, 0.00188617187086, 0.000809619086795, 0.000759652757552, -0.000783347815741, 0.000447550555691, -0.000926509907003, 0.00103846052662, 0.000487915443955, -6.26543987892e-05, 0.000382695172448, -0.000117550938739, 0.000458273745608], [0.000249533826718, 0.000809619086795, 0.00622350815684, 0.00134431815241, 0.000152780849021, -0.000224495961447, -0.00113018148113, 0.00139784510247, -0.00111604540143, 0.00338711473159, -0.0024560126476, 0.000861069594976, -0.00103546248283], [-0.000568352697883, 0.000759652757552, 0.00134431815241, 0.00706783076748, -0.00486202351749, 2.85133482976e-05, -0.000213460269151, 0.000897539604921, -0.00043386145262, 0.00166915194131, -0.00130883534439, -0.00131758779753, -0.00119271187577], [0.000414591515437, -0.000783347815741, 0.000152780849021, -0.00486202351749, 0.0118498364463, -0.00360633176751, 0.00183711689897, 0.000142967575812, -0.00281685357913, -0.000685942766722, 0.00131275120657, -0.00111045083031, -0.000552247569431], [2.20246674871e-05, 0.000447550555691, -0.000224495961447, 2.85133482976e-05, -0.00360633176751, 0.0148002319038, -0.00510241370648, 0.000892317679245, 0.00161220924929, -0.00355028104968, 0.000840390915982, -9.35941352509e-05, 0.00144472101238], [4.86968820042e-05, -0.000926509907003, -0.00113018148113, -0.000213460269151, 0.00183711689897, -0.00510241370648, 0.00825128052384, -0.000992683926597, -0.00204605958425, 0.00173731928226, -0.000545142393094, -0.000861874024849, 0.000371178612113], [-0.000390087574488, 0.00103846052662, 0.00139784510247, 0.000897539604921, 0.000142967575812, 0.000892317679245, -0.000992683926597, 0.0110590364784, -0.00238840398379, -0.00265675177798, 0.00310061592609, -0.000438121642219, -0.000636325625237], [0.000393988681026, 0.000487915443955, -0.00111604540143, -0.00043386145262, -0.00281685357913, 0.00161220924929, -0.00204605958425, -0.00238840398379, 0.0137501936406, -0.00708954734728, -0.000352646136889, -0.00228500412777, 0.000772351515479], [-0.000235012063058, -6.26543987892e-05, 0.00338711473159, 0.00166915194131, -0.000685942766722, -0.00355028104968, 0.00173731928226, -0.00265675177798, -0.00708954734728, 0.0130904857069, -0.00503593031317, 0.0044276593253, -0.00086981424829], [0.00041952758329, 0.000382695172448, -0.0024560126476, -0.00130883534439, 0.00131275120657, 0.000840390915982, -0.000545142393094, 0.00310061592609, -0.000352646136889, -0.00503593031317, 0.0169787369668, -0.00638284254819, 0.00205420562997], [-6.40686412225e-05, -0.000117550938739, 0.000861069594976, -0.00131758779753, -0.00111045083031, -9.35941352509e-05, -0.000861874024849, -0.000438121642219, -0.00228500412777, 0.0044276593253, -0.00638284254819, 0.0214287154377, -0.00728590693325], [0.000230475561693, 0.000458273745608, -0.00103546248283, -0.00119271187577, -0.000552247569431, 0.00144472101238, 0.000371178612113, -0.000636325625237, 0.000772351515479, -0.00086981424829, 0.00205420562997, -0.00728590693325, 0.019185744226]]
    },
    "spectral_contrast_coeffs": {
        "max": [-0.281695306301, -0.46879914403, -0.457961589098, -0.584505081177, -0.675700724125, -0.570601463318],
        "mean": [-0.589624762535, -0.719782412052, -0.708799183369, -0.780770301819, -0.80923807621, -0.809763133526],
        "min": [-0.962742030621, -0.978772461414, -0.982945978642, -0.971332788467, -0.976133108139, -0.960999906063],
        "stdev": [0.108563445508, 0.0864314138889, 0.086811631918, 0.049653109163, 0.0426321327686, 0.0426039882004]
    },
    "spectral_contrast_valleys": {
        "max": [-6.64958667755, -5.8206577301, -6.42335414886, -6.31660318375, -6.41036605835, -8.75631141663],
        "mean": [-8.44474220276, -7.52640533447, -8.230427742, -8.75940322876, -8.93668746948, -11.5063114166],
        "min": [-27.5660743713, -27.3481292725, -27.5064163208, -27.2988700867, -27.3138217926, -27.2748908997],
        "stdev": [2.00308179855, 2.01242661476, 1.96692156792, 1.93267714977, 1.84286117554, 1.51923406124]
    }
},
"rhythm": {
    "beats_count": 29,
    "beats_loudness": {
        "max": 0.0674193277955,
        "mean": 0.0227572713047,
        "min": 0.000207391567528,
        "stdev": 0.0211388804018
    },
    "bpm": 139.736099243,
    "bpm_histogram_first_peak_bpm": 140,
    "bpm_histogram_first_peak_weight": 0.600000023842,
    "bpm_histogram_second_peak_bpm": 133,
    "bpm_histogram_second_peak_spread": 0.142857134342,
    "bpm_histogram_second_peak_weight": 0.214285716414,
    "danceability": 0.966453015804,
    "onset_rate": 1.95934510231,
    "beats_loudness_band_ratio": {
        "max": [0.279279023409, 0.940283715725, 0.891385257244, 0.552232921124, 0.103646099567, 0.0269905328751],
        "mean": [0.051172144711, 0.455085396767, 0.353862792253, 0.163283765316, 0.027707381174, 0.00675933994353],
        "min": [0.00139903358649, 0.0237985700369, 0.0301215928048, 0.0172002557665, 0.00115922256373, 0.00137377879582],
        "stdev": [0.0690390914679, 0.285089761019, 0.277741938829, 0.125433862209, 0.0228345133364, 0.00574717344716]
    },
    "beats_position": [0.429569154978, 0.859138309956, 1.28870749474, 1.70666658878, 2.13623571396, 2.56580495834, 2.99537420273, 3.43655323982, 3.88934230804, 4.34213161469, 4.76009082794, 5.18965959549, 5.61922883987, 6.06040811539, 6.48997735977, 6.90793657303, 7.31428575516, 7.73224496841, 8.15020370483, 8.56816291809, 9.02095222473, 9.47374153137, 9.93814086914, 10.379319191, 10.8204984665, 11.261677742, 11.7028570175, 12.1556463242, 12.6084346771],
