{
"metadata": {
    "version": {
        "essentia": "2.1-beta5",
        "essentia_git_sha": "Undefined",
        "extractor": "music 2.0"
    },
    "audio_properties": {
        "analysis": {
            "equal_loudness": 0,
            "length": 29.0017242432,
            "sample_rate": 44100,
            "start_time": 0,
            "downmix": "mix"
        },
        "bit_rate": 192000,
        "length": 275.156494141,
        "lossless": 0,
        "number_channels": 1,
        "replay_gain": -6.41459083557,
        "sample_rate": 48000,
        "codec": "mp3",
        "md5_encoded": "0767a213c4f80e218543116f5d6e7999"
    },
    "tags": {
        "file_name": "Greece_Stop!_Bang.mp3",
        "encoding": ["Lavf58.29.100"]
    }
},
"lowlevel": {
    "average_loudness": 0.719420671463,
    "barkbands_crest": {
        "max": 22.5004386902,
        "mean": 9.36110305786,
        "min": 2.8477025032,
        "stdev": 3.3429646492
    },
    "barkbands_flatness_db": {
        "max": 0.338230699301,
        "mean": 0.1814648211,
        "min": 0.0639011189342,
        "stdev": 0.0457772687078
    },
    "barkbands_kurtosis": {
        "max": 50.7393531799,
        "mean": 6.15384674072,
        "min": -1.83432137966,
        "stdev": 7.53042936325
    },
    "barkbands_skewness": {
        "max": 5.42430686951,
        "mean": 1.49597370625,
        "min": -1.97288358212,
        "stdev": 1.07438659668
    },
    "barkbands_spread": {
        "max": 64.2743148804,
        "mean": 12.4399604797,
        "min": 1.49954509735,
        "stdev": 9.12441253662
    },
    "dissonance": {
        "max": 0.499742537737,
        "mean": 0.439020752907,
        "min": 0.194638997316,
        "stdev": 0.0499745570123
    },
    "dynamic_complexity": 4.73804044724,
    "erbbands_crest": {
        "max": 30.9139156342,
        "mean": 11.0021057129,
        "min": 2.9692401886,
        "stdev": 4.87664556503
    },
    "erbbands_flatness_db": {
        "max": 0.377018749714,
        "mean": 0.209890827537,
        "min": 0.0887866839767,
        "stdev": 0.0480371005833
    },
    "erbbands_kurtosis": {
        "max": 37.3026771545,
        "mean": 3.34525108337,
        "min": -1.73721539974,
        "stdev": 5.76771068573
    },
    "erbbands_skewness": {
        "max": 4.33763217926,
        "mean": 0.756485283375,
        "min": -3.96746563911,
        "stdev": 1.1830111742
    },
    "erbbands_spread": {
        "max": 82.5849838257,
        "mean": 22.8667201996,
        "min": 3.02397942543,
        "stdev": 13.2791976929
    },
    "hfc": {
        "max": 208.098510742,
        "mean": 9.18885612488,
        "min": 1.1212936129e-16,
        "stdev": 18.3031196594
    },
    "loudness_ebu128": {
        "integrated": -23.5700435638,
        "loudness_range": 3.42303657532,
        "momentary": {
            "max": -15.4252920151,
            "mean": -25.3093471527,
            "min": -32.8477935791,
            "stdev": 3.77660942078
        },
        "short_term": {
            "max": -19.5693321228,
            "mean": -24.18891716,
            "min": -28.8520278931,
            "stdev": 1.53257024288
        }
    },
    "melbands_crest": {
        "max": 28.0232067108,
        "mean": 11.738199234,
        "min": 1.84441232681,
        "stdev": 3.85988354683
    },
    "melbands_flatness_db": {
        "max": 0.385330140591,
        "mean": 0.239034175873,
        "min": 0.00513199251145,
        "stdev": 0.0603019297123
    },
    "melbands_kurtosis": {
        "max": 56.4450569153,
        "mean": 7.46321773529,
        "min": -1.85449457169,
        "stdev": 7.54175424576
    },
    "melbands_skewness": {
        "max": 5.26652002335,
        "mean": 1.70127522945,
        "min": -0.988595604897,
        "stdev": 1.07535672188
    },
    "melbands_spread": {
        "max": 141.218612671,
        "mean": 16.7184276581,
        "min": 2.50159049034,
        "stdev": 15.904381752
    },
    "pitch_salience": {
        "max": 0.95355540514,
        "mean": 0.662785947323,
        "min": 0.270924508572,
        "stdev": 0.109636224806
    },
    "silence_rate_20dB": {
        "max": 1,
        "mean": 1,
        "min": 1,
        "stdev": 0
    },
    "silence_rate_30dB": {
        "max": 1,
        "mean": 0.982400000095,
        "min": 0,
        "stdev": 0.131492570043
    },
    "silence_rate_60dB": {
        "max": 1,
        "mean": 0.219200000167,
        "min": 0,
        "stdev": 0.413705468178
    },
    "spectral_centroid": {
        "max": 11723.6240234,
        "mean": 932.671325684,
        "min": 303.533538818,
        "stdev": 926.480041504
    },
    "spectral_complexity": {
        "max": 37,
        "mean": 11.5559997559,
        "min": 0,
        "stdev": 6.19021558762
    },
    "spectral_decrease": {
        "max": 1.7711177973e-28,
        "mean": -3.36842242987e-09,
        "min": -6.22999962729e-08,
        "stdev": 6.25295548673e-09
    },
    "spectral_energy": {
        "max": 0.254010081291,
        "mean": 0.0135466540232,
        "min": 1.04821934732e-20,
        "stdev": 0.0251978058368
    },
    "spectral_energyband_high": {
        "max": 0.00316705647856,
        "mean": 7.84301519161e-05,
        "min": 7.49515380838e-21,
        "stdev": 0.000249612465268
    },
    "spectral_energyband_low": {
        "max": 0.00680903624743,
        "mean": 0.000843203742988,
        "min": 3.99739644275e-23,
        "stdev": 0.000818398199044
    },
    "spectral_energyband_middle_high": {
        "max": 0.134109169245,
        "mean": 0.00246160500683,
        "min": 1.42565204614e-21,
        "stdev": 0.0065751047805
    },
    "spectral_energyband_middle_low": {
        "max": 0.19469858706,
        "mean": 0.0105835432187,
        "min": 2.38213602349e-22,
        "stdev": 0.0207953769714
    },
    "spectral_entropy": {
        "max": 9.80685806274,
        "mean": 7.09639120102,
        "min": 5.89667463303,
        "stdev": 0.491167604923
    },
    "spectral_flux": {
        "max": 0.397545784712,
        "mean": 0.0594133287668,
        "min": 6.39162611726e-11,
        "stdev": 0.0547698438168
    },
    "spectral_kurtosis": {
        "max": 50.9326591492,
        "mean": 9.87278175354,
        "min": -1.24934649467,
        "stdev": 5.75406455994
    },
    "spectral_rms": {
        "max": 0.0157421324402,
        "mean": 0.0029787409585,
        "min": 3.19789464007e-12,
        "stdev": 0.00208407198079
    },
    "spectral_rolloff": {
        "max": 19207.6171875,
        "mean": 1213.90234375,
        "min": 301.46484375,
        "stdev": 1651.4720459
    },
    "spectral_skewness": {
        "max": 5.84478187561,
        "mean": 2.41447401047,
        "min": -0.171913474798,
        "stdev": 0.808992028236
    },
    "spectral_spread": {
        "max": 41695744,
        "mean": 3839150,
        "min": 1231463.625,
        "stdev": 2983385.25
    },
    "spectral_strongpeak": {
        "max": 9.92534160614,
        "mean": 0.867686927319,
        "min": 0,
        "stdev": 1.13267755508
    },
    "zerocrossingrate": {
        "max": 0.8212890625,
        "mean": 0.0475953109562,
        "min": 0.01513671875,
        "stdev": 0.0511113628745
    },
    "barkbands": {
        "max": [0.000183057796676, 0.00176020571962, 0.00453545805067, 0.00527711026371, 0.015363663435, 0.0860374718904, 0.0775413662195, 0.145123660564, 0.150712817907, 0.0834289118648, 0.018480585888, 0.0171945951879, 0.00908572413027, 0.0353934913874, 0.0242921039462, 0.00723050395027, 0.00781461875886, 0.00192786660045, 0.00287042697892, 0.00264509301633, 0.00126904132776, 0.00113051792141, 0.000980466720648, 7.20016905689e-05, 2.0183282686e-05, 3.37496294378e-06, 7.22168707057e-08],
        "mean": [3.60609510608e-06, 0.000145201629493, 0.000367784668924, 0.00054008414736, 0.00122593983542, 0.00184445863124, 0.00203262246214, 0.00263992091641, 0.00208396022208, 0.000612353382166, 0.000231535290368, 0.000252920493949, 0.00027547829086, 0.000374403316528, 0.000336891185725, 0.000203276256798, 0.000178280955879, 4.4602129492e-05, 5.01656904817e-05, 5.22338741575e-05, 2.42356418312e-05, 1.20007362057e-05, 6.94711661708e-06, 3.08019411932e-06, 3.21235984302e-06, 1.46825857428e-06, 7.21139148396e-10],
        "min": [3.08797530589e-24, 1.72363835871e-23, 6.2537811078e-25, 1.17511134356e-23, 1.73867041881e-23, 1.9707182717e-23, 4.55406166254e-24, 3.09705686985e-23, 6.12930218989e-23, 4.54342450433e-23, 2.9707722296e-23, 3.02413646103e-23, 6.06774137812e-23, 5.00667171132e-23, 1.00595542634e-22, 7.64923268151e-23, 1.23716285838e-22, 2.25034677496e-22, 1.43763715307e-22, 1.52990775191e-22, 3.08861662614e-22, 3.18637050247e-22, 5.12248860911e-22, 6.75158053683e-22, 9.69606331412e-22, 1.43317007989e-21, 2.38595037422e-21],
        "stdev": [7.95921005192e-06, 0.000175746870809, 0.000455958535895, 0.000650849193335, 0.00150726968423, 0.00459277722985, 0.00549175590277, 0.0100990179926, 0.00920045841485, 0.00363607495092, 0.00102800223976, 0.000935924123041, 0.000776813190896, 0.00149665307254, 0.00135187548585, 0.000559555599466, 0.000521885289345, 0.000132623696118, 0.000160811468959, 0.000165861289133, 9.62908306974e-05, 6.74417824484e-05, 4.0613766032e-05, 4.48512173534e-06, 1.72241811924e-06, 6.17935427272e-07, 2.75486367052e-09]
    },
    "erbbands": {
        "max": [0.0236684456468, 0.529558062553, 3.98935627937, 10.9975366592, 29.1028308868, 80.8958129883, 231.722930908, 791.053833008, 1478.38134766, 2770.88354492, 2622.36010742, 4273.72167969, 2454.66210938, 1065.66699219, 628.33581543, 881.549926758, 317.022460938, 1143.0501709, 1822.07629395, 555.077026367, 451.433959961, 329.102752686, 76.6733322144, 299.998077393, 68.3356781006, 132.241943359, 78.0631637573, 63.3144569397, 38.3214035034, 44.4706497192, 25.1781368256, 4.93684196472, 0.857661247253, 0.215090632439, 0.149783909321, 0.0248410422355, 0.00570405786857, 0.000258061598288, 0.000133024004754, 0.00029722682666],
        "mean": [0.00132464698981, 0.0466011576355, 0.363233923912, 1.34139418602, 2.47831988335, 4.09952068329, 9.66876792908, 15.876578331, 24.2264308929, 46.2127761841, 57.671875, 48.8633270264, 26.0292301178, 14.279255867, 9.39951229095, 11.6025323868, 12.8264970779, 18.6644802094, 20.3434028625, 13.431180954, 11.9429416656, 8.40829086304, 2.94274020195, 2.56006765366, 2.56697297096, 2.46438241005, 1.45142602921, 0.734136760235, 0.435086190701, 0.321849554777, 0.179877147079, 0.0798189565539, 0.0482553467155, 0.0353673696518, 0.0229637660086, 0.0100419605151, 0.00209383526817, 6.30819558864e-05, 8.91940362635e-06, 1.58722796186e-05],
        "min": [5.84133653127e-22, 1.36832021039e-21, 3.72958855315e-21, 1.89570554754e-20, 3.43248741066e-20, 6.11701613947e-20, 6.06334762735e-20, 1.51563799575e-19, 7.85352027681e-20, 2.35306362793e-19, 8.27509778738e-19, 1.33038394408e-18, 1.46004295413e-18, 1.4961310865e-18, 1.97952737147e-18, 1.35097298652e-18, 2.25602407174e-18, 3.07798248629e-18, 4.65882265778e-18, 4.00976959988e-18, 4.39899323326e-18, 8.29167004076e-18, 1.3766525398e-17, 7.38939549066e-18, 6.58176074239e-18, 8.11139016216e-18, 1.20530315124e-17, 1.18796842345e-17, 1.11792417539e-17, 8.63928028548e-18, 1.55757579948e-17, 1.34285460171e-17, 1.13988871579e-17, 8.7849319021e-18, 7.68684550303e-18, 4.30563638856e-18, 2.80297657228e-18, 1.05495347962e-18, 2.94410769855e-19, 3.56721445293e-20],
        "stdev": [0.00191567209549, 0.0540404096246, 0.426881253719, 1.50819182396, 2.92539381981, 6.28096532822, 18.0066223145, 44.1685333252, 79.441696167, 162.70274353, 198.646911621, 239.583084106, 120.0675354, 71.2561187744, 35.9555969238, 44.8486862183, 33.2489395142, 60.7080421448, 90.1635971069, 38.5741882324, 30.7219963074, 24.9739112854, 7.23509550095, 11.5271177292, 6.49654722214, 7.80380392075, 5.50592708588, 3.47945380211, 2.32826709747, 1.93646669388, 1.06632983685, 0.231823831797, 0.0493157915771, 0.0221998449415, 0.0113629568368, 0.00375576037914, 0.00123297946993, 4.15668619098e-05, 1.25985206978e-05, 2.9114247809e-05]
    },
    "gfcc": {
        "mean": [-96.4166030884, 120.832328796, -117.07849884, 4.59545707703, -71.2418899536, 1.45592236519, -54.5010757446, 6.74926805496, -27.7837715149, 4.93207168579, -20.6344146729, -9.83532428741, -10.7089176178],
        "cov": [[11291.4824219, 1500.63525391, -1968.3482666, 90.4415817261, -293.844024658, -279.102142334, -321.578094482, -56.7445068359, -68.588142395, -167.646438599, -18.0413665771, -371.613189697, 38.0680160522], [1500.63525391, 604.787719727, -17.5323982239, -203.481826782, -9.83392238617, -105.658905029, -35.4290351868, 24.8198413849, 11.8776817322, -64.9702072144, 34.0883636475, -102.12991333, -4.19350814819], [-1968.3482666, -17.5323982239, 1322.06481934, -166.179763794, -267.819610596, 61.4728279114, 2.01254725456, 91.4247817993, -63.2914581299, 109.570030212, -83.5524902344, 176.298400879, -89.753692627], [90.4415817261, -203.481826782, -166.179763794, 459.223083496, 104.955780029, 6.89076805115, -31.8965797424, -71.661529541, -10.3629598618, -8.48681163788, -14.1500606537, -0.410346776247, 44.9730148315], [-293.844024658, -9.83392238617, -267.819610596, 104.955780029, 459.888397217, 78.5331192017, -73.274772644, -45.5690765381, -16.153585434, -24.5250015259, -3.76376914978, -37.6907463074, 7.1184387207], [-279.102142334, -105.658905029, 61.4728279114, 6.89076805115, 78.5331192017, 242.837051392, 12.1048069, -14.2909002304, -35.1756248474, 21.0241413116, -30.404214859, 49.5032730103, -33.7539901733], [-321.578094482, -35.4290351868, 2.01254725456, -31.8965797424, -73.274772644, 12.1048069, 176.425735474, 46.5931968689, 24.3402843475, -22.4816684723, 32.4660263062, -5.16868877411, -8.77734851837], [-56.7445068359, 24.8198413849, 91.4247817993, -71.661529541, -45.5690765381, -14.2909002304, 46.5931968689, 132.165359497, 19.5373897552, -6.82840967178, 10.9606227875, 23.3250827789, -24.2603263855], [-68.588142395, 11.8776817322, -63.2914581299, -10.3629598618, -16.153585434, -35.1756248474, 24.3402843475, 19.5373897552, 113.7264328, 10.508559227, 17.8509216309, -40.8556480408, 28.0413303375], [-167.646438599, -64.9702072144, 109.570030212, -8.48681163788, -24.5250015259, 21.0241413116, -22.4816684723, -6.82840967178, 10.508559227, 131.148468018, 11.2108545303, 0.0708365291357, -21.7345619202], [-18.0413665771, 34.0883636475, -83.5524902344, -14.1500606537, -3.76376914978, -30.404214859, 32.4660263062, 10.9606227875, 17.8509216309, 11.2108545303, 109.605461121, -9.18818187714, 2.48167109489], [-371.613189697, -102.12991333, 176.298400879, -0.410346776247, -37.6907463074, 49.5032730103, -5.16868877411, 23.3250827789, -40.8556480408, 0.0708365291357, -9.18818187714, 125.483978271, -7.09053277969], [38.0680160522, -4.19350814819, -89.753692627, 44.9730148315, 7.1184387207, -33.7539901733, -8.77734851837, -24.2603263855, 28.0413303375, -21.7345619202, 2.48167109489, -7.09053277969, 84.8709030151]],
        "icov": [[0.00111522956286, -0.00391350453719, 0.00279339938425, -0.0016919481568, 0.00269175041467, -0.00088607694488, 0.00147004576866, -0.00141363940202, 0.00148080964573, -0.00231005926616, 0.00270254071802, -0.00159145728685, 0.00103402929381], [-0.00391350453719, 0.0168508961797, -0.0102934753522, 0.00717825908214, -0.00938865542412, 0.00340596144088, -0.00357486214489, 0.00438726879656, -0.00451231421903, 0.0103866076097, -0.0110497251153, 0.00898231938481, -0.00385072687641], [0.00279339938425, -0.0102934753522, 0.00838497560471, -0.0041748136282, 0.00719063635916, -0.00211447058246, 0.00337329646572, -0.00378415104933, 0.00373577256687, -0.00717611098662, 0.00809577666223, -0.00606196559966, 0.00332597084343], [-0.0016919481568, 0.00717825908214, -0.0041748136282, 0.00569286663085, -0.00454685650766, 0.00170551519841, -0.00186753226444, 0.00299268914387, -0.00180409813765, 0.00403335643932, -0.00419611716643, 0.00300049805082, -0.00259372708388], [0.00269175041467, -0.00938865542412, 0.00719063635916, -0.00454685650766, 0.00965975690633, -0.00364546035416, 0.0051756715402, -0.0037704941351, 0.0038665428292, -0.00481582432985, 0.00600023474544, -0.00268405163661, 0.00262940791436], [-0.00088607694488, 0.00340596144088, -0.00211447058246, 0.00170551519841, -0.00364546035416, 0.00680465949699, -0.00298755452968, 0.00259697902948, -0.00100026349537, 0.000589773757383, -0.000263294903561, -0.00153653253801, 0.00123212230392], [0.00147004576866, -0.00357486214489, 0.00337329646572, -0.00186753226444, 0.0051756715402, -0.00298755452968, 0.0107714226469, -0.00442446768284, 0.00116699340288, 0.00042093594675, 0.000111292749352, 0.00118542008568, 0.00176593184005], [-0.00141363940202, 0.00438726879656, -0.00378415104933, 0.00299268914387, -0.0037704941351, 0.00259697902948, -0.00442446768284, 0.012916569598, -0.00524022802711, 0.00361472251825, -0.00321109732613, -0.00183472188655, 0.00244455225766], [0.00148080964573, -0.00451231421903, 0.00373577256687, -0.00180409813765, 0.0038665428292, -0.00100026349537, 0.00116699340288, -0.00524022802711, 0.0150589095429, -0.00489389291033, 0.00268094730563, 0.00290428148583, -0.00414430350065], [-0.00231005926616, 0.0103866076097, -0.00717611098662, 0.00403335643932, -0.00481582432985, 0.000589773757383, 0.00042093594675, 0.00361472251825, -0.00489389291033, 0.0165713392198, -0.00935683771968, 0.00710112554953, 0.000265955633949], [0.00270254071802, -0.0110497251153, 0.00809577666223, -0.00419611716643, 0.00600023474544, -0.000263294903561, 0.000111292749352, -0.00321109732613, 0.00268094730563, -0.00935683771968, 0.0188837144524, -0.00743650505319, 0.00305710616522], [-0.00159145728685, 0.00898231938481, -0.00606196559966, 0.00300049805082, -0.00268405163661, -0.00153653253801, 0.00118542008568, -0.00183472188655, 0.00290428148583, 0.00710112554953, -0.00743650505319, 0.0194014273584, -0.00493357330561], [0.00103402929381, -0.00385072687641, 0.00332597084343, -0.00259372708388, 0.00262940791436, 0.00123212230392, 0.00176593184005, 0.00244455225766, -0.00414430350065, 0.000265955633949, 0.00305710616522, -0.00493357330561, 0.0181069802493]]
    },
    "melbands": {
        "max": [0.00032427610131, 0.00153976411093, 0.00210608029738, 0.00288449437357, 0.00651195971295, 0.0202727019787, 0.0189920011908, 0.0344353318214, 0.0219600629061, 0.026053821668, 0.0120878946036, 0.00576057611033, 0.00235916674137, 0.0020069044549, 0.0011725021759, 0.00108739966527, 0.00242802221328, 0.00310180173256, 0.00143125967588, 0.000521206122357, 0.000534091552254, 0.000463588163257, 0.000107536157884, 0.000132608838612, 0.000286677968688, 7.34679051675e-05, 5.68636278331e-05, 0.000102123034594, 6.68442517053e-05, 3.04829736706e-05, 3.96630857722e-05, 2.17020242417e-05, 1.93800096895e-05, 2.67407267529e-05, 1.69502854988e-05, 7.78698995418e-06, 1.12002794594e-06, 6.4076596118e-07, 3.07987050974e-07, 1.96268061359e-07],
        "mean": [2.48159649345e-05, 0.000156536072609, 0.000253078120295, 0.000228601144045, 0.000308360526105, 0.000366009859135, 0.000379851582693, 0.000525928335264, 0.000468940212158, 0.000287981529254, 0.000123332458315, 5.96837235207e-05, 3.20411818393e-05, 2.9498594813e-05, 2.7360068998e-05, 2.81638913293e-05, 3.55370830221e-05, 3.31704759446e-05, 2.0735349608e-05, 1.59487044584e-05, 1.42171038533e-05, 1.02860649349e-05, 3.69248687093e-06, 2.17288720705e-06, 2.02156479645e-06, 1.85252451956e-06, 1.79892663255e-06, 1.61489469974e-06, 1.05031460862e-06, 5.4224744872e-07, 3.84897447248e-07, 2.49473117719e-07, 2.05604564485e-07, 1.64808810155e-07, 1.09426224526e-07, 6.89466830295e-08, 4.08297857746e-08, 3.39079768708e-08, 3.06626901647e-08, 2.94468165407e-08],
        "min": [6.52470128481e-24, 2.68223554613e-24, 4.39990916976e-24, 2.9954924088e-24, 2.29074320596e-24, 3.79655876717e-24, 1.08122873113e-24, 3.19840064705e-24, 7.53593064073e-24, 8.47539061478e-24, 6.70969981671e-24, 5.72313025268e-24, 4.86363276986e-24, 3.51987605985e-24, 2.93124915441e-24, 5.99159855139e-24, 4.68633943685e-24, 6.13100171183e-24, 6.18996038702e-24, 4.62578055731e-24, 3.96567792347e-24, 7.36444016854e-24, 9.13457619782e-24, 1.05603894303e-23, 4.82341624648e-24, 4.58688616481e-24, 4.47799417204e-24, 5.23105183621e-24, 6.41982774949e-24, 9.06986357118e-24, 5.2455025847e-24, 5.85192047293e-24, 5.18544068753e-24, 4.02634921569e-24, 8.31896659703e-24, 8.05924045487e-24, 8.40911998786e-24, 6.86149637639e-24, 6.85917791419e-24, 6.64863646062e-24],
        "stdev": [3.133793507e-05, 0.000165653167642, 0.000255280814599, 0.00028284592554, 0.000524982868228, 0.00103986938484, 0.00111932645086, 0.00194748747163, 0.00160118320491, 0.00144577305764, 0.00059877865715, 0.000331505143549, 0.000134910354973, 0.000114599773951, 8.21688372525e-05, 8.31656361697e-05, 0.000121914890769, 0.000157297166879, 8.20039203973e-05, 4.27774866694e-05, 3.76715797756e-05, 3.23468593706e-05, 1.07307869257e-05, 7.75473381509e-06, 1.06852912722e-05, 5.25117275174e-06, 4.66375377073e-06, 5.68384621147e-06, 4.33022842117e-06, 2.25695339395e-06, 2.08989399653e-06, 1.33310368255e-06, 1.19174842439e-06, 1.04550497326e-06, 6.87139788624e-07, 3.28484730971e-07, 7.73630262074e-08, 3.68947219442e-08, 2.24493366119e-08, 1.87459807677e-08]
    },
    "melbands128": {
        "max": [7.74396248744e-05, 0.000159223927767, 0.000493420870043, 0.00105868373066, 0.001706394949, 0.002321398817, 0.00252758851275, 0.00311869918369, 0.00371217704378, 0.00533809047192, 0.00640314538032, 0.00528854783624, 0.0111745884642, 0.016204431653, 0.0134199894965, 0.044390052557, 0.0492380931973, 0.0187737159431, 0.0221735723317, 0.0375148914754, 0.0574730671942, 0.0454624518752, 0.0411998219788, 0.0300205666572, 0.0526327006519, 0.0381101593375, 0.0120462123305, 0.0102899083868, 0.0285624396056, 0.011676103808, 0.00468203239143, 0.00564220268279, 0.00377442501485, 0.00397793576121, 0.00137569534127, 0.00403666589409, 0.00320773967542, 0.000901720428374, 0.00137011136394, 0.00118276965804, 0.0017829410499, 0.00319291464984, 0.00182510144077, 0.00208216672763, 0.00653178058565, 0.0041612223722, 0.0034018852748, 0.00238724565133, 0.000981073244475, 0.000865187612362, 0.000689111824613, 0.00119378883392, 0.00132122193463, 0.000557426712476, 0.00131442386191, 0.000609181588516, 0.000523716851603, 0.000239399305428, 0.000104630424175, 7.77233144618e-05, 0.000251867604675, 0.000120092867292, 0.000571352546103, 0.000237696323893, 7.32464541215e-05, 0.000131619963213, 7.59800532251e-05, 8.00916895969e-05, 5.49552823941e-05, 9.89680120256e-05, 0.000111832821858, 0.000125877137179, 9.93856956484e-05, 8.15407038317e-05, 4.34926478192e-05, 3.94010276068e-05, 4.90927450301e-05, 3.07209811581e-05, 5.29602948518e-05, 3.83055812563e-05, 2.21638620133e-05, 2.23462266149e-05, 2.68863932433e-05, 2.52699010161e-05, 1.98819689103e-05, 3.24235079461e-05, 2.73415716947e-05, 2.45058472501e-05, 1.58012517204e-05, 1.53444234456e-05, 9.63525053521e-06, 9.52907612373e-06, 1.91045660358e-06, 1.32265222419e-06, 8.00067255113e-07, 7.84395922437e-07, 5.22726509189e-07, 6.5905902602e-07, 2.7215506293e-07, 2.58713697576e-07, 2.41785187427e-07, 2.32356626384e-07, 1.83129245102e-07, 1.71940484961e-07, 2.06302985362e-07, 2.96644032005e-07, 9.12342414949e-08, 7.46642072613e-08, 6.02183334308e-08, 4.9861132112e-08, 5.77075951469e-08, 4.201700321e-08, 2.78076690563e-08, 2.40561597309e-08, 5.77661385393e-09, 1.88990600947e-09, 2.55385490533e-09, 1.66463787199e-10, 1.77821632419e-10, 1.83437182111e-10, 1.86910278921e-10, 1.90993179605e-10, 1.93863980424e-10, 1.99745178731e-10, 1.99543867541e-10, 1.98063190848e-10, 1.98464147894e-10, 1.98995306344e-10],
        "mean": [2.11286965168e-06, 4.41646670879e-06, 1.88287413039e-05, 9.11031675059e-05, 0.000159735631314, 0.000186366218259, 0.000291710195597, 0.000236476727878, 0.000262565736193, 0.000213806415559, 0.000213355611777, 0.000268459058134, 0.000348485773429, 0.000347223103745, 0.000321581115713, 0.000410850479966, 0.000410898588598, 0.000328502064804, 0.000379562290618, 0.000586567271966, 0.000557277991902, 0.000487681332743, 0.000488403253257, 0.00040985684609, 0.000345766718965, 0.00022544960666, 0.000170516679646, 0.00010760477744, 9.40111494856e-05, 7.44401841075e-05, 4.27738341386e-05, 3.71086243831e-05, 3.62376886187e-05, 2.4163748094e-05, 2.27742457355e-05, 3.5898436181e-05, 3.47675122612e-05, 1.87321165868e-05, 3.16201876558e-05, 2.82616674667e-05, 2.39508699451e-05, 3.32189229084e-05, 3.79897173843e-05, 3.64428087778e-05, 2.92073127639e-05, 3.43850369973e-05, 3.8510934246e-05, 1.63433978742e-05, 1.47885739352e-05, 2.0919198505e-05, 1.50766236402e-05, 1.30518183141e-05, 1.24921125462e-05, 1.51989788719e-05, 1.74906163011e-05, 8.75746354723e-06, 5.41687541045e-06, 5.57361363462e-06, 2.38644770434e-06, 1.6415817754e-06, 2.48030278271e-06, 1.9774527118e-06, 2.48553669735e-06, 1.86319812201e-06, 1.61430000389e-06, 1.93776213564e-06, 1.948386398e-06, 1.81058646831e-06, 1.77898891707e-06, 1.74341221282e-06, 1.6650329826e-06, 1.572279416e-06, 1.33515572998e-06, 9.81911625786e-07, 6.84863209699e-07, 5.61580691283e-07, 4.84651479837e-07, 3.97423235654e-07, 4.00411238388e-07, 3.43964387639e-07, 2.39305876448e-07, 2.30803593126e-07, 2.11098580394e-07, 2.01002762878e-07, 2.05414536936e-07, 1.84145804383e-07, 1.52273116782e-07, 1.21104491768e-07, 1.09833827366e-07, 1.01337221281e-07, 7.91294425539e-08, 6.17023303562e-08, 4.59219755555e-08, 4.12318499343e-08, 3.62040459834e-08, 3.60663250376e-08, 3.38238272946e-08, 3.02550233755e-08, 3.08047525266e-08, 3.08760768064e-08, 2.9720126804e-08, 2.92250774692e-08, 2.92764070764e-08, 2.76360978546e-08, 2.73385634131e-08, 2.5131379644e-08, 2.13692619155e-08, 1.91491249524e-08, 1.69032894348e-08, 1.62266786674e-08, 1.31848896245e-08, 1.01241033335e-08, 5.45975220589e-09, 2.01073468986e-09, 6.09435141241e-11, 3.19721193964e-11, 1.05582721385e-11, 2.52819445067e-12, 2.40246407837e-12, 2.35304852859e-12, 2.29234773524e-12, 2.25380152909e-12, 2.23758229827e-12, 2.19707195145e-12, 2.0646227783e-12, 1.86040310761e-12, 1.74803140712e-12, 1.72602275354e-12],
        "min": [1.83687531354e-25, 3.00242511565e-24, 4.61407267819e-24, 1.72354432649e-24, 8.43985223379e-25, 2.00325409032e-25, 2.42796023561e-24, 5.78353609321e-24, 1.79986721072e-24, 1.9673747242e-24, 2.76678802453e-24, 1.02736550574e-24, 9.71880382322e-25, 3.58900827971e-24, 1.32915765566e-24, 1.69913815338e-24, 1.34657728217e-24, 6.88412189323e-25, 1.23534828897e-24, 2.05495504797e-24, 3.04065370955e-24, 5.84043031942e-24, 5.34334579164e-24, 8.39158203221e-24, 5.26215149411e-24, 2.48041869695e-24, 4.52578809884e-24, 5.26045544316e-24, 2.54362026052e-24, 3.64958924736e-24, 4.31608204896e-24, 3.010480766e-24, 2.44177476778e-24, 2.24840780219e-24, 3.51727281886e-24, 1.98518838673e-24, 1.57582479718e-24, 1.43794029259e-24, 2.17164749459e-24, 2.67587574951e-24, 4.48427389927e-24, 3.73622550184e-24, 4.30181589392e-24, 1.74129054142e-24, 3.44150746208e-24, 2.86904904975e-24, 8.57129795706e-24, 4.93453440473e-24, 2.40855839886e-24, 3.23460068513e-24, 1.67792706414e-24, 3.34663037215e-24, 2.1019449283e-24, 4.0713675354e-24, 3.41441048442e-24, 5.41476373597e-24, 8.17679966241e-24, 5.45631225099e-24, 8.27011717433e-24, 7.641331924e-24, 6.80979364381e-24, 7.19461734831e-24, 6.30569890359e-24, 2.53799548505e-24, 1.20048073556e-24, 2.23379336506e-24, 6.37955718914e-24, 2.63166246235e-24, 3.71139492156e-24, 4.31550933594e-24, 5.96771302647e-24, 3.84698472838e-24, 5.75191854813e-24, 3.87963134251e-24, 6.36274814097e-24, 7.52373879544e-24, 9.52009883309e-24, 6.02824587361e-24, 4.66855930091e-24, 1.56151919909e-24, 5.21169673947e-24, 7.14430458864e-24, 4.0620380719e-24, 4.49946775474e-24, 5.29155588992e-24, 2.63435484462e-24, 3.58399230765e-24, 5.26723530821e-24, 9.73237578066e-24, 7.11774758626e-24, 6.70272470858e-24, 6.22092199426e-24, 4.25188770394e-24, 8.05787493664e-24, 6.28926614208e-24, 4.42086723186e-24, 4.01901675358e-24, 6.0937946928e-24, 5.91599727768e-24, 6.57801132149e-24, 4.98066699047e-24, 5.34837123004e-24, 6.39879395674e-24, 4.06631724789e-24, 8.13162869812e-24, 7.20021826074e-24, 7.79977779226e-24, 6.51213473059e-24, 5.23278023046e-24, 6.58368599242e-24, 7.32665373118e-24, 6.35903142281e-24, 6.5864769823e-24, 6.16934311284e-24, 5.32953914808e-24, 7.66682711959e-24, 6.62367216841e-24, 5.98986897386e-24, 7.54100932724e-24, 6.14862092015e-24, 8.15339573707e-24, 8.47785580511e-24, 9.66621796084e-24, 9.26791499005e-24, 8.34179780935e-24, 9.75487882684e-24, 6.53197655451e-24, 7.05015325074e-24],
        "stdev": [4.25653661296e-06, 9.87964631349e-06, 3.55133197445e-05, 0.000109151515062, 0.000212847342482, 0.000234853243455, 0.000358912540833, 0.000302420550724, 0.000362530176062, 0.000350817717845, 0.000437287380919, 0.000494989275467, 0.000735159090254, 0.000940484402236, 0.000948471366428, 0.00184741429985, 0.00217766780406, 0.00107395986561, 0.00124440854415, 0.00237384065986, 0.00294544384815, 0.00237744045444, 0.00207614712417, 0.00195078377146, 0.00246944534592, 0.00143710803241, 0.000761555507779, 0.000564570655115, 0.0009667078848, 0.000556095910724, 0.000220064452151, 0.000239707907895, 0.000166027995874, 0.000137308990816, 8.37283369037e-05, 0.000189455764485, 0.000166379584698, 6.13879819866e-05, 0.000105180115497, 8.5658270109e-05, 9.65203507803e-05, 0.000150214094901, 0.000134947418701, 0.000125279781059, 0.000230272096815, 0.00020103737188, 0.000195645654458, 9.89118852885e-05, 5.08030643687e-05, 6.76409035805e-05, 5.31276673428e-05, 4.78099900647e-05, 5.12120313942e-05, 4.03694830311e-05, 6.49162611808e-05, 3.5059878428e-05, 2.35864445131e-05, 2.00164849957e-05, 7.18057708582e-06, 4.82572386318e-06, 1.21656621559e-05, 7.73736246629e-06, 1.89466081792e-05, 1.11009449029e-05, 5.29416320205e-06, 7.00487589711e-06, 5.66682274439e-06, 5.11118059876e-06, 4.96247275805e-06, 5.47963327335e-06, 6.05093373451e-06, 6.82177869749e-06, 6.11571113041e-06, 4.73171576232e-06, 3.03850902128e-06, 2.54884321294e-06, 2.51086157732e-06, 1.89962213426e-06, 2.47092611971e-06, 2.15414979721e-06, 1.23216068459e-06, 1.24063581097e-06, 1.30503894979e-06, 1.25933888739e-06, 1.2194482224e-06, 1.27059820443e-06, 1.00762929378e-06, 8.22470951789e-07, 7.13451299816e-07, 6.58955286781e-07, 4.13520467646e-07, 3.10794007419e-07, 1.16029127639e-07, 8.42206944185e-08, 5.50960912449e-08, 4.61725626622e-08, 3.68127750505e-08, 3.12877332931e-08, 2.53914382853e-08, 2.49504612526e-08, 2.25357936756e-08, 2.17167315242e-08, 2.03658245823e-08, 1.76746972613e-08, 1.91190565602e-08, 1.61842255153e-08, 1.19513758889e-08, 9.77573755279e-09, 9.40795619186e-09, 9.15630327114e-09, 8.76649774995e-09, 7.56324602946e-09, 5.88488857645e-09, 2.76040967861e-09, 2.96095009622e-10, 8.34886396128e-11, 7.34107150069e-11, 8.51939959551e-12, 8.11117666089e-12, 8.08407420866e-12, 8.0399185573e-12, 8.00933017825e-12, 7.98020590581e-12, 8.02232585917e-12, 7.96127313379e-12, 7.88800968987e-12, 7.86317538859e-12, 7.85334037384e-12]
    },
    "mfcc": {
        "mean": [-737.377075195, 158.842407227, 1.36836636066, 4.78690719604, -2.37167429924, -10.4002819061, -12.1723957062, -12.7345333099, -4.32841253281, 1.73392772675, -4.34236240387, -4.84972858429, -1.94149827957],
        "cov": [[5002.86816406, 636.538452148, -1428.59228516, 240.241775513, -19.4397315979, -83.6357803345, -73.9481811523, -63.6671829224, -30.1109542847, 114.637275696, -169.47857666, 53.3958930969, 99.6348114014], [636.538452148, 900.704650879, 142.782623291, -186.888870239, 11.1207313538, -190.331619263, -2.29781508446, -22.2127132416, -21.5480861664, 36.9299125671, 4.86110830307, 18.0415916443, 43.5397491455], [-1428.59228516, 142.782623291, 1197.12939453, -66.1147689819, -216.86706543, -65.7381057739, -43.3411712646, 15.356133461, 5.53557777405, -46.3359985352, 90.9954681396, -18.0842933655, -57.7019424438], [240.241775513, -186.888870239, -66.1147689819, 324.69644165, 68.687461853, 21.7114543915, -19.8371906281, -34.0049934387, -4.53253793716, 8.04568386078, -62.1884689331, -18.4985790253, 19.6184425354], [-19.4397315979, 11.1207313538, -216.86706543, 68.687461853, 363.271636963, 114.37386322, 20.9787063599, -24.1022758484, -0.381352454424, -12.6568651199, -44.8433837891, -38.1318054199, 12.4111213684], [-83.6357803345, -190.331619263, -65.7381057739, 21.7114543915, 114.37386322, 240.320983887, 39.8276519775, -13.8640537262, 7.21222305298, -25.8755245209, -3.09394907951, -26.9508953094, -42.6448669434], [-73.9481811523, -2.29781508446, -43.3411712646, -19.8371906281, 20.9787063599, 39.8276519775, 123.073661804, 48.7923240662, -17.6914920807, -13.0127096176, 23.4888629913, 14.18846035, -1.76051294804], [-63.6671829224, -22.2127132416, 15.356133461, -34.0049934387, -24.1022758484, -13.8640537262, 48.7923240662, 157.313644409, 32.2509460449, -56.5157928467, 11.1045150757, 21.3787288666, -2.18995594978], [-30.1109542847, -21.5480861664, 5.53557777405, -4.53253793716, -0.381352454424, 7.21222305298, -17.6914920807, 32.2509460449, 87.6971282959, 17.1228294373, -19.951128006, -5.67434835434, -2.86883878708], [114.637275696, 36.9299125671, -46.3359985352, 8.04568386078, -12.6568651199, -25.8755245209, -13.0127096176, -56.5157928467, 17.1228294373, 129.786056519, 28.928068161, -11.4128923416, 5.66647624969], [-169.47857666, 4.86110830307, 90.9954681396, -62.1884689331, -44.8433837891, -3.09394907951, 23.4888629913, 11.1045150757, -19.951128006, 28.928068161, 113.109176636, 27.5527706146, -23.4142532349], [53.3958930969, 18.0415916443, -18.0842933655, -18.4985790253, -38.1318054199, -26.9508953094, 14.18846035, 21.3787288666, -5.67434835434, -11.4128923416, 27.5527706146, 84.5004348755, 32.719329834], [99.6348114014, 43.5397491455, -57.7019424438, 19.6184425354, 12.4111213684, -42.6448669434, -1.76051294804, -2.18995594978, -2.86883878708, 5.66647624969, -23.4142532349, 32.719329834, 92.7621383667]],
        "icov": [[0.000741778465454, -0.00119689595886, 0.00116721366066, -0.00118503661361, 0.00121196266264, -0.00105979200453, 0.00106356153265, -0.000589368399233, 0.000380345794838, -0.000139491923619, 2.34167182498e-05, -0.000107307030703, 0.000162682277733], [-0.00119689595886, 0.00379061722197, -0.00226004747674, 0.00320246256888, -0.00289984000847, 0.00339732738212, -0.00229771458544, 0.00133012700826, -9.77603413048e-05, -0.000532323960215, 0.00107470492367, -0.000358134304406, -0.000212075887248], [0.00116721366066, -0.00226004747674, 0.0030591620598, -0.0022610949818, 0.00270765344612, -0.00171016645618, 0.00195772130974, -0.000451011554105, -0.000345813343301, 0.00130401772913, -0.00181505607907, 0.00105479243211, 0.000145728117786], [-0.00118503661361, 0.00320246256888, -0.0022610949818, 0.00647260947153, -0.00304934941232, 0.00241317320615, -0.00161388970446, 0.000959296652582, 0.000936655967962, -0.00150914036203, 0.00319487508386, -0.000628232490271, -0.000347137189237], [0.00121196266264, -0.00289984000847, 0.00270765344612, -0.00304934941232, 0.00648882752284, -0.004143610131, 0.00159488827921, -0.000578371691518, -2.75186939689e-05, 0.0010761503363, -0.000848490570206, 0.00222565652803, -0.00143374048639], [-0.00105979200453, 0.00339732738212, -0.00171016645618, 0.00241317320615, -0.004143610131, 0.00963000580668, -0.00486227264628, 0.00396470911801, -0.00304241967387, 0.00243649631739, -0.000582390173804, 0.000514233135618, 0.00238108169287], [0.00106356153265, -0.00229771458544, 0.00195772130974, -0.00161388970446, 0.00159488827921, -0.00486227264628, 0.0139349848032, -0.00679998286068, 0.00559019856155, -0.00257007917389, -0.000594287062995, -0.00125659070909, -0.000226418866077], [-0.000589368399233, 0.00133012700826, -0.000451011554105, 0.000959296652582, -0.000578371691518, 0.00396470911801, -0.00679998286068, 0.0139534370974, -0.00916417874396, 0.00829792767763, -0.00419923430309, 0.0009016575641, -0.000542585272342], [0.000380345794838, -9.77603413048e-05, -0.000345813343301, 0.000936655967962, -2.75186939689e-05, -0.00304241967387, 0.00559019856155, -0.00916417874396, 0.019837686792, -0.0092856278643, 0.00802696123719, -0.00299864821136, 0.00198344234377], [-0.000139491923619, -0.000532323960215, 0.00130401772913, -0.00150914036203, 0.0010761503363, 0.00243649631739, -0.00257007917389, 0.00829792767763, -0.0092856278643, 0.0165313743055, -0.00977077800781, 0.00575656956062, -0.00314048468135], [2.34167182498e-05, 0.00107470492367, -0.00181505607907, 0.00319487508386, -0.000848490570206, -0.000582390173804, -0.000594287062995, -0.00419923430309, 0.00802696123719, -0.00977077800781, 0.0196592248976, -0.00900244247168, 0.00638374686241], [-0.000107307030703, -0.000358134304406, 0.00105479243211, -0.000628232490271, 0.00222565652803, 0.000514233135618, -0.00125659070909, 0.0009016575641, -0.00299864821136, 0.00575656956062, -0.00900244247168, 0.0201419126242, -0.00881281401962], [0.000162682277733, -0.000212075887248, 0.000145728117786, -0.000347137189237, -0.00143374048639, 0.00238108169287, -0.000226418866077, -0.000542585272342, 0.00198344234377, -0.00314048468135, 0.00638374686241, -0.00881281401962, 0.017111485824]]
    },
    "spectral_contrast_coeffs": {
        "max": [-0.484493583441, -0.440696567297, -0.518330454826, -0.598531424999, -0.635124444962, -0.595441579819],
        "mean": [-0.689620196819, -0.762746810913, -0.778655648232, -0.807727277279, -0.816839575768, -0.823469042778],
        "min": [-0.972889065742, -0.973151087761, -0.965533852577, -0.968977570534, -0.967985212803, -0.960339069366],
        "stdev": [0.0691784545779, 0.073312535882, 0.0595881193876, 0.0565153583884, 0.0474572628736, 0.0459174476564]
    },
    "spectral_contrast_valleys": {
        "max": [-5.9427690506, -3.90534281731, -5.48605585098, -5.4128704071, -6.11208820343, -9.93210792542],
        "mean": [-7.49914360046, -6.77010536194, -7.96178340912, -8.29869270325, -8.79911994934, -11.2974748611],
        "min": [-27.6891365051, -27.7936534882, -27.7233829498, -27.2397899628, -27.435760498, -27.321931839],
        "stdev": [1.6737934351, 1.751937747, 1.69177293777, 1.70718860626, 1.6188223362, 1.26613235474]
    }
},
"rhythm": {
    "beats_count": 45,
    "beats_loudness": {
        "max": 0.159836530685,
        "mean": 0.0234203152359,
        "min": 0.000925346568692,
        "stdev": 0.0380270406604
    },
    "bpm": 97.9811325073,
    "bpm_histogram_first_peak_bpm": 99,
    "bpm_histogram_first_peak_weight": 0.319999992847,
    "bpm_histogram_second_peak_bpm": 94,
    "bpm_histogram_second_peak_spread": 0.58333337307,
    "bpm_histogram_second_peak_weight": 0.113636367023,
    "danceability": 1.3690598011,
    "onset_rate": 3.65349245071,
    "beats_loudness_band_ratio": {
        "max": [0.738051652908, 0.780113518238, 0.849551200867, 0.627560675144, 0.498281508684, 0.0725381523371],
        "mean": [0.177472367883, 0.304368942976, 0.391036212444, 0.1062765643, 0.0762773454189, 0.0113407745957],
        "min": [0.00416502403095, 0.0169797148556, 0.0450919978321, 0.00316432164982, 0.000502868322656, 0.000398199219489],
        "stdev": [0.166643798351, 0.204351112247, 0.252952903509, 0.125140175223, 0.108683161438, 0.0146482465789]
    },
    "beats_position": [0.615328788757, 1.25387752056, 1.88081634045, 2.50775504112, 3.14630389214, 3.78485250473, 4.41179132462, 5.0387301445, 5.66566896439, 6.31582736969, 6.96598625183, 7.59292507172, 8.2198638916, 8.84680271149, 9.45052146912, 10.0542402267, 10.6579589844, 11.261677742, 11.8653964996, 12.4691152573, 13.0728340149, 13.6765527725, 14.2802715302, 14.8839902878, 15.4877090454, 16.0914287567, 16.6951465607, 17.3104763031, 17.9258041382, 18.5411338806, 19.1448516846, 19.8182315826, 20.4916095734, 21.153377533, 21.8151473999, 22.4769153595, 23.1386852264, 23.7772331238, 24.4157810211, 25.0659408569, 25.7857589722, 26.4939670563, 27.2021770477, 27.9103851318, 28.6069831848],
