{
"metadata": {
    "version": {
        "essentia": "2.1-beta5",
        "essentia_git_sha": "Undefined",
        "extractor": "music 2.0"
    },
    "audio_properties": {
        "analysis": {
            "equal_loudness": 0,
            "length": 29.0017242432,
            "sample_rate": 44100,
            "start_time": 0,
            "downmix": "mix"
        },
        "bit_rate": 192000,
        "length": 225.18711853,
        "lossless": 0,
        "number_channels": 2,
        "replay_gain": 1.38277244568,
        "sample_rate": 48000,
        "codec": "mp3",
        "md5_encoded": "2e9ffeb8a9c6330678aba0d048e9dc8a"
    },
    "tags": {
        "file_name": "Iceland_Hægt Og Hljótt_Halla Margarét.mp3",
        "encoding": ["Lavf58.29.100"]
    }
},
"lowlevel": {
    "average_loudness": 0.0374631285667,
    "barkbands_crest": {
        "max": 24.8096427917,
        "mean": 6.53581619263,
        "min": 1.77508795261,
        "stdev": 2.58501219749
    },
    "barkbands_flatness_db": {
        "max": 0.385957449675,
        "mean": 0.0972145199776,
        "min": 0.0174284316599,
        "stdev": 0.0532946847379
    },
    "barkbands_kurtosis": {
        "max": 68.1431732178,
        "mean": 2.19776344299,
        "min": -1.79386210442,
        "stdev": 4.40564966202
    },
    "barkbands_skewness": {
        "max": 7.32445383072,
        "mean": -0.617824196815,
        "min": -4.512778759,
        "stdev": 1.35357654095
    },
    "barkbands_spread": {
        "max": 85.1002578735,
        "mean": 27.4474506378,
        "min": 0.882696688175,
        "stdev": 19.2433776855
    },
    "dissonance": {
        "max": 0.500000059605,
        "mean": 0.48664277792,
        "min": 0.304868549109,
        "stdev": 0.0256895720959
    },
    "dynamic_complexity": 10.4136390686,
    "erbbands_crest": {
        "max": 29.8398666382,
        "mean": 5.29918479919,
        "min": 2.24421930313,
        "stdev": 3.2286965847
    },
    "erbbands_flatness_db": {
        "max": 0.355378955603,
        "mean": 0.151901036501,
        "min": 0.0452783815563,
        "stdev": 0.0790657475591
    },
    "erbbands_kurtosis": {
        "max": 32.2654304504,
        "mean": 0.390228480101,
        "min": -1.56654584408,
        "stdev": 1.6515045166
    },
    "erbbands_skewness": {
        "max": 5.07838630676,
        "mean": -0.240991473198,
        "min": -2.7961499691,
        "stdev": 0.61664390564
    },
    "erbbands_spread": {
        "max": 106.382972717,
        "mean": 32.5781326294,
        "min": 4.52667665482,
        "stdev": 16.7609710693
    },
    "hfc": {
        "max": 139.234085083,
        "mean": 13.3139610291,
        "min": 1.03801108359e-16,
        "stdev": 24.400177002
    },
    "loudness_ebu128": {
        "integrated": -24.1298923492,
        "loudness_range": 16.7954711914,
        "momentary": {
            "max": -21.5505123138,
            "mean": -148.771102905,
            "min": -300.691009521,
            "stdev": 132.463562012
        },
        "short_term": {
            "max": -22.3160305023,
            "mean": -132.802780151,
            "min": -300.691009521,
            "stdev": 130.215988159
        }
    },
    "melbands_crest": {
        "max": 29.689699173,
        "mean": 6.02501726151,
        "min": 1.0020942688,
        "stdev": 4.89946746826
    },
    "melbands_flatness_db": {
        "max": 0.450375825167,
        "mean": 0.0718660503626,
        "min": 3.40832713164e-07,
        "stdev": 0.0752532556653
    },
    "melbands_kurtosis": {
        "max": 89.8554000854,
        "mean": 1.93542015553,
        "min": -1.66096889973,
        "stdev": 6.59855890274
    },
    "melbands_skewness": {
        "max": 8.05700397491,
        "mean": 0.639909923077,
        "min": -2.50123119354,
        "stdev": 1.21597576141
    },
    "melbands_spread": {
        "max": 165.149291992,
        "mean": 78.99609375,
        "min": 1.16028666496,
        "stdev": 51.9758834839
    },
    "pitch_salience": {
        "max": 0.99773812294,
        "mean": 0.761275112629,
        "min": 0.0975850969553,
        "stdev": 0.0858782678843
    },
    "silence_rate_20dB": {
        "max": 1,
        "mean": 1,
        "min": 1,
        "stdev": 0
    },
    "silence_rate_30dB": {
        "max": 1,
        "mean": 1,
        "min": 1,
        "stdev": 0
    },
    "silence_rate_60dB": {
        "max": 1,
        "mean": 0.716000020504,
        "min": 0,
        "stdev": 0.450935810804
    },
    "spectral_centroid": {
        "max": 11970.9443359,
        "mean": 6079.20458984,
        "min": 332.486297607,
        "stdev": 4428.84228516
    },
    "spectral_complexity": {
        "max": 56,
        "mean": 11.1239995956,
        "min": 0,
        "stdev": 18.0456790924
    },
    "spectral_decrease": {
        "max": 2.44907679519e-28,
        "mean": -1.65715241529e-09,
        "min": -2.1848414633e-08,
        "stdev": 3.11038661494e-09
    },
    "spectral_energy": {
        "max": 0.0950898379087,
        "mean": 0.00746209407225,
        "min": 9.91188798375e-21,
        "stdev": 0.0139093026519
    },
    "spectral_energyband_high": {
        "max": 0.00257076788694,
        "mean": 0.000300279236399,
        "min": 6.96118448917e-21,
        "stdev": 0.000526192889083
    },
    "spectral_energyband_low": {
        "max": 0.000976250797976,
        "mean": 4.43495991931e-05,
        "min": 1.05965902573e-23,
        "stdev": 0.000101926954812
    },
    "spectral_energyband_middle_high": {
        "max": 0.0619601272047,
        "mean": 0.00630772486329,
        "min": 1.12808442306e-21,
        "stdev": 0.0119467684999
    },
    "spectral_energyband_middle_low": {
        "max": 0.0674581080675,
        "mean": 0.000879178522155,
        "min": 1.27846092583e-22,
        "stdev": 0.00328592490405
    },
    "spectral_entropy": {
        "max": 9.82588100433,
        "mean": 8.75095176697,
        "min": 5.20075321198,
        "stdev": 1.01161170006
    },
    "spectral_flux": {
        "max": 0.277085453272,
        "mean": 0.0333181805909,
        "min": 6.33310973108e-11,
        "stdev": 0.0485852174461
    },
    "spectral_kurtosis": {
        "max": 27.0817394257,
        "mean": 2.04368138313,
        "min": -1.2750582695,
        "stdev": 4.0037560463
    },
    "spectral_rms": {
        "max": 0.00963174831122,
        "mean": 0.00154610176105,
        "min": 3.10968395131e-12,
        "stdev": 0.00221125828102
    },
    "spectral_rolloff": {
        "max": 19724.4140625,
        "mean": 10225.5185547,
        "min": 322.998046875,
        "stdev": 7762.87695312
    },
    "spectral_skewness": {
        "max": 4.16229867935,
        "mean": 0.805010616779,
        "min": -0.10562556237,
        "stdev": 0.810591101646
    },
    "spectral_spread": {
        "max": 43429512,
        "mean": 20263288,
        "min": 1757149.375,
        "stdev": 18026690
    },
    "spectral_strongpeak": {
        "max": 6.57409000397,
        "mean": 0.48550722003,
        "min": 0,
        "stdev": 0.869724810123
    },
    "zerocrossingrate": {
        "max": 0.72509765625,
        "mean": 0.286642968655,
        "min": 0.013671875,
        "stdev": 0.194763436913
    },
    "barkbands": {
        "max": [7.53685380914e-05, 0.000561533612199, 0.000683713005856, 0.0012835401576, 0.0184619370848, 0.00624096393585, 0.0263074114919, 0.0293155610561, 0.00988298840821, 0.0277209226042, 0.0090000377968, 0.0160194113851, 0.0108334422112, 0.0156664419919, 0.0256951991469, 0.0133579196408, 0.0121608413756, 0.00866092089564, 0.00327439629473, 0.00204066536389, 0.00134954368696, 0.000766231503803, 0.000313750439091, 0.00014598571579, 8.66489499458e-05, 1.39753601616e-05, 1.43342435877e-06],
        "mean": [2.8262388696e-06, 1.96106902877e-05, 1.33959892992e-05, 1.7385236788e-05, 0.000107277570351, 9.05453343876e-05, 0.000129458421725, 0.000200914029847, 0.000221955415327, 0.000383877195418, 0.00038809000398, 0.000703384168446, 0.00083558348706, 0.000958934135269, 0.00103510217741, 0.000803033704869, 0.000649473222438, 0.000354302057531, 0.00016989967844, 0.000155174071551, 0.0001219006881, 5.29374956386e-05, 2.33381451835e-05, 1.37417328006e-05, 8.76668491401e-06, 1.14112140182e-06, 5.11356503807e-08],
        "min": [2.82972233682e-26, 9.25602054532e-25, 4.78078748506e-25, 5.60002249336e-25, 2.98629014913e-24, 2.51711039258e-24, 3.43883874564e-24, 3.86337370812e-24, 7.91910641481e-24, 4.76538566614e-24, 8.60231517899e-24, 1.17125144715e-23, 1.77970207216e-23, 3.3460680721e-23, 2.78087069052e-23, 4.00138019032e-23, 5.74544815321e-23, 7.89033760423e-23, 9.98512113489e-23, 1.7494582179e-22, 2.26999584861e-22, 2.09671743895e-22, 3.51090914105e-22, 5.20440493525e-22, 8.37578682808e-22, 1.16549576653e-21, 1.77932163925e-21],
        "stdev": [7.85312295193e-06, 4.7976795031e-05, 4.27588129241e-05, 6.82243116898e-05, 0.00074429565575, 0.00038508840953, 0.000955589523073, 0.00123193336185, 0.000555304170121, 0.00124331156258, 0.000850336509757, 0.0016279615229, 0.00178954179864, 0.00201678788289, 0.00227234163322, 0.00171321781818, 0.0014225631021, 0.000765968870837, 0.000357101787813, 0.00030976976268, 0.000239750079345, 0.000100310469861, 3.85682906199e-05, 2.18478471652e-05, 1.63731892826e-05, 2.25151597988e-06, 1.43704198763e-07]
    },
    "erbbands": {
        "max": [0.0173315145075, 0.122922211885, 0.54199051857, 1.96827495098, 17.9990081787, 108.653831482, 41.6532554626, 65.049446106, 241.412445068, 782.891296387, 522.140563965, 118.407669067, 1078.89123535, 196.75479126, 480.876861572, 568.862670898, 520.800598145, 626.982849121, 1125.40527344, 734.647338867, 825.086547852, 647.460327148, 504.332183838, 196.712219238, 213.44859314, 102.065040588, 62.9405136108, 50.1944694519, 34.85206604, 14.4049968719, 7.55675983429, 3.10052084923, 2.44423151016, 1.24669229984, 0.60262131691, 0.122944772243, 0.0133759519085, 0.00208488595672, 0.000257053761743, 0.000123605932458],
        "mean": [0.000696613453329, 0.00394540606067, 0.0135042816401, 0.0429947338998, 0.131885096431, 0.445190727711, 0.665972352028, 0.715140044689, 1.46265292168, 3.21941113472, 4.2064409256, 4.67465496063, 10.6678934097, 12.8308649063, 19.6494579315, 30.0787372589, 38.0261573792, 46.5039482117, 54.4725799561, 47.6917114258, 44.9468078613, 36.4199943542, 22.2696933746, 10.1034355164, 8.79714488983, 7.285633564, 5.98053836823, 4.02757978439, 2.14702510834, 1.01264679432, 0.631295144558, 0.333274573088, 0.212679952383, 0.117420569062, 0.0503379702568, 0.00982934143394, 0.00111243803985, 0.000151254498633, 1.71813389898e-05, 1.05207891465e-05],
        "min": [3.69861190391e-23, 3.04588535619e-22, 1.71647570364e-21, 4.10100920795e-21, 8.49812645698e-21, 1.30517331109e-20, 3.7434892264e-20, 6.05373746884e-20, 8.77503502211e-20, 1.31397097467e-19, 1.46154813851e-19, 2.22181953303e-19, 3.56899017706e-19, 2.88220072602e-19, 6.86974222508e-19, 9.15143102289e-19, 9.77918562759e-19, 1.42932167298e-18, 2.13638831936e-18, 1.95714262332e-18, 3.05915709632e-18, 3.27262511546e-18, 4.46654535158e-18, 4.59993525639e-18, 4.93930140553e-18, 8.22462622493e-18, 6.83039138219e-18, 8.77472697488e-18, 8.61493718723e-18, 1.07110211312e-17, 1.04869122607e-17, 7.81666901863e-18, 9.01159676073e-18, 7.51984104608e-18, 5.45040100318e-18, 3.87960156356e-18, 1.74678666444e-18, 9.20582435202e-19, 2.24951328144e-19, 2.52504232903e-20],
        "stdev": [0.00183707010001, 0.00968026276678, 0.0371522940695, 0.137999549508, 0.892619967461, 3.81100678444, 3.13379096985, 3.28952145576, 9.6423740387, 26.8715782166, 20.7492542267, 10.4185800552, 41.2231903076, 26.7960281372, 43.8002319336, 65.9605560303, 80.7581481934, 95.5982437134, 115.028137207, 100.926651001, 95.9290847778, 78.3200454712, 48.0082359314, 20.1708431244, 19.5390548706, 14.5783443451, 11.7030849457, 8.04414749146, 4.16150331497, 1.78094995022, 1.02083301544, 0.514952540398, 0.353495210409, 0.211782172322, 0.0982957184315, 0.0198138002306, 0.00209688977338, 0.000331862975145, 3.09888055199e-05, 1.86229844985e-05]
    },
    "gfcc": {
        "mean": [-613.565917969, 26.4242897034, -94.877243042, 12.2794389725, -36.7957649231, 9.79769515991, -23.7904167175, 3.70067071915, -11.7304086685, 1.20118975639, -8.05835914612, -2.06202411652, -2.51273393631],
        "cov": [[343817.71875, 13647.2441406, -51827.5820312, 6298.63183594, -18815.453125, 5314.66113281, -11875.6132812, 1769.61108398, -5925.44042969, 538.148925781, -3905.75488281, -1115.16088867, -1060.07263184], [13647.2441406, 981.573974609, -2220.31835938, 19.2590122223, -803.787231445, 21.7709445953, -579.136230469, -24.4383811951, -233.511810303, -27.9451160431, -150.974014282, -106.698661804, -13.9764499664], [-51827.5820312, -2220.31835938, 9266.58886719, -529.466125488, 2717.77197266, -643.173522949, 1604.64453125, -41.3355178833, 753.444274902, 12.0203084946, 466.320617676, 249.039230347, -11.456404686], [6298.63183594, 19.2590122223, -529.466125488, 406.515228271, -354.912231445, 208.426010132, -218.53062439, 124.102607727, -142.109771729, 52.6916046143, -101.961494446, 16.7512702942, -75.4203033447], [-18815.453125, -803.787231445, 2717.77197266, -354.912231445, 1223.0279541, -238.594802856, 740.955932617, -80.461807251, 344.912750244, -16.8613929749, 237.631454468, 94.2847976685, 58.5078811646], [5314.66113281, 21.7709445953, -643.173522949, 208.426010132, -238.594802856, 245.841003418, -130.177597046, 91.4580841064, -109.412879944, 36.199382782, -67.6750488281, 18.0312576294, -35.9590034485], [-11875.6132812, -579.136230469, 1604.64453125, -218.53062439, 740.955932617, -130.177597046, 537.207092285, -56.9992752075, 229.469680786, -13.5155277252, 166.74508667, 58.1686897278, 52.8057441711], [1769.61108398, -24.4383811951, -41.3355178833, 124.102607727, -80.461807251, 91.4580841064, -56.9992752075, 92.5206451416, -38.1877746582, 30.4254589081, -39.0938415527, 20.3171234131, -37.6561813354], [-5925.44042969, -233.511810303, 753.444274902, -142.109771729, 344.912750244, -109.412879944, 229.469680786, -38.1877746582, 157.504989624, -5.86560869217, 75.5441436768, 9.30746269226, 29.4537372589], [538.148925781, -27.9451160431, 12.0203084946, 52.6916046143, -16.8613929749, 36.199382782, -13.5155277252, 30.4254589081, -5.86560869217, 33.4635505676, -6.32473182678, 13.458439827, -16.2225875854], [-3905.75488281, -150.974014282, 466.320617676, -101.961494446, 237.631454468, -67.6750488281, 166.74508667, -39.0938415527, 75.5441436768, -6.32473182678, 87.0724182129, 22.7771224976, 34.7030334473], [-1115.16088867, -106.698661804, 249.039230347, 16.7512702942, 94.2847976685, 18.0312576294, 58.1686897278, 20.3171234131, 9.30746269226, 13.458439827, 22.7771224976, 48.2274055481, 3.19884705544], [-1060.07263184, -13.9764499664, -11.456404686, -75.4203033447, 58.5078811646, -35.9590034485, 52.8057441711, -37.6561813354, 29.4537372589, -16.2225875854, 34.7030334473, 3.19884705544, 52.7092247009]],
        "icov": [[0.000383632839657, -0.00102742330637, 0.00129548553377, -0.00104923103936, 0.000874602061231, -0.000931100221351, 0.000775904627517, -0.00114290253259, 0.00108208425809, -0.00109495455399, 0.00107080989983, -0.00205228570849, 0.00150135532022], [-0.00102742330637, 0.00983746815473, -0.00250826193951, 0.00628369953483, -0.00326461507939, 0.00591445807368, 0.00430754339322, 0.00155958789401, 0.0010159042431, 0.0028446756769, -0.00402376428246, 0.00818462856114, -0.00269094156101], [0.00129548553377, -0.00250826193951, 0.00495026819408, -0.00343484804034, 0.00197030650452, -0.00167606689502, 0.00320944772102, -0.0046917386353, 0.00431141676381, -0.00368744763546, 0.00369557132944, -0.00703620957211, 0.00610256986693], [-0.00104923103936, 0.00628369953483, -0.00343484804034, 0.0117807565257, -0.000679609482177, 0.00148690945935, 8.38315099827e-05, 0.000209280013223, 0.000304112501908, 0.000151472733705, -0.00246774544939, 0.00495310686529, -0.00029030663427], [0.000874602061231, -0.00326461507939, 0.00197030650452, -0.000679609482177, 0.0107209738344, -0.00321685452946, -0.00558141153306, -0.00125584017951, -0.00133988214657, -0.00133516814094, 0.00161815818865, -0.0100081730634, 0.00665914965793], [-0.000931100221351, 0.00591445807368, -0.00167606689502, 0.00148690945935, -0.00321685452946, 0.0169711876661, -0.00369552848861, -0.00454129651189, 0.00607933942229, -0.00242885528132, 0.00150227872655, 0.00515031954274, -0.00523407384753], [0.000775904627517, 0.00430754339322, 0.00320944772102, 8.38315099827e-05, -0.00558141153306, -0.00369552848861, 0.02416158095, -0.0028333698865, -0.00206713471562, 0.00337299448438, -0.00884356163442, -0.00135778216645, 0.00310687441379], [-0.00114290253259, 0.00155958789401, -0.0046917386353, 0.000209280013223, -0.00125584017951, -0.00454129651189, -0.0028333698865, 0.0350499637425, -0.0089077539742, -0.0042285528034, 0.00554637564346, -0.00595445837826, 0.00326799112372], [0.00108208425809, 0.0010159042431, 0.00431141676381, 0.000304112501908, -0.00133988214657, 0.00607933942229, -0.00206713471562, -0.0089077539742, 0.0332970395684, -0.015951430425, 0.00491044484079, 0.00736058969051, -0.00244942051359], [-0.00109495455399, 0.0028446756769, -0.00368744763546, 0.000151472733705, -0.00133516814094, -0.00242885528132, 0.00337299448438, -0.0042285528034, -0.015951430425, 0.0591283142567, -0.0146473040804, -0.00588510138914, 0.00868567544967], [0.00107080989983, -0.00402376428246, 0.00369557132944, -0.00246774544939, 0.00161815818865, 0.00150227872655, -0.00884356163442, 0.00554637564346, 0.00491044484079, -0.0146473040804, 0.0484764203429, -0.0169646367431, -0.00834673270583], [-0.00205228570849, 0.00818462856114, -0.00703620957211, 0.00495310686529, -0.0100081730634, 0.00515031954274, -0.00135778216645, -0.00595445837826, 0.00736058969051, -0.00588510138914, -0.0169646367431, 0.057352039963, -0.0200533289462], [0.00150135532022, -0.00269094156101, 0.00610256986693, -0.00029030663427, 0.00665914965793, -0.00523407384753, 0.00310687441379, 0.00326799112372, -0.00244942051359, 0.00868567544967, -0.00834673270583, -0.0200533289462, 0.0483782887459]]
    },
    "melbands": {
        "max": [0.000151861517224, 0.000194611595361, 0.000843022717163, 0.0039390376769, 0.0021092176903, 0.00156898552086, 0.00344220269471, 0.00746765360236, 0.00349594536237, 0.00112922722474, 0.00538548501208, 0.000893928809091, 0.00135669880547, 0.00235912110656, 0.00131160358433, 0.00127891416196, 0.00122577673756, 0.00158387690317, 0.00191144668497, 0.00100120902061, 0.000944492174312, 0.00085352989845, 0.000418137031374, 0.000487891345983, 0.000122086086776, 0.000135037189466, 0.000138703035191, 6.83430553181e-05, 5.20947614859e-05, 3.25454820995e-05, 2.56691091636e-05, 2.51876499533e-05, 1.1075682778e-05, 7.87103999755e-06, 4.63627748104e-06, 2.4596752155e-06, 1.83655561159e-06, 1.98509997063e-06, 1.33760988774e-06, 1.13924079415e-06],
        "mean": [5.81734275329e-06, 6.62657930661e-06, 9.22241815715e-06, 2.0350651539e-05, 2.34294238908e-05, 1.69441718754e-05, 2.30870227824e-05, 3.85801613447e-05, 3.28135029122e-05, 3.10889590764e-05, 5.44952672499e-05, 5.11558246217e-05, 5.86369096709e-05, 7.75566295488e-05, 8.24742819532e-05, 8.29423952382e-05, 8.67769922479e-05, 8.66656191647e-05, 7.60377079132e-05, 5.67041097383e-05, 5.10042445967e-05, 3.97806034016e-05, 2.6961808544e-05, 1.45914154928e-05, 7.29274597688e-06, 6.54295763525e-06, 5.77427726967e-06, 4.58900649392e-06, 4.13328962168e-06, 2.71347448688e-06, 2.15443719753e-06, 1.32419984311e-06, 7.31481748062e-07, 4.95367714848e-07, 3.85295294336e-07, 2.51704364018e-07, 1.85213636428e-07, 1.57024430791e-07, 1.17480617234e-07, 9.40558990692e-08],
        "min": [3.0411517273e-25, 8.15533475718e-25, 7.51292341382e-25, 1.03841261525e-24, 1.02421430224e-24, 1.28478215899e-24, 1.56479001362e-24, 9.71219119668e-25, 8.32963258811e-25, 9.94089380601e-25, 8.29971208005e-25, 9.08027811286e-25, 1.75604973452e-24, 1.70044194324e-24, 2.45248947103e-24, 1.42504074046e-24, 2.19596669579e-24, 3.02719081213e-24, 1.96646970352e-24, 2.18954300144e-24, 2.76264591313e-24, 2.83215954724e-24, 2.46302273626e-24, 3.48471534601e-24, 3.23831819214e-24, 3.13725603828e-24, 3.57207419709e-24, 5.03115487726e-24, 3.6821841911e-24, 4.1743730481e-24, 4.0172426054e-24, 4.22191611714e-24, 4.05430171301e-24, 5.1369884563e-24, 5.53095900301e-24, 4.27111934395e-24, 4.12232755545e-24, 4.7150409576e-24, 5.45334771171e-24, 5.26332453028e-24],
        "stdev": [1.45274025272e-05, 1.65640467458e-05, 3.75876297767e-05, 0.000152813605382, 0.000120225035062, 7.64114302001e-05, 0.000146938560647, 0.000294326979201, 0.000139867683174, 7.53299682401e-05, 0.000210158541449, 0.000110867527837, 0.000128883693833, 0.000185526150744, 0.000182742063771, 0.000175113746081, 0.000181149851414, 0.000184703720151, 0.000170575018274, 0.000121392804431, 0.000111255605589, 8.90093142516e-05, 5.7863733673e-05, 3.27675370499e-05, 1.48000772242e-05, 1.41350046761e-05, 1.28366218632e-05, 9.23000970943e-06, 8.30043882161e-06, 5.35944082003e-06, 4.38960523752e-06, 2.65058929472e-06, 1.35767083975e-06, 8.72412783792e-07, 6.37903326606e-07, 3.93086708073e-07, 2.97778996128e-07, 2.637708576e-07, 2.07141653163e-07, 1.75616264642e-07]
    },
    "melbands128": {
        "max": [6.61186786601e-05, 0.000179706607014, 0.000217522712774, 0.000238551248913, 0.00022920005722, 0.000368234555935, 0.00050453102449, 0.000970454711933, 0.00233473139815, 0.00305396318436, 0.00839946977794, 0.00397259835154, 0.00203733844683, 0.00187659217045, 0.00167885399424, 0.00304638035595, 0.00370825384744, 0.00529046170413, 0.00625224178657, 0.014571307227, 0.0111125865951, 0.00872518587857, 0.00284377206117, 0.000719121017028, 0.000549917924218, 0.00140006153379, 0.00400171708316, 0.0103305615485, 0.00520066125318, 0.00128852273338, 0.000831357901916, 0.00140581186861, 0.00186543876771, 0.00172737298999, 0.00515720108524, 0.00279168598354, 0.00192434783094, 0.00206374051049, 0.00216936110519, 0.00198094802909, 0.001632800675, 0.00169431604445, 0.00148268113844, 0.00235735159367, 0.00348501303233, 0.00192398519721, 0.00475059170276, 0.00305263022892, 0.00178293208592, 0.00105653877836, 0.00134707742836, 0.00139623973519, 0.00164456968196, 0.000998774776235, 0.00151095713954, 0.00143607938662, 0.000662246253341, 0.000493595493026, 0.000548606505617, 0.000570786185563, 0.000719777890481, 0.000198182460736, 0.000139004623634, 0.00015983756748, 0.00012063117174, 0.000141276163049, 0.000277165090665, 0.000268351228442, 0.000125353821204, 0.000133548659505, 6.19597267359e-05, 0.000101984325738, 7.96179156168e-05, 7.65313161537e-05, 4.62353164039e-05, 4.77277462778e-05, 5.62581844861e-05, 5.17605876666e-05, 3.66688291251e-05, 2.96812213492e-05, 3.22070736729e-05, 2.83963399852e-05, 1.57864014909e-05, 1.26627328427e-05, 1.09268012238e-05, 1.03266957012e-05, 1.02984395198e-05, 6.92512094247e-06, 4.74136413686e-06, 6.17755131316e-06, 3.06019342133e-06, 2.68938833869e-06, 2.97904830404e-06, 2.52393488154e-06, 3.77193555323e-06, 2.89445529233e-06, 2.00638851311e-06, 1.85061583124e-06, 1.45227784287e-06, 1.76853461653e-06, 1.16712408271e-06, 1.45907995375e-06, 1.00461522834e-06, 1.45170577071e-06, 8.26797645459e-07, 7.62308957292e-07, 5.15492615705e-07, 3.18244360642e-07, 2.02806404559e-07, 1.49398815097e-07, 8.99794017073e-08, 4.95039067516e-08, 2.92266033597e-08, 3.4607545274e-08, 9.07501700453e-08, 1.9654029515e-08, 1.94457712155e-08, 1.15185558869e-08, 1.84941821857e-08, 9.09681396877e-09, 6.81709755312e-09, 3.09656833508e-09, 1.46105416654e-09, 6.23963242186e-11, 5.42385997226e-11, 5.23796735152e-11, 5.2961537933e-11, 5.22276527581e-11],
        "mean": [2.18682271225e-06, 6.07565789323e-06, 6.87062902216e-06, 6.2608251028e-06, 6.18570447841e-06, 6.87664442012e-06, 8.62305569171e-06, 8.42468944029e-06, 1.16645351227e-05, 2.0154107915e-05, 2.71336830338e-05, 2.51663659583e-05, 2.34208946495e-05, 2.12036793528e-05, 1.31055548991e-05, 1.61416865012e-05, 2.1774072593e-05, 2.35117950069e-05, 2.43846516241e-05, 3.77953110728e-05, 4.60203555122e-05, 4.23009114456e-05, 2.967283217e-05, 2.55388822552e-05, 2.5217574148e-05, 3.15227116516e-05, 4.81853203382e-05, 5.69421899854e-05, 6.26580804237e-05, 5.09693818458e-05, 4.67419522465e-05, 5.14734820172e-05, 5.67701354157e-05, 6.30830109003e-05, 7.79812544351e-05, 8.04652881925e-05, 8.11327627162e-05, 7.59206595831e-05, 9.20925522223e-05, 8.31780926092e-05, 7.49778628233e-05, 9.23383777263e-05, 8.20118875708e-05, 8.880875248e-05, 9.06708155526e-05, 7.76730521466e-05, 9.85448859865e-05, 7.56519220886e-05, 7.35231296858e-05, 5.283768769e-05, 5.42462657904e-05, 6.02628351771e-05, 5.24722563569e-05, 4.93280567753e-05, 4.29298743256e-05, 4.21776312578e-05, 3.30805378326e-05, 2.94138662866e-05, 2.65067137661e-05, 1.86174547707e-05, 1.46695283547e-05, 1.12788857223e-05, 7.30419242245e-06, 6.29685519016e-06, 6.64371555104e-06, 6.46777834845e-06, 6.42416762275e-06, 6.8241702138e-06, 5.1500464906e-06, 5.29892258783e-06, 4.46645753982e-06, 4.3501613618e-06, 4.41879501523e-06, 4.50101242677e-06, 3.31629280481e-06, 2.41443581217e-06, 2.62039907284e-06, 2.71137650998e-06, 2.06661047741e-06, 1.70217413142e-06, 1.42447333928e-06, 1.21602295167e-06, 8.93070819075e-07, 7.20009609267e-07, 5.55621909371e-07, 4.94631990478e-07, 5.160212595e-07, 4.11134067235e-07, 3.75622846605e-07, 3.88332978218e-07, 2.64718465814e-07, 2.2088731555e-07, 2.04646198654e-07, 1.74347491111e-07, 1.97380941813e-07, 1.45022141851e-07, 1.75532363755e-07, 1.25056871525e-07, 1.17144836054e-07, 1.16216924084e-07, 9.44533411484e-08, 9.84613066635e-08, 7.3118144428e-08, 7.86504799066e-08, 5.52700250012e-08, 4.64757192731e-08, 3.2536650707e-08, 2.1941314543e-08, 1.34251738615e-08, 7.80027420433e-09, 5.50847545355e-09, 2.99068969589e-09, 1.84386483859e-09, 2.12026685098e-09, 3.40850792035e-09, 8.78708938945e-10, 6.02731142774e-10, 3.01932423508e-10, 6.16494855166e-10, 3.85707688011e-10, 2.13576920038e-10, 7.63702642792e-11, 1.67230777837e-11, 1.67649076045e-12, 1.40813782076e-12, 1.08455345399e-12, 9.10650461289e-13, 8.81425086998e-13],
        "min": [6.79276723981e-27, 1.57142941213e-25, 2.21355454689e-25, 1.33193099478e-25, 3.88994165594e-25, 1.90523269942e-25, 2.19952293006e-25, 1.94997886212e-25, 2.32385381821e-25, 3.94958742898e-25, 2.25615436081e-26, 4.21216224647e-25, 5.01551748475e-25, 5.00916518231e-25, 1.13006888471e-25, 7.89584315323e-26, 1.8518872133e-25, 2.80649494376e-25, 3.1012217596e-25, 3.87324073102e-25, 2.70486451423e-25, 2.57116491675e-25, 4.69739157535e-25, 3.61897508404e-25, 2.85432505956e-25, 4.80976382522e-25, 4.61417661061e-25, 3.43957628128e-25, 1.49748159087e-25, 4.85849718676e-25, 7.36891241823e-25, 5.66602796441e-25, 6.00545509041e-25, 4.61902465391e-25, 5.66341782089e-25, 4.93866271106e-25, 7.70538624621e-25, 5.91349412342e-25, 6.20170248299e-25, 4.17301798228e-25, 7.70500069044e-25, 7.69027315038e-25, 7.62947120307e-25, 8.98349276839e-25, 1.00285786539e-24, 5.69551114771e-25, 1.25056906431e-24, 7.77190496989e-25, 3.82554472157e-25, 9.09053034639e-25, 1.24478691109e-24, 7.17257479968e-25, 8.73987477149e-25, 1.23841863422e-24, 1.58077134949e-24, 6.00001934573e-25, 1.37908929691e-24, 9.91371951998e-25, 9.43638668877e-25, 1.54802504306e-24, 1.34232828012e-24, 1.99690415446e-24, 2.06406856079e-24, 1.73101030332e-24, 1.45066915495e-24, 1.45126080063e-24, 1.19514803584e-24, 2.02485290469e-24, 2.28018173894e-24, 2.22295500786e-24, 1.9202207608e-24, 2.0532432198e-24, 2.19544249772e-24, 1.38260889845e-24, 1.89328431633e-24, 2.65394995229e-24, 1.95101315738e-24, 1.79935129569e-24, 2.75564575867e-24, 2.84783500229e-24, 2.049015517e-24, 2.74740157057e-24, 1.87465733821e-24, 2.77386785394e-24, 2.64826088466e-24, 2.32662040271e-24, 2.66532907364e-24, 3.35684888189e-24, 2.87925493771e-24, 3.13318334665e-24, 2.89378378343e-24, 3.12066550459e-24, 2.09996705679e-24, 2.9356399542e-24, 2.68562370371e-24, 2.85313417542e-24, 3.15209944229e-24, 2.81261571553e-24, 3.75676152336e-24, 3.31955114386e-24, 3.77758705683e-24, 3.28763974809e-24, 3.72333512022e-24, 3.61883787155e-24, 3.58486636553e-24, 4.02945732766e-24, 3.90871664409e-24, 3.45127158794e-24, 4.00627822768e-24, 4.34212037529e-24, 3.55698802114e-24, 4.49297542949e-24, 4.0485560446e-24, 3.96494941043e-24, 4.48276362507e-24, 3.30100601005e-24, 4.1433187497e-24, 4.22944303346e-24, 5.3051554575e-24, 4.40621019624e-24, 4.4342577513e-24, 5.39850176284e-24, 4.04969279317e-24, 3.83427894021e-24, 4.33074184559e-24, 5.33690632007e-24, 4.99736835912e-24, 5.28039745242e-24],
        "stdev": [6.05472587267e-06, 1.66193185578e-05, 1.87171590369e-05, 1.58229395311e-05, 1.70104522113e-05, 2.3988302928e-05, 2.90732641588e-05, 4.21020231443e-05, 9.52178816078e-05, 0.00016527682601, 0.000279653642792, 0.000204146097531, 0.000123344376334, 0.000112386558612, 6.64663966745e-05, 0.000117328228953, 0.000173152177013, 0.000186194563867, 0.000196596040041, 0.000452119129477, 0.000385781720979, 0.000323580054101, 0.000108060332423, 6.24100357527e-05, 6.08045338595e-05, 9.06136701815e-05, 0.000201638133149, 0.000334083801135, 0.000254159094766, 0.000127007762785, 0.000108616462967, 0.000127121340483, 0.000141333744978, 0.000158914073836, 0.000255722407019, 0.000206086551771, 0.000202249997528, 0.000190134524019, 0.000231242942391, 0.000200343754841, 0.000177628389793, 0.000219150155317, 0.000192163293832, 0.00021564817871, 0.000235021216213, 0.000186412464245, 0.000269223353826, 0.000198017034563, 0.000184987322427, 0.000122953002574, 0.000127730701934, 0.000143629178638, 0.000126843166072, 0.000120236480143, 0.000108355052362, 0.000104779435787, 7.75695225457e-05, 6.80705707055e-05, 6.41293736408e-05, 4.71036510135e-05, 3.84917584597e-05, 2.49087315751e-05, 1.62115575222e-05, 1.44464174809e-05, 1.48552726387e-05, 1.44724990605e-05, 1.77255751623e-05, 1.89014808711e-05, 1.13524547487e-05, 1.2308717487e-05, 9.52739173954e-06, 9.45642841543e-06, 9.53632115852e-06, 9.80438107945e-06, 7.02224815541e-06, 5.01347449244e-06, 5.73040142626e-06, 6.14508144281e-06, 4.55448071079e-06, 3.56801479029e-06, 3.00355804939e-06, 2.70236910183e-06, 1.78613015578e-06, 1.39204951211e-06, 1.08888775685e-06, 9.40857773912e-07, 9.58168016041e-07, 7.78159972015e-07, 6.4657291432e-07, 6.75000819683e-07, 4.50213917702e-07, 3.63546092785e-07, 3.42422566746e-07, 3.04576929011e-07, 3.55897128657e-07, 2.53151654306e-07, 3.13595108992e-07, 2.22377167347e-07, 2.14602437154e-07, 2.20352461611e-07, 1.74500911498e-07, 1.97006883695e-07, 1.43198164437e-07, 1.67630986425e-07, 1.11471074149e-07, 9.66371658251e-08, 6.80740939174e-08, 4.65646010639e-08, 2.85639032427e-08, 1.65072542302e-08, 1.16051355192e-08, 6.31299101883e-09, 4.05735223197e-09, 5.71498981472e-09, 1.33741222541e-08, 2.12147588385e-09, 1.5453628377e-09, 9.88384152301e-10, 1.86063819907e-09, 1.16714293785e-09, 7.03534563939e-10, 3.04735708889e-10, 8.61376525663e-11, 3.63343903576e-12, 3.27356934962e-12, 3.12824939563e-12, 3.07649565545e-12, 3.04891507007e-12]
    },
    "mfcc": {
        "mean": [-961.177429199, 42.3239517212, -23.8517379761, 0.18863505125, -2.86592960358, 1.65122282505, -3.63106870651, -0.944378435612, -0.0577242448926, 0.0569429025054, -1.42394983768, -0.0843393877149, -1.9566026926],
        "cov": [[83311.9921875, 9765.56347656, -8886.29882812, -518.11126709, -1277.60461426, 717.57220459, -796.985046387, -125.215156555, 51.2593269348, -72.8426437378, -409.562835693, 213.973999023, -312.612854004], [9765.56347656, 1920.55822754, -942.861999512, -82.7554626465, -110.779510498, -57.5570030212, -217.2215271, -122.408615112, -66.9601898193, -16.3152942657, -90.7063293457, -57.6795120239, -116.44543457], [-8886.29882812, -942.861999512, 2188.98217773, 353.70513916, 376.018798828, -91.9558944702, 133.637542725, 49.8585739136, 17.563205719, 36.2555541992, 96.2789916992, -32.1582221985, 21.1982517242], [-518.11126709, -82.7554626465, 353.70513916, 170.273681641, 85.6948471069, -1.8106354475, 23.1494293213, 17.4472408295, 10.5446281433, 4.88225269318, 23.718372345, 10.0933656693, 14.9236106873], [-1277.60461426, -110.779510498, 376.018798828, 85.6948471069, 153.505569458, 9.145195961, 47.075958252, 31.564239502, 19.3090496063, 9.2663974762, 25.1918621063, 8.90002918243, 15.7279024124], [717.57220459, -57.5570030212, -91.9558944702, -1.8106354475, 9.145195961, 84.4489135742, 48.6031951904, 36.2238273621, 20.4669055939, 3.21794462204, 10.9519586563, 21.7430725098, 13.8725214005], [-796.985046387, -217.2215271, 133.637542725, 23.1494293213, 47.075958252, 48.6031951904, 108.533653259, 54.9148254395, 13.0950803757, 0.0254273060709, 21.9197921753, 13.8992786407, 17.4068260193], [-125.215156555, -122.408615112, 49.8585739136, 17.4472408295, 31.564239502, 36.2238273621, 54.9148254395, 60.305393219, 26.2491359711, 4.94781541824, 17.587638855, 18.2147140503, 18.8066310883], [51.2593269348, -66.9601898193, 17.563205719, 10.5446281433, 19.3090496063, 20.4669055939, 13.0950803757, 26.2491359711, 44.4767875671, 14.0832242966, 12.4104146957, 19.9374656677, 15.1073608398], [-72.8426437378, -16.3152942657, 36.2555541992, 4.88225269318, 9.2663974762, 3.21794462204, 0.0254273060709, 4.94781541824, 14.0832242966, 29.3837356567, 10.7765693665, -1.12899279594, 4.30043506622], [-409.562835693, -90.7063293457, 96.2789916992, 23.718372345, 25.1918621063, 10.9519586563, 21.9197921753, 17.587638855, 12.4104146957, 10.7765693665, 33.9474029541, 20.9515686035, 11.2726926804], [213.973999023, -57.6795120239, -32.1582221985, 10.0933656693, 8.90002918243, 21.7430725098, 13.8992786407, 18.2147140503, 19.9374656677, -1.12899279594, 20.9515686035, 46.9425773621, 23.5354156494], [-312.612854004, -116.44543457, 21.1982517242, 14.9236106873, 15.7279024124, 13.8725214005, 17.4068260193, 18.8066310883, 15.1073608398, 4.30043506622, 11.2726926804, 23.5354156494, 33.2879371643]],
        "icov": [[8.76006160979e-05, -0.000423567544203, 0.000113324065751, -0.000391096575186, 0.000474273372674, -0.000711594359018, 7.78709654696e-05, -0.000415008282289, -0.000199007627089, -0.000131827677251, 0.000300438987324, -0.000450345076388, 3.43750471075e-05], [-0.000423567544203, 0.00330030662008, 0.000233766695601, 0.000969052896835, -0.00386025267653, 0.00377456378192, 0.00113516103011, 0.00160141265951, 0.00220147473738, -0.000727282604203, -0.000103342958027, 0.000956787203904, 0.00418967753649], [0.000113324065751, 0.000233766695601, 0.00195347052068, -0.00241279928014, -0.00227916357107, 0.0013166400604, -0.000423124845838, 0.000106079191028, -0.000171552150277, -0.000679083517753, -0.00156426732428, 0.00113443494774, 0.00230242311954], [-0.000391096575186, 0.000969052896835, -0.00241279928014, 0.0123932855204, -0.00338422181085, 0.0015411520144, 0.000801690679509, 0.00130332179833, 0.000675035174936, 0.00310159381479, -0.00382412387989, 0.00200960529037, -0.00533434469253], [0.000474273372674, -0.00386025267653, -0.00227916357107, -0.00338422181085, 0.0181725714356, -0.00571288447827, -0.00268323998898, -0.00345929013565, -0.00472202105448, 0.000715717382263, 0.000624776934274, -0.00170822197106, -0.0058821788989], [-0.000711594359018, 0.00377456378192, 0.0013166400604, 0.0015411520144, -0.00571288447827, 0.0287284199148, -0.0100523531437, 0.000112890513265, -0.00173642660957, -0.00235934834927, -0.000690777786076, -0.00150549830869, 0.00330264377408], [7.78709654696e-05, 0.00113516103011, -0.000423124845838, 0.000801690679509, -0.00268323998898, -0.0100523531437, 0.0264805220068, -0.0183027032763, 0.00887044053525, 0.00321890343912, -0.00398840056732, 0.00209615379572, 0.00198964774609], [-0.000415008282289, 0.00160141265951, 0.000106079191028, 0.00130332179833, -0.00345929013565, 0.000112890513265, -0.0183027032763, 0.0478932633996, -0.0188321601599, 0.0069183986634, -0.00970265828073, 0.00859152991325, -0.00998302642256], [-0.000199007627089, 0.00220147473738, -0.000171552150277, 0.000675035174936, -0.00472202105448, -0.00173642660957, 0.00887044053525, -0.0188321601599, 0.0481276549399, -0.0230189822614, 0.0112271159887, -0.0189405661076, 0.00531560229138], [-0.000131827677251, -0.000727282604203, -0.000679083517753, 0.00310159381479, 0.000715717382263, -0.00235934834927, 0.00321890343912, 0.0069183986634, -0.0230189822614, 0.0591324605048, -0.032504864037, 0.0302568953484, -0.0172642469406], [0.000300438987324, -0.000103342958027, -0.00156426732428, -0.00382412387989, 0.000624776934274, -0.000690777786076, -0.00398840056732, -0.00970265828073, 0.0112271159887, -0.032504864037, 0.0750938802958, -0.0446902774274, 0.0180017128587], [-0.000450345076388, 0.000956787203904, 0.00113443494774, 0.00200960529037, -0.00170822197106, -0.00150549830869, 0.00209615379572, 0.00859152991325, -0.0189405661076, 0.0302568953484, -0.0446902774274, 0.0685398355126, -0.0356595143676], [3.43750471075e-05, 0.00418967753649, 0.00230242311954, -0.00533434469253, -0.0058821788989, 0.00330264377408, 0.00198964774609, -0.00998302642256, 0.00531560229138, -0.0172642469406, 0.0180017128587, -0.0356595143676, 0.0708815306425]]
    },
    "spectral_contrast_coeffs": {
        "max": [-0.371790975332, -0.506427049637, -0.492226928473, -0.558619022369, -0.688350498676, -0.642511665821],
        "mean": [-0.849148511887, -0.889584839344, -0.885283708572, -0.888289868832, -0.881809771061, -0.854163944721],
        "min": [-0.991996765137, -0.990450680256, -0.994918167591, -0.99215400219, -0.989051699638, -0.966331779957],
        "stdev": [0.123977847397, 0.085164450109, 0.0826608762145, 0.0754671916366, 0.0781814679503, 0.108051545918]
    },
    "spectral_contrast_valleys": {
        "max": [-6.99734926224, -5.74697971344, -5.1235332489, -5.10222959518, -5.6490688324, -9.08195114136],
        "mean": [-16.8940544128, -16.2803096771, -16.306974411, -16.2135257721, -16.3510818481, -17.9381370544],
        "min": [-28.0934314728, -28.1721496582, -28.0127277374, -27.6826190948, -27.5824699402, -27.4768371582],
        "stdev": [9.21669101715, 9.74987316132, 9.78724765778, 9.8793182373, 9.74344444275, 8.30264282227]
    }
},
"rhythm": {
    "beats_count": 62,
    "beats_loudness": {
        "max": 0.0830507278442,
        "mean": 0.0104790022597,
        "min": 0,
        "stdev": 0.0171315968037
    },
    "bpm": 114.215835571,
    "bpm_histogram_first_peak_bpm": 115,
    "bpm_histogram_first_peak_weight": 0.411764681339,
    "bpm_histogram_second_peak_bpm": 178,
    "bpm_histogram_second_peak_spread": 0,
    "bpm_histogram_second_peak_weight": 0.131147533655,
    "danceability": 0.723145484924,
    "onset_rate": 0.758272051811,
    "beats_loudness_band_ratio": {
        "max": [0.740910708904, 0.718254506588, 0.689525127411, 0.716573357582, 0.674627840519, 0.410347163677],
        "mean": [0.0595974624157, 0.044105373323, 0.0781230479479, 0.177155613899, 0.197507038713, 0.0711190477014],
        "min": [0, 0, 0, 0, 0, 0],
        "stdev": [0.137369543314, 0.105667561293, 0.144108444452, 0.204739451408, 0.218317434192, 0.106844507158]
    },
    "beats_position": [0.510838985443, 1.03328800201, 1.55573689938, 2.07818579674, 2.60063481331, 3.14630389214, 3.69197273254, 4.22603178024, 4.73687076569, 5.24770975113, 5.75854873657, 6.28099775314, 6.80344676971, 7.32589578629, 7.84834432602, 8.37079334259, 8.90485286713, 9.39247131348, 9.8800907135, 10.3677091599, 10.8553285599, 11.3429479599, 11.8189563751, 12.3181858063, 12.8174142838, 13.3863039017, 13.9551925659, 14.5240812302, 15.0929698944, 15.6618595123, 16.2307472229, 16.7648067474, 17.298866272, 17.8213157654, 18.2508831024, 18.6804523468, 19.1100215912, 19.4467124939, 19.7834014893, 20.1084804535, 20.4335594177, 20.758638382, 21.0837192535, 21.4087982178, 21.733877182, 22.0821762085, 22.4188652039, 22.7555541992, 23.0922451019, 23.4289340973, 23.7540130615, 24.0907020569, 24.4273910522, 24.7756919861, 25.1239910126, 25.5883903503, 26.0411777496, 26.5055770874, 26.958366394, 27.4111557007, 27.8755550385, 28.3399543762],
