{
"metadata": {
    "version": {
        "essentia": "2.1-beta5",
        "essentia_git_sha": "Undefined",
        "extractor": "music 2.0"
    },
    "audio_properties": {
        "analysis": {
            "equal_loudness": 0,
            "length": 41.8191375732,
            "sample_rate": 44100,
            "start_time": 178.747207642,
            "downmix": "mix"
        },
        "bit_rate": 192000,
        "length": 220.589569092,
        "lossless": 0,
        "number_channels": 2,
        "replay_gain": -0.750141143799,
        "sample_rate": 44100,
        "codec": "mp3",
        "md5_encoded": "339477c2d08a8cc07f79f5f759402f78"
    },
    "tags": {
        "file_name": "Sweden_Boogaloo_Lotta Engberg.mp3",
        "encoding": ["Lavf58.29.100"]
    }
},
"lowlevel": {
    "average_loudness": 0.809305429459,
    "barkbands_crest": {
        "max": 20.8545131683,
        "mean": 6.82977390289,
        "min": 2.67271971703,
        "stdev": 2.56990671158
    },
    "barkbands_flatness_db": {
        "max": 0.259739279747,
        "mean": 0.108349397779,
        "min": 0.0527494885027,
        "stdev": 0.0316221788526
    },
    "barkbands_kurtosis": {
        "max": 11.2757015228,
        "mean": 0.747511148453,
        "min": -1.6488558054,
        "stdev": 1.72779095173
    },
    "barkbands_skewness": {
        "max": 2.21285223961,
        "mean": -0.298590391874,
        "min": -2.37430524826,
        "stdev": 0.990350604057
    },
    "barkbands_spread": {
        "max": 63.0539169312,
        "mean": 24.2476596832,
        "min": 2.99703598022,
        "stdev": 9.04155445099
    },
    "dissonance": {
        "max": 0.499953329563,
        "mean": 0.482015609741,
        "min": 0.392339944839,
        "stdev": 0.0167125482112
    },
    "dynamic_complexity": 4.15230226517,
    "erbbands_crest": {
        "max": 28.7118816376,
        "mean": 7.34667015076,
        "min": 2.58545708656,
        "stdev": 3.95704865456
    },
    "erbbands_flatness_db": {
        "max": 0.352339923382,
        "mean": 0.169601589441,
        "min": 0.0807684957981,
        "stdev": 0.0562439188361
    },
    "erbbands_kurtosis": {
        "max": 8.10388088226,
        "mean": 0.21381251514,
        "min": -1.42395508289,
        "stdev": 0.953375399113
    },
    "erbbands_skewness": {
        "max": 1.83923232555,
        "mean": -0.148922473192,
        "min": -1.81703042984,
        "stdev": 0.491768240929
    },
    "erbbands_spread": {
        "max": 69.3709259033,
        "mean": 28.2201309204,
        "min": 3.96717333794,
        "stdev": 11.2879772186
    },
    "hfc": {
        "max": 131.831954956,
        "mean": 18.7656364441,
        "min": 1.02479862693e-16,
        "stdev": 21.2872161865
    },
    "loudness_ebu128": {
        "integrated": -23.202041626,
        "loudness_range": 4.44453811646,
        "momentary": {
            "max": -19.4326076508,
            "mean": -89.2141647339,
            "min": -300.691009521,
            "stdev": 116.318061829
        },
        "short_term": {
            "max": -21.9398574829,
            "mean": -75.401260376,
            "min": -300.691009521,
            "stdev": 106.065010071
        }
    },
    "melbands_crest": {
        "max": 27.2902412415,
        "mean": 7.21784830093,
        "min": 1.4727255106,
        "stdev": 4.05339765549
    },
    "melbands_flatness_db": {
        "max": 0.249422371387,
        "mean": 0.0975742265582,
        "min": 0.00243870075792,
        "stdev": 0.0563610866666
    },
    "melbands_kurtosis": {
        "max": 20.1805534363,
        "mean": 0.749164283276,
        "min": -1.50974667072,
        "stdev": 2.35717511177
    },
    "melbands_skewness": {
        "max": 4.18935728073,
        "mean": 0.62066847086,
        "min": -1.15985882282,
        "stdev": 0.801051497459
    },
    "melbands_spread": {
        "max": 177.369796753,
        "mean": 60.6663246155,
        "min": 8.68486404419,
        "stdev": 41.9147453308
    },
    "pitch_salience": {
        "max": 0.920276463032,
        "mean": 0.67275762558,
        "min": 0.282109975815,
        "stdev": 0.106675259769
    },
    "silence_rate_20dB": {
        "max": 1,
        "mean": 1,
        "min": 1,
        "stdev": 0
    },
    "silence_rate_30dB": {
        "max": 1,
        "mean": 1,
        "min": 1,
        "stdev": 0
    },
    "silence_rate_60dB": {
        "max": 1,
        "mean": 0.319089889526,
        "min": 0,
        "stdev": 0.466127902269
    },
    "spectral_centroid": {
        "max": 12035.2177734,
        "mean": 4211.91992188,
        "min": 945.17779541,
        "stdev": 3814.40356445
    },
    "spectral_complexity": {
        "max": 58,
        "mean": 17.9994449615,
        "min": 0,
        "stdev": 13.6235542297
    },
    "spectral_decrease": {
        "max": 1.26903051048e-18,
        "mean": -3.04320302291e-09,
        "min": -2.10169819326e-08,
        "stdev": 3.21602100506e-09
    },
    "spectral_energy": {
        "max": 0.0872348099947,
        "mean": 0.0131878368556,
        "min": 9.71650372254e-21,
        "stdev": 0.0140006653965
    },
    "spectral_energyband_high": {
        "max": 0.00589248212054,
        "mean": 0.000597228354309,
        "min": 6.95562121488e-21,
        "stdev": 0.000751033774577
    },
    "spectral_energyband_low": {
        "max": 0.0161983463913,
        "mean": 0.00107561168261,
        "min": 7.58354549611e-24,
        "stdev": 0.00135970686097
    },
    "spectral_energyband_middle_high": {
        "max": 0.0637459382415,
        "mean": 0.0080992449075,
        "min": 9.57067254795e-22,
        "stdev": 0.0103392675519
    },
    "spectral_energyband_middle_low": {
        "max": 0.0570856817067,
        "mean": 0.00374384759925,
        "min": 1.45798004566e-22,
        "stdev": 0.00467541674152
    },
    "spectral_entropy": {
        "max": 9.83131408691,
        "mean": 8.20665740967,
        "min": 7.02424097061,
        "stdev": 0.906751334667
    },
    "spectral_flux": {
        "max": 0.219506219029,
        "mean": 0.0589043162763,
        "min": 6.11981576526e-11,
        "stdev": 0.0465937517583
    },
    "spectral_kurtosis": {
        "max": 12.5777072906,
        "mean": 2.61187553406,
        "min": -1.27532112598,
        "stdev": 2.59332537651
    },
    "spectral_rms": {
        "max": 0.00922535266727,
        "mean": 0.00286677852273,
        "min": 3.07888220127e-12,
        "stdev": 0.00215586996637
    },
    "spectral_rolloff": {
        "max": 19789.0136719,
        "mean": 6337.60644531,
        "min": 667.529296875,
        "stdev": 7020.11376953
    },
    "spectral_skewness": {
        "max": 2.14675736427,
        "mean": 0.901406943798,
        "min": -0.107797823846,
        "stdev": 0.546260535717
    },
    "spectral_spread": {
        "max": 43533268,
        "mean": 12186683,
        "min": 1891805.375,
        "stdev": 15841888
    },
    "spectral_strongpeak": {
        "max": 10.7235908508,
        "mean": 1.42652714252,
        "min": 0,
        "stdev": 2.00603652
    },
    "zerocrossingrate": {
        "max": 0.52734375,
        "mean": 0.182368442416,
        "min": 0.03564453125,
        "stdev": 0.178724646568
    },
    "barkbands": {
        "max": [0.000210866797715, 0.0057542710565, 0.00850048940629, 0.0105589786544, 0.0144832180813, 0.0113647188991, 0.0106945391744, 0.0101135708392, 0.023684060201, 0.0209216885269, 0.0469637848437, 0.0326205678284, 0.0248914081603, 0.0302106086165, 0.0268077794462, 0.0159804392606, 0.0163851268589, 0.0116704311222, 0.00592318503186, 0.00329044437967, 0.00271477177739, 0.00139881123323, 0.000730458064936, 0.00030262657674, 0.000174215761945, 9.49980312726e-05, 1.17231131469e-07],
        "mean": [1.52809698193e-05, 0.000346686283592, 0.00049019040307, 0.000520262401551, 0.000742445176002, 0.000506852637045, 0.000455422268715, 0.000291697564535, 0.00103243906051, 0.000819395121653, 0.000865156005602, 0.00126643665135, 0.000605076900683, 0.00129703292623, 0.00129181856755, 0.000559822132345, 0.000408497668104, 0.000506955722813, 0.000408662861446, 0.000341287668562, 0.000221135327592, 9.5883377071e-05, 5.60699154448e-05, 2.53051875916e-05, 1.29661375468e-05, 5.07682125317e-06, 6.45677511457e-10],
        "min": [1.55526281721e-25, 1.34017252048e-24, 3.7834580062e-25, 4.85157443928e-25, 6.84759033636e-24, 9.02974762757e-24, 4.44949104981e-24, 5.11885530511e-24, 6.66385674292e-24, 1.15960754465e-23, 1.22776907116e-23, 1.34638140801e-23, 2.50771624249e-23, 2.50598137959e-23, 3.05072927769e-23, 3.94759312945e-23, 5.55576560192e-23, 7.11843594629e-23, 1.14743592575e-22, 1.47779951326e-22, 2.02974251701e-22, 2.93627534222e-22, 3.45536374077e-22, 5.36082810104e-22, 7.56593742651e-22, 1.25122356564e-21, 1.75944244542e-21],
        "stdev": [2.69895499514e-05, 0.000488877471071, 0.000740688003134, 0.000817761290818, 0.00123278703541, 0.00100817182101, 0.000817809195723, 0.000757764559239, 0.00206639524549, 0.00177114014514, 0.00272853090428, 0.00332350889221, 0.00138536724262, 0.00282617192715, 0.00295224809088, 0.00107917608693, 0.000808975892141, 0.000864698784426, 0.000603376829531, 0.000446168211056, 0.000302675296552, 0.000143004202982, 7.82893766882e-05, 4.05641185353e-05, 2.29494471569e-05, 1.08349186121e-05, 2.88177703922e-09]
    },
    "erbbands": {
        "max": [0.126316323876, 1.70509266853, 9.15837287903, 22.5084590912, 53.7017288208, 40.48204422, 145.25328064, 108.42930603, 184.41633606, 140.502624512, 268.069030762, 475.42868042, 543.524658203, 558.104675293, 1449.45800781, 1409.32397461, 1230.57592773, 817.38848877, 1699.9909668, 828.704772949, 599.034057617, 652.035095215, 675.198852539, 374.395568848, 236.802474976, 184.67741394, 184.934356689, 92.5254974365, 52.1681861877, 49.0077171326, 18.913187027, 8.06792259216, 5.18547582626, 2.22857308388, 1.08183205128, 0.731422007084, 0.145088508725, 0.00502102123573, 0.000148983657709, 0.000108290216303],
        "mean": [0.00795616675168, 0.0900538787246, 0.474014103413, 1.21722996235, 2.13833475113, 2.35566329956, 3.37952971458, 4.52145671844, 6.21651124954, 6.66148138046, 8.57739925385, 21.3013019562, 28.1007671356, 25.3385505676, 43.8854980469, 46.5707130432, 29.0447998047, 41.885383606, 87.3974075317, 46.7117233276, 28.1077976227, 24.4067649841, 25.7598552704, 26.0729446411, 17.9446277618, 16.2625865936, 12.3342704773, 6.42584705353, 3.58916926384, 2.3640062809, 1.46054971218, 0.659513771534, 0.365099966526, 0.154036641121, 0.0912670493126, 0.0340792536736, 0.00788980349898, 0.000396898016334, 1.84734763025e-05, 1.79358776222e-05],
        "min": [8.07711020541e-23, 2.19815699965e-22, 7.12015149788e-22, 2.92531737005e-21, 7.32576919092e-21, 2.11344856534e-20, 1.61691530808e-20, 8.09126878696e-20, 1.05455311127e-19, 1.49081068665e-19, 1.76244103168e-19, 2.43015970445e-19, 2.95915876678e-19, 4.03832263385e-19, 8.51020836686e-19, 6.7810265874e-19, 1.03210861225e-18, 1.50684297204e-18, 1.90289301682e-18, 2.650509401e-18, 3.38977167458e-18, 3.69906443178e-18, 3.70030602988e-18, 4.81043286995e-18, 7.1567286095e-18, 7.11282765285e-18, 7.82263795393e-18, 9.37733715011e-18, 1.00933711581e-17, 1.08937709712e-17, 1.01108379039e-17, 1.02682131514e-17, 9.22835861307e-18, 7.36982853327e-18, 5.63809200648e-18, 3.89639374358e-18, 2.08343717963e-18, 8.65781150934e-19, 2.33567732543e-19, 2.53935820818e-20],
        "stdev": [0.0117838317528, 0.126759544015, 0.677509605885, 1.79144585133, 3.70522451401, 3.84814548492, 8.2337808609, 8.58224201202, 11.4399681091, 12.8608980179, 18.5814762115, 41.7646408081, 54.6671600342, 47.8231239319, 106.019798279, 120.501480103, 59.088848114, 77.8847427368, 180.368362427, 84.8573684692, 48.3035125732, 42.8019523621, 42.8337059021, 40.4692726135, 24.3411808014, 20.9544963837, 17.9000797272, 8.53923606873, 5.4894080162, 3.39730501175, 2.08083963394, 0.995195746422, 0.624891102314, 0.261525154114, 0.170008376241, 0.0745118334889, 0.0173117928207, 0.000664640858304, 2.25665353355e-05, 1.88986450667e-05]
    },
    "gfcc": {
        "mean": [-314.374206543, 61.4664268494, -130.353302002, 26.9774265289, -45.5079689026, 10.0460004807, -24.869468689, 2.86311411858, -19.5624408722, -0.108121439815, -14.0378303528, -4.21484088898, -6.83898735046],
        "cov": [[290113.75, 19293.3828125, -38205.6757812, 8483.83886719, -13589.6542969, 3066.10961914, -7506.28027344, 888.821228027, -6059.96044922, -50.8807296753, -4332.703125, -1295.50842285, -2156.25463867], [19293.3828125, 1770.48046875, -2310.51782227, 639.913513184, -798.916992188, 130.594543457, -415.059539795, 23.8945484161, -380.841033936, -43.0194320679, -267.490478516, -100.675300598, -171.381439209], [-38205.6757812, -2310.51782227, 6161.07177734, -866.937927246, 1866.29492188, -431.184234619, 972.931396484, 21.1348896027, 701.606262207, 60.6782951355, 469.3722229, 227.580581665, 185.243087769], [8483.83886719, 639.913513184, -866.937927246, 378.951324463, -362.573059082, 70.2680435181, -224.062988281, 45.9328727722, -182.828109741, 5.30832719803, -150.749923706, -28.1252803802, -76.192237854], [-13589.6542969, -798.916992188, 1866.29492188, -362.573059082, 759.479431152, -126.869102478, 385.496276855, -53.5811309814, 279.923522949, -3.60962343216, 205.019943237, 58.0744361877, 88.0957641602], [3066.10961914, 130.594543457, -431.184234619, 70.2680435181, -126.869102478, 120.729011536, -58.6547584534, 6.72238826752, -78.2422790527, 2.89173555374, -40.1702308655, -19.2840480804, -25.8261013031], [-7506.28027344, -415.059539795, 972.931396484, -224.062988281, 385.496276855, -58.6547584534, 288.524932861, -24.2361164093, 159.616653442, -14.8475580215, 128.23147583, 26.0811824799, 46.6457443237], [888.821228027, 23.8945484161, 21.1348896027, 45.9328727722, -53.5811309814, 6.72238826752, -24.2361164093, 95.9116287231, -16.3980293274, 14.1068372726, -46.8399543762, 10.8624734879, -18.9004211426], [-6059.96044922, -380.841033936, 701.606262207, -182.828109741, 279.923522949, -78.2422790527, 159.616653442, -16.3980293274, 193.8203125, 2.15759825706, 100.389480591, 15.9323892593, 57.5489044189], [-50.8807296753, -43.0194320679, 60.6782951355, 5.30832719803, -3.60962343216, 2.89173555374, -14.8475580215, 14.1068372726, 2.15759825706, 52.8478889465, 7.74336004257, 10.1162099838, -8.2618560791], [-4332.703125, -267.490478516, 469.3722229, -150.749923706, 205.019943237, -40.1702308655, 128.23147583, -46.8399543762, 100.389480591, 7.74336004257, 124.18775177, 25.8940620422, 38.1247253418], [-1295.50842285, -100.675300598, 227.580581665, -28.1252803802, 58.0744361877, -19.2840480804, 26.0811824799, 10.8624734879, 15.9323892593, 10.1162099838, 25.8940620422, 50.3427085876, 14.7637720108], [-2156.25463867, -171.381439209, 185.243087769, -76.192237854, 88.0957641602, -25.8261013031, 46.6457443237, -18.9004211426, 57.5489044189, -8.2618560791, 38.1247253418, 14.7637720108, 67.5679321289]],
        "icov": [[0.00044538298971, -0.00138568866532, 0.00115993409418, -0.00149089633487, 0.00108745240141, -0.00152802770026, 0.0011440954404, -0.00110871659126, 0.00164449086878, -0.00110046193004, 0.00113278697245, -0.000668920460157, 0.00070723000681], [-0.00138568866532, 0.00689918641001, -0.00293185678311, 0.00138483650517, -0.00339178508148, 0.00660936767235, -0.00490869721398, 0.00385039718822, -0.00413558073342, 0.00475370232016, -0.00400223629549, 0.00271652895026, 6.07600668445e-05], [0.00115993409418, -0.00293185678311, 0.0041561499238, -0.00466124666855, 0.000799207016826, -0.00229397788644, 0.00196455954574, -0.00372265884653, 0.0047009899281, -0.00356090255082, 0.00342024490237, -0.00278953602538, 0.00285314163193], [-0.00149089633487, 0.00138483650517, -0.00466124666855, 0.0160651616752, -0.00307967839763, 0.00310503435321, -0.00074295734521, 0.00350296148099, -0.00501292711124, 0.00148070883006, 0.000954448711127, 0.000396330346121, -0.00265021179803], [0.00108745240141, -0.00339178508148, 0.000799207016826, -0.00307967839763, 0.0125520005822, -0.00540729193017, -0.00105893739965, 0.00126553839073, 0.000685546605382, -0.00161791988648, 0.00253254175186, -0.00198701256886, 0.00131261500064], [-0.00152802770026, 0.00660936767235, -0.00229397788644, 0.00310503435321, -0.00540729193017, 0.0201645158231, -0.00730216410011, 0.00238582631573, 0.000529875978827, 0.00154468824621, -0.00408208370209, 0.00509078241885, -0.000813925173134], [0.0011440954404, -0.00490869721398, 0.00196455954574, -0.00074295734521, -0.00105893739965, -0.00730216410011, 0.0186356455088, -0.00662401691079, 0.00249563390389, 0.00301340618171, -0.00439289025962, 0.000726704485714, 0.00227072415873], [-0.00110871659126, 0.00385039718822, -0.00372265884653, 0.00350296148099, 0.00126553839073, 0.00238582631573, -0.00662401691079, 0.022541128099, -0.00913743488491, -0.00147170794662, 0.0102219292894, -0.00667261285707, 0.00197355006821], [0.00164449086878, -0.00413558073342, 0.0047009899281, -0.00501292711124, 0.000685546605382, 0.000529875978827, 0.00249563390389, -0.00913743488491, 0.0248578079045, -0.00578624848276, -0.00222464767285, 0.0055096084252, -0.00334903085604], [-0.00110046193004, 0.00475370232016, -0.00356090255082, 0.00148070883006, -0.00161791988648, 0.00154468824621, 0.00301340618171, -0.00147170794662, -0.00578624848276, 0.0291862096637, -0.0117009514943, 0.000248638069024, 0.00362401572056], [0.00113278697245, -0.00400223629549, 0.00342024490237, 0.000954448711127, 0.00253254175186, -0.00408208370209, -0.00439289025962, 0.0102219292894, -0.00222464767285, -0.0117009514943, 0.0346573628485, -0.0137409204617, 0.00263898563571], [-0.000668920460157, 0.00271652895026, -0.00278953602538, 0.000396330346121, -0.00198701256886, 0.00509078241885, 0.000726704485714, -0.00667261285707, 0.0055096084252, 0.000248638069024, -0.0137409204617, 0.0339957363904, -0.00853075273335], [0.00070723000681, 6.07600668445e-05, 0.00285314163193, -0.00265021179803, 0.00131261500064, -0.000813925173134, 0.00227072415873, 0.00197355006821, -0.00334903085604, 0.00362401572056, 0.00263898563571, -0.00853075273335, 0.0273452997208]]
    },
    "melbands": {
        "max": [0.00133607070893, 0.00385798537172, 0.00426228810102, 0.00382866151631, 0.00473412731662, 0.00220795045607, 0.00252673286013, 0.00147893966641, 0.00200220057741, 0.00352969276719, 0.00275242747739, 0.00210895575583, 0.00698297983035, 0.00469864951447, 0.0026247871574, 0.00195843563415, 0.00195480324328, 0.00320378830656, 0.00240805279464, 0.00168039172422, 0.000939799647313, 0.000812644662801, 0.000717728282325, 0.000515095773153, 0.000349805370206, 0.000259251683019, 0.000144867255585, 0.000143315963214, 0.000144813791849, 9.47698936216e-05, 4.50643638032e-05, 3.85182684113e-05, 2.89609033644e-05, 2.33758564718e-05, 1.25643864521e-05, 7.35874345992e-06, 4.50444440503e-06, 3.41727650266e-06, 4.4272192099e-06, 1.58684383678e-06],
        "mean": [8.39932472445e-05, 0.000207835779293, 0.000245729665039, 0.000155320944032, 0.000121716380818, 0.000102737743873, 9.29336820263e-05, 7.06632563379e-05, 8.09731718618e-05, 0.000141042008181, 0.000143224824569, 0.000101941019238, 0.000141701122629, 0.000149852829054, 9.62290505413e-05, 4.98363588122e-05, 8.27794647194e-05, 0.000152129854541, 9.36880896916e-05, 4.19470379711e-05, 2.942942956e-05, 2.44722778007e-05, 2.08618967008e-05, 2.76252521871e-05, 2.04274947464e-05, 1.47631608343e-05, 1.12397674457e-05, 1.0571956409e-05, 8.69941868586e-06, 4.9518898777e-06, 3.25252290168e-06, 2.13213365896e-06, 1.51836331952e-06, 1.24331245388e-06, 9.15042107863e-07, 5.52242397589e-07, 3.39500957125e-07, 2.63109882326e-07, 1.89229595549e-07, 1.14859368239e-07],
        "min": [1.18460658618e-24, 4.46130226971e-25, 1.00354604792e-24, 6.50184778717e-25, 7.19170960702e-25, 1.89661054834e-24, 1.25347177662e-24, 1.16652895106e-24, 1.15545817573e-24, 1.12617220766e-24, 1.1364529388e-24, 1.31828606771e-24, 2.67919606506e-24, 1.21501727268e-24, 1.52743242077e-24, 2.66305242106e-24, 2.62110770066e-24, 2.10248431194e-24, 2.39293382534e-24, 3.06026814431e-24, 3.03854409828e-24, 3.00904760295e-24, 2.27754319643e-24, 3.81917817033e-24, 3.04298617403e-24, 4.08383627087e-24, 4.54936084041e-24, 4.51066090212e-24, 3.03671453262e-24, 4.54795509028e-24, 4.89027418035e-24, 4.41725267119e-24, 4.89976733248e-24, 4.70156248017e-24, 4.75799680047e-24, 4.47699665742e-24, 5.56762091915e-24, 5.2125830247e-24, 5.46605152773e-24, 5.15645912117e-24],
        "stdev": [0.00011739423644, 0.000279041210888, 0.000349860463757, 0.00024437092361, 0.000273675657809, 0.000191808197997, 0.000165134348208, 0.000139479889185, 0.000167510166648, 0.000283339584712, 0.000284119974822, 0.000200795024284, 0.000417962990468, 0.000443246099167, 0.000247010000749, 0.000112043708214, 0.000171675434103, 0.000334516895236, 0.000223797105718, 9.43839622778e-05, 5.76514903514e-05, 4.47809507023e-05, 4.24161480623e-05, 4.93954394187e-05, 3.43688407156e-05, 2.17534779949e-05, 1.53097971634e-05, 1.44842197187e-05, 1.34117135531e-05, 7.16231079423e-06, 4.57734176962e-06, 3.48455273524e-06, 2.29982993005e-06, 1.82131577731e-06, 1.33250603085e-06, 8.30157546261e-07, 5.41109841379e-07, 4.61962315512e-07, 3.38393647326e-07, 2.01197806859e-07]
    },
    "melbands128": {
        "max": [0.000170215585968, 0.000864005822223, 0.00227617891505, 0.00319111486897, 0.00488872732967, 0.00379576953128, 0.00546581391245, 0.00614136084914, 0.00597637658939, 0.00519307656214, 0.00194576801732, 0.00597997149453, 0.00648151757196, 0.00339574902318, 0.0023487249855, 0.00405636709183, 0.00399693194777, 0.00282394839451, 0.00180095201358, 0.00271211820655, 0.00252276984975, 0.00364268221892, 0.00361425918527, 0.00549156684428, 0.00482030259445, 0.00736016221344, 0.00746301654726, 0.00461221672595, 0.0063939015381, 0.00369972991757, 0.00253916438669, 0.00859488174319, 0.0130450194702, 0.00316340150312, 0.00585895543918, 0.0105993468314, 0.0037262418773, 0.00537689775229, 0.00553716626018, 0.0035312497057, 0.00374895287678, 0.00295275682583, 0.00300130643882, 0.00409602280706, 0.00647820299491, 0.0075758411549, 0.0059881308116, 0.00461193406954, 0.00274306116626, 0.00177478243131, 0.00368015188724, 0.00115787924733, 0.00106721860357, 0.0016466359375, 0.00214400724508, 0.000548913434613, 0.00157834193669, 0.00177824601997, 0.0015662984224, 0.000737267313525, 0.00122222339269, 0.000854065758176, 0.000793922925368, 0.000820614979602, 0.000402264675358, 0.000462147290818, 0.000310214556521, 0.000211261038203, 0.000214399551624, 0.00034607827547, 0.000231818092288, 0.000221204347326, 0.000208790632314, 0.000211553793633, 0.000183855823707, 0.000126147351693, 9.97265669866e-05, 6.13487936789e-05, 6.9361703936e-05, 6.43180173938e-05, 7.39029492252e-05, 4.9926849897e-05, 3.83318511012e-05, 2.51023757301e-05, 5.01357280882e-05, 3.39696998708e-05, 2.14238334593e-05, 2.47832977038e-05, 2.40893132286e-05, 1.56737187353e-05, 1.53045093612e-05, 8.18572789285e-06, 1.24353528008e-05, 5.00922988067e-06, 8.61247735884e-06, 6.29770875094e-06, 7.20145862942e-06, 7.14851557859e-06, 7.2467460086e-06, 3.14096064358e-06, 1.84696989436e-06, 2.28226190302e-06, 3.58415331903e-06, 2.08745223063e-06, 2.26007591664e-06, 1.76552168796e-06, 3.83846008845e-06, 1.32692184707e-06, 2.69376528195e-06, 1.17806087019e-06, 1.53566975314e-06, 6.07400977515e-07, 7.72540602156e-07, 2.46762425604e-07, 1.15521586963e-07, 9.96332349956e-09, 7.02246538697e-10, 6.30903107535e-10, 5.88514292854e-10, 5.43986966584e-10, 5.03315833456e-10, 4.68066752024e-10, 4.41798625461e-10, 4.22004375888e-10, 4.00933147793e-10, 3.90724064214e-10, 3.86376819428e-10, 3.75198372371e-10],
        "mean": [1.20556615002e-05, 5.38124841114e-05, 0.00010841749463, 0.000152350359713, 0.000216151995119, 0.000247773568844, 0.000233241458773, 0.00027946967748, 0.000221963811782, 0.00012847497419, 0.000125141319586, 0.000142419128679, 0.000106537816464, 0.000118709212984, 9.84445141512e-05, 9.58106538747e-05, 0.000108040570922, 9.47529260884e-05, 6.54172617942e-05, 8.62325541675e-05, 5.83676046517e-05, 7.00836535543e-05, 5.30484576302e-05, 0.000130754269776, 0.000153429544298, 0.000121281242173, 0.000183720883797, 0.000111783476314, 0.000165380974067, 0.000107358428068, 5.85701454838e-05, 0.000122794313938, 0.000189527854673, 9.14780393941e-05, 0.000188404068467, 0.000172700441908, 7.66312150517e-05, 0.000123815974803, 8.49991556606e-05, 4.21766126237e-05, 3.83622027584e-05, 6.54746108921e-05, 5.21125512023e-05, 8.77829588717e-05, 0.000202930299565, 0.000148463543155, 0.000120083794172, 0.000127736668219, 5.92447577219e-05, 4.44602555945e-05, 4.51354062534e-05, 3.23659842252e-05, 3.8068566937e-05, 2.39554283326e-05, 1.79502494575e-05, 2.69285355898e-05, 2.73404566542e-05, 2.40076133196e-05, 1.73072348844e-05, 1.67869293364e-05, 3.44928557752e-05, 3.09660717903e-05, 1.77356014319e-05, 1.96560431505e-05, 2.06320491998e-05, 1.39845787999e-05, 1.17350082292e-05, 1.17620356832e-05, 1.04655464384e-05, 1.13172491183e-05, 1.1423810065e-05, 9.67404048424e-06, 9.55397899816e-06, 9.11472488951e-06, 6.99210204402e-06, 4.88162049805e-06, 4.12058443544e-06, 4.14654095948e-06, 2.88661522063e-06, 2.83596614281e-06, 2.27768578043e-06, 1.74134572717e-06, 1.85161309219e-06, 1.44764851484e-06, 1.37816095958e-06, 1.19692947465e-06, 1.33354330956e-06, 1.05547735529e-06, 9.26711493321e-07, 7.65928973578e-07, 6.61027854676e-07, 4.53554605429e-07, 4.42135558387e-07, 3.27114548782e-07, 2.91078293913e-07, 2.77742998378e-07, 2.41719050109e-07, 2.72548220437e-07, 2.18641460492e-07, 1.44517471767e-07, 7.41272643268e-08, 1.14613776248e-07, 1.54594260948e-07, 1.15093101272e-07, 1.17978785852e-07, 7.29939984012e-08, 8.7534964166e-08, 5.47149454633e-08, 6.87091699092e-08, 4.09604190565e-08, 4.90642548812e-08, 2.84896746194e-08, 2.39591457785e-08, 1.36418236707e-08, 8.94747298474e-09, 9.23579823731e-11, 3.38460466251e-12, 2.99108350935e-12, 2.90837015929e-12, 2.84144366022e-12, 2.77649648064e-12, 2.71852570836e-12, 2.6572472521e-12, 2.58842253187e-12, 2.57336946891e-12, 2.56087533991e-12, 2.54338564099e-12, 2.51671274966e-12],
        "min": [2.34094750958e-26, 7.83797281026e-26, 2.72444700013e-25, 6.69287957657e-26, 8.38177037749e-26, 2.49147295551e-25, 1.66729967794e-25, 1.79037430511e-25, 2.29076430799e-25, 2.68143633142e-25, 1.76576159834e-25, 2.63746867583e-25, 9.63867724892e-26, 3.6065571808e-25, 4.96728751508e-25, 7.92785796373e-26, 5.64313423487e-25, 2.47779903779e-25, 2.55221549173e-25, 5.81294936371e-25, 2.42488545302e-25, 1.68765721967e-25, 2.369371832e-25, 2.73921768102e-25, 2.83090723055e-25, 2.85350908156e-25, 5.1078393556e-25, 6.98264125257e-25, 5.53478616169e-25, 6.66399272282e-25, 6.68929691547e-25, 5.73864606201e-25, 2.07170379758e-25, 8.02884436229e-25, 6.53291608785e-25, 6.00681735458e-25, 8.03545156541e-25, 5.82488187098e-25, 7.26908453587e-25, 6.98754254398e-25, 1.06807388389e-24, 1.30160629412e-24, 5.15782010344e-25, 8.4126266718e-25, 9.30011392562e-25, 7.97872112645e-25, 6.24017572238e-25, 9.03390492454e-25, 7.53143551408e-25, 1.3313704105e-24, 7.37375848938e-25, 9.56329468689e-25, 1.62801297505e-24, 9.04440367711e-25, 1.18863253781e-24, 1.39084687427e-24, 1.06791591449e-24, 1.40385282402e-24, 6.155838603e-25, 1.2390414399e-24, 1.74827886296e-24, 1.87999477109e-24, 1.25074971346e-24, 1.04384500726e-24, 1.89034718997e-24, 1.34484967679e-24, 2.00516944459e-24, 2.10406538641e-24, 1.8656917368e-24, 1.95297170179e-24, 1.92438436866e-24, 1.58856223839e-24, 1.98786676671e-24, 2.03506628683e-24, 2.2920312186e-24, 2.87641641896e-24, 3.05558507155e-24, 2.18376715911e-24, 2.61755250177e-24, 2.43649275238e-24, 2.90667929265e-24, 2.79192823272e-24, 2.52129017209e-24, 2.78076565369e-24, 3.63813262043e-24, 3.34612668446e-24, 2.90112314808e-24, 2.37575874571e-24, 2.87097170099e-24, 2.85885992508e-24, 3.0616032914e-24, 1.81229038947e-24, 4.19924583244e-24, 3.4253535629e-24, 3.44256848e-24, 4.05081770882e-24, 3.59807623582e-24, 3.80134675843e-24, 3.86429233664e-24, 3.24327283027e-24, 3.37075689408e-24, 3.36166763873e-24, 3.18925321321e-24, 3.38899693593e-24, 3.61914079414e-24, 4.50143872371e-24, 4.31234521485e-24, 3.2569572004e-24, 3.99437471105e-24, 3.8192736225e-24, 3.18138097302e-24, 4.03565659108e-24, 3.8210312046e-24, 4.79970387653e-24, 3.41475639993e-24, 4.90340516455e-24, 4.54507298696e-24, 4.60689404395e-24, 3.70017376961e-24, 5.51417362067e-24, 5.09308834693e-24, 5.42640968952e-24, 4.59255531371e-24, 3.92788596408e-24, 4.90997124829e-24, 5.44349760002e-24, 5.05241586195e-24, 5.21790823024e-24],
        "stdev": [2.23502029257e-05, 9.03473483049e-05, 0.000168058439158, 0.000236607593251, 0.000322354753735, 0.000387315900298, 0.00038172249333, 0.000444032571977, 0.000440712989075, 0.000252970523434, 0.000217596723814, 0.000341362610925, 0.000321361119859, 0.000290605588816, 0.000205562784686, 0.000246884825174, 0.000237173240748, 0.000202033828828, 0.000145929385326, 0.000209636345971, 0.000159122108016, 0.000240401641349, 0.000175171226147, 0.000319676153595, 0.000375764269847, 0.000362313672667, 0.000544986163732, 0.000287548667984, 0.000429880834417, 0.000288998882752, 0.000162426993484, 0.000432500790339, 0.00076664716471, 0.000284666690277, 0.000629593851045, 0.000745687226299, 0.000283976900391, 0.000434725254308, 0.000260352739133, 0.000136479036883, 0.000161153060617, 0.000186120232684, 0.000169629609445, 0.000288059702143, 0.000570390606299, 0.000491240760311, 0.000458075897768, 0.000415084097767, 0.000170345039805, 0.000122532976093, 0.00016226246953, 7.96203894424e-05, 8.10712299426e-05, 6.97738068993e-05, 6.6596781835e-05, 5.02976581629e-05, 7.4584990216e-05, 7.45209181332e-05, 5.33886232006e-05, 3.83158767363e-05, 7.78798857937e-05, 7.23424818716e-05, 4.97058863402e-05, 5.06003780174e-05, 3.75299096049e-05, 2.83714198304e-05, 2.51738310908e-05, 2.12041832128e-05, 1.9081579012e-05, 1.96332675841e-05, 1.90155260498e-05, 1.81946288649e-05, 1.92502830032e-05, 1.72081636265e-05, 1.33949233714e-05, 8.53726396599e-06, 6.83778762323e-06, 6.51950904285e-06, 5.1338670346e-06, 5.18012620887e-06, 4.23679102823e-06, 3.72757608602e-06, 3.51156654688e-06, 2.36771552409e-06, 2.51374785876e-06, 2.06413892556e-06, 2.25843200496e-06, 1.7326373154e-06, 1.6034765622e-06, 1.31446745399e-06, 1.15580962756e-06, 7.45937768443e-07, 8.58409748616e-07, 5.75057867991e-07, 5.74869545744e-07, 5.8909438394e-07, 5.1434182069e-07, 5.7924654584e-07, 4.36864951325e-07, 2.81490343923e-07, 1.5341181836e-07, 2.25110383667e-07, 3.21564584738e-07, 2.30301566262e-07, 2.70209397968e-07, 1.57541563794e-07, 2.34288066281e-07, 1.25177066934e-07, 1.85992362844e-07, 9.47057827716e-08, 1.30380996666e-07, 6.47629221362e-08, 6.66437429686e-08, 2.90403701086e-08, 1.20246701485e-08, 4.83407980312e-10, 1.84707475009e-11, 1.53426837207e-11, 1.43501287242e-11, 1.33145829431e-11, 1.23703009641e-11, 1.15564944766e-11, 1.09483325184e-11, 1.04884451818e-11, 1.00038319642e-11, 9.76601351871e-12, 9.65924736029e-12, 9.40680085909e-12]
    },
    "mfcc": {
        "mean": [-787.695495605, 77.18309021, -33.5674591064, 15.8520002365, -7.40182876587, 6.35080051422, -0.480383992195, 1.50965762138, -1.60089194775, 3.51277732849, -3.50753545761, -3.81741642952, -4.53807163239],
        "cov": [[76478.375, 11929.1728516, -4638.64404297, 2665.12182617, -1038.52563477, 1032.14648438, 6.75628328323, 265.562469482, -306.094299316, 586.130615234, -555.965759277, -718.469177246, -732.016662598], [11929.1728516, 2303.16577148, -666.285461426, 554.491638184, -144.318283081, 171.643096924, 33.058139801, 71.4065551758, -66.2341003418, 116.705413818, -67.097946167, -117.010780334, -125.034599304], [-4638.64404297, -666.285461426, 1011.97436523, 74.2122955322, 179.173171997, -112.260551453, 49.0372581482, 3.76325106621, 39.1145706177, -20.7155647278, 44.5714225769, 21.3514537811, 26.38996315], [2665.12182617, 554.491638184, 74.2122955322, 297.866149902, 27.9323635101, 22.4773578644, 9.54639148712, 21.1668262482, 0.732819616795, 27.8155422211, -17.9819145203, -26.1211032867, -35.3441009521], [-1038.52563477, -144.318283081, 179.173171997, 27.9323635101, 110.435195923, -7.31299114227, 2.0808494091, -1.0674046278, 8.67978000641, -1.17797231674, 9.80013751984, -1.93825185299, -0.432285070419], [1032.14648438, 171.643096924, -112.260551453, 22.4773578644, -7.31299114227, 96.362991333, 33.5126724243, 4.42500543594, -26.7948875427, 12.5562314987, -7.83630847931, -18.0741214752, -3.81818914413], [6.75628328323, 33.058139801, 49.0372581482, 9.54639148712, 2.0808494091, 33.5126724243, 86.341545105, 23.9997444153, -12.1761274338, 9.4120464325, 4.18464708328, -15.849656105, 2.1362092495], [265.562469482, 71.4065551758, 3.76325106621, 21.1668262482, -1.0674046278, 4.42500543594, 23.9997444153, 60.8909454346, 13.6025600433, 10.9055051804, 2.85292172432, -14.6272211075, -7.1630859375], [-306.094299316, -66.2341003418, 39.1145706177, 0.732819616795, 8.67978000641, -26.7948875427, -12.1761274338, 13.6025600433, 66.3789978027, 7.87903308868, -3.93442416191, 7.19263076782, -5.16717815399], [586.130615234, 116.705413818, -20.7155647278, 27.8155422211, -1.17797231674, 12.5562314987, 9.4120464325, 10.9055051804, 7.87903308868, 57.5351486206, 10.2052497864, -22.9198360443, -11.5751304626], [-555.965759277, -67.097946167, 44.5714225769, -17.9819145203, 9.80013751984, -7.83630847931, 4.18464708328, 2.85292172432, -3.93442416191, 10.2052497864, 50.6432762146, 17.8885364532, 1.44718885422], [-718.469177246, -117.010780334, 21.3514537811, -26.1211032867, -1.93825185299, -18.0741214752, -15.849656105, -14.6272211075, 7.19263076782, -22.9198360443, 17.8885364532, 69.0459823608, 24.2633686066], [-732.016662598, -125.034599304, 26.38996315, -35.3441009521, -0.432285070419, -3.81818914413, 2.1362092495, -7.1630859375, -5.16717815399, -11.5751304626, 1.44718885422, 24.2633686066, 52.1874389648]],
        "icov": [[8.76367266756e-05, -0.000353587936843, 0.000105357001303, -0.000123141755466, 0.00020027012215, -0.000156385198352, 0.000108350730443, 0.000103917911474, -8.56047627167e-05, -2.03450817935e-05, 0.000226004995056, 0.000130551445181, 0.000165518242284], [-0.000353587936843, 0.00354693061672, 0.00081858568592, -0.00347010954283, 0.000768131925724, 0.000231756086578, -0.000815579551272, -0.00126863748301, 0.00179965689313, -0.00143270462286, -0.000569186871871, -0.000371718866518, 0.0007058508927], [0.000105357001303, 0.00081858568592, 0.00293179647997, -0.00319571560249, -0.00159183098003, 0.00235879304819, -0.0024384453427, 0.000456666108221, 6.52027665637e-05, 6.05190725764e-05, -0.000909205176868, 0.000801604182925, -0.000213521096157], [-0.000123141755466, -0.00347010954283, -0.00319571560249, 0.012067168951, -0.00376079883426, -0.000354034273187, 0.0014361172216, -0.000320244318573, -0.00121393625159, 0.000120072865684, 0.00234336475842, -0.00213387841359, 0.000421063130489], [0.00020027012215, 0.000768131925724, -0.00159183098003, -0.00376079883426, 0.0154067529365, -0.00403981702402, 0.00251113530248, 0.000201305942028, -0.000790161488112, 2.94569344987e-05, -0.00150045962073, 0.0023958182428, 0.00152033357881], [-0.000156385198352, 0.000231756086578, 0.00235879304819, -0.000354034273187, -0.00403981702402, 0.0184985790402, -0.00796216446906, 0.00121654605027, 0.00464527402073, -0.00206909235567, 0.00144885468762, -3.49315050698e-05, -0.00128094048705], [0.000108350730443, -0.000815579551272, -0.0024384453427, 0.0014361172216, 0.00251113530248, -0.00796216446906, 0.018800990656, -0.00662131747231, 0.00207741325721, -0.000668992579449, -0.000551591161638, 0.00213433685713, -0.00138840032741], [0.000103917911474, -0.00126863748301, 0.000456666108221, -0.000320244318573, 0.000201305942028, 0.00121654605027, -0.00662131747231, 0.0227659754455, -0.00766366207972, 0.00209620851092, -0.00452924473211, 0.00539183942601, -0.00121826317627], [-8.56047627167e-05, 0.00179965689313, 6.52027665637e-05, -0.00121393625159, -0.000790161488112, 0.00464527402073, 0.00207741325721, -0.00766366207972, 0.0230671837926, -0.00861250795424, 0.00808610673994, -0.00740226032212, 0.0050432397984], [-2.03450817935e-05, -0.00143270462286, 6.05190725764e-05, 0.000120072865684, 2.94569344987e-05, -0.00206909235567, -0.000668992579449, 0.00209620851092, -0.00861250795424, 0.0281875692308, -0.0129821682349, 0.0119067924097, -0.00327982474118], [0.000226004995056, -0.000569186871871, -0.000909205176868, 0.00234336475842, -0.00150045962073, 0.00144885468762, -0.000551591161638, -0.00452924473211, 0.00808610673994, -0.0129821682349, 0.0319293141365, -0.0140481609851, 0.00691483868286], [0.000130551445181, -0.000371718866518, 0.000801604182925, -0.00213387841359, 0.0023958182428, -3.49315050698e-05, 0.00213433685713, 0.00539183942601, -0.00740226032212, 0.0119067924097, -0.0140481609851, 0.0280735250562, -0.0109945069999], [0.000165518242284, 0.0007058508927, -0.000213521096157, 0.000421063130489, 0.00152033357881, -0.00128094048705, -0.00138840032741, -0.00121826317627, 0.0050432397984, -0.00327982474118, 0.00691483868286, -0.0109945069999, 0.0280679073185]]
    },
    "spectral_contrast_coeffs": {
        "max": [-0.53349417448, -0.556092500687, -0.522052168846, -0.534391462803, -0.652272284031, -0.565476953983],
        "mean": [-0.791258752346, -0.820697426796, -0.788656711578, -0.805862188339, -0.815686106682, -0.763829529285],
        "min": [-0.982471704483, -0.984596550465, -0.974866628647, -0.974859774113, -0.967280030251, -0.966290235519],
        "stdev": [0.106469869614, 0.0964377224445, 0.119844295084, 0.105005219579, 0.0882330238819, 0.115183420479]
    },
    "spectral_contrast_valleys": {
        "max": [-5.74974632263, -4.99307918549, -5.48509597778, -5.49868822098, -5.61306715012, -9.05805397034],
        "mean": [-12.1295099258, -11.7955064774, -12.0219507217, -12.0017557144, -11.961397171, -14.7043886185],
        "min": [-28.2684173584, -28.251367569, -27.8973236084, -27.7677669525, -27.5831699371, -27.4209365845],
        "stdev": [8.51456356049, 8.64047908783, 8.54707241058, 8.53273296356, 8.57184314728, 7.0522851944]
    }
},
"rhythm": {
    "beats_count": 72,
    "beats_loudness": {
        "max": 0.0520659163594,
        "mean": 0.0138366576284,
        "min": 0,
        "stdev": 0.0143983699381
    },
    "bpm": 82.045539856,
    "bpm_histogram_first_peak_bpm": 82,
    "bpm_histogram_first_peak_weight": 0.0434783101082,
    "bpm_histogram_second_peak_bpm": 110,
    "bpm_histogram_second_peak_spread": 0.500000059605,
    "bpm_histogram_second_peak_weight": 0.126760557294,
    "danceability": 1.02990031242,
    "onset_rate": 2.31886839867,
    "beats_loudness_band_ratio": {
        "max": [0.483014017344, 0.586090147495, 0.492329835892, 0.679109573364, 0.708427846432, 0.275136262178],
        "mean": [0.0858340635896, 0.0713292062283, 0.101333521307, 0.188610002398, 0.208053290844, 0.0625612661242],
        "min": [0, 0, 0, 0, 0, 0],
        "stdev": [0.11129861325, 0.0977093204856, 0.110570281744, 0.180661901832, 0.183212071657, 0.0552595257759]
    },
    "beats_position": [0.731428563595, 1.48607707024, 2.21750569344, 2.94893407822, 3.69197273254, 4.43501138687, 5.15482997894, 5.87464857101, 6.59446716309, 7.31428575516, 8.03410434723, 8.75392246246, 9.4853515625, 10.2167797089, 10.9482088089, 11.6796369553, 12.4226751328, 13.1657142639, 13.8971424103, 14.6285715103, 15.3599996567, 16.0798187256, 16.8112468719, 17.5542850494, 18.1231746674, 18.6804523468, 19.2261219025, 19.760181427, 20.3058490753, 20.8631286621, 21.4087982178, 21.9544658661, 22.4885253906, 23.0341949463, 23.5798625946, 24.1255321503, 24.6712017059, 25.2284793854, 25.7857589722, 26.3314285278, 26.8538761139, 27.3879356384, 27.921995163, 28.4328346252, 28.932062149, 29.4429016113, 29.9537410736, 30.4645805359, 30.9870281219, 31.5443077087, 32.1131973267, 32.6820869446, 33.0419960022, 33.4019050598, 33.7618141174, 34.1797714233, 34.5861206055, 34.9924697876, 35.3988189697, 35.8167800903, 36.2347373962, 36.6526985168, 37.0706558228, 37.4886169434, 37.9065742493, 38.3245353699, 38.765712738, 39.2068939209, 39.6480712891, 40.0892524719, 40.5304298401, 40.9716110229],
