{
"metadata": {
    "version": {
        "essentia": "2.1-beta5",
        "essentia_git_sha": "Undefined",
        "extractor": "music 2.0"
    },
    "audio_properties": {
        "analysis": {
            "equal_loudness": 0,
            "length": 32.9839439392,
            "sample_rate": 44100,
            "start_time": 191.4949646,
            "downmix": "mix"
        },
        "bit_rate": 192000,
        "length": 224.502151489,
        "lossless": 0,
        "number_channels": 2,
        "replay_gain": -0.0476837158203,
        "sample_rate": 48000,
        "codec": "mp3",
        "md5_encoded": "ad0b68b012c5bfbc3e054bfe14b899a8"
    },
    "tags": {
        "file_name": "Italy_Gente Di Mare_Umberto Tozzi and Raf.mp3",
        "encoding": ["Lavf58.29.100"]
    }
},
"lowlevel": {
    "average_loudness": 0.669219553471,
    "barkbands_crest": {
        "max": 20.8418693542,
        "mean": 7.52378892899,
        "min": 2.86967802048,
        "stdev": 2.63051342964
    },
    "barkbands_flatness_db": {
        "max": 0.230816662312,
        "mean": 0.11760558933,
        "min": 0.0567474514246,
        "stdev": 0.0354793109
    },
    "barkbands_kurtosis": {
        "max": 13.8070068359,
        "mean": 1.43282651901,
        "min": -1.59307873249,
        "stdev": 1.77234089375
    },
    "barkbands_skewness": {
        "max": 3.40881490707,
        "mean": -0.187001690269,
        "min": -2.31700372696,
        "stdev": 1.21926832199
    },
    "barkbands_spread": {
        "max": 44.5632514954,
        "mean": 20.4424743652,
        "min": 4.534927845,
        "stdev": 6.89216756821
    },
    "dissonance": {
        "max": 0.499979972839,
        "mean": 0.472432464361,
        "min": 0.321943253279,
        "stdev": 0.0262365508825
    },
    "dynamic_complexity": 3.74871134758,
    "erbbands_crest": {
        "max": 25.3098087311,
        "mean": 7.89788341522,
        "min": 2.54341816902,
        "stdev": 4.47158765793
    },
    "erbbands_flatness_db": {
        "max": 0.31468424201,
        "mean": 0.169095158577,
        "min": 0.0808127373457,
        "stdev": 0.0553912706673
    },
    "erbbands_kurtosis": {
        "max": 6.37501907349,
        "mean": 0.33497017622,
        "min": -1.54244434834,
        "stdev": 1.02321982384
    },
    "erbbands_skewness": {
        "max": 2.1177341938,
        "mean": 0.0350686311722,
        "min": -1.5554100275,
        "stdev": 0.594874560833
    },
    "erbbands_spread": {
        "max": 65.6566467285,
        "mean": 28.0918827057,
        "min": 6.32510709763,
        "stdev": 10.1288442612
    },
    "hfc": {
        "max": 108.18926239,
        "mean": 18.1506195068,
        "min": 1.06591638552e-16,
        "stdev": 19.4354228973
    },
    "loudness_ebu128": {
        "integrated": -23.0373020172,
        "loudness_range": 6.68413352966,
        "momentary": {
            "max": -20.1409950256,
            "mean": -107.376411438,
            "min": -300.691009521,
            "stdev": 126.113494873
        },
        "short_term": {
            "max": -21.6025485992,
            "mean": -91.3566741943,
            "min": -300.691009521,
            "stdev": 117.116867065
        }
    },
    "melbands_crest": {
        "max": 23.9037914276,
        "mean": 7.27791023254,
        "min": 1.49847221375,
        "stdev": 4.52278184891
    },
    "melbands_flatness_db": {
        "max": 0.302624613047,
        "mean": 0.106106646359,
        "min": 0.00291440100409,
        "stdev": 0.0735112354159
    },
    "melbands_kurtosis": {
        "max": 29.8065910339,
        "mean": 1.29196858406,
        "min": -1.43759739399,
        "stdev": 3.10568118095
    },
    "melbands_skewness": {
        "max": 3.97655010223,
        "mean": 0.707857370377,
        "min": -0.497613936663,
        "stdev": 0.797678589821
    },
    "melbands_spread": {
        "max": 165.165756226,
        "mean": 59.6819190979,
        "min": 6.25715970993,
        "stdev": 48.7279891968
    },
    "pitch_salience": {
        "max": 0.980367600918,
        "mean": 0.677013635635,
        "min": 0.260872989893,
        "stdev": 0.118138805032
    },
    "silence_rate_20dB": {
        "max": 1,
        "mean": 1,
        "min": 1,
        "stdev": 0
    },
    "silence_rate_30dB": {
        "max": 1,
        "mean": 1,
        "min": 1,
        "stdev": 0
    },
    "silence_rate_60dB": {
        "max": 1,
        "mean": 0.357946544886,
        "min": 0,
        "stdev": 0.479396343231
    },
    "spectral_centroid": {
        "max": 11809.6005859,
        "mean": 4487.54833984,
        "min": 516.350830078,
        "stdev": 4367.24902344
    },
    "spectral_complexity": {
        "max": 47,
        "mean": 15.3312234879,
        "min": 0,
        "stdev": 12.4342193604
    },
    "spectral_decrease": {
        "max": 2.37234798695e-28,
        "mean": -3.97168564703e-09,
        "min": -2.61027910398e-08,
        "stdev": 4.1355407987e-09
    },
    "spectral_energy": {
        "max": 0.108331054449,
        "mean": 0.016636390239,
        "min": 9.71139765941e-21,
        "stdev": 0.0172309372574
    },
    "spectral_energyband_high": {
        "max": 0.00589948380366,
        "mean": 0.000491149548907,
        "min": 6.9548271538e-21,
        "stdev": 0.000624861044344
    },
    "spectral_energyband_low": {
        "max": 0.0173892118037,
        "mean": 0.00125381746329,
        "min": 1.17238188483e-23,
        "stdev": 0.00181306735612
    },
    "spectral_energyband_middle_high": {
        "max": 0.0479886680841,
        "mean": 0.00712427031249,
        "min": 1.04362799005e-21,
        "stdev": 0.00840753968805
    },
    "spectral_energyband_middle_low": {
        "max": 0.078179769218,
        "mean": 0.00802987627685,
        "min": 1.25016581045e-22,
        "stdev": 0.0101916054264
    },
    "spectral_entropy": {
        "max": 9.82846927643,
        "mean": 8.2568025589,
        "min": 6.58846616745,
        "stdev": 1.05122721195
    },
    "spectral_flux": {
        "max": 0.261199295521,
        "mean": 0.053294673562,
        "min": 6.33513796977e-11,
        "stdev": 0.0462898463011
    },
    "spectral_kurtosis": {
        "max": 17.9460678101,
        "mean": 2.5224416256,
        "min": -1.27634119987,
        "stdev": 3.11109995842
    },
    "spectral_rms": {
        "max": 0.0102805076167,
        "mean": 0.00313250161707,
        "min": 3.07807316961e-12,
        "stdev": 0.00253338064067
    },
    "spectral_rolloff": {
        "max": 19745.9472656,
        "mean": 7035.0859375,
        "min": 452.197265625,
        "stdev": 7844.71533203
    },
    "spectral_skewness": {
        "max": 2.89728975296,
        "mean": 0.978428661823,
        "min": -0.124461561441,
        "stdev": 0.702038228512
    },
    "spectral_spread": {
        "max": 43064572,
        "mean": 14897191,
        "min": 1945471.5,
        "stdev": 17100004
    },
    "spectral_strongpeak": {
        "max": 13.0694580078,
        "mean": 1.35658323765,
        "min": 0,
        "stdev": 1.77318096161
    },
    "zerocrossingrate": {
        "max": 0.80126953125,
        "mean": 0.202245950699,
        "min": 0.021484375,
        "stdev": 0.201109156013
    },
    "barkbands": {
        "max": [0.000214338797377, 0.00981452316046, 0.0101061575115, 0.00641779415309, 0.0217158608139, 0.0405862107873, 0.0514711998403, 0.0245381966233, 0.0639800950885, 0.0342599563301, 0.0135805411264, 0.0233574360609, 0.0229129940271, 0.0339924991131, 0.0156633332372, 0.0215757023543, 0.0116656785831, 0.00944686401635, 0.00209236308001, 0.00464496714994, 0.00324234040454, 0.00130703626201, 0.001458791201, 0.00149067805614, 0.00087674317183, 0.00023658965074, 1.43245222262e-06],
        "mean": [1.15874954645e-05, 0.000560642278288, 0.000527224736288, 0.000363254977856, 0.00132877135184, 0.00133217510302, 0.00184855982661, 0.000449667248176, 0.00239696190692, 0.000761449337006, 0.000962273741607, 0.00063829467399, 0.00133751519024, 0.0013420881005, 0.000649476831313, 0.000539818312973, 0.000465186254587, 0.00040488090599, 0.000128365252749, 0.000233340295381, 0.000133793495479, 0.000106533421786, 7.00542514096e-05, 2.86195554509e-05, 1.27585281007e-05, 3.10512177748e-06, 1.99837257853e-09],
        "min": [9.85751281071e-26, 1.05976422033e-24, 2.24427426965e-25, 4.82159131538e-25, 5.44707666194e-24, 2.7587041724e-24, 5.11190701825e-24, 7.07771999507e-24, 1.27708691946e-23, 1.00112081339e-23, 1.09319011071e-23, 1.87582587787e-23, 1.70343626202e-23, 2.86473291564e-23, 4.7648085355e-23, 3.9671313208e-23, 4.15938713637e-23, 6.38655541089e-23, 9.00470018943e-23, 1.21687045289e-22, 1.96863406963e-22, 2.68997075329e-22, 3.11206182468e-22, 4.91537235803e-22, 7.89154538183e-22, 1.23842730774e-21, 1.87270823015e-21],
        "stdev": [1.94915719476e-05, 0.00107683078386, 0.00101892254315, 0.000796271313448, 0.0024613677524, 0.0028450016398, 0.00428149243817, 0.00109848449938, 0.0050162198022, 0.00237980321981, 0.00189873448107, 0.00150026543997, 0.00274198269472, 0.00307528069243, 0.00155576539692, 0.00140232592821, 0.000859804684296, 0.000815819425043, 0.000182787131052, 0.000324833119521, 0.000220046931645, 0.000152638705913, 0.000117512914585, 7.25094650988e-05, 4.17136507167e-05, 1.10632681753e-05, 3.80691247415e-08]
    },
    "erbbands": {
        "max": [0.208110034466, 2.43797445297, 10.1756916046, 13.6265916824, 59.4571113586, 88.5263977051, 153.791290283, 431.911071777, 765.377868652, 742.906921387, 826.320983887, 1255.61132812, 1901.9041748, 731.723815918, 502.805175781, 628.968139648, 1225.11035156, 1563.14404297, 1413.16394043, 777.664306641, 1291.18395996, 626.358032227, 677.841247559, 172.396057129, 97.9939804077, 294.365844727, 187.239120483, 38.4745483398, 40.2556190491, 50.0294303894, 39.8474884033, 32.4867515564, 23.3740882874, 9.09207630157, 7.42897987366, 1.72970855236, 0.25769585371, 0.00800447631627, 0.00031835277332, 0.000135059584863],
        "mean": [0.0129239475355, 0.14309464395, 0.527821660042, 0.966795086861, 2.14533829689, 5.45081806183, 6.90094804764, 13.0718812943, 26.6136322021, 17.2268753052, 15.6356115341, 53.5184288025, 40.4618110657, 22.6977386475, 38.8843078613, 30.3992099762, 67.5122451782, 61.5277786255, 42.4002914429, 39.0635528564, 26.4753780365, 25.3646659851, 25.1187591553, 9.75538349152, 7.70182228088, 11.0771179199, 8.02940368652, 4.15212059021, 3.83635926247, 3.15964913368, 1.75799965858, 0.82054746151, 0.369818031788, 0.166748657823, 0.0785546824336, 0.0221602786332, 0.00403777370229, 0.00025837769499, 1.66137524502e-05, 2.12188806472e-05],
        "min": [5.96720831327e-23, 4.99561301739e-22, 5.54565530812e-22, 2.12640872454e-21, 8.12588871898e-21, 1.40159114734e-20, 2.5076999705e-20, 5.40457678698e-20, 8.28751415612e-20, 1.22451785377e-19, 2.39482358266e-19, 2.75585431583e-19, 5.02053085187e-19, 5.98580771673e-19, 6.21793579311e-19, 9.45135327132e-19, 1.36675455863e-18, 1.48674630886e-18, 2.41831070407e-18, 2.23060874063e-18, 3.23956684228e-18, 2.93167987853e-18, 4.25814836318e-18, 4.90457222751e-18, 5.54209521485e-18, 6.45790781645e-18, 7.66465224719e-18, 8.76024138799e-18, 8.42980423997e-18, 8.41714506788e-18, 8.44538997707e-18, 1.01387544224e-17, 9.19047208665e-18, 7.69040403402e-18, 5.69836907131e-18, 3.84479504415e-18, 2.21227097363e-18, 8.56909070178e-19, 2.15440767352e-19, 2.53316582426e-20],
        "stdev": [0.024810468778, 0.270919382572, 0.959219515324, 1.65719127655, 4.2433347702, 10.6073350906, 12.735004425, 28.9946727753, 63.807762146, 41.0142669678, 35.2814331055, 107.231292725, 115.808166504, 50.3121299744, 67.2906036377, 54.6306343079, 138.269607544, 150.545257568, 83.1439743042, 88.6389160156, 63.1730155945, 43.4824028015, 51.1009483337, 15.3394289017, 10.2444829941, 17.0263957977, 12.4418439865, 5.7688627243, 5.37773227692, 4.9127612114, 3.19332408905, 1.83742570877, 1.00827383995, 0.486683160067, 0.308517456055, 0.0835213810205, 0.0134762292728, 0.000477539026178, 2.19337962335e-05, 2.17607885133e-05]
    },
    "gfcc": {
        "mean": [-392.761077881, 64.0155258179, -115.076072693, 17.2172603607, -47.5440559387, 10.0463314056, -23.977678299, 1.3235449791, -13.056435585, 1.59964799881, -8.95085525513, -1.21434509754, -6.20738554001],
        "cov": [[343321.1875, 25679.5976562, -43801.5390625, 7102.84960938, -18603.9570312, 3939.61889648, -9392.14453125, 488.701934814, -5175.45117188, 618.294616699, -3454.2487793, -482.201873779, -2533.35546875], [25679.5976562, 2586.01049805, -2792.89819336, 608.821411133, -1342.02185059, 136.378372192, -661.951599121, -66.529586792, -385.695251465, 50.5278816223, -163.761001587, -10.1334323883, -215.98236084], [-43801.5390625, -2792.89819336, 6556.45898438, -695.424987793, 2413.69116211, -556.059265137, 1209.60437012, -103.78591156, 615.636291504, -56.1824035645, 507.243041992, 113.372428894, 250.500289917], [7102.84960938, 608.821411133, -695.424987793, 278.510101318, -374.949493408, 56.5049362183, -202.678787231, 13.9848537445, -81.9199829102, 10.9295606613, -58.3342590332, 6.94072580338, -47.7867050171], [-18603.9570312, -1342.02185059, 2413.69116211, -374.949493408, 1103.06665039, -208.746170044, 518.022338867, -4.34901046753, 284.732116699, -29.7488708496, 173.142532349, 38.2463951111, 154.776107788], [3939.61889648, 136.378372192, -556.059265137, 56.5049362183, -208.746170044, 175.29725647, -65.5894393921, 27.7499980927, -96.1887969971, 16.6542263031, -62.2405891418, -21.1655845642, -45.9242134094], [-9392.14453125, -661.951599121, 1209.60437012, -202.678787231, 518.022338867, -65.5894393921, 349.010101318, -14.017083168, 119.298652649, -12.8448114395, 90.291267395, -3.71211910248, 50.2005348206], [488.701934814, -66.529586792, -103.78591156, 13.9848537445, -4.34901046753, 27.7499980927, -14.017083168, 85.3357543945, 25.9900398254, -2.77153563499, -36.6325302124, 2.05501651764, 17.0359325409], [-5175.45117188, -385.695251465, 615.636291504, -81.9199829102, 284.732116699, -96.1887969971, 119.298652649, 25.9900398254, 169.816986084, -3.24292135239, 48.4888763428, 13.4597005844, 67.4228668213], [618.294616699, 50.5278816223, -56.1824035645, 10.9295606613, -29.7488708496, 16.6542263031, -12.8448114395, -2.77153563499, -3.24292135239, 51.1528358459, 14.3447685242, 3.94632959366, -11.5309324265], [-3454.2487793, -163.761001587, 507.243041992, -58.3342590332, 173.142532349, -62.2405891418, 90.291267395, -36.6325302124, 48.4888763428, 14.3447685242, 102.345901489, 23.6119976044, 16.9707984924], [-482.201873779, -10.1334323883, 113.372428894, 6.94072580338, 38.2463951111, -21.1655845642, -3.71211910248, 2.05501651764, 13.4597005844, 3.94632959366, 23.6119976044, 55.1328239441, 24.4065437317], [-2533.35546875, -215.98236084, 250.500289917, -47.7867050171, 154.776107788, -45.9242134094, 50.2005348206, 17.0359325409, 67.4228668213, -11.5309324265, 16.9707984924, 24.4065437317, 81.0108718872]],
        "icov": [[0.000682026671711, -0.00236947904341, 0.00154964486137, -0.00208685477264, 0.00201822840609, -0.00219106953591, 0.00237293611281, -0.00218503014185, 0.00187711080071, -0.00157391221728, 0.00215820828453, -0.00109373137821, 0.00097028282471], [-0.00236947904341, 0.0100091490895, -0.00499666528776, 0.0051031592302, -0.0062928693369, 0.00977394543588, -0.00878879334778, 0.0083116395399, -0.00504720816389, 0.00465695187449, -0.00757482741028, 0.00306472275406, -0.00216271891259], [0.00154964486137, -0.00499666528776, 0.0049693970941, -0.00642296392471, 0.0020603525918, -0.00365509022959, 0.00412136036903, -0.00451017543674, 0.00447009410709, -0.00317584211007, 0.00344272190705, -0.00350695871748, 0.00453262915835], [-0.00208685477264, 0.0051031592302, -0.00642296392471, 0.0174003820866, -0.0026379134506, 0.00364088546485, -0.00429346738383, 0.00474192667753, -0.00837521720678, 0.00548649067059, -0.00490870932117, 0.00228725234047, -0.00467125698924], [0.00201822840609, -0.0062928693369, 0.0020603525918, -0.0026379134506, 0.0172254983336, -0.005582108628, 0.0033944316674, -0.00748942652717, 0.00426375027746, -0.00552859669551, 0.00827034283429, -0.0038018389605, -0.00311669334769], [-0.00219106953591, 0.00977394543588, -0.00365509022959, 0.00364088546485, -0.005582108628, 0.0227848142385, -0.01256108284, 0.00281490804628, 0.00206140056252, -0.00049554213183, -0.00427044089884, 0.00269444915466, 5.93774748268e-05], [0.00237293611281, -0.00878879334778, 0.00412136036903, -0.00429346738383, 0.0033944316674, -0.01256108284, 0.0217962060124, -0.0070967702195, 0.00524100381881, -0.00380133558065, 0.0052440376021, 0.000911936862394, 0.00360110634938], [-0.00218503014185, 0.0083116395399, -0.00451017543674, 0.00474192667753, -0.00748942652717, 0.00281490804628, -0.0070967702195, 0.0272584110498, -0.0128677375615, 0.0047262548469, 0.00108669057954, -0.000169123959495, -0.00365110859275], [0.00187711080071, -0.00504720816389, 0.00447009410709, -0.00837521720678, 0.00426375027746, 0.00206140056252, 0.00524100381881, -0.0128677375615, 0.0236027576029, -0.00876605976373, 0.0035347675439, 0.000636402750388, -0.00286153214984], [-0.00157391221728, 0.00465695187449, -0.00317584211007, 0.00548649067059, -0.00552859669551, -0.00049554213183, -0.00380133558065, 0.0047262548469, -0.00876605976373, 0.0290078818798, -0.0131543539464, 0.00106263463385, 0.00175713270437], [0.00215820828453, -0.00757482741028, 0.00344272190705, -0.00490870932117, 0.00827034283429, -0.00427044089884, 0.0052440376021, 0.00108669057954, 0.0035347675439, -0.0131543539464, 0.0319456830621, -0.0114090293646, 0.00398559728637], [-0.00109373137821, 0.00306472275406, -0.00350695871748, 0.00228725234047, -0.0038018389605, 0.00269444915466, 0.000911936862394, -0.000169123959495, 0.000636402750388, 0.00106263463385, -0.0114090293646, 0.0300377625972, -0.0126151787117], [0.00097028282471, -0.00216271891259, 0.00453262915835, -0.00467125698924, -0.00311669334769, 5.93774748268e-05, 0.00360110634938, -0.00365110859275, -0.00286153214984, 0.00175713270437, 0.00398559728637, -0.0126151787117, 0.0302712544799]]
    },
    "melbands": {
        "max": [0.00252446602099, 0.00392573233694, 0.00352466502227, 0.00562529452145, 0.00559172220528, 0.00917988549918, 0.0118673555553, 0.00691426591948, 0.00738215493038, 0.00693272706121, 0.00934757292271, 0.00290854880586, 0.00219259900041, 0.00344198290259, 0.00223465589806, 0.00189045642037, 0.00273513305001, 0.00324006960727, 0.00164317281451, 0.00176002131775, 0.00130197394174, 0.000730351021048, 0.000797059328761, 0.000505030795466, 0.00011690651445, 5.96162317379e-05, 9.80192926363e-05, 0.000212711122003, 0.000169448569068, 3.89887682104e-05, 2.58291056525e-05, 2.31386529777e-05, 2.91468313662e-05, 2.92776912829e-05, 2.34821327467e-05, 2.51675865002e-05, 1.71668616531e-05, 1.99016067199e-05, 1.00427068901e-05, 7.25644440536e-06],
        "mean": [0.000140524571179, 0.000245727045694, 0.000198917463422, 0.000277211976936, 0.000254989427049, 0.000285905523924, 0.000401961326133, 0.00016217281518, 0.000166188998264, 0.000340378057444, 0.000193269646843, 8.33851954667e-05, 0.000150175343151, 7.39768511266e-05, 0.00012279980001, 0.000130362488562, 0.000112101486593, 7.30962710804e-05, 5.46053197468e-05, 4.23711244366e-05, 2.88178325718e-05, 2.31010981224e-05, 3.02345797536e-05, 1.89464972209e-05, 6.34430352875e-06, 5.0609455684e-06, 6.34721664028e-06, 7.64474498283e-06, 5.95195160713e-06, 2.75426396001e-06, 2.29014403885e-06, 2.32844013226e-06, 1.77661581802e-06, 1.74143258391e-06, 1.09948587124e-06, 6.61231581489e-07, 4.25457358233e-07, 2.65867697635e-07, 1.94371452267e-07, 1.26074880313e-07],
        "min": [4.09912414869e-25, 4.14864070119e-25, 7.94247346089e-25, 1.0405970697e-24, 1.0192167698e-24, 1.30228096741e-24, 1.45631956839e-24, 1.31256307905e-24, 1.74388096342e-24, 1.60941686111e-24, 1.71867547699e-24, 2.11741074356e-24, 2.31293977968e-24, 2.47677060969e-24, 1.94161171032e-24, 2.16703778589e-24, 1.95061813528e-24, 2.53647396958e-24, 1.98429894606e-24, 1.68513251965e-24, 2.88560053483e-24, 2.47632786151e-24, 2.64305321939e-24, 3.25494797167e-24, 3.3058573074e-24, 3.98357914956e-24, 4.03318114556e-24, 3.25515228665e-24, 3.91558091725e-24, 3.84036618539e-24, 4.85884438416e-24, 4.09911532331e-24, 4.49684084792e-24, 4.54255730953e-24, 3.54189632316e-24, 5.12185968186e-24, 5.33049998066e-24, 5.22014188989e-24, 6.04363260556e-24, 5.75779122314e-24],
        "stdev": [0.000276043458143, 0.000387201027479, 0.000335771095706, 0.000540263368748, 0.000453368003946, 0.000621153099928, 0.000968054577243, 0.000386157975299, 0.000388551939977, 0.000684536760673, 0.000586344976909, 0.000218455679715, 0.000287710514385, 0.000195117580006, 0.000235472165514, 0.000252857396845, 0.000279184547253, 0.000175205132109, 0.000140409581945, 0.000118185482279, 7.24438214093e-05, 4.12455483456e-05, 6.35588075966e-05, 4.40984513261e-05, 1.00064817161e-05, 7.17832881492e-06, 8.83216762304e-06, 1.26234981508e-05, 9.90097396425e-06, 4.42118926003e-06, 3.40130009135e-06, 3.35176082444e-06, 2.70705459116e-06, 2.77379490399e-06, 2.02620299206e-06, 1.38791904192e-06, 1.02976923699e-06, 7.91640047737e-07, 5.21651429608e-07, 3.89418744362e-07]
    },
    "melbands128": {
        "max": [0.000143315643072, 0.00114678393584, 0.00462333951145, 0.00385716604069, 0.00505548343062, 0.00455418648198, 0.0025207712315, 0.00413773441687, 0.00555776897818, 0.00953919254243, 0.00543884839863, 0.00750037375838, 0.00582208484411, 0.00801772158593, 0.0120362443849, 0.0168216433376, 0.0172994062304, 0.0230618808419, 0.0090109994635, 0.0137170497328, 0.00500688608736, 0.00466991961002, 0.0113934678957, 0.0149562126026, 0.0133737782016, 0.00929733924568, 0.0283478740603, 0.00643285550177, 0.0118774976581, 0.00323615549132, 0.00593184772879, 0.00346636003815, 0.00456218142062, 0.00172194116749, 0.00620779208839, 0.00443917280063, 0.00218359497376, 0.00457900157198, 0.00485582277179, 0.00427905423567, 0.00300732534379, 0.00653015216812, 0.00493545783684, 0.00570449512452, 0.00929338764399, 0.00176207523327, 0.00180207949597, 0.00277365301736, 0.00242273928598, 0.0023123587016, 0.0038189154584, 0.00345194200054, 0.00230458076112, 0.000944304047152, 0.000699494150467, 0.000771019374952, 0.000867749447934, 0.00190043461043, 0.000803191971499, 0.0016711524222, 0.000980039476417, 0.000463641947135, 0.000213768784306, 0.000125438920804, 0.000108562941023, 9.82030396699e-05, 0.000116553026601, 0.000173720603925, 0.000170528001036, 0.000252442929195, 0.000393617199734, 0.000136468923301, 0.000122242578072, 0.00032127276063, 9.49460081756e-05, 5.33860984433e-05, 7.09504529368e-05, 5.28672535438e-05, 3.66483218386e-05, 4.94509367854e-05, 2.92606637231e-05, 3.84554077755e-05, 3.83328588214e-05, 2.65679773293e-05, 3.95340139221e-05, 3.2682390156e-05, 4.19046264142e-05, 2.34138988162e-05, 3.13580967486e-05, 2.84196721623e-05, 1.68395763467e-05, 3.93528898712e-05, 2.1313850084e-05, 1.4843970348e-05, 1.9037110178e-05, 2.20295896725e-05, 2.13348575926e-05, 1.33166831802e-05, 1.25596297949e-05, 1.51939075295e-05, 6.12178155279e-06, 8.60326144903e-06, 7.7898366726e-06, 9.94060974335e-06, 1.29716900119e-05, 9.09574282559e-06, 5.0117146202e-06, 3.64631523553e-06, 3.46885144609e-06, 2.86871704702e-06, 1.84148677818e-06, 1.23205882119e-06, 9.12413213427e-07, 2.29318843026e-07, 8.01576334197e-08, 8.86608741979e-09, 7.16132930734e-09, 6.81770506716e-09, 6.54743415041e-09, 6.36855101988e-09, 6.16929440866e-09, 6.01633676212e-09, 5.88585580275e-09, 5.75693048788e-09, 5.65871927094e-09, 5.56242651939e-09, 5.50823608947e-09, 5.47358647296e-09],
        "mean": [8.36122853798e-06, 7.56153531256e-05, 0.000215403284528, 0.000230291247135, 0.00025615413324, 0.00026054578484, 0.000183547788765, 0.000195524044102, 0.000180357004865, 0.000304456043523, 0.000324893597281, 0.000266041053692, 0.000182364470675, 0.000312611751724, 0.000315895857057, 0.000238489941694, 0.000326179288095, 0.000585048808716, 0.000275839382084, 0.000186661171028, 9.1276706371e-05, 9.8413998785e-05, 8.55448670336e-05, 0.000323004060192, 0.000482324772747, 0.000220041052671, 0.000361685000826, 0.000156021676958, 0.00012281666568, 6.64284671075e-05, 5.8275381889e-05, 0.000123350750073, 0.000257687905105, 5.55198494112e-05, 8.30179196782e-05, 8.55801481521e-05, 5.09240489919e-05, 7.87702738307e-05, 0.000220562811592, 0.000173894266482, 5.53863937967e-05, 0.000150590421981, 0.000136913819006, 5.36933075637e-05, 0.000141364565934, 5.23233902641e-05, 3.73836228391e-05, 5.79460247536e-05, 5.85840462008e-05, 5.83293185628e-05, 4.13000416302e-05, 2.28941153182e-05, 3.70359775843e-05, 2.73531750281e-05, 1.94356889551e-05, 1.90499758901e-05, 2.63352085312e-05, 4.36889640696e-05, 2.5403642212e-05, 1.80897695827e-05, 2.32255133596e-05, 1.67377493199e-05, 5.14851171829e-06, 4.26526821684e-06, 5.86535998082e-06, 4.45837986263e-06, 4.82703035232e-06, 6.56272186461e-06, 5.55000997338e-06, 7.94065181253e-06, 7.91121874499e-06, 7.39510005587e-06, 7.55880182624e-06, 5.76711818212e-06, 4.27260602009e-06, 2.52278164226e-06, 2.35306924878e-06, 2.05317928703e-06, 2.37819699578e-06, 2.46752415478e-06, 2.35407833316e-06, 2.33389073401e-06, 1.87234900295e-06, 1.56608950874e-06, 1.949759735e-06, 1.76682351594e-06, 1.89312333987e-06, 1.26002316847e-06, 1.1527663446e-06, 8.72573934885e-07, 6.58426756672e-07, 6.43813791612e-07, 5.71848090658e-07, 4.1725650135e-07, 3.36081797059e-07, 3.2187602983e-07, 2.18765904947e-07, 2.4375646035e-07, 2.15613809473e-07, 1.81902791496e-07, 8.46546441835e-08, 1.34781060979e-07, 1.40903665624e-07, 1.10463126646e-07, 9.09532786864e-08, 6.86523620175e-08, 5.15892963904e-08, 4.55339908001e-08, 3.43394361835e-08, 3.16403721001e-08, 2.1158175656e-08, 1.52914410023e-08, 9.31018284689e-09, 6.90494772471e-09, 8.11526490452e-09, 1.37336114703e-10, 1.89354937979e-11, 8.18730239854e-12, 7.91643486875e-12, 7.7123151615e-12, 7.48372110809e-12, 7.31493598333e-12, 7.18235106806e-12, 7.01167813047e-12, 6.75044959167e-12, 6.37611534751e-12, 6.16579834065e-12, 6.10735507306e-12],
        "min": [1.60420806571e-27, 1.22707350785e-25, 1.55539458163e-25, 3.64325572967e-25, 1.25833212122e-25, 9.11069017987e-26, 2.46603934036e-25, 2.2232935278e-25, 3.23393281576e-25, 2.91368413097e-25, 1.22036782038e-25, 2.0410097128e-25, 9.06086683443e-26, 3.56500935604e-25, 2.64157740855e-25, 1.52039824669e-25, 1.79901023661e-25, 3.41382416355e-25, 4.95641454662e-25, 5.01185667711e-25, 7.03159648123e-25, 3.94372643897e-25, 4.09402317686e-25, 1.98743644309e-25, 4.79399844003e-25, 4.19398837033e-25, 6.25787184463e-25, 5.39758303571e-25, 8.55511763103e-25, 7.96344138376e-25, 8.9796875006e-25, 7.00371764381e-25, 8.48207699982e-25, 8.00219466876e-25, 8.33644834633e-25, 7.50292706704e-25, 8.78956906422e-25, 7.17388135056e-25, 4.60802842593e-25, 4.17302882912e-25, 6.99508602639e-25, 5.86172561955e-25, 1.13842568271e-24, 7.08862767342e-25, 1.11684165948e-24, 8.82751721806e-25, 8.11556877198e-25, 2.83183118389e-25, 6.81457049241e-25, 9.47051083937e-25, 9.30608954697e-25, 1.45791050363e-24, 1.25404261609e-24, 8.2489799422e-25, 1.62854506173e-24, 1.10100547402e-24, 9.03529726404e-25, 1.35394248201e-24, 1.30174809187e-24, 1.63263303755e-24, 2.3204108841e-24, 1.58598187437e-24, 1.73038611712e-24, 1.92459617781e-24, 1.80542414415e-24, 1.35650312451e-24, 1.38420160862e-24, 1.49397988662e-24, 2.0478006712e-24, 1.71037685748e-24, 1.40750130571e-24, 1.90957666061e-24, 1.91932500924e-24, 3.44851333578e-24, 1.75243221563e-24, 1.56635402897e-24, 3.30762553912e-24, 2.58724801567e-24, 2.49766694342e-24, 2.89457796915e-24, 2.21620255573e-24, 2.12220741229e-24, 2.99986171214e-24, 2.73337897633e-24, 2.71259071654e-24, 2.23415032462e-24, 2.7725307347e-24, 2.20501571923e-24, 2.73062940165e-24, 2.77660835672e-24, 3.53479263071e-24, 2.9342527423e-24, 2.14737069466e-24, 3.29796357076e-24, 3.78641164934e-24, 3.16938673738e-24, 3.40672974022e-24, 3.54392527341e-24, 3.10853104893e-24, 3.72778074585e-24, 3.14191071205e-24, 3.73434091314e-24, 3.80942706068e-24, 3.99411872569e-24, 3.05521312363e-24, 4.43454055793e-24, 4.22329228498e-24, 3.93772384843e-24, 3.71966139499e-24, 3.12242210061e-24, 4.07723863269e-24, 4.45448217276e-24, 4.11275630608e-24, 4.51273757845e-24, 4.37105658215e-24, 4.23277754851e-24, 4.63978678268e-24, 4.90391831857e-24, 4.365213095e-24, 4.27021136504e-24, 3.86499915601e-24, 4.60224962537e-24, 3.71234904883e-24, 5.01265885005e-24, 4.19466294501e-24, 4.85476597328e-24, 5.40290557885e-24, 5.20496736152e-24],
        "stdev": [1.45137064465e-05, 0.000141591837746, 0.00048686566879, 0.000445611454779, 0.000474011787446, 0.000496834167279, 0.000327834801283, 0.000441377982497, 0.000389116205042, 0.000789211422671, 0.000677241594531, 0.000610643066466, 0.000429204461398, 0.000723571632989, 0.000809862976894, 0.000813675753307, 0.000826799077913, 0.00172018341254, 0.000737371796276, 0.000664030259941, 0.000232022153796, 0.0002553370432, 0.000420610856963, 0.000877868907992, 0.0011570896022, 0.000691356835887, 0.00149384175893, 0.00053361983737, 0.000655634270515, 0.000214987885556, 0.000307066657115, 0.000279162602965, 0.000569733150769, 0.000130854386953, 0.000301831227262, 0.000267941766651, 0.000157477188623, 0.000225453753956, 0.000570423901081, 0.000449872546596, 0.000187218654901, 0.00053119455697, 0.000479668029584, 0.000212111597648, 0.00046579100308, 0.000127342063934, 0.000116194423754, 0.000203903051442, 0.00018842080317, 0.000182902018423, 0.00018524772895, 0.00010699678387, 0.000131566892378, 6.41640435788e-05, 5.30963588972e-05, 4.31774606113e-05, 5.81408312428e-05, 0.000118319010653, 6.81101155351e-05, 7.76123997639e-05, 6.77595016896e-05, 3.83793667424e-05, 1.17989193313e-05, 8.54796235217e-06, 9.57717020356e-06, 8.6498548626e-06, 8.25160077511e-06, 1.19125807032e-05, 9.75242437562e-06, 1.50411578943e-05, 1.8979271772e-05, 1.41590080602e-05, 1.23987238112e-05, 1.64000557561e-05, 8.92931166163e-06, 5.00745272802e-06, 4.89112153446e-06, 3.81279505746e-06, 4.09155200032e-06, 4.459432148e-06, 3.64018842447e-06, 3.90836066799e-06, 3.15778697768e-06, 2.49766208071e-06, 3.53675591214e-06, 3.07291770696e-06, 3.29238787344e-06, 2.11759061131e-06, 2.43529689214e-06, 1.96363566829e-06, 1.3084817283e-06, 1.69294753505e-06, 1.37342226481e-06, 1.00081649634e-06, 9.98879386316e-07, 1.05162882846e-06, 7.25460608919e-07, 6.5487648726e-07, 6.39732661512e-07, 5.60248224701e-07, 2.91513089223e-07, 4.19028964416e-07, 5.03851993017e-07, 4.79532729969e-07, 4.50975363719e-07, 3.15863815104e-07, 1.96941755348e-07, 1.92697370949e-07, 1.32826940558e-07, 1.29118689074e-07, 7.57138423069e-08, 5.8200221531e-08, 4.24888071393e-08, 1.57855222227e-08, 9.35404464997e-09, 5.10473108228e-10, 2.08675271507e-10, 1.80738410349e-10, 1.73575681606e-10, 1.68833461101e-10, 1.6355176935e-10, 1.59496166274e-10, 1.5603865422e-10, 1.52620596716e-10, 1.50020204592e-10, 1.47471104772e-10, 1.46036391313e-10, 1.45119111172e-10]
    },
    "mfcc": {
        "mean": [-825.018737793, 79.2897949219, -24.1853733063, 6.96156644821, -9.14936256409, 5.48295211792, -5.72102499008, 0.656060814857, -3.32472491264, 1.20099484921, -0.171879038215, 1.65399610996, -1.49861001968],
        "cov": [[90248.609375, 15842.4980469, -4031.25830078, 1663.47241211, -1715.15075684, 1130.55883789, -1123.03198242, 144.142028809, -778.600280762, 256.528991699, -1.34307157993, 313.993469238, -343.978271484], [15842.4980469, 3459.90649414, -509.754669189, 463.23236084, -309.278106689, 203.448410034, -179.514938354, -19.5990715027, -219.531051636, 1.62797629833, -7.22525691986, 92.8253631592, -2.30417871475], [-4031.25830078, -509.754669189, 887.482666016, 158.009216309, 144.461959839, -28.8648262024, 88.5021362305, -26.1386642456, -66.7141952515, -50.6475791931, 21.2329025269, 24.2015914917, 49.789894104], [1663.47241211, 463.23236084, 158.009216309, 225.333099365, 12.2817678452, 3.37241077423, -48.0665779114, -7.04875183105, -34.4407234192, -9.24889469147, -15.1206178665, 22.5846385956, 22.6463680267], [-1715.15075684, -309.278106689, 144.461959839, 12.2817678452, 136.859970093, -44.4097480774, -3.84202170372, 8.36034584045, 40.2831726074, -6.94209194183, -29.6202640533, -1.5794365406, 27.0928325653], [1130.55883789, 203.448410034, -28.8648262024, 3.37241077423, -44.4097480774, 93.3313217163, 39.5911102295, -0.356571346521, -22.8069820404, 5.62948608398, 20.2931346893, 1.13702487946, -25.1389598846], [-1123.03198242, -179.514938354, 88.5021362305, -48.0665779114, -3.84202170372, 39.5911102295, 132.388977051, 10.6197347641, -11.6511421204, -2.65230226517, 20.0820941925, -12.5762405396, -12.3767814636], [144.142028809, -19.5990715027, -26.1386642456, -7.04875183105, 8.36034584045, -0.356571346521, 10.6197347641, 56.1967086792, 31.4099445343, 11.1695833206, -8.20981788635, -9.70857906342, -9.52855682373], [-778.600280762, -219.531051636, -66.7141952515, -34.4407234192, 40.2831726074, -22.8069820404, -11.6511421204, 31.4099445343, 106.53414917, 29.6246147156, -22.4476203918, -12.751666069, -1.98440098763], [256.528991699, 1.62797629833, -50.6475791931, -9.24889469147, -6.94209194183, 5.62948608398, -2.65230226517, 11.1695833206, 29.6246147156, 61.2977104187, 17.3997306824, -13.6039791107, -19.8604297638], [-1.34307157993, -7.22525691986, 21.2329025269, -15.1206178665, -29.6202640533, 20.2931346893, 20.0820941925, -8.20981788635, -22.4476203918, 17.3997306824, 58.8833847046, 6.88979434967, -14.6553592682], [313.993469238, 92.8253631592, 24.2015914917, 22.5846385956, -1.5794365406, 1.13702487946, -12.5762405396, -9.70857906342, -12.751666069, -13.6039791107, 6.88979434967, 49.4444656372, 29.2913608551], [-343.978271484, -2.30417871475, 49.789894104, 22.6463680267, 27.0928325653, -25.1389598846, -12.3767814636, -9.52855682373, -1.98440098763, -19.8604297638, -14.6553592682, 29.2913608551, 66.9013061523]],
        "icov": [[8.97575737326e-05, -0.000337313191267, 0.000134142057505, 1.86035194929e-05, 5.1893046475e-05, -0.000341287173796, 0.000363848695997, -0.000392910500523, 0.000169740829733, -0.000188373043784, 7.76560700615e-05, -0.000144122517668, 0.000235068087932], [-0.000337313191267, 0.00233148713596, 0.000380506622605, -0.00238977302797, 0.000721148273442, -0.000193681014935, -0.000946515880059, 0.000754479726311, 0.00122724892572, -3.53480390913e-05, 0.000620668230113, -0.000466865254566, -0.00119444588199], [0.000134142057505, 0.000380506622605, 0.00337910396047, -0.00394398719072, -0.00199125078507, -0.000606739951763, -0.0014828016283, -0.000517152133398, 0.00266096624546, 0.000437554524979, -0.00153305439744, -0.000952550733928, 4.35080983152e-05], [1.86035194929e-05, -0.00238977302797, -0.00394398719072, 0.0126326289028, -0.000980575219728, 0.00054185668705, 0.00351517973468, -0.00027862234856, -0.0013520718785, -0.00127449829597, 0.00219646142796, 0.000473306892673, -0.000260812666966], [5.1893046475e-05, 0.000721148273442, -0.00199125078507, -0.000980575219728, 0.0148536032066, 0.00117630336899, 0.00114963878877, -0.000960725184996, -0.00323822745122, -0.00109503720887, 0.00556584028527, -0.000114900969493, -0.00254340516403], [-0.000341287173796, -0.000193681014935, -0.000606739951763, 0.00054185668705, 0.00117630336899, 0.0207326803356, -0.00850984547287, 0.00321403727867, -0.00198181718588, 0.00113299197983, -0.00225995085202, -0.002612241311, 0.00563054345548], [0.000363848695997, -0.000946515880059, -0.0014828016283, 0.00351517973468, 0.00114963878877, -0.00850984547287, 0.0151421222836, -0.00562876369804, 0.00215833820403, -0.000158950060722, -0.000958531687502, 0.00307008181699, -0.00144914363045], [-0.000392910500523, 0.000754479726311, -0.000517152133398, -0.00027862234856, -0.000960725184996, 0.00321403727867, -0.00562876369804, 0.0254302322865, -0.00860425643623, 0.000811993319076, 0.000926059437916, 0.00148855498992, 0.00219936575741], [0.000169740829733, 0.00122724892572, 0.00266096624546, -0.0013520718785, -0.00323822745122, -0.00198181718588, 0.00215833820403, -0.00860425643623, 0.0223910473287, -0.0112885739654, 0.00822700466961, -0.00365224247798, -0.000152910753968], [-0.000188373043784, -3.53480390913e-05, 0.000437554524979, -0.00127449829597, -0.00109503720887, 0.00113299197983, -0.000158950060722, 0.000811993319076, -0.0112885739654, 0.0287370793521, -0.0145261120051, 0.0076738758944, 0.0017456318019], [7.76560700615e-05, 0.000620668230113, -0.00153305439744, 0.00219646142796, 0.00556584028527, -0.00225995085202, -0.000958531687502, 0.000926059437916, 0.00822700466961, -0.0145261120051, 0.0324262306094, -0.0115499086678, 0.00576140591875], [-0.000144122517668, -0.000466865254566, -0.000952550733928, 0.000473306892673, -0.000114900969493, -0.002612241311, 0.00307008181699, 0.00148855498992, -0.00365224247798, 0.0076738758944, -0.0115499086678, 0.0359205938876, -0.0164509303868], [0.000235068087932, -0.00119444588199, 4.35080983152e-05, -0.000260812666966, -0.00254340516403, 0.00563054345548, -0.00144914363045, 0.00219936575741, -0.000152910753968, 0.0017456318019, 0.00576140591875, -0.0164509303868, 0.0283401422203]]
    },
    "spectral_contrast_coeffs": {
        "max": [-0.48639279604, -0.497315019369, -0.426329106092, -0.565708756447, -0.62892884016, -0.581228971481],
        "mean": [-0.796678841114, -0.80902081728, -0.796927273273, -0.813855409622, -0.827512681484, -0.78870677948],
        "min": [-0.983083486557, -0.983015775681, -0.98499494791, -0.975671768188, -0.969753563404, -0.966742455959],
        "stdev": [0.124029949307, 0.120495609939, 0.127455934882, 0.113510943949, 0.0960773602128, 0.118401326239]
    },
    "spectral_contrast_valleys": {
        "max": [-5.46723604202, -4.90146303177, -5.4621963501, -5.55701494217, -5.89987802505, -8.10350799561],
        "mean": [-13.4136075974, -12.9212284088, -13.3813266754, -13.3634986877, -13.4946393967, -15.7672348022],
        "min": [-28.1436805725, -28.3651981354, -27.9878978729, -27.6772842407, -27.5626907349, -27.4818840027],
        "stdev": [9.2592382431, 9.53413295746, 9.24603748322, 9.24094390869, 9.17053127289, 7.67640733719]
    }
},
"rhythm": {
    "beats_count": 83,
    "beats_loudness": {
        "max": 0.0729519575834,
        "mean": 0.0207762848586,
        "min": 0,
        "stdev": 0.0206595659256
    },
    "bpm": 155.727752686,
    "bpm_histogram_first_peak_bpm": 157,
    "bpm_histogram_first_peak_weight": 0.451612889767,
    "bpm_histogram_second_peak_bpm": 178,
    "bpm_histogram_second_peak_spread": 0,
    "bpm_histogram_second_peak_weight": 0.146341457963,
    "danceability": 0.868445158005,
    "onset_rate": 1.09105598927,
    "beats_loudness_band_ratio": {
        "max": [0.3831346035, 0.670265138149, 0.723784387112, 0.682065784931, 0.609902024269, 0.210190787911],
        "mean": [0.0614416450262, 0.11275088042, 0.191873162985, 0.178442671895, 0.140802770853, 0.0342448689044],
        "min": [0, 0, 0, 0, 0, 0],
        "stdev": [0.0774758458138, 0.150042235851, 0.193657457829, 0.187339231372, 0.163763597608, 0.0362512506545]
    },
