{
"metadata": {
    "version": {
        "essentia": "2.1-beta5",
        "essentia_git_sha": "Undefined",
        "extractor": "music 2.0"
    },
    "audio_properties": {
        "analysis": {
            "equal_loudness": 0,
            "length": 32.4963264465,
            "sample_rate": 44100,
            "start_time": 45.2440834045,
            "downmix": "mix"
        },
        "bit_rate": 192000,
        "length": 186.247253418,
        "lossless": 0,
        "number_channels": 2,
        "replay_gain": -9.02994537354,
        "sample_rate": 44100,
        "codec": "mp3",
        "md5_encoded": "a2907fa5fb0e553887591b706383e5d2"
    },
    "tags": {
        "file_name": "Netherlands_Rechtop In De Wind_Marcha.mp3",
        "encoding": ["Lavf58.29.100"]
    }
},
"lowlevel": {
    "average_loudness": 0.960447430611,
    "barkbands_crest": {
        "max": 21.9500083923,
        "mean": 8.56005573273,
        "min": 2.47033882141,
        "stdev": 3.30100679398
    },
    "barkbands_flatness_db": {
        "max": 0.294535577297,
        "mean": 0.158260092139,
        "min": 0.0643365159631,
        "stdev": 0.0381639115512
    },
    "barkbands_kurtosis": {
        "max": 28.2896022797,
        "mean": 1.41580033302,
        "min": -1.68792676926,
        "stdev": 2.89858222008
    },
    "barkbands_skewness": {
        "max": 3.99482393265,
        "mean": 0.846823394299,
        "min": -1.4903563261,
        "stdev": 0.949036180973
    },
    "barkbands_spread": {
        "max": 56.6847305298,
        "mean": 20.967710495,
        "min": 4.16128396988,
        "stdev": 8.29356575012
    },
    "dissonance": {
        "max": 0.499999910593,
        "mean": 0.462724596262,
        "min": 0.300448179245,
        "stdev": 0.025388751179
    },
    "dynamic_complexity": 2.86746358871,
    "erbbands_crest": {
        "max": 30.3733329773,
        "mean": 9.76751995087,
        "min": 2.86705088615,
        "stdev": 4.57929992676
    },
    "erbbands_flatness_db": {
        "max": 0.35695168376,
        "mean": 0.199713245034,
        "min": 0.0976475179195,
        "stdev": 0.0532276332378
    },
    "erbbands_kurtosis": {
        "max": 24.5359783173,
        "mean": 0.691956579685,
        "min": -1.70734083652,
        "stdev": 2.26292300224
    },
    "erbbands_skewness": {
        "max": 3.23362803459,
        "mean": 0.221349358559,
        "min": -2.1068482399,
        "stdev": 0.642499506474
    },
    "erbbands_spread": {
        "max": 97.7866973877,
        "mean": 30.3946933746,
        "min": 3.80519986153,
        "stdev": 14.6079397202
    },
    "hfc": {
        "max": 131.951721191,
        "mean": 20.441860199,
        "min": 0.574443638325,
        "stdev": 17.3304367065
    },
    "loudness_ebu128": {
        "integrated": -15.4075508118,
        "loudness_range": 2.57134437561,
        "momentary": {
            "max": -10.6911439896,
            "mean": -15.9436750412,
            "min": -22.7398166656,
            "stdev": 2.29759335518
        },
        "short_term": {
            "max": -13.906791687,
            "mean": -15.5063934326,
            "min": -17.1884994507,
            "stdev": 0.884500741959
        }
    },
    "melbands_crest": {
        "max": 26.0642280579,
        "mean": 11.6018028259,
        "min": 3.76295399666,
        "stdev": 4.12436389923
    },
    "melbands_flatness_db": {
        "max": 0.329219013453,
        "mean": 0.184125721455,
        "min": 0.0681487694383,
        "stdev": 0.0425417013466
    },
    "melbands_kurtosis": {
        "max": 53.9863815308,
        "mean": 5.28458356857,
        "min": -1.61872959137,
        "stdev": 7.29186487198
    },
    "melbands_skewness": {
        "max": 6.3592634201,
        "mean": 1.61004638672,
        "min": -1.18922400475,
        "stdev": 1.24444067478
    },
    "melbands_spread": {
        "max": 73.8471832275,
        "mean": 27.11810112,
        "min": 4.00349283218,
        "stdev": 12.1581859589
    },
    "pitch_salience": {
        "max": 0.861320257187,
        "mean": 0.569250047207,
        "min": 0.25783982873,
        "stdev": 0.0797770395875
    },
    "silence_rate_20dB": {
        "max": 1,
        "mean": 1,
        "min": 1,
        "stdev": 0
    },
    "silence_rate_30dB": {
        "max": 1,
        "mean": 0.998572468758,
        "min": 0,
        "stdev": 0.0377558469772
    },
    "silence_rate_60dB": {
        "max": 1,
        "mean": 0.00785153452307,
        "min": 0,
        "stdev": 0.0882617682219
    },
    "spectral_centroid": {
        "max": 2716.77050781,
        "mean": 1401.35388184,
        "min": 429.726501465,
        "stdev": 439.738067627
    },
    "spectral_complexity": {
        "max": 43,
        "mean": 19.7894363403,
        "min": 2,
        "stdev": 7.06484603882
    },
    "spectral_decrease": {
        "max": -1.58396296079e-10,
        "mean": -5.44510481149e-09,
        "min": -3.19427151396e-08,
        "stdev": 3.9553680331e-09
    },
    "spectral_energy": {
        "max": 0.129095256329,
        "mean": 0.0224052481353,
        "min": 0.000649922469165,
        "stdev": 0.0162791889161
    },
    "spectral_energyband_high": {
        "max": 0.00275579933077,
        "mean": 0.000315645156661,
        "min": 9.24929827306e-06,
        "stdev": 0.000330461363774
    },
    "spectral_energyband_low": {
        "max": 0.0405700355768,
        "mean": 0.00414678268135,
        "min": 2.84210182144e-05,
        "stdev": 0.00440997164696
    },
    "spectral_energyband_middle_high": {
        "max": 0.111252225935,
        "mean": 0.00926205795258,
        "min": 0.000117119059723,
        "stdev": 0.0111045641825
    },
    "spectral_energyband_middle_low": {
        "max": 0.107344649732,
        "mean": 0.00949736032635,
        "min": 0.000297081278404,
        "stdev": 0.00896583963186
    },
    "spectral_entropy": {
        "max": 8.5530166626,
        "mean": 7.48484563828,
        "min": 6.27697563171,
        "stdev": 0.30320712924
    },
    "spectral_flux": {
        "max": 0.287165015936,
        "mean": 0.0842449963093,
        "min": 0.0157722104341,
        "stdev": 0.0446135103703
    },
    "spectral_kurtosis": {
        "max": 17.0853862762,
        "mean": 4.60794687271,
        "min": -0.592683076859,
        "stdev": 2.6753757
    },
    "spectral_rms": {
        "max": 0.011222592555,
        "mean": 0.00439032865688,
        "min": 0.000796285574324,
        "stdev": 0.00160742155276
    },
    "spectral_rolloff": {
        "max": 4801.90429688,
        "mean": 1469.65258789,
        "min": 172.265625,
        "stdev": 665.474304199
    },
    "spectral_skewness": {
        "max": 3.33640050888,
        "mean": 1.43463611603,
        "min": 0.545805454254,
        "stdev": 0.326923280954
    },
    "spectral_spread": {
        "max": 19112282,
        "mean": 3561965,
        "min": 1689669.25,
        "stdev": 1206788.5
    },
    "spectral_strongpeak": {
        "max": 10.6246356964,
        "mean": 1.46250486374,
        "min": 0,
        "stdev": 1.76805245876
    },
    "zerocrossingrate": {
        "max": 0.1181640625,
        "mean": 0.0568640269339,
        "min": 0.0146484375,
        "stdev": 0.0162993948907
    },
    "barkbands": {
        "max": [0.000402427860536, 0.0146296555176, 0.0264093615115, 0.0242930073291, 0.0177448559552, 0.0457797758281, 0.0277800988406, 0.0175245776772, 0.0766435787082, 0.0411787033081, 0.0840668007731, 0.0494639798999, 0.0283447597176, 0.0213357135653, 0.0186336711049, 0.0175202507526, 0.00815238244832, 0.00370173365809, 0.00837416108698, 0.00347180827521, 0.000931107031647, 0.000707167258952, 0.000481657072669, 0.000344361760654, 0.000233838291024, 1.84560576599e-05, 3.36342122864e-06],
        "mean": [1.93841806322e-05, 0.00161138526164, 0.00188080058433, 0.00157337647397, 0.00134025607258, 0.00236097234301, 0.00139632879291, 0.000761903065722, 0.00173932919279, 0.00117071473505, 0.00145588396117, 0.00171328708529, 0.00144164427184, 0.000786154065281, 0.000798400433268, 0.000669190660119, 0.000479777110741, 0.000295964942779, 0.000464407639811, 0.000226699296036, 7.11866887286e-05, 6.14476375631e-05, 3.31322335114e-05, 3.48867179127e-05, 1.77275687747e-05, 1.00800014025e-06, 3.09134384757e-09],
        "min": [9.12850595114e-09, 9.79549099611e-07, 4.94862376854e-07, 5.78128492634e-06, 1.36929265864e-05, 1.89350030269e-05, 1.40855800055e-05, 4.86218777951e-06, 1.01185942185e-05, 4.51179766969e-06, 3.73919101548e-06, 3.96884297515e-06, 4.62608613816e-06, 2.19728144657e-06, 5.84833469475e-06, 3.16267801281e-06, 4.7770540732e-06, 1.42602311826e-06, 5.37873438589e-06, 1.57828822012e-06, 7.74621526034e-07, 9.18979480957e-07, 5.94628261297e-07, 1.14891873793e-08, 1.13255266276e-10, 1.41649868918e-11, 1.57741302659e-11],
        "stdev": [2.80962685792e-05, 0.0020756337326, 0.00282555888407, 0.00255171908066, 0.00184435199481, 0.00383798684925, 0.00232589268126, 0.00114096398465, 0.0047095362097, 0.00285669183359, 0.00426454050466, 0.00410645036027, 0.00329173263162, 0.00214147916995, 0.00178273906931, 0.00129600870423, 0.000930598238483, 0.000400538789108, 0.000678226584569, 0.000305355206365, 9.1491616331e-05, 7.7855453128e-05, 4.67850913992e-05, 4.96325410495e-05, 2.67213617917e-05, 2.20060360334e-06, 8.98155008144e-08]
    },
    "erbbands": {
        "max": [0.222895950079, 3.85465025902, 28.1904411316, 41.1471939087, 119.935440063, 65.5536193848, 136.226516724, 416.367431641, 588.355529785, 211.141647339, 463.614624023, 1220.24987793, 1760.09326172, 2467.765625, 1271.61132812, 2526.68579102, 1289.70166016, 1034.73266602, 1187.86645508, 890.625915527, 651.720703125, 414.654693604, 215.546600342, 439.452606201, 357.126953125, 154.961303711, 69.4726486206, 36.9411964417, 26.1360778809, 15.4296283722, 16.3343772888, 8.73894786835, 4.8290143013, 2.5755200386, 1.61744582653, 0.217125833035, 0.0122488383204, 0.00208619539626, 0.000480761023937, 0.000154450084665],
        "mean": [0.0261669419706, 0.448784321547, 1.93634986877, 3.74892663956, 5.1713051796, 4.12373924255, 7.99315977097, 24.6042842865, 23.8805179596, 16.2622413635, 17.3250293732, 39.5447883606, 36.0607528687, 50.2370109558, 65.8688812256, 75.114440918, 70.0769348145, 44.525177002, 49.0181159973, 30.5193786621, 36.8745689392, 24.7572021484, 17.9253120422, 23.1777057648, 19.4107551575, 11.3378210068, 4.43306732178, 2.59959149361, 2.16104865074, 1.4677554369, 0.915272772312, 0.95360404253, 0.400664925575, 0.233779922128, 0.106795959175, 0.0148176196963, 0.000614310032688, 2.81102875306e-05, 1.53404471348e-05, 2.74593985523e-05],
        "min": [5.87911636103e-05, 0.000566008733585, 0.00903912540525, 0.0317125953734, 0.0352925285697, 0.0711197778583, 0.18247641623, 0.200605034828, 0.23150600493, 0.410941183567, 0.403956323862, 0.4036667943, 0.249140426517, 0.161998286843, 0.149531289935, 0.242820486426, 0.299558669329, 0.416910141706, 0.338023781776, 0.285710722208, 0.213828086853, 0.223593756557, 0.116503208876, 0.201088428497, 0.264799982309, 0.0880489125848, 0.0509669557214, 0.0342962816358, 0.0360029712319, 0.0152522763237, 0.0123412841931, 0.00260879611596, 0.000707054801751, 0.000107483720058, 2.28351982514e-05, 6.00672819928e-06, 2.82737164525e-06, 8.03939144589e-07, 8.70307019341e-07, 8.35280729916e-07],
        "stdev": [0.0312082581222, 0.587043106556, 2.91025137901, 4.64592313766, 10.1754312515, 5.42366123199, 10.7110328674, 42.1962051392, 45.010181427, 18.4970760345, 34.970539093, 99.3600845337, 101.726249695, 133.459197998, 146.837081909, 187.327865601, 155.01651001, 103.833824158, 110.323097229, 57.8635215759, 64.6260604858, 46.5832290649, 23.9686717987, 37.892364502, 25.9832649231, 15.3252096176, 5.89438962936, 3.44402551651, 2.76054525375, 1.99518191814, 1.32551538944, 1.35693800449, 0.597173810005, 0.337894827127, 0.174064129591, 0.02756921947, 0.00135845819023, 6.81672609062e-05, 1.61473672051e-05, 1.96452929231e-05]
    },
    "gfcc": {
        "mean": [-18.4221782684, 127.49005127, -158.057159424, 40.7070655823, -65.9356536865, 13.7737569809, -36.1545562744, 2.85249686241, -18.5118122101, -9.07055568695, 0.628087759018, -15.1159324646, -1.8306119442],
        "cov": [[1696.58862305, -414.167938232, -85.7948684692, 33.2382164001, -7.4648900032, 145.874557495, -75.8480148315, 152.979141235, -100.862564087, 112.162399292, -41.565158844, 29.1806697845, 32.0797615051], [-414.167938232, 681.951538086, -316.961486816, -72.2876815796, 176.740463257, -236.688034058, 287.575836182, -202.067184448, 170.21522522, -175.202728271, 193.362518311, -90.912437439, 58.9411392212], [-85.7948684692, -316.961486816, 762.855712891, 154.751617432, -169.949523926, 240.354705811, -246.838195801, 202.26739502, -123.52394104, 153.058700562, -201.441680908, 114.639122009, -41.0244178772], [33.2382164001, -72.2876815796, 154.751617432, 222.729354858, 9.91759967804, 39.2428359985, -83.1673583984, 45.6653251648, 65.3825759888, 4.67689085007, -40.5374526978, 32.0587768555, 18.9163246155], [-7.4648900032, 176.740463257, -169.949523926, 9.91759967804, 223.34046936, -40.6617622375, 91.1395339966, -23.3740825653, 56.9736671448, -10.917347908, 59.4026107788, -17.5225887299, 18.980266571], [145.874557495, -236.688034058, 240.354705811, 39.2428359985, -40.6617622375, 307.83706665, -9.04534339905, 56.3443984985, -95.5083236694, 116.750480652, -47.409866333, 20.0527000427, -31.1948356628], [-75.8480148315, 287.575836182, -246.838195801, -83.1673583984, 91.1395339966, -9.04534339905, 329.508544922, -125.930091858, 35.8755149841, -64.5623245239, 127.253082275, -63.3613777161, -2.93443250656], [152.979141235, -202.067184448, 202.26739502, 45.6653251648, -23.3740825653, 56.3443984985, -125.930091858, 267.505584717, -11.3256788254, 60.5076446533, -88.9237060547, 75.6207427979, 38.9081764221], [-100.862564087, 170.21522522, -123.52394104, 65.3825759888, 56.9736671448, -95.5083236694, 35.8755149841, -11.3256788254, 194.160385132, -57.6208610535, 68.6147232056, -5.08424091339, 41.4235954285], [112.162399292, -175.202728271, 153.058700562, 4.67689085007, -10.917347908, 116.750480652, -64.5623245239, 60.5076446533, -57.6208610535, 179.081726074, -23.9015102386, 41.3525123596, -17.1948928833], [-41.565158844, 193.362518311, -201.441680908, -40.5374526978, 59.4026107788, -47.409866333, 127.253082275, -88.9237060547, 68.6147232056, -23.9015102386, 187.307052612, -22.9589118958, 28.2313976288], [29.1806697845, -90.912437439, 114.639122009, 32.0587768555, -17.5225887299, 20.0527000427, -63.3613777161, 75.6207427979, -5.08424091339, 41.3525123596, -22.9589118958, 104.748001099, 26.5522956848], [32.0797615051, 58.9411392212, -41.0244178772, 18.9163246155, 18.980266571, -31.1948356628, -2.93443250656, 38.9081764221, 41.4235954285, -17.1948928833, 28.2313976288, 26.5522956848, 100.686004639]],
        "icov": [[0.000842984067276, 0.000543327303603, 0.000538008927833, -0.000418681651354, -2.31077974604e-05, -0.000118688149087, -0.000158778639161, -0.000418053212343, 0.000460923212813, -0.00023741601035, -0.000111466586532, 0.000197611690965, -0.000415304675698], [0.000543327303603, 0.0151072219014, -0.00899753812701, 0.00627299165353, -0.00893488805741, 0.00878249388188, -0.00812667608261, 0.00674429815263, -0.00659725861624, 0.0052839294076, -0.00470827892423, 0.00681041087955, -0.00915837194771], [0.000538008927833, -0.00899753812701, 0.0101820779964, -0.00644425302744, 0.00732097681612, -0.00704865762964, 0.00543258571997, -0.00569985248148, 0.00551710138097, -0.00441729277372, 0.00415340112522, -0.00591182988137, 0.00662238243967], [-0.000418681651354, 0.00627299165353, -0.00644425302744, 0.011401694268, -0.00580539926887, 0.0022513337899, -0.00168381817639, 0.0046048774384, -0.00763365486637, 0.00400262279436, -0.000941934646107, 0.00246546603739, -0.00490514980629], [-2.31077974604e-05, -0.00893488805741, 0.00732097681612, -0.00580539926887, 0.0118579966947, -0.00490118376911, 0.00322649441659, -0.00512361107394, 0.00391754694283, -0.00492603844032, 0.00282998895273, -0.00403762515634, 0.00544981611893], [-0.000118688149087, 0.00878249388188, -0.00704865762964, 0.0022513337899, -0.00490118376911, 0.0117550203577, -0.00694562774152, 0.00356242945418, -0.00189787789714, 0.00022956468456, -0.00310575799085, 0.00526922056451, -0.00511024240404], [-0.000158778639161, -0.00812667608261, 0.00543258571997, -0.00168381817639, 0.00322649441659, -0.00694562774152, 0.0104917492718, -0.00268084648997, 0.00308012287132, -0.000789846293628, 0.000246313516982, -0.00310812937096, 0.00526785524562], [-0.000418053212343, 0.00674429815263, -0.00569985248148, 0.0046048774384, -0.00512361107394, 0.00356242945418, -0.00268084648997, 0.0102773206308, -0.00492571108043, 0.00210078619421, 0.000273834884865, 0.000966412771959, -0.00692882295698], [0.000460923212813, -0.00659725861624, 0.00551710138097, -0.00763365486637, 0.00391754694283, -0.00189787789714, 0.00308012287132, -0.00492571108043, 0.0133047001436, -0.00190384080634, -0.00090056611225, -0.0027394995559, 0.00324005633593], [-0.00023741601035, 0.0052839294076, -0.00441729277372, 0.00400262279436, -0.00492603844032, 0.00022956468456, -0.000789846293628, 0.00210078619421, -0.00190384080634, 0.0118061881512, -0.00376270757988, 0.000229376542848, -0.00161042250693], [-0.000111466586532, -0.00470827892423, 0.00415340112522, -0.000941934646107, 0.00282998895273, -0.00310575799085, 0.000246313516982, 0.000273834884865, -0.00090056611225, -0.00376270757988, 0.0121290273964, -0.00325722130947, 0.000252660654951], [0.000197611690965, 0.00681041087955, -0.00591182988137, 0.00246546603739, -0.00403762515634, 0.00526922056451, -0.00310812937096, 0.000966412771959, -0.0027394995559, 0.000229376542848, -0.00325722130947, 0.0178502108902, -0.0076199080795], [-0.000415304675698, -0.00915837194771, 0.00662238243967, -0.00490514980629, 0.00544981611893, -0.00511024240404, 0.00526785524562, -0.00692882295698, 0.00324005633593, -0.00161042250693, 0.000252660654951, -0.0076199080795, 0.0195963252336]]
    },
    "melbands": {
        "max": [0.00299475295469, 0.0104577774182, 0.0104540949687, 0.0049468097277, 0.00399182224646, 0.00988864153624, 0.00780844828114, 0.00197829306126, 0.00605709757656, 0.0098574841395, 0.00849160831422, 0.00920827873051, 0.0075709070079, 0.00534401228651, 0.00460863206536, 0.00313841528259, 0.00231318781152, 0.00211194809526, 0.00126051215921, 0.00167749100365, 0.000677187810652, 0.000593053526245, 0.000269530020887, 0.000163082862855, 0.000424009718699, 0.000285886490019, 0.000150672858581, 9.04492480913e-05, 6.81426608935e-05, 3.18714082823e-05, 3.00959927699e-05, 1.67757971212e-05, 1.27458415591e-05, 8.08116965345e-06, 1.12481784527e-05, 5.59572981729e-06, 5.67957704334e-06, 3.16157479574e-06, 2.89728700409e-06, 2.61164268522e-06],
        "mean": [0.000349546404323, 0.000879072467797, 0.000733799824957, 0.000303321226966, 0.000271460186923, 0.000525522686075, 0.000350418646121, 0.000171457984834, 0.000147287006257, 0.000266085873591, 0.000176044020918, 0.000194947526325, 0.000199328933377, 0.00019985162362, 0.000185410390259, 0.000125614620629, 7.85053052823e-05, 7.93060316937e-05, 4.96819229738e-05, 4.4471140427e-05, 4.18707350036e-05, 2.82401088043e-05, 1.68349324667e-05, 1.44651949086e-05, 1.96599903575e-05, 1.5236910258e-05, 1.06358484118e-05, 6.766630122e-06, 3.14892758979e-06, 1.54398173891e-06, 1.56486908054e-06, 1.3286472722e-06, 9.26489974518e-07, 7.54808183956e-07, 5.34562957455e-07, 4.9709058203e-07, 5.85400869113e-07, 2.77375875157e-07, 2.19113204025e-07, 1.8864371043e-07],
        "min": [3.44414843312e-07, 4.88009209221e-06, 5.90107265452e-06, 3.38403810929e-06, 7.0497158049e-06, 3.83634642276e-06, 3.08244921143e-06, 2.79595451502e-06, 3.14978910865e-06, 2.01407851819e-06, 1.14223030323e-06, 3.20248062735e-07, 4.3370917524e-07, 5.58204021672e-07, 5.63353125926e-07, 4.22006479539e-07, 2.94621571584e-07, 3.84974697454e-07, 2.73381829174e-07, 2.52695713243e-07, 1.82277020144e-07, 2.23767486318e-07, 1.01694766386e-07, 7.85306895068e-08, 9.70782991772e-08, 2.19469740159e-07, 7.42532009212e-08, 4.45225829537e-08, 2.87205228489e-08, 1.88381079624e-08, 1.36763214087e-08, 1.49420689155e-08, 1.47022802821e-08, 5.11043163343e-09, 3.8890477505e-09, 2.61974131277e-09, 1.42402978298e-10, 6.66002253347e-11, 1.70421120792e-12, 9.11787464107e-13],
        "stdev": [0.000422562181484, 0.00114841817413, 0.00103631720413, 0.000459630886326, 0.000340596277965, 0.000890019291546, 0.00062355643604, 0.000196846740437, 0.000376891868655, 0.000683243735693, 0.000512632133905, 0.000530099088792, 0.000513615610544, 0.000441173440777, 0.000455425848486, 0.000279885163764, 0.000216924963752, 0.000188088903087, 0.000107863452286, 9.75938819465e-05, 7.77525128797e-05, 6.04512861173e-05, 2.56089024333e-05, 1.94829462998e-05, 3.55481897714e-05, 2.18510649574e-05, 1.44457490023e-05, 9.7030588222e-06, 4.98012468597e-06, 2.21652680921e-06, 2.27705959333e-06, 1.80323206678e-06, 1.24143628e-06, 1.06419076928e-06, 8.31984550587e-07, 6.92609546604e-07, 8.50512435591e-07, 4.35634319729e-07, 3.26974770815e-07, 2.79972994122e-07]
    },
    "melbands128": {
        "max": [0.000267480441835, 0.00114721769933, 0.0044603520073, 0.00789436884224, 0.0153245842084, 0.011060744524, 0.00705762952566, 0.0154316984117, 0.014340383932, 0.00430879089981, 0.00437635416165, 0.00544061651453, 0.00673943990842, 0.00798097904772, 0.013335602358, 0.0234921593219, 0.0185364671052, 0.0114093264565, 0.00502065895125, 0.00274191424251, 0.00247875601053, 0.00448911683634, 0.00612800149247, 0.0182838831097, 0.0124782565981, 0.0184398889542, 0.022110549733, 0.0125186480582, 0.00769760506228, 0.0126141514629, 0.013213374652, 0.0257590413094, 0.0103699769825, 0.00901990197599, 0.00810049846768, 0.00866922177374, 0.0117055373266, 0.00701201241463, 0.00780160678551, 0.00551169831306, 0.00378938484937, 0.00311626121402, 0.00480702146888, 0.00542300567031, 0.00343910465017, 0.0049784462899, 0.00293299136683, 0.00221922714263, 0.00190931907855, 0.00246634264477, 0.00260124332272, 0.0029571717605, 0.00172192277387, 0.00104027625639, 0.00114631652832, 0.000809647899587, 0.000653183436953, 0.000520091445651, 0.000455325993244, 0.00037235324271, 0.000273184326943, 0.00032304727938, 0.000508710509166, 0.00108376762364, 0.000963236088865, 0.000398179807235, 0.00068485859083, 0.000458035443444, 0.000165390054462, 0.000336563098244, 0.000208188313991, 9.5813338703e-05, 0.000144843288581, 8.11672653072e-05, 7.40243704058e-05, 6.61903541186e-05, 2.46300533036e-05, 3.23953136103e-05, 5.14003149874e-05, 4.08662963309e-05, 2.71866429102e-05, 2.91580927296e-05, 1.02648309621e-05, 1.78021618922e-05, 1.65208639373e-05, 1.91364215425e-05, 1.31646911541e-05, 1.77600140887e-05, 1.59418104886e-05, 1.06628904177e-05, 5.59712270842e-06, 9.84753478406e-06, 1.04299215309e-05, 9.72616999206e-06, 5.37346750207e-06, 4.94815731145e-06, 4.59799230157e-06, 7.09163896317e-06, 2.73577688858e-06, 2.74985313808e-06, 3.75014428755e-06, 2.75089041679e-06, 6.10540655543e-06, 3.68412906937e-06, 2.55269628724e-06, 1.88473165963e-06, 1.22133837976e-06, 9.50427647695e-07, 5.44727413399e-07, 3.41349533528e-07, 1.55837938109e-07, 2.27928271812e-08, 1.94690930044e-08, 1.77771699583e-08, 1.71641865165e-08, 1.66272648983e-08, 1.61384932085e-08, 1.56845505472e-08, 1.53027599481e-08, 1.4885944033e-08, 1.45253276074e-08, 1.42302489792e-08, 1.39513636199e-08, 1.37039428694e-08, 1.35127526946e-08, 1.339325717e-08, 1.32714834677e-08, 1.32195863145e-08],
        "mean": [1.32510713229e-05, 0.000119228199765, 0.000479410315165, 0.000807739677839, 0.000968886713963, 0.000915794749744, 0.000704360252712, 0.000870707968716, 0.000513385108206, 0.000192084247828, 0.000217481239815, 0.000255252438365, 0.000224502611673, 0.000344689557096, 0.000648400222417, 0.000566236150917, 0.000418167590396, 0.000339116260875, 0.000243120521191, 0.000143109500641, 0.000177782436367, 0.000112236979476, 0.000145277721458, 0.000165718854987, 0.000235301573412, 0.000365104904631, 0.000222712100367, 0.000155376517796, 0.000104544567876, 0.000207975681406, 0.000233021506574, 0.000168402868439, 0.000148284205352, 0.000300203566439, 0.000171914929524, 0.000163891221746, 0.000257228530245, 0.00014026464487, 0.000207805016544, 0.000153472341481, 0.000114751470392, 6.37159391772e-05, 6.86678758939e-05, 0.000106688828964, 5.56538943783e-05, 8.35131577333e-05, 9.49837267399e-05, 5.13886843692e-05, 2.63226884272e-05, 3.48553330696e-05, 4.84835763928e-05, 5.38264248462e-05, 4.50319748779e-05, 3.29682297888e-05, 4.28688035754e-05, 2.6915637136e-05, 1.66142053786e-05, 2.03764466278e-05, 1.28121910166e-05, 1.95520278794e-05, 1.27376133605e-05, 1.13833957585e-05, 2.06292261282e-05, 2.54337937804e-05, 1.32716122607e-05, 1.33497278512e-05, 1.84955406439e-05, 1.22751625895e-05, 7.3148694355e-06, 1.05174949567e-05, 6.97812629369e-06, 5.28328700966e-06, 4.23358778789e-06, 2.57503393186e-06, 2.05286937671e-06, 1.69406166606e-06, 1.28845840663e-06, 1.12378018002e-06, 1.68299243342e-06, 1.97014333025e-06, 1.35644017973e-06, 1.08681376787e-06, 1.10905250494e-06, 8.24958760859e-07, 8.85629162894e-07, 8.43012060159e-07, 7.58737144224e-07, 5.08621099016e-07, 5.97988616846e-07, 4.67182246666e-07, 3.6988748775e-07, 4.23901809654e-07, 8.32834871289e-07, 7.17277316653e-07, 3.56166765414e-07, 3.04624677483e-07, 2.60027036347e-07, 2.39928908741e-07, 2.20595325118e-07, 1.98931331852e-07, 2.20100346837e-07, 1.74743320258e-07, 1.79142887191e-07, 1.44254130419e-07, 1.33299693061e-07, 1.03135974427e-07, 5.96004987585e-08, 2.95962330199e-08, 1.36545077467e-08, 1.02397104129e-08, 2.76753331363e-09, 2.73846501031e-10, 2.72309258476e-11, 1.69363672392e-11, 1.62444138002e-11, 1.56939929802e-11, 1.49185473003e-11, 1.44158331106e-11, 1.40531301873e-11, 1.36787473709e-11, 1.33472078875e-11, 1.30740496554e-11, 1.28116649234e-11, 1.25834924078e-11, 1.24098327101e-11, 1.22948474318e-11, 1.2185615364e-11, 1.213046677e-11],
        "min": [5.39749467343e-10, 3.01807254743e-08, 6.84706265019e-08, 2.96180957093e-07, 1.41169806511e-07, 2.49837171395e-07, 6.96721599525e-07, 2.46905142376e-06, 8.49633806865e-07, 1.35541688451e-06, 1.15871614526e-06, 1.14107388072e-06, 4.47783065738e-07, 1.01200760128e-06, 2.34459912463e-06, 1.94902867179e-07, 6.76714876136e-07, 1.18000866678e-06, 1.2989547713e-06, 3.5269908949e-07, 6.27967267519e-07, 7.67182427808e-07, 2.02063574761e-07, 5.98318479206e-07, 7.01333704001e-07, 2.50663504175e-07, 5.28416762791e-07, 1.61589213121e-07, 2.77386959624e-07, 3.20881412108e-07, 1.96829574861e-07, 6.20494944314e-08, 1.30210764837e-07, 2.26363596312e-07, 3.40186090853e-07, 7.11993948244e-08, 1.28025249069e-07, 1.07759703383e-07, 9.53065466547e-08, 2.46103866175e-07, 1.58454810162e-07, 1.03385545458e-07, 7.58485754204e-08, 9.9039283441e-08, 5.04687100999e-08, 2.00936355554e-07, 2.80725856783e-07, 1.12067539249e-07, 2.79380891754e-08, 7.44677706166e-08, 1.71949892547e-07, 1.12043601064e-07, 2.87199117821e-08, 2.38028565747e-08, 1.29707743213e-07, 2.08718020644e-08, 3.35549756869e-08, 4.79816684162e-08, 5.00275660897e-08, 6.52750387076e-08, 6.02066947408e-08, 2.90144317461e-08, 2.45601103899e-08, 2.05357153504e-08, 3.86433782751e-08, 9.70759614916e-08, 1.67406966511e-07, 4.36741096621e-08, 7.60644081055e-09, 2.23709459846e-08, 2.40825404063e-08, 2.7995668006e-08, 1.90649522835e-08, 9.86139170323e-09, 1.46375338517e-08, 2.10312940396e-08, 6.73371758353e-09, 9.80642855808e-09, 1.60678350625e-08, 7.19739867705e-09, 3.84415921317e-09, 1.45658631823e-08, 8.77325145865e-09, 3.64450292167e-09, 7.34133109859e-09, 3.35508820726e-09, 4.44946468559e-10, 4.46368764173e-09, 1.08013753497e-09, 1.66054392459e-10, 3.41382533353e-10, 3.36203065388e-10, 1.06502882902e-10, 7.21055229413e-11, 9.24483128939e-11, 2.59952671368e-12, 8.763953647e-13, 8.64276423866e-13, 3.26204910523e-13, 2.10439196451e-13, 1.97731249234e-13, 3.91180252253e-13, 2.96104124293e-13, 1.52123010911e-13, 1.90555850179e-13, 1.22497294968e-13, 8.42296745589e-14, 9.97757920122e-14, 7.86926608403e-14, 5.55510295424e-14, 5.54115774261e-14, 5.96371842426e-14, 5.38241224865e-14, 4.56853826959e-14, 4.77797258681e-14, 4.83503855171e-14, 5.70471268965e-14, 5.63182923148e-14, 5.16874378313e-14, 5.59951424692e-14, 5.28373087741e-14, 4.29708487759e-14, 4.93079833691e-14, 5.23494076321e-14, 3.59772297674e-14, 4.7788978856e-14, 4.77292596451e-14, 5.65772946613e-14],
        "stdev": [2.06245549634e-05, 0.000177473382792, 0.000613571959548, 0.00117972434964, 0.00158376095351, 0.00129635690246, 0.000857971899677, 0.0016170599265, 0.00115011516027, 0.000364215840818, 0.000326440000208, 0.000426188402344, 0.000409127591411, 0.000604166241828, 0.00123927078675, 0.00141193869058, 0.00123645958956, 0.000649033871014, 0.000393000402255, 0.000202611103305, 0.0002867555595, 0.000219592096983, 0.000423014105763, 0.000898442987818, 0.000775897235144, 0.00109690497629, 0.00106516119558, 0.000652564282063, 0.000346272776369, 0.000669319124427, 0.000764684577007, 0.00101509795059, 0.000563050678466, 0.000840271590278, 0.000580278690904, 0.000555489852559, 0.000920597405639, 0.000479930691654, 0.000692522968166, 0.000494254287332, 0.0003255205811, 0.000226265081437, 0.000260936911218, 0.000378787808586, 0.000200424881768, 0.000300333747873, 0.000263369933236, 0.000171944426256, 8.32931837067e-05, 0.000130555854412, 0.000137323513627, 0.000134035508381, 0.000128336629132, 8.76605990925e-05, 0.000120923497889, 8.19283159217e-05, 4.74444350402e-05, 4.28989696957e-05, 2.41001125687e-05, 3.79540360882e-05, 2.41710113187e-05, 2.38382672251e-05, 4.12820627389e-05, 6.97548894095e-05, 3.87242325814e-05, 2.63110614469e-05, 3.73487091565e-05, 2.64398549916e-05, 1.28449946715e-05, 2.26635402214e-05, 1.41837654155e-05, 8.77484762896e-06, 1.05260578493e-05, 5.56465283807e-06, 4.10713983001e-06, 3.12654742629e-06, 2.33179912357e-06, 2.2603742309e-06, 2.90168827632e-06, 3.33962111654e-06, 2.41972657022e-06, 1.88077126495e-06, 1.55476357122e-06, 1.29123009174e-06, 1.44223724874e-06, 1.56374073867e-06, 1.30489604544e-06, 8.495752013e-07, 1.14263377782e-06, 8.60499426381e-07, 5.68637688048e-07, 6.89660680564e-07, 1.3371429759e-06, 1.12443888156e-06, 5.80738571898e-07, 5.47543379525e-07, 4.73003751722e-07, 4.39145225073e-07, 3.54484342324e-07, 3.22729505342e-07, 3.44366583249e-07, 2.72436011528e-07, 3.60142450972e-07, 2.53029753594e-07, 2.47490049787e-07, 1.97073021013e-07, 1.20228236256e-07, 6.34469401462e-08, 3.82106861707e-08, 3.31954765898e-08, 1.27108368275e-08, 1.68852243299e-09, 5.25576360211e-10, 4.74706052245e-10, 4.58338172971e-10, 4.4401832211e-10, 4.30953411845e-10, 4.18834883442e-10, 4.08637318428e-10, 3.97508359562e-10, 3.87877951979e-10, 3.79998560396e-10, 3.72551184347e-10, 3.6594460795e-10, 3.60837804081e-10, 3.57647772509e-10, 3.54396373359e-10, 3.53010926046e-10]
    },
    "mfcc": {
        "mean": [-640.91986084, 137.522109985, -24.0150413513, 22.2004165649, -3.11640882492, 3.4739151001, -0.631220400333, 3.44351458549, -9.2396440506, 4.39781999588, -3.79911351204, -0.914811730385, 0.724646568298],
        "cov": [[1875.11621094, -406.991882324, -198.652908325, -89.0823898315, 51.6696968079, -59.2681541443, 89.3314056396, -27.7170314789, 38.2455062866, 28.8238563538, -9.50939750671, -14.8444671631, 37.9000549316], [-406.991882324, 690.209411621, -430.023712158, 130.17086792, -184.46282959, 48.2889175415, 20.4596939087, 64.4196166992, -130.490478516, 110.031097412, -91.3646240234, 7.11554002762, 13.3344917297], [-198.652908325, -430.023712158, 885.957336426, -95.9953918457, 181.932739258, -13.9906511307, -14.2094154358, -46.9854202271, 162.239715576, -144.777709961, 131.558410645, -20.8576431274, -59.1805076599], [-89.0823898315, 130.17086792, -95.9953918457, 224.541763306, 27.5138759613, -14.5534334183, -100.916313171, 50.7708702087, 3.49561977386, 19.3328666687, -37.8908882141, 18.6432723999, -13.9131002426], [51.6696968079, -184.46282959, 181.932739258, 27.5138759613, 285.582397461, -84.0512313843, -53.3566741943, -20.6919498444, 115.019165039, -52.7893791199, 56.0337295532, -10.238152504, 20.3240814209], [-59.2681541443, 48.2889175415, -13.9906511307, -14.5534334183, -84.0512313843, 282.335235596, 78.8144073486, -5.3887257576, -74.5550994873, 67.4071807861, 6.72306585312, 34.3444824219, -24.6680774689], [89.3314056396, 20.4596939087, -14.2094154358, -100.916313171, -53.3566741943, 78.8144073486, 231.268600464, -14.8850755692, -7.87405920029, 18.8540687561, 29.4559268951, -5.48278474808, 31.893283844], [-27.7170314789, 64.4196166992, -46.9854202271, 50.7708702087, -20.6919498444, -5.3887257576, -14.8850755692, 139.882827759, 14.1173620224, 29.2029247284, -33.83335495, 15.9334850311, -5.57017421722], [38.2455062866, -130.490478516, 162.239715576, 3.49561977386, 115.019165039, -74.5550994873, -7.87405920029, 14.1173620224, 187.398773193, -50.074848175, 41.9501876831, -10.6412467957, 2.39994311333], [28.8238563538, 110.031097412, -144.777709961, 19.3328666687, -52.7893791199, 67.4071807861, 18.8540687561, 29.2029247284, -50.074848175, 134.709396362, -15.8021287918, 23.7202568054, -2.45118069649], [-9.50939750671, -91.3646240234, 131.558410645, -37.8908882141, 56.0337295532, 6.72306585312, 29.4559268951, -33.83335495, 41.9501876831, -15.8021287918, 118.770401001, 6.45393610001, 7.43184566498], [-14.8444671631, 7.11554002762, -20.8576431274, 18.6432723999, -10.238152504, 34.3444824219, -5.48278474808, 15.9334850311, -10.6412467957, 23.7202568054, 6.45393610001, 83.9345855713, 14.1596822739], [37.9000549316, 13.3344917297, -59.1805076599, -13.9131002426, 20.3240814209, -24.6680774689, 31.893283844, -5.57017421722, 2.39994311333, -2.45118069649, 7.43184566498, 14.1596822739, 92.6496353149]],
        "icov": [[0.000823882583063, 0.00091927772155, 0.000528897740878, -0.00014131377975, 1.60312756634e-05, 0.000235539322603, -0.000496652093716, 5.82391658099e-05, -7.83303621574e-05, -0.000428061292041, 0.000220232876018, 0.00018237758195, 2.61130462604e-05], [0.00091927772155, 0.00375333731063, 0.00124864827376, -0.00179952103645, 0.00109577842522, 0.000436390488176, -0.00116687500849, -0.000273696758086, 0.000528551812749, -0.00116360653192, 0.000303300214, 0.000914497883059, -0.000336422526743], [0.000528897740878, 0.00124864827376, 0.00260443543084, 0.000414285372244, -0.000482750416268, -0.000421970617026, -0.000142802746268, -0.000284307199763, -0.000754956679884, 0.00130201992579, -0.00120157410856, 7.80007612775e-05, 0.00149382476229], [-0.00014131377975, -0.00179952103645, 0.000414285372244, 0.00776207819581, -0.00173342972994, -0.000820089771878, 0.00309596234001, -0.00149376108311, -0.000861879205331, 0.000463392207166, 0.000672560185194, -0.00133381376509, 0.000937892938964], [1.60312756634e-05, 0.00109577842522, -0.000482750416268, -0.00173342972994, 0.00634815962985, 0.000622605904937, 0.000882506370544, 0.000813298218418, -0.00219743652269, -0.000476497254567, -0.00139162258711, 0.00093224021839, -0.00220115296543], [0.000235539322603, 0.000436390488176, -0.000421970617026, -0.000820089771878, 0.000622605904937, 0.00565181626007, -0.00229546544142, 0.000580172636546, 0.00170489761513, -0.00215832167305, -0.000221272741328, -0.00188305415213, 0.00184571195859], [-0.000496652093716, -0.00116687500849, -0.000142802746268, 0.00309596234001, 0.000882506370544, -0.00229546544142, 0.00746175460517, -0.00038708007196, -0.00130399968475, 6.39651261736e-05, -0.00147065415513, 0.00127989822067, -0.0026939951349], [5.82391658099e-05, -0.000273696758086, -0.000284307199763, -0.00149376108311, 0.000813298218418, 0.000580172636546, -0.00038708007196, 0.00925935897976, -0.00209816196002, -0.00201073801145, 0.00248858937994, -0.00156915001571, 0.000316983321682], [-7.83303621574e-05, 0.000528551812749, -0.000754956679884, -0.000861879205331, -0.00219743652269, 0.00170489761513, -0.00130399968475, -0.00209816196002, 0.00913264229894, 0.00101268535946, -0.00150447641499, 0.000198386507691, 0.000483608513605], [-0.000428061292041, -0.00116360653192, 0.00130201992579, 0.000463392207166, -0.000476497254567, -0.00215832167305, 6.39651261736e-05, -0.00201073801145, 0.00101268535946, 0.0116971023381, -0.00124766246881, -0.00184552010614, 0.00129616598133], [0.000220232876018, 0.000303300214, -0.00120157410856, 0.000672560185194, -0.00139162258711, -0.000221272741328, -0.00147065415513, 0.00248858937994, -0.00150447641499, -0.00124766246881, 0.0124593786895, -0.00177394389175, -0.000620379112661], [0.00018237758195, 0.000914497883059, 7.80007612775e-05, -0.00133381376509, 0.00093224021839, -0.00188305415213, 0.00127989822067, -0.00156915001571, 0.000198386507691, -0.00184552010614, -0.00177394389175, 0.014768586494, -0.00376624590717], [2.61130462604e-05, -0.000336422526743, 0.00149382476229, 0.000937892938964, -0.00220115296543, 0.00184571195859, -0.0026939951349, 0.000316983321682, 0.000483608513605, 0.00129616598133, -0.000620379112661, -0.00376624590717, 0.0144939497113]]
    },
    "spectral_contrast_coeffs": {
        "max": [-0.443679898977, -0.458334863186, -0.486830711365, -0.581038475037, -0.596966743469, -0.475942999125],
        "mean": [-0.706461787224, -0.740786969662, -0.733230113983, -0.760604023933, -0.765760302544, -0.743039548397],
        "min": [-0.922464668751, -0.951567709446, -0.911643385887, -0.885057747364, -0.871639728546, -0.870762228966],
        "stdev": [0.0682007446885, 0.0649471580982, 0.0682885870337, 0.0550128780305, 0.0451043695211, 0.0641762316227]
    },
    "spectral_contrast_valleys": {
        "max": [-5.26703500748, -5.07389116287, -5.62355852127, -6.07430791855, -6.21140241623, -8.80727958679],
        "mean": [-6.88045310974, -6.5496006012, -7.18608236313, -7.41814851761, -7.55628395081, -10.9016981125],
        "min": [-9.07300662994, -8.00189208984, -8.83168029785, -9.09098625183, -9.38691520691, -15.2540016174],
        "stdev": [0.579833209515, 0.476236999035, 0.55392563343, 0.529416680336, 0.526280105114, 1.18169164658]
    }
},
"rhythm": {
    "beats_count": 70,
    "beats_loudness": {
        "max": 0.117732398212,
        "mean": 0.0296359155327,
        "min": 0.00561471004039,
        "stdev": 0.0175983607769
    },
    "bpm": 130.209793091,
    "bpm_histogram_first_peak_bpm": 129,
    "bpm_histogram_first_peak_weight": 0.333333313465,
    "bpm_histogram_second_peak_bpm": 0,
    "bpm_histogram_second_peak_spread": 0,
    "bpm_histogram_second_peak_weight": 0,
    "danceability": 1.26230287552,
    "onset_rate": 3.84521460533,
    "beats_loudness_band_ratio": {
        "max": [0.847815930843, 0.706144869328, 0.711618959904, 0.796803295612, 0.528437197208, 0.203686103225],
        "mean": [0.352128386497, 0.14201913774, 0.193357586861, 0.195565059781, 0.108079686761, 0.0449636131525],
        "min": [0.03347684443, 0.025893162936, 0.0170020218939, 0.0217001773417, 0.00214523891918, 0.00385994021781],
        "stdev": [0.214647844434, 0.124499134719, 0.13829100132, 0.178841426969, 0.104612603784, 0.0317075699568]
    },
