{
"metadata": {
    "version": {
        "essentia": "2.1-beta5",
        "essentia_git_sha": "Undefined",
        "extractor": "music 2.0"
    },
    "audio_properties": {
        "analysis": {
            "equal_loudness": 0,
            "length": 25.4490699768,
            "sample_rate": 44100,
            "start_time": 207.748931885,
            "downmix": "mix"
        },
        "bit_rate": 192000,
        "length": 233.221221924,
        "lossless": 0,
        "number_channels": 2,
        "replay_gain": 0.589586257935,
        "sample_rate": 44100,
        "codec": "mp3",
        "md5_encoded": "c86fb781c70a5a775da419f58c5a9af9"
    },
    "tags": {
        "file_name": "Austria_Tausend Fenster_Karel Gott.mp3",
        "encoding": ["Lavf58.29.100"]
    }
},
"lowlevel": {
    "average_loudness": 0.793031334877,
    "barkbands_crest": {
        "max": 22.3120479584,
        "mean": 9.64643955231,
        "min": 2.80814862251,
        "stdev": 4.92265272141
    },
    "barkbands_flatness_db": {
        "max": 0.280458450317,
        "mean": 0.178654804826,
        "min": 0.0562730319798,
        "stdev": 0.0491382218897
    },
    "barkbands_kurtosis": {
        "max": 10.4877557755,
        "mean": 2.25220775604,
        "min": -1.67246937752,
        "stdev": 1.75825572014
    },
    "barkbands_skewness": {
        "max": 2.57067704201,
        "mean": -0.193362191319,
        "min": -2.17313623428,
        "stdev": 1.02174580097
    },
    "barkbands_spread": {
        "max": 44.9338340759,
        "mean": 10.5912446976,
        "min": 3.71181678772,
        "stdev": 5.49053955078
    },
    "dissonance": {
        "max": 0.5,
        "mean": 0.462107926607,
        "min": 0.274314075708,
        "stdev": 0.0430772528052
    },
    "dynamic_complexity": 5.05940294266,
    "erbbands_crest": {
        "max": 25.7470054626,
        "mean": 10.7060956955,
        "min": 2.84366822243,
        "stdev": 4.95811891556
    },
    "erbbands_flatness_db": {
        "max": 0.364369452,
        "mean": 0.280334830284,
        "min": 0.0848872810602,
        "stdev": 0.0552544631064
    },
    "erbbands_kurtosis": {
        "max": 10.9719152451,
        "mean": 1.16142344475,
        "min": -1.28464913368,
        "stdev": 1.24172258377
    },
    "erbbands_skewness": {
        "max": 2.73807883263,
        "mean": 0.282883495092,
        "min": -1.33937692642,
        "stdev": 0.735362708569
    },
    "erbbands_spread": {
        "max": 43.5381202698,
        "mean": 12.866809845,
        "min": 5.27157831192,
        "stdev": 7.63016843796
    },
    "hfc": {
        "max": 66.7187957764,
        "mean": 22.217962265,
        "min": 1.11152957295e-16,
        "stdev": 15.7483816147
    },
    "loudness_ebu128": {
        "integrated": -24.2625827789,
        "loudness_range": 10.2249774933,
        "momentary": {
            "max": -21.7924766541,
            "mean": -40.0127792358,
            "min": -300.691009521,
            "stdev": 57.0587730408
        },
        "short_term": {
            "max": -22.204832077,
            "mean": -26.5650348663,
            "min": -49.7851028442,
            "stdev": 5.78048229218
        }
    },
    "melbands_crest": {
        "max": 27.2501430511,
        "mean": 10.1648664474,
        "min": 1.52846503258,
        "stdev": 5.70844268799
    },
    "melbands_flatness_db": {
        "max": 0.345090717077,
        "mean": 0.216331362724,
        "min": 0.00253470102325,
        "stdev": 0.0781513676047
    },
    "melbands_kurtosis": {
        "max": 14.6211566925,
        "mean": 1.79729688168,
        "min": -1.36853086948,
        "stdev": 2.69940042496
    },
    "melbands_skewness": {
        "max": 3.27128481865,
        "mean": 0.0263297390193,
        "min": -1.46100616455,
        "stdev": 0.806384623051
    },
    "melbands_spread": {
        "max": 161.397003174,
        "mean": 27.2962188721,
        "min": 5.43843173981,
        "stdev": 27.6510066986
    },
    "pitch_salience": {
        "max": 0.899404585361,
        "mean": 0.661998867989,
        "min": 0.261269807816,
        "stdev": 0.156649053097
    },
    "silence_rate_20dB": {
        "max": 1,
        "mean": 1,
        "min": 1,
        "stdev": 0
    },
    "silence_rate_30dB": {
        "max": 1,
        "mean": 1,
        "min": 1,
        "stdev": 0
    },
    "silence_rate_60dB": {
        "max": 1,
        "mean": 0.175934359431,
        "min": 0,
        "stdev": 0.380763709545
    },
    "spectral_centroid": {
        "max": 11927.2021484,
        "mean": 2073.52539062,
        "min": 476.647857666,
        "stdev": 2264.3190918
    },
    "spectral_complexity": {
        "max": 38,
        "mean": 17.9762992859,
        "min": 0,
        "stdev": 9.26995658875
    },
    "spectral_decrease": {
        "max": 1.34504576015e-28,
        "mean": -5.13669684565e-09,
        "min": -1.99397778289e-08,
        "stdev": 4.32086988411e-09
    },
    "spectral_energy": {
        "max": 0.0808281973004,
        "mean": 0.0214022621512,
        "min": 1.03141861438e-20,
        "stdev": 0.0176594536752
    },
    "spectral_energyband_high": {
        "max": 0.000327978748828,
        "mean": 5.84497101954e-05,
        "min": 6.94845204697e-21,
        "stdev": 5.74437108298e-05
    },
    "spectral_energyband_low": {
        "max": 0.0137525182217,
        "mean": 0.000725006917492,
        "min": 2.16437731304e-23,
        "stdev": 0.00128903542645
    },
    "spectral_energyband_middle_high": {
        "max": 0.0383650138974,
        "mean": 0.00945097394288,
        "min": 1.11892939564e-21,
        "stdev": 0.00669743074104
    },
    "spectral_energyband_middle_low": {
        "max": 0.0739137232304,
        "mean": 0.0114240339026,
        "min": 1.41580198808e-22,
        "stdev": 0.0143820988014
    },
    "spectral_entropy": {
        "max": 9.82260894775,
        "mean": 7.30995178223,
        "min": 6.30676841736,
        "stdev": 0.751490712166
    },
    "spectral_flux": {
        "max": 0.204734429717,
        "mean": 0.0782749727368,
        "min": 6.41686148661e-11,
        "stdev": 0.046023901552
    },
    "spectral_kurtosis": {
        "max": 32.8300476074,
        "mean": 10.7081336975,
        "min": -1.27496790886,
        "stdev": 6.51466321945
    },
    "spectral_rms": {
        "max": 0.0088801337406,
        "mean": 0.00400261674076,
        "min": 3.17216348675e-12,
        "stdev": 0.0022043841891
    },
    "spectral_rolloff": {
        "max": 19552.1484375,
        "mean": 2687.54785156,
        "min": 430.6640625,
        "stdev": 4050.42797852
    },
    "spectral_skewness": {
        "max": 3.66683030128,
        "mean": 1.73869204521,
        "min": -0.100483328104,
        "stdev": 0.6485440135
    },
    "spectral_spread": {
        "max": 42271044,
        "mean": 4064648.5,
        "min": 1372652.75,
        "stdev": 9024753
    },
    "spectral_strongpeak": {
        "max": 10.2098579407,
        "mean": 2.10907769203,
        "min": 0,
        "stdev": 1.95019567013
    },
    "zerocrossingrate": {
        "max": 0.52197265625,
        "mean": 0.0866763740778,
        "min": 0.01318359375,
        "stdev": 0.104206986725
    },
    "barkbands": {
        "max": [0.000350240297848, 0.00647880090401, 0.00808581151068, 0.00673696352169, 0.0100500863045, 0.0112519767135, 0.0138121796772, 0.0120188230649, 0.0604353062809, 0.0140783730894, 0.0256379507482, 0.0160339139402, 0.0346994288266, 0.00767115084454, 0.0108378659934, 0.00481111835688, 0.00289457058534, 0.0038625667803, 0.00151779281441, 0.000218896777369, 0.000169449427631, 8.49351999932e-05, 3.50004916072e-06, 3.35867480317e-06, 3.07930326926e-06, 3.05355888486e-06, 3.3299252209e-06],
        "mean": [1.94624171854e-05, 0.00033294109744, 0.000274751713732, 0.000185884899111, 0.000555451901164, 0.000640145735815, 0.000422582379542, 0.000529598852154, 0.00843731127679, 0.000995328649879, 0.00134532630909, 0.00112953688949, 0.00334940152243, 0.000776493630838, 0.000729032151867, 0.000548620184418, 0.000416815164499, 0.000356636563083, 0.00028122094227, 4.18298513978e-05, 2.33471710089e-05, 9.52465506998e-06, 2.72757404218e-07, 3.7479378534e-07, 1.08505957996e-07, 1.61604376103e-07, 1.7047368317e-07],
        "min": [6.06307891434e-25, 2.72389509332e-24, 1.46685835566e-24, 2.57213383515e-24, 8.62591237525e-24, 1.14615367968e-23, 1.04889675417e-23, 2.79252855587e-24, 2.05349739079e-23, 2.37064755814e-23, 1.96424219698e-23, 1.92514703938e-23, 3.17031238677e-23, 5.29947416014e-23, 4.40061512139e-23, 6.49277395405e-23, 8.1400247025e-23, 1.15352063079e-22, 1.35325263893e-22, 1.84860414974e-22, 2.30436064912e-22, 3.59787240994e-22, 3.83692957596e-22, 6.01738302228e-22, 8.00354696963e-22, 1.22053690167e-21, 1.93065469583e-21],
        "stdev": [2.77837425529e-05, 0.000599811261054, 0.000695666589309, 0.000406423961977, 0.00102913205046, 0.00123817613348, 0.00130003958475, 0.0011353782611, 0.0129210650921, 0.00183982343879, 0.00240227091126, 0.00145227008034, 0.00478729931638, 0.000977228861302, 0.00104610412382, 0.000729381106794, 0.000445010751719, 0.000325877044816, 0.000306861737045, 4.02824553021e-05, 3.00132887787e-05, 1.11344506877e-05, 3.31538103637e-07, 4.92651906825e-07, 1.0689550578e-07, 1.21064388736e-07, 1.69060868416e-07]
    },
    "erbbands": {
        "max": [0.143495187163, 1.70320439339, 7.81555700302, 13.275147438, 15.474023819, 42.8465995789, 40.8744163513, 142.214141846, 244.782745361, 171.867858887, 288.042327881, 1176.31530762, 1480.76721191, 357.452850342, 1268.49682617, 766.085205078, 1327.70483398, 547.523864746, 320.209747314, 497.00592041, 221.030914307, 165.583114624, 104.856010437, 188.877670288, 42.704082489, 9.7548789978, 8.14893341064, 7.2800784111, 3.99714517593, 0.32064691186, 0.098649084568, 0.0888025760651, 0.0538801066577, 0.0361704528332, 0.0211857613176, 0.0118772825226, 0.00581733649597, 0.0021867796313, 0.000457005749922, 9.41715188674e-05],
        "mean": [0.0094211185351, 0.0754604265094, 0.262385100126, 0.557467699051, 0.957825899124, 2.06048846245, 2.74031114578, 6.98766183853, 6.89404392242, 8.42092132568, 14.937836647, 153.712387085, 153.958526611, 21.9632110596, 78.2747650146, 40.9590377808, 138.682891846, 79.4549560547, 37.7000274658, 35.404384613, 27.2985668182, 23.8388385773, 21.6389598846, 20.9113960266, 5.83529424667, 2.00483965874, 1.29991865158, 0.809500575066, 0.430446892977, 0.0498956739902, 0.00937049090862, 0.0117037044838, 0.00341337686405, 0.00125320011284, 0.000833342783153, 0.00054746796377, 0.000351313821739, 0.000325875618728, 1.99918595172e-05, 2.60344677372e-05],
        "min": [1.08746141859e-22, 5.82022787562e-22, 3.19904266307e-21, 8.59254298467e-21, 1.16186758191e-20, 2.97222957755e-20, 2.2659947259e-20, 7.94696325169e-20, 1.3014406101e-19, 7.99891536404e-20, 1.45216209425e-19, 3.45084862306e-19, 5.78589160436e-19, 6.58827902901e-19, 9.53863426763e-19, 9.25798946338e-19, 1.46333585676e-18, 2.44053580636e-18, 2.13482701596e-18, 2.45109435329e-18, 4.1688397404e-18, 4.89006099802e-18, 6.66891745481e-18, 6.75738400773e-18, 8.33791026418e-18, 9.81237045941e-18, 9.389390826e-18, 1.02026177288e-17, 1.09285009764e-17, 1.10886621681e-17, 1.28434728981e-17, 1.07302125486e-17, 8.05392344346e-18, 8.84316376286e-18, 5.33091228216e-18, 3.996273321e-18, 2.27512449927e-18, 9.57737527162e-19, 2.54620487259e-19, 2.86429834037e-20],
        "stdev": [0.0149569464847, 0.153347045183, 0.634884178638, 1.26354241371, 1.8848824501, 4.20604705811, 4.57380151749, 13.5723438263, 21.7047271729, 17.49842453, 25.7993488312, 212.935470581, 281.097412109, 25.3090248108, 122.980865479, 44.9177322388, 203.379928589, 80.4158630371, 47.896736145, 49.9804992676, 36.2412796021, 23.3894138336, 17.7940006256, 22.06042099, 4.94022750854, 1.87504470348, 1.35830581188, 1.04236888885, 0.490360438824, 0.0483206659555, 0.010751850903, 0.0163608361036, 0.00378827750683, 0.00126862176694, 0.000762296840549, 0.000449263490736, 0.000243996604695, 0.00024107916397, 1.77418514795e-05, 2.07926477742e-05]
    },
    "gfcc": {
        "mean": [-150.326187134, 124.192214966, -182.618713379, -6.11912536621, -21.3774356842, -8.67311477661, -5.14343070984, 1.30761802197, -17.2096271515, 0.429168075323, -14.0438232422, 0.36862179637, -10.4833583832],
        "cov": [[83941.90625, 10091.5332031, -12534.6181641, -753.169372559, -1695.56848145, -1382.59033203, 62.6247634888, 148.444519043, -1494.9251709, -115.395072937, -876.216308594, 11.8798437119, -821.585754395], [10091.5332031, 1981.43151855, -893.322814941, -244.002532959, -298.091278076, -527.231018066, 100.500274658, 98.3313598633, -376.720550537, -109.774787903, -51.6802482605, -5.91346931458, -152.175430298], [-12534.6181641, -893.322814941, 2529.91699219, 16.6612358093, 154.748962402, -143.972183228, 82.8606262207, 22.0291442871, 62.3719787598, -54.4328155518, 168.813812256, 4.33819627762, 98.5242462158], [-753.169372559, -244.002532959, 16.6612358093, 172.056335449, 47.8133621216, 107.342575073, -50.7574424744, -59.6853065491, 77.7565383911, 48.6473007202, -39.8937263489, 20.3402118683, 56.1259651184], [-1695.56848145, -298.091278076, 154.748962402, 47.8133621216, 109.279029846, 114.968528748, 2.14993548393, 0.929102480412, 56.6015663147, 16.5557022095, 21.4523925781, -3.95567011833, 10.7082338333], [-1382.59033203, -527.231018066, -143.972183228, 107.342575073, 114.968528748, 304.166870117, -23.5730819702, -22.3062019348, 134.27130127, 56.6515350342, -4.15821933746, -5.12772321701, 27.2012214661], [62.6247634888, 100.500274658, 82.8606262207, -50.7574424744, 2.14993548393, -23.5730819702, 122.151756287, 61.2350082397, -32.1707763672, -25.3600692749, 29.5191116333, -3.07424640656, -28.7303085327], [148.444519043, 98.3313598633, 22.0291442871, -59.6853065491, 0.929102480412, -22.3062019348, 61.2350082397, 86.8851394653, -10.4651517868, -29.1582145691, 28.5523719788, -0.787581562996, -18.5827636719], [-1494.9251709, -376.720550537, 62.3719787598, 77.7565383911, 56.6015663147, 134.27130127, -32.1707763672, -10.4651517868, 133.585418701, 54.0845718384, -3.81176710129, 10.0734071732, 51.7103118896], [-115.395072937, -109.774787903, -54.4328155518, 48.6473007202, 16.5557022095, 56.6515350342, -25.3600692749, -29.1582145691, 54.0845718384, 68.770980835, 2.76811432838, 5.97763633728, 18.5035266876], [-876.216308594, -51.6802482605, 168.813812256, -39.8937263489, 21.4523925781, -4.15821933746, 29.5191116333, 28.5523719788, -3.81176710129, 2.76811432838, 66.3880767822, 4.98469161987, -9.73854255676], [11.8798437119, -5.91346931458, 4.33819627762, 20.3402118683, -3.95567011833, -5.12772321701, -3.07424640656, -0.787581562996, 10.0734071732, 5.97763633728, 4.98469161987, 37.1254615784, 28.4283351898], [-821.585754395, -152.175430298, 98.5242462158, 56.1259651184, 10.7082338333, 27.2012214661, -28.7303085327, -18.5827636719, 51.7103118896, 18.5035266876, -9.73854255676, 28.4283351898, 68.6503753662]],
        "icov": [[0.000541518209502, -0.00159072084352, 0.00218398938887, -0.000670819426887, 0.000491161306854, 0.000938647775911, -0.00105098786298, 0.000777088105679, -0.000371619331418, -8.42565495986e-05, -1.8056942281e-05, -0.00011563469161, 3.86006940971e-05], [-0.00159072084352, 0.00785702653229, -0.00545338820666, 0.00069711136166, -0.000290283089271, 0.000850373413414, 0.00275633553974, -0.00677192676812, 0.00709570385516, -0.00318524939939, 0.00180561293382, 0.00029194628587, 0.000313559838105], [0.00218398938887, -0.00545338820666, 0.0101762758568, -0.00406511873007, 0.000720946700312, 0.0069956718944, -0.00550900725648, 0.00365803018212, -0.00177994987462, 0.00130199559499, -0.00325263733976, 0.00225054332986, -0.001835433417], [-0.000670819426887, 0.00069711136166, -0.00406511873007, 0.018634993583, -0.00595039129257, -0.00595589494333, 0.00145045178942, 0.00475894240662, -0.000563775829505, -0.00593250291422, 0.0124606145546, -0.00866669230163, -0.00332061620429], [0.000491161306854, -0.000290283089271, 0.000720946700312, -0.00595039129257, 0.0241700876504, -0.00654350314289, 5.65716800338e-05, -0.0036718561314, 0.0017231926322, 0.000824735150672, -0.00529598677531, 0.00164616515394, 0.00396388303488], [0.000938647775911, 0.000850373413414, 0.0069956718944, -0.00595589494333, -0.00654350314289, 0.0187386833131, -0.00530542293563, 0.00149487610906, -0.0054930485785, 0.00129752699286, -0.00390466465615, 0.00483488338068, 0.00095985486405], [-0.00105098786298, 0.00275633553974, -0.00550900725648, 0.00145045178942, 5.65716800338e-05, -0.00530542293563, 0.0176018364727, -0.0127453273162, 0.00629624165595, -0.00311960512772, 0.00180504797027, -0.0034663293045, 0.00405193958431], [0.000777088105679, -0.00677192676812, 0.00365803018212, 0.00475894240662, -0.0036718561314, 0.00149487610906, -0.0127453273162, 0.0378409177065, -0.0236983038485, 0.0199729409069, -0.0127986595035, -0.00057787593687, 0.000928641762584], [-0.000371619331418, 0.00709570385516, -0.00177994987462, -0.000563775829505, 0.0017231926322, -0.0054930485785, 0.00629624165595, -0.0236983038485, 0.0449939072132, -0.0264231562614, 0.0129292868078, 0.00160990015138, -0.0131771778688], [-8.42565495986e-05, -0.00318524939939, 0.00130199559499, -0.00593250291422, 0.000824735150672, 0.00129752699286, -0.00311960512772, 0.0199729409069, -0.0264231562614, 0.041217725724, -0.0211217701435, 0.00472626369447, 0.00221075862646], [-1.8056942281e-05, 0.00180561293382, -0.00325263733976, 0.0124606145546, -0.00529598677531, -0.00390466465615, 0.00180504797027, -0.0127986595035, 0.0129292868078, -0.0211217701435, 0.0423700213432, -0.0191761571914, 0.00783681031317], [-0.00011563469161, 0.00029194628587, 0.00225054332986, -0.00866669230163, 0.00164616515394, 0.00483488338068, -0.0034663293045, -0.00057787593687, 0.00160990015138, 0.00472626369447, -0.0191761571914, 0.0555247850716, -0.0288604237139], [3.86006940971e-05, 0.000313559838105, -0.001835433417, -0.00332061620429, 0.00396388303488, 0.00095985486405, 0.00405193958431, 0.000928641762584, -0.0131771778688, 0.00221075862646, 0.00783681031317, -0.0288604237139, 0.0444136559963]]
    },
    "melbands": {
        "max": [0.00139938294888, 0.00316007505171, 0.00231858948246, 0.00192256306764, 0.00201573292725, 0.00274499156512, 0.00325488927774, 0.0019633222837, 0.00238875788637, 0.00803131051362, 0.00739328330383, 0.00151838350575, 0.00343007221818, 0.00176773173735, 0.00180682551581, 0.00476528611034, 0.000716882932466, 0.000555438222364, 0.00116465438623, 0.000379350327421, 0.00025942348293, 0.000196862543817, 0.000164581739227, 0.000179579379619, 0.000157629852765, 6.14047530689e-05, 9.13046460482e-06, 7.74662112235e-06, 6.43706516712e-06, 5.09047049491e-06, 4.81198594571e-06, 2.85286182589e-06, 5.788102726e-07, 6.2605607809e-08, 5.81486148121e-08, 4.94393290751e-08, 5.81788128784e-08, 3.79502829162e-08, 3.35945138374e-08, 2.95403257411e-08],
        "mean": [8.78597275005e-05, 0.000128310814034, 0.000105512190203, 0.000106527331809, 0.000105742888991, 0.000147284503328, 9.78352618404e-05, 0.000100174838735, 0.000118724165077, 0.00120598543435, 0.000754813489038, 5.9107758716e-05, 0.000218729648623, 0.000171353094629, 0.000106443068944, 0.000397532712668, 0.000107682775706, 5.62743662158e-05, 5.54754369659e-05, 4.24367935921e-05, 2.88008959615e-05, 2.38972352236e-05, 2.20684141823e-05, 1.71989995579e-05, 1.79975977517e-05, 6.74099055686e-06, 1.41721170621e-06, 1.29429292883e-06, 9.43080408433e-07, 5.51765992896e-07, 4.39964111365e-07, 2.9117950362e-07, 8.08465046021e-08, 6.59731513863e-09, 4.33258540156e-09, 5.79307002369e-09, 7.04631553106e-09, 2.47421838573e-09, 1.22847632067e-09, 9.32740773507e-10],
        "min": [1.52981527374e-24, 1.70622823798e-24, 1.71407010702e-24, 1.82209711381e-24, 1.2296367388e-24, 1.58938255513e-24, 2.61945128997e-24, 8.08223841266e-25, 9.04513928991e-25, 2.14664297048e-24, 2.69700696658e-24, 1.79829698309e-24, 2.93454639577e-24, 2.02625569659e-24, 2.24373557626e-24, 3.92926449852e-24, 4.30048311342e-24, 2.94222674555e-24, 3.40512046397e-24, 3.33817338882e-24, 3.79458030402e-24, 4.46681482972e-24, 5.13739471967e-24, 4.44339315501e-24, 4.89221911691e-24, 4.99875754317e-24, 3.88266924586e-24, 5.70659020608e-24, 5.66629755763e-24, 4.83216747493e-24, 5.08151694074e-24, 5.55320724712e-24, 6.29192736434e-24, 4.84042763747e-24, 5.37824578695e-24, 6.45437788498e-24, 5.57153011936e-24, 4.4485609828e-24, 6.59426619488e-24, 7.52841200744e-24],
        "stdev": [0.000141432043165, 0.000279490632238, 0.000214126819628, 0.000206989367143, 0.000181923285709, 0.000281845132122, 0.000300720595988, 0.000212542086956, 0.00022770659416, 0.00171275786124, 0.00140865903813, 0.000104187944089, 0.000351748836692, 0.000210747646634, 0.000160701601999, 0.000591746007558, 0.000114278227556, 7.90918202256e-05, 8.83408938535e-05, 5.71271048102e-05, 4.09683816542e-05, 2.60971137322e-05, 1.98893230845e-05, 1.66765876202e-05, 2.02159753826e-05, 7.82891493145e-06, 1.68159988334e-06, 1.24942766888e-06, 9.18863690913e-07, 7.57542693464e-07, 5.80340156375e-07, 3.45852242845e-07, 8.35853484205e-08, 6.91107304718e-09, 5.3650994758e-09, 7.75694619648e-09, 1.00064232456e-08, 2.87453705283e-09, 1.27897215041e-09, 1.01364072691e-09]
    },
    "melbands128": {
        "max": [0.000316894962452, 0.00112429249566, 0.00166016619187, 0.00390398991294, 0.00433493638411, 0.00397167634219, 0.00312972860411, 0.00382986012846, 0.00154579407535, 0.00335752405226, 0.00274307979271, 0.00453115254641, 0.00116478337441, 0.00315733486786, 0.00439180713147, 0.00421090750024, 0.00503322063014, 0.00589384837076, 0.00220921612345, 0.00281387916766, 0.00360352499411, 0.00421648332849, 0.00351448310539, 0.00444792816415, 0.0102085806429, 0.0147159900516, 0.0239685568959, 0.00551219657063, 0.00252710632049, 0.00227607320994, 0.00182771740947, 0.00115198804997, 0.00489385984838, 0.00930514000356, 0.00453805644065, 0.00233986321837, 0.00355567503721, 0.00316078984179, 0.00301843206398, 0.00567989936098, 0.0098032951355, 0.00245281052776, 0.000779952330049, 0.00137690082192, 0.000891931005754, 0.000726186379325, 0.00151331920642, 0.00178818497807, 0.00167499890085, 0.000539638276678, 0.000543977541383, 0.000619107915554, 0.000374662660761, 0.000299126579193, 0.000242839741986, 0.000298853788991, 0.000296113605145, 0.000368359178538, 0.000183656025911, 0.000225907744607, 0.000176497647772, 0.0005192871904, 0.000280047417618, 0.000186013334314, 0.000182778137969, 0.00014333242143, 3.56687414751e-05, 1.36730068334e-05, 1.14466347441e-05, 1.44311297845e-05, 8.51051208883e-06, 1.18348034448e-05, 8.44997884997e-06, 8.60151703819e-06, 5.71727514398e-06, 6.7376363404e-06, 6.22366542302e-06, 4.71155908599e-06, 6.35564674667e-06, 4.81684855913e-06, 4.41420615971e-06, 2.27014152188e-06, 1.4410162521e-06, 5.3601553418e-07, 9.48035676629e-08, 5.40981481834e-08, 6.71962325782e-08, 6.20606357415e-08, 5.81820422951e-08, 5.49927499094e-08, 5.00698753569e-08, 4.97796790455e-08, 1.06935708288e-07, 7.96645522882e-08, 4.49089263554e-08, 3.59186209664e-08, 3.72420956296e-08, 3.8866279084e-08, 3.30837472973e-08, 3.09902290496e-08, 3.2290696339e-08, 2.89203949677e-08, 2.72169948801e-08, 2.4759675199e-08, 2.4651960473e-08, 2.16995470481e-08, 2.13142641314e-08, 2.14478461658e-08, 1.95628402366e-08, 2.07705781463e-08, 1.93601596976e-08, 1.94060305603e-08, 1.83617423488e-08, 1.83017565547e-08, 1.62121711611e-08, 1.83615860294e-08, 2.30209167285e-08, 1.43624614424e-08, 1.43332448133e-08, 1.40483251698e-08, 1.38214764078e-08, 1.3495003337e-08, 1.32518929163e-08, 1.30840556167e-08, 1.2958426332e-08, 1.27356027946e-08, 1.2658360582e-08, 1.25530439377e-08],
        "mean": [1.61797488545e-05, 7.30029714759e-05, 0.000112222871394, 0.000127517050714, 0.000120750046335, 0.000145859492477, 0.00011610511865, 8.82068634382e-05, 9.35137504712e-05, 0.000101270969026, 0.000115292321425, 0.000135386915645, 6.4352323534e-05, 0.000115225629997, 0.000195677755983, 0.000130828528199, 0.000117054078146, 0.000105071339931, 5.4072443163e-05, 8.64639223437e-05, 0.000140569653013, 9.19941012398e-05, 7.8704309999e-05, 0.000141772121424, 0.000698288145941, 0.00184454827104, 0.00198598601855, 0.000348460220266, 9.20607635635e-05, 5.86822279729e-05, 4.69460137538e-05, 5.6032116845e-05, 0.000198979192646, 0.00040137214819, 0.000231973041082, 9.79943506536e-05, 6.04074521107e-05, 6.43725579721e-05, 0.000101795645605, 0.000419976800913, 0.000564291491173, 0.000234394203289, 7.8631019278e-05, 5.30484066985e-05, 5.34675818926e-05, 5.73125907977e-05, 5.81159692956e-05, 6.38345372863e-05, 5.05961361341e-05, 4.04673555749e-05, 4.57149326394e-05, 3.98884621973e-05, 3.01770651276e-05, 2.48611941061e-05, 2.19233334064e-05, 2.12223167182e-05, 2.92865443043e-05, 2.40571680479e-05, 1.78791051439e-05, 2.19566427404e-05, 1.70033436007e-05, 1.32730356199e-05, 1.82979274541e-05, 2.11334645428e-05, 1.50515088535e-05, 5.68170526094e-06, 2.31601370615e-06, 1.60246827363e-06, 1.22247092804e-06, 1.13209455321e-06, 1.0344981547e-06, 1.74681690623e-06, 1.26402085243e-06, 7.25710833649e-07, 6.24015171979e-07, 5.73671286475e-07, 5.18757190093e-07, 4.61683754338e-07, 4.54763409152e-07, 3.93631154338e-07, 3.27250717191e-07, 2.6292090638e-07, 1.52050247948e-07, 6.63172698978e-08, 1.56371626758e-08, 5.78111292171e-09, 4.65128113802e-09, 4.41418990249e-09, 4.25977342289e-09, 4.35482405692e-09, 4.25410950911e-09, 4.37127800623e-09, 1.14518972083e-08, 8.44793124344e-09, 3.95991950342e-09, 2.9637869936e-09, 2.22292295682e-09, 1.58588753241e-09, 1.23396248775e-09, 1.03726116585e-09, 9.43098710238e-10, 9.24584908635e-10, 9.05326813516e-10, 8.90721330027e-10, 9.19424814061e-10, 9.02977859152e-10, 9.40906130786e-10, 9.17872888806e-10, 8.93829732451e-10, 9.16766218495e-10, 9.3471597129e-10, 9.56728807289e-10, 9.76567715583e-10, 1.01656438822e-09, 9.95975302231e-10, 3.52219764466e-09, 5.79597614347e-09, 1.94926852437e-11, 1.70165184027e-11, 1.67088374387e-11, 1.64250765766e-11, 1.60842138219e-11, 1.57840112508e-11, 1.55737107238e-11, 1.54393060836e-11, 1.52248352814e-11, 1.51720823405e-11, 1.4998960407e-11],
        "min": [2.2171088583e-25, 2.90378170794e-25, 5.49151221066e-25, 6.04808809196e-25, 1.12029095379e-24, 5.54689221836e-25, 1.44617294361e-24, 1.15896554992e-24, 5.50005360211e-25, 1.49279686643e-25, 2.16582870864e-25, 1.90479820963e-25, 1.1307694918e-25, 3.41412146551e-25, 5.66690655825e-25, 2.7449889381e-25, 4.58756783924e-25, 2.49958170605e-25, 8.82967278048e-25, 4.54617482843e-25, 9.57154321373e-25, 5.05256535109e-25, 2.64544405958e-25, 8.97715032672e-25, 1.31001298757e-24, 8.8372241515e-25, 1.40560537713e-24, 1.18139059748e-24, 2.03177575078e-24, 1.43025215282e-24, 6.26314883105e-25, 1.0496688715e-24, 1.00158415085e-24, 7.4795269874e-25, 9.35631336258e-25, 1.29754139248e-24, 5.82181862547e-25, 1.29437579228e-24, 1.4883207957e-24, 1.61489845832e-24, 2.04586973692e-24, 1.5819074078e-24, 2.26196062975e-24, 2.54503705471e-24, 2.45045204052e-24, 1.85238720321e-24, 6.85774484975e-25, 6.61922486645e-25, 8.83453808012e-25, 2.52585116863e-24, 2.67796031445e-24, 2.46653218122e-24, 1.87947747555e-24, 2.27903887671e-24, 1.75682419872e-24, 2.54421427278e-24, 1.78642738748e-24, 3.41110042406e-24, 1.8888154193e-24, 3.89511470993e-24, 1.5128692596e-24, 2.27986343357e-24, 2.18774045427e-24, 3.17234240198e-24, 2.52190272258e-24, 3.10462145428e-24, 2.84421925833e-24, 2.13814674131e-24, 3.28709188419e-24, 3.18905087038e-24, 3.32348479876e-24, 2.78974525738e-24, 2.61905685952e-24, 4.41831960557e-24, 3.03524370146e-24, 3.67514321309e-24, 2.65600749875e-24, 3.09996678051e-24, 4.10907903097e-24, 5.06044212723e-24, 3.4697202835e-24, 3.64083683561e-24, 3.06856498889e-24, 2.93471738137e-24, 4.16999408121e-24, 3.66455393873e-24, 4.51331936337e-24, 2.728336183e-24, 2.95618208939e-24, 4.31476741226e-24, 5.22023576434e-24, 5.14415013003e-24, 3.9127086747e-24, 3.54518508427e-24, 3.26636278897e-24, 4.20752689979e-24, 3.10918698677e-24, 4.00482751248e-24, 4.85515803715e-24, 5.76783105588e-24, 5.42891274517e-24, 4.4487798917e-24, 6.23071333582e-24, 4.32414026311e-24, 4.34923945053e-24, 3.26240093229e-24, 3.51075682779e-24, 4.76065960046e-24, 4.71420239846e-24, 5.28901891325e-24, 5.50798855674e-24, 5.22727674235e-24, 5.54246217273e-24, 5.70167363049e-24, 5.14758522484e-24, 3.52911243776e-24, 6.49954017181e-24, 4.89081376121e-24, 6.13501701384e-24, 5.00580917081e-24, 5.5333472794e-24, 6.17890292372e-24, 5.20191959741e-24, 7.19370069194e-24, 6.4578906826e-24, 5.66339099962e-24, 5.48994336353e-24, 5.97410319424e-24],
        "stdev": [2.4843348001e-05, 0.000118665273476, 0.00019515324675, 0.000310290866764, 0.000328872702084, 0.00038462827797, 0.000290900585242, 0.000207335571758, 0.00019518424233, 0.000288602808723, 0.000256790779531, 0.000327406538418, 0.000120077333122, 0.00029143714346, 0.000406632811064, 0.000354299962055, 0.000435905531049, 0.000437323469669, 0.000158643582836, 0.000240082808887, 0.000323483749526, 0.000288479495794, 0.000262870569713, 0.000341048667906, 0.00136976118665, 0.00283577502705, 0.00447827251628, 0.000752089719754, 0.000226898919209, 0.000150915715494, 9.96153394226e-05, 0.000110004315502, 0.000400416989578, 0.000803887611255, 0.000376805663109, 0.00017584701709, 0.000151805143105, 0.000139968571602, 0.000227446333156, 0.000850258744322, 0.00109755864833, 0.000360693200491, 0.000115576214739, 0.000100956240203, 9.50265020947e-05, 9.4412593171e-05, 9.80253171292e-05, 0.000124409401906, 0.000108149724838, 6.86157654854e-05, 6.76687195664e-05, 6.39354111627e-05, 5.06193609908e-05, 4.26665355917e-05, 3.65495216101e-05, 3.04416025756e-05, 3.99511081923e-05, 4.02947662224e-05, 2.42090391112e-05, 2.94592100545e-05, 2.4178003514e-05, 2.70289110631e-05, 2.84872112388e-05, 3.54783514922e-05, 2.80781259789e-05, 9.08851689019e-06, 2.97323640552e-06, 2.13589532905e-06, 1.66067263763e-06, 1.68460883287e-06, 1.3712733562e-06, 1.74546107701e-06, 1.28202555061e-06, 1.01452155832e-06, 8.91443448836e-07, 8.61942965003e-07, 7.79589356625e-07, 6.76202034811e-07, 6.46791647796e-07, 5.80452422128e-07, 4.45529252602e-07, 3.07162423496e-07, 1.88083717489e-07, 7.37349807878e-08, 1.54506842875e-08, 7.05656422184e-09, 6.13931527838e-09, 5.96073768122e-09, 5.55048140782e-09, 5.83819170785e-09, 5.50680212541e-09, 5.98869887014e-09, 1.75767649324e-08, 1.24516494893e-08, 5.43013101151e-09, 3.78335940354e-09, 2.68337174703e-09, 1.81117554288e-09, 1.33303768024e-09, 1.14123455131e-09, 1.12548437237e-09, 1.03264408136e-09, 9.80253322957e-10, 9.15477360586e-10, 9.23918386242e-10, 8.36577918051e-10, 8.46378189756e-10, 8.3313406174e-10, 7.85325693364e-10, 8.21709922327e-10, 7.87634402144e-10, 8.08200173452e-10, 7.90037479881e-10, 7.98473343e-10, 7.75887076809e-10, 2.43218756246e-09, 4.78967887574e-09, 4.33298813496e-10, 4.32471863876e-10, 4.23873852684e-10, 4.17029050181e-10, 4.07177985773e-10, 3.99842520205e-10, 3.94778126855e-10, 3.90987187071e-10, 3.84263426634e-10, 3.81930709281e-10, 3.78754611008e-10]
    },
    "mfcc": {
        "mean": [-746.364196777, 167.885192871, -92.0790557861, 16.2220840454, -13.6398925781, 3.75543117523, 6.87497138977, 3.86773180962, 6.00949382782, -3.43050670624, 8.21680259705, 2.24261403084, -11.5953502655],
        "cov": [[22524.4570312, 6673.85058594, -3330.28393555, 1010.43463135, -1029.5670166, -188.553253174, 327.268615723, 149.728408813, 57.0434837341, -303.240020752, 520.127624512, -51.1253242493, -605.129333496], [6673.85058594, 3032.96459961, -544.138244629, 507.779296875, -418.935546875, -417.775970459, 235.5859375, 56.5167732239, -111.27494812, -242.768478394, 330.790740967, -186.818756104, -289.615478516], [-3330.28393555, -544.138244629, 924.850463867, 45.1528625488, 23.8157482147, -191.022583008, -1.75221192837, -46.8455352783, -77.0648498535, -64.0013198853, -23.5820598602, -96.9339904785, 61.8211021423], [1010.43463135, 507.779296875, 45.1528625488, 208.580276489, -94.1768493652, -95.7943572998, 24.7396659851, -25.4085216522, -6.85883569717, -79.4185256958, 25.1337623596, -64.817565918, -30.8829402924], [-1029.5670166, -418.935546875, 23.8157482147, -94.1768493652, 155.718307495, 104.91229248, -45.8498954773, -6.43528985977, 25.2949676514, 59.3112182617, -67.1078338623, 35.7222518921, 49.2120399475], [-188.553253174, -417.775970459, -191.022583008, -95.7943572998, 104.91229248, 247.654312134, -50.5311813354, -28.3036899567, 85.3165588379, 80.9685668945, -112.040992737, 96.7778091431, 77.5034866333], [327.268615723, 235.5859375, -1.75221192837, 24.7396659851, -45.8498954773, -50.5311813354, 107.75289917, 52.5756721497, -38.3716697693, -27.0659351349, 89.0663604736, -17.9903316498, -55.7687721252], [149.728408813, 56.5167732239, -46.8455352783, -25.4085216522, -6.43528985977, -28.3036899567, 52.5756721497, 93.5886764526, -0.851617276669, 2.98112487793, 53.2756347656, 4.31459093094, -34.1042251587], [57.0434837341, -111.27494812, -77.0648498535, -6.85883569717, 25.2949676514, 85.3165588379, -38.3716697693, -0.851617276669, 95.7139663696, 34.0347442627, -72.5139541626, 42.3366851807, 57.8321342468], [-303.240020752, -242.768478394, -64.0013198853, -79.4185256958, 59.3112182617, 80.9685668945, -27.0659351349, 2.98112487793, 34.0347442627, 81.8336105347, -21.2740325928, 41.5133171082, 25.7087650299], [520.127624512, 330.790740967, -23.5820598602, 25.1337623596, -67.1078338623, -112.040992737, 89.0663604736, 53.2756347656, -72.5139541626, -21.2740325928, 183.598800659, -41.5262985229, -106.407096863], [-51.1253242493, -186.818756104, -96.9339904785, -64.817565918, 35.7222518921, 96.7778091431, -17.9903316498, 4.31459093094, 42.3366851807, 41.5133171082, -41.5262985229, 88.7666625977, 52.4968414307], [-605.129333496, -289.615478516, 61.8211021423, -30.8829402924, 49.2120399475, 77.5034866333, -55.7687721252, -34.1042251587, 57.8321342468, 25.7087650299, -106.407096863, 52.4968414307, 111.103729248]],
        "icov": [[0.00103843095712, -0.00140343524981, 0.00259462743998, -0.00257899076678, 0.00321945268661, -0.00145275669638, 0.00179537560325, -0.0017584922025, 0.00215759966522, -0.00137304852251, 0.000763112853747, -0.000731281586923, 5.67218921788e-05], [-0.00140343524981, 0.00344722508453, -0.0019052058924, 0.00113175611477, -0.00436735572293, 0.00470547378063, -0.0046773487702, 0.00378093705513, -0.00348933902569, 0.00221722293645, -0.00108840025496, 0.000756061228458, 8.51917429827e-05], [0.00259462743998, -0.0019052058924, 0.0104121677577, -0.00847202725708, 0.00655492395163, 0.00161444453988, 0.00055796810193, -0.00190346082672, 0.00587690528482, -0.00309234322049, 0.00203776778653, 0.000369308632798, -0.00388338021003], [-0.00257899076678, 0.00113175611477, -0.00847202725708, 0.022026091814, -0.0061633377336, 0.00150074076373, -0.00419407756999, 0.00837215594947, -0.012793011032, 0.0108712296933, -0.00269332481548, 0.00698287365958, 0.000152562904987], [0.00321945268661, -0.00436735572293, 0.00655492395163, -0.0061633377336, 0.0247074328363, -0.0114308241755, 0.00977026764303, -0.0106376502663, 0.011681552045, -0.00911424215883, 0.00380023499019, 0.00183482642751, -0.0017401262885], [-0.00145275669638, 0.00470547378063, 0.00161444453988, 0.00150074076373, -0.0114308241755, 0.0248731542379, -0.0144749740139, 0.0142197376117, -0.0113445995376, -0.0014200276928, 0.00521185155958, -0.00784166622907, 0.00361394463107], [0.00179537560325, -0.0046773487702, 0.00055796810193, -0.00419407756999, 0.00977026764303, -0.0144749740139, 0.0309256520122, -0.0180262941867, 0.0111709451303, 0.0016403257614, -0.00693861814216, -0.00143919559196, -0.000290127005428], [-0.0017584922025, 0.00378093705513, -0.00190346082672, 0.00837215594947, -0.0106376502663, 0.0142197376117, -0.0180262941867, 0.0294975452125, -0.017577689141, 0.00467984518036, -0.00151401537005, -0.00395177071914, 0.00694699538872], [0.00215759966522, -0.00348933902569, 0.00587690528482, -0.012793011032, 0.011681552045, -0.0113445995376, 0.0111709451303, -0.017577689141, 0.0362662598491, -0.0130951656029, 0.00588210998103, 0.000140819480293, -0.011499539949], [-0.00137304852251, 0.00221722293645, -0.00309234322049, 0.0108712296933, -0.00911424215883, -0.0014200276928, 0.0016403257614, 0.00467984518036, -0.0130951656029, 0.0331719182432, -0.00936859846115, -0.000260837405222, 0.000622543215286], [0.000763112853747, -0.00108840025496, 0.00203776778653, -0.00269332481548, 0.00380023499019, 0.00521185155958, -0.00693861814216, -0.00151401537005, 0.00588210998103, -0.00936859846115, 0.0214873850346, -0.00601906282827, 0.0126992613077], [-0.000731281586923, 0.000756061228458, 0.000369308632798, 0.00698287365958, 0.00183482642751, -0.00784166622907, -0.00143919559196, -0.00395177071914, 0.000140819480293, -0.000260837405222, -0.00601906282827, 0.0344992019236, -0.0196331292391], [5.67218921788e-05, 8.51917429827e-05, -0.00388338021003, 0.000152562904987, -0.0017401262885, 0.00361394463107, -0.000290127005428, 0.00694699538872, -0.011499539949, 0.000622543215286, 0.0126992613077, -0.0196331292391, 0.0392522737384]]
    },
    "spectral_contrast_coeffs": {
        "max": [-0.515978932381, -0.54446130991, -0.434351533651, -0.568172037601, -0.611363649368, -0.5932751894],
        "mean": [-0.781483888626, -0.791972577572, -0.726000070572, -0.775475740433, -0.75685852766, -0.714761972427],
        "min": [-0.976140618324, -0.977927088737, -0.974965333939, -0.974286973476, -0.966678619385, -0.965177118778],
        "stdev": [0.0790073052049, 0.0912537127733, 0.141802310944, 0.0946572646499, 0.0806479454041, 0.073519282043]
    },
    "spectral_contrast_valleys": {
        "max": [-6.04064512253, -5.35997915268, -5.55233192444, -5.51880788803, -6.64681625366, -10.4916753769],
        "mean": [-8.96581459045, -8.16842937469, -8.27499103546, -8.3337802887, -9.11506271362, -13.4952964783],
        "min": [-28.0402565002, -28.0333423615, -28.0548686981, -27.6179561615, -27.4785270691, -27.4261455536],
        "stdev": [4.63016271591, 4.81726503372, 4.77736377716, 4.76978588104, 4.55811309814, 3.44349765778]
    }
},
"rhythm": {
    "beats_count": 51,
    "beats_loudness": {
        "max": 0.0705285668373,
        "mean": 0.0225562378764,
        "min": 0,
        "stdev": 0.018446283415
    },
    "bpm": 125.731239319,
    "bpm_histogram_first_peak_bpm": 126,
    "bpm_histogram_first_peak_weight": 0.333333313465,
    "bpm_histogram_second_peak_bpm": 117,
    "bpm_histogram_second_peak_spread": 0.5,
    "bpm_histogram_second_peak_weight": 0.159999996424,
    "danceability": 0.766843557358,
    "onset_rate": 0.667696237564,
    "beats_loudness_band_ratio": {
        "max": [0.28097987175, 0.36465165019, 0.781493544579, 0.635368049145, 0.560492396355, 0.0328168645501],
        "mean": [0.0450577624142, 0.0494893565774, 0.299685955048, 0.333965867758, 0.235255599022, 0.0169252306223],
        "min": [0, 0, 0, 0, 0, 0],
        "stdev": [0.0538099855185, 0.0792795792222, 0.279621720314, 0.161970764399, 0.206323832273, 0.00756079703569]
    },
    "beats_position": [0.522448956966, 1.05650794506, 1.59056687355, 2.11301589012, 2.6470746994, 3.20435357094, 3.73841261864, 4.27247142792, 4.78331041336, 5.30575942993, 5.8282084465, 6.33904743195, 6.83827638626, 7.3491153717, 7.84834432602, 8.35918331146, 8.87002277374, 9.33442115784, 9.81043052673, 10.2864398956, 10.774058342, 11.2500677109, 11.7260770798, 12.202085495, 12.6780948639, 13.1541042328, 13.6417226791, 14.1293420792, 14.6285715103, 15.1161899567, 15.6154193878, 16.114648819, 16.6254863739, 17.1363258362, 17.6471652985, 18.0651245117, 18.483083725, 18.9010429382, 19.3422222137, 19.7834014893, 20.2245807648, 20.6657600403, 21.0953292847, 21.5248966217, 21.9660758972, 22.4420852661, 22.9064846039, 23.3824939728, 23.8585033417, 24.3345127106, 24.8105201721],
