{
"metadata": {
    "version": {
        "essentia": "2.1-beta5",
        "essentia_git_sha": "Undefined",
        "extractor": "music 2.0"
    },
    "audio_properties": {
        "analysis": {
            "equal_loudness": 0,
            "length": 48.7502937317,
            "sample_rate": 44100,
            "start_time": 77.7520217896,
            "downmix": "mix"
        },
        "bit_rate": 192000,
        "length": 165.767272949,
        "lossless": 0,
        "number_channels": 2,
        "replay_gain": -7.38831710815,
        "sample_rate": 48000,
        "codec": "mp3",
        "md5_encoded": "69f1aac24632b5752b538d54f6548b46"
    },
    "tags": {
        "file_name": "Germany_Ein Hoch Der Liebe_Wencke Myhre.mp3",
        "encoding": ["Lavf58.29.100"]
    }
},
"lowlevel": {
    "average_loudness": 0.962393760681,
    "barkbands_crest": {
        "max": 23.1548423767,
        "mean": 8.86499786377,
        "min": 2.87663888931,
        "stdev": 3.67588019371
    },
    "barkbands_flatness_db": {
        "max": 0.339260756969,
        "mean": 0.178845375776,
        "min": 0.0935690626502,
        "stdev": 0.0343807637691
    },
    "barkbands_kurtosis": {
        "max": 81.6067733765,
        "mean": 2.0371735096,
        "min": -1.88530504704,
        "stdev": 5.45682001114
    },
    "barkbands_skewness": {
        "max": 6.55069255829,
        "mean": 0.822226643562,
        "min": -1.37975752354,
        "stdev": 1.03225743771
    },
    "barkbands_spread": {
        "max": 86.0069274902,
        "mean": 18.4907665253,
        "min": 1.39615237713,
        "stdev": 9.91603851318
    },
    "dissonance": {
        "max": 0.499908536673,
        "mean": 0.463888019323,
        "min": 0.218148082495,
        "stdev": 0.0249006040394
    },
    "dynamic_complexity": 2.40202450752,
    "erbbands_crest": {
        "max": 29.9030971527,
        "mean": 10.3864994049,
        "min": 3.24236559868,
        "stdev": 4.65866518021
    },
    "erbbands_flatness_db": {
        "max": 0.378449231386,
        "mean": 0.229269340634,
        "min": 0.111463598907,
        "stdev": 0.0400927476585
    },
    "erbbands_kurtosis": {
        "max": 13.221944809,
        "mean": 0.417042613029,
        "min": -1.89281177521,
        "stdev": 1.54553484917
    },
    "erbbands_skewness": {
        "max": 3.55750846863,
        "mean": 0.365405440331,
        "min": -1.87089812756,
        "stdev": 0.637976765633
    },
    "erbbands_spread": {
        "max": 117.723075867,
        "mean": 27.3954277039,
        "min": 5.45943498611,
        "stdev": 15.1632537842
    },
    "hfc": {
        "max": 109.975524902,
        "mean": 24.5585327148,
        "min": 0.162977084517,
        "stdev": 16.9513206482
    },
    "loudness_ebu128": {
        "integrated": -16.111076355,
        "loudness_range": 3.84090232849,
        "momentary": {
            "max": -13.4268188477,
            "mean": -16.5961380005,
            "min": -28.2862701416,
            "stdev": 2.2926568985
        },
        "short_term": {
            "max": -14.6133298874,
            "mean": -16.3305549622,
            "min": -20.7517948151,
            "stdev": 1.34899163246
        }
    },
    "melbands_crest": {
        "max": 31.37084198,
        "mean": 11.8618068695,
        "min": 3.71540808678,
        "stdev": 4.77930450439
    },
    "melbands_flatness_db": {
        "max": 0.410934716463,
        "mean": 0.194257855415,
        "min": 0.0731426626444,
        "stdev": 0.0491854958236
    },
    "melbands_kurtosis": {
        "max": 142.781097412,
        "mean": 5.59909105301,
        "min": -1.55396389961,
        "stdev": 11.1801614761
    },
    "melbands_skewness": {
        "max": 7.69423007965,
        "mean": 1.44690072536,
        "min": -1.00277769566,
        "stdev": 1.30476689339
    },
    "melbands_spread": {
        "max": 132.687179565,
        "mean": 26.3107681274,
        "min": 1.07269108295,
        "stdev": 13.3305654526
    },
    "pitch_salience": {
        "max": 0.861345171928,
        "mean": 0.574802994728,
        "min": 0.13957221806,
        "stdev": 0.0955523625016
    },
    "silence_rate_20dB": {
        "max": 1,
        "mean": 1,
        "min": 1,
        "stdev": 0
    },
    "silence_rate_30dB": {
        "max": 1,
        "mean": 1,
        "min": 1,
        "stdev": 0
    },
    "silence_rate_60dB": {
        "max": 1,
        "mean": 0.0252260826528,
        "min": 0,
        "stdev": 0.156813085079
    },
    "spectral_centroid": {
        "max": 3697.06665039,
        "mean": 1429.23962402,
        "min": 215.089691162,
        "stdev": 553.203308105
    },
    "spectral_complexity": {
        "max": 48,
        "mean": 20.9133739471,
        "min": 0,
        "stdev": 8.00178527832
    },
    "spectral_decrease": {
        "max": -8.33308630432e-11,
        "mean": -6.30531404866e-09,
        "min": -2.46973943518e-08,
        "stdev": 3.47839090864e-09
    },
    "spectral_energy": {
        "max": 0.0960066244006,
        "mean": 0.0260252729058,
        "min": 0.000347392982803,
        "stdev": 0.0143272755668
    },
    "spectral_energyband_high": {
        "max": 0.00620559277013,
        "mean": 0.000407087354688,
        "min": 2.03706281354e-06,
        "stdev": 0.000555690785404
    },
    "spectral_energyband_low": {
        "max": 0.0511398538947,
        "mean": 0.00448340317234,
        "min": 1.35969285111e-05,
        "stdev": 0.0055567342788
    },
    "spectral_energyband_middle_high": {
        "max": 0.0643910169601,
        "mean": 0.0115527696908,
        "min": 1.57516478794e-05,
        "stdev": 0.0107792187482
    },
    "spectral_energyband_middle_low": {
        "max": 0.0756020545959,
        "mean": 0.0109792342409,
        "min": 0.000134016285301,
        "stdev": 0.00902626197785
    },
    "spectral_entropy": {
        "max": 8.42437934875,
        "mean": 7.35960197449,
        "min": 6.26102256775,
        "stdev": 0.299289494753
    },
    "spectral_flux": {
        "max": 0.226148098707,
        "mean": 0.0863058120012,
        "min": 0.0128447981551,
        "stdev": 0.0351083166897
    },
    "spectral_kurtosis": {
        "max": 21.8114891052,
        "mean": 4.76480960846,
        "min": -1.29956591129,
        "stdev": 3.13960909843
    },
    "spectral_rms": {
        "max": 0.00967806763947,
        "mean": 0.0048171649687,
        "min": 0.000582168344408,
        "stdev": 0.00147830229253
    },
    "spectral_rolloff": {
        "max": 9173.14453125,
        "mean": 1546.97790527,
        "min": 150.732421875,
        "stdev": 989.600097656
    },
    "spectral_skewness": {
        "max": 3.21279263496,
        "mean": 1.32977211475,
        "min": -0.198645696044,
        "stdev": 0.435440212488
    },
    "spectral_spread": {
        "max": 18092170,
        "mean": 3047519.25,
        "min": 1785009.25,
        "stdev": 1064216.25
    },
    "spectral_strongpeak": {
        "max": 12.2701244354,
        "mean": 1.855509758,
        "min": 0.0127944452688,
        "stdev": 1.87216389179
    },
    "zerocrossingrate": {
        "max": 0.23291015625,
        "mean": 0.0559884980321,
        "min": 0.00732421875,
        "stdev": 0.0236489307135
    },
    "barkbands": {
        "max": [0.000395881186705, 0.0136431008577, 0.0219745077193, 0.0352352783084, 0.0357465744019, 0.0408523716033, 0.0412731058896, 0.041738845408, 0.0401136428118, 0.0581067502499, 0.0502289123833, 0.0310522336513, 0.0155392969027, 0.0344840474427, 0.0299918167293, 0.0175827499479, 0.00666894204915, 0.00823418330401, 0.00518260709941, 0.00736394291744, 0.00363729987293, 0.00112110795453, 0.00106992234942, 0.0021894662641, 0.000440925301518, 4.93246488986e-07, 5.15756823916e-07],
        "mean": [3.19567261613e-05, 0.00147118407767, 0.00189535424579, 0.00160121708177, 0.00240657362156, 0.0012473926181, 0.0017476156354, 0.00172174756881, 0.00170849298593, 0.00221764692105, 0.00245664920658, 0.00149460218381, 0.000797203974798, 0.00122395739891, 0.00127899786457, 0.000778873392846, 0.000347730878275, 0.000328019203153, 0.000607847992796, 0.000426058570156, 0.000126995524624, 3.58688776032e-05, 3.2934218325e-05, 3.29704525939e-05, 7.36766742193e-06, 1.1095613317e-09, 1.13957610015e-09],
        "min": [9.05785952909e-08, 4.45886735179e-06, 2.65515882347e-06, 4.72585242051e-07, 9.95400387183e-06, 7.08852257958e-06, 5.07043205289e-06, 1.66026438819e-06, 5.07575623487e-06, 1.71648378e-06, 3.21344373333e-07, 1.12205600544e-06, 4.87149520723e-07, 4.32131429307e-07, 6.03501575824e-07, 4.31552848568e-07, 2.89466555614e-07, 3.50864610255e-07, 1.96008286935e-07, 2.09311536992e-07, 4.9912847544e-07, 1.52621211669e-07, 1.42550760529e-07, 2.16163243749e-07, 6.01404224199e-08, 2.21511645832e-11, 2.77337285082e-11],
        "stdev": [3.87627878808e-05, 0.00165649503469, 0.00256584235467, 0.0032791653648, 0.00376056437381, 0.00247855018824, 0.003435166087, 0.00322314724326, 0.00306232622825, 0.00425059068948, 0.00522707775235, 0.00307378312573, 0.00146662688348, 0.00233660941012, 0.00257286545821, 0.00153051665984, 0.000534724153113, 0.000516973028425, 0.00078489742009, 0.000612926203758, 0.000233886530623, 8.37080224301e-05, 8.24891030788e-05, 0.000121818695334, 2.94826477329e-05, 1.08340234561e-08, 1.13243583399e-08]
    },
    "erbbands": {
        "max": [0.294186919928, 4.22944021225, 25.9329814911, 101.86605835, 141.15461731, 147.593795776, 679.244445801, 194.719039917, 627.952514648, 832.825378418, 966.219909668, 869.741577148, 1413.73022461, 1710.7947998, 1624.26464844, 1168.18591309, 659.939941406, 1946.36804199, 1814.39099121, 1225.2154541, 468.846099854, 456.434997559, 547.657165527, 315.03326416, 260.427246094, 206.384536743, 173.823379517, 77.443977356, 42.0178871155, 34.4689903259, 32.305393219, 40.430141449, 38.4372367859, 10.4927864075, 0.395170688629, 0.0134257702157, 0.00111369322985, 0.000326637527905, 8.37545230752e-05, 0.000106869243609],
        "mean": [0.0275897625834, 0.394926667213, 1.88846278191, 4.66009187698, 5.69061470032, 8.64258098602, 9.93480300903, 9.97750282288, 22.1845378876, 32.5701789856, 35.3511810303, 38.9124298096, 55.8279800415, 83.1755523682, 92.5483322144, 63.9875946045, 41.6835479736, 56.287651062, 57.2853622437, 74.4936676025, 32.4378471375, 18.9293289185, 17.6664237976, 26.412115097, 30.115732193, 19.7224674225, 8.82307720184, 3.01539707184, 1.38825273514, 0.939619839191, 0.974200546741, 0.748742341995, 0.503158390522, 0.173369824886, 0.00653381319717, 0.000268501782557, 3.75372364942e-05, 9.33090268518e-06, 1.57492722792e-05, 3.16869482049e-05],
        "min": [0.000146854945342, 0.000966839841567, 0.0044231005013, 0.00843993294984, 0.010988689959, 0.0204624924809, 0.0535508319736, 0.0925250276923, 0.162227615714, 0.132698133588, 0.0736333206296, 0.0845481008291, 0.131350442767, 0.0325839780271, 0.0385286211967, 0.0492152906954, 0.0273292213678, 0.0239848624915, 0.0319388881326, 0.0351127870381, 0.0217943061143, 0.0187471229583, 0.0221100728959, 0.0104137742892, 0.0107119940221, 0.0126802343875, 0.0185871291906, 0.013901816681, 0.00663502328098, 0.00332364300266, 0.00496569974348, 0.00437545310706, 0.00408027786762, 0.00126871664543, 0.000120388911455, 4.20567994297e-06, 5.25759219272e-07, 1.10897616423e-07, 2.48646330192e-07, 4.95250503718e-07],
        "stdev": [0.033727478236, 0.457240462303, 2.40633225441, 9.373295784, 8.62947368622, 14.884221077, 34.7649002075, 15.2675714493, 43.3844680786, 59.2639465332, 62.9390068054, 67.0968856812, 96.5825195312, 162.292434692, 168.813461304, 132.046127319, 67.9157180786, 111.977027893, 101.795623779, 144.837249756, 49.3248596191, 27.0294151306, 27.4203071594, 34.6786270142, 39.4194335938, 26.5783805847, 13.5835971832, 5.86430597305, 3.19240260124, 2.22677254677, 2.56004667282, 2.59240245819, 1.97006225586, 0.66744530201, 0.0239912290126, 0.000866888964083, 8.20518907858e-05, 1.5377483578e-05, 8.83108350536e-06, 1.73007501871e-05]
    },
    "gfcc": {
        "mean": [-27.2292060852, 147.383575439, -173.483306885, 43.6587982178, -64.4385910034, 8.3637046814, -23.3152751923, -2.34249377251, -7.76059055328, -19.6395530701, 8.85964679718, -28.3701572418, 6.38508987427],
        "cov": [[2090.76782227, -354.432159424, -657.065307617, -74.9749069214, 83.6432876587, 124.848335266, 85.2358932495, 31.2356510162, -88.5614013672, 14.7409038544, -23.6379203796, -99.3150939941, 10.2924861908], [-354.432159424, 544.771850586, 108.440299988, -52.3961029053, 154.454208374, -147.250106812, 64.3309020996, -56.354801178, 28.8558654785, -71.8399429321, 10.3867816925, -31.3730983734, -47.9848670959], [-657.065307617, 108.440299988, 791.61328125, 222.467758179, -208.173995972, 39.6712226868, -180.547775269, 2.32495069504, 31.0110721588, -60.2960700989, -30.6361942291, 46.3296203613, -73.1154403687], [-74.9749069214, -52.3961029053, 222.467758179, 222.141464233, -47.8273124695, 0.23096883297, -65.8642196655, 1.39503717422, 23.2829227448, -17.1376953125, -28.6386299133, 11.545126915, -18.9825992584], [83.6432876587, 154.454208374, -208.173995972, -47.8273124695, 288.724609375, -10.3912601471, 116.345703125, 3.4591691494, -27.3068828583, -1.76297616959, 0.693392693996, -51.7998199463, 20.409406662], [124.848335266, -147.250106812, 39.6712226868, 0.23096883297, -10.3912601471, 255.823425293, 23.9051532745, 3.00231122971, -13.0978755951, 33.7064208984, -20.309419632, 0.155967712402, 6.28314208984], [85.2358932495, 64.3309020996, -180.547775269, -65.8642196655, 116.345703125, 23.9051532745, 171.295959473, 21.1741924286, -19.9530830383, 10.7391252518, 7.6532740593, -20.2985134125, 17.2720527649], [31.2356510162, -56.354801178, 2.32495069504, 1.39503717422, 3.4591691494, 3.00231122971, 21.1741924286, 117.507133484, 16.3960990906, 0.307877063751, 8.2266740799, -3.03920435905, 4.5666308403], [-88.5614013672, 28.8558654785, 31.0110721588, 23.2829227448, -27.3068828583, -13.0978755951, -19.9530830383, 16.3960990906, 112.58908844, 19.8555850983, -12.3443460464, 18.744102478, -14.9287338257], [14.7409038544, -71.8399429321, -60.2960700989, -17.1376953125, -1.76297616959, 33.7064208984, 10.7391252518, 0.307877063751, 19.8555850983, 96.1555252075, 25.6792984009, -3.81969833374, 24.8942756653], [-23.6379203796, 10.3867816925, -30.6361942291, -28.6386299133, 0.693392693996, -20.309419632, 7.6532740593, 8.2266740799, -12.3443460464, 25.6792984009, 80.2752609253, 20.3346996307, -6.36742258072], [-99.3150939941, -31.3730983734, 46.3296203613, 11.545126915, -51.7998199463, 0.155967712402, -20.2985134125, -3.03920435905, 18.744102478, -3.81969833374, 20.3346996307, 74.5965957642, 16.6750488281], [10.2924861908, -47.9848670959, -73.1154403687, -18.9825992584, 20.409406662, 6.28314208984, 17.2720527649, 4.5666308403, -14.9287338257, 24.8942756653, -6.36742258072, 16.6750488281, 88.6646652222]],
        "icov": [[0.000903151987586, -0.000113658912596, 0.00129252113402, -0.000746268662624, 0.000506046519149, -0.000749963393901, 0.000567233480979, -0.000513828941621, 0.000651198672131, 0.000389699416701, 0.000158630660735, 0.000659558456391, 0.000479931099107], [-0.000113658912596, 0.00879084505141, -0.00530899921432, 0.00485855992883, -0.00508425105363, 0.00454334309325, -0.00525066722184, 0.006821423769, -0.00727856392041, 0.00644846772775, -0.00510063115507, 0.00527192372829, -0.00144096347503], [0.00129252113402, -0.00530899921432, 0.00738752726465, -0.00561183691025, 0.0044479360804, -0.0042935796082, 0.00518694380298, -0.00508058397099, 0.0053618689999, -0.00232438324019, 0.00330884498544, -0.00291018816642, 0.00273926137015], [-0.000746268662624, 0.00485855992883, -0.00561183691025, 0.00994971208274, -0.00394211150706, 0.00348279811442, -0.00224559661001, 0.00366772105917, -0.00454824510962, 0.00219354056753, -0.000456021341961, 0.00128661619965, -0.00052869139472], [0.000506046519149, -0.00508425105363, 0.0044479360804, -0.00394211150706, 0.00912927649915, -0.00300450064242, 0.000207491335459, -0.00334070948884, 0.00362598407082, -0.00129457726143, 0.0010684998706, 0.00160259869881, -0.00099395448342], [-0.000749963393901, 0.00454334309325, -0.0042935796082, 0.00348279811442, -0.00300450064242, 0.00785201229155, -0.00424841605127, 0.00328315910883, -0.00203652004711, -0.000841327593662, 0.000861537700985, 3.85796665796e-05, 0.000492541119456], [0.000567233480979, -0.00525066722184, 0.00518694380298, -0.00224559661001, 0.000207491335459, -0.00424841605127, 0.0134699121118, -0.00625316053629, 0.00560600776225, -0.00385726685636, 0.00348926777951, -0.00372738740407, 0.00181893829722], [-0.000513828941621, 0.006821423769, -0.00508058397099, 0.00366772105917, -0.00334070948884, 0.00328315910883, -0.00625316053629, 0.0152519401163, -0.00913518108428, 0.00736973714083, -0.00765205547214, 0.00705612869933, -0.00416795583442], [0.000651198672131, -0.00727856392041, 0.0053618689999, -0.00454824510962, 0.00362598407082, -0.00203652004711, 0.00560600776225, -0.00913518108428, 0.0205334797502, -0.0130664343014, 0.0125311203301, -0.0122797535732, 0.00845647510141], [0.000389699416701, 0.00644846772775, -0.00232438324019, 0.00219354056753, -0.00129457726143, -0.000841327593662, -0.00385726685636, 0.00736973714083, -0.0130664343014, 0.0248290784657, -0.0156628992409, 0.0137841459364, -0.0101615041494], [0.000158630660735, -0.00510063115507, 0.00330884498544, -0.000456021341961, 0.0010684998706, 0.000861537700985, 0.00348926777951, -0.00765205547214, 0.0125311203301, -0.0156628992409, 0.0268177688122, -0.0162025094032, 0.0107401302084], [0.000659558456391, 0.00527192372829, -0.00291018816642, 0.00128661619965, 0.00160259869881, 3.85796665796e-05, -0.00372738740407, 0.00705612869933, -0.0122797535732, 0.0137841459364, -0.0162025094032, 0.029381994158, -0.0119838928804], [0.000479931099107, -0.00144096347503, 0.00273926137015, -0.00052869139472, -0.00099395448342, 0.000492541119456, 0.00181893829722, -0.00416795583442, 0.00845647510141, -0.0101615041494, 0.0107401302084, -0.0119838928804, 0.0199447777122]]
    },
    "melbands": {
        "max": [0.00310346926562, 0.0102092344314, 0.014165988192, 0.00820007827133, 0.0190784744918, 0.00425054458901, 0.0087598497048, 0.0081527447328, 0.00776183325797, 0.00577712524682, 0.00788206607103, 0.00751227373257, 0.00628182059154, 0.00473444722593, 0.0036637512967, 0.00228768656962, 0.00351942703128, 0.00380786135793, 0.00330209033564, 0.00185205240268, 0.000673868635204, 0.000459473085357, 0.000257169624092, 0.000529955723323, 0.00029948996962, 0.000286969036097, 0.00035968964221, 0.000156321460963, 0.000130205080495, 0.000103853817564, 5.0791673857e-05, 2.63629844994e-05, 2.60764663835e-05, 1.91836043086e-05, 2.01618113351e-05, 1.84866967174e-05, 2.76158043562e-05, 3.05267858494e-05, 1.64015928021e-05, 6.09924973105e-06],
        "mean": [0.000327117944835, 0.000864111178089, 0.00078799406765, 0.000526061805431, 0.00034971133573, 0.000234184495639, 0.000343520136084, 0.000368640583474, 0.000283249857603, 0.000244469178142, 0.000281982356682, 0.000334325304721, 0.000336216879077, 0.000180786984856, 0.000134910282213, 7.49632672523e-05, 0.000109791653813, 9.12328832783e-05, 9.77113668341e-05, 8.27258190839e-05, 2.95211248158e-05, 2.04156003747e-05, 1.38582054205e-05, 1.75924069481e-05, 2.13884741243e-05, 2.42025707848e-05, 1.85833760042e-05, 1.16284736578e-05, 6.47715478408e-06, 2.82888777292e-06, 1.34735273605e-06, 8.19131344088e-07, 5.57714258775e-07, 5.0421982678e-07, 5.77401920054e-07, 5.02242869516e-07, 4.41685870101e-07, 3.69508853737e-07, 2.84330695877e-07, 9.02646775103e-08],
        "min": [1.37904930853e-06, 2.06070103559e-06, 3.3303199416e-06, 1.16247633741e-06, 1.81779864761e-06, 1.51223230205e-06, 2.59701369032e-06, 8.31564079817e-07, 4.01794636673e-07, 6.48496268241e-07, 4.63027191699e-07, 9.97620119847e-08, 1.05596484445e-07, 1.26294182223e-07, 8.34259878957e-08, 5.40145528305e-08, 3.95917396645e-08, 5.13248004097e-08, 4.18176711037e-08, 2.74314775339e-08, 2.11046664589e-08, 1.58849129406e-08, 2.32161454505e-08, 1.37224898111e-08, 5.44651967971e-09, 1.05205995027e-08, 5.66440094829e-09, 7.9980262413e-09, 1.30226496253e-08, 8.24837176339e-09, 6.35982821962e-09, 3.9901251192e-09, 2.02141015038e-09, 1.45612810698e-09, 2.48647169521e-09, 3.54615181664e-09, 2.24045515473e-09, 2.37686137439e-09, 1.89883153645e-09, 7.94418530958e-10],
        "stdev": [0.000365725602023, 0.001022889046, 0.00132595666219, 0.000860687927343, 0.00100327678956, 0.000348813016899, 0.000656469550449, 0.000660653749947, 0.000507967139129, 0.000451158790383, 0.000504558091052, 0.00068072299473, 0.000682342448272, 0.000362092541764, 0.00027169828536, 0.000147970145917, 0.00022634457855, 0.000180154922418, 0.000214649917325, 0.000166101803188, 5.54443067813e-05, 3.23353997373e-05, 2.05414635275e-05, 3.1144478271e-05, 3.04924615193e-05, 3.40217120538e-05, 2.68102994596e-05, 1.71276678884e-05, 1.05179724414e-05, 5.98842916588e-06, 2.98517988995e-06, 1.94900098904e-06, 1.42403109749e-06, 1.24267478441e-06, 1.5187823692e-06, 1.47822561303e-06, 1.67661778505e-06, 1.5282031427e-06, 1.05908145542e-06, 3.80645161613e-07]
    },
    "melbands128": {
        "max": [0.00039528158959, 0.00246183550917, 0.00515759410337, 0.00861215032637, 0.0155088026077, 0.0129318432882, 0.0258829575032, 0.0110759343952, 0.0179332699627, 0.0134778143838, 0.0103340139613, 0.0160263776779, 0.0346608385444, 0.00996691547334, 0.00614935904741, 0.00887999683619, 0.011824962683, 0.0154169462621, 0.0147639978677, 0.0135509613901, 0.0171354692429, 0.013428747654, 0.0140617843717, 0.00750088505447, 0.00716276653111, 0.00880987197161, 0.0165365431458, 0.0103978477418, 0.0204594060779, 0.0159483794123, 0.012723560445, 0.0173178240657, 0.0120470132679, 0.00824101269245, 0.0061399564147, 0.00721982493997, 0.00638363417238, 0.00725616933778, 0.00374631397426, 0.00334494514391, 0.00290723168291, 0.00929120462388, 0.00705375755206, 0.0059403446503, 0.00367228314281, 0.00698445364833, 0.00547589501366, 0.00581755209714, 0.00381091027521, 0.00397409498692, 0.00391064025462, 0.00155219715089, 0.00100609264337, 0.00111740338616, 0.000804049079306, 0.000520205416251, 0.00119182071649, 0.000309994153213, 0.000383636303013, 0.00103845016565, 0.0010905257659, 0.000866953865625, 0.000391568668419, 0.000694840331562, 0.00063541153213, 0.000670611101668, 0.000535819854122, 0.000336929952027, 0.000736983318347, 0.000322489853716, 0.000337452976964, 0.000284969224595, 0.000283306959318, 0.000273234443739, 0.000186115692486, 0.000186414559721, 0.000130835251184, 0.000104345825093, 7.32432599762e-05, 4.39710820501e-05, 3.35864206136e-05, 4.52397143818e-05, 2.62222802121e-05, 4.10773936892e-05, 3.2075389754e-05, 2.92992226605e-05, 1.71315332409e-05, 2.51879100688e-05, 1.9893526769e-05, 2.14952433453e-05, 2.41682537307e-05, 2.10234338738e-05, 3.25045512e-05, 3.20350118272e-05, 3.58573597623e-05, 2.94713590847e-05, 4.05822866014e-05, 2.88482970063e-05, 1.58173133968e-05, 1.57825816132e-05, 1.62501673913e-05, 3.33527032126e-06, 1.62237682844e-07, 3.69281956125e-08, 1.11171711836e-08, 4.00201827233e-09, 3.76358366694e-09, 3.58212925988e-09, 3.41401995563e-09, 3.26310267695e-09, 3.1160409808e-09, 2.99925151381e-09, 2.87603629801e-09, 2.780801589e-09, 2.66860800124e-09, 2.58203058934e-09, 2.49204679115e-09, 2.41531528111e-09, 2.3514092895e-09, 2.29375918259e-09, 2.22744223066e-09, 2.18235118865e-09, 2.13417084005e-09, 2.09534189999e-09, 2.06093297983e-09, 2.03738115268e-09, 2.0204953266e-09, 2.00980476706e-09],
        "mean": [2.88721657853e-05, 0.000166992947925, 0.000404723949032, 0.000718026829418, 0.000888807175215, 0.00095884653274, 0.00105818198062, 0.000634479278233, 0.000531514640898, 0.000600985833444, 0.000480167422211, 0.000356866599759, 0.000380770186894, 0.000245331670158, 0.000188691556104, 0.000234902079683, 0.000330921873683, 0.0003844947787, 0.000326748471707, 0.000364281440852, 0.000418099545641, 0.00031088484684, 0.000264251866611, 0.000249748671195, 0.000250150245847, 0.000235564439208, 0.000243354676059, 0.000275852304185, 0.000317736237776, 0.000364563864423, 0.000285635353066, 0.000379424891435, 0.000391045992728, 0.000293263612548, 0.000155490371981, 0.000161385207321, 0.000191556187929, 0.000138392759254, 0.000105080289359, 7.65594013501e-05, 6.02075997449e-05, 8.05785821285e-05, 0.000109010718006, 0.000139442199725, 9.36507349252e-05, 8.64843750605e-05, 7.92241626186e-05, 8.13405422377e-05, 0.000112223024189, 0.000126107202959, 8.05214731372e-05, 4.14349378843e-05, 2.99021048704e-05, 2.48692322202e-05, 2.46076506301e-05, 2.05433352676e-05, 1.62881988217e-05, 1.48969611473e-05, 1.15084749268e-05, 1.48502513184e-05, 2.03014224098e-05, 1.59309674927e-05, 2.10190119105e-05, 2.16076168726e-05, 2.46072049777e-05, 2.57393439824e-05, 2.48807900789e-05, 1.73274038389e-05, 1.92040697584e-05, 1.63627264556e-05, 1.09828315544e-05, 1.05333392639e-05, 7.83591622167e-06, 6.17498153588e-06, 3.85171233575e-06, 3.52258552994e-06, 1.96616724679e-06, 1.59469141181e-06, 1.268450319e-06, 1.13668920676e-06, 8.45759586809e-07, 7.01498777289e-07, 6.45570935376e-07, 5.46052831396e-07, 4.90163358791e-07, 4.79115158214e-07, 5.03961075538e-07, 5.55053361495e-07, 6.15197052412e-07, 5.66282778891e-07, 5.33264142177e-07, 4.70711256639e-07, 4.71340371178e-07, 4.6283483357e-07, 4.07759841892e-07, 3.8228580479e-07, 3.80934864097e-07, 3.15336023959e-07, 3.1819894275e-07, 2.47673739295e-07, 1.97252447265e-07, 3.60544696321e-08, 3.22007664977e-09, 1.74551051391e-09, 2.63256721977e-10, 3.08148888351e-11, 3.83342420307e-11, 1.06742158515e-11, 7.47116864902e-12, 7.15266084209e-12, 6.86233275066e-12, 6.59313575957e-12, 6.33305213826e-12, 6.10130695966e-12, 5.88234669308e-12, 5.69440024648e-12, 5.50970293695e-12, 5.34582274281e-12, 5.2053114423e-12, 5.06879130682e-12, 4.93602901608e-12, 4.83299771731e-12, 4.73820028352e-12, 4.65153826915e-12, 4.54069811265e-12, 4.41013892072e-12, 4.33141283257e-12, 4.30182582264e-12],
        "min": [1.38402433958e-09, 3.14606097618e-07, 1.45241631344e-06, 1.56996316036e-06, 1.85960323051e-06, 1.07155449314e-06, 6.67351741868e-07, 1.61874780247e-07, 9.57988746109e-08, 5.49917501758e-07, 5.26288943092e-07, 1.68872645645e-07, 2.2789120635e-07, 4.31687908531e-07, 7.09073390226e-07, 2.82148100439e-08, 7.74053432906e-07, 8.40745542519e-07, 4.98010763295e-07, 4.26117509278e-07, 3.38487950557e-07, 8.89414835115e-08, 1.11245967105e-07, 1.94620454863e-07, 1.90058486282e-07, 2.1164237296e-07, 1.81419082423e-07, 2.60190404333e-07, 6.35729762166e-08, 1.34860123069e-08, 6.1860809808e-09, 4.17097147931e-08, 4.20750652097e-08, 5.84750416976e-08, 2.4903759055e-08, 1.13731587703e-07, 6.84861518607e-08, 3.08160075235e-08, 3.45652466649e-08, 2.57083758726e-08, 2.58858108282e-08, 3.51389779496e-08, 1.87798985252e-08, 1.81231154528e-08, 1.14299556486e-08, 4.5951203731e-08, 2.99256122105e-08, 1.74656751284e-08, 3.25764943909e-08, 1.94046609892e-08, 1.24478640728e-08, 7.00463242964e-09, 1.9418628483e-08, 2.06229788802e-08, 1.33794824109e-08, 1.18933964899e-08, 7.39594296917e-09, 2.36527988307e-08, 8.5065812172e-09, 4.36125446868e-09, 1.62959050698e-08, 1.24189627471e-08, 4.34649605197e-09, 2.53416687634e-09, 5.2056861044e-09, 1.66855542716e-08, 4.48616566118e-09, 4.29141122638e-09, 5.05465180822e-09, 4.33732383343e-09, 6.66189459153e-09, 8.14827050277e-09, 4.79866146819e-09, 1.02405417479e-08, 5.98171245869e-09, 4.82832351878e-09, 4.50239667771e-09, 3.49409479128e-09, 2.4901225526e-09, 6.88861812037e-09, 2.71132272189e-09, 1.64371960487e-09, 8.55410631218e-10, 2.09506012538e-09, 1.36649302984e-09, 8.02790112164e-10, 9.23613685533e-10, 1.92320714909e-09, 1.69062963629e-09, 1.99705829651e-09, 2.73309797016e-09, 1.66311031613e-09, 2.60174881639e-09, 1.61618785022e-09, 1.73895886579e-09, 1.33209732134e-09, 1.72132952336e-09, 1.91851401432e-09, 1.44186240725e-09, 1.11047449014e-09, 9.10240660623e-10, 2.86626583579e-10, 7.2899915271e-11, 5.26534154818e-12, 1.68060728637e-13, 1.37497611495e-13, 7.35805595056e-14, 8.17067564323e-14, 7.57080555473e-14, 9.40869086742e-14, 8.77377055557e-14, 1.02235799308e-13, 8.89426336401e-14, 8.5432590093e-14, 8.06619853376e-14, 8.46798556297e-14, 1.00522441391e-13, 9.79123872908e-14, 8.23383245266e-14, 9.95035149653e-14, 9.93303543259e-14, 8.31634091561e-14, 7.84446902509e-14, 8.74276643919e-14, 6.98312664204e-14, 2.76246886965e-14, 4.21476902993e-15, 9.07343082762e-17],
        "stdev": [3.66003841918e-05, 0.000234071150771, 0.000568128365558, 0.000911448616534, 0.00130620924756, 0.00145627709571, 0.00239478889853, 0.00116132153198, 0.0009617729811, 0.00132524513174, 0.000914457836188, 0.000954958144575, 0.00175154511817, 0.000596533122007, 0.000375207106117, 0.000515526917297, 0.000682130630594, 0.00102359883022, 0.000900553190149, 0.000856371363625, 0.00102992460597, 0.000752778316382, 0.000700989738107, 0.000563259527553, 0.000547034665942, 0.000665667525027, 0.000857189646922, 0.00063756905729, 0.000866315851454, 0.00103968358599, 0.000820916786324, 0.00123616377823, 0.00100328063127, 0.000777545268647, 0.000465259334305, 0.000501453876495, 0.000627725734375, 0.000435036694398, 0.000259708962403, 0.000212543454836, 0.000178263217094, 0.000322445295751, 0.000346446468029, 0.00037401492591, 0.000236620617216, 0.000285631627776, 0.000276061182376, 0.000314815843012, 0.00031199271325, 0.000375733739929, 0.000256649625953, 0.00010152541654, 8.87030328158e-05, 7.25313657313e-05, 6.00329622102e-05, 4.11498294852e-05, 4.30652107752e-05, 2.94919336739e-05, 2.36169234995e-05, 3.8206588215e-05, 5.17043154105e-05, 3.88180123991e-05, 3.78865188395e-05, 4.33128916484e-05, 5.18984197697e-05, 5.22465998074e-05, 5.01107679156e-05, 3.30149196088e-05, 4.30129621236e-05, 3.04591321765e-05, 2.2911821361e-05, 2.41904981522e-05, 1.75252826011e-05, 1.38446284836e-05, 8.66950085765e-06, 9.55961513682e-06, 5.71391728954e-06, 4.73832824355e-06, 3.11902294925e-06, 2.97067504107e-06, 2.07182847589e-06, 2.1231842311e-06, 1.8985024326e-06, 1.51110577917e-06, 1.36349240165e-06, 1.29898819523e-06, 1.32539139486e-06, 1.55749455644e-06, 1.69339955391e-06, 1.63893480476e-06, 1.55237285071e-06, 1.45218700709e-06, 1.68544772805e-06, 1.88372928278e-06, 1.74000388142e-06, 1.61809305155e-06, 1.74998729108e-06, 1.36218977786e-06, 1.16358273772e-06, 1.0154217307e-06, 8.77249021869e-07, 1.63509241702e-07, 6.79147316163e-09, 2.82697509846e-09, 5.42323519426e-10, 1.35610148111e-10, 1.35615185748e-10, 7.96256185986e-11, 7.5004093214e-11, 7.16809320234e-11, 6.8446699697e-11, 6.58729945591e-11, 6.31651952965e-11, 6.10661660128e-11, 5.86045031947e-11, 5.66994055873e-11, 5.47233751369e-11, 5.30366202345e-11, 5.16298045983e-11, 5.03605178392e-11, 4.89072601861e-11, 4.79144154908e-11, 4.68583193081e-11, 4.600463413e-11, 4.52507510629e-11, 4.47346985843e-11, 4.43643316528e-11, 4.41294778497e-11]
    },
    "mfcc": {
        "mean": [-640.159667969, 145.304885864, -30.6184520721, 22.97498703, -5.54304027557, -1.4253538847, 5.18367767334, 1.78141999245, -4.27870130539, 12.4690799713, -7.12719488144, -1.07660126686, -1.21576571465],
        "cov": [[2504.28295898, -431.305786133, -708.526184082, -194.060272217, -94.5127944946, 28.9152088165, 158.4740448, -35.2662200928, 48.8842773438, 116.333374023, -63.9519271851, -37.2380561829, 3.97571992874], [-431.305786133, 641.654541016, -130.560348511, 94.2242202759, 26.7189025879, -26.6503715515, 32.2721328735, 28.5649528503, -31.6073036194, -2.28858947754, 19.3946914673, -12.5370454788, -5.38014268875], [-708.526184082, -130.560348511, 935.040466309, 55.1152267456, 83.7324523926, 20.599023819, -193.072998047, 55.5536499023, -52.921962738, -123.179023743, 72.8785018921, 30.0278968811, -70.7501373291], [-194.060272217, 94.2242202759, 55.1152267456, 248.311599731, 45.6230964661, -57.0481071472, -38.6792945862, 11.1768712997, -15.6956710815, -9.72721767426, -12.5217590332, 2.61920309067, -5.67542219162], [-94.5127944946, 26.7189025879, 83.7324523926, 45.6230964661, 138.671646118, 12.5823020935, 1.03811395168, 13.8271942139, 3.84719133377, 5.81085777283, 0.927120804787, -8.59834671021, -1.80972838402], [28.9152088165, -26.6503715515, 20.599023819, -57.0481071472, 12.5823020935, 186.173706055, 29.4498786926, -11.7971992493, 41.1466751099, -13.0964193344, 1.96307361126, 19.3069114685, -9.87458610535], [158.4740448, 32.2721328735, -193.072998047, -38.6792945862, 1.03811395168, 29.4498786926, 214.841018677, -1.0391036272, 18.3370304108, 52.6051712036, -26.2696762085, -31.6870346069, 21.2984905243], [-35.2662200928, 28.5649528503, 55.5536499023, 11.1768712997, 13.8271942139, -11.7971992493, -1.0391036272, 117.019363403, 3.39727020264, -11.3611574173, 18.6443443298, -0.890710711479, -8.72537708282], [48.8842773438, -31.6073036194, -52.921962738, -15.6956710815, 3.84719133377, 41.1466751099, 18.3370304108, 3.39727020264, 133.704986572, 20.9789772034, -23.6015853882, 25.2744979858, 6.72577238083], [116.333374023, -2.28858947754, -123.179023743, -9.72721767426, 5.81085777283, -13.0964193344, 52.6051712036, -11.3611574173, 20.9789772034, 107.529205322, -0.244834363461, -21.4917240143, 14.5743131638], [-63.9519271851, 19.3946914673, 72.8785018921, -12.5217590332, 0.927120804787, 1.96307361126, -26.2696762085, 18.6443443298, -23.6015853882, -0.244834363461, 92.077255249, 22.8046226501, -14.0473690033], [-37.2380561829, -12.5370454788, 30.0278968811, 2.61920309067, -8.59834671021, 19.3069114685, -31.6870346069, -0.890710711479, 25.2744979858, -21.4917240143, 22.8046226501, 92.5961685181, 17.1240272522], [3.97571992874, -5.38014268875, -70.7501373291, -5.67542219162, -1.80972838402, -9.87458610535, 21.2984905243, -8.72537708282, 6.72577238083, 14.5743131638, -14.0473690033, 17.1240272522, 74.1126556396]],
        "icov": [[0.000705897517037, 0.000602950167377, 0.000665472471155, 0.000215442705667, -7.62716153986e-05, -5.27863267052e-05, -2.29072356888e-05, -0.000254609127296, 0.000228329197853, -0.00014497700613, 0.000101264988189, -0.000108960375655, 0.000677551724948], [0.000602950167377, 0.00237207743339, 0.0010400993051, -0.000577995670028, -0.000427935330663, -5.91321986576e-05, -0.000260577944573, -0.00059480627533, 0.000513053440955, 0.000431717839092, -0.000705752929207, 0.00010928879783, 0.000784552888945], [0.000665472471155, 0.0010400993051, 0.00246040639468, -9.34432864597e-06, -0.00118033983745, -0.000297785445582, 0.000989316264167, -0.000745589029975, 0.000560898857657, 0.00126675970387, -0.00087408348918, -2.41454963543e-05, 0.00148717348929], [0.000215442705667, -0.000577995670028, -9.34432864597e-06, 0.00533418729901, -0.00169121893123, 0.00155894819181, 0.000652847171295, -0.00019433577836, 0.000420096941525, -0.00027099417639, 0.00175346282776, -0.0011799648637, 0.000922120350879], [-7.62716153986e-05, -0.000427935330663, -0.00118033983745, -0.00169121893123, 0.00881247688085, -0.00117409718223, -0.000441542739281, -0.000561875698622, -0.000512595986947, -0.00138883199543, 4.54895853181e-05, 0.00126347749028, -0.00112745340448], [-5.27863267052e-05, -5.91321986576e-05, -0.000297785445582, 0.00155894819181, -0.00117409718223, 0.0070426473394, -0.0014811103465, 0.00118919031229, -0.00202156812884, 0.0015662687365, -0.000350846908987, -0.00131063966546, 0.00142074655741], [-2.29072356888e-05, -0.000260577944573, 0.000989316264167, 0.000652847171295, -0.000441542739281, -0.0014811103465, 0.00686075957492, -0.000932505761739, 0.00017800781643, -0.00193570717238, 0.00096977566136, 0.00170018733479, -0.00115733314306], [-0.000254609127296, -0.00059480627533, -0.000745589029975, -0.00019433577836, -0.000561875698622, 0.00118919031229, -0.000932505761739, 0.00975792296231, -0.00169245258439, 0.00157691491768, -0.00242478307337, 0.000970600172877, -3.50104746758e-05], [0.000228329197853, 0.000513053440955, 0.000560898857657, 0.000420096941525, -0.000512595986947, -0.00202156812884, 0.00017800781643, -0.00169245258439, 0.0104458639398, -0.00318177114241, 0.00412987405434, -0.00450980616733, 0.00156285811681], [-0.00014497700613, 0.000431717839092, 0.00126675970387, -0.00027099417639, -0.00138883199543, 0.0015662687365, -0.00193570717238, 0.00157691491768, -0.00318177114241, 0.0139618813992, -0.00420600967482, 0.00401596631855, -0.00203762343153], [0.000101264988189, -0.000705752929207, -0.00087408348918, 0.00175346282776, 4.54895853181e-05, -0.000350846908987, 0.00096977566136, -0.00242478307337, 0.00412987405434, -0.00420600967482, 0.0158762037754, -0.00609645526856, 0.00350350793451], [-0.000108960375655, 0.00010928879783, -2.41454963543e-05, -0.0011799648637, 0.00126347749028, -0.00131063966546, 0.00170018733479, 0.000970600172877, -0.00450980616733, 0.00401596631855, -0.00609645526856, 0.016564110294, -0.00598094100133], [0.000677551724948, 0.000784552888945, 0.00148717348929, 0.000922120350879, -0.00112745340448, 0.00142074655741, -0.00115733314306, -3.50104746758e-05, 0.00156285811681, -0.00203762343153, 0.00350350793451, -0.00598094100133, 0.017798980698]]
    },
    "spectral_contrast_coeffs": {
        "max": [-0.386254966259, -0.458984673023, -0.487947434187, -0.57435387373, -0.583141624928, -0.613243222237],
        "mean": [-0.712705552578, -0.763341188431, -0.715061604977, -0.755551874638, -0.763915777206, -0.748146235943],
        "min": [-0.916246950626, -0.936153948307, -0.899074673653, -0.910248875618, -0.893245875835, -0.887850761414],
        "stdev": [0.0682191103697, 0.06591219455, 0.0761819928885, 0.0645636767149, 0.0493069589138, 0.0324699282646]
    },
    "spectral_contrast_valleys": {
        "max": [-5.34558153152, -4.47489738464, -5.66025018692, -6.07297325134, -5.88986492157, -8.43881797791],
        "mean": [-6.77544260025, -6.3445148468, -7.08760023117, -7.42152929306, -7.45644283295, -10.9981880188],
        "min": [-8.70317745209, -8.43579387665, -9.60049057007, -10.0642471313, -10.174077034, -12.5691194534],
        "stdev": [0.491334199905, 0.526340246201, 0.572963356972, 0.585409045219, 0.57283437252, 0.637187302113]
    }
},
"rhythm": {
    "beats_count": 77,
    "beats_loudness": {
        "max": 0.077199421823,
        "mean": 0.0393266007304,
        "min": 0.00654181046411,
        "stdev": 0.0143434070051
    },
    "bpm": 95.5508804321,
    "bpm_histogram_first_peak_bpm": 96,
    "bpm_histogram_first_peak_weight": 0.657894730568,
    "bpm_histogram_second_peak_bpm": 0,
    "bpm_histogram_second_peak_spread": 0,
    "bpm_histogram_second_peak_weight": 0,
    "danceability": 1.2952914238,
    "onset_rate": 3.1787109375,
    "beats_loudness_band_ratio": {
        "max": [0.958427548409, 0.939214229584, 0.791955828667, 0.709546685219, 0.418874830008, 0.154797464609],
        "mean": [0.322893947363, 0.134667605162, 0.185831621289, 0.253264635801, 0.1117650792, 0.0430171713233],
        "min": [0.00846479460597, 0.00687671592459, 0.0136009668931, 0.000921796949115, 0.00111007213127, 0.000543748901691],
        "stdev": [0.219324782491, 0.138632282615, 0.145043179393, 0.195790305734, 0.0954784229398, 0.0386570096016]
    },
