{
"metadata": {
    "version": {
        "essentia": "2.1-beta5",
        "essentia_git_sha": "Undefined",
        "extractor": "music 2.0"
    },
    "audio_properties": {
        "analysis": {
            "equal_loudness": 0,
            "length": 12.7477550507,
            "sample_rate": 44100,
            "start_time": 0,
            "downmix": "mix"
        },
        "bit_rate": 192000,
        "length": 178.886535645,
        "lossless": 0,
        "number_channels": 2,
        "replay_gain": -3.61377906799,
        "sample_rate": 48000,
        "codec": "mp3",
        "md5_encoded": "e0701b447c464f4cf86992e9405b7275"
    },
    "tags": {
        "file_name": "Switzerland_Guardando Il Sole_Gianni Mascolo.mp3",
        "encoding": ["Lavf58.29.100"]
    }
},
"lowlevel": {
    "average_loudness": 0.745941638947,
    "barkbands_crest": {
        "max": 22.8533344269,
        "mean": 9.41645908356,
        "min": 2.74346542358,
        "stdev": 3.81919288635
    },
    "barkbands_flatness_db": {
        "max": 0.382748663425,
        "mean": 0.224155649543,
        "min": 0.0917114764452,
        "stdev": 0.0697799772024
    },
    "barkbands_kurtosis": {
        "max": 23.1836452484,
        "mean": 2.62570118904,
        "min": -1.42268896103,
        "stdev": 3.82035684586
    },
    "barkbands_skewness": {
        "max": 4.37265872955,
        "mean": 1.06277966499,
        "min": -1.16123116016,
        "stdev": 0.981631219387
    },
    "barkbands_spread": {
        "max": 38.6062049866,
        "mean": 12.8929224014,
        "min": 1.2439135313,
        "stdev": 8.97507858276
    },
    "dissonance": {
        "max": 0.499996691942,
        "mean": 0.433552592993,
        "min": 0.252029359341,
        "stdev": 0.0517093241215
    },
    "dynamic_complexity": 7.40350627899,
    "erbbands_crest": {
        "max": 23.4056377411,
        "mean": 9.61675930023,
        "min": 2.98125243187,
        "stdev": 4.4465508461
    },
    "erbbands_flatness_db": {
        "max": 0.375150203705,
        "mean": 0.250200152397,
        "min": 0.13977727294,
        "stdev": 0.0562284998596
    },
    "erbbands_kurtosis": {
        "max": 10.0015697479,
        "mean": 0.663652181625,
        "min": -1.44203221798,
        "stdev": 1.40277779102
    },
    "erbbands_skewness": {
        "max": 2.85702466965,
        "mean": 0.18254776299,
        "min": -1.41990697384,
        "stdev": 0.696926414967
    },
    "erbbands_spread": {
        "max": 59.3533706665,
        "mean": 21.5929660797,
        "min": 4.8667807579,
        "stdev": 12.4804048538
    },
    "hfc": {
        "max": 64.9265594482,
        "mean": 9.42303848267,
        "min": 0.00375222251751,
        "stdev": 10.8020210266
    },
    "loudness_ebu128": {
        "integrated": -20.2210216522,
        "loudness_range": 10.9396934509,
        "momentary": {
            "max": -15.1975803375,
            "mean": -25.9933662415,
            "min": -41.1800765991,
            "stdev": 8.27972316742
        },
        "short_term": {
            "max": -18.3962135315,
            "mean": -23.8195953369,
            "min": -39.237663269,
            "stdev": 5.60041236877
        }
    },
    "melbands_crest": {
        "max": 30.9366378784,
        "mean": 12.7233428955,
        "min": 2.95435166359,
        "stdev": 5.50231170654
    },
    "melbands_flatness_db": {
        "max": 0.490489512682,
        "mean": 0.282524466515,
        "min": 0.110238187015,
        "stdev": 0.0905243381858
    },
    "melbands_kurtosis": {
        "max": 69.6767196655,
        "mean": 6.12058448792,
        "min": -1.49395251274,
        "stdev": 7.95226144791
    },
    "melbands_skewness": {
        "max": 7.67821359634,
        "mean": 1.71244823933,
        "min": -0.538830220699,
        "stdev": 1.24834251404
    },
    "melbands_spread": {
        "max": 60.3962783813,
        "mean": 16.7755680084,
        "min": 1.71404016018,
        "stdev": 12.5971374512
    },
    "pitch_salience": {
        "max": 0.90781056881,
        "mean": 0.600237488747,
        "min": 0.205715730786,
        "stdev": 0.113134041429
    },
    "silence_rate_20dB": {
        "max": 1,
        "mean": 1,
        "min": 1,
        "stdev": 0
    },
    "silence_rate_30dB": {
        "max": 1,
        "mean": 0.992727279663,
        "min": 0,
        "stdev": 0.0849696323276
    },
    "silence_rate_60dB": {
        "max": 1,
        "mean": 0.292727261782,
        "min": 0,
        "stdev": 0.45501190424
    },
    "spectral_centroid": {
        "max": 2524.44848633,
        "mean": 936.578308105,
        "min": 218.646957397,
        "stdev": 657.207092285
    },
    "spectral_complexity": {
        "max": 36,
        "mean": 9.76727294922,
        "min": 0,
        "stdev": 7.13814020157
    },
    "spectral_decrease": {
        "max": -5.43450321636e-13,
        "mean": -5.87608139924e-09,
        "min": -4.44589858262e-08,
        "stdev": 6.63398003198e-09
    },
    "spectral_energy": {
        "max": 0.172800511122,
        "mean": 0.0230323839933,
        "min": 2.39144765146e-06,
        "stdev": 0.0258749593049
    },
    "spectral_energyband_high": {
        "max": 0.00103220180608,
        "mean": 3.34833821398e-05,
        "min": 3.06223668645e-08,
        "stdev": 0.000100215765997
    },
    "spectral_energyband_low": {
        "max": 0.0913765132427,
        "mean": 0.0056616733782,
        "min": 2.15786599256e-07,
        "stdev": 0.0106616374105
    },
    "spectral_energyband_middle_high": {
        "max": 0.0391995497048,
        "mean": 0.00316743832082,
        "min": 1.77450465344e-06,
        "stdev": 0.00504300650209
    },
    "spectral_energyband_middle_low": {
        "max": 0.14066144824,
        "mean": 0.0151605764404,
        "min": 3.54435940153e-07,
        "stdev": 0.0178465172648
    },
    "spectral_entropy": {
        "max": 7.95834732056,
        "mean": 6.81058073044,
        "min": 5.20123243332,
        "stdev": 0.731108367443
    },
    "spectral_flux": {
        "max": 0.254625797272,
        "mean": 0.049214437604,
        "min": 0.00154643063433,
        "stdev": 0.0414518229663
    },
    "spectral_kurtosis": {
        "max": 83.7095413208,
        "mean": 20.6809844971,
        "min": 1.21909952164,
        "stdev": 19.3020496368
    },
    "spectral_rms": {
        "max": 0.0129840616137,
        "mean": 0.00387655291706,
        "min": 4.83023759443e-05,
        "stdev": 0.00272817723453
    },
    "spectral_rolloff": {
        "max": 3208.44726562,
        "mean": 952.316894531,
        "min": 86.1328125,
        "stdev": 619.577880859
    },
    "spectral_skewness": {
        "max": 7.20677900314,
        "mean": 2.96375060081,
        "min": 0.64532738924,
        "stdev": 1.69503319263
    },
    "spectral_spread": {
        "max": 6934716,
        "mean": 2201033.75,
        "min": 922321.9375,
        "stdev": 760761.8125
    },
    "spectral_strongpeak": {
        "max": 6.50393152237,
        "mean": 0.79178839922,
        "min": 0,
        "stdev": 0.968643128872
    },
    "zerocrossingrate": {
        "max": 0.21337890625,
        "mean": 0.0358771309257,
        "min": 0.0078125,
        "stdev": 0.0209054611623
    },
    "barkbands": {
        "max": [0.00064959138399, 0.0659988895059, 0.0357004106045, 0.032268550247, 0.0393214784563, 0.0717400759459, 0.0155444713309, 0.023784533143, 0.0156097393483, 0.0107786729932, 0.0259410776198, 0.00808735750616, 0.00524333398789, 0.0066063371487, 0.00560919893906, 0.00331900757737, 0.00093433551956, 0.00184061168693, 0.000857819453813, 0.000832807971165, 0.000421299599111, 0.000467919482617, 0.000308399205096, 0.000699583324604, 0.000232515318203, 1.74651324869e-06, 1.82496717116e-06],
        "mean": [4.04189813707e-05, 0.00306976377033, 0.00171250698622, 0.00277858646587, 0.00473549123853, 0.00355126801878, 0.00083061872283, 0.00183472351637, 0.00119267590344, 0.00137384887785, 0.000710982363671, 0.000338743964676, 0.000255490420386, 0.000182566189324, 0.000188515696209, 7.88850811659e-05, 5.39032844245e-05, 4.69082442578e-05, 1.58963357535e-05, 1.21691800814e-05, 1.10040482468e-05, 5.66544485991e-06, 5.01843942402e-06, 5.11629423272e-06, 1.62215053479e-06, 4.00175448334e-09, 4.19051948697e-09],
        "min": [5.72369245333e-08, 1.0706700948e-07, 5.37120143917e-08, 3.54093572241e-08, 8.58345856614e-08, 9.11838071715e-08, 9.5008523715e-08, 3.04867597833e-08, 1.56599302414e-08, 5.85326764835e-09, 6.05323791092e-09, 4.88328311121e-08, 1.69642021319e-07, 2.93531684292e-07, 6.67851338676e-07, 2.75641554026e-07, 1.40529323289e-07, 1.20221102407e-07, 2.93052000444e-08, 2.85391248411e-08, 1.35441222682e-08, 6.62335963852e-10, 3.03632319287e-09, 6.46049380659e-10, 5.39329969573e-10, 5.45499895255e-11, 6.67721850034e-11],
        "stdev": [6.92918620189e-05, 0.00679308036342, 0.00387954921462, 0.00496404059231, 0.00670371111482, 0.00678780628368, 0.00157627731096, 0.00366225279868, 0.00215304316953, 0.00204522488639, 0.00228725210764, 0.000824730843306, 0.000591582094785, 0.000527424912434, 0.000437804294052, 0.000215130858123, 0.000115340364573, 0.000147344791912, 5.0955786719e-05, 5.51186894882e-05, 4.2230636609e-05, 2.96445978165e-05, 2.62578760157e-05, 3.54729054379e-05, 1.3841729924e-05, 7.43852410778e-08, 7.77271509378e-08]
    },
    "erbbands": {
        "max": [1.00394439697, 17.6283893585, 41.5531082153, 48.7739524841, 223.963684082, 123.252601624, 425.951965332, 613.36340332, 263.705200195, 157.076248169, 647.331787109, 428.984191895, 168.506607056, 496.319213867, 941.608581543, 215.178115845, 278.7059021, 109.19720459, 320.31842041, 378.062072754, 132.759231567, 58.2090759277, 74.9066543579, 75.1600723267, 42.4806289673, 31.4695644379, 32.9477233887, 25.4829292297, 27.5904083252, 11.4729623795, 11.4744520187, 24.4962177277, 5.14775896072, 4.04493904114, 0.108924530447, 0.00703725870699, 0.0032312143594, 0.00113972951658, 0.000277571176412, 0.00019129976863],
        "mean": [0.0596547760069, 0.781437516212, 2.23625183105, 4.89360046387, 11.5255050659, 14.2575206757, 35.3166885376, 24.4800338745, 14.3166675568, 14.9672145844, 45.1867027283, 35.6723709106, 25.4425296783, 45.0018196106, 31.8134593964, 12.5693788528, 12.5852060318, 7.26486968994, 11.3090925217, 8.92344379425, 4.41110372543, 3.08524107933, 2.99218010902, 1.09417939186, 0.774765074253, 0.616242289543, 0.518770813942, 0.352524667978, 0.30851444602, 0.163398146629, 0.110866747797, 0.143771961331, 0.0595892965794, 0.0293404459953, 0.00124750146642, 6.93954789313e-05, 1.79934049811e-05, 4.54583368992e-06, 1.16620994959e-05, 2.58889558609e-05],
        "min": [3.96317182094e-06, 2.12766299228e-05, 5.89982555539e-05, 9.91339838947e-05, 0.000172981075593, 0.000314236880513, 0.000463645381387, 0.000853384612128, 0.00138744630385, 0.00103604886681, 0.000621628074441, 0.000388302752981, 0.000142060700455, 0.000300236075418, 0.000335627788445, 0.00276127597317, 0.0073476722464, 0.00852949172258, 0.0360670164227, 0.0263938512653, 0.0107011413202, 0.0085794441402, 0.00778373517096, 0.00198295852169, 0.00198481604457, 0.00130205811001, 0.00066544895526, 0.000364080886357, 4.00801327487e-05, 4.89748563268e-05, 0.000104114180431, 2.19191351789e-05, 8.07854848972e-06, 5.64854644836e-06, 4.24793825005e-06, 5.90522461152e-07, 2.46783656621e-07, 9.33098576184e-08, 2.16930100549e-08, 4.9040473904e-09],
        "stdev": [0.118769824505, 1.81567406654, 5.11999893188, 8.04211330414, 20.7525749207, 20.298084259, 62.8197250366, 50.0456466675, 26.1165771484, 23.1599559784, 96.8682861328, 58.6222877502, 31.1961326599, 80.2889404297, 87.1150436401, 25.9807109833, 30.5830230713, 12.2013282776, 28.8526725769, 26.9295024872, 11.7095937729, 6.72212362289, 8.86076927185, 4.07671260834, 2.68881201744, 2.4323348999, 2.37398076057, 1.81600320339, 1.70405507088, 0.812798976898, 0.705492794514, 1.2230091095, 0.331130176783, 0.242764547467, 0.00672309240326, 0.000385983032174, 0.000139168507303, 4.86226999783e-05, 1.6765015971e-05, 2.89047075057e-05]
    },
    "gfcc": {
        "mean": [-127.84072113, 183.087860107, -139.203018188, 20.386384964, -55.1982841492, 10.8900365829, -30.3974437714, -6.41733932495, -6.47201681137, -20.04454422, 3.73237133026, -18.5262775421, 14.2108268738],
        "cov": [[5907.26269531, 1870.59216309, 917.624938965, -1380.1072998, -113.129699707, -124.292434692, -72.9661483765, -478.175323486, 189.401916504, -651.702392578, -134.313369751, -30.3111591339, -62.2890396118], [1870.59216309, 1264.83349609, 798.497375488, -950.781311035, -6.0552778244, -74.3615264893, 2.52225589752, -168.844360352, 76.7517471313, -314.017944336, -31.0230026245, -23.1281604767, -23.2208156586], [917.624938965, 798.497375488, 1036.81506348, -436.750366211, -59.4234161377, 73.298324585, -22.5156440735, -97.7251968384, 49.4179916382, -206.680343628, -53.446472168, -3.89287924767, 30.2443180084], [-1380.1072998, -950.781311035, -436.750366211, 1060.73339844, 60.5376739502, 25.7141208649, 62.250377655, 125.420692444, -99.5343017578, 244.487731934, 23.1759090424, -13.467092514, 15.5410690308], [-113.129699707, -6.0552778244, -59.4234161377, 60.5376739502, 162.685638428, -8.54779243469, 41.7147674561, 49.1613883972, -24.9402694702, 25.927520752, 22.0294647217, -10.1600456238, -35.2073669434], [-124.292434692, -74.3615264893, 73.298324585, 25.7141208649, -8.54779243469, 156.42388916, 14.9238262177, 31.3562984467, 41.438457489, 11.5011606216, -19.8354949951, 9.17977428436, 15.0229463577], [-72.9661483765, 2.52225589752, -22.5156440735, 62.250377655, 41.7147674561, 14.9238262177, 135.753555298, 59.4176635742, -11.7533941269, 45.7583503723, 11.2215957642, -5.3800573349, 11.8642349243], [-478.175323486, -168.844360352, -97.7251968384, 125.420692444, 49.1613883972, 31.3562984467, 59.4176635742, 156.873352051, -0.842187404633, 75.0649261475, 39.4808769226, -4.15865850449, -14.8232240677], [189.401916504, 76.7517471313, 49.4179916382, -99.5343017578, -24.9402694702, 41.438457489, -11.7533941269, -0.842187404633, 94.2816848755, -23.3799800873, -16.8106365204, 11.7864866257, -12.9700374603], [-651.702392578, -314.017944336, -206.680343628, 244.487731934, 25.927520752, 11.5011606216, 45.7583503723, 75.0649261475, -23.3799800873, 179.072479248, 31.812959671, -6.82155656815, 30.8374176025], [-134.313369751, -31.0230026245, -53.446472168, 23.1759090424, 22.0294647217, -19.8354949951, 11.2215957642, 39.4808769226, -16.8106365204, 31.812959671, 69.487739563, 3.26892876625, -12.8006515503], [-30.3111591339, -23.1281604767, -3.89287924767, -13.467092514, -10.1600456238, 9.17977428436, -5.3800573349, -4.15865850449, 11.7864866257, -6.82155656815, 3.26892876625, 50.5330200195, 19.0713291168], [-62.2890396118, -23.2208156586, 30.2443180084, 15.5410690308, -35.2073669434, 15.0229463577, 11.8642349243, -14.8232240677, -12.9700374603, 30.8374176025, -12.8006515503, 19.0713291168, 85.5795135498]],
        "icov": [[0.000452101987321, -0.00083952175919, 0.000378216442186, -0.000290120573482, 0.000152996944962, -0.000208072844543, -0.000107914034743, 0.000621365790721, -0.000479117734358, 0.000746614881791, -5.3858049796e-05, 0.000222198868869, -0.000156870984938], [-0.00083952175919, 0.0188455991447, -0.00848755333573, 0.0101461391896, -0.00705113261938, 0.0102173760533, -0.0105362003669, 0.00607573334128, -0.00714399572462, 0.00815874524415, -0.00642522843555, 0.0109486924484, -0.00394546659663], [0.000378216442186, -0.00848755333573, 0.00535471457988, -0.00430104043335, 0.00312304520048, -0.00544426357374, 0.00449858978391, -0.0025878243614, 0.00307745602913, -0.00188920449, 0.00255753821693, -0.00380014209077, 0.000406167004257], [-0.000290120573482, 0.0101461391896, -0.00430104043335, 0.0072167464532, -0.00369631755166, 0.00502013182268, -0.00580736994743, 0.00320129678585, -0.0022742417641, 0.00282442197204, -0.002359054517, 0.00558838248253, -0.00125164398924], [0.000152996944962, -0.00705113261938, 0.00312304520048, -0.00369631755166, 0.0111201023683, -0.00404934678227, 0.00213038595393, -0.00377850024961, 0.00576576124877, -0.00448375102133, 0.00275523704477, -0.0054691596888, 0.00622190302238], [-0.000208072844543, 0.0102173760533, -0.00544426357374, 0.00502013182268, -0.00404934678227, 0.0146345365793, -0.00612759869546, 0.00144037161954, -0.00827952567488, 0.00462614698336, -0.00115753640421, 0.00554029550403, -0.00383219867945], [-0.000107914034743, -0.0105362003669, 0.00449858978391, -0.00580736994743, 0.00213038595393, -0.00612759869546, 0.0165670737624, -0.00790061242878, 0.00544633716345, -0.00697220256552, 0.00470282696187, -0.00602335203439, 0.000197746863705], [0.000621365790721, 0.00607573334128, -0.0025878243614, 0.00320129678585, -0.00377850024961, 0.00144037161954, -0.00790061242878, 0.0154747581109, -0.00526630412787, 0.00229301396757, -0.00751530053094, 0.00504219299182, 0.000530234130565], [-0.000479117734358, -0.00714399572462, 0.00307745602913, -0.0022742417641, 0.00576576124877, -0.00827952567488, 0.00544633716345, -0.00526630412787, 0.0212060641497, -0.0076111103408, 0.00766480341554, -0.0108780860901, 0.00872358027846], [0.000746614881791, 0.00815874524415, -0.00188920449, 0.00282442197204, -0.00448375102133, 0.00462614698336, -0.00697220256552, 0.00229301396757, -0.0076111103408, 0.02058156766, -0.00855427701026, 0.011689950712, -0.010835419409], [-5.3858049796e-05, -0.00642522843555, 0.00255753821693, -0.002359054517, 0.00275523704477, -0.00115753640421, 0.00470282696187, -0.00751530053094, 0.00766480341554, -0.00855427701026, 0.0240423362702, -0.00996829010546, 0.00718660233542], [0.000222198868869, 0.0109486924484, -0.00380014209077, 0.00558838248253, -0.0054691596888, 0.00554029550403, -0.00602335203439, 0.00504219299182, -0.0108780860901, 0.011689950712, -0.00996829010546, 0.0334074050188, -0.0128502966836], [-0.000156870984938, -0.00394546659663, 0.000406167004257, -0.00125164398924, 0.00622190302238, -0.00383219867945, 0.000197746863705, 0.000530234130565, 0.00872358027846, -0.010835419409, 0.00718660233542, -0.0128502966836, 0.0230460260063]]
    },
    "melbands": {
        "max": [0.0139418207109, 0.0207823496312, 0.0153490826488, 0.0101009588689, 0.0136303938925, 0.0134046953171, 0.00347544602118, 0.00196606526151, 0.00500927772373, 0.00297303358093, 0.000851722375955, 0.00183318660129, 0.00418001879007, 0.0011754889274, 0.000333742937073, 0.000516280531883, 0.000264417409198, 0.000678021286149, 0.000366442807717, 0.000308227870846, 0.000131254142616, 5.87543327129e-05, 7.89495679783e-05, 7.64840297052e-05, 5.7412617025e-05, 4.41404408775e-05, 2.36725991272e-05, 1.75457425939e-05, 3.17992089549e-05, 5.68402629142e-06, 1.99624246306e-05, 1.74297128979e-05, 5.37198911843e-06, 8.30530370877e-06, 2.62469347945e-06, 3.0281022191e-05, 6.95670087225e-06, 3.65879441233e-06, 5.21947140442e-06, 2.24769337365e-06],
        "mean": [0.000694265996572, 0.00112930301111, 0.00114319601562, 0.000858600717038, 0.00115984049626, 0.000566161237657, 0.0001964335097, 0.000189190002857, 0.000357416516636, 0.000203850708203, 0.000125287173432, 0.000189217375009, 0.000113580215839, 5.09561468789e-05, 1.89467009477e-05, 2.73592777376e-05, 1.19038895718e-05, 1.98860107048e-05, 1.16953278848e-05, 9.26097254705e-06, 4.30417958341e-06, 3.24458778778e-06, 3.00573310597e-06, 1.91364506463e-06, 7.71012253153e-07, 6.80010771248e-07, 4.30341202673e-07, 3.66874644442e-07, 4.0091737219e-07, 1.54179744527e-07, 2.15062073039e-07, 1.72795381559e-07, 9.32977499701e-08, 9.26182437411e-08, 2.64955577478e-08, 1.57472001661e-07, 5.41031148771e-08, 4.66122145326e-08, 3.79015716589e-08, 1.63835149891e-08],
        "min": [3.60576351e-08, 2.98437967672e-08, 1.90128073285e-08, 1.74560899069e-08, 1.61392854636e-08, 1.92989713099e-08, 2.09423145492e-08, 1.0138940354e-08, 4.71566607985e-09, 2.14252793285e-09, 6.3753297086e-10, 1.19680332311e-09, 8.09710076766e-10, 3.44629413895e-09, 1.36729108036e-08, 1.58032467112e-08, 1.47135876816e-08, 5.88751198904e-08, 4.52450450439e-08, 2.59945025505e-08, 9.52722611913e-09, 7.27728277639e-09, 1.06459010496e-08, 4.96379026771e-09, 1.02382735623e-09, 1.52042178847e-09, 1.23685561793e-09, 7.84984910407e-10, 3.35850042221e-10, 4.84852380467e-10, 1.11470575825e-10, 1.963893978e-11, 7.01831301408e-12, 3.38282561685e-11, 7.49605308381e-11, 2.08290173304e-11, 1.07121863463e-11, 5.02351805987e-12, 5.4126828887e-12, 3.91240685682e-12],
        "stdev": [0.00145597325172, 0.00248677749187, 0.00192935299128, 0.00126740685664, 0.00192057597451, 0.00111390429083, 0.000352477858542, 0.000298401282635, 0.000753480591811, 0.000368094828445, 0.00015818994143, 0.000340239523211, 0.000370039255358, 0.000120839977171, 3.80899109587e-05, 6.02689251537e-05, 2.28095814236e-05, 5.87497816014e-05, 2.8337495678e-05, 2.54731203313e-05, 1.23439895106e-05, 6.86181101628e-06, 8.10796882433e-06, 5.90543277212e-06, 3.12106340061e-06, 2.54013139056e-06, 1.59867727234e-06, 1.42149883686e-06, 2.17224874177e-06, 4.44829453272e-07, 1.3857296608e-06, 1.05615310986e-06, 4.11819911506e-07, 5.8074175513e-07, 1.49233827074e-07, 1.52957431965e-06, 3.65690880244e-07, 2.57137088511e-07, 3.12073694886e-07, 1.3589554726e-07]
    },
    "melbands128": {
        "max": [0.000634926254861, 0.00680975988507, 0.0191137976944, 0.0339844413102, 0.0256223939359, 0.0135732404888, 0.00880768336356, 0.0223006103188, 0.02857510373, 0.0103874020278, 0.00660767732188, 0.0169519633055, 0.0202080551535, 0.0264466237277, 0.0204478055239, 0.00347295915708, 0.00608748663217, 0.00467764632776, 0.00163311685901, 0.0028870429378, 0.00324622634798, 0.00544756744057, 0.00855070911348, 0.00375202181749, 0.00376323610544, 0.00561737269163, 0.000548647483811, 0.00173075706698, 0.0018684634706, 0.00354843004607, 0.00173657038249, 0.00313230464235, 0.00851918477565, 0.00089862360619, 0.00230905693024, 0.00108482001815, 0.000275345490081, 9.49099485297e-05, 0.000885680899955, 0.00105342688039, 0.000461716379505, 0.000267558323685, 8.17307154648e-05, 0.000125124002807, 0.00179314205889, 0.000716801267117, 0.000248246389674, 4.88741425215e-05, 0.000755949469749, 0.000932572118472, 0.000468895159429, 0.000309607683448, 0.000337032746756, 7.81470080256e-05, 7.4681447586e-05, 0.000101191988506, 6.37248085695e-05, 0.000104074111732, 0.000103418278741, 0.000151432352141, 2.74688536592e-05, 0.000187535304576, 5.36387633474e-05, 3.51171838702e-05, 2.16821936192e-05, 7.01516983099e-05, 3.41551203746e-05, 7.48381353333e-06, 3.688943616e-05, 4.46576705144e-05, 9.58076088864e-06, 8.05623767519e-06, 5.04428826389e-05, 4.12347690144e-05, 1.58519123943e-05, 4.38004144598e-06, 8.783164958e-06, 1.82400326594e-05, 3.77199794457e-05, 2.72018337455e-06, 3.19024911732e-06, 5.13484847033e-05, 1.48237131725e-05, 2.48623928201e-06, 1.99251462618e-06, 1.8794726202e-05, 5.42709767615e-06, 5.88193586282e-07, 7.15716680588e-07, 1.45493152104e-06, 2.33124410443e-05, 8.29858181532e-05, 1.00626230051e-05, 1.53589940055e-06, 1.98733096113e-06, 8.46208331495e-06, 9.71596455202e-06, 6.33821002793e-07, 3.75347667614e-07, 1.54689296323e-05, 2.12719282899e-06, 1.05807849593e-07, 1.08763089202e-07, 5.5628312623e-08, 1.56405075558e-08, 1.38539846262e-08, 1.32105943962e-08, 1.26365327091e-08, 1.20666783232e-08, 1.15917950794e-08, 1.10996669633e-08, 1.06328474914e-08, 1.01695691868e-08, 9.81385017695e-09, 9.43822620059e-09, 9.15093600895e-09, 8.84130901824e-09, 8.54605541889e-09, 8.30120949757e-09, 8.07502331668e-09, 7.85678455628e-09, 7.71176544845e-09, 7.58061613482e-09, 7.41737737897e-09, 7.31973237578e-09, 7.21940196513e-09, 7.14961290171e-09, 7.10973679929e-09],
        "mean": [3.68773471564e-05, 0.000364583393093, 0.000897767778952, 0.00145464215893, 0.00132726156153, 0.000713398971129, 0.000754763663281, 0.00170537037775, 0.00114572455641, 0.000629865680821, 0.000669525703415, 0.0012622019276, 0.00141370040365, 0.000898720812984, 0.000631069939118, 0.000309517956339, 0.000284690991975, 0.000167270030943, 9.33144328883e-05, 0.000154531997396, 0.000200261813006, 0.000390112836612, 0.000488047604449, 0.000152471693582, 0.000247974239755, 0.000249416683801, 4.73400432384e-05, 0.000120644079288, 0.000132250206661, 0.000294974452117, 0.000153357876115, 8.41744840727e-05, 0.000170936720679, 7.59908289183e-05, 6.7586915975e-05, 4.52280874015e-05, 2.07151879295e-05, 6.90098522682e-06, 2.76269347523e-05, 3.58327088179e-05, 2.72399865935e-05, 1.39023704833e-05, 8.06637581263e-06, 5.765336482e-06, 3.38037607435e-05, 1.6389421944e-05, 1.78362461156e-05, 3.97994062951e-06, 1.58582151926e-05, 1.48457675095e-05, 6.38717438051e-06, 5.64480387766e-06, 5.62522382097e-06, 3.29625891027e-06, 2.72497072729e-06, 4.07199240726e-06, 2.38487973547e-06, 2.62600087808e-06, 3.24051961798e-06, 4.20218020736e-06, 8.55379255427e-07, 1.55509962951e-06, 7.84628582551e-07, 5.13914585554e-07, 7.56548274694e-07, 7.15401711204e-07, 7.04550529917e-07, 2.6803303399e-07, 3.32495346811e-07, 7.45223871945e-07, 2.88206621235e-07, 2.12692739865e-07, 4.32665956396e-07, 5.34475987024e-07, 2.26839830475e-07, 1.1622599061e-07, 1.28856910919e-07, 2.08333005958e-07, 3.45985256445e-07, 5.27171124531e-08, 5.56859909295e-08, 4.07556058235e-07, 9.5318206661e-08, 5.00092589562e-08, 3.49912774311e-08, 1.7785349371e-07, 7.02024962607e-08, 1.58083484081e-08, 1.65660498652e-08, 1.93011295835e-08, 1.13030004911e-07, 3.13189957524e-07, 6.84427519104e-08, 3.13529646689e-08, 1.95722833496e-08, 6.58837535639e-08, 6.50487663734e-08, 1.09249311819e-08, 9.94203919191e-09, 9.62968371709e-08, 1.78137984364e-08, 2.91066926117e-09, 1.55675816682e-09, 1.15285037072e-09, 2.68926630964e-10, 3.24005544616e-11, 3.06848192688e-11, 2.89005191306e-11, 2.75856941456e-11, 2.65257173865e-11, 2.54453871168e-11, 2.43948732742e-11, 2.33105167113e-11, 2.25043508134e-11, 2.16940111708e-11, 2.10360930064e-11, 2.03859897713e-11, 1.96306235156e-11, 1.90818645607e-11, 1.85660532087e-11, 1.80797425642e-11, 1.77443320454e-11, 1.74356761667e-11, 1.70653092352e-11, 1.67450532607e-11, 1.63478050541e-11, 1.61000188875e-11, 1.59975071384e-11],
        "min": [1.84446715679e-08, 3.63543648518e-08, 3.63316345897e-08, 3.49132101007e-08, 3.12036654293e-08, 2.56261536435e-08, 2.01479384287e-08, 1.7061193347e-08, 1.68733329531e-08, 1.78154877517e-08, 1.77830763448e-08, 1.66125815326e-08, 1.54354466986e-08, 1.56761323922e-08, 1.82365571533e-08, 2.16424531629e-08, 2.36320705227e-08, 2.18779412364e-08, 1.68173759363e-08, 1.11286846405e-08, 7.08219571877e-09, 5.51686696326e-09, 4.60910420941e-09, 3.72193609266e-09, 2.79376899393e-09, 1.47342604784e-09, 5.20541554305e-10, 4.75475769868e-10, 7.46997408374e-10, 1.07948028294e-09, 1.44369582955e-09, 1.30305000123e-09, 6.12930983745e-10, 3.76664921475e-10, 1.65290803267e-09, 3.66318042566e-09, 7.19359150025e-09, 1.38618947432e-08, 1.79897163832e-08, 1.72959193634e-08, 1.64701798866e-08, 1.26012205115e-08, 3.58227580932e-09, 1.57245931831e-08, 4.58178135432e-08, 4.19130330442e-08, 3.91452488202e-08, 1.83828952061e-08, 3.18789972198e-08, 3.18532329402e-08, 2.929234455e-08, 1.32793456231e-08, 1.05781081672e-08, 8.76857075838e-09, 3.28464366817e-09, 5.88211079844e-09, 1.04251105526e-08, 1.42123051106e-08, 1.01435544408e-08, 4.59571403155e-09, 6.71889743842e-09, 2.42623188207e-09, 1.11000753034e-09, 4.22863410954e-10, 7.93094756535e-10, 1.96457627943e-09, 1.83427117939e-09, 9.41385858155e-10, 1.49083911882e-09, 8.84708195592e-10, 8.41282710162e-10, 7.72977348795e-10, 3.16508541598e-10, 1.2780984604e-10, 4.91500229405e-10, 6.07563610533e-10, 5.2038989784e-10, 1.42891073973e-10, 7.29227164764e-11, 1.98184853945e-11, 3.1950792706e-11, 1.3995345681e-11, 3.84646741541e-12, 4.48126084851e-12, 7.74641635559e-12, 2.88377117325e-11, 4.26339727411e-11, 4.45980023744e-11, 1.05539466055e-10, 7.62428176149e-11, 1.95481009851e-11, 9.00118521385e-12, 1.13686872416e-11, 1.43021670895e-11, 6.67426877654e-12, 5.60943696007e-12, 4.26454271202e-12, 5.18969632893e-12, 4.9131623249e-12, 6.99229172826e-12, 4.11469729816e-12, 3.25903887211e-12, 2.88922228156e-12, 1.22048014056e-11, 6.26891984504e-12, 2.45770255276e-13, 1.63661740952e-13, 2.26544829987e-13, 3.07552865553e-13, 2.54399528787e-13, 2.44743868184e-13, 2.50431457256e-13, 2.7536932695e-13, 2.35916727776e-13, 2.22263071663e-13, 2.17483054677e-13, 2.10726672657e-13, 2.05926462406e-13, 2.11011031781e-13, 1.96623980661e-13, 2.07052460572e-13, 1.82111351823e-13, 2.07340289144e-13, 1.93306281355e-13, 1.48344010686e-13, 6.42314367384e-14, 8.90690465312e-15, 3.30329085144e-16],
        "stdev": [6.35447358945e-05, 0.000718241673894, 0.00205184775405, 0.00362192327157, 0.00327536393888, 0.00155508099124, 0.00126662082039, 0.00314264046028, 0.00232133548707, 0.00127759261522, 0.00105668278411, 0.00217084796168, 0.00278615392745, 0.00227510393597, 0.00164276862051, 0.000497258151881, 0.000639817968477, 0.000401412398787, 0.000163109361893, 0.000324455148075, 0.000439508701675, 0.000847736606374, 0.00130112236366, 0.000358530960511, 0.000530110904947, 0.000635294010863, 8.04903756944e-05, 0.000251786608715, 0.00026045559207, 0.00060000771191, 0.00031545892125, 0.000287672010018, 0.000735899491701, 0.000131886030431, 0.000218398927245, 0.000129687789013, 4.08951600548e-05, 1.20466092994e-05, 8.50340802572e-05, 0.000108433938294, 5.73788638576e-05, 3.13107047987e-05, 1.11534609459e-05, 1.0779652257e-05, 0.000133939756779, 4.92186227348e-05, 3.4780074202e-05, 7.5467401075e-06, 5.6688553741e-05, 6.08427981206e-05, 2.23158749577e-05, 1.82544681593e-05, 2.54165970546e-05, 7.5793641372e-06, 5.78404387852e-06, 1.06787729237e-05, 6.90397700964e-06, 1.00586548797e-05, 1.03996253529e-05, 1.63466957019e-05, 2.11674387174e-06, 9.51683432504e-06, 3.29844488078e-06, 1.77495439857e-06, 2.17993510887e-06, 3.61452430298e-06, 2.69383644991e-06, 6.31100476767e-07, 1.76166099664e-06, 3.68757628166e-06, 7.97226050508e-07, 5.58102158266e-07, 3.2960522276e-06, 2.88333467324e-06, 1.02261913071e-06, 3.31940043452e-07, 5.45647935724e-07, 1.25181077237e-06, 2.5983638352e-06, 1.99982622462e-07, 1.90524730215e-07, 3.04841250909e-06, 7.21258402336e-07, 1.86500102473e-07, 1.29671633431e-07, 1.26653969801e-06, 4.13881735994e-07, 4.61362752446e-08, 5.44182370277e-08, 8.83827553366e-08, 1.21356833915e-06, 4.01399665861e-06, 5.41014628652e-07, 1.47779928739e-07, 1.05478406454e-07, 4.31006725421e-07, 5.58718113552e-07, 4.66000180666e-08, 3.03291862735e-08, 9.0679236564e-07, 1.39795361065e-07, 8.89456153175e-09, 4.79286965671e-09, 2.50168441518e-09, 9.06290265057e-10, 5.90070936557e-10, 5.62637936241e-10, 5.38198152711e-10, 5.13929121482e-10, 4.93702245752e-10, 4.72741068513e-10, 4.52859333366e-10, 4.33131086552e-10, 4.17980067224e-10, 4.01980643217e-10, 3.89743959328e-10, 3.7655498164e-10, 3.63984314911e-10, 3.53555656973e-10, 3.439223073e-10, 3.34627298093e-10, 3.28450322495e-10, 3.22864318614e-10, 3.15912462856e-10, 3.11757591964e-10, 3.07491782037e-10, 3.04523239958e-10, 3.02825375886e-10]
    },
    "mfcc": {
        "mean": [-757.932983398, 196.698776245, -11.7317504883, 9.21371078491, 5.23751115799, 3.19777297974, -0.956579387188, 1.37390434742, 1.65268778801, 0.166332811117, -8.18613243103, -1.92588198185, -4.82110881805],
        "cov": [[4859.64941406, 1833.63330078, 354.426300049, -688.280090332, -80.9901657104, -49.9736022949, -339.132293701, 169.525436401, -152.914505005, -156.076583862, -231.076843262, -197.140335083, -215.773330688], [1833.63330078, 2218.95605469, 749.358276367, -867.02154541, -9.55466651917, -146.776489258, -216.131378174, 150.717285156, -90.6664352417, -113.117897034, -123.791267395, -162.796707153, -118.229637146], [354.426300049, 749.358276367, 865.847412109, -249.92036438, 59.1093254089, 34.5457420349, -85.5276412964, 69.1728363037, 30.5340862274, -52.5246162415, -96.372833252, -93.1292724609, -39.7702827454], [-688.280090332, -867.02154541, -249.92036438, 641.088806152, 21.7088241577, 53.5023956299, 182.327758789, -68.6861572266, 22.5535926819, 48.3723907471, 49.4901657104, 76.982460022, 48.9251480103], [-80.9901657104, -9.55466651917, 59.1093254089, 21.7088241577, 121.639175415, 20.556558609, -0.531219959259, 24.3252410889, -2.86378979683, 0.441181272268, 11.181306839, 2.02206969261, -14.0572977066], [-49.9736022949, -146.776489258, 34.5457420349, 53.5023956299, 20.556558609, 114.847930908, 6.76398277283, -6.08298206329, 37.6262016296, 0.542928636074, -14.3919305801, -7.33638811111, 18.8439006805], [-339.132293701, -216.131378174, -85.5276412964, 182.327758789, -0.531219959259, 6.76398277283, 179.246307373, -9.39082336426, 30.9742012024, 35.7098960876, 48.6467208862, 33.9665260315, 22.0506153107], [169.525436401, 150.717285156, 69.1728363037, -68.6861572266, 24.3252410889, -6.08298206329, -9.39082336426, 123.294387817, -2.76656556129, 6.75330257416, 13.1742744446, -13.1000032425, -9.37120914459], [-152.914505005, -90.6664352417, 30.5340862274, 22.5535926819, -2.86378979683, 37.6262016296, 30.9742012024, -2.76656556129, 111.415847778, 11.6207103729, 15.8462085724, -3.32798600197, 21.8434867859], [-156.076583862, -113.117897034, -52.5246162415, 48.3723907471, 0.441181272268, 0.542928636074, 35.7098960876, 6.75330257416, 11.6207103729, 79.563041687, 41.249458313, 28.3550491333, 19.3732013702], [-231.076843262, -123.791267395, -96.372833252, 49.4901657104, 11.181306839, -14.3919305801, 48.6467208862, 13.1742744446, 15.8462085724, 41.249458313, 97.38697052, 34.4125404358, 13.5813274384], [-197.140335083, -162.796707153, -93.1292724609, 76.982460022, 2.02206969261, -7.33638811111, 33.9665260315, -13.1000032425, -3.32798600197, 28.3550491333, 34.4125404358, 71.0252304077, 6.8712348938], [-215.773330688, -118.229637146, -39.7702827454, 48.9251480103, -14.0572977066, 18.8439006805, 22.0506153107, -9.37120914459, 21.8434867859, 19.3732013702, 13.5813274384, 6.8712348938, 74.4042053223]],
        "icov": [[0.000419836491346, -0.000442966993432, 0.000304016721202, -0.000284974084934, 0.000365926156519, -0.000530836638063, 0.00044671507203, -0.000376007781597, 4.92995277455e-05, -0.000117333322123, 0.000417494622525, 0.000278594408883, 0.000801510177553], [-0.000442966993432, 0.00203556101769, -0.00117098249029, 0.00193786551245, -0.000241100176936, 0.0018053491367, -0.00122009811457, -7.57368470659e-05, 0.00077641394455, 0.000517140666489, -0.000152543885633, 0.000513815437444, -0.000483163836179], [0.000304016721202, -0.00117098249029, 0.00236558774486, -0.000625616696198, -0.000703463505488, -0.00121951836627, 0.000561869062949, -0.000582389417104, -0.00113644264638, -0.000409833883168, 0.00159214180894, 0.000727401347831, 0.000715401838534], [-0.000284974084934, 0.00193786551245, -0.000625616696198, 0.00472935428843, -0.000951720750891, 0.000530211138539, -0.00350641738623, 0.000754184904508, 0.00121269992087, 0.000390688801417, 0.000611316063441, -0.000708378502168, -0.000875207420904], [0.000365926156519, -0.000241100176936, -0.000703463505488, -0.000951720750891, 0.0103975851089, -0.00270093092695, 0.00103630137164, -0.00200842623599, 0.00121259619482, 0.000490804144647, -0.0022323729936, -0.000212660510442, 0.00295961322263], [-0.000530836638063, 0.0018053491367, -0.00121951836627, 0.000530211138539, -0.00270093092695, 0.0133778396994, -0.000425802078098, 0.00019623330445, -0.00323768472299, -3.12050069624e-05, 0.00261528859846, 0.00107686081901, -0.00303689530119], [0.00044671507203, -0.00122009811457, 0.000561869062949, -0.00350641738623, 0.00103630137164, -0.000425802078098, 0.0100450767204, -0.000596963160206, -0.00214695627801, -0.00128327286802, -0.00227225408889, -0.000556611164939, 0.000644789601211], [-0.000376007781597, -7.57368470659e-05, -0.000582389417104, 0.000754184904508, -0.00200842623599, 0.00019623330445, -0.000596963160206, 0.0103164473549, 0.000370537367417, -0.00133158825338, -0.00271431123838, 0.00136664567981, -0.000363693688996], [4.92995277455e-05, 0.00077641394455, -0.00113644264638, 0.00121269992087, 0.00121259619482, -0.00323768472299, -0.00214695627801, 0.000370537367417, 0.0122124673799, -3.39174148394e-05, -0.0026429949794, 0.0018554556882, -0.00156153342687], [-0.000117333322123, 0.000517140666489, -0.000409833883168, 0.000390688801417, 0.000490804144647, -3.12050069624e-05, -0.00128327286802, -0.00133158825338, -3.39174148394e-05, 0.0182280987501, -0.0052768131718, -0.00417541991919, -0.00306868832558], [0.000417494622525, -0.000152543885633, 0.00159214180894, 0.000611316063441, -0.0022323729936, 0.00261528859846, -0.00227225408889, -0.00271431123838, -0.0026429949794, -0.0052768131718, 0.0185177419335, -0.00381470005959, -0.000213129955227], [0.000278594408883, 0.000513815437444, 0.000727401347831, -0.000708378502168, -0.000212660510442, 0.00107686081901, -0.000556611164939, 0.00136664567981, 0.0018554556882, -0.00417541991919, -0.00381470005959, 0.0218227077276, 0.0017266276991], [0.000801510177553, -0.000483163836179, 0.000715401838534, -0.000875207420904, 0.00295961322263, -0.00303689530119, 0.000644789601211, -0.000363693688996, -0.00156153342687, -0.00306868832558, -0.000213129955227, 0.0017266276991, 0.0181829333305]]
    },
    "spectral_contrast_coeffs": {
        "max": [-0.434700995684, -0.499438554049, -0.544546067715, -0.652364313602, -0.67293548584, -0.645405769348],
        "mean": [-0.707832813263, -0.761224210262, -0.746787548065, -0.799482703209, -0.816141605377, -0.80271756649],
        "min": [-0.916282892227, -0.938663482666, -0.926490306854, -0.918687105179, -0.904823899269, -0.911578655243],
        "stdev": [0.096904322505, 0.0915106683969, 0.0927900969982, 0.0633388087153, 0.0464660674334, 0.0433392263949]
    },
    "spectral_contrast_valleys": {
        "max": [-4.71015405655, -5.10479068756, -6.23676919937, -6.40654182434, -6.8055896759, -10.1655378342],
        "mean": [-6.98644924164, -7.02668428421, -7.80244779587, -8.33659934998, -9.05206871033, -12.164683342],
        "min": [-10.978978157, -10.6241941452, -11.6743879318, -10.0530414581, -11.0405330658, -14.9496250153],
        "stdev": [1.06672155857, 0.941747128963, 0.754652321339, 0.617245316505, 0.660835444927, 0.398604512215]
    }
},
"rhythm": {
    "beats_count": 37,
    "beats_loudness": {
        "max": 0.126163363457,
        "mean": 0.0271975509822,
        "min": 0.00026738239103,
        "stdev": 0.0289769507945
    },
    "bpm": 178.205871582,
    "bpm_histogram_first_peak_bpm": 178,
    "bpm_histogram_first_peak_weight": 0,
    "bpm_histogram_second_peak_bpm": 172,
    "bpm_histogram_second_peak_spread": 0,
    "bpm_histogram_second_peak_weight": 0.25,
    "danceability": 0.782975554466,
    "onset_rate": 1.64584994316,
    "beats_loudness_band_ratio": {
        "max": [0.848726689816, 0.754848480225, 0.646044313908, 0.324481993914, 0.459716171026, 0.0513241589069],
        "mean": [0.372305780649, 0.313620299101, 0.192385137081, 0.10914876312, 0.0611957199872, 0.01284789294],
        "min": [0.0675650313497, 0.036573920399, 0.00564353307709, 0.00574785610661, 0.00092907238286, 6.93021938787e-05],
        "stdev": [0.218492925167, 0.185500234365, 0.128562346101, 0.0857581198215, 0.106559127569, 0.0175559539348]
    },
    "beats_position": [0.336689323187, 0.684988677502, 1.02167797089, 1.35836732388, 1.69505667686, 2.03174591064, 2.36843538284, 2.70512461662, 3.04181408882, 3.3785033226, 3.7151927948, 4.04027223587, 4.3653512001, 4.69043064117, 5.01551008224, 5.35219955444, 5.6888885498, 6.025578022, 6.3622674942, 6.6989569664, 7.03564596176, 7.36072540283, 7.69741487503, 8.04571437836, 8.39401340485, 8.74231243134, 9.0906124115, 9.43891143799, 9.77560043335, 10.1239004135, 10.4605894089, 10.8204984665, 11.1687984467, 11.5170974731, 11.8537864685, 12.1904764175, 12.5271654129],
