{
"metadata": {
    "version": {
        "essentia": "2.1-beta5",
        "essentia_git_sha": "Undefined",
        "extractor": "music 2.0"
    },
    "audio_properties": {
        "analysis": {
            "equal_loudness": 0,
            "length": 32.4963264465,
            "sample_rate": 44100,
            "start_time": 93.9943771362,
            "downmix": "mix"
        },
        "bit_rate": 192000,
        "length": 152.682815552,
        "lossless": 0,
        "number_channels": 2,
        "replay_gain": -7.29313659668,
        "sample_rate": 48000,
        "codec": "mp3",
        "md5_encoded": "a2758f6bcd374809729c912c8ee7578c"
    },
    "tags": {
        "file_name": "United KingdomUK_Congratulations_Cliff Richard.mp3",
        "encoding": ["Lavf58.29.100"]
    }
},
"lowlevel": {
    "average_loudness": 0.965240836143,
    "barkbands_crest": {
        "max": 25.6321907043,
        "mean": 8.82338905334,
        "min": 3.14113998413,
        "stdev": 3.3410551548
    },
    "barkbands_flatness_db": {
        "max": 0.373831838369,
        "mean": 0.184879213572,
        "min": 0.0733977779746,
        "stdev": 0.0297212395817
    },
    "barkbands_kurtosis": {
        "max": 68.9300537109,
        "mean": 1.4508125782,
        "min": -1.75167047977,
        "stdev": 3.67261600494
    },
    "barkbands_skewness": {
        "max": 7.3914232254,
        "mean": 0.91012442112,
        "min": -1.32483613491,
        "stdev": 0.806856036186
    },
    "barkbands_spread": {
        "max": 55.297088623,
        "mean": 16.0187931061,
        "min": 1.04037761688,
        "stdev": 7.33061218262
    },
    "dissonance": {
        "max": 0.5,
        "mean": 0.461181551218,
        "min": 0.2231297791,
        "stdev": 0.0262942705303
    },
    "dynamic_complexity": 1.93923950195,
    "erbbands_crest": {
        "max": 31.5395431519,
        "mean": 9.92848777771,
        "min": 3.21537470818,
        "stdev": 4.28726148605
    },
    "erbbands_flatness_db": {
        "max": 0.385507047176,
        "mean": 0.237976655364,
        "min": 0.145561784506,
        "stdev": 0.0299065951258
    },
    "erbbands_kurtosis": {
        "max": 22.3191299438,
        "mean": 0.230034157634,
        "min": -1.75972890854,
        "stdev": 1.68483293056
    },
    "erbbands_skewness": {
        "max": 4.62621498108,
        "mean": 0.278252035379,
        "min": -2.15814256668,
        "stdev": 0.631734311581
    },
    "erbbands_spread": {
        "max": 67.0010299683,
        "mean": 25.8936977386,
        "min": 4.74489116669,
        "stdev": 11.1471185684
    },
    "hfc": {
        "max": 84.3739852905,
        "mean": 23.6018161774,
        "min": 0.192031934857,
        "stdev": 13.5420732498
    },
    "loudness_ebu128": {
        "integrated": -15.8952331543,
        "loudness_range": 1.24141407013,
        "momentary": {
            "max": -12.5603075027,
            "mean": -16.1549091339,
            "min": -25.811504364,
            "stdev": 1.63667333126
        },
        "short_term": {
            "max": -14.8302125931,
            "mean": -15.9064359665,
            "min": -16.9186630249,
            "stdev": 0.430212020874
        }
    },
    "melbands_crest": {
        "max": 33.1259040833,
        "mean": 11.5042724609,
        "min": 3.81284570694,
        "stdev": 4.21328449249
    },
    "melbands_flatness_db": {
        "max": 0.40394988656,
        "mean": 0.202157586813,
        "min": 0.0618575848639,
        "stdev": 0.0433762334287
    },
    "melbands_kurtosis": {
        "max": 99.6520385742,
        "mean": 4.1616230011,
        "min": -1.3973801136,
        "stdev": 5.9505147934
    },
    "melbands_skewness": {
        "max": 7.37227869034,
        "mean": 1.47122561932,
        "min": -1.51143479347,
        "stdev": 0.980367064476
    },
    "melbands_spread": {
        "max": 127.404510498,
        "mean": 22.4435939789,
        "min": 1.21545994282,
        "stdev": 11.2923812866
    },
    "pitch_salience": {
        "max": 0.87468546629,
        "mean": 0.608529925346,
        "min": 0.176438823342,
        "stdev": 0.088331438601
    },
    "silence_rate_20dB": {
        "max": 1,
        "mean": 1,
        "min": 1,
        "stdev": 0
    },
    "silence_rate_30dB": {
        "max": 1,
        "mean": 1,
        "min": 1,
        "stdev": 0
    },
    "silence_rate_60dB": {
        "max": 1,
        "mean": 0.00713775865734,
        "min": 0,
        "stdev": 0.0841820836067
    },
    "spectral_centroid": {
        "max": 3955.47216797,
        "mean": 1207.4329834,
        "min": 371.267547607,
        "stdev": 449.594360352
    },
    "spectral_complexity": {
        "max": 47,
        "mean": 23.0585289001,
        "min": 0,
        "stdev": 6.88009548187
    },
    "spectral_decrease": {
        "max": -5.78662603945e-11,
        "mean": -7.19953474615e-09,
        "min": -2.38293296206e-08,
        "stdev": 3.72294861606e-09
    },
    "spectral_energy": {
        "max": 0.0937645211816,
        "mean": 0.0293134897947,
        "min": 0.000235818763031,
        "stdev": 0.0149902673438
    },
    "spectral_energyband_high": {
        "max": 0.0146277733147,
        "mean": 0.000305171852233,
        "min": 1.29338593524e-06,
        "stdev": 0.000717112736311
    },
    "spectral_energyband_low": {
        "max": 0.0366699025035,
        "mean": 0.00335493939929,
        "min": 1.03387119452e-05,
        "stdev": 0.00432347040623
    },
    "spectral_energyband_middle_high": {
        "max": 0.0562052763999,
        "mean": 0.00962747260928,
        "min": 7.85136944614e-05,
        "stdev": 0.0081884264946
    },
    "spectral_energyband_middle_low": {
        "max": 0.0922324582934,
        "mean": 0.0168402194977,
        "min": 0.00014968153846,
        "stdev": 0.0118889771402
    },
    "spectral_entropy": {
        "max": 8.28420066833,
        "mean": 7.32538414001,
        "min": 5.70959329605,
        "stdev": 0.250837147236
    },
    "spectral_flux": {
        "max": 0.22055144608,
        "mean": 0.0923433452845,
        "min": 0.0175656303763,
        "stdev": 0.0309269223362
    },
    "spectral_kurtosis": {
        "max": 26.6462059021,
        "mean": 5.88262844086,
        "min": -0.354169368744,
        "stdev": 3.78570532799
    },
    "spectral_rms": {
        "max": 0.00956439133734,
        "mean": 0.00515338219702,
        "min": 0.000479653099319,
        "stdev": 0.00142869574483
    },
    "spectral_rolloff": {
        "max": 5275.63476562,
        "mean": 1404.2232666,
        "min": 279.931640625,
        "stdev": 668.559814453
    },
    "spectral_skewness": {
        "max": 4.18341445923,
        "mean": 1.50323724747,
        "min": 0.0163397230208,
        "stdev": 0.488230317831
    },
    "spectral_spread": {
        "max": 18641676,
        "mean": 2681288.75,
        "min": 1622412.75,
        "stdev": 636050.1875
    },
    "spectral_strongpeak": {
        "max": 7.87534284592,
        "mean": 1.54453468323,
        "min": 0.0162185803056,
        "stdev": 1.36250126362
    },
    "zerocrossingrate": {
        "max": 0.17822265625,
        "mean": 0.0495771020651,
        "min": 0.0126953125,
        "stdev": 0.0167110618204
    },
    "barkbands": {
        "max": [0.00038349168608, 0.0145281236619, 0.0307891778648, 0.0211137738079, 0.0447777025402, 0.038337662816, 0.0879524350166, 0.0306135769933, 0.0661219581962, 0.0330549776554, 0.0437452197075, 0.0244645085186, 0.0213012937456, 0.019839707762, 0.0129458401352, 0.00746727967635, 0.00507665425539, 0.00279419776052, 0.00370178790763, 0.00527170719579, 0.00813851878047, 0.0014956605155, 0.00136538140941, 0.00037545178202, 8.10926430859e-05, 2.10214398066e-06, 2.19537514567e-06],
        "mean": [2.18331824726e-05, 0.00092029402731, 0.00183937174734, 0.0013357718708, 0.00376802170649, 0.00236004870385, 0.00392819894478, 0.00161786179524, 0.00338386371732, 0.00204222230241, 0.00152898603119, 0.000967959349509, 0.00108003837522, 0.00113311421592, 0.00118230679072, 0.000674649258144, 0.000428030645708, 0.000375164265279, 0.000319297105307, 0.00021650751296, 0.000112096880912, 3.75857562176e-05, 2.63109886873e-05, 1.210856135e-05, 1.84625059774e-06, 2.47096898498e-09, 2.60067078983e-09],
        "min": [1.70766067953e-08, 2.29817237596e-06, 1.88822036762e-06, 4.26392762165e-06, 1.68563019542e-05, 1.74814413185e-05, 2.7124197004e-05, 1.82002149813e-05, 1.51069207277e-05, 1.33122284751e-05, 2.84928523797e-06, 4.08432561017e-06, 1.93547384697e-06, 5.556598353e-06, 4.25716325481e-06, 1.01371165329e-06, 1.06989352844e-06, 2.17318211071e-06, 1.68341364315e-06, 5.33546028691e-07, 2.95390890415e-07, 1.6164405281e-07, 1.58446496812e-07, 9.57716395078e-08, 3.28287725893e-08, 2.04072991145e-11, 2.77344137239e-11],
        "stdev": [2.70973851002e-05, 0.00139716360718, 0.00300921243615, 0.002092580311, 0.00447383057326, 0.00326163717546, 0.00691208522767, 0.00290058972314, 0.0061297127977, 0.00345649034716, 0.0035234617535, 0.00202553695999, 0.00193756713998, 0.00204417132773, 0.00164637109265, 0.000937438278925, 0.000515110441484, 0.000363165629096, 0.0003545867512, 0.000358516146662, 0.00035439353087, 8.6498548626e-05, 6.44462415949e-05, 2.32832317124e-05, 4.74572607345e-06, 5.61536168675e-08, 5.86441899486e-08]
    },
    "erbbands": {
        "max": [0.236286997795, 4.24443483353, 23.4544010162, 38.5076141357, 84.0700759888, 209.904602051, 355.362121582, 362.018218994, 1489.77246094, 621.424438477, 705.361755371, 1736.76611328, 1072.00744629, 1384.03259277, 2225.64477539, 1161.20410156, 1078.64282227, 808.818115234, 769.538452148, 766.941955566, 373.985961914, 268.895019531, 191.705749512, 209.00227356, 238.839187622, 224.710357666, 549.057678223, 158.347259521, 54.1023826599, 49.1040000916, 33.729888916, 11.014752388, 4.9449467659, 1.71981692314, 0.075704343617, 0.00848597008735, 0.00388281350024, 0.0013732140651, 0.000315677258186, 0.000105141094537],
        "mean": [0.0149747645482, 0.268347531557, 1.8062286377, 3.46056461334, 8.08737564087, 14.8863363266, 12.8832406998, 23.4238204956, 57.363494873, 39.5195465088, 42.2540969849, 81.9695892334, 55.6439208984, 73.6401977539, 60.6911087036, 42.1562576294, 48.4461669922, 51.1912078857, 69.4330825806, 49.0654945374, 35.4990196228, 23.0972290039, 21.2334785461, 19.2681846619, 14.0742311478, 10.3200273514, 7.14204692841, 2.74645876884, 1.36630856991, 1.03188478947, 0.688250660896, 0.350421667099, 0.156091943383, 0.0433441400528, 0.0018579585012, 0.000101586025266, 2.45724222623e-05, 7.25715153749e-06, 1.64738612511e-05, 3.47788809449e-05],
        "min": [0.000140877513331, 0.000691480061505, 0.00247767963447, 0.0142318801954, 0.0358282290399, 0.0534369051456, 0.0894443541765, 0.176366433501, 0.220719888806, 0.415057063103, 0.463242441416, 0.30928170681, 0.594401657581, 0.31543558836, 0.286825597286, 0.194229766726, 0.120876379311, 0.326251029968, 0.589862048626, 0.128480419517, 0.0488990209997, 0.0604174472392, 0.0838728100061, 0.125065773726, 0.0511677078903, 0.0325719974935, 0.0146013470367, 0.0098785366863, 0.00575996283442, 0.00464090472087, 0.00436825398356, 0.00272995536216, 0.00129417877179, 0.000647700217087, 7.16645590728e-05, 3.30738998855e-06, 5.39886684692e-07, 1.05276029672e-07, 3.97155758947e-07, 8.85248027771e-07],
        "stdev": [0.0190735049546, 0.41620054841, 2.76711368561, 4.75887393951, 9.76749134064, 20.2730522156, 19.3766956329, 32.6602745056, 109.151519775, 60.1686782837, 67.6679382324, 160.219390869, 85.4568252563, 136.292144775, 145.404968262, 86.0501098633, 84.2968444824, 83.5164718628, 91.1489715576, 68.528213501, 48.0108032227, 26.1251468658, 20.5180015564, 19.1181812286, 17.9489212036, 16.2962055206, 21.30534935, 7.60353088379, 3.12200546265, 2.68400883675, 1.62936246395, 0.661304056644, 0.318115562201, 0.105706892908, 0.00401063868776, 0.000271272467216, 0.000104901570012, 3.68755827367e-05, 1.13014784802e-05, 1.74380165845e-05]
    },
    "gfcc": {
        "mean": [-24.4908485413, 158.342910767, -178.711746216, 36.8908119202, -66.799621582, -2.25865483284, -29.6050662994, -11.4715490341, -3.7513756752, -23.3678798676, 6.58747959137, -25.94672966, 4.59978199005],
        "cov": [[1400.72900391, -350.806976318, -247.210922241, 141.974914551, -93.0794448853, 74.4928894043, 36.2862510681, 50.9504737854, 31.0004768372, -31.6753349304, -30.7273235321, -44.1579818726, -20.9852657318], [-350.806976318, 480.435760498, 189.368392944, -97.9087295532, 157.713226318, -102.646217346, 34.3645439148, -20.032491684, 20.5382537842, -25.748872757, 1.59885621071, -23.10597229, -28.8071899414], [-247.210922241, 189.368392944, 327.858520508, 94.2980728149, 1.42166650295, -60.082611084, -54.5956916809, 5.67198467255, 2.28749799728, 8.7281255722, -9.07765293121, 3.71878409386, -6.19025325775], [141.974914551, -97.9087295532, 94.2980728149, 316.648406982, 10.682302475, -52.2747306824, -41.2310714722, 4.12215423584, 10.8042058945, 4.55840682983, -31.6467990875, 26.4491214752, 28.870016098], [-93.0794448853, 157.713226318, 1.42166650295, 10.682302475, 194.557785034, 15.4401855469, 43.5796279907, 2.80449175835, 10.2382173538, -13.9540948868, -15.1541042328, -11.3966779709, -0.249234184623], [74.4928894043, -102.646217346, -60.082611084, -52.2747306824, 15.4401855469, 244.850372314, 94.790222168, 14.2598676682, -35.474319458, 4.29902744293, 3.70267081261, -28.0821399689, -9.27328777313], [36.2862510681, 34.3645439148, -54.5956916809, -41.2310714722, 43.5796279907, 94.790222168, 167.151702881, 30.3505687714, -12.9507761002, -10.6914873123, -7.70158052444, -23.113445282, -18.1469345093], [50.9504737854, -20.032491684, 5.67198467255, 4.12215423584, 2.80449175835, 14.2598676682, 30.3505687714, 87.630531311, 29.4419841766, -2.61820054054, -4.96990394592, -9.15446949005, -1.60923862457], [31.0004768372, 20.5382537842, 2.28749799728, 10.8042058945, 10.2382173538, -35.474319458, -12.9507761002, 29.4419841766, 85.6528320312, 24.0767917633, -7.63537740707, -2.20250606537, -1.6570340395], [-31.6753349304, -25.748872757, 8.7281255722, 4.55840682983, -13.9540948868, 4.29902744293, -10.6914873123, -2.61820054054, 24.0767917633, 58.4664459229, 19.0576915741, 0.0974065735936, 3.98096680641], [-30.7273235321, 1.59885621071, -9.07765293121, -31.6467990875, -15.1541042328, 3.70267081261, -7.70158052444, -4.96990394592, -7.63537740707, 19.0576915741, 61.4903831482, 20.7153511047, -14.2632703781], [-44.1579818726, -23.10597229, 3.71878409386, 26.4491214752, -11.3966779709, -28.0821399689, -23.113445282, -9.15446949005, -2.20250606537, 0.0974065735936, 20.7153511047, 75.3303604126, 36.2254371643], [-20.9852657318, -28.8071899414, -6.19025325775, 28.870016098, -0.249234184623, -9.27328777313, -18.1469345093, -1.60923862457, -1.6570340395, 3.98096680641, -14.2632703781, 36.2254371643, 72.2806777954]],
        "icov": [[0.00115790835116, 0.000104876198748, 0.000989587395452, -0.000978854834102, 0.000704810081515, -0.000326732115354, 5.58645865567e-07, -0.000235155806877, -0.000841470435262, 0.00124279456213, -0.000383687351132, 0.000963111466262, 0.00016296764079], [0.000104876198748, 0.0166810434312, -0.0126903587952, 0.00838646385819, -0.0117465863004, 0.00880530290306, -0.00909339915961, 0.00952393934131, -0.00825179275125, 0.0110065247864, -0.0100987162441, 0.00789062585682, -0.0054824585095], [0.000989587395452, -0.0126903587952, 0.0143653806299, -0.00815394241363, 0.00925543997437, -0.00645887386054, 0.00813653878868, -0.00871840678155, 0.00703431945294, -0.00893396418542, 0.00875260867178, -0.00584096368402, 0.00607648165897], [-0.000978854834102, 0.00838646385819, -0.00815394241363, 0.0091845151037, -0.00700306752697, 0.00510001927614, -0.00400949874893, 0.00431034574285, -0.00268475152552, 0.0028220594395, -0.00144024391193, 0.000831026700325, -0.00250673457049], [0.000704810081515, -0.0117465863004, 0.00925543997437, -0.00700306752697, 0.0147086484358, -0.0065909139812, 0.00447023706511, -0.00543541135266, 0.00301835103892, -0.00447498820722, 0.00613761693239, -0.00356955709867, 0.00263507361524], [-0.000326732115354, 0.00880530290306, -0.00645887386054, 0.00510001927614, -0.0065909139812, 0.0108383083716, -0.0075190695934, 0.00405607605353, -0.000993466819637, 0.00309040374123, -0.00534749776125, 0.00542110390961, -0.00357053498738], [5.58645865567e-07, -0.00909339915961, 0.00813653878868, -0.00400949874893, 0.00447023706511, -0.0075190695934, 0.0145888421685, -0.00884980522096, 0.00672439858317, -0.00690027000383, 0.00830479990691, -0.00553960539401, 0.00614005653188], [-0.000235155806877, 0.00952393934131, -0.00871840678155, 0.00431034574285, -0.00543541135266, 0.00405607605353, -0.00884980522096, 0.0215545594692, -0.0130814444274, 0.0118733113632, -0.00996146164834, 0.00794555991888, -0.00688283191994], [-0.000841470435262, -0.00825179275125, 0.00703431945294, -0.00268475152552, 0.00301835103892, -0.000993466819637, 0.00672439858317, -0.0130814444274, 0.0254006963223, -0.0190907847136, 0.0140659883618, -0.00897531118244, 0.00832934118807], [0.00124279456213, 0.0110065247864, -0.00893396418542, 0.0028220594395, -0.00447498820722, 0.00309040374123, -0.00690027000383, 0.0118733113632, -0.0190907847136, 0.0379393585026, -0.0230286438018, 0.015324678272, -0.0129837486893], [-0.000383687351132, -0.0100987162441, 0.00875260867178, -0.00144024391193, 0.00613761693239, -0.00534749776125, 0.00830479990691, -0.00996146164834, 0.0140659883618, -0.0230286438018, 0.0400058366358, -0.0228226538748, 0.0193104054779], [0.000963111466262, 0.00789062585682, -0.00584096368402, 0.000831026700325, -0.00356955709867, 0.00542110390961, -0.00553960539401, 0.00794555991888, -0.00897531118244, 0.015324678272, -0.0228226538748, 0.0325117148459, -0.0197860039771], [0.00016296764079, -0.0054824585095, 0.00607648165897, -0.00250673457049, 0.00263507361524, -0.00357053498738, 0.00614005653188, -0.00688283191994, 0.00832934118807, -0.0129837486893, 0.0193104054779, -0.0197860039771, 0.0287910886109]]
    },
    "melbands": {
        "max": [0.00233162683435, 0.00857486948371, 0.00714473053813, 0.0103925252333, 0.0101395593956, 0.00777185242623, 0.0212488118559, 0.00600203312933, 0.00598804699257, 0.00929876137525, 0.00546445185319, 0.00594178773463, 0.00672161113471, 0.00372933410108, 0.00191379361786, 0.00249921740033, 0.00187870021909, 0.00155098165851, 0.00109247444198, 0.000797133368906, 0.000589311413933, 0.000323053158354, 0.000234425184317, 0.000154470370035, 0.000210541824345, 0.000192937193788, 0.000156424226589, 0.00018147614901, 0.000365106010577, 0.000232351347222, 5.27921438334e-05, 2.87154307443e-05, 3.12834599754e-05, 2.77189064946e-05, 2.44636084972e-05, 8.76386911841e-06, 5.42547331861e-06, 3.00420197163e-06, 3.59193450095e-06, 1.32482989557e-06],
        "mean": [0.000189454105566, 0.000743628130294, 0.000731898471713, 0.000864637491759, 0.000493638974149, 0.000528793898411, 0.000856446160469, 0.000401445024181, 0.00038156073424, 0.000506230979227, 0.000270389020443, 0.000300183572108, 0.000203698728001, 0.000127849416458, 9.80009062914e-05, 0.000105997205537, 9.55089417403e-05, 0.000117377559945, 8.05211093393e-05, 5.34823047929e-05, 3.80628152925e-05, 2.29123616009e-05, 2.25023559324e-05, 1.7726484657e-05, 1.55067154992e-05, 1.10980145109e-05, 7.95486903371e-06, 6.66818459649e-06, 5.15382998856e-06, 2.63430570158e-06, 1.26061752326e-06, 7.9983010437e-07, 6.20983371391e-07, 5.5106227137e-07, 4.13688155732e-07, 3.08518110614e-07, 1.73894321165e-07, 1.15786122024e-07, 7.58503446718e-08, 2.09738448831e-08],
        "min": [7.60348143558e-07, 1.24810503621e-06, 3.44896329807e-06, 3.722516567e-06, 2.85948522105e-06, 4.52523545391e-06, 3.27739167005e-06, 3.21925972457e-06, 3.57243402505e-06, 1.95663824343e-06, 2.52109248322e-06, 1.36875257795e-06, 8.78440118868e-07, 4.79581387935e-07, 2.29086964509e-07, 3.30282091454e-07, 5.74065040837e-07, 8.88686713552e-07, 3.07407503897e-07, 8.13732512484e-08, 3.93837993329e-08, 4.97023115997e-08, 6.72492248555e-08, 8.96781529036e-08, 9.33085786414e-08, 4.35403073595e-08, 1.84303825534e-08, 2.24767191526e-08, 9.02006380699e-09, 7.33007388121e-09, 4.8192312363e-09, 2.69790878527e-09, 2.72180589178e-09, 2.07178074696e-09, 2.56146193145e-09, 2.12876427597e-09, 1.19100074247e-09, 9.27065868517e-10, 7.51086359774e-10, 3.58383961396e-10],
        "stdev": [0.000254392623901, 0.00107207859401, 0.000859084480908, 0.00104909529909, 0.000671365589369, 0.000717604067177, 0.00156132725533, 0.000626152963378, 0.000667034008075, 0.000946294981986, 0.000433390494436, 0.000571835262235, 0.000479117559735, 0.000270667165751, 0.000164736353327, 0.000204574345844, 0.000182623596629, 0.000167335034348, 0.000123056204757, 7.87106400821e-05, 5.69481162529e-05, 2.8206519346e-05, 2.60953911493e-05, 1.85037079063e-05, 1.70356142917e-05, 1.4300746443e-05, 1.14173762995e-05, 1.20779150166e-05, 1.4315687622e-05, 9.90687476587e-06, 3.0535722999e-06, 1.82249425507e-06, 1.62453954999e-06, 1.46860486439e-06, 1.08582662506e-06, 5.62228592571e-07, 3.3945565292e-07, 2.27258709629e-07, 1.87571757237e-07, 5.96547877763e-08]
    },
    "melbands128": {
        "max": [0.000347554625478, 0.00182411074638, 0.00336258788593, 0.00944458972663, 0.0107315815985, 0.0171098448336, 0.00914314948022, 0.0112989945337, 0.0108628105372, 0.0168606620282, 0.0148048764095, 0.0112380664796, 0.0177884362638, 0.00668728305027, 0.00833030790091, 0.0131157059222, 0.0238042715937, 0.0383171662688, 0.0224046017975, 0.0109625048935, 0.00924987811595, 0.0126694180071, 0.00804898701608, 0.0194150730968, 0.0194227918983, 0.013415645808, 0.0101604992524, 0.0105360336602, 0.0090045388788, 0.00973134581, 0.010247586295, 0.00753748835996, 0.0115220528096, 0.0147586464882, 0.00526114553213, 0.00579182757065, 0.00459229247645, 0.00188952975441, 0.00570146366954, 0.00280298083089, 0.00412419112399, 0.00198973086663, 0.0028158526402, 0.00464656902477, 0.00442339386791, 0.00216967146844, 0.00190420891158, 0.00268147746101, 0.00125946488697, 0.00256918184459, 0.00124982278794, 0.00130038172938, 0.000872460310347, 0.00111123069655, 0.000541664136108, 0.000294800673146, 0.00030524932663, 0.000522269459907, 0.000269726093393, 0.000451238447567, 0.000313618278597, 0.000405304745072, 0.000268908741418, 0.000349533976987, 0.000198679394089, 0.000395807001041, 0.000339745573001, 0.00025000696769, 0.000127820763737, 0.000193540487089, 0.000232279184274, 0.000333394214977, 0.000283279019641, 0.000356521835783, 0.000566911767237, 0.000294076249702, 0.000156647351105, 4.48332684755e-05, 5.89610026509e-05, 5.2980351029e-05, 3.55418196705e-05, 2.92657095997e-05, 2.25062176469e-05, 4.55829176644e-05, 2.63804831775e-05, 3.67505308532e-05, 2.69900519925e-05, 3.43800929841e-05, 2.88629726128e-05, 1.44238065332e-05, 9.12432733458e-06, 8.10195706435e-06, 9.64058745012e-06, 6.15449198449e-06, 5.08395078214e-06, 3.22885875903e-06, 4.42867758466e-06, 4.56996212961e-06, 4.92802610097e-06, 3.08224207402e-06, 2.69442762146e-06, 1.27752048229e-06, 4.85044324705e-08, 1.99458405348e-08, 1.75880998654e-08, 1.67950862107e-08, 1.59635540342e-08, 1.52451224977e-08, 1.45571741328e-08, 1.39281688405e-08, 1.33246764733e-08, 1.27674937289e-08, 1.22856596008e-08, 1.18193659304e-08, 1.13883693587e-08, 1.10072697623e-08, 1.06524158383e-08, 1.03286001973e-08, 1.00095203237e-08, 9.71070956979e-09, 9.46602440877e-09, 9.25573306887e-09, 9.07366537461e-09, 8.92129659036e-09, 8.78483774613e-09, 8.66964189328e-09, 8.59613535908e-09, 8.54615578305e-09],
        "mean": [1.92696315935e-05, 8.96791971172e-05, 0.000198859255761, 0.000490372884087, 0.000863292312715, 0.000894938362762, 0.000650679285172, 0.000721002230421, 0.000753395142965, 0.0010039814515, 0.000890180934221, 0.000505438772961, 0.000385142455343, 0.000455016299384, 0.000507612130605, 0.000502343871631, 0.000853677105624, 0.00110892881639, 0.000623729021754, 0.000360070553143, 0.000340856728144, 0.000334053591359, 0.000302275351714, 0.000518580432981, 0.000652445189189, 0.000470382597996, 0.000292689481284, 0.000224688410526, 0.000243404196226, 0.000382966391044, 0.000302293978166, 0.000185002048966, 0.000205598204047, 0.000228959761444, 0.000117710726045, 0.000114217677037, 0.000111871544505, 7.51554180169e-05, 0.000116250615974, 0.00010466571257, 0.000120981690998, 7.58688402129e-05, 7.22857803339e-05, 0.000118665127957, 0.00013226144074, 0.000118735493743, 0.00010049912089, 8.56920087244e-05, 6.84733749949e-05, 6.33003000985e-05, 4.45496480097e-05, 5.58446845389e-05, 4.18674244429e-05, 3.13479577017e-05, 2.64568207058e-05, 1.87134373846e-05, 2.13327439269e-05, 3.05810208374e-05, 1.75936584128e-05, 1.88751055248e-05, 1.61849966389e-05, 1.87252917385e-05, 1.94554068003e-05, 1.36061789817e-05, 1.06145962491e-05, 1.11711615318e-05, 1.20694894576e-05, 8.44210717332e-06, 6.84229917169e-06, 7.36872880225e-06, 5.8865880419e-06, 7.65876848163e-06, 5.78926255912e-06, 4.87108354719e-06, 3.94038579543e-06, 3.06138463202e-06, 1.9474587134e-06, 1.28286637846e-06, 1.21254606711e-06, 1.21471680359e-06, 8.10770472981e-07, 6.83062012286e-07, 5.69876931422e-07, 6.71725160828e-07, 5.98523797635e-07, 5.57369219223e-07, 5.69394501326e-07, 4.64875967054e-07, 4.12050951581e-07, 3.57893100045e-07, 3.61336333299e-07, 2.9044994676e-07, 2.38018500909e-07, 1.68706250747e-07, 1.36200242196e-07, 1.29386037884e-07, 1.11446873063e-07, 9.77533858304e-08, 8.0353963483e-08, 6.70517081858e-08, 4.0475491403e-08, 9.19391140997e-09, 1.69669422956e-09, 1.15265497147e-09, 1.81818282652e-10, 1.9790571959e-11, 1.87299516174e-11, 1.78304194326e-11, 1.70454830806e-11, 1.63291463684e-11, 1.56592742245e-11, 1.50330043552e-11, 1.44675721056e-11, 1.39287817391e-11, 1.34368297738e-11, 1.2999813899e-11, 1.2589635931e-11, 1.22149842324e-11, 1.18600858301e-11, 1.15269365233e-11, 1.12371431604e-11, 1.09904758905e-11, 1.07830246468e-11, 1.05951957277e-11, 1.03929581954e-11, 1.01853230711e-11, 1.00564166369e-11, 9.99354418663e-12],
        "min": [3.70755581791e-09, 1.69031750374e-07, 3.72536533177e-07, 5.30623651684e-07, 9.32610987547e-07, 8.32774105675e-07, 3.02716443912e-07, 9.23695836264e-07, 1.15088732855e-06, 1.5703454892e-06, 9.26830807657e-07, 2.29325451073e-06, 4.21492842406e-07, 1.8452567474e-06, 1.39306871461e-06, 1.93779396795e-06, 3.97888243242e-06, 1.30214482397e-06, 2.1911616841e-06, 1.20843969853e-06, 8.83902828264e-07, 1.15066336548e-06, 1.31271895043e-06, 8.28347879178e-07, 4.49032938832e-07, 6.77644550251e-07, 1.01530099528e-06, 2.98281179312e-07, 9.24340611164e-07, 6.74880709539e-07, 5.86300359373e-07, 1.56262672135e-07, 2.12260459875e-07, 5.22580990037e-07, 3.61030714657e-07, 2.2099639807e-07, 2.80803021724e-07, 1.28495102558e-07, 2.00676822715e-07, 1.13668974677e-07, 1.69197122091e-07, 2.52990133731e-07, 3.53520817953e-07, 3.8363106114e-07, 3.64725366353e-07, 3.53450587909e-07, 3.31164187628e-07, 2.45893033934e-07, 1.1966051261e-07, 2.42208049173e-08, 7.67472201346e-08, 1.01982841727e-07, 3.71905066743e-08, 1.29975603613e-08, 6.25555962586e-09, 2.88186896569e-08, 9.41249567177e-08, 8.976604704e-08, 1.93032363427e-08, 3.23734745677e-08, 7.49855857407e-08, 8.71504823863e-08, 9.08921862219e-08, 6.31389909245e-08, 6.62666721496e-08, 2.45789397724e-08, 3.9763449422e-08, 1.07201740818e-08, 3.22551918508e-09, 1.62212483446e-08, 1.15553984159e-08, 1.43424543353e-08, 1.14509504101e-08, 4.6916901475e-09, 4.48086456828e-09, 4.24203783211e-09, 4.23227275448e-09, 4.97036944935e-09, 2.68500710554e-09, 1.67142966134e-09, 2.38107467077e-09, 2.06697081673e-09, 1.49160028773e-09, 2.02160177487e-09, 1.52101342632e-09, 2.0923183186e-09, 1.29078880917e-09, 1.41228728712e-09, 1.2144732997e-09, 1.05993924748e-09, 1.24287924397e-09, 1.24973242865e-09, 1.19639964602e-09, 8.67166005669e-10, 5.2214360613e-10, 1.07987740972e-09, 8.43351610769e-10, 6.68003929949e-10, 4.18406420621e-10, 6.50481168929e-10, 5.13761477805e-10, 1.84055645724e-10, 1.41873096604e-10, 3.69267776079e-11, 2.59160504472e-13, 1.06087942521e-13, 1.00042661601e-13, 1.07779961984e-13, 8.72552694702e-14, 9.29843699325e-14, 8.57480997015e-14, 7.71372508511e-14, 9.74379471964e-14, 7.64207016353e-14, 8.70125166038e-14, 1.03075608758e-13, 9.14061849214e-14, 9.51066211462e-14, 9.01143512567e-14, 8.53610463022e-14, 1.14991783456e-13, 8.07302765219e-14, 9.43872936624e-14, 8.82046782076e-14, 6.38945547946e-14, 2.96501816426e-14, 3.22132241434e-15, 1.39855039289e-16],
        "stdev": [2.49499335041e-05, 0.000131164400955, 0.000296230165986, 0.000874041637871, 0.00142594601493, 0.00157297530677, 0.00105855101719, 0.00119313865434, 0.001116010244, 0.00160873716231, 0.00135991640855, 0.000853799341712, 0.000809668854345, 0.00071686913725, 0.000857771083247, 0.000992984743789, 0.00183521746658, 0.00253179459833, 0.00134738860652, 0.000802100228611, 0.000796243082732, 0.000808298762422, 0.000813497579657, 0.00147260038648, 0.00170864653774, 0.00110346602742, 0.000670626759529, 0.00064268783899, 0.000506760028657, 0.000889787392225, 0.000779590569437, 0.000500499620102, 0.000673361006193, 0.00077003921615, 0.000306726928102, 0.000387315958505, 0.000332232710207, 0.000162734213518, 0.000311468698783, 0.000256940722466, 0.000313207565341, 0.000178096917807, 0.000193429950741, 0.000339054182405, 0.000307880050968, 0.000220291403821, 0.000198333917069, 0.000222118367674, 0.000129781343276, 0.000167759033502, 9.06159475562e-05, 0.000115298789751, 8.26726609375e-05, 7.15731948731e-05, 4.85049786221e-05, 2.99177409033e-05, 3.2649935747e-05, 5.02556758875e-05, 2.48049291258e-05, 2.8947066312e-05, 2.54365058936e-05, 2.87886359729e-05, 2.72200795735e-05, 2.14048686757e-05, 1.50678770297e-05, 1.99714140763e-05, 2.16862918023e-05, 1.60335512192e-05, 1.13848136607e-05, 1.26847426145e-05, 1.20677032101e-05, 1.97283316083e-05, 1.63871063705e-05, 1.35434620461e-05, 1.95038828679e-05, 1.19719561553e-05, 6.88979571351e-06, 3.55684369424e-06, 3.04126092487e-06, 3.42349994753e-06, 2.04429079531e-06, 1.63123570474e-06, 1.31386264002e-06, 2.07944549402e-06, 1.6582094986e-06, 1.6567134935e-06, 1.48730600813e-06, 1.45110789163e-06, 1.1805293525e-06, 8.74783324889e-07, 6.23602318228e-07, 5.62457159958e-07, 4.99171846968e-07, 3.70273994577e-07, 2.83923725419e-07, 2.47764859296e-07, 2.35780703406e-07, 2.43877991579e-07, 2.1876196854e-07, 1.76500876137e-07, 1.23356443282e-07, 3.93565393608e-08, 2.47065723435e-09, 1.54967760846e-09, 5.26286347835e-10, 4.48628634242e-10, 4.26421620237e-10, 4.07234412858e-10, 3.88857362976e-10, 3.72055691811e-10, 3.55937113117e-10, 3.41052130981e-10, 3.28180344011e-10, 3.15724918432e-10, 3.04211406066e-10, 2.94030688686e-10, 2.84552298391e-10, 2.75902939384e-10, 2.67379562935e-10, 2.59398003077e-10, 2.52862841776e-10, 2.47244585916e-10, 2.42381337223e-10, 2.38311509415e-10, 2.34666119869e-10, 2.31591357203e-10, 2.29628593917e-10, 2.28294230742e-10]
    },
    "mfcc": {
        "mean": [-635.86730957, 158.164031982, -36.9758071899, 22.6989517212, -8.30145835876, -2.34380578995, -8.29081821442, 0.277194440365, -9.40688037872, 7.62767744064, -8.49472141266, -2.18252944946, -6.6533780098],
        "cov": [[1715.93164062, -593.469665527, -164.925506592, -13.9340991974, -85.0504989624, 16.5434741974, -3.30754470825, 60.7878608704, 42.8204460144, 54.9212036133, -7.50774288177, -8.29063510895, 17.7449398041], [-593.469665527, 687.347045898, -0.930645942688, -11.5837430954, 56.3928947449, -29.0278320312, 26.4164981842, 11.8867607117, -30.0020141602, 24.4434719086, 46.5049972534, -18.5560474396, -43.1361312866], [-164.925506592, -0.930645942688, 310.929931641, 83.6454162598, 21.579864502, -21.2468128204, -33.3652420044, -33.8469352722, -0.0344519689679, -39.640247345, 10.7269449234, 19.9906864166, 16.7613735199], [-13.9340991974, -11.5837430954, 83.6454162598, 347.491333008, 81.4603347778, -45.6621589661, -84.8176803589, -21.9889526367, 34.3495063782, -50.4156303406, -41.3728561401, 25.3111610413, 35.5711936951], [-85.0504989624, 56.3928947449, 21.579864502, 81.4603347778, 151.426757812, 1.08521795273, -30.8508682251, -12.3904323578, 17.4887485504, -12.8844575882, -16.6901111603, 2.94430184364, 20.8219928741], [16.5434741974, -29.0278320312, -21.2468128204, -45.6621589661, 1.08521795273, 146.79397583, 76.2522354126, 17.2776927948, 14.1875600815, 19.8425121307, -0.626022458076, -12.8443508148, -8.5838432312], [-3.30754470825, 26.4164981842, -33.3652420044, -84.8176803589, -30.8508682251, 76.2522354126, 164.972381592, 54.8023490906, 7.32817602158, 28.0196990967, 9.33827877045, -3.90242576599, -11.9430913925], [60.7878608704, 11.8867607117, -33.8469352722, -21.9889526367, -12.3904323578, 17.2776927948, 54.8023490906, 93.6139984131, 25.857585907, 20.2141914368, 6.76694965363, -5.96809577942, 3.64597249031], [42.8204460144, -30.0020141602, -0.0344519689679, 34.3495063782, 17.4887485504, 14.1875600815, 7.32817602158, 25.857585907, 103.228668213, 18.4106521606, -17.1460533142, -9.53487873077, 4.38334035873], [54.9212036133, 24.4434719086, -39.640247345, -50.4156303406, -12.8844575882, 19.8425121307, 28.0196990967, 20.2141914368, 18.4106521606, 125.731529236, 42.8665313721, -22.2743167877, -39.2669906616], [-7.50774288177, 46.5049972534, 10.7269449234, -41.3728561401, -16.6901111603, -0.626022458076, 9.33827877045, 6.76694965363, -17.1460533142, 42.8665313721, 76.1195144653, 8.56866550446, -14.3500833511], [-8.29063510895, -18.5560474396, 19.9906864166, 25.3111610413, 2.94430184364, -12.8443508148, -3.90242576599, -5.96809577942, -9.53487873077, -22.2743167877, 8.56866550446, 68.9794235229, 29.5062141418], [17.7449398041, -43.1361312866, 16.7613735199, 35.5711936951, 20.8219928741, -8.5838432312, -11.9430913925, 3.64597249031, 4.38334035873, -39.2669906616, -14.3500833511, 29.5062141418, 81.5270233154]],
        "icov": [[0.000962939462624, 0.000868889503181, 0.000473301595775, -0.000174207438249, 0.000151245432789, 0.000138394112582, 0.000114468406537, -0.000573500466999, 1.16352339319e-05, -0.000291033065878, -0.000393811351387, 0.000228456949117, -4.55985282315e-05], [0.000868889503181, 0.00255626975559, 0.000479122507386, -0.000219754016143, -0.000966308056377, 0.000874436867889, -0.000616937002633, -0.000719322357327, 0.000474342232337, 8.88795620995e-05, -0.00158288655803, 0.000741722469684, 0.000911687850021], [0.000473301595775, 0.000479122507386, 0.00406851572916, -0.000924180378206, -1.68577498698e-05, 0.000225158102694, -0.000250109267654, 0.00105620163959, -0.000625862448942, 0.00132971385028, -0.00231746095233, 0.000150744992425, -0.000126971397549], [-0.000174207438249, -0.000219754016143, -0.000924180378206, 0.00435153767467, -0.0015363919083, 0.000359774829121, 0.00160212244373, -0.000360463513061, -0.00114312418737, 0.000330558774294, 0.00183287658729, -0.00148516276386, -2.50855155173e-05], [0.000151245432789, -0.000966308056377, -1.68577498698e-05, -0.0015363919083, 0.00870927143842, -0.00146525236778, 0.00137303792872, 0.000712833832949, -0.000937186938245, -0.000717080838513, 0.00117024872452, 0.000287357746856, -0.00227275071666], [0.000138394112582, 0.000874436867889, 0.000225158102694, 0.000359774829121, -0.00146525236778, 0.00983703043312, -0.00501114502549, 0.00129651266616, -0.000860775006004, -0.00026304111816, -0.000287085567834, 0.00154155446216, 0.000158290364197], [0.000114468406537, -0.000616937002633, -0.000250109267654, 0.00160212244373, 0.00137303792872, -0.00501114502549, 0.0113613037392, -0.00547164864838, 0.000457740650745, -0.000891208066605, 0.00162342924159, -0.00219813548028, 0.000659254612401], [-0.000573500466999, -0.000719322357327, 0.00105620163959, -0.000360463513061, 0.000712833832949, 0.00129651266616, -0.00547164864838, 0.0159476287663, -0.00376994721591, -0.000236749794567, -0.00195926893502, 0.00165977352299, -0.00273284479044], [1.16352339319e-05, 0.000474342232337, -0.000625862448942, -0.00114312418737, -0.000937186938245, -0.000860775006004, 0.000457740650745, -0.00376994721591, 0.0127490917221, -0.0034708105959, 0.00385271199048, 0.000770633399952, -0.000697669223882], [-0.000291033065878, 8.88795620995e-05, 0.00132971385028, 0.000330558774294, -0.000717080838513, -0.00026304111816, -0.000891208066605, -0.000236749794567, -0.0034708105959, 0.0139207374305, -0.00824163854122, 0.00262796948664, 0.0042179170996], [-0.000393811351387, -0.00158288655803, -0.00231746095233, 0.00183287658729, 0.00117024872452, -0.000287085567834, 0.00162342924159, -0.00195926893502, 0.00385271199048, -0.00824163854122, 0.021912811324, -0.00580675248057, 0.000703197787516], [0.000228456949117, 0.000741722469684, 0.000150744992425, -0.00148516276386, 0.000287357746856, 0.00154155446216, -0.00219813548028, 0.00165977352299, 0.000770633399952, 0.00262796948664, -0.00580675248057, 0.0199130252004, -0.00635227840394], [-4.55985282315e-05, 0.000911687850021, -0.000126971397549, -2.50855155173e-05, -0.00227275071666, 0.000158290364197, 0.000659254612401, -0.00273284479044, -0.000697669223882, 0.0042179170996, 0.000703197787516, -0.00635227840394, 0.0181029718369]]
    },
    "spectral_contrast_coeffs": {
        "max": [-0.413321137428, -0.419747054577, -0.521282315254, -0.591362655163, -0.672054648399, -0.587495148182],
        "mean": [-0.675489842892, -0.735516965389, -0.736908257008, -0.755478203297, -0.773102462292, -0.73421728611],
        "min": [-0.923221886158, -0.931947469711, -0.911575555801, -0.890413880348, -0.875277578831, -0.94416218996],
        "stdev": [0.065301194787, 0.0704049393535, 0.0680915266275, 0.0507880821824, 0.0341138094664, 0.0324883386493]
    },
    "spectral_contrast_valleys": {
        "max": [-5.33780241013, -4.85889577866, -5.12701940536, -5.70649003983, -6.0340051651, -8.93514823914],
        "mean": [-6.76994371414, -6.15436458588, -6.91414260864, -7.16924524307, -7.41556692123, -11.2456293106],
        "min": [-8.30500602722, -7.92519712448, -8.71761035919, -8.9379491806, -9.57461261749, -12.7913942337],
        "stdev": [0.522410690784, 0.460385918617, 0.481986373663, 0.450992882252, 0.526151359081, 0.591200649738]
    }
},
"rhythm": {
    "beats_count": 54,
    "beats_loudness": {
        "max": 0.0682636201382,
        "mean": 0.0379507280886,
        "min": 0.00761667499319,
        "stdev": 0.012640231289
    },
    "bpm": 98.154510498,
    "bpm_histogram_first_peak_bpm": 98,
    "bpm_histogram_first_peak_weight": 0.387096703053,
    "bpm_histogram_second_peak_bpm": 136,
    "bpm_histogram_second_peak_spread": 0.199999988079,
    "bpm_histogram_second_peak_weight": 0.0754716992378,
    "danceability": 1.30063223839,
    "onset_rate": 2.70703101158,
    "beats_loudness_band_ratio": {
        "max": [0.703893065453, 0.740547537804, 0.679508507252, 0.59696996212, 0.361989408731, 0.086624994874],
        "mean": [0.153250992298, 0.235925301909, 0.304749518633, 0.208959564567, 0.130364686251, 0.0231992956251],
        "min": [0.013797047548, 0.00962399505079, 0.0521369725466, 0.0254915375262, 0.0192135293037, 0.00523289851844],
        "stdev": [0.153802454472, 0.179785221815, 0.177210375667, 0.15264774859, 0.0834094882011, 0.015532928519]
    },
    "beats_position": [0.580498874187, 1.17260766029, 1.77632653713, 2.39165520668, 2.99537420273, 3.61070299149, 4.22603178024, 4.82975053787, 5.4334692955, 6.04879808426, 6.66412687302, 7.27945566177, 7.89478445053, 8.498503685, 9.10222244263, 9.70594120026, 10.3328800201, 10.9482088089, 11.5635375977, 12.1904764175, 12.8058052063, 13.4327430725, 14.0829019547, 14.7214508057, 15.3599996567, 15.9985485077, 16.6951465607, 17.3801364899, 18.0419044495, 18.7152824402, 19.3886623383, 20.0504302979, 20.7005901337, 21.3159179688, 21.9312477112, 22.523355484, 23.1154651642, 23.707572937, 24.2880725861, 24.8685703278, 25.4490699768, 26.0411777496, 26.6332874298, 27.1209068298, 27.620136261, 28.1077537537, 28.5837631226, 29.0481624603, 29.4893417358, 29.9305210114, 30.3717002869, 30.8128795624, 31.265668869, 31.7300682068],
