{
"metadata": {
    "version": {
        "essentia": "2.1-beta5",
        "essentia_git_sha": "Undefined",
        "extractor": "music 2.0"
    },
    "audio_properties": {
        "analysis": {
            "equal_loudness": 0,
            "length": 52.2448997498,
            "sample_rate": 44100,
            "start_time": 93.9943771362,
            "downmix": "mix"
        },
        "bit_rate": 192000,
        "length": 174.126434326,
        "lossless": 0,
        "number_channels": 2,
        "replay_gain": -6.0823097229,
        "sample_rate": 44100,
        "codec": "mp3",
        "md5_encoded": "ad2e94fdcf7e26a87fbdb503fc1526fb"
    },
    "tags": {
        "file_name": "Spain_La, La, La..._Massiel.mp3",
        "encoding": ["Lavf58.29.100"]
    }
},
"lowlevel": {
    "average_loudness": 0.966261446476,
    "barkbands_crest": {
        "max": 21.2106781006,
        "mean": 7.0227189064,
        "min": 2.60102248192,
        "stdev": 2.84038448334
    },
    "barkbands_flatness_db": {
        "max": 0.265329033136,
        "mean": 0.158068165183,
        "min": 0.0783334970474,
        "stdev": 0.0232858657837
    },
    "barkbands_kurtosis": {
        "max": 23.9110202789,
        "mean": 0.516778349876,
        "min": -1.77277231216,
        "stdev": 2.00409984589
    },
    "barkbands_skewness": {
        "max": 3.65754818916,
        "mean": 0.344372659922,
        "min": -1.75723707676,
        "stdev": 0.694246947765
    },
    "barkbands_spread": {
        "max": 43.2653656006,
        "mean": 19.6689395905,
        "min": 2.92216897011,
        "stdev": 6.45836400986
    },
    "dissonance": {
        "max": 0.499964058399,
        "mean": 0.465492129326,
        "min": 0.312952369452,
        "stdev": 0.0226987022907
    },
    "dynamic_complexity": 1.49047827721,
    "erbbands_crest": {
        "max": 30.1198883057,
        "mean": 9.60054779053,
        "min": 3.42087745667,
        "stdev": 4.13328790665
    },
    "erbbands_flatness_db": {
        "max": 0.345652669668,
        "mean": 0.253414809704,
        "min": 0.166665881872,
        "stdev": 0.025301605463
    },
    "erbbands_kurtosis": {
        "max": 11.1532688141,
        "mean": 0.167287349701,
        "min": -1.71207416058,
        "stdev": 1.14105677605
    },
    "erbbands_skewness": {
        "max": 2.89309549332,
        "mean": 0.240809366107,
        "min": -2.32330203056,
        "stdev": 0.572635650635
    },
    "erbbands_spread": {
        "max": 56.1261291504,
        "mean": 22.5630073547,
        "min": 4.67725038528,
        "stdev": 7.16727304459
    },
    "hfc": {
        "max": 112.406677246,
        "mean": 31.1696567535,
        "min": 1.9526797533,
        "stdev": 15.8032159805
    },
    "loudness_ebu128": {
        "integrated": -16.8613548279,
        "loudness_range": 2.07336616516,
        "momentary": {
            "max": -14.7657699585,
            "mean": -17.1074485779,
            "min": -23.8214550018,
            "stdev": 1.62417650223
        },
        "short_term": {
            "max": -15.9399452209,
            "mean": -16.8858757019,
            "min": -20.5980567932,
            "stdev": 0.863803803921
        }
    },
    "melbands_crest": {
        "max": 27.5469741821,
        "mean": 9.28959560394,
        "min": 3.39080929756,
        "stdev": 3.79264760017
    },
    "melbands_flatness_db": {
        "max": 0.369967669249,
        "mean": 0.22171382606,
        "min": 0.137710571289,
        "stdev": 0.0394588373601
    },
    "melbands_kurtosis": {
        "max": 38.7187004089,
        "mean": 2.00910544395,
        "min": -1.579641819,
        "stdev": 3.96329402924
    },
    "melbands_skewness": {
        "max": 5.5253663063,
        "mean": 0.945188105106,
        "min": -1.17990493774,
        "stdev": 0.813134372234
    },
    "melbands_spread": {
        "max": 82.096534729,
        "mean": 30.4566135406,
        "min": 2.97347855568,
        "stdev": 12.2333011627
    },
    "pitch_salience": {
        "max": 0.826683878899,
        "mean": 0.608442544937,
        "min": 0.223787307739,
        "stdev": 0.0751431435347
    },
    "silence_rate_20dB": {
        "max": 1,
        "mean": 1,
        "min": 1,
        "stdev": 0
    },
    "silence_rate_30dB": {
        "max": 1,
        "mean": 1,
        "min": 1,
        "stdev": 0
    },
    "silence_rate_60dB": {
        "max": 0,
        "mean": 0,
        "min": 0,
        "stdev": 0
    },
    "spectral_centroid": {
        "max": 2916.74487305,
        "mean": 1627.94677734,
        "min": 327.357910156,
        "stdev": 535.147949219
    },
    "spectral_complexity": {
        "max": 50,
        "mean": 27.1963577271,
        "min": 6,
        "stdev": 8.59848499298
    },
    "spectral_decrease": {
        "max": -1.4996291986e-09,
        "mean": -7.22578308299e-09,
        "min": -1.72818861444e-08,
        "stdev": 2.55420284923e-09
    },
    "spectral_energy": {
        "max": 0.0677584558725,
        "mean": 0.0300988722593,
        "min": 0.00588947767392,
        "stdev": 0.0107105383649
    },
    "spectral_energyband_high": {
        "max": 0.00695333164185,
        "mean": 0.000445056852186,
        "min": 3.17776721204e-06,
        "stdev": 0.00047030809219
    },
    "spectral_energyband_low": {
        "max": 0.0312306173146,
        "mean": 0.00359236914665,
        "min": 0.000142034972669,
        "stdev": 0.00349874026142
    },
    "spectral_energyband_middle_high": {
        "max": 0.0538432151079,
        "mean": 0.0148347038776,
        "min": 0.000408059189795,
        "stdev": 0.00902399793267
    },
    "spectral_energyband_middle_low": {
        "max": 0.0563986860216,
        "mean": 0.0119574386626,
        "min": 0.00162370910402,
        "stdev": 0.0073817782104
    },
    "spectral_entropy": {
        "max": 8.06654453278,
        "mean": 7.28322458267,
        "min": 6.34401035309,
        "stdev": 0.249302983284
    },
    "spectral_flux": {
        "max": 0.214661225677,
        "mean": 0.0925479531288,
        "min": 0.0244104173034,
        "stdev": 0.0273524429649
    },
    "spectral_kurtosis": {
        "max": 32.7496490479,
        "mean": 5.86550617218,
        "min": -0.446189403534,
        "stdev": 4.15848016739
    },
    "spectral_rms": {
        "max": 0.00813054759055,
        "mean": 0.0053196134977,
        "min": 0.00239704642445,
        "stdev": 0.00103270146064
    },
    "spectral_rolloff": {
        "max": 4306.640625,
        "mean": 1663.171875,
        "min": 172.265625,
        "stdev": 690.481323242
    },
    "spectral_skewness": {
        "max": 3.84422492981,
        "mean": 1.1212567091,
        "min": -0.057493776083,
        "stdev": 0.530809223652
    },
    "spectral_spread": {
        "max": 9346177,
        "mean": 2238333.25,
        "min": 1654267.25,
        "stdev": 262095.265625
    },
    "spectral_strongpeak": {
        "max": 11.9191617966,
        "mean": 2.03187942505,
        "min": 0,
        "stdev": 1.65425693989
    },
    "zerocrossingrate": {
        "max": 0.103515625,
        "mean": 0.0589484088123,
        "min": 0.01123046875,
        "stdev": 0.0174218639731
    },
    "barkbands": {
        "max": [0.00116447452456, 0.0143600413576, 0.0188884958625, 0.0181498359889, 0.0290128588676, 0.0365380197763, 0.0199298616499, 0.0285594388843, 0.0367848575115, 0.0347164981067, 0.0291447974741, 0.0149083985016, 0.0468460284173, 0.0277590081096, 0.0271445196122, 0.0199231021106, 0.0245120245963, 0.0166134927422, 0.00816213525832, 0.00938624981791, 0.0013821591856, 0.000253600650467, 5.1778888519e-06, 4.02084515372e-06, 3.79161087949e-06, 3.55934685103e-06, 3.78417371394e-06],
        "mean": [0.0006933582481, 0.00106728076935, 0.00176021712832, 0.00118699215818, 0.00226854300126, 0.00174082268495, 0.00132803723682, 0.00168063258752, 0.00242238794453, 0.00255394959822, 0.00306215137243, 0.00172990316059, 0.0018215929158, 0.001755628502, 0.00126364664175, 0.000744339544326, 0.000559270440135, 0.000807012896985, 0.000848845287692, 0.000634390744381, 0.00014487876615, 2.41423022089e-05, 3.44326537061e-07, 2.30302688919e-07, 1.42549794191e-07, 8.45277199346e-08, 1.3346625849e-07],
        "min": [0.000229412718909, 1.1324418665e-05, 3.75568833988e-06, 3.6771248233e-06, 5.96012177994e-05, 4.1989980673e-05, 1.71489118657e-05, 1.14557778943e-05, 1.60575273185e-05, 1.35489599415e-05, 1.3852984921e-05, 1.52130869537e-05, 4.29971396443e-06, 4.1710682126e-06, 7.99329973233e-06, 4.01203396905e-06, 9.37491131481e-06, 9.55539780989e-06, 3.97480880565e-06, 2.83892313746e-06, 7.43886744203e-07, 2.38452599888e-07, 1.09611946186e-07, 9.78512773031e-08, 7.14264984936e-08, 3.6415386262e-08, 1.32691964083e-08],
        "stdev": [0.000113812566269, 0.00117734656669, 0.00225992896594, 0.00154397217557, 0.00267198192887, 0.00241726543754, 0.0017630426446, 0.00208563101478, 0.00337237003259, 0.00390031840652, 0.00362156005576, 0.00203889701515, 0.00266894325614, 0.00218233652413, 0.00189981912263, 0.00144613417797, 0.00111762026791, 0.0009014015086, 0.000843353336677, 0.000597057281993, 0.000162553173141, 3.01425097859e-05, 1.9328629719e-07, 9.83794521403e-08, 8.2392993761e-08, 7.6740242605e-08, 1.06782081843e-07]
    },
    "erbbands": {
        "max": [0.169766739011, 4.25702619553, 21.3534984589, 37.6494293213, 78.6153564453, 153.861831665, 132.136474609, 477.403381348, 352.252105713, 399.586669922, 519.75592041, 1073.96032715, 1479.92211914, 1078.2557373, 1383.90820312, 764.479248047, 1842.60571289, 1263.0736084, 1252.87792969, 1748.671875, 1335.57507324, 1034.09851074, 557.390686035, 565.958679199, 314.612335205, 348.271331787, 234.708358765, 40.1466369629, 14.311501503, 1.1517316103, 0.145153447986, 0.0911680907011, 0.0648485049605, 0.0432658493519, 0.0264958068728, 0.014375442639, 0.00661344500259, 0.00241733109578, 0.000537275802344, 8.40968059492e-05],
        "mean": [0.0166756846011, 0.30745947361, 1.78326797485, 3.27572393417, 6.15841674805, 7.33789587021, 8.2730255127, 16.5892791748, 21.6347026825, 26.3918819427, 33.6685447693, 56.1696891785, 91.4999389648, 70.4347381592, 134.492675781, 74.4082946777, 84.2028198242, 90.0444412231, 79.02293396, 53.242816925, 39.0088005066, 32.410320282, 42.7227783203, 45.910774231, 39.1174278259, 30.9952449799, 11.3348426819, 3.45451211929, 1.16762936115, 0.132647022605, 0.013052072376, 0.00623284140602, 0.00342611246742, 0.00188976014033, 0.000937972276006, 0.000392080255551, 0.000173492895556, 0.000245280331001, 2.35698844335e-05, 3.69026602129e-05],
        "min": [0.00143859244417, 0.0014313707361, 0.00923019647598, 0.0275388397276, 0.051121365279, 0.160002782941, 0.150543928146, 0.290475815535, 0.380938529968, 0.539539277554, 0.579299211502, 1.36641478539, 0.597147345543, 1.00701844692, 0.88404917717, 0.890645205975, 0.277938097715, 0.449119031429, 0.463592976332, 0.78332722187, 0.447796493769, 0.492702394724, 0.517138361931, 0.284315884113, 0.16824400425, 0.118783853948, 0.0634588003159, 0.0209545474499, 0.00904901418835, 0.00473495991901, 0.00308724236675, 0.00232859398238, 0.00156095484272, 0.000970545224845, 0.000440144591266, 0.000187378667761, 8.06506213848e-05, 3.87381514884e-05, 5.02442753714e-06, 6.72764872434e-06],
        "stdev": [0.0147059941664, 0.356502383947, 2.18655204773, 3.98313689232, 7.50690793991, 11.2475385666, 10.7891216278, 26.649023056, 28.8846473694, 34.9422416687, 38.5433158875, 77.8966522217, 150.222839355, 85.528755188, 150.834350586, 82.3803939819, 112.151123047, 102.081100464, 107.405578613, 92.4017028809, 80.1100311279, 59.4442977905, 46.618473053, 46.7990684509, 36.9652290344, 28.708366394, 12.4627923965, 4.11184501648, 1.47568666935, 0.153591111302, 0.00805873796344, 0.00259781884961, 0.00156599027105, 0.000974866503384, 0.000577674189117, 0.000308706687065, 0.000143669953104, 0.000132396540721, 1.31259594127e-05, 1.33629782795e-05]
    },
    "gfcc": {
        "mean": [-20.595375061, 162.084014893, -183.106491089, 18.3507843018, -29.6345748901, -26.8723888397, -1.50827181339, -7.06206798553, -26.7336406708, 1.06402802467, -13.0267734528, -10.3452444077, -5.88564062119],
        "cov": [[781.630187988, -118.176055908, -578.101928711, 122.488372803, 39.5558853149, -0.850915968418, 266.115264893, -125.885017395, -42.7704086304, 5.83199310303, -32.3261833191, -9.102227211, -14.3268461227], [-118.176055908, 157.391342163, 226.994049072, -29.8119277954, -5.8247256279, 2.58806586266, -69.5635299683, 14.4726819992, 15.224984169, -8.87503242493, 11.0136270523, -10.496881485, -10.5378170013], [-578.101928711, 226.994049072, 670.089660645, -38.6594276428, -34.5832023621, -13.3499240875, -253.367050171, 70.1579284668, 49.5818748474, -20.5475826263, 4.24657011032, 10.3268861771, -7.12837791443], [122.488372803, -29.8119277954, -38.6594276428, 143.792953491, 34.0548210144, -5.49128341675, 32.2351875305, -34.2135429382, 6.79708528519, -3.34453749657, -38.0144081116, 8.49583721161, 4.73436927795], [39.5558853149, -5.8247256279, -34.5832023621, 34.0548210144, 97.4349441528, 37.6940460205, 3.10404205322, 3.9532160759, -2.45337867737, -6.67666292191, -10.4941711426, -14.9145975113, 0.446796804667], [-0.850915968418, 2.58806586266, -13.3499240875, -5.49128341675, 37.6940460205, 129.140457153, 75.1570892334, -12.5320072174, -14.3799943924, 2.20536065102, 8.26939105988, -4.1266040802, -27.3546619415], [266.115264893, -69.5635299683, -253.367050171, 32.2351875305, 3.10404205322, 75.1570892334, 223.587020874, -10.5061244965, -45.6883773804, 7.76394176483, 9.28154182434, -14.1823444366, -24.2614955902], [-125.885017395, 14.4726819992, 70.1579284668, -34.2135429382, 3.9532160759, -12.5320072174, -10.5061244965, 95.9652709961, 23.4800987244, -1.54656207561, 11.2139110565, -14.4821567535, 3.92657637596], [-42.7704086304, 15.224984169, 49.5818748474, 6.79708528519, -2.45337867737, -14.3799943924, -45.6883773804, 23.4800987244, 76.6551742554, 22.5131797791, -22.2759399414, 2.45759820938, 8.97933673859], [5.83199310303, -8.87503242493, -20.5475826263, -3.34453749657, -6.67666292191, 2.20536065102, 7.76394176483, -1.54656207561, 22.5131797791, 57.0306053162, 26.4972248077, 0.785232722759, -2.27736258507], [-32.3261833191, 11.0136270523, 4.24657011032, -38.0144081116, -10.4941711426, 8.26939105988, 9.28154182434, 11.2139110565, -22.2759399414, 26.4972248077, 80.7629318237, 23.2469997406, -12.4356708527], [-9.102227211, -10.496881485, 10.3268861771, 8.49583721161, -14.9145975113, -4.1266040802, -14.1823444366, -14.4821567535, 2.45759820938, 0.785232722759, 23.2469997406, 55.737449646, 12.1856622696], [-14.3268461227, -10.5378170013, -7.12837791443, 4.73436927795, 0.446796804667, -27.3546619415, -24.2614955902, 3.92657637596, 8.97933673859, -2.27736258507, -12.4356708527, 12.1856622696, 52.4455909729]],
        "icov": [[0.0141779948026, -0.0106521937996, 0.00957577768713, -0.00193773955107, -0.00784953963012, 0.0130262309685, -0.0140561573207, 0.0138321882114, -0.00737827597186, 0.00341507792473, 0.00184707227163, -0.00393942324445, 0.00529712811112], [-0.0106521937996, 0.0297872275114, -0.0196933355182, 0.00847028475255, -0.00261715170927, -0.000850715499837, -0.00281357718632, 0.00596651574597, -0.0110565023497, 0.0107363238931, -0.0160971954465, 0.014983156696, -0.00747484806925], [0.00957577768713, -0.0196933355182, 0.0192680582404, -0.00981211382896, 0.00613922998309, -0.00351978233084, 0.00808559171855, -0.00629643537104, 0.00739076780155, -0.00478541990742, 0.00895821209997, -0.00793704483658, 0.00698235677555], [-0.00193773955107, 0.00847028475255, -0.00981211382896, 0.0188580509275, -0.0137714436278, 0.0117174740881, -0.0139496373013, 0.0111302761361, -0.00681396108121, 0.000129202322569, 0.0040017045103, -0.00468640075997, 0.000289036455797], [-0.00784953963012, -0.00261715170927, 0.00613922998309, -0.0137714436278, 0.0319820381701, -0.0269280076027, 0.0280853454024, -0.0234193988144, 0.014688921161, -0.00390024622902, -0.000116103663458, 0.00726611446589, -0.00456448551267], [0.0130262309685, -0.000850715499837, -0.00351978233084, 0.0117174740881, -0.0269280076027, 0.0393496714532, -0.036524116993, 0.0302042402327, -0.0194333884865, 0.00794870872051, -0.00176311389077, -0.00515133142471, 0.0078985132277], [-0.0140561573207, -0.00281357718632, 0.00808559171855, -0.0139496373013, 0.0280853454024, -0.036524116993, 0.0478534884751, -0.0378325432539, 0.0295603275299, -0.0150250084698, 0.00771206663921, 0.000744951015804, -0.00042473844951], [0.0138321882114, 0.00596651574597, -0.00629643537104, 0.0111302761361, -0.0234193988144, 0.0302042402327, -0.0378325432539, 0.0511218979955, -0.0372211821377, 0.0248022861779, -0.0212739091367, 0.0132860029116, -0.00294016953558], [-0.00737827597186, -0.0110565023497, 0.00739076780155, -0.00681396108121, 0.014688921161, -0.0194333884865, 0.0295603275299, -0.0372211821377, 0.0543620176613, -0.0385840423405, 0.035263903439, -0.0211198981851, 0.00586862536147], [0.00341507792473, 0.0107363238931, -0.00478541990742, 0.000129202322569, -0.00390024622902, 0.00794870872051, -0.0150250084698, 0.0248022861779, -0.0385840423405, 0.0516613572836, -0.038749974221, 0.0245501901954, -0.00824342202395], [0.00184707227163, -0.0160971954465, 0.00895821209997, 0.0040017045103, -0.000116103663458, -0.00176311389077, 0.00771206663921, -0.0212739091367, 0.035263903439, -0.038749974221, 0.0541276708245, -0.0357635915279, 0.0157921854407], [-0.00393942324445, 0.014983156696, -0.00793704483658, -0.00468640075997, 0.00726611446589, -0.00515133142471, 0.000744951015804, 0.0132860029116, -0.0211198981851, 0.0245501901954, -0.0357635915279, 0.0466756597161, -0.016763292253], [0.00529712811112, -0.00747484806925, 0.00698235677555, 0.000289036455797, -0.00456448551267, 0.0078985132277, -0.00042473844951, -0.00294016953558, 0.00586862536147, -0.00824342202395, 0.0157921854407, -0.016763292253, 0.0303944759071]]
    },
    "melbands": {
        "max": [0.00252250023186, 0.00839594379067, 0.00636264448985, 0.00682114297524, 0.00438383128494, 0.00909138284624, 0.00470456806943, 0.0048783342354, 0.00405323458835, 0.0072612776421, 0.00716112693772, 0.00472610350698, 0.00429106736556, 0.00206365948543, 0.00567579315975, 0.00269938772544, 0.00284435530193, 0.00220307451673, 0.00172513804864, 0.00175439729355, 0.00150033493992, 0.00141758518293, 0.000702379737049, 0.00104018161073, 0.000454827531939, 0.000274769583484, 0.000163395932759, 0.000266574526904, 0.000243929738645, 4.85325872432e-05, 2.07156663237e-05, 9.10946073418e-06, 2.84188126898e-06, 1.47412393403e-07, 8.63487485958e-08, 6.67653026198e-08, 5.02913763967e-08, 4.6309686752e-08, 3.99523791828e-08, 3.54520643953e-08],
        "mean": [0.000238586115302, 0.000762111856602, 0.000654262839817, 0.000490504258778, 0.000303148844978, 0.000375342584448, 0.000309482216835, 0.000304987974232, 0.000266483402811, 0.000378092488972, 0.000449280545581, 0.00025913931313, 0.000455083703855, 0.000239127024543, 0.00017338131147, 0.000182990581379, 0.00016562017845, 0.000133604364237, 8.0415586126e-05, 6.37366974843e-05, 3.96412324335e-05, 3.21397055814e-05, 3.65134546882e-05, 3.86999454349e-05, 3.71614587493e-05, 3.09674578602e-05, 2.43912545557e-05, 1.95954944502e-05, 8.53600249684e-06, 3.31351998284e-06, 1.45740614244e-06, 7.53370272832e-07, 2.14711320723e-07, 1.45586014355e-08, 5.26303534087e-09, 3.98265598278e-09, 3.303041618e-09, 2.39650432832e-09, 1.82660531145e-09, 1.43310807665e-09],
        "min": [2.56680850725e-05, 4.25243297286e-06, 8.79524304764e-06, 1.091741251e-05, 5.1421156968e-06, 6.31462580714e-06, 4.59837474409e-06, 4.89685498906e-06, 3.06353831547e-06, 2.18203172153e-06, 2.64012464868e-06, 2.64038476416e-06, 1.95580491891e-06, 1.89939282791e-06, 1.05941933271e-06, 4.19405807861e-07, 4.44337075578e-07, 5.7326070646e-07, 9.17320392091e-07, 5.77957109726e-07, 4.17765960492e-07, 4.3364715907e-07, 3.93933305531e-07, 4.43882555601e-07, 1.73692839667e-07, 1.04306096205e-07, 1.13415254077e-07, 5.76535619246e-08, 3.65904320176e-08, 1.63335105441e-08, 8.71989058737e-09, 5.12463138591e-09, 2.75886868906e-09, 1.69651626081e-09, 1.06263708943e-09, 1.37804445632e-09, 1.29075727884e-09, 9.05782893135e-10, 7.28273275019e-10, 5.31067578802e-10],
        "stdev": [0.000204611671506, 0.000870862742886, 0.000706070335582, 0.000572723685764, 0.000396480318159, 0.000549999880604, 0.000397539057303, 0.000408871972468, 0.000308977498207, 0.000539600965567, 0.000742577773053, 0.000361505139153, 0.000534881372005, 0.000259443506366, 0.000271423516097, 0.000255649501923, 0.000204919007956, 0.000199215079192, 0.000122465600725, 0.000114519403724, 8.94097174751e-05, 7.11042521289e-05, 4.81183051306e-05, 4.65321645606e-05, 4.21964468842e-05, 3.34559445037e-05, 2.22574708459e-05, 2.03162326216e-05, 1.11764011308e-05, 4.12795952798e-06, 1.93345226762e-06, 9.91260321825e-07, 2.90715547635e-07, 1.46106469145e-08, 3.01335489894e-09, 2.00772820591e-09, 1.42432687866e-09, 1.18512377689e-09, 9.50315826032e-10, 8.16478606946e-10]
    },
    "melbands128": {
        "max": [0.000518961052876, 0.00135835341644, 0.00229330849834, 0.00885876547545, 0.0121595645323, 0.0119309797883, 0.00933704338968, 0.00913750100881, 0.0111652929336, 0.00931773521006, 0.0114590385929, 0.00975930597633, 0.00649515539408, 0.00654331501573, 0.017046386376, 0.00922988913953, 0.00743153505027, 0.00606182543561, 0.00665627559647, 0.00780194532126, 0.0113431178033, 0.0057462179102, 0.0067876400426, 0.00484772119671, 0.00886401720345, 0.0120363561437, 0.0108192097396, 0.0130425747484, 0.00598647585139, 0.00896633788943, 0.00455618882552, 0.00506536755711, 0.00776099180803, 0.00759991258383, 0.00353547092527, 0.0030518672429, 0.00373672600836, 0.00867880415171, 0.0136932851747, 0.00246929936111, 0.00541201513261, 0.00521187391132, 0.00304151815362, 0.00469596218318, 0.00424216408283, 0.00441886577755, 0.00520212529227, 0.00192420685198, 0.00337209156714, 0.00482513569295, 0.00290009425953, 0.00378875271417, 0.00387879135087, 0.00241877441294, 0.00344194751233, 0.00189455330838, 0.0012060853187, 0.00161606504116, 0.00076792773325, 0.00099229789339, 0.000976307841484, 0.00241794763133, 0.00063071079785, 0.00068997888593, 0.00108187412843, 0.00042759248754, 0.00056852796115, 0.000345024396665, 0.00038379713078, 0.000472469517263, 0.000302482541883, 0.000472780753626, 0.000803578528576, 0.000146797043271, 0.000136623435537, 0.00011142565927, 4.83310650452e-05, 4.00268399972e-05, 4.40657386207e-05, 1.4464169908e-05, 1.25328297145e-05, 1.55651759997e-05, 9.88855026662e-06, 2.43011049861e-06, 7.2765914183e-07, 1.74838532985e-07, 9.43860243297e-08, 9.93273090444e-08, 9.12665285568e-08, 7.4504072245e-08, 6.64776891313e-08, 7.16253012456e-08, 5.51721832664e-08, 4.85308966347e-08, 4.86422351287e-08, 4.32908926484e-08, 5.09161282025e-08, 4.1889610003e-08, 3.9590219103e-08, 4.00434245762e-08, 3.5116364927e-08, 3.45429924664e-08, 3.6563005068e-08, 2.89928792085e-08, 2.98923978903e-08, 2.8542842756e-08, 2.84531846972e-08, 2.71280047315e-08, 2.47849420987e-08, 2.20780105309e-08, 2.1973098896e-08, 2.23882903327e-08, 2.11579678222e-08, 2.04149497307e-08, 1.79985857329e-08, 1.86666504476e-08, 2.10555590741e-08, 1.77423853387e-08, 1.69598273203e-08, 1.64269060576e-08, 1.6010112347e-08, 1.56088564296e-08, 1.52946082466e-08, 1.49931391746e-08, 1.47662566619e-08, 1.45513050498e-08, 1.44247973566e-08, 1.43504230721e-08],
        "mean": [0.00017044613196, 0.000107918895083, 0.00020560118719, 0.0005939505063, 0.000883281871211, 0.000852074939758, 0.000651726615615, 0.000592958240304, 0.000668369175401, 0.000486940291012, 0.000389756984077, 0.000352423958248, 0.000262153043877, 0.000257116334978, 0.000356423523044, 0.000457004091004, 0.000450943916803, 0.000257572653936, 0.000157939924975, 0.000318808975862, 0.000380187004339, 0.000262629968347, 0.000284001172986, 0.000196038425202, 0.000357215729309, 0.000414973386796, 0.000499600428157, 0.000584259978496, 0.00025078188628, 0.000269521638984, 0.000209942794754, 0.000326486653648, 0.000567070033867, 0.000515165855177, 0.000225950832828, 0.00019099698693, 0.000187134661246, 0.000132430883241, 0.000220022804569, 0.000172427069629, 0.000193658561329, 0.000154711917276, 0.000164545504958, 0.000183108408237, 0.000133551089675, 0.000141493830597, 0.000112666297355, 6.85869817971e-05, 7.63213902246e-05, 6.96362039889e-05, 5.70682714169e-05, 6.81709425407e-05, 4.23265446443e-05, 2.74098674709e-05, 3.16323130392e-05, 3.41169725289e-05, 2.92078384518e-05, 3.50487680407e-05, 3.86172941944e-05, 4.33507520938e-05, 3.41102640959e-05, 3.90468339901e-05, 4.34899520769e-05, 3.49558358721e-05, 3.03689339489e-05, 3.2066473068e-05, 3.21304360114e-05, 2.23775350605e-05, 2.18490713451e-05, 2.91303695121e-05, 1.7433458197e-05, 1.96052587853e-05, 1.08640842882e-05, 6.9689058364e-06, 4.08161849919e-06, 4.10109169025e-06, 2.68970666184e-06, 1.68498570474e-06, 1.43773377204e-06, 9.8153975614e-07, 8.33396427424e-07, 6.66612322675e-07, 4.2276266754e-07, 1.74731766833e-07, 4.7221995203e-08, 1.18165726093e-08, 7.51208339977e-09, 6.41064046292e-09, 5.05036856779e-09, 4.55265602994e-09, 4.17957179977e-09, 3.70348551826e-09, 3.85221454735e-09, 3.47329609518e-09, 2.8842266353e-09, 2.59549404191e-09, 2.33269026317e-09, 2.04277084137e-09, 1.86879089981e-09, 1.68967817515e-09, 1.58320045962e-09, 1.41131695219e-09, 1.22937737768e-09, 1.13730846962e-09, 1.00513308787e-09, 9.05764019343e-10, 8.01500144032e-10, 7.11558145738e-10, 6.05862082725e-10, 5.3530690991e-10, 4.58445531537e-10, 4.05015881944e-10, 3.5270300569e-10, 3.33607613756e-10, 3.88309662203e-10, 2.63782840015e-09, 4.55770310381e-09, 1.56809148999e-11, 1.3084663561e-11, 1.27112435161e-11, 1.24032182094e-11, 1.21199812339e-11, 1.18718047545e-11, 1.16526640767e-11, 1.14880457577e-11, 1.13401120092e-11, 1.12461194871e-11, 1.11809311809e-11],
        "min": [3.41641089108e-06, 1.19608266687e-05, 1.52677716869e-06, 1.03873207991e-06, 7.38141011425e-07, 1.4131539956e-06, 1.69987981735e-06, 1.49589948251e-06, 1.46302079429e-06, 3.52533106707e-06, 1.84747636922e-06, 3.20345463933e-07, 5.77409139169e-07, 1.45611488733e-06, 1.5395473838e-06, 5.3061160088e-07, 2.14846113522e-06, 1.01109685602e-06, 5.18243155057e-07, 1.54122949425e-06, 1.23655286188e-06, 1.7454326553e-06, 1.99954186542e-07, 6.79391519043e-07, 2.57745512044e-07, 1.0157204855e-07, 1.17346905881e-06, 5.21911090345e-07, 5.04312993144e-07, 2.62789598082e-07, 2.49399647601e-07, 3.79484845325e-07, 9.54145889409e-07, 5.3589133131e-07, 2.02965907192e-07, 1.04608034235e-07, 7.86195812452e-07, 5.4368496194e-07, 2.87755511863e-07, 2.80192296032e-07, 5.92427937818e-08, 2.47404123854e-08, 2.65983260306e-07, 2.09407716056e-07, 6.78728895309e-08, 9.47663991724e-08, 2.38737413838e-07, 6.81883562947e-08, 1.33666418378e-07, 1.5816929988e-07, 1.53298813643e-07, 1.65983493616e-07, 6.80527207919e-08, 1.8888728448e-07, 2.12353882034e-07, 6.82070364633e-08, 9.56228660698e-08, 1.50829549739e-07, 2.65540478495e-07, 1.33772175559e-07, 1.90156455915e-07, 4.15598222503e-08, 8.30716118116e-08, 6.29803693641e-08, 3.89706400483e-08, 6.90352237598e-08, 6.53763905234e-08, 2.45103688457e-08, 3.79694391484e-08, 6.11454566979e-08, 2.4904670326e-08, 2.97501596691e-08, 2.08501536036e-08, 1.59145567835e-08, 1.7329190527e-08, 1.43556997401e-08, 7.46142436725e-09, 5.64790259006e-09, 4.09420142233e-09, 3.7864933411e-09, 4.9835873206e-09, 2.12603046279e-09, 1.73531766734e-09, 1.65988156553e-09, 9.90140303081e-10, 1.0704892528e-09, 6.36260377718e-10, 6.76716571668e-10, 6.22123907945e-10, 2.04795388981e-10, 7.21833481876e-10, 5.23627197158e-10, 7.33596627889e-10, 7.26659010741e-10, 6.05132499665e-10, 5.33541655301e-10, 4.42896302966e-10, 4.70656513762e-10, 3.99244609595e-10, 3.79842907128e-10, 3.34636734989e-10, 3.2320410237e-10, 3.19199194854e-10, 2.40297559628e-10, 1.79149139967e-10, 2.77623951606e-10, 1.79514195175e-10, 1.8215078057e-10, 1.47093892622e-10, 1.28934890542e-10, 1.16244569526e-10, 1.007739725e-10, 6.6779012875e-11, 6.13985043363e-11, 1.7943719427e-11, 3.28946425654e-10, 3.98844568483e-10, 4.94814638482e-13, 1.15310891261e-13, 1.14202037041e-13, 1.06947403136e-13, 1.16990442399e-13, 1.45451156002e-13, 1.10513181451e-13, 1.4298105885e-13, 1.07825539133e-13, 1.59675983373e-13, 1.52400485352e-13],
        "stdev": [7.44633944123e-05, 0.000106641302409, 0.000232440288528, 0.000765600882005, 0.00119365658611, 0.00117718521506, 0.000930212496314, 0.000850194483064, 0.000944820989389, 0.000659456127323, 0.00078585970914, 0.000642224564217, 0.000430856016465, 0.000436871749116, 0.00084505835548, 0.000725278630853, 0.000692773493938, 0.000492045248393, 0.000324145163177, 0.0005347043043, 0.000687107851263, 0.000404700753279, 0.000469566119136, 0.000364834646462, 0.000670028559398, 0.00081224180758, 0.0011417826172, 0.00133053667378, 0.00044404406799, 0.000629304733593, 0.000439744500909, 0.000588913040701, 0.000860971165821, 0.000758047797717, 0.000393841182813, 0.000312906922773, 0.00032151711639, 0.000330456648953, 0.000561550550628, 0.000268015108304, 0.000421931967139, 0.000350043352228, 0.000263429217739, 0.000315279205097, 0.000301994004985, 0.000334068201482, 0.000243699207203, 0.000150014006067, 0.000191728453501, 0.000224219693337, 0.000119647505926, 0.000216730055399, 0.00015190897102, 8.19585475256e-05, 0.000115689043014, 9.73801143118e-05, 7.78906687628e-05, 7.01112585375e-05, 7.68984609749e-05, 8.07193864603e-05, 5.8417859691e-05, 8.41881919769e-05, 6.03027765465e-05, 5.77049613639e-05, 5.90526396991e-05, 4.65359407826e-05, 4.69797305414e-05, 3.44333675457e-05, 2.89621530101e-05, 4.12769222748e-05, 2.44078219112e-05, 3.32060008077e-05, 2.53613488894e-05, 1.12996776807e-05, 6.30927524981e-06, 7.16815293345e-06, 4.51563209936e-06, 2.96802113553e-06, 2.57737337961e-06, 1.34226843329e-06, 1.27310897824e-06, 1.16547823836e-06, 7.32683588467e-07, 2.44619968726e-07, 6.61001706703e-08, 1.30596289338e-08, 5.90373350207e-09, 4.8462380775e-09, 3.36068639584e-09, 2.86868062638e-09, 2.70978195438e-09, 2.27918572904e-09, 2.06183758955e-09, 1.75199810215e-09, 1.60089252965e-09, 1.45730305601e-09, 1.44055589679e-09, 1.18298537632e-09, 1.10156983535e-09, 1.05592501409e-09, 9.58960688635e-10, 8.92418361431e-10, 8.86771600594e-10, 7.2834033249e-10, 7.16664450007e-10, 6.82444323274e-10, 6.6269023602e-10, 6.16134310238e-10, 5.62190072273e-10, 5.00501751155e-10, 4.87391016435e-10, 4.90171403467e-10, 4.611155624e-10, 4.45290998519e-10, 4.11540745926e-10, 1.37586442239e-09, 2.56415289002e-09, 3.74953318394e-10, 3.58474389062e-10, 3.47232270714e-10, 3.38422012636e-10, 3.29959476408e-10, 3.23303744887e-10, 3.16955212076e-10, 3.12159492699e-10, 3.07610742434e-10, 3.04939157258e-10, 3.03369024346e-10]
    },
    "mfcc": {
        "mean": [-651.231201172, 195.942245483, -83.9229049683, 49.4308280945, -23.0762519836, 0.811510503292, 15.3036289215, -9.01133537292, 4.12305688858, -1.59885716438, -0.102671258152, -2.91887497902, -4.90789031982],
        "cov": [[1232.98034668, -280.484588623, -726.550537109, 146.206237793, -355.036621094, 224.208465576, 175.701217651, 7.66888189316, 55.9907836914, -57.1768569946, 109.545257568, -104.907783508, -29.6560382843], [-280.484588623, 198.274459839, 238.263061523, -61.6651191711, 102.114898682, -65.8865432739, -47.8202171326, -10.2327747345, -31.3880004883, 15.915640831, -19.6660251617, 31.0834751129, 1.95699238777], [-726.550537109, 238.263061523, 589.445129395, -42.2713088989, 209.730194092, -108.677261353, -142.751663208, -11.9645872116, -32.6767730713, -7.63192462921, -59.1646995544, 78.0008926392, 18.7369003296], [146.206237793, -61.6651191711, -42.2713088989, 141.935256958, -4.06684398651, 8.11264705658, -17.0347251892, -13.8469333649, 35.2118606567, -28.6916332245, -20.1202354431, 8.20219612122, -1.39790189266], [-355.036621094, 102.114898682, 209.730194092, -4.06684398651, 228.503295898, -59.7733612061, -99.9462890625, -11.1229228973, -0.456926912069, 13.4867391586, -64.5010375977, 33.4376449585, 6.91948699951], [224.208465576, -65.8865432739, -108.677261353, 8.11264705658, -59.7733612061, 171.97442627, 66.3252105713, 14.4430351257, 15.1228923798, -27.4323921204, 51.7777328491, -41.6751060486, -10.3348703384], [175.701217651, -47.8202171326, -142.751663208, -17.0347251892, -99.9462890625, 66.3252105713, 172.822036743, 42.4615364075, -29.4759311676, 23.3370800018, 46.5411186218, -36.0770606995, -4.94664621353], [7.66888189316, -10.2327747345, -11.9645872116, -13.8469333649, -11.1229228973, 14.4430351257, 42.4615364075, 69.467918396, 8.17154979706, 2.29409408569, 18.6028003693, -23.9430046082, -3.32359647751], [55.9907836914, -31.3880004883, -32.6767730713, 35.2118606567, -0.456926912069, 15.1228923798, -29.4759311676, 8.17154979706, 90.9384002686, 17.3239002228, -12.5532093048, -5.0764374733, -19.4884090424], [-57.1768569946, 15.915640831, -7.63192462921, -28.6916332245, 13.4867391586, -27.4323921204, 23.3370800018, 2.29409408569, 17.3239002228, 85.4239425659, 11.2492713928, -8.9093914032, -6.99619197845], [109.545257568, -19.6660251617, -59.1646995544, -20.1202354431, -64.5010375977, 51.7777328491, 46.5411186218, 18.6028003693, -12.5532093048, 11.2492713928, 92.0767288208, -8.00041770935, -4.34239768982], [-104.907783508, 31.0834751129, 78.0008926392, 8.20219612122, 33.4376449585, -41.6751060486, -36.0770606995, -23.9430046082, -5.0764374733, -8.9093914032, -8.00041770935, 80.8991012573, 21.8708343506], [-29.6560382843, 1.95699238777, 18.7369003296, -1.39790189266, 6.91948699951, -10.3348703384, -4.94664621353, -3.32359647751, -19.4884090424, -6.99619197845, -4.34239768982, 21.8708343506, 59.5611114502]],
        "icov": [[0.0113321989775, -0.0101196346804, 0.0138100851327, -0.0110848518088, 0.00903897359967, -0.00759403407574, 0.00507629988715, -0.00255509838462, 0.00155687937513, 0.00159337976947, -0.000587338465266, 0.000537449435797, -0.000262044253759], [-0.0101196346804, 0.022083895281, -0.016744017601, 0.0140924723819, -0.01091958303, 0.00983451958746, -0.00731740007177, 0.0059208762832, -0.00208167987876, -0.000101510609966, -0.00176052807365, 0.000441619689809, 0.00154800177552], [0.0138100851327, -0.016744017601, 0.0215239841491, -0.0143185025081, 0.0103605194017, -0.0104673905298, 0.00923032220453, -0.00632872991264, 0.0041425479576, 0.000986242201179, 0.000725782825612, -0.00193602486979, -5.21508554812e-05], [-0.0110848518088, 0.0140924723819, -0.0143185025081, 0.022211946547, -0.0114582031965, 0.0106411902234, -0.00903875101358, 0.00800171587616, -0.0088340388611, 0.00554879009724, -0.0010794979753, 0.000419351737946, -0.000554625876248], [0.00903897359967, -0.01091958303, 0.0103605194017, -0.0114582031965, 0.0188550725579, -0.0116664906964, 0.012419693172, -0.00949077773839, 0.00847893301398, -0.00779703166336, 0.00831719767302, -0.00389763806015, 0.00151431048289], [-0.00759403407574, 0.00983451958746, -0.0104673905298, 0.0106411902234, -0.0116664906964, 0.021424960345, -0.0142892533913, 0.0120854582638, -0.0133246602491, 0.0129090482369, -0.0114800548181, 0.00867616292089, -0.00286743743345], [0.00507629988715, -0.00731740007177, 0.00923032220453, -0.00903875101358, 0.012419693172, -0.0142892533913, 0.0237182192504, -0.0171607285738, 0.0172531455755, -0.0149848684669, 0.0083718020469, -0.0062831104733, 0.00354467635043], [-0.00255509838462, 0.0059208762832, -0.00632872991264, 0.00800171587616, -0.00949077773839, 0.0120854582638, -0.0171607285738, 0.0312889665365, -0.0170486606658, 0.0144779998809, -0.0123820872977, 0.0121088409796, -0.004994480405], [0.00155687937513, -0.00208167987876, 0.0041425479576, -0.0088340388611, 0.00847893301398, -0.0133246602491, 0.0172531455755, -0.0170486606658, 0.0303078629076, -0.0191215556115, 0.0126561950892, -0.00925282295793, 0.00850857235491], [0.00159337976947, -0.000101510609966, 0.000986242201179, 0.00554879009724, -0.00779703166336, 0.0129090482369, -0.0149848684669, 0.0144779998809, -0.0191215556115, 0.0302211046219, -0.0137700010091, 0.00992263574153, -0.00402844557539], [-0.000587338465266, -0.00176052807365, 0.000725782825612, -0.0010794979753, 0.00831719767302, -0.0114800548181, 0.0083718020469, -0.0123820872977, 0.0126561950892, -0.0137700010091, 0.0247609261423, -0.00940541736782, 0.00434042513371], [0.000537449435797, 0.000441619689809, -0.00193602486979, 0.000419351737946, -0.00389763806015, 0.00867616292089, -0.0062831104733, 0.0121088409796, -0.00925282295793, 0.00992263574153, -0.00940541736782, 0.0233575738966, -0.00814049411565], [-0.000262044253759, 0.00154800177552, -5.21508554812e-05, -0.000554625876248, 0.00151431048289, -0.00286743743345, 0.00354467635043, -0.004994480405, 0.00850857235491, -0.00402844557539, 0.00434042513371, -0.00814049411565, 0.0215701982379]]
    },
    "spectral_contrast_coeffs": {
        "max": [-0.499094724655, -0.484376817942, -0.469401329756, -0.5699031353, -0.609595537186, -0.529340803623],
        "mean": [-0.715519547462, -0.747422337532, -0.701071977615, -0.745658993721, -0.746123313904, -0.668649733067],
        "min": [-0.860792696476, -0.904547631741, -0.883870780468, -0.880538761616, -0.857404470444, -0.831579327583],
        "stdev": [0.0546546466649, 0.0617404356599, 0.0632352828979, 0.0500955544412, 0.038761716336, 0.0617843046784]
    },
    "spectral_contrast_valleys": {
        "max": [-5.20443820953, -4.88803005219, -5.43489170074, -5.95945072174, -5.85269737244, -9.67773628235],
        "mean": [-6.65577983856, -6.276512146, -6.78750514984, -7.08742141724, -7.1648888588, -12.3747224808],
        "min": [-8.53042507172, -7.68698167801, -8.63562011719, -8.92716217041, -9.13068199158, -12.7472066879],
        "stdev": [0.433513820171, 0.431556344032, 0.51297801733, 0.525480568409, 0.583329319954, 0.124251075089]
    }
},
"rhythm": {
    "beats_count": 118,
    "beats_loudness": {
        "max": 0.0718544945121,
        "mean": 0.0328328385949,
        "min": 0.00806090515107,
        "stdev": 0.0100872218609
    },
    "bpm": 136.546737671,
    "bpm_histogram_first_peak_bpm": 136,
    "bpm_histogram_first_peak_weight": 0.38095241785,
    "bpm_histogram_second_peak_bpm": 144,
    "bpm_histogram_second_peak_spread": 0,
    "bpm_histogram_second_peak_weight": 0.0512820519507,
    "danceability": 1.04883182049,
    "onset_rate": 1.93277359009,
    "beats_loudness_band_ratio": {
        "max": [0.695902526379, 0.709811925888, 0.636423885822, 0.661562860012, 0.549446284771, 0.14742821455],
        "mean": [0.175912708044, 0.147472172976, 0.238079488277, 0.30857115984, 0.142562106252, 0.0501286610961],
        "min": [0.0224350895733, 0.0274247024208, 0.0297372024506, 0.0166651252657, 0.0101991435513, 0.00122962705791],
        "stdev": [0.120519481599, 0.123773992062, 0.130811244249, 0.168658807874, 0.106094896793, 0.0334506891668]
    },
