{
"metadata": {
    "version": {
        "essentia": "2.1-beta5",
        "essentia_git_sha": "Undefined",
        "extractor": "music 2.0"
    },
    "audio_properties": {
        "analysis": {
            "equal_loudness": 0,
            "length": 48.7502937317,
            "sample_rate": 44100,
            "start_time": 61.4980506897,
            "downmix": "mix"
        },
        "bit_rate": 192000,
        "length": 188.685348511,
        "lossless": 0,
        "number_channels": 2,
        "replay_gain": -6.64578437805,
        "sample_rate": 48000,
        "codec": "mp3",
        "md5_encoded": "4a01d1fc0b5ed405af2ef2ab423815e6"
    },
    "tags": {
        "file_name": "France_La Source_Isabelle Aubret.mp3",
        "encoding": ["Lavf58.29.100"]
    }
},
"lowlevel": {
    "average_loudness": 0.947161793709,
    "barkbands_crest": {
        "max": 25.4105987549,
        "mean": 11.4628353119,
        "min": 3.24599337578,
        "stdev": 4.09218263626
    },
    "barkbands_flatness_db": {
        "max": 0.434118956327,
        "mean": 0.249244019389,
        "min": 0.096885971725,
        "stdev": 0.0452414304018
    },
    "barkbands_kurtosis": {
        "max": 228.417480469,
        "mean": 7.946641922,
        "min": -1.89687085152,
        "stdev": 10.4013633728
    },
    "barkbands_skewness": {
        "max": 9.94017982483,
        "mean": 1.78392803669,
        "min": -1.4056699276,
        "stdev": 1.16036915779
    },
    "barkbands_spread": {
        "max": 98.0212173462,
        "mean": 8.63060665131,
        "min": 0.449665546417,
        "stdev": 8.80271244049
    },
    "dissonance": {
        "max": 0.499007612467,
        "mean": 0.412776619196,
        "min": 0.211030557752,
        "stdev": 0.0448295995593
    },
    "dynamic_complexity": 2.01397609711,
    "erbbands_crest": {
        "max": 30.7166309357,
        "mean": 13.7108821869,
        "min": 3.39056682587,
        "stdev": 5.39943218231
    },
    "erbbands_flatness_db": {
        "max": 0.378043621778,
        "mean": 0.256413936615,
        "min": 0.0998952239752,
        "stdev": 0.0436976440251
    },
    "erbbands_kurtosis": {
        "max": 48.0353546143,
        "mean": 2.97821044922,
        "min": -1.83241927624,
        "stdev": 4.39947795868
    },
    "erbbands_skewness": {
        "max": 5.97838306427,
        "mean": 1.11063206196,
        "min": -2.70409440994,
        "stdev": 0.872789442539
    },
    "erbbands_spread": {
        "max": 156.428817749,
        "mean": 22.1564807892,
        "min": 2.69696235657,
        "stdev": 16.3049793243
    },
    "hfc": {
        "max": 74.7407226562,
        "mean": 14.9415416718,
        "min": 0.102510139346,
        "stdev": 9.2530632019
    },
    "loudness_ebu128": {
        "integrated": -16.7584915161,
        "loudness_range": 2.61109161377,
        "momentary": {
            "max": -13.1477966309,
            "mean": -17.0695762634,
            "min": -23.6244468689,
            "stdev": 1.70897173882
        },
        "short_term": {
            "max": -14.6462631226,
            "mean": -16.8191566467,
            "min": -18.4409618378,
            "stdev": 0.844389557838
        }
    },
    "melbands_crest": {
        "max": 30.8534469604,
        "mean": 15.6138095856,
        "min": 4.70044565201,
        "stdev": 5.13016843796
    },
    "melbands_flatness_db": {
        "max": 0.50679153204,
        "mean": 0.295498609543,
        "min": 0.0763541460037,
        "stdev": 0.060198135674
    },
    "melbands_kurtosis": {
        "max": 147.120834351,
        "mean": 11.6149301529,
        "min": -1.51963019371,
        "stdev": 12.5870409012
    },
    "melbands_skewness": {
        "max": 8.24175262451,
        "mean": 2.10070943832,
        "min": -1.13187873363,
        "stdev": 1.34314203262
    },
    "melbands_spread": {
        "max": 156.666503906,
        "mean": 10.156416893,
        "min": 0.63972401619,
        "stdev": 9.19572544098
    },
    "pitch_salience": {
        "max": 0.815129101276,
        "mean": 0.521388828754,
        "min": 0.190835893154,
        "stdev": 0.100780621171
    },
    "silence_rate_20dB": {
        "max": 1,
        "mean": 1,
        "min": 1,
        "stdev": 0
    },
    "silence_rate_30dB": {
        "max": 1,
        "mean": 0.999048054218,
        "min": 0,
        "stdev": 0.030838822946
    },
    "silence_rate_60dB": {
        "max": 1,
        "mean": 0.000475963839563,
        "min": 0,
        "stdev": 0.0218115691096
    },
    "spectral_centroid": {
        "max": 3500.31762695,
        "mean": 613.184448242,
        "min": 192.331802368,
        "stdev": 330.972930908
    },
    "spectral_complexity": {
        "max": 34,
        "mean": 12.0109472275,
        "min": 0,
        "stdev": 3.70848298073
    },
    "spectral_decrease": {
        "max": -8.16484033161e-11,
        "mean": -8.47963299577e-09,
        "min": -3.02504901128e-08,
        "stdev": 4.53470638817e-09
    },
    "spectral_energy": {
        "max": 0.118181996047,
        "mean": 0.0333593338728,
        "min": 0.000317458470818,
        "stdev": 0.0176940839738
    },
    "spectral_energyband_high": {
        "max": 0.0094985710457,
        "mean": 0.000156983311172,
        "min": 4.6193201797e-07,
        "stdev": 0.000583795947023
    },
    "spectral_energyband_low": {
        "max": 0.0734078586102,
        "mean": 0.00659768981859,
        "min": 5.63276371395e-05,
        "stdev": 0.00875972490758
    },
    "spectral_energyband_middle_high": {
        "max": 0.0359856747091,
        "mean": 0.00291226268746,
        "min": 3.87111140299e-05,
        "stdev": 0.00389430811629
    },
    "spectral_energyband_middle_low": {
        "max": 0.105918757617,
        "mean": 0.0247937273234,
        "min": 0.000125430175103,
        "stdev": 0.0156420171261
    },
    "spectral_entropy": {
        "max": 8.44577217102,
        "mean": 6.69426441193,
        "min": 4.79935455322,
        "stdev": 0.477056920528
    },
    "spectral_flux": {
        "max": 0.231891602278,
        "mean": 0.0762631669641,
        "min": 0.009949256666,
        "stdev": 0.0338039211929
    },
    "spectral_kurtosis": {
        "max": 48.080997467,
        "mean": 10.8010692596,
        "min": -1.44360721111,
        "stdev": 7.72357416153
    },
    "spectral_rms": {
        "max": 0.0107377609238,
        "mean": 0.005488042254,
        "min": 0.000556520943064,
        "stdev": 0.00155791721772
    },
    "spectral_rolloff": {
        "max": 8871.6796875,
        "mean": 719.184082031,
        "min": 107.666015625,
        "stdev": 774.501220703
    },
    "spectral_skewness": {
        "max": 5.45648384094,
        "mean": 2.31316375732,
        "min": -0.0577003806829,
        "stdev": 0.84241604805
    },
    "spectral_spread": {
        "max": 12026139,
        "mean": 2887462.75,
        "min": 1453470,
        "stdev": 1249253.375
    },
    "spectral_strongpeak": {
        "max": 7.71916437149,
        "mean": 1.45612609386,
        "min": 0,
        "stdev": 1.14619421959
    },
    "zerocrossingrate": {
        "max": 0.2646484375,
        "mean": 0.0297261252999,
        "min": 0.00439453125,
        "stdev": 0.0210954640061
    },
    "barkbands": {
        "max": [0.000157365662744, 0.037925966084, 0.0365962572396, 0.0284637641162, 0.043032605201, 0.0976039767265, 0.0588390007615, 0.0587560907006, 0.0724682509899, 0.0318612083793, 0.0145053612068, 0.0292531996965, 0.00787903927267, 0.00493200588971, 0.00584708619863, 0.00222461880185, 0.00621923897415, 0.00333617627621, 0.00182032084558, 0.00239360774867, 0.00144664151594, 0.00664476957172, 0.00573706673458, 0.00335396197625, 0.000470811122796, 6.90533124725e-06, 7.37932714401e-06],
        "mean": [1.55411180458e-05, 0.00222269515507, 0.00340204429813, 0.00152495119255, 0.0073554860428, 0.00606560660526, 0.00352107640356, 0.00407945597544, 0.0019138159696, 0.000840585562401, 0.000443474651547, 0.00084638124099, 0.000198356545297, 0.000139764422784, 0.000184187025297, 0.000109169290226, 0.00019277575484, 7.5554009527e-05, 5.05257230543e-05, 4.86808494315e-05, 2.37082622334e-05, 3.43017964042e-05, 3.42281564372e-05, 3.28003552568e-05, 4.14961323258e-06, 4.32403668427e-09, 4.60967841676e-09],
        "min": [3.13672323671e-08, 1.14917274914e-05, 5.43418445886e-06, 2.11427550312e-06, 5.52468482056e-05, 1.53715172928e-05, 4.74830630992e-06, 3.41748977917e-06, 6.10150345892e-06, 1.9444719328e-06, 1.35435868742e-06, 1.47846913023e-06, 6.42664417683e-07, 3.54411270109e-07, 8.00801331025e-07, 7.05560410097e-07, 7.66360528814e-07, 5.48966568203e-07, 2.42805242578e-07, 1.21750233006e-07, 8.95676279811e-08, 9.23838783251e-08, 1.01281798948e-07, 6.94973607551e-08, 1.03456594402e-08, 2.5363537659e-11, 3.39623051904e-11],
        "stdev": [1.6162157408e-05, 0.00379395671189, 0.00479175522923, 0.00283864815719, 0.00685488665476, 0.0111759211868, 0.00596918119118, 0.00690180202946, 0.00474640959874, 0.0018632087158, 0.00110122619662, 0.00277531053871, 0.000478592555737, 0.000289267976768, 0.000415468675783, 0.000177973881364, 0.000557720777579, 0.000171147810761, 9.15894852369e-05, 0.00013402341574, 7.83510986366e-05, 0.000243386137299, 0.000210610392969, 0.000195500193513, 2.91617106996e-05, 1.50598708615e-07, 1.60937062788e-07]
    },
    "erbbands": {
        "max": [0.219340071082, 11.4516944885, 47.8935317993, 86.9587249756, 88.3367767334, 239.257507324, 518.815063477, 1133.58093262, 1036.04406738, 1026.45678711, 1304.16699219, 1927.99438477, 1185.3104248, 526.831604004, 505.638061523, 1492.39123535, 405.774139404, 284.674865723, 358.35369873, 204.010925293, 195.66847229, 406.079467773, 94.1183547974, 215.931594849, 73.6915359497, 112.576957703, 84.3032455444, 76.4730911255, 286.838775635, 197.851699829, 164.690887451, 83.0355377197, 66.7503356934, 11.5978937149, 0.525149106979, 0.0274837166071, 0.0127875870094, 0.00456908391789, 0.00105015293229, 0.000131589869852],
        "mean": [0.015926187858, 0.69038015604, 3.98383760452, 4.76115322113, 12.5703277588, 25.7493457794, 45.7136993408, 45.8053588867, 48.5672416687, 64.9663467407, 92.3849945068, 47.7612419128, 29.5100917816, 23.4131584167, 20.3976020813, 38.1309127808, 11.8327531815, 8.98624992371, 9.36494731903, 8.14814090729, 6.79380083084, 9.70697975159, 4.3751578331, 3.62047982216, 2.11836481094, 2.44799160957, 1.35876452923, 0.85801410675, 1.24079394341, 1.13113903999, 0.939777374268, 0.73331362009, 0.508898198605, 0.114853456616, 0.00445803673938, 0.000209895995795, 3.64388433809e-05, 8.28712927614e-06, 1.74919350684e-05, 3.78782860935e-05],
        "min": [0.000160939554917, 0.00148529210128, 0.0138893863186, 0.0261886361986, 0.0384492278099, 0.207697466016, 0.210278972983, 0.119841516018, 0.071230083704, 0.115291677415, 0.152921497822, 0.151715397835, 0.133823692799, 0.179769009352, 0.161829724908, 0.0956746339798, 0.0514207109809, 0.0274495333433, 0.052481085062, 0.0843073278666, 0.0468160547316, 0.0342174880207, 0.0196825005114, 0.0130140790716, 0.00882622227073, 0.00703477486968, 0.00262578786351, 0.00473162252456, 0.00343680894002, 0.00311419414356, 0.00296428520232, 0.00174036517274, 0.00103229726665, 0.000235332132434, 4.29143437941e-05, 4.87522447656e-06, 1.22430969896e-06, 2.5538116688e-07, 8.12816267626e-07, 4.18339595853e-07],
        "stdev": [0.0199027899653, 1.18643832207, 6.12899875641, 8.10328483582, 13.5694952011, 30.4535179138, 67.1385955811, 118.324996948, 87.8580093384, 119.982513428, 155.124771118, 123.734458923, 68.6441955566, 42.9098434448, 41.2871932983, 126.72844696, 25.4398326874, 15.9828310013, 24.1904563904, 14.3781194687, 11.9257421494, 29.8435325623, 8.66781330109, 8.76196956635, 4.21440935135, 6.60231733322, 3.8995423317, 3.63284850121, 9.27244281769, 7.11578798294, 5.84654521942, 4.00314235687, 3.4297068119, 0.77961152792, 0.0296631772071, 0.00126159528736, 0.00029908324359, 0.000101453915704, 2.43796584982e-05, 1.96634300664e-05]
    },
    "gfcc": {
        "mean": [-62.4476585388, 175.872756958, -135.212631226, 30.5734157562, -71.6384658813, -3.3535964489, -34.5889968872, -10.5316352844, -4.09409046173, -27.1913089752, 9.27788257599, -26.7194366455, 4.09577655792],
        "cov": [[1112.73840332, -341.051513672, -304.567016602, 53.1844787598, -158.082046509, 95.6273880005, 2.05911064148, 49.7131347656, 34.2892913818, 21.9422168732, 15.7973470688, -17.2826271057, -16.5366210938], [-341.051513672, 678.789672852, 89.4689025879, -260.157989502, 297.657104492, -175.661727905, 152.834335327, 1.97185921669, -17.2510128021, -5.34774684906, 66.8917770386, -82.9321060181, -35.3428649902], [-304.567016602, 89.4689025879, 523.168029785, 82.4074478149, 4.59898138046, 94.7593917847, -43.9927368164, 2.06021714211, 3.13414216042, -29.4165344238, -22.0817756653, 14.4375505447, -31.9662055969], [53.1844787598, -260.157989502, 82.4074478149, 442.051635742, -11.9032773972, 4.05766487122, -99.9897460938, -35.7826461792, 57.8126754761, -21.0219802856, -59.1561927795, 86.1092071533, 11.8776664734], [-158.082046509, 297.657104492, 4.59898138046, -11.9032773972, 287.281219482, -85.6499023438, 48.8621520996, 2.57896018028, 5.47885799408, -1.05031168461, 13.6526889801, -3.8264541626, 0.983680129051], [95.6273880005, -175.661727905, 94.7593917847, 4.05766487122, -85.6499023438, 351.700073242, 64.6076278687, 31.7456169128, -50.429561615, 8.50268745422, -33.2390136719, -3.98307299614, 4.46115493774], [2.05911064148, 152.834335327, -43.9927368164, -99.9897460938, 48.8621520996, 64.6076278687, 225.122817993, 40.3575592041, -51.1834144592, 19.3062267303, 18.886674881, -36.8921928406, -17.45362854], [49.7131347656, 1.97185921669, 2.06021714211, -35.7826461792, 2.57896018028, 31.7456169128, 40.3575592041, 92.850944519, 20.0272960663, 8.19628047943, 5.72273540497, -20.0494651794, 1.8245652914], [34.2892913818, -17.2510128021, 3.13414216042, 57.8126754761, 5.47885799408, -50.429561615, -51.1834144592, 20.0272960663, 106.753227234, 28.5796298981, -8.1326084137, 10.3540363312, -2.74939489365], [21.9422168732, -5.34774684906, -29.4165344238, -21.0219802856, -1.05031168461, 8.50268745422, 19.3062267303, 8.19628047943, 28.5796298981, 89.4812545776, 19.3001537323, -13.7944898605, 2.37952136993], [15.7973470688, 66.8917770386, -22.0817756653, -59.1561927795, 13.6526889801, -33.2390136719, 18.886674881, 5.72273540497, -8.1326084137, 19.3001537323, 83.26222229, 8.45224285126, -14.6950244904], [-17.2826271057, -82.9321060181, 14.4375505447, 86.1092071533, -3.8264541626, -3.98307299614, -36.8921928406, -20.0494651794, 10.3540363312, -13.7944898605, 8.45224285126, 105.871711731, 37.4083099365], [-16.5366210938, -35.3428649902, -31.9662055969, 11.8776664734, 0.983680129051, 4.46115493774, -17.45362854, 1.8245652914, -2.74939489365, 2.37952136993, -14.6950244904, 37.4083099365, 86.5740814209]],
        "icov": [[0.00143411790486, 0.000704029167537, 0.000777398177888, -0.00014176138211, 5.14298844791e-05, -0.000413090107031, -0.000279339641565, -0.000210159851122, -0.000930500740651, 0.000692783039995, -0.00112139817793, 0.0008304460207, 0.000238882174017], [0.000704029167537, 0.0131660103798, -0.00454408489168, 0.00575332343578, -0.00970297213644, 0.00445128232241, -0.00819071475416, 0.00709867011756, -0.00671041477472, 0.00595504511148, -0.00661294814199, 0.00798843149096, -0.00382886221632], [0.000777398177888, -0.00454408489168, 0.00459929276258, -0.002511826111, 0.00333324912935, -0.00284171546809, 0.00367140863091, -0.00320860836655, 0.00193665071856, -0.00128746672999, 0.00194021291099, -0.00287587661296, 0.00292148254812], [-0.00014176138211, 0.00575332343578, -0.002511826111, 0.00624577980489, -0.00458398647606, 0.0019956054166, -0.00301241315901, 0.00386321218684, -0.00397846382111, 0.00236144149676, 0.000106764142402, 0.000186887249583, -0.000456067413324], [5.14298844791e-05, -0.00970297213644, 0.00333324912935, -0.00458398647606, 0.0115610631183, -0.00223436811939, 0.00448833173141, -0.00522000622004, 0.00422726059332, -0.00387550634332, 0.00422155158594, -0.00544849270955, 0.00221861316822], [-0.000413090107031, 0.00445128232241, -0.00284171546809, 0.0019956054166, -0.00223436811939, 0.00623859278858, -0.00380768231116, 0.000642300758045, 0.000891297066119, -0.000132221059175, 0.000623977917712, 0.00137321290094, -0.00111754366662], [-0.000279339641565, -0.00819071475416, 0.00367140863091, -0.00301241315901, 0.00448833173141, -0.00380768231116, 0.0124474382028, -0.00791261252016, 0.00829636864364, -0.0060203098692, 0.00449163932353, -0.00525314128026, 0.00465441541746], [-0.000210159851122, 0.00709867011756, -0.00320860836655, 0.00386321218684, -0.00522000622004, 0.000642300758045, -0.00791261252016, 0.019742442295, -0.0108994599432, 0.00645513413474, -0.00668189814314, 0.00821696594357, -0.00605027796701], [-0.000930500740651, -0.00671041477472, 0.00193665071856, -0.00397846382111, 0.00422726059332, 0.000891297066119, 0.00829636864364, -0.0108994599432, 0.0214705895633, -0.0113034946844, 0.00833076238632, -0.00774806691334, 0.00590655487031], [0.000692783039995, 0.00595504511148, -0.00128746672999, 0.00236144149676, -0.00387550634332, -0.000132221059175, -0.0060203098692, 0.00645513413474, -0.0113034946844, 0.01926936768, -0.00949540920556, 0.00838596653193, -0.00565874762833], [-0.00112139817793, -0.00661294814199, 0.00194021291099, 0.000106764142402, 0.00422155158594, 0.000623977917712, 0.00449163932353, -0.00668189814314, 0.00833076238632, -0.00949540920556, 0.022841591388, -0.0120728611946, 0.00837342161685], [0.0008304460207, 0.00798843149096, -0.00287587661296, 0.000186887249583, -0.00544849270955, 0.00137321290094, -0.00525314128026, 0.00821696594357, -0.00774806691334, 0.00838596653193, -0.0120728611946, 0.0224000364542, -0.0111135421321], [0.000238882174017, -0.00382886221632, 0.00292148254812, -0.000456067413324, 0.00221861316822, -0.00111754366662, 0.00465441541746, -0.00605027796701, 0.00590655487031, -0.00565874762833, 0.00837342161685, -0.0111135421321, 0.0188393890858]]
    },
    "melbands": {
        "max": [0.00590852228925, 0.0208467915654, 0.0118534658104, 0.0115733873099, 0.0143004078418, 0.0228330604732, 0.014043581672, 0.0122759006917, 0.00907808821648, 0.010337498039, 0.00596835324541, 0.00230959965847, 0.0022983555682, 0.00363454082981, 0.00299955415539, 0.000961523212027, 0.000636630924419, 0.000597385398578, 0.000202020833967, 0.000235522384173, 0.000338334823027, 0.000548350391909, 0.000164110140759, 0.00013180373935, 0.00018868209736, 3.59028381354e-05, 9.61020268733e-05, 8.00765410531e-05, 6.99928496033e-05, 3.20457802445e-05, 5.60737680644e-05, 0.000238813634496, 0.00011577247642, 9.1724054073e-05, 0.000108325883048, 6.60593359498e-05, 5.37873529538e-05, 5.74546502321e-05, 2.4380047762e-05, 9.19057310966e-06],
        "mean": [0.000352041446604, 0.00166040379554, 0.00098975864239, 0.00142436812166, 0.00148075260222, 0.00104542635381, 0.000753017375246, 0.00071655283682, 0.000728894781787, 0.000259356282186, 0.000139898431371, 9.35703137657e-05, 6.80591983837e-05, 9.27658184082e-05, 5.72166645725e-05, 2.09143072425e-05, 1.52192596943e-05, 1.42389135362e-05, 1.06653615148e-05, 1.00867719084e-05, 8.16656029201e-06, 1.17174577099e-05, 5.11408097736e-06, 3.647242238e-06, 2.87636089524e-06, 1.62295566497e-06, 1.39002281685e-06, 1.70113855802e-06, 9.67949631558e-07, 5.19051866377e-07, 4.78262677461e-07, 7.27395843114e-07, 6.53411177609e-07, 6.17457374119e-07, 5.25196867329e-07, 5.34917205641e-07, 4.07434782801e-07, 4.0851648464e-07, 2.02653581027e-07, 5.65583633261e-08],
        "min": [2.45551791522e-06, 7.49849505155e-06, 4.87925308335e-06, 7.60629336582e-06, 6.6929364948e-06, 2.77035474028e-06, 8.6688146439e-07, 1.39836890867e-06, 1.13586861517e-06, 1.11480233045e-06, 4.94121422889e-07, 5.36497736903e-07, 2.89759498173e-07, 1.86481145192e-07, 1.15922375699e-07, 5.46491065734e-08, 3.98710433558e-08, 6.27281480092e-08, 1.07039944908e-07, 9.26120193867e-08, 2.95205282441e-08, 4.34008669004e-08, 1.08065956184e-08, 2.57782630797e-08, 7.12374026435e-09, 6.57305010421e-09, 4.93815299762e-09, 4.03523969794e-09, 1.16265685968e-09, 2.52787812904e-09, 1.92045090941e-09, 1.72453074043e-09, 1.52071588655e-09, 1.72762859574e-09, 1.88012938551e-09, 1.25824139996e-09, 8.81781037076e-10, 8.0173534478e-10, 4.32610530732e-10, 1.19138907073e-10],
        "stdev": [0.000555342528969, 0.00250715017319, 0.00120584305841, 0.0016112534795, 0.00191413844004, 0.00241496111266, 0.00129624572583, 0.00131680187769, 0.00126802292652, 0.00068569520954, 0.000340775994118, 0.000186676799785, 0.000168370141182, 0.000305992347421, 0.00018256434123, 5.3795894928e-05, 3.22998203046e-05, 3.84684826713e-05, 2.0280787794e-05, 1.75341756403e-05, 1.79916860361e-05, 3.84807935916e-05, 1.24911130115e-05, 7.74015461502e-06, 7.59808517614e-06, 2.55777854363e-06, 4.33910736319e-06, 4.56248471892e-06, 2.85847841042e-06, 1.66651466316e-06, 2.39059500018e-06, 6.47763636152e-06, 4.83351504954e-06, 3.90269224226e-06, 3.56992131856e-06, 2.90795537694e-06, 2.38708594225e-06, 2.81260122392e-06, 1.36925166316e-06, 4.43887273605e-07]
    },
    "melbands128": {
        "max": [0.000131970184157, 0.00060541764833, 0.00375182228163, 0.0251149851829, 0.0307637676597, 0.0125636905432, 0.0225442275405, 0.0144174927846, 0.011984529905, 0.0208424348384, 0.0179706923664, 0.016000173986, 0.0230479799211, 0.0283374078572, 0.0353859290481, 0.0378033295274, 0.0222616493702, 0.0222839601338, 0.0172311551869, 0.019907284528, 0.0231752060354, 0.0222654789686, 0.0182266067713, 0.0208924300969, 0.0217954795808, 0.00478480942547, 0.00781471002847, 0.0116389309987, 0.00325259659439, 0.00438684038818, 0.00217616744339, 0.00174229044933, 0.00470524001867, 0.0014287980739, 0.00399334542453, 0.00733129493892, 0.00880784168839, 0.00421803817153, 0.000634331430774, 0.0019934528973, 0.0012077895226, 0.000584035005886, 0.00112445221748, 0.00125845707953, 0.000444009492639, 0.00129202369135, 0.00101853825618, 0.00025353214005, 0.000399594282499, 0.000788278295659, 0.000328844209434, 0.000235839979723, 0.000285515532596, 0.000730618252419, 0.000924836029299, 0.00119373179041, 0.000428539700806, 0.0003776064259, 0.000204039330129, 9.14673582884e-05, 0.000185974015039, 0.000296950514894, 0.000393873429857, 0.000137862487463, 5.4346066463e-05, 3.33325479005e-05, 5.49591677554e-05, 0.00011415706831, 0.000123402802274, 0.00016850339307, 0.000101766134321, 7.70723854657e-05, 0.000133401757921, 5.73675279156e-05, 5.38154999958e-05, 3.15523902827e-05, 4.56689776911e-05, 3.19290520565e-05, 8.70010844665e-05, 0.00011456735956, 0.000456321751699, 0.000154648412718, 0.000208863304579, 0.000121127421153, 0.000285674497718, 9.87645689747e-05, 8.81268715602e-05, 0.000184674121556, 7.56656663725e-05, 9.73677888396e-05, 0.000138630508445, 6.43947787466e-05, 7.88170218584e-05, 7.52708801883e-05, 4.74523258163e-05, 5.16445761605e-05, 7.85932206782e-05, 5.39775101061e-05, 2.88215378532e-05, 1.92792158487e-05, 2.2674586944e-05, 6.6680549935e-06, 1.33982823058e-07, 9.30116783593e-08, 5.64419799787e-08, 5.36630473391e-08, 5.13928881674e-08, 4.93294578519e-08, 4.73547352442e-08, 4.54316833043e-08, 4.37598401959e-08, 4.20500079201e-08, 4.05618223454e-08, 3.91128551769e-08, 3.78269753298e-08, 3.66297321364e-08, 3.55561375898e-08, 3.45245609878e-08, 3.35225216475e-08, 3.25900977316e-08, 3.18956807632e-08, 3.11816847898e-08, 3.05646707943e-08, 3.00781053397e-08, 2.96526234678e-08, 2.92869817287e-08, 2.90308168616e-08, 2.88800769965e-08],
        "mean": [1.28264218802e-05, 4.88495679747e-05, 0.00019593712932, 0.00145825755317, 0.0022683958523, 0.00140776252374, 0.000967649335507, 0.000648218323477, 0.00130098662339, 0.00164600822609, 0.00137861783151, 0.00136463018134, 0.00190536689479, 0.00108013278805, 0.00096884573577, 0.00113958842121, 0.000776422675699, 0.00068823545007, 0.00067143299384, 0.000803184462711, 0.000619345111772, 0.000771356455516, 0.000945982115809, 0.000403627753258, 0.000321562052704, 0.000146313614096, 0.000209348043427, 0.000146786042023, 6.36209151708e-05, 0.000135928406962, 7.59109243518e-05, 6.39428617433e-05, 0.000102744394098, 3.36504308507e-05, 4.81804636365e-05, 0.000130984641146, 0.000142684162711, 4.10576612921e-05, 1.88172452908e-05, 2.03343734029e-05, 2.09660393011e-05, 2.30907899095e-05, 1.56568730745e-05, 1.25601718537e-05, 6.54896257402e-06, 1.7353811927e-05, 2.13506118598e-05, 5.27995325683e-06, 8.05000945547e-06, 1.58172533702e-05, 1.03692054836e-05, 5.02242073708e-06, 4.70529994345e-06, 9.85925089481e-06, 1.54589670274e-05, 1.28875080918e-05, 7.63683965488e-06, 6.80960101818e-06, 3.97686335418e-06, 2.19474304686e-06, 4.1978300942e-06, 4.01980832976e-06, 3.43616738974e-06, 2.58289765043e-06, 1.93569144358e-06, 1.46216802932e-06, 1.65435562849e-06, 1.14892156944e-06, 1.24496023091e-06, 1.82325311471e-06, 1.85930173302e-06, 1.65078222381e-06, 1.18083119105e-06, 8.89781063051e-07, 6.21374226739e-07, 5.61607976124e-07, 4.52697634046e-07, 4.19188438627e-07, 4.6427351208e-07, 5.08804191668e-07, 8.10604774415e-07, 7.53243170948e-07, 6.95619917224e-07, 6.0800044821e-07, 6.72162911997e-07, 6.4917179543e-07, 5.84406961934e-07, 5.85247221352e-07, 4.60105695765e-07, 5.31540138127e-07, 6.01703561642e-07, 5.13838131155e-07, 4.84154611513e-07, 4.03184458264e-07, 3.46289141362e-07, 4.19111358951e-07, 4.69671050496e-07, 3.27097694708e-07, 2.12163428159e-07, 1.22665142044e-07, 1.24979251837e-07, 2.91237327588e-08, 1.89599447253e-09, 9.84392123371e-10, 1.91716295617e-10, 4.47477888077e-11, 4.7572706191e-11, 3.20574851387e-11, 2.95718519117e-11, 2.83771218329e-11, 2.73322007388e-11, 2.62796260447e-11, 2.53378117099e-11, 2.44354710077e-11, 2.36302713508e-11, 2.28895409571e-11, 2.22137429978e-11, 2.15710452972e-11, 2.09635173803e-11, 2.03877834754e-11, 1.99397321571e-11, 1.95002382297e-11, 1.9121855141e-11, 1.88069386453e-11, 1.84927559377e-11, 1.81763770701e-11, 1.79707030507e-11, 1.78695756109e-11],
        "min": [1.24805135115e-08, 2.99939806325e-08, 3.98155606263e-07, 1.91078424905e-06, 6.4966127411e-07, 3.30329316967e-06, 1.99494138542e-06, 5.4818656281e-07, 2.75474917544e-07, 1.14273234431e-06, 1.76262199147e-06, 1.06374341158e-06, 5.50038464553e-07, 1.31164858885e-06, 6.5367538582e-07, 4.55240780184e-07, 2.03439924462e-07, 1.91884907963e-07, 5.43531086805e-07, 3.68021403574e-07, 4.08505400173e-07, 4.45407607685e-07, 2.04894377021e-07, 3.13223750936e-07, 1.94876093929e-07, 1.4998161646e-07, 6.83472975993e-08, 9.81583383464e-08, 2.09740960599e-07, 7.90406318174e-08, 1.31542066129e-07, 6.19938731461e-08, 6.21427460601e-08, 7.47074437868e-08, 2.72591726969e-08, 7.97489718707e-08, 6.64596697675e-08, 5.24382031131e-08, 4.32979909704e-08, 2.89084773897e-08, 2.59520334112e-08, 1.50327146287e-08, 3.61151393236e-08, 2.36340920168e-08, 9.26454113426e-09, 1.9387794481e-08, 3.6739635334e-08, 1.38882878531e-08, 2.03696721712e-08, 4.47707151352e-08, 3.99606499002e-08, 2.65979309688e-08, 1.04550492708e-08, 9.57503143439e-09, 8.11925460198e-09, 1.78493522185e-08, 2.40548185815e-08, 1.25948398377e-08, 3.39205930011e-09, 1.44555301063e-09, 2.38872530645e-08, 1.23365690996e-08, 7.62283391964e-09, 3.44750428205e-09, 5.40197442334e-09, 3.70201380662e-09, 6.12752026896e-09, 4.47915304846e-09, 2.24348117861e-09, 4.11496747788e-09, 5.49661516303e-09, 2.46539055837e-09, 4.78468431542e-10, 1.67118618943e-09, 7.89178444816e-10, 1.14027409737e-09, 1.51057977238e-09, 1.74550429666e-09, 9.16311693189e-10, 1.64531643865e-09, 1.61120927711e-09, 1.26486465746e-09, 6.80085987526e-10, 1.25961718833e-09, 1.37927957944e-09, 6.62348509373e-10, 1.15373466336e-09, 1.14120890515e-09, 1.32204580616e-09, 6.96750990237e-10, 1.16376885906e-09, 1.12034215238e-09, 1.00651786905e-09, 7.46162576171e-10, 6.70475341913e-10, 7.21319393104e-10, 8.8764318118e-10, 6.42678577023e-10, 5.29208787903e-10, 2.63978117143e-10, 1.3911875818e-10, 1.05166347852e-10, 6.79338876819e-11, 7.67233585691e-12, 3.28745033583e-13, 1.56002733518e-13, 6.48302212695e-14, 9.10445154055e-14, 1.0105345651e-13, 1.07800975178e-13, 1.12278716598e-13, 1.05427988659e-13, 9.54685820415e-14, 9.41715374301e-14, 8.33344556013e-14, 7.60030737347e-14, 1.11307224017e-13, 9.86143336586e-14, 1.06390665321e-13, 1.20833491867e-13, 1.02346293062e-13, 1.02171025004e-13, 1.29810428357e-13, 1.25242684604e-13, 8.68245227234e-14, 2.4540679005e-14, 4.44345140855e-15, 1.00363378821e-16],
        "stdev": [1.3750148355e-05, 6.35442047496e-05, 0.000284736801405, 0.00261615752243, 0.00394416926429, 0.00191111664753, 0.00207078456879, 0.00103061227128, 0.00157518417109, 0.00271183601581, 0.00207665073685, 0.00198623398319, 0.00323774991557, 0.00223652576096, 0.00344512751326, 0.00372633174993, 0.00188306032214, 0.00176696584094, 0.00155175873078, 0.00196425197646, 0.0017732870765, 0.00171788397711, 0.00208738562651, 0.00130602740683, 0.00141185650136, 0.000411318120314, 0.000544975162484, 0.000577601313125, 0.000191794490092, 0.000351457478246, 0.000177666122909, 0.000176847650437, 0.000327892455971, 9.09272566787e-05, 0.00024019110424, 0.000513947044965, 0.000565351976547, 0.000191289364011, 4.88284640596e-05, 8.60243017087e-05, 7.83460855018e-05, 4.33307723142e-05, 4.57191781607e-05, 4.74919106637e-05, 2.3584050723e-05, 6.69102082611e-05, 7.07459184923e-05, 1.6274079826e-05, 2.32863494602e-05, 4.00823300879e-05, 2.43612867052e-05, 1.17516965474e-05, 1.24192947624e-05, 2.94314104394e-05, 5.56831837457e-05, 6.40024154563e-05, 3.20511680911e-05, 2.06438144232e-05, 1.17261433843e-05, 4.84690417579e-06, 9.95200480247e-06, 1.24517846416e-05, 1.39457706609e-05, 5.61662000109e-06, 4.27130362368e-06, 2.39263340518e-06, 2.9639454624e-06, 4.31863418271e-06, 5.03056389789e-06, 6.65544803269e-06, 5.60401940675e-06, 4.48174387202e-06, 4.21968024966e-06, 2.88291926154e-06, 2.0360794224e-06, 1.69312602338e-06, 1.8236902406e-06, 1.67311566202e-06, 2.64942991635e-06, 3.26219492308e-06, 1.10549899546e-05, 5.63325420444e-06, 6.14748842054e-06, 4.6463869694e-06, 6.88265345161e-06, 4.15991189584e-06, 3.89072511098e-06, 5.14809426022e-06, 2.68044141194e-06, 3.5182447391e-06, 4.22455286753e-06, 2.74716694548e-06, 2.98270992971e-06, 2.6743282433e-06, 2.18303171096e-06, 2.73151454167e-06, 3.7313179746e-06, 2.39234236687e-06, 1.47896594171e-06, 8.72923237694e-07, 1.01656189599e-06, 2.81754097387e-07, 7.46379669181e-09, 3.28284266438e-09, 1.34562405663e-09, 1.173520503e-09, 1.1252649923e-09, 1.07583353337e-09, 1.03276764918e-09, 9.90831972025e-10, 9.54351819793e-10, 9.17070308581e-10, 8.84620710018e-10, 8.53016324243e-10, 8.24973089841e-10, 7.98865751328e-10, 7.75448261159e-10, 7.52947038052e-10, 7.31097460349e-10, 7.10764780365e-10, 6.95619728486e-10, 6.8004085696e-10, 6.66582233855e-10, 6.55973386721e-10, 6.46696585171e-10, 6.38726072033e-10, 6.33141261641e-10, 6.29854335354e-10]
    },
    "mfcc": {
        "mean": [-689.815368652, 181.676818848, 2.24858665466, 21.1973590851, -1.16451299191, -7.285592556, -8.72174072266, 0.702108204365, -12.1869020462, 6.64827346802, -13.0943174362, 4.97237968445, -5.70212745667],
        "cov": [[1453.95300293, -611.689941406, -219.003982544, -91.6613464355, -128.145324707, 3.12347722054, -62.0495681763, 19.3938465118, -15.2390174866, 85.5520706177, -2.96793627739, 19.2461109161, -26.7903175354], [-611.689941406, 1080.65771484, -220.499801636, -13.7706165314, 28.9305667877, -122.207099915, 193.990249634, -39.0614318848, -32.1276321411, 86.215675354, -10.0739040375, 96.8992004395, 20.4850082397], [-219.003982544, -220.499801636, 582.682312012, -56.2433242798, 52.5025444031, 94.3961715698, -20.7324199677, 52.8709144592, 36.0812034607, -66.9621810913, 37.414226532, -17.9485874176, -13.6543664932], [-91.6613464355, -13.7706165314, -56.2433242798, 403.294158936, 102.807250977, -8.59446907043, -123.336700439, 12.4038829803, -23.5822639465, -33.0382499695, -25.5682621002, -3.93339896202, 46.8722763062], [-128.145324707, 28.9305667877, 52.5025444031, 102.807250977, 216.301681519, 13.9535341263, -75.1649398804, 11.5179958344, 3.76058840752, -17.4156990051, -21.752954483, -6.17481374741, 12.280921936], [3.12347722054, -122.207099915, 94.3961715698, -8.59446907043, 13.9535341263, 181.510147095, 45.7514839172, 29.0040721893, 43.7659873962, -35.3935546875, 43.4769248962, -47.4864234924, 6.87597036362], [-62.0495681763, 193.990249634, -20.7324199677, -123.336700439, -75.1649398804, 45.7514839172, 260.486358643, 33.4422836304, 30.5927391052, 26.8621177673, 25.5943813324, 11.447385788, -5.21029233932], [19.3938465118, -39.0614318848, 52.8709144592, 12.4038829803, 11.5179958344, 29.0040721893, 33.4422836304, 121.216506958, 8.99963569641, -8.13230323792, -13.2499103546, -3.59440660477, 18.8576126099], [-15.2390174866, -32.1276321411, 36.0812034607, -23.5822639465, 3.76058840752, 43.7659873962, 30.5927391052, 8.99963569641, 130.781417847, 3.29707574844, 32.9967536926, -32.5752983093, -18.3020153046], [85.5520706177, 86.215675354, -66.9621810913, -33.0382499695, -17.4156990051, -35.3935546875, 26.8621177673, -8.13230323792, 3.29707574844, 121.300888062, 18.7610969543, 30.8873119354, -15.4663391113], [-2.96793627739, -10.0739040375, 37.414226532, -25.5682621002, -21.752954483, 43.4769248962, 25.5943813324, -13.2499103546, 32.9967536926, 18.7610969543, 115.799057007, 5.67179822922, -15.3132677078], [19.2461109161, 96.8992004395, -17.9485874176, -3.93339896202, -6.17481374741, -47.4864234924, 11.447385788, -3.59440660477, -32.5752983093, 30.8873119354, 5.67179822922, 109.773948669, 12.536655426], [-26.7903175354, 20.4850082397, -13.6543664932, 46.8722763062, 12.280921936, 6.87597036362, -5.21029233932, 18.8576126099, -18.3020153046, -15.4663391113, -15.3132677078, 12.536655426, 87.8918762207]],
        "icov": [[0.0013985481346, 0.001083296258, 0.000846433918923, 0.000323186308378, 0.000262496585492, -0.00019348882779, 1.7934191419e-05, -0.000372064154362, 0.000126226805151, -0.00104701472446, 0.000202873387025, -0.000834429403767, 0.000188709047507], [0.001083296258, 0.00238408334553, 0.000950672838371, 7.60525654186e-05, -0.000728865852579, 0.000952725182287, -0.00170529203024, 0.000399151613237, 0.000235720304772, -0.00107543123886, 4.26631595474e-06, -0.00117334350944, -0.000249802484177], [0.000846433918923, 0.000950672838371, 0.00283383554779, 0.000791555503383, -0.000568705261685, -0.000690985412803, 0.000274531572359, -0.00114747695625, -0.000101433310192, 0.000538457767107, -0.000603468215559, -0.00110931810923, 0.000577254744712], [0.000323186308378, 7.60525654186e-05, 0.000791555503383, 0.00360178132541, -0.00103621894959, -0.000272980541922, 0.00159393367358, -0.000845029135235, 0.000136851507705, 0.000422013254138, -0.000243544302066, -0.000165079065482, -0.00119124329649], [0.000262496585492, -0.000728865852579, -0.000568705261685, -0.00103621894959, 0.00655594281852, -0.00158454757184, 0.00233345618472, -0.000677529897075, -0.000734483764973, -0.000436951580923, 0.00146359170321, -0.000317124213325, 0.000276159291388], [-0.00019348882779, 0.000952725182287, -0.000690985412803, -0.000272980541922, -0.00158454757184, 0.00972543284297, -0.00295418873429, -0.000546471099369, -0.000729664810933, 0.00178106687963, -0.00358414882794, 0.00314586423337, -0.00175181706436], [1.7934191419e-05, -0.00170529203024, 0.000274531572359, 0.00159393367358, 0.00233345618472, -0.00295418873429, 0.00757658015937, -0.00244140578434, -0.00103346130345, -0.000369224901078, 0.000136543763801, -0.000657932716422, 0.000311019306537], [-0.000372064154362, 0.000399151613237, -0.00114747695625, -0.000845029135235, -0.000677529897075, -0.000546471099369, -0.00244140578434, 0.010428278707, -0.000515767838806, -0.000426013284596, 0.00197543529794, -8.98210491869e-05, -0.00200417474844], [0.000126226805151, 0.000235720304772, -0.000101433310192, 0.000136851507705, -0.000734483764973, -0.000729664810933, -0.00103346130345, -0.000515767838806, 0.00970465037972, -0.000821736583021, -0.00220380304381, 0.0025766484905, 0.00122864136938], [-0.00104701472446, -0.00107543123886, 0.000538457767107, 0.000422013254138, -0.000436951580923, 0.00178106687963, -0.000369224901078, -0.000426013284596, -0.000821736583021, 0.0116329053417, -0.00229754159227, -0.0015608248068, 0.00147960265167], [0.000202873387025, 4.26631595474e-06, -0.000603468215559, -0.000243544302066, 0.00146359170321, -0.00358414882794, 0.000136543763801, 0.00197543529794, -0.00220380304381, -0.00229754159227, 0.011885009706, -0.00233417842537, 0.00129756424576], [-0.000834429403767, -0.00117334350944, -0.00110931810923, -0.000165079065482, -0.000317124213325, 0.00314586423337, -0.000657932716422, -8.98210491869e-05, 0.0025766484905, -0.0015608248068, -0.00233417842537, 0.0131001099944, -0.0023000582587], [0.000188709047507, -0.000249802484177, 0.000577254744712, -0.00119124329649, 0.000276159291388, -0.00175181706436, 0.000311019306537, -0.00200417474844, 0.00122864136938, 0.00147960265167, 0.00129756424576, -0.0023000582587, 0.0138355810195]]
    },
    "spectral_contrast_coeffs": {
        "max": [-0.394981056452, -0.428493350744, -0.507121145725, -0.633082032204, -0.620357513428, -0.612999498844],
        "mean": [-0.626793503761, -0.661585450172, -0.728794932365, -0.781999289989, -0.800089120865, -0.780831336975],
        "min": [-0.897822618484, -0.934968054295, -0.897825479507, -0.916163146496, -0.903197526932, -0.894036471844],
        "stdev": [0.0738479569554, 0.0834955871105, 0.0674306228757, 0.0467741079628, 0.0380902662873, 0.0371881350875]
    },
    "spectral_contrast_valleys": {
        "max": [-5.33692741394, -4.9365067482, -6.13558101654, -6.3706445694, -6.22155189514, -8.3739566803],
        "mean": [-6.6307425499, -6.6873049736, -7.6310043335, -8.1978263855, -8.28393268585, -11.4817943573],
        "min": [-8.48519420624, -8.73645496368, -9.32553577423, -9.98784255981, -10.3468618393, -12.6996660233],
        "stdev": [0.510391354561, 0.489246279001, 0.501135110855, 0.458765238523, 0.519258260727, 0.683377921581]
    }
},
"rhythm": {
    "beats_count": 83,
    "beats_loudness": {
        "max": 0.094246186316,
        "mean": 0.0344122685492,
        "min": 0.00353144388646,
        "stdev": 0.0150789823383
    },
    "bpm": 103.194702148,
    "bpm_histogram_first_peak_bpm": 103,
    "bpm_histogram_first_peak_weight": 0.547945261002,
    "bpm_histogram_second_peak_bpm": 108,
    "bpm_histogram_second_peak_spread": 0.166666686535,
    "bpm_histogram_second_peak_weight": 0.0609756112099,
    "danceability": 1.08598828316,
    "onset_rate": 2.8916015625,
    "beats_loudness_band_ratio": {
        "max": [0.907230854034, 0.915018320084, 0.862448096275, 0.32401868701, 0.178857773542, 0.432509362698],
        "mean": [0.307417184114, 0.419472336769, 0.257175683975, 0.0653245970607, 0.0219662897289, 0.0224002785981],
        "min": [0.0144123407081, 0.0565680973232, 0.0135340578854, 0.00162487558555, 0.00173886411358, 0.000351034861524],
        "stdev": [0.222105279565, 0.218137979507, 0.185105204582, 0.0798760131001, 0.0305948425084, 0.0634820014238]
    },
