{
"metadata": {
    "version": {
        "essentia": "2.1-beta5",
        "essentia_git_sha": "Undefined",
        "extractor": "music 2.0"
    },
    "audio_properties": {
        "analysis": {
            "equal_loudness": 0,
            "length": 32.4963264465,
            "sample_rate": 44100,
            "start_time": 12.7477550507,
            "downmix": "mix"
        },
        "bit_rate": 192000,
        "length": 174.126434326,
        "lossless": 0,
        "number_channels": 2,
        "replay_gain": -5.89477920532,
        "sample_rate": 44100,
        "codec": "mp3",
        "md5_encoded": "ad2e94fdcf7e26a87fbdb503fc1526fb"
    },
    "tags": {
        "file_name": "Spain_La, La, La..._Massiel.mp3",
        "encoding": ["Lavf58.29.100"]
    }
},
"lowlevel": {
    "average_loudness": 0.952324807644,
    "barkbands_crest": {
        "max": 24.5558204651,
        "mean": 9.57504463196,
        "min": 2.85448718071,
        "stdev": 3.78069329262
    },
    "barkbands_flatness_db": {
        "max": 0.332814604044,
        "mean": 0.19500528276,
        "min": 0.114769548178,
        "stdev": 0.0357094556093
    },
    "barkbands_kurtosis": {
        "max": 50.2598457336,
        "mean": 3.43086791039,
        "min": -1.62485849857,
        "stdev": 5.25683736801
    },
    "barkbands_skewness": {
        "max": 5.25932693481,
        "mean": 1.10016524792,
        "min": -2.32622075081,
        "stdev": 0.936240375042
    },
    "barkbands_spread": {
        "max": 69.2970123291,
        "mean": 12.9712123871,
        "min": 1.13378596306,
        "stdev": 7.40035247803
    },
    "dissonance": {
        "max": 0.499999880791,
        "mean": 0.438874661922,
        "min": 0.263568907976,
        "stdev": 0.0352039597929
    },
    "dynamic_complexity": 2.86082744598,
    "erbbands_crest": {
        "max": 30.5356235504,
        "mean": 11.8797636032,
        "min": 4.02883148193,
        "stdev": 5.15821361542
    },
    "erbbands_flatness_db": {
        "max": 0.352328121662,
        "mean": 0.246444493532,
        "min": 0.151813134551,
        "stdev": 0.0358757674694
    },
    "erbbands_kurtosis": {
        "max": 20.2182941437,
        "mean": 0.928899645805,
        "min": -1.81071043015,
        "stdev": 2.38421225548
    },
    "erbbands_skewness": {
        "max": 3.7869591713,
        "mean": 0.633077919483,
        "min": -3.14618992805,
        "stdev": 0.809212684631
    },
    "erbbands_spread": {
        "max": 98.7543792725,
        "mean": 23.4275150299,
        "min": 3.92060065269,
        "stdev": 9.65669250488
    },
    "hfc": {
        "max": 99.4328155518,
        "mean": 17.4753456116,
        "min": 0.39275342226,
        "stdev": 15.2788877487
    },
    "loudness_ebu128": {
        "integrated": -18.3432617188,
        "loudness_range": 3.25361442566,
        "momentary": {
            "max": -14.9556016922,
            "mean": -19.0125217438,
            "min": -26.9049530029,
            "stdev": 2.62487721443
        },
        "short_term": {
            "max": -16.3503894806,
            "mean": -18.5481452942,
            "min": -22.5190906525,
            "stdev": 1.28923916817
        }
    },
    "melbands_crest": {
        "max": 30.275302887,
        "mean": 12.8595380783,
        "min": 4.10972499847,
        "stdev": 5.02008628845
    },
    "melbands_flatness_db": {
        "max": 0.473190128803,
        "mean": 0.283562541008,
        "min": 0.161694794893,
        "stdev": 0.0525320805609
    },
    "melbands_kurtosis": {
        "max": 92.4530410767,
        "mean": 7.48531532288,
        "min": -1.73686289787,
        "stdev": 9.93159770966
    },
    "melbands_skewness": {
        "max": 7.19296789169,
        "mean": 1.77753663063,
        "min": -1.47008097172,
        "stdev": 1.14910280704
    },
    "melbands_spread": {
        "max": 76.6322937012,
        "mean": 16.7846984863,
        "min": 0.994301915169,
        "stdev": 12.4206485748
    },
    "pitch_salience": {
        "max": 0.896672427654,
        "mean": 0.576150178909,
        "min": 0.198115125299,
        "stdev": 0.0972824394703
    },
    "silence_rate_20dB": {
        "max": 1,
        "mean": 1,
        "min": 1,
        "stdev": 0
    },
    "silence_rate_30dB": {
        "max": 1,
        "mean": 1,
        "min": 1,
        "stdev": 0
    },
    "silence_rate_60dB": {
        "max": 1,
        "mean": 0.00356887932867,
        "min": 0,
        "stdev": 0.059634167701
    },
    "spectral_centroid": {
        "max": 3541.86352539,
        "mean": 959.895996094,
        "min": 178.03074646,
        "stdev": 582.57019043
    },
    "spectral_complexity": {
        "max": 40,
        "mean": 15.8479661942,
        "min": 1,
        "stdev": 6.48375034332
    },
    "spectral_decrease": {
        "max": -2.16534720709e-10,
        "mean": -6.50653531054e-09,
        "min": -2.53270826533e-08,
        "stdev": 3.69764285857e-09
    },
    "spectral_energy": {
        "max": 0.0982076525688,
        "mean": 0.0261421781033,
        "min": 0.000852878380101,
        "stdev": 0.0148708168417
    },
    "spectral_energyband_high": {
        "max": 0.00720467977226,
        "mean": 0.000244587514317,
        "min": 1.56877297286e-06,
        "stdev": 0.000497360073496
    },
    "spectral_energyband_low": {
        "max": 0.0332298688591,
        "mean": 0.00465990975499,
        "min": 6.81190431351e-05,
        "stdev": 0.00507416669279
    },
    "spectral_energyband_middle_high": {
        "max": 0.0511405132711,
        "mean": 0.00651258742437,
        "min": 3.2861426007e-05,
        "stdev": 0.00834293477237
    },
    "spectral_energyband_middle_low": {
        "max": 0.0948419496417,
        "mean": 0.0155371855944,
        "min": 0.000759401882533,
        "stdev": 0.0129021238536
    },
    "spectral_entropy": {
        "max": 8.00635433197,
        "mean": 6.86727190018,
        "min": 5.59302616119,
        "stdev": 0.331390202045
    },
    "spectral_flux": {
        "max": 0.217972487211,
        "mean": 0.0697301998734,
        "min": 0.014208599925,
        "stdev": 0.0334800183773
    },
    "spectral_kurtosis": {
        "max": 39.957485199,
        "mean": 9.36295509338,
        "min": -1.37021756172,
        "stdev": 6.22683811188
    },
    "spectral_rms": {
        "max": 0.00978837814182,
        "mean": 0.00483597442508,
        "min": 0.000912182265893,
        "stdev": 0.00145531061571
    },
    "spectral_rolloff": {
        "max": 5017.23632812,
        "mean": 951.363769531,
        "min": 150.732421875,
        "stdev": 657.25201416
    },
    "spectral_skewness": {
        "max": 4.56308841705,
        "mean": 1.82273578644,
        "min": -0.584667861462,
        "stdev": 0.830107390881
    },
    "spectral_spread": {
        "max": 19472520,
        "mean": 2336564,
        "min": 1530230.5,
        "stdev": 581900.4375
    },
    "spectral_strongpeak": {
        "max": 14.039434433,
        "mean": 1.63662064075,
        "min": 0,
        "stdev": 1.89577019215
    },
    "zerocrossingrate": {
        "max": 0.10888671875,
        "mean": 0.0374714918435,
        "min": 0.005859375,
        "stdev": 0.0196482017636
    },
    "barkbands": {
        "max": [0.00130711286329, 0.00773143023252, 0.0257102567703, 0.00925081782043, 0.0649570524693, 0.0771955996752, 0.0309713408351, 0.0383146516979, 0.0648098886013, 0.0410138219595, 0.0255394168198, 0.0226327273995, 0.0227935705334, 0.0322058834136, 0.0248745754361, 0.0312966443598, 0.0113715780899, 0.0104111656547, 0.00288379448466, 0.00359585718252, 0.00500407489017, 0.00194657989778, 4.58694330518e-06, 5.71660507376e-07, 2.55292860629e-07, 2.15890466393e-07, 4.87511215397e-07],
        "mean": [0.000730351835955, 0.00107779901009, 0.00261994288303, 0.00123300147243, 0.00422453321517, 0.00341780507006, 0.00139645615127, 0.0025126952678, 0.00161477248184, 0.00190675875638, 0.00106355152093, 0.00063997041434, 0.000662597478367, 0.000559001520742, 0.000802903086878, 0.000528466480318, 0.000269493582891, 0.000291718053631, 0.000208488432691, 0.000280842039501, 8.89120638021e-05, 1.13341102406e-05, 2.74285582691e-07, 2.37724862018e-07, 1.48596853933e-07, 8.57814441702e-08, 1.11927164426e-07],
        "min": [8.10647577509e-07, 5.49688911633e-06, 1.50529217535e-06, 1.15787242976e-05, 8.22126639832e-06, 5.14587591169e-05, 5.93742515775e-06, 8.65817582962e-06, 2.69720840151e-06, 1.47889488744e-06, 3.569352657e-06, 9.30630221774e-07, 3.18919614983e-06, 1.35632365073e-06, 8.44038538617e-07, 9.77288209469e-07, 7.94556001438e-07, 5.86447981732e-07, 5.86043142903e-07, 4.1521676053e-07, 3.01017422544e-07, 2.10062847117e-08, 1.73649432611e-08, 1.85943758169e-08, 1.62375570767e-08, 1.53585091311e-08, 1.13511191557e-08],
        "stdev": [0.000129594322061, 0.00105535262264, 0.00368096772581, 0.00138190877624, 0.00657252361998, 0.00650925282389, 0.002448735293, 0.00382723798975, 0.00501087354496, 0.0046021672897, 0.00262281252071, 0.00159015867393, 0.0019497803878, 0.00183027749881, 0.00233999243937, 0.00183599139564, 0.000576325168367, 0.000634795345832, 0.000434861314716, 0.00049816002138, 0.000251319288509, 8.07900360087e-05, 1.69350187207e-07, 5.65881492776e-08, 2.77389240466e-08, 2.23766836172e-08, 7.10750285293e-08]
    },
    "erbbands": {
        "max": [0.2119281739, 2.2855784893, 17.6916542053, 44.8715820312, 75.8069229126, 271.353851318, 794.523071289, 744.403686523, 254.375228882, 858.092041016, 686.32244873, 1803.34545898, 1506.40625, 1587.35986328, 703.371887207, 918.685180664, 1254.82019043, 783.847106934, 2071.23999023, 1020.68048096, 2083.53417969, 762.471191406, 671.612854004, 215.473999023, 211.039077759, 179.832992554, 204.943313599, 217.329086304, 81.0323104858, 6.59526968002, 0.24546456337, 0.0268789697438, 0.00845923367888, 0.00384668144397, 0.00188906746916, 0.000906076515093, 0.000365004467312, 0.000828882213682, 5.08118828293e-05, 0.000108471831481],
        "mean": [0.0268374849111, 0.291171371937, 2.06102800369, 4.74240970612, 6.47936201096, 13.4083242416, 32.7481422424, 23.5999488831, 19.9129772186, 38.6254386902, 50.2166099548, 43.6949882507, 61.2632598877, 41.1215248108, 39.6785621643, 31.4755764008, 33.274559021, 25.6803436279, 49.979763031, 31.6947517395, 22.0400905609, 14.3686246872, 15.6230382919, 13.7421731949, 10.1683473587, 14.3204202652, 6.88029909134, 1.70907723904, 0.535669505596, 0.0609722696245, 0.0093408189714, 0.00612906832248, 0.00340898381546, 0.00191994861234, 0.00096382870106, 0.000394353555748, 0.000161547388416, 0.000211372360354, 1.86434790521e-05, 3.04846762447e-05],
        "min": [0.000355230702553, 0.0032821088098, 0.0117268068716, 0.0298207569867, 0.0887082517147, 0.0966562479734, 0.301246494055, 0.583821177483, 0.216322734952, 0.217516511679, 0.225214228034, 0.110219590366, 0.113587744534, 0.0911252424121, 0.168272927403, 0.169329121709, 0.21442219615, 0.106316484511, 0.0970912724733, 0.0558417886496, 0.0659903585911, 0.0392162278295, 0.0409839302301, 0.0397308319807, 0.0192095469683, 0.0190771240741, 0.0140002798289, 0.0112791834399, 0.00110738363583, 0.000328483263729, 0.000663775019348, 0.000464328622911, 0.000250270823017, 0.000188698948477, 0.000123830250232, 5.6451484852e-05, 3.19051541737e-05, 1.54242607096e-05, 2.42915371018e-06, 1.14282045161e-06],
        "stdev": [0.0269448477775, 0.284025371075, 2.54977178574, 6.36579036713, 8.18880271912, 23.726984024, 71.0209579468, 55.8727264404, 28.6030654907, 75.743560791, 77.8552627563, 143.102233887, 156.533721924, 103.855926514, 86.4337234497, 70.5483932495, 94.6678237915, 57.1549797058, 175.85899353, 76.2535858154, 79.0544815063, 34.1769065857, 34.4314117432, 25.5265293121, 20.6394901276, 25.9458599091, 14.5368738174, 8.36594295502, 3.54186034203, 0.330325603485, 0.0120777692646, 0.00190801813733, 0.000810430734418, 0.000409487664001, 0.000204999087146, 8.98728249012e-05, 4.3313808419e-05, 0.0001192839336, 8.53528399603e-06, 1.74179222086e-05]
    },
    "gfcc": {
        "mean": [-58.8504066467, 170.401397705, -144.853942871, 14.5205030441, -34.7192497253, -25.6670589447, -16.4385032654, -4.14351606369, -21.6739387512, 0.602234959602, -13.3536567688, -9.51761722565, -2.64076066017],
        "cov": [[1366.25512695, -115.377243042, -1053.01147461, 77.8785400391, 23.207403183, -295.966186523, 381.446014404, -80.6098632812, -81.7745056152, 97.7590942383, -56.071685791, -118.51133728, 112.412704468], [-115.377243042, 197.980941772, 285.883117676, -53.0202102661, 0.785307168961, 40.445400238, -78.3551330566, 20.0856342316, 31.4601840973, -39.8673744202, 8.02506256104, -3.64305281639, -27.9487743378], [-1053.01147461, 285.883117676, 1194.27893066, -2.06712722778, -32.1589202881, 225.57623291, -341.639434814, 49.6133308411, 113.361686707, -126.230003357, 4.88696527481, 98.0391082764, -106.914810181], [77.8785400391, -53.0202102661, -2.06712722778, 197.644256592, 47.0632095337, -49.1038551331, 10.5041761398, -2.07133555412, 35.6957778931, -2.75455522537, -54.7317352295, 6.14592123032, 7.65970993042], [23.207403183, 0.785307168961, -32.1589202881, 47.0632095337, 132.272521973, 32.879486084, -39.8345947266, 19.5884742737, 29.7271461487, -3.50263786316, -19.0530891418, -18.2098903656, -10.6909627914], [-295.966186523, 40.445400238, 225.57623291, -49.1038551331, 32.879486084, 232.357635498, -5.82082986832, -5.71690559387, -5.07201385498, -26.9904441833, 1.00499594212, 11.7522068024, -62.3071479797], [381.446014404, -78.3551330566, -341.639434814, 10.5041761398, -39.8345947266, -5.82082986832, 270.215026855, -7.58658838272, -91.5086517334, 22.8160362244, -2.68610525131, -50.1028404236, 5.11597537994], [-80.6098632812, 20.0856342316, 49.6133308411, -2.07133555412, 19.5884742737, -5.71690559387, -7.58658838272, 108.74294281, 38.9038772583, -13.8783311844, 7.57077693939, -6.76480770111, -20.6065063477], [-81.7745056152, 31.4601840973, 113.361686707, 35.6957778931, 29.7271461487, -5.07201385498, -91.5086517334, 38.9038772583, 123.781387329, 22.3312397003, -32.7391052246, 13.9510698318, 0.482123464346], [97.7590942383, -39.8673744202, -126.230003357, -2.75455522537, -3.50263786316, -26.9904441833, 22.8160362244, -13.8783311844, 22.3312397003, 87.9104766846, 32.7912483215, -6.11337327957, 10.4259185791], [-56.071685791, 8.02506256104, 4.88696527481, -54.7317352295, -19.0530891418, 1.00499594212, -2.68610525131, 7.57077693939, -32.7391052246, 32.7912483215, 111.513557434, 29.212064743, -18.5865745544], [-118.51133728, -3.64305281639, 98.0391082764, 6.14592123032, -18.2098903656, 11.7522068024, -50.1028404236, -6.76480770111, 13.9510698318, -6.11337327957, 29.212064743, 87.552444458, 24.7788581848], [112.412704468, -27.9487743378, -106.914810181, 7.65970993042, -10.6909627914, -62.3071479797, 5.11597537994, -20.6065063477, 0.482123464346, 10.4259185791, -18.5865745544, 24.7788581848, 94.2967300415]],
        "icov": [[0.0138190472499, -0.0141581371427, 0.00947259087116, -0.000858212413732, -0.00752272177488, 0.0126488888636, -0.0156510975212, 0.0124378483742, -0.00772590748966, 0.00142933311872, 0.00344063341618, -0.00432886835188, 0.00290883751586], [-0.0141581371427, 0.0273812245578, -0.0146944886073, 0.00715446239337, 0.00237289187498, -0.0082932850346, 0.0103919534013, -0.00802013836801, 0.000324224500218, 0.00496238190681, -0.00812281761318, 0.00908729247749, -0.00431477976963], [0.00947259087116, -0.0146944886073, 0.0121182985604, -0.00597913190722, 0.0019138418138, 0.0024420467671, -0.00380451022647, 0.00566191971302, -0.00414479197934, 0.00275011500344, 0.00136750505771, -0.00295257405378, 0.00261461851187], [-0.000858212413732, 0.00715446239337, -0.00597913190722, 0.0147593989968, -0.0108914859593, 0.00918533746153, -0.0082307131961, 0.0039768461138, -0.00322564155795, -0.000930397422053, 0.00563527923077, -0.0056799352169, 0.00403819885105], [-0.00752272177488, 0.00237289187498, 0.0019138418138, -0.0108914859593, 0.0249061677605, -0.0188756622374, 0.0204881895334, -0.0126706929877, 0.00523532321677, 0.0018263385864, -0.00590311456472, 0.00959462020546, -0.0047164815478], [0.0126488888636, -0.0082932850346, 0.0024420467671, 0.00918533746153, -0.0188756622374, 0.026722388342, -0.0241797994822, 0.0165798179805, -0.0084061678499, -0.000528879696503, 0.00829616002738, -0.0108317919075, 0.00952065549791], [-0.0156510975212, 0.0103919534013, -0.00380451022647, -0.0082307131961, 0.0204881895334, -0.0241797994822, 0.0348801501095, -0.0224310737103, 0.0195654369891, -0.00608690734953, -0.00168390676845, 0.00803439877927, -0.00422548688948], [0.0124378483742, -0.00802013836801, 0.00566191971302, 0.0039768461138, -0.0126706929877, 0.0165798179805, -0.0224310737103, 0.0299138613045, -0.0225650146604, 0.013680273667, -0.00649166898802, 0.000244846771238, 0.00342363375239], [-0.00772590748966, 0.000324224500218, -0.00414479197934, -0.00322564155795, 0.00523532321677, -0.0084061678499, 0.0195654369891, -0.0225650146604, 0.0386191792786, -0.0265070311725, 0.0197445787489, -0.00934695266187, 0.00299666170031], [0.00142933311872, 0.00496238190681, 0.00275011500344, -0.000930397422053, 0.0018263385864, -0.000528879696503, -0.00608690734953, 0.013680273667, -0.0265070311725, 0.0371331162751, -0.0243556126952, 0.0138712469488, -0.00627785222605], [0.00344063341618, -0.00812281761318, 0.00136750505771, 0.00563527923077, -0.00590311456472, 0.00829616002738, -0.00168390676845, -0.00649166898802, 0.0197445787489, -0.0243556126952, 0.0339932776988, -0.0212679821998, 0.0129497358575], [-0.00432886835188, 0.00908729247749, -0.00295257405378, -0.0056799352169, 0.00959462020546, -0.0108317919075, 0.00803439877927, 0.000244846771238, -0.00934695266187, 0.0138712469488, -0.0212679821998, 0.031646002084, -0.0154778882861], [0.00290883751586, -0.00431477976963, 0.00261461851187, 0.00403819885105, -0.0047164815478, 0.00952065549791, -0.00422548688948, 0.00342363375239, 0.00299666170031, -0.00627785222605, 0.0129497358575, -0.0154778882861, 0.0225267410278]]
    },
    "melbands": {
        "max": [0.00212385645136, 0.00688915234059, 0.00617707660422, 0.00828521512449, 0.0234777387232, 0.0143919205293, 0.00472441269085, 0.0101260608062, 0.00578323891386, 0.0101439794526, 0.00739661883563, 0.00695304712281, 0.00353267858736, 0.00325977848843, 0.00273248041049, 0.00204518856481, 0.00193405302707, 0.00412169890478, 0.00125314726029, 0.00174814811908, 0.00306847668253, 0.000934971612878, 0.000675571383908, 0.00063985446468, 0.000203105693799, 0.000166719619301, 0.000142727818456, 0.000137150709634, 0.000139463139931, 9.44679923123e-05, 0.000155796020408, 5.63055582461e-05, 1.15270086098e-05, 1.12242378236e-06, 5.14777198646e-08, 2.31599450728e-08, 1.02226209719e-08, 5.65879387793e-09, 4.63852423138e-09, 3.20479687232e-09],
        "mean": [0.000297435268294, 0.000884819484781, 0.000848696858156, 0.000648500397801, 0.00108244200237, 0.00055394298397, 0.00029372231802, 0.000447425059974, 0.000394121772842, 0.000262232730165, 0.000296868471196, 0.00015968857042, 0.000142478107591, 7.76105953264e-05, 8.60538566485e-05, 5.40684523003e-05, 4.63323376607e-05, 8.3493294369e-05, 4.32694978372e-05, 4.70637532999e-05, 2.09874742723e-05, 1.4149956769e-05, 1.59390183399e-05, 1.33446119435e-05, 1.09743177745e-05, 6.10131155554e-06, 8.67094786372e-06, 9.72965790424e-06, 5.12365704708e-06, 1.93736627807e-06, 7.06941364115e-07, 3.4690512507e-07, 9.15193538731e-08, 8.77427996926e-09, 4.35582636626e-09, 3.815574523e-09, 3.46753781244e-09, 2.42819475638e-09, 1.85454440693e-09, 1.49219270273e-09],
        "min": [3.84533177566e-06, 8.28788506624e-06, 9.17868510442e-06, 3.17050239573e-06, 9.92745844997e-06, 1.23457693917e-05, 2.91465084956e-06, 7.53349013394e-07, 1.80017980256e-06, 5.23225423876e-07, 2.15962671746e-07, 1.78520238592e-07, 5.00589521835e-07, 5.47658430605e-07, 5.0169160204e-07, 2.13377063574e-07, 1.52917095875e-07, 9.99612979058e-08, 7.58043512405e-08, 7.7318858871e-08, 3.59814897877e-08, 3.89938392686e-08, 3.74662860736e-08, 2.66025228512e-08, 2.91585635637e-08, 1.18078782307e-08, 1.60786779446e-08, 9.25661414186e-09, 7.82432785229e-09, 5.91081494861e-09, 2.89232726658e-09, 4.01531696781e-10, 2.61434762727e-10, 1.06248856935e-10, 4.25942975335e-10, 2.47080605975e-10, 3.09271830368e-10, 1.6504005107e-10, 1.6984397222e-10, 1.56548912722e-10],
        "stdev": [0.000263515888946, 0.00102258520201, 0.000955351977609, 0.000867814698722, 0.0021665066015, 0.0011460185051, 0.000437176553532, 0.000852513301652, 0.000664440100081, 0.000918671954423, 0.000777717679739, 0.000443487806479, 0.000353165873094, 0.000171188890818, 0.000225581679842, 0.000154533219757, 0.000123215970234, 0.000327585701598, 0.000108282903966, 0.000150896012201, 0.00010071372526, 3.70083398593e-05, 3.74020346499e-05, 3.35744807671e-05, 2.17865017476e-05, 1.33276098495e-05, 1.66949666891e-05, 1.84061100299e-05, 1.12101552077e-05, 5.08353787154e-06, 5.66888229514e-06, 2.4607402338e-06, 5.55548922421e-07, 3.57607312651e-08, 2.11265360761e-09, 1.25968602216e-09, 1.08940312327e-09, 6.72860323014e-10, 4.82097584076e-10, 3.75877828862e-10]
    },
    "melbands128": {
        "max": [0.0006285495474, 0.00139889889397, 0.00355710508302, 0.00498335808516, 0.0061417017132, 0.0153999701142, 0.0112082529813, 0.0052880467847, 0.00979740265757, 0.00817395374179, 0.0167964100838, 0.0297763384879, 0.0399147197604, 0.0351066254079, 0.0237834081054, 0.0238023288548, 0.00581976119429, 0.00702435616404, 0.00943657569587, 0.0134451361373, 0.0149244964123, 0.0103085506707, 0.0112202046439, 0.0156135568395, 0.0215710718185, 0.0151560110971, 0.00754373893142, 0.0141083151102, 0.0144408736378, 0.0131436195225, 0.00730189820752, 0.00616743415594, 0.00562179088593, 0.00302854692563, 0.00513325305656, 0.00410122796893, 0.0058192005381, 0.00495189847425, 0.00650741858408, 0.00598071608692, 0.00256015337072, 0.00132800685242, 0.0020093403291, 0.00410622544587, 0.00534613197669, 0.00929495226592, 0.00391582911834, 0.00196163053624, 0.00218888698146, 0.00260035716929, 0.00391805823892, 0.00327202957124, 0.00568614248186, 0.00271293171681, 0.000662839214783, 0.0016826154897, 0.000908601039555, 0.000673936214298, 0.00126170215663, 0.00107616768219, 0.00104855408426, 0.000788603094406, 0.000382349360734, 0.000231084573898, 0.000220577261643, 0.000190918712178, 0.000322744657751, 0.000259053340415, 0.000198129884666, 0.000256321247434, 0.000345023960108, 0.000223657349125, 0.000202900948352, 0.000242584254011, 0.000226733231102, 0.000144936755532, 6.77585194353e-05, 0.000148936655023, 0.000230523655773, 0.000108545071271, 6.46175685688e-05, 3.65841224266e-05, 2.65214057436e-05, 1.18303660201e-05, 5.46658066014e-06, 8.36812546368e-07, 1.24417923075e-07, 5.27904653325e-08, 3.1525523525e-08, 9.38219599789e-08, 1.45017438058e-08, 1.42580596219e-08, 2.04531485082e-08, 1.24693517733e-08, 9.08591601956e-09, 9.39264310773e-09, 8.49214298881e-09, 8.39826963528e-09, 6.01040994752e-09, 5.04250019517e-09, 5.30914112673e-09, 4.07372358069e-09, 5.56042234479e-09, 3.61839935792e-09, 3.36184347027e-09, 3.63258290115e-09, 2.96120150622e-09, 2.85460433069e-09, 1.95556060234e-09, 1.61218882688e-09, 1.62382318702e-09, 1.30691057976e-09, 1.08420350475e-09, 9.57888768305e-10, 1.3051441039e-09, 8.74111183435e-09, 1.66209090935e-08, 6.49515788376e-11, 6.04153185813e-11, 5.78472998669e-11, 5.65118229989e-11, 5.40107854274e-11, 5.20857107444e-11, 5.1222730918e-11, 5.11644060452e-11, 5.02763178312e-11, 4.9832606791e-11, 4.96938323824e-11],
        "mean": [0.000184037766303, 0.000180926450412, 0.000381666235626, 0.000452380743809, 0.000728204089683, 0.00150151527487, 0.00104070827365, 0.00052306544967, 0.000742030970287, 0.000449956540251, 0.000684710685164, 0.00123993784655, 0.00134281045757, 0.000726621015929, 0.000493012252264, 0.000506639771629, 0.000392671645386, 0.000203920251806, 0.000216157481191, 0.000512916070875, 0.00051672506379, 0.00037661328679, 0.000485761265736, 0.000250806944678, 0.000291139440378, 0.000242517213337, 0.000206072829315, 0.000479413633002, 0.000154419874889, 0.000175701468834, 0.000142378266901, 0.000158183262101, 0.000161515985383, 0.000138249146403, 4.74398293591e-05, 7.0942864113e-05, 0.000103396967461, 6.12460717093e-05, 0.000112117035314, 7.50438193791e-05, 3.90862587665e-05, 2.13691473618e-05, 4.58662943856e-05, 6.36173353996e-05, 4.35931433458e-05, 0.000122394150821, 8.2140264567e-05, 3.60716221621e-05, 2.60655233433e-05, 4.28952407674e-05, 6.47544293315e-05, 3.58046199835e-05, 1.5826555682e-05, 1.89941438293e-05, 1.76970570465e-05, 1.21480152302e-05, 1.11332583401e-05, 2.01507082238e-05, 1.58528691827e-05, 1.23355785036e-05, 1.33997546072e-05, 1.12956731755e-05, 1.95080974663e-05, 7.83508494351e-06, 3.82055031878e-06, 5.12128781338e-06, 8.59562169353e-06, 6.78433798385e-06, 7.77074637881e-06, 1.3495748135e-05, 8.76591820997e-06, 1.01007681224e-05, 5.79773904974e-06, 4.63281548946e-06, 3.21038396578e-06, 2.78196012005e-06, 8.11728227745e-07, 6.6357193873e-07, 8.32127341255e-07, 6.03058651905e-07, 3.86724678947e-07, 2.45152790512e-07, 1.84709691098e-07, 7.08729501753e-08, 2.4554047684e-08, 7.55156204235e-09, 5.29720445286e-09, 4.85607554168e-09, 4.28192281632e-09, 4.04540267951e-09, 3.78235132104e-09, 3.54628859611e-09, 4.21725232513e-09, 3.70720809606e-09, 2.90636403832e-09, 2.62290567044e-09, 2.36463115755e-09, 2.09117412275e-09, 1.86165582949e-09, 1.72590630676e-09, 1.6553001192e-09, 1.46149470304e-09, 1.29992894227e-09, 1.19835252832e-09, 1.06171282876e-09, 9.35843180727e-10, 8.45244207959e-10, 7.42060912717e-10, 6.2672905754e-10, 5.51032275364e-10, 4.62445082228e-10, 3.99305255527e-10, 3.4459499143e-10, 3.10289988148e-10, 3.94898197476e-10, 2.36540231846e-09, 3.88886389757e-09, 5.74362172406e-12, 3.94044085555e-12, 3.83870539522e-12, 3.75688065726e-12, 3.67754438013e-12, 3.59634002266e-12, 3.52663167766e-12, 3.4814093882e-12, 3.45476685454e-12, 3.42655526349e-12, 3.40423847965e-12],
        "min": [8.05241427315e-07, 2.43866952587e-06, 1.16333103506e-06, 9.19373519537e-07, 4.66072378913e-07, 8.58980058638e-07, 2.49630102189e-06, 6.6754364525e-06, 2.6457689728e-06, 1.91140588868e-06, 4.95162282732e-07, 1.07276775907e-06, 1.01800094399e-06, 1.22502058275e-06, 1.72530587861e-06, 1.268331971e-06, 8.4251860244e-07, 2.81376685507e-07, 1.48249696963e-07, 3.82892039852e-07, 4.37673691067e-07, 1.38339862588e-06, 3.7941259734e-07, 6.39066968233e-07, 7.69894299424e-08, 5.77984025085e-08, 8.9574626827e-08, 1.59584487847e-07, 1.66227550835e-07, 4.49141701608e-08, 4.36003979587e-08, 1.51334603515e-07, 2.25329358727e-07, 1.43103235928e-07, 1.33758803145e-07, 5.49853353959e-08, 6.38074766357e-08, 8.62296190007e-08, 4.95506284892e-08, 9.99057760964e-08, 1.08666808885e-08, 1.87409270325e-08, 9.16344760071e-08, 1.37456154903e-07, 1.51512171698e-08, 1.00430135319e-08, 2.36025918809e-08, 1.85888175963e-08, 7.2292314357e-09, 1.92474978178e-08, 3.81112457148e-08, 5.39255857746e-08, 1.53615058451e-08, 1.09913216306e-08, 3.91194099336e-08, 3.21224433719e-08, 3.67003742952e-08, 1.95020959382e-08, 5.87879034342e-09, 8.61217586134e-09, 2.64539732342e-08, 1.61343933769e-08, 1.17572493963e-08, 1.51174219809e-08, 1.15419735991e-08, 7.33702787414e-09, 2.76973199931e-09, 8.18145728942e-09, 1.36087070501e-08, 1.17148584167e-08, 6.59753673915e-09, 4.75514383425e-09, 7.0844086153e-09, 4.93363705445e-09, 4.91850915552e-09, 5.00962871186e-09, 2.79134115821e-09, 2.52802245804e-09, 2.46234521661e-09, 1.64649627266e-09, 1.21771107087e-10, 1.21580176482e-10, 2.14030404511e-10, 4.24765139728e-10, 1.20222623523e-10, 8.23154669427e-11, 6.22722151622e-11, 2.18972076582e-10, 5.447790552e-10, 5.42234201983e-10, 2.3717086628e-10, 1.62449512175e-10, 1.98812910579e-10, 4.8683435061e-10, 2.12532907939e-10, 2.00796046457e-10, 1.33699773475e-10, 1.21623905391e-10, 2.33941088723e-10, 1.52793624975e-10, 1.36349723179e-10, 1.7896568949e-10, 1.49031426089e-10, 1.24379812005e-10, 1.57794458056e-10, 1.48439760483e-10, 9.82725775756e-11, 1.1976776515e-10, 7.52932438619e-11, 1.03260608397e-10, 6.64207994161e-11, 8.24349546957e-11, 7.71491689977e-11, 8.85885392821e-11, 9.9776333029e-11, 1.11122340496e-10, 2.03756067574e-10, 4.8841551463e-13, 1.52757458917e-13, 1.43233854139e-13, 1.46731531005e-13, 1.66043285892e-13, 1.18764386888e-13, 1.2799407801e-13, 1.18326274343e-13, 1.48394263457e-13, 1.47116436329e-13, 1.54249917418e-13],
        "stdev": [8.66123227752e-05, 0.000185117445653, 0.000460419571027, 0.000538760970812, 0.000884379027411, 0.00226710760035, 0.00157305772882, 0.000606457062531, 0.00108661490958, 0.000732736196369, 0.00146773387678, 0.00280652567744, 0.00339541421272, 0.0017718069721, 0.00175661989488, 0.00130382541101, 0.000628163572401, 0.000546400377061, 0.000624598993454, 0.00123739906121, 0.00120279600378, 0.000826148490887, 0.00107065599877, 0.000829980475828, 0.00131239998154, 0.00128664600197, 0.000670042587444, 0.00147441425361, 0.000541140325367, 0.000728503393475, 0.000557265011594, 0.00054777105106, 0.000509976933245, 0.00032586909947, 0.000197910339921, 0.00020921023679, 0.000328689144226, 0.000253865291597, 0.00043724628631, 0.000312870135531, 0.000163078395417, 8.5045947344e-05, 0.000132864428451, 0.000219114474021, 0.000272068922641, 0.000657767464872, 0.000323176645907, 0.000140993113746, 9.65971921687e-05, 0.00017305125948, 0.000270083488431, 0.000176996050868, 0.000167256221175, 0.000103982260043, 4.01292891183e-05, 5.977586261e-05, 4.30394575233e-05, 5.69926960452e-05, 5.27098927705e-05, 4.23635901825e-05, 5.25809846295e-05, 3.97508774768e-05, 4.6435969125e-05, 1.96804303414e-05, 1.28985793708e-05, 1.35735645017e-05, 2.33298433159e-05, 2.24300001719e-05, 1.95309603441e-05, 3.21612897096e-05, 2.46306499321e-05, 2.588928146e-05, 1.65439669217e-05, 1.44919576996e-05, 1.11780927909e-05, 7.73014016886e-06, 3.12024462801e-06, 5.30778197572e-06, 7.54665552449e-06, 4.91073433295e-06, 2.90471621156e-06, 1.60519596193e-06, 1.20352081012e-06, 4.87038107622e-07, 1.76445340117e-07, 2.61580357375e-08, 5.48422240954e-09, 3.31117888663e-09, 2.25095053707e-09, 3.09163405987e-09, 1.70852154646e-09, 1.60439217467e-09, 1.91151250384e-09, 1.66578351113e-09, 1.21685617138e-09, 1.08240283403e-09, 9.72628533269e-10, 8.65486349255e-10, 7.31238236629e-10, 6.52226550546e-10, 6.62558063969e-10, 5.47183409694e-10, 5.16500453518e-10, 4.64853627813e-10, 4.04077826754e-10, 3.54633156174e-10, 3.23212623332e-10, 2.90751256404e-10, 2.38099151506e-10, 2.10105918774e-10, 1.87217560899e-10, 1.5548534682e-10, 1.33703714766e-10, 1.24174781568e-10, 1.75977718508e-10, 1.27589483423e-09, 2.44937559124e-09, 6.60170052305e-12, 6.14647482217e-12, 5.9554717928e-12, 5.79570332698e-12, 5.63814446519e-12, 5.51123469777e-12, 5.41180815439e-12, 5.33804250802e-12, 5.26934702469e-12, 5.22407377773e-12, 5.19692969214e-12]
    },
    "mfcc": {
        "mean": [-701.598205566, 206.425430298, -46.268535614, 44.5511932373, -9.40638065338, -4.61432695389, 4.4027967453, -10.670296669, 4.71453237534, -1.55170381069, -6.46199083328, 2.754144907, -3.6343934536],
        "cov": [[2002.78198242, -271.923614502, -1278.64880371, 328.005004883, -569.55670166, -38.5416870117, 237.208572388, -212.162414551, 166.556182861, 39.0872344971, 3.48080539703, -44.827507019, -126.521751404], [-271.923614502, 246.115783691, 285.71887207, -122.42678833, 117.377792358, -23.1389503479, -50.785949707, 37.8268318176, -45.6129226685, 1.19233727455, 2.84871792793, 12.5922002792, 8.64446544647], [-1278.64880371, 285.71887207, 1048.95422363, -165.460006714, 346.741973877, 47.147808075, -188.970672607, 153.687072754, -81.3202667236, -74.4593353271, -1.43669140339, 45.9974060059, 69.7390289307], [328.005004883, -122.42678833, -165.460006714, 257.31262207, -46.1538696289, -48.7513847351, -16.4366588593, -40.2748069763, 75.4440994263, -22.0767726898, -24.7289066315, 29.5418891907, -21.7873020172], [-569.55670166, 117.377792358, 346.741973877, -46.1538696289, 367.054443359, 7.19319343567, -168.453353882, 63.684627533, -18.2842235565, 2.20182991028, -8.56478404999, 21.9421958923, 35.2687644958], [-38.5416870117, -23.1389503479, 47.147808075, -48.7513847351, 7.19319343567, 171.957763672, 28.0185604095, 6.46545886993, 16.040725708, -17.913684845, 25.4532871246, -37.1921882629, -10.0681657791], [237.208572388, -50.785949707, -188.970672607, -16.4366588593, -168.453353882, 28.0185604095, 213.900085449, 13.6134977341, -41.1744041443, 35.8133468628, 13.0600442886, -36.923915863, -7.57867670059], [-212.162414551, 37.8268318176, 153.687072754, -40.2748069763, 63.684627533, 6.46545886993, 13.6134977341, 125.492340088, 3.08887243271, -5.38608026505, 12.6344709396, -19.5105209351, 24.2835769653], [166.556182861, -45.6129226685, -81.3202667236, 75.4440994263, -18.2842235565, 16.040725708, -41.1744041443, 3.08887243271, 135.015182495, 10.3293704987, -18.8289012909, -1.54756987095, -27.7765674591], [39.0872344971, 1.19233727455, -74.4593353271, -22.0767726898, 2.20182991028, -17.913684845, 35.8133468628, -5.38608026505, 10.3293704987, 104.777603149, 25.2445449829, -16.2974491119, 2.36846446991], [3.48080539703, 2.84871792793, -1.43669140339, -24.7289066315, -8.56478404999, 25.4532871246, 13.0600442886, 12.6344709396, -18.8289012909, 25.2445449829, 84.2077102661, 7.99748277664, -1.84136128426], [-44.827507019, 12.5922002792, 45.9974060059, 29.5418891907, 21.9421958923, -37.1921882629, -36.923915863, -19.5105209351, -1.54756987095, -16.2974491119, 7.99748277664, 95.2142486572, 29.3555603027], [-126.521751404, 8.64446544647, 69.7390289307, -21.7873020172, 35.2687644958, -10.0681657791, -7.57867670059, 24.2835769653, -27.7765674591, 2.36846446991, -1.84136128426, 29.3555603027, 97.5140609741]],
        "icov": [[0.0114325201139, -0.0137129155919, 0.0140512892976, -0.0118169980124, 0.010103511624, -0.00742643605918, 0.00467278435826, -0.00267103780061, -4.01335382776e-05, 0.000315574288834, -0.000419925636379, 0.00023925723508, -0.000132007087814], [-0.0137129155919, 0.0250890348107, -0.0190301239491, 0.0182708017528, -0.0143024008721, 0.0129887228832, -0.00811568461359, 0.00584388244897, -0.00232724030502, 0.00121399364434, -0.00109426362906, 3.62619425687e-06, 0.00138949300162], [0.0140512892976, -0.0190301239491, 0.0202252622694, -0.0153147354722, 0.013270933181, -0.0123865241185, 0.00964098423719, -0.00816756580025, 0.00387128558941, -0.00126509077381, 0.00220485008322, -0.00223759678192, 0.00058514525881], [-0.0118169980124, 0.0182708017528, -0.0153147354722, 0.0209831949323, -0.0137841803953, 0.0136857517064, -0.00984914135188, 0.00823490414768, -0.00779360113665, 0.00572961708531, -0.00298931822181, 0.000494075065944, -0.000293083692668], [0.010103511624, -0.0143024008721, 0.013270933181, -0.0137841803953, 0.0199745744467, -0.0145159484819, 0.0170958302915, -0.013341113925, 0.0107607776299, -0.0103451339528, 0.00805248692632, -0.00496732629836, 0.00269787223078], [-0.00742643605918, 0.0129887228832, -0.0123865241185, 0.0136857517064, -0.0145159484819, 0.0226403120905, -0.016889680177, 0.015837052837, -0.0154145853594, 0.013784147799, -0.0130295017734, 0.0100055225194, -0.00452328054234], [0.00467278435826, -0.00811568461359, 0.00964098423719, -0.00984914135188, 0.0170958302915, -0.016889680177, 0.0270016118884, -0.0203057918698, 0.0201031211764, -0.0170209463686, 0.0135438302532, -0.00804695300758, 0.0057328492403], [-0.00267103780061, 0.00584388244897, -0.00816756580025, 0.00823490414768, -0.013341113925, 0.015837052837, -0.0203057918698, 0.0291413515806, -0.0200089104474, 0.0164058059454, -0.0160346962512, 0.0133524341509, -0.00909765250981], [-4.01335382776e-05, -0.00232724030502, 0.00387128558941, -0.00779360113665, 0.0107607776299, -0.0154145853594, 0.0201031211764, -0.0200089104474, 0.028651362285, -0.0183120202273, 0.0166083481163, -0.0107656801119, 0.00886649731547], [0.000315574288834, 0.00121399364434, -0.00126509077381, 0.00572961708531, -0.0103451339528, 0.013784147799, -0.0170209463686, 0.0164058059454, -0.0183120202273, 0.0267261657864, -0.0167739968747, 0.0112999239936, -0.00734050618485], [-0.000419925636379, -0.00109426362906, 0.00220485008322, -0.00298931822181, 0.00805248692632, -0.0130295017734, 0.0135438302532, -0.0160346962512, 0.0166083481163, -0.0167739968747, 0.0262211952358, -0.0122605049983, 0.00741969002411], [0.00023925723508, 3.62619425687e-06, -0.00223759678192, 0.000494075065944, -0.00496732629836, 0.0100055225194, -0.00804695300758, 0.0133524341509, -0.0107656801119, 0.0112999239936, -0.0122605049983, 0.0218521710485, -0.00925102457404], [-0.000132007087814, 0.00138949300162, 0.00058514525881, -0.000293083692668, 0.00269787223078, -0.00452328054234, 0.0057328492403, -0.00909765250981, 0.00886649731547, -0.00734050618485, 0.00741969002411, -0.00925102457404, 0.016373751685]]
    },
    "spectral_contrast_coeffs": {
        "max": [-0.420225858688, -0.501652479172, -0.487044632435, -0.5646007061, -0.620346903801, -0.417566478252],
        "mean": [-0.679470777512, -0.700100183487, -0.718801438808, -0.754231154919, -0.769460737705, -0.73644721508],
        "min": [-0.870665490627, -0.889937639236, -0.899264216423, -0.896399497986, -0.88158595562, -0.928193330765],
        "stdev": [0.0700919255614, 0.0685367360711, 0.0757948756218, 0.0602786466479, 0.0471691787243, 0.0620889849961]
    },
    "spectral_contrast_valleys": {
        "max": [-5.41011238098, -5.19379758835, -5.86689424515, -6.13394260406, -6.36549329758, -10.5481996536],
        "mean": [-6.6442656517, -6.67568922043, -7.54702425003, -7.95619773865, -8.06569862366, -12.3792867661],
        "min": [-8.35123634338, -8.17900466919, -9.39601707458, -9.80467224121, -9.93871593475, -12.7409687042],
        "stdev": [0.470340132713, 0.469397038221, 0.543202340603, 0.625884830952, 0.70896500349, 0.116625472903]
    }
},
"rhythm": {
    "beats_count": 65,
    "beats_loudness": {
        "max": 0.0627503916621,
        "mean": 0.0284467469901,
        "min": 0.0039801239036,
        "stdev": 0.0148527026176
    },
    "bpm": 136.028945923,
    "bpm_histogram_first_peak_bpm": 136,
    "bpm_histogram_first_peak_weight": 0.315789461136,
    "bpm_histogram_second_peak_bpm": 126,
    "bpm_histogram_second_peak_spread": 0.375,
    "bpm_histogram_second_peak_weight": 0.15625,
    "danceability": 1.02124893665,
    "onset_rate": 1.84570300579,
    "beats_loudness_band_ratio": {
        "max": [0.924476146698, 0.876097381115, 0.762398660183, 0.64863717556, 0.553223192692, 0.155310973525],
        "mean": [0.302584320307, 0.267710447311, 0.244698107243, 0.14484551549, 0.089536331594, 0.0174497310072],
        "min": [0.0315741561353, 0.0155976479873, 0.0166512131691, 0.0034754970111, 0.00160311744548, 0.000283909233985],
        "stdev": [0.246305719018, 0.212791606784, 0.169516161084, 0.143768504262, 0.124811604619, 0.027055464685]
    },
    "beats_position": [0.417959183455, 0.835918366909, 1.25387752056, 1.67183673382, 2.08979582787, 2.50775504112, 2.92571425438, 3.36689329147, 3.80807256699, 4.23764181137, 4.69043064117, 5.14321994781, 5.59600877762, 6.07201814651, 6.54802703857, 7.03564596176, 7.51165533066, 7.98766422272, 8.46367359161, 8.93968200684, 9.41569137573, 9.89170074463, 10.379319191, 10.8437185287, 11.3081178665, 11.7725172043, 12.2136955261, 12.6548748016, 13.084444046, 13.5140132904, 13.9551925659, 14.3963718414, 14.8375511169, 15.2787294388, 15.7199087143, 16.1610889435, 16.602268219, 17.0434455872, 17.4846248627, 17.9606342316, 18.4366436005, 18.9242630005, 19.4699325562, 20.0156002045, 20.5728797913, 21.1301574707, 21.6758270264, 22.221496582, 22.7671642303, 23.312833786, 23.8585033417, 24.40417099, 24.984670639, 25.553560257, 26.1224479675, 26.7493877411, 27.3647155762, 27.9800453186, 28.537322998, 29.0946025848, 29.6634922028, 30.2323799133, 30.8012695312, 31.3701572418, 31.9390468597],
