{
"metadata": {
    "version": {
        "essentia": "2.1-beta5",
        "essentia_git_sha": "Undefined",
        "extractor": "music 2.0"
    },
    "audio_properties": {
        "analysis": {
            "equal_loudness": 0,
            "length": 48.7502937317,
            "sample_rate": 44100,
            "start_time": 12.7477550507,
            "downmix": "mix"
        },
        "bit_rate": 192000,
        "length": 188.685348511,
        "lossless": 0,
        "number_channels": 2,
        "replay_gain": -6.7461643219,
        "sample_rate": 48000,
        "codec": "mp3",
        "md5_encoded": "4a01d1fc0b5ed405af2ef2ab423815e6"
    },
    "tags": {
        "file_name": "France_La Source_Isabelle Aubret.mp3",
        "encoding": ["Lavf58.29.100"]
    }
},
"lowlevel": {
    "average_loudness": 0.96172195673,
    "barkbands_crest": {
        "max": 24.8585128784,
        "mean": 11.6968641281,
        "min": 3.51883864403,
        "stdev": 4.16196393967
    },
    "barkbands_flatness_db": {
        "max": 0.387758404016,
        "mean": 0.247321128845,
        "min": 0.0865193754435,
        "stdev": 0.0464744269848
    },
    "barkbands_kurtosis": {
        "max": 66.8640060425,
        "mean": 7.69425010681,
        "min": -1.80140352249,
        "stdev": 7.72952127457
    },
    "barkbands_skewness": {
        "max": 6.67410993576,
        "mean": 1.80037724972,
        "min": -1.08252215385,
        "stdev": 1.08475697041
    },
    "barkbands_spread": {
        "max": 71.9959411621,
        "mean": 8.4058303833,
        "min": 0.906056761742,
        "stdev": 7.75733709335
    },
    "dissonance": {
        "max": 0.499999940395,
        "mean": 0.414031296968,
        "min": 0.194872826338,
        "stdev": 0.0441511496902
    },
    "dynamic_complexity": 2.14286017418,
    "erbbands_crest": {
        "max": 29.9578437805,
        "mean": 13.9724397659,
        "min": 3.29043602943,
        "stdev": 5.66362810135
    },
    "erbbands_flatness_db": {
        "max": 0.387183129787,
        "mean": 0.254901200533,
        "min": 0.0888805240393,
        "stdev": 0.0430715195835
    },
    "erbbands_kurtosis": {
        "max": 27.2640266418,
        "mean": 3.04562211037,
        "min": -1.86693143845,
        "stdev": 3.98428010941
    },
    "erbbands_skewness": {
        "max": 4.88974046707,
        "mean": 1.16212904453,
        "min": -2.06892156601,
        "stdev": 0.864554166794
    },
    "erbbands_spread": {
        "max": 132.703399658,
        "mean": 22.0218086243,
        "min": 3.39393615723,
        "stdev": 15.7278528214
    },
    "hfc": {
        "max": 89.5849685669,
        "mean": 14.2354431152,
        "min": 0.311041414738,
        "stdev": 8.78215885162
    },
    "loudness_ebu128": {
        "integrated": -16.777841568,
        "loudness_range": 2.81352424622,
        "momentary": {
            "max": -13.5489578247,
            "mean": -17.1778526306,
            "min": -25.2183876038,
            "stdev": 1.98079907894
        },
        "short_term": {
            "max": -15.0661392212,
            "mean": -16.8367729187,
            "min": -19.3443717957,
            "stdev": 0.941795945168
        }
    },
    "melbands_crest": {
        "max": 30.2337608337,
        "mean": 15.650683403,
        "min": 5.20234489441,
        "stdev": 5.42310142517
    },
    "melbands_flatness_db": {
        "max": 0.468382954597,
        "mean": 0.292129516602,
        "min": 0.0778241679072,
        "stdev": 0.0602916292846
    },
    "melbands_kurtosis": {
        "max": 132.511459351,
        "mean": 12.1314744949,
        "min": -1.23839950562,
        "stdev": 13.9505653381
    },
    "melbands_skewness": {
        "max": 9.1632604599,
        "mean": 2.13565254211,
        "min": -0.855946600437,
        "stdev": 1.44811296463
    },
    "melbands_spread": {
        "max": 108.521942139,
        "mean": 9.9035282135,
        "min": 1.14178276062,
        "stdev": 7.5678691864
    },
    "pitch_salience": {
        "max": 0.809965491295,
        "mean": 0.509769380093,
        "min": 0.169736579061,
        "stdev": 0.11097317189
    },
    "silence_rate_20dB": {
        "max": 1,
        "mean": 1,
        "min": 1,
        "stdev": 0
    },
    "silence_rate_30dB": {
        "max": 1,
        "mean": 0.997620165348,
        "min": 0,
        "stdev": 0.0487258695066
    },
    "silence_rate_60dB": {
        "max": 1,
        "mean": 0.0038077107165,
        "min": 0,
        "stdev": 0.061588127166
    },
    "spectral_centroid": {
        "max": 3513.7590332,
        "mean": 618.497070312,
        "min": 194.728805542,
        "stdev": 309.795623779
    },
    "spectral_complexity": {
        "max": 37,
        "mean": 11.9509754181,
        "min": 1,
        "stdev": 3.58057332039
    },
    "spectral_decrease": {
        "max": -1.48165368863e-10,
        "mean": -8.31953439473e-09,
        "min": -3.44597275159e-08,
        "stdev": 4.82119721923e-09
    },
    "spectral_energy": {
        "max": 0.131863117218,
        "mean": 0.0326910428703,
        "min": 0.000587423273828,
        "stdev": 0.0187369734049
    },
    "spectral_energyband_high": {
        "max": 0.00986150000244,
        "mean": 0.000140647971421,
        "min": 8.91352556209e-07,
        "stdev": 0.000544214562979
    },
    "spectral_energyband_low": {
        "max": 0.115853987634,
        "mean": 0.00704095000401,
        "min": 5.31652585778e-05,
        "stdev": 0.011517114006
    },
    "spectral_energyband_middle_high": {
        "max": 0.0416164621711,
        "mean": 0.00255512655713,
        "min": 5.36609586561e-05,
        "stdev": 0.00325166410767
    },
    "spectral_energyband_middle_low": {
        "max": 0.115661077201,
        "mean": 0.0240603331476,
        "min": 0.000297865364701,
        "stdev": 0.0160309616476
    },
    "spectral_entropy": {
        "max": 8.22767162323,
        "mean": 6.71206665039,
        "min": 5.10065460205,
        "stdev": 0.464254647493
    },
    "spectral_flux": {
        "max": 0.240768253803,
        "mean": 0.0755701214075,
        "min": 0.0152833973989,
        "stdev": 0.0338815897703
    },
    "spectral_kurtosis": {
        "max": 56.3320503235,
        "mean": 10.4478559494,
        "min": -1.25077712536,
        "stdev": 7.56187772751
    },
    "spectral_rms": {
        "max": 0.0113422637805,
        "mean": 0.00540285464376,
        "min": 0.000757030968089,
        "stdev": 0.00164404162206
    },
    "spectral_rolloff": {
        "max": 8225.68359375,
        "mean": 680.645385742,
        "min": 107.666015625,
        "stdev": 633.640380859
    },
    "spectral_skewness": {
        "max": 5.89256715775,
        "mean": 2.28040075302,
        "min": -0.00827092304826,
        "stdev": 0.795366823673
    },
    "spectral_spread": {
        "max": 18586270,
        "mean": 2909293.25,
        "min": 1358154.75,
        "stdev": 1170287.125
    },
    "spectral_strongpeak": {
        "max": 6.4598107338,
        "mean": 1.46796214581,
        "min": 0.0140356412157,
        "stdev": 1.15095603466
    },
    "zerocrossingrate": {
        "max": 0.1923828125,
        "mean": 0.0292892064899,
        "min": 0.00439453125,
        "stdev": 0.0179298184812
    },
    "barkbands": {
        "max": [0.00028151483275, 0.0552349090576, 0.0605372302234, 0.02383454144, 0.0542061924934, 0.0921189785004, 0.0640102103353, 0.0696485191584, 0.05668303743, 0.0312711335719, 0.0169387459755, 0.00873658061028, 0.00570489559323, 0.00548104243353, 0.00286031048745, 0.00129656807985, 0.0029467465356, 0.00268947216682, 0.00434196460992, 0.00891824252903, 0.00412487285212, 0.00753139285371, 0.00248662848026, 0.00313115259632, 0.00046655186452, 1.0395250456e-06, 1.11181998363e-06],
        "mean": [1.58276507136e-05, 0.00246056867763, 0.00363680161536, 0.00145819725003, 0.00669963425025, 0.00542191974819, 0.00443151500076, 0.00337921245955, 0.00231439783238, 0.000953217444476, 0.000557705003303, 0.000360022735549, 0.000154554480105, 0.000128695362946, 0.000148490784341, 0.000106214800326, 0.000139363895869, 0.000107664862298, 5.40926121175e-05, 5.23248891113e-05, 2.89149284072e-05, 2.67190407612e-05, 2.31984922721e-05, 2.89251365757e-05, 2.88836758955e-06, 2.09028305775e-09, 2.21824580926e-09],
        "min": [7.76312791828e-09, 4.45845125796e-06, 3.5842813304e-06, 8.189736036e-07, 7.28944505681e-05, 1.84542896022e-05, 5.61876231586e-06, 8.5823739937e-06, 7.3701266956e-06, 3.53754717253e-06, 9.06985121674e-07, 2.19733487938e-06, 5.61980186831e-07, 1.53513133228e-06, 1.47594062128e-06, 1.35328764372e-06, 1.39614121508e-06, 1.06672928268e-06, 5.42403256532e-07, 4.68207417725e-07, 2.3720930642e-07, 1.20428012451e-07, 7.92010652617e-08, 1.41393684316e-07, 3.5092913464e-08, 2.62222153713e-11, 2.92973215132e-11],
        "stdev": [1.73465450644e-05, 0.00515106553212, 0.00627426058054, 0.00291635585018, 0.00668349768966, 0.00961247552186, 0.00833780691028, 0.00671355379745, 0.00609631696716, 0.00278040464036, 0.0013032668503, 0.000688672589604, 0.00039071685751, 0.000267197698122, 0.000241067071329, 0.000134834466735, 0.0003037788847, 0.000221446054638, 0.00014365449897, 0.000279647763819, 0.000144621910295, 0.000218760644202, 0.000104058868601, 0.000156506168423, 1.69255017681e-05, 3.22297317723e-08, 3.4449129771e-08]
    },
    "erbbands": {
        "max": [0.287008553743, 17.1113109589, 82.3947525024, 76.3648300171, 163.843597412, 183.695098877, 604.330688477, 1081.08093262, 999.458679199, 1002.45391846, 1462.40625, 1687.01098633, 1294.93823242, 941.726074219, 587.221069336, 450.396118164, 247.788696289, 223.246810913, 160.42149353, 185.145690918, 73.6233062744, 178.314666748, 136.815948486, 177.160202026, 500.237579346, 310.737792969, 256.30255127, 92.7090835571, 410.422607422, 61.5578231812, 57.7219467163, 85.8499832153, 30.27850914, 12.1291217804, 0.541505515575, 0.0174219738692, 0.00193657178897, 0.000689345528372, 0.000173679101863, 0.00014357281907],
        "mean": [0.016528846696, 0.764850437641, 4.33464860916, 4.62584018707, 10.188454628, 23.2692089081, 51.9298591614, 32.7661933899, 52.3238983154, 74.3779830933, 73.8138504028, 57.7846031189, 34.5150871277, 26.9988613129, 21.6954650879, 17.437412262, 7.84754943848, 7.61876964569, 6.40628623962, 8.75650215149, 5.31973934174, 7.57577800751, 6.3944401741, 3.85967612267, 2.35587739944, 2.51589488983, 1.73939371109, 0.849824368954, 1.04786479473, 0.782214820385, 0.644469499588, 0.693207263947, 0.390779465437, 0.0828472822905, 0.00321241375059, 0.000155290530529, 2.77127892332e-05, 5.96558083998e-06, 1.66030913533e-05, 3.69783119822e-05],
        "min": [0.000294268858852, 0.00104854081292, 0.0142475860193, 0.0199595950544, 0.0593165718019, 0.193386659026, 0.224987283349, 0.293729066849, 0.264037758112, 0.344785541296, 0.30346506834, 0.363713473082, 0.398371398449, 0.250689744949, 0.131845772266, 0.0647385120392, 0.0378259308636, 0.108565837145, 0.105894714594, 0.0828023329377, 0.0617731884122, 0.0762068852782, 0.0772648751736, 0.0403407588601, 0.0302517041564, 0.0245465878397, 0.0130528528243, 0.00566196348518, 0.00558434147388, 0.00247079669498, 0.00229002721608, 0.00271305744536, 0.00221667392179, 0.000681780511513, 0.00010458779434, 6.27628969596e-06, 1.08232723051e-06, 2.45604553584e-07, 7.15273813512e-07, 1.60194963428e-06],
        "stdev": [0.0242097284645, 1.61630630493, 8.3343000412, 8.35844326019, 12.0836277008, 27.4713554382, 86.0945053101, 75.0029754639, 109.413909912, 128.786682129, 142.965759277, 156.249557495, 93.6557769775, 70.0455780029, 42.5774307251, 33.5601005554, 16.2470607758, 13.6663064957, 10.5510940552, 12.6427698135, 6.23242616653, 18.4594802856, 12.6108179092, 9.22135162354, 12.1913108826, 11.7982902527, 8.27644252777, 3.93478393555, 10.8192749023, 3.96995568275, 2.6618745327, 3.86229109764, 2.01281380653, 0.472735583782, 0.0184187348932, 0.000705548911355, 9.13113181014e-05, 2.47759344347e-05, 1.0203905731e-05, 2.06796121347e-05]
    },
    "gfcc": {
        "mean": [-62.7109413147, 173.538589478, -136.44229126, 31.0720214844, -71.6296005249, -4.41044521332, -36.0426979065, -6.78932857513, -4.38592195511, -27.3933563232, 9.35492706299, -26.4752941132, 6.83814525604],
        "cov": [[936.31237793, -362.535461426, -168.161849976, 123.331535339, -158.227325439, 78.1312255859, -7.13352108002, 71.0818939209, 45.0638618469, 18.3379077911, -4.60718297958, -20.709728241, -4.46242427826], [-362.535461426, 614.145568848, 101.434280396, -242.662368774, 277.000854492, -125.652786255, 146.441864014, -21.7875785828, -19.3605632782, 0.0561636202037, 32.3923110962, -61.8649253845, -5.52455854416], [-168.161849976, 101.434280396, 469.389160156, 97.1627426147, 31.5043945312, 57.5804862976, -45.9530258179, -9.71190452576, 18.8317890167, 17.5619735718, 5.29439592361, -10.1252593994, -58.8979606628], [123.331535339, -242.662368774, 97.1627426147, 368.675598145, -33.2439498901, 58.1370811462, -60.9620780945, -18.3329772949, 34.7175827026, -5.75252008438, -35.2887382507, 37.6638069153, -18.6714363098], [-158.227325439, 277.000854492, 31.5043945312, -33.2439498901, 261.93850708, -20.9670753479, 78.2267837524, -11.7386207581, -19.5766658783, -9.95379161835, 3.41171979904, -5.29527330399, -2.31629061699], [78.1312255859, -125.652786255, 57.5804862976, 58.1370811462, -20.9670753479, 313.671295166, 57.4956970215, -18.9132041931, -37.6671447754, 18.5313777924, -37.9547615051, 7.37057495117, -23.7633514404], [-7.13352108002, 146.441864014, -45.9530258179, -60.9620780945, 78.2267837524, 57.4956970215, 189.401931763, 2.4562227726, -23.3091392517, 16.0014095306, -11.7899990082, -10.585729599, -0.299892067909], [71.0818939209, -21.7875785828, -9.71190452576, -18.3329772949, -11.7386207581, -18.9132041931, 2.4562227726, 103.011894226, 37.1534881592, -7.39222812653, -6.52386665344, -26.1467819214, 8.67862415314], [45.0638618469, -19.3605632782, 18.8317890167, 34.7175827026, -19.5766658783, -37.6671447754, -23.3091392517, 37.1534881592, 95.8191986084, 25.4909915924, -5.02130508423, -10.8609552383, -8.63926506042], [18.3379077911, 0.0561636202037, 17.5619735718, -5.75252008438, -9.95379161835, 18.5313777924, 16.0014095306, -7.39222812653, 25.4909915924, 86.7859039307, 18.3563041687, -19.4771232605, -17.8740520477], [-4.60718297958, 32.3923110962, 5.29439592361, -35.2887382507, 3.41171979904, -37.9547615051, -11.7899990082, -6.52386665344, -5.02130508423, 18.3563041687, 93.9807128906, 42.1436347961, -9.25122833252], [-20.709728241, -61.8649253845, -10.1252593994, 37.6638069153, -5.29527330399, 7.37057495117, -10.585729599, -26.1467819214, -10.8609552383, -19.4771232605, 42.1436347961, 122.353248596, 26.5450153351], [-4.46242427826, -5.52455854416, -58.8979606628, -18.6714363098, -2.31629061699, -23.7633514404, -0.299892067909, 8.67862415314, -8.63926506042, -17.8740520477, -9.25122833252, 26.5450153351, 76.5022125244]],
        "icov": [[0.001746387803, 0.00160907325335, 0.000222161426791, -4.88433615828e-05, -0.000335048389388, -6.00828752795e-05, -0.0011678666342, -0.000125198537717, -0.000962901802268, 0.000690127431881, -0.00163990119472, 0.00167307711672, -0.000368335080566], [0.00160907325335, 0.0142866177484, -0.00457667326555, 0.0064499033615, -0.0096072871238, 0.00406264513731, -0.00841802544892, 0.0069432859309, -0.00551624875516, 0.00526931369677, -0.0062893088907, 0.00856622960418, -0.00379807176068], [0.000222161426791, -0.00457667326555, 0.00447176536545, -0.0028939624317, 0.00271380529739, -0.00210741627961, 0.00353503506631, -0.00273384340107, 0.0013463330688, -0.00186255120207, 0.0012950852979, -0.00228832149878, 0.00283793313429], [-4.88433615828e-05, 0.0064499033615, -0.0028939624317, 0.00707818008959, -0.00469517335296, 0.0015867089387, -0.00257778633386, 0.00407454697415, -0.00370633625425, 0.00226153177209, 0.00010319978901, 0.00128362490796, -0.000482268165797], [-0.000335048389388, -0.0096072871238, 0.00271380529739, -0.00469517335296, 0.0116480616853, -0.00214018579572, 0.00305417901836, -0.00431080907583, 0.00379038346, -0.00234936061315, 0.00330404029228, -0.00496948696673, 0.00242196931504], [-6.00828752795e-05, 0.00406264513731, -0.00210741627961, 0.0015867089387, -0.00214018579572, 0.00606075068936, -0.0037357932888, 0.00137705204543, 0.00159231352154, -0.000824337999802, 0.00174086517654, 0.000118834534078, 0.000858117069583], [-0.0011678666342, -0.00841802544892, 0.00353503506631, -0.00257778633386, 0.00305417901836, -0.0037357932888, 0.0128041636199, -0.0053451852873, 0.00481857405975, -0.00568004185334, 0.00571889011189, -0.00615293625742, 0.00304862065241], [-0.000125198537717, 0.0069432859309, -0.00273384340107, 0.00407454697415, -0.00431080907583, 0.00137705204543, -0.0053451852873, 0.0180252045393, -0.00993144512177, 0.00754705443978, -0.00583806447685, 0.00864154379815, -0.00544745055959], [-0.000962901802268, -0.00551624875516, 0.0013463330688, -0.00370633625425, 0.00379038346, 0.00159231352154, 0.00481857405975, -0.00993144512177, 0.0199436899275, -0.00988268852234, 0.0072142095305, -0.0066101802513, 0.00454155961052], [0.000690127431881, 0.00526931369677, -0.00186255120207, 0.00226153177209, -0.00234936061315, -0.000824337999802, -0.00568004185334, 0.00754705443978, -0.00988268852234, 0.0201346091926, -0.0101920850575, 0.00939658749849, -0.00257156533189], [-0.00163990119472, -0.0062893088907, 0.0012950852979, 0.00010319978901, 0.00330404029228, 0.00174086517654, 0.00571889011189, -0.00583806447685, 0.0072142095305, -0.0101920850575, 0.0234878137708, -0.0149618722498, 0.00826316419989], [0.00167307711672, 0.00856622960418, -0.00228832149878, 0.00128362490796, -0.00496948696673, 0.000118834534078, -0.00615293625742, 0.00864154379815, -0.0066101802513, 0.00939658749849, -0.0149618722498, 0.0214522313327, -0.00965417921543], [-0.000368335080566, -0.00379807176068, 0.00283793313429, -0.000482268165797, 0.00242196931504, 0.000858117069583, 0.00304862065241, -0.00544745055959, 0.00454155961052, -0.00257156533189, 0.00826316419989, -0.00965417921543, 0.0200738776475]]
    },
    "melbands": {
        "max": [0.00827661994845, 0.034500643611, 0.0101210549474, 0.00917522888631, 0.0186657179147, 0.0216633919626, 0.0137585047632, 0.00973657052964, 0.00961059611291, 0.00946210417897, 0.00632020598277, 0.00440549664199, 0.00228733336553, 0.000868210336193, 0.000612289528362, 0.000789683719631, 0.000522648042534, 0.000294609984849, 0.000303192355204, 0.000162448894116, 0.000124178361148, 0.000223283466767, 0.000245036615524, 0.000118411240692, 0.00015524403716, 0.000157195536303, 0.000579189567361, 0.000164286757354, 0.00019090155547, 7.35243156669e-05, 5.1370348956e-05, 0.000274741614703, 8.53792516864e-05, 4.54940818599e-05, 3.17113845085e-05, 3.42945641023e-05, 6.20068458375e-05, 2.72150646197e-05, 1.06995576061e-05, 9.28390818444e-06],
        "mean": [0.000383366103051, 0.00180699734483, 0.000921269180253, 0.00116626184899, 0.00165584904607, 0.000810507743154, 0.000852795434184, 0.000791934144218, 0.000574723409954, 0.000340991595294, 0.000164132390637, 0.00010870899132, 8.24185117381e-05, 4.23622550443e-05, 2.71410535788e-05, 1.64381435752e-05, 1.37810648084e-05, 9.84821326711e-06, 1.02987769424e-05, 1.07172372736e-05, 5.47948275198e-06, 7.63276148064e-06, 7.94450988906e-06, 4.54967494079e-06, 2.98931104226e-06, 1.77646268185e-06, 1.55213945163e-06, 1.71143130956e-06, 1.29582292629e-06, 6.02850661835e-07, 4.35042409208e-07, 6.09894129866e-07, 4.89780120461e-07, 4.17721878421e-07, 3.53449507884e-07, 4.18933012725e-07, 4.12950782902e-07, 3.07957037649e-07, 1.52513024432e-07, 3.87450960204e-08],
        "min": [1.67482085089e-06, 7.81430571806e-06, 3.55820498044e-06, 1.78487571247e-05, 6.91982359058e-06, 2.41013867708e-06, 4.07676907344e-06, 4.98022427564e-06, 1.45106673699e-06, 1.09606037313e-06, 5.69109488424e-07, 7.25770064491e-07, 1.90570318637e-07, 2.11027554542e-07, 1.38134097938e-07, 6.27540330811e-08, 1.42188810059e-07, 1.38719656206e-07, 1.00494951027e-07, 8.18178733653e-08, 5.64845770157e-08, 6.01132654765e-08, 7.348254627e-08, 3.95959531829e-08, 1.63845470524e-08, 2.45862725734e-08, 1.0345817536e-08, 1.20787495561e-08, 6.63246568777e-09, 3.68478758617e-09, 2.31925834093e-09, 2.79660805624e-09, 1.73572134443e-09, 1.10447506696e-09, 1.22750021259e-09, 1.57552582092e-09, 1.65365943161e-09, 1.744560163e-09, 6.65307531289e-10, 4.96859609012e-10],
        "stdev": [0.000744366261642, 0.00340833258815, 0.00123370590154, 0.00118088698946, 0.0024461641442, 0.00172140391078, 0.00169511709828, 0.00135484139901, 0.00111046968959, 0.00097104156157, 0.000470684288302, 0.000313687953167, 0.000187828118214, 7.38479357096e-05, 5.04844683746e-05, 4.60150040453e-05, 2.8080181437e-05, 1.78976679308e-05, 1.80111237569e-05, 1.37961878863e-05, 7.51876632421e-06, 1.91608105524e-05, 1.86983525055e-05, 8.94760523806e-06, 8.05923809821e-06, 4.44914667241e-06, 1.42773424159e-05, 7.22004915588e-06, 6.47127853881e-06, 2.5077574719e-06, 2.20237325266e-06, 6.94483696861e-06, 3.37542223861e-06, 2.15306431528e-06, 1.51529013692e-06, 1.8173539047e-06, 2.60104525296e-06, 1.62545859439e-06, 7.81330982136e-07, 2.78933754316e-07]
    },
    "melbands128": {
        "max": [0.000211892838706, 0.000626281776931, 0.00395085848868, 0.0374409891665, 0.0533773042262, 0.0201549343765, 0.0197632946074, 0.0104720080271, 0.0223157275468, 0.0151885077357, 0.0136153018102, 0.024916511029, 0.0295666716993, 0.0312637835741, 0.0324471257627, 0.0448589548469, 0.0319763235748, 0.0209604427218, 0.0230154003948, 0.0187186803669, 0.0168163478374, 0.0272574331611, 0.0157561134547, 0.0164359696209, 0.0207995697856, 0.0136906364933, 0.0117821479216, 0.0116703342646, 0.0102797979489, 0.0105356024578, 0.00343687669374, 0.00446885544807, 0.00351830688305, 0.00227363337763, 0.0012847695034, 0.00124955491628, 0.00246455683373, 0.000834358448628, 0.000688664556947, 0.000926046050154, 0.00137860456016, 0.000700393284205, 0.000368398643332, 0.00154895090964, 0.00063723733183, 0.000692609930411, 0.000632636540104, 0.000710237305611, 0.000505651114509, 0.000512016646098, 0.00024271660368, 0.000115677103167, 0.000156237525516, 0.000273999379715, 0.000210033875192, 0.000475973269204, 0.000481670256704, 0.000424929807195, 0.000400777207687, 0.000141978729516, 0.00018676140462, 0.000216389322304, 0.000334220036166, 0.000149614817929, 8.48435229273e-05, 4.30173022323e-05, 0.000133043300593, 0.000940386147704, 0.000709093175828, 0.00014896185894, 0.000207208984648, 0.000209539299249, 0.00022836329299, 0.000248121388722, 0.000198997426196, 6.54777322779e-05, 3.78054719476e-05, 5.41169465578e-05, 7.26155049051e-05, 4.01220095227e-05, 0.000150773426867, 0.000612062343862, 0.000143508470501, 8.27962721814e-05, 3.73275324819e-05, 5.6795317505e-05, 6.9184039603e-05, 3.77743672288e-05, 2.42592595896e-05, 3.01257423416e-05, 3.73078182747e-05, 3.96080977225e-05, 0.000108032014396, 7.27150691091e-05, 5.89177761867e-05, 4.55679073639e-05, 3.20669278153e-05, 2.64801074081e-05, 1.63756521943e-05, 7.48366710468e-06, 2.67937048193e-05, 4.70580835099e-06, 1.41552632726e-07, 7.58584732807e-08, 1.52737111847e-08, 8.08914624173e-09, 7.75317499091e-09, 7.41661265735e-09, 7.12353465104e-09, 6.84455203626e-09, 6.5891017087e-09, 6.3409171247e-09, 6.10839201443e-09, 5.89740123402e-09, 5.70264813149e-09, 5.51836709661e-09, 5.3534150446e-09, 5.19395060294e-09, 5.05707253851e-09, 4.91508922451e-09, 4.7997636976e-09, 4.69910732548e-09, 4.60914861833e-09, 4.52937376494e-09, 4.46562431478e-09, 4.41244640825e-09, 4.37388081309e-09, 4.35051372705e-09],
        "mean": [1.31184106067e-05, 4.69875958515e-05, 0.000196185457753, 0.00163089553826, 0.00251090480015, 0.00147302029654, 0.000943367544096, 0.000612697098404, 0.00109916483052, 0.00111250567716, 0.00126760767307, 0.00155968917534, 0.00222131679766, 0.00122552795801, 0.000535456638318, 0.000758508802392, 0.000740566581953, 0.000848774681799, 0.00103884621058, 0.000874310790095, 0.000615548400674, 0.000654885661788, 0.000653978961054, 0.000363857863704, 0.000416783237597, 0.000304793706164, 0.000225742973271, 0.000159897870617, 7.93058352428e-05, 0.000161405012477, 7.90523408796e-05, 8.1617734395e-05, 0.000125498598209, 4.83317999169e-05, 1.96054261323e-05, 4.88444129587e-05, 7.11784960004e-05, 1.27714720293e-05, 1.51947342601e-05, 1.44925461427e-05, 1.91126073332e-05, 1.55242232722e-05, 1.24133102872e-05, 1.5922005332e-05, 7.48945330997e-06, 9.2689133453e-06, 1.19491169244e-05, 6.73771546644e-06, 1.04923174149e-05, 1.72729123733e-05, 1.03193769974e-05, 5.30680836164e-06, 4.66176516056e-06, 5.56753775527e-06, 7.24678011466e-06, 7.69562211644e-06, 7.54940447223e-06, 9.95536083792e-06, 8.3604172687e-06, 4.01987381338e-06, 4.71076191388e-06, 4.28296016253e-06, 3.55867246071e-06, 2.54600900007e-06, 2.18202876567e-06, 1.55798215928e-06, 1.84995769814e-06, 1.35440222948e-06, 1.53452344875e-06, 1.66424035797e-06, 1.7626018689e-06, 1.77680146862e-06, 1.55060729412e-06, 1.31996841901e-06, 8.01682745077e-07, 6.55261089832e-07, 4.86355645535e-07, 4.33685954704e-07, 4.44705364089e-07, 4.09657673117e-07, 5.09273547777e-07, 8.55362202401e-07, 5.14561065756e-07, 4.58811371118e-07, 4.25207559829e-07, 4.41332986156e-07, 4.09272558954e-07, 3.86210587067e-07, 3.44536005059e-07, 3.24286133946e-07, 3.79294732511e-07, 4.22348932716e-07, 5.3603497463e-07, 4.26066918635e-07, 3.35497048809e-07, 3.32674034098e-07, 3.15293846143e-07, 2.57525698544e-07, 1.63938608466e-07, 8.43674285989e-08, 8.9405851611e-08, 1.76227441528e-08, 1.61960933553e-09, 8.86532014466e-10, 1.6558081295e-10, 2.58512690421e-11, 2.90671028913e-11, 1.61302377705e-11, 1.42249979157e-11, 1.36587815711e-11, 1.31483469945e-11, 1.26557245586e-11, 1.2193849229e-11, 1.17654037554e-11, 1.13748914801e-11, 1.10131339812e-11, 1.0681019437e-11, 1.03751113603e-11, 1.01070271943e-11, 9.83356451822e-12, 9.59561510111e-12, 9.39698145686e-12, 9.2227510351e-12, 9.05812924668e-12, 8.87873195105e-12, 8.69019526478e-12, 8.56641233643e-12, 8.51311035555e-12],
        "min": [2.16440354528e-09, 8.12090448221e-08, 5.77418745706e-07, 4.99554062117e-07, 2.66075630861e-06, 2.43637987296e-06, 1.61099990237e-06, 4.1157059627e-07, 6.48089383049e-07, 4.01694660468e-06, 1.5094618675e-06, 5.022326377e-07, 3.26569761455e-07, 9.90585931504e-07, 1.8840228222e-07, 4.06309595746e-07, 1.09547738703e-06, 1.59184438075e-07, 4.44070735739e-07, 2.78198314163e-07, 6.42532711481e-07, 8.59915530782e-07, 5.07401068717e-07, 2.24497597401e-07, 1.03486712533e-07, 2.11749139112e-07, 2.27292588306e-07, 7.38157694968e-08, 1.07995290932e-07, 8.68092655537e-08, 2.58974893086e-07, 7.30211695554e-08, 2.00820640117e-08, 4.76134545124e-08, 6.89607304594e-08, 2.50116993783e-08, 3.44925439322e-08, 7.35406757713e-08, 2.80613647874e-08, 5.02793540136e-09, 2.78303264878e-08, 2.83788335054e-08, 4.53956374713e-08, 4.05819839955e-08, 2.34498269691e-08, 4.64597533778e-08, 2.95530870886e-08, 3.36761445396e-08, 2.21390958899e-08, 5.60174768793e-08, 7.19207307043e-08, 2.58095074201e-08, 1.65555036347e-08, 2.93194588608e-08, 3.4556187245e-08, 2.70811302272e-08, 3.80265383626e-08, 5.82430033091e-08, 2.08764650012e-08, 2.49234233252e-08, 1.46921470545e-08, 5.48442180559e-09, 5.48035838932e-09, 6.67869848314e-09, 6.10212014251e-09, 1.09651923097e-08, 1.29113013614e-08, 6.67612987115e-09, 3.81803078042e-09, 5.20455145647e-09, 6.71707356403e-09, 4.65545424433e-09, 6.28917762313e-09, 3.91013799117e-09, 3.3018399126e-09, 2.4994324388e-09, 1.75698910976e-09, 2.09119033201e-09, 1.83206949611e-09, 1.46445278126e-09, 1.52471624215e-09, 1.15822595959e-09, 1.48134138289e-09, 1.28985799819e-09, 9.12722564195e-10, 9.42075195631e-10, 1.12018883058e-09, 1.39194145099e-09, 1.02663100243e-09, 1.01509367578e-09, 1.37051758831e-09, 1.07044184627e-09, 1.18775089764e-09, 1.01021635501e-09, 1.65999503032e-09, 9.08401742716e-10, 8.70123750829e-10, 4.68703353906e-10, 4.08551387165e-10, 6.84180434529e-10, 5.4040266706e-10, 2.0525064981e-10, 9.24330473273e-11, 1.13665387866e-11, 4.50176598473e-13, 1.39053197667e-13, 6.20910115857e-14, 1.03454564522e-13, 9.32107852274e-14, 8.47524158601e-14, 1.05030296526e-13, 8.35565882977e-14, 1.11376748481e-13, 1.04525085419e-13, 8.07281081176e-14, 1.10909233728e-13, 1.07352359424e-13, 1.10800291739e-13, 9.92689952592e-14, 1.09140811894e-13, 1.11831157941e-13, 1.01993764725e-13, 1.13423207187e-13, 9.74657908635e-14, 7.33431124536e-14, 3.40811431268e-14, 3.19807983027e-15, 1.21690841252e-16],
        "stdev": [1.49525658344e-05, 5.53145400772e-05, 0.000297899503494, 0.00356699549593, 0.0054054427892, 0.00226932088844, 0.00214550714009, 0.00100751698483, 0.00158457900397, 0.00153308303561, 0.00199631601572, 0.00251080561429, 0.00416287407279, 0.0026572747156, 0.00166559964418, 0.00312487850897, 0.00238033686765, 0.00225304649211, 0.00252056098543, 0.00199777516536, 0.00168469198979, 0.00199772743508, 0.00157044862863, 0.00116340967361, 0.00159734650515, 0.00124139804393, 0.000830884557217, 0.000717100512702, 0.000414215726778, 0.000615965400357, 0.000255086022662, 0.000268889358267, 0.000329190574121, 0.000143698955071, 6.5257147071e-05, 0.000100035591458, 0.000179155060323, 3.69148037862e-05, 4.30468426202e-05, 4.82100294903e-05, 8.44405949465e-05, 3.46737797372e-05, 2.49024724326e-05, 6.14099335507e-05, 2.50798857451e-05, 2.49010790867e-05, 2.70066411758e-05, 2.92246859317e-05, 2.74417816399e-05, 2.8707079764e-05, 1.90157370525e-05, 1.00051756817e-05, 1.07084406409e-05, 1.08160065793e-05, 1.38753975989e-05, 2.94475867122e-05, 3.28886162606e-05, 2.84635061689e-05, 2.25440726354e-05, 1.11893032226e-05, 1.12313764475e-05, 1.1309834008e-05, 1.35802401928e-05, 7.45596980778e-06, 5.19229388374e-06, 2.62566504716e-06, 4.81539382235e-06, 2.11223850783e-05, 1.80862571142e-05, 7.84303938417e-06, 8.04918363428e-06, 8.0279460235e-06, 6.94557593306e-06, 7.7902659541e-06, 4.90274669573e-06, 2.4920634587e-06, 1.92001948562e-06, 2.22844232667e-06, 2.62575099441e-06, 2.14754322769e-06, 4.1890916691e-06, 1.47746222865e-05, 4.51321193395e-06, 2.97240194413e-06, 2.19001822188e-06, 2.45984324465e-06, 2.4430501071e-06, 1.89253364624e-06, 1.51229164658e-06, 1.34892991355e-06, 1.58760349223e-06, 1.85534076991e-06, 3.50509799318e-06, 2.95314293908e-06, 2.34237108998e-06, 1.9959184101e-06, 1.63724860158e-06, 1.46584113736e-06, 8.77611739725e-07, 3.98882860964e-07, 7.44364456295e-07, 1.43190291624e-07, 5.0897925874e-09, 2.03826799883e-09, 4.81941653252e-10, 2.56112242525e-10, 2.48469911313e-10, 2.30032173865e-10, 2.20831991582e-10, 2.12157472146e-10, 2.0423901459e-10, 1.96515817508e-10, 1.89340987333e-10, 1.82755408029e-10, 1.76720776901e-10, 1.71017366934e-10, 1.65864655344e-10, 1.60953014805e-10, 1.56708840349e-10, 1.52308707313e-10, 1.48723977578e-10, 1.45610787317e-10, 1.42821490745e-10, 1.40347164446e-10, 1.38342073908e-10, 1.3674035515e-10, 1.35527380984e-10, 1.34802738416e-10]
    },
    "mfcc": {
        "mean": [-689.797485352, 179.046524048, 1.36425995827, 21.3931446075, 0.726321816444, -11.4618930817, -8.13889122009, 0.222482949495, -9.03496170044, 4.82875061035, -13.6354866028, 6.18194484711, -7.26521539688],
        "cov": [[1210.7545166, -633.932189941, -91.4194259644, -45.0992050171, -99.1929016113, -0.648098051548, -44.878616333, 28.0163631439, 27.3579807281, 72.294342041, -9.31106376648, 22.2439880371, -34.0745506287], [-633.932189941, 987.847229004, -191.301086426, -14.9598035812, 34.5642280579, -72.8969573975, 161.011276245, -39.5122184753, 14.6549777985, 37.7293128967, -7.91230010986, 35.5603218079, 9.04465675354], [-91.4194259644, -191.301086426, 491.759094238, 20.6214427948, 73.5560913086, 78.3261108398, -42.6064834595, 7.71967411041, -3.02326583862, -23.7568244934, 58.6242637634, 20.2368049622, 17.9327220917], [-45.0992050171, -14.9598035812, 20.6214427948, 279.414154053, 64.0568237305, -15.2190933228, -54.2127685547, 11.2455320358, -7.8438949585, -8.45047569275, -16.7037296295, 33.5361709595, 3.05236101151], [-99.1929016113, 34.5642280579, 73.5560913086, 64.0568237305, 174.377593994, 2.32868409157, -18.8844032288, 13.4870500565, -5.65299415588, -4.37768316269, -4.48701238632, 18.8068351746, -8.31792640686], [-0.648098051548, -72.8969573975, 78.3261108398, -15.2190933228, 2.32868409157, 267.911315918, 81.7782592773, 31.9395236969, 28.5352172852, -40.6047325134, 77.3824920654, -64.2715911865, 32.6411781311], [-44.878616333, 161.011276245, -42.6064834595, -54.2127685547, -18.8844032288, 81.7782592773, 179.98916626, 21.3299732208, 27.2943401337, -7.15474224091, 32.4497756958, -20.1671791077, -5.03611421585], [28.0163631439, -39.5122184753, 7.71967411041, 11.2455320358, 13.4870500565, 31.9395236969, 21.3299732208, 122.989181519, 12.5478811264, -14.6637573242, -23.5273742676, -8.90086555481, 13.0169563293], [27.3579807281, 14.6549777985, -3.02326583862, -7.8438949585, -5.65299415588, 28.5352172852, 27.2943401337, 12.5478811264, 127.391967773, 41.8945922852, 14.8076505661, -42.3407783508, -7.98626565933], [72.294342041, 37.7293128967, -23.7568244934, -8.45047569275, -4.37768316269, -40.6047325134, -7.15474224091, -14.6637573242, 41.8945922852, 133.686477661, 2.9629240036, 4.05227279663, -17.7978286743], [-9.31106376648, -7.91230010986, 58.6242637634, -16.7037296295, -4.48701238632, 77.3824920654, 32.4497756958, -23.5273742676, 14.8076505661, 2.9629240036, 145.24911499, -4.55251550674, -4.15660619736], [22.2439880371, 35.5603218079, 20.2368049622, 33.5361709595, 18.8068351746, -64.2715911865, -20.1671791077, -8.90086555481, -42.3407783508, 4.05227279663, -4.55251550674, 133.157012939, 10.3240022659], [-34.0745506287, 9.04465675354, 17.9327220917, 3.05236101151, -8.31792640686, 32.6411781311, -5.03611421585, 13.0169563293, -7.98626565933, -17.7978286743, -4.15660619736, 10.3240022659, 96.8029098511]],
        "icov": [[0.00175883434713, 0.00145449012052, 0.000749506754801, 0.000187831072253, 0.000357924058335, -5.77088794671e-05, -0.000687112798914, -8.36704639369e-05, -0.000342486076988, -0.0010950997239, 0.000122309778817, -0.00112304533832, 0.000259587890469], [0.00145449012052, 0.00274135055952, 0.00105895008892, 4.33045715909e-05, -0.000454960943898, 0.000780587317422, -0.00244037667289, 0.000643434701487, -0.000355792348273, -0.00114185118582, 4.9231293815e-05, -0.00106411834713, -0.000581160653383], [0.000749506754801, 0.00105895008892, 0.0030004195869, 0.000294374593068, -0.00103701988701, -0.00066449661972, 0.000290706666419, -1.52152006194e-05, -0.000394545990275, -0.000226796269999, -0.00081612309441, -0.00119805021677, -0.000229619530728], [0.000187831072253, 4.33045715909e-05, 0.000294374593068, 0.00429976824671, -0.00127568526659, -0.000502383278217, 0.0014239664888, -0.000398584350478, -0.000488766119815, 0.000260517379502, 0.00024798233062, -0.0012148169335, 0.00020720352768], [0.000357924058335, -0.000454960943898, -0.00103701988701, -0.00127568526659, 0.00728724524379, -0.000671569432598, 0.000894070719369, -0.00097379903309, 6.77431671647e-05, -0.000160357594723, 0.000509597652126, -0.000816161395051, 0.00151593470946], [-5.77088794671e-05, 0.000780587317422, -0.00066449661972, -0.000502383278217, -0.000671569432598, 0.00750395236537, -0.00348799885251, -0.000805605668575, -0.000196426379262, 0.00129585736431, -0.00310935894959, 0.00317738438025, -0.00286575220525], [-0.000687112798914, -0.00244037667289, 0.000290706666419, 0.0014239664888, 0.000894070719369, -0.00348799885251, 0.0102989114821, -0.00191559118684, -0.0010205131257, 0.00114395469427, -0.000732939748559, -0.000560669112019, 0.00208818307146], [-8.36704639369e-05, 0.000643434701487, -1.52152006194e-05, -0.000398584350478, -0.00097379903309, -0.000805605668575, -0.00191559118684, 0.00982411112636, -0.00113547884393, 0.000686339568347, 0.00247250287794, -0.000147956292494, -0.00115245091729], [-0.000342486076988, -0.000355792348273, -0.000394545990275, -0.000488766119815, 6.77431671647e-05, -0.000196426379262, -0.0010205131257, -0.00113547884393, 0.0106886271387, -0.00349007942714, -0.000696536852047, 0.00348065700382, 1.1860259292e-05], [-0.0010950997239, -0.00114185118582, -0.000226796269999, 0.000260517379502, -0.000160357594723, 0.00129585736431, 0.00114395469427, 0.000686339568347, -0.00349007942714, 0.0101211220026, -0.000683108053636, -0.000181832292583, 0.000834463629872], [0.000122309778817, 4.9231293815e-05, -0.00081612309441, 0.00024798233062, 0.000509597652126, -0.00310935894959, -0.000732939748559, 0.00247250287794, -0.000696536852047, -0.000683108053636, 0.00956557225436, -0.00146398111247, 0.00128726440016], [-0.00112304533832, -0.00106411834713, -0.00119805021677, -0.0012148169335, -0.000816161395051, 0.00317738438025, -0.000560669112019, -0.000147956292494, 0.00348065700382, -0.000181832292583, -0.00146398111247, 0.0112563744187, -0.00219606119208], [0.000259587890469, -0.000581160653383, -0.000229619530728, 0.00020720352768, 0.00151593470946, -0.00286575220525, 0.00208818307146, -0.00115245091729, 1.1860259292e-05, 0.000834463629872, 0.00128726440016, -0.00219606119208, 0.0123160015792]]
    },
    "spectral_contrast_coeffs": {
        "max": [-0.357682973146, -0.446245223284, -0.47413444519, -0.627337276936, -0.657098889351, -0.615832567215],
        "mean": [-0.61819678545, -0.669190704823, -0.722152411938, -0.783358335495, -0.794888913631, -0.784980595112],
        "min": [-0.927151918411, -0.911118149757, -0.885853409767, -0.891442596912, -0.890330195427, -0.952858626842],
        "stdev": [0.0722926408052, 0.0816020816565, 0.0667022019625, 0.0419514812529, 0.0358980111778, 0.0327627658844]
    },
    "spectral_contrast_valleys": {
        "max": [-5.30807733536, -4.91019248962, -6.14192914963, -6.46844482422, -6.2479057312, -8.54179573059],
        "mean": [-6.73911333084, -6.67554807663, -7.66979694366, -8.20401382446, -8.27688026428, -11.4339370728],
        "min": [-8.40577602386, -8.44302177429, -9.12585830688, -9.78714561462, -10.2258281708, -12.8519716263],
        "stdev": [0.497903704643, 0.458463996649, 0.4466406703, 0.440015792847, 0.518231332302, 0.655254423618]
    }
},
"rhythm": {
    "beats_count": 84,
    "beats_loudness": {
        "max": 0.0782806053758,
        "mean": 0.0348966531456,
        "min": 0.00804839096963,
        "stdev": 0.015202020295
    },
    "bpm": 105.325050354,
    "bpm_histogram_first_peak_bpm": 105,
    "bpm_histogram_first_peak_weight": 0.447368383408,
    "bpm_histogram_second_peak_bpm": 99,
    "bpm_histogram_second_peak_spread": 0,
    "bpm_histogram_second_peak_weight": 0.0361445769668,
    "danceability": 1.0371465683,
    "onset_rate": 3.240234375,
    "beats_loudness_band_ratio": {
        "max": [0.90209376812, 0.854953110218, 0.803253769875, 0.395655632019, 0.149470865726, 0.283096581697],
        "mean": [0.316087186337, 0.379110008478, 0.279726564884, 0.0582927986979, 0.0240905676037, 0.0147988069803],
        "min": [0.022828515619, 0.0452826395631, 0.0170350056142, 0.00191088754218, 0.000596148020122, 0.000231850528507],
        "stdev": [0.241278678179, 0.212891295552, 0.209888294339, 0.0640612691641, 0.0264092311263, 0.0396234206855]
    },
